product_data/regression_test/downloaded_data/MGDS/320620060703/ctd/adapted/heads_insert_p6614901.cnv
* Sea-Bird SBE 9 Data File:
* FileName = D:\Data\Raw\p6614901.dat
* Software Version Seasave Win32 V 5.32
* Temperature SN = 1649
* Conductivity SN = 1431
* Number of Bytes Per Scan = 37
* Number of Voltage Words = 5
* Number of Scans Averaged by the Deck Unit = 1
* NMEA Latitude = 60 34.28 S
* NMEA Longitude = 056 44.74 W
* NMEA UTC (Time) = 06:09:01
** Ship:   Nathaniel B. Palmer 
** Cruise:    NBP0606 
# nquan = 15
# nvalues = 999                         
# units = specified
# name 0 = prDM: Pressure, Digiquartz [db]
# name 1 = t090C: Temperature [ITS-90, deg C]
# name 2 = c0S/m: Conductivity [S/m]
# name 3 = t190C: Temperature, 2 [ITS-90, deg C]
# name 4 = c1S/m: Conductivity, 2 [S/m]
# name 5 = sbeox0ML/L: Oxygen, SBE 43 [ml/l]
# name 6 = flECO-AFL: Fluorescence, Wetlab ECO-AFL/FL [mg/m^3]
# name 7 = bat: Beam Attenuation, Chelsea/Seatech/Wetlab CStar [1/m]
# name 8 = spar: SPAR/Surface Irradiance
# name 9 = latitude: Latitude [deg]
# name 10 = longitude: Longitude [deg]
# name 11 = timeY: Time, System [seconds]
# name 12 = timeJ: Julian Days
# name 13 = sal00: Salinity [PSU]
# name 14 = flag: flag
# span 0 =      3.000,   1001.000       
# span 1 =    -0.9424,     2.1097       
# span 2 =   2.747340,   3.082406       
# span 3 =    -0.9417,     2.1102       
# span 4 =   2.747894,   3.082759       
# span 5 =    4.34663,    8.02770       
# span 6 =    -0.0930,     0.2790       
# span 7 =    13.8155,    13.8155       
# span 8 = 0.0000e+00, 0.0000e+00       
# span 9 =  -60.57133,  -60.57133       
# span 10 =  -56.74567,  -56.74567      
# span 11 = 1153202950, 1153204330      
# span 12 = 199.256375, 199.272356      
# span 13 =    33.9011,    34.7245      
# span 14 = 0.0000e+00, 0.0000e+00      
# interval = decibars: 1                
# start_time = Jul 18 2006 06:09:09
# bad_flag = -9.990e-29
*END*
[from data line 675]
    677.000     1.9444   3.079585     1.9446   3.079945    4.51609    -0.0789    13.8155 0.0000e+00  -60.57133  -56.74567 1153203908 199.267472    34.7002 0.0000e+00
    678.000     1.9450   3.079686     1.9453   3.080044    4.51706    -0.0734    13.8155 0.0000e+00  -60.57133  -56.74567 1153203910 199.267498    34.7002 0.0000e+00
    679.000     1.9446   3.079690     1.9447   3.080056    4.51920    -0.0709    13.8155 0.0000e+00  -60.57133  -56.74567 1153203911 199.267513    34.7002 0.0000e+00
    680.000     1.9446   3.079751     1.9450   3.080118    4.52052    -0.0610    13.8155 0.0000e+00  -60.57133  -56.74567 1153203912 199.267524    34.7004 0.0000e+00
    681.000     1.9447   3.079807     1.9451   3.080177    4.52209    -0.0702    13.8155 0.0000e+00  -60.57133  -56.74567 1153203913 199.267535    34.7004 0.0000e+00
    682.000     1.9449   3.079858     1.9452   3.080230    4.52449    -0.0751    13.8155 0.0000e+00  -60.57133  -56.74567 1153203914 199.267548    34.7002 0.0000e+00
    683.000     1.9453   3.079937     1.9456   3.080301    4.52307    -0.0603    13.8155 0.0000e+00  -60.57133  -56.74567 1153203915 199.267561    34.7003 0.0000e+00
    684.000     1.9478   3.080209     1.9480   3.080564    4.52358    -0.0726    13.8155 0.0000e+00  -60.57133  -56.74567 1153203916 199.267573    34.7003 0.0000e+00
    685.000     1.9479   3.080252     1.9482   3.080618    4.52481    -0.0808    13.8155 0.0000e+00  -60.57133  -56.74567 1153203918 199.267586    34.7001 0.0000e+00
    686.000     1.9482   3.080320     1.9484   3.080682    4.52438    -0.0646    13.8155 0.0000e+00  -60.57133  -56.74567 1153203919 199.267603    34.7001 0.0000e+00
    687.000     1.9472   3.080272     1.9473   3.080627    4.52057    -0.0703    13.8155 0.0000e+00  -60.57133  -56.74567 1153203921 199.267625    34.7001 0.0000e+00
    688.000     1.9455   3.080185     1.9458   3.080559    4.52047    -0.0674    13.8155 0.0000e+00  -60.57133  -56.74567 1153203923 199.267643    34.7004 0.0000e+00
    689.000     1.9460   3.080274     1.9462   3.080632    4.52198    -0.0722    13.8155 0.0000e+00  -60.57133  -56.74567 1153203924 199.267659    34.7004 0.0000e+00
    690.000     1.9467   3.080368     1.9468   3.080730    4.52501    -0.0673    13.8155 0.0000e+00  -60.57133  -56.74567 1153203925 199.267671    34.7002 0.0000e+00
    691.000     1.9455   3.080330     1.9458   3.080707    4.52627    -0.0684    13.8155 0.0000e+00  -60.57133  -56.74567 1153203926 199.267681    34.7005 0.0000e+00
    692.000     1.9432   3.080186     1.9439   3.080613    4.52499    -0.0661    13.8155 0.0000e+00  -60.57133  -56.74567 1153203927 199.267690    34.7007 0.0000e+00
    693.000     1.9439   3.080301     1.9436   3.080615    4.52417    -0.0634    13.8155 0.0000e+00  -60.57133  -56.74567 1153203928 199.267701    34.7008 0.0000e+00
    694.000     1.9418   3.080185     1.9410   3.080496    4.52700    -0.0628    13.8155 0.0000e+00  -60.57133  -56.74567 1153203929 199.267719    34.7011 0.0000e+00
    695.000     1.9364   3.079813     1.9369   3.080211    4.53235    -0.0743    13.8155 0.0000e+00  -60.57133  -56.74567 1153203931 199.267744    34.7021 0.0000e+00
    696.000     1.9278   3.079214     1.9230   3.079282    4.53306    -0.0715    13.8155 0.0000e+00  -60.57133  -56.74567 1153203932 199.267758    34.7033 0.0000e+00
    697.000     1.9199   3.078716     1.9202   3.079099    4.53364    -0.0700    13.8155 0.0000e+00  -60.57133  -56.74567 1153203933 199.267769    34.7056 0.0000e+00
    698.000     1.9209   3.078828     1.9208   3.079167    4.53437    -0.0785    13.8155 0.0000e+00  -60.57133  -56.74567 1153203935 199.267782    34.7052 0.0000e+00
    699.000     1.9193   3.078744     1.9193   3.079110    4.53781    -0.0632    13.8155 0.0000e+00  -60.57133  -56.74567 1153203936 199.267803    34.7053 0.0000e+00
    700.000     1.9186   3.078752     1.9191   3.079136    4.54134    -0.0601    13.8155 0.0000e+00  -60.57133  -56.74567 1153203938 199.267818    34.7055 0.0000e+00
    701.000     1.9181   3.078765     1.9190   3.079165    4.54258    -0.0613    13.8155 0.0000e+00  -60.57133  -56.74567 1153203939 199.267829    34.7056 0.0000e+00
    702.000     1.9180   3.078796     1.9183   3.079177    4.54419    -0.0668    13.8155 0.0000e+00  -60.57133  -56.74567 1153203939 199.267838    34.7056 0.0000e+00
    703.000     1.9170   3.078763     1.9169   3.079132    4.54587    -0.0716    13.8155 0.0000e+00  -60.57133  -56.74567 1153203940 199.267847    34.7056 0.0000e+00
    704.000     1.9164   3.078771     1.9164   3.079127    4.54602    -0.0624    13.8155 0.0000e+00  -60.57133  -56.74567 1153203942 199.267863    34.7058 0.0000e+00
    705.000     1.9171   3.078891     1.9175   3.079255    4.54478    -0.0750    13.8155 0.0000e+00  -60.57133  -56.74567 1153203945 199.267900    34.7059 0.0000e+00
    706.000     1.9155   3.078802     1.9158   3.079192    4.54506    -0.0638    13.8155 0.0000e+00  -60.57133  -56.74567 1153203946 199.267910    34.7061 0.0000e+00
    707.000     1.9149   3.078809     1.9148   3.079163    4.54520    -0.0649    13.8155 0.0000e+00  -60.57133  -56.74567 1153203946 199.267919    34.7062 0.0000e+00
    708.000     1.9147   3.078826     1.9147   3.079200    4.54548    -0.0586    13.8155 0.0000e+00  -60.57133  -56.74567 1153203947 199.267927    34.7061 0.0000e+00
    709.000     1.9144   3.078854     1.9146   3.079233    4.54666    -0.0762    13.8155 0.0000e+00  -60.57133  -56.74567 1153203948 199.267935    34.7061 0.0000e+00
    710.000     1.9141   3.078882     1.9144   3.079256    4.54736    -0.0603    13.8155 0.0000e+00  -60.57133  -56.74567 1153203949 199.267954    34.7063 0.0000e+00
    711.000     1.9146   3.078972     1.9149   3.079336    4.54839    -0.0585    13.8155 0.0000e+00  -60.57133  -56.74567 1153203952 199.267979    34.7062 0.0000e+00
    712.000     1.9138   3.078968     1.9142   3.079333    4.54865    -0.0785    13.8155 0.0000e+00  -60.57133  -56.74567 1153203953 199.267992    34.7065 0.0000e+00
    713.000     1.9133   3.078972     1.9134   3.079331    4.54899    -0.0615    13.8155 0.0000e+00  -60.57133  -56.74567 1153203954 199.268002    34.7066 0.0000e+00
    714.000     1.9130   3.078990     1.9132   3.079359    4.54951    -0.0789    13.8155 0.0000e+00  -60.57133  -56.74567 1153203954 199.268013    34.7066 0.0000e+00
    715.000     1.9125   3.078998     1.9128   3.079369    4.55093    -0.0647    13.8155 0.0000e+00  -60.57133  -56.74567 1153203956 199.268026    34.7066 0.0000e+00
    716.000     1.9127   3.079051     1.9129   3.079417    4.55412    -0.0716    13.8155 0.0000e+00  -60.57133  -56.74567 1153203958 199.268048    34.7066 0.0000e+00
    717.000     1.9117   3.079032     1.9120   3.079409    4.55638    -0.0792    13.8155 0.0000e+00  -60.57133  -56.74567 1153203959 199.268065    34.7069 0.0000e+00
    718.000     1.9109   3.079017     1.9110   3.079377    4.55749    -0.0510    13.8155 0.0000e+00  -60.57133  -56.74567 1153203960 199.268077    34.7070 0.0000e+00
    719.000     1.9105   3.079035     1.9108   3.079404    4.55703    -0.0635    13.8155 0.0000e+00  -60.57133  -56.74567 1153203961 199.268090    34.7071 0.0000e+00
    720.000     1.9098   3.079027     1.9099   3.079388    4.55518    -0.0633    13.8155 0.0000e+00  -60.57133  -56.74567 1153203962 199.268105    34.7072 0.0000e+00
    721.000     1.9093   3.079040     1.9096   3.079411    4.55501    -0.0697    13.8155 0.0000e+00  -60.57133  -56.74567 1153203964 199.268121    34.7074 0.0000e+00
    722.000     1.9089   3.079055     1.9095   3.079445    4.55533    -0.0556    13.8155 0.0000e+00  -60.57133  -56.74567 1153203965 199.268134    34.7074 0.0000e+00
    723.000     1.9089   3.079097     1.9091   3.079472    4.55570    -0.0532    13.8155 0.0000e+00  -60.57133  -56.74567 1153203966 199.268145    34.7074 0.0000e+00
    724.000     1.9079   3.079064     1.9082   3.079440    4.55634    -0.0620    13.8155 0.0000e+00  -60.57133  -56.74567 1153203967 199.268157    34.7075 0.0000e+00
    725.000     1.9070   3.079037     1.9068   3.079372    4.55768    -0.0696    13.8155 0.0000e+00  -60.57133  -56.74567 1153203969 199.268176    34.7076 0.0000e+00
    726.000     1.9057   3.078990     1.9056   3.079328    4.56096    -0.0867    13.8155 0.0000e+00  -60.57133  -56.74567 1153203970 199.268198    34.7079 0.0000e+00
    727.000     1.9051   3.078984     1.9052   3.079354    4.56192    -0.0677    13.8155 0.0000e+00  -60.57133  -56.74567 1153203972 199.268212    34.7080 0.0000e+00
    728.000     1.9009   3.078700     1.9004   3.079037    4.56510    -0.0798    13.8155 0.0000e+00  -60.57133  -56.74567 1153203973 199.268224    34.7085 0.0000e+00
    729.000     1.8978   3.078527     1.8984   3.078919    4.56550    -0.0782    13.8155 0.0000e+00  -60.57133  -56.74567 1153203974 199.268235    34.7093 0.0000e+00
    730.000     1.8983   3.078609     1.8993   3.079023    4.56580    -0.0770    13.8155 0.0000e+00  -60.57133  -56.74567 1153203975 199.268247    34.7092 0.0000e+00
    731.000     1.9013   3.078879     1.9019   3.079271    4.56602    -0.0646    13.8155 0.0000e+00  -60.57133  -56.74567 1153203976 199.268261    34.7085 0.0000e+00
    732.000     1.9003   3.078853     1.9009   3.079238    4.56628    -0.0574    13.8155 0.0000e+00  -60.57133  -56.74567 1153203977 199.268273    34.7088 0.0000e+00
    733.000     1.9010   3.078942     1.9013   3.079316    4.56545    -0.0593    13.8155 0.0000e+00  -60.57133  -56.74567 1153203978 199.268286    34.7087 0.0000e+00
    734.000     1.9022   3.079079     1.9025   3.079444    4.56326    -0.0602    13.8155 0.0000e+00  -60.57133  -56.74567 1153203980 199.268306    34.7083 0.0000e+00
    735.000     1.9021   3.079110     1.9028   3.079509    4.56396    -0.0708    13.8155 0.0000e+00  -60.57133  -56.74567 1153203982 199.268333    34.7083 0.0000e+00
    736.000     1.9033   3.079255     1.9035   3.079615    4.56316    -0.0812    13.8155 0.0000e+00  -60.57133  -56.74567 1153203983 199.268349    34.7082 0.0000e+00
    737.000     1.9029   3.079270     1.9031   3.079639    4.56522    -0.0636    13.8155 0.0000e+00  -60.57133  -56.74567 1153203985 199.268361    34.7083 0.0000e+00
    738.000     1.8996   3.079059     1.8997   3.079422    4.56634    -0.0675    13.8155 0.0000e+00  -60.57133  -56.74567 1153203986 199.268373    34.7088 0.0000e+00
    739.000     1.8972   3.078923     1.8972   3.079288    4.56735    -0.0720    13.8155 0.0000e+00  -60.57133  -56.74567 1153203986 199.268383    34.7093 0.0000e+00
    740.000     1.8966   3.078921     1.8966   3.079291    4.56751    -0.0610    13.8155 0.0000e+00  -60.57133  -56.74567 1153203987 199.268393    34.7094 0.0000e+00
    741.000     1.8963   3.078942     1.8966   3.079324    4.56816    -0.0804    13.8155 0.0000e+00  -60.57133  -56.74567 1153203988 199.268403    34.7094 0.0000e+00
    742.000     1.8943   3.078820     1.8945   3.079203    4.56765    -0.0761    13.8155 0.0000e+00  -60.57133  -56.74567 1153203989 199.268412    34.7095 0.0000e+00
    743.000     1.8934   3.078800     1.8936   3.079178    4.56699    -0.0832    13.8155 0.0000e+00  -60.57133  -56.74567 1153203990 199.268423    34.7097 0.0000e+00
    744.000     1.8943   3.078923     1.8944   3.079273    4.57014    -0.0646    13.8155 0.0000e+00  -60.57133  -56.74567 1153203993 199.268456    34.7096 0.0000e+00
    745.000     1.8941   3.078971     1.8950   3.079373    4.57721    -0.0676    13.8155 0.0000e+00  -60.57133  -56.74567 1153203996 199.268488    34.7099 0.0000e+00
    746.000     1.8911   3.078780     1.8913   3.079152    4.57752    -0.0828    13.8155 0.0000e+00  -60.57133  -56.74567 1153203996 199.268497    34.7102 0.0000e+00
    747.000     1.8909   3.078791     1.8910   3.079178    4.57630    -0.0857    13.8155 0.0000e+00  -60.57133  -56.74567 1153203997 199.268505    34.7101 0.0000e+00
    748.000     1.8914   3.078869     1.8913   3.079241    4.57516    -0.0655    13.8155 0.0000e+00  -60.57133  -56.74567 1153203998 199.268512    34.7099 0.0000e+00
    749.000     1.8914   3.078915     1.8913   3.079284    4.57579    -0.0601    13.8155 0.0000e+00  -60.57133  -56.74567 1153203998 199.268519    34.7099 0.0000e+00
    750.000     1.8912   3.078931     1.8912   3.079300    4.57588    -0.0674    13.8155 0.0000e+00  -60.57133  -56.74567 1153203999 199.268527    34.7097 0.0000e+00
    751.000     1.8904   3.078945     1.8908   3.079313    4.57603    -0.0625    13.8155 0.0000e+00  -60.57133  -56.74567 1153204001 199.268553    34.7102 0.0000e+00
    752.000     1.8895   3.078903     1.8889   3.079223    4.57620    -0.0716    13.8155 0.0000e+00  -60.57133  -56.74567 1153204003 199.268580    34.7101 0.0000e+00
    753.000     1.8820   3.078372     1.8822   3.078766    4.57366    -0.0599    13.8155 0.0000e+00  -60.57133  -56.74567 1153204004 199.268591    34.7113 0.0000e+00
    754.000     1.8811   3.078357     1.8813   3.078732    4.57434    -0.0598    13.8155 0.0000e+00  -60.57133  -56.74567 1153204005 199.268601    34.7116 0.0000e+00
    755.000     1.8805   3.078345     1.8805   3.078703    4.57596    -0.0589    13.8155 0.0000e+00  -60.57133  -56.74567 1153204006 199.268611    34.7116 0.0000e+00
    756.000     1.8807   3.078407     1.8810   3.078788    4.57836    -0.0772    13.8155 0.0000e+00  -60.57133  -56.74567 1153204007 199.268624    34.7115 0.0000e+00
    757.000     1.8793   3.078335     1.8796   3.078717    4.57959    -0.0650    13.8155 0.0000e+00  -60.57133  -56.74567 1153204009 199.268642    34.7116 0.0000e+00
    758.000     1.8790   3.078360     1.8792   3.078744    4.58052    -0.0728    13.8155 0.0000e+00  -60.57133  -56.74567 1153204010 199.268655    34.7116 0.0000e+00
    759.000     1.8778   3.078317     1.8781   3.078700    4.58091    -0.0727    13.8155 0.0000e+00  -60.57133  -56.74567 1153204011 199.268667    34.7119 0.0000e+00
    760.000     1.8770   3.078303     1.8773   3.078677    4.58370    -0.0616    13.8155 0.0000e+00  -60.57133  -56.74567 1153204012 199.268683    34.7120 0.0000e+00
    761.000     1.8766   3.078302     1.8768   3.078679    4.58878    -0.0707    13.8155 0.0000e+00  -60.57133  -56.74567 1153204014 199.268706    34.7119 0.0000e+00
    762.000     1.8758   3.078301     1.8762   3.078689    4.58954    -0.0735    13.8155 0.0000e+00  -60.57133  -56.74567 1153204016 199.268722    34.7122 0.0000e+00
    763.000     1.8746   3.078250     1.8747   3.078631    4.58974    -0.0737    13.8155 0.0000e+00  -60.57133  -56.74567 1153204017 199.268733    34.7123 0.0000e+00
    764.000     1.8746   3.078308     1.8749   3.078686    4.58989    -0.0611    13.8155 0.0000e+00  -60.57133  -56.74567 1153204018 199.268743    34.7124 0.0000e+00
    765.000     1.8746   3.078345     1.8748   3.078709    4.58982    -0.0592    13.8155 0.0000e+00  -60.57133  -56.74567 1153204018 199.268752    34.7123 0.0000e+00
    766.000     1.8746   3.078397     1.8749   3.078769    4.58903    -0.0749    13.8155 0.0000e+00  -60.57133  -56.74567 1153204019 199.268763    34.7124 0.0000e+00
    767.000     1.8745   3.078425     1.8749   3.078804    4.58910    -0.0686    13.8155 0.0000e+00  -60.57133  -56.74567 1153204021 199.268786    34.7123 0.0000e+00
    768.000     1.8748   3.078499     1.8750   3.078863    4.59205    -0.0756    13.8155 0.0000e+00  -60.57133  -56.74567 1153204024 199.268814    34.7123 0.0000e+00
    769.000     1.8743   3.078507     1.8748   3.078896    4.58964    -0.0692    13.8155 0.0000e+00  -60.57133  -56.74567 1153204025 199.268829    34.7124 0.0000e+00
    770.000     1.8740   3.078526     1.8741   3.078893    4.58983    -0.0712    13.8155 0.0000e+00  -60.57133  -56.74567 1153204026 199.268840    34.7125 0.0000e+00
    771.000     1.8739   3.078556     1.8741   3.078938    4.59026    -0.0924    13.8155 0.0000e+00  -60.57133  -56.74567 1153204027 199.268849    34.7124 0.0000e+00
    772.000     1.8737   3.078607     1.8741   3.078973    4.59030    -0.0718    13.8155 0.0000e+00  -60.57133  -56.74567 1153204028 199.268859    34.7126 0.0000e+00
