product_data/regression_test/downloaded_data/MGDS/320620060703/ctd/adapted/heads_insert_p6623801.cnv
* Sea-Bird SBE 9 Data File:
* FileName = D:\Data\Raw\p6623801.dat
* Software Version Seasave Win32 V 5.32
* Temperature SN = 1649
* Conductivity SN = 1431
* Number of Bytes Per Scan = 37
* Number of Voltage Words = 5
* Number of Scans Averaged by the Deck Unit = 1
* NMEA Latitude = 61 28.98 S
* NMEA Longitude = 053 51.85 W
* NMEA UTC (Time) = 01:59:52
** Ship:   Nathaniel B. Palmer 
** Cruise:    NBP0606 
# nquan = 15
# nvalues = 600                         
# units = specified
# name 0 = prDM: Pressure, Digiquartz [db]
# name 1 = t090C: Temperature [ITS-90, deg C]
# name 2 = c0S/m: Conductivity [S/m]
# name 3 = t190C: Temperature, 2 [ITS-90, deg C]
# name 4 = c1S/m: Conductivity, 2 [S/m]
# name 5 = sbeox0ML/L: Oxygen, SBE 43 [ml/l]
# name 6 = flECO-AFL: Fluorescence, Wetlab ECO-AFL/FL [mg/m^3]
# name 7 = bat: Beam Attenuation, Chelsea/Seatech/Wetlab CStar [1/m]
# name 8 = spar: SPAR/Surface Irradiance
# name 9 = latitude: Latitude [deg]
# name 10 = longitude: Longitude [deg]
# name 11 = timeY: Time, System [seconds]
# name 12 = timeJ: Julian Days
# name 13 = sal00: Salinity [PSU]
# name 14 = flag: flag
# span 0 =      1.000,    600.000       
# span 1 =    -1.7522,    -0.4663       
# span 2 =   2.701868,   2.857692       
# span 3 =    -1.7520,    -0.4659       
# span 4 =   2.702291,   2.857742       
# span 5 =    6.18909,    7.51119       
# span 6 =    -0.1137,     0.0284       
# span 7 =    13.8155,    13.8155       
# span 8 = 0.0000e+00, 0.0000e+00       
# span 9 =  -61.48300,  -61.48300       
# span 10 =  -53.86417,  -53.86417      
# span 11 = 1155002483, 1155003387      
# span 12 = 220.084279, 220.094768      
# span 13 =    34.2629,    34.5543      
# span 14 = 0.0000e+00, 0.0000e+00      
# interval = decibars: 1                
# start_time = Aug 08 2006 02:01:29
# bad_flag = -9.990e-29
*END*
[from data line 290]
    290.000    -0.6749   2.822071    -0.6738   2.822157    6.49627    -0.0904    13.8155 0.0000e+00  -61.48300  -53.86417 1155002955 220.089775    34.4988 0.0000e+00
    291.000    -0.6737   2.822248    -0.6727   2.822312    6.49364    -0.0571    13.8155 0.0000e+00  -61.48300  -53.86417 1155002956 220.089790    34.4990 0.0000e+00
    292.000    -0.6732   2.822348    -0.6718   2.822444    6.49116    -0.0514    13.8155 0.0000e+00  -61.48300  -53.86417 1155002958 220.089804    34.4993 0.0000e+00
    293.000    -0.6700   2.822679    -0.6686   2.822782    6.48700    -0.0784    13.8155 0.0000e+00  -61.48300  -53.86417 1155002959 220.089819    34.4994 0.0000e+00
    294.000    -0.6664   2.823082    -0.6652   2.823145    6.48222    -0.0849    13.8155 0.0000e+00  -61.48300  -53.86417 1155002960 220.089833    34.5001 0.0000e+00
    295.000    -0.6628   2.823453    -0.6619   2.823509    6.48005    -0.0867    13.8155 0.0000e+00  -61.48300  -53.86417 1155002961 220.089848    34.5003 0.0000e+00
    296.000    -0.6632   2.823466    -0.6622   2.823537    6.47930    -0.0943    13.8155 0.0000e+00  -61.48300  -53.86417 1155002963 220.089862    34.5004 0.0000e+00
    297.000    -0.6626   2.823567    -0.6617   2.823622    6.47545    -0.0904    13.8155 0.0000e+00  -61.48300  -53.86417 1155002964 220.089877    34.5006 0.0000e+00
    298.000    -0.6601   2.823845    -0.6591   2.823900    6.47467    -0.0766    13.8155 0.0000e+00  -61.48300  -53.86417 1155002965 220.089891    34.5009 0.0000e+00
    299.000    -0.6598   2.823907    -0.6592   2.823953    6.47220    -0.0462    13.8155 0.0000e+00  -61.48300  -53.86417 1155002966 220.089905    34.5008 0.0000e+00
    300.000    -0.6575   2.824188    -0.6577   2.824128    6.47091    -0.0887    13.8155 0.0000e+00  -61.48300  -53.86417 1155002968 220.089919    34.5012 0.0000e+00
    301.000    -0.6547   2.824504    -0.6534   2.824577    6.46939    -0.0849    13.8155 0.0000e+00  -61.48300  -53.86417 1155002969 220.089934    34.5017 0.0000e+00
    302.000    -0.6516   2.824884    -0.6495   2.825048    6.46920    -0.0756    13.8155 0.0000e+00  -61.48300  -53.86417 1155002970 220.089948    34.5026 0.0000e+00
    303.000    -0.6514   2.824950    -0.6505   2.825023    6.47089    -0.0739    13.8155 0.0000e+00  -61.48300  -53.86417 1155002971 220.089963    34.5027 0.0000e+00
    304.000    -0.6550   2.824680    -0.6528   2.824851    6.47081    -0.0586    13.8155 0.0000e+00  -61.48300  -53.86417 1155002973 220.089977    34.5028 0.0000e+00
    305.000    -0.6593   2.824317    -0.6565   2.824587    6.47305    -0.0552    13.8155 0.0000e+00  -61.48300  -53.86417 1155002974 220.089992    34.5023 0.0000e+00
    306.000    -0.6697   2.823449    -0.6695   2.823528    6.47706    -0.0668    13.8155 0.0000e+00  -61.48300  -53.86417 1155002975 220.090006    34.5019 0.0000e+00
    307.000    -0.6875   2.821929    -0.6879   2.821937    6.47837    -0.0740    13.8155 0.0000e+00  -61.48300  -53.86417 1155002976 220.090021    34.5016 0.0000e+00
    308.000    -0.6918   2.821605    -0.6935   2.821467    6.48190    -0.0779    13.8155 0.0000e+00  -61.48300  -53.86417 1155002978 220.090035    34.5017 0.0000e+00
    309.000    -0.7037   2.820591    -0.7039   2.820626    6.48600    -0.0750    13.8155 0.0000e+00  -61.48300  -53.86417 1155002979 220.090049    34.5012 0.0000e+00
    310.000    -0.7045   2.820596    -0.7039   2.820666    6.49084    -0.1035    13.8155 0.0000e+00  -61.48300  -53.86417 1155002980 220.090063    34.5016 0.0000e+00
    311.000    -0.7044   2.820662    -0.7036   2.820737    6.48830    -0.0696    13.8155 0.0000e+00  -61.48300  -53.86417 1155002981 220.090078    34.5015 0.0000e+00
    312.000    -0.7044   2.820713    -0.7035   2.820798    6.48836    -0.0803    13.8155 0.0000e+00  -61.48300  -53.86417 1155002983 220.090092    34.5014 0.0000e+00
    313.000    -0.7045   2.820753    -0.7035   2.820858    6.48894    -0.0684    13.8155 0.0000e+00  -61.48300  -53.86417 1155002984 220.090107    34.5013 0.0000e+00
    314.000    -0.7053   2.820736    -0.7048   2.820789    6.49024    -0.0833    13.8155 0.0000e+00  -61.48300  -53.86417 1155002985 220.090121    34.5013 0.0000e+00
    315.000    -0.7082   2.820524    -0.7075   2.820609    6.49078    -0.0597    13.8155 0.0000e+00  -61.48300  -53.86417 1155002986 220.090136    34.5011 0.0000e+00
    316.000    -0.7093   2.820501    -0.7080   2.820615    6.48909    -0.0855    13.8155 0.0000e+00  -61.48300  -53.86417 1155002988 220.090150    34.5015 0.0000e+00
    317.000    -0.7073   2.820728    -0.7063   2.820812    6.48765    -0.0676    13.8155 0.0000e+00  -61.48300  -53.86417 1155002989 220.090164    34.5015 0.0000e+00
    318.000    -0.7067   2.820823    -0.7063   2.820862    6.48832    -0.0663    13.8155 0.0000e+00  -61.48300  -53.86417 1155002990 220.090179    34.5015 0.0000e+00
    319.000    -0.7053   2.821008    -0.7045   2.821078    6.48909    -0.1041    13.8155 0.0000e+00  -61.48300  -53.86417 1155002991 220.090193    34.5016 0.0000e+00
    320.000    -0.7055   2.821041    -0.7043   2.821148    6.49023    -0.0888    13.8155 0.0000e+00  -61.48300  -53.86417 1155002993 220.090207    34.5016 0.0000e+00
    321.000    -0.7046   2.821182    -0.7035   2.821273    6.49110    -0.0701    13.8155 0.0000e+00  -61.48300  -53.86417 1155002994 220.090222    34.5018 0.0000e+00
    322.000    -0.7043   2.821245    -0.7034   2.821333    6.49174    -0.0635    13.8155 0.0000e+00  -61.48300  -53.86417 1155002995 220.090237    34.5017 0.0000e+00
    323.000    -0.7052   2.821212    -0.7041   2.821325    6.49082    -0.0731    13.8155 0.0000e+00  -61.48300  -53.86417 1155002997 220.090253    34.5017 0.0000e+00
    324.000    -0.7069   2.821116    -0.7060   2.821193    6.48877    -0.0705    13.8155 0.0000e+00  -61.48300  -53.86417 1155002998 220.090269    34.5018 0.0000e+00
    325.000    -0.7064   2.821219    -0.7050   2.821330    6.48960    -0.0997    13.8155 0.0000e+00  -61.48300  -53.86417 1155002999 220.090286    34.5019 0.0000e+00
    326.000    -0.7053   2.821366    -0.7045   2.821437    6.49040    -0.0734    13.8155 0.0000e+00  -61.48300  -53.86417 1155003001 220.090302    34.5020 0.0000e+00
    327.000    -0.7066   2.821318    -0.7058   2.821391    6.48813    -0.0886    13.8155 0.0000e+00  -61.48300  -53.86417 1155003002 220.090318    34.5023 0.0000e+00
    328.000    -0.7071   2.821333    -0.7063   2.821402    6.48821    -0.0648    13.8155 0.0000e+00  -61.48300  -53.86417 1155003003 220.090334    34.5025 0.0000e+00
    329.000    -0.7070   2.821409    -0.7060   2.821492    6.48882    -0.0747    13.8155 0.0000e+00  -61.48300  -53.86417 1155003005 220.090350    34.5027 0.0000e+00
    330.000    -0.7072   2.821436    -0.7064   2.821511    6.49347    -0.1137    13.8155 0.0000e+00  -61.48300  -53.86417 1155003006 220.090366    34.5026 0.0000e+00
    331.000    -0.7082   2.821388    -0.7076   2.821451    6.49172    -0.0781    13.8155 0.0000e+00  -61.48300  -53.86417 1155003008 220.090382    34.5026 0.0000e+00
    332.000    -0.7081   2.821462    -0.7076   2.821500    6.49059    -0.0771    13.8155 0.0000e+00  -61.48300  -53.86417 1155003009 220.090398    34.5028 0.0000e+00
    333.000    -0.7072   2.821585    -0.7064   2.821659    6.48842    -0.0849    13.8155 0.0000e+00  -61.48300  -53.86417 1155003010 220.090414    34.5029 0.0000e+00
    334.000    -0.7065   2.821700    -0.7056   2.821774    6.48858    -0.0683    13.8155 0.0000e+00  -61.48300  -53.86417 1155003012 220.090430    34.5030 0.0000e+00
    335.000    -0.7086   2.821550    -0.7075   2.821659    6.49001    -0.0619    13.8155 0.0000e+00  -61.48300  -53.86417 1155003013 220.090447    34.5028 0.0000e+00
    336.000    -0.7092   2.821554    -0.7082   2.821633    6.49181    -0.0789    13.8155 0.0000e+00  -61.48300  -53.86417 1155003015 220.090463    34.5029 0.0000e+00
    337.000    -0.7092   2.821595    -0.7083   2.821671    6.49096    -0.0844    13.8155 0.0000e+00  -61.48300  -53.86417 1155003016 220.090479    34.5028 0.0000e+00
    338.000    -0.7114   2.821487    -0.7103   2.821590    6.49073    -0.0725    13.8155 0.0000e+00  -61.48300  -53.86417 1155003017 220.090495    34.5034 0.0000e+00
    339.000    -0.7163   2.821112    -0.7165   2.821126    6.49131    -0.0883    13.8155 0.0000e+00  -61.48300  -53.86417 1155003019 220.090511    34.5032 0.0000e+00
    340.000    -0.7274   2.820236    -0.7267   2.820324    6.49197    -0.0780    13.8155 0.0000e+00  -61.48300  -53.86417 1155003020 220.090528    34.5038 0.0000e+00
    341.000    -0.7301   2.820103    -0.7293   2.820186    6.49553    -0.0751    13.8155 0.0000e+00  -61.48300  -53.86417 1155003022 220.090544    34.5045 0.0000e+00
    342.000    -0.7289   2.820291    -0.7279   2.820380    6.49790    -0.0611    13.8155 0.0000e+00  -61.48300  -53.86417 1155003023 220.090560    34.5050 0.0000e+00
    343.000    -0.7279   2.820458    -0.7271   2.820537    6.49684    -0.0834    13.8155 0.0000e+00  -61.48300  -53.86417 1155003024 220.090575    34.5053 0.0000e+00
    344.000    -0.7267   2.820616    -0.7260   2.820687    6.49501    -0.0697    13.8155 0.0000e+00  -61.48300  -53.86417 1155003025 220.090589    34.5054 0.0000e+00
    345.000    -0.7261   2.820735    -0.7252   2.820813    6.49579    -0.0600    13.8155 0.0000e+00  -61.48300  -53.86417 1155003027 220.090603    34.5057 0.0000e+00
    346.000    -0.7254   2.820840    -0.7246   2.820928    6.49646    -0.0677    13.8155 0.0000e+00  -61.48300  -53.86417 1155003028 220.090619    34.5057 0.0000e+00
    347.000    -0.7243   2.821007    -0.7233   2.821101    6.49731    -0.0684    13.8155 0.0000e+00  -61.48300  -53.86417 1155003029 220.090634    34.5060 0.0000e+00
    348.000    -0.7240   2.821081    -0.7232   2.821164    6.49656    -0.0972    13.8155 0.0000e+00  -61.48300  -53.86417 1155003031 220.090649    34.5060 0.0000e+00
    349.000    -0.7234   2.821192    -0.7224   2.821285    6.49400    -0.0652    13.8155 0.0000e+00  -61.48300  -53.86417 1155003032 220.090665    34.5062 0.0000e+00
    350.000    -0.7231   2.821271    -0.7222   2.821339    6.49445    -0.0667    13.8155 0.0000e+00  -61.48300  -53.86417 1155003033 220.090680    34.5063 0.0000e+00
    351.000    -0.7225   2.821382    -0.7215   2.821462    6.49577    -0.0717    13.8155 0.0000e+00  -61.48300  -53.86417 1155003035 220.090696    34.5064 0.0000e+00
    352.000    -0.7215   2.821518    -0.7205   2.821618    6.49645    -0.0981    13.8155 0.0000e+00  -61.48300  -53.86417 1155003036 220.090711    34.5066 0.0000e+00
    353.000    -0.7217   2.821542    -0.7209   2.821613    6.49729    -0.0529    13.8155 0.0000e+00  -61.48300  -53.86417 1155003037 220.090725    34.5065 0.0000e+00
    354.000    -0.7211   2.821648    -0.7203   2.821729    6.49778    -0.0761    13.8155 0.0000e+00  -61.48300  -53.86417 1155003038 220.090738    34.5066 0.0000e+00
    355.000    -0.7202   2.821791    -0.7195   2.821845    6.49788    -0.0828    13.8155 0.0000e+00  -61.48300  -53.86417 1155003040 220.090752    34.5070 0.0000e+00
    356.000    -0.7189   2.821975    -0.7181   2.822036    6.49403    -0.0722    13.8155 0.0000e+00  -61.48300  -53.86417 1155003041 220.090766    34.5072 0.0000e+00
    357.000    -0.7172   2.822165    -0.7165   2.822229    6.48958    -0.0810    13.8155 0.0000e+00  -61.48300  -53.86417 1155003042 220.090779    34.5073 0.0000e+00
    358.000    -0.7148   2.822443    -0.7137   2.822542    6.48661    -0.0756    13.8155 0.0000e+00  -61.48300  -53.86417 1155003043 220.090793    34.5077 0.0000e+00
    359.000    -0.7135   2.822618    -0.7130   2.822666    6.48549    -0.0802    13.8155 0.0000e+00  -61.48300  -53.86417 1155003044 220.090807    34.5078 0.0000e+00
    360.000    -0.7114   2.822867    -0.7106   2.822927    6.48428    -0.0635    13.8155 0.0000e+00  -61.48300  -53.86417 1155003046 220.090821    34.5082 0.0000e+00
    361.000    -0.7102   2.823044    -0.7094   2.823094    6.48376    -0.0811    13.8155 0.0000e+00  -61.48300  -53.86417 1155003047 220.090835    34.5086 0.0000e+00
    362.000    -0.7054   2.823569    -0.7046   2.823625    6.48028    -0.0549    13.8155 0.0000e+00  -61.48300  -53.86417 1155003048 220.090849    34.5095 0.0000e+00
    363.000    -0.7017   2.823984    -0.7004   2.824069    6.47664    -0.0501    13.8155 0.0000e+00  -61.48300  -53.86417 1155003049 220.090862    34.5102 0.0000e+00
    364.000    -0.6985   2.824331    -0.6978   2.824384    6.47011    -0.0888    13.8155 0.0000e+00  -61.48300  -53.86417 1155003050 220.090876    34.5106 0.0000e+00
    365.000    -0.6984   2.824389    -0.6976   2.824448    6.46580    -0.0796    13.8155 0.0000e+00  -61.48300  -53.86417 1155003052 220.090890    34.5106 0.0000e+00
    366.000    -0.6968   2.824594    -0.6963   2.824636    6.46224    -0.0693    13.8155 0.0000e+00  -61.48300  -53.86417 1155003053 220.090904    34.5111 0.0000e+00
    367.000    -0.6952   2.824799    -0.6940   2.824895    6.45544    -0.0638    13.8155 0.0000e+00  -61.48300  -53.86417 1155003054 220.090918    34.5114 0.0000e+00
    368.000    -0.6943   2.824935    -0.6933   2.825016    6.45418    -0.0957    13.8155 0.0000e+00  -61.48300  -53.86417 1155003055 220.090931    34.5116 0.0000e+00
    369.000    -0.6929   2.825109    -0.6921   2.825171    6.45543    -0.1087    13.8155 0.0000e+00  -61.48300  -53.86417 1155003056 220.090945    34.5118 0.0000e+00
    370.000    -0.6912   2.825331    -0.6904   2.825400    6.45524    -0.0827    13.8155 0.0000e+00  -61.48300  -53.86417 1155003058 220.090960    34.5122 0.0000e+00
    371.000    -0.6906   2.825423    -0.6899   2.825497    6.45729    -0.0902    13.8155 0.0000e+00  -61.48300  -53.86417 1155003059 220.090973    34.5123 0.0000e+00
    372.000    -0.6889   2.825639    -0.6882   2.825714    6.45820    -0.0696    13.8155 0.0000e+00  -61.48300  -53.86417 1155003060 220.090987    34.5126 0.0000e+00
    373.000    -0.6880   2.825778    -0.6873   2.825836    6.45779    -0.0665    13.8155 0.0000e+00  -61.48300  -53.86417 1155003061 220.091001    34.5128 0.0000e+00
    374.000    -0.6880   2.825823    -0.6871   2.825896    6.45589    -0.0852    13.8155 0.0000e+00  -61.48300  -53.86417 1155003062 220.091014    34.5129 0.0000e+00
    375.000    -0.6878   2.825889    -0.6872   2.825937    6.45601    -0.0849    13.8155 0.0000e+00  -61.48300  -53.86417 1155003063 220.091028    34.5129 0.0000e+00
    376.000    -0.6878   2.825930    -0.6866   2.826033    6.45595    -0.0873    13.8155 0.0000e+00  -61.48300  -53.86417 1155003065 220.091042    34.5129 0.0000e+00
    377.000    -0.6858   2.826176    -0.6850   2.826230    6.45492    -0.1035    13.8155 0.0000e+00  -61.48300  -53.86417 1155003066 220.091055    34.5133 0.0000e+00
    378.000    -0.6835   2.826429    -0.6825   2.826516    6.45126    -0.0699    13.8155 0.0000e+00  -61.48300  -53.86417 1155003067 220.091070    34.5135 0.0000e+00
    379.000    -0.6826   2.826577    -0.6817   2.826647    6.44792    -0.0745    13.8155 0.0000e+00  -61.48300  -53.86417 1155003068 220.091083    34.5138 0.0000e+00
    380.000    -0.6807   2.826805    -0.6801   2.826841    6.44441    -0.1080    13.8155 0.0000e+00  -61.48300  -53.86417 1155003069 220.091098    34.5141 0.0000e+00
    381.000    -0.6799   2.826922    -0.6790   2.827000    6.44319    -0.0687    13.8155 0.0000e+00  -61.48300  -53.86417 1155003071 220.091112    34.5142 0.0000e+00
    382.000    -0.6766   2.827293    -0.6757   2.827357    6.44039    -0.0955    13.8155 0.0000e+00  -61.48300  -53.86417 1155003072 220.091125    34.5148 0.0000e+00
    383.000    -0.6749   2.827491    -0.6740   2.827560    6.43773    -0.0866    13.8155 0.0000e+00  -61.48300  -53.86417 1155003073 220.091140    34.5149 0.0000e+00
    384.000    -0.6735   2.827685    -0.6726   2.827755    6.43646    -0.0832    13.8155 0.0000e+00  -61.48300  -53.86417 1155003074 220.091154    34.5153 0.0000e+00
