product_data/regression_test/downloaded_data/MGDS/320620060703/ctd/adapted/heads_insert_p6620201.cnv
* Sea-Bird SBE 9 Data File:
* FileName = D:\Data\Raw\p6620201.dat
* Software Version Seasave Win32 V 5.32
* Temperature SN = 1649
* Conductivity SN = 1431
* Number of Bytes Per Scan = 37
* Number of Voltage Words = 5
* Number of Scans Averaged by the Deck Unit = 1
* NMEA Latitude = 64 26.68 S
* NMEA Longitude = 061 58.97 W
* NMEA UTC (Time) = 03:19:51
** Ship:   Nathaniel B. Palmer 
** Cruise:    NBP0606 
# nquan = 15
# nvalues = 459                         
# units = specified
# name 0 = prDM: Pressure, Digiquartz [db]
# name 1 = t090C: Temperature [ITS-90, deg C]
# name 2 = c0S/m: Conductivity [S/m]
# name 3 = t190C: Temperature, 2 [ITS-90, deg C]
# name 4 = c1S/m: Conductivity, 2 [S/m]
# name 5 = sbeox0ML/L: Oxygen, SBE 43 [ml/l]
# name 6 = flECO-AFL: Fluorescence, Wetlab ECO-AFL/FL [mg/m^3]
# name 7 = bat: Beam Attenuation, Chelsea/Seatech/Wetlab CStar [1/m]
# name 8 = spar: SPAR/Surface Irradiance
# name 9 = latitude: Latitude [deg]
# name 10 = longitude: Longitude [deg]
# name 11 = timeY: Time, System [seconds]
# name 12 = timeJ: Julian Days
# name 13 = sal00: Salinity [PSU]
# name 14 = flag: flag
# span 0 =     13.000,    471.000       
# span 1 =    -0.9648,     0.1584       
# span 2 =   2.759083,   2.893798       
# span 3 =    -0.9659,     0.1586       
# span 4 =   2.759681,   2.894125       
# span 5 =    5.90104,    7.11601       
# span 6 =    -0.1029,    -0.0291       
# span 7 =    13.8155,    13.8155       
# span 8 = 0.0000e+00, 0.0000e+00       
# span 9 =  -64.44467,  -64.44467       
# span 10 =  -61.98283,  -61.98283      
# span 11 = 1154056759, 1154057630      
# span 12 = 209.138402, 209.148511      
# span 13 =    34.1431,    34.5171      
# span 14 = 0.0000e+00, 0.0000e+00      
# interval = decibars: 1                
# start_time = Jul 28 2006 03:19:59
# bad_flag = -9.990e-29
*END*
[from data line 97]
    109.000    -0.1265   2.848516    -0.1255   2.848937    6.27586    -0.0693    13.8155 0.0000e+00  -64.44467  -61.98283 1154057056 209.141877    34.3430 0.0000e+00
    110.000    -0.1258   2.848657    -0.1246   2.849088    6.26996    -0.0680    13.8155 0.0000e+00  -64.44467  -61.98283 1154057057 209.141889    34.3436 0.0000e+00
    111.000    -0.1185   2.849571    -0.1176   2.849950    6.26796    -0.0659    13.8155 0.0000e+00  -64.44467  -61.98283 1154057058 209.141902    34.3467 0.0000e+00
    112.000    -0.1172   2.849787    -0.1164   2.850183    6.26525    -0.0727    13.8155 0.0000e+00  -64.44467  -61.98283 1154057059 209.141918    34.3474 0.0000e+00
    113.000    -0.1161   2.849976    -0.1155   2.850357    6.26509    -0.0543    13.8155 0.0000e+00  -64.44467  -61.98283 1154057061 209.141936    34.3482 0.0000e+00
    114.000    -0.1164   2.850028    -0.1159   2.850418    6.26014    -0.0443    13.8155 0.0000e+00  -64.44467  -61.98283 1154057062 209.141951    34.3487 0.0000e+00
    115.000    -0.1167   2.850111    -0.1160   2.850513    6.25713    -0.0739    13.8155 0.0000e+00  -64.44467  -61.98283 1154057063 209.141962    34.3495 0.0000e+00
    116.000    -0.1161   2.850281    -0.1153   2.850671    6.25508    -0.0995    13.8155 0.0000e+00  -64.44467  -61.98283 1154057064 209.141974    34.3505 0.0000e+00
    117.000    -0.1150   2.850455    -0.1144   2.850831    6.25436    -0.0673    13.8155 0.0000e+00  -64.44467  -61.98283 1154057065 209.141987    34.3511 0.0000e+00
    118.000    -0.1145   2.850564    -0.1133   2.850998    6.25758    -0.0693    13.8155 0.0000e+00  -64.44467  -61.98283 1154057067 209.142005    34.3513 0.0000e+00
    119.000    -0.1119   2.850892    -0.1109   2.851313    6.25532    -0.0657    13.8155 0.0000e+00  -64.44467  -61.98283 1154057068 209.142020    34.3522 0.0000e+00
    120.000    -0.1085   2.851313    -0.1076   2.851703    6.25057    -0.0783    13.8155 0.0000e+00  -64.44467  -61.98283 1154057069 209.142031    34.3533 0.0000e+00
    121.000    -0.1048   2.851729    -0.1042   2.852101    6.24887    -0.1029    13.8155 0.0000e+00  -64.44467  -61.98283 1154057070 209.142041    34.3539 0.0000e+00
    122.000    -0.1052   2.851752    -0.1046   2.852121    6.24618    -0.0931    13.8155 0.0000e+00  -64.44467  -61.98283 1154057071 209.142053    34.3541 0.0000e+00
    123.000    -0.1051   2.851839    -0.1042   2.852234    6.24238    -0.0571    13.8155 0.0000e+00  -64.44467  -61.98283 1154057073 209.142072    34.3547 0.0000e+00
    124.000    -0.1031   2.852160    -0.1023   2.852571    6.23921    -0.0605    13.8155 0.0000e+00  -64.44467  -61.98283 1154057074 209.142090    34.3560 0.0000e+00
    125.000    -0.1031   2.852205    -0.1033   2.852486    6.23895    -0.0510    13.8155 0.0000e+00  -64.44467  -61.98283 1154057075 209.142101    34.3561 0.0000e+00
    126.000    -0.1052   2.851981    -0.1048   2.852357    6.24024    -0.0921    13.8155 0.0000e+00  -64.44467  -61.98283 1154057076 209.142111    34.3549 0.0000e+00
    127.000    -0.1064   2.851930    -0.1057   2.852334    6.23864    -0.0666    13.8155 0.0000e+00  -64.44467  -61.98283 1154057077 209.142124    34.3550 0.0000e+00
    128.000    -0.1052   2.852123    -0.1042   2.852517    6.23862    -0.0496    13.8155 0.0000e+00  -64.44467  -61.98283 1154057079 209.142145    34.3556 0.0000e+00
    129.000    -0.1022   2.852487    -0.1017   2.852849    6.23970    -0.0653    13.8155 0.0000e+00  -64.44467  -61.98283 1154057081 209.142161    34.3565 0.0000e+00
    130.000    -0.1041   2.852402    -0.1042   2.852782    6.23901    -0.0819    13.8155 0.0000e+00  -64.44467  -61.98283 1154057081 209.142173    34.3569 0.0000e+00
    131.000    -0.1053   2.852442    -0.1044   2.852821    6.23777    -0.0695    13.8155 0.0000e+00  -64.44467  -61.98283 1154057082 209.142184    34.3582 0.0000e+00
    132.000    -0.1041   2.852564    -0.1036   2.852936    6.23641    -0.0747    13.8155 0.0000e+00  -64.44467  -61.98283 1154057083 209.142196    34.3579 0.0000e+00
    133.000    -0.1047   2.852559    -0.1043   2.852923    6.23448    -0.0465    13.8155 0.0000e+00  -64.44467  -61.98283 1154057085 209.142212    34.3579 0.0000e+00
    134.000    -0.1039   2.852685    -0.1030   2.853087    6.23212    -0.0416    13.8155 0.0000e+00  -64.44467  -61.98283 1154057086 209.142228    34.3580 0.0000e+00
    135.000    -0.1052   2.852642    -0.1060   2.852959    6.23301    -0.0766    13.8155 0.0000e+00  -64.44467  -61.98283 1154057087 209.142241    34.3583 0.0000e+00
    136.000    -0.1124   2.852145    -0.1117   2.852547    6.23595    -0.0564    13.8155 0.0000e+00  -64.44467  -61.98283 1154057088 209.142252    34.3595 0.0000e+00
    137.000    -0.1137   2.852074    -0.1146   2.852357    6.24051    -0.0804    13.8155 0.0000e+00  -64.44467  -61.98283 1154057089 209.142264    34.3594 0.0000e+00
    138.000    -0.1161   2.851941    -0.1166   2.852231    6.24363    -0.0446    13.8155 0.0000e+00  -64.44467  -61.98283 1154057091 209.142277    34.3597 0.0000e+00
    139.000    -0.1190   2.851716    -0.1198   2.852000    6.24601    -0.0537    13.8155 0.0000e+00  -64.44467  -61.98283 1154057092 209.142296    34.3595 0.0000e+00
    140.000    -0.1285   2.850966    -0.1261   2.851510    6.25061    -0.0568    13.8155 0.0000e+00  -64.44467  -61.98283 1154057094 209.142313    34.3597 0.0000e+00
    141.000    -0.1349   2.850498    -0.1346   2.850907    6.25437    -0.0485    13.8155 0.0000e+00  -64.44467  -61.98283 1154057095 209.142326    34.3603 0.0000e+00
    142.000    -0.1404   2.850128    -0.1398   2.850529    6.26265    -0.0788    13.8155 0.0000e+00  -64.44467  -61.98283 1154057096 209.142338    34.3610 0.0000e+00
    143.000    -0.1428   2.849961    -0.1427   2.850351    6.27039    -0.0459    13.8155 0.0000e+00  -64.44467  -61.98283 1154057097 209.142352    34.3608 0.0000e+00
    144.000    -0.1647   2.848181    -0.1651   2.848540    6.28092    -0.0759    13.8155 0.0000e+00  -64.44467  -61.98283 1154057098 209.142369    34.3616 0.0000e+00
    145.000    -0.1781   2.847068    -0.1782   2.847455    6.29236    -0.0716    13.8155 0.0000e+00  -64.44467  -61.98283 1154057100 209.142384    34.3615 0.0000e+00
    146.000    -0.1887   2.846248    -0.1896   2.846582    6.29769    -0.0564    13.8155 0.0000e+00  -64.44467  -61.98283 1154057101 209.142396    34.3621 0.0000e+00
    147.000    -0.1898   2.846414    -0.1895   2.846775    6.29849    -0.0731    13.8155 0.0000e+00  -64.44467  -61.98283 1154057102 209.142409    34.3650 0.0000e+00
    148.000    -0.1782   2.847628    -0.1772   2.848024    6.29769    -0.0708    13.8155 0.0000e+00  -64.44467  -61.98283 1154057103 209.142425    34.3667 0.0000e+00
    149.000    -0.1704   2.848425    -0.1697   2.848764    6.28860    -0.0393    13.8155 0.0000e+00  -64.44467  -61.98283 1154057105 209.142441    34.3677 0.0000e+00
    150.000    -0.1520   2.850188    -0.1514   2.850529    6.28138    -0.0807    13.8155 0.0000e+00  -64.44467  -61.98283 1154057106 209.142455    34.3693 0.0000e+00
    151.000    -0.1491   2.850729    -0.1481   2.851130    6.27443    -0.0677    13.8155 0.0000e+00  -64.44467  -61.98283 1154057107 209.142467    34.3723 0.0000e+00
    152.000    -0.1452   2.851311    -0.1444   2.851672    6.26692    -0.0752    13.8155 0.0000e+00  -64.44467  -61.98283 1154057108 209.142479    34.3750 0.0000e+00
    153.000    -0.1404   2.851846    -0.1394   2.852224    6.25991    -0.0609    13.8155 0.0000e+00  -64.44467  -61.98283 1154057109 209.142493    34.3761 0.0000e+00
    154.000    -0.1336   2.852563    -0.1328   2.852939    6.25110    -0.0699    13.8155 0.0000e+00  -64.44467  -61.98283 1154057111 209.142509    34.3772 0.0000e+00
    155.000    -0.1302   2.852942    -0.1291   2.853342    6.24445    -0.0605    13.8155 0.0000e+00  -64.44467  -61.98283 1154057112 209.142523    34.3778 0.0000e+00
    156.000    -0.1251   2.853504    -0.1245   2.853821    6.23735    -0.0575    13.8155 0.0000e+00  -64.44467  -61.98283 1154057113 209.142537    34.3789 0.0000e+00
    157.000    -0.1165   2.854371    -0.1155   2.854754    6.22910    -0.0627    13.8155 0.0000e+00  -64.44467  -61.98283 1154057114 209.142551    34.3798 0.0000e+00
    158.000    -0.1116   2.854892    -0.1104   2.855307    6.22395    -0.0802    13.8155 0.0000e+00  -64.44467  -61.98283 1154057115 209.142566    34.3807 0.0000e+00
    159.000    -0.1086   2.855225    -0.1084   2.855543    6.22119    -0.0566    13.8155 0.0000e+00  -64.44467  -61.98283 1154057117 209.142581    34.3812 0.0000e+00
    160.000    -0.1043   2.855694    -0.1050   2.855894    6.21356    -0.0758    13.8155 0.0000e+00  -64.44467  -61.98283 1154057118 209.142596    34.3821 0.0000e+00
    161.000    -0.0978   2.856341    -0.0973   2.856672    6.20910    -0.0464    13.8155 0.0000e+00  -64.44467  -61.98283 1154057119 209.142610    34.3826 0.0000e+00
    162.000    -0.0947   2.856701    -0.0947   2.856981    6.20232    -0.0833    13.8155 0.0000e+00  -64.44467  -61.98283 1154057120 209.142624    34.3833 0.0000e+00
    163.000    -0.0933   2.856884    -0.0922   2.857277    6.19484    -0.0471    13.8155 0.0000e+00  -64.44467  -61.98283 1154057122 209.142637    34.3836 0.0000e+00
    164.000    -0.0919   2.857071    -0.0911   2.857419    6.18982    -0.0876    13.8155 0.0000e+00  -64.44467  -61.98283 1154057123 209.142651    34.3841 0.0000e+00
    165.000    -0.0873   2.857575    -0.0868   2.857924    6.19074    -0.0857    13.8155 0.0000e+00  -64.44467  -61.98283 1154057124 209.142665    34.3849 0.0000e+00
    166.000    -0.0891   2.857446    -0.0885   2.857808    6.19165    -0.0714    13.8155 0.0000e+00  -64.44467  -61.98283 1154057125 209.142680    34.3847 0.0000e+00
    167.000    -0.0874   2.857669    -0.0869   2.858012    6.19201    -0.0873    13.8155 0.0000e+00  -64.44467  -61.98283 1154057126 209.142693    34.3853 0.0000e+00
    168.000    -0.0856   2.857898    -0.0850   2.858246    6.19230    -0.0734    13.8155 0.0000e+00  -64.44467  -61.98283 1154057128 209.142706    34.3857 0.0000e+00
    169.000    -0.0864   2.857879    -0.0857   2.858237    6.19279    -0.0739    13.8155 0.0000e+00  -64.44467  -61.98283 1154057129 209.142721    34.3858 0.0000e+00
    170.000    -0.0857   2.857999    -0.0851   2.858368    6.19287    -0.0570    13.8155 0.0000e+00  -64.44467  -61.98283 1154057130 209.142737    34.3861 0.0000e+00
    171.000    -0.0846   2.858169    -0.0837   2.858563    6.19289    -0.0674    13.8155 0.0000e+00  -64.44467  -61.98283 1154057132 209.142752    34.3865 0.0000e+00
    172.000    -0.0831   2.858407    -0.0822   2.858788    6.18971    -0.0921    13.8155 0.0000e+00  -64.44467  -61.98283 1154057133 209.142768    34.3874 0.0000e+00
    173.000    -0.0814   2.858670    -0.0807   2.859025    6.18723    -0.0575    13.8155 0.0000e+00  -64.44467  -61.98283 1154057134 209.142782    34.3884 0.0000e+00
    174.000    -0.0782   2.859048    -0.0781   2.859351    6.18464    -0.0711    13.8155 0.0000e+00  -64.44467  -61.98283 1154057135 209.142795    34.3892 0.0000e+00
    175.000    -0.0727   2.859680    -0.0720   2.860000    6.18626    -0.0658    13.8155 0.0000e+00  -64.44467  -61.98283 1154057136 209.142808    34.3907 0.0000e+00
    176.000    -0.0656   2.860402    -0.0667   2.860579    6.18705    -0.0732    13.8155 0.0000e+00  -64.44467  -61.98283 1154057138 209.142824    34.3915 0.0000e+00
    177.000    -0.0564   2.861418    -0.0551   2.861775    6.18366    -0.0617    13.8155 0.0000e+00  -64.44467  -61.98283 1154057139 209.142839    34.3939 0.0000e+00
    178.000    -0.0516   2.861945    -0.0507   2.862292    6.17933    -0.0573    13.8155 0.0000e+00  -64.44467  -61.98283 1154057140 209.142852    34.3948 0.0000e+00
    179.000    -0.0454   2.862579    -0.0445   2.862950    6.17461    -0.0727    13.8155 0.0000e+00  -64.44467  -61.98283 1154057141 209.142864    34.3954 0.0000e+00
    180.000    -0.0450   2.862656    -0.0443   2.863009    6.16677    -0.0614    13.8155 0.0000e+00  -64.44467  -61.98283 1154057142 209.142878    34.3956 0.0000e+00
    181.000    -0.0420   2.863022    -0.0417   2.863308    6.16512    -0.0497    13.8155 0.0000e+00  -64.44467  -61.98283 1154057144 209.142893    34.3965 0.0000e+00
    182.000    -0.0390   2.863368    -0.0374   2.863778    6.15625    -0.0457    13.8155 0.0000e+00  -64.44467  -61.98283 1154057145 209.142907    34.3973 0.0000e+00
    183.000    -0.0088   2.866629    -0.0046   2.867163    6.14269    -0.0552    13.8155 0.0000e+00  -64.44467  -61.98283 1154057146 209.142921    34.4056 0.0000e+00
    184.000     0.0272   2.870227     0.0278   2.870512    6.12468    -0.0660    13.8155 0.0000e+00  -64.44467  -61.98283 1154057147 209.142936    34.4107 0.0000e+00
    185.000     0.0272   2.870264     0.0281   2.870612    6.10945    -0.0783    13.8155 0.0000e+00  -64.44467  -61.98283 1154057149 209.142952    34.4110 0.0000e+00
    186.000     0.0270   2.870295     0.0277   2.870609    6.09962    -0.0444    13.8155 0.0000e+00  -64.44467  -61.98283 1154057150 209.142967    34.4113 0.0000e+00
    187.000     0.0267   2.870270     0.0275   2.870626    6.09572    -0.0850    13.8155 0.0000e+00  -64.44467  -61.98283 1154057151 209.142980    34.4111 0.0000e+00
    188.000     0.0282   2.870466     0.0289   2.870795    6.09429    -0.0623    13.8155 0.0000e+00  -64.44467  -61.98283 1154057152 209.142993    34.4116 0.0000e+00
    189.000     0.0298   2.870686     0.0308   2.871049    6.09420    -0.0590    13.8155 0.0000e+00  -64.44467  -61.98283 1154057154 209.143007    34.4122 0.0000e+00
    190.000     0.0308   2.870818     0.0314   2.871147    6.09170    -0.0582    13.8155 0.0000e+00  -64.44467  -61.98283 1154057155 209.143022    34.4123 0.0000e+00
    191.000     0.0298   2.870768     0.0315   2.871239    6.09037    -0.0471    13.8155 0.0000e+00  -64.44467  -61.98283 1154057156 209.143038    34.4125 0.0000e+00
    192.000     0.0320   2.871099     0.0330   2.871493    6.08707    -0.0743    13.8155 0.0000e+00  -64.44467  -61.98283 1154057158 209.143054    34.4137 0.0000e+00
    193.000     0.0319   2.871148     0.0331   2.871538    6.08553    -0.0629    13.8155 0.0000e+00  -64.44467  -61.98283 1154057159 209.143066    34.4141 0.0000e+00
    194.000     0.0350   2.871509     0.0367   2.871964    6.08230    -0.0496    13.8155 0.0000e+00  -64.44467  -61.98283 1154057160 209.143078    34.4148 0.0000e+00
    195.000     0.0342   2.871422     0.0352   2.871797    6.07883    -0.0755    13.8155 0.0000e+00  -64.44467  -61.98283 1154057161 209.143092    34.4140 0.0000e+00
    196.000     0.0396   2.872030     0.0408   2.872424    6.07493    -0.0650    13.8155 0.0000e+00  -64.44467  -61.98283 1154057162 209.143108    34.4154 0.0000e+00
    197.000     0.0415   2.872317     0.0421   2.872657    6.07065    -0.0751    13.8155 0.0000e+00  -64.44467  -61.98283 1154057164 209.143124    34.4164 0.0000e+00
    198.000     0.0428   2.872527     0.0436   2.872881    6.06903    -0.0537    13.8155 0.0000e+00  -64.44467  -61.98283 1154057165 209.143137    34.4172 0.0000e+00
    199.000     0.0436   2.872688     0.0441   2.873029    6.06820    -0.0668    13.8155 0.0000e+00  -64.44467  -61.98283 1154057166 209.143150    34.4179 0.0000e+00
    200.000     0.0436   2.872749     0.0443   2.873092    6.06788    -0.0886    13.8155 0.0000e+00  -64.44467  -61.98283 1154057167 209.143165    34.4181 0.0000e+00
    201.000     0.0425   2.872671     0.0431   2.873027    6.06727    -0.0816    13.8155 0.0000e+00  -64.44467  -61.98283 1154057169 209.143180    34.4177 0.0000e+00
    202.000     0.0362   2.872234     0.0366   2.872560    6.06760    -0.0654    13.8155 0.0000e+00  -64.44467  -61.98283 1154057170 209.143194    34.4187 0.0000e+00
    203.000     0.0466   2.873355     0.0475   2.873692    6.06321    -0.0907    13.8155 0.0000e+00  -64.44467  -61.98283 1154057171 209.143208    34.4211 0.0000e+00
