product_data/regression_test/downloaded_data/MGDS/320620060703/ctd/adapted/heads_insert_p6623001.cnv
* Sea-Bird SBE 9 Data File:
* FileName = D:\Data\Raw\p6623001.dat
* Software Version Seasave Win32 V 5.32
* Temperature SN = 1649
* Conductivity SN = 1431
* Number of Bytes Per Scan = 37
* Number of Voltage Words = 5
* Number of Scans Averaged by the Deck Unit = 1
* NMEA Latitude = 61 58.14 S
* NMEA Longitude = 053 02.97 W
* NMEA UTC (Time) = 00:58:35
** Ship:   Nathaniel B. Palmer 
** Cruise:    NBP0606 
# nquan = 15
# nvalues = 2087                        
# units = specified
# name 0 = prDM: Pressure, Digiquartz [db]
# name 1 = t090C: Temperature [ITS-90, deg C]
# name 2 = c0S/m: Conductivity [S/m]
# name 3 = t190C: Temperature, 2 [ITS-90, deg C]
# name 4 = c1S/m: Conductivity, 2 [S/m]
# name 5 = sbeox0ML/L: Oxygen, SBE 43 [ml/l]
# name 6 = flECO-AFL: Fluorescence, Wetlab ECO-AFL/FL [mg/m^3]
# name 7 = bat: Beam Attenuation, Chelsea/Seatech/Wetlab CStar [1/m]
# name 8 = spar: SPAR/Surface Irradiance
# name 9 = latitude: Latitude [deg]
# name 10 = longitude: Longitude [deg]
# name 11 = timeY: Time, System [seconds]
# name 12 = timeJ: Julian Days
# name 13 = sal00: Salinity [PSU]
# name 14 = flag: flag
# span 0 =      1.000,   2087.000       
# span 1 =    -1.8020,     0.4532       
# span 2 =   2.711145,   2.955348       
# span 3 =    -1.8022,     0.4541       
# span 4 =   2.711697,   2.955448       
# span 5 =    5.28451,    7.11516       
# span 6 =    -0.1970,     0.0704       
# span 7 =    13.8155,    13.8155       
# span 8 = -5.422e-03, 2.5227e+00       
# span 9 =  -61.96900,  -61.96900       
# span 10 =  -53.04950,  -53.04950      
# span 11 = 1154912409, 1154914958      
# span 12 = 219.041780, 219.071285      
# span 13 =    34.4227,    34.6714      
# span 14 = 0.0000e+00, 0.0000e+00      
# interval = decibars: 1                
# start_time = Aug 07 2006 01:00:00
# bad_flag = -9.990e-29
*END*
[from data line 964]
    964.000     0.3002   2.947425     0.3007   2.947544    5.40244    -0.0865    13.8155 0.0000e+00  -61.96900  -53.04950 1154913665 219.056326    34.6657 0.0000e+00
    965.000     0.3003   2.947480     0.3008   2.947597    5.40246    -0.0901    13.8155 0.0000e+00  -61.96900  -53.04950 1154913666 219.056339    34.6657 0.0000e+00
    966.000     0.3003   2.947517     0.3008   2.947630    5.40364    -0.1109    13.8155 0.0000e+00  -61.96900  -53.04950 1154913667 219.056353    34.6656 0.0000e+00
    967.000     0.3001   2.947542     0.3006   2.947664    5.40282    -0.1239    13.8155 0.0000e+00  -61.96900  -53.04950 1154913669 219.056366    34.6655 0.0000e+00
    968.000     0.2999   2.947570     0.3003   2.947684    5.40217    -0.1063    13.8155 0.0000e+00  -61.96900  -53.04950 1154913670 219.056380    34.6656 0.0000e+00
    969.000     0.2993   2.947554     0.2997   2.947663    5.40226    -0.1189    13.8155 0.0000e+00  -61.96900  -53.04950 1154913671 219.056393    34.6655 0.0000e+00
    970.000     0.2979   2.947482     0.2984   2.947594    5.40357    -0.0945    13.8155 0.0000e+00  -61.96900  -53.04950 1154913672 219.056406    34.6656 0.0000e+00
    971.000     0.2978   2.947508     0.2982   2.947617    5.40363    -0.1004    13.8155 0.0000e+00  -61.96900  -53.04950 1154913673 219.056420    34.6655 0.0000e+00
    972.000     0.2979   2.947561     0.2982   2.947658    5.40428    -0.0944    13.8155 0.0000e+00  -61.96900  -53.04950 1154913674 219.056433    34.6655 0.0000e+00
    973.000     0.2967   2.947492     0.2973   2.947628    5.40470    -0.1348    13.8155 0.0000e+00  -61.96900  -53.04950 1154913675 219.056446    34.6653 0.0000e+00
    974.000     0.2945   2.947353     0.2953   2.947491    5.40512    -0.1017    13.8155 0.0000e+00  -61.96900  -53.04950 1154913677 219.056460    34.6655 0.0000e+00
    975.000     0.2942   2.947347     0.2941   2.947437    5.40714    -0.1147    13.8155 0.0000e+00  -61.96900  -53.04950 1154913678 219.056473    34.6652 0.0000e+00
    976.000     0.2896   2.946993     0.2905   2.947156    5.40981    -0.1057    13.8155 0.0000e+00  -61.96900  -53.04950 1154913679 219.056486    34.6652 0.0000e+00
    977.000     0.2882   2.946907     0.2889   2.947060    5.41196    -0.1120    13.8155 0.0000e+00  -61.96900  -53.04950 1154913680 219.056500    34.6651 0.0000e+00
    978.000     0.2880   2.946922     0.2885   2.947060    5.41389    -0.1323    13.8155 0.0000e+00  -61.96900  -53.04950 1154913681 219.056513    34.6649 0.0000e+00
    979.000     0.2879   2.946972     0.2886   2.947105    5.41408    -0.1292    13.8155 0.0000e+00  -61.96900  -53.04950 1154913682 219.056526    34.6650 0.0000e+00
    980.000     0.2850   2.946740     0.2857   2.946891    5.41576    -0.1271    13.8155 0.0000e+00  -61.96900  -53.04950 1154913683 219.056539    34.6648 0.0000e+00
    981.000     0.2834   2.946647     0.2840   2.946790    5.41679    -0.1003    13.8155 0.0000e+00  -61.96900  -53.04950 1154913685 219.056553    34.6648 0.0000e+00
    982.000     0.2835   2.946700     0.2839   2.946813    5.41484    -0.0973    13.8155 0.0000e+00  -61.96900  -53.04950 1154913686 219.056566    34.6648 0.0000e+00
    983.000     0.2830   2.946710     0.2835   2.946825    5.41601    -0.1151    13.8155 0.0000e+00  -61.96900  -53.04950 1154913687 219.056579    34.6649 0.0000e+00
    984.000     0.2834   2.946783     0.2837   2.946878    5.41539    -0.1115    13.8155 0.0000e+00  -61.96900  -53.04950 1154913688 219.056593    34.6647 0.0000e+00
    985.000     0.2831   2.946800     0.2835   2.946906    5.41707    -0.1271    13.8155 0.0000e+00  -61.96900  -53.04950 1154913689 219.056606    34.6648 0.0000e+00
    986.000     0.2833   2.946863     0.2836   2.946966    5.41806    -0.1094    13.8155 0.0000e+00  -61.96900  -53.04950 1154913690 219.056619    34.6647 0.0000e+00
    987.000     0.2827   2.946845     0.2830   2.946946    5.42134    -0.1069    13.8155 0.0000e+00  -61.96900  -53.04950 1154913692 219.056632    34.6646 0.0000e+00
    988.000     0.2821   2.946835     0.2824   2.946939    5.42154    -0.1040    13.8155 0.0000e+00  -61.96900  -53.04950 1154913693 219.056646    34.6646 0.0000e+00
    989.000     0.2818   2.946853     0.2823   2.946974    5.41876    -0.0976    13.8155 0.0000e+00  -61.96900  -53.04950 1154913694 219.056659    34.6646 0.0000e+00
    990.000     0.2819   2.946912     0.2823   2.947015    5.41916    -0.0939    13.8155 0.0000e+00  -61.96900  -53.04950 1154913695 219.056672    34.6646 0.0000e+00
    991.000     0.2816   2.946911     0.2819   2.947030    5.42000    -0.1209    13.8155 0.0000e+00  -61.96900  -53.04950 1154913696 219.056685    34.6645 0.0000e+00
    992.000     0.2813   2.946941     0.2818   2.947057    5.42074    -0.1095    13.8155 0.0000e+00  -61.96900  -53.04950 1154913697 219.056699    34.6646 0.0000e+00
    993.000     0.2807   2.946934     0.2812   2.947052    5.42116    -0.1107    13.8155 0.0000e+00  -61.96900  -53.04950 1154913698 219.056712    34.6645 0.0000e+00
    994.000     0.2800   2.946919     0.2804   2.947029    5.42378    -0.0955    13.8155 0.0000e+00  -61.96900  -53.04950 1154913700 219.056725    34.6646 0.0000e+00
    995.000     0.2794   2.946909     0.2801   2.947035    5.42301    -0.1094    13.8155 0.0000e+00  -61.96900  -53.04950 1154913701 219.056739    34.6646 0.0000e+00
    996.000     0.2793   2.946930     0.2797   2.947059    5.42384    -0.1099    13.8155 0.0000e+00  -61.96900  -53.04950 1154913702 219.056752    34.6646 0.0000e+00
    997.000     0.2790   2.946955     0.2797   2.947097    5.42360    -0.1070    13.8155 0.0000e+00  -61.96900  -53.04950 1154913703 219.056765    34.6645 0.0000e+00
    998.000     0.2789   2.946990     0.2793   2.947102    5.42388    -0.1006    13.8155 0.0000e+00  -61.96900  -53.04950 1154913704 219.056778    34.6645 0.0000e+00
    999.000     0.2794   2.947083     0.2799   2.947194    5.42422    -0.1063    13.8155 0.0000e+00  -61.96900  -53.04950 1154913705 219.056792    34.6645 0.0000e+00
   1000.000     0.2783   2.946996     0.2788   2.947136    5.42473    -0.1082    13.8155 0.0000e+00  -61.96900  -53.04950 1154913706 219.056805    34.6643 0.0000e+00
   1001.000     0.2772   2.946971     0.2778   2.947095    5.42570    -0.0970    13.8155 0.0000e+00  -61.96900  -53.04950 1154913708 219.056818    34.6645 0.0000e+00
   1002.000     0.2767   2.946969     0.2771   2.947081    5.42505    -0.1002    13.8155 0.0000e+00  -61.96900  -53.04950 1154913709 219.056831    34.6645 0.0000e+00
   1003.000     0.2766   2.947023     0.2770   2.947119    5.42564    -0.0983    13.8155 0.0000e+00  -61.96900  -53.04950 1154913710 219.056844    34.6646 0.0000e+00
   1004.000     0.2764   2.947027     0.2770   2.947159    5.42633    -0.0994    13.8155 0.0000e+00  -61.96900  -53.04950 1154913711 219.056858    34.6644 0.0000e+00
   1005.000     0.2764   2.947072     0.2768   2.947187    5.42603    -0.1276    13.8155 0.0000e+00  -61.96900  -53.04950 1154913712 219.056871    34.6644 0.0000e+00
   1006.000     0.2764   2.947115     0.2770   2.947245    5.42691    -0.1100    13.8155 0.0000e+00  -61.96900  -53.04950 1154913713 219.056884    34.6644 0.0000e+00
   1007.000     0.2748   2.947024     0.2752   2.947130    5.42766    -0.0948    13.8155 0.0000e+00  -61.96900  -53.04950 1154913714 219.056897    34.6644 0.0000e+00
   1008.000     0.2742   2.947001     0.2745   2.947109    5.42840    -0.1097    13.8155 0.0000e+00  -61.96900  -53.04950 1154913716 219.056910    34.6643 0.0000e+00
   1009.000     0.2733   2.946979     0.2736   2.947076    5.42908    -0.0911    13.8155 0.0000e+00  -61.96900  -53.04950 1154913717 219.056923    34.6644 0.0000e+00
   1010.000     0.2724   2.946938     0.2728   2.947045    5.42988    -0.1083    13.8155 0.0000e+00  -61.96900  -53.04950 1154913718 219.056937    34.6643 0.0000e+00
   1011.000     0.2724   2.946977     0.2730   2.947096    5.43062    -0.1234    13.8155 0.0000e+00  -61.96900  -53.04950 1154913719 219.056950    34.6643 0.0000e+00
   1012.000     0.2725   2.947016     0.2728   2.947135    5.43017    -0.0949    13.8155 0.0000e+00  -61.96900  -53.04950 1154913720 219.056963    34.6642 0.0000e+00
   1013.000     0.2728   2.947091     0.2731   2.947196    5.42935    -0.1292    13.8155 0.0000e+00  -61.96900  -53.04950 1154913721 219.056976    34.6642 0.0000e+00
   1014.000     0.2722   2.947081     0.2726   2.947201    5.42796    -0.0979    13.8155 0.0000e+00  -61.96900  -53.04950 1154913722 219.056989    34.6641 0.0000e+00
   1015.000     0.2723   2.947138     0.2727   2.947252    5.42944    -0.0941    13.8155 0.0000e+00  -61.96900  -53.04950 1154913724 219.057002    34.6642 0.0000e+00
   1016.000     0.2726   2.947218     0.2729   2.947319    5.43016    -0.1101    13.8155 0.0000e+00  -61.96900  -53.04950 1154913725 219.057015    34.6643 0.0000e+00
   1017.000     0.2725   2.947245     0.2727   2.947346    5.43157    -0.1181    13.8155 0.0000e+00  -61.96900  -53.04950 1154913726 219.057028    34.6642 0.0000e+00
   1018.000     0.2708   2.947122     0.2712   2.947232    5.43259    -0.1067    13.8155 0.0000e+00  -61.96900  -53.04950 1154913727 219.057042    34.6640 0.0000e+00
   1019.000     0.2690   2.946985     0.2696   2.947148    5.43533    -0.0995    13.8155 0.0000e+00  -61.96900  -53.04950 1154913728 219.057055    34.6637 0.0000e+00
   1020.000     0.2681   2.946960     0.2683   2.947074    5.43792    -0.0901    13.8155 0.0000e+00  -61.96900  -53.04950 1154913729 219.057068    34.6639 0.0000e+00
   1021.000     0.2669   2.946905     0.2674   2.947026    5.43910    -0.1081    13.8155 0.0000e+00  -61.96900  -53.04950 1154913730 219.057081    34.6638 0.0000e+00
   1022.000     0.2658   2.946849     0.2660   2.946948    5.44056    -0.1076    13.8155 0.0000e+00  -61.96900  -53.04950 1154913731 219.057094    34.6639 0.0000e+00
   1023.000     0.2648   2.946797     0.2651   2.946912    5.44179    -0.1150    13.8155 0.0000e+00  -61.96900  -53.04950 1154913733 219.057107    34.6637 0.0000e+00
   1024.000     0.2621   2.946603     0.2623   2.946718    5.44246    -0.0876    13.8155 0.0000e+00  -61.96900  -53.04950 1154913734 219.057120    34.6637 0.0000e+00
   1025.000     0.2584   2.946340     0.2592   2.946501    5.44312    -0.1032    13.8155 0.0000e+00  -61.96900  -53.04950 1154913735 219.057133    34.6639 0.0000e+00
   1026.000     0.2580   2.946347     0.2585   2.946481    5.44388    -0.1031    13.8155 0.0000e+00  -61.96900  -53.04950 1154913736 219.057146    34.6638 0.0000e+00
   1027.000     0.2572   2.946339     0.2576   2.946454    5.44463    -0.1169    13.8155 0.0000e+00  -61.96900  -53.04950 1154913737 219.057159    34.6641 0.0000e+00
   1028.000     0.2576   2.946430     0.2576   2.946504    5.44534    -0.1343    13.8155 0.0000e+00  -61.96900  -53.04950 1154913738 219.057172    34.6642 0.0000e+00
   1029.000     0.2581   2.946517     0.2585   2.946623    5.44604    -0.1175    13.8155 0.0000e+00  -61.96900  -53.04950 1154913739 219.057185    34.6641 0.0000e+00
   1030.000     0.2579   2.946544     0.2585   2.946669    5.44630    -0.1289    13.8155 0.0000e+00  -61.96900  -53.04950 1154913740 219.057199    34.6641 0.0000e+00
   1031.000     0.2578   2.946576     0.2581   2.946696    5.44650    -0.1078    13.8155 0.0000e+00  -61.96900  -53.04950 1154913742 219.057212    34.6641 0.0000e+00
   1032.000     0.2580   2.946639     0.2585   2.946767    5.44669    -0.1037    13.8155 0.0000e+00  -61.96900  -53.04950 1154913743 219.057225    34.6641 0.0000e+00
   1033.000     0.2578   2.946672     0.2580   2.946759    5.44556    -0.0862    13.8155 0.0000e+00  -61.96900  -53.04950 1154913744 219.057238    34.6641 0.0000e+00
   1034.000     0.2567   2.946609     0.2570   2.946715    5.44475    -0.1130    13.8155 0.0000e+00  -61.96900  -53.04950 1154913745 219.057251    34.6640 0.0000e+00
   1035.000     0.2581   2.946801     0.2584   2.946889    5.44544    -0.1003    13.8155 0.0000e+00  -61.96900  -53.04950 1154913746 219.057264    34.6643 0.0000e+00
   1036.000     0.2574   2.946759     0.2580   2.946892    5.44607    -0.1282    13.8155 0.0000e+00  -61.96900  -53.04950 1154913747 219.057277    34.6640 0.0000e+00
   1037.000     0.2570   2.946772     0.2575   2.946893    5.44488    -0.1226    13.8155 0.0000e+00  -61.96900  -53.04950 1154913748 219.057290    34.6641 0.0000e+00
   1038.000     0.2567   2.946791     0.2573   2.946925    5.44373    -0.1096    13.8155 0.0000e+00  -61.96900  -53.04950 1154913749 219.057303    34.6641 0.0000e+00
   1039.000     0.2570   2.946858     0.2575   2.946980    5.44569    -0.0918    13.8155 0.0000e+00  -61.96900  -53.04950 1154913751 219.057316    34.6641 0.0000e+00
   1040.000     0.2575   2.946957     0.2581   2.947077    5.44637    -0.0971    13.8155 0.0000e+00  -61.96900  -53.04950 1154913752 219.057329    34.6641 0.0000e+00
   1041.000     0.2571   2.946951     0.2575   2.947071    5.44690    -0.0970    13.8155 0.0000e+00  -61.96900  -53.04950 1154913753 219.057342    34.6640 0.0000e+00
   1042.000     0.2560   2.946916     0.2566   2.947044    5.44780    -0.1006    13.8155 0.0000e+00  -61.96900  -53.04950 1154913754 219.057355    34.6642 0.0000e+00
   1043.000     0.2562   2.946981     0.2568   2.947106    5.44606    -0.0844    13.8155 0.0000e+00  -61.96900  -53.04950 1154913755 219.057368    34.6643 0.0000e+00
   1044.000     0.2566   2.947071     0.2571   2.947186    5.44559    -0.1091    13.8155 0.0000e+00  -61.96900  -53.04950 1154913756 219.057381    34.6644 0.0000e+00
   1045.000     0.2574   2.947207     0.2577   2.947301    5.44468    -0.1116    13.8155 0.0000e+00  -61.96900  -53.04950 1154913757 219.057394    34.6648 0.0000e+00
   1046.000     0.2582   2.947326     0.2587   2.947454    5.44214    -0.1240    13.8155 0.0000e+00  -61.96900  -53.04950 1154913758 219.057407    34.6648 0.0000e+00
   1047.000     0.2611   2.947658     0.2610   2.947711    5.44218    -0.1083    13.8155 0.0000e+00  -61.96900  -53.04950 1154913760 219.057420    34.6653 0.0000e+00
   1048.000     0.2625   2.947838     0.2632   2.947963    5.44064    -0.1123    13.8155 0.0000e+00  -61.96900  -53.04950 1154913761 219.057434    34.6654 0.0000e+00
   1049.000     0.2611   2.947736     0.2615   2.947835    5.43970    -0.1229    13.8155 0.0000e+00  -61.96900  -53.04950 1154913762 219.057447    34.6652 0.0000e+00
   1050.000     0.2637   2.948029     0.2641   2.948135    5.43787    -0.1111    13.8155 0.0000e+00  -61.96900  -53.04950 1154913763 219.057460    34.6655 0.0000e+00
   1051.000     0.2622   2.947915     0.2627   2.948036    5.43561    -0.1189    13.8155 0.0000e+00  -61.96900  -53.04950 1154913764 219.057473    34.6652 0.0000e+00
   1052.000     0.2646   2.948200     0.2651   2.948314    5.43331    -0.1022    13.8155 0.0000e+00  -61.96900  -53.04950 1154913765 219.057487    34.6656 0.0000e+00
   1053.000     0.2665   2.948435     0.2670   2.948524    5.43138    -0.1197    13.8155 0.0000e+00  -61.96900  -53.04950 1154913767 219.057500    34.6659 0.0000e+00
   1054.000     0.2735   2.949201     0.2736   2.949213    5.42750    -0.0853    13.8155 0.0000e+00  -61.96900  -53.04950 1154913768 219.057513    34.6675 0.0000e+00
   1055.000     0.2772   2.949589     0.2776   2.949692    5.42473    -0.1105    13.8155 0.0000e+00  -61.96900  -53.04950 1154913769 219.057526    34.6676 0.0000e+00
   1056.000     0.2776   2.949666     0.2780   2.949764    5.42152    -0.1233    13.8155 0.0000e+00  -61.96900  -53.04950 1154913770 219.057540    34.6677 0.0000e+00
   1057.000     0.2791   2.949859     0.2794   2.949939    5.41691    -0.1400    13.8155 0.0000e+00  -61.96900  -53.04950 1154913771 219.057553    34.6680 0.0000e+00
   1058.000     0.2794   2.949933     0.2799   2.950042    5.41630    -0.1206    13.8155 0.0000e+00  -61.96900  -53.04950 1154913772 219.057566    34.6681 0.0000e+00
   1059.000     0.2801   2.950036     0.2805   2.950140    5.41431    -0.1164    13.8155 0.0000e+00  -61.96900  -53.04950 1154913773 219.057579    34.6682 0.0000e+00
