product_data/regression_test/downloaded_data/MGDS/320620060703/ctd/adapted/heads_insert_p6617612.cnv
* Sea-Bird SBE 9 Data File:
* FileName = D:\Data\Raw\p6617612.dat
* Software Version Seasave Win32 V 5.32
* Temperature SN = 1649
* Conductivity SN = 1431
* Number of Bytes Per Scan = 37
* Number of Voltage Words = 5
* Number of Scans Averaged by the Deck Unit = 1
* NMEA Latitude = 60 37.00 S
* NMEA Longitude = 054 43.23 W
* NMEA UTC (Time) = 15:44:17
** Ship:   Nathaniel B. Palmer 
** Cruise:    NBP0606 
# nquan = 15
# nvalues = 391                         
# units = specified
# name 0 = prDM: Pressure, Digiquartz [db]
# name 1 = t090C: Temperature [ITS-90, deg C]
# name 2 = c0S/m: Conductivity [S/m]
# name 3 = t190C: Temperature, 2 [ITS-90, deg C]
# name 4 = c1S/m: Conductivity, 2 [S/m]
# name 5 = sbeox0ML/L: Oxygen, SBE 43 [ml/l]
# name 6 = flECO-AFL: Fluorescence, Wetlab ECO-AFL/FL [mg/m^3]
# name 7 = bat: Beam Attenuation, Chelsea/Seatech/Wetlab CStar [1/m]
# name 8 = spar: SPAR/Surface Irradiance
# name 9 = latitude: Latitude [deg]
# name 10 = longitude: Longitude [deg]
# name 11 = timeY: Time, System [seconds]
# name 12 = timeJ: Julian Days
# name 13 = sal00: Salinity [PSU]
# name 14 = flag: flag
# span 0 =     14.000,    404.000       
# span 1 =    -0.6711,     1.3474       
# span 2 =   2.782720,   2.992082       
# span 3 =    -0.6708,     1.3473       
# span 4 =   2.785099,   2.992377       
# span 5 =    4.98306,    7.57185       
# span 6 =    -0.1058,     0.3905       
# span 7 =    13.8155,    13.8155       
# span 8 = 5.0859e+01, 6.0393e+01       
# span 9 =  -60.61667,  -60.61667       
# span 10 =  -54.72050,  -54.72050      
# span 11 = 1153496647, 1153497309      
# span 12 = 202.655655, 202.663322      
# span 13 =    34.1147,    35.6918      
# span 14 = 0.0000e+00, 0.0000e+00      
# interval = decibars: 1                
# start_time = Jul 21 2006 15:44:25
# bad_flag = -9.990e-29
*END*
[from data line 290]
    303.000     0.6167   2.933461     0.6181   2.934004    5.59675    -0.0930    13.8155 5.4548e+01  -60.61667  -54.72050 1153497165 202.661647    34.5161 0.0000e+00
    304.000     0.6061   2.932504     0.6071   2.933044    5.60695    -0.0699    13.8155 5.4548e+01  -60.61667  -54.72050 1153497165 202.661655    34.5148 0.0000e+00
    305.000     0.5796   2.930102     0.5831   2.930930    5.61567    -0.0714    13.8155 5.4548e+01  -60.61667  -54.72050 1153497166 202.661663    34.5127 0.0000e+00
    306.000     0.5520   2.927800     0.5534   2.928399    5.63042    -0.0798    13.8155 5.4548e+01  -60.61667  -54.72050 1153497167 202.661675    34.5134 0.0000e+00
    307.000     0.5453   2.927414     0.5452   2.927784    5.65523    -0.0801    13.8155 5.4548e+01  -60.61667  -54.72050 1153497169 202.661702    34.5145 0.0000e+00
    308.000     0.5368   2.926688     0.5328   2.926789    5.68362    -0.0750    13.8155 5.4548e+01  -60.61667  -54.72050 1153497172 202.661727    34.5129 0.0000e+00
    309.000     0.4761   2.921214     0.4720   2.921441    5.71323    -0.0814    13.8155 5.4548e+01  -60.61667  -54.72050 1153497173 202.661746    34.5096 0.0000e+00
    310.000     0.4305   2.917220     0.4298   2.917624    5.74080    -0.0641    13.8155 5.4548e+01  -60.61667  -54.72050 1153497174 202.661760    34.5091 0.0000e+00
    311.000     0.4013   2.914480     0.3973   2.914794    5.76739    -0.1027    13.8155 5.4548e+01  -60.61667  -54.72050 1153497175 202.661771    34.5049 0.0000e+00
    312.000     0.3434   2.909352     0.3427   2.909941    5.78959    -0.0720    13.8155 5.4548e+01  -60.61667  -54.72050 1153497176 202.661780    34.5035 0.0000e+00
    313.000     0.3315   2.908494     0.3304   2.908900    5.80866    -0.0769    13.8155 5.4548e+01  -60.61667  -54.72050 1153497177 202.661791    34.5050 0.0000e+00
    314.000     0.3128   2.906859     0.3119   2.907258    5.83172    -0.0752    13.8155 5.4548e+01  -60.61667  -54.72050 1153497178 202.661803    34.5036 0.0000e+00
    315.000     0.2999   2.905733     0.2980   2.906065    5.85361    -0.0884    13.8155 5.4548e+01  -60.61667  -54.72050 1153497179 202.661817    34.5020 0.0000e+00
    316.000     0.2710   2.903189     0.2687   2.903480    5.87344    -0.0775    13.8155 5.5959e+01  -60.61667  -54.72050 1153497180 202.661831    34.5006 0.0000e+00
    317.000     0.2576   2.902038     0.2613   2.902852    5.89411    -0.0771    13.8155 5.5312e+01  -60.61667  -54.72050 1153497182 202.661847    34.4994 0.0000e+00
    318.000     0.2346   2.900026     0.2374   2.900762    5.92294    -0.0805    13.8155 5.5495e+01  -60.61667  -54.72050 1153497184 202.661872    34.4973 0.0000e+00
    319.000     0.2068   2.897578     0.2027   2.897696    5.94509    -0.0846    13.8155 5.6088e+01  -60.61667  -54.72050 1153497186 202.661892    34.4958 0.0000e+00
    320.000     0.1960   2.896655     0.1938   2.896917    5.95812    -0.0904    13.8155 5.4872e+01  -60.61667  -54.72050 1153497187 202.661905    34.4948 0.0000e+00
    321.000     0.1884   2.896011     0.1870   2.896362    5.96953    -0.1058    13.8155 5.6294e+01  -60.61667  -54.72050 1153497188 202.661915    34.4940 0.0000e+00
    322.000     0.1790   2.895262     0.1792   2.895698    5.97376    -0.0776    13.8155 5.6387e+01  -60.61667  -54.72050 1153497188 202.661924    34.4943 0.0000e+00
    323.000     0.1775   2.895163     0.1775   2.895623    5.97946    -0.0983    13.8155 5.6399e+01  -60.61667  -54.72050 1153497189 202.661934    34.4936 0.0000e+00
    324.000     0.1730   2.894826     0.1722   2.895218    5.98519    -0.0787    13.8155 5.5248e+01  -60.61667  -54.72050 1153497190 202.661944    34.4934 0.0000e+00
    325.000     0.1474   2.892542     0.1389   2.892286    6.00007    -0.0773    13.8155 5.5938e+01  -60.61667  -54.72050 1153497192 202.661964    34.4914 0.0000e+00
    326.000     0.1166   2.889899     0.1193   2.890539    6.01265    -0.0748    13.8155 -9.990e-29  -60.61667  -54.72050 1153497194 202.661989    34.4909 0.0000e+00
    327.000     0.1298   2.891162     0.1302   2.891613    6.02270    -0.0834    13.8155 -9.990e-29  -60.61667  -54.72050 1153497195 202.662003    34.4910 0.0000e+00
    328.000     0.1344   2.891718     0.1351   2.892003    6.01957    -0.1000    13.8155 5.6496e+01  -60.61667  -54.72050 1153497196 202.662014    34.4926 0.0000e+00
    329.000     0.1745   2.895604     0.1761   2.895916    6.01337    -0.0781    13.8155 5.6422e+01  -60.61667  -54.72050 1153497197 202.662026    34.4971 0.0000e+00
    330.000     0.1993   2.897876     0.1966   2.897985    6.00212    -0.0725    13.8155 5.5244e+01  -60.61667  -54.72050 1153497199 202.662042    34.4970 0.0000e+00
    331.000     0.1876   2.896856     0.1893   2.897398    5.99514    -0.0810    13.8155 5.6258e+01  -60.61667  -54.72050 1153497200 202.662061    34.4965 0.0000e+00
    332.000     0.1798   2.896170     0.1777   2.896405    5.99245    -0.0817    13.8155 -9.990e-29  -60.61667  -54.72050 1153497201 202.662074    34.4958 0.0000e+00
    333.000     0.1733   2.895659     0.1742   2.896114    5.99016    -0.0849    13.8155 -9.990e-29  -60.61667  -54.72050 1153497202 202.662085    34.4962 0.0000e+00
    334.000     0.1803   2.896381     0.1814   2.896816    5.98649    -0.0616    13.8155 -9.990e-29  -60.61667  -54.72050 1153497203 202.662097    34.4970 0.0000e+00
    335.000     0.1914   2.897490     0.1926   2.897905    5.98942    -0.0815    13.8155 -9.990e-29  -60.61667  -54.72050 1153497205 202.662112    34.4982 0.0000e+00
    336.000     0.2036   2.898686     0.2036   2.899015    5.97454    -0.0780    13.8155 -9.990e-29  -60.61667  -54.72050 1153497206 202.662129    34.4992 0.0000e+00
    337.000     0.2346   2.901688     0.2339   2.901835    5.96460    -0.0783    13.8155 -9.990e-29  -60.61667  -54.72050 1153497207 202.662143    34.5023 0.0000e+00
    338.000     0.2243   2.900700     0.2245   2.901246    5.96574    -0.0726    13.8155 -9.990e-29  -60.61667  -54.72050 1153497209 202.662156    34.5004 0.0000e+00
    339.000     0.1971   2.898441     0.1980   2.898856    5.97000    -0.0703    13.8155 -9.990e-29  -60.61667  -54.72050 1153497210 202.662175    34.5022 0.0000e+00
    340.000     0.2009   2.898836     0.2000   2.899139    5.97121    -0.0778    13.8155 -9.990e-29  -60.61667  -54.72050 1153497212 202.662197    34.5023 0.0000e+00
    341.000     0.1835   2.897205     0.1830   2.897727    5.97916    -0.0644    13.8155 -9.990e-29  -60.61667  -54.72050 1153497213 202.662210    34.5004 0.0000e+00
    342.000     0.1424   2.893666     0.1427   2.894113    5.98532    -0.0889    13.8155 -9.990e-29  -60.61667  -54.72050 1153497214 202.662220    34.5005 0.0000e+00
    343.000     0.1449   2.893963     0.1455   2.894402    5.99013    -0.0652    13.8155 -9.990e-29  -60.61667  -54.72050 1153497215 202.662229    34.5007 0.0000e+00
    344.000     0.1498   2.894495     0.1499   2.894853    5.98957    -0.0792    13.8155 -9.990e-29  -60.61667  -54.72050 1153497216 202.662239    34.5015 0.0000e+00
    345.000     0.1701   2.896481     0.1717   2.896912    5.98383    -0.0813    13.8155 -9.990e-29  -60.61667  -54.72050 1153497217 202.662252    34.5036 0.0000e+00
    346.000     0.1904   2.898424     0.1917   2.898871    5.97470    -0.0780    13.8155 -9.990e-29  -60.61667  -54.72050 1153497219 202.662273    34.5048 0.0000e+00
    347.000     0.1957   2.898949     0.1966   2.899353    5.96684    -0.0838    13.8155 -9.990e-29  -60.61667  -54.72050 1153497220 202.662293    34.5052 0.0000e+00
    348.000     0.2010   2.899467     0.2022   2.899913    5.96387    -0.0638    13.8155 -9.990e-29  -60.61667  -54.72050 1153497222 202.662307    34.5054 0.0000e+00
    349.000     0.1978   2.899213     0.1983   2.899625    5.96330    -0.0804    13.8155 -9.990e-29  -60.61667  -54.72050 1153497223 202.662319    34.5050 0.0000e+00
    350.000     0.1997   2.899452     0.2001   2.899819    5.95989    -0.0734    13.8155 -9.990e-29  -60.61667  -54.72050 1153497224 202.662332    34.5055 0.0000e+00
    351.000     0.2079   2.900273     0.2083   2.900622    5.95566    -0.0790    13.8155 -9.990e-29  -60.61667  -54.72050 1153497225 202.662351    34.5064 0.0000e+00
    352.000     0.2169   2.901161     0.2177   2.901569    5.95175    -0.0828    13.8155 -9.990e-29  -60.61667  -54.72050 1153497227 202.662369    34.5072 0.0000e+00
    353.000     0.2170   2.901247     0.2179   2.901664    5.94963    -0.0915    13.8155 -9.990e-29  -60.61667  -54.72050 1153497228 202.662383    34.5077 0.0000e+00
    354.000     0.2187   2.901480     0.2195   2.901898    5.94682    -0.0863    13.8155 -9.990e-29  -60.61667  -54.72050 1153497229 202.662394    34.5083 0.0000e+00
    355.000     0.2212   2.901781     0.2221   2.902195    5.94233    -0.0892    13.8155 -9.990e-29  -60.61667  -54.72050 1153497230 202.662404    34.5089 0.0000e+00
    356.000     0.2260   2.902278     0.2268   2.902679    5.93884    -0.0730    13.8155 -9.990e-29  -60.61667  -54.72050 1153497231 202.662413    34.5094 0.0000e+00
    357.000     0.2274   2.902493     0.2288   2.902921    5.93402    -0.0733    13.8155 -9.990e-29  -60.61667  -54.72050 1153497232 202.662423    34.5101 0.0000e+00
    358.000     0.2291   2.902680     0.2291   2.902993    5.92998    -0.0771    13.8155 -9.990e-29  -60.61667  -54.72050 1153497233 202.662437    34.5100 0.0000e+00
    359.000     0.2269   2.902494     0.2281   2.902955    5.93103    -0.0759    13.8155 -9.990e-29  -60.61667  -54.72050 1153497236 202.662479    34.5097 0.0000e+00
    360.000     0.2340   2.903250     0.2355   2.903686    5.93242    -0.0774    13.8155 -9.990e-29  -60.61667  -54.72050 1153497238 202.662497    34.5111 0.0000e+00
    361.000     0.2392   2.903770     0.2395   2.904129    5.92882    -0.0644    13.8155 -9.990e-29  -60.61667  -54.72050 1153497239 202.662507    34.5114 0.0000e+00
    362.000     0.2404   2.903912     0.2406   2.904276    5.92751    -0.0922    13.8155 -9.990e-29  -60.61667  -54.72050 1153497240 202.662515    34.5113 0.0000e+00
    363.000     0.2412   2.904024     0.2407   2.904329    5.92510    -0.0945    13.8155 -9.990e-29  -60.61667  -54.72050 1153497240 202.662523    34.5111 0.0000e+00
    364.000     0.2372   2.903731     0.2372   2.904096    5.92357    -0.0911    13.8155 -9.990e-29  -60.61667  -54.72050 1153497241 202.662531    34.5114 0.0000e+00
    365.000     0.2353   2.903624     0.2357   2.904023    5.92214    -0.0778    13.8155 -9.990e-29  -60.61667  -54.72050 1153497242 202.662541    34.5117 0.0000e+00
    366.000     0.2282   2.903071     0.2281   2.903401    5.92183    -0.0714    13.8155 -9.990e-29  -60.61667  -54.72050 1153497244 202.662562    34.5120 0.0000e+00
    367.000     0.2207   2.902470     0.2209   2.902807    5.92284    -0.0784    13.8155 -9.990e-29  -60.61667  -54.72050 1153497246 202.662584    34.5123 0.0000e+00
    368.000     0.2275   2.903181     0.2279   2.903528    5.92191    -0.0829    13.8155 -9.990e-29  -60.61667  -54.72050 1153497247 202.662596    34.5133 0.0000e+00
    369.000     0.2351   2.903951     0.2353   2.904284    5.91934    -0.0774    13.8155 -9.990e-29  -60.61667  -54.72050 1153497248 202.662607    34.5140 0.0000e+00
    370.000     0.2365   2.904162     0.2373   2.904571    5.92080    -0.0795    13.8155 -9.990e-29  -60.61667  -54.72050 1153497249 202.662621    34.5144 0.0000e+00
    371.000     0.2347   2.904063     0.2352   2.904454    5.91932    -0.0849    13.8155 5.6300e+01  -60.61667  -54.72050 1153497251 202.662644    34.5147 0.0000e+00
    372.000     0.2327   2.903951     0.2330   2.904322    5.91492    -0.0851    13.8155 5.6308e+01  -60.61667  -54.72050 1153497252 202.662662    34.5149 0.0000e+00
    373.000     0.2295   2.903716     0.2300   2.904112    5.91665    -0.0755    13.8155 5.6262e+01  -60.61667  -54.72050 1153497253 202.662675    34.5149 0.0000e+00
    374.000     0.2271   2.903528     0.2271   2.903891    5.92480    -0.0847    13.8155 5.5567e+01  -60.61667  -54.72050 1153497254 202.662687    34.5146 0.0000e+00
    375.000     0.2202   2.903007     0.2213   2.903441    5.92326    -0.0727    13.8155 5.6125e+01  -60.61667  -54.72050 1153497256 202.662701    34.5152 0.0000e+00
    376.000     0.2283   2.903896     0.2299   2.904345    5.92099    -0.0862    13.8155 5.5825e+01  -60.61667  -54.72050 1153497257 202.662717    34.5170 0.0000e+00
    377.000     0.2268   2.903782     0.2253   2.904079    5.92506    -0.0980    13.8155 5.5546e+01  -60.61667  -54.72050 1153497258 202.662731    34.5160 0.0000e+00
    378.000     0.1933   2.900822     0.1927   2.901216    5.92887    -0.0853    13.8155 5.5426e+01  -60.61667  -54.72050 1153497259 202.662742    34.5153 0.0000e+00
    379.000     0.1849   2.900129     0.1859   2.900619    5.93386    -0.0884    13.8155 -9.990e-29  -60.61667  -54.72050 1153497260 202.662752    34.5153 0.0000e+00
    380.000     0.1817   2.899894     0.1822   2.900315    5.93786    -0.0786    13.8155 -9.990e-29  -60.61667  -54.72050 1153497261 202.662762    34.5153 0.0000e+00
    381.000     0.1811   2.899917     0.1815   2.900306    5.94487    -0.0830    13.8155 5.6266e+01  -60.61667  -54.72050 1153497263 202.662781    34.5154 0.0000e+00
    382.000     0.1810   2.899984     0.1813   2.900368    5.95217    -0.0854    13.8155 5.5516e+01  -60.61667  -54.72050 1153497265 202.662808    34.5155 0.0000e+00
    383.000     0.1785   2.899812     0.1794   2.900264    5.95709    -0.0823    13.8155 5.6384e+01  -60.61667  -54.72050 1153497266 202.662821    34.5154 0.0000e+00
    384.000     0.1762   2.899663     0.1766   2.900073    5.96164    -0.0948    13.8155 5.6225e+01  -60.61667  -54.72050 1153497267 202.662831    34.5155 0.0000e+00
    385.000     0.1690   2.899028     0.1667   2.899237    5.96365    -0.0905    13.8155 5.6484e+01  -60.61667  -54.72050 1153497268 202.662842    34.5146 0.0000e+00
    386.000     0.1626   2.898526     0.1657   2.899142    5.96474    -0.0752    13.8155 -9.990e-29  -60.61667  -54.72050 1153497269 202.662859    34.5148 0.0000e+00
    387.000     0.1589   2.898233     0.1618   2.898876    5.96593    -0.0934    13.8155 5.6496e+01  -60.61667  -54.72050 1153497271 202.662881    34.5144 0.0000e+00
    388.000     0.1580   2.898222     0.1584   2.898620    5.96925    -0.0849    13.8155 5.6212e+01  -60.61667  -54.72050 1153497273 202.662897    34.5145 0.0000e+00
    389.000     0.1572   2.898217     0.1577   2.898609    5.96891    -0.0866    13.8155 5.5606e+01  -60.61667  -54.72050 1153497274 202.662910    34.5146 0.0000e+00
    390.000     0.1616   2.898727     0.1625   2.899127    5.96990    -0.0887    13.8155 5.5821e+01  -60.61667  -54.72050 1153497275 202.662923    34.5158 0.0000e+00
    391.000     0.1697   2.899546     0.1704   2.899910    5.97054    -0.0855    13.8155 5.5772e+01  -60.61667  -54.72050 1153497276 202.662937    34.5165 0.0000e+00
    392.000     0.1855   2.901094     0.1892   2.901740    5.95862    -0.0807    13.8155 -9.990e-29  -60.61667  -54.72050 1153497278 202.662962    34.5181 0.0000e+00
    393.000     0.1817   2.900717     0.1772   2.900644    5.93319    -0.0820    13.8155 -9.990e-29  -60.61667  -54.72050 1153497283 202.663015    34.5171 0.0000e+00
    394.000     0.2229   2.904703     0.2333   2.905867    5.91456    -0.0832    13.8155 -9.990e-29  -60.61667  -54.72050 1153497285 202.663038    34.5221 0.0000e+00
    395.000     0.2990   2.912106     0.3014   2.912337    5.88191    -0.0784    13.8155 -9.990e-29  -60.61667  -54.72050 1153497287 202.663063    34.5319 0.0000e+00
    396.000     0.3349   2.915454     0.3353   2.915688    5.86477    -0.0736    13.8155 -9.990e-29  -60.61667  -54.72050 1153497288 202.663074    34.5335 0.0000e+00
    397.000     0.3440   2.916363     0.3449   2.916645    5.85289    -0.0816    13.8155 -9.990e-29  -60.61667  -54.72050 1153497289 202.663084    34.5348 0.0000e+00
