product_data/regression_test/downloaded_data/MGDS/320620060703/ctd/adapted/heads_insert_p6606204.cnv
* Sea-Bird SBE 9 Data File:
* FileName = D:\Data\Raw\p6606204.dat
* Software Version Seasave Win32 V 5.32
* Temperature SN = 1649
* Conductivity SN = 1431
* Number of Bytes Per Scan = 37
* Number of Voltage Words = 5
* Number of Scans Averaged by the Deck Unit = 1
* NMEA Latitude = 61 05.82 S
* NMEA Longitude = 058 08.38 W
* NMEA UTC (Time) = 08:04:11
** Ship:   Nathaniel B. Palmer 
** Cruise:    NBP0606 
# nquan = 15
# nvalues = 151                         
# units = specified
# name 0 = prDM: Pressure, Digiquartz [db]
# name 1 = t090C: Temperature [ITS-90, deg C]
# name 2 = c0S/m: Conductivity [S/m]
# name 3 = t190C: Temperature, 2 [ITS-90, deg C]
# name 4 = c1S/m: Conductivity, 2 [S/m]
# name 5 = sbeox0ML/L: Oxygen, SBE 43 [ml/l]
# name 6 = flECO-AFL: Fluorescence, Wetlab ECO-AFL/FL [mg/m^3]
# name 7 = bat: Beam Attenuation, Chelsea/Seatech/Wetlab CStar [1/m]
# name 8 = spar: SPAR/Surface Irradiance
# name 9 = latitude: Latitude [deg]
# name 10 = longitude: Longitude [deg]
# name 11 = timeY: Time, System [seconds]
# name 12 = timeJ: Julian Days
# name 13 = sal00: Salinity [PSU]
# name 14 = flag: flag
# span 0 =      9.000,    159.000       
# span 1 =    -0.8163,     0.8815       
# span 2 =   2.756222,   2.939485       
# span 3 =    -0.8165,     0.8828       
# span 4 =   2.756489,   2.939431       
# span 5 =    5.52550,    8.03802       
# span 6 =    -0.0880,     0.0141       
# span 7 =    13.8155,    13.8155       
# span 8 = 0.0000e+00, 0.0000e+00       
# span 9 =  -61.09700,  -61.09700       
# span 10 =  -58.13967,  -58.13967      
# span 11 = 1152259456, 1152259819      
# span 12 = 188.336313, 188.340516      
# span 13 =    33.9225,    34.8615      
# span 14 = 0.0000e+00, 0.0000e+00      
# interval = decibars: 1                
# start_time = Jul 07 2006 08:04:18
# bad_flag = -9.990e-29
*END*
[from data line 97]
    105.000    -0.0646   2.839368    -0.0633   2.839460    7.15473    -0.0605    13.8155 0.0000e+00  -61.09700  -58.13967 1152259626 188.338285    34.1496 0.0000e+00
    106.000    -0.0261   2.843532    -0.0248   2.843639    7.11950    -0.0592    13.8155 0.0000e+00  -61.09700  -58.13967 1152259627 188.338297    34.1610 0.0000e+00
    107.000     0.0239   2.849052     0.0248   2.849072    7.09084    -0.0541    13.8155 0.0000e+00  -61.09700  -58.13967 1152259628 188.338308    34.1771 0.0000e+00
    108.000     0.0485   2.851542     0.0489   2.851497    7.06781    -0.0685    13.8155 0.0000e+00  -61.09700  -58.13967 1152259629 188.338317    34.1811 0.0000e+00
    109.000     0.0609   2.852868     0.0616   2.852850    7.04417    -0.0468    13.8155 0.0000e+00  -61.09700  -58.13967 1152259630 188.338326    34.1845 0.0000e+00
    110.000     0.0766   2.854571     0.0782   2.854618    7.02119    -0.0574    13.8155 0.0000e+00  -61.09700  -58.13967 1152259631 188.338337    34.1893 0.0000e+00
    111.000     0.1061   2.857758     0.1130   2.858259    6.98126    -0.0486    13.8155 0.0000e+00  -61.09700  -58.13967 1152259632 188.338358    34.1984 0.0000e+00
    112.000     0.1286   2.860056     0.1296   2.860047    6.94424    -0.0461    13.8155 0.0000e+00  -61.09700  -58.13967 1152259635 188.338382    34.2037 0.0000e+00
    113.000     0.1307   2.860284     0.1315   2.860292    6.92788    -0.0591    13.8155 0.0000e+00  -61.09700  -58.13967 1152259636 188.338394    34.2044 0.0000e+00
    114.000     0.1444   2.861907     0.1457   2.861985    6.89631    -0.0531    13.8155 0.0000e+00  -61.09700  -58.13967 1152259636 188.338403    34.2107 0.0000e+00
    115.000     0.1822   2.866075     0.1828   2.866062    6.86583    -0.0572    13.8155 0.0000e+00  -61.09700  -58.13967 1152259637 188.338411    34.2222 0.0000e+00
    116.000     0.2184   2.870045     0.2188   2.870008    6.84507    -0.0562    13.8155 0.0000e+00  -61.09700  -58.13967 1152259638 188.338419    34.2327 0.0000e+00
    117.000     0.2325   2.871549     0.2383   2.872057    6.80641    -0.0569    13.8155 0.0000e+00  -61.09700  -58.13967 1152259639 188.338436    34.2362 0.0000e+00
    118.000     0.2576   2.874345     0.2606   2.874481    6.70397    -0.0635    13.8155 0.0000e+00  -61.09700  -58.13967 1152259643 188.338475    34.2460 0.0000e+00
    119.000     0.3000   2.878734     0.3009   2.878740    6.66148    -0.0745    13.8155 0.0000e+00  -61.09700  -58.13967 1152259644 188.338487    34.2548 0.0000e+00
    120.000     0.3166   2.880576     0.3173   2.880543    6.61905    -0.0645    13.8155 0.0000e+00  -61.09700  -58.13967 1152259645 188.338498    34.2601 0.0000e+00
    121.000     0.3257   2.881586     0.3263   2.881537    6.56818    -0.0788    13.8155 0.0000e+00  -61.09700  -58.13967 1152259645 188.338507    34.2625 0.0000e+00
    122.000     0.3555   2.884785     0.3580   2.884780    6.51143    -0.0526    13.8155 0.0000e+00  -61.09700  -58.13967 1152259646 188.338516    34.2714 0.0000e+00
    123.000     0.4317   2.892260     0.4344   2.892208    6.45605    -0.0499    13.8155 0.0000e+00  -61.09700  -58.13967 1152259647 188.338525    34.2824 0.0000e+00
    124.000     0.4656   2.895573     0.4661   2.895425    6.41495    -0.0635    13.8155 0.0000e+00  -61.09700  -58.13967 1152259648 188.338533    34.2854 0.0000e+00
    125.000     0.4649   2.895613     0.4659   2.895529    6.37274    -0.0762    13.8155 0.0000e+00  -61.09700  -58.13967 1152259649 188.338545    34.2872 0.0000e+00
    126.000     0.4619   2.895337     0.4667   2.895629    6.27213    -0.0668    13.8155 0.0000e+00  -61.09700  -58.13967 1152259653 188.338591    34.2890 0.0000e+00
    127.000     0.4849   2.897793     0.4867   2.897802    6.25229    -0.0612    13.8155 0.0000e+00  -61.09700  -58.13967 1152259654 188.338605    34.2953 0.0000e+00
    128.000     0.4953   2.898831     0.4955   2.898732    6.23348    -0.0676    13.8155 0.0000e+00  -61.09700  -58.13967 1152259655 188.338613    34.2963 0.0000e+00
    129.000     0.4987   2.899269     0.4992   2.899205    6.21133    -0.0666    13.8155 0.0000e+00  -61.09700  -58.13967 1152259655 188.338621    34.2981 0.0000e+00
    130.000     0.5105   2.900486     0.5108   2.900408    6.19702    -0.0775    13.8155 0.0000e+00  -61.09700  -58.13967 1152259656 188.338629    34.3001 0.0000e+00
    131.000     0.5313   2.902697     0.5320   2.902664    6.17855    -0.0880    13.8155 0.0000e+00  -61.09700  -58.13967 1152259657 188.338636    34.3053 0.0000e+00
    132.000     0.5429   2.903842     0.5438   2.903752    6.12614    -0.0598    13.8155 0.0000e+00  -61.09700  -58.13967 1152259659 188.338664    34.3070 0.0000e+00
    133.000     0.5574   2.905339     0.5717   2.906617    6.01761    -0.0612    13.8155 0.0000e+00  -61.09700  -58.13967 1152259662 188.338700    34.3114 0.0000e+00
    134.000     0.6347   2.913154     0.6375   2.913217    5.96910    -0.0681    13.8155 0.0000e+00  -61.09700  -58.13967 1152259663 188.338709    34.3252 0.0000e+00
    135.000     0.6871   2.918388     0.6877   2.918270    5.93818    -0.0712    13.8155 0.0000e+00  -61.09700  -58.13967 1152259664 188.338718    34.3321 0.0000e+00
    136.000     0.7037   2.920297     0.7043   2.920199    5.91820    -0.0770    13.8155 0.0000e+00  -61.09700  -58.13967 1152259664 188.338725    34.3385 0.0000e+00
    137.000     0.7247   2.922515     0.7283   2.922611    5.90290    -0.0707    13.8155 0.0000e+00  -61.09700  -58.13967 1152259665 188.338732    34.3423 0.0000e+00
    138.000     0.7148   2.921727     0.7163   2.921661    5.89147    -0.0595    13.8155 0.0000e+00  -61.09700  -58.13967 1152259666 188.338742    34.3433 0.0000e+00
    139.000     0.7094   2.921318     0.7100   2.921154    5.87730    -0.0525    13.8155 0.0000e+00  -61.09700  -58.13967 1152259667 188.338761    34.3445 0.0000e+00
    140.000     0.7026   2.920669     0.7033   2.920562    5.86846    -0.0552    13.8155 0.0000e+00  -61.09700  -58.13967 1152259670 188.338796    34.3448 0.0000e+00
    141.000     0.7171   2.922096     0.7176   2.922019    5.85612    -0.0517    13.8155 0.0000e+00  -61.09700  -58.13967 1152259672 188.338816    34.3469 0.0000e+00
    142.000     0.7231   2.922718     0.7241   2.922681    5.84437    -0.0503    13.8155 0.0000e+00  -61.09700  -58.13967 1152259673 188.338827    34.3477 0.0000e+00
    143.000     0.7331   2.923785     0.7335   2.923689    5.83012    -0.0592    13.8155 0.0000e+00  -61.09700  -58.13967 1152259674 188.338836    34.3502 0.0000e+00
    144.000     0.7400   2.924459     0.7416   2.924449    5.82658    -0.0500    13.8155 0.0000e+00  -61.09700  -58.13967 1152259675 188.338846    34.3503 0.0000e+00
    145.000     0.7330   2.923881     0.7343   2.923848    5.82626    -0.0538    13.8155 0.0000e+00  -61.09700  -58.13967 1152259676 188.338857    34.3504 0.0000e+00
    146.000     0.7259   2.923273     0.7257   2.923149    5.81653    -0.0568    13.8155 0.0000e+00  -61.09700  -58.13967 1152259677 188.338869    34.3503 0.0000e+00
    147.000     0.7474   2.925572     0.7511   2.925757    5.79247    -0.0543    13.8155 0.0000e+00  -61.09700  -58.13967 1152259678 188.338883    34.3559 0.0000e+00
    148.000     0.7882   2.929583     0.7928   2.929852    5.74220    -0.0383    13.8155 0.0000e+00  -61.09700  -58.13967 1152259681 188.338924    34.3611 0.0000e+00
    149.000     0.7973   2.930796     0.7991   2.930760    5.69636    -0.0612    13.8155 0.0000e+00  -61.09700  -58.13967 1152259684 188.338949    34.3669 0.0000e+00
    150.000     0.8135   2.932473     0.8142   2.932395    5.66738    -0.0633    13.8155 0.0000e+00  -61.09700  -58.13967 1152259684 188.338958    34.3695 0.0000e+00
    151.000     0.8297   2.934277     0.8300   2.934175    5.64781    -0.0662    13.8155 0.0000e+00  -61.09700  -58.13967 1152259685 188.338966    34.3746 0.0000e+00
    152.000     0.8665   2.938011     0.8672   2.937932    5.63511    -0.0695    13.8155 0.0000e+00  -61.09700  -58.13967 1152259686 188.338973    34.3807 0.0000e+00
    153.000     0.8815   2.939485     0.8828   2.939431    5.57173    -0.0454    13.8155 0.0000e+00  -61.09700  -58.13967 1152259701 188.339149    34.3835 0.0000e+00
    154.000     0.8713   2.938706     0.8724   2.938675    5.52793    -0.0470    13.8155 0.0000e+00  -61.09700  -58.13967 1152259722 188.339393    34.3859 0.0000e+00
    155.000     0.8638   2.938142     0.8674   2.938290    5.52550    -0.0560    13.8155 0.0000e+00  -61.09700  -58.13967 1152259730 188.339492    34.3866 0.0000e+00
    156.000     0.8546   2.937388     0.8529   2.937087    5.54403    -0.0624    13.8155 0.0000e+00  -61.09700  -58.13967 1152259751 188.339732    34.3866 0.0000e+00
    157.000     0.8383   2.936130     0.8380   2.935984    5.55665    -0.0617    13.8155 0.0000e+00  -61.09700  -58.13967 1152259769 188.339934    34.3880 0.0000e+00
    158.000     0.8288   2.935481     0.8297   2.935386    5.57239    -0.0483    13.8155 0.0000e+00  -61.09700  -58.13967 1152259810 188.340413    34.3893 0.0000e+00
    159.000     0.8283   2.935429     0.8285   2.935305    5.57128    -0.0798    13.8155 0.0000e+00  -61.09700  -58.13967 1152259819 188.340516    34.3886 0.0000e+00
