product_data/regression_test/downloaded_data/MGDS/320620060703/ctd/adapted/heads_insert_p6609304.cnv
* Sea-Bird SBE 9 Data File:
* FileName = D:\Data\Raw\P6609304.dat
* Software Version Seasave Win32 V 5.32
* Temperature SN = 1649
* Conductivity SN = 1431
* Number of Bytes Per Scan = 37
* Number of Voltage Words = 5
* Number of Scans Averaged by the Deck Unit = 1
* NMEA Latitude = 61 07.50 S
* NMEA Longitude = 058 05.51 W
* NMEA UTC (Time) = 02:17:40
** Ship:   Nathaniel B. Palmer nbp
** Cruise:    NBP0603 nbp0606
** Cast #: 01
** Station:   93
** Operator: yz
# nquan = 15
# nvalues = 298                         
# units = specified
# name 0 = prDM: Pressure, Digiquartz [db]
# name 1 = t090C: Temperature [ITS-90, deg C]
# name 2 = c0S/m: Conductivity [S/m]
# name 3 = t190C: Temperature, 2 [ITS-90, deg C]
# name 4 = c1S/m: Conductivity, 2 [S/m]
# name 5 = sbeox0ML/L: Oxygen, SBE 43 [ml/l]
# name 6 = flECO-AFL: Fluorescence, Wetlab ECO-AFL/FL [mg/m^3]
# name 7 = bat: Beam Attenuation, Chelsea/Seatech/Wetlab CStar [1/m]
# name 8 = spar: SPAR/Surface Irradiance
# name 9 = latitude: Latitude [deg]
# name 10 = longitude: Longitude [deg]
# name 11 = timeY: Time, System [seconds]
# name 12 = timeJ: Julian Days
# name 13 = sal00: Salinity [PSU]
# name 14 = flag: flag
# span 0 =      5.000,    302.000       
# span 1 =    -0.7700,     1.9398       
# span 2 =   2.762957,   3.057968       
# span 3 =    -0.7685,     1.9416       
# span 4 =   2.763468,   3.058144       
# span 5 =    4.33011,    7.99410       
# span 6 =    -0.0854,     0.2391       
# span 7 =    13.8155,    13.8155       
# span 8 = 0.0000e+00, 0.0000e+00       
# span 9 =  -61.12500,  -61.12500       
# span 10 =  -58.09183,  -58.09183      
# span 11 = 1152584268, 1152584829      
# span 12 = 192.095684, 192.102212      
# span 13 =    33.9516,    34.6478      
# span 14 = 0.0000e+00, 0.0000e+00      
# interval = decibars: 1                
# start_time = Jul 11 2006 02:17:48
# bad_flag = -9.990e-29
*END*
[from data line 193]
    197.000     1.0329   2.961419     1.0342   2.961648    5.24127     0.0895    13.8155 0.0000e+00  -61.12500  -58.09183 1152584616 192.099748    34.4741 0.0000e+00
    198.000     1.0344   2.961611     1.0356   2.961828    5.23459     0.0802    13.8155 0.0000e+00  -61.12500  -58.09183 1152584617 192.099757    34.4744 0.0000e+00
    199.000     1.0370   2.961940     1.0384   2.962171    5.22303     0.0694    13.8155 0.0000e+00  -61.12500  -58.09183 1152584618 192.099769    34.4753 0.0000e+00
    200.000     1.0560   2.963939     1.0595   2.964309    5.19174     0.0547    13.8155 0.0000e+00  -61.12500  -58.09183 1152584620 192.099791    34.4792 0.0000e+00
    201.000     1.0871   2.967134     1.0899   2.967342    5.14662     0.0328    13.8155 0.0000e+00  -61.12500  -58.09183 1152584622 192.099818    34.4851 0.0000e+00
    202.000     1.1726   2.975677     1.1758   2.975822    5.10436     0.0311    13.8155 0.0000e+00  -61.12500  -58.09183 1152584623 192.099835    34.4973 0.0000e+00
    203.000     1.2076   2.979185     1.2105   2.979295    5.07562     0.0391    13.8155 0.0000e+00  -61.12500  -58.09183 1152584624 192.099845    34.5028 0.0000e+00
    204.000     1.2309   2.981401     1.2330   2.981545    5.04897     0.0329    13.8155 0.0000e+00  -61.12500  -58.09183 1152584625 192.099854    34.5041 0.0000e+00
    205.000     1.2672   2.985073     1.2706   2.985196    5.02320     0.0419    13.8155 0.0000e+00  -61.12500  -58.09183 1152584626 192.099862    34.5104 0.0000e+00
    206.000     1.3079   2.988997     1.3106   2.989072    4.99624     0.0416    13.8155 0.0000e+00  -61.12500  -58.09183 1152584627 192.099872    34.5142 0.0000e+00
    207.000     1.3359   2.991707     1.3382   2.991843    4.96102     0.0383    13.8155 0.0000e+00  -61.12500  -58.09183 1152584628 192.099885    34.5171 0.0000e+00
    208.000     1.3599   2.994013     1.3623   2.994223    4.90794     0.0234    13.8155 0.0000e+00  -61.12500  -58.09183 1152584630 192.099910    34.5204 0.0000e+00
    209.000     1.4057   2.998556     1.4102   2.998931    4.84559     0.0046    13.8155 0.0000e+00  -61.12500  -58.09183 1152584633 192.099941    34.5278 0.0000e+00
    210.000     1.4325   3.001307     1.4344   3.001426    4.81125     0.0019    13.8155 0.0000e+00  -61.12500  -58.09183 1152584634 192.099958    34.5328 0.0000e+00
    211.000     1.4533   3.003461     1.4561   3.003547    4.78098    -0.0030    13.8155 0.0000e+00  -61.12500  -58.09183 1152584635 192.099970    34.5373 0.0000e+00
    212.000     1.5084   3.008889     1.5100   3.008839    4.75987     0.0091    13.8155 0.0000e+00  -61.12500  -58.09183 1152584636 192.099979    34.5439 0.0000e+00
    213.000     1.5308   3.011044     1.5329   3.011138    4.73778    -0.0095    13.8155 0.0000e+00  -61.12500  -58.09183 1152584637 192.099988    34.5456 0.0000e+00
    214.000     1.5444   3.012407     1.5459   3.012467    4.72057     0.0076    13.8155 0.0000e+00  -61.12500  -58.09183 1152584637 192.099995    34.5474 0.0000e+00
    215.000     1.5546   3.013450     1.5565   3.013544    4.70838    -0.0047    13.8155 0.0000e+00  -61.12500  -58.09183 1152584638 192.100002    34.5491 0.0000e+00
    216.000     1.5748   3.015529     1.5775   3.015574    4.68931    -0.0120    13.8155 0.0000e+00  -61.12500  -58.09183 1152584639 192.100010    34.5529 0.0000e+00
    217.000     1.5867   3.016635     1.5891   3.016821    4.65772    -0.0231    13.8155 0.0000e+00  -61.12500  -58.09183 1152584640 192.100031    34.5537 0.0000e+00
    218.000     1.5875   3.016761     1.5844   3.016371    4.60194    -0.0303    13.8155 0.0000e+00  -61.12500  -58.09183 1152584644 192.100073    34.5545 0.0000e+00
    219.000     1.6794   3.025830     1.6770   3.025343    4.56823    -0.0423    13.8155 0.0000e+00  -61.12500  -58.09183 1152584645 192.100086    34.5654 0.0000e+00
    220.000     1.7100   3.028937     1.7083   3.028451    4.53426    -0.0469    13.8155 0.0000e+00  -61.12500  -58.09183 1152584646 192.100099    34.5727 0.0000e+00
    221.000     1.7615   3.033806     1.7633   3.033900    4.50362    -0.0208    13.8155 0.0000e+00  -61.12500  -58.09183 1152584647 192.100113    34.5754 0.0000e+00
    222.000     1.7744   3.035199     1.7766   3.035281    4.48710    -0.0260    13.8155 0.0000e+00  -61.12500  -58.09183 1152584648 192.100124    34.5791 0.0000e+00
    223.000     1.7707   3.034913     1.7713   3.035094    4.47766    -0.0521    13.8155 0.0000e+00  -61.12500  -58.09183 1152584649 192.100134    34.5783 0.0000e+00
    224.000     1.7513   3.033224     1.7526   3.033382    4.47136    -0.0438    13.8155 0.0000e+00  -61.12500  -58.09183 1152584650 192.100142    34.5796 0.0000e+00
    225.000     1.7515   3.033351     1.7531   3.033496    4.46576    -0.0401    13.8155 0.0000e+00  -61.12500  -58.09183 1152584651 192.100150    34.5810 0.0000e+00
    226.000     1.7554   3.033773     1.7570   3.033911    4.46231    -0.0406    13.8155 0.0000e+00  -61.12500  -58.09183 1152584652 192.100161    34.5818 0.0000e+00
    227.000     1.7563   3.033829     1.7582   3.034072    4.45510    -0.0334    13.8155 0.0000e+00  -61.12500  -58.09183 1152584654 192.100190    34.5819 0.0000e+00
    228.000     1.7535   3.033695     1.7548   3.033856    4.45511    -0.0340    13.8155 0.0000e+00  -61.12500  -58.09183 1152584656 192.100214    34.5833 0.0000e+00
    229.000     1.7507   3.033464     1.7521   3.033653    4.45549    -0.0333    13.8155 0.0000e+00  -61.12500  -58.09183 1152584657 192.100227    34.5833 0.0000e+00
    230.000     1.7490   3.033363     1.7501   3.033504    4.45760    -0.0352    13.8155 0.0000e+00  -61.12500  -58.09183 1152584658 192.100240    34.5835 0.0000e+00
    231.000     1.7482   3.033354     1.7499   3.033557    4.45781    -0.0446    13.8155 0.0000e+00  -61.12500  -58.09183 1152584660 192.100254    34.5839 0.0000e+00
    232.000     1.7514   3.033743     1.7528   3.033900    4.45658    -0.0447    13.8155 0.0000e+00  -61.12500  -58.09183 1152584661 192.100267    34.5849 0.0000e+00
    233.000     1.7564   3.034272     1.7578   3.034445    4.45247    -0.0516    13.8155 0.0000e+00  -61.12500  -58.09183 1152584662 192.100277    34.5855 0.0000e+00
    234.000     1.7563   3.034312     1.7577   3.034509    4.44917    -0.0404    13.8155 0.0000e+00  -61.12500  -58.09183 1152584662 192.100287    34.5856 0.0000e+00
    235.000     1.7550   3.034278     1.7565   3.034472    4.44480    -0.0465    13.8155 0.0000e+00  -61.12500  -58.09183 1152584664 192.100299    34.5861 0.0000e+00
    236.000     1.7551   3.034323     1.7555   3.034420    4.44040    -0.0474    13.8155 0.0000e+00  -61.12500  -58.09183 1152584666 192.100326    34.5862 0.0000e+00
    237.000     1.7578   3.034788     1.7596   3.034996    4.43526    -0.0520    13.8155 0.0000e+00  -61.12500  -58.09183 1152584668 192.100351    34.5887 0.0000e+00
    238.000     1.7646   3.035590     1.7663   3.035770    4.43205    -0.0406    13.8155 0.0000e+00  -61.12500  -58.09183 1152584669 192.100361    34.5907 0.0000e+00
    239.000     1.7720   3.036438     1.7735   3.036579    4.43047    -0.0301    13.8155 0.0000e+00  -61.12500  -58.09183 1152584670 192.100370    34.5926 0.0000e+00
    240.000     1.7797   3.037299     1.7815   3.037491    4.42666    -0.0402    13.8155 0.0000e+00  -61.12500  -58.09183 1152584671 192.100380    34.5943 0.0000e+00
    241.000     1.7817   3.037606     1.7830   3.037789    4.42291    -0.0608    13.8155 0.0000e+00  -61.12500  -58.09183 1152584672 192.100394    34.5952 0.0000e+00
    242.000     1.7732   3.036889     1.7746   3.037113    4.42414    -0.0473    13.8155 0.0000e+00  -61.12500  -58.09183 1152584673 192.100413    34.5953 0.0000e+00
    243.000     1.7661   3.036339     1.7677   3.036541    4.42392    -0.0443    13.8155 0.0000e+00  -61.12500  -58.09183 1152584675 192.100426    34.5961 0.0000e+00
    244.000     1.7763   3.037435     1.7780   3.037648    4.41909    -0.0430    13.8155 0.0000e+00  -61.12500  -58.09183 1152584676 192.100439    34.5978 0.0000e+00
    245.000     1.7935   3.039223     1.7967   3.039519    4.41033    -0.0510    13.8155 0.0000e+00  -61.12500  -58.09183 1152584677 192.100455    34.6006 0.0000e+00
    246.000     1.8072   3.040603     1.8087   3.040789    4.40053    -0.0482    13.8155 0.0000e+00  -61.12500  -58.09183 1152584679 192.100475    34.6021 0.0000e+00
    247.000     1.8122   3.041189     1.8138   3.041393    4.39601    -0.0531    13.8155 0.0000e+00  -61.12500  -58.09183 1152584680 192.100491    34.6035 0.0000e+00
    248.000     1.8149   3.041516     1.8161   3.041689    4.39392    -0.0467    13.8155 0.0000e+00  -61.12500  -58.09183 1152584681 192.100503    34.6042 0.0000e+00
    249.000     1.8165   3.041767     1.8183   3.041961    4.39066    -0.0427    13.8155 0.0000e+00  -61.12500  -58.09183 1152584682 192.100514    34.6052 0.0000e+00
    250.000     1.8325   3.043545     1.8353   3.043789    4.38685    -0.0431    13.8155 0.0000e+00  -61.12500  -58.09183 1152584683 192.100527    34.6091 0.0000e+00
    251.000     1.8372   3.044071     1.8389   3.044301    4.38192    -0.0593    13.8155 0.0000e+00  -61.12500  -58.09183 1152584685 192.100543    34.6099 0.0000e+00
    252.000     1.8376   3.044147     1.8392   3.044366    4.38001    -0.0587    13.8155 0.0000e+00  -61.12500  -58.09183 1152584686 192.100561    34.6102 0.0000e+00
    253.000     1.8390   3.044349     1.8407   3.044575    4.37776    -0.0577    13.8155 0.0000e+00  -61.12500  -58.09183 1152584687 192.100576    34.6107 0.0000e+00
    254.000     1.8404   3.044543     1.8418   3.044734    4.37453    -0.0590    13.8155 0.0000e+00  -61.12500  -58.09183 1152584688 192.100588    34.6111 0.0000e+00
    255.000     1.8446   3.045004     1.8460   3.045198    4.37175    -0.0695    13.8155 0.0000e+00  -61.12500  -58.09183 1152584689 192.100600    34.6117 0.0000e+00
    256.000     1.8470   3.045287     1.8481   3.045449    4.36905    -0.0503    13.8155 0.0000e+00  -61.12500  -58.09183 1152584691 192.100611    34.6121 0.0000e+00
    257.000     1.8648   3.047155     1.8678   3.047404    4.36156    -0.0621    13.8155 0.0000e+00  -61.12500  -58.09183 1152584692 192.100624    34.6154 0.0000e+00
    258.000     1.8759   3.048217     1.8797   3.048553    4.35189    -0.0567    13.8155 0.0000e+00  -61.12500  -58.09183 1152584694 192.100650    34.6157 0.0000e+00
    259.000     1.8685   3.047639     1.8824   3.049031    4.35000    -0.0675    13.8155 0.0000e+00  -61.12500  -58.09183 1152584697 192.100682    34.6170 0.0000e+00
    260.000     1.8870   3.049598     1.8885   3.049812    4.34790    -0.0531    13.8155 0.0000e+00  -61.12500  -58.09183 1152584698 192.100692    34.6200 0.0000e+00
    261.000     1.8892   3.049889     1.8905   3.050077    4.34646    -0.0629    13.8155 0.0000e+00  -61.12500  -58.09183 1152584698 192.100701    34.6207 0.0000e+00
    262.000     1.8907   3.050096     1.8920   3.050297    4.34378    -0.0576    13.8155 0.0000e+00  -61.12500  -58.09183 1152584699 192.100708    34.6212 0.0000e+00
    263.000     1.8923   3.050307     1.8937   3.050512    4.34341    -0.0538    13.8155 0.0000e+00  -61.12500  -58.09183 1152584700 192.100716    34.6215 0.0000e+00
    264.000     1.8942   3.050565     1.8953   3.050744    4.34311    -0.0500    13.8155 0.0000e+00  -61.12500  -58.09183 1152584700 192.100723    34.6222 0.0000e+00
    265.000     1.8960   3.050807     1.8972   3.050989    4.34348    -0.0493    13.8155 0.0000e+00  -61.12500  -58.09183 1152584701 192.100731    34.6227 0.0000e+00
    266.000     1.8960   3.050853     1.8982   3.051152    4.34110    -0.0603    13.8155 0.0000e+00  -61.12500  -58.09183 1152584703 192.100755    34.6229 0.0000e+00
    267.000     1.8982   3.051187     1.8993   3.051334    4.34159    -0.0593    13.8155 0.0000e+00  -61.12500  -58.09183 1152584707 192.100797    34.6243 0.0000e+00
    268.000     1.9000   3.051440     1.9014   3.051627    4.34166    -0.0670    13.8155 0.0000e+00  -61.12500  -58.09183 1152584707 192.100807    34.6249 0.0000e+00
    269.000     1.9010   3.051600     1.9024   3.051805    4.34119    -0.0579    13.8155 0.0000e+00  -61.12500  -58.09183 1152584708 192.100817    34.6253 0.0000e+00
    270.000     1.9023   3.051828     1.9037   3.052037    4.33929    -0.0600    13.8155 0.0000e+00  -61.12500  -58.09183 1152584709 192.100827    34.6261 0.0000e+00
    271.000     1.9028   3.051975     1.9041   3.052187    4.33735    -0.0690    13.8155 0.0000e+00  -61.12500  -58.09183 1152584710 192.100839    34.6270 0.0000e+00
    272.000     1.9024   3.052044     1.9037   3.052255    4.33668    -0.0643    13.8155 0.0000e+00  -61.12500  -58.09183 1152584711 192.100852    34.6277 0.0000e+00
    273.000     1.8982   3.051811     1.8993   3.052030    4.33655    -0.0514    13.8155 0.0000e+00  -61.12500  -58.09183 1152584712 192.100863    34.6290 0.0000e+00
    274.000     1.8953   3.051709     1.8964   3.051915    4.33641    -0.0659    13.8155 0.0000e+00  -61.12500  -58.09183 1152584713 192.100872    34.6304 0.0000e+00
    275.000     1.8933   3.051605     1.8948   3.051842    4.33665    -0.0674    13.8155 0.0000e+00  -61.12500  -58.09183 1152584714 192.100882    34.6308 0.0000e+00
    276.000     1.8918   3.051521     1.8927   3.051703    4.33813    -0.0589    13.8155 0.0000e+00  -61.12500  -58.09183 1152584716 192.100906    34.6308 0.0000e+00
    277.000     1.8917   3.051557     1.8935   3.051821    4.34205    -0.0644    13.8155 0.0000e+00  -61.12500  -58.09183 1152584719 192.100944    34.6309 0.0000e+00
    278.000     1.8913   3.051749     1.8927   3.051971    4.34155    -0.0645    13.8155 0.0000e+00  -61.12500  -58.09183 1152584720 192.100955    34.6332 0.0000e+00
    279.000     1.8935   3.052066     1.8947   3.052276    4.34048    -0.0555    13.8155 0.0000e+00  -61.12500  -58.09183 1152584721 192.100965    34.6341 0.0000e+00
    280.000     1.8954   3.052326     1.8969   3.052558    4.34022    -0.0593    13.8155 0.0000e+00  -61.12500  -58.09183 1152584722 192.100975    34.6347 0.0000e+00
    281.000     1.8966   3.052530     1.8977   3.052753    4.33877    -0.0782    13.8155 0.0000e+00  -61.12500  -58.09183 1152584723 192.100985    34.6353 0.0000e+00
    282.000     1.8960   3.052603     1.8973   3.052821    4.33805    -0.0597    13.8155 0.0000e+00  -61.12500  -58.09183 1152584724 192.100996    34.6364 0.0000e+00
    283.000     1.8974   3.052808     1.8986   3.053019    4.33631    -0.0714    13.8155 0.0000e+00  -61.12500  -58.09183 1152584725 192.101006    34.6368 0.0000e+00
    284.000     1.8986   3.052986     1.8998   3.053201    4.33657    -0.0699    13.8155 0.0000e+00  -61.12500  -58.09183 1152584726 192.101017    34.6372 0.0000e+00
    285.000     1.9004   3.053231     1.9016   3.053452    4.33666    -0.0686    13.8155 0.0000e+00  -61.12500  -58.09183 1152584727 192.101029    34.6376 0.0000e+00
    286.000     1.9017   3.053419     1.9023   3.053572    4.33685    -0.0656    13.8155 0.0000e+00  -61.12500  -58.09183 1152584728 192.101050    34.6380 0.0000e+00
    287.000     1.9001   3.053290     1.9015   3.053545    4.33620    -0.0761    13.8155 0.0000e+00  -61.12500  -58.09183 1152584733 192.101099    34.6377 0.0000e+00
    288.000     1.9021   3.053618     1.9032   3.053834    4.33869    -0.0654    13.8155 0.0000e+00  -61.12500  -58.09183 1152584733 192.101108    34.6390 0.0000e+00
    289.000     1.9019   3.053641     1.9026   3.053834    4.33855    -0.0710    13.8155 0.0000e+00  -61.12500  -58.09183 1152584734 192.101116    34.6389 0.0000e+00
    290.000     1.9030   3.053837     1.9043   3.054051    4.33695    -0.0491    13.8155 0.0000e+00  -61.12500  -58.09183 1152584735 192.101124    34.6398 0.0000e+00
    291.000     1.9173   3.055267     1.9152   3.055122    4.33683    -0.0836    13.8155 0.0000e+00  -61.12500  -58.09183 1152584735 192.101130    34.6411 0.0000e+00
    292.000     1.9237   3.055966     1.9250   3.056136    4.33696    -0.0850    13.8155 0.0000e+00  -61.12500  -58.09183 1152584736 192.101137    34.6422 0.0000e+00
