product_data/regression_test/downloaded_data/MGDS/320620060703/ctd/adapted/heads_insert_p6620301.cnv
* Sea-Bird SBE 9 Data File:
* FileName = D:\Data\Raw\p6620301.dat
* Software Version Seasave Win32 V 5.32
* Temperature SN = 1649
* Conductivity SN = 1431
* Number of Bytes Per Scan = 37
* Number of Voltage Words = 5
* Number of Scans Averaged by the Deck Unit = 1
* NMEA Latitude = 64 28.09 S
* NMEA Longitude = 061 55.02 W
* NMEA UTC (Time) = 04:29:14
** Ship:   Nathaniel B. Palmer 
** Cruise:    NBP0606 
# nquan = 15
# nvalues = 467                         
# units = specified
# name 0 = prDM: Pressure, Digiquartz [db]
# name 1 = t090C: Temperature [ITS-90, deg C]
# name 2 = c0S/m: Conductivity [S/m]
# name 3 = t190C: Temperature, 2 [ITS-90, deg C]
# name 4 = c1S/m: Conductivity, 2 [S/m]
# name 5 = sbeox0ML/L: Oxygen, SBE 43 [ml/l]
# name 6 = flECO-AFL: Fluorescence, Wetlab ECO-AFL/FL [mg/m^3]
# name 7 = bat: Beam Attenuation, Chelsea/Seatech/Wetlab CStar [1/m]
# name 8 = spar: SPAR/Surface Irradiance
# name 9 = latitude: Latitude [deg]
# name 10 = longitude: Longitude [deg]
# name 11 = timeY: Time, System [seconds]
# name 12 = timeJ: Julian Days
# name 13 = sal00: Salinity [PSU]
# name 14 = flag: flag
# span 0 =      3.000,    469.000       
# span 1 =    -1.2446,     0.0448       
# span 2 =   2.731480,   2.891315       
# span 3 =    -1.2458,     0.0451       
# span 4 =   2.731816,   2.891560       
# span 5 =    5.92022,    7.16349       
# span 6 =    -0.1076,    -0.0053       
# span 7 =    13.8155,    13.8155       
# span 8 = 0.0000e+00, 0.0000e+00       
# span 9 =  -64.46817,  -64.46817       
# span 10 =  -61.91700,  -61.91700      
# span 11 = 1154060972, 1154061715      
# span 12 = 209.187204, 209.195800      
# span 13 =    34.0851,    34.5019      
# span 14 = 0.0000e+00, 0.0000e+00      
# interval = decibars: 1                
# start_time = Jul 28 2006 04:29:23
# bad_flag = -9.990e-29
*END*
[from data line 386]
    388.000     0.0388   2.886783     0.0390   2.887055    5.95840    -0.0758    13.8155 0.0000e+00  -64.46817  -61.91700 1154061531 209.193675    34.4968 0.0000e+00
    389.000     0.0390   2.886851     0.0391   2.887099    5.95822    -0.0733    13.8155 0.0000e+00  -64.46817  -61.91700 1154061533 209.193691    34.4969 0.0000e+00
    390.000     0.0388   2.886873     0.0390   2.887131    5.95795    -0.0771    13.8155 0.0000e+00  -64.46817  -61.91700 1154061534 209.193709    34.4967 0.0000e+00
    391.000     0.0389   2.886950     0.0393   2.887212    5.95570    -0.1022    13.8155 0.0000e+00  -64.46817  -61.91700 1154061536 209.193723    34.4970 0.0000e+00
    392.000     0.0393   2.887018     0.0392   2.887272    5.95558    -0.0817    13.8155 0.0000e+00  -64.46817  -61.91700 1154061537 209.193735    34.4970 0.0000e+00
    393.000     0.0390   2.887050     0.0393   2.887312    5.95430    -0.0736    13.8155 0.0000e+00  -64.46817  -61.91700 1154061538 209.193749    34.4971 0.0000e+00
    394.000     0.0393   2.887123     0.0393   2.887367    5.95627    -0.0482    13.8155 0.0000e+00  -64.46817  -61.91700 1154061540 209.193773    34.4971 0.0000e+00
    395.000     0.0389   2.887132     0.0391   2.887396    5.95747    -0.0850    13.8155 0.0000e+00  -64.46817  -61.91700 1154061542 209.193792    34.4971 0.0000e+00
    396.000     0.0390   2.887181     0.0391   2.887434    5.95816    -0.0743    13.8155 0.0000e+00  -64.46817  -61.91700 1154061543 209.193808    34.4970 0.0000e+00
    397.000     0.0393   2.887279     0.0395   2.887538    5.95645    -0.0753    13.8155 0.0000e+00  -64.46817  -61.91700 1154061546 209.193838    34.4973 0.0000e+00
    398.000     0.0395   2.887339     0.0397   2.887603    5.95549    -0.0753    13.8155 0.0000e+00  -64.46817  -61.91700 1154061547 209.193857    34.4974 0.0000e+00
    399.000     0.0397   2.887419     0.0399   2.887671    5.95687    -0.0672    13.8155 0.0000e+00  -64.46817  -61.91700 1154061549 209.193874    34.4976 0.0000e+00
    400.000     0.0401   2.887517     0.0404   2.887786    5.96119    -0.0898    13.8155 0.0000e+00  -64.46817  -61.91700 1154061551 209.193905    34.4979 0.0000e+00
    401.000     0.0404   2.887618     0.0407   2.887882    5.96261    -0.0698    13.8155 0.0000e+00  -64.46817  -61.91700 1154061553 209.193923    34.4982 0.0000e+00
    402.000     0.0408   2.887696     0.0411   2.887972    5.96015    -0.0860    13.8155 0.0000e+00  -64.46817  -61.91700 1154061554 209.193940    34.4983 0.0000e+00
    403.000     0.0410   2.887784     0.0413   2.888034    5.95947    -0.0826    13.8155 0.0000e+00  -64.46817  -61.91700 1154061557 209.193975    34.4985 0.0000e+00
    404.000     0.0413   2.887849     0.0414   2.888113    5.96027    -0.0814    13.8155 0.0000e+00  -64.46817  -61.91700 1154061559 209.193992    34.4985 0.0000e+00
    405.000     0.0412   2.887894     0.0414   2.888157    5.96197    -0.0645    13.8155 0.0000e+00  -64.46817  -61.91700 1154061561 209.194011    34.4986 0.0000e+00
    406.000     0.0412   2.887947     0.0415   2.888218    5.96443    -0.0670    13.8155 0.0000e+00  -64.46817  -61.91700 1154061563 209.194040    34.4987 0.0000e+00
    407.000     0.0416   2.888056     0.0418   2.888314    5.96727    -0.0943    13.8155 0.0000e+00  -64.46817  -61.91700 1154061565 209.194061    34.4991 0.0000e+00
    408.000     0.0417   2.888112     0.0419   2.888369    5.96827    -0.0780    13.8155 0.0000e+00  -64.46817  -61.91700 1154061567 209.194083    34.4991 0.0000e+00
    409.000     0.0416   2.888143     0.0419   2.888400    5.96829    -0.0770    13.8155 0.0000e+00  -64.46817  -61.91700 1154061569 209.194106    34.4991 0.0000e+00
    410.000     0.0417   2.888208     0.0421   2.888464    5.96500    -0.0658    13.8155 0.0000e+00  -64.46817  -61.91700 1154061571 209.194130    34.4992 0.0000e+00
    411.000     0.0417   2.888270     0.0420   2.888525    5.96570    -0.0718    13.8155 0.0000e+00  -64.46817  -61.91700 1154061573 209.194151    34.4994 0.0000e+00
    412.000     0.0418   2.888321     0.0420   2.888581    5.96882    -0.0681    13.8155 0.0000e+00  -64.46817  -61.91700 1154061575 209.194173    34.4994 0.0000e+00
    413.000     0.0419   2.888371     0.0421   2.888635    5.96997    -0.0739    13.8155 0.0000e+00  -64.46817  -61.91700 1154061577 209.194202    34.4994 0.0000e+00
    414.000     0.0417   2.888415     0.0420   2.888674    5.96808    -0.0697    13.8155 0.0000e+00  -64.46817  -61.91700 1154061579 209.194222    34.4996 0.0000e+00
    415.000     0.0418   2.888438     0.0420   2.888701    5.96866    -0.0648    13.8155 0.0000e+00  -64.46817  -61.91700 1154061581 209.194242    34.4992 0.0000e+00
    416.000     0.0418   2.888503     0.0420   2.888760    5.96500    -0.0717    13.8155 0.0000e+00  -64.46817  -61.91700 1154061583 209.194273    34.4994 0.0000e+00
    417.000     0.0419   2.888553     0.0421   2.888807    5.96594    -0.0968    13.8155 0.0000e+00  -64.46817  -61.91700 1154061585 209.194297    34.4994 0.0000e+00
    418.000     0.0419   2.888604     0.0422   2.888861    5.96651    -0.0693    13.8155 0.0000e+00  -64.46817  -61.91700 1154061587 209.194317    34.4994 0.0000e+00
    419.000     0.0420   2.888665     0.0422   2.888928    5.96711    -0.0823    13.8155 0.0000e+00  -64.46817  -61.91700 1154061589 209.194339    34.4996 0.0000e+00
    420.000     0.0420   2.888731     0.0422   2.888994    5.96430    -0.0731    13.8155 0.0000e+00  -64.46817  -61.91700 1154061591 209.194367    34.4998 0.0000e+00
    421.000     0.0421   2.888767     0.0422   2.889026    5.96348    -0.0716    13.8155 0.0000e+00  -64.46817  -61.91700 1154061594 209.194394    34.4997 0.0000e+00
    422.000     0.0421   2.888834     0.0423   2.889088    5.96720    -0.0841    13.8155 0.0000e+00  -64.46817  -61.91700 1154061595 209.194416    34.4999 0.0000e+00
    423.000     0.0421   2.888883     0.0423   2.889135    5.96727    -0.0764    13.8155 0.0000e+00  -64.46817  -61.91700 1154061598 209.194440    34.5000 0.0000e+00
    424.000     0.0421   2.888919     0.0423   2.889181    5.96665    -0.0670    13.8155 0.0000e+00  -64.46817  -61.91700 1154061600 209.194466    34.4999 0.0000e+00
    425.000     0.0422   2.888980     0.0425   2.889240    5.97042    -0.0643    13.8155 0.0000e+00  -64.46817  -61.91700 1154061601 209.194484    34.5000 0.0000e+00
    426.000     0.0423   2.889028     0.0425   2.889294    5.97276    -0.0697    13.8155 0.0000e+00  -64.46817  -61.91700 1154061603 209.194508    34.4998 0.0000e+00
    427.000     0.0424   2.889092     0.0426   2.889352    5.97370    -0.0510    13.8155 0.0000e+00  -64.46817  -61.91700 1154061606 209.194537    34.5000 0.0000e+00
    428.000     0.0424   2.889142     0.0425   2.889399    5.97427    -0.0932    13.8155 0.0000e+00  -64.46817  -61.91700 1154061608 209.194556    34.5001 0.0000e+00
    429.000     0.0423   2.889179     0.0424   2.889433    5.97353    -0.0694    13.8155 0.0000e+00  -64.46817  -61.91700 1154061610 209.194585    34.5002 0.0000e+00
    430.000     0.0422   2.889231     0.0425   2.889489    5.97156    -0.0946    13.8155 0.0000e+00  -64.46817  -61.91700 1154061612 209.194609    34.5003 0.0000e+00
    431.000     0.0422   2.889266     0.0424   2.889526    5.97152    -0.0500    13.8155 0.0000e+00  -64.46817  -61.91700 1154061613 209.194624    34.5002 0.0000e+00
    432.000     0.0423   2.889311     0.0426   2.889570    5.96853    -0.0659    13.8155 0.0000e+00  -64.46817  -61.91700 1154061616 209.194648    34.5001 0.0000e+00
    433.000     0.0423   2.889365     0.0426   2.889622    5.96895    -0.0685    13.8155 0.0000e+00  -64.46817  -61.91700 1154061618 209.194674    34.5002 0.0000e+00
    434.000     0.0423   2.889414     0.0426   2.889667    5.96956    -0.0961    13.8155 0.0000e+00  -64.46817  -61.91700 1154061619 209.194694    34.5002 0.0000e+00
    435.000     0.0425   2.889460     0.0427   2.889719    5.96976    -0.0582    13.8155 0.0000e+00  -64.46817  -61.91700 1154061622 209.194720    34.5000 0.0000e+00
    436.000     0.0424   2.889511     0.0427   2.889766    5.97114    -0.0873    13.8155 0.0000e+00  -64.46817  -61.91700 1154061624 209.194746    34.5002 0.0000e+00
    437.000     0.0425   2.889554     0.0428   2.889815    5.97229    -0.0812    13.8155 0.0000e+00  -64.46817  -61.91700 1154061626 209.194767    34.5001 0.0000e+00
    438.000     0.0426   2.889612     0.0428   2.889865    5.97057    -0.0767    13.8155 0.0000e+00  -64.46817  -61.91700 1154061628 209.194788    34.5001 0.0000e+00
    439.000     0.0425   2.889651     0.0428   2.889912    5.96886    -0.0619    13.8155 0.0000e+00  -64.46817  -61.91700 1154061630 209.194811    34.5002 0.0000e+00
    440.000     0.0426   2.889689     0.0427   2.889944    5.96976    -0.0757    13.8155 0.0000e+00  -64.46817  -61.91700 1154061632 209.194832    34.5000 0.0000e+00
    441.000     0.0426   2.889737     0.0428   2.889986    5.97060    -0.0781    13.8155 0.0000e+00  -64.46817  -61.91700 1154061634 209.194859    34.5000 0.0000e+00
    442.000     0.0426   2.889792     0.0427   2.890034    5.97117    -0.0599    13.8155 0.0000e+00  -64.46817  -61.91700 1154061636 209.194879    34.5002 0.0000e+00
    443.000     0.0428   2.889845     0.0429   2.890096    5.97149    -0.0916    13.8155 0.0000e+00  -64.46817  -61.91700 1154061637 209.194901    34.5000 0.0000e+00
    444.000     0.0429   2.889903     0.0430   2.890157    5.96743    -0.0726    13.8155 0.0000e+00  -64.46817  -61.91700 1154061640 209.194929    34.5001 0.0000e+00
    445.000     0.0428   2.889940     0.0431   2.890193    5.96778    -0.0640    13.8155 0.0000e+00  -64.46817  -61.91700 1154061642 209.194953    34.5001 0.0000e+00
    446.000     0.0426   2.889959     0.0428   2.890219    5.97010    -0.0775    13.8155 0.0000e+00  -64.46817  -61.91700 1154061644 209.194977    34.5000 0.0000e+00
    447.000     0.0432   2.890076     0.0433   2.890336    5.97068    -0.0797    13.8155 0.0000e+00  -64.46817  -61.91700 1154061646 209.194999    34.5003 0.0000e+00
    448.000     0.0431   2.890119     0.0433   2.890372    5.97208    -0.0740    13.8155 0.0000e+00  -64.46817  -61.91700 1154061648 209.195022    34.5004 0.0000e+00
    449.000     0.0431   2.890167     0.0433   2.890418    5.97187    -0.0696    13.8155 0.0000e+00  -64.46817  -61.91700 1154061650 209.195048    34.5003 0.0000e+00
    450.000     0.0434   2.890256     0.0436   2.890509    5.97296    -0.0880    13.8155 0.0000e+00  -64.46817  -61.91700 1154061652 209.195071    34.5007 0.0000e+00
    451.000     0.0437   2.890356     0.0439   2.890604    5.97816    -0.0696    13.8155 0.0000e+00  -64.46817  -61.91700 1154061654 209.195095    34.5010 0.0000e+00
    452.000     0.0439   2.890422     0.0440   2.890685    5.97899    -0.0708    13.8155 0.0000e+00  -64.46817  -61.91700 1154061656 209.195120    34.5011 0.0000e+00
    453.000     0.0439   2.890468     0.0441   2.890731    5.97471    -0.0735    13.8155 0.0000e+00  -64.46817  -61.91700 1154061658 209.195145    34.5010 0.0000e+00
    454.000     0.0437   2.890486     0.0439   2.890746    5.97406    -0.0576    13.8155 0.0000e+00  -64.46817  -61.91700 1154061661 209.195172    34.5009 0.0000e+00
    455.000     0.0440   2.890576     0.0442   2.890829    5.97546    -0.0787    13.8155 0.0000e+00  -64.46817  -61.91700 1154061663 209.195195    34.5012 0.0000e+00
    456.000     0.0440   2.890618     0.0442   2.890877    5.97346    -0.0607    13.8155 0.0000e+00  -64.46817  -61.91700 1154061665 209.195216    34.5011 0.0000e+00
    457.000     0.0440   2.890648     0.0442   2.890911    5.97476    -0.0607    13.8155 0.0000e+00  -64.46817  -61.91700 1154061667 209.195243    34.5010 0.0000e+00
    458.000     0.0441   2.890708     0.0442   2.890962    5.97838    -0.0769    13.8155 0.0000e+00  -64.46817  -61.91700 1154061669 209.195265    34.5011 0.0000e+00
    459.000     0.0442   2.890790     0.0444   2.891044    5.97722    -0.0687    13.8155 0.0000e+00  -64.46817  -61.91700 1154061671 209.195288    34.5014 0.0000e+00
    460.000     0.0442   2.890805     0.0443   2.891059    5.97991    -0.0865    13.8155 0.0000e+00  -64.46817  -61.91700 1154061673 209.195316    34.5011 0.0000e+00
    461.000     0.0443   2.890872     0.0444   2.891129    5.97750    -0.0810    13.8155 0.0000e+00  -64.46817  -61.91700 1154061675 209.195337    34.5012 0.0000e+00
    462.000     0.0443   2.890918     0.0445   2.891179    5.97738    -0.0725    13.8155 0.0000e+00  -64.46817  -61.91700 1154061678 209.195365    34.5012 0.0000e+00
    463.000     0.0445   2.891000     0.0447   2.891251    5.97822    -0.0719    13.8155 0.0000e+00  -64.46817  -61.91700 1154061680 209.195393    34.5015 0.0000e+00
    464.000     0.0445   2.891027     0.0447   2.891290    5.98358    -0.0763    13.8155 0.0000e+00  -64.46817  -61.91700 1154061682 209.195415    34.5013 0.0000e+00
    465.000     0.0445   2.891071     0.0446   2.891322    5.98636    -0.0771    13.8155 0.0000e+00  -64.46817  -61.91700 1154061685 209.195440    34.5012 0.0000e+00
    466.000     0.0445   2.891113     0.0446   2.891362    5.98136    -0.0736    13.8155 0.0000e+00  -64.46817  -61.91700 1154061686 209.195463    34.5013 0.0000e+00
    467.000     0.0446   2.891183     0.0447   2.891433    5.98288    -0.0738    13.8155 0.0000e+00  -64.46817  -61.91700 1154061689 209.195494    34.5015 0.0000e+00
    468.000     0.0446   2.891224     0.0448   2.891490    5.98368    -0.0692    13.8155 0.0000e+00  -64.46817  -61.91700 1154061692 209.195523    34.5015 0.0000e+00
    469.000     0.0447   2.891315     0.0449   2.891560    5.98370    -0.0839    13.8155 0.0000e+00  -64.46817  -61.91700 1154061715 209.195800    34.5019 0.0000e+00
