product_data/regression_test/downloaded_data/MGDS/320620060703/ctd/adapted/heads_insert_p6619605.cnv
* Sea-Bird SBE 9 Data File:
* FileName = D:\Data\Raw\p6619605.dat
* Software Version Seasave Win32 V 5.32
* Temperature SN = 1649
* Conductivity SN = 1431
* Number of Bytes Per Scan = 37
* Number of Voltage Words = 5
* Number of Scans Averaged by the Deck Unit = 1
* NMEA Latitude = 60 45.36 S
* NMEA Longitude = 057 33.03 W
* NMEA UTC (Time) = 03:23:55
** Ship:   Nathaniel B. Palmer 
** Cruise:    NBP0606 
# nquan = 15
# nvalues = 2989                        
# units = specified
# name 0 = prDM: Pressure, Digiquartz [db]
# name 1 = t090C: Temperature [ITS-90, deg C]
# name 2 = c0S/m: Conductivity [S/m]
# name 3 = t190C: Temperature, 2 [ITS-90, deg C]
# name 4 = c1S/m: Conductivity, 2 [S/m]
# name 5 = sbeox0ML/L: Oxygen, SBE 43 [ml/l]
# name 6 = flECO-AFL: Fluorescence, Wetlab ECO-AFL/FL [mg/m^3]
# name 7 = bat: Beam Attenuation, Chelsea/Seatech/Wetlab CStar [1/m]
# name 8 = spar: SPAR/Surface Irradiance
# name 9 = latitude: Latitude [deg]
# name 10 = longitude: Longitude [deg]
# name 11 = timeY: Time, System [seconds]
# name 12 = timeJ: Julian Days
# name 13 = sal00: Salinity [PSU]
# name 14 = flag: flag
# span 0 =     15.000,   3003.000       
# span 1 =    -1.0837,     2.0589       
# span 2 =   2.734480,   3.077390       
# span 3 =    -1.0826,     2.0594       
# span 4 =   2.735027,   3.077754       
# span 5 =    4.38302,    8.18617       
# span 6 =    -0.1279,     0.8926       
# span 7 =    13.8155,    13.8155       
# span 8 = 0.0000e+00, 0.0000e+00       
# span 9 =  -60.75600,  -60.75600       
# span 10 =  -57.55050,  -57.55050      
# span 11 = 1153797963, 1153801803      
# span 12 = 206.143106, 206.187560      
# span 13 =    33.8604,    34.7274      
# span 14 = 0.0000e+00, 0.0000e+00      
# interval = decibars: 1                
# start_time = Jul 25 2006 03:24:03
# bad_flag = -9.990e-29
*END*
[from data line 290]
    304.000     1.9951   3.056092     1.9957   3.056376    4.42653    -0.0322    13.8155 0.0000e+00  -60.75600  -57.55050 1153798423 206.148439    34.5587 0.0000e+00
    305.000     1.9809   3.054903     1.9808   3.055136    4.42716    -0.0427    13.8155 0.0000e+00  -60.75600  -57.55050 1153798424 206.148449    34.5594 0.0000e+00
    306.000     1.9712   3.054070     1.9718   3.054352    4.42801    -0.0423    13.8155 0.0000e+00  -60.75600  -57.55050 1153798425 206.148462    34.5591 0.0000e+00
    307.000     1.9575   3.052856     1.9576   3.053090    4.43050    -0.0373    13.8155 0.0000e+00  -60.75600  -57.55050 1153798427 206.148481    34.5588 0.0000e+00
    308.000     1.9538   3.052559     1.9543   3.052843    4.43283    -0.0498    13.8155 0.0000e+00  -60.75600  -57.55050 1153798428 206.148496    34.5585 0.0000e+00
    309.000     1.9512   3.052368     1.9528   3.052735    4.43389    -0.0422    13.8155 0.0000e+00  -60.75600  -57.55050 1153798429 206.148508    34.5584 0.0000e+00
    310.000     1.9487   3.052185     1.9498   3.052495    4.43305    -0.0476    13.8155 0.0000e+00  -60.75600  -57.55050 1153798430 206.148520    34.5583 0.0000e+00
    311.000     1.9465   3.052027     1.9475   3.052343    4.43104    -0.0404    13.8155 0.0000e+00  -60.75600  -57.55050 1153798432 206.148536    34.5582 0.0000e+00
    312.000     1.9422   3.051711     1.9430   3.052034    4.43091    -0.0423    13.8155 0.0000e+00  -60.75600  -57.55050 1153798433 206.148554    34.5582 0.0000e+00
    313.000     1.9398   3.051616     1.9411   3.051961    4.43110    -0.0475    13.8155 0.0000e+00  -60.75600  -57.55050 1153798435 206.148574    34.5591 0.0000e+00
    314.000     1.9537   3.053096     1.9553   3.053435    4.43190    -0.0355    13.8155 0.0000e+00  -60.75600  -57.55050 1153798437 206.148595    34.5616 0.0000e+00
    315.000     1.9609   3.053875     1.9616   3.054140    4.43066    -0.0281    13.8155 0.0000e+00  -60.75600  -57.55050 1153798438 206.148607    34.5626 0.0000e+00
    316.000     1.9646   3.054347     1.9661   3.054644    4.42955    -0.0309    13.8155 0.0000e+00  -60.75600  -57.55050 1153798438 206.148617    34.5639 0.0000e+00
    317.000     1.9712   3.055012     1.9724   3.055322    4.42888    -0.0390    13.8155 0.0000e+00  -60.75600  -57.55050 1153798439 206.148626    34.5642 0.0000e+00
    318.000     1.9727   3.055221     1.9740   3.055533    4.42822    -0.0387    13.8155 0.0000e+00  -60.75600  -57.55050 1153798440 206.148639    34.5647 0.0000e+00
    319.000     1.9735   3.055367     1.9747   3.055677    4.42766    -0.0395    13.8155 0.0000e+00  -60.75600  -57.55050 1153798442 206.148658    34.5651 0.0000e+00
    320.000     1.9675   3.054835     1.9680   3.055124    4.42351    -0.0378    13.8155 0.0000e+00  -60.75600  -57.55050 1153798443 206.148674    34.5645 0.0000e+00
    321.000     1.9551   3.053725     1.9563   3.054101    4.42382    -0.0422    13.8155 0.0000e+00  -60.75600  -57.55050 1153798444 206.148685    34.5640 0.0000e+00
    322.000     1.9392   3.052125     1.9396   3.052536    4.42622    -0.0448    13.8155 0.0000e+00  -60.75600  -57.55050 1153798445 206.148695    34.5628 0.0000e+00
    323.000     1.9217   3.050760     1.9228   3.051123    4.42689    -0.0442    13.8155 0.0000e+00  -60.75600  -57.55050 1153798447 206.148711    34.5632 0.0000e+00
    324.000     1.9220   3.050905     1.9232   3.051258    4.43125    -0.0343    13.8155 0.0000e+00  -60.75600  -57.55050 1153798449 206.148734    34.5637 0.0000e+00
    325.000     1.9221   3.051001     1.9229   3.051325    4.43507    -0.0461    13.8155 0.0000e+00  -60.75600  -57.55050 1153798450 206.148753    34.5640 0.0000e+00
    326.000     1.9209   3.050962     1.9211   3.051217    4.44057    -0.0428    13.8155 0.0000e+00  -60.75600  -57.55050 1153798452 206.148770    34.5641 0.0000e+00
    327.000     1.8899   3.048090     1.8897   3.048407    4.44914    -0.0365    13.8155 0.0000e+00  -60.75600  -57.55050 1153798453 206.148788    34.5619 0.0000e+00
    328.000     1.8735   3.046639     1.8742   3.047023    4.44884    -0.0459    13.8155 0.0000e+00  -60.75600  -57.55050 1153798454 206.148799    34.5614 0.0000e+00
    329.000     1.8597   3.045411     1.8609   3.045829    4.44950    -0.0489    13.8155 0.0000e+00  -60.75600  -57.55050 1153798455 206.148808    34.5608 0.0000e+00
    330.000     1.8496   3.044466     1.8504   3.044899    4.45161    -0.0302    13.8155 0.0000e+00  -60.75600  -57.55050 1153798456 206.148817    34.5594 0.0000e+00
    331.000     1.8190   3.041634     1.8176   3.041948    4.45341    -0.0555    13.8155 0.0000e+00  -60.75600  -57.55050 1153798457 206.148826    34.5569 0.0000e+00
    332.000     1.7896   3.039062     1.7904   3.039496    4.45854    -0.0321    13.8155 0.0000e+00  -60.75600  -57.55050 1153798458 206.148836    34.5572 0.0000e+00
    333.000     1.7832   3.038576     1.7841   3.038955    4.46221    -0.0395    13.8155 0.0000e+00  -60.75600  -57.55050 1153798459 206.148852    34.5573 0.0000e+00
    334.000     1.7907   3.039331     1.7885   3.039248    4.46390    -0.0417    13.8155 0.0000e+00  -60.75600  -57.55050 1153798461 206.148882    34.5569 0.0000e+00
    335.000     1.7796   3.038489     1.7808   3.038889    4.46143    -0.0469    13.8155 0.0000e+00  -60.75600  -57.55050 1153798464 206.148906    34.5577 0.0000e+00
    336.000     1.7898   3.039780     1.7915   3.040147    4.45921    -0.0589    13.8155 0.0000e+00  -60.75600  -57.55050 1153798465 206.148919    34.5619 0.0000e+00
    337.000     1.8036   3.041225     1.8045   3.041562    4.45579    -0.0472    13.8155 0.0000e+00  -60.75600  -57.55050 1153798466 206.148930    34.5637 0.0000e+00
    338.000     1.8090   3.041857     1.8100   3.042181    4.45053    -0.0378    13.8155 0.0000e+00  -60.75600  -57.55050 1153798466 206.148940    34.5650 0.0000e+00
    339.000     1.8253   3.043602     1.8267   3.043899    4.44746    -0.0370    13.8155 0.0000e+00  -60.75600  -57.55050 1153798467 206.148951    34.5682 0.0000e+00
    340.000     1.8363   3.044862     1.8373   3.045186    4.44335    -0.0351    13.8155 0.0000e+00  -60.75600  -57.55050 1153798469 206.148965    34.5709 0.0000e+00
    341.000     1.8380   3.045272     1.8391   3.045592    4.43641    -0.0388    13.8155 0.0000e+00  -60.75600  -57.55050 1153798470 206.148981    34.5737 0.0000e+00
    342.000     1.8426   3.045895     1.8436   3.046217    4.43326    -0.0521    13.8155 0.0000e+00  -60.75600  -57.55050 1153798471 206.148995    34.5758 0.0000e+00
    343.000     1.8438   3.046089     1.8448   3.046414    4.42931    -0.0443    13.8155 0.0000e+00  -60.75600  -57.55050 1153798472 206.149007    34.5764 0.0000e+00
    344.000     1.8457   3.046385     1.8466   3.046708    4.42705    -0.0558    13.8155 0.0000e+00  -60.75600  -57.55050 1153798473 206.149021    34.5775 0.0000e+00
    345.000     1.8462   3.046503     1.8472   3.046849    4.42756    -0.0417    13.8155 0.0000e+00  -60.75600  -57.55050 1153798475 206.149043    34.5780 0.0000e+00
    346.000     1.8455   3.046564     1.8465   3.046906    4.42683    -0.0398    13.8155 0.0000e+00  -60.75600  -57.55050 1153798477 206.149062    34.5790 0.0000e+00
    347.000     1.8433   3.046436     1.8438   3.046751    4.42500    -0.0469    13.8155 0.0000e+00  -60.75600  -57.55050 1153798478 206.149074    34.5794 0.0000e+00
    348.000     1.8426   3.046417     1.8434   3.046756    4.42460    -0.0566    13.8155 0.0000e+00  -60.75600  -57.55050 1153798479 206.149084    34.5794 0.0000e+00
    349.000     1.8422   3.046427     1.8431   3.046763    4.42367    -0.0528    13.8155 0.0000e+00  -60.75600  -57.55050 1153798480 206.149097    34.5794 0.0000e+00
    350.000     1.8420   3.046459     1.8429   3.046796    4.42230    -0.0439    13.8155 0.0000e+00  -60.75600  -57.55050 1153798482 206.149119    34.5795 0.0000e+00
    351.000     1.8419   3.046522     1.8429   3.046849    4.42678    -0.0496    13.8155 0.0000e+00  -60.75600  -57.55050 1153798484 206.149139    34.5798 0.0000e+00
    352.000     1.8425   3.046698     1.8435   3.047026    4.42895    -0.0487    13.8155 0.0000e+00  -60.75600  -57.55050 1153798485 206.149152    34.5808 0.0000e+00
    353.000     1.8421   3.046756     1.8431   3.047110    4.42838    -0.0501    13.8155 0.0000e+00  -60.75600  -57.55050 1153798486 206.149163    34.5814 0.0000e+00
    354.000     1.8357   3.046366     1.8367   3.046732    4.42718    -0.0451    13.8155 0.0000e+00  -60.75600  -57.55050 1153798487 206.149174    34.5829 0.0000e+00
    355.000     1.8285   3.045877     1.8295   3.046227    4.42698    -0.0453    13.8155 0.0000e+00  -60.75600  -57.55050 1153798488 206.149186    34.5845 0.0000e+00
    356.000     1.8251   3.045625     1.8271   3.046077    4.42726    -0.0431    13.8155 0.0000e+00  -60.75600  -57.55050 1153798489 206.149200    34.5845 0.0000e+00
    357.000     1.8210   3.045311     1.8214   3.045627    4.42754    -0.0438    13.8155 0.0000e+00  -60.75600  -57.55050 1153798490 206.149215    34.5845 0.0000e+00
    358.000     1.8214   3.045407     1.8227   3.045774    4.42775    -0.0437    13.8155 0.0000e+00  -60.75600  -57.55050 1153798491 206.149226    34.5847 0.0000e+00
    359.000     1.8236   3.045640     1.8244   3.045962    4.42645    -0.0445    13.8155 0.0000e+00  -60.75600  -57.55050 1153798492 206.149238    34.5846 0.0000e+00
    360.000     1.8227   3.045605     1.8236   3.045938    4.42658    -0.0422    13.8155 0.0000e+00  -60.75600  -57.55050 1153798495 206.149268    34.5845 0.0000e+00
    361.000     1.8201   3.045423     1.8210   3.045774    4.43085    -0.0477    13.8155 0.0000e+00  -60.75600  -57.55050 1153798497 206.149291    34.5845 0.0000e+00
    362.000     1.8186   3.045349     1.8181   3.045603    4.43147    -0.0611    13.8155 0.0000e+00  -60.75600  -57.55050 1153798498 206.149301    34.5846 0.0000e+00
    363.000     1.8130   3.044923     1.8133   3.045255    4.43259    -0.0572    13.8155 0.0000e+00  -60.75600  -57.55050 1153798498 206.149309    34.5849 0.0000e+00
    364.000     1.8108   3.044803     1.8118   3.045167    4.43212    -0.0450    13.8155 0.0000e+00  -60.75600  -57.55050 1153798499 206.149318    34.5853 0.0000e+00
    365.000     1.8092   3.044742     1.8103   3.045101    4.42978    -0.0460    13.8155 0.0000e+00  -60.75600  -57.55050 1153798500 206.149331    34.5857 0.0000e+00
    366.000     1.8096   3.044810     1.8103   3.045159    4.43022    -0.0442    13.8155 0.0000e+00  -60.75600  -57.55050 1153798502 206.149353    34.5855 0.0000e+00
    367.000     1.8097   3.044961     1.8110   3.045342    4.43061    -0.0484    13.8155 0.0000e+00  -60.75600  -57.55050 1153798503 206.149367    34.5867 0.0000e+00
    368.000     1.8116   3.045213     1.8124   3.045538    4.42985    -0.0488    13.8155 0.0000e+00  -60.75600  -57.55050 1153798504 206.149377    34.5871 0.0000e+00
    369.000     1.8124   3.045345     1.8134   3.045700    4.42820    -0.0388    13.8155 0.0000e+00  -60.75600  -57.55050 1153798505 206.149386    34.5872 0.0000e+00
    370.000     1.8137   3.045522     1.8144   3.045840    4.42784    -0.0517    13.8155 0.0000e+00  -60.75600  -57.55050 1153798506 206.149400    34.5874 0.0000e+00
    371.000     1.8142   3.045628     1.8159   3.046032    4.42640    -0.0499    13.8155 0.0000e+00  -60.75600  -57.55050 1153798509 206.149429    34.5877 0.0000e+00
    372.000     1.8243   3.046742     1.8255   3.047088    4.42412    -0.0421    13.8155 0.0000e+00  -60.75600  -57.55050 1153798510 206.149445    34.5898 0.0000e+00
    373.000     1.8353   3.047987     1.8367   3.048312    4.42139    -0.0505    13.8155 0.0000e+00  -60.75600  -57.55050 1153798511 206.149455    34.5927 0.0000e+00
    374.000     1.8453   3.049038     1.8462   3.049357    4.41914    -0.0606    13.8155 0.0000e+00  -60.75600  -57.55050 1153798512 206.149465    34.5940 0.0000e+00
    375.000     1.8479   3.049355     1.8489   3.049689    4.41592    -0.0535    13.8155 0.0000e+00  -60.75600  -57.55050 1153798513 206.149474    34.5946 0.0000e+00
    376.000     1.8520   3.049832     1.8532   3.050165    4.41492    -0.0436    13.8155 0.0000e+00  -60.75600  -57.55050 1153798514 206.149487    34.5955 0.0000e+00
    377.000     1.8564   3.050323     1.8578   3.050689    4.41133    -0.0402    13.8155 0.0000e+00  -60.75600  -57.55050 1153798515 206.149506    34.5963 0.0000e+00
    378.000     1.8615   3.050915     1.8627   3.051241    4.40673    -0.0546    13.8155 0.0000e+00  -60.75600  -57.55050 1153798517 206.149524    34.5977 0.0000e+00
    379.000     1.8820   3.053008     1.8849   3.053504    4.40453    -0.0486    13.8155 0.0000e+00  -60.75600  -57.55050 1153798519 206.149546    34.6008 0.0000e+00
    380.000     1.9254   3.057511     1.9268   3.057773    4.40458    -0.0473    13.8155 0.0000e+00  -60.75600  -57.55050 1153798521 206.149570    34.6086 0.0000e+00
    381.000     1.9457   3.059558     1.9464   3.059809    4.40269    -0.0509    13.8155 0.0000e+00  -60.75600  -57.55050 1153798522 206.149580    34.6109 0.0000e+00
    382.000     1.9564   3.060684     1.9579   3.060978    4.39988    -0.0486    13.8155 0.0000e+00  -60.75600  -57.55050 1153798523 206.149589    34.6128 0.0000e+00
    383.000     1.9627   3.061355     1.9634   3.061602    4.39729    -0.0439    13.8155 0.0000e+00  -60.75600  -57.55050 1153798523 206.149596    34.6138 0.0000e+00
    384.000     1.9767   3.062819     1.9775   3.063099    4.39629    -0.0371    13.8155 0.0000e+00  -60.75600  -57.55050 1153798524 206.149604    34.6160 0.0000e+00
    385.000     1.9790   3.063005     1.9794   3.063321    4.39186    -0.0128    13.8155 0.0000e+00  -60.75600  -57.55050 1153798524 206.149610    34.6152 0.0000e+00
    386.000     1.9766   3.062832     1.9782   3.063208    4.39256    -0.0419    13.8155 0.0000e+00  -60.75600  -57.55050 1153798526 206.149633    34.6159 0.0000e+00
    387.000     1.9795   3.063148     1.9797   3.063419    4.39536    -0.0526    13.8155 0.0000e+00  -60.75600  -57.55050 1153798530 206.149669    34.6166 0.0000e+00
    388.000     1.9691   3.062256     1.9702   3.062623    4.39694    -0.0604    13.8155 0.0000e+00  -60.75600  -57.55050 1153798531 206.149683    34.6167 0.0000e+00
    389.000     1.9686   3.062271     1.9700   3.062640    4.39567    -0.0488    13.8155 0.0000e+00  -60.75600  -57.55050 1153798532 206.149694    34.6170 0.0000e+00
    390.000     1.9651   3.061946     1.9659   3.062292    4.39408    -0.0385    13.8155 0.0000e+00  -60.75600  -57.55050 1153798533 206.149705    34.6163 0.0000e+00
    391.000     1.9574   3.061289     1.9593   3.061730    4.39301    -0.0429    13.8155 0.0000e+00  -60.75600  -57.55050 1153798533 206.149715    34.6163 0.0000e+00
    392.000     1.9456   3.060164     1.9465   3.060615    4.39287    -0.0311    13.8155 0.0000e+00  -60.75600  -57.55050 1153798534 206.149724    34.6145 0.0000e+00
    393.000     1.9278   3.058592     1.9290   3.059015    4.39293    -0.0572    13.8155 0.0000e+00  -60.75600  -57.55050 1153798535 206.149733    34.6145 0.0000e+00
    394.000     1.9266   3.058536     1.9279   3.058925    4.39012    -0.0390    13.8155 0.0000e+00  -60.75600  -57.55050 1153798536 206.149743    34.6146 0.0000e+00
    395.000     1.9265   3.058554     1.9276   3.058915    4.39107    -0.0483    13.8155 0.0000e+00  -60.75600  -57.55050 1153798537 206.149756    34.6144 0.0000e+00
    396.000     1.9293   3.058877     1.9289   3.059093    4.39333    -0.0354    13.8155 0.0000e+00  -60.75600  -57.55050 1153798539 206.149774    34.6146 0.0000e+00
    397.000     1.9503   3.061087     1.9555   3.061787    4.39203    -0.0474    13.8155 0.0000e+00  -60.75600  -57.55050 1153798540 206.149794    34.6183 0.0000e+00
    398.000     1.9507   3.061131     1.9511   3.061473    4.39010    -0.0455    13.8155 0.0000e+00  -60.75600  -57.55050 1153798543 206.149820    34.6177 0.0000e+00
