product_data/regression_test/downloaded_data/MGDS/320620060703/ctd/adapted/heads_insert_p6623801.cnv
* Sea-Bird SBE 9 Data File:
* FileName = D:\Data\Raw\p6623801.dat
* Software Version Seasave Win32 V 5.32
* Temperature SN = 1649
* Conductivity SN = 1431
* Number of Bytes Per Scan = 37
* Number of Voltage Words = 5
* Number of Scans Averaged by the Deck Unit = 1
* NMEA Latitude = 61 28.98 S
* NMEA Longitude = 053 51.85 W
* NMEA UTC (Time) = 01:59:52
** Ship:   Nathaniel B. Palmer 
** Cruise:    NBP0606 
# nquan = 15
# nvalues = 600                         
# units = specified
# name 0 = prDM: Pressure, Digiquartz [db]
# name 1 = t090C: Temperature [ITS-90, deg C]
# name 2 = c0S/m: Conductivity [S/m]
# name 3 = t190C: Temperature, 2 [ITS-90, deg C]
# name 4 = c1S/m: Conductivity, 2 [S/m]
# name 5 = sbeox0ML/L: Oxygen, SBE 43 [ml/l]
# name 6 = flECO-AFL: Fluorescence, Wetlab ECO-AFL/FL [mg/m^3]
# name 7 = bat: Beam Attenuation, Chelsea/Seatech/Wetlab CStar [1/m]
# name 8 = spar: SPAR/Surface Irradiance
# name 9 = latitude: Latitude [deg]
# name 10 = longitude: Longitude [deg]
# name 11 = timeY: Time, System [seconds]
# name 12 = timeJ: Julian Days
# name 13 = sal00: Salinity [PSU]
# name 14 = flag: flag
# span 0 =      1.000,    600.000       
# span 1 =    -1.7522,    -0.4663       
# span 2 =   2.701868,   2.857692       
# span 3 =    -1.7520,    -0.4659       
# span 4 =   2.702291,   2.857742       
# span 5 =    6.18909,    7.51119       
# span 6 =    -0.1137,     0.0284       
# span 7 =    13.8155,    13.8155       
# span 8 = 0.0000e+00, 0.0000e+00       
# span 9 =  -61.48300,  -61.48300       
# span 10 =  -53.86417,  -53.86417      
# span 11 = 1155002483, 1155003387      
# span 12 = 220.084279, 220.094768      
# span 13 =    34.2629,    34.5543      
# span 14 = 0.0000e+00, 0.0000e+00      
# interval = decibars: 1                
# start_time = Aug 08 2006 02:01:29
# bad_flag = -9.990e-29
*END*
[from data line 386]
    386.000    -0.6697   2.828143    -0.6688   2.828203    6.43220    -0.0925    13.8155 0.0000e+00  -61.48300  -53.86417 1155003077 220.091183    34.5160 0.0000e+00
    387.000    -0.6679   2.828356    -0.6671   2.828426    6.42927    -0.0738    13.8155 0.0000e+00  -61.48300  -53.86417 1155003078 220.091196    34.5161 0.0000e+00
    388.000    -0.6664   2.828551    -0.6655   2.828611    6.42709    -0.0950    13.8155 0.0000e+00  -61.48300  -53.86417 1155003079 220.091211    34.5165 0.0000e+00
    389.000    -0.6650   2.828733    -0.6642   2.828791    6.42394    -0.0711    13.8155 0.0000e+00  -61.48300  -53.86417 1155003080 220.091224    34.5168 0.0000e+00
    390.000    -0.6636   2.828928    -0.6627   2.828995    6.42128    -0.0822    13.8155 0.0000e+00  -61.48300  -53.86417 1155003082 220.091238    34.5172 0.0000e+00
    391.000    -0.6614   2.829210    -0.6606   2.829270    6.41857    -0.0774    13.8155 0.0000e+00  -61.48300  -53.86417 1155003083 220.091253    34.5178 0.0000e+00
    392.000    -0.6588   2.829503    -0.6578   2.829578    6.41592    -0.0703    13.8155 0.0000e+00  -61.48300  -53.86417 1155003084 220.091267    34.5182 0.0000e+00
    393.000    -0.6564   2.829798    -0.6555   2.829855    6.41447    -0.0915    13.8155 0.0000e+00  -61.48300  -53.86417 1155003085 220.091281    34.5189 0.0000e+00
    394.000    -0.6533   2.830145    -0.6524   2.830205    6.41320    -0.0821    13.8155 0.0000e+00  -61.48300  -53.86417 1155003087 220.091296    34.5193 0.0000e+00
    395.000    -0.6524   2.830263    -0.6517   2.830321    6.41212    -0.0622    13.8155 0.0000e+00  -61.48300  -53.86417 1155003088 220.091310    34.5193 0.0000e+00
    396.000    -0.6520   2.830357    -0.6513   2.830410    6.41166    -0.0641    13.8155 0.0000e+00  -61.48300  -53.86417 1155003089 220.091324    34.5196 0.0000e+00
    397.000    -0.6514   2.830462    -0.6506   2.830528    6.40966    -0.0707    13.8155 0.0000e+00  -61.48300  -53.86417 1155003090 220.091339    34.5197 0.0000e+00
    398.000    -0.6488   2.830803    -0.6476   2.830867    6.40895    -0.0900    13.8155 0.0000e+00  -61.48300  -53.86417 1155003092 220.091353    34.5205 0.0000e+00
    399.000    -0.6452   2.831152    -0.6445   2.831215    6.40744    -0.0998    13.8155 0.0000e+00  -61.48300  -53.86417 1155003093 220.091367    34.5207 0.0000e+00
    400.000    -0.6445   2.831280    -0.6436   2.831348    6.40493    -0.0640    13.8155 0.0000e+00  -61.48300  -53.86417 1155003094 220.091382    34.5210 0.0000e+00
    401.000    -0.6424   2.831550    -0.6411   2.831632    6.39906    -0.0544    13.8155 0.0000e+00  -61.48300  -53.86417 1155003095 220.091396    34.5216 0.0000e+00
    402.000    -0.6373   2.832089    -0.6366   2.832134    6.39585    -0.0792    13.8155 0.0000e+00  -61.48300  -53.86417 1155003096 220.091410    34.5225 0.0000e+00
    403.000    -0.6343   2.832430    -0.6331   2.832533    6.39229    -0.0843    13.8155 0.0000e+00  -61.48300  -53.86417 1155003098 220.091425    34.5229 0.0000e+00
    404.000    -0.6333   2.832578    -0.6325   2.832640    6.39264    -0.0850    13.8155 0.0000e+00  -61.48300  -53.86417 1155003099 220.091439    34.5232 0.0000e+00
    405.000    -0.6331   2.832650    -0.6325   2.832691    6.39298    -0.1090    13.8155 0.0000e+00  -61.48300  -53.86417 1155003100 220.091453    34.5235 0.0000e+00
    406.000    -0.6321   2.832795    -0.6313   2.832855    6.39109    -0.0860    13.8155 0.0000e+00  -61.48300  -53.86417 1155003101 220.091468    34.5237 0.0000e+00
    407.000    -0.6306   2.832990    -0.6298   2.833052    6.39017    -0.0616    13.8155 0.0000e+00  -61.48300  -53.86417 1155003103 220.091482    34.5240 0.0000e+00
    408.000    -0.6290   2.833193    -0.6280   2.833268    6.38666    -0.0840    13.8155 0.0000e+00  -61.48300  -53.86417 1155003104 220.091496    34.5243 0.0000e+00
    409.000    -0.6275   2.833388    -0.6267   2.833455    6.38376    -0.0840    13.8155 0.0000e+00  -61.48300  -53.86417 1155003105 220.091510    34.5246 0.0000e+00
    410.000    -0.6273   2.833466    -0.6268   2.833487    6.38355    -0.0825    13.8155 0.0000e+00  -61.48300  -53.86417 1155003106 220.091525    34.5249 0.0000e+00
    411.000    -0.6271   2.833525    -0.6264   2.833580    6.38358    -0.0843    13.8155 0.0000e+00  -61.48300  -53.86417 1155003108 220.091539    34.5249 0.0000e+00
    412.000    -0.6267   2.833607    -0.6260   2.833661    6.38355    -0.0838    13.8155 0.0000e+00  -61.48300  -53.86417 1155003109 220.091553    34.5250 0.0000e+00
    413.000    -0.6261   2.833709    -0.6255   2.833760    6.38305    -0.0935    13.8155 0.0000e+00  -61.48300  -53.86417 1155003110 220.091567    34.5251 0.0000e+00
    414.000    -0.6259   2.833766    -0.6251   2.833844    6.38272    -0.1059    13.8155 0.0000e+00  -61.48300  -53.86417 1155003111 220.091582    34.5250 0.0000e+00
    415.000    -0.6248   2.833943    -0.6244   2.833943    6.38090    -0.1045    13.8155 0.0000e+00  -61.48300  -53.86417 1155003113 220.091596    34.5256 0.0000e+00
    416.000    -0.6228   2.834195    -0.6207   2.834375    6.37974    -0.0814    13.8155 0.0000e+00  -61.48300  -53.86417 1155003114 220.091610    34.5261 0.0000e+00
    417.000    -0.6187   2.834642    -0.6179   2.834704    6.37653    -0.0965    13.8155 0.0000e+00  -61.48300  -53.86417 1155003115 220.091625    34.5267 0.0000e+00
    418.000    -0.6181   2.834761    -0.6175   2.834792    6.37274    -0.0740    13.8155 0.0000e+00  -61.48300  -53.86417 1155003116 220.091639    34.5270 0.0000e+00
    419.000    -0.6182   2.834798    -0.6173   2.834852    6.36845    -0.0750    13.8155 0.0000e+00  -61.48300  -53.86417 1155003117 220.091653    34.5270 0.0000e+00
    420.000    -0.6177   2.834877    -0.6172   2.834922    6.36902    -0.0761    13.8155 0.0000e+00  -61.48300  -53.86417 1155003119 220.091667    34.5270 0.0000e+00
    421.000    -0.6139   2.835303    -0.6130   2.835346    6.36983    -0.0827    13.8155 0.0000e+00  -61.48300  -53.86417 1155003120 220.091681    34.5277 0.0000e+00
    422.000    -0.6134   2.835394    -0.6125   2.835459    6.36700    -0.0792    13.8155 0.0000e+00  -61.48300  -53.86417 1155003121 220.091696    34.5277 0.0000e+00
    423.000    -0.6133   2.835436    -0.6125   2.835512    6.36474    -0.0702    13.8155 0.0000e+00  -61.48300  -53.86417 1155003122 220.091710    34.5277 0.0000e+00
    424.000    -0.6131   2.835502    -0.6123   2.835564    6.36269    -0.0831    13.8155 0.0000e+00  -61.48300  -53.86417 1155003124 220.091724    34.5278 0.0000e+00
    425.000    -0.6130   2.835554    -0.6121   2.835629    6.36029    -0.0882    13.8155 0.0000e+00  -61.48300  -53.86417 1155003125 220.091738    34.5278 0.0000e+00
    426.000    -0.6125   2.835642    -0.6118   2.835712    6.35918    -0.0846    13.8155 0.0000e+00  -61.48300  -53.86417 1155003126 220.091753    34.5277 0.0000e+00
    427.000    -0.6132   2.835631    -0.6123   2.835702    6.36198    -0.0913    13.8155 0.0000e+00  -61.48300  -53.86417 1155003127 220.091767    34.5279 0.0000e+00
    428.000    -0.6131   2.835679    -0.6122   2.835750    6.36370    -0.0849    13.8155 0.0000e+00  -61.48300  -53.86417 1155003128 220.091781    34.5278 0.0000e+00
    429.000    -0.6116   2.835862    -0.6105   2.835940    6.35953    -0.0702    13.8155 0.0000e+00  -61.48300  -53.86417 1155003130 220.091795    34.5280 0.0000e+00
    430.000    -0.6083   2.836224    -0.6074   2.836283    6.35670    -0.0861    13.8155 0.0000e+00  -61.48300  -53.86417 1155003131 220.091809    34.5283 0.0000e+00
    431.000    -0.6066   2.836448    -0.6056   2.836506    6.35180    -0.0841    13.8155 0.0000e+00  -61.48300  -53.86417 1155003132 220.091823    34.5288 0.0000e+00
    432.000    -0.6032   2.836803    -0.6026   2.836852    6.34891    -0.0635    13.8155 0.0000e+00  -61.48300  -53.86417 1155003133 220.091838    34.5290 0.0000e+00
    433.000    -0.6025   2.836924    -0.6016   2.836989    6.34975    -0.0812    13.8155 0.0000e+00  -61.48300  -53.86417 1155003135 220.091852    34.5293 0.0000e+00
    434.000    -0.5974   2.837456    -0.5960   2.837539    6.34756    -0.0920    13.8155 0.0000e+00  -61.48300  -53.86417 1155003136 220.091866    34.5301 0.0000e+00
    435.000    -0.5856   2.838616    -0.5858   2.838528    6.34500    -0.0849    13.8155 0.0000e+00  -61.48300  -53.86417 1155003137 220.091880    34.5313 0.0000e+00
    436.000    -0.5809   2.839076    -0.5799   2.839143    6.34118    -0.1096    13.8155 0.0000e+00  -61.48300  -53.86417 1155003138 220.091895    34.5314 0.0000e+00
    437.000    -0.5771   2.839507    -0.5756   2.839596    6.33651    -0.1053    13.8155 0.0000e+00  -61.48300  -53.86417 1155003140 220.091909    34.5323 0.0000e+00
    438.000    -0.5756   2.839673    -0.5749   2.839720    6.33174    -0.0948    13.8155 0.0000e+00  -61.48300  -53.86417 1155003141 220.091923    34.5323 0.0000e+00
    439.000    -0.5758   2.839720    -0.5751   2.839757    6.32724    -0.0520    13.8155 0.0000e+00  -61.48300  -53.86417 1155003142 220.091937    34.5326 0.0000e+00
    440.000    -0.5755   2.839778    -0.5750   2.839814    6.32430    -0.0742    13.8155 0.0000e+00  -61.48300  -53.86417 1155003143 220.091951    34.5325 0.0000e+00
    441.000    -0.5771   2.839704    -0.5763   2.839769    6.32371    -0.0971    13.8155 0.0000e+00  -61.48300  -53.86417 1155003144 220.091966    34.5329 0.0000e+00
    442.000    -0.5777   2.839704    -0.5768   2.839773    6.32319    -0.0975    13.8155 0.0000e+00  -61.48300  -53.86417 1155003146 220.091980    34.5330 0.0000e+00
    443.000    -0.5775   2.839772    -0.5771   2.839795    6.32401    -0.0976    13.8155 0.0000e+00  -61.48300  -53.86417 1155003147 220.091994    34.5331 0.0000e+00
    444.000    -0.5769   2.839850    -0.5762   2.839907    6.32428    -0.0835    13.8155 0.0000e+00  -61.48300  -53.86417 1155003148 220.092008    34.5330 0.0000e+00
    445.000    -0.5762   2.839977    -0.5753   2.840033    6.32460    -0.0752    13.8155 0.0000e+00  -61.48300  -53.86417 1155003149 220.092022    34.5332 0.0000e+00
    446.000    -0.5762   2.840012    -0.5753   2.840082    6.32047    -0.0988    13.8155 0.0000e+00  -61.48300  -53.86417 1155003151 220.092037    34.5332 0.0000e+00
    447.000    -0.5768   2.840013    -0.5761   2.840070    6.31979    -0.1081    13.8155 0.0000e+00  -61.48300  -53.86417 1155003152 220.092051    34.5334 0.0000e+00
    448.000    -0.5762   2.840109    -0.5758   2.840140    6.32056    -0.0896    13.8155 0.0000e+00  -61.48300  -53.86417 1155003153 220.092066    34.5333 0.0000e+00
    449.000    -0.5765   2.840127    -0.5756   2.840202    6.31899    -0.0572    13.8155 0.0000e+00  -61.48300  -53.86417 1155003154 220.092080    34.5334 0.0000e+00
    450.000    -0.5697   2.840863    -0.5697   2.840810    6.31642    -0.0805    13.8155 0.0000e+00  -61.48300  -53.86417 1155003156 220.092095    34.5347 0.0000e+00
    451.000    -0.5675   2.841094    -0.5675   2.841079    6.31350    -0.0980    13.8155 0.0000e+00  -61.48300  -53.86417 1155003157 220.092109    34.5346 0.0000e+00
    452.000    -0.5651   2.841376    -0.5640   2.841455    6.30926    -0.0980    13.8155 0.0000e+00  -61.48300  -53.86417 1155003158 220.092124    34.5352 0.0000e+00
    453.000    -0.5609   2.841839    -0.5598   2.841918    6.30662    -0.0897    13.8155 0.0000e+00  -61.48300  -53.86417 1155003159 220.092138    34.5359 0.0000e+00
    454.000    -0.5614   2.841852    -0.5622   2.841737    6.30428    -0.0936    13.8155 0.0000e+00  -61.48300  -53.86417 1155003161 220.092152    34.5361 0.0000e+00
    455.000    -0.5599   2.842040    -0.5589   2.842110    6.30067    -0.0815    13.8155 0.0000e+00  -61.48300  -53.86417 1155003162 220.092167    34.5364 0.0000e+00
    456.000    -0.5592   2.842150    -0.5584   2.842212    6.30109    -0.0926    13.8155 0.0000e+00  -61.48300  -53.86417 1155003163 220.092181    34.5365 0.0000e+00
    457.000    -0.5590   2.842214    -0.5580   2.842301    6.30186    -0.0733    13.8155 0.0000e+00  -61.48300  -53.86417 1155003164 220.092195    34.5365 0.0000e+00
    458.000    -0.5587   2.842299    -0.5578   2.842372    6.29863    -0.0635    13.8155 0.0000e+00  -61.48300  -53.86417 1155003166 220.092210    34.5368 0.0000e+00
    459.000    -0.5583   2.842388    -0.5576   2.842443    6.29790    -0.0808    13.8155 0.0000e+00  -61.48300  -53.86417 1155003167 220.092224    34.5369 0.0000e+00
    460.000    -0.5576   2.842522    -0.5570   2.842561    6.30061    -0.0757    13.8155 0.0000e+00  -61.48300  -53.86417 1155003168 220.092239    34.5374 0.0000e+00
    461.000    -0.5577   2.842560    -0.5569   2.842622    6.29902    -0.1038    13.8155 0.0000e+00  -61.48300  -53.86417 1155003169 220.092253    34.5374 0.0000e+00
    462.000    -0.5558   2.842793    -0.5550   2.842850    6.29808    -0.0746    13.8155 0.0000e+00  -61.48300  -53.86417 1155003171 220.092268    34.5377 0.0000e+00
    463.000    -0.5550   2.842927    -0.5546   2.842942    6.29667    -0.0738    13.8155 0.0000e+00  -61.48300  -53.86417 1155003172 220.092282    34.5379 0.0000e+00
    464.000    -0.5556   2.842915    -0.5548   2.842967    6.29565    -0.0753    13.8155 0.0000e+00  -61.48300  -53.86417 1155003173 220.092297    34.5379 0.0000e+00
    465.000    -0.5549   2.843028    -0.5535   2.843143    6.29465    -0.0867    13.8155 0.0000e+00  -61.48300  -53.86417 1155003174 220.092311    34.5380 0.0000e+00
    466.000    -0.5545   2.843106    -0.5532   2.843223    6.29414    -0.0660    13.8155 0.0000e+00  -61.48300  -53.86417 1155003176 220.092325    34.5381 0.0000e+00
    467.000    -0.5549   2.843111    -0.5538   2.843198    6.29223    -0.0934    13.8155 0.0000e+00  -61.48300  -53.86417 1155003177 220.092339    34.5381 0.0000e+00
    468.000    -0.5518   2.843465    -0.5513   2.843486    6.28967    -0.1005    13.8155 0.0000e+00  -61.48300  -53.86417 1155003178 220.092354    34.5386 0.0000e+00
    469.000    -0.5515   2.843549    -0.5509   2.843584    6.28880    -0.0821    13.8155 0.0000e+00  -61.48300  -53.86417 1155003179 220.092368    34.5387 0.0000e+00
    470.000    -0.5527   2.843477    -0.5517   2.843545    6.28825    -0.0939    13.8155 0.0000e+00  -61.48300  -53.86417 1155003180 220.092383    34.5386 0.0000e+00
    471.000    -0.5517   2.843621    -0.5509   2.843674    6.28761    -0.0847    13.8155 0.0000e+00  -61.48300  -53.86417 1155003182 220.092397    34.5388 0.0000e+00
    472.000    -0.5506   2.843768    -0.5497   2.843832    6.28824    -0.0771    13.8155 0.0000e+00  -61.48300  -53.86417 1155003183 220.092412    34.5389 0.0000e+00
    473.000    -0.5503   2.843843    -0.5499   2.843873    6.28434    -0.0726    13.8155 0.0000e+00  -61.48300  -53.86417 1155003184 220.092426    34.5390 0.0000e+00
    474.000    -0.5504   2.843878    -0.5498   2.843925    6.28462    -0.0900    13.8155 0.0000e+00  -61.48300  -53.86417 1155003186 220.092440    34.5389 0.0000e+00
    475.000    -0.5503   2.843937    -0.5496   2.843986    6.28548    -0.0830    13.8155 0.0000e+00  -61.48300  -53.86417 1155003187 220.092454    34.5391 0.0000e+00
    476.000    -0.5489   2.844119    -0.5479   2.844180    6.28369    -0.0783    13.8155 0.0000e+00  -61.48300  -53.86417 1155003188 220.092469    34.5393 0.0000e+00
    477.000    -0.5461   2.844434    -0.5454   2.844487    6.28423    -0.0812    13.8155 0.0000e+00  -61.48300  -53.86417 1155003189 220.092483    34.5397 0.0000e+00
    478.000    -0.5464   2.844441    -0.5459   2.844487    6.28561    -0.0722    13.8155 0.0000e+00  -61.48300  -53.86417 1155003190 220.092497    34.5396 0.0000e+00
    479.000    -0.5466   2.844466    -0.5463   2.844489    6.28484    -0.0851    13.8155 0.0000e+00  -61.48300  -53.86417 1155003192 220.092512    34.5396 0.0000e+00
    480.000    -0.5431   2.844868    -0.5422   2.844924    6.28405    -0.0875    13.8155 0.0000e+00  -61.48300  -53.86417 1155003193 220.092526    34.5403 0.0000e+00
    481.000    -0.5384   2.845375    -0.5377   2.845401    6.28325    -0.0664    13.8155 0.0000e+00  -61.48300  -53.86417 1155003194 220.092541    34.5411 0.0000e+00
