product_data/regression_test/downloaded_data/MGDS/320620060703/ctd/adapted/heads_insert_p6609310.cnv
* Sea-Bird SBE 9 Data File:
* FileName = D:\Data\Raw\p6609310.dat
* Software Version Seasave Win32 V 5.32
* Temperature SN = 1649
* Conductivity SN = 1431
* Number of Bytes Per Scan = 37
* Number of Voltage Words = 5
* Number of Scans Averaged by the Deck Unit = 1
* NMEA Latitude = 61 07.49 S
* NMEA Longitude = 058 05.61 W
* NMEA UTC (Time) = 09:04:34
** Ship:   Nathaniel B. Palmer nbp
** Cruise:    NBP0606 nbp0606
# nquan = 15
# nvalues = 1990                        
# units = specified
# name 0 = prDM: Pressure, Digiquartz [db]
# name 1 = t090C: Temperature [ITS-90, deg C]
# name 2 = c0S/m: Conductivity [S/m]
# name 3 = t190C: Temperature, 2 [ITS-90, deg C]
# name 4 = c1S/m: Conductivity, 2 [S/m]
# name 5 = sbeox0ML/L: Oxygen, SBE 43 [ml/l]
# name 6 = flECO-AFL: Fluorescence, Wetlab ECO-AFL/FL [mg/m^3]
# name 7 = bat: Beam Attenuation, Chelsea/Seatech/Wetlab CStar [1/m]
# name 8 = spar: SPAR/Surface Irradiance
# name 9 = latitude: Latitude [deg]
# name 10 = longitude: Longitude [deg]
# name 11 = timeY: Time, System [seconds]
# name 12 = timeJ: Julian Days
# name 13 = sal00: Salinity [PSU]
# name 14 = flag: flag
# span 0 =     14.000,   2003.000       
# span 1 =    -0.8193,     1.9573       
# span 2 =   2.716876,   3.067314       
# span 3 =    -0.8204,     1.9583       
# span 4 =   2.719287,   3.067611       
# span 5 =    1.43101,    8.02535       
# span 6 =    -0.1311,     0.2787       
# span 7 =    13.8155,    13.8155       
# span 8 = -2.200e-01, 1.6554e+00       
# span 9 =  -61.12483,  -61.12483       
# span 10 =  -58.09350,  -58.09350      
# span 11 = 1152608670, 1152611596      
# span 12 = 192.378132, 192.412008      
# span 13 =    33.4820,    34.7279      
# span 14 = 0.0000e+00, 0.0000e+00      
# interval = decibars: 1                
# start_time = Jul 11 2006 09:04:41
# bad_flag = -9.990e-29
*END*
[from data line 964]
    977.000     1.4316   3.050122     1.4341   3.050605    4.80936    -0.0885    13.8155 0.0000e+00  -61.12483  -58.09350 1152610054 192.394160    34.7254 0.0000e+00
    978.000     1.4283   3.049857     1.4287   3.050169    4.81180    -0.0978    13.8155 0.0000e+00  -61.12483  -58.09350 1152610055 192.394175    34.7253 0.0000e+00
    979.000     1.4290   3.049976     1.4294   3.050289    4.81091    -0.0831    13.8155 0.0000e+00  -61.12483  -58.09350 1152610056 192.394184    34.7254 0.0000e+00
    980.000     1.4289   3.050020     1.4294   3.050333    4.81024    -0.0889    13.8155 0.0000e+00  -61.12483  -58.09350 1152610056 192.394193    34.7255 0.0000e+00
    981.000     1.4284   3.050005     1.4291   3.050341    4.80833    -0.0855    13.8155 0.0000e+00  -61.12483  -58.09350 1152610057 192.394200    34.7253 0.0000e+00
    982.000     1.4247   3.049676     1.4249   3.050005    4.80808    -0.0904    13.8155 0.0000e+00  -61.12483  -58.09350 1152610058 192.394207    34.7247 0.0000e+00
    983.000     1.4204   3.049332     1.4207   3.049669    4.80808    -0.0894    13.8155 0.0000e+00  -61.12483  -58.09350 1152610058 192.394213    34.7247 0.0000e+00
    984.000     1.4178   3.049144     1.4187   3.049526    4.80883    -0.0864    13.8155 0.0000e+00  -61.12483  -58.09350 1152610059 192.394220    34.7246 0.0000e+00
    985.000     1.4152   3.048973     1.4158   3.049311    4.81009    -0.0910    13.8155 0.0000e+00  -61.12483  -58.09350 1152610060 192.394229    34.7247 0.0000e+00
    986.000     1.4220   3.049651     1.4232   3.050009    4.81151    -0.0950    13.8155 0.0000e+00  -61.12483  -58.09350 1152610065 192.394292    34.7249 0.0000e+00
    987.000     1.4154   3.049090     1.4162   3.049450    4.81425    -0.0917    13.8155 0.0000e+00  -61.12483  -58.09350 1152610067 192.394311    34.7247 0.0000e+00
    988.000     1.4120   3.048845     1.4127   3.049176    4.81529    -0.0834    13.8155 0.0000e+00  -61.12483  -58.09350 1152610068 192.394323    34.7249 0.0000e+00
    989.000     1.4106   3.048756     1.4113   3.049091    4.81583    -0.0862    13.8155 0.0000e+00  -61.12483  -58.09350 1152610068 192.394332    34.7248 0.0000e+00
    990.000     1.4087   3.048624     1.4095   3.048959    4.81806    -0.0919    13.8155 0.0000e+00  -61.12483  -58.09350 1152610069 192.394340    34.7247 0.0000e+00
    991.000     1.4088   3.048683     1.4097   3.049018    4.81819    -0.0715    13.8155 0.0000e+00  -61.12483  -58.09350 1152610070 192.394348    34.7247 0.0000e+00
    992.000     1.4075   3.048597     1.4083   3.048947    4.81948    -0.0948    13.8155 0.0000e+00  -61.12483  -58.09350 1152610071 192.394357    34.7245 0.0000e+00
    993.000     1.4069   3.048584     1.4074   3.048887    4.81936    -0.0875    13.8155 0.0000e+00  -61.12483  -58.09350 1152610071 192.394365    34.7245 0.0000e+00
    994.000     1.4068   3.048630     1.4075   3.048940    4.81824    -0.1000    13.8155 0.0000e+00  -61.12483  -58.09350 1152610072 192.394376    34.7246 0.0000e+00
    995.000     1.4066   3.048650     1.4073   3.048966    4.81897    -0.0866    13.8155 0.0000e+00  -61.12483  -58.09350 1152610074 192.394397    34.7244 0.0000e+00
    996.000     1.4072   3.048756     1.4084   3.049100    4.82279    -0.0877    13.8155 0.0000e+00  -61.12483  -58.09350 1152610078 192.394439    34.7245 0.0000e+00
    997.000     1.4036   3.048448     1.4037   3.048749    4.82708    -0.0914    13.8155 0.0000e+00  -61.12483  -58.09350 1152610079 192.394459    34.7241 0.0000e+00
    998.000     1.3995   3.048148     1.3994   3.048396    4.82765    -0.0820    13.8155 0.0000e+00  -61.12483  -58.09350 1152610080 192.394470    34.7242 0.0000e+00
    999.000     1.3969   3.047942     1.3976   3.048288    4.82766    -0.0858    13.8155 0.0000e+00  -61.12483  -58.09350 1152610081 192.394479    34.7240 0.0000e+00
   1000.000     1.3948   3.047778     1.3952   3.048095    4.82776    -0.0912    13.8155 0.0000e+00  -61.12483  -58.09350 1152610082 192.394487    34.7237 0.0000e+00
   1001.000     1.3938   3.047738     1.3943   3.048042    4.82811    -0.0981    13.8155 0.0000e+00  -61.12483  -58.09350 1152610083 192.394495    34.7238 0.0000e+00
   1002.000     1.3938   3.047788     1.3944   3.048097    4.82849    -0.0980    13.8155 0.0000e+00  -61.12483  -58.09350 1152610083 192.394503    34.7238 0.0000e+00
   1003.000     1.3935   3.047796     1.3941   3.048104    4.82736    -0.0883    13.8155 0.0000e+00  -61.12483  -58.09350 1152610085 192.394524    34.7236 0.0000e+00
   1004.000     1.3920   3.047718     1.3929   3.048057    4.82784    -0.0905    13.8155 0.0000e+00  -61.12483  -58.09350 1152610088 192.394555    34.7238 0.0000e+00
   1005.000     1.3900   3.047563     1.3907   3.047896    4.82969    -0.0902    13.8155 0.0000e+00  -61.12483  -58.09350 1152610089 192.394567    34.7234 0.0000e+00
   1006.000     1.3878   3.047417     1.3884   3.047727    4.83136    -0.0892    13.8155 0.0000e+00  -61.12483  -58.09350 1152610090 192.394581    34.7235 0.0000e+00
   1007.000     1.3868   3.047378     1.3874   3.047685    4.82951    -0.1043    13.8155 0.0000e+00  -61.12483  -58.09350 1152610091 192.394594    34.7235 0.0000e+00
   1008.000     1.3858   3.047325     1.3864   3.047644    4.83006    -0.1012    13.8155 0.0000e+00  -61.12483  -58.09350 1152610092 192.394606    34.7234 0.0000e+00
   1009.000     1.3830   3.047106     1.3835   3.047420    4.83015    -0.0794    13.8155 0.0000e+00  -61.12483  -58.09350 1152610093 192.394617    34.7232 0.0000e+00
   1010.000     1.3807   3.046951     1.3813   3.047266    4.83057    -0.0933    13.8155 0.0000e+00  -61.12483  -58.09350 1152610094 192.394627    34.7232 0.0000e+00
   1011.000     1.3800   3.046934     1.3807   3.047245    4.83088    -0.0759    13.8155 0.0000e+00  -61.12483  -58.09350 1152610095 192.394640    34.7232 0.0000e+00
   1012.000     1.3808   3.047008     1.3815   3.047361    4.83598    -0.0935    13.8155 0.0000e+00  -61.12483  -58.09350 1152610098 192.394672    34.7231 0.0000e+00
   1013.000     1.3788   3.046902     1.3792   3.047198    4.83808    -0.0886    13.8155 0.0000e+00  -61.12483  -58.09350 1152610100 192.394692    34.7229 0.0000e+00
   1014.000     1.3774   3.046827     1.3780   3.047124    4.83944    -0.0923    13.8155 0.0000e+00  -61.12483  -58.09350 1152610101 192.394704    34.7229 0.0000e+00
   1015.000     1.3741   3.046534     1.3737   3.046780    4.83998    -0.0968    13.8155 0.0000e+00  -61.12483  -58.09350 1152610101 192.394714    34.7223 0.0000e+00
   1016.000     1.3700   3.046203     1.3708   3.046530    4.83934    -0.0888    13.8155 0.0000e+00  -61.12483  -58.09350 1152610102 192.394724    34.7223 0.0000e+00
   1017.000     1.3657   3.045832     1.3666   3.046195    4.83880    -0.0759    13.8155 0.0000e+00  -61.12483  -58.09350 1152610103 192.394733    34.7219 0.0000e+00
   1018.000     1.3653   3.045848     1.3659   3.046165    4.83969    -0.0833    13.8155 0.0000e+00  -61.12483  -58.09350 1152610104 192.394746    34.7220 0.0000e+00
   1019.000     1.3644   3.045829     1.3651   3.046138    4.84041    -0.0877    13.8155 0.0000e+00  -61.12483  -58.09350 1152610106 192.394764    34.7220 0.0000e+00
   1020.000     1.3613   3.045624     1.3615   3.045924    4.84119    -0.0849    13.8155 0.0000e+00  -61.12483  -58.09350 1152610108 192.394783    34.7217 0.0000e+00
   1021.000     1.3537   3.044913     1.3545   3.045248    4.84320    -0.0922    13.8155 0.0000e+00  -61.12483  -58.09350 1152610109 192.394799    34.7213 0.0000e+00
   1022.000     1.3544   3.045024     1.3546   3.045296    4.84548    -0.0946    13.8155 0.0000e+00  -61.12483  -58.09350 1152610110 192.394814    34.7212 0.0000e+00
   1023.000     1.3533   3.044968     1.3537   3.045257    4.84811    -0.0946    13.8155 0.0000e+00  -61.12483  -58.09350 1152610112 192.394834    34.7211 0.0000e+00
   1024.000     1.3537   3.045051     1.3550   3.045424    4.85011    -0.0792    13.8155 0.0000e+00  -61.12483  -58.09350 1152610114 192.394855    34.7210 0.0000e+00
   1025.000     1.3513   3.044861     1.3517   3.045166    4.85012    -0.0861    13.8155 0.0000e+00  -61.12483  -58.09350 1152610115 192.394869    34.7209 0.0000e+00
   1026.000     1.3513   3.044908     1.3519   3.045228    4.84857    -0.0780    13.8155 0.0000e+00  -61.12483  -58.09350 1152610116 192.394880    34.7208 0.0000e+00
   1027.000     1.3508   3.044891     1.3507   3.045158    4.84962    -0.0666    13.8155 0.0000e+00  -61.12483  -58.09350 1152610117 192.394889    34.7207 0.0000e+00
   1028.000     1.3478   3.044679     1.3486   3.045036    4.85164    -0.1009    13.8155 0.0000e+00  -61.12483  -58.09350 1152610117 192.394898    34.7207 0.0000e+00
   1029.000     1.3477   3.044715     1.3484   3.045041    4.85270    -0.0726    13.8155 0.0000e+00  -61.12483  -58.09350 1152610118 192.394907    34.7208 0.0000e+00
   1030.000     1.3457   3.044590     1.3464   3.044895    4.85192    -0.0823    13.8155 0.0000e+00  -61.12483  -58.09350 1152610119 192.394917    34.7208 0.0000e+00
   1031.000     1.3453   3.044595     1.3460   3.044908    4.85186    -0.0985    13.8155 0.0000e+00  -61.12483  -58.09350 1152610120 192.394931    34.7207 0.0000e+00
   1032.000     1.3458   3.044689     1.3462   3.044965    4.85354    -0.0859    13.8155 0.0000e+00  -61.12483  -58.09350 1152610124 192.394970    34.7207 0.0000e+00
   1033.000     1.3465   3.044794     1.3472   3.045102    4.85396    -0.0845    13.8155 0.0000e+00  -61.12483  -58.09350 1152610126 192.394998    34.7206 0.0000e+00
   1034.000     1.3452   3.044712     1.3458   3.045032    4.85445    -0.0926    13.8155 0.0000e+00  -61.12483  -58.09350 1152610127 192.395008    34.7205 0.0000e+00
   1035.000     1.3457   3.044821     1.3462   3.045105    4.85375    -0.0794    13.8155 0.0000e+00  -61.12483  -58.09350 1152610128 192.395018    34.7208 0.0000e+00
   1036.000     1.3460   3.044896     1.3467   3.045205    4.85452    -0.1051    13.8155 0.0000e+00  -61.12483  -58.09350 1152610129 192.395028    34.7208 0.0000e+00
   1037.000     1.3461   3.044943     1.3468   3.045254    4.85438    -0.0928    13.8155 0.0000e+00  -61.12483  -58.09350 1152610129 192.395038    34.7208 0.0000e+00
   1038.000     1.3461   3.044991     1.3467   3.045294    4.85444    -0.0834    13.8155 0.0000e+00  -61.12483  -58.09350 1152610130 192.395048    34.7208 0.0000e+00
   1039.000     1.3461   3.045024     1.3467   3.045345    4.85451    -0.0916    13.8155 0.0000e+00  -61.12483  -58.09350 1152610131 192.395057    34.7208 0.0000e+00
   1040.000     1.3462   3.045075     1.3469   3.045399    4.85470    -0.0734    13.8155 0.0000e+00  -61.12483  -58.09350 1152610132 192.395067    34.7207 0.0000e+00
   1041.000     1.3465   3.045152     1.3471   3.045451    4.85486    -0.0936    13.8155 0.0000e+00  -61.12483  -58.09350 1152610133 192.395077    34.7207 0.0000e+00
   1042.000     1.3465   3.045199     1.3471   3.045495    4.85422    -0.0839    13.8155 0.0000e+00  -61.12483  -58.09350 1152610135 192.395106    34.7208 0.0000e+00
   1043.000     1.3470   3.045270     1.3476   3.045574    4.85342    -0.0871    13.8155 0.0000e+00  -61.12483  -58.09350 1152610138 192.395134    34.7206 0.0000e+00
   1044.000     1.3467   3.045300     1.3472   3.045581    4.85491    -0.0937    13.8155 0.0000e+00  -61.12483  -58.09350 1152610141 192.395168    34.7208 0.0000e+00
   1045.000     1.3448   3.045171     1.3452   3.045464    4.85729    -0.0970    13.8155 0.0000e+00  -61.12483  -58.09350 1152610142 192.395182    34.7206 0.0000e+00
   1046.000     1.3446   3.045206     1.3451   3.045517    4.85854    -0.0762    13.8155 0.0000e+00  -61.12483  -58.09350 1152610143 192.395191    34.7209 0.0000e+00
   1047.000     1.3449   3.045280     1.3455   3.045590    4.85686    -0.1025    13.8155 0.0000e+00  -61.12483  -58.09350 1152610143 192.395199    34.7209 0.0000e+00
   1048.000     1.3452   3.045365     1.3457   3.045663    4.85909    -0.0845    13.8155 0.0000e+00  -61.12483  -58.09350 1152610144 192.395206    34.7210 0.0000e+00
   1049.000     1.3454   3.045397     1.3458   3.045710    4.85864    -0.0934    13.8155 0.0000e+00  -61.12483  -58.09350 1152610145 192.395213    34.7206 0.0000e+00
   1050.000     1.3454   3.045447     1.3457   3.045742    4.85810    -0.0889    13.8155 0.0000e+00  -61.12483  -58.09350 1152610145 192.395220    34.7207 0.0000e+00
   1051.000     1.3452   3.045488     1.3458   3.045788    4.85731    -0.0914    13.8155 0.0000e+00  -61.12483  -58.09350 1152610147 192.395236    34.7210 0.0000e+00
   1052.000     1.3451   3.045540     1.3459   3.045840    4.85783    -0.0966    13.8155 0.0000e+00  -61.12483  -58.09350 1152610149 192.395267    34.7212 0.0000e+00
   1053.000     1.3455   3.045618     1.3461   3.045925    4.85628    -0.0891    13.8155 0.0000e+00  -61.12483  -58.09350 1152610150 192.395280    34.7212 0.0000e+00
   1054.000     1.3456   3.045666     1.3462   3.045967    4.85371    -0.0817    13.8155 0.0000e+00  -61.12483  -58.09350 1152610152 192.395297    34.7212 0.0000e+00
   1055.000     1.3463   3.045790     1.3470   3.046101    4.86118    -0.0873    13.8155 0.0000e+00  -61.12483  -58.09350 1152610155 192.395336    34.7214 0.0000e+00
   1056.000     1.3482   3.046060     1.3488   3.046358    4.86289    -0.0895    13.8155 0.0000e+00  -61.12483  -58.09350 1152610157 192.395352    34.7220 0.0000e+00
   1057.000     1.3471   3.045995     1.3474   3.046278    4.86356    -0.0872    13.8155 0.0000e+00  -61.12483  -58.09350 1152610157 192.395361    34.7219 0.0000e+00
   1058.000     1.3472   3.046061     1.3476   3.046361    4.86370    -0.0807    13.8155 0.0000e+00  -61.12483  -58.09350 1152610158 192.395369    34.7222 0.0000e+00
   1059.000     1.3475   3.046153     1.3481   3.046452    4.86056    -0.0833    13.8155 0.0000e+00  -61.12483  -58.09350 1152610159 192.395377    34.7224 0.0000e+00
   1060.000     1.3483   3.046289     1.3489   3.046585    4.85836    -0.0906    13.8155 0.0000e+00  -61.12483  -58.09350 1152610159 192.395384    34.7227 0.0000e+00
   1061.000     1.3481   3.046318     1.3485   3.046620    4.85920    -0.0799    13.8155 0.0000e+00  -61.12483  -58.09350 1152610160 192.395391    34.7227 0.0000e+00
   1062.000     1.3476   3.046318     1.3481   3.046629    4.85803    -0.0931    13.8155 0.0000e+00  -61.12483  -58.09350 1152610161 192.395398    34.7227 0.0000e+00
   1063.000     1.3474   3.046338     1.3480   3.046643    4.85712    -0.0946    13.8155 0.0000e+00  -61.12483  -58.09350 1152610161 192.395406    34.7227 0.0000e+00
   1064.000     1.3474   3.046377     1.3480   3.046680    4.85750    -0.1032    13.8155 0.0000e+00  -61.12483  -58.09350 1152610165 192.395449    34.7227 0.0000e+00
   1065.000     1.3480   3.046466     1.3485   3.046757    4.85994    -0.0992    13.8155 0.0000e+00  -61.12483  -58.09350 1152610169 192.395492    34.7226 0.0000e+00
   1066.000     1.3462   3.046365     1.3465   3.046664    4.85883    -0.1054    13.8155 0.0000e+00  -61.12483  -58.09350 1152610170 192.395501    34.7228 0.0000e+00
   1067.000     1.3450   3.046316     1.3454   3.046620    4.85997    -0.0829    13.8155 0.0000e+00  -61.12483  -58.09350 1152610170 192.395509    34.7229 0.0000e+00
   1068.000     1.3442   3.046292     1.3447   3.046614    4.85955    -0.0974    13.8155 0.0000e+00  -61.12483  -58.09350 1152610171 192.395516    34.7230 0.0000e+00
   1069.000     1.3420   3.046131     1.3425   3.046452    4.86111    -0.1006    13.8155 0.0000e+00  -61.12483  -58.09350 1152610171 192.395524    34.7229 0.0000e+00
   1070.000     1.3387   3.045889     1.3393   3.046199    4.85934    -0.0910    13.8155 0.0000e+00  -61.12483  -58.09350 1152610172 192.395531    34.7229 0.0000e+00
   1071.000     1.3382   3.045876     1.3387   3.046175    4.85575    -0.0755    13.8155 0.0000e+00  -61.12483  -58.09350 1152610173 192.395539    34.7229 0.0000e+00
   1072.000     1.3371   3.045811     1.3373   3.046104    4.85599    -0.1005    13.8155 0.0000e+00  -61.12483  -58.09350 1152610173 192.395547    34.7227 0.0000e+00
