product_data/regression_test/downloaded_data/MGDS/320620060703/ctd/adapted/heads_insert_p6620301.cnv
* Sea-Bird SBE 9 Data File:
* FileName = D:\Data\Raw\p6620301.dat
* Software Version Seasave Win32 V 5.32
* Temperature SN = 1649
* Conductivity SN = 1431
* Number of Bytes Per Scan = 37
* Number of Voltage Words = 5
* Number of Scans Averaged by the Deck Unit = 1
* NMEA Latitude = 64 28.09 S
* NMEA Longitude = 061 55.02 W
* NMEA UTC (Time) = 04:29:14
** Ship:   Nathaniel B. Palmer 
** Cruise:    NBP0606 
# nquan = 15
# nvalues = 467                         
# units = specified
# name 0 = prDM: Pressure, Digiquartz [db]
# name 1 = t090C: Temperature [ITS-90, deg C]
# name 2 = c0S/m: Conductivity [S/m]
# name 3 = t190C: Temperature, 2 [ITS-90, deg C]
# name 4 = c1S/m: Conductivity, 2 [S/m]
# name 5 = sbeox0ML/L: Oxygen, SBE 43 [ml/l]
# name 6 = flECO-AFL: Fluorescence, Wetlab ECO-AFL/FL [mg/m^3]
# name 7 = bat: Beam Attenuation, Chelsea/Seatech/Wetlab CStar [1/m]
# name 8 = spar: SPAR/Surface Irradiance
# name 9 = latitude: Latitude [deg]
# name 10 = longitude: Longitude [deg]
# name 11 = timeY: Time, System [seconds]
# name 12 = timeJ: Julian Days
# name 13 = sal00: Salinity [PSU]
# name 14 = flag: flag
# span 0 =      3.000,    469.000       
# span 1 =    -1.2446,     0.0448       
# span 2 =   2.731480,   2.891315       
# span 3 =    -1.2458,     0.0451       
# span 4 =   2.731816,   2.891560       
# span 5 =    5.92022,    7.16349       
# span 6 =    -0.1076,    -0.0053       
# span 7 =    13.8155,    13.8155       
# span 8 = 0.0000e+00, 0.0000e+00       
# span 9 =  -64.46817,  -64.46817       
# span 10 =  -61.91700,  -61.91700      
# span 11 = 1154060972, 1154061715      
# span 12 = 209.187204, 209.195800      
# span 13 =    34.0851,    34.5019      
# span 14 = 0.0000e+00, 0.0000e+00      
# interval = decibars: 1                
# start_time = Jul 28 2006 04:29:23
# bad_flag = -9.990e-29
*END*
[from data line 290]
    292.000     0.0437   2.881569     0.0440   2.881825    5.94206    -0.0484    13.8155 0.0000e+00  -64.46817  -61.91700 1154061417 209.192352    34.4795 0.0000e+00
    293.000     0.0439   2.881624     0.0441   2.881879    5.93877    -0.0713    13.8155 0.0000e+00  -64.46817  -61.91700 1154061419 209.192368    34.4795 0.0000e+00
    294.000     0.0441   2.881721     0.0445   2.882003    5.93594    -0.0632    13.8155 0.0000e+00  -64.46817  -61.91700 1154061420 209.192383    34.4799 0.0000e+00
    295.000     0.0442   2.881809     0.0447   2.882085    5.93629    -0.0500    13.8155 0.0000e+00  -64.46817  -61.91700 1154061421 209.192395    34.4804 0.0000e+00
    296.000     0.0441   2.881853     0.0446   2.882120    5.93674    -0.0620    13.8155 0.0000e+00  -64.46817  -61.91700 1154061422 209.192406    34.4805 0.0000e+00
    297.000     0.0442   2.881936     0.0446   2.882204    5.93748    -0.0910    13.8155 0.0000e+00  -64.46817  -61.91700 1154061423 209.192417    34.4809 0.0000e+00
    298.000     0.0442   2.881999     0.0446   2.882258    5.93835    -0.0733    13.8155 0.0000e+00  -64.46817  -61.91700 1154061424 209.192432    34.4811 0.0000e+00
    299.000     0.0444   2.882046     0.0446   2.882324    5.93955    -0.0532    13.8155 0.0000e+00  -64.46817  -61.91700 1154061426 209.192453    34.4810 0.0000e+00
    300.000     0.0444   2.882069     0.0448   2.882332    5.94018    -0.0794    13.8155 0.0000e+00  -64.46817  -61.91700 1154061427 209.192468    34.4806 0.0000e+00
    301.000     0.0446   2.882207     0.0449   2.882475    5.94094    -0.0437    13.8155 0.0000e+00  -64.46817  -61.91700 1154061428 209.192480    34.4817 0.0000e+00
    302.000     0.0444   2.882328     0.0447   2.882615    5.93839    -0.1020    13.8155 0.0000e+00  -64.46817  -61.91700 1154061429 209.192491    34.4829 0.0000e+00
    303.000     0.0444   2.882363     0.0447   2.882641    5.93698    -0.0678    13.8155 0.0000e+00  -64.46817  -61.91700 1154061430 209.192507    34.4828 0.0000e+00
    304.000     0.0444   2.882453     0.0447   2.882720    5.93888    -0.0757    13.8155 0.0000e+00  -64.46817  -61.91700 1154061432 209.192526    34.4833 0.0000e+00
    305.000     0.0445   2.882493     0.0448   2.882751    5.93962    -0.0842    13.8155 0.0000e+00  -64.46817  -61.91700 1154061433 209.192540    34.4832 0.0000e+00
    306.000     0.0446   2.882563     0.0450   2.882838    5.93797    -0.0610    13.8155 0.0000e+00  -64.46817  -61.91700 1154061434 209.192551    34.4835 0.0000e+00
    307.000     0.0447   2.882615     0.0450   2.882880    5.93431    -0.0657    13.8155 0.0000e+00  -64.46817  -61.91700 1154061435 209.192561    34.4835 0.0000e+00
    308.000     0.0448   2.882646     0.0451   2.882915    5.93224    -0.0952    13.8155 0.0000e+00  -64.46817  -61.91700 1154061436 209.192572    34.4831 0.0000e+00
    309.000     0.0443   2.882729     0.0447   2.882994    5.92944    -0.0651    13.8155 0.0000e+00  -64.46817  -61.91700 1154061438 209.192593    34.4842 0.0000e+00
    310.000     0.0434   2.882816     0.0439   2.883086    5.92924    -0.0470    13.8155 0.0000e+00  -64.46817  -61.91700 1154061439 209.192609    34.4858 0.0000e+00
    311.000     0.0435   2.882866     0.0438   2.883141    5.92834    -0.0734    13.8155 0.0000e+00  -64.46817  -61.91700 1154061440 209.192620    34.4857 0.0000e+00
    312.000     0.0437   2.882936     0.0440   2.883202    5.92635    -0.0812    13.8155 0.0000e+00  -64.46817  -61.91700 1154061441 209.192629    34.4858 0.0000e+00
    313.000     0.0439   2.882996     0.0440   2.883263    5.92959    -0.0758    13.8155 0.0000e+00  -64.46817  -61.91700 1154061442 209.192643    34.4858 0.0000e+00
    314.000     0.0438   2.883037     0.0441   2.883317    5.92711    -0.0837    13.8155 0.0000e+00  -64.46817  -61.91700 1154061444 209.192665    34.4858 0.0000e+00
    315.000     0.0440   2.883126     0.0442   2.883400    5.92348    -0.0546    13.8155 0.0000e+00  -64.46817  -61.91700 1154061445 209.192679    34.4862 0.0000e+00
    316.000     0.0440   2.883185     0.0443   2.883448    5.92439    -0.0789    13.8155 0.0000e+00  -64.46817  -61.91700 1154061446 209.192689    34.4863 0.0000e+00
    317.000     0.0441   2.883234     0.0444   2.883504    5.92398    -0.0929    13.8155 0.0000e+00  -64.46817  -61.91700 1154061447 209.192700    34.4863 0.0000e+00
    318.000     0.0441   2.883295     0.0445   2.883563    5.92556    -0.0590    13.8155 0.0000e+00  -64.46817  -61.91700 1154061449 209.192715    34.4865 0.0000e+00
    319.000     0.0440   2.883358     0.0444   2.883621    5.92705    -0.0782    13.8155 0.0000e+00  -64.46817  -61.91700 1154061450 209.192732    34.4868 0.0000e+00
    320.000     0.0441   2.883419     0.0444   2.883693    5.92776    -0.0765    13.8155 0.0000e+00  -64.46817  -61.91700 1154061451 209.192745    34.4869 0.0000e+00
    321.000     0.0442   2.883483     0.0445   2.883758    5.92764    -0.0727    13.8155 0.0000e+00  -64.46817  -61.91700 1154061452 209.192757    34.4871 0.0000e+00
    322.000     0.0443   2.883538     0.0447   2.883805    5.92735    -0.0754    13.8155 0.0000e+00  -64.46817  -61.91700 1154061453 209.192769    34.4871 0.0000e+00
    323.000     0.0444   2.883598     0.0447   2.883872    5.92412    -0.0814    13.8155 0.0000e+00  -64.46817  -61.91700 1154061454 209.192783    34.4872 0.0000e+00
    324.000     0.0443   2.883678     0.0446   2.883946    5.92176    -0.0594    13.8155 0.0000e+00  -64.46817  -61.91700 1154061456 209.192798    34.4877 0.0000e+00
    325.000     0.0438   2.883758     0.0441   2.884031    5.92022    -0.0790    13.8155 0.0000e+00  -64.46817  -61.91700 1154061457 209.192810    34.4888 0.0000e+00
    326.000     0.0425   2.883803     0.0428   2.884073    5.92316    -0.0718    13.8155 0.0000e+00  -64.46817  -61.91700 1154061458 209.192822    34.4903 0.0000e+00
    327.000     0.0422   2.883831     0.0425   2.884103    5.92389    -0.0590    13.8155 0.0000e+00  -64.46817  -61.91700 1154061459 209.192834    34.4904 0.0000e+00
    328.000     0.0418   2.883865     0.0423   2.884137    5.92476    -0.0805    13.8155 0.0000e+00  -64.46817  -61.91700 1154061460 209.192849    34.4906 0.0000e+00
    329.000     0.0416   2.883909     0.0419   2.884184    5.92911    -0.0800    13.8155 0.0000e+00  -64.46817  -61.91700 1154061461 209.192864    34.4909 0.0000e+00
    330.000     0.0413   2.883942     0.0418   2.884223    5.93034    -0.0722    13.8155 0.0000e+00  -64.46817  -61.91700 1154061463 209.192878    34.4910 0.0000e+00
    331.000     0.0414   2.884001     0.0417   2.884277    5.93040    -0.0583    13.8155 0.0000e+00  -64.46817  -61.91700 1154061464 209.192891    34.4911 0.0000e+00
    332.000     0.0415   2.884049     0.0416   2.884319    5.93019    -0.0874    13.8155 0.0000e+00  -64.46817  -61.91700 1154061465 209.192904    34.4911 0.0000e+00
    333.000     0.0414   2.884090     0.0417   2.884353    5.92930    -0.0828    13.8155 0.0000e+00  -64.46817  -61.91700 1154061466 209.192918    34.4911 0.0000e+00
    334.000     0.0413   2.884129     0.0416   2.884391    5.92894    -0.0480    13.8155 0.0000e+00  -64.46817  -61.91700 1154061467 209.192932    34.4911 0.0000e+00
    335.000     0.0404   2.884109     0.0408   2.884382    5.92769    -0.0662    13.8155 0.0000e+00  -64.46817  -61.91700 1154061468 209.192945    34.4912 0.0000e+00
    336.000     0.0386   2.884027     0.0388   2.884286    5.92942    -0.0800    13.8155 0.0000e+00  -64.46817  -61.91700 1154061469 209.192957    34.4918 0.0000e+00
    337.000     0.0384   2.884072     0.0387   2.884339    5.93291    -0.0847    13.8155 0.0000e+00  -64.46817  -61.91700 1154061471 209.192970    34.4919 0.0000e+00
    338.000     0.0382   2.884101     0.0385   2.884365    5.93695    -0.0857    13.8155 0.0000e+00  -64.46817  -61.91700 1154061472 209.192985    34.4919 0.0000e+00
    339.000     0.0385   2.884164     0.0386   2.884437    5.94307    -0.0588    13.8155 0.0000e+00  -64.46817  -61.91700 1154061473 209.192999    34.4918 0.0000e+00
    340.000     0.0380   2.884181     0.0384   2.884463    5.94759    -0.1000    13.8155 0.0000e+00  -64.46817  -61.91700 1154061474 209.193011    34.4920 0.0000e+00
    341.000     0.0378   2.884208     0.0380   2.884477    5.94969    -0.0544    13.8155 0.0000e+00  -64.46817  -61.91700 1154061475 209.193023    34.4920 0.0000e+00
    342.000     0.0370   2.884212     0.0372   2.884482    5.95106    -0.0499    13.8155 0.0000e+00  -64.46817  -61.91700 1154061476 209.193036    34.4923 0.0000e+00
    343.000     0.0370   2.884266     0.0373   2.884535    5.95198    -0.0739    13.8155 0.0000e+00  -64.46817  -61.91700 1154061477 209.193050    34.4924 0.0000e+00
    344.000     0.0367   2.884325     0.0370   2.884595    5.95280    -0.0691    13.8155 0.0000e+00  -64.46817  -61.91700 1154061479 209.193064    34.4929 0.0000e+00
    345.000     0.0368   2.884392     0.0371   2.884656    5.95190    -0.0676    13.8155 0.0000e+00  -64.46817  -61.91700 1154061480 209.193077    34.4931 0.0000e+00
    346.000     0.0369   2.884448     0.0372   2.884715    5.94982    -0.0684    13.8155 0.0000e+00  -64.46817  -61.91700 1154061481 209.193090    34.4931 0.0000e+00
    347.000     0.0366   2.884498     0.0371   2.884779    5.95173    -0.0784    13.8155 0.0000e+00  -64.46817  -61.91700 1154061482 209.193103    34.4936 0.0000e+00
    348.000     0.0355   2.884484     0.0363   2.884785    5.95201    -0.0743    13.8155 0.0000e+00  -64.46817  -61.91700 1154061483 209.193116    34.4940 0.0000e+00
    349.000     0.0361   2.884562     0.0364   2.884842    5.95278    -0.0346    13.8155 0.0000e+00  -64.46817  -61.91700 1154061484 209.193130    34.4938 0.0000e+00
    350.000     0.0353   2.884563     0.0355   2.884820    5.95375    -0.0634    13.8155 0.0000e+00  -64.46817  -61.91700 1154061486 209.193143    34.4941 0.0000e+00
    351.000     0.0351   2.884598     0.0354   2.884860    5.95424    -0.0883    13.8155 0.0000e+00  -64.46817  -61.91700 1154061487 209.193155    34.4941 0.0000e+00
    352.000     0.0350   2.884635     0.0353   2.884901    5.95832    -0.0626    13.8155 0.0000e+00  -64.46817  -61.91700 1154061488 209.193168    34.4941 0.0000e+00
    353.000     0.0350   2.884671     0.0353   2.884943    5.96024    -0.1008    13.8155 0.0000e+00  -64.46817  -61.91700 1154061489 209.193183    34.4940 0.0000e+00
    354.000     0.0351   2.884720     0.0353   2.884986    5.95861    -0.0862    13.8155 0.0000e+00  -64.46817  -61.91700 1154061490 209.193197    34.4940 0.0000e+00
    355.000     0.0351   2.884772     0.0354   2.885026    5.95692    -0.0567    13.8155 0.0000e+00  -64.46817  -61.91700 1154061491 209.193208    34.4940 0.0000e+00
    356.000     0.0352   2.884822     0.0355   2.885093    5.95809    -0.0676    13.8155 0.0000e+00  -64.46817  -61.91700 1154061492 209.193220    34.4939 0.0000e+00
    357.000     0.0353   2.884872     0.0355   2.885135    5.96054    -0.0869    13.8155 0.0000e+00  -64.46817  -61.91700 1154061494 209.193236    34.4939 0.0000e+00
    358.000     0.0351   2.884928     0.0354   2.885193    5.95638    -0.0629    13.8155 0.0000e+00  -64.46817  -61.91700 1154061495 209.193254    34.4943 0.0000e+00
    359.000     0.0352   2.884978     0.0355   2.885249    5.95483    -0.0927    13.8155 0.0000e+00  -64.46817  -61.91700 1154061496 209.193266    34.4942 0.0000e+00
    360.000     0.0353   2.885019     0.0356   2.885288    5.95527    -0.0699    13.8155 0.0000e+00  -64.46817  -61.91700 1154061497 209.193277    34.4941 0.0000e+00
    361.000     0.0356   2.885088     0.0359   2.885355    5.95537    -0.0800    13.8155 0.0000e+00  -64.46817  -61.91700 1154061498 209.193291    34.4940 0.0000e+00
    362.000     0.0357   2.885140     0.0360   2.885399    5.95436    -0.0688    13.8155 0.0000e+00  -64.46817  -61.91700 1154061500 209.193309    34.4940 0.0000e+00
    363.000     0.0356   2.885188     0.0359   2.885449    5.95291    -0.0901    13.8155 0.0000e+00  -64.46817  -61.91700 1154061501 209.193322    34.4941 0.0000e+00
    364.000     0.0357   2.885245     0.0361   2.885513    5.95229    -0.0554    13.8155 0.0000e+00  -64.46817  -61.91700 1154061502 209.193334    34.4942 0.0000e+00
    365.000     0.0360   2.885294     0.0364   2.885568    5.95098    -0.0929    13.8155 0.0000e+00  -64.46817  -61.91700 1154061503 209.193346    34.4939 0.0000e+00
    366.000     0.0362   2.885352     0.0365   2.885616    5.95148    -0.0742    13.8155 0.0000e+00  -64.46817  -61.91700 1154061504 209.193362    34.4939 0.0000e+00
    367.000     0.0363   2.885417     0.0365   2.885685    5.95208    -0.0710    13.8155 0.0000e+00  -64.46817  -61.91700 1154061506 209.193380    34.4941 0.0000e+00
    368.000     0.0363   2.885527     0.0366   2.885798    5.95306    -0.0949    13.8155 0.0000e+00  -64.46817  -61.91700 1154061507 209.193394    34.4949 0.0000e+00
    369.000     0.0364   2.885577     0.0367   2.885867    5.95389    -0.0686    13.8155 0.0000e+00  -64.46817  -61.91700 1154061508 209.193405    34.4949 0.0000e+00
    370.000     0.0365   2.885670     0.0367   2.885936    5.95459    -0.0680    13.8155 0.0000e+00  -64.46817  -61.91700 1154061509 209.193417    34.4954 0.0000e+00
    371.000     0.0365   2.885717     0.0368   2.885984    5.95736    -0.0734    13.8155 0.0000e+00  -64.46817  -61.91700 1154061511 209.193433    34.4954 0.0000e+00
    372.000     0.0362   2.885736     0.0364   2.886006    5.95986    -0.1035    13.8155 0.0000e+00  -64.46817  -61.91700 1154061512 209.193451    34.4954 0.0000e+00
    373.000     0.0363   2.885800     0.0364   2.886049    5.96036    -0.0686    13.8155 0.0000e+00  -64.46817  -61.91700 1154061513 209.193465    34.4955 0.0000e+00
    374.000     0.0367   2.885915     0.0370   2.886182    5.95963    -0.0546    13.8155 0.0000e+00  -64.46817  -61.91700 1154061514 209.193477    34.4960 0.0000e+00
    375.000     0.0371   2.886030     0.0375   2.886289    5.95920    -0.0403    13.8155 0.0000e+00  -64.46817  -61.91700 1154061516 209.193491    34.4964 0.0000e+00
    376.000     0.0377   2.886144     0.0380   2.886414    5.95998    -0.0762    13.8155 0.0000e+00  -64.46817  -61.91700 1154061517 209.193509    34.4967 0.0000e+00
    377.000     0.0376   2.886198     0.0380   2.886465    5.95982    -0.0692    13.8155 0.0000e+00  -64.46817  -61.91700 1154061518 209.193523    34.4968 0.0000e+00
    378.000     0.0378   2.886254     0.0381   2.886530    5.95934    -0.0497    13.8155 0.0000e+00  -64.46817  -61.91700 1154061519 209.193536    34.4968 0.0000e+00
    379.000     0.0378   2.886311     0.0381   2.886571    5.95991    -0.0539    13.8155 0.0000e+00  -64.46817  -61.91700 1154061521 209.193548    34.4969 0.0000e+00
    380.000     0.0378   2.886345     0.0380   2.886613    5.95890    -0.0766    13.8155 0.0000e+00  -64.46817  -61.91700 1154061522 209.193561    34.4969 0.0000e+00
    381.000     0.0380   2.886398     0.0382   2.886666    5.96045    -0.0817    13.8155 0.0000e+00  -64.46817  -61.91700 1154061523 209.193576    34.4967 0.0000e+00
    382.000     0.0381   2.886458     0.0382   2.886723    5.96036    -0.0690    13.8155 0.0000e+00  -64.46817  -61.91700 1154061524 209.193591    34.4968 0.0000e+00
    383.000     0.0382   2.886516     0.0384   2.886773    5.95955    -0.0959    13.8155 0.0000e+00  -64.46817  -61.91700 1154061525 209.193605    34.4968 0.0000e+00
    384.000     0.0385   2.886579     0.0387   2.886844    5.96049    -0.0620    13.8155 0.0000e+00  -64.46817  -61.91700 1154061527 209.193622    34.4967 0.0000e+00
    385.000     0.0386   2.886636     0.0388   2.886899    5.96123    -0.0697    13.8155 0.0000e+00  -64.46817  -61.91700 1154061528 209.193637    34.4969 0.0000e+00
    386.000     0.0386   2.886682     0.0389   2.886947    5.96051    -0.0887    13.8155 0.0000e+00  -64.46817  -61.91700 1154061529 209.193650    34.4969 0.0000e+00
