product_data/regression_test/downloaded_data/MGDS/320620060703/ctd/adapted/heads_insert_p6617612.cnv
* Sea-Bird SBE 9 Data File:
* FileName = D:\Data\Raw\p6617612.dat
* Software Version Seasave Win32 V 5.32
* Temperature SN = 1649
* Conductivity SN = 1431
* Number of Bytes Per Scan = 37
* Number of Voltage Words = 5
* Number of Scans Averaged by the Deck Unit = 1
* NMEA Latitude = 60 37.00 S
* NMEA Longitude = 054 43.23 W
* NMEA UTC (Time) = 15:44:17
** Ship:   Nathaniel B. Palmer 
** Cruise:    NBP0606 
# nquan = 15
# nvalues = 391                         
# units = specified
# name 0 = prDM: Pressure, Digiquartz [db]
# name 1 = t090C: Temperature [ITS-90, deg C]
# name 2 = c0S/m: Conductivity [S/m]
# name 3 = t190C: Temperature, 2 [ITS-90, deg C]
# name 4 = c1S/m: Conductivity, 2 [S/m]
# name 5 = sbeox0ML/L: Oxygen, SBE 43 [ml/l]
# name 6 = flECO-AFL: Fluorescence, Wetlab ECO-AFL/FL [mg/m^3]
# name 7 = bat: Beam Attenuation, Chelsea/Seatech/Wetlab CStar [1/m]
# name 8 = spar: SPAR/Surface Irradiance
# name 9 = latitude: Latitude [deg]
# name 10 = longitude: Longitude [deg]
# name 11 = timeY: Time, System [seconds]
# name 12 = timeJ: Julian Days
# name 13 = sal00: Salinity [PSU]
# name 14 = flag: flag
# span 0 =     14.000,    404.000       
# span 1 =    -0.6711,     1.3474       
# span 2 =   2.782720,   2.992082       
# span 3 =    -0.6708,     1.3473       
# span 4 =   2.785099,   2.992377       
# span 5 =    4.98306,    7.57185       
# span 6 =    -0.1058,     0.3905       
# span 7 =    13.8155,    13.8155       
# span 8 = 5.0859e+01, 6.0393e+01       
# span 9 =  -60.61667,  -60.61667       
# span 10 =  -54.72050,  -54.72050      
# span 11 = 1153496647, 1153497309      
# span 12 = 202.655655, 202.663322      
# span 13 =    34.1147,    35.6918      
# span 14 = 0.0000e+00, 0.0000e+00      
# interval = decibars: 1                
# start_time = Jul 21 2006 15:44:25
# bad_flag = -9.990e-29
*END*
Pressure	Temperature	Conductivity	Temperature2	Conductivity2	Oxygen	Fluorescence	Beam Attenuation	SPAR	latitude	longitude	timeY	timeJ	Salinity	flag
     14.000    -0.6383   2.901761    -0.6499   2.826904    5.77742     0.2156    13.8155 5.5738e+01  -60.61667  -54.72050 1153496647 202.655655    35.6918 0.0000e+00
     15.000    -0.6547   2.782720    -0.6565   2.785099    7.44965     0.2595    13.8155 5.4643e+01  -60.61667  -54.72050 1153496710 202.656392    34.1147 0.0000e+00
     16.000    -0.6500   2.785719    -0.6491   2.786517    7.54541     0.2517    13.8155 5.4547e+01  -60.61667  -54.72050 1153496727 202.656587    34.1489 0.0000e+00
     17.000    -0.6233   2.788270    -0.6209   2.789186    7.53962     0.2649    13.8155 5.4584e+01  -60.61667  -54.72050 1153496730 202.656614    34.1517 0.0000e+00
     18.000    -0.6213   2.788578    -0.6254   2.788946    7.53903     0.2603    13.8155 5.4040e+01  -60.61667  -54.72050 1153496732 202.656639    34.1530 0.0000e+00
     19.000    -0.6287   2.787951    -0.6233   2.789194    7.53618     0.2658    13.8155 5.4726e+01  -60.61667  -54.72050 1153496735 202.656674    34.1528 0.0000e+00
     20.000    -0.6121   2.789615    -0.6170   2.789769    7.52963     0.2427    13.8155 5.4290e+01  -60.61667  -54.72050 1153496737 202.656701    34.1558 0.0000e+00
     21.000    -0.6054   2.790266    -0.6024   2.791179    7.52780     0.2416    13.8155 5.4992e+01  -60.61667  -54.72050 1153496738 202.656715    34.1559 0.0000e+00
     22.000    -0.6068   2.790205    -0.6041   2.791138    7.52755     0.2456    13.8155 5.4532e+01  -60.61667  -54.72050 1153496740 202.656730    34.1562 0.0000e+00
     23.000    -0.6041   2.790513    -0.6074   2.790895    7.52042     0.2574    13.8155 5.3742e+01  -60.61667  -54.72050 1153496742 202.656760    34.1568 0.0000e+00
     24.000    -0.6065   2.790415    -0.6067   2.791039    7.52031     0.2525    13.8155 5.4542e+01  -60.61667  -54.72050 1153496745 202.656791    34.1579 0.0000e+00
     25.000    -0.6050   2.790620    -0.6049   2.791288    7.51023     0.2505    13.8155 5.4020e+01  -60.61667  -54.72050 1153496748 202.656825    34.1583 0.0000e+00
     26.000    -0.6036   2.790811    -0.6036   2.791471    7.50435     0.2439    13.8155 5.4118e+01  -60.61667  -54.72050 1153496750 202.656850    34.1589 0.0000e+00
     27.000    -0.5694   2.793742    -0.5723   2.794090    7.49274     0.2292    13.8155 5.4738e+01  -60.61667  -54.72050 1153496751 202.656867    34.1652 0.0000e+00
     28.000    -0.5576   2.795739    -0.5574   2.796367    7.47911     0.2484    13.8155 5.3902e+01  -60.61667  -54.72050 1153496753 202.656886    34.1708 0.0000e+00
     29.000    -0.5530   2.796296    -0.5526   2.796943    7.46905     0.2234    13.8155 5.4188e+01  -60.61667  -54.72050 1153496755 202.656904    34.1727 0.0000e+00
     30.000    -0.5467   2.797068    -0.5459   2.797778    7.46221     0.2387    13.8155 5.4060e+01  -60.61667  -54.72050 1153496757 202.656927    34.1755 0.0000e+00
     31.000    -0.5434   2.797569    -0.5430   2.798251    7.45042     0.2444    13.8155 5.3996e+01  -60.61667  -54.72050 1153496761 202.656972    34.1782 0.0000e+00
     32.000    -0.5414   2.798076    -0.5416   2.798708    7.44526     0.2381    13.8155 5.5844e+01  -60.61667  -54.72050 1153496763 202.656999    34.1823 0.0000e+00
     33.000    -0.5467   2.797909    -0.5470   2.798509    7.44023     0.2372    13.8155 5.5321e+01  -60.61667  -54.72050 1153496764 202.657016    34.1858 0.0000e+00
     34.000    -0.5470   2.797997    -0.5465   2.798655    7.43890     0.2210    13.8155 5.4890e+01  -60.61667  -54.72050 1153496766 202.657033    34.1868 0.0000e+00
     35.000    -0.5439   2.798343    -0.5438   2.798967    7.43860     0.2297    13.8155 5.5730e+01  -60.61667  -54.72050 1153496768 202.657058    34.1872 0.0000e+00
     36.000    -0.5444   2.798382    -0.5444   2.798990    7.43188     0.2386    13.8155 5.5260e+01  -60.61667  -54.72050 1153496770 202.657082    34.1878 0.0000e+00
     37.000    -0.5486   2.798171    -0.5484   2.798780    7.42439     0.2224    13.8155 5.5109e+01  -60.61667  -54.72050 1153496772 202.657102    34.1891 0.0000e+00
     38.000    -0.5481   2.798257    -0.5479   2.798876    7.42898     0.2282    13.8155 5.5138e+01  -60.61667  -54.72050 1153496775 202.657140    34.1892 0.0000e+00
     39.000    -0.5471   2.798427    -0.5469   2.799035    7.42912     0.2125    13.8155 5.4739e+01  -60.61667  -54.72050 1153496778 202.657172    34.1897 0.0000e+00
     40.000    -0.5467   2.798511    -0.5465   2.799114    7.42680     0.2141    13.8155 5.5590e+01  -60.61667  -54.72050 1153496779 202.657187    34.1898 0.0000e+00
     41.000    -0.5457   2.798657    -0.5456   2.799261    7.42581     0.2207    13.8155 5.5787e+01  -60.61667  -54.72050 1153496780 202.657203    34.1901 0.0000e+00
     42.000    -0.5460   2.798682    -0.5459   2.799280    7.42296     0.2258    13.8155 5.4542e+01  -60.61667  -54.72050 1153496782 202.657220    34.1901 0.0000e+00
     43.000    -0.5465   2.798690    -0.5464   2.799286    7.42292     0.2295    13.8155 5.4905e+01  -60.61667  -54.72050 1153496785 202.657255    34.1901 0.0000e+00
     44.000    -0.5450   2.798916    -0.5448   2.799513    7.41625     0.2377    13.8155 5.5007e+01  -60.61667  -54.72050 1153496788 202.657295    34.1909 0.0000e+00
     45.000    -0.5432   2.799159    -0.5430   2.799747    7.41004     0.2223    13.8155 5.5440e+01  -60.61667  -54.72050 1153496790 202.657313    34.1915 0.0000e+00
     46.000    -0.5424   2.799279    -0.5421   2.799880    7.41005     0.2168    13.8155 5.6220e+01  -60.61667  -54.72050 1153496791 202.657327    34.1915 0.0000e+00
     47.000    -0.5364   2.799888    -0.5360   2.800472    7.41049     0.2335    13.8155 5.4585e+01  -60.61667  -54.72050 1153496792 202.657341    34.1923 0.0000e+00
     48.000    -0.5309   2.800435    -0.5294   2.801118    7.40991     0.2375    13.8155 5.5353e+01  -60.61667  -54.72050 1153496795 202.657374    34.1927 0.0000e+00
     49.000    -0.5265   2.800881    -0.5265   2.801437    7.40160     0.2203    13.8155 5.4482e+01  -60.61667  -54.72050 1153496799 202.657415    34.1932 0.0000e+00
     50.000    -0.5201   2.801540    -0.5195   2.802107    7.39717     0.2172    13.8155 5.5157e+01  -60.61667  -54.72050 1153496800 202.657430    34.1940 0.0000e+00
     51.000    -0.5145   2.802098    -0.5130   2.802740    7.38650     0.2355    13.8155 5.5554e+01  -60.61667  -54.72050 1153496802 202.657447    34.1946 0.0000e+00
     52.000    -0.4862   2.804726    -0.4848   2.805353    7.36701     0.2239    13.8155 5.5120e+01  -60.61667  -54.72050 1153496804 202.657471    34.1966 0.0000e+00
     53.000    -0.4831   2.805049    -0.4840   2.805502    7.35076     0.2300    13.8155 5.5438e+01  -60.61667  -54.72050 1153496806 202.657497    34.1970 0.0000e+00
     54.000    -0.4722   2.806120    -0.4704   2.806789    7.33306     0.2381    13.8155 5.5455e+01  -60.61667  -54.72050 1153496809 202.657530    34.1986 0.0000e+00
     55.000    -0.4659   2.806790    -0.4650   2.807368    7.32450     0.2373    13.8155 5.4501e+01  -60.61667  -54.72050 1153496812 202.657562    34.1999 0.0000e+00
     56.000    -0.4620   2.807231    -0.4616   2.807776    7.31854     0.2204    13.8155 5.5195e+01  -60.61667  -54.72050 1153496813 202.657577    34.2008 0.0000e+00
     57.000    -0.4615   2.807318    -0.4612   2.807866    7.31471     0.2159    13.8155 5.6161e+01  -60.61667  -54.72050 1153496814 202.657590    34.2010 0.0000e+00
     58.000    -0.4623   2.807287    -0.4622   2.807808    7.31145     0.2344    13.8155 5.4586e+01  -60.61667  -54.72050 1153496816 202.657609    34.2010 0.0000e+00
     59.000    -0.4655   2.807051    -0.4663   2.807488    7.31418     0.2395    13.8155 5.5225e+01  -60.61667  -54.72050 1153496820 202.657656    34.2012 0.0000e+00
     60.000    -0.4705   2.806676    -0.4706   2.807202    7.32571     0.2265    13.8155 5.4682e+01  -60.61667  -54.72050 1153496822 202.657685    34.2013 0.0000e+00
     61.000    -0.4703   2.806774    -0.4698   2.807331    7.32313     0.2250    13.8155 5.5604e+01  -60.61667  -54.72050 1153496824 202.657701    34.2019 0.0000e+00
     62.000    -0.4680   2.807051    -0.4671   2.807634    7.32466     0.2188    13.8155 5.5993e+01  -60.61667  -54.72050 1153496825 202.657714    34.2023 0.0000e+00
     63.000    -0.4780   2.806237    -0.4787   2.806759    7.32969     0.2291    13.8155 5.4654e+01  -60.61667  -54.72050 1153496826 202.657728    34.2024 0.0000e+00
     64.000    -0.4805   2.806105    -0.4813   2.806555    7.33300     0.2410    13.8155 5.4844e+01  -60.61667  -54.72050 1153496829 202.657769    34.2027 0.0000e+00
     65.000    -0.4881   2.805490    -0.4896   2.805921    7.34259     0.2423    13.8155 5.4467e+01  -60.61667  -54.72050 1153496833 202.657811    34.2025 0.0000e+00
     66.000    -0.5011   2.804387    -0.4992   2.805160    7.35172     0.2327    13.8155 5.4757e+01  -60.61667  -54.72050 1153496834 202.657824    34.2013 0.0000e+00
     67.000    -0.5224   2.802701    -0.5215   2.803289    7.35690     0.2403    13.8155 5.5309e+01  -60.61667  -54.72050 1153496835 202.657837    34.2036 0.0000e+00
     68.000    -0.5082   2.804032    -0.5074   2.804599    7.36043     0.2522    13.8155 5.5545e+01  -60.61667  -54.72050 1153496837 202.657856    34.2040 0.0000e+00
     69.000    -0.5101   2.803938    -0.5098   2.804478    7.36596     0.2520    13.8155 5.5030e+01  -60.61667  -54.72050 1153496840 202.657887    34.2041 0.0000e+00
     70.000    -0.5078   2.804245    -0.5066   2.804827    7.37866     0.2547    13.8155 5.5207e+01  -60.61667  -54.72050 1153496843 202.657928    34.2049 0.0000e+00
     71.000    -0.4955   2.805488    -0.4946   2.806022    7.37907     0.2308    13.8155 5.4898e+01  -60.61667  -54.72050 1153496845 202.657952    34.2066 0.0000e+00
     72.000    -0.4890   2.806189    -0.4874   2.806776    7.38599     0.2202    13.8155 5.4634e+01  -60.61667  -54.72050 1153496846 202.657963    34.2083 0.0000e+00
     73.000    -0.5397   2.801912    -0.5430   2.802117    7.39836     0.2430    13.8155 5.5578e+01  -60.61667  -54.72050 1153496847 202.657975    34.2075 0.0000e+00
     74.000    -0.5560   2.800515    -0.5528   2.801298    7.42184     0.2632    13.8155 5.4379e+01  -60.61667  -54.72050 1153496850 202.658004    34.2076 0.0000e+00
     75.000    -0.5656   2.799709    -0.5677   2.800066    7.45112     0.2575    13.8155 5.5308e+01  -60.61667  -54.72050 1153496853 202.658042    34.2067 0.0000e+00
     76.000    -0.5980   2.797050    -0.5994   2.797504    7.48480     0.2560    13.8155 5.4293e+01  -60.61667  -54.72050 1153496855 202.658068    34.2075 0.0000e+00
     77.000    -0.6152   2.795673    -0.6152   2.796227    7.50862     0.2589    13.8155 5.4948e+01  -60.61667  -54.72050 1153496857 202.658092    34.2079 0.0000e+00
     78.000    -0.6347   2.794106    -0.6360   2.794561    7.53161     0.2488    13.8155 5.6448e+01  -60.61667  -54.72050 1153496859 202.658109    34.2081 0.0000e+00
     79.000    -0.6643   2.791764    -0.6638   2.792385    7.55005     0.2415    13.8155 5.4599e+01  -60.61667  -54.72050 1153496860 202.658126    34.2103 0.0000e+00
     80.000    -0.6690   2.791472    -0.6681   2.792070    7.56472     0.2621    13.8155 5.4963e+01  -60.61667  -54.72050 1153496862 202.658152    34.2105 0.0000e+00
     81.000    -0.6711   2.791379    -0.6708   2.791917    7.57185     0.2555    13.8155 5.4509e+01  -60.61667  -54.72050 1153496866 202.658190    34.2103 0.0000e+00
     82.000    -0.6608   2.792587    -0.6591   2.793166    7.56958     0.2582    13.8155 5.4712e+01  -60.61667  -54.72050 1153496868 202.658213    34.2130 0.0000e+00
     83.000    -0.6479   2.793820    -0.6470   2.794374    7.56321     0.2754    13.8155 5.5072e+01  -60.61667  -54.72050 1153496870 202.658240    34.2147 0.0000e+00
     84.000    -0.6441   2.794305    -0.6435   2.794832    7.55351     0.2712    13.8155 5.4126e+01  -60.61667  -54.72050 1153496872 202.658260    34.2160 0.0000e+00
     85.000    -0.6429   2.794481    -0.6423   2.795005    7.54531     0.2709    13.8155 5.3995e+01  -60.61667  -54.72050 1153496873 202.658274    34.2164 0.0000e+00
     86.000    -0.6410   2.794715    -0.6403   2.795240    7.53607     0.3013    13.8155 5.4208e+01  -60.61667  -54.72050 1153496875 202.658297    34.2167 0.0000e+00
     87.000    -0.6262   2.796230    -0.6242   2.796812    7.50707     0.3152    13.8155 5.4016e+01  -60.61667  -54.72050 1153496879 202.658338    34.2195 0.0000e+00
     88.000    -0.6093   2.797950    -0.6079   2.798487    7.47600     0.3021    13.8155 5.4607e+01  -60.61667  -54.72050 1153496880 202.658357    34.2226 0.0000e+00
     89.000    -0.5758   2.801248    -0.5684   2.802159    7.41374     0.3188    13.8155 5.4551e+01  -60.61667  -54.72050 1153496882 202.658377    34.2282 0.0000e+00
     90.000    -0.4286   2.814831    -0.4187   2.815817    7.28932     0.3053    13.8155 5.4268e+01  -60.61667  -54.72050 1153496884 202.658404    34.2403 0.0000e+00
     91.000    -0.2129   2.835014    -0.2017   2.835858    7.10559     0.2965    13.8155 5.4018e+01  -60.61667  -54.72050 1153496887 202.658430    34.2626 0.0000e+00
     92.000    -0.1352   2.842137    -0.1347   2.842338    7.00328     0.3006    13.8155 5.3769e+01  -60.61667  -54.72050 1153496888 202.658448    34.2677 0.0000e+00
     93.000    -0.1234   2.843243    -0.1232   2.843438    6.92784     0.3102    13.8155 5.3849e+01  -60.61667  -54.72050 1153496890 202.658466    34.2704 0.0000e+00
     94.000    -0.0860   2.846636    -0.0815   2.847289    6.81644     0.2677    13.8155 5.4714e+01  -60.61667  -54.72050 1153496893 202.658502    34.2751 0.0000e+00
     95.000    -0.0281   2.852391    -0.0165   2.853263    6.72750     0.2755    13.8155 5.3280e+01  -60.61667  -54.72050 1153496896 202.658536    34.2846 0.0000e+00
     96.000     0.0349   2.858097     0.0356   2.858455    6.67579     0.2748    13.8155 5.3721e+01  -60.61667  -54.72050 1153496897 202.658555    34.2900 0.0000e+00
     97.000     0.0349   2.858298     0.0358   2.858665    6.64315     0.2646    13.8155 5.4448e+01  -60.61667  -54.72050 1153496899 202.658571    34.2935 0.0000e+00
     98.000     0.0492   2.859849     0.0516   2.860299    6.61275     0.2912    13.8155 5.3614e+01  -60.61667  -54.72050 1153496900 202.658588    34.2981 0.0000e+00
     99.000     0.0723   2.862108     0.0773   2.862788    6.58003     0.3044    13.8155 5.3533e+01  -60.61667  -54.72050 1153496902 202.658607    34.3021 0.0000e+00
    100.000     0.0863   2.863486     0.0863   2.863805    6.55357     0.2811    13.8155 5.3652e+01  -60.61667  -54.72050 1153496906 202.658653    34.3053 0.0000e+00
    101.000     0.0603   2.861384     0.0601   2.861766    6.56192     0.3042    13.8155 5.5088e+01  -60.61667  -54.72050 1153496908 202.658684    34.3078 0.0000e+00
    102.000     0.0573   2.861136     0.0577   2.861534    6.57010     0.3591    13.8155 5.4626e+01  -60.61667  -54.72050 1153496910 202.658696    34.3077 0.0000e+00
    103.000     0.0443   2.860018     0.0449   2.860476    6.58297     0.3905    13.8155 5.4055e+01  -60.61667  -54.72050 1153496911 202.658709    34.3072 0.0000e+00
    104.000     0.0124   2.857237     0.0101   2.857543    6.60804     0.3463    13.8155 5.3669e+01  -60.61667  -54.72050 1153496912 202.658730    34.3063 0.0000e+00
    105.000    -0.0750   2.849574    -0.0743   2.850304    6.65693     0.3321    13.8155 5.3348e+01  -60.61667  -54.72050 1153496914 202.658749    34.3040 0.0000e+00
    106.000    -0.1395   2.844040    -0.1386   2.844601    6.70726     0.3142    13.8155 5.3914e+01  -60.61667  -54.72050 1153496916 202.658771    34.3044 0.0000e+00
    107.000    -0.1477   2.843367    -0.1453   2.844036    6.72572     0.3139    13.8155 5.4091e+01  -60.61667  -54.72050 1153496918 202.658795    34.3031 0.0000e+00
    108.000    -0.1556   2.842738    -0.1549   2.843263    6.73717     0.2999    13.8155 5.2656e+01  -60.61667  -54.72050 1153496919 202.658809    34.3028 0.0000e+00
