product_data/regression_test/downloaded_data/MGDS/320620060703/ctd/adapted/heads_insert_p6609307.cnv
* Sea-Bird SBE 9 Data File:
* FileName = D:\Data\Raw\p6609307.dat
* Software Version Seasave Win32 V 5.32
* Temperature SN = 1649
* Conductivity SN = 1431
* Number of Bytes Per Scan = 37
* Number of Voltage Words = 5
* Number of Scans Averaged by the Deck Unit = 1
* NMEA Latitude = 61 07.50 S
* NMEA Longitude = 058 05.51 W
* NMEA UTC (Time) = 04:57:22
** Ship:   Nathaniel B. Palmer nbp
** Cruise:    NBP0606 nbp0606
# nquan = 15
# nvalues = 491                         
# units = specified
# name 0 = prDM: Pressure, Digiquartz [db]
# name 1 = t090C: Temperature [ITS-90, deg C]
# name 2 = c0S/m: Conductivity [S/m]
# name 3 = t190C: Temperature, 2 [ITS-90, deg C]
# name 4 = c1S/m: Conductivity, 2 [S/m]
# name 5 = sbeox0ML/L: Oxygen, SBE 43 [ml/l]
# name 6 = flECO-AFL: Fluorescence, Wetlab ECO-AFL/FL [mg/m^3]
# name 7 = bat: Beam Attenuation, Chelsea/Seatech/Wetlab CStar [1/m]
# name 8 = spar: SPAR/Surface Irradiance
# name 9 = latitude: Latitude [deg]
# name 10 = longitude: Longitude [deg]
# name 11 = timeY: Time, System [seconds]
# name 12 = timeJ: Julian Days
# name 13 = sal00: Salinity [PSU]
# name 14 = flag: flag
# span 0 =     12.000,    502.000       
# span 1 =    -0.8000,     1.9710       
# span 2 =   2.758047,   3.066067       
# span 3 =    -0.8010,     1.9723       
# span 4 =   2.758841,   3.066377       
# span 5 =    4.32920,    8.00664       
# span 6 =    -0.0938,     0.2563       
# span 7 =    13.8155,    13.8155       
# span 8 = 0.0000e+00, 0.0000e+00       
# span 9 =  -61.12500,  -61.12500       
# span 10 =  -58.09183,  -58.09183      
# span 11 = 1152593843, 1152594618      
# span 12 = 192.206513, 192.215502      
# span 13 =    33.9445,    35.4514      
# span 14 = 0.0000e+00, 0.0000e+00      
# interval = decibars: 1                
# start_time = Jul 11 2006 04:57:29
# bad_flag = -9.990e-29
*END*
[from data line 193]
    204.000     1.0713   2.965459     1.0756   2.966042    5.10213    -0.0072    13.8155 0.0000e+00  -61.12500  -58.09183 1152594190 192.210551    34.4801 0.0000e+00
    205.000     1.0875   2.967227     1.0900   2.967554    5.10263    -0.0195    13.8155 0.0000e+00  -61.12500  -58.09183 1152594191 192.210560    34.4841 0.0000e+00
    206.000     1.1089   2.969520     1.1122   2.969800    5.09427    -0.0202    13.8155 0.0000e+00  -61.12500  -58.09183 1152594192 192.210569    34.4893 0.0000e+00
    207.000     1.1387   2.972451     1.1403   2.972670    5.07828    -0.0056    13.8155 0.0000e+00  -61.12500  -58.09183 1152594192 192.210576    34.4920 0.0000e+00
    208.000     1.1809   2.976858     1.1843   2.977107    5.06116    -0.0155    13.8155 0.0000e+00  -61.12500  -58.09183 1152594193 192.210583    34.5015 0.0000e+00
    209.000     1.2224   2.980953     1.2255   2.981289    5.04398    -0.0298    13.8155 0.0000e+00  -61.12500  -58.09183 1152594194 192.210590    34.5069 0.0000e+00
    210.000     1.2671   2.985134     1.2729   2.985673    5.02036    -0.0391    13.8155 0.0000e+00  -61.12500  -58.09183 1152594195 192.210605    34.5082 0.0000e+00
    211.000     1.2022   2.978626     1.2050   2.979078    4.94207    -0.0331    13.8155 0.0000e+00  -61.12500  -58.09183 1152594199 192.210657    34.5000 0.0000e+00
    212.000     1.3256   2.991298     1.3395   2.991748    4.88056    -0.0441    13.8155 0.0000e+00  -61.12500  -58.09183 1152594200 192.210667    34.5253 0.0000e+00
    213.000     1.5176   3.009690     1.5234   3.009723    4.82424    -0.0424    13.8155 0.0000e+00  -61.12500  -58.09183 1152594201 192.210677    34.5399 0.0000e+00
    214.000     1.5863   3.016310     1.5889   3.016364    4.76480    -0.0373    13.8155 0.0000e+00  -61.12500  -58.09183 1152594202 192.210688    34.5458 0.0000e+00
    215.000     1.5722   3.014920     1.5823   3.015911    4.69171    -0.0421    13.8155 0.0000e+00  -61.12500  -58.09183 1152594204 192.210712    34.5458 0.0000e+00
    216.000     1.5963   3.017415     1.6360   3.019730    4.61925    -0.0423    13.8155 0.0000e+00  -61.12500  -58.09183 1152594207 192.210741    34.5536 0.0000e+00
    217.000     1.6832   3.025863     1.6852   3.026004    4.58915    -0.0344    13.8155 0.0000e+00  -61.12500  -58.09183 1152594208 192.210752    34.5616 0.0000e+00
    218.000     1.6982   3.027402     1.7001   3.027549    4.56628    -0.0247    13.8155 0.0000e+00  -61.12500  -58.09183 1152594208 192.210761    34.5644 0.0000e+00
    219.000     1.7010   3.027679     1.7029   3.027876    4.54726    -0.0374    13.8155 0.0000e+00  -61.12500  -58.09183 1152594209 192.210769    34.5647 0.0000e+00
    220.000     1.7097   3.028653     1.7130   3.028844    4.52971    -0.0193    13.8155 0.0000e+00  -61.12500  -58.09183 1152594210 192.210777    34.5679 0.0000e+00
    221.000     1.7551   3.033152     1.7568   3.033225    4.51346    -0.0414    13.8155 0.0000e+00  -61.12500  -58.09183 1152594211 192.210787    34.5728 0.0000e+00
    222.000     1.7471   3.032289     1.7515   3.032760    4.48461    -0.0350    13.8155 0.0000e+00  -61.12500  -58.09183 1152594213 192.210815    34.5723 0.0000e+00
    223.000     1.7261   3.030135     1.7293   3.030570    4.46531    -0.0444    13.8155 0.0000e+00  -61.12500  -58.09183 1152594218 192.210872    34.5710 0.0000e+00
    224.000     1.7738   3.035144     1.7828   3.035798    4.45077    -0.0283    13.8155 0.0000e+00  -61.12500  -58.09183 1152594219 192.210882    34.5796 0.0000e+00
    225.000     1.7930   3.036873     1.7947   3.037090    4.44347    -0.0288    13.8155 0.0000e+00  -61.12500  -58.09183 1152594220 192.210891    34.5800 0.0000e+00
    226.000     1.7918   3.036814     1.7930   3.037051    4.43940    -0.0419    13.8155 0.0000e+00  -61.12500  -58.09183 1152594220 192.210898    34.5802 0.0000e+00
    227.000     1.7833   3.036132     1.7848   3.036406    4.43588    -0.0287    13.8155 0.0000e+00  -61.12500  -58.09183 1152594221 192.210906    34.5808 0.0000e+00
    228.000     1.7790   3.035913     1.7806   3.036167    4.43278    -0.0372    13.8155 0.0000e+00  -61.12500  -58.09183 1152594221 192.210912    34.5828 0.0000e+00
    229.000     1.7791   3.035982     1.7805   3.036232    4.42925    -0.0491    13.8155 0.0000e+00  -61.12500  -58.09183 1152594222 192.210920    34.5832 0.0000e+00
    230.000     1.7841   3.036610     1.7863   3.036903    4.42322    -0.0558    13.8155 0.0000e+00  -61.12500  -58.09183 1152594224 192.210938    34.5853 0.0000e+00
    231.000     1.7805   3.036078     1.7838   3.036586    4.41630    -0.0564    13.8155 0.0000e+00  -61.12500  -58.09183 1152594227 192.210975    34.5828 0.0000e+00
    232.000     1.7821   3.036482     1.7843   3.036765    4.41500    -0.0484    13.8155 0.0000e+00  -61.12500  -58.09183 1152594229 192.211004    34.5859 0.0000e+00
    233.000     1.7855   3.036991     1.7872   3.037249    4.41180    -0.0560    13.8155 0.0000e+00  -61.12500  -58.09183 1152594231 192.211021    34.5880 0.0000e+00
    234.000     1.7890   3.037426     1.7911   3.037713    4.40915    -0.0636    13.8155 0.0000e+00  -61.12500  -58.09183 1152594232 192.211035    34.5892 0.0000e+00
    235.000     1.7939   3.038003     1.7958   3.038274    4.40495    -0.0514    13.8155 0.0000e+00  -61.12500  -58.09183 1152594233 192.211048    34.5906 0.0000e+00
    236.000     1.8050   3.039226     1.8066   3.039413    4.39733    -0.0513    13.8155 0.0000e+00  -61.12500  -58.09183 1152594234 192.211060    34.5932 0.0000e+00
    237.000     1.8214   3.040893     1.8233   3.041147    4.39028    -0.0475    13.8155 0.0000e+00  -61.12500  -58.09183 1152594235 192.211071    34.5952 0.0000e+00
    238.000     1.8288   3.041746     1.8304   3.041979    4.38223    -0.0598    13.8155 0.0000e+00  -61.12500  -58.09183 1152594236 192.211081    34.5970 0.0000e+00
    239.000     1.8277   3.041742     1.8291   3.041999    4.37703    -0.0595    13.8155 0.0000e+00  -61.12500  -58.09183 1152594237 192.211092    34.5978 0.0000e+00
    240.000     1.8245   3.041523     1.8261   3.041776    4.37398    -0.0494    13.8155 0.0000e+00  -61.12500  -58.09183 1152594238 192.211108    34.5982 0.0000e+00
    241.000     1.8233   3.041398     1.8251   3.041705    4.37000    -0.0463    13.8155 0.0000e+00  -61.12500  -58.09183 1152594242 192.211152    34.5978 0.0000e+00
    242.000     1.8260   3.041818     1.8293   3.042267    4.37082    -0.0616    13.8155 0.0000e+00  -61.12500  -58.09183 1152594244 192.211176    34.5999 0.0000e+00
    243.000     1.8346   3.042884     1.8364   3.043148    4.36707    -0.0457    13.8155 0.0000e+00  -61.12500  -58.09183 1152594245 192.211186    34.6030 0.0000e+00
    244.000     1.8380   3.043290     1.8395   3.043544    4.36605    -0.0506    13.8155 0.0000e+00  -61.12500  -58.09183 1152594246 192.211195    34.6038 0.0000e+00
    245.000     1.8397   3.043549     1.8413   3.043807    4.36512    -0.0521    13.8155 0.0000e+00  -61.12500  -58.09183 1152594247 192.211203    34.6046 0.0000e+00
    246.000     1.8426   3.043953     1.8443   3.044212    4.36213    -0.0575    13.8155 0.0000e+00  -61.12500  -58.09183 1152594247 192.211213    34.6059 0.0000e+00
    247.000     1.8457   3.044388     1.8476   3.044667    4.36047    -0.0651    13.8155 0.0000e+00  -61.12500  -58.09183 1152594249 192.211229    34.6074 0.0000e+00
    248.000     1.8500   3.044906     1.8520   3.045219    4.35617    -0.0520    13.8155 0.0000e+00  -61.12500  -58.09183 1152594251 192.211253    34.6088 0.0000e+00
    249.000     1.8620   3.046279     1.8640   3.046558    4.35269    -0.0620    13.8155 0.0000e+00  -61.12500  -58.09183 1152594253 192.211272    34.6121 0.0000e+00
    250.000     1.8652   3.046680     1.8669   3.046947    4.34960    -0.0659    13.8155 0.0000e+00  -61.12500  -58.09183 1152594254 192.211290    34.6131 0.0000e+00
    251.000     1.8664   3.046870     1.8682   3.047144    4.34766    -0.0545    13.8155 0.0000e+00  -61.12500  -58.09183 1152594255 192.211306    34.6137 0.0000e+00
    252.000     1.8705   3.047326     1.8723   3.047600    4.34508    -0.0555    13.8155 0.0000e+00  -61.12500  -58.09183 1152594257 192.211322    34.6144 0.0000e+00
    253.000     1.8731   3.047627     1.8747   3.047905    4.34590    -0.0642    13.8155 0.0000e+00  -61.12500  -58.09183 1152594258 192.211338    34.6148 0.0000e+00
    254.000     1.8745   3.047843     1.8762   3.048113    4.34583    -0.0697    13.8155 0.0000e+00  -61.12500  -58.09183 1152594259 192.211352    34.6155 0.0000e+00
    255.000     1.8785   3.048351     1.8803   3.048620    4.34574    -0.0433    13.8155 0.0000e+00  -61.12500  -58.09183 1152594261 192.211365    34.6170 0.0000e+00
    256.000     1.8832   3.048908     1.8847   3.049167    4.34508    -0.0604    13.8155 0.0000e+00  -61.12500  -58.09183 1152594262 192.211376    34.6181 0.0000e+00
    257.000     1.8812   3.048792     1.8825   3.049069    4.34331    -0.0572    13.8155 0.0000e+00  -61.12500  -58.09183 1152594262 192.211387    34.6183 0.0000e+00
    258.000     1.8795   3.048689     1.8810   3.048959    4.34275    -0.0651    13.8155 0.0000e+00  -61.12500  -58.09183 1152594265 192.211414    34.6186 0.0000e+00
    259.000     1.8813   3.048935     1.8828   3.049233    4.34478    -0.0576    13.8155 0.0000e+00  -61.12500  -58.09183 1152594267 192.211444    34.6194 0.0000e+00
    260.000     1.8991   3.050978     1.9009   3.051244    4.34474    -0.0779    13.8155 0.0000e+00  -61.12500  -58.09183 1152594269 192.211457    34.6247 0.0000e+00
    261.000     1.9013   3.051279     1.9028   3.051541    4.34345    -0.0591    13.8155 0.0000e+00  -61.12500  -58.09183 1152594269 192.211469    34.6251 0.0000e+00
    262.000     1.8981   3.051053     1.8994   3.051319    4.34365    -0.0451    13.8155 0.0000e+00  -61.12500  -58.09183 1152594270 192.211480    34.6254 0.0000e+00
    263.000     1.8894   3.050256     1.8893   3.050492    4.34374    -0.0634    13.8155 0.0000e+00  -61.12500  -58.09183 1152594271 192.211490    34.6244 0.0000e+00
    264.000     1.8611   3.047753     1.8620   3.048084    4.34248    -0.0577    13.8155 0.0000e+00  -61.12500  -58.09183 1152594272 192.211500    34.6247 0.0000e+00
    265.000     1.8573   3.047573     1.8587   3.047858    4.34477    -0.0525    13.8155 0.0000e+00  -61.12500  -58.09183 1152594273 192.211513    34.6258 0.0000e+00
    266.000     1.8593   3.047843     1.8599   3.048042    4.34237    -0.0641    13.8155 0.0000e+00  -61.12500  -58.09183 1152594276 192.211540    34.6262 0.0000e+00
    267.000     1.8638   3.048339     1.8627   3.048434    4.34287    -0.0697    13.8155 0.0000e+00  -61.12500  -58.09183 1152594278 192.211564    34.6267 0.0000e+00
    268.000     1.8632   3.048410     1.8647   3.048702    4.34411    -0.0570    13.8155 0.0000e+00  -61.12500  -58.09183 1152594279 192.211579    34.6277 0.0000e+00
    269.000     1.8689   3.049106     1.8710   3.049416    4.34284    -0.0722    13.8155 0.0000e+00  -61.12500  -58.09183 1152594280 192.211594    34.6296 0.0000e+00
    270.000     1.8797   3.050325     1.8817   3.050616    4.34069    -0.0678    13.8155 0.0000e+00  -61.12500  -58.09183 1152594282 192.211608    34.6321 0.0000e+00
    271.000     1.8826   3.050674     1.8842   3.050961    4.34042    -0.0672    13.8155 0.0000e+00  -61.12500  -58.09183 1152594283 192.211621    34.6328 0.0000e+00
    272.000     1.8831   3.050770     1.8843   3.051026    4.33975    -0.0762    13.8155 0.0000e+00  -61.12500  -58.09183 1152594284 192.211632    34.6329 0.0000e+00
    273.000     1.8844   3.051002     1.8860   3.051287    4.33727    -0.0730    13.8155 0.0000e+00  -61.12500  -58.09183 1152594285 192.211644    34.6338 0.0000e+00
    274.000     1.8852   3.051141     1.8867   3.051425    4.33657    -0.0756    13.8155 0.0000e+00  -61.12500  -58.09183 1152594287 192.211668    34.6341 0.0000e+00
    275.000     1.8886   3.051553     1.8905   3.051875    4.33950    -0.0656    13.8155 0.0000e+00  -61.12500  -58.09183 1152594289 192.211692    34.6351 0.0000e+00
    276.000     1.8916   3.051945     1.8934   3.052244    4.33984    -0.0596    13.8155 0.0000e+00  -61.12500  -58.09183 1152594290 192.211705    34.6361 0.0000e+00
    277.000     1.8973   3.052593     1.8990   3.052865    4.33965    -0.0757    13.8155 0.0000e+00  -61.12500  -58.09183 1152594291 192.211717    34.6373 0.0000e+00
    278.000     1.9073   3.053651     1.9090   3.053928    4.33979    -0.0693    13.8155 0.0000e+00  -61.12500  -58.09183 1152594292 192.211729    34.6390 0.0000e+00
    279.000     1.9137   3.054346     1.9152   3.054609    4.33816    -0.0610    13.8155 0.0000e+00  -61.12500  -58.09183 1152594293 192.211743    34.6399 0.0000e+00
    280.000     1.9171   3.054734     1.9186   3.054995    4.33561    -0.0661    13.8155 0.0000e+00  -61.12500  -58.09183 1152594294 192.211755    34.6406 0.0000e+00
    281.000     1.9231   3.055390     1.9249   3.055671    4.33392    -0.0580    13.8155 0.0000e+00  -61.12500  -58.09183 1152594295 192.211767    34.6415 0.0000e+00
    282.000     1.9229   3.055395     1.9245   3.055697    4.33305    -0.0640    13.8155 0.0000e+00  -61.12500  -58.09183 1152594298 192.211798    34.6415 0.0000e+00
    283.000     1.9251   3.055679     1.9301   3.056282    4.33574    -0.0772    13.8155 0.0000e+00  -61.12500  -58.09183 1152594301 192.211827    34.6423 0.0000e+00
    284.000     1.9330   3.056504     1.9342   3.056762    4.33319    -0.0589    13.8155 0.0000e+00  -61.12500  -58.09183 1152594301 192.211838    34.6432 0.0000e+00
    285.000     1.9353   3.056777     1.9367   3.057048    4.33457    -0.0748    13.8155 0.0000e+00  -61.12500  -58.09183 1152594302 192.211848    34.6435 0.0000e+00
    286.000     1.9363   3.056933     1.9379   3.057205    4.33503    -0.0820    13.8155 0.0000e+00  -61.12500  -58.09183 1152594303 192.211857    34.6438 0.0000e+00
    287.000     1.9398   3.057331     1.9413   3.057584    4.33407    -0.0759    13.8155 0.0000e+00  -61.12500  -58.09183 1152594304 192.211866    34.6445 0.0000e+00
    288.000     1.9509   3.058534     1.9527   3.058792    4.33125    -0.0699    13.8155 0.0000e+00  -61.12500  -58.09183 1152594305 192.211878    34.6467 0.0000e+00
    289.000     1.9575   3.059226     1.9589   3.059490    4.32920    -0.0680    13.8155 0.0000e+00  -61.12500  -58.09183 1152594307 192.211899    34.6475 0.0000e+00
    290.000     1.9594   3.059464     1.9605   3.059718    4.33115    -0.0620    13.8155 0.0000e+00  -61.12500  -58.09183 1152594309 192.211925    34.6480 0.0000e+00
    291.000     1.9617   3.059748     1.9628   3.060000    4.33049    -0.0880    13.8155 0.0000e+00  -61.12500  -58.09183 1152594310 192.211939    34.6487 0.0000e+00
    292.000     1.9657   3.060210     1.9665   3.060403    4.32941    -0.0666    13.8155 0.0000e+00  -61.12500  -58.09183 1152594311 192.211952    34.6493 0.0000e+00
    293.000     1.9662   3.060307     1.9677   3.060580    4.33030    -0.0714    13.8155 0.0000e+00  -61.12500  -58.09183 1152594313 192.211968    34.6495 0.0000e+00
    294.000     1.9686   3.060616     1.9700   3.060883    4.33013    -0.0699    13.8155 0.0000e+00  -61.12500  -58.09183 1152594314 192.211987    34.6503 0.0000e+00
    295.000     1.9686   3.060669     1.9700   3.060939    4.33014    -0.0591    13.8155 0.0000e+00  -61.12500  -58.09183 1152594316 192.212001    34.6505 0.0000e+00
    296.000     1.9696   3.060807     1.9708   3.061069    4.33145    -0.0702    13.8155 0.0000e+00  -61.12500  -58.09183 1152594317 192.212014    34.6505 0.0000e+00
    297.000     1.9696   3.060861     1.9710   3.061132    4.33442    -0.0725    13.8155 0.0000e+00  -61.12500  -58.09183 1152594319 192.212037    34.6507 0.0000e+00
    298.000     1.9697   3.060935     1.9712   3.061232    4.33610    -0.0751    13.8155 0.0000e+00  -61.12500  -58.09183 1152594320 192.212058    34.6511 0.0000e+00
    299.000     1.9700   3.061031     1.9716   3.061343    4.33418    -0.0718    13.8155 0.0000e+00  -61.12500  -58.09183 1152594321 192.212069    34.6514 0.0000e+00
