product_data/regression_test/downloaded_data/MGDS/320620060703/ctd/adapted/heads_insert_p6620201.cnv
* Sea-Bird SBE 9 Data File:
* FileName = D:\Data\Raw\p6620201.dat
* Software Version Seasave Win32 V 5.32
* Temperature SN = 1649
* Conductivity SN = 1431
* Number of Bytes Per Scan = 37
* Number of Voltage Words = 5
* Number of Scans Averaged by the Deck Unit = 1
* NMEA Latitude = 64 26.68 S
* NMEA Longitude = 061 58.97 W
* NMEA UTC (Time) = 03:19:51
** Ship:   Nathaniel B. Palmer 
** Cruise:    NBP0606 
# nquan = 15
# nvalues = 459                         
# units = specified
# name 0 = prDM: Pressure, Digiquartz [db]
# name 1 = t090C: Temperature [ITS-90, deg C]
# name 2 = c0S/m: Conductivity [S/m]
# name 3 = t190C: Temperature, 2 [ITS-90, deg C]
# name 4 = c1S/m: Conductivity, 2 [S/m]
# name 5 = sbeox0ML/L: Oxygen, SBE 43 [ml/l]
# name 6 = flECO-AFL: Fluorescence, Wetlab ECO-AFL/FL [mg/m^3]
# name 7 = bat: Beam Attenuation, Chelsea/Seatech/Wetlab CStar [1/m]
# name 8 = spar: SPAR/Surface Irradiance
# name 9 = latitude: Latitude [deg]
# name 10 = longitude: Longitude [deg]
# name 11 = timeY: Time, System [seconds]
# name 12 = timeJ: Julian Days
# name 13 = sal00: Salinity [PSU]
# name 14 = flag: flag
# span 0 =     13.000,    471.000       
# span 1 =    -0.9648,     0.1584       
# span 2 =   2.759083,   2.893798       
# span 3 =    -0.9659,     0.1586       
# span 4 =   2.759681,   2.894125       
# span 5 =    5.90104,    7.11601       
# span 6 =    -0.1029,    -0.0291       
# span 7 =    13.8155,    13.8155       
# span 8 = 0.0000e+00, 0.0000e+00       
# span 9 =  -64.44467,  -64.44467       
# span 10 =  -61.98283,  -61.98283      
# span 11 = 1154056759, 1154057630      
# span 12 = 209.138402, 209.148511      
# span 13 =    34.1431,    34.5171      
# span 14 = 0.0000e+00, 0.0000e+00      
# interval = decibars: 1                
# start_time = Jul 28 2006 03:19:59
# bad_flag = -9.990e-29
*END*
[from data line 193]
    205.000     0.0687   2.875615     0.0693   2.875909    6.04901    -0.0412    13.8155 0.0000e+00  -64.44467  -61.98283 1154057173 209.143236    34.4242 0.0000e+00
    206.000     0.0677   2.875561     0.0677   2.875835    6.04517    -0.0542    13.8155 0.0000e+00  -64.44467  -61.98283 1154057175 209.143250    34.4242 0.0000e+00
    207.000     0.0673   2.875584     0.0679   2.875916    6.04208    -0.0487    13.8155 0.0000e+00  -64.44467  -61.98283 1154057176 209.143264    34.4245 0.0000e+00
    208.000     0.0682   2.875695     0.0687   2.876019    6.03869    -0.0718    13.8155 0.0000e+00  -64.44467  -61.98283 1154057177 209.143279    34.4244 0.0000e+00
    209.000     0.0673   2.875649     0.0675   2.875938    6.03668    -0.0716    13.8155 0.0000e+00  -64.44467  -61.98283 1154057178 209.143294    34.4244 0.0000e+00
    210.000     0.0625   2.875223     0.0635   2.875612    6.03593    -0.0527    13.8155 0.0000e+00  -64.44467  -61.98283 1154057180 209.143309    34.4239 0.0000e+00
    211.000     0.0609   2.875115     0.0603   2.875307    6.03887    -0.0539    13.8155 0.0000e+00  -64.44467  -61.98283 1154057181 209.143323    34.4235 0.0000e+00
    212.000     0.0575   2.874778     0.0581   2.875148    6.04196    -0.0830    13.8155 0.0000e+00  -64.44467  -61.98283 1154057182 209.143336    34.4225 0.0000e+00
    213.000     0.0576   2.874842     0.0589   2.875240    6.04178    -0.0845    13.8155 0.0000e+00  -64.44467  -61.98283 1154057183 209.143350    34.4226 0.0000e+00
    214.000     0.0595   2.875048     0.0601   2.875387    6.04161    -0.0753    13.8155 0.0000e+00  -64.44467  -61.98283 1154057185 209.143365    34.4226 0.0000e+00
    215.000     0.0576   2.874916     0.0582   2.875243    6.04464    -0.0828    13.8155 0.0000e+00  -64.44467  -61.98283 1154057186 209.143380    34.4223 0.0000e+00
    216.000     0.0579   2.874995     0.0587   2.875353    6.04552    -0.0760    13.8155 0.0000e+00  -64.44467  -61.98283 1154057187 209.143397    34.4224 0.0000e+00
    217.000     0.0609   2.875359     0.0616   2.875694    6.04378    -0.0767    13.8155 0.0000e+00  -64.44467  -61.98283 1154057188 209.143411    34.4233 0.0000e+00
    218.000     0.0655   2.875843     0.0659   2.876167    6.04008    -0.0781    13.8155 0.0000e+00  -64.44467  -61.98283 1154057190 209.143424    34.4237 0.0000e+00
    219.000     0.0643   2.875770     0.0649   2.876120    6.03669    -0.0648    13.8155 0.0000e+00  -64.44467  -61.98283 1154057191 209.143436    34.4236 0.0000e+00
    220.000     0.0677   2.876186     0.0689   2.876464    6.02905    -0.0847    13.8155 0.0000e+00  -64.44467  -61.98283 1154057192 209.143449    34.4247 0.0000e+00
    221.000     0.0764   2.877134     0.0775   2.877520    6.02546    -0.0885    13.8155 0.0000e+00  -64.44467  -61.98283 1154057193 209.143464    34.4266 0.0000e+00
    222.000     0.0806   2.877628     0.0815   2.877979    6.01853    -0.0776    13.8155 0.0000e+00  -64.44467  -61.98283 1154057194 209.143479    34.4277 0.0000e+00
    223.000     0.0915   2.878893     0.0920   2.879134    6.00956    -0.0595    13.8155 0.0000e+00  -64.44467  -61.98283 1154057196 209.143494    34.4315 0.0000e+00
    224.000     0.1035   2.880186     0.1046   2.880515    5.99940    -0.0521    13.8155 0.0000e+00  -64.44467  -61.98283 1154057197 209.143507    34.4342 0.0000e+00
    225.000     0.1076   2.880672     0.1086   2.881016    5.99359    -0.0712    13.8155 0.0000e+00  -64.44467  -61.98283 1154057198 209.143522    34.4353 0.0000e+00
    226.000     0.1089   2.880862     0.1097   2.881200    5.98609    -0.0610    13.8155 0.0000e+00  -64.44467  -61.98283 1154057200 209.143540    34.4360 0.0000e+00
    227.000     0.1140   2.881542     0.1151   2.881897    5.98160    -0.0491    13.8155 0.0000e+00  -64.44467  -61.98283 1154057201 209.143555    34.4387 0.0000e+00
    228.000     0.1161   2.881829     0.1169   2.882156    5.97934    -0.0578    13.8155 0.0000e+00  -64.44467  -61.98283 1154057202 209.143566    34.4394 0.0000e+00
    229.000     0.1172   2.881986     0.1180   2.882322    5.97488    -0.0717    13.8155 0.0000e+00  -64.44467  -61.98283 1154057203 209.143578    34.4397 0.0000e+00
    230.000     0.1177   2.882090     0.1184   2.882412    5.97420    -0.0738    13.8155 0.0000e+00  -64.44467  -61.98283 1154057204 209.143594    34.4400 0.0000e+00
    231.000     0.1170   2.882068     0.1177   2.882396    5.97274    -0.0725    13.8155 0.0000e+00  -64.44467  -61.98283 1154057206 209.143613    34.4401 0.0000e+00
    232.000     0.1213   2.882577     0.1231   2.882966    5.96720    -0.0661    13.8155 0.0000e+00  -64.44467  -61.98283 1154057207 209.143627    34.4415 0.0000e+00
    233.000     0.1317   2.883687     0.1325   2.884003    5.96119    -0.0799    13.8155 0.0000e+00  -64.44467  -61.98283 1154057208 209.143638    34.4436 0.0000e+00
    234.000     0.1344   2.884047     0.1353   2.884381    5.95668    -0.0849    13.8155 0.0000e+00  -64.44467  -61.98283 1154057209 209.143651    34.4446 0.0000e+00
    235.000     0.1351   2.884184     0.1348   2.884425    5.95131    -0.0494    13.8155 0.0000e+00  -64.44467  -61.98283 1154057211 209.143666    34.4451 0.0000e+00
    236.000     0.1322   2.883971     0.1325   2.884281    5.94905    -0.0671    13.8155 0.0000e+00  -64.44467  -61.98283 1154057212 209.143682    34.4453 0.0000e+00
    237.000     0.1311   2.883920     0.1316   2.884251    5.95014    -0.0569    13.8155 0.0000e+00  -64.44467  -61.98283 1154057213 209.143695    34.4453 0.0000e+00
    238.000     0.1305   2.883911     0.1309   2.884238    5.95227    -0.0557    13.8155 0.0000e+00  -64.44467  -61.98283 1154057214 209.143709    34.4453 0.0000e+00
    239.000     0.1293   2.883864     0.1294   2.884158    5.95087    -0.0586    13.8155 0.0000e+00  -64.44467  -61.98283 1154057215 209.143723    34.4455 0.0000e+00
    240.000     0.1280   2.883785     0.1287   2.884133    5.95106    -0.0645    13.8155 0.0000e+00  -64.44467  -61.98283 1154057217 209.143736    34.4454 0.0000e+00
    241.000     0.1261   2.883651     0.1279   2.884092    5.95065    -0.0693    13.8155 0.0000e+00  -64.44467  -61.98283 1154057218 209.143751    34.4451 0.0000e+00
    242.000     0.1241   2.883520     0.1247   2.883863    5.95118    -0.0460    13.8155 0.0000e+00  -64.44467  -61.98283 1154057219 209.143766    34.4452 0.0000e+00
    243.000     0.1219   2.883373     0.1217   2.883655    5.95181    -0.0603    13.8155 0.0000e+00  -64.44467  -61.98283 1154057221 209.143782    34.4452 0.0000e+00
    244.000     0.1274   2.884142     0.1288   2.884541    5.94854    -0.0719    13.8155 0.0000e+00  -64.44467  -61.98283 1154057222 209.143794    34.4485 0.0000e+00
    245.000     0.1317   2.884678     0.1325   2.885012    5.94703    -0.0591    13.8155 0.0000e+00  -64.44467  -61.98283 1154057223 209.143806    34.4500 0.0000e+00
    246.000     0.1333   2.884896     0.1341   2.885236    5.94871    -0.0647    13.8155 0.0000e+00  -64.44467  -61.98283 1154057224 209.143821    34.4504 0.0000e+00
    247.000     0.1336   2.884965     0.1341   2.885294    5.94549    -0.0630    13.8155 0.0000e+00  -64.44467  -61.98283 1154057226 209.143839    34.4504 0.0000e+00
    248.000     0.1339   2.885048     0.1348   2.885396    5.94224    -0.0735    13.8155 0.0000e+00  -64.44467  -61.98283 1154057227 209.143854    34.4506 0.0000e+00
    249.000     0.1355   2.885269     0.1358   2.885565    5.93968    -0.0432    13.8155 0.0000e+00  -64.44467  -61.98283 1154057228 209.143867    34.4511 0.0000e+00
    250.000     0.1358   2.885347     0.1363   2.885679    5.93803    -0.0734    13.8155 0.0000e+00  -64.44467  -61.98283 1154057229 209.143879    34.4512 0.0000e+00
    251.000     0.1363   2.885468     0.1371   2.885800    5.93860    -0.0630    13.8155 0.0000e+00  -64.44467  -61.98283 1154057230 209.143894    34.4516 0.0000e+00
    252.000     0.1365   2.885533     0.1371   2.885865    5.93919    -0.0454    13.8155 0.0000e+00  -64.44467  -61.98283 1154057232 209.143909    34.4517 0.0000e+00
    253.000     0.1370   2.885632     0.1376   2.885978    5.93986    -0.0834    13.8155 0.0000e+00  -64.44467  -61.98283 1154057233 209.143921    34.4519 0.0000e+00
    254.000     0.1373   2.885721     0.1379   2.886049    5.94025    -0.0741    13.8155 0.0000e+00  -64.44467  -61.98283 1154057234 209.143934    34.4521 0.0000e+00
    255.000     0.1378   2.885828     0.1383   2.886142    5.93803    -0.0749    13.8155 0.0000e+00  -64.44467  -61.98283 1154057235 209.143953    34.4523 0.0000e+00
    256.000     0.1381   2.885913     0.1387   2.886237    5.93525    -0.0530    13.8155 0.0000e+00  -64.44467  -61.98283 1154057237 209.143969    34.4525 0.0000e+00
    257.000     0.1396   2.886129     0.1402   2.886446    5.93403    -0.0540    13.8155 0.0000e+00  -64.44467  -61.98283 1154057238 209.143981    34.4531 0.0000e+00
    258.000     0.1422   2.886454     0.1430   2.886815    5.93015    -0.0629    13.8155 0.0000e+00  -64.44467  -61.98283 1154057239 209.143993    34.4539 0.0000e+00
    259.000     0.1436   2.886677     0.1443   2.887012    5.92958    -0.0699    13.8155 0.0000e+00  -64.44467  -61.98283 1154057240 209.144009    34.4546 0.0000e+00
    260.000     0.1453   2.886916     0.1457   2.887228    5.92699    -0.0733    13.8155 0.0000e+00  -64.44467  -61.98283 1154057242 209.144026    34.4553 0.0000e+00
    261.000     0.1453   2.886953     0.1460   2.887312    5.92748    -0.0452    13.8155 0.0000e+00  -64.44467  -61.98283 1154057243 209.144038    34.4551 0.0000e+00
    262.000     0.1449   2.886936     0.1453   2.887258    5.92744    -0.0292    13.8155 0.0000e+00  -64.44467  -61.98283 1154057244 209.144049    34.4548 0.0000e+00
    263.000     0.1451   2.887032     0.1456   2.887351    5.92727    -0.0708    13.8155 0.0000e+00  -64.44467  -61.98283 1154057245 209.144064    34.4553 0.0000e+00
    264.000     0.1463   2.887289     0.1468   2.887622    5.92431    -0.0624    13.8155 0.0000e+00  -64.44467  -61.98283 1154057246 209.144081    34.4567 0.0000e+00
    265.000     0.1459   2.887353     0.1466   2.887691    5.92140    -0.0511    13.8155 0.0000e+00  -64.44467  -61.98283 1154057248 209.144095    34.4573 0.0000e+00
    266.000     0.1466   2.887539     0.1473   2.887876    5.92069    -0.0619    13.8155 0.0000e+00  -64.44467  -61.98283 1154057249 209.144108    34.4585 0.0000e+00
    267.000     0.1470   2.887644     0.1474   2.887964    5.91955    -0.0507    13.8155 0.0000e+00  -64.44467  -61.98283 1154057250 209.144121    34.4588 0.0000e+00
    268.000     0.1440   2.887448     0.1445   2.887782    5.91915    -0.0879    13.8155 0.0000e+00  -64.44467  -61.98283 1154057251 209.144137    34.4591 0.0000e+00
    269.000     0.1432   2.887443     0.1435   2.887762    5.91927    -0.0646    13.8155 0.0000e+00  -64.44467  -61.98283 1154057253 209.144152    34.4594 0.0000e+00
    270.000     0.1399   2.887249     0.1408   2.887613    5.91703    -0.0802    13.8155 0.0000e+00  -64.44467  -61.98283 1154057254 209.144165    34.4600 0.0000e+00
    271.000     0.1380   2.887174     0.1385   2.887491    5.91880    -0.0612    13.8155 0.0000e+00  -64.44467  -61.98283 1154057255 209.144178    34.4605 0.0000e+00
    272.000     0.1345   2.886964     0.1350   2.887311    5.92292    -0.0827    13.8155 0.0000e+00  -64.44467  -61.98283 1154057256 209.144195    34.4613 0.0000e+00
    273.000     0.1298   2.886675     0.1302   2.887007    5.92673    -0.0914    13.8155 0.0000e+00  -64.44467  -61.98283 1154057258 209.144210    34.4622 0.0000e+00
    274.000     0.1296   2.886738     0.1305   2.887099    5.92701    -0.0816    13.8155 0.0000e+00  -64.44467  -61.98283 1154057259 209.144223    34.4626 0.0000e+00
    275.000     0.1319   2.887019     0.1328   2.887391    5.92954    -0.0794    13.8155 0.0000e+00  -64.44467  -61.98283 1154057260 209.144236    34.4632 0.0000e+00
    276.000     0.1359   2.887489     0.1366   2.887817    5.92714    -0.0704    13.8155 0.0000e+00  -64.44467  -61.98283 1154057261 209.144251    34.4640 0.0000e+00
    277.000     0.1389   2.887833     0.1396   2.888164    5.92231    -0.0441    13.8155 0.0000e+00  -64.44467  -61.98283 1154057262 209.144265    34.4645 0.0000e+00
    278.000     0.1481   2.888843     0.1490   2.889154    5.91877    -0.0394    13.8155 0.0000e+00  -64.44467  -61.98283 1154057263 209.144278    34.4667 0.0000e+00
    279.000     0.1514   2.889255     0.1519   2.889553    5.91464    -0.0552    13.8155 0.0000e+00  -64.44467  -61.98283 1154057265 209.144291    34.4677 0.0000e+00
    280.000     0.1569   2.889919     0.1577   2.890252    5.90631    -0.0584    13.8155 0.0000e+00  -64.44467  -61.98283 1154057266 209.144307    34.4696 0.0000e+00
    281.000     0.1584   2.890333     0.1586   2.890641    5.90252    -0.0569    13.8155 0.0000e+00  -64.44467  -61.98283 1154057267 209.144322    34.4727 0.0000e+00
    282.000     0.1540   2.890090     0.1541   2.890394    5.90183    -0.0462    13.8155 0.0000e+00  -64.44467  -61.98283 1154057268 209.144335    34.4741 0.0000e+00
    283.000     0.1513   2.889956     0.1518   2.890275    5.90104    -0.0624    13.8155 0.0000e+00  -64.44467  -61.98283 1154057270 209.144348    34.4749 0.0000e+00
    284.000     0.1504   2.889930     0.1509   2.890259    5.90193    -0.0626    13.8155 0.0000e+00  -64.44467  -61.98283 1154057271 209.144363    34.4750 0.0000e+00
    285.000     0.1498   2.889961     0.1504   2.890290    5.90288    -0.0849    13.8155 0.0000e+00  -64.44467  -61.98283 1154057272 209.144380    34.4755 0.0000e+00
    286.000     0.1493   2.889987     0.1498   2.890316    5.90318    -0.0766    13.8155 0.0000e+00  -64.44467  -61.98283 1154057274 209.144395    34.4758 0.0000e+00
    287.000     0.1431   2.889566     0.1430   2.889882    5.90666    -0.0988    13.8155 0.0000e+00  -64.44467  -61.98283 1154057275 209.144408    34.4767 0.0000e+00
    288.000     0.1354   2.889023     0.1348   2.889315    5.90919    -0.0612    13.8155 0.0000e+00  -64.44467  -61.98283 1154057276 209.144419    34.4779 0.0000e+00
    289.000     0.1272   2.888434     0.1275   2.888754    5.91487    -0.0560    13.8155 0.0000e+00  -64.44467  -61.98283 1154057277 209.144433    34.4789 0.0000e+00
    290.000     0.1255   2.888340     0.1261   2.888689    5.92115    -0.0695    13.8155 0.0000e+00  -64.44467  -61.98283 1154057278 209.144452    34.4790 0.0000e+00
    291.000     0.1257   2.888408     0.1262   2.888737    5.92196    -0.0874    13.8155 0.0000e+00  -64.44467  -61.98283 1154057280 209.144466    34.4790 0.0000e+00
    292.000     0.1250   2.888408     0.1256   2.888764    5.92489    -0.0558    13.8155 0.0000e+00  -64.44467  -61.98283 1154057281 209.144476    34.4790 0.0000e+00
    293.000     0.1216   2.888190     0.1217   2.888515    5.92518    -0.0873    13.8155 0.0000e+00  -64.44467  -61.98283 1154057281 209.144486    34.4796 0.0000e+00
    294.000     0.1170   2.887860     0.1178   2.888217    5.92606    -0.0658    13.8155 0.0000e+00  -64.44467  -61.98283 1154057283 209.144500    34.4797 0.0000e+00
    295.000     0.1075   2.887063     0.0989   2.886768    5.93903    -0.0956    13.8155 0.0000e+00  -64.44467  -61.98283 1154057285 209.144522    34.4802 0.0000e+00
    296.000     0.0829   2.885124     0.0835   2.885511    5.94867    -0.0790    13.8155 0.0000e+00  -64.44467  -61.98283 1154057286 209.144536    34.4816 0.0000e+00
    297.000     0.0816   2.885051     0.0820   2.885405    5.95492    -0.0619    13.8155 0.0000e+00  -64.44467  -61.98283 1154057287 209.144549    34.4814 0.0000e+00
    298.000     0.0796   2.884938     0.0801   2.885294    5.95715    -0.0682    13.8155 0.0000e+00  -64.44467  -61.98283 1154057288 209.144562    34.4815 0.0000e+00
    299.000     0.0779   2.884853     0.0787   2.885221    5.96205    -0.0563    13.8155 0.0000e+00  -64.44467  -61.98283 1154057290 209.144581    34.4815 0.0000e+00
    300.000     0.0776   2.884870     0.0781   2.885219    5.96557    -0.0745    13.8155 0.0000e+00  -64.44467  -61.98283 1154057291 209.144596    34.4812 0.0000e+00
