product_data/regression_test/downloaded_data/MGDS/320620060703/ctd/adapted/heads_insert_p6617609.cnv
* Sea-Bird SBE 9 Data File:
* FileName = D:\Data\Raw\p6617609.dat
* Software Version Seasave Win32 V 5.32
* Temperature SN = 1649
* Conductivity SN = 1431
* Number of Bytes Per Scan = 37
* Number of Voltage Words = 5
* Number of Scans Averaged by the Deck Unit = 1
* NMEA Latitude = 60 36.97 S
* NMEA Longitude = 054 43.19 W
* NMEA UTC (Time) = 12:39:49
** Ship:   Nathaniel B. Palmer 
** Cruise:    NBP0606 
# nquan = 15
# nvalues = 290                         
# units = specified
# name 0 = prDM: Pressure, Digiquartz [db]
# name 1 = t090C: Temperature [ITS-90, deg C]
# name 2 = c0S/m: Conductivity [S/m]
# name 3 = t190C: Temperature, 2 [ITS-90, deg C]
# name 4 = c1S/m: Conductivity, 2 [S/m]
# name 5 = sbeox0ML/L: Oxygen, SBE 43 [ml/l]
# name 6 = flECO-AFL: Fluorescence, Wetlab ECO-AFL/FL [mg/m^3]
# name 7 = bat: Beam Attenuation, Chelsea/Seatech/Wetlab CStar [1/m]
# name 8 = spar: SPAR/Surface Irradiance
# name 9 = latitude: Latitude [deg]
# name 10 = longitude: Longitude [deg]
# name 11 = timeY: Time, System [seconds]
# name 12 = timeJ: Julian Days
# name 13 = sal00: Salinity [PSU]
# name 14 = flag: flag
# span 0 =     13.000,    302.000       
# span 1 =    -0.7577,     1.2346       
# span 2 =   2.778458,   2.991109       
# span 3 =    -0.7586,     1.2484       
# span 4 =   2.779172,   2.992753       
# span 5 =    4.98556,    7.70321       
# span 6 =    -0.0883,     0.3270       
# span 7 =    13.8155,    13.8155       
# span 8 = 4.6925e+00, 1.5484e+01       
# span 9 =  -60.61617,  -60.61617       
# span 10 =  -54.71983,  -54.71983      
# span 11 = 1153485594, 1153486194      
# span 12 = 202.527731, 202.534679      
# span 13 =    34.1726,    34.5720      
# span 14 = 0.0000e+00, 0.0000e+00      
# interval = decibars: 1                
# start_time = Jul 21 2006 12:39:57
# bad_flag = -9.990e-29
*END*
[from data line 193]
    205.000     0.0919   2.877832     0.0913   2.878011    6.15615    -0.0707    13.8155 -9.990e-29  -60.61617  -54.71983 1153485969 202.532071    34.4321 0.0000e+00
    206.000     0.1621   2.884504     0.1785   2.885908    6.12888    -0.0849    13.8155 -9.990e-29  -60.61617  -54.71983 1153485970 202.532085    34.4378 0.0000e+00
    207.000     0.2140   2.889231     0.2053   2.888680    6.10360    -0.0645    13.8155 -9.990e-29  -60.61617  -54.71983 1153485971 202.532100    34.4397 0.0000e+00
    208.000     0.2347   2.891164     0.2438   2.892242    6.08059    -0.0591    13.8155 -9.990e-29  -60.61617  -54.71983 1153485972 202.532113    34.4408 0.0000e+00
    209.000     0.2564   2.893305     0.2620   2.893985    6.05922    -0.0713    13.8155 -9.990e-29  -60.61617  -54.71983 1153485973 202.532124    34.4438 0.0000e+00
    210.000     0.2849   2.895911     0.2912   2.896523    6.04088    -0.0601    13.8155 -9.990e-29  -60.61617  -54.71983 1153485974 202.532135    34.4463 0.0000e+00
    211.000     0.3024   2.897580     0.3033   2.897912    6.02161    -0.0601    13.8155 -9.990e-29  -60.61617  -54.71983 1153485975 202.532148    34.4463 0.0000e+00
    212.000     0.3073   2.898059     0.3073   2.898352    5.99991    -0.0666    13.8155 -9.990e-29  -60.61617  -54.71983 1153485977 202.532171    34.4469 0.0000e+00
    213.000     0.3088   2.898222     0.3092   2.898558    5.98446    -0.0743    13.8155 -9.990e-29  -60.61617  -54.71983 1153485980 202.532197    34.4475 0.0000e+00
    214.000     0.3259   2.899901     0.3261   2.900139    5.97630    -0.0573    13.8155 -9.990e-29  -60.61617  -54.71983 1153485981 202.532209    34.4496 0.0000e+00
    215.000     0.3301   2.900279     0.3307   2.900618    5.97058    -0.0800    13.8155 -9.990e-29  -60.61617  -54.71983 1153485981 202.532219    34.4492 0.0000e+00
    216.000     0.3334   2.900621     0.3342   2.900974    5.96739    -0.0679    13.8155 -9.990e-29  -60.61617  -54.71983 1153485982 202.532229    34.4496 0.0000e+00
    217.000     0.3395   2.901233     0.3407   2.901623    5.96081    -0.0651    13.8155 -9.990e-29  -60.61617  -54.71983 1153485983 202.532243    34.4502 0.0000e+00
    218.000     0.3437   2.901668     0.3439   2.901957    5.95307    -0.0720    13.8155 -9.990e-29  -60.61617  -54.71983 1153485985 202.532262    34.4510 0.0000e+00
    219.000     0.3468   2.901969     0.3492   2.902480    5.94756    -0.0608    13.8155 -9.990e-29  -60.61617  -54.71983 1153485987 202.532278    34.4508 0.0000e+00
    220.000     0.3468   2.902018     0.3480   2.902428    5.94648    -0.0564    13.8155 -9.990e-29  -60.61617  -54.71983 1153485988 202.532291    34.4512 0.0000e+00
    221.000     0.3452   2.901914     0.3456   2.902257    5.94097    -0.0611    13.8155 -9.990e-29  -60.61617  -54.71983 1153485989 202.532307    34.4512 0.0000e+00
    222.000     0.3504   2.902473     0.3490   2.902629    5.93277    -0.0664    13.8155 -9.990e-29  -60.61617  -54.71983 1153485991 202.532328    34.4523 0.0000e+00
    223.000     0.3547   2.902932     0.3564   2.903339    5.92782    -0.0697    13.8155 -9.990e-29  -60.61617  -54.71983 1153485992 202.532345    34.4531 0.0000e+00
    224.000     0.3685   2.904256     0.3705   2.904677    5.91720    -0.0534    13.8155 -9.990e-29  -60.61617  -54.71983 1153485993 202.532357    34.4541 0.0000e+00
    225.000     0.3893   2.906377     0.3908   2.906569    5.90903    -0.0669    13.8155 5.8444e+00  -60.61617  -54.71983 1153485994 202.532368    34.4560 0.0000e+00
    226.000     0.4054   2.907735     0.4110   2.908613    5.90215    -0.0546    13.8155 5.8444e+00  -60.61617  -54.71983 1153485995 202.532378    34.4566 0.0000e+00
    227.000     0.3999   2.907357     0.4005   2.907702    5.89624    -0.0658    13.8155 5.8444e+00  -60.61617  -54.71983 1153485996 202.532387    34.4581 0.0000e+00
    228.000     0.4006   2.907507     0.4009   2.907797    5.89104    -0.0668    13.8155 5.8444e+00  -60.61617  -54.71983 1153485997 202.532399    34.4580 0.0000e+00
    229.000     0.3926   2.906813     0.3934   2.907201    5.88870    -0.0679    13.8155 5.8444e+00  -60.61617  -54.71983 1153485999 202.532421    34.4578 0.0000e+00
    230.000     0.3757   2.905347     0.3756   2.905658    5.88930    -0.0720    13.8155 -9.990e-29  -60.61617  -54.71983 1153486001 202.532450    34.4576 0.0000e+00
    231.000     0.3652   2.904441     0.3636   2.904711    5.88129    -0.0748    13.8155 -9.990e-29  -60.61617  -54.71983 1153486003 202.532466    34.4578 0.0000e+00
    232.000     0.3674   2.905072     0.3716   2.905586    5.86701    -0.0600    13.8155 -9.990e-29  -60.61617  -54.71983 1153486004 202.532479    34.4631 0.0000e+00
    233.000     0.4241   2.910495     0.4299   2.911161    5.85423    -0.0653    13.8155 -9.990e-29  -60.61617  -54.71983 1153486005 202.532489    34.4680 0.0000e+00
    234.000     0.4361   2.911692     0.4383   2.912066    5.83800    -0.0659    13.8155 -9.990e-29  -60.61617  -54.71983 1153486006 202.532498    34.4694 0.0000e+00
    235.000     0.4521   2.913261     0.4541   2.913599    5.81806    -0.0537    13.8155 -9.990e-29  -60.61617  -54.71983 1153486006 202.532507    34.4712 0.0000e+00
    236.000     0.4914   2.917187     0.5025   2.917917    5.79657    -0.0669    13.8155 -9.990e-29  -60.61617  -54.71983 1153486007 202.532518    34.4770 0.0000e+00
    237.000     0.5270   2.920362     0.5286   2.920702    5.76756    -0.0668    13.8155 -9.990e-29  -60.61617  -54.71983 1153486009 202.532536    34.4772 0.0000e+00
    238.000     0.5261   2.920325     0.5271   2.920672    5.74330    -0.0583    13.8155 -9.990e-29  -60.61617  -54.71983 1153486011 202.532560    34.4782 0.0000e+00
    239.000     0.5281   2.920605     0.5289   2.920897    5.73262    -0.0665    13.8155 -9.990e-29  -60.61617  -54.71983 1153486012 202.532577    34.4796 0.0000e+00
    240.000     0.5448   2.922188     0.5465   2.922564    5.72198    -0.0637    13.8155 -9.990e-29  -60.61617  -54.71983 1153486014 202.532592    34.4810 0.0000e+00
    241.000     0.5537   2.923075     0.5549   2.923412    5.71144    -0.0681    13.8155 -9.990e-29  -60.61617  -54.71983 1153486015 202.532607    34.4820 0.0000e+00
    242.000     0.5578   2.923494     0.5583   2.923777    5.70511    -0.0628    13.8155 -9.990e-29  -60.61617  -54.71983 1153486016 202.532623    34.4826 0.0000e+00
    243.000     0.5641   2.924129     0.5663   2.924580    5.69978    -0.0651    13.8155 -9.990e-29  -60.61617  -54.71983 1153486018 202.532637    34.4835 0.0000e+00
    244.000     0.5648   2.924242     0.5655   2.924592    5.69932    -0.0621    13.8155 -9.990e-29  -60.61617  -54.71983 1153486019 202.532650    34.4836 0.0000e+00
    245.000     0.5592   2.923775     0.5604   2.924188    5.69957    -0.0616    13.8155 -9.990e-29  -60.61617  -54.71983 1153486020 202.532660    34.4836 0.0000e+00
    246.000     0.5507   2.922980     0.5463   2.923222    5.70062    -0.0658    13.8155 -9.990e-29  -60.61617  -54.71983 1153486020 202.532670    34.4828 0.0000e+00
    247.000     0.5333   2.921500     0.5340   2.921881    5.70391    -0.0701    13.8155 -9.990e-29  -60.61617  -54.71983 1153486021 202.532683    34.4827 0.0000e+00
    248.000     0.5326   2.921463     0.5334   2.921820    5.71013    -0.0616    13.8155 -9.990e-29  -60.61617  -54.71983 1153486024 202.532710    34.4826 0.0000e+00
    249.000     0.5279   2.921082     0.5283   2.921437    5.71388    -0.0736    13.8155 -9.990e-29  -60.61617  -54.71983 1153486026 202.532731    34.4823 0.0000e+00
    250.000     0.5211   2.920511     0.5216   2.920880    5.71719    -0.0580    13.8155 -9.990e-29  -60.61617  -54.71983 1153486027 202.532743    34.4821 0.0000e+00
    251.000     0.5107   2.919620     0.5105   2.919959    5.71933    -0.0683    13.8155 6.0622e+00  -60.61617  -54.71983 1153486028 202.532756    34.4817 0.0000e+00
    252.000     0.5016   2.919005     0.5025   2.919386    5.71469    -0.0774    13.8155 7.3236e+00  -60.61617  -54.71983 1153486029 202.532770    34.4836 0.0000e+00
    253.000     0.5177   2.920688     0.5187   2.920986    5.70887    -0.0740    13.8155 5.6462e+00  -60.61617  -54.71983 1153486030 202.532784    34.4867 0.0000e+00
    254.000     0.5273   2.921588     0.5292   2.922032    5.70390    -0.0864    13.8155 6.2949e+00  -60.61617  -54.71983 1153486031 202.532795    34.4865 0.0000e+00
    255.000     0.5376   2.922668     0.5431   2.923346    5.69290    -0.0720    13.8155 7.6465e+00  -60.61617  -54.71983 1153486032 202.532806    34.4886 0.0000e+00
    256.000     0.5734   2.926127     0.5762   2.926456    5.67512    -0.0479    13.8155 7.4277e+00  -60.61617  -54.71983 1153486033 202.532817    34.4924 0.0000e+00
    257.000     0.6328   2.931640     0.6297   2.931454    5.63548    -0.0573    13.8155 7.0598e+00  -60.61617  -54.71983 1153486035 202.532839    34.4956 0.0000e+00
    258.000     0.6391   2.932277     0.6417   2.932669    5.60010    -0.0692    13.8155 -9.990e-29  -60.61617  -54.71983 1153486037 202.532865    34.4968 0.0000e+00
    259.000     0.6970   2.937866     0.7022   2.938312    5.57105    -0.0771    13.8155 -9.990e-29  -60.61617  -54.71983 1153486039 202.532881    34.5036 0.0000e+00
    260.000     0.7416   2.942058     0.7438   2.942309    5.54598    -0.0788    13.8155 -9.990e-29  -60.61617  -54.71983 1153486040 202.532894    34.5066 0.0000e+00
    261.000     0.7568   2.943517     0.7568   2.943628    5.52805    -0.0626    13.8155 -9.990e-29  -60.61617  -54.71983 1153486041 202.532905    34.5081 0.0000e+00
    262.000     0.7642   2.944228     0.7654   2.944512    5.51686    -0.0623    13.8155 -9.990e-29  -60.61617  -54.71983 1153486042 202.532914    34.5085 0.0000e+00
    263.000     0.7682   2.944627     0.7693   2.944931    5.50861    -0.0485    13.8155 -9.990e-29  -60.61617  -54.71983 1153486042 202.532923    34.5089 0.0000e+00
    264.000     0.7664   2.944487     0.7676   2.944819    5.50086    -0.0757    13.8155 -9.990e-29  -60.61617  -54.71983 1153486043 202.532932    34.5089 0.0000e+00
    265.000     0.7675   2.944649     0.7688   2.944992    5.49248    -0.0627    13.8155 -9.990e-29  -60.61617  -54.71983 1153486045 202.532952    34.5099 0.0000e+00
    266.000     0.7649   2.944461     0.7659   2.944816    5.48878    -0.0669    13.8155 -9.990e-29  -60.61617  -54.71983 1153486047 202.532982    34.5107 0.0000e+00
    267.000     0.7478   2.942954     0.7485   2.943345    5.49208    -0.0665    13.8155 7.0751e+00  -60.61617  -54.71983 1153486049 202.532996    34.5105 0.0000e+00
    268.000     0.7351   2.942005     0.7363   2.942359    5.49286    -0.0627    13.8155 7.7026e+00  -60.61617  -54.71983 1153486050 202.533011    34.5123 0.0000e+00
    269.000     0.7408   2.942596     0.7422   2.942967    5.49546    -0.0789    13.8155 8.6785e+00  -60.61617  -54.71983 1153486051 202.533028    34.5129 0.0000e+00
    270.000     0.7426   2.942819     0.7442   2.943217    5.48833    -0.0677    13.8155 7.9221e+00  -60.61617  -54.71983 1153486053 202.533042    34.5132 0.0000e+00
    271.000     0.7479   2.943438     0.7491   2.943741    5.47935    -0.0648    13.8155 7.2249e+00  -60.61617  -54.71983 1153486054 202.533053    34.5149 0.0000e+00
    272.000     0.7701   2.945668     0.7720   2.946013    5.47318    -0.0643    13.8155 5.7357e+00  -60.61617  -54.71983 1153486054 202.533062    34.5179 0.0000e+00
    273.000     0.7736   2.945997     0.7743   2.946318    5.46657    -0.0686    13.8155 7.6802e+00  -60.61617  -54.71983 1153486055 202.533071    34.5173 0.0000e+00
    274.000     0.7693   2.945640     0.7696   2.945932    5.45260    -0.0644    13.8155 7.6276e+00  -60.61617  -54.71983 1153486056 202.533080    34.5172 0.0000e+00
    275.000     0.8056   2.949281     0.8111   2.949816    5.43108    -0.0666    13.8155 8.8364e+00  -60.61617  -54.71983 1153486057 202.533092    34.5232 0.0000e+00
    276.000     0.8821   2.956573     0.8837   2.956798    5.37356    -0.0619    13.8155 8.5825e+00  -60.61617  -54.71983 1153486059 202.533122    34.5301 0.0000e+00
    277.000     0.9522   2.963386     0.9575   2.963867    5.31870    -0.0508    13.8155 8.1633e+00  -60.61617  -54.71983 1153486062 202.533148    34.5387 0.0000e+00
    278.000     0.9855   2.966473     0.9870   2.966727    5.29358    -0.0702    13.8155 8.2834e+00  -60.61617  -54.71983 1153486063 202.533164    34.5404 0.0000e+00
    279.000     0.9806   2.966045     0.9857   2.966718    5.27058    -0.0606    13.8155 7.6463e+00  -60.61617  -54.71983 1153486064 202.533179    34.5407 0.0000e+00
    280.000     0.9953   2.967535     0.9952   2.967619    5.24974    -0.0700    13.8155 7.5127e+00  -60.61617  -54.71983 1153486065 202.533191    34.5431 0.0000e+00
    281.000     1.0141   2.969430     1.0261   2.970595    5.24344    -0.0733    13.8155 -9.990e-29  -60.61617  -54.71983 1153486066 202.533201    34.5467 0.0000e+00
    282.000     1.0347   2.971300     1.0368   2.971666    5.23202    -0.0811    13.8155 -9.990e-29  -60.61617  -54.71983 1153486067 202.533209    34.5463 0.0000e+00
    283.000     1.0345   2.971310     1.0367   2.971737    5.21601    -0.0847    13.8155 -9.990e-29  -60.61617  -54.71983 1153486068 202.533218    34.5463 0.0000e+00
    284.000     1.0481   2.972776     1.0400   2.972051    5.20039    -0.0811    13.8155 -9.990e-29  -60.61617  -54.71983 1153486069 202.533227    34.5486 0.0000e+00
    285.000     1.0750   2.975299     1.0801   2.975918    5.17610    -0.0705    13.8155 -9.990e-29  -60.61617  -54.71983 1153486071 202.533251    34.5522 0.0000e+00
    286.000     1.0995   2.977614     1.0994   2.977832    5.15199    -0.0599    13.8155 -9.990e-29  -60.61617  -54.71983 1153486073 202.533279    34.5543 0.0000e+00
    287.000     1.1081   2.978462     1.1086   2.978668    5.14032    -0.0741    13.8155 7.6302e+00  -60.61617  -54.71983 1153486074 202.533293    34.5555 0.0000e+00
    288.000     1.1148   2.979173     1.1178   2.979558    5.13045    -0.0794    13.8155 7.5587e+00  -60.61617  -54.71983 1153486075 202.533307    34.5570 0.0000e+00
    289.000     1.1268   2.980309     1.1297   2.980787    5.12247    -0.0874    13.8155 8.8728e+00  -60.61617  -54.71983 1153486076 202.533318    34.5575 0.0000e+00
    290.000     1.1332   2.981031     1.1335   2.981119    5.11374    -0.0813    13.8155 7.7037e+00  -60.61617  -54.71983 1153486077 202.533329    34.5596 0.0000e+00
    291.000     1.1499   2.982572     1.1538   2.983121    5.10195    -0.0832    13.8155 7.5624e+00  -60.61617  -54.71983 1153486078 202.533340    34.5598 0.0000e+00
    292.000     1.1570   2.983284     1.1596   2.983720    5.09238    -0.0750    13.8155 8.0586e+00  -60.61617  -54.71983 1153486080 202.533356    34.5607 0.0000e+00
    293.000     1.1556   2.983236     1.1575   2.983549    5.07661    -0.0883    13.8155 8.2877e+00  -60.61617  -54.71983 1153486082 202.533381    34.5620 0.0000e+00
    294.000     1.1832   2.985867     1.1821   2.985906    5.06580    -0.0713    13.8155 8.0237e+00  -60.61617  -54.71983 1153486083 202.533397    34.5641 0.0000e+00
    295.000     1.1863   2.986209     1.1884   2.986567    5.06008    -0.0751    13.8155 7.7024e+00  -60.61617  -54.71983 1153486084 202.533409    34.5645 0.0000e+00
    296.000     1.1949   2.987050     1.1968   2.987384    5.04789    -0.0600    13.8155 8.2197e+00  -60.61617  -54.71983 1153486086 202.533425    34.5654 0.0000e+00
    297.000     1.2055   2.988063     1.2071   2.988407    5.03352    -0.0757    13.8155 -9.990e-29  -60.61617  -54.71983 1153486088 202.533454    34.5664 0.0000e+00
    298.000     1.2160   2.989124     1.2183   2.989501    5.02530    -0.0665    13.8155 7.7926e+00  -60.61617  -54.71983 1153486090 202.533475    34.5680 0.0000e+00
    299.000     1.2227   2.989798     1.2245   2.990144    5.02025    -0.0695    13.8155 8.1295e+00  -60.61617  -54.71983 1153486091 202.533491    34.5685 0.0000e+00
    300.000     1.2271   2.990261     1.2285   2.990585    5.01310    -0.0690    13.8155 1.0491e+01  -60.61617  -54.71983 1153486095 202.533532    34.5693 0.0000e+00
