product_data/regression_test/downloaded_data/MGDS/320620060703/ctd/adapted/heads_insert_p6609304.cnv
* Sea-Bird SBE 9 Data File:
* FileName = D:\Data\Raw\P6609304.dat
* Software Version Seasave Win32 V 5.32
* Temperature SN = 1649
* Conductivity SN = 1431
* Number of Bytes Per Scan = 37
* Number of Voltage Words = 5
* Number of Scans Averaged by the Deck Unit = 1
* NMEA Latitude = 61 07.50 S
* NMEA Longitude = 058 05.51 W
* NMEA UTC (Time) = 02:17:40
** Ship:   Nathaniel B. Palmer nbp
** Cruise:    NBP0603 nbp0606
** Cast #: 01
** Station:   93
** Operator: yz
# nquan = 15
# nvalues = 298                         
# units = specified
# name 0 = prDM: Pressure, Digiquartz [db]
# name 1 = t090C: Temperature [ITS-90, deg C]
# name 2 = c0S/m: Conductivity [S/m]
# name 3 = t190C: Temperature, 2 [ITS-90, deg C]
# name 4 = c1S/m: Conductivity, 2 [S/m]
# name 5 = sbeox0ML/L: Oxygen, SBE 43 [ml/l]
# name 6 = flECO-AFL: Fluorescence, Wetlab ECO-AFL/FL [mg/m^3]
# name 7 = bat: Beam Attenuation, Chelsea/Seatech/Wetlab CStar [1/m]
# name 8 = spar: SPAR/Surface Irradiance
# name 9 = latitude: Latitude [deg]
# name 10 = longitude: Longitude [deg]
# name 11 = timeY: Time, System [seconds]
# name 12 = timeJ: Julian Days
# name 13 = sal00: Salinity [PSU]
# name 14 = flag: flag
# span 0 =      5.000,    302.000       
# span 1 =    -0.7700,     1.9398       
# span 2 =   2.762957,   3.057968       
# span 3 =    -0.7685,     1.9416       
# span 4 =   2.763468,   3.058144       
# span 5 =    4.33011,    7.99410       
# span 6 =    -0.0854,     0.2391       
# span 7 =    13.8155,    13.8155       
# span 8 = 0.0000e+00, 0.0000e+00       
# span 9 =  -61.12500,  -61.12500       
# span 10 =  -58.09183,  -58.09183      
# span 11 = 1152584268, 1152584829      
# span 12 = 192.095684, 192.102212      
# span 13 =    33.9516,    34.6478      
# span 14 = 0.0000e+00, 0.0000e+00      
# interval = decibars: 1                
# start_time = Jul 11 2006 02:17:48
# bad_flag = -9.990e-29
*END*
[from data line 97]
    101.000    -0.3273   2.811321    -0.3211   2.811660    7.40204     0.1765    13.8155 0.0000e+00  -61.12500  -58.09183 1152584496 192.098356    34.0756 0.0000e+00
    102.000    -0.2776   2.817181    -0.2747   2.817270    7.39432     0.1487    13.8155 0.0000e+00  -61.12500  -58.09183 1152584496 192.098365    34.0961 0.0000e+00
    103.000    -0.2328   2.822149    -0.2313   2.822320    7.36707     0.1681    13.8155 0.0000e+00  -61.12500  -58.09183 1152584497 192.098373    34.1093 0.0000e+00
    104.000    -0.1967   2.825996    -0.1942   2.826046    7.31829     0.1682    13.8155 0.0000e+00  -61.12500  -58.09183 1152584498 192.098381    34.1198 0.0000e+00
    105.000    -0.1261   2.832826    -0.1148   2.833930    7.24964     0.1697    13.8155 0.0000e+00  -61.12500  -58.09183 1152584499 192.098399    34.1296 0.0000e+00
    106.000    -0.1923   2.825971    -0.1669   2.828749    7.10519     0.1573    13.8155 0.0000e+00  -61.12500  -58.09183 1152584503 192.098445    34.1161 0.0000e+00
    107.000    -0.0927   2.837025    -0.0213   2.843131    7.01863     0.1463    13.8155 0.0000e+00  -61.12500  -58.09183 1152584504 192.098456    34.1532 0.0000e+00
    108.000     0.0785   2.853886     0.0837   2.853912    6.94239     0.1546    13.8155 0.0000e+00  -61.12500  -58.09183 1152584505 192.098466    34.1772 0.0000e+00
    109.000     0.1603   2.861812     0.1627   2.861769    6.86972     0.1519    13.8155 0.0000e+00  -61.12500  -58.09183 1152584506 192.098474    34.1871 0.0000e+00
    110.000     0.2420   2.870397     0.2479   2.870213    6.77932     0.1260    13.8155 0.0000e+00  -61.12500  -58.09183 1152584506 192.098481    34.2092 0.0000e+00
    111.000     0.3420   2.880353     0.3461   2.880024    6.69653     0.1270    13.8155 0.0000e+00  -61.12500  -58.09183 1152584507 192.098488    34.2255 0.0000e+00
    112.000     0.4342   2.889779     0.4373   2.889664    6.60395     0.1437    13.8155 0.0000e+00  -61.12500  -58.09183 1152584508 192.098499    34.2432 0.0000e+00
    113.000     0.3322   2.879273     0.3450   2.881158    6.47818     0.1661    13.8155 0.0000e+00  -61.12500  -58.09183 1152584511 192.098529    34.2246 0.0000e+00
    114.000     0.3650   2.882978     0.3806   2.883802    6.38303     0.1406    13.8155 0.0000e+00  -61.12500  -58.09183 1152584513 192.098557    34.2406 0.0000e+00
    115.000     0.5070   2.897575     0.5085   2.897677    6.31021     0.1386    13.8155 0.0000e+00  -61.12500  -58.09183 1152584514 192.098571    34.2679 0.0000e+00
    116.000     0.5116   2.898242     0.5137   2.898372    6.26536     0.1540    13.8155 0.0000e+00  -61.12500  -58.09183 1152584515 192.098580    34.2721 0.0000e+00
    117.000     0.5207   2.899304     0.5221   2.899343    6.23014     0.1400    13.8155 0.0000e+00  -61.12500  -58.09183 1152584516 192.098588    34.2759 0.0000e+00
    118.000     0.5337   2.900832     0.5349   2.900835    6.20269     0.1215    13.8155 0.0000e+00  -61.12500  -58.09183 1152584516 192.098595    34.2813 0.0000e+00
    119.000     0.5417   2.901718     0.5438   2.901901    6.17669     0.1390    13.8155 0.0000e+00  -61.12500  -58.09183 1152584517 192.098602    34.2835 0.0000e+00
    120.000     0.5488   2.902630     0.5502   2.902684    6.15282     0.1608    13.8155 0.0000e+00  -61.12500  -58.09183 1152584518 192.098610    34.2877 0.0000e+00
    121.000     0.5493   2.902630     0.5553   2.903244    6.10033     0.1773    13.8155 0.0000e+00  -61.12500  -58.09183 1152584520 192.098637    34.2882 0.0000e+00
    122.000     0.5458   2.902193     0.5515   2.902829    6.04256     0.1687    13.8155 0.0000e+00  -61.12500  -58.09183 1152584523 192.098678    34.2885 0.0000e+00
    123.000     0.5633   2.904292     0.5720   2.903597    6.01154     0.1643    13.8155 0.0000e+00  -61.12500  -58.09183 1152584524 192.098689    34.2964 0.0000e+00
    124.000     0.6197   2.910497     0.6220   2.910654    5.98273     0.1515    13.8155 0.0000e+00  -61.12500  -58.09183 1152584525 192.098699    34.3122 0.0000e+00
    125.000     0.6277   2.911743     0.6297   2.911903    5.95613     0.1545    13.8155 0.0000e+00  -61.12500  -58.09183 1152584526 192.098708    34.3191 0.0000e+00
    126.000     0.6443   2.913702     0.6462   2.913840    5.93536     0.1517    13.8155 0.0000e+00  -61.12500  -58.09183 1152584527 192.098715    34.3254 0.0000e+00
    127.000     0.6518   2.914533     0.6535   2.914699    5.91536     0.1328    13.8155 0.0000e+00  -61.12500  -58.09183 1152584527 192.098723    34.3272 0.0000e+00
    128.000     0.6556   2.914996     0.6574   2.915175    5.89655     0.1376    13.8155 0.0000e+00  -61.12500  -58.09183 1152584528 192.098732    34.3288 0.0000e+00
    129.000     0.6606   2.915564     0.6630   2.915831    5.86969     0.1398    13.8155 0.0000e+00  -61.12500  -58.09183 1152584529 192.098746    34.3305 0.0000e+00
    130.000     0.6677   2.916328     0.6698   2.916569    5.83771     0.1569    13.8155 0.0000e+00  -61.12500  -58.09183 1152584531 192.098768    34.3326 0.0000e+00
    131.000     0.6800   2.917659     0.6828   2.917955    5.80824     0.1529    13.8155 0.0000e+00  -61.12500  -58.09183 1152584533 192.098790    34.3361 0.0000e+00
    132.000     0.6933   2.919062     0.6951   2.919282    5.78097     0.1475    13.8155 0.0000e+00  -61.12500  -58.09183 1152584535 192.098812    34.3392 0.0000e+00
    133.000     0.7037   2.920281     0.7052   2.920432    5.75956     0.1472    13.8155 0.0000e+00  -61.12500  -58.09183 1152584537 192.098829    34.3431 0.0000e+00
    134.000     0.7119   2.921270     0.7136   2.921453    5.74222     0.1645    13.8155 0.0000e+00  -61.12500  -58.09183 1152584538 192.098842    34.3463 0.0000e+00
    135.000     0.7218   2.922453     0.7238   2.922650    5.72721     0.1639    13.8155 0.0000e+00  -61.12500  -58.09183 1152584538 192.098851    34.3501 0.0000e+00
    136.000     0.7253   2.923100     0.7271   2.923333    5.71356     0.1562    13.8155 0.0000e+00  -61.12500  -58.09183 1152584539 192.098861    34.3541 0.0000e+00
    137.000     0.7305   2.923775     0.7325   2.924014    5.69914     0.1593    13.8155 0.0000e+00  -61.12500  -58.09183 1152584540 192.098871    34.3566 0.0000e+00
    138.000     0.7335   2.924123     0.7350   2.924352    5.68730     0.1590    13.8155 0.0000e+00  -61.12500  -58.09183 1152584541 192.098883    34.3574 0.0000e+00
    139.000     0.7338   2.924201     0.7356   2.924447    5.67608     0.1729    13.8155 0.0000e+00  -61.12500  -58.09183 1152584542 192.098898    34.3577 0.0000e+00
    140.000     0.7335   2.924218     0.7355   2.924496    5.66757     0.1722    13.8155 0.0000e+00  -61.12500  -58.09183 1152584544 192.098911    34.3578 0.0000e+00
    141.000     0.7384   2.924842     0.7405   2.925100    5.66123     0.1697    13.8155 0.0000e+00  -61.12500  -58.09183 1152584545 192.098924    34.3602 0.0000e+00
    142.000     0.7385   2.925013     0.7399   2.925247    5.65937     0.1787    13.8155 0.0000e+00  -61.12500  -58.09183 1152584547 192.098946    34.3617 0.0000e+00
    143.000     0.7268   2.924075     0.7275   2.924369    5.65906     0.1773    13.8155 0.0000e+00  -61.12500  -58.09183 1152584549 192.098978    34.3626 0.0000e+00
    144.000     0.7230   2.924307     0.7246   2.924555    5.65544     0.1817    13.8155 0.0000e+00  -61.12500  -58.09183 1152584550 192.098989    34.3695 0.0000e+00
    145.000     0.7254   2.924749     0.7269   2.924990    5.64985     0.1650    13.8155 0.0000e+00  -61.12500  -58.09183 1152584551 192.098998    34.3719 0.0000e+00
    146.000     0.7318   2.925597     0.7339   2.925830    5.63957     0.1827    13.8155 0.0000e+00  -61.12500  -58.09183 1152584552 192.099009    34.3752 0.0000e+00
    147.000     0.7477   2.927233     0.7504   2.927610    5.62696     0.1713    13.8155 0.0000e+00  -61.12500  -58.09183 1152584553 192.099020    34.3785 0.0000e+00
    148.000     0.7580   2.928549     0.7601   2.928684    5.61519     0.1699    13.8155 0.0000e+00  -61.12500  -58.09183 1152584554 192.099031    34.3812 0.0000e+00
    149.000     0.7607   2.928733     0.7622   2.929000    5.60513     0.1701    13.8155 0.0000e+00  -61.12500  -58.09183 1152584555 192.099041    34.3812 0.0000e+00
    150.000     0.7595   2.928661     0.7608   2.928905    5.59774     0.1433    13.8155 0.0000e+00  -61.12500  -58.09183 1152584556 192.099050    34.3813 0.0000e+00
    151.000     0.7616   2.928941     0.7649   2.929345    5.58898     0.1506    13.8155 0.0000e+00  -61.12500  -58.09183 1152584557 192.099063    34.3821 0.0000e+00
    152.000     0.7701   2.929826     0.7721   2.930058    5.57434     0.1471    13.8155 0.0000e+00  -61.12500  -58.09183 1152584559 192.099090    34.3835 0.0000e+00
    153.000     0.7729   2.930188     0.7752   2.930481    5.55869     0.1253    13.8155 0.0000e+00  -61.12500  -58.09183 1152584561 192.099110    34.3846 0.0000e+00
    154.000     0.7782   2.930785     0.7796   2.930988    5.54070     0.1060    13.8155 0.0000e+00  -61.12500  -58.09183 1152584562 192.099125    34.3859 0.0000e+00
    155.000     0.7931   2.932580     0.7953   2.932846    5.52073     0.1144    13.8155 0.0000e+00  -61.12500  -58.09183 1152584563 192.099140    34.3918 0.0000e+00
    156.000     0.8006   2.933498     0.8022   2.933747    5.50386     0.1199    13.8155 0.0000e+00  -61.12500  -58.09183 1152584565 192.099156    34.3947 0.0000e+00
    157.000     0.8007   2.933655     0.8024   2.933903    5.48739     0.1197    13.8155 0.0000e+00  -61.12500  -58.09183 1152584566 192.099170    34.3961 0.0000e+00
    158.000     0.8075   2.934715     0.8092   2.934928    5.47206     0.1241    13.8155 0.0000e+00  -61.12500  -58.09183 1152584567 192.099182    34.4018 0.0000e+00
    159.000     0.8160   2.935784     0.8176   2.936021    5.46016     0.1117    13.8155 0.0000e+00  -61.12500  -58.09183 1152584568 192.099193    34.4054 0.0000e+00
    160.000     0.8191   2.936193     0.8207   2.936431    5.45124     0.0904    13.8155 0.0000e+00  -61.12500  -58.09183 1152584569 192.099204    34.4067 0.0000e+00
    161.000     0.8209   2.936433     0.8225   2.936665    5.44121     0.0939    13.8155 0.0000e+00  -61.12500  -58.09183 1152584570 192.099215    34.4072 0.0000e+00
    162.000     0.8246   2.936902     0.8263   2.937151    5.43127     0.1007    13.8155 0.0000e+00  -61.12500  -58.09183 1152584571 192.099232    34.4087 0.0000e+00
    163.000     0.8252   2.937076     0.8267   2.937322    5.42189     0.1131    13.8155 0.0000e+00  -61.12500  -58.09183 1152584573 192.099256    34.4100 0.0000e+00
    164.000     0.8289   2.937777     0.8305   2.938016    5.41642     0.0971    13.8155 0.0000e+00  -61.12500  -58.09183 1152584575 192.099270    34.4144 0.0000e+00
    165.000     0.8374   2.938882     0.8393   2.939120    5.41136     0.1069    13.8155 0.0000e+00  -61.12500  -58.09183 1152584576 192.099281    34.4186 0.0000e+00
    166.000     0.8433   2.939491     0.8455   2.939812    5.40100     0.1205    13.8155 0.0000e+00  -61.12500  -58.09183 1152584577 192.099294    34.4192 0.0000e+00
    167.000     0.8623   2.941605     0.8637   2.941780    5.38861     0.1121    13.8155 0.0000e+00  -61.12500  -58.09183 1152584578 192.099314    34.4247 0.0000e+00
    168.000     0.8661   2.942186     0.8674   2.942395    5.37514     0.0975    13.8155 0.0000e+00  -61.12500  -58.09183 1152584580 192.099331    34.4274 0.0000e+00
    169.000     0.8821   2.943892     0.8840   2.944030    5.36548     0.0946    13.8155 0.0000e+00  -61.12500  -58.09183 1152584581 192.099342    34.4314 0.0000e+00
    170.000     0.9080   2.946453     0.9092   2.946644    5.35636     0.1254    13.8155 0.0000e+00  -61.12500  -58.09183 1152584582 192.099352    34.4339 0.0000e+00
    171.000     0.9140   2.947326     0.9162   2.947526    5.34821     0.1276    13.8155 0.0000e+00  -61.12500  -58.09183 1152584583 192.099362    34.4383 0.0000e+00
    172.000     0.9418   2.950103     0.9453   2.950404    5.33901     0.1351    13.8155 0.0000e+00  -61.12500  -58.09183 1152584584 192.099375    34.4422 0.0000e+00
    173.000     0.9633   2.952289     0.9653   2.952534    5.32489     0.1306    13.8155 0.0000e+00  -61.12500  -58.09183 1152584586 192.099398    34.4459 0.0000e+00
    174.000     0.9665   2.952679     0.9681   2.952905    5.31802     0.1199    13.8155 0.0000e+00  -61.12500  -58.09183 1152584587 192.099418    34.4472 0.0000e+00
    175.000     0.9679   2.952920     0.9695   2.953142    5.31473     0.1282    13.8155 0.0000e+00  -61.12500  -58.09183 1152584589 192.099431    34.4485 0.0000e+00
    176.000     0.9700   2.953251     0.9716   2.953476    5.31201     0.0934    13.8155 0.0000e+00  -61.12500  -58.09183 1152584590 192.099445    34.4500 0.0000e+00
    177.000     0.9697   2.953315     0.9713   2.953562    5.31157     0.0951    13.8155 0.0000e+00  -61.12500  -58.09183 1152584591 192.099460    34.4509 0.0000e+00
    178.000     0.9689   2.953319     0.9702   2.953544    5.31343     0.1015    13.8155 0.0000e+00  -61.12500  -58.09183 1152584592 192.099474    34.4514 0.0000e+00
    179.000     0.9630   2.952917     0.9648   2.953190    5.31880     0.1023    13.8155 0.0000e+00  -61.12500  -58.09183 1152584593 192.099485    34.4525 0.0000e+00
    180.000     0.9572   2.952486     0.9589   2.952785    5.32164     0.0928    13.8155 0.0000e+00  -61.12500  -58.09183 1152584594 192.099495    34.4530 0.0000e+00
    181.000     0.9486   2.951816     0.9499   2.952071    5.32543     0.0843    13.8155 0.0000e+00  -61.12500  -58.09183 1152584595 192.099506    34.4539 0.0000e+00
    182.000     0.9446   2.951556     0.9458   2.951792    5.33006     0.0760    13.8155 0.0000e+00  -61.12500  -58.09183 1152584596 192.099522    34.4544 0.0000e+00
    183.000     0.9461   2.951769     0.9479   2.952045    5.33243     0.0603    13.8155 0.0000e+00  -61.12500  -58.09183 1152584599 192.099549    34.4548 0.0000e+00
    184.000     0.9533   2.952696     0.9554   2.952996    5.32774     0.0508    13.8155 0.0000e+00  -61.12500  -58.09183 1152584601 192.099571    34.4582 0.0000e+00
    185.000     0.9572   2.953180     0.9577   2.953303    5.32391     0.0506    13.8155 0.0000e+00  -61.12500  -58.09183 1152584602 192.099584    34.4594 0.0000e+00
    186.000     0.9596   2.953477     0.9612   2.953757    5.31660     0.0632    13.8155 0.0000e+00  -61.12500  -58.09183 1152584603 192.099595    34.4598 0.0000e+00
    187.000     0.9600   2.953582     0.9614   2.953808    5.30486     0.0571    13.8155 0.0000e+00  -61.12500  -58.09183 1152584604 192.099605    34.4603 0.0000e+00
    188.000     0.9779   2.955608     0.9792   2.955723    5.29416     0.0581    13.8155 0.0000e+00  -61.12500  -58.09183 1152584604 192.099616    34.4659 0.0000e+00
    189.000     0.9910   2.956952     0.9925   2.957170    5.28351     0.0566    13.8155 0.0000e+00  -61.12500  -58.09183 1152584605 192.099627    34.4674 0.0000e+00
    190.000     0.9966   2.957568     0.9982   2.957789    5.27529     0.0569    13.8155 0.0000e+00  -61.12500  -58.09183 1152584607 192.099639    34.4686 0.0000e+00
    191.000     1.0050   2.958429     1.0066   2.958646    5.26837     0.0562    13.8155 0.0000e+00  -61.12500  -58.09183 1152584608 192.099652    34.4697 0.0000e+00
    192.000     1.0127   2.959210     1.0145   2.959453    5.25853     0.0882    13.8155 0.0000e+00  -61.12500  -58.09183 1152584609 192.099670    34.4707 0.0000e+00
    193.000     1.0218   2.960133     1.0235   2.960372    5.25060     0.1030    13.8155 0.0000e+00  -61.12500  -58.09183 1152584612 192.099703    34.4720 0.0000e+00
    194.000     1.0251   2.960501     1.0266   2.960748    5.25176     0.0824    13.8155 0.0000e+00  -61.12500  -58.09183 1152584614 192.099721    34.4726 0.0000e+00
    195.000     1.0265   2.960698     1.0282   2.960957    5.25037     0.0923    13.8155 0.0000e+00  -61.12500  -58.09183 1152584614 192.099731    34.4732 0.0000e+00
