product_data/regression_test/downloaded_data/MGDS/320620060703/ctd/adapted/heads_insert_p6619605.cnv
* Sea-Bird SBE 9 Data File:
* FileName = D:\Data\Raw\p6619605.dat
* Software Version Seasave Win32 V 5.32
* Temperature SN = 1649
* Conductivity SN = 1431
* Number of Bytes Per Scan = 37
* Number of Voltage Words = 5
* Number of Scans Averaged by the Deck Unit = 1
* NMEA Latitude = 60 45.36 S
* NMEA Longitude = 057 33.03 W
* NMEA UTC (Time) = 03:23:55
** Ship:   Nathaniel B. Palmer 
** Cruise:    NBP0606 
# nquan = 15
# nvalues = 2989                        
# units = specified
# name 0 = prDM: Pressure, Digiquartz [db]
# name 1 = t090C: Temperature [ITS-90, deg C]
# name 2 = c0S/m: Conductivity [S/m]
# name 3 = t190C: Temperature, 2 [ITS-90, deg C]
# name 4 = c1S/m: Conductivity, 2 [S/m]
# name 5 = sbeox0ML/L: Oxygen, SBE 43 [ml/l]
# name 6 = flECO-AFL: Fluorescence, Wetlab ECO-AFL/FL [mg/m^3]
# name 7 = bat: Beam Attenuation, Chelsea/Seatech/Wetlab CStar [1/m]
# name 8 = spar: SPAR/Surface Irradiance
# name 9 = latitude: Latitude [deg]
# name 10 = longitude: Longitude [deg]
# name 11 = timeY: Time, System [seconds]
# name 12 = timeJ: Julian Days
# name 13 = sal00: Salinity [PSU]
# name 14 = flag: flag
# span 0 =     15.000,   3003.000       
# span 1 =    -1.0837,     2.0589       
# span 2 =   2.734480,   3.077390       
# span 3 =    -1.0826,     2.0594       
# span 4 =   2.735027,   3.077754       
# span 5 =    4.38302,    8.18617       
# span 6 =    -0.1279,     0.8926       
# span 7 =    13.8155,    13.8155       
# span 8 = 0.0000e+00, 0.0000e+00       
# span 9 =  -60.75600,  -60.75600       
# span 10 =  -57.55050,  -57.55050      
# span 11 = 1153797963, 1153801803      
# span 12 = 206.143106, 206.187560      
# span 13 =    33.8604,    34.7274      
# span 14 = 0.0000e+00, 0.0000e+00      
# interval = decibars: 1                
# start_time = Jul 25 2006 03:24:03
# bad_flag = -9.990e-29
*END*
[from data line 483]
    497.000     2.0314   3.076450     2.0321   3.076805    4.41903    -0.0452    13.8155 0.0000e+00  -60.75600  -57.55050 1153798666 206.151249    34.6663 0.0000e+00
    498.000     2.0303   3.076471     2.0310   3.076829    4.41984    -0.0559    13.8155 0.0000e+00  -60.75600  -57.55050 1153798667 206.151260    34.6672 0.0000e+00
    499.000     2.0297   3.076506     2.0302   3.076862    4.42050    -0.0577    13.8155 0.0000e+00  -60.75600  -57.55050 1153798668 206.151272    34.6678 0.0000e+00
    500.000     2.0291   3.076545     2.0299   3.076890    4.42102    -0.0612    13.8155 0.0000e+00  -60.75600  -57.55050 1153798669 206.151286    34.6683 0.0000e+00
    501.000     2.0287   3.076560     2.0294   3.076911    4.42153    -0.0543    13.8155 0.0000e+00  -60.75600  -57.55050 1153798671 206.151301    34.6684 0.0000e+00
    502.000     2.0279   3.076558     2.0285   3.076913    4.42203    -0.0548    13.8155 0.0000e+00  -60.75600  -57.55050 1153798672 206.151318    34.6686 0.0000e+00
    503.000     2.0265   3.076525     2.0272   3.076868    4.42269    -0.0538    13.8155 0.0000e+00  -60.75600  -57.55050 1153798673 206.151334    34.6692 0.0000e+00
    504.000     2.0263   3.076549     2.0269   3.076894    4.42345    -0.0619    13.8155 0.0000e+00  -60.75600  -57.55050 1153798675 206.151352    34.6691 0.0000e+00
    505.000     2.0262   3.076586     2.0267   3.076938    4.42393    -0.0515    13.8155 0.0000e+00  -60.75600  -57.55050 1153798677 206.151372    34.6691 0.0000e+00
    506.000     2.0261   3.076636     2.0267   3.076985    4.42230    -0.0593    13.8155 0.0000e+00  -60.75600  -57.55050 1153798678 206.151386    34.6693 0.0000e+00
    507.000     2.0261   3.076678     2.0267   3.077028    4.42103    -0.0602    13.8155 0.0000e+00  -60.75600  -57.55050 1153798679 206.151397    34.6693 0.0000e+00
    508.000     2.0255   3.076689     2.0263   3.077044    4.42174    -0.0654    13.8155 0.0000e+00  -60.75600  -57.55050 1153798680 206.151409    34.6695 0.0000e+00
    509.000     2.0254   3.076715     2.0260   3.077070    4.42264    -0.0644    13.8155 0.0000e+00  -60.75600  -57.55050 1153798681 206.151426    34.6693 0.0000e+00
    510.000     2.0251   3.076740     2.0256   3.077083    4.42372    -0.0694    13.8155 0.0000e+00  -60.75600  -57.55050 1153798683 206.151444    34.6695 0.0000e+00
    511.000     2.0237   3.076693     2.0241   3.077028    4.42399    -0.0605    13.8155 0.0000e+00  -60.75600  -57.55050 1153798684 206.151457    34.6698 0.0000e+00
    512.000     2.0203   3.076485     2.0205   3.076820    4.42401    -0.0499    13.8155 0.0000e+00  -60.75600  -57.55050 1153798685 206.151467    34.6703 0.0000e+00
    513.000     2.0188   3.076410     2.0190   3.076733    4.42446    -0.0705    13.8155 0.0000e+00  -60.75600  -57.55050 1153798686 206.151478    34.6707 0.0000e+00
    514.000     2.0181   3.076399     2.0187   3.076748    4.42558    -0.0639    13.8155 0.0000e+00  -60.75600  -57.55050 1153798687 206.151498    34.6707 0.0000e+00
    515.000     2.0194   3.076530     2.0190   3.076826    4.43029    -0.0581    13.8155 0.0000e+00  -60.75600  -57.55050 1153798690 206.151526    34.6703 0.0000e+00
    516.000     2.0172   3.076427     2.0177   3.076790    4.43060    -0.0683    13.8155 0.0000e+00  -60.75600  -57.55050 1153798691 206.151539    34.6708 0.0000e+00
    517.000     2.0161   3.076377     2.0166   3.076748    4.42978    -0.0686    13.8155 0.0000e+00  -60.75600  -57.55050 1153798692 206.151548    34.6709 0.0000e+00
    518.000     2.0130   3.076165     2.0137   3.076550    4.43091    -0.0549    13.8155 0.0000e+00  -60.75600  -57.55050 1153798693 206.151557    34.6711 0.0000e+00
    519.000     2.0084   3.075807     2.0088   3.076186    4.43153    -0.0544    13.8155 0.0000e+00  -60.75600  -57.55050 1153798693 206.151564    34.6712 0.0000e+00
    520.000     2.0017   3.075292     2.0018   3.075638    4.43213    -0.0622    13.8155 0.0000e+00  -60.75600  -57.55050 1153798694 206.151574    34.6715 0.0000e+00
    521.000     1.9945   3.074734     1.9947   3.075078    4.42908    -0.0555    13.8155 0.0000e+00  -60.75600  -57.55050 1153798695 206.151590    34.6722 0.0000e+00
    522.000     1.9921   3.074569     1.9925   3.074924    4.42508    -0.0639    13.8155 0.0000e+00  -60.75600  -57.55050 1153798697 206.151604    34.6720 0.0000e+00
    523.000     1.9882   3.074248     1.9888   3.074653    4.42512    -0.0578    13.8155 0.0000e+00  -60.75600  -57.55050 1153798698 206.151616    34.6717 0.0000e+00
    524.000     1.9836   3.073896     1.9842   3.074253    4.42557    -0.0550    13.8155 0.0000e+00  -60.75600  -57.55050 1153798699 206.151633    34.6718 0.0000e+00
    525.000     1.9832   3.073929     1.9826   3.074181    4.42971    -0.0562    13.8155 0.0000e+00  -60.75600  -57.55050 1153798702 206.151663    34.6719 0.0000e+00
    526.000     1.9781   3.073521     1.9786   3.073895    4.43083    -0.0692    13.8155 0.0000e+00  -60.75600  -57.55050 1153798703 206.151676    34.6719 0.0000e+00
    527.000     1.9770   3.073471     1.9773   3.073826    4.43096    -0.0443    13.8155 0.0000e+00  -60.75600  -57.55050 1153798704 206.151686    34.6720 0.0000e+00
    528.000     1.9733   3.073202     1.9737   3.073580    4.43137    -0.0640    13.8155 0.0000e+00  -60.75600  -57.55050 1153798704 206.151694    34.6720 0.0000e+00
    529.000     1.9714   3.073101     1.9717   3.073471    4.43173    -0.0429    13.8155 0.0000e+00  -60.75600  -57.55050 1153798705 206.151701    34.6724 0.0000e+00
    530.000     1.9709   3.073112     1.9713   3.073468    4.43207    -0.0425    13.8155 0.0000e+00  -60.75600  -57.55050 1153798706 206.151710    34.6725 0.0000e+00
    531.000     1.9700   3.073082     1.9706   3.073455    4.43191    -0.0575    13.8155 0.0000e+00  -60.75600  -57.55050 1153798707 206.151725    34.6724 0.0000e+00
    532.000     1.9687   3.073063     1.9693   3.073427    4.42853    -0.0521    13.8155 0.0000e+00  -60.75600  -57.55050 1153798709 206.151744    34.6730 0.0000e+00
    533.000     1.9681   3.073068     1.9686   3.073418    4.42921    -0.0578    13.8155 0.0000e+00  -60.75600  -57.55050 1153798710 206.151758    34.6731 0.0000e+00
    534.000     1.9685   3.073174     1.9691   3.073531    4.43005    -0.0657    13.8155 0.0000e+00  -60.75600  -57.55050 1153798711 206.151774    34.6733 0.0000e+00
    535.000     1.9680   3.073205     1.9686   3.073568    4.43092    -0.0498    13.8155 0.0000e+00  -60.75600  -57.55050 1153798713 206.151792    34.6737 0.0000e+00
    536.000     1.9679   3.073265     1.9688   3.073639    4.43146    -0.0587    13.8155 0.0000e+00  -60.75600  -57.55050 1153798714 206.151806    34.6739 0.0000e+00
    537.000     1.9684   3.073314     1.9690   3.073673    4.43178    -0.0699    13.8155 0.0000e+00  -60.75600  -57.55050 1153798715 206.151819    34.6735 0.0000e+00
    538.000     1.9682   3.073370     1.9689   3.073728    4.43211    -0.0405    13.8155 0.0000e+00  -60.75600  -57.55050 1153798716 206.151829    34.6738 0.0000e+00
    539.000     1.9685   3.073431     1.9690   3.073784    4.43239    -0.0616    13.8155 0.0000e+00  -60.75600  -57.55050 1153798717 206.151841    34.6736 0.0000e+00
    540.000     1.9684   3.073477     1.9690   3.073842    4.43272    -0.0614    13.8155 0.0000e+00  -60.75600  -57.55050 1153798718 206.151856    34.6738 0.0000e+00
    541.000     1.9686   3.073551     1.9692   3.073910    4.43574    -0.0570    13.8155 0.0000e+00  -60.75600  -57.55050 1153798720 206.151876    34.6738 0.0000e+00
    542.000     1.9697   3.073732     1.9704   3.074107    4.43805    -0.0562    13.8155 0.0000e+00  -60.75600  -57.55050 1153798722 206.151893    34.6744 0.0000e+00
    543.000     1.9727   3.074105     1.9732   3.074453    4.43794    -0.0498    13.8155 0.0000e+00  -60.75600  -57.55050 1153798723 206.151906    34.6752 0.0000e+00
    544.000     1.9735   3.074232     1.9740   3.074585    4.43813    -0.0334    13.8155 0.0000e+00  -60.75600  -57.55050 1153798724 206.151917    34.6753 0.0000e+00
    545.000     1.9755   3.074495     1.9760   3.074831    4.43844    -0.0518    13.8155 0.0000e+00  -60.75600  -57.55050 1153798725 206.151927    34.6757 0.0000e+00
    546.000     1.9784   3.074849     1.9795   3.075237    4.43964    -0.0512    13.8155 0.0000e+00  -60.75600  -57.55050 1153798726 206.151938    34.6764 0.0000e+00
    547.000     1.9866   3.075788     1.9875   3.076163    4.44115    -0.0593    13.8155 0.0000e+00  -60.75600  -57.55050 1153798727 206.151954    34.6784 0.0000e+00
    548.000     1.9860   3.075809     1.9861   3.076133    4.44313    -0.0620    13.8155 0.0000e+00  -60.75600  -57.55050 1153798729 206.151974    34.6788 0.0000e+00
    549.000     1.9793   3.075296     1.9793   3.075621    4.44350    -0.0660    13.8155 0.0000e+00  -60.75600  -57.55050 1153798730 206.151992    34.6794 0.0000e+00
    550.000     1.9745   3.074939     1.9748   3.075289    4.44406    -0.0726    13.8155 0.0000e+00  -60.75600  -57.55050 1153798731 206.152004    34.6798 0.0000e+00
    551.000     1.9684   3.074414     1.9681   3.074738    4.44528    -0.0543    13.8155 0.0000e+00  -60.75600  -57.55050 1153798732 206.152016    34.6795 0.0000e+00
    552.000     1.9673   3.074378     1.9682   3.074773    4.44623    -0.0587    13.8155 0.0000e+00  -60.75600  -57.55050 1153798734 206.152030    34.6797 0.0000e+00
    553.000     1.9695   3.074632     1.9703   3.074998    4.44682    -0.0495    13.8155 0.0000e+00  -60.75600  -57.55050 1153798735 206.152045    34.6797 0.0000e+00
    554.000     1.9674   3.074478     1.9684   3.074889    4.44666    -0.0480    13.8155 0.0000e+00  -60.75600  -57.55050 1153798736 206.152058    34.6796 0.0000e+00
    555.000     1.9633   3.074135     1.9646   3.074589    4.44602    -0.0681    13.8155 0.0000e+00  -60.75600  -57.55050 1153798737 206.152070    34.6793 0.0000e+00
    556.000     1.9624   3.074111     1.9630   3.074470    4.44388    -0.0718    13.8155 0.0000e+00  -60.75600  -57.55050 1153798738 206.152082    34.6795 0.0000e+00
    557.000     1.9579   3.073754     1.9577   3.074066    4.44395    -0.0628    13.8155 0.0000e+00  -60.75600  -57.55050 1153798739 206.152093    34.6794 0.0000e+00
    558.000     1.9561   3.073629     1.9566   3.073986    4.44500    -0.0542    13.8155 0.0000e+00  -60.75600  -57.55050 1153798740 206.152108    34.6793 0.0000e+00
    559.000     1.9576   3.073829     1.9588   3.074244    4.44733    -0.0488    13.8155 0.0000e+00  -60.75600  -57.55050 1153798743 206.152137    34.6794 0.0000e+00
    560.000     1.9565   3.073769     1.9561   3.074060    4.44786    -0.0583    13.8155 0.0000e+00  -60.75600  -57.55050 1153798744 206.152156    34.6792 0.0000e+00
    561.000     1.9554   3.073723     1.9557   3.074074    4.44799    -0.0509    13.8155 0.0000e+00  -60.75600  -57.55050 1153798745 206.152165    34.6794 0.0000e+00
    562.000     1.9529   3.073566     1.9538   3.073982    4.44820    -0.0570    13.8155 0.0000e+00  -60.75600  -57.55050 1153798746 206.152174    34.6796 0.0000e+00
    563.000     1.9526   3.073591     1.9534   3.073978    4.44878    -0.0522    13.8155 0.0000e+00  -60.75600  -57.55050 1153798747 206.152182    34.6797 0.0000e+00
    564.000     1.9529   3.073659     1.9536   3.074031    4.44767    -0.0535    13.8155 0.0000e+00  -60.75600  -57.55050 1153798748 206.152195    34.6796 0.0000e+00
    565.000     1.9527   3.073691     1.9526   3.074002    4.44814    -0.0601    13.8155 0.0000e+00  -60.75600  -57.55050 1153798750 206.152216    34.6796 0.0000e+00
    566.000     1.9484   3.073403     1.9487   3.073771    4.44959    -0.0723    13.8155 0.0000e+00  -60.75600  -57.55050 1153798751 206.152230    34.6802 0.0000e+00
    567.000     1.9445   3.073191     1.9453   3.073570    4.44970    -0.0561    13.8155 0.0000e+00  -60.75600  -57.55050 1153798752 206.152241    34.6814 0.0000e+00
    568.000     1.9445   3.073231     1.9450   3.073605    4.44984    -0.0411    13.8155 0.0000e+00  -60.75600  -57.55050 1153798753 206.152251    34.6812 0.0000e+00
    569.000     1.9445   3.073267     1.9450   3.073636    4.45108    -0.0540    13.8155 0.0000e+00  -60.75600  -57.55050 1153798754 206.152264    34.6812 0.0000e+00
    570.000     1.9443   3.073306     1.9447   3.073671    4.45241    -0.0591    13.8155 0.0000e+00  -60.75600  -57.55050 1153798756 206.152284    34.6812 0.0000e+00
    571.000     1.9440   3.073358     1.9446   3.073728    4.45361    -0.0599    13.8155 0.0000e+00  -60.75600  -57.55050 1153798757 206.152298    34.6817 0.0000e+00
    572.000     1.9440   3.073424     1.9445   3.073791    4.45317    -0.0590    13.8155 0.0000e+00  -60.75600  -57.55050 1153798758 206.152308    34.6819 0.0000e+00
    573.000     1.9442   3.073490     1.9445   3.073846    4.45495    -0.0654    13.8155 0.0000e+00  -60.75600  -57.55050 1153798758 206.152318    34.6820 0.0000e+00
    574.000     1.9441   3.073520     1.9446   3.073881    4.45668    -0.0578    13.8155 0.0000e+00  -60.75600  -57.55050 1153798761 206.152349    34.6819 0.0000e+00
    575.000     1.9441   3.073587     1.9447   3.073951    4.45767    -0.0653    13.8155 0.0000e+00  -60.75600  -57.55050 1153798763 206.152374    34.6821 0.0000e+00
    576.000     1.9453   3.073765     1.9458   3.074121    4.45665    -0.0579    13.8155 0.0000e+00  -60.75600  -57.55050 1153798764 206.152382    34.6824 0.0000e+00
    577.000     1.9461   3.073873     1.9465   3.074238    4.45439    -0.0674    13.8155 0.0000e+00  -60.75600  -57.55050 1153798765 206.152390    34.6823 0.0000e+00
    578.000     1.9468   3.073980     1.9469   3.074332    4.45457    -0.0626    13.8155 0.0000e+00  -60.75600  -57.55050 1153798765 206.152397    34.6823 0.0000e+00
    579.000     1.9480   3.074139     1.9472   3.074439    4.45615    -0.0491    13.8155 0.0000e+00  -60.75600  -57.55050 1153798766 206.152404    34.6824 0.0000e+00
    580.000     1.9480   3.074182     1.9478   3.074533    4.45561    -0.0361    13.8155 0.0000e+00  -60.75600  -57.55050 1153798766 206.152411    34.6823 0.0000e+00
    581.000     1.9478   3.074241     1.9483   3.074619    4.45565    -0.0505    13.8155 0.0000e+00  -60.75600  -57.55050 1153798767 206.152422    34.6828 0.0000e+00
    582.000     1.9483   3.074391     1.9489   3.074756    4.45558    -0.0541    13.8155 0.0000e+00  -60.75600  -57.55050 1153798769 206.152443    34.6835 0.0000e+00
    583.000     1.9488   3.074487     1.9494   3.074851    4.45598    -0.0637    13.8155 0.0000e+00  -60.75600  -57.55050 1153798771 206.152463    34.6836 0.0000e+00
    584.000     1.9488   3.074541     1.9493   3.074895    4.45870    -0.0597    13.8155 0.0000e+00  -60.75600  -57.55050 1153798773 206.152484    34.6837 0.0000e+00
    585.000     1.9483   3.074568     1.9490   3.074940    4.46376    -0.0556    13.8155 0.0000e+00  -60.75600  -57.55050 1153798775 206.152508    34.6840 0.0000e+00
    586.000     1.9475   3.074594     1.9481   3.074960    4.46359    -0.0612    13.8155 0.0000e+00  -60.75600  -57.55050 1153798776 206.152521    34.6848 0.0000e+00
    587.000     1.9476   3.074638     1.9480   3.075007    4.46208    -0.0491    13.8155 0.0000e+00  -60.75600  -57.55050 1153798777 206.152530    34.6847 0.0000e+00
    588.000     1.9478   3.074694     1.9478   3.075052    4.46281    -0.0558    13.8155 0.0000e+00  -60.75600  -57.55050 1153798777 206.152538    34.6846 0.0000e+00
    589.000     1.9475   3.074752     1.9477   3.075116    4.46307    -0.0602    13.8155 0.0000e+00  -60.75600  -57.55050 1153798778 206.152545    34.6851 0.0000e+00
    590.000     1.9472   3.074807     1.9476   3.075159    4.46518    -0.0536    13.8155 0.0000e+00  -60.75600  -57.55050 1153798779 206.152554    34.6855 0.0000e+00
    591.000     1.9469   3.074843     1.9473   3.075204    4.46633    -0.0530    13.8155 0.0000e+00  -60.75600  -57.55050 1153798780 206.152567    34.6858 0.0000e+00
