product_data/regression_test/downloaded_data/MGDS/320620060703/ctd/adapted/heads_insert_p6617601.cnv
* Sea-Bird SBE 9 Data File:
* FileName = D:\Data\Raw\p6617601.dat
* Software Version Seasave Win32 V 5.32
* Temperature SN = 1649
* Conductivity SN = 1431
* Number of Bytes Per Scan = 37
* Number of Voltage Words = 5
* Number of Scans Averaged by the Deck Unit = 1
* NMEA Latitude = 60 36.97 S
* NMEA Longitude = 054 43.19 W
* NMEA UTC (Time) = 04:16:14
** Ship:   Nathaniel B. Palmer 
** Cruise:    NBP0606 
# nquan = 15
# nvalues = 2993                        
# units = specified
# name 0 = prDM: Pressure, Digiquartz [db]
# name 1 = t090C: Temperature [ITS-90, deg C]
# name 2 = c0S/m: Conductivity [S/m]
# name 3 = t190C: Temperature, 2 [ITS-90, deg C]
# name 4 = c1S/m: Conductivity, 2 [S/m]
# name 5 = sbeox0ML/L: Oxygen, SBE 43 [ml/l]
# name 6 = flECO-AFL: Fluorescence, Wetlab ECO-AFL/FL [mg/m^3]
# name 7 = bat: Beam Attenuation, Chelsea/Seatech/Wetlab CStar [1/m]
# name 8 = spar: SPAR/Surface Irradiance
# name 9 = latitude: Latitude [deg]
# name 10 = longitude: Longitude [deg]
# name 11 = timeY: Time, System [seconds]
# name 12 = timeJ: Julian Days
# name 13 = sal00: Salinity [PSU]
# name 14 = flag: flag
# span 0 =     12.000,   3004.000       
# span 1 =    -0.6092,     1.7623       
# span 2 =   2.790440,   3.036585       
# span 3 =    -0.6096,     1.7632       
# span 4 =   2.791030,   3.036777       
# span 5 =    1.57336,    7.60176       
# span 6 =    -0.1335,     0.3503       
# span 7 =    13.8155,    13.8155       
# span 8 = 0.0000e+00, 0.0000e+00       
# span 9 =  -60.61617,  -60.61617       
# span 10 =  -54.71983,  -54.71983      
# span 11 = 1153455387, 1153459567      
# span 12 = 202.178108, 202.226488      
# span 13 =    34.1661,    34.7195      
# span 14 = 0.0000e+00, 0.0000e+00      
# interval = decibars: 1                
# start_time = Jul 21 2006 04:16:22
# bad_flag = -9.990e-29
*END*
[from data line 290]
    301.000     1.2731   2.995036     1.2790   2.995499    4.97109    -0.0526    13.8155 0.0000e+00  -60.61617  -54.71983 1153455933 202.184425    34.5802 0.0000e+00
    302.000     1.3244   2.999890     1.3263   3.000132    4.95681    -0.0516    13.8155 0.0000e+00  -60.61617  -54.71983 1153455933 202.184433    34.5824 0.0000e+00
    303.000     1.3337   3.000761     1.3347   3.001028    4.94505    -0.0576    13.8155 0.0000e+00  -60.61617  -54.71983 1153455934 202.184442    34.5826 0.0000e+00
    304.000     1.3517   3.002578     1.3521   3.002790    4.93369    -0.0485    13.8155 0.0000e+00  -60.61617  -54.71983 1153455935 202.184453    34.5851 0.0000e+00
    305.000     1.3550   3.002934     1.3556   3.003179    4.91718    -0.0548    13.8155 0.0000e+00  -60.61617  -54.71983 1153455937 202.184475    34.5858 0.0000e+00
    306.000     1.3560   3.003078     1.3569   3.003359    4.91047    -0.0586    13.8155 0.0000e+00  -60.61617  -54.71983 1153455939 202.184495    34.5865 0.0000e+00
    307.000     1.3540   3.002899     1.3547   3.003202    4.90815    -0.0589    13.8155 0.0000e+00  -60.61617  -54.71983 1153455940 202.184508    34.5862 0.0000e+00
    308.000     1.3510   3.002644     1.3522   3.003006    4.90735    -0.0581    13.8155 0.0000e+00  -60.61617  -54.71983 1153455941 202.184518    34.5859 0.0000e+00
    309.000     1.3450   3.002120     1.3461   3.002472    4.90771    -0.0671    13.8155 0.0000e+00  -60.61617  -54.71983 1153455942 202.184530    34.5858 0.0000e+00
    310.000     1.3417   3.001836     1.3354   3.001490    4.90921    -0.0488    13.8155 0.0000e+00  -60.61617  -54.71983 1153455944 202.184554    34.5856 0.0000e+00
    311.000     1.3269   3.000470     1.3286   3.000906    4.91187    -0.0541    13.8155 0.0000e+00  -60.61617  -54.71983 1153455946 202.184576    34.5843 0.0000e+00
    312.000     1.3229   3.000180     1.3249   3.000596    4.91255    -0.0489    13.8155 0.0000e+00  -60.61617  -54.71983 1153455947 202.184588    34.5848 0.0000e+00
    313.000     1.3264   3.000588     1.3316   3.001348    4.91053    -0.0603    13.8155 0.0000e+00  -60.61617  -54.71983 1153455948 202.184599    34.5859 0.0000e+00
    314.000     1.3474   3.002680     1.3499   3.003083    4.90790    -0.0616    13.8155 0.0000e+00  -60.61617  -54.71983 1153455949 202.184611    34.5879 0.0000e+00
    315.000     1.3540   3.003334     1.3550   3.003644    4.90407    -0.0584    13.8155 0.0000e+00  -60.61617  -54.71983 1153455950 202.184622    34.5880 0.0000e+00
    316.000     1.3553   3.003498     1.3562   3.003806    4.90198    -0.0594    13.8155 0.0000e+00  -60.61617  -54.71983 1153455951 202.184633    34.5882 0.0000e+00
    317.000     1.3622   3.004265     1.3635   3.004563    4.89689    -0.0560    13.8155 0.0000e+00  -60.61617  -54.71983 1153455952 202.184645    34.5899 0.0000e+00
    318.000     1.3656   3.004623     1.3666   3.004926    4.89094    -0.0582    13.8155 0.0000e+00  -60.61617  -54.71983 1153455953 202.184660    34.5900 0.0000e+00
    319.000     1.3621   3.004308     1.3619   3.004563    4.88927    -0.0474    13.8155 0.0000e+00  -60.61617  -54.71983 1153455955 202.184678    34.5895 0.0000e+00
    320.000     1.3544   3.003633     1.3539   3.003824    4.88720    -0.0581    13.8155 0.0000e+00  -60.61617  -54.71983 1153455956 202.184699    34.5892 0.0000e+00
    321.000     1.3633   3.004557     1.3642   3.004837    4.88451    -0.0518    13.8155 0.0000e+00  -60.61617  -54.71983 1153455958 202.184722    34.5904 0.0000e+00
    322.000     1.3688   3.005130     1.3698   3.005440    4.88105    -0.0662    13.8155 0.0000e+00  -60.61617  -54.71983 1153455960 202.184738    34.5910 0.0000e+00
    323.000     1.3850   3.006881     1.3876   3.007218    4.87371    -0.0531    13.8155 0.0000e+00  -60.61617  -54.71983 1153455961 202.184750    34.5948 0.0000e+00
    324.000     1.4082   3.009166     1.4101   3.009456    4.86765    -0.0497    13.8155 0.0000e+00  -60.61617  -54.71983 1153455961 202.184759    34.5971 0.0000e+00
    325.000     1.4208   3.010410     1.4220   3.010712    4.86126    -0.0654    13.8155 0.0000e+00  -60.61617  -54.71983 1153455962 202.184768    34.5979 0.0000e+00
    326.000     1.4250   3.010901     1.4261   3.011180    4.85590    -0.0479    13.8155 0.0000e+00  -60.61617  -54.71983 1153455963 202.184777    34.5991 0.0000e+00
    327.000     1.4261   3.011116     1.4267   3.011426    4.85129    -0.0532    13.8155 0.0000e+00  -60.61617  -54.71983 1153455964 202.184786    34.6000 0.0000e+00
    328.000     1.4164   3.010326     1.4168   3.010611    4.84922    -0.0624    13.8155 0.0000e+00  -60.61617  -54.71983 1153455965 202.184797    34.6006 0.0000e+00
    329.000     1.4047   3.009273     1.4066   3.009691    4.84855    -0.0533    13.8155 0.0000e+00  -60.61617  -54.71983 1153455966 202.184813    34.6000 0.0000e+00
    330.000     1.4126   3.009980     1.4130   3.010221    4.85532    -0.0554    13.8155 0.0000e+00  -60.61617  -54.71983 1153455969 202.184845    34.5998 0.0000e+00
    331.000     1.4007   3.008934     1.3979   3.009005    4.87443    -0.0485    13.8155 0.0000e+00  -60.61617  -54.71983 1153455971 202.184873    34.5993 0.0000e+00
    332.000     1.3928   3.008294     1.3938   3.008639    4.88185    -0.0588    13.8155 0.0000e+00  -60.61617  -54.71983 1153455972 202.184886    34.5998 0.0000e+00
    333.000     1.3916   3.008198     1.3929   3.008610    4.89894    -0.0525    13.8155 0.0000e+00  -60.61617  -54.71983 1153455973 202.184896    34.5991 0.0000e+00
    334.000     1.3679   3.005908     1.3674   3.006325    4.91672    -0.0641    13.8155 0.0000e+00  -60.61617  -54.71983 1153455974 202.184905    34.5954 0.0000e+00
    335.000     1.2699   2.996508     1.2752   2.997871    4.92992    -0.0689    13.8155 0.0000e+00  -60.61617  -54.71983 1153455975 202.184912    34.5875 0.0000e+00
    336.000     1.2470   2.994780     1.2480   2.995312    4.94247    -0.0652    13.8155 0.0000e+00  -60.61617  -54.71983 1153455975 202.184920    34.5897 0.0000e+00
    337.000     1.2474   2.994954     1.2517   2.995618    4.95072    -0.0597    13.8155 0.0000e+00  -60.61617  -54.71983 1153455976 202.184927    34.5911 0.0000e+00
    338.000     1.2484   2.995015     1.2498   2.995495    4.96144    -0.0525    13.8155 0.0000e+00  -60.61617  -54.71983 1153455977 202.184936    34.5894 0.0000e+00
    339.000     1.2557   2.995772     1.2515   2.995705    4.97944    -0.0543    13.8155 0.0000e+00  -60.61617  -54.71983 1153455980 202.184969    34.5892 0.0000e+00
    340.000     1.2855   2.998711     1.2677   2.997305    4.99648    -0.0583    13.8155 0.0000e+00  -60.61617  -54.71983 1153455982 202.184998    34.5916 0.0000e+00
    341.000     1.2209   2.992550     1.2068   2.991858    5.01274    -0.0519    13.8155 0.0000e+00  -60.61617  -54.71983 1153455983 202.185011    34.5860 0.0000e+00
    342.000     1.1988   2.990732     1.1977   2.990955    5.02258    -0.0649    13.8155 0.0000e+00  -60.61617  -54.71983 1153455984 202.185022    34.5864 0.0000e+00
    343.000     1.2031   2.991208     1.2031   2.991472    5.03079    -0.0581    13.8155 0.0000e+00  -60.61617  -54.71983 1153455985 202.185032    34.5869 0.0000e+00
    344.000     1.2030   2.991192     1.2040   2.991613    5.04060    -0.0578    13.8155 0.0000e+00  -60.61617  -54.71983 1153455986 202.185042    34.5858 0.0000e+00
    345.000     1.1811   2.989188     1.1818   2.989686    5.04946    -0.0543    13.8155 0.0000e+00  -60.61617  -54.71983 1153455987 202.185052    34.5839 0.0000e+00
    346.000     1.1616   2.987487     1.1624   2.987926    5.06670    -0.0577    13.8155 0.0000e+00  -60.61617  -54.71983 1153455988 202.185064    34.5834 0.0000e+00
    347.000     1.1556   2.987003     1.1564   2.987414    5.08165    -0.0580    13.8155 0.0000e+00  -60.61617  -54.71983 1153455989 202.185081    34.5831 0.0000e+00
    348.000     1.1522   2.986751     1.1514   2.987008    5.09647    -0.0571    13.8155 0.0000e+00  -60.61617  -54.71983 1153455991 202.185097    34.5827 0.0000e+00
    349.000     1.1379   2.985523     1.1273   2.984959    5.11357    -0.0486    13.8155 0.0000e+00  -60.61617  -54.71983 1153455992 202.185111    34.5811 0.0000e+00
    350.000     1.0850   2.980655     1.0843   2.980996    5.13168    -0.0775    13.8155 0.0000e+00  -60.61617  -54.71983 1153455993 202.185125    34.5790 0.0000e+00
    351.000     1.0721   2.979541     1.0725   2.979912    5.15216    -0.0565    13.8155 0.0000e+00  -60.61617  -54.71983 1153455995 202.185143    34.5784 0.0000e+00
    352.000     1.0733   2.979662     1.0762   2.980305    5.16206    -0.0550    13.8155 0.0000e+00  -60.61617  -54.71983 1153455996 202.185161    34.5772 0.0000e+00
    353.000     1.0456   2.977022     1.0370   2.976804    5.18467    -0.0629    13.8155 0.0000e+00  -60.61617  -54.71983 1153455998 202.185177    34.5730 0.0000e+00
    354.000     0.9702   2.970162     0.9738   2.970968    5.20680    -0.0564    13.8155 0.0000e+00  -60.61617  -54.71983 1153455999 202.185193    34.5697 0.0000e+00
    355.000     0.9760   2.971033     0.9809   2.971665    5.21916    -0.0589    13.8155 0.0000e+00  -60.61617  -54.71983 1153456000 202.185207    34.5742 0.0000e+00
    356.000     1.0236   2.975572     1.0208   2.975576    5.22569    -0.0534    13.8155 0.0000e+00  -60.61617  -54.71983 1153456001 202.185219    34.5766 0.0000e+00
    357.000     1.0354   2.976833     1.0367   2.977215    5.22735    -0.0575    13.8155 0.0000e+00  -60.61617  -54.71983 1153456002 202.185230    34.5786 0.0000e+00
    358.000     1.0371   2.977088     1.0393   2.977564    5.23028    -0.0528    13.8155 0.0000e+00  -60.61617  -54.71983 1153456003 202.185241    34.5791 0.0000e+00
    359.000     1.0314   2.976607     1.0302   2.976865    5.24214    -0.0517    13.8155 0.0000e+00  -60.61617  -54.71983 1153456004 202.185251    34.5786 0.0000e+00
    360.000     1.0026   2.973961     1.0041   2.974579    5.25406    -0.0559    13.8155 0.0000e+00  -60.61617  -54.71983 1153456005 202.185264    34.5761 0.0000e+00
    361.000     0.9557   2.969679     0.9491   2.969483    5.28226    -0.0623    13.8155 0.0000e+00  -60.61617  -54.71983 1153456007 202.185287    34.5735 0.0000e+00
    362.000     0.9027   2.964828     0.9027   2.965292    5.32391    -0.0552    13.8155 0.0000e+00  -60.61617  -54.71983 1153456009 202.185313    34.5699 0.0000e+00
    363.000     0.8368   2.958663     0.8354   2.959277    5.35346    -0.0542    13.8155 0.0000e+00  -60.61617  -54.71983 1153456011 202.185327    34.5651 0.0000e+00
    364.000     0.8215   2.957628     0.8228   2.958015    5.36343    -0.0423    13.8155 0.0000e+00  -60.61617  -54.71983 1153456011 202.185337    34.5681 0.0000e+00
    365.000     0.8325   2.958674     0.8404   2.959772    5.36813    -0.0578    13.8155 0.0000e+00  -60.61617  -54.71983 1153456012 202.185346    34.5677 0.0000e+00
    366.000     0.8422   2.959627     0.8440   2.960146    5.37122    -0.0522    13.8155 0.0000e+00  -60.61617  -54.71983 1153456013 202.185354    34.5679 0.0000e+00
    367.000     0.8473   2.960174     0.8444   2.960286    5.37933    -0.0611    13.8155 0.0000e+00  -60.61617  -54.71983 1153456014 202.185364    34.5681 0.0000e+00
    368.000     0.8379   2.959362     0.8311   2.959118    5.39907    -0.0518    13.8155 0.0000e+00  -60.61617  -54.71983 1153456015 202.185383    34.5674 0.0000e+00
    369.000     0.8280   2.958362     0.8216   2.958299    5.43819    -0.0585    13.8155 0.0000e+00  -60.61617  -54.71983 1153456018 202.185413    34.5634 0.0000e+00
    370.000     0.7123   2.947580     0.7211   2.949184    5.46236    -0.0583    13.8155 0.0000e+00  -60.61617  -54.71983 1153456019 202.185426    34.5546 0.0000e+00
    371.000     0.6782   2.944718     0.6837   2.945632    5.48760    -0.0684    13.8155 0.0000e+00  -60.61617  -54.71983 1153456020 202.185438    34.5566 0.0000e+00
    372.000     0.6662   2.943363     0.6641   2.943949    5.51041    -0.0479    13.8155 0.0000e+00  -60.61617  -54.71983 1153456021 202.185448    34.5499 0.0000e+00
    373.000     0.5883   2.936382     0.5838   2.936578    5.52795    -0.0568    13.8155 0.0000e+00  -60.61617  -54.71983 1153456022 202.185458    34.5482 0.0000e+00
    374.000     0.5845   2.936216     0.5902   2.937124    5.54340    -0.0498    13.8155 0.0000e+00  -60.61617  -54.71983 1153456023 202.185467    34.5496 0.0000e+00
    375.000     0.5955   2.937271     0.5951   2.937637    5.55080    -0.0673    13.8155 0.0000e+00  -60.61617  -54.71983 1153456023 202.185476    34.5492 0.0000e+00
    376.000     0.6014   2.937961     0.6000   2.938166    5.55621    -0.0610    13.8155 0.0000e+00  -60.61617  -54.71983 1153456024 202.185486    34.5505 0.0000e+00
    377.000     0.6075   2.938572     0.6113   2.939244    5.57143    -0.0540    13.8155 0.0000e+00  -60.61617  -54.71983 1153456027 202.185518    34.5493 0.0000e+00
    378.000     0.6098   2.938928     0.6100   2.939236    5.58166    -0.0492    13.8155 0.0000e+00  -60.61617  -54.71983 1153456030 202.185549    34.5495 0.0000e+00
    379.000     0.6200   2.939753     0.6191   2.940138    5.58010    -0.0592    13.8155 0.0000e+00  -60.61617  -54.71983 1153456030 202.185557    34.5491 0.0000e+00
    380.000     0.6151   2.939512     0.6159   2.939957    5.57975    -0.0494    13.8155 0.0000e+00  -60.61617  -54.71983 1153456031 202.185565    34.5495 0.0000e+00
    381.000     0.6137   2.939498     0.6140   2.939917    5.58209    -0.0539    13.8155 0.0000e+00  -60.61617  -54.71983 1153456032 202.185572    34.5502 0.0000e+00
    382.000     0.6121   2.939436     0.6124   2.939830    5.58769    -0.0645    13.8155 0.0000e+00  -60.61617  -54.71983 1153456033 202.185583    34.5505 0.0000e+00
    383.000     0.6074   2.939057     0.6067   2.939392    5.59674    -0.0557    13.8155 0.0000e+00  -60.61617  -54.71983 1153456035 202.185608    34.5498 0.0000e+00
    384.000     0.5879   2.937247     0.5835   2.937332    5.62009    -0.0571    13.8155 0.0000e+00  -60.61617  -54.71983 1153456036 202.185621    34.5478 0.0000e+00
    385.000     0.5575   2.934391     0.5531   2.934651    5.63572    -0.0562    13.8155 0.0000e+00  -60.61617  -54.71983 1153456037 202.185630    34.5440 0.0000e+00
    386.000     0.5102   2.930236     0.5099   2.930702    5.63288    -0.0523    13.8155 0.0000e+00  -60.61617  -54.71983 1153456037 202.185639    34.5442 0.0000e+00
    387.000     0.5037   2.929720     0.5048   2.930250    5.64007    -0.0678    13.8155 0.0000e+00  -60.61617  -54.71983 1153456038 202.185648    34.5440 0.0000e+00
    388.000     0.4714   2.926749     0.4524   2.925539    5.66721    -0.0535    13.8155 0.0000e+00  -60.61617  -54.71983 1153456039 202.185662    34.5406 0.0000e+00
    389.000     0.4615   2.926005     0.4546   2.925633    5.72533    -0.0622    13.8155 0.0000e+00  -60.61617  -54.71983 1153456043 202.185698    34.5407 0.0000e+00
    390.000     0.4058   2.920528     0.4010   2.921196    5.76648    -0.0498    13.8155 0.0000e+00  -60.61617  -54.71983 1153456045 202.185724    34.5284 0.0000e+00
    391.000     0.2512   2.906756     0.2506   2.907389    5.79637    -0.0603    13.8155 0.0000e+00  -60.61617  -54.71983 1153456046 202.185734    34.5280 0.0000e+00
    392.000     0.2480   2.906578     0.2479   2.907040    5.81845    -0.0604    13.8155 0.0000e+00  -60.61617  -54.71983 1153456046 202.185743    34.5282 0.0000e+00
    393.000     0.2476   2.906555     0.2480   2.907085    5.83583    -0.0561    13.8155 0.0000e+00  -60.61617  -54.71983 1153456047 202.185750    34.5272 0.0000e+00
    394.000     0.2475   2.906562     0.2479   2.907103    5.84991    -0.0572    13.8155 0.0000e+00  -60.61617  -54.71983 1153456048 202.185758    34.5260 0.0000e+00
    395.000     0.2391   2.905866     0.2389   2.906365    5.86093    -0.0600    13.8155 0.0000e+00  -60.61617  -54.71983 1153456048 202.185765    34.5252 0.0000e+00
