product_data/regression_test/downloaded_data/MGDS/320620060703/ctd/adapted/heads_insert_p6609310.cnv
* Sea-Bird SBE 9 Data File:
* FileName = D:\Data\Raw\p6609310.dat
* Software Version Seasave Win32 V 5.32
* Temperature SN = 1649
* Conductivity SN = 1431
* Number of Bytes Per Scan = 37
* Number of Voltage Words = 5
* Number of Scans Averaged by the Deck Unit = 1
* NMEA Latitude = 61 07.49 S
* NMEA Longitude = 058 05.61 W
* NMEA UTC (Time) = 09:04:34
** Ship:   Nathaniel B. Palmer nbp
** Cruise:    NBP0606 nbp0606
# nquan = 15
# nvalues = 1990                        
# units = specified
# name 0 = prDM: Pressure, Digiquartz [db]
# name 1 = t090C: Temperature [ITS-90, deg C]
# name 2 = c0S/m: Conductivity [S/m]
# name 3 = t190C: Temperature, 2 [ITS-90, deg C]
# name 4 = c1S/m: Conductivity, 2 [S/m]
# name 5 = sbeox0ML/L: Oxygen, SBE 43 [ml/l]
# name 6 = flECO-AFL: Fluorescence, Wetlab ECO-AFL/FL [mg/m^3]
# name 7 = bat: Beam Attenuation, Chelsea/Seatech/Wetlab CStar [1/m]
# name 8 = spar: SPAR/Surface Irradiance
# name 9 = latitude: Latitude [deg]
# name 10 = longitude: Longitude [deg]
# name 11 = timeY: Time, System [seconds]
# name 12 = timeJ: Julian Days
# name 13 = sal00: Salinity [PSU]
# name 14 = flag: flag
# span 0 =     14.000,   2003.000       
# span 1 =    -0.8193,     1.9573       
# span 2 =   2.716876,   3.067314       
# span 3 =    -0.8204,     1.9583       
# span 4 =   2.719287,   3.067611       
# span 5 =    1.43101,    8.02535       
# span 6 =    -0.1311,     0.2787       
# span 7 =    13.8155,    13.8155       
# span 8 = -2.200e-01, 1.6554e+00       
# span 9 =  -61.12483,  -61.12483       
# span 10 =  -58.09350,  -58.09350      
# span 11 = 1152608670, 1152611596      
# span 12 = 192.378132, 192.412008      
# span 13 =    33.4820,    34.7279      
# span 14 = 0.0000e+00, 0.0000e+00      
# interval = decibars: 1                
# start_time = Jul 11 2006 09:04:41
# bad_flag = -9.990e-29
*END*
[from data line 675]
    688.000     1.7392   3.064104     1.7398   3.064400    4.62947    -0.0887    13.8155 0.0000e+00  -61.12483  -58.09350 1152609674 192.389764    34.7241 0.0000e+00
    689.000     1.7382   3.064061     1.7388   3.064365    4.62853    -0.0937    13.8155 0.0000e+00  -61.12483  -58.09350 1152609675 192.389775    34.7241 0.0000e+00
    690.000     1.7381   3.064096     1.7388   3.064404    4.62833    -0.0758    13.8155 0.0000e+00  -61.12483  -58.09350 1152609676 192.389786    34.7242 0.0000e+00
    691.000     1.7377   3.064113     1.7384   3.064416    4.62745    -0.0808    13.8155 0.0000e+00  -61.12483  -58.09350 1152609677 192.389796    34.7242 0.0000e+00
    692.000     1.7376   3.064151     1.7383   3.064452    4.62701    -0.0859    13.8155 0.0000e+00  -61.12483  -58.09350 1152609677 192.389807    34.7242 0.0000e+00
    693.000     1.7377   3.064193     1.7386   3.064505    4.62712    -0.0880    13.8155 0.0000e+00  -61.12483  -58.09350 1152609679 192.389821    34.7241 0.0000e+00
    694.000     1.7375   3.064216     1.7382   3.064523    4.62996    -0.0925    13.8155 0.0000e+00  -61.12483  -58.09350 1152609681 192.389850    34.7240 0.0000e+00
    695.000     1.7378   3.064288     1.7385   3.064590    4.63308    -0.0816    13.8155 0.0000e+00  -61.12483  -58.09350 1152609684 192.389879    34.7240 0.0000e+00
    696.000     1.7366   3.064251     1.7373   3.064552    4.63439    -0.0835    13.8155 0.0000e+00  -61.12483  -58.09350 1152609685 192.389895    34.7243 0.0000e+00
    697.000     1.7362   3.064247     1.7369   3.064550    4.63529    -0.0931    13.8155 0.0000e+00  -61.12483  -58.09350 1152609686 192.389907    34.7241 0.0000e+00
    698.000     1.7349   3.064193     1.7358   3.064514    4.63595    -0.0771    13.8155 0.0000e+00  -61.12483  -58.09350 1152609687 192.389918    34.7244 0.0000e+00
    699.000     1.7330   3.064073     1.7335   3.064377    4.63661    -0.1037    13.8155 0.0000e+00  -61.12483  -58.09350 1152609688 192.389928    34.7244 0.0000e+00
    700.000     1.7309   3.063950     1.7315   3.064264    4.63726    -0.0861    13.8155 0.0000e+00  -61.12483  -58.09350 1152609689 192.389938    34.7247 0.0000e+00
    701.000     1.7292   3.063861     1.7299   3.064173    4.63763    -0.0794    13.8155 0.0000e+00  -61.12483  -58.09350 1152609690 192.389947    34.7248 0.0000e+00
    702.000     1.7285   3.063839     1.7290   3.064146    4.63864    -0.0806    13.8155 0.0000e+00  -61.12483  -58.09350 1152609690 192.389956    34.7248 0.0000e+00
    703.000     1.7278   3.063829     1.7286   3.064158    4.63989    -0.0898    13.8155 0.0000e+00  -61.12483  -58.09350 1152609691 192.389967    34.7249 0.0000e+00
    704.000     1.7274   3.063843     1.7281   3.064147    4.63823    -0.0862    13.8155 0.0000e+00  -61.12483  -58.09350 1152609694 192.389994    34.7249 0.0000e+00
    705.000     1.7287   3.063993     1.7292   3.064272    4.64054    -0.0719    13.8155 0.0000e+00  -61.12483  -58.09350 1152609697 192.390029    34.7247 0.0000e+00
    706.000     1.7262   3.063831     1.7269   3.064136    4.64147    -0.0799    13.8155 0.0000e+00  -61.12483  -58.09350 1152609698 192.390045    34.7249 0.0000e+00
    707.000     1.7251   3.063781     1.7258   3.064098    4.64186    -0.0868    13.8155 0.0000e+00  -61.12483  -58.09350 1152609699 192.390056    34.7250 0.0000e+00
    708.000     1.7245   3.063780     1.7252   3.064086    4.64182    -0.0743    13.8155 0.0000e+00  -61.12483  -58.09350 1152609700 192.390066    34.7250 0.0000e+00
    709.000     1.7239   3.063765     1.7245   3.064078    4.63870    -0.0913    13.8155 0.0000e+00  -61.12483  -58.09350 1152609701 192.390074    34.7250 0.0000e+00
    710.000     1.7232   3.063757     1.7240   3.064077    4.64047    -0.0874    13.8155 0.0000e+00  -61.12483  -58.09350 1152609701 192.390084    34.7251 0.0000e+00
    711.000     1.7228   3.063757     1.7234   3.064065    4.64239    -0.0791    13.8155 0.0000e+00  -61.12483  -58.09350 1152609702 192.390097    34.7250 0.0000e+00
    712.000     1.7225   3.063791     1.7233   3.064097    4.64394    -0.0791    13.8155 0.0000e+00  -61.12483  -58.09350 1152609704 192.390118    34.7251 0.0000e+00
    713.000     1.7222   3.063796     1.7228   3.064114    4.64462    -0.0880    13.8155 0.0000e+00  -61.12483  -58.09350 1152609706 192.390135    34.7250 0.0000e+00
    714.000     1.7222   3.063847     1.7229   3.064145    4.64255    -0.0842    13.8155 0.0000e+00  -61.12483  -58.09350 1152609707 192.390148    34.7251 0.0000e+00
    715.000     1.7221   3.063884     1.7230   3.064195    4.64116    -0.0949    13.8155 0.0000e+00  -61.12483  -58.09350 1152609708 192.390162    34.7251 0.0000e+00
    716.000     1.7221   3.063941     1.7228   3.064225    4.64199    -0.0856    13.8155 0.0000e+00  -61.12483  -58.09350 1152609710 192.390182    34.7252 0.0000e+00
    717.000     1.7221   3.063975     1.7227   3.064274    4.64305    -0.0746    13.8155 0.0000e+00  -61.12483  -58.09350 1152609712 192.390204    34.7251 0.0000e+00
    718.000     1.7224   3.064051     1.7230   3.064345    4.64327    -0.0908    13.8155 0.0000e+00  -61.12483  -58.09350 1152609713 192.390217    34.7251 0.0000e+00
    719.000     1.7226   3.064106     1.7232   3.064415    4.64380    -0.0962    13.8155 0.0000e+00  -61.12483  -58.09350 1152609714 192.390228    34.7250 0.0000e+00
    720.000     1.7224   3.064135     1.7230   3.064437    4.64368    -0.0811    13.8155 0.0000e+00  -61.12483  -58.09350 1152609715 192.390240    34.7250 0.0000e+00
    721.000     1.7222   3.064152     1.7228   3.064452    4.64306    -0.0953    13.8155 0.0000e+00  -61.12483  -58.09350 1152609716 192.390255    34.7250 0.0000e+00
    722.000     1.7220   3.064186     1.7229   3.064504    4.64618    -0.0919    13.8155 0.0000e+00  -61.12483  -58.09350 1152609718 192.390276    34.7250 0.0000e+00
    723.000     1.7218   3.064221     1.7225   3.064525    4.64764    -0.0866    13.8155 0.0000e+00  -61.12483  -58.09350 1152609719 192.390293    34.7251 0.0000e+00
    724.000     1.7218   3.064254     1.7225   3.064574    4.64552    -0.0933    13.8155 0.0000e+00  -61.12483  -58.09350 1152609720 192.390305    34.7250 0.0000e+00
    725.000     1.7194   3.064088     1.7201   3.064403    4.64352    -0.0886    13.8155 0.0000e+00  -61.12483  -58.09350 1152609721 192.390315    34.7251 0.0000e+00
    726.000     1.7184   3.064047     1.7189   3.064354    4.64356    -0.0900    13.8155 0.0000e+00  -61.12483  -58.09350 1152609722 192.390324    34.7250 0.0000e+00
    727.000     1.7169   3.063966     1.7172   3.064248    4.64351    -0.0944    13.8155 0.0000e+00  -61.12483  -58.09350 1152609723 192.390334    34.7252 0.0000e+00
    728.000     1.7163   3.063963     1.7164   3.064208    4.64454    -0.0845    13.8155 0.0000e+00  -61.12483  -58.09350 1152609725 192.390353    34.7252 0.0000e+00
    729.000     1.7180   3.064154     1.7182   3.064407    4.64850    -0.0843    13.8155 0.0000e+00  -61.12483  -58.09350 1152609729 192.390398    34.7251 0.0000e+00
    730.000     1.7117   3.063632     1.7123   3.063960    4.64884    -0.0787    13.8155 0.0000e+00  -61.12483  -58.09350 1152609729 192.390408    34.7251 0.0000e+00
    731.000     1.7105   3.063591     1.7111   3.063897    4.64597    -0.0871    13.8155 0.0000e+00  -61.12483  -58.09350 1152609730 192.390418    34.7253 0.0000e+00
    732.000     1.7098   3.063559     1.7103   3.063861    4.64589    -0.0985    13.8155 0.0000e+00  -61.12483  -58.09350 1152609731 192.390426    34.7251 0.0000e+00
    733.000     1.7091   3.063532     1.7097   3.063857    4.64513    -0.0740    13.8155 0.0000e+00  -61.12483  -58.09350 1152609732 192.390434    34.7250 0.0000e+00
    734.000     1.7067   3.063359     1.7071   3.063665    4.64377    -0.0885    13.8155 0.0000e+00  -61.12483  -58.09350 1152609732 192.390443    34.7250 0.0000e+00
    735.000     1.7039   3.063177     1.7046   3.063489    4.64300    -0.0928    13.8155 0.0000e+00  -61.12483  -58.09350 1152609734 192.390457    34.7252 0.0000e+00
    736.000     1.7007   3.062950     1.7013   3.063257    4.64257    -0.0795    13.8155 0.0000e+00  -61.12483  -58.09350 1152609735 192.390475    34.7253 0.0000e+00
    737.000     1.6988   3.062838     1.6995   3.063138    4.64293    -0.0932    13.8155 0.0000e+00  -61.12483  -58.09350 1152609737 192.390490    34.7254 0.0000e+00
    738.000     1.6970   3.062715     1.6978   3.063027    4.64143    -0.0898    13.8155 0.0000e+00  -61.12483  -58.09350 1152609739 192.390517    34.7254 0.0000e+00
    739.000     1.6960   3.062680     1.6964   3.062973    4.64700    -0.0861    13.8155 0.0000e+00  -61.12483  -58.09350 1152609741 192.390546    34.7254 0.0000e+00
    740.000     1.6951   3.062676     1.6959   3.062987    4.64863    -0.0836    13.8155 0.0000e+00  -61.12483  -58.09350 1152609742 192.390559    34.7257 0.0000e+00
    741.000     1.6947   3.062677     1.6953   3.062983    4.64916    -0.0883    13.8155 0.0000e+00  -61.12483  -58.09350 1152609743 192.390568    34.7256 0.0000e+00
    742.000     1.6944   3.062700     1.6951   3.063021    4.64797    -0.0843    13.8155 0.0000e+00  -61.12483  -58.09350 1152609744 192.390577    34.7256 0.0000e+00
    743.000     1.6942   3.062734     1.6951   3.063047    4.64634    -0.0922    13.8155 0.0000e+00  -61.12483  -58.09350 1152609745 192.390585    34.7257 0.0000e+00
    744.000     1.6935   3.062706     1.6942   3.063020    4.64529    -0.0835    13.8155 0.0000e+00  -61.12483  -58.09350 1152609745 192.390593    34.7256 0.0000e+00
    745.000     1.6924   3.062650     1.6930   3.062964    4.64366    -0.0876    13.8155 0.0000e+00  -61.12483  -58.09350 1152609746 192.390601    34.7255 0.0000e+00
    746.000     1.6929   3.062751     1.6937   3.063060    4.64862    -0.0765    13.8155 0.0000e+00  -61.12483  -58.09350 1152609749 192.390637    34.7256 0.0000e+00
    747.000     1.6932   3.062830     1.6934   3.063098    4.64888    -0.0794    13.8155 0.0000e+00  -61.12483  -58.09350 1152609752 192.390667    34.7257 0.0000e+00
    748.000     1.6908   3.062649     1.6911   3.062930    4.64780    -0.0814    13.8155 0.0000e+00  -61.12483  -58.09350 1152609753 192.390676    34.7254 0.0000e+00
    749.000     1.6899   3.062625     1.6906   3.062935    4.64818    -0.0915    13.8155 0.0000e+00  -61.12483  -58.09350 1152609753 192.390684    34.7257 0.0000e+00
    750.000     1.6899   3.062654     1.6905   3.062964    4.64779    -0.0805    13.8155 0.0000e+00  -61.12483  -58.09350 1152609754 192.390693    34.7255 0.0000e+00
    751.000     1.6897   3.062687     1.6903   3.062988    4.64803    -0.0833    13.8155 0.0000e+00  -61.12483  -58.09350 1152609755 192.390703    34.7255 0.0000e+00
    752.000     1.6892   3.062696     1.6900   3.063009    4.64765    -0.0766    13.8155 0.0000e+00  -61.12483  -58.09350 1152609756 192.390716    34.7256 0.0000e+00
    753.000     1.6897   3.062787     1.6905   3.063100    4.64619    -0.0874    13.8155 0.0000e+00  -61.12483  -58.09350 1152609757 192.390731    34.7257 0.0000e+00
    754.000     1.6902   3.062867     1.6908   3.063171    4.64605    -0.0867    13.8155 0.0000e+00  -61.12483  -58.09350 1152609759 192.390745    34.7255 0.0000e+00
    755.000     1.6897   3.062881     1.6904   3.063178    4.64866    -0.0863    13.8155 0.0000e+00  -61.12483  -58.09350 1152609761 192.390773    34.7257 0.0000e+00
    756.000     1.6894   3.062884     1.6895   3.063148    4.65095    -0.0798    13.8155 0.0000e+00  -61.12483  -58.09350 1152609763 192.390801    34.7255 0.0000e+00
    757.000     1.6869   3.062716     1.6876   3.063036    4.65069    -0.0880    13.8155 0.0000e+00  -61.12483  -58.09350 1152609764 192.390813    34.7256 0.0000e+00
    758.000     1.6863   3.062714     1.6869   3.063025    4.64990    -0.0833    13.8155 0.0000e+00  -61.12483  -58.09350 1152609765 192.390823    34.7257 0.0000e+00
    759.000     1.6863   3.062761     1.6868   3.063064    4.65040    -0.0892    13.8155 0.0000e+00  -61.12483  -58.09350 1152609766 192.390832    34.7258 0.0000e+00
    760.000     1.6861   3.062785     1.6868   3.063088    4.65084    -0.0765    13.8155 0.0000e+00  -61.12483  -58.09350 1152609767 192.390842    34.7257 0.0000e+00
    761.000     1.6841   3.062655     1.6847   3.062965    4.65136    -0.0862    13.8155 0.0000e+00  -61.12483  -58.09350 1152609768 192.390855    34.7257 0.0000e+00
    762.000     1.6823   3.062540     1.6828   3.062841    4.65197    -0.0824    13.8155 0.0000e+00  -61.12483  -58.09350 1152609769 192.390871    34.7257 0.0000e+00
    763.000     1.6805   3.062438     1.6813   3.062759    4.65306    -0.0857    13.8155 0.0000e+00  -61.12483  -58.09350 1152609771 192.390889    34.7259 0.0000e+00
    764.000     1.6796   3.062397     1.6803   3.062708    4.65387    -0.0886    13.8155 0.0000e+00  -61.12483  -58.09350 1152609772 192.390906    34.7258 0.0000e+00
    765.000     1.6788   3.062375     1.6794   3.062684    4.65471    -0.0871    13.8155 0.0000e+00  -61.12483  -58.09350 1152609774 192.390926    34.7259 0.0000e+00
    766.000     1.6759   3.062169     1.6765   3.062459    4.65568    -0.0904    13.8155 0.0000e+00  -61.12483  -58.09350 1152609775 192.390941    34.7259 0.0000e+00
    767.000     1.6740   3.062054     1.6742   3.062323    4.65676    -0.0800    13.8155 0.0000e+00  -61.12483  -58.09350 1152609777 192.390959    34.7261 0.0000e+00
    768.000     1.6713   3.061875     1.6721   3.062189    4.65766    -0.0825    13.8155 0.0000e+00  -61.12483  -58.09350 1152609779 192.390979    34.7262 0.0000e+00
    769.000     1.6706   3.061860     1.6711   3.062150    4.65807    -0.0830    13.8155 0.0000e+00  -61.12483  -58.09350 1152609780 192.390992    34.7262 0.0000e+00
    770.000     1.6706   3.061918     1.6713   3.062203    4.65712    -0.0874    13.8155 0.0000e+00  -61.12483  -58.09350 1152609781 192.391003    34.7263 0.0000e+00
    771.000     1.6706   3.061947     1.6709   3.062227    4.65622    -0.0837    13.8155 0.0000e+00  -61.12483  -58.09350 1152609782 192.391014    34.7261 0.0000e+00
    772.000     1.6703   3.061958     1.6710   3.062268    4.65573    -0.0863    13.8155 0.0000e+00  -61.12483  -58.09350 1152609783 192.391029    34.7261 0.0000e+00
    773.000     1.6701   3.061996     1.6708   3.062304    4.65562    -0.0900    13.8155 0.0000e+00  -61.12483  -58.09350 1152609785 192.391049    34.7262 0.0000e+00
    774.000     1.6700   3.062032     1.6708   3.062338    4.65644    -0.0896    13.8155 0.0000e+00  -61.12483  -58.09350 1152609786 192.391065    34.7261 0.0000e+00
    775.000     1.6694   3.062027     1.6701   3.062334    4.65785    -0.0782    13.8155 0.0000e+00  -61.12483  -58.09350 1152609787 192.391080    34.7262 0.0000e+00
    776.000     1.6696   3.062083     1.6702   3.062380    4.65908    -0.0871    13.8155 0.0000e+00  -61.12483  -58.09350 1152609789 192.391093    34.7261 0.0000e+00
    777.000     1.6690   3.062068     1.6699   3.062399    4.65801    -0.0862    13.8155 0.0000e+00  -61.12483  -58.09350 1152609790 192.391108    34.7260 0.0000e+00
    778.000     1.6684   3.062073     1.6688   3.062352    4.65762    -0.0892    13.8155 0.0000e+00  -61.12483  -58.09350 1152609792 192.391129    34.7261 0.0000e+00
    779.000     1.6662   3.061919     1.6667   3.062215    4.65923    -0.0820    13.8155 0.0000e+00  -61.12483  -58.09350 1152609794 192.391151    34.7261 0.0000e+00
    780.000     1.6653   3.061895     1.6660   3.062196    4.66126    -0.0911    13.8155 0.0000e+00  -61.12483  -58.09350 1152609795 192.391167    34.7263 0.0000e+00
    781.000     1.6642   3.061844     1.6647   3.062138    4.66366    -0.0870    13.8155 0.0000e+00  -61.12483  -58.09350 1152609796 192.391179    34.7263 0.0000e+00
    782.000     1.6629   3.061782     1.6635   3.062090    4.66525    -0.0845    13.8155 0.0000e+00  -61.12483  -58.09350 1152609797 192.391192    34.7263 0.0000e+00
    783.000     1.6624   3.061770     1.6630   3.062085    4.66514    -0.0851    13.8155 0.0000e+00  -61.12483  -58.09350 1152609798 192.391206    34.7263 0.0000e+00
