product_data/regression_test/downloaded_data/MGDS/320620060703/ctd/adapted/heads_insert_p6609307.cnv
* Sea-Bird SBE 9 Data File:
* FileName = D:\Data\Raw\p6609307.dat
* Software Version Seasave Win32 V 5.32
* Temperature SN = 1649
* Conductivity SN = 1431
* Number of Bytes Per Scan = 37
* Number of Voltage Words = 5
* Number of Scans Averaged by the Deck Unit = 1
* NMEA Latitude = 61 07.50 S
* NMEA Longitude = 058 05.51 W
* NMEA UTC (Time) = 04:57:22
** Ship:   Nathaniel B. Palmer nbp
** Cruise:    NBP0606 nbp0606
# nquan = 15
# nvalues = 491                         
# units = specified
# name 0 = prDM: Pressure, Digiquartz [db]
# name 1 = t090C: Temperature [ITS-90, deg C]
# name 2 = c0S/m: Conductivity [S/m]
# name 3 = t190C: Temperature, 2 [ITS-90, deg C]
# name 4 = c1S/m: Conductivity, 2 [S/m]
# name 5 = sbeox0ML/L: Oxygen, SBE 43 [ml/l]
# name 6 = flECO-AFL: Fluorescence, Wetlab ECO-AFL/FL [mg/m^3]
# name 7 = bat: Beam Attenuation, Chelsea/Seatech/Wetlab CStar [1/m]
# name 8 = spar: SPAR/Surface Irradiance
# name 9 = latitude: Latitude [deg]
# name 10 = longitude: Longitude [deg]
# name 11 = timeY: Time, System [seconds]
# name 12 = timeJ: Julian Days
# name 13 = sal00: Salinity [PSU]
# name 14 = flag: flag
# span 0 =     12.000,    502.000       
# span 1 =    -0.8000,     1.9710       
# span 2 =   2.758047,   3.066067       
# span 3 =    -0.8010,     1.9723       
# span 4 =   2.758841,   3.066377       
# span 5 =    4.32920,    8.00664       
# span 6 =    -0.0938,     0.2563       
# span 7 =    13.8155,    13.8155       
# span 8 = 0.0000e+00, 0.0000e+00       
# span 9 =  -61.12500,  -61.12500       
# span 10 =  -58.09183,  -58.09183      
# span 11 = 1152593843, 1152594618      
# span 12 = 192.206513, 192.215502      
# span 13 =    33.9445,    35.4514      
# span 14 = 0.0000e+00, 0.0000e+00      
# interval = decibars: 1                
# start_time = Jul 11 2006 04:57:29
# bad_flag = -9.990e-29
*END*
Pressure	Temperature	Conductivity	Temperature2	Conductivity2	Oxygen	Fluorescence	Beam Attenuation	SPAR	latitude	longitude	timeY	timeJ	Salinity	flag
     12.000    -0.7595   2.870990    -0.7724   2.795885    5.76308     0.2027    13.8155 0.0000e+00  -61.12500  -58.09183 1152593843 192.206513    35.4514 0.0000e+00
     13.000    -0.7987   2.759241    -0.8003   2.759237    7.92306     0.2218    13.8155 0.0000e+00  -61.12500  -58.09183 1152593895 192.207130    33.9606 0.0000e+00
     14.000    -0.8000   2.758047    -0.8010   2.758841    7.94817     0.2431    13.8155 0.0000e+00  -61.12500  -58.09183 1152593897 192.207155    33.9450 0.0000e+00
     15.000    -0.7997   2.758131    -0.8007   2.758910    7.95334     0.2343    13.8155 0.0000e+00  -61.12500  -58.09183 1152593899 192.207182    33.9450 0.0000e+00
     16.000    -0.8000   2.758132    -0.8007   2.758942    7.96068     0.2322    13.8155 0.0000e+00  -61.12500  -58.09183 1152593902 192.207211    33.9448 0.0000e+00
     17.000    -0.7982   2.758324    -0.7992   2.759098    7.96826     0.2234    13.8155 0.0000e+00  -61.12500  -58.09183 1152593904 192.207238    33.9447 0.0000e+00
     18.000    -0.7982   2.758374    -0.7993   2.759145    7.97346     0.2140    13.8155 0.0000e+00  -61.12500  -58.09183 1152593905 192.207251    33.9447 0.0000e+00
     19.000    -0.7975   2.758487    -0.7988   2.759217    7.97624     0.2330    13.8155 0.0000e+00  -61.12500  -58.09183 1152593906 192.207262    33.9448 0.0000e+00
     20.000    -0.7970   2.758558    -0.7982   2.759306    7.97768     0.2231    13.8155 0.0000e+00  -61.12500  -58.09183 1152593908 192.207280    33.9446 0.0000e+00
     21.000    -0.7973   2.758572    -0.7986   2.759320    7.98198     0.2249    13.8155 0.0000e+00  -61.12500  -58.09183 1152593910 192.207308    33.9445 0.0000e+00
     22.000    -0.7979   2.758581    -0.7990   2.759321    7.98279     0.2176    13.8155 0.0000e+00  -61.12500  -58.09183 1152593911 192.207322    33.9447 0.0000e+00
     23.000    -0.7978   2.758635    -0.7988   2.759378    7.98071     0.2259    13.8155 0.0000e+00  -61.12500  -58.09183 1152593913 192.207338    33.9446 0.0000e+00
     24.000    -0.7978   2.758684    -0.7985   2.759426    7.98357     0.2410    13.8155 0.0000e+00  -61.12500  -58.09183 1152593916 192.207383    33.9447 0.0000e+00
     25.000    -0.7972   2.758783    -0.7981   2.759500    7.98826     0.2119    13.8155 0.0000e+00  -61.12500  -58.09183 1152593918 192.207401    33.9447 0.0000e+00
     26.000    -0.7980   2.758762    -0.7990   2.759473    7.99368     0.2301    13.8155 0.0000e+00  -61.12500  -58.09183 1152593919 192.207418    33.9447 0.0000e+00
     27.000    -0.7979   2.758825    -0.7985   2.759569    7.99887     0.2344    13.8155 0.0000e+00  -61.12500  -58.09183 1152593921 192.207437    33.9449 0.0000e+00
     28.000    -0.7980   2.758862    -0.7990   2.759575    7.99855     0.2324    13.8155 0.0000e+00  -61.12500  -58.09183 1152593922 192.207452    33.9449 0.0000e+00
     29.000    -0.7983   2.758885    -0.7997   2.759563    7.99682     0.2296    13.8155 0.0000e+00  -61.12500  -58.09183 1152593923 192.207463    33.9449 0.0000e+00
     30.000    -0.7983   2.758934    -0.7989   2.759661    7.99596     0.2563    13.8155 0.0000e+00  -61.12500  -58.09183 1152593925 192.207478    33.9449 0.0000e+00
     31.000    -0.7974   2.759049    -0.7982   2.759750    7.99977     0.2456    13.8155 0.0000e+00  -61.12500  -58.09183 1152593928 192.207521    33.9448 0.0000e+00
     32.000    -0.7982   2.759030    -0.7989   2.759736    7.99880     0.2352    13.8155 0.0000e+00  -61.12500  -58.09183 1152593930 192.207539    33.9449 0.0000e+00
     33.000    -0.7979   2.759108    -0.7986   2.759811    7.99624     0.2444    13.8155 0.0000e+00  -61.12500  -58.09183 1152593932 192.207559    33.9449 0.0000e+00
     34.000    -0.7979   2.759165    -0.7985   2.759862    8.00185     0.2390    13.8155 0.0000e+00  -61.12500  -58.09183 1152593934 192.207589    33.9451 0.0000e+00
     35.000    -0.7981   2.759197    -0.7988   2.759882    8.00664     0.2162    13.8155 0.0000e+00  -61.12500  -58.09183 1152593936 192.207607    33.9452 0.0000e+00
     36.000    -0.7984   2.759215    -0.7993   2.759883    8.00611     0.2469    13.8155 0.0000e+00  -61.12500  -58.09183 1152593937 192.207619    33.9452 0.0000e+00
     37.000    -0.7992   2.759200    -0.7992   2.759939    8.00416     0.2306    13.8155 0.0000e+00  -61.12500  -58.09183 1152593938 192.207631    33.9453 0.0000e+00
     38.000    -0.7990   2.759255    -0.7995   2.759945    8.00077     0.2413    13.8155 0.0000e+00  -61.12500  -58.09183 1152593939 192.207646    33.9451 0.0000e+00
     39.000    -0.7995   2.759267    -0.8004   2.759929    7.99842     0.2457    13.8155 0.0000e+00  -61.12500  -58.09183 1152593942 192.207683    33.9452 0.0000e+00
     40.000    -0.7988   2.759394    -0.7996   2.760049    8.00314     0.2249    13.8155 0.0000e+00  -61.12500  -58.09183 1152593946 192.207723    33.9456 0.0000e+00
     41.000    -0.7976   2.759543    -0.7980   2.760212    8.00359     0.2287    13.8155 0.0000e+00  -61.12500  -58.09183 1152593947 192.207733    33.9455 0.0000e+00
     42.000    -0.7950   2.759813    -0.7953   2.760476    8.00086     0.2189    13.8155 0.0000e+00  -61.12500  -58.09183 1152593948 192.207742    33.9455 0.0000e+00
     43.000    -0.7944   2.759894    -0.7946   2.760577    8.00100     0.2284    13.8155 0.0000e+00  -61.12500  -58.09183 1152593948 192.207753    33.9453 0.0000e+00
     44.000    -0.7947   2.759927    -0.7949   2.760605    8.00030     0.2440    13.8155 0.0000e+00  -61.12500  -58.09183 1152593950 192.207775    33.9455 0.0000e+00
     45.000    -0.7957   2.759882    -0.7960   2.760549    7.99945     0.2169    13.8155 0.0000e+00  -61.12500  -58.09183 1152593953 192.207802    33.9455 0.0000e+00
     46.000    -0.7956   2.759938    -0.7962   2.760577    8.00202     0.2357    13.8155 0.0000e+00  -61.12500  -58.09183 1152593954 192.207822    33.9456 0.0000e+00
     47.000    -0.7961   2.759963    -0.7961   2.760644    8.00239     0.2325    13.8155 0.0000e+00  -61.12500  -58.09183 1152593959 192.207870    33.9459 0.0000e+00
     48.000    -0.7953   2.760090    -0.7954   2.760765    8.00262     0.2441    13.8155 0.0000e+00  -61.12500  -58.09183 1152593959 192.207881    33.9460 0.0000e+00
     49.000    -0.7945   2.760208    -0.7948   2.760853    8.00268     0.2202    13.8155 0.0000e+00  -61.12500  -58.09183 1152593960 192.207890    33.9462 0.0000e+00
     50.000    -0.7949   2.760204    -0.7954   2.760837    8.00286     0.2273    13.8155 0.0000e+00  -61.12500  -58.09183 1152593961 192.207898    33.9459 0.0000e+00
     51.000    -0.7944   2.760306    -0.7943   2.760967    8.00382     0.2496    13.8155 0.0000e+00  -61.12500  -58.09183 1152593963 192.207916    33.9460 0.0000e+00
     52.000    -0.7927   2.760515    -0.7929   2.761155    8.00651     0.2427    13.8155 0.0000e+00  -61.12500  -58.09183 1152593965 192.207950    33.9463 0.0000e+00
     53.000    -0.7955   2.760296    -0.7950   2.761001    8.00643     0.2280    13.8155 0.0000e+00  -61.12500  -58.09183 1152593968 192.207974    33.9460 0.0000e+00
     54.000    -0.7956   2.760354    -0.7957   2.760985    7.99941     0.2269    13.8155 0.0000e+00  -61.12500  -58.09183 1152593970 192.208000    33.9463 0.0000e+00
     55.000    -0.7960   2.760375    -0.7964   2.760973    7.99875     0.2371    13.8155 0.0000e+00  -61.12500  -58.09183 1152593971 192.208015    33.9464 0.0000e+00
     56.000    -0.7969   2.760321    -0.7973   2.760929    7.99970     0.2330    13.8155 0.0000e+00  -61.12500  -58.09183 1152593972 192.208031    33.9461 0.0000e+00
     57.000    -0.7939   2.760654    -0.7937   2.761301    8.00115     0.2241    13.8155 0.0000e+00  -61.12500  -58.09183 1152593975 192.208055    33.9465 0.0000e+00
     58.000    -0.7910   2.760990    -0.7901   2.761671    8.00189     0.2180    13.8155 0.0000e+00  -61.12500  -58.09183 1152593976 192.208073    33.9472 0.0000e+00
     59.000    -0.7876   2.761339    -0.7878   2.761929    8.00063     0.2185    13.8155 0.0000e+00  -61.12500  -58.09183 1152593977 192.208087    33.9473 0.0000e+00
     60.000    -0.7895   2.761194    -0.7898   2.761778    8.00212     0.2363    13.8155 0.0000e+00  -61.12500  -58.09183 1152593980 192.208115    33.9470 0.0000e+00
     61.000    -0.7871   2.761479    -0.7869   2.762095    8.00599     0.2250    13.8155 0.0000e+00  -61.12500  -58.09183 1152593983 192.208148    33.9475 0.0000e+00
     62.000    -0.7864   2.761605    -0.7869   2.762140    8.00645     0.2236    13.8155 0.0000e+00  -61.12500  -58.09183 1152593984 192.208160    33.9478 0.0000e+00
     63.000    -0.7829   2.761967    -0.7837   2.762480    8.00293     0.2119    13.8155 0.0000e+00  -61.12500  -58.09183 1152593985 192.208172    33.9480 0.0000e+00
     64.000    -0.7810   2.762189    -0.7814   2.762763    7.99758     0.2169    13.8155 0.0000e+00  -61.12500  -58.09183 1152593986 192.208187    33.9481 0.0000e+00
     65.000    -0.7853   2.761834    -0.7859   2.762366    7.99688     0.2212    13.8155 0.0000e+00  -61.12500  -58.09183 1152593988 192.208210    33.9478 0.0000e+00
     66.000    -0.7868   2.761753    -0.7859   2.762422    8.00019     0.1997    13.8155 0.0000e+00  -61.12500  -58.09183 1152593990 192.208234    33.9479 0.0000e+00
     67.000    -0.7852   2.761959    -0.7852   2.762533    8.00075     0.2050    13.8155 0.0000e+00  -61.12500  -58.09183 1152593991 192.208248    33.9482 0.0000e+00
     68.000    -0.7842   2.762101    -0.7838   2.762722    8.00325     0.2062    13.8155 0.0000e+00  -61.12500  -58.09183 1152593992 192.208260    33.9484 0.0000e+00
     69.000    -0.7821   2.762339    -0.7814   2.762967    8.00530     0.2098    13.8155 0.0000e+00  -61.12500  -58.09183 1152593993 192.208273    33.9486 0.0000e+00
     70.000    -0.7797   2.762614    -0.7795   2.763190    8.00393     0.2021    13.8155 0.0000e+00  -61.12500  -58.09183 1152593995 192.208292    33.9489 0.0000e+00
     71.000    -0.7677   2.763782    -0.7674   2.764357    8.00046     0.2022    13.8155 0.0000e+00  -61.12500  -58.09183 1152593997 192.208313    33.9502 0.0000e+00
     72.000    -0.7678   2.763805    -0.7675   2.764397    7.99748     0.2009    13.8155 0.0000e+00  -61.12500  -58.09183 1152593999 192.208336    33.9502 0.0000e+00
     73.000    -0.7677   2.763877    -0.7676   2.764441    7.99673     0.1995    13.8155 0.0000e+00  -61.12500  -58.09183 1152594001 192.208360    33.9505 0.0000e+00
     74.000    -0.7668   2.764009    -0.7666   2.764572    7.99379     0.1894    13.8155 0.0000e+00  -61.12500  -58.09183 1152594002 192.208374    33.9507 0.0000e+00
     75.000    -0.7660   2.764131    -0.7657   2.764710    7.99271     0.1937    13.8155 0.0000e+00  -61.12500  -58.09183 1152594003 192.208385    33.9509 0.0000e+00
     76.000    -0.7660   2.764181    -0.7657   2.764763    7.99051     0.1948    13.8155 0.0000e+00  -61.12500  -58.09183 1152594004 192.208395    33.9510 0.0000e+00
     77.000    -0.7654   2.764299    -0.7653   2.764864    7.98872     0.1960    13.8155 0.0000e+00  -61.12500  -58.09183 1152594005 192.208407    33.9513 0.0000e+00
     78.000    -0.7667   2.764301    -0.7668   2.764861    7.98420     0.2103    13.8155 0.0000e+00  -61.12500  -58.09183 1152594006 192.208424    33.9521 0.0000e+00
     79.000    -0.7683   2.764262    -0.7681   2.764815    7.98124     0.2298    13.8155 0.0000e+00  -61.12500  -58.09183 1152594009 192.208454    33.9530 0.0000e+00
     80.000    -0.7664   2.764525    -0.7659   2.765097    7.98597     0.2058    13.8155 0.0000e+00  -61.12500  -58.09183 1152594011 192.208482    33.9538 0.0000e+00
     81.000    -0.7660   2.764602    -0.7656   2.765181    7.98700     0.2017    13.8155 0.0000e+00  -61.12500  -58.09183 1152594013 192.208495    33.9537 0.0000e+00
     82.000    -0.7663   2.764642    -0.7657   2.765210    7.98410     0.1949    13.8155 0.0000e+00  -61.12500  -58.09183 1152594014 192.208507    33.9540 0.0000e+00
     83.000    -0.7612   2.765175    -0.7608   2.765719    7.97950     0.2012    13.8155 0.0000e+00  -61.12500  -58.09183 1152594015 192.208519    33.9548 0.0000e+00
     84.000    -0.7604   2.765300    -0.7600   2.765852    7.97777     0.1988    13.8155 0.0000e+00  -61.12500  -58.09183 1152594016 192.208536    33.9549 0.0000e+00
     85.000    -0.7597   2.765430    -0.7591   2.766000    7.97752     0.2053    13.8155 0.0000e+00  -61.12500  -58.09183 1152594018 192.208558    33.9553 0.0000e+00
     86.000    -0.7533   2.766182    -0.7526   2.766701    7.97095     0.2033    13.8155 0.0000e+00  -61.12500  -58.09183 1152594019 192.208572    33.9577 0.0000e+00
     87.000    -0.7442   2.767154    -0.7439   2.767667    7.96383     0.2277    13.8155 0.0000e+00  -61.12500  -58.09183 1152594020 192.208584    33.9595 0.0000e+00
     88.000    -0.7416   2.767459    -0.7419   2.767929    7.95762     0.2065    13.8155 0.0000e+00  -61.12500  -58.09183 1152594022 192.208600    33.9602 0.0000e+00
     89.000    -0.7392   2.767783    -0.7391   2.768275    7.95187     0.2186    13.8155 0.0000e+00  -61.12500  -58.09183 1152594024 192.208624    33.9612 0.0000e+00
     90.000    -0.7386   2.767881    -0.7381   2.768414    7.94785     0.2095    13.8155 0.0000e+00  -61.12500  -58.09183 1152594026 192.208647    33.9615 0.0000e+00
     91.000    -0.7360   2.768205    -0.7350   2.768781    7.93936     0.2130    13.8155 0.0000e+00  -61.12500  -58.09183 1152594027 192.208666    33.9623 0.0000e+00
     92.000    -0.7208   2.769876    -0.7198   2.770401    7.93132     0.2075    13.8155 0.0000e+00  -61.12500  -58.09183 1152594029 192.208683    33.9669 0.0000e+00
     93.000    -0.7137   2.770637    -0.7134   2.771133    7.92756     0.1921    13.8155 0.0000e+00  -61.12500  -58.09183 1152594030 192.208697    33.9683 0.0000e+00
     94.000    -0.7136   2.770690    -0.7131   2.771215    7.92273     0.1990    13.8155 0.0000e+00  -61.12500  -58.09183 1152594031 192.208708    33.9685 0.0000e+00
     95.000    -0.7069   2.771471    -0.7074   2.771838    7.91807     0.2088    13.8155 0.0000e+00  -61.12500  -58.09183 1152594032 192.208718    33.9708 0.0000e+00
     96.000    -0.6993   2.772264    -0.6986   2.772789    7.91137     0.2037    13.8155 0.0000e+00  -61.12500  -58.09183 1152594033 192.208729    33.9722 0.0000e+00
     97.000    -0.6941   2.772845    -0.6932   2.773388    7.89975     0.2178    13.8155 0.0000e+00  -61.12500  -58.09183 1152594034 192.208748    33.9736 0.0000e+00
     98.000    -0.6934   2.772955    -0.6911   2.773637    7.89220     0.2056    13.8155 0.0000e+00  -61.12500  -58.09183 1152594038 192.208790    33.9740 0.0000e+00
     99.000    -0.6842   2.773986    -0.6833   2.774492    7.88371     0.1950    13.8155 0.0000e+00  -61.12500  -58.09183 1152594039 192.208804    33.9771 0.0000e+00
    100.000    -0.6754   2.774931    -0.6743   2.775458    7.87691     0.1980    13.8155 0.0000e+00  -61.12500  -58.09183 1152594040 192.208815    33.9789 0.0000e+00
    101.000    -0.6728   2.775242    -0.6719   2.775765    7.86795     0.1824    13.8155 0.0000e+00  -61.12500  -58.09183 1152594041 192.208826    33.9795 0.0000e+00
    102.000    -0.6724   2.775324    -0.6715   2.775859    7.84764     0.1984    13.8155 0.0000e+00  -61.12500  -58.09183 1152594042 192.208839    33.9797 0.0000e+00
    103.000    -0.6711   2.775505    -0.6703   2.776036    7.84540     0.1974    13.8155 0.0000e+00  -61.12500  -58.09183 1152594044 192.208854    33.9802 0.0000e+00
    104.000    -0.6681   2.775924    -0.6666   2.776454    7.83166     0.1919    13.8155 0.0000e+00  -61.12500  -58.09183 1152594045 192.208867    33.9821 0.0000e+00
    105.000    -0.6443   2.778548    -0.6416   2.779095    7.81035     0.1852    13.8155 0.0000e+00  -61.12500  -58.09183 1152594046 192.208878    33.9899 0.0000e+00
    106.000    -0.5591   2.787769    -0.5553   2.788192    7.77924     0.1867    13.8155 0.0000e+00  -61.12500  -58.09183 1152594047 192.208890    34.0158 0.0000e+00
