product_data/regression_test/downloaded_data/MGDS/320620060703/ctd/adapted/heads_insert_p6623001.cnv
* Sea-Bird SBE 9 Data File:
* FileName = D:\Data\Raw\p6623001.dat
* Software Version Seasave Win32 V 5.32
* Temperature SN = 1649
* Conductivity SN = 1431
* Number of Bytes Per Scan = 37
* Number of Voltage Words = 5
* Number of Scans Averaged by the Deck Unit = 1
* NMEA Latitude = 61 58.14 S
* NMEA Longitude = 053 02.97 W
* NMEA UTC (Time) = 00:58:35
** Ship:   Nathaniel B. Palmer 
** Cruise:    NBP0606 
# nquan = 15
# nvalues = 2087                        
# units = specified
# name 0 = prDM: Pressure, Digiquartz [db]
# name 1 = t090C: Temperature [ITS-90, deg C]
# name 2 = c0S/m: Conductivity [S/m]
# name 3 = t190C: Temperature, 2 [ITS-90, deg C]
# name 4 = c1S/m: Conductivity, 2 [S/m]
# name 5 = sbeox0ML/L: Oxygen, SBE 43 [ml/l]
# name 6 = flECO-AFL: Fluorescence, Wetlab ECO-AFL/FL [mg/m^3]
# name 7 = bat: Beam Attenuation, Chelsea/Seatech/Wetlab CStar [1/m]
# name 8 = spar: SPAR/Surface Irradiance
# name 9 = latitude: Latitude [deg]
# name 10 = longitude: Longitude [deg]
# name 11 = timeY: Time, System [seconds]
# name 12 = timeJ: Julian Days
# name 13 = sal00: Salinity [PSU]
# name 14 = flag: flag
# span 0 =      1.000,   2087.000       
# span 1 =    -1.8020,     0.4532       
# span 2 =   2.711145,   2.955348       
# span 3 =    -1.8022,     0.4541       
# span 4 =   2.711697,   2.955448       
# span 5 =    5.28451,    7.11516       
# span 6 =    -0.1970,     0.0704       
# span 7 =    13.8155,    13.8155       
# span 8 = -5.422e-03, 2.5227e+00       
# span 9 =  -61.96900,  -61.96900       
# span 10 =  -53.04950,  -53.04950      
# span 11 = 1154912409, 1154914958      
# span 12 = 219.041780, 219.071285      
# span 13 =    34.4227,    34.6714      
# span 14 = 0.0000e+00, 0.0000e+00      
# interval = decibars: 1                
# start_time = Aug 07 2006 01:00:00
# bad_flag = -9.990e-29
*END*
[from data line 1254]
   1254.000     0.0683   2.939441     0.0684   2.939536    5.60890    -0.1154    13.8155 0.0000e+00  -61.96900  -53.04950 1154913991 219.060100    34.6577 0.0000e+00
   1255.000     0.0717   2.939785     0.0720   2.939920    5.60927    -0.1183    13.8155 0.0000e+00  -61.96900  -53.04950 1154913992 219.060112    34.6577 0.0000e+00
   1256.000     0.0694   2.939624     0.0719   2.939961    5.61044    -0.1123    13.8155 0.0000e+00  -61.96900  -53.04950 1154913993 219.060125    34.6577 0.0000e+00
   1257.000     0.0728   2.939967     0.0725   2.940050    5.61152    -0.1288    13.8155 0.0000e+00  -61.96900  -53.04950 1154913994 219.060138    34.6576 0.0000e+00
   1258.000     0.0615   2.938976     0.0610   2.939081    5.61281    -0.1229    13.8155 0.0000e+00  -61.96900  -53.04950 1154913996 219.060151    34.6568 0.0000e+00
   1259.000     0.0603   2.938923     0.0604   2.939036    5.61469    -0.1101    13.8155 0.0000e+00  -61.96900  -53.04950 1154913997 219.060163    34.6571 0.0000e+00
   1260.000     0.0590   2.938832     0.0595   2.938998    5.61787    -0.1093    13.8155 0.0000e+00  -61.96900  -53.04950 1154913998 219.060176    34.6567 0.0000e+00
   1261.000     0.0548   2.938491     0.0546   2.938596    5.62218    -0.1431    13.8155 0.0000e+00  -61.96900  -53.04950 1154913999 219.060189    34.6565 0.0000e+00
   1262.000     0.0527   2.938351     0.0524   2.938432    5.62736    -0.1268    13.8155 0.0000e+00  -61.96900  -53.04950 1154914000 219.060202    34.6565 0.0000e+00
   1263.000     0.0514   2.938281     0.0513   2.938371    5.63082    -0.1358    13.8155 0.0000e+00  -61.96900  -53.04950 1154914001 219.060214    34.6565 0.0000e+00
   1264.000     0.0481   2.938008     0.0477   2.938106    5.63256    -0.1412    13.8155 0.0000e+00  -61.96900  -53.04950 1154914002 219.060227    34.6562 0.0000e+00
   1265.000     0.0469   2.937954     0.0474   2.938128    5.63624    -0.1265    13.8155 0.0000e+00  -61.96900  -53.04950 1154914003 219.060239    34.6559 0.0000e+00
   1266.000     0.0315   2.936600     0.0312   2.936755    5.63957    -0.1302    13.8155 0.0000e+00  -61.96900  -53.04950 1154914004 219.060252    34.6552 0.0000e+00
   1267.000     0.0252   2.936127     0.0255   2.936262    5.64291    -0.1174    13.8155 0.0000e+00  -61.96900  -53.04950 1154914005 219.060265    34.6558 0.0000e+00
   1268.000     0.0257   2.936205     0.0258   2.936328    5.64648    -0.1108    13.8155 0.0000e+00  -61.96900  -53.04950 1154914006 219.060277    34.6556 0.0000e+00
   1269.000     0.0258   2.936272     0.0259   2.936387    5.64888    -0.0962    13.8155 0.0000e+00  -61.96900  -53.04950 1154914008 219.060290    34.6557 0.0000e+00
   1270.000     0.0247   2.936198     0.0248   2.936321    5.65295    -0.1398    13.8155 0.0000e+00  -61.96900  -53.04950 1154914009 219.060303    34.6552 0.0000e+00
   1271.000     0.0247   2.936239     0.0248   2.936363    5.65396    -0.0898    13.8155 0.0000e+00  -61.96900  -53.04950 1154914010 219.060316    34.6552 0.0000e+00
   1272.000     0.0245   2.936282     0.0249   2.936411    5.65515    -0.1492    13.8155 0.0000e+00  -61.96900  -53.04950 1154914011 219.060328    34.6553 0.0000e+00
   1273.000     0.0241   2.936280     0.0244   2.936420    5.65586    -0.1219    13.8155 0.0000e+00  -61.96900  -53.04950 1154914012 219.060341    34.6552 0.0000e+00
   1274.000     0.0244   2.936357     0.0247   2.936487    5.65773    -0.1089    13.8155 0.0000e+00  -61.96900  -53.04950 1154914013 219.060354    34.6552 0.0000e+00
   1275.000     0.0251   2.936474     0.0252   2.936578    5.65784    -0.1133    13.8155 0.0000e+00  -61.96900  -53.04950 1154914014 219.060366    34.6553 0.0000e+00
   1276.000     0.0246   2.936456     0.0229   2.936433    5.65879    -0.1186    13.8155 0.0000e+00  -61.96900  -53.04950 1154914015 219.060379    34.6550 0.0000e+00
   1277.000     0.0241   2.936480     0.0236   2.936522    5.66063    -0.1242    13.8155 0.0000e+00  -61.96900  -53.04950 1154914016 219.060392    34.6553 0.0000e+00
   1278.000     0.0169   2.935835     0.0171   2.935984    5.66207    -0.0998    13.8155 0.0000e+00  -61.96900  -53.04950 1154914018 219.060405    34.6545 0.0000e+00
   1279.000     0.0153   2.935748     0.0155   2.935862    5.66221    -0.1265    13.8155 0.0000e+00  -61.96900  -53.04950 1154914019 219.060417    34.6546 0.0000e+00
   1280.000     0.0163   2.935880     0.0156   2.935920    5.66270    -0.1170    13.8155 0.0000e+00  -61.96900  -53.04950 1154914020 219.060430    34.6546 0.0000e+00
   1281.000     0.0146   2.935759     0.0151   2.935927    5.66392    -0.1124    13.8155 0.0000e+00  -61.96900  -53.04950 1154914021 219.060443    34.6543 0.0000e+00
   1282.000     0.0111   2.935484     0.0126   2.935718    5.66886    -0.0804    13.8155 0.0000e+00  -61.96900  -53.04950 1154914022 219.060455    34.6543 0.0000e+00
   1283.000     0.0119   2.935609     0.0133   2.935833    5.66969    -0.1094    13.8155 0.0000e+00  -61.96900  -53.04950 1154914023 219.060468    34.6543 0.0000e+00
   1284.000     0.0128   2.935735     0.0148   2.936007    5.66691    -0.1132    13.8155 0.0000e+00  -61.96900  -53.04950 1154914024 219.060481    34.6544 0.0000e+00
   1285.000     0.0144   2.935846     0.0154   2.936135    5.66813    -0.1188    13.8155 0.0000e+00  -61.96900  -53.04950 1154914025 219.060493    34.6543 0.0000e+00
   1286.000     0.0107   2.935651     0.0109   2.935762    5.67036    -0.1334    13.8155 0.0000e+00  -61.96900  -53.04950 1154914026 219.060506    34.6544 0.0000e+00
   1287.000     0.0112   2.935712     0.0112   2.935831    5.66834    -0.1347    13.8155 0.0000e+00  -61.96900  -53.04950 1154914027 219.060519    34.6541 0.0000e+00
   1288.000     0.0120   2.935871     0.0121   2.935980    5.66750    -0.1269    13.8155 0.0000e+00  -61.96900  -53.04950 1154914028 219.060531    34.6547 0.0000e+00
   1289.000     0.0093   2.935707     0.0096   2.935833    5.66852    -0.1168    13.8155 0.0000e+00  -61.96900  -53.04950 1154914030 219.060544    34.6550 0.0000e+00
   1290.000     0.0086   2.935682     0.0086   2.935784    5.66799    -0.1205    13.8155 0.0000e+00  -61.96900  -53.04950 1154914031 219.060557    34.6550 0.0000e+00
   1291.000     0.0084   2.935708     0.0086   2.935826    5.66991    -0.1038    13.8155 0.0000e+00  -61.96900  -53.04950 1154914032 219.060569    34.6550 0.0000e+00
   1292.000     0.0088   2.935788     0.0090   2.935908    5.67079    -0.1305    13.8155 0.0000e+00  -61.96900  -53.04950 1154914033 219.060582    34.6550 0.0000e+00
   1293.000     0.0091   2.935864     0.0092   2.935968    5.67193    -0.1100    13.8155 0.0000e+00  -61.96900  -53.04950 1154914034 219.060595    34.6550 0.0000e+00
   1294.000     0.0088   2.935867     0.0091   2.935988    5.67300    -0.0919    13.8155 0.0000e+00  -61.96900  -53.04950 1154914035 219.060607    34.6548 0.0000e+00
   1295.000     0.0085   2.935884     0.0085   2.935979    5.67362    -0.1199    13.8155 0.0000e+00  -61.96900  -53.04950 1154914036 219.060620    34.6548 0.0000e+00
   1296.000     0.0086   2.935927     0.0085   2.936022    5.67394    -0.1303    13.8155 0.0000e+00  -61.96900  -53.04950 1154914037 219.060633    34.6546 0.0000e+00
   1297.000     0.0077   2.935895     0.0082   2.936036    5.67233    -0.1172    13.8155 0.0000e+00  -61.96900  -53.04950 1154914038 219.060645    34.6547 0.0000e+00
   1298.000     0.0073   2.935900     0.0084   2.936089    5.67274    -0.1249    13.8155 0.0000e+00  -61.96900  -53.04950 1154914039 219.060658    34.6547 0.0000e+00
   1299.000     0.0080   2.936010     0.0080   2.936115    5.67246    -0.1322    13.8155 0.0000e+00  -61.96900  -53.04950 1154914040 219.060671    34.6548 0.0000e+00
   1300.000     0.0076   2.936011     0.0075   2.936103    5.67230    -0.0922    13.8155 0.0000e+00  -61.96900  -53.04950 1154914042 219.060683    34.6547 0.0000e+00
   1301.000     0.0064   2.935952     0.0069   2.936099    5.67094    -0.1159    13.8155 0.0000e+00  -61.96900  -53.04950 1154914043 219.060696    34.6547 0.0000e+00
   1302.000     0.0062   2.935978     0.0065   2.936105    5.67226    -0.1347    13.8155 0.0000e+00  -61.96900  -53.04950 1154914044 219.060709    34.6548 0.0000e+00
   1303.000     0.0058   2.935994     0.0062   2.936122    5.67636    -0.1143    13.8155 0.0000e+00  -61.96900  -53.04950 1154914045 219.060721    34.6548 0.0000e+00
   1304.000     0.0056   2.936022     0.0058   2.936140    5.67709    -0.1083    13.8155 0.0000e+00  -61.96900  -53.04950 1154914046 219.060734    34.6548 0.0000e+00
   1305.000     0.0054   2.936044     0.0056   2.936165    5.67790    -0.1199    13.8155 0.0000e+00  -61.96900  -53.04950 1154914047 219.060746    34.6548 0.0000e+00
   1306.000     0.0051   2.936056     0.0049   2.936149    5.67761    -0.0992    13.8155 0.0000e+00  -61.96900  -53.04950 1154914048 219.060759    34.6548 0.0000e+00
   1307.000     0.0052   2.936111     0.0054   2.936229    5.67583    -0.0842    13.8155 0.0000e+00  -61.96900  -53.04950 1154914049 219.060772    34.6548 0.0000e+00
   1308.000     0.0063   2.936263     0.0067   2.936384    5.67488    -0.1370    13.8155 0.0000e+00  -61.96900  -53.04950 1154914050 219.060784    34.6550 0.0000e+00
   1309.000     0.0061   2.936271     0.0064   2.936400    5.67475    -0.0937    13.8155 0.0000e+00  -61.96900  -53.04950 1154914051 219.060797    34.6548 0.0000e+00
   1310.000     0.0060   2.936321     0.0063   2.936437    5.67541    -0.1103    13.8155 0.0000e+00  -61.96900  -53.04950 1154914053 219.060810    34.6549 0.0000e+00
   1311.000     0.0064   2.936377     0.0065   2.936499    5.67495    -0.0847    13.8155 0.0000e+00  -61.96900  -53.04950 1154914054 219.060823    34.6547 0.0000e+00
   1312.000     0.0060   2.936407     0.0063   2.936531    5.67335    -0.1376    13.8155 0.0000e+00  -61.96900  -53.04950 1154914055 219.060835    34.6550 0.0000e+00
   1313.000     0.0062   2.936467     0.0064   2.936584    5.67437    -0.1266    13.8155 0.0000e+00  -61.96900  -53.04950 1154914056 219.060848    34.6550 0.0000e+00
   1314.000     0.0062   2.936514     0.0064   2.936634    5.67579    -0.1074    13.8155 0.0000e+00  -61.96900  -53.04950 1154914057 219.060861    34.6549 0.0000e+00
   1315.000     0.0063   2.936569     0.0065   2.936686    5.67540    -0.1313    13.8155 0.0000e+00  -61.96900  -53.04950 1154914058 219.060873    34.6551 0.0000e+00
   1316.000     0.0058   2.936581     0.0059   2.936690    5.67577    -0.1283    13.8155 0.0000e+00  -61.96900  -53.04950 1154914059 219.060886    34.6552 0.0000e+00
   1317.000     0.0051   2.936561     0.0052   2.936675    5.67636    -0.1478    13.8155 0.0000e+00  -61.96900  -53.04950 1154914060 219.060899    34.6552 0.0000e+00
   1318.000     0.0045   2.936544     0.0047   2.936661    5.67543    -0.1330    13.8155 0.0000e+00  -61.96900  -53.04950 1154914061 219.060911    34.6552 0.0000e+00
   1319.000     0.0041   2.936565     0.0043   2.936676    5.67394    -0.1208    13.8155 0.0000e+00  -61.96900  -53.04950 1154914062 219.060924    34.6553 0.0000e+00
   1320.000     0.0039   2.936596     0.0041   2.936712    5.67573    -0.1255    13.8155 0.0000e+00  -61.96900  -53.04950 1154914063 219.060937    34.6553 0.0000e+00
   1321.000     0.0030   2.936554     0.0030   2.936661    5.67556    -0.1000    13.8155 0.0000e+00  -61.96900  -53.04950 1154914065 219.060949    34.6553 0.0000e+00
   1322.000     0.0023   2.936545     0.0026   2.936667    5.67569    -0.1073    13.8155 0.0000e+00  -61.96900  -53.04950 1154914066 219.060962    34.6554 0.0000e+00
   1323.000     0.0020   2.936561     0.0023   2.936689    5.67593    -0.1261    13.8155 0.0000e+00  -61.96900  -53.04950 1154914067 219.060975    34.6553 0.0000e+00
   1324.000     0.0025   2.936647     0.0025   2.936740    5.67654    -0.1250    13.8155 0.0000e+00  -61.96900  -53.04950 1154914068 219.060987    34.6554 0.0000e+00
   1325.000     0.0019   2.936641     0.0023   2.936767    5.67752    -0.1058    13.8155 0.0000e+00  -61.96900  -53.04950 1154914069 219.061000    34.6555 0.0000e+00
   1326.000     0.0024   2.936726     0.0025   2.936837    5.67636    -0.1045    13.8155 0.0000e+00  -61.96900  -53.04950 1154914070 219.061012    34.6554 0.0000e+00
   1327.000     0.0026   2.936783     0.0030   2.936909    5.67484    -0.1016    13.8155 0.0000e+00  -61.96900  -53.04950 1154914071 219.061025    34.6554 0.0000e+00
   1328.000     0.0034   2.936895     0.0037   2.937022    5.67527    -0.1103    13.8155 0.0000e+00  -61.96900  -53.04950 1154914072 219.061038    34.6553 0.0000e+00
   1329.000     0.0027   2.936871     0.0036   2.937043    5.67646    -0.1084    13.8155 0.0000e+00  -61.96900  -53.04950 1154914073 219.061050    34.6552 0.0000e+00
   1330.000     0.0015   2.936806     0.0021   2.936958    5.67673    -0.1258    13.8155 0.0000e+00  -61.96900  -53.04950 1154914074 219.061063    34.6552 0.0000e+00
   1331.000     0.0020   2.936890     0.0023   2.937008    5.67797    -0.1434    13.8155 0.0000e+00  -61.96900  -53.04950 1154914075 219.061075    34.6552 0.0000e+00
   1332.000     0.0019   2.936908     0.0021   2.937027    5.67861    -0.1249    13.8155 0.0000e+00  -61.96900  -53.04950 1154914077 219.061088    34.6550 0.0000e+00
   1333.000     0.0017   2.936939     0.0021   2.937070    5.67900    -0.1043    13.8155 0.0000e+00  -61.96900  -53.04950 1154914078 219.061101    34.6551 0.0000e+00
   1334.000     0.0019   2.937009     0.0020   2.937099    5.67918    -0.1156    13.8155 0.0000e+00  -61.96900  -53.04950 1154914079 219.061114    34.6552 0.0000e+00
   1335.000     0.0018   2.937030     0.0019   2.937128    5.67851    -0.1181    13.8155 0.0000e+00  -61.96900  -53.04950 1154914080 219.061126    34.6551 0.0000e+00
   1336.000     0.0005   2.936954     0.0005   2.937063    5.67869    -0.1198    13.8155 0.0000e+00  -61.96900  -53.04950 1154914081 219.061139    34.6550 0.0000e+00
   1337.000    -0.0014   2.936844    -0.0013   2.936948    5.67841    -0.1190    13.8155 0.0000e+00  -61.96900  -53.04950 1154914082 219.061151    34.6551 0.0000e+00
   1338.000    -0.0010   2.936924    -0.0006   2.937045    5.67807    -0.1141    13.8155 0.0000e+00  -61.96900  -53.04950 1154914083 219.061164    34.6552 0.0000e+00
   1339.000    -0.0018   2.936888    -0.0018   2.936998    5.67869    -0.1353    13.8155 0.0000e+00  -61.96900  -53.04950 1154914084 219.061177    34.6551 0.0000e+00
   1340.000    -0.0031   2.936828    -0.0032   2.936911    5.67933    -0.1345    13.8155 0.0000e+00  -61.96900  -53.04950 1154914085 219.061189    34.6551 0.0000e+00
   1341.000    -0.0037   2.936806    -0.0033   2.936953    5.68011    -0.1281    13.8155 0.0000e+00  -61.96900  -53.04950 1154914086 219.061202    34.6551 0.0000e+00
   1342.000    -0.0045   2.936795    -0.0043   2.936907    5.67876    -0.1347    13.8155 0.0000e+00  -61.96900  -53.04950 1154914088 219.061215    34.6552 0.0000e+00
   1343.000    -0.0065   2.936657    -0.0063   2.936770    5.68017    -0.1091    13.8155 0.0000e+00  -61.96900  -53.04950 1154914089 219.061228    34.6551 0.0000e+00
   1344.000    -0.0068   2.936678    -0.0064   2.936812    5.68230    -0.1148    13.8155 0.0000e+00  -61.96900  -53.04950 1154914090 219.061241    34.6552 0.0000e+00
   1345.000    -0.0071   2.936701    -0.0067   2.936823    5.68386    -0.1205    13.8155 0.0000e+00  -61.96900  -53.04950 1154914091 219.061254    34.6553 0.0000e+00
   1346.000    -0.0078   2.936682    -0.0077   2.936802    5.68456    -0.1196    13.8155 0.0000e+00  -61.96900  -53.04950 1154914092 219.061266    34.6552 0.0000e+00
   1347.000    -0.0094   2.936602    -0.0093   2.936700    5.68530    -0.1128    13.8155 0.0000e+00  -61.96900  -53.04950 1154914093 219.061279    34.6554 0.0000e+00
   1348.000    -0.0098   2.936610    -0.0096   2.936728    5.68633    -0.1100    13.8155 0.0000e+00  -61.96900  -53.04950 1154914094 219.061292    34.6555 0.0000e+00
