product_data/regression_test/downloaded_data/MGDS/320620060703/ctd/adapted/heads_insert_p6620301.cnv
* Sea-Bird SBE 9 Data File:
* FileName = D:\Data\Raw\p6620301.dat
* Software Version Seasave Win32 V 5.32
* Temperature SN = 1649
* Conductivity SN = 1431
* Number of Bytes Per Scan = 37
* Number of Voltage Words = 5
* Number of Scans Averaged by the Deck Unit = 1
* NMEA Latitude = 64 28.09 S
* NMEA Longitude = 061 55.02 W
* NMEA UTC (Time) = 04:29:14
** Ship:   Nathaniel B. Palmer 
** Cruise:    NBP0606 
# nquan = 15
# nvalues = 467                         
# units = specified
# name 0 = prDM: Pressure, Digiquartz [db]
# name 1 = t090C: Temperature [ITS-90, deg C]
# name 2 = c0S/m: Conductivity [S/m]
# name 3 = t190C: Temperature, 2 [ITS-90, deg C]
# name 4 = c1S/m: Conductivity, 2 [S/m]
# name 5 = sbeox0ML/L: Oxygen, SBE 43 [ml/l]
# name 6 = flECO-AFL: Fluorescence, Wetlab ECO-AFL/FL [mg/m^3]
# name 7 = bat: Beam Attenuation, Chelsea/Seatech/Wetlab CStar [1/m]
# name 8 = spar: SPAR/Surface Irradiance
# name 9 = latitude: Latitude [deg]
# name 10 = longitude: Longitude [deg]
# name 11 = timeY: Time, System [seconds]
# name 12 = timeJ: Julian Days
# name 13 = sal00: Salinity [PSU]
# name 14 = flag: flag
# span 0 =      3.000,    469.000       
# span 1 =    -1.2446,     0.0448       
# span 2 =   2.731480,   2.891315       
# span 3 =    -1.2458,     0.0451       
# span 4 =   2.731816,   2.891560       
# span 5 =    5.92022,    7.16349       
# span 6 =    -0.1076,    -0.0053       
# span 7 =    13.8155,    13.8155       
# span 8 = 0.0000e+00, 0.0000e+00       
# span 9 =  -64.46817,  -64.46817       
# span 10 =  -61.91700,  -61.91700      
# span 11 = 1154060972, 1154061715      
# span 12 = 209.187204, 209.195800      
# span 13 =    34.0851,    34.5019      
# span 14 = 0.0000e+00, 0.0000e+00      
# interval = decibars: 1                
# start_time = Jul 28 2006 04:29:23
# bad_flag = -9.990e-29
*END*
[from data line 97]
     99.000    -0.0892   2.850134    -0.0885   2.850465    6.20241    -0.0420    13.8155 0.0000e+00  -64.46817  -61.91700 1154061187 209.189691    34.3289 0.0000e+00
    100.000    -0.0891   2.850199    -0.0884   2.850529    6.20183    -0.0528    13.8155 0.0000e+00  -64.46817  -61.91700 1154061188 209.189704    34.3291 0.0000e+00
    101.000    -0.0893   2.850258    -0.0885   2.850592    6.19861    -0.0673    13.8155 0.0000e+00  -64.46817  -61.91700 1154061189 209.189717    34.3295 0.0000e+00
    102.000    -0.0844   2.850927    -0.0841   2.851173    6.19600    -0.0556    13.8155 0.0000e+00  -64.46817  -61.91700 1154061191 209.189732    34.3322 0.0000e+00
    103.000    -0.0799   2.851448    -0.0792   2.851770    6.19286    -0.0485    13.8155 0.0000e+00  -64.46817  -61.91700 1154061192 209.189749    34.3333 0.0000e+00
    104.000    -0.0772   2.851794    -0.0764   2.852115    6.18907    -0.0361    13.8155 0.0000e+00  -64.46817  -61.91700 1154061194 209.189764    34.3342 0.0000e+00
    105.000    -0.0750   2.852082    -0.0743   2.852401    6.18700    -0.0554    13.8155 0.0000e+00  -64.46817  -61.91700 1154061195 209.189779    34.3349 0.0000e+00
    106.000    -0.0757   2.852059    -0.0750   2.852384    6.18445    -0.0396    13.8155 0.0000e+00  -64.46817  -61.91700 1154061196 209.189792    34.3349 0.0000e+00
    107.000    -0.0756   2.852111    -0.0751   2.852435    6.18005    -0.0628    13.8155 0.0000e+00  -64.46817  -61.91700 1154061197 209.189806    34.3349 0.0000e+00
    108.000    -0.0748   2.852290    -0.0739   2.852646    6.17542    -0.0471    13.8155 0.0000e+00  -64.46817  -61.91700 1154061199 209.189822    34.3358 0.0000e+00
    109.000    -0.0684   2.853043    -0.0670   2.853416    6.16926    -0.0546    13.8155 0.0000e+00  -64.46817  -61.91700 1154061200 209.189838    34.3378 0.0000e+00
    110.000    -0.0660   2.853356    -0.0650   2.853708    6.16591    -0.0457    13.8155 0.0000e+00  -64.46817  -61.91700 1154061201 209.189851    34.3386 0.0000e+00
    111.000    -0.0622   2.853835    -0.0614   2.854161    6.16295    -0.0605    13.8155 0.0000e+00  -64.46817  -61.91700 1154061202 209.189864    34.3401 0.0000e+00
    112.000    -0.0603   2.854097    -0.0596   2.854416    6.16088    -0.0612    13.8155 0.0000e+00  -64.46817  -61.91700 1154061203 209.189878    34.3408 0.0000e+00
    113.000    -0.0597   2.854191    -0.0592   2.854509    6.15836    -0.0638    13.8155 0.0000e+00  -64.46817  -61.91700 1154061205 209.189893    34.3408 0.0000e+00
    114.000    -0.0590   2.854327    -0.0582   2.854650    6.15883    -0.0595    13.8155 0.0000e+00  -64.46817  -61.91700 1154061206 209.189906    34.3413 0.0000e+00
    115.000    -0.0584   2.854439    -0.0577   2.854760    6.16140    -0.0818    13.8155 0.0000e+00  -64.46817  -61.91700 1154061207 209.189919    34.3415 0.0000e+00
    116.000    -0.0575   2.854587    -0.0569   2.854903    6.16297    -0.0473    13.8155 0.0000e+00  -64.46817  -61.91700 1154061208 209.189933    34.3419 0.0000e+00
    117.000    -0.0562   2.854820    -0.0554   2.855149    6.15818    -0.0736    13.8155 0.0000e+00  -64.46817  -61.91700 1154061209 209.189947    34.3429 0.0000e+00
    118.000    -0.0552   2.855048    -0.0546   2.855376    6.15502    -0.0678    13.8155 0.0000e+00  -64.46817  -61.91700 1154061210 209.189960    34.3442 0.0000e+00
    119.000    -0.0575   2.855090    -0.0581   2.855400    6.15370    -0.0714    13.8155 0.0000e+00  -64.46817  -61.91700 1154061212 209.189972    34.3467 0.0000e+00
    120.000    -0.0593   2.855085    -0.0586   2.855414    6.15399    -0.0528    13.8155 0.0000e+00  -64.46817  -61.91700 1154061213 209.189987    34.3482 0.0000e+00
    121.000    -0.0596   2.855132    -0.0590   2.855452    6.15618    -0.0501    13.8155 0.0000e+00  -64.46817  -61.91700 1154061214 209.190002    34.3486 0.0000e+00
    122.000    -0.0610   2.855168    -0.0603   2.855494    6.16061    -0.0416    13.8155 0.0000e+00  -64.46817  -61.91700 1154061215 209.190016    34.3502 0.0000e+00
    123.000    -0.0617   2.855215    -0.0610   2.855538    6.16426    -0.0676    13.8155 0.0000e+00  -64.46817  -61.91700 1154061216 209.190028    34.3509 0.0000e+00
    124.000    -0.0626   2.855205    -0.0621   2.855522    6.16811    -0.0738    13.8155 0.0000e+00  -64.46817  -61.91700 1154061217 209.190040    34.3513 0.0000e+00
    125.000    -0.0676   2.854965    -0.0667   2.855309    6.17197    -0.0600    13.8155 0.0000e+00  -64.46817  -61.91700 1154061219 209.190055    34.3532 0.0000e+00
    126.000    -0.0685   2.854941    -0.0671   2.855317    6.17291    -0.0476    13.8155 0.0000e+00  -64.46817  -61.91700 1154061220 209.190071    34.3533 0.0000e+00
    127.000    -0.0694   2.854917    -0.0684   2.855270    6.17292    -0.0522    13.8155 0.0000e+00  -64.46817  -61.91700 1154061221 209.190085    34.3534 0.0000e+00
    128.000    -0.0726   2.854752    -0.0734   2.855021    6.17342    -0.0456    13.8155 0.0000e+00  -64.46817  -61.91700 1154061222 209.190097    34.3542 0.0000e+00
    129.000    -0.0766   2.854600    -0.0758   2.854938    6.17460    -0.0504    13.8155 0.0000e+00  -64.46817  -61.91700 1154061223 209.190108    34.3562 0.0000e+00
    130.000    -0.0768   2.854628    -0.0764   2.854937    6.17812    -0.0485    13.8155 0.0000e+00  -64.46817  -61.91700 1154061225 209.190124    34.3562 0.0000e+00
    131.000    -0.0765   2.854706    -0.0758   2.855028    6.18099    -0.0570    13.8155 0.0000e+00  -64.46817  -61.91700 1154061226 209.190143    34.3562 0.0000e+00
    132.000    -0.0762   2.854784    -0.0756   2.855113    6.18429    -0.0717    13.8155 0.0000e+00  -64.46817  -61.91700 1154061227 209.190155    34.3563 0.0000e+00
    133.000    -0.0753   2.854892    -0.0747   2.855221    6.18634    -0.0519    13.8155 0.0000e+00  -64.46817  -61.91700 1154061228 209.190165    34.3560 0.0000e+00
    134.000    -0.0755   2.854926    -0.0750   2.855248    6.18688    -0.0498    13.8155 0.0000e+00  -64.46817  -61.91700 1154061229 209.190175    34.3561 0.0000e+00
    135.000    -0.0758   2.854957    -0.0749   2.855295    6.18816    -0.0491    13.8155 0.0000e+00  -64.46817  -61.91700 1154061230 209.190190    34.3562 0.0000e+00
    136.000    -0.0751   2.855058    -0.0744   2.855388    6.19101    -0.0506    13.8155 0.0000e+00  -64.46817  -61.91700 1154061232 209.190208    34.3560 0.0000e+00
    137.000    -0.0751   2.855109    -0.0746   2.855422    6.19209    -0.0719    13.8155 0.0000e+00  -64.46817  -61.91700 1154061233 209.190222    34.3562 0.0000e+00
    138.000    -0.0750   2.855165    -0.0744   2.855479    6.19313    -0.0493    13.8155 0.0000e+00  -64.46817  -61.91700 1154061234 209.190233    34.3562 0.0000e+00
    139.000    -0.0753   2.855195    -0.0754   2.855474    6.19539    -0.0670    13.8155 0.0000e+00  -64.46817  -61.91700 1154061235 209.190245    34.3564 0.0000e+00
    140.000    -0.0770   2.855173    -0.0767   2.855505    6.19985    -0.0379    13.8155 0.0000e+00  -64.46817  -61.91700 1154061236 209.190261    34.3574 0.0000e+00
    141.000    -0.0836   2.854778    -0.0835   2.855083    6.20695    -0.0812    13.8155 0.0000e+00  -64.46817  -61.91700 1154061238 209.190277    34.3591 0.0000e+00
    142.000    -0.0934   2.854005    -0.0936   2.854308    6.21731    -0.0636    13.8155 0.0000e+00  -64.46817  -61.91700 1154061239 209.190291    34.3594 0.0000e+00
    143.000    -0.1124   2.852479    -0.1125   2.852825    6.22608    -0.0598    13.8155 0.0000e+00  -64.46817  -61.91700 1154061240 209.190305    34.3603 0.0000e+00
    144.000    -0.1238   2.851634    -0.1230   2.852005    6.23592    -0.0528    13.8155 0.0000e+00  -64.46817  -61.91700 1154061241 209.190318    34.3617 0.0000e+00
    145.000    -0.1286   2.851288    -0.1281   2.851629    6.25019    -0.0693    13.8155 0.0000e+00  -64.46817  -61.91700 1154061243 209.190332    34.3619 0.0000e+00
    146.000    -0.1324   2.851041    -0.1320   2.851374    6.26431    -0.0426    13.8155 0.0000e+00  -64.46817  -61.91700 1154061244 209.190348    34.3621 0.0000e+00
    147.000    -0.1365   2.850777    -0.1364   2.851067    6.27081    -0.0407    13.8155 0.0000e+00  -64.46817  -61.91700 1154061245 209.190362    34.3625 0.0000e+00
    148.000    -0.1391   2.850608    -0.1388   2.850938    6.27645    -0.0573    13.8155 0.0000e+00  -64.46817  -61.91700 1154061246 209.190373    34.3626 0.0000e+00
    149.000    -0.1447   2.850210    -0.1446   2.850537    6.28200    -0.0599    13.8155 0.0000e+00  -64.46817  -61.91700 1154061247 209.190385    34.3629 0.0000e+00
    150.000    -0.1561   2.849310    -0.1569   2.849550    6.29079    -0.0582    13.8155 0.0000e+00  -64.46817  -61.91700 1154061248 209.190401    34.3633 0.0000e+00
    151.000    -0.1654   2.848641    -0.1649   2.848994    6.30861    -0.0592    13.8155 0.0000e+00  -64.46817  -61.91700 1154061250 209.190420    34.3643 0.0000e+00
    152.000    -0.1844   2.847206    -0.1841   2.847574    6.31508    -0.0494    13.8155 0.0000e+00  -64.46817  -61.91700 1154061251 209.190433    34.3665 0.0000e+00
    153.000    -0.1809   2.847663    -0.1802   2.848024    6.32030    -0.0658    13.8155 0.0000e+00  -64.46817  -61.91700 1154061252 209.190444    34.3678 0.0000e+00
    154.000    -0.1812   2.847723    -0.1806   2.848064    6.32802    -0.0571    13.8155 0.0000e+00  -64.46817  -61.91700 1154061253 209.190457    34.3681 0.0000e+00
    155.000    -0.1829   2.847634    -0.1821   2.848000    6.33465    -0.0610    13.8155 0.0000e+00  -64.46817  -61.91700 1154061255 209.190473    34.3681 0.0000e+00
    156.000    -0.1869   2.847388    -0.1864   2.847729    6.34214    -0.0388    13.8155 0.0000e+00  -64.46817  -61.91700 1154061256 209.190489    34.3686 0.0000e+00
    157.000    -0.1927   2.847012    -0.1924   2.847343    6.34828    -0.0492    13.8155 0.0000e+00  -64.46817  -61.91700 1154061257 209.190502    34.3695 0.0000e+00
    158.000    -0.1993   2.846582    -0.1986   2.846942    6.35061    -0.0395    13.8155 0.0000e+00  -64.46817  -61.91700 1154061258 209.190515    34.3707 0.0000e+00
    159.000    -0.2043   2.846237    -0.2041   2.846581    6.35414    -0.0457    13.8155 0.0000e+00  -64.46817  -61.91700 1154061259 209.190527    34.3711 0.0000e+00
    160.000    -0.2114   2.845726    -0.2103   2.846127    6.35930    -0.0359    13.8155 0.0000e+00  -64.46817  -61.91700 1154061261 209.190542    34.3717 0.0000e+00
    161.000    -0.2228   2.844894    -0.2218   2.845287    6.36169    -0.0405    13.8155 0.0000e+00  -64.46817  -61.91700 1154061262 209.190559    34.3731 0.0000e+00
    162.000    -0.2279   2.844749    -0.2275   2.845098    6.36165    -0.0587    13.8155 0.0000e+00  -64.46817  -61.91700 1154061263 209.190573    34.3762 0.0000e+00
    163.000    -0.2335   2.844358    -0.2340   2.844641    6.35697    -0.0515    13.8155 0.0000e+00  -64.46817  -61.91700 1154061264 209.190584    34.3768 0.0000e+00
    164.000    -0.2280   2.845129    -0.2270   2.845445    6.35339    -0.0893    13.8155 0.0000e+00  -64.46817  -61.91700 1154061265 209.190596    34.3801 0.0000e+00
    165.000    -0.2154   2.846353    -0.2141   2.846723    6.34893    -0.0429    13.8155 0.0000e+00  -64.46817  -61.91700 1154061267 209.190613    34.3809 0.0000e+00
    166.000    -0.1935   2.848538    -0.1922   2.848790    6.33504    -0.0451    13.8155 0.0000e+00  -64.46817  -61.91700 1154061268 209.190630    34.3844 0.0000e+00
    167.000    -0.1661   2.851119    -0.1652   2.851397    6.32245    -0.0679    13.8155 0.0000e+00  -64.46817  -61.91700 1154061269 209.190642    34.3862 0.0000e+00
    168.000    -0.1514   2.852579    -0.1507   2.852837    6.31503    -0.0438    13.8155 0.0000e+00  -64.46817  -61.91700 1154061270 209.190654    34.3881 0.0000e+00
    169.000    -0.1464   2.853093    -0.1462   2.853335    6.30542    -0.0598    13.8155 0.0000e+00  -64.46817  -61.91700 1154061272 209.190670    34.3887 0.0000e+00
    170.000    -0.1416   2.853604    -0.1398   2.854001    6.29609    -0.0518    13.8155 0.0000e+00  -64.46817  -61.91700 1154061273 209.190686    34.3896 0.0000e+00
    171.000    -0.1361   2.854177    -0.1352   2.854496    6.28396    -0.0826    13.8155 0.0000e+00  -64.46817  -61.91700 1154061274 209.190700    34.3905 0.0000e+00
    172.000    -0.1344   2.854389    -0.1338   2.854682    6.27809    -0.0392    13.8155 0.0000e+00  -64.46817  -61.91700 1154061276 209.190714    34.3909 0.0000e+00
    173.000    -0.1320   2.854697    -0.1314   2.854974    6.27328    -0.0608    13.8155 0.0000e+00  -64.46817  -61.91700 1154061277 209.190727    34.3918 0.0000e+00
    174.000    -0.1283   2.855136    -0.1277   2.855417    6.26900    -0.0764    13.8155 0.0000e+00  -64.46817  -61.91700 1154061278 209.190740    34.3929 0.0000e+00
    175.000    -0.1172   2.856358    -0.1163   2.856630    6.26125    -0.0583    13.8155 0.0000e+00  -64.46817  -61.91700 1154061279 209.190754    34.3959 0.0000e+00
    176.000    -0.1127   2.856873    -0.1121   2.857171    6.25136    -0.0539    13.8155 0.0000e+00  -64.46817  -61.91700 1154061280 209.190770    34.3970 0.0000e+00
    177.000    -0.1120   2.856990    -0.1116   2.857266    6.24766    -0.0477    13.8155 0.0000e+00  -64.46817  -61.91700 1154061282 209.190784    34.3974 0.0000e+00
    178.000    -0.1091   2.857330    -0.1087   2.857600    6.24389    -0.0552    13.8155 0.0000e+00  -64.46817  -61.91700 1154061283 209.190797    34.3982 0.0000e+00
    179.000    -0.1052   2.857778    -0.1049   2.858041    6.23853    -0.0399    13.8155 0.0000e+00  -64.46817  -61.91700 1154061284 209.190812    34.3991 0.0000e+00
    180.000    -0.1057   2.857846    -0.1053   2.858131    6.23244    -0.0508    13.8155 0.0000e+00  -64.46817  -61.91700 1154061286 209.190829    34.4000 0.0000e+00
    181.000    -0.1068   2.857817    -0.1063   2.858115    6.23137    -0.0704    13.8155 0.0000e+00  -64.46817  -61.91700 1154061287 209.190842    34.4005 0.0000e+00
    182.000    -0.1073   2.857858    -0.1067   2.858146    6.23121    -0.0405    13.8155 0.0000e+00  -64.46817  -61.91700 1154061288 209.190853    34.4010 0.0000e+00
    183.000    -0.1067   2.857989    -0.1063   2.858260    6.23198    -0.0573    13.8155 0.0000e+00  -64.46817  -61.91700 1154061289 209.190866    34.4016 0.0000e+00
    184.000    -0.1033   2.858378    -0.1025   2.858692    6.22843    -0.0551    13.8155 0.0000e+00  -64.46817  -61.91700 1154061290 209.190884    34.4024 0.0000e+00
    185.000    -0.1048   2.858307    -0.1043   2.858612    6.22528    -0.0523    13.8155 0.0000e+00  -64.46817  -61.91700 1154061292 209.190899    34.4025 0.0000e+00
    186.000    -0.1127   2.857807    -0.1122   2.858131    6.22469    -0.0787    13.8155 0.0000e+00  -64.46817  -61.91700 1154061293 209.190911    34.4044 0.0000e+00
    187.000    -0.1123   2.857962    -0.1122   2.858215    6.22486    -0.0558    13.8155 0.0000e+00  -64.46817  -61.91700 1154061294 209.190923    34.4056 0.0000e+00
    188.000    -0.1104   2.858207    -0.1100   2.858473    6.22230    -0.0666    13.8155 0.0000e+00  -64.46817  -61.91700 1154061295 209.190937    34.4059 0.0000e+00
    189.000    -0.1090   2.858386    -0.1082   2.858699    6.22138    -0.0696    13.8155 0.0000e+00  -64.46817  -61.91700 1154061296 209.190952    34.4061 0.0000e+00
    190.000    -0.1082   2.858511    -0.1075   2.858811    6.21986    -0.0407    13.8155 0.0000e+00  -64.46817  -61.91700 1154061297 209.190965    34.4062 0.0000e+00
    191.000    -0.1074   2.858634    -0.1068   2.858921    6.21954    -0.0497    13.8155 0.0000e+00  -64.46817  -61.91700 1154061299 209.190977    34.4063 0.0000e+00
    192.000    -0.1062   2.858789    -0.1056   2.859077    6.21989    -0.0785    13.8155 0.0000e+00  -64.46817  -61.91700 1154061299 209.190990    34.4065 0.0000e+00
    193.000    -0.1054   2.858907    -0.1049   2.859186    6.21950    -0.0779    13.8155 0.0000e+00  -64.46817  -61.91700 1154061301 209.191003    34.4066 0.0000e+00
