product_data/regression_test/downloaded_data/MGDS/320620060703/ctd/adapted/heads_insert_p6620301.cnv
* Sea-Bird SBE 9 Data File:
* FileName = D:\Data\Raw\p6620301.dat
* Software Version Seasave Win32 V 5.32
* Temperature SN = 1649
* Conductivity SN = 1431
* Number of Bytes Per Scan = 37
* Number of Voltage Words = 5
* Number of Scans Averaged by the Deck Unit = 1
* NMEA Latitude = 64 28.09 S
* NMEA Longitude = 061 55.02 W
* NMEA UTC (Time) = 04:29:14
** Ship:   Nathaniel B. Palmer 
** Cruise:    NBP0606 
# nquan = 15
# nvalues = 467                         
# units = specified
# name 0 = prDM: Pressure, Digiquartz [db]
# name 1 = t090C: Temperature [ITS-90, deg C]
# name 2 = c0S/m: Conductivity [S/m]
# name 3 = t190C: Temperature, 2 [ITS-90, deg C]
# name 4 = c1S/m: Conductivity, 2 [S/m]
# name 5 = sbeox0ML/L: Oxygen, SBE 43 [ml/l]
# name 6 = flECO-AFL: Fluorescence, Wetlab ECO-AFL/FL [mg/m^3]
# name 7 = bat: Beam Attenuation, Chelsea/Seatech/Wetlab CStar [1/m]
# name 8 = spar: SPAR/Surface Irradiance
# name 9 = latitude: Latitude [deg]
# name 10 = longitude: Longitude [deg]
# name 11 = timeY: Time, System [seconds]
# name 12 = timeJ: Julian Days
# name 13 = sal00: Salinity [PSU]
# name 14 = flag: flag
# span 0 =      3.000,    469.000       
# span 1 =    -1.2446,     0.0448       
# span 2 =   2.731480,   2.891315       
# span 3 =    -1.2458,     0.0451       
# span 4 =   2.731816,   2.891560       
# span 5 =    5.92022,    7.16349       
# span 6 =    -0.1076,    -0.0053       
# span 7 =    13.8155,    13.8155       
# span 8 = 0.0000e+00, 0.0000e+00       
# span 9 =  -64.46817,  -64.46817       
# span 10 =  -61.91700,  -61.91700      
# span 11 = 1154060972, 1154061715      
# span 12 = 209.187204, 209.195800      
# span 13 =    34.0851,    34.5019      
# span 14 = 0.0000e+00, 0.0000e+00      
# interval = decibars: 1                
# start_time = Jul 28 2006 04:29:23
# bad_flag = -9.990e-29
*END*
[from data line 193]
    195.000    -0.1038   2.859140    -0.1038   2.859382    6.21917    -0.0534    13.8155 0.0000e+00  -64.46817  -61.91700 1154061303 209.191033    34.4066 0.0000e+00
    196.000    -0.1035   2.859222    -0.1030   2.859513    6.22186    -0.0550    13.8155 0.0000e+00  -64.46817  -61.91700 1154061304 209.191046    34.4067 0.0000e+00
    197.000    -0.1037   2.859267    -0.1032   2.859562    6.22109    -0.0622    13.8155 0.0000e+00  -64.46817  -61.91700 1154061306 209.191059    34.4070 0.0000e+00
    198.000    -0.1038   2.859340    -0.1033   2.859634    6.21970    -0.0401    13.8155 0.0000e+00  -64.46817  -61.91700 1154061307 209.191072    34.4075 0.0000e+00
    199.000    -0.1030   2.859476    -0.1025   2.859778    6.21573    -0.0577    13.8155 0.0000e+00  -64.46817  -61.91700 1154061308 209.191085    34.4078 0.0000e+00
    200.000    -0.1032   2.859521    -0.1027   2.859820    6.21415    -0.0775    13.8155 0.0000e+00  -64.46817  -61.91700 1154061309 209.191098    34.4080 0.0000e+00
    201.000    -0.1037   2.859553    -0.1026   2.859893    6.21348    -0.0658    13.8155 0.0000e+00  -64.46817  -61.91700 1154061310 209.191112    34.4085 0.0000e+00
    202.000    -0.1028   2.859690    -0.1020   2.860009    6.21192    -0.0372    13.8155 0.0000e+00  -64.46817  -61.91700 1154061311 209.191127    34.4087 0.0000e+00
    203.000    -0.1023   2.859839    -0.1016   2.860137    6.20998    -0.0514    13.8155 0.0000e+00  -64.46817  -61.91700 1154061312 209.191140    34.4094 0.0000e+00
    204.000    -0.1015   2.860019    -0.1009   2.860311    6.20828    -0.0702    13.8155 0.0000e+00  -64.46817  -61.91700 1154061313 209.191152    34.4103 0.0000e+00
    205.000    -0.1009   2.860156    -0.1003   2.860459    6.20541    -0.0707    13.8155 0.0000e+00  -64.46817  -61.91700 1154061314 209.191164    34.4109 0.0000e+00
    206.000    -0.0999   2.860329    -0.0994   2.860616    6.20336    -0.0595    13.8155 0.0000e+00  -64.46817  -61.91700 1154061316 209.191178    34.4114 0.0000e+00
    207.000    -0.0997   2.860441    -0.0992   2.860733    6.19984    -0.0848    13.8155 0.0000e+00  -64.46817  -61.91700 1154061317 209.191193    34.4121 0.0000e+00
    208.000    -0.0999   2.860483    -0.0994   2.860769    6.19830    -0.0512    13.8155 0.0000e+00  -64.46817  -61.91700 1154061318 209.191208    34.4122 0.0000e+00
    209.000    -0.1000   2.860523    -0.0993   2.860816    6.19537    -0.0573    13.8155 0.0000e+00  -64.46817  -61.91700 1154061319 209.191221    34.4123 0.0000e+00
    210.000    -0.1000   2.860582    -0.0993   2.860879    6.19531    -0.0489    13.8155 0.0000e+00  -64.46817  -61.91700 1154061320 209.191233    34.4124 0.0000e+00
    211.000    -0.0993   2.860699    -0.0988   2.860979    6.19309    -0.0589    13.8155 0.0000e+00  -64.46817  -61.91700 1154061321 209.191245    34.4126 0.0000e+00
    212.000    -0.0971   2.860971    -0.0967   2.861242    6.19127    -0.0350    13.8155 0.0000e+00  -64.46817  -61.91700 1154061323 209.191259    34.4132 0.0000e+00
    213.000    -0.0954   2.861198    -0.0949   2.861495    6.19407    -0.0430    13.8155 0.0000e+00  -64.46817  -61.91700 1154061324 209.191275    34.4137 0.0000e+00
    214.000    -0.0968   2.861208    -0.0964   2.861508    6.19484    -0.0594    13.8155 0.0000e+00  -64.46817  -61.91700 1154061325 209.191290    34.4147 0.0000e+00
    215.000    -0.0976   2.861213    -0.0970   2.861513    6.19548    -0.0705    13.8155 0.0000e+00  -64.46817  -61.91700 1154061326 209.191302    34.4152 0.0000e+00
    216.000    -0.0980   2.861225    -0.0972   2.861542    6.19604    -0.0521    13.8155 0.0000e+00  -64.46817  -61.91700 1154061327 209.191314    34.4151 0.0000e+00
    217.000    -0.0977   2.861308    -0.0967   2.861633    6.19546    -0.0556    13.8155 0.0000e+00  -64.46817  -61.91700 1154061328 209.191326    34.4154 0.0000e+00
    218.000    -0.0967   2.861434    -0.0962   2.861740    6.19046    -0.0593    13.8155 0.0000e+00  -64.46817  -61.91700 1154061330 209.191339    34.4153 0.0000e+00
    219.000    -0.0964   2.861520    -0.0958   2.861823    6.18839    -0.0494    13.8155 0.0000e+00  -64.46817  -61.91700 1154061331 209.191354    34.4154 0.0000e+00
    220.000    -0.0958   2.861656    -0.0953   2.861954    6.18617    -0.0568    13.8155 0.0000e+00  -64.46817  -61.91700 1154061332 209.191369    34.4160 0.0000e+00
    221.000    -0.0965   2.861687    -0.0961   2.861982    6.18281    -0.0460    13.8155 0.0000e+00  -64.46817  -61.91700 1154061333 209.191383    34.4166 0.0000e+00
    222.000    -0.0966   2.861794    -0.0961   2.862102    6.18264    -0.0640    13.8155 0.0000e+00  -64.46817  -61.91700 1154061335 209.191397    34.4176 0.0000e+00
    223.000    -0.0978   2.861798    -0.0975   2.862084    6.18229    -0.0757    13.8155 0.0000e+00  -64.46817  -61.91700 1154061336 209.191410    34.4183 0.0000e+00
    224.000    -0.0996   2.861773    -0.0991   2.862065    6.18083    -0.0648    13.8155 0.0000e+00  -64.46817  -61.91700 1154061337 209.191422    34.4195 0.0000e+00
    225.000    -0.0999   2.861816    -0.0994   2.862098    6.17919    -0.0590    13.8155 0.0000e+00  -64.46817  -61.91700 1154061338 209.191433    34.4198 0.0000e+00
    226.000    -0.0991   2.861939    -0.0987   2.862241    6.17676    -0.0546    13.8155 0.0000e+00  -64.46817  -61.91700 1154061339 209.191448    34.4199 0.0000e+00
    227.000    -0.0979   2.862154    -0.0973   2.862448    6.17662    -0.0404    13.8155 0.0000e+00  -64.46817  -61.91700 1154061341 209.191466    34.4208 0.0000e+00
    228.000    -0.0965   2.862374    -0.0961   2.862652    6.17435    -0.0465    13.8155 0.0000e+00  -64.46817  -61.91700 1154061342 209.191479    34.4215 0.0000e+00
    229.000    -0.0918   2.862913    -0.0908   2.863220    6.17072    -0.0460    13.8155 0.0000e+00  -64.46817  -61.91700 1154061343 209.191489    34.4229 0.0000e+00
    230.000    -0.0791   2.864208    -0.0785   2.864460    6.16589    -0.0548    13.8155 0.0000e+00  -64.46817  -61.91700 1154061344 209.191500    34.4247 0.0000e+00
    231.000    -0.0722   2.864969    -0.0716   2.865244    6.16682    -0.0559    13.8155 0.0000e+00  -64.46817  -61.91700 1154061345 209.191515    34.4261 0.0000e+00
    232.000    -0.0806   2.864373    -0.0810   2.864619    6.16556    -0.0686    13.8155 0.0000e+00  -64.46817  -61.91700 1154061346 209.191531    34.4273 0.0000e+00
    233.000    -0.0807   2.864689    -0.0802   2.864917    6.16317    -0.0602    13.8155 0.0000e+00  -64.46817  -61.91700 1154061347 209.191544    34.4314 0.0000e+00
    234.000    -0.0746   2.865304    -0.0737   2.865635    6.16048    -0.0888    13.8155 0.0000e+00  -64.46817  -61.91700 1154061348 209.191556    34.4317 0.0000e+00
    235.000    -0.0783   2.865020    -0.0778   2.865328    6.15398    -0.0735    13.8155 0.0000e+00  -64.46817  -61.91700 1154061349 209.191569    34.4317 0.0000e+00
    236.000    -0.0787   2.865045    -0.0783   2.865312    6.15720    -0.1076    13.8155 0.0000e+00  -64.46817  -61.91700 1154061351 209.191582    34.4319 0.0000e+00
    237.000    -0.0778   2.865178    -0.0775   2.865453    6.15972    -0.0620    13.8155 0.0000e+00  -64.46817  -61.91700 1154061352 209.191596    34.4321 0.0000e+00
    238.000    -0.0733   2.865848    -0.0710   2.866207    6.15084    -0.0533    13.8155 0.0000e+00  -64.46817  -61.91700 1154061353 209.191610    34.4357 0.0000e+00
    239.000    -0.0399   2.869070    -0.0393   2.869316    6.14433    -0.0870    13.8155 0.0000e+00  -64.46817  -61.91700 1154061354 209.191623    34.4388 0.0000e+00
    240.000    -0.0428   2.868908    -0.0426   2.869160    6.13731    -0.0641    13.8155 0.0000e+00  -64.46817  -61.91700 1154061355 209.191635    34.4395 0.0000e+00
    241.000    -0.0415   2.869241    -0.0405   2.869531    6.12682    -0.0632    13.8155 0.0000e+00  -64.46817  -61.91700 1154061356 209.191649    34.4421 0.0000e+00
    242.000    -0.0249   2.870962    -0.0243   2.871204    6.11489    -0.0365    13.8155 0.0000e+00  -64.46817  -61.91700 1154061358 209.191664    34.4454 0.0000e+00
    243.000    -0.0173   2.871762    -0.0163   2.872052    6.10601    -0.0620    13.8155 0.0000e+00  -64.46817  -61.91700 1154061359 209.191677    34.4466 0.0000e+00
    244.000    -0.0095   2.872589    -0.0089   2.872837    6.09637    -0.0612    13.8155 0.0000e+00  -64.46817  -61.91700 1154061360 209.191690    34.4482 0.0000e+00
    245.000    -0.0048   2.873070    -0.0041   2.873356    6.08871    -0.0544    13.8155 0.0000e+00  -64.46817  -61.91700 1154061361 209.191703    34.4487 0.0000e+00
    246.000    -0.0023   2.873372    -0.0018   2.873630    6.08124    -0.0387    13.8155 0.0000e+00  -64.46817  -61.91700 1154061362 209.191717    34.4495 0.0000e+00
    247.000    -0.0003   2.873605     0.0002   2.873871    6.07396    -0.0647    13.8155 0.0000e+00  -64.46817  -61.91700 1154061363 209.191731    34.4498 0.0000e+00
    248.000     0.0022   2.873904     0.0032   2.874203    6.06800    -0.0701    13.8155 0.0000e+00  -64.46817  -61.91700 1154061365 209.191744    34.4504 0.0000e+00
    249.000     0.0063   2.874328     0.0058   2.874501    6.06406    -0.0518    13.8155 0.0000e+00  -64.46817  -61.91700 1154061366 209.191759    34.4509 0.0000e+00
    250.000     0.0107   2.874814     0.0116   2.875088    6.06119    -0.0810    13.8155 0.0000e+00  -64.46817  -61.91700 1154061367 209.191773    34.4517 0.0000e+00
    251.000     0.0144   2.875208     0.0151   2.875481    6.05580    -0.0614    13.8155 0.0000e+00  -64.46817  -61.91700 1154061368 209.191785    34.4523 0.0000e+00
    252.000     0.0179   2.875602     0.0185   2.875854    6.05128    -0.0438    13.8155 0.0000e+00  -64.46817  -61.91700 1154061369 209.191797    34.4529 0.0000e+00
    253.000     0.0203   2.875891     0.0210   2.876155    6.04830    -0.0694    13.8155 0.0000e+00  -64.46817  -61.91700 1154061370 209.191812    34.4534 0.0000e+00
    254.000     0.0225   2.876166     0.0232   2.876428    6.04349    -0.0713    13.8155 0.0000e+00  -64.46817  -61.91700 1154061372 209.191828    34.4541 0.0000e+00
    255.000     0.0298   2.876925     0.0308   2.877222    6.03752    -0.0629    13.8155 0.0000e+00  -64.46817  -61.91700 1154061373 209.191842    34.4553 0.0000e+00
    256.000     0.0351   2.877481     0.0354   2.877717    6.03229    -0.0600    13.8155 0.0000e+00  -64.46817  -61.91700 1154061374 209.191853    34.4561 0.0000e+00
    257.000     0.0331   2.877375     0.0333   2.877613    6.02769    -0.0556    13.8155 0.0000e+00  -64.46817  -61.91700 1154061375 209.191864    34.4563 0.0000e+00
    258.000     0.0311   2.877249     0.0316   2.877526    6.02338    -0.0531    13.8155 0.0000e+00  -64.46817  -61.91700 1154061376 209.191878    34.4565 0.0000e+00
    259.000     0.0309   2.877294     0.0312   2.877558    6.01723    -0.0720    13.8155 0.0000e+00  -64.46817  -61.91700 1154061378 209.191896    34.4569 0.0000e+00
    260.000     0.0307   2.877365     0.0313   2.877657    6.00769    -0.0860    13.8155 0.0000e+00  -64.46817  -61.91700 1154061379 209.191911    34.4576 0.0000e+00
    261.000     0.0308   2.877422     0.0312   2.877704    5.99811    -0.0703    13.8155 0.0000e+00  -64.46817  -61.91700 1154061380 209.191923    34.4577 0.0000e+00
    262.000     0.0305   2.877454     0.0310   2.877720    5.99025    -0.0757    13.8155 0.0000e+00  -64.46817  -61.91700 1154061381 209.191933    34.4578 0.0000e+00
    263.000     0.0294   2.877390     0.0299   2.877659    5.98672    -0.0557    13.8155 0.0000e+00  -64.46817  -61.91700 1154061382 209.191947    34.4577 0.0000e+00
    264.000     0.0292   2.877412     0.0295   2.877672    5.98374    -0.0904    13.8155 0.0000e+00  -64.46817  -61.91700 1154061384 209.191964    34.4577 0.0000e+00
    265.000     0.0291   2.877466     0.0297   2.877755    5.97812    -0.0408    13.8155 0.0000e+00  -64.46817  -61.91700 1154061385 209.191980    34.4579 0.0000e+00
    266.000     0.0327   2.877896     0.0333   2.878163    5.97211    -0.0594    13.8155 0.0000e+00  -64.46817  -61.91700 1154061386 209.191991    34.4588 0.0000e+00
    267.000     0.0353   2.878240     0.0360   2.878531    5.96686    -0.0676    13.8155 0.0000e+00  -64.46817  -61.91700 1154061387 209.192001    34.4599 0.0000e+00
    268.000     0.0360   2.878341     0.0363   2.878595    5.96370    -0.0832    13.8155 0.0000e+00  -64.46817  -61.91700 1154061388 209.192012    34.4597 0.0000e+00
    269.000     0.0368   2.878498     0.0375   2.878797    5.96079    -0.0497    13.8155 0.0000e+00  -64.46817  -61.91700 1154061389 209.192030    34.4604 0.0000e+00
    270.000     0.0386   2.878806     0.0389   2.879076    5.95791    -0.0584    13.8155 0.0000e+00  -64.46817  -61.91700 1154061391 209.192050    34.4619 0.0000e+00
    271.000     0.0368   2.878806     0.0371   2.879075    5.95681    -0.0781    13.8155 0.0000e+00  -64.46817  -61.91700 1154061392 209.192062    34.4634 0.0000e+00
    272.000     0.0358   2.878843     0.0362   2.879118    5.95555    -0.0570    13.8155 0.0000e+00  -64.46817  -61.91700 1154061393 209.192072    34.4644 0.0000e+00
    273.000     0.0360   2.878944     0.0364   2.879223    5.95743    -0.0739    13.8155 0.0000e+00  -64.46817  -61.91700 1154061394 209.192084    34.4649 0.0000e+00
    274.000     0.0360   2.879000     0.0363   2.879268    5.96054    -0.0504    13.8155 0.0000e+00  -64.46817  -61.91700 1154061396 209.192103    34.4651 0.0000e+00
    275.000     0.0335   2.878839     0.0338   2.879103    5.96548    -0.0752    13.8155 0.0000e+00  -64.46817  -61.91700 1154061397 209.192120    34.4653 0.0000e+00
    276.000     0.0327   2.878815     0.0330   2.879089    5.96613    -0.0790    13.8155 0.0000e+00  -64.46817  -61.91700 1154061398 209.192131    34.4653 0.0000e+00
    277.000     0.0321   2.878845     0.0332   2.879163    5.96622    -0.0544    13.8155 0.0000e+00  -64.46817  -61.91700 1154061399 209.192141    34.4658 0.0000e+00
    278.000     0.0315   2.878857     0.0318   2.879109    5.96672    -0.0724    13.8155 0.0000e+00  -64.46817  -61.91700 1154061400 209.192154    34.4660 0.0000e+00
    279.000     0.0319   2.878963     0.0322   2.879207    5.96472    -0.0691    13.8155 0.0000e+00  -64.46817  -61.91700 1154061402 209.192171    34.4664 0.0000e+00
    280.000     0.0337   2.879370     0.0339   2.879617    5.96502    -0.0609    13.8155 0.0000e+00  -64.46817  -61.91700 1154061403 209.192185    34.4691 0.0000e+00
    281.000     0.0341   2.879494     0.0347   2.879788    5.96462    -0.0563    13.8155 0.0000e+00  -64.46817  -61.91700 1154061404 209.192196    34.4696 0.0000e+00
    282.000     0.0333   2.879447     0.0337   2.879727    5.96544    -0.0475    13.8155 0.0000e+00  -64.46817  -61.91700 1154061405 209.192210    34.4693 0.0000e+00
    283.000     0.0334   2.879500     0.0340   2.879807    5.96576    -0.0768    13.8155 0.0000e+00  -64.46817  -61.91700 1154061406 209.192228    34.4694 0.0000e+00
    284.000     0.0356   2.879868     0.0364   2.880176    5.96209    -0.0722    13.8155 0.0000e+00  -64.46817  -61.91700 1154061408 209.192242    34.4711 0.0000e+00
    285.000     0.0359   2.880018     0.0364   2.880300    5.95893    -0.0712    13.8155 0.0000e+00  -64.46817  -61.91700 1154061409 209.192254    34.4720 0.0000e+00
    286.000     0.0364   2.880200     0.0370   2.880515    5.95682    -0.0788    13.8155 0.0000e+00  -64.46817  -61.91700 1154061410 209.192268    34.4734 0.0000e+00
    287.000     0.0393   2.880708     0.0395   2.880953    5.95447    -0.0718    13.8155 0.0000e+00  -64.46817  -61.91700 1154061411 209.192284    34.4761 0.0000e+00
    288.000     0.0407   2.880927     0.0414   2.881239    5.94979    -0.0626    13.8155 0.0000e+00  -64.46817  -61.91700 1154061413 209.192299    34.4768 0.0000e+00
    289.000     0.0412   2.881034     0.0417   2.881332    5.94657    -0.0604    13.8155 0.0000e+00  -64.46817  -61.91700 1154061414 209.192313    34.4771 0.0000e+00
    290.000     0.0419   2.881190     0.0421   2.881424    5.94532    -0.0663    13.8155 0.0000e+00  -64.46817  -61.91700 1154061415 209.192326    34.4777 0.0000e+00
