product_data/regression_test/downloaded_data/MGDS/320620060703/ctd/adapted/heads_insert_p6614901.cnv
* Sea-Bird SBE 9 Data File:
* FileName = D:\Data\Raw\p6614901.dat
* Software Version Seasave Win32 V 5.32
* Temperature SN = 1649
* Conductivity SN = 1431
* Number of Bytes Per Scan = 37
* Number of Voltage Words = 5
* Number of Scans Averaged by the Deck Unit = 1
* NMEA Latitude = 60 34.28 S
* NMEA Longitude = 056 44.74 W
* NMEA UTC (Time) = 06:09:01
** Ship:   Nathaniel B. Palmer 
** Cruise:    NBP0606 
# nquan = 15
# nvalues = 999                         
# units = specified
# name 0 = prDM: Pressure, Digiquartz [db]
# name 1 = t090C: Temperature [ITS-90, deg C]
# name 2 = c0S/m: Conductivity [S/m]
# name 3 = t190C: Temperature, 2 [ITS-90, deg C]
# name 4 = c1S/m: Conductivity, 2 [S/m]
# name 5 = sbeox0ML/L: Oxygen, SBE 43 [ml/l]
# name 6 = flECO-AFL: Fluorescence, Wetlab ECO-AFL/FL [mg/m^3]
# name 7 = bat: Beam Attenuation, Chelsea/Seatech/Wetlab CStar [1/m]
# name 8 = spar: SPAR/Surface Irradiance
# name 9 = latitude: Latitude [deg]
# name 10 = longitude: Longitude [deg]
# name 11 = timeY: Time, System [seconds]
# name 12 = timeJ: Julian Days
# name 13 = sal00: Salinity [PSU]
# name 14 = flag: flag
# span 0 =      3.000,   1001.000       
# span 1 =    -0.9424,     2.1097       
# span 2 =   2.747340,   3.082406       
# span 3 =    -0.9417,     2.1102       
# span 4 =   2.747894,   3.082759       
# span 5 =    4.34663,    8.02770       
# span 6 =    -0.0930,     0.2790       
# span 7 =    13.8155,    13.8155       
# span 8 = 0.0000e+00, 0.0000e+00       
# span 9 =  -60.57133,  -60.57133       
# span 10 =  -56.74567,  -56.74567      
# span 11 = 1153202950, 1153204330      
# span 12 = 199.256375, 199.272356      
# span 13 =    33.9011,    34.7245      
# span 14 = 0.0000e+00, 0.0000e+00      
# interval = decibars: 1                
# start_time = Jul 18 2006 06:09:09
# bad_flag = -9.990e-29
*END*
[from data line 868]
    870.000     1.7761   3.075019     1.7771   3.075444    4.66486    -0.0755    13.8155 0.0000e+00  -60.57133  -56.74567 1153204152 199.270299    34.7208 0.0000e+00
    871.000     1.7754   3.074997     1.7759   3.075390    4.66628    -0.0768    13.8155 0.0000e+00  -60.57133  -56.74567 1153204153 199.270315    34.7208 0.0000e+00
    872.000     1.7754   3.075055     1.7757   3.075422    4.66667    -0.0669    13.8155 0.0000e+00  -60.57133  -56.74567 1153204155 199.270330    34.7209 0.0000e+00
    873.000     1.7748   3.075043     1.7748   3.075404    4.66824    -0.0832    13.8155 0.0000e+00  -60.57133  -56.74567 1153204156 199.270343    34.7208 0.0000e+00
    874.000     1.7721   3.074852     1.7724   3.075250    4.66906    -0.0719    13.8155 0.0000e+00  -60.57133  -56.74567 1153204157 199.270354    34.7209 0.0000e+00
    875.000     1.7633   3.074132     1.7625   3.074482    4.66951    -0.0538    13.8155 0.0000e+00  -60.57133  -56.74567 1153204158 199.270364    34.7210 0.0000e+00
    876.000     1.7577   3.073721     1.7580   3.074114    4.67019    -0.0728    13.8155 0.0000e+00  -60.57133  -56.74567 1153204159 199.270377    34.7217 0.0000e+00
    877.000     1.7562   3.073650     1.7565   3.074030    4.67106    -0.0728    13.8155 0.0000e+00  -60.57133  -56.74567 1153204160 199.270395    34.7217 0.0000e+00
    878.000     1.7562   3.073692     1.7564   3.074067    4.67325    -0.0782    13.8155 0.0000e+00  -60.57133  -56.74567 1153204162 199.270411    34.7216 0.0000e+00
    879.000     1.7557   3.073693     1.7560   3.074080    4.67571    -0.0600    13.8155 0.0000e+00  -60.57133  -56.74567 1153204163 199.270425    34.7215 0.0000e+00
    880.000     1.7550   3.073674     1.7552   3.074067    4.67793    -0.0876    13.8155 0.0000e+00  -60.57133  -56.74567 1153204164 199.270439    34.7215 0.0000e+00
    881.000     1.7542   3.073653     1.7537   3.073973    4.67977    -0.0728    13.8155 0.0000e+00  -60.57133  -56.74567 1153204166 199.270455    34.7215 0.0000e+00
    882.000     1.7527   3.073577     1.7528   3.073949    4.68103    -0.0648    13.8155 0.0000e+00  -60.57133  -56.74567 1153204167 199.270475    34.7216 0.0000e+00
    883.000     1.7478   3.073176     1.7476   3.073568    4.68161    -0.0603    13.8155 0.0000e+00  -60.57133  -56.74567 1153204168 199.270489    34.7216 0.0000e+00
    884.000     1.7452   3.073041     1.7455   3.073416    4.68132    -0.0740    13.8155 0.0000e+00  -60.57133  -56.74567 1153204169 199.270501    34.7222 0.0000e+00
    885.000     1.7447   3.073043     1.7448   3.073407    4.67835    -0.0652    13.8155 0.0000e+00  -60.57133  -56.74567 1153204170 199.270512    34.7221 0.0000e+00
    886.000     1.7438   3.073009     1.7442   3.073401    4.67835    -0.0766    13.8155 0.0000e+00  -60.57133  -56.74567 1153204172 199.270524    34.7221 0.0000e+00
    887.000     1.7423   3.072922     1.7428   3.073327    4.67917    -0.0760    13.8155 0.0000e+00  -60.57133  -56.74567 1153204173 199.270539    34.7220 0.0000e+00
    888.000     1.7407   3.072845     1.7411   3.073219    4.68006    -0.0665    13.8155 0.0000e+00  -60.57133  -56.74567 1153204174 199.270556    34.7222 0.0000e+00
    889.000     1.7421   3.072996     1.7422   3.073365    4.68066    -0.0724    13.8155 0.0000e+00  -60.57133  -56.74567 1153204176 199.270571    34.7220 0.0000e+00
    890.000     1.7413   3.072968     1.7408   3.073291    4.68198    -0.0843    13.8155 0.0000e+00  -60.57133  -56.74567 1153204177 199.270584    34.7220 0.0000e+00
    891.000     1.7412   3.073019     1.7414   3.073383    4.68353    -0.0645    13.8155 0.0000e+00  -60.57133  -56.74567 1153204178 199.270596    34.7221 0.0000e+00
    892.000     1.7392   3.072883     1.7395   3.073265    4.68364    -0.0818    13.8155 0.0000e+00  -60.57133  -56.74567 1153204179 199.270614    34.7220 0.0000e+00
    893.000     1.7382   3.072840     1.7385   3.073234    4.68247    -0.0718    13.8155 0.0000e+00  -60.57133  -56.74567 1153204181 199.270637    34.7220 0.0000e+00
    894.000     1.7349   3.072610     1.7350   3.072986    4.68480    -0.0734    13.8155 0.0000e+00  -60.57133  -56.74567 1153204182 199.270650    34.7223 0.0000e+00
    895.000     1.7335   3.072544     1.7336   3.072922    4.68596    -0.0748    13.8155 0.0000e+00  -60.57133  -56.74567 1153204183 199.270661    34.7224 0.0000e+00
    896.000     1.7301   3.072290     1.7303   3.072679    4.68610    -0.0804    13.8155 0.0000e+00  -60.57133  -56.74567 1153204184 199.270670    34.7224 0.0000e+00
    897.000     1.7273   3.072101     1.7273   3.072456    4.68603    -0.0753    13.8155 0.0000e+00  -60.57133  -56.74567 1153204185 199.270680    34.7227 0.0000e+00
    898.000     1.7253   3.071974     1.7254   3.072348    4.69002    -0.0759    13.8155 0.0000e+00  -60.57133  -56.74567 1153204186 199.270697    34.7227 0.0000e+00
    899.000     1.7224   3.071760     1.7232   3.072200    4.69495    -0.0715    13.8155 0.0000e+00  -60.57133  -56.74567 1153204189 199.270722    34.7227 0.0000e+00
    900.000     1.7219   3.071776     1.7224   3.072175    4.69542    -0.0753    13.8155 0.0000e+00  -60.57133  -56.74567 1153204190 199.270735    34.7228 0.0000e+00
    901.000     1.7186   3.071546     1.7189   3.071931    4.69655    -0.0839    13.8155 0.0000e+00  -60.57133  -56.74567 1153204191 199.270747    34.7230 0.0000e+00
    902.000     1.7190   3.071621     1.7191   3.071984    4.69719    -0.0817    13.8155 0.0000e+00  -60.57133  -56.74567 1153204192 199.270760    34.7229 0.0000e+00
    903.000     1.7184   3.071603     1.7186   3.071993    4.69827    -0.0726    13.8155 0.0000e+00  -60.57133  -56.74567 1153204193 199.270776    34.7228 0.0000e+00
    904.000     1.7186   3.071676     1.7187   3.072051    4.69849    -0.0835    13.8155 0.0000e+00  -60.57133  -56.74567 1153204194 199.270789    34.7229 0.0000e+00
    905.000     1.7182   3.071694     1.7178   3.072013    4.69628    -0.0805    13.8155 0.0000e+00  -60.57133  -56.74567 1153204195 199.270800    34.7229 0.0000e+00
    906.000     1.7168   3.071614     1.7174   3.072027    4.69464    -0.0638    13.8155 0.0000e+00  -60.57133  -56.74567 1153204196 199.270810    34.7230 0.0000e+00
    907.000     1.7146   3.071466     1.7144   3.071813    4.69523    -0.0618    13.8155 0.0000e+00  -60.57133  -56.74567 1153204197 199.270822    34.7229 0.0000e+00
    908.000     1.7147   3.071522     1.7152   3.071911    4.69759    -0.0692    13.8155 0.0000e+00  -60.57133  -56.74567 1153204199 199.270847    34.7230 0.0000e+00
    909.000     1.7138   3.071491     1.7147   3.071924    4.69967    -0.0713    13.8155 0.0000e+00  -60.57133  -56.74567 1153204201 199.270869    34.7229 0.0000e+00
    910.000     1.7117   3.071354     1.7120   3.071745    4.69941    -0.0812    13.8155 0.0000e+00  -60.57133  -56.74567 1153204202 199.270881    34.7231 0.0000e+00
    911.000     1.7113   3.071364     1.7116   3.071756    4.69926    -0.0772    13.8155 0.0000e+00  -60.57133  -56.74567 1153204203 199.270890    34.7231 0.0000e+00
    912.000     1.7100   3.071302     1.7102   3.071682    4.69964    -0.0748    13.8155 0.0000e+00  -60.57133  -56.74567 1153204204 199.270898    34.7231 0.0000e+00
    913.000     1.7095   3.071296     1.7096   3.071667    4.70048    -0.0754    13.8155 0.0000e+00  -60.57133  -56.74567 1153204205 199.270908    34.7231 0.0000e+00
    914.000     1.7083   3.071238     1.7086   3.071613    4.70115    -0.0775    13.8155 0.0000e+00  -60.57133  -56.74567 1153204206 199.270926    34.7232 0.0000e+00
    915.000     1.7084   3.071285     1.7085   3.071661    4.70656    -0.0803    13.8155 0.0000e+00  -60.57133  -56.74567 1153204208 199.270950    34.7230 0.0000e+00
    916.000     1.7075   3.071250     1.7077   3.071640    4.70783    -0.0669    13.8155 0.0000e+00  -60.57133  -56.74567 1153204210 199.270965    34.7231 0.0000e+00
    917.000     1.7073   3.071284     1.7075   3.071663    4.70690    -0.0679    13.8155 0.0000e+00  -60.57133  -56.74567 1153204211 199.270978    34.7231 0.0000e+00
    918.000     1.7058   3.071211     1.7059   3.071566    4.70528    -0.0672    13.8155 0.0000e+00  -60.57133  -56.74567 1153204212 199.270991    34.7233 0.0000e+00
    919.000     1.7061   3.071285     1.7061   3.071636    4.70588    -0.0863    13.8155 0.0000e+00  -60.57133  -56.74567 1153204213 199.271005    34.7233 0.0000e+00
    920.000     1.7015   3.070930     1.7017   3.071325    4.70642    -0.0845    13.8155 0.0000e+00  -60.57133  -56.74567 1153204214 199.271018    34.7234 0.0000e+00
    921.000     1.6990   3.070748     1.6992   3.071126    4.70673    -0.0673    13.8155 0.0000e+00  -60.57133  -56.74567 1153204215 199.271032    34.7234 0.0000e+00
    922.000     1.6985   3.070755     1.6987   3.071126    4.70848    -0.0707    13.8155 0.0000e+00  -60.57133  -56.74567 1153204217 199.271050    34.7234 0.0000e+00
    923.000     1.6986   3.070813     1.6987   3.071173    4.70982    -0.0843    13.8155 0.0000e+00  -60.57133  -56.74567 1153204218 199.271067    34.7234 0.0000e+00
    924.000     1.6976   3.070779     1.6978   3.071150    4.71019    -0.0734    13.8155 0.0000e+00  -60.57133  -56.74567 1153204219 199.271079    34.7236 0.0000e+00
    925.000     1.6976   3.070825     1.6979   3.071190    4.70957    -0.0585    13.8155 0.0000e+00  -60.57133  -56.74567 1153204220 199.271090    34.7237 0.0000e+00
    926.000     1.6976   3.070858     1.6978   3.071223    4.70779    -0.0799    13.8155 0.0000e+00  -60.57133  -56.74567 1153204221 199.271103    34.7235 0.0000e+00
    927.000     1.6970   3.070854     1.6967   3.071180    4.70617    -0.0683    13.8155 0.0000e+00  -60.57133  -56.74567 1153204223 199.271118    34.7235 0.0000e+00
    928.000     1.6955   3.070768     1.6957   3.071138    4.70717    -0.0736    13.8155 0.0000e+00  -60.57133  -56.74567 1153204224 199.271133    34.7235 0.0000e+00
    929.000     1.6953   3.070798     1.6956   3.071167    4.70846    -0.0707    13.8155 0.0000e+00  -60.57133  -56.74567 1153204225 199.271146    34.7235 0.0000e+00
    930.000     1.6951   3.070815     1.6951   3.071169    4.70997    -0.0799    13.8155 0.0000e+00  -60.57133  -56.74567 1153204227 199.271169    34.7234 0.0000e+00
    931.000     1.6932   3.070698     1.6936   3.071087    4.71319    -0.0828    13.8155 0.0000e+00  -60.57133  -56.74567 1153204229 199.271193    34.7234 0.0000e+00
    932.000     1.6929   3.070715     1.6932   3.071107    4.71464    -0.0685    13.8155 0.0000e+00  -60.57133  -56.74567 1153204230 199.271204    34.7235 0.0000e+00
    933.000     1.6927   3.070746     1.6927   3.071117    4.71380    -0.0621    13.8155 0.0000e+00  -60.57133  -56.74567 1153204231 199.271213    34.7236 0.0000e+00
    934.000     1.6933   3.070842     1.6932   3.071198    4.71228    -0.0657    13.8155 0.0000e+00  -60.57133  -56.74567 1153204232 199.271221    34.7235 0.0000e+00
    935.000     1.6931   3.070849     1.6926   3.071181    4.71046    -0.0640    13.8155 0.0000e+00  -60.57133  -56.74567 1153204232 199.271228    34.7233 0.0000e+00
    936.000     1.6916   3.070757     1.6916   3.071131    4.71080    -0.0580    13.8155 0.0000e+00  -60.57133  -56.74567 1153204233 199.271236    34.7232 0.0000e+00
    937.000     1.6905   3.070724     1.6905   3.071079    4.71061    -0.0745    13.8155 0.0000e+00  -60.57133  -56.74567 1153204235 199.271256    34.7235 0.0000e+00
    938.000     1.6924   3.070948     1.6925   3.071298    4.71203    -0.0548    13.8155 0.0000e+00  -60.57133  -56.74567 1153204238 199.271294    34.7236 0.0000e+00
    939.000     1.6915   3.070912     1.6920   3.071297    4.71488    -0.0666    13.8155 0.0000e+00  -60.57133  -56.74567 1153204239 199.271308    34.7236 0.0000e+00
    940.000     1.6904   3.070867     1.6908   3.071251    4.71598    -0.0788    13.8155 0.0000e+00  -60.57133  -56.74567 1153204240 199.271320    34.7237 0.0000e+00
    941.000     1.6905   3.070914     1.6909   3.071298    4.71627    -0.0690    13.8155 0.0000e+00  -60.57133  -56.74567 1153204241 199.271330    34.7236 0.0000e+00
    942.000     1.6889   3.070804     1.6888   3.071176    4.71679    -0.0723    13.8155 0.0000e+00  -60.57133  -56.74567 1153204242 199.271340    34.7235 0.0000e+00
    943.000     1.6867   3.070664     1.6866   3.071024    4.71760    -0.0827    13.8155 0.0000e+00  -60.57133  -56.74567 1153204243 199.271349    34.7237 0.0000e+00
    944.000     1.6861   3.070667     1.6860   3.071005    4.71784    -0.0844    13.8155 0.0000e+00  -60.57133  -56.74567 1153204244 199.271359    34.7238 0.0000e+00
    945.000     1.6851   3.070613     1.6839   3.070869    4.71606    -0.0833    13.8155 0.0000e+00  -60.57133  -56.74567 1153204245 199.271376    34.7236 0.0000e+00
    946.000     1.6804   3.070299     1.6798   3.070560    4.71688    -0.0699    13.8155 0.0000e+00  -60.57133  -56.74567 1153204247 199.271398    34.7239 0.0000e+00
    947.000     1.6780   3.070098     1.6783   3.070482    4.71790    -0.0872    13.8155 0.0000e+00  -60.57133  -56.74567 1153204249 199.271416    34.7239 0.0000e+00
    948.000     1.6764   3.070001     1.6767   3.070389    4.71961    -0.0828    13.8155 0.0000e+00  -60.57133  -56.74567 1153204250 199.271435    34.7240 0.0000e+00
    949.000     1.6742   3.069857     1.6743   3.070232    4.72108    -0.0779    13.8155 0.0000e+00  -60.57133  -56.74567 1153204251 199.271450    34.7240 0.0000e+00
    950.000     1.6723   3.069750     1.6727   3.070146    4.72295    -0.0731    13.8155 0.0000e+00  -60.57133  -56.74567 1153204252 199.271460    34.7243 0.0000e+00
    951.000     1.6729   3.069836     1.6731   3.070220    4.72229    -0.0644    13.8155 0.0000e+00  -60.57133  -56.74567 1153204253 199.271469    34.7241 0.0000e+00
    952.000     1.6724   3.069832     1.6725   3.070212    4.72168    -0.0644    13.8155 0.0000e+00  -60.57133  -56.74567 1153204254 199.271479    34.7240 0.0000e+00
    953.000     1.6720   3.069845     1.6722   3.070217    4.72138    -0.0638    13.8155 0.0000e+00  -60.57133  -56.74567 1153204255 199.271491    34.7241 0.0000e+00
    954.000     1.6726   3.069955     1.6728   3.070321    4.72239    -0.0812    13.8155 0.0000e+00  -60.57133  -56.74567 1153204258 199.271524    34.7241 0.0000e+00
    955.000     1.6719   3.069936     1.6720   3.070305    4.72295    -0.0832    13.8155 0.0000e+00  -60.57133  -56.74567 1153204259 199.271537    34.7241 0.0000e+00
    956.000     1.6723   3.070014     1.6725   3.070386    4.71854    -0.0741    13.8155 0.0000e+00  -60.57133  -56.74567 1153204260 199.271549    34.7241 0.0000e+00
    957.000     1.6725   3.070073     1.6725   3.070435    4.71799    -0.0723    13.8155 0.0000e+00  -60.57133  -56.74567 1153204261 199.271561    34.7241 0.0000e+00
    958.000     1.6730   3.070163     1.6731   3.070526    4.72004    -0.0636    13.8155 0.0000e+00  -60.57133  -56.74567 1153204262 199.271574    34.7241 0.0000e+00
    959.000     1.6740   3.070301     1.6741   3.070654    4.72121    -0.0647    13.8155 0.0000e+00  -60.57133  -56.74567 1153204263 199.271587    34.7241 0.0000e+00
    960.000     1.6738   3.070316     1.6740   3.070687    4.72275    -0.0819    13.8155 0.0000e+00  -60.57133  -56.74567 1153204264 199.271598    34.7239 0.0000e+00
    961.000     1.6737   3.070339     1.6737   3.070714    4.72370    -0.0930    13.8155 0.0000e+00  -60.57133  -56.74567 1153204265 199.271610    34.7239 0.0000e+00
    962.000     1.6741   3.070431     1.6743   3.070794    4.72159    -0.0728    13.8155 0.0000e+00  -60.57133  -56.74567 1153204267 199.271626    34.7240 0.0000e+00
    963.000     1.6744   3.070505     1.6749   3.070887    4.72168    -0.0753    13.8155 0.0000e+00  -60.57133  -56.74567 1153204269 199.271657    34.7240 0.0000e+00
    964.000     1.6754   3.070633     1.6753   3.070975    4.72120    -0.0801    13.8155 0.0000e+00  -60.57133  -56.74567 1153204271 199.271671    34.7240 0.0000e+00
