product_data/regression_test/downloaded_data/MGDS/320620060703/ctd/adapted/heads_insert_p6609307.cnv
* Sea-Bird SBE 9 Data File:
* FileName = D:\Data\Raw\p6609307.dat
* Software Version Seasave Win32 V 5.32
* Temperature SN = 1649
* Conductivity SN = 1431
* Number of Bytes Per Scan = 37
* Number of Voltage Words = 5
* Number of Scans Averaged by the Deck Unit = 1
* NMEA Latitude = 61 07.50 S
* NMEA Longitude = 058 05.51 W
* NMEA UTC (Time) = 04:57:22
** Ship:   Nathaniel B. Palmer nbp
** Cruise:    NBP0606 nbp0606
# nquan = 15
# nvalues = 491                         
# units = specified
# name 0 = prDM: Pressure, Digiquartz [db]
# name 1 = t090C: Temperature [ITS-90, deg C]
# name 2 = c0S/m: Conductivity [S/m]
# name 3 = t190C: Temperature, 2 [ITS-90, deg C]
# name 4 = c1S/m: Conductivity, 2 [S/m]
# name 5 = sbeox0ML/L: Oxygen, SBE 43 [ml/l]
# name 6 = flECO-AFL: Fluorescence, Wetlab ECO-AFL/FL [mg/m^3]
# name 7 = bat: Beam Attenuation, Chelsea/Seatech/Wetlab CStar [1/m]
# name 8 = spar: SPAR/Surface Irradiance
# name 9 = latitude: Latitude [deg]
# name 10 = longitude: Longitude [deg]
# name 11 = timeY: Time, System [seconds]
# name 12 = timeJ: Julian Days
# name 13 = sal00: Salinity [PSU]
# name 14 = flag: flag
# span 0 =     12.000,    502.000       
# span 1 =    -0.8000,     1.9710       
# span 2 =   2.758047,   3.066067       
# span 3 =    -0.8010,     1.9723       
# span 4 =   2.758841,   3.066377       
# span 5 =    4.32920,    8.00664       
# span 6 =    -0.0938,     0.2563       
# span 7 =    13.8155,    13.8155       
# span 8 = 0.0000e+00, 0.0000e+00       
# span 9 =  -61.12500,  -61.12500       
# span 10 =  -58.09183,  -58.09183      
# span 11 = 1152593843, 1152594618      
# span 12 = 192.206513, 192.215502      
# span 13 =    33.9445,    35.4514      
# span 14 = 0.0000e+00, 0.0000e+00      
# interval = decibars: 1                
# start_time = Jul 11 2006 04:57:29
# bad_flag = -9.990e-29
*END*
[from data line 97]
    108.000    -0.5268   2.790927    -0.4861   2.795455    7.64866     0.1892    13.8155 0.0000e+00  -61.12500  -58.09183 1152594052 192.208952    34.0224 0.0000e+00
    109.000    -0.4718   2.796696    -0.4713   2.797099    7.62292     0.1744    13.8155 0.0000e+00  -61.12500  -58.09183 1152594053 192.208964    34.0348 0.0000e+00
    110.000    -0.4633   2.797745    -0.4617   2.798184    7.59470     0.1781    13.8155 0.0000e+00  -61.12500  -58.09183 1152594054 192.208975    34.0394 0.0000e+00
    111.000    -0.4371   2.800583    -0.4358   2.800944    7.56551     0.1751    13.8155 0.0000e+00  -61.12500  -58.09183 1152594055 192.208986    34.0472 0.0000e+00
    112.000    -0.4016   2.804221    -0.3999   2.804614    7.53455     0.1861    13.8155 0.0000e+00  -61.12500  -58.09183 1152594056 192.208999    34.0547 0.0000e+00
    113.000    -0.3766   2.806706    -0.3739   2.807207    7.47540     0.1819    13.8155 0.0000e+00  -61.12500  -58.09183 1152594058 192.209017    34.0595 0.0000e+00
    114.000    -0.3281   2.811509    -0.3255   2.811945    7.39464     0.1819    13.8155 0.0000e+00  -61.12500  -58.09183 1152594059 192.209035    34.0683 0.0000e+00
    115.000    -0.3115   2.813334    -0.3101   2.813732    7.36660     0.1863    13.8155 0.0000e+00  -61.12500  -58.09183 1152594060 192.209048    34.0735 0.0000e+00
    116.000    -0.3049   2.814140    -0.3039   2.814543    7.32004     0.1790    13.8155 0.0000e+00  -61.12500  -58.09183 1152594061 192.209060    34.0766 0.0000e+00
    117.000    -0.1590   2.828909    -0.1406   2.830311    7.20058     0.1893    13.8155 0.0000e+00  -61.12500  -58.09183 1152594063 192.209077    34.1082 0.0000e+00
    118.000     0.0481   2.849139     0.0493   2.849332    7.01954     0.1858    13.8155 0.0000e+00  -61.12500  -58.09183 1152594065 192.209102    34.1388 0.0000e+00
    119.000     0.0732   2.851776     0.0760   2.852017    6.89008     0.1625    13.8155 0.0000e+00  -61.12500  -58.09183 1152594067 192.209124    34.1478 0.0000e+00
    120.000     0.1595   2.860601     0.1629   2.860887    6.81664     0.1751    13.8155 0.0000e+00  -61.12500  -58.09183 1152594068 192.209137    34.1660 0.0000e+00
    121.000     0.2039   2.865164     0.2062   2.865378    6.75007     0.1695    13.8155 0.0000e+00  -61.12500  -58.09183 1152594069 192.209149    34.1761 0.0000e+00
    122.000     0.2328   2.868398     0.2359   2.868642    6.68867     0.1673    13.8155 0.0000e+00  -61.12500  -58.09183 1152594070 192.209161    34.1868 0.0000e+00
    123.000     0.2779   2.873138     0.2801   2.873402    6.62778     0.1553    13.8155 0.0000e+00  -61.12500  -58.09183 1152594071 192.209174    34.1980 0.0000e+00
    124.000     0.2984   2.875218     0.3008   2.875532    6.57007     0.1429    13.8155 0.0000e+00  -61.12500  -58.09183 1152594073 192.209190    34.2031 0.0000e+00
    125.000     0.3216   2.877513     0.3236   2.877825    6.51963     0.1356    13.8155 0.0000e+00  -61.12500  -58.09183 1152594074 192.209207    34.2077 0.0000e+00
    126.000     0.3344   2.878751     0.3368   2.879154    6.46483     0.1275    13.8155 0.0000e+00  -61.12500  -58.09183 1152594076 192.209231    34.2107 0.0000e+00
    127.000     0.3578   2.881175     0.3614   2.881637    6.40525     0.1219    13.8155 0.0000e+00  -61.12500  -58.09183 1152594078 192.209257    34.2174 0.0000e+00
    128.000     0.3877   2.884397     0.3906   2.884695    6.37668     0.1059    13.8155 0.0000e+00  -61.12500  -58.09183 1152594079 192.209269    34.2259 0.0000e+00
    129.000     0.4245   2.888611     0.4265   2.888864    6.34328     0.1079    13.8155 0.0000e+00  -61.12500  -58.09183 1152594080 192.209278    34.2388 0.0000e+00
    130.000     0.4403   2.890372     0.4400   2.890507    6.31024     0.1125    13.8155 0.0000e+00  -61.12500  -58.09183 1152594081 192.209286    34.2435 0.0000e+00
    131.000     0.4717   2.893709     0.4762   2.894169    6.26974     0.1455    13.8155 0.0000e+00  -61.12500  -58.09183 1152594082 192.209302    34.2517 0.0000e+00
    132.000     0.4720   2.893780     0.4927   2.896117    6.21091     0.1427    13.8155 0.0000e+00  -61.12500  -58.09183 1152594085 192.209330    34.2535 0.0000e+00
    133.000     0.5117   2.898403     0.5132   2.898716    6.17939     0.1181    13.8155 0.0000e+00  -61.12500  -58.09183 1152594086 192.209342    34.2687 0.0000e+00
    134.000     0.5191   2.899598     0.5213   2.899935    6.14588     0.1310    13.8155 0.0000e+00  -61.12500  -58.09183 1152594087 192.209353    34.2761 0.0000e+00
    135.000     0.5572   2.903895     0.5645   2.904868    6.10722     0.1200    13.8155 0.0000e+00  -61.12500  -58.09183 1152594088 192.209370    34.2885 0.0000e+00
    136.000     0.5673   2.905143     0.5682   2.905311    6.04295     0.1297    13.8155 0.0000e+00  -61.12500  -58.09183 1152594091 192.209404    34.2947 0.0000e+00
    137.000     0.5802   2.906625     0.5826   2.907014    6.01528     0.1126    13.8155 0.0000e+00  -61.12500  -58.09183 1152594092 192.209417    34.2989 0.0000e+00
    138.000     0.5979   2.908723     0.6001   2.909071    5.99213     0.1069    13.8155 0.0000e+00  -61.12500  -58.09183 1152594093 192.209428    34.3061 0.0000e+00
    139.000     0.6089   2.909980     0.6107   2.910313    5.96671     0.1383    13.8155 0.0000e+00  -61.12500  -58.09183 1152594094 192.209441    34.3096 0.0000e+00
    140.000     0.6145   2.910636     0.6164   2.910986    5.93679     0.1218    13.8155 0.0000e+00  -61.12500  -58.09183 1152594096 192.209459    34.3118 0.0000e+00
    141.000     0.6296   2.912419     0.6322   2.912771    5.90807     0.1139    13.8155 0.0000e+00  -61.12500  -58.09183 1152594097 192.209475    34.3179 0.0000e+00
    142.000     0.6453   2.914230     0.6474   2.914554    5.88446     0.1184    13.8155 0.0000e+00  -61.12500  -58.09183 1152594098 192.209487    34.3234 0.0000e+00
    143.000     0.6707   2.917293     0.6731   2.917599    5.86339     0.1024    13.8155 0.0000e+00  -61.12500  -58.09183 1152594099 192.209498    34.3342 0.0000e+00
    144.000     0.6810   2.918518     0.6827   2.918845    5.83954     0.0924    13.8155 0.0000e+00  -61.12500  -58.09183 1152594100 192.209512    34.3380 0.0000e+00
    145.000     0.6825   2.918685     0.6877   2.919502    5.80857     0.0776    13.8155 0.0000e+00  -61.12500  -58.09183 1152594103 192.209542    34.3387 0.0000e+00
    146.000     0.6830   2.918846     0.6868   2.919472    5.78413     0.0550    13.8155 0.0000e+00  -61.12500  -58.09183 1152594106 192.209573    34.3405 0.0000e+00
    147.000     0.6847   2.919144     0.6868   2.919546    5.76943     0.0456    13.8155 0.0000e+00  -61.12500  -58.09183 1152594107 192.209593    34.3421 0.0000e+00
    148.000     0.6911   2.920110     0.6937   2.920500    5.74382     0.0734    13.8155 0.0000e+00  -61.12500  -58.09183 1152594108 192.209606    34.3472 0.0000e+00
    149.000     0.7127   2.922615     0.7151   2.922930    5.71926     0.0579    13.8155 0.0000e+00  -61.12500  -58.09183 1152594109 192.209615    34.3549 0.0000e+00
    150.000     0.7398   2.925924     0.7422   2.926097    5.69642     0.0682    13.8155 0.0000e+00  -61.12500  -58.09183 1152594110 192.209623    34.3666 0.0000e+00
    151.000     0.7577   2.928061     0.7594   2.928354    5.67495     0.0626    13.8155 0.0000e+00  -61.12500  -58.09183 1152594111 192.209631    34.3731 0.0000e+00
    152.000     0.7616   2.928521     0.7630   2.928835    5.65791     0.0910    13.8155 0.0000e+00  -61.12500  -58.09183 1152594111 192.209639    34.3741 0.0000e+00
    153.000     0.7613   2.928597     0.7620   2.928834    5.63103     0.0848    13.8155 0.0000e+00  -61.12500  -58.09183 1152594113 192.209662    34.3753 0.0000e+00
    154.000     0.7525   2.927545     0.7575   2.928269    5.60103     0.0924    13.8155 0.0000e+00  -61.12500  -58.09183 1152594117 192.209701    34.3721 0.0000e+00
    155.000     0.7669   2.929358     0.7685   2.929688    5.58739     0.0989    13.8155 0.0000e+00  -61.12500  -58.09183 1152594119 192.209721    34.3787 0.0000e+00
    156.000     0.7709   2.929900     0.7728   2.930260    5.57546     0.1003    13.8155 0.0000e+00  -61.12500  -58.09183 1152594120 192.209739    34.3810 0.0000e+00
    157.000     0.7746   2.930434     0.7761   2.930773    5.56301     0.0963    13.8155 0.0000e+00  -61.12500  -58.09183 1152594121 192.209751    34.3832 0.0000e+00
    158.000     0.7774   2.930855     0.7791   2.931216    5.54999     0.1033    13.8155 0.0000e+00  -61.12500  -58.09183 1152594122 192.209762    34.3851 0.0000e+00
    159.000     0.7932   2.932529     0.7948   2.932896    5.53645     0.0933    13.8155 0.0000e+00  -61.12500  -58.09183 1152594123 192.209773    34.3898 0.0000e+00
    160.000     0.7995   2.933325     0.8011   2.933671    5.52181     0.1017    13.8155 0.0000e+00  -61.12500  -58.09183 1152594124 192.209788    34.3910 0.0000e+00
    161.000     0.8023   2.933704     0.8041   2.934051    5.50202     0.1065    13.8155 0.0000e+00  -61.12500  -58.09183 1152594126 192.209805    34.3924 0.0000e+00
    162.000     0.8130   2.934958     0.8150   2.935308    5.48453     0.1024    13.8155 0.0000e+00  -61.12500  -58.09183 1152594127 192.209820    34.3963 0.0000e+00
    163.000     0.8202   2.935768     0.8218   2.936111    5.46895     0.0964    13.8155 0.0000e+00  -61.12500  -58.09183 1152594128 192.209833    34.3980 0.0000e+00
    164.000     0.8229   2.936153     0.8266   2.936755    5.45272     0.0946    13.8155 0.0000e+00  -61.12500  -58.09183 1152594131 192.209862    34.3997 0.0000e+00
    165.000     0.8290   2.936924     0.8325   2.937473    5.43517     0.0918    13.8155 0.0000e+00  -61.12500  -58.09183 1152594133 192.209891    34.4025 0.0000e+00
    166.000     0.8405   2.938298     0.8429   2.938656    5.42418     0.0838    13.8155 0.0000e+00  -61.12500  -58.09183 1152594134 192.209905    34.4070 0.0000e+00
    167.000     0.8597   2.940403     0.8617   2.940738    5.41337     0.0893    13.8155 0.0000e+00  -61.12500  -58.09183 1152594135 192.209917    34.4118 0.0000e+00
    168.000     0.8645   2.941091     0.8661   2.941375    5.40431     0.0937    13.8155 0.0000e+00  -61.12500  -58.09183 1152594136 192.209928    34.4148 0.0000e+00
    169.000     0.8709   2.941968     0.8719   2.942230    5.39401     0.1111    13.8155 0.0000e+00  -61.12500  -58.09183 1152594137 192.209939    34.4182 0.0000e+00
    170.000     0.8700   2.941891     0.8711   2.942169    5.39078     0.1051    13.8155 0.0000e+00  -61.12500  -58.09183 1152594138 192.209951    34.4180 0.0000e+00
    171.000     0.8655   2.941881     0.8671   2.942225    5.39293     0.0835    13.8155 0.0000e+00  -61.12500  -58.09183 1152594140 192.209967    34.4225 0.0000e+00
    172.000     0.8612   2.941698     0.8631   2.942066    5.39832     0.0784    13.8155 0.0000e+00  -61.12500  -58.09183 1152594142 192.209992    34.4247 0.0000e+00
    173.000     0.8678   2.942405     0.8699   2.942787    5.39259     0.0648    13.8155 0.0000e+00  -61.12500  -58.09183 1152594144 192.210015    34.4260 0.0000e+00
    174.000     0.8720   2.942890     0.8740   2.943240    5.38946     0.0462    13.8155 0.0000e+00  -61.12500  -58.09183 1152594145 192.210029    34.4270 0.0000e+00
    175.000     0.8812   2.943881     0.8826   2.944190    5.38763     0.0602    13.8155 0.0000e+00  -61.12500  -58.09183 1152594146 192.210042    34.4288 0.0000e+00
    176.000     0.8893   2.944814     0.8917   2.945187    5.37832     0.0637    13.8155 0.0000e+00  -61.12500  -58.09183 1152594148 192.210062    34.4313 0.0000e+00
    177.000     0.9071   2.946649     0.9091   2.947014    5.36377     0.0470    13.8155 0.0000e+00  -61.12500  -58.09183 1152594150 192.210089    34.4345 0.0000e+00
    178.000     0.9108   2.947084     0.9124   2.947409    5.35148     0.0431    13.8155 0.0000e+00  -61.12500  -58.09183 1152594152 192.210104    34.4355 0.0000e+00
    179.000     0.9175   2.947829     0.9194   2.948133    5.33838     0.0472    13.8155 0.0000e+00  -61.12500  -58.09183 1152594152 192.210113    34.4371 0.0000e+00
    180.000     0.9258   2.948706     0.9276   2.949016    5.32740     0.0505    13.8155 0.0000e+00  -61.12500  -58.09183 1152594153 192.210122    34.4384 0.0000e+00
    181.000     0.9321   2.949391     0.9337   2.949713    5.31820     0.0467    13.8155 0.0000e+00  -61.12500  -58.09183 1152594154 192.210130    34.4395 0.0000e+00
    182.000     0.9300   2.949268     0.9315   2.949591    5.30850     0.0520    13.8155 0.0000e+00  -61.12500  -58.09183 1152594155 192.210141    34.4398 0.0000e+00
    183.000     0.9266   2.948929     0.9293   2.949406    5.29652     0.0708    13.8155 0.0000e+00  -61.12500  -58.09183 1152594158 192.210176    34.4392 0.0000e+00
    184.000     0.9262   2.948970     0.9289   2.949425    5.29202     0.0972    13.8155 0.0000e+00  -61.12500  -58.09183 1152594161 192.210217    34.4399 0.0000e+00
    185.000     0.9283   2.949391     0.9297   2.949723    5.28976     0.0877    13.8155 0.0000e+00  -61.12500  -58.09183 1152594162 192.210230    34.4423 0.0000e+00
    186.000     0.9507   2.951996     0.9532   2.952322    5.28393     0.0978    13.8155 0.0000e+00  -61.12500  -58.09183 1152594163 192.210240    34.4504 0.0000e+00
    187.000     0.9472   2.951802     0.9482   2.952132    5.28167     0.0995    13.8155 0.0000e+00  -61.12500  -58.09183 1152594164 192.210248    34.4508 0.0000e+00
    188.000     0.9452   2.951839     0.9468   2.952168    5.28195     0.0791    13.8155 0.0000e+00  -61.12500  -58.09183 1152594165 192.210256    34.4533 0.0000e+00
    189.000     0.9512   2.952615     0.9525   2.952914    5.28183     0.0875    13.8155 0.0000e+00  -61.12500  -58.09183 1152594165 192.210263    34.4559 0.0000e+00
    190.000     0.9530   2.952901     0.9543   2.953224    5.28577     0.1092    13.8155 0.0000e+00  -61.12500  -58.09183 1152594166 192.210270    34.4570 0.0000e+00
    191.000     0.9444   2.952244     0.9466   2.952683    5.28553     0.0895    13.8155 0.0000e+00  -61.12500  -58.09183 1152594167 192.210281    34.4577 0.0000e+00
    192.000     0.9475   2.952393     0.9493   2.952702    5.25089     0.0565    13.8155 0.0000e+00  -61.12500  -58.09183 1152594173 192.210352    34.4560 0.0000e+00
    193.000     0.9539   2.953174     0.9599   2.953992    5.23103     0.0582    13.8155 0.0000e+00  -61.12500  -58.09183 1152594174 192.210359    34.4586 0.0000e+00
    194.000     1.0330   2.961325     1.0370   2.961451    5.21147     0.0609    13.8155 0.0000e+00  -61.12500  -58.09183 1152594174 192.210368    34.4742 0.0000e+00
    195.000     1.0614   2.963894     1.0631   2.964138    5.19539     0.0337    13.8155 0.0000e+00  -61.12500  -58.09183 1152594175 192.210377    34.4733 0.0000e+00
    196.000     1.0682   2.964727     1.0698   2.964995    5.17909     0.0484    13.8155 0.0000e+00  -61.12500  -58.09183 1152594176 192.210387    34.4758 0.0000e+00
    197.000     1.0679   2.964793     1.0695   2.965074    5.16327     0.0387    13.8155 0.0000e+00  -61.12500  -58.09183 1152594177 192.210401    34.4769 0.0000e+00
    198.000     1.0688   2.964958     1.0705   2.965255    5.15127     0.0198    13.8155 0.0000e+00  -61.12500  -58.09183 1152594179 192.210418    34.4780 0.0000e+00
    199.000     1.0702   2.965127     1.0718   2.965430    5.13947     0.0162    13.8155 0.0000e+00  -61.12500  -58.09183 1152594180 192.210437    34.4784 0.0000e+00
    200.000     1.0706   2.965205     1.0722   2.965519    5.13254     0.0323    13.8155 0.0000e+00  -61.12500  -58.09183 1152594182 192.210455    34.4788 0.0000e+00
    201.000     1.0712   2.965314     1.0728   2.965621    5.12996     0.0143    13.8155 0.0000e+00  -61.12500  -58.09183 1152594183 192.210471    34.4792 0.0000e+00
    202.000     1.0718   2.965407     1.0734   2.965721    5.12956     0.0023    13.8155 0.0000e+00  -61.12500  -58.09183 1152594185 192.210485    34.4793 0.0000e+00
