product_data/regression_test/downloaded_data/MGDS/320620060703/ctd/adapted/heads_insert_p6620201.cnv
* Sea-Bird SBE 9 Data File:
* FileName = D:\Data\Raw\p6620201.dat
* Software Version Seasave Win32 V 5.32
* Temperature SN = 1649
* Conductivity SN = 1431
* Number of Bytes Per Scan = 37
* Number of Voltage Words = 5
* Number of Scans Averaged by the Deck Unit = 1
* NMEA Latitude = 64 26.68 S
* NMEA Longitude = 061 58.97 W
* NMEA UTC (Time) = 03:19:51
** Ship:   Nathaniel B. Palmer 
** Cruise:    NBP0606 
# nquan = 15
# nvalues = 459                         
# units = specified
# name 0 = prDM: Pressure, Digiquartz [db]
# name 1 = t090C: Temperature [ITS-90, deg C]
# name 2 = c0S/m: Conductivity [S/m]
# name 3 = t190C: Temperature, 2 [ITS-90, deg C]
# name 4 = c1S/m: Conductivity, 2 [S/m]
# name 5 = sbeox0ML/L: Oxygen, SBE 43 [ml/l]
# name 6 = flECO-AFL: Fluorescence, Wetlab ECO-AFL/FL [mg/m^3]
# name 7 = bat: Beam Attenuation, Chelsea/Seatech/Wetlab CStar [1/m]
# name 8 = spar: SPAR/Surface Irradiance
# name 9 = latitude: Latitude [deg]
# name 10 = longitude: Longitude [deg]
# name 11 = timeY: Time, System [seconds]
# name 12 = timeJ: Julian Days
# name 13 = sal00: Salinity [PSU]
# name 14 = flag: flag
# span 0 =     13.000,    471.000       
# span 1 =    -0.9648,     0.1584       
# span 2 =   2.759083,   2.893798       
# span 3 =    -0.9659,     0.1586       
# span 4 =   2.759681,   2.894125       
# span 5 =    5.90104,    7.11601       
# span 6 =    -0.1029,    -0.0291       
# span 7 =    13.8155,    13.8155       
# span 8 = 0.0000e+00, 0.0000e+00       
# span 9 =  -64.44467,  -64.44467       
# span 10 =  -61.98283,  -61.98283      
# span 11 = 1154056759, 1154057630      
# span 12 = 209.138402, 209.148511      
# span 13 =    34.1431,    34.5171      
# span 14 = 0.0000e+00, 0.0000e+00      
# interval = decibars: 1                
# start_time = Jul 28 2006 03:19:59
# bad_flag = -9.990e-29
*END*
[from data line 290]
    302.000     0.0714   2.884478     0.0720   2.884834    5.96953    -0.0725    13.8155 0.0000e+00  -64.44467  -61.98283 1154057293 209.144625    34.4817 0.0000e+00
    303.000     0.0664   2.884128     0.0695   2.884696    5.97158    -0.0602    13.8155 0.0000e+00  -64.44467  -61.98283 1154057295 209.144640    34.4821 0.0000e+00
    304.000     0.0569   2.883403     0.0596   2.883986    5.97802    -0.0856    13.8155 0.0000e+00  -64.44467  -61.98283 1154057296 209.144653    34.4827 0.0000e+00
    305.000     0.0433   2.882406     0.0444   2.882822    5.98153    -0.0884    13.8155 0.0000e+00  -64.44467  -61.98283 1154057297 209.144666    34.4846 0.0000e+00
    306.000     0.0446   2.882554     0.0451   2.882899    5.98593    -0.0708    13.8155 0.0000e+00  -64.44467  -61.98283 1154057298 209.144681    34.4844 0.0000e+00
    307.000     0.0437   2.882510     0.0448   2.882921    5.98819    -0.0552    13.8155 0.0000e+00  -64.44467  -61.98283 1154057300 209.144696    34.4839 0.0000e+00
    308.000     0.0398   2.882260     0.0399   2.882563    5.98831    -0.0873    13.8155 0.0000e+00  -64.44467  -61.98283 1154057301 209.144711    34.4845 0.0000e+00
    309.000     0.0411   2.882410     0.0412   2.882733    5.98999    -0.0673    13.8155 0.0000e+00  -64.44467  -61.98283 1154057302 209.144726    34.4842 0.0000e+00
    310.000     0.0425   2.882592     0.0432   2.882941    5.99338    -0.0582    13.8155 0.0000e+00  -64.44467  -61.98283 1154057303 209.144740    34.4843 0.0000e+00
    311.000     0.0384   2.882279     0.0376   2.882519    5.99671    -0.0897    13.8155 0.0000e+00  -64.44467  -61.98283 1154057305 209.144754    34.4842 0.0000e+00
    312.000     0.0405   2.882514     0.0407   2.882817    5.99773    -0.0736    13.8155 0.0000e+00  -64.44467  -61.98283 1154057306 209.144772    34.4842 0.0000e+00
    313.000     0.0378   2.882333     0.0375   2.882621    6.00084    -0.0752    13.8155 0.0000e+00  -64.44467  -61.98283 1154057308 209.144789    34.4842 0.0000e+00
    314.000     0.0365   2.882275     0.0369   2.882618    6.00383    -0.0663    13.8155 0.0000e+00  -64.44467  -61.98283 1154057309 209.144803    34.4844 0.0000e+00
    315.000     0.0363   2.882310     0.0367   2.882649    6.00552    -0.0744    13.8155 0.0000e+00  -64.44467  -61.98283 1154057310 209.144815    34.4843 0.0000e+00
    316.000     0.0367   2.882388     0.0370   2.882724    6.00665    -0.0619    13.8155 0.0000e+00  -64.44467  -61.98283 1154057311 209.144830    34.4843 0.0000e+00
    317.000     0.0371   2.882475     0.0375   2.882801    6.00579    -0.0614    13.8155 0.0000e+00  -64.44467  -61.98283 1154057313 209.144847    34.4843 0.0000e+00
    318.000     0.0369   2.882502     0.0373   2.882845    6.00422    -0.0729    13.8155 0.0000e+00  -64.44467  -61.98283 1154057314 209.144861    34.4842 0.0000e+00
    319.000     0.0362   2.882505     0.0364   2.882837    6.00458    -0.0668    13.8155 0.0000e+00  -64.44467  -61.98283 1154057315 209.144874    34.4845 0.0000e+00
    320.000     0.0350   2.882478     0.0355   2.882821    6.00149    -0.0571    13.8155 0.0000e+00  -64.44467  -61.98283 1154057316 209.144888    34.4849 0.0000e+00
    321.000     0.0334   2.882425     0.0340   2.882774    5.99885    -0.0674    13.8155 0.0000e+00  -64.44467  -61.98283 1154057317 209.144902    34.4854 0.0000e+00
    322.000     0.0356   2.882693     0.0341   2.882820    5.99931    -0.0793    13.8155 0.0000e+00  -64.44467  -61.98283 1154057319 209.144916    34.4859 0.0000e+00
    323.000     0.0383   2.883047     0.0388   2.883365    5.99899    -0.0603    13.8155 0.0000e+00  -64.44467  -61.98283 1154057320 209.144933    34.4868 0.0000e+00
    324.000     0.0404   2.883327     0.0409   2.883648    5.99683    -0.1005    13.8155 0.0000e+00  -64.44467  -61.98283 1154057321 209.144950    34.4875 0.0000e+00
    325.000     0.0424   2.883612     0.0428   2.883921    5.99118    -0.0837    13.8155 0.0000e+00  -64.44467  -61.98283 1154057323 209.144963    34.4883 0.0000e+00
    326.000     0.0429   2.883699     0.0434   2.884036    5.98554    -0.0557    13.8155 0.0000e+00  -64.44467  -61.98283 1154057324 209.144975    34.4883 0.0000e+00
    327.000     0.0433   2.883796     0.0437   2.884123    5.98471    -0.0726    13.8155 0.0000e+00  -64.44467  -61.98283 1154057325 209.144987    34.4886 0.0000e+00
    328.000     0.0437   2.883885     0.0440   2.884215    5.98641    -0.0811    13.8155 0.0000e+00  -64.44467  -61.98283 1154057326 209.145005    34.4887 0.0000e+00
    329.000     0.0441   2.883985     0.0445   2.884319    5.98742    -0.0781    13.8155 0.0000e+00  -64.44467  -61.98283 1154057328 209.145021    34.4889 0.0000e+00
    330.000     0.0441   2.884059     0.0446   2.884397    5.98749    -0.0791    13.8155 0.0000e+00  -64.44467  -61.98283 1154057329 209.145032    34.4892 0.0000e+00
    331.000     0.0436   2.884068     0.0441   2.884415    5.98498    -0.0638    13.8155 0.0000e+00  -64.44467  -61.98283 1154057329 209.145042    34.4894 0.0000e+00
    332.000     0.0439   2.884162     0.0444   2.884482    5.98165    -0.0878    13.8155 0.0000e+00  -64.44467  -61.98283 1154057330 209.145053    34.4897 0.0000e+00
    333.000     0.0439   2.884198     0.0444   2.884534    5.97972    -0.0712    13.8155 0.0000e+00  -64.44467  -61.98283 1154057332 209.145072    34.4896 0.0000e+00
    334.000     0.0440   2.884243     0.0445   2.884586    5.98274    -0.0792    13.8155 0.0000e+00  -64.44467  -61.98283 1154057334 209.145092    34.4895 0.0000e+00
    335.000     0.0441   2.884296     0.0444   2.884621    5.98646    -0.0763    13.8155 0.0000e+00  -64.44467  -61.98283 1154057335 209.145105    34.4895 0.0000e+00
    336.000     0.0442   2.884359     0.0446   2.884685    5.98562    -0.0529    13.8155 0.0000e+00  -64.44467  -61.98283 1154057336 209.145116    34.4896 0.0000e+00
    337.000     0.0444   2.884418     0.0448   2.884733    5.98355    -0.0586    13.8155 0.0000e+00  -64.44467  -61.98283 1154057337 209.145127    34.4896 0.0000e+00
    338.000     0.0445   2.884466     0.0449   2.884794    5.98414    -0.0725    13.8155 0.0000e+00  -64.44467  -61.98283 1154057339 209.145148    34.4896 0.0000e+00
    339.000     0.0443   2.884542     0.0446   2.884885    5.98537    -0.0748    13.8155 0.0000e+00  -64.44467  -61.98283 1154057340 209.145170    34.4902 0.0000e+00
    340.000     0.0445   2.884670     0.0447   2.885004    5.98564    -0.0677    13.8155 0.0000e+00  -64.44467  -61.98283 1154057341 209.145181    34.4911 0.0000e+00
    341.000     0.0443   2.884705     0.0448   2.885045    5.98573    -0.0826    13.8155 0.0000e+00  -64.44467  -61.98283 1154057342 209.145190    34.4911 0.0000e+00
    342.000     0.0448   2.884775     0.0449   2.885094    5.98614    -0.0580    13.8155 0.0000e+00  -64.44467  -61.98283 1154057343 209.145201    34.4909 0.0000e+00
    343.000     0.0445   2.884819     0.0449   2.885140    5.98399    -0.0822    13.8155 0.0000e+00  -64.44467  -61.98283 1154057345 209.145220    34.4912 0.0000e+00
    344.000     0.0445   2.884905     0.0449   2.885242    5.98200    -0.0690    13.8155 0.0000e+00  -64.44467  -61.98283 1154057347 209.145240    34.4918 0.0000e+00
    345.000     0.0445   2.885009     0.0449   2.885342    5.97910    -0.0900    13.8155 0.0000e+00  -64.44467  -61.98283 1154057348 209.145251    34.4926 0.0000e+00
    346.000     0.0438   2.885079     0.0440   2.885409    5.97676    -0.0754    13.8155 0.0000e+00  -64.44467  -61.98283 1154057348 209.145261    34.4938 0.0000e+00
    347.000     0.0423   2.885128     0.0426   2.885462    5.97731    -0.0936    13.8155 0.0000e+00  -64.44467  -61.98283 1154057349 209.145273    34.4954 0.0000e+00
    348.000     0.0421   2.885191     0.0425   2.885514    5.98156    -0.0435    13.8155 0.0000e+00  -64.44467  -61.98283 1154057351 209.145297    34.4959 0.0000e+00
    349.000     0.0422   2.885268     0.0427   2.885595    5.97971    -0.0621    13.8155 0.0000e+00  -64.44467  -61.98283 1154057353 209.145313    34.4961 0.0000e+00
    350.000     0.0428   2.885357     0.0431   2.885680    5.98024    -0.0814    13.8155 0.0000e+00  -64.44467  -61.98283 1154057354 209.145324    34.4961 0.0000e+00
    351.000     0.0426   2.885394     0.0430   2.885722    5.98043    -0.0629    13.8155 0.0000e+00  -64.44467  -61.98283 1154057355 209.145335    34.4962 0.0000e+00
    352.000     0.0425   2.885427     0.0428   2.885758    5.98068    -0.0780    13.8155 0.0000e+00  -64.44467  -61.98283 1154057356 209.145351    34.4962 0.0000e+00
    353.000     0.0427   2.885486     0.0432   2.885824    5.97967    -0.0763    13.8155 0.0000e+00  -64.44467  -61.98283 1154057358 209.145372    34.4961 0.0000e+00
    354.000     0.0431   2.885567     0.0435   2.885899    5.97889    -0.0645    13.8155 0.0000e+00  -64.44467  -61.98283 1154057359 209.145386    34.4961 0.0000e+00
    355.000     0.0430   2.885606     0.0435   2.885932    5.97973    -0.0406    13.8155 0.0000e+00  -64.44467  -61.98283 1154057360 209.145399    34.4962 0.0000e+00
    356.000     0.0424   2.885629     0.0429   2.885954    5.98291    -0.0967    13.8155 0.0000e+00  -64.44467  -61.98283 1154057361 209.145411    34.4965 0.0000e+00
    357.000     0.0421   2.885651     0.0425   2.885975    5.98573    -0.0809    13.8155 0.0000e+00  -64.44467  -61.98283 1154057363 209.145425    34.4966 0.0000e+00
    358.000     0.0420   2.885686     0.0423   2.886008    5.98697    -0.0628    13.8155 0.0000e+00  -64.44467  -61.98283 1154057364 209.145443    34.4965 0.0000e+00
    359.000     0.0418   2.885725     0.0422   2.886046    5.98772    -0.0803    13.8155 0.0000e+00  -64.44467  -61.98283 1154057366 209.145459    34.4967 0.0000e+00
    360.000     0.0416   2.885756     0.0420   2.886087    5.98826    -0.0712    13.8155 0.0000e+00  -64.44467  -61.98283 1154057367 209.145472    34.4967 0.0000e+00
    361.000     0.0405   2.885743     0.0408   2.886066    5.98895    -0.0764    13.8155 0.0000e+00  -64.44467  -61.98283 1154057368 209.145486    34.4972 0.0000e+00
    362.000     0.0401   2.885770     0.0404   2.886093    5.98976    -0.0634    13.8155 0.0000e+00  -64.44467  -61.98283 1154057369 209.145501    34.4974 0.0000e+00
    363.000     0.0403   2.885836     0.0407   2.886161    5.99086    -0.0864    13.8155 0.0000e+00  -64.44467  -61.98283 1154057371 209.145519    34.4975 0.0000e+00
    364.000     0.0404   2.885904     0.0408   2.886227    5.99052    -0.0833    13.8155 0.0000e+00  -64.44467  -61.98283 1154057372 209.145536    34.4976 0.0000e+00
    365.000     0.0405   2.885951     0.0408   2.886271    5.98714    -0.0802    13.8155 0.0000e+00  -64.44467  -61.98283 1154057373 209.145549    34.4976 0.0000e+00
    366.000     0.0405   2.886012     0.0408   2.886334    5.98575    -0.0790    13.8155 0.0000e+00  -64.44467  -61.98283 1154057374 209.145563    34.4978 0.0000e+00
    367.000     0.0405   2.886062     0.0409   2.886389    5.98359    -0.0717    13.8155 0.0000e+00  -64.44467  -61.98283 1154057376 209.145580    34.4978 0.0000e+00
    368.000     0.0409   2.886155     0.0412   2.886467    5.98121    -0.0660    13.8155 0.0000e+00  -64.44467  -61.98283 1154057378 209.145601    34.4980 0.0000e+00
    369.000     0.0398   2.886137     0.0396   2.886418    5.98291    -0.0610    13.8155 0.0000e+00  -64.44467  -61.98283 1154057379 209.145615    34.4984 0.0000e+00
    370.000     0.0377   2.886018     0.0381   2.886348    5.98815    -0.0755    13.8155 0.0000e+00  -64.44467  -61.98283 1154057382 209.145648    34.4986 0.0000e+00
    371.000     0.0390   2.886204     0.0398   2.886537    5.99220    -0.0780    13.8155 0.0000e+00  -64.44467  -61.98283 1154057385 209.145685    34.4988 0.0000e+00
    372.000     0.0379   2.886214     0.0383   2.886537    5.99264    -0.0754    13.8155 0.0000e+00  -64.44467  -61.98283 1154057386 209.145701    34.4998 0.0000e+00
    373.000     0.0377   2.886254     0.0381   2.886570    5.99458    -0.0669    13.8155 0.0000e+00  -64.44467  -61.98283 1154057389 209.145731    34.4999 0.0000e+00
    374.000     0.0368   2.886260     0.0371   2.886586    5.99472    -0.0824    13.8155 0.0000e+00  -64.44467  -61.98283 1154057391 209.145753    34.5004 0.0000e+00
    375.000     0.0375   2.886418     0.0379   2.886739    5.99390    -0.0625    13.8155 0.0000e+00  -64.44467  -61.98283 1154057393 209.145781    34.5011 0.0000e+00
    376.000     0.0376   2.886502     0.0381   2.886833    5.99443    -0.0555    13.8155 0.0000e+00  -64.44467  -61.98283 1154057396 209.145810    34.5015 0.0000e+00
    377.000     0.0377   2.886544     0.0382   2.886870    5.99361    -0.0808    13.8155 0.0000e+00  -64.44467  -61.98283 1154057397 209.145828    34.5013 0.0000e+00
    378.000     0.0385   2.886691     0.0387   2.887008    5.99452    -0.0680    13.8155 0.0000e+00  -64.44467  -61.98283 1154057400 209.145857    34.5018 0.0000e+00
    379.000     0.0387   2.886755     0.0391   2.887072    5.98950    -0.0660    13.8155 0.0000e+00  -64.44467  -61.98283 1154057401 209.145875    34.5019 0.0000e+00
    380.000     0.0387   2.886797     0.0391   2.887125    5.98751    -0.0748    13.8155 0.0000e+00  -64.44467  -61.98283 1154057403 209.145896    34.5018 0.0000e+00
    381.000     0.0387   2.886835     0.0391   2.887171    5.98733    -0.0890    13.8155 0.0000e+00  -64.44467  -61.98283 1154057406 209.145927    34.5017 0.0000e+00
    382.000     0.0396   2.886991     0.0398   2.887290    5.98709    -0.0866    13.8155 0.0000e+00  -64.44467  -61.98283 1154057407 209.145944    34.5021 0.0000e+00
    383.000     0.0396   2.887031     0.0400   2.887351    5.98989    -0.0731    13.8155 0.0000e+00  -64.44467  -61.98283 1154057409 209.145965    34.5020 0.0000e+00
    384.000     0.0402   2.887135     0.0403   2.887420    5.98843    -0.0795    13.8155 0.0000e+00  -64.44467  -61.98283 1154057411 209.145991    34.5022 0.0000e+00
    385.000     0.0401   2.887167     0.0405   2.887490    5.98915    -0.0593    13.8155 0.0000e+00  -64.44467  -61.98283 1154057413 209.146014    34.5021 0.0000e+00
    386.000     0.0409   2.887297     0.0413   2.887619    5.99300    -0.0549    13.8155 0.0000e+00  -64.44467  -61.98283 1154057416 209.146041    34.5024 0.0000e+00
    387.000     0.0408   2.887338     0.0411   2.887646    5.99089    -0.0665    13.8155 0.0000e+00  -64.44467  -61.98283 1154057418 209.146064    34.5023 0.0000e+00
    388.000     0.0411   2.887413     0.0414   2.887724    5.98648    -0.0931    13.8155 0.0000e+00  -64.44467  -61.98283 1154057420 209.146092    34.5025 0.0000e+00
    389.000     0.0419   2.887576     0.0423   2.887893    5.98720    -0.0823    13.8155 0.0000e+00  -64.44467  -61.98283 1154057422 209.146114    34.5030 0.0000e+00
    390.000     0.0424   2.887729     0.0428   2.888038    5.98760    -0.0709    13.8155 0.0000e+00  -64.44467  -61.98283 1154057424 209.146132    34.5040 0.0000e+00
    391.000     0.0423   2.887790     0.0427   2.888110    5.98841    -0.0623    13.8155 0.0000e+00  -64.44467  -61.98283 1154057425 209.146153    34.5044 0.0000e+00
    392.000     0.0416   2.887800     0.0419   2.888121    5.98910    -0.0691    13.8155 0.0000e+00  -64.44467  -61.98283 1154057427 209.146172    34.5046 0.0000e+00
    393.000     0.0408   2.887798     0.0412   2.888111    5.99305    -0.0624    13.8155 0.0000e+00  -64.44467  -61.98283 1154057429 209.146192    34.5050 0.0000e+00
    394.000     0.0406   2.887832     0.0409   2.888144    5.99259    -0.0594    13.8155 0.0000e+00  -64.44467  -61.98283 1154057431 209.146219    34.5051 0.0000e+00
    395.000     0.0404   2.887868     0.0408   2.888194    5.99137    -0.0573    13.8155 0.0000e+00  -64.44467  -61.98283 1154057433 209.146240    34.5051 0.0000e+00
    396.000     0.0401   2.887909     0.0405   2.888227    5.99243    -0.0731    13.8155 0.0000e+00  -64.44467  -61.98283 1154057435 209.146265    34.5054 0.0000e+00
