product_data/regression_test/downloaded_data/MGDS/320620060703/ctd/adapted/heads_insert_p6617612.cnv
* Sea-Bird SBE 9 Data File:
* FileName = D:\Data\Raw\p6617612.dat
* Software Version Seasave Win32 V 5.32
* Temperature SN = 1649
* Conductivity SN = 1431
* Number of Bytes Per Scan = 37
* Number of Voltage Words = 5
* Number of Scans Averaged by the Deck Unit = 1
* NMEA Latitude = 60 37.00 S
* NMEA Longitude = 054 43.23 W
* NMEA UTC (Time) = 15:44:17
** Ship:   Nathaniel B. Palmer 
** Cruise:    NBP0606 
# nquan = 15
# nvalues = 391                         
# units = specified
# name 0 = prDM: Pressure, Digiquartz [db]
# name 1 = t090C: Temperature [ITS-90, deg C]
# name 2 = c0S/m: Conductivity [S/m]
# name 3 = t190C: Temperature, 2 [ITS-90, deg C]
# name 4 = c1S/m: Conductivity, 2 [S/m]
# name 5 = sbeox0ML/L: Oxygen, SBE 43 [ml/l]
# name 6 = flECO-AFL: Fluorescence, Wetlab ECO-AFL/FL [mg/m^3]
# name 7 = bat: Beam Attenuation, Chelsea/Seatech/Wetlab CStar [1/m]
# name 8 = spar: SPAR/Surface Irradiance
# name 9 = latitude: Latitude [deg]
# name 10 = longitude: Longitude [deg]
# name 11 = timeY: Time, System [seconds]
# name 12 = timeJ: Julian Days
# name 13 = sal00: Salinity [PSU]
# name 14 = flag: flag
# span 0 =     14.000,    404.000       
# span 1 =    -0.6711,     1.3474       
# span 2 =   2.782720,   2.992082       
# span 3 =    -0.6708,     1.3473       
# span 4 =   2.785099,   2.992377       
# span 5 =    4.98306,    7.57185       
# span 6 =    -0.1058,     0.3905       
# span 7 =    13.8155,    13.8155       
# span 8 = 5.0859e+01, 6.0393e+01       
# span 9 =  -60.61667,  -60.61667       
# span 10 =  -54.72050,  -54.72050      
# span 11 = 1153496647, 1153497309      
# span 12 = 202.655655, 202.663322      
# span 13 =    34.1147,    35.6918      
# span 14 = 0.0000e+00, 0.0000e+00      
# interval = decibars: 1                
# start_time = Jul 21 2006 15:44:25
# bad_flag = -9.990e-29
*END*
[from data line 193]
    206.000     0.5146   2.915975     0.5195   2.916707    5.70388    -0.0645    13.8155 5.2703e+01  -60.61667  -54.72050 1153497042 202.660235    34.4641 0.0000e+00
    207.000     0.5204   2.916563     0.5210   2.916979    5.70708    -0.0719    13.8155 5.2598e+01  -60.61667  -54.72050 1153497043 202.660245    34.4636 0.0000e+00
    208.000     0.5411   2.918623     0.5431   2.919001    5.70472    -0.0686    13.8155 5.2600e+01  -60.61667  -54.72050 1153497044 202.660255    34.4657 0.0000e+00
    209.000     0.5752   2.921803     0.5804   2.922562    5.69688    -0.0781    13.8155 5.2600e+01  -60.61667  -54.72050 1153497045 202.660265    34.4665 0.0000e+00
    210.000     0.5953   2.923802     0.5936   2.923815    5.68690    -0.0781    13.8155 5.2600e+01  -60.61667  -54.72050 1153497046 202.660276    34.4688 0.0000e+00
    211.000     0.6231   2.926399     0.6231   2.926644    5.67685    -0.0822    13.8155 5.2600e+01  -60.61667  -54.72050 1153497047 202.660288    34.4696 0.0000e+00
    212.000     0.6356   2.927607     0.6362   2.927957    5.66066    -0.0750    13.8155 5.2600e+01  -60.61667  -54.72050 1153497049 202.660305    34.4699 0.0000e+00
    213.000     0.6102   2.925405     0.6157   2.926064    5.68686    -0.0870    13.8155 5.2753e+01  -60.61667  -54.72050 1153497052 202.660341    34.4696 0.0000e+00
    214.000     0.6218   2.926348     0.6215   2.926822    5.73489    -0.0875    13.8155 5.2575e+01  -60.61667  -54.72050 1153497053 202.660360    34.4671 0.0000e+00
    215.000     0.5600   2.920651     0.5477   2.920225    5.75934    -0.0718    13.8155 5.2692e+01  -60.61667  -54.72050 1153497054 202.660371    34.4635 0.0000e+00
    216.000     0.5065   2.915849     0.5113   2.916825    5.79247    -0.0821    13.8155 5.2889e+01  -60.61667  -54.72050 1153497055 202.660381    34.4617 0.0000e+00
    217.000     0.4633   2.911715     0.4665   2.912863    5.83283    -0.0742    13.8155 5.2601e+01  -60.61667  -54.72050 1153497056 202.660391    34.4542 0.0000e+00
    218.000     0.3591   2.901997     0.3545   2.902958    5.88222    -0.0778    13.8155 5.2600e+01  -60.61667  -54.72050 1153497057 202.660400    34.4445 0.0000e+00
    219.000     0.2293   2.890402     0.2051   2.889295    5.92442    -0.0734    13.8155 5.2600e+01  -60.61667  -54.72050 1153497058 202.660409    34.4409 0.0000e+00
    220.000     0.1509   2.883497     0.1470   2.883834    5.97397    -0.0817    13.8155 5.2600e+01  -60.61667  -54.72050 1153497058 202.660419    34.4403 0.0000e+00
    221.000     0.1216   2.880873     0.1230   2.881660    6.01868    -0.0865    13.8155 5.2600e+01  -60.61667  -54.72050 1153497059 202.660430    34.4371 0.0000e+00
    222.000     0.1371   2.882377     0.1216   2.881523    6.06873    -0.0681    13.8155 5.2600e+01  -60.61667  -54.72050 1153497061 202.660452    34.4364 0.0000e+00
    223.000     0.2024   2.888421     0.1583   2.884986    6.08972    -0.0647    13.8155 5.2600e+01  -60.61667  -54.72050 1153497065 202.660495    34.4360 0.0000e+00
    224.000     0.1658   2.885680     0.1732   2.886350    6.07730    -0.0769    13.8155 5.2600e+01  -60.61667  -54.72050 1153497066 202.660509    34.4431 0.0000e+00
    225.000     0.2517   2.893487     0.2671   2.895025    6.06255    -0.0836    13.8155 5.2600e+01  -60.61667  -54.72050 1153497067 202.660519    34.4471 0.0000e+00
    226.000     0.2972   2.897764     0.2994   2.898271    6.04792    -0.0740    13.8155 5.2600e+01  -60.61667  -54.72050 1153497068 202.660529    34.4476 0.0000e+00
    227.000     0.2964   2.897761     0.2969   2.898167    6.03564    -0.0811    13.8155 5.2600e+01  -60.61667  -54.72050 1153497069 202.660537    34.4478 0.0000e+00
    228.000     0.2962   2.897800     0.2920   2.897792    6.02709    -0.0780    13.8155 5.2600e+01  -60.61667  -54.72050 1153497069 202.660545    34.4481 0.0000e+00
    229.000     0.2923   2.897479     0.2915   2.897765    6.01913    -0.0825    13.8155 5.2600e+01  -60.61667  -54.72050 1153497070 202.660553    34.4478 0.0000e+00
    230.000     0.2915   2.897467     0.2899   2.897705    6.01413    -0.0763    13.8155 5.2600e+01  -60.61667  -54.72050 1153497071 202.660561    34.4480 0.0000e+00
    231.000     0.2840   2.896853     0.2854   2.897357    6.01145    -0.0662    13.8155 5.2803e+01  -60.61667  -54.72050 1153497072 202.660574    34.4481 0.0000e+00
    232.000     0.2866   2.897123     0.2845   2.897280    5.99754    -0.0697    13.8155 5.2431e+01  -60.61667  -54.72050 1153497075 202.660612    34.4480 0.0000e+00
    233.000     0.2824   2.896831     0.2821   2.897166    5.97799    -0.0687    13.8155 5.2605e+01  -60.61667  -54.72050 1153497078 202.660641    34.4486 0.0000e+00
    234.000     0.2903   2.897739     0.2916   2.898135    5.97251    -0.0804    13.8155 5.2600e+01  -60.61667  -54.72050 1153497079 202.660652    34.4510 0.0000e+00
    235.000     0.3033   2.899008     0.3043   2.899372    5.95532    -0.0658    13.8155 5.2599e+01  -60.61667  -54.72050 1153497079 202.660662    34.4522 0.0000e+00
    236.000     0.3171   2.900519     0.3225   2.901033    5.92461    -0.0646    13.8155 5.0859e+01  -60.61667  -54.72050 1153497080 202.660672    34.4568 0.0000e+00
    237.000     0.4497   2.913236     0.4473   2.912587    5.88665    -0.0640    13.8155 5.1965e+01  -60.61667  -54.72050 1153497081 202.660681    34.4714 0.0000e+00
    238.000     0.5142   2.918951     0.5149   2.919086    5.84951    -0.0828    13.8155 5.2492e+01  -60.61667  -54.72050 1153497082 202.660690    34.4700 0.0000e+00
    239.000     0.5559   2.923091     0.5583   2.923202    5.81485    -0.0751    13.8155 5.2632e+01  -60.61667  -54.72050 1153497083 202.660700    34.4770 0.0000e+00
    240.000     0.5799   2.925307     0.5804   2.925573    5.78322    -0.0728    13.8155 5.2442e+01  -60.61667  -54.72050 1153497084 202.660712    34.4777 0.0000e+00
    241.000     0.5758   2.925042     0.5777   2.925443    5.74463    -0.0690    13.8155 5.2595e+01  -60.61667  -54.72050 1153497085 202.660731    34.4799 0.0000e+00
    242.000     0.5824   2.925696     0.5828   2.926003    5.72400    -0.0849    13.8155 5.2599e+01  -60.61667  -54.72050 1153497087 202.660752    34.4815 0.0000e+00
    243.000     0.5692   2.924535     0.5699   2.924873    5.71875    -0.0820    13.8155 5.3133e+01  -60.61667  -54.72050 1153497089 202.660769    34.4817 0.0000e+00
    244.000     0.5641   2.924098     0.5648   2.924477    5.72042    -0.0745    13.8155 5.3113e+01  -60.61667  -54.72050 1153497090 202.660787    34.4818 0.0000e+00
    245.000     0.5346   2.921396     0.5315   2.921526    5.73080    -0.0832    13.8155 5.3773e+01  -60.61667  -54.72050 1153497092 202.660805    34.4801 0.0000e+00
    246.000     0.5164   2.919797     0.5169   2.920178    5.73933    -0.0743    13.8155 5.2429e+01  -60.61667  -54.72050 1153497093 202.660819    34.4796 0.0000e+00
    247.000     0.5010   2.918444     0.5017   2.918881    5.75357    -0.0618    13.8155 5.1160e+01  -60.61667  -54.72050 1153497094 202.660834    34.4791 0.0000e+00
    248.000     0.4847   2.917032     0.4846   2.917407    5.76182    -0.0910    13.8155 5.3214e+01  -60.61667  -54.72050 1153497095 202.660847    34.4787 0.0000e+00
    249.000     0.4742   2.916170     0.4749   2.916583    5.76880    -0.0720    13.8155 5.2444e+01  -60.61667  -54.72050 1153497096 202.660858    34.4790 0.0000e+00
    250.000     0.4733   2.916121     0.4733   2.916472    5.77646    -0.0630    13.8155 5.1330e+01  -60.61667  -54.72050 1153497097 202.660868    34.4788 0.0000e+00
    251.000     0.4685   2.915677     0.4688   2.916134    5.78391    -0.0587    13.8155 5.1499e+01  -60.61667  -54.72050 1153497098 202.660877    34.4775 0.0000e+00
    252.000     0.4278   2.912037     0.4274   2.912493    5.79442    -0.0981    13.8155 5.3902e+01  -60.61667  -54.72050 1153497099 202.660888    34.4762 0.0000e+00
    253.000     0.4203   2.911556     0.4203   2.911887    5.79977    -0.0747    13.8155 5.3692e+01  -60.61667  -54.72050 1153497101 202.660906    34.4774 0.0000e+00
    254.000     0.4248   2.912012     0.4347   2.913172    5.80623    -0.0820    13.8155 5.4456e+01  -60.61667  -54.72050 1153497103 202.660940    34.4769 0.0000e+00
    255.000     0.4282   2.912551     0.4291   2.912872    5.80463    -0.0733    13.8155 5.4399e+01  -60.61667  -54.72050 1153497105 202.660956    34.4797 0.0000e+00
    256.000     0.4503   2.914623     0.4491   2.914803    5.79496    -0.0666    13.8155 5.4550e+01  -60.61667  -54.72050 1153497106 202.660967    34.4804 0.0000e+00
    257.000     0.4537   2.915041     0.4566   2.915563    5.78755    -0.0741    13.8155 5.4548e+01  -60.61667  -54.72050 1153497107 202.660978    34.4816 0.0000e+00
    258.000     0.4765   2.917249     0.4789   2.917729    5.78539    -0.0844    13.8155 5.4548e+01  -60.61667  -54.72050 1153497108 202.660990    34.4837 0.0000e+00
    259.000     0.4770   2.917318     0.4796   2.917856    5.77777    -0.0906    13.8155 5.4548e+01  -60.61667  -54.72050 1153497109 202.661004    34.4833 0.0000e+00
    260.000     0.4916   2.918836     0.4933   2.919163    5.76540    -0.0678    13.8155 5.4548e+01  -60.61667  -54.72050 1153497110 202.661018    34.4863 0.0000e+00
    261.000     0.5164   2.921188     0.5174   2.921516    5.75730    -0.0752    13.8155 5.4548e+01  -60.61667  -54.72050 1153497111 202.661029    34.4879 0.0000e+00
    262.000     0.5221   2.921765     0.5230   2.922123    5.75128    -0.0762    13.8155 5.4548e+01  -60.61667  -54.72050 1153497112 202.661039    34.4883 0.0000e+00
    263.000     0.5184   2.921452     0.5191   2.921834    5.74553    -0.0722    13.8155 5.4548e+01  -60.61667  -54.72050 1153497113 202.661050    34.4880 0.0000e+00
    264.000     0.5153   2.921208     0.5171   2.921683    5.72999    -0.0683    13.8155 5.4548e+01  -60.61667  -54.72050 1153497115 202.661073    34.4882 0.0000e+00
    265.000     0.5163   2.921336     0.5177   2.921769    5.71483    -0.0740    13.8155 5.4548e+01  -60.61667  -54.72050 1153497118 202.661102    34.4885 0.0000e+00
    266.000     0.5268   2.922456     0.5282   2.922804    5.69835    -0.0694    13.8155 5.4548e+01  -60.61667  -54.72050 1153497119 202.661116    34.4909 0.0000e+00
    267.000     0.5777   2.927403     0.5812   2.927736    5.68232    -0.0777    13.8155 5.4548e+01  -60.61667  -54.72050 1153497120 202.661127    34.4970 0.0000e+00
    268.000     0.6093   2.930372     0.6124   2.930784    5.66140    -0.0783    13.8155 5.4548e+01  -60.61667  -54.72050 1153497121 202.661139    34.4987 0.0000e+00
    269.000     0.6404   2.933397     0.6446   2.933875    5.63596    -0.0860    13.8155 5.4548e+01  -60.61667  -54.72050 1153497122 202.661152    34.5024 0.0000e+00
    270.000     0.6766   2.936818     0.6813   2.937409    5.60521    -0.0718    13.8155 5.4548e+01  -60.61667  -54.72050 1153497123 202.661164    34.5052 0.0000e+00
    271.000     0.6943   2.938564     0.6974   2.938981    5.58432    -0.0851    13.8155 5.4548e+01  -60.61667  -54.72050 1153497124 202.661177    34.5077 0.0000e+00
    272.000     0.7130   2.940318     0.7147   2.940657    5.56374    -0.0794    13.8155 5.4548e+01  -60.61667  -54.72050 1153497125 202.661189    34.5089 0.0000e+00
    273.000     0.7269   2.941674     0.7284   2.941984    5.53321    -0.0763    13.8155 5.4548e+01  -60.61667  -54.72050 1153497126 202.661202    34.5106 0.0000e+00
    274.000     0.7691   2.945792     0.7692   2.945831    5.50821    -0.0885    13.8155 5.4548e+01  -60.61667  -54.72050 1153497127 202.661216    34.5162 0.0000e+00
    275.000     0.7822   2.947002     0.7847   2.947397    5.47251    -0.0794    13.8155 5.4548e+01  -60.61667  -54.72050 1153497129 202.661234    34.5169 0.0000e+00
    276.000     0.8282   2.951413     0.8276   2.951444    5.43140    -0.0725    13.8155 5.4548e+01  -60.61667  -54.72050 1153497131 202.661256    34.5222 0.0000e+00
    277.000     0.8701   2.955498     0.8737   2.955828    5.39267    -0.0798    13.8155 5.4548e+01  -60.61667  -54.72050 1153497132 202.661274    34.5279 0.0000e+00
    278.000     0.9262   2.960935     0.9289   2.961113    5.35804    -0.0829    13.8155 5.4548e+01  -60.61667  -54.72050 1153497133 202.661288    34.5343 0.0000e+00
    279.000     0.9643   2.964583     0.9639   2.964602    5.33227    -0.0936    13.8155 5.4548e+01  -60.61667  -54.72050 1153497135 202.661300    34.5378 0.0000e+00
    280.000     0.9803   2.966118     0.9814   2.966346    5.31054    -0.0792    13.8155 5.4548e+01  -60.61667  -54.72050 1153497136 202.661313    34.5395 0.0000e+00
    281.000     0.9828   2.966369     0.9834   2.966592    5.29046    -0.0815    13.8155 5.4548e+01  -60.61667  -54.72050 1153497137 202.661328    34.5401 0.0000e+00
    282.000     0.9869   2.966803     0.9889   2.967169    5.27851    -0.0927    13.8155 5.4548e+01  -60.61667  -54.72050 1153497138 202.661343    34.5413 0.0000e+00
    283.000     0.9889   2.967008     0.9901   2.967331    5.27068    -0.0840    13.8155 5.4548e+01  -60.61667  -54.72050 1153497139 202.661354    34.5416 0.0000e+00
    284.000     0.9908   2.967270     0.9928   2.967649    5.26492    -0.0814    13.8155 5.4548e+01  -60.61667  -54.72050 1153497140 202.661365    34.5428 0.0000e+00
    285.000     0.9943   2.967657     0.9955   2.967975    5.26793    -0.0916    13.8155 5.4548e+01  -60.61667  -54.72050 1153497141 202.661376    34.5435 0.0000e+00
    286.000     0.9946   2.967746     0.9960   2.968088    5.26409    -0.0736    13.8155 5.4548e+01  -60.61667  -54.72050 1153497142 202.661389    34.5442 0.0000e+00
    287.000     0.9901   2.967316     0.9865   2.967320    5.26745    -0.0777    13.8155 5.4548e+01  -60.61667  -54.72050 1153497144 202.661412    34.5441 0.0000e+00
    288.000     0.9388   2.962621     0.9372   2.962796    5.28819    -0.0721    13.8155 5.4548e+01  -60.61667  -54.72050 1153497146 202.661434    34.5412 0.0000e+00
    289.000     0.9302   2.961862     0.9366   2.962727    5.30889    -0.0767    13.8155 5.4548e+01  -60.61667  -54.72050 1153497148 202.661452    34.5410 0.0000e+00
    290.000     0.9192   2.960873     0.9262   2.961841    5.32251    -0.0654    13.8155 5.4548e+01  -60.61667  -54.72050 1153497149 202.661468    34.5401 0.0000e+00
    291.000     0.9128   2.960270     0.9101   2.960385    5.34254    -0.0624    13.8155 5.4548e+01  -60.61667  -54.72050 1153497150 202.661480    34.5385 0.0000e+00
    292.000     0.9048   2.959582     0.9059   2.960034    5.34990    -0.0911    13.8155 5.4548e+01  -60.61667  -54.72050 1153497151 202.661489    34.5384 0.0000e+00
    293.000     0.8774   2.956955     0.8702   2.956824    5.34838    -0.0921    13.8155 5.4548e+01  -60.61667  -54.72050 1153497152 202.661497    34.5345 0.0000e+00
    294.000     0.8342   2.952970     0.8348   2.953610    5.37094    -0.0772    13.8155 5.4548e+01  -60.61667  -54.72050 1153497152 202.661506    34.5313 0.0000e+00
    295.000     0.8096   2.950769     0.7928   2.949743    5.40371    -0.0844    13.8155 5.4548e+01  -60.61667  -54.72050 1153497153 202.661516    34.5302 0.0000e+00
    296.000     0.7700   2.947197     0.7672   2.947297    5.43380    -0.0922    13.8155 5.4548e+01  -60.61667  -54.72050 1153497155 202.661536    34.5279 0.0000e+00
    297.000     0.7664   2.946617     0.7850   2.948762    5.47309    -0.0791    13.8155 5.4548e+01  -60.61667  -54.72050 1153497158 202.661566    34.5227 0.0000e+00
    298.000     0.6683   2.937934     0.6650   2.938103    5.50370    -0.0799    13.8155 5.4548e+01  -60.61667  -54.72050 1153497159 202.661580    34.5215 0.0000e+00
    299.000     0.6516   2.936413     0.6545   2.937139    5.52493    -0.0753    13.8155 5.4548e+01  -60.61667  -54.72050 1153497160 202.661593    34.5195 0.0000e+00
    300.000     0.6346   2.934949     0.6339   2.935269    5.55760    -0.0874    13.8155 5.4548e+01  -60.61667  -54.72050 1153497161 202.661611    34.5186 0.0000e+00
    301.000     0.6235   2.933975     0.6287   2.934839    5.58157    -0.0889    13.8155 5.4548e+01  -60.61667  -54.72050 1153497163 202.661628    34.5169 0.0000e+00
