product_data/regression_test/downloaded_data/MGDS/320620060703/ctd/adapted/heads_insert_p6619605.cnv
* Sea-Bird SBE 9 Data File:
* FileName = D:\Data\Raw\p6619605.dat
* Software Version Seasave Win32 V 5.32
* Temperature SN = 1649
* Conductivity SN = 1431
* Number of Bytes Per Scan = 37
* Number of Voltage Words = 5
* Number of Scans Averaged by the Deck Unit = 1
* NMEA Latitude = 60 45.36 S
* NMEA Longitude = 057 33.03 W
* NMEA UTC (Time) = 03:23:55
** Ship:   Nathaniel B. Palmer 
** Cruise:    NBP0606 
# nquan = 15
# nvalues = 2989                        
# units = specified
# name 0 = prDM: Pressure, Digiquartz [db]
# name 1 = t090C: Temperature [ITS-90, deg C]
# name 2 = c0S/m: Conductivity [S/m]
# name 3 = t190C: Temperature, 2 [ITS-90, deg C]
# name 4 = c1S/m: Conductivity, 2 [S/m]
# name 5 = sbeox0ML/L: Oxygen, SBE 43 [ml/l]
# name 6 = flECO-AFL: Fluorescence, Wetlab ECO-AFL/FL [mg/m^3]
# name 7 = bat: Beam Attenuation, Chelsea/Seatech/Wetlab CStar [1/m]
# name 8 = spar: SPAR/Surface Irradiance
# name 9 = latitude: Latitude [deg]
# name 10 = longitude: Longitude [deg]
# name 11 = timeY: Time, System [seconds]
# name 12 = timeJ: Julian Days
# name 13 = sal00: Salinity [PSU]
# name 14 = flag: flag
# span 0 =     15.000,   3003.000       
# span 1 =    -1.0837,     2.0589       
# span 2 =   2.734480,   3.077390       
# span 3 =    -1.0826,     2.0594       
# span 4 =   2.735027,   3.077754       
# span 5 =    4.38302,    8.18617       
# span 6 =    -0.1279,     0.8926       
# span 7 =    13.8155,    13.8155       
# span 8 = 0.0000e+00, 0.0000e+00       
# span 9 =  -60.75600,  -60.75600       
# span 10 =  -57.55050,  -57.55050      
# span 11 = 1153797963, 1153801803      
# span 12 = 206.143106, 206.187560      
# span 13 =    33.8604,    34.7274      
# span 14 = 0.0000e+00, 0.0000e+00      
# interval = decibars: 1                
# start_time = Jul 25 2006 03:24:03
# bad_flag = -9.990e-29
*END*
[from data line 868]
    882.000     1.7426   3.072822     1.7428   3.073198    4.69943    -0.0737    13.8155 0.0000e+00  -60.75600  -57.55050 1153799129 206.156609    34.7230 0.0000e+00
    883.000     1.7422   3.072838     1.7425   3.073206    4.70093    -0.0683    13.8155 0.0000e+00  -60.75600  -57.55050 1153799130 206.156619    34.7232 0.0000e+00
    884.000     1.7422   3.072886     1.7426   3.073246    4.70135    -0.0675    13.8155 0.0000e+00  -60.75600  -57.55050 1153799131 206.156629    34.7231 0.0000e+00
    885.000     1.7422   3.072930     1.7425   3.073300    4.70255    -0.0757    13.8155 0.0000e+00  -60.75600  -57.55050 1153799132 206.156640    34.7232 0.0000e+00
    886.000     1.7423   3.072981     1.7428   3.073355    4.70335    -0.0816    13.8155 0.0000e+00  -60.75600  -57.55050 1153799133 206.156652    34.7231 0.0000e+00
    887.000     1.7425   3.073045     1.7429   3.073412    4.70320    -0.0611    13.8155 0.0000e+00  -60.75600  -57.55050 1153799134 206.156666    34.7232 0.0000e+00
    888.000     1.7426   3.073093     1.7430   3.073463    4.70293    -0.0716    13.8155 0.0000e+00  -60.75600  -57.55050 1153799135 206.156680    34.7231 0.0000e+00
    889.000     1.7427   3.073140     1.7430   3.073503    4.70628    -0.0700    13.8155 0.0000e+00  -60.75600  -57.55050 1153799137 206.156697    34.7229 0.0000e+00
    890.000     1.7426   3.073185     1.7429   3.073543    4.70839    -0.0823    13.8155 0.0000e+00  -60.75600  -57.55050 1153799138 206.156714    34.7231 0.0000e+00
    891.000     1.7426   3.073227     1.7429   3.073593    4.70732    -0.0632    13.8155 0.0000e+00  -60.75600  -57.55050 1153799139 206.156727    34.7231 0.0000e+00
    892.000     1.7419   3.073204     1.7421   3.073578    4.70629    -0.0718    13.8155 0.0000e+00  -60.75600  -57.55050 1153799140 206.156737    34.7230 0.0000e+00
    893.000     1.7397   3.073068     1.7398   3.073426    4.70617    -0.0821    13.8155 0.0000e+00  -60.75600  -57.55050 1153799141 206.156748    34.7232 0.0000e+00
    894.000     1.7387   3.073025     1.7390   3.073394    4.70677    -0.0737    13.8155 0.0000e+00  -60.75600  -57.55050 1153799143 206.156764    34.7232 0.0000e+00
    895.000     1.7390   3.073094     1.7392   3.073455    4.70683    -0.0744    13.8155 0.0000e+00  -60.75600  -57.55050 1153799145 206.156786    34.7231 0.0000e+00
    896.000     1.7389   3.073130     1.7392   3.073506    4.70607    -0.0755    13.8155 0.0000e+00  -60.75600  -57.55050 1153799146 206.156798    34.7233 0.0000e+00
    897.000     1.7381   3.073113     1.7384   3.073484    4.70681    -0.0774    13.8155 0.0000e+00  -60.75600  -57.55050 1153799146 206.156808    34.7233 0.0000e+00
    898.000     1.7378   3.073123     1.7381   3.073489    4.70671    -0.0640    13.8155 0.0000e+00  -60.75600  -57.55050 1153799147 206.156819    34.7233 0.0000e+00
    899.000     1.7373   3.073131     1.7377   3.073497    4.70935    -0.0714    13.8155 0.0000e+00  -60.75600  -57.55050 1153799149 206.156836    34.7233 0.0000e+00
    900.000     1.7374   3.073184     1.7377   3.073559    4.71004    -0.0712    13.8155 0.0000e+00  -60.75600  -57.55050 1153799150 206.156854    34.7234 0.0000e+00
    901.000     1.7368   3.073178     1.7372   3.073553    4.70977    -0.0708    13.8155 0.0000e+00  -60.75600  -57.55050 1153799151 206.156865    34.7234 0.0000e+00
    902.000     1.7363   3.073181     1.7366   3.073549    4.70966    -0.0698    13.8155 0.0000e+00  -60.75600  -57.55050 1153799152 206.156874    34.7235 0.0000e+00
    903.000     1.7364   3.073227     1.7367   3.073588    4.70933    -0.0726    13.8155 0.0000e+00  -60.75600  -57.55050 1153799153 206.156883    34.7233 0.0000e+00
    904.000     1.7360   3.073237     1.7363   3.073611    4.70864    -0.0773    13.8155 0.0000e+00  -60.75600  -57.55050 1153799154 206.156894    34.7234 0.0000e+00
    905.000     1.7356   3.073249     1.7362   3.073630    4.70831    -0.0786    13.8155 0.0000e+00  -60.75600  -57.55050 1153799155 206.156911    34.7234 0.0000e+00
    906.000     1.7355   3.073275     1.7359   3.073652    4.70804    -0.0759    13.8155 0.0000e+00  -60.75600  -57.55050 1153799157 206.156931    34.7232 0.0000e+00
    907.000     1.7349   3.073279     1.7353   3.073657    4.71015    -0.0712    13.8155 0.0000e+00  -60.75600  -57.55050 1153799158 206.156946    34.7235 0.0000e+00
    908.000     1.7338   3.073220     1.7346   3.073626    4.71012    -0.0733    13.8155 0.0000e+00  -60.75600  -57.55050 1153799159 206.156959    34.7233 0.0000e+00
    909.000     1.7312   3.073051     1.7323   3.073484    4.71138    -0.0703    13.8155 0.0000e+00  -60.75600  -57.55050 1153799161 206.156974    34.7235 0.0000e+00
    910.000     1.7295   3.072952     1.7298   3.073319    4.71374    -0.0729    13.8155 0.0000e+00  -60.75600  -57.55050 1153799162 206.156990    34.7237 0.0000e+00
    911.000     1.7269   3.072777     1.7272   3.073148    4.71557    -0.0553    13.8155 0.0000e+00  -60.75600  -57.55050 1153799163 206.157002    34.7238 0.0000e+00
    912.000     1.7250   3.072651     1.7252   3.073033    4.71681    -0.0670    13.8155 0.0000e+00  -60.75600  -57.55050 1153799164 206.157012    34.7238 0.0000e+00
    913.000     1.7236   3.072583     1.7240   3.072953    4.71787    -0.0730    13.8155 0.0000e+00  -60.75600  -57.55050 1153799165 206.157021    34.7239 0.0000e+00
    914.000     1.7229   3.072564     1.7232   3.072941    4.71928    -0.0688    13.8155 0.0000e+00  -60.75600  -57.55050 1153799166 206.157031    34.7239 0.0000e+00
    915.000     1.7200   3.072360     1.7203   3.072734    4.72089    -0.0648    13.8155 0.0000e+00  -60.75600  -57.55050 1153799167 206.157047    34.7240 0.0000e+00
    916.000     1.7173   3.072173     1.7176   3.072545    4.72203    -0.0557    13.8155 0.0000e+00  -60.75600  -57.55050 1153799169 206.157067    34.7240 0.0000e+00
    917.000     1.7145   3.071986     1.7150   3.072370    4.72240    -0.0713    13.8155 0.0000e+00  -60.75600  -57.55050 1153799170 206.157080    34.7243 0.0000e+00
    918.000     1.7113   3.071752     1.7115   3.072128    4.72426    -0.0855    13.8155 0.0000e+00  -60.75600  -57.55050 1153799171 206.157092    34.7243 0.0000e+00
    919.000     1.7079   3.071504     1.7080   3.071874    4.72525    -0.0762    13.8155 0.0000e+00  -60.75600  -57.55050 1153799172 206.157103    34.7245 0.0000e+00
    920.000     1.7060   3.071392     1.7063   3.071768    4.72573    -0.0687    13.8155 0.0000e+00  -60.75600  -57.55050 1153799174 206.157123    34.7245 0.0000e+00
    921.000     1.7061   3.071455     1.7062   3.071806    4.72861    -0.0888    13.8155 0.0000e+00  -60.75600  -57.55050 1153799175 206.157140    34.7246 0.0000e+00
    922.000     1.7061   3.071492     1.7064   3.071869    4.73002    -0.0854    13.8155 0.0000e+00  -60.75600  -57.55050 1153799176 206.157151    34.7244 0.0000e+00
    923.000     1.7067   3.071592     1.7066   3.071932    4.72994    -0.0847    13.8155 0.0000e+00  -60.75600  -57.55050 1153799177 206.157161    34.7244 0.0000e+00
    924.000     1.7059   3.071563     1.7061   3.071931    4.73020    -0.0640    13.8155 0.0000e+00  -60.75600  -57.55050 1153799178 206.157171    34.7244 0.0000e+00
    925.000     1.7051   3.071541     1.7054   3.071903    4.73058    -0.0632    13.8155 0.0000e+00  -60.75600  -57.55050 1153799179 206.157187    34.7244 0.0000e+00
    926.000     1.7047   3.071551     1.7047   3.071893    4.73324    -0.0710    13.8155 0.0000e+00  -60.75600  -57.55050 1153799181 206.157208    34.7244 0.0000e+00
    927.000     1.7037   3.071520     1.7038   3.071875    4.73394    -0.0703    13.8155 0.0000e+00  -60.75600  -57.55050 1153799182 206.157221    34.7245 0.0000e+00
    928.000     1.7031   3.071520     1.7037   3.071900    4.73344    -0.0798    13.8155 0.0000e+00  -60.75600  -57.55050 1153799183 206.157231    34.7247 0.0000e+00
    929.000     1.7025   3.071502     1.7029   3.071888    4.73305    -0.0782    13.8155 0.0000e+00  -60.75600  -57.55050 1153799184 206.157240    34.7246 0.0000e+00
    930.000     1.7015   3.071457     1.7018   3.071829    4.73333    -0.0762    13.8155 0.0000e+00  -60.75600  -57.55050 1153799185 206.157250    34.7245 0.0000e+00
    931.000     1.6994   3.071326     1.6999   3.071714    4.73483    -0.0872    13.8155 0.0000e+00  -60.75600  -57.55050 1153799186 206.157262    34.7246 0.0000e+00
    932.000     1.6982   3.071266     1.6986   3.071648    4.73654    -0.0764    13.8155 0.0000e+00  -60.75600  -57.55050 1153799187 206.157278    34.7247 0.0000e+00
    933.000     1.6981   3.071292     1.6984   3.071674    4.73695    -0.0725    13.8155 0.0000e+00  -60.75600  -57.55050 1153799188 206.157293    34.7246 0.0000e+00
    934.000     1.6981   3.071348     1.6985   3.071715    4.73694    -0.0736    13.8155 0.0000e+00  -60.75600  -57.55050 1153799190 206.157315    34.7247 0.0000e+00
    935.000     1.6983   3.071418     1.6985   3.071762    4.73954    -0.0799    13.8155 0.0000e+00  -60.75600  -57.55050 1153799193 206.157342    34.7248 0.0000e+00
    936.000     1.6953   3.071212     1.6952   3.071560    4.74164    -0.0585    13.8155 0.0000e+00  -60.75600  -57.55050 1153799193 206.157353    34.7250 0.0000e+00
    937.000     1.6932   3.071095     1.6939   3.071493    4.74184    -0.0819    13.8155 0.0000e+00  -60.75600  -57.55050 1153799194 206.157361    34.7252 0.0000e+00
    938.000     1.6923   3.071034     1.6926   3.071432    4.74052    -0.0675    13.8155 0.0000e+00  -60.75600  -57.55050 1153799195 206.157369    34.7250 0.0000e+00
    939.000     1.6926   3.071103     1.6924   3.071473    4.73855    -0.0758    13.8155 0.0000e+00  -60.75600  -57.55050 1153799195 206.157376    34.7250 0.0000e+00
    940.000     1.6926   3.071145     1.6922   3.071515    4.73933    -0.0732    13.8155 0.0000e+00  -60.75600  -57.55050 1153799196 206.157383    34.7250 0.0000e+00
    941.000     1.6928   3.071195     1.6923   3.071548    4.73831    -0.0900    13.8155 0.0000e+00  -60.75600  -57.55050 1153799197 206.157390    34.7248 0.0000e+00
    942.000     1.6925   3.071232     1.6926   3.071595    4.74020    -0.0734    13.8155 0.0000e+00  -60.75600  -57.55050 1153799199 206.157412    34.7250 0.0000e+00
    943.000     1.6927   3.071293     1.6928   3.071643    4.74391    -0.0790    13.8155 0.0000e+00  -60.75600  -57.55050 1153799202 206.157450    34.7250 0.0000e+00
    944.000     1.6905   3.071168     1.6909   3.071547    4.74825    -0.0793    13.8155 0.0000e+00  -60.75600  -57.55050 1153799203 206.157462    34.7252 0.0000e+00
    945.000     1.6904   3.071205     1.6906   3.071578    4.74798    -0.0739    13.8155 0.0000e+00  -60.75600  -57.55050 1153799204 206.157472    34.7252 0.0000e+00
    946.000     1.6887   3.071104     1.6885   3.071442    4.74708    -0.0942    13.8155 0.0000e+00  -60.75600  -57.55050 1153799204 206.157480    34.7254 0.0000e+00
    947.000     1.6880   3.071088     1.6881   3.071461    4.74608    -0.0795    13.8155 0.0000e+00  -60.75600  -57.55050 1153799205 206.157488    34.7254 0.0000e+00
    948.000     1.6874   3.071061     1.6874   3.071455    4.74662    -0.0815    13.8155 0.0000e+00  -60.75600  -57.55050 1153799206 206.157495    34.7251 0.0000e+00
    949.000     1.6872   3.071077     1.6869   3.071445    4.74763    -0.0609    13.8155 0.0000e+00  -60.75600  -57.55050 1153799206 206.157502    34.7251 0.0000e+00
    950.000     1.6854   3.070979     1.6855   3.071337    4.74660    -0.0704    13.8155 0.0000e+00  -60.75600  -57.55050 1153799207 206.157514    34.7253 0.0000e+00
    951.000     1.6874   3.071212     1.6872   3.071538    4.74642    -0.0705    13.8155 0.0000e+00  -60.75600  -57.55050 1153799211 206.157555    34.7253 0.0000e+00
    952.000     1.6845   3.070966     1.6844   3.071354    4.74891    -0.0762    13.8155 0.0000e+00  -60.75600  -57.55050 1153799212 206.157567    34.7253 0.0000e+00
    953.000     1.6762   3.070337     1.6765   3.070747    4.75107    -0.0752    13.8155 0.0000e+00  -60.75600  -57.55050 1153799213 206.157578    34.7258 0.0000e+00
    954.000     1.6758   3.070370     1.6762   3.070748    4.75166    -0.0719    13.8155 0.0000e+00  -60.75600  -57.55050 1153799214 206.157589    34.7260 0.0000e+00
    955.000     1.6759   3.070414     1.6762   3.070781    4.75160    -0.0702    13.8155 0.0000e+00  -60.75600  -57.55050 1153799215 206.157599    34.7260 0.0000e+00
    956.000     1.6761   3.070478     1.6759   3.070803    4.75135    -0.0731    13.8155 0.0000e+00  -60.75600  -57.55050 1153799216 206.157608    34.7259 0.0000e+00
    957.000     1.6752   3.070428     1.6755   3.070811    4.75163    -0.0741    13.8155 0.0000e+00  -60.75600  -57.55050 1153799216 206.157617    34.7257 0.0000e+00
    958.000     1.6729   3.070289     1.6735   3.070692    4.75280    -0.0719    13.8155 0.0000e+00  -60.75600  -57.55050 1153799217 206.157626    34.7260 0.0000e+00
    959.000     1.6724   3.070294     1.6728   3.070662    4.75640    -0.0716    13.8155 0.0000e+00  -60.75600  -57.55050 1153799219 206.157651    34.7260 0.0000e+00
    960.000     1.6732   3.070434     1.6739   3.070807    4.75977    -0.0772    13.8155 0.0000e+00  -60.75600  -57.55050 1153799222 206.157682    34.7262 0.0000e+00
    961.000     1.6700   3.070180     1.6700   3.070546    4.76046    -0.0853    13.8155 0.0000e+00  -60.75600  -57.55050 1153799223 206.157690    34.7260 0.0000e+00
    962.000     1.6676   3.070019     1.6682   3.070435    4.75808    -0.0809    13.8155 0.0000e+00  -60.75600  -57.55050 1153799223 206.157698    34.7262 0.0000e+00
    963.000     1.6675   3.070045     1.6677   3.070420    4.75685    -0.0846    13.8155 0.0000e+00  -60.75600  -57.55050 1153799224 206.157706    34.7260 0.0000e+00
    964.000     1.6674   3.070065     1.6673   3.070443    4.75738    -0.0989    13.8155 0.0000e+00  -60.75600  -57.55050 1153799225 206.157713    34.7258 0.0000e+00
    965.000     1.6674   3.070103     1.6667   3.070427    4.75777    -0.0757    13.8155 0.0000e+00  -60.75600  -57.55050 1153799225 206.157720    34.7258 0.0000e+00
    966.000     1.6667   3.070123     1.6670   3.070476    4.76014    -0.0676    13.8155 0.0000e+00  -60.75600  -57.55050 1153799227 206.157744    34.7262 0.0000e+00
    967.000     1.6670   3.070189     1.6667   3.070499    4.76198    -0.0641    13.8155 0.0000e+00  -60.75600  -57.55050 1153799229 206.157770    34.7260 0.0000e+00
    968.000     1.6635   3.069930     1.6638   3.070298    4.76295    -0.0770    13.8155 0.0000e+00  -60.75600  -57.55050 1153799231 206.157786    34.7262 0.0000e+00
    969.000     1.6626   3.069901     1.6629   3.070276    4.76611    -0.0752    13.8155 0.0000e+00  -60.75600  -57.55050 1153799232 206.157798    34.7263 0.0000e+00
    970.000     1.6618   3.069865     1.6623   3.070254    4.76587    -0.0702    13.8155 0.0000e+00  -60.75600  -57.55050 1153799233 206.157809    34.7261 0.0000e+00
    971.000     1.6605   3.069802     1.6610   3.070212    4.76374    -0.0753    13.8155 0.0000e+00  -60.75600  -57.55050 1153799234 206.157817    34.7263 0.0000e+00
    972.000     1.6593   3.069751     1.6600   3.070167    4.76354    -0.0687    13.8155 0.0000e+00  -60.75600  -57.55050 1153799234 206.157825    34.7264 0.0000e+00
    973.000     1.6590   3.069763     1.6591   3.070114    4.76339    -0.0803    13.8155 0.0000e+00  -60.75600  -57.55050 1153799235 206.157832    34.7262 0.0000e+00
    974.000     1.6584   3.069726     1.6586   3.070125    4.76331    -0.0671    13.8155 0.0000e+00  -60.75600  -57.55050 1153799236 206.157839    34.7260 0.0000e+00
    975.000     1.6581   3.069752     1.6581   3.070112    4.76362    -0.0739    13.8155 0.0000e+00  -60.75600  -57.55050 1153799236 206.157849    34.7261 0.0000e+00
    976.000     1.6587   3.069879     1.6590   3.070251    4.76715    -0.0704    13.8155 0.0000e+00  -60.75600  -57.55050 1153799242 206.157911    34.7263 0.0000e+00
