product_data/regression_test/downloaded_data/MGDS/320620060703/ctd/adapted/heads_insert_p6614901.cnv
* Sea-Bird SBE 9 Data File:
* FileName = D:\Data\Raw\p6614901.dat
* Software Version Seasave Win32 V 5.32
* Temperature SN = 1649
* Conductivity SN = 1431
* Number of Bytes Per Scan = 37
* Number of Voltage Words = 5
* Number of Scans Averaged by the Deck Unit = 1
* NMEA Latitude = 60 34.28 S
* NMEA Longitude = 056 44.74 W
* NMEA UTC (Time) = 06:09:01
** Ship:   Nathaniel B. Palmer 
** Cruise:    NBP0606 
# nquan = 15
# nvalues = 999                         
# units = specified
# name 0 = prDM: Pressure, Digiquartz [db]
# name 1 = t090C: Temperature [ITS-90, deg C]
# name 2 = c0S/m: Conductivity [S/m]
# name 3 = t190C: Temperature, 2 [ITS-90, deg C]
# name 4 = c1S/m: Conductivity, 2 [S/m]
# name 5 = sbeox0ML/L: Oxygen, SBE 43 [ml/l]
# name 6 = flECO-AFL: Fluorescence, Wetlab ECO-AFL/FL [mg/m^3]
# name 7 = bat: Beam Attenuation, Chelsea/Seatech/Wetlab CStar [1/m]
# name 8 = spar: SPAR/Surface Irradiance
# name 9 = latitude: Latitude [deg]
# name 10 = longitude: Longitude [deg]
# name 11 = timeY: Time, System [seconds]
# name 12 = timeJ: Julian Days
# name 13 = sal00: Salinity [PSU]
# name 14 = flag: flag
# span 0 =      3.000,   1001.000       
# span 1 =    -0.9424,     2.1097       
# span 2 =   2.747340,   3.082406       
# span 3 =    -0.9417,     2.1102       
# span 4 =   2.747894,   3.082759       
# span 5 =    4.34663,    8.02770       
# span 6 =    -0.0930,     0.2790       
# span 7 =    13.8155,    13.8155       
# span 8 = 0.0000e+00, 0.0000e+00       
# span 9 =  -60.57133,  -60.57133       
# span 10 =  -56.74567,  -56.74567      
# span 11 = 1153202950, 1153204330      
# span 12 = 199.256375, 199.272356      
# span 13 =    33.9011,    34.7245      
# span 14 = 0.0000e+00, 0.0000e+00      
# interval = decibars: 1                
# start_time = Jul 18 2006 06:09:09
# bad_flag = -9.990e-29
*END*
[from data line 386]
    388.000     2.0809   3.070299     2.0815   3.070644    4.35182    -0.0543    13.8155 0.0000e+00  -60.57133  -56.74567 1153203541 199.263227    34.5966 0.0000e+00
    389.000     2.0740   3.069695     2.0742   3.070011    4.35282    -0.0557    13.8155 0.0000e+00  -60.57133  -56.74567 1153203543 199.263247    34.5962 0.0000e+00
    390.000     2.0711   3.069485     2.0717   3.069828    4.35373    -0.0595    13.8155 0.0000e+00  -60.57133  -56.74567 1153203544 199.263265    34.5961 0.0000e+00
    391.000     2.0677   3.069226     2.0685   3.069606    4.35343    -0.0631    13.8155 0.0000e+00  -60.57133  -56.74567 1153203546 199.263281    34.5961 0.0000e+00
    392.000     2.0628   3.068952     2.0634   3.069307    4.35446    -0.0633    13.8155 0.0000e+00  -60.57133  -56.74567 1153203547 199.263295    34.5976 0.0000e+00
    393.000     2.0622   3.069007     2.0630   3.069376    4.35336    -0.0825    13.8155 0.0000e+00  -60.57133  -56.74567 1153203548 199.263306    34.5982 0.0000e+00
    394.000     2.0642   3.069350     2.0654   3.069721    4.35335    -0.0439    13.8155 0.0000e+00  -60.57133  -56.74567 1153203549 199.263317    34.5999 0.0000e+00
    395.000     2.0717   3.070174     2.0727   3.070541    4.35085    -0.0757    13.8155 0.0000e+00  -60.57133  -56.74567 1153203550 199.263330    34.6010 0.0000e+00
    396.000     2.0749   3.070548     2.0757   3.070876    4.35238    -0.0597    13.8155 0.0000e+00  -60.57133  -56.74567 1153203551 199.263344    34.6016 0.0000e+00
    397.000     2.0817   3.071305     2.0822   3.071617    4.35473    -0.0563    13.8155 0.0000e+00  -60.57133  -56.74567 1153203552 199.263358    34.6030 0.0000e+00
    398.000     2.0839   3.071600     2.0847   3.071924    4.35358    -0.0581    13.8155 0.0000e+00  -60.57133  -56.74567 1153203553 199.263370    34.6036 0.0000e+00
    399.000     2.0863   3.071853     2.0870   3.072226    4.35260    -0.0691    13.8155 0.0000e+00  -60.57133  -56.74567 1153203554 199.263381    34.6034 0.0000e+00
    400.000     2.0833   3.071626     2.0840   3.071973    4.35256    -0.0567    13.8155 0.0000e+00  -60.57133  -56.74567 1153203555 199.263392    34.6035 0.0000e+00
    401.000     2.0803   3.071360     2.0811   3.071725    4.35025    -0.0607    13.8155 0.0000e+00  -60.57133  -56.74567 1153203557 199.263414    34.6030 0.0000e+00
    402.000     2.0798   3.071363     2.0809   3.071760    4.35218    -0.0742    13.8155 0.0000e+00  -60.57133  -56.74567 1153203559 199.263440    34.6030 0.0000e+00
    403.000     2.0801   3.071471     2.0808   3.071811    4.35187    -0.0654    13.8155 0.0000e+00  -60.57133  -56.74567 1153203560 199.263451    34.6036 0.0000e+00
    404.000     2.0806   3.071559     2.0812   3.071904    4.35018    -0.0707    13.8155 0.0000e+00  -60.57133  -56.74567 1153203561 199.263461    34.6035 0.0000e+00
    405.000     2.0832   3.071922     2.0842   3.072280    4.34883    -0.0564    13.8155 0.0000e+00  -60.57133  -56.74567 1153203562 199.263470    34.6048 0.0000e+00
    406.000     2.0937   3.073089     2.0943   3.073405    4.34873    -0.0604    13.8155 0.0000e+00  -60.57133  -56.74567 1153203563 199.263479    34.6069 0.0000e+00
    407.000     2.0973   3.073514     2.0978   3.073822    4.34930    -0.0606    13.8155 0.0000e+00  -60.57133  -56.74567 1153203564 199.263492    34.6077 0.0000e+00
    408.000     2.0987   3.073733     2.0995   3.074078    4.34835    -0.0711    13.8155 0.0000e+00  -60.57133  -56.74567 1153203565 199.263507    34.6083 0.0000e+00
    409.000     2.1005   3.073985     2.1010   3.074311    4.34926    -0.0625    13.8155 0.0000e+00  -60.57133  -56.74567 1153203566 199.263520    34.6090 0.0000e+00
    410.000     2.1017   3.074172     2.1024   3.074509    4.34771    -0.0525    13.8155 0.0000e+00  -60.57133  -56.74567 1153203567 199.263532    34.6094 0.0000e+00
    411.000     2.1026   3.074324     2.1032   3.074663    4.34687    -0.0499    13.8155 0.0000e+00  -60.57133  -56.74567 1153203569 199.263546    34.6099 0.0000e+00
    412.000     2.1032   3.074435     2.1038   3.074785    4.34948    -0.0653    13.8155 0.0000e+00  -60.57133  -56.74567 1153203570 199.263565    34.6101 0.0000e+00
    413.000     2.1032   3.074505     2.1038   3.074837    4.35179    -0.0524    13.8155 0.0000e+00  -60.57133  -56.74567 1153203572 199.263585    34.6105 0.0000e+00
    414.000     2.1032   3.074567     2.1039   3.074909    4.35185    -0.0592    13.8155 0.0000e+00  -60.57133  -56.74567 1153203573 199.263599    34.6107 0.0000e+00
    415.000     2.1044   3.074752     2.1050   3.075083    4.35126    -0.0606    13.8155 0.0000e+00  -60.57133  -56.74567 1153203574 199.263611    34.6112 0.0000e+00
    416.000     2.1054   3.074903     2.1060   3.075238    4.35073    -0.0586    13.8155 0.0000e+00  -60.57133  -56.74567 1153203575 199.263621    34.6114 0.0000e+00
    417.000     2.1054   3.074991     2.1058   3.075330    4.35080    -0.0643    13.8155 0.0000e+00  -60.57133  -56.74567 1153203576 199.263632    34.6120 0.0000e+00
    418.000     2.1051   3.075034     2.1057   3.075377    4.34961    -0.0662    13.8155 0.0000e+00  -60.57133  -56.74567 1153203577 199.263643    34.6123 0.0000e+00
    419.000     2.1043   3.075045     2.1049   3.075387    4.34834    -0.0499    13.8155 0.0000e+00  -60.57133  -56.74567 1153203578 199.263655    34.6127 0.0000e+00
    420.000     2.1040   3.075072     2.1047   3.075415    4.34783    -0.0571    13.8155 0.0000e+00  -60.57133  -56.74567 1153203579 199.263669    34.6129 0.0000e+00
    421.000     2.1038   3.075132     2.1045   3.075469    4.34829    -0.0641    13.8155 0.0000e+00  -60.57133  -56.74567 1153203581 199.263687    34.6133 0.0000e+00
    422.000     2.1041   3.075229     2.1048   3.075573    4.34854    -0.0638    13.8155 0.0000e+00  -60.57133  -56.74567 1153203582 199.263702    34.6136 0.0000e+00
    423.000     2.1043   3.075286     2.1049   3.075627    4.34884    -0.0532    13.8155 0.0000e+00  -60.57133  -56.74567 1153203583 199.263713    34.6136 0.0000e+00
    424.000     2.1045   3.075340     2.1050   3.075683    4.34928    -0.0577    13.8155 0.0000e+00  -60.57133  -56.74567 1153203584 199.263724    34.6135 0.0000e+00
    425.000     2.1046   3.075392     2.1052   3.075741    4.35052    -0.0598    13.8155 0.0000e+00  -60.57133  -56.74567 1153203586 199.263744    34.6135 0.0000e+00
    426.000     2.1050   3.075507     2.1057   3.075849    4.35191    -0.0650    13.8155 0.0000e+00  -60.57133  -56.74567 1153203588 199.263766    34.6139 0.0000e+00
    427.000     2.1053   3.075620     2.1059   3.075963    4.35224    -0.0620    13.8155 0.0000e+00  -60.57133  -56.74567 1153203589 199.263778    34.6144 0.0000e+00
    428.000     2.1056   3.075720     2.1063   3.076074    4.35294    -0.0648    13.8155 0.0000e+00  -60.57133  -56.74567 1153203589 199.263788    34.6148 0.0000e+00
    429.000     2.1058   3.075806     2.1064   3.076150    4.35243    -0.0505    13.8155 0.0000e+00  -60.57133  -56.74567 1153203590 199.263796    34.6151 0.0000e+00
    430.000     2.1060   3.075863     2.1064   3.076208    4.35029    -0.0663    13.8155 0.0000e+00  -60.57133  -56.74567 1153203591 199.263804    34.6150 0.0000e+00
    431.000     2.1060   3.075928     2.1065   3.076261    4.34873    -0.0669    13.8155 0.0000e+00  -60.57133  -56.74567 1153203592 199.263813    34.6152 0.0000e+00
    432.000     2.1060   3.075971     2.1066   3.076305    4.34837    -0.0620    13.8155 0.0000e+00  -60.57133  -56.74567 1153203593 199.263832    34.6152 0.0000e+00
    433.000     2.1062   3.076023     2.1068   3.076368    4.34663    -0.0631    13.8155 0.0000e+00  -60.57133  -56.74567 1153203595 199.263854    34.6151 0.0000e+00
    434.000     2.1064   3.076127     2.1070   3.076472    4.34673    -0.0509    13.8155 0.0000e+00  -60.57133  -56.74567 1153203597 199.263870    34.6156 0.0000e+00
    435.000     2.1084   3.076491     2.1089   3.076834    4.34726    -0.0668    13.8155 0.0000e+00  -60.57133  -56.74567 1153203598 199.263883    34.6175 0.0000e+00
    436.000     2.1097   3.076756     2.1102   3.077096    4.34782    -0.0639    13.8155 0.0000e+00  -60.57133  -56.74567 1153203599 199.263896    34.6188 0.0000e+00
    437.000     2.1087   3.076831     2.1093   3.077177    4.34831    -0.0572    13.8155 0.0000e+00  -60.57133  -56.74567 1153203600 199.263908    34.6202 0.0000e+00
    438.000     2.1060   3.076700     2.1062   3.077029    4.34883    -0.0500    13.8155 0.0000e+00  -60.57133  -56.74567 1153203601 199.263920    34.6210 0.0000e+00
    439.000     2.1056   3.076715     2.1062   3.077056    4.34936    -0.0566    13.8155 0.0000e+00  -60.57133  -56.74567 1153203602 199.263931    34.6211 0.0000e+00
    440.000     2.1055   3.076754     2.1061   3.077099    4.35000    -0.0499    13.8155 0.0000e+00  -60.57133  -56.74567 1153203603 199.263944    34.6211 0.0000e+00
    441.000     2.1051   3.076764     2.1056   3.077112    4.35077    -0.0583    13.8155 0.0000e+00  -60.57133  -56.74567 1153203604 199.263959    34.6212 0.0000e+00
    442.000     2.1043   3.076773     2.1049   3.077117    4.35133    -0.0549    13.8155 0.0000e+00  -60.57133  -56.74567 1153203606 199.263975    34.6216 0.0000e+00
    443.000     2.1039   3.076802     2.1046   3.077153    4.35165    -0.0580    13.8155 0.0000e+00  -60.57133  -56.74567 1153203607 199.263988    34.6218 0.0000e+00
    444.000     2.1031   3.076796     2.1037   3.077153    4.35208    -0.0507    13.8155 0.0000e+00  -60.57133  -56.74567 1153203608 199.264001    34.6221 0.0000e+00
    445.000     2.1022   3.076787     2.1028   3.077132    4.35292    -0.0544    13.8155 0.0000e+00  -60.57133  -56.74567 1153203609 199.264016    34.6224 0.0000e+00
    446.000     2.1017   3.076801     2.1022   3.077145    4.35549    -0.0708    13.8155 0.0000e+00  -60.57133  -56.74567 1153203611 199.264038    34.6226 0.0000e+00
    447.000     2.1016   3.076845     2.1019   3.077190    4.35827    -0.0782    13.8155 0.0000e+00  -60.57133  -56.74567 1153203613 199.264055    34.6226 0.0000e+00
    448.000     2.1012   3.076867     2.1017   3.077223    4.36113    -0.0610    13.8155 0.0000e+00  -60.57133  -56.74567 1153203614 199.264067    34.6228 0.0000e+00
    449.000     2.0991   3.076774     2.0994   3.077128    4.36205    -0.0614    13.8155 0.0000e+00  -60.57133  -56.74567 1153203615 199.264077    34.6234 0.0000e+00
    450.000     2.0954   3.076586     2.0961   3.076958    4.36113    -0.0719    13.8155 0.0000e+00  -60.57133  -56.74567 1153203615 199.264087    34.6246 0.0000e+00
    451.000     2.0913   3.076359     2.0916   3.076712    4.36093    -0.0579    13.8155 0.0000e+00  -60.57133  -56.74567 1153203616 199.264096    34.6258 0.0000e+00
    452.000     2.0897   3.076310     2.0903   3.076661    4.36004    -0.0726    13.8155 0.0000e+00  -60.57133  -56.74567 1153203617 199.264106    34.6264 0.0000e+00
    453.000     2.0894   3.076328     2.0899   3.076684    4.35893    -0.0648    13.8155 0.0000e+00  -60.57133  -56.74567 1153203618 199.264117    34.6264 0.0000e+00
    454.000     2.0892   3.076364     2.0898   3.076720    4.35884    -0.0614    13.8155 0.0000e+00  -60.57133  -56.74567 1153203619 199.264130    34.6264 0.0000e+00
    455.000     2.0897   3.076453     2.0902   3.076791    4.36049    -0.0563    13.8155 0.0000e+00  -60.57133  -56.74567 1153203622 199.264159    34.6263 0.0000e+00
    456.000     2.0899   3.076516     2.0901   3.076833    4.36171    -0.0484    13.8155 0.0000e+00  -60.57133  -56.74567 1153203624 199.264183    34.6263 0.0000e+00
    457.000     2.0896   3.076536     2.0900   3.076890    4.36210    -0.0616    13.8155 0.0000e+00  -60.57133  -56.74567 1153203625 199.264193    34.6264 0.0000e+00
    458.000     2.0896   3.076581     2.0900   3.076937    4.36244    -0.0684    13.8155 0.0000e+00  -60.57133  -56.74567 1153203625 199.264202    34.6263 0.0000e+00
    459.000     2.0894   3.076622     2.0897   3.076959    4.36267    -0.0546    13.8155 0.0000e+00  -60.57133  -56.74567 1153203626 199.264210    34.6264 0.0000e+00
    460.000     2.0898   3.076698     2.0904   3.077047    4.36303    -0.0603    13.8155 0.0000e+00  -60.57133  -56.74567 1153203627 199.264220    34.6265 0.0000e+00
    461.000     2.0903   3.076796     2.0910   3.077163    4.36350    -0.0512    13.8155 0.0000e+00  -60.57133  -56.74567 1153203628 199.264234    34.6265 0.0000e+00
    462.000     2.0903   3.076831     2.0906   3.077170    4.36194    -0.0522    13.8155 0.0000e+00  -60.57133  -56.74567 1153203629 199.264250    34.6264 0.0000e+00
    463.000     2.0911   3.076990     2.0917   3.077346    4.36023    -0.0610    13.8155 0.0000e+00  -60.57133  -56.74567 1153203631 199.264265    34.6269 0.0000e+00
    464.000     2.0912   3.077058     2.0917   3.077414    4.36074    -0.0721    13.8155 0.0000e+00  -60.57133  -56.74567 1153203632 199.264281    34.6271 0.0000e+00
    465.000     2.0912   3.077126     2.0917   3.077481    4.36134    -0.0602    13.8155 0.0000e+00  -60.57133  -56.74567 1153203634 199.264298    34.6274 0.0000e+00
    466.000     2.0916   3.077220     2.0920   3.077570    4.35978    -0.0691    13.8155 0.0000e+00  -60.57133  -56.74567 1153203635 199.264312    34.6275 0.0000e+00
    467.000     2.0917   3.077287     2.0923   3.077651    4.35860    -0.0654    13.8155 0.0000e+00  -60.57133  -56.74567 1153203636 199.264324    34.6277 0.0000e+00
    468.000     2.0924   3.077408     2.0930   3.077767    4.35745    -0.0615    13.8155 0.0000e+00  -60.57133  -56.74567 1153203637 199.264338    34.6279 0.0000e+00
    469.000     2.0927   3.077472     2.0933   3.077841    4.35745    -0.0633    13.8155 0.0000e+00  -60.57133  -56.74567 1153203638 199.264353    34.6279 0.0000e+00
    470.000     2.0932   3.077599     2.0936   3.077941    4.35820    -0.0535    13.8155 0.0000e+00  -60.57133  -56.74567 1153203640 199.264367    34.6283 0.0000e+00
    471.000     2.0943   3.077832     2.0948   3.078192    4.35919    -0.0642    13.8155 0.0000e+00  -60.57133  -56.74567 1153203641 199.264378    34.6294 0.0000e+00
    472.000     2.0924   3.077744     2.0930   3.078095    4.35902    -0.0721    13.8155 0.0000e+00  -60.57133  -56.74567 1153203641 199.264389    34.6298 0.0000e+00
    473.000     2.0917   3.077732     2.0921   3.078080    4.35762    -0.0665    13.8155 0.0000e+00  -60.57133  -56.74567 1153203643 199.264402    34.6300 0.0000e+00
    474.000     2.0906   3.077690     2.0913   3.078049    4.35796    -0.0634    13.8155 0.0000e+00  -60.57133  -56.74567 1153203644 199.264419    34.6300 0.0000e+00
    475.000     2.0891   3.077605     2.0896   3.077963    4.36117    -0.0711    13.8155 0.0000e+00  -60.57133  -56.74567 1153203645 199.264435    34.6300 0.0000e+00
    476.000     2.0866   3.077441     2.0871   3.077796    4.36280    -0.0596    13.8155 0.0000e+00  -60.57133  -56.74567 1153203647 199.264449    34.6303 0.0000e+00
    477.000     2.0856   3.077404     2.0861   3.077766    4.36191    -0.0633    13.8155 0.0000e+00  -60.57133  -56.74567 1153203648 199.264464    34.6303 0.0000e+00
    478.000     2.0852   3.077424     2.0856   3.077779    4.36185    -0.0525    13.8155 0.0000e+00  -60.57133  -56.74567 1153203649 199.264480    34.6304 0.0000e+00
    479.000     2.0851   3.077478     2.0856   3.077840    4.36340    -0.0655    13.8155 0.0000e+00  -60.57133  -56.74567 1153203650 199.264493    34.6307 0.0000e+00
    480.000     2.0848   3.077534     2.0852   3.077896    4.36553    -0.0609    13.8155 0.0000e+00  -60.57133  -56.74567 1153203651 199.264505    34.6311 0.0000e+00
    481.000     2.0843   3.077589     2.0848   3.077949    4.36560    -0.0587    13.8155 0.0000e+00  -60.57133  -56.74567 1153203652 199.264517    34.6319 0.0000e+00
    482.000     2.0827   3.077601     2.0831   3.077949    4.36596    -0.0795    13.8155 0.0000e+00  -60.57133  -56.74567 1153203654 199.264530    34.6332 0.0000e+00
    483.000     2.0813   3.077576     2.0817   3.077924    4.36722    -0.0702    13.8155 0.0000e+00  -60.57133  -56.74567 1153203655 199.264545    34.6339 0.0000e+00
