product_data/regression_test/downloaded_data/MGDS/320620060703/ctd/adapted/heads_insert_p6623801.cnv
* Sea-Bird SBE 9 Data File:
* FileName = D:\Data\Raw\p6623801.dat
* Software Version Seasave Win32 V 5.32
* Temperature SN = 1649
* Conductivity SN = 1431
* Number of Bytes Per Scan = 37
* Number of Voltage Words = 5
* Number of Scans Averaged by the Deck Unit = 1
* NMEA Latitude = 61 28.98 S
* NMEA Longitude = 053 51.85 W
* NMEA UTC (Time) = 01:59:52
** Ship:   Nathaniel B. Palmer 
** Cruise:    NBP0606 
# nquan = 15
# nvalues = 600                         
# units = specified
# name 0 = prDM: Pressure, Digiquartz [db]
# name 1 = t090C: Temperature [ITS-90, deg C]
# name 2 = c0S/m: Conductivity [S/m]
# name 3 = t190C: Temperature, 2 [ITS-90, deg C]
# name 4 = c1S/m: Conductivity, 2 [S/m]
# name 5 = sbeox0ML/L: Oxygen, SBE 43 [ml/l]
# name 6 = flECO-AFL: Fluorescence, Wetlab ECO-AFL/FL [mg/m^3]
# name 7 = bat: Beam Attenuation, Chelsea/Seatech/Wetlab CStar [1/m]
# name 8 = spar: SPAR/Surface Irradiance
# name 9 = latitude: Latitude [deg]
# name 10 = longitude: Longitude [deg]
# name 11 = timeY: Time, System [seconds]
# name 12 = timeJ: Julian Days
# name 13 = sal00: Salinity [PSU]
# name 14 = flag: flag
# span 0 =      1.000,    600.000       
# span 1 =    -1.7522,    -0.4663       
# span 2 =   2.701868,   2.857692       
# span 3 =    -1.7520,    -0.4659       
# span 4 =   2.702291,   2.857742       
# span 5 =    6.18909,    7.51119       
# span 6 =    -0.1137,     0.0284       
# span 7 =    13.8155,    13.8155       
# span 8 = 0.0000e+00, 0.0000e+00       
# span 9 =  -61.48300,  -61.48300       
# span 10 =  -53.86417,  -53.86417      
# span 11 = 1155002483, 1155003387      
# span 12 = 220.084279, 220.094768      
# span 13 =    34.2629,    34.5543      
# span 14 = 0.0000e+00, 0.0000e+00      
# interval = decibars: 1                
# start_time = Aug 08 2006 02:01:29
# bad_flag = -9.990e-29
*END*
[from data line 483]
    483.000    -0.5388   2.845422    -0.5380   2.845483    6.27791    -0.0707    13.8155 0.0000e+00  -61.48300  -53.86417 1155003197 220.092570    34.5410 0.0000e+00
    484.000    -0.5390   2.845449    -0.5383   2.845490    6.27727    -0.0954    13.8155 0.0000e+00  -61.48300  -53.86417 1155003198 220.092584    34.5410 0.0000e+00
    485.000    -0.5383   2.845551    -0.5378   2.845595    6.27372    -0.0948    13.8155 0.0000e+00  -61.48300  -53.86417 1155003199 220.092598    34.5410 0.0000e+00
    486.000    -0.5385   2.845568    -0.5380   2.845611    6.27279    -0.0946    13.8155 0.0000e+00  -61.48300  -53.86417 1155003200 220.092612    34.5409 0.0000e+00
    487.000    -0.5390   2.845575    -0.5384   2.845623    6.27114    -0.0837    13.8155 0.0000e+00  -61.48300  -53.86417 1155003202 220.092626    34.5410 0.0000e+00
    488.000    -0.5388   2.845632    -0.5381   2.845692    6.27000    -0.0855    13.8155 0.0000e+00  -61.48300  -53.86417 1155003203 220.092641    34.5410 0.0000e+00
    489.000    -0.5380   2.845760    -0.5372   2.845821    6.27057    -0.0914    13.8155 0.0000e+00  -61.48300  -53.86417 1155003204 220.092655    34.5413 0.0000e+00
    490.000    -0.5366   2.845952    -0.5359   2.846007    6.27154    -0.0715    13.8155 0.0000e+00  -61.48300  -53.86417 1155003205 220.092669    34.5414 0.0000e+00
    491.000    -0.5365   2.846001    -0.5359   2.846048    6.27245    -0.0931    13.8155 0.0000e+00  -61.48300  -53.86417 1155003207 220.092684    34.5415 0.0000e+00
    492.000    -0.5362   2.846087    -0.5356   2.846126    6.27320    -0.0678    13.8155 0.0000e+00  -61.48300  -53.86417 1155003208 220.092698    34.5417 0.0000e+00
    493.000    -0.5355   2.846191    -0.5346   2.846279    6.27350    -0.0731    13.8155 0.0000e+00  -61.48300  -53.86417 1155003209 220.092713    34.5417 0.0000e+00
    494.000    -0.5346   2.846332    -0.5341   2.846365    6.27330    -0.0828    13.8155 0.0000e+00  -61.48300  -53.86417 1155003210 220.092727    34.5419 0.0000e+00
    495.000    -0.5363   2.846204    -0.5358   2.846241    6.27164    -0.0898    13.8155 0.0000e+00  -61.48300  -53.86417 1155003211 220.092741    34.5417 0.0000e+00
    496.000    -0.5357   2.846304    -0.5356   2.846301    6.27050    -0.0693    13.8155 0.0000e+00  -61.48300  -53.86417 1155003213 220.092756    34.5416 0.0000e+00
    497.000    -0.5329   2.846631    -0.5327   2.846629    6.26787    -0.0951    13.8155 0.0000e+00  -61.48300  -53.86417 1155003214 220.092770    34.5421 0.0000e+00
    498.000    -0.5332   2.846653    -0.5323   2.846720    6.26936    -0.0836    13.8155 0.0000e+00  -61.48300  -53.86417 1155003215 220.092784    34.5423 0.0000e+00
    499.000    -0.5331   2.846702    -0.5324   2.846751    6.27089    -0.1017    13.8155 0.0000e+00  -61.48300  -53.86417 1155003216 220.092798    34.5422 0.0000e+00
    500.000    -0.5319   2.846868    -0.5317   2.846877    6.26880    -0.0729    13.8155 0.0000e+00  -61.48300  -53.86417 1155003218 220.092813    34.5425 0.0000e+00
    501.000    -0.5254   2.847570    -0.5249   2.847567    6.26560    -0.0846    13.8155 0.0000e+00  -61.48300  -53.86417 1155003219 220.092827    34.5438 0.0000e+00
    502.000    -0.5223   2.847913    -0.5218   2.847939    6.26090    -0.0911    13.8155 0.0000e+00  -61.48300  -53.86417 1155003220 220.092841    34.5441 0.0000e+00
    503.000    -0.5194   2.848237    -0.5187   2.848286    6.25761    -0.0973    13.8155 0.0000e+00  -61.48300  -53.86417 1155003221 220.092856    34.5446 0.0000e+00
    504.000    -0.5191   2.848311    -0.5186   2.848351    6.25360    -0.1089    13.8155 0.0000e+00  -61.48300  -53.86417 1155003223 220.092870    34.5446 0.0000e+00
    505.000    -0.5191   2.848361    -0.5185   2.848416    6.24917    -0.0932    13.8155 0.0000e+00  -61.48300  -53.86417 1155003224 220.092885    34.5448 0.0000e+00
    506.000    -0.5099   2.849343    -0.5083   2.849412    6.24806    -0.0847    13.8155 0.0000e+00  -61.48300  -53.86417 1155003225 220.092899    34.5466 0.0000e+00
    507.000    -0.5081   2.849530    -0.5070   2.849629    6.24610    -0.0823    13.8155 0.0000e+00  -61.48300  -53.86417 1155003226 220.092913    34.5465 0.0000e+00
    508.000    -0.5064   2.849742    -0.5057   2.849796    6.24622    -0.0929    13.8155 0.0000e+00  -61.48300  -53.86417 1155003228 220.092928    34.5469 0.0000e+00
    509.000    -0.5057   2.849857    -0.5051   2.849900    6.24335    -0.0659    13.8155 0.0000e+00  -61.48300  -53.86417 1155003229 220.092942    34.5471 0.0000e+00
    510.000    -0.5055   2.849925    -0.5051   2.849953    6.24161    -0.0921    13.8155 0.0000e+00  -61.48300  -53.86417 1155003230 220.092956    34.5473 0.0000e+00
    511.000    -0.5045   2.850074    -0.5040   2.850095    6.23912    -0.0959    13.8155 0.0000e+00  -61.48300  -53.86417 1155003231 220.092970    34.5476 0.0000e+00
    512.000    -0.5036   2.850201    -0.5031   2.850227    6.23642    -0.0830    13.8155 0.0000e+00  -61.48300  -53.86417 1155003233 220.092984    34.5477 0.0000e+00
    513.000    -0.5028   2.850324    -0.5029   2.850335    6.23323    -0.0883    13.8155 0.0000e+00  -61.48300  -53.86417 1155003234 220.092999    34.5478 0.0000e+00
    514.000    -0.5014   2.850514    -0.5005   2.850566    6.23183    -0.0983    13.8155 0.0000e+00  -61.48300  -53.86417 1155003235 220.093013    34.5481 0.0000e+00
    515.000    -0.5022   2.850478    -0.5010   2.850560    6.23205    -0.0595    13.8155 0.0000e+00  -61.48300  -53.86417 1155003236 220.093028    34.5480 0.0000e+00
    516.000    -0.5021   2.850507    -0.5016   2.850551    6.23225    -0.0912    13.8155 0.0000e+00  -61.48300  -53.86417 1155003237 220.093042    34.5478 0.0000e+00
    517.000    -0.5016   2.850612    -0.5012   2.850652    6.23186    -0.0921    13.8155 0.0000e+00  -61.48300  -53.86417 1155003239 220.093056    34.5480 0.0000e+00
    518.000    -0.5024   2.850581    -0.5015   2.850648    6.23309    -0.0774    13.8155 0.0000e+00  -61.48300  -53.86417 1155003240 220.093071    34.5479 0.0000e+00
    519.000    -0.5031   2.850554    -0.5024   2.850603    6.23220    -0.0970    13.8155 0.0000e+00  -61.48300  -53.86417 1155003241 220.093085    34.5478 0.0000e+00
    520.000    -0.5005   2.850859    -0.4995   2.850938    6.22920    -0.0990    13.8155 0.0000e+00  -61.48300  -53.86417 1155003242 220.093099    34.5484 0.0000e+00
    521.000    -0.4948   2.851478    -0.4939   2.851550    6.22607    -0.0666    13.8155 0.0000e+00  -61.48300  -53.86417 1155003244 220.093113    34.5494 0.0000e+00
    522.000    -0.4940   2.851593    -0.4934   2.851632    6.22318    -0.0797    13.8155 0.0000e+00  -61.48300  -53.86417 1155003245 220.093128    34.5494 0.0000e+00
    523.000    -0.4934   2.851701    -0.4930   2.851710    6.22141    -0.1006    13.8155 0.0000e+00  -61.48300  -53.86417 1155003246 220.093142    34.5497 0.0000e+00
    524.000    -0.4920   2.851883    -0.4915   2.851912    6.22109    -0.0982    13.8155 0.0000e+00  -61.48300  -53.86417 1155003247 220.093156    34.5499 0.0000e+00
    525.000    -0.4900   2.852132    -0.4907   2.852033    6.21864    -0.0929    13.8155 0.0000e+00  -61.48300  -53.86417 1155003249 220.093170    34.5503 0.0000e+00
    526.000    -0.4887   2.852301    -0.4881   2.852335    6.21806    -0.0802    13.8155 0.0000e+00  -61.48300  -53.86417 1155003250 220.093185    34.5505 0.0000e+00
    527.000    -0.4885   2.852361    -0.4878   2.852405    6.21488    -0.0951    13.8155 0.0000e+00  -61.48300  -53.86417 1155003251 220.093199    34.5505 0.0000e+00
    528.000    -0.4883   2.852415    -0.4878   2.852460    6.21294    -0.1064    13.8155 0.0000e+00  -61.48300  -53.86417 1155003252 220.093213    34.5505 0.0000e+00
    529.000    -0.4880   2.852485    -0.4875   2.852539    6.21309    -0.0988    13.8155 0.0000e+00  -61.48300  -53.86417 1155003253 220.093227    34.5506 0.0000e+00
    530.000    -0.4876   2.852579    -0.4872   2.852611    6.21220    -0.1004    13.8155 0.0000e+00  -61.48300  -53.86417 1155003255 220.093241    34.5508 0.0000e+00
    531.000    -0.4871   2.852665    -0.4867   2.852692    6.21247    -0.0819    13.8155 0.0000e+00  -61.48300  -53.86417 1155003256 220.093256    34.5508 0.0000e+00
    532.000    -0.4861   2.852804    -0.4856   2.852851    6.21335    -0.0727    13.8155 0.0000e+00  -61.48300  -53.86417 1155003257 220.093270    34.5509 0.0000e+00
    533.000    -0.4857   2.852900    -0.4852   2.852944    6.21236    -0.0838    13.8155 0.0000e+00  -61.48300  -53.86417 1155003258 220.093284    34.5511 0.0000e+00
    534.000    -0.4846   2.853051    -0.4840   2.853097    6.20721    -0.0848    13.8155 0.0000e+00  -61.48300  -53.86417 1155003260 220.093299    34.5513 0.0000e+00
    535.000    -0.4840   2.853157    -0.4837   2.853180    6.20760    -0.0948    13.8155 0.0000e+00  -61.48300  -53.86417 1155003261 220.093313    34.5514 0.0000e+00
    536.000    -0.4845   2.853153    -0.4838   2.853203    6.20932    -0.0838    13.8155 0.0000e+00  -61.48300  -53.86417 1155003262 220.093327    34.5513 0.0000e+00
    537.000    -0.4845   2.853200    -0.4838   2.853258    6.20823    -0.0962    13.8155 0.0000e+00  -61.48300  -53.86417 1155003263 220.093341    34.5514 0.0000e+00
    538.000    -0.4841   2.853288    -0.4833   2.853351    6.20972    -0.0807    13.8155 0.0000e+00  -61.48300  -53.86417 1155003265 220.093355    34.5515 0.0000e+00
    539.000    -0.4833   2.853406    -0.4827   2.853465    6.20893    -0.0791    13.8155 0.0000e+00  -61.48300  -53.86417 1155003266 220.093369    34.5516 0.0000e+00
    540.000    -0.4826   2.853513    -0.4819   2.853574    6.20727    -0.0866    13.8155 0.0000e+00  -61.48300  -53.86417 1155003267 220.093383    34.5517 0.0000e+00
    541.000    -0.4827   2.853560    -0.4820   2.853614    6.20592    -0.0702    13.8155 0.0000e+00  -61.48300  -53.86417 1155003268 220.093398    34.5518 0.0000e+00
    542.000    -0.4826   2.853624    -0.4818   2.853679    6.20547    -0.0818    13.8155 0.0000e+00  -61.48300  -53.86417 1155003269 220.093412    34.5519 0.0000e+00
    543.000    -0.4824   2.853676    -0.4815   2.853760    6.20565    -0.0666    13.8155 0.0000e+00  -61.48300  -53.86417 1155003271 220.093426    34.5518 0.0000e+00
    544.000    -0.4824   2.853721    -0.4817   2.853792    6.20589    -0.0734    13.8155 0.0000e+00  -61.48300  -53.86417 1155003272 220.093441    34.5518 0.0000e+00
    545.000    -0.4820   2.853797    -0.4817   2.853828    6.20694    -0.0728    13.8155 0.0000e+00  -61.48300  -53.86417 1155003273 220.093455    34.5518 0.0000e+00
    546.000    -0.4812   2.853919    -0.4808   2.853951    6.20530    -0.0833    13.8155 0.0000e+00  -61.48300  -53.86417 1155003274 220.093469    34.5519 0.0000e+00
    547.000    -0.4778   2.854307    -0.4776   2.854312    6.20328    -0.0869    13.8155 0.0000e+00  -61.48300  -53.86417 1155003276 220.093483    34.5527 0.0000e+00
    548.000    -0.4709   2.855026    -0.4702   2.855056    6.20206    -0.1021    13.8155 0.0000e+00  -61.48300  -53.86417 1155003277 220.093497    34.5537 0.0000e+00
    549.000    -0.4701   2.855136    -0.4696   2.855181    6.19882    -0.0929    13.8155 0.0000e+00  -61.48300  -53.86417 1155003278 220.093511    34.5536 0.0000e+00
    550.000    -0.4691   2.855278    -0.4685   2.855323    6.19992    -0.0843    13.8155 0.0000e+00  -61.48300  -53.86417 1155003279 220.093526    34.5538 0.0000e+00
    551.000    -0.4689   2.855341    -0.4683   2.855385    6.20094    -0.0721    13.8155 0.0000e+00  -61.48300  -53.86417 1155003280 220.093540    34.5538 0.0000e+00
    552.000    -0.4690   2.855374    -0.4684   2.855415    6.19972    -0.0730    13.8155 0.0000e+00  -61.48300  -53.86417 1155003282 220.093554    34.5538 0.0000e+00
    553.000    -0.4688   2.855437    -0.4683   2.855484    6.19863    -0.0969    13.8155 0.0000e+00  -61.48300  -53.86417 1155003283 220.093568    34.5539 0.0000e+00
    554.000    -0.4688   2.855482    -0.4685   2.855506    6.19772    -0.0579    13.8155 0.0000e+00  -61.48300  -53.86417 1155003284 220.093582    34.5539 0.0000e+00
    555.000    -0.4692   2.855488    -0.4686   2.855545    6.19590    -0.0801    13.8155 0.0000e+00  -61.48300  -53.86417 1155003285 220.093597    34.5539 0.0000e+00
    556.000    -0.4691   2.855545    -0.4686   2.855576    6.19239    -0.0675    13.8155 0.0000e+00  -61.48300  -53.86417 1155003287 220.093611    34.5540 0.0000e+00
    557.000    -0.4689   2.855601    -0.4687   2.855619    6.19197    -0.0723    13.8155 0.0000e+00  -61.48300  -53.86417 1155003288 220.093625    34.5539 0.0000e+00
    558.000    -0.4710   2.855451    -0.4707   2.855486    6.19301    -0.1021    13.8155 0.0000e+00  -61.48300  -53.86417 1155003289 220.093639    34.5537 0.0000e+00
    559.000    -0.4722   2.855394    -0.4712   2.855471    6.19371    -0.0839    13.8155 0.0000e+00  -61.48300  -53.86417 1155003290 220.093653    34.5539 0.0000e+00
    560.000    -0.4709   2.855545    -0.4709   2.855550    6.19435    -0.0779    13.8155 0.0000e+00  -61.48300  -53.86417 1155003292 220.093667    34.5537 0.0000e+00
    561.000    -0.4708   2.855608    -0.4700   2.855680    6.19552    -0.0665    13.8155 0.0000e+00  -61.48300  -53.86417 1155003293 220.093681    34.5538 0.0000e+00
    562.000    -0.4701   2.855731    -0.4694   2.855788    6.19837    -0.0940    13.8155 0.0000e+00  -61.48300  -53.86417 1155003294 220.093695    34.5540 0.0000e+00
    563.000    -0.4697   2.855807    -0.4693   2.855854    6.19773    -0.0845    13.8155 0.0000e+00  -61.48300  -53.86417 1155003295 220.093709    34.5540 0.0000e+00
    564.000    -0.4693   2.855890    -0.4688   2.855926    6.19739    -0.0892    13.8155 0.0000e+00  -61.48300  -53.86417 1155003296 220.093724    34.5541 0.0000e+00
    565.000    -0.4686   2.855994    -0.4680   2.856049    6.19651    -0.0966    13.8155 0.0000e+00  -61.48300  -53.86417 1155003298 220.093738    34.5541 0.0000e+00
    566.000    -0.4679   2.856097    -0.4674   2.856145    6.19472    -0.0907    13.8155 0.0000e+00  -61.48300  -53.86417 1155003299 220.093752    34.5541 0.0000e+00
    567.000    -0.4679   2.856142    -0.4674   2.856189    6.19378    -0.0875    13.8155 0.0000e+00  -61.48300  -53.86417 1155003300 220.093767    34.5541 0.0000e+00
    568.000    -0.4679   2.856180    -0.4676   2.856218    6.19268    -0.0798    13.8155 0.0000e+00  -61.48300  -53.86417 1155003301 220.093781    34.5541 0.0000e+00
    569.000    -0.4679   2.856226    -0.4674   2.856270    6.19194    -0.0807    13.8155 0.0000e+00  -61.48300  -53.86417 1155003303 220.093795    34.5540 0.0000e+00
    570.000    -0.4678   2.856291    -0.4672   2.856335    6.19390    -0.0895    13.8155 0.0000e+00  -61.48300  -53.86417 1155003304 220.093809    34.5542 0.0000e+00
    571.000    -0.4678   2.856336    -0.4673   2.856374    6.19738    -0.0807    13.8155 0.0000e+00  -61.48300  -53.86417 1155003305 220.093823    34.5542 0.0000e+00
    572.000    -0.4676   2.856383    -0.4672   2.856431    6.19769    -0.0911    13.8155 0.0000e+00  -61.48300  -53.86417 1155003306 220.093837    34.5540 0.0000e+00
    573.000    -0.4676   2.856431    -0.4671   2.856481    6.19570    -0.1106    13.8155 0.0000e+00  -61.48300  -53.86417 1155003307 220.093851    34.5541 0.0000e+00
    574.000    -0.4678   2.856465    -0.4672   2.856518    6.19508    -0.0741    13.8155 0.0000e+00  -61.48300  -53.86417 1155003309 220.093865    34.5541 0.0000e+00
    575.000    -0.4680   2.856489    -0.4674   2.856532    6.19243    -0.0817    13.8155 0.0000e+00  -61.48300  -53.86417 1155003310 220.093879    34.5541 0.0000e+00
    576.000    -0.4677   2.856560    -0.4673   2.856601    6.19245    -0.0886    13.8155 0.0000e+00  -61.48300  -53.86417 1155003311 220.093894    34.5541 0.0000e+00
    577.000    -0.4679   2.856585    -0.4675   2.856635    6.19275    -0.0906    13.8155 0.0000e+00  -61.48300  -53.86417 1155003312 220.093908    34.5541 0.0000e+00
