product_data/regression_test/downloaded_data/MGDS/320620060703/ctd/adapted/heads_insert_p6615301.cnv
* Sea-Bird SBE 9 Data File:
* FileName = D:\Data\Raw\p6615301.dat
* Software Version Seasave Win32 V 5.32
* Temperature SN = 1649
* Conductivity SN = 1431
* Number of Bytes Per Scan = 37
* Number of Voltage Words = 5
* Number of Scans Averaged by the Deck Unit = 1
* NMEA Latitude = 60 46.37 S
* NMEA Longitude = 056 15.68 W
* NMEA UTC (Time) = 16:25:35
** Ship:   Nathaniel B. Palmer 
** Cruise:    NBP0606 
# nquan = 15
# nvalues = 1000                        
# units = specified
# name 0 = prDM: Pressure, Digiquartz [db]
# name 1 = t090C: Temperature [ITS-90, deg C]
# name 2 = c0S/m: Conductivity [S/m]
# name 3 = t190C: Temperature, 2 [ITS-90, deg C]
# name 4 = c1S/m: Conductivity, 2 [S/m]
# name 5 = sbeox0ML/L: Oxygen, SBE 43 [ml/l]
# name 6 = flECO-AFL: Fluorescence, Wetlab ECO-AFL/FL [mg/m^3]
# name 7 = bat: Beam Attenuation, Chelsea/Seatech/Wetlab CStar [1/m]
# name 8 = spar: SPAR/Surface Irradiance
# name 9 = latitude: Latitude [deg]
# name 10 = longitude: Longitude [deg]
# name 11 = timeY: Time, System [seconds]
# name 12 = timeJ: Julian Days
# name 13 = sal00: Salinity [PSU]
# name 14 = flag: flag
# span 0 =      2.000,   1001.000       
# span 1 =    -0.7431,     1.2396       
# span 2 =   2.785482,   3.011229       
# span 3 =    -0.7426,     1.2408       
# span 4 =   2.786100,   3.011624       
# span 5 =    4.99208,    7.58397       
# span 6 =    -0.1113,     0.4183       
# span 7 =    13.8155,    13.8155       
# span 8 = 1.2073e+02, 1.9481e+02       
# span 9 =  -60.77283,  -60.77283       
# span 10 =  -56.26133,  -56.26133      
# span 11 = 1153239950, 1153241356      
# span 12 = 199.684627, 199.700894      
# span 13 =    34.1525,    34.6884      
# span 14 = 0.0000e+00, 0.0000e+00      
# interval = decibars: 1                
# start_time = Jul 18 2006 16:25:43
# bad_flag = -9.990e-29
*END*
[from data line 772]
    773.000     0.9239   2.991723     0.9245   2.992227    5.19052    -0.0785    13.8155 1.4816e+02  -60.77283  -56.26133 1153241035 199.697186    34.6555 0.0000e+00
    774.000     0.9229   2.991693     0.9242   2.992231    5.19508    -0.0840    13.8155 1.4711e+02  -60.77283  -56.26133 1153241036 199.697196    34.6557 0.0000e+00
    775.000     0.9235   2.991797     0.9240   2.992256    5.19728    -0.0832    13.8155 1.4708e+02  -60.77283  -56.26133 1153241037 199.697209    34.6555 0.0000e+00
    776.000     0.9243   2.991943     0.9245   2.992349    5.19935    -0.0727    13.8155 1.4596e+02  -60.77283  -56.26133 1153241039 199.697228    34.6556 0.0000e+00
    777.000     0.9273   2.992287     0.9279   2.992725    5.19996    -0.0863    13.8155 1.4601e+02  -60.77283  -56.26133 1153241040 199.697246    34.6560 0.0000e+00
    778.000     0.9307   2.992664     0.9307   2.993051    5.20135    -0.0771    13.8155 1.4605e+02  -60.77283  -56.26133 1153241042 199.697262    34.6560 0.0000e+00
    779.000     0.9302   2.992686     0.9303   2.993077    5.19934    -0.0898    13.8155 1.4643e+02  -60.77283  -56.26133 1153241043 199.697276    34.6562 0.0000e+00
    780.000     0.9461   2.994339     0.9475   2.994755    5.19616    -0.0836    13.8155 1.4556e+02  -60.77283  -56.26133 1153241044 199.697289    34.6591 0.0000e+00
    781.000     0.9494   2.994672     0.9465   2.994791    5.19294    -0.0805    13.8155 1.4420e+02  -60.77283  -56.26133 1153241045 199.697304    34.6588 0.0000e+00
    782.000     0.9471   2.994504     0.9478   2.994941    5.18881    -0.0728    13.8155 -9.990e-29  -60.77283  -56.26133 1153241047 199.697323    34.6587 0.0000e+00
    783.000     0.9462   2.994450     0.9461   2.994820    5.18555    -0.0725    13.8155 -9.990e-29  -60.77283  -56.26133 1153241048 199.697337    34.6584 0.0000e+00
    784.000     0.9454   2.994414     0.9485   2.995071    5.18571    -0.0905    13.8155 -9.990e-29  -60.77283  -56.26133 1153241050 199.697352    34.6583 0.0000e+00
    785.000     0.9489   2.994806     0.9544   2.995717    5.18460    -0.0773    13.8155 -9.990e-29  -60.77283  -56.26133 1153241051 199.697369    34.6589 0.0000e+00
    786.000     0.9570   2.995667     0.9595   2.996260    5.18244    -0.0773    13.8155 -9.990e-29  -60.77283  -56.26133 1153241052 199.697383    34.6602 0.0000e+00
    787.000     0.9615   2.996182     0.9607   2.996405    5.17923    -0.0722    13.8155 -9.990e-29  -60.77283  -56.26133 1153241053 199.697395    34.6612 0.0000e+00
    788.000     0.9693   2.996955     0.9699   2.997384    5.17475    -0.0781    13.8155 1.4380e+02  -60.77283  -56.26133 1153241054 199.697406    34.6617 0.0000e+00
    789.000     0.9695   2.997030     0.9701   2.997442    5.16755    -0.0746    13.8155 1.4390e+02  -60.77283  -56.26133 1153241055 199.697417    34.6618 0.0000e+00
    790.000     0.9707   2.997178     0.9708   2.997545    5.16618    -0.0767    13.8155 1.4381e+02  -60.77283  -56.26133 1153241056 199.697430    34.6620 0.0000e+00
    791.000     0.9707   2.997219     0.9717   2.997680    5.16495    -0.0815    13.8155 1.4307e+02  -60.77283  -56.26133 1153241058 199.697449    34.6620 0.0000e+00
    792.000     0.9748   2.997676     0.9743   2.997984    5.16328    -0.0775    13.8155 1.4310e+02  -60.77283  -56.26133 1153241060 199.697471    34.6628 0.0000e+00
    793.000     0.9742   2.997672     0.9748   2.998096    5.16233    -0.0809    13.8155 1.4297e+02  -60.77283  -56.26133 1153241061 199.697490    34.6629 0.0000e+00
    794.000     0.9707   2.997366     0.9715   2.997839    5.16111    -0.0757    13.8155 1.4349e+02  -60.77283  -56.26133 1153241063 199.697503    34.6625 0.0000e+00
    795.000     0.9731   2.997681     0.9757   2.998285    5.16070    -0.0742    13.8155 1.4367e+02  -60.77283  -56.26133 1153241064 199.697514    34.6633 0.0000e+00
    796.000     0.9766   2.998075     0.9782   2.998606    5.15604    -0.0812    13.8155 1.4371e+02  -60.77283  -56.26133 1153241065 199.697526    34.6639 0.0000e+00
    797.000     0.9877   2.999262     0.9886   2.999638    5.15487    -0.0736    13.8155 1.4310e+02  -60.77283  -56.26133 1153241066 199.697542    34.6660 0.0000e+00
    798.000     0.9962   3.000155     0.9981   3.000699    5.14883    -0.0768    13.8155 1.4085e+02  -60.77283  -56.26133 1153241068 199.697560    34.6672 0.0000e+00
    799.000     1.0072   3.001314     1.0071   3.001604    5.14357    -0.0762    13.8155 1.4106e+02  -60.77283  -56.26133 1153241069 199.697574    34.6693 0.0000e+00
    800.000     1.0006   3.000658     0.9995   3.000993    5.13988    -0.0819    13.8155 1.4115e+02  -60.77283  -56.26133 1153241070 199.697585    34.6675 0.0000e+00
    801.000     0.9949   3.000182     0.9948   3.000602    5.13841    -0.0862    13.8155 1.4147e+02  -60.77283  -56.26133 1153241071 199.697596    34.6676 0.0000e+00
    802.000     0.9851   2.999308     0.9851   2.999721    5.14139    -0.0653    13.8155 1.4220e+02  -60.77283  -56.26133 1153241072 199.697607    34.6669 0.0000e+00
    803.000     0.9735   2.998283     0.9729   2.998633    5.15122    -0.0849    13.8155 1.4221e+02  -60.77283  -56.26133 1153241073 199.697622    34.6665 0.0000e+00
    804.000     0.9820   2.999121     0.9791   2.999181    5.14988    -0.0794    13.8155 1.4195e+02  -60.77283  -56.26133 1153241076 199.697653    34.6668 0.0000e+00
    805.000     0.9439   2.995573     0.9427   2.995942    5.15308    -0.0788    13.8155 1.4191e+02  -60.77283  -56.26133 1153241077 199.697673    34.6639 0.0000e+00
    806.000     0.9437   2.995634     0.9438   2.996064    5.15537    -0.0885    13.8155 1.4113e+02  -60.77283  -56.26133 1153241078 199.697684    34.6646 0.0000e+00
    807.000     0.9715   2.998505     0.9710   2.998618    5.15084    -0.0557    13.8155 1.4025e+02  -60.77283  -56.26133 1153241079 199.697694    34.6699 0.0000e+00
    808.000     0.9739   2.998676     0.9712   2.998796    5.14564    -0.0638    13.8155 -9.990e-29  -60.77283  -56.26133 1153241080 199.697703    34.6679 0.0000e+00
    809.000     0.9849   2.999821     0.9780   2.999495    5.14250    -0.0728    13.8155 -9.990e-29  -60.77283  -56.26133 1153241081 199.697714    34.6697 0.0000e+00
    810.000     0.9988   3.001159     0.9933   3.000975    5.14102    -0.0759    13.8155 -9.990e-29  -60.77283  -56.26133 1153241082 199.697728    34.6704 0.0000e+00
    811.000     0.9950   3.000879     0.9957   3.001272    5.13525    -0.0714    13.8155 -9.990e-29  -60.77283  -56.26133 1153241084 199.697747    34.6709 0.0000e+00
    812.000     0.9924   3.000633     0.9922   3.001066    5.13860    -0.0817    13.8155 -9.990e-29  -60.77283  -56.26133 1153241085 199.697763    34.6698 0.0000e+00
    813.000     0.9689   2.998413     0.9723   2.999167    5.14071    -0.0822    13.8155 -9.990e-29  -60.77283  -56.26133 1153241086 199.697776    34.6674 0.0000e+00
    814.000     0.9599   2.997698     0.9620   2.998243    5.14092    -0.0835    13.8155 -9.990e-29  -60.77283  -56.26133 1153241087 199.697790    34.6684 0.0000e+00
    815.000     0.9643   2.998116     0.9611   2.998207    5.14215    -0.0724    13.8155 -9.990e-29  -60.77283  -56.26133 1153241089 199.697807    34.6680 0.0000e+00
    816.000     0.9553   2.997276     0.9526   2.997418    5.14825    -0.0744    13.8155 -9.990e-29  -60.77283  -56.26133 1153241090 199.697826    34.6666 0.0000e+00
    817.000     0.9571   2.997532     0.9559   2.997776    5.15047    -0.0772    13.8155 -9.990e-29  -60.77283  -56.26133 1153241092 199.697841    34.6674 0.0000e+00
    818.000     0.9685   2.998710     0.9580   2.998047    5.14857    -0.0761    13.8155 -9.990e-29  -60.77283  -56.26133 1153241093 199.697854    34.6688 0.0000e+00
    819.000     0.9757   2.999498     0.9681   2.999026    5.14324    -0.0819    13.8155 -9.990e-29  -60.77283  -56.26133 1153241094 199.697867    34.6707 0.0000e+00
    820.000     1.0011   3.001951     0.9973   3.001897    5.13677    -0.0730    13.8155 -9.990e-29  -60.77283  -56.26133 1153241095 199.697880    34.6723 0.0000e+00
    821.000     1.0114   3.002988     1.0106   3.003200    5.12917    -0.0758    13.8155 -9.990e-29  -60.77283  -56.26133 1153241096 199.697893    34.6734 0.0000e+00
    822.000     1.0118   3.003075     1.0120   3.003451    5.12252    -0.0991    13.8155 -9.990e-29  -60.77283  -56.26133 1153241097 199.697905    34.6737 0.0000e+00
    823.000     1.0139   3.003331     1.0145   3.003748    5.11567    -0.0793    13.8155 -9.990e-29  -60.77283  -56.26133 1153241099 199.697921    34.6741 0.0000e+00
    824.000     1.0112   3.003102     1.0121   3.003527    5.10903    -0.0839    13.8155 -9.990e-29  -60.77283  -56.26133 1153241101 199.697943    34.6739 0.0000e+00
    825.000     1.0104   3.003049     1.0098   3.003363    5.11113    -0.0885    13.8155 -9.990e-29  -60.77283  -56.26133 1153241102 199.697963    34.6737 0.0000e+00
    826.000     1.0084   3.002887     1.0088   3.003332    5.11306    -0.0855    13.8155 -9.990e-29  -60.77283  -56.26133 1153241104 199.697978    34.6734 0.0000e+00
    827.000     1.0073   3.002865     1.0074   3.003226    5.11061    -0.0771    13.8155 -9.990e-29  -60.77283  -56.26133 1153241105 199.697988    34.6740 0.0000e+00
    828.000     1.0096   3.003107     1.0097   3.003494    5.10969    -0.0743    13.8155 -9.990e-29  -60.77283  -56.26133 1153241105 199.697998    34.6738 0.0000e+00
    829.000     1.0066   3.002843     1.0043   3.003020    5.10965    -0.0675    13.8155 -9.990e-29  -60.77283  -56.26133 1153241106 199.698006    34.6732 0.0000e+00
    830.000     0.9976   3.002084     0.9994   3.002656    5.11057    -0.0792    13.8155 -9.990e-29  -60.77283  -56.26133 1153241107 199.698017    34.6734 0.0000e+00
    831.000     0.9994   3.002314     1.0003   3.002757    5.11907    -0.0809    13.8155 -9.990e-29  -60.77283  -56.26133 1153241109 199.698045    34.6736 0.0000e+00
    832.000     1.0031   3.002710     1.0042   3.003154    5.11927    -0.0780    13.8155 -9.990e-29  -60.77283  -56.26133 1153241112 199.698069    34.6739 0.0000e+00
    833.000     0.9971   3.002195     0.9960   3.002487    5.11765    -0.0861    13.8155 -9.990e-29  -60.77283  -56.26133 1153241112 199.698080    34.6736 0.0000e+00
    834.000     0.9988   3.002377     0.9967   3.002574    5.11827    -0.0863    13.8155 -9.990e-29  -60.77283  -56.26133 1153241113 199.698091    34.6732 0.0000e+00
    835.000     0.9895   3.001543     0.9883   3.001843    5.12205    -0.0771    13.8155 -9.990e-29  -60.77283  -56.26133 1153241114 199.698103    34.6725 0.0000e+00
    836.000     0.9805   3.000769     0.9829   3.001386    5.12746    -0.0757    13.8155 -9.990e-29  -60.77283  -56.26133 1153241116 199.698117    34.6724 0.0000e+00
    837.000     0.9786   3.000615     0.9752   3.000703    5.13186    -0.0830    13.8155 -9.990e-29  -60.77283  -56.26133 1153241117 199.698133    34.6718 0.0000e+00
    838.000     0.9729   3.000126     0.9724   3.000472    5.13599    -0.0869    13.8155 -9.990e-29  -60.77283  -56.26133 1153241118 199.698147    34.6714 0.0000e+00
    839.000     0.9629   2.999241     0.9628   2.999662    5.13640    -0.0805    13.8155 -9.990e-29  -60.77283  -56.26133 1153241119 199.698161    34.6707 0.0000e+00
    840.000     0.9633   2.999338     0.9646   2.999856    5.13658    -0.0744    13.8155 -9.990e-29  -60.77283  -56.26133 1153241121 199.698175    34.6709 0.0000e+00
    841.000     0.9631   2.999380     0.9637   2.999813    5.13864    -0.0799    13.8155 -9.990e-29  -60.77283  -56.26133 1153241122 199.698193    34.6710 0.0000e+00
    842.000     0.9683   2.999933     0.9701   3.000455    5.14011    -0.0878    13.8155 -9.990e-29  -60.77283  -56.26133 1153241124 199.698211    34.6716 0.0000e+00
    843.000     0.9740   3.000524     0.9738   3.000868    5.13779    -0.0748    13.8155 1.4020e+02  -60.77283  -56.26133 1153241125 199.698228    34.6719 0.0000e+00
    844.000     0.9696   3.000149     0.9710   3.000654    5.14143    -0.0850    13.8155 1.4154e+02  -60.77283  -56.26133 1153241126 199.698242    34.6717 0.0000e+00
    845.000     0.9673   2.999946     0.9704   3.000680    5.14273    -0.0708    13.8155 1.4076e+02  -60.77283  -56.26133 1153241127 199.698252    34.6708 0.0000e+00
    846.000     0.9528   2.998640     0.9531   2.999098    5.14504    -0.0708    13.8155 1.4098e+02  -60.77283  -56.26133 1153241128 199.698262    34.6702 0.0000e+00
    847.000     0.9529   2.998694     0.9516   2.998977    5.14779    -0.0798    13.8155 1.4212e+02  -60.77283  -56.26133 1153241129 199.698272    34.6702 0.0000e+00
    848.000     0.9542   2.998865     0.9524   2.999083    5.14908    -0.0787    13.8155 1.4221e+02  -60.77283  -56.26133 1153241131 199.698293    34.6702 0.0000e+00
    849.000     0.9542   2.998913     0.9531   2.999194    5.15261    -0.0780    13.8155 1.4221e+02  -60.77283  -56.26133 1153241133 199.698317    34.6702 0.0000e+00
    850.000     0.9535   2.998896     0.9536   2.999287    5.15305    -0.0828    13.8155 1.4221e+02  -60.77283  -56.26133 1153241134 199.698332    34.6701 0.0000e+00
    851.000     0.9548   2.999073     0.9549   2.999462    5.15581    -0.0794    13.8155 1.4221e+02  -60.77283  -56.26133 1153241135 199.698346    34.6703 0.0000e+00
    852.000     0.9535   2.998992     0.9528   2.999335    5.15846    -0.0758    13.8155 1.4221e+02  -60.77283  -56.26133 1153241137 199.698359    34.6701 0.0000e+00
    853.000     0.9519   2.998892     0.9518   2.999280    5.15686    -0.0870    13.8155 1.4221e+02  -60.77283  -56.26133 1153241138 199.698370    34.6700 0.0000e+00
    854.000     0.9517   2.998906     0.9518   2.999316    5.15693    -0.0836    13.8155 1.4221e+02  -60.77283  -56.26133 1153241138 199.698379    34.6700 0.0000e+00
    855.000     0.9549   2.999269     0.9549   2.999650    5.15638    -0.0923    13.8155 1.4221e+02  -60.77283  -56.26133 1153241139 199.698388    34.6704 0.0000e+00
    856.000     0.9522   2.999066     0.9532   2.999536    5.15738    -0.0740    13.8155 1.4221e+02  -60.77283  -56.26133 1153241141 199.698409    34.6701 0.0000e+00
    857.000     0.9529   2.999196     0.9533   2.999587    5.16032    -0.0809    13.8155 1.4221e+02  -60.77283  -56.26133 1153241144 199.698444    34.6704 0.0000e+00
    858.000     0.9487   2.998815     0.9478   2.999137    5.16105    -0.0871    13.8155 1.4221e+02  -60.77283  -56.26133 1153241145 199.698454    34.6698 0.0000e+00
    859.000     0.9464   2.998643     0.9452   2.998932    5.16264    -0.0697    13.8155 1.4221e+02  -60.77283  -56.26133 1153241146 199.698464    34.6696 0.0000e+00
    860.000     0.9423   2.998308     0.9420   2.998675    5.16795    -0.0697    13.8155 1.4221e+02  -60.77283  -56.26133 1153241147 199.698475    34.6692 0.0000e+00
    861.000     0.9350   2.997656     0.9352   2.998087    5.17169    -0.0724    13.8155 1.4221e+02  -60.77283  -56.26133 1153241148 199.698487    34.6687 0.0000e+00
    862.000     0.9349   2.997704     0.9353   2.998128    5.17109    -0.0917    13.8155 1.4221e+02  -60.77283  -56.26133 1153241149 199.698500    34.6688 0.0000e+00
    863.000     0.9335   2.997605     0.9334   2.998017    5.17405    -0.0864    13.8155 1.4221e+02  -60.77283  -56.26133 1153241150 199.698515    34.6684 0.0000e+00
    864.000     0.9089   2.995326     0.9110   2.995966    5.17951    -0.0820    13.8155 1.4221e+02  -60.77283  -56.26133 1153241152 199.698535    34.6663 0.0000e+00
    865.000     0.9042   2.994951     0.9049   2.995435    5.18724    -0.0906    13.8155 1.4221e+02  -60.77283  -56.26133 1153241153 199.698552    34.6662 0.0000e+00
    866.000     0.8941   2.993972     0.8936   2.994375    5.19267    -0.0743    13.8155 1.4221e+02  -60.77283  -56.26133 1153241154 199.698565    34.6652 0.0000e+00
    867.000     0.8915   2.993830     0.8890   2.994013    5.19649    -0.0918    13.8155 1.4221e+02  -60.77283  -56.26133 1153241155 199.698577    34.6649 0.0000e+00
