product_data/regression_test/downloaded_data/MGDS/320620060703/ctd/adapted/heads_insert_p6615301.cnv
* Sea-Bird SBE 9 Data File:
* FileName = D:\Data\Raw\p6615301.dat
* Software Version Seasave Win32 V 5.32
* Temperature SN = 1649
* Conductivity SN = 1431
* Number of Bytes Per Scan = 37
* Number of Voltage Words = 5
* Number of Scans Averaged by the Deck Unit = 1
* NMEA Latitude = 60 46.37 S
* NMEA Longitude = 056 15.68 W
* NMEA UTC (Time) = 16:25:35
** Ship:   Nathaniel B. Palmer 
** Cruise:    NBP0606 
# nquan = 15
# nvalues = 1000                        
# units = specified
# name 0 = prDM: Pressure, Digiquartz [db]
# name 1 = t090C: Temperature [ITS-90, deg C]
# name 2 = c0S/m: Conductivity [S/m]
# name 3 = t190C: Temperature, 2 [ITS-90, deg C]
# name 4 = c1S/m: Conductivity, 2 [S/m]
# name 5 = sbeox0ML/L: Oxygen, SBE 43 [ml/l]
# name 6 = flECO-AFL: Fluorescence, Wetlab ECO-AFL/FL [mg/m^3]
# name 7 = bat: Beam Attenuation, Chelsea/Seatech/Wetlab CStar [1/m]
# name 8 = spar: SPAR/Surface Irradiance
# name 9 = latitude: Latitude [deg]
# name 10 = longitude: Longitude [deg]
# name 11 = timeY: Time, System [seconds]
# name 12 = timeJ: Julian Days
# name 13 = sal00: Salinity [PSU]
# name 14 = flag: flag
# span 0 =      2.000,   1001.000       
# span 1 =    -0.7431,     1.2396       
# span 2 =   2.785482,   3.011229       
# span 3 =    -0.7426,     1.2408       
# span 4 =   2.786100,   3.011624       
# span 5 =    4.99208,    7.58397       
# span 6 =    -0.1113,     0.4183       
# span 7 =    13.8155,    13.8155       
# span 8 = 1.2073e+02, 1.9481e+02       
# span 9 =  -60.77283,  -60.77283       
# span 10 =  -56.26133,  -56.26133      
# span 11 = 1153239950, 1153241356      
# span 12 = 199.684627, 199.700894      
# span 13 =    34.1525,    34.6884      
# span 14 = 0.0000e+00, 0.0000e+00      
# interval = decibars: 1                
# start_time = Jul 18 2006 16:25:43
# bad_flag = -9.990e-29
*END*
[from data line 675]
    676.000     0.7817   2.972948     0.7806   2.973285    5.34388    -0.0782    13.8155 -9.990e-29  -60.77283  -56.26133 1153240913 199.695771    34.6275 0.0000e+00
    677.000     0.7822   2.973048     0.7817   2.973411    5.34977    -0.0804    13.8155 -9.990e-29  -60.77283  -56.26133 1153240914 199.695788    34.6272 0.0000e+00
    678.000     0.7814   2.973008     0.7764   2.972982    5.35346    -0.0774    13.8155 -9.990e-29  -60.77283  -56.26133 1153240916 199.695801    34.6265 0.0000e+00
    679.000     0.7543   2.970470     0.7345   2.969223    5.36496    -0.0674    13.8155 1.6159e+02  -60.77283  -56.26133 1153240917 199.695813    34.6231 0.0000e+00
    680.000     0.7152   2.966936     0.7175   2.967640    5.37458    -0.0874    13.8155 1.6080e+02  -60.77283  -56.26133 1153240918 199.695825    34.6219 0.0000e+00
    681.000     0.7139   2.966881     0.7126   2.967193    5.37764    -0.0718    13.8155 1.6069e+02  -60.77283  -56.26133 1153240919 199.695838    34.6218 0.0000e+00
    682.000     0.7283   2.968363     0.7262   2.968457    5.38414    -0.0613    13.8155 1.6155e+02  -60.77283  -56.26133 1153240920 199.695850    34.6236 0.0000e+00
    683.000     0.7382   2.969206     0.7342   2.969312    5.38055    -0.0733    13.8155 1.6178e+02  -60.77283  -56.26133 1153240921 199.695863    34.6218 0.0000e+00
    684.000     0.7434   2.969843     0.7439   2.970248    5.37377    -0.0760    13.8155 1.6009e+02  -60.77283  -56.26133 1153240922 199.695876    34.6237 0.0000e+00
    685.000     0.7784   2.973277     0.7766   2.973415    5.36509    -0.0750    13.8155 1.6104e+02  -60.77283  -56.26133 1153240923 199.695891    34.6277 0.0000e+00
    686.000     0.7812   2.973531     0.7839   2.974101    5.35837    -0.0714    13.8155 1.6060e+02  -60.77283  -56.26133 1153240925 199.695912    34.6273 0.0000e+00
    687.000     0.8049   2.975895     0.7983   2.975598    5.34332    -0.0668    13.8155 1.5987e+02  -60.77283  -56.26133 1153240927 199.695935    34.6298 0.0000e+00
    688.000     0.8327   2.978535     0.8322   2.978845    5.33981    -0.0744    13.8155 1.5966e+02  -60.77283  -56.26133 1153240928 199.695950    34.6322 0.0000e+00
    689.000     0.8051   2.975882     0.8048   2.976347    5.33788    -0.0703    13.8155 1.5975e+02  -60.77283  -56.26133 1153240929 199.695960    34.6292 0.0000e+00
    690.000     0.8056   2.976031     0.8048   2.976384    5.33688    -0.0775    13.8155 1.5964e+02  -60.77283  -56.26133 1153240930 199.695969    34.6294 0.0000e+00
    691.000     0.8098   2.976496     0.8139   2.977233    5.33705    -0.0798    13.8155 1.6085e+02  -60.77283  -56.26133 1153240931 199.695978    34.6302 0.0000e+00
    692.000     0.8070   2.976234     0.8122   2.977144    5.33226    -0.0820    13.8155 1.6068e+02  -60.77283  -56.26133 1153240932 199.695989    34.6295 0.0000e+00
    693.000     0.8142   2.976954     0.8125   2.977186    5.33064    -0.0733    13.8155 1.5964e+02  -60.77283  -56.26133 1153240934 199.696017    34.6301 0.0000e+00
    694.000     0.8189   2.977503     0.8186   2.977780    5.32712    -0.0726    13.8155 1.5975e+02  -60.77283  -56.26133 1153240936 199.696038    34.6313 0.0000e+00
    695.000     0.8036   2.975929     0.8089   2.976956    5.32839    -0.0645    13.8155 1.5975e+02  -60.77283  -56.26133 1153240937 199.696051    34.6280 0.0000e+00
    696.000     0.7643   2.972405     0.7722   2.973483    5.33073    -0.0673    13.8155 1.5975e+02  -60.77283  -56.26133 1153240938 199.696063    34.6272 0.0000e+00
    697.000     0.8336   2.979107     0.8350   2.979418    5.32525    -0.0780    13.8155 1.5975e+02  -60.77283  -56.26133 1153240939 199.696074    34.6342 0.0000e+00
    698.000     0.8288   2.978539     0.8284   2.978949    5.31629    -0.0676    13.8155 1.5975e+02  -60.77283  -56.26133 1153240940 199.696086    34.6311 0.0000e+00
    699.000     0.8621   2.981874     0.8559   2.981518    5.30724    -0.0763    13.8155 1.5975e+02  -60.77283  -56.26133 1153240941 199.696097    34.6363 0.0000e+00
    700.000     0.8640   2.981986     0.8657   2.982521    5.30268    -0.0761    13.8155 1.5975e+02  -60.77283  -56.26133 1153240942 199.696110    34.6346 0.0000e+00
    701.000     0.8689   2.982513     0.8643   2.982416    5.29326    -0.0819    13.8155 1.5975e+02  -60.77283  -56.26133 1153240943 199.696123    34.6355 0.0000e+00
    702.000     0.8823   2.983871     0.8825   2.984193    5.28321    -0.0701    13.8155 1.5975e+02  -60.77283  -56.26133 1153240945 199.696138    34.6378 0.0000e+00
    703.000     0.8720   2.982914     0.8730   2.983377    5.28394    -0.0773    13.8155 1.5975e+02  -60.77283  -56.26133 1153240947 199.696166    34.6365 0.0000e+00
    704.000     0.8834   2.984055     0.8800   2.984027    5.27540    -0.0700    13.8155 1.5975e+02  -60.77283  -56.26133 1153240949 199.696193    34.6386 0.0000e+00
    705.000     0.8605   2.981825     0.8592   2.982141    5.28321    -0.0687    13.8155 1.5975e+02  -60.77283  -56.26133 1153240950 199.696205    34.6352 0.0000e+00
    706.000     0.8610   2.981947     0.8599   2.982226    5.27912    -0.0638    13.8155 1.5975e+02  -60.77283  -56.26133 1153240951 199.696214    34.6356 0.0000e+00
    707.000     0.8606   2.981989     0.8617   2.982437    5.27526    -0.0709    13.8155 1.5975e+02  -60.77283  -56.26133 1153240952 199.696223    34.6361 0.0000e+00
    708.000     0.8777   2.983783     0.8790   2.984084    5.27617    -0.0846    13.8155 1.5975e+02  -60.77283  -56.26133 1153240953 199.696231    34.6400 0.0000e+00
    709.000     0.9168   2.987448     0.9177   2.987707    5.27204    -0.0781    13.8155 1.5975e+02  -60.77283  -56.26133 1153240953 199.696238    34.6413 0.0000e+00
    710.000     0.9185   2.987600     0.9202   2.988119    5.26598    -0.0783    13.8155 1.5975e+02  -60.77283  -56.26133 1153240954 199.696248    34.6408 0.0000e+00
    711.000     0.9183   2.987634     0.9171   2.987844    5.25855    -0.0770    13.8155 1.5900e+02  -60.77283  -56.26133 1153240955 199.696262    34.6411 0.0000e+00
    712.000     0.9009   2.986016     0.9087   2.987075    5.25167    -0.0719    13.8155 1.5834e+02  -60.77283  -56.26133 1153240959 199.696299    34.6399 0.0000e+00
    713.000     0.9099   2.986992     0.9148   2.987668    5.24790    -0.0787    13.8155 1.5786e+02  -60.77283  -56.26133 1153240960 199.696320    34.6424 0.0000e+00
    714.000     0.9445   2.990245     0.9428   2.990422    5.24043    -0.0770    13.8155 1.5901e+02  -60.77283  -56.26133 1153240961 199.696332    34.6437 0.0000e+00
    715.000     0.9449   2.990356     0.9455   2.990742    5.23393    -0.0591    13.8155 1.5781e+02  -60.77283  -56.26133 1153240962 199.696343    34.6445 0.0000e+00
    716.000     0.9473   2.990631     0.9474   2.990977    5.22828    -0.0798    13.8155 1.5780e+02  -60.77283  -56.26133 1153240963 199.696353    34.6448 0.0000e+00
    717.000     0.9498   2.990928     0.9494   2.991242    5.22602    -0.0707    13.8155 1.5780e+02  -60.77283  -56.26133 1153240964 199.696363    34.6454 0.0000e+00
    718.000     0.9505   2.991035     0.9506   2.991406    5.22360    -0.0819    13.8155 1.5780e+02  -60.77283  -56.26133 1153240965 199.696373    34.6455 0.0000e+00
    719.000     0.9500   2.991042     0.9517   2.991554    5.22047    -0.0815    13.8155 1.5780e+02  -60.77283  -56.26133 1153240966 199.696383    34.6456 0.0000e+00
    720.000     0.9510   2.991180     0.9513   2.991561    5.21599    -0.0756    13.8155 1.5820e+02  -60.77283  -56.26133 1153240967 199.696398    34.6459 0.0000e+00
    721.000     0.9500   2.991106     0.9506   2.991530    5.21020    -0.0756    13.8155 1.5548e+02  -60.77283  -56.26133 1153240970 199.696431    34.6458 0.0000e+00
    722.000     0.9503   2.991206     0.9496   2.991501    5.20742    -0.0651    13.8155 1.5625e+02  -60.77283  -56.26133 1153240972 199.696450    34.6464 0.0000e+00
    723.000     0.9501   2.991258     0.9504   2.991650    5.20983    -0.0783    13.8155 1.5569e+02  -60.77283  -56.26133 1153240973 199.696463    34.6468 0.0000e+00
    724.000     0.9498   2.991278     0.9499   2.991670    5.20577    -0.0642    13.8155 1.5631e+02  -60.77283  -56.26133 1153240974 199.696474    34.6468 0.0000e+00
    725.000     0.9626   2.992652     0.9609   2.992756    5.19876    -0.0746    13.8155 1.5605e+02  -60.77283  -56.26133 1153240974 199.696484    34.6496 0.0000e+00
    726.000     0.9872   2.995037     0.9892   2.995513    5.19541    -0.0683    13.8155 1.5603e+02  -60.77283  -56.26133 1153240975 199.696494    34.6517 0.0000e+00
    727.000     0.9953   2.995848     0.9953   2.996194    5.18925    -0.0868    13.8155 1.5586e+02  -60.77283  -56.26133 1153240976 199.696504    34.6523 0.0000e+00
    728.000     1.0023   2.996592     1.0021   2.996857    5.18131    -0.0842    13.8155 1.5643e+02  -60.77283  -56.26133 1153240977 199.696517    34.6536 0.0000e+00
    729.000     1.0092   2.997280     1.0091   2.997609    5.17313    -0.0860    13.8155 1.5586e+02  -60.77283  -56.26133 1153240979 199.696533    34.6542 0.0000e+00
    730.000     1.0094   2.997337     1.0083   2.997578    5.16592    -0.0814    13.8155 1.5396e+02  -60.77283  -56.26133 1153240981 199.696554    34.6544 0.0000e+00
    731.000     1.0078   2.997214     1.0078   2.997570    5.16523    -0.0870    13.8155 1.5390e+02  -60.77283  -56.26133 1153240983 199.696577    34.6544 0.0000e+00
    732.000     1.0090   2.997391     1.0093   2.997760    5.16184    -0.0456    13.8155 1.5390e+02  -60.77283  -56.26133 1153240984 199.696594    34.6550 0.0000e+00
    733.000     1.0108   2.997597     1.0111   2.997973    5.15947    -0.0905    13.8155 1.5390e+02  -60.77283  -56.26133 1153240985 199.696606    34.6550 0.0000e+00
    734.000     1.0107   2.997634     1.0118   2.998090    5.15901    -0.0831    13.8155 1.5390e+02  -60.77283  -56.26133 1153240986 199.696616    34.6551 0.0000e+00
    735.000     1.0109   2.997707     1.0111   2.998059    5.15801    -0.0690    13.8155 1.5390e+02  -60.77283  -56.26133 1153240987 199.696627    34.6554 0.0000e+00
    736.000     1.0155   2.998189     1.0164   2.998613    5.15584    -0.0751    13.8155 1.5390e+02  -60.77283  -56.26133 1153240988 199.696637    34.6558 0.0000e+00
    737.000     1.0197   2.998645     1.0207   2.999084    5.15098    -0.0777    13.8155 1.5390e+02  -60.77283  -56.26133 1153240989 199.696651    34.6564 0.0000e+00
    738.000     1.0220   2.998914     1.0227   2.999311    5.14677    -0.0616    13.8155 1.5390e+02  -60.77283  -56.26133 1153240991 199.696671    34.6568 0.0000e+00
    739.000     1.0229   2.999044     1.0235   2.999441    5.14466    -0.0636    13.8155 1.5390e+02  -60.77283  -56.26133 1153240992 199.696688    34.6570 0.0000e+00
    740.000     1.0248   2.999270     1.0241   2.999557    5.14221    -0.0858    13.8155 1.5390e+02  -60.77283  -56.26133 1153240993 199.696702    34.6573 0.0000e+00
    741.000     1.0332   3.000190     1.0339   3.000569    5.14089    -0.0647    13.8155 1.5390e+02  -60.77283  -56.26133 1153240995 199.696717    34.6590 0.0000e+00
    742.000     1.0384   3.000759     1.0382   3.001053    5.13674    -0.0848    13.8155 1.5390e+02  -60.77283  -56.26133 1153240996 199.696731    34.6599 0.0000e+00
    743.000     1.0429   3.001237     1.0431   3.001581    5.13366    -0.0593    13.8155 1.5390e+02  -60.77283  -56.26133 1153240997 199.696745    34.6605 0.0000e+00
    744.000     1.0430   3.001267     1.0423   3.001567    5.12881    -0.0716    13.8155 1.5390e+02  -60.77283  -56.26133 1153240998 199.696758    34.6602 0.0000e+00
    745.000     1.0397   3.001005     1.0393   3.001325    5.12645    -0.0818    13.8155 1.5337e+02  -60.77283  -56.26133 1153240999 199.696771    34.6602 0.0000e+00
    746.000     1.0396   3.001055     1.0406   3.001475    5.12660    -0.0709    13.8155 1.5198e+02  -60.77283  -56.26133 1153241001 199.696787    34.6605 0.0000e+00
    747.000     1.0399   3.001127     1.0404   3.001525    5.12647    -0.0782    13.8155 1.5196e+02  -60.77283  -56.26133 1153241002 199.696804    34.6605 0.0000e+00
    748.000     1.0395   3.001132     1.0398   3.001517    5.12435    -0.0741    13.8155 1.5196e+02  -60.77283  -56.26133 1153241004 199.696820    34.6606 0.0000e+00
    749.000     1.0411   3.001331     1.0417   3.001738    5.12409    -0.0806    13.8155 1.5196e+02  -60.77283  -56.26133 1153241005 199.696834    34.6607 0.0000e+00
    750.000     1.0419   3.001444     1.0423   3.001845    5.12511    -0.0765    13.8155 1.5196e+02  -60.77283  -56.26133 1153241006 199.696847    34.6607 0.0000e+00
    751.000     1.0438   3.001673     1.0433   3.001986    5.12553    -0.0808    13.8155 1.5196e+02  -60.77283  -56.26133 1153241007 199.696860    34.6610 0.0000e+00
    752.000     1.0428   3.001632     1.0431   3.002025    5.12465    -0.0810    13.8155 1.5196e+02  -60.77283  -56.26133 1153241008 199.696873    34.6610 0.0000e+00
    753.000     1.0416   3.001580     1.0410   3.001880    5.12473    -0.0933    13.8155 1.5196e+02  -60.77283  -56.26133 1153241009 199.696887    34.6612 0.0000e+00
    754.000     1.0389   3.001383     1.0392   3.001770    5.12395    -0.0793    13.8155 1.5196e+02  -60.77283  -56.26133 1153241011 199.696904    34.6613 0.0000e+00
    755.000     1.0401   3.001552     1.0406   3.001963    5.12455    -0.0717    13.8155 1.5196e+02  -60.77283  -56.26133 1153241012 199.696922    34.6615 0.0000e+00
    756.000     1.0417   3.001794     1.0415   3.002136    5.12413    -0.0773    13.8155 1.5196e+02  -60.77283  -56.26133 1153241014 199.696936    34.6622 0.0000e+00
    757.000     1.0380   3.001522     1.0388   3.001969    5.12380    -0.0657    13.8155 1.5196e+02  -60.77283  -56.26133 1153241015 199.696948    34.6624 0.0000e+00
    758.000     1.0390   3.001652     1.0390   3.002016    5.12786    -0.0793    13.8155 1.5196e+02  -60.77283  -56.26133 1153241016 199.696961    34.6624 0.0000e+00
    759.000     1.0407   3.001843     1.0394   3.002093    5.12741    -0.0846    13.8155 1.5179e+02  -60.77283  -56.26133 1153241017 199.696978    34.6622 0.0000e+00
    760.000     1.0246   3.000454     1.0221   3.000656    5.13394    -0.0736    13.8155 1.4997e+02  -60.77283  -56.26133 1153241019 199.696994    34.6621 0.0000e+00
    761.000     1.0020   2.998339     0.9998   2.998659    5.14213    -0.0697    13.8155 1.5001e+02  -60.77283  -56.26133 1153241020 199.697008    34.6596 0.0000e+00
    762.000     0.9814   2.997484     0.9805   2.996885    5.14425    -0.0727    13.8155 1.5001e+02  -60.77283  -56.26133 1153241021 199.697022    34.6612 0.0000e+00
    763.000     1.0029   2.998688     1.0003   2.998836    5.14749    -0.0768    13.8155 -9.990e-29  -60.77283  -56.26133 1153241023 199.697039    34.6623 0.0000e+00
    764.000     0.9998   2.998457     0.9993   2.998801    5.14735    -0.0722    13.8155 -9.990e-29  -60.77283  -56.26133 1153241024 199.697056    34.6620 0.0000e+00
    765.000     0.9989   2.998427     0.9991   2.998837    5.14847    -0.0841    13.8155 -9.990e-29  -60.77283  -56.26133 1153241025 199.697068    34.6620 0.0000e+00
    766.000     0.9928   2.997896     0.9927   2.998314    5.14821    -0.0714    13.8155 -9.990e-29  -60.77283  -56.26133 1153241026 199.697079    34.6613 0.0000e+00
    767.000     0.9850   2.997204     0.9846   2.997593    5.14854    -0.0764    13.8155 -9.990e-29  -60.77283  -56.26133 1153241027 199.697090    34.6608 0.0000e+00
    768.000     0.9865   2.997395     0.9886   2.997959    5.15194    -0.0751    13.8155 -9.990e-29  -60.77283  -56.26133 1153241028 199.697101    34.6610 0.0000e+00
    769.000     0.9870   2.997472     0.9895   2.998105    5.15976    -0.0762    13.8155 1.4887e+02  -60.77283  -56.26133 1153241030 199.697130    34.6606 0.0000e+00
    770.000     0.9771   2.996526     0.9706   2.996495    5.17362    -0.0753    13.8155 1.4823e+02  -60.77283  -56.26133 1153241033 199.697156    34.6586 0.0000e+00
    771.000     0.9369   2.992858     0.9349   2.993139    5.18170    -0.0703    13.8155 1.4943e+02  -60.77283  -56.26133 1153241034 199.697167    34.6568 0.0000e+00
