product_data/regression_test/downloaded_data/MGDS/320620060703/ctd/adapted/heads_insert_p6609307.cnv
* Sea-Bird SBE 9 Data File:
* FileName = D:\Data\Raw\p6609307.dat
* Software Version Seasave Win32 V 5.32
* Temperature SN = 1649
* Conductivity SN = 1431
* Number of Bytes Per Scan = 37
* Number of Voltage Words = 5
* Number of Scans Averaged by the Deck Unit = 1
* NMEA Latitude = 61 07.50 S
* NMEA Longitude = 058 05.51 W
* NMEA UTC (Time) = 04:57:22
** Ship:   Nathaniel B. Palmer nbp
** Cruise:    NBP0606 nbp0606
# nquan = 15
# nvalues = 491                         
# units = specified
# name 0 = prDM: Pressure, Digiquartz [db]
# name 1 = t090C: Temperature [ITS-90, deg C]
# name 2 = c0S/m: Conductivity [S/m]
# name 3 = t190C: Temperature, 2 [ITS-90, deg C]
# name 4 = c1S/m: Conductivity, 2 [S/m]
# name 5 = sbeox0ML/L: Oxygen, SBE 43 [ml/l]
# name 6 = flECO-AFL: Fluorescence, Wetlab ECO-AFL/FL [mg/m^3]
# name 7 = bat: Beam Attenuation, Chelsea/Seatech/Wetlab CStar [1/m]
# name 8 = spar: SPAR/Surface Irradiance
# name 9 = latitude: Latitude [deg]
# name 10 = longitude: Longitude [deg]
# name 11 = timeY: Time, System [seconds]
# name 12 = timeJ: Julian Days
# name 13 = sal00: Salinity [PSU]
# name 14 = flag: flag
# span 0 =     12.000,    502.000       
# span 1 =    -0.8000,     1.9710       
# span 2 =   2.758047,   3.066067       
# span 3 =    -0.8010,     1.9723       
# span 4 =   2.758841,   3.066377       
# span 5 =    4.32920,    8.00664       
# span 6 =    -0.0938,     0.2563       
# span 7 =    13.8155,    13.8155       
# span 8 = 0.0000e+00, 0.0000e+00       
# span 9 =  -61.12500,  -61.12500       
# span 10 =  -58.09183,  -58.09183      
# span 11 = 1152593843, 1152594618      
# span 12 = 192.206513, 192.215502      
# span 13 =    33.9445,    35.4514      
# span 14 = 0.0000e+00, 0.0000e+00      
# interval = decibars: 1                
# start_time = Jul 11 2006 04:57:29
# bad_flag = -9.990e-29
*END*
[from data line 290]
    301.000     1.9710   3.061258     1.9723   3.061538    4.33410    -0.0685    13.8155 0.0000e+00  -61.12500  -58.09183 1152594323 192.212090    34.6521 0.0000e+00
    302.000     1.9704   3.061289     1.9718   3.061573    4.33413    -0.0682    13.8155 0.0000e+00  -61.12500  -58.09183 1152594324 192.212101    34.6525 0.0000e+00
    303.000     1.9698   3.061280     1.9710   3.061561    4.33410    -0.0681    13.8155 0.0000e+00  -61.12500  -58.09183 1152594325 192.212113    34.6526 0.0000e+00
    304.000     1.9688   3.061236     1.9699   3.061512    4.33437    -0.0651    13.8155 0.0000e+00  -61.12500  -58.09183 1152594326 192.212128    34.6526 0.0000e+00
    305.000     1.9693   3.061317     1.9706   3.061596    4.33655    -0.0659    13.8155 0.0000e+00  -61.12500  -58.09183 1152594330 192.212169    34.6526 0.0000e+00
    306.000     1.9681   3.061264     1.9690   3.061516    4.33893    -0.0748    13.8155 0.0000e+00  -61.12500  -58.09183 1152594332 192.212195    34.6527 0.0000e+00
    307.000     1.9643   3.061047     1.9655   3.061329    4.34037    -0.0638    13.8155 0.0000e+00  -61.12500  -58.09183 1152594333 192.212208    34.6537 0.0000e+00
    308.000     1.9660   3.061366     1.9672   3.061654    4.33995    -0.0519    13.8155 0.0000e+00  -61.12500  -58.09183 1152594334 192.212218    34.6552 0.0000e+00
    309.000     1.9662   3.061452     1.9675   3.061733    4.33957    -0.0644    13.8155 0.0000e+00  -61.12500  -58.09183 1152594335 192.212227    34.6554 0.0000e+00
    310.000     1.9657   3.061440     1.9672   3.061758    4.33960    -0.0717    13.8155 0.0000e+00  -61.12500  -58.09183 1152594336 192.212236    34.6552 0.0000e+00
    311.000     1.9614   3.061090     1.9621   3.061372    4.34158    -0.0724    13.8155 0.0000e+00  -61.12500  -58.09183 1152594337 192.212245    34.6550 0.0000e+00
    312.000     1.9528   3.060405     1.9539   3.060707    4.34163    -0.0678    13.8155 0.0000e+00  -61.12500  -58.09183 1152594337 192.212255    34.6555 0.0000e+00
    313.000     1.9507   3.060279     1.9518   3.060563    4.34135    -0.0683    13.8155 0.0000e+00  -61.12500  -58.09183 1152594338 192.212266    34.6557 0.0000e+00
    314.000     1.9506   3.060322     1.9515   3.060576    4.33997    -0.0684    13.8155 0.0000e+00  -61.12500  -58.09183 1152594340 192.212279    34.6559 0.0000e+00
    315.000     1.9509   3.060387     1.9520   3.060665    4.33937    -0.0783    13.8155 0.0000e+00  -61.12500  -58.09183 1152594342 192.212306    34.6557 0.0000e+00
    316.000     1.9540   3.060724     1.9548   3.060978    4.34601    -0.0911    13.8155 0.0000e+00  -61.12500  -58.09183 1152594347 192.212362    34.6558 0.0000e+00
    317.000     1.9522   3.060612     1.9529   3.060865    4.34605    -0.0678    13.8155 0.0000e+00  -61.12500  -58.09183 1152594347 192.212369    34.6557 0.0000e+00
    318.000     1.9453   3.059966     1.9455   3.060252    4.34563    -0.0782    13.8155 0.0000e+00  -61.12500  -58.09183 1152594348 192.212377    34.6546 0.0000e+00
    319.000     1.9304   3.058592     1.9323   3.059040    4.34608    -0.0741    13.8155 0.0000e+00  -61.12500  -58.09183 1152594349 192.212384    34.6535 0.0000e+00
    320.000     1.9218   3.057833     1.9228   3.058187    4.34606    -0.0751    13.8155 0.0000e+00  -61.12500  -58.09183 1152594349 192.212391    34.6531 0.0000e+00
    321.000     1.9267   3.058517     1.9282   3.058780    4.34605    -0.0705    13.8155 0.0000e+00  -61.12500  -58.09183 1152594350 192.212398    34.6562 0.0000e+00
    322.000     1.9290   3.058766     1.9302   3.059099    4.34589    -0.0545    13.8155 0.0000e+00  -61.12500  -58.09183 1152594351 192.212407    34.6555 0.0000e+00
    323.000     1.9233   3.058355     1.9246   3.058637    4.35035    -0.0753    13.8155 0.0000e+00  -61.12500  -58.09183 1152594353 192.212433    34.6561 0.0000e+00
    324.000     1.9243   3.058451     1.9253   3.058742    4.35621    -0.0633    13.8155 0.0000e+00  -61.12500  -58.09183 1152594356 192.212465    34.6556 0.0000e+00
    325.000     1.9245   3.058717     1.9261   3.059013    4.35570    -0.0807    13.8155 0.0000e+00  -61.12500  -58.09183 1152594357 192.212480    34.6580 0.0000e+00
    326.000     1.9329   3.059597     1.9342   3.059864    4.35570    -0.0713    13.8155 0.0000e+00  -61.12500  -58.09183 1152594358 192.212496    34.6589 0.0000e+00
    327.000     1.9341   3.059788     1.9352   3.060068    4.35435    -0.0692    13.8155 0.0000e+00  -61.12500  -58.09183 1152594360 192.212511    34.6593 0.0000e+00
    328.000     1.9318   3.059646     1.9328   3.059924    4.35390    -0.0644    13.8155 0.0000e+00  -61.12500  -58.09183 1152594361 192.212524    34.6595 0.0000e+00
    329.000     1.9263   3.059189     1.9275   3.059509    4.35405    -0.0755    13.8155 0.0000e+00  -61.12500  -58.09183 1152594362 192.212538    34.6594 0.0000e+00
    330.000     1.9239   3.059050     1.9252   3.059345    4.35482    -0.0806    13.8155 0.0000e+00  -61.12500  -58.09183 1152594363 192.212555    34.6598 0.0000e+00
    331.000     1.9301   3.059758     1.9319   3.060086    4.36006    -0.0649    13.8155 0.0000e+00  -61.12500  -58.09183 1152594365 192.212573    34.6612 0.0000e+00
    332.000     1.9353   3.060329     1.9365   3.060610    4.36023    -0.0552    13.8155 0.0000e+00  -61.12500  -58.09183 1152594366 192.212587    34.6619 0.0000e+00
    333.000     1.9369   3.060551     1.9382   3.060833    4.36032    -0.0623    13.8155 0.0000e+00  -61.12500  -58.09183 1152594367 192.212597    34.6623 0.0000e+00
    334.000     1.9380   3.060707     1.9391   3.060999    4.36034    -0.0739    13.8155 0.0000e+00  -61.12500  -58.09183 1152594368 192.212606    34.6625 0.0000e+00
    335.000     1.9391   3.060860     1.9402   3.061144    4.36010    -0.0855    13.8155 0.0000e+00  -61.12500  -58.09183 1152594369 192.212615    34.6626 0.0000e+00
    336.000     1.9390   3.060892     1.9402   3.061161    4.35941    -0.0742    13.8155 0.0000e+00  -61.12500  -58.09183 1152594371 192.212648    34.6626 0.0000e+00
    337.000     1.9388   3.060923     1.9405   3.061253    4.36114    -0.0629    13.8155 0.0000e+00  -61.12500  -58.09183 1152594375 192.212690    34.6627 0.0000e+00
    338.000     1.9412   3.061260     1.9427   3.061563    4.36127    -0.0640    13.8155 0.0000e+00  -61.12500  -58.09183 1152594376 192.212701    34.6637 0.0000e+00
    339.000     1.9412   3.061342     1.9423   3.061643    4.36204    -0.0739    13.8155 0.0000e+00  -61.12500  -58.09183 1152594377 192.212710    34.6642 0.0000e+00
    340.000     1.9368   3.061002     1.9376   3.061297    4.36127    -0.0786    13.8155 0.0000e+00  -61.12500  -58.09183 1152594378 192.212719    34.6642 0.0000e+00
    341.000     1.9296   3.060408     1.9307   3.060721    4.36024    -0.0525    13.8155 0.0000e+00  -61.12500  -58.09183 1152594378 192.212729    34.6643 0.0000e+00
    342.000     1.9255   3.060096     1.9265   3.060393    4.35947    -0.0592    13.8155 0.0000e+00  -61.12500  -58.09183 1152594379 192.212738    34.6644 0.0000e+00
    343.000     1.9229   3.059907     1.9239   3.060203    4.35655    -0.0693    13.8155 0.0000e+00  -61.12500  -58.09183 1152594380 192.212748    34.6644 0.0000e+00
    344.000     1.9192   3.059626     1.9203   3.059925    4.35519    -0.0648    13.8155 0.0000e+00  -61.12500  -58.09183 1152594381 192.212761    34.6644 0.0000e+00
    345.000     1.9206   3.059799     1.9211   3.060037    4.35875    -0.0720    13.8155 0.0000e+00  -61.12500  -58.09183 1152594384 192.212793    34.6644 0.0000e+00
    346.000     1.9240   3.060152     1.9234   3.060298    4.36167    -0.0664    13.8155 0.0000e+00  -61.12500  -58.09183 1152594388 192.212834    34.6641 0.0000e+00
    347.000     1.9101   3.059006     1.9110   3.059333    4.36185    -0.0745    13.8155 0.0000e+00  -61.12500  -58.09183 1152594389 192.212847    34.6648 0.0000e+00
    348.000     1.9051   3.058662     1.9060   3.058969    4.36228    -0.0790    13.8155 0.0000e+00  -61.12500  -58.09183 1152594389 192.212857    34.6656 0.0000e+00
    349.000     1.9020   3.058458     1.9030   3.058766    4.36371    -0.0738    13.8155 0.0000e+00  -61.12500  -58.09183 1152594390 192.212866    34.6659 0.0000e+00
    350.000     1.9005   3.058412     1.9017   3.058719    4.36368    -0.0738    13.8155 0.0000e+00  -61.12500  -58.09183 1152594391 192.212876    34.6663 0.0000e+00
    351.000     1.9005   3.058457     1.9015   3.058751    4.36431    -0.0708    13.8155 0.0000e+00  -61.12500  -58.09183 1152594392 192.212888    34.6663 0.0000e+00
    352.000     1.9011   3.058574     1.9023   3.058864    4.36594    -0.0646    13.8155 0.0000e+00  -61.12500  -58.09183 1152594394 192.212905    34.6664 0.0000e+00
    353.000     1.9043   3.058947     1.9060   3.059273    4.36340    -0.0688    13.8155 0.0000e+00  -61.12500  -58.09183 1152594395 192.212923    34.6670 0.0000e+00
    354.000     1.9141   3.059988     1.9153   3.060292    4.36310    -0.0657    13.8155 0.0000e+00  -61.12500  -58.09183 1152594397 192.212941    34.6684 0.0000e+00
    355.000     1.9136   3.060025     1.9148   3.060295    4.36455    -0.0648    13.8155 0.0000e+00  -61.12500  -58.09183 1152594398 192.212957    34.6688 0.0000e+00
    356.000     1.9154   3.060258     1.9167   3.060562    4.36505    -0.0698    13.8155 0.0000e+00  -61.12500  -58.09183 1152594399 192.212972    34.6692 0.0000e+00
    357.000     1.9166   3.060422     1.9171   3.060678    4.36482    -0.0629    13.8155 0.0000e+00  -61.12500  -58.09183 1152594401 192.212993    34.6695 0.0000e+00
    358.000     1.8954   3.058452     1.8960   3.058728    4.36711    -0.0738    13.8155 0.0000e+00  -61.12500  -58.09183 1152594403 192.213019    34.6677 0.0000e+00
    359.000     1.8935   3.058389     1.8948   3.058695    4.36773    -0.0692    13.8155 0.0000e+00  -61.12500  -58.09183 1152594405 192.213035    34.6687 0.0000e+00
    360.000     1.9006   3.059218     1.9017   3.059510    4.36797    -0.0748    13.8155 0.0000e+00  -61.12500  -58.09183 1152594406 192.213047    34.6704 0.0000e+00
    361.000     1.8986   3.059132     1.8997   3.059423    4.36818    -0.0751    13.8155 0.0000e+00  -61.12500  -58.09183 1152594407 192.213057    34.6708 0.0000e+00
    362.000     1.8980   3.059146     1.8990   3.059440    4.36845    -0.0821    13.8155 0.0000e+00  -61.12500  -58.09183 1152594408 192.213067    34.6711 0.0000e+00
    363.000     1.8969   3.059145     1.8980   3.059437    4.36889    -0.0696    13.8155 0.0000e+00  -61.12500  -58.09183 1152594409 192.213080    34.6717 0.0000e+00
    364.000     1.8964   3.059165     1.8974   3.059459    4.37001    -0.0786    13.8155 0.0000e+00  -61.12500  -58.09183 1152594411 192.213104    34.6719 0.0000e+00
    365.000     1.8956   3.059175     1.8966   3.059467    4.37107    -0.0762    13.8155 0.0000e+00  -61.12500  -58.09183 1152594413 192.213129    34.6724 0.0000e+00
    366.000     1.8952   3.059213     1.8964   3.059508    4.37608    -0.0848    13.8155 0.0000e+00  -61.12500  -58.09183 1152594415 192.213147    34.6727 0.0000e+00
    367.000     1.8953   3.059271     1.8964   3.059565    4.37706    -0.0682    13.8155 0.0000e+00  -61.12500  -58.09183 1152594416 192.213160    34.6727 0.0000e+00
    368.000     1.8950   3.059279     1.8960   3.059570    4.37747    -0.0587    13.8155 0.0000e+00  -61.12500  -58.09183 1152594417 192.213171    34.6726 0.0000e+00
    369.000     1.8947   3.059316     1.8959   3.059615    4.37784    -0.0662    13.8155 0.0000e+00  -61.12500  -58.09183 1152594417 192.213181    34.6728 0.0000e+00
    370.000     1.8945   3.059343     1.8954   3.059622    4.37788    -0.0693    13.8155 0.0000e+00  -61.12500  -58.09183 1152594419 192.213195    34.6728 0.0000e+00
    371.000     1.8944   3.059371     1.8954   3.059666    4.37478    -0.0888    13.8155 0.0000e+00  -61.12500  -58.09183 1152594420 192.213211    34.6727 0.0000e+00
    372.000     1.8943   3.059402     1.8953   3.059697    4.37353    -0.0763    13.8155 0.0000e+00  -61.12500  -58.09183 1152594421 192.213227    34.6726 0.0000e+00
    373.000     1.8943   3.059464     1.8956   3.059753    4.38134    -0.0667    13.8155 0.0000e+00  -61.12500  -58.09183 1152594425 192.213273    34.6727 0.0000e+00
    374.000     1.8945   3.059519     1.8953   3.059809    4.38252    -0.0483    13.8155 0.0000e+00  -61.12500  -58.09183 1152594427 192.213294    34.6727 0.0000e+00
    375.000     1.8943   3.059556     1.8953   3.059846    4.38000    -0.0659    13.8155 0.0000e+00  -61.12500  -58.09183 1152594428 192.213302    34.6728 0.0000e+00
    376.000     1.8946   3.059615     1.8953   3.059893    4.37814    -0.0618    13.8155 0.0000e+00  -61.12500  -58.09183 1152594428 192.213309    34.6726 0.0000e+00
    377.000     1.8947   3.059656     1.8952   3.059942    4.37754    -0.0837    13.8155 0.0000e+00  -61.12500  -58.09183 1152594429 192.213316    34.6724 0.0000e+00
    378.000     1.8945   3.059674     1.8949   3.059960    4.37753    -0.0866    13.8155 0.0000e+00  -61.12500  -58.09183 1152594430 192.213323    34.6724 0.0000e+00
    379.000     1.8946   3.059747     1.8950   3.060024    4.37618    -0.0751    13.8155 0.0000e+00  -61.12500  -58.09183 1152594430 192.213330    34.6726 0.0000e+00
    380.000     1.8939   3.059783     1.8947   3.060069    4.37403    -0.0779    13.8155 0.0000e+00  -61.12500  -58.09183 1152594432 192.213344    34.6732 0.0000e+00
    381.000     1.8943   3.059835     1.8952   3.060123    4.37525    -0.0737    13.8155 0.0000e+00  -61.12500  -58.09183 1152594435 192.213388    34.6729 0.0000e+00
    382.000     1.8955   3.060065     1.8968   3.060380    4.37907    -0.0724    13.8155 0.0000e+00  -61.12500  -58.09183 1152594438 192.213421    34.6739 0.0000e+00
    383.000     1.9011   3.060722     1.9019   3.060982    4.38101    -0.0750    13.8155 0.0000e+00  -61.12500  -58.09183 1152594439 192.213434    34.6753 0.0000e+00
    384.000     1.9021   3.060874     1.9029   3.061131    4.38087    -0.0637    13.8155 0.0000e+00  -61.12500  -58.09183 1152594440 192.213443    34.6755 0.0000e+00
    385.000     1.9043   3.061117     1.9046   3.061350    4.38089    -0.0607    13.8155 0.0000e+00  -61.12500  -58.09183 1152594441 192.213451    34.6755 0.0000e+00
    386.000     1.9059   3.061363     1.9069   3.061652    4.38122    -0.0790    13.8155 0.0000e+00  -61.12500  -58.09183 1152594442 192.213460    34.6763 0.0000e+00
    387.000     1.9087   3.061757     1.9096   3.062059    4.38143    -0.0716    13.8155 0.0000e+00  -61.12500  -58.09183 1152594442 192.213468    34.6775 0.0000e+00
    388.000     1.9068   3.061667     1.9078   3.061960    4.38174    -0.0690    13.8155 0.0000e+00  -61.12500  -58.09183 1152594443 192.213477    34.6780 0.0000e+00
    389.000     1.9098   3.062045     1.9111   3.062342    4.38202    -0.0750    13.8155 0.0000e+00  -61.12500  -58.09183 1152594445 192.213494    34.6788 0.0000e+00
    390.000     1.9083   3.061883     1.9111   3.062366    4.38299    -0.0678    13.8155 0.0000e+00  -61.12500  -58.09183 1152594448 192.213535    34.6781 0.0000e+00
    391.000     1.9101   3.062154     1.9121   3.062545    4.38350    -0.0741    13.8155 0.0000e+00  -61.12500  -58.09183 1152594449 192.213552    34.6789 0.0000e+00
    392.000     1.9145   3.062733     1.9156   3.063022    4.38383    -0.0668    13.8155 0.0000e+00  -61.12500  -58.09183 1152594451 192.213564    34.6807 0.0000e+00
    393.000     1.9152   3.062868     1.9160   3.063133    4.38424    -0.0873    13.8155 0.0000e+00  -61.12500  -58.09183 1152594452 192.213578    34.6811 0.0000e+00
    394.000     1.9153   3.062938     1.9162   3.063218    4.38604    -0.0786    13.8155 0.0000e+00  -61.12500  -58.09183 1152594453 192.213593    34.6814 0.0000e+00
    395.000     1.9159   3.063035     1.9168   3.063324    4.39186    -0.0610    13.8155 0.0000e+00  -61.12500  -58.09183 1152594455 192.213613    34.6814 0.0000e+00
