product_data/regression_test/downloaded_data/MGDS/320620060703/ctd/adapted/heads_insert_p6617612.cnv
* Sea-Bird SBE 9 Data File:
* FileName = D:\Data\Raw\p6617612.dat
* Software Version Seasave Win32 V 5.32
* Temperature SN = 1649
* Conductivity SN = 1431
* Number of Bytes Per Scan = 37
* Number of Voltage Words = 5
* Number of Scans Averaged by the Deck Unit = 1
* NMEA Latitude = 60 37.00 S
* NMEA Longitude = 054 43.23 W
* NMEA UTC (Time) = 15:44:17
** Ship:   Nathaniel B. Palmer 
** Cruise:    NBP0606 
# nquan = 15
# nvalues = 391                         
# units = specified
# name 0 = prDM: Pressure, Digiquartz [db]
# name 1 = t090C: Temperature [ITS-90, deg C]
# name 2 = c0S/m: Conductivity [S/m]
# name 3 = t190C: Temperature, 2 [ITS-90, deg C]
# name 4 = c1S/m: Conductivity, 2 [S/m]
# name 5 = sbeox0ML/L: Oxygen, SBE 43 [ml/l]
# name 6 = flECO-AFL: Fluorescence, Wetlab ECO-AFL/FL [mg/m^3]
# name 7 = bat: Beam Attenuation, Chelsea/Seatech/Wetlab CStar [1/m]
# name 8 = spar: SPAR/Surface Irradiance
# name 9 = latitude: Latitude [deg]
# name 10 = longitude: Longitude [deg]
# name 11 = timeY: Time, System [seconds]
# name 12 = timeJ: Julian Days
# name 13 = sal00: Salinity [PSU]
# name 14 = flag: flag
# span 0 =     14.000,    404.000       
# span 1 =    -0.6711,     1.3474       
# span 2 =   2.782720,   2.992082       
# span 3 =    -0.6708,     1.3473       
# span 4 =   2.785099,   2.992377       
# span 5 =    4.98306,    7.57185       
# span 6 =    -0.1058,     0.3905       
# span 7 =    13.8155,    13.8155       
# span 8 = 5.0859e+01, 6.0393e+01       
# span 9 =  -60.61667,  -60.61667       
# span 10 =  -54.72050,  -54.72050      
# span 11 = 1153496647, 1153497309      
# span 12 = 202.655655, 202.663322      
# span 13 =    34.1147,    35.6918      
# span 14 = 0.0000e+00, 0.0000e+00      
# interval = decibars: 1                
# start_time = Jul 21 2006 15:44:25
# bad_flag = -9.990e-29
*END*
[from data line 97]
    110.000    -0.1014   2.849082    -0.1016   2.848905    6.68871     0.3687    13.8155 5.4155e+01  -60.61667  -54.72050 1153496921 202.658830    34.3247 0.0000e+00
    111.000    -0.0231   2.856318    -0.0180   2.856834    6.65713     0.3730    13.8155 5.2943e+01  -60.61667  -54.72050 1153496922 202.658841    34.3276 0.0000e+00
    112.000    -0.0191   2.856874    -0.0182   2.857327    6.63061     0.2936    13.8155 5.2678e+01  -60.61667  -54.72050 1153496923 202.658852    34.3298 0.0000e+00
    113.000    -0.0335   2.855684    -0.0334   2.856121    6.61141     0.2693    13.8155 5.3610e+01  -60.61667  -54.72050 1153496924 202.658864    34.3301 0.0000e+00
    114.000    -0.0457   2.854752    -0.0446   2.855180    6.60040     0.2511    13.8155 5.3006e+01  -60.61667  -54.72050 1153496925 202.658878    34.3312 0.0000e+00
    115.000    -0.0553   2.853931    -0.0553   2.854313    6.59860     0.2614    13.8155 5.2782e+01  -60.61667  -54.72050 1153496927 202.658901    34.3314 0.0000e+00
    116.000    -0.0569   2.853860    -0.0560   2.854319    6.60543     0.2757    13.8155 5.2460e+01  -60.61667  -54.72050 1153496929 202.658926    34.3317 0.0000e+00
    117.000    -0.0604   2.853614    -0.0597   2.854061    6.60387     0.2549    13.8155 5.3725e+01  -60.61667  -54.72050 1153496930 202.658938    34.3319 0.0000e+00
    118.000    -0.0712   2.852667    -0.0715   2.853110    6.61075     0.2437    13.8155 5.3864e+01  -60.61667  -54.72050 1153496931 202.658947    34.3309 0.0000e+00
    119.000    -0.0983   2.850338    -0.0992   2.850770    6.61772     0.2153    13.8155 5.3130e+01  -60.61667  -54.72050 1153496932 202.658958    34.3305 0.0000e+00
    120.000    -0.1504   2.845787    -0.1514   2.846250    6.63918     0.2464    13.8155 5.2578e+01  -60.61667  -54.72050 1153496934 202.658976    34.3295 0.0000e+00
    121.000    -0.1512   2.845943    -0.1498   2.846437    6.64952     0.2104    13.8155 5.3553e+01  -60.61667  -54.72050 1153496935 202.658992    34.3317 0.0000e+00
    122.000    -0.1348   2.847744    -0.1323   2.848212    6.64343     0.2236    13.8155 5.2397e+01  -60.61667  -54.72050 1153496936 202.659003    34.3362 0.0000e+00
    123.000    -0.1081   2.850379    -0.1082   2.850562    6.63801     0.2471    13.8155 5.2718e+01  -60.61667  -54.72050 1153496937 202.659012    34.3400 0.0000e+00
    124.000    -0.0912   2.851876    -0.0909   2.852264    6.63100     0.2346    13.8155 5.3121e+01  -60.61667  -54.72050 1153496938 202.659021    34.3388 0.0000e+00
    125.000    -0.0915   2.851931    -0.0902   2.852407    6.61972     0.2434    13.8155 5.2654e+01  -60.61667  -54.72050 1153496939 202.659035    34.3394 0.0000e+00
    126.000    -0.1006   2.851114    -0.0923   2.852193    6.61941     0.2020    13.8155 5.2871e+01  -60.61667  -54.72050 1153496941 202.659064    34.3385 0.0000e+00
    127.000    -0.0937   2.851869    -0.0944   2.852134    6.62063     0.1671    13.8155 5.2453e+01  -60.61667  -54.72050 1153496943 202.659086    34.3399 0.0000e+00
    128.000    -0.1041   2.851021    -0.1033   2.851510    6.62570     0.1586    13.8155 5.2801e+01  -60.61667  -54.72050 1153496944 202.659099    34.3400 0.0000e+00
    129.000    -0.1108   2.850571    -0.1082   2.851183    6.62775     0.1767    13.8155 5.3584e+01  -60.61667  -54.72050 1153496945 202.659110    34.3410 0.0000e+00
    130.000    -0.1163   2.850167    -0.1157   2.850647    6.63040     0.1709    13.8155 5.2387e+01  -60.61667  -54.72050 1153496946 202.659119    34.3414 0.0000e+00
    131.000    -0.1204   2.850048    -0.1191   2.850542    6.62729     0.1625    13.8155 5.3038e+01  -60.61667  -54.72050 1153496947 202.659129    34.3441 0.0000e+00
    132.000    -0.1184   2.850335    -0.1174   2.850789    6.62351     0.1984    13.8155 5.2832e+01  -60.61667  -54.72050 1153496948 202.659141    34.3449 0.0000e+00
    133.000    -0.1083   2.851348    -0.1077   2.851740    6.61869     0.1634    13.8155 5.2606e+01  -60.61667  -54.72050 1153496949 202.659155    34.3461 0.0000e+00
    134.000    -0.1021   2.851970    -0.1011   2.852430    6.61258     0.1584    13.8155 5.2915e+01  -60.61667  -54.72050 1153496951 202.659174    34.3465 0.0000e+00
    135.000    -0.0912   2.853058    -0.0893   2.853539    6.59283     0.1311    13.8155 5.4296e+01  -60.61667  -54.72050 1153496953 202.659194    34.3479 0.0000e+00
    136.000    -0.0822   2.853929    -0.0804   2.854434    6.56500     0.1048    13.8155 5.3241e+01  -60.61667  -54.72050 1153496954 202.659212    34.3484 0.0000e+00
    137.000    -0.0728   2.854888    -0.0675   2.855703    6.55327     0.0979    13.8155 5.4163e+01  -60.61667  -54.72050 1153496955 202.659226    34.3500 0.0000e+00
    138.000    -0.0656   2.855577    -0.0681   2.855698    6.52897     0.0969    13.8155 5.3463e+01  -60.61667  -54.72050 1153496956 202.659237    34.3501 0.0000e+00
    139.000    -0.0032   2.861766     0.0035   2.862182    6.48196     0.0790    13.8155 5.2555e+01  -60.61667  -54.72050 1153496957 202.659249    34.3613 0.0000e+00
    140.000     0.0952   2.870933     0.1018   2.871355    6.42789     0.0595    13.8155 5.4109e+01  -60.61667  -54.72050 1153496958 202.659260    34.3687 0.0000e+00
    141.000     0.1816   2.878928     0.1841   2.879219    6.37504     0.0527    13.8155 5.2650e+01  -60.61667  -54.72050 1153496959 202.659273    34.3738 0.0000e+00
    142.000     0.1916   2.879877     0.1921   2.880141    6.32192     0.0456    13.8155 5.3105e+01  -60.61667  -54.72050 1153496961 202.659292    34.3753 0.0000e+00
    143.000     0.1978   2.880494     0.1982   2.880757    6.28185     0.0103    13.8155 5.2634e+01  -60.61667  -54.72050 1153496963 202.659314    34.3774 0.0000e+00
    144.000     0.2044   2.881123     0.2054   2.881474    6.26778     0.0001    13.8155 5.4282e+01  -60.61667  -54.72050 1153496964 202.659328    34.3782 0.0000e+00
    145.000     0.2077   2.881482     0.2095   2.881896    6.25527    -0.0126    13.8155 5.3801e+01  -60.61667  -54.72050 1153496965 202.659339    34.3791 0.0000e+00
    146.000     0.2134   2.882027     0.2136   2.882314    6.24497    -0.0178    13.8155 5.2509e+01  -60.61667  -54.72050 1153496966 202.659349    34.3795 0.0000e+00
    147.000     0.2202   2.882735     0.2218   2.883100    6.23440    -0.0197    13.8155 5.3697e+01  -60.61667  -54.72050 1153496967 202.659359    34.3810 0.0000e+00
    148.000     0.2290   2.883500     0.2308   2.883947    6.22308    -0.0224    13.8155 5.3050e+01  -60.61667  -54.72050 1153496968 202.659375    34.3808 0.0000e+00
    149.000     0.2358   2.884176     0.2384   2.884666    6.20805    -0.0268    13.8155 5.3079e+01  -60.61667  -54.72050 1153496970 202.659398    34.3821 0.0000e+00
    150.000     0.2397   2.884551     0.2394   2.884816    6.19908    -0.0263    13.8155 5.4529e+01  -60.61667  -54.72050 1153496972 202.659415    34.3824 0.0000e+00
    151.000     0.2414   2.884759     0.2412   2.885015    6.19072    -0.0279    13.8155 5.2816e+01  -60.61667  -54.72050 1153496973 202.659427    34.3830 0.0000e+00
    152.000     0.2503   2.885638     0.2568   2.886468    6.18141    -0.0412    13.8155 5.1950e+01  -60.61667  -54.72050 1153496974 202.659439    34.3841 0.0000e+00
    153.000     0.2658   2.887098     0.2679   2.887538    6.16685    -0.0287    13.8155 5.3388e+01  -60.61667  -54.72050 1153496975 202.659451    34.3850 0.0000e+00
    154.000     0.2881   2.889252     0.2900   2.889612    6.15431    -0.0359    13.8155 5.3218e+01  -60.61667  -54.72050 1153496976 202.659462    34.3876 0.0000e+00
    155.000     0.2998   2.890381     0.3051   2.891061    6.13641    -0.0391    13.8155 5.2462e+01  -60.61667  -54.72050 1153496977 202.659472    34.3887 0.0000e+00
    156.000     0.3082   2.891176     0.3123   2.891804    6.12110    -0.0280    13.8155 5.3452e+01  -60.61667  -54.72050 1153496978 202.659489    34.3891 0.0000e+00
    157.000     0.2962   2.890155     0.3161   2.892129    6.10407    -0.0487    13.8155 5.3742e+01  -60.61667  -54.72050 1153496981 202.659520    34.3900 0.0000e+00
    158.000     0.3654   2.896695     0.3668   2.896975    6.08546    -0.0636    13.8155 5.3796e+01  -60.61667  -54.72050 1153496982 202.659536    34.3959 0.0000e+00
    159.000     0.3656   2.896706     0.3666   2.897077    6.07406    -0.0419    13.8155 5.2205e+01  -60.61667  -54.72050 1153496983 202.659547    34.3952 0.0000e+00
    160.000     0.3669   2.896870     0.3667   2.897156    6.06376    -0.0484    13.8155 5.2417e+01  -60.61667  -54.72050 1153496984 202.659557    34.3958 0.0000e+00
    161.000     0.3599   2.896330     0.3616   2.896754    6.05489    -0.0420    13.8155 5.3675e+01  -60.61667  -54.72050 1153496985 202.659567    34.3964 0.0000e+00
    162.000     0.3577   2.896145     0.3591   2.896576    6.05160    -0.0503    13.8155 5.3962e+01  -60.61667  -54.72050 1153496986 202.659577    34.3960 0.0000e+00
    163.000     0.3502   2.895548     0.3505   2.895859    6.04269    -0.0574    13.8155 5.3087e+01  -60.61667  -54.72050 1153496987 202.659590    34.3965 0.0000e+00
    164.000     0.3834   2.898746     0.3797   2.898478    6.02074    -0.0588    13.8155 5.3535e+01  -60.61667  -54.72050 1153496989 202.659613    34.4001 0.0000e+00
    165.000     0.4032   2.900642     0.4042   2.900999    5.99806    -0.0623    13.8155 5.3095e+01  -60.61667  -54.72050 1153496991 202.659634    34.4021 0.0000e+00
    166.000     0.4004   2.900485     0.4017   2.900889    5.98276    -0.0719    13.8155 5.3145e+01  -60.61667  -54.72050 1153496992 202.659646    34.4028 0.0000e+00
    167.000     0.4064   2.901126     0.4078   2.901509    5.96152    -0.0706    13.8155 5.3059e+01  -60.61667  -54.72050 1153496993 202.659657    34.4042 0.0000e+00
    168.000     0.4166   2.902176     0.4182   2.902521    5.93524    -0.0577    13.8155 5.3522e+01  -60.61667  -54.72050 1153496994 202.659671    34.4059 0.0000e+00
    169.000     0.4496   2.905341     0.4521   2.905679    5.89874    -0.0650    13.8155 5.3531e+01  -60.61667  -54.72050 1153496995 202.659687    34.4096 0.0000e+00
    170.000     0.5113   2.911301     0.5097   2.911014    5.86087    -0.0625    13.8155 5.2398e+01  -60.61667  -54.72050 1153496996 202.659701    34.4174 0.0000e+00
    171.000     0.6056   2.920251     0.6093   2.920302    5.80547    -0.0515    13.8155 5.2932e+01  -60.61667  -54.72050 1153496997 202.659711    34.4261 0.0000e+00
    172.000     0.6827   2.927373     0.6859   2.927584    5.73551    -0.0661    13.8155 5.3267e+01  -60.61667  -54.72050 1153496998 202.659722    34.4301 0.0000e+00
    173.000     0.6547   2.924788     0.6441   2.924008    5.66593    -0.0661    13.8155 5.2886e+01  -60.61667  -54.72050 1153497001 202.659750    34.4300 0.0000e+00
    174.000     0.7795   2.936840     0.7821   2.936662    5.57845    -0.0636    13.8155 5.2589e+01  -60.61667  -54.72050 1153497002 202.659772    34.4456 0.0000e+00
    175.000     0.8520   2.943644     0.8537   2.943672    5.52687    -0.0687    13.8155 5.2600e+01  -60.61667  -54.72050 1153497003 202.659782    34.4505 0.0000e+00
    176.000     0.9025   2.948610     0.9015   2.948264    5.48265    -0.0712    13.8155 5.2600e+01  -60.61667  -54.72050 1153497004 202.659791    34.4581 0.0000e+00
    177.000     0.9576   2.953800     0.9616   2.954003    5.43708    -0.0741    13.8155 5.3713e+01  -60.61667  -54.72050 1153497005 202.659800    34.4622 0.0000e+00
    178.000     0.9896   2.956739     0.9908   2.956894    5.39533    -0.0673    13.8155 5.3227e+01  -60.61667  -54.72050 1153497006 202.659810    34.4637 0.0000e+00
    179.000     1.0218   2.959902     1.0242   2.960118    5.35658    -0.0587    13.8155 5.2737e+01  -60.61667  -54.72050 1153497007 202.659823    34.4688 0.0000e+00
    180.000     1.0265   2.960413     1.0267   2.960520    5.31754    -0.0704    13.8155 5.3248e+01  -60.61667  -54.72050 1153497009 202.659842    34.4712 0.0000e+00
    181.000     1.0145   2.959317     1.0124   2.959399    5.28019    -0.0759    13.8155 5.2636e+01  -60.61667  -54.72050 1153497011 202.659867    34.4718 0.0000e+00
    182.000     0.9692   2.955259     0.9690   2.955472    5.27467    -0.0783    13.8155 5.3248e+01  -60.61667  -54.72050 1153497012 202.659887    34.4721 0.0000e+00
    183.000     0.9731   2.955774     0.9792   2.956404    5.26659    -0.0737    13.8155 5.2788e+01  -60.61667  -54.72050 1153497014 202.659902    34.4746 0.0000e+00
    184.000     1.1081   2.968934     1.1075   2.968320    5.19534    -0.0773    13.8155 5.3962e+01  -60.61667  -54.72050 1153497015 202.659914    34.4921 0.0000e+00
    185.000     1.1886   2.976729     1.2143   2.978309    5.14950    -0.0755    13.8155 5.3334e+01  -60.61667  -54.72050 1153497016 202.659924    34.5019 0.0000e+00
    186.000     1.3364   2.990179     1.3432   2.990691    5.13192    -0.0696    13.8155 5.3524e+01  -60.61667  -54.72050 1153497016 202.659933    34.5031 0.0000e+00
    187.000     1.2827   2.984543     1.2761   2.985004    5.13294    -0.0803    13.8155 5.2309e+01  -60.61667  -54.72050 1153497017 202.659942    34.4951 0.0000e+00
    188.000     1.0947   2.967912     1.0974   2.968560    5.13626    -0.0707    13.8155 5.2937e+01  -60.61667  -54.72050 1153497018 202.659952    34.4934 0.0000e+00
    189.000     1.1018   2.968645     1.0973   2.968400    5.13306    -0.0709    13.8155 5.3400e+01  -60.61667  -54.72050 1153497019 202.659967    34.4946 0.0000e+00
    190.000     1.1652   2.974239     1.1607   2.974229    5.10407    -0.0804    13.8155 5.3912e+01  -60.61667  -54.72050 1153497022 202.660001    34.4944 0.0000e+00
    191.000     1.1555   2.973952     1.1636   2.974523    5.06246    -0.0760    13.8155 5.3777e+01  -60.61667  -54.72050 1153497024 202.660017    34.5033 0.0000e+00
    192.000     1.2596   2.983835     1.2618   2.983785    5.03368    -0.0779    13.8155 5.3159e+01  -60.61667  -54.72050 1153497025 202.660029    34.5112 0.0000e+00
    193.000     1.2979   2.987289     1.2997   2.987547    5.01576    -0.0645    13.8155 5.4369e+01  -60.61667  -54.72050 1153497026 202.660040    34.5109 0.0000e+00
    194.000     1.2985   2.987433     1.2989   2.987558    4.98989    -0.0852    13.8155 5.3197e+01  -60.61667  -54.72050 1153497027 202.660053    34.5124 0.0000e+00
    195.000     1.3430   2.991781     1.3463   2.992035    4.98306    -0.0686    13.8155 5.3474e+01  -60.61667  -54.72050 1153497028 202.660066    34.5183 0.0000e+00
    196.000     1.3474   2.992082     1.3473   2.992377    5.00789    -0.0829    13.8155 5.3064e+01  -60.61667  -54.72050 1153497029 202.660081    34.5163 0.0000e+00
    197.000     1.2674   2.984675     1.2711   2.985449    5.06061    -0.0721    13.8155 5.2597e+01  -60.61667  -54.72050 1153497031 202.660098    34.5125 0.0000e+00
    198.000     1.2159   2.979711     1.2172   2.980543    5.14868    -0.0634    13.8155 5.2600e+01  -60.61667  -54.72050 1153497032 202.660113    34.5058 0.0000e+00
    199.000     0.9825   2.957860     0.9723   2.958297    5.23465    -0.0744    13.8155 5.2600e+01  -60.61667  -54.72050 1153497033 202.660125    34.4882 0.0000e+00
    200.000     0.8655   2.947505     0.8739   2.949036    5.30390    -0.0531    13.8155 5.2600e+01  -60.61667  -54.72050 1153497034 202.660135    34.4892 0.0000e+00
    201.000     0.7195   2.933556     0.7042   2.933708    5.36699    -0.0581    13.8155 5.2600e+01  -60.61667  -54.72050 1153497035 202.660145    34.4705 0.0000e+00
    202.000     0.5944   2.922484     0.5847   2.922704    5.50479    -0.0666    13.8155 5.2600e+01  -60.61667  -54.72050 1153497036 202.660157    34.4689 0.0000e+00
    203.000     0.5638   2.920308     0.6251   2.925975    5.61187    -0.0713    13.8155 5.2995e+01  -60.61667  -54.72050 1153497038 202.660187    34.4682 0.0000e+00
    204.000     0.4968   2.914270     0.5144   2.916735    5.67063    -0.0696    13.8155 5.2463e+01  -60.61667  -54.72050 1153497040 202.660210    34.4659 0.0000e+00
