product_data/regression_test/downloaded_data/MGDS/320620060703/ctd/adapted/heads_insert_p6609304.cnv
* Sea-Bird SBE 9 Data File:
* FileName = D:\Data\Raw\P6609304.dat
* Software Version Seasave Win32 V 5.32
* Temperature SN = 1649
* Conductivity SN = 1431
* Number of Bytes Per Scan = 37
* Number of Voltage Words = 5
* Number of Scans Averaged by the Deck Unit = 1
* NMEA Latitude = 61 07.50 S
* NMEA Longitude = 058 05.51 W
* NMEA UTC (Time) = 02:17:40
** Ship:   Nathaniel B. Palmer nbp
** Cruise:    NBP0603 nbp0606
** Cast #: 01
** Station:   93
** Operator: yz
# nquan = 15
# nvalues = 298                         
# units = specified
# name 0 = prDM: Pressure, Digiquartz [db]
# name 1 = t090C: Temperature [ITS-90, deg C]
# name 2 = c0S/m: Conductivity [S/m]
# name 3 = t190C: Temperature, 2 [ITS-90, deg C]
# name 4 = c1S/m: Conductivity, 2 [S/m]
# name 5 = sbeox0ML/L: Oxygen, SBE 43 [ml/l]
# name 6 = flECO-AFL: Fluorescence, Wetlab ECO-AFL/FL [mg/m^3]
# name 7 = bat: Beam Attenuation, Chelsea/Seatech/Wetlab CStar [1/m]
# name 8 = spar: SPAR/Surface Irradiance
# name 9 = latitude: Latitude [deg]
# name 10 = longitude: Longitude [deg]
# name 11 = timeY: Time, System [seconds]
# name 12 = timeJ: Julian Days
# name 13 = sal00: Salinity [PSU]
# name 14 = flag: flag
# span 0 =      5.000,    302.000       
# span 1 =    -0.7700,     1.9398       
# span 2 =   2.762957,   3.057968       
# span 3 =    -0.7685,     1.9416       
# span 4 =   2.763468,   3.058144       
# span 5 =    4.33011,    7.99410       
# span 6 =    -0.0854,     0.2391       
# span 7 =    13.8155,    13.8155       
# span 8 = 0.0000e+00, 0.0000e+00       
# span 9 =  -61.12500,  -61.12500       
# span 10 =  -58.09183,  -58.09183      
# span 11 = 1152584268, 1152584829      
# span 12 = 192.095684, 192.102212      
# span 13 =    33.9516,    34.6478      
# span 14 = 0.0000e+00, 0.0000e+00      
# interval = decibars: 1                
# start_time = Jul 11 2006 02:17:48
# bad_flag = -9.990e-29
*END*
Pressure	Temperature	Conductivity	Temperature2	Conductivity2	Oxygen	Fluorescence	Beam Attenuation	SPAR	latitude	longitude	timeY	timeJ	Salinity	flag
      5.000    -0.7318   2.763838    -0.7321   2.764389    7.92112     0.1682    13.8155 0.0000e+00  -61.12500  -58.09183 1152584268 192.095684    33.9520 0.0000e+00
      6.000    -0.7332   2.763763    -0.7330   2.764352    7.92022     0.1976    13.8155 0.0000e+00  -61.12500  -58.09183 1152584268 192.095713    33.9519 0.0000e+00
      7.000    -0.7330   2.763863    -0.7330   2.764409    7.93079     0.1949    13.8155 0.0000e+00  -61.12500  -58.09183 1152584274 192.095789    33.9524 0.0000e+00
      8.000    -0.7315   2.764005    -0.7311   2.764583    7.93479     0.2089    13.8155 0.0000e+00  -61.12500  -58.09183 1152584278 192.095832    33.9520 0.0000e+00
      9.000    -0.7314   2.764072    -0.7313   2.764619    7.94604     0.2040    13.8155 0.0000e+00  -61.12500  -58.09183 1152584284 192.095908    33.9522 0.0000e+00
     10.000    -0.7339   2.763908    -0.7333   2.764485    7.94684     0.2115    13.8155 0.0000e+00  -61.12500  -58.09183 1152584286 192.095926    33.9523 0.0000e+00
     11.000    -0.7337   2.763966    -0.7336   2.764507    7.94734     0.2229    13.8155 0.0000e+00  -61.12500  -58.09183 1152584290 192.095974    33.9522 0.0000e+00
     12.000    -0.7328   2.764108    -0.7324   2.764647    7.94763     0.2168    13.8155 0.0000e+00  -61.12500  -58.09183 1152584298 192.096071    33.9524 0.0000e+00
     13.000    -0.7326   2.764194    -0.7320   2.764734    7.95187     0.1964    13.8155 0.0000e+00  -61.12500  -58.09183 1152584303 192.096127    33.9528 0.0000e+00
     14.000    -0.7317   2.764331    -0.7309   2.764878    7.95503     0.2060    13.8155 0.0000e+00  -61.12500  -58.09183 1152584309 192.096197    33.9529 0.0000e+00
     15.000    -0.7311   2.764433    -0.7306   2.764951    7.95591     0.1846    13.8155 0.0000e+00  -61.12500  -58.09183 1152584312 192.096228    33.9531 0.0000e+00
     16.000    -0.7318   2.764408    -0.7312   2.764932    7.95736     0.1864    13.8155 0.0000e+00  -61.12500  -58.09183 1152584313 192.096244    33.9530 0.0000e+00
     17.000    -0.7309   2.764542    -0.7304   2.765040    7.96132     0.2038    13.8155 0.0000e+00  -61.12500  -58.09183 1152584315 192.096259    33.9530 0.0000e+00
     18.000    -0.7314   2.764538    -0.7308   2.765054    7.95849     0.1989    13.8155 0.0000e+00  -61.12500  -58.09183 1152584319 192.096310    33.9530 0.0000e+00
     19.000    -0.7315   2.764577    -0.7309   2.765088    7.96054     0.1984    13.8155 0.0000e+00  -61.12500  -58.09183 1152584321 192.096338    33.9530 0.0000e+00
     20.000    -0.7316   2.764628    -0.7310   2.765122    7.96210     0.1887    13.8155 0.0000e+00  -61.12500  -58.09183 1152584323 192.096354    33.9532 0.0000e+00
     21.000    -0.7323   2.764611    -0.7321   2.765068    7.96323     0.1990    13.8155 0.0000e+00  -61.12500  -58.09183 1152584325 192.096376    33.9531 0.0000e+00
     22.000    -0.7345   2.764475    -0.7334   2.765004    7.96141     0.1812    13.8155 0.0000e+00  -61.12500  -58.09183 1152584327 192.096405    33.9532 0.0000e+00
     23.000    -0.7323   2.764715    -0.7311   2.765254    7.96578     0.1924    13.8155 0.0000e+00  -61.12500  -58.09183 1152584329 192.096428    33.9532 0.0000e+00
     24.000    -0.7332   2.764676    -0.7326   2.765173    7.96346     0.1851    13.8155 0.0000e+00  -61.12500  -58.09183 1152584331 192.096446    33.9531 0.0000e+00
     25.000    -0.7372   2.764356    -0.7370   2.764832    7.96325     0.1994    13.8155 0.0000e+00  -61.12500  -58.09183 1152584332 192.096467    33.9528 0.0000e+00
     26.000    -0.7356   2.764568    -0.7331   2.765206    7.97134     0.2051    13.8155 0.0000e+00  -61.12500  -58.09183 1152584337 192.096519    33.9532 0.0000e+00
     27.000    -0.7317   2.764942    -0.7312   2.765434    7.97790     0.1860    13.8155 0.0000e+00  -61.12500  -58.09183 1152584339 192.096542    33.9531 0.0000e+00
     28.000    -0.7326   2.764928    -0.7319   2.765415    7.97894     0.1826    13.8155 0.0000e+00  -61.12500  -58.09183 1152584340 192.096554    33.9533 0.0000e+00
     29.000    -0.7325   2.764980    -0.7319   2.765448    7.97628     0.1951    13.8155 0.0000e+00  -61.12500  -58.09183 1152584341 192.096567    33.9533 0.0000e+00
     30.000    -0.7308   2.765173    -0.7302   2.765642    7.97190     0.1859    13.8155 0.0000e+00  -61.12500  -58.09183 1152584343 192.096593    33.9533 0.0000e+00
     31.000    -0.7314   2.765170    -0.7306   2.765640    7.97129     0.2019    13.8155 0.0000e+00  -61.12500  -58.09183 1152584346 192.096623    33.9534 0.0000e+00
     32.000    -0.7311   2.765253    -0.7298   2.765765    7.96948     0.1945    13.8155 0.0000e+00  -61.12500  -58.09183 1152584349 192.096658    33.9536 0.0000e+00
     33.000    -0.7310   2.765308    -0.7299   2.765816    7.96634     0.1956    13.8155 0.0000e+00  -61.12500  -58.09183 1152584351 192.096679    33.9536 0.0000e+00
     34.000    -0.7310   2.765353    -0.7310   2.765758    7.96513     0.1982    13.8155 0.0000e+00  -61.12500  -58.09183 1152584352 192.096695    33.9535 0.0000e+00
     35.000    -0.7316   2.765341    -0.7307   2.765822    7.96504     0.2070    13.8155 0.0000e+00  -61.12500  -58.09183 1152584355 192.096728    33.9536 0.0000e+00
     36.000    -0.7404   2.764597    -0.7405   2.765050    7.96817     0.1879    13.8155 0.0000e+00  -61.12500  -58.09183 1152584358 192.096759    33.9529 0.0000e+00
     37.000    -0.7527   2.763540    -0.7538   2.763875    7.97462     0.1953    13.8155 0.0000e+00  -61.12500  -58.09183 1152584359 192.096779    33.9522 0.0000e+00
     38.000    -0.7599   2.762957    -0.7587   2.763468    7.97569     0.1954    13.8155 0.0000e+00  -61.12500  -58.09183 1152584361 192.096793    33.9520 0.0000e+00
     39.000    -0.7603   2.762964    -0.7589   2.763476    7.97780     0.1937    13.8155 0.0000e+00  -61.12500  -58.09183 1152584362 192.096810    33.9518 0.0000e+00
     40.000    -0.7476   2.764162    -0.7444   2.764820    7.97818     0.1949    13.8155 0.0000e+00  -61.12500  -58.09183 1152584365 192.096842    33.9526 0.0000e+00
     41.000    -0.7425   2.764640    -0.7439   2.764934    7.97978     0.1948    13.8155 0.0000e+00  -61.12500  -58.09183 1152584369 192.096889    33.9524 0.0000e+00
     42.000    -0.7523   2.763841    -0.7523   2.764228    7.98549     0.1989    13.8155 0.0000e+00  -61.12500  -58.09183 1152584371 192.096912    33.9522 0.0000e+00
     43.000    -0.7522   2.763901    -0.7514   2.764359    7.98253     0.1847    13.8155 0.0000e+00  -61.12500  -58.09183 1152584372 192.096921    33.9525 0.0000e+00
     44.000    -0.7512   2.764028    -0.7490   2.764601    7.98182     0.1896    13.8155 0.0000e+00  -61.12500  -58.09183 1152584373 192.096930    33.9524 0.0000e+00
     45.000    -0.7487   2.764300    -0.7478   2.764751    7.97890     0.2017    13.8155 0.0000e+00  -61.12500  -58.09183 1152584375 192.096957    33.9526 0.0000e+00
     46.000    -0.7465   2.764551    -0.7453   2.765022    7.97895     0.1946    13.8155 0.0000e+00  -61.12500  -58.09183 1152584378 192.096997    33.9527 0.0000e+00
     47.000    -0.7455   2.764665    -0.7442   2.765135    7.98182     0.2031    13.8155 0.0000e+00  -61.12500  -58.09183 1152584380 192.097015    33.9526 0.0000e+00
     48.000    -0.7459   2.764684    -0.7454   2.765115    7.98014     0.2040    13.8155 0.0000e+00  -61.12500  -58.09183 1152584383 192.097052    33.9526 0.0000e+00
     49.000    -0.7502   2.764355    -0.7501   2.764741    7.98379     0.2027    13.8155 0.0000e+00  -61.12500  -58.09183 1152584385 192.097073    33.9526 0.0000e+00
     50.000    -0.7513   2.764299    -0.7487   2.764889    7.99036     0.1961    13.8155 0.0000e+00  -61.12500  -58.09183 1152584387 192.097096    33.9525 0.0000e+00
     51.000    -0.7465   2.764781    -0.7462   2.765180    7.99142     0.1912    13.8155 0.0000e+00  -61.12500  -58.09183 1152584389 192.097125    33.9527 0.0000e+00
     52.000    -0.7583   2.763773    -0.7582   2.764164    7.99009     0.1917    13.8155 0.0000e+00  -61.12500  -58.09183 1152584391 192.097139    33.9521 0.0000e+00
     53.000    -0.7652   2.763217    -0.7652   2.763607    7.98984     0.1931    13.8155 0.0000e+00  -61.12500  -58.09183 1152584392 192.097153    33.9519 0.0000e+00
     54.000    -0.7636   2.763396    -0.7633   2.763787    7.98569     0.2187    13.8155 0.0000e+00  -61.12500  -58.09183 1152584395 192.097195    33.9516 0.0000e+00
     55.000    -0.7648   2.763356    -0.7632   2.763844    7.98634     0.1914    13.8155 0.0000e+00  -61.12500  -58.09183 1152584398 192.097226    33.9519 0.0000e+00
     56.000    -0.7667   2.763230    -0.7668   2.763595    7.98881     0.1999    13.8155 0.0000e+00  -61.12500  -58.09183 1152584399 192.097242    33.9516 0.0000e+00
     57.000    -0.7700   2.763007    -0.7685   2.763492    7.98792     0.1992    13.8155 0.0000e+00  -61.12500  -58.09183 1152584401 192.097261    33.9518 0.0000e+00
     58.000    -0.7676   2.763272    -0.7674   2.763615    7.98574     0.1950    13.8155 0.0000e+00  -61.12500  -58.09183 1152584404 192.097292    33.9520 0.0000e+00
     59.000    -0.7629   2.763703    -0.7619   2.764133    7.98647     0.1938    13.8155 0.0000e+00  -61.12500  -58.09183 1152584406 192.097313    33.9517 0.0000e+00
     60.000    -0.7620   2.763831    -0.7610   2.764257    7.98726     0.1944    13.8155 0.0000e+00  -61.12500  -58.09183 1152584408 192.097346    33.9518 0.0000e+00
     61.000    -0.7624   2.763868    -0.7612   2.764307    7.98455     0.1906    13.8155 0.0000e+00  -61.12500  -58.09183 1152584410 192.097367    33.9521 0.0000e+00
     62.000    -0.7610   2.764020    -0.7605   2.764390    7.98436     0.1974    13.8155 0.0000e+00  -61.12500  -58.09183 1152584411 192.097379    33.9519 0.0000e+00
     63.000    -0.7635   2.763863    -0.7622   2.764306    7.98876     0.1996    13.8155 0.0000e+00  -61.12500  -58.09183 1152584413 192.097404    33.9521 0.0000e+00
     64.000    -0.7632   2.763946    -0.7620   2.764383    7.99410     0.2011    13.8155 0.0000e+00  -61.12500  -58.09183 1152584417 192.097448    33.9522 0.0000e+00
     65.000    -0.7586   2.764402    -0.7568   2.764925    7.99207     0.2004    13.8155 0.0000e+00  -61.12500  -58.09183 1152584418 192.097460    33.9525 0.0000e+00
     66.000    -0.7597   2.764314    -0.7585   2.764762    7.99187     0.2174    13.8155 0.0000e+00  -61.12500  -58.09183 1152584421 192.097490    33.9522 0.0000e+00
     67.000    -0.7600   2.764351    -0.7590   2.764756    7.99082     0.2209    13.8155 0.0000e+00  -61.12500  -58.09183 1152584424 192.097524    33.9523 0.0000e+00
     68.000    -0.7601   2.764376    -0.7591   2.764800    7.98643     0.2101    13.8155 0.0000e+00  -61.12500  -58.09183 1152584425 192.097534    33.9521 0.0000e+00
     69.000    -0.7602   2.764406    -0.7592   2.764824    7.98234     0.2072    13.8155 0.0000e+00  -61.12500  -58.09183 1152584426 192.097545    33.9520 0.0000e+00
     70.000    -0.7604   2.764447    -0.7595   2.764850    7.98192     0.2391    13.8155 0.0000e+00  -61.12500  -58.09183 1152584428 192.097574    33.9521 0.0000e+00
     71.000    -0.7599   2.764535    -0.7588   2.764945    7.97732     0.2126    13.8155 0.0000e+00  -61.12500  -58.09183 1152584433 192.097626    33.9522 0.0000e+00
     72.000    -0.7598   2.764579    -0.7586   2.765011    7.98139     0.2208    13.8155 0.0000e+00  -61.12500  -58.09183 1152584434 192.097645    33.9520 0.0000e+00
     73.000    -0.7601   2.764603    -0.7591   2.765026    7.97720     0.1938    13.8155 0.0000e+00  -61.12500  -58.09183 1152584436 192.097662    33.9522 0.0000e+00
     74.000    -0.7232   2.768296    -0.7196   2.768968    7.97189     0.2066    13.8155 0.0000e+00  -61.12500  -58.09183 1152584437 192.097679    33.9584 0.0000e+00
     75.000    -0.7233   2.768387    -0.7224   2.768766    7.96200     0.1982    13.8155 0.0000e+00  -61.12500  -58.09183 1152584439 192.097698    33.9597 0.0000e+00
     76.000    -0.7212   2.768628    -0.7213   2.768909    7.95017     0.1957    13.8155 0.0000e+00  -61.12500  -58.09183 1152584440 192.097717    33.9601 0.0000e+00
     77.000    -0.7214   2.768667    -0.7191   2.769127    7.95000     0.2047    13.8155 0.0000e+00  -61.12500  -58.09183 1152584445 192.097765    33.9606 0.0000e+00
     78.000    -0.7175   2.769024    -0.7180   2.769308    7.95957     0.1987    13.8155 0.0000e+00  -61.12500  -58.09183 1152584448 192.097800    33.9604 0.0000e+00
     79.000    -0.7327   2.767619    -0.7327   2.767984    7.95867     0.1990    13.8155 0.0000e+00  -61.12500  -58.09183 1152584449 192.097813    33.9583 0.0000e+00
     80.000    -0.7355   2.767441    -0.7346   2.767814    7.95961     0.2010    13.8155 0.0000e+00  -61.12500  -58.09183 1152584450 192.097826    33.9588 0.0000e+00
     81.000    -0.7333   2.767681    -0.7334   2.767976    7.95954     0.2053    13.8155 0.0000e+00  -61.12500  -58.09183 1152584451 192.097840    33.9586 0.0000e+00
     82.000    -0.7299   2.768050    -0.7278   2.768513    7.95870     0.2012    13.8155 0.0000e+00  -61.12500  -58.09183 1152584453 192.097861    33.9592 0.0000e+00
     83.000    -0.7224   2.768804    -0.7194   2.769355    7.94577     0.2286    13.8155 0.0000e+00  -61.12500  -58.09183 1152584458 192.097917    33.9603 0.0000e+00
     84.000    -0.7001   2.771003    -0.6989   2.771375    7.92971     0.1925    13.8155 0.0000e+00  -61.12500  -58.09183 1152584461 192.097956    33.9636 0.0000e+00
     85.000    -0.6996   2.771127    -0.6986   2.771516    7.92654     0.1744    13.8155 0.0000e+00  -61.12500  -58.09183 1152584462 192.097965    33.9642 0.0000e+00
     86.000    -0.6989   2.771254    -0.6979   2.771633    7.91929     0.1863    13.8155 0.0000e+00  -61.12500  -58.09183 1152584463 192.097974    33.9646 0.0000e+00
     87.000    -0.6790   2.773930    -0.6778   2.774091    7.90580     0.1943    13.8155 0.0000e+00  -61.12500  -58.09183 1152584463 192.097983    33.9781 0.0000e+00
     88.000    -0.6321   2.779114    -0.6302   2.779310    7.88310     0.1927    13.8155 0.0000e+00  -61.12500  -58.09183 1152584464 192.097992    33.9932 0.0000e+00
     89.000    -0.6168   2.780616    -0.6145   2.781062    7.85641     0.1883    13.8155 0.0000e+00  -61.12500  -58.09183 1152584466 192.098018    33.9946 0.0000e+00
     90.000    -0.6745   2.774414    -0.6556   2.776621    7.82155     0.2040    13.8155 0.0000e+00  -61.12500  -58.09183 1152584473 192.098100    33.9788 0.0000e+00
     91.000    -0.6002   2.782633    -0.5940   2.783415    7.79055     0.1796    13.8155 0.0000e+00  -61.12500  -58.09183 1152584474 192.098104    34.0018 0.0000e+00
     92.000    -0.4653   2.796193    -0.4662   2.796299    7.75646     0.1897    13.8155 0.0000e+00  -61.12500  -58.09183 1152584474 192.098111    34.0285 0.0000e+00
     93.000    -0.4628   2.796460    -0.4627   2.796669    7.73124     0.1479    13.8155 0.0000e+00  -61.12500  -58.09183 1152584475 192.098117    34.0284 0.0000e+00
     94.000    -0.4704   2.795814    -0.4671   2.796420    7.68804     0.1931    13.8155 0.0000e+00  -61.12500  -58.09183 1152584477 192.098144    34.0288 0.0000e+00
     95.000    -0.5275   2.789898    -0.5200   2.790911    7.60465     0.1695    13.8155 0.0000e+00  -61.12500  -58.09183 1152584484 192.098226    34.0179 0.0000e+00
     96.000    -0.5183   2.791306    -0.5186   2.791252    7.58069     0.1842    13.8155 0.0000e+00  -61.12500  -58.09183 1152584485 192.098231    34.0272 0.0000e+00
     97.000    -0.3877   2.805598    -0.4026   2.803291    7.54824     0.1691    13.8155 0.0000e+00  -61.12500  -58.09183 1152584485 192.098237    34.0696 0.0000e+00
     98.000    -0.3197   2.811658    -0.3188   2.811734    7.52154     0.1733    13.8155 0.0000e+00  -61.12500  -58.09183 1152584486 192.098244    34.0683 0.0000e+00
     99.000    -0.3149   2.812066    -0.3146   2.812216    7.48737     0.1710    13.8155 0.0000e+00  -61.12500  -58.09183 1152584487 192.098258    34.0682 0.0000e+00
