product_data/regression_test/downloaded_data/MGDS/320620060703/ctd/adapted/heads_insert_p6619605.cnv
* Sea-Bird SBE 9 Data File:
* FileName = D:\Data\Raw\p6619605.dat
* Software Version Seasave Win32 V 5.32
* Temperature SN = 1649
* Conductivity SN = 1431
* Number of Bytes Per Scan = 37
* Number of Voltage Words = 5
* Number of Scans Averaged by the Deck Unit = 1
* NMEA Latitude = 60 45.36 S
* NMEA Longitude = 057 33.03 W
* NMEA UTC (Time) = 03:23:55
** Ship:   Nathaniel B. Palmer 
** Cruise:    NBP0606 
# nquan = 15
# nvalues = 2989                        
# units = specified
# name 0 = prDM: Pressure, Digiquartz [db]
# name 1 = t090C: Temperature [ITS-90, deg C]
# name 2 = c0S/m: Conductivity [S/m]
# name 3 = t190C: Temperature, 2 [ITS-90, deg C]
# name 4 = c1S/m: Conductivity, 2 [S/m]
# name 5 = sbeox0ML/L: Oxygen, SBE 43 [ml/l]
# name 6 = flECO-AFL: Fluorescence, Wetlab ECO-AFL/FL [mg/m^3]
# name 7 = bat: Beam Attenuation, Chelsea/Seatech/Wetlab CStar [1/m]
# name 8 = spar: SPAR/Surface Irradiance
# name 9 = latitude: Latitude [deg]
# name 10 = longitude: Longitude [deg]
# name 11 = timeY: Time, System [seconds]
# name 12 = timeJ: Julian Days
# name 13 = sal00: Salinity [PSU]
# name 14 = flag: flag
# span 0 =     15.000,   3003.000       
# span 1 =    -1.0837,     2.0589       
# span 2 =   2.734480,   3.077390       
# span 3 =    -1.0826,     2.0594       
# span 4 =   2.735027,   3.077754       
# span 5 =    4.38302,    8.18617       
# span 6 =    -0.1279,     0.8926       
# span 7 =    13.8155,    13.8155       
# span 8 = 0.0000e+00, 0.0000e+00       
# span 9 =  -60.75600,  -60.75600       
# span 10 =  -57.55050,  -57.55050      
# span 11 = 1153797963, 1153801803      
# span 12 = 206.143106, 206.187560      
# span 13 =    33.8604,    34.7274      
# span 14 = 0.0000e+00, 0.0000e+00      
# interval = decibars: 1                
# start_time = Jul 25 2006 03:24:03
# bad_flag = -9.990e-29
*END*
[from data line 193]
    207.000     1.3212   2.979930     1.3247   2.980368    5.09560    -0.0193    13.8155 0.0000e+00  -60.75600  -57.55050 1153798299 206.147004    34.3882 0.0000e+00
    208.000     1.3489   2.982814     1.3525   2.983258    5.06437    -0.0272    13.8155 0.0000e+00  -60.75600  -57.55050 1153798301 206.147026    34.3934 0.0000e+00
    209.000     1.3852   2.986531     1.3877   2.986819    5.04580    -0.0170    13.8155 0.0000e+00  -60.75600  -57.55050 1153798302 206.147040    34.3997 0.0000e+00
    210.000     1.3962   2.987676     1.3979   2.987936    5.03070    -0.0294    13.8155 0.0000e+00  -60.75600  -57.55050 1153798303 206.147050    34.4014 0.0000e+00
    211.000     1.4049   2.988600     1.4067   2.988872    5.01563    -0.0259    13.8155 0.0000e+00  -60.75600  -57.55050 1153798304 206.147058    34.4029 0.0000e+00
    212.000     1.4230   2.990631     1.4249   2.990864    5.00693    -0.0080    13.8155 0.0000e+00  -60.75600  -57.55050 1153798305 206.147067    34.4084 0.0000e+00
    213.000     1.4290   2.991236     1.4300   2.991474    4.99833    -0.0201    13.8155 0.0000e+00  -60.75600  -57.55050 1153798305 206.147075    34.4085 0.0000e+00
    214.000     1.4249   2.990870     1.4252   2.990982    4.97498    -0.0261    13.8155 0.0000e+00  -60.75600  -57.55050 1153798309 206.147118    34.4091 0.0000e+00
    215.000     1.4436   2.992887     1.4470   2.993309    4.95604    -0.0313    13.8155 0.0000e+00  -60.75600  -57.55050 1153798311 206.147145    34.4137 0.0000e+00
    216.000     1.4599   2.994571     1.4618   2.994877    4.93970    -0.0261    13.8155 0.0000e+00  -60.75600  -57.55050 1153798312 206.147157    34.4161 0.0000e+00
    217.000     1.4863   2.997432     1.4896   2.997707    4.92525    -0.0158    13.8155 0.0000e+00  -60.75600  -57.55050 1153798313 206.147167    34.4232 0.0000e+00
    218.000     1.5134   3.000098     1.5151   3.000335    4.91561    -0.0187    13.8155 0.0000e+00  -60.75600  -57.55050 1153798314 206.147175    34.4255 0.0000e+00
    219.000     1.5203   3.000866     1.5220   3.001120    4.90468    -0.0222    13.8155 0.0000e+00  -60.75600  -57.55050 1153798315 206.147184    34.4271 0.0000e+00
    220.000     1.5253   3.001375     1.5265   3.001621    4.89580    -0.0316    13.8155 0.0000e+00  -60.75600  -57.55050 1153798315 206.147191    34.4276 0.0000e+00
    221.000     1.5274   3.001629     1.5286   3.001902    4.88946    -0.0280    13.8155 0.0000e+00  -60.75600  -57.55050 1153798316 206.147198    34.4282 0.0000e+00
    222.000     1.5303   3.001963     1.5318   3.002236    4.88176    -0.0300    13.8155 0.0000e+00  -60.75600  -57.55050 1153798317 206.147214    34.4289 0.0000e+00
    223.000     1.5299   3.001952     1.5335   3.002416    4.85901    -0.0329    13.8155 0.0000e+00  -60.75600  -57.55050 1153798322 206.147262    34.4300 0.0000e+00
    224.000     1.5431   3.003340     1.5447   3.003623    4.84938    -0.0331    13.8155 0.0000e+00  -60.75600  -57.55050 1153798323 206.147277    34.4324 0.0000e+00
    225.000     1.5613   3.005312     1.5635   3.005600    4.84057    -0.0307    13.8155 0.0000e+00  -60.75600  -57.55050 1153798324 206.147288    34.4366 0.0000e+00
    226.000     1.5694   3.006228     1.5715   3.006495    4.83082    -0.0391    13.8155 0.0000e+00  -60.75600  -57.55050 1153798325 206.147299    34.4389 0.0000e+00
    227.000     1.5912   3.008495     1.5929   3.008756    4.81825    -0.0290    13.8155 0.0000e+00  -60.75600  -57.55050 1153798326 206.147308    34.4425 0.0000e+00
    228.000     1.5957   3.009006     1.5970   3.009233    4.80930    -0.0355    13.8155 0.0000e+00  -60.75600  -57.55050 1153798326 206.147317    34.4436 0.0000e+00
    229.000     1.6058   3.010081     1.6073   3.010317    4.80090    -0.0231    13.8155 0.0000e+00  -60.75600  -57.55050 1153798327 206.147327    34.4455 0.0000e+00
    230.000     1.6083   3.010323     1.6103   3.010682    4.78985    -0.0295    13.8155 0.0000e+00  -60.75600  -57.55050 1153798329 206.147344    34.4455 0.0000e+00
    231.000     1.6252   3.012125     1.6281   3.012449    4.77147    -0.0230    13.8155 0.0000e+00  -60.75600  -57.55050 1153798330 206.147363    34.4496 0.0000e+00
    232.000     1.6627   3.015948     1.6686   3.016534    4.75710    -0.0393    13.8155 0.0000e+00  -60.75600  -57.55050 1153798331 206.147376    34.4557 0.0000e+00
    233.000     1.6958   3.019243     1.6977   3.019497    4.74488    -0.0318    13.8155 0.0000e+00  -60.75600  -57.55050 1153798333 206.147390    34.4597 0.0000e+00
    234.000     1.7025   3.019935     1.7040   3.020207    4.73316    -0.0236    13.8155 0.0000e+00  -60.75600  -57.55050 1153798334 206.147411    34.4609 0.0000e+00
    235.000     1.7030   3.020035     1.7041   3.020273    4.72700    -0.0279    13.8155 0.0000e+00  -60.75600  -57.55050 1153798336 206.147427    34.4616 0.0000e+00
    236.000     1.7012   3.019912     1.7024   3.020193    4.72280    -0.0271    13.8155 0.0000e+00  -60.75600  -57.55050 1153798337 206.147438    34.4617 0.0000e+00
    237.000     1.7001   3.019954     1.7001   3.020112    4.72161    -0.0228    13.8155 0.0000e+00  -60.75600  -57.55050 1153798337 206.147447    34.4632 0.0000e+00
    238.000     1.6947   3.019521     1.6950   3.019751    4.71989    -0.0488    13.8155 0.0000e+00  -60.75600  -57.55050 1153798338 206.147458    34.4633 0.0000e+00
    239.000     1.6975   3.019806     1.6975   3.019983    4.71948    -0.0323    13.8155 0.0000e+00  -60.75600  -57.55050 1153798340 206.147481    34.4636 0.0000e+00
    240.000     1.6920   3.019361     1.6922   3.019577    4.72151    -0.0371    13.8155 0.0000e+00  -60.75600  -57.55050 1153798343 206.147510    34.4639 0.0000e+00
    241.000     1.6909   3.019331     1.6923   3.019631    4.72337    -0.0401    13.8155 0.0000e+00  -60.75600  -57.55050 1153798344 206.147524    34.4644 0.0000e+00
    242.000     1.6934   3.019673     1.6946   3.019915    4.71961    -0.0310    13.8155 0.0000e+00  -60.75600  -57.55050 1153798345 206.147535    34.4654 0.0000e+00
    243.000     1.7093   3.021368     1.7092   3.021478    4.71656    -0.0388    13.8155 0.0000e+00  -60.75600  -57.55050 1153798346 206.147545    34.4684 0.0000e+00
    244.000     1.7110   3.021548     1.7120   3.021792    4.71690    -0.0353    13.8155 0.0000e+00  -60.75600  -57.55050 1153798347 206.147554    34.4682 0.0000e+00
    245.000     1.7112   3.021633     1.7126   3.021923    4.71399    -0.0286    13.8155 0.0000e+00  -60.75600  -57.55050 1153798348 206.147564    34.4687 0.0000e+00
    246.000     1.7086   3.021418     1.7093   3.021644    4.70823    -0.0338    13.8155 0.0000e+00  -60.75600  -57.55050 1153798348 206.147573    34.4684 0.0000e+00
    247.000     1.7236   3.023016     1.7215   3.022866    4.70285    -0.0329    13.8155 0.0000e+00  -60.75600  -57.55050 1153798349 206.147583    34.4717 0.0000e+00
    248.000     1.7461   3.025262     1.7477   3.025454    4.69554    -0.0367    13.8155 0.0000e+00  -60.75600  -57.55050 1153798350 206.147593    34.4742 0.0000e+00
    249.000     1.7590   3.026535     1.7620   3.026962    4.68263    -0.0288    13.8155 0.0000e+00  -60.75600  -57.55050 1153798353 206.147624    34.4752 0.0000e+00
    250.000     1.7946   3.030161     1.8007   3.030728    4.67478    -0.0320    13.8155 0.0000e+00  -60.75600  -57.55050 1153798357 206.147673    34.4815 0.0000e+00
    251.000     1.7900   3.029695     1.7908   3.029986    4.67241    -0.0291    13.8155 0.0000e+00  -60.75600  -57.55050 1153798358 206.147681    34.4797 0.0000e+00
    252.000     1.7859   3.029421     1.7871   3.029716    4.65835    -0.0245    13.8155 0.0000e+00  -60.75600  -57.55050 1153798358 206.147689    34.4806 0.0000e+00
    253.000     1.7869   3.029579     1.7879   3.029862    4.65059    -0.0291    13.8155 0.0000e+00  -60.75600  -57.55050 1153798359 206.147697    34.4812 0.0000e+00
    254.000     1.7953   3.030592     1.7963   3.030884    4.64387    -0.0429    13.8155 0.0000e+00  -60.75600  -57.55050 1153798360 206.147704    34.4844 0.0000e+00
    255.000     1.8101   3.032141     1.8109   3.032379    4.64261    -0.0206    13.8155 0.0000e+00  -60.75600  -57.55050 1153798360 206.147712    34.4867 0.0000e+00
    256.000     1.8134   3.032477     1.8142   3.032737    4.64247    -0.0332    13.8155 0.0000e+00  -60.75600  -57.55050 1153798361 206.147718    34.4862 0.0000e+00
    257.000     1.7845   3.029872     1.7842   3.030013    4.63997    -0.0247    13.8155 0.0000e+00  -60.75600  -57.55050 1153798362 206.147729    34.4855 0.0000e+00
    258.000     1.7823   3.029728     1.7790   3.029664    4.63377    -0.0333    13.8155 0.0000e+00  -60.75600  -57.55050 1153798365 206.147765    34.4860 0.0000e+00
    259.000     1.7538   3.027335     1.7552   3.027656    4.63279    -0.0320    13.8155 0.0000e+00  -60.75600  -57.55050 1153798367 206.147791    34.4874 0.0000e+00
    260.000     1.7554   3.027549     1.7568   3.027872    4.63268    -0.0385    13.8155 0.0000e+00  -60.75600  -57.55050 1153798368 206.147806    34.4876 0.0000e+00
    261.000     1.7553   3.027641     1.7567   3.027961    4.63161    -0.0379    13.8155 0.0000e+00  -60.75600  -57.55050 1153798370 206.147819    34.4882 0.0000e+00
    262.000     1.7538   3.027573     1.7549   3.027890    4.63388    -0.0252    13.8155 0.0000e+00  -60.75600  -57.55050 1153798371 206.147831    34.4885 0.0000e+00
    263.000     1.7468   3.027006     1.7475   3.027306    4.63065    -0.0397    13.8155 0.0000e+00  -60.75600  -57.55050 1153798371 206.147841    34.4885 0.0000e+00
    264.000     1.7408   3.026645     1.7420   3.026971    4.62526    -0.0390    13.8155 0.0000e+00  -60.75600  -57.55050 1153798372 206.147850    34.4902 0.0000e+00
    265.000     1.7395   3.026639     1.7411   3.026978    4.62522    -0.0330    13.8155 0.0000e+00  -60.75600  -57.55050 1153798373 206.147859    34.4908 0.0000e+00
    266.000     1.7336   3.026116     1.7354   3.026561    4.62370    -0.0365    13.8155 0.0000e+00  -60.75600  -57.55050 1153798374 206.147871    34.4907 0.0000e+00
    267.000     1.7083   3.024090     1.7101   3.024498    4.61915    -0.0415    13.8155 0.0000e+00  -60.75600  -57.55050 1153798376 206.147889    34.4924 0.0000e+00
    268.000     1.7113   3.024506     1.7117   3.024779    4.61626    -0.0400    13.8155 0.0000e+00  -60.75600  -57.55050 1153798377 206.147906    34.4935 0.0000e+00
    269.000     1.7089   3.024712     1.7104   3.025077    4.61292    -0.0376    13.8155 0.0000e+00  -60.75600  -57.55050 1153798378 206.147920    34.4981 0.0000e+00
    270.000     1.7068   3.024626     1.7064   3.024800    4.61190    -0.0400    13.8155 0.0000e+00  -60.75600  -57.55050 1153798380 206.147944    34.4985 0.0000e+00
    271.000     1.7018   3.024227     1.7033   3.024573    4.61416    -0.0391    13.8155 0.0000e+00  -60.75600  -57.55050 1153798383 206.147969    34.4983 0.0000e+00
    272.000     1.7012   3.024217     1.7039   3.024684    4.61520    -0.0418    13.8155 0.0000e+00  -60.75600  -57.55050 1153798384 206.147982    34.4981 0.0000e+00
    273.000     1.7005   3.024217     1.7008   3.024484    4.61532    -0.0231    13.8155 0.0000e+00  -60.75600  -57.55050 1153798385 206.147991    34.4983 0.0000e+00
    274.000     1.6966   3.023967     1.6977   3.024291    4.61537    -0.0311    13.8155 0.0000e+00  -60.75600  -57.55050 1153798385 206.148000    34.4989 0.0000e+00
    275.000     1.6960   3.023971     1.6972   3.024302    4.61524    -0.0367    13.8155 0.0000e+00  -60.75600  -57.55050 1153798386 206.148009    34.4990 0.0000e+00
    276.000     1.6955   3.023988     1.6966   3.024307    4.61237    -0.0419    13.8155 0.0000e+00  -60.75600  -57.55050 1153798387 206.148018    34.4991 0.0000e+00
    277.000     1.6924   3.023785     1.6936   3.024110    4.60906    -0.0316    13.8155 0.0000e+00  -60.75600  -57.55050 1153798388 206.148030    34.4994 0.0000e+00
    278.000     1.6937   3.023985     1.6949   3.024310    4.60781    -0.0373    13.8155 0.0000e+00  -60.75600  -57.55050 1153798390 206.148058    34.4997 0.0000e+00
    279.000     1.6944   3.024169     1.6958   3.024498    4.60721    -0.0436    13.8155 0.0000e+00  -60.75600  -57.55050 1153798393 206.148085    34.5007 0.0000e+00
    280.000     1.6962   3.024428     1.6975   3.024768    4.60553    -0.0472    13.8155 0.0000e+00  -60.75600  -57.55050 1153798394 206.148095    34.5012 0.0000e+00
    281.000     1.6968   3.024546     1.6983   3.024905    4.60405    -0.0416    13.8155 0.0000e+00  -60.75600  -57.55050 1153798394 206.148105    34.5016 0.0000e+00
    282.000     1.6967   3.024601     1.6979   3.024922    4.60328    -0.0428    13.8155 0.0000e+00  -60.75600  -57.55050 1153798395 206.148115    34.5016 0.0000e+00
    283.000     1.7037   3.025445     1.7064   3.025876    4.59897    -0.0369    13.8155 0.0000e+00  -60.75600  -57.55050 1153798396 206.148130    34.5041 0.0000e+00
    284.000     1.7269   3.027824     1.7283   3.028109    4.58706    -0.0546    13.8155 0.0000e+00  -60.75600  -57.55050 1153798398 206.148147    34.5075 0.0000e+00
    285.000     1.7438   3.029622     1.7454   3.029890    4.57838    -0.0338    13.8155 0.0000e+00  -60.75600  -57.55050 1153798399 206.148158    34.5108 0.0000e+00
    286.000     1.7535   3.030610     1.7546   3.030863    4.57077    -0.0242    13.8155 0.0000e+00  -60.75600  -57.55050 1153798400 206.148168    34.5118 0.0000e+00
    287.000     1.7570   3.030994     1.7583   3.031295    4.56345    -0.0258    13.8155 0.0000e+00  -60.75600  -57.55050 1153798401 206.148182    34.5122 0.0000e+00
    288.000     1.7831   3.033656     1.7900   3.034400    4.54727    -0.0493    13.8155 0.0000e+00  -60.75600  -57.55050 1153798403 206.148207    34.5168 0.0000e+00
    289.000     1.8403   3.039372     1.8441   3.039780    4.53422    -0.0340    13.8155 0.0000e+00  -60.75600  -57.55050 1153798404 206.148221    34.5242 0.0000e+00
    290.000     1.8702   3.042367     1.8717   3.042509    4.52032    -0.0425    13.8155 0.0000e+00  -60.75600  -57.55050 1153798405 206.148231    34.5282 0.0000e+00
    291.000     1.9019   3.045533     1.9036   3.045742    4.50814    -0.0424    13.8155 0.0000e+00  -60.75600  -57.55050 1153798406 206.148241    34.5322 0.0000e+00
    292.000     1.9203   3.047288     1.9232   3.047710    4.49553    -0.0338    13.8155 0.0000e+00  -60.75600  -57.55050 1153798408 206.148258    34.5334 0.0000e+00
    293.000     1.9172   3.047145     1.9298   3.048445    4.48121    -0.0365    13.8155 0.0000e+00  -60.75600  -57.55050 1153798410 206.148282    34.5360 0.0000e+00
    294.000     1.9573   3.051407     1.9595   3.051562    4.46894    -0.0369    13.8155 0.0000e+00  -60.75600  -57.55050 1153798411 206.148294    34.5448 0.0000e+00
    295.000     1.9906   3.054764     1.9923   3.054991    4.45920    -0.0345    13.8155 0.0000e+00  -60.75600  -57.55050 1153798412 206.148304    34.5491 0.0000e+00
    296.000     2.0061   3.056351     2.0074   3.056592    4.45021    -0.0379    13.8155 0.0000e+00  -60.75600  -57.55050 1153798412 206.148315    34.5512 0.0000e+00
    297.000     2.0067   3.056473     2.0080   3.056736    4.43895    -0.0414    13.8155 0.0000e+00  -60.75600  -57.55050 1153798414 206.148338    34.5523 0.0000e+00
    298.000     2.0058   3.056459     2.0070   3.056718    4.43340    -0.0378    13.8155 0.0000e+00  -60.75600  -57.55050 1153798416 206.148357    34.5533 0.0000e+00
    299.000     2.0035   3.056356     2.0046   3.056625    4.42973    -0.0281    13.8155 0.0000e+00  -60.75600  -57.55050 1153798417 206.148367    34.5543 0.0000e+00
    300.000     2.0030   3.056383     2.0041   3.056655    4.42914    -0.0467    13.8155 0.0000e+00  -60.75600  -57.55050 1153798418 206.148377    34.5550 0.0000e+00
    301.000     2.0058   3.056724     2.0073   3.057031    4.42903    -0.0423    13.8155 0.0000e+00  -60.75600  -57.55050 1153798419 206.148389    34.5558 0.0000e+00
    302.000     2.0093   3.057135     2.0106   3.057418    4.42938    -0.0346    13.8155 0.0000e+00  -60.75600  -57.55050 1153798421 206.148411    34.5568 0.0000e+00
