product_data/regression_test/downloaded_data/MGDS/320620060703/ctd/adapted/heads_insert_p6615301.cnv
* Sea-Bird SBE 9 Data File:
* FileName = D:\Data\Raw\p6615301.dat
* Software Version Seasave Win32 V 5.32
* Temperature SN = 1649
* Conductivity SN = 1431
* Number of Bytes Per Scan = 37
* Number of Voltage Words = 5
* Number of Scans Averaged by the Deck Unit = 1
* NMEA Latitude = 60 46.37 S
* NMEA Longitude = 056 15.68 W
* NMEA UTC (Time) = 16:25:35
** Ship:   Nathaniel B. Palmer 
** Cruise:    NBP0606 
# nquan = 15
# nvalues = 1000                        
# units = specified
# name 0 = prDM: Pressure, Digiquartz [db]
# name 1 = t090C: Temperature [ITS-90, deg C]
# name 2 = c0S/m: Conductivity [S/m]
# name 3 = t190C: Temperature, 2 [ITS-90, deg C]
# name 4 = c1S/m: Conductivity, 2 [S/m]
# name 5 = sbeox0ML/L: Oxygen, SBE 43 [ml/l]
# name 6 = flECO-AFL: Fluorescence, Wetlab ECO-AFL/FL [mg/m^3]
# name 7 = bat: Beam Attenuation, Chelsea/Seatech/Wetlab CStar [1/m]
# name 8 = spar: SPAR/Surface Irradiance
# name 9 = latitude: Latitude [deg]
# name 10 = longitude: Longitude [deg]
# name 11 = timeY: Time, System [seconds]
# name 12 = timeJ: Julian Days
# name 13 = sal00: Salinity [PSU]
# name 14 = flag: flag
# span 0 =      2.000,   1001.000       
# span 1 =    -0.7431,     1.2396       
# span 2 =   2.785482,   3.011229       
# span 3 =    -0.7426,     1.2408       
# span 4 =   2.786100,   3.011624       
# span 5 =    4.99208,    7.58397       
# span 6 =    -0.1113,     0.4183       
# span 7 =    13.8155,    13.8155       
# span 8 = 1.2073e+02, 1.9481e+02       
# span 9 =  -60.77283,  -60.77283       
# span 10 =  -56.26133,  -56.26133      
# span 11 = 1153239950, 1153241356      
# span 12 = 199.684627, 199.700894      
# span 13 =    34.1525,    34.6884      
# span 14 = 0.0000e+00, 0.0000e+00      
# interval = decibars: 1                
# start_time = Jul 18 2006 16:25:43
# bad_flag = -9.990e-29
*END*
[from data line 868]
    869.000     0.8929   2.994068     0.8927   2.994431    5.20170    -0.0721    13.8155 1.4221e+02  -60.77283  -56.26133 1153241158 199.698606    34.6650 0.0000e+00
    870.000     0.8974   2.994518     0.8972   2.994893    5.19955    -0.0770    13.8155 1.4221e+02  -60.77283  -56.26133 1153241160 199.698627    34.6649 0.0000e+00
    871.000     0.8920   2.994051     0.8902   2.994349    5.19559    -0.0846    13.8155 1.4221e+02  -60.77283  -56.26133 1153241161 199.698643    34.6641 0.0000e+00
    872.000     0.8769   2.992740     0.8787   2.993336    5.20125    -0.0672    13.8155 1.4221e+02  -60.77283  -56.26133 1153241162 199.698656    34.6639 0.0000e+00
    873.000     0.8774   2.992893     0.8796   2.993447    5.20278    -0.0712    13.8155 1.4221e+02  -60.77283  -56.26133 1153241163 199.698667    34.6651 0.0000e+00
    874.000     0.8850   2.993663     0.8850   2.993988    5.19373    -0.0643    13.8155 1.4221e+02  -60.77283  -56.26133 1153241164 199.698679    34.6655 0.0000e+00
    875.000     0.9380   2.998891     0.9398   2.999255    5.18434    -0.0899    13.8155 1.4221e+02  -60.77283  -56.26133 1153241165 199.698693    34.6721 0.0000e+00
    876.000     0.9337   2.998402     0.9315   2.998659    5.18040    -0.0881    13.8155 1.4221e+02  -60.77283  -56.26133 1153241167 199.698707    34.6696 0.0000e+00
    877.000     0.9182   2.996990     0.9189   2.997442    5.17216    -0.0886    13.8155 1.4221e+02  -60.77283  -56.26133 1153241168 199.698721    34.6688 0.0000e+00
    878.000     0.9376   2.998984     0.9479   3.000221    5.16844    -0.0876    13.8155 1.4221e+02  -60.77283  -56.26133 1153241169 199.698734    34.6725 0.0000e+00
    879.000     0.9346   2.998609     0.9312   2.998769    5.16456    -0.0865    13.8155 1.4221e+02  -60.77283  -56.26133 1153241171 199.698763    34.6702 0.0000e+00
    880.000     0.9253   2.997770     0.9229   2.997974    5.16563    -0.0881    13.8155 1.4221e+02  -60.77283  -56.26133 1153241174 199.698789    34.6694 0.0000e+00
    881.000     0.9270   2.998014     0.9275   2.998428    5.16128    -0.0858    13.8155 1.4221e+02  -60.77283  -56.26133 1153241174 199.698798    34.6706 0.0000e+00
    882.000     0.9441   2.999697     0.9327   2.998940    5.15218    -0.0691    13.8155 1.4221e+02  -60.77283  -56.26133 1153241175 199.698806    34.6758 0.0000e+00
    883.000     0.9665   3.001936     0.9658   3.002190    5.15004    -0.0765    13.8155 1.4221e+02  -60.77283  -56.26133 1153241176 199.698814    34.6748 0.0000e+00
    884.000     0.9782   3.003094     0.9782   3.003439    5.14752    -0.0605    13.8155 1.4221e+02  -60.77283  -56.26133 1153241177 199.698821    34.6758 0.0000e+00
    885.000     0.9775   3.003068     0.9769   3.003355    5.14134    -0.0851    13.8155 1.4221e+02  -60.77283  -56.26133 1153241177 199.698830    34.6757 0.0000e+00
    886.000     0.9763   3.002994     0.9755   3.003293    5.13019    -0.0775    13.8155 1.4221e+02  -60.77283  -56.26133 1153241180 199.698860    34.6760 0.0000e+00
    887.000     0.9674   3.002161     0.9682   3.002655    5.12963    -0.0922    13.8155 1.4221e+02  -60.77283  -56.26133 1153241182 199.698882    34.6751 0.0000e+00
    888.000     0.9644   3.001966     0.9650   3.002372    5.13150    -0.0861    13.8155 1.4221e+02  -60.77283  -56.26133 1153241183 199.698898    34.6756 0.0000e+00
    889.000     0.9687   3.002407     0.9685   3.002752    5.13287    -0.0750    13.8155 1.4221e+02  -60.77283  -56.26133 1153241184 199.698912    34.6759 0.0000e+00
    890.000     0.9701   3.002620     0.9703   3.002995    5.13133    -0.0706    13.8155 1.4221e+02  -60.77283  -56.26133 1153241186 199.698925    34.6764 0.0000e+00
    891.000     0.9731   3.002977     0.9733   3.003344    5.13002    -0.0858    13.8155 1.4221e+02  -60.77283  -56.26133 1153241187 199.698938    34.6771 0.0000e+00
    892.000     0.9669   3.002456     0.9655   3.002770    5.12933    -0.0833    13.8155 1.4205e+02  -60.77283  -56.26133 1153241188 199.698950    34.6765 0.0000e+00
    893.000     0.9616   3.001979     0.9619   3.002391    5.12914    -0.0814    13.8155 1.4205e+02  -60.77283  -56.26133 1153241189 199.698962    34.6764 0.0000e+00
    894.000     0.9621   3.002086     0.9625   3.002497    5.12941    -0.0856    13.8155 1.4125e+02  -60.77283  -56.26133 1153241190 199.698976    34.6766 0.0000e+00
    895.000     0.9641   3.002308     0.9642   3.002702    5.12957    -0.0804    13.8155 1.4008e+02  -60.77283  -56.26133 1153241191 199.698994    34.6767 0.0000e+00
    896.000     0.9659   3.002546     0.9665   3.002981    5.12735    -0.0824    13.8155 1.4111e+02  -60.77283  -56.26133 1153241193 199.699013    34.6771 0.0000e+00
    897.000     0.9688   3.002895     0.9683   3.003215    5.12394    -0.0847    13.8155 1.4061e+02  -60.77283  -56.26133 1153241194 199.699028    34.6777 0.0000e+00
    898.000     0.9693   3.002991     0.9689   3.003317    5.11996    -0.0771    13.8155 1.4011e+02  -60.77283  -56.26133 1153241196 199.699041    34.6779 0.0000e+00
    899.000     0.9691   3.003025     0.9692   3.003389    5.11815    -0.0790    13.8155 -9.990e-29  -60.77283  -56.26133 1153241197 199.699054    34.6779 0.0000e+00
    900.000     0.9674   3.002894     0.9669   3.003227    5.11808    -0.0804    13.8155 -9.990e-29  -60.77283  -56.26133 1153241198 199.699067    34.6777 0.0000e+00
    901.000     0.9650   3.002694     0.9661   3.003175    5.11889    -0.0813    13.8155 -9.990e-29  -60.77283  -56.26133 1153241199 199.699081    34.6773 0.0000e+00
    902.000     0.9689   3.003120     0.9678   3.003388    5.11928    -0.0766    13.8155 -9.990e-29  -60.77283  -56.26133 1153241201 199.699099    34.6777 0.0000e+00
    903.000     0.9716   3.003453     0.9711   3.003753    5.11994    -0.0673    13.8155 -9.990e-29  -60.77283  -56.26133 1153241202 199.699115    34.6785 0.0000e+00
    904.000     0.9732   3.003649     0.9725   3.003945    5.12017    -0.0923    13.8155 -9.990e-29  -60.77283  -56.26133 1153241203 199.699128    34.6785 0.0000e+00
    905.000     0.9745   3.003826     0.9750   3.004234    5.12009    -0.0879    13.8155 -9.990e-29  -60.77283  -56.26133 1153241204 199.699141    34.6789 0.0000e+00
    906.000     0.9758   3.003982     0.9756   3.004333    5.11744    -0.0876    13.8155 -9.990e-29  -60.77283  -56.26133 1153241205 199.699155    34.6788 0.0000e+00
    907.000     0.9771   3.004174     0.9774   3.004558    5.11675    -0.0944    13.8155 -9.990e-29  -60.77283  -56.26133 1153241207 199.699172    34.6793 0.0000e+00
    908.000     0.9780   3.004306     0.9778   3.004657    5.11708    -0.0734    13.8155 -9.990e-29  -60.77283  -56.26133 1153241208 199.699191    34.6795 0.0000e+00
    909.000     0.9786   3.004427     0.9786   3.004798    5.11787    -0.0872    13.8155 -9.990e-29  -60.77283  -56.26133 1153241210 199.699206    34.6798 0.0000e+00
    910.000     0.9786   3.004478     0.9790   3.004915    5.11637    -0.0863    13.8155 -9.990e-29  -60.77283  -56.26133 1153241211 199.699218    34.6799 0.0000e+00
    911.000     0.9784   3.004516     0.9793   3.004966    5.11470    -0.0757    13.8155 -9.990e-29  -60.77283  -56.26133 1153241212 199.699229    34.6800 0.0000e+00
    912.000     0.9785   3.004576     0.9788   3.004975    5.11357    -0.0814    13.8155 -9.990e-29  -60.77283  -56.26133 1153241213 199.699240    34.6802 0.0000e+00
    913.000     0.9791   3.004662     0.9789   3.005009    5.11147    -0.0813    13.8155 -9.990e-29  -60.77283  -56.26133 1153241214 199.699258    34.6801 0.0000e+00
    914.000     0.9785   3.004651     0.9786   3.005037    5.11060    -0.0824    13.8155 -9.990e-29  -60.77283  -56.26133 1153241216 199.699279    34.6801 0.0000e+00
    915.000     0.9776   3.004606     0.9773   3.004972    5.11194    -0.0810    13.8155 -9.990e-29  -60.77283  -56.26133 1153241217 199.699292    34.6800 0.0000e+00
    916.000     0.9768   3.004580     0.9769   3.004969    5.11408    -0.0840    13.8155 -9.990e-29  -60.77283  -56.26133 1153241218 199.699304    34.6800 0.0000e+00
    917.000     0.9767   3.004622     0.9768   3.005011    5.11342    -0.0795    13.8155 -9.990e-29  -60.77283  -56.26133 1153241219 199.699316    34.6801 0.0000e+00
    918.000     0.9763   3.004649     0.9764   3.005030    5.11057    -0.0947    13.8155 -9.990e-29  -60.77283  -56.26133 1153241221 199.699332    34.6804 0.0000e+00
    919.000     0.9759   3.004683     0.9760   3.005061    5.11086    -0.0802    13.8155 -9.990e-29  -60.77283  -56.26133 1153241222 199.699348    34.6807 0.0000e+00
    920.000     0.9759   3.004721     0.9759   3.005109    5.11158    -0.0928    13.8155 -9.990e-29  -60.77283  -56.26133 1153241223 199.699364    34.6807 0.0000e+00
    921.000     0.9758   3.004783     0.9758   3.005152    5.10967    -0.0857    13.8155 -9.990e-29  -60.77283  -56.26133 1153241225 199.699378    34.6809 0.0000e+00
    922.000     0.9754   3.004796     0.9754   3.005179    5.10991    -0.0841    13.8155 -9.990e-29  -60.77283  -56.26133 1153241226 199.699392    34.6811 0.0000e+00
    923.000     0.9746   3.004806     0.9747   3.005190    5.10938    -0.0862    13.8155 -9.990e-29  -60.77283  -56.26133 1153241227 199.699407    34.6814 0.0000e+00
    924.000     0.9744   3.004834     0.9744   3.005210    5.10869    -0.0893    13.8155 -9.990e-29  -60.77283  -56.26133 1153241228 199.699420    34.6815 0.0000e+00
    925.000     0.9742   3.004860     0.9741   3.005242    5.10783    -0.0928    13.8155 -9.990e-29  -60.77283  -56.26133 1153241229 199.699432    34.6815 0.0000e+00
    926.000     0.9737   3.004868     0.9738   3.005259    5.10610    -0.0868    13.8155 -9.990e-29  -60.77283  -56.26133 1153241231 199.699447    34.6817 0.0000e+00
    927.000     0.9736   3.004908     0.9740   3.005314    5.10732    -0.0883    13.8155 -9.990e-29  -60.77283  -56.26133 1153241232 199.699465    34.6816 0.0000e+00
    928.000     0.9739   3.004985     0.9740   3.005371    5.10943    -0.0859    13.8155 -9.990e-29  -60.77283  -56.26133 1153241234 199.699486    34.6817 0.0000e+00
    929.000     0.9739   3.005041     0.9740   3.005431    5.11199    -0.0771    13.8155 -9.990e-29  -60.77283  -56.26133 1153241235 199.699503    34.6818 0.0000e+00
    930.000     0.9740   3.005112     0.9740   3.005493    5.11095    -0.0788    13.8155 -9.990e-29  -60.77283  -56.26133 1153241236 199.699515    34.6821 0.0000e+00
    931.000     0.9740   3.005162     0.9741   3.005546    5.10909    -0.0917    13.8155 -9.990e-29  -60.77283  -56.26133 1153241237 199.699525    34.6822 0.0000e+00
    932.000     0.9741   3.005218     0.9742   3.005606    5.11004    -0.0725    13.8155 -9.990e-29  -60.77283  -56.26133 1153241238 199.699535    34.6822 0.0000e+00
    933.000     0.9738   3.005236     0.9738   3.005622    5.11166    -0.0803    13.8155 -9.990e-29  -60.77283  -56.26133 1153241239 199.699544    34.6822 0.0000e+00
    934.000     0.9730   3.005221     0.9733   3.005618    5.10951    -0.0838    13.8155 -9.990e-29  -60.77283  -56.26133 1153241240 199.699555    34.6824 0.0000e+00
    935.000     0.9726   3.005228     0.9727   3.005601    5.10736    -0.0926    13.8155 -9.990e-29  -60.77283  -56.26133 1153241241 199.699571    34.6824 0.0000e+00
    936.000     0.9733   3.005321     0.9734   3.005706    5.10737    -0.0852    13.8155 -9.990e-29  -60.77283  -56.26133 1153241244 199.699601    34.6822 0.0000e+00
    937.000     0.9735   3.005388     0.9735   3.005756    5.10964    -0.0759    13.8155 1.3843e+02  -60.77283  -56.26133 1153241246 199.699629    34.6823 0.0000e+00
    938.000     0.9729   3.005391     0.9730   3.005779    5.11055    -0.0799    13.8155 1.3776e+02  -60.77283  -56.26133 1153241248 199.699643    34.6824 0.0000e+00
    939.000     0.9727   3.005415     0.9728   3.005801    5.11080    -0.0763    13.8155 1.3786e+02  -60.77283  -56.26133 1153241248 199.699653    34.6824 0.0000e+00
    940.000     0.9728   3.005462     0.9729   3.005856    5.11095    -0.0744    13.8155 1.3809e+02  -60.77283  -56.26133 1153241249 199.699663    34.6824 0.0000e+00
    941.000     0.9726   3.005496     0.9727   3.005887    5.11100    -0.0911    13.8155 1.3809e+02  -60.77283  -56.26133 1153241250 199.699671    34.6825 0.0000e+00
    942.000     0.9721   3.005499     0.9722   3.005894    5.11113    -0.0871    13.8155 1.3878e+02  -60.77283  -56.26133 1153241251 199.699679    34.6825 0.0000e+00
    943.000     0.9730   3.005625     0.9729   3.006012    5.11114    -0.0739    13.8155 1.4001e+02  -60.77283  -56.26133 1153241251 199.699687    34.6826 0.0000e+00
    944.000     0.9731   3.005698     0.9731   3.006077    5.10748    -0.0865    13.8155 1.3844e+02  -60.77283  -56.26133 1153241253 199.699708    34.6829 0.0000e+00
    945.000     0.9729   3.005726     0.9731   3.006119    5.10568    -0.0755    13.8155 1.3832e+02  -60.77283  -56.26133 1153241256 199.699741    34.6828 0.0000e+00
    946.000     0.9731   3.005760     0.9733   3.006176    5.10817    -0.0739    13.8155 1.3832e+02  -60.77283  -56.26133 1153241257 199.699755    34.6826 0.0000e+00
    947.000     0.9738   3.005921     0.9745   3.006364    5.10821    -0.0725    13.8155 1.3791e+02  -60.77283  -56.26133 1153241258 199.699768    34.6832 0.0000e+00
    948.000     0.9758   3.006187     0.9761   3.006584    5.10567    -0.0837    13.8155 1.3808e+02  -60.77283  -56.26133 1153241259 199.699779    34.6838 0.0000e+00
    949.000     0.9771   3.006363     0.9772   3.006748    5.10326    -0.0855    13.8155 1.3760e+02  -60.77283  -56.26133 1153241260 199.699791    34.6840 0.0000e+00
    950.000     0.9788   3.006601     0.9786   3.006946    5.10121    -0.0859    13.8155 1.3804e+02  -60.77283  -56.26133 1153241262 199.699805    34.6846 0.0000e+00
    951.000     0.9791   3.006663     0.9792   3.007038    5.10088    -0.0698    13.8155 1.3774e+02  -60.77283  -56.26133 1153241263 199.699819    34.6845 0.0000e+00
    952.000     0.9793   3.006726     0.9792   3.007094    5.10078    -0.0858    13.8155 1.3790e+02  -60.77283  -56.26133 1153241264 199.699836    34.6846 0.0000e+00
    953.000     0.9792   3.006757     0.9793   3.007133    5.10051    -0.0806    13.8155 1.3731e+02  -60.77283  -56.26133 1153241265 199.699851    34.6845 0.0000e+00
    954.000     0.9793   3.006806     0.9793   3.007192    5.10090    -0.0729    13.8155 1.3690e+02  -60.77283  -56.26133 1153241267 199.699864    34.6845 0.0000e+00
    955.000     0.9795   3.006858     0.9798   3.007259    5.10016    -0.0818    13.8155 1.3781e+02  -60.77283  -56.26133 1153241268 199.699877    34.6844 0.0000e+00
    956.000     0.9799   3.006946     0.9799   3.007317    5.09979    -0.0751    13.8155 1.3751e+02  -60.77283  -56.26133 1153241269 199.699893    34.6845 0.0000e+00
    957.000     0.9799   3.006982     0.9800   3.007371    5.09998    -0.0918    13.8155 1.3671e+02  -60.77283  -56.26133 1153241270 199.699908    34.6845 0.0000e+00
    958.000     0.9801   3.007045     0.9809   3.007497    5.10008    -0.0899    13.8155 1.3817e+02  -60.77283  -56.26133 1153241272 199.699922    34.6846 0.0000e+00
    959.000     0.9826   3.007349     0.9827   3.007736    5.09745    -0.0771    13.8155 1.3774e+02  -60.77283  -56.26133 1153241273 199.699936    34.6850 0.0000e+00
    960.000     0.9830   3.007429     0.9831   3.007805    5.09779    -0.0871    13.8155 1.3693e+02  -60.77283  -56.26133 1153241274 199.699950    34.6850 0.0000e+00
    961.000     0.9831   3.007487     0.9833   3.007863    5.09836    -0.0784    13.8155 1.3596e+02  -60.77283  -56.26133 1153241276 199.699969    34.6851 0.0000e+00
    962.000     0.9836   3.007573     0.9838   3.007957    5.09929    -0.0857    13.8155 1.3552e+02  -60.77283  -56.26133 1153241278 199.699990    34.6851 0.0000e+00
    963.000     0.9835   3.007620     0.9837   3.008001    5.10199    -0.0873    13.8155 1.3601e+02  -60.77283  -56.26133 1153241279 199.700007    34.6852 0.0000e+00
