product_data/regression_test/downloaded_data/MGDS/320620060703/ctd/adapted/heads_insert_p6617601.cnv
* Sea-Bird SBE 9 Data File:
* FileName = D:\Data\Raw\p6617601.dat
* Software Version Seasave Win32 V 5.32
* Temperature SN = 1649
* Conductivity SN = 1431
* Number of Bytes Per Scan = 37
* Number of Voltage Words = 5
* Number of Scans Averaged by the Deck Unit = 1
* NMEA Latitude = 60 36.97 S
* NMEA Longitude = 054 43.19 W
* NMEA UTC (Time) = 04:16:14
** Ship:   Nathaniel B. Palmer 
** Cruise:    NBP0606 
# nquan = 15
# nvalues = 2993                        
# units = specified
# name 0 = prDM: Pressure, Digiquartz [db]
# name 1 = t090C: Temperature [ITS-90, deg C]
# name 2 = c0S/m: Conductivity [S/m]
# name 3 = t190C: Temperature, 2 [ITS-90, deg C]
# name 4 = c1S/m: Conductivity, 2 [S/m]
# name 5 = sbeox0ML/L: Oxygen, SBE 43 [ml/l]
# name 6 = flECO-AFL: Fluorescence, Wetlab ECO-AFL/FL [mg/m^3]
# name 7 = bat: Beam Attenuation, Chelsea/Seatech/Wetlab CStar [1/m]
# name 8 = spar: SPAR/Surface Irradiance
# name 9 = latitude: Latitude [deg]
# name 10 = longitude: Longitude [deg]
# name 11 = timeY: Time, System [seconds]
# name 12 = timeJ: Julian Days
# name 13 = sal00: Salinity [PSU]
# name 14 = flag: flag
# span 0 =     12.000,   3004.000       
# span 1 =    -0.6092,     1.7623       
# span 2 =   2.790440,   3.036585       
# span 3 =    -0.6096,     1.7632       
# span 4 =   2.791030,   3.036777       
# span 5 =    1.57336,    7.60176       
# span 6 =    -0.1335,     0.3503       
# span 7 =    13.8155,    13.8155       
# span 8 = 0.0000e+00, 0.0000e+00       
# span 9 =  -60.61617,  -60.61617       
# span 10 =  -54.71983,  -54.71983      
# span 11 = 1153455387, 1153459567      
# span 12 = 202.178108, 202.226488      
# span 13 =    34.1661,    34.7195      
# span 14 = 0.0000e+00, 0.0000e+00      
# interval = decibars: 1                
# start_time = Jul 21 2006 04:16:22
# bad_flag = -9.990e-29
*END*
Pressure	Temperature	Conductivity	Temperature2	Conductivity2	Oxygen	Fluorescence	Beam Attenuation	SPAR	latitude	longitude	timeY	timeJ	Salinity	flag
     12.000    -0.6055   2.790587    -0.6066   2.791294    7.57851     0.2656    13.8155 0.0000e+00  -60.61617  -54.71983 1153455387 202.178108    34.1669 0.0000e+00
     13.000    -0.6073   2.790440    -0.6084   2.791030    7.59234     0.2579    13.8155 0.0000e+00  -60.61617  -54.71983 1153455431 202.178621    34.1663 0.0000e+00
     14.000    -0.6075   2.790458    -0.6083   2.791056    7.59429     0.2689    13.8155 0.0000e+00  -60.61617  -54.71983 1153455437 202.178686    34.1661 0.0000e+00
     15.000    -0.6083   2.790496    -0.6093   2.791041    7.59108     0.2576    13.8155 0.0000e+00  -60.61617  -54.71983 1153455439 202.178715    34.1670 0.0000e+00
     16.000    -0.6085   2.790541    -0.6088   2.791159    7.58700     0.2568    13.8155 0.0000e+00  -60.61617  -54.71983 1153455441 202.178735    34.1671 0.0000e+00
     17.000    -0.6085   2.790629    -0.6074   2.791400    7.59520     0.2608    13.8155 0.0000e+00  -60.61617  -54.71983 1153455444 202.178765    34.1676 0.0000e+00
     18.000    -0.6045   2.791206    -0.6049   2.791808    7.59679     0.2675    13.8155 0.0000e+00  -60.61617  -54.71983 1153455447 202.178802    34.1702 0.0000e+00
     19.000    -0.6048   2.791229    -0.6056   2.791763    7.59961     0.2554    13.8155 0.0000e+00  -60.61617  -54.71983 1153455449 202.178831    34.1702 0.0000e+00
     20.000    -0.6069   2.790942    -0.6078   2.791507    7.60176     0.2336    13.8155 0.0000e+00  -60.61617  -54.71983 1153455451 202.178846    34.1681 0.0000e+00
     21.000    -0.6088   2.790758    -0.6093   2.791349    7.59991     0.2556    13.8155 0.0000e+00  -60.61617  -54.71983 1153455452 202.178862    34.1673 0.0000e+00
     22.000    -0.6092   2.790748    -0.6096   2.791336    7.59819     0.2631    13.8155 0.0000e+00  -60.61617  -54.71983 1153455454 202.178891    34.1670 0.0000e+00
     23.000    -0.6080   2.790954    -0.6082   2.791551    7.59850     0.2667    13.8155 0.0000e+00  -60.61617  -54.71983 1153455457 202.178922    34.1678 0.0000e+00
     24.000    -0.6078   2.791035    -0.6081   2.791590    7.60035     0.2555    13.8155 0.0000e+00  -60.61617  -54.71983 1153455460 202.178950    34.1680 0.0000e+00
     25.000    -0.6072   2.791176    -0.6074   2.791755    7.59416     0.2648    13.8155 0.0000e+00  -60.61617  -54.71983 1153455461 202.178969    34.1686 0.0000e+00
     26.000    -0.6074   2.791202    -0.6075   2.791775    7.59184     0.2546    13.8155 0.0000e+00  -60.61617  -54.71983 1153455463 202.178984    34.1685 0.0000e+00
     27.000    -0.6078   2.791163    -0.6081   2.791714    7.59731     0.2701    13.8155 0.0000e+00  -60.61617  -54.71983 1153455465 202.179012    34.1679 0.0000e+00
     28.000    -0.6060   2.791468    -0.6056   2.792101    7.60160     0.2602    13.8155 0.0000e+00  -60.61617  -54.71983 1153455469 202.179058    34.1693 0.0000e+00
     29.000    -0.6036   2.791842    -0.6036   2.792426    7.59500     0.2504    13.8155 0.0000e+00  -60.61617  -54.71983 1153455470 202.179071    34.1709 0.0000e+00
     30.000    -0.6044   2.791797    -0.6048   2.792312    7.59497     0.2548    13.8155 0.0000e+00  -60.61617  -54.71983 1153455471 202.179086    34.1706 0.0000e+00
     31.000    -0.6013   2.792218    -0.6033   2.792531    7.59253     0.2651    13.8155 0.0000e+00  -60.61617  -54.71983 1153455473 202.179109    34.1721 0.0000e+00
     32.000    -0.5996   2.792472    -0.6000   2.792987    7.59883     0.2490    13.8155 0.0000e+00  -60.61617  -54.71983 1153455476 202.179144    34.1729 0.0000e+00
     33.000    -0.5998   2.792512    -0.6001   2.793025    7.59616     0.2523    13.8155 0.0000e+00  -60.61617  -54.71983 1153455478 202.179165    34.1733 0.0000e+00
     34.000    -0.5997   2.792558    -0.6012   2.792918    7.59445     0.2530    13.8155 0.0000e+00  -60.61617  -54.71983 1153455480 202.179181    34.1731 0.0000e+00
     35.000    -0.6012   2.792428    -0.6009   2.793014    7.59095     0.2600    13.8155 0.0000e+00  -60.61617  -54.71983 1153455481 202.179199    34.1725 0.0000e+00
     36.000    -0.5998   2.792678    -0.5996   2.793235    7.59427     0.2611    13.8155 0.0000e+00  -60.61617  -54.71983 1153455484 202.179237    34.1736 0.0000e+00
     37.000    -0.5997   2.792734    -0.6000   2.793245    7.59287     0.2608    13.8155 0.0000e+00  -60.61617  -54.71983 1153455488 202.179284    34.1737 0.0000e+00
     38.000    -0.5909   2.793783    -0.5900   2.794334    7.59113     0.2666    13.8155 0.0000e+00  -60.61617  -54.71983 1153455490 202.179297    34.1773 0.0000e+00
     39.000    -0.5873   2.794504    -0.5880   2.794991    7.58925     0.2329    13.8155 0.0000e+00  -60.61617  -54.71983 1153455491 202.179308    34.1818 0.0000e+00
     40.000    -0.5918   2.794267    -0.5917   2.794801    7.58963     0.2546    13.8155 0.0000e+00  -60.61617  -54.71983 1153455492 202.179319    34.1834 0.0000e+00
     41.000    -0.5914   2.794395    -0.5912   2.794933    7.59273     0.2599    13.8155 0.0000e+00  -60.61617  -54.71983 1153455493 202.179334    34.1840 0.0000e+00
     42.000    -0.5918   2.794430    -0.5917   2.794960    7.60123     0.2520    13.8155 0.0000e+00  -60.61617  -54.71983 1153455499 202.179403    34.1844 0.0000e+00
     43.000    -0.5933   2.794386    -0.5931   2.794927    7.59750     0.2439    13.8155 0.0000e+00  -60.61617  -54.71983 1153455500 202.179416    34.1850 0.0000e+00
     44.000    -0.5955   2.794236    -0.5951   2.794798    7.59561     0.2734    13.8155 0.0000e+00  -60.61617  -54.71983 1153455501 202.179425    34.1848 0.0000e+00
     45.000    -0.5982   2.794049    -0.5983   2.794592    7.59470     0.2431    13.8155 0.0000e+00  -60.61617  -54.71983 1153455501 202.179433    34.1849 0.0000e+00
     46.000    -0.5979   2.794141    -0.5978   2.794667    7.59321     0.2597    13.8155 0.0000e+00  -60.61617  -54.71983 1153455505 202.179471    34.1852 0.0000e+00
     47.000    -0.5965   2.794306    -0.5960   2.794848    7.58257     0.2308    13.8155 0.0000e+00  -60.61617  -54.71983 1153455509 202.179521    34.1856 0.0000e+00
     48.000    -0.5949   2.794570    -0.5942   2.795107    7.57339     0.2440    13.8155 0.0000e+00  -60.61617  -54.71983 1153455510 202.179534    34.1862 0.0000e+00
     49.000    -0.5908   2.795015    -0.5912   2.795443    7.56087     0.2594    13.8155 0.0000e+00  -60.61617  -54.71983 1153455511 202.179549    34.1869 0.0000e+00
     50.000    -0.5600   2.798042    -0.5552   2.798829    7.52086     0.2516    13.8155 0.0000e+00  -60.61617  -54.71983 1153455513 202.179568    34.1918 0.0000e+00
     51.000    -0.4982   2.803801    -0.4969   2.804328    7.45532     0.2548    13.8155 0.0000e+00  -60.61617  -54.71983 1153455515 202.179594    34.1972 0.0000e+00
     52.000    -0.4862   2.804980    -0.4868   2.805346    7.38494     0.2403    13.8155 0.0000e+00  -60.61617  -54.71983 1153455519 202.179643    34.1996 0.0000e+00
     53.000    -0.4821   2.805467    -0.4788   2.806161    7.36684     0.2297    13.8155 0.0000e+00  -60.61617  -54.71983 1153455520 202.179654    34.2007 0.0000e+00
     54.000    -0.4475   2.808711    -0.4407   2.809688    7.34756     0.2302    13.8155 0.0000e+00  -60.61617  -54.71983 1153455522 202.179668    34.2036 0.0000e+00
     55.000    -0.4364   2.809687    -0.4284   2.810816    7.31023     0.2503    13.8155 0.0000e+00  -60.61617  -54.71983 1153455524 202.179699    34.2046 0.0000e+00
     56.000    -0.4017   2.812873    -0.4031   2.813111    7.26669     0.2333    13.8155 0.0000e+00  -60.61617  -54.71983 1153455526 202.179723    34.2071 0.0000e+00
     57.000    -0.3796   2.814939    -0.3762   2.815601    7.22835     0.2431    13.8155 0.0000e+00  -60.61617  -54.71983 1153455528 202.179747    34.2090 0.0000e+00
     58.000    -0.2957   2.822882    -0.2889   2.823676    7.16734     0.2201    13.8155 0.0000e+00  -60.61617  -54.71983 1153455531 202.179774    34.2170 0.0000e+00
     59.000    -0.2707   2.825287    -0.2691   2.825730    7.13274     0.2209    13.8155 0.0000e+00  -60.61617  -54.71983 1153455532 202.179790    34.2219 0.0000e+00
     60.000    -0.2658   2.825823    -0.2646   2.826258    7.09451     0.2303    13.8155 0.0000e+00  -60.61617  -54.71983 1153455535 202.179818    34.2237 0.0000e+00
     61.000    -0.2616   2.826347    -0.2607   2.826819    7.06099     0.2171    13.8155 0.0000e+00  -60.61617  -54.71983 1153455538 202.179858    34.2268 0.0000e+00
     62.000    -0.2570   2.827124    -0.2561   2.827555    7.05342     0.2157    13.8155 0.0000e+00  -60.61617  -54.71983 1153455539 202.179870    34.2313 0.0000e+00
     63.000    -0.2572   2.827165    -0.2567   2.827591    7.04759     0.2049    13.8155 0.0000e+00  -60.61617  -54.71983 1153455540 202.179884    34.2319 0.0000e+00
     64.000    -0.2583   2.827135    -0.2599   2.827420    7.04272     0.2174    13.8155 0.0000e+00  -60.61617  -54.71983 1153455543 202.179910    34.2327 0.0000e+00
     65.000    -0.2641   2.826889    -0.2635   2.827336    7.04416     0.2242    13.8155 0.0000e+00  -60.61617  -54.71983 1153455545 202.179939    34.2359 0.0000e+00
     66.000    -0.2640   2.826949    -0.2632   2.827418    7.03996     0.2259    13.8155 0.0000e+00  -60.61617  -54.71983 1153455547 202.179965    34.2362 0.0000e+00
     67.000    -0.2649   2.826895    -0.2630   2.827525    7.03797     0.2187    13.8155 0.0000e+00  -60.61617  -54.71983 1153455550 202.179992    34.2361 0.0000e+00
     68.000    -0.2607   2.827640    -0.2595   2.828136    7.03557     0.2264    13.8155 0.0000e+00  -60.61617  -54.71983 1153455552 202.180021    34.2404 0.0000e+00
     69.000    -0.2585   2.828019    -0.2578   2.828466    7.03205     0.2367    13.8155 0.0000e+00  -60.61617  -54.71983 1153455555 202.180053    34.2426 0.0000e+00
     70.000    -0.2584   2.828054    -0.2574   2.828553    7.02729     0.2217    13.8155 0.0000e+00  -60.61617  -54.71983 1153455556 202.180062    34.2425 0.0000e+00
     71.000    -0.2568   2.828346    -0.2565   2.828761    7.02227     0.2336    13.8155 0.0000e+00  -60.61617  -54.71983 1153455556 202.180070    34.2440 0.0000e+00
     72.000    -0.2548   2.828667    -0.2546   2.829088    7.01801     0.2338    13.8155 0.0000e+00  -60.61617  -54.71983 1153455557 202.180078    34.2454 0.0000e+00
     73.000    -0.2540   2.828866    -0.2531   2.829363    7.01264     0.2311    13.8155 0.0000e+00  -60.61617  -54.71983 1153455562 202.180129    34.2465 0.0000e+00
     74.000    -0.2536   2.828991    -0.2530   2.829430    7.01095     0.2147    13.8155 0.0000e+00  -60.61617  -54.71983 1153455565 202.180166    34.2473 0.0000e+00
     75.000    -0.2534   2.829080    -0.2526   2.829539    7.00786     0.2354    13.8155 0.0000e+00  -60.61617  -54.71983 1153455566 202.180176    34.2476 0.0000e+00
     76.000    -0.2509   2.829515    -0.2503   2.829922    7.00156     0.2123    13.8155 0.0000e+00  -60.61617  -54.71983 1153455567 202.180188    34.2499 0.0000e+00
     77.000    -0.2478   2.829961    -0.2470   2.830400    6.99873     0.2259    13.8155 0.0000e+00  -60.61617  -54.71983 1153455569 202.180211    34.2517 0.0000e+00
     78.000    -0.2478   2.830065    -0.2460   2.830604    6.98700     0.2141    13.8155 0.0000e+00  -60.61617  -54.71983 1153455575 202.180284    34.2527 0.0000e+00
     79.000    -0.2344   2.831653    -0.2328   2.832118    6.97830     0.2309    13.8155 0.0000e+00  -60.61617  -54.71983 1153455576 202.180292    34.2579 0.0000e+00
     80.000    -0.2248   2.832746    -0.2233   2.833168    6.96509     0.2365    13.8155 0.0000e+00  -60.61617  -54.71983 1153455576 202.180302    34.2609 0.0000e+00
     81.000    -0.2123   2.834107    -0.2102   2.834596    6.95094     0.2342    13.8155 0.0000e+00  -60.61617  -54.71983 1153455577 202.180311    34.2641 0.0000e+00
     82.000    -0.1934   2.836143    -0.1915   2.836642    6.93420     0.2462    13.8155 0.0000e+00  -60.61617  -54.71983 1153455578 202.180324    34.2688 0.0000e+00
     83.000    -0.1933   2.836220    -0.1905   2.836805    6.90020     0.2510    13.8155 0.0000e+00  -60.61617  -54.71983 1153455584 202.180384    34.2699 0.0000e+00
     84.000    -0.1792   2.837815    -0.1778   2.838316    6.88041     0.2495    13.8155 0.0000e+00  -60.61617  -54.71983 1153455586 202.180408    34.2747 0.0000e+00
     85.000    -0.1756   2.838499    -0.1749   2.838908    6.86558     0.2412    13.8155 0.0000e+00  -60.61617  -54.71983 1153455588 202.180431    34.2788 0.0000e+00
     86.000    -0.1742   2.838811    -0.1733   2.839221    6.85758     0.2313    13.8155 0.0000e+00  -60.61617  -54.71983 1153455589 202.180444    34.2810 0.0000e+00
     87.000    -0.1789   2.838628    -0.1793   2.838977    6.85406     0.2441    13.8155 0.0000e+00  -60.61617  -54.71983 1153455590 202.180455    34.2833 0.0000e+00
     88.000    -0.1808   2.838499    -0.1803   2.838898    6.84816     0.2534    13.8155 0.0000e+00  -60.61617  -54.71983 1153455592 202.180487    34.2835 0.0000e+00
     89.000    -0.1809   2.838578    -0.1810   2.838930    6.84806     0.2315    13.8155 0.0000e+00  -60.61617  -54.71983 1153455596 202.180526    34.2842 0.0000e+00
     90.000    -0.1863   2.838223    -0.1867   2.838568    6.83582     0.2484    13.8155 0.0000e+00  -60.61617  -54.71983 1153455598 202.180550    34.2850 0.0000e+00
     91.000    -0.1943   2.837976    -0.1941   2.838320    6.82071     0.2495    13.8155 0.0000e+00  -60.61617  -54.71983 1153455600 202.180577    34.2906 0.0000e+00
     92.000    -0.1713   2.840487    -0.1703   2.840829    6.78462     0.2386    13.8155 0.0000e+00  -60.61617  -54.71983 1153455602 202.180593    34.2970 0.0000e+00
     93.000    -0.0558   2.851681    -0.0470   2.852117    6.72381     0.2516    13.8155 0.0000e+00  -60.61617  -54.71983 1153455603 202.180606    34.3138 0.0000e+00
     94.000     0.0442   2.860676     0.0478   2.861083    6.66854     0.2631    13.8155 0.0000e+00  -60.61617  -54.71983 1153455604 202.180621    34.3161 0.0000e+00
     95.000     0.0511   2.861267     0.0462   2.861077    6.56019     0.2824    13.8155 0.0000e+00  -60.61617  -54.71983 1153455607 202.180654    34.3176 0.0000e+00
     96.000     0.2109   2.876335     0.2240   2.877310    6.30804     0.2904    13.8155 0.0000e+00  -60.61617  -54.71983 1153455611 202.180703    34.3356 0.0000e+00
     97.000     0.5182   2.904935     0.5237   2.904950    6.05283     0.2990    13.8155 0.0000e+00  -60.61617  -54.71983 1153455613 202.180727    34.3601 0.0000e+00
     98.000     0.6095   2.913285     0.6124   2.913356    5.92555     0.3159    13.8155 0.0000e+00  -60.61617  -54.71983 1153455614 202.180740    34.3651 0.0000e+00
     99.000     0.7102   2.923223     0.7236   2.923674    5.82881     0.3194    13.8155 0.0000e+00  -60.61617  -54.71983 1153455615 202.180751    34.3831 0.0000e+00
    100.000     0.8648   2.937462     0.8716   2.937582    5.69539     0.3503    13.8155 0.0000e+00  -60.61617  -54.71983 1153455616 202.180762    34.3912 0.0000e+00
    101.000     0.9905   2.949309     1.0021   2.950117    5.55360     0.3140    13.8155 0.0000e+00  -60.61617  -54.71983 1153455618 202.180785    34.4039 0.0000e+00
    102.000     1.0580   2.955712     1.0681   2.956275    5.35150     0.2639    13.8155 0.0000e+00  -60.61617  -54.71983 1153455624 202.180852    34.4184 0.0000e+00
    103.000     1.1002   2.959593     1.1013   2.959619    5.28900     0.2573    13.8155 0.0000e+00  -60.61617  -54.71983 1153455625 202.180864    34.4205 0.0000e+00
    104.000     1.1050   2.960060     1.1030   2.959915    5.26638     0.2362    13.8155 0.0000e+00  -60.61617  -54.71983 1153455626 202.180878    34.4223 0.0000e+00
    105.000     0.9994   2.950238     0.9978   2.950468    5.28100     0.2209    13.8155 0.0000e+00  -60.61617  -54.71983 1153455628 202.180899    34.4170 0.0000e+00
    106.000     0.9620   2.946982     0.9640   2.947277    5.29825     0.2344    13.8155 0.0000e+00  -60.61617  -54.71983 1153455630 202.180922    34.4185 0.0000e+00
