product_data/regression_test/downloaded_data/MGDS/320620060703/ctd/adapted/heads_insert_p6617610.cnv
* Sea-Bird SBE 9 Data File:
* FileName = D:\Data\Raw\p6617610.dat
* Software Version Seasave Win32 V 5.32
* Temperature SN = 1649
* Conductivity SN = 1431
* Number of Bytes Per Scan = 37
* Number of Voltage Words = 5
* Number of Scans Averaged by the Deck Unit = 1
* NMEA Latitude = 60 37.00 S
* NMEA Longitude = 054 43.23 W
* NMEA UTC (Time) = 14:08:35
** Ship:   Nathaniel B. Palmer 
** Cruise:    NBP0606 
# nquan = 15
# nvalues = 288                         
# units = specified
# name 0 = prDM: Pressure, Digiquartz [db]
# name 1 = t090C: Temperature [ITS-90, deg C]
# name 2 = c0S/m: Conductivity [S/m]
# name 3 = t190C: Temperature, 2 [ITS-90, deg C]
# name 4 = c1S/m: Conductivity, 2 [S/m]
# name 5 = sbeox0ML/L: Oxygen, SBE 43 [ml/l]
# name 6 = flECO-AFL: Fluorescence, Wetlab ECO-AFL/FL [mg/m^3]
# name 7 = bat: Beam Attenuation, Chelsea/Seatech/Wetlab CStar [1/m]
# name 8 = spar: SPAR/Surface Irradiance
# name 9 = latitude: Latitude [deg]
# name 10 = longitude: Longitude [deg]
# name 11 = timeY: Time, System [seconds]
# name 12 = timeJ: Julian Days
# name 13 = sal00: Salinity [PSU]
# name 14 = flag: flag
# span 0 =     15.000,    302.000       
# span 1 =    -0.7378,     1.4632       
# span 2 =   2.779782,   3.001571       
# span 3 =    -0.7377,     1.4646       
# span 4 =   2.780617,   3.001795       
# span 5 =    4.92380,    7.70556       
# span 6 =    -0.0548,     0.7154       
# span 7 =    13.8155,    13.8155       
# span 8 = 2.8899e+01, 3.8924e+01       
# span 9 =  -60.61667,  -60.61667       
# span 10 =  -54.72050,  -54.72050      
# span 11 = 1153490923, 1153491514      
# span 12 = 202.589384, 202.596246      
# span 13 =    34.1674,    34.5486      
# span 14 = 0.0000e+00, 0.0000e+00      
# interval = decibars: 1                
# start_time = Jul 21 2006 14:08:43
# bad_flag = -9.990e-29
*END*
[from data line 193]
    207.000     0.0354   2.872228     0.0351   2.872783    6.18070    -0.0345    13.8155 3.1106e+01  -60.61667  -54.72050 1153491286 202.593610    34.4285 0.0000e+00
    208.000     0.0500   2.873790     0.0539   2.874494    6.19866    -0.0272    13.8155 3.2686e+01  -60.61667  -54.72050 1153491287 202.593622    34.4308 0.0000e+00
    209.000     0.0845   2.877035     0.0874   2.877719    6.21326    -0.0268    13.8155 3.3035e+01  -60.61667  -54.72050 1153491289 202.593639    34.4310 0.0000e+00
    210.000     0.0861   2.877296     0.0866   2.877779    6.22612    -0.0275    13.8155 3.1743e+01  -60.61667  -54.72050 1153491291 202.593665    34.4299 0.0000e+00
    211.000     0.0880   2.877581     0.0906   2.878212    6.21850    -0.0339    13.8155 3.3172e+01  -60.61667  -54.72050 1153491293 202.593689    34.4297 0.0000e+00
    212.000     0.0942   2.878222     0.0971   2.878869    6.21059    -0.0380    13.8155 3.3118e+01  -60.61667  -54.72050 1153491295 202.593705    34.4298 0.0000e+00
    213.000     0.0998   2.878796     0.1021   2.879392    6.21261    -0.0336    13.8155 3.3118e+01  -60.61667  -54.72050 1153491296 202.593715    34.4298 0.0000e+00
    214.000     0.1053   2.879379     0.1068   2.879862    6.19835    -0.0326    13.8155 3.3118e+01  -60.61667  -54.72050 1153491296 202.593724    34.4306 0.0000e+00
    215.000     0.1468   2.883513     0.1491   2.883772    6.18000    -0.0313    13.8155 3.3118e+01  -60.61667  -54.72050 1153491297 202.593732    34.4376 0.0000e+00
    216.000     0.1734   2.885858     0.1708   2.885877    6.16236    -0.0342    13.8155 3.3118e+01  -60.61667  -54.72050 1153491298 202.593739    34.4364 0.0000e+00
    217.000     0.2307   2.891401     0.2294   2.891257    6.14593    -0.0285    13.8155 3.3118e+01  -60.61667  -54.72050 1153491298 202.593746    34.4420 0.0000e+00
    218.000     0.2618   2.894184     0.2759   2.895580    6.11424    -0.0303    13.8155 3.3118e+01  -60.61667  -54.72050 1153491300 202.593767    34.4429 0.0000e+00
    219.000     0.2149   2.890022     0.2380   2.892077    6.08144    -0.0344    13.8155 3.3118e+01  -60.61667  -54.72050 1153491304 202.593809    34.4411 0.0000e+00
    220.000     0.2815   2.895968     0.3063   2.898569    6.04663    -0.0267    13.8155 3.3118e+01  -60.61667  -54.72050 1153491305 202.593825    34.4415 0.0000e+00
    221.000     0.3889   2.905997     0.3889   2.906136    6.01772    -0.0436    13.8155 3.3118e+01  -60.61667  -54.72050 1153491306 202.593837    34.4517 0.0000e+00
    222.000     0.3940   2.906521     0.3946   2.906783    5.99619    -0.0312    13.8155 3.3118e+01  -60.61667  -54.72050 1153491307 202.593846    34.4524 0.0000e+00
    223.000     0.3993   2.907068     0.4005   2.907411    5.97979    -0.0094    13.8155 3.3118e+01  -60.61667  -54.72050 1153491308 202.593855    34.4534 0.0000e+00
    224.000     0.4024   2.907393     0.4037   2.907745    5.96547    -0.0167    13.8155 3.3118e+01  -60.61667  -54.72050 1153491308 202.593863    34.4541 0.0000e+00
    225.000     0.4097   2.908105     0.4105   2.908449    5.94811    -0.0322    13.8155 3.3118e+01  -60.61667  -54.72050 1153491309 202.593873    34.4547 0.0000e+00
    226.000     0.4070   2.907908     0.4082   2.908260    5.93264    -0.0315    13.8155 3.3118e+01  -60.61667  -54.72050 1153491310 202.593884    34.4552 0.0000e+00
    227.000     0.4146   2.908668     0.4166   2.909094    5.92542    -0.0269    13.8155 3.3118e+01  -60.61667  -54.72050 1153491311 202.593900    34.4565 0.0000e+00
    228.000     0.4315   2.910263     0.4330   2.910639    5.90943    -0.0229    13.8155 3.3118e+01  -60.61667  -54.72050 1153491314 202.593928    34.4584 0.0000e+00
    229.000     0.4150   2.908735     0.4172   2.909394    5.91048    -0.0303    13.8155 3.3118e+01  -60.61667  -54.72050 1153491316 202.593951    34.4576 0.0000e+00
    230.000     0.3875   2.906406     0.3898   2.906924    5.90981    -0.0321    13.8155 3.3118e+01  -60.61667  -54.72050 1153491317 202.593964    34.4582 0.0000e+00
    231.000     0.3903   2.906641     0.3969   2.907592    5.90622    -0.0299    13.8155 3.3118e+01  -60.61667  -54.72050 1153491318 202.593977    34.4571 0.0000e+00
    232.000     0.3711   2.905021     0.3691   2.905137    5.91273    -0.0408    13.8155 3.3118e+01  -60.61667  -54.72050 1153491319 202.593990    34.4578 0.0000e+00
    233.000     0.3912   2.906957     0.3926   2.907369    5.89762    -0.0471    13.8155 3.3118e+01  -60.61667  -54.72050 1153491320 202.594003    34.4594 0.0000e+00
    234.000     0.4117   2.909190     0.4144   2.909473    5.88035    -0.0356    13.8155 3.3118e+01  -60.61667  -54.72050 1153491321 202.594013    34.4646 0.0000e+00
    235.000     0.5071   2.918323     0.5075   2.918169    5.86735    -0.0178    13.8155 3.3118e+01  -60.61667  -54.72050 1153491322 202.594022    34.4712 0.0000e+00
    236.000     0.5104   2.918406     0.5101   2.918665    5.85188    -0.0225    13.8155 3.3118e+01  -60.61667  -54.72050 1153491323 202.594031    34.4705 0.0000e+00
    237.000     0.5033   2.917921     0.5063   2.918413    5.83124    -0.0208    13.8155 3.3118e+01  -60.61667  -54.72050 1153491324 202.594044    34.4726 0.0000e+00
    238.000     0.4937   2.917082     0.5158   2.919374    5.80206    -0.0295    13.8155 3.3118e+01  -60.61667  -54.72050 1153491327 202.594082    34.4732 0.0000e+00
    239.000     0.5285   2.920470     0.5297   2.920698    5.77968    -0.0349    13.8155 3.3118e+01  -60.61667  -54.72050 1153491329 202.594104    34.4775 0.0000e+00
    240.000     0.5449   2.922057     0.5483   2.922568    5.76566    -0.0327    13.8155 3.3118e+01  -60.61667  -54.72050 1153491330 202.594116    34.4791 0.0000e+00
    241.000     0.5635   2.923887     0.5656   2.924220    5.75531    -0.0480    13.8155 3.3118e+01  -60.61667  -54.72050 1153491331 202.594125    34.4815 0.0000e+00
    242.000     0.5702   2.924515     0.5710   2.924801    5.74399    -0.0125    13.8155 3.3118e+01  -60.61667  -54.72050 1153491332 202.594134    34.4814 0.0000e+00
    243.000     0.5719   2.924716     0.5734   2.925081    5.73152    -0.0438    13.8155 3.3118e+01  -60.61667  -54.72050 1153491332 202.594143    34.4818 0.0000e+00
    244.000     0.5852   2.926071     0.5880   2.926466    5.72223    -0.0308    13.8155 3.3118e+01  -60.61667  -54.72050 1153491333 202.594152    34.4841 0.0000e+00
    245.000     0.5979   2.927254     0.5983   2.927500    5.71165    -0.0359    13.8155 3.3118e+01  -60.61667  -54.72050 1153491334 202.594162    34.4844 0.0000e+00
    246.000     0.6014   2.927636     0.6021   2.927917    5.70132    -0.0314    13.8155 3.3118e+01  -60.61667  -54.72050 1153491335 202.594176    34.4853 0.0000e+00
    247.000     0.6023   2.927739     0.6024   2.927993    5.69348    -0.0321    13.8155 3.3118e+01  -60.61667  -54.72050 1153491338 202.594203    34.4856 0.0000e+00
    248.000     0.5933   2.926930     0.5931   2.927200    5.70338    -0.0342    13.8155 3.3118e+01  -60.61667  -54.72050 1153491341 202.594241    34.4854 0.0000e+00
    249.000     0.5860   2.926309     0.5869   2.926707    5.71859    -0.0373    13.8155 3.2799e+01  -60.61667  -54.72050 1153491342 202.594256    34.4851 0.0000e+00
    250.000     0.5638   2.924285     0.5648   2.924776    5.72769    -0.0263    13.8155 3.2300e+01  -60.61667  -54.72050 1153491343 202.594265    34.4835 0.0000e+00
    251.000     0.5532   2.923355     0.5539   2.923811    5.72923    -0.0362    13.8155 3.1892e+01  -60.61667  -54.72050 1153491344 202.594273    34.4829 0.0000e+00
    252.000     0.5411   2.922274     0.5407   2.922643    5.73348    -0.0322    13.8155 3.2689e+01  -60.61667  -54.72050 1153491344 202.594280    34.4819 0.0000e+00
    253.000     0.5310   2.921399     0.5318   2.921853    5.73875    -0.0352    13.8155 3.2975e+01  -60.61667  -54.72050 1153491345 202.594286    34.4817 0.0000e+00
    254.000     0.5211   2.920529     0.5217   2.920948    5.74476    -0.0415    13.8155 3.2968e+01  -60.61667  -54.72050 1153491345 202.594293    34.4810 0.0000e+00
    255.000     0.5184   2.920369     0.5193   2.920768    5.74882    -0.0252    13.8155 3.2859e+01  -60.61667  -54.72050 1153491346 202.594300    34.4815 0.0000e+00
    256.000     0.5033   2.919040     0.5024   2.919369    5.75617    -0.0332    13.8155 3.3097e+01  -60.61667  -54.72050 1153491348 202.594322    34.4804 0.0000e+00
    257.000     0.5254   2.921055     0.5200   2.920993    5.76987    -0.0421    13.8155 3.3118e+01  -60.61667  -54.72050 1153491352 202.594374    34.4809 0.0000e+00
    258.000     0.5004   2.918864     0.4972   2.919091    5.77655    -0.0351    13.8155 3.3118e+01  -60.61667  -54.72050 1153491353 202.594382    34.4801 0.0000e+00
    259.000     0.4670   2.916063     0.4682   2.916568    5.78073    -0.0367    13.8155 3.3118e+01  -60.61667  -54.72050 1153491354 202.594390    34.4807 0.0000e+00
    260.000     0.4676   2.916242     0.4679   2.916558    5.78064    -0.0396    13.8155 3.3118e+01  -60.61667  -54.72050 1153491355 202.594398    34.4820 0.0000e+00
    261.000     0.4746   2.916946     0.4761   2.917353    5.78062    -0.0486    13.8155 3.2923e+01  -60.61667  -54.72050 1153491355 202.594406    34.4824 0.0000e+00
    262.000     0.4918   2.918670     0.4929   2.919031    5.77940    -0.0404    13.8155 3.2949e+01  -60.61667  -54.72050 1153491356 202.594419    34.4842 0.0000e+00
    263.000     0.4968   2.919219     0.4988   2.919676    5.76750    -0.0346    13.8155 3.2343e+01  -60.61667  -54.72050 1153491358 202.594438    34.4848 0.0000e+00
    264.000     0.5108   2.920660     0.5134   2.921130    5.76126    -0.0403    13.8155 3.3093e+01  -60.61667  -54.72050 1153491359 202.594454    34.4870 0.0000e+00
    265.000     0.5149   2.921089     0.5157   2.921419    5.75153    -0.0254    13.8155 3.2973e+01  -60.61667  -54.72050 1153491360 202.594465    34.4874 0.0000e+00
    266.000     0.5381   2.923412     0.5410   2.923762    5.73579    -0.0402    13.8155 3.2911e+01  -60.61667  -54.72050 1153491361 202.594477    34.4909 0.0000e+00
    267.000     0.6010   2.929450     0.6063   2.930007    5.70503    -0.0341    13.8155 3.2125e+01  -60.61667  -54.72050 1153491363 202.594496    34.4968 0.0000e+00
    268.000     0.6308   2.932264     0.6317   2.932597    5.66697    -0.0339    13.8155 3.3168e+01  -60.61667  -54.72050 1153491365 202.594519    34.4992 0.0000e+00
    269.000     0.6302   2.932292     0.6314   2.932638    5.64544    -0.0393    13.8155 3.3118e+01  -60.61667  -54.72050 1153491366 202.594533    34.5002 0.0000e+00
    270.000     0.6385   2.933167     0.6403   2.933561    5.62642    -0.0235    13.8155 3.2513e+01  -60.61667  -54.72050 1153491367 202.594546    34.5019 0.0000e+00
    271.000     0.6752   2.936852     0.6780   2.937049    5.59517    -0.0382    13.8155 3.1269e+01  -60.61667  -54.72050 1153491368 202.594559    34.5083 0.0000e+00
    272.000     0.7411   2.943053     0.7397   2.942912    5.54948    -0.0371    13.8155 3.1735e+01  -60.61667  -54.72050 1153491370 202.594572    34.5131 0.0000e+00
    273.000     0.8220   2.950903     0.8256   2.950971    5.49933    -0.0275    13.8155 3.2801e+01  -60.61667  -54.72050 1153491371 202.594586    34.5232 0.0000e+00
    274.000     0.8689   2.955309     0.8790   2.956221    5.45662    -0.0312    13.8155 3.3126e+01  -60.61667  -54.72050 1153491372 202.594598    34.5262 0.0000e+00
    275.000     0.9062   2.958866     0.9051   2.958825    5.41388    -0.0443    13.8155 3.3118e+01  -60.61667  -54.72050 1153491373 202.594611    34.5298 0.0000e+00
    276.000     0.9447   2.962636     0.9456   2.962665    5.37594    -0.0419    13.8155 3.3118e+01  -60.61667  -54.72050 1153491374 202.594625    34.5354 0.0000e+00
    277.000     0.9765   2.965617     0.9771   2.965781    5.34257    -0.0390    13.8155 3.3118e+01  -60.61667  -54.72050 1153491375 202.594640    34.5377 0.0000e+00
    278.000     0.9883   2.966795     0.9921   2.967257    5.31307    -0.0388    13.8155 3.3118e+01  -60.61667  -54.72050 1153491377 202.594662    34.5406 0.0000e+00
    279.000     0.9999   2.967915     1.0013   2.968220    5.29329    -0.0421    13.8155 3.3118e+01  -60.61667  -54.72050 1153491379 202.594683    34.5425 0.0000e+00
    280.000     1.0003   2.968001     1.0017   2.968318    5.28771    -0.0426    13.8155 3.3118e+01  -60.61667  -54.72050 1153491380 202.594697    34.5432 0.0000e+00
    281.000     0.9974   2.967746     0.9976   2.968007    5.28805    -0.0344    13.8155 3.3118e+01  -60.61667  -54.72050 1153491381 202.594710    34.5432 0.0000e+00
    282.000     0.9922   2.967351     0.9937   2.967682    5.28499    -0.0449    13.8155 3.3118e+01  -60.61667  -54.72050 1153491383 202.594723    34.5440 0.0000e+00
    283.000     0.9994   2.968092     1.0008   2.968383    5.28092    -0.0215    13.8155 3.3118e+01  -60.61667  -54.72050 1153491384 202.594736    34.5453 0.0000e+00
    284.000     1.0034   2.968468     1.0041   2.968740    5.27905    -0.0368    13.8155 3.3118e+01  -60.61667  -54.72050 1153491385 202.594747    34.5451 0.0000e+00
    285.000     0.9963   2.967829     0.9964   2.968063    5.27748    -0.0347    13.8155 3.3118e+01  -60.61667  -54.72050 1153491386 202.594757    34.5447 0.0000e+00
    286.000     0.9962   2.967866     0.9976   2.968198    5.27553    -0.0385    13.8155 3.3118e+01  -60.61667  -54.72050 1153491386 202.594768    34.5450 0.0000e+00
    287.000     0.9996   2.968244     1.0012   2.968594    5.27488    -0.0455    13.8155 3.3118e+01  -60.61667  -54.72050 1153491388 202.594782    34.5458 0.0000e+00
    288.000     1.0029   2.968577     1.0032   2.968817    5.27094    -0.0487    13.8155 3.3118e+01  -60.61667  -54.72050 1153491390 202.594806    34.5460 0.0000e+00
    289.000     1.0023   2.968556     1.0033   2.968875    5.26753    -0.0256    13.8155 3.3118e+01  -60.61667  -54.72050 1153491392 202.594830    34.5461 0.0000e+00
    290.000     1.0037   2.968764     1.0069   2.969272    5.27462    -0.0325    13.8155 3.3118e+01  -60.61667  -54.72050 1153491394 202.594849    34.5469 0.0000e+00
    291.000     1.0030   2.968840     1.0075   2.969429    5.28960    -0.0291    13.8155 3.3118e+01  -60.61667  -54.72050 1153491395 202.594863    34.5477 0.0000e+00
    292.000     1.0032   2.968778     1.0078   2.969455    5.28345    -0.0311    13.8155 3.3118e+01  -60.61667  -54.72050 1153491396 202.594873    34.5466 0.0000e+00
    293.000     1.0118   2.969726     1.0130   2.970027    5.28789    -0.0295    13.8155 3.3118e+01  -60.61667  -54.72050 1153491396 202.594882    34.5486 0.0000e+00
    294.000     1.0153   2.970057     1.0150   2.970269    5.29379    -0.0344    13.8155 3.3118e+01  -60.61667  -54.72050 1153491397 202.594891    34.5482 0.0000e+00
    295.000     0.9755   2.966247     0.9648   2.965957    5.30262    -0.0297    13.8155 3.3118e+01  -60.61667  -54.72050 1153491398 202.594901    34.5425 0.0000e+00
    296.000     0.8395   2.953842     0.8219   2.952798    5.34632    -0.0408    13.8155 3.3118e+01  -60.61667  -54.72050 1153491400 202.594924    34.5373 0.0000e+00
    297.000     0.9240   2.961727     0.8791   2.957618    5.36385    -0.0310    13.8155 3.3118e+01  -60.61667  -54.72050 1153491403 202.594959    34.5418 0.0000e+00
    298.000     0.9503   2.963957     0.9064   2.960772    5.37225    -0.0323    13.8155 3.3118e+01  -60.61667  -54.72050 1153491406 202.594995    34.5400 0.0000e+00
    299.000     0.7413   2.945059     0.7448   2.945859    5.42440    -0.0548    13.8155 3.3118e+01  -60.61667  -54.72050 1153491408 202.595015    34.5328 0.0000e+00
    300.000     0.7389   2.944926     0.7399   2.945347    5.44330    -0.0441    13.8155 3.3101e+01  -60.61667  -54.72050 1153491409 202.595031    34.5325 0.0000e+00
    301.000     0.8405   2.954574     0.8467   2.955269    5.40237    -0.0464    13.8155 3.6272e+01  -60.61667  -54.72050 1153491417 202.595125    34.5363 0.0000e+00
    302.000     0.7994   2.950704     0.7172   2.942769    5.51748    -0.0243    13.8155 3.8924e+01  -60.61667  -54.72050 1153491514 202.596246    34.5334 0.0000e+00
