product_data/regression_test/downloaded_data/MGDS/320620060703/ctd/adapted/heads_insert_p6608801.cnv
* Sea-Bird SBE 9 Data File:
* FileName = D:\Data\Raw\P6608801.dat
* Software Version Seasave Win32 V 5.32
* Temperature SN = 1649
* Conductivity SN = 1431
* Number of Bytes Per Scan = 37
* Number of Voltage Words = 5
* Number of Scans Averaged by the Deck Unit = 1
* NMEA Latitude = 61 29.99 S
* NMEA Longitude = 057 48.72 W
* NMEA UTC (Time) = 08:37:07
** Ship:   Nathaniel B. Palmer 
** Cruise:    NBP0603 p0606
** Cast #: 01
** Station:   88
** Operator: rdd
# nquan = 15
# nvalues = 396                         
# units = specified
# name 0 = prDM: Pressure, Digiquartz [db]
# name 1 = t090C: Temperature [ITS-90, deg C]
# name 2 = c0S/m: Conductivity [S/m]
# name 3 = t190C: Temperature, 2 [ITS-90, deg C]
# name 4 = c1S/m: Conductivity, 2 [S/m]
# name 5 = sbeox0ML/L: Oxygen, SBE 43 [ml/l]
# name 6 = flECO-AFL: Fluorescence, Wetlab ECO-AFL/FL [mg/m^3]
# name 7 = bat: Beam Attenuation, Chelsea/Seatech/Wetlab CStar [1/m]
# name 8 = spar: SPAR/Surface Irradiance
# name 9 = latitude: Latitude [deg]
# name 10 = longitude: Longitude [deg]
# name 11 = timeY: Time, System [seconds]
# name 12 = timeJ: Julian Days
# name 13 = sal00: Salinity [PSU]
# name 14 = flag: flag
# span 0 =      5.000,    400.000       
# span 1 =    -0.8012,     0.7478       
# span 2 =   2.770862,   2.958586       
# span 3 =    -0.8006,     0.7474       
# span 4 =   2.771485,   2.958733       
# span 5 =    5.28418,    7.85238       
# span 6 =    -0.1077,     0.3436       
# span 7 =    13.8155,    13.8155       
# span 8 = 0.0000e+00, 0.0000e+00       
# span 9 =  -61.49983,  -61.49983       
# span 10 =  -57.81200,  -57.81200      
# span 11 = 1152520637, 1152521510      
# span 12 = 191.359236, 191.369350      
# span 13 =    34.1049,    34.6354      
# span 14 = 0.0000e+00, 0.0000e+00      
# interval = decibars: 1                
# start_time = Jul 10 2006 08:37:16
# bad_flag = -9.990e-29
*END*
[from data line 193]
    197.000    -0.0590   2.865761    -0.0573   2.866108    6.25105     0.0831    13.8155 0.0000e+00  -61.49983  -57.81200 1152521168 191.365392    34.4444 0.0000e+00
    198.000    -0.0589   2.865109    -0.0584   2.865606    6.24805     0.0987    13.8155 0.0000e+00  -61.49983  -57.81200 1152521171 191.365430    34.4344 0.0000e+00
    199.000    -0.0466   2.866833    -0.0439   2.867456    6.22396     0.0965    13.8155 0.0000e+00  -61.49983  -57.81200 1152521174 191.365461    34.4425 0.0000e+00
    200.000    -0.0129   2.871044    -0.0109   2.871170    6.19123     0.0993    13.8155 0.0000e+00  -61.49983  -57.81200 1152521176 191.365484    34.4592 0.0000e+00
    201.000     0.0299   2.875373     0.0318   2.875646    6.17017     0.0819    13.8155 0.0000e+00  -61.49983  -57.81200 1152521177 191.365497    34.4661 0.0000e+00
    202.000     0.0435   2.876881     0.0386   2.876363    6.14730     0.1053    13.8155 0.0000e+00  -61.49983  -57.81200 1152521178 191.365507    34.4703 0.0000e+00
    203.000     0.0974   2.882159     0.1001   2.882220    6.12541     0.0944    13.8155 0.0000e+00  -61.49983  -57.81200 1152521178 191.365517    34.4776 0.0000e+00
    204.000     0.1100   2.883280     0.1198   2.884323    6.08490     0.0809    13.8155 0.0000e+00  -61.49983  -57.81200 1152521181 191.365542    34.4775 0.0000e+00
    205.000     0.1088   2.883281     0.1345   2.885474    6.04942     0.0624    13.8155 0.0000e+00  -61.49983  -57.81200 1152521184 191.365577    34.4755 0.0000e+00
    206.000     0.1735   2.889304     0.1777   2.889810    6.03281     0.0587    13.8155 0.0000e+00  -61.49983  -57.81200 1152521185 191.365587    34.4839 0.0000e+00
    207.000     0.1759   2.889604     0.1759   2.889707    6.02060     0.0457    13.8155 0.0000e+00  -61.49983  -57.81200 1152521185 191.365597    34.4849 0.0000e+00
    208.000     0.1722   2.889259     0.1737   2.889525    6.00877     0.0350    13.8155 0.0000e+00  -61.49983  -57.81200 1152521187 191.365612    34.4845 0.0000e+00
    209.000     0.1722   2.889300     0.1743   2.889607    5.99681     0.0348    13.8155 0.0000e+00  -61.49983  -57.81200 1152521189 191.365638    34.4852 0.0000e+00
    210.000     0.1922   2.891321     0.1930   2.891397    5.98684     0.0290    13.8155 0.0000e+00  -61.49983  -57.81200 1152521190 191.365653    34.4890 0.0000e+00
    211.000     0.1915   2.891209     0.1917   2.891391    5.98001     0.0272    13.8155 0.0000e+00  -61.49983  -57.81200 1152521192 191.365669    34.4874 0.0000e+00
    212.000     0.1857   2.890714     0.1873   2.890992    5.97268     0.0363    13.8155 0.0000e+00  -61.49983  -57.81200 1152521194 191.365696    34.4878 0.0000e+00
    213.000     0.2109   2.893208     0.2139   2.893544    5.96391     0.0259    13.8155 0.0000e+00  -61.49983  -57.81200 1152521197 191.365725    34.4914 0.0000e+00
    214.000     0.2060   2.892728     0.2075   2.893072    5.95676     0.0213    13.8155 0.0000e+00  -61.49983  -57.81200 1152521197 191.365738    34.4901 0.0000e+00
    215.000     0.1978   2.892064     0.2002   2.892435    5.95036     0.0320    13.8155 0.0000e+00  -61.49983  -57.81200 1152521198 191.365747    34.4906 0.0000e+00
    216.000     0.2280   2.895120     0.2269   2.894969    5.94508     0.0177    13.8155 0.0000e+00  -61.49983  -57.81200 1152521199 191.365757    34.4959 0.0000e+00
    217.000     0.2313   2.895384     0.2329   2.895639    5.93855     0.0096    13.8155 0.0000e+00  -61.49983  -57.81200 1152521200 191.365767    34.4947 0.0000e+00
    218.000     0.2318   2.895526     0.2316   2.895626    5.92960    -0.0007    13.8155 0.0000e+00  -61.49983  -57.81200 1152521203 191.365799    34.4958 0.0000e+00
    219.000     0.2229   2.894700     0.2255   2.895035    5.92141    -0.0200    13.8155 0.0000e+00  -61.49983  -57.81200 1152521206 191.365837    34.4952 0.0000e+00
    220.000     0.2312   2.895639     0.2335   2.896017    5.91438    -0.0258    13.8155 0.0000e+00  -61.49983  -57.81200 1152521207 191.365847    34.4974 0.0000e+00
    221.000     0.2426   2.896974     0.2437   2.897126    5.91003    -0.0305    13.8155 0.0000e+00  -61.49983  -57.81200 1152521208 191.365858    34.5015 0.0000e+00
    222.000     0.2495   2.897721     0.2523   2.898124    5.90547    -0.0149    13.8155 0.0000e+00  -61.49983  -57.81200 1152521209 191.365870    34.5027 0.0000e+00
    223.000     0.2506   2.897910     0.2523   2.898173    5.89955    -0.0127    13.8155 0.0000e+00  -61.49983  -57.81200 1152521210 191.365884    34.5035 0.0000e+00
    224.000     0.2576   2.898679     0.2584   2.898838    5.89262    -0.0134    13.8155 0.0000e+00  -61.49983  -57.81200 1152521211 191.365897    34.5051 0.0000e+00
    225.000     0.2675   2.899735     0.2688   2.899908    5.88298    -0.0235    13.8155 0.0000e+00  -61.49983  -57.81200 1152521213 191.365916    34.5071 0.0000e+00
    226.000     0.2637   2.899328     0.2650   2.899584    5.87003    -0.0430    13.8155 0.0000e+00  -61.49983  -57.81200 1152521216 191.365957    34.5060 0.0000e+00
    227.000     0.2861   2.901735     0.2888   2.902047    5.86002    -0.0453    13.8155 0.0000e+00  -61.49983  -57.81200 1152521218 191.365976    34.5115 0.0000e+00
    228.000     0.2927   2.902435     0.2959   2.902875    5.84845    -0.0383    13.8155 0.0000e+00  -61.49983  -57.81200 1152521219 191.365990    34.5124 0.0000e+00
    229.000     0.3102   2.904394     0.3097   2.904289    5.83608    -0.0252    13.8155 0.0000e+00  -61.49983  -57.81200 1152521220 191.366001    34.5184 0.0000e+00
    230.000     0.3376   2.907186     0.3374   2.907221    5.82435    -0.0322    13.8155 0.0000e+00  -61.49983  -57.81200 1152521221 191.366010    34.5223 0.0000e+00
    231.000     0.3398   2.907499     0.3401   2.907558    5.81559    -0.0434    13.8155 0.0000e+00  -61.49983  -57.81200 1152521222 191.366019    34.5242 0.0000e+00
    232.000     0.3542   2.908988     0.3549   2.909145    5.80627    -0.0506    13.8155 0.0000e+00  -61.49983  -57.81200 1152521223 191.366028    34.5261 0.0000e+00
    233.000     0.3455   2.908160     0.3486   2.908531    5.78952    -0.0509    13.8155 0.0000e+00  -61.49983  -57.81200 1152521226 191.366069    34.5255 0.0000e+00
    234.000     0.3453   2.908219     0.3481   2.908566    5.77918    -0.0557    13.8155 0.0000e+00  -61.49983  -57.81200 1152521229 191.366100    34.5264 0.0000e+00
    235.000     0.3590   2.909715     0.3595   2.909834    5.77340    -0.0557    13.8155 0.0000e+00  -61.49983  -57.81200 1152521230 191.366108    34.5298 0.0000e+00
    236.000     0.3743   2.911275     0.3770   2.911631    5.76647    -0.0363    13.8155 0.0000e+00  -61.49983  -57.81200 1152521230 191.366117    34.5318 0.0000e+00
    237.000     0.3757   2.911439     0.3763   2.911612    5.75930    -0.0379    13.8155 0.0000e+00  -61.49983  -57.81200 1152521231 191.366131    34.5319 0.0000e+00
    238.000     0.3744   2.911353     0.3768   2.911688    5.75098    -0.0501    13.8155 0.0000e+00  -61.49983  -57.81200 1152521234 191.366158    34.5321 0.0000e+00
    239.000     0.3793   2.911935     0.3814   2.912232    5.74357    -0.0436    13.8155 0.0000e+00  -61.49983  -57.81200 1152521235 191.366177    34.5338 0.0000e+00
    240.000     0.3812   2.912148     0.3821   2.912356    5.73880    -0.0436    13.8155 0.0000e+00  -61.49983  -57.81200 1152521237 191.366190    34.5339 0.0000e+00
    241.000     0.3831   2.912410     0.3837   2.912551    5.73442    -0.0383    13.8155 0.0000e+00  -61.49983  -57.81200 1152521238 191.366201    34.5348 0.0000e+00
    242.000     0.4008   2.914190     0.4015   2.914291    5.73050    -0.0521    13.8155 0.0000e+00  -61.49983  -57.81200 1152521239 191.366213    34.5373 0.0000e+00
    243.000     0.4022   2.914325     0.4051   2.914686    5.72520    -0.0471    13.8155 0.0000e+00  -61.49983  -57.81200 1152521241 191.366237    34.5370 0.0000e+00
    244.000     0.3976   2.913980     0.4009   2.914347    5.71824    -0.0677    13.8155 0.0000e+00  -61.49983  -57.81200 1152521246 191.366294    34.5380 0.0000e+00
    245.000     0.4200   2.916208     0.4217   2.916460    5.71273    -0.0503    13.8155 0.0000e+00  -61.49983  -57.81200 1152521246 191.366302    34.5406 0.0000e+00
    246.000     0.4230   2.916535     0.4242   2.916778    5.70597    -0.0436    13.8155 0.0000e+00  -61.49983  -57.81200 1152521247 191.366311    34.5408 0.0000e+00
    247.000     0.4281   2.917156     0.4346   2.917876    5.69619    -0.0432    13.8155 0.0000e+00  -61.49983  -57.81200 1152521248 191.366318    34.5427 0.0000e+00
    248.000     0.4428   2.918730     0.4480   2.919286    5.68844    -0.0388    13.8155 0.0000e+00  -61.49983  -57.81200 1152521248 191.366326    34.5461 0.0000e+00
    249.000     0.4528   2.919756     0.4542   2.919991    5.68180    -0.0423    13.8155 0.0000e+00  -61.49983  -57.81200 1152521249 191.366335    34.5471 0.0000e+00
    250.000     0.4443   2.918900     0.4421   2.918806    5.67701    -0.0559    13.8155 0.0000e+00  -61.49983  -57.81200 1152521251 191.366353    34.5453 0.0000e+00
    251.000     0.4368   2.918172     0.4386   2.918434    5.67343    -0.0605    13.8155 0.0000e+00  -61.49983  -57.81200 1152521253 191.366383    34.5443 0.0000e+00
    252.000     0.4444   2.918986     0.4482   2.919476    5.66922    -0.0591    13.8155 0.0000e+00  -61.49983  -57.81200 1152521255 191.366402    34.5459 0.0000e+00
    253.000     0.4494   2.919609     0.4514   2.919894    5.67082    -0.0700    13.8155 0.0000e+00  -61.49983  -57.81200 1152521260 191.366457    34.5470 0.0000e+00
    254.000     0.4515   2.919820     0.4530   2.920104    5.66884    -0.0870    13.8155 0.0000e+00  -61.49983  -57.81200 1152521260 191.366466    34.5477 0.0000e+00
    255.000     0.4522   2.919930     0.4523   2.920076    5.66722    -0.0646    13.8155 0.0000e+00  -61.49983  -57.81200 1152521261 191.366475    34.5478 0.0000e+00
    256.000     0.4505   2.919791     0.4514   2.920034    5.66520    -0.0631    13.8155 0.0000e+00  -61.49983  -57.81200 1152521262 191.366483    34.5473 0.0000e+00
    257.000     0.4511   2.919896     0.4521   2.920139    5.66234    -0.0661    13.8155 0.0000e+00  -61.49983  -57.81200 1152521263 191.366490    34.5475 0.0000e+00
    258.000     0.4551   2.920365     0.4549   2.920457    5.66115    -0.0624    13.8155 0.0000e+00  -61.49983  -57.81200 1152521263 191.366497    34.5485 0.0000e+00
    259.000     0.4517   2.920016     0.4524   2.920238    5.66067    -0.0741    13.8155 0.0000e+00  -61.49983  -57.81200 1152521264 191.366504    34.5472 0.0000e+00
    260.000     0.4562   2.920565     0.4575   2.920816    5.66031    -0.0670    13.8155 0.0000e+00  -61.49983  -57.81200 1152521265 191.366516    34.5487 0.0000e+00
    261.000     0.4525   2.920238     0.4543   2.920526    5.66212    -0.0778    13.8155 0.0000e+00  -61.49983  -57.81200 1152521271 191.366592    34.5484 0.0000e+00
    262.000     0.4561   2.920658     0.4570   2.920861    5.65979    -0.0712    13.8155 0.0000e+00  -61.49983  -57.81200 1152521272 191.366600    34.5491 0.0000e+00
    263.000     0.4596   2.921098     0.4604   2.921273    5.65772    -0.0573    13.8155 0.0000e+00  -61.49983  -57.81200 1152521273 191.366610    34.5503 0.0000e+00
    264.000     0.4657   2.921765     0.4653   2.921822    5.65511    -0.0707    13.8155 0.0000e+00  -61.49983  -57.81200 1152521274 191.366622    34.5514 0.0000e+00
    265.000     0.4655   2.921774     0.4666   2.922011    5.65273    -0.0755    13.8155 0.0000e+00  -61.49983  -57.81200 1152521275 191.366636    34.5512 0.0000e+00
    266.000     0.4664   2.921926     0.4673   2.922139    5.65111    -0.0701    13.8155 0.0000e+00  -61.49983  -57.81200 1152521277 191.366651    34.5515 0.0000e+00
    267.000     0.4661   2.921921     0.4668   2.922118    5.64945    -0.0637    13.8155 0.0000e+00  -61.49983  -57.81200 1152521278 191.366667    34.5514 0.0000e+00
    268.000     0.4671   2.922078     0.4683   2.922331    5.64919    -0.0626    13.8155 0.0000e+00  -61.49983  -57.81200 1152521279 191.366681    34.5517 0.0000e+00
    269.000     0.4679   2.922197     0.4689   2.922423    5.64677    -0.0755    13.8155 0.0000e+00  -61.49983  -57.81200 1152521281 191.366699    34.5518 0.0000e+00
    270.000     0.4677   2.922226     0.4688   2.922458    5.64445    -0.0631    13.8155 0.0000e+00  -61.49983  -57.81200 1152521284 191.366737    34.5519 0.0000e+00
    271.000     0.4702   2.922543     0.4710   2.922734    5.64288    -0.0760    13.8155 0.0000e+00  -61.49983  -57.81200 1152521287 191.366768    34.5526 0.0000e+00
    272.000     0.4694   2.922497     0.4697   2.922658    5.64161    -0.0880    13.8155 0.0000e+00  -61.49983  -57.81200 1152521288 191.366780    34.5524 0.0000e+00
    273.000     0.4689   2.922497     0.4692   2.922664    5.63996    -0.0709    13.8155 0.0000e+00  -61.49983  -57.81200 1152521289 191.366791    34.5524 0.0000e+00
    274.000     0.4692   2.922554     0.4694   2.922725    5.63936    -0.0732    13.8155 0.0000e+00  -61.49983  -57.81200 1152521289 191.366802    34.5522 0.0000e+00
    275.000     0.4726   2.923004     0.4732   2.923167    5.63760    -0.0661    13.8155 0.0000e+00  -61.49983  -57.81200 1152521290 191.366813    34.5537 0.0000e+00
    276.000     0.4751   2.923291     0.4762   2.923541    5.63654    -0.0617    13.8155 0.0000e+00  -61.49983  -57.81200 1152521291 191.366823    34.5539 0.0000e+00
    277.000     0.4757   2.923416     0.4767   2.923643    5.63668    -0.0768    13.8155 0.0000e+00  -61.49983  -57.81200 1152521292 191.366834    34.5543 0.0000e+00
    278.000     0.4763   2.923518     0.4773   2.923750    5.63547    -0.0708    13.8155 0.0000e+00  -61.49983  -57.81200 1152521293 191.366846    34.5543 0.0000e+00
    279.000     0.4746   2.923359     0.4764   2.923684    5.64037    -0.0761    13.8155 0.0000e+00  -61.49983  -57.81200 1152521298 191.366896    34.5538 0.0000e+00
    280.000     0.4741   2.923376     0.4745   2.923587    5.64723    -0.0679    13.8155 0.0000e+00  -61.49983  -57.81200 1152521301 191.366939    34.5540 0.0000e+00
    281.000     0.4724   2.923278     0.4728   2.923495    5.64563    -0.0663    13.8155 0.0000e+00  -61.49983  -57.81200 1152521302 191.366944    34.5540 0.0000e+00
    282.000     0.4720   2.923302     0.4723   2.923513    5.64396    -0.0551    13.8155 0.0000e+00  -61.49983  -57.81200 1152521302 191.366951    34.5542 0.0000e+00
    283.000     0.4728   2.923420     0.4731   2.923651    5.64339    -0.0691    13.8155 0.0000e+00  -61.49983  -57.81200 1152521303 191.366958    34.5542 0.0000e+00
    284.000     0.4736   2.923507     0.4739   2.923739    5.64326    -0.0655    13.8155 0.0000e+00  -61.49983  -57.81200 1152521304 191.366964    34.5539 0.0000e+00
    285.000     0.4736   2.923547     0.4738   2.923787    5.64286    -0.0762    13.8155 0.0000e+00  -61.49983  -57.81200 1152521304 191.366970    34.5537 0.0000e+00
    286.000     0.4705   2.923338     0.4697   2.923485    5.63934    -0.0697    13.8155 0.0000e+00  -61.49983  -57.81200 1152521308 191.367015    34.5540 0.0000e+00
    287.000     0.4698   2.923327     0.4701   2.923510    5.64222    -0.0760    13.8155 0.0000e+00  -61.49983  -57.81200 1152521312 191.367066    34.5541 0.0000e+00
    288.000     0.4680   2.923191     0.4685   2.923407    5.64351    -0.0921    13.8155 0.0000e+00  -61.49983  -57.81200 1152521313 191.367077    34.5537 0.0000e+00
    289.000     0.4673   2.923158     0.4680   2.923416    5.64446    -0.0745    13.8155 0.0000e+00  -61.49983  -57.81200 1152521314 191.367086    34.5536 0.0000e+00
    290.000     0.4665   2.923251     0.4671   2.923480    5.64452    -0.0712    13.8155 0.0000e+00  -61.49983  -57.81200 1152521315 191.367094    34.5550 0.0000e+00
    291.000     0.4661   2.923293     0.4672   2.923551    5.64341    -0.0719    13.8155 0.0000e+00  -61.49983  -57.81200 1152521315 191.367102    34.5554 0.0000e+00
    292.000     0.4671   2.923430     0.4679   2.923651    5.64185    -0.0752    13.8155 0.0000e+00  -61.49983  -57.81200 1152521316 191.367110    34.5555 0.0000e+00
