product_data/regression_test/downloaded_data/MGDS/320620060703/ctd/adapted/heads_insert_p6617609.cnv
* Sea-Bird SBE 9 Data File:
* FileName = D:\Data\Raw\p6617609.dat
* Software Version Seasave Win32 V 5.32
* Temperature SN = 1649
* Conductivity SN = 1431
* Number of Bytes Per Scan = 37
* Number of Voltage Words = 5
* Number of Scans Averaged by the Deck Unit = 1
* NMEA Latitude = 60 36.97 S
* NMEA Longitude = 054 43.19 W
* NMEA UTC (Time) = 12:39:49
** Ship:   Nathaniel B. Palmer 
** Cruise:    NBP0606 
# nquan = 15
# nvalues = 290                         
# units = specified
# name 0 = prDM: Pressure, Digiquartz [db]
# name 1 = t090C: Temperature [ITS-90, deg C]
# name 2 = c0S/m: Conductivity [S/m]
# name 3 = t190C: Temperature, 2 [ITS-90, deg C]
# name 4 = c1S/m: Conductivity, 2 [S/m]
# name 5 = sbeox0ML/L: Oxygen, SBE 43 [ml/l]
# name 6 = flECO-AFL: Fluorescence, Wetlab ECO-AFL/FL [mg/m^3]
# name 7 = bat: Beam Attenuation, Chelsea/Seatech/Wetlab CStar [1/m]
# name 8 = spar: SPAR/Surface Irradiance
# name 9 = latitude: Latitude [deg]
# name 10 = longitude: Longitude [deg]
# name 11 = timeY: Time, System [seconds]
# name 12 = timeJ: Julian Days
# name 13 = sal00: Salinity [PSU]
# name 14 = flag: flag
# span 0 =     13.000,    302.000       
# span 1 =    -0.7577,     1.2346       
# span 2 =   2.778458,   2.991109       
# span 3 =    -0.7586,     1.2484       
# span 4 =   2.779172,   2.992753       
# span 5 =    4.98556,    7.70321       
# span 6 =    -0.0883,     0.3270       
# span 7 =    13.8155,    13.8155       
# span 8 = 4.6925e+00, 1.5484e+01       
# span 9 =  -60.61617,  -60.61617       
# span 10 =  -54.71983,  -54.71983      
# span 11 = 1153485594, 1153486194      
# span 12 = 202.527731, 202.534679      
# span 13 =    34.1726,    34.5720      
# span 14 = 0.0000e+00, 0.0000e+00      
# interval = decibars: 1                
# start_time = Jul 21 2006 12:39:57
# bad_flag = -9.990e-29
*END*
Pressure	Temperature	Conductivity	Temperature2	Conductivity2	Oxygen	Fluorescence	Beam Attenuation	SPAR	latitude	longitude	timeY	timeJ	Salinity	flag
     13.000    -0.7340   2.780375    -0.7338   2.781386    7.68267     0.2419    13.8155 -9.990e-29  -60.61617  -54.71983 1153485594 202.527731    34.1730 0.0000e+00
     14.000    -0.7493   2.779121    -0.7520   2.779785    7.69307     0.2343    13.8155 -9.990e-29  -60.61617  -54.71983 1153485608 202.527897    34.1733 0.0000e+00
     15.000    -0.7575   2.778458    -0.7586   2.779172    7.70219     0.2573    13.8155 -9.990e-29  -60.61617  -54.71983 1153485634 202.528198    34.1729 0.0000e+00
     16.000    -0.7577   2.778469    -0.7583   2.779197    7.70321     0.2632    13.8155 8.3313e+00  -60.61617  -54.71983 1153485637 202.528236    34.1726 0.0000e+00
     17.000    -0.7450   2.779680    -0.7465   2.780282    7.69343     0.2513    13.8155 9.2464e+00  -60.61617  -54.71983 1153485641 202.528279    34.1736 0.0000e+00
     18.000    -0.7458   2.779626    -0.7400   2.780934    7.69479     0.2520    13.8155 -9.990e-29  -60.61617  -54.71983 1153485643 202.528301    34.1732 0.0000e+00
     19.000    -0.7374   2.780455    -0.7325   2.781623    7.69204     0.2589    13.8155 8.2322e+00  -60.61617  -54.71983 1153485646 202.528338    34.1744 0.0000e+00
     20.000    -0.7358   2.780621    -0.7372   2.781227    7.68738     0.2640    13.8155 6.7174e+00  -60.61617  -54.71983 1153485650 202.528387    34.1742 0.0000e+00
     21.000    -0.7354   2.780708    -0.7366   2.781303    7.68413     0.2484    13.8155 6.9486e+00  -60.61617  -54.71983 1153485653 202.528417    34.1744 0.0000e+00
     22.000    -0.7268   2.781515    -0.7283   2.782089    7.68451     0.2536    13.8155 8.3597e+00  -60.61617  -54.71983 1153485656 202.528450    34.1748 0.0000e+00
     23.000    -0.7299   2.781299    -0.7304   2.781959    7.68656     0.2608    13.8155 -9.990e-29  -60.61617  -54.71983 1153485659 202.528488    34.1748 0.0000e+00
     24.000    -0.7295   2.781409    -0.7272   2.782281    7.68785     0.2496    13.8155 7.0700e+00  -60.61617  -54.71983 1153485662 202.528520    34.1753 0.0000e+00
     25.000    -0.7269   2.781661    -0.7276   2.782282    7.68552     0.2564    13.8155 7.4732e+00  -60.61617  -54.71983 1153485665 202.528561    34.1752 0.0000e+00
     26.000    -0.7352   2.780962    -0.7357   2.781624    7.67452     0.2463    13.8155 5.8269e+00  -60.61617  -54.71983 1153485669 202.528606    34.1748 0.0000e+00
     27.000    -0.7330   2.781238    -0.7329   2.781906    7.67310     0.2354    13.8155 6.6223e+00  -60.61617  -54.71983 1153485671 202.528626    34.1754 0.0000e+00
     28.000    -0.6861   2.785813    -0.6869   2.786271    7.64945     0.2509    13.8155 8.4076e+00  -60.61617  -54.71983 1153485673 202.528652    34.1825 0.0000e+00
     29.000    -0.6691   2.787496    -0.6690   2.788142    7.61677     0.2471    13.8155 7.1429e+00  -60.61617  -54.71983 1153485678 202.528706    34.1853 0.0000e+00
     30.000    -0.6630   2.788282    -0.6630   2.788905    7.60327     0.2376    13.8155 7.3001e+00  -60.61617  -54.71983 1153485682 202.528751    34.1888 0.0000e+00
     31.000    -0.6600   2.788645    -0.6590   2.789342    7.60147     0.2325    13.8155 -9.990e-29  -60.61617  -54.71983 1153485683 202.528764    34.1897 0.0000e+00
     32.000    -0.6566   2.788976    -0.6569   2.789583    7.59827     0.2372    13.8155 -9.990e-29  -60.61617  -54.71983 1153485684 202.528777    34.1895 0.0000e+00
     33.000    -0.6580   2.788885    -0.6569   2.789622    7.59509     0.2583    13.8155 6.4688e+00  -60.61617  -54.71983 1153485687 202.528809    34.1897 0.0000e+00
     34.000    -0.6555   2.789234    -0.6558   2.789797    7.59298     0.2518    13.8155 5.8584e+00  -60.61617  -54.71983 1153485690 202.528848    34.1910 0.0000e+00
     35.000    -0.6457   2.790314    -0.6464   2.790822    7.58695     0.2439    13.8155 6.6075e+00  -60.61617  -54.71983 1153485692 202.528870    34.1938 0.0000e+00
     36.000    -0.6447   2.790435    -0.6475   2.790743    7.58260     0.2319    13.8155 6.1529e+00  -60.61617  -54.71983 1153485694 202.528889    34.1937 0.0000e+00
     37.000    -0.6381   2.791131    -0.6373   2.791803    7.57641     0.2212    13.8155 5.9049e+00  -60.61617  -54.71983 1153485695 202.528904    34.1949 0.0000e+00
     38.000    -0.6336   2.791707    -0.6329   2.792362    7.57213     0.2440    13.8155 5.8469e+00  -60.61617  -54.71983 1153485697 202.528926    34.1969 0.0000e+00
     39.000    -0.6316   2.791974    -0.6310   2.792662    7.56971     0.2554    13.8155 5.6909e+00  -60.61617  -54.71983 1153485702 202.528983    34.1984 0.0000e+00
     40.000    -0.6309   2.792134    -0.6306   2.792761    7.56976     0.2577    13.8155 5.7880e+00  -60.61617  -54.71983 1153485703 202.528997    34.1987 0.0000e+00
     41.000    -0.6307   2.792197    -0.6305   2.792813    7.56720     0.2767    13.8155 -9.990e-29  -60.61617  -54.71983 1153485704 202.529013    34.1988 0.0000e+00
     42.000    -0.6305   2.792262    -0.6302   2.792870    7.56288     0.2783    13.8155 -9.990e-29  -60.61617  -54.71983 1153485706 202.529028    34.1988 0.0000e+00
     43.000    -0.6303   2.792308    -0.6301   2.792924    7.56145     0.2708    13.8155 4.9071e+00  -60.61617  -54.71983 1153485707 202.529042    34.1987 0.0000e+00
     44.000    -0.6303   2.792355    -0.6300   2.792976    7.56677     0.2984    13.8155 5.8362e+00  -60.61617  -54.71983 1153485712 202.529095    34.1987 0.0000e+00
     45.000    -0.6300   2.792456    -0.6296   2.793069    7.56891     0.2873    13.8155 -9.990e-29  -60.61617  -54.71983 1153485714 202.529123    34.1992 0.0000e+00
     46.000    -0.6299   2.792520    -0.6295   2.793125    7.57057     0.2910    13.8155 6.1621e+00  -60.61617  -54.71983 1153485715 202.529137    34.1993 0.0000e+00
     47.000    -0.6289   2.792628    -0.6288   2.793203    7.57156     0.2988    13.8155 5.8569e+00  -60.61617  -54.71983 1153485717 202.529156    34.1990 0.0000e+00
     48.000    -0.6292   2.792645    -0.6290   2.793226    7.56756     0.3000    13.8155 5.7359e+00  -60.61617  -54.71983 1153485719 202.529182    34.1989 0.0000e+00
     49.000    -0.6293   2.792684    -0.6288   2.793288    7.56149     0.2982    13.8155 6.0987e+00  -60.61617  -54.71983 1153485721 202.529208    34.1990 0.0000e+00
     50.000    -0.6284   2.792822    -0.6281   2.793408    7.56062     0.3073    13.8155 5.5097e+00  -60.61617  -54.71983 1153485724 202.529237    34.1992 0.0000e+00
     51.000    -0.6294   2.792768    -0.6286   2.793401    7.56188     0.3137    13.8155 6.1659e+00  -60.61617  -54.71983 1153485727 202.529276    34.1991 0.0000e+00
     52.000    -0.6284   2.792926    -0.6278   2.793538    7.56013     0.2955    13.8155 5.2526e+00  -60.61617  -54.71983 1153485729 202.529293    34.1994 0.0000e+00
     53.000    -0.6289   2.792918    -0.6282   2.793527    7.55731     0.3063    13.8155 5.0461e+00  -60.61617  -54.71983 1153485730 202.529306    34.1993 0.0000e+00
     54.000    -0.6261   2.793236    -0.6241   2.793954    7.55664     0.3160    13.8155 5.6293e+00  -60.61617  -54.71983 1153485731 202.529326    34.1996 0.0000e+00
     55.000    -0.6230   2.793593    -0.6224   2.794175    7.55585     0.3270    13.8155 6.1740e+00  -60.61617  -54.71983 1153485734 202.529355    34.2003 0.0000e+00
     56.000    -0.6235   2.793583    -0.6224   2.794229    7.55939     0.3215    13.8155 5.7460e+00  -60.61617  -54.71983 1153485737 202.529390    34.2003 0.0000e+00
     57.000    -0.6218   2.793792    -0.6205   2.794428    7.55908     0.2923    13.8155 5.6890e+00  -60.61617  -54.71983 1153485740 202.529426    34.2004 0.0000e+00
     58.000    -0.6207   2.793940    -0.6196   2.794545    7.55975     0.2949    13.8155 -9.990e-29  -60.61617  -54.71983 1153485741 202.529438    34.2006 0.0000e+00
     59.000    -0.6204   2.794039    -0.6192   2.794652    7.55876     0.2964    13.8155 -9.990e-29  -60.61617  -54.71983 1153485742 202.529449    34.2010 0.0000e+00
     60.000    -0.6190   2.794217    -0.6181   2.794810    7.55362     0.3264    13.8155 7.0877e+00  -60.61617  -54.71983 1153485744 202.529472    34.2011 0.0000e+00
     61.000    -0.6192   2.794220    -0.6185   2.794795    7.54323     0.3142    13.8155 5.1171e+00  -60.61617  -54.71983 1153485747 202.529510    34.2009 0.0000e+00
     62.000    -0.6170   2.794440    -0.6172   2.794942    7.53612     0.3003    13.8155 5.9541e+00  -60.61617  -54.71983 1153485750 202.529540    34.2007 0.0000e+00
     63.000    -0.6146   2.794848    -0.6156   2.795163    7.52755     0.3070    13.8155 4.6969e+00  -60.61617  -54.71983 1153485752 202.529558    34.2029 0.0000e+00
     64.000    -0.5960   2.796921    -0.5966   2.797308    7.50767     0.3098    13.8155 5.6351e+00  -60.61617  -54.71983 1153485753 202.529579    34.2087 0.0000e+00
     65.000    -0.5823   2.798279    -0.5810   2.798824    7.48449     0.3000    13.8155 5.8874e+00  -60.61617  -54.71983 1153485756 202.529609    34.2109 0.0000e+00
     66.000    -0.5378   2.802507    -0.5415   2.802514    7.45138     0.3012    13.8155 4.6925e+00  -60.61617  -54.71983 1153485757 202.529627    34.2150 0.0000e+00
     67.000    -0.5270   2.803477    -0.5312   2.803585    7.40948     0.2965    13.8155 5.5337e+00  -60.61617  -54.71983 1153485760 202.529655    34.2158 0.0000e+00
     68.000    -0.5042   2.805761    -0.4983   2.806552    7.36583     0.2949    13.8155 -9.990e-29  -60.61617  -54.71983 1153485762 202.529685    34.2208 0.0000e+00
     69.000    -0.4312   2.812540    -0.4286   2.813077    7.31710     0.2793    13.8155 -9.990e-29  -60.61617  -54.71983 1153485765 202.529709    34.2269 0.0000e+00
     70.000    -0.3994   2.815562    -0.3958   2.816205    7.27011     0.2691    13.8155 5.8265e+00  -60.61617  -54.71983 1153485766 202.529729    34.2307 0.0000e+00
     71.000    -0.4037   2.815133    -0.4014   2.815773    7.24644     0.2875    13.8155 5.8450e+00  -60.61617  -54.71983 1153485768 202.529750    34.2298 0.0000e+00
     72.000    -0.3741   2.817873    -0.3694   2.818784    7.21162     0.2775    13.8155 5.7637e+00  -60.61617  -54.71983 1153485771 202.529783    34.2341 0.0000e+00
     73.000    -0.3676   2.818603    -0.3663   2.819126    7.19582     0.2696    13.8155 7.6003e+00  -60.61617  -54.71983 1153485773 202.529804    34.2350 0.0000e+00
     74.000    -0.3664   2.818732    -0.3635   2.819416    7.18300     0.2877    13.8155 6.2451e+00  -60.61617  -54.71983 1153485775 202.529826    34.2352 0.0000e+00
     75.000    -0.3662   2.818784    -0.3655   2.819249    7.14834     0.2719    13.8155 6.2578e+00  -60.61617  -54.71983 1153485778 202.529866    34.2360 0.0000e+00
     76.000    -0.3480   2.820607    -0.3421   2.821421    7.10893     0.2746    13.8155 -9.990e-29  -60.61617  -54.71983 1153485779 202.529882    34.2392 0.0000e+00
     77.000    -0.2483   2.830095    -0.2447   2.830440    7.05857     0.2606    13.8155 -9.990e-29  -60.61617  -54.71983 1153485781 202.529896    34.2509 0.0000e+00
     78.000    -0.2007   2.834431    -0.2020   2.834578    6.98513     0.2624    13.8155 6.0811e+00  -60.61617  -54.71983 1153485783 202.529921    34.2537 0.0000e+00
     79.000    -0.1522   2.839035    -0.1489   2.839629    6.91298     0.2653    13.8155 6.1650e+00  -60.61617  -54.71983 1153485785 202.529951    34.2599 0.0000e+00
     80.000    -0.1382   2.840369    -0.1365   2.840879    6.87012     0.2619    13.8155 5.8798e+00  -60.61617  -54.71983 1153485788 202.529982    34.2621 0.0000e+00
     81.000    -0.1367   2.840565    -0.1347   2.841091    6.85349     0.2528    13.8155 4.9539e+00  -60.61617  -54.71983 1153485790 202.530003    34.2633 0.0000e+00
     82.000    -0.1248   2.841720    -0.1216   2.842346    6.83822     0.2517    13.8155 5.2803e+00  -60.61617  -54.71983 1153485791 202.530019    34.2648 0.0000e+00
     83.000    -0.1161   2.842571    -0.1159   2.842936    6.82104     0.2559    13.8155 6.1051e+00  -60.61617  -54.71983 1153485794 202.530046    34.2661 0.0000e+00
     84.000    -0.1140   2.842789    -0.1141   2.843148    6.80767     0.2568    13.8155 6.0777e+00  -60.61617  -54.71983 1153485796 202.530079    34.2667 0.0000e+00
     85.000    -0.1167   2.842582    -0.1169   2.842945    6.80715     0.2587    13.8155 6.9100e+00  -60.61617  -54.71983 1153485799 202.530104    34.2668 0.0000e+00
     86.000    -0.1254   2.841869    -0.1245   2.842357    6.81322     0.2621    13.8155 6.9986e+00  -60.61617  -54.71983 1153485800 202.530122    34.2670 0.0000e+00
     87.000    -0.1210   2.842342    -0.1190   2.842872    6.80993     0.2561    13.8155 7.5534e+00  -60.61617  -54.71983 1153485802 202.530139    34.2679 0.0000e+00
     88.000    -0.1109   2.843350    -0.1123   2.843595    6.80175     0.2800    13.8155 6.0780e+00  -60.61617  -54.71983 1153485804 202.530167    34.2692 0.0000e+00
     89.000    -0.1058   2.843909    -0.1058   2.844274    6.79415     0.2601    13.8155 6.2209e+00  -60.61617  -54.71983 1153485808 202.530212    34.2704 0.0000e+00
     90.000    -0.1075   2.843814    -0.1063   2.844327    6.79551     0.2512    13.8155 6.3015e+00  -60.61617  -54.71983 1153485810 202.530230    34.2705 0.0000e+00
     91.000    -0.1164   2.843063    -0.1161   2.843536    6.79489     0.2575    13.8155 6.1065e+00  -60.61617  -54.71983 1153485811 202.530243    34.2702 0.0000e+00
     92.000    -0.1210   2.842789    -0.1203   2.843242    6.79543     0.2880    13.8155 6.4861e+00  -60.61617  -54.71983 1153485812 202.530260    34.2714 0.0000e+00
     93.000    -0.1193   2.843032    -0.1176   2.843577    6.78973     0.2986    13.8155 6.3393e+00  -60.61617  -54.71983 1153485815 202.530296    34.2721 0.0000e+00
     94.000    -0.0969   2.845303    -0.0941   2.845847    6.77167     0.2771    13.8155 6.3796e+00  -60.61617  -54.71983 1153485818 202.530325    34.2760 0.0000e+00
     95.000    -0.0839   2.846601    -0.0835   2.846966    6.75307     0.2693    13.8155 6.7772e+00  -60.61617  -54.71983 1153485819 202.530344    34.2776 0.0000e+00
     96.000    -0.0636   2.848682    -0.0604   2.849313    6.72803     0.2771    13.8155 -9.990e-29  -60.61617  -54.71983 1153485822 202.530369    34.2816 0.0000e+00
     97.000    -0.0355   2.851754    -0.0341   2.852180    6.69608     0.2622    13.8155 7.2131e+00  -60.61617  -54.71983 1153485824 202.530402    34.2899 0.0000e+00
     98.000    -0.0269   2.853154    -0.0262   2.853546    6.69039     0.2504    13.8155 6.6557e+00  -60.61617  -54.71983 1153485826 202.530417    34.2981 0.0000e+00
     99.000    -0.1018   2.846765    -0.1043   2.847164    6.70353     0.2420    13.8155 5.9609e+00  -60.61617  -54.71983 1153485827 202.530435    34.2986 0.0000e+00
    100.000    -0.1241   2.844991    -0.1231   2.845440    6.73133     0.2254    13.8155 6.2507e+00  -60.61617  -54.71983 1153485830 202.530472    34.3004 0.0000e+00
    101.000    -0.1374   2.843851    -0.1381   2.844272    6.74958     0.2260    13.8155 6.8774e+00  -60.61617  -54.71983 1153485833 202.530501    34.2997 0.0000e+00
    102.000    -0.1547   2.842475    -0.1537   2.842993    6.75812     0.2484    13.8155 5.8369e+00  -60.61617  -54.71983 1153485834 202.530513    34.3005 0.0000e+00
    103.000    -0.1728   2.840897    -0.1724   2.841445    6.77145     0.2767    13.8155 6.1213e+00  -60.61617  -54.71983 1153485835 202.530528    34.2994 0.0000e+00
    104.000    -0.1725   2.841044    -0.1786   2.840899    6.84171     0.2769    13.8155 6.3222e+00  -60.61617  -54.71983 1153485839 202.530573    34.3000 0.0000e+00
    105.000    -0.3799   2.822342    -0.4134   2.820728    6.91360     0.2847    13.8155 -9.990e-29  -60.61617  -54.71983 1153485841 202.530594    34.2871 0.0000e+00
    106.000    -0.4670   2.815268    -0.4668   2.815879    6.96677     0.2907    13.8155 -9.990e-29  -60.61617  -54.71983 1153485842 202.530607    34.2939 0.0000e+00
    107.000    -0.4704   2.815165    -0.4693   2.815785    6.99985     0.3050    13.8155 -9.990e-29  -60.61617  -54.71983 1153485843 202.530620    34.2945 0.0000e+00
