product_data/regression_test/downloaded_data/MGDS/320620060703/ctd/adapted/heads_insert_p6609310.cnv
* Sea-Bird SBE 9 Data File:
* FileName = D:\Data\Raw\p6609310.dat
* Software Version Seasave Win32 V 5.32
* Temperature SN = 1649
* Conductivity SN = 1431
* Number of Bytes Per Scan = 37
* Number of Voltage Words = 5
* Number of Scans Averaged by the Deck Unit = 1
* NMEA Latitude = 61 07.49 S
* NMEA Longitude = 058 05.61 W
* NMEA UTC (Time) = 09:04:34
** Ship:   Nathaniel B. Palmer nbp
** Cruise:    NBP0606 nbp0606
# nquan = 15
# nvalues = 1990                        
# units = specified
# name 0 = prDM: Pressure, Digiquartz [db]
# name 1 = t090C: Temperature [ITS-90, deg C]
# name 2 = c0S/m: Conductivity [S/m]
# name 3 = t190C: Temperature, 2 [ITS-90, deg C]
# name 4 = c1S/m: Conductivity, 2 [S/m]
# name 5 = sbeox0ML/L: Oxygen, SBE 43 [ml/l]
# name 6 = flECO-AFL: Fluorescence, Wetlab ECO-AFL/FL [mg/m^3]
# name 7 = bat: Beam Attenuation, Chelsea/Seatech/Wetlab CStar [1/m]
# name 8 = spar: SPAR/Surface Irradiance
# name 9 = latitude: Latitude [deg]
# name 10 = longitude: Longitude [deg]
# name 11 = timeY: Time, System [seconds]
# name 12 = timeJ: Julian Days
# name 13 = sal00: Salinity [PSU]
# name 14 = flag: flag
# span 0 =     14.000,   2003.000       
# span 1 =    -0.8193,     1.9573       
# span 2 =   2.716876,   3.067314       
# span 3 =    -0.8204,     1.9583       
# span 4 =   2.719287,   3.067611       
# span 5 =    1.43101,    8.02535       
# span 6 =    -0.1311,     0.2787       
# span 7 =    13.8155,    13.8155       
# span 8 = -2.200e-01, 1.6554e+00       
# span 9 =  -61.12483,  -61.12483       
# span 10 =  -58.09350,  -58.09350      
# span 11 = 1152608670, 1152611596      
# span 12 = 192.378132, 192.412008      
# span 13 =    33.4820,    34.7279      
# span 14 = 0.0000e+00, 0.0000e+00      
# interval = decibars: 1                
# start_time = Jul 11 2006 09:04:41
# bad_flag = -9.990e-29
*END*
[from data line 193]
    206.000     1.0653   2.965292     1.0669   2.965589    5.15328    -0.0395    13.8155 0.0000e+00  -61.12483  -58.09350 1152609053 192.382578    34.4833 0.0000e+00
    207.000     1.0652   2.965358     1.0668   2.965653    5.15673    -0.0318    13.8155 0.0000e+00  -61.12483  -58.09350 1152609054 192.382592    34.4837 0.0000e+00
    208.000     1.0671   2.965605     1.0694   2.965947    5.15839    -0.0458    13.8155 0.0000e+00  -61.12483  -58.09350 1152609055 192.382606    34.4843 0.0000e+00
    209.000     1.0720   2.966139     1.0739   2.966449    5.15687    -0.0518    13.8155 0.0000e+00  -61.12483  -58.09350 1152609057 192.382623    34.4851 0.0000e+00
    210.000     1.0776   2.966737     1.0794   2.967038    5.15277    -0.0534    13.8155 0.0000e+00  -61.12483  -58.09350 1152609058 192.382642    34.4859 0.0000e+00
    211.000     1.0911   2.968144     1.0935   2.968439    5.14437    -0.0549    13.8155 0.0000e+00  -61.12483  -58.09350 1152609060 192.382659    34.4884 0.0000e+00
    212.000     1.1189   2.970903     1.1209   2.971119    5.12784    -0.0517    13.8155 0.0000e+00  -61.12483  -58.09350 1152609061 192.382676    34.4919 0.0000e+00
    213.000     1.1459   2.973602     1.1491   2.973890    5.11017    -0.0537    13.8155 0.0000e+00  -61.12483  -58.09350 1152609063 192.382689    34.4957 0.0000e+00
    214.000     1.1807   2.977004     1.1837   2.977269    5.08656    -0.0558    13.8155 0.0000e+00  -61.12483  -58.09350 1152609063 192.382701    34.4994 0.0000e+00
    215.000     1.1987   2.978766     1.2006   2.978954    5.06328    -0.0516    13.8155 0.0000e+00  -61.12483  -58.09350 1152609064 192.382711    34.5012 0.0000e+00
    216.000     1.2292   2.981818     1.2307   2.981865    5.04486    -0.0465    13.8155 0.0000e+00  -61.12483  -58.09350 1152609065 192.382721    34.5058 0.0000e+00
    217.000     1.2445   2.983281     1.2464   2.983482    5.02526    -0.0597    13.8155 0.0000e+00  -61.12483  -58.09350 1152609066 192.382734    34.5066 0.0000e+00
    218.000     1.2637   2.985180     1.2655   2.985310    5.00483    -0.0527    13.8155 0.0000e+00  -61.12483  -58.09350 1152609068 192.382750    34.5096 0.0000e+00
    219.000     1.2998   2.988659     1.3015   2.988856    4.97583    -0.0464    13.8155 0.0000e+00  -61.12483  -58.09350 1152609070 192.382770    34.5132 0.0000e+00
    220.000     1.2622   2.985140     1.2744   2.986334    4.93558    -0.0498    13.8155 0.0000e+00  -61.12483  -58.09350 1152609073 192.382810    34.5118 0.0000e+00
    221.000     1.3465   2.993374     1.3490   2.993446    4.90104    -0.0545    13.8155 0.0000e+00  -61.12483  -58.09350 1152609074 192.382824    34.5216 0.0000e+00
    222.000     1.3851   2.997144     1.3870   2.997188    4.87176    -0.0593    13.8155 0.0000e+00  -61.12483  -58.09350 1152609075 192.382832    34.5257 0.0000e+00
    223.000     1.4333   3.002124     1.4363   3.002025    4.84542    -0.0409    13.8155 0.0000e+00  -61.12483  -58.09350 1152609076 192.382840    34.5356 0.0000e+00
    224.000     1.4825   3.006581     1.4845   3.006754    4.82013    -0.0504    13.8155 0.0000e+00  -61.12483  -58.09350 1152609076 192.382848    34.5346 0.0000e+00
    225.000     1.5009   3.008555     1.5028   3.008623    4.79859    -0.0560    13.8155 0.0000e+00  -61.12483  -58.09350 1152609077 192.382855    34.5395 0.0000e+00
    226.000     1.5244   3.010878     1.5264   3.011038    4.77251    -0.0486    13.8155 0.0000e+00  -61.12483  -58.09350 1152609078 192.382867    34.5422 0.0000e+00
    227.000     1.5297   3.011435     1.5317   3.011638    4.74417    -0.0480    13.8155 0.0000e+00  -61.12483  -58.09350 1152609079 192.382885    34.5440 0.0000e+00
    228.000     1.5241   3.010940     1.5233   3.010940    4.71403    -0.0572    13.8155 0.0000e+00  -61.12483  -58.09350 1152609081 192.382905    34.5445 0.0000e+00
    229.000     1.5216   3.010801     1.5236   3.011035    4.69563    -0.0518    13.8155 0.0000e+00  -61.12483  -58.09350 1152609083 192.382926    34.5461 0.0000e+00
    230.000     1.5761   3.016268     1.5819   3.016512    4.64478    -0.0641    13.8155 0.0000e+00  -61.12483  -58.09350 1152609085 192.382944    34.5551 0.0000e+00
    231.000     1.6900   3.027263     1.6942   3.027417    4.59927    -0.0569    13.8155 0.0000e+00  -61.12483  -58.09350 1152609086 192.382960    34.5655 0.0000e+00
    232.000     1.7003   3.028215     1.7024   3.028400    4.56796    -0.0524    13.8155 0.0000e+00  -61.12483  -58.09350 1152609087 192.382976    34.5660 0.0000e+00
    233.000     1.7008   3.028288     1.7027   3.028487    4.54879    -0.0612    13.8155 0.0000e+00  -61.12483  -58.09350 1152609089 192.382994    34.5670 0.0000e+00
    234.000     1.6916   3.027449     1.6927   3.027624    4.54077    -0.0485    13.8155 0.0000e+00  -61.12483  -58.09350 1152609090 192.383009    34.5669 0.0000e+00
    235.000     1.6876   3.027067     1.6878   3.027204    4.54276    -0.0486    13.8155 0.0000e+00  -61.12483  -58.09350 1152609091 192.383019    34.5665 0.0000e+00
    236.000     1.6723   3.025685     1.6769   3.026226    4.54551    -0.0519    13.8155 0.0000e+00  -61.12483  -58.09350 1152609092 192.383028    34.5660 0.0000e+00
    237.000     1.6602   3.024537     1.6620   3.024878    4.54894    -0.0500    13.8155 0.0000e+00  -61.12483  -58.09350 1152609092 192.383036    34.5644 0.0000e+00
    238.000     1.6509   3.023743     1.6527   3.024010    4.55316    -0.0502    13.8155 0.0000e+00  -61.12483  -58.09350 1152609093 192.383045    34.5648 0.0000e+00
    239.000     1.6614   3.024791     1.6628   3.025008    4.54735    -0.0596    13.8155 0.0000e+00  -61.12483  -58.09350 1152609096 192.383073    34.5662 0.0000e+00
    240.000     1.6767   3.026395     1.6847   3.027169    4.52176    -0.0605    13.8155 0.0000e+00  -61.12483  -58.09350 1152609098 192.383105    34.5695 0.0000e+00
    241.000     1.7246   3.031168     1.7287   3.031517    4.50208    -0.0605    13.8155 0.0000e+00  -61.12483  -58.09350 1152609100 192.383120    34.5753 0.0000e+00
    242.000     1.7564   3.034389     1.7600   3.034626    4.48307    -0.0600    13.8155 0.0000e+00  -61.12483  -58.09350 1152609101 192.383131    34.5801 0.0000e+00
    243.000     1.7784   3.036580     1.7808   3.036778    4.46675    -0.0602    13.8155 0.0000e+00  -61.12483  -58.09350 1152609102 192.383140    34.5824 0.0000e+00
    244.000     1.7963   3.038480     1.7991   3.038647    4.45584    -0.0578    13.8155 0.0000e+00  -61.12483  -58.09350 1152609102 192.383149    34.5862 0.0000e+00
    245.000     1.8098   3.039778     1.8115   3.039958    4.44992    -0.0348    13.8155 0.0000e+00  -61.12483  -58.09350 1152609103 192.383156    34.5867 0.0000e+00
    246.000     1.7991   3.038756     1.7980   3.038792    4.44949    -0.0656    13.8155 0.0000e+00  -61.12483  -58.09350 1152609104 192.383165    34.5851 0.0000e+00
    247.000     1.7708   3.036189     1.7660   3.035836    4.44576    -0.0502    13.8155 0.0000e+00  -61.12483  -58.09350 1152609105 192.383185    34.5848 0.0000e+00
    248.000     1.7820   3.037187     1.7827   3.037341    4.44017    -0.0589    13.8155 0.0000e+00  -61.12483  -58.09350 1152609110 192.383240    34.5854 0.0000e+00
    249.000     1.7637   3.035549     1.7667   3.035997    4.43876    -0.0655    13.8155 0.0000e+00  -61.12483  -58.09350 1152609111 192.383247    34.5845 0.0000e+00
    250.000     1.7563   3.034981     1.7584   3.035293    4.43637    -0.0573    13.8155 0.0000e+00  -61.12483  -58.09350 1152609111 192.383256    34.5855 0.0000e+00
    251.000     1.7732   3.036871     1.7733   3.036824    4.43137    -0.0729    13.8155 0.0000e+00  -61.12483  -58.09350 1152609112 192.383263    34.5896 0.0000e+00
    252.000     1.7945   3.038889     1.7986   3.039320    4.42570    -0.0496    13.8155 0.0000e+00  -61.12483  -58.09350 1152609113 192.383270    34.5912 0.0000e+00
    253.000     1.8051   3.039900     1.8044   3.039939    4.42452    -0.0497    13.8155 0.0000e+00  -61.12483  -58.09350 1152609113 192.383277    34.5910 0.0000e+00
    254.000     1.7898   3.038466     1.7904   3.038675    4.42042    -0.0545    13.8155 0.0000e+00  -61.12483  -58.09350 1152609114 192.383284    34.5896 0.0000e+00
    255.000     1.8042   3.040058     1.8068   3.040336    4.41683    -0.0692    13.8155 0.0000e+00  -61.12483  -58.09350 1152609115 192.383295    34.5934 0.0000e+00
    256.000     1.8089   3.040526     1.8141   3.041158    4.40479    -0.0664    13.8155 0.0000e+00  -61.12483  -58.09350 1152609118 192.383328    34.5937 0.0000e+00
    257.000     1.7955   3.039265     1.8007   3.039788    4.39825    -0.0636    13.8155 0.0000e+00  -61.12483  -58.09350 1152609122 192.383375    34.5929 0.0000e+00
    258.000     1.8297   3.042915     1.8323   3.043185    4.39147    -0.0696    13.8155 0.0000e+00  -61.12483  -58.09350 1152609123 192.383386    34.5998 0.0000e+00
    259.000     1.8345   3.043412     1.8365   3.043665    4.38708    -0.0637    13.8155 0.0000e+00  -61.12483  -58.09350 1152609124 192.383395    34.6000 0.0000e+00
    260.000     1.8417   3.044190     1.8435   3.044433    4.38181    -0.0617    13.8155 0.0000e+00  -61.12483  -58.09350 1152609124 192.383403    34.6015 0.0000e+00
    261.000     1.8456   3.044703     1.8468   3.044934    4.37697    -0.0771    13.8155 0.0000e+00  -61.12483  -58.09350 1152609125 192.383410    34.6029 0.0000e+00
    262.000     1.8476   3.044962     1.8488   3.045181    4.37450    -0.0712    13.8155 0.0000e+00  -61.12483  -58.09350 1152609125 192.383417    34.6034 0.0000e+00
    263.000     1.8481   3.045127     1.8494   3.045379    4.37291    -0.0682    13.8155 0.0000e+00  -61.12483  -58.09350 1152609126 192.383423    34.6044 0.0000e+00
    264.000     1.8486   3.045238     1.8504   3.045526    4.37056    -0.0681    13.8155 0.0000e+00  -61.12483  -58.09350 1152609127 192.383431    34.6047 0.0000e+00
    265.000     1.8494   3.045385     1.8511   3.045636    4.36672    -0.0647    13.8155 0.0000e+00  -61.12483  -58.09350 1152609128 192.383449    34.6054 0.0000e+00
    266.000     1.8457   3.044992     1.8486   3.045398    4.36223    -0.0730    13.8155 0.0000e+00  -61.12483  -58.09350 1152609133 192.383500    34.6044 0.0000e+00
    267.000     1.8481   3.045344     1.8522   3.045832    4.36325    -0.0692    13.8155 0.0000e+00  -61.12483  -58.09350 1152609135 192.383524    34.6059 0.0000e+00
    268.000     1.8597   3.046680     1.8612   3.046912    4.36196    -0.0653    13.8155 0.0000e+00  -61.12483  -58.09350 1152609136 192.383536    34.6090 0.0000e+00
    269.000     1.8617   3.046948     1.8633   3.047200    4.36092    -0.0543    13.8155 0.0000e+00  -61.12483  -58.09350 1152609137 192.383546    34.6096 0.0000e+00
    270.000     1.8643   3.047311     1.8660   3.047553    4.35904    -0.0655    13.8155 0.0000e+00  -61.12483  -58.09350 1152609137 192.383556    34.6108 0.0000e+00
    271.000     1.8668   3.047643     1.8681   3.047881    4.35684    -0.0828    13.8155 0.0000e+00  -61.12483  -58.09350 1152609138 192.383565    34.6116 0.0000e+00
    272.000     1.8677   3.047809     1.8692   3.048053    4.35696    -0.0780    13.8155 0.0000e+00  -61.12483  -58.09350 1152609139 192.383574    34.6122 0.0000e+00
    273.000     1.8696   3.048114     1.8712   3.048357    4.35475    -0.0827    13.8155 0.0000e+00  -61.12483  -58.09350 1152609140 192.383584    34.6134 0.0000e+00
    274.000     1.8698   3.048231     1.8714   3.048522    4.35093    -0.0690    13.8155 0.0000e+00  -61.12483  -58.09350 1152609142 192.383606    34.6142 0.0000e+00
    275.000     1.8651   3.047662     1.8678   3.048109    4.35393    -0.0779    13.8155 0.0000e+00  -61.12483  -58.09350 1152609148 192.383673    34.6120 0.0000e+00
    276.000     1.8681   3.048177     1.8704   3.048588    4.35455    -0.0760    13.8155 0.0000e+00  -61.12483  -58.09350 1152609149 192.383687    34.6145 0.0000e+00
    277.000     1.8701   3.048590     1.8716   3.048854    4.35462    -0.0690    13.8155 0.0000e+00  -61.12483  -58.09350 1152609150 192.383696    34.6171 0.0000e+00
    278.000     1.8763   3.049396     1.8780   3.049649    4.35092    -0.0773    13.8155 0.0000e+00  -61.12483  -58.09350 1152609150 192.383704    34.6196 0.0000e+00
    279.000     1.8784   3.049655     1.8798   3.049921    4.35038    -0.0711    13.8155 0.0000e+00  -61.12483  -58.09350 1152609151 192.383711    34.6199 0.0000e+00
    280.000     1.8807   3.049959     1.8821   3.050205    4.35005    -0.0763    13.8155 0.0000e+00  -61.12483  -58.09350 1152609151 192.383719    34.6207 0.0000e+00
    281.000     1.8825   3.050234     1.8839   3.050491    4.35036    -0.0773    13.8155 0.0000e+00  -61.12483  -58.09350 1152609152 192.383728    34.6216 0.0000e+00
    282.000     1.8818   3.050240     1.8831   3.050475    4.34753    -0.0666    13.8155 0.0000e+00  -61.12483  -58.09350 1152609155 192.383759    34.6219 0.0000e+00
    283.000     1.8800   3.050060     1.8815   3.050317    4.34792    -0.0644    13.8155 0.0000e+00  -61.12483  -58.09350 1152609157 192.383786    34.6213 0.0000e+00
    284.000     1.8835   3.050574     1.8849   3.050836    4.34815    -0.0599    13.8155 0.0000e+00  -61.12483  -58.09350 1152609159 192.383800    34.6233 0.0000e+00
    285.000     1.8842   3.050720     1.8857   3.050981    4.34833    -0.0695    13.8155 0.0000e+00  -61.12483  -58.09350 1152609160 192.383813    34.6237 0.0000e+00
    286.000     1.8847   3.050848     1.8863   3.051120    4.34842    -0.0748    13.8155 0.0000e+00  -61.12483  -58.09350 1152609161 192.383829    34.6242 0.0000e+00
    287.000     1.8844   3.050851     1.8862   3.051167    4.34938    -0.0749    13.8155 0.0000e+00  -61.12483  -58.09350 1152609166 192.383883    34.6242 0.0000e+00
    288.000     1.8891   3.051437     1.8917   3.051826    4.35208    -0.0821    13.8155 0.0000e+00  -61.12483  -58.09350 1152609168 192.383905    34.6258 0.0000e+00
    289.000     1.8926   3.051852     1.8948   3.052196    4.35215    -0.0653    13.8155 0.0000e+00  -61.12483  -58.09350 1152609168 192.383913    34.6264 0.0000e+00
    290.000     1.8964   3.052311     1.8978   3.052567    4.34897    -0.0788    13.8155 0.0000e+00  -61.12483  -58.09350 1152609169 192.383920    34.6274 0.0000e+00
    291.000     1.9003   3.052783     1.9018   3.053041    4.34842    -0.0693    13.8155 0.0000e+00  -61.12483  -58.09350 1152609169 192.383927    34.6285 0.0000e+00
    292.000     1.9095   3.053817     1.9110   3.054061    4.34853    -0.0661    13.8155 0.0000e+00  -61.12483  -58.09350 1152609170 192.383935    34.6306 0.0000e+00
    293.000     1.9146   3.054400     1.9161   3.054652    4.34564    -0.0618    13.8155 0.0000e+00  -61.12483  -58.09350 1152609171 192.383946    34.6317 0.0000e+00
    294.000     1.9170   3.054717     1.9185   3.054975    4.34489    -0.0711    13.8155 0.0000e+00  -61.12483  -58.09350 1152609173 192.383963    34.6324 0.0000e+00
    295.000     1.9182   3.054887     1.9195   3.055137    4.34199    -0.0629    13.8155 0.0000e+00  -61.12483  -58.09350 1152609174 192.383979    34.6328 0.0000e+00
    296.000     1.9178   3.054901     1.9189   3.055141    4.34111    -0.0703    13.8155 0.0000e+00  -61.12483  -58.09350 1152609176 192.384007    34.6328 0.0000e+00
    297.000     1.9174   3.054908     1.9191   3.055200    4.34337    -0.0604    13.8155 0.0000e+00  -61.12483  -58.09350 1152609179 192.384040    34.6331 0.0000e+00
    298.000     1.9195   3.055180     1.9211   3.055454    4.34458    -0.0867    13.8155 0.0000e+00  -61.12483  -58.09350 1152609180 192.384051    34.6337 0.0000e+00
    299.000     1.9240   3.055685     1.9256   3.055954    4.34447    -0.0672    13.8155 0.0000e+00  -61.12483  -58.09350 1152609181 192.384060    34.6346 0.0000e+00
    300.000     1.9328   3.056616     1.9349   3.056906    4.34338    -0.0782    13.8155 0.0000e+00  -61.12483  -58.09350 1152609182 192.384068    34.6359 0.0000e+00
    301.000     1.9363   3.056997     1.9377   3.057246    4.34284    -0.0787    13.8155 0.0000e+00  -61.12483  -58.09350 1152609182 192.384075    34.6360 0.0000e+00
