product_data/regression_test/downloaded_data/MGDS/320620060703/ctd/adapted/heads_insert_p6623801.cnv
* Sea-Bird SBE 9 Data File:
* FileName = D:\Data\Raw\p6623801.dat
* Software Version Seasave Win32 V 5.32
* Temperature SN = 1649
* Conductivity SN = 1431
* Number of Bytes Per Scan = 37
* Number of Voltage Words = 5
* Number of Scans Averaged by the Deck Unit = 1
* NMEA Latitude = 61 28.98 S
* NMEA Longitude = 053 51.85 W
* NMEA UTC (Time) = 01:59:52
** Ship:   Nathaniel B. Palmer 
** Cruise:    NBP0606 
# nquan = 15
# nvalues = 600                         
# units = specified
# name 0 = prDM: Pressure, Digiquartz [db]
# name 1 = t090C: Temperature [ITS-90, deg C]
# name 2 = c0S/m: Conductivity [S/m]
# name 3 = t190C: Temperature, 2 [ITS-90, deg C]
# name 4 = c1S/m: Conductivity, 2 [S/m]
# name 5 = sbeox0ML/L: Oxygen, SBE 43 [ml/l]
# name 6 = flECO-AFL: Fluorescence, Wetlab ECO-AFL/FL [mg/m^3]
# name 7 = bat: Beam Attenuation, Chelsea/Seatech/Wetlab CStar [1/m]
# name 8 = spar: SPAR/Surface Irradiance
# name 9 = latitude: Latitude [deg]
# name 10 = longitude: Longitude [deg]
# name 11 = timeY: Time, System [seconds]
# name 12 = timeJ: Julian Days
# name 13 = sal00: Salinity [PSU]
# name 14 = flag: flag
# span 0 =      1.000,    600.000       
# span 1 =    -1.7522,    -0.4663       
# span 2 =   2.701868,   2.857692       
# span 3 =    -1.7520,    -0.4659       
# span 4 =   2.702291,   2.857742       
# span 5 =    6.18909,    7.51119       
# span 6 =    -0.1137,     0.0284       
# span 7 =    13.8155,    13.8155       
# span 8 = 0.0000e+00, 0.0000e+00       
# span 9 =  -61.48300,  -61.48300       
# span 10 =  -53.86417,  -53.86417      
# span 11 = 1155002483, 1155003387      
# span 12 = 220.084279, 220.094768      
# span 13 =    34.2629,    34.5543      
# span 14 = 0.0000e+00, 0.0000e+00      
# interval = decibars: 1                
# start_time = Aug 08 2006 02:01:29
# bad_flag = -9.990e-29
*END*
[from data line 579]
    579.000    -0.4676   2.856695    -0.4671   2.856747    6.19485    -0.0927    13.8155 0.0000e+00  -61.48300  -53.86417 1155003315 220.093936    34.5540 0.0000e+00
    580.000    -0.4675   2.856749    -0.4670   2.856814    6.19528    -0.0861    13.8155 0.0000e+00  -61.48300  -53.86417 1155003316 220.093950    34.5541 0.0000e+00
    581.000    -0.4677   2.856778    -0.4671   2.856833    6.19359    -0.0810    13.8155 0.0000e+00  -61.48300  -53.86417 1155003317 220.093964    34.5541 0.0000e+00
    582.000    -0.4680   2.856792    -0.4675   2.856838    6.19256    -0.0746    13.8155 0.0000e+00  -61.48300  -53.86417 1155003318 220.093979    34.5540 0.0000e+00
    583.000    -0.4679   2.856838    -0.4674   2.856886    6.19154    -0.0908    13.8155 0.0000e+00  -61.48300  -53.86417 1155003320 220.094002    34.5539 0.0000e+00
    584.000    -0.4679   2.856894    -0.4675   2.856926    6.19154    -0.0807    13.8155 0.0000e+00  -61.48300  -53.86417 1155003323 220.094034    34.5540 0.0000e+00
    585.000    -0.4676   2.856954    -0.4672   2.856998    6.19318    -0.0910    13.8155 0.0000e+00  -61.48300  -53.86417 1155003326 220.094062    34.5540 0.0000e+00
    586.000    -0.4671   2.857045    -0.4666   2.857092    6.19435    -0.0754    13.8155 0.0000e+00  -61.48300  -53.86417 1155003328 220.094088    34.5540 0.0000e+00
    587.000    -0.4669   2.857117    -0.4664   2.857168    6.19116    -0.0786    13.8155 0.0000e+00  -61.48300  -53.86417 1155003330 220.094113    34.5541 0.0000e+00
    588.000    -0.4668   2.857184    -0.4662   2.857236    6.19102    -0.0858    13.8155 0.0000e+00  -61.48300  -53.86417 1155003332 220.094137    34.5543 0.0000e+00
    589.000    -0.4667   2.857229    -0.4662   2.857288    6.19185    -0.0782    13.8155 0.0000e+00  -61.48300  -53.86417 1155003334 220.094162    34.5542 0.0000e+00
    590.000    -0.4666   2.857281    -0.4661   2.857333    6.19264    -0.0954    13.8155 0.0000e+00  -61.48300  -53.86417 1155003336 220.094186    34.5542 0.0000e+00
    591.000    -0.4667   2.857329    -0.4661   2.857377    6.19562    -0.1031    13.8155 0.0000e+00  -61.48300  -53.86417 1155003339 220.094211    34.5543 0.0000e+00
    592.000    -0.4667   2.857370    -0.4662   2.857415    6.19318    -0.0704    13.8155 0.0000e+00  -61.48300  -53.86417 1155003341 220.094235    34.5543 0.0000e+00
    593.000    -0.4668   2.857388    -0.4664   2.857434    6.19131    -0.0809    13.8155 0.0000e+00  -61.48300  -53.86417 1155003344 220.094271    34.5541 0.0000e+00
    594.000    -0.4669   2.857426    -0.4665   2.857478    6.19269    -0.0835    13.8155 0.0000e+00  -61.48300  -53.86417 1155003349 220.094330    34.5541 0.0000e+00
    595.000    -0.4666   2.857508    -0.4661   2.857559    6.19534    -0.0967    13.8155 0.0000e+00  -61.48300  -53.86417 1155003354 220.094393    34.5542 0.0000e+00
    596.000    -0.4663   2.857575    -0.4659   2.857625    6.18940    -0.0889    13.8155 0.0000e+00  -61.48300  -53.86417 1155003360 220.094456    34.5542 0.0000e+00
    597.000    -0.4666   2.857591    -0.4662   2.857631    6.19251    -0.0834    13.8155 0.0000e+00  -61.48300  -53.86417 1155003365 220.094518    34.5542 0.0000e+00
    598.000    -0.4669   2.857598    -0.4664   2.857647    6.19011    -0.0786    13.8155 0.0000e+00  -61.48300  -53.86417 1155003371 220.094582    34.5541 0.0000e+00
    599.000    -0.4669   2.857641    -0.4665   2.857693    6.18909    -0.0748    13.8155 0.0000e+00  -61.48300  -53.86417 1155003376 220.094644    34.5540 0.0000e+00
    600.000    -0.4668   2.857692    -0.4665   2.857742    6.19021    -0.0863    13.8155 0.0000e+00  -61.48300  -53.86417 1155003387 220.094768    34.5540 0.0000e+00
