product_data/regression_test/downloaded_data/MGDS/320620060703/ctd/adapted/heads_insert_p6606204.cnv
* Sea-Bird SBE 9 Data File:
* FileName = D:\Data\Raw\p6606204.dat
* Software Version Seasave Win32 V 5.32
* Temperature SN = 1649
* Conductivity SN = 1431
* Number of Bytes Per Scan = 37
* Number of Voltage Words = 5
* Number of Scans Averaged by the Deck Unit = 1
* NMEA Latitude = 61 05.82 S
* NMEA Longitude = 058 08.38 W
* NMEA UTC (Time) = 08:04:11
** Ship:   Nathaniel B. Palmer 
** Cruise:    NBP0606 
# nquan = 15
# nvalues = 151                         
# units = specified
# name 0 = prDM: Pressure, Digiquartz [db]
# name 1 = t090C: Temperature [ITS-90, deg C]
# name 2 = c0S/m: Conductivity [S/m]
# name 3 = t190C: Temperature, 2 [ITS-90, deg C]
# name 4 = c1S/m: Conductivity, 2 [S/m]
# name 5 = sbeox0ML/L: Oxygen, SBE 43 [ml/l]
# name 6 = flECO-AFL: Fluorescence, Wetlab ECO-AFL/FL [mg/m^3]
# name 7 = bat: Beam Attenuation, Chelsea/Seatech/Wetlab CStar [1/m]
# name 8 = spar: SPAR/Surface Irradiance
# name 9 = latitude: Latitude [deg]
# name 10 = longitude: Longitude [deg]
# name 11 = timeY: Time, System [seconds]
# name 12 = timeJ: Julian Days
# name 13 = sal00: Salinity [PSU]
# name 14 = flag: flag
# span 0 =      9.000,    159.000       
# span 1 =    -0.8163,     0.8815       
# span 2 =   2.756222,   2.939485       
# span 3 =    -0.8165,     0.8828       
# span 4 =   2.756489,   2.939431       
# span 5 =    5.52550,    8.03802       
# span 6 =    -0.0880,     0.0141       
# span 7 =    13.8155,    13.8155       
# span 8 = 0.0000e+00, 0.0000e+00       
# span 9 =  -61.09700,  -61.09700       
# span 10 =  -58.13967,  -58.13967      
# span 11 = 1152259456, 1152259819      
# span 12 = 188.336313, 188.340516      
# span 13 =    33.9225,    34.8615      
# span 14 = 0.0000e+00, 0.0000e+00      
# interval = decibars: 1                
# start_time = Jul 07 2006 08:04:18
# bad_flag = -9.990e-29
*END*
Pressure	Temperature	Conductivity	Temperature2	Conductivity2	Oxygen	Fluorescence	Beam Attenuation	SPAR	latitude	longitude	timeY	timeJ	Salinity	flag
      9.000    -0.8074   2.824597    -0.8018   2.786979    6.27735    -0.0055    13.8155 0.0000e+00  -61.09700  -58.13967 1152259456 188.336313    34.8615 0.0000e+00
     10.000    -0.7345   2.827818    -0.8030   2.785767    6.91697    -0.0046    13.8155 0.0000e+00  -61.09700  -58.13967 1152259471 188.336491    34.8201 0.0000e+00
     11.000    -0.7992   2.762408    -0.8053   2.758972    7.89164    -0.0079    13.8155 0.0000e+00  -61.09700  -58.13967 1152259496 188.336779    34.0053 0.0000e+00
     12.000    -0.8044   2.756222    -0.8044   2.756489    7.99537    -0.0039    13.8155 0.0000e+00  -61.09700  -58.13967 1152259503 188.336860    33.9264 0.0000e+00
     13.000    -0.8040   2.756262    -0.8049   2.756509    8.00145    -0.0072    13.8155 0.0000e+00  -61.09700  -58.13967 1152259505 188.336876    33.9259 0.0000e+00
     14.000    -0.8033   2.756327    -0.8042   2.756569    8.00717    -0.0168    13.8155 0.0000e+00  -61.09700  -58.13967 1152259506 188.336890    33.9252 0.0000e+00
     15.000    -0.8047   2.756333    -0.8054   2.756577    8.01132    -0.0139    13.8155 0.0000e+00  -61.09700  -58.13967 1152259507 188.336908    33.9262 0.0000e+00
     16.000    -0.8050   2.756384    -0.8055   2.756616    8.01237    -0.0043    13.8155 0.0000e+00  -61.09700  -58.13967 1152259509 188.336932    33.9266 0.0000e+00
     17.000    -0.8046   2.756440    -0.8051   2.756682    8.01376    -0.0090    13.8155 0.0000e+00  -61.09700  -58.13967 1152259511 188.336952    33.9263 0.0000e+00
     18.000    -0.8041   2.756511    -0.8047   2.756741    8.01473     0.0030    13.8155 0.0000e+00  -61.09700  -58.13967 1152259513 188.336975    33.9261 0.0000e+00
     19.000    -0.8037   2.756570    -0.8047   2.756796    8.01851    -0.0133    13.8155 0.0000e+00  -61.09700  -58.13967 1152259515 188.336996    33.9257 0.0000e+00
     20.000    -0.8039   2.756607    -0.8047   2.756850    8.01825    -0.0123    13.8155 0.0000e+00  -61.09700  -58.13967 1152259516 188.337008    33.9258 0.0000e+00
     21.000    -0.8061   2.756594    -0.8069   2.756835    8.01789    -0.0155    13.8155 0.0000e+00  -61.09700  -58.13967 1152259517 188.337017    33.9277 0.0000e+00
     22.000    -0.8062   2.756660    -0.8070   2.756886    8.01444    -0.0164    13.8155 0.0000e+00  -61.09700  -58.13967 1152259518 188.337026    33.9280 0.0000e+00
     23.000    -0.8068   2.756679    -0.8073   2.756907    8.01533    -0.0024    13.8155 0.0000e+00  -61.09700  -58.13967 1152259519 188.337046    33.9284 0.0000e+00
     24.000    -0.8027   2.756853    -0.8027   2.757083    8.02219     0.0013    13.8155 0.0000e+00  -61.09700  -58.13967 1152259523 188.337091    33.9253 0.0000e+00
     25.000    -0.8001   2.756977    -0.7995   2.757219    8.02406    -0.0216    13.8155 0.0000e+00  -61.09700  -58.13967 1152259524 188.337106    33.9233 0.0000e+00
     26.000    -0.8054   2.756884    -0.8055   2.757137    8.02491    -0.0062    13.8155 0.0000e+00  -61.09700  -58.13967 1152259525 188.337119    33.9277 0.0000e+00
     27.000    -0.7990   2.757096    -0.7997   2.757302    8.02617    -0.0328    13.8155 0.0000e+00  -61.09700  -58.13967 1152259526 188.337130    33.9225 0.0000e+00
     28.000    -0.8012   2.757059    -0.8027   2.757258    8.02722    -0.0228    13.8155 0.0000e+00  -61.09700  -58.13967 1152259527 188.337140    33.9239 0.0000e+00
     29.000    -0.8002   2.757148    -0.8014   2.757346    8.02427    -0.0213    13.8155 0.0000e+00  -61.09700  -58.13967 1152259528 188.337151    33.9234 0.0000e+00
     30.000    -0.8013   2.757177    -0.8021   2.757384    8.02190     0.0059    13.8155 0.0000e+00  -61.09700  -58.13967 1152259529 188.337166    33.9244 0.0000e+00
     31.000    -0.8063   2.757070    -0.8076   2.757247    8.02591    -0.0053    13.8155 0.0000e+00  -61.09700  -58.13967 1152259532 188.337193    33.9281 0.0000e+00
     32.000    -0.8005   2.757288    -0.8000   2.757516    8.03580    -0.0076    13.8155 0.0000e+00  -61.09700  -58.13967 1152259535 188.337231    33.9238 0.0000e+00
     33.000    -0.8021   2.757317    -0.8027   2.757508    8.03419    -0.0261    13.8155 0.0000e+00  -61.09700  -58.13967 1152259536 188.337241    33.9253 0.0000e+00
     34.000    -0.8072   2.757156    -0.8095   2.757310    8.03302    -0.0100    13.8155 0.0000e+00  -61.09700  -58.13967 1152259537 188.337250    33.9284 0.0000e+00
     35.000    -0.8121   2.757013    -0.8132   2.757202    8.03264    -0.0238    13.8155 0.0000e+00  -61.09700  -58.13967 1152259538 188.337258    33.9316 0.0000e+00
     36.000    -0.8113   2.757066    -0.8132   2.757236    8.03215    -0.0271    13.8155 0.0000e+00  -61.09700  -58.13967 1152259538 188.337266    33.9307 0.0000e+00
     37.000    -0.8126   2.757082    -0.8131   2.757278    8.03316    -0.0054    13.8155 0.0000e+00  -61.09700  -58.13967 1152259539 188.337272    33.9318 0.0000e+00
     38.000    -0.8128   2.757163    -0.8131   2.757345    8.03362    -0.0077    13.8155 0.0000e+00  -61.09700  -58.13967 1152259543 188.337318    33.9324 0.0000e+00
     39.000    -0.8134   2.757233    -0.8139   2.757436    8.03363    -0.0021    13.8155 0.0000e+00  -61.09700  -58.13967 1152259545 188.337348    33.9335 0.0000e+00
     40.000    -0.8115   2.757410    -0.8126   2.757576    8.03334    -0.0035    13.8155 0.0000e+00  -61.09700  -58.13967 1152259546 188.337356    33.9331 0.0000e+00
     41.000    -0.8122   2.757433    -0.8131   2.757615    8.03215    -0.0177    13.8155 0.0000e+00  -61.09700  -58.13967 1152259547 188.337364    33.9335 0.0000e+00
     42.000    -0.8122   2.757515    -0.8121   2.757731    8.03020    -0.0063    13.8155 0.0000e+00  -61.09700  -58.13967 1152259548 188.337375    33.9340 0.0000e+00
     43.000    -0.8137   2.757546    -0.8146   2.757711    8.03033     0.0023    13.8155 0.0000e+00  -61.09700  -58.13967 1152259549 188.337390    33.9355 0.0000e+00
     44.000    -0.8161   2.757430    -0.8164   2.757607    8.03127     0.0060    13.8155 0.0000e+00  -61.09700  -58.13967 1152259551 188.337410    33.9361 0.0000e+00
     45.000    -0.8163   2.757487    -0.8165   2.757679    8.03375    -0.0035    13.8155 0.0000e+00  -61.09700  -58.13967 1152259552 188.337428    33.9364 0.0000e+00
     46.000    -0.8157   2.757629    -0.8160   2.757801    8.03802    -0.0082    13.8155 0.0000e+00  -61.09700  -58.13967 1152259553 188.337441    33.9370 0.0000e+00
     47.000    -0.8140   2.757750    -0.8138   2.757935    8.03699    -0.0061    13.8155 0.0000e+00  -61.09700  -58.13967 1152259554 188.337453    33.9360 0.0000e+00
     48.000    -0.8119   2.757931    -0.8124   2.758070    8.03466     0.0109    13.8155 0.0000e+00  -61.09700  -58.13967 1152259556 188.337469    33.9354 0.0000e+00
     49.000    -0.8120   2.757990    -0.8120   2.758207    8.03091    -0.0017    13.8155 0.0000e+00  -61.09700  -58.13967 1152259557 188.337488    33.9357 0.0000e+00
     50.000    -0.8114   2.758094    -0.8125   2.758223    8.02987     0.0023    13.8155 0.0000e+00  -61.09700  -58.13967 1152259558 188.337500    33.9359 0.0000e+00
     51.000    -0.8048   2.758776    -0.8059   2.758946    8.02833    -0.0115    13.8155 0.0000e+00  -61.09700  -58.13967 1152259559 188.337510    33.9371 0.0000e+00
     52.000    -0.8015   2.759290    -0.8023   2.759406    8.02548    -0.0081    13.8155 0.0000e+00  -61.09700  -58.13967 1152259560 188.337520    33.9393 0.0000e+00
     53.000    -0.8014   2.759388    -0.8013   2.759619    8.02132    -0.0035    13.8155 0.0000e+00  -61.09700  -58.13967 1152259561 188.337532    33.9401 0.0000e+00
     54.000    -0.7993   2.759697    -0.7997   2.759853    8.01927     0.0046    13.8155 0.0000e+00  -61.09700  -58.13967 1152259563 188.337549    33.9412 0.0000e+00
     55.000    -0.7991   2.760003    -0.7985   2.760116    8.01343     0.0091    13.8155 0.0000e+00  -61.09700  -58.13967 1152259564 188.337566    33.9443 0.0000e+00
     56.000    -0.7922   2.761200    -0.7920   2.761375    8.01036    -0.0074    13.8155 0.0000e+00  -61.09700  -58.13967 1152259566 188.337586    33.9522 0.0000e+00
     57.000    -0.7927   2.761205    -0.7925   2.761414    8.00756    -0.0081    13.8155 0.0000e+00  -61.09700  -58.13967 1152259568 188.337606    33.9525 0.0000e+00
     58.000    -0.7929   2.761794    -0.7927   2.762009    8.00248    -0.0008    13.8155 0.0000e+00  -61.09700  -58.13967 1152259569 188.337618    33.9602 0.0000e+00
     59.000    -0.7888   2.762466    -0.7884   2.762720    8.00136     0.0141    13.8155 0.0000e+00  -61.09700  -58.13967 1152259569 188.337628    33.9638 0.0000e+00
     60.000    -0.7867   2.762692    -0.7857   2.762990    7.99808    -0.0138    13.8155 0.0000e+00  -61.09700  -58.13967 1152259570 188.337636    33.9637 0.0000e+00
     61.000    -0.7873   2.762711    -0.7881   2.762795    7.99239    -0.0096    13.8155 0.0000e+00  -61.09700  -58.13967 1152259571 188.337646    33.9642 0.0000e+00
     62.000    -0.7938   2.762118    -0.7948   2.762195    7.99018     0.0045    13.8155 0.0000e+00  -61.09700  -58.13967 1152259572 188.337661    33.9631 0.0000e+00
     63.000    -0.8032   2.761527    -0.8056   2.761528    7.99691     0.0039    13.8155 0.0000e+00  -61.09700  -58.13967 1152259574 188.337682    33.9654 0.0000e+00
     64.000    -0.8009   2.761671    -0.8008   2.761869    8.00029    -0.0075    13.8155 0.0000e+00  -61.09700  -58.13967 1152259575 188.337697    33.9641 0.0000e+00
     65.000    -0.8025   2.761622    -0.8034   2.761749    8.00414    -0.0137    13.8155 0.0000e+00  -61.09700  -58.13967 1152259576 188.337708    33.9646 0.0000e+00
     66.000    -0.8027   2.761625    -0.8041   2.761734    8.00562    -0.0026    13.8155 0.0000e+00  -61.09700  -58.13967 1152259577 188.337717    33.9641 0.0000e+00
     67.000    -0.8075   2.761420    -0.8075   2.761611    8.00423    -0.0015    13.8155 0.0000e+00  -61.09700  -58.13967 1152259578 188.337726    33.9664 0.0000e+00
     68.000    -0.8009   2.762183    -0.8001   2.762404    8.00415     0.0021    13.8155 0.0000e+00  -61.09700  -58.13967 1152259580 188.337749    33.9684 0.0000e+00
     69.000    -0.8053   2.761772    -0.8053   2.761942    8.00138    -0.0054    13.8155 0.0000e+00  -61.09700  -58.13967 1152259582 188.337778    33.9674 0.0000e+00
     70.000    -0.7971   2.762634    -0.7978   2.762729    7.99714    -0.0140    13.8155 0.0000e+00  -61.09700  -58.13967 1152259584 188.337791    33.9688 0.0000e+00
     71.000    -0.7984   2.762525    -0.7988   2.762662    7.99589    -0.0043    13.8155 0.0000e+00  -61.09700  -58.13967 1152259584 188.337801    33.9681 0.0000e+00
     72.000    -0.7910   2.763429    -0.7914   2.763570    7.98863    -0.0174    13.8155 0.0000e+00  -61.09700  -58.13967 1152259585 188.337809    33.9718 0.0000e+00
     73.000    -0.7759   2.765005    -0.7765   2.765125    7.98122    -0.0180    13.8155 0.0000e+00  -61.09700  -58.13967 1152259586 188.337817    33.9750 0.0000e+00
     74.000    -0.7607   2.766609    -0.7606   2.766795    7.97076    -0.0160    13.8155 0.0000e+00  -61.09700  -58.13967 1152259587 188.337826    33.9784 0.0000e+00
     75.000    -0.7506   2.767691    -0.7486   2.768004    7.95871     0.0048    13.8155 0.0000e+00  -61.09700  -58.13967 1152259588 188.337843    33.9807 0.0000e+00
     76.000    -0.7378   2.769072    -0.7360   2.769383    7.92524    -0.0241    13.8155 0.0000e+00  -61.09700  -58.13967 1152259592 188.337886    33.9847 0.0000e+00
     77.000    -0.7229   2.770678    -0.7231   2.770813    7.91574    -0.0192    13.8155 0.0000e+00  -61.09700  -58.13967 1152259593 188.337895    33.9886 0.0000e+00
     78.000    -0.7030   2.772969    -0.7025   2.773182    7.90096    -0.0192    13.8155 0.0000e+00  -61.09700  -58.13967 1152259593 188.337904    33.9969 0.0000e+00
     79.000    -0.6698   2.776391    -0.6700   2.776511    7.87999    -0.0476    13.8155 0.0000e+00  -61.09700  -58.13967 1152259594 188.337911    34.0036 0.0000e+00
     80.000    -0.6428   2.779347    -0.6421   2.779457    7.86078    -0.0433    13.8155 0.0000e+00  -61.09700  -58.13967 1152259595 188.337919    34.0126 0.0000e+00
     81.000    -0.6131   2.782244    -0.6129   2.782356    7.83954    -0.0182    13.8155 0.0000e+00  -61.09700  -58.13967 1152259595 188.337925    34.0162 0.0000e+00
     82.000    -0.6263   2.780921    -0.6192   2.781608    7.81506    -0.0249    13.8155 0.0000e+00  -61.09700  -58.13967 1152259598 188.337953    34.0141 0.0000e+00
     83.000    -0.6010   2.783499    -0.5996   2.783691    7.79180    -0.0178    13.8155 0.0000e+00  -61.09700  -58.13967 1152259601 188.337989    34.0195 0.0000e+00
     84.000    -0.5882   2.784963    -0.5879   2.785060    7.77686    -0.0510    13.8155 0.0000e+00  -61.09700  -58.13967 1152259602 188.337999    34.0242 0.0000e+00
     85.000    -0.5880   2.785089    -0.5882   2.785178    7.76122    -0.0267    13.8155 0.0000e+00  -61.09700  -58.13967 1152259602 188.338008    34.0252 0.0000e+00
     86.000    -0.5789   2.786147    -0.5788   2.786268    7.74725    -0.0393    13.8155 0.0000e+00  -61.09700  -58.13967 1152259603 188.338016    34.0289 0.0000e+00
     87.000    -0.5637   2.787662    -0.5639   2.787737    7.73469    -0.0455    13.8155 0.0000e+00  -61.09700  -58.13967 1152259604 188.338023    34.0313 0.0000e+00
     88.000    -0.5577   2.788290    -0.5578   2.788361    7.72201    -0.0351    13.8155 0.0000e+00  -61.09700  -58.13967 1152259604 188.338032    34.0321 0.0000e+00
     89.000    -0.5569   2.788586    -0.5560   2.788721    7.70883    -0.0382    13.8155 0.0000e+00  -61.09700  -58.13967 1152259606 188.338046    34.0351 0.0000e+00
     90.000    -0.5433   2.790130    -0.5386   2.790609    7.68588    -0.0363    13.8155 0.0000e+00  -61.09700  -58.13967 1152259607 188.338063    34.0402 0.0000e+00
     91.000    -0.5141   2.793081    -0.5118   2.793305    7.66890    -0.0384    13.8155 0.0000e+00  -61.09700  -58.13967 1152259609 188.338080    34.0459 0.0000e+00
     92.000    -0.5007   2.794432    -0.4976   2.794742    7.64150    -0.0280    13.8155 0.0000e+00  -61.09700  -58.13967 1152259610 188.338098    34.0486 0.0000e+00
     93.000    -0.4726   2.797368    -0.4701   2.797614    7.59661    -0.0363    13.8155 0.0000e+00  -61.09700  -58.13967 1152259612 188.338115    34.0556 0.0000e+00
     94.000    -0.4617   2.798522    -0.4626   2.798487    7.57678    -0.0414    13.8155 0.0000e+00  -61.09700  -58.13967 1152259613 188.338129    34.0581 0.0000e+00
     95.000    -0.4591   2.798810    -0.4597   2.798816    7.55793    -0.0302    13.8155 0.0000e+00  -61.09700  -58.13967 1152259614 188.338143    34.0588 0.0000e+00
     96.000    -0.4246   2.802604    -0.4213   2.803105    7.51890    -0.0311    13.8155 0.0000e+00  -61.09700  -58.13967 1152259615 188.338155    34.0712 0.0000e+00
     97.000    -0.3186   2.813227    -0.3140   2.813730    7.46763    -0.0347    13.8155 0.0000e+00  -61.09700  -58.13967 1152259616 188.338168    34.0906 0.0000e+00
     98.000    -0.2596   2.818998    -0.2593   2.819020    7.42555    -0.0471    13.8155 0.0000e+00  -61.09700  -58.13967 1152259617 188.338180    34.0990 0.0000e+00
     99.000    -0.2471   2.820264    -0.2466   2.820288    7.39104    -0.0465    13.8155 0.0000e+00  -61.09700  -58.13967 1152259618 188.338191    34.1016 0.0000e+00
    100.000    -0.2396   2.821051    -0.2383   2.821164    7.35856    -0.0551    13.8155 0.0000e+00  -61.09700  -58.13967 1152259619 188.338202    34.1038 0.0000e+00
    101.000    -0.2053   2.824691    -0.2021   2.825006    7.32946    -0.0586    13.8155 0.0000e+00  -61.09700  -58.13967 1152259620 188.338212    34.1137 0.0000e+00
    102.000    -0.1700   2.828242    -0.1694   2.828332    7.29863    -0.0495    13.8155 0.0000e+00  -61.09700  -58.13967 1152259621 188.338223    34.1202 0.0000e+00
    103.000    -0.1295   2.832596    -0.1221   2.833219    7.25262    -0.0412    13.8155 0.0000e+00  -61.09700  -58.13967 1152259622 188.338239    34.1320 0.0000e+00
