product_data/regression_test/downloaded_data/MGDS/320620060703/ctd/adapted/heads_insert_p6614901.cnv
* Sea-Bird SBE 9 Data File:
* FileName = D:\Data\Raw\p6614901.dat
* Software Version Seasave Win32 V 5.32
* Temperature SN = 1649
* Conductivity SN = 1431
* Number of Bytes Per Scan = 37
* Number of Voltage Words = 5
* Number of Scans Averaged by the Deck Unit = 1
* NMEA Latitude = 60 34.28 S
* NMEA Longitude = 056 44.74 W
* NMEA UTC (Time) = 06:09:01
** Ship:   Nathaniel B. Palmer 
** Cruise:    NBP0606 
# nquan = 15
# nvalues = 999                         
# units = specified
# name 0 = prDM: Pressure, Digiquartz [db]
# name 1 = t090C: Temperature [ITS-90, deg C]
# name 2 = c0S/m: Conductivity [S/m]
# name 3 = t190C: Temperature, 2 [ITS-90, deg C]
# name 4 = c1S/m: Conductivity, 2 [S/m]
# name 5 = sbeox0ML/L: Oxygen, SBE 43 [ml/l]
# name 6 = flECO-AFL: Fluorescence, Wetlab ECO-AFL/FL [mg/m^3]
# name 7 = bat: Beam Attenuation, Chelsea/Seatech/Wetlab CStar [1/m]
# name 8 = spar: SPAR/Surface Irradiance
# name 9 = latitude: Latitude [deg]
# name 10 = longitude: Longitude [deg]
# name 11 = timeY: Time, System [seconds]
# name 12 = timeJ: Julian Days
# name 13 = sal00: Salinity [PSU]
# name 14 = flag: flag
# span 0 =      3.000,   1001.000       
# span 1 =    -0.9424,     2.1097       
# span 2 =   2.747340,   3.082406       
# span 3 =    -0.9417,     2.1102       
# span 4 =   2.747894,   3.082759       
# span 5 =    4.34663,    8.02770       
# span 6 =    -0.0930,     0.2790       
# span 7 =    13.8155,    13.8155       
# span 8 = 0.0000e+00, 0.0000e+00       
# span 9 =  -60.57133,  -60.57133       
# span 10 =  -56.74567,  -56.74567      
# span 11 = 1153202950, 1153204330      
# span 12 = 199.256375, 199.272356      
# span 13 =    33.9011,    34.7245      
# span 14 = 0.0000e+00, 0.0000e+00      
# interval = decibars: 1                
# start_time = Jul 18 2006 06:09:09
# bad_flag = -9.990e-29
*END*
Pressure	Temperature	Conductivity	Temperature2	Conductivity2	Oxygen	Fluorescence	Beam Attenuation	SPAR	latitude	longitude	timeY	timeJ	Salinity	flag
      3.000    -0.8592   2.749707    -0.8586   2.750503    8.00128     0.2382    13.8155 0.0000e+00  -60.57133  -56.74567 1153202950 199.256375    33.9050 0.0000e+00
      4.000    -0.8586   2.749846    -0.8588   2.750546    8.00522     0.2149    13.8155 0.0000e+00  -60.57133  -56.74567 1153202968 199.256598    33.9057 0.0000e+00
      5.000    -0.8563   2.750085    -0.8549   2.750846    8.00672     0.2063    13.8155 0.0000e+00  -60.57133  -56.74567 1153202973 199.256658    33.9056 0.0000e+00
      6.000    -0.8490   2.750610    -0.8481   2.751377    8.00660     0.2142    13.8155 0.0000e+00  -60.57133  -56.74567 1153202974 199.256670    33.9037 0.0000e+00
      7.000    -0.8474   2.750791    -0.8462   2.751513    7.99945     0.1948    13.8155 0.0000e+00  -60.57133  -56.74567 1153202980 199.256728    33.9039 0.0000e+00
      8.000    -0.8391   2.751350    -0.8392   2.752031    8.00014     0.1875    13.8155 0.0000e+00  -60.57133  -56.74567 1153202981 199.256742    33.9011 0.0000e+00
      9.000    -0.8451   2.750988    -0.8450   2.751703    8.00574     0.2119    13.8155 0.0000e+00  -60.57133  -56.74567 1153202982 199.256761    33.9026 0.0000e+00
     10.000    -0.8475   2.750841    -0.8482   2.751504    8.00539     0.2092    13.8155 0.0000e+00  -60.57133  -56.74567 1153202984 199.256785    33.9030 0.0000e+00
     11.000    -0.8491   2.750789    -0.8495   2.751449    8.00116     0.2095    13.8155 0.0000e+00  -60.57133  -56.74567 1153202987 199.256814    33.9034 0.0000e+00
     12.000    -0.8450   2.751127    -0.8453   2.751776    8.00172     0.1993    13.8155 0.0000e+00  -60.57133  -56.74567 1153202990 199.256849    33.9026 0.0000e+00
     13.000    -0.8443   2.751216    -0.8443   2.751895    8.00628     0.1991    13.8155 0.0000e+00  -60.57133  -56.74567 1153202992 199.256875    33.9024 0.0000e+00
     14.000    -0.8445   2.751252    -0.8427   2.752051    8.00759     0.2126    13.8155 0.0000e+00  -60.57133  -56.74567 1153202994 199.256900    33.9025 0.0000e+00
     15.000    -0.8420   2.751463    -0.8425   2.752124    8.00757     0.1997    13.8155 0.0000e+00  -60.57133  -56.74567 1153202996 199.256915    33.9019 0.0000e+00
     16.000    -0.8472   2.751152    -0.8482   2.751756    8.00799     0.2072    13.8155 0.0000e+00  -60.57133  -56.74567 1153202997 199.256932    33.9031 0.0000e+00
     17.000    -0.8482   2.751126    -0.8480   2.751811    8.00922     0.2224    13.8155 0.0000e+00  -60.57133  -56.74567 1153203001 199.256972    33.9033 0.0000e+00
     18.000    -0.8487   2.751138    -0.8490   2.751787    8.00661     0.2078    13.8155 0.0000e+00  -60.57133  -56.74567 1153203003 199.256996    33.9034 0.0000e+00
     19.000    -0.8487   2.751177    -0.8492   2.751821    8.00341     0.1994    13.8155 0.0000e+00  -60.57133  -56.74567 1153203004 199.257015    33.9033 0.0000e+00
     20.000    -0.8485   2.751246    -0.8487   2.751891    8.00408     0.2145    13.8155 0.0000e+00  -60.57133  -56.74567 1153203007 199.257041    33.9034 0.0000e+00
     21.000    -0.8481   2.751340    -0.8486   2.751948    8.00519     0.2039    13.8155 0.0000e+00  -60.57133  -56.74567 1153203009 199.257066    33.9035 0.0000e+00
     22.000    -0.8474   2.751440    -0.8481   2.752039    8.00692     0.2160    13.8155 0.0000e+00  -60.57133  -56.74567 1153203010 199.257086    33.9034 0.0000e+00
     23.000    -0.8467   2.751533    -0.8470   2.752158    8.00699     0.2115    13.8155 0.0000e+00  -60.57133  -56.74567 1153203012 199.257108    33.9033 0.0000e+00
     24.000    -0.8502   2.751340    -0.8504   2.751974    8.01313     0.2140    13.8155 0.0000e+00  -60.57133  -56.74567 1153203017 199.257158    33.9041 0.0000e+00
     25.000    -0.8504   2.751380    -0.8507   2.752012    8.00651     0.2049    13.8155 0.0000e+00  -60.57133  -56.74567 1153203018 199.257177    33.9042 0.0000e+00
     26.000    -0.8497   2.751480    -0.8500   2.752106    8.00425     0.2018    13.8155 0.0000e+00  -60.57133  -56.74567 1153203019 199.257186    33.9042 0.0000e+00
     27.000    -0.8505   2.751454    -0.8504   2.752107    8.00307     0.1974    13.8155 0.0000e+00  -60.57133  -56.74567 1153203020 199.257199    33.9041 0.0000e+00
     28.000    -0.8512   2.751473    -0.8511   2.752102    8.00994     0.2158    13.8155 0.0000e+00  -60.57133  -56.74567 1153203023 199.257235    33.9045 0.0000e+00
     29.000    -0.8513   2.751520    -0.8510   2.752151    8.00501     0.1876    13.8155 0.0000e+00  -60.57133  -56.74567 1153203025 199.257252    33.9047 0.0000e+00
     30.000    -0.8503   2.751651    -0.8500   2.752271    8.00731     0.2001    13.8155 0.0000e+00  -60.57133  -56.74567 1153203029 199.257295    33.9044 0.0000e+00
     31.000    -0.8467   2.751962    -0.8456   2.752633    8.00370     0.1976    13.8155 0.0000e+00  -60.57133  -56.74567 1153203031 199.257322    33.9040 0.0000e+00
     32.000    -0.8457   2.752046    -0.8460   2.752653    8.00269     0.1834    13.8155 0.0000e+00  -60.57133  -56.74567 1153203031 199.257330    33.9035 0.0000e+00
     33.000    -0.8468   2.752019    -0.8464   2.752659    8.00313     0.2000    13.8155 0.0000e+00  -60.57133  -56.74567 1153203032 199.257341    33.9038 0.0000e+00
     34.000    -0.8484   2.751965    -0.8481   2.752585    8.00388     0.2194    13.8155 0.0000e+00  -60.57133  -56.74567 1153203036 199.257383    33.9043 0.0000e+00
     35.000    -0.8566   2.751388    -0.8586   2.751846    8.00760     0.2074    13.8155 0.0000e+00  -60.57133  -56.74567 1153203038 199.257410    33.9053 0.0000e+00
     36.000    -0.8587   2.751294    -0.8576   2.751959    8.00810     0.1923    13.8155 0.0000e+00  -60.57133  -56.74567 1153203041 199.257436    33.9058 0.0000e+00
     37.000    -0.8545   2.751649    -0.8533   2.752301    8.00936     0.2016    13.8155 0.0000e+00  -60.57133  -56.74567 1153203043 199.257457    33.9050 0.0000e+00
     38.000    -0.8609   2.751209    -0.8625   2.751738    8.00833     0.1891    13.8155 0.0000e+00  -60.57133  -56.74567 1153203044 199.257477    33.9058 0.0000e+00
     39.000    -0.8673   2.750811    -0.8699   2.751230    8.00415     0.1947    13.8155 0.0000e+00  -60.57133  -56.74567 1153203046 199.257499    33.9070 0.0000e+00
     40.000    -0.8838   2.749686    -0.8865   2.750086    8.00571     0.2030    13.8155 0.0000e+00  -60.57133  -56.74567 1153203048 199.257524    33.9102 0.0000e+00
     41.000    -0.8850   2.749652    -0.8849   2.750243    8.01079     0.1950    13.8155 0.0000e+00  -60.57133  -56.74567 1153203050 199.257547    33.9104 0.0000e+00
     42.000    -0.8861   2.749631    -0.8858   2.750229    8.01478     0.2256    13.8155 0.0000e+00  -60.57133  -56.74567 1153203053 199.257580    33.9106 0.0000e+00
     43.000    -0.8879   2.749567    -0.8868   2.750216    8.01525     0.2035    13.8155 0.0000e+00  -60.57133  -56.74567 1153203056 199.257618    33.9110 0.0000e+00
     44.000    -0.8872   2.749646    -0.8877   2.750205    8.01189     0.1968    13.8155 0.0000e+00  -60.57133  -56.74567 1153203057 199.257628    33.9106 0.0000e+00
     45.000    -0.8914   2.749388    -0.8926   2.749912    8.01301     0.1952    13.8155 0.0000e+00  -60.57133  -56.74567 1153203058 199.257637    33.9112 0.0000e+00
     46.000    -0.8989   2.748910    -0.8992   2.749456    8.01363     0.2176    13.8155 0.0000e+00  -60.57133  -56.74567 1153203060 199.257660    33.9127 0.0000e+00
     47.000    -0.9005   2.748831    -0.9006   2.749396    8.01497     0.2131    13.8155 0.0000e+00  -60.57133  -56.74567 1153203064 199.257706    33.9127 0.0000e+00
     48.000    -0.9059   2.748498    -0.9051   2.749118    8.01536     0.2032    13.8155 0.0000e+00  -60.57133  -56.74567 1153203066 199.257727    33.9137 0.0000e+00
     49.000    -0.9069   2.748475    -0.9064   2.749062    8.01512     0.1976    13.8155 0.0000e+00  -60.57133  -56.74567 1153203067 199.257744    33.9139 0.0000e+00
     50.000    -0.9087   2.748390    -0.9081   2.748985    8.01489     0.1877    13.8155 0.0000e+00  -60.57133  -56.74567 1153203069 199.257762    33.9141 0.0000e+00
     51.000    -0.9114   2.748233    -0.9109   2.748827    8.01361     0.2003    13.8155 0.0000e+00  -60.57133  -56.74567 1153203071 199.257784    33.9145 0.0000e+00
     52.000    -0.9118   2.748273    -0.9116   2.748830    8.01519     0.2068    13.8155 0.0000e+00  -60.57133  -56.74567 1153203074 199.257817    33.9147 0.0000e+00
     53.000    -0.9114   2.748346    -0.9108   2.748932    8.01318     0.1862    13.8155 0.0000e+00  -60.57133  -56.74567 1153203076 199.257844    33.9145 0.0000e+00
     54.000    -0.9139   2.748217    -0.9128   2.748849    8.01465     0.1918    13.8155 0.0000e+00  -60.57133  -56.74567 1153203078 199.257866    33.9149 0.0000e+00
     55.000    -0.9163   2.748107    -0.9155   2.748705    8.01876     0.1959    13.8155 0.0000e+00  -60.57133  -56.74567 1153203079 199.257885    33.9156 0.0000e+00
     56.000    -0.9199   2.747909    -0.9189   2.748508    8.01929     0.2051    13.8155 0.0000e+00  -60.57133  -56.74567 1153203081 199.257905    33.9164 0.0000e+00
     57.000    -0.9182   2.748072    -0.9181   2.748604    8.01805     0.2196    13.8155 0.0000e+00  -60.57133  -56.74567 1153203084 199.257941    33.9160 0.0000e+00
     58.000    -0.9211   2.747934    -0.9207   2.748494    8.01380     0.1844    13.8155 0.0000e+00  -60.57133  -56.74567 1153203088 199.257978    33.9166 0.0000e+00
     59.000    -0.9213   2.747966    -0.9209   2.748533    8.01123     0.1851    13.8155 0.0000e+00  -60.57133  -56.74567 1153203089 199.257993    33.9168 0.0000e+00
     60.000    -0.9191   2.748171    -0.9184   2.748740    8.01197     0.1912    13.8155 0.0000e+00  -60.57133  -56.74567 1153203090 199.258004    33.9164 0.0000e+00
     61.000    -0.9192   2.748202    -0.9202   2.748664    8.01243     0.1942    13.8155 0.0000e+00  -60.57133  -56.74567 1153203091 199.258014    33.9162 0.0000e+00
     62.000    -0.9196   2.748228    -0.9191   2.748776    8.01319     0.2095    13.8155 0.0000e+00  -60.57133  -56.74567 1153203092 199.258027    33.9164 0.0000e+00
     63.000    -0.9210   2.748179    -0.9210   2.748710    8.02582     0.2309    13.8155 0.0000e+00  -60.57133  -56.74567 1153203098 199.258099    33.9167 0.0000e+00
     64.000    -0.9255   2.747905    -0.9267   2.748356    8.02447     0.1975    13.8155 0.0000e+00  -60.57133  -56.74567 1153203100 199.258119    33.9174 0.0000e+00
     65.000    -0.9336   2.747400    -0.9337   2.747941    8.02160     0.1825    13.8155 0.0000e+00  -60.57133  -56.74567 1153203100 199.258126    33.9195 0.0000e+00
     66.000    -0.9343   2.747409    -0.9341   2.747958    8.01726     0.2010    13.8155 0.0000e+00  -60.57133  -56.74567 1153203101 199.258134    33.9198 0.0000e+00
     67.000    -0.9351   2.747404    -0.9353   2.747931    8.01690     0.1987    13.8155 0.0000e+00  -60.57133  -56.74567 1153203102 199.258143    33.9200 0.0000e+00
     68.000    -0.9360   2.747423    -0.9355   2.747963    8.01998     0.2002    13.8155 0.0000e+00  -60.57133  -56.74567 1153203107 199.258202    33.9205 0.0000e+00
     69.000    -0.9362   2.747452    -0.9357   2.747997    8.02050     0.2063    13.8155 0.0000e+00  -60.57133  -56.74567 1153203109 199.258230    33.9205 0.0000e+00
     70.000    -0.9380   2.747393    -0.9372   2.747952    8.02094     0.1932    13.8155 0.0000e+00  -60.57133  -56.74567 1153203110 199.258244    33.9211 0.0000e+00
     71.000    -0.9396   2.747340    -0.9388   2.747894    8.02123     0.2048    13.8155 0.0000e+00  -60.57133  -56.74567 1153203112 199.258262    33.9215 0.0000e+00
     72.000    -0.9398   2.747393    -0.9392   2.747923    8.02025     0.2267    13.8155 0.0000e+00  -60.57133  -56.74567 1153203115 199.258295    33.9218 0.0000e+00
     73.000    -0.9404   2.747426    -0.9397   2.747961    8.02063     0.2006    13.8155 0.0000e+00  -60.57133  -56.74567 1153203118 199.258337    33.9222 0.0000e+00
     74.000    -0.9403   2.747512    -0.9397   2.748051    8.02063     0.1997    13.8155 0.0000e+00  -60.57133  -56.74567 1153203120 199.258352    33.9227 0.0000e+00
     75.000    -0.9404   2.747597    -0.9397   2.748140    8.01924     0.2030    13.8155 0.0000e+00  -60.57133  -56.74567 1153203121 199.258367    33.9233 0.0000e+00
     76.000    -0.9407   2.747678    -0.9401   2.748204    8.01815     0.1973    13.8155 0.0000e+00  -60.57133  -56.74567 1153203123 199.258391    33.9240 0.0000e+00
     77.000    -0.9410   2.747720    -0.9403   2.748253    8.01883     0.2105    13.8155 0.0000e+00  -60.57133  -56.74567 1153203125 199.258413    33.9244 0.0000e+00
     78.000    -0.9412   2.747780    -0.9406   2.748306    8.01957     0.2185    13.8155 0.0000e+00  -60.57133  -56.74567 1153203127 199.258437    33.9248 0.0000e+00
     79.000    -0.9412   2.747828    -0.9405   2.748361    8.02527     0.2183    13.8155 0.0000e+00  -60.57133  -56.74567 1153203130 199.258471    33.9248 0.0000e+00
     80.000    -0.9412   2.747885    -0.9405   2.748411    8.02770     0.2182    13.8155 0.0000e+00  -60.57133  -56.74567 1153203132 199.258494    33.9249 0.0000e+00
     81.000    -0.9415   2.747938    -0.9410   2.748454    8.02541     0.2170    13.8155 0.0000e+00  -60.57133  -56.74567 1153203135 199.258524    33.9254 0.0000e+00
     82.000    -0.9424   2.748027    -0.9416   2.748551    8.02028     0.2060    13.8155 0.0000e+00  -60.57133  -56.74567 1153203136 199.258543    33.9270 0.0000e+00
     83.000    -0.9424   2.748079    -0.9417   2.748597    8.02010     0.2014    13.8155 0.0000e+00  -60.57133  -56.74567 1153203137 199.258556    33.9271 0.0000e+00
     84.000    -0.9424   2.748132    -0.9417   2.748648    8.02035     0.1979    13.8155 0.0000e+00  -60.57133  -56.74567 1153203139 199.258570    33.9272 0.0000e+00
     85.000    -0.9409   2.748324    -0.9400   2.748843    8.01559     0.2030    13.8155 0.0000e+00  -60.57133  -56.74567 1153203142 199.258605    33.9275 0.0000e+00
     86.000    -0.9398   2.748479    -0.9390   2.748995    8.00874     0.1911    13.8155 0.0000e+00  -60.57133  -56.74567 1153203145 199.258641    33.9276 0.0000e+00
     87.000    -0.9398   2.748529    -0.9390   2.749037    8.01010     0.2016    13.8155 0.0000e+00  -60.57133  -56.74567 1153203147 199.258665    33.9277 0.0000e+00
     88.000    -0.9402   2.748555    -0.9394   2.749059    8.01282     0.1924    13.8155 0.0000e+00  -60.57133  -56.74567 1153203149 199.258689    33.9279 0.0000e+00
     89.000    -0.9403   2.748591    -0.9397   2.749083    8.01260     0.1904    13.8155 0.0000e+00  -60.57133  -56.74567 1153203150 199.258702    33.9279 0.0000e+00
     90.000    -0.9409   2.748588    -0.9401   2.749094    8.01008     0.1997    13.8155 0.0000e+00  -60.57133  -56.74567 1153203151 199.258714    33.9279 0.0000e+00
     91.000    -0.9405   2.748673    -0.9396   2.749180    8.00701     0.2515    13.8155 0.0000e+00  -60.57133  -56.74567 1153203154 199.258745    33.9280 0.0000e+00
     92.000    -0.9370   2.749052    -0.9358   2.749580    8.00694     0.2382    13.8155 0.0000e+00  -60.57133  -56.74567 1153203158 199.258790    33.9285 0.0000e+00
     93.000    -0.9351   2.749283    -0.9341   2.749787    8.00692     0.2474    13.8155 0.0000e+00  -60.57133  -56.74567 1153203159 199.258807    33.9288 0.0000e+00
     94.000    -0.9377   2.749131    -0.9367   2.749645    8.00830     0.2519    13.8155 0.0000e+00  -60.57133  -56.74567 1153203161 199.258825    33.9291 0.0000e+00
     95.000    -0.9381   2.749167    -0.9373   2.749666    8.00865     0.2652    13.8155 0.0000e+00  -60.57133  -56.74567 1153203162 199.258841    33.9295 0.0000e+00
     96.000    -0.9375   2.749262    -0.9365   2.749777    8.00960     0.2733    13.8155 0.0000e+00  -60.57133  -56.74567 1153203164 199.258864    33.9296 0.0000e+00
     97.000    -0.9369   2.749355    -0.9364   2.749835    8.01143     0.2790    13.8155 0.0000e+00  -60.57133  -56.74567 1153203167 199.258898    33.9295 0.0000e+00
