product_data/regression_test/downloaded_data/MGDS/320620060703/ctd/adapted/heads_insert_p6617610.cnv
* Sea-Bird SBE 9 Data File:
* FileName = D:\Data\Raw\p6617610.dat
* Software Version Seasave Win32 V 5.32
* Temperature SN = 1649
* Conductivity SN = 1431
* Number of Bytes Per Scan = 37
* Number of Voltage Words = 5
* Number of Scans Averaged by the Deck Unit = 1
* NMEA Latitude = 60 37.00 S
* NMEA Longitude = 054 43.23 W
* NMEA UTC (Time) = 14:08:35
** Ship:   Nathaniel B. Palmer 
** Cruise:    NBP0606 
# nquan = 15
# nvalues = 288                         
# units = specified
# name 0 = prDM: Pressure, Digiquartz [db]
# name 1 = t090C: Temperature [ITS-90, deg C]
# name 2 = c0S/m: Conductivity [S/m]
# name 3 = t190C: Temperature, 2 [ITS-90, deg C]
# name 4 = c1S/m: Conductivity, 2 [S/m]
# name 5 = sbeox0ML/L: Oxygen, SBE 43 [ml/l]
# name 6 = flECO-AFL: Fluorescence, Wetlab ECO-AFL/FL [mg/m^3]
# name 7 = bat: Beam Attenuation, Chelsea/Seatech/Wetlab CStar [1/m]
# name 8 = spar: SPAR/Surface Irradiance
# name 9 = latitude: Latitude [deg]
# name 10 = longitude: Longitude [deg]
# name 11 = timeY: Time, System [seconds]
# name 12 = timeJ: Julian Days
# name 13 = sal00: Salinity [PSU]
# name 14 = flag: flag
# span 0 =     15.000,    302.000       
# span 1 =    -0.7378,     1.4632       
# span 2 =   2.779782,   3.001571       
# span 3 =    -0.7377,     1.4646       
# span 4 =   2.780617,   3.001795       
# span 5 =    4.92380,    7.70556       
# span 6 =    -0.0548,     0.7154       
# span 7 =    13.8155,    13.8155       
# span 8 = 2.8899e+01, 3.8924e+01       
# span 9 =  -60.61667,  -60.61667       
# span 10 =  -54.72050,  -54.72050      
# span 11 = 1153490923, 1153491514      
# span 12 = 202.589384, 202.596246      
# span 13 =    34.1674,    34.5486      
# span 14 = 0.0000e+00, 0.0000e+00      
# interval = decibars: 1                
# start_time = Jul 21 2006 14:08:43
# bad_flag = -9.990e-29
*END*
[from data line 97]
    111.000    -0.1994   2.841105    -0.1990   2.841607    6.79872     0.4724    13.8155 3.0797e+01  -60.61667  -54.72050 1153491166 202.592220    34.3255 0.0000e+00
    112.000    -0.2123   2.840110    -0.2095   2.840786    6.80518     0.5228    13.8155 2.9554e+01  -60.61667  -54.72050 1153491167 202.592230    34.3267 0.0000e+00
    113.000    -0.2190   2.839569    -0.2192   2.840059    6.81258     0.5301    13.8155 -9.990e-29  -60.61667  -54.72050 1153491168 202.592241    34.3266 0.0000e+00
    114.000    -0.2477   2.837204    -0.2469   2.837698    6.81711     0.5489    13.8155 -9.990e-29  -60.61667  -54.72050 1153491169 202.592256    34.3276 0.0000e+00
    115.000    -0.2381   2.838214    -0.2366   2.838705    6.81402     0.5846    13.8155 3.0712e+01  -60.61667  -54.72050 1153491171 202.592274    34.3292 0.0000e+00
    116.000    -0.2288   2.839139    -0.2270   2.839676    6.79674     0.5413    13.8155 3.1007e+01  -60.61667  -54.72050 1153491173 202.592293    34.3297 0.0000e+00
    117.000    -0.2157   2.840520    -0.2147   2.840915    6.78587     0.6705    13.8155 2.9491e+01  -60.61667  -54.72050 1153491174 202.592311    34.3325 0.0000e+00
    118.000    -0.1904   2.843043    -0.1885   2.843461    6.74478     0.7154    13.8155 3.0516e+01  -60.61667  -54.72050 1153491176 202.592326    34.3365 0.0000e+00
    119.000    -0.1317   2.848705    -0.1378   2.848151    6.71741     0.6371    13.8155 3.0554e+01  -60.61667  -54.72050 1153491177 202.592339    34.3441 0.0000e+00
    120.000    -0.0826   2.853167    -0.0856   2.853061    6.69042     0.6113    13.8155 3.0392e+01  -60.61667  -54.72050 1153491177 202.592349    34.3455 0.0000e+00
    121.000    -0.0869   2.852802    -0.0842   2.853318    6.66289     0.6108    13.8155 2.9981e+01  -60.61667  -54.72050 1153491178 202.592358    34.3452 0.0000e+00
    122.000    -0.0668   2.854809    -0.0587   2.855625    6.63425     0.5388    13.8155 3.0879e+01  -60.61667  -54.72050 1153491179 202.592367    34.3490 0.0000e+00
    123.000    -0.0077   2.860231    -0.0040   2.860708    6.59397     0.4838    13.8155 3.0040e+01  -60.61667  -54.72050 1153491180 202.592381    34.3523 0.0000e+00
    124.000     0.0132   2.862142     0.0169   2.862724    6.53807     0.4456    13.8155 3.0931e+01  -60.61667  -54.72050 1153491182 202.592406    34.3539 0.0000e+00
    125.000     0.0248   2.863247     0.0279   2.863772    6.50737     0.4072    13.8155 2.9873e+01  -60.61667  -54.72050 1153491184 202.592427    34.3556 0.0000e+00
    126.000     0.0491   2.865565     0.0489   2.865714    6.47920     0.3656    13.8155 3.0851e+01  -60.61667  -54.72050 1153491186 202.592442    34.3585 0.0000e+00
    127.000     0.0739   2.867917     0.0778   2.868394    6.45304     0.3440    13.8155 3.0780e+01  -60.61667  -54.72050 1153491187 202.592455    34.3611 0.0000e+00
    128.000     0.0956   2.869879     0.1001   2.870523    6.42730     0.3435    13.8155 3.0791e+01  -60.61667  -54.72050 1153491188 202.592466    34.3616 0.0000e+00
    129.000     0.1055   2.870885     0.1047   2.870986    6.40351     0.3704    13.8155 3.0553e+01  -60.61667  -54.72050 1153491189 202.592477    34.3636 0.0000e+00
    130.000     0.1097   2.871488     0.1119   2.871933    6.39044     0.3499    13.8155 3.0919e+01  -60.61667  -54.72050 1153491190 202.592488    34.3664 0.0000e+00
    131.000     0.1326   2.873813     0.1368   2.874430    6.36069     0.3110    13.8155 3.0670e+01  -60.61667  -54.72050 1153491191 202.592502    34.3707 0.0000e+00
    132.000     0.1800   2.878401     0.1870   2.879017    6.32003     0.3067    13.8155 3.0720e+01  -60.61667  -54.72050 1153491192 202.592518    34.3775 0.0000e+00
    133.000     0.2328   2.883226     0.2324   2.883374    6.27989     0.3015    13.8155 2.9588e+01  -60.61667  -54.72050 1153491194 202.592535    34.3799 0.0000e+00
    134.000     0.2558   2.885452     0.2548   2.885439    6.23874     0.2460    13.8155 2.9459e+01  -60.61667  -54.72050 1153491195 202.592550    34.3833 0.0000e+00
    135.000     0.2842   2.888048     0.2860   2.888431    6.19887     0.2043    13.8155 3.0753e+01  -60.61667  -54.72050 1153491196 202.592567    34.3848 0.0000e+00
    136.000     0.2876   2.888431     0.2877   2.888642    6.17878     0.2508    13.8155 3.0464e+01  -60.61667  -54.72050 1153491197 202.592581    34.3862 0.0000e+00
    137.000     0.2979   2.889437     0.2998   2.889798    6.14873     0.2572    13.8155 3.0910e+01  -60.61667  -54.72050 1153491198 202.592592    34.3876 0.0000e+00
    138.000     0.3242   2.892130     0.3194   2.891519    6.11043     0.2659    13.8155 3.0381e+01  -60.61667  -54.72050 1153491199 202.592602    34.3937 0.0000e+00
    139.000     0.4310   2.902043     0.4375   2.902448    6.06611     0.2329    13.8155 3.0968e+01  -60.61667  -54.72050 1153491200 202.592613    34.4009 0.0000e+00
    140.000     0.4830   2.906803     0.4842   2.906988    6.00362     0.2619    13.8155 3.0436e+01  -60.61667  -54.72050 1153491202 202.592631    34.4035 0.0000e+00
    141.000     0.5049   2.908940     0.5109   2.909525    5.94476     0.2537    13.8155 3.0163e+01  -60.61667  -54.72050 1153491204 202.592651    34.4076 0.0000e+00
    142.000     0.5288   2.911117     0.5326   2.911659    5.90016     0.2500    13.8155 3.0303e+01  -60.61667  -54.72050 1153491205 202.592666    34.4087 0.0000e+00
    143.000     0.5520   2.913412     0.5527   2.913533    5.86439     0.2550    13.8155 3.0867e+01  -60.61667  -54.72050 1153491206 202.592679    34.4130 0.0000e+00
    144.000     0.5702   2.915081     0.5729   2.915467    5.82160     0.2590    13.8155 2.9994e+01  -60.61667  -54.72050 1153491207 202.592692    34.4139 0.0000e+00
    145.000     0.5895   2.917075     0.5908   2.917121    5.78950     0.2406    13.8155 2.9824e+01  -60.61667  -54.72050 1153491208 202.592705    34.4182 0.0000e+00
    146.000     0.6600   2.923600     0.6640   2.923984    5.72874     0.2361    13.8155 3.0924e+01  -60.61667  -54.72050 1153491209 202.592717    34.4227 0.0000e+00
    147.000     0.7168   2.929277     0.7224   2.929332    5.66347     0.2150    13.8155 3.0927e+01  -60.61667  -54.72050 1153491210 202.592728    34.4336 0.0000e+00
    148.000     0.8715   2.943692     0.8744   2.943674    5.60660     0.1890    13.8155 3.0062e+01  -60.61667  -54.72050 1153491211 202.592740    34.4432 0.0000e+00
    149.000     0.8790   2.944321     0.8806   2.944563    5.55545     0.1569    13.8155 3.1007e+01  -60.61667  -54.72050 1153491212 202.592753    34.4430 0.0000e+00
    150.000     0.8954   2.946237     0.9001   2.946641    5.51138     0.1484    13.8155 3.0271e+01  -60.61667  -54.72050 1153491214 202.592769    34.4495 0.0000e+00
    151.000     0.8989   2.946547     0.8993   2.946706    5.48048     0.1095    13.8155 3.0263e+01  -60.61667  -54.72050 1153491215 202.592787    34.4512 0.0000e+00
    152.000     0.8946   2.946180     0.8959   2.946480    5.45965     0.0972    13.8155 2.9889e+01  -60.61667  -54.72050 1153491217 202.592810    34.4527 0.0000e+00
    153.000     0.9069   2.947464     0.9100   2.947876    5.45112     0.0805    13.8155 3.0655e+01  -60.61667  -54.72050 1153491219 202.592830    34.4560 0.0000e+00
    154.000     0.9173   2.948594     0.9178   2.948705    5.43625     0.0799    13.8155 3.0926e+01  -60.61667  -54.72050 1153491220 202.592843    34.4592 0.0000e+00
    155.000     0.9114   2.947963     0.9086   2.948106    5.43817     0.0642    13.8155 3.0681e+01  -60.61667  -54.72050 1153491221 202.592853    34.4586 0.0000e+00
    156.000     0.9006   2.947237     0.9024   2.947595    5.44350     0.0341    13.8155 2.9564e+01  -60.61667  -54.72050 1153491222 202.592862    34.4599 0.0000e+00
    157.000     0.9001   2.947216     0.9020   2.947567    5.44421     0.0253    13.8155 -9.990e-29  -60.61667  -54.72050 1153491222 202.592870    34.4598 0.0000e+00
    158.000     0.8501   2.942541     0.8495   2.942956    5.44480     0.0317    13.8155 -9.990e-29  -60.61667  -54.72050 1153491223 202.592879    34.4571 0.0000e+00
    159.000     0.8750   2.945130     0.8814   2.945849    5.43349     0.0312    13.8155 -9.990e-29  -60.61667  -54.72050 1153491224 202.592893    34.4611 0.0000e+00
    160.000     0.8977   2.947207     0.8930   2.946930    5.41224     0.0139    13.8155 -9.990e-29  -60.61667  -54.72050 1153491227 202.592929    34.4618 0.0000e+00
    161.000     0.9286   2.951213     0.9393   2.951348    5.38256     0.0088    13.8155 -9.990e-29  -60.61667  -54.72050 1153491229 202.592948    34.4683 0.0000e+00
    162.000     0.9874   2.955966     1.0010   2.957214    5.35546     0.0328    13.8155 -9.990e-29  -60.61667  -54.72050 1153491230 202.592962    34.4725 0.0000e+00
    163.000     1.0080   2.957885     1.0088   2.958103    5.33009     0.0197    13.8155 -9.990e-29  -60.61667  -54.72050 1153491232 202.592976    34.4732 0.0000e+00
    164.000     1.0031   2.957444     1.0035   2.957691    5.30499    -0.0140    13.8155 -9.990e-29  -60.61667  -54.72050 1153491233 202.592987    34.4728 0.0000e+00
    165.000     1.0085   2.958147     1.0130   2.958653    5.29504     0.0104    13.8155 -9.990e-29  -60.61667  -54.72050 1153491234 202.592998    34.4761 0.0000e+00
    166.000     1.0310   2.960372     1.0327   2.960567    5.27461     0.0047    13.8155 -9.990e-29  -60.61667  -54.72050 1153491234 202.593007    34.4791 0.0000e+00
    167.000     1.0409   2.961223     1.0465   2.961927    5.24727    -0.0033    13.8155 -9.990e-29  -60.61667  -54.72050 1153491235 202.593017    34.4780 0.0000e+00
    168.000     1.0892   2.966151     1.0985   2.966630    5.22643    -0.0235    13.8155 -9.990e-29  -60.61667  -54.72050 1153491236 202.593027    34.4880 0.0000e+00
    169.000     1.1771   2.974272     1.1802   2.974554    5.17175    -0.0160    13.8155 -9.990e-29  -60.61667  -54.72050 1153491237 202.593043    34.4916 0.0000e+00
    170.000     1.1421   2.970804     1.1287   2.969983    5.09760    -0.0235    13.8155 -9.990e-29  -60.61667  -54.72050 1153491241 202.593083    34.4882 0.0000e+00
    171.000     1.2336   2.979683     1.2379   2.980011    5.05562    -0.0080    13.8155 -9.990e-29  -60.61667  -54.72050 1153491242 202.593099    34.4985 0.0000e+00
    172.000     1.2708   2.983469     1.2676   2.982745    5.00921    -0.0253    13.8155 -9.990e-29  -60.61667  -54.72050 1153491243 202.593111    34.5062 0.0000e+00
    173.000     1.3951   2.995278     1.3892   2.994298    4.96248    -0.0175    13.8155 -9.990e-29  -60.61667  -54.72050 1153491244 202.593121    34.5154 0.0000e+00
    174.000     1.4511   3.000574     1.4543   3.000563    4.93895    -0.0172    13.8155 -9.990e-29  -60.61667  -54.72050 1153491245 202.593131    34.5199 0.0000e+00
    175.000     1.4632   3.001571     1.4646   3.001795    4.93366    -0.0242    13.8155 -9.990e-29  -60.61667  -54.72050 1153491246 202.593141    34.5182 0.0000e+00
    176.000     1.4387   2.999274     1.4442   2.999995    4.92380    -0.0210    13.8155 -9.990e-29  -60.61667  -54.72050 1153491247 202.593152    34.5168 0.0000e+00
    177.000     1.3697   2.992733     1.3731   2.993465    4.94307    -0.0249    13.8155 -9.990e-29  -60.61667  -54.72050 1153491248 202.593163    34.5116 0.0000e+00
    178.000     1.3114   2.987136     1.2761   2.984668    4.99069    -0.0286    13.8155 -9.990e-29  -60.61667  -54.72050 1153491249 202.593178    34.5051 0.0000e+00
    179.000     1.1342   2.970855     1.1233   2.970329    5.06891    -0.0197    13.8155 -9.990e-29  -60.61667  -54.72050 1153491251 202.593199    34.4985 0.0000e+00
    180.000     1.0845   2.966279     1.0762   2.965824    5.13936    -0.0301    13.8155 -9.990e-29  -60.61667  -54.72050 1153491253 202.593223    34.4948 0.0000e+00
    181.000     1.0891   2.966792     1.0934   2.967505    5.16523    -0.0084    13.8155 -9.990e-29  -60.61667  -54.72050 1153491254 202.593239    34.4948 0.0000e+00
    182.000     1.0877   2.966758     1.0868   2.966926    5.18048    -0.0250    13.8155 -9.990e-29  -60.61667  -54.72050 1153491256 202.593253    34.4949 0.0000e+00
    183.000     1.0833   2.966387     1.0874   2.966990    5.18797    -0.0106    13.8155 -9.990e-29  -60.61667  -54.72050 1153491257 202.593266    34.4941 0.0000e+00
    184.000     1.0847   2.966556     1.0892   2.967221    5.18464    -0.0264    13.8155 -9.990e-29  -60.61667  -54.72050 1153491258 202.593280    34.4941 0.0000e+00
    185.000     1.1193   2.969931     1.1207   2.970276    5.17982    -0.0212    13.8155 -9.990e-29  -60.61667  -54.72050 1153491259 202.593292    34.4966 0.0000e+00
    186.000     1.1197   2.970008     1.1215   2.970427    5.17084    -0.0182    13.8155 -9.990e-29  -60.61667  -54.72050 1153491260 202.593303    34.4967 0.0000e+00
    187.000     1.1166   2.969785     1.1204   2.970366    5.16630    -0.0195    13.8155 -9.990e-29  -60.61667  -54.72050 1153491261 202.593316    34.4967 0.0000e+00
    188.000     1.1258   2.970706     1.1261   2.970927    5.14776    -0.0230    13.8155 -9.990e-29  -60.61667  -54.72050 1153491262 202.593333    34.4971 0.0000e+00
    189.000     1.1937   2.977294     1.2153   2.979281    5.13779    -0.0262    13.8155 -9.990e-29  -60.61667  -54.72050 1153491264 202.593351    34.5050 0.0000e+00
    190.000     1.2370   2.981462     1.2433   2.982051    5.13136    -0.0206    13.8155 -9.990e-29  -60.61667  -54.72050 1153491265 202.593367    34.5087 0.0000e+00
    191.000     1.2767   2.985090     1.2780   2.985431    5.18225    -0.0125    13.8155 -9.990e-29  -60.61667  -54.72050 1153491267 202.593382    34.5088 0.0000e+00
    192.000     1.1124   2.969754     1.0859   2.968371    5.23472    -0.0343    13.8155 -9.990e-29  -60.61667  -54.72050 1153491268 202.593396    34.4970 0.0000e+00
    193.000     0.9231   2.952257     0.8781   2.949140    5.34343    -0.0371    13.8155 -9.990e-29  -60.61667  -54.72050 1153491269 202.593409    34.4862 0.0000e+00
    194.000     0.6964   2.930875     0.6190   2.925732    5.46553    -0.0190    13.8155 -9.990e-29  -60.61667  -54.72050 1153491270 202.593422    34.4639 0.0000e+00
    195.000     0.4599   2.909981     0.4610   2.910656    5.58487    -0.0220    13.8155 3.0839e+01  -60.61667  -54.72050 1153491272 202.593440    34.4634 0.0000e+00
    196.000     0.4407   2.908221     0.4416   2.908885    5.69510    -0.0289    13.8155 3.2753e+01  -60.61667  -54.72050 1153491273 202.593460    34.4577 0.0000e+00
    197.000     0.4266   2.907091     0.4292   2.907745    5.70760    -0.0354    13.8155 3.1251e+01  -60.61667  -54.72050 1153491275 202.593472    34.4570 0.0000e+00
    198.000     0.5081   2.915008     0.5039   2.914775    5.70330    -0.0332    13.8155 3.3070e+01  -60.61667  -54.72050 1153491275 202.593482    34.4669 0.0000e+00
    199.000     0.6221   2.925371     0.6356   2.926866    5.70268    -0.0297    13.8155 3.1343e+01  -60.61667  -54.72050 1153491276 202.593492    34.4680 0.0000e+00
    200.000     0.6422   2.927303     0.6433   2.927795    5.74502    -0.0290    13.8155 3.2992e+01  -60.61667  -54.72050 1153491278 202.593509    34.4681 0.0000e+00
    201.000     0.6390   2.927150     0.6250   2.926197    5.75776    -0.0248    13.8155 3.2017e+01  -60.61667  -54.72050 1153491280 202.593531    34.4686 0.0000e+00
    202.000     0.5388   2.916884     0.5247   2.917201    5.85727    -0.0219    13.8155 3.3130e+01  -60.61667  -54.72050 1153491281 202.593546    34.4553 0.0000e+00
    203.000     0.1531   2.882739     0.1479   2.883096    5.95299    -0.0255    13.8155 3.3118e+01  -60.61667  -54.72050 1153491282 202.593559    34.4423 0.0000e+00
    204.000     0.1133   2.879054     0.1168   2.880074    6.03782    -0.0336    13.8155 3.3118e+01  -60.61667  -54.72050 1153491283 202.593574    34.4361 0.0000e+00
    205.000     0.1042   2.878270     0.1077   2.879286    6.10723    -0.0197    13.8155 3.3042e+01  -60.61667  -54.72050 1153491285 202.593588    34.4331 0.0000e+00
