product_data/regression_test/downloaded_data/MGDS/320620060703/ctd/adapted/heads_insert_p6623001.cnv
* Sea-Bird SBE 9 Data File:
* FileName = D:\Data\Raw\p6623001.dat
* Software Version Seasave Win32 V 5.32
* Temperature SN = 1649
* Conductivity SN = 1431
* Number of Bytes Per Scan = 37
* Number of Voltage Words = 5
* Number of Scans Averaged by the Deck Unit = 1
* NMEA Latitude = 61 58.14 S
* NMEA Longitude = 053 02.97 W
* NMEA UTC (Time) = 00:58:35
** Ship:   Nathaniel B. Palmer 
** Cruise:    NBP0606 
# nquan = 15
# nvalues = 2087                        
# units = specified
# name 0 = prDM: Pressure, Digiquartz [db]
# name 1 = t090C: Temperature [ITS-90, deg C]
# name 2 = c0S/m: Conductivity [S/m]
# name 3 = t190C: Temperature, 2 [ITS-90, deg C]
# name 4 = c1S/m: Conductivity, 2 [S/m]
# name 5 = sbeox0ML/L: Oxygen, SBE 43 [ml/l]
# name 6 = flECO-AFL: Fluorescence, Wetlab ECO-AFL/FL [mg/m^3]
# name 7 = bat: Beam Attenuation, Chelsea/Seatech/Wetlab CStar [1/m]
# name 8 = spar: SPAR/Surface Irradiance
# name 9 = latitude: Latitude [deg]
# name 10 = longitude: Longitude [deg]
# name 11 = timeY: Time, System [seconds]
# name 12 = timeJ: Julian Days
# name 13 = sal00: Salinity [PSU]
# name 14 = flag: flag
# span 0 =      1.000,   2087.000       
# span 1 =    -1.8020,     0.4532       
# span 2 =   2.711145,   2.955348       
# span 3 =    -1.8022,     0.4541       
# span 4 =   2.711697,   2.955448       
# span 5 =    5.28451,    7.11516       
# span 6 =    -0.1970,     0.0704       
# span 7 =    13.8155,    13.8155       
# span 8 = -5.422e-03, 2.5227e+00       
# span 9 =  -61.96900,  -61.96900       
# span 10 =  -53.04950,  -53.04950      
# span 11 = 1154912409, 1154914958      
# span 12 = 219.041780, 219.071285      
# span 13 =    34.4227,    34.6714      
# span 14 = 0.0000e+00, 0.0000e+00      
# interval = decibars: 1                
# start_time = Aug 07 2006 01:00:00
# bad_flag = -9.990e-29
*END*
[from data line 1543]
   1543.000    -0.1204   2.935163    -0.1206   2.935265    5.79999    -0.1225    13.8155 0.0000e+00  -61.96900  -53.04950 1154914309 219.063777    34.6526 0.0000e+00
   1544.000    -0.1211   2.935144    -0.1214   2.935224    5.79947    -0.1249    13.8155 0.0000e+00  -61.96900  -53.04950 1154914310 219.063789    34.6526 0.0000e+00
   1545.000    -0.1220   2.935104    -0.1220   2.935212    5.79991    -0.1218    13.8155 0.0000e+00  -61.96900  -53.04950 1154914311 219.063802    34.6526 0.0000e+00
   1546.000    -0.1218   2.935156    -0.1217   2.935275    5.79946    -0.1110    13.8155 0.0000e+00  -61.96900  -53.04950 1154914312 219.063815    34.6525 0.0000e+00
   1547.000    -0.1222   2.935170    -0.1220   2.935295    5.80040    -0.1120    13.8155 0.0000e+00  -61.96900  -53.04950 1154914313 219.063828    34.6525 0.0000e+00
   1548.000    -0.1231   2.935131    -0.1229   2.935262    5.80144    -0.0988    13.8155 0.0000e+00  -61.96900  -53.04950 1154914314 219.063840    34.6525 0.0000e+00
   1549.000    -0.1248   2.935022    -0.1244   2.935163    5.80340    -0.1307    13.8155 0.0000e+00  -61.96900  -53.04950 1154914315 219.063853    34.6525 0.0000e+00
   1550.000    -0.1254   2.934988    -0.1253   2.935125    5.80619    -0.1254    13.8155 0.0000e+00  -61.96900  -53.04950 1154914317 219.063865    34.6521 0.0000e+00
   1551.000    -0.1284   2.934781    -0.1282   2.934890    5.80830    -0.1195    13.8155 0.0000e+00  -61.96900  -53.04950 1154914318 219.063878    34.6523 0.0000e+00
   1552.000    -0.1281   2.934845    -0.1281   2.934946    5.80904    -0.0935    13.8155 0.0000e+00  -61.96900  -53.04950 1154914319 219.063891    34.6522 0.0000e+00
   1553.000    -0.1280   2.934898    -0.1275   2.935037    5.81137    -0.1361    13.8155 0.0000e+00  -61.96900  -53.04950 1154914320 219.063903    34.6522 0.0000e+00
   1554.000    -0.1285   2.934891    -0.1289   2.934961    5.81274    -0.0992    13.8155 0.0000e+00  -61.96900  -53.04950 1154914321 219.063916    34.6521 0.0000e+00
   1555.000    -0.1320   2.934617    -0.1320   2.934715    5.81324    -0.1338    13.8155 0.0000e+00  -61.96900  -53.04950 1154914322 219.063929    34.6520 0.0000e+00
   1556.000    -0.1317   2.934681    -0.1314   2.934810    5.81479    -0.1294    13.8155 0.0000e+00  -61.96900  -53.04950 1154914323 219.063941    34.6519 0.0000e+00
   1557.000    -0.1384   2.934107    -0.1368   2.934389    5.81625    -0.1119    13.8155 0.0000e+00  -61.96900  -53.04950 1154914324 219.063954    34.6513 0.0000e+00
   1558.000    -0.1429   2.933749    -0.1424   2.933931    5.81921    -0.1030    13.8155 0.0000e+00  -61.96900  -53.04950 1154914325 219.063967    34.6514 0.0000e+00
   1559.000    -0.1435   2.933727    -0.1430   2.933900    5.82238    -0.1247    13.8155 0.0000e+00  -61.96900  -53.04950 1154914326 219.063979    34.6512 0.0000e+00
   1560.000    -0.1455   2.933596    -0.1451   2.933741    5.82469    -0.1205    13.8155 0.0000e+00  -61.96900  -53.04950 1154914328 219.063992    34.6511 0.0000e+00
   1561.000    -0.1472   2.933489    -0.1470   2.933611    5.82659    -0.1136    13.8155 0.0000e+00  -61.96900  -53.04950 1154914329 219.064005    34.6510 0.0000e+00
   1562.000    -0.1473   2.933516    -0.1474   2.933613    5.82744    -0.1033    13.8155 0.0000e+00  -61.96900  -53.04950 1154914330 219.064017    34.6509 0.0000e+00
   1563.000    -0.1489   2.933416    -0.1478   2.933628    5.82897    -0.1149    13.8155 0.0000e+00  -61.96900  -53.04950 1154914331 219.064030    34.6509 0.0000e+00
   1564.000    -0.1518   2.933182    -0.1517   2.933327    5.83079    -0.1117    13.8155 0.0000e+00  -61.96900  -53.04950 1154914332 219.064043    34.6505 0.0000e+00
   1565.000    -0.1581   2.932654    -0.1574   2.932854    5.83334    -0.1231    13.8155 0.0000e+00  -61.96900  -53.04950 1154914333 219.064055    34.6502 0.0000e+00
   1566.000    -0.1614   2.932411    -0.1610   2.932564    5.83715    -0.1067    13.8155 0.0000e+00  -61.96900  -53.04950 1154914334 219.064068    34.6502 0.0000e+00
   1567.000    -0.1634   2.932277    -0.1638   2.932343    5.83810    -0.0930    13.8155 0.0000e+00  -61.96900  -53.04950 1154914335 219.064081    34.6501 0.0000e+00
   1568.000    -0.1636   2.932307    -0.1635   2.932417    5.83925    -0.1315    13.8155 0.0000e+00  -61.96900  -53.04950 1154914336 219.064093    34.6501 0.0000e+00
   1569.000    -0.1646   2.932241    -0.1640   2.932413    5.84007    -0.1037    13.8155 0.0000e+00  -61.96900  -53.04950 1154914337 219.064106    34.6498 0.0000e+00
   1570.000    -0.1674   2.932035    -0.1670   2.932189    5.84225    -0.1222    13.8155 0.0000e+00  -61.96900  -53.04950 1154914338 219.064119    34.6497 0.0000e+00
   1571.000    -0.1666   2.932145    -0.1664   2.932283    5.84517    -0.1023    13.8155 0.0000e+00  -61.96900  -53.04950 1154914340 219.064131    34.6496 0.0000e+00
   1572.000    -0.1674   2.932126    -0.1674   2.932241    5.84688    -0.1048    13.8155 0.0000e+00  -61.96900  -53.04950 1154914341 219.064144    34.6497 0.0000e+00
   1573.000    -0.1678   2.932135    -0.1676   2.932252    5.84626    -0.1125    13.8155 0.0000e+00  -61.96900  -53.04950 1154914342 219.064157    34.6497 0.0000e+00
   1574.000    -0.1670   2.932248    -0.1669   2.932352    5.84757    -0.1358    13.8155 0.0000e+00  -61.96900  -53.04950 1154914343 219.064169    34.6497 0.0000e+00
   1575.000    -0.1670   2.932288    -0.1668   2.932415    5.84724    -0.1242    13.8155 0.0000e+00  -61.96900  -53.04950 1154914344 219.064182    34.6496 0.0000e+00
   1576.000    -0.1674   2.932300    -0.1673   2.932421    5.85126    -0.1050    13.8155 0.0000e+00  -61.96900  -53.04950 1154914345 219.064194    34.6496 0.0000e+00
   1577.000    -0.1680   2.932286    -0.1678   2.932406    5.85192    -0.1338    13.8155 0.0000e+00  -61.96900  -53.04950 1154914346 219.064207    34.6496 0.0000e+00
   1578.000    -0.1680   2.932329    -0.1682   2.932424    5.85491    -0.1111    13.8155 0.0000e+00  -61.96900  -53.04950 1154914347 219.064220    34.6495 0.0000e+00
   1579.000    -0.1690   2.932280    -0.1688   2.932409    5.85729    -0.0987    13.8155 0.0000e+00  -61.96900  -53.04950 1154914348 219.064232    34.6494 0.0000e+00
   1580.000    -0.1694   2.932279    -0.1695   2.932370    5.85916    -0.1178    13.8155 0.0000e+00  -61.96900  -53.04950 1154914349 219.064245    34.6494 0.0000e+00
   1581.000    -0.1702   2.932237    -0.1706   2.932320    5.86002    -0.0984    13.8155 0.0000e+00  -61.96900  -53.04950 1154914350 219.064258    34.6492 0.0000e+00
   1582.000    -0.1718   2.932147    -0.1720   2.932239    5.86071    -0.1120    13.8155 0.0000e+00  -61.96900  -53.04950 1154914352 219.064270    34.6492 0.0000e+00
   1583.000    -0.1724   2.932129    -0.1723   2.932249    5.86288    -0.1188    13.8155 0.0000e+00  -61.96900  -53.04950 1154914353 219.064283    34.6492 0.0000e+00
   1584.000    -0.1719   2.932204    -0.1719   2.932317    5.86330    -0.1087    13.8155 0.0000e+00  -61.96900  -53.04950 1154914354 219.064296    34.6491 0.0000e+00
   1585.000    -0.1728   2.932175    -0.1728   2.932280    5.86269    -0.1179    13.8155 0.0000e+00  -61.96900  -53.04950 1154914355 219.064308    34.6491 0.0000e+00
   1586.000    -0.1735   2.932160    -0.1738   2.932235    5.86153    -0.1216    13.8155 0.0000e+00  -61.96900  -53.04950 1154914356 219.064321    34.6491 0.0000e+00
   1587.000    -0.1737   2.932176    -0.1736   2.932291    5.85966    -0.1336    13.8155 0.0000e+00  -61.96900  -53.04950 1154914357 219.064334    34.6490 0.0000e+00
   1588.000    -0.1743   2.932176    -0.1742   2.932287    5.85963    -0.1067    13.8155 0.0000e+00  -61.96900  -53.04950 1154914358 219.064346    34.6491 0.0000e+00
   1589.000    -0.1741   2.932230    -0.1742   2.932325    5.85850    -0.1284    13.8155 0.0000e+00  -61.96900  -53.04950 1154914359 219.064359    34.6490 0.0000e+00
   1590.000    -0.1739   2.932291    -0.1739   2.932401    5.85920    -0.1050    13.8155 0.0000e+00  -61.96900  -53.04950 1154914360 219.064371    34.6490 0.0000e+00
   1591.000    -0.1735   2.932360    -0.1735   2.932477    5.85939    -0.0895    13.8155 0.0000e+00  -61.96900  -53.04950 1154914361 219.064384    34.6490 0.0000e+00
   1592.000    -0.1733   2.932426    -0.1731   2.932538    5.85951    -0.1295    13.8155 0.0000e+00  -61.96900  -53.04950 1154914362 219.064397    34.6490 0.0000e+00
   1593.000    -0.1737   2.932424    -0.1739   2.932528    5.86036    -0.1329    13.8155 0.0000e+00  -61.96900  -53.04950 1154914364 219.064409    34.6489 0.0000e+00
   1594.000    -0.1744   2.932409    -0.1740   2.932546    5.86089    -0.1030    13.8155 0.0000e+00  -61.96900  -53.04950 1154914365 219.064422    34.6490 0.0000e+00
   1595.000    -0.1739   2.932499    -0.1735   2.932642    5.86143    -0.1187    13.8155 0.0000e+00  -61.96900  -53.04950 1154914366 219.064434    34.6490 0.0000e+00
   1596.000    -0.1748   2.932460    -0.1745   2.932580    5.86244    -0.1173    13.8155 0.0000e+00  -61.96900  -53.04950 1154914367 219.064447    34.6489 0.0000e+00
   1597.000    -0.1753   2.932457    -0.1752   2.932571    5.86337    -0.1150    13.8155 0.0000e+00  -61.96900  -53.04950 1154914368 219.064460    34.6489 0.0000e+00
   1598.000    -0.1742   2.932542    -0.1748   2.932640    5.86405    -0.1142    13.8155 0.0000e+00  -61.96900  -53.04950 1154914369 219.064472    34.6490 0.0000e+00
   1599.000    -0.1725   2.932794    -0.1722   2.932912    5.86420    -0.1250    13.8155 0.0000e+00  -61.96900  -53.04950 1154914370 219.064485    34.6490 0.0000e+00
   1600.000    -0.1734   2.932745    -0.1731   2.932875    5.86362    -0.1185    13.8155 0.0000e+00  -61.96900  -53.04950 1154914371 219.064497    34.6489 0.0000e+00
   1601.000    -0.1744   2.932697    -0.1739   2.932855    5.86377    -0.1199    13.8155 0.0000e+00  -61.96900  -53.04950 1154914372 219.064510    34.6489 0.0000e+00
   1602.000    -0.1738   2.932799    -0.1739   2.932898    5.86386    -0.1312    13.8155 0.0000e+00  -61.96900  -53.04950 1154914373 219.064522    34.6489 0.0000e+00
   1603.000    -0.1748   2.932746    -0.1745   2.932874    5.86411    -0.0995    13.8155 0.0000e+00  -61.96900  -53.04950 1154914374 219.064535    34.6488 0.0000e+00
   1604.000    -0.1755   2.932721    -0.1754   2.932839    5.86459    -0.1011    13.8155 0.0000e+00  -61.96900  -53.04950 1154914376 219.064548    34.6489 0.0000e+00
   1605.000    -0.1755   2.932758    -0.1756   2.932860    5.86497    -0.1210    13.8155 0.0000e+00  -61.96900  -53.04950 1154914377 219.064560    34.6488 0.0000e+00
   1606.000    -0.1768   2.932688    -0.1768   2.932802    5.86562    -0.1048    13.8155 0.0000e+00  -61.96900  -53.04950 1154914378 219.064573    34.6488 0.0000e+00
   1607.000    -0.1776   2.932660    -0.1776   2.932771    5.86673    -0.1283    13.8155 0.0000e+00  -61.96900  -53.04950 1154914379 219.064585    34.6488 0.0000e+00
   1608.000    -0.1785   2.932622    -0.1785   2.932727    5.86760    -0.1244    13.8155 0.0000e+00  -61.96900  -53.04950 1154914380 219.064598    34.6487 0.0000e+00
   1609.000    -0.1799   2.932542    -0.1798   2.932646    5.86830    -0.1383    13.8155 0.0000e+00  -61.96900  -53.04950 1154914381 219.064611    34.6488 0.0000e+00
   1610.000    -0.1803   2.932532    -0.1804   2.932646    5.86913    -0.1386    13.8155 0.0000e+00  -61.96900  -53.04950 1154914382 219.064623    34.6485 0.0000e+00
   1611.000    -0.1809   2.932527    -0.1811   2.932632    5.86977    -0.1214    13.8155 0.0000e+00  -61.96900  -53.04950 1154914383 219.064636    34.6485 0.0000e+00
   1612.000    -0.1815   2.932516    -0.1814   2.932633    5.87055    -0.1287    13.8155 0.0000e+00  -61.96900  -53.04950 1154914384 219.064648    34.6485 0.0000e+00
   1613.000    -0.1810   2.932612    -0.1808   2.932728    5.87144    -0.1088    13.8155 0.0000e+00  -61.96900  -53.04950 1154914385 219.064661    34.6486 0.0000e+00
   1614.000    -0.1812   2.932625    -0.1812   2.932730    5.87231    -0.1075    13.8155 0.0000e+00  -61.96900  -53.04950 1154914386 219.064674    34.6485 0.0000e+00
   1615.000    -0.1805   2.932728    -0.1802   2.932858    5.87308    -0.1202    13.8155 0.0000e+00  -61.96900  -53.04950 1154914388 219.064686    34.6486 0.0000e+00
   1616.000    -0.1801   2.932812    -0.1799   2.932934    5.87223    -0.1093    13.8155 0.0000e+00  -61.96900  -53.04950 1154914389 219.064699    34.6486 0.0000e+00
   1617.000    -0.1807   2.932806    -0.1806   2.932912    5.87216    -0.0803    13.8155 0.0000e+00  -61.96900  -53.04950 1154914390 219.064711    34.6487 0.0000e+00
   1618.000    -0.1811   2.932803    -0.1809   2.932925    5.87150    -0.1172    13.8155 0.0000e+00  -61.96900  -53.04950 1154914391 219.064724    34.6486 0.0000e+00
   1619.000    -0.1809   2.932849    -0.1806   2.932990    5.87125    -0.1268    13.8155 0.0000e+00  -61.96900  -53.04950 1154914392 219.064736    34.6484 0.0000e+00
   1620.000    -0.1808   2.932929    -0.1803   2.933059    5.87145    -0.1302    13.8155 0.0000e+00  -61.96900  -53.04950 1154914393 219.064749    34.6487 0.0000e+00
   1621.000    -0.1801   2.933029    -0.1795   2.933167    5.87308    -0.1140    13.8155 0.0000e+00  -61.96900  -53.04950 1154914394 219.064761    34.6487 0.0000e+00
   1622.000    -0.1807   2.932996    -0.1807   2.933105    5.87342    -0.1160    13.8155 0.0000e+00  -61.96900  -53.04950 1154914395 219.064774    34.6485 0.0000e+00
   1623.000    -0.1812   2.933001    -0.1810   2.933120    5.87400    -0.1182    13.8155 0.0000e+00  -61.96900  -53.04950 1154914396 219.064787    34.6485 0.0000e+00
   1624.000    -0.1814   2.933019    -0.1813   2.933142    5.87482    -0.1319    13.8155 0.0000e+00  -61.96900  -53.04950 1154914397 219.064799    34.6484 0.0000e+00
   1625.000    -0.1827   2.932947    -0.1829   2.933033    5.87579    -0.1363    13.8155 0.0000e+00  -61.96900  -53.04950 1154914398 219.064812    34.6484 0.0000e+00
   1626.000    -0.1839   2.932888    -0.1837   2.933001    5.87677    -0.1126    13.8155 0.0000e+00  -61.96900  -53.04950 1154914399 219.064824    34.6484 0.0000e+00
   1627.000    -0.1830   2.933002    -0.1827   2.933122    5.87632    -0.1172    13.8155 0.0000e+00  -61.96900  -53.04950 1154914401 219.064837    34.6483 0.0000e+00
   1628.000    -0.1828   2.933058    -0.1834   2.933111    5.87394    -0.1289    13.8155 0.0000e+00  -61.96900  -53.04950 1154914402 219.064850    34.6483 0.0000e+00
   1629.000    -0.1825   2.933137    -0.1823   2.933246    5.87516    -0.1026    13.8155 4.6302e-11  -61.96900  -53.04950 1154914403 219.064862    34.6485 0.0000e+00
   1630.000    -0.1836   2.933063    -0.1837   2.933164    5.87647    -0.1031    13.8155 2.2370e-01  -61.96900  -53.04950 1154914404 219.064875    34.6481 0.0000e+00
   1631.000    -0.1851   2.932977    -0.1850   2.933092    5.87657    -0.1073    13.8155 1.8515e-03  -61.96900  -53.04950 1154914405 219.064888    34.6483 0.0000e+00
   1632.000    -0.1842   2.933103    -0.1843   2.933201    5.87672    -0.1129    13.8155 2.7509e-52  -61.96900  -53.04950 1154914406 219.064901    34.6483 0.0000e+00
   1633.000    -0.1843   2.933133    -0.1841   2.933245    5.87650    -0.1271    13.8155 6.3310e-33  -61.96900  -53.04950 1154914407 219.064914    34.6483 0.0000e+00
   1634.000    -0.1836   2.933243    -0.1832   2.933371    5.87749    -0.1392    13.8155 7.4297e-13  -61.96900  -53.04950 1154914408 219.064927    34.6484 0.0000e+00
   1635.000    -0.1839   2.933262    -0.1835   2.933391    5.87827    -0.1288    13.8155 1.1241e-01  -61.96900  -53.04950 1154914409 219.064940    34.6484 0.0000e+00
   1636.000    -0.1844   2.933260    -0.1841   2.933384    5.87885    -0.0998    13.8155 -3.464e-04  -61.96900  -53.04950 1154914411 219.064953    34.6484 0.0000e+00
   1637.000    -0.1846   2.933272    -0.1846   2.933384    5.87837    -0.1046    13.8155 2.4929e-53  -61.96900  -53.04950 1154914412 219.064965    34.6482 0.0000e+00
