product_data/regression_test/downloaded_data/MGDS/320620060703/ctd/adapted/heads_insert_p6609310.cnv
* Sea-Bird SBE 9 Data File:
* FileName = D:\Data\Raw\p6609310.dat
* Software Version Seasave Win32 V 5.32
* Temperature SN = 1649
* Conductivity SN = 1431
* Number of Bytes Per Scan = 37
* Number of Voltage Words = 5
* Number of Scans Averaged by the Deck Unit = 1
* NMEA Latitude = 61 07.49 S
* NMEA Longitude = 058 05.61 W
* NMEA UTC (Time) = 09:04:34
** Ship:   Nathaniel B. Palmer nbp
** Cruise:    NBP0606 nbp0606
# nquan = 15
# nvalues = 1990                        
# units = specified
# name 0 = prDM: Pressure, Digiquartz [db]
# name 1 = t090C: Temperature [ITS-90, deg C]
# name 2 = c0S/m: Conductivity [S/m]
# name 3 = t190C: Temperature, 2 [ITS-90, deg C]
# name 4 = c1S/m: Conductivity, 2 [S/m]
# name 5 = sbeox0ML/L: Oxygen, SBE 43 [ml/l]
# name 6 = flECO-AFL: Fluorescence, Wetlab ECO-AFL/FL [mg/m^3]
# name 7 = bat: Beam Attenuation, Chelsea/Seatech/Wetlab CStar [1/m]
# name 8 = spar: SPAR/Surface Irradiance
# name 9 = latitude: Latitude [deg]
# name 10 = longitude: Longitude [deg]
# name 11 = timeY: Time, System [seconds]
# name 12 = timeJ: Julian Days
# name 13 = sal00: Salinity [PSU]
# name 14 = flag: flag
# span 0 =     14.000,   2003.000       
# span 1 =    -0.8193,     1.9573       
# span 2 =   2.716876,   3.067314       
# span 3 =    -0.8204,     1.9583       
# span 4 =   2.719287,   3.067611       
# span 5 =    1.43101,    8.02535       
# span 6 =    -0.1311,     0.2787       
# span 7 =    13.8155,    13.8155       
# span 8 = -2.200e-01, 1.6554e+00       
# span 9 =  -61.12483,  -61.12483       
# span 10 =  -58.09350,  -58.09350      
# span 11 = 1152608670, 1152611596      
# span 12 = 192.378132, 192.412008      
# span 13 =    33.4820,    34.7279      
# span 14 = 0.0000e+00, 0.0000e+00      
# interval = decibars: 1                
# start_time = Jul 11 2006 09:04:41
# bad_flag = -9.990e-29
*END*
[from data line 772]
    785.000     1.6599   3.061655     1.6605   3.061951    4.66578    -0.0836    13.8155 0.0000e+00  -61.12483  -58.09350 1152609801 192.391233    34.7264 0.0000e+00
    786.000     1.6589   3.061611     1.6596   3.061918    4.66536    -0.0799    13.8155 0.0000e+00  -61.12483  -58.09350 1152609802 192.391246    34.7264 0.0000e+00
    787.000     1.6582   3.061597     1.6591   3.061916    4.66266    -0.1033    13.8155 0.0000e+00  -61.12483  -58.09350 1152609803 192.391259    34.7264 0.0000e+00
    788.000     1.6543   3.061282     1.6549   3.061593    4.66202    -0.0786    13.8155 0.0000e+00  -61.12483  -58.09350 1152609804 192.391275    34.7263 0.0000e+00
    789.000     1.6510   3.061027     1.6518   3.061347    4.66265    -0.0776    13.8155 0.0000e+00  -61.12483  -58.09350 1152609806 192.391296    34.7262 0.0000e+00
    790.000     1.6500   3.060981     1.6509   3.061311    4.66793    -0.0931    13.8155 0.0000e+00  -61.12483  -58.09350 1152609809 192.391326    34.7261 0.0000e+00
    791.000     1.6481   3.060869     1.6492   3.061204    4.67166    -0.0863    13.8155 0.0000e+00  -61.12483  -58.09350 1152609810 192.391344    34.7261 0.0000e+00
    792.000     1.6473   3.060847     1.6481   3.061155    4.67230    -0.0832    13.8155 0.0000e+00  -61.12483  -58.09350 1152609811 192.391356    34.7262 0.0000e+00
    793.000     1.6471   3.060854     1.6475   3.061160    4.67201    -0.0754    13.8155 0.0000e+00  -61.12483  -58.09350 1152609812 192.391365    34.7260 0.0000e+00
    794.000     1.6471   3.060895     1.6475   3.061201    4.67141    -0.0811    13.8155 0.0000e+00  -61.12483  -58.09350 1152609813 192.391373    34.7259 0.0000e+00
    795.000     1.6462   3.060866     1.6469   3.061184    4.66945    -0.0873    13.8155 0.0000e+00  -61.12483  -58.09350 1152609814 192.391381    34.7260 0.0000e+00
    796.000     1.6455   3.060840     1.6459   3.061147    4.66796    -0.0707    13.8155 0.0000e+00  -61.12483  -58.09350 1152609814 192.391389    34.7259 0.0000e+00
    797.000     1.6432   3.060695     1.6438   3.060991    4.66705    -0.0819    13.8155 0.0000e+00  -61.12483  -58.09350 1152609815 192.391399    34.7260 0.0000e+00
    798.000     1.6431   3.060726     1.6436   3.061015    4.66575    -0.0844    13.8155 0.0000e+00  -61.12483  -58.09350 1152609818 192.391436    34.7259 0.0000e+00
    799.000     1.6456   3.060998     1.6451   3.061185    4.66721    -0.0861    13.8155 0.0000e+00  -61.12483  -58.09350 1152609821 192.391471    34.7259 0.0000e+00
    800.000     1.6408   3.060633     1.6414   3.060932    4.66833    -0.0887    13.8155 0.0000e+00  -61.12483  -58.09350 1152609823 192.391485    34.7262 0.0000e+00
    801.000     1.6399   3.060613     1.6405   3.060918    4.67072    -0.0796    13.8155 0.0000e+00  -61.12483  -58.09350 1152609823 192.391496    34.7263 0.0000e+00
    802.000     1.6396   3.060639     1.6402   3.060942    4.67133    -0.0903    13.8155 0.0000e+00  -61.12483  -58.09350 1152609824 192.391505    34.7264 0.0000e+00
    803.000     1.6396   3.060671     1.6401   3.060984    4.67063    -0.0933    13.8155 0.0000e+00  -61.12483  -58.09350 1152609825 192.391513    34.7263 0.0000e+00
    804.000     1.6390   3.060669     1.6396   3.060977    4.66918    -0.0999    13.8155 0.0000e+00  -61.12483  -58.09350 1152609826 192.391522    34.7264 0.0000e+00
    805.000     1.6387   3.060685     1.6394   3.060996    4.66926    -0.0972    13.8155 0.0000e+00  -61.12483  -58.09350 1152609826 192.391530    34.7263 0.0000e+00
    806.000     1.6379   3.060656     1.6385   3.060961    4.66986    -0.0841    13.8155 0.0000e+00  -61.12483  -58.09350 1152609827 192.391543    34.7263 0.0000e+00
    807.000     1.6381   3.060726     1.6388   3.061015    4.67167    -0.0770    13.8155 0.0000e+00  -61.12483  -58.09350 1152609830 192.391574    34.7264 0.0000e+00
    808.000     1.6373   3.060690     1.6375   3.060957    4.67326    -0.0815    13.8155 0.0000e+00  -61.12483  -58.09350 1152609832 192.391597    34.7262 0.0000e+00
    809.000     1.6355   3.060595     1.6362   3.060891    4.67427    -0.0759    13.8155 0.0000e+00  -61.12483  -58.09350 1152609834 192.391613    34.7264 0.0000e+00
    810.000     1.6346   3.060550     1.6353   3.060855    4.67490    -0.0868    13.8155 0.0000e+00  -61.12483  -58.09350 1152609835 192.391627    34.7264 0.0000e+00
    811.000     1.6301   3.060209     1.6306   3.060518    4.67542    -0.0946    13.8155 0.0000e+00  -61.12483  -58.09350 1152609836 192.391642    34.7266 0.0000e+00
    812.000     1.6270   3.060001     1.6277   3.060314    4.67621    -0.0842    13.8155 0.0000e+00  -61.12483  -58.09350 1152609837 192.391656    34.7268 0.0000e+00
    813.000     1.6264   3.059988     1.6270   3.060292    4.67632    -0.0793    13.8155 0.0000e+00  -61.12483  -58.09350 1152609838 192.391670    34.7268 0.0000e+00
    814.000     1.6263   3.060028     1.6270   3.060335    4.67633    -0.0832    13.8155 0.0000e+00  -61.12483  -58.09350 1152609840 192.391686    34.7267 0.0000e+00
    815.000     1.6260   3.060053     1.6267   3.060350    4.67576    -0.0791    13.8155 0.0000e+00  -61.12483  -58.09350 1152609842 192.391707    34.7268 0.0000e+00
    816.000     1.6253   3.060030     1.6261   3.060356    4.67964    -0.0902    13.8155 0.0000e+00  -61.12483  -58.09350 1152609843 192.391727    34.7267 0.0000e+00
    817.000     1.6209   3.059702     1.6218   3.060046    4.68086    -0.0918    13.8155 0.0000e+00  -61.12483  -58.09350 1152609844 192.391738    34.7268 0.0000e+00
    818.000     1.6185   3.059526     1.6191   3.059856    4.68199    -0.0837    13.8155 0.0000e+00  -61.12483  -58.09350 1152609845 192.391747    34.7269 0.0000e+00
    819.000     1.6177   3.059506     1.6182   3.059816    4.68160    -0.0739    13.8155 0.0000e+00  -61.12483  -58.09350 1152609846 192.391756    34.7269 0.0000e+00
    820.000     1.6170   3.059494     1.6177   3.059792    4.68278    -0.0876    13.8155 0.0000e+00  -61.12483  -58.09350 1152609847 192.391766    34.7269 0.0000e+00
    821.000     1.6169   3.059527     1.6176   3.059830    4.68528    -0.0922    13.8155 0.0000e+00  -61.12483  -58.09350 1152609849 192.391789    34.7269 0.0000e+00
    822.000     1.6160   3.059496     1.6167   3.059796    4.68463    -0.0876    13.8155 0.0000e+00  -61.12483  -58.09350 1152609851 192.391813    34.7268 0.0000e+00
    823.000     1.6157   3.059512     1.6164   3.059819    4.68509    -0.0810    13.8155 0.0000e+00  -61.12483  -58.09350 1152609853 192.391834    34.7268 0.0000e+00
    824.000     1.6151   3.059519     1.6159   3.059826    4.68867    -0.0859    13.8155 0.0000e+00  -61.12483  -58.09350 1152609855 192.391860    34.7270 0.0000e+00
    825.000     1.6153   3.059574     1.6161   3.059889    4.69129    -0.0826    13.8155 0.0000e+00  -61.12483  -58.09350 1152609856 192.391872    34.7269 0.0000e+00
    826.000     1.6150   3.059599     1.6156   3.059897    4.68928    -0.1059    13.8155 0.0000e+00  -61.12483  -58.09350 1152609857 192.391881    34.7270 0.0000e+00
    827.000     1.6147   3.059612     1.6152   3.059922    4.68765    -0.0855    13.8155 0.0000e+00  -61.12483  -58.09350 1152609857 192.391889    34.7269 0.0000e+00
    828.000     1.6144   3.059607     1.6148   3.059933    4.68826    -0.0724    13.8155 0.0000e+00  -61.12483  -58.09350 1152609858 192.391896    34.7266 0.0000e+00
    829.000     1.6130   3.059537     1.6136   3.059871    4.68810    -0.0864    13.8155 0.0000e+00  -61.12483  -58.09350 1152609859 192.391903    34.7268 0.0000e+00
    830.000     1.6129   3.059599     1.6131   3.059858    4.69140    -0.0782    13.8155 0.0000e+00  -61.12483  -58.09350 1152609860 192.391925    34.7271 0.0000e+00
    831.000     1.6128   3.059639     1.6129   3.059907    4.69735    -0.0946    13.8155 0.0000e+00  -61.12483  -58.09350 1152609863 192.391958    34.7270 0.0000e+00
    832.000     1.6086   3.059333     1.6092   3.059634    4.70001    -0.0792    13.8155 0.0000e+00  -61.12483  -58.09350 1152609864 192.391967    34.7274 0.0000e+00
    833.000     1.6070   3.059220     1.6074   3.059517    4.69711    -0.0844    13.8155 0.0000e+00  -61.12483  -58.09350 1152609865 192.391976    34.7273 0.0000e+00
    834.000     1.6067   3.059244     1.6071   3.059537    4.69631    -0.0890    13.8155 0.0000e+00  -61.12483  -58.09350 1152609866 192.391988    34.7273 0.0000e+00
    835.000     1.6061   3.059234     1.6069   3.059545    4.69337    -0.0875    13.8155 0.0000e+00  -61.12483  -58.09350 1152609868 192.392008    34.7273 0.0000e+00
    836.000     1.6054   3.059217     1.6061   3.059523    4.69419    -0.0808    13.8155 0.0000e+00  -61.12483  -58.09350 1152609869 192.392025    34.7272 0.0000e+00
    837.000     1.6033   3.059070     1.6038   3.059362    4.69556    -0.0818    13.8155 0.0000e+00  -61.12483  -58.09350 1152609871 192.392045    34.7271 0.0000e+00
    838.000     1.6001   3.058847     1.6009   3.059154    4.69910    -0.0847    13.8155 0.0000e+00  -61.12483  -58.09350 1152609873 192.392067    34.7273 0.0000e+00
    839.000     1.6003   3.058907     1.6009   3.059218    4.69917    -0.0878    13.8155 0.0000e+00  -61.12483  -58.09350 1152609874 192.392081    34.7273 0.0000e+00
    840.000     1.6003   3.058955     1.6010   3.059267    4.69814    -0.0978    13.8155 0.0000e+00  -61.12483  -58.09350 1152609875 192.392093    34.7273 0.0000e+00
    841.000     1.6002   3.058973     1.6007   3.059274    4.69854    -0.0829    13.8155 0.0000e+00  -61.12483  -58.09350 1152609876 192.392106    34.7271 0.0000e+00
    842.000     1.5997   3.058991     1.6005   3.059307    4.69959    -0.0797    13.8155 0.0000e+00  -61.12483  -58.09350 1152609877 192.392122    34.7273 0.0000e+00
    843.000     1.5993   3.059012     1.6001   3.059315    4.69983    -0.0867    13.8155 0.0000e+00  -61.12483  -58.09350 1152609879 192.392137    34.7274 0.0000e+00
    844.000     1.5990   3.059020     1.5994   3.059318    4.69974    -0.0927    13.8155 0.0000e+00  -61.12483  -58.09350 1152609880 192.392147    34.7274 0.0000e+00
    845.000     1.5983   3.059011     1.5988   3.059305    4.69956    -0.0927    13.8155 0.0000e+00  -61.12483  -58.09350 1152609881 192.392157    34.7274 0.0000e+00
    846.000     1.5977   3.058984     1.5982   3.059290    4.69976    -0.0803    13.8155 0.0000e+00  -61.12483  -58.09350 1152609881 192.392167    34.7272 0.0000e+00
    847.000     1.5974   3.059018     1.5979   3.059309    4.70353    -0.0774    13.8155 0.0000e+00  -61.12483  -58.09350 1152609885 192.392205    34.7273 0.0000e+00
    848.000     1.5971   3.059061     1.5975   3.059332    4.70621    -0.0660    13.8155 0.0000e+00  -61.12483  -58.09350 1152609887 192.392233    34.7273 0.0000e+00
    849.000     1.5917   3.058613     1.5924   3.058940    4.71072    -0.0760    13.8155 0.0000e+00  -61.12483  -58.09350 1152609888 192.392243    34.7275 0.0000e+00
    850.000     1.5901   3.058528     1.5908   3.058848    4.71093    -0.0901    13.8155 0.0000e+00  -61.12483  -58.09350 1152609889 192.392251    34.7277 0.0000e+00
    851.000     1.5898   3.058545     1.5904   3.058850    4.71097    -0.0738    13.8155 0.0000e+00  -61.12483  -58.09350 1152609889 192.392260    34.7276 0.0000e+00
    852.000     1.5900   3.058592     1.5905   3.058901    4.71122    -0.0721    13.8155 0.0000e+00  -61.12483  -58.09350 1152609890 192.392268    34.7275 0.0000e+00
    853.000     1.5892   3.058575     1.5900   3.058904    4.71159    -0.0676    13.8155 0.0000e+00  -61.12483  -58.09350 1152609891 192.392276    34.7275 0.0000e+00
    854.000     1.5882   3.058533     1.5886   3.058827    4.71027    -0.0738    13.8155 0.0000e+00  -61.12483  -58.09350 1152609892 192.392289    34.7276 0.0000e+00
    855.000     1.5872   3.058499     1.5880   3.058807    4.70881    -0.0838    13.8155 0.0000e+00  -61.12483  -58.09350 1152609894 192.392315    34.7277 0.0000e+00
    856.000     1.5850   3.058346     1.5856   3.058654    4.70987    -0.0849    13.8155 0.0000e+00  -61.12483  -58.09350 1152609896 192.392338    34.7276 0.0000e+00
    857.000     1.5841   3.058321     1.5849   3.058637    4.71027    -0.0793    13.8155 0.0000e+00  -61.12483  -58.09350 1152609897 192.392353    34.7277 0.0000e+00
    858.000     1.5819   3.058174     1.5826   3.058492    4.71088    -0.0869    13.8155 0.0000e+00  -61.12483  -58.09350 1152609899 192.392365    34.7277 0.0000e+00
    859.000     1.5807   3.058111     1.5814   3.058416    4.71190    -0.0930    13.8155 0.0000e+00  -61.12483  -58.09350 1152609900 192.392382    34.7277 0.0000e+00
    860.000     1.5800   3.058094     1.5807   3.058405    4.71454    -0.0838    13.8155 0.0000e+00  -61.12483  -58.09350 1152609902 192.392408    34.7277 0.0000e+00
    861.000     1.5792   3.058082     1.5799   3.058391    4.71849    -0.0852    13.8155 0.0000e+00  -61.12483  -58.09350 1152609903 192.392421    34.7279 0.0000e+00
    862.000     1.5794   3.058133     1.5800   3.058439    4.71752    -0.0932    13.8155 0.0000e+00  -61.12483  -58.09350 1152609904 192.392432    34.7278 0.0000e+00
    863.000     1.5793   3.058160     1.5799   3.058471    4.71810    -0.0774    13.8155 0.0000e+00  -61.12483  -58.09350 1152609905 192.392442    34.7276 0.0000e+00
    864.000     1.5787   3.058154     1.5793   3.058453    4.72064    -0.0794    13.8155 0.0000e+00  -61.12483  -58.09350 1152609906 192.392455    34.7276 0.0000e+00
    865.000     1.5779   3.058133     1.5789   3.058470    4.72756    -0.0860    13.8155 0.0000e+00  -61.12483  -58.09350 1152609909 192.392482    34.7277 0.0000e+00
    866.000     1.5756   3.057976     1.5762   3.058285    4.72768    -0.0841    13.8155 0.0000e+00  -61.12483  -58.09350 1152609910 192.392496    34.7276 0.0000e+00
    867.000     1.5731   3.057778     1.5737   3.058112    4.72788    -0.0827    13.8155 0.0000e+00  -61.12483  -58.09350 1152609911 192.392506    34.7274 0.0000e+00
    868.000     1.5711   3.057651     1.5715   3.057957    4.72854    -0.0810    13.8155 0.0000e+00  -61.12483  -58.09350 1152609911 192.392515    34.7275 0.0000e+00
    869.000     1.5656   3.057204     1.5660   3.057527    4.72898    -0.0766    13.8155 0.0000e+00  -61.12483  -58.09350 1152609912 192.392524    34.7274 0.0000e+00
    870.000     1.5632   3.057053     1.5633   3.057313    4.73379    -0.0820    13.8155 0.0000e+00  -61.12483  -58.09350 1152609914 192.392545    34.7276 0.0000e+00
    871.000     1.5667   3.057401     1.5669   3.057666    4.73871    -0.0952    13.8155 0.0000e+00  -61.12483  -58.09350 1152609917 192.392581    34.7274 0.0000e+00
    872.000     1.5602   3.056869     1.5605   3.057169    4.73837    -0.0832    13.8155 0.0000e+00  -61.12483  -58.09350 1152609918 192.392590    34.7276 0.0000e+00
    873.000     1.5593   3.056846     1.5598   3.057150    4.73872    -0.0728    13.8155 0.0000e+00  -61.12483  -58.09350 1152609919 192.392599    34.7276 0.0000e+00
    874.000     1.5578   3.056764     1.5585   3.057078    4.73964    -0.0749    13.8155 0.0000e+00  -61.12483  -58.09350 1152609920 192.392609    34.7276 0.0000e+00
    875.000     1.5562   3.056648     1.5567   3.056953    4.74106    -0.0915    13.8155 0.0000e+00  -61.12483  -58.09350 1152609921 192.392620    34.7274 0.0000e+00
    876.000     1.5548   3.056585     1.5550   3.056847    4.74374    -0.0726    13.8155 0.0000e+00  -61.12483  -58.09350 1152609923 192.392649    34.7276 0.0000e+00
    877.000     1.5500   3.056208     1.5506   3.056510    4.74602    -0.1061    13.8155 0.0000e+00  -61.12483  -58.09350 1152609924 192.392665    34.7276 0.0000e+00
    878.000     1.5494   3.056196     1.5499   3.056500    4.74840    -0.0933    13.8155 0.0000e+00  -61.12483  -58.09350 1152609925 192.392676    34.7276 0.0000e+00
    879.000     1.5490   3.056187     1.5496   3.056512    4.74943    -0.0684    13.8155 0.0000e+00  -61.12483  -58.09350 1152609926 192.392686    34.7274 0.0000e+00
