product_data/regression_test/downloaded_data/MGDS/320620060703/ctd/adapted/heads_insert_p6617610.cnv
* Sea-Bird SBE 9 Data File:
* FileName = D:\Data\Raw\p6617610.dat
* Software Version Seasave Win32 V 5.32
* Temperature SN = 1649
* Conductivity SN = 1431
* Number of Bytes Per Scan = 37
* Number of Voltage Words = 5
* Number of Scans Averaged by the Deck Unit = 1
* NMEA Latitude = 60 37.00 S
* NMEA Longitude = 054 43.23 W
* NMEA UTC (Time) = 14:08:35
** Ship:   Nathaniel B. Palmer 
** Cruise:    NBP0606 
# nquan = 15
# nvalues = 288                         
# units = specified
# name 0 = prDM: Pressure, Digiquartz [db]
# name 1 = t090C: Temperature [ITS-90, deg C]
# name 2 = c0S/m: Conductivity [S/m]
# name 3 = t190C: Temperature, 2 [ITS-90, deg C]
# name 4 = c1S/m: Conductivity, 2 [S/m]
# name 5 = sbeox0ML/L: Oxygen, SBE 43 [ml/l]
# name 6 = flECO-AFL: Fluorescence, Wetlab ECO-AFL/FL [mg/m^3]
# name 7 = bat: Beam Attenuation, Chelsea/Seatech/Wetlab CStar [1/m]
# name 8 = spar: SPAR/Surface Irradiance
# name 9 = latitude: Latitude [deg]
# name 10 = longitude: Longitude [deg]
# name 11 = timeY: Time, System [seconds]
# name 12 = timeJ: Julian Days
# name 13 = sal00: Salinity [PSU]
# name 14 = flag: flag
# span 0 =     15.000,    302.000       
# span 1 =    -0.7378,     1.4632       
# span 2 =   2.779782,   3.001571       
# span 3 =    -0.7377,     1.4646       
# span 4 =   2.780617,   3.001795       
# span 5 =    4.92380,    7.70556       
# span 6 =    -0.0548,     0.7154       
# span 7 =    13.8155,    13.8155       
# span 8 = 2.8899e+01, 3.8924e+01       
# span 9 =  -60.61667,  -60.61667       
# span 10 =  -54.72050,  -54.72050      
# span 11 = 1153490923, 1153491514      
# span 12 = 202.589384, 202.596246      
# span 13 =    34.1674,    34.5486      
# span 14 = 0.0000e+00, 0.0000e+00      
# interval = decibars: 1                
# start_time = Jul 21 2006 14:08:43
# bad_flag = -9.990e-29
*END*
Pressure	Temperature	Conductivity	Temperature2	Conductivity2	Oxygen	Fluorescence	Beam Attenuation	SPAR	latitude	longitude	timeY	timeJ	Salinity	flag
     15.000    -0.7219   2.781174    -0.7255   2.781804    7.65325     0.3224    13.8155 3.4695e+01  -60.61667  -54.72050 1153490923 202.589384    34.1696 0.0000e+00
     16.000    -0.7301   2.780399    -0.7262   2.781543    7.69469     0.3423    13.8155 3.5958e+01  -60.61667  -54.72050 1153490958 202.589805    34.1676 0.0000e+00
     17.000    -0.7378   2.779782    -0.7377   2.780617    7.69727     0.3316    13.8155 3.5493e+01  -60.61667  -54.72050 1153490957 202.589798    34.1677 0.0000e+00
     18.000    -0.7369   2.779907    -0.7376   2.780629    7.70515     0.3460    13.8155 3.5197e+01  -60.61667  -54.72050 1153490964 202.589876    34.1674 0.0000e+00
     19.000    -0.7347   2.780164    -0.7342   2.780961    7.70556     0.3336    13.8155 3.5065e+01  -60.61667  -54.72050 1153490966 202.589903    34.1677 0.0000e+00
     20.000    -0.7344   2.780231    -0.7349   2.780952    7.70554     0.3440    13.8155 3.4934e+01  -60.61667  -54.72050 1153490969 202.589930    34.1676 0.0000e+00
     21.000    -0.7290   2.780767    -0.7268   2.781703    7.69954     0.3390    13.8155 3.3884e+01  -60.61667  -54.72050 1153490974 202.589989    34.1679 0.0000e+00
     22.000    -0.7257   2.781120    -0.7233   2.782041    7.69897     0.3326    13.8155 3.3975e+01  -60.61667  -54.72050 1153490975 202.590005    34.1682 0.0000e+00
     23.000    -0.7113   2.782422    -0.7112   2.783191    7.68413     0.3326    13.8155 3.3769e+01  -60.61667  -54.72050 1153490979 202.590053    34.1688 0.0000e+00
     24.000    -0.7127   2.782352    -0.7141   2.782973    7.67193     0.3301    13.8155 3.3115e+01  -60.61667  -54.72050 1153490982 202.590079    34.1689 0.0000e+00
     25.000    -0.7090   2.782748    -0.7080   2.783557    7.66894     0.3281    13.8155 3.3118e+01  -60.61667  -54.72050 1153490985 202.590114    34.1695 0.0000e+00
     26.000    -0.7093   2.782763    -0.7098   2.783436    7.67173     0.3343    13.8155 3.3118e+01  -60.61667  -54.72050 1153490990 202.590173    34.1695 0.0000e+00
     27.000    -0.7118   2.782623    -0.7119   2.783329    7.67255     0.3244    13.8155 3.3118e+01  -60.61667  -54.72050 1153490991 202.590192    34.1700 0.0000e+00
     28.000    -0.7095   2.782855    -0.7086   2.783642    7.67226     0.3423    13.8155 3.3118e+01  -60.61667  -54.72050 1153490992 202.590205    34.1699 0.0000e+00
     29.000    -0.7087   2.782961    -0.7113   2.783436    7.67796     0.3273    13.8155 3.3118e+01  -60.61667  -54.72050 1153490995 202.590240    34.1697 0.0000e+00
     30.000    -0.7097   2.782937    -0.7098   2.783609    7.68170     0.3254    13.8155 3.3118e+01  -60.61667  -54.72050 1153491000 202.590289    34.1700 0.0000e+00
     31.000    -0.7127   2.782702    -0.7135   2.783329    7.67803     0.3327    13.8155 3.2459e+01  -60.61667  -54.72050 1153491002 202.590315    34.1697 0.0000e+00
     32.000    -0.7117   2.782860    -0.7138   2.783332    7.67630     0.3148    13.8155 3.2772e+01  -60.61667  -54.72050 1153491003 202.590330    34.1701 0.0000e+00
     33.000    -0.7108   2.782976    -0.7107   2.783652    7.67725     0.3238    13.8155 3.2923e+01  -60.61667  -54.72050 1153491005 202.590347    34.1700 0.0000e+00
     34.000    -0.7080   2.783282    -0.7079   2.783945    7.67724     0.3307    13.8155 3.3113e+01  -60.61667  -54.72050 1153491007 202.590370    34.1702 0.0000e+00
     35.000    -0.7227   2.781988    -0.7224   2.782724    7.68353     0.3368    13.8155 3.2793e+01  -60.61667  -54.72050 1153491010 202.590407    34.1693 0.0000e+00
     36.000    -0.7235   2.781993    -0.7241   2.782593    7.68624     0.3271    13.8155 3.1342e+01  -60.61667  -54.72050 1153491013 202.590448    34.1694 0.0000e+00
     37.000    -0.7147   2.782843    -0.7161   2.783334    7.68517     0.3148    13.8155 3.2811e+01  -60.61667  -54.72050 1153491015 202.590467    34.1700 0.0000e+00
     38.000    -0.7153   2.782839    -0.7148   2.783515    7.68050     0.3262    13.8155 3.2942e+01  -60.61667  -54.72050 1153491017 202.590485    34.1700 0.0000e+00
     39.000    -0.7029   2.784025    -0.7035   2.784594    7.67604     0.3073    13.8155 3.2965e+01  -60.61667  -54.72050 1153491018 202.590498    34.1711 0.0000e+00
     40.000    -0.6997   2.784379    -0.7004   2.784916    7.67150     0.3204    13.8155 3.1950e+01  -60.61667  -54.72050 1153491019 202.590516    34.1716 0.0000e+00
     41.000    -0.6930   2.785056    -0.6908   2.785858    7.66381     0.3259    13.8155 3.2454e+01  -60.61667  -54.72050 1153491024 202.590570    34.1726 0.0000e+00
     42.000    -0.6807   2.786249    -0.6823   2.786728    7.66016     0.3215    13.8155 3.2170e+01  -60.61667  -54.72050 1153491025 202.590585    34.1738 0.0000e+00
     43.000    -0.6833   2.786050    -0.6835   2.786630    7.65952     0.3112    13.8155 3.2627e+01  -60.61667  -54.72050 1153491027 202.590607    34.1737 0.0000e+00
     44.000    -0.6704   2.787366    -0.6709   2.787909    7.66117     0.3127    13.8155 3.3470e+01  -60.61667  -54.72050 1153491029 202.590632    34.1761 0.0000e+00
     45.000    -0.6673   2.787756    -0.6670   2.788387    7.66046     0.3285    13.8155 3.3084e+01  -60.61667  -54.72050 1153491031 202.590650    34.1773 0.0000e+00
     46.000    -0.6656   2.788092    -0.6654   2.788748    7.65816     0.3267    13.8155 3.2432e+01  -60.61667  -54.72050 1153491033 202.590674    34.1794 0.0000e+00
     47.000    -0.6679   2.788362    -0.6673   2.788971    7.66818     0.3264    13.8155 3.2672e+01  -60.61667  -54.72050 1153491038 202.590728    34.1853 0.0000e+00
     48.000    -0.6701   2.788362    -0.6700   2.788982    7.66820     0.3304    13.8155 3.1453e+01  -60.61667  -54.72050 1153491039 202.590740    34.1873 0.0000e+00
     49.000    -0.6708   2.788408    -0.6706   2.789032    7.66784     0.3226    13.8155 3.1341e+01  -60.61667  -54.72050 1153491040 202.590751    34.1881 0.0000e+00
     50.000    -0.6716   2.788441    -0.6714   2.789059    7.67045     0.3395    13.8155 3.1648e+01  -60.61667  -54.72050 1153491040 202.590762    34.1889 0.0000e+00
     51.000    -0.6719   2.788493    -0.6715   2.789109    7.67431     0.3519    13.8155 3.2276e+01  -60.61667  -54.72050 1153491043 202.590788    34.1893 0.0000e+00
     52.000    -0.6714   2.788595    -0.6712   2.789204    7.67293     0.3400    13.8155 3.1567e+01  -60.61667  -54.72050 1153491046 202.590831    34.1896 0.0000e+00
     53.000    -0.6713   2.788688    -0.6709   2.789284    7.66891     0.3200    13.8155 3.1970e+01  -60.61667  -54.72050 1153491049 202.590863    34.1901 0.0000e+00
     54.000    -0.6705   2.788816    -0.6701   2.789416    7.66894     0.3184    13.8155 3.2181e+01  -60.61667  -54.72050 1153491050 202.590877    34.1902 0.0000e+00
     55.000    -0.6710   2.788857    -0.6703   2.789491    7.67134     0.3349    13.8155 3.1507e+01  -60.61667  -54.72050 1153491052 202.590894    34.1908 0.0000e+00
     56.000    -0.6693   2.789146    -0.6691   2.789755    7.67285     0.3305    13.8155 3.1400e+01  -60.61667  -54.72050 1153491055 202.590931    34.1920 0.0000e+00
     57.000    -0.6810   2.788308    -0.6808   2.788910    7.67377     0.3140    13.8155 3.2803e+01  -60.61667  -54.72050 1153491056 202.590949    34.1937 0.0000e+00
     58.000    -0.6846   2.788104    -0.6844   2.788695    7.67473     0.3267    13.8155 3.2023e+01  -60.61667  -54.72050 1153491058 202.590968    34.1946 0.0000e+00
     59.000    -0.6871   2.788030    -0.6866   2.788627    7.67555     0.3254    13.8155 3.1832e+01  -60.61667  -54.72050 1153491061 202.590996    34.1957 0.0000e+00
     60.000    -0.6868   2.788161    -0.6862   2.788759    7.67573     0.3275    13.8155 3.1570e+01  -60.61667  -54.72050 1153491062 202.591016    34.1964 0.0000e+00
     61.000    -0.6874   2.788252    -0.6868   2.788833    7.67537     0.3363    13.8155 3.1164e+01  -60.61667  -54.72050 1153491065 202.591051    34.1977 0.0000e+00
     62.000    -0.6791   2.789152    -0.6777   2.789864    7.67016     0.3245    13.8155 3.1747e+01  -60.61667  -54.72050 1153491068 202.591082    34.2002 0.0000e+00
     63.000    -0.6752   2.789609    -0.6749   2.790154    7.66503     0.3102    13.8155 3.2096e+01  -60.61667  -54.72050 1153491069 202.591094    34.2005 0.0000e+00
     64.000    -0.6741   2.789759    -0.6745   2.790247    7.65685     0.3344    13.8155 3.1671e+01  -60.61667  -54.72050 1153491071 202.591113    34.2007 0.0000e+00
     65.000    -0.6719   2.790030    -0.6718   2.790537    7.64902     0.3181    13.8155 3.1477e+01  -60.61667  -54.72050 1153491074 202.591150    34.2013 0.0000e+00
     66.000    -0.6604   2.791106    -0.6602   2.791662    7.64159     0.3143    13.8155 3.2759e+01  -60.61667  -54.72050 1153491075 202.591166    34.2020 0.0000e+00
     67.000    -0.6436   2.792732    -0.6431   2.793258    7.63410     0.3201    13.8155 3.2041e+01  -60.61667  -54.72050 1153491077 202.591182    34.2039 0.0000e+00
     68.000    -0.6395   2.793177    -0.6385   2.793782    7.61996     0.3297    13.8155 3.1231e+01  -60.61667  -54.72050 1153491080 202.591225    34.2048 0.0000e+00
     69.000    -0.6391   2.793273    -0.6383   2.793836    7.61222     0.3151    13.8155 -9.990e-29  -60.61667  -54.72050 1153491082 202.591250    34.2051 0.0000e+00
     70.000    -0.6297   2.794258    -0.6287   2.794797    7.60063     0.3076    13.8155 3.1566e+01  -60.61667  -54.72050 1153491084 202.591266    34.2074 0.0000e+00
     71.000    -0.6214   2.795137    -0.6204   2.795696    7.58897     0.3142    13.8155 3.0283e+01  -60.61667  -54.72050 1153491085 202.591284    34.2088 0.0000e+00
     72.000    -0.6111   2.796216    -0.6106   2.796746    7.56896     0.3200    13.8155 3.1861e+01  -60.61667  -54.72050 1153491088 202.591310    34.2110 0.0000e+00
     73.000    -0.5820   2.799101    -0.5789   2.799786    7.52232     0.3177    13.8155 2.9702e+01  -60.61667  -54.72050 1153491091 202.591346    34.2160 0.0000e+00
     74.000    -0.5258   2.804521    -0.5283   2.804530    7.47239     0.2981    13.8155 2.9286e+01  -60.61667  -54.72050 1153491093 202.591369    34.2239 0.0000e+00
     75.000    -0.4840   2.808383    -0.4824   2.808788    7.42460     0.2915    13.8155 -9.990e-29  -60.61667  -54.72050 1153491094 202.591386    34.2273 0.0000e+00
     76.000    -0.4379   2.812621    -0.4363   2.813102    7.36969     0.3093    13.8155 -9.990e-29  -60.61667  -54.72050 1153491096 202.591409    34.2305 0.0000e+00
     77.000    -0.4105   2.815248    -0.4075   2.815799    7.31765     0.3024    13.8155 -9.990e-29  -60.61667  -54.72050 1153491098 202.591432    34.2347 0.0000e+00
     78.000    -0.3665   2.819269    -0.3659   2.819662    7.27741     0.3051    13.8155 -9.990e-29  -60.61667  -54.72050 1153491100 202.591450    34.2377 0.0000e+00
     79.000    -0.3494   2.820871    -0.3499   2.821118    7.17781     0.3239    13.8155 -9.990e-29  -60.61667  -54.72050 1153491104 202.591497    34.2412 0.0000e+00
     80.000    -0.2507   2.830244    -0.2417   2.830960    7.10060     0.3138    13.8155 -9.990e-29  -60.61667  -54.72050 1153491106 202.591519    34.2531 0.0000e+00
     81.000    -0.1652   2.838090    -0.1619   2.838627    7.03990     0.3017    13.8155 -9.990e-29  -60.61667  -54.72050 1153491107 202.591533    34.2579 0.0000e+00
     82.000    -0.1397   2.840596    -0.1380   2.841015    6.97660     0.2994    13.8155 3.0389e+01  -60.61667  -54.72050 1153491109 202.591553    34.2628 0.0000e+00
     83.000    -0.1337   2.841158    -0.1321   2.841639    6.92343     0.3091    13.8155 2.9075e+01  -60.61667  -54.72050 1153491111 202.591579    34.2644 0.0000e+00
     84.000    -0.1286   2.841662    -0.1274   2.842090    6.89591     0.2984    13.8155 2.9084e+01  -60.61667  -54.72050 1153491113 202.591599    34.2657 0.0000e+00
     85.000    -0.1226   2.842225    -0.1208   2.842732    6.87538     0.3114    13.8155 2.9570e+01  -60.61667  -54.72050 1153491115 202.591629    34.2669 0.0000e+00
     86.000    -0.1172   2.842752    -0.1167   2.843162    6.86352     0.3144    13.8155 2.9961e+01  -60.61667  -54.72050 1153491118 202.591663    34.2681 0.0000e+00
     87.000    -0.1138   2.843123    -0.1109   2.843731    6.85085     0.3347    13.8155 2.9858e+01  -60.61667  -54.72050 1153491120 202.591689    34.2691 0.0000e+00
     88.000    -0.1070   2.843818    -0.1057   2.844267    6.83709     0.3285    13.8155 2.9561e+01  -60.61667  -54.72050 1153491122 202.591712    34.2704 0.0000e+00
     89.000    -0.0879   2.845710    -0.0846   2.846283    6.82111     0.3180    13.8155 3.0323e+01  -60.61667  -54.72050 1153491124 202.591726    34.2734 0.0000e+00
     90.000    -0.0641   2.847931    -0.0630   2.848351    6.80792     0.3427    13.8155 2.9147e+01  -60.61667  -54.72050 1153491125 202.591739    34.2747 0.0000e+00
     91.000    -0.0603   2.848324    -0.0584   2.848840    6.78013     0.3669    13.8155 2.8899e+01  -60.61667  -54.72050 1153491128 202.591774    34.2756 0.0000e+00
     92.000    -0.0384   2.850463    -0.0362   2.850942    6.74904     0.3643    13.8155 3.0171e+01  -60.61667  -54.72050 1153491131 202.591812    34.2792 0.0000e+00
     93.000    -0.0185   2.852408    -0.0158   2.852973    6.74659     0.3872    13.8155 3.0006e+01  -60.61667  -54.72050 1153491133 202.591833    34.2816 0.0000e+00
     94.000    -0.0000   2.854428     0.0028   2.854997    6.73001     0.3807    13.8155 3.0458e+01  -60.61667  -54.72050 1153491135 202.591854    34.2870 0.0000e+00
     95.000    -0.0316   2.852461    -0.0318   2.852973    6.74439     0.3914    13.8155 3.1094e+01  -60.61667  -54.72050 1153491136 202.591871    34.2965 0.0000e+00
     96.000    -0.1810   2.839679    -0.1846   2.840200    6.79899     0.4387    13.8155 2.9790e+01  -60.61667  -54.72050 1153491138 202.591893    34.2980 0.0000e+00
     97.000    -0.2239   2.836213    -0.2229   2.836760    6.85663     0.4183    13.8155 3.0930e+01  -60.61667  -54.72050 1153491141 202.591924    34.3002 0.0000e+00
     98.000    -0.2226   2.836557    -0.2209   2.837111    6.87552     0.3986    13.8155 2.9899e+01  -60.61667  -54.72050 1153491143 202.591954    34.3014 0.0000e+00
     99.000    -0.2183   2.837047    -0.2167   2.837596    6.87870     0.4232    13.8155 -9.990e-29  -60.61667  -54.72050 1153491145 202.591974    34.3018 0.0000e+00
    100.000    -0.2126   2.837684    -0.2106   2.838234    6.87424     0.4772    13.8155 3.1001e+01  -60.61667  -54.72050 1153491147 202.591992    34.3028 0.0000e+00
    101.000    -0.2017   2.838811    -0.1999   2.839353    6.85738     0.4739    13.8155 3.0869e+01  -60.61667  -54.72050 1153491149 202.592018    34.3042 0.0000e+00
    102.000    -0.1838   2.840666    -0.1806   2.841289    6.83310     0.4473    13.8155 3.0133e+01  -60.61667  -54.72050 1153491151 202.592048    34.3076 0.0000e+00
    103.000    -0.1179   2.847118    -0.1136   2.847738    6.78705     0.4247    13.8155 3.0623e+01  -60.61667  -54.72050 1153491154 202.592075    34.3171 0.0000e+00
    104.000    -0.1260   2.846653    -0.1256   2.847133    6.77323     0.3949    13.8155 -9.990e-29  -60.61667  -54.72050 1153491156 202.592098    34.3196 0.0000e+00
    105.000    -0.1243   2.847080    -0.1228   2.847545    6.75947     0.3933    13.8155 -9.990e-29  -60.61667  -54.72050 1153491157 202.592116    34.3232 0.0000e+00
    106.000    -0.1304   2.846661    -0.1360   2.846583    6.76792     0.4112    13.8155 3.0394e+01  -60.61667  -54.72050 1153491159 202.592131    34.3205 0.0000e+00
    107.000    -0.2269   2.838170    -0.2297   2.838398    6.78271     0.4492    13.8155 2.9325e+01  -60.61667  -54.72050 1153491160 202.592145    34.3205 0.0000e+00
    108.000    -0.2339   2.837575    -0.2317   2.838182    6.80321     0.5849    13.8155 3.0691e+01  -60.61667  -54.72050 1153491162 202.592169    34.3211 0.0000e+00
    109.000    -0.2026   2.840551    -0.1991   2.841135    6.80524     0.5494    13.8155 3.0935e+01  -60.61667  -54.72050 1153491164 202.592195    34.3237 0.0000e+00
