product_data/regression_test/downloaded_data/MGDS/320620060703/ctd/adapted/heads_insert_p6608801.cnv
* Sea-Bird SBE 9 Data File:
* FileName = D:\Data\Raw\P6608801.dat
* Software Version Seasave Win32 V 5.32
* Temperature SN = 1649
* Conductivity SN = 1431
* Number of Bytes Per Scan = 37
* Number of Voltage Words = 5
* Number of Scans Averaged by the Deck Unit = 1
* NMEA Latitude = 61 29.99 S
* NMEA Longitude = 057 48.72 W
* NMEA UTC (Time) = 08:37:07
** Ship:   Nathaniel B. Palmer 
** Cruise:    NBP0603 p0606
** Cast #: 01
** Station:   88
** Operator: rdd
# nquan = 15
# nvalues = 396                         
# units = specified
# name 0 = prDM: Pressure, Digiquartz [db]
# name 1 = t090C: Temperature [ITS-90, deg C]
# name 2 = c0S/m: Conductivity [S/m]
# name 3 = t190C: Temperature, 2 [ITS-90, deg C]
# name 4 = c1S/m: Conductivity, 2 [S/m]
# name 5 = sbeox0ML/L: Oxygen, SBE 43 [ml/l]
# name 6 = flECO-AFL: Fluorescence, Wetlab ECO-AFL/FL [mg/m^3]
# name 7 = bat: Beam Attenuation, Chelsea/Seatech/Wetlab CStar [1/m]
# name 8 = spar: SPAR/Surface Irradiance
# name 9 = latitude: Latitude [deg]
# name 10 = longitude: Longitude [deg]
# name 11 = timeY: Time, System [seconds]
# name 12 = timeJ: Julian Days
# name 13 = sal00: Salinity [PSU]
# name 14 = flag: flag
# span 0 =      5.000,    400.000       
# span 1 =    -0.8012,     0.7478       
# span 2 =   2.770862,   2.958586       
# span 3 =    -0.8006,     0.7474       
# span 4 =   2.771485,   2.958733       
# span 5 =    5.28418,    7.85238       
# span 6 =    -0.1077,     0.3436       
# span 7 =    13.8155,    13.8155       
# span 8 = 0.0000e+00, 0.0000e+00       
# span 9 =  -61.49983,  -61.49983       
# span 10 =  -57.81200,  -57.81200      
# span 11 = 1152520637, 1152521510      
# span 12 = 191.359236, 191.369350      
# span 13 =    34.1049,    34.6354      
# span 14 = 0.0000e+00, 0.0000e+00      
# interval = decibars: 1                
# start_time = Jul 10 2006 08:37:16
# bad_flag = -9.990e-29
*END*
[from data line 290]
    294.000     0.4662   2.923397     0.4663   2.923571    5.64185    -0.0818    13.8155 0.0000e+00  -61.49983  -57.81200 1152521319 191.367146    34.5549 0.0000e+00
    295.000     0.4665   2.923499     0.4667   2.923727    5.63926    -0.0828    13.8155 0.0000e+00  -61.49983  -57.81200 1152521323 191.367187    34.5552 0.0000e+00
    296.000     0.4716   2.924363     0.4746   2.924828    5.63530    -0.0743    13.8155 0.0000e+00  -61.49983  -57.81200 1152521324 191.367207    34.5602 0.0000e+00
    297.000     0.4779   2.925216     0.4791   2.925466    5.63255    -0.0844    13.8155 0.0000e+00  -61.49983  -57.81200 1152521326 191.367224    34.5634 0.0000e+00
    298.000     0.4784   2.925308     0.4792   2.925528    5.62897    -0.0864    13.8155 0.0000e+00  -61.49983  -57.81200 1152521327 191.367238    34.5635 0.0000e+00
    299.000     0.4782   2.925341     0.4789   2.925555    5.62612    -0.0668    13.8155 0.0000e+00  -61.49983  -57.81200 1152521328 191.367251    34.5636 0.0000e+00
    300.000     0.4797   2.925539     0.4808   2.925771    5.62252    -0.0751    13.8155 0.0000e+00  -61.49983  -57.81200 1152521330 191.367266    34.5639 0.0000e+00
    301.000     0.4798   2.925593     0.4806   2.925804    5.61915    -0.0758    13.8155 0.0000e+00  -61.49983  -57.81200 1152521331 191.367281    34.5639 0.0000e+00
    302.000     0.4792   2.925598     0.4804   2.925850    5.61716    -0.0838    13.8155 0.0000e+00  -61.49983  -57.81200 1152521333 191.367302    34.5641 0.0000e+00
    303.000     0.4855   2.926262     0.4857   2.926418    5.61183    -0.0772    13.8155 0.0000e+00  -61.49983  -57.81200 1152521335 191.367326    34.5650 0.0000e+00
    304.000     0.4965   2.927384     0.4992   2.927739    5.60882    -0.0779    13.8155 0.0000e+00  -61.49983  -57.81200 1152521336 191.367342    34.5666 0.0000e+00
    305.000     0.5051   2.928230     0.5064   2.928464    5.60195    -0.0743    13.8155 0.0000e+00  -61.49983  -57.81200 1152521337 191.367356    34.5675 0.0000e+00
    306.000     0.5193   2.929702     0.5221   2.929962    5.59491    -0.0607    13.8155 0.0000e+00  -61.49983  -57.81200 1152521339 191.367371    34.5691 0.0000e+00
    307.000     0.5254   2.930277     0.5263   2.930488    5.58913    -0.0754    13.8155 0.0000e+00  -61.49983  -57.81200 1152521340 191.367387    34.5697 0.0000e+00
    308.000     0.5254   2.930305     0.5267   2.930566    5.58125    -0.0759    13.8155 0.0000e+00  -61.49983  -57.81200 1152521342 191.367408    34.5697 0.0000e+00
    309.000     0.5261   2.930420     0.5274   2.930685    5.57631    -0.0855    13.8155 0.0000e+00  -61.49983  -57.81200 1152521345 191.367438    34.5701 0.0000e+00
    310.000     0.5322   2.931104     0.5326   2.931291    5.57045    -0.0810    13.8155 0.0000e+00  -61.49983  -57.81200 1152521346 191.367459    34.5717 0.0000e+00
    311.000     0.5494   2.932895     0.5510   2.933114    5.56497    -0.0928    13.8155 0.0000e+00  -61.49983  -57.81200 1152521347 191.367473    34.5748 0.0000e+00
    312.000     0.5529   2.933251     0.5538   2.933464    5.56114    -0.0654    13.8155 0.0000e+00  -61.49983  -57.81200 1152521349 191.367485    34.5749 0.0000e+00
    313.000     0.5542   2.933460     0.5548   2.933666    5.55641    -0.0755    13.8155 0.0000e+00  -61.49983  -57.81200 1152521350 191.367501    34.5756 0.0000e+00
    314.000     0.5529   2.933428     0.5536   2.933629    5.55168    -0.0700    13.8155 0.0000e+00  -61.49983  -57.81200 1152521351 191.367518    34.5763 0.0000e+00
    315.000     0.5579   2.933969     0.5585   2.934150    5.54901    -0.0813    13.8155 0.0000e+00  -61.49983  -57.81200 1152521353 191.367532    34.5772 0.0000e+00
    316.000     0.5511   2.933391     0.5507   2.933535    5.54933    -0.0721    13.8155 0.0000e+00  -61.49983  -57.81200 1152521354 191.367545    34.5768 0.0000e+00
    317.000     0.5494   2.933281     0.5492   2.933416    5.55418    -0.0809    13.8155 0.0000e+00  -61.49983  -57.81200 1152521356 191.367573    34.5769 0.0000e+00
    318.000     0.5430   2.932752     0.5413   2.932810    5.56283    -0.0856    13.8155 0.0000e+00  -61.49983  -57.81200 1152521359 191.367610    34.5768 0.0000e+00
    319.000     0.5346   2.932064     0.5337   2.932165    5.56776    -0.0786    13.8155 0.0000e+00  -61.49983  -57.81200 1152521360 191.367621    34.5768 0.0000e+00
    320.000     0.5127   2.930098     0.5115   2.930238    5.56873    -0.0785    13.8155 0.0000e+00  -61.49983  -57.81200 1152521361 191.367632    34.5762 0.0000e+00
    321.000     0.5131   2.930255     0.5144   2.930531    5.56993    -0.0818    13.8155 0.0000e+00  -61.49983  -57.81200 1152521362 191.367642    34.5768 0.0000e+00
    322.000     0.5161   2.930604     0.5170   2.930843    5.57072    -0.0786    13.8155 0.0000e+00  -61.49983  -57.81200 1152521363 191.367654    34.5772 0.0000e+00
    323.000     0.5167   2.930701     0.5177   2.930950    5.57262    -0.0774    13.8155 0.0000e+00  -61.49983  -57.81200 1152521365 191.367675    34.5770 0.0000e+00
    324.000     0.5185   2.930953     0.5213   2.931397    5.57353    -0.0902    13.8155 0.0000e+00  -61.49983  -57.81200 1152521368 191.367711    34.5776 0.0000e+00
    325.000     0.5272   2.931988     0.5285   2.932241    5.57056    -0.0676    13.8155 0.0000e+00  -61.49983  -57.81200 1152521370 191.367734    34.5804 0.0000e+00
    326.000     0.5300   2.932344     0.5305   2.932552    5.56847    -0.0759    13.8155 0.0000e+00  -61.49983  -57.81200 1152521371 191.367744    34.5813 0.0000e+00
    327.000     0.5318   2.932564     0.5324   2.932799    5.56552    -0.0905    13.8155 0.0000e+00  -61.49983  -57.81200 1152521372 191.367753    34.5815 0.0000e+00
    328.000     0.5318   2.932646     0.5327   2.932905    5.56195    -0.0822    13.8155 0.0000e+00  -61.49983  -57.81200 1152521372 191.367761    34.5818 0.0000e+00
    329.000     0.5320   2.932710     0.5330   2.932972    5.56098    -0.0816    13.8155 0.0000e+00  -61.49983  -57.81200 1152521373 191.367772    34.5820 0.0000e+00
    330.000     0.5320   2.932748     0.5332   2.933011    5.55545    -0.0821    13.8155 0.0000e+00  -61.49983  -57.81200 1152521377 191.367817    34.5819 0.0000e+00
    331.000     0.5366   2.933274     0.5367   2.933443    5.55131    -0.0862    13.8155 0.0000e+00  -61.49983  -57.81200 1152521379 191.367841    34.5832 0.0000e+00
    332.000     0.5385   2.933528     0.5389   2.933724    5.54928    -0.0890    13.8155 0.0000e+00  -61.49983  -57.81200 1152521380 191.367855    34.5835 0.0000e+00
    333.000     0.5394   2.933672     0.5402   2.933900    5.54970    -0.0874    13.8155 0.0000e+00  -61.49983  -57.81200 1152521382 191.367868    34.5838 0.0000e+00
    334.000     0.5395   2.933721     0.5403   2.933955    5.54850    -0.0893    13.8155 0.0000e+00  -61.49983  -57.81200 1152521383 191.367883    34.5838 0.0000e+00
    335.000     0.5413   2.933965     0.5431   2.934272    5.54436    -0.0900    13.8155 0.0000e+00  -61.49983  -57.81200 1152521384 191.367897    34.5844 0.0000e+00
    336.000     0.5435   2.934239     0.5450   2.934515    5.54192    -0.0901    13.8155 0.0000e+00  -61.49983  -57.81200 1152521385 191.367911    34.5849 0.0000e+00
    337.000     0.5479   2.934733     0.5489   2.934965    5.54100    -0.0837    13.8155 0.0000e+00  -61.49983  -57.81200 1152521386 191.367924    34.5856 0.0000e+00
    338.000     0.5486   2.934832     0.5500   2.935108    5.53769    -0.0829    13.8155 0.0000e+00  -61.49983  -57.81200 1152521389 191.367953    34.5856 0.0000e+00
    339.000     0.5516   2.935187     0.5545   2.935615    5.53255    -0.0888    13.8155 0.0000e+00  -61.49983  -57.81200 1152521393 191.367994    34.5864 0.0000e+00
    340.000     0.5544   2.935539     0.5544   2.935663    5.53170    -0.0840    13.8155 0.0000e+00  -61.49983  -57.81200 1152521393 191.368004    34.5872 0.0000e+00
    341.000     0.5558   2.935731     0.5568   2.935964    5.52840    -0.0858    13.8155 0.0000e+00  -61.49983  -57.81200 1152521394 191.368014    34.5874 0.0000e+00
    342.000     0.5575   2.935936     0.5581   2.936139    5.52820    -0.0725    13.8155 0.0000e+00  -61.49983  -57.81200 1152521395 191.368023    34.5877 0.0000e+00
    343.000     0.5662   2.936879     0.5688   2.937239    5.52381    -0.0883    13.8155 0.0000e+00  -61.49983  -57.81200 1152521396 191.368034    34.5896 0.0000e+00
    344.000     0.5706   2.937338     0.5733   2.937755    5.51673    -0.0857    13.8155 0.0000e+00  -61.49983  -57.81200 1152521398 191.368057    34.5900 0.0000e+00
    345.000     0.5689   2.937236     0.5771   2.938175    5.50827    -0.0886    13.8155 0.0000e+00  -61.49983  -57.81200 1152521402 191.368100    34.5904 0.0000e+00
    346.000     0.5902   2.939499     0.5916   2.939714    5.49905    -0.0734    13.8155 0.0000e+00  -61.49983  -57.81200 1152521403 191.368112    34.5949 0.0000e+00
    347.000     0.6049   2.941058     0.6060   2.941265    5.49222    -0.0980    13.8155 0.0000e+00  -61.49983  -57.81200 1152521403 191.368121    34.5976 0.0000e+00
    348.000     0.6118   2.941807     0.6121   2.941916    5.48607    -0.0847    13.8155 0.0000e+00  -61.49983  -57.81200 1152521404 191.368129    34.5990 0.0000e+00
    349.000     0.6148   2.942119     0.6153   2.942301    5.48040    -0.0830    13.8155 0.0000e+00  -61.49983  -57.81200 1152521405 191.368137    34.5990 0.0000e+00
    350.000     0.6139   2.942083     0.6156   2.942327    5.46991    -0.0905    13.8155 0.0000e+00  -61.49983  -57.81200 1152521408 191.368169    34.5996 0.0000e+00
    351.000     0.6189   2.942626     0.6260   2.943456    5.46349    -0.0793    13.8155 0.0000e+00  -61.49983  -57.81200 1152521411 191.368209    34.6005 0.0000e+00
    352.000     0.6285   2.943694     0.6302   2.943956    5.45951    -0.0770    13.8155 0.0000e+00  -61.49983  -57.81200 1152521412 191.368219    34.6031 0.0000e+00
    353.000     0.6336   2.944243     0.6346   2.944453    5.45295    -0.0880    13.8155 0.0000e+00  -61.49983  -57.81200 1152521413 191.368229    34.6038 0.0000e+00
    354.000     0.6357   2.944478     0.6364   2.944684    5.44785    -0.1077    13.8155 0.0000e+00  -61.49983  -57.81200 1152521414 191.368238    34.6039 0.0000e+00
    355.000     0.6364   2.944600     0.6369   2.944789    5.44308    -0.0964    13.8155 0.0000e+00  -61.49983  -57.81200 1152521414 191.368247    34.6042 0.0000e+00
    356.000     0.6374   2.944729     0.6384   2.944982    5.44106    -0.0928    13.8155 0.0000e+00  -61.49983  -57.81200 1152521415 191.368257    34.6042 0.0000e+00
    357.000     0.6366   2.944682     0.6376   2.944919    5.44002    -0.0849    13.8155 0.0000e+00  -61.49983  -57.81200 1152521419 191.368301    34.6041 0.0000e+00
    358.000     0.6376   2.944830     0.6392   2.945148    5.44056    -0.0876    13.8155 0.0000e+00  -61.49983  -57.81200 1152521423 191.368344    34.6045 0.0000e+00
    359.000     0.6395   2.945080     0.6407   2.945331    5.43736    -0.0959    13.8155 0.0000e+00  -61.49983  -57.81200 1152521423 191.368353    34.6052 0.0000e+00
    360.000     0.6412   2.945302     0.6423   2.945543    5.43553    -0.0924    13.8155 0.0000e+00  -61.49983  -57.81200 1152521424 191.368361    34.6055 0.0000e+00
    361.000     0.6432   2.945569     0.6440   2.945767    5.43247    -0.0837    13.8155 0.0000e+00  -61.49983  -57.81200 1152521425 191.368369    34.6062 0.0000e+00
    362.000     0.6432   2.945611     0.6443   2.945850    5.43188    -0.0694    13.8155 0.0000e+00  -61.49983  -57.81200 1152521426 191.368376    34.6060 0.0000e+00
    363.000     0.6485   2.946227     0.6506   2.946545    5.42882    -0.0941    13.8155 0.0000e+00  -61.49983  -57.81200 1152521426 191.368384    34.6077 0.0000e+00
    364.000     0.6510   2.946497     0.6519   2.946736    5.42653    -0.0921    13.8155 0.0000e+00  -61.49983  -57.81200 1152521427 191.368393    34.6077 0.0000e+00
    365.000     0.6510   2.946553     0.6530   2.946886    5.42112    -0.0882    13.8155 0.0000e+00  -61.49983  -57.81200 1152521432 191.368453    34.6079 0.0000e+00
    366.000     0.6526   2.946763     0.6536   2.947022    5.42117    -0.1000    13.8155 0.0000e+00  -61.49983  -57.81200 1152521436 191.368493    34.6084 0.0000e+00
    367.000     0.6529   2.946868     0.6537   2.947080    5.41973    -0.0899    13.8155 0.0000e+00  -61.49983  -57.81200 1152521436 191.368501    34.6088 0.0000e+00
    368.000     0.6535   2.946955     0.6539   2.947149    5.41425    -0.1008    13.8155 0.0000e+00  -61.49983  -57.81200 1152521437 191.368509    34.6087 0.0000e+00
    369.000     0.6571   2.947409     0.6554   2.947401    5.41158    -0.0980    13.8155 0.0000e+00  -61.49983  -57.81200 1152521438 191.368516    34.6100 0.0000e+00
    370.000     0.6635   2.948139     0.6641   2.948350    5.40825    -0.0718    13.8155 0.0000e+00  -61.49983  -57.81200 1152521438 191.368522    34.6117 0.0000e+00
    371.000     0.6690   2.948759     0.6688   2.948917    5.40618    -0.0820    13.8155 0.0000e+00  -61.49983  -57.81200 1152521439 191.368529    34.6127 0.0000e+00
    372.000     0.6699   2.948890     0.6705   2.949112    5.40247    -0.0865    13.8155 0.0000e+00  -61.49983  -57.81200 1152521440 191.368547    34.6128 0.0000e+00
    373.000     0.6657   2.948504     0.6655   2.948627    5.39934    -0.0782    13.8155 0.0000e+00  -61.49983  -57.81200 1152521446 191.368612    34.6124 0.0000e+00
    374.000     0.6715   2.949172     0.6718   2.949332    5.39799    -0.0726    13.8155 0.0000e+00  -61.49983  -57.81200 1152521446 191.368618    34.6139 0.0000e+00
    375.000     0.6730   2.949366     0.6738   2.949591    5.39646    -0.0814    13.8155 0.0000e+00  -61.49983  -57.81200 1152521447 191.368626    34.6140 0.0000e+00
    376.000     0.6735   2.949445     0.6741   2.949674    5.39556    -0.0782    13.8155 0.0000e+00  -61.49983  -57.81200 1152521448 191.368634    34.6140 0.0000e+00
    377.000     0.6727   2.949428     0.6740   2.949716    5.39106    -0.0761    13.8155 0.0000e+00  -61.49983  -57.81200 1152521450 191.368660    34.6141 0.0000e+00
    378.000     0.6726   2.949476     0.6750   2.949860    5.38433    -0.0874    13.8155 0.0000e+00  -61.49983  -57.81200 1152521453 191.368691    34.6145 0.0000e+00
    379.000     0.6856   2.950952     0.6862   2.951118    5.37971    -0.1006    13.8155 0.0000e+00  -61.49983  -57.81200 1152521454 191.368705    34.6182 0.0000e+00
    380.000     0.6905   2.951528     0.6914   2.951748    5.37412    -0.0851    13.8155 0.0000e+00  -61.49983  -57.81200 1152521455 191.368720    34.6195 0.0000e+00
    381.000     0.6926   2.951814     0.6937   2.952041    5.36137    -0.0870    13.8155 0.0000e+00  -61.49983  -57.81200 1152521461 191.368790    34.6204 0.0000e+00
    382.000     0.7026   2.952969     0.7008   2.952865    5.35311    -0.0904    13.8155 0.0000e+00  -61.49983  -57.81200 1152521463 191.368811    34.6236 0.0000e+00
    383.000     0.7055   2.953323     0.7063   2.953514    5.33998    -0.0874    13.8155 0.0000e+00  -61.49983  -57.81200 1152521466 191.368851    34.6244 0.0000e+00
    384.000     0.7246   2.955439     0.7262   2.955743    5.32346    -0.0817    13.8155 0.0000e+00  -61.49983  -57.81200 1152521470 191.368889    34.6296 0.0000e+00
    385.000     0.7241   2.955434     0.7243   2.955592    5.31628    -0.0877    13.8155 0.0000e+00  -61.49983  -57.81200 1152521472 191.368915    34.6297 0.0000e+00
    386.000     0.7247   2.955540     0.7258   2.955782    5.31508    -0.0861    13.8155 0.0000e+00  -61.49983  -57.81200 1152521479 191.368995    34.6302 0.0000e+00
    387.000     0.7269   2.955823     0.7276   2.956051    5.31103    -0.0908    13.8155 0.0000e+00  -61.49983  -57.81200 1152521480 191.369002    34.6308 0.0000e+00
    388.000     0.7263   2.955790     0.7276   2.956076    5.30983    -0.0926    13.8155 0.0000e+00  -61.49983  -57.81200 1152521480 191.369011    34.6304 0.0000e+00
