product_data/regression_test/downloaded_data/MGDS/320620060703/ctd/adapted/heads_insert_p6620201.cnv
* Sea-Bird SBE 9 Data File:
* FileName = D:\Data\Raw\p6620201.dat
* Software Version Seasave Win32 V 5.32
* Temperature SN = 1649
* Conductivity SN = 1431
* Number of Bytes Per Scan = 37
* Number of Voltage Words = 5
* Number of Scans Averaged by the Deck Unit = 1
* NMEA Latitude = 64 26.68 S
* NMEA Longitude = 061 58.97 W
* NMEA UTC (Time) = 03:19:51
** Ship:   Nathaniel B. Palmer 
** Cruise:    NBP0606 
# nquan = 15
# nvalues = 459                         
# units = specified
# name 0 = prDM: Pressure, Digiquartz [db]
# name 1 = t090C: Temperature [ITS-90, deg C]
# name 2 = c0S/m: Conductivity [S/m]
# name 3 = t190C: Temperature, 2 [ITS-90, deg C]
# name 4 = c1S/m: Conductivity, 2 [S/m]
# name 5 = sbeox0ML/L: Oxygen, SBE 43 [ml/l]
# name 6 = flECO-AFL: Fluorescence, Wetlab ECO-AFL/FL [mg/m^3]
# name 7 = bat: Beam Attenuation, Chelsea/Seatech/Wetlab CStar [1/m]
# name 8 = spar: SPAR/Surface Irradiance
# name 9 = latitude: Latitude [deg]
# name 10 = longitude: Longitude [deg]
# name 11 = timeY: Time, System [seconds]
# name 12 = timeJ: Julian Days
# name 13 = sal00: Salinity [PSU]
# name 14 = flag: flag
# span 0 =     13.000,    471.000       
# span 1 =    -0.9648,     0.1584       
# span 2 =   2.759083,   2.893798       
# span 3 =    -0.9659,     0.1586       
# span 4 =   2.759681,   2.894125       
# span 5 =    5.90104,    7.11601       
# span 6 =    -0.1029,    -0.0291       
# span 7 =    13.8155,    13.8155       
# span 8 = 0.0000e+00, 0.0000e+00       
# span 9 =  -64.44467,  -64.44467       
# span 10 =  -61.98283,  -61.98283      
# span 11 = 1154056759, 1154057630      
# span 12 = 209.138402, 209.148511      
# span 13 =    34.1431,    34.5171      
# span 14 = 0.0000e+00, 0.0000e+00      
# interval = decibars: 1                
# start_time = Jul 28 2006 03:19:59
# bad_flag = -9.990e-29
*END*
Pressure	Temperature	Conductivity	Temperature2	Conductivity2	Oxygen	Fluorescence	Beam Attenuation	SPAR	latitude	longitude	timeY	timeJ	Salinity	flag
     13.000    -0.8301   2.771066    -0.7788   2.775760    6.94194    -0.0756    13.8155 0.0000e+00  -64.44467  -61.98283 1154056759 209.138402    34.1465 0.0000e+00
     14.000    -0.9337   2.761407    -0.9331   2.762396    7.10122    -0.0446    13.8155 0.0000e+00  -64.44467  -61.98283 1154056849 209.139474    34.1440 0.0000e+00
     15.000    -0.9589   2.759530    -0.9597   2.760149    7.10539    -0.0685    13.8155 0.0000e+00  -64.44467  -61.98283 1154056858 209.139582    34.1440 0.0000e+00
     16.000    -0.9585   2.759578    -0.9594   2.760212    7.10064    -0.0642    13.8155 0.0000e+00  -64.44467  -61.98283 1154056860 209.139605    34.1439 0.0000e+00
     17.000    -0.9628   2.759217    -0.9646   2.759759    7.10958    -0.0639    13.8155 0.0000e+00  -64.44467  -61.98283 1154056863 209.139646    34.1433 0.0000e+00
     18.000    -0.9648   2.759083    -0.9659   2.759681    7.11601    -0.0435    13.8155 0.0000e+00  -64.44467  -61.98283 1154056866 209.139673    34.1431 0.0000e+00
     19.000    -0.9631   2.759301    -0.9647   2.759846    7.11242    -0.0531    13.8155 0.0000e+00  -64.44467  -61.98283 1154056869 209.139710    34.1433 0.0000e+00
     20.000    -0.9624   2.759412    -0.9623   2.760086    7.11307    -0.0613    13.8155 0.0000e+00  -64.44467  -61.98283 1154056872 209.139743    34.1434 0.0000e+00
     21.000    -0.9598   2.759695    -0.9596   2.760387    7.10923    -0.0543    13.8155 0.0000e+00  -64.44467  -61.98283 1154056875 209.139786    34.1435 0.0000e+00
     22.000    -0.9603   2.759702    -0.9645   2.759974    7.10752    -0.0472    13.8155 0.0000e+00  -64.44467  -61.98283 1154056878 209.139822    34.1437 0.0000e+00
     23.000    -0.9579   2.759983    -0.9587   2.760530    7.10746    -0.0638    13.8155 0.0000e+00  -64.44467  -61.98283 1154056881 209.139857    34.1442 0.0000e+00
     24.000    -0.9549   2.760315    -0.9560   2.760846    7.10402    -0.0553    13.8155 0.0000e+00  -64.44467  -61.98283 1154056883 209.139878    34.1444 0.0000e+00
     25.000    -0.9610   2.759786    -0.9618   2.760378    7.10564    -0.0634    13.8155 0.0000e+00  -64.44467  -61.98283 1154056886 209.139906    34.1438 0.0000e+00
     26.000    -0.9624   2.759715    -0.9620   2.760369    7.10575    -0.0593    13.8155 0.0000e+00  -64.44467  -61.98283 1154056888 209.139929    34.1439 0.0000e+00
     27.000    -0.9573   2.760232    -0.9605   2.760579    7.10765    -0.0487    13.8155 0.0000e+00  -64.44467  -61.98283 1154056890 209.139951    34.1442 0.0000e+00
     28.000    -0.9573   2.760273    -0.9584   2.760808    7.10655    -0.0480    13.8155 0.0000e+00  -64.44467  -61.98283 1154056892 209.139978    34.1441 0.0000e+00
     29.000    -0.9609   2.759980    -0.9612   2.760578    7.10858    -0.0683    13.8155 0.0000e+00  -64.44467  -61.98283 1154056894 209.140006    34.1438 0.0000e+00
     30.000    -0.9602   2.760081    -0.9607   2.760645    7.10879    -0.0514    13.8155 0.0000e+00  -64.44467  -61.98283 1154056896 209.140024    34.1438 0.0000e+00
     31.000    -0.9615   2.760017    -0.9608   2.760710    7.10722    -0.0645    13.8155 0.0000e+00  -64.44467  -61.98283 1154056898 209.140050    34.1437 0.0000e+00
     32.000    -0.9575   2.760410    -0.9583   2.760977    7.10076    -0.0479    13.8155 0.0000e+00  -64.44467  -61.98283 1154056900 209.140076    34.1437 0.0000e+00
     33.000    -0.9546   2.760766    -0.9599   2.760873    7.09494    -0.0656    13.8155 0.0000e+00  -64.44467  -61.98283 1154056902 209.140095    34.1447 0.0000e+00
     34.000    -0.9417   2.762042    -0.9404   2.762630    7.09049    -0.0614    13.8155 0.0000e+00  -64.44467  -61.98283 1154056904 209.140122    34.1465 0.0000e+00
     35.000    -0.9256   2.763590    -0.9228   2.764382    7.08263    -0.0473    13.8155 0.0000e+00  -64.44467  -61.98283 1154056907 209.140150    34.1482 0.0000e+00
     36.000    -0.8866   2.767388    -0.8826   2.768193    7.06602    -0.0626    13.8155 0.0000e+00  -64.44467  -61.98283 1154056908 209.140167    34.1544 0.0000e+00
     37.000    -0.8642   2.769492    -0.8669   2.769743    7.04857    -0.0648    13.8155 0.0000e+00  -64.44467  -61.98283 1154056910 209.140193    34.1565 0.0000e+00
     38.000    -0.8465   2.771197    -0.8455   2.771830    7.03441    -0.0453    13.8155 0.0000e+00  -64.44467  -61.98283 1154056913 209.140222    34.1590 0.0000e+00
     39.000    -0.8407   2.771797    -0.8402   2.772371    7.02488    -0.0530    13.8155 0.0000e+00  -64.44467  -61.98283 1154056915 209.140244    34.1602 0.0000e+00
     40.000    -0.8384   2.772047    -0.8386   2.772566    7.00978    -0.0580    13.8155 0.0000e+00  -64.44467  -61.98283 1154056917 209.140267    34.1607 0.0000e+00
     41.000    -0.8316   2.772758    -0.8299   2.773429    6.99855    -0.0405    13.8155 0.0000e+00  -64.44467  -61.98283 1154056919 209.140291    34.1623 0.0000e+00
     42.000    -0.8001   2.775849    -0.8024   2.776065    6.98092    -0.0589    13.8155 0.0000e+00  -64.44467  -61.98283 1154056921 209.140314    34.1672 0.0000e+00
     43.000    -0.7746   2.778310    -0.7834   2.777962    6.96347    -0.0613    13.8155 0.0000e+00  -64.44467  -61.98283 1154056923 209.140339    34.1709 0.0000e+00
     44.000    -0.7588   2.779855    -0.7586   2.780404    6.94801    -0.0805    13.8155 0.0000e+00  -64.44467  -61.98283 1154056925 209.140365    34.1733 0.0000e+00
     45.000    -0.7582   2.780009    -0.7655   2.779838    6.93633    -0.0599    13.8155 0.0000e+00  -64.44467  -61.98283 1154056927 209.140390    34.1743 0.0000e+00
     46.000    -0.7662   2.779239    -0.7665   2.779676    6.92937    -0.0511    13.8155 0.0000e+00  -64.44467  -61.98283 1154056930 209.140415    34.1731 0.0000e+00
     47.000    -0.7816   2.777793    -0.7836   2.778197    6.93780    -0.0615    13.8155 0.0000e+00  -64.44467  -61.98283 1154056932 209.140438    34.1704 0.0000e+00
     48.000    -0.7682   2.779171    -0.7750   2.778950    6.93914    -0.0589    13.8155 0.0000e+00  -64.44467  -61.98283 1154056933 209.140459    34.1738 0.0000e+00
     49.000    -0.7881   2.777204    -0.7894   2.777695    6.95145    -0.0588    13.8155 0.0000e+00  -64.44467  -61.98283 1154056935 209.140482    34.1691 0.0000e+00
     50.000    -0.7978   2.776382    -0.8002   2.776638    6.94560    -0.0517    13.8155 0.0000e+00  -64.44467  -61.98283 1154056937 209.140506    34.1691 0.0000e+00
     51.000    -0.8050   2.775666    -0.8032   2.776409    6.94282    -0.0369    13.8155 0.0000e+00  -64.44467  -61.98283 1154056940 209.140532    34.1667 0.0000e+00
     52.000    -0.7964   2.776659    -0.8007   2.776639    6.94157    -0.0291    13.8155 0.0000e+00  -64.44467  -61.98283 1154056942 209.140558    34.1697 0.0000e+00
     53.000    -0.7012   2.786045    -0.7005   2.786297    6.89791    -0.0681    13.8155 0.0000e+00  -64.44467  -61.98283 1154056944 209.140577    34.1861 0.0000e+00
     54.000    -0.6633   2.789685    -0.6610   2.790277    6.85366    -0.0627    13.8155 0.0000e+00  -64.44467  -61.98283 1154056946 209.140604    34.1909 0.0000e+00
     55.000    -0.6408   2.791882    -0.6471   2.791725    6.81753    -0.0739    13.8155 0.0000e+00  -64.44467  -61.98283 1154056949 209.140633    34.1945 0.0000e+00
     56.000    -0.6453   2.791478    -0.6513   2.791330    6.80706    -0.0575    13.8155 0.0000e+00  -64.44467  -61.98283 1154056950 209.140650    34.1943 0.0000e+00
     57.000    -0.6534   2.790718    -0.6508   2.791393    6.79263    -0.0469    13.8155 0.0000e+00  -64.44467  -61.98283 1154056952 209.140678    34.1933 0.0000e+00
     58.000    -0.6496   2.791228    -0.6373   2.792764    6.76863    -0.0519    13.8155 0.0000e+00  -64.44467  -61.98283 1154056955 209.140706    34.1962 0.0000e+00
     59.000    -0.6093   2.795167    -0.6034   2.796144    6.75020    -0.0590    13.8155 0.0000e+00  -64.44467  -61.98283 1154056956 209.140724    34.2018 0.0000e+00
     60.000    -0.5383   2.802133    -0.5351   2.802934    6.68967    -0.0848    13.8155 0.0000e+00  -64.44467  -61.98283 1154056959 209.140751    34.2123 0.0000e+00
     61.000    -0.4482   2.811161    -0.4563   2.810605    6.61662    -0.0664    13.8155 0.0000e+00  -64.44467  -61.98283 1154056961 209.140782    34.2313 0.0000e+00
     62.000    -0.3967   2.816373    -0.4035   2.815883    6.56641    -0.0552    13.8155 0.0000e+00  -64.44467  -61.98283 1154056963 209.140805    34.2423 0.0000e+00
     63.000    -0.3479   2.821137    -0.3510   2.821187    6.51129    -0.0584    13.8155 0.0000e+00  -64.44467  -61.98283 1154056965 209.140827    34.2496 0.0000e+00
     64.000    -0.3373   2.822205    -0.3379   2.822508    6.46978    -0.0658    13.8155 0.0000e+00  -64.44467  -61.98283 1154056967 209.140853    34.2527 0.0000e+00
     65.000    -0.2684   2.829255    -0.2623   2.829923    6.41707    -0.0875    13.8155 0.0000e+00  -64.44467  -61.98283 1154056970 209.140882    34.2689 0.0000e+00
     66.000    -0.2020   2.835772    -0.2015   2.836096    6.37819    -0.0816    13.8155 0.0000e+00  -64.44467  -61.98283 1154056972 209.140902    34.2788 0.0000e+00
     67.000    -0.1911   2.836869    -0.1898   2.837311    6.34539    -0.0762    13.8155 0.0000e+00  -64.44467  -61.98283 1154056974 209.140930    34.2819 0.0000e+00
     68.000    -0.1859   2.837412    -0.1811   2.838160    6.32142    -0.0862    13.8155 0.0000e+00  -64.44467  -61.98283 1154056977 209.140962    34.2841 0.0000e+00
     69.000    -0.1753   2.838475    -0.1747   2.838878    6.30888    -0.0869    13.8155 0.0000e+00  -64.44467  -61.98283 1154056979 209.140986    34.2862 0.0000e+00
     70.000    -0.1659   2.839480    -0.1607   2.840322    6.29773    -0.0746    13.8155 0.0000e+00  -64.44467  -61.98283 1154056981 209.141009    34.2889 0.0000e+00
     71.000    -0.1446   2.841738    -0.1431   2.842195    6.28659    -0.0611    13.8155 0.0000e+00  -64.44467  -61.98283 1154056983 209.141034    34.2945 0.0000e+00
     72.000    -0.1425   2.841968    -0.1410   2.842469    6.27689    -0.0709    13.8155 0.0000e+00  -64.44467  -61.98283 1154056985 209.141058    34.2949 0.0000e+00
     73.000    -0.1404   2.842215    -0.1391   2.842711    6.27110    -0.0919    13.8155 0.0000e+00  -64.44467  -61.98283 1154056988 209.141092    34.2961 0.0000e+00
     74.000    -0.1290   2.843453    -0.1295   2.843749    6.26521    -0.0739    13.8155 0.0000e+00  -64.44467  -61.98283 1154056990 209.141112    34.2987 0.0000e+00
     75.000    -0.1257   2.843841    -0.1244   2.844320    6.25754    -0.0801    13.8155 0.0000e+00  -64.44467  -61.98283 1154056992 209.141141    34.2999 0.0000e+00
     76.000    -0.1182   2.844700    -0.1163   2.845202    6.24946    -0.0901    13.8155 0.0000e+00  -64.44467  -61.98283 1154056995 209.141172    34.3025 0.0000e+00
     77.000    -0.1129   2.845288    -0.1121   2.845709    6.24340    -0.0765    13.8155 0.0000e+00  -64.44467  -61.98283 1154056997 209.141190    34.3036 0.0000e+00
     78.000    -0.1110   2.845732    -0.1102   2.846075    6.23880    -0.0754    13.8155 0.0000e+00  -64.44467  -61.98283 1154057000 209.141225    34.3071 0.0000e+00
     79.000    -0.1087   2.846794    -0.1078   2.847221    6.23949    -0.0637    13.8155 0.0000e+00  -64.44467  -61.98283 1154057001 209.141244    34.3181 0.0000e+00
     80.000    -0.1075   2.847005    -0.1069   2.847404    6.23789    -0.0772    13.8155 0.0000e+00  -64.44467  -61.98283 1154057003 209.141267    34.3191 0.0000e+00
     81.000    -0.1065   2.847136    -0.1060   2.847555    6.23584    -0.0929    13.8155 0.0000e+00  -64.44467  -61.98283 1154057006 209.141300    34.3191 0.0000e+00
     82.000    -0.1090   2.847141    -0.1085   2.847550    6.23780    -0.0883    13.8155 0.0000e+00  -64.44467  -61.98283 1154057008 209.141321    34.3217 0.0000e+00
     83.000    -0.1095   2.847182    -0.1093   2.847566    6.23904    -0.0668    13.8155 0.0000e+00  -64.44467  -61.98283 1154057010 209.141342    34.3221 0.0000e+00
     84.000    -0.1115   2.847144    -0.1107   2.847584    6.23954    -0.0619    13.8155 0.0000e+00  -64.44467  -61.98283 1154057012 209.141368    34.3234 0.0000e+00
     85.000    -0.1199   2.846489    -0.1223   2.846707    6.25000    -0.0781    13.8155 0.0000e+00  -64.44467  -61.98283 1154057014 209.141390    34.3237 0.0000e+00
     86.000    -0.1358   2.845337    -0.1354   2.845766    6.26572    -0.0706    13.8155 0.0000e+00  -64.44467  -61.98283 1154057016 209.141414    34.3261 0.0000e+00
     87.000    -0.1363   2.845379    -0.1389   2.845601    6.27563    -0.0756    13.8155 0.0000e+00  -64.44467  -61.98283 1154057018 209.141441    34.3263 0.0000e+00
     88.000    -0.1443   2.844933    -0.1438   2.845349    6.28333    -0.0491    13.8155 0.0000e+00  -64.44467  -61.98283 1154057020 209.141457    34.3291 0.0000e+00
     89.000    -0.1445   2.844973    -0.1437   2.845391    6.28435    -0.0746    13.8155 0.0000e+00  -64.44467  -61.98283 1154057022 209.141479    34.3290 0.0000e+00
     90.000    -0.1447   2.844991    -0.1443   2.845384    6.28744    -0.0813    13.8155 0.0000e+00  -64.44467  -61.98283 1154057024 209.141503    34.3288 0.0000e+00
     91.000    -0.1468   2.844849    -0.1464   2.845252    6.29243    -0.0772    13.8155 0.0000e+00  -64.44467  -61.98283 1154057026 209.141526    34.3286 0.0000e+00
     92.000    -0.1474   2.844911    -0.1467   2.845325    6.29793    -0.0735    13.8155 0.0000e+00  -64.44467  -61.98283 1154057028 209.141551    34.3295 0.0000e+00
     93.000    -0.1467   2.845048    -0.1464   2.845412    6.29873    -0.0804    13.8155 0.0000e+00  -64.44467  -61.98283 1154057030 209.141571    34.3298 0.0000e+00
     94.000    -0.1472   2.845053    -0.1463   2.845473    6.30109    -0.0659    13.8155 0.0000e+00  -64.44467  -61.98283 1154057032 209.141600    34.3297 0.0000e+00
     95.000    -0.1472   2.845094    -0.1465   2.845515    6.29900    -0.0695    13.8155 0.0000e+00  -64.44467  -61.98283 1154057034 209.141618    34.3297 0.0000e+00
     96.000    -0.1479   2.845077    -0.1473   2.845492    6.29780    -0.0779    13.8155 0.0000e+00  -64.44467  -61.98283 1154057035 209.141637    34.3297 0.0000e+00
     97.000    -0.1477   2.845175    -0.1468   2.845602    6.29775    -0.0742    13.8155 0.0000e+00  -64.44467  -61.98283 1154057038 209.141669    34.3302 0.0000e+00
     98.000    -0.1459   2.845435    -0.1448   2.845886    6.29567    -0.0694    13.8155 0.0000e+00  -64.44467  -61.98283 1154057039 209.141685    34.3309 0.0000e+00
     99.000    -0.1442   2.845640    -0.1435   2.846069    6.29769    -0.0637    13.8155 0.0000e+00  -64.44467  -61.98283 1154057042 209.141712    34.3310 0.0000e+00
    100.000    -0.1416   2.846004    -0.1410   2.846385    6.29593    -0.0841    13.8155 0.0000e+00  -64.44467  -61.98283 1154057044 209.141737    34.3323 0.0000e+00
    101.000    -0.1408   2.846163    -0.1400   2.846574    6.29668    -0.0849    13.8155 0.0000e+00  -64.44467  -61.98283 1154057045 209.141754    34.3328 0.0000e+00
    102.000    -0.1411   2.846222    -0.1403   2.846643    6.29578    -0.0794    13.8155 0.0000e+00  -64.44467  -61.98283 1154057047 209.141776    34.3333 0.0000e+00
    103.000    -0.1413   2.846273    -0.1403   2.846713    6.29402    -0.0500    13.8155 0.0000e+00  -64.44467  -61.98283 1154057049 209.141794    34.3337 0.0000e+00
    104.000    -0.1402   2.846464    -0.1394   2.846886    6.29232    -0.0529    13.8155 0.0000e+00  -64.44467  -61.98283 1154057050 209.141807    34.3343 0.0000e+00
    105.000    -0.1371   2.846909    -0.1371   2.847198    6.28743    -0.0513    13.8155 0.0000e+00  -64.44467  -61.98283 1154057051 209.141819    34.3361 0.0000e+00
    106.000    -0.1323   2.847540    -0.1317   2.847913    6.28487    -0.0657    13.8155 0.0000e+00  -64.44467  -61.98283 1154057052 209.141833    34.3384 0.0000e+00
    107.000    -0.1299   2.847920    -0.1286   2.848382    6.28000    -0.0778    13.8155 0.0000e+00  -64.44467  -61.98283 1154057053 209.141848    34.3400 0.0000e+00
