product_data/regression_test/downloaded_data/MGDS/320620060703/ctd/adapted/heads_insert_p6623001.cnv
* Sea-Bird SBE 9 Data File:
* FileName = D:\Data\Raw\p6623001.dat
* Software Version Seasave Win32 V 5.32
* Temperature SN = 1649
* Conductivity SN = 1431
* Number of Bytes Per Scan = 37
* Number of Voltage Words = 5
* Number of Scans Averaged by the Deck Unit = 1
* NMEA Latitude = 61 58.14 S
* NMEA Longitude = 053 02.97 W
* NMEA UTC (Time) = 00:58:35
** Ship:   Nathaniel B. Palmer 
** Cruise:    NBP0606 
# nquan = 15
# nvalues = 2087                        
# units = specified
# name 0 = prDM: Pressure, Digiquartz [db]
# name 1 = t090C: Temperature [ITS-90, deg C]
# name 2 = c0S/m: Conductivity [S/m]
# name 3 = t190C: Temperature, 2 [ITS-90, deg C]
# name 4 = c1S/m: Conductivity, 2 [S/m]
# name 5 = sbeox0ML/L: Oxygen, SBE 43 [ml/l]
# name 6 = flECO-AFL: Fluorescence, Wetlab ECO-AFL/FL [mg/m^3]
# name 7 = bat: Beam Attenuation, Chelsea/Seatech/Wetlab CStar [1/m]
# name 8 = spar: SPAR/Surface Irradiance
# name 9 = latitude: Latitude [deg]
# name 10 = longitude: Longitude [deg]
# name 11 = timeY: Time, System [seconds]
# name 12 = timeJ: Julian Days
# name 13 = sal00: Salinity [PSU]
# name 14 = flag: flag
# span 0 =      1.000,   2087.000       
# span 1 =    -1.8020,     0.4532       
# span 2 =   2.711145,   2.955348       
# span 3 =    -1.8022,     0.4541       
# span 4 =   2.711697,   2.955448       
# span 5 =    5.28451,    7.11516       
# span 6 =    -0.1970,     0.0704       
# span 7 =    13.8155,    13.8155       
# span 8 = -5.422e-03, 2.5227e+00       
# span 9 =  -61.96900,  -61.96900       
# span 10 =  -53.04950,  -53.04950      
# span 11 = 1154912409, 1154914958      
# span 12 = 219.041780, 219.071285      
# span 13 =    34.4227,    34.6714      
# span 14 = 0.0000e+00, 0.0000e+00      
# interval = decibars: 1                
# start_time = Aug 07 2006 01:00:00
# bad_flag = -9.990e-29
*END*
[from data line 1639]
   1639.000    -0.1857   2.933274    -0.1854   2.933389    5.88041    -0.1280    13.8155 1.2055e-14  -61.96900  -53.04950 1154914414 219.064991    34.6484 0.0000e+00
   1640.000    -0.1850   2.933374    -0.1843   2.933516    5.87833    -0.1077    13.8155 3.1353e-01  -61.96900  -53.04950 1154914415 219.065004    34.6483 0.0000e+00
   1641.000    -0.1841   2.933485    -0.1840   2.933602    5.87939    -0.1203    13.8155 -3.444e-03  -61.96900  -53.04950 1154914416 219.065017    34.6482 0.0000e+00
   1642.000    -0.1835   2.933588    -0.1832   2.933718    5.87920    -0.1072    13.8155 1.3051e-56  -61.96900  -53.04950 1154914417 219.065029    34.6484 0.0000e+00
   1643.000    -0.1837   2.933599    -0.1835   2.933746    5.87929    -0.0959    13.8155 2.8628e-37  -61.96900  -53.04950 1154914418 219.065042    34.6483 0.0000e+00
   1644.000    -0.1842   2.933602    -0.1841   2.933718    5.87948    -0.1260    13.8155 6.3023e-18  -61.96900  -53.04950 1154914419 219.065055    34.6483 0.0000e+00
   1645.000    -0.1841   2.933662    -0.1838   2.933790    5.87923    -0.1418    13.8155 2.6807e-01  -61.96900  -53.04950 1154914420 219.065068    34.6485 0.0000e+00
   1646.000    -0.1835   2.933764    -0.1830   2.933902    5.88056    -0.1277    13.8155 9.5792e-01  -61.96900  -53.04950 1154914422 219.065081    34.6486 0.0000e+00
   1647.000    -0.1814   2.933987    -0.1815   2.934081    5.87853    -0.1118    13.8155 1.8981e-02  -61.96900  -53.04950 1154914423 219.065093    34.6485 0.0000e+00
   1648.000    -0.1819   2.933994    -0.1819   2.934087    5.87677    -0.1208    13.8155 2.5261e-01  -61.96900  -53.04950 1154914424 219.065106    34.6486 0.0000e+00
   1649.000    -0.1833   2.933902    -0.1833   2.933990    5.87741    -0.1014    13.8155 6.3939e-04  -61.96900  -53.04950 1154914425 219.065119    34.6484 0.0000e+00
   1650.000    -0.1840   2.933880    -0.1835   2.934020    5.87821    -0.1325    13.8155 1.1413e-13  -61.96900  -53.04950 1154914426 219.065132    34.6484 0.0000e+00
   1651.000    -0.1835   2.933962    -0.1831   2.934099    5.87903    -0.1013    13.8155 2.7253e-27  -61.96900  -53.04950 1154914427 219.065145    34.6484 0.0000e+00
   1652.000    -0.1832   2.934032    -0.1828   2.934163    5.87978    -0.1080    13.8155 3.3445e-19  -61.96900  -53.04950 1154914428 219.065158    34.6484 0.0000e+00
   1653.000    -0.1824   2.934131    -0.1823   2.934245    5.88056    -0.1191    13.8155 8.9130e-02  -61.96900  -53.04950 1154914429 219.065170    34.6483 0.0000e+00
   1654.000    -0.1824   2.934193    -0.1822   2.934306    5.88136    -0.1276    13.8155 1.6895e-03  -61.96900  -53.04950 1154914430 219.065183    34.6486 0.0000e+00
   1655.000    -0.1826   2.934196    -0.1826   2.934307    5.88211    -0.1305    13.8155 4.0562e-06  -61.96900  -53.04950 1154914432 219.065196    34.6483 0.0000e+00
   1656.000    -0.1824   2.934264    -0.1824   2.934365    5.88266    -0.1003    13.8155 3.7190e-01  -61.96900  -53.04950 1154914433 219.065209    34.6484 0.0000e+00
   1657.000    -0.1823   2.934319    -0.1821   2.934427    5.88236    -0.1288    13.8155 1.4586e+00  -61.96900  -53.04950 1154914434 219.065221    34.6486 0.0000e+00
   1658.000    -0.1823   2.934351    -0.1822   2.934453    5.88207    -0.1062    13.8155 2.1391e-01  -61.96900  -53.04950 1154914435 219.065234    34.6484 0.0000e+00
   1659.000    -0.1821   2.934409    -0.1819   2.934520    5.88042    -0.1002    13.8155 6.5603e-01  -61.96900  -53.04950 1154914436 219.065247    34.6484 0.0000e+00
   1660.000    -0.1820   2.934458    -0.1820   2.934563    5.88025    -0.1265    13.8155 1.5914e+00  -61.96900  -53.04950 1154914437 219.065260    34.6483 0.0000e+00
   1661.000    -0.1818   2.934518    -0.1818   2.934625    5.88096    -0.1436    13.8155 5.6087e-01  -61.96900  -53.04950 1154914438 219.065273    34.6484 0.0000e+00
   1662.000    -0.1814   2.934603    -0.1815   2.934694    5.88143    -0.1351    13.8155 1.3898e-03  -61.96900  -53.04950 1154914439 219.065285    34.6485 0.0000e+00
   1663.000    -0.1815   2.934639    -0.1813   2.934755    5.88128    -0.1339    13.8155 3.7252e-01  -61.96900  -53.04950 1154914440 219.065298    34.6485 0.0000e+00
   1664.000    -0.1814   2.934687    -0.1812   2.934802    5.87932    -0.1312    13.8155 1.4339e+00  -61.96900  -53.04950 1154914442 219.065311    34.6485 0.0000e+00
   1665.000    -0.1811   2.934758    -0.1809   2.934874    5.87852    -0.1162    13.8155 7.9052e-01  -61.96900  -53.04950 1154914443 219.065324    34.6485 0.0000e+00
   1666.000    -0.1791   2.934978    -0.1789   2.935100    5.87725    -0.1149    13.8155 1.2740e+00  -61.96900  -53.04950 1154914444 219.065336    34.6486 0.0000e+00
   1667.000    -0.1789   2.935033    -0.1789   2.935143    5.87636    -0.1220    13.8155 -7.410e-05  -61.96900  -53.04950 1154914445 219.065349    34.6486 0.0000e+00
   1668.000    -0.1795   2.935012    -0.1792   2.935152    5.87794    -0.1303    13.8155 1.0039e-05  -61.96900  -53.04950 1154914446 219.065362    34.6485 0.0000e+00
   1669.000    -0.1793   2.935091    -0.1792   2.935197    5.87954    -0.1356    13.8155 2.6310e-24  -61.96900  -53.04950 1154914447 219.065375    34.6488 0.0000e+00
   1670.000    -0.1792   2.935129    -0.1792   2.935243    5.88165    -0.1207    13.8155 1.9131e-26  -61.96900  -53.04950 1154914448 219.065388    34.6486 0.0000e+00
   1671.000    -0.1793   2.935176    -0.1791   2.935279    5.88169    -0.1269    13.8155 6.3649e-08  -61.96900  -53.04950 1154914449 219.065400    34.6488 0.0000e+00
   1672.000    -0.1794   2.935203    -0.1793   2.935315    5.88179    -0.1119    13.8155 1.1130e-01  -61.96900  -53.04950 1154914450 219.065413    34.6487 0.0000e+00
   1673.000    -0.1794   2.935240    -0.1795   2.935343    5.88072    -0.1166    13.8155 -1.044e-03  -61.96900  -53.04950 1154914451 219.065426    34.6487 0.0000e+00
   1674.000    -0.1796   2.935258    -0.1799   2.935354    5.88069    -0.1188    13.8155 1.9838e-17  -61.96900  -53.04950 1154914453 219.065439    34.6486 0.0000e+00
   1675.000    -0.1810   2.935214    -0.1811   2.935288    5.88051    -0.1228    13.8155 1.8681e-28  -61.96900  -53.04950 1154914454 219.065452    34.6487 0.0000e+00
   1676.000    -0.1804   2.935272    -0.1806   2.935361    5.87918    -0.1305    13.8155 2.1929e-08  -61.96900  -53.04950 1154914455 219.065464    34.6486 0.0000e+00
   1677.000    -0.1808   2.935289    -0.1809   2.935380    5.87876    -0.1225    13.8155 2.2594e-01  -61.96900  -53.04950 1154914456 219.065477    34.6487 0.0000e+00
   1678.000    -0.1824   2.935184    -0.1819   2.935327    5.87841    -0.1150    13.8155 -4.226e-05  -61.96900  -53.04950 1154914457 219.065490    34.6486 0.0000e+00
   1679.000    -0.1831   2.935161    -0.1836   2.935228    5.87953    -0.1421    13.8155 -1.420e-16  -61.96900  -53.04950 1154914458 219.065503    34.6486 0.0000e+00
   1680.000    -0.1851   2.935027    -0.1844   2.935202    5.87968    -0.1129    13.8155 6.7623e-29  -61.96900  -53.04950 1154914459 219.065516    34.6485 0.0000e+00
   1681.000    -0.1882   2.934778    -0.1877   2.934940    5.88094    -0.1078    13.8155 1.5337e-09  -61.96900  -53.04950 1154914460 219.065529    34.6484 0.0000e+00
   1682.000    -0.1880   2.934857    -0.1871   2.935032    5.88261    -0.1168    13.8155 4.4683e-01  -61.96900  -53.04950 1154914461 219.065541    34.6485 0.0000e+00
   1683.000    -0.1899   2.934729    -0.1891   2.934900    5.88327    -0.0986    13.8155 -2.602e-04  -61.96900  -53.04950 1154914463 219.065554    34.6485 0.0000e+00
   1684.000    -0.1863   2.935105    -0.1854   2.935266    5.88437    -0.0967    13.8155 -2.328e-15  -61.96900  -53.04950 1154914464 219.065567    34.6488 0.0000e+00
   1685.000    -0.1882   2.934934    -0.1885   2.935041    5.88501    -0.1029    13.8155 0.0000e+00  -61.96900  -53.04950 1154914465 219.065580    34.6481 0.0000e+00
   1686.000    -0.1928   2.934596    -0.1929   2.934685    5.88589    -0.1237    13.8155 0.0000e+00  -61.96900  -53.04950 1154914466 219.065593    34.6485 0.0000e+00
   1687.000    -0.1930   2.934612    -0.1934   2.934688    5.88664    -0.1199    13.8155 0.0000e+00  -61.96900  -53.04950 1154914467 219.065606    34.6483 0.0000e+00
   1688.000    -0.1945   2.934509    -0.1942   2.934641    5.88755    -0.1039    13.8155 0.0000e+00  -61.96900  -53.04950 1154914468 219.065618    34.6481 0.0000e+00
   1689.000    -0.1938   2.934618    -0.1933   2.934760    5.88834    -0.1366    13.8155 0.0000e+00  -61.96900  -53.04950 1154914469 219.065631    34.6481 0.0000e+00
   1690.000    -0.1944   2.934607    -0.1944   2.934725    5.88946    -0.1227    13.8155 0.0000e+00  -61.96900  -53.04950 1154914470 219.065644    34.6481 0.0000e+00
   1691.000    -0.1942   2.934676    -0.1941   2.934771    5.89010    -0.1213    13.8155 0.0000e+00  -61.96900  -53.04950 1154914471 219.065657    34.6482 0.0000e+00
   1692.000    -0.1948   2.934654    -0.1945   2.934780    5.89109    -0.1172    13.8155 0.0000e+00  -61.96900  -53.04950 1154914472 219.065670    34.6480 0.0000e+00
   1693.000    -0.1946   2.934711    -0.1946   2.934818    5.89311    -0.1215    13.8155 0.0000e+00  -61.96900  -53.04950 1154914474 219.065682    34.6481 0.0000e+00
   1694.000    -0.1953   2.934702    -0.1950   2.934820    5.89482    -0.0832    13.8155 0.0000e+00  -61.96900  -53.04950 1154914475 219.065695    34.6481 0.0000e+00
   1695.000    -0.1958   2.934688    -0.1959   2.934782    5.89586    -0.0938    13.8155 0.0000e+00  -61.96900  -53.04950 1154914476 219.065708    34.6480 0.0000e+00
   1696.000    -0.1970   2.934630    -0.1962   2.934801    5.89537    -0.1213    13.8155 0.0000e+00  -61.96900  -53.04950 1154914477 219.065721    34.6480 0.0000e+00
   1697.000    -0.1952   2.934837    -0.1950   2.934946    5.89633    -0.0948    13.8155 0.0000e+00  -61.96900  -53.04950 1154914478 219.065734    34.6481 0.0000e+00
   1698.000    -0.1959   2.934801    -0.1958   2.934918    5.89700    -0.0887    13.8155 0.0000e+00  -61.96900  -53.04950 1154914479 219.065747    34.6479 0.0000e+00
   1699.000    -0.1973   2.934727    -0.1972   2.934838    5.89780    -0.1513    13.8155 0.0000e+00  -61.96900  -53.04950 1154914480 219.065759    34.6480 0.0000e+00
   1700.000    -0.1958   2.934897    -0.1959   2.934985    5.89778    -0.1327    13.8155 0.0000e+00  -61.96900  -53.04950 1154914481 219.065772    34.6480 0.0000e+00
   1701.000    -0.1989   2.934640    -0.1998   2.934694    5.89696    -0.1283    13.8155 0.0000e+00  -61.96900  -53.04950 1154914482 219.065785    34.6476 0.0000e+00
   1702.000    -0.2000   2.934605    -0.1994   2.934759    5.89971    -0.1213    13.8155 0.0000e+00  -61.96900  -53.04950 1154914484 219.065798    34.6478 0.0000e+00
   1703.000    -0.2043   2.934249    -0.2047   2.934331    5.90036    -0.1327    13.8155 0.0000e+00  -61.96900  -53.04950 1154914485 219.065811    34.6474 0.0000e+00
   1704.000    -0.2054   2.934204    -0.2049   2.934347    5.90104    -0.1251    13.8155 0.0000e+00  -61.96900  -53.04950 1154914486 219.065824    34.6476 0.0000e+00
   1705.000    -0.2053   2.934246    -0.2052   2.934351    5.90203    -0.1211    13.8155 0.0000e+00  -61.96900  -53.04950 1154914487 219.065836    34.6475 0.0000e+00
   1706.000    -0.2067   2.934157    -0.2065   2.934286    5.90310    -0.1275    13.8155 0.0000e+00  -61.96900  -53.04950 1154914488 219.065849    34.6474 0.0000e+00
   1707.000    -0.2063   2.934240    -0.2062   2.934350    5.90395    -0.1231    13.8155 0.0000e+00  -61.96900  -53.04950 1154914489 219.065862    34.6474 0.0000e+00
   1708.000    -0.2067   2.934239    -0.2064   2.934382    5.90488    -0.1247    13.8155 0.0000e+00  -61.96900  -53.04950 1154914490 219.065875    34.6473 0.0000e+00
   1709.000    -0.2067   2.934297    -0.2064   2.934416    5.90585    -0.1219    13.8155 0.0000e+00  -61.96900  -53.04950 1154914491 219.065888    34.6474 0.0000e+00
   1710.000    -0.2064   2.934362    -0.2063   2.934468    5.90577    -0.1273    13.8155 0.0000e+00  -61.96900  -53.04950 1154914492 219.065900    34.6474 0.0000e+00
   1711.000    -0.2065   2.934393    -0.2065   2.934486    5.90596    -0.1261    13.8155 0.0000e+00  -61.96900  -53.04950 1154914494 219.065913    34.6474 0.0000e+00
   1712.000    -0.2066   2.934409    -0.2068   2.934506    5.90605    -0.1199    13.8155 0.0000e+00  -61.96900  -53.04950 1154914495 219.065926    34.6472 0.0000e+00
   1713.000    -0.2066   2.934474    -0.2062   2.934602    5.90683    -0.1475    13.8155 0.0000e+00  -61.96900  -53.04950 1154914496 219.065939    34.6474 0.0000e+00
   1714.000    -0.2063   2.934531    -0.2064   2.934623    5.90671    -0.1174    13.8155 0.0000e+00  -61.96900  -53.04950 1154914497 219.065952    34.6473 0.0000e+00
   1715.000    -0.2072   2.934438    -0.2071   2.934569    5.90952    -0.1409    13.8155 0.0000e+00  -61.96900  -53.04950 1154914498 219.065964    34.6471 0.0000e+00
   1716.000    -0.2160   2.933805    -0.2152   2.933931    5.91353    -0.1466    13.8155 0.0000e+00  -61.96900  -53.04950 1154914499 219.065977    34.6469 0.0000e+00
   1717.000    -0.2179   2.933626    -0.2177   2.933746    5.91430    -0.1000    13.8155 0.0000e+00  -61.96900  -53.04950 1154914500 219.065990    34.6471 0.0000e+00
   1718.000    -0.2180   2.933656    -0.2180   2.933762    5.91526    -0.1240    13.8155 0.0000e+00  -61.96900  -53.04950 1154914501 219.066003    34.6470 0.0000e+00
   1719.000    -0.2180   2.933693    -0.2179   2.933798    5.91620    -0.1360    13.8155 0.0000e+00  -61.96900  -53.04950 1154914502 219.066016    34.6469 0.0000e+00
   1720.000    -0.2161   2.933909    -0.2159   2.934010    5.91699    -0.1287    13.8155 0.0000e+00  -61.96900  -53.04950 1154914504 219.066028    34.6469 0.0000e+00
   1721.000    -0.2159   2.933959    -0.2158   2.934068    5.91784    -0.0848    13.8155 0.0000e+00  -61.96900  -53.04950 1154914505 219.066041    34.6468 0.0000e+00
   1722.000    -0.2169   2.933917    -0.2166   2.934037    5.91869    -0.1292    13.8155 0.0000e+00  -61.96900  -53.04950 1154914506 219.066054    34.6468 0.0000e+00
   1723.000    -0.2175   2.933909    -0.2173   2.934027    5.91932    -0.1232    13.8155 0.0000e+00  -61.96900  -53.04950 1154914507 219.066067    34.6469 0.0000e+00
   1724.000    -0.2175   2.933937    -0.2175   2.934045    5.91862    -0.1317    13.8155 0.0000e+00  -61.96900  -53.04950 1154914508 219.066079    34.6467 0.0000e+00
   1725.000    -0.2179   2.933945    -0.2179   2.934054    5.91773    -0.1044    13.8155 0.0000e+00  -61.96900  -53.04950 1154914509 219.066092    34.6467 0.0000e+00
   1726.000    -0.2183   2.933957    -0.2181   2.934071    5.91807    -0.0889    13.8155 0.0000e+00  -61.96900  -53.04950 1154914510 219.066105    34.6467 0.0000e+00
   1727.000    -0.2184   2.933988    -0.2180   2.934126    5.91806    -0.1120    13.8155 0.0000e+00  -61.96900  -53.04950 1154914511 219.066118    34.6467 0.0000e+00
   1728.000    -0.2187   2.933998    -0.2187   2.934109    5.91757    -0.1220    13.8155 0.0000e+00  -61.96900  -53.04950 1154914512 219.066131    34.6466 0.0000e+00
   1729.000    -0.2187   2.934044    -0.2185   2.934152    5.91841    -0.1217    13.8155 0.0000e+00  -61.96900  -53.04950 1154914513 219.066144    34.6466 0.0000e+00
   1730.000    -0.2181   2.934134    -0.2181   2.934233    5.91929    -0.1392    13.8155 0.0000e+00  -61.96900  -53.04950 1154914515 219.066156    34.6466 0.0000e+00
   1731.000    -0.2175   2.934232    -0.2175   2.934337    5.92015    -0.1228    13.8155 0.0000e+00  -61.96900  -53.04950 1154914516 219.066169    34.6467 0.0000e+00
   1732.000    -0.2173   2.934287    -0.2173   2.934392    5.92169    -0.1161    13.8155 0.0000e+00  -61.96900  -53.04950 1154914517 219.066182    34.6466 0.0000e+00
   1733.000    -0.2176   2.934301    -0.2175   2.934417    5.92231    -0.1233    13.8155 0.0000e+00  -61.96900  -53.04950 1154914518 219.066195    34.6466 0.0000e+00
   1734.000    -0.2181   2.934302    -0.2180   2.934407    5.92278    -0.1114    13.8155 0.0000e+00  -61.96900  -53.04950 1154914519 219.066208    34.6467 0.0000e+00
