product_data/regression_test/downloaded_data/MGDS/320620060703/ctd/adapted/heads_insert_p6617601.cnv
* Sea-Bird SBE 9 Data File:
* FileName = D:\Data\Raw\p6617601.dat
* Software Version Seasave Win32 V 5.32
* Temperature SN = 1649
* Conductivity SN = 1431
* Number of Bytes Per Scan = 37
* Number of Voltage Words = 5
* Number of Scans Averaged by the Deck Unit = 1
* NMEA Latitude = 60 36.97 S
* NMEA Longitude = 054 43.19 W
* NMEA UTC (Time) = 04:16:14
** Ship:   Nathaniel B. Palmer 
** Cruise:    NBP0606 
# nquan = 15
# nvalues = 2993                        
# units = specified
# name 0 = prDM: Pressure, Digiquartz [db]
# name 1 = t090C: Temperature [ITS-90, deg C]
# name 2 = c0S/m: Conductivity [S/m]
# name 3 = t190C: Temperature, 2 [ITS-90, deg C]
# name 4 = c1S/m: Conductivity, 2 [S/m]
# name 5 = sbeox0ML/L: Oxygen, SBE 43 [ml/l]
# name 6 = flECO-AFL: Fluorescence, Wetlab ECO-AFL/FL [mg/m^3]
# name 7 = bat: Beam Attenuation, Chelsea/Seatech/Wetlab CStar [1/m]
# name 8 = spar: SPAR/Surface Irradiance
# name 9 = latitude: Latitude [deg]
# name 10 = longitude: Longitude [deg]
# name 11 = timeY: Time, System [seconds]
# name 12 = timeJ: Julian Days
# name 13 = sal00: Salinity [PSU]
# name 14 = flag: flag
# span 0 =     12.000,   3004.000       
# span 1 =    -0.6092,     1.7623       
# span 2 =   2.790440,   3.036585       
# span 3 =    -0.6096,     1.7632       
# span 4 =   2.791030,   3.036777       
# span 5 =    1.57336,    7.60176       
# span 6 =    -0.1335,     0.3503       
# span 7 =    13.8155,    13.8155       
# span 8 = 0.0000e+00, 0.0000e+00       
# span 9 =  -60.61617,  -60.61617       
# span 10 =  -54.71983,  -54.71983      
# span 11 = 1153455387, 1153459567      
# span 12 = 202.178108, 202.226488      
# span 13 =    34.1661,    34.7195      
# span 14 = 0.0000e+00, 0.0000e+00      
# interval = decibars: 1                
# start_time = Jul 21 2006 04:16:22
# bad_flag = -9.990e-29
*END*
[from data line 2796]
   2807.000     0.0290   2.998823     0.0290   2.999100    5.23619    -0.1103    13.8155 0.0000e+00  -60.61617  -54.71983 1153459204 202.222285    34.6608 0.0000e+00
   2808.000     0.0290   2.998856     0.0290   2.999130    3.85897    -0.1082    13.8155 0.0000e+00  -60.61617  -54.71983 1153459206 202.222312    34.6608 0.0000e+00
   2809.000     0.0290   2.998908     0.0292   2.999188    2.68022    -0.0962    13.8155 0.0000e+00  -60.61617  -54.71983 1153459209 202.222340    34.6609 0.0000e+00
   2810.000     0.0291   2.998947     0.0291   2.999226    2.54123    -0.1105    13.8155 0.0000e+00  -60.61617  -54.71983 1153459209 202.222351    34.6609 0.0000e+00
   2811.000     0.0292   2.998994     0.0292   2.999270    2.21575    -0.1151    13.8155 0.0000e+00  -60.61617  -54.71983 1153459210 202.222361    34.6609 0.0000e+00
   2812.000     0.0293   2.999041     0.0293   2.999310    2.38220    -0.1029    13.8155 0.0000e+00  -60.61617  -54.71983 1153459211 202.222371    34.6609 0.0000e+00
   2813.000     0.0293   2.999078     0.0293   2.999354    2.36329    -0.1164    13.8155 0.0000e+00  -60.61617  -54.71983 1153459212 202.222382    34.6609 0.0000e+00
   2814.000     0.0292   2.999103     0.0292   2.999378    2.46962    -0.1072    13.8155 0.0000e+00  -60.61617  -54.71983 1153459213 202.222394    34.6608 0.0000e+00
   2815.000     0.0291   2.999131     0.0289   2.999397    2.33680    -0.1180    13.8155 0.0000e+00  -60.61617  -54.71983 1153459214 202.222408    34.6608 0.0000e+00
   2816.000     0.0291   2.999178     0.0291   2.999453    3.01743    -0.1073    13.8155 0.0000e+00  -60.61617  -54.71983 1153459218 202.222445    34.6609 0.0000e+00
   2817.000     0.0291   2.999212     0.0291   2.999493    3.38057    -0.1173    13.8155 0.0000e+00  -60.61617  -54.71983 1153459219 202.222467    34.6609 0.0000e+00
   2818.000     0.0288   2.999229     0.0289   2.999516    3.61947    -0.1117    13.8155 0.0000e+00  -60.61617  -54.71983 1153459220 202.222475    34.6609 0.0000e+00
   2819.000     0.0288   2.999259     0.0288   2.999535    3.91127    -0.1226    13.8155 0.0000e+00  -60.61617  -54.71983 1153459221 202.222483    34.6608 0.0000e+00
   2820.000     0.0285   2.999246     0.0283   2.999520    3.89235    -0.1091    13.8155 0.0000e+00  -60.61617  -54.71983 1153459222 202.222491    34.6606 0.0000e+00
   2821.000     0.0283   2.999278     0.0281   2.999545    3.89099    -0.1163    13.8155 0.0000e+00  -60.61617  -54.71983 1153459222 202.222500    34.6607 0.0000e+00
   2822.000     0.0274   2.999237     0.0274   2.999513    4.09605    -0.1141    13.8155 0.0000e+00  -60.61617  -54.71983 1153459223 202.222512    34.6607 0.0000e+00
   2823.000     0.0271   2.999262     0.0273   2.999537    5.23778    -0.1169    13.8155 0.0000e+00  -60.61617  -54.71983 1153459226 202.222547    34.6608 0.0000e+00
   2824.000     0.0265   2.999241     0.0263   2.999504    5.55020    -0.1092    13.8155 0.0000e+00  -60.61617  -54.71983 1153459228 202.222565    34.6607 0.0000e+00
   2825.000     0.0261   2.999241     0.0259   2.999499    5.44143    -0.1148    13.8155 0.0000e+00  -60.61617  -54.71983 1153459229 202.222580    34.6607 0.0000e+00
   2826.000     0.0251   2.999198     0.0252   2.999492    5.41724    -0.1014    13.8155 0.0000e+00  -60.61617  -54.71983 1153459231 202.222595    34.6608 0.0000e+00
   2827.000     0.0243   2.999164     0.0243   2.999437    5.47159    -0.1032    13.8155 0.0000e+00  -60.61617  -54.71983 1153459232 202.222607    34.6608 0.0000e+00
   2828.000     0.0240   2.999170     0.0231   2.999379    5.47848    -0.0973    13.8155 0.0000e+00  -60.61617  -54.71983 1153459232 202.222616    34.6606 0.0000e+00
   2829.000     0.0228   2.999094     0.0223   2.999343    5.43524    -0.1224    13.8155 0.0000e+00  -60.61617  -54.71983 1153459233 202.222624    34.6605 0.0000e+00
   2830.000     0.0224   2.999096     0.0222   2.999364    5.24808    -0.1119    13.8155 0.0000e+00  -60.61617  -54.71983 1153459234 202.222633    34.6605 0.0000e+00
   2831.000     0.0222   2.999120     0.0222   2.999399    4.63197    -0.1082    13.8155 0.0000e+00  -60.61617  -54.71983 1153459235 202.222651    34.6605 0.0000e+00
   2832.000     0.0227   2.999210     0.0224   2.999481    2.97629    -0.1084    13.8155 0.0000e+00  -60.61617  -54.71983 1153459240 202.222699    34.6606 0.0000e+00
   2833.000     0.0212   2.999104     0.0211   2.999403    3.18895    -0.0967    13.8155 0.0000e+00  -60.61617  -54.71983 1153459240 202.222706    34.6604 0.0000e+00
   2834.000     0.0208   2.999106     0.0208   2.999385    3.03179    -0.1334    13.8155 0.0000e+00  -60.61617  -54.71983 1153459241 202.222714    34.6605 0.0000e+00
   2835.000     0.0205   2.999118     0.0207   2.999421    3.00357    -0.1109    13.8155 0.0000e+00  -60.61617  -54.71983 1153459242 202.222722    34.6604 0.0000e+00
   2836.000     0.0202   2.999133     0.0201   2.999405    2.99760    -0.1059    13.8155 0.0000e+00  -60.61617  -54.71983 1153459242 202.222732    34.6605 0.0000e+00
   2837.000     0.0203   2.999176     0.0202   2.999447    3.30575    -0.1092    13.8155 0.0000e+00  -60.61617  -54.71983 1153459243 202.222745    34.6605 0.0000e+00
   2838.000     0.0200   2.999183     0.0201   2.999465    3.55726    -0.1174    13.8155 0.0000e+00  -60.61617  -54.71983 1153459246 202.222769    34.6604 0.0000e+00
   2839.000     0.0202   2.999238     0.0201   2.999514    3.39377    -0.1151    13.8155 0.0000e+00  -60.61617  -54.71983 1153459247 202.222787    34.6604 0.0000e+00
   2840.000     0.0200   2.999264     0.0200   2.999536    3.64704    -0.1102    13.8155 0.0000e+00  -60.61617  -54.71983 1153459248 202.222802    34.6603 0.0000e+00
   2841.000     0.0197   2.999268     0.0197   2.999549    3.59512    -0.1036    13.8155 0.0000e+00  -60.61617  -54.71983 1153459250 202.222819    34.6603 0.0000e+00
   2842.000     0.0195   2.999303     0.0195   2.999573    3.49844    -0.1002    13.8155 0.0000e+00  -60.61617  -54.71983 1153459251 202.222836    34.6604 0.0000e+00
   2843.000     0.0195   2.999337     0.0194   2.999608    3.85569    -0.1080    13.8155 0.0000e+00  -60.61617  -54.71983 1153459253 202.222851    34.6604 0.0000e+00
   2844.000     0.0188   2.999310     0.0186   2.999572    4.05050    -0.1196    13.8155 0.0000e+00  -60.61617  -54.71983 1153459254 202.222865    34.6603 0.0000e+00
   2845.000     0.0176   2.999237     0.0175   2.999510    3.87789    -0.1010    13.8155 0.0000e+00  -60.61617  -54.71983 1153459255 202.222880    34.6602 0.0000e+00
   2846.000     0.0168   2.999206     0.0168   2.999487    3.74028    -0.1063    13.8155 0.0000e+00  -60.61617  -54.71983 1153459256 202.222894    34.6602 0.0000e+00
   2847.000     0.0164   2.999216     0.0164   2.999502    3.88449    -0.1175    13.8155 0.0000e+00  -60.61617  -54.71983 1153459257 202.222906    34.6603 0.0000e+00
   2848.000     0.0163   2.999243     0.0163   2.999518    3.79638    -0.0916    13.8155 0.0000e+00  -60.61617  -54.71983 1153459258 202.222918    34.6603 0.0000e+00
   2849.000     0.0164   2.999281     0.0163   2.999551    3.52615    -0.1074    13.8155 0.0000e+00  -60.61617  -54.71983 1153459259 202.222929    34.6602 0.0000e+00
   2850.000     0.0161   2.999294     0.0160   2.999558    3.26526    -0.1102    13.8155 0.0000e+00  -60.61617  -54.71983 1153459260 202.222942    34.6601 0.0000e+00
   2851.000     0.0162   2.999353     0.0162   2.999614    1.96459    -0.1001    13.8155 0.0000e+00  -60.61617  -54.71983 1153459264 202.222987    34.6603 0.0000e+00
   2852.000     0.0159   2.999356     0.0158   2.999637    1.80218    -0.1157    13.8155 0.0000e+00  -60.61617  -54.71983 1153459266 202.223005    34.6602 0.0000e+00
   2853.000     0.0160   2.999405     0.0159   2.999680    1.81873    -0.1034    13.8155 0.0000e+00  -60.61617  -54.71983 1153459267 202.223015    34.6602 0.0000e+00
   2854.000     0.0163   2.999452     0.0161   2.999733    1.84111    -0.1222    13.8155 0.0000e+00  -60.61617  -54.71983 1153459268 202.223023    34.6600 0.0000e+00
   2855.000     0.0163   2.999497     0.0162   2.999779    1.74766    -0.1167    13.8155 0.0000e+00  -60.61617  -54.71983 1153459268 202.223031    34.6601 0.0000e+00
   2856.000     0.0162   2.999537     0.0163   2.999825    1.70254    -0.1013    13.8155 0.0000e+00  -60.61617  -54.71983 1153459269 202.223040    34.6602 0.0000e+00
   2857.000     0.0163   2.999576     0.0163   2.999850    1.67493    -0.1241    13.8155 0.0000e+00  -60.61617  -54.71983 1153459270 202.223049    34.6601 0.0000e+00
   2858.000     0.0162   2.999611     0.0163   2.999881    1.63671    -0.1022    13.8155 0.0000e+00  -60.61617  -54.71983 1153459271 202.223064    34.6602 0.0000e+00
   2859.000     0.0163   2.999646     0.0164   2.999926    1.60253    -0.1055    13.8155 0.0000e+00  -60.61617  -54.71983 1153459274 202.223095    34.6600 0.0000e+00
   2860.000     0.0154   2.999613     0.0153   2.999877    1.58161    -0.0978    13.8155 0.0000e+00  -60.61617  -54.71983 1153459276 202.223123    34.6602 0.0000e+00
   2861.000     0.0153   2.999632     0.0151   2.999903    1.57940    -0.1064    13.8155 0.0000e+00  -60.61617  -54.71983 1153459278 202.223138    34.6600 0.0000e+00
   2862.000     0.0146   2.999614     0.0145   2.999898    1.57959    -0.1024    13.8155 0.0000e+00  -60.61617  -54.71983 1153459278 202.223149    34.6600 0.0000e+00
   2863.000     0.0142   2.999605     0.0141   2.999889    1.57974    -0.1200    13.8155 0.0000e+00  -60.61617  -54.71983 1153459279 202.223159    34.6600 0.0000e+00
   2864.000     0.0131   2.999564     0.0130   2.999835    1.57849    -0.1279    13.8155 0.0000e+00  -60.61617  -54.71983 1153459280 202.223168    34.6600 0.0000e+00
   2865.000     0.0128   2.999557     0.0125   2.999827    1.57337    -0.1122    13.8155 0.0000e+00  -60.61617  -54.71983 1153459281 202.223178    34.6598 0.0000e+00
   2866.000     0.0119   2.999521     0.0118   2.999785    1.57336    -0.1180    13.8155 0.0000e+00  -60.61617  -54.71983 1153459282 202.223190    34.6599 0.0000e+00
   2867.000     0.0112   2.999496     0.0112   2.999770    1.57369    -0.1069    13.8155 0.0000e+00  -60.61617  -54.71983 1153459284 202.223211    34.6599 0.0000e+00
   2868.000     0.0108   2.999493     0.0108   2.999778    1.57403    -0.1087    13.8155 0.0000e+00  -60.61617  -54.71983 1153459286 202.223232    34.6598 0.0000e+00
   2869.000     0.0111   2.999564     0.0110   2.999834    1.57422    -0.1067    13.8155 0.0000e+00  -60.61617  -54.71983 1153459287 202.223248    34.6599 0.0000e+00
   2870.000     0.0105   2.999545     0.0105   2.999820    1.57432    -0.1054    13.8155 0.0000e+00  -60.61617  -54.71983 1153459288 202.223263    34.6598 0.0000e+00
   2871.000     0.0104   2.999580     0.0105   2.999850    1.57448    -0.1108    13.8155 0.0000e+00  -60.61617  -54.71983 1153459289 202.223276    34.6599 0.0000e+00
   2872.000     0.0105   2.999627     0.0107   2.999913    1.57470    -0.1056    13.8155 0.0000e+00  -60.61617  -54.71983 1153459291 202.223291    34.6599 0.0000e+00
   2873.000     0.0109   2.999696     0.0112   2.999992    1.57512    -0.1122    13.8155 0.0000e+00  -60.61617  -54.71983 1153459292 202.223312    34.6598 0.0000e+00
   2874.000     0.0107   2.999716     0.0105   2.999988    1.57549    -0.1008    13.8155 0.0000e+00  -60.61617  -54.71983 1153459294 202.223332    34.6599 0.0000e+00
   2875.000     0.0108   2.999761     0.0106   3.000031    1.57570    -0.1013    13.8155 0.0000e+00  -60.61617  -54.71983 1153459295 202.223345    34.6598 0.0000e+00
   2876.000     0.0105   2.999779     0.0105   3.000048    1.57587    -0.1046    13.8155 0.0000e+00  -60.61617  -54.71983 1153459296 202.223357    34.6599 0.0000e+00
   2877.000     0.0100   2.999776     0.0100   3.000048    1.57604    -0.1191    13.8155 0.0000e+00  -60.61617  -54.71983 1153459297 202.223368    34.6599 0.0000e+00
   2878.000     0.0100   2.999806     0.0100   3.000078    1.57612    -0.1126    13.8155 0.0000e+00  -60.61617  -54.71983 1153459298 202.223381    34.6599 0.0000e+00
   2879.000     0.0100   2.999844     0.0100   3.000117    1.57617    -0.1071    13.8155 0.0000e+00  -60.61617  -54.71983 1153459300 202.223393    34.6598 0.0000e+00
   2880.000     0.0102   2.999895     0.0105   3.000195    1.57626    -0.1067    13.8155 0.0000e+00  -60.61617  -54.71983 1153459301 202.223407    34.6598 0.0000e+00
   2881.000     0.0098   2.999898     0.0099   3.000176    1.57672    -0.1031    13.8155 0.0000e+00  -60.61617  -54.71983 1153459303 202.223429    34.6597 0.0000e+00
   2882.000     0.0094   2.999912     0.0095   3.000195    1.57752    -0.1162    13.8155 0.0000e+00  -60.61617  -54.71983 1153459306 202.223463    34.6598 0.0000e+00
   2883.000     0.0092   2.999926     0.0092   3.000207    1.57770    -0.1098    13.8155 0.0000e+00  -60.61617  -54.71983 1153459307 202.223474    34.6597 0.0000e+00
   2884.000     0.0092   2.999962     0.0091   3.000240    1.57767    -0.1057    13.8155 0.0000e+00  -60.61617  -54.71983 1153459307 202.223484    34.6598 0.0000e+00
   2885.000     0.0090   2.999981     0.0090   3.000255    1.57764    -0.1199    13.8155 0.0000e+00  -60.61617  -54.71983 1153459308 202.223493    34.6597 0.0000e+00
   2886.000     0.0089   2.999997     0.0089   3.000278    1.57770    -0.1091    13.8155 0.0000e+00  -60.61617  -54.71983 1153459309 202.223501    34.6596 0.0000e+00
   2887.000     0.0088   3.000028     0.0087   3.000304    1.57783    -0.1117    13.8155 0.0000e+00  -60.61617  -54.71983 1153459310 202.223511    34.6596 0.0000e+00
   2888.000     0.0079   2.999994     0.0077   3.000247    1.57927    -0.1114    13.8155 0.0000e+00  -60.61617  -54.71983 1153459312 202.223541    34.6597 0.0000e+00
   2889.000     0.0077   3.000012     0.0080   3.000317    1.58590    -0.1048    13.8155 0.0000e+00  -60.61617  -54.71983 1153459315 202.223568    34.6596 0.0000e+00
   2890.000     0.0074   3.000035     0.0074   3.000305    1.58575    -0.1241    13.8155 0.0000e+00  -60.61617  -54.71983 1153459315 202.223578    34.6598 0.0000e+00
   2891.000     0.0075   3.000080     0.0076   3.000357    1.58582    -0.1095    13.8155 0.0000e+00  -60.61617  -54.71983 1153459316 202.223587    34.6597 0.0000e+00
   2892.000     0.0077   3.000128     0.0076   3.000395    1.58590    -0.1080    13.8155 0.0000e+00  -60.61617  -54.71983 1153459317 202.223597    34.6597 0.0000e+00
   2893.000     0.0075   3.000142     0.0074   3.000418    1.58742    -0.1139    13.8155 0.0000e+00  -60.61617  -54.71983 1153459318 202.223608    34.6596 0.0000e+00
   2894.000     0.0074   3.000178     0.0074   3.000449    1.59233    -0.0988    13.8155 0.0000e+00  -60.61617  -54.71983 1153459320 202.223628    34.6597 0.0000e+00
   2895.000     0.0077   3.000226     0.0076   3.000506    1.60352    -0.1110    13.8155 0.0000e+00  -60.61617  -54.71983 1153459322 202.223652    34.6595 0.0000e+00
   2896.000     0.0074   3.000254     0.0074   3.000534    1.60912    -0.1106    13.8155 0.0000e+00  -60.61617  -54.71983 1153459323 202.223667    34.6596 0.0000e+00
   2897.000     0.0070   3.000262     0.0071   3.000537    1.60992    -0.1045    13.8155 0.0000e+00  -60.61617  -54.71983 1153459324 202.223680    34.6597 0.0000e+00
   2898.000     0.0067   3.000274     0.0068   3.000544    1.61401    -0.0950    13.8155 0.0000e+00  -60.61617  -54.71983 1153459325 202.223693    34.6597 0.0000e+00
   2899.000     0.0069   3.000318     0.0068   3.000582    1.61631    -0.1024    13.8155 0.0000e+00  -60.61617  -54.71983 1153459327 202.223706    34.6596 0.0000e+00
   2900.000     0.0066   3.000325     0.0065   3.000604    1.62115    -0.1053    13.8155 0.0000e+00  -60.61617  -54.71983 1153459328 202.223721    34.6595 0.0000e+00
   2901.000     0.0063   3.000345     0.0063   3.000618    1.62420    -0.1054    13.8155 0.0000e+00  -60.61617  -54.71983 1153459329 202.223735    34.6597 0.0000e+00
