product_data/regression_test/downloaded_data/MGDS/320620060703/ctd/adapted/heads_insert_p6608801.cnv
* Sea-Bird SBE 9 Data File:
* FileName = D:\Data\Raw\P6608801.dat
* Software Version Seasave Win32 V 5.32
* Temperature SN = 1649
* Conductivity SN = 1431
* Number of Bytes Per Scan = 37
* Number of Voltage Words = 5
* Number of Scans Averaged by the Deck Unit = 1
* NMEA Latitude = 61 29.99 S
* NMEA Longitude = 057 48.72 W
* NMEA UTC (Time) = 08:37:07
** Ship:   Nathaniel B. Palmer 
** Cruise:    NBP0603 p0606
** Cast #: 01
** Station:   88
** Operator: rdd
# nquan = 15
# nvalues = 396                         
# units = specified
# name 0 = prDM: Pressure, Digiquartz [db]
# name 1 = t090C: Temperature [ITS-90, deg C]
# name 2 = c0S/m: Conductivity [S/m]
# name 3 = t190C: Temperature, 2 [ITS-90, deg C]
# name 4 = c1S/m: Conductivity, 2 [S/m]
# name 5 = sbeox0ML/L: Oxygen, SBE 43 [ml/l]
# name 6 = flECO-AFL: Fluorescence, Wetlab ECO-AFL/FL [mg/m^3]
# name 7 = bat: Beam Attenuation, Chelsea/Seatech/Wetlab CStar [1/m]
# name 8 = spar: SPAR/Surface Irradiance
# name 9 = latitude: Latitude [deg]
# name 10 = longitude: Longitude [deg]
# name 11 = timeY: Time, System [seconds]
# name 12 = timeJ: Julian Days
# name 13 = sal00: Salinity [PSU]
# name 14 = flag: flag
# span 0 =      5.000,    400.000       
# span 1 =    -0.8012,     0.7478       
# span 2 =   2.770862,   2.958586       
# span 3 =    -0.8006,     0.7474       
# span 4 =   2.771485,   2.958733       
# span 5 =    5.28418,    7.85238       
# span 6 =    -0.1077,     0.3436       
# span 7 =    13.8155,    13.8155       
# span 8 = 0.0000e+00, 0.0000e+00       
# span 9 =  -61.49983,  -61.49983       
# span 10 =  -57.81200,  -57.81200      
# span 11 = 1152520637, 1152521510      
# span 12 = 191.359236, 191.369350      
# span 13 =    34.1049,    34.6354      
# span 14 = 0.0000e+00, 0.0000e+00      
# interval = decibars: 1                
# start_time = Jul 10 2006 08:37:16
# bad_flag = -9.990e-29
*END*
[from data line 97]
    101.000    -0.4416   2.814480    -0.4401   2.814697    7.15370     0.3099    13.8155 0.0000e+00  -61.49983  -57.81200 1152520929 191.362633    34.2442 0.0000e+00
    102.000    -0.4430   2.814324    -0.4388   2.814867    7.09451     0.3028    13.8155 0.0000e+00  -61.49983  -57.81200 1152520938 191.362730    34.2451 0.0000e+00
    103.000    -0.4296   2.815708    -0.4295   2.815844    7.06651     0.2925    13.8155 0.0000e+00  -61.49983  -57.81200 1152520941 191.362765    34.2480 0.0000e+00
    104.000    -0.4273   2.815985    -0.4258   2.816268    7.05587     0.2884    13.8155 0.0000e+00  -61.49983  -57.81200 1152520941 191.362773    34.2488 0.0000e+00
    105.000    -0.4169   2.817067    -0.4162   2.817250    7.04552     0.2938    13.8155 0.0000e+00  -61.49983  -57.81200 1152520942 191.362782    34.2509 0.0000e+00
    106.000    -0.4066   2.818098    -0.4048   2.818403    7.03602     0.2954    13.8155 0.0000e+00  -61.49983  -57.81200 1152520944 191.362805    34.2524 0.0000e+00
    107.000    -0.4232   2.816416    -0.4221   2.816743    7.04159     0.2792    13.8155 0.0000e+00  -61.49983  -57.81200 1152520952 191.362893    34.2493 0.0000e+00
    108.000    -0.4262   2.816173    -0.4292   2.816107    7.04280     0.2815    13.8155 0.0000e+00  -61.49983  -57.81200 1152520953 191.362903    34.2488 0.0000e+00
    109.000    -0.4475   2.814112    -0.4458   2.814466    7.04518     0.2876    13.8155 0.0000e+00  -61.49983  -57.81200 1152520955 191.362935    34.2453 0.0000e+00
    110.000    -0.4295   2.815983    -0.4303   2.816076    7.03793     0.2721    13.8155 0.0000e+00  -61.49983  -57.81200 1152520965 191.363045    34.2492 0.0000e+00
    111.000    -0.4193   2.817073    -0.4231   2.816840    7.03114     0.2814    13.8155 0.0000e+00  -61.49983  -57.81200 1152520966 191.363053    34.2512 0.0000e+00
    112.000    -0.4124   2.817789    -0.4104   2.818136    7.02514     0.2734    13.8155 0.0000e+00  -61.49983  -57.81200 1152520966 191.363063    34.2525 0.0000e+00
    113.000    -0.4111   2.817968    -0.4127   2.817941    7.01937     0.2696    13.8155 0.0000e+00  -61.49983  -57.81200 1152520967 191.363074    34.2526 0.0000e+00
    114.000    -0.4104   2.818059    -0.4089   2.818367    7.00776     0.2818    13.8155 0.0000e+00  -61.49983  -57.81200 1152520972 191.363129    34.2526 0.0000e+00
    115.000    -0.4077   2.818376    -0.4061   2.818701    6.99433     0.2821    13.8155 0.0000e+00  -61.49983  -57.81200 1152520979 191.363211    34.2534 0.0000e+00
    116.000    -0.3899   2.820256    -0.3853   2.820717    6.98186     0.3003    13.8155 0.0000e+00  -61.49983  -57.81200 1152520980 191.363219    34.2579 0.0000e+00
    117.000    -0.3702   2.822224    -0.3676   2.822588    6.96778     0.2668    13.8155 0.0000e+00  -61.49983  -57.81200 1152520981 191.363228    34.2607 0.0000e+00
    118.000    -0.3539   2.823868    -0.3508   2.824256    6.95330     0.2935    13.8155 0.0000e+00  -61.49983  -57.81200 1152520984 191.363262    34.2635 0.0000e+00
    119.000    -0.3528   2.824016    -0.3492   2.824545    6.93716     0.3013    13.8155 0.0000e+00  -61.49983  -57.81200 1152520989 191.363325    34.2641 0.0000e+00
    120.000    -0.3410   2.825238    -0.3384   2.825636    6.92078     0.2888    13.8155 0.0000e+00  -61.49983  -57.81200 1152520993 191.363365    34.2666 0.0000e+00
    121.000    -0.3380   2.825597    -0.3302   2.826494    6.90309     0.2852    13.8155 0.0000e+00  -61.49983  -57.81200 1152520995 191.363393    34.2676 0.0000e+00
    122.000    -0.2884   2.830694    -0.2802   2.831452    6.86387     0.2643    13.8155 0.0000e+00  -61.49983  -57.81200 1152520999 191.363443    34.2786 0.0000e+00
    123.000    -0.2606   2.833471    -0.2582   2.833825    6.84782     0.2746    13.8155 0.0000e+00  -61.49983  -57.81200 1152521000 191.363455    34.2825 0.0000e+00
    124.000    -0.2507   2.834581    -0.2486   2.834867    6.81126     0.2633    13.8155 0.0000e+00  -61.49983  -57.81200 1152521005 191.363513    34.2865 0.0000e+00
    125.000    -0.2252   2.837145    -0.2273   2.837041    6.79160     0.2596    13.8155 0.0000e+00  -61.49983  -57.81200 1152521008 191.363546    34.2907 0.0000e+00
    126.000    -0.2375   2.835932    -0.2379   2.836050    6.78369     0.2506    13.8155 0.0000e+00  -61.49983  -57.81200 1152521009 191.363554    34.2882 0.0000e+00
    127.000    -0.2204   2.837725    -0.2189   2.837961    6.76410     0.2719    13.8155 0.0000e+00  -61.49983  -57.81200 1152521011 191.363576    34.2923 0.0000e+00
    128.000    -0.1552   2.844468    -0.1516   2.844823    6.68218     0.2122    13.8155 0.0000e+00  -61.49983  -57.81200 1152521017 191.363645    34.3078 0.0000e+00
    129.000    -0.1219   2.847998    -0.1190   2.848328    6.63755     0.2174    13.8155 0.0000e+00  -61.49983  -57.81200 1152521020 191.363678    34.3161 0.0000e+00
    130.000    -0.1106   2.849191    -0.1052   2.849833    6.58211     0.1916    13.8155 0.0000e+00  -61.49983  -57.81200 1152521025 191.363747    34.3201 0.0000e+00
    131.000    -0.0997   2.850347    -0.0985   2.850574    6.57461     0.1929    13.8155 0.0000e+00  -61.49983  -57.81200 1152521027 191.363761    34.3223 0.0000e+00
    132.000    -0.0992   2.850444    -0.0976   2.850721    6.56653     0.1906    13.8155 0.0000e+00  -61.49983  -57.81200 1152521028 191.363775    34.3227 0.0000e+00
    133.000    -0.0993   2.850465    -0.0979   2.850725    6.55240     0.1928    13.8155 0.0000e+00  -61.49983  -57.81200 1152521032 191.363821    34.3232 0.0000e+00
    134.000    -0.0960   2.850859    -0.0945   2.851124    6.54171     0.1877    13.8155 0.0000e+00  -61.49983  -57.81200 1152521036 191.363874    34.3244 0.0000e+00
    135.000    -0.0863   2.851912    -0.0843   2.852232    6.52768     0.1736    13.8155 0.0000e+00  -61.49983  -57.81200 1152521041 191.363923    34.3269 0.0000e+00
    136.000    -0.0879   2.851785    -0.0880   2.851919    6.52349     0.1726    13.8155 0.0000e+00  -61.49983  -57.81200 1152521042 191.363938    34.3264 0.0000e+00
    137.000    -0.0822   2.852494    -0.0790   2.852852    6.51071     0.1596    13.8155 0.0000e+00  -61.49983  -57.81200 1152521043 191.363951    34.3292 0.0000e+00
    138.000    -0.0473   2.856085    -0.0402   2.856781    6.49657     0.1730    13.8155 0.0000e+00  -61.49983  -57.81200 1152521044 191.363963    34.3362 0.0000e+00
    139.000    -0.0109   2.859832    -0.0110   2.859861    6.47103     0.1719    13.8155 0.0000e+00  -61.49983  -57.81200 1152521046 191.363980    34.3433 0.0000e+00
    140.000    -0.0459   2.856971    -0.0512   2.856338    6.41961     0.1556    13.8155 0.0000e+00  -61.49983  -57.81200 1152521056 191.364099    34.3492 0.0000e+00
    141.000     0.0523   2.866712     0.0609   2.867831    6.39294     0.1477    13.8155 0.0000e+00  -61.49983  -57.81200 1152521056 191.364103    34.3614 0.0000e+00
    142.000     0.1094   2.872539     0.1112   2.872771    6.36613     0.1639    13.8155 0.0000e+00  -61.49983  -57.81200 1152521057 191.364109    34.3719 0.0000e+00
    143.000     0.1287   2.874464     0.1289   2.874581    6.34763     0.1546    13.8155 0.0000e+00  -61.49983  -57.81200 1152521057 191.364115    34.3743 0.0000e+00
    144.000     0.1200   2.873491     0.1220   2.873749    6.31816     0.1702    13.8155 0.0000e+00  -61.49983  -57.81200 1152521061 191.364157    34.3709 0.0000e+00
    145.000     0.0792   2.869434     0.0879   2.870334    6.27177     0.1219    13.8155 0.0000e+00  -61.49983  -57.81200 1152521069 191.364246    34.3674 0.0000e+00
    146.000     0.1015   2.871675     0.0981   2.871277    6.26459     0.1420    13.8155 0.0000e+00  -61.49983  -57.81200 1152521069 191.364254    34.3714 0.0000e+00
    147.000     0.1178   2.873412     0.1225   2.873884    6.25328     0.1467    13.8155 0.0000e+00  -61.49983  -57.81200 1152521073 191.364295    34.3749 0.0000e+00
    148.000     0.1274   2.874450     0.1328   2.875036    6.23559     0.1647    13.8155 0.0000e+00  -61.49983  -57.81200 1152521081 191.364392    34.3778 0.0000e+00
    149.000     0.1324   2.874986     0.1339   2.875230    6.22966     0.1846    13.8155 0.0000e+00  -61.49983  -57.81200 1152521082 191.364401    34.3782 0.0000e+00
    150.000     0.1348   2.875245     0.1361   2.875477    6.22235     0.1971    13.8155 0.0000e+00  -61.49983  -57.81200 1152521083 191.364417    34.3784 0.0000e+00
    151.000     0.1329   2.875119     0.1348   2.875401    6.21164     0.2142    13.8155 0.0000e+00  -61.49983  -57.81200 1152521089 191.364477    34.3789 0.0000e+00
    152.000     0.1408   2.875936     0.1427   2.876206    6.20660     0.2175    13.8155 0.0000e+00  -61.49983  -57.81200 1152521090 191.364489    34.3801 0.0000e+00
    153.000     0.1476   2.876697     0.1489   2.876924    6.20218     0.2286    13.8155 0.0000e+00  -61.49983  -57.81200 1152521091 191.364500    34.3817 0.0000e+00
    154.000     0.1518   2.877241     0.1534   2.877615    6.20069     0.2324    13.8155 0.0000e+00  -61.49983  -57.81200 1152521095 191.364553    34.3836 0.0000e+00
    155.000     0.1524   2.877479     0.1548   2.877852    6.19664     0.2403    13.8155 0.0000e+00  -61.49983  -57.81200 1152521100 191.364611    34.3857 0.0000e+00
    156.000     0.1499   2.877453     0.1507   2.877703    6.19133     0.2399    13.8155 0.0000e+00  -61.49983  -57.81200 1152521101 191.364616    34.3874 0.0000e+00
    157.000     0.1497   2.877503     0.1506   2.877740    6.18666     0.2451    13.8155 0.0000e+00  -61.49983  -57.81200 1152521101 191.364623    34.3879 0.0000e+00
    158.000     0.1467   2.877261     0.1467   2.877455    6.18516     0.2461    13.8155 0.0000e+00  -61.49983  -57.81200 1152521102 191.364630    34.3874 0.0000e+00
    159.000     0.1384   2.876657     0.1387   2.876899    6.18615     0.2445    13.8155 0.0000e+00  -61.49983  -57.81200 1152521102 191.364636    34.3885 0.0000e+00
    160.000     0.1406   2.876856     0.1410   2.877108    6.18217     0.2340    13.8155 0.0000e+00  -61.49983  -57.81200 1152521107 191.364690    34.3881 0.0000e+00
    161.000     0.1441   2.877016     0.1445   2.877260    6.17988     0.1794    13.8155 0.0000e+00  -61.49983  -57.81200 1152521111 191.364731    34.3856 0.0000e+00
    162.000     0.1440   2.877369     0.1451   2.877662    6.17828     0.1730    13.8155 0.0000e+00  -61.49983  -57.81200 1152521111 191.364739    34.3901 0.0000e+00
    163.000     0.1464   2.878170     0.1476   2.878417    6.17367     0.1560    13.8155 0.0000e+00  -61.49983  -57.81200 1152521112 191.364752    34.3970 0.0000e+00
    164.000     0.1440   2.878090     0.1452   2.878343    6.16926     0.1509    13.8155 0.0000e+00  -61.49983  -57.81200 1152521114 191.364767    34.3981 0.0000e+00
    165.000     0.1446   2.878000     0.1458   2.878239    6.16883     0.1714    13.8155 0.0000e+00  -61.49983  -57.81200 1152521117 191.364807    34.3956 0.0000e+00
    166.000     0.1447   2.878063     0.1460   2.878290    6.17100     0.1635    13.8155 0.0000e+00  -61.49983  -57.81200 1152521121 191.364855    34.3959 0.0000e+00
    167.000     0.1471   2.878642     0.1483   2.878910    6.16812     0.1640    13.8155 0.0000e+00  -61.49983  -57.81200 1152521123 191.364870    34.4001 0.0000e+00
    168.000     0.1488   2.878899     0.1502   2.879140    6.16367     0.1430    13.8155 0.0000e+00  -61.49983  -57.81200 1152521123 191.364881    34.4011 0.0000e+00
    169.000     0.1452   2.878781     0.1463   2.879105    6.16227     0.1329    13.8155 0.0000e+00  -61.49983  -57.81200 1152521124 191.364890    34.4026 0.0000e+00
    170.000     0.1345   2.878116     0.1367   2.878436    6.15845     0.1446    13.8155 0.0000e+00  -61.49983  -57.81200 1152521125 191.364898    34.4060 0.0000e+00
    171.000     0.1397   2.878643     0.1450   2.879127    6.15573     0.1262    13.8155 0.0000e+00  -61.49983  -57.81200 1152521126 191.364905    34.4051 0.0000e+00
    172.000     0.1388   2.878522     0.1393   2.878758    6.15559     0.1467    13.8155 0.0000e+00  -61.49983  -57.81200 1152521127 191.364926    34.4049 0.0000e+00
    173.000     0.1395   2.878586     0.1393   2.878767    6.16645     0.1531    13.8155 0.0000e+00  -61.49983  -57.81200 1152521133 191.364985    34.4044 0.0000e+00
    174.000     0.1367   2.878472     0.1379   2.878709    6.16698     0.1655    13.8155 0.0000e+00  -61.49983  -57.81200 1152521133 191.364995    34.4054 0.0000e+00
    175.000     0.0983   2.875416     0.1011   2.875835    6.16841     0.1784    13.8155 0.0000e+00  -61.49983  -57.81200 1152521134 191.365005    34.4084 0.0000e+00
    176.000     0.0927   2.875006     0.0973   2.875590    6.17348     0.2035    13.8155 0.0000e+00  -61.49983  -57.81200 1152521135 191.365014    34.4090 0.0000e+00
    177.000     0.0926   2.875023     0.0933   2.875278    6.17938     0.1590    13.8155 0.0000e+00  -61.49983  -57.81200 1152521136 191.365027    34.4087 0.0000e+00
    178.000     0.0987   2.875594     0.0985   2.875745    6.18201     0.1273    13.8155 0.0000e+00  -61.49983  -57.81200 1152521139 191.365058    34.4083 0.0000e+00
    179.000     0.0949   2.875352     0.0930   2.875420    6.18866     0.1220    13.8155 0.0000e+00  -61.49983  -57.81200 1152521141 191.365082    34.4085 0.0000e+00
    180.000     0.0884   2.874911     0.0892   2.875147    6.18812     0.1131    13.8155 0.0000e+00  -61.49983  -57.81200 1152521142 191.365096    34.4095 0.0000e+00
    181.000     0.0878   2.874900     0.0889   2.875159    6.19311     0.1397    13.8155 0.0000e+00  -61.49983  -57.81200 1152521143 191.365112    34.4094 0.0000e+00
    182.000     0.0641   2.872878     0.0606   2.872850    6.19952     0.1229    13.8155 0.0000e+00  -61.49983  -57.81200 1152521145 191.365132    34.4089 0.0000e+00
    183.000     0.0589   2.872541     0.0618   2.872958    6.20327     0.1163    13.8155 0.0000e+00  -61.49983  -57.81200 1152521147 191.365148    34.4099 0.0000e+00
    184.000     0.0578   2.872490     0.0612   2.872962    6.21020     0.1275    13.8155 0.0000e+00  -61.49983  -57.81200 1152521148 191.365161    34.4099 0.0000e+00
    185.000     0.0515   2.871984     0.0441   2.871569    6.23164     0.1213    13.8155 0.0000e+00  -61.49983  -57.81200 1152521151 191.365204    34.4092 0.0000e+00
    186.000     0.0242   2.869676     0.0221   2.869841    6.24275     0.1243    13.8155 0.0000e+00  -61.49983  -57.81200 1152521154 191.365230    34.4095 0.0000e+00
    187.000     0.0068   2.868384     0.0083   2.868771    6.24409     0.1225    13.8155 0.0000e+00  -61.49983  -57.81200 1152521154 191.365238    34.4117 0.0000e+00
    188.000    -0.0032   2.867577    -0.0029   2.867883    6.24928     0.1203    13.8155 0.0000e+00  -61.49983  -57.81200 1152521155 191.365245    34.4115 0.0000e+00
    189.000    -0.0168   2.866429    -0.0165   2.866750    6.25215     0.1070    13.8155 0.0000e+00  -61.49983  -57.81200 1152521156 191.365252    34.4114 0.0000e+00
    190.000    -0.0265   2.865650    -0.0262   2.865970    6.25660     0.1037    13.8155 0.0000e+00  -61.49983  -57.81200 1152521156 191.365259    34.4114 0.0000e+00
    191.000    -0.0360   2.864931    -0.0349   2.865254    6.26043     0.1099    13.8155 0.0000e+00  -61.49983  -57.81200 1152521158 191.365274    34.4121 0.0000e+00
    192.000    -0.0135   2.866953    -0.0178   2.866806    6.26858     0.1032    13.8155 0.0000e+00  -61.49983  -57.81200 1152521164 191.365348    34.4111 0.0000e+00
    193.000    -0.0403   2.864799    -0.0455   2.864784    6.26787     0.1022    13.8155 0.0000e+00  -61.49983  -57.81200 1152521164 191.365355    34.4120 0.0000e+00
    194.000    -0.0699   2.863070    -0.0693   2.863403    6.26442     0.0766    13.8155 0.0000e+00  -61.49983  -57.81200 1152521165 191.365363    34.4239 0.0000e+00
    195.000    -0.0679   2.864286    -0.0669   2.864589    6.26162     0.0971    13.8155 0.0000e+00  -61.49983  -57.81200 1152521166 191.365371    34.4369 0.0000e+00
