product_data/regression_test/downloaded_data/MGDS/320620060703/ctd/adapted/heads_insert_p6617609.cnv
* Sea-Bird SBE 9 Data File:
* FileName = D:\Data\Raw\p6617609.dat
* Software Version Seasave Win32 V 5.32
* Temperature SN = 1649
* Conductivity SN = 1431
* Number of Bytes Per Scan = 37
* Number of Voltage Words = 5
* Number of Scans Averaged by the Deck Unit = 1
* NMEA Latitude = 60 36.97 S
* NMEA Longitude = 054 43.19 W
* NMEA UTC (Time) = 12:39:49
** Ship:   Nathaniel B. Palmer 
** Cruise:    NBP0606 
# nquan = 15
# nvalues = 290                         
# units = specified
# name 0 = prDM: Pressure, Digiquartz [db]
# name 1 = t090C: Temperature [ITS-90, deg C]
# name 2 = c0S/m: Conductivity [S/m]
# name 3 = t190C: Temperature, 2 [ITS-90, deg C]
# name 4 = c1S/m: Conductivity, 2 [S/m]
# name 5 = sbeox0ML/L: Oxygen, SBE 43 [ml/l]
# name 6 = flECO-AFL: Fluorescence, Wetlab ECO-AFL/FL [mg/m^3]
# name 7 = bat: Beam Attenuation, Chelsea/Seatech/Wetlab CStar [1/m]
# name 8 = spar: SPAR/Surface Irradiance
# name 9 = latitude: Latitude [deg]
# name 10 = longitude: Longitude [deg]
# name 11 = timeY: Time, System [seconds]
# name 12 = timeJ: Julian Days
# name 13 = sal00: Salinity [PSU]
# name 14 = flag: flag
# span 0 =     13.000,    302.000       
# span 1 =    -0.7577,     1.2346       
# span 2 =   2.778458,   2.991109       
# span 3 =    -0.7586,     1.2484       
# span 4 =   2.779172,   2.992753       
# span 5 =    4.98556,    7.70321       
# span 6 =    -0.0883,     0.3270       
# span 7 =    13.8155,    13.8155       
# span 8 = 4.6925e+00, 1.5484e+01       
# span 9 =  -60.61617,  -60.61617       
# span 10 =  -54.71983,  -54.71983      
# span 11 = 1153485594, 1153486194      
# span 12 = 202.527731, 202.534679      
# span 13 =    34.1726,    34.5720      
# span 14 = 0.0000e+00, 0.0000e+00      
# interval = decibars: 1                
# start_time = Jul 21 2006 12:39:57
# bad_flag = -9.990e-29
*END*
[from data line 97]
    109.000    -0.4207   2.820364    -0.4196   2.820891    7.03067     0.2891    13.8155 -9.990e-29  -60.61617  -54.71983 1153485846 202.530651    34.3031 0.0000e+00
    110.000    -0.4109   2.821373    -0.4106   2.821833    7.03606     0.2618    13.8155 -9.990e-29  -60.61617  -54.71983 1153485847 202.530666    34.3038 0.0000e+00
    111.000    -0.4279   2.819920    -0.4280   2.820483    7.03990     0.2580    13.8155 -9.990e-29  -60.61617  -54.71983 1153485848 202.530679    34.3025 0.0000e+00
    112.000    -0.4492   2.818259    -0.4503   2.818657    7.04461     0.2463    13.8155 -9.990e-29  -60.61617  -54.71983 1153485849 202.530691    34.3043 0.0000e+00
    113.000    -0.4650   2.816943    -0.4648   2.817507    7.04228     0.2241    13.8155 -9.990e-29  -60.61617  -54.71983 1153485851 202.530704    34.3037 0.0000e+00
    114.000    -0.4808   2.815790    -0.4800   2.816316    7.04868     0.2015    13.8155 -9.990e-29  -60.61617  -54.71983 1153485852 202.530724    34.3054 0.0000e+00
    115.000    -0.4718   2.816849    -0.4679   2.817500    7.03682     0.1925    13.8155 -9.990e-29  -60.61617  -54.71983 1153485854 202.530743    34.3085 0.0000e+00
    116.000    -0.4022   2.823447    -0.3990   2.823908    7.00666     0.1867    13.8155 -9.990e-29  -60.61617  -54.71983 1153485855 202.530756    34.3153 0.0000e+00
    117.000    -0.3551   2.827853    -0.3535   2.828168    6.97866     0.1735    13.8155 -9.990e-29  -60.61617  -54.71983 1153485856 202.530768    34.3191 0.0000e+00
    118.000    -0.3356   2.829608    -0.3354   2.829998    6.94820     0.1678    13.8155 -9.990e-29  -60.61617  -54.71983 1153485857 202.530783    34.3188 0.0000e+00
    119.000    -0.3364   2.829646    -0.3351   2.830099    6.91465     0.1612    13.8155 -9.990e-29  -60.61617  -54.71983 1153485859 202.530798    34.3202 0.0000e+00
    120.000    -0.3173   2.831591    -0.3150   2.832010    6.90871     0.1459    13.8155 -9.990e-29  -60.61617  -54.71983 1153485860 202.530809    34.3241 0.0000e+00
    121.000    -0.3055   2.832634    -0.2999   2.833457    6.88414     0.1425    13.8155 -9.990e-29  -60.61617  -54.71983 1153485860 202.530819    34.3236 0.0000e+00
    122.000    -0.2778   2.835286    -0.2761   2.835679    6.83951     0.1345    13.8155 -9.990e-29  -60.61617  -54.71983 1153485861 202.530831    34.3269 0.0000e+00
    123.000    -0.2437   2.838476    -0.2598   2.837268    6.77958     0.1290    13.8155 -9.990e-29  -60.61617  -54.71983 1153485864 202.530859    34.3305 0.0000e+00
    124.000    -0.1808   2.844297    -0.1961   2.842867    6.71397     0.1143    13.8155 -9.990e-29  -60.61617  -54.71983 1153485866 202.530883    34.3355 0.0000e+00
    125.000    -0.0902   2.853093    -0.0811   2.853524    6.66337     0.1241    13.8155 -9.990e-29  -60.61617  -54.71983 1153485867 202.530894    34.3493 0.0000e+00
    126.000    -0.0275   2.858603    -0.0281   2.858667    6.62339     0.1219    13.8155 -9.990e-29  -60.61617  -54.71983 1153485868 202.530903    34.3483 0.0000e+00
    127.000     0.0073   2.861990     0.0151   2.862654    6.58716     0.1036    13.8155 -9.990e-29  -60.61617  -54.71983 1153485869 202.530912    34.3533 0.0000e+00
    128.000     0.0269   2.863693     0.0284   2.864100    6.55397     0.1124    13.8155 -9.990e-29  -60.61617  -54.71983 1153485869 202.530922    34.3527 0.0000e+00
    129.000     0.0127   2.862494     0.0148   2.862979    6.52894     0.1152    13.8155 -9.990e-29  -60.61617  -54.71983 1153485870 202.530934    34.3538 0.0000e+00
    130.000    -0.0198   2.859621    -0.0194   2.860060    6.50911     0.1067    13.8155 -9.990e-29  -60.61617  -54.71983 1153485872 202.530954    34.3538 0.0000e+00
    131.000    -0.0260   2.859299    -0.0263   2.859492    6.47889     0.1033    13.8155 -9.990e-29  -60.61617  -54.71983 1153485874 202.530978    34.3576 0.0000e+00
    132.000    -0.0031   2.861498    -0.0028   2.861775    6.46171     0.1051    13.8155 -9.990e-29  -60.61617  -54.71983 1153485876 202.530996    34.3602 0.0000e+00
    133.000     0.0164   2.863397     0.0150   2.863441    6.43636     0.0755    13.8155 -9.990e-29  -60.61617  -54.71983 1153485877 202.531008    34.3628 0.0000e+00
    134.000     0.0432   2.865974     0.0467   2.866378    6.40330     0.0802    13.8155 -9.990e-29  -60.61617  -54.71983 1153485878 202.531018    34.3670 0.0000e+00
    135.000     0.1307   2.874037     0.1314   2.874201    6.37110     0.0971    13.8155 -9.990e-29  -60.61617  -54.71983 1153485879 202.531028    34.3724 0.0000e+00
    136.000     0.1430   2.875208     0.1436   2.875476    6.34854     0.0966    13.8155 -9.990e-29  -60.61617  -54.71983 1153485880 202.531041    34.3722 0.0000e+00
    137.000     0.1458   2.875538     0.1474   2.875882    6.31072     0.0771    13.8155 -9.990e-29  -60.61617  -54.71983 1153485881 202.531057    34.3735 0.0000e+00
    138.000     0.1879   2.879578     0.1822   2.879083    6.27336     0.0746    13.8155 -9.990e-29  -60.61617  -54.71983 1153485882 202.531073    34.3799 0.0000e+00
    139.000     0.2208   2.882534     0.2235   2.882944    6.23793     0.0752    13.8155 -9.990e-29  -60.61617  -54.71983 1153485884 202.531086    34.3803 0.0000e+00
    140.000     0.2376   2.884197     0.2367   2.884204    6.20716     0.0741    13.8155 -9.990e-29  -60.61617  -54.71983 1153485885 202.531100    34.3834 0.0000e+00
    141.000     0.2713   2.887335     0.2780   2.888084    6.15539     0.0701    13.8155 -9.990e-29  -60.61617  -54.71983 1153485887 202.531124    34.3867 0.0000e+00
    142.000     0.3256   2.892396     0.3239   2.892373    6.11027     0.0644    13.8155 -9.990e-29  -60.61617  -54.71983 1153485888 202.531144    34.3911 0.0000e+00
    143.000     0.3403   2.893921     0.3483   2.894703    6.07864     0.0618    13.8155 -9.990e-29  -60.61617  -54.71983 1153485889 202.531155    34.3950 0.0000e+00
    144.000     0.3997   2.899518     0.4010   2.899611    6.05204     0.0805    13.8155 -9.990e-29  -60.61617  -54.71983 1153485890 202.531164    34.3999 0.0000e+00
    145.000     0.4126   2.900694     0.4154   2.901080    6.01330     0.0400    13.8155 -9.990e-29  -60.61617  -54.71983 1153485891 202.531174    34.4001 0.0000e+00
    146.000     0.4304   2.902409     0.4338   2.902843    5.98495     0.0387    13.8155 -9.990e-29  -60.61617  -54.71983 1153485892 202.531187    34.4026 0.0000e+00
    147.000     0.4469   2.903977     0.4503   2.904433    5.91750     0.0264    13.8155 -9.990e-29  -60.61617  -54.71983 1153485894 202.531207    34.4050 0.0000e+00
    148.000     0.5215   2.911336     0.5311   2.911838    5.86178     0.0131    13.8155 -9.990e-29  -60.61617  -54.71983 1153485895 202.531223    34.4175 0.0000e+00
    149.000     0.6065   2.919004     0.6096   2.919390    5.80957     0.0141    13.8155 -9.990e-29  -60.61617  -54.71983 1153485896 202.531235    34.4188 0.0000e+00
    150.000     0.6029   2.919066     0.6056   2.919103    5.75238     0.0052    13.8155 -9.990e-29  -60.61617  -54.71983 1153485897 202.531247    34.4255 0.0000e+00
    151.000     0.7436   2.932236     0.7466   2.932434    5.66372     0.0051    13.8155 -9.990e-29  -60.61617  -54.71983 1153485899 202.531266    34.4363 0.0000e+00
    152.000     0.7665   2.934377     0.7687   2.934722    5.59721    -0.0079    13.8155 -9.990e-29  -60.61617  -54.71983 1153485901 202.531291    34.4394 0.0000e+00
    153.000     0.7679   2.935200     0.7675   2.934988    5.55471    -0.0185    13.8155 -9.990e-29  -60.61617  -54.71983 1153485902 202.531305    34.4433 0.0000e+00
    154.000     0.8388   2.941663     0.8500   2.942472    5.51967    -0.0010    13.8155 5.8509e+00  -60.61617  -54.71983 1153485903 202.531315    34.4531 0.0000e+00
    155.000     0.8990   2.947321     0.9011   2.947413    5.49579    -0.0244    13.8155 5.8443e+00  -60.61617  -54.71983 1153485904 202.531325    34.4574 0.0000e+00
    156.000     0.9002   2.947297     0.8991   2.947439    5.48989    -0.0169    13.8155 5.8444e+00  -60.61617  -54.71983 1153485905 202.531335    34.4551 0.0000e+00
    157.000     0.8683   2.944466     0.8695   2.944775    5.48573    -0.0149    13.8155 5.8444e+00  -60.61617  -54.71983 1153485906 202.531348    34.4558 0.0000e+00
    158.000     0.8708   2.944758     0.8728   2.945063    5.47575    -0.0205    13.8155 5.8444e+00  -60.61617  -54.71983 1153485908 202.531366    34.4576 0.0000e+00
    159.000     0.8505   2.942707     0.8553   2.943574    5.50434    -0.0353    13.8155 -9.990e-29  -60.61617  -54.71983 1153485909 202.531382    34.4535 0.0000e+00
    160.000     0.7132   2.930074     0.7357   2.932741    5.54444    -0.0354    13.8155 -9.990e-29  -60.61617  -54.71983 1153485910 202.531397    34.4463 0.0000e+00
    161.000     0.6663   2.925831     0.6656   2.926195    5.58439    -0.0345    13.8155 5.8444e+00  -60.61617  -54.71983 1153485912 202.531416    34.4445 0.0000e+00
    162.000     0.6557   2.924940     0.6559   2.925249    5.58691    -0.0448    13.8155 5.8444e+00  -60.61617  -54.71983 1153485914 202.531437    34.4441 0.0000e+00
    163.000     0.6588   2.925273     0.6572   2.925451    5.60386    -0.0460    13.8155 5.8444e+00  -60.61617  -54.71983 1153485915 202.531452    34.4439 0.0000e+00
    164.000     0.6500   2.924549     0.6518   2.925020    5.57989    -0.0435    13.8155 -9.990e-29  -60.61617  -54.71983 1153485916 202.531463    34.4437 0.0000e+00
    165.000     0.6704   2.926969     0.6732   2.926852    5.54304    -0.0601    13.8155 -9.990e-29  -60.61617  -54.71983 1153485917 202.531472    34.4537 0.0000e+00
    166.000     0.8665   2.945266     0.8745   2.945505    5.50565    -0.0398    13.8155 -9.990e-29  -60.61617  -54.71983 1153485918 202.531483    34.4657 0.0000e+00
    167.000     0.9091   2.949020     0.9152   2.949611    5.45288    -0.0530    13.8155 5.8444e+00  -60.61617  -54.71983 1153485919 202.531500    34.4644 0.0000e+00
    168.000     0.9187   2.949974     0.9217   2.950379    5.41173    -0.0655    13.8155 5.8444e+00  -60.61617  -54.71983 1153485921 202.531524    34.4665 0.0000e+00
    169.000     0.9116   2.949350     0.9141   2.949783    5.39255    -0.0482    13.8155 5.8444e+00  -60.61617  -54.71983 1153485923 202.531537    34.4665 0.0000e+00
    170.000     0.9138   2.949596     0.9165   2.950058    5.38764    -0.0532    13.8155 5.8444e+00  -60.61617  -54.71983 1153485923 202.531548    34.4671 0.0000e+00
    171.000     0.9177   2.950015     0.9236   2.950775    5.38655    -0.0510    13.8155 5.8444e+00  -60.61617  -54.71983 1153485924 202.531558    34.4678 0.0000e+00
    172.000     0.8830   2.946858     0.8848   2.947350    5.37832    -0.0497    13.8155 6.6535e+00  -60.61617  -54.71983 1153485925 202.531569    34.4661 0.0000e+00
    173.000     0.9099   2.949588     0.9155   2.950247    5.35230    -0.0489    13.8155 6.3171e+00  -60.61617  -54.71983 1153485927 202.531593    34.4711 0.0000e+00
    174.000     0.9317   2.951811     0.9339   2.951990    5.31453    -0.0722    13.8155 -9.990e-29  -60.61617  -54.71983 1153485930 202.531621    34.4756 0.0000e+00
    175.000     1.0245   2.960575     1.0256   2.960693    5.28425    -0.0581    13.8155 -9.990e-29  -60.61617  -54.71983 1153485931 202.531634    34.4821 0.0000e+00
    176.000     1.0226   2.960409     1.0276   2.961053    5.26258    -0.0748    13.8155 6.0349e+00  -60.61617  -54.71983 1153485932 202.531645    34.4818 0.0000e+00
    177.000     1.0391   2.962266     1.0409   2.962322    5.24106    -0.0633    13.8155 6.4367e+00  -60.61617  -54.71983 1153485933 202.531655    34.4879 0.0000e+00
    178.000     1.0908   2.967044     1.0922   2.967215    5.21855    -0.0607    13.8155 7.4668e+00  -60.61617  -54.71983 1153485934 202.531665    34.4894 0.0000e+00
    179.000     1.0869   2.966762     1.0938   2.967477    5.19964    -0.0623    13.8155 6.5651e+00  -60.61617  -54.71983 1153485934 202.531674    34.4903 0.0000e+00
    180.000     1.1214   2.970149     1.1286   2.970815    5.18335    -0.0563    13.8155 6.5280e+00  -60.61617  -54.71983 1153485935 202.531684    34.4948 0.0000e+00
    181.000     1.1275   2.970660     1.1289   2.970926    5.18056    -0.0589    13.8155 7.1257e+00  -60.61617  -54.71983 1153485936 202.531699    34.4942 0.0000e+00
    182.000     1.1046   2.968436     1.1064   2.968876    5.25639    -0.0581    13.8155 6.7676e+00  -60.61617  -54.71983 1153485939 202.531731    34.4921 0.0000e+00
    183.000     1.0253   2.960675     1.0180   2.961072    5.38314    -0.0577    13.8155 6.1176e+00  -60.61617  -54.71983 1153485941 202.531753    34.4797 0.0000e+00
    184.000     0.6195   2.922687     0.6252   2.925825    5.48984    -0.0532    13.8155 6.0541e+00  -60.61617  -54.71983 1153485942 202.531764    34.4464 0.0000e+00
    185.000     0.3900   2.902985     0.3820   2.903299    5.57593    -0.0678    13.8155 7.0337e+00  -60.61617  -54.71983 1153485943 202.531773    34.4565 0.0000e+00
    186.000     0.3861   2.902831     0.3913   2.903868    5.65555    -0.0710    13.8155 6.1509e+00  -60.61617  -54.71983 1153485944 202.531785    34.4568 0.0000e+00
    187.000     0.3877   2.902973     0.3872   2.903455    5.73577    -0.0622    13.8155 6.6657e+00  -60.61617  -54.71983 1153485945 202.531802    34.4528 0.0000e+00
    188.000     0.4135   2.905619     0.4112   2.905666    5.77358    -0.0647    13.8155 5.9385e+00  -60.61617  -54.71983 1153485947 202.531819    34.4538 0.0000e+00
    189.000     0.4284   2.907024     0.4327   2.907732    5.78620    -0.0718    13.8155 6.4034e+00  -60.61617  -54.71983 1153485948 202.531831    34.4541 0.0000e+00
    190.000     0.4373   2.907854     0.4390   2.908402    5.79044    -0.0539    13.8155 5.8713e+00  -60.61617  -54.71983 1153485949 202.531841    34.4530 0.0000e+00
    191.000     0.4541   2.909562     0.4538   2.909829    5.78972    -0.0637    13.8155 7.2212e+00  -60.61617  -54.71983 1153485950 202.531850    34.4549 0.0000e+00
    192.000     0.4772   2.911835     0.4799   2.912255    5.78045    -0.0532    13.8155 6.4326e+00  -60.61617  -54.71983 1153485951 202.531863    34.4563 0.0000e+00
    193.000     0.5278   2.916574     0.5314   2.917181    5.79085    -0.0591    13.8155 6.6781e+00  -60.61617  -54.71983 1153485953 202.531887    34.4588 0.0000e+00
    194.000     0.5278   2.916671     0.5284   2.917027    5.81046    -0.0676    13.8155 6.1904e+00  -60.61617  -54.71983 1153485955 202.531913    34.4588 0.0000e+00
    195.000     0.5111   2.915116     0.5145   2.915788    5.85447    -0.0659    13.8155 6.2569e+00  -60.61617  -54.71983 1153485957 202.531930    34.4567 0.0000e+00
    196.000     0.2245   2.888614     0.2876   2.895626    5.93038    -0.0584    13.8155 5.9817e+00  -60.61617  -54.71983 1153485958 202.531943    34.4394 0.0000e+00
    197.000     0.0909   2.876752     0.0882   2.877469    5.99334    -0.0673    13.8155 5.8419e+00  -60.61617  -54.71983 1153485959 202.531955    34.4332 0.0000e+00
    198.000     0.0861   2.876552     0.0868   2.877146    6.04063    -0.0786    13.8155 5.8444e+00  -60.61617  -54.71983 1153485959 202.531965    34.4353 0.0000e+00
    199.000     0.0889   2.876787     0.0862   2.877052    6.07538    -0.0727    13.8155 5.8444e+00  -60.61617  -54.71983 1153485960 202.531975    34.4329 0.0000e+00
    200.000     0.0949   2.877391     0.0955   2.877945    6.10726    -0.0601    13.8155 5.8444e+00  -60.61617  -54.71983 1153485961 202.531985    34.4320 0.0000e+00
    201.000     0.0913   2.877173     0.0925   2.877774    6.12974    -0.0661    13.8155 -9.990e-29  -60.61617  -54.71983 1153485962 202.531997    34.4312 0.0000e+00
    202.000     0.0822   2.876452     0.0816   2.876915    6.15546    -0.0582    13.8155 -9.990e-29  -60.61617  -54.71983 1153485964 202.532021    34.4294 0.0000e+00
    203.000     0.0694   2.875481     0.0708   2.876036    6.16811    -0.0518    13.8155 -9.990e-29  -60.61617  -54.71983 1153485967 202.532047    34.4291 0.0000e+00
