product_data/regression_test/downloaded_data/MGDS/320620060703/ctd/adapted/heads_insert_p6617601.cnv
* Sea-Bird SBE 9 Data File:
* FileName = D:\Data\Raw\p6617601.dat
* Software Version Seasave Win32 V 5.32
* Temperature SN = 1649
* Conductivity SN = 1431
* Number of Bytes Per Scan = 37
* Number of Voltage Words = 5
* Number of Scans Averaged by the Deck Unit = 1
* NMEA Latitude = 60 36.97 S
* NMEA Longitude = 054 43.19 W
* NMEA UTC (Time) = 04:16:14
** Ship:   Nathaniel B. Palmer 
** Cruise:    NBP0606 
# nquan = 15
# nvalues = 2993                        
# units = specified
# name 0 = prDM: Pressure, Digiquartz [db]
# name 1 = t090C: Temperature [ITS-90, deg C]
# name 2 = c0S/m: Conductivity [S/m]
# name 3 = t190C: Temperature, 2 [ITS-90, deg C]
# name 4 = c1S/m: Conductivity, 2 [S/m]
# name 5 = sbeox0ML/L: Oxygen, SBE 43 [ml/l]
# name 6 = flECO-AFL: Fluorescence, Wetlab ECO-AFL/FL [mg/m^3]
# name 7 = bat: Beam Attenuation, Chelsea/Seatech/Wetlab CStar [1/m]
# name 8 = spar: SPAR/Surface Irradiance
# name 9 = latitude: Latitude [deg]
# name 10 = longitude: Longitude [deg]
# name 11 = timeY: Time, System [seconds]
# name 12 = timeJ: Julian Days
# name 13 = sal00: Salinity [PSU]
# name 14 = flag: flag
# span 0 =     12.000,   3004.000       
# span 1 =    -0.6092,     1.7623       
# span 2 =   2.790440,   3.036585       
# span 3 =    -0.6096,     1.7632       
# span 4 =   2.791030,   3.036777       
# span 5 =    1.57336,    7.60176       
# span 6 =    -0.1335,     0.3503       
# span 7 =    13.8155,    13.8155       
# span 8 = 0.0000e+00, 0.0000e+00       
# span 9 =  -60.61617,  -60.61617       
# span 10 =  -54.71983,  -54.71983      
# span 11 = 1153455387, 1153459567      
# span 12 = 202.178108, 202.226488      
# span 13 =    34.1661,    34.7195      
# span 14 = 0.0000e+00, 0.0000e+00      
# interval = decibars: 1                
# start_time = Jul 21 2006 04:16:22
# bad_flag = -9.990e-29
*END*
[from data line 868]
    879.000     1.0152   3.006517     1.0156   3.006826    5.10677    -0.0767    13.8155 0.0000e+00  -60.61617  -54.71983 1153456659 202.192833    34.6831 0.0000e+00
    880.000     1.0153   3.006577     1.0157   3.006879    5.10589    -0.0930    13.8155 0.0000e+00  -60.61617  -54.71983 1153456660 202.192846    34.6831 0.0000e+00
    881.000     1.0154   3.006616     1.0157   3.006918    5.10870    -0.0713    13.8155 0.0000e+00  -60.61617  -54.71983 1153456663 202.192872    34.6830 0.0000e+00
    882.000     1.0141   3.006544     1.0139   3.006822    5.11372    -0.0929    13.8155 0.0000e+00  -60.61617  -54.71983 1153456664 202.192893    34.6830 0.0000e+00
    883.000     1.0122   3.006425     1.0126   3.006735    5.11352    -0.0586    13.8155 0.0000e+00  -60.61617  -54.71983 1153456665 202.192905    34.6831 0.0000e+00
    884.000     1.0122   3.006477     1.0126   3.006796    5.11404    -0.0865    13.8155 0.0000e+00  -60.61617  -54.71983 1153456666 202.192914    34.6831 0.0000e+00
    885.000     1.0106   3.006361     1.0109   3.006672    5.11478    -0.0730    13.8155 0.0000e+00  -60.61617  -54.71983 1153456667 202.192923    34.6828 0.0000e+00
    886.000     1.0072   3.006110     1.0075   3.006408    5.11550    -0.0744    13.8155 0.0000e+00  -60.61617  -54.71983 1153456668 202.192933    34.6824 0.0000e+00
    887.000     0.9925   3.004790     0.9922   3.005087    5.11601    -0.0746    13.8155 0.0000e+00  -60.61617  -54.71983 1153456669 202.192947    34.6820 0.0000e+00
    888.000     0.9876   3.004396     0.9878   3.004699    5.11765    -0.0881    13.8155 0.0000e+00  -60.61617  -54.71983 1153456671 202.192969    34.6820 0.0000e+00
    889.000     0.9868   3.004378     0.9869   3.004677    5.11814    -0.0828    13.8155 0.0000e+00  -60.61617  -54.71983 1153456672 202.192982    34.6820 0.0000e+00
    890.000     0.9866   3.004415     0.9871   3.004737    5.12089    -0.0781    13.8155 0.0000e+00  -60.61617  -54.71983 1153456673 202.192993    34.6820 0.0000e+00
    891.000     0.9865   3.004439     0.9867   3.004751    5.12274    -0.0675    13.8155 0.0000e+00  -60.61617  -54.71983 1153456674 202.193005    34.6819 0.0000e+00
    892.000     0.9867   3.004506     0.9870   3.004814    5.12427    -0.0734    13.8155 0.0000e+00  -60.61617  -54.71983 1153456676 202.193028    34.6818 0.0000e+00
    893.000     0.9865   3.004529     0.9865   3.004818    5.12801    -0.0727    13.8155 0.0000e+00  -60.61617  -54.71983 1153456678 202.193054    34.6817 0.0000e+00
    894.000     0.9859   3.004536     0.9862   3.004843    5.13009    -0.0672    13.8155 0.0000e+00  -60.61617  -54.71983 1153456680 202.193069    34.6819 0.0000e+00
    895.000     0.9858   3.004574     0.9862   3.004873    5.12958    -0.0828    13.8155 0.0000e+00  -60.61617  -54.71983 1153456681 202.193080    34.6819 0.0000e+00
    896.000     0.9861   3.004647     0.9863   3.004945    5.12844    -0.0671    13.8155 0.0000e+00  -60.61617  -54.71983 1153456681 202.193090    34.6820 0.0000e+00
    897.000     0.9864   3.004724     0.9867   3.005030    5.12829    -0.0589    13.8155 0.0000e+00  -60.61617  -54.71983 1153456682 202.193100    34.6820 0.0000e+00
    898.000     0.9869   3.004816     0.9873   3.005132    5.12817    -0.0692    13.8155 0.0000e+00  -60.61617  -54.71983 1153456683 202.193109    34.6821 0.0000e+00
    899.000     0.9883   3.005013     0.9889   3.005326    5.12836    -0.1018    13.8155 0.0000e+00  -60.61617  -54.71983 1153456684 202.193120    34.6824 0.0000e+00
    900.000     0.9909   3.005338     0.9915   3.005649    5.12465    -0.0782    13.8155 0.0000e+00  -60.61617  -54.71983 1153456685 202.193133    34.6830 0.0000e+00
    901.000     0.9945   3.005733     0.9951   3.006058    5.11949    -0.0810    13.8155 0.0000e+00  -60.61617  -54.71983 1153456687 202.193151    34.6835 0.0000e+00
    902.000     0.9956   3.005882     0.9961   3.006209    5.11560    -0.0830    13.8155 0.0000e+00  -60.61617  -54.71983 1153456689 202.193181    34.6836 0.0000e+00
    903.000     1.0001   3.006418     1.0011   3.006756    5.11397    -0.0787    13.8155 0.0000e+00  -60.61617  -54.71983 1153456691 202.193201    34.6849 0.0000e+00
    904.000     1.0064   3.007082     1.0067   3.007366    5.11173    -0.0881    13.8155 0.0000e+00  -60.61617  -54.71983 1153456692 202.193212    34.6856 0.0000e+00
    905.000     1.0059   3.007077     1.0064   3.007404    5.11134    -0.0727    13.8155 0.0000e+00  -60.61617  -54.71983 1153456693 202.193222    34.6857 0.0000e+00
    906.000     1.0085   3.007392     1.0092   3.007726    5.10854    -0.0833    13.8155 0.0000e+00  -60.61617  -54.71983 1153456694 202.193232    34.6862 0.0000e+00
    907.000     1.0109   3.007673     1.0115   3.007971    5.10724    -0.0855    13.8155 0.0000e+00  -60.61617  -54.71983 1153456695 202.193243    34.6866 0.0000e+00
    908.000     1.0114   3.007759     1.0119   3.008075    5.10497    -0.0848    13.8155 0.0000e+00  -60.61617  -54.71983 1153456696 202.193256    34.6865 0.0000e+00
    909.000     1.0084   3.007533     1.0085   3.007817    5.10345    -0.0896    13.8155 0.0000e+00  -60.61617  -54.71983 1153456697 202.193271    34.6866 0.0000e+00
    910.000     1.0090   3.007624     1.0091   3.007908    5.10096    -0.0785    13.8155 0.0000e+00  -60.61617  -54.71983 1153456698 202.193287    34.6866 0.0000e+00
    911.000     1.0082   3.007597     1.0083   3.007883    5.10002    -0.0829    13.8155 0.0000e+00  -60.61617  -54.71983 1153456700 202.193303    34.6865 0.0000e+00
    912.000     1.0059   3.007420     1.0059   3.007699    5.09980    -0.0715    13.8155 0.0000e+00  -60.61617  -54.71983 1153456701 202.193319    34.6864 0.0000e+00
    913.000     1.0059   3.007474     1.0065   3.007787    5.09919    -0.0758    13.8155 0.0000e+00  -60.61617  -54.71983 1153456703 202.193334    34.6865 0.0000e+00
    914.000     1.0058   3.007486     1.0062   3.007792    5.10079    -0.0826    13.8155 0.0000e+00  -60.61617  -54.71983 1153456704 202.193353    34.6863 0.0000e+00
    915.000     1.0049   3.007461     1.0053   3.007781    5.10500    -0.0811    13.8155 0.0000e+00  -60.61617  -54.71983 1153456706 202.193372    34.6864 0.0000e+00
    916.000     1.0044   3.007467     1.0047   3.007776    5.10445    -0.0759    13.8155 0.0000e+00  -60.61617  -54.71983 1153456707 202.193386    34.6865 0.0000e+00
    917.000     1.0061   3.007725     1.0066   3.008026    5.10375    -0.0896    13.8155 0.0000e+00  -60.61617  -54.71983 1153456708 202.193397    34.6874 0.0000e+00
    918.000     1.0117   3.008321     1.0120   3.008605    5.10278    -0.0878    13.8155 0.0000e+00  -60.61617  -54.71983 1153456709 202.193407    34.6881 0.0000e+00
    919.000     1.0139   3.008574     1.0142   3.008859    5.09967    -0.0673    13.8155 0.0000e+00  -60.61617  -54.71983 1153456710 202.193417    34.6883 0.0000e+00
    920.000     1.0141   3.008652     1.0144   3.008944    5.09897    -0.0860    13.8155 0.0000e+00  -60.61617  -54.71983 1153456711 202.193429    34.6885 0.0000e+00
    921.000     1.0141   3.008700     1.0146   3.009000    5.09484    -0.0704    13.8155 0.0000e+00  -60.61617  -54.71983 1153456712 202.193447    34.6886 0.0000e+00
    922.000     1.0147   3.008815     1.0150   3.009113    5.09199    -0.0764    13.8155 0.0000e+00  -60.61617  -54.71983 1153456714 202.193466    34.6888 0.0000e+00
    923.000     1.0151   3.008908     1.0153   3.009204    5.09284    -0.0701    13.8155 0.0000e+00  -60.61617  -54.71983 1153456715 202.193482    34.6890 0.0000e+00
    924.000     1.0133   3.008813     1.0136   3.009112    5.09343    -0.0874    13.8155 0.0000e+00  -60.61617  -54.71983 1153456717 202.193497    34.6893 0.0000e+00
    925.000     1.0128   3.008836     1.0131   3.009136    5.09114    -0.0724    13.8155 0.0000e+00  -60.61617  -54.71983 1153456718 202.193511    34.6897 0.0000e+00
    926.000     1.0127   3.008876     1.0130   3.009175    5.08925    -0.0887    13.8155 0.0000e+00  -60.61617  -54.71983 1153456719 202.193525    34.6897 0.0000e+00
    927.000     1.0131   3.008965     1.0134   3.009268    5.08658    -0.0730    13.8155 0.0000e+00  -60.61617  -54.71983 1153456720 202.193539    34.6900 0.0000e+00
    928.000     1.0136   3.009050     1.0139   3.009355    5.08584    -0.0848    13.8155 0.0000e+00  -60.61617  -54.71983 1153456721 202.193553    34.6899 0.0000e+00
    929.000     1.0137   3.009106     1.0139   3.009406    5.08614    -0.0686    13.8155 0.0000e+00  -60.61617  -54.71983 1153456723 202.193567    34.6900 0.0000e+00
    930.000     1.0137   3.009164     1.0140   3.009466    5.08684    -0.0823    13.8155 0.0000e+00  -60.61617  -54.71983 1153456724 202.193582    34.6901 0.0000e+00
    931.000     1.0137   3.009205     1.0140   3.009503    5.08738    -0.0747    13.8155 0.0000e+00  -60.61617  -54.71983 1153456726 202.193604    34.6902 0.0000e+00
    932.000     1.0137   3.009281     1.0141   3.009583    5.08819    -0.0658    13.8155 0.0000e+00  -60.61617  -54.71983 1153456727 202.193623    34.6905 0.0000e+00
    933.000     1.0145   3.009420     1.0148   3.009713    5.08826    -0.0878    13.8155 0.0000e+00  -60.61617  -54.71983 1153456728 202.193635    34.6909 0.0000e+00
    934.000     1.0153   3.009547     1.0156   3.009849    5.08565    -0.0762    13.8155 0.0000e+00  -60.61617  -54.71983 1153456729 202.193645    34.6909 0.0000e+00
    935.000     1.0162   3.009674     1.0165   3.009977    5.08505    -0.0717    13.8155 0.0000e+00  -60.61617  -54.71983 1153456730 202.193654    34.6911 0.0000e+00
    936.000     1.0183   3.009926     1.0185   3.010218    5.08481    -0.0770    13.8155 0.0000e+00  -60.61617  -54.71983 1153456731 202.193662    34.6913 0.0000e+00
    937.000     1.0186   3.010009     1.0189   3.010294    5.08331    -0.0969    13.8155 0.0000e+00  -60.61617  -54.71983 1153456732 202.193671    34.6915 0.0000e+00
    938.000     1.0179   3.009979     1.0185   3.010303    5.08463    -0.0850    13.8155 0.0000e+00  -60.61617  -54.71983 1153456735 202.193707    34.6914 0.0000e+00
    939.000     1.0191   3.010151     1.0192   3.010414    5.08636    -0.0774    13.8155 0.0000e+00  -60.61617  -54.71983 1153456737 202.193730    34.6917 0.0000e+00
    940.000     1.0215   3.010422     1.0220   3.010742    5.08533    -0.1073    13.8155 0.0000e+00  -60.61617  -54.71983 1153456738 202.193741    34.6919 0.0000e+00
    941.000     1.0224   3.010552     1.0227   3.010860    5.08272    -0.0624    13.8155 0.0000e+00  -60.61617  -54.71983 1153456738 202.193751    34.6920 0.0000e+00
    942.000     1.0226   3.010629     1.0230   3.010929    5.08012    -0.0665    13.8155 0.0000e+00  -60.61617  -54.71983 1153456739 202.193760    34.6922 0.0000e+00
    943.000     1.0252   3.010925     1.0255   3.011209    5.07882    -0.0610    13.8155 0.0000e+00  -60.61617  -54.71983 1153456740 202.193770    34.6926 0.0000e+00
    944.000     1.0259   3.011043     1.0262   3.011330    5.07983    -0.0758    13.8155 0.0000e+00  -60.61617  -54.71983 1153456742 202.193787    34.6927 0.0000e+00
    945.000     1.0254   3.011019     1.0260   3.011359    5.08043    -0.0715    13.8155 0.0000e+00  -60.61617  -54.71983 1153456744 202.193814    34.6925 0.0000e+00
    946.000     1.0246   3.011041     1.0247   3.011331    5.07941    -0.0499    13.8155 0.0000e+00  -60.61617  -54.71983 1153456745 202.193827    34.6931 0.0000e+00
    947.000     1.0240   3.011033     1.0243   3.011337    5.07893    -0.0715    13.8155 0.0000e+00  -60.61617  -54.71983 1153456746 202.193836    34.6932 0.0000e+00
    948.000     1.0240   3.011071     1.0242   3.011379    5.07845    -0.0693    13.8155 0.0000e+00  -60.61617  -54.71983 1153456747 202.193846    34.6931 0.0000e+00
    949.000     1.0238   3.011101     1.0242   3.011402    5.07692    -0.0843    13.8155 0.0000e+00  -60.61617  -54.71983 1153456748 202.193865    34.6931 0.0000e+00
    950.000     1.0235   3.011116     1.0237   3.011419    5.07576    -0.0722    13.8155 0.0000e+00  -60.61617  -54.71983 1153456750 202.193886    34.6931 0.0000e+00
    951.000     1.0233   3.011137     1.0236   3.011445    5.07598    -0.0762    13.8155 0.0000e+00  -60.61617  -54.71983 1153456751 202.193898    34.6932 0.0000e+00
    952.000     1.0229   3.011149     1.0230   3.011444    5.07631    -0.0748    13.8155 0.0000e+00  -60.61617  -54.71983 1153456752 202.193910    34.6932 0.0000e+00
    953.000     1.0227   3.011183     1.0230   3.011492    5.07687    -0.0759    13.8155 0.0000e+00  -60.61617  -54.71983 1153456753 202.193922    34.6933 0.0000e+00
    954.000     1.0227   3.011217     1.0229   3.011517    5.07675    -0.0781    13.8155 0.0000e+00  -60.61617  -54.71983 1153456755 202.193936    34.6932 0.0000e+00
    955.000     1.0226   3.011267     1.0230   3.011580    5.07533    -0.0704    13.8155 0.0000e+00  -60.61617  -54.71983 1153456756 202.193948    34.6933 0.0000e+00
    956.000     1.0225   3.011291     1.0228   3.011588    5.07611    -0.0731    13.8155 0.0000e+00  -60.61617  -54.71983 1153456757 202.193960    34.6932 0.0000e+00
    957.000     1.0218   3.011291     1.0222   3.011595    5.07920    -0.0845    13.8155 0.0000e+00  -60.61617  -54.71983 1153456759 202.193988    34.6934 0.0000e+00
    958.000     1.0214   3.011300     1.0219   3.011627    5.08206    -0.0733    13.8155 0.0000e+00  -60.61617  -54.71983 1153456761 202.194018    34.6934 0.0000e+00
    959.000     1.0185   3.011100     1.0188   3.011408    5.08127    -0.0698    13.8155 0.0000e+00  -60.61617  -54.71983 1153456762 202.194025    34.6936 0.0000e+00
    960.000     1.0181   3.011090     1.0182   3.011410    5.07772    -0.0694    13.8155 0.0000e+00  -60.61617  -54.71983 1153456763 202.194033    34.6933 0.0000e+00
    961.000     1.0177   3.011092     1.0178   3.011397    5.07675    -0.0655    13.8155 0.0000e+00  -60.61617  -54.71983 1153456763 202.194040    34.6933 0.0000e+00
    962.000     1.0174   3.011118     1.0176   3.011436    5.07607    -0.0697    13.8155 0.0000e+00  -60.61617  -54.71983 1153456764 202.194048    34.6933 0.0000e+00
    963.000     1.0169   3.011125     1.0172   3.011425    5.07439    -0.0743    13.8155 0.0000e+00  -60.61617  -54.71983 1153456766 202.194063    34.6934 0.0000e+00
    964.000     1.0169   3.011159     1.0176   3.011504    5.07551    -0.0733    13.8155 0.0000e+00  -60.61617  -54.71983 1153456768 202.194093    34.6933 0.0000e+00
    965.000     1.0146   3.011014     1.0150   3.011325    5.07559    -0.0715    13.8155 0.0000e+00  -60.61617  -54.71983 1153456769 202.194106    34.6935 0.0000e+00
    966.000     1.0130   3.010916     1.0134   3.011221    5.07657    -0.0767    13.8155 0.0000e+00  -60.61617  -54.71983 1153456771 202.194122    34.6935 0.0000e+00
    967.000     1.0126   3.010933     1.0130   3.011232    5.07842    -0.0777    13.8155 0.0000e+00  -60.61617  -54.71983 1153456772 202.194143    34.6935 0.0000e+00
    968.000     1.0126   3.010986     1.0129   3.011278    5.07959    -0.0837    13.8155 0.0000e+00  -60.61617  -54.71983 1153456774 202.194160    34.6937 0.0000e+00
    969.000     1.0120   3.010988     1.0122   3.011291    5.08000    -0.0769    13.8155 0.0000e+00  -60.61617  -54.71983 1153456775 202.194171    34.6937 0.0000e+00
    970.000     1.0113   3.010963     1.0114   3.011262    5.08010    -0.0600    13.8155 0.0000e+00  -60.61617  -54.71983 1153456776 202.194181    34.6937 0.0000e+00
    971.000     1.0110   3.010995     1.0114   3.011303    5.08063    -0.0749    13.8155 0.0000e+00  -60.61617  -54.71983 1153456776 202.194189    34.6939 0.0000e+00
    972.000     1.0112   3.011048     1.0114   3.011354    5.08014    -0.0734    13.8155 0.0000e+00  -60.61617  -54.71983 1153456777 202.194198    34.6938 0.0000e+00
    973.000     1.0106   3.011059     1.0110   3.011373    5.07865    -0.0750    13.8155 0.0000e+00  -60.61617  -54.71983 1153456778 202.194208    34.6940 0.0000e+00
