product_data/regression_test/downloaded_data/MGDS/320620060703/ctd/adapted/heads_insert_p6615301.cnv
* Sea-Bird SBE 9 Data File:
* FileName = D:\Data\Raw\p6615301.dat
* Software Version Seasave Win32 V 5.32
* Temperature SN = 1649
* Conductivity SN = 1431
* Number of Bytes Per Scan = 37
* Number of Voltage Words = 5
* Number of Scans Averaged by the Deck Unit = 1
* NMEA Latitude = 60 46.37 S
* NMEA Longitude = 056 15.68 W
* NMEA UTC (Time) = 16:25:35
** Ship:   Nathaniel B. Palmer 
** Cruise:    NBP0606 
# nquan = 15
# nvalues = 1000                        
# units = specified
# name 0 = prDM: Pressure, Digiquartz [db]
# name 1 = t090C: Temperature [ITS-90, deg C]
# name 2 = c0S/m: Conductivity [S/m]
# name 3 = t190C: Temperature, 2 [ITS-90, deg C]
# name 4 = c1S/m: Conductivity, 2 [S/m]
# name 5 = sbeox0ML/L: Oxygen, SBE 43 [ml/l]
# name 6 = flECO-AFL: Fluorescence, Wetlab ECO-AFL/FL [mg/m^3]
# name 7 = bat: Beam Attenuation, Chelsea/Seatech/Wetlab CStar [1/m]
# name 8 = spar: SPAR/Surface Irradiance
# name 9 = latitude: Latitude [deg]
# name 10 = longitude: Longitude [deg]
# name 11 = timeY: Time, System [seconds]
# name 12 = timeJ: Julian Days
# name 13 = sal00: Salinity [PSU]
# name 14 = flag: flag
# span 0 =      2.000,   1001.000       
# span 1 =    -0.7431,     1.2396       
# span 2 =   2.785482,   3.011229       
# span 3 =    -0.7426,     1.2408       
# span 4 =   2.786100,   3.011624       
# span 5 =    4.99208,    7.58397       
# span 6 =    -0.1113,     0.4183       
# span 7 =    13.8155,    13.8155       
# span 8 = 1.2073e+02, 1.9481e+02       
# span 9 =  -60.77283,  -60.77283       
# span 10 =  -56.26133,  -56.26133      
# span 11 = 1153239950, 1153241356      
# span 12 = 199.684627, 199.700894      
# span 13 =    34.1525,    34.6884      
# span 14 = 0.0000e+00, 0.0000e+00      
# interval = decibars: 1                
# start_time = Jul 18 2006 16:25:43
# bad_flag = -9.990e-29
*END*
[from data line 964]
    965.000     0.9846   3.007805     0.9846   3.008185    5.10142    -0.0747    13.8155 1.3496e+02  -60.77283  -56.26133 1153241281 199.700028    34.6854 0.0000e+00
    966.000     0.9848   3.007868     0.9845   3.008224    5.09973    -0.0883    13.8155 1.3616e+02  -60.77283  -56.26133 1153241282 199.700037    34.6854 0.0000e+00
    967.000     0.9853   3.007940     0.9852   3.008314    5.09674    -0.0839    13.8155 1.3533e+02  -60.77283  -56.26133 1153241282 199.700045    34.6852 0.0000e+00
    968.000     0.9846   3.007931     0.9849   3.008325    5.09482    -0.0829    13.8155 1.3454e+02  -60.77283  -56.26133 1153241283 199.700054    34.6853 0.0000e+00
    969.000     0.9847   3.007993     0.9847   3.008372    5.09288    -0.0832    13.8155 1.3471e+02  -60.77283  -56.26133 1153241285 199.700079    34.6855 0.0000e+00
    970.000     0.9848   3.008069     0.9849   3.008444    5.09545    -0.0774    13.8155 1.3427e+02  -60.77283  -56.26133 1153241289 199.700122    34.6858 0.0000e+00
    971.000     0.9847   3.008084     0.9850   3.008474    5.09614    -0.0891    13.8155 1.3333e+02  -60.77283  -56.26133 1153241290 199.700132    34.6855 0.0000e+00
    972.000     0.9834   3.008036     0.9835   3.008419    5.09653    -0.0777    13.8155 1.3403e+02  -60.77283  -56.26133 1153241291 199.700142    34.6858 0.0000e+00
    973.000     0.9838   3.008102     0.9836   3.008476    5.09689    -0.0932    13.8155 1.3429e+02  -60.77283  -56.26133 1153241291 199.700150    34.6857 0.0000e+00
    974.000     0.9838   3.008144     0.9839   3.008536    5.09707    -0.0756    13.8155 1.3442e+02  -60.77283  -56.26133 1153241292 199.700159    34.6857 0.0000e+00
    975.000     0.9838   3.008208     0.9840   3.008604    5.09725    -0.0732    13.8155 1.3442e+02  -60.77283  -56.26133 1153241293 199.700168    34.6859 0.0000e+00
    976.000     0.9826   3.008158     0.9827   3.008524    5.09746    -0.0869    13.8155 1.3442e+02  -60.77283  -56.26133 1153241294 199.700179    34.6860 0.0000e+00
    977.000     0.9829   3.008218     0.9829   3.008585    5.09795    -0.0889    13.8155 1.3431e+02  -60.77283  -56.26133 1153241295 199.700193    34.6860 0.0000e+00
    978.000     0.9831   3.008280     0.9831   3.008657    5.09570    -0.0790    13.8155 1.3280e+02  -60.77283  -56.26133 1153241297 199.700218    34.6860 0.0000e+00
    979.000     0.9831   3.008338     0.9833   3.008723    5.09175    -0.0853    13.8155 1.3095e+02  -60.77283  -56.26133 1153241299 199.700243    34.6861 0.0000e+00
    980.000     0.9839   3.008463     0.9839   3.008827    5.09106    -0.0940    13.8155 1.3058e+02  -60.77283  -56.26133 1153241301 199.700261    34.6863 0.0000e+00
    981.000     0.9831   3.008420     0.9828   3.008776    5.09156    -0.0900    13.8155 1.3077e+02  -60.77283  -56.26133 1153241302 199.700276    34.6860 0.0000e+00
    982.000     0.9841   3.008586     0.9840   3.008950    5.09196    -0.0700    13.8155 1.3155e+02  -60.77283  -56.26133 1153241303 199.700287    34.6865 0.0000e+00
    983.000     0.9845   3.008674     0.9848   3.009068    5.09231    -0.0833    13.8155 1.3057e+02  -60.77283  -56.26133 1153241304 199.700297    34.6866 0.0000e+00
    984.000     0.9846   3.008718     0.9847   3.009105    5.09254    -0.0871    13.8155 1.3158e+02  -60.77283  -56.26133 1153241305 199.700309    34.6865 0.0000e+00
    985.000     0.9846   3.008747     0.9845   3.009124    5.09299    -0.0885    13.8155 1.3018e+02  -60.77283  -56.26133 1153241307 199.700328    34.6864 0.0000e+00
    986.000     0.9845   3.008785     0.9846   3.009176    5.09252    -0.0903    13.8155 1.2961e+02  -60.77283  -56.26133 1153241309 199.700350    34.6864 0.0000e+00
    987.000     0.9849   3.008880     0.9848   3.009233    5.09191    -0.0896    13.8155 1.2968e+02  -60.77283  -56.26133 1153241311 199.700379    34.6867 0.0000e+00
    988.000     0.9866   3.009159     0.9869   3.009553    5.08993    -0.0850    13.8155 1.2961e+02  -60.77283  -56.26133 1153241313 199.700401    34.6877 0.0000e+00
    989.000     0.9825   3.008855     0.9831   3.009274    5.08811    -0.0947    13.8155 -9.990e-29  -60.77283  -56.26133 1153241316 199.700432    34.6879 0.0000e+00
    990.000     0.9827   3.008929     0.9823   3.009277    5.08678    -0.0794    13.8155 -9.990e-29  -60.77283  -56.26133 1153241319 199.700466    34.6880 0.0000e+00
    991.000     0.9819   3.008921     0.9819   3.009304    5.08753    -0.0737    13.8155 1.2831e+02  -60.77283  -56.26133 1153241321 199.700488    34.6882 0.0000e+00
    992.000     0.9810   3.008882     0.9811   3.009272    5.08907    -0.0831    13.8155 1.2674e+02  -60.77283  -56.26133 1153241323 199.700513    34.6883 0.0000e+00
    993.000     0.9795   3.008797     0.9797   3.009190    5.08887    -0.0852    13.8155 1.2476e+02  -60.77283  -56.26133 1153241325 199.700542    34.6883 0.0000e+00
    994.000     0.9733   3.008260     0.9736   3.008666    5.08853    -0.0855    13.8155 -9.990e-29  -60.77283  -56.26133 1153241327 199.700568    34.6879 0.0000e+00
    995.000     0.9712   3.008108     0.9708   3.008456    5.08867    -0.0823    13.8155 -9.990e-29  -60.77283  -56.26133 1153241331 199.700605    34.6877 0.0000e+00
    996.000     0.9675   3.007841     0.9676   3.008225    5.09012    -0.0808    13.8155 1.2396e+02  -60.77283  -56.26133 1153241333 199.700631    34.6878 0.0000e+00
    997.000     0.9665   3.007811     0.9666   3.008190    5.08955    -0.0884    13.8155 1.2360e+02  -60.77283  -56.26133 1153241335 199.700657    34.6880 0.0000e+00
    998.000     0.9667   3.007882     0.9671   3.008291    5.09172    -0.0888    13.8155 1.2305e+02  -60.77283  -56.26133 1153241337 199.700683    34.6880 0.0000e+00
    999.000     0.9664   3.007921     0.9666   3.008301    5.09185    -0.0889    13.8155 -9.990e-29  -60.77283  -56.26133 1153241340 199.700708    34.6882 0.0000e+00
   1000.000     0.9670   3.008018     0.9671   3.008394    5.09002    -0.0830    13.8155 1.2130e+02  -60.77283  -56.26133 1153241343 199.700753    34.6883 0.0000e+00
   1001.000     0.9670   3.008077     0.9672   3.008441    5.08861    -0.0678    13.8155 1.2073e+02  -60.77283  -56.26133 1153241356 199.700894    34.6884 0.0000e+00
