product_data/regression_test/downloaded_data/MGDS/320620060703/ctd/adapted/heads_insert_p6608801.cnv
* Sea-Bird SBE 9 Data File:
* FileName = D:\Data\Raw\P6608801.dat
* Software Version Seasave Win32 V 5.32
* Temperature SN = 1649
* Conductivity SN = 1431
* Number of Bytes Per Scan = 37
* Number of Voltage Words = 5
* Number of Scans Averaged by the Deck Unit = 1
* NMEA Latitude = 61 29.99 S
* NMEA Longitude = 057 48.72 W
* NMEA UTC (Time) = 08:37:07
** Ship:   Nathaniel B. Palmer 
** Cruise:    NBP0603 p0606
** Cast #: 01
** Station:   88
** Operator: rdd
# nquan = 15
# nvalues = 396                         
# units = specified
# name 0 = prDM: Pressure, Digiquartz [db]
# name 1 = t090C: Temperature [ITS-90, deg C]
# name 2 = c0S/m: Conductivity [S/m]
# name 3 = t190C: Temperature, 2 [ITS-90, deg C]
# name 4 = c1S/m: Conductivity, 2 [S/m]
# name 5 = sbeox0ML/L: Oxygen, SBE 43 [ml/l]
# name 6 = flECO-AFL: Fluorescence, Wetlab ECO-AFL/FL [mg/m^3]
# name 7 = bat: Beam Attenuation, Chelsea/Seatech/Wetlab CStar [1/m]
# name 8 = spar: SPAR/Surface Irradiance
# name 9 = latitude: Latitude [deg]
# name 10 = longitude: Longitude [deg]
# name 11 = timeY: Time, System [seconds]
# name 12 = timeJ: Julian Days
# name 13 = sal00: Salinity [PSU]
# name 14 = flag: flag
# span 0 =      5.000,    400.000       
# span 1 =    -0.8012,     0.7478       
# span 2 =   2.770862,   2.958586       
# span 3 =    -0.8006,     0.7474       
# span 4 =   2.771485,   2.958733       
# span 5 =    5.28418,    7.85238       
# span 6 =    -0.1077,     0.3436       
# span 7 =    13.8155,    13.8155       
# span 8 = 0.0000e+00, 0.0000e+00       
# span 9 =  -61.49983,  -61.49983       
# span 10 =  -57.81200,  -57.81200      
# span 11 = 1152520637, 1152521510      
# span 12 = 191.359236, 191.369350      
# span 13 =    34.1049,    34.6354      
# span 14 = 0.0000e+00, 0.0000e+00      
# interval = decibars: 1                
# start_time = Jul 10 2006 08:37:16
# bad_flag = -9.990e-29
*END*
Pressure	Temperature	Conductivity	Temperature2	Conductivity2	Oxygen	Fluorescence	Beam Attenuation	SPAR	latitude	longitude	timeY	timeJ	Salinity	flag
      5.000    -0.7804   2.771070    -0.7807   2.771694    7.83451     0.3249    13.8155 0.0000e+00  -61.49983  -57.81200 1152520637 191.359236    34.1049 0.0000e+00
      6.000    -0.7803   2.771199    -0.7813   2.771849    7.84077     0.3128    13.8155 0.0000e+00  -61.49983  -57.81200 1152520639 191.359274    34.1059 0.0000e+00
      7.000    -0.7811   2.771130    -0.7812   2.771791    7.83708     0.3221    13.8155 0.0000e+00  -61.49983  -57.81200 1152520642 191.359312    34.1052 0.0000e+00
      8.000    -0.7845   2.770862    -0.7848   2.771485    7.83413     0.3205    13.8155 0.0000e+00  -61.49983  -57.81200 1152520644 191.359330    34.1049 0.0000e+00
      9.000    -0.7841   2.770982    -0.7843   2.771587    7.84192     0.3242    13.8155 0.0000e+00  -61.49983  -57.81200 1152520648 191.359371    34.1054 0.0000e+00
     10.000    -0.7843   2.771078    -0.7848   2.771746    7.85238     0.3100    13.8155 0.0000e+00  -61.49983  -57.81200 1152520652 191.359427    34.1063 0.0000e+00
     11.000    -0.7847   2.771253    -0.7845   2.771724    7.85160     0.3169    13.8155 0.0000e+00  -61.49983  -57.81200 1152520653 191.359434    34.1086 0.0000e+00
     12.000    -0.7874   2.771605    -0.7880   2.772199    7.84162     0.3125    13.8155 0.0000e+00  -61.49983  -57.81200 1152520659 191.359501    34.1158 0.0000e+00
     13.000    -0.7897   2.771819    -0.7901   2.772400    7.83120     0.3246    13.8155 0.0000e+00  -61.49983  -57.81200 1152520661 191.359525    34.1207 0.0000e+00
     14.000    -0.7908   2.771918    -0.7909   2.772487    7.82713     0.3214    13.8155 0.0000e+00  -61.49983  -57.81200 1152520665 191.359575    34.1226 0.0000e+00
     15.000    -0.7914   2.771996    -0.7913   2.772555    7.82851     0.3049    13.8155 0.0000e+00  -61.49983  -57.81200 1152520669 191.359619    34.1237 0.0000e+00
     16.000    -0.7921   2.772062    -0.7922   2.772634    7.82823     0.2959    13.8155 0.0000e+00  -61.49983  -57.81200 1152520670 191.359629    34.1248 0.0000e+00
     17.000    -0.7928   2.772134    -0.7928   2.772692    7.82658     0.3134    13.8155 0.0000e+00  -61.49983  -57.81200 1152520672 191.359662    34.1259 0.0000e+00
     18.000    -0.7932   2.772203    -0.7931   2.772755    7.82070     0.3189    13.8155 0.0000e+00  -61.49983  -57.81200 1152520677 191.359711    34.1267 0.0000e+00
     19.000    -0.7945   2.772326    -0.7946   2.772852    7.81953     0.3056    13.8155 0.0000e+00  -61.49983  -57.81200 1152520680 191.359747    34.1293 0.0000e+00
     20.000    -0.7980   2.772568    -0.7982   2.773129    7.81453     0.2971    13.8155 0.0000e+00  -61.49983  -57.81200 1152520683 191.359788    34.1361 0.0000e+00
     21.000    -0.7990   2.772742    -0.7997   2.773336    7.81121     0.3096    13.8155 0.0000e+00  -61.49983  -57.81200 1152520685 191.359807    34.1389 0.0000e+00
     22.000    -0.8005   2.773229    -0.8006   2.773789    7.79971     0.3078    13.8155 0.0000e+00  -61.49983  -57.81200 1152520690 191.359861    34.1467 0.0000e+00
     23.000    -0.8007   2.773386    -0.8005   2.773928    7.78918     0.2839    13.8155 0.0000e+00  -61.49983  -57.81200 1152520694 191.359916    34.1482 0.0000e+00
     24.000    -0.8008   2.773468    -0.8005   2.774003    7.78665     0.2884    13.8155 0.0000e+00  -61.49983  -57.81200 1152520695 191.359926    34.1487 0.0000e+00
     25.000    -0.8007   2.773519    -0.8005   2.774052    7.78643     0.2893    13.8155 0.0000e+00  -61.49983  -57.81200 1152520696 191.359938    34.1487 0.0000e+00
     26.000    -0.8007   2.773589    -0.8004   2.774115    7.78889     0.2934    13.8155 0.0000e+00  -61.49983  -57.81200 1152520701 191.359996    34.1490 0.0000e+00
     27.000    -0.8009   2.773652    -0.8003   2.774164    7.78536     0.3002    13.8155 0.0000e+00  -61.49983  -57.81200 1152520707 191.360058    34.1494 0.0000e+00
     28.000    -0.8007   2.773704    -0.8004   2.774212    7.78485     0.2853    13.8155 0.0000e+00  -61.49983  -57.81200 1152520708 191.360076    34.1493 0.0000e+00
     29.000    -0.8008   2.773759    -0.8004   2.774260    7.78290     0.2865    13.8155 0.0000e+00  -61.49983  -57.81200 1152520709 191.360090    34.1495 0.0000e+00
     30.000    -0.8009   2.773792    -0.8004   2.774290    7.78337     0.3080    13.8155 0.0000e+00  -61.49983  -57.81200 1152520713 191.360133    34.1494 0.0000e+00
     31.000    -0.8009   2.773854    -0.8004   2.774348    7.78537     0.3130    13.8155 0.0000e+00  -61.49983  -57.81200 1152520719 191.360197    34.1496 0.0000e+00
     32.000    -0.8007   2.773943    -0.8003   2.774439    7.78809     0.2982    13.8155 0.0000e+00  -61.49983  -57.81200 1152520722 191.360234    34.1500 0.0000e+00
     33.000    -0.8007   2.774028    -0.8002   2.774515    7.78361     0.2905    13.8155 0.0000e+00  -61.49983  -57.81200 1152520723 191.360246    34.1505 0.0000e+00
     34.000    -0.8007   2.774076    -0.8002   2.774571    7.78222     0.2926    13.8155 0.0000e+00  -61.49983  -57.81200 1152520724 191.360256    34.1506 0.0000e+00
     35.000    -0.8008   2.774072    -0.8002   2.774587    7.78158     0.2905    13.8155 0.0000e+00  -61.49983  -57.81200 1152520725 191.360268    34.1500 0.0000e+00
     36.000    -0.8010   2.774078    -0.8003   2.774574    7.78400     0.3019    13.8155 0.0000e+00  -61.49983  -57.81200 1152520733 191.360359    34.1497 0.0000e+00
     37.000    -0.8011   2.774135    -0.8003   2.774629    7.78498     0.2915    13.8155 0.0000e+00  -61.49983  -57.81200 1152520736 191.360398    34.1500 0.0000e+00
     38.000    -0.8009   2.774239    -0.8003   2.774720    7.78757     0.2998    13.8155 0.0000e+00  -61.49983  -57.81200 1152520738 191.360414    34.1506 0.0000e+00
     39.000    -0.8010   2.774214    -0.8004   2.774695    7.78612     0.2890    13.8155 0.0000e+00  -61.49983  -57.81200 1152520739 191.360426    34.1497 0.0000e+00
     40.000    -0.8009   2.774258    -0.8003   2.774736    7.78416     0.2965    13.8155 0.0000e+00  -61.49983  -57.81200 1152520741 191.360460    34.1495 0.0000e+00
     41.000    -0.8011   2.774297    -0.8003   2.774758    7.78763     0.3112    13.8155 0.0000e+00  -61.49983  -57.81200 1152520748 191.360540    34.1496 0.0000e+00
     42.000    -0.8012   2.774340    -0.8004   2.774816    7.78715     0.2974    13.8155 0.0000e+00  -61.49983  -57.81200 1152520750 191.360557    34.1497 0.0000e+00
     43.000    -0.8012   2.774384    -0.8004   2.774843    7.78723     0.3050    13.8155 0.0000e+00  -61.49983  -57.81200 1152520751 191.360570    34.1497 0.0000e+00
     44.000    -0.8010   2.774442    -0.8003   2.774896    7.78828     0.2987    13.8155 0.0000e+00  -61.49983  -57.81200 1152520756 191.360625    34.1496 0.0000e+00
     45.000    -0.8010   2.774492    -0.8003   2.774927    7.78949     0.3002    13.8155 0.0000e+00  -61.49983  -57.81200 1152520763 191.360705    34.1496 0.0000e+00
     46.000    -0.8011   2.774527    -0.8004   2.774980    7.79012     0.3020    13.8155 0.0000e+00  -61.49983  -57.81200 1152520764 191.360718    34.1496 0.0000e+00
     47.000    -0.8009   2.774604    -0.8003   2.775049    7.78948     0.3088    13.8155 0.0000e+00  -61.49983  -57.81200 1152520764 191.360726    34.1499 0.0000e+00
     48.000    -0.8007   2.774673    -0.8001   2.775099    7.78840     0.2985    13.8155 0.0000e+00  -61.49983  -57.81200 1152520765 191.360734    34.1500 0.0000e+00
     49.000    -0.8008   2.774761    -0.7999   2.775211    7.78796     0.3095    13.8155 0.0000e+00  -61.49983  -57.81200 1152520768 191.360772    34.1506 0.0000e+00
     50.000    -0.8008   2.774819    -0.7998   2.775280    7.78878     0.3289    13.8155 0.0000e+00  -61.49983  -57.81200 1152520775 191.360844    34.1508 0.0000e+00
     51.000    -0.8007   2.774888    -0.7999   2.775327    7.78607     0.3192    13.8155 0.0000e+00  -61.49983  -57.81200 1152520777 191.360870    34.1510 0.0000e+00
     52.000    -0.8007   2.774925    -0.7997   2.775388    7.78398     0.3071    13.8155 0.0000e+00  -61.49983  -57.81200 1152520781 191.360919    34.1508 0.0000e+00
     53.000    -0.8008   2.775001    -0.7998   2.775450    7.78454     0.3245    13.8155 0.0000e+00  -61.49983  -57.81200 1152520784 191.360951    34.1513 0.0000e+00
     54.000    -0.8004   2.775170    -0.7996   2.775594    7.78529     0.3049    13.8155 0.0000e+00  -61.49983  -57.81200 1152520790 191.361024    34.1526 0.0000e+00
     55.000    -0.8005   2.775213    -0.7996   2.775637    7.78139     0.2888    13.8155 0.0000e+00  -61.49983  -57.81200 1152520791 191.361034    34.1527 0.0000e+00
     56.000    -0.8005   2.775254    -0.7996   2.775656    7.77952     0.3003    13.8155 0.0000e+00  -61.49983  -57.81200 1152520792 191.361046    34.1526 0.0000e+00
     57.000    -0.8005   2.775305    -0.7995   2.775719    7.77565     0.3181    13.8155 0.0000e+00  -61.49983  -57.81200 1152520795 191.361083    34.1527 0.0000e+00
     58.000    -0.8005   2.775354    -0.7996   2.775766    7.77627     0.3298    13.8155 0.0000e+00  -61.49983  -57.81200 1152520801 191.361155    34.1528 0.0000e+00
     59.000    -0.8006   2.775404    -0.7997   2.775815    7.77865     0.3100    13.8155 0.0000e+00  -61.49983  -57.81200 1152520805 191.361201    34.1529 0.0000e+00
     60.000    -0.8004   2.775452    -0.7995   2.775874    7.77812     0.2999    13.8155 0.0000e+00  -61.49983  -57.81200 1152520806 191.361211    34.1527 0.0000e+00
     61.000    -0.8005   2.775464    -0.7996   2.775910    7.77766     0.3042    13.8155 0.0000e+00  -61.49983  -57.81200 1152520807 191.361220    34.1524 0.0000e+00
     62.000    -0.8005   2.775535    -0.7996   2.775942    7.77782     0.3116    13.8155 0.0000e+00  -61.49983  -57.81200 1152520809 191.361241    34.1527 0.0000e+00
     63.000    -0.8005   2.775602    -0.7996   2.776007    7.77996     0.3121    13.8155 0.0000e+00  -61.49983  -57.81200 1152520817 191.361332    34.1530 0.0000e+00
     64.000    -0.8006   2.775659    -0.7995   2.776055    7.77483     0.3064    13.8155 0.0000e+00  -61.49983  -57.81200 1152520818 191.361344    34.1532 0.0000e+00
     65.000    -0.8005   2.775730    -0.7995   2.776144    7.76970     0.3179    13.8155 0.0000e+00  -61.49983  -57.81200 1152520820 191.361370    34.1535 0.0000e+00
     66.000    -0.8004   2.775809    -0.7994   2.776201    7.76711     0.3186    13.8155 0.0000e+00  -61.49983  -57.81200 1152520825 191.361431    34.1539 0.0000e+00
     67.000    -0.8005   2.775909    -0.7995   2.776300    7.76267     0.3285    13.8155 0.0000e+00  -61.49983  -57.81200 1152520828 191.361455    34.1547 0.0000e+00
     68.000    -0.8007   2.775965    -0.7995   2.776358    7.75561     0.3189    13.8155 0.0000e+00  -61.49983  -57.81200 1152520833 191.361520    34.1550 0.0000e+00
     69.000    -0.7997   2.776150    -0.7984   2.776546    7.74939     0.3021    13.8155 0.0000e+00  -61.49983  -57.81200 1152520834 191.361531    34.1558 0.0000e+00
     70.000    -0.7962   2.776656    -0.7948   2.777060    7.73930     0.3202    13.8155 0.0000e+00  -61.49983  -57.81200 1152520836 191.361548    34.1579 0.0000e+00
     71.000    -0.7946   2.776862    -0.7925   2.777383    7.71473     0.3247    13.8155 0.0000e+00  -61.49983  -57.81200 1152520841 191.361607    34.1584 0.0000e+00
     72.000    -0.7766   2.778994    -0.7739   2.779499    7.66084     0.3129    13.8155 0.0000e+00  -61.49983  -57.81200 1152520845 191.361654    34.1658 0.0000e+00
     73.000    -0.7593   2.780883    -0.7575   2.781280    7.61461     0.3020    13.8155 0.0000e+00  -61.49983  -57.81200 1152520848 191.361689    34.1709 0.0000e+00
     74.000    -0.7516   2.781625    -0.7503   2.782002    7.60098     0.3080    13.8155 0.0000e+00  -61.49983  -57.81200 1152520849 191.361701    34.1715 0.0000e+00
     75.000    -0.7467   2.782145    -0.7430   2.782705    7.58882     0.2973    13.8155 0.0000e+00  -61.49983  -57.81200 1152520850 191.361711    34.1725 0.0000e+00
     76.000    -0.7365   2.783112    -0.7325   2.783710    7.56873     0.3073    13.8155 0.0000e+00  -61.49983  -57.81200 1152520854 191.361761    34.1733 0.0000e+00
     77.000    -0.7230   2.784502    -0.7191   2.785102    7.54160     0.3207    13.8155 0.0000e+00  -61.49983  -57.81200 1152520859 191.361821    34.1762 0.0000e+00
     78.000    -0.7032   2.786599    -0.7009   2.787012    7.51409     0.3113    13.8155 0.0000e+00  -61.49983  -57.81200 1152520862 191.361853    34.1814 0.0000e+00
     79.000    -0.6974   2.787274    -0.6964   2.787609    7.51027     0.2991    13.8155 0.0000e+00  -61.49983  -57.81200 1152520863 191.361865    34.1832 0.0000e+00
     80.000    -0.7000   2.787120    -0.6986   2.787496    7.50193     0.3112    13.8155 0.0000e+00  -61.49983  -57.81200 1152520866 191.361901    34.1838 0.0000e+00
     81.000    -0.7001   2.787221    -0.6987   2.787589    7.48504     0.3270    13.8155 0.0000e+00  -61.49983  -57.81200 1152520873 191.361978    34.1850 0.0000e+00
     82.000    -0.6891   2.788597    -0.6869   2.788993    7.47176     0.3088    13.8155 0.0000e+00  -61.49983  -57.81200 1152520875 191.361999    34.1905 0.0000e+00
     83.000    -0.6810   2.789479    -0.6798   2.789792    7.46178     0.3294    13.8155 0.0000e+00  -61.49983  -57.81200 1152520876 191.362012    34.1925 0.0000e+00
     84.000    -0.6789   2.789768    -0.6764   2.790211    7.44755     0.3262    13.8155 0.0000e+00  -61.49983  -57.81200 1152520879 191.362053    34.1936 0.0000e+00
     85.000    -0.6732   2.790431    -0.6704   2.790943    7.43320     0.3436    13.8155 0.0000e+00  -61.49983  -57.81200 1152520884 191.362106    34.1956 0.0000e+00
     86.000    -0.6702   2.790833    -0.6676   2.791288    7.41748     0.3195    13.8155 0.0000e+00  -61.49983  -57.81200 1152520888 191.362157    34.1971 0.0000e+00
     87.000    -0.6601   2.791954    -0.6582   2.792325    7.40490     0.3203    13.8155 0.0000e+00  -61.49983  -57.81200 1152520889 191.362173    34.2001 0.0000e+00
     88.000    -0.6515   2.792895    -0.6494   2.793306    7.39224     0.3285    13.8155 0.0000e+00  -61.49983  -57.81200 1152520891 191.362193    34.2022 0.0000e+00
     89.000    -0.6405   2.794048    -0.6386   2.794425    7.37490     0.3204    13.8155 0.0000e+00  -61.49983  -57.81200 1152520894 191.362225    34.2045 0.0000e+00
     90.000    -0.6423   2.793903    -0.6411   2.794240    7.36573     0.3122    13.8155 0.0000e+00  -61.49983  -57.81200 1152520901 191.362312    34.2045 0.0000e+00
     91.000    -0.6413   2.794035    -0.6411   2.794270    7.35930     0.3107    13.8155 0.0000e+00  -61.49983  -57.81200 1152520902 191.362322    34.2046 0.0000e+00
     92.000    -0.6409   2.794120    -0.6414   2.794286    7.35880     0.3162    13.8155 0.0000e+00  -61.49983  -57.81200 1152520904 191.362342    34.2047 0.0000e+00
     93.000    -0.6394   2.794330    -0.6372   2.794737    7.35884     0.3155    13.8155 0.0000e+00  -61.49983  -57.81200 1152520906 191.362369    34.2053 0.0000e+00
     94.000    -0.6320   2.795118    -0.6305   2.795466    7.35603     0.3047    13.8155 0.0000e+00  -61.49983  -57.81200 1152520908 191.362384    34.2066 0.0000e+00
     95.000    -0.6270   2.795939    -0.6225   2.796344    7.31954     0.3165    13.8155 0.0000e+00  -61.49983  -57.81200 1152520915 191.362462    34.2130 0.0000e+00
     96.000    -0.5374   2.805036    -0.5369   2.805208    7.29321     0.2981    13.8155 0.0000e+00  -61.49983  -57.81200 1152520916 191.362481    34.2290 0.0000e+00
     97.000    -0.5224   2.806148    -0.5087   2.807593    7.27531     0.3008    13.8155 0.0000e+00  -61.49983  -57.81200 1152520917 191.362488    34.2258 0.0000e+00
     98.000    -0.5941   2.799074    -0.5842   2.800235    7.24995     0.3191    13.8155 0.0000e+00  -61.49983  -57.81200 1152520926 191.362597    34.2152 0.0000e+00
     99.000    -0.5254   2.806209    -0.5197   2.806572    7.21603     0.2934    13.8155 0.0000e+00  -61.49983  -57.81200 1152520927 191.362612    34.2325 0.0000e+00
