product_data/regression_test/downloaded_data/MDGS/320620060703/ctd/adapted/heads_insert_p6607901.cnv
* Sea-Bird SBE 9 Data File:
* FileName = D:\Data\Raw\P6607901.dat
* Software Version Seasave Win32 V 5.32
* Temperature SN = 1649
* Conductivity SN = 1431
* Number of Bytes Per Scan = 37
* Number of Voltage Words = 5
* Number of Scans Averaged by the Deck Unit = 1
* NMEA Latitude = 62 20.12 S
* NMEA Longitude = 058 03.15 W
* NMEA UTC (Time) = 04:28:55
** Ship:   Nathaniel B. Palmer 
** Cruise:    NBP0603 p0606
** Cast #: 01
** Station:   79
** Operator: 
# nquan = 15
# nvalues = 1401                        
# units = specified
# name 0 = prDM: Pressure, Digiquartz [db]
# name 1 = t090C: Temperature [ITS-90, deg C]
# name 2 = c0S/m: Conductivity [S/m]
# name 3 = t190C: Temperature, 2 [ITS-90, deg C]
# name 4 = c1S/m: Conductivity, 2 [S/m]
# name 5 = sbeox0ML/L: Oxygen, SBE 43 [ml/l]
# name 6 = flECO-AFL: Fluorescence, Wetlab ECO-AFL/FL [mg/m^3]
# name 7 = bat: Beam Attenuation, Chelsea/Seatech/Wetlab CStar [1/m]
# name 8 = spar: SPAR/Surface Irradiance
# name 9 = latitude: Latitude [deg]
# name 10 = longitude: Longitude [deg]
# name 11 = timeY: Time, System [seconds]
# name 12 = timeJ: Julian Days
# name 13 = sal00: Salinity [PSU]
# name 14 = flag: flag
# span 0 =      1.000,   1401.000       
# span 1 =    -1.6719,    -0.3334       
# span 2 =   2.702778,   2.856999       
# span 3 =    -1.6716,    -0.3346       
# span 4 =   2.703248,   2.857184       
# span 5 =    6.33186,    7.95219       
# span 6 =    -0.1496,     0.2388       
# span 7 =    13.8155,    13.8155       
# span 8 = -4.993e-02, 1.7265e+00       
# span 9 =  -62.33533,  -62.33533       
# span 10 =  -58.05250,  -58.05250      
# span 11 = 1152419340, 1152421267      
# span 12 = 190.186810, 190.209132      
# span 13 =    34.1784,    34.5395      
# span 14 = 0.0000e+00, 0.0000e+00      
# interval = decibars: 1                
# start_time = Jul 09 2006 04:29:03
# bad_flag = -9.990e-29
*END*
[from data line 772]
    772.000    -0.7548   2.839635    -0.7546   2.839868    6.46835    -0.1073    13.8155 0.0000e+00  -62.33533  -58.05250 1152420417 190.199290    34.5360 0.0000e+00
    773.000    -0.7551   2.839668    -0.7549   2.839891    6.46790    -0.1170    13.8155 0.0000e+00  -62.33533  -58.05250 1152420418 190.199302    34.5363 0.0000e+00
    774.000    -0.7556   2.839667    -0.7554   2.839891    6.46693    -0.1119    13.8155 0.0000e+00  -62.33533  -58.05250 1152420420 190.199321    34.5363 0.0000e+00
    775.000    -0.7557   2.839706    -0.7554   2.839933    6.46663    -0.1253    13.8155 0.0000e+00  -62.33533  -58.05250 1152420422 190.199348    34.5363 0.0000e+00
    776.000    -0.7568   2.839661    -0.7566   2.839891    6.46679    -0.1222    13.8155 0.0000e+00  -62.33533  -58.05250 1152420423 190.199362    34.5364 0.0000e+00
    777.000    -0.7600   2.839430    -0.7599   2.839671    6.46711    -0.1145    13.8155 0.0000e+00  -62.33533  -58.05250 1152420424 190.199374    34.5363 0.0000e+00
    778.000    -0.7640   2.839134    -0.7638   2.839355    6.46892    -0.1137    13.8155 0.0000e+00  -62.33533  -58.05250 1152420425 190.199386    34.5364 0.0000e+00
    779.000    -0.7642   2.839157    -0.7640   2.839384    6.46856    -0.1164    13.8155 0.0000e+00  -62.33533  -58.05250 1152420427 190.199401    34.5363 0.0000e+00
    780.000    -0.7647   2.839152    -0.7644   2.839386    6.47140    -0.1219    13.8155 0.0000e+00  -62.33533  -58.05250 1152420428 190.199416    34.5363 0.0000e+00
    781.000    -0.7650   2.839171    -0.7648   2.839404    6.47194    -0.1092    13.8155 0.0000e+00  -62.33533  -58.05250 1152420429 190.199428    34.5363 0.0000e+00
    782.000    -0.7651   2.839217    -0.7648   2.839452    6.47198    -0.1146    13.8155 0.0000e+00  -62.33533  -58.05250 1152420430 190.199440    34.5364 0.0000e+00
    783.000    -0.7650   2.839260    -0.7648   2.839479    6.47130    -0.1268    13.8155 0.0000e+00  -62.33533  -58.05250 1152420431 190.199456    34.5362 0.0000e+00
    784.000    -0.7647   2.839337    -0.7644   2.839567    6.47188    -0.1064    13.8155 0.0000e+00  -62.33533  -58.05250 1152420433 190.199480    34.5363 0.0000e+00
    785.000    -0.7648   2.839377    -0.7644   2.839620    6.47293    -0.1238    13.8155 0.0000e+00  -62.33533  -58.05250 1152420435 190.199495    34.5363 0.0000e+00
    786.000    -0.7649   2.839409    -0.7648   2.839629    6.47209    -0.1150    13.8155 0.0000e+00  -62.33533  -58.05250 1152420436 190.199506    34.5363 0.0000e+00
    787.000    -0.7653   2.839415    -0.7652   2.839643    6.47246    -0.1015    13.8155 0.0000e+00  -62.33533  -58.05250 1152420437 190.199518    34.5362 0.0000e+00
    788.000    -0.7658   2.839412    -0.7656   2.839647    6.47342    -0.1157    13.8155 0.0000e+00  -62.33533  -58.05250 1152420438 190.199533    34.5362 0.0000e+00
    789.000    -0.7658   2.839465    -0.7656   2.839695    6.47408    -0.1224    13.8155 0.0000e+00  -62.33533  -58.05250 1152420440 190.199552    34.5363 0.0000e+00
    790.000    -0.7652   2.839570    -0.7649   2.839799    6.47307    -0.1145    13.8155 0.0000e+00  -62.33533  -58.05250 1152420441 190.199566    34.5363 0.0000e+00
    791.000    -0.7652   2.839619    -0.7650   2.839846    6.47029    -0.1129    13.8155 0.0000e+00  -62.33533  -58.05250 1152420442 190.199578    34.5365 0.0000e+00
    792.000    -0.7662   2.839571    -0.7660   2.839798    6.46853    -0.1210    13.8155 0.0000e+00  -62.33533  -58.05250 1152420443 190.199590    34.5364 0.0000e+00
    793.000    -0.7665   2.839589    -0.7663   2.839810    6.47149    -0.1076    13.8155 0.0000e+00  -62.33533  -58.05250 1152420444 190.199605    34.5364 0.0000e+00
    794.000    -0.7671   2.839589    -0.7667   2.839824    6.47312    -0.1114    13.8155 0.0000e+00  -62.33533  -58.05250 1152420446 190.199626    34.5365 0.0000e+00
    795.000    -0.7671   2.839636    -0.7667   2.839879    6.47277    -0.1247    13.8155 0.0000e+00  -62.33533  -58.05250 1152420447 190.199643    34.5365 0.0000e+00
    796.000    -0.7665   2.839749    -0.7662   2.839976    6.46988    -0.1218    13.8155 0.0000e+00  -62.33533  -58.05250 1152420449 190.199655    34.5367 0.0000e+00
    797.000    -0.7648   2.839965    -0.7636   2.840257    6.46904    -0.1105    13.8155 0.0000e+00  -62.33533  -58.05250 1152420450 190.199667    34.5369 0.0000e+00
    798.000    -0.7632   2.840132    -0.7627   2.840379    6.46757    -0.1266    13.8155 0.0000e+00  -62.33533  -58.05250 1152420451 190.199680    34.5369 0.0000e+00
    799.000    -0.7615   2.840347    -0.7611   2.840583    6.46800    -0.1239    13.8155 0.0000e+00  -62.33533  -58.05250 1152420452 190.199700    34.5372 0.0000e+00
    800.000    -0.7611   2.840431    -0.7608   2.840658    6.46677    -0.1176    13.8155 0.0000e+00  -62.33533  -58.05250 1152420454 190.199717    34.5373 0.0000e+00
    801.000    -0.7610   2.840502    -0.7606   2.840730    6.46472    -0.1249    13.8155 0.0000e+00  -62.33533  -58.05250 1152420455 190.199728    34.5376 0.0000e+00
    802.000    -0.7612   2.840522    -0.7611   2.840753    6.46559    -0.1180    13.8155 0.0000e+00  -62.33533  -58.05250 1152420456 190.199740    34.5375 0.0000e+00
    803.000    -0.7610   2.840598    -0.7608   2.840815    6.46470    -0.1197    13.8155 0.0000e+00  -62.33533  -58.05250 1152420457 190.199754    34.5377 0.0000e+00
    804.000    -0.7617   2.840586    -0.7618   2.840786    6.46371    -0.1202    13.8155 0.0000e+00  -62.33533  -58.05250 1152420459 190.199776    34.5377 0.0000e+00
    805.000    -0.7683   2.840032    -0.7674   2.840348    6.46649    -0.1184    13.8155 0.0000e+00  -62.33533  -58.05250 1152420460 190.199792    34.5374 0.0000e+00
    806.000    -0.7730   2.839686    -0.7727   2.839909    6.46892    -0.1282    13.8155 0.0000e+00  -62.33533  -58.05250 1152420461 190.199805    34.5377 0.0000e+00
    807.000    -0.7686   2.840131    -0.7680   2.840378    6.46878    -0.1236    13.8155 0.0000e+00  -62.33533  -58.05250 1152420462 190.199816    34.5380 0.0000e+00
    808.000    -0.7677   2.840258    -0.7671   2.840499    6.46770    -0.1157    13.8155 0.0000e+00  -62.33533  -58.05250 1152420464 190.199829    34.5379 0.0000e+00
    809.000    -0.7665   2.840414    -0.7662   2.840647    6.46775    -0.1136    13.8155 0.0000e+00  -62.33533  -58.05250 1152420465 190.199844    34.5379 0.0000e+00
    810.000    -0.7690   2.840236    -0.7687   2.840473    6.46831    -0.1161    13.8155 0.0000e+00  -62.33533  -58.05250 1152420466 190.199863    34.5379 0.0000e+00
    811.000    -0.7686   2.840311    -0.7684   2.840540    6.46884    -0.1289    13.8155 0.0000e+00  -62.33533  -58.05250 1152420468 190.199881    34.5379 0.0000e+00
    812.000    -0.7693   2.840291    -0.7690   2.840522    6.46868    -0.1126    13.8155 0.0000e+00  -62.33533  -58.05250 1152420469 190.199895    34.5379 0.0000e+00
    813.000    -0.7705   2.840235    -0.7703   2.840467    6.46769    -0.1185    13.8155 0.0000e+00  -62.33533  -58.05250 1152420470 190.199907    34.5379 0.0000e+00
    814.000    -0.7705   2.840275    -0.7704   2.840504    6.46744    -0.1325    13.8155 0.0000e+00  -62.33533  -58.05250 1152420471 190.199918    34.5378 0.0000e+00
    815.000    -0.7706   2.840315    -0.7705   2.840540    6.46703    -0.1209    13.8155 0.0000e+00  -62.33533  -58.05250 1152420472 190.199931    34.5378 0.0000e+00
    816.000    -0.7715   2.840279    -0.7713   2.840508    6.46794    -0.1182    13.8155 0.0000e+00  -62.33533  -58.05250 1152420474 190.199953    34.5378 0.0000e+00
    817.000    -0.7719   2.840287    -0.7717   2.840521    6.46866    -0.1320    13.8155 0.0000e+00  -62.33533  -58.05250 1152420476 190.199972    34.5378 0.0000e+00
    818.000    -0.7727   2.840271    -0.7722   2.840518    6.46886    -0.1153    13.8155 0.0000e+00  -62.33533  -58.05250 1152420477 190.199983    34.5378 0.0000e+00
    819.000    -0.7713   2.840461    -0.7708   2.840681    6.46762    -0.1172    13.8155 0.0000e+00  -62.33533  -58.05250 1152420478 190.199996    34.5382 0.0000e+00
    820.000    -0.7712   2.840510    -0.7708   2.840741    6.46598    -0.1209    13.8155 0.0000e+00  -62.33533  -58.05250 1152420480 190.200014    34.5381 0.0000e+00
    821.000    -0.7711   2.840564    -0.7707   2.840809    6.46629    -0.1238    13.8155 0.0000e+00  -62.33533  -58.05250 1152420481 190.200032    34.5382 0.0000e+00
    822.000    -0.7708   2.840634    -0.7705   2.840870    6.46658    -0.1221    13.8155 0.0000e+00  -62.33533  -58.05250 1152420482 190.200044    34.5381 0.0000e+00
    823.000    -0.7703   2.840736    -0.7698   2.840978    6.46691    -0.1363    13.8155 0.0000e+00  -62.33533  -58.05250 1152420483 190.200055    34.5384 0.0000e+00
    824.000    -0.7675   2.841048    -0.7675   2.841230    6.46722    -0.1140    13.8155 0.0000e+00  -62.33533  -58.05250 1152420484 190.200066    34.5387 0.0000e+00
    825.000    -0.7644   2.841359    -0.7641   2.841581    6.46444    -0.1196    13.8155 0.0000e+00  -62.33533  -58.05250 1152420486 190.200086    34.5388 0.0000e+00
    826.000    -0.7639   2.841453    -0.7636   2.841679    6.46462    -0.1228    13.8155 0.0000e+00  -62.33533  -58.05250 1152420488 190.200107    34.5389 0.0000e+00
    827.000    -0.7637   2.841522    -0.7635   2.841744    6.46485    -0.1057    13.8155 0.0000e+00  -62.33533  -58.05250 1152420489 190.200120    34.5390 0.0000e+00
    828.000    -0.7643   2.841518    -0.7640   2.841742    6.46368    -0.1111    13.8155 0.0000e+00  -62.33533  -58.05250 1152420490 190.200132    34.5390 0.0000e+00
    829.000    -0.7645   2.841539    -0.7643   2.841766    6.46267    -0.1220    13.8155 0.0000e+00  -62.33533  -58.05250 1152420491 190.200144    34.5390 0.0000e+00
    830.000    -0.7646   2.841587    -0.7644   2.841804    6.46334    -0.1195    13.8155 0.0000e+00  -62.33533  -58.05250 1152420492 190.200163    34.5391 0.0000e+00
    831.000    -0.7647   2.841628    -0.7645   2.841848    6.46214    -0.1106    13.8155 0.0000e+00  -62.33533  -58.05250 1152420494 190.200184    34.5392 0.0000e+00
    832.000    -0.7647   2.841676    -0.7644   2.841904    6.45965    -0.1374    13.8155 0.0000e+00  -62.33533  -58.05250 1152420495 190.200195    34.5393 0.0000e+00
    833.000    -0.7646   2.841731    -0.7643   2.841957    6.46335    -0.1253    13.8155 0.0000e+00  -62.33533  -58.05250 1152420496 190.200205    34.5394 0.0000e+00
    834.000    -0.7646   2.841774    -0.7643   2.841997    6.46419    -0.1171    13.8155 0.0000e+00  -62.33533  -58.05250 1152420497 190.200216    34.5393 0.0000e+00
    835.000    -0.7652   2.841778    -0.7652   2.841988    6.46524    -0.1168    13.8155 0.0000e+00  -62.33533  -58.05250 1152420499 190.200237    34.5395 0.0000e+00
    836.000    -0.7875   2.839809    -0.7878   2.840047    6.47063    -0.1287    13.8155 0.0000e+00  -62.33533  -58.05250 1152420501 190.200262    34.5387 0.0000e+00
    837.000    -0.7864   2.839960    -0.7870   2.840128    6.47364    -0.1247    13.8155 0.0000e+00  -62.33533  -58.05250 1152420502 190.200273    34.5386 0.0000e+00
    838.000    -0.7881   2.839860    -0.7885   2.840046    6.47523    -0.1186    13.8155 0.0000e+00  -62.33533  -58.05250 1152420503 190.200284    34.5385 0.0000e+00
    839.000    -0.7870   2.840003    -0.7877   2.840154    6.47787    -0.1275    13.8155 0.0000e+00  -62.33533  -58.05250 1152420504 190.200298    34.5386 0.0000e+00
    840.000    -0.7899   2.839782    -0.7908   2.839911    6.48247    -0.1170    13.8155 0.0000e+00  -62.33533  -58.05250 1152420506 190.200316    34.5382 0.0000e+00
    841.000    -0.7885   2.839954    -0.7873   2.840275    6.48433    -0.1181    13.8155 0.0000e+00  -62.33533  -58.05250 1152420507 190.200331    34.5382 0.0000e+00
    842.000    -0.7913   2.839766    -0.7937   2.839761    6.48878    -0.1274    13.8155 0.0000e+00  -62.33533  -58.05250 1152420508 190.200343    34.5384 0.0000e+00
    843.000    -0.7988   2.839099    -0.7996   2.839255    6.49104    -0.1119    13.8155 0.0000e+00  -62.33533  -58.05250 1152420509 190.200357    34.5372 0.0000e+00
    844.000    -0.7941   2.839611    -0.7905   2.840127    6.49023    -0.1125    13.8155 0.0000e+00  -62.33533  -58.05250 1152420511 190.200373    34.5383 0.0000e+00
    845.000    -0.7877   2.840234    -0.7873   2.840470    6.48736    -0.1256    13.8155 0.0000e+00  -62.33533  -58.05250 1152420512 190.200389    34.5384 0.0000e+00
    846.000    -0.7911   2.839962    -0.7913   2.840165    6.48429    -0.0992    13.8155 0.0000e+00  -62.33533  -58.05250 1152420513 190.200402    34.5381 0.0000e+00
    847.000    -0.7938   2.839766    -0.7931   2.840055    6.48503    -0.1208    13.8155 0.0000e+00  -62.33533  -58.05250 1152420514 190.200417    34.5380 0.0000e+00
    848.000    -0.7965   2.839576    -0.7961   2.839823    6.48694    -0.1183    13.8155 0.0000e+00  -62.33533  -58.05250 1152420516 190.200438    34.5380 0.0000e+00
    849.000    -0.7951   2.839736    -0.7944   2.840016    6.48724    -0.1195    13.8155 0.0000e+00  -62.33533  -58.05250 1152420518 190.200457    34.5379 0.0000e+00
    850.000    -0.8013   2.839234    -0.8016   2.839448    6.48749    -0.1249    13.8155 0.0000e+00  -62.33533  -58.05250 1152420519 190.200468    34.5377 0.0000e+00
    851.000    -0.8036   2.839075    -0.8034   2.839315    6.48804    -0.0956    13.8155 0.0000e+00  -62.33533  -58.05250 1152420520 190.200478    34.5376 0.0000e+00
    852.000    -0.8027   2.839208    -0.8022   2.839467    6.49157    -0.1187    13.8155 0.0000e+00  -62.33533  -58.05250 1152420521 190.200489    34.5378 0.0000e+00
    853.000    -0.8009   2.839424    -0.8000   2.839705    6.49353    -0.1188    13.8155 0.0000e+00  -62.33533  -58.05250 1152420522 190.200505    34.5380 0.0000e+00
    854.000    -0.7992   2.839644    -0.7991   2.839858    6.49397    -0.1233    13.8155 0.0000e+00  -62.33533  -58.05250 1152420524 190.200525    34.5382 0.0000e+00
    855.000    -0.8006   2.839561    -0.8003   2.839802    6.49241    -0.1183    13.8155 0.0000e+00  -62.33533  -58.05250 1152420525 190.200541    34.5382 0.0000e+00
    856.000    -0.8001   2.839657    -0.7995   2.839930    6.49151    -0.1031    13.8155 0.0000e+00  -62.33533  -58.05250 1152420526 190.200554    34.5384 0.0000e+00
    857.000    -0.8014   2.839595    -0.8010   2.839833    6.49199    -0.1233    13.8155 0.0000e+00  -62.33533  -58.05250 1152420527 190.200568    34.5384 0.0000e+00
    858.000    -0.8016   2.839616    -0.8013   2.839849    6.49420    -0.1204    13.8155 0.0000e+00  -62.33533  -58.05250 1152420529 190.200583    34.5382 0.0000e+00
    859.000    -0.8051   2.839341    -0.8049   2.839596    6.49702    -0.1182    13.8155 0.0000e+00  -62.33533  -58.05250 1152420530 190.200599    34.5381 0.0000e+00
    860.000    -0.8080   2.839124    -0.8084   2.839311    6.49886    -0.1278    13.8155 0.0000e+00  -62.33533  -58.05250 1152420531 190.200614    34.5380 0.0000e+00
    861.000    -0.8177   2.838320    -0.8173   2.838574    6.50404    -0.1190    13.8155 0.0000e+00  -62.33533  -58.05250 1152420533 190.200628    34.5371 0.0000e+00
    862.000    -0.8239   2.837785    -0.8237   2.838038    6.50876    -0.1182    13.8155 0.0000e+00  -62.33533  -58.05250 1152420534 190.200643    34.5372 0.0000e+00
    863.000    -0.8258   2.837662    -0.8255   2.837906    6.51166    -0.1182    13.8155 0.0000e+00  -62.33533  -58.05250 1152420535 190.200658    34.5370 0.0000e+00
    864.000    -0.8285   2.837456    -0.8283   2.837705    6.51568    -0.1081    13.8155 0.0000e+00  -62.33533  -58.05250 1152420536 190.200673    34.5367 0.0000e+00
    865.000    -0.8351   2.836914    -0.8355   2.837121    6.51953    -0.1285    13.8155 0.0000e+00  -62.33533  -58.05250 1152420538 190.200687    34.5363 0.0000e+00
    866.000    -0.8394   2.836577    -0.8393   2.836818    6.52116    -0.1216    13.8155 0.0000e+00  -62.33533  -58.05250 1152420539 190.200701    34.5362 0.0000e+00
