product_data/regression_test/downloaded_data/MDGS/320620060703/ctd/adapted/heads_insert_p6617603.cnv
* Sea-Bird SBE 9 Data File:
* FileName = D:\Data\Raw\p6617603.dat
* Software Version Seasave Win32 V 5.32
* Temperature SN = 1649
* Conductivity SN = 1431
* Number of Bytes Per Scan = 37
* Number of Voltage Words = 5
* Number of Scans Averaged by the Deck Unit = 1
* NMEA Latitude = 60 36.97 S
* NMEA Longitude = 054 43.19 W
* NMEA UTC (Time) = 07:01:18
** Ship:   Nathaniel B. Palmer 
** Cruise:    NBP0606 
# nquan = 15
# nvalues = 41                          
# units = specified
# name 0 = prDM: Pressure, Digiquartz [db]
# name 1 = t090C: Temperature [ITS-90, deg C]
# name 2 = c0S/m: Conductivity [S/m]
# name 3 = t190C: Temperature, 2 [ITS-90, deg C]
# name 4 = c1S/m: Conductivity, 2 [S/m]
# name 5 = sbeox0ML/L: Oxygen, SBE 43 [ml/l]
# name 6 = flECO-AFL: Fluorescence, Wetlab ECO-AFL/FL [mg/m^3]
# name 7 = bat: Beam Attenuation, Chelsea/Seatech/Wetlab CStar [1/m]
# name 8 = spar: SPAR/Surface Irradiance
# name 9 = latitude: Latitude [deg]
# name 10 = longitude: Longitude [deg]
# name 11 = timeY: Time, System [seconds]
# name 12 = timeJ: Julian Days
# name 13 = sal00: Salinity [PSU]
# name 14 = flag: flag
# span 0 =     11.000,     51.000       
# span 1 =    -0.6792,    -0.6275       
# span 2 =   2.785764,   2.827748       
# span 3 =    -0.6800,    -0.6253       
# span 4 =   2.786385,   2.809316       
# span 5 =    6.10054,    7.61774       
# span 6 =     0.1424,     0.2733       
# span 7 =    13.8155,    13.8155       
# span 8 = 0.0000e+00, 0.0000e+00       
# span 9 =  -60.61617,  -60.61617       
# span 10 =  -54.71983,  -54.71983      
# span 11 = 1153465282, 1153465439      
# span 12 = 202.292620, 202.294456      
# span 13 =    34.1827,    34.7392      
# span 14 = 0.0000e+00, 0.0000e+00      
# interval = decibars: 1                
# start_time = Jul 21 2006 07:01:26
# bad_flag = -9.990e-29
*END*
Pressure	Temperature	Conductivity	Temperature2	Conductivity2	Oxygen	Fluorescence	Beam Attenuation	SPAR	latitude	longitude	timeY	timeJ	Salinity	flag
     11.000    -0.6669   2.827748    -0.6667   2.809316    6.10054     0.1424    13.8155 0.0000e+00  -60.61617  -54.71983 1153465282 202.292620    34.7392 0.0000e+00
     12.000    -0.6543   2.816456    -0.6705   2.799770    6.85620     0.1734    13.8155 0.0000e+00  -60.61617  -54.71983 1153465305 202.292907    34.5737 0.0000e+00
     13.000    -0.6791   2.786028    -0.6794   2.786476    7.53926     0.1830    13.8155 0.0000e+00  -60.61617  -54.71983 1153465334 202.293243    34.1880 0.0000e+00
     14.000    -0.6784   2.785764    -0.6785   2.786449    7.55658     0.1972    13.8155 0.0000e+00  -60.61617  -54.71983 1153465337 202.293276    34.1829 0.0000e+00
     15.000    -0.6792   2.785765    -0.6800   2.786385    7.56674     0.1833    13.8155 0.0000e+00  -60.61617  -54.71983 1153465341 202.293321    34.1832 0.0000e+00
     16.000    -0.6773   2.785971    -0.6758   2.786755    7.57517     0.1779    13.8155 0.0000e+00  -60.61617  -54.71983 1153465342 202.293334    34.1832 0.0000e+00
     17.000    -0.6744   2.786248    -0.6748   2.786891    7.58028     0.1802    13.8155 0.0000e+00  -60.61617  -54.71983 1153465343 202.293348    34.1830 0.0000e+00
     18.000    -0.6714   2.786542    -0.6696   2.787354    7.58492     0.2025    13.8155 0.0000e+00  -60.61617  -54.71983 1153465345 202.293376    34.1827 0.0000e+00
     19.000    -0.6728   2.786487    -0.6703   2.787374    7.58842     0.1844    13.8155 0.0000e+00  -60.61617  -54.71983 1153465348 202.293403    34.1830 0.0000e+00
     20.000    -0.6737   2.786462    -0.6731   2.787164    7.59121     0.1996    13.8155 0.0000e+00  -60.61617  -54.71983 1153465351 202.293438    34.1831 0.0000e+00
     21.000    -0.6678   2.787010    -0.6676   2.787678    7.59192     0.2036    13.8155 0.0000e+00  -60.61617  -54.71983 1153465353 202.293463    34.1831 0.0000e+00
     22.000    -0.6680   2.787041    -0.6683   2.787663    7.59215     0.1941    13.8155 0.0000e+00  -60.61617  -54.71983 1153465354 202.293476    34.1831 0.0000e+00
     23.000    -0.6681   2.787078    -0.6684   2.787696    7.59540     0.1951    13.8155 0.0000e+00  -60.61617  -54.71983 1153465355 202.293491    34.1832 0.0000e+00
     24.000    -0.6681   2.787119    -0.6683   2.787733    7.60381     0.2035    13.8155 0.0000e+00  -60.61617  -54.71983 1153465358 202.293523    34.1832 0.0000e+00
     25.000    -0.6688   2.787112    -0.6687   2.787739    7.60962     0.1914    13.8155 0.0000e+00  -60.61617  -54.71983 1153465361 202.293555    34.1833 0.0000e+00
     26.000    -0.6682   2.787207    -0.6683   2.787822    7.61041     0.2082    13.8155 0.0000e+00  -60.61617  -54.71983 1153465362 202.293568    34.1833 0.0000e+00
     27.000    -0.6681   2.787273    -0.6679   2.787907    7.61183     0.2023    13.8155 0.0000e+00  -60.61617  -54.71983 1153465363 202.293584    34.1834 0.0000e+00
     28.000    -0.6672   2.787400    -0.6675   2.787997    7.60795     0.2159    13.8155 0.0000e+00  -60.61617  -54.71983 1153465366 202.293609    34.1835 0.0000e+00
     29.000    -0.6665   2.787509    -0.6667   2.788106    7.61266     0.2204    13.8155 0.0000e+00  -60.61617  -54.71983 1153465368 202.293641    34.1836 0.0000e+00
     30.000    -0.6640   2.787823    -0.6635   2.788459    7.61418     0.2206    13.8155 0.0000e+00  -60.61617  -54.71983 1153465372 202.293685    34.1843 0.0000e+00
     31.000    -0.6630   2.787969    -0.6629   2.788565    7.61284     0.2103    13.8155 0.0000e+00  -60.61617  -54.71983 1153465374 202.293701    34.1845 0.0000e+00
     32.000    -0.6652   2.787793    -0.6652   2.788411    7.61347     0.2315    13.8155 0.0000e+00  -60.61617  -54.71983 1153465375 202.293714    34.1842 0.0000e+00
     33.000    -0.6657   2.787798    -0.6660   2.788365    7.61266     0.2221    13.8155 0.0000e+00  -60.61617  -54.71983 1153465376 202.293730    34.1841 0.0000e+00
     34.000    -0.6663   2.787785    -0.6665   2.788357    7.61237     0.2298    13.8155 0.0000e+00  -60.61617  -54.71983 1153465377 202.293746    34.1840 0.0000e+00
     35.000    -0.6660   2.787861    -0.6658   2.788462    7.61232     0.2249    13.8155 0.0000e+00  -60.61617  -54.71983 1153465379 202.293762    34.1841 0.0000e+00
     36.000    -0.6647   2.788037    -0.6653   2.788573    7.61774     0.2295    13.8155 0.0000e+00  -60.61617  -54.71983 1153465384 202.293823    34.1843 0.0000e+00
     37.000    -0.6672   2.787869    -0.6666   2.788496    7.61670     0.2220    13.8155 0.0000e+00  -60.61617  -54.71983 1153465386 202.293840    34.1844 0.0000e+00
     38.000    -0.6657   2.788062    -0.6655   2.788635    7.61314     0.2188    13.8155 0.0000e+00  -60.61617  -54.71983 1153465387 202.293851    34.1846 0.0000e+00
     39.000    -0.6652   2.788150    -0.6649   2.788765    7.61224     0.2257    13.8155 0.0000e+00  -60.61617  -54.71983 1153465388 202.293864    34.1846 0.0000e+00
     40.000    -0.6654   2.788201    -0.6642   2.788861    7.61230     0.2288    13.8155 0.0000e+00  -60.61617  -54.71983 1153465389 202.293883    34.1849 0.0000e+00
     41.000    -0.6592   2.788854    -0.6584   2.789473    7.60664     0.2325    13.8155 0.0000e+00  -60.61617  -54.71983 1153465393 202.293924    34.1860 0.0000e+00
     42.000    -0.6487   2.789957    -0.6482   2.790449    7.59813     0.2108    13.8155 0.0000e+00  -60.61617  -54.71983 1153465396 202.293963    34.1880 0.0000e+00
     43.000    -0.6471   2.790110    -0.6470   2.790658    7.59437     0.2170    13.8155 0.0000e+00  -60.61617  -54.71983 1153465397 202.293976    34.1877 0.0000e+00
     44.000    -0.6468   2.790182    -0.6463   2.790763    7.59239     0.2288    13.8155 0.0000e+00  -60.61617  -54.71983 1153465399 202.294001    34.1878 0.0000e+00
     45.000    -0.6461   2.790318    -0.6454   2.790896    7.59112     0.2214    13.8155 0.0000e+00  -60.61617  -54.71983 1153465403 202.294047    34.1884 0.0000e+00
     46.000    -0.6445   2.790506    -0.6438   2.791091    7.58954     0.2340    13.8155 0.0000e+00  -60.61617  -54.71983 1153465404 202.294059    34.1885 0.0000e+00
     47.000    -0.6444   2.790573    -0.6438   2.791151    7.59406     0.2247    13.8155 0.0000e+00  -60.61617  -54.71983 1153465409 202.294112    34.1887 0.0000e+00
     48.000    -0.6462   2.790402    -0.6463   2.790975    7.59483     0.2316    13.8155 0.0000e+00  -60.61617  -54.71983 1153465412 202.294142    34.1880 0.0000e+00
     49.000    -0.6324   2.791849    -0.6317   2.792416    7.58460     0.2525    13.8155 0.0000e+00  -60.61617  -54.71983 1153465414 202.294164    34.1909 0.0000e+00
     50.000    -0.6282   2.792301    -0.6253   2.793100    7.57362     0.2598    13.8155 0.0000e+00  -60.61617  -54.71983 1153465417 202.294208    34.1917 0.0000e+00
     51.000    -0.6275   2.792459    -0.6269   2.792968    7.56968     0.2733    13.8155 0.0000e+00  -60.61617  -54.71983 1153465439 202.294456    34.1925 0.0000e+00
