product_data/regression_test/downloaded_data/MDGS/320620060703/ctd/adapted/heads_insert_p6609003.cnv
* Sea-Bird SBE 9 Data File:
* FileName = D:\Data\Raw\P6609003.dat
* Software Version Seasave Win32 V 5.32
* Temperature SN = 1649
* Conductivity SN = 1431
* Number of Bytes Per Scan = 37
* Number of Voltage Words = 5
* Number of Scans Averaged by the Deck Unit = 1
* NMEA Latitude = 61 22.54 S
* NMEA Longitude = 057 54.34 W
* NMEA UTC (Time) = 13:28:01
** Ship:   Nathaniel B. Palmer 
** Cruise:    NBP0603 p0606
** Cast #: 03
** Station:   90
** Operator: rdd
# nquan = 15
# nvalues = 1399                        
# units = specified
# name 0 = prDM: Pressure, Digiquartz [db]
# name 1 = t090C: Temperature [ITS-90, deg C]
# name 2 = c0S/m: Conductivity [S/m]
# name 3 = t190C: Temperature, 2 [ITS-90, deg C]
# name 4 = c1S/m: Conductivity, 2 [S/m]
# name 5 = sbeox0ML/L: Oxygen, SBE 43 [ml/l]
# name 6 = flECO-AFL: Fluorescence, Wetlab ECO-AFL/FL [mg/m^3]
# name 7 = bat: Beam Attenuation, Chelsea/Seatech/Wetlab CStar [1/m]
# name 8 = spar: SPAR/Surface Irradiance
# name 9 = latitude: Latitude [deg]
# name 10 = longitude: Longitude [deg]
# name 11 = timeY: Time, System [seconds]
# name 12 = timeJ: Julian Days
# name 13 = sal00: Salinity [PSU]
# name 14 = flag: flag
# span 0 =      4.000,   1402.000       
# span 1 =    -0.8073,     1.6064       
# span 2 =   2.771560,   3.048811       
# span 3 =    -0.8067,     1.6072       
# span 4 =   2.772168,   3.049082       
# span 5 =    4.66159,    7.82967       
# span 6 =    -0.1246,     0.3775       
# span 7 =    13.8155,    13.8155       
# span 8 = 1.1361e+01, 3.7057e+01       
# span 9 =  -61.37567,  -61.37567       
# span 10 =  -57.90567,  -57.90567      
# span 11 = 1152538089, 1152540167      
# span 12 = 191.561226, 191.585276      
# span 13 =    34.0612,    34.7275      
# span 14 = 0.0000e+00, 0.0000e+00      
# interval = decibars: 1                
# start_time = Jul 10 2006 13:28:09
# bad_flag = -9.990e-29
*END*
[from data line 290]
    293.000    -0.0093   2.876345    -0.0081   2.876670    6.16651    -0.0313    13.8155 1.6391e+01  -61.37567  -57.90567 1152538678 191.568049    34.4704 0.0000e+00
    294.000    -0.0112   2.876235    -0.0096   2.876567    6.16956    -0.0416    13.8155 1.7374e+01  -61.37567  -57.90567 1152538680 191.568069    34.4704 0.0000e+00
    295.000     0.0016   2.877381    -0.0006   2.877364    6.17136    -0.0443    13.8155 1.6441e+01  -61.37567  -57.90567 1152538683 191.568110    34.4700 0.0000e+00
    296.000    -0.0015   2.877196    -0.0043   2.877197    6.17112    -0.0367    13.8155 -9.990e-29  -61.37567  -57.90567 1152538686 191.568141    34.4703 0.0000e+00
    297.000    -0.0060   2.877004    -0.0043   2.877336    6.17130    -0.0450    13.8155 -9.990e-29  -61.37567  -57.90567 1152538687 191.568152    34.4725 0.0000e+00
    298.000    -0.0029   2.877382    -0.0012   2.877671    6.16972    -0.0320    13.8155 -9.990e-29  -61.37567  -57.90567 1152538688 191.568163    34.4735 0.0000e+00
    299.000     0.0070   2.878369     0.0124   2.879007    6.16604    -0.0481    13.8155 -9.990e-29  -61.37567  -57.90567 1152538689 191.568174    34.4744 0.0000e+00
    300.000     0.0098   2.878649     0.0118   2.879045    6.16161    -0.0506    13.8155 -9.990e-29  -61.37567  -57.90567 1152538690 191.568192    34.4742 0.0000e+00
    301.000     0.0141   2.879145     0.0156   2.879433    6.15691    -0.0506    13.8155 -9.990e-29  -61.37567  -57.90567 1152538692 191.568217    34.4752 0.0000e+00
    302.000     0.0230   2.880036     0.0249   2.880375    6.15485    -0.0498    13.8155 -9.990e-29  -61.37567  -57.90567 1152538694 191.568240    34.4762 0.0000e+00
    303.000     0.0188   2.879637     0.0203   2.879940    6.14846    -0.0449    13.8155 1.6161e+01  -61.37567  -57.90567 1152538696 191.568255    34.4754 0.0000e+00
    304.000     0.0369   2.881420     0.0364   2.881441    6.14555    -0.0394    13.8155 1.6048e+01  -61.37567  -57.90567 1152538697 191.568266    34.4771 0.0000e+00
    305.000     0.0386   2.881633     0.0388   2.881793    6.14079    -0.0495    13.8155 1.6391e+01  -61.37567  -57.90567 1152538698 191.568276    34.4778 0.0000e+00
    306.000     0.0396   2.881775     0.0406   2.882033    6.13209    -0.0418    13.8155 1.7013e+01  -61.37567  -57.90567 1152538699 191.568292    34.4779 0.0000e+00
    307.000     0.0321   2.881115     0.0347   2.881527    6.10656    -0.0539    13.8155 1.7255e+01  -61.37567  -57.90567 1152538702 191.568328    34.4774 0.0000e+00
    308.000     0.0575   2.883616     0.0656   2.884342    6.08093    -0.0554    13.8155 1.6709e+01  -61.37567  -57.90567 1152538704 191.568350    34.4822 0.0000e+00
    309.000     0.1963   2.896918     0.2056   2.897500    6.04462    -0.0530    13.8155 1.6035e+01  -61.37567  -57.90567 1152538705 191.568364    34.4969 0.0000e+00
    310.000     0.2258   2.899674     0.2280   2.899842    6.01273    -0.0527    13.8155 1.5517e+01  -61.37567  -57.90567 1152538706 191.568377    34.4982 0.0000e+00
    311.000     0.2445   2.901527     0.2466   2.901747    5.98244    -0.0466    13.8155 1.6391e+01  -61.37567  -57.90567 1152538708 191.568392    34.5011 0.0000e+00
    312.000     0.2487   2.901960     0.2513   2.902282    5.94617    -0.0479    13.8155 1.7416e+01  -61.37567  -57.90567 1152538710 191.568418    34.5028 0.0000e+00
    313.000     0.2591   2.903072     0.2604   2.903264    5.92343    -0.0419    13.8155 1.6869e+01  -61.37567  -57.90567 1152538711 191.568435    34.5055 0.0000e+00
    314.000     0.2734   2.904485     0.2698   2.904162    5.91111    -0.0592    13.8155 1.6072e+01  -61.37567  -57.90567 1152538712 191.568446    34.5076 0.0000e+00
    315.000     0.2977   2.906860     0.3002   2.907071    5.90042    -0.0579    13.8155 1.8344e+01  -61.37567  -57.90567 1152538713 191.568458    34.5108 0.0000e+00
    316.000     0.3173   2.908753     0.3234   2.909335    5.88067    -0.0562    13.8155 1.7434e+01  -61.37567  -57.90567 1152538715 191.568474    34.5131 0.0000e+00
    317.000     0.3417   2.911079     0.3430   2.911243    5.85686    -0.0486    13.8155 1.7588e+01  -61.37567  -57.90567 1152538717 191.568498    34.5157 0.0000e+00
    318.000     0.3409   2.911043     0.3431   2.911342    5.84073    -0.0457    13.8155 1.7370e+01  -61.37567  -57.90567 1152538720 191.568536    34.5170 0.0000e+00
    319.000     0.3531   2.912237     0.3537   2.912376    5.83123    -0.0402    13.8155 -9.990e-29  -61.37567  -57.90567 1152538722 191.568553    34.5183 0.0000e+00
    320.000     0.3480   2.911857     0.3562   2.912768    5.83080    -0.0611    13.8155 -9.990e-29  -61.37567  -57.90567 1152538722 191.568563    34.5186 0.0000e+00
    321.000     0.3465   2.911747     0.3421   2.911502    5.83151    -0.0479    13.8155 -9.990e-29  -61.37567  -57.90567 1152538723 191.568572    34.5185 0.0000e+00
    322.000     0.3334   2.910656     0.3429   2.911653    5.82751    -0.0589    13.8155 -9.990e-29  -61.37567  -57.90567 1152538724 191.568580    34.5190 0.0000e+00
    323.000     0.3545   2.912720     0.3628   2.913642    5.82087    -0.0549    13.8155 -9.990e-29  -61.37567  -57.90567 1152538725 191.568594    34.5216 0.0000e+00
    324.000     0.3548   2.912700     0.3599   2.913380    5.81570    -0.0486    13.8155 -9.990e-29  -61.37567  -57.90567 1152538728 191.568630    34.5201 0.0000e+00
    325.000     0.3754   2.914828     0.3776   2.915166    5.80389    -0.0595    13.8155 1.9463e+01  -61.37567  -57.90567 1152538730 191.568649    34.5244 0.0000e+00
    326.000     0.3747   2.914878     0.3759   2.915098    5.79474    -0.0461    13.8155 1.9483e+01  -61.37567  -57.90567 1152538733 191.568684    34.5260 0.0000e+00
    327.000     0.3897   2.916376     0.3909   2.916612    5.78880    -0.0533    13.8155 1.9311e+01  -61.37567  -57.90567 1152538734 191.568700    34.5278 0.0000e+00
    328.000     0.3869   2.916194     0.3882   2.916451    5.78730    -0.0649    13.8155 1.9045e+01  -61.37567  -57.90567 1152538735 191.568710    34.5281 0.0000e+00
    329.000     0.3870   2.916276     0.3877   2.916482    5.78413    -0.0649    13.8155 1.9360e+01  -61.37567  -57.90567 1152538736 191.568718    34.5286 0.0000e+00
    330.000     0.3868   2.916311     0.3878   2.916543    5.78334    -0.0615    13.8155 1.8792e+01  -61.37567  -57.90567 1152538736 191.568726    34.5288 0.0000e+00
    331.000     0.3820   2.915894     0.3822   2.916068    5.78208    -0.0667    13.8155 1.8634e+01  -61.37567  -57.90567 1152538737 191.568734    34.5281 0.0000e+00
    332.000     0.3807   2.915855     0.3831   2.916193    5.77444    -0.0720    13.8155 1.8462e+01  -61.37567  -57.90567 1152538738 191.568746    34.5288 0.0000e+00
    333.000     0.3813   2.915944     0.3879   2.916764    5.77712    -0.0589    13.8155 1.9262e+01  -61.37567  -57.90567 1152538743 191.568804    34.5290 0.0000e+00
    334.000     0.3866   2.916502     0.3885   2.916851    5.77842    -0.0624    13.8155 1.8294e+01  -61.37567  -57.90567 1152538746 191.568836    34.5296 0.0000e+00
    335.000     0.3915   2.917110     0.3931   2.917401    5.77557    -0.0503    13.8155 1.7823e+01  -61.37567  -57.90567 1152538747 191.568844    34.5316 0.0000e+00
    336.000     0.3943   2.917397     0.3950   2.917619    5.77467    -0.0552    13.8155 1.7805e+01  -61.37567  -57.90567 1152538747 191.568851    34.5313 0.0000e+00
    337.000     0.3990   2.917993     0.3997   2.918216    5.77296    -0.0581    13.8155 1.8715e+01  -61.37567  -57.90567 1152538748 191.568858    34.5334 0.0000e+00
    338.000     0.3978   2.917902     0.3981   2.918148    5.77404    -0.0482    13.8155 1.9374e+01  -61.37567  -57.90567 1152538748 191.568864    34.5323 0.0000e+00
    339.000     0.3691   2.915474     0.3710   2.915842    5.77202    -0.0517    13.8155 1.9131e+01  -61.37567  -57.90567 1152538749 191.568876    34.5332 0.0000e+00
    340.000     0.3775   2.916255     0.3845   2.917032    5.77398    -0.0632    13.8155 1.8660e+01  -61.37567  -57.90567 1152538752 191.568904    34.5333 0.0000e+00
    341.000     0.3767   2.916216     0.3523   2.914514    5.77543    -0.0486    13.8155 1.9494e+01  -61.37567  -57.90567 1152538755 191.568939    34.5332 0.0000e+00
    342.000     0.3473   2.913891     0.3483   2.914250    5.78359    -0.0591    13.8155 1.8083e+01  -61.37567  -57.90567 1152538759 191.568989    34.5356 0.0000e+00
    343.000     0.3426   2.913646     0.3427   2.913827    5.78277    -0.0390    13.8155 1.8054e+01  -61.37567  -57.90567 1152538760 191.568997    34.5375 0.0000e+00
    344.000     0.3515   2.914572     0.3507   2.914590    5.77776    -0.0606    13.8155 1.8953e+01  -61.37567  -57.90567 1152538761 191.569005    34.5389 0.0000e+00
    345.000     0.3610   2.915487     0.3628   2.915777    5.77448    -0.0651    13.8155 1.7958e+01  -61.37567  -57.90567 1152538761 191.569012    34.5392 0.0000e+00
    346.000     0.3670   2.916045     0.3676   2.916280    5.77190    -0.0529    13.8155 1.9207e+01  -61.37567  -57.90567 1152538762 191.569019    34.5387 0.0000e+00
    347.000     0.3660   2.915992     0.3670   2.916309    5.77069    -0.0610    13.8155 1.9317e+01  -61.37567  -57.90567 1152538762 191.569025    34.5386 0.0000e+00
    348.000     0.3656   2.916019     0.3659   2.916278    5.76956    -0.0507    13.8155 -9.990e-29  -61.37567  -57.90567 1152538763 191.569031    34.5389 0.0000e+00
    349.000     0.3627   2.915793     0.3639   2.916094    5.77286    -0.0619    13.8155 -9.990e-29  -61.37567  -57.90567 1152538767 191.569082    34.5386 0.0000e+00
    350.000     0.3612   2.915649     0.3622   2.915890    5.78032    -0.0637    13.8155 -9.990e-29  -61.37567  -57.90567 1152538771 191.569127    34.5378 0.0000e+00
    351.000     0.3619   2.915876     0.3622   2.915975    5.78013    -0.0624    13.8155 -9.990e-29  -61.37567  -57.90567 1152538772 191.569138    34.5394 0.0000e+00
    352.000     0.3585   2.915797     0.3589   2.916030    5.77790    -0.0646    13.8155 -9.990e-29  -61.37567  -57.90567 1152538773 191.569148    34.5414 0.0000e+00
    353.000     0.3549   2.915560     0.3561   2.915852    5.77565    -0.0611    13.8155 -9.990e-29  -61.37567  -57.90567 1152538774 191.569157    34.5420 0.0000e+00
    354.000     0.3515   2.915296     0.3541   2.915717    5.77901    -0.0632    13.8155 -9.990e-29  -61.37567  -57.90567 1152538774 191.569165    34.5418 0.0000e+00
    355.000     0.3231   2.912553     0.3203   2.912653    5.77999    -0.0589    13.8155 -9.990e-29  -61.37567  -57.90567 1152538775 191.569173    34.5380 0.0000e+00
    356.000     0.2939   2.910146     0.2948   2.910500    5.78590    -0.0638    13.8155 -9.990e-29  -61.37567  -57.90567 1152538776 191.569183    34.5392 0.0000e+00
    357.000     0.3142   2.912028     0.3026   2.911121    5.79218    -0.0594    13.8155 -9.990e-29  -61.37567  -57.90567 1152538779 191.569223    34.5397 0.0000e+00
    358.000     0.3191   2.912571     0.3178   2.912573    5.79614    -0.0634    13.8155 -9.990e-29  -61.37567  -57.90567 1152538783 191.569261    34.5400 0.0000e+00
    359.000     0.3124   2.912008     0.3165   2.912563    5.80207    -0.0480    13.8155 -9.990e-29  -61.37567  -57.90567 1152538784 191.569279    34.5397 0.0000e+00
    360.000     0.3118   2.912007     0.3099   2.912060    5.80698    -0.0672    13.8155 -9.990e-29  -61.37567  -57.90567 1152538785 191.569293    34.5395 0.0000e+00
    361.000     0.2939   2.910436     0.2922   2.910523    5.80865    -0.0457    13.8155 -9.990e-29  -61.37567  -57.90567 1152538786 191.569303    34.5389 0.0000e+00
    362.000     0.2874   2.909906     0.2878   2.910153    5.81069    -0.0745    13.8155 -9.990e-29  -61.37567  -57.90567 1152538787 191.569311    34.5388 0.0000e+00
    363.000     0.2742   2.908753     0.2777   2.909412    5.81207    -0.0588    13.8155 -9.990e-29  -61.37567  -57.90567 1152538788 191.569320    34.5383 0.0000e+00
    364.000     0.2686   2.908330     0.2695   2.908635    5.81592    -0.0572    13.8155 -9.990e-29  -61.37567  -57.90567 1152538789 191.569331    34.5386 0.0000e+00
    365.000     0.2702   2.908529     0.2684   2.908574    5.83476    -0.0660    13.8155 1.9481e+01  -61.37567  -57.90567 1152538792 191.569371    34.5381 0.0000e+00
    366.000     0.2599   2.907581     0.2504   2.907112    5.85197    -0.0753    13.8155 1.9481e+01  -61.37567  -57.90567 1152538795 191.569399    34.5372 0.0000e+00
    367.000     0.2025   2.902535     0.1999   2.902583    5.86478    -0.0656    13.8155 1.9481e+01  -61.37567  -57.90567 1152538796 191.569412    34.5353 0.0000e+00
    368.000     0.1702   2.899687     0.1722   2.900119    5.88671    -0.0536    13.8155 1.9481e+01  -61.37567  -57.90567 1152538797 191.569427    34.5346 0.0000e+00
    369.000     0.1710   2.899802     0.1714   2.900064    5.89947    -0.0801    13.8155 1.9481e+01  -61.37567  -57.90567 1152538799 191.569444    34.5340 0.0000e+00
    370.000     0.1724   2.899980     0.1740   2.900338    5.89627    -0.0629    13.8155 1.9481e+01  -61.37567  -57.90567 1152538800 191.569457    34.5338 0.0000e+00
    371.000     0.1716   2.899947     0.1670   2.899820    5.90631    -0.0917    13.8155 -9.990e-29  -61.37567  -57.90567 1152538801 191.569468    34.5331 0.0000e+00
    372.000     0.1077   2.894198     0.1077   2.894674    5.92365    -0.0661    13.8155 -9.990e-29  -61.37567  -57.90567 1152538802 191.569481    34.5296 0.0000e+00
    373.000     0.1425   2.897581     0.1427   2.897632    5.94061    -0.0603    13.8155 -9.990e-29  -61.37567  -57.90567 1152538805 191.569521    34.5335 0.0000e+00
    374.000     0.0967   2.893299     0.0890   2.893126    5.95055    -0.0638    13.8155 -9.990e-29  -61.37567  -57.90567 1152538807 191.569541    34.5292 0.0000e+00
    375.000     0.0720   2.891277     0.0731   2.891640    5.95395    -0.0668    13.8155 -9.990e-29  -61.37567  -57.90567 1152538808 191.569551    34.5296 0.0000e+00
    376.000     0.0728   2.891366     0.0741   2.891741    5.95960    -0.0814    13.8155 -9.990e-29  -61.37567  -57.90567 1152538808 191.569559    34.5289 0.0000e+00
    377.000     0.0741   2.891538     0.0750   2.891855    5.96375    -0.0492    13.8155 -9.990e-29  -61.37567  -57.90567 1152538809 191.569568    34.5288 0.0000e+00
    378.000     0.0755   2.891738     0.0792   2.892274    5.97659    -0.0715    13.8155 -9.990e-29  -61.37567  -57.90567 1152538812 191.569605    34.5284 0.0000e+00
    379.000     0.0764   2.891879     0.0788   2.892321    5.98278    -0.0664    13.8155 -9.990e-29  -61.37567  -57.90567 1152538815 191.569636    34.5282 0.0000e+00
    380.000     0.0811   2.892404     0.0836   2.892811    5.98108    -0.0718    13.8155 -9.990e-29  -61.37567  -57.90567 1152538816 191.569647    34.5289 0.0000e+00
    381.000     0.0846   2.892784     0.0875   2.893237    5.97898    -0.0807    13.8155 -9.990e-29  -61.37567  -57.90567 1152538817 191.569659    34.5294 0.0000e+00
    382.000     0.0906   2.893391     0.0919   2.893740    5.97607    -0.0664    13.8155 -9.990e-29  -61.37567  -57.90567 1152538818 191.569670    34.5297 0.0000e+00
    383.000     0.0895   2.893378     0.0914   2.893766    5.97285    -0.0767    13.8155 -9.990e-29  -61.37567  -57.90567 1152538819 191.569681    34.5301 0.0000e+00
    384.000     0.0927   2.893727     0.0936   2.893999    5.97127    -0.0625    13.8155 -9.990e-29  -61.37567  -57.90567 1152538820 191.569690    34.5304 0.0000e+00
    385.000     0.0943   2.893906     0.0954   2.894200    5.96905    -0.0674    13.8155 -9.990e-29  -61.37567  -57.90567 1152538821 191.569702    34.5303 0.0000e+00
    386.000     0.0933   2.893842     0.0948   2.894197    5.97580    -0.0535    13.8155 1.9330e+01  -61.37567  -57.90567 1152538825 191.569749    34.5300 0.0000e+00
    387.000     0.0881   2.893373     0.0886   2.893710    5.98488    -0.0507    13.8155 1.8817e+01  -61.37567  -57.90567 1152538828 191.569788    34.5291 0.0000e+00
