product_data/regression_test/downloaded_data/MDGS/320620060703/ctd/adapted/heads_insert_p6611801.cnv
* Sea-Bird SBE 9 Data File:
* FileName = D:\Data\Raw\p6611801.dat
* Software Version Seasave Win32 V 5.32
* Temperature SN = 1649
* Conductivity SN = 1431
* Number of Bytes Per Scan = 37
* Number of Voltage Words = 5
* Number of Scans Averaged by the Deck Unit = 1
* NMEA Latitude = 61 14.68 S
* NMEA Longitude = 054 20.83 W
* NMEA UTC (Time) = 19:24:47
** Ship:   Nathaniel B. Palmer 
** Cruise:    NBP0606 
# nquan = 15
# nvalues = 320                         
# units = specified
# name 0 = prDM: Pressure, Digiquartz [db]
# name 1 = t090C: Temperature [ITS-90, deg C]
# name 2 = c0S/m: Conductivity [S/m]
# name 3 = t190C: Temperature, 2 [ITS-90, deg C]
# name 4 = c1S/m: Conductivity, 2 [S/m]
# name 5 = sbeox0ML/L: Oxygen, SBE 43 [ml/l]
# name 6 = flECO-AFL: Fluorescence, Wetlab ECO-AFL/FL [mg/m^3]
# name 7 = bat: Beam Attenuation, Chelsea/Seatech/Wetlab CStar [1/m]
# name 8 = spar: SPAR/Surface Irradiance
# name 9 = latitude: Latitude [deg]
# name 10 = longitude: Longitude [deg]
# name 11 = timeY: Time, System [seconds]
# name 12 = timeJ: Julian Days
# name 13 = sal00: Salinity [PSU]
# name 14 = flag: flag
# span 0 =      2.000,    321.000       
# span 1 =    -1.1672,    -0.6122       
# span 2 =   2.751001,   2.825286       
# span 3 =    -1.1687,    -0.6121       
# span 4 =   2.751635,   2.825673       
# span 5 =    6.54696,    7.40989       
# span 6 =    -0.0667,     0.1652       
# span 7 =    13.8155,    13.8155       
# span 8 = 0.0000e+00, 0.0000e+00       
# span 9 =  -61.24467,  -61.24467       
# span 10 =  -54.34717,  -54.34717      
# span 11 = 1152905093, 1152905666      
# span 12 = 195.808939, 195.815609      
# span 13 =    34.2686,    34.4520      
# span 14 = 0.0000e+00, 0.0000e+00      
# interval = decibars: 1                
# start_time = Jul 14 2006 19:24:56
# bad_flag = -9.990e-29
*END*
[from data line 97]
     98.000    -0.7734   2.794904    -0.7719   2.795464    6.92561     0.1652    13.8155 0.0000e+00  -61.24467  -54.34717 1152905288 195.811224    34.3615 0.0000e+00
     99.000    -0.7743   2.794889    -0.7726   2.795509    6.92366     0.1500    13.8155 0.0000e+00  -61.24467  -54.34717 1152905289 195.811237    34.3617 0.0000e+00
    100.000    -0.7809   2.794280    -0.7781   2.794990    6.92208     0.1488    13.8155 0.0000e+00  -61.24467  -54.34717 1152905290 195.811252    34.3606 0.0000e+00
    101.000    -0.7764   2.794776    -0.7774   2.795075    6.92273     0.1441    13.8155 0.0000e+00  -61.24467  -54.34717 1152905292 195.811271    34.3618 0.0000e+00
    102.000    -0.7741   2.795081    -0.7730   2.795581    6.92467     0.1325    13.8155 0.0000e+00  -61.24467  -54.34717 1152905293 195.811289    34.3626 0.0000e+00
    103.000    -0.7723   2.795326    -0.7710   2.795895    6.92527     0.1209    13.8155 0.0000e+00  -61.24467  -54.34717 1152905294 195.811304    34.3632 0.0000e+00
    104.000    -0.7720   2.795393    -0.7716   2.795827    6.92257     0.1217    13.8155 0.0000e+00  -61.24467  -54.34717 1152905296 195.811317    34.3632 0.0000e+00
    105.000    -0.7695   2.795712    -0.7686   2.796216    6.91849     0.1120    13.8155 0.0000e+00  -61.24467  -54.34717 1152905297 195.811329    34.3640 0.0000e+00
    106.000    -0.7760   2.795115    -0.7748   2.795670    6.91563     0.1227    13.8155 0.0000e+00  -61.24467  -54.34717 1152905298 195.811343    34.3635 0.0000e+00
    107.000    -0.7805   2.794750    -0.7789   2.795334    6.91485     0.1187    13.8155 0.0000e+00  -61.24467  -54.34717 1152905299 195.811358    34.3626 0.0000e+00
    108.000    -0.7759   2.795293    -0.7747   2.795829    6.91187     0.0989    13.8155 0.0000e+00  -61.24467  -54.34717 1152905300 195.811373    34.3641 0.0000e+00
    109.000    -0.7716   2.795792    -0.7711   2.796239    6.90690     0.0971    13.8155 0.0000e+00  -61.24467  -54.34717 1152905302 195.811387    34.3652 0.0000e+00
    110.000    -0.7676   2.796174    -0.7665   2.796686    6.90659     0.1084    13.8155 0.0000e+00  -61.24467  -54.34717 1152905303 195.811403    34.3650 0.0000e+00
    111.000    -0.7672   2.796241    -0.7663   2.796758    6.90755     0.1057    13.8155 0.0000e+00  -61.24467  -54.34717 1152905305 195.811428    34.3651 0.0000e+00
    112.000    -0.7678   2.796253    -0.7667   2.796769    6.90818     0.0957    13.8155 0.0000e+00  -61.24467  -54.34717 1152905307 195.811448    34.3652 0.0000e+00
    113.000    -0.7682   2.796244    -0.7676   2.796725    6.91016     0.0871    13.8155 0.0000e+00  -61.24467  -54.34717 1152905308 195.811460    34.3650 0.0000e+00
    114.000    -0.7685   2.796253    -0.7677   2.796742    6.90839     0.0969    13.8155 0.0000e+00  -61.24467  -54.34717 1152905309 195.811470    34.3648 0.0000e+00
    115.000    -0.7684   2.796320    -0.7674   2.796833    6.90728     0.0906    13.8155 0.0000e+00  -61.24467  -54.34717 1152905310 195.811479    34.3650 0.0000e+00
    116.000    -0.7695   2.796206    -0.7687   2.796723    6.90624     0.1022    13.8155 0.0000e+00  -61.24467  -54.34717 1152905310 195.811488    34.3642 0.0000e+00
    117.000    -0.7686   2.796413    -0.7683   2.796856    6.90548     0.1094    13.8155 0.0000e+00  -61.24467  -54.34717 1152905312 195.811502    34.3654 0.0000e+00
    118.000    -0.7649   2.796936    -0.7636   2.797476    6.90311     0.0993    13.8155 0.0000e+00  -61.24467  -54.34717 1152905313 195.811524    34.3675 0.0000e+00
    119.000    -0.7638   2.797094    -0.7619   2.797691    6.89746     0.0977    13.8155 0.0000e+00  -61.24467  -54.34717 1152905315 195.811539    34.3678 0.0000e+00
    120.000    -0.7613   2.797437    -0.7609   2.797887    6.89493     0.1239    13.8155 0.0000e+00  -61.24467  -54.34717 1152905316 195.811559    34.3688 0.0000e+00
    121.000    -0.7644   2.797127    -0.7636   2.797599    6.89494     0.1065    13.8155 0.0000e+00  -61.24467  -54.34717 1152905319 195.811582    34.3677 0.0000e+00
    122.000    -0.7611   2.797561    -0.7610   2.797964    6.89680     0.1114    13.8155 0.0000e+00  -61.24467  -54.34717 1152905320 195.811595    34.3692 0.0000e+00
    123.000    -0.7599   2.797774    -0.7585   2.798293    6.89583     0.1088    13.8155 0.0000e+00  -61.24467  -54.34717 1152905320 195.811605    34.3701 0.0000e+00
    124.000    -0.7617   2.797560    -0.7606   2.798092    6.89413     0.1106    13.8155 0.0000e+00  -61.24467  -54.34717 1152905321 195.811614    34.3686 0.0000e+00
    125.000    -0.7622   2.797561    -0.7611   2.798074    6.89497     0.0992    13.8155 0.0000e+00  -61.24467  -54.34717 1152905322 195.811625    34.3687 0.0000e+00
    126.000    -0.7599   2.797836    -0.7583   2.798378    6.89343     0.0868    13.8155 0.0000e+00  -61.24467  -54.34717 1152905324 195.811641    34.3690 0.0000e+00
    127.000    -0.7597   2.797874    -0.7592   2.798353    6.89375     0.0850    13.8155 0.0000e+00  -61.24467  -54.34717 1152905325 195.811663    34.3687 0.0000e+00
    128.000    -0.7608   2.797837    -0.7577   2.798562    6.89277     0.0652    13.8155 0.0000e+00  -61.24467  -54.34717 1152905327 195.811676    34.3689 0.0000e+00
    129.000    -0.7609   2.797856    -0.7593   2.798437    6.89230     0.0772    13.8155 0.0000e+00  -61.24467  -54.34717 1152905327 195.811686    34.3686 0.0000e+00
    130.000    -0.7564   2.798427    -0.7556   2.798864    6.88986     0.0764    13.8155 0.0000e+00  -61.24467  -54.34717 1152905328 195.811696    34.3706 0.0000e+00
    131.000    -0.7565   2.798416    -0.7553   2.798920    6.88497     0.0768    13.8155 0.0000e+00  -61.24467  -54.34717 1152905330 195.811713    34.3699 0.0000e+00
    132.000    -0.7600   2.798059    -0.7589   2.798568    6.88055     0.0738    13.8155 0.0000e+00  -61.24467  -54.34717 1152905332 195.811743    34.3686 0.0000e+00
    133.000    -0.7571   2.798401    -0.7566   2.798842    6.88210     0.0646    13.8155 0.0000e+00  -61.24467  -54.34717 1152905334 195.811757    34.3692 0.0000e+00
    134.000    -0.7547   2.798685    -0.7538   2.799183    6.88165     0.0697    13.8155 0.0000e+00  -61.24467  -54.34717 1152905335 195.811768    34.3697 0.0000e+00
    135.000    -0.7545   2.798800    -0.7530   2.799383    6.88086     0.0629    13.8155 0.0000e+00  -61.24467  -54.34717 1152905335 195.811778    34.3704 0.0000e+00
    136.000    -0.7529   2.799029    -0.7514   2.799577    6.88338     0.0575    13.8155 0.0000e+00  -61.24467  -54.34717 1152905336 195.811789    34.3710 0.0000e+00
    137.000    -0.7549   2.798932    -0.7537   2.799458    6.88295     0.0553    13.8155 0.0000e+00  -61.24467  -54.34717 1152905337 195.811801    34.3713 0.0000e+00
    138.000    -0.7515   2.799356    -0.7518   2.799699    6.87951     0.0576    13.8155 0.0000e+00  -61.24467  -54.34717 1152905338 195.811814    34.3726 0.0000e+00
    139.000    -0.7462   2.799956    -0.7440   2.800569    6.87453     0.0548    13.8155 0.0000e+00  -61.24467  -54.34717 1152905340 195.811827    34.3739 0.0000e+00
    140.000    -0.7485   2.799715    -0.7458   2.800404    6.87259     0.0655    13.8155 0.0000e+00  -61.24467  -54.34717 1152905341 195.811841    34.3728 0.0000e+00
    141.000    -0.7470   2.799917    -0.7445   2.800588    6.86966     0.0575    13.8155 0.0000e+00  -61.24467  -54.34717 1152905342 195.811860    34.3732 0.0000e+00
    142.000    -0.7477   2.799883    -0.7468   2.800355    6.86751     0.0532    13.8155 0.0000e+00  -61.24467  -54.34717 1152905344 195.811881    34.3729 0.0000e+00
    143.000    -0.7400   2.800796    -0.7341   2.801716    6.86113     0.0569    13.8155 0.0000e+00  -61.24467  -54.34717 1152905346 195.811898    34.3760 0.0000e+00
    144.000    -0.7292   2.801918    -0.7299   2.802299    6.85803     0.0555    13.8155 0.0000e+00  -61.24467  -54.34717 1152905347 195.811913    34.3774 0.0000e+00
    145.000    -0.7374   2.801180    -0.7355   2.801712    6.85625     0.0664    13.8155 0.0000e+00  -61.24467  -54.34717 1152905348 195.811927    34.3769 0.0000e+00
    146.000    -0.7288   2.802104    -0.7270   2.802662    6.85046     0.0649    13.8155 0.0000e+00  -61.24467  -54.34717 1152905349 195.811938    34.3787 0.0000e+00
    147.000    -0.7281   2.802223    -0.7254   2.802879    6.84607     0.0634    13.8155 0.0000e+00  -61.24467  -54.34717 1152905350 195.811949    34.3789 0.0000e+00
    148.000    -0.7218   2.802912    -0.7213   2.803345    6.84216     0.0854    13.8155 0.0000e+00  -61.24467  -54.34717 1152905351 195.811958    34.3803 0.0000e+00
    149.000    -0.7154   2.803626    -0.7234   2.803171    6.83258     0.0891    13.8155 0.0000e+00  -61.24467  -54.34717 1152905352 195.811968    34.3812 0.0000e+00
    150.000    -0.7101   2.804221    -0.7059   2.805013    6.82160     0.1427    13.8155 0.0000e+00  -61.24467  -54.34717 1152905353 195.811982    34.3833 0.0000e+00
    151.000    -0.7114   2.804135    -0.7079   2.804827    6.81573     0.1300    13.8155 0.0000e+00  -61.24467  -54.34717 1152905356 195.812011    34.3832 0.0000e+00
    152.000    -0.7090   2.804431    -0.7072   2.804960    6.81857     0.1006    13.8155 0.0000e+00  -61.24467  -54.34717 1152905357 195.812030    34.3841 0.0000e+00
    153.000    -0.6961   2.805743    -0.6947   2.806226    6.81767     0.0832    13.8155 0.0000e+00  -61.24467  -54.34717 1152905358 195.812044    34.3860 0.0000e+00
    154.000    -0.6970   2.805720    -0.6982   2.806011    6.81181     0.0837    13.8155 0.0000e+00  -61.24467  -54.34717 1152905360 195.812057    34.3860 0.0000e+00
    155.000    -0.6933   2.806180    -0.6918   2.806633    6.80969     0.1011    13.8155 0.0000e+00  -61.24467  -54.34717 1152905361 195.812069    34.3879 0.0000e+00
    156.000    -0.6966   2.805853    -0.6923   2.806690    6.80661     0.0993    13.8155 0.0000e+00  -61.24467  -54.34717 1152905361 195.812079    34.3864 0.0000e+00
    157.000    -0.6949   2.806098    -0.6889   2.807044    6.80103     0.0999    13.8155 0.0000e+00  -61.24467  -54.34717 1152905362 195.812090    34.3875 0.0000e+00
    158.000    -0.6856   2.807083    -0.6789   2.808108    6.79518     0.0797    13.8155 0.0000e+00  -61.24467  -54.34717 1152905363 195.812102    34.3893 0.0000e+00
    159.000    -0.6792   2.807733    -0.6777   2.808275    6.78892     0.0388    13.8155 0.0000e+00  -61.24467  -54.34717 1152905365 195.812122    34.3900 0.0000e+00
    160.000    -0.6801   2.807692    -0.6791   2.808166    6.78675     0.0223    13.8155 0.0000e+00  -61.24467  -54.34717 1152905367 195.812147    34.3902 0.0000e+00
    161.000    -0.6784   2.807921    -0.6767   2.808476    6.78666     0.0174    13.8155 0.0000e+00  -61.24467  -54.34717 1152905369 195.812165    34.3907 0.0000e+00
    162.000    -0.6777   2.808079    -0.6763   2.808563    6.78468    -0.0019    13.8155 0.0000e+00  -61.24467  -54.34717 1152905370 195.812177    34.3915 0.0000e+00
    163.000    -0.6736   2.808518    -0.6714   2.809134    6.78274    -0.0025    13.8155 0.0000e+00  -61.24467  -54.34717 1152905371 195.812187    34.3921 0.0000e+00
    164.000    -0.6734   2.808608    -0.6731   2.808985    6.77679    -0.0052    13.8155 0.0000e+00  -61.24467  -54.34717 1152905372 195.812197    34.3923 0.0000e+00
    165.000    -0.6688   2.809145    -0.6682   2.809534    6.76927     0.0024    13.8155 0.0000e+00  -61.24467  -54.34717 1152905373 195.812208    34.3939 0.0000e+00
    166.000    -0.6623   2.809892    -0.6605   2.810418    6.76166    -0.0200    13.8155 0.0000e+00  -61.24467  -54.34717 1152905374 195.812223    34.3959 0.0000e+00
    167.000    -0.6544   2.810733    -0.6539   2.811124    6.75650    -0.0164    13.8155 0.0000e+00  -61.24467  -54.34717 1152905375 195.812239    34.3975 0.0000e+00
    168.000    -0.6516   2.811079    -0.6497   2.811536    6.75182    -0.0296    13.8155 0.0000e+00  -61.24467  -54.34717 1152905377 195.812257    34.3983 0.0000e+00
    169.000    -0.6513   2.811165    -0.6509   2.811566    6.74767    -0.0220    13.8155 0.0000e+00  -61.24467  -54.34717 1152905379 195.812278    34.3988 0.0000e+00
    170.000    -0.6481   2.811536    -0.6484   2.811883    6.74614    -0.0255    13.8155 0.0000e+00  -61.24467  -54.34717 1152905380 195.812297    34.3994 0.0000e+00
    171.000    -0.6510   2.811277    -0.6487   2.811891    6.73789    -0.0212    13.8155 0.0000e+00  -61.24467  -54.34717 1152905381 195.812311    34.3989 0.0000e+00
    172.000    -0.6404   2.812489    -0.6383   2.813007    6.73344    -0.0265    13.8155 0.0000e+00  -61.24467  -54.34717 1152905382 195.812322    34.4026 0.0000e+00
    173.000    -0.6344   2.813102    -0.6327   2.813665    6.72979    -0.0145    13.8155 0.0000e+00  -61.24467  -54.34717 1152905383 195.812332    34.4030 0.0000e+00
    174.000    -0.6397   2.812600    -0.6380   2.813176    6.72918    -0.0389    13.8155 0.0000e+00  -61.24467  -54.34717 1152905384 195.812341    34.4017 0.0000e+00
    175.000    -0.6413   2.812466    -0.6400   2.812985    6.72554    -0.0220    13.8155 0.0000e+00  -61.24467  -54.34717 1152905385 195.812352    34.4014 0.0000e+00
    176.000    -0.6402   2.812638    -0.6393   2.813096    6.72314    -0.0239    13.8155 0.0000e+00  -61.24467  -54.34717 1152905387 195.812380    34.4020 0.0000e+00
    177.000    -0.6368   2.813107    -0.6359   2.813529    6.72501    -0.0275    13.8155 0.0000e+00  -61.24467  -54.34717 1152905390 195.812405    34.4039 0.0000e+00
    178.000    -0.6342   2.813426    -0.6339   2.813825    6.72159    -0.0390    13.8155 0.0000e+00  -61.24467  -54.34717 1152905391 195.812417    34.4043 0.0000e+00
    179.000    -0.6306   2.813893    -0.6283   2.814488    6.71804    -0.0244    13.8155 0.0000e+00  -61.24467  -54.34717 1152905392 195.812428    34.4061 0.0000e+00
    180.000    -0.6254   2.814468    -0.6241   2.814962    6.71386    -0.0215    13.8155 0.0000e+00  -61.24467  -54.34717 1152905392 195.812438    34.4072 0.0000e+00
    181.000    -0.6243   2.814636    -0.6230   2.815141    6.70916    -0.0215    13.8155 0.0000e+00  -61.24467  -54.34717 1152905393 195.812448    34.4076 0.0000e+00
    182.000    -0.6237   2.814773    -0.6225   2.815249    6.70519    -0.0265    13.8155 0.0000e+00  -61.24467  -54.34717 1152905394 195.812459    34.4081 0.0000e+00
    183.000    -0.6227   2.814918    -0.6217   2.815384    6.70040    -0.0357    13.8155 0.0000e+00  -61.24467  -54.34717 1152905396 195.812475    34.4084 0.0000e+00
    184.000    -0.6225   2.815001    -0.6213   2.815482    6.69503    -0.0335    13.8155 0.0000e+00  -61.24467  -54.34717 1152905398 195.812501    34.4088 0.0000e+00
    185.000    -0.6226   2.815048    -0.6216   2.815523    6.69515    -0.0382    13.8155 0.0000e+00  -61.24467  -54.34717 1152905400 195.812521    34.4090 0.0000e+00
    186.000    -0.6231   2.815050    -0.6221   2.815540    6.69252    -0.0325    13.8155 0.0000e+00  -61.24467  -54.34717 1152905401 195.812535    34.4090 0.0000e+00
    187.000    -0.6228   2.815163    -0.6217   2.815667    6.69231    -0.0293    13.8155 0.0000e+00  -61.24467  -54.34717 1152905402 195.812546    34.4096 0.0000e+00
    188.000    -0.6226   2.815317    -0.6215   2.815801    6.69006    -0.0363    13.8155 0.0000e+00  -61.24467  -54.34717 1152905403 195.812557    34.4109 0.0000e+00
    189.000    -0.6228   2.815344    -0.6216   2.815821    6.68844    -0.0244    13.8155 0.0000e+00  -61.24467  -54.34717 1152905404 195.812569    34.4109 0.0000e+00
    190.000    -0.6228   2.815394    -0.6217   2.815862    6.68601    -0.0319    13.8155 0.0000e+00  -61.24467  -54.34717 1152905405 195.812586    34.4110 0.0000e+00
    191.000    -0.6227   2.815465    -0.6215   2.815959    6.68564    -0.0291    13.8155 0.0000e+00  -61.24467  -54.34717 1152905407 195.812602    34.4112 0.0000e+00
    192.000    -0.6225   2.815533    -0.6213   2.816023    6.68568    -0.0259    13.8155 0.0000e+00  -61.24467  -54.34717 1152905408 195.812613    34.4113 0.0000e+00
