product_data/regression_test/downloaded_data/MDGS/320620060703/ctd/adapted/heads_insert_p6617401.cnv
* Sea-Bird SBE 9 Data File:
* FileName = D:\Data\Raw\p6617401.dat
* Software Version Seasave Win32 V 5.32
* Temperature SN = 1649
* Conductivity SN = 1431
* Number of Bytes Per Scan = 37
* Number of Voltage Words = 5
* Number of Scans Averaged by the Deck Unit = 1
* NMEA Latitude = 60 36.99 S
* NMEA Longitude = 054 54.62 W
* NMEA UTC (Time) = 23:13:02
** Ship:   Nathaniel B. Palmer 
** Cruise:    NBP0606 
# nquan = 15
# nvalues = 994                         
# units = specified
# name 0 = prDM: Pressure, Digiquartz [db]
# name 1 = t090C: Temperature [ITS-90, deg C]
# name 2 = c0S/m: Conductivity [S/m]
# name 3 = t190C: Temperature, 2 [ITS-90, deg C]
# name 4 = c1S/m: Conductivity, 2 [S/m]
# name 5 = sbeox0ML/L: Oxygen, SBE 43 [ml/l]
# name 6 = flECO-AFL: Fluorescence, Wetlab ECO-AFL/FL [mg/m^3]
# name 7 = bat: Beam Attenuation, Chelsea/Seatech/Wetlab CStar [1/m]
# name 8 = spar: SPAR/Surface Irradiance
# name 9 = latitude: Latitude [deg]
# name 10 = longitude: Longitude [deg]
# name 11 = timeY: Time, System [seconds]
# name 12 = timeJ: Julian Days
# name 13 = sal00: Salinity [PSU]
# name 14 = flag: flag
# span 0 =      8.000,   1001.000       
# span 1 =    -0.8628,     1.4277       
# span 2 =   2.764164,   3.025857       
# span 3 =    -0.8629,     1.4293       
# span 4 =   2.765015,   3.026225       
# span 5 =    4.88852,    7.87593       
# span 6 =    -0.0953,     0.4759       
# span 7 =    13.8155,    13.8155       
# span 8 = 0.0000e+00, 0.0000e+00       
# span 9 =  -60.61650,  -60.61650       
# span 10 =  -54.91033,  -54.91033      
# span 11 = 1153437191, 1153438662      
# span 12 = 201.967483, 201.984534      
# span 13 =    34.0998,    34.6919      
# span 14 = 0.0000e+00, 0.0000e+00      
# interval = decibars: 1                
# start_time = Jul 20 2006 23:13:11
# bad_flag = -9.990e-29
*END*
[from data line 97]
    104.000    -0.2084   2.839107    -0.2031   2.839786    6.94484     0.2454    13.8155 0.0000e+00  -60.61650  -54.91033 1153437394 201.969863    34.3076 0.0000e+00
    105.000    -0.1853   2.841401    -0.1864   2.841480    6.87965     0.2294    13.8155 0.0000e+00  -60.61650  -54.91033 1153437396 201.969886    34.3122 0.0000e+00
    106.000    -0.1457   2.845403    -0.1434   2.845708    6.82581     0.2327    13.8155 0.0000e+00  -60.61650  -54.91033 1153437398 201.969907    34.3207 0.0000e+00
    107.000    -0.1201   2.847895    -0.1162   2.848501    6.76535     0.2504    13.8155 0.0000e+00  -60.61650  -54.91033 1153437401 201.969940    34.3252 0.0000e+00
    108.000    -0.1081   2.849142    -0.1065   2.849547    6.74557     0.2206    13.8155 0.0000e+00  -60.61650  -54.91033 1153437403 201.969963    34.3281 0.0000e+00
    109.000    -0.1138   2.848744    -0.1112   2.849253    6.73495     0.2197    13.8155 0.0000e+00  -60.61650  -54.91033 1153437404 201.969973    34.3291 0.0000e+00
    110.000    -0.0976   2.850683    -0.0949   2.850971    6.72287     0.1922    13.8155 0.0000e+00  -60.61650  -54.91033 1153437404 201.969981    34.3369 0.0000e+00
    111.000    -0.0742   2.852772    -0.0735   2.853054    6.71365     0.1967    13.8155 0.0000e+00  -60.61650  -54.91033 1153437405 201.969988    34.3363 0.0000e+00
    112.000    -0.0708   2.853148    -0.0681   2.853598    6.70551     0.2145    13.8155 0.0000e+00  -60.61650  -54.91033 1153437405 201.969995    34.3372 0.0000e+00
    113.000    -0.0632   2.853883    -0.0617   2.854244    6.69995     0.2358    13.8155 0.0000e+00  -60.61650  -54.91033 1153437406 201.970002    34.3377 0.0000e+00
    114.000    -0.0678   2.853457    -0.0646   2.853953    6.67142     0.2628    13.8155 0.0000e+00  -60.61650  -54.91033 1153437409 201.970032    34.3375 0.0000e+00
    115.000    -0.0693   2.853335    -0.0639   2.854069    6.61887     0.2360    13.8155 0.0000e+00  -60.61650  -54.91033 1153437413 201.970078    34.3384 0.0000e+00
    116.000     0.0021   2.860839     0.0039   2.860540    6.60298     0.2129    13.8155 0.0000e+00  -60.61650  -54.91033 1153437413 201.970085    34.3576 0.0000e+00
    117.000     0.0368   2.863659     0.0380   2.863962    6.58231     0.2199    13.8155 0.0000e+00  -60.61650  -54.91033 1153437414 201.970092    34.3515 0.0000e+00
    118.000     0.0387   2.863979     0.0397   2.864295    6.56729     0.2245    13.8155 0.0000e+00  -60.61650  -54.91033 1153437414 201.970098    34.3535 0.0000e+00
    119.000     0.0627   2.866545     0.0627   2.866779    6.54560     0.2451    13.8155 0.0000e+00  -60.61650  -54.91033 1153437415 201.970105    34.3602 0.0000e+00
    120.000     0.0876   2.868882     0.0880   2.869154    6.52617     0.2720    13.8155 0.0000e+00  -60.61650  -54.91033 1153437416 201.970112    34.3618 0.0000e+00
    121.000     0.1064   2.870742     0.1071   2.871028    6.50722     0.3223    13.8155 0.0000e+00  -60.61650  -54.91033 1153437416 201.970119    34.3643 0.0000e+00
    122.000     0.0875   2.868864     0.1003   2.870316    6.47463     0.4183    13.8155 0.0000e+00  -60.61650  -54.91033 1153437420 201.970158    34.3620 0.0000e+00
    123.000     0.0918   2.869553     0.0992   2.870217    6.44806     0.4065    13.8155 0.0000e+00  -60.61650  -54.91033 1153437423 201.970191    34.3681 0.0000e+00
    124.000     0.1239   2.872538     0.1256   2.872838    6.42510     0.3862    13.8155 0.0000e+00  -60.61650  -54.91033 1153437423 201.970202    34.3686 0.0000e+00
    125.000     0.1522   2.875381     0.1533   2.875442    6.40601     0.4086    13.8155 0.0000e+00  -60.61650  -54.91033 1153437424 201.970210    34.3739 0.0000e+00
    126.000     0.1751   2.877397     0.1768   2.877712    6.39033     0.3878    13.8155 0.0000e+00  -60.61650  -54.91033 1153437425 201.970217    34.3731 0.0000e+00
    127.000     0.1826   2.878223     0.1850   2.878558    6.37667     0.4694    13.8155 0.0000e+00  -60.61650  -54.91033 1153437425 201.970224    34.3752 0.0000e+00
    128.000     0.1916   2.879050     0.1928   2.879357    6.36361     0.4759    13.8155 0.0000e+00  -60.61650  -54.91033 1153437426 201.970232    34.3751 0.0000e+00
    129.000     0.1930   2.879289     0.1947   2.879637    6.34560     0.4340    13.8155 0.0000e+00  -60.61650  -54.91033 1153437427 201.970246    34.3768 0.0000e+00
    130.000     0.1982   2.879853     0.1997   2.880183    6.32789     0.4585    13.8155 0.0000e+00  -60.61650  -54.91033 1153437429 201.970267    34.3784 0.0000e+00
    131.000     0.1998   2.880042     0.2021   2.880457    6.31297     0.4540    13.8155 0.0000e+00  -60.61650  -54.91033 1153437431 201.970294    34.3792 0.0000e+00
    132.000     0.1995   2.880076     0.2011   2.880453    6.31311     0.3532    13.8155 0.0000e+00  -60.61650  -54.91033 1153437434 201.970322    34.3800 0.0000e+00
    133.000     0.1978   2.880017     0.1992   2.880396    6.30921     0.3325    13.8155 0.0000e+00  -60.61650  -54.91033 1153437435 201.970334    34.3807 0.0000e+00
    134.000     0.2026   2.880591     0.2050   2.881018    6.30384     0.2929    13.8155 0.0000e+00  -60.61650  -54.91033 1153437436 201.970343    34.3825 0.0000e+00
    135.000     0.2038   2.880713     0.2063   2.881177    6.30094     0.2893    13.8155 0.0000e+00  -60.61650  -54.91033 1153437436 201.970350    34.3822 0.0000e+00
    136.000     0.2119   2.881584     0.2124   2.881817    6.29689     0.3236    13.8155 0.0000e+00  -60.61650  -54.91033 1153437437 201.970357    34.3839 0.0000e+00
    137.000     0.2138   2.881734     0.2139   2.882042    6.29458     0.4100    13.8155 0.0000e+00  -60.61650  -54.91033 1153437437 201.970365    34.3828 0.0000e+00
    138.000     0.2035   2.880918     0.2043   2.881242    6.29085     0.4345    13.8155 0.0000e+00  -60.61650  -54.91033 1153437438 201.970374    34.3835 0.0000e+00
    139.000     0.2028   2.880844     0.2057   2.881354    6.30018     0.3441    13.8155 0.0000e+00  -60.61650  -54.91033 1153437443 201.970430    34.3833 0.0000e+00
    140.000     0.2018   2.880705     0.2026   2.881175    6.30521     0.3372    13.8155 0.0000e+00  -60.61650  -54.91033 1153437444 201.970443    34.3830 0.0000e+00
    141.000     0.1605   2.877209     0.1607   2.877650    6.30934     0.2989    13.8155 0.0000e+00  -60.61650  -54.91033 1153437445 201.970451    34.3839 0.0000e+00
    142.000     0.1587   2.877252     0.1603   2.877677    6.30985     0.3004    13.8155 0.0000e+00  -60.61650  -54.91033 1153437446 201.970459    34.3850 0.0000e+00
    143.000     0.1597   2.877372     0.1610   2.877774    6.31315     0.2621    13.8155 0.0000e+00  -60.61650  -54.91033 1153437446 201.970466    34.3847 0.0000e+00
    144.000     0.1607   2.877528     0.1623   2.877955    6.31557     0.2900    13.8155 0.0000e+00  -60.61650  -54.91033 1153437447 201.970474    34.3849 0.0000e+00
    145.000     0.1609   2.877611     0.1630   2.878072    6.31616     0.2580    13.8155 0.0000e+00  -60.61650  -54.91033 1153437449 201.970500    34.3849 0.0000e+00
    146.000     0.1618   2.877735     0.1637   2.878159    6.31351     0.2101    13.8155 0.0000e+00  -60.61650  -54.91033 1153437452 201.970538    34.3847 0.0000e+00
    147.000     0.1681   2.878461     0.1694   2.878813    6.30705     0.1878    13.8155 0.0000e+00  -60.61650  -54.91033 1153437454 201.970553    34.3864 0.0000e+00
    148.000     0.1763   2.879311     0.1782   2.879690    6.29867     0.1750    13.8155 0.0000e+00  -60.61650  -54.91033 1153437455 201.970567    34.3877 0.0000e+00
    149.000     0.1836   2.880027     0.1855   2.880443    6.29323     0.1560    13.8155 0.0000e+00  -60.61650  -54.91033 1153437456 201.970580    34.3880 0.0000e+00
    150.000     0.1880   2.880502     0.1896   2.880888    6.28934     0.1395    13.8155 0.0000e+00  -60.61650  -54.91033 1153437457 201.970593    34.3887 0.0000e+00
    151.000     0.1916   2.880893     0.1940   2.881321    6.28163     0.1429    13.8155 0.0000e+00  -60.61650  -54.91033 1153437458 201.970606    34.3891 0.0000e+00
    152.000     0.2051   2.882238     0.2068   2.882592    6.27656     0.1126    13.8155 0.0000e+00  -60.61650  -54.91033 1153437460 201.970623    34.3909 0.0000e+00
    153.000     0.2098   2.882722     0.2113   2.883096    6.26885     0.0911    13.8155 0.0000e+00  -60.61650  -54.91033 1153437461 201.970639    34.3913 0.0000e+00
    154.000     0.2091   2.882721     0.2114   2.883166    6.25943     0.1002    13.8155 0.0000e+00  -60.61650  -54.91033 1153437462 201.970652    34.3917 0.0000e+00
    155.000     0.2343   2.885273     0.2359   2.885541    6.25398     0.0876    13.8155 0.0000e+00  -60.61650  -54.91033 1153437463 201.970663    34.3959 0.0000e+00
    156.000     0.2188   2.884030     0.2193   2.884367    6.25317     0.0904    13.8155 0.0000e+00  -60.61650  -54.91033 1153437465 201.970684    34.3966 0.0000e+00
    157.000     0.2145   2.883560     0.2140   2.883821    6.24529     0.0774    13.8155 0.0000e+00  -60.61650  -54.91033 1153437469 201.970730    34.3950 0.0000e+00
    158.000     0.1842   2.881097     0.1839   2.881457    6.25129     0.0769    13.8155 0.0000e+00  -60.61650  -54.91033 1153437470 201.970739    34.3967 0.0000e+00
    159.000     0.1658   2.879502     0.1660   2.879917    6.26157     0.0712    13.8155 0.0000e+00  -60.61650  -54.91033 1153437471 201.970749    34.3963 0.0000e+00
    160.000     0.1482   2.878047     0.1492   2.878469    6.26827     0.0479    13.8155 0.0000e+00  -60.61650  -54.91033 1153437471 201.970757    34.3970 0.0000e+00
    161.000     0.1455   2.877971     0.1481   2.878374    6.25746     0.0631    13.8155 0.0000e+00  -60.61650  -54.91033 1153437472 201.970767    34.3990 0.0000e+00
    162.000     0.2346   2.886363     0.2403   2.886870    6.23419     0.0483    13.8155 0.0000e+00  -60.61650  -54.91033 1153437473 201.970781    34.4062 0.0000e+00
    163.000     0.2241   2.885103     0.2282   2.886012    6.18663     0.0155    13.8155 0.0000e+00  -60.61650  -54.91033 1153437477 201.970823    34.4007 0.0000e+00
    164.000     0.2454   2.887741     0.3120   2.893481    6.15860     0.0185    13.8155 0.0000e+00  -60.61650  -54.91033 1153437479 201.970846    34.4092 0.0000e+00
    165.000     0.3402   2.896221     0.3414   2.896454    6.13354     0.0121    13.8155 0.0000e+00  -60.61650  -54.91033 1153437480 201.970857    34.4129 0.0000e+00
    166.000     0.3525   2.897561     0.3555   2.897916    6.10644     0.0190    13.8155 0.0000e+00  -60.61650  -54.91033 1153437481 201.970865    34.4163 0.0000e+00
    167.000     0.3793   2.900302     0.3837   2.900566    6.07723     0.0061    13.8155 0.0000e+00  -60.61650  -54.91033 1153437481 201.970873    34.4221 0.0000e+00
    168.000     0.4906   2.910992     0.4903   2.910562    6.04035    -0.0157    13.8155 0.0000e+00  -60.61650  -54.91033 1153437482 201.970881    34.4347 0.0000e+00
    169.000     0.5249   2.913923     0.5192   2.913353    6.01094    -0.0074    13.8155 0.0000e+00  -60.61650  -54.91033 1153437483 201.970889    34.4321 0.0000e+00
    170.000     0.4885   2.910542     0.4783   2.909673    5.92167    -0.0067    13.8155 0.0000e+00  -60.61650  -54.91033 1153437487 201.970939    34.4317 0.0000e+00
    171.000     0.5479   2.916814     0.5355   2.914946    5.83509    -0.0161    13.8155 0.0000e+00  -60.61650  -54.91033 1153437490 201.970969    34.4500 0.0000e+00
    172.000     0.7040   2.930980     0.7232   2.932500    5.78738    -0.0230    13.8155 0.0000e+00  -60.61650  -54.91033 1153437490 201.970976    34.4517 0.0000e+00
    173.000     0.7594   2.936196     0.7908   2.938729    5.74426    -0.0228    13.8155 0.0000e+00  -60.61650  -54.91033 1153437491 201.970982    34.4573 0.0000e+00
    174.000     0.8459   2.944384     0.8503   2.944814    5.70999    -0.0279    13.8155 0.0000e+00  -60.61650  -54.91033 1153437491 201.970989    34.4642 0.0000e+00
    175.000     0.8809   2.947370     0.8833   2.947584    5.67174    -0.0133    13.8155 0.0000e+00  -60.61650  -54.91033 1153437492 201.970996    34.4619 0.0000e+00
    176.000     0.7983   2.939540     0.8005   2.939857    5.62135    -0.0258    13.8155 0.0000e+00  -60.61650  -54.91033 1153437495 201.971036    34.4588 0.0000e+00
    177.000     0.7145   2.931543     0.7434   2.934808    5.63413    -0.0119    13.8155 0.0000e+00  -60.61650  -54.91033 1153437497 201.971059    34.4553 0.0000e+00
    178.000     0.6591   2.927200     0.6651   2.927900    5.64629    -0.0160    13.8155 0.0000e+00  -60.61650  -54.91033 1153437498 201.971069    34.4589 0.0000e+00
    179.000     0.6765   2.928752     0.6841   2.929608    5.64955    -0.0199    13.8155 0.0000e+00  -60.61650  -54.91033 1153437500 201.971085    34.4580 0.0000e+00
    180.000     0.6854   2.929529     0.6788   2.929179    5.64011    -0.0287    13.8155 0.0000e+00  -60.61650  -54.91033 1153437503 201.971119    34.4575 0.0000e+00
    181.000     0.7324   2.934271     0.7380   2.934529    5.63141    -0.0177    13.8155 0.0000e+00  -60.61650  -54.91033 1153437504 201.971131    34.4662 0.0000e+00
    182.000     0.7775   2.938331     0.7844   2.938985    5.60831    -0.0401    13.8155 0.0000e+00  -60.61650  -54.91033 1153437504 201.971140    34.4657 0.0000e+00
    183.000     0.8113   2.941741     0.8333   2.943475    5.58171    -0.0141    13.8155 0.0000e+00  -60.61650  -54.91033 1153437505 201.971149    34.4724 0.0000e+00
    184.000     0.8596   2.946094     0.8629   2.946423    5.55215    -0.0255    13.8155 0.0000e+00  -60.61650  -54.91033 1153437507 201.971166    34.4728 0.0000e+00
    185.000     0.8070   2.941081     0.8113   2.941698    5.50161    -0.0317    13.8155 0.0000e+00  -60.61650  -54.91033 1153437511 201.971213    34.4683 0.0000e+00
    186.000     0.8695   2.947636     0.9117   2.950805    5.45286    -0.0345    13.8155 0.0000e+00  -60.61650  -54.91033 1153437512 201.971226    34.4852 0.0000e+00
    187.000     1.0865   2.967698     1.0703   2.965865    5.41161    -0.0295    13.8155 0.0000e+00  -60.61650  -54.91033 1153437513 201.971238    34.4940 0.0000e+00
    188.000     1.1057   2.969409     1.1068   2.969600    5.37985    -0.0310    13.8155 0.0000e+00  -60.61650  -54.91033 1153437514 201.971248    34.4934 0.0000e+00
    189.000     1.0771   2.966866     1.0775   2.967163    5.37124    -0.0320    13.8155 0.0000e+00  -60.61650  -54.91033 1153437515 201.971258    34.4933 0.0000e+00
    190.000     0.9919   2.958820     0.9786   2.958150    5.38199    -0.0138    13.8155 0.0000e+00  -60.61650  -54.91033 1153437515 201.971269    34.4859 0.0000e+00
    191.000     0.9562   2.955489     0.9496   2.955271    5.42899    -0.0253    13.8155 0.0000e+00  -60.61650  -54.91033 1153437518 201.971300    34.4850 0.0000e+00
    192.000     0.9773   2.957279     0.9365   2.954152    5.53262    -0.0207    13.8155 0.0000e+00  -60.61650  -54.91033 1153437522 201.971339    34.4847 0.0000e+00
    193.000     0.5192   2.915562     0.5223   2.916654    5.61430    -0.0163    13.8155 0.0000e+00  -60.61650  -54.91033 1153437523 201.971350    34.4628 0.0000e+00
    194.000     0.4976   2.913586     0.4971   2.914091    5.67759    -0.0317    13.8155 0.0000e+00  -60.61650  -54.91033 1153437523 201.971360    34.4636 0.0000e+00
    195.000     0.4432   2.908537     0.4369   2.908588    5.73452    -0.0027    13.8155 0.0000e+00  -60.61650  -54.91033 1153437524 201.971370    34.4575 0.0000e+00
    196.000     0.4315   2.907583     0.4346   2.908344    5.79467    -0.0247    13.8155 0.0000e+00  -60.61650  -54.91033 1153437525 201.971383    34.4564 0.0000e+00
    197.000     0.4281   2.907419     0.4278   2.907744    5.86691    -0.0156    13.8155 0.0000e+00  -60.61650  -54.91033 1153437528 201.971413    34.4554 0.0000e+00
    198.000     0.4256   2.907318     0.4272   2.907799    5.89033    -0.0181    13.8155 0.0000e+00  -60.61650  -54.91033 1153437530 201.971435    34.4536 0.0000e+00
