product_data/regression_test/downloaded_data/MDGS/320620060703/ctd/adapted/heads_insert_p6607401.cnv
* Sea-Bird SBE 9 Data File:
* FileName = D:\Data\Raw\p6607401.dat
* Software Version Seasave Win32 V 5.32
* Temperature SN = 1649
* Conductivity SN = 1431
* Number of Bytes Per Scan = 37
* Number of Voltage Words = 5
* Number of Scans Averaged by the Deck Unit = 1
* NMEA Latitude = 62 14.82 S
* NMEA Longitude = 058 06.36 W
* NMEA UTC (Time) = 10:56:46
** Ship:   Nathaniel B. Palmer 
** Cruise:    NBP0606 
# nquan = 15
# nvalues = 1302                        
# units = specified
# name 0 = prDM: Pressure, Digiquartz [db]
# name 1 = t090C: Temperature [ITS-90, deg C]
# name 2 = c0S/m: Conductivity [S/m]
# name 3 = t190C: Temperature, 2 [ITS-90, deg C]
# name 4 = c1S/m: Conductivity, 2 [S/m]
# name 5 = sbeox0ML/L: Oxygen, SBE 43 [ml/l]
# name 6 = flECO-AFL: Fluorescence, Wetlab ECO-AFL/FL [mg/m^3]
# name 7 = bat: Beam Attenuation, Chelsea/Seatech/Wetlab CStar [1/m]
# name 8 = spar: SPAR/Surface Irradiance
# name 9 = latitude: Latitude [deg]
# name 10 = longitude: Longitude [deg]
# name 11 = timeY: Time, System [seconds]
# name 12 = timeJ: Julian Days
# name 13 = sal00: Salinity [PSU]
# name 14 = flag: flag
# span 0 =      1.000,   1302.000       
# span 1 =    -1.5813,     0.2414       
# span 2 =   2.730662,   2.902582       
# span 3 =    -1.5801,     0.2429       
# span 4 =   2.730736,   2.902295       
# span 5 =    5.90281,    7.75018       
# span 6 =    -0.1364,     0.0677       
# span 7 =    13.8155,    13.8155       
# span 8 = 0.0000e+00, 0.0000e+00       
# span 9 =  -62.24700,  -62.24700       
# span 10 =  -58.10600,  -58.10600      
# span 11 = 1152356208, 1152358111      
# span 12 = 189.456118, 189.478158      
# span 13 =    34.2170,    34.5487      
# span 14 = 0.0000e+00, 0.0000e+00      
# interval = decibars: 1                
# start_time = Jul 08 2006 10:56:54
# bad_flag = -9.990e-29
*END*
[from data line 1061]
   1061.000    -0.8873   2.841867    -0.8875   2.841804    6.60692    -0.1150    13.8155 0.0000e+00  -62.24700  -58.10600 1152357680 189.473163    34.5473 0.0000e+00
   1062.000    -0.8889   2.841772    -0.8892   2.841700    6.60970    -0.1105    13.8155 0.0000e+00  -62.24700  -58.10600 1152357681 189.473179    34.5473 0.0000e+00
   1063.000    -0.8875   2.841931    -0.8884   2.841811    6.60945    -0.1070    13.8155 0.0000e+00  -62.24700  -58.10600 1152357682 189.473191    34.5471 0.0000e+00
   1064.000    -0.8896   2.841779    -0.8904   2.841678    6.60991    -0.1181    13.8155 0.0000e+00  -62.24700  -58.10600 1152357683 189.473200    34.5468 0.0000e+00
   1065.000    -0.8918   2.841653    -0.8937   2.841453    6.61086    -0.1238    13.8155 0.0000e+00  -62.24700  -58.10600 1152357684 189.473209    34.5473 0.0000e+00
   1066.000    -0.8938   2.841500    -0.8974   2.841168    6.61172    -0.1155    13.8155 0.0000e+00  -62.24700  -58.10600 1152357684 189.473219    34.5469 0.0000e+00
   1067.000    -0.9007   2.840956    -0.9019   2.840829    6.61401    -0.1140    13.8155 0.0000e+00  -62.24700  -58.10600 1152357686 189.473241    34.5469 0.0000e+00
   1068.000    -0.9049   2.840649    -0.9056   2.840545    6.62054    -0.1144    13.8155 0.0000e+00  -62.24700  -58.10600 1152357689 189.473270    34.5470 0.0000e+00
   1069.000    -0.9079   2.840438    -0.9080   2.840401    6.62706    -0.1105    13.8155 0.0000e+00  -62.24700  -58.10600 1152357690 189.473286    34.5469 0.0000e+00
   1070.000    -0.9096   2.840332    -0.9099   2.840279    6.62926    -0.1032    13.8155 0.0000e+00  -62.24700  -58.10600 1152357691 189.473298    34.5469 0.0000e+00
   1071.000    -0.9096   2.840374    -0.9100   2.840309    6.63083    -0.1148    13.8155 0.0000e+00  -62.24700  -58.10600 1152357692 189.473309    34.5468 0.0000e+00
   1072.000    -0.9130   2.840116    -0.9136   2.840043    6.63248    -0.1208    13.8155 0.0000e+00  -62.24700  -58.10600 1152357693 189.473320    34.5466 0.0000e+00
   1073.000    -0.9169   2.839826    -0.9172   2.839791    6.63414    -0.0987    13.8155 0.0000e+00  -62.24700  -58.10600 1152357694 189.473332    34.5467 0.0000e+00
   1074.000    -0.9176   2.839817    -0.9174   2.839806    6.63698    -0.1092    13.8155 0.0000e+00  -62.24700  -58.10600 1152357695 189.473346    34.5468 0.0000e+00
   1075.000    -0.9177   2.839864    -0.9178   2.839812    6.63857    -0.1130    13.8155 0.0000e+00  -62.24700  -58.10600 1152357696 189.473361    34.5468 0.0000e+00
   1076.000    -0.9180   2.839878    -0.9180   2.839832    6.63963    -0.1148    13.8155 0.0000e+00  -62.24700  -58.10600 1152357698 189.473382    34.5467 0.0000e+00
   1077.000    -0.9201   2.839742    -0.9206   2.839656    6.64261    -0.1116    13.8155 0.0000e+00  -62.24700  -58.10600 1152357700 189.473404    34.5466 0.0000e+00
   1078.000    -0.9212   2.839691    -0.9220   2.839592    6.64348    -0.1201    13.8155 0.0000e+00  -62.24700  -58.10600 1152357701 189.473419    34.5466 0.0000e+00
   1079.000    -0.9230   2.839589    -0.9224   2.839599    6.64414    -0.1265    13.8155 0.0000e+00  -62.24700  -58.10600 1152357702 189.473430    34.5468 0.0000e+00
   1080.000    -0.9226   2.839655    -0.9226   2.839620    6.64534    -0.1136    13.8155 0.0000e+00  -62.24700  -58.10600 1152357703 189.473442    34.5466 0.0000e+00
   1081.000    -0.9225   2.839704    -0.9231   2.839621    6.64623    -0.1050    13.8155 0.0000e+00  -62.24700  -58.10600 1152357705 189.473458    34.5465 0.0000e+00
   1082.000    -0.9236   2.839663    -0.9238   2.839612    6.64549    -0.1219    13.8155 0.0000e+00  -62.24700  -58.10600 1152357707 189.473477    34.5466 0.0000e+00
   1083.000    -0.9255   2.839546    -0.9256   2.839503    6.64468    -0.1228    13.8155 0.0000e+00  -62.24700  -58.10600 1152357708 189.473492    34.5466 0.0000e+00
   1084.000    -0.9263   2.839523    -0.9264   2.839463    6.64545    -0.1165    13.8155 0.0000e+00  -62.24700  -58.10600 1152357709 189.473505    34.5466 0.0000e+00
   1085.000    -0.9274   2.839463    -0.9273   2.839429    6.64591    -0.1240    13.8155 0.0000e+00  -62.24700  -58.10600 1152357710 189.473517    34.5465 0.0000e+00
   1086.000    -0.9287   2.839403    -0.9287   2.839361    6.64688    -0.1056    13.8155 0.0000e+00  -62.24700  -58.10600 1152357711 189.473532    34.5465 0.0000e+00
   1087.000    -0.9304   2.839294    -0.9302   2.839269    6.64800    -0.1285    13.8155 0.0000e+00  -62.24700  -58.10600 1152357713 189.473552    34.5465 0.0000e+00
   1088.000    -0.9315   2.839246    -0.9316   2.839186    6.65061    -0.1297    13.8155 0.0000e+00  -62.24700  -58.10600 1152357715 189.473572    34.5465 0.0000e+00
   1089.000    -0.9320   2.839249    -0.9321   2.839204    6.65259    -0.1181    13.8155 0.0000e+00  -62.24700  -58.10600 1152357716 189.473591    34.5465 0.0000e+00
   1090.000    -0.9316   2.839321    -0.9320   2.839249    6.65296    -0.1199    13.8155 0.0000e+00  -62.24700  -58.10600 1152357717 189.473603    34.5464 0.0000e+00
   1091.000    -0.9325   2.839288    -0.9328   2.839234    6.65186    -0.1161    13.8155 0.0000e+00  -62.24700  -58.10600 1152357718 189.473614    34.5465 0.0000e+00
   1092.000    -0.9333   2.839264    -0.9336   2.839207    6.65180    -0.1040    13.8155 0.0000e+00  -62.24700  -58.10600 1152357719 189.473624    34.5463 0.0000e+00
   1093.000    -0.9338   2.839271    -0.9336   2.839250    6.64921    -0.1153    13.8155 0.0000e+00  -62.24700  -58.10600 1152357720 189.473637    34.5464 0.0000e+00
   1094.000    -0.9343   2.839260    -0.9344   2.839216    6.64490    -0.1219    13.8155 0.0000e+00  -62.24700  -58.10600 1152357722 189.473656    34.5463 0.0000e+00
   1095.000    -0.9350   2.839256    -0.9352   2.839194    6.64594    -0.1201    13.8155 0.0000e+00  -62.24700  -58.10600 1152357723 189.473673    34.5464 0.0000e+00
   1096.000    -0.9346   2.839322    -0.9349   2.839260    6.64832    -0.1208    13.8155 0.0000e+00  -62.24700  -58.10600 1152357725 189.473688    34.5463 0.0000e+00
   1097.000    -0.9334   2.839478    -0.9348   2.839302    6.65192    -0.1137    13.8155 0.0000e+00  -62.24700  -58.10600 1152357726 189.473708    34.5463 0.0000e+00
   1098.000    -0.9357   2.839326    -0.9359   2.839262    6.65602    -0.1145    13.8155 0.0000e+00  -62.24700  -58.10600 1152357728 189.473730    34.5464 0.0000e+00
   1099.000    -0.9357   2.839372    -0.9357   2.839329    6.66159    -0.1224    13.8155 0.0000e+00  -62.24700  -58.10600 1152357730 189.473745    34.5465 0.0000e+00
   1100.000    -0.9356   2.839416    -0.9358   2.839356    6.66248    -0.1314    13.8155 0.0000e+00  -62.24700  -58.10600 1152357731 189.473756    34.5463 0.0000e+00
   1101.000    -0.9372   2.839317    -0.9377   2.839246    6.66398    -0.1234    13.8155 0.0000e+00  -62.24700  -58.10600 1152357731 189.473766    34.5462 0.0000e+00
   1102.000    -0.9397   2.839154    -0.9395   2.839124    6.66402    -0.1040    13.8155 0.0000e+00  -62.24700  -58.10600 1152357732 189.473775    34.5463 0.0000e+00
   1103.000    -0.9408   2.839087    -0.9413   2.839025    6.66442    -0.1148    13.8155 0.0000e+00  -62.24700  -58.10600 1152357733 189.473787    34.5462 0.0000e+00
   1104.000    -0.9419   2.839042    -0.9419   2.838992    6.66503    -0.1108    13.8155 0.0000e+00  -62.24700  -58.10600 1152357735 189.473808    34.5462 0.0000e+00
   1105.000    -0.9420   2.839083    -0.9420   2.839038    6.66531    -0.1248    13.8155 0.0000e+00  -62.24700  -58.10600 1152357737 189.473835    34.5462 0.0000e+00
   1106.000    -0.9431   2.839018    -0.9432   2.838984    6.66979    -0.1121    13.8155 0.0000e+00  -62.24700  -58.10600 1152357739 189.473850    34.5460 0.0000e+00
   1107.000    -0.9488   2.838582    -0.9483   2.838602    6.67207    -0.1136    13.8155 0.0000e+00  -62.24700  -58.10600 1152357740 189.473863    34.5462 0.0000e+00
   1108.000    -0.9509   2.838435    -0.9508   2.838427    6.67502    -0.1015    13.8155 0.0000e+00  -62.24700  -58.10600 1152357741 189.473874    34.5461 0.0000e+00
   1109.000    -0.9545   2.838169    -0.9548   2.838116    6.67752    -0.1234    13.8155 0.0000e+00  -62.24700  -58.10600 1152357742 189.473885    34.5460 0.0000e+00
   1110.000    -0.9552   2.838157    -0.9557   2.838088    6.67840    -0.1275    13.8155 0.0000e+00  -62.24700  -58.10600 1152357743 189.473898    34.5461 0.0000e+00
   1111.000    -0.9556   2.838170    -0.9558   2.838111    6.67873    -0.1206    13.8155 0.0000e+00  -62.24700  -58.10600 1152357744 189.473912    34.5461 0.0000e+00
   1112.000    -0.9576   2.838035    -0.9581   2.837966    6.68113    -0.1201    13.8155 0.0000e+00  -62.24700  -58.10600 1152357746 189.473933    34.5460 0.0000e+00
   1113.000    -0.9593   2.837944    -0.9589   2.837931    6.68597    -0.1164    13.8155 0.0000e+00  -62.24700  -58.10600 1152357748 189.473956    34.5461 0.0000e+00
   1114.000    -0.9585   2.838052    -0.9587   2.837995    6.68663    -0.1285    13.8155 0.0000e+00  -62.24700  -58.10600 1152357749 189.473973    34.5459 0.0000e+00
   1115.000    -0.9596   2.837996    -0.9597   2.837957    6.68517    -0.1049    13.8155 0.0000e+00  -62.24700  -58.10600 1152357750 189.473986    34.5459 0.0000e+00
   1116.000    -0.9603   2.837984    -0.9607   2.837915    6.68606    -0.1156    13.8155 0.0000e+00  -62.24700  -58.10600 1152357752 189.473998    34.5459 0.0000e+00
   1117.000    -0.9628   2.837807    -0.9635   2.837715    6.68696    -0.1157    13.8155 0.0000e+00  -62.24700  -58.10600 1152357753 189.474013    34.5459 0.0000e+00
   1118.000    -0.9664   2.837546    -0.9667   2.837491    6.68798    -0.1211    13.8155 0.0000e+00  -62.24700  -58.10600 1152357754 189.474027    34.5459 0.0000e+00
   1119.000    -0.9661   2.837621    -0.9665   2.837539    6.68963    -0.1050    13.8155 0.0000e+00  -62.24700  -58.10600 1152357755 189.474041    34.5459 0.0000e+00
   1120.000    -0.9677   2.837523    -0.9679   2.837465    6.69059    -0.1114    13.8155 0.0000e+00  -62.24700  -58.10600 1152357757 189.474057    34.5459 0.0000e+00
   1121.000    -0.9697   2.837395    -0.9705   2.837293    6.69309    -0.1256    13.8155 0.0000e+00  -62.24700  -58.10600 1152357758 189.474076    34.5457 0.0000e+00
   1122.000    -0.9745   2.837035    -0.9744   2.837003    6.69741    -0.1170    13.8155 0.0000e+00  -62.24700  -58.10600 1152357760 189.474095    34.5459 0.0000e+00
   1123.000    -0.9761   2.836927    -0.9758   2.836920    6.70100    -0.1183    13.8155 0.0000e+00  -62.24700  -58.10600 1152357761 189.474111    34.5456 0.0000e+00
   1124.000    -0.9800   2.836634    -0.9802   2.836601    6.70281    -0.1201    13.8155 0.0000e+00  -62.24700  -58.10600 1152357763 189.474125    34.5455 0.0000e+00
   1125.000    -0.9872   2.836050    -0.9882   2.835977    6.70550    -0.1148    13.8155 0.0000e+00  -62.24700  -58.10600 1152357764 189.474138    34.5454 0.0000e+00
   1126.000    -0.9921   2.835680    -0.9920   2.835658    6.70849    -0.1137    13.8155 0.0000e+00  -62.24700  -58.10600 1152357765 189.474151    34.5456 0.0000e+00
   1127.000    -0.9911   2.835817    -0.9907   2.835810    6.71148    -0.1053    13.8155 0.0000e+00  -62.24700  -58.10600 1152357766 189.474169    34.5456 0.0000e+00
   1128.000    -0.9892   2.836029    -0.9893   2.835982    6.71405    -0.1153    13.8155 0.0000e+00  -62.24700  -58.10600 1152357768 189.474188    34.5455 0.0000e+00
   1129.000    -0.9875   2.836217    -0.9876   2.836168    6.71321    -0.1206    13.8155 0.0000e+00  -62.24700  -58.10600 1152357769 189.474204    34.5454 0.0000e+00
   1130.000    -0.9897   2.836071    -0.9911   2.835921    6.71366    -0.1159    13.8155 0.0000e+00  -62.24700  -58.10600 1152357771 189.474219    34.5455 0.0000e+00
   1131.000    -0.9922   2.835890    -0.9886   2.836168    6.71361    -0.0970    13.8155 0.0000e+00  -62.24700  -58.10600 1152357772 189.474232    34.5453 0.0000e+00
   1132.000    -0.9912   2.836035    -0.9904   2.836057    6.71621    -0.1156    13.8155 0.0000e+00  -62.24700  -58.10600 1152357773 189.474246    34.5455 0.0000e+00
   1133.000    -0.9903   2.836159    -0.9904   2.836104    6.71793    -0.1135    13.8155 0.0000e+00  -62.24700  -58.10600 1152357774 189.474263    34.5454 0.0000e+00
   1134.000    -0.9873   2.836466    -0.9876   2.836381    6.71754    -0.1185    13.8155 0.0000e+00  -62.24700  -58.10600 1152357776 189.474282    34.5455 0.0000e+00
   1135.000    -0.9946   2.835831    -0.9955   2.835788    6.72296    -0.1140    13.8155 0.0000e+00  -62.24700  -58.10600 1152357777 189.474297    34.5449 0.0000e+00
   1136.000    -1.0104   2.834560    -1.0105   2.834524    6.72726    -0.1227    13.8155 0.0000e+00  -62.24700  -58.10600 1152357778 189.474310    34.5455 0.0000e+00
   1137.000    -1.0114   2.834509    -1.0115   2.834457    6.73145    -0.1234    13.8155 0.0000e+00  -62.24700  -58.10600 1152357780 189.474324    34.5453 0.0000e+00
   1138.000    -1.0116   2.834537    -1.0118   2.834489    6.73648    -0.1263    13.8155 0.0000e+00  -62.24700  -58.10600 1152357781 189.474344    34.5452 0.0000e+00
   1139.000    -1.0123   2.834517    -1.0130   2.834429    6.73777    -0.1171    13.8155 0.0000e+00  -62.24700  -58.10600 1152357783 189.474363    34.5450 0.0000e+00
   1140.000    -1.0127   2.834527    -1.0125   2.834520    6.74052    -0.1198    13.8155 0.0000e+00  -62.24700  -58.10600 1152357784 189.474377    34.5451 0.0000e+00
   1141.000    -1.0127   2.834576    -1.0126   2.834552    6.74148    -0.1236    13.8155 0.0000e+00  -62.24700  -58.10600 1152357785 189.474389    34.5451 0.0000e+00
   1142.000    -1.0126   2.834618    -1.0129   2.834575    6.74251    -0.1212    13.8155 0.0000e+00  -62.24700  -58.10600 1152357786 189.474400    34.5448 0.0000e+00
   1143.000    -1.0146   2.834494    -1.0156   2.834384    6.74374    -0.1169    13.8155 0.0000e+00  -62.24700  -58.10600 1152357788 189.474415    34.5449 0.0000e+00
   1144.000    -1.0250   2.833643    -1.0267   2.833481    6.74674    -0.1115    13.8155 0.0000e+00  -62.24700  -58.10600 1152357789 189.474435    34.5449 0.0000e+00
   1145.000    -1.0278   2.833438    -1.0289   2.833324    6.75163    -0.1237    13.8155 0.0000e+00  -62.24700  -58.10600 1152357791 189.474454    34.5447 0.0000e+00
   1146.000    -1.0301   2.833285    -1.0303   2.833259    6.75456    -0.1110    13.8155 0.0000e+00  -62.24700  -58.10600 1152357792 189.474469    34.5446 0.0000e+00
   1147.000    -1.0342   2.832976    -1.0343   2.832948    6.75645    -0.1083    13.8155 0.0000e+00  -62.24700  -58.10600 1152357793 189.474481    34.5447 0.0000e+00
   1148.000    -1.0372   2.832775    -1.0378   2.832702    6.75806    -0.1203    13.8155 0.0000e+00  -62.24700  -58.10600 1152357794 189.474493    34.5447 0.0000e+00
   1149.000    -1.0379   2.832753    -1.0387   2.832657    6.76168    -0.1235    13.8155 0.0000e+00  -62.24700  -58.10600 1152357796 189.474507    34.5445 0.0000e+00
   1150.000    -1.0392   2.832694    -1.0394   2.832634    6.76454    -0.1138    13.8155 0.0000e+00  -62.24700  -58.10600 1152357797 189.474527    34.5446 0.0000e+00
   1151.000    -1.0408   2.832588    -1.0413   2.832524    6.77054    -0.1296    13.8155 0.0000e+00  -62.24700  -58.10600 1152357799 189.474547    34.5444 0.0000e+00
   1152.000    -1.0430   2.832452    -1.0433   2.832404    6.77338    -0.1113    13.8155 0.0000e+00  -62.24700  -58.10600 1152357800 189.474564    34.5444 0.0000e+00
   1153.000    -1.0437   2.832436    -1.0440   2.832388    6.77485    -0.1192    13.8155 0.0000e+00  -62.24700  -58.10600 1152357802 189.474578    34.5445 0.0000e+00
   1154.000    -1.0448   2.832373    -1.0451   2.832326    6.77552    -0.1104    13.8155 0.0000e+00  -62.24700  -58.10600 1152357803 189.474590    34.5442 0.0000e+00
   1155.000    -1.0467   2.832262    -1.0475   2.832165    6.77696    -0.1166    13.8155 0.0000e+00  -62.24700  -58.10600 1152357804 189.474604    34.5443 0.0000e+00
