product_data/regression_test/downloaded_data/MDGS/320620060703/ctd/adapted/heads_insert_p6609101.cnv
* Sea-Bird SBE 9 Data File:
* FileName = D:\Data\Raw\P6609101.dat
* Software Version Seasave Win32 V 5.32
* Temperature SN = 1649
* Conductivity SN = 1431
* Number of Bytes Per Scan = 37
* Number of Voltage Words = 5
* Number of Scans Averaged by the Deck Unit = 1
* NMEA Latitude = 61 18.65 S
* NMEA Longitude = 057 57.06 W
* NMEA UTC (Time) = 17:20:17
** Ship:   Nathaniel B. Palmer 
** Cruise:    NBP0603 p0606
** Cast #: 01
** Station:   91
** Operator: yz
# nquan = 15
# nvalues = 1503                        
# units = specified
# name 0 = prDM: Pressure, Digiquartz [db]
# name 1 = t090C: Temperature [ITS-90, deg C]
# name 2 = c0S/m: Conductivity [S/m]
# name 3 = t190C: Temperature, 2 [ITS-90, deg C]
# name 4 = c1S/m: Conductivity, 2 [S/m]
# name 5 = sbeox0ML/L: Oxygen, SBE 43 [ml/l]
# name 6 = flECO-AFL: Fluorescence, Wetlab ECO-AFL/FL [mg/m^3]
# name 7 = bat: Beam Attenuation, Chelsea/Seatech/Wetlab CStar [1/m]
# name 8 = spar: SPAR/Surface Irradiance
# name 9 = latitude: Latitude [deg]
# name 10 = longitude: Longitude [deg]
# name 11 = timeY: Time, System [seconds]
# name 12 = timeJ: Julian Days
# name 13 = sal00: Salinity [PSU]
# name 14 = flag: flag
# span 0 =      2.000,   1504.000       
# span 1 =    -0.8287,     1.8275       
# span 2 =   2.769355,   3.058217       
# span 3 =    -0.8277,     1.8280       
# span 4 =   2.769727,   3.058482       
# span 5 =    4.40785,    7.95116       
# span 6 =    -0.1228,     0.3522       
# span 7 =    13.8155,    13.8155       
# span 8 = 8.9499e+01, 4.2609e+02       
# span 9 =  -61.31083,  -61.31083       
# span 10 =  -57.95100,  -57.95100      
# span 11 = 1152552026, 1152554212      
# span 12 = 191.722546, 191.747846      
# span 13 =    33.9405,    34.7277      
# span 14 = 0.0000e+00, 0.0000e+00      
# interval = decibars: 1                
# start_time = Jul 10 2006 17:20:25
# bad_flag = -9.990e-29
*END*
Pressure	Temperature	Conductivity	Temperature2	Conductivity2	Oxygen	Fluorescence	Beam Attenuation	SPAR	latitude	longitude	timeY	timeJ	Salinity	flag
      2.000    -0.5932   2.774494    -0.5936   2.774720    7.91956     0.2767    13.8155 3.8232e+02  -61.31083  -57.95100 1152552026 191.722546    33.9421 0.0000e+00
      3.000    -0.5724   2.776302    -0.5705   2.776841    7.93452     0.2839    13.8155 3.9884e+02  -61.31083  -57.95100 1152552041 191.722717    33.9420 0.0000e+00
      4.000    -0.5775   2.775958    -0.5756   2.776428    7.94259     0.2828    13.8155 3.9716e+02  -61.31083  -57.95100 1152552048 191.722807    33.9433 0.0000e+00
      5.000    -0.5791   2.775762    -0.5753   2.776355    7.94425     0.2920    13.8155 3.8912e+02  -61.31083  -57.95100 1152552052 191.722846    33.9419 0.0000e+00
      6.000    -0.5622   2.777230    -0.5610   2.777650    7.94459     0.2799    13.8155 3.7708e+02  -61.31083  -57.95100 1152552056 191.722896    33.9411 0.0000e+00
      7.000    -0.5688   2.776643    -0.5693   2.776953    7.94610     0.3018    13.8155 3.7318e+02  -61.31083  -57.95100 1152552058 191.722914    33.9405 0.0000e+00
      8.000    -0.5892   2.774961    -0.5885   2.775344    7.95086     0.3049    13.8155 3.7240e+02  -61.31083  -57.95100 1152552062 191.722963    33.9407 0.0000e+00
      9.000    -0.5893   2.775030    -0.5883   2.775423    7.95116     0.2998    13.8155 3.7352e+02  -61.31083  -57.95100 1152552065 191.722994    33.9409 0.0000e+00
     10.000    -0.5861   2.775570    -0.5850   2.776028    7.94509     0.3000    13.8155 3.7208e+02  -61.31083  -57.95100 1152552067 191.723020    33.9439 0.0000e+00
     11.000    -0.5862   2.776022    -0.5852   2.776447    7.94086     0.2934    13.8155 3.7374e+02  -61.31083  -57.95100 1152552070 191.723054    33.9493 0.0000e+00
     12.000    -0.5874   2.776178    -0.5867   2.776583    7.93840     0.2931    13.8155 3.5953e+02  -61.31083  -57.95100 1152552074 191.723103    33.9521 0.0000e+00
     13.000    -0.5903   2.776214    -0.5897   2.776601    7.93520     0.2972    13.8155 3.5642e+02  -61.31083  -57.95100 1152552075 191.723115    33.9553 0.0000e+00
     14.000    -0.5919   2.776245    -0.5910   2.776627    7.93511     0.2914    13.8155 3.5279e+02  -61.31083  -57.95100 1152552078 191.723146    33.9569 0.0000e+00
     15.000    -0.5961   2.776264    -0.5952   2.776658    7.93334     0.2991    13.8155 3.4745e+02  -61.31083  -57.95100 1152552082 191.723196    33.9613 0.0000e+00
     16.000    -0.5995   2.776310    -0.5991   2.776693    7.93312     0.3001    13.8155 3.4988e+02  -61.31083  -57.95100 1152552083 191.723204    33.9652 0.0000e+00
     17.000    -0.6053   2.776322    -0.6051   2.776704    7.93288     0.3079    13.8155 3.4583e+02  -61.31083  -57.95100 1152552086 191.723243    33.9715 0.0000e+00
     18.000    -0.6109   2.776243    -0.6105   2.776625    7.92952     0.2961    13.8155 3.3600e+02  -61.31083  -57.95100 1152552091 191.723299    33.9761 0.0000e+00
     19.000    -0.6154   2.776251    -0.6147   2.776651    7.92531     0.3102    13.8155 3.3686e+02  -61.31083  -57.95100 1152552092 191.723313    33.9807 0.0000e+00
     20.000    -0.6192   2.776424    -0.6183   2.776823    7.91831     0.3034    13.8155 3.3118e+02  -61.31083  -57.95100 1152552096 191.723353    33.9865 0.0000e+00
     21.000    -0.6235   2.776407    -0.6233   2.776775    7.91174     0.3045    13.8155 3.3007e+02  -61.31083  -57.95100 1152552101 191.723414    33.9904 0.0000e+00
     22.000    -0.6274   2.776274    -0.6269   2.776647    7.91293     0.3053    13.8155 3.3109e+02  -61.31083  -57.95100 1152552102 191.723432    33.9924 0.0000e+00
     23.000    -0.6283   2.776332    -0.6277   2.776714    7.91530     0.3147    13.8155 3.3256e+02  -61.31083  -57.95100 1152552104 191.723449    33.9936 0.0000e+00
     24.000    -0.6335   2.776163    -0.6333   2.776521    7.91484     0.3122    13.8155 3.3539e+02  -61.31083  -57.95100 1152552106 191.723469    33.9965 0.0000e+00
     25.000    -0.6372   2.776125    -0.6363   2.776506    7.90943     0.3002    13.8155 3.4220e+02  -61.31083  -57.95100 1152552109 191.723504    33.9996 0.0000e+00
     26.000    -0.6393   2.776225    -0.6387   2.776604    7.91214     0.2944    13.8155 3.4272e+02  -61.31083  -57.95100 1152552114 191.723571    34.0025 0.0000e+00
     27.000    -0.6436   2.776208    -0.6432   2.776575    7.91182     0.2971    13.8155 3.4499e+02  -61.31083  -57.95100 1152552115 191.723580    34.0067 0.0000e+00
     28.000    -0.6438   2.776360    -0.6433   2.776709    7.91103     0.2987    13.8155 3.4836e+02  -61.31083  -57.95100 1152552116 191.723589    34.0083 0.0000e+00
     29.000    -0.6472   2.776229    -0.6466   2.776575    7.90820     0.2951    13.8155 3.5591e+02  -61.31083  -57.95100 1152552119 191.723625    34.0096 0.0000e+00
     30.000    -0.6520   2.776054    -0.6516   2.776407    7.89897     0.3013    13.8155 3.6516e+02  -61.31083  -57.95100 1152552124 191.723683    34.0121 0.0000e+00
     31.000    -0.6557   2.775916    -0.6562   2.776226    7.90116     0.2971    13.8155 3.7724e+02  -61.31083  -57.95100 1152552126 191.723705    34.0139 0.0000e+00
     32.000    -0.6642   2.775514    -0.6632   2.775901    7.90155     0.3000    13.8155 3.8354e+02  -61.31083  -57.95100 1152552128 191.723727    34.0176 0.0000e+00
     33.000    -0.6722   2.775160    -0.6716   2.775526    7.90267     0.3019    13.8155 3.8711e+02  -61.31083  -57.95100 1152552130 191.723747    34.0213 0.0000e+00
     34.000    -0.6763   2.775063    -0.6757   2.775422    7.90496     0.2884    13.8155 3.9824e+02  -61.31083  -57.95100 1152552133 191.723788    34.0239 0.0000e+00
     35.000    -0.6823   2.774912    -0.6815   2.775276    7.90826     0.2857    13.8155 3.9369e+02  -61.31083  -57.95100 1152552137 191.723829    34.0279 0.0000e+00
     36.000    -0.6876   2.774771    -0.6873   2.775129    7.91400     0.2962    13.8155 3.9574e+02  -61.31083  -57.95100 1152552140 191.723868    34.0313 0.0000e+00
     37.000    -0.7031   2.774089    -0.7020   2.774487    7.90998     0.2979    13.8155 3.9989e+02  -61.31083  -57.95100 1152552141 191.723881    34.0392 0.0000e+00
     38.000    -0.7209   2.773273    -0.7207   2.773642    7.90663     0.2755    13.8155 4.0370e+02  -61.31083  -57.95100 1152552142 191.723895    34.0481 0.0000e+00
     39.000    -0.7383   2.772511    -0.7397   2.772786    7.90939     0.2849    13.8155 4.0102e+02  -61.31083  -57.95100 1152552144 191.723918    34.0572 0.0000e+00
     40.000    -0.7580   2.771618    -0.7579   2.771967    7.91342     0.2727    13.8155 3.9221e+02  -61.31083  -57.95100 1152552150 191.723978    34.0665 0.0000e+00
     41.000    -0.7681   2.771188    -0.7674   2.771549    7.91929     0.2909    13.8155 4.0530e+02  -61.31083  -57.95100 1152552154 191.724034    34.0710 0.0000e+00
     42.000    -0.7787   2.770734    -0.7779   2.771113    7.91363     0.2701    13.8155 4.0918e+02  -61.31083  -57.95100 1152552155 191.724045    34.0765 0.0000e+00
     43.000    -0.7830   2.770622    -0.7818   2.771010    7.91381     0.2642    13.8155 4.1166e+02  -61.31083  -57.95100 1152552156 191.724054    34.0792 0.0000e+00
     44.000    -0.7883   2.770482    -0.7859   2.770901    7.91385     0.2690    13.8155 4.0812e+02  -61.31083  -57.95100 1152552158 191.724073    34.0826 0.0000e+00
     45.000    -0.7968   2.770253    -0.7970   2.770596    7.90760     0.2771    13.8155 3.7239e+02  -61.31083  -57.95100 1152552163 191.724137    34.0882 0.0000e+00
     46.000    -0.8030   2.770084    -0.8022   2.770442    7.90861     0.2701    13.8155 3.8301e+02  -61.31083  -57.95100 1152552167 191.724173    34.0922 0.0000e+00
     47.000    -0.8134   2.769604    -0.8125   2.769975    7.90568     0.2693    13.8155 3.9245e+02  -61.31083  -57.95100 1152552169 191.724205    34.0969 0.0000e+00
     48.000    -0.8183   2.769488    -0.8166   2.769877    7.90666     0.2780    13.8155 3.9328e+02  -61.31083  -57.95100 1152552170 191.724219    34.1003 0.0000e+00
     49.000    -0.8204   2.769488    -0.8190   2.769869    7.90708     0.2744    13.8155 3.8700e+02  -61.31083  -57.95100 1152552172 191.724235    34.1020 0.0000e+00
     50.000    -0.8268   2.769355    -0.8257   2.769727    7.90595     0.2753    13.8155 3.8584e+02  -61.31083  -57.95100 1152552173 191.724252    34.1068 0.0000e+00
     51.000    -0.8269   2.769406    -0.8259   2.769775    7.90598     0.2818    13.8155 3.8512e+02  -61.31083  -57.95100 1152552175 191.724272    34.1070 0.0000e+00
     52.000    -0.8279   2.769474    -0.8268   2.769835    7.90653     0.2908    13.8155 3.9081e+02  -61.31083  -57.95100 1152552180 191.724328    34.1080 0.0000e+00
     53.000    -0.8284   2.769534    -0.8272   2.769892    7.90191     0.2826    13.8155 3.9681e+02  -61.31083  -57.95100 1152552181 191.724336    34.1087 0.0000e+00
     54.000    -0.8284   2.769675    -0.8275   2.770037    7.89809     0.2705    13.8155 4.0035e+02  -61.31083  -57.95100 1152552181 191.724345    34.1099 0.0000e+00
     55.000    -0.8285   2.769767    -0.8276   2.770129    7.89371     0.2847    13.8155 4.0192e+02  -61.31083  -57.95100 1152552182 191.724353    34.1108 0.0000e+00
     56.000    -0.8287   2.769843    -0.8277   2.770211    7.89150     0.2953    13.8155 4.0513e+02  -61.31083  -57.95100 1152552184 191.724377    34.1114 0.0000e+00
     57.000    -0.8286   2.769963    -0.8276   2.770326    7.89035     0.2814    13.8155 3.9862e+02  -61.31083  -57.95100 1152552187 191.724406    34.1122 0.0000e+00
     58.000    -0.8283   2.770100    -0.8273   2.770464    7.88468     0.2706    13.8155 3.9382e+02  -61.31083  -57.95100 1152552188 191.724422    34.1130 0.0000e+00
     59.000    -0.8279   2.770219    -0.8269   2.770591    7.88308     0.2718    13.8155 3.9251e+02  -61.31083  -57.95100 1152552190 191.724447    34.1135 0.0000e+00
     60.000    -0.8257   2.770647    -0.8244   2.771022    7.87932     0.2766    13.8155 3.9156e+02  -61.31083  -57.95100 1152552192 191.724466    34.1162 0.0000e+00
     61.000    -0.8237   2.770989    -0.8229   2.771307    7.87257     0.2713    13.8155 3.9121e+02  -61.31083  -57.95100 1152552193 191.724478    34.1179 0.0000e+00
     62.000    -0.8203   2.771441    -0.8185   2.771880    7.86563     0.2757    13.8155 3.8810e+02  -61.31083  -57.95100 1152552194 191.724489    34.1195 0.0000e+00
     63.000    -0.8162   2.771983    -0.8152   2.772317    7.85461     0.2864    13.8155 3.9102e+02  -61.31083  -57.95100 1152552196 191.724512    34.1214 0.0000e+00
     64.000    -0.8066   2.773170    -0.8050   2.773605    7.83428     0.2840    13.8155 3.8637e+02  -61.31083  -57.95100 1152552198 191.724543    34.1260 0.0000e+00
     65.000    -0.8014   2.773874    -0.8002   2.774242    7.82088     0.2866    13.8155 3.7981e+02  -61.31083  -57.95100 1152552200 191.724559    34.1289 0.0000e+00
     66.000    -0.7973   2.774623    -0.7959   2.774983    7.80628     0.2775    13.8155 3.7345e+02  -61.31083  -57.95100 1152552201 191.724573    34.1337 0.0000e+00
     67.000    -0.7925   2.775776    -0.7913   2.776134    7.79394     0.2756    13.8155 3.7275e+02  -61.31083  -57.95100 1152552202 191.724588    34.1432 0.0000e+00
     68.000    -0.7930   2.775999    -0.7922   2.776329    7.78462     0.2793    13.8155 3.8006e+02  -61.31083  -57.95100 1152552204 191.724606    34.1463 0.0000e+00
     69.000    -0.7972   2.775856    -0.7966   2.776177    7.77633     0.2887    13.8155 3.8724e+02  -61.31083  -57.95100 1152552206 191.724627    34.1486 0.0000e+00
     70.000    -0.7991   2.775813    -0.7982   2.776155    7.77394     0.2797    13.8155 3.8435e+02  -61.31083  -57.95100 1152552207 191.724644    34.1498 0.0000e+00
     71.000    -0.8016   2.775774    -0.8003   2.776133    7.77127     0.2946    13.8155 3.8351e+02  -61.31083  -57.95100 1152552208 191.724659    34.1516 0.0000e+00
     72.000    -0.8052   2.775722    -0.8038   2.776074    7.76892     0.3003    13.8155 3.8161e+02  -61.31083  -57.95100 1152552210 191.724675    34.1544 0.0000e+00
     73.000    -0.8069   2.775713    -0.8061   2.776058    7.76690     0.2822    13.8155 3.7002e+02  -61.31083  -57.95100 1152552214 191.724727    34.1556 0.0000e+00
     74.000    -0.8125   2.775522    -0.8123   2.775844    7.76851     0.2874    13.8155 3.7322e+02  -61.31083  -57.95100 1152552215 191.724740    34.1589 0.0000e+00
     75.000    -0.8225   2.775064    -0.8215   2.775443    7.75999     0.2800    13.8155 3.7827e+02  -61.31083  -57.95100 1152552216 191.724749    34.1636 0.0000e+00
     76.000    -0.8247   2.775194    -0.8237   2.775518    7.75352     0.2790    13.8155 3.8566e+02  -61.31083  -57.95100 1152552217 191.724756    34.1676 0.0000e+00
     77.000    -0.8196   2.776351    -0.8189   2.776672    7.74647     0.2558    13.8155 3.8887e+02  -61.31083  -57.95100 1152552217 191.724763    34.1766 0.0000e+00
     78.000    -0.8154   2.776898    -0.8152   2.777220    7.74338     0.2662    13.8155 3.9205e+02  -61.31083  -57.95100 1152552218 191.724770    34.1784 0.0000e+00
     79.000    -0.8120   2.777275    -0.8092   2.777923    7.73072     0.2984    13.8155 3.8971e+02  -61.31083  -57.95100 1152552221 191.724807    34.1788 0.0000e+00
     80.000    -0.8099   2.777409    -0.8078   2.777968    7.70505     0.2782    13.8155 3.7990e+02  -61.31083  -57.95100 1152552225 191.724854    34.1775 0.0000e+00
     81.000    -0.7883   2.780180    -0.7882   2.780429    7.68935     0.2691    13.8155 3.8827e+02  -61.31083  -57.95100 1152552226 191.724863    34.1901 0.0000e+00
     82.000    -0.7810   2.781031    -0.7804   2.781378    7.67769     0.2946    13.8155 3.9162e+02  -61.31083  -57.95100 1152552227 191.724870    34.1917 0.0000e+00
     83.000    -0.7821   2.781022    -0.7814   2.781379    7.66757     0.2825    13.8155 3.9641e+02  -61.31083  -57.95100 1152552227 191.724876    34.1923 0.0000e+00
     84.000    -0.7836   2.780958    -0.7833   2.781283    7.65895     0.2890    13.8155 3.9752e+02  -61.31083  -57.95100 1152552228 191.724884    34.1926 0.0000e+00
     85.000    -0.7855   2.780764    -0.7843   2.781115    7.64247     0.2931    13.8155 3.8960e+02  -61.31083  -57.95100 1152552232 191.724929    34.1918 0.0000e+00
     86.000    -0.7841   2.781062    -0.7830   2.781397    7.63061     0.2775    13.8155 3.6423e+02  -61.31083  -57.95100 1152552237 191.724988    34.1940 0.0000e+00
     87.000    -0.7822   2.781378    -0.7812   2.781712    7.62295     0.2925    13.8155 3.6842e+02  -61.31083  -57.95100 1152552238 191.725005    34.1954 0.0000e+00
     88.000    -0.7838   2.781359    -0.7831   2.781674    7.61532     0.2856    13.8155 3.7168e+02  -61.31083  -57.95100 1152552240 191.725023    34.1964 0.0000e+00
     89.000    -0.7782   2.782031    -0.7778   2.782279    7.61021     0.2907    13.8155 3.7555e+02  -61.31083  -57.95100 1152552241 191.725038    34.1985 0.0000e+00
     90.000    -0.7743   2.782444    -0.7725   2.782817    7.60291     0.2877    13.8155 3.7780e+02  -61.31083  -57.95100 1152552242 191.725051    34.1989 0.0000e+00
     91.000    -0.7725   2.782626    -0.7718   2.782930    7.59664     0.2817    13.8155 3.6493e+02  -61.31083  -57.95100 1152552248 191.725111    34.1988 0.0000e+00
     92.000    -0.7720   2.782764    -0.7717   2.783006    7.59333     0.2767    13.8155 3.5516e+02  -61.31083  -57.95100 1152552252 191.725162    34.1996 0.0000e+00
     93.000    -0.7721   2.782849    -0.7715   2.783148    7.58636     0.2886    13.8155 3.5358e+02  -61.31083  -57.95100 1152552253 191.725174    34.2003 0.0000e+00
     94.000    -0.7673   2.783448    -0.7669   2.783696    7.58169     0.2787    13.8155 3.4822e+02  -61.31083  -57.95100 1152552254 191.725184    34.2022 0.0000e+00
     95.000    -0.7655   2.783698    -0.7665   2.783825    7.58022     0.2617    13.8155 3.4689e+02  -61.31083  -57.95100 1152552255 191.725193    34.2030 0.0000e+00
     96.000    -0.7664   2.783634    -0.7672   2.783819    7.57910     0.2855    13.8155 3.4391e+02  -61.31083  -57.95100 1152552257 191.725225    34.2025 0.0000e+00
