product_data/regression_test/downloaded_data/MDGS/320620060703/ctd/adapted/heads_insert_p6617611.cnv
* Sea-Bird SBE 9 Data File:
* FileName = D:\Data\Raw\p6617611.dat
* Software Version Seasave Win32 V 5.32
* Temperature SN = 1649
* Conductivity SN = 1431
* Number of Bytes Per Scan = 37
* Number of Voltage Words = 5
* Number of Scans Averaged by the Deck Unit = 1
* NMEA Latitude = 60 37.00 S
* NMEA Longitude = 054 43.23 W
* NMEA UTC (Time) = 14:47:03
** Ship:   Nathaniel B. Palmer 
** Cruise:    NBP0606 
# nquan = 15
# nvalues = 741                         
# units = specified
# name 0 = prDM: Pressure, Digiquartz [db]
# name 1 = t090C: Temperature [ITS-90, deg C]
# name 2 = c0S/m: Conductivity [S/m]
# name 3 = t190C: Temperature, 2 [ITS-90, deg C]
# name 4 = c1S/m: Conductivity, 2 [S/m]
# name 5 = sbeox0ML/L: Oxygen, SBE 43 [ml/l]
# name 6 = flECO-AFL: Fluorescence, Wetlab ECO-AFL/FL [mg/m^3]
# name 7 = bat: Beam Attenuation, Chelsea/Seatech/Wetlab CStar [1/m]
# name 8 = spar: SPAR/Surface Irradiance
# name 9 = latitude: Latitude [deg]
# name 10 = longitude: Longitude [deg]
# name 11 = timeY: Time, System [seconds]
# name 12 = timeJ: Julian Days
# name 13 = sal00: Salinity [PSU]
# name 14 = flag: flag
# span 0 =     14.000,    754.000       
# span 1 =    -0.7344,     1.3945       
# span 2 =   2.781058,   2.996806       
# span 3 =    -0.7362,     1.3842       
# span 4 =   2.781493,   2.997152       
# span 5 =    4.99475,    7.63084       
# span 6 =    -0.1047,     0.4425       
# span 7 =    13.8155,    13.8155       
# span 8 = 5.4555e+01, 6.4562e+01       
# span 9 =  -60.61667,  -60.61667       
# span 10 =  -54.72050,  -54.72050      
# span 11 = 1153493243, 1153494278      
# span 12 = 202.616259, 202.628234      
# span 13 =    34.1703,    34.6654      
# span 14 = 0.0000e+00, 0.0000e+00      
# interval = decibars: 1                
# start_time = Jul 21 2006 14:47:11
# bad_flag = -9.990e-29
*END*
[from data line 193]
    206.000     1.2231   2.980842     1.2255   2.981648    5.10599    -0.0681    13.8155 6.1679e+01  -60.61667  -54.72050 1153493583 202.620196    34.5062 0.0000e+00
    207.000     1.1850   2.977305     1.1773   2.977295    5.14585    -0.0770    13.8155 6.1001e+01  -60.61667  -54.72050 1153493584 202.620206    34.5028 0.0000e+00
    208.000     1.0470   2.964572     1.0437   2.965067    5.22283    -0.0717    13.8155 6.1463e+01  -60.61667  -54.72050 1153493585 202.620215    34.4963 0.0000e+00
    209.000     0.9810   2.958523     1.0019   2.961141    5.25267    -0.0756    13.8155 6.1780e+01  -60.61667  -54.72050 1153493586 202.620229    34.4924 0.0000e+00
    210.000     0.9375   2.954320     0.8808   2.950321    5.39186    -0.0746    13.8155 6.1271e+01  -60.61667  -54.72050 1153493588 202.620254    34.4858 0.0000e+00
    211.000     0.5103   2.914702     0.5035   2.915699    5.51973    -0.0595    13.8155 6.1409e+01  -60.61667  -54.72050 1153493589 202.620269    34.4619 0.0000e+00
    212.000     0.4771   2.912443     0.4785   2.913158    5.57738    -0.0714    13.8155 6.0815e+01  -60.61667  -54.72050 1153493590 202.620278    34.4653 0.0000e+00
    213.000     0.4781   2.912538     0.4780   2.913062    5.61812    -0.0566    13.8155 6.1195e+01  -60.61667  -54.72050 1153493591 202.620287    34.4633 0.0000e+00
    214.000     0.4885   2.913628     0.4905   2.914183    5.64882    -0.0734    13.8155 6.2102e+01  -60.61667  -54.72050 1153493592 202.620295    34.4640 0.0000e+00
    215.000     0.4937   2.914100     0.5041   2.915551    5.68053    -0.0802    13.8155 6.2197e+01  -60.61667  -54.72050 1153493592 202.620305    34.4612 0.0000e+00
    216.000     0.5025   2.915169     0.5066   2.915954    5.73954    -0.0629    13.8155 6.1649e+01  -60.61667  -54.72050 1153493596 202.620340    34.4607 0.0000e+00
    217.000     0.5338   2.918301     0.5588   2.920882    5.77403    -0.0706    13.8155 6.0501e+01  -60.61667  -54.72050 1153493598 202.620367    34.4636 0.0000e+00
    218.000     0.5994   2.924491     0.5975   2.924425    5.79269    -0.0567    13.8155 6.1166e+01  -60.61667  -54.72050 1153493599 202.620379    34.4679 0.0000e+00
    219.000     0.5550   2.919428     0.5530   2.920831    5.82806    -0.0587    13.8155 5.9273e+01  -60.61667  -54.72050 1153493600 202.620389    34.4529 0.0000e+00
    220.000     0.3650   2.902555     0.3831   2.905305    5.86875    -0.0797    13.8155 6.0004e+01  -60.61667  -54.72050 1153493600 202.620397    34.4460 0.0000e+00
    221.000     0.2931   2.896298     0.2899   2.896963    5.90360    -0.0766    13.8155 6.1261e+01  -60.61667  -54.72050 1153493601 202.620405    34.4464 0.0000e+00
    222.000     0.1880   2.886499     0.1651   2.885496    5.94241    -0.0670    13.8155 6.2028e+01  -60.61667  -54.72050 1153493602 202.620412    34.4362 0.0000e+00
    223.000     0.1399   2.882309     0.1342   2.882516    6.03455    -0.0621    13.8155 5.9737e+01  -60.61667  -54.72050 1153493603 202.620432    34.4345 0.0000e+00
    224.000     0.2371   2.891306     0.1990   2.888718    6.11015    -0.0620    13.8155 5.8243e+01  -60.61667  -54.72050 1153493606 202.620463    34.4410 0.0000e+00
    225.000     0.0678   2.876122     0.0604   2.876134    6.13857    -0.0648    13.8155 5.9734e+01  -60.61667  -54.72050 1153493607 202.620474    34.4303 0.0000e+00
    226.000     0.0620   2.875731     0.0593   2.875995    6.16605    -0.0744    13.8155 6.1832e+01  -60.61667  -54.72050 1153493608 202.620484    34.4302 0.0000e+00
    227.000     0.0608   2.875596     0.0505   2.875266    6.19161    -0.0742    13.8155 6.0292e+01  -60.61667  -54.72050 1153493609 202.620496    34.4276 0.0000e+00
    228.000     0.0290   2.872861     0.0301   2.873458    6.22218    -0.0750    13.8155 5.8947e+01  -60.61667  -54.72050 1153493611 202.620514    34.4266 0.0000e+00
    229.000     0.0217   2.872284     0.0223   2.872808    6.24428    -0.0900    13.8155 5.8640e+01  -60.61667  -54.72050 1153493612 202.620531    34.4254 0.0000e+00
    230.000     0.0258   2.872748     0.0261   2.873199    6.24960    -0.0698    13.8155 6.0205e+01  -60.61667  -54.72050 1153493613 202.620543    34.4256 0.0000e+00
    231.000     0.0287   2.873070     0.0292   2.873535    6.24823    -0.0703    13.8155 5.9565e+01  -60.61667  -54.72050 1153493614 202.620553    34.4252 0.0000e+00
    232.000     0.0468   2.874847     0.0477   2.875273    6.24212    -0.0695    13.8155 5.8592e+01  -60.61667  -54.72050 1153493615 202.620566    34.4264 0.0000e+00
    233.000     0.0709   2.877166     0.0731   2.877692    6.22307    -0.0717    13.8155 5.9754e+01  -60.61667  -54.72050 1153493617 202.620589    34.4282 0.0000e+00
    234.000     0.1251   2.882360     0.1276   2.882709    6.19319    -0.0728    13.8155 -9.990e-29  -60.61667  -54.72050 1153493619 202.620608    34.4340 0.0000e+00
    235.000     0.1708   2.886629     0.1790   2.887530    6.16550    -0.0546    13.8155 -9.990e-29  -60.61667  -54.72050 1153493620 202.620619    34.4367 0.0000e+00
    236.000     0.1984   2.889205     0.2022   2.889750    6.13752    -0.0765    13.8155 -9.990e-29  -60.61667  -54.72050 1153493620 202.620629    34.4384 0.0000e+00
    237.000     0.2494   2.894039     0.2515   2.894287    6.11022    -0.0753    13.8155 -9.990e-29  -60.61667  -54.72050 1153493621 202.620640    34.4433 0.0000e+00
    238.000     0.2686   2.895720     0.2696   2.896085    6.08385    -0.0708    13.8155 -9.990e-29  -60.61667  -54.72050 1153493623 202.620655    34.4426 0.0000e+00
    239.000     0.2816   2.897009     0.2846   2.897498    6.04855    -0.0626    13.8155 5.9641e+01  -60.61667  -54.72050 1153493625 202.620678    34.4451 0.0000e+00
    240.000     0.3074   2.899431     0.3078   2.899729    6.02653    -0.0608    13.8155 5.9134e+01  -60.61667  -54.72050 1153493626 202.620699    34.4472 0.0000e+00
    241.000     0.3083   2.899547     0.3098   2.899972    6.01812    -0.0599    13.8155 5.8899e+01  -60.61667  -54.72050 1153493628 202.620713    34.4477 0.0000e+00
    242.000     0.3108   2.899801     0.3118   2.900185    6.01327    -0.0702    13.8155 5.8449e+01  -60.61667  -54.72050 1153493629 202.620725    34.4480 0.0000e+00
    243.000     0.3151   2.900233     0.3164   2.900641    6.00335    -0.0835    13.8155 5.9041e+01  -60.61667  -54.72050 1153493630 202.620737    34.4484 0.0000e+00
    244.000     0.3261   2.901390     0.3276   2.901681    5.99275    -0.0861    13.8155 5.9565e+01  -60.61667  -54.72050 1153493631 202.620748    34.4510 0.0000e+00
    245.000     0.3435   2.902972     0.3439   2.903266    5.98500    -0.0742    13.8155 5.9056e+01  -60.61667  -54.72050 1153493632 202.620759    34.4510 0.0000e+00
    246.000     0.3360   2.902345     0.3345   2.902556    5.97981    -0.0790    13.8155 5.8450e+01  -60.61667  -54.72050 1153493633 202.620770    34.4510 0.0000e+00
    247.000     0.3239   2.901326     0.3274   2.901958    5.97963    -0.0657    13.8155 5.8444e+01  -60.61667  -54.72050 1153493634 202.620784    34.4511 0.0000e+00
    248.000     0.3209   2.901082     0.3217   2.901459    5.95037    -0.0678    13.8155 -9.990e-29  -60.61667  -54.72050 1153493636 202.620810    34.4514 0.0000e+00
    249.000     0.3170   2.900749     0.3175   2.901140    5.95637    -0.0735    13.8155 -9.990e-29  -60.61667  -54.72050 1153493638 202.620829    34.4510 0.0000e+00
    250.000     0.3191   2.901092     0.3196   2.901420    5.92912    -0.0670    13.8155 -9.990e-29  -60.61667  -54.72050 1153493639 202.620843    34.4528 0.0000e+00
    251.000     0.3895   2.908185     0.3891   2.907711    5.87334    -0.0734    13.8155 -9.990e-29  -60.61667  -54.72050 1153493640 202.620856    34.4665 0.0000e+00
    252.000     0.6291   2.930366     0.6243   2.929620    5.82401    -0.0864    13.8155 5.8444e+01  -60.61667  -54.72050 1153493641 202.620870    34.4792 0.0000e+00
    253.000     0.5618   2.924371     0.5606   2.924501    5.78826    -0.0804    13.8155 5.9171e+01  -60.61667  -54.72050 1153493642 202.620883    34.4785 0.0000e+00
    254.000     0.5660   2.924860     0.5671   2.925160    5.76416    -0.0770    13.8155 6.1160e+01  -60.61667  -54.72050 1153493643 202.620895    34.4806 0.0000e+00
    255.000     0.5647   2.924781     0.5658   2.925113    5.74497    -0.0732    13.8155 6.0349e+01  -60.61667  -54.72050 1153493645 202.620909    34.4812 0.0000e+00
    256.000     0.5650   2.924845     0.5663   2.925192    5.73250    -0.0691    13.8155 5.8719e+01  -60.61667  -54.72050 1153493646 202.620923    34.4819 0.0000e+00
    257.000     0.5671   2.925082     0.5671   2.925312    5.72300    -0.0723    13.8155 6.1535e+01  -60.61667  -54.72050 1153493647 202.620938    34.4828 0.0000e+00
    258.000     0.5716   2.925527     0.5726   2.925860    5.71433    -0.0747    13.8155 5.8470e+01  -60.61667  -54.72050 1153493648 202.620951    34.4833 0.0000e+00
    259.000     0.5741   2.925789     0.5747   2.926093    5.70769    -0.0756    13.8155 5.9530e+01  -60.61667  -54.72050 1153493650 202.620965    34.4837 0.0000e+00
    260.000     0.5689   2.925325     0.5689   2.925609    5.70562    -0.0821    13.8155 6.1860e+01  -60.61667  -54.72050 1153493651 202.620988    34.4836 0.0000e+00
    261.000     0.5647   2.924972     0.5651   2.925305    5.70959    -0.0711    13.8155 6.0708e+01  -60.61667  -54.72050 1153493654 202.621013    34.4837 0.0000e+00
    262.000     0.5616   2.924773     0.5622   2.925108    5.71311    -0.0716    13.8155 5.9995e+01  -60.61667  -54.72050 1153493655 202.621027    34.4843 0.0000e+00
    263.000     0.5553   2.924192     0.5566   2.924671    5.71646    -0.0766    13.8155 5.8951e+01  -60.61667  -54.72050 1153493656 202.621036    34.4832 0.0000e+00
    264.000     0.5442   2.923212     0.5437   2.923560    5.72157    -0.0710    13.8155 6.0293e+01  -60.61667  -54.72050 1153493656 202.621045    34.4825 0.0000e+00
    265.000     0.5300   2.922009     0.5311   2.922449    5.72171    -0.0793    13.8155 6.1937e+01  -60.61667  -54.72050 1153493657 202.621053    34.4828 0.0000e+00
    266.000     0.5243   2.921533     0.5248   2.921916    5.72320    -0.0607    13.8155 6.1475e+01  -60.61667  -54.72050 1153493658 202.621061    34.4825 0.0000e+00
    267.000     0.5193   2.921135     0.5210   2.921596    5.73193    -0.0710    13.8155 6.0974e+01  -60.61667  -54.72050 1153493660 202.621083    34.4824 0.0000e+00
    268.000     0.5224   2.921427     0.5216   2.921701    5.73639    -0.0648    13.8155 6.0578e+01  -60.61667  -54.72050 1153493663 202.621116    34.4828 0.0000e+00
    269.000     0.5257   2.921916     0.5256   2.922135    5.73556    -0.0726    13.8155 6.2047e+01  -60.61667  -54.72050 1153493663 202.621125    34.4842 0.0000e+00
    270.000     0.5428   2.923577     0.5427   2.923800    5.73674    -0.0625    13.8155 6.2015e+01  -60.61667  -54.72050 1153493664 202.621134    34.4856 0.0000e+00
    271.000     0.5121   2.920685     0.5122   2.921242    5.73904    -0.0847    13.8155 6.1977e+01  -60.61667  -54.72050 1153493665 202.621143    34.4825 0.0000e+00
    272.000     0.4974   2.919577     0.4982   2.919965    5.73974    -0.0722    13.8155 6.2229e+01  -60.61667  -54.72050 1153493666 202.621156    34.4841 0.0000e+00
    273.000     0.5043   2.920351     0.5055   2.920742    5.74023    -0.0784    13.8155 6.2090e+01  -60.61667  -54.72050 1153493668 202.621175    34.4856 0.0000e+00
    274.000     0.5155   2.921494     0.5169   2.921871    5.73599    -0.0822    13.8155 6.1491e+01  -60.61667  -54.72050 1153493669 202.621191    34.4870 0.0000e+00
    275.000     0.5281   2.922733     0.5294   2.923123    5.73210    -0.0754    13.8155 6.1407e+01  -60.61667  -54.72050 1153493670 202.621204    34.4880 0.0000e+00
    276.000     0.5302   2.922999     0.5310   2.923367    5.72568    -0.0709    13.8155 6.2300e+01  -60.61667  -54.72050 1153493671 202.621217    34.4885 0.0000e+00
    277.000     0.5296   2.923020     0.5304   2.923385    5.72100    -0.0722    13.8155 6.2341e+01  -60.61667  -54.72050 1153493673 202.621237    34.4889 0.0000e+00
    278.000     0.5442   2.924504     0.5542   2.925720    5.70603    -0.0684    13.8155 6.2158e+01  -60.61667  -54.72050 1153493675 202.621258    34.4912 0.0000e+00
    279.000     0.5785   2.927868     0.5801   2.928199    5.68728    -0.0811    13.8155 6.1926e+01  -60.61667  -54.72050 1153493676 202.621273    34.4952 0.0000e+00
    280.000     0.5892   2.928968     0.5904   2.929237    5.66695    -0.0839    13.8155 6.1445e+01  -60.61667  -54.72050 1153493677 202.621287    34.4973 0.0000e+00
    281.000     0.6183   2.931778     0.6194   2.932070    5.65547    -0.0755    13.8155 6.1952e+01  -60.61667  -54.72050 1153493678 202.621299    34.4999 0.0000e+00
    282.000     0.6226   2.932237     0.6236   2.932555    5.63338    -0.0938    13.8155 6.1952e+01  -60.61667  -54.72050 1153493679 202.621309    34.5004 0.0000e+00
    283.000     0.6294   2.933041     0.6333   2.933487    5.59942    -0.0804    13.8155 6.1883e+01  -60.61667  -54.72050 1153493680 202.621319    34.5034 0.0000e+00
    284.000     0.6909   2.938932     0.7020   2.939917    5.57760    -0.0724    13.8155 6.1535e+01  -60.61667  -54.72050 1153493681 202.621330    34.5094 0.0000e+00
    285.000     0.7233   2.941960     0.7297   2.942657    5.54432    -0.0746    13.8155 6.2019e+01  -60.61667  -54.72050 1153493682 202.621343    34.5113 0.0000e+00
    286.000     0.7973   2.949164     0.8032   2.949506    5.48144    -0.0806    13.8155 6.2602e+01  -60.61667  -54.72050 1153493684 202.621360    34.5212 0.0000e+00
    287.000     0.9331   2.962050     0.9346   2.962227    5.39047    -0.0787    13.8155 6.2104e+01  -60.61667  -54.72050 1153493686 202.621387    34.5333 0.0000e+00
    288.000     0.9640   2.965071     0.9635   2.965082    5.33124    -0.0756    13.8155 6.3205e+01  -60.61667  -54.72050 1153493688 202.621415    34.5390 0.0000e+00
    289.000     0.9834   2.966963     0.9855   2.967250    5.31303    -0.0771    13.8155 6.1728e+01  -60.61667  -54.72050 1153493689 202.621428    34.5414 0.0000e+00
    290.000     0.9925   2.967841     0.9934   2.968088    5.29912    -0.0805    13.8155 6.1624e+01  -60.61667  -54.72050 1153493690 202.621437    34.5422 0.0000e+00
    291.000     0.9919   2.967843     0.9931   2.968110    5.29328    -0.0653    13.8155 6.2648e+01  -60.61667  -54.72050 1153493691 202.621446    34.5430 0.0000e+00
    292.000     0.9943   2.968059     0.9941   2.968265    5.29180    -0.0669    13.8155 6.2564e+01  -60.61667  -54.72050 1153493692 202.621454    34.5428 0.0000e+00
    293.000     0.9850   2.967206     0.9833   2.967310    5.28847    -0.0571    13.8155 6.2345e+01  -60.61667  -54.72050 1153493693 202.621463    34.5422 0.0000e+00
    294.000     0.9767   2.966508     0.9774   2.966768    5.28352    -0.0740    13.8155 6.1365e+01  -60.61667  -54.72050 1153493693 202.621474    34.5429 0.0000e+00
    295.000     0.9809   2.966933     0.9832   2.967342    5.28283    -0.0882    13.8155 6.4562e+01  -60.61667  -54.72050 1153493695 202.621488    34.5435 0.0000e+00
    296.000     0.9674   2.965584     0.9679   2.965986    5.28511    -0.0693    13.8155 6.2504e+01  -60.61667  -54.72050 1153493696 202.621502    34.5413 0.0000e+00
    297.000     0.9502   2.964135     0.9566   2.964938    5.29532    -0.0785    13.8155 6.2573e+01  -60.61667  -54.72050 1153493698 202.621529    34.5421 0.0000e+00
    298.000     0.9612   2.965111     0.9627   2.965508    5.30155    -0.0807    13.8155 6.2323e+01  -60.61667  -54.72050 1153493701 202.621562    34.5418 0.0000e+00
    299.000     0.9447   2.963601     0.9456   2.964010    5.30167    -0.0752    13.8155 6.2341e+01  -60.61667  -54.72050 1153493702 202.621573    34.5404 0.0000e+00
    300.000     0.9383   2.963163     0.9409   2.963583    5.30341    -0.0892    13.8155 6.2341e+01  -60.61667  -54.72050 1153493703 202.621582    34.5422 0.0000e+00
    301.000     0.9447   2.963780     0.9440   2.963923    5.30542    -0.0748    13.8155 6.2341e+01  -60.61667  -54.72050 1153493704 202.621591    34.5422 0.0000e+00
