product_data/regression_test/downloaded_data/MDGS/320620060703/ctd/adapted/heads_insert_p6608901.cnv
* Sea-Bird SBE 9 Data File:
* FileName = D:\Data\Raw\P6608901.dat
* Software Version Seasave Win32 V 5.32
* Temperature SN = 1649
* Conductivity SN = 1431
* Number of Bytes Per Scan = 37
* Number of Voltage Words = 5
* Number of Scans Averaged by the Deck Unit = 1
* NMEA Latitude = 61 26.26 S
* NMEA Longitude = 057 51.58 W
* NMEA UTC (Time) = 10:14:29
** Ship:   Nathaniel B. Palmer 
** Cruise:    NBP0603 p0606
** Cast #: 01
** Station:   89
** Operator: rdd
# nquan = 15
# nvalues = 739                         
# units = specified
# name 0 = prDM: Pressure, Digiquartz [db]
# name 1 = t090C: Temperature [ITS-90, deg C]
# name 2 = c0S/m: Conductivity [S/m]
# name 3 = t190C: Temperature, 2 [ITS-90, deg C]
# name 4 = c1S/m: Conductivity, 2 [S/m]
# name 5 = sbeox0ML/L: Oxygen, SBE 43 [ml/l]
# name 6 = flECO-AFL: Fluorescence, Wetlab ECO-AFL/FL [mg/m^3]
# name 7 = bat: Beam Attenuation, Chelsea/Seatech/Wetlab CStar [1/m]
# name 8 = spar: SPAR/Surface Irradiance
# name 9 = latitude: Latitude [deg]
# name 10 = longitude: Longitude [deg]
# name 11 = timeY: Time, System [seconds]
# name 12 = timeJ: Julian Days
# name 13 = sal00: Salinity [PSU]
# name 14 = flag: flag
# span 0 =     15.000,    753.000       
# span 1 =    -0.7960,     0.8924       
# span 2 =   2.773494,   2.989669       
# span 3 =    -0.7954,     0.8931       
# span 4 =   2.774002,   2.989951       
# span 5 =    5.14068,    7.76503       
# span 6 =    -0.1163,     0.2668       
# span 7 =    13.8155,    13.8155       
# span 8 = 0.0000e+00, 0.0000e+00       
# span 9 =  -61.43767,  -61.43767       
# span 10 =  -57.85967,  -57.85967      
# span 11 = 1152526458, 1152527849      
# span 12 = 191.426625, 191.442721      
# span 13 =    34.1327,    34.6739      
# span 14 = 0.0000e+00, 0.0000e+00      
# interval = decibars: 1                
# start_time = Jul 10 2006 10:14:37
# bad_flag = -9.990e-29
*END*
[from data line 97]
    111.000    -0.6956   2.792922    -0.6944   2.793236    7.45234     0.1836    13.8155 0.0000e+00  -61.43767  -57.85967 1152526886 191.431571    34.2388 0.0000e+00
    112.000    -0.6956   2.792975    -0.6943   2.793291    7.45229     0.1772    13.8155 0.0000e+00  -61.43767  -57.85967 1152526887 191.431586    34.2389 0.0000e+00
    113.000    -0.6953   2.793041    -0.6942   2.793360    7.44986     0.1731    13.8155 0.0000e+00  -61.43767  -57.85967 1152526888 191.431599    34.2390 0.0000e+00
    114.000    -0.6956   2.793053    -0.6948   2.793338    7.45118     0.1686    13.8155 0.0000e+00  -61.43767  -57.85967 1152526889 191.431613    34.2388 0.0000e+00
    115.000    -0.6960   2.793062    -0.6950   2.793368    7.45147     0.1753    13.8155 0.0000e+00  -61.43767  -57.85967 1152526891 191.431629    34.2388 0.0000e+00
    116.000    -0.6971   2.793025    -0.6959   2.793340    7.45499     0.1826    13.8155 0.0000e+00  -61.43767  -57.85967 1152526893 191.431653    34.2389 0.0000e+00
    117.000    -0.6948   2.793353    -0.6935   2.793676    7.45503     0.1668    13.8155 0.0000e+00  -61.43767  -57.85967 1152526895 191.431681    34.2401 0.0000e+00
    118.000    -0.6939   2.793501    -0.6928   2.793798    7.45705     0.1680    13.8155 0.0000e+00  -61.43767  -57.85967 1152526897 191.431702    34.2404 0.0000e+00
    119.000    -0.6923   2.793712    -0.6913   2.794009    7.45930     0.1639    13.8155 0.0000e+00  -61.43767  -57.85967 1152526898 191.431719    34.2408 0.0000e+00
    120.000    -0.6898   2.794037    -0.6887   2.794345    7.45959     0.1700    13.8155 0.0000e+00  -61.43767  -57.85967 1152526900 191.431733    34.2418 0.0000e+00
    121.000    -0.6881   2.794272    -0.6870   2.794592    7.45665     0.1751    13.8155 0.0000e+00  -61.43767  -57.85967 1152526901 191.431745    34.2423 0.0000e+00
    122.000    -0.6880   2.794320    -0.6871   2.794609    7.45198     0.1780    13.8155 0.0000e+00  -61.43767  -57.85967 1152526902 191.431755    34.2422 0.0000e+00
    123.000    -0.6863   2.794565    -0.6852   2.794848    7.44937     0.1660    13.8155 0.0000e+00  -61.43767  -57.85967 1152526902 191.431764    34.2429 0.0000e+00
    124.000    -0.6866   2.794556    -0.6858   2.794832    7.44693     0.1605    13.8155 0.0000e+00  -61.43767  -57.85967 1152526903 191.431775    34.2426 0.0000e+00
    125.000    -0.6864   2.794620    -0.6853   2.794921    7.44443     0.1883    13.8155 0.0000e+00  -61.43767  -57.85967 1152526905 191.431799    34.2427 0.0000e+00
    126.000    -0.6864   2.794675    -0.6852   2.794995    7.44380     0.1802    13.8155 0.0000e+00  -61.43767  -57.85967 1152526908 191.431832    34.2428 0.0000e+00
    127.000    -0.6853   2.794850    -0.6841   2.795162    7.44235     0.1522    13.8155 0.0000e+00  -61.43767  -57.85967 1152526910 191.431847    34.2433 0.0000e+00
    128.000    -0.6839   2.795055    -0.6824   2.795395    7.44026     0.1602    13.8155 0.0000e+00  -61.43767  -57.85967 1152526910 191.431859    34.2438 0.0000e+00
    129.000    -0.6844   2.795037    -0.6828   2.795394    7.43831     0.1722    13.8155 0.0000e+00  -61.43767  -57.85967 1152526911 191.431870    34.2436 0.0000e+00
    130.000    -0.6829   2.795268    -0.6819   2.795554    7.43517     0.1602    13.8155 0.0000e+00  -61.43767  -57.85967 1152526912 191.431881    34.2444 0.0000e+00
    131.000    -0.6828   2.795318    -0.6817   2.795622    7.43531     0.1730    13.8155 0.0000e+00  -61.43767  -57.85967 1152526914 191.431897    34.2443 0.0000e+00
    132.000    -0.6829   2.795360    -0.6815   2.795698    7.43184     0.1555    13.8155 0.0000e+00  -61.43767  -57.85967 1152526915 191.431914    34.2444 0.0000e+00
    133.000    -0.6807   2.795656    -0.6797   2.795943    7.42781     0.1636    13.8155 0.0000e+00  -61.43767  -57.85967 1152526916 191.431928    34.2453 0.0000e+00
    134.000    -0.6808   2.795680    -0.6795   2.796007    7.42654     0.1732    13.8155 0.0000e+00  -61.43767  -57.85967 1152526918 191.431942    34.2451 0.0000e+00
    135.000    -0.6773   2.796102    -0.6750   2.796528    7.42078     0.1672    13.8155 0.0000e+00  -61.43767  -57.85967 1152526920 191.431969    34.2462 0.0000e+00
    136.000    -0.6736   2.796561    -0.6722   2.796905    7.41242     0.1503    13.8155 0.0000e+00  -61.43767  -57.85967 1152526922 191.431994    34.2475 0.0000e+00
    137.000    -0.6729   2.796695    -0.6720   2.796978    7.40405     0.1470    13.8155 0.0000e+00  -61.43767  -57.85967 1152526923 191.432005    34.2479 0.0000e+00
    138.000    -0.6713   2.796903    -0.6707   2.797152    7.40062     0.1527    13.8155 0.0000e+00  -61.43767  -57.85967 1152526924 191.432014    34.2482 0.0000e+00
    139.000    -0.6709   2.796970    -0.6702   2.797260    7.39723     0.1546    13.8155 0.0000e+00  -61.43767  -57.85967 1152526925 191.432024    34.2481 0.0000e+00
    140.000    -0.6716   2.796950    -0.6703   2.797300    7.39300     0.1652    13.8155 0.0000e+00  -61.43767  -57.85967 1152526926 191.432034    34.2481 0.0000e+00
    141.000    -0.6675   2.797457    -0.6640   2.798005    7.38256     0.1588    13.8155 0.0000e+00  -61.43767  -57.85967 1152526928 191.432058    34.2495 0.0000e+00
    142.000    -0.6609   2.798205    -0.6599   2.798494    7.37484     0.1512    13.8155 0.0000e+00  -61.43767  -57.85967 1152526930 191.432082    34.2515 0.0000e+00
    143.000    -0.6602   2.798322    -0.6593   2.798596    7.37102     0.1638    13.8155 0.0000e+00  -61.43767  -57.85967 1152526931 191.432092    34.2516 0.0000e+00
    144.000    -0.6587   2.798531    -0.6571   2.798917    7.36551     0.1498    13.8155 0.0000e+00  -61.43767  -57.85967 1152526931 191.432101    34.2522 0.0000e+00
    145.000    -0.6604   2.798395    -0.6585   2.798775    7.35914     0.1470    13.8155 0.0000e+00  -61.43767  -57.85967 1152526932 191.432110    34.2517 0.0000e+00
    146.000    -0.6538   2.799137    -0.6518   2.799520    7.35376     0.1522    13.8155 0.0000e+00  -61.43767  -57.85967 1152526935 191.432139    34.2540 0.0000e+00
    147.000    -0.6540   2.799208    -0.6507   2.799685    7.34051     0.1319    13.8155 0.0000e+00  -61.43767  -57.85967 1152526938 191.432182    34.2545 0.0000e+00
    148.000    -0.6412   2.800557    -0.6405   2.800819    7.33712     0.1256    13.8155 0.0000e+00  -61.43767  -57.85967 1152526939 191.432191    34.2569 0.0000e+00
    149.000    -0.6360   2.801182    -0.6353   2.801397    7.33076     0.1496    13.8155 0.0000e+00  -61.43767  -57.85967 1152526940 191.432199    34.2590 0.0000e+00
    150.000    -0.6319   2.801602    -0.6308   2.801910    7.32145     0.1529    13.8155 0.0000e+00  -61.43767  -57.85967 1152526941 191.432207    34.2591 0.0000e+00
    151.000    -0.6323   2.801572    -0.6321   2.801811    7.31250     0.1531    13.8155 0.0000e+00  -61.43767  -57.85967 1152526941 191.432214    34.2584 0.0000e+00
    152.000    -0.6340   2.801488    -0.6319   2.801897    7.30407     0.1643    13.8155 0.0000e+00  -61.43767  -57.85967 1152526942 191.432220    34.2593 0.0000e+00
    153.000    -0.6152   2.803329    -0.6172   2.803289    7.29773     0.2021    13.8155 0.0000e+00  -61.43767  -57.85967 1152526942 191.432228    34.2615 0.0000e+00
    154.000    -0.6255   2.802352    -0.6258   2.802549    7.29182     0.2141    13.8155 0.0000e+00  -61.43767  -57.85967 1152526945 191.432260    34.2598 0.0000e+00
    155.000    -0.6342   2.801583    -0.6323   2.801957    7.28437     0.2258    13.8155 0.0000e+00  -61.43767  -57.85967 1152526949 191.432302    34.2591 0.0000e+00
    156.000    -0.6184   2.803213    -0.6166   2.803403    7.28381     0.2252    13.8155 0.0000e+00  -61.43767  -57.85967 1152526950 191.432316    34.2618 0.0000e+00
    157.000    -0.6156   2.803443    -0.6150   2.803702    7.26971     0.2403    13.8155 0.0000e+00  -61.43767  -57.85967 1152526951 191.432327    34.2612 0.0000e+00
    158.000    -0.6152   2.803540    -0.6136   2.803879    7.26468     0.2359    13.8155 0.0000e+00  -61.43767  -57.85967 1152526952 191.432337    34.2618 0.0000e+00
    159.000    -0.5972   2.805414    -0.5928   2.805826    7.25541     0.2268    13.8155 0.0000e+00  -61.43767  -57.85967 1152526953 191.432347    34.2664 0.0000e+00
    160.000    -0.5833   2.806568    -0.5876   2.806455    7.24852     0.2341    13.8155 0.0000e+00  -61.43767  -57.85967 1152526954 191.432357    34.2638 0.0000e+00
    161.000    -0.5879   2.806307    -0.5858   2.806583    7.23622     0.2668    13.8155 0.0000e+00  -61.43767  -57.85967 1152526955 191.432370    34.2658 0.0000e+00
    162.000    -0.5790   2.807141    -0.5777   2.807457    7.22326     0.2277    13.8155 0.0000e+00  -61.43767  -57.85967 1152526956 191.432388    34.2662 0.0000e+00
    163.000    -0.5906   2.806088    -0.5907   2.806307    7.22183     0.2450    13.8155 0.0000e+00  -61.43767  -57.85967 1152526958 191.432407    34.2651 0.0000e+00
    164.000    -0.5894   2.806275    -0.5863   2.806785    7.22028     0.2538    13.8155 0.0000e+00  -61.43767  -57.85967 1152526961 191.432444    34.2659 0.0000e+00
    165.000    -0.5923   2.806053    -0.5900   2.806441    7.22473     0.1890    13.8155 0.0000e+00  -61.43767  -57.85967 1152526963 191.432467    34.2659 0.0000e+00
    166.000    -0.5863   2.806683    -0.5849   2.807002    7.22115     0.1815    13.8155 0.0000e+00  -61.43767  -57.85967 1152526964 191.432477    34.2668 0.0000e+00
    167.000    -0.5786   2.807453    -0.5782   2.807662    7.21573     0.1874    13.8155 0.0000e+00  -61.43767  -57.85967 1152526965 191.432485    34.2676 0.0000e+00
    168.000    -0.5752   2.807785    -0.5737   2.808109    7.20919     0.1800    13.8155 0.0000e+00  -61.43767  -57.85967 1152526965 191.432492    34.2676 0.0000e+00
    169.000    -0.5728   2.808036    -0.5731   2.808224    7.20682     0.1816    13.8155 0.0000e+00  -61.43767  -57.85967 1152526966 191.432499    34.2674 0.0000e+00
    170.000    -0.5668   2.808615    -0.5678   2.808785    7.20291     0.1771    13.8155 0.0000e+00  -61.43767  -57.85967 1152526966 191.432505    34.2677 0.0000e+00
    171.000    -0.5717   2.808202    -0.5727   2.808316    7.20073     0.1769    13.8155 0.0000e+00  -61.43767  -57.85967 1152526969 191.432530    34.2671 0.0000e+00
    172.000    -0.5793   2.807578    -0.5756   2.808094    7.19739     0.1611    13.8155 0.0000e+00  -61.43767  -57.85967 1152526973 191.432584    34.2677 0.0000e+00
    173.000    -0.5602   2.809498    -0.5610   2.809471    7.19113     0.1598    13.8155 0.0000e+00  -61.43767  -57.85967 1152526974 191.432592    34.2711 0.0000e+00
    174.000    -0.5455   2.810812    -0.5445   2.811101    7.18297     0.1616    13.8155 0.0000e+00  -61.43767  -57.85967 1152526975 191.432600    34.2705 0.0000e+00
    175.000    -0.5467   2.810745    -0.5462   2.811002    7.17753     0.1495    13.8155 0.0000e+00  -61.43767  -57.85967 1152526975 191.432607    34.2704 0.0000e+00
    176.000    -0.5461   2.810859    -0.5454   2.811112    7.17314     0.1428    13.8155 0.0000e+00  -61.43767  -57.85967 1152526976 191.432614    34.2708 0.0000e+00
    177.000    -0.5444   2.811045    -0.5430   2.811383    7.16841     0.1637    13.8155 0.0000e+00  -61.43767  -57.85967 1152526976 191.432621    34.2707 0.0000e+00
    178.000    -0.5426   2.811268    -0.5414   2.811570    7.16398     0.1705    13.8155 0.0000e+00  -61.43767  -57.85967 1152526977 191.432632    34.2712 0.0000e+00
    179.000    -0.5497   2.810668    -0.5470   2.811086    7.15609     0.1536    13.8155 0.0000e+00  -61.43767  -57.85967 1152526982 191.432691    34.2711 0.0000e+00
    180.000    -0.5456   2.811098    -0.5441   2.811433    7.15214     0.1618    13.8155 0.0000e+00  -61.43767  -57.85967 1152526984 191.432707    34.2715 0.0000e+00
    181.000    -0.5420   2.811522    -0.5401   2.811886    7.14937     0.1611    13.8155 0.0000e+00  -61.43767  -57.85967 1152526985 191.432718    34.2726 0.0000e+00
    182.000    -0.5393   2.811839    -0.5388   2.812063    7.14921     0.1673    13.8155 0.0000e+00  -61.43767  -57.85967 1152526986 191.432727    34.2730 0.0000e+00
    183.000    -0.5418   2.811624    -0.5405   2.811954    7.14598     0.1698    13.8155 0.0000e+00  -61.43767  -57.85967 1152526986 191.432736    34.2726 0.0000e+00
    184.000    -0.5389   2.811943    -0.5379   2.812222    7.14065     0.1468    13.8155 0.0000e+00  -61.43767  -57.85967 1152526987 191.432745    34.2727 0.0000e+00
    185.000    -0.5283   2.813048    -0.5223   2.813746    7.13091     0.1245    13.8155 0.0000e+00  -61.43767  -57.85967 1152526988 191.432756    34.2751 0.0000e+00
    186.000    -0.5211   2.813746    -0.5191   2.814103    7.12058     0.1297    13.8155 0.0000e+00  -61.43767  -57.85967 1152526990 191.432773    34.2753 0.0000e+00
    187.000    -0.5352   2.812429    -0.5304   2.813063    7.11817     0.1312    13.8155 0.0000e+00  -61.43767  -57.85967 1152526993 191.432809    34.2736 0.0000e+00
    188.000    -0.5113   2.814789    -0.5026   2.815698    7.10640     0.1184    13.8155 0.0000e+00  -61.43767  -57.85967 1152526994 191.432829    34.2775 0.0000e+00
    189.000    -0.4976   2.816112    -0.4967   2.816371    7.09169     0.1266    13.8155 0.0000e+00  -61.43767  -57.85967 1152526995 191.432842    34.2783 0.0000e+00
    190.000    -0.4972   2.816262    -0.4961   2.816534    7.07781     0.1401    13.8155 0.0000e+00  -61.43767  -57.85967 1152526997 191.432854    34.2795 0.0000e+00
    191.000    -0.4950   2.816550    -0.4944   2.816776    7.06939     0.1436    13.8155 0.0000e+00  -61.43767  -57.85967 1152526998 191.432868    34.2804 0.0000e+00
    192.000    -0.4905   2.817082    -0.4894   2.817337    7.05543     0.1273    13.8155 0.0000e+00  -61.43767  -57.85967 1152526999 191.432881    34.2819 0.0000e+00
    193.000    -0.4721   2.819012    -0.4708   2.819213    7.03617     0.1160    13.8155 0.0000e+00  -61.43767  -57.85967 1152527000 191.432892    34.2860 0.0000e+00
    194.000    -0.4361   2.822756    -0.4331   2.823025    7.01077     0.1113    13.8155 0.0000e+00  -61.43767  -57.85967 1152527001 191.432903    34.2943 0.0000e+00
    195.000    -0.4247   2.823923    -0.4190   2.824524    6.98312     0.1105    13.8155 0.0000e+00  -61.43767  -57.85967 1152527003 191.432926    34.2963 0.0000e+00
    196.000    -0.4551   2.820895    -0.4509   2.821359    6.94722     0.0929    13.8155 0.0000e+00  -61.43767  -57.85967 1152527006 191.432969    34.2910 0.0000e+00
    197.000    -0.3990   2.826934    -0.3757   2.829200    6.92767     0.0993    13.8155 0.0000e+00  -61.43767  -57.85967 1152527007 191.432978    34.3079 0.0000e+00
    198.000    -0.3730   2.829541    -0.3722   2.829718    6.90993     0.0934    13.8155 0.0000e+00  -61.43767  -57.85967 1152527008 191.432987    34.3107 0.0000e+00
    199.000    -0.3712   2.829764    -0.3705   2.829983    6.89401     0.0859    13.8155 0.0000e+00  -61.43767  -57.85967 1152527009 191.432994    34.3111 0.0000e+00
    200.000    -0.3683   2.830203    -0.3670   2.830460    6.87731     0.0944    13.8155 0.0000e+00  -61.43767  -57.85967 1152527009 191.433002    34.3134 0.0000e+00
    201.000    -0.3608   2.831150    -0.3587   2.831513    6.85901     0.1002    13.8155 0.0000e+00  -61.43767  -57.85967 1152527011 191.433017    34.3172 0.0000e+00
    202.000    -0.3690   2.830262    -0.3622   2.831226    6.82734     0.0962    13.8155 0.0000e+00  -61.43767  -57.85967 1152527014 191.433053    34.3150 0.0000e+00
    203.000    -0.3703   2.830720    -0.3696   2.831233    6.81234     0.0816    13.8155 0.0000e+00  -61.43767  -57.85967 1152527015 191.433066    34.3222 0.0000e+00
    204.000    -0.3779   2.830698    -0.3773   2.830972    6.80565     0.0948    13.8155 0.0000e+00  -61.43767  -57.85967 1152527016 191.433077    34.3301 0.0000e+00
    205.000    -0.3856   2.830208    -0.3845   2.830501    6.79819     0.0932    13.8155 0.0000e+00  -61.43767  -57.85967 1152527017 191.433090    34.3323 0.0000e+00
