product_data/regression_test/downloaded_data/MDGS/320620060703/ctd/adapted/heads_insert_p6609306.cnv
* Sea-Bird SBE 9 Data File:
* FileName = D:\Data\Raw\p6609306.dat
* Software Version Seasave Win32 V 5.32
* Temperature SN = 1649
* Conductivity SN = 1431
* Number of Bytes Per Scan = 37
* Number of Voltage Words = 5
* Number of Scans Averaged by the Deck Unit = 1
* NMEA Latitude = 61 07.50 S
* NMEA Longitude = 058 05.51 W
* NMEA UTC (Time) = 04:04:44
** Ship:   Nathaniel B. Palmer nbp
** Cruise:    NBP0606 nbp0606
# nquan = 15
# nvalues = 491                         
# units = specified
# name 0 = prDM: Pressure, Digiquartz [db]
# name 1 = t090C: Temperature [ITS-90, deg C]
# name 2 = c0S/m: Conductivity [S/m]
# name 3 = t190C: Temperature, 2 [ITS-90, deg C]
# name 4 = c1S/m: Conductivity, 2 [S/m]
# name 5 = sbeox0ML/L: Oxygen, SBE 43 [ml/l]
# name 6 = flECO-AFL: Fluorescence, Wetlab ECO-AFL/FL [mg/m^3]
# name 7 = bat: Beam Attenuation, Chelsea/Seatech/Wetlab CStar [1/m]
# name 8 = spar: SPAR/Surface Irradiance
# name 9 = latitude: Latitude [deg]
# name 10 = longitude: Longitude [deg]
# name 11 = timeY: Time, System [seconds]
# name 12 = timeJ: Julian Days
# name 13 = sal00: Salinity [PSU]
# name 14 = flag: flag
# span 0 =     13.000,    503.000       
# span 1 =    -0.7969,     1.9525       
# span 2 =   2.758350,   3.066842       
# span 3 =    -0.7975,     1.9538       
# span 4 =   2.759037,   3.067144       
# span 5 =    4.33000,    8.01044       
# span 6 =    -0.0890,     0.2474       
# span 7 =    13.8155,    13.8155       
# span 8 = 0.0000e+00, 0.0000e+00       
# span 9 =  -61.12500,  -61.12500       
# span 10 =  -58.09183,  -58.09183      
# span 11 = 1152590703, 1152591646      
# span 12 = 192.170182, 192.181108      
# span 13 =    33.9449,    34.7111      
# span 14 = 0.0000e+00, 0.0000e+00      
# interval = decibars: 1                
# start_time = Jul 11 2006 04:04:51
# bad_flag = -9.990e-29
*END*
[from data line 193]
    205.000     1.7681   3.033501     1.7768   3.034412    4.42587    -0.0141    13.8155 0.0000e+00  -61.12500  -58.09183 1152591036 192.174046    34.5789 0.0000e+00
    206.000     1.7872   3.035484     1.7897   3.035763    4.42448    -0.0258    13.8155 0.0000e+00  -61.12500  -58.09183 1152591037 192.174060    34.5821 0.0000e+00
    207.000     1.7876   3.035595     1.7892   3.035829    4.42052     0.0053    13.8155 0.0000e+00  -61.12500  -58.09183 1152591038 192.174073    34.5825 0.0000e+00
    208.000     1.7860   3.035569     1.7876   3.035805    4.42103     0.0091    13.8155 0.0000e+00  -61.12500  -58.09183 1152591040 192.174085    34.5836 0.0000e+00
    209.000     1.7802   3.035100     1.7814   3.035339    4.42359    -0.0028    13.8155 0.0000e+00  -61.12500  -58.09183 1152591041 192.174097    34.5836 0.0000e+00
    210.000     1.7674   3.034068     1.7686   3.034330    4.42524    -0.0009    13.8155 0.0000e+00  -61.12500  -58.09183 1152591042 192.174109    34.5846 0.0000e+00
    211.000     1.7655   3.034032     1.7672   3.034289    4.42670    -0.0151    13.8155 0.0000e+00  -61.12500  -58.09183 1152591043 192.174120    34.5859 0.0000e+00
    212.000     1.7659   3.034101     1.7677   3.034366    4.42705    -0.0224    13.8155 0.0000e+00  -61.12500  -58.09183 1152591045 192.174144    34.5857 0.0000e+00
    213.000     1.7686   3.034358     1.7714   3.034695    4.42241    -0.0368    13.8155 0.0000e+00  -61.12500  -58.09183 1152591049 192.174197    34.5855 0.0000e+00
    214.000     1.7653   3.034245     1.7673   3.034531    4.42163    -0.0262    13.8155 0.0000e+00  -61.12500  -58.09183 1152591050 192.174212    34.5871 0.0000e+00
    215.000     1.7667   3.034511     1.7686   3.034795    4.41860    -0.0278    13.8155 0.0000e+00  -61.12500  -58.09183 1152591052 192.174226    34.5887 0.0000e+00
    216.000     1.7778   3.035733     1.7798   3.035983    4.41251    -0.0382    13.8155 0.0000e+00  -61.12500  -58.09183 1152591053 192.174239    34.5910 0.0000e+00
    217.000     1.7973   3.037808     1.7996   3.038038    4.40492    -0.0401    13.8155 0.0000e+00  -61.12500  -58.09183 1152591054 192.174251    34.5948 0.0000e+00
    218.000     1.8079   3.038917     1.8094   3.039112    4.39661    -0.0341    13.8155 0.0000e+00  -61.12500  -58.09183 1152591055 192.174261    34.5961 0.0000e+00
    219.000     1.8161   3.039814     1.8179   3.040025    4.38817    -0.0450    13.8155 0.0000e+00  -61.12500  -58.09183 1152591056 192.174270    34.5978 0.0000e+00
    220.000     1.8324   3.041573     1.8343   3.041797    4.37865    -0.0299    13.8155 0.0000e+00  -61.12500  -58.09183 1152591057 192.174285    34.6012 0.0000e+00
    221.000     1.8325   3.041693     1.8336   3.041910    4.36895    -0.0331    13.8155 0.0000e+00  -61.12500  -58.09183 1152591059 192.174313    34.6024 0.0000e+00
    222.000     1.8260   3.041181     1.8273   3.041419    4.36743    -0.0254    13.8155 0.0000e+00  -61.12500  -58.09183 1152591061 192.174336    34.6029 0.0000e+00
    223.000     1.8268   3.041329     1.8290   3.041619    4.36959    -0.0279    13.8155 0.0000e+00  -61.12500  -58.09183 1152591063 192.174361    34.6036 0.0000e+00
    224.000     1.8405   3.042707     1.8420   3.042962    4.36969    -0.0478    13.8155 0.0000e+00  -61.12500  -58.09183 1152591066 192.174390    34.6050 0.0000e+00
    225.000     1.8347   3.042237     1.8358   3.042471    4.36982    -0.0352    13.8155 0.0000e+00  -61.12500  -58.09183 1152591067 192.174401    34.6052 0.0000e+00
    226.000     1.8384   3.042691     1.8400   3.042934    4.36808    -0.0361    13.8155 0.0000e+00  -61.12500  -58.09183 1152591068 192.174410    34.6063 0.0000e+00
    227.000     1.8439   3.043316     1.8457   3.043557    4.36443    -0.0458    13.8155 0.0000e+00  -61.12500  -58.09183 1152591068 192.174418    34.6076 0.0000e+00
    228.000     1.8528   3.044307     1.8543   3.044556    4.36096    -0.0340    13.8155 0.0000e+00  -61.12500  -58.09183 1152591069 192.174425    34.6094 0.0000e+00
    229.000     1.8545   3.044560     1.8557   3.044792    4.36041    -0.0520    13.8155 0.0000e+00  -61.12500  -58.09183 1152591069 192.174431    34.6101 0.0000e+00
    230.000     1.8554   3.044695     1.8565   3.044939    4.35958    -0.0459    13.8155 0.0000e+00  -61.12500  -58.09183 1152591070 192.174438    34.6102 0.0000e+00
    231.000     1.8533   3.044531     1.8552   3.044833    4.35661    -0.0301    13.8155 0.0000e+00  -61.12500  -58.09183 1152591073 192.174469    34.6101 0.0000e+00
    232.000     1.8458   3.043770     1.8504   3.044355    4.35241    -0.0526    13.8155 0.0000e+00  -61.12500  -58.09183 1152591077 192.174524    34.6089 0.0000e+00
    233.000     1.8567   3.045045     1.8586   3.045296    4.34959    -0.0439    13.8155 0.0000e+00  -61.12500  -58.09183 1152591078 192.174531    34.6122 0.0000e+00
    234.000     1.8644   3.045895     1.8657   3.046139    4.34704    -0.0572    13.8155 0.0000e+00  -61.12500  -58.09183 1152591079 192.174538    34.6135 0.0000e+00
    235.000     1.8673   3.046270     1.8686   3.046520    4.34456    -0.0555    13.8155 0.0000e+00  -61.12500  -58.09183 1152591079 192.174546    34.6144 0.0000e+00
    236.000     1.8723   3.046917     1.8738   3.047162    4.34164    -0.0493    13.8155 0.0000e+00  -61.12500  -58.09183 1152591080 192.174555    34.6164 0.0000e+00
    237.000     1.8741   3.047219     1.8757   3.047467    4.34109    -0.0541    13.8155 0.0000e+00  -61.12500  -58.09183 1152591081 192.174568    34.6177 0.0000e+00
    238.000     1.8714   3.046976     1.8722   3.047153    4.34041    -0.0456    13.8155 0.0000e+00  -61.12500  -58.09183 1152591084 192.174598    34.6173 0.0000e+00
    239.000     1.8706   3.046993     1.8715   3.047114    4.34300    -0.0477    13.8155 0.0000e+00  -61.12500  -58.09183 1152591088 192.174648    34.6182 0.0000e+00
    240.000     1.8855   3.048669     1.8873   3.048920    4.34114    -0.0488    13.8155 0.0000e+00  -61.12500  -58.09183 1152591089 192.174658    34.6218 0.0000e+00
    241.000     1.8885   3.049062     1.8899   3.049311    4.33886    -0.0404    13.8155 0.0000e+00  -61.12500  -58.09183 1152591090 192.174668    34.6228 0.0000e+00
    242.000     1.8921   3.049525     1.8938   3.049780    4.33822    -0.0622    13.8155 0.0000e+00  -61.12500  -58.09183 1152591091 192.174681    34.6241 0.0000e+00
    243.000     1.8868   3.049119     1.8877   3.049348    4.33891    -0.0507    13.8155 0.0000e+00  -61.12500  -58.09183 1152591093 192.174699    34.6245 0.0000e+00
    244.000     1.8810   3.048680     1.8825   3.048949    4.33628    -0.0652    13.8155 0.0000e+00  -61.12500  -58.09183 1152591094 192.174719    34.6251 0.0000e+00
    245.000     1.8762   3.048303     1.8776   3.048583    4.33600    -0.0530    13.8155 0.0000e+00  -61.12500  -58.09183 1152591096 192.174736    34.6251 0.0000e+00
    246.000     1.8735   3.048123     1.8749   3.048387    4.33623    -0.0554    13.8155 0.0000e+00  -61.12500  -58.09183 1152591097 192.174752    34.6253 0.0000e+00
    247.000     1.8700   3.047921     1.8714   3.048187    4.33658    -0.0562    13.8155 0.0000e+00  -61.12500  -58.09183 1152591099 192.174772    34.6261 0.0000e+00
    248.000     1.8703   3.048017     1.8717   3.048289    4.33702    -0.0426    13.8155 0.0000e+00  -61.12500  -58.09183 1152591101 192.174802    34.6264 0.0000e+00
    249.000     1.8710   3.048166     1.8725   3.048434    4.33742    -0.0622    13.8155 0.0000e+00  -61.12500  -58.09183 1152591104 192.174828    34.6269 0.0000e+00
    250.000     1.8716   3.048307     1.8732   3.048583    4.33807    -0.0450    13.8155 0.0000e+00  -61.12500  -58.09183 1152591105 192.174845    34.6274 0.0000e+00
    251.000     1.8788   3.049146     1.8806   3.049421    4.33522    -0.0593    13.8155 0.0000e+00  -61.12500  -58.09183 1152591107 192.174862    34.6295 0.0000e+00
    252.000     1.8796   3.049327     1.8811   3.049581    4.33433    -0.0553    13.8155 0.0000e+00  -61.12500  -58.09183 1152591108 192.174877    34.6300 0.0000e+00
    253.000     1.8797   3.049402     1.8811   3.049661    4.33443    -0.0477    13.8155 0.0000e+00  -61.12500  -58.09183 1152591109 192.174891    34.6304 0.0000e+00
    254.000     1.8799   3.049482     1.8814   3.049744    4.33403    -0.0581    13.8155 0.0000e+00  -61.12500  -58.09183 1152591111 192.174909    34.6307 0.0000e+00
    255.000     1.8805   3.049628     1.8820   3.049894    4.33403    -0.0529    13.8155 0.0000e+00  -61.12500  -58.09183 1152591113 192.174933    34.6312 0.0000e+00
    256.000     1.8865   3.050337     1.8886   3.050618    4.33113    -0.0487    13.8155 0.0000e+00  -61.12500  -58.09183 1152591114 192.174950    34.6327 0.0000e+00
    257.000     1.8929   3.051014     1.8944   3.051277    4.33136    -0.0697    13.8155 0.0000e+00  -61.12500  -58.09183 1152591115 192.174964    34.6337 0.0000e+00
    258.000     1.8942   3.051225     1.8956   3.051498    4.33433    -0.0612    13.8155 0.0000e+00  -61.12500  -58.09183 1152591117 192.174986    34.6344 0.0000e+00
    259.000     1.8957   3.051495     1.8972   3.051774    4.33631    -0.0598    13.8155 0.0000e+00  -61.12500  -58.09183 1152591120 192.175012    34.6356 0.0000e+00
    260.000     1.8965   3.051699     1.8977   3.051953    4.33658    -0.0533    13.8155 0.0000e+00  -61.12500  -58.09183 1152591121 192.175027    34.6368 0.0000e+00
    261.000     1.8974   3.051909     1.8988   3.052170    4.33585    -0.0554    13.8155 0.0000e+00  -61.12500  -58.09183 1152591122 192.175040    34.6379 0.0000e+00
    262.000     1.8979   3.052014     1.8993   3.052285    4.33544    -0.0585    13.8155 0.0000e+00  -61.12500  -58.09183 1152591123 192.175055    34.6381 0.0000e+00
    263.000     1.9025   3.052568     1.9040   3.052804    4.33313    -0.0580    13.8155 0.0000e+00  -61.12500  -58.09183 1152591124 192.175067    34.6394 0.0000e+00
    264.000     1.9043   3.052816     1.9058   3.053100    4.33390    -0.0620    13.8155 0.0000e+00  -61.12500  -58.09183 1152591125 192.175078    34.6399 0.0000e+00
    265.000     1.9109   3.053589     1.9128   3.053850    4.33312    -0.0424    13.8155 0.0000e+00  -61.12500  -58.09183 1152591126 192.175088    34.6419 0.0000e+00
    266.000     1.9215   3.054672     1.9230   3.054907    4.33167    -0.0592    13.8155 0.0000e+00  -61.12500  -58.09183 1152591127 192.175100    34.6430 0.0000e+00
    267.000     1.9259   3.055147     1.9275   3.055408    4.33143    -0.0673    13.8155 0.0000e+00  -61.12500  -58.09183 1152591129 192.175118    34.6435 0.0000e+00
    268.000     1.9291   3.055513     1.9312   3.055831    4.33189    -0.0659    13.8155 0.0000e+00  -61.12500  -58.09183 1152591130 192.175134    34.6441 0.0000e+00
    269.000     1.9323   3.055867     1.9340   3.056140    4.33175    -0.0566    13.8155 0.0000e+00  -61.12500  -58.09183 1152591131 192.175148    34.6444 0.0000e+00
    270.000     1.9320   3.055882     1.9336   3.056175    4.33511    -0.0608    13.8155 0.0000e+00  -61.12500  -58.09183 1152591135 192.175187    34.6446 0.0000e+00
    271.000     1.9363   3.056418     1.9387   3.056693    4.33772    -0.0671    13.8155 0.0000e+00  -61.12500  -58.09183 1152591136 192.175207    34.6463 0.0000e+00
    272.000     1.9403   3.056839     1.9417   3.057099    4.33594    -0.0671    13.8155 0.0000e+00  -61.12500  -58.09183 1152591137 192.175216    34.6464 0.0000e+00
    273.000     1.9409   3.056911     1.9419   3.057175    4.33428    -0.0623    13.8155 0.0000e+00  -61.12500  -58.09183 1152591138 192.175223    34.6461 0.0000e+00
    274.000     1.9404   3.056975     1.9416   3.057232    4.33383    -0.0527    13.8155 0.0000e+00  -61.12500  -58.09183 1152591138 192.175230    34.6470 0.0000e+00
    275.000     1.9441   3.057388     1.9454   3.057673    4.33420    -0.0640    13.8155 0.0000e+00  -61.12500  -58.09183 1152591139 192.175238    34.6475 0.0000e+00
    276.000     1.9477   3.057828     1.9491   3.058096    4.33064    -0.0639    13.8155 0.0000e+00  -61.12500  -58.09183 1152591140 192.175248    34.6483 0.0000e+00
    277.000     1.9494   3.058054     1.9510   3.058322    4.33055    -0.0621    13.8155 0.0000e+00  -61.12500  -58.09183 1152591142 192.175267    34.6488 0.0000e+00
    278.000     1.9480   3.057925     1.9495   3.058210    4.33116    -0.0623    13.8155 0.0000e+00  -61.12500  -58.09183 1152591145 192.175309    34.6484 0.0000e+00
    279.000     1.9466   3.057854     1.9508   3.058388    4.33302    -0.0634    13.8155 0.0000e+00  -61.12500  -58.09183 1152591148 192.175336    34.6488 0.0000e+00
    280.000     1.9518   3.058434     1.9529   3.058684    4.33268    -0.0603    13.8155 0.0000e+00  -61.12500  -58.09183 1152591148 192.175346    34.6494 0.0000e+00
    281.000     1.9525   3.058567     1.9538   3.058843    4.33158    -0.0439    13.8155 0.0000e+00  -61.12500  -58.09183 1152591149 192.175354    34.6499 0.0000e+00
    282.000     1.9525   3.058661     1.9537   3.058959    4.33023    -0.0602    13.8155 0.0000e+00  -61.12500  -58.09183 1152591150 192.175364    34.6505 0.0000e+00
    283.000     1.9521   3.058694     1.9533   3.058961    4.33000    -0.0653    13.8155 0.0000e+00  -61.12500  -58.09183 1152591151 192.175375    34.6508 0.0000e+00
    284.000     1.9519   3.058743     1.9532   3.058998    4.33161    -0.0708    13.8155 0.0000e+00  -61.12500  -58.09183 1152591153 192.175395    34.6511 0.0000e+00
    285.000     1.9519   3.058792     1.9532   3.059057    4.33268    -0.0668    13.8155 0.0000e+00  -61.12500  -58.09183 1152591155 192.175419    34.6511 0.0000e+00
    286.000     1.9519   3.058836     1.9531   3.059092    4.33339    -0.0654    13.8155 0.0000e+00  -61.12500  -58.09183 1152591156 192.175434    34.6511 0.0000e+00
    287.000     1.9476   3.058600     1.9485   3.058854    4.33531    -0.0628    13.8155 0.0000e+00  -61.12500  -58.09183 1152591157 192.175450    34.6524 0.0000e+00
    288.000     1.9417   3.058160     1.9429   3.058434    4.33811    -0.0720    13.8155 0.0000e+00  -61.12500  -58.09183 1152591159 192.175467    34.6530 0.0000e+00
    289.000     1.9400   3.058089     1.9412   3.058353    4.33769    -0.0570    13.8155 0.0000e+00  -61.12500  -58.09183 1152591160 192.175479    34.6535 0.0000e+00
    290.000     1.9408   3.058253     1.9421   3.058527    4.33511    -0.0619    13.8155 0.0000e+00  -61.12500  -58.09183 1152591161 192.175489    34.6540 0.0000e+00
    291.000     1.9414   3.058357     1.9429   3.058655    4.33639    -0.0644    13.8155 0.0000e+00  -61.12500  -58.09183 1152591162 192.175505    34.6541 0.0000e+00
    292.000     1.9419   3.058438     1.9437   3.058706    4.34328    -0.0721    13.8155 0.0000e+00  -61.12500  -58.09183 1152591167 192.175560    34.6539 0.0000e+00
    293.000     1.9433   3.058715     1.9446   3.058985    4.34454    -0.0760    13.8155 0.0000e+00  -61.12500  -58.09183 1152591168 192.175568    34.6553 0.0000e+00
    294.000     1.9420   3.058721     1.9429   3.058994    4.34705    -0.0667    13.8155 0.0000e+00  -61.12500  -58.09183 1152591168 192.175576    34.6561 0.0000e+00
    295.000     1.9387   3.058521     1.9398   3.058798    4.34325    -0.0795    13.8155 0.0000e+00  -61.12500  -58.09183 1152591169 192.175584    34.6567 0.0000e+00
    296.000     1.9371   3.058441     1.9382   3.058710    4.34304    -0.0846    13.8155 0.0000e+00  -61.12500  -58.09183 1152591170 192.175593    34.6570 0.0000e+00
    297.000     1.9351   3.058323     1.9362   3.058595    4.34318    -0.0646    13.8155 0.0000e+00  -61.12500  -58.09183 1152591171 192.175606    34.6571 0.0000e+00
    298.000     1.9355   3.058400     1.9368   3.058675    4.34362    -0.0709    13.8155 0.0000e+00  -61.12500  -58.09183 1152591174 192.175644    34.6570 0.0000e+00
    299.000     1.9386   3.058669     1.9387   3.058872    4.34346    -0.0695    13.8155 0.0000e+00  -61.12500  -58.09183 1152591177 192.175680    34.6563 0.0000e+00
    300.000     1.9341   3.058413     1.9350   3.058688    4.34682    -0.0729    13.8155 0.0000e+00  -61.12500  -58.09183 1152591178 192.175692    34.6574 0.0000e+00
