product_data/regression_test/downloaded_data/MDGS/320620060703/ctd/adapted/heads_insert_p6617607.cnv
* Sea-Bird SBE 9 Data File:
* FileName = D:\Data\Raw\p6617607.dat
* Software Version Seasave Win32 V 5.32
* Temperature SN = 1649
* Conductivity SN = 1431
* Number of Bytes Per Scan = 37
* Number of Voltage Words = 5
* Number of Scans Averaged by the Deck Unit = 1
* NMEA Latitude = 60 36.97 S
* NMEA Longitude = 054 43.19 W
* NMEA UTC (Time) = 10:38:42
** Ship:   Nathaniel B. Palmer 
** Cruise:    NBP0606 
# nquan = 15
# nvalues = 140                         
# units = specified
# name 0 = prDM: Pressure, Digiquartz [db]
# name 1 = t090C: Temperature [ITS-90, deg C]
# name 2 = c0S/m: Conductivity [S/m]
# name 3 = t190C: Temperature, 2 [ITS-90, deg C]
# name 4 = c1S/m: Conductivity, 2 [S/m]
# name 5 = sbeox0ML/L: Oxygen, SBE 43 [ml/l]
# name 6 = flECO-AFL: Fluorescence, Wetlab ECO-AFL/FL [mg/m^3]
# name 7 = bat: Beam Attenuation, Chelsea/Seatech/Wetlab CStar [1/m]
# name 8 = spar: SPAR/Surface Irradiance
# name 9 = latitude: Latitude [deg]
# name 10 = longitude: Longitude [deg]
# name 11 = timeY: Time, System [seconds]
# name 12 = timeJ: Julian Days
# name 13 = sal00: Salinity [PSU]
# name 14 = flag: flag
# span 0 =     13.000,    152.000       
# span 1 =    -0.7783,    -0.1830       
# span 2 =   2.776544,   2.841268       
# span 3 =    -0.7789,    -0.1803       
# span 4 =   2.777255,   2.841753       
# span 5 =    6.76384,    7.69040       
# span 6 =    -0.0186,     0.4914       
# span 7 =    13.8155,    13.8155       
# span 8 = 0.0000e+00, 0.0000e+00       
# span 9 =  -60.61617,  -60.61617       
# span 10 =  -54.71983,  -54.71983      
# span 11 = 1153478351, 1153478782      
# span 12 = 202.443895, 202.448878      
# span 13 =    34.1712,    34.3214      
# span 14 = 0.0000e+00, 0.0000e+00      
# interval = decibars: 1                
# start_time = Jul 21 2006 10:38:50
# bad_flag = -9.990e-29
*END*
Pressure	Temperature	Conductivity	Temperature2	Conductivity2	Oxygen	Fluorescence	Beam Attenuation	SPAR	latitude	longitude	timeY	timeJ	Salinity	flag
     13.000    -0.7773   2.776593    -0.7776   2.777382    7.68887     0.2970    13.8155 0.0000e+00  -60.61617  -54.71983 1153478351 202.443895    34.1714 0.0000e+00
     14.000    -0.7783   2.776544    -0.7789   2.777255    7.68539     0.2991    13.8155 0.0000e+00  -60.61617  -54.71983 1153478370 202.444111    34.1712 0.0000e+00
     15.000    -0.7764   2.776759    -0.7768   2.777474    7.68885     0.2972    13.8155 0.0000e+00  -60.61617  -54.71983 1153478373 202.444147    34.1712 0.0000e+00
     16.000    -0.7770   2.776762    -0.7784   2.777379    7.69040     0.2930    13.8155 0.0000e+00  -60.61617  -54.71983 1153478378 202.444205    34.1713 0.0000e+00
     17.000    -0.7778   2.776733    -0.7788   2.777372    7.68929     0.2964    13.8155 0.0000e+00  -60.61617  -54.71983 1153478379 202.444222    34.1713 0.0000e+00
     18.000    -0.7770   2.776849    -0.7776   2.777506    7.68764     0.3105    13.8155 0.0000e+00  -60.61617  -54.71983 1153478382 202.444256    34.1713 0.0000e+00
     19.000    -0.7738   2.777208    -0.7748   2.777808    7.68036     0.3063    13.8155 0.0000e+00  -60.61617  -54.71983 1153478387 202.444306    34.1719 0.0000e+00
     20.000    -0.7360   2.780715    -0.7386   2.781109    7.67007     0.2836    13.8155 0.0000e+00  -60.61617  -54.71983 1153478390 202.444347    34.1741 0.0000e+00
     21.000    -0.7419   2.780206    -0.7424   2.780836    7.66676     0.2938    13.8155 0.0000e+00  -60.61617  -54.71983 1153478392 202.444367    34.1743 0.0000e+00
     22.000    -0.7416   2.780292    -0.7407   2.781032    7.66966     0.3008    13.8155 0.0000e+00  -60.61617  -54.71983 1153478396 202.444410    34.1748 0.0000e+00
     23.000    -0.7439   2.780141    -0.7468   2.780556    7.67138     0.2861    13.8155 0.0000e+00  -60.61617  -54.71983 1153478399 202.444452    34.1748 0.0000e+00
     24.000    -0.7475   2.779839    -0.7529   2.780015    7.67920     0.2913    13.8155 0.0000e+00  -60.61617  -54.71983 1153478402 202.444489    34.1747 0.0000e+00
     25.000    -0.7394   2.780624    -0.7390   2.781285    7.67549     0.2924    13.8155 0.0000e+00  -60.61617  -54.71983 1153478405 202.444522    34.1753 0.0000e+00
     26.000    -0.7350   2.781111    -0.7320   2.781977    7.66930     0.3100    13.8155 0.0000e+00  -60.61617  -54.71983 1153478407 202.444548    34.1761 0.0000e+00
     27.000    -0.7280   2.781820    -0.7274   2.782533    7.66427     0.3131    13.8155 0.0000e+00  -60.61617  -54.71983 1153478411 202.444583    34.1771 0.0000e+00
     28.000    -0.7454   2.780230    -0.7480   2.780696    7.66235     0.3188    13.8155 0.0000e+00  -60.61617  -54.71983 1153478416 202.444647    34.1754 0.0000e+00
     29.000    -0.7652   2.778508    -0.7548   2.780042    7.67214     0.3062    13.8155 0.0000e+00  -60.61617  -54.71983 1153478419 202.444679    34.1745 0.0000e+00
     30.000    -0.7483   2.780088    -0.7443   2.781060    7.67505     0.3110    13.8155 0.0000e+00  -60.61617  -54.71983 1153478420 202.444691    34.1753 0.0000e+00
     31.000    -0.7458   2.780413    -0.7481   2.780750    7.66955     0.3094    13.8155 0.0000e+00  -60.61617  -54.71983 1153478421 202.444703    34.1766 0.0000e+00
     32.000    -0.7471   2.780224    -0.7501   2.780578    7.67780     0.3163    13.8155 0.0000e+00  -60.61617  -54.71983 1153478426 202.444759    34.1740 0.0000e+00
     33.000    -0.7690   2.778382    -0.7705   2.778840    7.67892     0.3150    13.8155 0.0000e+00  -60.61617  -54.71983 1153478428 202.444790    34.1745 0.0000e+00
     34.000    -0.7418   2.780963    -0.7416   2.781459    7.67587     0.3352    13.8155 0.0000e+00  -60.61617  -54.71983 1153478430 202.444809    34.1771 0.0000e+00
     35.000    -0.7300   2.782074    -0.7357   2.782104    7.67224     0.3240    13.8155 0.0000e+00  -60.61617  -54.71983 1153478432 202.444831    34.1779 0.0000e+00
     36.000    -0.7405   2.781150    -0.7414   2.781594    7.66914     0.3363    13.8155 0.0000e+00  -60.61617  -54.71983 1153478436 202.444880    34.1770 0.0000e+00
     37.000    -0.7197   2.783170    -0.7287   2.782850    7.66651     0.3142    13.8155 0.0000e+00  -60.61617  -54.71983 1153478438 202.444904    34.1796 0.0000e+00
     38.000    -0.7337   2.781793    -0.7436   2.781519    7.66859     0.3101    13.8155 0.0000e+00  -60.61617  -54.71983 1153478439 202.444916    34.1764 0.0000e+00
     39.000    -0.7329   2.781978    -0.7454   2.781386    7.66761     0.3231    13.8155 0.0000e+00  -60.61617  -54.71983 1153478441 202.444932    34.1775 0.0000e+00
     40.000    -0.7255   2.782779    -0.7259   2.783223    7.66294     0.3298    13.8155 0.0000e+00  -60.61617  -54.71983 1153478442 202.444952    34.1794 0.0000e+00
     41.000    -0.7221   2.783087    -0.7241   2.783431    7.66112     0.3275    13.8155 0.0000e+00  -60.61617  -54.71983 1153478445 202.444980    34.1789 0.0000e+00
     42.000    -0.7201   2.783318    -0.7208   2.783806    7.65520     0.2985    13.8155 0.0000e+00  -60.61617  -54.71983 1153478449 202.445027    34.1793 0.0000e+00
     43.000    -0.7164   2.783814    -0.7152   2.784408    7.65266     0.3027    13.8155 0.0000e+00  -60.61617  -54.71983 1153478450 202.445037    34.1814 0.0000e+00
     44.000    -0.7043   2.785063    -0.7022   2.785797    7.65346     0.3115    13.8155 0.0000e+00  -60.61617  -54.71983 1153478450 202.445046    34.1834 0.0000e+00
     45.000    -0.7031   2.785241    -0.7036   2.785709    7.65200     0.3456    13.8155 0.0000e+00  -60.61617  -54.71983 1153478452 202.445064    34.1838 0.0000e+00
     46.000    -0.7221   2.783367    -0.7210   2.784062    7.65295     0.3596    13.8155 0.0000e+00  -60.61617  -54.71983 1153478455 202.445102    34.1801 0.0000e+00
     47.000    -0.7281   2.782873    -0.7259   2.783579    7.65490     0.3284    13.8155 0.0000e+00  -60.61617  -54.71983 1153478458 202.445139    34.1799 0.0000e+00
     48.000    -0.7057   2.785077    -0.7055   2.785632    7.64973     0.3253    13.8155 0.0000e+00  -60.61617  -54.71983 1153478460 202.445163    34.1828 0.0000e+00
     49.000    -0.7056   2.785168    -0.7045   2.785770    7.64185     0.3215    13.8155 0.0000e+00  -60.61617  -54.71983 1153478462 202.445182    34.1835 0.0000e+00
     50.000    -0.6949   2.786265    -0.6939   2.786885    7.63686     0.3278    13.8155 0.0000e+00  -60.61617  -54.71983 1153478464 202.445198    34.1852 0.0000e+00
     51.000    -0.7040   2.785385    -0.6994   2.786385    7.63382     0.3098    13.8155 0.0000e+00  -60.61617  -54.71983 1153478465 202.445210    34.1834 0.0000e+00
     52.000    -0.6965   2.786158    -0.6942   2.786890    7.62958     0.3437    13.8155 0.0000e+00  -60.61617  -54.71983 1153478467 202.445234    34.1846 0.0000e+00
     53.000    -0.6969   2.786179    -0.6958   2.786768    7.62581     0.3398    13.8155 0.0000e+00  -60.61617  -54.71983 1153478471 202.445283    34.1850 0.0000e+00
     54.000    -0.6893   2.786972    -0.6874   2.787653    7.62434     0.3477    13.8155 0.0000e+00  -60.61617  -54.71983 1153478472 202.445300    34.1863 0.0000e+00
     55.000    -0.6894   2.786997    -0.6880   2.787648    7.62501     0.3419    13.8155 0.0000e+00  -60.61617  -54.71983 1153478475 202.445327    34.1862 0.0000e+00
     56.000    -0.6877   2.787233    -0.6867   2.787834    7.62458     0.3530    13.8155 0.0000e+00  -60.61617  -54.71983 1153478477 202.445349    34.1870 0.0000e+00
     57.000    -0.6853   2.787526    -0.6846   2.788084    7.61943     0.3527    13.8155 0.0000e+00  -60.61617  -54.71983 1153478478 202.445368    34.1874 0.0000e+00
     58.000    -0.6842   2.787674    -0.6838   2.788212    7.61752     0.3507    13.8155 0.0000e+00  -60.61617  -54.71983 1153478480 202.445391    34.1876 0.0000e+00
     59.000    -0.6739   2.788756    -0.6712   2.789457    7.61305     0.3372    13.8155 0.0000e+00  -60.61617  -54.71983 1153478482 202.445411    34.1899 0.0000e+00
     60.000    -0.6617   2.789982    -0.6617   2.790429    7.59911     0.3662    13.8155 0.0000e+00  -60.61617  -54.71983 1153478484 202.445434    34.1917 0.0000e+00
     61.000    -0.6554   2.790807    -0.6492   2.791837    7.57278     0.3472    13.8155 0.0000e+00  -60.61617  -54.71983 1153478487 202.445468    34.1950 0.0000e+00
     62.000    -0.6392   2.792562    -0.6384   2.793097    7.56095     0.3477    13.8155 0.0000e+00  -60.61617  -54.71983 1153478488 202.445485    34.1995 0.0000e+00
     63.000    -0.6376   2.792748    -0.6369   2.793294    7.56191     0.3591    13.8155 0.0000e+00  -60.61617  -54.71983 1153478491 202.445518    34.1999 0.0000e+00
     64.000    -0.6376   2.792694    -0.6366   2.793283    7.56275     0.3488    13.8155 0.0000e+00  -60.61617  -54.71983 1153478493 202.445541    34.1987 0.0000e+00
     65.000    -0.6364   2.792884    -0.6358   2.793415    7.56058     0.3439    13.8155 0.0000e+00  -60.61617  -54.71983 1153478494 202.445556    34.1994 0.0000e+00
     66.000    -0.6347   2.793169    -0.6341   2.793697    7.55434     0.3502    13.8155 0.0000e+00  -60.61617  -54.71983 1153478496 202.445576    34.2007 0.0000e+00
     67.000    -0.6363   2.793207    -0.6356   2.793738    7.55193     0.3508    13.8155 0.0000e+00  -60.61617  -54.71983 1153478498 202.445599    34.2026 0.0000e+00
     68.000    -0.6386   2.793137    -0.6379   2.793664    7.55448     0.3594    13.8155 0.0000e+00  -60.61617  -54.71983 1153478501 202.445625    34.2037 0.0000e+00
     69.000    -0.6378   2.793346    -0.6371   2.793868    7.55541     0.3467    13.8155 0.0000e+00  -60.61617  -54.71983 1153478503 202.445655    34.2050 0.0000e+00
     70.000    -0.6393   2.793282    -0.6387   2.793811    7.55148     0.3415    13.8155 0.0000e+00  -60.61617  -54.71983 1153478505 202.445674    34.2054 0.0000e+00
     71.000    -0.6452   2.792882    -0.6448   2.793390    7.54953     0.3491    13.8155 0.0000e+00  -60.61617  -54.71983 1153478506 202.445694    34.2061 0.0000e+00
     72.000    -0.6503   2.792544    -0.6497   2.793066    7.55329     0.3681    13.8155 0.0000e+00  -60.61617  -54.71983 1153478509 202.445726    34.2068 0.0000e+00
     73.000    -0.6557   2.792233    -0.6552   2.792752    7.55965     0.3499    13.8155 0.0000e+00  -60.61617  -54.71983 1153478512 202.445755    34.2082 0.0000e+00
     74.000    -0.6592   2.792050    -0.6589   2.792569    7.55990     0.3447    13.8155 0.0000e+00  -60.61617  -54.71983 1153478513 202.445770    34.2092 0.0000e+00
     75.000    -0.6605   2.792018    -0.6600   2.792529    7.55884     0.3620    13.8155 0.0000e+00  -60.61617  -54.71983 1153478514 202.445784    34.2096 0.0000e+00
     76.000    -0.6617   2.791954    -0.6608   2.792500    7.55722     0.3725    13.8155 0.0000e+00  -60.61617  -54.71983 1153478516 202.445804    34.2094 0.0000e+00
     77.000    -0.6626   2.791928    -0.6615   2.792479    7.56202     0.4007    13.8155 0.0000e+00  -60.61617  -54.71983 1153478520 202.445851    34.2094 0.0000e+00
     78.000    -0.6627   2.791959    -0.6620   2.792481    7.55691     0.3757    13.8155 0.0000e+00  -60.61617  -54.71983 1153478522 202.445871    34.2091 0.0000e+00
     79.000    -0.6642   2.791864    -0.6637   2.792365    7.55149     0.3753    13.8155 0.0000e+00  -60.61617  -54.71983 1153478523 202.445887    34.2091 0.0000e+00
     80.000    -0.6647   2.791870    -0.6642   2.792372    7.55821     0.3900    13.8155 0.0000e+00  -60.61617  -54.71983 1153478525 202.445908    34.2090 0.0000e+00
     81.000    -0.6647   2.791915    -0.6639   2.792425    7.56190     0.3915    13.8155 0.0000e+00  -60.61617  -54.71983 1153478527 202.445933    34.2090 0.0000e+00
     82.000    -0.6656   2.791887    -0.6648   2.792402    7.56016     0.4042    13.8155 0.0000e+00  -60.61617  -54.71983 1153478529 202.445956    34.2090 0.0000e+00
     83.000    -0.6658   2.791924    -0.6651   2.792434    7.56217     0.4046    13.8155 0.0000e+00  -60.61617  -54.71983 1153478531 202.445980    34.2092 0.0000e+00
     84.000    -0.6661   2.791975    -0.6653   2.792482    7.56094     0.4028    13.8155 0.0000e+00  -60.61617  -54.71983 1153478534 202.446008    34.2095 0.0000e+00
     85.000    -0.6670   2.792010    -0.6660   2.792543    7.55566     0.4042    13.8155 0.0000e+00  -60.61617  -54.71983 1153478536 202.446031    34.2107 0.0000e+00
     86.000    -0.6559   2.793321    -0.6538   2.793817    7.54264     0.4019    13.8155 0.0000e+00  -60.61617  -54.71983 1153478538 202.446054    34.2132 0.0000e+00
     87.000    -0.6291   2.795700    -0.6276   2.796228    7.52715     0.4027    13.8155 0.0000e+00  -60.61617  -54.71983 1153478540 202.446079    34.2151 0.0000e+00
     88.000    -0.6228   2.796336    -0.6204   2.796949    7.51395     0.4071    13.8155 0.0000e+00  -60.61617  -54.71983 1153478542 202.446105    34.2159 0.0000e+00
     89.000    -0.6172   2.796890    -0.6148   2.797495    7.50206     0.3913    13.8155 0.0000e+00  -60.61617  -54.71983 1153478544 202.446126    34.2166 0.0000e+00
     90.000    -0.6032   2.798231    -0.6016   2.798732    7.49203     0.3886    13.8155 0.0000e+00  -60.61617  -54.71983 1153478545 202.446142    34.2177 0.0000e+00
     91.000    -0.5983   2.798671    -0.5967   2.799214    7.47310     0.4288    13.8155 0.0000e+00  -60.61617  -54.71983 1153478547 202.446169    34.2177 0.0000e+00
     92.000    -0.5925   2.799271    -0.5918   2.799698    7.45419     0.4297    13.8155 0.0000e+00  -60.61617  -54.71983 1153478550 202.446201    34.2190 0.0000e+00
     93.000    -0.5673   2.801624    -0.5679   2.801887    7.43731     0.4161    13.8155 0.0000e+00  -60.61617  -54.71983 1153478552 202.446217    34.2210 0.0000e+00
     94.000    -0.5599   2.802339    -0.5541   2.803216    7.40955     0.4131    13.8155 0.0000e+00  -60.61617  -54.71983 1153478554 202.446248    34.2219 0.0000e+00
     95.000    -0.5208   2.806062    -0.5192   2.806471    7.37324     0.3680    13.8155 0.0000e+00  -60.61617  -54.71983 1153478557 202.446279    34.2266 0.0000e+00
     96.000    -0.4695   2.811135    -0.4682   2.811372    7.34547     0.3914    13.8155 0.0000e+00  -60.61617  -54.71983 1153478558 202.446290    34.2362 0.0000e+00
     97.000    -0.4420   2.813746    -0.4413   2.814135    7.32523     0.4543    13.8155 0.0000e+00  -60.61617  -54.71983 1153478559 202.446302    34.2374 0.0000e+00
     98.000    -0.4624   2.811887    -0.4553   2.812895    7.28973     0.4914    13.8155 0.0000e+00  -60.61617  -54.71983 1153478562 202.446340    34.2369 0.0000e+00
     99.000    -0.4529   2.812784    -0.4512   2.813356    7.27681     0.4078    13.8155 0.0000e+00  -60.61617  -54.71983 1153478566 202.446379    34.2381 0.0000e+00
    100.000    -0.4580   2.812398    -0.4572   2.812854    7.27424     0.3885    13.8155 0.0000e+00  -60.61617  -54.71983 1153478567 202.446394    34.2383 0.0000e+00
    101.000    -0.4633   2.811945    -0.4606   2.812569    7.27348     0.3739    13.8155 0.0000e+00  -60.61617  -54.71983 1153478568 202.446407    34.2380 0.0000e+00
    102.000    -0.4526   2.812997    -0.4506   2.813487    7.26413     0.3674    13.8155 0.0000e+00  -60.61617  -54.71983 1153478569 202.446420    34.2393 0.0000e+00
    103.000    -0.4458   2.813633    -0.4403   2.814513    7.24381     0.3340    13.8155 0.0000e+00  -60.61617  -54.71983 1153478572 202.446450    34.2395 0.0000e+00
    104.000    -0.4336   2.814921    -0.4248   2.816005    7.21131     0.3045    13.8155 0.0000e+00  -60.61617  -54.71983 1153478575 202.446490    34.2429 0.0000e+00
    105.000    -0.3819   2.819875    -0.3787   2.820395    7.17844     0.3173    13.8155 0.0000e+00  -60.61617  -54.71983 1153478577 202.446507    34.2488 0.0000e+00
    106.000    -0.3373   2.824110    -0.3351   2.824541    7.13553     0.3028    13.8155 0.0000e+00  -60.61617  -54.71983 1153478579 202.446531    34.2539 0.0000e+00
    107.000    -0.3194   2.825805    -0.3169   2.826329    7.10199     0.2818    13.8155 0.0000e+00  -60.61617  -54.71983 1153478581 202.446556    34.2560 0.0000e+00
