product_data/regression_test/downloaded_data/MDGS/320620060703/ctd/adapted/heads_insert_p6609311.cnv
* Sea-Bird SBE 9 Data File:
* FileName = D:\Data\Raw\p6609311.dat
* Software Version Seasave Win32 V 5.32
* Temperature SN = 1649
* Conductivity SN = 1431
* Number of Bytes Per Scan = 37
* Number of Voltage Words = 5
* Number of Scans Averaged by the Deck Unit = 1
* NMEA Latitude = 61 07.50 S
* NMEA Longitude = 058 05.61 W
* NMEA UTC (Time) = 11:04:14
** Ship:   Nathaniel B. Palmer nbp
** Cruise:    NBP0606 nbp0606
# nquan = 15
# nvalues = 2995                        
# units = specified
# name 0 = prDM: Pressure, Digiquartz [db]
# name 1 = t090C: Temperature [ITS-90, deg C]
# name 2 = c0S/m: Conductivity [S/m]
# name 3 = t190C: Temperature, 2 [ITS-90, deg C]
# name 4 = c1S/m: Conductivity, 2 [S/m]
# name 5 = sbeox0ML/L: Oxygen, SBE 43 [ml/l]
# name 6 = flECO-AFL: Fluorescence, Wetlab ECO-AFL/FL [mg/m^3]
# name 7 = bat: Beam Attenuation, Chelsea/Seatech/Wetlab CStar [1/m]
# name 8 = spar: SPAR/Surface Irradiance
# name 9 = latitude: Latitude [deg]
# name 10 = longitude: Longitude [deg]
# name 11 = timeY: Time, System [seconds]
# name 12 = timeJ: Julian Days
# name 13 = sal00: Salinity [PSU]
# name 14 = flag: flag
# span 0 =     15.000,   3009.000       
# span 1 =    -0.8034,     1.9378       
# span 2 =   2.758315,   3.067531       
# span 3 =    -0.8043,     1.9396       
# span 4 =   2.759094,   3.067839       
# span 5 =    1.43364,    8.00709       
# span 6 =    -0.1381,     0.4587       
# span 7 =    13.8155,    13.8155       
# span 8 = -1.642e-01, 1.9577e+00       
# span 9 =  -61.12500,  -61.12500       
# span 10 =  -58.09350,  -58.09350      
# span 11 = 1152615861, 1152619842      
# span 12 = 192.461351, 192.507449      
# span 13 =    33.9431,    34.7278      
# span 14 = 0.0000e+00, 0.0000e+00      
# interval = decibars: 1                
# start_time = Jul 11 2006 11:04:21
# bad_flag = -9.990e-29
*END*
[from data line 868]
    882.000     1.5494   3.056364     1.5501   3.056672    4.74319    -0.0894    13.8155 0.0000e+00  -61.12500  -58.09350 1152617109 192.475814    34.7273 0.0000e+00
    883.000     1.5494   3.056397     1.5499   3.056698    4.74051    -0.0891    13.8155 0.0000e+00  -61.12500  -58.09350 1152617111 192.475838    34.7271 0.0000e+00
    884.000     1.5488   3.056384     1.5494   3.056700    4.74164    -0.0898    13.8155 0.0000e+00  -61.12500  -58.09350 1152617113 192.475864    34.7271 0.0000e+00
    885.000     1.5487   3.056432     1.5494   3.056739    4.74248    -0.0819    13.8155 0.0000e+00  -61.12500  -58.09350 1152617115 192.475885    34.7272 0.0000e+00
    886.000     1.5482   3.056437     1.5490   3.056746    4.74384    -0.0829    13.8155 0.0000e+00  -61.12500  -58.09350 1152617116 192.475902    34.7272 0.0000e+00
    887.000     1.5484   3.056492     1.5490   3.056806    4.74537    -0.0821    13.8155 0.0000e+00  -61.12500  -58.09350 1152617118 192.475918    34.7272 0.0000e+00
    888.000     1.5479   3.056485     1.5485   3.056804    4.74860    -0.0916    13.8155 0.0000e+00  -61.12500  -58.09350 1152617119 192.475931    34.7271 0.0000e+00
    889.000     1.5474   3.056500     1.5480   3.056807    4.74982    -0.0868    13.8155 0.0000e+00  -61.12500  -58.09350 1152617120 192.475942    34.7272 0.0000e+00
    890.000     1.5471   3.056514     1.5477   3.056829    4.74958    -0.1017    13.8155 0.0000e+00  -61.12500  -58.09350 1152617121 192.475951    34.7272 0.0000e+00
    891.000     1.5466   3.056512     1.5473   3.056828    4.74818    -0.0876    13.8155 0.0000e+00  -61.12500  -58.09350 1152617121 192.475960    34.7272 0.0000e+00
    892.000     1.5447   3.056391     1.5452   3.056703    4.74704    -0.0774    13.8155 0.0000e+00  -61.12500  -58.09350 1152617122 192.475968    34.7272 0.0000e+00
    893.000     1.5442   3.056379     1.5446   3.056688    4.74695    -0.1126    13.8155 0.0000e+00  -61.12500  -58.09350 1152617123 192.475977    34.7271 0.0000e+00
    894.000     1.5430   3.056316     1.5435   3.056641    4.74513    -0.0845    13.8155 0.0000e+00  -61.12500  -58.09350 1152617124 192.475987    34.7271 0.0000e+00
    895.000     1.5448   3.056524     1.5452   3.056803    4.74528    -0.0846    13.8155 0.0000e+00  -61.12500  -58.09350 1152617127 192.476030    34.7271 0.0000e+00
    896.000     1.5443   3.056535     1.5436   3.056738    4.74607    -0.0862    13.8155 0.0000e+00  -61.12500  -58.09350 1152617130 192.476062    34.7272 0.0000e+00
    897.000     1.5409   3.056269     1.5403   3.056489    4.74852    -0.0705    13.8155 0.0000e+00  -61.12500  -58.09350 1152617131 192.476075    34.7271 0.0000e+00
    898.000     1.5384   3.056095     1.5390   3.056422    4.74984    -0.0871    13.8155 0.0000e+00  -61.12500  -58.09350 1152617132 192.476087    34.7271 0.0000e+00
    899.000     1.5356   3.055897     1.5362   3.056222    4.75360    -0.0813    13.8155 0.0000e+00  -61.12500  -58.09350 1152617133 192.476097    34.7272 0.0000e+00
    900.000     1.5346   3.055864     1.5351   3.056177    4.75642    -0.0900    13.8155 0.0000e+00  -61.12500  -58.09350 1152617134 192.476106    34.7274 0.0000e+00
    901.000     1.5340   3.055855     1.5346   3.056168    4.75642    -0.0801    13.8155 0.0000e+00  -61.12500  -58.09350 1152617135 192.476115    34.7274 0.0000e+00
    902.000     1.5339   3.055889     1.5344   3.056210    4.75605    -0.0799    13.8155 0.0000e+00  -61.12500  -58.09350 1152617135 192.476123    34.7273 0.0000e+00
    903.000     1.5338   3.055909     1.5342   3.056230    4.75568    -0.0958    13.8155 0.0000e+00  -61.12500  -58.09350 1152617136 192.476130    34.7271 0.0000e+00
    904.000     1.5331   3.055901     1.5336   3.056226    4.75531    -0.0702    13.8155 0.0000e+00  -61.12500  -58.09350 1152617137 192.476137    34.7272 0.0000e+00
    905.000     1.5331   3.055922     1.5335   3.056242    4.75505    -0.0928    13.8155 0.0000e+00  -61.12500  -58.09350 1152617137 192.476144    34.7270 0.0000e+00
    906.000     1.5313   3.055821     1.5318   3.056129    4.75361    -0.0794    13.8155 0.0000e+00  -61.12500  -58.09350 1152617138 192.476156    34.7271 0.0000e+00
    907.000     1.5339   3.056107     1.5336   3.056369    4.75785    -0.0837    13.8155 0.0000e+00  -61.12500  -58.09350 1152617145 192.476236    34.7271 0.0000e+00
    908.000     1.5302   3.055792     1.5302   3.056102    4.75787    -0.0950    13.8155 0.0000e+00  -61.12500  -58.09350 1152617146 192.476243    34.7268 0.0000e+00
    909.000     1.5272   3.055591     1.5272   3.055906    4.75773    -0.0815    13.8155 0.0000e+00  -61.12500  -58.09350 1152617146 192.476250    34.7271 0.0000e+00
    910.000     1.5271   3.055622     1.5270   3.055937    4.75853    -0.0789    13.8155 0.0000e+00  -61.12500  -58.09350 1152617147 192.476257    34.7271 0.0000e+00
    911.000     1.5263   3.055585     1.5261   3.055895    4.75874    -0.0985    13.8155 0.0000e+00  -61.12500  -58.09350 1152617148 192.476264    34.7268 0.0000e+00
    912.000     1.5252   3.055520     1.5248   3.055825    4.75889    -0.0944    13.8155 0.0000e+00  -61.12500  -58.09350 1152617148 192.476270    34.7267 0.0000e+00
    913.000     1.5243   3.055482     1.5242   3.055787    4.75895    -0.0872    13.8155 0.0000e+00  -61.12500  -58.09350 1152617149 192.476276    34.7267 0.0000e+00
    914.000     1.5231   3.055462     1.5235   3.055768    4.75894    -0.1015    13.8155 0.0000e+00  -61.12500  -58.09350 1152617149 192.476285    34.7272 0.0000e+00
    915.000     1.5222   3.055433     1.5229   3.055751    4.75843    -0.0771    13.8155 0.0000e+00  -61.12500  -58.09350 1152617151 192.476299    34.7272 0.0000e+00
    916.000     1.5230   3.055542     1.5234   3.055831    4.75670    -0.0871    13.8155 0.0000e+00  -61.12500  -58.09350 1152617153 192.476330    34.7271 0.0000e+00
    917.000     1.5229   3.055586     1.5231   3.055872    4.76222    -0.0966    13.8155 0.0000e+00  -61.12500  -58.09350 1152617158 192.476379    34.7272 0.0000e+00
    918.000     1.5200   3.055364     1.5202   3.055660    4.76405    -0.0875    13.8155 0.0000e+00  -61.12500  -58.09350 1152617158 192.476388    34.7270 0.0000e+00
    919.000     1.5163   3.055074     1.5167   3.055378    4.76325    -0.0939    13.8155 0.0000e+00  -61.12500  -58.09350 1152617159 192.476397    34.7271 0.0000e+00
    920.000     1.5157   3.055070     1.5162   3.055380    4.76531    -0.0840    13.8155 0.0000e+00  -61.12500  -58.09350 1152617160 192.476406    34.7271 0.0000e+00
    921.000     1.5157   3.055092     1.5162   3.055422    4.76425    -0.0788    13.8155 0.0000e+00  -61.12500  -58.09350 1152617160 192.476413    34.7269 0.0000e+00
    922.000     1.5153   3.055107     1.5158   3.055425    4.76498    -0.0849    13.8155 0.0000e+00  -61.12500  -58.09350 1152617161 192.476421    34.7269 0.0000e+00
    923.000     1.5150   3.055138     1.5155   3.055447    4.76335    -0.0867    13.8155 0.0000e+00  -61.12500  -58.09350 1152617162 192.476430    34.7270 0.0000e+00
    924.000     1.5150   3.055188     1.5155   3.055489    4.76249    -0.0926    13.8155 0.0000e+00  -61.12500  -58.09350 1152617163 192.476441    34.7270 0.0000e+00
    925.000     1.5145   3.055184     1.5151   3.055488    4.76339    -0.0929    13.8155 0.0000e+00  -61.12500  -58.09350 1152617165 192.476460    34.7270 0.0000e+00
    926.000     1.5146   3.055231     1.5143   3.055456    4.76193    -0.0832    13.8155 0.0000e+00  -61.12500  -58.09350 1152617167 192.476492    34.7269 0.0000e+00
    927.000     1.5096   3.054803     1.5094   3.055056    4.76292    -0.0854    13.8155 0.0000e+00  -61.12500  -58.09350 1152617169 192.476516    34.7265 0.0000e+00
    928.000     1.5077   3.054703     1.5084   3.055011    4.76567    -0.0804    13.8155 0.0000e+00  -61.12500  -58.09350 1152617171 192.476530    34.7268 0.0000e+00
    929.000     1.5070   3.054672     1.5075   3.054992    4.76758    -0.0853    13.8155 0.0000e+00  -61.12500  -58.09350 1152617172 192.476542    34.7267 0.0000e+00
    930.000     1.5067   3.054700     1.5074   3.055016    4.76757    -0.0678    13.8155 0.0000e+00  -61.12500  -58.09350 1152617172 192.476552    34.7268 0.0000e+00
    931.000     1.5062   3.054694     1.5068   3.055009    4.76740    -0.0879    13.8155 0.0000e+00  -61.12500  -58.09350 1152617173 192.476561    34.7266 0.0000e+00
    932.000     1.5058   3.054708     1.5064   3.055017    4.76468    -0.0843    13.8155 0.0000e+00  -61.12500  -58.09350 1152617174 192.476571    34.7268 0.0000e+00
    933.000     1.5053   3.054706     1.5059   3.055018    4.76355    -0.0897    13.8155 0.0000e+00  -61.12500  -58.09350 1152617175 192.476584    34.7267 0.0000e+00
    934.000     1.5046   3.054688     1.5051   3.054983    4.76260    -0.0810    13.8155 0.0000e+00  -61.12500  -58.09350 1152617177 192.476602    34.7266 0.0000e+00
    935.000     1.5023   3.054513     1.5034   3.054863    4.76233    -0.0835    13.8155 0.0000e+00  -61.12500  -58.09350 1152617179 192.476623    34.7264 0.0000e+00
    936.000     1.5022   3.054564     1.5028   3.054867    4.76331    -0.0864    13.8155 0.0000e+00  -61.12500  -58.09350 1152617180 192.476642    34.7266 0.0000e+00
    937.000     1.4992   3.054319     1.4997   3.054625    4.76546    -0.0847    13.8155 0.0000e+00  -61.12500  -58.09350 1152617182 192.476659    34.7263 0.0000e+00
    938.000     1.4957   3.054029     1.4961   3.054334    4.76978    -0.0772    13.8155 0.0000e+00  -61.12500  -58.09350 1152617183 192.476677    34.7260 0.0000e+00
    939.000     1.4901   3.053570     1.4906   3.053885    4.77195    -0.0951    13.8155 0.0000e+00  -61.12500  -58.09350 1152617185 192.476692    34.7259 0.0000e+00
    940.000     1.4865   3.053282     1.4870   3.053600    4.77284    -0.0902    13.8155 0.0000e+00  -61.12500  -58.09350 1152617186 192.476704    34.7257 0.0000e+00
    941.000     1.4835   3.053065     1.4841   3.053375    4.77379    -0.0904    13.8155 0.0000e+00  -61.12500  -58.09350 1152617187 192.476715    34.7257 0.0000e+00
    942.000     1.4822   3.052992     1.4830   3.053311    4.77644    -0.0912    13.8155 0.0000e+00  -61.12500  -58.09350 1152617188 192.476735    34.7256 0.0000e+00
    943.000     1.4810   3.052925     1.4816   3.053251    4.77709    -0.0847    13.8155 0.0000e+00  -61.12500  -58.09350 1152617190 192.476757    34.7255 0.0000e+00
    944.000     1.4782   3.052711     1.4788   3.053045    4.77685    -0.0978    13.8155 0.0000e+00  -61.12500  -58.09350 1152617191 192.476768    34.7254 0.0000e+00
    945.000     1.4767   3.052623     1.4773   3.052965    4.77642    -0.0723    13.8155 0.0000e+00  -61.12500  -58.09350 1152617192 192.476777    34.7254 0.0000e+00
    946.000     1.4749   3.052517     1.4752   3.052827    4.77650    -0.0931    13.8155 0.0000e+00  -61.12500  -58.09350 1152617193 192.476786    34.7255 0.0000e+00
    947.000     1.4740   3.052490     1.4745   3.052817    4.77781    -0.1093    13.8155 0.0000e+00  -61.12500  -58.09350 1152617193 192.476794    34.7255 0.0000e+00
    948.000     1.4738   3.052512     1.4743   3.052827    4.77780    -0.0817    13.8155 0.0000e+00  -61.12500  -58.09350 1152617194 192.476804    34.7255 0.0000e+00
    949.000     1.4749   3.052663     1.4751   3.052923    4.77870    -0.0939    13.8155 0.0000e+00  -61.12500  -58.09350 1152617198 192.476848    34.7254 0.0000e+00
    950.000     1.4737   3.052601     1.4730   3.052814    4.78067    -0.1007    13.8155 0.0000e+00  -61.12500  -58.09350 1152617200 192.476875    34.7254 0.0000e+00
    951.000     1.4696   3.052299     1.4702   3.052617    4.78328    -0.0919    13.8155 0.0000e+00  -61.12500  -58.09350 1152617201 192.476887    34.7256 0.0000e+00
    952.000     1.4674   3.052146     1.4680   3.052460    4.78359    -0.0938    13.8155 0.0000e+00  -61.12500  -58.09350 1152617202 192.476896    34.7256 0.0000e+00
    953.000     1.4671   3.052159     1.4676   3.052484    4.78369    -0.0908    13.8155 0.0000e+00  -61.12500  -58.09350 1152617203 192.476905    34.7255 0.0000e+00
    954.000     1.4667   3.052163     1.4672   3.052483    4.78381    -0.0770    13.8155 0.0000e+00  -61.12500  -58.09350 1152617204 192.476913    34.7254 0.0000e+00
    955.000     1.4653   3.052078     1.4658   3.052396    4.78395    -0.0831    13.8155 0.0000e+00  -61.12500  -58.09350 1152617204 192.476920    34.7253 0.0000e+00
    956.000     1.4648   3.052072     1.4652   3.052390    4.78411    -0.0763    13.8155 0.0000e+00  -61.12500  -58.09350 1152617205 192.476927    34.7253 0.0000e+00
    957.000     1.4638   3.052034     1.4643   3.052347    4.78434    -0.1006    13.8155 0.0000e+00  -61.12500  -58.09350 1152617206 192.476937    34.7253 0.0000e+00
    958.000     1.4636   3.052065     1.4641   3.052367    4.78372    -0.0838    13.8155 0.0000e+00  -61.12500  -58.09350 1152617208 192.476964    34.7253 0.0000e+00
    959.000     1.4642   3.052158     1.4639   3.052391    4.78353    -0.0894    13.8155 0.0000e+00  -61.12500  -58.09350 1152617210 192.476990    34.7253 0.0000e+00
    960.000     1.4629   3.052091     1.4635   3.052400    4.78328    -0.0935    13.8155 0.0000e+00  -61.12500  -58.09350 1152617212 192.477013    34.7253 0.0000e+00
    961.000     1.4626   3.052116     1.4632   3.052428    4.78414    -0.0798    13.8155 0.0000e+00  -61.12500  -58.09350 1152617214 192.477038    34.7253 0.0000e+00
    962.000     1.4623   3.052126     1.4628   3.052441    4.78492    -0.0879    13.8155 0.0000e+00  -61.12500  -58.09350 1152617216 192.477053    34.7253 0.0000e+00
    963.000     1.4621   3.052166     1.4627   3.052486    4.78584    -0.0950    13.8155 0.0000e+00  -61.12500  -58.09350 1152617217 192.477063    34.7254 0.0000e+00
    964.000     1.4616   3.052164     1.4622   3.052473    4.78600    -0.0723    13.8155 0.0000e+00  -61.12500  -58.09350 1152617218 192.477073    34.7255 0.0000e+00
    965.000     1.4614   3.052188     1.4619   3.052492    4.78713    -0.0901    13.8155 0.0000e+00  -61.12500  -58.09350 1152617218 192.477082    34.7254 0.0000e+00
    966.000     1.4614   3.052239     1.4620   3.052546    4.78765    -0.0891    13.8155 0.0000e+00  -61.12500  -58.09350 1152617219 192.477092    34.7254 0.0000e+00
    967.000     1.4614   3.052281     1.4619   3.052590    4.78786    -0.0849    13.8155 0.0000e+00  -61.12500  -58.09350 1152617220 192.477102    34.7255 0.0000e+00
    968.000     1.4612   3.052321     1.4619   3.052632    4.78764    -0.0947    13.8155 0.0000e+00  -61.12500  -58.09350 1152617221 192.477111    34.7255 0.0000e+00
    969.000     1.4609   3.052323     1.4615   3.052632    4.78722    -0.1029    13.8155 0.0000e+00  -61.12500  -58.09350 1152617222 192.477122    34.7253 0.0000e+00
    970.000     1.4601   3.052302     1.4607   3.052605    4.78501    -0.0888    13.8155 0.0000e+00  -61.12500  -58.09350 1152617223 192.477133    34.7255 0.0000e+00
    971.000     1.4600   3.052332     1.4603   3.052616    4.78790    -0.0780    13.8155 0.0000e+00  -61.12500  -58.09350 1152617226 192.477173    34.7254 0.0000e+00
    972.000     1.4601   3.052399     1.4597   3.052622    4.79194    -0.0868    13.8155 0.0000e+00  -61.12500  -58.09350 1152617230 192.477214    34.7255 0.0000e+00
    973.000     1.4582   3.052256     1.4578   3.052494    4.79450    -0.0881    13.8155 0.0000e+00  -61.12500  -58.09350 1152617231 192.477225    34.7254 0.0000e+00
    974.000     1.4550   3.052025     1.4553   3.052324    4.79534    -0.0905    13.8155 0.0000e+00  -61.12500  -58.09350 1152617231 192.477234    34.7253 0.0000e+00
    975.000     1.4533   3.051924     1.4539   3.052238    4.79570    -0.0726    13.8155 0.0000e+00  -61.12500  -58.09350 1152617232 192.477243    34.7255 0.0000e+00
    976.000     1.4532   3.051948     1.4538   3.052276    4.79573    -0.0849    13.8155 0.0000e+00  -61.12500  -58.09350 1152617233 192.477250    34.7254 0.0000e+00
