product_data/regression_test/downloaded_data/MDGS/320620060703/ctd/adapted/heads_insert_p6609604.cnv
* Sea-Bird SBE 9 Data File:
* FileName = D:\Data\Raw\p6609604.dat
* Software Version Seasave Win32 V 5.32
* Temperature SN = 1649
* Conductivity SN = 1431
* Number of Bytes Per Scan = 37
* Number of Voltage Words = 5
* Number of Scans Averaged by the Deck Unit = 1
* NMEA Latitude = 60 45.04 S
* NMEA Longitude = 058 22.48 W
* NMEA UTC (Time) = 21:57:23
** Ship:   Nathaniel B. Palmer 
** Cruise:    NBP0606 
# nquan = 15
# nvalues = 995                         
# units = specified
# name 0 = prDM: Pressure, Digiquartz [db]
# name 1 = t090C: Temperature [ITS-90, deg C]
# name 2 = c0S/m: Conductivity [S/m]
# name 3 = t190C: Temperature, 2 [ITS-90, deg C]
# name 4 = c1S/m: Conductivity, 2 [S/m]
# name 5 = sbeox0ML/L: Oxygen, SBE 43 [ml/l]
# name 6 = flECO-AFL: Fluorescence, Wetlab ECO-AFL/FL [mg/m^3]
# name 7 = bat: Beam Attenuation, Chelsea/Seatech/Wetlab CStar [1/m]
# name 8 = spar: SPAR/Surface Irradiance
# name 9 = latitude: Latitude [deg]
# name 10 = longitude: Longitude [deg]
# name 11 = timeY: Time, System [seconds]
# name 12 = timeJ: Julian Days
# name 13 = sal00: Salinity [PSU]
# name 14 = flag: flag
# span 0 =      8.000,   1002.000       
# span 1 =    -0.8117,     2.0779       
# span 2 =   2.752035,   3.075497       
# span 3 =    -0.8135,     2.0790       
# span 4 =   2.752408,   3.075848       
# span 5 =    4.34234,    8.09437       
# span 6 =    -0.1119,     0.3581       
# span 7 =    13.8155,    13.8155       
# span 8 = 0.0000e+00, 0.0000e+00       
# span 9 =  -60.75067,  -60.75067       
# span 10 =  -58.37467,  -58.37467      
# span 11 = 1152655055, 1152656626      
# span 12 = 192.915001, 192.933187      
# span 13 =    33.8803,    34.7283      
# span 14 = 0.0000e+00, 0.0000e+00      
# interval = decibars: 1                
# start_time = Jul 11 2006 21:57:31
# bad_flag = -9.990e-29
*END*
[from data line 193]
    200.000     1.7985   3.026092     1.8010   3.026399    4.68202    -0.0497    13.8155 0.0000e+00  -60.75067  -58.37467 1152655526 192.920455    34.4539 0.0000e+00
    201.000     1.8060   3.026882     1.8081   3.027153    4.67962    -0.0320    13.8155 0.0000e+00  -60.75067  -58.37467 1152655527 192.920468    34.4553 0.0000e+00
    202.000     1.8150   3.027870     1.8168   3.028118    4.67726    -0.0514    13.8155 0.0000e+00  -60.75067  -58.37467 1152655528 192.920481    34.4573 0.0000e+00
    203.000     1.8171   3.028119     1.8188   3.028372    4.67409    -0.0438    13.8155 0.0000e+00  -60.75067  -58.37467 1152655529 192.920493    34.4578 0.0000e+00
    204.000     1.8175   3.028194     1.8194   3.028482    4.67290    -0.0385    13.8155 0.0000e+00  -60.75067  -58.37467 1152655530 192.920503    34.4579 0.0000e+00
    205.000     1.8137   3.027897     1.8151   3.028164    4.66935    -0.0592    13.8155 0.0000e+00  -60.75067  -58.37467 1152655530 192.920511    34.4579 0.0000e+00
    206.000     1.8116   3.027780     1.8129   3.028047    4.66607    -0.0340    13.8155 0.0000e+00  -60.75067  -58.37467 1152655531 192.920519    34.4585 0.0000e+00
    207.000     1.8106   3.027834     1.8120   3.028113    4.66251    -0.0432    13.8155 0.0000e+00  -60.75067  -58.37467 1152655532 192.920527    34.4599 0.0000e+00
    208.000     1.8103   3.027858     1.8118   3.028137    4.65945    -0.0358    13.8155 0.0000e+00  -60.75067  -58.37467 1152655532 192.920534    34.4600 0.0000e+00
    209.000     1.8097   3.027850     1.8108   3.028091    4.65853    -0.0422    13.8155 0.0000e+00  -60.75067  -58.37467 1152655533 192.920542    34.4600 0.0000e+00
    210.000     1.8045   3.027402     1.8053   3.027629    4.65612    -0.0403    13.8155 0.0000e+00  -60.75067  -58.37467 1152655534 192.920554    34.4598 0.0000e+00
    211.000     1.7896   3.026122     1.7895   3.026309    4.66304    -0.0415    13.8155 0.0000e+00  -60.75067  -58.37467 1152655538 192.920601    34.4596 0.0000e+00
    212.000     1.7408   3.021640     1.7418   3.022015    4.67288    -0.0275    13.8155 0.0000e+00  -60.75067  -58.37467 1152655542 192.920643    34.4573 0.0000e+00
    213.000     1.7242   3.020133     1.7241   3.020397    4.67501    -0.0553    13.8155 0.0000e+00  -60.75067  -58.37467 1152655543 192.920653    34.4564 0.0000e+00
    214.000     1.6966   3.017620     1.6975   3.018019    4.67841    -0.0442    13.8155 0.0000e+00  -60.75067  -58.37467 1152655543 192.920661    34.4547 0.0000e+00
    215.000     1.6810   3.016342     1.6813   3.016638    4.68289    -0.0434    13.8155 0.0000e+00  -60.75067  -58.37467 1152655544 192.920670    34.4555 0.0000e+00
    216.000     1.6820   3.016629     1.6829   3.016890    4.67890    -0.0386    13.8155 0.0000e+00  -60.75067  -58.37467 1152655545 192.920680    34.4574 0.0000e+00
    217.000     1.6901   3.017523     1.6934   3.017965    4.67715    -0.0406    13.8155 0.0000e+00  -60.75067  -58.37467 1152655546 192.920693    34.4588 0.0000e+00
    218.000     1.7152   3.020025     1.7178   3.020429    4.67410    -0.0391    13.8155 0.0000e+00  -60.75067  -58.37467 1152655547 192.920705    34.4612 0.0000e+00
    219.000     1.6931   3.018053     1.6945   3.018470    4.66742    -0.0444    13.8155 0.0000e+00  -60.75067  -58.37467 1152655548 192.920716    34.4599 0.0000e+00
    220.000     1.6905   3.018235     1.6924   3.018518    4.67153    -0.0494    13.8155 0.0000e+00  -60.75067  -58.37467 1152655549 192.920724    34.4652 0.0000e+00
    221.000     1.7059   3.019817     1.7076   3.020109    4.66939    -0.0393    13.8155 0.0000e+00  -60.75067  -58.37467 1152655550 192.920733    34.4671 0.0000e+00
    222.000     1.7168   3.020975     1.7187   3.021296    4.66431    -0.0512    13.8155 0.0000e+00  -60.75067  -58.37467 1152655550 192.920740    34.4689 0.0000e+00
    223.000     1.7266   3.021989     1.7281   3.022249    4.65639    -0.0267    13.8155 0.0000e+00  -60.75067  -58.37467 1152655551 192.920747    34.4701 0.0000e+00
    224.000     1.7400   3.023269     1.7422   3.023650    4.64792    -0.0450    13.8155 0.0000e+00  -60.75067  -58.37467 1152655552 192.920755    34.4703 0.0000e+00
    225.000     1.7863   3.027965     1.7962   3.029034    4.62574    -0.0467    13.8155 0.0000e+00  -60.75067  -58.37467 1152655556 192.920812    34.4779 0.0000e+00
    226.000     1.8223   3.031525     1.8245   3.031790    4.60303    -0.0460    13.8155 0.0000e+00  -60.75067  -58.37467 1152655560 192.920853    34.4812 0.0000e+00
    227.000     1.8330   3.032594     1.8346   3.032849    4.59190    -0.0544    13.8155 0.0000e+00  -60.75067  -58.37467 1152655561 192.920861    34.4825 0.0000e+00
    228.000     1.8494   3.034192     1.8499   3.034388    4.58138    -0.0504    13.8155 0.0000e+00  -60.75067  -58.37467 1152655561 192.920868    34.4835 0.0000e+00
    229.000     1.8592   3.035369     1.8598   3.035573    4.56997    -0.0483    13.8155 0.0000e+00  -60.75067  -58.37467 1152655562 192.920875    34.4879 0.0000e+00
    230.000     1.8973   3.039278     1.8972   3.039378    4.55973    -0.0328    13.8155 0.0000e+00  -60.75067  -58.37467 1152655562 192.920882    34.4936 0.0000e+00
    231.000     1.9294   3.042569     1.9294   3.042655    4.55073    -0.0451    13.8155 0.0000e+00  -60.75067  -58.37467 1152655563 192.920889    34.4989 0.0000e+00
    232.000     1.9385   3.043370     1.9395   3.043585    4.54222    -0.0491    13.8155 0.0000e+00  -60.75067  -58.37467 1152655564 192.920895    34.4976 0.0000e+00
    233.000     1.9367   3.043401     1.9390   3.043789    4.53409    -0.0192    13.8155 0.0000e+00  -60.75067  -58.37467 1152655564 192.920902    34.5002 0.0000e+00
    234.000     1.9425   3.044066     1.9437   3.044309    4.52736    -0.0457    13.8155 0.0000e+00  -60.75067  -58.37467 1152655565 192.920911    34.5017 0.0000e+00
    235.000     1.9369   3.043533     1.9386   3.043873    4.51732    -0.0400    13.8155 0.0000e+00  -60.75067  -58.37467 1152655568 192.920944    34.5018 0.0000e+00
    236.000     1.9202   3.042013     1.9233   3.042474    4.51083    -0.0470    13.8155 0.0000e+00  -60.75067  -58.37467 1152655572 192.920988    34.5021 0.0000e+00
    237.000     1.9400   3.044159     1.9425   3.044451    4.50435    -0.0398    13.8155 0.0000e+00  -60.75067  -58.37467 1152655573 192.920998    34.5069 0.0000e+00
    238.000     1.9489   3.045050     1.9506   3.045351    4.49921    -0.0514    13.8155 0.0000e+00  -60.75067  -58.37467 1152655573 192.921007    34.5073 0.0000e+00
    239.000     1.9575   3.045987     1.9577   3.046116    4.49404    -0.0466    13.8155 0.0000e+00  -60.75067  -58.37467 1152655574 192.921017    34.5092 0.0000e+00
    240.000     1.9721   3.047484     1.9740   3.047764    4.48553    -0.0433    13.8155 0.0000e+00  -60.75067  -58.37467 1152655575 192.921031    34.5113 0.0000e+00
    241.000     1.9955   3.049829     1.9978   3.050163    4.47839    -0.0605    13.8155 0.0000e+00  -60.75067  -58.37467 1152655577 192.921050    34.5143 0.0000e+00
    242.000     1.9986   3.050177     1.9999   3.050432    4.47747    -0.0399    13.8155 0.0000e+00  -60.75067  -58.37467 1152655578 192.921065    34.5149 0.0000e+00
    243.000     2.0003   3.050425     2.0017   3.050686    4.47476    -0.0550    13.8155 0.0000e+00  -60.75067  -58.37467 1152655579 192.921077    34.5158 0.0000e+00
    244.000     2.0014   3.050636     2.0029   3.050910    4.47185    -0.0397    13.8155 0.0000e+00  -60.75067  -58.37467 1152655580 192.921087    34.5170 0.0000e+00
    245.000     2.0090   3.051510     2.0106   3.051789    4.47009    -0.0522    13.8155 0.0000e+00  -60.75067  -58.37467 1152655581 192.921097    34.5190 0.0000e+00
    246.000     2.0006   3.050834     2.0015   3.051097    4.46672    -0.0617    13.8155 0.0000e+00  -60.75067  -58.37467 1152655582 192.921108    34.5193 0.0000e+00
    247.000     1.9986   3.050826     2.0006   3.051150    4.46248    -0.0422    13.8155 0.0000e+00  -60.75067  -58.37467 1152655583 192.921120    34.5212 0.0000e+00
    248.000     2.0046   3.051555     2.0058   3.051825    4.45609    -0.0527    13.8155 0.0000e+00  -60.75067  -58.37467 1152655584 192.921134    34.5232 0.0000e+00
    249.000     2.0049   3.051667     2.0063   3.051970    4.45243    -0.0557    13.8155 0.0000e+00  -60.75067  -58.37467 1152655586 192.921149    34.5239 0.0000e+00
    250.000     2.0158   3.052945     2.0176   3.053260    4.44538    -0.0452    13.8155 0.0000e+00  -60.75067  -58.37467 1152655587 192.921169    34.5273 0.0000e+00
    251.000     2.0199   3.053446     2.0213   3.053741    4.43881    -0.0535    13.8155 0.0000e+00  -60.75067  -58.37467 1152655589 192.921193    34.5287 0.0000e+00
    252.000     2.0208   3.053596     2.0220   3.053871    4.43820    -0.0413    13.8155 0.0000e+00  -60.75067  -58.37467 1152655592 192.921219    34.5292 0.0000e+00
    253.000     2.0205   3.053624     2.0216   3.053894    4.43888    -0.0510    13.8155 0.0000e+00  -60.75067  -58.37467 1152655594 192.921241    34.5294 0.0000e+00
    254.000     2.0220   3.053856     2.0234   3.054144    4.43862    -0.0459    13.8155 0.0000e+00  -60.75067  -58.37467 1152655595 192.921255    34.5305 0.0000e+00
    255.000     2.0320   3.054979     2.0335   3.055244    4.43732    -0.0453    13.8155 0.0000e+00  -60.75067  -58.37467 1152655596 192.921266    34.5327 0.0000e+00
    256.000     2.0421   3.056123     2.0440   3.056396    4.43233    -0.0524    13.8155 0.0000e+00  -60.75067  -58.37467 1152655596 192.921275    34.5353 0.0000e+00
    257.000     2.0563   3.057639     2.0577   3.057890    4.42869    -0.0417    13.8155 0.0000e+00  -60.75067  -58.37467 1152655597 192.921282    34.5379 0.0000e+00
    258.000     2.0599   3.058075     2.0611   3.058328    4.42370    -0.0461    13.8155 0.0000e+00  -60.75067  -58.37467 1152655598 192.921290    34.5387 0.0000e+00
    259.000     2.0631   3.058544     2.0642   3.058824    4.41874    -0.0346    13.8155 0.0000e+00  -60.75067  -58.37467 1152655598 192.921296    34.5404 0.0000e+00
    260.000     2.0664   3.058997     2.0672   3.059269    4.41408    -0.0722    13.8155 0.0000e+00  -60.75067  -58.37467 1152655599 192.921303    34.5421 0.0000e+00
    261.000     2.0712   3.059523     2.0721   3.059810    4.41064    -0.0432    13.8155 0.0000e+00  -60.75067  -58.37467 1152655600 192.921310    34.5428 0.0000e+00
    262.000     2.0722   3.059641     2.0748   3.060063    4.40840    -0.0432    13.8155 0.0000e+00  -60.75067  -58.37467 1152655602 192.921339    34.5428 0.0000e+00
    263.000     2.0693   3.059400     2.0761   3.060303    4.40567    -0.0460    13.8155 0.0000e+00  -60.75067  -58.37467 1152655607 192.921391    34.5430 0.0000e+00
    264.000     2.0779   3.060540     2.0790   3.060806    4.40212    -0.0349    13.8155 0.0000e+00  -60.75067  -58.37467 1152655607 192.921402    34.5470 0.0000e+00
    265.000     2.0760   3.060410     2.0772   3.060727    4.40245    -0.0427    13.8155 0.0000e+00  -60.75067  -58.37467 1152655608 192.921413    34.5469 0.0000e+00
    266.000     2.0737   3.060344     2.0749   3.060640    4.40363    -0.0490    13.8155 0.0000e+00  -60.75067  -58.37467 1152655609 192.921424    34.5482 0.0000e+00
    267.000     2.0723   3.060285     2.0735   3.060574    4.40393    -0.0585    13.8155 0.0000e+00  -60.75067  -58.37467 1152655610 192.921435    34.5486 0.0000e+00
    268.000     2.0716   3.060270     2.0728   3.060558    4.40346    -0.0473    13.8155 0.0000e+00  -60.75067  -58.37467 1152655611 192.921446    34.5487 0.0000e+00
    269.000     2.0713   3.060275     2.0722   3.060549    4.40220    -0.0741    13.8155 0.0000e+00  -60.75067  -58.37467 1152655612 192.921457    34.5485 0.0000e+00
    270.000     2.0664   3.059932     2.0675   3.060236    4.40011    -0.0411    13.8155 0.0000e+00  -60.75067  -58.37467 1152655613 192.921468    34.5492 0.0000e+00
    271.000     2.0648   3.059891     2.0661   3.060201    4.39730    -0.0583    13.8155 0.0000e+00  -60.75067  -58.37467 1152655614 192.921480    34.5499 0.0000e+00
    272.000     2.0652   3.059963     2.0663   3.060266    4.39574    -0.0489    13.8155 0.0000e+00  -60.75067  -58.37467 1152655615 192.921492    34.5498 0.0000e+00
    273.000     2.0663   3.060125     2.0674   3.060428    4.39390    -0.0500    13.8155 0.0000e+00  -60.75067  -58.37467 1152655617 192.921509    34.5501 0.0000e+00
    274.000     2.0668   3.060260     2.0680   3.060562    4.39195    -0.0502    13.8155 0.0000e+00  -60.75067  -58.37467 1152655619 192.921532    34.5506 0.0000e+00
    275.000     2.0653   3.060264     2.0666   3.060579    4.39022    -0.0545    13.8155 0.0000e+00  -60.75067  -58.37467 1152655620 192.921548    34.5518 0.0000e+00
    276.000     2.0679   3.060653     2.0693   3.060977    4.38848    -0.0548    13.8155 0.0000e+00  -60.75067  -58.37467 1152655621 192.921563    34.5531 0.0000e+00
    277.000     2.0688   3.060816     2.0699   3.061119    4.38951    -0.0595    13.8155 0.0000e+00  -60.75067  -58.37467 1152655623 192.921582    34.5537 0.0000e+00
    278.000     2.0653   3.060586     2.0664   3.060900    4.38767    -0.0539    13.8155 0.0000e+00  -60.75067  -58.37467 1152655624 192.921598    34.5541 0.0000e+00
    279.000     2.0606   3.060285     2.0617   3.060598    4.38532    -0.0568    13.8155 0.0000e+00  -60.75067  -58.37467 1152655625 192.921609    34.5551 0.0000e+00
    280.000     2.0578   3.060127     2.0588   3.060437    4.38549    -0.0454    13.8155 0.0000e+00  -60.75067  -58.37467 1152655626 192.921618    34.5555 0.0000e+00
    281.000     2.0557   3.059995     2.0570   3.060313    4.38541    -0.0629    13.8155 0.0000e+00  -60.75067  -58.37467 1152655627 192.921628    34.5557 0.0000e+00
    282.000     2.0561   3.060085     2.0572   3.060382    4.38447    -0.0513    13.8155 0.0000e+00  -60.75067  -58.37467 1152655629 192.921653    34.5558 0.0000e+00
    283.000     2.0567   3.060214     2.0580   3.060530    4.39002    -0.0519    13.8155 0.0000e+00  -60.75067  -58.37467 1152655632 192.921686    34.5560 0.0000e+00
    284.000     2.0563   3.060235     2.0575   3.060556    4.39152    -0.0670    13.8155 0.0000e+00  -60.75067  -58.37467 1152655633 192.921698    34.5562 0.0000e+00
    285.000     2.0556   3.060251     2.0567   3.060568    4.39238    -0.0684    13.8155 0.0000e+00  -60.75067  -58.37467 1152655634 192.921707    34.5567 0.0000e+00
    286.000     2.0558   3.060383     2.0569   3.060692    4.39030    -0.0396    13.8155 0.0000e+00  -60.75067  -58.37467 1152655635 192.921715    34.5574 0.0000e+00
    287.000     2.0557   3.060444     2.0565   3.060775    4.38820    -0.0569    13.8155 0.0000e+00  -60.75067  -58.37467 1152655635 192.921723    34.5578 0.0000e+00
    288.000     2.0513   3.060111     2.0523   3.060443    4.38572    -0.0528    13.8155 0.0000e+00  -60.75067  -58.37467 1152655636 192.921731    34.5579 0.0000e+00
    289.000     2.0487   3.059969     2.0496   3.060293    4.38373    -0.0488    13.8155 0.0000e+00  -60.75067  -58.37467 1152655637 192.921740    34.5584 0.0000e+00
    290.000     2.0405   3.059277     2.0409   3.059557    4.38381    -0.0545    13.8155 0.0000e+00  -60.75067  -58.37467 1152655638 192.921754    34.5583 0.0000e+00
    291.000     2.0322   3.058576     2.0327   3.058849    4.38588    -0.0474    13.8155 0.0000e+00  -60.75067  -58.37467 1152655640 192.921777    34.5582 0.0000e+00
    292.000     2.0236   3.057902     2.0245   3.058236    4.38358    -0.0560    13.8155 0.0000e+00  -60.75067  -58.37467 1152655643 192.921809    34.5588 0.0000e+00
    293.000     2.0223   3.057921     2.0233   3.058241    4.38567    -0.0556    13.8155 0.0000e+00  -60.75067  -58.37467 1152655645 192.921833    34.5596 0.0000e+00
    294.000     2.0220   3.057973     2.0231   3.058295    4.38972    -0.0504    13.8155 0.0000e+00  -60.75067  -58.37467 1152655646 192.921848    34.5599 0.0000e+00
    295.000     2.0219   3.058047     2.0230   3.058374    4.39095    -0.0478    13.8155 0.0000e+00  -60.75067  -58.37467 1152655647 192.921858    34.5604 0.0000e+00
