product_data/regression_test/downloaded_data/MDGS/320620060703/ctd/adapted/heads_insert_p6619901.cnv
* Sea-Bird SBE 9 Data File:
* FileName = D:\Data\Raw\p6619901.dat
* Software Version Seasave Win32 V 5.32
* Temperature SN = 1649
* Conductivity SN = 1431
* Number of Bytes Per Scan = 37
* Number of Voltage Words = 5
* Number of Scans Averaged by the Deck Unit = 1
* NMEA Latitude = 62 59.55 S
* NMEA Longitude = 062 15.19 W
* NMEA UTC (Time) = 06:52:39
** Ship:   Nathaniel B. Palmer 
** Cruise:    NBP0606 
# nquan = 15
# nvalues = 930                         
# units = specified
# name 0 = prDM: Pressure, Digiquartz [db]
# name 1 = t090C: Temperature [ITS-90, deg C]
# name 2 = c0S/m: Conductivity [S/m]
# name 3 = t190C: Temperature, 2 [ITS-90, deg C]
# name 4 = c1S/m: Conductivity, 2 [S/m]
# name 5 = sbeox0ML/L: Oxygen, SBE 43 [ml/l]
# name 6 = flECO-AFL: Fluorescence, Wetlab ECO-AFL/FL [mg/m^3]
# name 7 = bat: Beam Attenuation, Chelsea/Seatech/Wetlab CStar [1/m]
# name 8 = spar: SPAR/Surface Irradiance
# name 9 = latitude: Latitude [deg]
# name 10 = longitude: Longitude [deg]
# name 11 = timeY: Time, System [seconds]
# name 12 = timeJ: Julian Days
# name 13 = sal00: Salinity [PSU]
# name 14 = flag: flag
# span 0 =      2.000,    931.000       
# span 1 =    -0.8396,     0.9155       
# span 2 =   2.769541,   2.985691       
# span 3 =    -0.8403,     0.9169       
# span 4 =   2.769942,   2.986040       
# span 5 =    5.26347,    7.55052       
# span 6 =    -0.1035,     0.0124       
# span 7 =    13.8155,    13.8155       
# span 8 = 0.0000e+00, 0.0000e+00       
# span 9 =  -62.99250,  -62.99250       
# span 10 =  -62.25317,  -62.25317      
# span 11 = 1153983169, 1153984459      
# span 12 = 208.286681, 208.301628      
# span 13 =    34.1524,    34.6259      
# span 14 = 0.0000e+00, 0.0000e+00      
# interval = decibars: 1                
# start_time = Jul 27 2006 06:52:46
# bad_flag = -9.990e-29
*END*
Pressure	Temperature	Conductivity	Temperature2	Conductivity2	Oxygen	Fluorescence	Beam Attenuation	SPAR	latitude	longitude	timeY	timeJ	Salinity	flag
      2.000    -0.8371   2.769738    -0.8378   2.770130    7.55052    -0.0030    13.8155 0.0000e+00  -62.99250  -62.25317 1153983169 208.286681    34.1531 0.0000e+00
      3.000    -0.8396   2.769541    -0.8403   2.769942    7.55010    -0.0071    13.8155 0.0000e+00  -62.99250  -62.25317 1153983171 208.286722    34.1524 0.0000e+00
      4.000    -0.8389   2.769641    -0.8390   2.770114    7.54255     0.0033    13.8155 0.0000e+00  -62.99250  -62.25317 1153983174 208.286749    34.1524 0.0000e+00
      5.000    -0.8322   2.770360    -0.8316   2.770861    7.54052     0.0040    13.8155 0.0000e+00  -62.99250  -62.25317 1153983175 208.286768    34.1532 0.0000e+00
      6.000    -0.8273   2.770910    -0.8277   2.771254    7.53885     0.0045    13.8155 0.0000e+00  -62.99250  -62.25317 1153983178 208.286795    34.1550 0.0000e+00
      7.000    -0.8037   2.773480    -0.8043   2.773816    7.53882    -0.0037    13.8155 0.0000e+00  -62.99250  -62.25317 1153983180 208.286817    34.1617 0.0000e+00
      8.000    -0.8207   2.771722    -0.8136   2.772825    7.53555    -0.0116    13.8155 0.0000e+00  -62.99250  -62.25317 1153983181 208.286837    34.1574 0.0000e+00
      9.000    -0.8111   2.772776    -0.8122   2.773134    7.53345    -0.0052    13.8155 0.0000e+00  -62.99250  -62.25317 1153983183 208.286860    34.1598 0.0000e+00
     10.000    -0.7980   2.774245    -0.7961   2.774834    7.53332     0.0046    13.8155 0.0000e+00  -62.99250  -62.25317 1153983186 208.286884    34.1644 0.0000e+00
     11.000    -0.7943   2.774704    -0.7942   2.775128    7.53244    -0.0155    13.8155 0.0000e+00  -62.99250  -62.25317 1153983187 208.286903    34.1654 0.0000e+00
     12.000    -0.7933   2.774843    -0.7933   2.775279    7.52974     0.0124    13.8155 0.0000e+00  -62.99250  -62.25317 1153983189 208.286926    34.1657 0.0000e+00
     13.000    -0.7922   2.775006    -0.7922   2.775443    7.52967    -0.0144    13.8155 0.0000e+00  -62.99250  -62.25317 1153983191 208.286949    34.1662 0.0000e+00
     14.000    -0.7895   2.775352    -0.7893   2.775786    7.53063    -0.0201    13.8155 0.0000e+00  -62.99250  -62.25317 1153983193 208.286969    34.1672 0.0000e+00
     15.000    -0.7882   2.775542    -0.7883   2.775955    7.53068    -0.0109    13.8155 0.0000e+00  -62.99250  -62.25317 1153983195 208.286993    34.1678 0.0000e+00
     16.000    -0.7875   2.775672    -0.7879   2.776036    7.52702    -0.0054    13.8155 0.0000e+00  -62.99250  -62.25317 1153983197 208.287017    34.1682 0.0000e+00
     17.000    -0.7871   2.775745    -0.7877   2.776123    7.52739     0.0029    13.8155 0.0000e+00  -62.99250  -62.25317 1153983199 208.287040    34.1682 0.0000e+00
     18.000    -0.7878   2.775739    -0.7862   2.776308    7.52618    -0.0055    13.8155 0.0000e+00  -62.99250  -62.25317 1153983201 208.287061    34.1684 0.0000e+00
     19.000    -0.7815   2.776462    -0.7815   2.776874    7.52192    -0.0040    13.8155 0.0000e+00  -62.99250  -62.25317 1153983202 208.287078    34.1703 0.0000e+00
     20.000    -0.7817   2.776488    -0.7819   2.776879    7.51355    -0.0210    13.8155 0.0000e+00  -62.99250  -62.25317 1153983204 208.287103    34.1702 0.0000e+00
     21.000    -0.7803   2.776676    -0.7802   2.777107    7.51150     0.0012    13.8155 0.0000e+00  -62.99250  -62.25317 1153983207 208.287128    34.1706 0.0000e+00
     22.000    -0.7771   2.777075    -0.7770   2.777486    7.51247    -0.0031    13.8155 0.0000e+00  -62.99250  -62.25317 1153983208 208.287148    34.1717 0.0000e+00
     23.000    -0.7752   2.777310    -0.7750   2.777743    7.51377    -0.0301    13.8155 0.0000e+00  -62.99250  -62.25317 1153983210 208.287172    34.1722 0.0000e+00
     24.000    -0.7749   2.777399    -0.7748   2.777816    7.51648    -0.0083    13.8155 0.0000e+00  -62.99250  -62.25317 1153983212 208.287196    34.1724 0.0000e+00
     25.000    -0.7740   2.777531    -0.7739   2.777954    7.51259    -0.0045    13.8155 0.0000e+00  -62.99250  -62.25317 1153983214 208.287217    34.1725 0.0000e+00
     26.000    -0.7736   2.777632    -0.7733   2.778064    7.50950    -0.0077    13.8155 0.0000e+00  -62.99250  -62.25317 1153983216 208.287237    34.1729 0.0000e+00
     27.000    -0.7730   2.777744    -0.7727   2.778174    7.50744    -0.0005    13.8155 0.0000e+00  -62.99250  -62.25317 1153983218 208.287258    34.1731 0.0000e+00
     28.000    -0.7726   2.777819    -0.7725   2.778240    7.50525    -0.0125    13.8155 0.0000e+00  -62.99250  -62.25317 1153983220 208.287284    34.1731 0.0000e+00
     29.000    -0.7726   2.777870    -0.7724   2.778299    7.50869    -0.0105    13.8155 0.0000e+00  -62.99250  -62.25317 1153983222 208.287305    34.1732 0.0000e+00
     30.000    -0.7726   2.777931    -0.7723   2.778369    7.51158     0.0043    13.8155 0.0000e+00  -62.99250  -62.25317 1153983224 208.287327    34.1734 0.0000e+00
     31.000    -0.7716   2.778099    -0.7716   2.778496    7.51085     0.0048    13.8155 0.0000e+00  -62.99250  -62.25317 1153983226 208.287353    34.1740 0.0000e+00
     32.000    -0.7715   2.778166    -0.7712   2.778583    7.51344     0.0050    13.8155 0.0000e+00  -62.99250  -62.25317 1153983228 208.287373    34.1741 0.0000e+00
     33.000    -0.7714   2.778226    -0.7712   2.778643    7.51757    -0.0126    13.8155 0.0000e+00  -62.99250  -62.25317 1153983229 208.287394    34.1742 0.0000e+00
     34.000    -0.7703   2.778386    -0.7701   2.778809    7.51584    -0.0280    13.8155 0.0000e+00  -62.99250  -62.25317 1153983232 208.287419    34.1744 0.0000e+00
     35.000    -0.7700   2.778464    -0.7698   2.778888    7.51737    -0.0012    13.8155 0.0000e+00  -62.99250  -62.25317 1153983234 208.287441    34.1746 0.0000e+00
     36.000    -0.7704   2.778472    -0.7701   2.778908    7.51788    -0.0088    13.8155 0.0000e+00  -62.99250  -62.25317 1153983235 208.287463    34.1745 0.0000e+00
     37.000    -0.7701   2.778550    -0.7697   2.778999    7.51473    -0.0281    13.8155 0.0000e+00  -62.99250  -62.25317 1153983237 208.287485    34.1747 0.0000e+00
     38.000    -0.7695   2.778668    -0.7692   2.779092    7.51030    -0.0166    13.8155 0.0000e+00  -62.99250  -62.25317 1153983239 208.287505    34.1749 0.0000e+00
     39.000    -0.7685   2.778812    -0.7682   2.779240    7.50655    -0.0184    13.8155 0.0000e+00  -62.99250  -62.25317 1153983241 208.287525    34.1752 0.0000e+00
     40.000    -0.7689   2.778836    -0.7682   2.779279    7.50581    -0.0034    13.8155 0.0000e+00  -62.99250  -62.25317 1153983243 208.287554    34.1752 0.0000e+00
     41.000    -0.7676   2.779012    -0.7674   2.779420    7.50555    -0.0046    13.8155 0.0000e+00  -62.99250  -62.25317 1153983246 208.287580    34.1755 0.0000e+00
     42.000    -0.7678   2.779037    -0.7676   2.779441    7.50582    -0.0239    13.8155 0.0000e+00  -62.99250  -62.25317 1153983247 208.287598    34.1755 0.0000e+00
     43.000    -0.7676   2.779105    -0.7675   2.779504    7.50860    -0.0191    13.8155 0.0000e+00  -62.99250  -62.25317 1153983249 208.287618    34.1756 0.0000e+00
     44.000    -0.7683   2.779098    -0.7687   2.779428    7.51223    -0.0133    13.8155 0.0000e+00  -62.99250  -62.25317 1153983251 208.287638    34.1755 0.0000e+00
     45.000    -0.7680   2.779154    -0.7677   2.779577    7.51023     0.0008    13.8155 0.0000e+00  -62.99250  -62.25317 1153983252 208.287657    34.1755 0.0000e+00
     46.000    -0.7686   2.779132    -0.7684   2.779544    7.50989     0.0015    13.8155 0.0000e+00  -62.99250  -62.25317 1153983254 208.287681    34.1753 0.0000e+00
     47.000    -0.7692   2.779118    -0.7692   2.779512    7.50904    -0.0124    13.8155 0.0000e+00  -62.99250  -62.25317 1153983257 208.287715    34.1752 0.0000e+00
     48.000    -0.7697   2.779133    -0.7694   2.779549    7.51062    -0.0122    13.8155 0.0000e+00  -62.99250  -62.25317 1153983259 208.287739    34.1753 0.0000e+00
     49.000    -0.7692   2.779237    -0.7691   2.779626    7.51009    -0.0421    13.8155 0.0000e+00  -62.99250  -62.25317 1153983261 208.287754    34.1755 0.0000e+00
     50.000    -0.7696   2.779249    -0.7693   2.779659    7.51032    -0.0371    13.8155 0.0000e+00  -62.99250  -62.25317 1153983262 208.287769    34.1755 0.0000e+00
     51.000    -0.7694   2.779314    -0.7690   2.779725    7.51332    -0.0069    13.8155 0.0000e+00  -62.99250  -62.25317 1153983264 208.287788    34.1755 0.0000e+00
     52.000    -0.7685   2.779458    -0.7681   2.779867    7.51293    -0.0085    13.8155 0.0000e+00  -62.99250  -62.25317 1153983266 208.287815    34.1758 0.0000e+00
     53.000    -0.7686   2.779478    -0.7684   2.779884    7.51146    -0.0184    13.8155 0.0000e+00  -62.99250  -62.25317 1153983269 208.287853    34.1756 0.0000e+00
     54.000    -0.7685   2.779554    -0.7681   2.779967    7.51039    -0.0186    13.8155 0.0000e+00  -62.99250  -62.25317 1153983271 208.287872    34.1759 0.0000e+00
     55.000    -0.7685   2.779598    -0.7682   2.780003    7.50945    -0.0263    13.8155 0.0000e+00  -62.99250  -62.25317 1153983272 208.287885    34.1759 0.0000e+00
     56.000    -0.7686   2.779641    -0.7680   2.780070    7.51143    -0.0084    13.8155 0.0000e+00  -62.99250  -62.25317 1153983273 208.287899    34.1759 0.0000e+00
     57.000    -0.7674   2.779790    -0.7671   2.780202    7.51441    -0.0185    13.8155 0.0000e+00  -62.99250  -62.25317 1153983275 208.287925    34.1760 0.0000e+00
     58.000    -0.7648   2.780109    -0.7645   2.780510    7.51286    -0.0303    13.8155 0.0000e+00  -62.99250  -62.25317 1153983278 208.287954    34.1767 0.0000e+00
     59.000    -0.7627   2.780373    -0.7622   2.780792    7.50952    -0.0248    13.8155 0.0000e+00  -62.99250  -62.25317 1153983280 208.287976    34.1771 0.0000e+00
     60.000    -0.7626   2.780423    -0.7624   2.780814    7.50547    -0.0078    13.8155 0.0000e+00  -62.99250  -62.25317 1153983282 208.288000    34.1772 0.0000e+00
     61.000    -0.7624   2.780492    -0.7618   2.780924    7.49991    -0.0054    13.8155 0.0000e+00  -62.99250  -62.25317 1153983284 208.288021    34.1773 0.0000e+00
     62.000    -0.7609   2.780685    -0.7602   2.781128    7.49808    -0.0229    13.8155 0.0000e+00  -62.99250  -62.25317 1153983285 208.288041    34.1775 0.0000e+00
     63.000    -0.7603   2.780790    -0.7603   2.781162    7.49885    -0.0115    13.8155 0.0000e+00  -62.99250  -62.25317 1153983287 208.288063    34.1777 0.0000e+00
     64.000    -0.7595   2.780913    -0.7598   2.781248    7.49785    -0.0126    13.8155 0.0000e+00  -62.99250  -62.25317 1153983289 208.288082    34.1778 0.0000e+00
     65.000    -0.7584   2.781079    -0.7581   2.781462    7.49025    -0.0219    13.8155 0.0000e+00  -62.99250  -62.25317 1153983291 208.288103    34.1782 0.0000e+00
     66.000    -0.7576   2.781191    -0.7572   2.781597    7.48532    -0.0163    13.8155 0.0000e+00  -62.99250  -62.25317 1153983293 208.288132    34.1781 0.0000e+00
     67.000    -0.7560   2.781398    -0.7558   2.781784    7.48571    -0.0431    13.8155 0.0000e+00  -62.99250  -62.25317 1153983296 208.288161    34.1785 0.0000e+00
     68.000    -0.7559   2.781454    -0.7566   2.781754    7.48610    -0.0189    13.8155 0.0000e+00  -62.99250  -62.25317 1153983297 208.288180    34.1786 0.0000e+00
     69.000    -0.7546   2.781654    -0.7527   2.782175    7.48660    -0.0109    13.8155 0.0000e+00  -62.99250  -62.25317 1153983299 208.288197    34.1791 0.0000e+00
     70.000    -0.7516   2.781971    -0.7511   2.782386    7.48791    -0.0161    13.8155 0.0000e+00  -62.99250  -62.25317 1153983301 208.288216    34.1793 0.0000e+00
     71.000    -0.7510   2.782073    -0.7509   2.782438    7.48637    -0.0247    13.8155 0.0000e+00  -62.99250  -62.25317 1153983303 208.288241    34.1795 0.0000e+00
     72.000    -0.7481   2.782399    -0.7476   2.782797    7.48354    -0.0138    13.8155 0.0000e+00  -62.99250  -62.25317 1153983305 208.288270    34.1800 0.0000e+00
     73.000    -0.7495   2.782316    -0.7486   2.782774    7.47937    -0.0153    13.8155 0.0000e+00  -62.99250  -62.25317 1153983307 208.288290    34.1799 0.0000e+00
     74.000    -0.7510   2.782212    -0.7507   2.782597    7.47986    -0.0122    13.8155 0.0000e+00  -62.99250  -62.25317 1153983308 208.288306    34.1797 0.0000e+00
     75.000    -0.7509   2.782260    -0.7505   2.782652    7.48110    -0.0179    13.8155 0.0000e+00  -62.99250  -62.25317 1153983310 208.288325    34.1796 0.0000e+00
     76.000    -0.7515   2.782248    -0.7513   2.782635    7.48669    -0.0060    13.8155 0.0000e+00  -62.99250  -62.25317 1153983313 208.288359    34.1794 0.0000e+00
     77.000    -0.7535   2.782096    -0.7532   2.782502    7.48991    -0.0149    13.8155 0.0000e+00  -62.99250  -62.25317 1153983315 208.288385    34.1791 0.0000e+00
     78.000    -0.7536   2.782141    -0.7533   2.782522    7.48929    -0.0123    13.8155 0.0000e+00  -62.99250  -62.25317 1153983317 208.288400    34.1792 0.0000e+00
     79.000    -0.7531   2.782241    -0.7532   2.782590    7.48671    -0.0260    13.8155 0.0000e+00  -62.99250  -62.25317 1153983318 208.288415    34.1793 0.0000e+00
     80.000    -0.7516   2.782412    -0.7515   2.782789    7.48788    -0.0074    13.8155 0.0000e+00  -62.99250  -62.25317 1153983320 208.288436    34.1793 0.0000e+00
     81.000    -0.7502   2.782610    -0.7487   2.783090    7.48164     0.0031    13.8155 0.0000e+00  -62.99250  -62.25317 1153983322 208.288470    34.1799 0.0000e+00
     82.000    -0.7451   2.783151    -0.7443   2.783576    7.47682    -0.0114    13.8155 0.0000e+00  -62.99250  -62.25317 1153983324 208.288491    34.1805 0.0000e+00
     83.000    -0.7449   2.783219    -0.7446   2.783600    7.47525     0.0046    13.8155 0.0000e+00  -62.99250  -62.25317 1153983326 208.288510    34.1806 0.0000e+00
     84.000    -0.7442   2.783335    -0.7433   2.783773    7.47552    -0.0174    13.8155 0.0000e+00  -62.99250  -62.25317 1153983328 208.288532    34.1808 0.0000e+00
     85.000    -0.7425   2.783536    -0.7426   2.783893    7.47378    -0.0048    13.8155 0.0000e+00  -62.99250  -62.25317 1153983330 208.288558    34.1809 0.0000e+00
     86.000    -0.7419   2.783664    -0.7412   2.784065    7.46907    -0.0087    13.8155 0.0000e+00  -62.99250  -62.25317 1153983332 208.288577    34.1814 0.0000e+00
     87.000    -0.7342   2.784471    -0.7362   2.784597    7.46188    -0.0169    13.8155 0.0000e+00  -62.99250  -62.25317 1153983333 208.288595    34.1829 0.0000e+00
     88.000    -0.7294   2.784954    -0.7292   2.785338    7.45556    -0.0182    13.8155 0.0000e+00  -62.99250  -62.25317 1153983335 208.288617    34.1832 0.0000e+00
     89.000    -0.7374   2.784222    -0.7367   2.784634    7.45244    -0.0141    13.8155 0.0000e+00  -62.99250  -62.25317 1153983338 208.288649    34.1822 0.0000e+00
     90.000    -0.7225   2.785751    -0.7218   2.786130    7.44325    -0.0191    13.8155 0.0000e+00  -62.99250  -62.25317 1153983340 208.288669    34.1850 0.0000e+00
     91.000    -0.7105   2.787022    -0.7096   2.787391    7.42814    -0.0192    13.8155 0.0000e+00  -62.99250  -62.25317 1153983341 208.288686    34.1877 0.0000e+00
     92.000    -0.6940   2.788700    -0.6928   2.789114    7.41272    -0.0263    13.8155 0.0000e+00  -62.99250  -62.25317 1153983343 208.288707    34.1908 0.0000e+00
     93.000    -0.6818   2.789967    -0.6808   2.790370    7.39884    -0.0135    13.8155 0.0000e+00  -62.99250  -62.25317 1153983345 208.288731    34.1933 0.0000e+00
     94.000    -0.6719   2.790982    -0.6711   2.791379    7.38441    -0.0244    13.8155 0.0000e+00  -62.99250  -62.25317 1153983347 208.288754    34.1952 0.0000e+00
     95.000    -0.6693   2.791287    -0.6688   2.791656    7.37200    -0.0354    13.8155 0.0000e+00  -62.99250  -62.25317 1153983349 208.288777    34.1959 0.0000e+00
     96.000    -0.6680   2.791452    -0.6677   2.791822    7.36519    -0.0288    13.8155 0.0000e+00  -62.99250  -62.25317 1153983351 208.288798    34.1963 0.0000e+00
