product_data/regression_test/downloaded_data/MDGS/320620060703/ctd/adapted/heads_insert_p6611401.cnv
* Sea-Bird SBE 9 Data File:
* FileName = D:\Data\Raw\p6611401.dat
* Software Version Seasave Win32 V 5.32
* Temperature SN = 1649
* Conductivity SN = 1431
* Number of Bytes Per Scan = 37
* Number of Voltage Words = 5
* Number of Scans Averaged by the Deck Unit = 1
* NMEA Latitude = 61 30.98 S
* NMEA Longitude = 054 52.51 W
* NMEA UTC (Time) = 09:04:59
** Ship:   Nathaniel B. Palmer 
** Cruise:    NBP0606 
# nquan = 15
# nvalues = 990                         
# units = specified
# name 0 = prDM: Pressure, Digiquartz [db]
# name 1 = t090C: Temperature [ITS-90, deg C]
# name 2 = c0S/m: Conductivity [S/m]
# name 3 = t190C: Temperature, 2 [ITS-90, deg C]
# name 4 = c1S/m: Conductivity, 2 [S/m]
# name 5 = sbeox0ML/L: Oxygen, SBE 43 [ml/l]
# name 6 = flECO-AFL: Fluorescence, Wetlab ECO-AFL/FL [mg/m^3]
# name 7 = bat: Beam Attenuation, Chelsea/Seatech/Wetlab CStar [1/m]
# name 8 = spar: SPAR/Surface Irradiance
# name 9 = latitude: Latitude [deg]
# name 10 = longitude: Longitude [deg]
# name 11 = timeY: Time, System [seconds]
# name 12 = timeJ: Julian Days
# name 13 = sal00: Salinity [PSU]
# name 14 = flag: flag
# span 0 =     12.000,   1001.000       
# span 1 =    -1.5892,    -0.4499       
# span 2 =   2.708741,   2.859129       
# span 3 =    -1.5903,    -0.4490       
# span 4 =   2.709675,   2.859596       
# span 5 =    6.39106,    8.00130       
# span 6 =    -0.1229,     0.2395       
# span 7 =    13.8155,    13.8155       
# span 8 = 0.0000e+00, 0.0000e+00       
# span 9 =  -61.51633,  -61.51633       
# span 10 =  -54.87517,  -54.87517      
# span 11 = 1152867909, 1152869375      
# span 12 = 195.378602, 195.395567      
# span 13 =    34.1644,    34.5624      
# span 14 = 0.0000e+00, 0.0000e+00      
# interval = decibars: 1                
# start_time = Jul 14 2006 09:05:07
# bad_flag = -9.990e-29
*END*
[from data line 675]
    686.000    -0.6204   2.846470    -0.6204   2.846897    6.43223    -0.0888    13.8155 0.0000e+00  -61.51633  -54.87517 1152868922 195.390322    34.5265 0.0000e+00
    687.000    -0.6209   2.846478    -0.6208   2.846914    6.43188    -0.0840    13.8155 0.0000e+00  -61.51633  -54.87517 1152868923 195.390334    34.5266 0.0000e+00
    688.000    -0.6229   2.846373    -0.6225   2.846837    6.42989    -0.0911    13.8155 0.0000e+00  -61.51633  -54.87517 1152868924 195.390351    34.5269 0.0000e+00
    689.000    -0.6230   2.846414    -0.6229   2.846855    6.42998    -0.0896    13.8155 0.0000e+00  -61.51633  -54.87517 1152868926 195.390371    34.5270 0.0000e+00
    690.000    -0.6218   2.846557    -0.6214   2.847007    6.43313    -0.0916    13.8155 0.0000e+00  -61.51633  -54.87517 1152868927 195.390385    34.5268 0.0000e+00
    691.000    -0.6211   2.846644    -0.6211   2.847079    6.43413    -0.0952    13.8155 0.0000e+00  -61.51633  -54.87517 1152868928 195.390396    34.5266 0.0000e+00
    692.000    -0.6216   2.846654    -0.6216   2.847078    6.43408    -0.1062    13.8155 0.0000e+00  -61.51633  -54.87517 1152868929 195.390407    34.5267 0.0000e+00
    693.000    -0.6219   2.846669    -0.6216   2.847116    6.43249    -0.0848    13.8155 0.0000e+00  -61.51633  -54.87517 1152868931 195.390427    34.5268 0.0000e+00
    694.000    -0.6218   2.846740    -0.6212   2.847184    6.43620    -0.0859    13.8155 0.0000e+00  -61.51633  -54.87517 1152868934 195.390457    34.5270 0.0000e+00
    695.000    -0.6215   2.846798    -0.6213   2.847234    6.43752    -0.0874    13.8155 0.0000e+00  -61.51633  -54.87517 1152868935 195.390469    34.5267 0.0000e+00
    696.000    -0.6214   2.846845    -0.6212   2.847300    6.43812    -0.0894    13.8155 0.0000e+00  -61.51633  -54.87517 1152868936 195.390479    34.5267 0.0000e+00
    697.000    -0.6216   2.846877    -0.6212   2.847333    6.43773    -0.1021    13.8155 0.0000e+00  -61.51633  -54.87517 1152868936 195.390490    34.5267 0.0000e+00
    698.000    -0.6222   2.846875    -0.6218   2.847317    6.43666    -0.0911    13.8155 0.0000e+00  -61.51633  -54.87517 1152868938 195.390503    34.5269 0.0000e+00
    699.000    -0.6223   2.846906    -0.6221   2.847355    6.43585    -0.0884    13.8155 0.0000e+00  -61.51633  -54.87517 1152868939 195.390517    34.5269 0.0000e+00
    700.000    -0.6222   2.846952    -0.6220   2.847401    6.43642    -0.0978    13.8155 0.0000e+00  -61.51633  -54.87517 1152868940 195.390529    34.5267 0.0000e+00
    701.000    -0.6216   2.847046    -0.6212   2.847495    6.43621    -0.0870    13.8155 0.0000e+00  -61.51633  -54.87517 1152868941 195.390545    34.5267 0.0000e+00
    702.000    -0.6216   2.847105    -0.6211   2.847566    6.43595    -0.1013    13.8155 0.0000e+00  -61.51633  -54.87517 1152868944 195.390580    34.5269 0.0000e+00
    703.000    -0.6211   2.847187    -0.6208   2.847634    6.44020    -0.0966    13.8155 0.0000e+00  -61.51633  -54.87517 1152868945 195.390594    34.5268 0.0000e+00
    704.000    -0.6209   2.847241    -0.6206   2.847698    6.44183    -0.1127    13.8155 0.0000e+00  -61.51633  -54.87517 1152868946 195.390604    34.5267 0.0000e+00
    705.000    -0.6226   2.847152    -0.6224   2.847605    6.44288    -0.0867    13.8155 0.0000e+00  -61.51633  -54.87517 1152868947 195.390613    34.5269 0.0000e+00
    706.000    -0.6218   2.847271    -0.6214   2.847718    6.44295    -0.0799    13.8155 0.0000e+00  -61.51633  -54.87517 1152868948 195.390622    34.5270 0.0000e+00
    707.000    -0.6221   2.847280    -0.6217   2.847735    6.44056    -0.0806    13.8155 0.0000e+00  -61.51633  -54.87517 1152868949 195.390635    34.5269 0.0000e+00
    708.000    -0.6227   2.847271    -0.6224   2.847727    6.43492    -0.0912    13.8155 0.0000e+00  -61.51633  -54.87517 1152868951 195.390656    34.5268 0.0000e+00
    709.000    -0.6228   2.847315    -0.6227   2.847752    6.43871    -0.0935    13.8155 0.0000e+00  -61.51633  -54.87517 1152868953 195.390683    34.5270 0.0000e+00
    710.000    -0.6224   2.847407    -0.6222   2.847850    6.43973    -0.0871    13.8155 0.0000e+00  -61.51633  -54.87517 1152868954 195.390696    34.5272 0.0000e+00
    711.000    -0.6201   2.847619    -0.6198   2.848085    6.43669    -0.1078    13.8155 0.0000e+00  -61.51633  -54.87517 1152868955 195.390706    34.5267 0.0000e+00
    712.000    -0.6203   2.847627    -0.6200   2.848102    6.43587    -0.0946    13.8155 0.0000e+00  -61.51633  -54.87517 1152868956 195.390714    34.5264 0.0000e+00
    713.000    -0.6202   2.847680    -0.6201   2.848139    6.43616    -0.0908    13.8155 0.0000e+00  -61.51633  -54.87517 1152868957 195.390723    34.5265 0.0000e+00
    714.000    -0.6196   2.847789    -0.6193   2.848231    6.43764    -0.0898    13.8155 0.0000e+00  -61.51633  -54.87517 1152868959 195.390755    34.5266 0.0000e+00
    715.000    -0.6194   2.847846    -0.6193   2.848300    6.44040    -0.0707    13.8155 0.0000e+00  -61.51633  -54.87517 1152868962 195.390787    34.5266 0.0000e+00
    716.000    -0.6192   2.847897    -0.6189   2.848376    6.43814    -0.1021    13.8155 0.0000e+00  -61.51633  -54.87517 1152868963 195.390795    34.5265 0.0000e+00
    717.000    -0.6196   2.847916    -0.6196   2.848362    6.43610    -0.0877    13.8155 0.0000e+00  -61.51633  -54.87517 1152868963 195.390802    34.5266 0.0000e+00
    718.000    -0.6185   2.848046    -0.6192   2.848461    6.43616    -0.0828    13.8155 0.0000e+00  -61.51633  -54.87517 1152868964 195.390809    34.5264 0.0000e+00
    719.000    -0.6193   2.848002    -0.6199   2.848433    6.43709    -0.1041    13.8155 0.0000e+00  -61.51633  -54.87517 1152868965 195.390816    34.5262 0.0000e+00
    720.000    -0.6199   2.848006    -0.6201   2.848434    6.43802    -0.1009    13.8155 0.0000e+00  -61.51633  -54.87517 1152868967 195.390840    34.5264 0.0000e+00
    721.000    -0.6201   2.848055    -0.6199   2.848505    6.43935    -0.0864    13.8155 0.0000e+00  -61.51633  -54.87517 1152868969 195.390870    34.5267 0.0000e+00
    722.000    -0.6228   2.847900    -0.6226   2.848362    6.43882    -0.0923    13.8155 0.0000e+00  -61.51633  -54.87517 1152868970 195.390881    34.5272 0.0000e+00
    723.000    -0.6229   2.847937    -0.6227   2.848391    6.43831    -0.0929    13.8155 0.0000e+00  -61.51633  -54.87517 1152868972 195.390897    34.5272 0.0000e+00
    724.000    -0.6229   2.847986    -0.6227   2.848435    6.43889    -0.0908    13.8155 0.0000e+00  -61.51633  -54.87517 1152868974 195.390919    34.5272 0.0000e+00
    725.000    -0.6227   2.848049    -0.6226   2.848495    6.43952    -0.0872    13.8155 0.0000e+00  -61.51633  -54.87517 1152868975 195.390931    34.5273 0.0000e+00
    726.000    -0.6224   2.848112    -0.6222   2.848570    6.44045    -0.0892    13.8155 0.0000e+00  -61.51633  -54.87517 1152868975 195.390941    34.5272 0.0000e+00
    727.000    -0.6220   2.848192    -0.6221   2.848623    6.44101    -0.0939    13.8155 0.0000e+00  -61.51633  -54.87517 1152868976 195.390951    34.5271 0.0000e+00
    728.000    -0.6224   2.848197    -0.6226   2.848621    6.44047    -0.0962    13.8155 0.0000e+00  -61.51633  -54.87517 1152868978 195.390966    34.5271 0.0000e+00
    729.000    -0.6239   2.848135    -0.6240   2.848581    6.43809    -0.0917    13.8155 0.0000e+00  -61.51633  -54.87517 1152868979 195.390986    34.5274 0.0000e+00
    730.000    -0.6257   2.848066    -0.6252   2.848536    6.43774    -0.0946    13.8155 0.0000e+00  -61.51633  -54.87517 1152868981 195.391002    34.5280 0.0000e+00
    731.000    -0.6265   2.848043    -0.6251   2.848576    6.43825    -0.1061    13.8155 0.0000e+00  -61.51633  -54.87517 1152868982 195.391019    34.5279 0.0000e+00
    732.000    -0.6258   2.848152    -0.6255   2.848608    6.43840    -0.0900    13.8155 0.0000e+00  -61.51633  -54.87517 1152868984 195.391038    34.5280 0.0000e+00
    733.000    -0.6240   2.848316    -0.6241   2.848749    6.43858    -0.0984    13.8155 0.0000e+00  -61.51633  -54.87517 1152868985 195.391053    34.5275 0.0000e+00
    734.000    -0.6265   2.848194    -0.6263   2.848639    6.43930    -0.0965    13.8155 0.0000e+00  -61.51633  -54.87517 1152868986 195.391066    34.5282 0.0000e+00
    735.000    -0.6293   2.848024    -0.6296   2.848459    6.43931    -0.0933    13.8155 0.0000e+00  -61.51633  -54.87517 1152868987 195.391080    34.5286 0.0000e+00
    736.000    -0.6295   2.848086    -0.6309   2.848413    6.43574    -0.1014    13.8155 0.0000e+00  -61.51633  -54.87517 1152868989 195.391094    34.5291 0.0000e+00
    737.000    -0.6297   2.848083    -0.6304   2.848483    6.43432    -0.1067    13.8155 0.0000e+00  -61.51633  -54.87517 1152868990 195.391105    34.5286 0.0000e+00
    738.000    -0.6303   2.848088    -0.6302   2.848533    6.43461    -0.0953    13.8155 0.0000e+00  -61.51633  -54.87517 1152868991 195.391117    34.5288 0.0000e+00
    739.000    -0.6288   2.848235    -0.6288   2.848678    6.43210    -0.0868    13.8155 0.0000e+00  -61.51633  -54.87517 1152868992 195.391137    34.5284 0.0000e+00
    740.000    -0.6278   2.848367    -0.6283   2.848770    6.43453    -0.0900    13.8155 0.0000e+00  -61.51633  -54.87517 1152868994 195.391158    34.5284 0.0000e+00
    741.000    -0.6316   2.848136    -0.6316   2.848584    6.43715    -0.0939    13.8155 0.0000e+00  -61.51633  -54.87517 1152868996 195.391174    34.5291 0.0000e+00
    742.000    -0.6325   2.848122    -0.6324   2.848564    6.43623    -0.0931    13.8155 0.0000e+00  -61.51633  -54.87517 1152868997 195.391187    34.5294 0.0000e+00
    743.000    -0.6328   2.848140    -0.6326   2.848593    6.43579    -0.0975    13.8155 0.0000e+00  -61.51633  -54.87517 1152868998 195.391200    34.5294 0.0000e+00
    744.000    -0.6328   2.848185    -0.6326   2.848632    6.43305    -0.0976    13.8155 0.0000e+00  -61.51633  -54.87517 1152868999 195.391216    34.5293 0.0000e+00
    745.000    -0.6336   2.848174    -0.6338   2.848599    6.43678    -0.1004    13.8155 0.0000e+00  -61.51633  -54.87517 1152869001 195.391237    34.5295 0.0000e+00
    746.000    -0.6343   2.848187    -0.6340   2.848638    6.43927    -0.0994    13.8155 0.0000e+00  -61.51633  -54.87517 1152869002 195.391252    34.5299 0.0000e+00
    747.000    -0.6340   2.848253    -0.6339   2.848700    6.43948    -0.0996    13.8155 0.0000e+00  -61.51633  -54.87517 1152869003 195.391262    34.5298 0.0000e+00
    748.000    -0.6334   2.848322    -0.6334   2.848774    6.43991    -0.0842    13.8155 0.0000e+00  -61.51633  -54.87517 1152869004 195.391272    34.5295 0.0000e+00
    749.000    -0.6336   2.848361    -0.6337   2.848788    6.44034    -0.0869    13.8155 0.0000e+00  -61.51633  -54.87517 1152869005 195.391282    34.5296 0.0000e+00
    750.000    -0.6337   2.848394    -0.6336   2.848838    6.43962    -0.0900    13.8155 0.0000e+00  -61.51633  -54.87517 1152869007 195.391305    34.5296 0.0000e+00
    751.000    -0.6339   2.848427    -0.6338   2.848861    6.43824    -0.1027    13.8155 0.0000e+00  -61.51633  -54.87517 1152869009 195.391329    34.5296 0.0000e+00
    752.000    -0.6330   2.848531    -0.6328   2.848973    6.43932    -0.1000    13.8155 0.0000e+00  -61.51633  -54.87517 1152869010 195.391346    34.5294 0.0000e+00
    753.000    -0.6334   2.848551    -0.6333   2.849004    6.43989    -0.0986    13.8155 0.0000e+00  -61.51633  -54.87517 1152869012 195.391361    34.5296 0.0000e+00
    754.000    -0.6319   2.848717    -0.6317   2.849166    6.44001    -0.0966    13.8155 0.0000e+00  -61.51633  -54.87517 1152869013 195.391372    34.5295 0.0000e+00
    755.000    -0.6312   2.848815    -0.6311   2.849263    6.44045    -0.0992    13.8155 0.0000e+00  -61.51633  -54.87517 1152869014 195.391382    34.5293 0.0000e+00
    756.000    -0.6305   2.848914    -0.6305   2.849352    6.44160    -0.0839    13.8155 0.0000e+00  -61.51633  -54.87517 1152869014 195.391391    34.5293 0.0000e+00
    757.000    -0.6308   2.848928    -0.6306   2.849373    6.44020    -0.0934    13.8155 0.0000e+00  -61.51633  -54.87517 1152869016 195.391411    34.5292 0.0000e+00
    758.000    -0.6311   2.848962    -0.6305   2.849433    6.43872    -0.0889    13.8155 0.0000e+00  -61.51633  -54.87517 1152869018 195.391437    34.5294 0.0000e+00
    759.000    -0.6307   2.849022    -0.6297   2.849525    6.43914    -0.0909    13.8155 0.0000e+00  -61.51633  -54.87517 1152869019 195.391450    34.5292 0.0000e+00
    760.000    -0.6312   2.849027    -0.6308   2.849501    6.44053    -0.0977    13.8155 0.0000e+00  -61.51633  -54.87517 1152869020 195.391462    34.5293 0.0000e+00
    761.000    -0.6317   2.849033    -0.6315   2.849481    6.44079    -0.0972    13.8155 0.0000e+00  -61.51633  -54.87517 1152869022 195.391480    34.5294 0.0000e+00
    762.000    -0.6295   2.849246    -0.6293   2.849690    6.43967    -0.0980    13.8155 0.0000e+00  -61.51633  -54.87517 1152869024 195.391498    34.5290 0.0000e+00
    763.000    -0.6311   2.849180    -0.6309   2.849637    6.44117    -0.0809    13.8155 0.0000e+00  -61.51633  -54.87517 1152869025 195.391511    34.5294 0.0000e+00
    764.000    -0.6324   2.849128    -0.6318   2.849615    6.44273    -0.0883    13.8155 0.0000e+00  -61.51633  -54.87517 1152869026 195.391523    34.5297 0.0000e+00
    765.000    -0.6326   2.849162    -0.6320   2.849639    6.44195    -0.0843    13.8155 0.0000e+00  -61.51633  -54.87517 1152869027 195.391539    34.5297 0.0000e+00
    766.000    -0.6325   2.849213    -0.6323   2.849660    6.44095    -0.0741    13.8155 0.0000e+00  -61.51633  -54.87517 1152869029 195.391559    34.5298 0.0000e+00
    767.000    -0.6325   2.849256    -0.6324   2.849712    6.44131    -0.0878    13.8155 0.0000e+00  -61.51633  -54.87517 1152869030 195.391572    34.5298 0.0000e+00
    768.000    -0.6328   2.849290    -0.6323   2.849744    6.44178    -0.0949    13.8155 0.0000e+00  -61.51633  -54.87517 1152869031 195.391583    34.5299 0.0000e+00
    769.000    -0.6320   2.849378    -0.6321   2.849809    6.44229    -0.1007    13.8155 0.0000e+00  -61.51633  -54.87517 1152869032 195.391593    34.5296 0.0000e+00
    770.000    -0.6319   2.849426    -0.6314   2.849876    6.44296    -0.0965    13.8155 0.0000e+00  -61.51633  -54.87517 1152869033 195.391611    34.5295 0.0000e+00
    771.000    -0.6317   2.849481    -0.6315   2.849927    6.44375    -0.0787    13.8155 0.0000e+00  -61.51633  -54.87517 1152869035 195.391635    34.5294 0.0000e+00
    772.000    -0.6316   2.849517    -0.6315   2.849960    6.44398    -0.1030    13.8155 0.0000e+00  -61.51633  -54.87517 1152869037 195.391655    34.5292 0.0000e+00
    773.000    -0.6317   2.849571    -0.6317   2.850003    6.44558    -0.0919    13.8155 0.0000e+00  -61.51633  -54.87517 1152869039 195.391680    34.5295 0.0000e+00
    774.000    -0.6307   2.849690    -0.6300   2.850168    6.44651    -0.0786    13.8155 0.0000e+00  -61.51633  -54.87517 1152869040 195.391693    34.5293 0.0000e+00
    775.000    -0.6300   2.849791    -0.6304   2.850190    6.44410    -0.0886    13.8155 0.0000e+00  -61.51633  -54.87517 1152869041 195.391702    34.5293 0.0000e+00
    776.000    -0.6289   2.849914    -0.6291   2.850344    6.44350    -0.1035    13.8155 0.0000e+00  -61.51633  -54.87517 1152869042 195.391710    34.5291 0.0000e+00
    777.000    -0.6268   2.850089    -0.6264   2.850553    6.44329    -0.0856    13.8155 0.0000e+00  -61.51633  -54.87517 1152869042 195.391717    34.5283 0.0000e+00
    778.000    -0.6271   2.850098    -0.6276   2.850532    6.44530    -0.0685    13.8155 0.0000e+00  -61.51633  -54.87517 1152869043 195.391724    34.5282 0.0000e+00
    779.000    -0.6291   2.849994    -0.6292   2.850436    6.44673    -0.0899    13.8155 0.0000e+00  -61.51633  -54.87517 1152869045 195.391746    34.5286 0.0000e+00
    780.000    -0.6287   2.850086    -0.6289   2.850527    6.44943    -0.0990    13.8155 0.0000e+00  -61.51633  -54.87517 1152869049 195.391788    34.5288 0.0000e+00
    781.000    -0.6290   2.850107    -0.6290   2.850555    6.44727    -0.1005    13.8155 0.0000e+00  -61.51633  -54.87517 1152869049 195.391795    34.5289 0.0000e+00
