product_data/regression_test/downloaded_data/MDGS/320620060703/ctd/adapted/heads_insert_p6621403.cnv
* Sea-Bird SBE 9 Data File:
* FileName = D:\Data\Raw\p6621403.dat
* Software Version Seasave Win32 V 5.32
* Temperature SN = 1649
* Conductivity SN = 1431
* Number of Bytes Per Scan = 37
* Number of Voltage Words = 5
* Number of Scans Averaged by the Deck Unit = 1
* NMEA Latitude = 63 12.75 S
* NMEA Longitude = 061 12.97 W
* NMEA UTC (Time) = 03:08:04
** Ship:   Nathaniel B. Palmer 
** Cruise:    NBP0606 
# nquan = 15
# nvalues = 1145                        
# units = specified
# name 0 = prDM: Pressure, Digiquartz [db]
# name 1 = t090C: Temperature [ITS-90, deg C]
# name 2 = c0S/m: Conductivity [S/m]
# name 3 = t190C: Temperature, 2 [ITS-90, deg C]
# name 4 = c1S/m: Conductivity, 2 [S/m]
# name 5 = sbeox0ML/L: Oxygen, SBE 43 [ml/l]
# name 6 = flECO-AFL: Fluorescence, Wetlab ECO-AFL/FL [mg/m^3]
# name 7 = bat: Beam Attenuation, Chelsea/Seatech/Wetlab CStar [1/m]
# name 8 = spar: SPAR/Surface Irradiance
# name 9 = latitude: Latitude [deg]
# name 10 = longitude: Longitude [deg]
# name 11 = timeY: Time, System [seconds]
# name 12 = timeJ: Julian Days
# name 13 = sal00: Salinity [PSU]
# name 14 = flag: flag
# span 0 =      3.000,   1147.000       
# span 1 =    -1.2210,     0.4741       
# span 2 =   2.745492,   2.937832       
# span 3 =    -1.2206,     0.4747       
# span 4 =   2.746199,   2.938102       
# span 5 =    5.67563,    7.78664       
# span 6 =    -0.1333,     0.1144       
# span 7 =    13.8155,    13.8155       
# span 8 = 0.0000e+00, 0.0000e+00       
# span 9 =  -63.21250,  -63.21250       
# span 10 =  -61.21617,  -61.21617      
# span 11 = 1154401695, 1154403358      
# span 12 = 213.130712, 213.149988      
# span 13 =    29.0933,    34.9601      
# span 14 = 0.0000e+00, 0.0000e+00      
# interval = decibars: 1                
# start_time = Aug 01 2006 03:08:17
# bad_flag = -9.990e-29
*END*
[from data line 868]
    870.000     0.2863   2.935017     0.2870   2.935318    5.77731    -0.1103    13.8155 0.0000e+00  -63.21250  -61.21617 1154402891 213.144588    34.5722 0.0000e+00
    871.000     0.2884   2.935296     0.2890   2.935549    5.77775    -0.0859    13.8155 0.0000e+00  -63.21250  -61.21617 1154402892 213.144600    34.5730 0.0000e+00
    872.000     0.2896   2.935438     0.2899   2.935669    5.77565    -0.0918    13.8155 0.0000e+00  -63.21250  -61.21617 1154402893 213.144613    34.5728 0.0000e+00
    873.000     0.2909   2.935605     0.2912   2.935841    5.77386    -0.0505    13.8155 0.0000e+00  -63.21250  -61.21617 1154402894 213.144626    34.5731 0.0000e+00
    874.000     0.2908   2.935630     0.2908   2.935845    5.77427    -0.0794    13.8155 0.0000e+00  -63.21250  -61.21617 1154402895 213.144640    34.5729 0.0000e+00
    875.000     0.2895   2.935539     0.2899   2.935782    5.77506    -0.0798    13.8155 0.0000e+00  -63.21250  -61.21617 1154402897 213.144657    34.5729 0.0000e+00
    876.000     0.2909   2.935723     0.2912   2.935961    5.77456    -0.0884    13.8155 0.0000e+00  -63.21250  -61.21617 1154402898 213.144674    34.5731 0.0000e+00
    877.000     0.2914   2.935816     0.2916   2.936046    5.77387    -0.0839    13.8155 0.0000e+00  -63.21250  -61.21617 1154402900 213.144689    34.5732 0.0000e+00
    878.000     0.2915   2.935867     0.2917   2.936100    5.77536    -0.1046    13.8155 0.0000e+00  -63.21250  -61.21617 1154402901 213.144702    34.5732 0.0000e+00
    879.000     0.2909   2.935862     0.2910   2.936080    5.77685    -0.0688    13.8155 0.0000e+00  -63.21250  -61.21617 1154402902 213.144716    34.5732 0.0000e+00
    880.000     0.2898   2.935802     0.2899   2.936034    5.77613    -0.0984    13.8155 0.0000e+00  -63.21250  -61.21617 1154402903 213.144731    34.5732 0.0000e+00
    881.000     0.2898   2.935855     0.2899   2.936075    5.77607    -0.0837    13.8155 0.0000e+00  -63.21250  -61.21617 1154402905 213.144746    34.5733 0.0000e+00
    882.000     0.2890   2.935809     0.2891   2.936050    5.77423    -0.1067    13.8155 0.0000e+00  -63.21250  -61.21617 1154402906 213.144758    34.5730 0.0000e+00
    883.000     0.2879   2.935753     0.2881   2.935981    5.77455    -0.0963    13.8155 0.0000e+00  -63.21250  -61.21617 1154402907 213.144769    34.5731 0.0000e+00
    884.000     0.2881   2.935817     0.2881   2.936035    5.77562    -0.1077    13.8155 0.0000e+00  -63.21250  -61.21617 1154402908 213.144780    34.5731 0.0000e+00
    885.000     0.2866   2.935701     0.2865   2.935936    5.77882    -0.0686    13.8155 0.0000e+00  -63.21250  -61.21617 1154402909 213.144793    34.5727 0.0000e+00
    886.000     0.2875   2.935862     0.2880   2.936106    5.78152    -0.0805    13.8155 0.0000e+00  -63.21250  -61.21617 1154402910 213.144812    34.5732 0.0000e+00
    887.000     0.2910   2.936238     0.2912   2.936471    5.78132    -0.0863    13.8155 0.0000e+00  -63.21250  -61.21617 1154402912 213.144828    34.5735 0.0000e+00
    888.000     0.2870   2.935891     0.2871   2.936144    5.78166    -0.0992    13.8155 0.0000e+00  -63.21250  -61.21617 1154402913 213.144840    34.5730 0.0000e+00
    889.000     0.2867   2.935924     0.2864   2.936109    5.78257    -0.0794    13.8155 0.0000e+00  -63.21250  -61.21617 1154402914 213.144852    34.5732 0.0000e+00
    890.000     0.2862   2.935912     0.2859   2.936109    5.78086    -0.0845    13.8155 0.0000e+00  -63.21250  -61.21617 1154402915 213.144867    34.5731 0.0000e+00
    891.000     0.2858   2.935927     0.2857   2.936142    5.78036    -0.0794    13.8155 0.0000e+00  -63.21250  -61.21617 1154402917 213.144884    34.5731 0.0000e+00
    892.000     0.2798   2.935416     0.2796   2.935644    5.78193    -0.0820    13.8155 0.0000e+00  -63.21250  -61.21617 1154402918 213.144899    34.5727 0.0000e+00
    893.000     0.2763   2.935135     0.2763   2.935378    5.78250    -0.0653    13.8155 0.0000e+00  -63.21250  -61.21617 1154402919 213.144911    34.5725 0.0000e+00
    894.000     0.2765   2.935205     0.2769   2.935467    5.78319    -0.0769    13.8155 0.0000e+00  -63.21250  -61.21617 1154402920 213.144923    34.5726 0.0000e+00
    895.000     0.2768   2.935282     0.2770   2.935531    5.78327    -0.0907    13.8155 0.0000e+00  -63.21250  -61.21617 1154402921 213.144935    34.5726 0.0000e+00
    896.000     0.2775   2.935392     0.2777   2.935634    5.78481    -0.0787    13.8155 0.0000e+00  -63.21250  -61.21617 1154402922 213.144947    34.5727 0.0000e+00
    897.000     0.2762   2.935314     0.2763   2.935552    5.78724    -0.0815    13.8155 0.0000e+00  -63.21250  -61.21617 1154402923 213.144961    34.5726 0.0000e+00
    898.000     0.2706   2.934802     0.2701   2.935043    5.79008    -0.0690    13.8155 0.0000e+00  -63.21250  -61.21617 1154402924 213.144977    34.5719 0.0000e+00
    899.000     0.2691   2.934759     0.2696   2.935022    5.78921    -0.0905    13.8155 0.0000e+00  -63.21250  -61.21617 1154402926 213.144993    34.5722 0.0000e+00
    900.000     0.2709   2.934997     0.2706   2.935209    5.78757    -0.0981    13.8155 0.0000e+00  -63.21250  -61.21617 1154402927 213.145007    34.5724 0.0000e+00
    901.000     0.2709   2.935013     0.2696   2.935127    5.78665    -0.0858    13.8155 0.0000e+00  -63.21250  -61.21617 1154402928 213.145019    34.5722 0.0000e+00
    902.000     0.2728   2.935277     0.2759   2.935581    5.78504    -0.0847    13.8155 0.0000e+00  -63.21250  -61.21617 1154402929 213.145032    34.5730 0.0000e+00
    903.000     0.2847   2.936452     0.2848   2.936643    5.78323    -0.0861    13.8155 0.0000e+00  -63.21250  -61.21617 1154402931 213.145048    34.5741 0.0000e+00
    904.000     0.2857   2.936587     0.2859   2.936839    5.78231    -0.0889    13.8155 0.0000e+00  -63.21250  -61.21617 1154402932 213.145067    34.5742 0.0000e+00
    905.000     0.2813   2.936254     0.2815   2.936494    5.78177    -0.0701    13.8155 0.0000e+00  -63.21250  -61.21617 1154402934 213.145081    34.5743 0.0000e+00
    906.000     0.2807   2.936232     0.2809   2.936486    5.78138    -0.0739    13.8155 0.0000e+00  -63.21250  -61.21617 1154402934 213.145092    34.5742 0.0000e+00
    907.000     0.2802   2.936230     0.2803   2.936474    5.78032    -0.0869    13.8155 0.0000e+00  -63.21250  -61.21617 1154402935 213.145102    34.5741 0.0000e+00
    908.000     0.2799   2.936250     0.2799   2.936468    5.78069    -0.0754    13.8155 0.0000e+00  -63.21250  -61.21617 1154402936 213.145113    34.5741 0.0000e+00
    909.000     0.2792   2.936229     0.2793   2.936463    5.78107    -0.0977    13.8155 0.0000e+00  -63.21250  -61.21617 1154402937 213.145126    34.5742 0.0000e+00
    910.000     0.2778   2.936149     0.2778   2.936384    5.78261    -0.0906    13.8155 0.0000e+00  -63.21250  -61.21617 1154402939 213.145143    34.5742 0.0000e+00
    911.000     0.2746   2.935915     0.2758   2.936260    5.78382    -0.0778    13.8155 0.0000e+00  -63.21250  -61.21617 1154402940 213.145158    34.5742 0.0000e+00
    912.000     0.2730   2.935823     0.2734   2.936082    5.78585    -0.0871    13.8155 0.0000e+00  -63.21250  -61.21617 1154402941 213.145171    34.5742 0.0000e+00
    913.000     0.2728   2.935849     0.2729   2.936088    5.78758    -0.0760    13.8155 0.0000e+00  -63.21250  -61.21617 1154402943 213.145185    34.5742 0.0000e+00
    914.000     0.2729   2.935899     0.2730   2.936140    5.78831    -0.0842    13.8155 0.0000e+00  -63.21250  -61.21617 1154402944 213.145199    34.5742 0.0000e+00
    915.000     0.2726   2.935924     0.2727   2.936145    5.78913    -0.0822    13.8155 0.0000e+00  -63.21250  -61.21617 1154402945 213.145213    34.5743 0.0000e+00
    916.000     0.2727   2.935975     0.2729   2.936211    5.78977    -0.0888    13.8155 0.0000e+00  -63.21250  -61.21617 1154402946 213.145227    34.5742 0.0000e+00
    917.000     0.2724   2.935979     0.2726   2.936224    5.78950    -0.0853    13.8155 0.0000e+00  -63.21250  -61.21617 1154402947 213.145242    34.5740 0.0000e+00
    918.000     0.2722   2.936022     0.2724   2.936254    5.78701    -0.0588    13.8155 0.0000e+00  -63.21250  -61.21617 1154402949 213.145259    34.5742 0.0000e+00
    919.000     0.2721   2.936059     0.2726   2.936331    5.78715    -0.0930    13.8155 0.0000e+00  -63.21250  -61.21617 1154402950 213.145272    34.5742 0.0000e+00
    920.000     0.2727   2.936160     0.2729   2.936399    5.78484    -0.0672    13.8155 0.0000e+00  -63.21250  -61.21617 1154402951 213.145283    34.5743 0.0000e+00
    921.000     0.2737   2.936304     0.2739   2.936540    5.78501    -0.0834    13.8155 0.0000e+00  -63.21250  -61.21617 1154402952 213.145293    34.5745 0.0000e+00
    922.000     0.2744   2.936419     0.2747   2.936673    5.78529    -0.0763    13.8155 0.0000e+00  -63.21250  -61.21617 1154402953 213.145303    34.5746 0.0000e+00
    923.000     0.2746   2.936466     0.2746   2.936701    5.78616    -0.0693    13.8155 0.0000e+00  -63.21250  -61.21617 1154402954 213.145317    34.5745 0.0000e+00
    924.000     0.2743   2.936498     0.2746   2.936744    5.78910    -0.0918    13.8155 0.0000e+00  -63.21250  -61.21617 1154402956 213.145339    34.5746 0.0000e+00
    925.000     0.2724   2.936373     0.2723   2.936584    5.79091    -0.0827    13.8155 0.0000e+00  -63.21250  -61.21617 1154402957 213.145356    34.5745 0.0000e+00
    926.000     0.2720   2.936390     0.2724   2.936644    5.79062    -0.0894    13.8155 0.0000e+00  -63.21250  -61.21617 1154402958 213.145368    34.5747 0.0000e+00
    927.000     0.2723   2.936454     0.2731   2.936723    5.78721    -0.1007    13.8155 0.0000e+00  -63.21250  -61.21617 1154402959 213.145379    34.5747 0.0000e+00
    928.000     0.2715   2.936419     0.2717   2.936667    5.78544    -0.0592    13.8155 0.0000e+00  -63.21250  -61.21617 1154402960 213.145389    34.5745 0.0000e+00
    929.000     0.2692   2.936248     0.2700   2.936547    5.78545    -0.0950    13.8155 0.0000e+00  -63.21250  -61.21617 1154402961 213.145402    34.5743 0.0000e+00
    930.000     0.2694   2.936313     0.2702   2.936618    5.78510    -0.0759    13.8155 0.0000e+00  -63.21250  -61.21617 1154402963 213.145417    34.5743 0.0000e+00
    931.000     0.2739   2.936804     0.2750   2.937106    5.78579    -0.0914    13.8155 0.0000e+00  -63.21250  -61.21617 1154402964 213.145433    34.5751 0.0000e+00
    932.000     0.2748   2.936920     0.2749   2.937162    5.78657    -0.0822    13.8155 0.0000e+00  -63.21250  -61.21617 1154402965 213.145447    34.5749 0.0000e+00
    933.000     0.2745   2.936938     0.2750   2.937199    5.78717    -0.0893    13.8155 0.0000e+00  -63.21250  -61.21617 1154402966 213.145461    34.5749 0.0000e+00
    934.000     0.2758   2.937096     0.2759   2.937328    5.78718    -0.0914    13.8155 0.0000e+00  -63.21250  -61.21617 1154402967 213.145474    34.5750 0.0000e+00
    935.000     0.2759   2.937146     0.2760   2.937377    5.78787    -0.0802    13.8155 0.0000e+00  -63.21250  -61.21617 1154402969 213.145487    34.5749 0.0000e+00
    936.000     0.2760   2.937198     0.2761   2.937429    5.78745    -0.0871    13.8155 0.0000e+00  -63.21250  -61.21617 1154402970 213.145501    34.5749 0.0000e+00
    937.000     0.2762   2.937254     0.2763   2.937491    5.78560    -0.0816    13.8155 0.0000e+00  -63.21250  -61.21617 1154402971 213.145515    34.5749 0.0000e+00
    938.000     0.2767   2.937345     0.2768   2.937567    5.78558    -0.0897    13.8155 0.0000e+00  -63.21250  -61.21617 1154402972 213.145529    34.5751 0.0000e+00
    939.000     0.2790   2.937603     0.2798   2.937896    5.78638    -0.0826    13.8155 0.0000e+00  -63.21250  -61.21617 1154402973 213.145542    34.5753 0.0000e+00
    940.000     0.2793   2.937699     0.2802   2.937982    5.78548    -0.0759    13.8155 0.0000e+00  -63.21250  -61.21617 1154402975 213.145556    34.5755 0.0000e+00
    941.000     0.2795   2.937748     0.2811   2.938102    5.78411    -0.0622    13.8155 0.0000e+00  -63.21250  -61.21617 1154402976 213.145570    34.5753 0.0000e+00
    942.000     0.2796   2.937783     0.2794   2.938002    5.78357    -0.0920    13.8155 0.0000e+00  -63.21250  -61.21617 1154402977 213.145582    34.5752 0.0000e+00
    943.000     0.2795   2.937832     0.2796   2.938057    5.78099    -0.1023    13.8155 0.0000e+00  -63.21250  -61.21617 1154402978 213.145593    34.5753 0.0000e+00
    944.000     0.2770   2.937661     0.2771   2.937898    5.78094    -0.1024    13.8155 0.0000e+00  -63.21250  -61.21617 1154402979 213.145605    34.5753 0.0000e+00
    945.000     0.2739   2.937434     0.2742   2.937687    5.78172    -0.0756    13.8155 0.0000e+00  -63.21250  -61.21617 1154402980 213.145621    34.5754 0.0000e+00
    946.000     0.2741   2.937493     0.2744   2.937748    5.78238    -0.0792    13.8155 0.0000e+00  -63.21250  -61.21617 1154402982 213.145640    34.5755 0.0000e+00
    947.000     0.2740   2.937533     0.2740   2.937760    5.78323    -0.0780    13.8155 0.0000e+00  -63.21250  -61.21617 1154402983 213.145654    34.5755 0.0000e+00
    948.000     0.2729   2.937483     0.2733   2.937737    5.78226    -0.0945    13.8155 0.0000e+00  -63.21250  -61.21617 1154402984 213.145667    34.5754 0.0000e+00
    949.000     0.2721   2.937461     0.2722   2.937695    5.78284    -0.1017    13.8155 0.0000e+00  -63.21250  -61.21617 1154402985 213.145678    34.5756 0.0000e+00
    950.000     0.2711   2.937401     0.2714   2.937661    5.78552    -0.0758    13.8155 0.0000e+00  -63.21250  -61.21617 1154402986 213.145690    34.5754 0.0000e+00
    951.000     0.2654   2.936912     0.2663   2.937253    5.78830    -0.0922    13.8155 0.0000e+00  -63.21250  -61.21617 1154402987 213.145705    34.5747 0.0000e+00
    952.000     0.2670   2.937148     0.2672   2.937352    5.78946    -0.0849    13.8155 0.0000e+00  -63.21250  -61.21617 1154402989 213.145720    34.5758 0.0000e+00
    953.000     0.2725   2.937658     0.2734   2.937953    5.79020    -0.0872    13.8155 0.0000e+00  -63.21250  -61.21617 1154402990 213.145733    34.5753 0.0000e+00
    954.000     0.2700   2.937473     0.2707   2.937768    5.79003    -0.1002    13.8155 0.0000e+00  -63.21250  -61.21617 1154402991 213.145745    34.5752 0.0000e+00
    955.000     0.2643   2.937011     0.2647   2.937277    5.79154    -0.0788    13.8155 0.0000e+00  -63.21250  -61.21617 1154402992 213.145757    34.5751 0.0000e+00
    956.000     0.2647   2.937088     0.2638   2.937246    5.79356    -0.0898    13.8155 0.0000e+00  -63.21250  -61.21617 1154402993 213.145770    34.5750 0.0000e+00
    957.000     0.2634   2.937018     0.2637   2.937270    5.79330    -0.0927    13.8155 0.0000e+00  -63.21250  -61.21617 1154402994 213.145784    34.5751 0.0000e+00
    958.000     0.2656   2.937256     0.2666   2.937579    5.79730    -0.0767    13.8155 0.0000e+00  -63.21250  -61.21617 1154402996 213.145799    34.5751 0.0000e+00
    959.000     0.2617   2.936953     0.2636   2.937351    5.79638    -0.0671    13.8155 0.0000e+00  -63.21250  -61.21617 1154402997 213.145814    34.5749 0.0000e+00
    960.000     0.2635   2.937165     0.2653   2.937535    5.79602    -0.0831    13.8155 0.0000e+00  -63.21250  -61.21617 1154402998 213.145829    34.5752 0.0000e+00
    961.000     0.2631   2.937168     0.2631   2.937416    5.79525    -0.0949    13.8155 0.0000e+00  -63.21250  -61.21617 1154402999 213.145843    34.5749 0.0000e+00
    962.000     0.2624   2.937157     0.2625   2.937388    5.79488    -0.0810    13.8155 0.0000e+00  -63.21250  -61.21617 1154403000 213.145855    34.5751 0.0000e+00
    963.000     0.2626   2.937207     0.2626   2.937436    5.79400    -0.0928    13.8155 0.0000e+00  -63.21250  -61.21617 1154403001 213.145867    34.5748 0.0000e+00
    964.000     0.2586   2.936888     0.2584   2.937112    5.79471    -0.0690    13.8155 0.0000e+00  -63.21250  -61.21617 1154403002 213.145879    34.5747 0.0000e+00
