product_data/regression_test/downloaded_data/MDGS/320620060703/ctd/adapted/heads_insert_p6607901.cnv
* Sea-Bird SBE 9 Data File:
* FileName = D:\Data\Raw\P6607901.dat
* Software Version Seasave Win32 V 5.32
* Temperature SN = 1649
* Conductivity SN = 1431
* Number of Bytes Per Scan = 37
* Number of Voltage Words = 5
* Number of Scans Averaged by the Deck Unit = 1
* NMEA Latitude = 62 20.12 S
* NMEA Longitude = 058 03.15 W
* NMEA UTC (Time) = 04:28:55
** Ship:   Nathaniel B. Palmer 
** Cruise:    NBP0603 p0606
** Cast #: 01
** Station:   79
** Operator: 
# nquan = 15
# nvalues = 1401                        
# units = specified
# name 0 = prDM: Pressure, Digiquartz [db]
# name 1 = t090C: Temperature [ITS-90, deg C]
# name 2 = c0S/m: Conductivity [S/m]
# name 3 = t190C: Temperature, 2 [ITS-90, deg C]
# name 4 = c1S/m: Conductivity, 2 [S/m]
# name 5 = sbeox0ML/L: Oxygen, SBE 43 [ml/l]
# name 6 = flECO-AFL: Fluorescence, Wetlab ECO-AFL/FL [mg/m^3]
# name 7 = bat: Beam Attenuation, Chelsea/Seatech/Wetlab CStar [1/m]
# name 8 = spar: SPAR/Surface Irradiance
# name 9 = latitude: Latitude [deg]
# name 10 = longitude: Longitude [deg]
# name 11 = timeY: Time, System [seconds]
# name 12 = timeJ: Julian Days
# name 13 = sal00: Salinity [PSU]
# name 14 = flag: flag
# span 0 =      1.000,   1401.000       
# span 1 =    -1.6719,    -0.3334       
# span 2 =   2.702778,   2.856999       
# span 3 =    -1.6716,    -0.3346       
# span 4 =   2.703248,   2.857184       
# span 5 =    6.33186,    7.95219       
# span 6 =    -0.1496,     0.2388       
# span 7 =    13.8155,    13.8155       
# span 8 = -4.993e-02, 1.7265e+00       
# span 9 =  -62.33533,  -62.33533       
# span 10 =  -58.05250,  -58.05250      
# span 11 = 1152419340, 1152421267      
# span 12 = 190.186810, 190.209132      
# span 13 =    34.1784,    34.5395      
# span 14 = 0.0000e+00, 0.0000e+00      
# interval = decibars: 1                
# start_time = Jul 09 2006 04:29:03
# bad_flag = -9.990e-29
*END*
[from data line 868]
    868.000    -0.8448   2.836183    -0.8448   2.836411    6.52348    -0.1193    13.8155 0.0000e+00  -62.33533  -58.05250 1152420542 190.200735    34.5358 0.0000e+00
    869.000    -0.8512   2.835666    -0.8503   2.835969    6.52734    -0.1183    13.8155 0.0000e+00  -62.33533  -58.05250 1152420543 190.200750    34.5356 0.0000e+00
    870.000    -0.8408   2.836719    -0.8391   2.836993    6.52659    -0.1118    13.8155 0.0000e+00  -62.33533  -58.05250 1152420544 190.200763    34.5365 0.0000e+00
    871.000    -0.8150   2.839071    -0.8143   2.839296    6.52414    -0.1347    13.8155 0.0000e+00  -62.33533  -58.05250 1152420545 190.200776    34.5378 0.0000e+00
    872.000    -0.8145   2.839164    -0.8150   2.839314    6.51906    -0.1214    13.8155 0.0000e+00  -62.33533  -58.05250 1152420546 190.200789    34.5381 0.0000e+00
    873.000    -0.8096   2.839677    -0.8094   2.839883    6.51399    -0.1248    13.8155 0.0000e+00  -62.33533  -58.05250 1152420548 190.200805    34.5388 0.0000e+00
    874.000    -0.8105   2.839647    -0.8104   2.839848    6.51202    -0.1309    13.8155 0.0000e+00  -62.33533  -58.05250 1152420549 190.200821    34.5387 0.0000e+00
    875.000    -0.8168   2.839105    -0.8166   2.839336    6.50873    -0.1138    13.8155 0.0000e+00  -62.33533  -58.05250 1152420551 190.200836    34.5384 0.0000e+00
    876.000    -0.8190   2.838940    -0.8192   2.839156    6.51185    -0.1200    13.8155 0.0000e+00  -62.33533  -58.05250 1152420552 190.200851    34.5382 0.0000e+00
    877.000    -0.8281   2.838174    -0.8285   2.838351    6.51311    -0.1254    13.8155 0.0000e+00  -62.33533  -58.05250 1152420553 190.200869    34.5379 0.0000e+00
    878.000    -0.8254   2.838471    -0.8249   2.838720    6.51619    -0.1248    13.8155 0.0000e+00  -62.33533  -58.05250 1152420555 190.200888    34.5381 0.0000e+00
    879.000    -0.8354   2.837571    -0.8376   2.837655    6.51826    -0.1219    13.8155 0.0000e+00  -62.33533  -58.05250 1152420556 190.200900    34.5370 0.0000e+00
    880.000    -0.8379   2.837429    -0.8371   2.837714    6.51935    -0.1239    13.8155 0.0000e+00  -62.33533  -58.05250 1152420557 190.200911    34.5376 0.0000e+00
    881.000    -0.8380   2.837454    -0.8399   2.837504    6.52210    -0.1261    13.8155 0.0000e+00  -62.33533  -58.05250 1152420558 190.200923    34.5371 0.0000e+00
    882.000    -0.8402   2.837300    -0.8400   2.837524    6.52575    -0.1269    13.8155 0.0000e+00  -62.33533  -58.05250 1152420559 190.200938    34.5371 0.0000e+00
    883.000    -0.8433   2.837060    -0.8421   2.837391    6.52937    -0.1255    13.8155 0.0000e+00  -62.33533  -58.05250 1152420561 190.200957    34.5367 0.0000e+00
    884.000    -0.8488   2.836626    -0.8482   2.836892    6.53458    -0.1226    13.8155 0.0000e+00  -62.33533  -58.05250 1152420563 190.200977    34.5367 0.0000e+00
    885.000    -0.8493   2.836627    -0.8491   2.836862    6.53682    -0.1185    13.8155 0.0000e+00  -62.33533  -58.05250 1152420564 190.200996    34.5367 0.0000e+00
    886.000    -0.8478   2.836830    -0.8472   2.837073    6.53701    -0.1308    13.8155 0.0000e+00  -62.33533  -58.05250 1152420566 190.201010    34.5369 0.0000e+00
    887.000    -0.8428   2.837346    -0.8426   2.837561    6.53785    -0.1293    13.8155 0.0000e+00  -62.33533  -58.05250 1152420567 190.201021    34.5376 0.0000e+00
    888.000    -0.8404   2.837615    -0.8400   2.837854    6.53703    -0.1225    13.8155 0.0000e+00  -62.33533  -58.05250 1152420567 190.201032    34.5377 0.0000e+00
    889.000    -0.8401   2.837697    -0.8397   2.837939    6.53475    -0.1090    13.8155 0.0000e+00  -62.33533  -58.05250 1152420569 190.201044    34.5378 0.0000e+00
    890.000    -0.8391   2.837830    -0.8388   2.838055    6.53483    -0.1230    13.8155 0.0000e+00  -62.33533  -58.05250 1152420570 190.201063    34.5379 0.0000e+00
    891.000    -0.8395   2.837837    -0.8393   2.838064    6.53440    -0.1078    13.8155 0.0000e+00  -62.33533  -58.05250 1152420572 190.201081    34.5378 0.0000e+00
    892.000    -0.8409   2.837756    -0.8409   2.837975    6.53433    -0.1164    13.8155 0.0000e+00  -62.33533  -58.05250 1152420573 190.201095    34.5377 0.0000e+00
    893.000    -0.8445   2.837470    -0.8445   2.837691    6.53266    -0.1312    13.8155 0.0000e+00  -62.33533  -58.05250 1152420574 190.201110    34.5376 0.0000e+00
    894.000    -0.8455   2.837430    -0.8454   2.837657    6.53414    -0.1283    13.8155 0.0000e+00  -62.33533  -58.05250 1152420576 190.201125    34.5376 0.0000e+00
    895.000    -0.8491   2.837143    -0.8488   2.837413    6.53595    -0.1201    13.8155 0.0000e+00  -62.33533  -58.05250 1152420577 190.201139    34.5373 0.0000e+00
    896.000    -0.8497   2.837151    -0.8494   2.837394    6.53697    -0.1075    13.8155 0.0000e+00  -62.33533  -58.05250 1152420578 190.201152    34.5374 0.0000e+00
    897.000    -0.8518   2.837000    -0.8516   2.837245    6.53798    -0.1312    13.8155 0.0000e+00  -62.33533  -58.05250 1152420579 190.201164    34.5372 0.0000e+00
    898.000    -0.8529   2.836944    -0.8527   2.837179    6.53906    -0.1143    13.8155 0.0000e+00  -62.33533  -58.05250 1152420580 190.201181    34.5371 0.0000e+00
    899.000    -0.8529   2.836992    -0.8527   2.837222    6.54173    -0.1231    13.8155 0.0000e+00  -62.33533  -58.05250 1152420582 190.201203    34.5371 0.0000e+00
    900.000    -0.8529   2.837042    -0.8526   2.837274    6.54147    -0.1384    13.8155 0.0000e+00  -62.33533  -58.05250 1152420584 190.201218    34.5372 0.0000e+00
    901.000    -0.8501   2.837369    -0.8497   2.837596    6.54015    -0.1315    13.8155 0.0000e+00  -62.33533  -58.05250 1152420585 190.201229    34.5378 0.0000e+00
    902.000    -0.8495   2.837455    -0.8494   2.837680    6.54088    -0.1145    13.8155 0.0000e+00  -62.33533  -58.05250 1152420586 190.201240    34.5376 0.0000e+00
    903.000    -0.8557   2.836933    -0.8554   2.837180    6.54474    -0.1337    13.8155 0.0000e+00  -62.33533  -58.05250 1152420587 190.201254    34.5372 0.0000e+00
    904.000    -0.8629   2.836346    -0.8626   2.836597    6.54750    -0.1147    13.8155 0.0000e+00  -62.33533  -58.05250 1152420588 190.201270    34.5370 0.0000e+00
    905.000    -0.8659   2.836117    -0.8655   2.836371    6.54715    -0.1244    13.8155 0.0000e+00  -62.33533  -58.05250 1152420589 190.201285    34.5368 0.0000e+00
    906.000    -0.8650   2.836239    -0.8657   2.836414    6.54862    -0.1232    13.8155 0.0000e+00  -62.33533  -58.05250 1152420591 190.201299    34.5368 0.0000e+00
    907.000    -0.8683   2.836004    -0.8683   2.836207    6.55146    -0.1193    13.8155 0.0000e+00  -62.33533  -58.05250 1152420592 190.201320    34.5368 0.0000e+00
    908.000    -0.8640   2.836440    -0.8648   2.836582    6.55760    -0.1182    13.8155 0.0000e+00  -62.33533  -58.05250 1152420594 190.201341    34.5370 0.0000e+00
    909.000    -0.8659   2.836319    -0.8659   2.836525    6.55861    -0.1200    13.8155 0.0000e+00  -62.33533  -58.05250 1152420595 190.201352    34.5369 0.0000e+00
    910.000    -0.8664   2.836328    -0.8664   2.836525    6.55953    -0.1311    13.8155 0.0000e+00  -62.33533  -58.05250 1152420596 190.201362    34.5370 0.0000e+00
    911.000    -0.8662   2.836359    -0.8667   2.836529    6.55998    -0.1107    13.8155 0.0000e+00  -62.33533  -58.05250 1152420597 190.201372    34.5367 0.0000e+00
    912.000    -0.8672   2.836317    -0.8669   2.836573    6.56058    -0.1147    13.8155 0.0000e+00  -62.33533  -58.05250 1152420598 190.201384    34.5367 0.0000e+00
    913.000    -0.8735   2.835880    -0.8732   2.836082    6.56051    -0.1217    13.8155 0.0000e+00  -62.33533  -58.05250 1152420600 190.201404    34.5366 0.0000e+00
    914.000    -0.8739   2.835825    -0.8735   2.836087    6.56159    -0.1271    13.8155 0.0000e+00  -62.33533  -58.05250 1152420601 190.201421    34.5366 0.0000e+00
    915.000    -0.8736   2.835911    -0.8735   2.836125    6.56317    -0.1263    13.8155 0.0000e+00  -62.33533  -58.05250 1152420603 190.201438    34.5367 0.0000e+00
    916.000    -0.8735   2.835959    -0.8732   2.836197    6.56657    -0.1162    13.8155 0.0000e+00  -62.33533  -58.05250 1152420605 190.201460    34.5366 0.0000e+00
    917.000    -0.8779   2.835598    -0.8786   2.835792    6.56920    -0.1271    13.8155 0.0000e+00  -62.33533  -58.05250 1152420606 190.201476    34.5362 0.0000e+00
    918.000    -0.8826   2.835239    -0.8831   2.835431    6.57029    -0.1346    13.8155 0.0000e+00  -62.33533  -58.05250 1152420607 190.201487    34.5363 0.0000e+00
    919.000    -0.8842   2.835146    -0.8840   2.835384    6.56944    -0.1126    13.8155 0.0000e+00  -62.33533  -58.05250 1152420608 190.201496    34.5362 0.0000e+00
    920.000    -0.8846   2.835145    -0.8845   2.835377    6.57131    -0.1231    13.8155 0.0000e+00  -62.33533  -58.05250 1152420608 190.201505    34.5361 0.0000e+00
    921.000    -0.8859   2.835073    -0.8858   2.835306    6.57432    -0.1234    13.8155 0.0000e+00  -62.33533  -58.05250 1152420609 190.201516    34.5361 0.0000e+00
    922.000    -0.8843   2.835278    -0.8848   2.835451    6.57766    -0.1202    13.8155 0.0000e+00  -62.33533  -58.05250 1152420613 190.201554    34.5362 0.0000e+00
    923.000    -0.8850   2.835265    -0.8851   2.835468    6.57541    -0.1081    13.8155 0.0000e+00  -62.33533  -58.05250 1152420614 190.201569    34.5362 0.0000e+00
    924.000    -0.8856   2.835255    -0.8853   2.835491    6.57478    -0.1154    13.8155 0.0000e+00  -62.33533  -58.05250 1152420615 190.201579    34.5361 0.0000e+00
    925.000    -0.8851   2.835340    -0.8850   2.835555    6.57478    -0.1255    13.8155 0.0000e+00  -62.33533  -58.05250 1152420616 190.201589    34.5362 0.0000e+00
    926.000    -0.8858   2.835321    -0.8852   2.835580    6.57265    -0.1361    13.8155 0.0000e+00  -62.33533  -58.05250 1152420616 190.201599    34.5361 0.0000e+00
    927.000    -0.8855   2.835390    -0.8853   2.835627    6.57084    -0.1245    13.8155 0.0000e+00  -62.33533  -58.05250 1152420618 190.201617    34.5360 0.0000e+00
    928.000    -0.8851   2.835470    -0.8848   2.835709    6.57197    -0.1263    13.8155 0.0000e+00  -62.33533  -58.05250 1152420620 190.201636    34.5361 0.0000e+00
    929.000    -0.8840   2.835625    -0.8836   2.835861    6.57184    -0.1267    13.8155 0.0000e+00  -62.33533  -58.05250 1152420621 190.201651    34.5362 0.0000e+00
    930.000    -0.8843   2.835631    -0.8842   2.835851    6.57258    -0.1228    13.8155 0.0000e+00  -62.33533  -58.05250 1152420622 190.201668    34.5361 0.0000e+00
    931.000    -0.8862   2.835506    -0.8861   2.835741    6.57297    -0.1268    13.8155 0.0000e+00  -62.33533  -58.05250 1152420624 190.201688    34.5361 0.0000e+00
    932.000    -0.8865   2.835531    -0.8866   2.835741    6.57429    -0.1253    13.8155 0.0000e+00  -62.33533  -58.05250 1152420625 190.201702    34.5361 0.0000e+00
    933.000    -0.8873   2.835507    -0.8871   2.835745    6.57624    -0.1222    13.8155 0.0000e+00  -62.33533  -58.05250 1152420627 190.201715    34.5361 0.0000e+00
    934.000    -0.8885   2.835454    -0.8883   2.835691    6.57779    -0.1168    13.8155 0.0000e+00  -62.33533  -58.05250 1152420628 190.201730    34.5362 0.0000e+00
    935.000    -0.8883   2.835516    -0.8887   2.835695    6.57876    -0.1175    13.8155 0.0000e+00  -62.33533  -58.05250 1152420629 190.201747    34.5363 0.0000e+00
    936.000    -0.8886   2.835535    -0.8884   2.835764    6.58016    -0.1107    13.8155 0.0000e+00  -62.33533  -58.05250 1152420631 190.201761    34.5362 0.0000e+00
    937.000    -0.8877   2.835657    -0.8871   2.835916    6.57786    -0.1127    13.8155 0.0000e+00  -62.33533  -58.05250 1152420632 190.201774    34.5363 0.0000e+00
    938.000    -0.8857   2.835868    -0.8858   2.836084    6.57762    -0.1265    13.8155 0.0000e+00  -62.33533  -58.05250 1152420633 190.201789    34.5362 0.0000e+00
    939.000    -0.8882   2.835701    -0.8882   2.835926    6.57882    -0.1085    13.8155 0.0000e+00  -62.33533  -58.05250 1152420634 190.201805    34.5362 0.0000e+00
    940.000    -0.8946   2.835177    -0.8946   2.835408    6.58154    -0.1281    13.8155 0.0000e+00  -62.33533  -58.05250 1152420636 190.201820    34.5360 0.0000e+00
    941.000    -0.8960   2.835100    -0.8959   2.835327    6.58529    -0.1213    13.8155 0.0000e+00  -62.33533  -58.05250 1152420637 190.201833    34.5360 0.0000e+00
    942.000    -0.8958   2.835158    -0.8959   2.835368    6.58634    -0.1173    13.8155 0.0000e+00  -62.33533  -58.05250 1152420638 190.201848    34.5360 0.0000e+00
    943.000    -0.8974   2.835062    -0.8975   2.835273    6.58837    -0.1216    13.8155 0.0000e+00  -62.33533  -58.05250 1152420640 190.201872    34.5358 0.0000e+00
    944.000    -0.9013   2.834776    -0.9012   2.835006    6.59061    -0.1152    13.8155 0.0000e+00  -62.33533  -58.05250 1152420642 190.201890    34.5360 0.0000e+00
    945.000    -0.9016   2.834790    -0.9016   2.835015    6.59180    -0.1192    13.8155 0.0000e+00  -62.33533  -58.05250 1152420643 190.201902    34.5359 0.0000e+00
    946.000    -0.9031   2.834706    -0.9033   2.834936    6.59240    -0.1224    13.8155 0.0000e+00  -62.33533  -58.05250 1152420644 190.201913    34.5359 0.0000e+00
    947.000    -0.9036   2.834718    -0.9035   2.834946    6.59271    -0.1306    13.8155 0.0000e+00  -62.33533  -58.05250 1152420645 190.201924    34.5359 0.0000e+00
    948.000    -0.9043   2.834689    -0.9042   2.834923    6.59238    -0.1228    13.8155 0.0000e+00  -62.33533  -58.05250 1152420646 190.201936    34.5358 0.0000e+00
    949.000    -0.9055   2.834633    -0.9053   2.834870    6.59168    -0.1338    13.8155 0.0000e+00  -62.33533  -58.05250 1152420647 190.201952    34.5358 0.0000e+00
    950.000    -0.9061   2.834629    -0.9062   2.834836    6.59296    -0.1217    13.8155 0.0000e+00  -62.33533  -58.05250 1152420649 190.201973    34.5358 0.0000e+00
    951.000    -0.9066   2.834629    -0.9063   2.834869    6.59748    -0.1300    13.8155 0.0000e+00  -62.33533  -58.05250 1152420651 190.201995    34.5358 0.0000e+00
    952.000    -0.9072   2.834622    -0.9070   2.834856    6.59802    -0.1242    13.8155 0.0000e+00  -62.33533  -58.05250 1152420652 190.202011    34.5358 0.0000e+00
    953.000    -0.9090   2.834498    -0.9091   2.834731    6.59937    -0.1140    13.8155 0.0000e+00  -62.33533  -58.05250 1152420653 190.202025    34.5356 0.0000e+00
    954.000    -0.9101   2.834459    -0.9099   2.834689    6.60053    -0.1200    13.8155 0.0000e+00  -62.33533  -58.05250 1152420654 190.202039    34.5357 0.0000e+00
    955.000    -0.9104   2.834475    -0.9103   2.834706    6.60108    -0.1110    13.8155 0.0000e+00  -62.33533  -58.05250 1152420656 190.202052    34.5357 0.0000e+00
    956.000    -0.9109   2.834483    -0.9108   2.834713    6.60180    -0.1188    13.8155 0.0000e+00  -62.33533  -58.05250 1152420657 190.202065    34.5357 0.0000e+00
    957.000    -0.9114   2.834478    -0.9114   2.834706    6.60177    -0.1168    13.8155 0.0000e+00  -62.33533  -58.05250 1152420658 190.202080    34.5357 0.0000e+00
    958.000    -0.9120   2.834482    -0.9117   2.834713    6.59984    -0.1245    13.8155 0.0000e+00  -62.33533  -58.05250 1152420660 190.202099    34.5358 0.0000e+00
    959.000    -0.9119   2.834540    -0.9117   2.834772    6.59960    -0.1214    13.8155 0.0000e+00  -62.33533  -58.05250 1152420661 190.202116    34.5358 0.0000e+00
    960.000    -0.9120   2.834564    -0.9118   2.834814    6.60048    -0.1145    13.8155 0.0000e+00  -62.33533  -58.05250 1152420662 190.202131    34.5356 0.0000e+00
    961.000    -0.9135   2.834494    -0.9133   2.834725    6.60159    -0.1165    13.8155 0.0000e+00  -62.33533  -58.05250 1152420664 190.202146    34.5359 0.0000e+00
    962.000    -0.9145   2.834447    -0.9145   2.834670    6.60350    -0.1283    13.8155 0.0000e+00  -62.33533  -58.05250 1152420666 190.202168    34.5358 0.0000e+00
