product_data/regression_test/downloaded_data/MDGS/320620060703/ctd/adapted/heads_insert_p6622101.cnv
* Sea-Bird SBE 9 Data File:
* FileName = D:\Data\Raw\p6622101.dat
* Software Version Seasave Win32 V 5.32
* Temperature SN = 1649
* Conductivity SN = 1431
* Number of Bytes Per Scan = 37
* Number of Voltage Words = 5
* Number of Scans Averaged by the Deck Unit = 1
* NMEA Latitude = 62 37.28 S
* NMEA Longitude = 057 52.53 W
* NMEA UTC (Time) = 09:18:39
** Ship:   Nathaniel B. Palmer 
** Cruise:    NBP0606 
# nquan = 15
# nvalues = 1201                        
# units = specified
# name 0 = prDM: Pressure, Digiquartz [db]
# name 1 = t090C: Temperature [ITS-90, deg C]
# name 2 = c0S/m: Conductivity [S/m]
# name 3 = t190C: Temperature, 2 [ITS-90, deg C]
# name 4 = c1S/m: Conductivity, 2 [S/m]
# name 5 = sbeox0ML/L: Oxygen, SBE 43 [ml/l]
# name 6 = flECO-AFL: Fluorescence, Wetlab ECO-AFL/FL [mg/m^3]
# name 7 = bat: Beam Attenuation, Chelsea/Seatech/Wetlab CStar [1/m]
# name 8 = spar: SPAR/Surface Irradiance
# name 9 = latitude: Latitude [deg]
# name 10 = longitude: Longitude [deg]
# name 11 = timeY: Time, System [seconds]
# name 12 = timeJ: Julian Days
# name 13 = sal00: Salinity [PSU]
# name 14 = flag: flag
# span 0 =      9.000,   1209.000       
# span 1 =    -1.8255,    -0.4483       
# span 2 =   2.698509,   2.845137       
# span 3 =    -1.8269,    -0.4471       
# span 4 =   2.699189,   2.845348       
# span 5 =    6.37681,    7.77985       
# span 6 =    -0.1362,     0.0739       
# span 7 =    13.8155,    13.8155       
# span 8 = 0.0000e+00, 0.0000e+00       
# span 9 =  -62.62133,  -62.62133       
# span 10 =  -57.87550,  -57.87550      
# span 11 = 1154596792, 1154598519      
# span 12 = 215.388804, 215.408796      
# span 13 =    34.2989,    34.5387      
# span 14 = 0.0000e+00, 0.0000e+00      
# interval = decibars: 1                
# start_time = Aug 03 2006 09:19:19
# bad_flag = -9.990e-29
*END*
[from data line 97]
    105.000    -1.7503   2.710885    -1.7509   2.711197    7.69165     0.0522    13.8155 0.0000e+00  -62.62133  -57.87550 1154597020 215.391456    34.3230 0.0000e+00
    106.000    -1.7585   2.710444    -1.7581   2.710766    7.69555     0.0532    13.8155 0.0000e+00  -62.62133  -57.87550 1154597022 215.391474    34.3264 0.0000e+00
    107.000    -1.7350   2.712717    -1.7329   2.713091    7.69194     0.0360    13.8155 0.0000e+00  -62.62133  -57.87550 1154597024 215.391491    34.3297 0.0000e+00
    108.000    -1.7047   2.715418    -1.7030   2.715772    7.68454     0.0232    13.8155 0.0000e+00  -62.62133  -57.87550 1154597025 215.391508    34.3308 0.0000e+00
    109.000    -1.6971   2.716095    -1.6954   2.716500    7.67936     0.0207    13.8155 0.0000e+00  -62.62133  -57.87550 1154597026 215.391524    34.3307 0.0000e+00
    110.000    -1.6978   2.716083    -1.6965   2.716456    7.67544     0.0239    13.8155 0.0000e+00  -62.62133  -57.87550 1154597028 215.391540    34.3310 0.0000e+00
    111.000    -1.6984   2.716083    -1.6975   2.716441    7.67311     0.0260    13.8155 0.0000e+00  -62.62133  -57.87550 1154597029 215.391556    34.3312 0.0000e+00
    112.000    -1.7001   2.715961    -1.6978   2.716441    7.67474     0.0450    13.8155 0.0000e+00  -62.62133  -57.87550 1154597030 215.391572    34.3312 0.0000e+00
    113.000    -1.6995   2.716051    -1.6985   2.716429    7.67363     0.0427    13.8155 0.0000e+00  -62.62133  -57.87550 1154597032 215.391587    34.3313 0.0000e+00
    114.000    -1.6973   2.716326    -1.6972   2.716618    7.66791     0.0274    13.8155 0.0000e+00  -62.62133  -57.87550 1154597033 215.391602    34.3320 0.0000e+00
    115.000    -1.6927   2.716797    -1.6913   2.717207    7.67327     0.0283    13.8155 0.0000e+00  -62.62133  -57.87550 1154597034 215.391616    34.3324 0.0000e+00
    116.000    -1.7104   2.715437    -1.7109   2.715746    7.67360     0.0540    13.8155 0.0000e+00  -62.62133  -57.87550 1154597036 215.391630    34.3340 0.0000e+00
    117.000    -1.7148   2.715146    -1.7155   2.715404    7.67343     0.0183    13.8155 0.0000e+00  -62.62133  -57.87550 1154597037 215.391645    34.3346 0.0000e+00
    118.000    -1.7242   2.714382    -1.7293   2.714356    7.67864     0.0258    13.8155 0.0000e+00  -62.62133  -57.87550 1154597038 215.391660    34.3344 0.0000e+00
    119.000    -1.7437   2.712814    -1.7437   2.713144    7.68329     0.0307    13.8155 0.0000e+00  -62.62133  -57.87550 1154597039 215.391675    34.3351 0.0000e+00
    120.000    -1.7502   2.712334    -1.7497   2.712701    7.68789     0.0230    13.8155 0.0000e+00  -62.62133  -57.87550 1154597041 215.391690    34.3353 0.0000e+00
    121.000    -1.7517   2.712271    -1.7510   2.712661    7.69905     0.0228    13.8155 0.0000e+00  -62.62133  -57.87550 1154597042 215.391704    34.3356 0.0000e+00
    122.000    -1.7632   2.711371    -1.7624   2.711771    7.70928     0.0280    13.8155 0.0000e+00  -62.62133  -57.87550 1154597043 215.391719    34.3359 0.0000e+00
    123.000    -1.7673   2.711087    -1.7673   2.711429    7.71965     0.0349    13.8155 0.0000e+00  -62.62133  -57.87550 1154597044 215.391733    34.3359 0.0000e+00
    124.000    -1.7730   2.710675    -1.7726   2.711028    7.72632     0.0169    13.8155 0.0000e+00  -62.62133  -57.87550 1154597046 215.391749    34.3361 0.0000e+00
    125.000    -1.7735   2.710725    -1.7722   2.711127    7.72849     0.0175    13.8155 0.0000e+00  -62.62133  -57.87550 1154597047 215.391764    34.3366 0.0000e+00
    126.000    -1.7729   2.710831    -1.7723   2.711177    7.72812     0.0413    13.8155 0.0000e+00  -62.62133  -57.87550 1154597048 215.391780    34.3366 0.0000e+00
    127.000    -1.7734   2.710827    -1.7730   2.711174    7.72901     0.0546    13.8155 0.0000e+00  -62.62133  -57.87550 1154597050 215.391794    34.3364 0.0000e+00
    128.000    -1.7744   2.710816    -1.7737   2.711163    7.72758     0.0518    13.8155 0.0000e+00  -62.62133  -57.87550 1154597051 215.391808    34.3366 0.0000e+00
    129.000    -1.7728   2.710997    -1.7721   2.711355    7.72853     0.0269    13.8155 0.0000e+00  -62.62133  -57.87550 1154597052 215.391823    34.3366 0.0000e+00
    130.000    -1.7731   2.711030    -1.7722   2.711397    7.72940     0.0247    13.8155 0.0000e+00  -62.62133  -57.87550 1154597053 215.391837    34.3367 0.0000e+00
    131.000    -1.7721   2.711192    -1.7713   2.711530    7.73041     0.0206    13.8155 0.0000e+00  -62.62133  -57.87550 1154597055 215.391852    34.3369 0.0000e+00
    132.000    -1.7710   2.711330    -1.7700   2.711700    7.72971     0.0196    13.8155 0.0000e+00  -62.62133  -57.87550 1154597056 215.391866    34.3370 0.0000e+00
    133.000    -1.7703   2.711441    -1.7698   2.711779    7.73182     0.0251    13.8155 0.0000e+00  -62.62133  -57.87550 1154597057 215.391881    34.3370 0.0000e+00
    134.000    -1.7704   2.711470    -1.7696   2.711823    7.73313     0.0349    13.8155 0.0000e+00  -62.62133  -57.87550 1154597058 215.391896    34.3372 0.0000e+00
    135.000    -1.7701   2.711556    -1.7693   2.711913    7.73509     0.0333    13.8155 0.0000e+00  -62.62133  -57.87550 1154597060 215.391910    34.3371 0.0000e+00
    136.000    -1.7701   2.711604    -1.7692   2.711968    7.73747     0.0266    13.8155 0.0000e+00  -62.62133  -57.87550 1154597061 215.391925    34.3371 0.0000e+00
    137.000    -1.7703   2.711639    -1.7697   2.711981    7.74093     0.0129    13.8155 0.0000e+00  -62.62133  -57.87550 1154597062 215.391940    34.3371 0.0000e+00
    138.000    -1.7714   2.711593    -1.7703   2.711964    7.73991     0.0577    13.8155 0.0000e+00  -62.62133  -57.87550 1154597064 215.391956    34.3371 0.0000e+00
    139.000    -1.7745   2.711359    -1.7755   2.711601    7.73962     0.0499    13.8155 0.0000e+00  -62.62133  -57.87550 1154597065 215.391971    34.3371 0.0000e+00
    140.000    -1.7946   2.709687    -1.7978   2.709859    7.74512     0.0294    13.8155 0.0000e+00  -62.62133  -57.87550 1154597066 215.391986    34.3370 0.0000e+00
    141.000    -1.8184   2.707939    -1.8177   2.708324    7.75513     0.0407    13.8155 0.0000e+00  -62.62133  -57.87550 1154597068 215.392001    34.3401 0.0000e+00
    142.000    -1.8189   2.707945    -1.8181   2.708314    7.76425    -0.0018    13.8155 0.0000e+00  -62.62133  -57.87550 1154597069 215.392016    34.3399 0.0000e+00
    143.000    -1.8191   2.707978    -1.8184   2.708348    7.76975     0.0255    13.8155 0.0000e+00  -62.62133  -57.87550 1154597070 215.392030    34.3397 0.0000e+00
    144.000    -1.8194   2.708012    -1.8186   2.708378    7.77419     0.0214    13.8155 0.0000e+00  -62.62133  -57.87550 1154597071 215.392045    34.3397 0.0000e+00
    145.000    -1.8197   2.708044    -1.8188   2.708409    7.77535     0.0453    13.8155 0.0000e+00  -62.62133  -57.87550 1154597073 215.392060    34.3397 0.0000e+00
    146.000    -1.8189   2.708187    -1.8180   2.708548    7.77563     0.0739    13.8155 0.0000e+00  -62.62133  -57.87550 1154597074 215.392074    34.3401 0.0000e+00
    147.000    -1.8188   2.708255    -1.8179   2.708612    7.77593     0.0366    13.8155 0.0000e+00  -62.62133  -57.87550 1154597075 215.392089    34.3400 0.0000e+00
    148.000    -1.8187   2.708306    -1.8179   2.708660    7.77778     0.0124    13.8155 0.0000e+00  -62.62133  -57.87550 1154597077 215.392105    34.3399 0.0000e+00
    149.000    -1.8187   2.708352    -1.8180   2.708695    7.77763     0.0415    13.8155 0.0000e+00  -62.62133  -57.87550 1154597078 215.392120    34.3400 0.0000e+00
    150.000    -1.8186   2.708412    -1.8176   2.708781    7.77577     0.0557    13.8155 0.0000e+00  -62.62133  -57.87550 1154597079 215.392136    34.3399 0.0000e+00
    151.000    -1.8188   2.708459    -1.8179   2.708807    7.77467     0.0419    13.8155 0.0000e+00  -62.62133  -57.87550 1154597081 215.392150    34.3401 0.0000e+00
    152.000    -1.8188   2.708494    -1.8179   2.708845    7.77506     0.0604    13.8155 0.0000e+00  -62.62133  -57.87550 1154597082 215.392165    34.3399 0.0000e+00
    153.000    -1.8185   2.708566    -1.8179   2.708898    7.77488     0.0426    13.8155 0.0000e+00  -62.62133  -57.87550 1154597083 215.392180    34.3400 0.0000e+00
    154.000    -1.8182   2.708656    -1.8173   2.708995    7.77453     0.0270    13.8155 0.0000e+00  -62.62133  -57.87550 1154597084 215.392195    34.3401 0.0000e+00
    155.000    -1.8179   2.708726    -1.8173   2.709044    7.77609     0.0356    13.8155 0.0000e+00  -62.62133  -57.87550 1154597086 215.392210    34.3401 0.0000e+00
    156.000    -1.8182   2.708744    -1.8173   2.709091    7.77498     0.0254    13.8155 0.0000e+00  -62.62133  -57.87550 1154597087 215.392225    34.3401 0.0000e+00
    157.000    -1.8169   2.708921    -1.8153   2.709321    7.77396     0.0256    13.8155 0.0000e+00  -62.62133  -57.87550 1154597088 215.392239    34.3405 0.0000e+00
    158.000    -1.8120   2.709405    -1.8112   2.709753    7.77064     0.0449    13.8155 0.0000e+00  -62.62133  -57.87550 1154597089 215.392253    34.3407 0.0000e+00
    159.000    -1.8115   2.709511    -1.8099   2.709914    7.77161     0.0432    13.8155 0.0000e+00  -62.62133  -57.87550 1154597091 215.392267    34.3409 0.0000e+00
    160.000    -1.8110   2.709586    -1.8057   2.710333    7.77054     0.0471    13.8155 0.0000e+00  -62.62133  -57.87550 1154597092 215.392281    34.3407 0.0000e+00
    161.000    -1.8027   2.710399    -1.8007   2.710808    7.76623     0.0319    13.8155 0.0000e+00  -62.62133  -57.87550 1154597093 215.392297    34.3418 0.0000e+00
    162.000    -1.7995   2.710722    -1.7983   2.711081    7.76188     0.0323    13.8155 0.0000e+00  -62.62133  -57.87550 1154597095 215.392313    34.3417 0.0000e+00
    163.000    -1.7969   2.711001    -1.7965   2.711283    7.75718     0.0307    13.8155 0.0000e+00  -62.62133  -57.87550 1154597096 215.392328    34.3419 0.0000e+00
    164.000    -1.7942   2.711292    -1.7934   2.711603    7.75550     0.0458    13.8155 0.0000e+00  -62.62133  -57.87550 1154597097 215.392343    34.3422 0.0000e+00
    165.000    -1.7897   2.711751    -1.7897   2.711960    7.75349     0.0186    13.8155 0.0000e+00  -62.62133  -57.87550 1154597098 215.392357    34.3427 0.0000e+00
    166.000    -1.7883   2.711896    -1.7874   2.712209    7.74669     0.0051    13.8155 0.0000e+00  -62.62133  -57.87550 1154597100 215.392371    34.3425 0.0000e+00
    167.000    -1.7828   2.712435    -1.7820   2.712732    7.73837     0.0522    13.8155 0.0000e+00  -62.62133  -57.87550 1154597101 215.392385    34.3429 0.0000e+00
    168.000    -1.7830   2.712455    -1.7820   2.712787    7.73367     0.0214    13.8155 0.0000e+00  -62.62133  -57.87550 1154597102 215.392400    34.3429 0.0000e+00
    169.000    -1.7807   2.712701    -1.7783   2.713158    7.73381     0.0395    13.8155 0.0000e+00  -62.62133  -57.87550 1154597103 215.392414    34.3430 0.0000e+00
    170.000    -1.7794   2.712852    -1.7785   2.713179    7.73500     0.0304    13.8155 0.0000e+00  -62.62133  -57.87550 1154597105 215.392429    34.3430 0.0000e+00
    171.000    -1.7726   2.713522    -1.7718   2.713803    7.73354     0.0181    13.8155 0.0000e+00  -62.62133  -57.87550 1154597106 215.392443    34.3438 0.0000e+00
    172.000    -1.7628   2.714409    -1.7621   2.714706    7.73175     0.0134    13.8155 0.0000e+00  -62.62133  -57.87550 1154597107 215.392458    34.3439 0.0000e+00
    173.000    -1.7623   2.714491    -1.7625   2.714720    7.72852     0.0147    13.8155 0.0000e+00  -62.62133  -57.87550 1154597108 215.392473    34.3441 0.0000e+00
    174.000    -1.7612   2.714649    -1.7603   2.714954    7.72506     0.0320    13.8155 0.0000e+00  -62.62133  -57.87550 1154597110 215.392489    34.3444 0.0000e+00
    175.000    -1.7597   2.714822    -1.7588   2.715143    7.72229     0.0348    13.8155 0.0000e+00  -62.62133  -57.87550 1154597111 215.392504    34.3444 0.0000e+00
    176.000    -1.7593   2.714909    -1.7582   2.715233    7.71840     0.0310    13.8155 0.0000e+00  -62.62133  -57.87550 1154597112 215.392518    34.3445 0.0000e+00
    177.000    -1.7588   2.714992    -1.7578   2.715311    7.71507     0.0195    13.8155 0.0000e+00  -62.62133  -57.87550 1154597113 215.392532    34.3446 0.0000e+00
    178.000    -1.7582   2.715096    -1.7573   2.715399    7.71208     0.0243    13.8155 0.0000e+00  -62.62133  -57.87550 1154597115 215.392546    34.3447 0.0000e+00
    179.000    -1.7531   2.715593    -1.7520   2.715905    7.71075     0.0234    13.8155 0.0000e+00  -62.62133  -57.87550 1154597116 215.392560    34.3451 0.0000e+00
    180.000    -1.7433   2.716513    -1.7424   2.716811    7.70678     0.0274    13.8155 0.0000e+00  -62.62133  -57.87550 1154597117 215.392575    34.3458 0.0000e+00
    181.000    -1.7331   2.717482    -1.7317   2.717794    7.70130     0.0431    13.8155 0.0000e+00  -62.62133  -57.87550 1154597118 215.392590    34.3467 0.0000e+00
    182.000    -1.7175   2.718933    -1.7163   2.719206    7.69128     0.0303    13.8155 0.0000e+00  -62.62133  -57.87550 1154597120 215.392604    34.3478 0.0000e+00
    183.000    -1.7092   2.719718    -1.7088   2.719928    7.67309     0.0159    13.8155 0.0000e+00  -62.62133  -57.87550 1154597121 215.392619    34.3484 0.0000e+00
    184.000    -1.6974   2.720800    -1.6967   2.721059    7.65768     0.0120    13.8155 0.0000e+00  -62.62133  -57.87550 1154597122 215.392635    34.3490 0.0000e+00
    185.000    -1.6929   2.721271    -1.6913   2.721588    7.64419     0.0198    13.8155 0.0000e+00  -62.62133  -57.87550 1154597124 215.392650    34.3498 0.0000e+00
    186.000    -1.6778   2.722663    -1.6754   2.723023    7.63078     0.0180    13.8155 0.0000e+00  -62.62133  -57.87550 1154597125 215.392665    34.3509 0.0000e+00
    187.000    -1.6609   2.724234    -1.6600   2.724459    7.61352     0.0247    13.8155 0.0000e+00  -62.62133  -57.87550 1154597126 215.392679    34.3524 0.0000e+00
    188.000    -1.6446   2.725727    -1.6433   2.726008    7.60261     0.0201    13.8155 0.0000e+00  -62.62133  -57.87550 1154597127 215.392693    34.3534 0.0000e+00
    189.000    -1.6241   2.727672    -1.6217   2.727950    7.57985     0.0055    13.8155 0.0000e+00  -62.62133  -57.87550 1154597129 215.392706    34.3560 0.0000e+00
    190.000    -1.5668   2.732942    -1.5629   2.733244    7.54991     0.0149    13.8155 0.0000e+00  -62.62133  -57.87550 1154597130 215.392720    34.3612 0.0000e+00
    191.000    -1.5176   2.737455    -1.5165   2.737604    7.52183     0.0150    13.8155 0.0000e+00  -62.62133  -57.87550 1154597131 215.392735    34.3648 0.0000e+00
    192.000    -1.5079   2.738387    -1.5068   2.738601    7.49430     0.0116    13.8155 0.0000e+00  -62.62133  -57.87550 1154597132 215.392751    34.3663 0.0000e+00
    193.000    -1.5004   2.739125    -1.4997   2.739322    7.47114    -0.0042    13.8155 0.0000e+00  -62.62133  -57.87550 1154597134 215.392767    34.3677 0.0000e+00
    194.000    -1.4963   2.739554    -1.4953   2.739777    7.45326     0.0274    13.8155 0.0000e+00  -62.62133  -57.87550 1154597135 215.392782    34.3688 0.0000e+00
    195.000    -1.4905   2.740121    -1.4901   2.740279    7.43845    -0.0106    13.8155 0.0000e+00  -62.62133  -57.87550 1154597136 215.392797    34.3698 0.0000e+00
    196.000    -1.4804   2.741104    -1.4810   2.741155    7.42258    -0.0173    13.8155 0.0000e+00  -62.62133  -57.87550 1154597138 215.392811    34.3713 0.0000e+00
    197.000    -1.4649   2.742620    -1.4625   2.742897    7.40565     0.0203    13.8155 0.0000e+00  -62.62133  -57.87550 1154597139 215.392825    34.3738 0.0000e+00
    198.000    -1.4413   2.744885    -1.4397   2.745094    7.39029     0.0035    13.8155 0.0000e+00  -62.62133  -57.87550 1154597140 215.392839    34.3770 0.0000e+00
    199.000    -1.4305   2.745951    -1.4291   2.746188    7.37321     0.0001    13.8155 0.0000e+00  -62.62133  -57.87550 1154597141 215.392853    34.3787 0.0000e+00
