product_data/regression_test/downloaded_data/MDGS/320620060703/ctd/adapted/heads_insert_p6619901.cnv
* Sea-Bird SBE 9 Data File:
* FileName = D:\Data\Raw\p6619901.dat
* Software Version Seasave Win32 V 5.32
* Temperature SN = 1649
* Conductivity SN = 1431
* Number of Bytes Per Scan = 37
* Number of Voltage Words = 5
* Number of Scans Averaged by the Deck Unit = 1
* NMEA Latitude = 62 59.55 S
* NMEA Longitude = 062 15.19 W
* NMEA UTC (Time) = 06:52:39
** Ship:   Nathaniel B. Palmer 
** Cruise:    NBP0606 
# nquan = 15
# nvalues = 930                         
# units = specified
# name 0 = prDM: Pressure, Digiquartz [db]
# name 1 = t090C: Temperature [ITS-90, deg C]
# name 2 = c0S/m: Conductivity [S/m]
# name 3 = t190C: Temperature, 2 [ITS-90, deg C]
# name 4 = c1S/m: Conductivity, 2 [S/m]
# name 5 = sbeox0ML/L: Oxygen, SBE 43 [ml/l]
# name 6 = flECO-AFL: Fluorescence, Wetlab ECO-AFL/FL [mg/m^3]
# name 7 = bat: Beam Attenuation, Chelsea/Seatech/Wetlab CStar [1/m]
# name 8 = spar: SPAR/Surface Irradiance
# name 9 = latitude: Latitude [deg]
# name 10 = longitude: Longitude [deg]
# name 11 = timeY: Time, System [seconds]
# name 12 = timeJ: Julian Days
# name 13 = sal00: Salinity [PSU]
# name 14 = flag: flag
# span 0 =      2.000,    931.000       
# span 1 =    -0.8396,     0.9155       
# span 2 =   2.769541,   2.985691       
# span 3 =    -0.8403,     0.9169       
# span 4 =   2.769942,   2.986040       
# span 5 =    5.26347,    7.55052       
# span 6 =    -0.1035,     0.0124       
# span 7 =    13.8155,    13.8155       
# span 8 = 0.0000e+00, 0.0000e+00       
# span 9 =  -62.99250,  -62.99250       
# span 10 =  -62.25317,  -62.25317      
# span 11 = 1153983169, 1153984459      
# span 12 = 208.286681, 208.301628      
# span 13 =    34.1524,    34.6259      
# span 14 = 0.0000e+00, 0.0000e+00      
# interval = decibars: 1                
# start_time = Jul 27 2006 06:52:46
# bad_flag = -9.990e-29
*END*
[from data line 483]
    484.000     0.7593   2.958199     0.7596   2.958519    5.43346    -0.0696    13.8155 0.0000e+00  -62.99250  -62.25317 1153983826 208.294303    34.5707 0.0000e+00
    485.000     0.7589   2.958194     0.7591   2.958525    5.43562    -0.0701    13.8155 0.0000e+00  -62.99250  -62.25317 1153983827 208.294315    34.5702 0.0000e+00
    486.000     0.7545   2.957852     0.7554   2.958236    5.43441    -0.0417    13.8155 0.0000e+00  -62.99250  -62.25317 1153983828 208.294325    34.5702 0.0000e+00
    487.000     0.7565   2.958077     0.7578   2.958489    5.43495    -0.0598    13.8155 0.0000e+00  -62.99250  -62.25317 1153983829 208.294336    34.5702 0.0000e+00
    488.000     0.7564   2.958110     0.7562   2.958407    5.43667    -0.0600    13.8155 0.0000e+00  -62.99250  -62.25317 1153983830 208.294348    34.5699 0.0000e+00
    489.000     0.7581   2.958340     0.7599   2.958778    5.43780    -0.0817    13.8155 0.0000e+00  -62.99250  -62.25317 1153983832 208.294363    34.5703 0.0000e+00
    490.000     0.7657   2.959075     0.7625   2.959053    5.43651    -0.0707    13.8155 0.0000e+00  -62.99250  -62.25317 1153983833 208.294377    34.5705 0.0000e+00
    491.000     0.7654   2.959072     0.7605   2.958913    5.43720    -0.0529    13.8155 0.0000e+00  -62.99250  -62.25317 1153983834 208.294393    34.5701 0.0000e+00
    492.000     0.7585   2.958489     0.7532   2.958315    5.43896    -0.0643    13.8155 0.0000e+00  -62.99250  -62.25317 1153983836 208.294415    34.5697 0.0000e+00
    493.000     0.7613   2.958813     0.7600   2.958957    5.44148    -0.0849    13.8155 0.0000e+00  -62.99250  -62.25317 1153983838 208.294433    34.5702 0.0000e+00
    494.000     0.7619   2.958885     0.7609   2.959089    5.44450    -0.0794    13.8155 0.0000e+00  -62.99250  -62.25317 1153983839 208.294445    34.5698 0.0000e+00
    495.000     0.7529   2.958127     0.7525   2.958441    5.44442    -0.0743    13.8155 0.0000e+00  -62.99250  -62.25317 1153983840 208.294455    34.5694 0.0000e+00
    496.000     0.7494   2.957908     0.7494   2.958198    5.44400    -0.0694    13.8155 0.0000e+00  -62.99250  -62.25317 1153983841 208.294467    34.5702 0.0000e+00
    497.000     0.7502   2.958011     0.7500   2.958307    5.44288    -0.0503    13.8155 0.0000e+00  -62.99250  -62.25317 1153983842 208.294481    34.5699 0.0000e+00
    498.000     0.7487   2.957942     0.7493   2.958287    5.44307    -0.0505    13.8155 0.0000e+00  -62.99250  -62.25317 1153983843 208.294494    34.5700 0.0000e+00
    499.000     0.7491   2.958033     0.7494   2.958358    5.44639    -0.0679    13.8155 0.0000e+00  -62.99250  -62.25317 1153983844 208.294507    34.5702 0.0000e+00
    500.000     0.7498   2.958148     0.7496   2.958434    5.44601    -0.0863    13.8155 0.0000e+00  -62.99250  -62.25317 1153983845 208.294523    34.5702 0.0000e+00
    501.000     0.7494   2.958157     0.7496   2.958471    5.44495    -0.0805    13.8155 0.0000e+00  -62.99250  -62.25317 1153983847 208.294544    34.5702 0.0000e+00
    502.000     0.7492   2.958208     0.7493   2.958510    5.44620    -0.0562    13.8155 0.0000e+00  -62.99250  -62.25317 1153983849 208.294560    34.5704 0.0000e+00
    503.000     0.7492   2.958244     0.7496   2.958593    5.44904    -0.0825    13.8155 0.0000e+00  -62.99250  -62.25317 1153983850 208.294572    34.5703 0.0000e+00
    504.000     0.7494   2.958315     0.7495   2.958624    5.44801    -0.0459    13.8155 0.0000e+00  -62.99250  -62.25317 1153983851 208.294584    34.5704 0.0000e+00
    505.000     0.7502   2.958486     0.7503   2.958795    5.44856    -0.0735    13.8155 0.0000e+00  -62.99250  -62.25317 1153983852 208.294596    34.5712 0.0000e+00
    506.000     0.7504   2.958547     0.7504   2.958857    5.44845    -0.0817    13.8155 0.0000e+00  -62.99250  -62.25317 1153983853 208.294608    34.5711 0.0000e+00
    507.000     0.7509   2.958650     0.7508   2.958940    5.44750    -0.0623    13.8155 0.0000e+00  -62.99250  -62.25317 1153983854 208.294621    34.5712 0.0000e+00
    508.000     0.7505   2.958651     0.7508   2.958965    5.44490    -0.0684    13.8155 0.0000e+00  -62.99250  -62.25317 1153983855 208.294638    34.5711 0.0000e+00
    509.000     0.7500   2.958646     0.7500   2.958941    5.44576    -0.0494    13.8155 0.0000e+00  -62.99250  -62.25317 1153983857 208.294657    34.5711 0.0000e+00
    510.000     0.7497   2.958671     0.7501   2.959007    5.44685    -0.0727    13.8155 0.0000e+00  -62.99250  -62.25317 1153983858 208.294673    34.5711 0.0000e+00
    511.000     0.7513   2.958859     0.7515   2.959163    5.44810    -0.0670    13.8155 0.0000e+00  -62.99250  -62.25317 1153983860 208.294691    34.5711 0.0000e+00
    512.000     0.7513   2.958907     0.7519   2.959257    5.44870    -0.0738    13.8155 0.0000e+00  -62.99250  -62.25317 1153983861 208.294707    34.5712 0.0000e+00
    513.000     0.7521   2.959014     0.7521   2.959322    5.44987    -0.0555    13.8155 0.0000e+00  -62.99250  -62.25317 1153983862 208.294719    34.5711 0.0000e+00
    514.000     0.7521   2.959063     0.7521   2.959367    5.44972    -0.0824    13.8155 0.0000e+00  -62.99250  -62.25317 1153983863 208.294730    34.5712 0.0000e+00
    515.000     0.7516   2.959062     0.7518   2.959378    5.44850    -0.0504    13.8155 0.0000e+00  -62.99250  -62.25317 1153983864 208.294741    34.5712 0.0000e+00
    516.000     0.7487   2.958870     0.7487   2.959179    5.44944    -0.0585    13.8155 0.0000e+00  -62.99250  -62.25317 1153983866 208.294756    34.5714 0.0000e+00
    517.000     0.7399   2.958166     0.7409   2.958579    5.45396    -0.0693    13.8155 0.0000e+00  -62.99250  -62.25317 1153983867 208.294773    34.5716 0.0000e+00
    518.000     0.7319   2.957591     0.7322   2.957919    5.45619    -0.0744    13.8155 0.0000e+00  -62.99250  -62.25317 1153983869 208.294793    34.5727 0.0000e+00
    519.000     0.7314   2.957596     0.7316   2.957912    5.45991    -0.0547    13.8155 0.0000e+00  -62.99250  -62.25317 1153983870 208.294813    34.5727 0.0000e+00
    520.000     0.7315   2.957644     0.7317   2.957962    5.46234    -0.0734    13.8155 0.0000e+00  -62.99250  -62.25317 1153983871 208.294825    34.5726 0.0000e+00
    521.000     0.7313   2.957672     0.7314   2.957989    5.46133    -0.0850    13.8155 0.0000e+00  -62.99250  -62.25317 1153983872 208.294835    34.5726 0.0000e+00
    522.000     0.7296   2.957587     0.7298   2.957908    5.46087    -0.0487    13.8155 0.0000e+00  -62.99250  -62.25317 1153983873 208.294845    34.5728 0.0000e+00
    523.000     0.7282   2.957526     0.7285   2.957872    5.46059    -0.0485    13.8155 0.0000e+00  -62.99250  -62.25317 1153983874 208.294860    34.5730 0.0000e+00
    524.000     0.7255   2.957393     0.7249   2.957651    5.46211    -0.0791    13.8155 0.0000e+00  -62.99250  -62.25317 1153983876 208.294879    34.5736 0.0000e+00
    525.000     0.7252   2.957408     0.7249   2.957701    5.46259    -0.0530    13.8155 0.0000e+00  -62.99250  -62.25317 1153983877 208.294893    34.5735 0.0000e+00
    526.000     0.7225   2.957245     0.7225   2.957549    5.46191    -0.0856    13.8155 0.0000e+00  -62.99250  -62.25317 1153983879 208.294905    34.5739 0.0000e+00
    527.000     0.7212   2.957182     0.7213   2.957485    5.46265    -0.0845    13.8155 0.0000e+00  -62.99250  -62.25317 1153983880 208.294919    34.5739 0.0000e+00
    528.000     0.7220   2.957295     0.7217   2.957574    5.46257    -0.0658    13.8155 0.0000e+00  -62.99250  -62.25317 1153983881 208.294936    34.5739 0.0000e+00
    529.000     0.7234   2.957454     0.7235   2.957761    5.46168    -0.0753    13.8155 0.0000e+00  -62.99250  -62.25317 1153983883 208.294954    34.5738 0.0000e+00
    530.000     0.7233   2.957494     0.7239   2.957845    5.46308    -0.0682    13.8155 0.0000e+00  -62.99250  -62.25317 1153983884 208.294969    34.5737 0.0000e+00
    531.000     0.7219   2.957415     0.7224   2.957756    5.46454    -0.0665    13.8155 0.0000e+00  -62.99250  -62.25317 1153983885 208.294983    34.5740 0.0000e+00
    532.000     0.7203   2.957382     0.7209   2.957728    5.46583    -0.0905    13.8155 0.0000e+00  -62.99250  -62.25317 1153983886 208.294997    34.5745 0.0000e+00
    533.000     0.7206   2.957442     0.7203   2.957739    5.46509    -0.0826    13.8155 0.0000e+00  -62.99250  -62.25317 1153983887 208.295009    34.5744 0.0000e+00
    534.000     0.7196   2.957438     0.7196   2.957742    5.46753    -0.0665    13.8155 0.0000e+00  -62.99250  -62.25317 1153983889 208.295022    34.5748 0.0000e+00
    535.000     0.7205   2.957599     0.7205   2.957892    5.46854    -0.0581    13.8155 0.0000e+00  -62.99250  -62.25317 1153983890 208.295040    34.5753 0.0000e+00
    536.000     0.7211   2.957707     0.7211   2.958006    5.46568    -0.0612    13.8155 0.0000e+00  -62.99250  -62.25317 1153983892 208.295058    34.5754 0.0000e+00
    537.000     0.7211   2.957761     0.7211   2.958068    5.46424    -0.0723    13.8155 0.0000e+00  -62.99250  -62.25317 1153983893 208.295071    34.5755 0.0000e+00
    538.000     0.7207   2.957755     0.7208   2.958083    5.46201    -0.0916    13.8155 0.0000e+00  -62.99250  -62.25317 1153983894 208.295083    34.5754 0.0000e+00
    539.000     0.7186   2.957593     0.7176   2.957801    5.45931    -0.0576    13.8155 0.0000e+00  -62.99250  -62.25317 1153983895 208.295099    34.5750 0.0000e+00
    540.000     0.7167   2.957451     0.7173   2.957804    5.46029    -0.0639    13.8155 0.0000e+00  -62.99250  -62.25317 1153983897 208.295121    34.5748 0.0000e+00
    541.000     0.7169   2.957518     0.7168   2.957816    5.46339    -0.0887    13.8155 0.0000e+00  -62.99250  -62.25317 1153983898 208.295135    34.5748 0.0000e+00
    542.000     0.7192   2.957781     0.7184   2.958016    5.46552    -0.0613    13.8155 0.0000e+00  -62.99250  -62.25317 1153983899 208.295147    34.5750 0.0000e+00
    543.000     0.7172   2.957628     0.7176   2.957980    5.46609    -0.0412    13.8155 0.0000e+00  -62.99250  -62.25317 1153983900 208.295159    34.5747 0.0000e+00
    544.000     0.7166   2.957620     0.7168   2.957948    5.46653    -0.0728    13.8155 0.0000e+00  -62.99250  -62.25317 1153983901 208.295171    34.5747 0.0000e+00
    545.000     0.7169   2.957687     0.7169   2.958000    5.46690    -0.0507    13.8155 0.0000e+00  -62.99250  -62.25317 1153983902 208.295183    34.5747 0.0000e+00
    546.000     0.7176   2.957790     0.7180   2.958118    5.46545    -0.0473    13.8155 0.0000e+00  -62.99250  -62.25317 1153983904 208.295199    34.5745 0.0000e+00
    547.000     0.7171   2.957797     0.7174   2.958124    5.46442    -0.0638    13.8155 0.0000e+00  -62.99250  -62.25317 1153983906 208.295219    34.5746 0.0000e+00
    548.000     0.7172   2.957833     0.7172   2.958156    5.46433    -0.0584    13.8155 0.0000e+00  -62.99250  -62.25317 1153983907 208.295236    34.5743 0.0000e+00
    549.000     0.7167   2.957836     0.7167   2.958141    5.46312    -0.0549    13.8155 0.0000e+00  -62.99250  -62.25317 1153983908 208.295250    34.5745 0.0000e+00
    550.000     0.7173   2.957941     0.7171   2.958241    5.46569    -0.0717    13.8155 0.0000e+00  -62.99250  -62.25317 1153983909 208.295264    34.5746 0.0000e+00
    551.000     0.7167   2.957945     0.7167   2.958259    5.46720    -0.0652    13.8155 0.0000e+00  -62.99250  -62.25317 1153983911 208.295278    34.5747 0.0000e+00
    552.000     0.7173   2.958038     0.7170   2.958333    5.46744    -0.0732    13.8155 0.0000e+00  -62.99250  -62.25317 1153983912 208.295295    34.5747 0.0000e+00
    553.000     0.7145   2.957897     0.7146   2.958209    5.46794    -0.0680    13.8155 0.0000e+00  -62.99250  -62.25317 1153983914 208.295311    34.5754 0.0000e+00
    554.000     0.7144   2.957913     0.7144   2.958228    5.46872    -0.0692    13.8155 0.0000e+00  -62.99250  -62.25317 1153983915 208.295324    34.5752 0.0000e+00
    555.000     0.7139   2.957928     0.7142   2.958254    5.46905    -0.0860    13.8155 0.0000e+00  -62.99250  -62.25317 1153983916 208.295337    34.5753 0.0000e+00
    556.000     0.7147   2.958019     0.7148   2.958339    5.46967    -0.0476    13.8155 0.0000e+00  -62.99250  -62.25317 1153983917 208.295350    34.5750 0.0000e+00
    557.000     0.7148   2.958067     0.7149   2.958382    5.46700    -0.0436    13.8155 0.0000e+00  -62.99250  -62.25317 1153983918 208.295364    34.5749 0.0000e+00
    558.000     0.7148   2.958112     0.7151   2.958432    5.46503    -0.0893    13.8155 0.0000e+00  -62.99250  -62.25317 1153983920 208.295382    34.5750 0.0000e+00
    559.000     0.7148   2.958162     0.7148   2.958462    5.46618    -0.0573    13.8155 0.0000e+00  -62.99250  -62.25317 1153983922 208.295403    34.5750 0.0000e+00
    560.000     0.7144   2.958180     0.7144   2.958490    5.46641    -0.0771    13.8155 0.0000e+00  -62.99250  -62.25317 1153983923 208.295419    34.5751 0.0000e+00
    561.000     0.7144   2.958229     0.7142   2.958529    5.46907    -0.0670    13.8155 0.0000e+00  -62.99250  -62.25317 1153983924 208.295431    34.5751 0.0000e+00
    562.000     0.7143   2.958273     0.7140   2.958558    5.47012    -0.0709    13.8155 0.0000e+00  -62.99250  -62.25317 1153983925 208.295443    34.5752 0.0000e+00
    563.000     0.7140   2.958287     0.7138   2.958578    5.47128    -0.0406    13.8155 0.0000e+00  -62.99250  -62.25317 1153983926 208.295455    34.5751 0.0000e+00
    564.000     0.7142   2.958348     0.7146   2.958710    5.47240    -0.0818    13.8155 0.0000e+00  -62.99250  -62.25317 1153983927 208.295469    34.5752 0.0000e+00
    565.000     0.7144   2.958428     0.7145   2.958742    5.47418    -0.0725    13.8155 0.0000e+00  -62.99250  -62.25317 1153983928 208.295484    34.5753 0.0000e+00
    566.000     0.7155   2.958597     0.7155   2.958892    5.47310    -0.0596    13.8155 0.0000e+00  -62.99250  -62.25317 1153983930 208.295500    34.5758 0.0000e+00
    567.000     0.7163   2.958739     0.7162   2.959029    5.47372    -0.0787    13.8155 0.0000e+00  -62.99250  -62.25317 1153983932 208.295520    34.5761 0.0000e+00
    568.000     0.7145   2.958618     0.7148   2.958944    5.47130    -0.1023    13.8155 0.0000e+00  -62.99250  -62.25317 1153983933 208.295538    34.5760 0.0000e+00
    569.000     0.7148   2.958689     0.7151   2.959023    5.47119    -0.0767    13.8155 0.0000e+00  -62.99250  -62.25317 1153983934 208.295551    34.5760 0.0000e+00
    570.000     0.7146   2.958690     0.7150   2.959042    5.47242    -0.0807    13.8155 0.0000e+00  -62.99250  -62.25317 1153983935 208.295563    34.5757 0.0000e+00
    571.000     0.7149   2.958772     0.7151   2.959108    5.47148    -0.0715    13.8155 0.0000e+00  -62.99250  -62.25317 1153983936 208.295574    34.5759 0.0000e+00
    572.000     0.7155   2.958881     0.7158   2.959203    5.47058    -0.0797    13.8155 0.0000e+00  -62.99250  -62.25317 1153983937 208.295589    34.5760 0.0000e+00
    573.000     0.7152   2.958893     0.7153   2.959210    5.47051    -0.0481    13.8155 0.0000e+00  -62.99250  -62.25317 1153983939 208.295606    34.5759 0.0000e+00
    574.000     0.7145   2.958859     0.7145   2.959181    5.47274    -0.0446    13.8155 0.0000e+00  -62.99250  -62.25317 1153983941 208.295625    34.5757 0.0000e+00
    575.000     0.7141   2.958879     0.7141   2.959189    5.47459    -0.0603    13.8155 0.0000e+00  -62.99250  -62.25317 1153983942 208.295645    34.5758 0.0000e+00
    576.000     0.7036   2.957999     0.6993   2.958000    5.47734    -0.0680    13.8155 0.0000e+00  -62.99250  -62.25317 1153983944 208.295659    34.5759 0.0000e+00
    577.000     0.6879   2.956725     0.6897   2.957160    5.47981    -0.0625    13.8155 0.0000e+00  -62.99250  -62.25317 1153983945 208.295670    34.5767 0.0000e+00
    578.000     0.6861   2.956639     0.6871   2.957041    5.48465    -0.0673    13.8155 0.0000e+00  -62.99250  -62.25317 1153983946 208.295681    34.5770 0.0000e+00
