product_data/regression_test/downloaded_data/MDGS/320620060703/ctd/adapted/heads_insert_p6619901.cnv
* Sea-Bird SBE 9 Data File:
* FileName = D:\Data\Raw\p6619901.dat
* Software Version Seasave Win32 V 5.32
* Temperature SN = 1649
* Conductivity SN = 1431
* Number of Bytes Per Scan = 37
* Number of Voltage Words = 5
* Number of Scans Averaged by the Deck Unit = 1
* NMEA Latitude = 62 59.55 S
* NMEA Longitude = 062 15.19 W
* NMEA UTC (Time) = 06:52:39
** Ship:   Nathaniel B. Palmer 
** Cruise:    NBP0606 
# nquan = 15
# nvalues = 930                         
# units = specified
# name 0 = prDM: Pressure, Digiquartz [db]
# name 1 = t090C: Temperature [ITS-90, deg C]
# name 2 = c0S/m: Conductivity [S/m]
# name 3 = t190C: Temperature, 2 [ITS-90, deg C]
# name 4 = c1S/m: Conductivity, 2 [S/m]
# name 5 = sbeox0ML/L: Oxygen, SBE 43 [ml/l]
# name 6 = flECO-AFL: Fluorescence, Wetlab ECO-AFL/FL [mg/m^3]
# name 7 = bat: Beam Attenuation, Chelsea/Seatech/Wetlab CStar [1/m]
# name 8 = spar: SPAR/Surface Irradiance
# name 9 = latitude: Latitude [deg]
# name 10 = longitude: Longitude [deg]
# name 11 = timeY: Time, System [seconds]
# name 12 = timeJ: Julian Days
# name 13 = sal00: Salinity [PSU]
# name 14 = flag: flag
# span 0 =      2.000,    931.000       
# span 1 =    -0.8396,     0.9155       
# span 2 =   2.769541,   2.985691       
# span 3 =    -0.8403,     0.9169       
# span 4 =   2.769942,   2.986040       
# span 5 =    5.26347,    7.55052       
# span 6 =    -0.1035,     0.0124       
# span 7 =    13.8155,    13.8155       
# span 8 = 0.0000e+00, 0.0000e+00       
# span 9 =  -62.99250,  -62.99250       
# span 10 =  -62.25317,  -62.25317      
# span 11 = 1153983169, 1153984459      
# span 12 = 208.286681, 208.301628      
# span 13 =    34.1524,    34.6259      
# span 14 = 0.0000e+00, 0.0000e+00      
# interval = decibars: 1                
# start_time = Jul 27 2006 06:52:46
# bad_flag = -9.990e-29
*END*
[from data line 772]
    773.000     0.7331   2.972288     0.7332   2.972612    5.40663    -0.0560    13.8155 0.0000e+00  -62.99250  -62.25317 1153984201 208.298634    34.6149 0.0000e+00
    774.000     0.7331   2.972328     0.7331   2.972649    5.40629    -0.0828    13.8155 0.0000e+00  -62.99250  -62.25317 1153984202 208.298645    34.6149 0.0000e+00
    775.000     0.7353   2.972583     0.7354   2.972908    5.40697    -0.0759    13.8155 0.0000e+00  -62.99250  -62.25317 1153984203 208.298656    34.6150 0.0000e+00
    776.000     0.7348   2.972571     0.7342   2.972845    5.40697    -0.0670    13.8155 0.0000e+00  -62.99250  -62.25317 1153984204 208.298677    34.6150 0.0000e+00
    777.000     0.7325   2.972412     0.7322   2.972714    5.40580    -0.0707    13.8155 0.0000e+00  -62.99250  -62.25317 1153984206 208.298700    34.6149 0.0000e+00
    778.000     0.7321   2.972416     0.7320   2.972740    5.40577    -0.0760    13.8155 0.0000e+00  -62.99250  -62.25317 1153984208 208.298714    34.6148 0.0000e+00
    779.000     0.7326   2.972507     0.7324   2.972817    5.40784    -0.0490    13.8155 0.0000e+00  -62.99250  -62.25317 1153984209 208.298727    34.6150 0.0000e+00
    780.000     0.7322   2.972515     0.7321   2.972832    5.40953    -0.0540    13.8155 0.0000e+00  -62.99250  -62.25317 1153984210 208.298741    34.6149 0.0000e+00
    781.000     0.7319   2.972534     0.7317   2.972836    5.40954    -0.0832    13.8155 0.0000e+00  -62.99250  -62.25317 1153984211 208.298753    34.6149 0.0000e+00
    782.000     0.7317   2.972553     0.7311   2.972835    5.40891    -0.0569    13.8155 0.0000e+00  -62.99250  -62.25317 1153984212 208.298765    34.6149 0.0000e+00
    783.000     0.7300   2.972454     0.7309   2.972860    5.40883    -0.0733    13.8155 0.0000e+00  -62.99250  -62.25317 1153984213 208.298779    34.6148 0.0000e+00
    784.000     0.7293   2.972428     0.7294   2.972806    5.40985    -0.0741    13.8155 0.0000e+00  -62.99250  -62.25317 1153984215 208.298798    34.6148 0.0000e+00
    785.000     0.7271   2.972278     0.7267   2.972563    5.41088    -0.0809    13.8155 0.0000e+00  -62.99250  -62.25317 1153984216 208.298815    34.6148 0.0000e+00
    786.000     0.7276   2.972359     0.7269   2.972625    5.41213    -0.0781    13.8155 0.0000e+00  -62.99250  -62.25317 1153984218 208.298830    34.6147 0.0000e+00
    787.000     0.7277   2.972407     0.7277   2.972734    5.41377    -0.0818    13.8155 0.0000e+00  -62.99250  -62.25317 1153984219 208.298847    34.6146 0.0000e+00
    788.000     0.7269   2.972385     0.7270   2.972727    5.41464    -0.0721    13.8155 0.0000e+00  -62.99250  -62.25317 1153984220 208.298862    34.6146 0.0000e+00
    789.000     0.7260   2.972355     0.7261   2.972681    5.41343    -0.0628    13.8155 0.0000e+00  -62.99250  -62.25317 1153984222 208.298875    34.6147 0.0000e+00
    790.000     0.7253   2.972336     0.7254   2.972662    5.41412    -0.0664    13.8155 0.0000e+00  -62.99250  -62.25317 1153984223 208.298890    34.6146 0.0000e+00
    791.000     0.7255   2.972397     0.7254   2.972707    5.41274    -0.0646    13.8155 0.0000e+00  -62.99250  -62.25317 1153984224 208.298906    34.6146 0.0000e+00
    792.000     0.7261   2.972488     0.7260   2.972808    5.41286    -0.0699    13.8155 0.0000e+00  -62.99250  -62.25317 1153984226 208.298922    34.6145 0.0000e+00
    793.000     0.7273   2.972649     0.7271   2.972945    5.41169    -0.0468    13.8155 0.0000e+00  -62.99250  -62.25317 1153984227 208.298936    34.6146 0.0000e+00
    794.000     0.7280   2.972742     0.7281   2.973076    5.41012    -0.0585    13.8155 0.0000e+00  -62.99250  -62.25317 1153984228 208.298949    34.6145 0.0000e+00
    795.000     0.7274   2.972740     0.7274   2.973056    5.40826    -0.0765    13.8155 0.0000e+00  -62.99250  -62.25317 1153984229 208.298965    34.6145 0.0000e+00
    796.000     0.7277   2.972805     0.7278   2.973143    5.40849    -0.0801    13.8155 0.0000e+00  -62.99250  -62.25317 1153984231 208.298987    34.6145 0.0000e+00
    797.000     0.7259   2.972716     0.7265   2.973105    5.40884    -0.0567    13.8155 0.0000e+00  -62.99250  -62.25317 1153984233 208.299003    34.6149 0.0000e+00
    798.000     0.7274   2.972919     0.7275   2.973267    5.40890    -0.0865    13.8155 0.0000e+00  -62.99250  -62.25317 1153984234 208.299016    34.6152 0.0000e+00
    799.000     0.7282   2.973059     0.7283   2.973377    5.40712    -0.0724    13.8155 0.0000e+00  -62.99250  -62.25317 1153984235 208.299026    34.6155 0.0000e+00
    800.000     0.7295   2.973220     0.7297   2.973558    5.40604    -0.0288    13.8155 0.0000e+00  -62.99250  -62.25317 1153984236 208.299039    34.6156 0.0000e+00
    801.000     0.7298   2.973291     0.7299   2.973622    5.40651    -0.0602    13.8155 0.0000e+00  -62.99250  -62.25317 1153984237 208.299056    34.6155 0.0000e+00
    802.000     0.7302   2.973376     0.7298   2.973656    5.40735    -0.0792    13.8155 0.0000e+00  -62.99250  -62.25317 1153984239 208.299072    34.6157 0.0000e+00
    803.000     0.7309   2.973473     0.7313   2.973846    5.40776    -0.0645    13.8155 0.0000e+00  -62.99250  -62.25317 1153984240 208.299086    34.6155 0.0000e+00
    804.000     0.7314   2.973576     0.7315   2.973902    5.40750    -0.0679    13.8155 0.0000e+00  -62.99250  -62.25317 1153984242 208.299100    34.6158 0.0000e+00
    805.000     0.7295   2.973470     0.7303   2.973875    5.40567    -0.0710    13.8155 0.0000e+00  -62.99250  -62.25317 1153984243 208.299119    34.6160 0.0000e+00
    806.000     0.7282   2.973474     0.7284   2.973764    5.40346    -0.0717    13.8155 0.0000e+00  -62.99250  -62.25317 1153984244 208.299138    34.6170 0.0000e+00
    807.000     0.7310   2.973765     0.7308   2.974050    5.40053    -0.0479    13.8155 0.0000e+00  -62.99250  -62.25317 1153984246 208.299153    34.6171 0.0000e+00
    808.000     0.7352   2.974201     0.7348   2.974480    5.39819    -0.0771    13.8155 0.0000e+00  -62.99250  -62.25317 1153984247 208.299165    34.6173 0.0000e+00
    809.000     0.7341   2.974150     0.7341   2.974467    5.39738    -0.0625    13.8155 0.0000e+00  -62.99250  -62.25317 1153984248 208.299177    34.6172 0.0000e+00
    810.000     0.7337   2.974167     0.7335   2.974465    5.39760    -0.0894    13.8155 0.0000e+00  -62.99250  -62.25317 1153984249 208.299193    34.6174 0.0000e+00
    811.000     0.7347   2.974287     0.7348   2.974619    5.39925    -0.0543    13.8155 0.0000e+00  -62.99250  -62.25317 1153984250 208.299209    34.6173 0.0000e+00
    812.000     0.7342   2.974281     0.7342   2.974617    5.40014    -0.0525    13.8155 0.0000e+00  -62.99250  -62.25317 1153984252 208.299223    34.6173 0.0000e+00
    813.000     0.7335   2.974271     0.7327   2.974533    5.40146    -0.0614    13.8155 0.0000e+00  -62.99250  -62.25317 1153984253 208.299238    34.6174 0.0000e+00
    814.000     0.7279   2.973854     0.7285   2.974236    5.40268    -0.0498    13.8155 0.0000e+00  -62.99250  -62.25317 1153984255 208.299258    34.6177 0.0000e+00
    815.000     0.7234   2.973521     0.7233   2.973843    5.40307    -0.0546    13.8155 0.0000e+00  -62.99250  -62.25317 1153984256 208.299274    34.6180 0.0000e+00
    816.000     0.7229   2.973515     0.7227   2.973847    5.40323    -0.0638    13.8155 0.0000e+00  -62.99250  -62.25317 1153984257 208.299285    34.6179 0.0000e+00
    817.000     0.7217   2.973459     0.7219   2.973805    5.40322    -0.0695    13.8155 0.0000e+00  -62.99250  -62.25317 1153984258 208.299296    34.6179 0.0000e+00
    818.000     0.7218   2.973510     0.7216   2.973817    5.40407    -0.0753    13.8155 0.0000e+00  -62.99250  -62.25317 1153984259 208.299312    34.6179 0.0000e+00
    819.000     0.7220   2.973575     0.7218   2.973880    5.40480    -0.0581    13.8155 0.0000e+00  -62.99250  -62.25317 1153984261 208.299335    34.6179 0.0000e+00
    820.000     0.7220   2.973618     0.7219   2.973930    5.40596    -0.0454    13.8155 0.0000e+00  -62.99250  -62.25317 1153984262 208.299348    34.6178 0.0000e+00
    821.000     0.7218   2.973648     0.7221   2.973975    5.40602    -0.0415    13.8155 0.0000e+00  -62.99250  -62.25317 1153984263 208.299359    34.6179 0.0000e+00
    822.000     0.7244   2.973892     0.7247   2.974235    5.40410    -0.0720    13.8155 0.0000e+00  -62.99250  -62.25317 1153984264 208.299371    34.6176 0.0000e+00
    823.000     0.7254   2.974017     0.7250   2.974308    5.40409    -0.0535    13.8155 0.0000e+00  -62.99250  -62.25317 1153984266 208.299393    34.6174 0.0000e+00
    824.000     0.7257   2.974095     0.7256   2.974397    5.40528    -0.0629    13.8155 0.0000e+00  -62.99250  -62.25317 1153984268 208.299410    34.6175 0.0000e+00
    825.000     0.7260   2.974162     0.7248   2.974370    5.40633    -0.0600    13.8155 0.0000e+00  -62.99250  -62.25317 1153984269 208.299422    34.6175 0.0000e+00
    826.000     0.7263   2.974228     0.7260   2.974520    5.40643    -0.0701    13.8155 0.0000e+00  -62.99250  -62.25317 1153984270 208.299434    34.6174 0.0000e+00
    827.000     0.7250   2.974149     0.7253   2.974501    5.40729    -0.0708    13.8155 0.0000e+00  -62.99250  -62.25317 1153984271 208.299451    34.6172 0.0000e+00
    828.000     0.7177   2.973595     0.7177   2.973930    5.40818    -0.0804    13.8155 0.0000e+00  -62.99250  -62.25317 1153984273 208.299468    34.6179 0.0000e+00
    829.000     0.7184   2.973695     0.7178   2.973974    5.40895    -0.0538    13.8155 0.0000e+00  -62.99250  -62.25317 1153984274 208.299482    34.6179 0.0000e+00
    830.000     0.7179   2.973703     0.7179   2.974036    5.40977    -0.0525    13.8155 0.0000e+00  -62.99250  -62.25317 1153984275 208.299497    34.6179 0.0000e+00
    831.000     0.7180   2.973776     0.7179   2.974089    5.41025    -0.0507    13.8155 0.0000e+00  -62.99250  -62.25317 1153984276 208.299512    34.6181 0.0000e+00
    832.000     0.7177   2.973793     0.7181   2.974141    5.40823    -0.0723    13.8155 0.0000e+00  -62.99250  -62.25317 1153984278 208.299525    34.6181 0.0000e+00
    833.000     0.7186   2.973909     0.7184   2.974227    5.40686    -0.0601    13.8155 0.0000e+00  -62.99250  -62.25317 1153984279 208.299537    34.6180 0.0000e+00
    834.000     0.7186   2.973954     0.7187   2.974277    5.40775    -0.0737    13.8155 0.0000e+00  -62.99250  -62.25317 1153984280 208.299550    34.6180 0.0000e+00
    835.000     0.7189   2.974016     0.7190   2.974337    5.40802    -0.0706    13.8155 0.0000e+00  -62.99250  -62.25317 1153984282 208.299572    34.6179 0.0000e+00
    836.000     0.7188   2.974054     0.7187   2.974367    5.40875    -0.0674    13.8155 0.0000e+00  -62.99250  -62.25317 1153984283 208.299592    34.6179 0.0000e+00
    837.000     0.7184   2.974065     0.7186   2.974405    5.40912    -0.0716    13.8155 0.0000e+00  -62.99250  -62.25317 1153984285 208.299607    34.6180 0.0000e+00
    838.000     0.7180   2.974080     0.7179   2.974394    5.40999    -0.0525    13.8155 0.0000e+00  -62.99250  -62.25317 1153984286 208.299623    34.6180 0.0000e+00
    839.000     0.7183   2.974153     0.7182   2.974464    5.40816    -0.0739    13.8155 0.0000e+00  -62.99250  -62.25317 1153984287 208.299638    34.6181 0.0000e+00
    840.000     0.7186   2.974222     0.7187   2.974550    5.40765    -0.0743    13.8155 0.0000e+00  -62.99250  -62.25317 1153984289 208.299651    34.6180 0.0000e+00
    841.000     0.7178   2.974179     0.7178   2.974514    5.40903    -0.0785    13.8155 0.0000e+00  -62.99250  -62.25317 1153984290 208.299663    34.6178 0.0000e+00
    842.000     0.7186   2.974322     0.7191   2.974670    5.40913    -0.0662    13.8155 0.0000e+00  -62.99250  -62.25317 1153984291 208.299676    34.6182 0.0000e+00
    843.000     0.7198   2.974454     0.7192   2.974733    5.40854    -0.0574    13.8155 0.0000e+00  -62.99250  -62.25317 1153984292 208.299691    34.6180 0.0000e+00
    844.000     0.7193   2.974459     0.7194   2.974797    5.40994    -0.0595    13.8155 0.0000e+00  -62.99250  -62.25317 1153984293 208.299705    34.6181 0.0000e+00
    845.000     0.7196   2.974534     0.7191   2.974808    5.40984    -0.0645    13.8155 0.0000e+00  -62.99250  -62.25317 1153984294 208.299718    34.6181 0.0000e+00
    846.000     0.7192   2.974546     0.7187   2.974819    5.40792    -0.0430    13.8155 0.0000e+00  -62.99250  -62.25317 1153984296 208.299734    34.6182 0.0000e+00
    847.000     0.7139   2.974120     0.7120   2.974284    5.41091    -0.0634    13.8155 0.0000e+00  -62.99250  -62.25317 1153984298 208.299760    34.6180 0.0000e+00
    848.000     0.7125   2.974037     0.7124   2.974368    5.41481    -0.0822    13.8155 0.0000e+00  -62.99250  -62.25317 1153984299 208.299776    34.6181 0.0000e+00
    849.000     0.7123   2.974070     0.7123   2.974410    5.41453    -0.0747    13.8155 0.0000e+00  -62.99250  -62.25317 1153984300 208.299788    34.6181 0.0000e+00
    850.000     0.7118   2.974073     0.7121   2.974420    5.41669    -0.0454    13.8155 0.0000e+00  -62.99250  -62.25317 1153984301 208.299800    34.6181 0.0000e+00
    851.000     0.7062   2.973594     0.7061   2.973952    5.41731    -0.0767    13.8155 0.0000e+00  -62.99250  -62.25317 1153984303 208.299812    34.6176 0.0000e+00
    852.000     0.7008   2.973179     0.7007   2.973497    5.41811    -0.0617    13.8155 0.0000e+00  -62.99250  -62.25317 1153984304 208.299825    34.6180 0.0000e+00
    853.000     0.7041   2.973497     0.7029   2.973733    5.41876    -0.0577    13.8155 0.0000e+00  -62.99250  -62.25317 1153984305 208.299838    34.6177 0.0000e+00
    854.000     0.6994   2.973131     0.6993   2.973449    5.41924    -0.0596    13.8155 0.0000e+00  -62.99250  -62.25317 1153984306 208.299857    34.6177 0.0000e+00
    855.000     0.6990   2.973140     0.6994   2.973516    5.42071    -0.0949    13.8155 0.0000e+00  -62.99250  -62.25317 1153984308 208.299878    34.6176 0.0000e+00
    856.000     0.6992   2.973197     0.6988   2.973504    5.41952    -0.0640    13.8155 0.0000e+00  -62.99250  -62.25317 1153984309 208.299892    34.6175 0.0000e+00
    857.000     0.7006   2.973380     0.7004   2.973676    5.42073    -0.0633    13.8155 0.0000e+00  -62.99250  -62.25317 1153984310 208.299904    34.6176 0.0000e+00
    858.000     0.7016   2.973519     0.7014   2.973820    5.42220    -0.0870    13.8155 0.0000e+00  -62.99250  -62.25317 1153984312 208.299918    34.6177 0.0000e+00
    859.000     0.6991   2.973317     0.6992   2.973670    5.42276    -0.0579    13.8155 0.0000e+00  -62.99250  -62.25317 1153984313 208.299933    34.6174 0.0000e+00
    860.000     0.6993   2.973395     0.6992   2.973709    5.42122    -0.0517    13.8155 0.0000e+00  -62.99250  -62.25317 1153984314 208.299948    34.6175 0.0000e+00
    861.000     0.7004   2.973531     0.6996   2.973779    5.42213    -0.0641    13.8155 0.0000e+00  -62.99250  -62.25317 1153984316 208.299964    34.6175 0.0000e+00
    862.000     0.6997   2.973513     0.6996   2.973833    5.42458    -0.0597    13.8155 0.0000e+00  -62.99250  -62.25317 1153984317 208.299979    34.6175 0.0000e+00
    863.000     0.7000   2.973597     0.7001   2.973926    5.42556    -0.0689    13.8155 0.0000e+00  -62.99250  -62.25317 1153984318 208.299993    34.6176 0.0000e+00
    864.000     0.7004   2.973670     0.7006   2.974016    5.42493    -0.0733    13.8155 0.0000e+00  -62.99250  -62.25317 1153984319 208.300006    34.6175 0.0000e+00
    865.000     0.7007   2.973744     0.7007   2.974064    5.42498    -0.0780    13.8155 0.0000e+00  -62.99250  -62.25317 1153984320 208.300020    34.6175 0.0000e+00
    866.000     0.6998   2.973700     0.6984   2.973928    5.42591    -0.0752    13.8155 0.0000e+00  -62.99250  -62.25317 1153984322 208.300037    34.6174 0.0000e+00
    867.000     0.6908   2.972937     0.6926   2.973437    5.42751    -0.0688    13.8155 0.0000e+00  -62.99250  -62.25317 1153984323 208.300054    34.6172 0.0000e+00
