product_data/regression_test/downloaded_data/MDGS/320620060703/ctd/adapted/heads_insert_p6611901.cnv
* Sea-Bird SBE 9 Data File:
* FileName = D:\Data\Raw\p6611901.dat
* Software Version Seasave Win32 V 5.32
* Temperature SN = 1649
* Conductivity SN = 1431
* Number of Bytes Per Scan = 37
* Number of Voltage Words = 5
* Number of Scans Averaged by the Deck Unit = 1
* NMEA Latitude = 61 13.55 S
* NMEA Longitude = 054 24.71 W
* NMEA UTC (Time) = 20:24:51
** Ship:   Nathaniel B. Palmer 
** Cruise:    NBP0606 
# nquan = 15
# nvalues = 499                         
# units = specified
# name 0 = prDM: Pressure, Digiquartz [db]
# name 1 = t090C: Temperature [ITS-90, deg C]
# name 2 = c0S/m: Conductivity [S/m]
# name 3 = t190C: Temperature, 2 [ITS-90, deg C]
# name 4 = c1S/m: Conductivity, 2 [S/m]
# name 5 = sbeox0ML/L: Oxygen, SBE 43 [ml/l]
# name 6 = flECO-AFL: Fluorescence, Wetlab ECO-AFL/FL [mg/m^3]
# name 7 = bat: Beam Attenuation, Chelsea/Seatech/Wetlab CStar [1/m]
# name 8 = spar: SPAR/Surface Irradiance
# name 9 = latitude: Latitude [deg]
# name 10 = longitude: Longitude [deg]
# name 11 = timeY: Time, System [seconds]
# name 12 = timeJ: Julian Days
# name 13 = sal00: Salinity [PSU]
# name 14 = flag: flag
# span 0 =      3.000,    501.000       
# span 1 =    -1.2183,    -0.2569       
# span 2 =   2.740580,   2.860232       
# span 3 =    -1.2186,    -0.2559       
# span 4 =   2.741370,   2.860611       
# span 5 =    6.29956,    7.76302       
# span 6 =    -0.0845,     0.4094       
# span 7 =    13.8155,    13.8155       
# span 8 = 0.0000e+00, 0.0000e+00       
# span 9 =  -61.22583,  -61.22583       
# span 10 =  -54.41183,  -54.41183      
# span 11 = 1152908699, 1152909502      
# span 12 = 195.850697, 195.859999      
# span 13 =    34.1761,    34.5224      
# span 14 = 0.0000e+00, 0.0000e+00      
# interval = decibars: 1                
# start_time = Jul 14 2006 20:24:59
# bad_flag = -9.990e-29
*END*
[from data line 97]
     99.000    -0.4966   2.813048    -0.5053   2.812649    7.06854     0.2839    13.8155 0.0000e+00  -61.22583  -54.41183 1152908932 195.853401    34.2924 0.0000e+00
    100.000    -0.4776   2.814858    -0.4751   2.815473    7.06502     0.2779    13.8155 0.0000e+00  -61.22583  -54.41183 1152908934 195.853421    34.2940 0.0000e+00
    101.000    -0.4808   2.814593    -0.4794   2.815153    7.06571     0.2427    13.8155 0.0000e+00  -61.22583  -54.41183 1152908935 195.853437    34.2936 0.0000e+00
    102.000    -0.4832   2.814440    -0.4808   2.815052    7.06390     0.2548    13.8155 0.0000e+00  -61.22583  -54.41183 1152908937 195.853453    34.2939 0.0000e+00
    103.000    -0.4881   2.814011    -0.4860   2.814638    7.06457     0.2239    13.8155 0.0000e+00  -61.22583  -54.41183 1152908938 195.853469    34.2931 0.0000e+00
    104.000    -0.5022   2.812708    -0.4998   2.813401    7.07163     0.2303    13.8155 0.0000e+00  -61.22583  -54.41183 1152908939 195.853484    34.2913 0.0000e+00
    105.000    -0.5069   2.812347    -0.5038   2.813049    7.07346     0.2203    13.8155 0.0000e+00  -61.22583  -54.41183 1152908941 195.853504    34.2915 0.0000e+00
    106.000    -0.4864   2.814355    -0.4870   2.814654    7.07519     0.1874    13.8155 0.0000e+00  -61.22583  -54.41183 1152908943 195.853523    34.2940 0.0000e+00
    107.000    -0.4914   2.813862    -0.4902   2.814445    7.06964     0.1807    13.8155 0.0000e+00  -61.22583  -54.41183 1152908944 195.853537    34.2924 0.0000e+00
    108.000    -0.4825   2.814840    -0.4819   2.815227    7.06546     0.1714    13.8155 0.0000e+00  -61.22583  -54.41183 1152908945 195.853550    34.2951 0.0000e+00
    109.000    -0.4732   2.815731    -0.4730   2.816148    7.05782     0.1686    13.8155 0.0000e+00  -61.22583  -54.41183 1152908947 195.853566    34.2952 0.0000e+00
    110.000    -0.4542   2.817603    -0.4511   2.818218    7.04132     0.1645    13.8155 0.0000e+00  -61.22583  -54.41183 1152908949 195.853590    34.2981 0.0000e+00
    111.000    -0.4498   2.818022    -0.4510   2.818340    7.03978     0.1540    13.8155 0.0000e+00  -61.22583  -54.41183 1152908950 195.853606    34.2979 0.0000e+00
    112.000    -0.4574   2.817423    -0.4557   2.817969    7.03317     0.1429    13.8155 0.0000e+00  -61.22583  -54.41183 1152908951 195.853616    34.2986 0.0000e+00
    113.000    -0.4450   2.818606    -0.4442   2.819040    7.02917     0.1451    13.8155 0.0000e+00  -61.22583  -54.41183 1152908952 195.853626    34.2994 0.0000e+00
    114.000    -0.4304   2.820190    -0.4277   2.820756    7.02299     0.1386    13.8155 0.0000e+00  -61.22583  -54.41183 1152908953 195.853636    34.3033 0.0000e+00
    115.000    -0.4352   2.819672    -0.4344   2.820203    7.01799     0.1270    13.8155 0.0000e+00  -61.22583  -54.41183 1152908954 195.853647    34.3010 0.0000e+00
    116.000    -0.4357   2.819710    -0.4339   2.820257    7.00987     0.1221    13.8155 0.0000e+00  -61.22583  -54.41183 1152908955 195.853664    34.3019 0.0000e+00
    117.000    -0.4259   2.820774    -0.4233   2.821391    7.00194     0.1353    13.8155 0.0000e+00  -61.22583  -54.41183 1152908957 195.853684    34.3045 0.0000e+00
    118.000    -0.4183   2.821628    -0.4164   2.822194    6.99297     0.1203    13.8155 0.0000e+00  -61.22583  -54.41183 1152908958 195.853699    34.3066 0.0000e+00
    119.000    -0.4083   2.822754    -0.4049   2.823419    6.98539     0.1253    13.8155 0.0000e+00  -61.22583  -54.41183 1152908959 195.853711    34.3098 0.0000e+00
    120.000    -0.4030   2.823335    -0.4013   2.823859    6.97515     0.1168    13.8155 0.0000e+00  -61.22583  -54.41183 1152908960 195.853725    34.3107 0.0000e+00
    121.000    -0.4015   2.823537    -0.3997   2.824067    6.96751     0.1256    13.8155 0.0000e+00  -61.22583  -54.41183 1152908962 195.853742    34.3114 0.0000e+00
    122.000    -0.3970   2.824032    -0.3962   2.824490    6.96325     0.1128    13.8155 0.0000e+00  -61.22583  -54.41183 1152908963 195.853758    34.3122 0.0000e+00
    123.000    -0.3972   2.824099    -0.3950   2.824631    6.96087     0.1241    13.8155 0.0000e+00  -61.22583  -54.41183 1152908964 195.853769    34.3129 0.0000e+00
    124.000    -0.3916   2.824765    -0.3903   2.825266    6.95820     0.0997    13.8155 0.0000e+00  -61.22583  -54.41183 1152908965 195.853779    34.3148 0.0000e+00
    125.000    -0.3915   2.824810    -0.3902   2.825298    6.95416     0.0919    13.8155 0.0000e+00  -61.22583  -54.41183 1152908966 195.853793    34.3147 0.0000e+00
    126.000    -0.3901   2.825028    -0.3884   2.825589    6.94702     0.1094    13.8155 0.0000e+00  -61.22583  -54.41183 1152908968 195.853815    34.3157 0.0000e+00
    127.000    -0.3872   2.825513    -0.3848   2.826131    6.93620     0.1014    13.8155 0.0000e+00  -61.22583  -54.41183 1152908969 195.853831    34.3185 0.0000e+00
    128.000    -0.3832   2.826092    -0.3820   2.826579    6.92891     0.0903    13.8155 0.0000e+00  -61.22583  -54.41183 1152908970 195.853842    34.3209 0.0000e+00
    129.000    -0.3829   2.826156    -0.3817   2.826637    6.92447     0.0997    13.8155 0.0000e+00  -61.22583  -54.41183 1152908971 195.853851    34.3209 0.0000e+00
    130.000    -0.3831   2.826186    -0.3819   2.826697    6.91905     0.1072    13.8155 0.0000e+00  -61.22583  -54.41183 1152908972 195.853862    34.3210 0.0000e+00
    131.000    -0.3829   2.826282    -0.3814   2.826800    6.90899     0.0979    13.8155 0.0000e+00  -61.22583  -54.41183 1152908974 195.853882    34.3216 0.0000e+00
    132.000    -0.3821   2.826449    -0.3810   2.826913    6.90223     0.0726    13.8155 0.0000e+00  -61.22583  -54.41183 1152908976 195.853908    34.3223 0.0000e+00
    133.000    -0.3820   2.826497    -0.3800   2.827078    6.90135     0.0616    13.8155 0.0000e+00  -61.22583  -54.41183 1152908977 195.853922    34.3223 0.0000e+00
    134.000    -0.3801   2.826785    -0.3787   2.827290    6.90085     0.0795    13.8155 0.0000e+00  -61.22583  -54.41183 1152908978 195.853934    34.3234 0.0000e+00
    135.000    -0.3792   2.826940    -0.3778   2.827443    6.90092     0.0851    13.8155 0.0000e+00  -61.22583  -54.41183 1152908979 195.853944    34.3239 0.0000e+00
    136.000    -0.3777   2.827175    -0.3764   2.827670    6.90051     0.0659    13.8155 0.0000e+00  -61.22583  -54.41183 1152908980 195.853954    34.3247 0.0000e+00
    137.000    -0.3777   2.827216    -0.3763   2.827731    6.89618     0.0559    13.8155 0.0000e+00  -61.22583  -54.41183 1152908981 195.853964    34.3247 0.0000e+00
    138.000    -0.3793   2.827316    -0.3785   2.827846    6.89113     0.0753    13.8155 0.0000e+00  -61.22583  -54.41183 1152908982 195.853977    34.3273 0.0000e+00
    139.000    -0.3801   2.827508    -0.3786   2.828027    6.88390     0.0867    13.8155 0.0000e+00  -61.22583  -54.41183 1152908984 195.853999    34.3302 0.0000e+00
    140.000    -0.3814   2.827495    -0.3802   2.828011    6.88568     0.0802    13.8155 0.0000e+00  -61.22583  -54.41183 1152908986 195.854024    34.3309 0.0000e+00
    141.000    -0.3836   2.827374    -0.3823   2.827912    6.88061     0.0605    13.8155 0.0000e+00  -61.22583  -54.41183 1152908987 195.854037    34.3313 0.0000e+00
    142.000    -0.3835   2.827406    -0.3824   2.827899    6.87750     0.0784    13.8155 0.0000e+00  -61.22583  -54.41183 1152908988 195.854047    34.3309 0.0000e+00
    143.000    -0.3933   2.826682    -0.3932   2.827144    6.87378     0.0838    13.8155 0.0000e+00  -61.22583  -54.41183 1152908989 195.854058    34.3328 0.0000e+00
    144.000    -0.4117   2.825424    -0.4166   2.825490    6.87259     0.1193    13.8155 0.0000e+00  -61.22583  -54.41183 1152908990 195.854069    34.3356 0.0000e+00
    145.000    -0.4317   2.823990    -0.4300   2.824545    6.86968     0.1330    13.8155 0.0000e+00  -61.22583  -54.41183 1152908991 195.854084    34.3392 0.0000e+00
    146.000    -0.4291   2.824183    -0.4277   2.824704    6.86799     0.1092    13.8155 0.0000e+00  -61.22583  -54.41183 1152908993 195.854101    34.3379 0.0000e+00
    147.000    -0.4256   2.824465    -0.4243   2.824981    6.86436     0.0886    13.8155 0.0000e+00  -61.22583  -54.41183 1152908994 195.854120    34.3367 0.0000e+00
    148.000    -0.4263   2.824469    -0.4252   2.824990    6.86634     0.0828    13.8155 0.0000e+00  -61.22583  -54.41183 1152908996 195.854135    34.3369 0.0000e+00
    149.000    -0.4266   2.824503    -0.4254   2.825018    6.86740     0.0864    13.8155 0.0000e+00  -61.22583  -54.41183 1152908997 195.854146    34.3370 0.0000e+00
    150.000    -0.4287   2.824425    -0.4273   2.824973    6.86678     0.0749    13.8155 0.0000e+00  -61.22583  -54.41183 1152908998 195.854158    34.3377 0.0000e+00
    151.000    -0.4257   2.824696    -0.4245   2.825207    6.86632     0.0732    13.8155 0.0000e+00  -61.22583  -54.41183 1152908999 195.854173    34.3372 0.0000e+00
    152.000    -0.4279   2.824560    -0.4262   2.825106    6.86722     0.0366    13.8155 0.0000e+00  -61.22583  -54.41183 1152909001 195.854195    34.3372 0.0000e+00
    153.000    -0.4275   2.824651    -0.4253   2.825220    6.86833     0.0439    13.8155 0.0000e+00  -61.22583  -54.41183 1152909002 195.854210    34.3373 0.0000e+00
    154.000    -0.4236   2.825005    -0.4234   2.825431    6.86723     0.0401    13.8155 0.0000e+00  -61.22583  -54.41183 1152909003 195.854222    34.3369 0.0000e+00
    155.000    -0.4259   2.824859    -0.4253   2.825326    6.86555     0.0132    13.8155 0.0000e+00  -61.22583  -54.41183 1152909004 195.854233    34.3369 0.0000e+00
    156.000    -0.4273   2.824827    -0.4261   2.825327    6.86644     0.0168    13.8155 0.0000e+00  -61.22583  -54.41183 1152909005 195.854244    34.3375 0.0000e+00
    157.000    -0.4270   2.824883    -0.4256   2.825401    6.86633     0.0163    13.8155 0.0000e+00  -61.22583  -54.41183 1152909006 195.854258    34.3373 0.0000e+00
    158.000    -0.4266   2.824954    -0.4254   2.825461    6.86833     0.0014    13.8155 0.0000e+00  -61.22583  -54.41183 1152909008 195.854275    34.3371 0.0000e+00
    159.000    -0.4269   2.824980    -0.4258   2.825473    6.86765    -0.0074    13.8155 0.0000e+00  -61.22583  -54.41183 1152909009 195.854292    34.3372 0.0000e+00
    160.000    -0.4258   2.825138    -0.4238   2.825683    6.86458     0.0008    13.8155 0.0000e+00  -61.22583  -54.41183 1152909011 195.854307    34.3373 0.0000e+00
    161.000    -0.4274   2.825083    -0.4263   2.825591    6.86292    -0.0032    13.8155 0.0000e+00  -61.22583  -54.41183 1152909012 195.854321    34.3378 0.0000e+00
    162.000    -0.4319   2.824858    -0.4300   2.825374    6.86278     0.0009    13.8155 0.0000e+00  -61.22583  -54.41183 1152909013 195.854338    34.3395 0.0000e+00
    163.000    -0.4238   2.825456    -0.4225   2.825967    6.86336    -0.0217    13.8155 0.0000e+00  -61.22583  -54.41183 1152909015 195.854354    34.3375 0.0000e+00
    164.000    -0.4243   2.825474    -0.4218   2.826075    6.86449    -0.0106    13.8155 0.0000e+00  -61.22583  -54.41183 1152909016 195.854368    34.3375 0.0000e+00
    165.000    -0.4263   2.825372    -0.4233   2.826007    6.86489    -0.0176    13.8155 0.0000e+00  -61.22583  -54.41183 1152909017 195.854382    34.3380 0.0000e+00
    166.000    -0.4238   2.825601    -0.4219   2.826141    6.86555    -0.0195    13.8155 0.0000e+00  -61.22583  -54.41183 1152909018 195.854395    34.3375 0.0000e+00
    167.000    -0.4234   2.825626    -0.4223   2.826119    6.86368    -0.0127    13.8155 0.0000e+00  -61.22583  -54.41183 1152909019 195.854407    34.3368 0.0000e+00
    168.000    -0.4240   2.825633    -0.4228   2.826131    6.86364    -0.0101    13.8155 0.0000e+00  -61.22583  -54.41183 1152909020 195.854420    34.3370 0.0000e+00
    169.000    -0.4219   2.825843    -0.4194   2.826424    6.86439    -0.0235    13.8155 0.0000e+00  -61.22583  -54.41183 1152909022 195.854435    34.3367 0.0000e+00
    170.000    -0.4226   2.825783    -0.4208   2.826316    6.86501    -0.0206    13.8155 0.0000e+00  -61.22583  -54.41183 1152909023 195.854453    34.3362 0.0000e+00
    171.000    -0.4195   2.826090    -0.4186   2.826561    6.86700    -0.0136    13.8155 0.0000e+00  -61.22583  -54.41183 1152909025 195.854468    34.3360 0.0000e+00
    172.000    -0.4233   2.825825    -0.4215   2.826350    6.86805    -0.0263    13.8155 0.0000e+00  -61.22583  -54.41183 1152909026 195.854482    34.3363 0.0000e+00
    173.000    -0.4216   2.826003    -0.4202   2.826497    6.86899    -0.0158    13.8155 0.0000e+00  -61.22583  -54.41183 1152909027 195.854496    34.3362 0.0000e+00
    174.000    -0.4207   2.826129    -0.4197   2.826616    6.87048    -0.0244    13.8155 0.0000e+00  -61.22583  -54.41183 1152909028 195.854512    34.3361 0.0000e+00
    175.000    -0.4258   2.825790    -0.4255   2.826221    6.87068    -0.0301    13.8155 0.0000e+00  -61.22583  -54.41183 1152909030 195.854529    34.3369 0.0000e+00
    176.000    -0.4283   2.825652    -0.4271   2.826164    6.86969    -0.0237    13.8155 0.0000e+00  -61.22583  -54.41183 1152909031 195.854542    34.3373 0.0000e+00
    177.000    -0.4301   2.825559    -0.4282   2.826098    6.87058    -0.0238    13.8155 0.0000e+00  -61.22583  -54.41183 1152909032 195.854555    34.3376 0.0000e+00
    178.000    -0.4303   2.825583    -0.4290   2.826095    6.87207    -0.0181    13.8155 0.0000e+00  -61.22583  -54.41183 1152909033 195.854572    34.3376 0.0000e+00
    179.000    -0.4301   2.825669    -0.4286   2.826183    6.86998    -0.0190    13.8155 0.0000e+00  -61.22583  -54.41183 1152909035 195.854587    34.3378 0.0000e+00
    180.000    -0.4292   2.825799    -0.4280   2.826285    6.86631    -0.0246    13.8155 0.0000e+00  -61.22583  -54.41183 1152909036 195.854597    34.3379 0.0000e+00
    181.000    -0.4294   2.825814    -0.4281   2.826327    6.86650    -0.0043    13.8155 0.0000e+00  -61.22583  -54.41183 1152909036 195.854606    34.3378 0.0000e+00
    182.000    -0.4295   2.825858    -0.4283   2.826365    6.86566    -0.0103    13.8155 0.0000e+00  -61.22583  -54.41183 1152909037 195.854615    34.3378 0.0000e+00
    183.000    -0.4299   2.825901    -0.4287   2.826388    6.86705    -0.0155    13.8155 0.0000e+00  -61.22583  -54.41183 1152909039 195.854638    34.3382 0.0000e+00
    184.000    -0.4293   2.825981    -0.4286   2.826450    6.87066    -0.0252    13.8155 0.0000e+00  -61.22583  -54.41183 1152909042 195.854674    34.3379 0.0000e+00
    185.000    -0.4304   2.825979    -0.4292   2.826478    6.86877    -0.0273    13.8155 0.0000e+00  -61.22583  -54.41183 1152909043 195.854683    34.3386 0.0000e+00
    186.000    -0.4284   2.826158    -0.4268   2.826671    6.86892    -0.0182    13.8155 0.0000e+00  -61.22583  -54.41183 1152909044 195.854691    34.3381 0.0000e+00
    187.000    -0.4277   2.826223    -0.4260   2.826744    6.86871    -0.0277    13.8155 0.0000e+00  -61.22583  -54.41183 1152909044 195.854700    34.3375 0.0000e+00
    188.000    -0.4292   2.826167    -0.4303   2.826554    6.86754    -0.0038    13.8155 0.0000e+00  -61.22583  -54.41183 1152909045 195.854708    34.3377 0.0000e+00
    189.000    -0.4362   2.825817    -0.4351   2.826308    6.86359    -0.0239    13.8155 0.0000e+00  -61.22583  -54.41183 1152909046 195.854721    34.3406 0.0000e+00
    190.000    -0.4358   2.825888    -0.4342   2.826395    6.86183    -0.0194    13.8155 0.0000e+00  -61.22583  -54.41183 1152909048 195.854738    34.3405 0.0000e+00
    191.000    -0.4361   2.825920    -0.4349   2.826407    6.86227    -0.0227    13.8155 0.0000e+00  -61.22583  -54.41183 1152909049 195.854752    34.3406 0.0000e+00
    192.000    -0.4363   2.825941    -0.4351   2.826440    6.86315    -0.0130    13.8155 0.0000e+00  -61.22583  -54.41183 1152909050 195.854767    34.3406 0.0000e+00
    193.000    -0.4362   2.826005    -0.4350   2.826494    6.86656    -0.0223    13.8155 0.0000e+00  -61.22583  -54.41183 1152909052 195.854786    34.3406 0.0000e+00
