product_data/regression_test/downloaded_data/MDGS/320620060703/ctd/adapted/heads_insert_p6609311.cnv
* Sea-Bird SBE 9 Data File:
* FileName = D:\Data\Raw\p6609311.dat
* Software Version Seasave Win32 V 5.32
* Temperature SN = 1649
* Conductivity SN = 1431
* Number of Bytes Per Scan = 37
* Number of Voltage Words = 5
* Number of Scans Averaged by the Deck Unit = 1
* NMEA Latitude = 61 07.50 S
* NMEA Longitude = 058 05.61 W
* NMEA UTC (Time) = 11:04:14
** Ship:   Nathaniel B. Palmer nbp
** Cruise:    NBP0606 nbp0606
# nquan = 15
# nvalues = 2995                        
# units = specified
# name 0 = prDM: Pressure, Digiquartz [db]
# name 1 = t090C: Temperature [ITS-90, deg C]
# name 2 = c0S/m: Conductivity [S/m]
# name 3 = t190C: Temperature, 2 [ITS-90, deg C]
# name 4 = c1S/m: Conductivity, 2 [S/m]
# name 5 = sbeox0ML/L: Oxygen, SBE 43 [ml/l]
# name 6 = flECO-AFL: Fluorescence, Wetlab ECO-AFL/FL [mg/m^3]
# name 7 = bat: Beam Attenuation, Chelsea/Seatech/Wetlab CStar [1/m]
# name 8 = spar: SPAR/Surface Irradiance
# name 9 = latitude: Latitude [deg]
# name 10 = longitude: Longitude [deg]
# name 11 = timeY: Time, System [seconds]
# name 12 = timeJ: Julian Days
# name 13 = sal00: Salinity [PSU]
# name 14 = flag: flag
# span 0 =     15.000,   3009.000       
# span 1 =    -0.8034,     1.9378       
# span 2 =   2.758315,   3.067531       
# span 3 =    -0.8043,     1.9396       
# span 4 =   2.759094,   3.067839       
# span 5 =    1.43364,    8.00709       
# span 6 =    -0.1381,     0.4587       
# span 7 =    13.8155,    13.8155       
# span 8 = -1.642e-01, 1.9577e+00       
# span 9 =  -61.12500,  -61.12500       
# span 10 =  -58.09350,  -58.09350      
# span 11 = 1152615861, 1152619842      
# span 12 = 192.461351, 192.507449      
# span 13 =    33.9431,    34.7278      
# span 14 = 0.0000e+00, 0.0000e+00      
# interval = decibars: 1                
# start_time = Jul 11 2006 11:04:21
# bad_flag = -9.990e-29
*END*
[from data line 2892]
   2906.000     0.5054   3.046297     0.5055   3.046567    1.52218    -0.1220    13.8155 0.0000e+00  -61.12500  -58.09350 1152619703 192.505841    34.6995 0.0000e+00
   2907.000     0.5054   3.046351     0.5053   3.046603    1.52215    -0.1245    13.8155 0.0000e+00  -61.12500  -58.09350 1152619704 192.505848    34.6996 0.0000e+00
   2908.000     0.5054   3.046384     0.5055   3.046630    1.52215    -0.1150    13.8155 0.0000e+00  -61.12500  -58.09350 1152619704 192.505855    34.6996 0.0000e+00
   2909.000     0.5057   3.046447     0.5059   3.046710    1.52215    -0.1066    13.8155 0.0000e+00  -61.12500  -58.09350 1152619705 192.505863    34.6996 0.0000e+00
   2910.000     0.5055   3.046466     0.5058   3.046724    1.52252    -0.1170    13.8155 0.0000e+00  -61.12500  -58.09350 1152619707 192.505886    34.6996 0.0000e+00
   2911.000     0.5054   3.046527     0.5058   3.046786    1.52354    -0.1242    13.8155 0.0000e+00  -61.12500  -58.09350 1152619711 192.505934    34.7000 0.0000e+00
   2912.000     0.5058   3.046570     0.5059   3.046828    1.52359    -0.1205    13.8155 0.0000e+00  -61.12500  -58.09350 1152619712 192.505942    34.6997 0.0000e+00
   2913.000     0.5056   3.046597     0.5059   3.046860    1.52363    -0.1037    13.8155 0.0000e+00  -61.12500  -58.09350 1152619713 192.505951    34.6998 0.0000e+00
   2914.000     0.5058   3.046639     0.5060   3.046900    1.52366    -0.1317    13.8155 0.0000e+00  -61.12500  -58.09350 1152619713 192.505959    34.6996 0.0000e+00
   2915.000     0.5055   3.046657     0.5058   3.046926    1.52375    -0.1213    13.8155 0.0000e+00  -61.12500  -58.09350 1152619714 192.505967    34.6996 0.0000e+00
   2916.000     0.5056   3.046695     0.5060   3.046967    1.52391    -0.1086    13.8155 0.0000e+00  -61.12500  -58.09350 1152619715 192.505976    34.6995 0.0000e+00
   2917.000     0.5056   3.046736     0.5060   3.047002    1.52426    -0.1164    13.8155 0.0000e+00  -61.12500  -58.09350 1152619716 192.505995    34.6996 0.0000e+00
   2918.000     0.5056   3.046770     0.5056   3.047000    1.52477    -0.1169    13.8155 0.0000e+00  -61.12500  -58.09350 1152619719 192.506022    34.6996 0.0000e+00
   2919.000     0.5054   3.046794     0.5057   3.047055    1.52486    -0.1176    13.8155 0.0000e+00  -61.12500  -58.09350 1152619720 192.506033    34.6996 0.0000e+00
   2920.000     0.5055   3.046840     0.5057   3.047098    1.52486    -0.1026    13.8155 0.0000e+00  -61.12500  -58.09350 1152619721 192.506044    34.6996 0.0000e+00
   2921.000     0.5054   3.046864     0.5057   3.047131    1.52488    -0.0965    13.8155 0.0000e+00  -61.12500  -58.09350 1152619721 192.506054    34.6995 0.0000e+00
   2922.000     0.5052   3.046889     0.5055   3.047155    1.52496    -0.0953    13.8155 0.0000e+00  -61.12500  -58.09350 1152619722 192.506065    34.6996 0.0000e+00
   2923.000     0.5051   3.046922     0.5055   3.047179    1.52545    -0.1170    13.8155 0.0000e+00  -61.12500  -58.09350 1152619725 192.506091    34.6996 0.0000e+00
   2924.000     0.5053   3.046970     0.5056   3.047232    1.52623    -0.1200    13.8155 0.0000e+00  -61.12500  -58.09350 1152619727 192.506123    34.6996 0.0000e+00
   2925.000     0.5053   3.047019     0.5057   3.047286    1.52651    -0.1168    13.8155 0.0000e+00  -61.12500  -58.09350 1152619728 192.506134    34.6997 0.0000e+00
   2926.000     0.5055   3.047073     0.5057   3.047326    1.52662    -0.1187    13.8155 0.0000e+00  -61.12500  -58.09350 1152619729 192.506144    34.6996 0.0000e+00
   2927.000     0.5056   3.047118     0.5057   3.047377    1.52665    -0.1092    13.8155 0.0000e+00  -61.12500  -58.09350 1152619730 192.506152    34.6996 0.0000e+00
   2928.000     0.5056   3.047140     0.5056   3.047397    1.52666    -0.0980    13.8155 0.0000e+00  -61.12500  -58.09350 1152619731 192.506160    34.6995 0.0000e+00
   2929.000     0.5054   3.047170     0.5057   3.047434    1.52668    -0.1191    13.8155 0.0000e+00  -61.12500  -58.09350 1152619731 192.506169    34.6995 0.0000e+00
   2930.000     0.5047   3.047147     0.5050   3.047404    1.52679    -0.1099    13.8155 0.0000e+00  -61.12500  -58.09350 1152619732 192.506178    34.6995 0.0000e+00
   2931.000     0.5039   3.047095     0.5040   3.047347    1.52691    -0.1088    13.8155 0.0000e+00  -61.12500  -58.09350 1152619733 192.506193    34.6994 0.0000e+00
   2932.000     0.5045   3.047203     0.5047   3.047441    1.52300    -0.1182    13.8155 0.0000e+00  -61.12500  -58.09350 1152619736 192.506225    34.6995 0.0000e+00
   2933.000     0.5033   3.047134     0.5035   3.047381    1.52126    -0.1045    13.8155 0.0000e+00  -61.12500  -58.09350 1152619738 192.506243    34.6995 0.0000e+00
   2934.000     0.5029   3.047127     0.5031   3.047376    1.52164    -0.1021    13.8155 0.0000e+00  -61.12500  -58.09350 1152619739 192.506263    34.6994 0.0000e+00
   2935.000     0.5009   3.046982     0.5010   3.047228    1.52207    -0.1104    13.8155 0.0000e+00  -61.12500  -58.09350 1152619741 192.506282    34.6993 0.0000e+00
   2936.000     0.4997   3.046927     0.5003   3.047222    1.52232    -0.1149    13.8155 0.0000e+00  -61.12500  -58.09350 1152619742 192.506294    34.6994 0.0000e+00
   2937.000     0.4999   3.046975     0.5001   3.047236    1.52256    -0.0992    13.8155 0.0000e+00  -61.12500  -58.09350 1152619743 192.506304    34.6994 0.0000e+00
   2938.000     0.4999   3.047016     0.5003   3.047287    1.52262    -0.1179    13.8155 0.0000e+00  -61.12500  -58.09350 1152619744 192.506313    34.6995 0.0000e+00
   2939.000     0.5000   3.047052     0.5002   3.047317    1.52264    -0.1197    13.8155 0.0000e+00  -61.12500  -58.09350 1152619745 192.506321    34.6992 0.0000e+00
   2940.000     0.4999   3.047086     0.5003   3.047355    1.52260    -0.0870    13.8155 0.0000e+00  -61.12500  -58.09350 1152619745 192.506330    34.6993 0.0000e+00
   2941.000     0.4999   3.047129     0.5003   3.047390    1.52257    -0.1069    13.8155 0.0000e+00  -61.12500  -58.09350 1152619746 192.506340    34.6994 0.0000e+00
   2942.000     0.4985   3.047026     0.4989   3.047300    1.52269    -0.1130    13.8155 0.0000e+00  -61.12500  -58.09350 1152619747 192.506355    34.6991 0.0000e+00
   2943.000     0.4995   3.047157     0.4994   3.047387    1.52349    -0.1134    13.8155 0.0000e+00  -61.12500  -58.09350 1152619751 192.506396    34.6992 0.0000e+00
   2944.000     0.4989   3.047146     0.4988   3.047383    1.52404    -0.1158    13.8155 0.0000e+00  -61.12500  -58.09350 1152619753 192.506419    34.6993 0.0000e+00
   2945.000     0.4992   3.047212     0.4994   3.047472    1.52419    -0.1164    13.8155 0.0000e+00  -61.12500  -58.09350 1152619754 192.506430    34.6993 0.0000e+00
   2946.000     0.4988   3.047216     0.4990   3.047485    1.52438    -0.1169    13.8155 0.0000e+00  -61.12500  -58.09350 1152619755 192.506440    34.6993 0.0000e+00
   2947.000     0.4989   3.047258     0.4990   3.047516    1.52442    -0.1161    13.8155 0.0000e+00  -61.12500  -58.09350 1152619756 192.506449    34.6992 0.0000e+00
   2948.000     0.4988   3.047288     0.4991   3.047558    1.52448    -0.1221    13.8155 0.0000e+00  -61.12500  -58.09350 1152619756 192.506457    34.6992 0.0000e+00
   2949.000     0.4988   3.047324     0.4991   3.047592    1.52453    -0.1142    13.8155 0.0000e+00  -61.12500  -58.09350 1152619757 192.506466    34.6992 0.0000e+00
   2950.000     0.4991   3.047392     0.4990   3.047611    1.52457    -0.1215    13.8155 0.0000e+00  -61.12500  -58.09350 1152619758 192.506476    34.6993 0.0000e+00
   2951.000     0.4987   3.047384     0.4987   3.047616    1.52480    -0.0987    13.8155 0.0000e+00  -61.12500  -58.09350 1152619759 192.506492    34.6991 0.0000e+00
   2952.000     0.4986   3.047411     0.4986   3.047640    1.52523    -0.1114    13.8155 0.0000e+00  -61.12500  -58.09350 1152619762 192.506522    34.6991 0.0000e+00
   2953.000     0.4975   3.047355     0.4980   3.047620    1.52494    -0.1133    13.8155 0.0000e+00  -61.12500  -58.09350 1152619764 192.506546    34.6991 0.0000e+00
   2954.000     0.4974   3.047392     0.4977   3.047646    1.52242    -0.1141    13.8155 0.0000e+00  -61.12500  -58.09350 1152619765 192.506561    34.6992 0.0000e+00
   2955.000     0.4975   3.047429     0.4977   3.047687    1.52339    -0.1183    13.8155 0.0000e+00  -61.12500  -58.09350 1152619766 192.506573    34.6991 0.0000e+00
   2956.000     0.4980   3.047510     0.4982   3.047773    1.52328    -0.1136    13.8155 0.0000e+00  -61.12500  -58.09350 1152619767 192.506583    34.6992 0.0000e+00
   2957.000     0.4980   3.047564     0.4984   3.047825    1.52275    -0.1003    13.8155 0.0000e+00  -61.12500  -58.09350 1152619768 192.506592    34.6993 0.0000e+00
   2958.000     0.4983   3.047622     0.4986   3.047875    1.52375    -0.1219    13.8155 0.0000e+00  -61.12500  -58.09350 1152619769 192.506601    34.6993 0.0000e+00
   2959.000     0.4990   3.047704     0.4990   3.047949    1.52287    -0.1292    13.8155 0.0000e+00  -61.12500  -58.09350 1152619769 192.506610    34.6990 0.0000e+00
   2960.000     0.4990   3.047753     0.4993   3.048003    1.52244    -0.1140    13.8155 0.0000e+00  -61.12500  -58.09350 1152619770 192.506620    34.6992 0.0000e+00
   2961.000     0.4993   3.047820     0.4996   3.048081    1.52305    -0.1198    13.8155 0.0000e+00  -61.12500  -58.09350 1152619773 192.506648    34.6991 0.0000e+00
   2962.000     0.4990   3.047842     0.4994   3.048114    1.52353    -0.1089    13.8155 0.0000e+00  -61.12500  -58.09350 1152619776 192.506687    34.6993 0.0000e+00
   2963.000     0.4988   3.047837     0.4992   3.048119    1.52255    -0.1225    13.8155 0.0000e+00  -61.12500  -58.09350 1152619777 192.506697    34.6990 0.0000e+00
   2964.000     0.4991   3.047912     0.4993   3.048166    1.52262    -0.1059    13.8155 0.0000e+00  -61.12500  -58.09350 1152619778 192.506707    34.6992 0.0000e+00
   2965.000     0.4990   3.047939     0.4992   3.048210    1.52256    -0.1199    13.8155 0.0000e+00  -61.12500  -58.09350 1152619779 192.506716    34.6991 0.0000e+00
   2966.000     0.4984   3.047931     0.4989   3.048204    1.52380    -0.1001    13.8155 0.0000e+00  -61.12500  -58.09350 1152619779 192.506725    34.6992 0.0000e+00
   2967.000     0.4990   3.048016     0.4990   3.048230    1.52233    -0.1109    13.8155 0.0000e+00  -61.12500  -58.09350 1152619780 192.506735    34.6992 0.0000e+00
   2968.000     0.4983   3.047983     0.4986   3.048250    1.52170    -0.1207    13.8155 0.0000e+00  -61.12500  -58.09350 1152619781 192.506746    34.6991 0.0000e+00
   2969.000     0.4991   3.048092     0.4993   3.048342    1.52183    -0.1150    13.8155 0.0000e+00  -61.12500  -58.09350 1152619782 192.506759    34.6991 0.0000e+00
   2970.000     0.4994   3.048154     0.4998   3.048420    1.52201    -0.1142    13.8155 0.0000e+00  -61.12500  -58.09350 1152619784 192.506774    34.6990 0.0000e+00
   2971.000     0.4996   3.048191     0.4999   3.048454    1.52241    -0.1190    13.8155 0.0000e+00  -61.12500  -58.09350 1152619786 192.506797    34.6989 0.0000e+00
   2972.000     0.4991   3.048194     0.4994   3.048464    1.52273    -0.1127    13.8155 0.0000e+00  -61.12500  -58.09350 1152619788 192.506819    34.6989 0.0000e+00
   2973.000     0.4994   3.048263     0.4997   3.048538    1.52283    -0.1115    13.8155 0.0000e+00  -61.12500  -58.09350 1152619789 192.506833    34.6990 0.0000e+00
   2974.000     0.4991   3.048277     0.4995   3.048544    1.52290    -0.1085    13.8155 0.0000e+00  -61.12500  -58.09350 1152619790 192.506845    34.6990 0.0000e+00
   2975.000     0.4988   3.048288     0.4992   3.048557    1.52308    -0.1125    13.8155 0.0000e+00  -61.12500  -58.09350 1152619791 192.506857    34.6991 0.0000e+00
   2976.000     0.4988   3.048325     0.4991   3.048582    1.52346    -0.1198    13.8155 0.0000e+00  -61.12500  -58.09350 1152619792 192.506876    34.6990 0.0000e+00
   2977.000     0.4989   3.048362     0.4992   3.048626    1.52407    -0.1142    13.8155 0.0000e+00  -61.12500  -58.09350 1152619795 192.506901    34.6989 0.0000e+00
   2978.000     0.4990   3.048426     0.4992   3.048678    1.52430    -0.1073    13.8155 0.0000e+00  -61.12500  -58.09350 1152619796 192.506914    34.6991 0.0000e+00
   2979.000     0.4991   3.048466     0.4995   3.048740    1.52441    -0.1116    13.8155 0.0000e+00  -61.12500  -58.09350 1152619797 192.506924    34.6990 0.0000e+00
   2980.000     0.4992   3.048525     0.4995   3.048787    1.52443    -0.1201    13.8155 0.0000e+00  -61.12500  -58.09350 1152619797 192.506933    34.6992 0.0000e+00
   2981.000     0.4989   3.048526     0.4992   3.048787    1.52445    -0.1152    13.8155 0.0000e+00  -61.12500  -58.09350 1152619798 192.506941    34.6991 0.0000e+00
   2982.000     0.4990   3.048569     0.4992   3.048826    1.52448    -0.1128    13.8155 0.0000e+00  -61.12500  -58.09350 1152619799 192.506950    34.6990 0.0000e+00
   2983.000     0.4989   3.048604     0.4992   3.048863    1.52454    -0.1128    13.8155 0.0000e+00  -61.12500  -58.09350 1152619800 192.506960    34.6991 0.0000e+00
   2984.000     0.4989   3.048631     0.4991   3.048882    1.52473    -0.1174    13.8155 0.0000e+00  -61.12500  -58.09350 1152619801 192.506981    34.6990 0.0000e+00
   2985.000     0.4991   3.048684     0.4993   3.048938    1.52531    -0.1128    13.8155 0.0000e+00  -61.12500  -58.09350 1152619805 192.507019    34.6990 0.0000e+00
   2986.000     0.4990   3.048720     0.4994   3.048984    1.52590    -0.1166    13.8155 0.0000e+00  -61.12500  -58.09350 1152619807 192.507042    34.6991 0.0000e+00
   2987.000     0.4992   3.048778     0.4995   3.049038    1.52624    -0.1104    13.8155 0.0000e+00  -61.12500  -58.09350 1152619808 192.507056    34.6991 0.0000e+00
   2988.000     0.4995   3.048841     0.4997   3.049099    1.52639    -0.1169    13.8155 0.0000e+00  -61.12500  -58.09350 1152619809 192.507066    34.6992 0.0000e+00
   2989.000     0.4996   3.048890     0.4999   3.049153    1.52641    -0.1062    13.8155 0.0000e+00  -61.12500  -58.09350 1152619810 192.507075    34.6991 0.0000e+00
   2990.000     0.4995   3.048917     0.4997   3.049186    1.52640    -0.1110    13.8155 0.0000e+00  -61.12500  -58.09350 1152619810 192.507082    34.6991 0.0000e+00
   2991.000     0.4997   3.048971     0.5000   3.049238    1.52639    -0.1188    13.8155 0.0000e+00  -61.12500  -58.09350 1152619811 192.507090    34.6991 0.0000e+00
   2992.000     0.5000   3.049027     0.5002   3.049284    1.52638    -0.1058    13.8155 0.0000e+00  -61.12500  -58.09350 1152619812 192.507097    34.6990 0.0000e+00
   2993.000     0.5002   3.049064     0.5002   3.049320    1.52641    -0.1143    13.8155 0.0000e+00  -61.12500  -58.09350 1152619812 192.507105    34.6988 0.0000e+00
   2994.000     0.4998   3.049091     0.5001   3.049353    1.52681    -0.1242    13.8155 0.0000e+00  -61.12500  -58.09350 1152619815 192.507133    34.6990 0.0000e+00
   2995.000     0.5003   3.049184     0.5008   3.049453    1.52755    -0.1208    13.8155 0.0000e+00  -61.12500  -58.09350 1152619818 192.507173    34.6992 0.0000e+00
   2996.000     0.5012   3.049285     0.5015   3.049546    1.52773    -0.1123    13.8155 0.0000e+00  -61.12500  -58.09350 1152619819 192.507184    34.6991 0.0000e+00
   2997.000     0.5015   3.049340     0.5016   3.049596    1.52790    -0.1050    13.8155 0.0000e+00  -61.12500  -58.09350 1152619820 192.507193    34.6990 0.0000e+00
   2998.000     0.5015   3.049400     0.5018   3.049661    1.52801    -0.1139    13.8155 0.0000e+00  -61.12500  -58.09350 1152619821 192.507203    34.6992 0.0000e+00
   2999.000     0.5017   3.049439     0.5020   3.049706    1.52808    -0.1114    13.8155 0.0000e+00  -61.12500  -58.09350 1152619822 192.507214    34.6991 0.0000e+00
   3000.000     0.5015   3.049468     0.5018   3.049731    1.52811    -0.1073    13.8155 0.0000e+00  -61.12500  -58.09350 1152619823 192.507224    34.6992 0.0000e+00
   3001.000     0.5015   3.049500     0.5018   3.049769    1.52818    -0.1134    13.8155 0.0000e+00  -61.12500  -58.09350 1152619824 192.507235    34.6991 0.0000e+00
