product_data/regression_test/downloaded_data/MDGS/320620060703/ctd/adapted/heads_insert_p6619404.cnv
* Sea-Bird SBE 9 Data File:
* FileName = D:\Data\Raw\p6619404.dat
* Software Version Seasave Win32 V 5.32
* Temperature SN = 1649
* Conductivity SN = 1431
* Number of Bytes Per Scan = 37
* Number of Voltage Words = 5
* Number of Scans Averaged by the Deck Unit = 1
* NMEA Latitude = 60 37.19 S
* NMEA Longitude = 055 40.25 W
* NMEA UTC (Time) = 04:56:00
** Ship:   Nathaniel B. Palmer 
** Cruise:    NBP0606 
# nquan = 15
# nvalues = 989                         
# units = specified
# name 0 = prDM: Pressure, Digiquartz [db]
# name 1 = t090C: Temperature [ITS-90, deg C]
# name 2 = c0S/m: Conductivity [S/m]
# name 3 = t190C: Temperature, 2 [ITS-90, deg C]
# name 4 = c1S/m: Conductivity, 2 [S/m]
# name 5 = sbeox0ML/L: Oxygen, SBE 43 [ml/l]
# name 6 = flECO-AFL: Fluorescence, Wetlab ECO-AFL/FL [mg/m^3]
# name 7 = bat: Beam Attenuation, Chelsea/Seatech/Wetlab CStar [1/m]
# name 8 = spar: SPAR/Surface Irradiance
# name 9 = latitude: Latitude [deg]
# name 10 = longitude: Longitude [deg]
# name 11 = timeY: Time, System [seconds]
# name 12 = timeJ: Julian Days
# name 13 = sal00: Salinity [PSU]
# name 14 = flag: flag
# span 0 =     13.000,   1001.000       
# span 1 =    -0.7585,     1.1288       
# span 2 =   2.789315,   3.007889       
# span 3 =    -0.7579,     1.1291       
# span 4 =   2.789724,   3.008161       
# span 5 =    5.10327,    7.50782       
# span 6 =    -0.1107,     0.7002       
# span 7 =    13.8155,    13.8155       
# span 8 = 0.0000e+00, 0.0000e+00       
# span 9 =  -60.61983,  -60.61983       
# span 10 =  -55.67083,  -55.67083      
# span 11 = 1153716951, 1153718452      
# span 12 = 205.205458, 205.222851      
# span 13 =    34.1918,    34.6927      
# span 14 = 0.0000e+00, 0.0000e+00      
# interval = decibars: 1                
# start_time = Jul 24 2006 04:56:08
# bad_flag = -9.990e-29
*END*
Pressure	Temperature	Conductivity	Temperature2	Conductivity2	Oxygen	Fluorescence	Beam Attenuation	SPAR	latitude	longitude	timeY	timeJ	Salinity	flag
     13.000    -0.5070   2.800755    -0.5062   2.801558    7.35271     0.1696    13.8155 0.0000e+00  -60.61983  -55.67083 1153716951 205.205458    34.1918 0.0000e+00
     14.000    -0.5235   2.799411    -0.5244   2.799947    7.35122     0.1867    13.8155 0.0000e+00  -60.61983  -55.67083 1153717015 205.206206    34.1919 0.0000e+00
     15.000    -0.5228   2.799537    -0.5236   2.800051    7.32538     0.1774    13.8155 0.0000e+00  -60.61983  -55.67083 1153717024 205.206314    34.1921 0.0000e+00
     16.000    -0.5236   2.799525    -0.5243   2.800037    7.32884     0.1771    13.8155 0.0000e+00  -60.61983  -55.67083 1153717030 205.206382    34.1922 0.0000e+00
     17.000    -0.5265   2.799321    -0.5266   2.799874    7.32906     0.1703    13.8155 0.0000e+00  -60.61983  -55.67083 1153717031 205.206394    34.1922 0.0000e+00
     18.000    -0.5276   2.799267    -0.5277   2.799800    7.33365     0.1915    13.8155 0.0000e+00  -60.61983  -55.67083 1153717033 205.206425    34.1921 0.0000e+00
     19.000    -0.5269   2.799379    -0.5270   2.799905    7.33681     0.1889    13.8155 0.0000e+00  -60.61983  -55.67083 1153717036 205.206454    34.1922 0.0000e+00
     20.000    -0.5224   2.799870    -0.5249   2.800157    7.33884     0.1821    13.8155 0.0000e+00  -60.61983  -55.67083 1153717037 205.206470    34.1930 0.0000e+00
     21.000    -0.5221   2.799933    -0.5229   2.800389    7.33602     0.1920    13.8155 0.0000e+00  -60.61983  -55.67083 1153717041 205.206510    34.1929 0.0000e+00
     22.000    -0.5221   2.800009    -0.5220   2.800534    7.33327     0.1806    13.8155 0.0000e+00  -60.61983  -55.67083 1153717043 205.206534    34.1933 0.0000e+00
     23.000    -0.5222   2.800038    -0.5222   2.800555    7.33475     0.1901    13.8155 0.0000e+00  -60.61983  -55.67083 1153717045 205.206555    34.1932 0.0000e+00
     24.000    -0.5224   2.800069    -0.5222   2.800607    7.33719     0.1819    13.8155 0.0000e+00  -60.61983  -55.67083 1153717047 205.206588    34.1932 0.0000e+00
     25.000    -0.5224   2.800111    -0.5225   2.800631    7.33901     0.1769    13.8155 0.0000e+00  -60.61983  -55.67083 1153717049 205.206602    34.1932 0.0000e+00
     26.000    -0.5226   2.800146    -0.5225   2.800673    7.34147     0.1777    13.8155 0.0000e+00  -60.61983  -55.67083 1153717050 205.206614    34.1933 0.0000e+00
     27.000    -0.5226   2.800200    -0.5228   2.800695    7.34531     0.1895    13.8155 0.0000e+00  -60.61983  -55.67083 1153717052 205.206643    34.1934 0.0000e+00
     28.000    -0.5236   2.800170    -0.5235   2.800672    7.35004     0.1866    13.8155 0.0000e+00  -60.61983  -55.67083 1153717055 205.206672    34.1935 0.0000e+00
     29.000    -0.5231   2.800250    -0.5229   2.800765    7.35344     0.1824    13.8155 0.0000e+00  -60.61983  -55.67083 1153717057 205.206697    34.1934 0.0000e+00
     30.000    -0.5235   2.800271    -0.5233   2.800784    7.35453     0.1688    13.8155 0.0000e+00  -60.61983  -55.67083 1153717060 205.206735    34.1935 0.0000e+00
     31.000    -0.5248   2.800181    -0.5249   2.800683    7.35442     0.1813    13.8155 0.0000e+00  -60.61983  -55.67083 1153717061 205.206745    34.1932 0.0000e+00
     32.000    -0.5239   2.800274    -0.5238   2.800824    7.35326     0.1697    13.8155 0.0000e+00  -60.61983  -55.67083 1153717062 205.206754    34.1935 0.0000e+00
     33.000    -0.5243   2.800337    -0.5241   2.800846    7.35310     0.1827    13.8155 0.0000e+00  -60.61983  -55.67083 1153717064 205.206782    34.1934 0.0000e+00
     34.000    -0.5224   2.800603    -0.5220   2.801090    7.35298     0.1664    13.8155 0.0000e+00  -60.61983  -55.67083 1153717068 205.206824    34.1944 0.0000e+00
     35.000    -0.5196   2.800874    -0.5204   2.801306    7.34985     0.1804    13.8155 0.0000e+00  -60.61983  -55.67083 1153717069 205.206833    34.1940 0.0000e+00
     36.000    -0.5192   2.801009    -0.5179   2.801602    7.35242     0.1850    13.8155 0.0000e+00  -60.61983  -55.67083 1153717071 205.206861    34.1949 0.0000e+00
     37.000    -0.5178   2.801138    -0.5171   2.801724    7.35263     0.1533    13.8155 0.0000e+00  -60.61983  -55.67083 1153717073 205.206887    34.1948 0.0000e+00
     38.000    -0.5224   2.800753    -0.5221   2.801278    7.35358     0.1708    13.8155 0.0000e+00  -60.61983  -55.67083 1153717074 205.206900    34.1939 0.0000e+00
     39.000    -0.5224   2.800809    -0.5220   2.801312    7.35393     0.1805    13.8155 0.0000e+00  -60.61983  -55.67083 1153717078 205.206944    34.1940 0.0000e+00
     40.000    -0.5212   2.800981    -0.5218   2.801407    7.35092     0.1721    13.8155 0.0000e+00  -60.61983  -55.67083 1153717080 205.206965    34.1943 0.0000e+00
     41.000    -0.5215   2.801012    -0.5208   2.801526    7.34905     0.1773    13.8155 0.0000e+00  -60.61983  -55.67083 1153717081 205.206979    34.1943 0.0000e+00
     42.000    -0.5128   2.801975    -0.5105   2.802667    7.34170     0.1878    13.8155 0.0000e+00  -60.61983  -55.67083 1153717084 205.207009    34.1965 0.0000e+00
     43.000    -0.5088   2.802398    -0.5056   2.803183    7.33602     0.1751    13.8155 0.0000e+00  -60.61983  -55.67083 1153717086 205.207034    34.1972 0.0000e+00
     44.000    -0.5069   2.802630    -0.5060   2.803175    7.33235     0.1847    13.8155 0.0000e+00  -60.61983  -55.67083 1153717087 205.207049    34.1976 0.0000e+00
     45.000    -0.5057   2.802793    -0.5053   2.803260    7.32993     0.1812    13.8155 0.0000e+00  -60.61983  -55.67083 1153717089 205.207073    34.1979 0.0000e+00
     46.000    -0.5036   2.803075    -0.5029   2.803580    7.32418     0.1792    13.8155 0.0000e+00  -60.61983  -55.67083 1153717092 205.207109    34.1988 0.0000e+00
     47.000    -0.5015   2.803386    -0.5012   2.803834    7.32005     0.1674    13.8155 0.0000e+00  -60.61983  -55.67083 1153717094 205.207125    34.1998 0.0000e+00
     48.000    -0.4998   2.803664    -0.4997   2.804066    7.31393     0.1778    13.8155 0.0000e+00  -60.61983  -55.67083 1153717096 205.207154    34.2011 0.0000e+00
     49.000    -0.4984   2.803876    -0.4985   2.804292    7.31141     0.1821    13.8155 0.0000e+00  -60.61983  -55.67083 1153717099 205.207182    34.2018 0.0000e+00
     50.000    -0.4984   2.803910    -0.4982   2.804364    7.30831     0.1542    13.8155 0.0000e+00  -60.61983  -55.67083 1153717100 205.207194    34.2016 0.0000e+00
     51.000    -0.4927   2.804786    -0.4933   2.805081    7.30085     0.1589    13.8155 0.0000e+00  -60.61983  -55.67083 1153717101 205.207208    34.2063 0.0000e+00
     52.000    -0.4940   2.804643    -0.4928   2.805248    7.29069     0.1796    13.8155 0.0000e+00  -60.61983  -55.67083 1153717105 205.207257    34.2053 0.0000e+00
     53.000    -0.4908   2.805216    -0.4900   2.805698    7.28770     0.1633    13.8155 0.0000e+00  -60.61983  -55.67083 1153717107 205.207278    34.2088 0.0000e+00
     54.000    -0.4901   2.805431    -0.4896   2.805882    7.28623     0.1589    13.8155 0.0000e+00  -60.61983  -55.67083 1153717108 205.207290    34.2095 0.0000e+00
     55.000    -0.4890   2.805639    -0.4885   2.806102    7.28334     0.1703    13.8155 0.0000e+00  -60.61983  -55.67083 1153717109 205.207305    34.2111 0.0000e+00
     56.000    -0.4899   2.805537    -0.4894   2.806004    7.27804     0.1734    13.8155 0.0000e+00  -60.61983  -55.67083 1153717114 205.207355    34.2103 0.0000e+00
     57.000    -0.4867   2.806185    -0.4860   2.806657    7.27252     0.1696    13.8155 0.0000e+00  -60.61983  -55.67083 1153717115 205.207372    34.2149 0.0000e+00
     58.000    -0.4795   2.807192    -0.4787   2.807641    7.26867     0.1649    13.8155 0.0000e+00  -60.61983  -55.67083 1153717116 205.207385    34.2195 0.0000e+00
     59.000    -0.4791   2.807315    -0.4778   2.807988    7.26734     0.1674    13.8155 0.0000e+00  -60.61983  -55.67083 1153717120 205.207426    34.2203 0.0000e+00
     60.000    -0.5150   2.804966    -0.5168   2.805502    7.26898     0.1633    13.8155 0.0000e+00  -60.61983  -55.67083 1153717121 205.207443    34.2309 0.0000e+00
     61.000    -0.5272   2.804350    -0.5272   2.804820    7.27486     0.1580    13.8155 0.0000e+00  -60.61983  -55.67083 1153717122 205.207454    34.2348 0.0000e+00
     62.000    -0.5217   2.804769    -0.5217   2.805228    7.28941     0.1778    13.8155 0.0000e+00  -60.61983  -55.67083 1153717126 205.207496    34.2329 0.0000e+00
     63.000    -0.5353   2.803833    -0.5378   2.804182    7.29974     0.1511    13.8155 0.0000e+00  -60.61983  -55.67083 1153717128 205.207519    34.2349 0.0000e+00
     64.000    -0.5671   2.801468    -0.5686   2.801848    7.30869     0.1718    13.8155 0.0000e+00  -60.61983  -55.67083 1153717129 205.207530    34.2396 0.0000e+00
     65.000    -0.5581   2.802205    -0.5631   2.802222    7.32713     0.1844    13.8155 0.0000e+00  -60.61983  -55.67083 1153717132 205.207568    34.2380 0.0000e+00
     66.000    -0.5689   2.801458    -0.5733   2.801576    7.32916     0.1775    13.8155 0.0000e+00  -60.61983  -55.67083 1153717135 205.207596    34.2394 0.0000e+00
     67.000    -0.5737   2.801139    -0.5746   2.801490    7.33221     0.1711    13.8155 0.0000e+00  -60.61983  -55.67083 1153717136 205.207610    34.2400 0.0000e+00
     68.000    -0.5899   2.800031    -0.5894   2.800539    7.34195     0.1801    13.8155 0.0000e+00  -60.61983  -55.67083 1153717137 205.207628    34.2431 0.0000e+00
     69.000    -0.5896   2.800181    -0.5908   2.800554    7.36743     0.1778    13.8155 0.0000e+00  -60.61983  -55.67083 1153717142 205.207681    34.2436 0.0000e+00
     70.000    -0.6186   2.797924    -0.6180   2.798475    7.37307     0.1806    13.8155 0.0000e+00  -60.61983  -55.67083 1153717143 205.207692    34.2463 0.0000e+00
     71.000    -0.6251   2.797442    -0.6248   2.797912    7.37865     0.1691    13.8155 0.0000e+00  -60.61983  -55.67083 1153717144 205.207705    34.2463 0.0000e+00
     72.000    -0.6307   2.797052    -0.6293   2.797575    7.39080     0.1876    13.8155 0.0000e+00  -60.61983  -55.67083 1153717146 205.207725    34.2467 0.0000e+00
     73.000    -0.6317   2.796989    -0.6339   2.797238    7.39965     0.1757    13.8155 0.0000e+00  -60.61983  -55.67083 1153717148 205.207759    34.2460 0.0000e+00
     74.000    -0.6712   2.793986    -0.6717   2.794388    7.41393     0.1844    13.8155 0.0000e+00  -60.61983  -55.67083 1153717151 205.207782    34.2505 0.0000e+00
     75.000    -0.6767   2.793674    -0.6763   2.794120    7.43563     0.1838    13.8155 0.0000e+00  -60.61983  -55.67083 1153717153 205.207816    34.2514 0.0000e+00
     76.000    -0.6753   2.793871    -0.6744   2.794343    7.43837     0.1663    13.8155 0.0000e+00  -60.61983  -55.67083 1153717155 205.207835    34.2515 0.0000e+00
     77.000    -0.6786   2.793642    -0.6799   2.794002    7.44356     0.1702    13.8155 0.0000e+00  -60.61983  -55.67083 1153717156 205.207849    34.2514 0.0000e+00
     78.000    -0.7016   2.791888    -0.7036   2.792106    7.45569     0.1986    13.8155 0.0000e+00  -60.61983  -55.67083 1153717159 205.207880    34.2535 0.0000e+00
     79.000    -0.7087   2.791323    -0.7088   2.791800    7.46581     0.1841    13.8155 0.0000e+00  -60.61983  -55.67083 1153717162 205.207911    34.2530 0.0000e+00
     80.000    -0.7165   2.790766    -0.7156   2.791255    7.47022     0.1787    13.8155 0.0000e+00  -60.61983  -55.67083 1153717163 205.207926    34.2540 0.0000e+00
     81.000    -0.7102   2.791321    -0.7096   2.791752    7.47466     0.1935    13.8155 0.0000e+00  -60.61983  -55.67083 1153717165 205.207948    34.2530 0.0000e+00
     82.000    -0.7105   2.791328    -0.7111   2.791728    7.47737     0.1969    13.8155 0.0000e+00  -60.61983  -55.67083 1153717168 205.207982    34.2526 0.0000e+00
     83.000    -0.7227   2.790451    -0.7159   2.791362    7.48219     0.1926    13.8155 0.0000e+00  -60.61983  -55.67083 1153717170 205.208002    34.2546 0.0000e+00
     84.000    -0.7072   2.791700    -0.7067   2.792149    7.48126     0.2049    13.8155 0.0000e+00  -60.61983  -55.67083 1153717172 205.208026    34.2524 0.0000e+00
     85.000    -0.7139   2.791221    -0.7160   2.791480    7.48328     0.1977    13.8155 0.0000e+00  -60.61983  -55.67083 1153717174 205.208051    34.2530 0.0000e+00
     86.000    -0.7300   2.790032    -0.7295   2.790466    7.48628     0.2035    13.8155 0.0000e+00  -60.61983  -55.67083 1153717175 205.208066    34.2551 0.0000e+00
     87.000    -0.7223   2.790826    -0.7211   2.791324    7.48243     0.1990    13.8155 0.0000e+00  -60.61983  -55.67083 1153717177 205.208089    34.2562 0.0000e+00
     88.000    -0.7168   2.791417    -0.7158   2.791873    7.47865     0.2063    13.8155 0.0000e+00  -60.61983  -55.67083 1153717180 205.208122    34.2570 0.0000e+00
     89.000    -0.7046   2.792741    -0.7042   2.793147    7.47230     0.2146    13.8155 0.0000e+00  -60.61983  -55.67083 1153717182 205.208150    34.2600 0.0000e+00
     90.000    -0.7117   2.792275    -0.7113   2.792699    7.46963     0.2168    13.8155 0.0000e+00  -60.61983  -55.67083 1153717184 205.208171    34.2614 0.0000e+00
     91.000    -0.7156   2.792023    -0.7151   2.792450    7.46832     0.2169    13.8155 0.0000e+00  -60.61983  -55.67083 1153717185 205.208185    34.2619 0.0000e+00
     92.000    -0.7200   2.791758    -0.7213   2.792025    7.47416     0.2585    13.8155 0.0000e+00  -60.61983  -55.67083 1153717189 205.208222    34.2628 0.0000e+00
     93.000    -0.7329   2.790855    -0.7324   2.791274    7.48020     0.2425    13.8155 0.0000e+00  -60.61983  -55.67083 1153717191 205.208251    34.2646 0.0000e+00
     94.000    -0.7458   2.789956    -0.7456   2.790369    7.48752     0.2505    13.8155 0.0000e+00  -60.61983  -55.67083 1153717193 205.208269    34.2671 0.0000e+00
     95.000    -0.7473   2.789934    -0.7470   2.790337    7.49278     0.2573    13.8155 0.0000e+00  -60.61983  -55.67083 1153717194 205.208288    34.2678 0.0000e+00
     96.000    -0.7480   2.789927    -0.7481   2.790310    7.49545     0.2781    13.8155 0.0000e+00  -60.61983  -55.67083 1153717196 205.208307    34.2677 0.0000e+00
     97.000    -0.7554   2.789436    -0.7559   2.789793    7.50123     0.3248    13.8155 0.0000e+00  -60.61983  -55.67083 1153717198 205.208335    34.2689 0.0000e+00
     98.000    -0.7580   2.789315    -0.7576   2.789724    7.50782     0.3157    13.8155 0.0000e+00  -60.61983  -55.67083 1153717201 205.208365    34.2694 0.0000e+00
     99.000    -0.7580   2.789358    -0.7575   2.789773    7.50709     0.3634    13.8155 0.0000e+00  -60.61983  -55.67083 1153717203 205.208388    34.2693 0.0000e+00
    100.000    -0.7585   2.789377    -0.7579   2.789796    7.50720     0.3899    13.8155 0.0000e+00  -60.61983  -55.67083 1153717205 205.208418    34.2695 0.0000e+00
    101.000    -0.7583   2.789453    -0.7576   2.789885    7.50419     0.3962    13.8155 0.0000e+00  -60.61983  -55.67083 1153717207 205.208436    34.2695 0.0000e+00
    102.000    -0.7572   2.789694    -0.7566   2.790106    7.50221     0.4559    13.8155 0.0000e+00  -60.61983  -55.67083 1153717209 205.208462    34.2708 0.0000e+00
    103.000    -0.7573   2.789864    -0.7568   2.790264    7.50031     0.4130    13.8155 0.0000e+00  -60.61983  -55.67083 1153717212 205.208495    34.2725 0.0000e+00
    104.000    -0.7567   2.789986    -0.7561   2.790392    7.49725     0.3758    13.8155 0.0000e+00  -60.61983  -55.67083 1153717213 205.208508    34.2729 0.0000e+00
    105.000    -0.7560   2.790123    -0.7553   2.790537    7.49522     0.4020    13.8155 0.0000e+00  -60.61983  -55.67083 1153717214 205.208520    34.2733 0.0000e+00
    106.000    -0.7558   2.790172    -0.7553   2.790574    7.49646     0.4976    13.8155 0.0000e+00  -60.61983  -55.67083 1153717217 205.208548    34.2731 0.0000e+00
    107.000    -0.7559   2.790227    -0.7551   2.790643    7.50002     0.5080    13.8155 0.0000e+00  -60.61983  -55.67083 1153717220 205.208591    34.2734 0.0000e+00
