product_data/regression_test/downloaded_data/MDGS/320620060703/ctd/adapted/heads_insert_p6610901.cnv
* Sea-Bird SBE 9 Data File:
* FileName = D:\Data\Raw\p6610901.dat
* Software Version Seasave Win32 V 5.32
* Temperature SN = 1649
* Conductivity SN = 1431
* Number of Bytes Per Scan = 37
* Number of Voltage Words = 5
* Number of Scans Averaged by the Deck Unit = 1
* NMEA Latitude = 61 18.97 S
* NMEA Longitude = 054 52.55 W
* NMEA UTC (Time) = 01:40:04
** Ship:   Nathaniel B. Palmer 
** Cruise:    NBP0606 
# nquan = 15
# nvalues = 649                         
# units = specified
# name 0 = prDM: Pressure, Digiquartz [db]
# name 1 = t090C: Temperature [ITS-90, deg C]
# name 2 = c0S/m: Conductivity [S/m]
# name 3 = t190C: Temperature, 2 [ITS-90, deg C]
# name 4 = c1S/m: Conductivity, 2 [S/m]
# name 5 = sbeox0ML/L: Oxygen, SBE 43 [ml/l]
# name 6 = flECO-AFL: Fluorescence, Wetlab ECO-AFL/FL [mg/m^3]
# name 7 = bat: Beam Attenuation, Chelsea/Seatech/Wetlab CStar [1/m]
# name 8 = spar: SPAR/Surface Irradiance
# name 9 = latitude: Latitude [deg]
# name 10 = longitude: Longitude [deg]
# name 11 = timeY: Time, System [seconds]
# name 12 = timeJ: Julian Days
# name 13 = sal00: Salinity [PSU]
# name 14 = flag: flag
# span 0 =      2.000,    650.000       
# span 1 =    -0.7709,     0.3992       
# span 2 =   2.783058,   2.921612       
# span 3 =    -0.7710,     0.3999       
# span 4 =   2.783532,   2.921992       
# span 5 =    5.79920,    7.48556       
# span 6 =    -0.0965,     0.1789       
# span 7 =    13.8155,    13.8155       
# span 8 = 0.0000e+00, 0.0000e+00       
# span 9 =  -61.31617,  -61.31617       
# span 10 =  -54.87583,  -54.87583      
# span 11 = 1152841223, 1152842304      
# span 12 = 195.069727, 195.082237      
# span 13 =    34.2271,    34.5366      
# span 14 = 0.0000e+00, 0.0000e+00      
# interval = decibars: 1                
# start_time = Jul 14 2006 01:40:12
# bad_flag = -9.990e-29
*END*
[from data line 290]
    291.000     0.2112   2.892775     0.2118   2.893152    6.13490    -0.0592    13.8155 0.0000e+00  -61.31617  -54.87583 1152841784 195.076227    34.4402 0.0000e+00
    292.000     0.2111   2.892849     0.2116   2.893219    6.13360    -0.0769    13.8155 0.0000e+00  -61.31617  -54.87583 1152841785 195.076236    34.4406 0.0000e+00
    293.000     0.2112   2.892926     0.2122   2.893336    6.13133    -0.0581    13.8155 0.0000e+00  -61.31617  -54.87583 1152841786 195.076247    34.4410 0.0000e+00
    294.000     0.2112   2.892957     0.2123   2.893366    6.12902    -0.0553    13.8155 0.0000e+00  -61.31617  -54.87583 1152841788 195.076271    34.4408 0.0000e+00
    295.000     0.2114   2.893035     0.2123   2.893430    6.12620    -0.0520    13.8155 0.0000e+00  -61.31617  -54.87583 1152841791 195.076301    34.4410 0.0000e+00
    296.000     0.2105   2.893008     0.2111   2.893396    6.12768    -0.0530    13.8155 0.0000e+00  -61.31617  -54.87583 1152841792 195.076314    34.4411 0.0000e+00
    297.000     0.2095   2.892968     0.2100   2.893347    6.12727    -0.0652    13.8155 0.0000e+00  -61.31617  -54.87583 1152841793 195.076325    34.4410 0.0000e+00
    298.000     0.2070   2.892770     0.2069   2.893113    6.12697    -0.0393    13.8155 0.0000e+00  -61.31617  -54.87583 1152841793 195.076335    34.4413 0.0000e+00
    299.000     0.2072   2.892861     0.2071   2.893188    6.12669    -0.0533    13.8155 0.0000e+00  -61.31617  -54.87583 1152841794 195.076345    34.4411 0.0000e+00
    300.000     0.2069   2.892901     0.2080   2.893323    6.12693    -0.0373    13.8155 0.0000e+00  -61.31617  -54.87583 1152841795 195.076356    34.4414 0.0000e+00
    301.000     0.2068   2.892936     0.2076   2.893342    6.12775    -0.0580    13.8155 0.0000e+00  -61.31617  -54.87583 1152841796 195.076368    34.4414 0.0000e+00
    302.000     0.2080   2.893093     0.2086   2.893484    6.12913    -0.0527    13.8155 0.0000e+00  -61.31617  -54.87583 1152841798 195.076388    34.4415 0.0000e+00
    303.000     0.2070   2.893059     0.2077   2.893459    6.13021    -0.0557    13.8155 0.0000e+00  -61.31617  -54.87583 1152841800 195.076412    34.4415 0.0000e+00
    304.000     0.2059   2.893009     0.2074   2.893467    6.13065    -0.0615    13.8155 0.0000e+00  -61.31617  -54.87583 1152841801 195.076427    34.4415 0.0000e+00
    305.000     0.2048   2.892940     0.2050   2.893314    6.12964    -0.0686    13.8155 0.0000e+00  -61.31617  -54.87583 1152841803 195.076440    34.4413 0.0000e+00
    306.000     0.2052   2.893049     0.2072   2.893546    6.13089    -0.0576    13.8155 0.0000e+00  -61.31617  -54.87583 1152841804 195.076454    34.4417 0.0000e+00
    307.000     0.2067   2.893224     0.2071   2.893618    6.13071    -0.0495    13.8155 0.0000e+00  -61.31617  -54.87583 1152841805 195.076468    34.4417 0.0000e+00
    308.000     0.2048   2.893111     0.2054   2.893517    6.12950    -0.0500    13.8155 0.0000e+00  -61.31617  -54.87583 1152841806 195.076480    34.4418 0.0000e+00
    309.000     0.2012   2.892863     0.2013   2.893253    6.12729    -0.0530    13.8155 0.0000e+00  -61.31617  -54.87583 1152841807 195.076491    34.4419 0.0000e+00
    310.000     0.1961   2.892505     0.1963   2.892880    6.12755    -0.0606    13.8155 0.0000e+00  -61.31617  -54.87583 1152841808 195.076502    34.4426 0.0000e+00
    311.000     0.1951   2.892469     0.1960   2.892884    6.12917    -0.0491    13.8155 0.0000e+00  -61.31617  -54.87583 1152841809 195.076519    34.4426 0.0000e+00
    312.000     0.1953   2.892529     0.1943   2.892786    6.13237    -0.0581    13.8155 0.0000e+00  -61.31617  -54.87583 1152841812 195.076551    34.4426 0.0000e+00
    313.000     0.1967   2.892693     0.1979   2.893150    6.13469    -0.0452    13.8155 0.0000e+00  -61.31617  -54.87583 1152841813 195.076566    34.4424 0.0000e+00
    314.000     0.1903   2.892144     0.1925   2.892697    6.13567    -0.0494    13.8155 0.0000e+00  -61.31617  -54.87583 1152841814 195.076577    34.4420 0.0000e+00
    315.000     0.1907   2.892222     0.1926   2.892753    6.13523    -0.0607    13.8155 0.0000e+00  -61.31617  -54.87583 1152841815 195.076586    34.4419 0.0000e+00
    316.000     0.1893   2.892098     0.1884   2.892392    6.13495    -0.0643    13.8155 0.0000e+00  -61.31617  -54.87583 1152841816 195.076594    34.4412 0.0000e+00
    317.000     0.1860   2.891888     0.1857   2.892227    6.13682    -0.0400    13.8155 0.0000e+00  -61.31617  -54.87583 1152841817 195.076603    34.4417 0.0000e+00
    318.000     0.1842   2.891805     0.1847   2.892192    6.13995    -0.0494    13.8155 0.0000e+00  -61.31617  -54.87583 1152841818 195.076615    34.4420 0.0000e+00
    319.000     0.1858   2.891892     0.1875   2.892404    6.14228    -0.0528    13.8155 0.0000e+00  -61.31617  -54.87583 1152841820 195.076638    34.4407 0.0000e+00
    320.000     0.1861   2.891922     0.1867   2.892323    6.14358    -0.0557    13.8155 0.0000e+00  -61.31617  -54.87583 1152841822 195.076665    34.4400 0.0000e+00
    321.000     0.1782   2.891263     0.1805   2.891833    6.14596    -0.0477    13.8155 0.0000e+00  -61.31617  -54.87583 1152841823 195.076679    34.4397 0.0000e+00
    322.000     0.1832   2.891795     0.1849   2.892276    6.14726    -0.0544    13.8155 0.0000e+00  -61.31617  -54.87583 1152841824 195.076691    34.4406 0.0000e+00
    323.000     0.1865   2.892155     0.1868   2.892498    6.14853    -0.0651    13.8155 0.0000e+00  -61.31617  -54.87583 1152841825 195.076703    34.4407 0.0000e+00
    324.000     0.1866   2.892203     0.1871   2.892599    6.14717    -0.0517    13.8155 0.0000e+00  -61.31617  -54.87583 1152841826 195.076714    34.4407 0.0000e+00
    325.000     0.1842   2.892027     0.1853   2.892481    6.14776    -0.0481    13.8155 0.0000e+00  -61.31617  -54.87583 1152841827 195.076728    34.4405 0.0000e+00
    326.000     0.1855   2.892201     0.1866   2.892642    6.15113    -0.0560    13.8155 0.0000e+00  -61.31617  -54.87583 1152841829 195.076742    34.4407 0.0000e+00
    327.000     0.1847   2.892180     0.1863   2.892662    6.15355    -0.0614    13.8155 0.0000e+00  -61.31617  -54.87583 1152841830 195.076758    34.4407 0.0000e+00
    328.000     0.1832   2.892085     0.1853   2.892631    6.15387    -0.0581    13.8155 0.0000e+00  -61.31617  -54.87583 1152841831 195.076773    34.4405 0.0000e+00
    329.000     0.1786   2.891716     0.1826   2.892414    6.15689    -0.0536    13.8155 0.0000e+00  -61.31617  -54.87583 1152841833 195.076787    34.4403 0.0000e+00
    330.000     0.1550   2.889767     0.1566   2.890325    6.16126    -0.0525    13.8155 0.0000e+00  -61.31617  -54.87583 1152841834 195.076803    34.4411 0.0000e+00
    331.000     0.1516   2.889540     0.1517   2.889922    6.16374    -0.0679    13.8155 0.0000e+00  -61.31617  -54.87583 1152841836 195.076821    34.4414 0.0000e+00
    332.000     0.1534   2.889742     0.1544   2.890178    6.16718    -0.0642    13.8155 0.0000e+00  -61.31617  -54.87583 1152841837 195.076837    34.4413 0.0000e+00
    333.000     0.1514   2.889632     0.1518   2.890042    6.16546    -0.0726    13.8155 0.0000e+00  -61.31617  -54.87583 1152841838 195.076850    34.4414 0.0000e+00
    334.000     0.1542   2.889898     0.1542   2.890267    6.16893    -0.0466    13.8155 0.0000e+00  -61.31617  -54.87583 1152841839 195.076864    34.4410 0.0000e+00
    335.000     0.1401   2.888789     0.1421   2.889368    6.17199    -0.0584    13.8155 0.0000e+00  -61.31617  -54.87583 1152841840 195.076879    34.4418 0.0000e+00
    336.000     0.1262   2.887656     0.1276   2.888174    6.17684    -0.0644    13.8155 0.0000e+00  -61.31617  -54.87583 1152841842 195.076893    34.4423 0.0000e+00
    337.000     0.1249   2.887582     0.1257   2.888028    6.18058    -0.0581    13.8155 0.0000e+00  -61.31617  -54.87583 1152841843 195.076906    34.4421 0.0000e+00
    338.000     0.1230   2.887506     0.1233   2.887901    6.18380    -0.0502    13.8155 0.0000e+00  -61.31617  -54.87583 1152841844 195.076919    34.4425 0.0000e+00
    339.000     0.1220   2.887452     0.1227   2.887872    6.18445    -0.0476    13.8155 0.0000e+00  -61.31617  -54.87583 1152841845 195.076935    34.4422 0.0000e+00
    340.000     0.1223   2.887509     0.1228   2.887924    6.18433    -0.0599    13.8155 0.0000e+00  -61.31617  -54.87583 1152841847 195.076952    34.4419 0.0000e+00
    341.000     0.1182   2.887256     0.1191   2.887702    6.18530    -0.0620    13.8155 0.0000e+00  -61.31617  -54.87583 1152841848 195.076966    34.4425 0.0000e+00
    342.000     0.1159   2.887359     0.1164   2.887750    6.18465    -0.0514    13.8155 0.0000e+00  -61.31617  -54.87583 1152841849 195.076980    34.4459 0.0000e+00
    343.000     0.1181   2.887712     0.1186   2.888087    6.18151    -0.0684    13.8155 0.0000e+00  -61.31617  -54.87583 1152841850 195.076994    34.4474 0.0000e+00
    344.000     0.1193   2.887905     0.1199   2.888331    6.17855    -0.0611    13.8155 0.0000e+00  -61.31617  -54.87583 1152841852 195.077009    34.4478 0.0000e+00
    345.000     0.1199   2.888078     0.1207   2.888510    6.17471    -0.0622    13.8155 0.0000e+00  -61.31617  -54.87583 1152841853 195.077025    34.4487 0.0000e+00
    346.000     0.1207   2.888260     0.1214   2.888678    6.17151    -0.0658    13.8155 0.0000e+00  -61.31617  -54.87583 1152841855 195.077042    34.4495 0.0000e+00
    347.000     0.1203   2.888287     0.1209   2.888677    6.16959    -0.0681    13.8155 0.0000e+00  -61.31617  -54.87583 1152841856 195.077060    34.4496 0.0000e+00
    348.000     0.1199   2.888270     0.1207   2.888677    6.16540    -0.0744    13.8155 0.0000e+00  -61.31617  -54.87583 1152841857 195.077073    34.4494 0.0000e+00
    349.000     0.1212   2.888495     0.1223   2.888944    6.15533    -0.0640    13.8155 0.0000e+00  -61.31617  -54.87583 1152841858 195.077084    34.4503 0.0000e+00
    350.000     0.1340   2.890133     0.1361   2.890603    6.14559    -0.0560    13.8155 0.0000e+00  -61.31617  -54.87583 1152841859 195.077095    34.4569 0.0000e+00
    351.000     0.1466   2.891549     0.1477   2.891970    6.13581    -0.0577    13.8155 0.0000e+00  -61.31617  -54.87583 1152841860 195.077107    34.4602 0.0000e+00
    352.000     0.1503   2.892013     0.1511   2.892406    6.11971    -0.0608    13.8155 0.0000e+00  -61.31617  -54.87583 1152841862 195.077123    34.4614 0.0000e+00
    353.000     0.1613   2.893338     0.1622   2.893695    6.10540    -0.0672    13.8155 0.0000e+00  -61.31617  -54.87583 1152841863 195.077138    34.4659 0.0000e+00
    354.000     0.1712   2.894453     0.1721   2.894836    6.09423    -0.0660    13.8155 0.0000e+00  -61.31617  -54.87583 1152841864 195.077154    34.4686 0.0000e+00
    355.000     0.1786   2.895267     0.1801   2.895719    6.08403    -0.0571    13.8155 0.0000e+00  -61.31617  -54.87583 1152841866 195.077174    34.4705 0.0000e+00
    356.000     0.1859   2.896075     0.1870   2.896502    6.07500    -0.0505    13.8155 0.0000e+00  -61.31617  -54.87583 1152841868 195.077195    34.4724 0.0000e+00
    357.000     0.1885   2.896408     0.1892   2.896812    6.07215    -0.0647    13.8155 0.0000e+00  -61.31617  -54.87583 1152841869 195.077209    34.4733 0.0000e+00
    358.000     0.1881   2.896407     0.1889   2.896814    6.06891    -0.0683    13.8155 0.0000e+00  -61.31617  -54.87583 1152841870 195.077220    34.4733 0.0000e+00
    359.000     0.1882   2.896467     0.1890   2.896871    6.06502    -0.0639    13.8155 0.0000e+00  -61.31617  -54.87583 1152841871 195.077231    34.4734 0.0000e+00
    360.000     0.1891   2.896609     0.1899   2.897018    6.06320    -0.0603    13.8155 0.0000e+00  -61.31617  -54.87583 1152841872 195.077241    34.4737 0.0000e+00
    361.000     0.1893   2.896667     0.1898   2.897049    6.05967    -0.0505    13.8155 0.0000e+00  -61.31617  -54.87583 1152841873 195.077252    34.4737 0.0000e+00
    362.000     0.1889   2.896670     0.1896   2.897066    6.05593    -0.0501    13.8155 0.0000e+00  -61.31617  -54.87583 1152841874 195.077265    34.4737 0.0000e+00
    363.000     0.1892   2.896745     0.1900   2.897136    6.05138    -0.0633    13.8155 0.0000e+00  -61.31617  -54.87583 1152841876 195.077287    34.4739 0.0000e+00
    364.000     0.1905   2.896943     0.1914   2.897356    6.04506    -0.0573    13.8155 0.0000e+00  -61.31617  -54.87583 1152841878 195.077312    34.4745 0.0000e+00
    365.000     0.1999   2.898004     0.2004   2.898356    6.03908    -0.0538    13.8155 0.0000e+00  -61.31617  -54.87583 1152841879 195.077327    34.4774 0.0000e+00
    366.000     0.2077   2.898858     0.2086   2.899242    6.03606    -0.0548    13.8155 0.0000e+00  -61.31617  -54.87583 1152841880 195.077338    34.4790 0.0000e+00
    367.000     0.2117   2.899309     0.2124   2.899702    6.03156    -0.0593    13.8155 0.0000e+00  -61.31617  -54.87583 1152841881 195.077348    34.4798 0.0000e+00
    368.000     0.2142   2.899645     0.2149   2.900030    6.02736    -0.0765    13.8155 0.0000e+00  -61.31617  -54.87583 1152841882 195.077359    34.4807 0.0000e+00
    369.000     0.2151   2.899809     0.2157   2.900191    6.02312    -0.0565    13.8155 0.0000e+00  -61.31617  -54.87583 1152841883 195.077373    34.4814 0.0000e+00
    370.000     0.2158   2.899930     0.2165   2.900322    6.01717    -0.0696    13.8155 0.0000e+00  -61.31617  -54.87583 1152841885 195.077390    34.4817 0.0000e+00
    371.000     0.2172   2.900181     0.2181   2.900609    6.00809    -0.0736    13.8155 0.0000e+00  -61.31617  -54.87583 1152841886 195.077407    34.4830 0.0000e+00
    372.000     0.2187   2.900471     0.2193   2.900862    6.00442    -0.0648    13.8155 0.0000e+00  -61.31617  -54.87583 1152841888 195.077423    34.4845 0.0000e+00
    373.000     0.2196   2.900630     0.2203   2.901035    6.00234    -0.0629    13.8155 0.0000e+00  -61.31617  -54.87583 1152841889 195.077439    34.4850 0.0000e+00
    374.000     0.2203   2.900722     0.2214   2.901147    5.99990    -0.0664    13.8155 0.0000e+00  -61.31617  -54.87583 1152841890 195.077454    34.4849 0.0000e+00
    375.000     0.2193   2.900671     0.2194   2.901018    6.00027    -0.0698    13.8155 0.0000e+00  -61.31617  -54.87583 1152841891 195.077468    34.4847 0.0000e+00
    376.000     0.2171   2.900489     0.2179   2.900898    6.00086    -0.0671    13.8155 0.0000e+00  -61.31617  -54.87583 1152841892 195.077479    34.4844 0.0000e+00
    377.000     0.2164   2.900453     0.2169   2.900835    6.00139    -0.0532    13.8155 0.0000e+00  -61.31617  -54.87583 1152841893 195.077492    34.4842 0.0000e+00
    378.000     0.2157   2.900430     0.2166   2.900849    6.00003    -0.0626    13.8155 0.0000e+00  -61.31617  -54.87583 1152841895 195.077509    34.4841 0.0000e+00
    379.000     0.2163   2.900542     0.2168   2.900927    6.00209    -0.0872    13.8155 0.0000e+00  -61.31617  -54.87583 1152841897 195.077529    34.4843 0.0000e+00
    380.000     0.2181   2.900780     0.2183   2.901135    5.99851    -0.0720    13.8155 0.0000e+00  -61.31617  -54.87583 1152841898 195.077542    34.4849 0.0000e+00
    381.000     0.2194   2.900972     0.2208   2.901407    5.99453    -0.0775    13.8155 0.0000e+00  -61.31617  -54.87583 1152841899 195.077554    34.4856 0.0000e+00
    382.000     0.2415   2.903182     0.2357   2.902915    5.99034    -0.0671    13.8155 0.0000e+00  -61.31617  -54.87583 1152841900 195.077565    34.4883 0.0000e+00
    383.000     0.2382   2.902878     0.2386   2.903258    5.98529    -0.0649    13.8155 0.0000e+00  -61.31617  -54.87583 1152841901 195.077580    34.4876 0.0000e+00
    384.000     0.2394   2.903044     0.2399   2.903419    5.97705    -0.0692    13.8155 0.0000e+00  -61.31617  -54.87583 1152841903 195.077597    34.4879 0.0000e+00
    385.000     0.2438   2.903529     0.2442   2.903876    5.97093    -0.0608    13.8155 0.0000e+00  -61.31617  -54.87583 1152841904 195.077615    34.4887 0.0000e+00
