product_data/regression_test/downloaded_data/MDGS/320620060703/ctd/adapted/heads_insert_p6607401.cnv
* Sea-Bird SBE 9 Data File:
* FileName = D:\Data\Raw\p6607401.dat
* Software Version Seasave Win32 V 5.32
* Temperature SN = 1649
* Conductivity SN = 1431
* Number of Bytes Per Scan = 37
* Number of Voltage Words = 5
* Number of Scans Averaged by the Deck Unit = 1
* NMEA Latitude = 62 14.82 S
* NMEA Longitude = 058 06.36 W
* NMEA UTC (Time) = 10:56:46
** Ship:   Nathaniel B. Palmer 
** Cruise:    NBP0606 
# nquan = 15
# nvalues = 1302                        
# units = specified
# name 0 = prDM: Pressure, Digiquartz [db]
# name 1 = t090C: Temperature [ITS-90, deg C]
# name 2 = c0S/m: Conductivity [S/m]
# name 3 = t190C: Temperature, 2 [ITS-90, deg C]
# name 4 = c1S/m: Conductivity, 2 [S/m]
# name 5 = sbeox0ML/L: Oxygen, SBE 43 [ml/l]
# name 6 = flECO-AFL: Fluorescence, Wetlab ECO-AFL/FL [mg/m^3]
# name 7 = bat: Beam Attenuation, Chelsea/Seatech/Wetlab CStar [1/m]
# name 8 = spar: SPAR/Surface Irradiance
# name 9 = latitude: Latitude [deg]
# name 10 = longitude: Longitude [deg]
# name 11 = timeY: Time, System [seconds]
# name 12 = timeJ: Julian Days
# name 13 = sal00: Salinity [PSU]
# name 14 = flag: flag
# span 0 =      1.000,   1302.000       
# span 1 =    -1.5813,     0.2414       
# span 2 =   2.730662,   2.902582       
# span 3 =    -1.5801,     0.2429       
# span 4 =   2.730736,   2.902295       
# span 5 =    5.90281,    7.75018       
# span 6 =    -0.1364,     0.0677       
# span 7 =    13.8155,    13.8155       
# span 8 = 0.0000e+00, 0.0000e+00       
# span 9 =  -62.24700,  -62.24700       
# span 10 =  -58.10600,  -58.10600      
# span 11 = 1152356208, 1152358111      
# span 12 = 189.456118, 189.478158      
# span 13 =    34.2170,    34.5487      
# span 14 = 0.0000e+00, 0.0000e+00      
# interval = decibars: 1                
# start_time = Jul 08 2006 10:56:54
# bad_flag = -9.990e-29
*END*
[from data line 193]
    193.000    -1.1504   2.761322    -1.1505   2.761235    7.44174     0.0606    13.8155 0.0000e+00  -62.24700  -58.10600 1152356576 189.460388    34.2749 0.0000e+00
    194.000    -1.1499   2.761396    -1.1491   2.761394    7.43609     0.0438    13.8155 0.0000e+00  -62.24700  -58.10600 1152356577 189.460405    34.2749 0.0000e+00
    195.000    -1.2243   2.754876    -1.2277   2.754860    7.43424     0.0601    13.8155 0.0000e+00  -62.24700  -58.10600 1152356578 189.460418    34.2736 0.0000e+00
    196.000    -1.2590   2.752456    -1.2582   2.752410    7.43146     0.0522    13.8155 0.0000e+00  -62.24700  -58.10600 1152356579 189.460429    34.2800 0.0000e+00
    197.000    -1.2148   2.756422    -1.2114   2.756639    7.41993     0.0556    13.8155 0.0000e+00  -62.24700  -58.10600 1152356580 189.460440    34.2806 0.0000e+00
    198.000    -1.1676   2.760872    -1.1663   2.760697    7.39510     0.0429    13.8155 0.0000e+00  -62.24700  -58.10600 1152356581 189.460454    34.2863 0.0000e+00
    199.000    -1.1116   2.765861    -1.1111   2.765767    7.37241     0.0421    13.8155 0.0000e+00  -62.24700  -58.10600 1152356583 189.460470    34.2874 0.0000e+00
    200.000    -1.1118   2.765898    -1.1088   2.766107    7.35438     0.0275    13.8155 0.0000e+00  -62.24700  -58.10600 1152356584 189.460486    34.2877 0.0000e+00
    201.000    -1.0991   2.767135    -1.0964   2.767207    7.33629     0.0408    13.8155 0.0000e+00  -62.24700  -58.10600 1152356585 189.460500    34.2899 0.0000e+00
    202.000    -1.0690   2.769846    -1.0671   2.769886    7.31886     0.0334    13.8155 0.0000e+00  -62.24700  -58.10600 1152356587 189.460518    34.2909 0.0000e+00
    203.000    -1.0667   2.770108    -1.0649   2.770165    7.30777     0.0347    13.8155 0.0000e+00  -62.24700  -58.10600 1152356589 189.460537    34.2916 0.0000e+00
    204.000    -1.0677   2.770048    -1.0665   2.770070    7.30525     0.0372    13.8155 0.0000e+00  -62.24700  -58.10600 1152356590 189.460551    34.2917 0.0000e+00
    205.000    -1.0723   2.769693    -1.0691   2.769874    7.30087     0.0325    13.8155 0.0000e+00  -62.24700  -58.10600 1152356591 189.460562    34.2920 0.0000e+00
    206.000    -1.0509   2.771709    -1.0471   2.771881    7.29627     0.0360    13.8155 0.0000e+00  -62.24700  -58.10600 1152356592 189.460571    34.2933 0.0000e+00
    207.000    -1.0369   2.772942    -1.0376   2.772723    7.29300     0.0239    13.8155 0.0000e+00  -62.24700  -58.10600 1152356593 189.460582    34.2939 0.0000e+00
    208.000    -1.0377   2.772873    -1.0322   2.773234    7.29252     0.0399    13.8155 0.0000e+00  -62.24700  -58.10600 1152356594 189.460596    34.2936 0.0000e+00
    209.000    -1.0341   2.773210    -1.0328   2.773200    7.28633     0.0413    13.8155 0.0000e+00  -62.24700  -58.10600 1152356595 189.460616    34.2939 0.0000e+00
    210.000    -1.0263   2.773968    -1.0248   2.773976    7.28342     0.0272    13.8155 0.0000e+00  -62.24700  -58.10600 1152356597 189.460636    34.2945 0.0000e+00
    211.000    -1.0448   2.772377    -1.0369   2.772978    7.26882     0.0203    13.8155 0.0000e+00  -62.24700  -58.10600 1152356598 189.460651    34.2941 0.0000e+00
    212.000    -1.0400   2.772838    -1.0388   2.772878    7.26538     0.0362    13.8155 0.0000e+00  -62.24700  -58.10600 1152356600 189.460664    34.2943 0.0000e+00
    213.000    -1.0474   2.772238    -1.0458   2.772299    7.27900     0.0134    13.8155 0.0000e+00  -62.24700  -58.10600 1152356601 189.460677    34.2942 0.0000e+00
    214.000    -1.0475   2.772241    -1.0482   2.772149    7.25077     0.0134    13.8155 0.0000e+00  -62.24700  -58.10600 1152356602 189.460690    34.2937 0.0000e+00
    215.000    -0.9788   2.778560    -0.9665   2.779255    7.20139     0.0048    13.8155 0.0000e+00  -62.24700  -58.10600 1152356603 189.460703    34.2977 0.0000e+00
    216.000    -0.9455   2.781441    -0.9539   2.780527    7.18583     0.0136    13.8155 0.0000e+00  -62.24700  -58.10600 1152356604 189.460716    34.2986 0.0000e+00
    217.000    -0.9595   2.780380    -0.9411   2.781906    7.13788     0.0280    13.8155 0.0000e+00  -62.24700  -58.10600 1152356605 189.460731    34.3018 0.0000e+00
    218.000    -0.7693   2.797531    -0.8201   2.792410    7.09614     0.0167    13.8155 0.0000e+00  -62.24700  -58.10600 1152356607 189.460749    34.3135 0.0000e+00
    219.000    -0.5014   2.821682    -0.5044   2.820321    6.98274     0.0118    13.8155 0.0000e+00  -62.24700  -58.10600 1152356609 189.460768    34.3284 0.0000e+00
    220.000    -0.2376   2.845317    -0.2337   2.844875    6.89970     0.0073    13.8155 0.0000e+00  -62.24700  -58.10600 1152356610 189.460782    34.3386 0.0000e+00
    221.000    -0.2408   2.845103    -0.2601   2.843102    6.84883     0.0042    13.8155 0.0000e+00  -62.24700  -58.10600 1152356611 189.460794    34.3402 0.0000e+00
    222.000    -0.2341   2.845648    -0.2487   2.844037    6.80759     0.0144    13.8155 0.0000e+00  -62.24700  -58.10600 1152356612 189.460805    34.3409 0.0000e+00
    223.000    -0.1729   2.851507    -0.1658   2.851492    6.76843     0.0243    13.8155 0.0000e+00  -62.24700  -58.10600 1152356613 189.460817    34.3504 0.0000e+00
    224.000    -0.1633   2.852197    -0.1591   2.852214    6.73011     0.0370    13.8155 0.0000e+00  -62.24700  -58.10600 1152356614 189.460832    34.3496 0.0000e+00
    225.000    -0.1668   2.851845    -0.1637   2.851810    6.70561     0.0223    13.8155 0.0000e+00  -62.24700  -58.10600 1152356616 189.460851    34.3513 0.0000e+00
    226.000    -0.1705   2.851501    -0.1696   2.851280    6.68834     0.0241    13.8155 0.0000e+00  -62.24700  -58.10600 1152356617 189.460867    34.3525 0.0000e+00
    227.000    -0.1534   2.853061    -0.1515   2.852884    6.67525     0.0201    13.8155 0.0000e+00  -62.24700  -58.10600 1152356618 189.460881    34.3545 0.0000e+00
    228.000    -0.1550   2.852855    -0.1546   2.852658    6.67506     0.0104    13.8155 0.0000e+00  -62.24700  -58.10600 1152356619 189.460894    34.3538 0.0000e+00
    229.000    -0.1593   2.852508    -0.1577   2.852389    6.66376     0.0221    13.8155 0.0000e+00  -62.24700  -58.10600 1152356621 189.460908    34.3548 0.0000e+00
    230.000    -0.1342   2.854838    -0.1463   2.853411    6.65485     0.0115    13.8155 0.0000e+00  -62.24700  -58.10600 1152356622 189.460924    34.3577 0.0000e+00
    231.000    -0.1495   2.853398    -0.1602   2.852283    6.65274     0.0171    13.8155 0.0000e+00  -62.24700  -58.10600 1152356624 189.460942    34.3560 0.0000e+00
    232.000    -0.1526   2.853186    -0.1571   2.852492    6.65112     0.0021    13.8155 0.0000e+00  -62.24700  -58.10600 1152356625 189.460957    34.3570 0.0000e+00
    233.000    -0.1326   2.855031    -0.1292   2.855066    6.64364     0.0003    13.8155 0.0000e+00  -62.24700  -58.10600 1152356626 189.460970    34.3585 0.0000e+00
    234.000    -0.1305   2.855238    -0.1220   2.855771    6.63780     0.0090    13.8155 0.0000e+00  -62.24700  -58.10600 1152356627 189.460981    34.3584 0.0000e+00
    235.000    -0.1275   2.855551    -0.1268   2.855370    6.63397     0.0020    13.8155 0.0000e+00  -62.24700  -58.10600 1152356628 189.460992    34.3589 0.0000e+00
    236.000    -0.1274   2.855594    -0.1271   2.855384    6.62459     0.0059    13.8155 0.0000e+00  -62.24700  -58.10600 1152356629 189.461006    34.3591 0.0000e+00
    237.000    -0.1170   2.856616    -0.1167   2.856370    6.61922     0.0017    13.8155 0.0000e+00  -62.24700  -58.10600 1152356631 189.461025    34.3608 0.0000e+00
    238.000    -0.1095   2.857372    -0.1027   2.857681    6.60998    -0.0041    13.8155 0.0000e+00  -62.24700  -58.10600 1152356632 189.461044    34.3619 0.0000e+00
    239.000    -0.0682   2.861277    -0.0728   2.860524    6.59890    -0.0134    13.8155 0.0000e+00  -62.24700  -58.10600 1152356634 189.461058    34.3670 0.0000e+00
    240.000    -0.0592   2.862180    -0.0600   2.861853    6.58845    -0.0224    13.8155 0.0000e+00  -62.24700  -58.10600 1152356635 189.461071    34.3671 0.0000e+00
    241.000    -0.0577   2.862384    -0.0562   2.862269    6.59952    -0.0163    13.8155 0.0000e+00  -62.24700  -58.10600 1152356636 189.461085    34.3678 0.0000e+00
    242.000    -0.0727   2.861058    -0.0718   2.860967    6.59671    -0.0113    13.8155 0.0000e+00  -62.24700  -58.10600 1152356637 189.461100    34.3671 0.0000e+00
    243.000    -0.0977   2.858895    -0.0923   2.859201    6.59688    -0.0138    13.8155 0.0000e+00  -62.24700  -58.10600 1152356639 189.461115    34.3669 0.0000e+00
    244.000    -0.1353   2.855477    -0.1457   2.854587    6.60933    -0.0127    13.8155 0.0000e+00  -62.24700  -58.10600 1152356640 189.461128    34.3664 0.0000e+00
    245.000    -0.2255   2.847449    -0.2280   2.847305    6.62672    -0.0151    13.8155 0.0000e+00  -62.24700  -58.10600 1152356641 189.461141    34.3612 0.0000e+00
    246.000    -0.2540   2.845017    -0.2566   2.844730    6.64464    -0.0063    13.8155 0.0000e+00  -62.24700  -58.10600 1152356642 189.461153    34.3609 0.0000e+00
    247.000    -0.2589   2.844615    -0.2605   2.844364    6.65683    -0.0207    13.8155 0.0000e+00  -62.24700  -58.10600 1152356643 189.461168    34.3599 0.0000e+00
    248.000    -0.2745   2.843249    -0.2756   2.843075    6.66933    -0.0229    13.8155 0.0000e+00  -62.24700  -58.10600 1152356645 189.461188    34.3583 0.0000e+00
    249.000    -0.3035   2.840817    -0.3031   2.840776    6.67108    -0.0105    13.8155 0.0000e+00  -62.24700  -58.10600 1152356646 189.461203    34.3583 0.0000e+00
    250.000    -0.3116   2.840271    -0.3102   2.840256    6.66920    -0.0251    13.8155 0.0000e+00  -62.24700  -58.10600 1152356647 189.461215    34.3597 0.0000e+00
    251.000    -0.2885   2.842541    -0.2891   2.842315    6.66814    -0.0234    13.8155 0.0000e+00  -62.24700  -58.10600 1152356648 189.461227    34.3622 0.0000e+00
    252.000    -0.2706   2.844295    -0.2697   2.844146    6.65873    -0.0106    13.8155 0.0000e+00  -62.24700  -58.10600 1152356650 189.461244    34.3639 0.0000e+00
    253.000    -0.2424   2.846966    -0.2411   2.846882    6.64268    -0.0187    13.8155 0.0000e+00  -62.24700  -58.10600 1152356651 189.461263    34.3659 0.0000e+00
    254.000    -0.2410   2.847146    -0.2399   2.847107    6.63697    -0.0227    13.8155 0.0000e+00  -62.24700  -58.10600 1152356652 189.461276    34.3659 0.0000e+00
    255.000    -0.2353   2.847766    -0.2331   2.847774    6.63305    -0.0194    13.8155 0.0000e+00  -62.24700  -58.10600 1152356653 189.461286    34.3670 0.0000e+00
    256.000    -0.2481   2.846692    -0.2471   2.846710    6.62569    -0.0210    13.8155 0.0000e+00  -62.24700  -58.10600 1152356654 189.461297    34.3665 0.0000e+00
    257.000    -0.2345   2.848230    -0.2298   2.848424    6.61921    -0.0200    13.8155 0.0000e+00  -62.24700  -58.10600 1152356655 189.461309    34.3714 0.0000e+00
    258.000    -0.2166   2.849936    -0.2148   2.849902    6.60412    -0.0365    13.8155 0.0000e+00  -62.24700  -58.10600 1152356657 189.461331    34.3725 0.0000e+00
    259.000    -0.2229   2.849420    -0.2221   2.849440    6.58687    -0.0341    13.8155 0.0000e+00  -62.24700  -58.10600 1152356659 189.461353    34.3720 0.0000e+00
    260.000    -0.2610   2.846136    -0.2612   2.846047    6.57849    -0.0347    13.8155 0.0000e+00  -62.24700  -58.10600 1152356660 189.461367    34.3720 0.0000e+00
    261.000    -0.2613   2.846349    -0.2602   2.846231    6.57223    -0.0236    13.8155 0.0000e+00  -62.24700  -58.10600 1152356661 189.461378    34.3753 0.0000e+00
    262.000    -0.2300   2.849284    -0.2259   2.849334    6.55218    -0.0400    13.8155 0.0000e+00  -62.24700  -58.10600 1152356662 189.461387    34.3779 0.0000e+00
    263.000    -0.1845   2.853520    -0.1758   2.854020    6.52704    -0.0423    13.8155 0.0000e+00  -62.24700  -58.10600 1152356663 189.461397    34.3803 0.0000e+00
    264.000    -0.1228   2.859276    -0.1157   2.859485    6.50544    -0.0462    13.8155 0.0000e+00  -62.24700  -58.10600 1152356664 189.461410    34.3860 0.0000e+00
    265.000    -0.0392   2.866989    -0.0349   2.867020    6.45624    -0.0480    13.8155 0.0000e+00  -62.24700  -58.10600 1152356666 189.461427    34.3914 0.0000e+00
    266.000     0.1040   2.880211     0.1052   2.879904    6.39854    -0.0321    13.8155 0.0000e+00  -62.24700  -58.10600 1152356667 189.461447    34.4011 0.0000e+00
    267.000     0.1049   2.880327     0.1056   2.880111    6.36458    -0.0255    13.8155 0.0000e+00  -62.24700  -58.10600 1152356669 189.461464    34.4022 0.0000e+00
    268.000     0.1034   2.880242     0.1050   2.880100    6.34674    -0.0393    13.8155 0.0000e+00  -62.24700  -58.10600 1152356670 189.461478    34.4034 0.0000e+00
    269.000     0.1033   2.880245     0.1047   2.880109    6.33311    -0.0362    13.8155 0.0000e+00  -62.24700  -58.10600 1152356671 189.461492    34.4040 0.0000e+00
    270.000     0.1015   2.880131     0.1026   2.879980    6.32546    -0.0542    13.8155 0.0000e+00  -62.24700  -58.10600 1152356672 189.461505    34.4048 0.0000e+00
    271.000     0.1028   2.880287     0.1032   2.880091    6.31971    -0.0268    13.8155 0.0000e+00  -62.24700  -58.10600 1152356673 189.461518    34.4054 0.0000e+00
    272.000     0.1038   2.880434     0.1051   2.880314    6.30921    -0.0328    13.8155 0.0000e+00  -62.24700  -58.10600 1152356674 189.461530    34.4060 0.0000e+00
    273.000     0.1083   2.880943     0.1110   2.880917    6.29726    -0.0408    13.8155 0.0000e+00  -62.24700  -58.10600 1152356675 189.461542    34.4076 0.0000e+00
    274.000     0.1163   2.881721     0.1171   2.881550    6.28574    -0.0431    13.8155 0.0000e+00  -62.24700  -58.10600 1152356677 189.461557    34.4083 0.0000e+00
    275.000     0.1250   2.882575     0.1247   2.882321    6.27416    -0.0290    13.8155 0.0000e+00  -62.24700  -58.10600 1152356679 189.461577    34.4096 0.0000e+00
    276.000     0.1595   2.885844     0.1675   2.886218    6.25859    -0.0371    13.8155 0.0000e+00  -62.24700  -58.10600 1152356680 189.461595    34.4131 0.0000e+00
    277.000     0.1995   2.889581     0.2058   2.889856    6.24494    -0.0420    13.8155 0.0000e+00  -62.24700  -58.10600 1152356681 189.461608    34.4162 0.0000e+00
    278.000     0.2043   2.890100     0.2075   2.890086    6.23334    -0.0379    13.8155 0.0000e+00  -62.24700  -58.10600 1152356682 189.461619    34.4173 0.0000e+00
    279.000     0.2258   2.892156     0.2282   2.892077    6.22109    -0.0438    13.8155 0.0000e+00  -62.24700  -58.10600 1152356683 189.461631    34.4195 0.0000e+00
    280.000     0.2358   2.893164     0.2367   2.892966    6.21053    -0.0406    13.8155 0.0000e+00  -62.24700  -58.10600 1152356684 189.461646    34.4211 0.0000e+00
    281.000     0.2402   2.893611     0.2414   2.893479    6.20050    -0.0342    13.8155 0.0000e+00  -62.24700  -58.10600 1152356686 189.461663    34.4219 0.0000e+00
    282.000     0.2402   2.893703     0.2415   2.893565    6.19356    -0.0434    13.8155 0.0000e+00  -62.24700  -58.10600 1152356687 189.461679    34.4230 0.0000e+00
    283.000     0.2414   2.893878     0.2429   2.893786    6.19035    -0.0501    13.8155 0.0000e+00  -62.24700  -58.10600 1152356689 189.461694    34.4238 0.0000e+00
    284.000     0.2396   2.893823     0.2407   2.893692    6.19003    -0.0469    13.8155 0.0000e+00  -62.24700  -58.10600 1152356690 189.461708    34.4248 0.0000e+00
    285.000     0.2368   2.893607     0.2375   2.893457    6.18970    -0.0393    13.8155 0.0000e+00  -62.24700  -58.10600 1152356691 189.461720    34.4248 0.0000e+00
    286.000     0.2345   2.893457     0.2356   2.893336    6.18968    -0.0417    13.8155 0.0000e+00  -62.24700  -58.10600 1152356692 189.461733    34.4250 0.0000e+00
    287.000     0.2326   2.893334     0.2337   2.893217    6.19369    -0.0449    13.8155 0.0000e+00  -62.24700  -58.10600 1152356693 189.461746    34.4252 0.0000e+00
    288.000     0.2287   2.893028     0.2295   2.892898    6.19431    -0.0379    13.8155 0.0000e+00  -62.24700  -58.10600 1152356694 189.461761    34.4251 0.0000e+00
