product_data/regression_test/downloaded_data/MDGS/320620060703/ctd/adapted/heads_insert_p6617607.cnv
* Sea-Bird SBE 9 Data File:
* FileName = D:\Data\Raw\p6617607.dat
* Software Version Seasave Win32 V 5.32
* Temperature SN = 1649
* Conductivity SN = 1431
* Number of Bytes Per Scan = 37
* Number of Voltage Words = 5
* Number of Scans Averaged by the Deck Unit = 1
* NMEA Latitude = 60 36.97 S
* NMEA Longitude = 054 43.19 W
* NMEA UTC (Time) = 10:38:42
** Ship:   Nathaniel B. Palmer 
** Cruise:    NBP0606 
# nquan = 15
# nvalues = 140                         
# units = specified
# name 0 = prDM: Pressure, Digiquartz [db]
# name 1 = t090C: Temperature [ITS-90, deg C]
# name 2 = c0S/m: Conductivity [S/m]
# name 3 = t190C: Temperature, 2 [ITS-90, deg C]
# name 4 = c1S/m: Conductivity, 2 [S/m]
# name 5 = sbeox0ML/L: Oxygen, SBE 43 [ml/l]
# name 6 = flECO-AFL: Fluorescence, Wetlab ECO-AFL/FL [mg/m^3]
# name 7 = bat: Beam Attenuation, Chelsea/Seatech/Wetlab CStar [1/m]
# name 8 = spar: SPAR/Surface Irradiance
# name 9 = latitude: Latitude [deg]
# name 10 = longitude: Longitude [deg]
# name 11 = timeY: Time, System [seconds]
# name 12 = timeJ: Julian Days
# name 13 = sal00: Salinity [PSU]
# name 14 = flag: flag
# span 0 =     13.000,    152.000       
# span 1 =    -0.7783,    -0.1830       
# span 2 =   2.776544,   2.841268       
# span 3 =    -0.7789,    -0.1803       
# span 4 =   2.777255,   2.841753       
# span 5 =    6.76384,    7.69040       
# span 6 =    -0.0186,     0.4914       
# span 7 =    13.8155,    13.8155       
# span 8 = 0.0000e+00, 0.0000e+00       
# span 9 =  -60.61617,  -60.61617       
# span 10 =  -54.71983,  -54.71983      
# span 11 = 1153478351, 1153478782      
# span 12 = 202.443895, 202.448878      
# span 13 =    34.1712,    34.3214      
# span 14 = 0.0000e+00, 0.0000e+00      
# interval = decibars: 1                
# start_time = Jul 21 2006 10:38:50
# bad_flag = -9.990e-29
*END*
[from data line 97]
    109.000    -0.3058   2.827162    -0.3045   2.827586    7.05189     0.2735    13.8155 0.0000e+00  -60.61617  -54.71983 1153478585 202.446599    34.2583 0.0000e+00
    110.000    -0.2707   2.830430    -0.2698   2.830738    7.01470     0.2699    13.8155 0.0000e+00  -60.61617  -54.71983 1153478587 202.446628    34.2621 0.0000e+00
    111.000    -0.2286   2.834396    -0.2290   2.834530    6.97864     0.2856    13.8155 0.0000e+00  -60.61617  -54.71983 1153478589 202.446648    34.2659 0.0000e+00
    112.000    -0.2110   2.835976    -0.2093   2.836428    6.94233     0.3035    13.8155 0.0000e+00  -60.61617  -54.71983 1153478591 202.446675    34.2666 0.0000e+00
    113.000    -0.2174   2.835688    -0.2003   2.837176    6.90469     0.3099    13.8155 0.0000e+00  -60.61617  -54.71983 1153478595 202.446721    34.2673 0.0000e+00
    114.000    -0.1901   2.838052    -0.1889   2.838471    6.89864     0.3121    13.8155 0.0000e+00  -60.61617  -54.71983 1153478596 202.446730    34.2704 0.0000e+00
    115.000    -0.1860   2.838557    -0.1848   2.838963    6.89391     0.2928    13.8155 0.0000e+00  -60.61617  -54.71983 1153478597 202.446739    34.2719 0.0000e+00
    116.000    -0.1850   2.838693    -0.1839   2.839111    6.88953     0.3350    13.8155 0.0000e+00  -60.61617  -54.71983 1153478597 202.446748    34.2722 0.0000e+00
    117.000    -0.1856   2.838753    -0.1833   2.839241    6.87838     0.3302    13.8155 0.0000e+00  -60.61617  -54.71983 1153478602 202.446800    34.2739 0.0000e+00
    118.000    -0.1830   2.839078    -0.1803   2.839672    6.87489     0.2879    13.8155 0.0000e+00  -60.61617  -54.71983 1153478605 202.446830    34.2749 0.0000e+00
    119.000    -0.2069   2.837427    -0.2084   2.837920    6.86980     0.3002    13.8155 0.0000e+00  -60.61617  -54.71983 1153478605 202.446839    34.2790 0.0000e+00
    120.000    -0.2448   2.834904    -0.2422   2.835467    6.86901     0.3492    13.8155 0.0000e+00  -60.61617  -54.71983 1153478606 202.446850    34.2899 0.0000e+00
    121.000    -0.2314   2.836242    -0.2330   2.836499    6.87144     0.2835    13.8155 0.0000e+00  -60.61617  -54.71983 1153478608 202.446871    34.2911 0.0000e+00
    122.000    -0.2272   2.836289    -0.2338   2.836311    6.88016     0.2344    13.8155 0.0000e+00  -60.61617  -54.71983 1153478613 202.446923    34.2859 0.0000e+00
    123.000    -0.2507   2.834820    -0.2498   2.835288    6.89265     0.2020    13.8155 0.0000e+00  -60.61617  -54.71983 1153478615 202.446947    34.2928 0.0000e+00
    124.000    -0.2794   2.832346    -0.2818   2.832622    6.90578     0.1709    13.8155 0.0000e+00  -60.61617  -54.71983 1153478616 202.446963    34.2920 0.0000e+00
    125.000    -0.3047   2.830220    -0.3051   2.830655    6.92452     0.1604    13.8155 0.0000e+00  -60.61617  -54.71983 1153478617 202.446976    34.2921 0.0000e+00
    126.000    -0.3388   2.827383    -0.3409   2.827601    6.95785     0.1669    13.8155 0.0000e+00  -60.61617  -54.71983 1153478619 202.446998    34.2926 0.0000e+00
    127.000    -0.3546   2.826077    -0.3583   2.826159    6.99460     0.1834    13.8155 0.0000e+00  -60.61617  -54.71983 1153478622 202.447033    34.2918 0.0000e+00
    128.000    -0.3732   2.824682    -0.3730   2.825152    7.00779     0.1796    13.8155 0.0000e+00  -60.61617  -54.71983 1153478624 202.447050    34.2937 0.0000e+00
    129.000    -0.3780   2.824415    -0.3770   2.824890    7.01826     0.1774    13.8155 0.0000e+00  -60.61617  -54.71983 1153478625 202.447068    34.2947 0.0000e+00
    130.000    -0.3736   2.824865    -0.3762   2.825044    7.02156     0.1772    13.8155 0.0000e+00  -60.61617  -54.71983 1153478629 202.447110    34.2943 0.0000e+00
    131.000    -0.3521   2.827093    -0.3475   2.827748    6.99743     0.1536    13.8155 0.0000e+00  -60.61617  -54.71983 1153478631 202.447134    34.2986 0.0000e+00
    132.000    -0.3082   2.831162    -0.3051   2.831683    6.97334     0.1505    13.8155 0.0000e+00  -60.61617  -54.71983 1153478632 202.447148    34.3013 0.0000e+00
    133.000    -0.2865   2.833333    -0.2824   2.833827    6.93860     0.1497    13.8155 0.0000e+00  -60.61617  -54.71983 1153478633 202.447164    34.3052 0.0000e+00
    134.000    -0.2376   2.837750    -0.2363   2.838105    6.89969     0.1421    13.8155 0.0000e+00  -60.61617  -54.71983 1153478635 202.447182    34.3068 0.0000e+00
    135.000    -0.2408   2.837479    -0.2464   2.837279    6.86669     0.1288    13.8155 0.0000e+00  -60.61617  -54.71983 1153478638 202.447215    34.3070 0.0000e+00
    136.000    -0.2684   2.835152    -0.2682   2.835475    6.85953     0.1170    13.8155 0.0000e+00  -60.61617  -54.71983 1153478640 202.447245    34.3080 0.0000e+00
    137.000    -0.2623   2.835799    -0.2611   2.836225    6.86302     0.1093    13.8155 0.0000e+00  -60.61617  -54.71983 1153478643 202.447272    34.3090 0.0000e+00
    138.000    -0.2619   2.835904    -0.2604   2.836359    6.86716     0.0934    13.8155 0.0000e+00  -60.61617  -54.71983 1153478645 202.447294    34.3095 0.0000e+00
    139.000    -0.2621   2.835959    -0.2612   2.836386    6.86739     0.0941    13.8155 0.0000e+00  -60.61617  -54.71983 1153478646 202.447309    34.3099 0.0000e+00
    140.000    -0.2651   2.835762    -0.2643   2.836180    6.86746     0.0807    13.8155 0.0000e+00  -60.61617  -54.71983 1153478648 202.447330    34.3103 0.0000e+00
    141.000    -0.2681   2.835565    -0.2662   2.836062    6.86310     0.0764    13.8155 0.0000e+00  -60.61617  -54.71983 1153478650 202.447361    34.3105 0.0000e+00
    142.000    -0.2642   2.835970    -0.2632   2.836385    6.85913     0.0759    13.8155 0.0000e+00  -60.61617  -54.71983 1153478653 202.447391    34.3109 0.0000e+00
    143.000    -0.2635   2.836099    -0.2622   2.836540    6.85525     0.0678    13.8155 0.0000e+00  -60.61617  -54.71983 1153478656 202.447424    34.3112 0.0000e+00
    144.000    -0.2612   2.836415    -0.2598   2.836855    6.85437     0.0636    13.8155 0.0000e+00  -60.61617  -54.71983 1153478658 202.447448    34.3121 0.0000e+00
    145.000    -0.2596   2.836643    -0.2579   2.837118    6.85141     0.0450    13.8155 0.0000e+00  -60.61617  -54.71983 1153478662 202.447489    34.3128 0.0000e+00
    146.000    -0.2521   2.837414    -0.2524   2.837714    6.84710     0.0478    13.8155 0.0000e+00  -60.61617  -54.71983 1153478664 202.447519    34.3138 0.0000e+00
    147.000    -0.2531   2.837379    -0.2518   2.837795    6.84672     0.0420    13.8155 0.0000e+00  -60.61617  -54.71983 1153478665 202.447531    34.3140 0.0000e+00
    148.000    -0.2502   2.837678    -0.2489   2.838121    6.84141     0.0358    13.8155 0.0000e+00  -60.61617  -54.71983 1153478670 202.447588    34.3140 0.0000e+00
    149.000    -0.2481   2.837951    -0.2469   2.838372    6.83214     0.0203    13.8155 0.0000e+00  -60.61617  -54.71983 1153478673 202.447619    34.3147 0.0000e+00
    150.000    -0.2374   2.839007    -0.2374   2.839378    6.82576     0.0243    13.8155 0.0000e+00  -60.61617  -54.71983 1153478675 202.447644    34.3160 0.0000e+00
    151.000    -0.2182   2.840946    -0.2169   2.841365    6.77622    -0.0186    13.8155 0.0000e+00  -60.61617  -54.71983 1153478730 202.448281    34.3198 0.0000e+00
    152.000    -0.2162   2.841268    -0.2143   2.841753    6.76384    -0.0165    13.8155 0.0000e+00  -60.61617  -54.71983 1153478782 202.448878    34.3214 0.0000e+00
