product_data/regression_test/downloaded_data/MDGS/320620060703/ctd/adapted/heads_insert_p6619404.cnv
* Sea-Bird SBE 9 Data File:
* FileName = D:\Data\Raw\p6619404.dat
* Software Version Seasave Win32 V 5.32
* Temperature SN = 1649
* Conductivity SN = 1431
* Number of Bytes Per Scan = 37
* Number of Voltage Words = 5
* Number of Scans Averaged by the Deck Unit = 1
* NMEA Latitude = 60 37.19 S
* NMEA Longitude = 055 40.25 W
* NMEA UTC (Time) = 04:56:00
** Ship:   Nathaniel B. Palmer 
** Cruise:    NBP0606 
# nquan = 15
# nvalues = 989                         
# units = specified
# name 0 = prDM: Pressure, Digiquartz [db]
# name 1 = t090C: Temperature [ITS-90, deg C]
# name 2 = c0S/m: Conductivity [S/m]
# name 3 = t190C: Temperature, 2 [ITS-90, deg C]
# name 4 = c1S/m: Conductivity, 2 [S/m]
# name 5 = sbeox0ML/L: Oxygen, SBE 43 [ml/l]
# name 6 = flECO-AFL: Fluorescence, Wetlab ECO-AFL/FL [mg/m^3]
# name 7 = bat: Beam Attenuation, Chelsea/Seatech/Wetlab CStar [1/m]
# name 8 = spar: SPAR/Surface Irradiance
# name 9 = latitude: Latitude [deg]
# name 10 = longitude: Longitude [deg]
# name 11 = timeY: Time, System [seconds]
# name 12 = timeJ: Julian Days
# name 13 = sal00: Salinity [PSU]
# name 14 = flag: flag
# span 0 =     13.000,   1001.000       
# span 1 =    -0.7585,     1.1288       
# span 2 =   2.789315,   3.007889       
# span 3 =    -0.7579,     1.1291       
# span 4 =   2.789724,   3.008161       
# span 5 =    5.10327,    7.50782       
# span 6 =    -0.1107,     0.7002       
# span 7 =    13.8155,    13.8155       
# span 8 = 0.0000e+00, 0.0000e+00       
# span 9 =  -60.61983,  -60.61983       
# span 10 =  -55.67083,  -55.67083      
# span 11 = 1153716951, 1153718452      
# span 12 = 205.205458, 205.222851      
# span 13 =    34.1918,    34.6927      
# span 14 = 0.0000e+00, 0.0000e+00      
# interval = decibars: 1                
# start_time = Jul 24 2006 04:56:08
# bad_flag = -9.990e-29
*END*
[from data line 772]
    784.000     0.9864   2.998297     0.9867   2.998580    5.16814    -0.0878    13.8155 0.0000e+00  -60.61983  -55.67083 1153718154 205.219394    34.6632 0.0000e+00
    785.000     0.9841   2.998107     0.9854   2.998502    5.16999    -0.0857    13.8155 0.0000e+00  -60.61983  -55.67083 1153718156 205.219426    34.6627 0.0000e+00
    786.000     0.9890   2.998662     0.9893   2.998953    5.16971    -0.0847    13.8155 0.0000e+00  -60.61983  -55.67083 1153718158 205.219442    34.6637 0.0000e+00
    787.000     0.9889   2.998712     0.9891   2.999012    5.16866    -0.0910    13.8155 0.0000e+00  -60.61983  -55.67083 1153718159 205.219455    34.6638 0.0000e+00
    788.000     0.9891   2.998792     0.9892   2.999073    5.16865    -0.0890    13.8155 0.0000e+00  -60.61983  -55.67083 1153718160 205.219466    34.6640 0.0000e+00
    789.000     0.9889   2.998816     0.9888   2.999078    5.16991    -0.0783    13.8155 0.0000e+00  -60.61983  -55.67083 1153718161 205.219480    34.6640 0.0000e+00
    790.000     0.9875   2.998749     0.9875   2.999018    5.17146    -0.0815    13.8155 0.0000e+00  -60.61983  -55.67083 1153718163 205.219497    34.6641 0.0000e+00
    791.000     0.9875   2.998798     0.9875   2.999082    5.17201    -0.0890    13.8155 0.0000e+00  -60.61983  -55.67083 1153718164 205.219512    34.6642 0.0000e+00
    792.000     0.9855   2.998664     0.9856   2.998949    5.17235    -0.0788    13.8155 0.0000e+00  -60.61983  -55.67083 1153718165 205.219524    34.6641 0.0000e+00
    793.000     0.9839   2.998554     0.9834   2.998801    5.17281    -0.0814    13.8155 0.0000e+00  -60.61983  -55.67083 1153718166 205.219534    34.6640 0.0000e+00
    794.000     0.9806   2.998318     0.9806   2.998586    5.17285    -0.0887    13.8155 0.0000e+00  -60.61983  -55.67083 1153718167 205.219546    34.6641 0.0000e+00
    795.000     0.9802   2.998312     0.9803   2.998596    5.17344    -0.0882    13.8155 0.0000e+00  -60.61983  -55.67083 1153718169 205.219565    34.6640 0.0000e+00
    796.000     0.9808   2.998404     0.9808   2.998692    5.17063    -0.0865    13.8155 0.0000e+00  -60.61983  -55.67083 1153718170 205.219583    34.6638 0.0000e+00
    797.000     0.9804   2.998425     0.9806   2.998709    5.17037    -0.0844    13.8155 0.0000e+00  -60.61983  -55.67083 1153718172 205.219600    34.6640 0.0000e+00
    798.000     0.9805   2.998479     0.9809   2.998773    5.17121    -0.0902    13.8155 0.0000e+00  -60.61983  -55.67083 1153718174 205.219626    34.6638 0.0000e+00
    799.000     0.9800   2.998489     0.9801   2.998764    5.17322    -0.0864    13.8155 0.0000e+00  -60.61983  -55.67083 1153718175 205.219645    34.6641 0.0000e+00
    800.000     0.9793   2.998477     0.9796   2.998775    5.17432    -0.0837    13.8155 0.0000e+00  -60.61983  -55.67083 1153718177 205.219657    34.6641 0.0000e+00
    801.000     0.9785   2.998447     0.9785   2.998721    5.17410    -0.0876    13.8155 0.0000e+00  -60.61983  -55.67083 1153718177 205.219668    34.6640 0.0000e+00
    802.000     0.9779   2.998443     0.9783   2.998734    5.17334    -0.0746    13.8155 0.0000e+00  -60.61983  -55.67083 1153718178 205.219677    34.6641 0.0000e+00
    803.000     0.9786   2.998543     0.9787   2.998823    5.17356    -0.0808    13.8155 0.0000e+00  -60.61983  -55.67083 1153718179 205.219686    34.6640 0.0000e+00
    804.000     0.9773   2.998446     0.9776   2.998755    5.17402    -0.0840    13.8155 0.0000e+00  -60.61983  -55.67083 1153718180 205.219696    34.6637 0.0000e+00
    805.000     0.9780   2.998562     0.9782   2.998848    5.17507    -0.0921    13.8155 0.0000e+00  -60.61983  -55.67083 1153718181 205.219709    34.6638 0.0000e+00
    806.000     0.9782   2.998637     0.9794   2.999003    5.17376    -0.0804    13.8155 0.0000e+00  -60.61983  -55.67083 1153718183 205.219736    34.6639 0.0000e+00
    807.000     0.9787   2.998719     0.9785   2.998966    5.17575    -0.0862    13.8155 0.0000e+00  -60.61983  -55.67083 1153718185 205.219754    34.6638 0.0000e+00
    808.000     0.9790   2.998781     0.9791   2.999060    5.17528    -0.0937    13.8155 0.0000e+00  -60.61983  -55.67083 1153718186 205.219767    34.6637 0.0000e+00
    809.000     0.9800   2.998912     0.9804   2.999213    5.17607    -0.0850    13.8155 0.0000e+00  -60.61983  -55.67083 1153718188 205.219786    34.6637 0.0000e+00
    810.000     0.9793   2.998907     0.9795   2.999188    5.17462    -0.0882    13.8155 0.0000e+00  -60.61983  -55.67083 1153718189 205.219804    34.6639 0.0000e+00
    811.000     0.9766   2.998731     0.9771   2.999029    5.17515    -0.1062    13.8155 0.0000e+00  -60.61983  -55.67083 1153718190 205.219816    34.6635 0.0000e+00
    812.000     0.9635   2.997661     0.9675   2.998243    5.17760    -0.0943    13.8155 0.0000e+00  -60.61983  -55.67083 1153718191 205.219825    34.6644 0.0000e+00
    813.000     0.9634   2.997678     0.9639   2.997995    5.17830    -0.0860    13.8155 0.0000e+00  -60.61983  -55.67083 1153718192 205.219836    34.6645 0.0000e+00
    814.000     0.9661   2.997960     0.9641   2.998062    5.17795    -0.0736    13.8155 0.0000e+00  -60.61983  -55.67083 1153718194 205.219859    34.6644 0.0000e+00
    815.000     0.9637   2.997809     0.9637   2.998120    5.17586    -0.0739    13.8155 0.0000e+00  -60.61983  -55.67083 1153718196 205.219879    34.6645 0.0000e+00
    816.000     0.9648   2.998046     0.9654   2.998366    5.17661    -0.0693    13.8155 0.0000e+00  -60.61983  -55.67083 1153718197 205.219892    34.6658 0.0000e+00
    817.000     0.9673   2.998351     0.9675   2.998633    5.17565    -0.0859    13.8155 0.0000e+00  -60.61983  -55.67083 1153718198 205.219903    34.6662 0.0000e+00
    818.000     0.9671   2.998413     0.9672   2.998675    5.17342    -0.0808    13.8155 0.0000e+00  -60.61983  -55.67083 1153718199 205.219915    34.6666 0.0000e+00
    819.000     0.9669   2.998451     0.9669   2.998716    5.17417    -0.0909    13.8155 0.0000e+00  -60.61983  -55.67083 1153718200 205.219931    34.6668 0.0000e+00
    820.000     0.9628   2.998181     0.9632   2.998498    5.17480    -0.0981    13.8155 0.0000e+00  -60.61983  -55.67083 1153718202 205.219948    34.6673 0.0000e+00
    821.000     0.9613   2.998124     0.9613   2.998407    5.17494    -0.0893    13.8155 0.0000e+00  -60.61983  -55.67083 1153718203 205.219963    34.6678 0.0000e+00
    822.000     0.9609   2.998140     0.9610   2.998432    5.17525    -0.0897    13.8155 0.0000e+00  -60.61983  -55.67083 1153718204 205.219975    34.6678 0.0000e+00
    823.000     0.9610   2.998193     0.9613   2.998491    5.17567    -0.0818    13.8155 0.0000e+00  -60.61983  -55.67083 1153718205 205.219987    34.6678 0.0000e+00
    824.000     0.9613   2.998284     0.9615   2.998562    5.17740    -0.0781    13.8155 0.0000e+00  -60.61983  -55.67083 1153718208 205.220016    34.6680 0.0000e+00
    825.000     0.9632   2.998515     0.9633   2.998782    5.17672    -0.0843    13.8155 0.0000e+00  -60.61983  -55.67083 1153718209 205.220035    34.6682 0.0000e+00
    826.000     0.9640   2.998608     0.9639   2.998900    5.17592    -0.0880    13.8155 0.0000e+00  -60.61983  -55.67083 1153718210 205.220045    34.6680 0.0000e+00
    827.000     0.9629   2.998555     0.9629   2.998835    5.17520    -0.0838    13.8155 0.0000e+00  -60.61983  -55.67083 1153718211 205.220055    34.6679 0.0000e+00
    828.000     0.9626   2.998577     0.9629   2.998885    5.17498    -0.0846    13.8155 0.0000e+00  -60.61983  -55.67083 1153718212 205.220068    34.6681 0.0000e+00
    829.000     0.9624   2.998603     0.9629   2.998931    5.17552    -0.0908    13.8155 0.0000e+00  -60.61983  -55.67083 1153718214 205.220088    34.6681 0.0000e+00
    830.000     0.9645   2.998875     0.9646   2.999144    5.17589    -0.0813    13.8155 0.0000e+00  -60.61983  -55.67083 1153718215 205.220102    34.6686 0.0000e+00
    831.000     0.9662   2.999067     0.9662   2.999337    5.17394    -0.0943    13.8155 0.0000e+00  -60.61983  -55.67083 1153718216 205.220113    34.6685 0.0000e+00
    832.000     0.9667   2.999171     0.9668   2.999447    5.17240    -0.0879    13.8155 0.0000e+00  -60.61983  -55.67083 1153718217 205.220124    34.6687 0.0000e+00
    833.000     0.9671   2.999258     0.9673   2.999547    5.17172    -0.0895    13.8155 0.0000e+00  -60.61983  -55.67083 1153718218 205.220138    34.6688 0.0000e+00
    834.000     0.9681   2.999439     0.9683   2.999716    5.16878    -0.0855    13.8155 0.0000e+00  -60.61983  -55.67083 1153718220 205.220157    34.6695 0.0000e+00
    835.000     0.9669   2.999372     0.9670   2.999639    5.16804    -0.0898    13.8155 0.0000e+00  -60.61983  -55.67083 1153718221 205.220172    34.6694 0.0000e+00
    836.000     0.9684   2.999585     0.9686   2.999855    5.16772    -0.0928    13.8155 0.0000e+00  -60.61983  -55.67083 1153718222 205.220184    34.6700 0.0000e+00
    837.000     0.9708   2.999869     0.9713   3.000197    5.16524    -0.0889    13.8155 0.0000e+00  -60.61983  -55.67083 1153718224 205.220203    34.6703 0.0000e+00
    838.000     0.9717   3.000100     0.9720   3.000394    5.16223    -0.0945    13.8155 0.0000e+00  -60.61983  -55.67083 1153718226 205.220230    34.6717 0.0000e+00
    839.000     0.9737   3.000384     0.9739   3.000668    5.16196    -0.0865    13.8155 0.0000e+00  -60.61983  -55.67083 1153718227 205.220244    34.6726 0.0000e+00
    840.000     0.9718   3.000256     0.9716   3.000519    5.16222    -0.0979    13.8155 0.0000e+00  -60.61983  -55.67083 1153718228 205.220255    34.6725 0.0000e+00
    841.000     0.9721   3.000356     0.9723   3.000625    5.16112    -0.0935    13.8155 0.0000e+00  -60.61983  -55.67083 1153718229 205.220266    34.6730 0.0000e+00
    842.000     0.9739   3.000580     0.9739   3.000845    5.15995    -0.0907    13.8155 0.0000e+00  -60.61983  -55.67083 1153718230 205.220281    34.6732 0.0000e+00
    843.000     0.9730   3.000547     0.9739   3.000882    5.15954    -0.0872    13.8155 0.0000e+00  -60.61983  -55.67083 1153718232 205.220296    34.6732 0.0000e+00
    844.000     0.9712   3.000443     0.9719   3.000770    5.15910    -0.0807    13.8155 0.0000e+00  -60.61983  -55.67083 1153718233 205.220310    34.6735 0.0000e+00
    845.000     0.9734   3.000673     0.9734   3.000953    5.15698    -0.0858    13.8155 0.0000e+00  -60.61983  -55.67083 1153718234 205.220321    34.6733 0.0000e+00
    846.000     0.9709   3.000495     0.9708   3.000768    5.15642    -0.0797    13.8155 0.0000e+00  -60.61983  -55.67083 1153718235 205.220332    34.6733 0.0000e+00
    847.000     0.9693   3.000381     0.9694   3.000668    5.15696    -0.0757    13.8155 0.0000e+00  -60.61983  -55.67083 1153718236 205.220344    34.6731 0.0000e+00
    848.000     0.9696   3.000467     0.9698   3.000758    5.15538    -0.0804    13.8155 0.0000e+00  -60.61983  -55.67083 1153718238 205.220365    34.6733 0.0000e+00
    849.000     0.9701   3.000570     0.9702   3.000854    5.15531    -0.0823    13.8155 0.0000e+00  -60.61983  -55.67083 1153718240 205.220388    34.6735 0.0000e+00
    850.000     0.9701   3.000621     0.9703   3.000890    5.15487    -0.0872    13.8155 0.0000e+00  -60.61983  -55.67083 1153718241 205.220405    34.6736 0.0000e+00
    851.000     0.9703   3.000688     0.9704   3.000961    5.15464    -0.0872    13.8155 0.0000e+00  -60.61983  -55.67083 1153718243 205.220421    34.6737 0.0000e+00
    852.000     0.9705   3.000747     0.9705   3.001036    5.15393    -0.0784    13.8155 0.0000e+00  -60.61983  -55.67083 1153718244 205.220435    34.6737 0.0000e+00
    853.000     0.9712   3.000887     0.9715   3.001168    5.15279    -0.0800    13.8155 0.0000e+00  -60.61983  -55.67083 1153718245 205.220447    34.6741 0.0000e+00
    854.000     0.9747   3.001284     0.9750   3.001554    5.15131    -0.0848    13.8155 0.0000e+00  -60.61983  -55.67083 1153718246 205.220459    34.6750 0.0000e+00
    855.000     0.9756   3.001477     0.9759   3.001751    5.14835    -0.0919    13.8155 0.0000e+00  -60.61983  -55.67083 1153718247 205.220472    34.6755 0.0000e+00
    856.000     0.9754   3.001576     0.9755   3.001856    5.14649    -0.0990    13.8155 0.0000e+00  -60.61983  -55.67083 1153718248 205.220485    34.6765 0.0000e+00
    857.000     0.9755   3.001626     0.9755   3.001895    5.14360    -0.0834    13.8155 0.0000e+00  -60.61983  -55.67083 1153718249 205.220497    34.6764 0.0000e+00
    858.000     0.9753   3.001650     0.9755   3.001938    5.14279    -0.0974    13.8155 0.0000e+00  -60.61983  -55.67083 1153718250 205.220509    34.6764 0.0000e+00
    859.000     0.9751   3.001672     0.9754   3.001966    5.14457    -0.0905    13.8155 0.0000e+00  -60.61983  -55.67083 1153718253 205.220540    34.6764 0.0000e+00
    860.000     0.9753   3.001741     0.9757   3.002047    5.14625    -0.0869    13.8155 0.0000e+00  -60.61983  -55.67083 1153718255 205.220565    34.6765 0.0000e+00
    861.000     0.9747   3.001737     0.9748   3.002010    5.14299    -0.1020    13.8155 0.0000e+00  -60.61983  -55.67083 1153718256 205.220573    34.6766 0.0000e+00
    862.000     0.9737   3.001688     0.9737   3.001988    5.14214    -0.0790    13.8155 0.0000e+00  -60.61983  -55.67083 1153718256 205.220581    34.6766 0.0000e+00
    863.000     0.9716   3.001578     0.9717   3.001873    5.14213    -0.0798    13.8155 0.0000e+00  -60.61983  -55.67083 1153718257 205.220588    34.6769 0.0000e+00
    864.000     0.9702   3.001514     0.9699   3.001758    5.14197    -0.0886    13.8155 0.0000e+00  -60.61983  -55.67083 1153718258 205.220595    34.6771 0.0000e+00
    865.000     0.9701   3.001544     0.9700   3.001810    5.13983    -0.0860    13.8155 0.0000e+00  -60.61983  -55.67083 1153718259 205.220609    34.6771 0.0000e+00
    866.000     0.9717   3.001721     0.9715   3.001971    5.14150    -0.0894    13.8155 0.0000e+00  -60.61983  -55.67083 1153718262 205.220651    34.6770 0.0000e+00
    867.000     0.9698   3.001636     0.9698   3.001907    5.14165    -0.1000    13.8155 0.0000e+00  -60.61983  -55.67083 1153718264 205.220663    34.6774 0.0000e+00
    868.000     0.9691   3.001643     0.9693   3.001918    5.14189    -0.0838    13.8155 0.0000e+00  -60.61983  -55.67083 1153718264 205.220675    34.6778 0.0000e+00
    869.000     0.9717   3.002008     0.9719   3.002268    5.14182    -0.0681    13.8155 0.0000e+00  -60.61983  -55.67083 1153718265 205.220686    34.6789 0.0000e+00
    870.000     0.9716   3.002045     0.9719   3.002331    5.14259    -0.0810    13.8155 0.0000e+00  -60.61983  -55.67083 1153718267 205.220698    34.6790 0.0000e+00
    871.000     0.9719   3.002122     0.9720   3.002397    5.14069    -0.0841    13.8155 0.0000e+00  -60.61983  -55.67083 1153718268 205.220712    34.6791 0.0000e+00
    872.000     0.9721   3.002191     0.9723   3.002478    5.13883    -0.0840    13.8155 0.0000e+00  -60.61983  -55.67083 1153718269 205.220723    34.6791 0.0000e+00
    873.000     0.9721   3.002247     0.9722   3.002523    5.13892    -0.0790    13.8155 0.0000e+00  -60.61983  -55.67083 1153718270 205.220734    34.6793 0.0000e+00
    874.000     0.9721   3.002283     0.9723   3.002562    5.13859    -0.0936    13.8155 0.0000e+00  -60.61983  -55.67083 1153718270 205.220744    34.6793 0.0000e+00
    875.000     0.9720   3.002322     0.9721   3.002607    5.13570    -0.0919    13.8155 0.0000e+00  -60.61983  -55.67083 1153718272 205.220766    34.6793 0.0000e+00
    876.000     0.9723   3.002383     0.9724   3.002659    5.13555    -0.0844    13.8155 0.0000e+00  -60.61983  -55.67083 1153718275 205.220792    34.6792 0.0000e+00
    877.000     0.9724   3.002441     0.9725   3.002718    5.13719    -0.0730    13.8155 0.0000e+00  -60.61983  -55.67083 1153718276 205.220808    34.6792 0.0000e+00
    878.000     0.9721   3.002466     0.9722   3.002748    5.13779    -0.0977    13.8155 0.0000e+00  -60.61983  -55.67083 1153718277 205.220822    34.6793 0.0000e+00
