product_data/regression_test/downloaded_data/MDGS/320620060703/ctd/adapted/heads_insert_p6609306.cnv
* Sea-Bird SBE 9 Data File:
* FileName = D:\Data\Raw\p6609306.dat
* Software Version Seasave Win32 V 5.32
* Temperature SN = 1649
* Conductivity SN = 1431
* Number of Bytes Per Scan = 37
* Number of Voltage Words = 5
* Number of Scans Averaged by the Deck Unit = 1
* NMEA Latitude = 61 07.50 S
* NMEA Longitude = 058 05.51 W
* NMEA UTC (Time) = 04:04:44
** Ship:   Nathaniel B. Palmer nbp
** Cruise:    NBP0606 nbp0606
# nquan = 15
# nvalues = 491                         
# units = specified
# name 0 = prDM: Pressure, Digiquartz [db]
# name 1 = t090C: Temperature [ITS-90, deg C]
# name 2 = c0S/m: Conductivity [S/m]
# name 3 = t190C: Temperature, 2 [ITS-90, deg C]
# name 4 = c1S/m: Conductivity, 2 [S/m]
# name 5 = sbeox0ML/L: Oxygen, SBE 43 [ml/l]
# name 6 = flECO-AFL: Fluorescence, Wetlab ECO-AFL/FL [mg/m^3]
# name 7 = bat: Beam Attenuation, Chelsea/Seatech/Wetlab CStar [1/m]
# name 8 = spar: SPAR/Surface Irradiance
# name 9 = latitude: Latitude [deg]
# name 10 = longitude: Longitude [deg]
# name 11 = timeY: Time, System [seconds]
# name 12 = timeJ: Julian Days
# name 13 = sal00: Salinity [PSU]
# name 14 = flag: flag
# span 0 =     13.000,    503.000       
# span 1 =    -0.7969,     1.9525       
# span 2 =   2.758350,   3.066842       
# span 3 =    -0.7975,     1.9538       
# span 4 =   2.759037,   3.067144       
# span 5 =    4.33000,    8.01044       
# span 6 =    -0.0890,     0.2474       
# span 7 =    13.8155,    13.8155       
# span 8 = 0.0000e+00, 0.0000e+00       
# span 9 =  -61.12500,  -61.12500       
# span 10 =  -58.09183,  -58.09183      
# span 11 = 1152590703, 1152591646      
# span 12 = 192.170182, 192.181108      
# span 13 =    33.9449,    34.7111      
# span 14 = 0.0000e+00, 0.0000e+00      
# interval = decibars: 1                
# start_time = Jul 11 2006 04:04:51
# bad_flag = -9.990e-29
*END*
Pressure	Temperature	Conductivity	Temperature2	Conductivity2	Oxygen	Fluorescence	Beam Attenuation	SPAR	latitude	longitude	timeY	timeJ	Salinity	flag
     13.000    -0.7962   2.758350    -0.7975   2.759037    7.95274     0.2395    13.8155 0.0000e+00  -61.12500  -58.09183 1152590703 192.170182    33.9451 0.0000e+00
     14.000    -0.7963   2.758367    -0.7968   2.759081    7.97231     0.2228    13.8155 0.0000e+00  -61.12500  -58.09183 1152590716 192.170337    33.9450 0.0000e+00
     15.000    -0.7969   2.758366    -0.7971   2.759109    7.96834     0.2329    13.8155 0.0000e+00  -61.12500  -58.09183 1152590718 192.170368    33.9451 0.0000e+00
     16.000    -0.7961   2.758479    -0.7967   2.759169    7.97539     0.2235    13.8155 0.0000e+00  -61.12500  -58.09183 1152590722 192.170404    33.9450 0.0000e+00
     17.000    -0.7957   2.758558    -0.7964   2.759215    7.98306     0.2221    13.8155 0.0000e+00  -61.12500  -58.09183 1152590724 192.170436    33.9449 0.0000e+00
     18.000    -0.7954   2.758645    -0.7960   2.759300    7.98898     0.2163    13.8155 0.0000e+00  -61.12500  -58.09183 1152590726 192.170459    33.9452 0.0000e+00
     19.000    -0.7951   2.758719    -0.7958   2.759387    7.98993     0.2242    13.8155 0.0000e+00  -61.12500  -58.09183 1152590728 192.170475    33.9452 0.0000e+00
     20.000    -0.7955   2.758714    -0.7964   2.759365    7.98699     0.2146    13.8155 0.0000e+00  -61.12500  -58.09183 1152590729 192.170489    33.9451 0.0000e+00
     21.000    -0.7958   2.758748    -0.7963   2.759410    7.98585     0.2200    13.8155 0.0000e+00  -61.12500  -58.09183 1152590730 192.170507    33.9452 0.0000e+00
     22.000    -0.7951   2.758865    -0.7957   2.759509    7.98996     0.2474    13.8155 0.0000e+00  -61.12500  -58.09183 1152590734 192.170552    33.9454 0.0000e+00
     23.000    -0.7957   2.758858    -0.7963   2.759507    7.99232     0.2231    13.8155 0.0000e+00  -61.12500  -58.09183 1152590737 192.170581    33.9453 0.0000e+00
     24.000    -0.7956   2.758928    -0.7962   2.759555    7.99536     0.2181    13.8155 0.0000e+00  -61.12500  -58.09183 1152590738 192.170599    33.9455 0.0000e+00
     25.000    -0.7956   2.758971    -0.7961   2.759618    7.99628     0.2221    13.8155 0.0000e+00  -61.12500  -58.09183 1152590740 192.170616    33.9455 0.0000e+00
     26.000    -0.7961   2.758987    -0.7965   2.759629    7.99661     0.2225    13.8155 0.0000e+00  -61.12500  -58.09183 1152590741 192.170632    33.9457 0.0000e+00
     27.000    -0.7960   2.759039    -0.7963   2.759689    7.99414     0.2329    13.8155 0.0000e+00  -61.12500  -58.09183 1152590743 192.170654    33.9456 0.0000e+00
     28.000    -0.7955   2.759125    -0.7959   2.759764    7.99739     0.2278    13.8155 0.0000e+00  -61.12500  -58.09183 1152590746 192.170683    33.9455 0.0000e+00
     29.000    -0.7958   2.759151    -0.7961   2.759793    7.99544     0.2238    13.8155 0.0000e+00  -61.12500  -58.09183 1152590748 192.170714    33.9457 0.0000e+00
     30.000    -0.7957   2.759216    -0.7959   2.759855    7.99643     0.2147    13.8155 0.0000e+00  -61.12500  -58.09183 1152590751 192.170741    33.9458 0.0000e+00
     31.000    -0.7951   2.759334    -0.7953   2.759952    7.99743     0.2018    13.8155 0.0000e+00  -61.12500  -58.09183 1152590752 192.170758    33.9461 0.0000e+00
     32.000    -0.7949   2.759403    -0.7950   2.760012    7.99576     0.2205    13.8155 0.0000e+00  -61.12500  -58.09183 1152590754 192.170777    33.9462 0.0000e+00
     33.000    -0.7943   2.759492    -0.7945   2.760112    8.00001     0.2166    13.8155 0.0000e+00  -61.12500  -58.09183 1152590756 192.170805    33.9461 0.0000e+00
     34.000    -0.7944   2.759546    -0.7945   2.760161    8.00035     0.2079    13.8155 0.0000e+00  -61.12500  -58.09183 1152590758 192.170822    33.9463 0.0000e+00
     35.000    -0.7937   2.759644    -0.7937   2.760262    8.00261     0.2095    13.8155 0.0000e+00  -61.12500  -58.09183 1152590759 192.170836    33.9462 0.0000e+00
     36.000    -0.7937   2.759697    -0.7939   2.760295    8.00619     0.2273    13.8155 0.0000e+00  -61.12500  -58.09183 1152590761 192.170866    33.9463 0.0000e+00
     37.000    -0.7934   2.759769    -0.7935   2.760387    8.01028     0.2195    13.8155 0.0000e+00  -61.12500  -58.09183 1152590764 192.170899    33.9464 0.0000e+00
     38.000    -0.7934   2.759836    -0.7935   2.760436    8.01044     0.2121    13.8155 0.0000e+00  -61.12500  -58.09183 1152590765 192.170911    33.9466 0.0000e+00
     39.000    -0.7933   2.759878    -0.7933   2.760494    8.00931     0.2153    13.8155 0.0000e+00  -61.12500  -58.09183 1152590766 192.170922    33.9465 0.0000e+00
     40.000    -0.7933   2.759931    -0.7933   2.760535    8.00563     0.2125    13.8155 0.0000e+00  -61.12500  -58.09183 1152590767 192.170934    33.9466 0.0000e+00
     41.000    -0.7929   2.760013    -0.7931   2.760603    8.00745     0.2164    13.8155 0.0000e+00  -61.12500  -58.09183 1152590769 192.170951    33.9467 0.0000e+00
     42.000    -0.7923   2.760120    -0.7922   2.760718    8.00914     0.2224    13.8155 0.0000e+00  -61.12500  -58.09183 1152590770 192.170971    33.9468 0.0000e+00
     43.000    -0.7922   2.760178    -0.7921   2.760779    8.00598     0.2319    13.8155 0.0000e+00  -61.12500  -58.09183 1152590773 192.170997    33.9468 0.0000e+00
     44.000    -0.7923   2.760223    -0.7920   2.760835    8.00398     0.2224    13.8155 0.0000e+00  -61.12500  -58.09183 1152590776 192.171031    33.9470 0.0000e+00
     45.000    -0.7924   2.760252    -0.7926   2.760827    7.99979     0.2354    13.8155 0.0000e+00  -61.12500  -58.09183 1152590777 192.171043    33.9469 0.0000e+00
     46.000    -0.7926   2.760291    -0.7923   2.760891    7.99833     0.2101    13.8155 0.0000e+00  -61.12500  -58.09183 1152590777 192.171052    33.9470 0.0000e+00
     47.000    -0.7925   2.760340    -0.7925   2.760925    7.99649     0.2035    13.8155 0.0000e+00  -61.12500  -58.09183 1152590778 192.171061    33.9469 0.0000e+00
     48.000    -0.7924   2.760397    -0.7922   2.760991    7.99867     0.2290    13.8155 0.0000e+00  -61.12500  -58.09183 1152590780 192.171081    33.9470 0.0000e+00
     49.000    -0.7927   2.760437    -0.7924   2.761028    8.00821     0.2258    13.8155 0.0000e+00  -61.12500  -58.09183 1152590783 192.171115    33.9471 0.0000e+00
     50.000    -0.7933   2.760417    -0.7932   2.760992    8.00829     0.2177    13.8155 0.0000e+00  -61.12500  -58.09183 1152590784 192.171131    33.9470 0.0000e+00
     51.000    -0.7931   2.760494    -0.7926   2.761098    8.00900     0.2253    13.8155 0.0000e+00  -61.12500  -58.09183 1152590785 192.171145    33.9472 0.0000e+00
     52.000    -0.7929   2.760553    -0.7926   2.761130    8.00728     0.2261    13.8155 0.0000e+00  -61.12500  -58.09183 1152590787 192.171167    33.9472 0.0000e+00
     53.000    -0.7925   2.760639    -0.7916   2.761269    8.00756     0.2415    13.8155 0.0000e+00  -61.12500  -58.09183 1152590789 192.171190    33.9473 0.0000e+00
     54.000    -0.7920   2.760735    -0.7918   2.761317    8.00849     0.2314    13.8155 0.0000e+00  -61.12500  -58.09183 1152590790 192.171202    33.9474 0.0000e+00
     55.000    -0.7922   2.760766    -0.7921   2.761325    8.00896     0.2214    13.8155 0.0000e+00  -61.12500  -58.09183 1152590791 192.171214    33.9474 0.0000e+00
     56.000    -0.7916   2.760878    -0.7914   2.761434    8.00933     0.2387    13.8155 0.0000e+00  -61.12500  -58.09183 1152590793 192.171230    33.9476 0.0000e+00
     57.000    -0.7920   2.760893    -0.7917   2.761461    8.00630     0.2454    13.8155 0.0000e+00  -61.12500  -58.09183 1152590794 192.171249    33.9476 0.0000e+00
     58.000    -0.7921   2.760934    -0.7917   2.761490    8.00284     0.2431    13.8155 0.0000e+00  -61.12500  -58.09183 1152590797 192.171278    33.9476 0.0000e+00
     59.000    -0.7925   2.760944    -0.7918   2.761538    8.00234     0.2288    13.8155 0.0000e+00  -61.12500  -58.09183 1152590800 192.171312    33.9477 0.0000e+00
     60.000    -0.7868   2.761574    -0.7862   2.762118    8.00314     0.2180    13.8155 0.0000e+00  -61.12500  -58.09183 1152590801 192.171326    33.9491 0.0000e+00
     61.000    -0.7818   2.762100    -0.7811   2.762671    8.00324     0.2266    13.8155 0.0000e+00  -61.12500  -58.09183 1152590802 192.171337    33.9498 0.0000e+00
     62.000    -0.7813   2.762207    -0.7807   2.762752    8.00039     0.2145    13.8155 0.0000e+00  -61.12500  -58.09183 1152590803 192.171349    33.9500 0.0000e+00
     63.000    -0.7798   2.762410    -0.7802   2.762870    7.99989     0.2099    13.8155 0.0000e+00  -61.12500  -58.09183 1152590804 192.171361    33.9505 0.0000e+00
     64.000    -0.7781   2.762618    -0.7781   2.763123    8.00100     0.2208    13.8155 0.0000e+00  -61.12500  -58.09183 1152590805 192.171376    33.9508 0.0000e+00
     65.000    -0.7782   2.762658    -0.7777   2.763194    7.99958     0.2251    13.8155 0.0000e+00  -61.12500  -58.09183 1152590808 192.171405    33.9508 0.0000e+00
     66.000    -0.7785   2.762676    -0.7777   2.763251    7.99917     0.2329    13.8155 0.0000e+00  -61.12500  -58.09183 1152590810 192.171432    33.9509 0.0000e+00
     67.000    -0.7787   2.762694    -0.7777   2.763284    7.99982     0.2199    13.8155 0.0000e+00  -61.12500  -58.09183 1152590812 192.171447    33.9508 0.0000e+00
     68.000    -0.7782   2.762788    -0.7779   2.763323    8.00001     0.2232    13.8155 0.0000e+00  -61.12500  -58.09183 1152590813 192.171462    33.9509 0.0000e+00
     69.000    -0.7784   2.762822    -0.7776   2.763384    8.00132     0.2306    13.8155 0.0000e+00  -61.12500  -58.09183 1152590814 192.171481    33.9510 0.0000e+00
     70.000    -0.7779   2.762929    -0.7770   2.763496    8.00066     0.2307    13.8155 0.0000e+00  -61.12500  -58.09183 1152590817 192.171508    33.9513 0.0000e+00
     71.000    -0.7762   2.763136    -0.7752   2.763732    8.00025     0.2314    13.8155 0.0000e+00  -61.12500  -58.09183 1152590819 192.171528    33.9515 0.0000e+00
     72.000    -0.7755   2.763283    -0.7750   2.763797    8.00060     0.2263    13.8155 0.0000e+00  -61.12500  -58.09183 1152590820 192.171541    33.9521 0.0000e+00
     73.000    -0.7738   2.763479    -0.7731   2.764014    7.99595     0.2386    13.8155 0.0000e+00  -61.12500  -58.09183 1152590821 192.171554    33.9522 0.0000e+00
     74.000    -0.7714   2.763777    -0.7708   2.764277    7.98806     0.2306    13.8155 0.0000e+00  -61.12500  -58.09183 1152590822 192.171569    33.9528 0.0000e+00
     75.000    -0.7692   2.764038    -0.7680   2.764602    7.98475     0.2243    13.8155 0.0000e+00  -61.12500  -58.09183 1152590824 192.171591    33.9532 0.0000e+00
     76.000    -0.7568   2.765363    -0.7551   2.765939    7.97973     0.2078    13.8155 0.0000e+00  -61.12500  -58.09183 1152590826 192.171612    33.9565 0.0000e+00
     77.000    -0.7532   2.765824    -0.7525   2.766344    7.97343     0.2120    13.8155 0.0000e+00  -61.12500  -58.09183 1152590827 192.171626    33.9578 0.0000e+00
     78.000    -0.7505   2.766191    -0.7500   2.766672    7.96449     0.2334    13.8155 0.0000e+00  -61.12500  -58.09183 1152590829 192.171650    33.9592 0.0000e+00
     79.000    -0.7331   2.768072    -0.7327   2.768452    7.95269     0.2090    13.8155 0.0000e+00  -61.12500  -58.09183 1152590832 192.171686    33.9644 0.0000e+00
     80.000    -0.7196   2.769471    -0.7156   2.770248    7.94383     0.2197    13.8155 0.0000e+00  -61.12500  -58.09183 1152590833 192.171698    33.9671 0.0000e+00
     81.000    -0.7131   2.770175    -0.7122   2.770665    7.93690     0.2094    13.8155 0.0000e+00  -61.12500  -58.09183 1152590834 192.171709    33.9684 0.0000e+00
     82.000    -0.7114   2.770385    -0.7107   2.770872    7.92999     0.2108    13.8155 0.0000e+00  -61.12500  -58.09183 1152590835 192.171720    33.9689 0.0000e+00
     83.000    -0.7118   2.770398    -0.7117   2.770808    7.92528     0.2128    13.8155 0.0000e+00  -61.12500  -58.09183 1152590836 192.171733    33.9690 0.0000e+00
     84.000    -0.7120   2.770417    -0.7115   2.770880    7.92021     0.2124    13.8155 0.0000e+00  -61.12500  -58.09183 1152590837 192.171747    33.9690 0.0000e+00
     85.000    -0.7106   2.770599    -0.7098   2.771097    7.90902     0.2264    13.8155 0.0000e+00  -61.12500  -58.09183 1152590841 192.171790    33.9696 0.0000e+00
     86.000    -0.7095   2.770759    -0.7085   2.771275    7.88602     0.2100    13.8155 0.0000e+00  -61.12500  -58.09183 1152590843 192.171816    33.9701 0.0000e+00
     87.000    -0.7094   2.770816    -0.7087   2.771304    7.88081     0.2185    13.8155 0.0000e+00  -61.12500  -58.09183 1152590844 192.171827    33.9701 0.0000e+00
     88.000    -0.7110   2.770677    -0.7104   2.771188    7.89474     0.2096    13.8155 0.0000e+00  -61.12500  -58.09183 1152590845 192.171837    33.9695 0.0000e+00
     89.000    -0.6989   2.771989    -0.6961   2.772593    7.89503     0.1998    13.8155 0.0000e+00  -61.12500  -58.09183 1152590846 192.171846    33.9731 0.0000e+00
     90.000    -0.6743   2.774570    -0.6697   2.775253    7.86460     0.1983    13.8155 0.0000e+00  -61.12500  -58.09183 1152590847 192.171856    33.9793 0.0000e+00
     91.000    -0.5638   2.786113    -0.5597   2.786524    7.81822     0.2209    13.8155 0.0000e+00  -61.12500  -58.09183 1152590848 192.171870    34.0080 0.0000e+00
     92.000    -0.6331   2.779304    -0.6085   2.781557    7.72879     0.2184    13.8155 0.0000e+00  -61.12500  -58.09183 1152590854 192.171937    33.9981 0.0000e+00
     93.000    -0.4313   2.799854    -0.4249   2.800369    7.66696     0.1977    13.8155 0.0000e+00  -61.12500  -58.09183 1152590855 192.171949    34.0391 0.0000e+00
     94.000    -0.3866   2.804371    -0.3849   2.804724    7.61208     0.2011    13.8155 0.0000e+00  -61.12500  -58.09183 1152590856 192.171959    34.0473 0.0000e+00
     95.000    -0.3859   2.804702    -0.3861   2.804986    7.58873     0.1962    13.8155 0.0000e+00  -61.12500  -58.09183 1152590857 192.171968    34.0507 0.0000e+00
     96.000    -0.3905   2.804585    -0.3895   2.804944    7.58573     0.1970    13.8155 0.0000e+00  -61.12500  -58.09183 1152590857 192.171977    34.0549 0.0000e+00
     97.000    -0.3880   2.805051    -0.3870   2.805424    7.55373     0.1939    13.8155 0.0000e+00  -61.12500  -58.09183 1152590858 192.171987    34.0583 0.0000e+00
     98.000    -0.3862   2.805528    -0.3826   2.806041    7.51298     0.1825    13.8155 0.0000e+00  -61.12500  -58.09183 1152590859 192.171997    34.0633 0.0000e+00
     99.000    -0.3172   2.812508    -0.3121   2.812963    7.45898     0.1958    13.8155 0.0000e+00  -61.12500  -58.09183 1152590862 192.172026    34.0793 0.0000e+00
    100.000    -0.2897   2.814800    -0.2828   2.815812    7.33060     0.1955    13.8155 0.0000e+00  -61.12500  -58.09183 1152590867 192.172086    34.0767 0.0000e+00
    101.000    -0.2814   2.816082    -0.2733   2.816629    7.29886     0.1831    13.8155 0.0000e+00  -61.12500  -58.09183 1152590868 192.172095    34.0873 0.0000e+00
    102.000    -0.2006   2.823923    -0.1977   2.824230    7.25507     0.1886    13.8155 0.0000e+00  -61.12500  -58.09183 1152590868 192.172105    34.0975 0.0000e+00
    103.000    -0.1675   2.827277    -0.1647   2.827575    7.18982     0.1798    13.8155 0.0000e+00  -61.12500  -58.09183 1152590869 192.172115    34.1041 0.0000e+00
    104.000    -0.1120   2.833105    -0.1060   2.833333    7.14298     0.1791    13.8155 0.0000e+00  -61.12500  -58.09183 1152590870 192.172124    34.1195 0.0000e+00
    105.000     0.0940   2.853619     0.1007   2.853732    7.04985     0.1699    13.8155 0.0000e+00  -61.12500  -58.09183 1152590871 192.172136    34.1551 0.0000e+00
    106.000     0.0684   2.850756     0.0933   2.853667    6.89780     0.1826    13.8155 0.0000e+00  -61.12500  -58.09183 1152590874 192.172165    34.1475 0.0000e+00
    107.000     0.0213   2.846406     0.1011   2.854474    6.79184     0.1754    13.8155 0.0000e+00  -61.12500  -58.09183 1152590877 192.172204    34.1499 0.0000e+00
