product_data/regression_test/downloaded_data/MDGS/320620060703/ctd/adapted/heads_insert_p6606205.cnv
* Sea-Bird SBE 9 Data File:
* FileName = D:\Data\Raw\p6606205.dat
* Software Version Seasave Win32 V 5.32
* Temperature SN = 1649
* Conductivity SN = 1431
* Number of Bytes Per Scan = 37
* Number of Voltage Words = 5
* Number of Scans Averaged by the Deck Unit = 1
* NMEA Latitude = 61 05.73 S
* NMEA Longitude = 058 08.04 W
* NMEA UTC (Time) = 08:40:48
** Ship:   Nathaniel B. Palmer 
** Cruise:    NBP0606 
# nquan = 15
# nvalues = 142                         
# units = specified
# name 0 = prDM: Pressure, Digiquartz [db]
# name 1 = t090C: Temperature [ITS-90, deg C]
# name 2 = c0S/m: Conductivity [S/m]
# name 3 = t190C: Temperature, 2 [ITS-90, deg C]
# name 4 = c1S/m: Conductivity, 2 [S/m]
# name 5 = sbeox0ML/L: Oxygen, SBE 43 [ml/l]
# name 6 = flECO-AFL: Fluorescence, Wetlab ECO-AFL/FL [mg/m^3]
# name 7 = bat: Beam Attenuation, Chelsea/Seatech/Wetlab CStar [1/m]
# name 8 = spar: SPAR/Surface Irradiance
# name 9 = latitude: Latitude [deg]
# name 10 = longitude: Longitude [deg]
# name 11 = timeY: Time, System [seconds]
# name 12 = timeJ: Julian Days
# name 13 = sal00: Salinity [PSU]
# name 14 = flag: flag
# span 0 =     13.000,    154.000       
# span 1 =    -0.8217,     0.8784       
# span 2 =   2.756435,   2.938982       
# span 3 =    -0.8218,     0.8832       
# span 4 =   2.756714,   2.939270       
# span 5 =    5.53304,    8.03871       
# span 6 =    -0.0792,     0.0251       
# span 7 =    13.8155,    13.8155       
# span 8 = 0.0000e+00, 0.0000e+00       
# span 9 =  -61.09550,  -61.09550       
# span 10 =  -58.13400,  -58.13400      
# span 11 = 1152261707, 1152261951      
# span 12 = 188.362369, 188.365197      
# span 13 =    33.9176,    34.3815      
# span 14 = 0.0000e+00, 0.0000e+00      
# interval = decibars: 1                
# start_time = Jul 07 2006 08:40:56
# bad_flag = -9.990e-29
*END*
Pressure	Temperature	Conductivity	Temperature2	Conductivity2	Oxygen	Fluorescence	Beam Attenuation	SPAR	latitude	longitude	timeY	timeJ	Salinity	flag
     13.000    -0.7923   2.760315    -0.7953   2.759979    7.91126    -0.0019    13.8155 0.0000e+00  -61.09550  -58.13400 1152261707 188.362369    33.9816 0.0000e+00
     14.000    -0.7957   2.756435    -0.7967   2.756714    8.00840    -0.0065    13.8155 0.0000e+00  -61.09550  -58.13400 1152261710 188.362410    33.9176 0.0000e+00
     15.000    -0.7957   2.756596    -0.7967   2.756854    8.00468    -0.0005    13.8155 0.0000e+00  -61.09550  -58.13400 1152261712 188.362423    33.9197 0.0000e+00
     16.000    -0.7953   2.756691    -0.7964   2.756921    8.01088    -0.0120    13.8155 0.0000e+00  -61.09550  -58.13400 1152261715 188.362465    33.9199 0.0000e+00
     17.000    -0.7955   2.756712    -0.7966   2.756958    8.01387    -0.0029    13.8155 0.0000e+00  -61.09550  -58.13400 1152261718 188.362494    33.9198 0.0000e+00
     18.000    -0.7954   2.756775    -0.7964   2.757025    8.01438    -0.0069    13.8155 0.0000e+00  -61.09550  -58.13400 1152261719 188.362506    33.9199 0.0000e+00
     19.000    -0.7955   2.756810    -0.7964   2.757056    8.01484    -0.0081    13.8155 0.0000e+00  -61.09550  -58.13400 1152261720 188.362516    33.9198 0.0000e+00
     20.000    -0.7956   2.756853    -0.7964   2.757101    8.01538     0.0172    13.8155 0.0000e+00  -61.09550  -58.13400 1152261721 188.362528    33.9199 0.0000e+00
     21.000    -0.7957   2.756908    -0.7963   2.757149    8.01236     0.0032    13.8155 0.0000e+00  -61.09550  -58.13400 1152261722 188.362545    33.9201 0.0000e+00
     22.000    -0.7957   2.756964    -0.7961   2.757207    8.01341     0.0002    13.8155 0.0000e+00  -61.09550  -58.13400 1152261724 188.362568    33.9202 0.0000e+00
     23.000    -0.7957   2.757004    -0.7963   2.757244    8.01286     0.0030    13.8155 0.0000e+00  -61.09550  -58.13400 1152261726 188.362589    33.9202 0.0000e+00
     24.000    -0.7960   2.757033    -0.7965   2.757274    8.01180    -0.0071    13.8155 0.0000e+00  -61.09550  -58.13400 1152261727 188.362603    33.9203 0.0000e+00
     25.000    -0.7960   2.757072    -0.7968   2.757308    8.01419     0.0062    13.8155 0.0000e+00  -61.09550  -58.13400 1152261728 188.362615    33.9202 0.0000e+00
     26.000    -0.7959   2.757128    -0.7967   2.757353    8.01505     0.0050    13.8155 0.0000e+00  -61.09550  -58.13400 1152261729 188.362626    33.9203 0.0000e+00
     27.000    -0.7959   2.757187    -0.7964   2.757423    8.01482    -0.0107    13.8155 0.0000e+00  -61.09550  -58.13400 1152261730 188.362637    33.9204 0.0000e+00
     28.000    -0.7958   2.757237    -0.7964   2.757469    8.01130     0.0167    13.8155 0.0000e+00  -61.09550  -58.13400 1152261731 188.362650    33.9204 0.0000e+00
     29.000    -0.7960   2.757272    -0.7965   2.757502    8.01453    -0.0120    13.8155 0.0000e+00  -61.09550  -58.13400 1152261733 188.362666    33.9204 0.0000e+00
     30.000    -0.7962   2.757311    -0.7966   2.757536    8.02082     0.0024    13.8155 0.0000e+00  -61.09550  -58.13400 1152261734 188.362685    33.9206 0.0000e+00
     31.000    -0.7963   2.757362    -0.7966   2.757585    8.02807     0.0072    13.8155 0.0000e+00  -61.09550  -58.13400 1152261736 188.362708    33.9207 0.0000e+00
     32.000    -0.7965   2.757397    -0.7970   2.757619    8.03071     0.0032    13.8155 0.0000e+00  -61.09550  -58.13400 1152261738 188.362725    33.9209 0.0000e+00
     33.000    -0.7964   2.757442    -0.7972   2.757662    8.02827    -0.0013    13.8155 0.0000e+00  -61.09550  -58.13400 1152261739 188.362738    33.9207 0.0000e+00
     34.000    -0.7960   2.757500    -0.7970   2.757719    8.02690    -0.0045    13.8155 0.0000e+00  -61.09550  -58.13400 1152261740 188.362748    33.9204 0.0000e+00
     35.000    -0.7959   2.757548    -0.7968   2.757770    8.02698    -0.0078    13.8155 0.0000e+00  -61.09550  -58.13400 1152261740 188.362756    33.9203 0.0000e+00
     36.000    -0.7956   2.757619    -0.7962   2.757832    8.02811     0.0090    13.8155 0.0000e+00  -61.09550  -58.13400 1152261741 188.362767    33.9203 0.0000e+00
     37.000    -0.7959   2.757663    -0.7961   2.757877    8.02957    -0.0019    13.8155 0.0000e+00  -61.09550  -58.13400 1152261743 188.362787    33.9206 0.0000e+00
     38.000    -0.7966   2.757680    -0.7969   2.757895    8.03124     0.0037    13.8155 0.0000e+00  -61.09550  -58.13400 1152261745 188.362811    33.9211 0.0000e+00
     39.000    -0.7968   2.757709    -0.7973   2.757923    8.03133     0.0038    13.8155 0.0000e+00  -61.09550  -58.13400 1152261747 188.362828    33.9211 0.0000e+00
     40.000    -0.7960   2.757801    -0.7963   2.758019    8.03142     0.0125    13.8155 0.0000e+00  -61.09550  -58.13400 1152261748 188.362842    33.9207 0.0000e+00
     41.000    -0.7959   2.757857    -0.7963   2.758067    8.03058     0.0074    13.8155 0.0000e+00  -61.09550  -58.13400 1152261749 188.362856    33.9207 0.0000e+00
     42.000    -0.7960   2.757903    -0.7964   2.758102    8.02942     0.0063    13.8155 0.0000e+00  -61.09550  -58.13400 1152261750 188.362871    33.9209 0.0000e+00
     43.000    -0.7963   2.757920    -0.7967   2.758129    8.02753    -0.0015    13.8155 0.0000e+00  -61.09550  -58.13400 1152261752 188.362886    33.9208 0.0000e+00
     44.000    -0.7965   2.757959    -0.7967   2.758168    8.03143    -0.0018    13.8155 0.0000e+00  -61.09550  -58.13400 1152261753 188.362901    33.9210 0.0000e+00
     45.000    -0.7967   2.758001    -0.7969   2.758208    8.03336    -0.0051    13.8155 0.0000e+00  -61.09550  -58.13400 1152261754 188.362917    33.9212 0.0000e+00
     46.000    -0.7965   2.758056    -0.7967   2.758259    8.03068     0.0024    13.8155 0.0000e+00  -61.09550  -58.13400 1152261755 188.362931    33.9210 0.0000e+00
     47.000    -0.7963   2.758112    -0.7967   2.758317    8.03123    -0.0022    13.8155 0.0000e+00  -61.09550  -58.13400 1152261757 188.362944    33.9209 0.0000e+00
     48.000    -0.7961   2.758168    -0.7964   2.758372    8.03228     0.0009    13.8155 0.0000e+00  -61.09550  -58.13400 1152261758 188.362957    33.9209 0.0000e+00
     49.000    -0.7960   2.758212    -0.7962   2.758416    8.03118     0.0086    13.8155 0.0000e+00  -61.09550  -58.13400 1152261759 188.362975    33.9208 0.0000e+00
     50.000    -0.7960   2.758270    -0.7960   2.758470    8.02910     0.0054    13.8155 0.0000e+00  -61.09550  -58.13400 1152261761 188.362994    33.9209 0.0000e+00
     51.000    -0.7958   2.758323    -0.7962   2.758514    8.02896    -0.0090    13.8155 0.0000e+00  -61.09550  -58.13400 1152261762 188.363007    33.9209 0.0000e+00
     52.000    -0.7957   2.758374    -0.7960   2.758571    8.02947    -0.0012    13.8155 0.0000e+00  -61.09550  -58.13400 1152261763 188.363019    33.9207 0.0000e+00
     53.000    -0.7959   2.758410    -0.7962   2.758610    8.03113     0.0053    13.8155 0.0000e+00  -61.09550  -58.13400 1152261764 188.363032    33.9209 0.0000e+00
     54.000    -0.7971   2.758424    -0.7973   2.758616    8.03323     0.0173    13.8155 0.0000e+00  -61.09550  -58.13400 1152261766 188.363048    33.9218 0.0000e+00
     55.000    -0.7984   2.758441    -0.7988   2.758636    8.03162     0.0001    13.8155 0.0000e+00  -61.09550  -58.13400 1152261767 188.363064    33.9227 0.0000e+00
     56.000    -0.8002   2.758409    -0.8009   2.758591    8.03165    -0.0025    13.8155 0.0000e+00  -61.09550  -58.13400 1152261768 188.363076    33.9239 0.0000e+00
     57.000    -0.7999   2.758457    -0.8003   2.758643    8.03315     0.0124    13.8155 0.0000e+00  -61.09550  -58.13400 1152261769 188.363087    33.9237 0.0000e+00
     58.000    -0.8003   2.758504    -0.8003   2.758694    8.03562     0.0251    13.8155 0.0000e+00  -61.09550  -58.13400 1152261770 188.363104    33.9241 0.0000e+00
     59.000    -0.7994   2.758580    -0.7994   2.758772    8.03652     0.0191    13.8155 0.0000e+00  -61.09550  -58.13400 1152261772 188.363124    33.9235 0.0000e+00
     60.000    -0.7992   2.758634    -0.7994   2.758820    8.03733     0.0049    13.8155 0.0000e+00  -61.09550  -58.13400 1152261773 188.363139    33.9233 0.0000e+00
     61.000    -0.8014   2.758624    -0.8010   2.758798    8.03871     0.0147    13.8155 0.0000e+00  -61.09550  -58.13400 1152261774 188.363151    33.9254 0.0000e+00
     62.000    -0.8070   2.758539    -0.8076   2.758727    8.03731     0.0040    13.8155 0.0000e+00  -61.09550  -58.13400 1152261775 188.363163    33.9298 0.0000e+00
     63.000    -0.8077   2.758567    -0.8077   2.758755    8.03535     0.0031    13.8155 0.0000e+00  -61.09550  -58.13400 1152261777 188.363176    33.9303 0.0000e+00
     64.000    -0.8095   2.758578    -0.8103   2.758754    8.03639     0.0094    13.8155 0.0000e+00  -61.09550  -58.13400 1152261778 188.363190    33.9319 0.0000e+00
     65.000    -0.8131   2.758590    -0.8135   2.758775    8.03542     0.0177    13.8155 0.0000e+00  -61.09550  -58.13400 1152261779 188.363205    33.9356 0.0000e+00
     66.000    -0.8144   2.758726    -0.8147   2.758930    8.03112     0.0057    13.8155 0.0000e+00  -61.09550  -58.13400 1152261780 188.363220    33.9383 0.0000e+00
     67.000    -0.8158   2.758889    -0.8162   2.759070    8.03086     0.0072    13.8155 0.0000e+00  -61.09550  -58.13400 1152261782 188.363235    33.9414 0.0000e+00
     68.000    -0.8188   2.758939    -0.8192   2.759108    8.02736    -0.0062    13.8155 0.0000e+00  -61.09550  -58.13400 1152261783 188.363249    33.9448 0.0000e+00
     69.000    -0.8217   2.759623    -0.8218   2.759874    8.02253    -0.0079    13.8155 0.0000e+00  -61.09550  -58.13400 1152261784 188.363261    33.9580 0.0000e+00
     70.000    -0.8151   2.760800    -0.8147   2.761024    8.00845     0.0045    13.8155 0.0000e+00  -61.09550  -58.13400 1152261785 188.363275    33.9646 0.0000e+00
     71.000    -0.8091   2.761465    -0.8092   2.761630    8.00216     0.0015    13.8155 0.0000e+00  -61.09550  -58.13400 1152261787 188.363290    33.9660 0.0000e+00
     72.000    -0.8026   2.762149    -0.8022   2.762430    7.98803    -0.0001    13.8155 0.0000e+00  -61.09550  -58.13400 1152261788 188.363303    33.9672 0.0000e+00
     73.000    -0.7871   2.763902    -0.7853   2.764280    7.97044    -0.0095    13.8155 0.0000e+00  -61.09550  -58.13400 1152261789 188.363314    33.9728 0.0000e+00
     74.000    -0.7575   2.766981    -0.7570   2.767232    7.96708    -0.0093    13.8155 0.0000e+00  -61.09550  -58.13400 1152261789 188.363325    33.9796 0.0000e+00
     75.000    -0.7299   2.769886    -0.7301   2.770051    7.94592    -0.0248    13.8155 0.0000e+00  -61.09550  -58.13400 1152261790 188.363335    33.9864 0.0000e+00
     76.000    -0.7178   2.771289    -0.7182   2.771392    7.91519    -0.0172    13.8155 0.0000e+00  -61.09550  -58.13400 1152261791 188.363346    33.9910 0.0000e+00
     77.000    -0.6667   2.776614    -0.6623   2.777168    7.87252    -0.0062    13.8155 0.0000e+00  -61.09550  -58.13400 1152261794 188.363376    34.0045 0.0000e+00
     78.000    -0.6257   2.780753    -0.6308   2.780455    7.83578    -0.0206    13.8155 0.0000e+00  -61.09550  -58.13400 1152261796 188.363403    34.0137 0.0000e+00
     79.000    -0.6185   2.781662    -0.6184   2.781806    7.82339    -0.0393    13.8155 0.0000e+00  -61.09550  -58.13400 1152261797 188.363413    34.0162 0.0000e+00
     80.000    -0.6158   2.781994    -0.6159   2.782116    7.81007    -0.0327    13.8155 0.0000e+00  -61.09550  -58.13400 1152261798 188.363421    34.0172 0.0000e+00
     81.000    -0.6150   2.782140    -0.6157   2.782219    7.80315    -0.0298    13.8155 0.0000e+00  -61.09550  -58.13400 1152261799 188.363429    34.0181 0.0000e+00
     82.000    -0.6129   2.782408    -0.6136   2.782497    7.79306    -0.0319    13.8155 0.0000e+00  -61.09550  -58.13400 1152261799 188.363437    34.0188 0.0000e+00
     83.000    -0.6097   2.782792    -0.6098   2.782904    7.78801    -0.0329    13.8155 0.0000e+00  -61.09550  -58.13400 1152261800 188.363443    34.0200 0.0000e+00
     84.000    -0.6082   2.782978    -0.6070   2.783181    7.77933    -0.0164    13.8155 0.0000e+00  -61.09550  -58.13400 1152261801 188.363459    34.0204 0.0000e+00
     85.000    -0.6101   2.782817    -0.6068   2.783230    7.76699    -0.0197    13.8155 0.0000e+00  -61.09550  -58.13400 1152261804 188.363491    34.0206 0.0000e+00
     86.000    -0.6005   2.783910    -0.6011   2.783999    7.75593    -0.0246    13.8155 0.0000e+00  -61.09550  -58.13400 1152261805 188.363505    34.0241 0.0000e+00
     87.000    -0.5835   2.785698    -0.5836   2.785824    7.74571    -0.0224    13.8155 0.0000e+00  -61.09550  -58.13400 1152261806 188.363516    34.0281 0.0000e+00
     88.000    -0.5759   2.786577    -0.5764   2.786650    7.73615    -0.0260    13.8155 0.0000e+00  -61.09550  -58.13400 1152261807 188.363526    34.0304 0.0000e+00
     89.000    -0.5788   2.786454    -0.5791   2.786533    7.72785    -0.0349    13.8155 0.0000e+00  -61.09550  -58.13400 1152261808 188.363536    34.0318 0.0000e+00
     90.000    -0.5694   2.787554    -0.5694   2.787672    7.72292    -0.0333    13.8155 0.0000e+00  -61.09550  -58.13400 1152261809 188.363546    34.0355 0.0000e+00
     91.000    -0.5619   2.788370    -0.5616   2.788496    7.71190    -0.0293    13.8155 0.0000e+00  -61.09550  -58.13400 1152261810 188.363556    34.0373 0.0000e+00
     92.000    -0.5571   2.788897    -0.5574   2.788985    7.70517    -0.0296    13.8155 0.0000e+00  -61.09550  -58.13400 1152261810 188.363566    34.0384 0.0000e+00
     93.000    -0.5496   2.789821    -0.5486   2.789990    7.69488    -0.0185    13.8155 0.0000e+00  -61.09550  -58.13400 1152261811 188.363577    34.0419 0.0000e+00
     94.000    -0.5381   2.791006    -0.5339   2.791460    7.66438    -0.0155    13.8155 0.0000e+00  -61.09550  -58.13400 1152261814 188.363606    34.0443 0.0000e+00
     95.000    -0.5248   2.792398    -0.5233   2.792639    7.63518    -0.0316    13.8155 0.0000e+00  -61.09550  -58.13400 1152261816 188.363628    34.0477 0.0000e+00
     96.000    -0.5035   2.794596    -0.5037   2.794680    7.61117    -0.0399    13.8155 0.0000e+00  -61.09550  -58.13400 1152261817 188.363639    34.0524 0.0000e+00
     97.000    -0.4437   2.800977    -0.4455   2.800976    7.56630    -0.0536    13.8155 0.0000e+00  -61.09550  -58.13400 1152261817 188.363647    34.0701 0.0000e+00
     98.000    -0.4037   2.804770    -0.4051   2.804662    7.52201    -0.0219    13.8155 0.0000e+00  -61.09550  -58.13400 1152261818 188.363655    34.0725 0.0000e+00
     99.000    -0.4059   2.804617    -0.4042   2.804858    7.51042    -0.0241    13.8155 0.0000e+00  -61.09550  -58.13400 1152261819 188.363663    34.0728 0.0000e+00
    100.000    -0.3813   2.807138    -0.3781   2.807445    7.48314    -0.0292    13.8155 0.0000e+00  -61.09550  -58.13400 1152261820 188.363676    34.0785 0.0000e+00
    101.000    -0.2764   2.818223    -0.2178   2.821524    7.38896    -0.0293    13.8155 0.0000e+00  -61.09550  -58.13400 1152261822 188.363697    34.1087 0.0000e+00
    102.000    -0.1069   2.834791    -0.1065   2.834787    7.31117    -0.0525    13.8155 0.0000e+00  -61.09550  -58.13400 1152261823 188.363715    34.1323 0.0000e+00
    103.000    -0.1003   2.835602    -0.0997   2.835614    7.26861    -0.0573    13.8155 0.0000e+00  -61.09550  -58.13400 1152261824 188.363726    34.1365 0.0000e+00
    104.000    -0.0772   2.838042    -0.0768   2.838031    7.23905    -0.0420    13.8155 0.0000e+00  -61.09550  -58.13400 1152261825 188.363735    34.1431 0.0000e+00
    105.000    -0.0574   2.840167    -0.0565   2.840172    7.21390    -0.0478    13.8155 0.0000e+00  -61.09550  -58.13400 1152261826 188.363743    34.1484 0.0000e+00
    106.000    -0.0500   2.840973    -0.0489   2.841033    7.18891    -0.0437    13.8155 0.0000e+00  -61.09550  -58.13400 1152261826 188.363753    34.1510 0.0000e+00
    107.000    -0.0297   2.843204    -0.0277   2.843297    7.15523    -0.0417    13.8155 0.0000e+00  -61.09550  -58.13400 1152261828 188.363767    34.1580 0.0000e+00
