product_data/regression_test/downloaded_data/MDGS/320620060703/ctd/adapted/heads_insert_p6617611.cnv
* Sea-Bird SBE 9 Data File:
* FileName = D:\Data\Raw\p6617611.dat
* Software Version Seasave Win32 V 5.32
* Temperature SN = 1649
* Conductivity SN = 1431
* Number of Bytes Per Scan = 37
* Number of Voltage Words = 5
* Number of Scans Averaged by the Deck Unit = 1
* NMEA Latitude = 60 37.00 S
* NMEA Longitude = 054 43.23 W
* NMEA UTC (Time) = 14:47:03
** Ship:   Nathaniel B. Palmer 
** Cruise:    NBP0606 
# nquan = 15
# nvalues = 741                         
# units = specified
# name 0 = prDM: Pressure, Digiquartz [db]
# name 1 = t090C: Temperature [ITS-90, deg C]
# name 2 = c0S/m: Conductivity [S/m]
# name 3 = t190C: Temperature, 2 [ITS-90, deg C]
# name 4 = c1S/m: Conductivity, 2 [S/m]
# name 5 = sbeox0ML/L: Oxygen, SBE 43 [ml/l]
# name 6 = flECO-AFL: Fluorescence, Wetlab ECO-AFL/FL [mg/m^3]
# name 7 = bat: Beam Attenuation, Chelsea/Seatech/Wetlab CStar [1/m]
# name 8 = spar: SPAR/Surface Irradiance
# name 9 = latitude: Latitude [deg]
# name 10 = longitude: Longitude [deg]
# name 11 = timeY: Time, System [seconds]
# name 12 = timeJ: Julian Days
# name 13 = sal00: Salinity [PSU]
# name 14 = flag: flag
# span 0 =     14.000,    754.000       
# span 1 =    -0.7344,     1.3945       
# span 2 =   2.781058,   2.996806       
# span 3 =    -0.7362,     1.3842       
# span 4 =   2.781493,   2.997152       
# span 5 =    4.99475,    7.63084       
# span 6 =    -0.1047,     0.4425       
# span 7 =    13.8155,    13.8155       
# span 8 = 5.4555e+01, 6.4562e+01       
# span 9 =  -60.61667,  -60.61667       
# span 10 =  -54.72050,  -54.72050      
# span 11 = 1153493243, 1153494278      
# span 12 = 202.616259, 202.628234      
# span 13 =    34.1703,    34.6654      
# span 14 = 0.0000e+00, 0.0000e+00      
# interval = decibars: 1                
# start_time = Jul 21 2006 14:47:11
# bad_flag = -9.990e-29
*END*
[from data line 97]
    110.000    -0.0465   2.850822    -0.0455   2.851160    6.79619     0.3756    13.8155 5.9779e+01  -60.61667  -54.72050 1153493461 202.618779    34.2759 0.0000e+00
    111.000    -0.0430   2.851221    -0.0416   2.851568    6.77048     0.3480    13.8155 5.8385e+01  -60.61667  -54.72050 1153493462 202.618792    34.2778 0.0000e+00
    112.000    -0.0280   2.852713    -0.0271   2.853039    6.74940     0.3832    13.8155 5.8879e+01  -60.61667  -54.72050 1153493463 202.618806    34.2807 0.0000e+00
    113.000    -0.0220   2.853437    -0.0208   2.853828    6.73812     0.3922    13.8155 5.9514e+01  -60.61667  -54.72050 1153493465 202.618829    34.2842 0.0000e+00
    114.000    -0.0368   2.852500    -0.0298   2.853502    6.74042     0.3885    13.8155 5.9198e+01  -60.61667  -54.72050 1153493467 202.618851    34.2901 0.0000e+00
    115.000    -0.0435   2.852508    -0.0387   2.853094    6.72189     0.3770    13.8155 6.0129e+01  -60.61667  -54.72050 1153493468 202.618863    34.2976 0.0000e+00
    116.000     0.0116   2.857631     0.0099   2.857984    6.73366     0.3803    13.8155 5.8954e+01  -60.61667  -54.72050 1153493469 202.618874    34.3004 0.0000e+00
    117.000    -0.1389   2.844170    -0.1549   2.843958    6.76678     0.4302    13.8155 5.8367e+01  -60.61667  -54.72050 1153493470 202.618884    34.2931 0.0000e+00
    118.000    -0.2454   2.835284    -0.2467   2.835775    6.79243     0.3868    13.8155 5.8442e+01  -60.61667  -54.72050 1153493471 202.618896    34.2996 0.0000e+00
    119.000    -0.2301   2.837003    -0.2289   2.837385    6.80111     0.3515    13.8155 -9.990e-29  -60.61667  -54.72050 1153493472 202.618908    34.3044 0.0000e+00
    120.000    -0.1792   2.841931    -0.1811   2.841771    6.79792     0.3042    13.8155 -9.990e-29  -60.61667  -54.72050 1153493473 202.618919    34.3109 0.0000e+00
    121.000    -0.1410   2.845368    -0.1436   2.845387    6.78571     0.3345    13.8155 -9.990e-29  -60.61667  -54.72050 1153493474 202.618929    34.3107 0.0000e+00
    122.000    -0.1346   2.846084    -0.1321   2.846620    6.77366     0.3592    13.8155 -9.990e-29  -60.61667  -54.72050 1153493475 202.618942    34.3119 0.0000e+00
    123.000    -0.1569   2.843955    -0.1476   2.845217    6.75378     0.3386    13.8155 5.8444e+01  -60.61667  -54.72050 1153493478 202.618984    34.3090 0.0000e+00
    124.000    -0.1124   2.848660    -0.1056   2.849276    6.72972     0.3121    13.8155 5.8449e+01  -60.61667  -54.72050 1153493480 202.619004    34.3204 0.0000e+00
    125.000    -0.0786   2.851849    -0.0775   2.852254    6.71521     0.3013    13.8155 5.8781e+01  -60.61667  -54.72050 1153493481 202.619014    34.3220 0.0000e+00
    126.000    -0.0747   2.852354    -0.0737   2.852725    6.70120     0.3009    13.8155 5.9960e+01  -60.61667  -54.72050 1153493482 202.619023    34.3240 0.0000e+00
    127.000    -0.0730   2.852620    -0.0724   2.853026    6.68942     0.3371    13.8155 5.9960e+01  -60.61667  -54.72050 1153493482 202.619032    34.3249 0.0000e+00
    128.000    -0.0735   2.852673    -0.0727   2.853086    6.67840     0.3299    13.8155 5.9093e+01  -60.61667  -54.72050 1153493483 202.619041    34.3258 0.0000e+00
    129.000    -0.0806   2.852071    -0.0807   2.852457    6.67633     0.2103    13.8155 6.0944e+01  -60.61667  -54.72050 1153493484 202.619050    34.3254 0.0000e+00
    130.000    -0.0978   2.850562    -0.0983   2.850974    6.67600     0.1997    13.8155 5.8935e+01  -60.61667  -54.72050 1153493485 202.619059    34.3245 0.0000e+00
    131.000    -0.1232   2.848356    -0.1245   2.848710    6.68012     0.1878    13.8155 6.0351e+01  -60.61667  -54.72050 1153493486 202.619069    34.3241 0.0000e+00
    132.000    -0.1431   2.846705    -0.1425   2.847179    6.68633     0.2038    13.8155 5.9737e+01  -60.61667  -54.72050 1153493487 202.619082    34.3246 0.0000e+00
    133.000    -0.1222   2.848633    -0.1263   2.848640    6.69761     0.1829    13.8155 6.1612e+01  -60.61667  -54.72050 1153493491 202.619127    34.3247 0.0000e+00
    134.000    -0.1319   2.847826    -0.1266   2.848660    6.70557     0.1678    13.8155 5.9819e+01  -60.61667  -54.72050 1153493493 202.619152    34.3253 0.0000e+00
    135.000    -0.1326   2.848130    -0.1319   2.848537    6.69917     0.1483    13.8155 5.9629e+01  -60.61667  -54.72050 1153493494 202.619161    34.3297 0.0000e+00
    136.000    -0.1347   2.848130    -0.1329   2.848671    6.70666     0.1528    13.8155 6.1144e+01  -60.61667  -54.72050 1153493494 202.619170    34.3314 0.0000e+00
    137.000    -0.1311   2.848610    -0.1275   2.849258    6.71615     0.1147    13.8155 6.0368e+01  -60.61667  -54.72050 1153493495 202.619179    34.3330 0.0000e+00
    138.000    -0.1467   2.847121    -0.1515   2.847295    6.72430     0.1553    13.8155 6.0393e+01  -60.61667  -54.72050 1153493496 202.619188    34.3297 0.0000e+00
    139.000    -0.1983   2.842609    -0.2023   2.842856    6.73302     0.1641    13.8155 6.0919e+01  -60.61667  -54.72050 1153493497 202.619197    34.3293 0.0000e+00
    140.000    -0.2130   2.841474    -0.2112   2.842077    6.74030     0.1396    13.8155 6.2117e+01  -60.61667  -54.72050 1153493497 202.619206    34.3306 0.0000e+00
    141.000    -0.2122   2.841549    -0.2136   2.841897    6.75114     0.1361    13.8155 6.1939e+01  -60.61667  -54.72050 1153493498 202.619215    34.3295 0.0000e+00
    142.000    -0.2557   2.837669    -0.2573   2.838130    6.76791     0.1026    13.8155 6.0475e+01  -60.61667  -54.72050 1153493499 202.619224    34.3272 0.0000e+00
    143.000    -0.2357   2.839628    -0.2429   2.839389    6.77287     0.0747    13.8155 6.1903e+01  -60.61667  -54.72050 1153493502 202.619256    34.3291 0.0000e+00
    144.000    -0.2139   2.841494    -0.2403   2.839760    6.76280     0.0358    13.8155 6.1754e+01  -60.61667  -54.72050 1153493505 202.619298    34.3267 0.0000e+00
    145.000    -0.2506   2.838416    -0.2587   2.838237    6.74548     0.0313    13.8155 6.0284e+01  -60.61667  -54.72050 1153493506 202.619308    34.3281 0.0000e+00
    146.000    -0.2483   2.838982    -0.2464   2.839395    6.73648     0.0404    13.8155 6.0391e+01  -60.61667  -54.72050 1153493507 202.619317    34.3330 0.0000e+00
    147.000    -0.2078   2.842848    -0.2052   2.843233    6.72229     0.0080    13.8155 6.1111e+01  -60.61667  -54.72050 1153493508 202.619325    34.3370 0.0000e+00
    148.000    -0.1860   2.844807    -0.1845   2.845217    6.69949     0.0103    13.8155 6.2104e+01  -60.61667  -54.72050 1153493508 202.619333    34.3367 0.0000e+00
    149.000    -0.1616   2.847229    -0.1594   2.847625    6.67147    -0.0244    13.8155 6.1532e+01  -60.61667  -54.72050 1153493509 202.619340    34.3405 0.0000e+00
    150.000    -0.1040   2.852816    -0.1021   2.852908    6.63406    -0.0208    13.8155 6.1930e+01  -60.61667  -54.72050 1153493510 202.619349    34.3486 0.0000e+00
    151.000     0.0113   2.863592     0.0159   2.863692    6.60726    -0.0193    13.8155 6.1853e+01  -60.61667  -54.72050 1153493511 202.619359    34.3583 0.0000e+00
    152.000     0.1114   2.872830     0.1169   2.873221    6.51508    -0.0302    13.8155 6.0942e+01  -60.61667  -54.72050 1153493512 202.619374    34.3648 0.0000e+00
    153.000     0.0385   2.865968     0.0768   2.869379    6.44666    -0.0311    13.8155 6.2053e+01  -60.61667  -54.72050 1153493516 202.619418    34.3599 0.0000e+00
    154.000     0.0700   2.869264     0.1380   2.875206    6.42882    -0.0249    13.8155 6.2351e+01  -60.61667  -54.72050 1153493518 202.619444    34.3697 0.0000e+00
    155.000     0.1577   2.877224     0.1583   2.877548    6.40166    -0.0143    13.8155 6.2341e+01  -60.61667  -54.72050 1153493519 202.619453    34.3702 0.0000e+00
    156.000     0.1545   2.877057     0.1556   2.877448    6.37844    -0.0421    13.8155 6.2341e+01  -60.61667  -54.72050 1153493519 202.619460    34.3716 0.0000e+00
    157.000     0.1506   2.876783     0.1522   2.877178    6.35904    -0.0361    13.8155 6.2341e+01  -60.61667  -54.72050 1153493520 202.619467    34.3724 0.0000e+00
    158.000     0.1575   2.877529     0.1602   2.877947    6.33590    -0.0348    13.8155 6.2341e+01  -60.61667  -54.72050 1153493521 202.619474    34.3747 0.0000e+00
    159.000     0.1893   2.880524     0.1911   2.880828    6.30987    -0.0374    13.8155 -9.990e-29  -60.61667  -54.72050 1153493522 202.619484    34.3774 0.0000e+00
    160.000     0.2185   2.883269     0.2186   2.883404    6.26996    -0.0352    13.8155 -9.990e-29  -60.61667  -54.72050 1153493523 202.619502    34.3803 0.0000e+00
    161.000     0.2380   2.885075     0.2400   2.885431    6.22961    -0.0640    13.8155 -9.990e-29  -60.61667  -54.72050 1153493524 202.619518    34.3818 0.0000e+00
    162.000     0.2718   2.888289     0.2728   2.888460    6.20264    -0.0444    13.8155 -9.990e-29  -60.61667  -54.72050 1153493526 202.619532    34.3859 0.0000e+00
    163.000     0.2905   2.890010     0.3003   2.891020    6.16626    -0.0501    13.8155 -9.990e-29  -60.61667  -54.72050 1153493527 202.619550    34.3873 0.0000e+00
    164.000     0.3525   2.895796     0.3578   2.896410    6.10426    -0.0515    13.8155 6.2341e+01  -60.61667  -54.72050 1153493529 202.619575    34.3928 0.0000e+00
    165.000     0.3902   2.899351     0.3973   2.900116    6.03172    -0.0565    13.8155 6.2341e+01  -60.61667  -54.72050 1153493532 202.619601    34.3971 0.0000e+00
    166.000     0.4477   2.904886     0.4486   2.904919    5.97178    -0.0659    13.8155 6.2307e+01  -60.61667  -54.72050 1153493533 202.619616    34.4044 0.0000e+00
    167.000     0.4659   2.906535     0.4671   2.906801    5.94324    -0.0602    13.8155 6.0764e+01  -60.61667  -54.72050 1153493534 202.619625    34.4044 0.0000e+00
    168.000     0.4666   2.906603     0.4680   2.906942    5.91456    -0.0611    13.8155 6.1876e+01  -60.61667  -54.72050 1153493534 202.619634    34.4044 0.0000e+00
    169.000     0.4862   2.908724     0.4887   2.908900    5.87556    -0.0510    13.8155 6.2323e+01  -60.61667  -54.72050 1153493535 202.619642    34.4106 0.0000e+00
    170.000     0.5144   2.911325     0.5192   2.911802    5.83532    -0.0713    13.8155 6.2092e+01  -60.61667  -54.72050 1153493536 202.619649    34.4117 0.0000e+00
    171.000     0.6310   2.922779     0.6593   2.924763    5.80440    -0.0601    13.8155 6.2124e+01  -60.61667  -54.72050 1153493536 202.619657    34.4298 0.0000e+00
    172.000     0.7717   2.935949     0.7964   2.937705    5.71954    -0.0639    13.8155 6.2332e+01  -60.61667  -54.72050 1153493537 202.619668    34.4398 0.0000e+00
    173.000     0.8442   2.942518     0.8625   2.944276    5.62784    -0.0607    13.8155 6.2341e+01  -60.61667  -54.72050 1153493539 202.619690    34.4425 0.0000e+00
    174.000     0.7517   2.934133     0.7741   2.935831    5.57959    -0.0622    13.8155 -9.990e-29  -60.61667  -54.72050 1153493544 202.619744    34.4445 0.0000e+00
    175.000     0.7939   2.938220     0.8388   2.942254    5.54985    -0.0688    13.8155 -9.990e-29  -60.61667  -54.72050 1153493545 202.619753    34.4496 0.0000e+00
    176.000     0.8583   2.944080     0.8573   2.944135    5.53081    -0.0683    13.8155 -9.990e-29  -60.61667  -54.72050 1153493545 202.619761    34.4500 0.0000e+00
    177.000     0.8643   2.944847     0.8616   2.944591    5.51687    -0.0432    13.8155 -9.990e-29  -60.61667  -54.72050 1153493546 202.619768    34.4537 0.0000e+00
    178.000     0.8823   2.946500     0.8835   2.946702    5.50691    -0.0511    13.8155 -9.990e-29  -60.61667  -54.72050 1153493547 202.619775    34.4539 0.0000e+00
    179.000     0.8713   2.945506     0.8718   2.945810    5.49800    -0.0807    13.8155 -9.990e-29  -60.61667  -54.72050 1153493547 202.619782    34.4530 0.0000e+00
    180.000     0.8494   2.943769     0.8468   2.943729    5.47904    -0.0626    13.8155 -9.990e-29  -60.61667  -54.72050 1153493548 202.619792    34.4561 0.0000e+00
    181.000     0.8577   2.944700     0.8551   2.944577    5.45968    -0.0572    13.8155 -9.990e-29  -60.61667  -54.72050 1153493550 202.619811    34.4591 0.0000e+00
    182.000     0.8549   2.944449     0.8565   2.944791    5.43842    -0.0667    13.8155 -9.990e-29  -60.61667  -54.72050 1153493551 202.619829    34.4591 0.0000e+00
    183.000     0.9150   2.950351     0.9216   2.950775    5.40303    -0.0648    13.8155 -9.990e-29  -60.61667  -54.72050 1153493553 202.619844    34.4679 0.0000e+00
    184.000     0.9929   2.957581     0.9959   2.957917    5.35043    -0.0741    13.8155 -9.990e-29  -60.61667  -54.72050 1153493555 202.619871    34.4725 0.0000e+00
    185.000     0.9923   2.957482     0.9933   2.957850    5.31094    -0.0746    13.8155 -9.990e-29  -60.61667  -54.72050 1153493557 202.619896    34.4734 0.0000e+00
    186.000     0.9360   2.952251     0.9364   2.952723    5.30705    -0.0680    13.8155 -9.990e-29  -60.61667  -54.72050 1153493558 202.619909    34.4696 0.0000e+00
    187.000     0.9445   2.953500     0.9482   2.953763    5.27274    -0.0567    13.8155 -9.990e-29  -60.61667  -54.72050 1153493559 202.619919    34.4762 0.0000e+00
    188.000     0.9725   2.955959     0.9770   2.956476    5.24830    -0.0622    13.8155 -9.990e-29  -60.61667  -54.72050 1153493560 202.619928    34.4748 0.0000e+00
    189.000     1.0646   2.965226     1.0709   2.965127    5.20750    -0.0695    13.8155 -9.990e-29  -60.61667  -54.72050 1153493561 202.619937    34.4912 0.0000e+00
    190.000     1.1683   2.974751     1.1726   2.974807    5.15941    -0.0667    13.8155 -9.990e-29  -60.61667  -54.72050 1153493561 202.619946    34.4945 0.0000e+00
    191.000     1.2358   2.981137     1.2369   2.980963    5.10303    -0.0680    13.8155 -9.990e-29  -60.61667  -54.72050 1153493562 202.619956    34.4997 0.0000e+00
    192.000     1.3383   2.991072     1.3433   2.990877    5.04411    -0.0584    13.8155 -9.990e-29  -60.61667  -54.72050 1153493563 202.619967    34.5089 0.0000e+00
    193.000     1.3945   2.996030     1.3842   2.995095    4.99825    -0.0693    13.8155 -9.990e-29  -60.61667  -54.72050 1153493565 202.619984    34.5106 0.0000e+00
    194.000     1.3167   2.988654     1.3401   2.990890    4.99475    -0.0696    13.8155 -9.990e-29  -60.61667  -54.72050 1153493568 202.620016    34.5072 0.0000e+00
    195.000     1.1316   2.971397     1.1235   2.971230    5.07502    -0.0851    13.8155 -9.990e-29  -60.61667  -54.72050 1153493570 202.620046    34.4959 0.0000e+00
    196.000     1.0851   2.967198     1.0848   2.967522    5.10931    -0.0646    13.8155 -9.990e-29  -60.61667  -54.72050 1153493571 202.620058    34.4955 0.0000e+00
    197.000     1.0884   2.967539     1.0838   2.967423    5.13211    -0.0742    13.8155 -9.990e-29  -60.61667  -54.72050 1153493572 202.620067    34.4951 0.0000e+00
    198.000     1.0822   2.967000     1.0788   2.966992    5.13934    -0.0676    13.8155 -9.990e-29  -60.61667  -54.72050 1153493573 202.620076    34.4943 0.0000e+00
    199.000     1.0790   2.966756     1.0783   2.966980    5.14734    -0.0823    13.8155 -9.990e-29  -60.61667  -54.72050 1153493573 202.620083    34.4943 0.0000e+00
    200.000     1.0856   2.967454     1.0880   2.967889    5.14801    -0.0751    13.8155 -9.990e-29  -60.61667  -54.72050 1153493574 202.620091    34.4949 0.0000e+00
    201.000     1.1051   2.969383     1.1042   2.969398    5.15095    -0.0737    13.8155 6.2341e+01  -60.61667  -54.72050 1153493575 202.620100    34.4967 0.0000e+00
    202.000     1.1092   2.969775     1.1142   2.970457    5.14831    -0.0729    13.8155 6.2341e+01  -60.61667  -54.72050 1153493576 202.620114    34.4964 0.0000e+00
    203.000     1.1431   2.973034     1.1402   2.972931    5.12212    -0.0744    13.8155 6.2341e+01  -60.61667  -54.72050 1153493578 202.620140    34.4989 0.0000e+00
    204.000     1.1704   2.975984     1.2093   2.979633    5.10856    -0.0738    13.8155 6.2341e+01  -60.61667  -54.72050 1153493581 202.620171    34.5062 0.0000e+00
