product_data/regression_test/downloaded_data/MDGS/320620060703/ctd/adapted/heads_insert_p6609101.cnv
* Sea-Bird SBE 9 Data File:
* FileName = D:\Data\Raw\P6609101.dat
* Software Version Seasave Win32 V 5.32
* Temperature SN = 1649
* Conductivity SN = 1431
* Number of Bytes Per Scan = 37
* Number of Voltage Words = 5
* Number of Scans Averaged by the Deck Unit = 1
* NMEA Latitude = 61 18.65 S
* NMEA Longitude = 057 57.06 W
* NMEA UTC (Time) = 17:20:17
** Ship:   Nathaniel B. Palmer 
** Cruise:    NBP0603 p0606
** Cast #: 01
** Station:   91
** Operator: yz
# nquan = 15
# nvalues = 1503                        
# units = specified
# name 0 = prDM: Pressure, Digiquartz [db]
# name 1 = t090C: Temperature [ITS-90, deg C]
# name 2 = c0S/m: Conductivity [S/m]
# name 3 = t190C: Temperature, 2 [ITS-90, deg C]
# name 4 = c1S/m: Conductivity, 2 [S/m]
# name 5 = sbeox0ML/L: Oxygen, SBE 43 [ml/l]
# name 6 = flECO-AFL: Fluorescence, Wetlab ECO-AFL/FL [mg/m^3]
# name 7 = bat: Beam Attenuation, Chelsea/Seatech/Wetlab CStar [1/m]
# name 8 = spar: SPAR/Surface Irradiance
# name 9 = latitude: Latitude [deg]
# name 10 = longitude: Longitude [deg]
# name 11 = timeY: Time, System [seconds]
# name 12 = timeJ: Julian Days
# name 13 = sal00: Salinity [PSU]
# name 14 = flag: flag
# span 0 =      2.000,   1504.000       
# span 1 =    -0.8287,     1.8275       
# span 2 =   2.769355,   3.058217       
# span 3 =    -0.8277,     1.8280       
# span 4 =   2.769727,   3.058482       
# span 5 =    4.40785,    7.95116       
# span 6 =    -0.1228,     0.3522       
# span 7 =    13.8155,    13.8155       
# span 8 = 8.9499e+01, 4.2609e+02       
# span 9 =  -61.31083,  -61.31083       
# span 10 =  -57.95100,  -57.95100      
# span 11 = 1152552026, 1152554212      
# span 12 = 191.722546, 191.747846      
# span 13 =    33.9405,    34.7277      
# span 14 = 0.0000e+00, 0.0000e+00      
# interval = decibars: 1                
# start_time = Jul 10 2006 17:20:25
# bad_flag = -9.990e-29
*END*
[from data line 772]
    773.000     1.5734   3.053685     1.5739   3.053989    4.71330    -0.0850    13.8155 1.5196e+02  -61.31083  -57.95100 1152553221 191.736380    34.7273 0.0000e+00
    774.000     1.5700   3.053421     1.5704   3.053735    4.71302    -0.0836    13.8155 1.5196e+02  -61.31083  -57.95100 1152553222 191.736389    34.7272 0.0000e+00
    775.000     1.5676   3.053259     1.5679   3.053557    4.71306    -0.1038    13.8155 1.5196e+02  -61.31083  -57.95100 1152553223 191.736397    34.7274 0.0000e+00
    776.000     1.5661   3.053147     1.5663   3.053432    4.71346    -0.0817    13.8155 1.5196e+02  -61.31083  -57.95100 1152553223 191.736405    34.7271 0.0000e+00
    777.000     1.5667   3.053254     1.5665   3.053478    4.71519    -0.0895    13.8155 1.5113e+02  -61.31083  -57.95100 1152553226 191.736432    34.7271 0.0000e+00
    778.000     1.5673   3.053378     1.5673   3.053598    4.71780    -0.1000    13.8155 1.4998e+02  -61.31083  -57.95100 1152553229 191.736467    34.7273 0.0000e+00
    779.000     1.5646   3.053159     1.5648   3.053433    4.71852    -0.0952    13.8155 1.4982e+02  -61.31083  -57.95100 1152553230 191.736477    34.7270 0.0000e+00
    780.000     1.5632   3.053080     1.5635   3.053363    4.71904    -0.0863    13.8155 1.4807e+02  -61.31083  -57.95100 1152553230 191.736487    34.7271 0.0000e+00
    781.000     1.5628   3.053097     1.5633   3.053385    4.71870    -0.0930    13.8155 1.5049e+02  -61.31083  -57.95100 1152553231 191.736496    34.7271 0.0000e+00
    782.000     1.5628   3.053134     1.5632   3.053425    4.71842    -0.0851    13.8155 1.5001e+02  -61.31083  -57.95100 1152553232 191.736506    34.7270 0.0000e+00
    783.000     1.5629   3.053190     1.5633   3.053470    4.71620    -0.0778    13.8155 1.5002e+02  -61.31083  -57.95100 1152553233 191.736515    34.7271 0.0000e+00
    784.000     1.5627   3.053201     1.5631   3.053487    4.71483    -0.0867    13.8155 1.5186e+02  -61.31083  -57.95100 1152553234 191.736525    34.7269 0.0000e+00
    785.000     1.5619   3.053180     1.5623   3.053461    4.71696    -0.0912    13.8155 1.5105e+02  -61.31083  -57.95100 1152553235 191.736544    34.7270 0.0000e+00
    786.000     1.5630   3.053344     1.5632   3.053606    4.72558    -0.0821    13.8155 1.4799e+02  -61.31083  -57.95100 1152553240 191.736602    34.7272 0.0000e+00
    787.000     1.5611   3.053213     1.5610   3.053481    4.72572    -0.0694    13.8155 1.4806e+02  -61.31083  -57.95100 1152553241 191.736609    34.7269 0.0000e+00
    788.000     1.5573   3.052917     1.5575   3.053214    4.72551    -0.0835    13.8155 1.4806e+02  -61.31083  -57.95100 1152553242 191.736617    34.7270 0.0000e+00
    789.000     1.5562   3.052875     1.5566   3.053159    4.72525    -0.0746    13.8155 1.4680e+02  -61.31083  -57.95100 1152553242 191.736624    34.7272 0.0000e+00
    790.000     1.5555   3.052837     1.5557   3.053125    4.72507    -0.0914    13.8155 1.4695e+02  -61.31083  -57.95100 1152553243 191.736630    34.7269 0.0000e+00
    791.000     1.5551   3.052837     1.5553   3.053132    4.72490    -0.1005    13.8155 1.4695e+02  -61.31083  -57.95100 1152553243 191.736637    34.7268 0.0000e+00
    792.000     1.5552   3.052879     1.5551   3.053171    4.72227    -0.0901    13.8155 1.4792e+02  -61.31083  -57.95100 1152553244 191.736644    34.7268 0.0000e+00
    793.000     1.5536   3.052792     1.5538   3.053085    4.72099    -0.1046    13.8155 1.4751e+02  -61.31083  -57.95100 1152553245 191.736650    34.7267 0.0000e+00
    794.000     1.5558   3.053039     1.5561   3.053309    4.72335    -0.0938    13.8155 1.4806e+02  -61.31083  -57.95100 1152553248 191.736694    34.7268 0.0000e+00
    795.000     1.5556   3.053062     1.5551   3.053286    4.72629    -0.1089    13.8155 1.4885e+02  -61.31083  -57.95100 1152553251 191.736726    34.7267 0.0000e+00
    796.000     1.5517   3.052803     1.5520   3.053084    4.72802    -0.0922    13.8155 1.4858e+02  -61.31083  -57.95100 1152553252 191.736739    34.7272 0.0000e+00
    797.000     1.5488   3.052595     1.5492   3.052882    4.72959    -0.0887    13.8155 1.4880e+02  -61.31083  -57.95100 1152553253 191.736751    34.7273 0.0000e+00
    798.000     1.5472   3.052510     1.5475   3.052795    4.73227    -0.1082    13.8155 1.4843e+02  -61.31083  -57.95100 1152553254 191.736761    34.7275 0.0000e+00
    799.000     1.5467   3.052506     1.5470   3.052801    4.73170    -0.0972    13.8155 1.4709e+02  -61.31083  -57.95100 1152553255 191.736769    34.7275 0.0000e+00
    800.000     1.5441   3.052313     1.5443   3.052619    4.73081    -0.0823    13.8155 1.4941e+02  -61.31083  -57.95100 1152553256 191.736777    34.7273 0.0000e+00
    801.000     1.5398   3.051973     1.5401   3.052275    4.72821    -0.0771    13.8155 1.4971e+02  -61.31083  -57.95100 1152553256 191.736784    34.7274 0.0000e+00
    802.000     1.5392   3.051976     1.5396   3.052264    4.72824    -0.0779    13.8155 1.4919e+02  -61.31083  -57.95100 1152553257 191.736792    34.7274 0.0000e+00
    803.000     1.5410   3.052174     1.5420   3.052498    4.72968    -0.0875    13.8155 1.4809e+02  -61.31083  -57.95100 1152553259 191.736823    34.7273 0.0000e+00
    804.000     1.5433   3.052412     1.5430   3.052655    4.73153    -0.1045    13.8155 1.4705e+02  -61.31083  -57.95100 1152553263 191.736866    34.7271 0.0000e+00
    805.000     1.5397   3.052151     1.5399   3.052431    4.73330    -0.0957    13.8155 1.5037e+02  -61.31083  -57.95100 1152553265 191.736881    34.7273 0.0000e+00
    806.000     1.5385   3.052109     1.5389   3.052391    4.73475    -0.0724    13.8155 1.5169e+02  -61.31083  -57.95100 1152553266 191.736893    34.7275 0.0000e+00
    807.000     1.5384   3.052131     1.5385   3.052417    4.73502    -0.0904    13.8155 1.5186e+02  -61.31083  -57.95100 1152553266 191.736903    34.7273 0.0000e+00
    808.000     1.5379   3.052145     1.5382   3.052423    4.73513    -0.1109    13.8155 1.5169e+02  -61.31083  -57.95100 1152553267 191.736911    34.7275 0.0000e+00
    809.000     1.5377   3.052174     1.5380   3.052446    4.73507    -0.0827    13.8155 1.4866e+02  -61.31083  -57.95100 1152553268 191.736919    34.7275 0.0000e+00
    810.000     1.5369   3.052139     1.5372   3.052421    4.73508    -0.0824    13.8155 1.4908e+02  -61.31083  -57.95100 1152553269 191.736927    34.7274 0.0000e+00
    811.000     1.5356   3.052065     1.5360   3.052344    4.73375    -0.0765    13.8155 1.4886e+02  -61.31083  -57.95100 1152553269 191.736936    34.7274 0.0000e+00
    812.000     1.5353   3.052089     1.5357   3.052367    4.73153    -0.0801    13.8155 1.4751e+02  -61.31083  -57.95100 1152553270 191.736948    34.7274 0.0000e+00
    813.000     1.5370   3.052285     1.5370   3.052520    4.73489    -0.0954    13.8155 1.4637e+02  -61.31083  -57.95100 1152553274 191.736996    34.7274 0.0000e+00
    814.000     1.5368   3.052323     1.5365   3.052537    4.73939    -0.0903    13.8155 1.4621e+02  -61.31083  -57.95100 1152553277 191.737023    34.7274 0.0000e+00
    815.000     1.5297   3.051728     1.5296   3.052002    4.74116    -0.0875    13.8155 -9.990e-29  -61.31083  -57.95100 1152553278 191.737034    34.7273 0.0000e+00
    816.000     1.5280   3.051643     1.5284   3.051931    4.74126    -0.0981    13.8155 -9.990e-29  -61.31083  -57.95100 1152553279 191.737043    34.7276 0.0000e+00
    817.000     1.5278   3.051671     1.5284   3.051972    4.74144    -0.0901    13.8155 -9.990e-29  -61.31083  -57.95100 1152553279 191.737052    34.7277 0.0000e+00
    818.000     1.5259   3.051528     1.5261   3.051817    4.74151    -0.0761    13.8155 -9.990e-29  -61.31083  -57.95100 1152553280 191.737061    34.7274 0.0000e+00
    819.000     1.5242   3.051424     1.5245   3.051721    4.74060    -0.0899    13.8155 1.4748e+02  -61.31083  -57.95100 1152553281 191.737070    34.7275 0.0000e+00
    820.000     1.5237   3.051429     1.5244   3.051730    4.73883    -0.0903    13.8155 1.4771e+02  -61.31083  -57.95100 1152553282 191.737082    34.7275 0.0000e+00
    821.000     1.5225   3.051353     1.5225   3.051614    4.74088    -0.1011    13.8155 1.4552e+02  -61.31083  -57.95100 1152553283 191.737101    34.7272 0.0000e+00
    822.000     1.5215   3.051317     1.5220   3.051590    4.74651    -0.0961    13.8155 1.4401e+02  -61.31083  -57.95100 1152553286 191.737133    34.7273 0.0000e+00
    823.000     1.5198   3.051217     1.5205   3.051523    4.74904    -0.0750    13.8155 1.4390e+02  -61.31083  -57.95100 1152553288 191.737158    34.7273 0.0000e+00
    824.000     1.5171   3.051014     1.5173   3.051298    4.74892    -0.0955    13.8155 1.4390e+02  -61.31083  -57.95100 1152553289 191.737170    34.7272 0.0000e+00
    825.000     1.5126   3.050664     1.5136   3.051026    4.74860    -0.0772    13.8155 -9.990e-29  -61.31083  -57.95100 1152553290 191.737179    34.7272 0.0000e+00
    826.000     1.5097   3.050455     1.5099   3.050747    4.74925    -0.0705    13.8155 -9.990e-29  -61.31083  -57.95100 1152553291 191.737188    34.7273 0.0000e+00
    827.000     1.5072   3.050276     1.5075   3.050582    4.75016    -0.1015    13.8155 -9.990e-29  -61.31083  -57.95100 1152553292 191.737198    34.7273 0.0000e+00
    828.000     1.5069   3.050292     1.5075   3.050587    4.75172    -0.0991    13.8155 1.4387e+02  -61.31083  -57.95100 1152553294 191.737221    34.7272 0.0000e+00
    829.000     1.5040   3.050082     1.5047   3.050411    4.75364    -0.1009    13.8155 1.4396e+02  -61.31083  -57.95100 1152553296 191.737246    34.7272 0.0000e+00
    830.000     1.5013   3.049917     1.5016   3.050208    4.75337    -0.0876    13.8155 1.4246e+02  -61.31083  -57.95100 1152553297 191.737257    34.7276 0.0000e+00
    831.000     1.5008   3.049928     1.5013   3.050213    4.75342    -0.0855    13.8155 1.4200e+02  -61.31083  -57.95100 1152553298 191.737267    34.7276 0.0000e+00
    832.000     1.5006   3.049949     1.5009   3.050234    4.75433    -0.0911    13.8155 1.4186e+02  -61.31083  -57.95100 1152553299 191.737277    34.7275 0.0000e+00
    833.000     1.4980   3.049754     1.4982   3.050018    4.75429    -0.0907    13.8155 1.4117e+02  -61.31083  -57.95100 1152553300 191.737295    34.7273 0.0000e+00
    834.000     1.4982   3.049808     1.4971   3.049962    4.75775    -0.0972    13.8155 1.4224e+02  -61.31083  -57.95100 1152553303 191.737325    34.7271 0.0000e+00
    835.000     1.4918   3.049292     1.4922   3.049579    4.75755    -0.0942    13.8155 1.4221e+02  -61.31083  -57.95100 1152553304 191.737338    34.7273 0.0000e+00
    836.000     1.4906   3.049235     1.4909   3.049518    4.75709    -0.0847    13.8155 1.4221e+02  -61.31083  -57.95100 1152553305 191.737349    34.7273 0.0000e+00
    837.000     1.4895   3.049185     1.4898   3.049477    4.75746    -0.0997    13.8155 1.4221e+02  -61.31083  -57.95100 1152553306 191.737359    34.7273 0.0000e+00
    838.000     1.4882   3.049108     1.4886   3.049397    4.75835    -0.0992    13.8155 1.4146e+02  -61.31083  -57.95100 1152553307 191.737375    34.7272 0.0000e+00
    839.000     1.4885   3.049188     1.4890   3.049477    4.75947    -0.0881    13.8155 1.3907e+02  -61.31083  -57.95100 1152553309 191.737395    34.7272 0.0000e+00
    840.000     1.4887   3.049236     1.4891   3.049530    4.76075    -0.0930    13.8155 1.3722e+02  -61.31083  -57.95100 1152553310 191.737408    34.7271 0.0000e+00
    841.000     1.4885   3.049273     1.4890   3.049562    4.76175    -0.0893    13.8155 1.3740e+02  -61.31083  -57.95100 1152553311 191.737421    34.7272 0.0000e+00
    842.000     1.4886   3.049319     1.4891   3.049613    4.76314    -0.0949    13.8155 1.3661e+02  -61.31083  -57.95100 1152553313 191.737441    34.7270 0.0000e+00
    843.000     1.4880   3.049314     1.4883   3.049594    4.76353    -0.0879    13.8155 1.3975e+02  -61.31083  -57.95100 1152553315 191.737461    34.7270 0.0000e+00
    844.000     1.4867   3.049260     1.4874   3.049566    4.76283    -0.0951    13.8155 -9.990e-29  -61.31083  -57.95100 1152553316 191.737473    34.7272 0.0000e+00
    845.000     1.4848   3.049129     1.4852   3.049422    4.76329    -0.0954    13.8155 -9.990e-29  -61.31083  -57.95100 1152553317 191.737485    34.7272 0.0000e+00
    846.000     1.4829   3.049010     1.4832   3.049297    4.76597    -0.0972    13.8155 1.4002e+02  -61.31083  -57.95100 1152553318 191.737505    34.7272 0.0000e+00
    847.000     1.4808   3.048888     1.4812   3.049179    4.76790    -0.0956    13.8155 1.4005e+02  -61.31083  -57.95100 1152553320 191.737524    34.7274 0.0000e+00
    848.000     1.4780   3.048689     1.4783   3.048982    4.76823    -0.1018    13.8155 1.3940e+02  -61.31083  -57.95100 1152553321 191.737535    34.7275 0.0000e+00
    849.000     1.4764   3.048598     1.4769   3.048893    4.76864    -0.0950    13.8155 1.3793e+02  -61.31083  -57.95100 1152553322 191.737546    34.7275 0.0000e+00
    850.000     1.4757   3.048577     1.4761   3.048865    4.76902    -0.0957    13.8155 1.3766e+02  -61.31083  -57.95100 1152553323 191.737558    34.7275 0.0000e+00
    851.000     1.4750   3.048569     1.4755   3.048851    4.76939    -0.0865    13.8155 1.3946e+02  -61.31083  -57.95100 1152553324 191.737575    34.7275 0.0000e+00
    852.000     1.4750   3.048603     1.4755   3.048886    4.76706    -0.0921    13.8155 1.3909e+02  -61.31083  -57.95100 1152553326 191.737595    34.7275 0.0000e+00
    853.000     1.4748   3.048624     1.4752   3.048906    4.76797    -0.0987    13.8155 1.3978e+02  -61.31083  -57.95100 1152553328 191.737617    34.7274 0.0000e+00
    854.000     1.4741   3.048611     1.4745   3.048902    4.76934    -0.0967    13.8155 1.4131e+02  -61.31083  -57.95100 1152553330 191.737644    34.7273 0.0000e+00
    855.000     1.4733   3.048597     1.4738   3.048888    4.77253    -0.0852    13.8155 1.4051e+02  -61.31083  -57.95100 1152553331 191.737656    34.7275 0.0000e+00
    856.000     1.4724   3.048556     1.4729   3.048863    4.77186    -0.1009    13.8155 1.4006e+02  -61.31083  -57.95100 1152553332 191.737666    34.7274 0.0000e+00
    857.000     1.4704   3.048426     1.4706   3.048704    4.77249    -0.0936    13.8155 1.4011e+02  -61.31083  -57.95100 1152553333 191.737675    34.7275 0.0000e+00
    858.000     1.4692   3.048358     1.4696   3.048657    4.77102    -0.0950    13.8155 1.3924e+02  -61.31083  -57.95100 1152553334 191.737686    34.7274 0.0000e+00
    859.000     1.4693   3.048425     1.4697   3.048702    4.77143    -0.0943    13.8155 1.3735e+02  -61.31083  -57.95100 1152553336 191.737705    34.7275 0.0000e+00
    860.000     1.4695   3.048487     1.4698   3.048758    4.77089    -0.0906    13.8155 1.3492e+02  -61.31083  -57.95100 1152553337 191.737720    34.7275 0.0000e+00
    861.000     1.4694   3.048507     1.4697   3.048795    4.76949    -0.0943    13.8155 1.3613e+02  -61.31083  -57.95100 1152553338 191.737731    34.7273 0.0000e+00
    862.000     1.4684   3.048466     1.4687   3.048741    4.76986    -0.0962    13.8155 1.3542e+02  -61.31083  -57.95100 1152553339 191.737743    34.7273 0.0000e+00
    863.000     1.4686   3.048550     1.4691   3.048831    4.77470    -0.1023    13.8155 1.3473e+02  -61.31083  -57.95100 1152553344 191.737799    34.7276 0.0000e+00
    864.000     1.4650   3.048248     1.4649   3.048501    4.77545    -0.0963    13.8155 1.3608e+02  -61.31083  -57.95100 1152553345 191.737809    34.7272 0.0000e+00
    865.000     1.4626   3.048089     1.4629   3.048399    4.77437    -0.0989    13.8155 1.3612e+02  -61.31083  -57.95100 1152553345 191.737817    34.7273 0.0000e+00
    866.000     1.4612   3.048006     1.4614   3.048298    4.77616    -0.0912    13.8155 1.3597e+02  -61.31083  -57.95100 1152553346 191.737824    34.7273 0.0000e+00
    867.000     1.4611   3.048021     1.4613   3.048302    4.77495    -0.1117    13.8155 1.3595e+02  -61.31083  -57.95100 1152553347 191.737831    34.7272 0.0000e+00
