product_data/regression_test/downloaded_data/MDGS/320620060703/ctd/adapted/heads_insert_p6615901.cnv
* Sea-Bird SBE 9 Data File:
* FileName = D:\Data\Raw\p6615901.dat
* Software Version Seasave Win32 V 5.32
* Temperature SN = 1649
* Conductivity SN = 1431
* Number of Bytes Per Scan = 37
* Number of Voltage Words = 5
* Number of Scans Averaged by the Deck Unit = 1
* NMEA Latitude = 60 53.99 S
* NMEA Longitude = 055 57.20 W
* NMEA UTC (Time) = 05:26:27
** Ship:   Nathaniel B. Palmer 
** Cruise:    NBP0606 
# nquan = 15
# nvalues = 600                         
# units = specified
# name 0 = prDM: Pressure, Digiquartz [db]
# name 1 = t090C: Temperature [ITS-90, deg C]
# name 2 = c0S/m: Conductivity [S/m]
# name 3 = t190C: Temperature, 2 [ITS-90, deg C]
# name 4 = c1S/m: Conductivity, 2 [S/m]
# name 5 = sbeox0ML/L: Oxygen, SBE 43 [ml/l]
# name 6 = flECO-AFL: Fluorescence, Wetlab ECO-AFL/FL [mg/m^3]
# name 7 = bat: Beam Attenuation, Chelsea/Seatech/Wetlab CStar [1/m]
# name 8 = spar: SPAR/Surface Irradiance
# name 9 = latitude: Latitude [deg]
# name 10 = longitude: Longitude [deg]
# name 11 = timeY: Time, System [seconds]
# name 12 = timeJ: Julian Days
# name 13 = sal00: Salinity [PSU]
# name 14 = flag: flag
# span 0 =      3.000,    602.000       
# span 1 =    -0.7239,    -0.1978       
# span 2 =   2.790166,   2.878384       
# span 3 =    -0.7239,    -0.1967       
# span 4 =   2.790791,   2.878798       
# span 5 =    6.12453,    7.43122       
# span 6 =    -0.0956,     0.1435       
# span 7 =    13.8155,    13.8155       
# span 8 = 0.0000e+00, 0.0000e+00       
# span 9 =  -60.89983,  -60.89983       
# span 10 =  -55.95333,  -55.95333      
# span 11 = 1153286807, 1153287684      
# span 12 = 200.226943, 200.237093      
# span 13 =    34.2957,    34.5251      
# span 14 = 0.0000e+00, 0.0000e+00      
# interval = decibars: 1                
# start_time = Jul 19 2006 05:26:34
# bad_flag = -9.990e-29
*END*
[from data line 483]
    485.000    -0.5043   2.841295    -0.5003   2.841975    6.52840    -0.0687    13.8155 0.0000e+00  -60.89983  -55.95333 1153287514 200.235133    34.4450 0.0000e+00
    486.000    -0.4985   2.841925    -0.4973   2.842325    6.52072    -0.0686    13.8155 0.0000e+00  -60.89983  -55.95333 1153287515 200.235149    34.4463 0.0000e+00
    487.000    -0.4874   2.843028    -0.4871   2.843340    6.51679    -0.0852    13.8155 0.0000e+00  -60.89983  -55.95333 1153287517 200.235163    34.4477 0.0000e+00
    488.000    -0.4845   2.843334    -0.4837   2.843699    6.51266    -0.0713    13.8155 0.0000e+00  -60.89983  -55.95333 1153287518 200.235176    34.4479 0.0000e+00
    489.000    -0.4779   2.844012    -0.4770   2.844362    6.50630    -0.0823    13.8155 0.0000e+00  -60.89983  -55.95333 1153287519 200.235192    34.4489 0.0000e+00
    490.000    -0.4679   2.845001    -0.4663   2.845439    6.50101    -0.0730    13.8155 0.0000e+00  -60.89983  -55.95333 1153287521 200.235213    34.4501 0.0000e+00
    491.000    -0.4641   2.845437    -0.4637   2.845736    6.49763    -0.0737    13.8155 0.0000e+00  -60.89983  -55.95333 1153287522 200.235229    34.4512 0.0000e+00
    492.000    -0.4569   2.846155    -0.4565   2.846480    6.49375    -0.0743    13.8155 0.0000e+00  -60.89983  -55.95333 1153287523 200.235241    34.4519 0.0000e+00
    493.000    -0.4503   2.846855    -0.4502   2.847137    6.48886    -0.0792    13.8155 0.0000e+00  -60.89983  -55.95333 1153287524 200.235252    34.4531 0.0000e+00
    494.000    -0.4496   2.846949    -0.4495   2.847269    6.48579    -0.0817    13.8155 0.0000e+00  -60.89983  -55.95333 1153287525 200.235265    34.4531 0.0000e+00
    495.000    -0.4498   2.846992    -0.4496   2.847316    6.48200    -0.0660    13.8155 0.0000e+00  -60.89983  -55.95333 1153287527 200.235284    34.4535 0.0000e+00
    496.000    -0.4513   2.846940    -0.4508   2.847286    6.47881    -0.0470    13.8155 0.0000e+00  -60.89983  -55.95333 1153287528 200.235300    34.4541 0.0000e+00
    497.000    -0.4510   2.847000    -0.4509   2.847332    6.47816    -0.0692    13.8155 0.0000e+00  -60.89983  -55.95333 1153287530 200.235312    34.4541 0.0000e+00
    498.000    -0.4511   2.847061    -0.4504   2.847415    6.47590    -0.0777    13.8155 0.0000e+00  -60.89983  -55.95333 1153287530 200.235323    34.4544 0.0000e+00
    499.000    -0.4504   2.847144    -0.4501   2.847492    6.47288    -0.0737    13.8155 0.0000e+00  -60.89983  -55.95333 1153287531 200.235335    34.4543 0.0000e+00
    500.000    -0.4503   2.847218    -0.4498   2.847559    6.47212    -0.0552    13.8155 0.0000e+00  -60.89983  -55.95333 1153287533 200.235356    34.4545 0.0000e+00
    501.000    -0.4445   2.847938    -0.4434   2.848314    6.46244    -0.0764    13.8155 0.0000e+00  -60.89983  -55.95333 1153287535 200.235377    34.4571 0.0000e+00
    502.000    -0.4347   2.849022    -0.4342   2.849356    6.45723    -0.0774    13.8155 0.0000e+00  -60.89983  -55.95333 1153287536 200.235391    34.4597 0.0000e+00
    503.000    -0.4337   2.849160    -0.4326   2.849583    6.45251    -0.0744    13.8155 0.0000e+00  -60.89983  -55.95333 1153287537 200.235403    34.4597 0.0000e+00
    504.000    -0.4303   2.849580    -0.4296   2.849925    6.44582    -0.0710    13.8155 0.0000e+00  -60.89983  -55.95333 1153287538 200.235414    34.4609 0.0000e+00
    505.000    -0.4199   2.850737    -0.4192   2.851058    6.43959    -0.0705    13.8155 0.0000e+00  -60.89983  -55.95333 1153287539 200.235426    34.4639 0.0000e+00
    506.000    -0.4106   2.851764    -0.4094   2.852134    6.42482    -0.0632    13.8155 0.0000e+00  -60.89983  -55.95333 1153287541 200.235443    34.4664 0.0000e+00
    507.000    -0.3951   2.853422    -0.3945   2.853771    6.40343    -0.0758    13.8155 0.0000e+00  -60.89983  -55.95333 1153287543 200.235468    34.4701 0.0000e+00
    508.000    -0.3942   2.853584    -0.3912   2.854160    6.39627    -0.0860    13.8155 0.0000e+00  -60.89983  -55.95333 1153287544 200.235482    34.4710 0.0000e+00
    509.000    -0.3872   2.854356    -0.3873   2.854607    6.38529    -0.0791    13.8155 0.0000e+00  -60.89983  -55.95333 1153287545 200.235492    34.4726 0.0000e+00
    510.000    -0.3743   2.855862    -0.3686   2.856575    6.37226    -0.0785    13.8155 0.0000e+00  -60.89983  -55.95333 1153287546 200.235501    34.4778 0.0000e+00
    511.000    -0.3476   2.858625    -0.3430   2.859288    6.35971    -0.0703    13.8155 0.0000e+00  -60.89983  -55.95333 1153287547 200.235510    34.4829 0.0000e+00
    512.000    -0.3377   2.859682    -0.3332   2.860421    6.34214    -0.0749    13.8155 0.0000e+00  -60.89983  -55.95333 1153287548 200.235529    34.4852 0.0000e+00
    513.000    -0.3240   2.861307    -0.3204   2.861807    6.31463    -0.0773    13.8155 0.0000e+00  -60.89983  -55.95333 1153287551 200.235563    34.4913 0.0000e+00
    514.000    -0.3088   2.862874    -0.3087   2.863150    6.30258    -0.0726    13.8155 0.0000e+00  -60.89983  -55.95333 1153287552 200.235575    34.4939 0.0000e+00
    515.000    -0.3074   2.863082    -0.3066   2.863436    6.29503    -0.0889    13.8155 0.0000e+00  -60.89983  -55.95333 1153287553 200.235585    34.4946 0.0000e+00
    516.000    -0.3059   2.863258    -0.3055   2.863586    6.28943    -0.0812    13.8155 0.0000e+00  -60.89983  -55.95333 1153287554 200.235595    34.4948 0.0000e+00
    517.000    -0.3058   2.863318    -0.3053   2.863643    6.28238    -0.0669    13.8155 0.0000e+00  -60.89983  -55.95333 1153287555 200.235605    34.4951 0.0000e+00
    518.000    -0.3024   2.863738    -0.3026   2.863970    6.27752    -0.0599    13.8155 0.0000e+00  -60.89983  -55.95333 1153287556 200.235618    34.4964 0.0000e+00
    519.000    -0.3003   2.863984    -0.3001   2.864291    6.27293    -0.0705    13.8155 0.0000e+00  -60.89983  -55.95333 1153287557 200.235632    34.4968 0.0000e+00
    520.000    -0.2999   2.864083    -0.2995   2.864394    6.26798    -0.0791    13.8155 0.0000e+00  -60.89983  -55.95333 1153287558 200.235646    34.4973 0.0000e+00
    521.000    -0.2994   2.864171    -0.2986   2.864542    6.25675    -0.0709    13.8155 0.0000e+00  -60.89983  -55.95333 1153287561 200.235676    34.4975 0.0000e+00
    522.000    -0.2975   2.864532    -0.2967   2.864846    6.25194    -0.0698    13.8155 0.0000e+00  -60.89983  -55.95333 1153287563 200.235700    34.4989 0.0000e+00
    523.000    -0.2795   2.866585    -0.2763   2.867109    6.24515    -0.0802    13.8155 0.0000e+00  -60.89983  -55.95333 1153287564 200.235710    34.5067 0.0000e+00
    524.000    -0.2703   2.867533    -0.2681   2.868044    6.23805    -0.0888    13.8155 0.0000e+00  -60.89983  -55.95333 1153287565 200.235719    34.5072 0.0000e+00
    525.000    -0.2698   2.867636    -0.2693   2.867972    6.23051    -0.0754    13.8155 0.0000e+00  -60.89983  -55.95333 1153287565 200.235727    34.5076 0.0000e+00
    526.000    -0.2661   2.868079    -0.2661   2.868342    6.22410    -0.0622    13.8155 0.0000e+00  -60.89983  -55.95333 1153287566 200.235734    34.5086 0.0000e+00
    527.000    -0.2667   2.868025    -0.2667   2.868307    6.21885    -0.0783    13.8155 0.0000e+00  -60.89983  -55.95333 1153287567 200.235743    34.5080 0.0000e+00
    528.000    -0.2674   2.868006    -0.2670   2.868327    6.21003    -0.0715    13.8155 0.0000e+00  -60.89983  -55.95333 1153287569 200.235772    34.5084 0.0000e+00
    529.000    -0.2678   2.868005    -0.2675   2.868336    6.20314    -0.0797    13.8155 0.0000e+00  -60.89983  -55.95333 1153287571 200.235796    34.5084 0.0000e+00
    530.000    -0.2628   2.868612    -0.2638   2.868765    6.20145    -0.0829    13.8155 0.0000e+00  -60.89983  -55.95333 1153287573 200.235810    34.5103 0.0000e+00
    531.000    -0.2636   2.868533    -0.2632   2.868876    6.19986    -0.0605    13.8155 0.0000e+00  -60.89983  -55.95333 1153287574 200.235822    34.5095 0.0000e+00
    532.000    -0.2635   2.868611    -0.2630   2.868940    6.19734    -0.0845    13.8155 0.0000e+00  -60.89983  -55.95333 1153287575 200.235833    34.5100 0.0000e+00
    533.000    -0.2552   2.869544    -0.2534   2.869945    6.19352    -0.0865    13.8155 0.0000e+00  -60.89983  -55.95333 1153287576 200.235845    34.5124 0.0000e+00
    534.000    -0.2467   2.870402    -0.2460   2.870739    6.18793    -0.0876    13.8155 0.0000e+00  -60.89983  -55.95333 1153287577 200.235858    34.5132 0.0000e+00
    535.000    -0.2419   2.870940    -0.2412   2.871254    6.18277    -0.0860    13.8155 0.0000e+00  -60.89983  -55.95333 1153287578 200.235875    34.5144 0.0000e+00
    536.000    -0.2392   2.871253    -0.2382   2.871626    6.17610    -0.0768    13.8155 0.0000e+00  -60.89983  -55.95333 1153287580 200.235893    34.5150 0.0000e+00
    537.000    -0.2383   2.871376    -0.2374   2.871750    6.17561    -0.0756    13.8155 0.0000e+00  -60.89983  -55.95333 1153287581 200.235909    34.5151 0.0000e+00
    538.000    -0.2387   2.871366    -0.2380   2.871750    6.17666    -0.0655    13.8155 0.0000e+00  -60.89983  -55.95333 1153287583 200.235926    34.5150 0.0000e+00
    539.000    -0.2379   2.871515    -0.2374   2.871835    6.17710    -0.0765    13.8155 0.0000e+00  -60.89983  -55.95333 1153287584 200.235941    34.5156 0.0000e+00
    540.000    -0.2374   2.871600    -0.2364   2.871986    6.17602    -0.0800    13.8155 0.0000e+00  -60.89983  -55.95333 1153287585 200.235954    34.5155 0.0000e+00
    541.000    -0.2357   2.871807    -0.2354   2.872121    6.17464    -0.0747    13.8155 0.0000e+00  -60.89983  -55.95333 1153287586 200.235965    34.5158 0.0000e+00
    542.000    -0.2355   2.871864    -0.2355   2.872156    6.17400    -0.0776    13.8155 0.0000e+00  -60.89983  -55.95333 1153287587 200.235976    34.5158 0.0000e+00
    543.000    -0.2342   2.872052    -0.2337   2.872381    6.17336    -0.0819    13.8155 0.0000e+00  -60.89983  -55.95333 1153287589 200.235994    34.5162 0.0000e+00
    544.000    -0.2350   2.872008    -0.2350   2.872308    6.17504    -0.0826    13.8155 0.0000e+00  -60.89983  -55.95333 1153287590 200.236015    34.5161 0.0000e+00
    545.000    -0.2351   2.872049    -0.2348   2.872362    6.17401    -0.0743    13.8155 0.0000e+00  -60.89983  -55.95333 1153287592 200.236031    34.5162 0.0000e+00
    546.000    -0.2348   2.872125    -0.2346   2.872436    6.17083    -0.0727    13.8155 0.0000e+00  -60.89983  -55.95333 1153287593 200.236045    34.5163 0.0000e+00
    547.000    -0.2357   2.872075    -0.2347   2.872462    6.16581    -0.0843    13.8155 0.0000e+00  -60.89983  -55.95333 1153287594 200.236057    34.5161 0.0000e+00
    548.000    -0.2349   2.872194    -0.2345   2.872533    6.16191    -0.0956    13.8155 0.0000e+00  -60.89983  -55.95333 1153287595 200.236068    34.5162 0.0000e+00
    549.000    -0.2334   2.872391    -0.2331   2.872724    6.15981    -0.0896    13.8155 0.0000e+00  -60.89983  -55.95333 1153287596 200.236080    34.5165 0.0000e+00
    550.000    -0.2328   2.872505    -0.2322   2.872842    6.16305    -0.0772    13.8155 0.0000e+00  -60.89983  -55.95333 1153287598 200.236099    34.5167 0.0000e+00
    551.000    -0.2330   2.872517    -0.2327   2.872855    6.16471    -0.0820    13.8155 0.0000e+00  -60.89983  -55.95333 1153287600 200.236124    34.5166 0.0000e+00
    552.000    -0.2326   2.872605    -0.2327   2.872902    6.16288    -0.0828    13.8155 0.0000e+00  -60.89983  -55.95333 1153287601 200.236136    34.5168 0.0000e+00
    553.000    -0.2317   2.872747    -0.2315   2.873063    6.16303    -0.0719    13.8155 0.0000e+00  -60.89983  -55.95333 1153287602 200.236146    34.5170 0.0000e+00
    554.000    -0.2297   2.872967    -0.2299   2.873272    6.16377    -0.0794    13.8155 0.0000e+00  -60.89983  -55.95333 1153287603 200.236157    34.5170 0.0000e+00
    555.000    -0.2302   2.872989    -0.2306   2.873241    6.16245    -0.0749    13.8155 0.0000e+00  -60.89983  -55.95333 1153287604 200.236180    34.5173 0.0000e+00
    556.000    -0.2324   2.872803    -0.2316   2.873184    6.16166    -0.0793    13.8155 0.0000e+00  -60.89983  -55.95333 1153287606 200.236199    34.5167 0.0000e+00
    557.000    -0.2341   2.872685    -0.2339   2.873012    6.16183    -0.0882    13.8155 0.0000e+00  -60.89983  -55.95333 1153287607 200.236208    34.5166 0.0000e+00
    558.000    -0.2346   2.872660    -0.2344   2.872999    6.16217    -0.0616    13.8155 0.0000e+00  -60.89983  -55.95333 1153287608 200.236216    34.5163 0.0000e+00
    559.000    -0.2342   2.872747    -0.2337   2.873099    6.16265    -0.0823    13.8155 0.0000e+00  -60.89983  -55.95333 1153287608 200.236224    34.5164 0.0000e+00
    560.000    -0.2339   2.872814    -0.2336   2.873147    6.16404    -0.0795    13.8155 0.0000e+00  -60.89983  -55.95333 1153287610 200.236245    34.5163 0.0000e+00
    561.000    -0.2341   2.872864    -0.2338   2.873188    6.16544    -0.0900    13.8155 0.0000e+00  -60.89983  -55.95333 1153287613 200.236274    34.5166 0.0000e+00
    562.000    -0.2334   2.872970    -0.2333   2.873290    6.16350    -0.0913    13.8155 0.0000e+00  -60.89983  -55.95333 1153287614 200.236285    34.5166 0.0000e+00
    563.000    -0.2347   2.872885    -0.2342   2.873247    6.16325    -0.0693    13.8155 0.0000e+00  -60.89983  -55.95333 1153287615 200.236297    34.5164 0.0000e+00
    564.000    -0.2340   2.872992    -0.2336   2.873343    6.16412    -0.0772    13.8155 0.0000e+00  -60.89983  -55.95333 1153287616 200.236313    34.5164 0.0000e+00
    565.000    -0.2336   2.873077    -0.2335   2.873408    6.16464    -0.0763    13.8155 0.0000e+00  -60.89983  -55.95333 1153287618 200.236331    34.5166 0.0000e+00
    566.000    -0.2332   2.873163    -0.2334   2.873462    6.16185    -0.0879    13.8155 0.0000e+00  -60.89983  -55.95333 1153287619 200.236343    34.5166 0.0000e+00
    567.000    -0.2338   2.873149    -0.2337   2.873461    6.16075    -0.0797    13.8155 0.0000e+00  -60.89983  -55.95333 1153287619 200.236352    34.5166 0.0000e+00
    568.000    -0.2339   2.873187    -0.2335   2.873536    6.16239    -0.0834    13.8155 0.0000e+00  -60.89983  -55.95333 1153287620 200.236360    34.5165 0.0000e+00
    569.000    -0.2342   2.873192    -0.2337   2.873545    6.16425    -0.0821    13.8155 0.0000e+00  -60.89983  -55.95333 1153287621 200.236375    34.5163 0.0000e+00
    570.000    -0.2342   2.873262    -0.2336   2.873613    6.16988    -0.0764    13.8155 0.0000e+00  -60.89983  -55.95333 1153287625 200.236416    34.5166 0.0000e+00
    571.000    -0.2362   2.873095    -0.2357   2.873471    6.16956    -0.0924    13.8155 0.0000e+00  -60.89983  -55.95333 1153287626 200.236424    34.5162 0.0000e+00
    572.000    -0.2362   2.873138    -0.2357   2.873498    6.16575    -0.0913    13.8155 0.0000e+00  -60.89983  -55.95333 1153287626 200.236433    34.5162 0.0000e+00
    573.000    -0.2344   2.873392    -0.2344   2.873667    6.16614    -0.0935    13.8155 0.0000e+00  -60.89983  -55.95333 1153287627 200.236441    34.5169 0.0000e+00
    574.000    -0.2323   2.873616    -0.2338   2.873773    6.16608    -0.0824    13.8155 0.0000e+00  -60.89983  -55.95333 1153287628 200.236448    34.5166 0.0000e+00
    575.000    -0.2398   2.872875    -0.2394   2.873233    6.16656    -0.0640    13.8155 0.0000e+00  -60.89983  -55.95333 1153287629 200.236459    34.5150 0.0000e+00
    576.000    -0.2387   2.873020    -0.2393   2.873294    6.16959    -0.0708    13.8155 0.0000e+00  -60.89983  -55.95333 1153287631 200.236488    34.5151 0.0000e+00
    577.000    -0.2363   2.873356    -0.2371   2.873569    6.17059    -0.0906    13.8155 0.0000e+00  -60.89983  -55.95333 1153287633 200.236507    34.5161 0.0000e+00
    578.000    -0.2365   2.873370    -0.2361   2.873718    6.16819    -0.0889    13.8155 0.0000e+00  -60.89983  -55.95333 1153287634 200.236520    34.5160 0.0000e+00
    579.000    -0.2353   2.873542    -0.2353   2.873838    6.16771    -0.0704    13.8155 0.0000e+00  -60.89983  -55.95333 1153287635 200.236532    34.5163 0.0000e+00
