product_data/regression_test/downloaded_data/MDGS/320620060703/ctd/adapted/heads_insert_p6618201.cnv
* Sea-Bird SBE 9 Data File:
* FileName = D:\Data\Raw\p6618201.dat
* Software Version Seasave Win32 V 5.32
* Temperature SN = 1649
* Conductivity SN = 1431
* Number of Bytes Per Scan = 37
* Number of Voltage Words = 5
* Number of Scans Averaged by the Deck Unit = 1
* NMEA Latitude = 60 37.00 S
* NMEA Longitude = 054 09.03 W
* NMEA UTC (Time) = 08:45:16
** Ship:   Nathaniel B. Palmer 
** Cruise:    NBP0606 
# nquan = 15
# nvalues = 1506                        
# units = specified
# name 0 = prDM: Pressure, Digiquartz [db]
# name 1 = t090C: Temperature [ITS-90, deg C]
# name 2 = c0S/m: Conductivity [S/m]
# name 3 = t190C: Temperature, 2 [ITS-90, deg C]
# name 4 = c1S/m: Conductivity, 2 [S/m]
# name 5 = sbeox0ML/L: Oxygen, SBE 43 [ml/l]
# name 6 = flECO-AFL: Fluorescence, Wetlab ECO-AFL/FL [mg/m^3]
# name 7 = bat: Beam Attenuation, Chelsea/Seatech/Wetlab CStar [1/m]
# name 8 = spar: SPAR/Surface Irradiance
# name 9 = latitude: Latitude [deg]
# name 10 = longitude: Longitude [deg]
# name 11 = timeY: Time, System [seconds]
# name 12 = timeJ: Julian Days
# name 13 = sal00: Salinity [PSU]
# name 14 = flag: flag
# span 0 =      2.000,   1507.000       
# span 1 =    -0.9163,     1.9741       
# span 2 =   2.763078,   3.064089       
# span 3 =    -0.9173,     1.9751       
# span 4 =   2.763781,   3.064365       
# span 5 =    4.37155,    7.81680       
# span 6 =    -0.1074,     0.4601       
# span 7 =    13.8155,    13.8155       
# span 8 = 0.0000e+00, 0.0000e+00       
# span 9 =  -60.61667,  -60.61667       
# span 10 =  -54.15050,  -54.15050      
# span 11 = 1153557946, 1153560017      
# span 12 = 203.365132, 203.389114      
# span 13 =    34.1500,    34.7272      
# span 14 = 0.0000e+00, 0.0000e+00      
# interval = decibars: 1                
# start_time = Jul 22 2006 08:45:25
# bad_flag = -9.990e-29
*END*
[from data line 386]
    387.000     1.8845   3.061924     1.8851   3.062224    4.49918    -0.0650    13.8155 0.0000e+00  -60.61667  -54.15050 1153558536 203.371969    34.7066 0.0000e+00
    388.000     1.8846   3.061974     1.8851   3.062269    4.50191    -0.0693    13.8155 0.0000e+00  -60.61667  -54.15050 1153558537 203.371986    34.7066 0.0000e+00
    389.000     1.8847   3.062025     1.8852   3.062325    4.50274    -0.0683    13.8155 0.0000e+00  -60.61667  -54.15050 1153558539 203.372003    34.7065 0.0000e+00
    390.000     1.8835   3.061976     1.8837   3.062259    4.50181    -0.0682    13.8155 0.0000e+00  -60.61667  -54.15050 1153558540 203.372019    34.7066 0.0000e+00
    391.000     1.8825   3.061951     1.8831   3.062239    4.50007    -0.0619    13.8155 0.0000e+00  -60.61667  -54.15050 1153558541 203.372034    34.7068 0.0000e+00
    392.000     1.8826   3.062003     1.8831   3.062301    4.49892    -0.0698    13.8155 0.0000e+00  -60.61667  -54.15050 1153558543 203.372046    34.7068 0.0000e+00
    393.000     1.8820   3.062011     1.8825   3.062303    4.50231    -0.0734    13.8155 0.0000e+00  -60.61667  -54.15050 1153558544 203.372058    34.7069 0.0000e+00
    394.000     1.8805   3.061937     1.8809   3.062226    4.50509    -0.0533    13.8155 0.0000e+00  -60.61667  -54.15050 1153558545 203.372070    34.7071 0.0000e+00
    395.000     1.8774   3.061726     1.8782   3.062070    4.50565    -0.0658    13.8155 0.0000e+00  -60.61667  -54.15050 1153558546 203.372084    34.7074 0.0000e+00
    396.000     1.8736   3.061497     1.8741   3.061803    4.50614    -0.0668    13.8155 0.0000e+00  -60.61667  -54.15050 1153558547 203.372098    34.7082 0.0000e+00
    397.000     1.8706   3.061309     1.8709   3.061606    4.50669    -0.0709    13.8155 0.0000e+00  -60.61667  -54.15050 1153558548 203.372112    34.7086 0.0000e+00
    398.000     1.8690   3.061231     1.8695   3.061539    4.50718    -0.0650    13.8155 0.0000e+00  -60.61667  -54.15050 1153558549 203.372126    34.7088 0.0000e+00
    399.000     1.8689   3.061266     1.8693   3.061569    4.50805    -0.0684    13.8155 0.0000e+00  -60.61667  -54.15050 1153558551 203.372143    34.7088 0.0000e+00
    400.000     1.8677   3.061223     1.8682   3.061535    4.51093    -0.0684    13.8155 0.0000e+00  -60.61667  -54.15050 1153558553 203.372164    34.7089 0.0000e+00
    401.000     1.8669   3.061208     1.8674   3.061513    4.51447    -0.0634    13.8155 0.0000e+00  -60.61667  -54.15050 1153558554 203.372182    34.7089 0.0000e+00
    402.000     1.8660   3.061191     1.8665   3.061497    4.51542    -0.0634    13.8155 0.0000e+00  -60.61667  -54.15050 1153558555 203.372196    34.7092 0.0000e+00
    403.000     1.8661   3.061240     1.8664   3.061540    4.51589    -0.0786    13.8155 0.0000e+00  -60.61667  -54.15050 1153558556 203.372206    34.7091 0.0000e+00
    404.000     1.8660   3.061290     1.8664   3.061591    4.51630    -0.0706    13.8155 0.0000e+00  -60.61667  -54.15050 1153558557 203.372216    34.7093 0.0000e+00
    405.000     1.8663   3.061341     1.8666   3.061645    4.51673    -0.0779    13.8155 0.0000e+00  -60.61667  -54.15050 1153558558 203.372227    34.7090 0.0000e+00
    406.000     1.8662   3.061391     1.8666   3.061688    4.51732    -0.0631    13.8155 0.0000e+00  -60.61667  -54.15050 1153558559 203.372239    34.7091 0.0000e+00
    407.000     1.8655   3.061375     1.8659   3.061679    4.51644    -0.0634    13.8155 0.0000e+00  -60.61667  -54.15050 1153558561 203.372256    34.7091 0.0000e+00
    408.000     1.8648   3.061387     1.8654   3.061688    4.51511    -0.0750    13.8155 0.0000e+00  -60.61667  -54.15050 1153558562 203.372273    34.7095 0.0000e+00
    409.000     1.8648   3.061414     1.8651   3.061711    4.51680    -0.0759    13.8155 0.0000e+00  -60.61667  -54.15050 1153558563 203.372287    34.7093 0.0000e+00
    410.000     1.8644   3.061437     1.8650   3.061743    4.51747    -0.0641    13.8155 0.0000e+00  -60.61667  -54.15050 1153558565 203.372301    34.7094 0.0000e+00
    411.000     1.8645   3.061483     1.8649   3.061778    4.51999    -0.0744    13.8155 0.0000e+00  -60.61667  -54.15050 1153558566 203.372319    34.7093 0.0000e+00
    412.000     1.8642   3.061504     1.8647   3.061815    4.51868    -0.0705    13.8155 0.0000e+00  -60.61667  -54.15050 1153558568 203.372340    34.7093 0.0000e+00
    413.000     1.8641   3.061552     1.8646   3.061858    4.51806    -0.0574    13.8155 0.0000e+00  -60.61667  -54.15050 1153558569 203.372356    34.7094 0.0000e+00
    414.000     1.8638   3.061574     1.8642   3.061873    4.51873    -0.0601    13.8155 0.0000e+00  -60.61667  -54.15050 1153558570 203.372368    34.7095 0.0000e+00
    415.000     1.8635   3.061591     1.8639   3.061900    4.51918    -0.0650    13.8155 0.0000e+00  -60.61667  -54.15050 1153558571 203.372379    34.7095 0.0000e+00
    416.000     1.8632   3.061631     1.8637   3.061934    4.51954    -0.0707    13.8155 0.0000e+00  -60.61667  -54.15050 1153558572 203.372390    34.7097 0.0000e+00
    417.000     1.8630   3.061667     1.8636   3.061967    4.52107    -0.0668    13.8155 0.0000e+00  -60.61667  -54.15050 1153558573 203.372400    34.7098 0.0000e+00
    418.000     1.8627   3.061678     1.8632   3.061979    4.52000    -0.0728    13.8155 0.0000e+00  -60.61667  -54.15050 1153558574 203.372411    34.7097 0.0000e+00
    419.000     1.8623   3.061688     1.8627   3.061991    4.51736    -0.0700    13.8155 0.0000e+00  -60.61667  -54.15050 1153558575 203.372424    34.7097 0.0000e+00
    420.000     1.8617   3.061689     1.8621   3.061988    4.51665    -0.0687    13.8155 0.0000e+00  -60.61667  -54.15050 1153558577 203.372443    34.7099 0.0000e+00
    421.000     1.8613   3.061697     1.8617   3.062000    4.52034    -0.0616    13.8155 0.0000e+00  -60.61667  -54.15050 1153558579 203.372467    34.7098 0.0000e+00
    422.000     1.8609   3.061728     1.8614   3.062020    4.52511    -0.0638    13.8155 0.0000e+00  -60.61667  -54.15050 1153558581 203.372487    34.7101 0.0000e+00
    423.000     1.8610   3.061784     1.8614   3.062076    4.52583    -0.0523    13.8155 0.0000e+00  -60.61667  -54.15050 1153558582 203.372501    34.7100 0.0000e+00
    424.000     1.8610   3.061829     1.8616   3.062137    4.52516    -0.0675    13.8155 0.0000e+00  -60.61667  -54.15050 1153558583 203.372512    34.7100 0.0000e+00
    425.000     1.8608   3.061851     1.8612   3.062153    4.52522    -0.0717    13.8155 0.0000e+00  -60.61667  -54.15050 1153558584 203.372523    34.7099 0.0000e+00
    426.000     1.8591   3.061767     1.8594   3.062063    4.52306    -0.0610    13.8155 0.0000e+00  -60.61667  -54.15050 1153558585 203.372534    34.7103 0.0000e+00
    427.000     1.8589   3.061787     1.8593   3.062087    4.52216    -0.0743    13.8155 0.0000e+00  -60.61667  -54.15050 1153558586 203.372548    34.7102 0.0000e+00
    428.000     1.8589   3.061829     1.8593   3.062123    4.52261    -0.0721    13.8155 0.0000e+00  -60.61667  -54.15050 1153558587 203.372561    34.7102 0.0000e+00
    429.000     1.8574   3.061768     1.8579   3.062078    4.52290    -0.0665    13.8155 0.0000e+00  -60.61667  -54.15050 1153558588 203.372574    34.7105 0.0000e+00
    430.000     1.8571   3.061796     1.8575   3.062091    4.52330    -0.0728    13.8155 0.0000e+00  -60.61667  -54.15050 1153558589 203.372586    34.7106 0.0000e+00
    431.000     1.8570   3.061833     1.8575   3.062125    4.52399    -0.0687    13.8155 0.0000e+00  -60.61667  -54.15050 1153558591 203.372601    34.7106 0.0000e+00
    432.000     1.8568   3.061854     1.8572   3.062153    4.52473    -0.0743    13.8155 0.0000e+00  -60.61667  -54.15050 1153558592 203.372624    34.7105 0.0000e+00
    433.000     1.8566   3.061881     1.8569   3.062181    4.52480    -0.0729    13.8155 0.0000e+00  -60.61667  -54.15050 1153558594 203.372644    34.7105 0.0000e+00
    434.000     1.8562   3.061901     1.8565   3.062195    4.52697    -0.0747    13.8155 0.0000e+00  -60.61667  -54.15050 1153558595 203.372657    34.7106 0.0000e+00
    435.000     1.8551   3.061872     1.8555   3.062173    4.52844    -0.0650    13.8155 0.0000e+00  -60.61667  -54.15050 1153558596 203.372669    34.7108 0.0000e+00
    436.000     1.8543   3.061853     1.8546   3.062149    4.53157    -0.0634    13.8155 0.0000e+00  -60.61667  -54.15050 1153558597 203.372681    34.7110 0.0000e+00
    437.000     1.8534   3.061838     1.8538   3.062153    4.53336    -0.0630    13.8155 0.0000e+00  -60.61667  -54.15050 1153558598 203.372693    34.7113 0.0000e+00
    438.000     1.8526   3.061830     1.8532   3.062135    4.53398    -0.0587    13.8155 0.0000e+00  -60.61667  -54.15050 1153558600 203.372707    34.7115 0.0000e+00
    439.000     1.8520   3.061824     1.8524   3.062126    4.53482    -0.0558    13.8155 0.0000e+00  -60.61667  -54.15050 1153558601 203.372721    34.7114 0.0000e+00
    440.000     1.8510   3.061792     1.8513   3.062103    4.53584    -0.0707    13.8155 0.0000e+00  -60.61667  -54.15050 1153558602 203.372738    34.7116 0.0000e+00
    441.000     1.8506   3.061814     1.8510   3.062119    4.53823    -0.0642    13.8155 0.0000e+00  -60.61667  -54.15050 1153558604 203.372754    34.7118 0.0000e+00
    442.000     1.8503   3.061829     1.8506   3.062138    4.53904    -0.0597    13.8155 0.0000e+00  -60.61667  -54.15050 1153558605 203.372766    34.7117 0.0000e+00
    443.000     1.8500   3.061867     1.8505   3.062166    4.53484    -0.0841    13.8155 0.0000e+00  -60.61667  -54.15050 1153558606 203.372778    34.7119 0.0000e+00
    444.000     1.8499   3.061905     1.8505   3.062210    4.53267    -0.0709    13.8155 0.0000e+00  -60.61667  -54.15050 1153558607 203.372789    34.7119 0.0000e+00
    445.000     1.8499   3.061946     1.8504   3.062245    4.53584    -0.0633    13.8155 0.0000e+00  -60.61667  -54.15050 1153558608 203.372803    34.7119 0.0000e+00
    446.000     1.8498   3.061985     1.8503   3.062288    4.53678    -0.0638    13.8155 0.0000e+00  -60.61667  -54.15050 1153558610 203.372826    34.7119 0.0000e+00
    447.000     1.8499   3.062040     1.8503   3.062343    4.53572    -0.0700    13.8155 0.0000e+00  -60.61667  -54.15050 1153558612 203.372849    34.7120 0.0000e+00
    448.000     1.8499   3.062094     1.8502   3.062393    4.53626    -0.0653    13.8155 0.0000e+00  -60.61667  -54.15050 1153558613 203.372862    34.7120 0.0000e+00
    449.000     1.8498   3.062139     1.8503   3.062439    4.53664    -0.0598    13.8155 0.0000e+00  -60.61667  -54.15050 1153558614 203.372873    34.7120 0.0000e+00
    450.000     1.8497   3.062173     1.8502   3.062473    4.53703    -0.0750    13.8155 0.0000e+00  -60.61667  -54.15050 1153558615 203.372882    34.7121 0.0000e+00
    451.000     1.8493   3.062180     1.8497   3.062487    4.53747    -0.0765    13.8155 0.0000e+00  -60.61667  -54.15050 1153558616 203.372893    34.7120 0.0000e+00
    452.000     1.8490   3.062211     1.8494   3.062513    4.53809    -0.0733    13.8155 0.0000e+00  -60.61667  -54.15050 1153558617 203.372908    34.7122 0.0000e+00
    453.000     1.8490   3.062256     1.8494   3.062560    4.53846    -0.0681    13.8155 0.0000e+00  -60.61667  -54.15050 1153558618 203.372925    34.7122 0.0000e+00
    454.000     1.8491   3.062309     1.8495   3.062616    4.53772    -0.0898    13.8155 0.0000e+00  -60.61667  -54.15050 1153558620 203.372940    34.7122 0.0000e+00
    455.000     1.8492   3.062364     1.8496   3.062662    4.53817    -0.0718    13.8155 0.0000e+00  -60.61667  -54.15050 1153558621 203.372954    34.7122 0.0000e+00
    456.000     1.8492   3.062414     1.8496   3.062716    4.53945    -0.0635    13.8155 0.0000e+00  -60.61667  -54.15050 1153558622 203.372969    34.7122 0.0000e+00
    457.000     1.8493   3.062459     1.8497   3.062768    4.54113    -0.0798    13.8155 0.0000e+00  -60.61667  -54.15050 1153558624 203.372983    34.7121 0.0000e+00
    458.000     1.8492   3.062501     1.8496   3.062814    4.54140    -0.0699    13.8155 0.0000e+00  -60.61667  -54.15050 1153558625 203.372996    34.7122 0.0000e+00
    459.000     1.8493   3.062557     1.8497   3.062857    4.54191    -0.0717    13.8155 0.0000e+00  -60.61667  -54.15050 1153558626 203.373009    34.7122 0.0000e+00
    460.000     1.8493   3.062595     1.8497   3.062901    4.54288    -0.0676    13.8155 0.0000e+00  -60.61667  -54.15050 1153558627 203.373027    34.7121 0.0000e+00
    461.000     1.8494   3.062645     1.8497   3.062949    4.54433    -0.0586    13.8155 0.0000e+00  -60.61667  -54.15050 1153558629 203.373051    34.7121 0.0000e+00
    462.000     1.8492   3.062683     1.8496   3.062990    4.54509    -0.0668    13.8155 0.0000e+00  -60.61667  -54.15050 1153558631 203.373067    34.7122 0.0000e+00
    463.000     1.8492   3.062734     1.8495   3.063034    4.54568    -0.0818    13.8155 0.0000e+00  -60.61667  -54.15050 1153558632 203.373077    34.7122 0.0000e+00
    464.000     1.8490   3.062762     1.8494   3.063067    4.54528    -0.0591    13.8155 0.0000e+00  -60.61667  -54.15050 1153558632 203.373087    34.7123 0.0000e+00
    465.000     1.8487   3.062783     1.8492   3.063099    4.54526    -0.0674    13.8155 0.0000e+00  -60.61667  -54.15050 1153558633 203.373096    34.7123 0.0000e+00
    466.000     1.8484   3.062801     1.8488   3.063107    4.54269    -0.0649    13.8155 0.0000e+00  -60.61667  -54.15050 1153558634 203.373107    34.7123 0.0000e+00
    467.000     1.8478   3.062814     1.8483   3.063113    4.54320    -0.0648    13.8155 0.0000e+00  -60.61667  -54.15050 1153558635 203.373121    34.7126 0.0000e+00
    468.000     1.8474   3.062814     1.8478   3.063119    4.54484    -0.0690    13.8155 0.0000e+00  -60.61667  -54.15050 1153558637 203.373141    34.7125 0.0000e+00
    469.000     1.8470   3.062829     1.8474   3.063134    4.54739    -0.0781    13.8155 0.0000e+00  -60.61667  -54.15050 1153558639 203.373166    34.7126 0.0000e+00
    470.000     1.8467   3.062853     1.8471   3.063165    4.54899    -0.0623    13.8155 0.0000e+00  -60.61667  -54.15050 1153558641 203.373186    34.7127 0.0000e+00
    471.000     1.8464   3.062879     1.8468   3.063179    4.54913    -0.0684    13.8155 0.0000e+00  -60.61667  -54.15050 1153558642 203.373198    34.7128 0.0000e+00
    472.000     1.8460   3.062891     1.8463   3.063200    4.54853    -0.0652    13.8155 0.0000e+00  -60.61667  -54.15050 1153558643 203.373209    34.7128 0.0000e+00
    473.000     1.8459   3.062939     1.8463   3.063252    4.54719    -0.0635    13.8155 0.0000e+00  -60.61667  -54.15050 1153558644 203.373219    34.7129 0.0000e+00
    474.000     1.8457   3.062967     1.8461   3.063268    4.54762    -0.0672    13.8155 0.0000e+00  -60.61667  -54.15050 1153558645 203.373230    34.7129 0.0000e+00
    475.000     1.8452   3.062963     1.8455   3.063264    4.54817    -0.0802    13.8155 0.0000e+00  -60.61667  -54.15050 1153558646 203.373242    34.7129 0.0000e+00
    476.000     1.8446   3.062956     1.8449   3.063271    4.54885    -0.0617    13.8155 0.0000e+00  -60.61667  -54.15050 1153558647 203.373258    34.7129 0.0000e+00
    477.000     1.8443   3.062987     1.8446   3.063288    4.55060    -0.0779    13.8155 0.0000e+00  -60.61667  -54.15050 1153558649 203.373274    34.7130 0.0000e+00
    478.000     1.8435   3.062961     1.8438   3.063266    4.55008    -0.0781    13.8155 0.0000e+00  -60.61667  -54.15050 1153558650 203.373291    34.7131 0.0000e+00
    479.000     1.8432   3.062989     1.8436   3.063292    4.54941    -0.0697    13.8155 0.0000e+00  -60.61667  -54.15050 1153558652 203.373309    34.7131 0.0000e+00
    480.000     1.8427   3.062997     1.8432   3.063307    4.55332    -0.0603    13.8155 0.0000e+00  -60.61667  -54.15050 1153558653 203.373329    34.7131 0.0000e+00
    481.000     1.8411   3.062921     1.8415   3.063235    4.55428    -0.0644    13.8155 0.0000e+00  -60.61667  -54.15050 1153558655 203.373343    34.7134 0.0000e+00
    482.000     1.8409   3.062954     1.8412   3.063263    4.55422    -0.0938    13.8155 0.0000e+00  -60.61667  -54.15050 1153558656 203.373354    34.7135 0.0000e+00
