product_data/regression_test/downloaded_data/MDGS/320620060703/ctd/adapted/heads_insert_p6620601.cnv
* Sea-Bird SBE 9 Data File:
* FileName = D:\Data\Raw\p6620601.dat
* Software Version Seasave Win32 V 5.32
* Temperature SN = 1649
* Conductivity SN = 1431
* Number of Bytes Per Scan = 37
* Number of Voltage Words = 5
* Number of Scans Averaged by the Deck Unit = 1
* NMEA Latitude = 64 38.17 S
* NMEA Longitude = 062 48.64 W
* NMEA UTC (Time) = 02:52:19
** Ship:   Nathaniel B. Palmer 
** Cruise:    NBP0606 
# nquan = 15
# nvalues = 369                         
# units = specified
# name 0 = prDM: Pressure, Digiquartz [db]
# name 1 = t090C: Temperature [ITS-90, deg C]
# name 2 = c0S/m: Conductivity [S/m]
# name 3 = t190C: Temperature, 2 [ITS-90, deg C]
# name 4 = c1S/m: Conductivity, 2 [S/m]
# name 5 = sbeox0ML/L: Oxygen, SBE 43 [ml/l]
# name 6 = flECO-AFL: Fluorescence, Wetlab ECO-AFL/FL [mg/m^3]
# name 7 = bat: Beam Attenuation, Chelsea/Seatech/Wetlab CStar [1/m]
# name 8 = spar: SPAR/Surface Irradiance
# name 9 = latitude: Latitude [deg]
# name 10 = longitude: Longitude [deg]
# name 11 = timeY: Time, System [seconds]
# name 12 = timeJ: Julian Days
# name 13 = sal00: Salinity [PSU]
# name 14 = flag: flag
# span 0 =      1.000,    369.000       
# span 1 =    -0.5687,     0.2459       
# span 2 =   2.794880,   2.893508       
# span 3 =    -0.5679,     0.2472       
# span 4 =   2.795450,   2.893811       
# span 5 =    5.84745,    6.86761       
# span 6 =    -0.1034,    -0.0196       
# span 7 =    13.8155,    13.8155       
# span 8 = 0.0000e+00, 0.0000e+00       
# span 9 =  -64.63617,  -64.63617       
# span 10 =  -62.81067,  -62.81067      
# span 11 = 1154141545, 1154142200      
# span 12 = 210.119717, 210.127344      
# span 13 =    34.1753,    34.4941      
# span 14 = 0.0000e+00, 0.0000e+00      
# interval = decibars: 1                
# start_time = Jul 29 2006 02:52:28
# bad_flag = -9.990e-29
*END*
[from data line 97]
     97.000    -0.5474   2.800273    -0.5457   2.800719    6.85575    -0.0546    13.8155 0.0000e+00  -64.63617  -62.81067 1154141758 210.122229    34.1795 0.0000e+00
     98.000    -0.5544   2.799725    -0.5555   2.799985    6.85914    -0.0590    13.8155 0.0000e+00  -64.63617  -62.81067 1154141760 210.122250    34.1795 0.0000e+00
     99.000    -0.5599   2.799344    -0.5595   2.799694    6.85876    -0.0626    13.8155 0.0000e+00  -64.63617  -62.81067 1154141762 210.122274    34.1800 0.0000e+00
    100.000    -0.5615   2.799277    -0.5609   2.799662    6.85913    -0.0519    13.8155 0.0000e+00  -64.63617  -62.81067 1154141764 210.122297    34.1803 0.0000e+00
    101.000    -0.5624   2.799225    -0.5609   2.799650    6.86703    -0.0411    13.8155 0.0000e+00  -64.63617  -62.81067 1154141766 210.122319    34.1799 0.0000e+00
    102.000    -0.5609   2.799399    -0.5603   2.799754    6.86761    -0.0561    13.8155 0.0000e+00  -64.63617  -62.81067 1154141768 210.122343    34.1797 0.0000e+00
    103.000    -0.5687   2.798792    -0.5679   2.799190    6.86759    -0.0446    13.8155 0.0000e+00  -64.63617  -62.81067 1154141770 210.122365    34.1799 0.0000e+00
    104.000    -0.5647   2.799189    -0.5630   2.799628    6.86359    -0.0480    13.8155 0.0000e+00  -64.63617  -62.81067 1154141772 210.122388    34.1801 0.0000e+00
    105.000    -0.5600   2.799661    -0.5548   2.800419    6.85800    -0.0453    13.8155 0.0000e+00  -64.63617  -62.81067 1154141774 210.122411    34.1802 0.0000e+00
    106.000    -0.5463   2.800974    -0.5451   2.801342    6.85345    -0.0437    13.8155 0.0000e+00  -64.63617  -62.81067 1154141775 210.122431    34.1815 0.0000e+00
    107.000    -0.5522   2.800427    -0.5506   2.800890    6.85340    -0.0374    13.8155 0.0000e+00  -64.63617  -62.81067 1154141777 210.122448    34.1802 0.0000e+00
    108.000    -0.5564   2.800072    -0.5541   2.800590    6.85403    -0.0424    13.8155 0.0000e+00  -64.63617  -62.81067 1154141778 210.122464    34.1799 0.0000e+00
    109.000    -0.5556   2.800227    -0.5543   2.800656    6.85339    -0.0310    13.8155 0.0000e+00  -64.63617  -62.81067 1154141780 210.122479    34.1804 0.0000e+00
    110.000    -0.5548   2.800380    -0.5544   2.800702    6.84627    -0.0352    13.8155 0.0000e+00  -64.63617  -62.81067 1154141781 210.122493    34.1809 0.0000e+00
    111.000    -0.5568   2.800236    -0.5578   2.800489    6.83176    -0.0700    13.8155 0.0000e+00  -64.63617  -62.81067 1154141782 210.122508    34.1806 0.0000e+00
    112.000    -0.5674   2.799335    -0.5662   2.799767    6.84632    -0.0445    13.8155 0.0000e+00  -64.63617  -62.81067 1154141783 210.122522    34.1802 0.0000e+00
    113.000    -0.5614   2.799959    -0.5620   2.800187    6.81029    -0.0465    13.8155 0.0000e+00  -64.63617  -62.81067 1154141784 210.122536    34.1811 0.0000e+00
    114.000    -0.5077   2.805182    -0.5027   2.805329    6.79938    -0.0569    13.8155 0.0000e+00  -64.63617  -62.81067 1154141786 210.122550    34.1902 0.0000e+00
    115.000    -0.4239   2.812581    -0.4328   2.812023    6.74147    -0.0318    13.8155 0.0000e+00  -64.63617  -62.81067 1154141787 210.122564    34.1899 0.0000e+00
    116.000    -0.4300   2.812393    -0.4182   2.813389    6.70221    -0.0448    13.8155 0.0000e+00  -64.63617  -62.81067 1154141788 210.122578    34.1961 0.0000e+00
    117.000    -0.3050   2.823863    -0.3158   2.822996    6.65715    -0.0330    13.8155 0.0000e+00  -64.63617  -62.81067 1154141789 210.122592    34.2036 0.0000e+00
    118.000    -0.3480   2.820136    -0.3451   2.820187    6.60227    -0.0531    13.8155 0.0000e+00  -64.63617  -62.81067 1154141791 210.122606    34.2057 0.0000e+00
    119.000    -0.1768   2.836286    -0.1737   2.836464    6.54006    -0.0479    13.8155 0.0000e+00  -64.63617  -62.81067 1154141792 210.122621    34.2224 0.0000e+00
    120.000    -0.1426   2.840192    -0.1381   2.840530    6.47652    -0.0729    13.8155 0.0000e+00  -64.63617  -62.81067 1154141793 210.122635    34.2362 0.0000e+00
    121.000    -0.0897   2.845453    -0.0874   2.845672    6.42326    -0.0521    13.8155 0.0000e+00  -64.63617  -62.81067 1154141794 210.122649    34.2452 0.0000e+00
    122.000    -0.0778   2.846796    -0.0765   2.847028    6.37799    -0.0361    13.8155 0.0000e+00  -64.63617  -62.81067 1154141796 210.122663    34.2501 0.0000e+00
    123.000    -0.0594   2.849141    -0.0559   2.849549    6.33578    -0.0616    13.8155 0.0000e+00  -64.63617  -62.81067 1154141797 210.122678    34.2609 0.0000e+00
    124.000    -0.0362   2.851641    -0.0389   2.851378    6.29758    -0.0499    13.8155 0.0000e+00  -64.63617  -62.81067 1154141798 210.122692    34.2679 0.0000e+00
    125.000    -0.0138   2.853998    -0.0120   2.854237    6.26638    -0.0353    13.8155 0.0000e+00  -64.63617  -62.81067 1154141799 210.122706    34.2736 0.0000e+00
    126.000    -0.0048   2.854959    -0.0038   2.855143    6.24435    -0.0576    13.8155 0.0000e+00  -64.63617  -62.81067 1154141800 210.122720    34.2763 0.0000e+00
    127.000     0.0019   2.855674     0.0028   2.855899    6.22492    -0.0462    13.8155 0.0000e+00  -64.63617  -62.81067 1154141802 210.122734    34.2783 0.0000e+00
    128.000     0.0023   2.855730     0.0055   2.856206    6.21333    -0.0471    13.8155 0.0000e+00  -64.63617  -62.81067 1154141803 210.122749    34.2788 0.0000e+00
    129.000     0.0045   2.855989     0.0063   2.856342    6.19932    -0.0711    13.8155 0.0000e+00  -64.63617  -62.81067 1154141804 210.122763    34.2798 0.0000e+00
    130.000     0.0114   2.856791     0.0126   2.857002    6.18763    -0.0476    13.8155 0.0000e+00  -64.63617  -62.81067 1154141805 210.122777    34.2826 0.0000e+00
    131.000     0.0264   2.858400     0.0282   2.858700    6.17783    -0.0523    13.8155 0.0000e+00  -64.63617  -62.81067 1154141807 210.122791    34.2864 0.0000e+00
    132.000     0.0366   2.859517     0.0379   2.859788    6.16564    -0.0448    13.8155 0.0000e+00  -64.63617  -62.81067 1154141808 210.122806    34.2894 0.0000e+00
    133.000     0.0430   2.860251     0.0446   2.860558    6.15057    -0.0686    13.8155 0.0000e+00  -64.63617  -62.81067 1154141809 210.122820    34.2916 0.0000e+00
    134.000     0.0493   2.860985     0.0518   2.861381    6.13962    -0.0643    13.8155 0.0000e+00  -64.63617  -62.81067 1154141810 210.122834    34.2939 0.0000e+00
    135.000     0.0520   2.861322     0.0534   2.861626    6.12522    -0.0468    13.8155 0.0000e+00  -64.63617  -62.81067 1154141811 210.122848    34.2949 0.0000e+00
    136.000     0.0626   2.862555     0.0627   2.862660    6.11602    -0.0682    13.8155 0.0000e+00  -64.63617  -62.81067 1154141813 210.122863    34.2991 0.0000e+00
    137.000     0.0740   2.863788     0.0724   2.863774    6.10468    -0.0452    13.8155 0.0000e+00  -64.63617  -62.81067 1154141814 210.122877    34.3015 0.0000e+00
    138.000     0.0859   2.865229     0.0895   2.865643    6.08761    -0.0445    13.8155 0.0000e+00  -64.63617  -62.81067 1154141815 210.122891    34.3073 0.0000e+00
    139.000     0.1017   2.866966     0.1006   2.866961    6.06764    -0.0669    13.8155 0.0000e+00  -64.63617  -62.81067 1154141816 210.122905    34.3115 0.0000e+00
    140.000     0.1100   2.867922     0.1098   2.868011    6.04787    -0.0715    13.8155 0.0000e+00  -64.63617  -62.81067 1154141818 210.122919    34.3142 0.0000e+00
    141.000     0.1133   2.868325     0.1144   2.868571    6.03736    -0.0408    13.8155 0.0000e+00  -64.63617  -62.81067 1154141819 210.122933    34.3155 0.0000e+00
    142.000     0.1274   2.869961     0.1311   2.870392    6.01692    -0.0373    13.8155 0.0000e+00  -64.63617  -62.81067 1154141820 210.122947    34.3210 0.0000e+00
    143.000     0.1683   2.874573     0.1764   2.875332    5.98611    -0.0466    13.8155 0.0000e+00  -64.63617  -62.81067 1154141821 210.122961    34.3351 0.0000e+00
    144.000     0.2166   2.880009     0.2173   2.880171    5.95320    -0.0651    13.8155 0.0000e+00  -64.63617  -62.81067 1154141822 210.122976    34.3503 0.0000e+00
    145.000     0.2195   2.880347     0.2201   2.880568    5.93038    -0.0259    13.8155 0.0000e+00  -64.63617  -62.81067 1154141824 210.122990    34.3511 0.0000e+00
    146.000     0.2160   2.879979     0.2196   2.880575    5.91469    -0.0580    13.8155 0.0000e+00  -64.63617  -62.81067 1154141825 210.123004    34.3503 0.0000e+00
    147.000     0.2129   2.879647     0.2146   2.879996    5.90917    -0.0549    13.8155 0.0000e+00  -64.63617  -62.81067 1154141826 210.123019    34.3494 0.0000e+00
    148.000     0.2132   2.879740     0.2153   2.880083    5.90337    -0.0584    13.8155 0.0000e+00  -64.63617  -62.81067 1154141827 210.123034    34.3502 0.0000e+00
    149.000     0.2233   2.881074     0.2265   2.881560    5.89582    -0.0651    13.8155 0.0000e+00  -64.63617  -62.81067 1154141829 210.123049    34.3561 0.0000e+00
    150.000     0.2304   2.882033     0.2284   2.881838    5.88884    -0.0465    13.8155 0.0000e+00  -64.63617  -62.81067 1154141830 210.123064    34.3598 0.0000e+00
    151.000     0.2284   2.881770     0.2305   2.882201    5.88301    -0.0462    13.8155 0.0000e+00  -64.63617  -62.81067 1154141831 210.123078    34.3586 0.0000e+00
    152.000     0.2285   2.881832     0.2300   2.882108    5.87057    -0.0674    13.8155 0.0000e+00  -64.63617  -62.81067 1154141833 210.123093    34.3585 0.0000e+00
    153.000     0.2425   2.884188     0.2437   2.884615    5.85991    -0.0700    13.8155 0.0000e+00  -64.63617  -62.81067 1154141834 210.123107    34.3742 0.0000e+00
    154.000     0.2459   2.884914     0.2472   2.885197    5.85327    -0.0510    13.8155 0.0000e+00  -64.63617  -62.81067 1154141835 210.123121    34.3786 0.0000e+00
    155.000     0.2398   2.884534     0.2408   2.884830    5.85140    -0.0393    13.8155 0.0000e+00  -64.63617  -62.81067 1154141836 210.123135    34.3802 0.0000e+00
    156.000     0.2358   2.884304     0.2372   2.884601    5.84889    -0.0817    13.8155 0.0000e+00  -64.63617  -62.81067 1154141837 210.123149    34.3814 0.0000e+00
    157.000     0.2339   2.884252     0.2350   2.884551    5.84745    -0.0565    13.8155 0.0000e+00  -64.63617  -62.81067 1154141839 210.123163    34.3824 0.0000e+00
    158.000     0.2330   2.884249     0.2342   2.884546    5.84933    -0.0558    13.8155 0.0000e+00  -64.63617  -62.81067 1154141840 210.123176    34.3829 0.0000e+00
    159.000     0.2318   2.884203     0.2331   2.884505    5.85173    -0.0542    13.8155 0.0000e+00  -64.63617  -62.81067 1154141841 210.123191    34.3831 0.0000e+00
    160.000     0.2301   2.884184     0.2316   2.884481    5.84966    -0.0583    13.8155 0.0000e+00  -64.63617  -62.81067 1154141842 210.123208    34.3842 0.0000e+00
    161.000     0.2146   2.883604     0.2163   2.883963    5.85193    -0.0619    13.8155 0.0000e+00  -64.63617  -62.81067 1154141844 210.123223    34.3938 0.0000e+00
    162.000     0.2049   2.883165     0.2070   2.883536    5.85514    -0.0683    13.8155 0.0000e+00  -64.63617  -62.81067 1154141845 210.123240    34.3985 0.0000e+00
    163.000     0.2043   2.883192     0.2053   2.883483    5.85879    -0.0677    13.8155 0.0000e+00  -64.63617  -62.81067 1154141847 210.123258    34.3990 0.0000e+00
    164.000     0.2016   2.883048     0.2026   2.883356    5.86325    -0.0402    13.8155 0.0000e+00  -64.63617  -62.81067 1154141848 210.123274    34.3994 0.0000e+00
    165.000     0.1956   2.882717     0.1966   2.883028    5.86893    -0.0669    13.8155 0.0000e+00  -64.63617  -62.81067 1154141849 210.123290    34.4013 0.0000e+00
    166.000     0.1915   2.882542     0.1927   2.882853    5.87213    -0.0598    13.8155 0.0000e+00  -64.63617  -62.81067 1154141851 210.123306    34.4030 0.0000e+00
    167.000     0.1869   2.882322     0.1876   2.882617    5.87244    -0.0625    13.8155 0.0000e+00  -64.63617  -62.81067 1154141852 210.123322    34.4047 0.0000e+00
    168.000     0.1760   2.881755     0.1763   2.882060    5.87807    -0.0596    13.8155 0.0000e+00  -64.63617  -62.81067 1154141854 210.123337    34.4089 0.0000e+00
    169.000     0.1573   2.880847     0.1581   2.881164    5.88606    -0.0494    13.8155 0.0000e+00  -64.63617  -62.81067 1154141855 210.123352    34.4179 0.0000e+00
    170.000     0.1554   2.881068     0.1564   2.881373    5.89020    -0.0594    13.8155 0.0000e+00  -64.63617  -62.81067 1154141856 210.123368    34.4222 0.0000e+00
    171.000     0.1501   2.880908     0.1519   2.881258    5.89336    -0.0688    13.8155 0.0000e+00  -64.63617  -62.81067 1154141858 210.123385    34.4246 0.0000e+00
    172.000     0.1416   2.880693     0.1425   2.881005    5.89295    -0.0647    13.8155 0.0000e+00  -64.63617  -62.81067 1154141859 210.123401    34.4316 0.0000e+00
    173.000     0.1407   2.880793     0.1417   2.881094    5.89562    -0.0618    13.8155 0.0000e+00  -64.63617  -62.81067 1154141860 210.123415    34.4331 0.0000e+00
    174.000     0.1403   2.880866     0.1413   2.881153    5.90100    -0.0574    13.8155 0.0000e+00  -64.63617  -62.81067 1154141862 210.123431    34.4335 0.0000e+00
    175.000     0.1372   2.880823     0.1389   2.881142    5.90658    -0.0768    13.8155 0.0000e+00  -64.63617  -62.81067 1154141863 210.123447    34.4360 0.0000e+00
    176.000     0.1373   2.880874     0.1381   2.881169    5.90718    -0.0656    13.8155 0.0000e+00  -64.63617  -62.81067 1154141864 210.123463    34.4359 0.0000e+00
    177.000     0.1370   2.880941     0.1379   2.881241    5.90823    -0.0553    13.8155 0.0000e+00  -64.63617  -62.81067 1154141866 210.123480    34.4364 0.0000e+00
    178.000     0.1369   2.880984     0.1376   2.881266    5.90822    -0.0562    13.8155 0.0000e+00  -64.63617  -62.81067 1154141867 210.123496    34.4364 0.0000e+00
    179.000     0.1370   2.881034     0.1377   2.881332    5.90882    -0.0645    13.8155 0.0000e+00  -64.63617  -62.81067 1154141869 210.123511    34.4362 0.0000e+00
    180.000     0.1350   2.880959     0.1365   2.881313    5.91089    -0.0733    13.8155 0.0000e+00  -64.63617  -62.81067 1154141870 210.123528    34.4369 0.0000e+00
    181.000     0.1330   2.880834     0.1342   2.881145    5.90976    -0.0432    13.8155 0.0000e+00  -64.63617  -62.81067 1154141871 210.123544    34.4368 0.0000e+00
    182.000     0.1330   2.880865     0.1342   2.881168    5.90770    -0.0631    13.8155 0.0000e+00  -64.63617  -62.81067 1154141873 210.123560    34.4366 0.0000e+00
    183.000     0.1331   2.880931     0.1348   2.881267    5.90802    -0.0590    13.8155 0.0000e+00  -64.63617  -62.81067 1154141874 210.123576    34.4366 0.0000e+00
    184.000     0.1352   2.881099     0.1362   2.881405    5.90845    -0.0451    13.8155 0.0000e+00  -64.63617  -62.81067 1154141876 210.123593    34.4358 0.0000e+00
    185.000     0.1329   2.881090     0.1315   2.881370    5.90744    -0.0609    13.8155 0.0000e+00  -64.63617  -62.81067 1154141877 210.123609    34.4377 0.0000e+00
    186.000     0.1269   2.881178     0.1280   2.881501    5.90808    -0.0662    13.8155 0.0000e+00  -64.63617  -62.81067 1154141878 210.123624    34.4452 0.0000e+00
    187.000     0.1194   2.881326     0.1200   2.881633    5.90924    -0.0748    13.8155 0.0000e+00  -64.63617  -62.81067 1154141880 210.123640    34.4551 0.0000e+00
    188.000     0.1157   2.881482     0.1166   2.881776    5.91188    -0.0783    13.8155 0.0000e+00  -64.63617  -62.81067 1154141881 210.123657    34.4608 0.0000e+00
    189.000     0.1154   2.881597     0.1163   2.881892    5.91216    -0.0331    13.8155 0.0000e+00  -64.63617  -62.81067 1154141883 210.123672    34.4619 0.0000e+00
    190.000     0.1158   2.881854     0.1167   2.882143    5.91169    -0.0564    13.8155 0.0000e+00  -64.63617  -62.81067 1154141884 210.123687    34.4642 0.0000e+00
    191.000     0.1160   2.882025     0.1169   2.882306    5.91334    -0.0621    13.8155 0.0000e+00  -64.63617  -62.81067 1154141885 210.123703    34.4655 0.0000e+00
