product_data/regression_test/downloaded_data/MDGS/320620060703/ctd/adapted/heads_insert_p6617401.cnv
* Sea-Bird SBE 9 Data File:
* FileName = D:\Data\Raw\p6617401.dat
* Software Version Seasave Win32 V 5.32
* Temperature SN = 1649
* Conductivity SN = 1431
* Number of Bytes Per Scan = 37
* Number of Voltage Words = 5
* Number of Scans Averaged by the Deck Unit = 1
* NMEA Latitude = 60 36.99 S
* NMEA Longitude = 054 54.62 W
* NMEA UTC (Time) = 23:13:02
** Ship:   Nathaniel B. Palmer 
** Cruise:    NBP0606 
# nquan = 15
# nvalues = 994                         
# units = specified
# name 0 = prDM: Pressure, Digiquartz [db]
# name 1 = t090C: Temperature [ITS-90, deg C]
# name 2 = c0S/m: Conductivity [S/m]
# name 3 = t190C: Temperature, 2 [ITS-90, deg C]
# name 4 = c1S/m: Conductivity, 2 [S/m]
# name 5 = sbeox0ML/L: Oxygen, SBE 43 [ml/l]
# name 6 = flECO-AFL: Fluorescence, Wetlab ECO-AFL/FL [mg/m^3]
# name 7 = bat: Beam Attenuation, Chelsea/Seatech/Wetlab CStar [1/m]
# name 8 = spar: SPAR/Surface Irradiance
# name 9 = latitude: Latitude [deg]
# name 10 = longitude: Longitude [deg]
# name 11 = timeY: Time, System [seconds]
# name 12 = timeJ: Julian Days
# name 13 = sal00: Salinity [PSU]
# name 14 = flag: flag
# span 0 =      8.000,   1001.000       
# span 1 =    -0.8628,     1.4277       
# span 2 =   2.764164,   3.025857       
# span 3 =    -0.8629,     1.4293       
# span 4 =   2.765015,   3.026225       
# span 5 =    4.88852,    7.87593       
# span 6 =    -0.0953,     0.4759       
# span 7 =    13.8155,    13.8155       
# span 8 = 0.0000e+00, 0.0000e+00       
# span 9 =  -60.61650,  -60.61650       
# span 10 =  -54.91033,  -54.91033      
# span 11 = 1153437191, 1153438662      
# span 12 = 201.967483, 201.984534      
# span 13 =    34.0998,    34.6919      
# span 14 = 0.0000e+00, 0.0000e+00      
# interval = decibars: 1                
# start_time = Jul 20 2006 23:13:11
# bad_flag = -9.990e-29
*END*
Pressure	Temperature	Conductivity	Temperature2	Conductivity2	Oxygen	Fluorescence	Beam Attenuation	SPAR	latitude	longitude	timeY	timeJ	Salinity	flag
      8.000    -0.8465   2.766216    -0.8446   2.767438    7.84660     0.2864    13.8155 0.0000e+00  -60.61650  -54.91033 1153437191 201.967483    34.1140 0.0000e+00
      9.000    -0.8469   2.766578    -0.8452   2.767580    7.84525     0.2812    13.8155 0.0000e+00  -60.61650  -54.91033 1153437191 201.967499    34.1168 0.0000e+00
     10.000    -0.8480   2.766565    -0.8486   2.767246    7.84498     0.2988    13.8155 0.0000e+00  -60.61650  -54.91033 1153437192 201.967521    34.1172 0.0000e+00
     11.000    -0.8489   2.766378    -0.8497   2.767028    7.85645     0.2975    13.8155 0.0000e+00  -60.61650  -54.91033 1153437196 201.967567    34.1150 0.0000e+00
     12.000    -0.8549   2.765406    -0.8540   2.766391    7.86282     0.2979    13.8155 0.0000e+00  -60.61650  -54.91033 1153437197 201.967586    34.1081 0.0000e+00
     13.000    -0.8628   2.764164    -0.8614   2.765139    7.87222     0.3280    13.8155 0.0000e+00  -60.61650  -54.91033 1153437200 201.967617    34.0998 0.0000e+00
     14.000    -0.8626   2.764282    -0.8629   2.765015    7.87580     0.2855    13.8155 0.0000e+00  -60.61650  -54.91033 1153437203 201.967652    34.1004 0.0000e+00
     15.000    -0.8609   2.764730    -0.8608   2.765447    7.87593     0.3001    13.8155 0.0000e+00  -60.61650  -54.91033 1153437204 201.967668    34.1040 0.0000e+00
     16.000    -0.8561   2.765658    -0.8569   2.766245    7.87259     0.2948    13.8155 0.0000e+00  -60.61650  -54.91033 1153437206 201.967691    34.1103 0.0000e+00
     17.000    -0.8502   2.766928    -0.8506   2.767462    7.86025     0.2850    13.8155 0.0000e+00  -60.61650  -54.91033 1153437211 201.967745    34.1204 0.0000e+00
     18.000    -0.8429   2.768385    -0.8429   2.769050    7.85323     0.2801    13.8155 0.0000e+00  -60.61650  -54.91033 1153437212 201.967753    34.1308 0.0000e+00
     19.000    -0.8385   2.769273    -0.8386   2.769946    7.84244     0.2713    13.8155 0.0000e+00  -60.61650  -54.91033 1153437213 201.967763    34.1371 0.0000e+00
     20.000    -0.8384   2.769331    -0.8384   2.769995    7.83422     0.2908    13.8155 0.0000e+00  -60.61650  -54.91033 1153437216 201.967802    34.1374 0.0000e+00
     21.000    -0.8360   2.769837    -0.8361   2.770497    7.82794     0.2621    13.8155 0.0000e+00  -60.61650  -54.91033 1153437219 201.967832    34.1408 0.0000e+00
     22.000    -0.8341   2.770198    -0.8344   2.770809    7.82300     0.2650    13.8155 0.0000e+00  -60.61650  -54.91033 1153437219 201.967842    34.1429 0.0000e+00
     23.000    -0.8342   2.770211    -0.8346   2.770824    7.82250     0.2825    13.8155 0.0000e+00  -60.61650  -54.91033 1153437221 201.967863    34.1427 0.0000e+00
     24.000    -0.8343   2.770234    -0.8337   2.770961    7.82269     0.2752    13.8155 0.0000e+00  -60.61650  -54.91033 1153437225 201.967909    34.1426 0.0000e+00
     25.000    -0.8309   2.770766    -0.8318   2.771283    7.81223     0.2827    13.8155 0.0000e+00  -60.61650  -54.91033 1153437227 201.967929    34.1452 0.0000e+00
     26.000    -0.8309   2.770818    -0.8321   2.771279    7.80404     0.2770    13.8155 0.0000e+00  -60.61650  -54.91033 1153437230 201.967960    34.1454 0.0000e+00
     27.000    -0.8255   2.771603    -0.8252   2.772270    7.80263     0.2531    13.8155 0.0000e+00  -60.61650  -54.91033 1153437231 201.967976    34.1492 0.0000e+00
     28.000    -0.8211   2.772284    -0.8208   2.772926    7.79881     0.2653    13.8155 0.0000e+00  -60.61650  -54.91033 1153437232 201.967987    34.1528 0.0000e+00
     29.000    -0.8187   2.772637    -0.8190   2.773199    7.79515     0.2910    13.8155 0.0000e+00  -60.61650  -54.91033 1153437235 201.968018    34.1542 0.0000e+00
     30.000    -0.8159   2.773145    -0.8147   2.773843    7.78594     0.2415    13.8155 0.0000e+00  -60.61650  -54.91033 1153437238 201.968062    34.1576 0.0000e+00
     31.000    -0.7989   2.775402    -0.7989   2.775949    7.78112     0.2379    13.8155 0.0000e+00  -60.61650  -54.91033 1153437239 201.968071    34.1670 0.0000e+00
     32.000    -0.7932   2.775993    -0.7927   2.776602    7.77076     0.2606    13.8155 0.0000e+00  -60.61650  -54.91033 1153437240 201.968083    34.1684 0.0000e+00
     33.000    -0.7965   2.775590    -0.7956   2.776249    7.75667     0.2913    13.8155 0.0000e+00  -60.61650  -54.91033 1153437244 201.968124    34.1664 0.0000e+00
     34.000    -0.7985   2.775401    -0.8007   2.775638    7.75088     0.2610    13.8155 0.0000e+00  -60.61650  -54.91033 1153437246 201.968151    34.1658 0.0000e+00
     35.000    -0.7851   2.777012    -0.7848   2.777599    7.74196     0.2802    13.8155 0.0000e+00  -60.61650  -54.91033 1153437248 201.968178    34.1715 0.0000e+00
     36.000    -0.7821   2.777410    -0.7817   2.778008    7.73685     0.2517    13.8155 0.0000e+00  -60.61650  -54.91033 1153437252 201.968214    34.1730 0.0000e+00
     37.000    -0.7815   2.777526    -0.7812   2.778120    7.73216     0.2301    13.8155 0.0000e+00  -60.61650  -54.91033 1153437253 201.968226    34.1733 0.0000e+00
     38.000    -0.7806   2.777644    -0.7802   2.778254    7.73035     0.2484    13.8155 0.0000e+00  -60.61650  -54.91033 1153437253 201.968235    34.1733 0.0000e+00
     39.000    -0.7822   2.777536    -0.7819   2.778128    7.73072     0.2557    13.8155 0.0000e+00  -60.61650  -54.91033 1153437254 201.968246    34.1731 0.0000e+00
     40.000    -0.7826   2.777551    -0.7822   2.778148    7.72875     0.2624    13.8155 0.0000e+00  -60.61650  -54.91033 1153437258 201.968293    34.1733 0.0000e+00
     41.000    -0.7822   2.777657    -0.7817   2.778248    7.72756     0.2528    13.8155 0.0000e+00  -60.61650  -54.91033 1153437261 201.968328    34.1737 0.0000e+00
     42.000    -0.7816   2.777804    -0.7807   2.778440    7.73189     0.2594    13.8155 0.0000e+00  -60.61650  -54.91033 1153437265 201.968366    34.1744 0.0000e+00
     43.000    -0.7808   2.777950    -0.7802   2.778551    7.73060     0.2386    13.8155 0.0000e+00  -60.61650  -54.91033 1153437266 201.968380    34.1748 0.0000e+00
     44.000    -0.7815   2.777920    -0.7810   2.778505    7.72917     0.2425    13.8155 0.0000e+00  -60.61650  -54.91033 1153437267 201.968390    34.1746 0.0000e+00
     45.000    -0.7828   2.777838    -0.7819   2.778482    7.72874     0.2497    13.8155 0.0000e+00  -60.61650  -54.91033 1153437268 201.968400    34.1745 0.0000e+00
     46.000    -0.7822   2.777967    -0.7814   2.778571    7.73054     0.2595    13.8155 0.0000e+00  -60.61650  -54.91033 1153437270 201.968424    34.1748 0.0000e+00
     47.000    -0.7818   2.778048    -0.7813   2.778625    7.73429     0.2333    13.8155 0.0000e+00  -60.61650  -54.91033 1153437275 201.968488    34.1749 0.0000e+00
     48.000    -0.7805   2.778301    -0.7796   2.778892    7.73224     0.2384    13.8155 0.0000e+00  -60.61650  -54.91033 1153437276 201.968501    34.1759 0.0000e+00
     49.000    -0.7762   2.778774    -0.7753   2.779355    7.72746     0.2448    13.8155 0.0000e+00  -60.61650  -54.91033 1153437278 201.968516    34.1770 0.0000e+00
     50.000    -0.7713   2.779309    -0.7704   2.779895    7.72125     0.2610    13.8155 0.0000e+00  -60.61650  -54.91033 1153437280 201.968538    34.1780 0.0000e+00
     51.000    -0.7697   2.779536    -0.7689   2.780115    7.71797     0.2488    13.8155 0.0000e+00  -60.61650  -54.91033 1153437283 201.968577    34.1786 0.0000e+00
     52.000    -0.7693   2.779639    -0.7681   2.780231    7.71845     0.2316    13.8155 0.0000e+00  -60.61650  -54.91033 1153437284 201.968593    34.1791 0.0000e+00
     53.000    -0.7660   2.780007    -0.7651   2.780585    7.71766     0.2498    13.8155 0.0000e+00  -60.61650  -54.91033 1153437286 201.968607    34.1795 0.0000e+00
     54.000    -0.7654   2.780127    -0.7644   2.780684    7.71439     0.2595    13.8155 0.0000e+00  -60.61650  -54.91033 1153437290 201.968659    34.1800 0.0000e+00
     55.000    -0.7609   2.780631    -0.7597   2.781217    7.71605     0.2386    13.8155 0.0000e+00  -60.61650  -54.91033 1153437292 201.968679    34.1811 0.0000e+00
     56.000    -0.7561   2.781157    -0.7553   2.781698    7.71240     0.2560    13.8155 0.0000e+00  -60.61650  -54.91033 1153437293 201.968694    34.1820 0.0000e+00
     57.000    -0.7547   2.781352    -0.7536   2.781924    7.70944     0.2393    13.8155 0.0000e+00  -60.61650  -54.91033 1153437294 201.968709    34.1824 0.0000e+00
     58.000    -0.7539   2.781462    -0.7527   2.782052    7.70480     0.2577    13.8155 0.0000e+00  -60.61650  -54.91033 1153437296 201.968727    34.1824 0.0000e+00
     59.000    -0.7531   2.781594    -0.7513   2.782219    7.69843     0.2654    13.8155 0.0000e+00  -60.61650  -54.91033 1153437301 201.968781    34.1828 0.0000e+00
     60.000    -0.7514   2.781796    -0.7504   2.782352    7.69614     0.2547    13.8155 0.0000e+00  -60.61650  -54.91033 1153437302 201.968803    34.1830 0.0000e+00
     61.000    -0.7508   2.781899    -0.7498   2.782455    7.69957     0.2589    13.8155 0.0000e+00  -60.61650  -54.91033 1153437305 201.968827    34.1831 0.0000e+00
     62.000    -0.7504   2.781982    -0.7495   2.782533    7.69787     0.2653    13.8155 0.0000e+00  -60.61650  -54.91033 1153437307 201.968850    34.1832 0.0000e+00
     63.000    -0.7492   2.782140    -0.7485   2.782661    7.69600     0.2588    13.8155 0.0000e+00  -60.61650  -54.91033 1153437308 201.968865    34.1834 0.0000e+00
     64.000    -0.7487   2.782220    -0.7477   2.782769    7.69044     0.2758    13.8155 0.0000e+00  -60.61650  -54.91033 1153437310 201.968889    34.1833 0.0000e+00
     65.000    -0.7483   2.782309    -0.7476   2.782832    7.68258     0.2613    13.8155 0.0000e+00  -60.61650  -54.91033 1153437313 201.968923    34.1835 0.0000e+00
     66.000    -0.7480   2.782395    -0.7470   2.782938    7.68200     0.2765    13.8155 0.0000e+00  -60.61650  -54.91033 1153437315 201.968942    34.1836 0.0000e+00
     67.000    -0.7475   2.782481    -0.7465   2.783023    7.68163     0.2914    13.8155 0.0000e+00  -60.61650  -54.91033 1153437318 201.968984    34.1836 0.0000e+00
     68.000    -0.7469   2.782591    -0.7460   2.783117    7.68255     0.2700    13.8155 0.0000e+00  -60.61650  -54.91033 1153437320 201.969008    34.1838 0.0000e+00
     69.000    -0.7462   2.782726    -0.7450   2.783263    7.68019     0.2605    13.8155 0.0000e+00  -60.61650  -54.91033 1153437321 201.969020    34.1842 0.0000e+00
     70.000    -0.7458   2.782796    -0.7448   2.783339    7.67932     0.2608    13.8155 0.0000e+00  -60.61650  -54.91033 1153437322 201.969030    34.1841 0.0000e+00
     71.000    -0.7454   2.782882    -0.7444   2.783415    7.67881     0.2853    13.8155 0.0000e+00  -60.61650  -54.91033 1153437323 201.969041    34.1842 0.0000e+00
     72.000    -0.7454   2.782937    -0.7443   2.783488    7.67779     0.2988    13.8155 0.0000e+00  -60.61650  -54.91033 1153437329 201.969105    34.1844 0.0000e+00
     73.000    -0.7437   2.783167    -0.7418   2.783766    7.67632     0.2864    13.8155 0.0000e+00  -60.61650  -54.91033 1153437330 201.969122    34.1848 0.0000e+00
     74.000    -0.7355   2.784045    -0.7343   2.784583    7.67339     0.2896    13.8155 0.0000e+00  -60.61650  -54.91033 1153437331 201.969131    34.1868 0.0000e+00
     75.000    -0.7327   2.784396    -0.7313   2.784948    7.66914     0.3056    13.8155 0.0000e+00  -60.61650  -54.91033 1153437334 201.969162    34.1875 0.0000e+00
     76.000    -0.7303   2.784720    -0.7287   2.785239    7.66385     0.2872    13.8155 0.0000e+00  -60.61650  -54.91033 1153437336 201.969186    34.1888 0.0000e+00
     77.000    -0.7274   2.785031    -0.7262   2.785558    7.65880     0.2922    13.8155 0.0000e+00  -60.61650  -54.91033 1153437337 201.969206    34.1889 0.0000e+00
     78.000    -0.7305   2.784786    -0.7306   2.785167    7.65515     0.2783    13.8155 0.0000e+00  -60.61650  -54.91033 1153437343 201.969275    34.1892 0.0000e+00
     79.000    -0.7068   2.787289    -0.7078   2.787527    7.64801     0.2782    13.8155 0.0000e+00  -60.61650  -54.91033 1153437344 201.969281    34.1960 0.0000e+00
     80.000    -0.7035   2.787669    -0.7024   2.788169    7.64131     0.2701    13.8155 0.0000e+00  -60.61650  -54.91033 1153437345 201.969289    34.1952 0.0000e+00
     81.000    -0.7016   2.787922    -0.7006   2.788401    7.63397     0.2703    13.8155 0.0000e+00  -60.61650  -54.91033 1153437345 201.969297    34.1957 0.0000e+00
     82.000    -0.6987   2.788262    -0.6978   2.788732    7.62972     0.2847    13.8155 0.0000e+00  -60.61650  -54.91033 1153437346 201.969305    34.1965 0.0000e+00
     83.000    -0.7050   2.787639    -0.7031   2.788232    7.62814     0.2742    13.8155 0.0000e+00  -60.61650  -54.91033 1153437350 201.969357    34.1951 0.0000e+00
     84.000    -0.7077   2.787459    -0.7052   2.788059    7.62937     0.2817    13.8155 0.0000e+00  -60.61650  -54.91033 1153437354 201.969403    34.1956 0.0000e+00
     85.000    -0.6950   2.788826    -0.6936   2.789313    7.62190     0.2689    13.8155 0.0000e+00  -60.61650  -54.91033 1153437355 201.969409    34.1988 0.0000e+00
     86.000    -0.6835   2.790034    -0.6831   2.790445    7.61343     0.2661    13.8155 0.0000e+00  -60.61650  -54.91033 1153437355 201.969416    34.2011 0.0000e+00
     87.000    -0.6726   2.791213    -0.6716   2.791665    7.59953     0.2704    13.8155 0.0000e+00  -60.61650  -54.91033 1153437357 201.969430    34.2036 0.0000e+00
     88.000    -0.6980   2.788565    -0.6970   2.789049    7.56717     0.2670    13.8155 0.0000e+00  -60.61650  -54.91033 1153437363 201.969498    34.1969 0.0000e+00
     89.000    -0.6548   2.793311    -0.6605   2.792733    7.53668     0.2735    13.8155 0.0000e+00  -60.61650  -54.91033 1153437364 201.969512    34.2126 0.0000e+00
     90.000    -0.5403   2.805077    -0.5354   2.805838    7.47519     0.2818    13.8155 0.0000e+00  -60.61650  -54.91033 1153437365 201.969532    34.2360 0.0000e+00
     91.000    -0.5132   2.808078    -0.5108   2.808550    7.42233     0.2617    13.8155 0.0000e+00  -60.61650  -54.91033 1153437367 201.969551    34.2449 0.0000e+00
     92.000    -0.5250   2.806797    -0.5290   2.806723    7.37437     0.2641    13.8155 0.0000e+00  -60.61650  -54.91033 1153437371 201.969591    34.2420 0.0000e+00
     93.000    -0.5369   2.805832    -0.5362   2.805926    7.34274     0.2418    13.8155 0.0000e+00  -60.61650  -54.91033 1153437375 201.969639    34.2449 0.0000e+00
     94.000    -0.4932   2.810225    -0.4927   2.810481    7.32504     0.2301    13.8155 0.0000e+00  -60.61650  -54.91033 1153437375 201.969647    34.2517 0.0000e+00
     95.000    -0.4646   2.813380    -0.4658   2.813269    7.29927     0.2390    13.8155 0.0000e+00  -60.61650  -54.91033 1153437376 201.969655    34.2613 0.0000e+00
     96.000    -0.4147   2.818473    -0.4133   2.818688    7.27341     0.2369    13.8155 0.0000e+00  -60.61650  -54.91033 1153437377 201.969663    34.2709 0.0000e+00
     97.000    -0.4246   2.817420    -0.4224   2.817827    7.24318     0.2584    13.8155 0.0000e+00  -60.61650  -54.91033 1153437380 201.969700    34.2683 0.0000e+00
     98.000    -0.4397   2.815904    -0.4349   2.816543    7.21223     0.2596    13.8155 0.0000e+00  -60.61650  -54.91033 1153437383 201.969740    34.2660 0.0000e+00
     99.000    -0.3672   2.823510    -0.3630   2.823885    7.18506     0.2523    13.8155 0.0000e+00  -60.61650  -54.91033 1153437384 201.969747    34.2838 0.0000e+00
    100.000    -0.3687   2.823217    -0.3662   2.823649    7.15531     0.2468    13.8155 0.0000e+00  -60.61650  -54.91033 1153437386 201.969771    34.2808 0.0000e+00
    101.000    -0.3966   2.820442    -0.3812   2.822088    7.09593     0.2234    13.8155 0.0000e+00  -60.61650  -54.91033 1153437391 201.969823    34.2772 0.0000e+00
    102.000    -0.3177   2.828571    -0.3132   2.828958    7.06556     0.2165    13.8155 0.0000e+00  -60.61650  -54.91033 1153437391 201.969832    34.2941 0.0000e+00
