product_data/regression_test/downloaded_data/MDGS/320620060703/ctd/adapted/heads_insert_p6614601.cnv
* Sea-Bird SBE 9 Data File:
* FileName = D:\Data\Raw\p6614601.dat
* Software Version Seasave Win32 V 5.32
* Temperature SN = 1649
* Conductivity SN = 1431
* Number of Bytes Per Scan = 37
* Number of Voltage Words = 5
* Number of Scans Averaged by the Deck Unit = 1
* NMEA Latitude = 60 16.55 S
* NMEA Longitude = 057 27.03 W
* NMEA UTC (Time) = 17:19:00
** Ship:   Nathaniel B. Palmer 
** Cruise:    NBP0606 
# nquan = 15
# nvalues = 990                         
# units = specified
# name 0 = prDM: Pressure, Digiquartz [db]
# name 1 = t090C: Temperature [ITS-90, deg C]
# name 2 = c0S/m: Conductivity [S/m]
# name 3 = t190C: Temperature, 2 [ITS-90, deg C]
# name 4 = c1S/m: Conductivity, 2 [S/m]
# name 5 = sbeox0ML/L: Oxygen, SBE 43 [ml/l]
# name 6 = flECO-AFL: Fluorescence, Wetlab ECO-AFL/FL [mg/m^3]
# name 7 = bat: Beam Attenuation, Chelsea/Seatech/Wetlab CStar [1/m]
# name 8 = spar: SPAR/Surface Irradiance
# name 9 = latitude: Latitude [deg]
# name 10 = longitude: Longitude [deg]
# name 11 = timeY: Time, System [seconds]
# name 12 = timeJ: Julian Days
# name 13 = sal00: Salinity [PSU]
# name 14 = flag: flag
# span 0 =     13.000,   1002.000       
# span 1 =    -0.7139,     2.1226       
# span 2 =   2.759379,   3.085895       
# span 3 =    -0.7141,     2.1230       
# span 4 =   2.760077,   3.068838       
# span 5 =    4.32519,    8.00897       
# span 6 =    -0.0934,     0.1964       
# span 7 =    13.8155,    13.8155       
# span 8 = 5.3658e+01, 9.3179e+01       
# span 9 =  -60.27583,  -60.27583       
# span 10 =  -57.45050,  -57.45050      
# span 11 = 1153156743, 1153158224      
# span 12 = 198.721578, 198.738724      
# span 13 =    33.8646,    34.7199      
# span 14 = 0.0000e+00, 0.0000e+00      
# interval = decibars: 1                
# start_time = Jul 17 2006 17:19:09
# bad_flag = -9.990e-29
*END*
[from data line 386]
    398.000     2.1143   3.072952     2.1150   3.056435    4.33488    -0.0696    13.8155 7.9934e+01  -60.27583  -57.45050 1153157447 198.729735    34.5876 0.0000e+00
    399.000     2.1150   3.073141     2.1155   3.056600    4.33430    -0.0519    13.8155 -9.990e-29  -60.27583  -57.45050 1153157448 198.729748    34.5885 0.0000e+00
    400.000     2.1150   3.073177     2.1155   3.056652    4.33504    -0.0540    13.8155 -9.990e-29  -60.27583  -57.45050 1153157449 198.729761    34.5885 0.0000e+00
    401.000     2.1150   3.073219     2.1155   3.056700    4.33712    -0.0662    13.8155 8.1466e+01  -60.27583  -57.45050 1153157451 198.729780    34.5884 0.0000e+00
    402.000     2.1150   3.073256     2.1155   3.056714    4.33875    -0.0586    13.8155 8.1224e+01  -60.27583  -57.45050 1153157453 198.729800    34.5883 0.0000e+00
    403.000     2.1146   3.073255     2.1152   3.056698    4.33740    -0.0701    13.8155 8.0281e+01  -60.27583  -57.45050 1153157454 198.729812    34.5882 0.0000e+00
    404.000     2.1146   3.073284     2.1151   3.056724    4.33662    -0.0655    13.8155 8.1537e+01  -60.27583  -57.45050 1153157454 198.729822    34.5882 0.0000e+00
    405.000     2.1145   3.073353     2.1150   3.056781    4.33727    -0.0613    13.8155 8.1179e+01  -60.27583  -57.45050 1153157455 198.729831    34.5884 0.0000e+00
    406.000     2.1144   3.073392     2.1149   3.056863    4.33596    -0.0569    13.8155 -9.990e-29  -60.27583  -57.45050 1153157456 198.729841    34.5885 0.0000e+00
    407.000     2.1143   3.073386     2.1148   3.056851    4.33625    -0.0653    13.8155 -9.990e-29  -60.27583  -57.45050 1153157458 198.729862    34.5880 0.0000e+00
    408.000     2.1144   3.073419     2.1149   3.056870    4.33754    -0.0616    13.8155 -9.990e-29  -60.27583  -57.45050 1153157460 198.729890    34.5877 0.0000e+00
    409.000     2.1143   3.073440     2.1149   3.056873    4.33680    -0.0606    13.8155 -9.990e-29  -60.27583  -57.45050 1153157461 198.729903    34.5876 0.0000e+00
    410.000     2.1143   3.073470     2.1147   3.056897    4.33885    -0.0483    13.8155 -9.990e-29  -60.27583  -57.45050 1153157462 198.729914    34.5874 0.0000e+00
    411.000     2.1139   3.073514     2.1144   3.056948    4.33992    -0.0510    13.8155 8.1683e+01  -60.27583  -57.45050 1153157463 198.729924    34.5879 0.0000e+00
    412.000     2.1140   3.073610     2.1145   3.057045    4.33751    -0.0586    13.8155 8.1825e+01  -60.27583  -57.45050 1153157464 198.729934    34.5884 0.0000e+00
    413.000     2.1146   3.073769     2.1150   3.057192    4.33757    -0.0635    13.8155 8.3174e+01  -60.27583  -57.45050 1153157465 198.729943    34.5891 0.0000e+00
    414.000     2.1152   3.073963     2.1157   3.057388    4.33775    -0.0580    13.8155 8.4019e+01  -60.27583  -57.45050 1153157466 198.729953    34.5903 0.0000e+00
    415.000     2.1154   3.074031     2.1159   3.057474    4.33692    -0.0669    13.8155 8.4902e+01  -60.27583  -57.45050 1153157468 198.729975    34.5903 0.0000e+00
    416.000     2.1150   3.074002     2.1156   3.057421    4.33376    -0.0545    13.8155 -9.990e-29  -60.27583  -57.45050 1153157471 198.730011    34.5900 0.0000e+00
    417.000     2.1167   3.074389     2.1173   3.057782    4.33224    -0.0544    13.8155 8.4127e+01  -60.27583  -57.45050 1153157472 198.730022    34.5923 0.0000e+00
    418.000     2.1172   3.074511     2.1178   3.057915    4.33221    -0.0518    13.8155 8.3622e+01  -60.27583  -57.45050 1153157472 198.730031    34.5927 0.0000e+00
    419.000     2.1176   3.074593     2.1180   3.057973    4.33108    -0.0574    13.8155 8.3541e+01  -60.27583  -57.45050 1153157473 198.730039    34.5927 0.0000e+00
    420.000     2.1179   3.074700     2.1183   3.058098    4.32982    -0.0528    13.8155 8.3659e+01  -60.27583  -57.45050 1153157474 198.730047    34.5932 0.0000e+00
    421.000     2.1179   3.074755     2.1183   3.058189    4.33041    -0.0528    13.8155 8.4476e+01  -60.27583  -57.45050 1153157475 198.730057    34.5934 0.0000e+00
    422.000     2.1179   3.074824     2.1184   3.058252    4.33259    -0.0439    13.8155 8.5696e+01  -60.27583  -57.45050 1153157476 198.730071    34.5936 0.0000e+00
    423.000     2.1182   3.074910     2.1186   3.058348    4.33387    -0.0618    13.8155 -9.990e-29  -60.27583  -57.45050 1153157477 198.730087    34.5939 0.0000e+00
    424.000     2.1182   3.074974     2.1187   3.058395    4.33205    -0.0749    13.8155 -9.990e-29  -60.27583  -57.45050 1153157479 198.730105    34.5940 0.0000e+00
    425.000     2.1183   3.075016     2.1187   3.058447    4.33042    -0.0679    13.8155 8.5718e+01  -60.27583  -57.45050 1153157481 198.730126    34.5940 0.0000e+00
    426.000     2.1183   3.075070     2.1188   3.058477    4.32907    -0.0619    13.8155 8.5718e+01  -60.27583  -57.45050 1153157483 198.730148    34.5941 0.0000e+00
    427.000     2.1183   3.075121     2.1188   3.058519    4.33191    -0.0757    13.8155 8.5713e+01  -60.27583  -57.45050 1153157484 198.730162    34.5941 0.0000e+00
    428.000     2.1184   3.075195     2.1189   3.058581    4.33333    -0.0734    13.8155 8.5528e+01  -60.27583  -57.45050 1153157485 198.730173    34.5943 0.0000e+00
    429.000     2.1185   3.075282     2.1190   3.058666    4.33343    -0.0401    13.8155 8.5604e+01  -60.27583  -57.45050 1153157485 198.730182    34.5947 0.0000e+00
    430.000     2.1188   3.075386     2.1194   3.058762    4.33353    -0.0761    13.8155 8.5827e+01  -60.27583  -57.45050 1153157486 198.730190    34.5951 0.0000e+00
    431.000     2.1190   3.075462     2.1195   3.058855    4.33360    -0.0726    13.8155 8.5721e+01  -60.27583  -57.45050 1153157487 198.730199    34.5954 0.0000e+00
    432.000     2.1192   3.075557     2.1196   3.058964    4.33393    -0.0644    13.8155 8.6698e+01  -60.27583  -57.45050 1153157488 198.730209    34.5958 0.0000e+00
    433.000     2.1195   3.075676     2.1201   3.059091    4.33284    -0.0682    13.8155 8.5793e+01  -60.27583  -57.45050 1153157490 198.730234    34.5963 0.0000e+00
    434.000     2.1193   3.075715     2.1200   3.059075    4.33429    -0.0549    13.8155 8.5954e+01  -60.27583  -57.45050 1153157493 198.730265    34.5966 0.0000e+00
    435.000     2.1208   3.076122     2.1212   3.059492    4.33241    -0.0661    13.8155 8.5526e+01  -60.27583  -57.45050 1153157494 198.730275    34.5994 0.0000e+00
    436.000     2.1209   3.076203     2.1212   3.059571    4.33179    -0.0772    13.8155 8.4224e+01  -60.27583  -57.45050 1153157494 198.730284    34.5997 0.0000e+00
    437.000     2.1209   3.076275     2.1212   3.059651    4.33090    -0.0523    13.8155 8.4483e+01  -60.27583  -57.45050 1153157495 198.730293    34.6000 0.0000e+00
    438.000     2.1208   3.076373     2.1214   3.059770    4.32980    -0.0620    13.8155 8.5011e+01  -60.27583  -57.45050 1153157496 198.730308    34.6008 0.0000e+00
    439.000     2.1209   3.076477     2.1212   3.059863    4.33285    -0.0666    13.8155 8.5582e+01  -60.27583  -57.45050 1153157498 198.730328    34.6015 0.0000e+00
    440.000     2.1209   3.076572     2.1215   3.059938    4.33324    -0.0671    13.8155 8.4232e+01  -60.27583  -57.45050 1153157499 198.730340    34.6022 0.0000e+00
    441.000     2.1210   3.076648     2.1215   3.060029    4.33327    -0.0662    13.8155 8.3772e+01  -60.27583  -57.45050 1153157500 198.730350    34.6024 0.0000e+00
    442.000     2.1212   3.076758     2.1216   3.060107    4.33224    -0.0575    13.8155 8.3475e+01  -60.27583  -57.45050 1153157501 198.730359    34.6030 0.0000e+00
    443.000     2.1212   3.076895     2.1216   3.060264    4.33126    -0.0619    13.8155 -9.990e-29  -60.27583  -57.45050 1153157502 198.730372    34.6041 0.0000e+00
    444.000     2.1213   3.076975     2.1218   3.060359    4.32927    -0.0526    13.8155 -9.990e-29  -60.27583  -57.45050 1153157504 198.730395    34.6044 0.0000e+00
    445.000     2.1213   3.077028     2.1218   3.060401    4.33079    -0.0656    13.8155 -9.990e-29  -60.27583  -57.45050 1153157505 198.730413    34.6046 0.0000e+00
    446.000     2.1213   3.077092     2.1217   3.060464    4.33206    -0.0567    13.8155 -9.990e-29  -60.27583  -57.45050 1153157507 198.730428    34.6049 0.0000e+00
    447.000     2.1213   3.077164     2.1219   3.060539    4.33306    -0.0622    13.8155 -9.990e-29  -60.27583  -57.45050 1153157508 198.730442    34.6051 0.0000e+00
    448.000     2.1213   3.077217     2.1218   3.060597    4.33425    -0.0679    13.8155 8.3975e+01  -60.27583  -57.45050 1153157509 198.730458    34.6053 0.0000e+00
    449.000     2.1213   3.077279     2.1218   3.060651    4.33581    -0.0762    13.8155 8.2244e+01  -60.27583  -57.45050 1153157511 198.730474    34.6055 0.0000e+00
    450.000     2.1212   3.077413     2.1218   3.060740    4.33316    -0.0642    13.8155 8.1809e+01  -60.27583  -57.45050 1153157512 198.730488    34.6067 0.0000e+00
    451.000     2.1215   3.077672     2.1218   3.061004    4.33143    -0.0563    13.8155 8.1822e+01  -60.27583  -57.45050 1153157513 198.730498    34.6091 0.0000e+00
    452.000     2.1217   3.077731     2.1220   3.061065    4.32719    -0.0627    13.8155 8.1822e+01  -60.27583  -57.45050 1153157514 198.730506    34.6090 0.0000e+00
    453.000     2.1218   3.077782     2.1221   3.061132    4.32726    -0.0654    13.8155 -9.990e-29  -60.27583  -57.45050 1153157514 198.730514    34.6090 0.0000e+00
    454.000     2.1216   3.077891     2.1220   3.061268    4.32779    -0.0630    13.8155 8.1822e+01  -60.27583  -57.45050 1153157515 198.730526    34.6100 0.0000e+00
    455.000     2.1214   3.077923     2.1220   3.061241    4.32992    -0.0554    13.8155 8.0700e+01  -60.27583  -57.45050 1153157519 198.730569    34.6100 0.0000e+00
    456.000     2.1218   3.077974     2.1221   3.061301    4.32995    -0.0707    13.8155 7.9773e+01  -60.27583  -57.45050 1153157520 198.730579    34.6097 0.0000e+00
    457.000     2.1217   3.078064     2.1221   3.061403    4.32771    -0.0653    13.8155 7.9597e+01  -60.27583  -57.45050 1153157521 198.730589    34.6104 0.0000e+00
    458.000     2.1217   3.078137     2.1221   3.061473    4.32702    -0.0540    13.8155 7.9870e+01  -60.27583  -57.45050 1153157522 198.730599    34.6107 0.0000e+00
    459.000     2.1218   3.078199     2.1222   3.061531    4.32698    -0.0511    13.8155 7.9874e+01  -60.27583  -57.45050 1153157523 198.730610    34.6108 0.0000e+00
    460.000     2.1218   3.078269     2.1223   3.061611    4.32733    -0.0728    13.8155 7.9874e+01  -60.27583  -57.45050 1153157524 198.730623    34.6112 0.0000e+00
    461.000     2.1219   3.078318     2.1223   3.061666    4.32776    -0.0544    13.8155 7.9874e+01  -60.27583  -57.45050 1153157525 198.730637    34.6111 0.0000e+00
    462.000     2.1220   3.078376     2.1225   3.061727    4.32519    -0.0586    13.8155 8.0614e+01  -60.27583  -57.45050 1153157526 198.730651    34.6111 0.0000e+00
    463.000     2.1221   3.078438     2.1226   3.061787    4.32744    -0.0676    13.8155 7.9289e+01  -60.27583  -57.45050 1153157528 198.730670    34.6112 0.0000e+00
    464.000     2.1222   3.078492     2.1226   3.061835    4.33002    -0.0579    13.8155 7.7727e+01  -60.27583  -57.45050 1153157529 198.730689    34.6112 0.0000e+00
    465.000     2.1222   3.078569     2.1226   3.061909    4.33030    -0.0457    13.8155 7.7829e+01  -60.27583  -57.45050 1153157530 198.730702    34.6117 0.0000e+00
    466.000     2.1222   3.078632     2.1226   3.061983    4.33019    -0.0620    13.8155 7.7794e+01  -60.27583  -57.45050 1153157532 198.730715    34.6119 0.0000e+00
    467.000     2.1223   3.078688     2.1228   3.062021    4.32973    -0.0650    13.8155 7.8634e+01  -60.27583  -57.45050 1153157533 198.730734    34.6120 0.0000e+00
    468.000     2.1223   3.078737     2.1228   3.062054    4.33059    -0.0512    13.8155 7.8976e+01  -60.27583  -57.45050 1153157535 198.730750    34.6119 0.0000e+00
    469.000     2.1224   3.078805     2.1229   3.062104    4.33183    -0.0603    13.8155 7.7509e+01  -60.27583  -57.45050 1153157535 198.730760    34.6121 0.0000e+00
    470.000     2.1225   3.078865     2.1230   3.062180    4.33204    -0.0704    13.8155 7.5877e+01  -60.27583  -57.45050 1153157536 198.730769    34.6122 0.0000e+00
    471.000     2.1226   3.078961     2.1230   3.062279    4.33010    -0.0669    13.8155 7.5817e+01  -60.27583  -57.45050 1153157537 198.730779    34.6128 0.0000e+00
    472.000     2.1225   3.079015     2.1229   3.062343    4.33309    -0.0668    13.8155 7.5894e+01  -60.27583  -57.45050 1153157539 198.730797    34.6130 0.0000e+00
    473.000     2.1225   3.079163     2.1229   3.062501    4.33315    -0.0657    13.8155 7.5749e+01  -60.27583  -57.45050 1153157541 198.730819    34.6143 0.0000e+00
    474.000     2.1224   3.079281     2.1228   3.062602    4.33144    -0.0570    13.8155 7.5030e+01  -60.27583  -57.45050 1153157542 198.730834    34.6153 0.0000e+00
    475.000     2.1223   3.079351     2.1229   3.062670    4.33158    -0.0823    13.8155 7.4166e+01  -60.27583  -57.45050 1153157543 198.730847    34.6157 0.0000e+00
    476.000     2.1224   3.079412     2.1230   3.062727    4.33278    -0.0519    13.8155 7.4093e+01  -60.27583  -57.45050 1153157544 198.730861    34.6158 0.0000e+00
    477.000     2.1224   3.079467     2.1229   3.062794    4.33369    -0.0618    13.8155 7.4250e+01  -60.27583  -57.45050 1153157546 198.730878    34.6159 0.0000e+00
    478.000     2.1222   3.079530     2.1226   3.062846    4.33583    -0.0695    13.8155 7.4624e+01  -60.27583  -57.45050 1153157547 198.730895    34.6164 0.0000e+00
    479.000     2.1221   3.079581     2.1224   3.062883    4.33868    -0.0822    13.8155 7.3779e+01  -60.27583  -57.45050 1153157548 198.730910    34.6166 0.0000e+00
    480.000     2.1208   3.079635     2.1211   3.062931    4.33983    -0.0400    13.8155 7.4012e+01  -60.27583  -57.45050 1153157549 198.730922    34.6182 0.0000e+00
    481.000     2.1198   3.079683     2.1203   3.062963    4.34030    -0.0673    13.8155 7.4917e+01  -60.27583  -57.45050 1153157550 198.730932    34.6193 0.0000e+00
    482.000     2.1188   3.079719     2.1190   3.063013    4.33976    -0.0539    13.8155 7.5003e+01  -60.27583  -57.45050 1153157551 198.730941    34.6203 0.0000e+00
    483.000     2.1178   3.079745     2.1182   3.063032    4.33711    -0.0522    13.8155 7.4588e+01  -60.27583  -57.45050 1153157552 198.730950    34.6212 0.0000e+00
    484.000     2.1175   3.079786     2.1179   3.063081    4.33687    -0.0702    13.8155 7.5455e+01  -60.27583  -57.45050 1153157553 198.730961    34.6214 0.0000e+00
    485.000     2.1173   3.079826     2.1179   3.063131    4.33561    -0.0560    13.8155 7.3598e+01  -60.27583  -57.45050 1153157555 198.730990    34.6216 0.0000e+00
    486.000     2.1182   3.079898     2.1188   3.063200    4.33932    -0.0655    13.8155 7.3504e+01  -60.27583  -57.45050 1153157558 198.731022    34.6209 0.0000e+00
    487.000     2.1167   3.079944     2.1172   3.063237    4.34106    -0.0647    13.8155 7.3113e+01  -60.27583  -57.45050 1153157559 198.731037    34.6226 0.0000e+00
    488.000     2.1168   3.080013     2.1172   3.063284    4.34126    -0.0611    13.8155 -9.990e-29  -60.27583  -57.45050 1153157560 198.731047    34.6227 0.0000e+00
    489.000     2.1166   3.080095     2.1168   3.063353    4.34009    -0.0749    13.8155 -9.990e-29  -60.27583  -57.45050 1153157561 198.731055    34.6235 0.0000e+00
    490.000     2.1159   3.080135     2.1162   3.063400    4.33967    -0.0621    13.8155 -9.990e-29  -60.27583  -57.45050 1153157562 198.731063    34.6241 0.0000e+00
    491.000     2.1147   3.080137     2.1150   3.063416    4.33688    -0.0670    13.8155 -9.990e-29  -60.27583  -57.45050 1153157562 198.731071    34.6250 0.0000e+00
    492.000     2.1137   3.080147     2.1140   3.063442    4.33731    -0.0578    13.8155 7.1989e+01  -60.27583  -57.45050 1153157563 198.731084    34.6257 0.0000e+00
    493.000     2.1128   3.080151     2.1132   3.063433    4.33806    -0.0564    13.8155 7.1930e+01  -60.27583  -57.45050 1153157565 198.731104    34.6261 0.0000e+00
