product_data/regression_test/downloaded_data/MDGS/320620060703/ctd/adapted/heads_insert_p6609311.cnv
* Sea-Bird SBE 9 Data File:
* FileName = D:\Data\Raw\p6609311.dat
* Software Version Seasave Win32 V 5.32
* Temperature SN = 1649
* Conductivity SN = 1431
* Number of Bytes Per Scan = 37
* Number of Voltage Words = 5
* Number of Scans Averaged by the Deck Unit = 1
* NMEA Latitude = 61 07.50 S
* NMEA Longitude = 058 05.61 W
* NMEA UTC (Time) = 11:04:14
** Ship:   Nathaniel B. Palmer nbp
** Cruise:    NBP0606 nbp0606
# nquan = 15
# nvalues = 2995                        
# units = specified
# name 0 = prDM: Pressure, Digiquartz [db]
# name 1 = t090C: Temperature [ITS-90, deg C]
# name 2 = c0S/m: Conductivity [S/m]
# name 3 = t190C: Temperature, 2 [ITS-90, deg C]
# name 4 = c1S/m: Conductivity, 2 [S/m]
# name 5 = sbeox0ML/L: Oxygen, SBE 43 [ml/l]
# name 6 = flECO-AFL: Fluorescence, Wetlab ECO-AFL/FL [mg/m^3]
# name 7 = bat: Beam Attenuation, Chelsea/Seatech/Wetlab CStar [1/m]
# name 8 = spar: SPAR/Surface Irradiance
# name 9 = latitude: Latitude [deg]
# name 10 = longitude: Longitude [deg]
# name 11 = timeY: Time, System [seconds]
# name 12 = timeJ: Julian Days
# name 13 = sal00: Salinity [PSU]
# name 14 = flag: flag
# span 0 =     15.000,   3009.000       
# span 1 =    -0.8034,     1.9378       
# span 2 =   2.758315,   3.067531       
# span 3 =    -0.8043,     1.9396       
# span 4 =   2.759094,   3.067839       
# span 5 =    1.43364,    8.00709       
# span 6 =    -0.1381,     0.4587       
# span 7 =    13.8155,    13.8155       
# span 8 = -1.642e-01, 1.9577e+00       
# span 9 =  -61.12500,  -61.12500       
# span 10 =  -58.09350,  -58.09350      
# span 11 = 1152615861, 1152619842      
# span 12 = 192.461351, 192.507449      
# span 13 =    33.9431,    34.7278      
# span 14 = 0.0000e+00, 0.0000e+00      
# interval = decibars: 1                
# start_time = Jul 11 2006 11:04:21
# bad_flag = -9.990e-29
*END*
[from data line 579]
    593.000     1.8267   3.066985     1.8275   3.067298    4.55982    -0.0812    13.8155 0.0000e+00  -61.12500  -58.09350 1152616745 192.471608    34.7174 0.0000e+00
    594.000     1.8267   3.067044     1.8274   3.067354    4.56120    -0.0917    13.8155 0.0000e+00  -61.12500  -58.09350 1152616746 192.471618    34.7176 0.0000e+00
    595.000     1.8269   3.067101     1.8276   3.067415    4.56206    -0.0817    13.8155 0.0000e+00  -61.12500  -58.09350 1152616747 192.471627    34.7175 0.0000e+00
    596.000     1.8269   3.067147     1.8277   3.067467    4.56097    -0.0831    13.8155 0.0000e+00  -61.12500  -58.09350 1152616748 192.471636    34.7176 0.0000e+00
    597.000     1.8269   3.067197     1.8277   3.067508    4.55966    -0.0763    13.8155 0.0000e+00  -61.12500  -58.09350 1152616748 192.471643    34.7176 0.0000e+00
    598.000     1.8264   3.067194     1.8273   3.067506    4.55886    -0.0944    13.8155 0.0000e+00  -61.12500  -58.09350 1152616749 192.471651    34.7175 0.0000e+00
    599.000     1.8262   3.067214     1.8269   3.067519    4.55859    -0.0871    13.8155 0.0000e+00  -61.12500  -58.09350 1152616750 192.471666    34.7175 0.0000e+00
    600.000     1.8264   3.067294     1.8273   3.067599    4.56173    -0.0681    13.8155 0.0000e+00  -61.12500  -58.09350 1152616755 192.471717    34.7176 0.0000e+00
    601.000     1.8258   3.067295     1.8263   3.067587    4.56290    -0.0672    13.8155 0.0000e+00  -61.12500  -58.09350 1152616756 192.471727    34.7178 0.0000e+00
    602.000     1.8251   3.067304     1.8259   3.067610    4.56318    -0.0777    13.8155 0.0000e+00  -61.12500  -58.09350 1152616756 192.471735    34.7181 0.0000e+00
    603.000     1.8250   3.067339     1.8258   3.067636    4.56355    -0.0805    13.8155 0.0000e+00  -61.12500  -58.09350 1152616757 192.471744    34.7181 0.0000e+00
    604.000     1.8250   3.067364     1.8257   3.067677    4.56404    -0.0853    13.8155 0.0000e+00  -61.12500  -58.09350 1152616758 192.471754    34.7178 0.0000e+00
    605.000     1.8246   3.067390     1.8255   3.067695    4.56516    -0.0650    13.8155 0.0000e+00  -61.12500  -58.09350 1152616760 192.471772    34.7181 0.0000e+00
    606.000     1.8246   3.067438     1.8255   3.067746    4.56625    -0.0660    13.8155 0.0000e+00  -61.12500  -58.09350 1152616761 192.471792    34.7182 0.0000e+00
    607.000     1.8246   3.067483     1.8255   3.067796    4.56677    -0.0859    13.8155 0.0000e+00  -61.12500  -58.09350 1152616762 192.471804    34.7181 0.0000e+00
    608.000     1.8244   3.067501     1.8251   3.067817    4.56677    -0.0954    13.8155 0.0000e+00  -61.12500  -58.09350 1152616763 192.471815    34.7181 0.0000e+00
    609.000     1.8240   3.067531     1.8249   3.067839    4.56398    -0.0892    13.8155 0.0000e+00  -61.12500  -58.09350 1152616764 192.471826    34.7182 0.0000e+00
    610.000     1.8232   3.067500     1.8239   3.067807    4.56410    -0.0723    13.8155 0.0000e+00  -61.12500  -58.09350 1152616765 192.471839    34.7183 0.0000e+00
    611.000     1.8218   3.067424     1.8225   3.067728    4.56518    -0.0779    13.8155 0.0000e+00  -61.12500  -58.09350 1152616767 192.471857    34.7183 0.0000e+00
    612.000     1.8200   3.067329     1.8208   3.067634    4.56807    -0.0795    13.8155 0.0000e+00  -61.12500  -58.09350 1152616768 192.471874    34.7185 0.0000e+00
    613.000     1.8184   3.067227     1.8190   3.067539    4.56764    -0.0859    13.8155 0.0000e+00  -61.12500  -58.09350 1152616769 192.471886    34.7185 0.0000e+00
    614.000     1.8161   3.067076     1.8166   3.067375    4.56510    -0.0754    13.8155 0.0000e+00  -61.12500  -58.09350 1152616770 192.471898    34.7186 0.0000e+00
    615.000     1.8123   3.066759     1.8128   3.067062    4.56442    -0.0801    13.8155 0.0000e+00  -61.12500  -58.09350 1152616772 192.471915    34.7185 0.0000e+00
    616.000     1.8039   3.066099     1.8047   3.066401    4.56432    -0.0744    13.8155 0.0000e+00  -61.12500  -58.09350 1152616774 192.471935    34.7188 0.0000e+00
    617.000     1.8038   3.066130     1.8045   3.066434    4.56403    -0.0624    13.8155 0.0000e+00  -61.12500  -58.09350 1152616775 192.471950    34.7187 0.0000e+00
    618.000     1.8022   3.066034     1.8030   3.066359    4.56300    -0.0719    13.8155 0.0000e+00  -61.12500  -58.09350 1152616776 192.471963    34.7187 0.0000e+00
    619.000     1.8018   3.066057     1.8027   3.066369    4.56562    -0.0756    13.8155 0.0000e+00  -61.12500  -58.09350 1152616777 192.471974    34.7187 0.0000e+00
    620.000     1.8014   3.066055     1.8022   3.066378    4.56678    -0.0760    13.8155 0.0000e+00  -61.12500  -58.09350 1152616778 192.471986    34.7187 0.0000e+00
    621.000     1.8011   3.066089     1.8019   3.066406    4.56668    -0.0831    13.8155 0.0000e+00  -61.12500  -58.09350 1152616779 192.471999    34.7188 0.0000e+00
    622.000     1.8013   3.066150     1.8020   3.066456    4.56435    -0.0773    13.8155 0.0000e+00  -61.12500  -58.09350 1152616780 192.472012    34.7188 0.0000e+00
    623.000     1.8011   3.066183     1.8018   3.066489    4.56435    -0.0770    13.8155 0.0000e+00  -61.12500  -58.09350 1152616781 192.472026    34.7188 0.0000e+00
    624.000     1.8010   3.066233     1.8018   3.066530    4.56213    -0.0844    13.8155 0.0000e+00  -61.12500  -58.09350 1152616783 192.472039    34.7188 0.0000e+00
    625.000     1.8011   3.066271     1.8018   3.066580    4.56257    -0.0788    13.8155 0.0000e+00  -61.12500  -58.09350 1152616784 192.472055    34.7187 0.0000e+00
    626.000     1.8009   3.066304     1.8016   3.066605    4.56302    -0.0779    13.8155 0.0000e+00  -61.12500  -58.09350 1152616785 192.472071    34.7187 0.0000e+00
    627.000     1.8010   3.066358     1.8017   3.066674    4.56490    -0.0833    13.8155 0.0000e+00  -61.12500  -58.09350 1152616787 192.472089    34.7188 0.0000e+00
    628.000     1.8010   3.066409     1.8018   3.066716    4.56402    -0.0750    13.8155 0.0000e+00  -61.12500  -58.09350 1152616788 192.472104    34.7188 0.0000e+00
    629.000     1.8008   3.066449     1.8017   3.066763    4.56408    -0.0631    13.8155 0.0000e+00  -61.12500  -58.09350 1152616789 192.472118    34.7190 0.0000e+00
    630.000     1.8005   3.066469     1.8013   3.066775    4.56558    -0.0779    13.8155 0.0000e+00  -61.12500  -58.09350 1152616791 192.472131    34.7190 0.0000e+00
    631.000     1.7998   3.066459     1.8005   3.066765    4.56943    -0.0846    13.8155 0.0000e+00  -61.12500  -58.09350 1152616792 192.472149    34.7191 0.0000e+00
    632.000     1.7991   3.066454     1.7998   3.066766    4.57647    -0.0795    13.8155 0.0000e+00  -61.12500  -58.09350 1152616794 192.472169    34.7192 0.0000e+00
    633.000     1.7969   3.066339     1.7975   3.066656    4.57934    -0.0749    13.8155 0.0000e+00  -61.12500  -58.09350 1152616795 192.472182    34.7196 0.0000e+00
    634.000     1.7906   3.065894     1.7913   3.066222    4.57962    -0.0881    13.8155 0.0000e+00  -61.12500  -58.09350 1152616796 192.472191    34.7206 0.0000e+00
    635.000     1.7886   3.065789     1.7893   3.066108    4.57919    -0.0807    13.8155 0.0000e+00  -61.12500  -58.09350 1152616797 192.472200    34.7209 0.0000e+00
    636.000     1.7863   3.065638     1.7870   3.065969    4.57891    -0.0977    13.8155 0.0000e+00  -61.12500  -58.09350 1152616797 192.472208    34.7210 0.0000e+00
    637.000     1.7851   3.065583     1.7857   3.065908    4.57863    -0.1012    13.8155 0.0000e+00  -61.12500  -58.09350 1152616798 192.472215    34.7211 0.0000e+00
    638.000     1.7844   3.065563     1.7851   3.065882    4.57886    -0.0848    13.8155 0.0000e+00  -61.12500  -58.09350 1152616798 192.472222    34.7211 0.0000e+00
    639.000     1.7851   3.065677     1.7862   3.066007    4.58016    -0.0906    13.8155 0.0000e+00  -61.12500  -58.09350 1152616801 192.472250    34.7211 0.0000e+00
    640.000     1.7856   3.065765     1.7868   3.066148    4.58666    -0.0623    13.8155 0.0000e+00  -61.12500  -58.09350 1152616806 192.472304    34.7210 0.0000e+00
    641.000     1.7839   3.065679     1.7839   3.065949    4.59022    -0.0705    13.8155 0.0000e+00  -61.12500  -58.09350 1152616806 192.472313    34.7212 0.0000e+00
    642.000     1.7830   3.065654     1.7837   3.065960    4.59090    -0.0744    13.8155 0.0000e+00  -61.12500  -58.09350 1152616807 192.472322    34.7213 0.0000e+00
    643.000     1.7826   3.065664     1.7833   3.065979    4.59104    -0.0785    13.8155 0.0000e+00  -61.12500  -58.09350 1152616808 192.472329    34.7213 0.0000e+00
    644.000     1.7825   3.065700     1.7830   3.066019    4.59084    -0.0884    13.8155 0.0000e+00  -61.12500  -58.09350 1152616808 192.472337    34.7213 0.0000e+00
    645.000     1.7827   3.065754     1.7830   3.066073    4.59054    -0.0829    13.8155 0.0000e+00  -61.12500  -58.09350 1152616809 192.472344    34.7212 0.0000e+00
    646.000     1.7827   3.065791     1.7830   3.066102    4.59033    -0.0890    13.8155 0.0000e+00  -61.12500  -58.09350 1152616810 192.472351    34.7211 0.0000e+00
    647.000     1.7822   3.065777     1.7821   3.066082    4.59017    -0.0880    13.8155 0.0000e+00  -61.12500  -58.09350 1152616810 192.472358    34.7210 0.0000e+00
    648.000     1.7811   3.065742     1.7810   3.066041    4.59009    -0.0877    13.8155 0.0000e+00  -61.12500  -58.09350 1152616811 192.472364    34.7211 0.0000e+00
    649.000     1.7802   3.065707     1.7804   3.065999    4.59021    -0.0665    13.8155 0.0000e+00  -61.12500  -58.09350 1152616811 192.472372    34.7212 0.0000e+00
    650.000     1.7813   3.065867     1.7817   3.066162    4.59151    -0.0810    13.8155 0.0000e+00  -61.12500  -58.09350 1152616818 192.472445    34.7212 0.0000e+00
    651.000     1.7783   3.065685     1.7791   3.066010    4.59378    -0.0835    13.8155 0.0000e+00  -61.12500  -58.09350 1152616818 192.472453    34.7218 0.0000e+00
    652.000     1.7774   3.065636     1.7779   3.065945    4.59572    -0.0663    13.8155 0.0000e+00  -61.12500  -58.09350 1152616819 192.472461    34.7217 0.0000e+00
    653.000     1.7765   3.065603     1.7769   3.065921    4.59743    -0.0722    13.8155 0.0000e+00  -61.12500  -58.09350 1152616820 192.472469    34.7217 0.0000e+00
    654.000     1.7737   3.065433     1.7742   3.065746    4.59768    -0.0810    13.8155 0.0000e+00  -61.12500  -58.09350 1152616820 192.472477    34.7221 0.0000e+00
    655.000     1.7718   3.065339     1.7725   3.065656    4.59796    -0.0836    13.8155 0.0000e+00  -61.12500  -58.09350 1152616821 192.472485    34.7225 0.0000e+00
    656.000     1.7717   3.065379     1.7725   3.065689    4.59825    -0.0777    13.8155 0.0000e+00  -61.12500  -58.09350 1152616822 192.472495    34.7225 0.0000e+00
    657.000     1.7716   3.065413     1.7724   3.065722    4.59858    -0.0671    13.8155 0.0000e+00  -61.12500  -58.09350 1152616823 192.472505    34.7225 0.0000e+00
    658.000     1.7714   3.065437     1.7721   3.065735    4.59911    -0.0815    13.8155 0.0000e+00  -61.12500  -58.09350 1152616824 192.472521    34.7224 0.0000e+00
    659.000     1.7706   3.065412     1.7713   3.065718    4.59985    -0.0701    13.8155 0.0000e+00  -61.12500  -58.09350 1152616826 192.472544    34.7224 0.0000e+00
    660.000     1.7701   3.065413     1.7709   3.065716    4.59793    -0.0698    13.8155 0.0000e+00  -61.12500  -58.09350 1152616828 192.472565    34.7224 0.0000e+00
    661.000     1.7694   3.065407     1.7702   3.065727    4.60080    -0.0753    13.8155 0.0000e+00  -61.12500  -58.09350 1152616830 192.472585    34.7225 0.0000e+00
    662.000     1.7690   3.065422     1.7696   3.065736    4.60433    -0.0782    13.8155 0.0000e+00  -61.12500  -58.09350 1152616831 192.472601    34.7226 0.0000e+00
    663.000     1.7683   3.065416     1.7690   3.065716    4.60570    -0.0753    13.8155 0.0000e+00  -61.12500  -58.09350 1152616832 192.472615    34.7227 0.0000e+00
    664.000     1.7677   3.065424     1.7684   3.065722    4.60633    -0.1036    13.8155 0.0000e+00  -61.12500  -58.09350 1152616833 192.472627    34.7228 0.0000e+00
    665.000     1.7660   3.065305     1.7664   3.065618    4.60747    -0.0793    13.8155 0.0000e+00  -61.12500  -58.09350 1152616834 192.472638    34.7226 0.0000e+00
    666.000     1.7621   3.065019     1.7620   3.065284    4.60774    -0.0665    13.8155 0.0000e+00  -61.12500  -58.09350 1152616835 192.472648    34.7229 0.0000e+00
    667.000     1.7567   3.064609     1.7573   3.064932    4.60955    -0.0745    13.8155 0.0000e+00  -61.12500  -58.09350 1152616836 192.472658    34.7232 0.0000e+00
    668.000     1.7562   3.064617     1.7567   3.064919    4.61074    -0.0917    13.8155 0.0000e+00  -61.12500  -58.09350 1152616837 192.472668    34.7233 0.0000e+00
    669.000     1.7553   3.064585     1.7562   3.064909    4.60981    -0.0754    13.8155 0.0000e+00  -61.12500  -58.09350 1152616838 192.472678    34.7233 0.0000e+00
    670.000     1.7553   3.064628     1.7563   3.064949    4.60929    -0.0735    13.8155 0.0000e+00  -61.12500  -58.09350 1152616839 192.472697    34.7232 0.0000e+00
    671.000     1.7551   3.064641     1.7556   3.064945    4.61018    -0.0930    13.8155 0.0000e+00  -61.12500  -58.09350 1152616842 192.472726    34.7230 0.0000e+00
    672.000     1.7544   3.064645     1.7553   3.064964    4.61185    -0.0640    13.8155 0.0000e+00  -61.12500  -58.09350 1152616843 192.472743    34.7232 0.0000e+00
    673.000     1.7537   3.064638     1.7546   3.064949    4.61345    -0.0795    13.8155 0.0000e+00  -61.12500  -58.09350 1152616845 192.472758    34.7234 0.0000e+00
    674.000     1.7533   3.064649     1.7543   3.064979    4.61725    -0.0746    13.8155 0.0000e+00  -61.12500  -58.09350 1152616846 192.472774    34.7233 0.0000e+00
    675.000     1.7532   3.064691     1.7540   3.064999    4.61841    -0.0976    13.8155 0.0000e+00  -61.12500  -58.09350 1152616847 192.472786    34.7234 0.0000e+00
    676.000     1.7526   3.064674     1.7535   3.065012    4.61873    -0.0804    13.8155 0.0000e+00  -61.12500  -58.09350 1152616848 192.472796    34.7233 0.0000e+00
    677.000     1.7519   3.064670     1.7527   3.064991    4.61651    -0.0974    13.8155 0.0000e+00  -61.12500  -58.09350 1152616849 192.472804    34.7235 0.0000e+00
    678.000     1.7517   3.064679     1.7523   3.064992    4.61474    -0.0722    13.8155 0.0000e+00  -61.12500  -58.09350 1152616849 192.472812    34.7233 0.0000e+00
    679.000     1.7511   3.064657     1.7516   3.064974    4.61423    -0.0939    13.8155 0.0000e+00  -61.12500  -58.09350 1152616850 192.472819    34.7231 0.0000e+00
    680.000     1.7501   3.064633     1.7509   3.064944    4.61550    -0.0778    13.8155 0.0000e+00  -61.12500  -58.09350 1152616852 192.472838    34.7233 0.0000e+00
    681.000     1.7506   3.064724     1.7504   3.064957    4.61794    -0.0751    13.8155 0.0000e+00  -61.12500  -58.09350 1152616855 192.472874    34.7234 0.0000e+00
    682.000     1.7466   3.064465     1.7474   3.064773    4.61864    -0.0801    13.8155 0.0000e+00  -61.12500  -58.09350 1152616856 192.472888    34.7234 0.0000e+00
    683.000     1.7464   3.064460     1.7472   3.064776    4.61850    -0.0908    13.8155 0.0000e+00  -61.12500  -58.09350 1152616857 192.472899    34.7235 0.0000e+00
    684.000     1.7462   3.064492     1.7469   3.064799    4.61800    -0.0781    13.8155 0.0000e+00  -61.12500  -58.09350 1152616858 192.472910    34.7236 0.0000e+00
    685.000     1.7461   3.064521     1.7469   3.064828    4.61674    -0.0755    13.8155 0.0000e+00  -61.12500  -58.09350 1152616859 192.472922    34.7235 0.0000e+00
    686.000     1.7457   3.064533     1.7466   3.064848    4.61611    -0.0791    13.8155 0.0000e+00  -61.12500  -58.09350 1152616860 192.472938    34.7235 0.0000e+00
    687.000     1.7463   3.064626     1.7473   3.064952    4.61665    -0.0830    13.8155 0.0000e+00  -61.12500  -58.09350 1152616862 192.472955    34.7234 0.0000e+00
