product_data/regression_test/downloaded_data/MDGS/320620060703/ctd/adapted/heads_insert_p6609306.cnv
* Sea-Bird SBE 9 Data File:
* FileName = D:\Data\Raw\p6609306.dat
* Software Version Seasave Win32 V 5.32
* Temperature SN = 1649
* Conductivity SN = 1431
* Number of Bytes Per Scan = 37
* Number of Voltage Words = 5
* Number of Scans Averaged by the Deck Unit = 1
* NMEA Latitude = 61 07.50 S
* NMEA Longitude = 058 05.51 W
* NMEA UTC (Time) = 04:04:44
** Ship:   Nathaniel B. Palmer nbp
** Cruise:    NBP0606 nbp0606
# nquan = 15
# nvalues = 491                         
# units = specified
# name 0 = prDM: Pressure, Digiquartz [db]
# name 1 = t090C: Temperature [ITS-90, deg C]
# name 2 = c0S/m: Conductivity [S/m]
# name 3 = t190C: Temperature, 2 [ITS-90, deg C]
# name 4 = c1S/m: Conductivity, 2 [S/m]
# name 5 = sbeox0ML/L: Oxygen, SBE 43 [ml/l]
# name 6 = flECO-AFL: Fluorescence, Wetlab ECO-AFL/FL [mg/m^3]
# name 7 = bat: Beam Attenuation, Chelsea/Seatech/Wetlab CStar [1/m]
# name 8 = spar: SPAR/Surface Irradiance
# name 9 = latitude: Latitude [deg]
# name 10 = longitude: Longitude [deg]
# name 11 = timeY: Time, System [seconds]
# name 12 = timeJ: Julian Days
# name 13 = sal00: Salinity [PSU]
# name 14 = flag: flag
# span 0 =     13.000,    503.000       
# span 1 =    -0.7969,     1.9525       
# span 2 =   2.758350,   3.066842       
# span 3 =    -0.7975,     1.9538       
# span 4 =   2.759037,   3.067144       
# span 5 =    4.33000,    8.01044       
# span 6 =    -0.0890,     0.2474       
# span 7 =    13.8155,    13.8155       
# span 8 = 0.0000e+00, 0.0000e+00       
# span 9 =  -61.12500,  -61.12500       
# span 10 =  -58.09183,  -58.09183      
# span 11 = 1152590703, 1152591646      
# span 12 = 192.170182, 192.181108      
# span 13 =    33.9449,    34.7111      
# span 14 = 0.0000e+00, 0.0000e+00      
# interval = decibars: 1                
# start_time = Jul 11 2006 04:04:51
# bad_flag = -9.990e-29
*END*
[from data line 290]
    302.000     1.9320   3.058436     1.9331   3.058711    4.34968    -0.0690    13.8155 0.0000e+00  -61.12500  -58.09183 1152591180 192.175708    34.6591 0.0000e+00
    303.000     1.9322   3.058518     1.9333   3.058789    4.34970    -0.0671    13.8155 0.0000e+00  -61.12500  -58.09183 1152591181 192.175718    34.6592 0.0000e+00
    304.000     1.9322   3.058575     1.9334   3.058850    4.34865    -0.0685    13.8155 0.0000e+00  -61.12500  -58.09183 1152591183 192.175743    34.6594 0.0000e+00
    305.000     1.9323   3.058620     1.9334   3.058903    4.34867    -0.0554    13.8155 0.0000e+00  -61.12500  -58.09183 1152591186 192.175775    34.6592 0.0000e+00
    306.000     1.9318   3.058669     1.9330   3.058944    4.34575    -0.0757    13.8155 0.0000e+00  -61.12500  -58.09183 1152591187 192.175788    34.6598 0.0000e+00
    307.000     1.9317   3.058706     1.9328   3.058985    4.34616    -0.0781    13.8155 0.0000e+00  -61.12500  -58.09183 1152591188 192.175800    34.6598 0.0000e+00
    308.000     1.9311   3.058730     1.9324   3.059009    4.34655    -0.0580    13.8155 0.0000e+00  -61.12500  -58.09183 1152591189 192.175819    34.6602 0.0000e+00
    309.000     1.9307   3.058745     1.9320   3.059021    4.34782    -0.0764    13.8155 0.0000e+00  -61.12500  -58.09183 1152591191 192.175837    34.6603 0.0000e+00
    310.000     1.9317   3.058906     1.9329   3.059187    4.34943    -0.0574    13.8155 0.0000e+00  -61.12500  -58.09183 1152591192 192.175848    34.6607 0.0000e+00
    311.000     1.9342   3.059280     1.9355   3.059544    4.34935    -0.0596    13.8155 0.0000e+00  -61.12500  -58.09183 1152591193 192.175857    34.6620 0.0000e+00
    312.000     1.9401   3.059927     1.9414   3.060195    4.34973    -0.0682    13.8155 0.0000e+00  -61.12500  -58.09183 1152591193 192.175865    34.6629 0.0000e+00
    313.000     1.9400   3.059951     1.9411   3.060217    4.35230    -0.0679    13.8155 0.0000e+00  -61.12500  -58.09183 1152591195 192.175881    34.6628 0.0000e+00
    314.000     1.9367   3.059665     1.9383   3.059970    4.35429    -0.0608    13.8155 0.0000e+00  -61.12500  -58.09183 1152591199 192.175929    34.6625 0.0000e+00
    315.000     1.9386   3.059914     1.9400   3.060234    4.35328    -0.0746    13.8155 0.0000e+00  -61.12500  -58.09183 1152591200 192.175937    34.6627 0.0000e+00
    316.000     1.9397   3.060111     1.9408   3.060389    4.35449    -0.0645    13.8155 0.0000e+00  -61.12500  -58.09183 1152591200 192.175946    34.6634 0.0000e+00
    317.000     1.9398   3.060164     1.9409   3.060436    4.35320    -0.0557    13.8155 0.0000e+00  -61.12500  -58.09183 1152591201 192.175957    34.6635 0.0000e+00
    318.000     1.9394   3.060185     1.9406   3.060458    4.35304    -0.0728    13.8155 0.0000e+00  -61.12500  -58.09183 1152591203 192.175975    34.6636 0.0000e+00
    319.000     1.9385   3.060154     1.9395   3.060424    4.35399    -0.0597    13.8155 0.0000e+00  -61.12500  -58.09183 1152591204 192.175993    34.6637 0.0000e+00
    320.000     1.9350   3.059915     1.9361   3.060188    4.35431    -0.0761    13.8155 0.0000e+00  -61.12500  -58.09183 1152591206 192.176007    34.6639 0.0000e+00
    321.000     1.9306   3.059576     1.9313   3.059837    4.35395    -0.0472    13.8155 0.0000e+00  -61.12500  -58.09183 1152591207 192.176020    34.6640 0.0000e+00
    322.000     1.9268   3.059286     1.9277   3.059566    4.35148    -0.0467    13.8155 0.0000e+00  -61.12500  -58.09183 1152591208 192.176035    34.6642 0.0000e+00
    323.000     1.9261   3.059285     1.9274   3.059580    4.35292    -0.0615    13.8155 0.0000e+00  -61.12500  -58.09183 1152591210 192.176055    34.6643 0.0000e+00
    324.000     1.9260   3.059330     1.9271   3.059604    4.35614    -0.0689    13.8155 0.0000e+00  -61.12500  -58.09183 1152591212 192.176079    34.6644 0.0000e+00
    325.000     1.9256   3.059347     1.9267   3.059615    4.35811    -0.0750    13.8155 0.0000e+00  -61.12500  -58.09183 1152591213 192.176094    34.6644 0.0000e+00
    326.000     1.9239   3.059244     1.9248   3.059523    4.35765    -0.0524    13.8155 0.0000e+00  -61.12500  -58.09183 1152591214 192.176105    34.6645 0.0000e+00
    327.000     1.9244   3.059347     1.9254   3.059606    4.35632    -0.0388    13.8155 0.0000e+00  -61.12500  -58.09183 1152591215 192.176114    34.6646 0.0000e+00
    328.000     1.9245   3.059383     1.9256   3.059672    4.35570    -0.0573    13.8155 0.0000e+00  -61.12500  -58.09183 1152591216 192.176124    34.6644 0.0000e+00
    329.000     1.9244   3.059422     1.9256   3.059708    4.35553    -0.0618    13.8155 0.0000e+00  -61.12500  -58.09183 1152591217 192.176145    34.6644 0.0000e+00
    330.000     1.9246   3.059492     1.9257   3.059756    4.35779    -0.0764    13.8155 0.0000e+00  -61.12500  -58.09183 1152591220 192.176178    34.6644 0.0000e+00
    331.000     1.9238   3.059456     1.9250   3.059766    4.35881    -0.0562    13.8155 0.0000e+00  -61.12500  -58.09183 1152591222 192.176192    34.6643 0.0000e+00
    332.000     1.9230   3.059437     1.9240   3.059727    4.35904    -0.0669    13.8155 0.0000e+00  -61.12500  -58.09183 1152591223 192.176204    34.6643 0.0000e+00
    333.000     1.9201   3.059266     1.9209   3.059533    4.35912    -0.0561    13.8155 0.0000e+00  -61.12500  -58.09183 1152591224 192.176215    34.6648 0.0000e+00
    334.000     1.9146   3.058843     1.9157   3.059148    4.35944    -0.0692    13.8155 0.0000e+00  -61.12500  -58.09183 1152591225 192.176227    34.6651 0.0000e+00
    335.000     1.9079   3.058366     1.9086   3.058633    4.36109    -0.0541    13.8155 0.0000e+00  -61.12500  -58.09183 1152591226 192.176241    34.6660 0.0000e+00
    336.000     1.9048   3.058175     1.9059   3.058471    4.36445    -0.0660    13.8155 0.0000e+00  -61.12500  -58.09183 1152591227 192.176256    34.6665 0.0000e+00
    337.000     1.9038   3.058179     1.9049   3.058472    4.36387    -0.0696    13.8155 0.0000e+00  -61.12500  -58.09183 1152591228 192.176270    34.6671 0.0000e+00
    338.000     1.9044   3.058337     1.9055   3.058619    4.36398    -0.0623    13.8155 0.0000e+00  -61.12500  -58.09183 1152591230 192.176293    34.6677 0.0000e+00
    339.000     1.9045   3.058425     1.9055   3.058713    4.36220    -0.0632    13.8155 0.0000e+00  -61.12500  -58.09183 1152591233 192.176322    34.6680 0.0000e+00
    340.000     1.9033   3.058422     1.9042   3.058705    4.36486    -0.0628    13.8155 0.0000e+00  -61.12500  -58.09183 1152591234 192.176335    34.6688 0.0000e+00
    341.000     1.9018   3.058374     1.9027   3.058660    4.36614    -0.0691    13.8155 0.0000e+00  -61.12500  -58.09183 1152591235 192.176346    34.6692 0.0000e+00
    342.000     1.9006   3.058351     1.9015   3.058617    4.36625    -0.0679    13.8155 0.0000e+00  -61.12500  -58.09183 1152591236 192.176356    34.6697 0.0000e+00
    343.000     1.9006   3.058406     1.9016   3.058673    4.36604    -0.0574    13.8155 0.0000e+00  -61.12500  -58.09183 1152591237 192.176366    34.6698 0.0000e+00
    344.000     1.9009   3.058476     1.9020   3.058750    4.36494    -0.0683    13.8155 0.0000e+00  -61.12500  -58.09183 1152591238 192.176377    34.6698 0.0000e+00
    345.000     1.9003   3.058460     1.9012   3.058728    4.36199    -0.0746    13.8155 0.0000e+00  -61.12500  -58.09183 1152591239 192.176398    34.6696 0.0000e+00
    346.000     1.8993   3.058417     1.9003   3.058699    4.36569    -0.0699    13.8155 0.0000e+00  -61.12500  -58.09183 1152591242 192.176428    34.6696 0.0000e+00
    347.000     1.8984   3.058409     1.8995   3.058687    4.36908    -0.0632    13.8155 0.0000e+00  -61.12500  -58.09183 1152591243 192.176445    34.6698 0.0000e+00
    348.000     1.8984   3.058443     1.8994   3.058725    4.37050    -0.0787    13.8155 0.0000e+00  -61.12500  -58.09183 1152591245 192.176458    34.6698 0.0000e+00
    349.000     1.8980   3.058463     1.8990   3.058738    4.37320    -0.0627    13.8155 0.0000e+00  -61.12500  -58.09183 1152591245 192.176469    34.6698 0.0000e+00
    350.000     1.8974   3.058462     1.8986   3.058751    4.37173    -0.0652    13.8155 0.0000e+00  -61.12500  -58.09183 1152591246 192.176480    34.6700 0.0000e+00
    351.000     1.8968   3.058458     1.8977   3.058737    4.37224    -0.0740    13.8155 0.0000e+00  -61.12500  -58.09183 1152591248 192.176493    34.6700 0.0000e+00
    352.000     1.8960   3.058438     1.8971   3.058720    4.37279    -0.0626    13.8155 0.0000e+00  -61.12500  -58.09183 1152591249 192.176509    34.6700 0.0000e+00
    353.000     1.8954   3.058439     1.8964   3.058724    4.37236    -0.0730    13.8155 0.0000e+00  -61.12500  -58.09183 1152591250 192.176526    34.6701 0.0000e+00
    354.000     1.8951   3.058459     1.8961   3.058740    4.37003    -0.0682    13.8155 0.0000e+00  -61.12500  -58.09183 1152591252 192.176542    34.6701 0.0000e+00
    355.000     1.8948   3.058481     1.8958   3.058764    4.36833    -0.0757    13.8155 0.0000e+00  -61.12500  -58.09183 1152591253 192.176558    34.6702 0.0000e+00
    356.000     1.8947   3.058524     1.8957   3.058807    4.36851    -0.0606    13.8155 0.0000e+00  -61.12500  -58.09183 1152591255 192.176579    34.6702 0.0000e+00
    357.000     1.8943   3.058556     1.8954   3.058834    4.37218    -0.0519    13.8155 0.0000e+00  -61.12500  -58.09183 1152591257 192.176607    34.6705 0.0000e+00
    358.000     1.8942   3.058596     1.8952   3.058881    4.37539    -0.0627    13.8155 0.0000e+00  -61.12500  -58.09183 1152591259 192.176621    34.6706 0.0000e+00
    359.000     1.8955   3.058797     1.8966   3.059075    4.37517    -0.0633    13.8155 0.0000e+00  -61.12500  -58.09183 1152591260 192.176632    34.6710 0.0000e+00
    360.000     1.8972   3.059013     1.8983   3.059310    4.37549    -0.0597    13.8155 0.0000e+00  -61.12500  -58.09183 1152591260 192.176642    34.6713 0.0000e+00
    361.000     1.8988   3.059234     1.8999   3.059517    4.37542    -0.0758    13.8155 0.0000e+00  -61.12500  -58.09183 1152591261 192.176652    34.6717 0.0000e+00
    362.000     1.9015   3.059583     1.9027   3.059868    4.37579    -0.0647    13.8155 0.0000e+00  -61.12500  -58.09183 1152591262 192.176663    34.6725 0.0000e+00
    363.000     1.9024   3.059738     1.9034   3.060013    4.37468    -0.0699    13.8155 0.0000e+00  -61.12500  -58.09183 1152591263 192.176675    34.6728 0.0000e+00
    364.000     1.9030   3.059842     1.9038   3.060105    4.37544    -0.0875    13.8155 0.0000e+00  -61.12500  -58.09183 1152591264 192.176687    34.6729 0.0000e+00
    365.000     1.9027   3.059850     1.9036   3.060118    4.37678    -0.0652    13.8155 0.0000e+00  -61.12500  -58.09183 1152591267 192.176713    34.6728 0.0000e+00
    366.000     1.9016   3.059786     1.9033   3.060123    4.37621    -0.0617    13.8155 0.0000e+00  -61.12500  -58.09183 1152591271 192.176762    34.6728 0.0000e+00
    367.000     1.9038   3.060085     1.9050   3.060366    4.37721    -0.0588    13.8155 0.0000e+00  -61.12500  -58.09183 1152591272 192.176771    34.6735 0.0000e+00
    368.000     1.9058   3.060373     1.9071   3.060676    4.37816    -0.0495    13.8155 0.0000e+00  -61.12500  -58.09183 1152591272 192.176780    34.6743 0.0000e+00
    369.000     1.9074   3.060605     1.9082   3.060868    4.38079    -0.0707    13.8155 0.0000e+00  -61.12500  -58.09183 1152591273 192.176789    34.6748 0.0000e+00
    370.000     1.9085   3.060757     1.9093   3.061038    4.38129    -0.0634    13.8155 0.0000e+00  -61.12500  -58.09183 1152591274 192.176797    34.6750 0.0000e+00
    371.000     1.9092   3.060915     1.9100   3.061186    4.38134    -0.0610    13.8155 0.0000e+00  -61.12500  -58.09183 1152591275 192.176806    34.6757 0.0000e+00
    372.000     1.9102   3.061102     1.9111   3.061381    4.38151    -0.0661    13.8155 0.0000e+00  -61.12500  -58.09183 1152591275 192.176815    34.6762 0.0000e+00
    373.000     1.9107   3.061207     1.9117   3.061479    4.38162    -0.0691    13.8155 0.0000e+00  -61.12500  -58.09183 1152591276 192.176825    34.6766 0.0000e+00
    374.000     1.9111   3.061351     1.9122   3.061633    4.38106    -0.0733    13.8155 0.0000e+00  -61.12500  -58.09183 1152591278 192.176845    34.6773 0.0000e+00
    375.000     1.9091   3.061125     1.9102   3.061417    4.38525    -0.0678    13.8155 0.0000e+00  -61.12500  -58.09183 1152591283 192.176901    34.6762 0.0000e+00
    376.000     1.9108   3.061401     1.9123   3.061759    4.38677    -0.0794    13.8155 0.0000e+00  -61.12500  -58.09183 1152591284 192.176909    34.6773 0.0000e+00
    377.000     1.9121   3.061630     1.9131   3.061912    4.38757    -0.0781    13.8155 0.0000e+00  -61.12500  -58.09183 1152591284 192.176918    34.6780 0.0000e+00
    378.000     1.9123   3.061705     1.9132   3.061994    4.38946    -0.0651    13.8155 0.0000e+00  -61.12500  -58.09183 1152591285 192.176928    34.6782 0.0000e+00
    379.000     1.9133   3.061920     1.9144   3.062196    4.39048    -0.0746    13.8155 0.0000e+00  -61.12500  -58.09183 1152591286 192.176939    34.6793 0.0000e+00
    380.000     1.9148   3.062162     1.9158   3.062445    4.39067    -0.0658    13.8155 0.0000e+00  -61.12500  -58.09183 1152591287 192.176951    34.6801 0.0000e+00
    381.000     1.9152   3.062292     1.9163   3.062566    4.39080    -0.0764    13.8155 0.0000e+00  -61.12500  -58.09183 1152591288 192.176964    34.6807 0.0000e+00
    382.000     1.9140   3.062249     1.9150   3.062526    4.39106    -0.0868    13.8155 0.0000e+00  -61.12500  -58.09183 1152591289 192.176976    34.6810 0.0000e+00
    383.000     1.9151   3.062430     1.9161   3.062696    4.38996    -0.0659    13.8155 0.0000e+00  -61.12500  -58.09183 1152591291 192.176992    34.6813 0.0000e+00
    384.000     1.9149   3.062398     1.9159   3.062678    4.39015    -0.0734    13.8155 0.0000e+00  -61.12500  -58.09183 1152591294 192.177031    34.6808 0.0000e+00
    385.000     1.9151   3.062562     1.9158   3.062822    4.39175    -0.0669    13.8155 0.0000e+00  -61.12500  -58.09183 1152591295 192.177048    34.6820 0.0000e+00
    386.000     1.9134   3.062501     1.9144   3.062785    4.39329    -0.0690    13.8155 0.0000e+00  -61.12500  -58.09183 1152591297 192.177060    34.6826 0.0000e+00
    387.000     1.9129   3.062499     1.9136   3.062780    4.39526    -0.0723    13.8155 0.0000e+00  -61.12500  -58.09183 1152591297 192.177070    34.6826 0.0000e+00
    388.000     1.9116   3.062448     1.9125   3.062730    4.39586    -0.0665    13.8155 0.0000e+00  -61.12500  -58.09183 1152591298 192.177080    34.6828 0.0000e+00
    389.000     1.9111   3.062459     1.9120   3.062729    4.39615    -0.0587    13.8155 0.0000e+00  -61.12500  -58.09183 1152591299 192.177091    34.6830 0.0000e+00
    390.000     1.9107   3.062502     1.9117   3.062786    4.39706    -0.0629    13.8155 0.0000e+00  -61.12500  -58.09183 1152591301 192.177107    34.6834 0.0000e+00
    391.000     1.9112   3.062619     1.9122   3.062903    4.39813    -0.0708    13.8155 0.0000e+00  -61.12500  -58.09183 1152591303 192.177130    34.6837 0.0000e+00
    392.000     1.9102   3.062612     1.9111   3.062888    4.39864    -0.0777    13.8155 0.0000e+00  -61.12500  -58.09183 1152591304 192.177147    34.6842 0.0000e+00
    393.000     1.9087   3.062509     1.9095   3.062790    4.39925    -0.0656    13.8155 0.0000e+00  -61.12500  -58.09183 1152591305 192.177160    34.6840 0.0000e+00
    394.000     1.9071   3.062430     1.9080   3.062711    4.40017    -0.0723    13.8155 0.0000e+00  -61.12500  -58.09183 1152591306 192.177173    34.6842 0.0000e+00
    395.000     1.9066   3.062441     1.9076   3.062724    4.40201    -0.0647    13.8155 0.0000e+00  -61.12500  -58.09183 1152591308 192.177195    34.6843 0.0000e+00
    396.000     1.9054   3.062301     1.9058   3.062611    4.40385    -0.0665    13.8155 0.0000e+00  -61.12500  -58.09183 1152591310 192.177215    34.6842 0.0000e+00
