product_data/regression_test/downloaded_data/MDGS/320620060703/ctd/adapted/heads_insert_p6611801.cnv
* Sea-Bird SBE 9 Data File:
* FileName = D:\Data\Raw\p6611801.dat
* Software Version Seasave Win32 V 5.32
* Temperature SN = 1649
* Conductivity SN = 1431
* Number of Bytes Per Scan = 37
* Number of Voltage Words = 5
* Number of Scans Averaged by the Deck Unit = 1
* NMEA Latitude = 61 14.68 S
* NMEA Longitude = 054 20.83 W
* NMEA UTC (Time) = 19:24:47
** Ship:   Nathaniel B. Palmer 
** Cruise:    NBP0606 
# nquan = 15
# nvalues = 320                         
# units = specified
# name 0 = prDM: Pressure, Digiquartz [db]
# name 1 = t090C: Temperature [ITS-90, deg C]
# name 2 = c0S/m: Conductivity [S/m]
# name 3 = t190C: Temperature, 2 [ITS-90, deg C]
# name 4 = c1S/m: Conductivity, 2 [S/m]
# name 5 = sbeox0ML/L: Oxygen, SBE 43 [ml/l]
# name 6 = flECO-AFL: Fluorescence, Wetlab ECO-AFL/FL [mg/m^3]
# name 7 = bat: Beam Attenuation, Chelsea/Seatech/Wetlab CStar [1/m]
# name 8 = spar: SPAR/Surface Irradiance
# name 9 = latitude: Latitude [deg]
# name 10 = longitude: Longitude [deg]
# name 11 = timeY: Time, System [seconds]
# name 12 = timeJ: Julian Days
# name 13 = sal00: Salinity [PSU]
# name 14 = flag: flag
# span 0 =      2.000,    321.000       
# span 1 =    -1.1672,    -0.6122       
# span 2 =   2.751001,   2.825286       
# span 3 =    -1.1687,    -0.6121       
# span 4 =   2.751635,   2.825673       
# span 5 =    6.54696,    7.40989       
# span 6 =    -0.0667,     0.1652       
# span 7 =    13.8155,    13.8155       
# span 8 = 0.0000e+00, 0.0000e+00       
# span 9 =  -61.24467,  -61.24467       
# span 10 =  -54.34717,  -54.34717      
# span 11 = 1152905093, 1152905666      
# span 12 = 195.808939, 195.815609      
# span 13 =    34.2686,    34.4520      
# span 14 = 0.0000e+00, 0.0000e+00      
# interval = decibars: 1                
# start_time = Jul 14 2006 19:24:56
# bad_flag = -9.990e-29
*END*
Pressure	Temperature	Conductivity	Temperature2	Conductivity2	Oxygen	Fluorescence	Beam Attenuation	SPAR	latitude	longitude	timeY	timeJ	Salinity	flag
      2.000    -1.1599   2.751328    -1.1577   2.752355    7.36595     0.1004    13.8155 0.0000e+00  -61.24467  -54.34717 1152905093 195.808939    34.2694 0.0000e+00
      3.000    -1.1596   2.751410    -1.1604   2.752144    7.37118     0.0930    13.8155 0.0000e+00  -61.24467  -54.34717 1152905101 195.809056    34.2696 0.0000e+00
      4.000    -1.1641   2.751001    -1.1637   2.751842    7.37266     0.0978    13.8155 0.0000e+00  -61.24467  -54.34717 1152905105 195.809111    34.2686 0.0000e+00
      5.000    -1.1608   2.751429    -1.1618   2.752070    7.38801     0.0988    13.8155 0.0000e+00  -61.24467  -54.34717 1152905109 195.809162    34.2700 0.0000e+00
      6.000    -1.1597   2.751603    -1.1602   2.752284    7.38462     0.0794    13.8155 0.0000e+00  -61.24467  -54.34717 1152905111 195.809176    34.2701 0.0000e+00
      7.000    -1.1589   2.751707    -1.1592   2.752438    7.37955     0.0898    13.8155 0.0000e+00  -61.24467  -54.34717 1152905112 195.809194    34.2702 0.0000e+00
      8.000    -1.1547   2.752233    -1.1443   2.754081    7.38832     0.0787    13.8155 0.0000e+00  -61.24467  -54.34717 1152905116 195.809245    34.2706 0.0000e+00
      9.000    -1.1529   2.752645    -1.1471   2.754432    7.38626     0.0939    13.8155 0.0000e+00  -61.24467  -54.34717 1152905118 195.809264    34.2709 0.0000e+00
     10.000    -1.1672   2.751021    -1.1687   2.751635    7.39171     0.0969    13.8155 0.0000e+00  -61.24467  -54.34717 1152905121 195.809300    34.2690 0.0000e+00
     11.000    -1.1610   2.751688    -1.1600   2.752505    7.39063     0.0953    13.8155 0.0000e+00  -61.24467  -54.34717 1152905125 195.809340    34.2699 0.0000e+00
     12.000    -1.1545   2.752363    -1.1548   2.753045    7.38863     0.0808    13.8155 0.0000e+00  -61.24467  -54.34717 1152905128 195.809374    34.2709 0.0000e+00
     13.000    -1.1539   2.752456    -1.1548   2.753105    7.38906     0.0936    13.8155 0.0000e+00  -61.24467  -54.34717 1152905130 195.809402    34.2709 0.0000e+00
     14.000    -1.1551   2.752390    -1.1548   2.753114    7.39257     0.0908    13.8155 0.0000e+00  -61.24467  -54.34717 1152905133 195.809434    34.2709 0.0000e+00
     15.000    -1.1540   2.752558    -1.1542   2.753240    7.39842     0.0973    13.8155 0.0000e+00  -61.24467  -54.34717 1152905137 195.809479    34.2712 0.0000e+00
     16.000    -1.1608   2.751936    -1.1623   2.752508    7.39844     0.0895    13.8155 0.0000e+00  -61.24467  -54.34717 1152905139 195.809511    34.2700 0.0000e+00
     17.000    -1.1662   2.751460    -1.1655   2.752212    7.40318     0.1050    13.8155 0.0000e+00  -61.24467  -54.34717 1152905142 195.809534    34.2692 0.0000e+00
     18.000    -1.1622   2.751890    -1.1630   2.752514    7.40905     0.0863    13.8155 0.0000e+00  -61.24467  -54.34717 1152905145 195.809573    34.2696 0.0000e+00
     19.000    -1.1652   2.751650    -1.1653   2.752339    7.40989     0.0878    13.8155 0.0000e+00  -61.24467  -54.34717 1152905147 195.809603    34.2693 0.0000e+00
     20.000    -1.1616   2.752070    -1.1614   2.752745    7.40808     0.0937    13.8155 0.0000e+00  -61.24467  -54.34717 1152905152 195.809655    34.2701 0.0000e+00
     21.000    -1.1598   2.752296    -1.1585   2.753072    7.40561     0.0897    13.8155 0.0000e+00  -61.24467  -54.34717 1152905154 195.809676    34.2706 0.0000e+00
     22.000    -1.1494   2.753362    -1.1479   2.754153    7.40176     0.0875    13.8155 0.0000e+00  -61.24467  -54.34717 1152905155 195.809693    34.2723 0.0000e+00
     23.000    -1.1479   2.753561    -1.1473   2.754248    7.39876     0.0983    13.8155 0.0000e+00  -61.24467  -54.34717 1152905160 195.809749    34.2729 0.0000e+00
     24.000    -1.1521   2.753183    -1.1524   2.753816    7.39877     0.0884    13.8155 0.0000e+00  -61.24467  -54.34717 1152905161 195.809764    34.2718 0.0000e+00
     25.000    -1.1534   2.753127    -1.1528   2.753807    7.39910     0.0980    13.8155 0.0000e+00  -61.24467  -54.34717 1152905164 195.809798    34.2721 0.0000e+00
     26.000    -1.1515   2.753323    -1.1521   2.753922    7.39829     0.0813    13.8155 0.0000e+00  -61.24467  -54.34717 1152905167 195.809827    34.2723 0.0000e+00
     27.000    -1.1544   2.753111    -1.1553   2.753634    7.39976     0.0819    13.8155 0.0000e+00  -61.24467  -54.34717 1152905168 195.809846    34.2717 0.0000e+00
     28.000    -1.1593   2.752674    -1.1620   2.753054    7.40037     0.0892    13.8155 0.0000e+00  -61.24467  -54.34717 1152905171 195.809871    34.2709 0.0000e+00
     29.000    -1.1653   2.752129    -1.1648   2.752789    7.40560     0.0863    13.8155 0.0000e+00  -61.24467  -54.34717 1152905173 195.809894    34.2698 0.0000e+00
     30.000    -1.1637   2.752373    -1.1665   2.752700    7.40295     0.0893    13.8155 0.0000e+00  -61.24467  -54.34717 1152905175 195.809924    34.2699 0.0000e+00
     31.000    -1.1466   2.754065    -1.1484   2.754406    7.39763     0.0929    13.8155 0.0000e+00  -61.24467  -54.34717 1152905178 195.809954    34.2731 0.0000e+00
     32.000    -1.1202   2.756653    -1.1213   2.757089    7.37933     0.0905    13.8155 0.0000e+00  -61.24467  -54.34717 1152905179 195.809973    34.2768 0.0000e+00
     33.000    -1.1192   2.756773    -1.1186   2.757417    7.36815     0.0962    13.8155 0.0000e+00  -61.24467  -54.34717 1152905181 195.809996    34.2770 0.0000e+00
     34.000    -1.0682   2.761716    -1.0629   2.762623    7.33556     0.0848    13.8155 0.0000e+00  -61.24467  -54.34717 1152905184 195.810027    34.2848 0.0000e+00
     35.000    -1.0163   2.766725    -1.0237   2.766426    7.30277     0.0928    13.8155 0.0000e+00  -61.24467  -54.34717 1152905187 195.810061    34.2928 0.0000e+00
     36.000    -1.0472   2.763681    -1.0565   2.763518    7.29432     0.1023    13.8155 0.0000e+00  -61.24467  -54.34717 1152905190 195.810091    34.2868 0.0000e+00
     37.000    -1.0585   2.762671    -1.0590   2.763365    7.30212     0.0885    13.8155 0.0000e+00  -61.24467  -54.34717 1152905191 195.810107    34.2857 0.0000e+00
     38.000    -1.0796   2.760737    -1.0903   2.760422    7.31121     0.0952    13.8155 0.0000e+00  -61.24467  -54.34717 1152905194 195.810138    34.2840 0.0000e+00
     39.000    -1.0874   2.760146    -1.0869   2.760561    7.31938     0.0898    13.8155 0.0000e+00  -61.24467  -54.34717 1152905196 195.810166    34.2847 0.0000e+00
     40.000    -1.0765   2.761175    -1.0722   2.762091    7.31028     0.0824    13.8155 0.0000e+00  -61.24467  -54.34717 1152905198 195.810183    34.2855 0.0000e+00
     41.000    -1.0752   2.761316    -1.0885   2.760622    7.30548     0.0900    13.8155 0.0000e+00  -61.24467  -54.34717 1152905200 195.810217    34.2843 0.0000e+00
     42.000    -1.0237   2.766274    -1.0235   2.766808    7.29105     0.0785    13.8155 0.0000e+00  -61.24467  -54.34717 1152905203 195.810240    34.2911 0.0000e+00
     43.000    -1.0089   2.767723    -1.0072   2.768363    7.28131     0.0937    13.8155 0.0000e+00  -61.24467  -54.34717 1152905204 195.810257    34.2936 0.0000e+00
     44.000    -1.0281   2.765892    -1.0342   2.765748    7.28151     0.0847    13.8155 0.0000e+00  -61.24467  -54.34717 1152905207 195.810287    34.2909 0.0000e+00
     45.000    -1.0450   2.764232    -1.0783   2.761921    7.28127     0.0830    13.8155 0.0000e+00  -61.24467  -54.34717 1152905209 195.810312    34.2867 0.0000e+00
     46.000    -1.0848   2.760557    -1.0885   2.760845    7.29875     0.0881    13.8155 0.0000e+00  -61.24467  -54.34717 1152905210 195.810325    34.2831 0.0000e+00
     47.000    -1.1153   2.757783    -1.1066   2.759152    7.30880     0.0811    13.8155 0.0000e+00  -61.24467  -54.34717 1152905211 195.810340    34.2807 0.0000e+00
     48.000    -1.0638   2.762734    -1.0584   2.763725    7.30962     0.1010    13.8155 0.0000e+00  -61.24467  -54.34717 1152905213 195.810361    34.2872 0.0000e+00
     49.000    -1.0499   2.764134    -1.0499   2.764607    7.29624     0.0866    13.8155 0.0000e+00  -61.24467  -54.34717 1152905215 195.810385    34.2889 0.0000e+00
     50.000    -1.0528   2.763838    -1.0482   2.764833    7.29269     0.0940    13.8155 0.0000e+00  -61.24467  -54.34717 1152905217 195.810414    34.2874 0.0000e+00
     51.000    -1.0156   2.767571    -1.0100   2.768407    7.28196     0.0918    13.8155 0.0000e+00  -61.24467  -54.34717 1152905219 195.810430    34.2955 0.0000e+00
     52.000    -0.9949   2.769507    -0.9941   2.770066    7.26776     0.0916    13.8155 0.0000e+00  -61.24467  -54.34717 1152905220 195.810443    34.2964 0.0000e+00
     53.000    -0.9973   2.769290    -0.9959   2.769958    7.26492     0.1002    13.8155 0.0000e+00  -61.24467  -54.34717 1152905221 195.810455    34.2956 0.0000e+00
     54.000    -1.0143   2.767717    -1.0170   2.768023    7.25947     0.0994    13.8155 0.0000e+00  -61.24467  -54.34717 1152905222 195.810470    34.2937 0.0000e+00
     55.000    -1.0051   2.768693    -1.0025   2.769383    7.25206     0.0957    13.8155 0.0000e+00  -61.24467  -54.34717 1152905224 195.810493    34.2960 0.0000e+00
     56.000    -1.0192   2.767374    -1.0211   2.767716    7.24814     0.1045    13.8155 0.0000e+00  -61.24467  -54.34717 1152905226 195.810514    34.2939 0.0000e+00
     57.000    -0.9927   2.769909    -0.9924   2.770408    7.24874     0.1053    13.8155 0.0000e+00  -61.24467  -54.34717 1152905228 195.810534    34.2970 0.0000e+00
     58.000    -0.9977   2.769475    -0.9952   2.770170    7.24841     0.1009    13.8155 0.0000e+00  -61.24467  -54.34717 1152905230 195.810554    34.2964 0.0000e+00
     59.000    -0.9909   2.770171    -0.9898   2.770753    7.24620     0.0982    13.8155 0.0000e+00  -61.24467  -54.34717 1152905231 195.810569    34.2975 0.0000e+00
     60.000    -0.9931   2.770004    -0.9928   2.770535    7.24732     0.0934    13.8155 0.0000e+00  -61.24467  -54.34717 1152905232 195.810585    34.2972 0.0000e+00
     61.000    -0.9931   2.770047    -0.9922   2.770634    7.24811     0.0988    13.8155 0.0000e+00  -61.24467  -54.34717 1152905234 195.810604    34.2973 0.0000e+00
     62.000    -0.9954   2.769872    -0.9943   2.770458    7.24524     0.1089    13.8155 0.0000e+00  -61.24467  -54.34717 1152905235 195.810622    34.2970 0.0000e+00
     63.000    -0.9954   2.769928    -0.9935   2.770589    7.24143     0.1023    13.8155 0.0000e+00  -61.24467  -54.34717 1152905237 195.810637    34.2972 0.0000e+00
     64.000    -0.9952   2.769974    -0.9917   2.770794    7.23588     0.1024    13.8155 0.0000e+00  -61.24467  -54.34717 1152905238 195.810656    34.2968 0.0000e+00
     65.000    -0.9755   2.771978    -0.9742   2.772544    7.22738     0.1043    13.8155 0.0000e+00  -61.24467  -54.34717 1152905241 195.810686    34.3008 0.0000e+00
     66.000    -0.9747   2.772116    -0.9734   2.772676    7.22055     0.0972    13.8155 0.0000e+00  -61.24467  -54.34717 1152905242 195.810703    34.3011 0.0000e+00
     67.000    -0.9631   2.773389    -0.9626   2.773849    7.20901     0.0892    13.8155 0.0000e+00  -61.24467  -54.34717 1152905244 195.810715    34.3042 0.0000e+00
     68.000    -0.9712   2.772593    -0.9677   2.773353    7.20739     0.0914    13.8155 0.0000e+00  -61.24467  -54.34717 1152905245 195.810731    34.3025 0.0000e+00
     69.000    -0.9732   2.772368    -0.9759   2.772647    7.21033     0.1053    13.8155 0.0000e+00  -61.24467  -54.34717 1152905246 195.810748    34.3011 0.0000e+00
     70.000    -0.9872   2.771114    -0.9869   2.771571    7.20468     0.1068    13.8155 0.0000e+00  -61.24467  -54.34717 1152905247 195.810759    34.3003 0.0000e+00
     71.000    -0.9306   2.777053    -0.9318   2.777126    7.18989     0.1065    13.8155 0.0000e+00  -61.24467  -54.34717 1152905248 195.810770    34.3150 0.0000e+00
     72.000    -0.9278   2.777291    -0.9294   2.777584    7.17383     0.1079    13.8155 0.0000e+00  -61.24467  -54.34717 1152905250 195.810794    34.3136 0.0000e+00
     73.000    -0.9370   2.776423    -0.9267   2.777716    7.15943     0.0883    13.8155 0.0000e+00  -61.24467  -54.34717 1152905254 195.810838    34.3132 0.0000e+00
     74.000    -0.9100   2.779097    -0.9090   2.779645    7.14962     0.1075    13.8155 0.0000e+00  -61.24467  -54.34717 1152905255 195.810847    34.3166 0.0000e+00
     75.000    -0.9040   2.779927    -0.9025   2.780480    7.13935     0.0907    13.8155 0.0000e+00  -61.24467  -54.34717 1152905256 195.810857    34.3205 0.0000e+00
     76.000    -0.8921   2.781257    -0.8924   2.781572    7.12288     0.0981    13.8155 0.0000e+00  -61.24467  -54.34717 1152905257 195.810869    34.3241 0.0000e+00
     77.000    -0.8762   2.783087    -0.8759   2.783425    7.10526     0.0965    13.8155 0.0000e+00  -61.24467  -54.34717 1152905258 195.810883    34.3301 0.0000e+00
     78.000    -0.8775   2.782986    -0.8754   2.783602    7.08841     0.1011    13.8155 0.0000e+00  -61.24467  -54.34717 1152905259 195.810895    34.3301 0.0000e+00
     79.000    -0.8650   2.784306    -0.8609   2.785116    7.07417     0.1114    13.8155 0.0000e+00  -61.24467  -54.34717 1152905260 195.810907    34.3329 0.0000e+00
     80.000    -0.8520   2.785678    -0.8534   2.785962    7.05825     0.1072    13.8155 0.0000e+00  -61.24467  -54.34717 1152905262 195.810926    34.3359 0.0000e+00
     81.000    -0.8465   2.786273    -0.8336   2.788034    7.04795     0.1159    13.8155 0.0000e+00  -61.24467  -54.34717 1152905265 195.810959    34.3377 0.0000e+00
     82.000    -0.8393   2.787148    -0.8509   2.786488    7.04345     0.0972    13.8155 0.0000e+00  -61.24467  -54.34717 1152905266 195.810979    34.3405 0.0000e+00
     83.000    -0.8537   2.785552    -0.8539   2.786063    7.04617     0.0986    13.8155 0.0000e+00  -61.24467  -54.34717 1152905268 195.810994    34.3353 0.0000e+00
     84.000    -0.8567   2.785299    -0.8410   2.787400    7.04507     0.1047    13.8155 0.0000e+00  -61.24467  -54.34717 1152905269 195.811005    34.3345 0.0000e+00
     85.000    -0.8610   2.785002    -0.8549   2.785963    7.04303     0.0864    13.8155 0.0000e+00  -61.24467  -54.34717 1152905269 195.811014    34.3359 0.0000e+00
     86.000    -0.8364   2.787412    -0.8339   2.787984    7.03563     0.1012    13.8155 0.0000e+00  -61.24467  -54.34717 1152905270 195.811025    34.3391 0.0000e+00
     87.000    -0.8252   2.788493    -0.8225   2.789095    7.02415     0.1170    13.8155 0.0000e+00  -61.24467  -54.34717 1152905272 195.811045    34.3399 0.0000e+00
     88.000    -0.8245   2.788668    -0.8215   2.789332    7.01021     0.0897    13.8155 0.0000e+00  -61.24467  -54.34717 1152905275 195.811074    34.3414 0.0000e+00
     89.000    -0.8039   2.790895    -0.8012   2.791579    7.00457     0.1140    13.8155 0.0000e+00  -61.24467  -54.34717 1152905276 195.811086    34.3470 0.0000e+00
     90.000    -0.8022   2.790987    -0.8010   2.791497    6.99682     0.0838    13.8155 0.0000e+00  -61.24467  -54.34717 1152905277 195.811097    34.3455 0.0000e+00
     91.000    -0.7984   2.791550    -0.7962   2.792190    6.98695     0.1101    13.8155 0.0000e+00  -61.24467  -54.34717 1152905278 195.811110    34.3485 0.0000e+00
     92.000    -0.7967   2.791877    -0.7967   2.792275    6.97646     0.1264    13.8155 0.0000e+00  -61.24467  -54.34717 1152905279 195.811127    34.3503 0.0000e+00
     93.000    -0.7984   2.791788    -0.7964   2.792354    6.97001     0.1223    13.8155 0.0000e+00  -61.24467  -54.34717 1152905281 195.811147    34.3508 0.0000e+00
     94.000    -0.7901   2.792831    -0.7867   2.793554    6.95832     0.1225    13.8155 0.0000e+00  -61.24467  -54.34717 1152905282 195.811162    34.3548 0.0000e+00
     95.000    -0.7771   2.794316    -0.7763   2.794783    6.94902     0.1194    13.8155 0.0000e+00  -61.24467  -54.34717 1152905283 195.811175    34.3593 0.0000e+00
     96.000    -0.7742   2.794645    -0.7740   2.795107    6.93909     0.1412    13.8155 0.0000e+00  -61.24467  -54.34717 1152905285 195.811192    34.3597 0.0000e+00
