product_data/regression_test/downloaded_data/MDGS/320620060703/ctd/adapted/heads_insert_p6622803.cnv
* Sea-Bird SBE 9 Data File:
* FileName = D:\Data\Raw\p6622803.dat
* Software Version Seasave Win32 V 5.32
* Temperature SN = 1649
* Conductivity SN = 1431
* Number of Bytes Per Scan = 37
* Number of Voltage Words = 5
* Number of Scans Averaged by the Deck Unit = 1
* NMEA Latitude = 63 03.41 S
* NMEA Longitude = 057 19.21 W
* NMEA UTC (Time) = 05:51:10
** Ship:   Nathaniel B. Palmer 
** Cruise:    NBP0606 
# nquan = 15
# nvalues = 326                         
# units = specified
# name 0 = prDM: Pressure, Digiquartz [db]
# name 1 = t090C: Temperature [ITS-90, deg C]
# name 2 = c0S/m: Conductivity [S/m]
# name 3 = t190C: Temperature, 2 [ITS-90, deg C]
# name 4 = c1S/m: Conductivity, 2 [S/m]
# name 5 = sbeox0ML/L: Oxygen, SBE 43 [ml/l]
# name 6 = flECO-AFL: Fluorescence, Wetlab ECO-AFL/FL [mg/m^3]
# name 7 = bat: Beam Attenuation, Chelsea/Seatech/Wetlab CStar [1/m]
# name 8 = spar: SPAR/Surface Irradiance
# name 9 = latitude: Latitude [deg]
# name 10 = longitude: Longitude [deg]
# name 11 = timeY: Time, System [seconds]
# name 12 = timeJ: Julian Days
# name 13 = sal00: Salinity [PSU]
# name 14 = flag: flag
# span 0 =      1.000,    326.000       
# span 1 =    -1.8843,    -1.8392       
# span 2 =   2.706293,   3.043812       
# span 3 =    -1.8841,    -1.8389       
# span 4 =   2.706919,   3.021303       
# span 5 =    5.00959,    7.64622       
# span 6 =    -0.0711,     0.0224       
# span 7 =    13.8155,    13.8155       
# span 8 = 0.0000e+00, 0.0000e+00       
# span 9 =  -63.05683,  -63.05683       
# span 10 =  -57.32017,  -57.32017      
# span 11 = 1154670726, 1154671374      
# span 12 = 216.244527, 216.252036      
# span 13 =    34.4655,    38.1898      
# span 14 = 0.0000e+00, 0.0000e+00      
# interval = decibars: 1                
# start_time = Aug 04 2006 05:52:01
# bad_flag = -9.990e-29
*END*
[from data line 193]
    193.000    -1.8835   2.715373    -1.8829   2.715615    7.64586    -0.0485    13.8155 0.0000e+00  -63.05683  -57.32017 1154671136 216.249278    34.4848 0.0000e+00
    194.000    -1.8835   2.715421    -1.8830   2.715664    7.64233    -0.0174    13.8155 0.0000e+00  -63.05683  -57.32017 1154671137 216.249292    34.4848 0.0000e+00
    195.000    -1.8835   2.715467    -1.8830   2.715703    7.64092    -0.0207    13.8155 0.0000e+00  -63.05683  -57.32017 1154671138 216.249307    34.4848 0.0000e+00
    196.000    -1.8835   2.715516    -1.8830   2.715755    7.63990    -0.0502    13.8155 0.0000e+00  -63.05683  -57.32017 1154671139 216.249321    34.4849 0.0000e+00
    197.000    -1.8836   2.715559    -1.8830   2.715809    7.64220    -0.0333    13.8155 0.0000e+00  -63.05683  -57.32017 1154671141 216.249336    34.4850 0.0000e+00
    198.000    -1.8834   2.715605    -1.8830   2.715849    7.64482    -0.0581    13.8155 0.0000e+00  -63.05683  -57.32017 1154671142 216.249350    34.4847 0.0000e+00
    199.000    -1.8835   2.715655    -1.8830   2.715895    7.64361    -0.0280    13.8155 0.0000e+00  -63.05683  -57.32017 1154671143 216.249365    34.4849 0.0000e+00
    200.000    -1.8831   2.715708    -1.8826   2.715954    7.64230    -0.0468    13.8155 0.0000e+00  -63.05683  -57.32017 1154671144 216.249379    34.4845 0.0000e+00
    201.000    -1.8827   2.715768    -1.8822   2.716004    7.64151    -0.0200    13.8155 0.0000e+00  -63.05683  -57.32017 1154671146 216.249394    34.4843 0.0000e+00
    202.000    -1.8828   2.715816    -1.8821   2.716059    7.64015    -0.0170    13.8155 0.0000e+00  -63.05683  -57.32017 1154671147 216.249408    34.4843 0.0000e+00
    203.000    -1.8829   2.715862    -1.8824   2.716101    7.64100    -0.0273    13.8155 0.0000e+00  -63.05683  -57.32017 1154671148 216.249422    34.4845 0.0000e+00
    204.000    -1.8829   2.715909    -1.8824   2.716154    7.64243    -0.0548    13.8155 0.0000e+00  -63.05683  -57.32017 1154671149 216.249437    34.4845 0.0000e+00
    205.000    -1.8828   2.715959    -1.8823   2.716199    7.64479    -0.0110    13.8155 0.0000e+00  -63.05683  -57.32017 1154671151 216.249451    34.4845 0.0000e+00
    206.000    -1.8830   2.716008    -1.8824   2.716247    7.64590    -0.0226    13.8155 0.0000e+00  -63.05683  -57.32017 1154671152 216.249466    34.4847 0.0000e+00
    207.000    -1.8829   2.716059    -1.8824   2.716296    7.64605    -0.0328    13.8155 0.0000e+00  -63.05683  -57.32017 1154671153 216.249480    34.4847 0.0000e+00
    208.000    -1.8828   2.716103    -1.8824   2.716344    7.64309    -0.0276    13.8155 0.0000e+00  -63.05683  -57.32017 1154671154 216.249495    34.4846 0.0000e+00
    209.000    -1.8828   2.716153    -1.8823   2.716390    7.63904    -0.0452    13.8155 0.0000e+00  -63.05683  -57.32017 1154671156 216.249509    34.4846 0.0000e+00
    210.000    -1.8828   2.716202    -1.8823   2.716436    7.63802    -0.0328    13.8155 0.0000e+00  -63.05683  -57.32017 1154671157 216.249524    34.4847 0.0000e+00
    211.000    -1.8828   2.716254    -1.8823   2.716483    7.63777    -0.0329    13.8155 0.0000e+00  -63.05683  -57.32017 1154671158 216.249538    34.4847 0.0000e+00
    212.000    -1.8827   2.716298    -1.8823   2.716529    7.63768    -0.0484    13.8155 0.0000e+00  -63.05683  -57.32017 1154671159 216.249553    34.4847 0.0000e+00
    213.000    -1.8828   2.716343    -1.8823   2.716574    7.63875    -0.0225    13.8155 0.0000e+00  -63.05683  -57.32017 1154671161 216.249567    34.4848 0.0000e+00
    214.000    -1.8828   2.716387    -1.8823   2.716624    7.64082    -0.0679    13.8155 0.0000e+00  -63.05683  -57.32017 1154671162 216.249581    34.4847 0.0000e+00
    215.000    -1.8827   2.716443    -1.8822   2.716677    7.63887    -0.0571    13.8155 0.0000e+00  -63.05683  -57.32017 1154671163 216.249596    34.4848 0.0000e+00
    216.000    -1.8826   2.716486    -1.8823   2.716716    7.63951    -0.0572    13.8155 0.0000e+00  -63.05683  -57.32017 1154671164 216.249610    34.4846 0.0000e+00
    217.000    -1.8826   2.716534    -1.8822   2.716766    7.64416    -0.0527    13.8155 0.0000e+00  -63.05683  -57.32017 1154671166 216.249625    34.4846 0.0000e+00
    218.000    -1.8827   2.716577    -1.8821   2.716814    7.64558    -0.0365    13.8155 0.0000e+00  -63.05683  -57.32017 1154671167 216.249639    34.4847 0.0000e+00
    219.000    -1.8826   2.716629    -1.8821   2.716858    7.64376    -0.0581    13.8155 0.0000e+00  -63.05683  -57.32017 1154671168 216.249654    34.4846 0.0000e+00
    220.000    -1.8826   2.716672    -1.8821   2.716902    7.64285    -0.0420    13.8155 0.0000e+00  -63.05683  -57.32017 1154671169 216.249668    34.4846 0.0000e+00
    221.000    -1.8826   2.716718    -1.8821   2.716950    7.64040    -0.0403    13.8155 0.0000e+00  -63.05683  -57.32017 1154671171 216.249683    34.4846 0.0000e+00
    222.000    -1.8825   2.716772    -1.8820   2.716995    7.64115    -0.0326    13.8155 0.0000e+00  -63.05683  -57.32017 1154671172 216.249697    34.4846 0.0000e+00
    223.000    -1.8825   2.716817    -1.8820   2.717043    7.64290    -0.0643    13.8155 0.0000e+00  -63.05683  -57.32017 1154671173 216.249712    34.4846 0.0000e+00
    224.000    -1.8825   2.716862    -1.8820   2.717095    7.64313    -0.0448    13.8155 0.0000e+00  -63.05683  -57.32017 1154671174 216.249727    34.4846 0.0000e+00
    225.000    -1.8825   2.716913    -1.8820   2.717142    7.64511    -0.0434    13.8155 0.0000e+00  -63.05683  -57.32017 1154671176 216.249742    34.4847 0.0000e+00
    226.000    -1.8824   2.716971    -1.8820   2.717197    7.64622    -0.0452    13.8155 0.0000e+00  -63.05683  -57.32017 1154671177 216.249756    34.4848 0.0000e+00
    227.000    -1.8826   2.717005    -1.8821   2.717237    7.64594    -0.0597    13.8155 0.0000e+00  -63.05683  -57.32017 1154671178 216.249771    34.4848 0.0000e+00
    228.000    -1.8824   2.717067    -1.8820   2.717289    7.64422    -0.0301    13.8155 0.0000e+00  -63.05683  -57.32017 1154671180 216.249786    34.4848 0.0000e+00
    229.000    -1.8823   2.717118    -1.8819   2.717348    7.64199    -0.0555    13.8155 0.0000e+00  -63.05683  -57.32017 1154671181 216.249801    34.4848 0.0000e+00
    230.000    -1.8824   2.717165    -1.8818   2.717394    7.64011    -0.0434    13.8155 0.0000e+00  -63.05683  -57.32017 1154671182 216.249815    34.4848 0.0000e+00
    231.000    -1.8824   2.717211    -1.8818   2.717436    7.63964    -0.0396    13.8155 0.0000e+00  -63.05683  -57.32017 1154671183 216.249830    34.4849 0.0000e+00
    232.000    -1.8823   2.717256    -1.8819   2.717489    7.64108    -0.0054    13.8155 0.0000e+00  -63.05683  -57.32017 1154671185 216.249844    34.4848 0.0000e+00
    233.000    -1.8823   2.717301    -1.8818   2.717531    7.64457    -0.0406    13.8155 0.0000e+00  -63.05683  -57.32017 1154671186 216.249859    34.4848 0.0000e+00
    234.000    -1.8823   2.717349    -1.8818   2.717571    7.64409    -0.0112    13.8155 0.0000e+00  -63.05683  -57.32017 1154671187 216.249873    34.4847 0.0000e+00
    235.000    -1.8822   2.717398    -1.8818   2.717617    7.64476    -0.0373    13.8155 0.0000e+00  -63.05683  -57.32017 1154671188 216.249887    34.4848 0.0000e+00
    236.000    -1.8822   2.717442    -1.8818   2.717666    7.64326    -0.0368    13.8155 0.0000e+00  -63.05683  -57.32017 1154671190 216.249902    34.4847 0.0000e+00
    237.000    -1.8822   2.717492    -1.8818   2.717713    7.64167    -0.0268    13.8155 0.0000e+00  -63.05683  -57.32017 1154671191 216.249916    34.4847 0.0000e+00
    238.000    -1.8821   2.717538    -1.8818   2.717762    7.64207    -0.0625    13.8155 0.0000e+00  -63.05683  -57.32017 1154671192 216.249931    34.4847 0.0000e+00
    239.000    -1.8822   2.717584    -1.8817   2.717811    7.64242    -0.0632    13.8155 0.0000e+00  -63.05683  -57.32017 1154671193 216.249945    34.4847 0.0000e+00
    240.000    -1.8822   2.717626    -1.8817   2.717852    7.64174    -0.0357    13.8155 0.0000e+00  -63.05683  -57.32017 1154671195 216.249960    34.4847 0.0000e+00
    241.000    -1.8821   2.717674    -1.8817   2.717899    7.64106    -0.0313    13.8155 0.0000e+00  -63.05683  -57.32017 1154671196 216.249975    34.4846 0.0000e+00
    242.000    -1.8822   2.717724    -1.8817   2.717954    7.64173    -0.0606    13.8155 0.0000e+00  -63.05683  -57.32017 1154671197 216.249989    34.4848 0.0000e+00
    243.000    -1.8821   2.717775    -1.8818   2.717994    7.63883    -0.0475    13.8155 0.0000e+00  -63.05683  -57.32017 1154671198 216.250004    34.4848 0.0000e+00
    244.000    -1.8821   2.717822    -1.8817   2.718042    7.63994    -0.0238    13.8155 0.0000e+00  -63.05683  -57.32017 1154671200 216.250019    34.4848 0.0000e+00
    245.000    -1.8822   2.717871    -1.8817   2.718089    7.64123    -0.0265    13.8155 0.0000e+00  -63.05683  -57.32017 1154671201 216.250033    34.4849 0.0000e+00
    246.000    -1.8821   2.717921    -1.8816   2.718140    7.64106    -0.0520    13.8155 0.0000e+00  -63.05683  -57.32017 1154671202 216.250047    34.4849 0.0000e+00
    247.000    -1.8818   2.717978    -1.8814   2.718200    7.64233    -0.0313    13.8155 0.0000e+00  -63.05683  -57.32017 1154671203 216.250062    34.4847 0.0000e+00
    248.000    -1.8818   2.718028    -1.8813   2.718244    7.64290    -0.0660    13.8155 0.0000e+00  -63.05683  -57.32017 1154671205 216.250076    34.4847 0.0000e+00
    249.000    -1.8817   2.718079    -1.8813   2.718298    7.64343    -0.0465    13.8155 0.0000e+00  -63.05683  -57.32017 1154671206 216.250090    34.4847 0.0000e+00
    250.000    -1.8816   2.718126    -1.8812   2.718351    7.64454    -0.0623    13.8155 0.0000e+00  -63.05683  -57.32017 1154671207 216.250105    34.4846 0.0000e+00
    251.000    -1.8817   2.718170    -1.8812   2.718396    7.64443    -0.0319    13.8155 0.0000e+00  -63.05683  -57.32017 1154671208 216.250120    34.4847 0.0000e+00
    252.000    -1.8816   2.718228    -1.8812   2.718446    7.64500    -0.0493    13.8155 0.0000e+00  -63.05683  -57.32017 1154671210 216.250134    34.4848 0.0000e+00
    253.000    -1.8816   2.718269    -1.8811   2.718484    7.64435    -0.0407    13.8155 0.0000e+00  -63.05683  -57.32017 1154671211 216.250149    34.4848 0.0000e+00
    254.000    -1.8816   2.718313    -1.8812   2.718539    7.64373    -0.0537    13.8155 0.0000e+00  -63.05683  -57.32017 1154671212 216.250163    34.4847 0.0000e+00
    255.000    -1.8816   2.718367    -1.8811   2.718587    7.64121    -0.0362    13.8155 0.0000e+00  -63.05683  -57.32017 1154671213 216.250178    34.4848 0.0000e+00
    256.000    -1.8814   2.718423    -1.8809   2.718637    7.64541    -0.0282    13.8155 0.0000e+00  -63.05683  -57.32017 1154671215 216.250192    34.4847 0.0000e+00
    257.000    -1.8815   2.718463    -1.8810   2.718683    7.64436    -0.0369    13.8155 0.0000e+00  -63.05683  -57.32017 1154671216 216.250207    34.4847 0.0000e+00
    258.000    -1.8813   2.718514    -1.8809   2.718731    7.64301    -0.0557    13.8155 0.0000e+00  -63.05683  -57.32017 1154671217 216.250221    34.4846 0.0000e+00
    259.000    -1.8814   2.718563    -1.8809   2.718782    7.64417    -0.0711    13.8155 0.0000e+00  -63.05683  -57.32017 1154671218 216.250236    34.4848 0.0000e+00
    260.000    -1.8813   2.718611    -1.8808   2.718825    7.64312    -0.0433    13.8155 0.0000e+00  -63.05683  -57.32017 1154671220 216.250250    34.4848 0.0000e+00
    261.000    -1.8813   2.718654    -1.8808   2.718878    7.64153    -0.0381    13.8155 0.0000e+00  -63.05683  -57.32017 1154671221 216.250265    34.4847 0.0000e+00
    262.000    -1.8812   2.718713    -1.8807   2.718929    7.64233    -0.0417    13.8155 0.0000e+00  -63.05683  -57.32017 1154671222 216.250280    34.4847 0.0000e+00
    263.000    -1.8812   2.718758    -1.8808   2.718965    7.64118    -0.0471    13.8155 0.0000e+00  -63.05683  -57.32017 1154671224 216.250295    34.4848 0.0000e+00
    264.000    -1.8813   2.718803    -1.8809   2.719009    7.63988    -0.0281    13.8155 0.0000e+00  -63.05683  -57.32017 1154671225 216.250310    34.4849 0.0000e+00
    265.000    -1.8813   2.718849    -1.8809   2.719054    7.64152    -0.0594    13.8155 0.0000e+00  -63.05683  -57.32017 1154671226 216.250325    34.4848 0.0000e+00
    266.000    -1.8812   2.718893    -1.8810   2.719099    7.64200    -0.0360    13.8155 0.0000e+00  -63.05683  -57.32017 1154671227 216.250340    34.4848 0.0000e+00
    267.000    -1.8813   2.718936    -1.8809   2.719149    7.64211    -0.0439    13.8155 0.0000e+00  -63.05683  -57.32017 1154671229 216.250354    34.4848 0.0000e+00
    268.000    -1.8813   2.718989    -1.8809   2.719198    7.64358    -0.0363    13.8155 0.0000e+00  -63.05683  -57.32017 1154671230 216.250368    34.4849 0.0000e+00
    269.000    -1.8814   2.719033    -1.8808   2.719246    7.64482    -0.0388    13.8155 0.0000e+00  -63.05683  -57.32017 1154671231 216.250383    34.4849 0.0000e+00
    270.000    -1.8812   2.719087    -1.8809   2.719293    7.64482    -0.0418    13.8155 0.0000e+00  -63.05683  -57.32017 1154671232 216.250397    34.4848 0.0000e+00
    271.000    -1.8813   2.719119    -1.8811   2.719327    7.64321    -0.0345    13.8155 0.0000e+00  -63.05683  -57.32017 1154671233 216.250411    34.4849 0.0000e+00
    272.000    -1.8815   2.719163    -1.8810   2.719373    7.64433    -0.0550    13.8155 0.0000e+00  -63.05683  -57.32017 1154671235 216.250425    34.4850 0.0000e+00
    273.000    -1.8816   2.719203    -1.8813   2.719407    7.64513    -0.0355    13.8155 0.0000e+00  -63.05683  -57.32017 1154671236 216.250440    34.4851 0.0000e+00
    274.000    -1.8813   2.719270    -1.8809   2.719472    7.64530    -0.0399    13.8155 0.0000e+00  -63.05683  -57.32017 1154671237 216.250454    34.4849 0.0000e+00
    275.000    -1.8812   2.719315    -1.8809   2.719523    7.64609    -0.0252    13.8155 0.0000e+00  -63.05683  -57.32017 1154671238 216.250469    34.4849 0.0000e+00
    276.000    -1.8813   2.719360    -1.8809   2.719569    7.64356    -0.0312    13.8155 0.0000e+00  -63.05683  -57.32017 1154671240 216.250483    34.4850 0.0000e+00
    277.000    -1.8813   2.719407    -1.8809   2.719612    7.64298    -0.0436    13.8155 0.0000e+00  -63.05683  -57.32017 1154671241 216.250498    34.4850 0.0000e+00
    278.000    -1.8811   2.719454    -1.8807   2.719669    7.64384    -0.0213    13.8155 0.0000e+00  -63.05683  -57.32017 1154671242 216.250513    34.4848 0.0000e+00
    279.000    -1.8809   2.719511    -1.8807   2.719718    7.64232    -0.0476    13.8155 0.0000e+00  -63.05683  -57.32017 1154671244 216.250528    34.4848 0.0000e+00
    280.000    -1.8813   2.719549    -1.8809   2.719761    7.64275    -0.0339    13.8155 0.0000e+00  -63.05683  -57.32017 1154671245 216.250542    34.4850 0.0000e+00
    281.000    -1.8815   2.719584    -1.8811   2.719787    7.64355    -0.0533    13.8155 0.0000e+00  -63.05683  -57.32017 1154671246 216.250556    34.4851 0.0000e+00
    282.000    -1.8815   2.719634    -1.8810   2.719847    7.64051    -0.0420    13.8155 0.0000e+00  -63.05683  -57.32017 1154671247 216.250571    34.4852 0.0000e+00
    283.000    -1.8812   2.719698    -1.8806   2.719909    7.63718    -0.0523    13.8155 0.0000e+00  -63.05683  -57.32017 1154671249 216.250585    34.4851 0.0000e+00
    284.000    -1.8810   2.719748    -1.8805   2.719958    7.63499    -0.0553    13.8155 0.0000e+00  -63.05683  -57.32017 1154671250 216.250600    34.4849 0.0000e+00
    285.000    -1.8809   2.719795    -1.8806   2.720006    7.63558    -0.0578    13.8155 0.0000e+00  -63.05683  -57.32017 1154671251 216.250615    34.4848 0.0000e+00
    286.000    -1.8811   2.719836    -1.8807   2.720040    7.63355    -0.0517    13.8155 0.0000e+00  -63.05683  -57.32017 1154671253 216.250631    34.4850 0.0000e+00
    287.000    -1.8812   2.719877    -1.8809   2.720073    7.63437    -0.0610    13.8155 0.0000e+00  -63.05683  -57.32017 1154671254 216.250647    34.4851 0.0000e+00
    288.000    -1.8809   2.719937    -1.8806   2.720136    7.63391    -0.0244    13.8155 0.0000e+00  -63.05683  -57.32017 1154671255 216.250663    34.4849 0.0000e+00
