product_data/regression_test/downloaded_data/MDGS/320620060703/ctd/adapted/heads_insert_p6617611.cnv
* Sea-Bird SBE 9 Data File:
* FileName = D:\Data\Raw\p6617611.dat
* Software Version Seasave Win32 V 5.32
* Temperature SN = 1649
* Conductivity SN = 1431
* Number of Bytes Per Scan = 37
* Number of Voltage Words = 5
* Number of Scans Averaged by the Deck Unit = 1
* NMEA Latitude = 60 37.00 S
* NMEA Longitude = 054 43.23 W
* NMEA UTC (Time) = 14:47:03
** Ship:   Nathaniel B. Palmer 
** Cruise:    NBP0606 
# nquan = 15
# nvalues = 741                         
# units = specified
# name 0 = prDM: Pressure, Digiquartz [db]
# name 1 = t090C: Temperature [ITS-90, deg C]
# name 2 = c0S/m: Conductivity [S/m]
# name 3 = t190C: Temperature, 2 [ITS-90, deg C]
# name 4 = c1S/m: Conductivity, 2 [S/m]
# name 5 = sbeox0ML/L: Oxygen, SBE 43 [ml/l]
# name 6 = flECO-AFL: Fluorescence, Wetlab ECO-AFL/FL [mg/m^3]
# name 7 = bat: Beam Attenuation, Chelsea/Seatech/Wetlab CStar [1/m]
# name 8 = spar: SPAR/Surface Irradiance
# name 9 = latitude: Latitude [deg]
# name 10 = longitude: Longitude [deg]
# name 11 = timeY: Time, System [seconds]
# name 12 = timeJ: Julian Days
# name 13 = sal00: Salinity [PSU]
# name 14 = flag: flag
# span 0 =     14.000,    754.000       
# span 1 =    -0.7344,     1.3945       
# span 2 =   2.781058,   2.996806       
# span 3 =    -0.7362,     1.3842       
# span 4 =   2.781493,   2.997152       
# span 5 =    4.99475,    7.63084       
# span 6 =    -0.1047,     0.4425       
# span 7 =    13.8155,    13.8155       
# span 8 = 5.4555e+01, 6.4562e+01       
# span 9 =  -60.61667,  -60.61667       
# span 10 =  -54.72050,  -54.72050      
# span 11 = 1153493243, 1153494278      
# span 12 = 202.616259, 202.628234      
# span 13 =    34.1703,    34.6654      
# span 14 = 0.0000e+00, 0.0000e+00      
# interval = decibars: 1                
# start_time = Jul 21 2006 14:47:11
# bad_flag = -9.990e-29
*END*
[from data line 675]
    688.000     0.9504   2.990258     0.9507   2.990580    5.21011    -0.0904    13.8155 -9.990e-29  -60.61667  -54.72050 1153494192 202.627248    34.6535 0.0000e+00
    689.000     0.9512   2.990385     0.9516   2.990710    5.20950    -0.0861    13.8155 -9.990e-29  -60.61667  -54.72050 1153494193 202.627259    34.6536 0.0000e+00
    690.000     0.9512   2.990418     0.9516   2.990768    5.20768    -0.0885    13.8155 -9.990e-29  -60.61667  -54.72050 1153494194 202.627270    34.6536 0.0000e+00
    691.000     0.9546   2.990822     0.9542   2.991054    5.20757    -0.0859    13.8155 -9.990e-29  -60.61667  -54.72050 1153494195 202.627279    34.6544 0.0000e+00
    692.000     0.9569   2.991071     0.9570   2.991357    5.20316    -0.0836    13.8155 -9.990e-29  -60.61667  -54.72050 1153494196 202.627287    34.6544 0.0000e+00
    693.000     0.9628   2.991720     0.9635   2.992046    5.20112    -0.0820    13.8155 -9.990e-29  -60.61667  -54.72050 1153494196 202.627296    34.6556 0.0000e+00
    694.000     0.9654   2.992002     0.9659   2.992328    5.19915    -0.0783    13.8155 -9.990e-29  -60.61667  -54.72050 1153494197 202.627307    34.6557 0.0000e+00
    695.000     0.9667   2.992157     0.9671   2.992496    5.19647    -0.0885    13.8155 -9.990e-29  -60.61667  -54.72050 1153494199 202.627328    34.6557 0.0000e+00
    696.000     0.9674   2.992277     0.9679   2.992615    5.19736    -0.0818    13.8155 -9.990e-29  -60.61667  -54.72050 1153494202 202.627358    34.6560 0.0000e+00
    697.000     0.9689   2.992469     0.9695   2.992813    5.19677    -0.0815    13.8155 -9.990e-29  -60.61667  -54.72050 1153494203 202.627375    34.6562 0.0000e+00
    698.000     0.9707   2.992699     0.9713   2.993052    5.19290    -0.0914    13.8155 -9.990e-29  -60.61667  -54.72050 1153494204 202.627387    34.6568 0.0000e+00
    699.000     0.9752   2.993195     0.9758   2.993535    5.18973    -0.0989    13.8155 -9.990e-29  -60.61667  -54.72050 1153494205 202.627397    34.6575 0.0000e+00
    700.000     0.9768   2.993396     0.9773   2.993744    5.18676    -0.0768    13.8155 -9.990e-29  -60.61667  -54.72050 1153494206 202.627407    34.6577 0.0000e+00
    701.000     0.9784   2.993615     0.9786   2.993915    5.18584    -0.0758    13.8155 -9.990e-29  -60.61667  -54.72050 1153494207 202.627416    34.6581 0.0000e+00
    702.000     0.9800   2.993796     0.9807   2.994158    5.18315    -0.0890    13.8155 -9.990e-29  -60.61667  -54.72050 1153494208 202.627427    34.6581 0.0000e+00
    703.000     0.9862   2.994529     0.9870   2.994874    5.17991    -0.0862    13.8155 -9.990e-29  -60.61667  -54.72050 1153494209 202.627439    34.6599 0.0000e+00
    704.000     0.9873   2.994656     0.9879   2.994991    5.17693    -0.0800    13.8155 -9.990e-29  -60.61667  -54.72050 1153494210 202.627454    34.6598 0.0000e+00
    705.000     0.9874   2.994717     0.9879   2.995050    5.17299    -0.0932    13.8155 5.6351e+01  -60.61667  -54.72050 1153494212 202.627477    34.6600 0.0000e+00
    706.000     0.9883   2.994859     0.9888   2.995193    5.17540    -0.0770    13.8155 5.6266e+01  -60.61667  -54.72050 1153494214 202.627503    34.6604 0.0000e+00
    707.000     0.9884   2.994915     0.9889   2.995247    5.17599    -0.0786    13.8155 5.7283e+01  -60.61667  -54.72050 1153494215 202.627516    34.6604 0.0000e+00
    708.000     0.9887   2.994981     0.9890   2.995313    5.17584    -0.0940    13.8155 5.7015e+01  -60.61667  -54.72050 1153494216 202.627526    34.6605 0.0000e+00
    709.000     0.9891   2.995079     0.9895   2.995389    5.17502    -0.0792    13.8155 5.6498e+01  -60.61667  -54.72050 1153494217 202.627535    34.6607 0.0000e+00
    710.000     0.9906   2.995247     0.9909   2.995577    5.17328    -0.0809    13.8155 5.6416e+01  -60.61667  -54.72050 1153494218 202.627544    34.6606 0.0000e+00
    711.000     0.9910   2.995340     0.9918   2.995703    5.17147    -0.0765    13.8155 5.7148e+01  -60.61667  -54.72050 1153494219 202.627561    34.6608 0.0000e+00
    712.000     0.9937   2.995684     0.9943   2.996035    5.16925    -0.0893    13.8155 5.6532e+01  -60.61667  -54.72050 1153494221 202.627580    34.6616 0.0000e+00
    713.000     0.9943   2.995796     0.9949   2.996146    5.16944    -0.0911    13.8155 -9.990e-29  -60.61667  -54.72050 1153494222 202.627592    34.6618 0.0000e+00
    714.000     0.9922   2.995616     0.9927   2.995976    5.16714    -0.0885    13.8155 -9.990e-29  -60.61667  -54.72050 1153494223 202.627604    34.6614 0.0000e+00
    715.000     0.9926   2.995727     0.9931   2.996062    5.16627    -0.0948    13.8155 -9.990e-29  -60.61667  -54.72050 1153494224 202.627616    34.6619 0.0000e+00
    716.000     0.9923   2.995734     0.9925   2.996046    5.16433    -0.0882    13.8155 5.5282e+01  -60.61667  -54.72050 1153494225 202.627632    34.6617 0.0000e+00
    717.000     0.9910   2.995646     0.9917   2.996000    5.16305    -0.1016    13.8155 5.6189e+01  -60.61667  -54.72050 1153494227 202.627648    34.6615 0.0000e+00
    718.000     0.9912   2.995695     0.9918   2.996056    5.16580    -0.0884    13.8155 5.6176e+01  -60.61667  -54.72050 1153494228 202.627663    34.6614 0.0000e+00
    719.000     0.9914   2.995768     0.9918   2.996103    5.16950    -0.0845    13.8155 5.6586e+01  -60.61667  -54.72050 1153494230 202.627680    34.6615 0.0000e+00
    720.000     0.9903   2.995732     0.9909   2.996087    5.17082    -0.0909    13.8155 5.6854e+01  -60.61667  -54.72050 1153494231 202.627699    34.6618 0.0000e+00
    721.000     0.9906   2.995791     0.9911   2.996134    5.17140    -0.0877    13.8155 5.8155e+01  -60.61667  -54.72050 1153494232 202.627712    34.6616 0.0000e+00
    722.000     0.9903   2.995830     0.9906   2.996178    5.17172    -0.0787    13.8155 5.8164e+01  -60.61667  -54.72050 1153494233 202.627723    34.6619 0.0000e+00
    723.000     0.9903   2.995887     0.9906   2.996233    5.17146    -0.0889    13.8155 5.8244e+01  -60.61667  -54.72050 1153494234 202.627733    34.6621 0.0000e+00
    724.000     0.9902   2.995922     0.9906   2.996267    5.16827    -0.0956    13.8155 5.7905e+01  -60.61667  -54.72050 1153494235 202.627743    34.6621 0.0000e+00
    725.000     0.9906   2.995993     0.9910   2.996343    5.16786    -0.0803    13.8155 5.6501e+01  -60.61667  -54.72050 1153494236 202.627755    34.6619 0.0000e+00
    726.000     0.9906   2.996044     0.9909   2.996383    5.16879    -0.0874    13.8155 5.6598e+01  -60.61667  -54.72050 1153494238 202.627774    34.6620 0.0000e+00
    727.000     0.9903   2.996084     0.9909   2.996429    5.17043    -0.0907    13.8155 5.8099e+01  -60.61667  -54.72050 1153494240 202.627799    34.6623 0.0000e+00
    728.000     0.9901   2.996113     0.9906   2.996467    5.17129    -0.0966    13.8155 5.7886e+01  -60.61667  -54.72050 1153494241 202.627815    34.6623 0.0000e+00
    729.000     0.9899   2.996145     0.9904   2.996492    5.17151    -0.0821    13.8155 5.6818e+01  -60.61667  -54.72050 1153494242 202.627826    34.6624 0.0000e+00
    730.000     0.9902   2.996212     0.9905   2.996552    5.17108    -0.0748    13.8155 5.7782e+01  -60.61667  -54.72050 1153494243 202.627837    34.6623 0.0000e+00
    731.000     0.9899   2.996235     0.9903   2.996564    5.17013    -0.0856    13.8155 5.6717e+01  -60.61667  -54.72050 1153494244 202.627846    34.6624 0.0000e+00
    732.000     0.9902   2.996302     0.9904   2.996624    5.16877    -0.0903    13.8155 5.6720e+01  -60.61667  -54.72050 1153494245 202.627858    34.6624 0.0000e+00
    733.000     0.9901   2.996335     0.9906   2.996686    5.16751    -0.0831    13.8155 5.8123e+01  -60.61667  -54.72050 1153494246 202.627873    34.6623 0.0000e+00
    734.000     0.9898   2.996372     0.9903   2.996730    5.16473    -0.0844    13.8155 5.8041e+01  -60.61667  -54.72050 1153494248 202.627888    34.6625 0.0000e+00
    735.000     0.9907   2.996489     0.9910   2.996814    5.16518    -0.0844    13.8155 5.7824e+01  -60.61667  -54.72050 1153494249 202.627902    34.6625 0.0000e+00
    736.000     0.9896   2.996462     0.9900   2.996803    5.16788    -0.0843    13.8155 5.6948e+01  -60.61667  -54.72050 1153494250 202.627921    34.6628 0.0000e+00
    737.000     0.9891   2.996493     0.9896   2.996838    5.17041    -0.0847    13.8155 5.7313e+01  -60.61667  -54.72050 1153494253 202.627946    34.6633 0.0000e+00
    738.000     0.9895   2.996572     0.9900   2.996922    5.17331    -0.0742    13.8155 5.7349e+01  -60.61667  -54.72050 1153494254 202.627959    34.6632 0.0000e+00
    739.000     0.9899   2.996643     0.9902   2.996993    5.17400    -0.0704    13.8155 5.8333e+01  -60.61667  -54.72050 1153494255 202.627969    34.6632 0.0000e+00
    740.000     0.9895   2.996670     0.9899   2.997015    5.17028    -0.0842    13.8155 5.8127e+01  -60.61667  -54.72050 1153494255 202.627978    34.6633 0.0000e+00
    741.000     0.9892   2.996699     0.9895   2.997028    5.16978    -0.1033    13.8155 5.7714e+01  -60.61667  -54.72050 1153494256 202.627987    34.6635 0.0000e+00
    742.000     0.9891   2.996729     0.9895   2.997079    5.16958    -0.0872    13.8155 5.7229e+01  -60.61667  -54.72050 1153494257 202.627997    34.6635 0.0000e+00
    743.000     0.9885   2.996742     0.9890   2.997089    5.16662    -0.0700    13.8155 5.7907e+01  -60.61667  -54.72050 1153494258 202.628013    34.6637 0.0000e+00
    744.000     0.9883   2.996772     0.9888   2.997117    5.16567    -0.0851    13.8155 5.7905e+01  -60.61667  -54.72050 1153494260 202.628038    34.6637 0.0000e+00
    745.000     0.9880   2.996806     0.9884   2.997152    5.16839    -0.0757    13.8155 5.6561e+01  -60.61667  -54.72050 1153494263 202.628067    34.6639 0.0000e+00
    746.000     0.9874   2.996804     0.9876   2.997141    5.16775    -0.0677    13.8155 -9.990e-29  -60.61667  -54.72050 1153494264 202.628080    34.6641 0.0000e+00
    747.000     0.9857   2.996729     0.9860   2.997083    5.16368    -0.0965    13.8155 -9.990e-29  -60.61667  -54.72050 1153494265 202.628091    34.6645 0.0000e+00
    748.000     0.9846   2.996688     0.9849   2.997033    5.16294    -0.0919    13.8155 5.8409e+01  -60.61667  -54.72050 1153494266 202.628106    34.6646 0.0000e+00
    749.000     0.9842   2.996692     0.9843   2.997027    5.16171    -0.0832    13.8155 5.8446e+01  -60.61667  -54.72050 1153494269 202.628140    34.6646 0.0000e+00
    750.000     0.9825   2.996628     0.9829   2.996971    5.16253    -0.0931    13.8155 5.8444e+01  -60.61667  -54.72050 1153494271 202.628164    34.6650 0.0000e+00
    751.000     0.9810   2.996566     0.9814   2.996917    5.16273    -0.0863    13.8155 -9.990e-29  -60.61667  -54.72050 1153494273 202.628185    34.6653 0.0000e+00
    752.000     0.9802   2.996543     0.9805   2.996887    5.16104    -0.0719    13.8155 5.8443e+01  -60.61667  -54.72050 1153494275 202.628200    34.6654 0.0000e+00
    753.000     0.9796   2.996541     0.9798   2.996892    5.15627    -0.0943    13.8155 5.8047e+01  -60.61667  -54.72050 1153494276 202.628215    34.6654 0.0000e+00
    754.000     0.9792   2.996545     0.9798   2.996897    5.15619    -0.0774    13.8155 6.1713e+01  -60.61667  -54.72050 1153494278 202.628234    34.6654 0.0000e+00
