product_data/regression_test/downloaded_data/MDGS/320620060703/ctd/adapted/heads_insert_p6609003.cnv
* Sea-Bird SBE 9 Data File:
* FileName = D:\Data\Raw\P6609003.dat
* Software Version Seasave Win32 V 5.32
* Temperature SN = 1649
* Conductivity SN = 1431
* Number of Bytes Per Scan = 37
* Number of Voltage Words = 5
* Number of Scans Averaged by the Deck Unit = 1
* NMEA Latitude = 61 22.54 S
* NMEA Longitude = 057 54.34 W
* NMEA UTC (Time) = 13:28:01
** Ship:   Nathaniel B. Palmer 
** Cruise:    NBP0603 p0606
** Cast #: 03
** Station:   90
** Operator: rdd
# nquan = 15
# nvalues = 1399                        
# units = specified
# name 0 = prDM: Pressure, Digiquartz [db]
# name 1 = t090C: Temperature [ITS-90, deg C]
# name 2 = c0S/m: Conductivity [S/m]
# name 3 = t190C: Temperature, 2 [ITS-90, deg C]
# name 4 = c1S/m: Conductivity, 2 [S/m]
# name 5 = sbeox0ML/L: Oxygen, SBE 43 [ml/l]
# name 6 = flECO-AFL: Fluorescence, Wetlab ECO-AFL/FL [mg/m^3]
# name 7 = bat: Beam Attenuation, Chelsea/Seatech/Wetlab CStar [1/m]
# name 8 = spar: SPAR/Surface Irradiance
# name 9 = latitude: Latitude [deg]
# name 10 = longitude: Longitude [deg]
# name 11 = timeY: Time, System [seconds]
# name 12 = timeJ: Julian Days
# name 13 = sal00: Salinity [PSU]
# name 14 = flag: flag
# span 0 =      4.000,   1402.000       
# span 1 =    -0.8073,     1.6064       
# span 2 =   2.771560,   3.048811       
# span 3 =    -0.8067,     1.6072       
# span 4 =   2.772168,   3.049082       
# span 5 =    4.66159,    7.82967       
# span 6 =    -0.1246,     0.3775       
# span 7 =    13.8155,    13.8155       
# span 8 = 1.1361e+01, 3.7057e+01       
# span 9 =  -61.37567,  -61.37567       
# span 10 =  -57.90567,  -57.90567      
# span 11 = 1152538089, 1152540167      
# span 12 = 191.561226, 191.585276      
# span 13 =    34.0612,    34.7275      
# span 14 = 0.0000e+00, 0.0000e+00      
# interval = decibars: 1                
# start_time = Jul 10 2006 13:28:09
# bad_flag = -9.990e-29
*END*
[from data line 868]
    871.000     1.2891   3.033169     1.2894   3.033451    4.85495    -0.0937    13.8155 -9.990e-29  -61.37567  -57.90567 1152539439 191.576859    34.7257 0.0000e+00
    872.000     1.2850   3.032841     1.2852   3.033135    4.85505    -0.1078    13.8155 -9.990e-29  -61.37567  -57.90567 1152539440 191.576866    34.7254 0.0000e+00
    873.000     1.2802   3.032442     1.2811   3.032802    4.85695    -0.0845    13.8155 -9.990e-29  -61.37567  -57.90567 1152539440 191.576874    34.7253 0.0000e+00
    874.000     1.2770   3.032199     1.2774   3.032498    4.85842    -0.0967    13.8155 -9.990e-29  -61.37567  -57.90567 1152539441 191.576881    34.7252 0.0000e+00
    875.000     1.2764   3.032207     1.2764   3.032460    4.85969    -0.0767    13.8155 -9.990e-29  -61.37567  -57.90567 1152539443 191.576908    34.7253 0.0000e+00
    876.000     1.2787   3.032496     1.2785   3.032686    4.86013    -0.0736    13.8155 -9.990e-29  -61.37567  -57.90567 1152539447 191.576947    34.7258 0.0000e+00
    877.000     1.2716   3.031875     1.2725   3.032210    4.86072    -0.1053    13.8155 -9.990e-29  -61.37567  -57.90567 1152539447 191.576956    34.7252 0.0000e+00
    878.000     1.2692   3.031715     1.2698   3.032018    4.86129    -0.0907    13.8155 -9.990e-29  -61.37567  -57.90567 1152539448 191.576964    34.7254 0.0000e+00
    879.000     1.2689   3.031740     1.2691   3.032005    4.86237    -0.0928    13.8155 -9.990e-29  -61.37567  -57.90567 1152539449 191.576974    34.7254 0.0000e+00
    880.000     1.2691   3.031792     1.2693   3.032062    4.86264    -0.0977    13.8155 -9.990e-29  -61.37567  -57.90567 1152539450 191.576984    34.7253 0.0000e+00
    881.000     1.2683   3.031778     1.2689   3.032049    4.86336    -0.1042    13.8155 -9.990e-29  -61.37567  -57.90567 1152539451 191.576996    34.7254 0.0000e+00
    882.000     1.2669   3.031681     1.2673   3.031955    4.86506    -0.0915    13.8155 -9.990e-29  -61.37567  -57.90567 1152539452 191.577010    34.7251 0.0000e+00
    883.000     1.2614   3.031233     1.2606   3.031409    4.86619    -0.0870    13.8155 -9.990e-29  -61.37567  -57.90567 1152539454 191.577028    34.7250 0.0000e+00
    884.000     1.2536   3.030573     1.2531   3.030792    4.86647    -0.0987    13.8155 -9.990e-29  -61.37567  -57.90567 1152539456 191.577051    34.7248 0.0000e+00
    885.000     1.2476   3.030086     1.2477   3.030350    4.86797    -0.0941    13.8155 -9.990e-29  -61.37567  -57.90567 1152539457 191.577067    34.7247 0.0000e+00
    886.000     1.2455   3.029943     1.2456   3.030192    4.86943    -0.0981    13.8155 2.6163e+01  -61.37567  -57.90567 1152539458 191.577082    34.7247 0.0000e+00
    887.000     1.2531   3.030676     1.2533   3.030906    4.87150    -0.0982    13.8155 2.5514e+01  -61.37567  -57.90567 1152539460 191.577098    34.7247 0.0000e+00
    888.000     1.2467   3.030147     1.2466   3.030394    4.87181    -0.0905    13.8155 2.5532e+01  -61.37567  -57.90567 1152539461 191.577113    34.7246 0.0000e+00
    889.000     1.2460   3.030117     1.2450   3.030285    4.87205    -0.1006    13.8155 2.5809e+01  -61.37567  -57.90567 1152539462 191.577125    34.7245 0.0000e+00
    890.000     1.2415   3.029576     1.2434   3.030141    4.87234    -0.1068    13.8155 2.6534e+01  -61.37567  -57.90567 1152539463 191.577135    34.7239 0.0000e+00
    891.000     1.2347   3.029194     1.2358   3.029545    4.87482    -0.1072    13.8155 2.6023e+01  -61.37567  -57.90567 1152539464 191.577146    34.7243 0.0000e+00
    892.000     1.2346   3.029229     1.2352   3.029523    4.87714    -0.0944    13.8155 2.5491e+01  -61.37567  -57.90567 1152539465 191.577159    34.7242 0.0000e+00
    893.000     1.2377   3.029534     1.2382   3.029825    4.87634    -0.0924    13.8155 2.5659e+01  -61.37567  -57.90567 1152539468 191.577193    34.7238 0.0000e+00
    894.000     1.2359   3.029437     1.2364   3.029723    4.87859    -0.0897    13.8155 2.5881e+01  -61.37567  -57.90567 1152539469 191.577210    34.7241 0.0000e+00
    895.000     1.2362   3.029511     1.2366   3.029789    4.88068    -0.0979    13.8155 2.5508e+01  -61.37567  -57.90567 1152539470 191.577220    34.7241 0.0000e+00
    896.000     1.2363   3.029566     1.2368   3.029849    4.88145    -0.0959    13.8155 2.5329e+01  -61.37567  -57.90567 1152539471 191.577230    34.7240 0.0000e+00
    897.000     1.2363   3.029602     1.2366   3.029875    4.88206    -0.0936    13.8155 -9.990e-29  -61.37567  -57.90567 1152539472 191.577240    34.7239 0.0000e+00
    898.000     1.2372   3.029732     1.2371   3.029954    4.88144    -0.0832    13.8155 -9.990e-29  -61.37567  -57.90567 1152539473 191.577252    34.7240 0.0000e+00
    899.000     1.2380   3.029845     1.2381   3.030082    4.87917    -0.0936    13.8155 2.6049e+01  -61.37567  -57.90567 1152539475 191.577273    34.7239 0.0000e+00
    900.000     1.2365   3.029755     1.2368   3.030019    4.87868    -0.0814    13.8155 2.6910e+01  -61.37567  -57.90567 1152539476 191.577288    34.7240 0.0000e+00
    901.000     1.2365   3.029804     1.2368   3.030068    4.87898    -0.0630    13.8155 2.5669e+01  -61.37567  -57.90567 1152539477 191.577300    34.7240 0.0000e+00
    902.000     1.2388   3.030060     1.2388   3.030274    4.87668    -0.1023    13.8155 2.5400e+01  -61.37567  -57.90567 1152539478 191.577313    34.7240 0.0000e+00
    903.000     1.2391   3.030125     1.2397   3.030407    4.87707    -0.0957    13.8155 2.5556e+01  -61.37567  -57.90567 1152539480 191.577336    34.7240 0.0000e+00
    904.000     1.2400   3.030243     1.2404   3.030515    4.87812    -0.0871    13.8155 -9.990e-29  -61.37567  -57.90567 1152539482 191.577358    34.7240 0.0000e+00
    905.000     1.2392   3.030208     1.2394   3.030484    4.87844    -0.0933    13.8155 -9.990e-29  -61.37567  -57.90567 1152539483 191.577371    34.7238 0.0000e+00
    906.000     1.2379   3.030149     1.2383   3.030414    4.87878    -0.0908    13.8155 -9.990e-29  -61.37567  -57.90567 1152539484 191.577382    34.7239 0.0000e+00
    907.000     1.2377   3.030185     1.2381   3.030448    4.87951    -0.0929    13.8155 -9.990e-29  -61.37567  -57.90567 1152539485 191.577395    34.7241 0.0000e+00
    908.000     1.2379   3.030235     1.2382   3.030486    4.88011    -0.0821    13.8155 -9.990e-29  -61.37567  -57.90567 1152539486 191.577407    34.7239 0.0000e+00
    909.000     1.2376   3.030252     1.2377   3.030512    4.88049    -0.0911    13.8155 -9.990e-29  -61.37567  -57.90567 1152539488 191.577420    34.7239 0.0000e+00
    910.000     1.2353   3.030083     1.2356   3.030357    4.88062    -0.0911    13.8155 -9.990e-29  -61.37567  -57.90567 1152539489 191.577432    34.7239 0.0000e+00
    911.000     1.2350   3.030105     1.2353   3.030374    4.88071    -0.0787    13.8155 -9.990e-29  -61.37567  -57.90567 1152539490 191.577444    34.7239 0.0000e+00
    912.000     1.2349   3.030135     1.2353   3.030397    4.88107    -0.0942    13.8155 -9.990e-29  -61.37567  -57.90567 1152539491 191.577458    34.7238 0.0000e+00
    913.000     1.2351   3.030181     1.2352   3.030431    4.88124    -0.0925    13.8155 -9.990e-29  -61.37567  -57.90567 1152539493 191.577488    34.7237 0.0000e+00
    914.000     1.2345   3.030182     1.2351   3.030470    4.88429    -0.0832    13.8155 2.6596e+01  -61.37567  -57.90567 1152539496 191.577520    34.7238 0.0000e+00
    915.000     1.2333   3.030128     1.2334   3.030368    4.88624    -0.0997    13.8155 2.6943e+01  -61.37567  -57.90567 1152539497 191.577533    34.7239 0.0000e+00
    916.000     1.2323   3.030090     1.2324   3.030333    4.88745    -0.0994    13.8155 2.6730e+01  -61.37567  -57.90567 1152539498 191.577542    34.7239 0.0000e+00
    917.000     1.2304   3.029939     1.2301   3.030172    4.88628    -0.1025    13.8155 2.7035e+01  -61.37567  -57.90567 1152539499 191.577551    34.7235 0.0000e+00
    918.000     1.2290   3.029865     1.2297   3.030175    4.88657    -0.0958    13.8155 2.7142e+01  -61.37567  -57.90567 1152539499 191.577558    34.7236 0.0000e+00
    919.000     1.2279   3.029797     1.2287   3.030124    4.88383    -0.0979    13.8155 2.6894e+01  -61.37567  -57.90567 1152539500 191.577565    34.7235 0.0000e+00
    920.000     1.2273   3.029785     1.2276   3.030070    4.88253    -0.1010    13.8155 2.6321e+01  -61.37567  -57.90567 1152539501 191.577572    34.7234 0.0000e+00
    921.000     1.2273   3.029847     1.2277   3.030109    4.88238    -0.0860    13.8155 2.5373e+01  -61.37567  -57.90567 1152539501 191.577580    34.7236 0.0000e+00
    922.000     1.2286   3.029999     1.2288   3.030250    4.88691    -0.1056    13.8155 2.6076e+01  -61.37567  -57.90567 1152539505 191.577620    34.7235 0.0000e+00
    923.000     1.2276   3.029968     1.2279   3.030240    4.89382    -0.1011    13.8155 2.6249e+01  -61.37567  -57.90567 1152539508 191.577659    34.7236 0.0000e+00
    924.000     1.2258   3.029850     1.2260   3.030121    4.89516    -0.0861    13.8155 2.6131e+01  -61.37567  -57.90567 1152539509 191.577672    34.7236 0.0000e+00
    925.000     1.2242   3.029746     1.2243   3.030031    4.89395    -0.1096    13.8155 2.6626e+01  -61.37567  -57.90567 1152539510 191.577679    34.7235 0.0000e+00
    926.000     1.2238   3.029766     1.2238   3.030011    4.89090    -0.0828    13.8155 2.7111e+01  -61.37567  -57.90567 1152539511 191.577686    34.7237 0.0000e+00
    927.000     1.2249   3.029892     1.2246   3.030120    4.88947    -0.0905    13.8155 2.6997e+01  -61.37567  -57.90567 1152539511 191.577693    34.7235 0.0000e+00
    928.000     1.2246   3.029870     1.2242   3.030101    4.88918    -0.0965    13.8155 2.6966e+01  -61.37567  -57.90567 1152539512 191.577700    34.7230 0.0000e+00
    929.000     1.2224   3.029713     1.2222   3.029985    4.88940    -0.0762    13.8155 2.5081e+01  -61.37567  -57.90567 1152539512 191.577706    34.7229 0.0000e+00
    930.000     1.2178   3.029352     1.2188   3.029702    4.88775    -0.0947    13.8155 2.5328e+01  -61.37567  -57.90567 1152539513 191.577713    34.7230 0.0000e+00
    931.000     1.2205   3.029662     1.2211   3.029951    4.88955    -0.0859    13.8155 2.5326e+01  -61.37567  -57.90567 1152539516 191.577754    34.7232 0.0000e+00
    932.000     1.2153   3.029282     1.2170   3.029683    4.89341    -0.0983    13.8155 -9.990e-29  -61.37567  -57.90567 1152539520 191.577793    34.7236 0.0000e+00
    933.000     1.2152   3.029304     1.2151   3.029556    4.89476    -0.0976    13.8155 -9.990e-29  -61.37567  -57.90567 1152539521 191.577804    34.7234 0.0000e+00
    934.000     1.2140   3.029251     1.2141   3.029501    4.89514    -0.0759    13.8155 -9.990e-29  -61.37567  -57.90567 1152539522 191.577814    34.7236 0.0000e+00
    935.000     1.2139   3.029292     1.2142   3.029575    4.89518    -0.0907    13.8155 -9.990e-29  -61.37567  -57.90567 1152539522 191.577823    34.7236 0.0000e+00
    936.000     1.2141   3.029354     1.2141   3.029609    4.89333    -0.0912    13.8155 -9.990e-29  -61.37567  -57.90567 1152539523 191.577830    34.7236 0.0000e+00
    937.000     1.2140   3.029395     1.2146   3.029689    4.89393    -0.1090    13.8155 -9.990e-29  -61.37567  -57.90567 1152539524 191.577837    34.7237 0.0000e+00
    938.000     1.2148   3.029508     1.2154   3.029788    4.89291    -0.1007    13.8155 -9.990e-29  -61.37567  -57.90567 1152539524 191.577844    34.7236 0.0000e+00
    939.000     1.2157   3.029617     1.2162   3.029891    4.89190    -0.0910    13.8155 2.5326e+01  -61.37567  -57.90567 1152539525 191.577856    34.7234 0.0000e+00
    940.000     1.2158   3.029667     1.2162   3.029930    4.89100    -0.0880    13.8155 2.5326e+01  -61.37567  -57.90567 1152539528 191.577888    34.7234 0.0000e+00
    941.000     1.2160   3.029738     1.2165   3.030008    4.88964    -0.1009    13.8155 2.5326e+01  -61.37567  -57.90567 1152539529 191.577904    34.7235 0.0000e+00
    942.000     1.2156   3.029736     1.2162   3.030017    4.89113    -0.0888    13.8155 -9.990e-29  -61.37567  -57.90567 1152539531 191.577923    34.7233 0.0000e+00
    943.000     1.2160   3.029822     1.2164   3.030076    4.89341    -0.0997    13.8155 -9.990e-29  -61.37567  -57.90567 1152539533 191.577950    34.7234 0.0000e+00
    944.000     1.2164   3.029905     1.2169   3.030181    4.89490    -0.0991    13.8155 -9.990e-29  -61.37567  -57.90567 1152539535 191.577966    34.7235 0.0000e+00
    945.000     1.2166   3.029954     1.2168   3.030225    4.89652    -0.0845    13.8155 -9.990e-29  -61.37567  -57.90567 1152539536 191.577977    34.7233 0.0000e+00
    946.000     1.2147   3.029840     1.2153   3.030130    4.89730    -0.1028    13.8155 -9.990e-29  -61.37567  -57.90567 1152539536 191.577986    34.7235 0.0000e+00
    947.000     1.2142   3.029843     1.2146   3.030115    4.89791    -0.0891    13.8155 -9.990e-29  -61.37567  -57.90567 1152539537 191.577995    34.7236 0.0000e+00
    948.000     1.2140   3.029864     1.2143   3.030135    4.89818    -0.1068    13.8155 -9.990e-29  -61.37567  -57.90567 1152539538 191.578005    34.7234 0.0000e+00
    949.000     1.2115   3.029685     1.2121   3.029989    4.89640    -0.1015    13.8155 -9.990e-29  -61.37567  -57.90567 1152539539 191.578017    34.7235 0.0000e+00
    950.000     1.2110   3.029695     1.2115   3.029973    4.89795    -0.0868    13.8155 -9.990e-29  -61.37567  -57.90567 1152539540 191.578029    34.7236 0.0000e+00
    951.000     1.2118   3.029792     1.2123   3.030083    4.89735    -0.1134    13.8155 -9.990e-29  -61.37567  -57.90567 1152539541 191.578041    34.7234 0.0000e+00
    952.000     1.2114   3.029803     1.2119   3.030081    4.89615    -0.0978    13.8155 -9.990e-29  -61.37567  -57.90567 1152539542 191.578056    34.7234 0.0000e+00
    953.000     1.2118   3.029893     1.2124   3.030168    4.89938    -0.0917    13.8155 2.5771e+01  -61.37567  -57.90567 1152539547 191.578114    34.7234 0.0000e+00
    954.000     1.2112   3.029891     1.2116   3.030159    4.89998    -0.0787    13.8155 2.5691e+01  -61.37567  -57.90567 1152539548 191.578122    34.7236 0.0000e+00
    955.000     1.2113   3.029943     1.2116   3.030213    4.90052    -0.0877    13.8155 2.5865e+01  -61.37567  -57.90567 1152539549 191.578131    34.7235 0.0000e+00
    956.000     1.2111   3.029958     1.2114   3.030230    4.90111    -0.0982    13.8155 2.6165e+01  -61.37567  -57.90567 1152539550 191.578140    34.7234 0.0000e+00
    957.000     1.2114   3.030021     1.2115   3.030288    4.90067    -0.0828    13.8155 2.6427e+01  -61.37567  -57.90567 1152539550 191.578148    34.7233 0.0000e+00
    958.000     1.2109   3.030028     1.2113   3.030304    4.89965    -0.0941    13.8155 2.5669e+01  -61.37567  -57.90567 1152539551 191.578156    34.7234 0.0000e+00
    959.000     1.2109   3.030076     1.2114   3.030359    4.89743    -0.0825    13.8155 2.6855e+01  -61.37567  -57.90567 1152539552 191.578166    34.7235 0.0000e+00
    960.000     1.2103   3.030072     1.2113   3.030386    4.89695    -0.0960    13.8155 2.5973e+01  -61.37567  -57.90567 1152539553 191.578176    34.7235 0.0000e+00
    961.000     1.2103   3.030104     1.2111   3.030418    4.89673    -0.0913    13.8155 2.5343e+01  -61.37567  -57.90567 1152539554 191.578186    34.7234 0.0000e+00
    962.000     1.2101   3.030132     1.2105   3.030411    4.89653    -0.0921    13.8155 -9.990e-29  -61.37567  -57.90567 1152539555 191.578198    34.7234 0.0000e+00
    963.000     1.2104   3.030202     1.2108   3.030469    4.89811    -0.0844    13.8155 2.5386e+01  -61.37567  -57.90567 1152539558 191.578230    34.7234 0.0000e+00
    964.000     1.2107   3.030288     1.2113   3.030582    4.90126    -0.0965    13.8155 2.5435e+01  -61.37567  -57.90567 1152539561 191.578275    34.7236 0.0000e+00
    965.000     1.2100   3.030248     1.2103   3.030535    4.89940    -0.0956    13.8155 2.5327e+01  -61.37567  -57.90567 1152539562 191.578282    34.7233 0.0000e+00
