product_data/regression_test/downloaded_data/MDGS/320620060703/ctd/adapted/heads_insert_p6615901.cnv
* Sea-Bird SBE 9 Data File:
* FileName = D:\Data\Raw\p6615901.dat
* Software Version Seasave Win32 V 5.32
* Temperature SN = 1649
* Conductivity SN = 1431
* Number of Bytes Per Scan = 37
* Number of Voltage Words = 5
* Number of Scans Averaged by the Deck Unit = 1
* NMEA Latitude = 60 53.99 S
* NMEA Longitude = 055 57.20 W
* NMEA UTC (Time) = 05:26:27
** Ship:   Nathaniel B. Palmer 
** Cruise:    NBP0606 
# nquan = 15
# nvalues = 600                         
# units = specified
# name 0 = prDM: Pressure, Digiquartz [db]
# name 1 = t090C: Temperature [ITS-90, deg C]
# name 2 = c0S/m: Conductivity [S/m]
# name 3 = t190C: Temperature, 2 [ITS-90, deg C]
# name 4 = c1S/m: Conductivity, 2 [S/m]
# name 5 = sbeox0ML/L: Oxygen, SBE 43 [ml/l]
# name 6 = flECO-AFL: Fluorescence, Wetlab ECO-AFL/FL [mg/m^3]
# name 7 = bat: Beam Attenuation, Chelsea/Seatech/Wetlab CStar [1/m]
# name 8 = spar: SPAR/Surface Irradiance
# name 9 = latitude: Latitude [deg]
# name 10 = longitude: Longitude [deg]
# name 11 = timeY: Time, System [seconds]
# name 12 = timeJ: Julian Days
# name 13 = sal00: Salinity [PSU]
# name 14 = flag: flag
# span 0 =      3.000,    602.000       
# span 1 =    -0.7239,    -0.1978       
# span 2 =   2.790166,   2.878384       
# span 3 =    -0.7239,    -0.1967       
# span 4 =   2.790791,   2.878798       
# span 5 =    6.12453,    7.43122       
# span 6 =    -0.0956,     0.1435       
# span 7 =    13.8155,    13.8155       
# span 8 = 0.0000e+00, 0.0000e+00       
# span 9 =  -60.89983,  -60.89983       
# span 10 =  -55.95333,  -55.95333      
# span 11 = 1153286807, 1153287684      
# span 12 = 200.226943, 200.237093      
# span 13 =    34.2957,    34.5251      
# span 14 = 0.0000e+00, 0.0000e+00      
# interval = decibars: 1                
# start_time = Jul 19 2006 05:26:34
# bad_flag = -9.990e-29
*END*
[from data line 386]
    388.000    -0.5827   2.828633    -0.5823   2.828997    6.62564    -0.0625    13.8155 0.0000e+00  -60.89983  -55.95333 1153287391 200.233708    34.4230 0.0000e+00
    389.000    -0.5826   2.828686    -0.5822   2.829055    6.62508    -0.0564    13.8155 0.0000e+00  -60.89983  -55.95333 1153287393 200.233726    34.4230 0.0000e+00
    390.000    -0.5829   2.828717    -0.5825   2.829085    6.62460    -0.0629    13.8155 0.0000e+00  -60.89983  -55.95333 1153287394 200.233742    34.4231 0.0000e+00
    391.000    -0.5840   2.828714    -0.5838   2.829074    6.62248    -0.0681    13.8155 0.0000e+00  -60.89983  -55.95333 1153287395 200.233754    34.4237 0.0000e+00
    392.000    -0.5849   2.828722    -0.5848   2.829088    6.62108    -0.0692    13.8155 0.0000e+00  -60.89983  -55.95333 1153287396 200.233765    34.4243 0.0000e+00
    393.000    -0.5851   2.828776    -0.5848   2.829130    6.62238    -0.0604    13.8155 0.0000e+00  -60.89983  -55.95333 1153287397 200.233778    34.4246 0.0000e+00
    394.000    -0.5850   2.828843    -0.5847   2.829204    6.62194    -0.0729    13.8155 0.0000e+00  -60.89983  -55.95333 1153287399 200.233794    34.4247 0.0000e+00
    395.000    -0.5844   2.828944    -0.5842   2.829308    6.62112    -0.0642    13.8155 0.0000e+00  -60.89983  -55.95333 1153287400 200.233810    34.4248 0.0000e+00
    396.000    -0.5817   2.829338    -0.5813   2.829690    6.62051    -0.0484    13.8155 0.0000e+00  -60.89983  -55.95333 1153287401 200.233822    34.4262 0.0000e+00
    397.000    -0.5813   2.829408    -0.5810   2.829757    6.61718    -0.0587    13.8155 0.0000e+00  -60.89983  -55.95333 1153287402 200.233835    34.4262 0.0000e+00
    398.000    -0.5814   2.829450    -0.5810   2.829803    6.61317    -0.0650    13.8155 0.0000e+00  -60.89983  -55.95333 1153287403 200.233850    34.4263 0.0000e+00
    399.000    -0.5812   2.829496    -0.5809   2.829857    6.61077    -0.0620    13.8155 0.0000e+00  -60.89983  -55.95333 1153287405 200.233867    34.4261 0.0000e+00
    400.000    -0.5801   2.829658    -0.5799   2.829996    6.61161    -0.0708    13.8155 0.0000e+00  -60.89983  -55.95333 1153287406 200.233884    34.4264 0.0000e+00
    401.000    -0.5795   2.829753    -0.5791   2.830124    6.61465    -0.0707    13.8155 0.0000e+00  -60.89983  -55.95333 1153287408 200.233903    34.4264 0.0000e+00
    402.000    -0.5780   2.829954    -0.5778   2.830309    6.61635    -0.0420    13.8155 0.0000e+00  -60.89983  -55.95333 1153287409 200.233920    34.4268 0.0000e+00
    403.000    -0.5780   2.830020    -0.5776   2.830372    6.61399    -0.0685    13.8155 0.0000e+00  -60.89983  -55.95333 1153287411 200.233933    34.4270 0.0000e+00
    404.000    -0.5776   2.830082    -0.5775   2.830438    6.61348    -0.0524    13.8155 0.0000e+00  -60.89983  -55.95333 1153287411 200.233944    34.4267 0.0000e+00
    405.000    -0.5787   2.830028    -0.5781   2.830409    6.61266    -0.0671    13.8155 0.0000e+00  -60.89983  -55.95333 1153287412 200.233953    34.4268 0.0000e+00
    406.000    -0.5765   2.830282    -0.5766   2.830607    6.61281    -0.0792    13.8155 0.0000e+00  -60.89983  -55.95333 1153287413 200.233963    34.4271 0.0000e+00
    407.000    -0.5758   2.830392    -0.5756   2.830742    6.61144    -0.0673    13.8155 0.0000e+00  -60.89983  -55.95333 1153287414 200.233975    34.4271 0.0000e+00
    408.000    -0.5756   2.830458    -0.5753   2.830800    6.61055    -0.0633    13.8155 0.0000e+00  -60.89983  -55.95333 1153287416 200.233995    34.4272 0.0000e+00
    409.000    -0.5755   2.830527    -0.5751   2.830886    6.60780    -0.0671    13.8155 0.0000e+00  -60.89983  -55.95333 1153287419 200.234026    34.4274 0.0000e+00
    410.000    -0.5754   2.830564    -0.5752   2.830927    6.60821    -0.0790    13.8155 0.0000e+00  -60.89983  -55.95333 1153287420 200.234038    34.4272 0.0000e+00
    411.000    -0.5757   2.830576    -0.5755   2.830949    6.60854    -0.0734    13.8155 0.0000e+00  -60.89983  -55.95333 1153287420 200.234047    34.4271 0.0000e+00
    412.000    -0.5763   2.830547    -0.5761   2.830926    6.60906    -0.0502    13.8155 0.0000e+00  -60.89983  -55.95333 1153287421 200.234056    34.4268 0.0000e+00
    413.000    -0.5760   2.830625    -0.5759   2.830978    6.60971    -0.0446    13.8155 0.0000e+00  -60.89983  -55.95333 1153287422 200.234066    34.4270 0.0000e+00
    414.000    -0.5758   2.830724    -0.5755   2.831080    6.60815    -0.0639    13.8155 0.0000e+00  -60.89983  -55.95333 1153287423 200.234083    34.4274 0.0000e+00
    415.000    -0.5754   2.830815    -0.5747   2.831212    6.60726    -0.0615    13.8155 0.0000e+00  -60.89983  -55.95333 1153287425 200.234104    34.4276 0.0000e+00
    416.000    -0.5752   2.830879    -0.5750   2.831230    6.60351    -0.0660    13.8155 0.0000e+00  -60.89983  -55.95333 1153287426 200.234117    34.4276 0.0000e+00
    417.000    -0.5748   2.830968    -0.5747   2.831299    6.60301    -0.0597    13.8155 0.0000e+00  -60.89983  -55.95333 1153287427 200.234129    34.4277 0.0000e+00
    418.000    -0.5749   2.831002    -0.5747   2.831348    6.60319    -0.0597    13.8155 0.0000e+00  -60.89983  -55.95333 1153287429 200.234144    34.4277 0.0000e+00
    419.000    -0.5744   2.831121    -0.5739   2.831490    6.60542    -0.0601    13.8155 0.0000e+00  -60.89983  -55.95333 1153287431 200.234166    34.4282 0.0000e+00
    420.000    -0.5728   2.831390    -0.5725   2.831755    6.60416    -0.0657    13.8155 0.0000e+00  -60.89983  -55.95333 1153287432 200.234181    34.4293 0.0000e+00
    421.000    -0.5725   2.831477    -0.5723   2.831816    6.60110    -0.0648    13.8155 0.0000e+00  -60.89983  -55.95333 1153287433 200.234192    34.4296 0.0000e+00
    422.000    -0.5726   2.831497    -0.5723   2.831857    6.59806    -0.0632    13.8155 0.0000e+00  -60.89983  -55.95333 1153287434 200.234202    34.4293 0.0000e+00
    423.000    -0.5724   2.831575    -0.5721   2.831933    6.59670    -0.0500    13.8155 0.0000e+00  -60.89983  -55.95333 1153287435 200.234213    34.4295 0.0000e+00
    424.000    -0.5722   2.831653    -0.5719   2.832013    6.59451    -0.0510    13.8155 0.0000e+00  -60.89983  -55.95333 1153287436 200.234230    34.4297 0.0000e+00
    425.000    -0.5724   2.831664    -0.5720   2.832028    6.59275    -0.0634    13.8155 0.0000e+00  -60.89983  -55.95333 1153287438 200.234250    34.4295 0.0000e+00
    426.000    -0.5724   2.831706    -0.5723   2.832040    6.59225    -0.0544    13.8155 0.0000e+00  -60.89983  -55.95333 1153287439 200.234264    34.4296 0.0000e+00
    427.000    -0.5723   2.831768    -0.5720   2.832119    6.59568    -0.0706    13.8155 0.0000e+00  -60.89983  -55.95333 1153287440 200.234277    34.4296 0.0000e+00
    428.000    -0.5724   2.831786    -0.5721   2.832141    6.59850    -0.0651    13.8155 0.0000e+00  -60.89983  -55.95333 1153287442 200.234292    34.4295 0.0000e+00
    429.000    -0.5724   2.831832    -0.5721   2.832187    6.59931    -0.0613    13.8155 0.0000e+00  -60.89983  -55.95333 1153287443 200.234307    34.4294 0.0000e+00
    430.000    -0.5725   2.831872    -0.5723   2.832227    6.60004    -0.0673    13.8155 0.0000e+00  -60.89983  -55.95333 1153287444 200.234321    34.4294 0.0000e+00
    431.000    -0.5720   2.831979    -0.5718   2.832337    6.60085    -0.0604    13.8155 0.0000e+00  -60.89983  -55.95333 1153287445 200.234334    34.4297 0.0000e+00
    432.000    -0.5718   2.832051    -0.5716   2.832406    6.60146    -0.0679    13.8155 0.0000e+00  -60.89983  -55.95333 1153287446 200.234348    34.4299 0.0000e+00
    433.000    -0.5716   2.832124    -0.5712   2.832488    6.60210    -0.0618    13.8155 0.0000e+00  -60.89983  -55.95333 1153287448 200.234363    34.4300 0.0000e+00
    434.000    -0.5718   2.832144    -0.5715   2.832506    6.60254    -0.0719    13.8155 0.0000e+00  -60.89983  -55.95333 1153287449 200.234380    34.4298 0.0000e+00
    435.000    -0.5721   2.832135    -0.5719   2.832487    6.59942    -0.0624    13.8155 0.0000e+00  -60.89983  -55.95333 1153287450 200.234397    34.4295 0.0000e+00
    436.000    -0.5720   2.832201    -0.5718   2.832549    6.59768    -0.0633    13.8155 0.0000e+00  -60.89983  -55.95333 1153287452 200.234413    34.4296 0.0000e+00
    437.000    -0.5721   2.832228    -0.5717   2.832583    6.60078    -0.0719    13.8155 0.0000e+00  -60.89983  -55.95333 1153287453 200.234428    34.4296 0.0000e+00
    438.000    -0.5707   2.832454    -0.5702   2.832799    6.59974    -0.0626    13.8155 0.0000e+00  -60.89983  -55.95333 1153287454 200.234440    34.4304 0.0000e+00
    439.000    -0.5586   2.833812    -0.5577   2.834132    6.59410    -0.0760    13.8155 0.0000e+00  -60.89983  -55.95333 1153287455 200.234450    34.4338 0.0000e+00
    440.000    -0.5486   2.834829    -0.5489   2.835082    6.58991    -0.0763    13.8155 0.0000e+00  -60.89983  -55.95333 1153287456 200.234460    34.4354 0.0000e+00
    441.000    -0.5483   2.834865    -0.5480   2.835230    6.58535    -0.0682    13.8155 0.0000e+00  -60.89983  -55.95333 1153287457 200.234471    34.4350 0.0000e+00
    442.000    -0.5501   2.834740    -0.5495   2.835109    6.57580    -0.0661    13.8155 0.0000e+00  -60.89983  -55.95333 1153287459 200.234497    34.4350 0.0000e+00
    443.000    -0.5489   2.834917    -0.5482   2.835294    6.57103    -0.0759    13.8155 0.0000e+00  -60.89983  -55.95333 1153287461 200.234521    34.4355 0.0000e+00
    444.000    -0.5476   2.835084    -0.5469   2.835477    6.56887    -0.0795    13.8155 0.0000e+00  -60.89983  -55.95333 1153287462 200.234534    34.4356 0.0000e+00
    445.000    -0.5443   2.835474    -0.5439   2.835816    6.56871    -0.0689    13.8155 0.0000e+00  -60.89983  -55.95333 1153287463 200.234546    34.4366 0.0000e+00
    446.000    -0.5419   2.835756    -0.5424   2.836033    6.56900    -0.0784    13.8155 0.0000e+00  -60.89983  -55.95333 1153287464 200.234557    34.4369 0.0000e+00
    447.000    -0.5398   2.836001    -0.5399   2.836294    6.56791    -0.0675    13.8155 0.0000e+00  -60.89983  -55.95333 1153287465 200.234569    34.4372 0.0000e+00
    448.000    -0.5386   2.836145    -0.5385   2.836483    6.56607    -0.0686    13.8155 0.0000e+00  -60.89983  -55.95333 1153287466 200.234580    34.4372 0.0000e+00
    449.000    -0.5396   2.836099    -0.5391   2.836458    6.56512    -0.0653    13.8155 0.0000e+00  -60.89983  -55.95333 1153287467 200.234590    34.4372 0.0000e+00
    450.000    -0.5384   2.836249    -0.5378   2.836627    6.56404    -0.0655    13.8155 0.0000e+00  -60.89983  -55.95333 1153287468 200.234605    34.4373 0.0000e+00
    451.000    -0.5386   2.836270    -0.5380   2.836643    6.56276    -0.0696    13.8155 0.0000e+00  -60.89983  -55.95333 1153287471 200.234633    34.4374 0.0000e+00
    452.000    -0.5367   2.836485    -0.5372   2.836775    6.55883    -0.0889    13.8155 0.0000e+00  -60.89983  -55.95333 1153287472 200.234650    34.4374 0.0000e+00
    453.000    -0.5353   2.836668    -0.5363   2.836903    6.55705    -0.0777    13.8155 0.0000e+00  -60.89983  -55.95333 1153287473 200.234661    34.4376 0.0000e+00
    454.000    -0.5370   2.836553    -0.5378   2.836813    6.55733    -0.0604    13.8155 0.0000e+00  -60.89983  -55.95333 1153287474 200.234671    34.4375 0.0000e+00
    455.000    -0.5356   2.836725    -0.5358   2.837031    6.55726    -0.0625    13.8155 0.0000e+00  -60.89983  -55.95333 1153287476 200.234687    34.4376 0.0000e+00
    456.000    -0.5345   2.836904    -0.5340   2.837270    6.55835    -0.0752    13.8155 0.0000e+00  -60.89983  -55.95333 1153287478 200.234710    34.4381 0.0000e+00
    457.000    -0.5357   2.836824    -0.5347   2.837264    6.55849    -0.0671    13.8155 0.0000e+00  -60.89983  -55.95333 1153287479 200.234723    34.4379 0.0000e+00
    458.000    -0.5351   2.836920    -0.5347   2.837299    6.55890    -0.0599    13.8155 0.0000e+00  -60.89983  -55.95333 1153287479 200.234732    34.4379 0.0000e+00
    459.000    -0.5347   2.836997    -0.5346   2.837355    6.55882    -0.0709    13.8155 0.0000e+00  -60.89983  -55.95333 1153287480 200.234741    34.4379 0.0000e+00
    460.000    -0.5365   2.836871    -0.5364   2.837227    6.55886    -0.0780    13.8155 0.0000e+00  -60.89983  -55.95333 1153287481 200.234750    34.4377 0.0000e+00
    461.000    -0.5350   2.837053    -0.5352   2.837359    6.55694    -0.0700    13.8155 0.0000e+00  -60.89983  -55.95333 1153287482 200.234766    34.4379 0.0000e+00
    462.000    -0.5353   2.837088    -0.5349   2.837431    6.55658    -0.0566    13.8155 0.0000e+00  -60.89983  -55.95333 1153287485 200.234796    34.4381 0.0000e+00
    463.000    -0.5351   2.837160    -0.5349   2.837494    6.55471    -0.0670    13.8155 0.0000e+00  -60.89983  -55.95333 1153287486 200.234813    34.4382 0.0000e+00
    464.000    -0.5347   2.837234    -0.5351   2.837514    6.55550    -0.0526    13.8155 0.0000e+00  -60.89983  -55.95333 1153287488 200.234827    34.4381 0.0000e+00
    465.000    -0.5342   2.837323    -0.5331   2.837759    6.55443    -0.0625    13.8155 0.0000e+00  -60.89983  -55.95333 1153287489 200.234841    34.4382 0.0000e+00
    466.000    -0.5336   2.837446    -0.5336   2.837760    6.55227    -0.0698    13.8155 0.0000e+00  -60.89983  -55.95333 1153287490 200.234854    34.4385 0.0000e+00
    467.000    -0.5295   2.837887    -0.5295   2.838220    6.55214    -0.0802    13.8155 0.0000e+00  -60.89983  -55.95333 1153287491 200.234866    34.4389 0.0000e+00
    468.000    -0.5336   2.837519    -0.5330   2.837934    6.55242    -0.0794    13.8155 0.0000e+00  -60.89983  -55.95333 1153287492 200.234876    34.4384 0.0000e+00
    469.000    -0.5341   2.837501    -0.5337   2.837888    6.55455    -0.0798    13.8155 0.0000e+00  -60.89983  -55.95333 1153287493 200.234886    34.4381 0.0000e+00
    470.000    -0.5358   2.837382    -0.5342   2.837866    6.55663    -0.0697    13.8155 0.0000e+00  -60.89983  -55.95333 1153287494 200.234902    34.4378 0.0000e+00
    471.000    -0.5339   2.837630    -0.5332   2.838024    6.55701    -0.0587    13.8155 0.0000e+00  -60.89983  -55.95333 1153287496 200.234930    34.4383 0.0000e+00
    472.000    -0.5373   2.837350    -0.5366   2.837736    6.55802    -0.0680    13.8155 0.0000e+00  -60.89983  -55.95333 1153287498 200.234947    34.4380 0.0000e+00
    473.000    -0.5397   2.837140    -0.5399   2.837464    6.55843    -0.0680    13.8155 0.0000e+00  -60.89983  -55.95333 1153287499 200.234959    34.4373 0.0000e+00
    474.000    -0.5403   2.837137    -0.5394   2.837550    6.55688    -0.0563    13.8155 0.0000e+00  -60.89983  -55.95333 1153287500 200.234970    34.4374 0.0000e+00
    475.000    -0.5357   2.837658    -0.5337   2.838187    6.55482    -0.0744    13.8155 0.0000e+00  -60.89983  -55.95333 1153287501 200.234982    34.4384 0.0000e+00
    476.000    -0.5296   2.838341    -0.5289   2.838709    6.55330    -0.0683    13.8155 0.0000e+00  -60.89983  -55.95333 1153287502 200.234995    34.4400 0.0000e+00
    477.000    -0.5287   2.838489    -0.5296   2.838714    6.55226    -0.0744    13.8155 0.0000e+00  -60.89983  -55.95333 1153287503 200.235010    34.4402 0.0000e+00
    478.000    -0.5271   2.838658    -0.5283   2.838857    6.55015    -0.0584    13.8155 0.0000e+00  -60.89983  -55.95333 1153287505 200.235030    34.4403 0.0000e+00
    479.000    -0.5254   2.838881    -0.5249   2.839235    6.55059    -0.0715    13.8155 0.0000e+00  -60.89983  -55.95333 1153287507 200.235048    34.4406 0.0000e+00
    480.000    -0.5275   2.838701    -0.5278   2.839011    6.54779    -0.0670    13.8155 0.0000e+00  -60.89983  -55.95333 1153287508 200.235062    34.4399 0.0000e+00
    481.000    -0.5284   2.838634    -0.5285   2.838962    6.54607    -0.0644    13.8155 0.0000e+00  -60.89983  -55.95333 1153287509 200.235074    34.4395 0.0000e+00
    482.000    -0.5246   2.839120    -0.5252   2.839345    6.54371    -0.0736    13.8155 0.0000e+00  -60.89983  -55.95333 1153287510 200.235087    34.4412 0.0000e+00
    483.000    -0.5234   2.839267    -0.5219   2.839733    6.54151    -0.0743    13.8155 0.0000e+00  -60.89983  -55.95333 1153287511 200.235099    34.4411 0.0000e+00
