product_data/regression_test/downloaded_data/MDGS/320620060703/ctd/adapted/heads_insert_p6622803.cnv
* Sea-Bird SBE 9 Data File:
* FileName = D:\Data\Raw\p6622803.dat
* Software Version Seasave Win32 V 5.32
* Temperature SN = 1649
* Conductivity SN = 1431
* Number of Bytes Per Scan = 37
* Number of Voltage Words = 5
* Number of Scans Averaged by the Deck Unit = 1
* NMEA Latitude = 63 03.41 S
* NMEA Longitude = 057 19.21 W
* NMEA UTC (Time) = 05:51:10
** Ship:   Nathaniel B. Palmer 
** Cruise:    NBP0606 
# nquan = 15
# nvalues = 326                         
# units = specified
# name 0 = prDM: Pressure, Digiquartz [db]
# name 1 = t090C: Temperature [ITS-90, deg C]
# name 2 = c0S/m: Conductivity [S/m]
# name 3 = t190C: Temperature, 2 [ITS-90, deg C]
# name 4 = c1S/m: Conductivity, 2 [S/m]
# name 5 = sbeox0ML/L: Oxygen, SBE 43 [ml/l]
# name 6 = flECO-AFL: Fluorescence, Wetlab ECO-AFL/FL [mg/m^3]
# name 7 = bat: Beam Attenuation, Chelsea/Seatech/Wetlab CStar [1/m]
# name 8 = spar: SPAR/Surface Irradiance
# name 9 = latitude: Latitude [deg]
# name 10 = longitude: Longitude [deg]
# name 11 = timeY: Time, System [seconds]
# name 12 = timeJ: Julian Days
# name 13 = sal00: Salinity [PSU]
# name 14 = flag: flag
# span 0 =      1.000,    326.000       
# span 1 =    -1.8843,    -1.8392       
# span 2 =   2.706293,   3.043812       
# span 3 =    -1.8841,    -1.8389       
# span 4 =   2.706919,   3.021303       
# span 5 =    5.00959,    7.64622       
# span 6 =    -0.0711,     0.0224       
# span 7 =    13.8155,    13.8155       
# span 8 = 0.0000e+00, 0.0000e+00       
# span 9 =  -63.05683,  -63.05683       
# span 10 =  -57.32017,  -57.32017      
# span 11 = 1154670726, 1154671374      
# span 12 = 216.244527, 216.252036      
# span 13 =    34.4655,    38.1898      
# span 14 = 0.0000e+00, 0.0000e+00      
# interval = decibars: 1                
# start_time = Aug 04 2006 05:52:01
# bad_flag = -9.990e-29
*END*
Pressure	Temperature	Conductivity	Temperature2	Conductivity2	Oxygen	Fluorescence	Beam Attenuation	SPAR	latitude	longitude	timeY	timeJ	Salinity	flag
      1.000    -1.8392   3.043812    -1.8389   3.021303    5.00959    -0.0400    13.8155 0.0000e+00  -63.05683  -57.32017 1154670726 216.244527    38.1898 0.0000e+00
      2.000    -1.8688   2.706293    -1.8717   2.706919    7.56613    -0.0036    13.8155 0.0000e+00  -63.05683  -57.32017 1154670795 216.245334    34.4655 0.0000e+00
      3.000    -1.8699   2.706735    -1.8721   2.707365    7.56419     0.0064    13.8155 0.0000e+00  -63.05683  -57.32017 1154670799 216.245380    34.4708 0.0000e+00
      4.000    -1.8700   2.706776    -1.8721   2.707395    7.57203     0.0007    13.8155 0.0000e+00  -63.05683  -57.32017 1154670802 216.245420    34.4708 0.0000e+00
      5.000    -1.8702   2.706822    -1.8721   2.707447    7.57495    -0.0027    13.8155 0.0000e+00  -63.05683  -57.32017 1154670805 216.245455    34.4710 0.0000e+00
      6.000    -1.8702   2.706862    -1.8721   2.707471    7.57865    -0.0055    13.8155 0.0000e+00  -63.05683  -57.32017 1154670808 216.245488    34.4709 0.0000e+00
      7.000    -1.8703   2.706888    -1.8721   2.707498    7.58016     0.0164    13.8155 0.0000e+00  -63.05683  -57.32017 1154670810 216.245515    34.4708 0.0000e+00
      8.000    -1.8706   2.706903    -1.8727   2.707483    7.58601    -0.0197    13.8155 0.0000e+00  -63.05683  -57.32017 1154670813 216.245539    34.4706 0.0000e+00
      9.000    -1.8744   2.706777    -1.8758   2.707396    7.59196     0.0096    13.8155 0.0000e+00  -63.05683  -57.32017 1154670815 216.245563    34.4729 0.0000e+00
     10.000    -1.8759   2.706703    -1.8776   2.707295    7.59222     0.0001    13.8155 0.0000e+00  -63.05683  -57.32017 1154670817 216.245587    34.4728 0.0000e+00
     11.000    -1.8770   2.706752    -1.8782   2.707350    7.59688     0.0004    13.8155 0.0000e+00  -63.05683  -57.32017 1154670819 216.245612    34.4741 0.0000e+00
     12.000    -1.8774   2.706780    -1.8792   2.707378    7.60280     0.0051    13.8155 0.0000e+00  -63.05683  -57.32017 1154670821 216.245636    34.4743 0.0000e+00
     13.000    -1.8774   2.706846    -1.8787   2.707424    7.60563     0.0158    13.8155 0.0000e+00  -63.05683  -57.32017 1154670823 216.245660    34.4746 0.0000e+00
     14.000    -1.8783   2.706890    -1.8796   2.707472    7.60500     0.0121    13.8155 0.0000e+00  -63.05683  -57.32017 1154670825 216.245684    34.4756 0.0000e+00
     15.000    -1.8790   2.706925    -1.8805   2.707502    7.60603     0.0067    13.8155 0.0000e+00  -63.05683  -57.32017 1154670827 216.245707    34.4763 0.0000e+00
     16.000    -1.8790   2.706972    -1.8805   2.707544    7.60704    -0.0106    13.8155 0.0000e+00  -63.05683  -57.32017 1154670829 216.245731    34.4762 0.0000e+00
     17.000    -1.8788   2.707020    -1.8805   2.707589    7.60824     0.0093    13.8155 0.0000e+00  -63.05683  -57.32017 1154670831 216.245754    34.4760 0.0000e+00
     18.000    -1.8789   2.707071    -1.8801   2.707642    7.61316     0.0048    13.8155 0.0000e+00  -63.05683  -57.32017 1154670833 216.245778    34.4762 0.0000e+00
     19.000    -1.8784   2.707130    -1.8798   2.707698    7.61571     0.0062    13.8155 0.0000e+00  -63.05683  -57.32017 1154670835 216.245802    34.4758 0.0000e+00
     20.000    -1.8787   2.707185    -1.8802   2.707735    7.61084     0.0076    13.8155 0.0000e+00  -63.05683  -57.32017 1154670837 216.245825    34.4762 0.0000e+00
     21.000    -1.8787   2.707218    -1.8796   2.707783    7.61246     0.0021    13.8155 0.0000e+00  -63.05683  -57.32017 1154670839 216.245849    34.4761 0.0000e+00
     22.000    -1.8771   2.707282    -1.8781   2.707835    7.60982    -0.0081    13.8155 0.0000e+00  -63.05683  -57.32017 1154670842 216.245873    34.4743 0.0000e+00
     23.000    -1.8786   2.707321    -1.8797   2.707868    7.61563    -0.0086    13.8155 0.0000e+00  -63.05683  -57.32017 1154670843 216.245897    34.4761 0.0000e+00
     24.000    -1.8790   2.707356    -1.8806   2.707891    7.61887    -0.0065    13.8155 0.0000e+00  -63.05683  -57.32017 1154670846 216.245921    34.4764 0.0000e+00
     25.000    -1.8795   2.707403    -1.8800   2.707942    7.61613    -0.0054    13.8155 0.0000e+00  -63.05683  -57.32017 1154670848 216.245944    34.4769 0.0000e+00
     26.000    -1.8790   2.707462    -1.8796   2.708000    7.61712     0.0090    13.8155 0.0000e+00  -63.05683  -57.32017 1154670850 216.245968    34.4765 0.0000e+00
     27.000    -1.8785   2.707509    -1.8789   2.708046    7.61680    -0.0030    13.8155 0.0000e+00  -63.05683  -57.32017 1154670852 216.245991    34.4760 0.0000e+00
     28.000    -1.8784   2.707558    -1.8790   2.708097    7.61109     0.0025    13.8155 0.0000e+00  -63.05683  -57.32017 1154670854 216.246017    34.4759 0.0000e+00
     29.000    -1.8785   2.707606    -1.8793   2.708138    7.61019     0.0003    13.8155 0.0000e+00  -63.05683  -57.32017 1154670856 216.246045    34.4760 0.0000e+00
     30.000    -1.8768   2.707679    -1.8773   2.708205    7.60755    -0.0030    13.8155 0.0000e+00  -63.05683  -57.32017 1154670859 216.246072    34.4743 0.0000e+00
     31.000    -1.8759   2.707727    -1.8767   2.708236    7.60615     0.0007    13.8155 0.0000e+00  -63.05683  -57.32017 1154670861 216.246100    34.4733 0.0000e+00
     32.000    -1.8763   2.707774    -1.8771   2.708284    7.60420    -0.0041    13.8155 0.0000e+00  -63.05683  -57.32017 1154670863 216.246128    34.4739 0.0000e+00
     33.000    -1.8764   2.707826    -1.8773   2.708334    7.60453    -0.0060    13.8155 0.0000e+00  -63.05683  -57.32017 1154670866 216.246155    34.4741 0.0000e+00
     34.000    -1.8762   2.707864    -1.8770   2.708373    7.60544    -0.0105    13.8155 0.0000e+00  -63.05683  -57.32017 1154670868 216.246183    34.4737 0.0000e+00
     35.000    -1.8763   2.707923    -1.8771   2.708422    7.60733    -0.0020    13.8155 0.0000e+00  -63.05683  -57.32017 1154670871 216.246210    34.4739 0.0000e+00
     36.000    -1.8765   2.707969    -1.8774   2.708461    7.61564     0.0053    13.8155 0.0000e+00  -63.05683  -57.32017 1154670873 216.246238    34.4743 0.0000e+00
     37.000    -1.8758   2.708033    -1.8766   2.708526    7.61473     0.0093    13.8155 0.0000e+00  -63.05683  -57.32017 1154670875 216.246265    34.4737 0.0000e+00
     38.000    -1.8750   2.708092    -1.8757   2.708583    7.61108     0.0092    13.8155 0.0000e+00  -63.05683  -57.32017 1154670878 216.246292    34.4728 0.0000e+00
     39.000    -1.8754   2.708138    -1.8763   2.708619    7.60446    -0.0056    13.8155 0.0000e+00  -63.05683  -57.32017 1154670880 216.246320    34.4733 0.0000e+00
     40.000    -1.8759   2.708178    -1.8767   2.708656    7.59970     0.0132    13.8155 0.0000e+00  -63.05683  -57.32017 1154670882 216.246347    34.4739 0.0000e+00
     41.000    -1.8781   2.708197    -1.8787   2.708681    7.60562    -0.0128    13.8155 0.0000e+00  -63.05683  -57.32017 1154670885 216.246375    34.4761 0.0000e+00
     42.000    -1.8765   2.708258    -1.8765   2.708735    7.60741     0.0126    13.8155 0.0000e+00  -63.05683  -57.32017 1154670887 216.246402    34.4744 0.0000e+00
     43.000    -1.8754   2.708324    -1.8759   2.708786    7.60956     0.0057    13.8155 0.0000e+00  -63.05683  -57.32017 1154670889 216.246429    34.4733 0.0000e+00
     44.000    -1.8754   2.708360    -1.8758   2.708826    7.61148    -0.0007    13.8155 0.0000e+00  -63.05683  -57.32017 1154670892 216.246456    34.4732 0.0000e+00
     45.000    -1.8765   2.708384    -1.8769   2.708847    7.60684    -0.0113    13.8155 0.0000e+00  -63.05683  -57.32017 1154670894 216.246484    34.4742 0.0000e+00
     46.000    -1.8793   2.708394    -1.8801   2.708854    7.60697    -0.0037    13.8155 0.0000e+00  -63.05683  -57.32017 1154670897 216.246511    34.4770 0.0000e+00
     47.000    -1.8817   2.708424    -1.8826   2.708881    7.61518    -0.0122    13.8155 0.0000e+00  -63.05683  -57.32017 1154670899 216.246538    34.4797 0.0000e+00
     48.000    -1.8822   2.708468    -1.8832   2.708912    7.62139     0.0086    13.8155 0.0000e+00  -63.05683  -57.32017 1154670901 216.246566    34.4802 0.0000e+00
     49.000    -1.8819   2.708509    -1.8830   2.708955    7.62135    -0.0089    13.8155 0.0000e+00  -63.05683  -57.32017 1154670904 216.246593    34.4797 0.0000e+00
     50.000    -1.8835   2.708537    -1.8839   2.708978    7.61888     0.0036    13.8155 0.0000e+00  -63.05683  -57.32017 1154670906 216.246620    34.4814 0.0000e+00
     51.000    -1.8838   2.708581    -1.8840   2.709025    7.62408     0.0224    13.8155 0.0000e+00  -63.05683  -57.32017 1154670908 216.246647    34.4817 0.0000e+00
     52.000    -1.8837   2.708633    -1.8840   2.709067    7.62692     0.0070    13.8155 0.0000e+00  -63.05683  -57.32017 1154670911 216.246675    34.4816 0.0000e+00
     53.000    -1.8839   2.708677    -1.8840   2.709109    7.63258    -0.0007    13.8155 0.0000e+00  -63.05683  -57.32017 1154670913 216.246702    34.4818 0.0000e+00
     54.000    -1.8838   2.708727    -1.8840   2.709159    7.63221    -0.0130    13.8155 0.0000e+00  -63.05683  -57.32017 1154670915 216.246729    34.4817 0.0000e+00
     55.000    -1.8839   2.708773    -1.8841   2.709201    7.63186    -0.0110    13.8155 0.0000e+00  -63.05683  -57.32017 1154670918 216.246756    34.4818 0.0000e+00
     56.000    -1.8839   2.708815    -1.8841   2.709243    7.62944     0.0001    13.8155 0.0000e+00  -63.05683  -57.32017 1154670920 216.246783    34.4818 0.0000e+00
     57.000    -1.8839   2.708869    -1.8840   2.709290    7.63053     0.0017    13.8155 0.0000e+00  -63.05683  -57.32017 1154670922 216.246810    34.4819 0.0000e+00
     58.000    -1.8839   2.708915    -1.8840   2.709337    7.62832     0.0006    13.8155 0.0000e+00  -63.05683  -57.32017 1154670925 216.246837    34.4819 0.0000e+00
     59.000    -1.8840   2.708961    -1.8841   2.709375    7.62716    -0.0065    13.8155 0.0000e+00  -63.05683  -57.32017 1154670927 216.246864    34.4820 0.0000e+00
     60.000    -1.8841   2.709004    -1.8841   2.709416    7.62874    -0.0096    13.8155 0.0000e+00  -63.05683  -57.32017 1154670929 216.246891    34.4820 0.0000e+00
     61.000    -1.8841   2.709055    -1.8841   2.709463    7.62848    -0.0099    13.8155 0.0000e+00  -63.05683  -57.32017 1154670932 216.246918    34.4821 0.0000e+00
     62.000    -1.8841   2.709100    -1.8841   2.709505    7.62609    -0.0142    13.8155 0.0000e+00  -63.05683  -57.32017 1154670934 216.246946    34.4821 0.0000e+00
     63.000    -1.8841   2.709150    -1.8840   2.709552    7.62504    -0.0105    13.8155 0.0000e+00  -63.05683  -57.32017 1154670936 216.246972    34.4822 0.0000e+00
     64.000    -1.8842   2.709199    -1.8841   2.709592    7.62911     0.0020    13.8155 0.0000e+00  -63.05683  -57.32017 1154670939 216.246998    34.4823 0.0000e+00
     65.000    -1.8841   2.709247    -1.8841   2.709642    7.63412     0.0070    13.8155 0.0000e+00  -63.05683  -57.32017 1154670941 216.247024    34.4823 0.0000e+00
     66.000    -1.8842   2.709294    -1.8841   2.709685    7.63489    -0.0027    13.8155 0.0000e+00  -63.05683  -57.32017 1154670943 216.247050    34.4823 0.0000e+00
     67.000    -1.8841   2.709344    -1.8841   2.709732    7.63146    -0.0111    13.8155 0.0000e+00  -63.05683  -57.32017 1154670945 216.247075    34.4823 0.0000e+00
     68.000    -1.8842   2.709389    -1.8840   2.709781    7.63211     0.0071    13.8155 0.0000e+00  -63.05683  -57.32017 1154670947 216.247099    34.4824 0.0000e+00
     69.000    -1.8842   2.709437    -1.8841   2.709821    7.62749    -0.0185    13.8155 0.0000e+00  -63.05683  -57.32017 1154670949 216.247123    34.4824 0.0000e+00
     70.000    -1.8842   2.709488    -1.8841   2.709868    7.62512     0.0047    13.8155 0.0000e+00  -63.05683  -57.32017 1154670952 216.247148    34.4825 0.0000e+00
     71.000    -1.8842   2.709534    -1.8840   2.709920    7.62618     0.0099    13.8155 0.0000e+00  -63.05683  -57.32017 1154670954 216.247172    34.4825 0.0000e+00
     72.000    -1.8842   2.709584    -1.8841   2.709969    7.62712    -0.0027    13.8155 0.0000e+00  -63.05683  -57.32017 1154670955 216.247193    34.4825 0.0000e+00
     73.000    -1.8842   2.709634    -1.8840   2.710010    7.63121    -0.0053    13.8155 0.0000e+00  -63.05683  -57.32017 1154670957 216.247215    34.4826 0.0000e+00
     74.000    -1.8842   2.709677    -1.8840   2.710055    7.63135     0.0030    13.8155 0.0000e+00  -63.05683  -57.32017 1154670959 216.247237    34.4825 0.0000e+00
     75.000    -1.8842   2.709727    -1.8841   2.710100    7.62703    -0.0032    13.8155 0.0000e+00  -63.05683  -57.32017 1154670961 216.247260    34.4825 0.0000e+00
     76.000    -1.8841   2.709779    -1.8839   2.710148    7.62663     0.0009    13.8155 0.0000e+00  -63.05683  -57.32017 1154670963 216.247282    34.4826 0.0000e+00
     77.000    -1.8843   2.709821    -1.8839   2.710197    7.63143    -0.0060    13.8155 0.0000e+00  -63.05683  -57.32017 1154670965 216.247305    34.4827 0.0000e+00
     78.000    -1.8842   2.709873    -1.8839   2.710245    7.63313    -0.0070    13.8155 0.0000e+00  -63.05683  -57.32017 1154670967 216.247328    34.4827 0.0000e+00
     79.000    -1.8841   2.709921    -1.8839   2.710286    7.63110     0.0155    13.8155 0.0000e+00  -63.05683  -57.32017 1154670969 216.247351    34.4826 0.0000e+00
     80.000    -1.8842   2.709972    -1.8839   2.710330    7.63158    -0.0159    13.8155 0.0000e+00  -63.05683  -57.32017 1154670971 216.247373    34.4828 0.0000e+00
     81.000    -1.8842   2.710019    -1.8839   2.710383    7.63082    -0.0171    13.8155 0.0000e+00  -63.05683  -57.32017 1154670973 216.247396    34.4828 0.0000e+00
     82.000    -1.8842   2.710066    -1.8839   2.710425    7.62945    -0.0038    13.8155 0.0000e+00  -63.05683  -57.32017 1154670975 216.247418    34.4828 0.0000e+00
     83.000    -1.8842   2.710116    -1.8838   2.710475    7.63133    -0.0085    13.8155 0.0000e+00  -63.05683  -57.32017 1154670977 216.247440    34.4828 0.0000e+00
     84.000    -1.8842   2.710163    -1.8838   2.710521    7.63458     0.0089    13.8155 0.0000e+00  -63.05683  -57.32017 1154670979 216.247462    34.4829 0.0000e+00
     85.000    -1.8842   2.710211    -1.8839   2.710566    7.63551    -0.0117    13.8155 0.0000e+00  -63.05683  -57.32017 1154670981 216.247485    34.4829 0.0000e+00
     86.000    -1.8841   2.710258    -1.8839   2.710611    7.63482    -0.0150    13.8155 0.0000e+00  -63.05683  -57.32017 1154670983 216.247507    34.4828 0.0000e+00
     87.000    -1.8841   2.710313    -1.8838   2.710657    7.63496    -0.0146    13.8155 0.0000e+00  -63.05683  -57.32017 1154670985 216.247530    34.4829 0.0000e+00
     88.000    -1.8841   2.710355    -1.8838   2.710701    7.63457    -0.0028    13.8155 0.0000e+00  -63.05683  -57.32017 1154670987 216.247553    34.4829 0.0000e+00
     89.000    -1.8841   2.710401    -1.8838   2.710741    7.63569    -0.0184    13.8155 0.0000e+00  -63.05683  -57.32017 1154670989 216.247576    34.4828 0.0000e+00
     90.000    -1.8841   2.710453    -1.8837   2.710796    7.63276     0.0025    13.8155 0.0000e+00  -63.05683  -57.32017 1154670991 216.247598    34.4829 0.0000e+00
     91.000    -1.8841   2.710500    -1.8837   2.710839    7.63176    -0.0038    13.8155 0.0000e+00  -63.05683  -57.32017 1154670992 216.247620    34.4830 0.0000e+00
     92.000    -1.8841   2.710553    -1.8837   2.710891    7.62903    -0.0066    13.8155 0.0000e+00  -63.05683  -57.32017 1154670994 216.247643    34.4830 0.0000e+00
     93.000    -1.8840   2.710607    -1.8836   2.710948    7.62925    -0.0057    13.8155 0.0000e+00  -63.05683  -57.32017 1154670996 216.247665    34.4830 0.0000e+00
     94.000    -1.8840   2.710658    -1.8835   2.710991    7.62997    -0.0148    13.8155 0.0000e+00  -63.05683  -57.32017 1154670998 216.247688    34.4831 0.0000e+00
     95.000    -1.8841   2.710707    -1.8836   2.711040    7.62935    -0.0180    13.8155 0.0000e+00  -63.05683  -57.32017 1154671000 216.247710    34.4832 0.0000e+00
