product_data/regression_test/downloaded_data/MDGS/320620060703/ctd/adapted/heads_insert_p6607301.cnv
* Sea-Bird SBE 9 Data File:
* FileName = D:\Data\Raw\p6607301.dat
* Software Version Seasave Win32 V 5.32
* Temperature SN = 1649
* Conductivity SN = 1431
* Number of Bytes Per Scan = 37
* Number of Voltage Words = 5
* Number of Scans Averaged by the Deck Unit = 1
* NMEA Latitude = 62 13.82 S
* NMEA Longitude = 058 07.00 W
* NMEA UTC (Time) = 06:24:58
** Ship:   Nathaniel B. Palmer 
** Cruise:    NBP0606 
# nquan = 15
# nvalues = 801                         
# units = specified
# name 0 = prDM: Pressure, Digiquartz [db]
# name 1 = t090C: Temperature [ITS-90, deg C]
# name 2 = c0S/m: Conductivity [S/m]
# name 3 = t190C: Temperature, 2 [ITS-90, deg C]
# name 4 = c1S/m: Conductivity, 2 [S/m]
# name 5 = sbeox0ML/L: Oxygen, SBE 43 [ml/l]
# name 6 = flECO-AFL: Fluorescence, Wetlab ECO-AFL/FL [mg/m^3]
# name 7 = bat: Beam Attenuation, Chelsea/Seatech/Wetlab CStar [1/m]
# name 8 = spar: SPAR/Surface Irradiance
# name 9 = latitude: Latitude [deg]
# name 10 = longitude: Longitude [deg]
# name 11 = timeY: Time, System [seconds]
# name 12 = timeJ: Julian Days
# name 13 = sal00: Salinity [PSU]
# name 14 = flag: flag
# span 0 =      2.000,    802.000       
# span 1 =    -1.4485,     0.2226       
# span 2 =   2.747905,   2.911408       
# span 3 =    -1.4480,     0.2238       
# span 4 =   2.747957,   2.911322       
# span 5 =    5.84755,    7.51823       
# span 6 =    -0.1267,     0.0096       
# span 7 =    13.8155,    13.8155       
# span 8 = 0.0000e+00, 0.0000e+00       
# span 9 =  -62.23033,  -62.23033       
# span 10 =  -58.11667,  -58.11667      
# span 11 = 1152339925, 1152341296      
# span 12 = 189.267664, 189.283539      
# span 13 =    34.2195,    34.5411      
# span 14 = 0.0000e+00, 0.0000e+00      
# interval = decibars: 1                
# start_time = Jul 08 2006 06:25:06
# bad_flag = -9.990e-29
*END*
[from data line 290]
    291.000    -0.2729   2.848230    -0.2717   2.848169    6.55655    -0.0525    13.8155 0.0000e+00  -62.23033  -58.11667 1152340549 189.274891    34.3923 0.0000e+00
    292.000    -0.2765   2.847983    -0.2761   2.847869    6.55501    -0.0570    13.8155 0.0000e+00  -62.23033  -58.11667 1152340550 189.274911    34.3928 0.0000e+00
    293.000    -0.2887   2.846948    -0.2898   2.846708    6.55445    -0.0743    13.8155 0.0000e+00  -62.23033  -58.11667 1152340552 189.274925    34.3926 0.0000e+00
    294.000    -0.2981   2.846154    -0.2999   2.845875    6.55925    -0.0682    13.8155 0.0000e+00  -62.23033  -58.11667 1152340553 189.274944    34.3926 0.0000e+00
    295.000    -0.3237   2.843861    -0.3348   2.842756    6.56814    -0.0593    13.8155 0.0000e+00  -62.23033  -58.11667 1152340557 189.274984    34.3906 0.0000e+00
    296.000    -0.3499   2.841598    -0.3504   2.841399    6.57417    -0.0674    13.8155 0.0000e+00  -62.23033  -58.11667 1152340558 189.275002    34.3905 0.0000e+00
    297.000    -0.3495   2.841676    -0.3506   2.841469    6.57883    -0.0692    13.8155 0.0000e+00  -62.23033  -58.11667 1152340560 189.275020    34.3902 0.0000e+00
    298.000    -0.3511   2.841638    -0.3462   2.841952    6.57565    -0.0534    13.8155 0.0000e+00  -62.23033  -58.11667 1152340562 189.275050    34.3906 0.0000e+00
    299.000    -0.3513   2.841663    -0.3386   2.842671    6.56781    -0.0617    13.8155 0.0000e+00  -62.23033  -58.11667 1152340564 189.275074    34.3905 0.0000e+00
    300.000    -0.2925   2.847361    -0.2878   2.847580    6.55020    -0.0674    13.8155 0.0000e+00  -62.23033  -58.11667 1152340566 189.275094    34.3981 0.0000e+00
    301.000    -0.2827   2.848464    -0.2790   2.848564    6.58375    -0.0605    13.8155 0.0000e+00  -62.23033  -58.11667 1152340568 189.275118    34.4011 0.0000e+00
    302.000    -0.2046   2.855674    -0.2037   2.855515    6.55961    -0.0684    13.8155 0.0000e+00  -62.23033  -58.11667 1152340570 189.275140    34.4065 0.0000e+00
    303.000    -0.5601   2.824093    -0.6768   2.813558    6.62418    -0.0699    13.8155 0.0000e+00  -62.23033  -58.11667 1152340572 189.275167    34.3927 0.0000e+00
    304.000    -0.7296   2.808914    -0.7245   2.809503    6.70320    -0.0715    13.8155 0.0000e+00  -62.23033  -58.11667 1152340574 189.275190    34.3866 0.0000e+00
    305.000    -0.7387   2.808143    -0.7294   2.808968    6.74012    -0.0576    13.8155 0.0000e+00  -62.23033  -58.11667 1152340576 189.275207    34.3839 0.0000e+00
    306.000    -0.7176   2.810077    -0.7154   2.810280    6.77133    -0.0620    13.8155 0.0000e+00  -62.23033  -58.11667 1152340578 189.275233    34.3822 0.0000e+00
    307.000    -0.7282   2.809247    -0.7303   2.809106    6.79121    -0.0545    13.8155 0.0000e+00  -62.23033  -58.11667 1152340581 189.275265    34.3806 0.0000e+00
    308.000    -0.7178   2.810275    -0.7237   2.809709    6.79820    -0.0622    13.8155 0.0000e+00  -62.23033  -58.11667 1152340583 189.275284    34.3806 0.0000e+00
    309.000    -0.7431   2.808108    -0.7487   2.807574    6.81504    -0.0706    13.8155 0.0000e+00  -62.23033  -58.11667 1152340584 189.275303    34.3797 0.0000e+00
    310.000    -0.7454   2.807965    -0.7560   2.807101    6.82091    -0.0630    13.8155 0.0000e+00  -62.23033  -58.11667 1152340586 189.275325    34.3791 0.0000e+00
    311.000    -0.7783   2.805132    -0.7842   2.804525    6.84859    -0.0707    13.8155 0.0000e+00  -62.23033  -58.11667 1152340589 189.275354    34.3780 0.0000e+00
    312.000    -0.7950   2.803510    -0.8191   2.801578    6.86777    -0.0645    13.8155 0.0000e+00  -62.23033  -58.11667 1152340590 189.275374    34.3726 0.0000e+00
    313.000    -0.8759   2.796436    -0.8920   2.795321    6.89747    -0.0614    13.8155 0.0000e+00  -62.23033  -58.11667 1152340593 189.275400    34.3702 0.0000e+00
    314.000    -0.9378   2.791165    -0.9244   2.792409    6.93280    -0.0798    13.8155 0.0000e+00  -62.23033  -58.11667 1152340595 189.275430    34.3700 0.0000e+00
    315.000    -0.9459   2.790422    -0.9506   2.790093    6.93956    -0.0653    13.8155 0.0000e+00  -62.23033  -58.11667 1152340596 189.275444    34.3678 0.0000e+00
    316.000    -0.9643   2.788886    -0.9743   2.788063    6.95647    -0.0566    13.8155 0.0000e+00  -62.23033  -58.11667 1152340598 189.275458    34.3673 0.0000e+00
    317.000    -1.0116   2.784759    -0.9986   2.785936    6.99796    -0.0694    13.8155 0.0000e+00  -62.23033  -58.11667 1152340600 189.275488    34.3643 0.0000e+00
    318.000    -1.0655   2.780059    -1.0694   2.779967    7.03066    -0.0712    13.8155 0.0000e+00  -62.23033  -58.11667 1152340603 189.275521    34.3610 0.0000e+00
    319.000    -1.1794   2.770059    -1.1884   2.769554    7.06452    -0.0655    13.8155 0.0000e+00  -62.23033  -58.11667 1152340605 189.275544    34.3557 0.0000e+00
    320.000    -1.2557   2.763542    -1.2460   2.764518    7.10135    -0.0647    13.8155 0.0000e+00  -62.23033  -58.11667 1152340607 189.275565    34.3547 0.0000e+00
    321.000    -1.2581   2.763395    -1.2656   2.762867    7.12401    -0.0582    13.8155 0.0000e+00  -62.23033  -58.11667 1152340608 189.275583    34.3537 0.0000e+00
    322.000    -1.2635   2.762996    -1.2654   2.762913    7.14449    -0.0670    13.8155 0.0000e+00  -62.23033  -58.11667 1152340610 189.275601    34.3527 0.0000e+00
    323.000    -1.2699   2.762504    -1.2703   2.762549    7.16235    -0.0666    13.8155 0.0000e+00  -62.23033  -58.11667 1152340613 189.275634    34.3517 0.0000e+00
    324.000    -1.2938   2.760541    -1.2957   2.760416    7.18554    -0.0690    13.8155 0.0000e+00  -62.23033  -58.11667 1152340615 189.275664    34.3504 0.0000e+00
    325.000    -1.3221   2.758142    -1.3177   2.758604    7.19288    -0.0639    13.8155 0.0000e+00  -62.23033  -58.11667 1152340617 189.275684    34.3495 0.0000e+00
    326.000    -1.3467   2.756050    -1.3440   2.756411    7.20050    -0.0702    13.8155 0.0000e+00  -62.23033  -58.11667 1152340619 189.275703    34.3482 0.0000e+00
    327.000    -1.3654   2.754523    -1.3642   2.754665    7.21644    -0.0632    13.8155 0.0000e+00  -62.23033  -58.11667 1152340621 189.275726    34.3481 0.0000e+00
    328.000    -1.3625   2.754923    -1.3586   2.755228    7.22909    -0.0636    13.8155 0.0000e+00  -62.23033  -58.11667 1152340622 189.275748    34.3490 0.0000e+00
    329.000    -1.3409   2.756893    -1.3427   2.756739    7.23079    -0.0613    13.8155 0.0000e+00  -62.23033  -58.11667 1152340624 189.275769    34.3491 0.0000e+00
    330.000    -1.3981   2.751946    -1.4056   2.751435    7.24240    -0.0676    13.8155 0.0000e+00  -62.23033  -58.11667 1152340627 189.275805    34.3470 0.0000e+00
    331.000    -1.4358   2.748778    -1.4366   2.748784    7.25219    -0.0722    13.8155 0.0000e+00  -62.23033  -58.11667 1152340629 189.275825    34.3471 0.0000e+00
    332.000    -1.4445   2.748101    -1.4443   2.748165    7.25939    -0.0751    13.8155 0.0000e+00  -62.23033  -58.11667 1152340631 189.275844    34.3468 0.0000e+00
    333.000    -1.4473   2.747940    -1.4469   2.748007    7.26821    -0.0691    13.8155 0.0000e+00  -62.23033  -58.11667 1152340633 189.275865    34.3466 0.0000e+00
    334.000    -1.4485   2.747905    -1.4480   2.747957    7.27442    -0.0628    13.8155 0.0000e+00  -62.23033  -58.11667 1152340634 189.275886    34.3464 0.0000e+00
    335.000    -1.4464   2.748168    -1.4458   2.748227    7.27487    -0.0663    13.8155 0.0000e+00  -62.23033  -58.11667 1152340637 189.275916    34.3464 0.0000e+00
    336.000    -1.4428   2.748560    -1.4412   2.748687    7.27272    -0.0647    13.8155 0.0000e+00  -62.23033  -58.11667 1152340640 189.275948    34.3467 0.0000e+00
    337.000    -1.4286   2.749949    -1.4269   2.750041    7.26978    -0.0644    13.8155 0.0000e+00  -62.23033  -58.11667 1152340641 189.275966    34.3483 0.0000e+00
    338.000    -1.4173   2.751022    -1.4172   2.750989    7.26535    -0.0755    13.8155 0.0000e+00  -62.23033  -58.11667 1152340643 189.275983    34.3491 0.0000e+00
    339.000    -1.4071   2.752001    -1.4067   2.752001    7.25901    -0.0727    13.8155 0.0000e+00  -62.23033  -58.11667 1152340644 189.276002    34.3499 0.0000e+00
    340.000    -1.4009   2.752649    -1.3996   2.752734    7.24771    -0.0637    13.8155 0.0000e+00  -62.23033  -58.11667 1152340648 189.276040    34.3510 0.0000e+00
    341.000    -1.4185   2.751180    -1.4224   2.750894    7.24802    -0.0745    13.8155 0.0000e+00  -62.23033  -58.11667 1152340649 189.276059    34.3510 0.0000e+00
    342.000    -1.4286   2.750418    -1.4279   2.750476    7.24871    -0.0688    13.8155 0.0000e+00  -62.23033  -58.11667 1152340650 189.276072    34.3520 0.0000e+00
    343.000    -1.4230   2.751002    -1.4221   2.751084    7.24954    -0.0660    13.8155 0.0000e+00  -62.23033  -58.11667 1152340653 189.276104    34.3526 0.0000e+00
    344.000    -1.4237   2.750998    -1.4228   2.751059    7.24765    -0.0765    13.8155 0.0000e+00  -62.23033  -58.11667 1152340656 189.276131    34.3527 0.0000e+00
    345.000    -1.4198   2.751451    -1.4194   2.751464    7.24558    -0.0756    13.8155 0.0000e+00  -62.23033  -58.11667 1152340657 189.276144    34.3538 0.0000e+00
    346.000    -1.4200   2.751460    -1.4189   2.751559    7.24381    -0.0621    13.8155 0.0000e+00  -62.23033  -58.11667 1152340659 189.276170    34.3534 0.0000e+00
    347.000    -1.4181   2.751703    -1.4173   2.751755    7.24209    -0.0720    13.8155 0.0000e+00  -62.23033  -58.11667 1152340662 189.276202    34.3539 0.0000e+00
    348.000    -1.4194   2.751643    -1.4188   2.751689    7.24070    -0.0809    13.8155 0.0000e+00  -62.23033  -58.11667 1152340663 189.276215    34.3541 0.0000e+00
    349.000    -1.4100   2.752581    -1.4090   2.752658    7.23374    -0.0603    13.8155 0.0000e+00  -62.23033  -58.11667 1152340665 189.276239    34.3553 0.0000e+00
    350.000    -1.4009   2.753474    -1.3980   2.753624    7.22830    -0.0722    13.8155 0.0000e+00  -62.23033  -58.11667 1152340668 189.276277    34.3566 0.0000e+00
    351.000    -1.3713   2.756205    -1.3697   2.756251    7.22068    -0.0745    13.8155 0.0000e+00  -62.23033  -58.11667 1152340669 189.276289    34.3586 0.0000e+00
    352.000    -1.3643   2.756971    -1.3631   2.756977    7.21388    -0.0704    13.8155 0.0000e+00  -62.23033  -58.11667 1152340670 189.276302    34.3604 0.0000e+00
    353.000    -1.3548   2.757837    -1.3527   2.757956    7.18782    -0.0743    13.8155 0.0000e+00  -62.23033  -58.11667 1152340673 189.276331    34.3607 0.0000e+00
    354.000    -1.3204   2.760983    -1.3119   2.761501    7.17079    -0.0699    13.8155 0.0000e+00  -62.23033  -58.11667 1152340676 189.276363    34.3638 0.0000e+00
    355.000    -1.2731   2.765238    -1.2683   2.765484    7.15254    -0.0769    13.8155 0.0000e+00  -62.23033  -58.11667 1152340677 189.276382    34.3661 0.0000e+00
    356.000    -1.2403   2.768162    -1.2405   2.768044    7.13149    -0.0766    13.8155 0.0000e+00  -62.23033  -58.11667 1152340679 189.276405    34.3675 0.0000e+00
    357.000    -1.2336   2.768834    -1.2327   2.768823    7.11809    -0.0762    13.8155 0.0000e+00  -62.23033  -58.11667 1152340681 189.276429    34.3691 0.0000e+00
    358.000    -1.2300   2.769256    -1.2299   2.769168    7.11021    -0.0667    13.8155 0.0000e+00  -62.23033  -58.11667 1152340683 189.276446    34.3704 0.0000e+00
    359.000    -1.2343   2.768944    -1.2343   2.768887    7.09527    -0.0705    13.8155 0.0000e+00  -62.23033  -58.11667 1152340685 189.276474    34.3712 0.0000e+00
    360.000    -1.2379   2.768720    -1.2375   2.768683    7.08727    -0.0719    13.8155 0.0000e+00  -62.23033  -58.11667 1152340688 189.276506    34.3722 0.0000e+00
    361.000    -1.1770   2.774412    -1.1694   2.774791    7.06515    -0.0846    13.8155 0.0000e+00  -62.23033  -58.11667 1152340690 189.276525    34.3787 0.0000e+00
    362.000    -1.1478   2.777048    -1.1507   2.776609    7.04071    -0.0751    13.8155 0.0000e+00  -62.23033  -58.11667 1152340691 189.276545    34.3799 0.0000e+00
    363.000    -1.1193   2.779704    -1.1130   2.779980    7.01697    -0.0681    13.8155 0.0000e+00  -62.23033  -58.11667 1152340693 189.276569    34.3830 0.0000e+00
    364.000    -1.0142   2.789168    -1.0127   2.789135    6.98036    -0.0788    13.8155 0.0000e+00  -62.23033  -58.11667 1152340696 189.276593    34.3889 0.0000e+00
    365.000    -0.9932   2.791111    -0.9901   2.791078    6.95201    -0.0688    13.8155 0.0000e+00  -62.23033  -58.11667 1152340697 189.276613    34.3913 0.0000e+00
    366.000    -0.9961   2.790882    -0.9985   2.790564    6.91556    -0.0674    13.8155 0.0000e+00  -62.23033  -58.11667 1152340700 189.276643    34.3920 0.0000e+00
    367.000    -0.9988   2.790665    -0.9970   2.790589    6.90592    -0.0770    13.8155 0.0000e+00  -62.23033  -58.11667 1152340702 189.276672    34.3932 0.0000e+00
    368.000    -0.9796   2.792556    -0.9415   2.795447    6.90000    -0.0738    13.8155 0.0000e+00  -62.23033  -58.11667 1152340704 189.276687    34.3962 0.0000e+00
    369.000    -0.8512   2.803924    -0.8498   2.803792    6.88409    -0.0640    13.8155 0.0000e+00  -62.23033  -58.11667 1152340705 189.276706    34.3999 0.0000e+00
    370.000    -0.8789   2.801385    -0.8912   2.800249    6.85862    -0.0732    13.8155 0.0000e+00  -62.23033  -58.11667 1152340708 189.276738    34.3986 0.0000e+00
    371.000    -0.9844   2.792020    -0.9826   2.792258    6.88041    -0.0754    13.8155 0.0000e+00  -62.23033  -58.11667 1152340710 189.276758    34.3953 0.0000e+00
    372.000    -1.0024   2.790375    -1.0115   2.789540    6.87997    -0.0787    13.8155 0.0000e+00  -62.23033  -58.11667 1152340711 189.276775    34.3936 0.0000e+00
    373.000    -0.9928   2.791362    -0.9839   2.792119    6.88338    -0.0697    13.8155 0.0000e+00  -62.23033  -58.11667 1152340714 189.276811    34.3947 0.0000e+00
    374.000    -0.9104   2.798982    -0.8987   2.799382    6.86030    -0.0694    13.8155 0.0000e+00  -62.23033  -58.11667 1152340716 189.276834    34.4029 0.0000e+00
    375.000    -0.8229   2.806585    -0.8332   2.805538    6.84107    -0.0725    13.8155 0.0000e+00  -62.23033  -58.11667 1152340718 189.276852    34.4009 0.0000e+00
    376.000    -0.8662   2.802898    -0.8615   2.803204    6.82177    -0.0709    13.8155 0.0000e+00  -62.23033  -58.11667 1152340720 189.276873    34.4032 0.0000e+00
    377.000    -0.8240   2.806644    -0.8189   2.806940    6.80490    -0.0770    13.8155 0.0000e+00  -62.23033  -58.11667 1152340721 189.276894    34.4037 0.0000e+00
    378.000    -0.8010   2.808815    -0.7898   2.809636    6.78937    -0.0689    13.8155 0.0000e+00  -62.23033  -58.11667 1152340724 189.276920    34.4068 0.0000e+00
    379.000    -0.7739   2.811219    -0.7755   2.810939    6.77685    -0.0715    13.8155 0.0000e+00  -62.23033  -58.11667 1152340727 189.276954    34.4080 0.0000e+00
    380.000    -0.7751   2.811176    -0.7763   2.810904    6.76926    -0.0736    13.8155 0.0000e+00  -62.23033  -58.11667 1152340728 189.276973    34.4087 0.0000e+00
    381.000    -0.7767   2.811042    -0.7783   2.810793    6.74913    -0.0766    13.8155 0.0000e+00  -62.23033  -58.11667 1152340730 189.276993    34.4085 0.0000e+00
    382.000    -0.8105   2.808013    -0.8054   2.808401    6.76804    -0.0767    13.8155 0.0000e+00  -62.23033  -58.11667 1152340732 189.277015    34.4065 0.0000e+00
    383.000    -0.7718   2.811695    -0.7496   2.813275    6.76300    -0.0723    13.8155 0.0000e+00  -62.23033  -58.11667 1152340734 189.277036    34.4117 0.0000e+00
    384.000    -0.7206   2.816295    -0.7344   2.815042    6.72587    -0.0851    13.8155 0.0000e+00  -62.23033  -58.11667 1152340736 189.277056    34.4128 0.0000e+00
    385.000    -0.7598   2.812723    -0.7749   2.811459    6.70894    -0.0687    13.8155 0.0000e+00  -62.23033  -58.11667 1152340737 189.277078    34.4096 0.0000e+00
