product_data/regression_test/downloaded_data/MDGS/320620060703/ctd/adapted/heads_insert_p6610901.cnv
* Sea-Bird SBE 9 Data File:
* FileName = D:\Data\Raw\p6610901.dat
* Software Version Seasave Win32 V 5.32
* Temperature SN = 1649
* Conductivity SN = 1431
* Number of Bytes Per Scan = 37
* Number of Voltage Words = 5
* Number of Scans Averaged by the Deck Unit = 1
* NMEA Latitude = 61 18.97 S
* NMEA Longitude = 054 52.55 W
* NMEA UTC (Time) = 01:40:04
** Ship:   Nathaniel B. Palmer 
** Cruise:    NBP0606 
# nquan = 15
# nvalues = 649                         
# units = specified
# name 0 = prDM: Pressure, Digiquartz [db]
# name 1 = t090C: Temperature [ITS-90, deg C]
# name 2 = c0S/m: Conductivity [S/m]
# name 3 = t190C: Temperature, 2 [ITS-90, deg C]
# name 4 = c1S/m: Conductivity, 2 [S/m]
# name 5 = sbeox0ML/L: Oxygen, SBE 43 [ml/l]
# name 6 = flECO-AFL: Fluorescence, Wetlab ECO-AFL/FL [mg/m^3]
# name 7 = bat: Beam Attenuation, Chelsea/Seatech/Wetlab CStar [1/m]
# name 8 = spar: SPAR/Surface Irradiance
# name 9 = latitude: Latitude [deg]
# name 10 = longitude: Longitude [deg]
# name 11 = timeY: Time, System [seconds]
# name 12 = timeJ: Julian Days
# name 13 = sal00: Salinity [PSU]
# name 14 = flag: flag
# span 0 =      2.000,    650.000       
# span 1 =    -0.7709,     0.3992       
# span 2 =   2.783058,   2.921612       
# span 3 =    -0.7710,     0.3999       
# span 4 =   2.783532,   2.921992       
# span 5 =    5.79920,    7.48556       
# span 6 =    -0.0965,     0.1789       
# span 7 =    13.8155,    13.8155       
# span 8 = 0.0000e+00, 0.0000e+00       
# span 9 =  -61.31617,  -61.31617       
# span 10 =  -54.87583,  -54.87583      
# span 11 = 1152841223, 1152842304      
# span 12 = 195.069727, 195.082237      
# span 13 =    34.2271,    34.5366      
# span 14 = 0.0000e+00, 0.0000e+00      
# interval = decibars: 1                
# start_time = Jul 14 2006 01:40:12
# bad_flag = -9.990e-29
*END*
[from data line 386]
    387.000     0.2594   2.905164     0.2611   2.905633    5.96095    -0.0675    13.8155 0.0000e+00  -61.31617  -54.87583 1152841907 195.077646    34.4913 0.0000e+00
    388.000     0.2630   2.905559     0.2637   2.905935    5.95531    -0.0727    13.8155 0.0000e+00  -61.31617  -54.87583 1152841908 195.077662    34.4920 0.0000e+00
    389.000     0.2673   2.906078     0.2699   2.906651    5.94927    -0.0619    13.8155 0.0000e+00  -61.31617  -54.87583 1152841909 195.077675    34.4935 0.0000e+00
    390.000     0.2755   2.906983     0.2727   2.907022    5.94502    -0.0601    13.8155 0.0000e+00  -61.31617  -54.87583 1152841910 195.077687    34.4954 0.0000e+00
    391.000     0.2861   2.908055     0.2823   2.907964    5.93914    -0.0702    13.8155 0.0000e+00  -61.31617  -54.87583 1152841911 195.077698    34.4968 0.0000e+00
    392.000     0.2853   2.907993     0.2863   2.908415    5.93323    -0.0693    13.8155 0.0000e+00  -61.31617  -54.87583 1152841912 195.077710    34.4963 0.0000e+00
    393.000     0.2863   2.908134     0.2845   2.908282    5.92781    -0.0804    13.8155 0.0000e+00  -61.31617  -54.87583 1152841914 195.077725    34.4967 0.0000e+00
    394.000     0.2851   2.908045     0.2840   2.908283    5.92340    -0.0663    13.8155 0.0000e+00  -61.31617  -54.87583 1152841915 195.077745    34.4964 0.0000e+00
    395.000     0.2949   2.909111     0.2956   2.909449    5.91521    -0.0654    13.8155 0.0000e+00  -61.31617  -54.87583 1152841917 195.077765    34.4989 0.0000e+00
    396.000     0.3129   2.911014     0.3110   2.911083    5.90673    -0.0616    13.8155 0.0000e+00  -61.31617  -54.87583 1152841918 195.077780    34.5027 0.0000e+00
    397.000     0.3197   2.911682     0.3206   2.912066    5.90071    -0.0659    13.8155 0.0000e+00  -61.31617  -54.87583 1152841919 195.077792    34.5030 0.0000e+00
    398.000     0.3203   2.911762     0.3209   2.912148    5.89520    -0.0515    13.8155 0.0000e+00  -61.31617  -54.87583 1152841920 195.077804    34.5029 0.0000e+00
    399.000     0.3207   2.911854     0.3211   2.912211    5.89446    -0.0690    13.8155 0.0000e+00  -61.31617  -54.87583 1152841922 195.077818    34.5032 0.0000e+00
    400.000     0.3215   2.911979     0.3223   2.912373    5.89186    -0.0773    13.8155 0.0000e+00  -61.31617  -54.87583 1152841923 195.077833    34.5036 0.0000e+00
    401.000     0.3239   2.912248     0.3227   2.912465    5.88970    -0.0473    13.8155 0.0000e+00  -61.31617  -54.87583 1152841924 195.077848    34.5039 0.0000e+00
    402.000     0.3255   2.912453     0.3252   2.912720    5.88593    -0.0714    13.8155 0.0000e+00  -61.31617  -54.87583 1152841926 195.077863    34.5043 0.0000e+00
    403.000     0.3256   2.912516     0.3263   2.912895    5.88136    -0.0650    13.8155 0.0000e+00  -61.31617  -54.87583 1152841927 195.077879    34.5045 0.0000e+00
    404.000     0.3347   2.913452     0.3335   2.913637    5.87562    -0.0667    13.8155 0.0000e+00  -61.31617  -54.87583 1152841928 195.077895    34.5059 0.0000e+00
    405.000     0.3351   2.913550     0.3355   2.913882    5.87369    -0.0759    13.8155 0.0000e+00  -61.31617  -54.87583 1152841930 195.077910    34.5064 0.0000e+00
    406.000     0.3414   2.914191     0.3417   2.914563    5.87113    -0.0717    13.8155 0.0000e+00  -61.31617  -54.87583 1152841931 195.077924    34.5069 0.0000e+00
    407.000     0.3350   2.913582     0.3367   2.914096    5.86922    -0.0697    13.8155 0.0000e+00  -61.31617  -54.87583 1152841932 195.077936    34.5056 0.0000e+00
    408.000     0.3388   2.914028     0.3397   2.914419    5.86614    -0.0668    13.8155 0.0000e+00  -61.31617  -54.87583 1152841933 195.077948    34.5068 0.0000e+00
    409.000     0.3403   2.914224     0.3402   2.914527    5.86442    -0.0661    13.8155 0.0000e+00  -61.31617  -54.87583 1152841934 195.077962    34.5070 0.0000e+00
    410.000     0.3436   2.914619     0.3429   2.914860    5.86542    -0.0652    13.8155 0.0000e+00  -61.31617  -54.87583 1152841936 195.077983    34.5080 0.0000e+00
    411.000     0.3474   2.915033     0.3448   2.915093    5.86856    -0.0605    13.8155 0.0000e+00  -61.31617  -54.87583 1152841938 195.078002    34.5085 0.0000e+00
    412.000     0.3444   2.914789     0.3453   2.915201    5.86139    -0.0551    13.8155 0.0000e+00  -61.31617  -54.87583 1152841939 195.078016    34.5083 0.0000e+00
    413.000     0.3529   2.915752     0.3530   2.916087    5.85815    -0.0606    13.8155 0.0000e+00  -61.31617  -54.87583 1152841940 195.078027    34.5106 0.0000e+00
    414.000     0.3513   2.915684     0.3507   2.916010    5.85850    -0.0699    13.8155 0.0000e+00  -61.31617  -54.87583 1152841941 195.078037    34.5111 0.0000e+00
    415.000     0.3237   2.913265     0.3242   2.913721    5.85988    -0.0657    13.8155 0.0000e+00  -61.31617  -54.87583 1152841941 195.078048    34.5106 0.0000e+00
    416.000     0.3186   2.912876     0.3196   2.913321    5.86284    -0.0771    13.8155 0.0000e+00  -61.31617  -54.87583 1152841943 195.078068    34.5105 0.0000e+00
    417.000     0.3198   2.913057     0.3208   2.913476    5.86389    -0.0607    13.8155 0.0000e+00  -61.31617  -54.87583 1152841946 195.078094    34.5108 0.0000e+00
    418.000     0.3209   2.913198     0.3217   2.913620    5.86666    -0.0676    13.8155 0.0000e+00  -61.31617  -54.87583 1152841947 195.078107    34.5108 0.0000e+00
    419.000     0.3165   2.912812     0.3166   2.913208    5.86800    -0.0699    13.8155 0.0000e+00  -61.31617  -54.87583 1152841947 195.078116    34.5107 0.0000e+00
    420.000     0.3090   2.912311     0.3100   2.912768    5.86590    -0.0810    13.8155 0.0000e+00  -61.31617  -54.87583 1152841948 195.078125    34.5116 0.0000e+00
    421.000     0.3115   2.912629     0.3147   2.913221    5.86284    -0.0830    13.8155 0.0000e+00  -61.31617  -54.87583 1152841949 195.078134    34.5123 0.0000e+00
    422.000     0.3376   2.915169     0.3398   2.915660    5.85499    -0.0633    13.8155 0.0000e+00  -61.31617  -54.87583 1152841950 195.078148    34.5150 0.0000e+00
    423.000     0.3517   2.916543     0.3527   2.916937    5.84486    -0.0734    13.8155 0.0000e+00  -61.31617  -54.87583 1152841952 195.078175    34.5162 0.0000e+00
    424.000     0.3531   2.916716     0.3528   2.917029    5.83955    -0.0768    13.8155 0.0000e+00  -61.31617  -54.87583 1152841954 195.078197    34.5165 0.0000e+00
    425.000     0.3475   2.916093     0.3481   2.916691    5.83754    -0.0698    13.8155 0.0000e+00  -61.31617  -54.87583 1152841956 195.078211    34.5157 0.0000e+00
    426.000     0.3486   2.916412     0.3485   2.916730    5.83053    -0.0776    13.8155 0.0000e+00  -61.31617  -54.87583 1152841957 195.078223    34.5165 0.0000e+00
    427.000     0.3477   2.916349     0.3482   2.916743    5.82871    -0.0672    13.8155 0.0000e+00  -61.31617  -54.87583 1152841957 195.078233    34.5161 0.0000e+00
    428.000     0.3468   2.916324     0.3480   2.916771    5.83042    -0.0781    13.8155 0.0000e+00  -61.31617  -54.87583 1152841958 195.078243    34.5164 0.0000e+00
    429.000     0.3484   2.916508     0.3488   2.916889    5.82762    -0.0699    13.8155 0.0000e+00  -61.31617  -54.87583 1152841959 195.078255    34.5164 0.0000e+00
    430.000     0.3671   2.919073     0.3806   2.919983    5.81857    -0.0826    13.8155 0.0000e+00  -61.31617  -54.87583 1152841961 195.078269    34.5210 0.0000e+00
    431.000     0.3992   2.921612     0.3999   2.921992    5.80835    -0.0618    13.8155 0.0000e+00  -61.31617  -54.87583 1152841962 195.078285    34.5236 0.0000e+00
    432.000     0.3885   2.920761     0.3898   2.921215    5.80364    -0.0691    13.8155 0.0000e+00  -61.31617  -54.87583 1152841964 195.078306    34.5247 0.0000e+00
    433.000     0.3807   2.920112     0.3826   2.920613    5.79920    -0.0676    13.8155 0.0000e+00  -61.31617  -54.87583 1152841966 195.078328    34.5248 0.0000e+00
    434.000     0.3732   2.919465     0.3778   2.920231    5.80753    -0.0799    13.8155 0.0000e+00  -61.31617  -54.87583 1152841967 195.078341    34.5242 0.0000e+00
    435.000     0.3543   2.917749     0.3508   2.917912    5.80853    -0.0718    13.8155 0.0000e+00  -61.31617  -54.87583 1152841968 195.078352    34.5235 0.0000e+00
    436.000     0.3364   2.916277     0.3386   2.916825    5.81169    -0.0764    13.8155 0.0000e+00  -61.31617  -54.87583 1152841969 195.078364    34.5240 0.0000e+00
    437.000     0.3491   2.917417     0.3473   2.917618    5.82280    -0.0592    13.8155 0.0000e+00  -61.31617  -54.87583 1152841970 195.078377    34.5234 0.0000e+00
    438.000     0.3229   2.915085     0.3252   2.915689    5.82921    -0.0644    13.8155 0.0000e+00  -61.31617  -54.87583 1152841971 195.078392    34.5223 0.0000e+00
    439.000     0.3235   2.915197     0.3238   2.915586    5.83435    -0.0594    13.8155 0.0000e+00  -61.31617  -54.87583 1152841973 195.078407    34.5220 0.0000e+00
    440.000     0.3201   2.914905     0.3192   2.915243    5.83834    -0.0741    13.8155 0.0000e+00  -61.31617  -54.87583 1152841974 195.078421    34.5215 0.0000e+00
    441.000     0.3074   2.913785     0.3076   2.914177    5.84274    -0.0739    13.8155 0.0000e+00  -61.31617  -54.87583 1152841975 195.078434    34.5208 0.0000e+00
    442.000     0.3047   2.913606     0.3051   2.914013    5.84699    -0.0631    13.8155 0.0000e+00  -61.31617  -54.87583 1152841976 195.078451    34.5208 0.0000e+00
    443.000     0.2992   2.913198     0.3000   2.913628    5.85108    -0.0617    13.8155 0.0000e+00  -61.31617  -54.87583 1152841978 195.078469    34.5209 0.0000e+00
    444.000     0.2978   2.913114     0.2987   2.913558    5.85302    -0.0647    13.8155 0.0000e+00  -61.31617  -54.87583 1152841980 195.078488    34.5206 0.0000e+00
    445.000     0.3002   2.913362     0.3008   2.913771    5.85380    -0.0698    13.8155 0.0000e+00  -61.31617  -54.87583 1152841981 195.078503    34.5205 0.0000e+00
    446.000     0.3007   2.913458     0.3011   2.913852    5.85755    -0.0729    13.8155 0.0000e+00  -61.31617  -54.87583 1152841982 195.078515    34.5205 0.0000e+00
    447.000     0.2976   2.913222     0.2966   2.913531    5.86060    -0.0614    13.8155 0.0000e+00  -61.31617  -54.87583 1152841983 195.078526    34.5201 0.0000e+00
    448.000     0.2766   2.911499     0.2764   2.911893    5.86163    -0.0767    13.8155 0.0000e+00  -61.31617  -54.87583 1152841984 195.078537    34.5212 0.0000e+00
    449.000     0.2763   2.911562     0.2767   2.911968    5.86596    -0.0775    13.8155 0.0000e+00  -61.31617  -54.87583 1152841985 195.078549    34.5216 0.0000e+00
    450.000     0.2733   2.911333     0.2734   2.911708    5.87024    -0.0676    13.8155 0.0000e+00  -61.31617  -54.87583 1152841986 195.078564    34.5213 0.0000e+00
    451.000     0.2719   2.911237     0.2738   2.911748    5.87552    -0.0685    13.8155 0.0000e+00  -61.31617  -54.87583 1152841988 195.078584    34.5209 0.0000e+00
    452.000     0.2686   2.911004     0.2685   2.911385    5.87948    -0.0706    13.8155 0.0000e+00  -61.31617  -54.87583 1152841990 195.078604    34.5209 0.0000e+00
    453.000     0.2648   2.910769     0.2653   2.911189    5.88129    -0.0621    13.8155 0.0000e+00  -61.31617  -54.87583 1152841991 195.078617    34.5214 0.0000e+00
    454.000     0.2616   2.910550     0.2621   2.910983    5.88327    -0.0628    13.8155 0.0000e+00  -61.31617  -54.87583 1152841992 195.078629    34.5215 0.0000e+00
    455.000     0.2581   2.910294     0.2597   2.910801    5.88583    -0.0639    13.8155 0.0000e+00  -61.31617  -54.87583 1152841993 195.078644    34.5215 0.0000e+00
    456.000     0.2576   2.910295     0.2581   2.910718    5.88897    -0.0777    13.8155 0.0000e+00  -61.31617  -54.87583 1152841995 195.078665    34.5213 0.0000e+00
    457.000     0.2552   2.910131     0.2557   2.910555    5.88921    -0.0575    13.8155 0.0000e+00  -61.31617  -54.87583 1152841996 195.078679    34.5212 0.0000e+00
    458.000     0.2499   2.909711     0.2499   2.910090    5.88966    -0.0742    13.8155 0.0000e+00  -61.31617  -54.87583 1152841997 195.078689    34.5212 0.0000e+00
    459.000     0.2468   2.909477     0.2475   2.909918    5.89304    -0.0584    13.8155 0.0000e+00  -61.31617  -54.87583 1152841998 195.078698    34.5208 0.0000e+00
    460.000     0.2435   2.909227     0.2437   2.909620    5.89437    -0.0754    13.8155 0.0000e+00  -61.31617  -54.87583 1152841999 195.078708    34.5210 0.0000e+00
    461.000     0.2422   2.909161     0.2427   2.909569    5.89577    -0.0738    13.8155 0.0000e+00  -61.31617  -54.87583 1152842000 195.078727    34.5208 0.0000e+00
    462.000     0.2407   2.909090     0.2407   2.909466    5.89856    -0.0800    13.8155 0.0000e+00  -61.31617  -54.87583 1152842003 195.078755    34.5208 0.0000e+00
    463.000     0.2376   2.908891     0.2381   2.909296    5.89882    -0.0804    13.8155 0.0000e+00  -61.31617  -54.87583 1152842004 195.078770    34.5210 0.0000e+00
    464.000     0.2374   2.908922     0.2377   2.909317    5.89915    -0.0625    13.8155 0.0000e+00  -61.31617  -54.87583 1152842005 195.078782    34.5211 0.0000e+00
    465.000     0.2371   2.908922     0.2372   2.909306    5.89979    -0.0822    13.8155 0.0000e+00  -61.31617  -54.87583 1152842006 195.078793    34.5208 0.0000e+00
    466.000     0.2364   2.908924     0.2368   2.909342    5.89991    -0.0581    13.8155 0.0000e+00  -61.31617  -54.87583 1152842007 195.078806    34.5210 0.0000e+00
    467.000     0.2364   2.908982     0.2370   2.909400    5.90017    -0.0709    13.8155 0.0000e+00  -61.31617  -54.87583 1152842008 195.078821    34.5210 0.0000e+00
    468.000     0.2359   2.908979     0.2362   2.909378    5.90105    -0.0811    13.8155 0.0000e+00  -61.31617  -54.87583 1152842010 195.078838    34.5210 0.0000e+00
    469.000     0.2358   2.909031     0.2363   2.909427    5.90284    -0.0734    13.8155 0.0000e+00  -61.31617  -54.87583 1152842011 195.078854    34.5212 0.0000e+00
    470.000     0.2361   2.909071     0.2368   2.909497    5.90333    -0.0681    13.8155 0.0000e+00  -61.31617  -54.87583 1152842012 195.078867    34.5207 0.0000e+00
    471.000     0.2363   2.909135     0.2368   2.909549    5.90386    -0.0722    13.8155 0.0000e+00  -61.31617  -54.87583 1152842013 195.078880    34.5207 0.0000e+00
    472.000     0.2370   2.909240     0.2374   2.909632    5.90641    -0.0726    13.8155 0.0000e+00  -61.31617  -54.87583 1152842015 195.078894    34.5207 0.0000e+00
    473.000     0.2372   2.909294     0.2372   2.909647    5.90835    -0.0718    13.8155 0.0000e+00  -61.31617  -54.87583 1152842016 195.078916    34.5205 0.0000e+00
    474.000     0.2366   2.909312     0.2370   2.909693    5.90625    -0.0679    13.8155 0.0000e+00  -61.31617  -54.87583 1152842018 195.078937    34.5208 0.0000e+00
    475.000     0.2383   2.909526     0.2400   2.910066    5.90415    -0.0645    13.8155 0.0000e+00  -61.31617  -54.87583 1152842019 195.078948    34.5212 0.0000e+00
    476.000     0.2409   2.909818     0.2423   2.910345    5.90201    -0.0848    13.8155 0.0000e+00  -61.31617  -54.87583 1152842020 195.078957    34.5214 0.0000e+00
    477.000     0.2442   2.910260     0.2447   2.910661    5.90212    -0.0728    13.8155 0.0000e+00  -61.31617  -54.87583 1152842021 195.078967    34.5228 0.0000e+00
    478.000     0.2439   2.910351     0.2443   2.910735    5.89906    -0.0766    13.8155 0.0000e+00  -61.31617  -54.87583 1152842022 195.078978    34.5238 0.0000e+00
    479.000     0.2441   2.910413     0.2448   2.910838    5.89245    -0.0815    13.8155 0.0000e+00  -61.31617  -54.87583 1152842024 195.078998    34.5238 0.0000e+00
    480.000     0.2471   2.910705     0.2473   2.911072    5.88906    -0.0696    13.8155 0.0000e+00  -61.31617  -54.87583 1152842026 195.079020    34.5236 0.0000e+00
    481.000     0.2479   2.910834     0.2482   2.911187    5.88762    -0.0651    13.8155 0.0000e+00  -61.31617  -54.87583 1152842027 195.079039    34.5238 0.0000e+00
    482.000     0.2484   2.910950     0.2487   2.911336    5.89081    -0.0843    13.8155 0.0000e+00  -61.31617  -54.87583 1152842028 195.079054    34.5243 0.0000e+00
