product_data/regression_test/downloaded_data/MDGS/320620060703/ctd/adapted/heads_insert_p6611901.cnv
* Sea-Bird SBE 9 Data File:
* FileName = D:\Data\Raw\p6611901.dat
* Software Version Seasave Win32 V 5.32
* Temperature SN = 1649
* Conductivity SN = 1431
* Number of Bytes Per Scan = 37
* Number of Voltage Words = 5
* Number of Scans Averaged by the Deck Unit = 1
* NMEA Latitude = 61 13.55 S
* NMEA Longitude = 054 24.71 W
* NMEA UTC (Time) = 20:24:51
** Ship:   Nathaniel B. Palmer 
** Cruise:    NBP0606 
# nquan = 15
# nvalues = 499                         
# units = specified
# name 0 = prDM: Pressure, Digiquartz [db]
# name 1 = t090C: Temperature [ITS-90, deg C]
# name 2 = c0S/m: Conductivity [S/m]
# name 3 = t190C: Temperature, 2 [ITS-90, deg C]
# name 4 = c1S/m: Conductivity, 2 [S/m]
# name 5 = sbeox0ML/L: Oxygen, SBE 43 [ml/l]
# name 6 = flECO-AFL: Fluorescence, Wetlab ECO-AFL/FL [mg/m^3]
# name 7 = bat: Beam Attenuation, Chelsea/Seatech/Wetlab CStar [1/m]
# name 8 = spar: SPAR/Surface Irradiance
# name 9 = latitude: Latitude [deg]
# name 10 = longitude: Longitude [deg]
# name 11 = timeY: Time, System [seconds]
# name 12 = timeJ: Julian Days
# name 13 = sal00: Salinity [PSU]
# name 14 = flag: flag
# span 0 =      3.000,    501.000       
# span 1 =    -1.2183,    -0.2569       
# span 2 =   2.740580,   2.860232       
# span 3 =    -1.2186,    -0.2559       
# span 4 =   2.741370,   2.860611       
# span 5 =    6.29956,    7.76302       
# span 6 =    -0.0845,     0.4094       
# span 7 =    13.8155,    13.8155       
# span 8 = 0.0000e+00, 0.0000e+00       
# span 9 =  -61.22583,  -61.22583       
# span 10 =  -54.41183,  -54.41183      
# span 11 = 1152908699, 1152909502      
# span 12 = 195.850697, 195.859999      
# span 13 =    34.1761,    34.5224      
# span 14 = 0.0000e+00, 0.0000e+00      
# interval = decibars: 1                
# start_time = Jul 14 2006 20:24:59
# bad_flag = -9.990e-29
*END*
[from data line 386]
    388.000    -0.2855   2.858903    -0.2850   2.859287    6.31808    -0.0523    13.8155 0.0000e+00  -61.22583  -54.41183 1152909294 195.857594    34.4920 0.0000e+00
    389.000    -0.2846   2.859051    -0.2841   2.859452    6.31802    -0.0611    13.8155 0.0000e+00  -61.22583  -54.41183 1152909295 195.857605    34.4922 0.0000e+00
    390.000    -0.2852   2.859009    -0.2845   2.859425    6.31548    -0.0704    13.8155 0.0000e+00  -61.22583  -54.41183 1152909297 195.857618    34.4917 0.0000e+00
    391.000    -0.2850   2.859053    -0.2845   2.859471    6.31550    -0.0595    13.8155 0.0000e+00  -61.22583  -54.41183 1152909299 195.857643    34.4916 0.0000e+00
    392.000    -0.2852   2.859107    -0.2844   2.859545    6.31573    -0.0659    13.8155 0.0000e+00  -61.22583  -54.41183 1152909301 195.857666    34.4919 0.0000e+00
    393.000    -0.2846   2.859258    -0.2835   2.859733    6.31386    -0.0555    13.8155 0.0000e+00  -61.22583  -54.41183 1152909302 195.857681    34.4926 0.0000e+00
    394.000    -0.2840   2.859437    -0.2832   2.859872    6.31501    -0.0606    13.8155 0.0000e+00  -61.22583  -54.41183 1152909303 195.857695    34.4938 0.0000e+00
    395.000    -0.2840   2.859506    -0.2832   2.859927    6.31478    -0.0644    13.8155 0.0000e+00  -61.22583  -54.41183 1152909304 195.857708    34.4941 0.0000e+00
    396.000    -0.2841   2.859554    -0.2833   2.859999    6.31480    -0.0652    13.8155 0.0000e+00  -61.22583  -54.41183 1152909305 195.857719    34.4942 0.0000e+00
    397.000    -0.2846   2.859557    -0.2838   2.859983    6.31121    -0.0653    13.8155 0.0000e+00  -61.22583  -54.41183 1152909306 195.857728    34.4942 0.0000e+00
    398.000    -0.2841   2.859583    -0.2835   2.860009    6.30968    -0.0514    13.8155 0.0000e+00  -61.22583  -54.41183 1152909307 195.857737    34.4934 0.0000e+00
    399.000    -0.2844   2.859626    -0.2835   2.860068    6.30821    -0.0558    13.8155 0.0000e+00  -61.22583  -54.41183 1152909308 195.857747    34.4938 0.0000e+00
    400.000    -0.2847   2.859670    -0.2838   2.860099    6.30685    -0.0595    13.8155 0.0000e+00  -61.22583  -54.41183 1152909309 195.857762    34.4941 0.0000e+00
    401.000    -0.2845   2.859822    -0.2836   2.860275    6.30234    -0.0521    13.8155 0.0000e+00  -61.22583  -54.41183 1152909311 195.857784    34.4953 0.0000e+00
    402.000    -0.2844   2.860054    -0.2836   2.860480    6.30089    -0.0473    13.8155 0.0000e+00  -61.22583  -54.41183 1152909313 195.857803    34.4977 0.0000e+00
    403.000    -0.2859   2.859993    -0.2855   2.860402    6.30268    -0.0616    13.8155 0.0000e+00  -61.22583  -54.41183 1152909314 195.857820    34.4979 0.0000e+00
    404.000    -0.2876   2.859911    -0.2873   2.860294    6.30454    -0.0549    13.8155 0.0000e+00  -61.22583  -54.41183 1152909315 195.857836    34.4983 0.0000e+00
    405.000    -0.2868   2.860021    -0.2861   2.860447    6.30595    -0.0668    13.8155 0.0000e+00  -61.22583  -54.41183 1152909317 195.857852    34.4982 0.0000e+00
    406.000    -0.2887   2.859924    -0.2881   2.860337    6.30387    -0.0563    13.8155 0.0000e+00  -61.22583  -54.41183 1152909318 195.857865    34.4985 0.0000e+00
    407.000    -0.2903   2.859829    -0.2900   2.860245    6.30233    -0.0735    13.8155 0.0000e+00  -61.22583  -54.41183 1152909319 195.857877    34.4985 0.0000e+00
    408.000    -0.2943   2.859570    -0.2932   2.860058    6.30256    -0.0525    13.8155 0.0000e+00  -61.22583  -54.41183 1152909320 195.857887    34.4990 0.0000e+00
    409.000    -0.2963   2.859488    -0.2955   2.859924    6.30313    -0.0665    13.8155 0.0000e+00  -61.22583  -54.41183 1152909321 195.857897    34.4996 0.0000e+00
    410.000    -0.2961   2.859520    -0.2953   2.859953    6.30265    -0.0517    13.8155 0.0000e+00  -61.22583  -54.41183 1152909322 195.857912    34.4992 0.0000e+00
    411.000    -0.2955   2.859627    -0.2952   2.860025    6.30155    -0.0651    13.8155 0.0000e+00  -61.22583  -54.41183 1152909324 195.857940    34.4992 0.0000e+00
    412.000    -0.2948   2.859785    -0.2931   2.860296    6.30236    -0.0682    13.8155 0.0000e+00  -61.22583  -54.41183 1152909326 195.857955    34.5000 0.0000e+00
    413.000    -0.2933   2.859933    -0.2928   2.860341    6.30374    -0.0639    13.8155 0.0000e+00  -61.22583  -54.41183 1152909327 195.857965    34.4995 0.0000e+00
    414.000    -0.2927   2.860038    -0.2920   2.860469    6.30243    -0.0703    13.8155 0.0000e+00  -61.22583  -54.41183 1152909327 195.857974    34.4996 0.0000e+00
    415.000    -0.2946   2.859939    -0.2938   2.860377    6.30168    -0.0607    13.8155 0.0000e+00  -61.22583  -54.41183 1152909328 195.857985    34.4999 0.0000e+00
    416.000    -0.2977   2.859719    -0.2972   2.860151    6.29956    -0.0659    13.8155 0.0000e+00  -61.22583  -54.41183 1152909330 195.858003    34.5000 0.0000e+00
    417.000    -0.3019   2.859484    -0.3013   2.859925    6.30087    -0.0726    13.8155 0.0000e+00  -61.22583  -54.41183 1152909331 195.858020    34.5010 0.0000e+00
    418.000    -0.3047   2.859320    -0.3040   2.859767    6.30018    -0.0666    13.8155 0.0000e+00  -61.22583  -54.41183 1152909332 195.858034    34.5014 0.0000e+00
    419.000    -0.3117   2.858808    -0.3109   2.859269    6.30036    -0.0606    13.8155 0.0000e+00  -61.22583  -54.41183 1152909334 195.858047    34.5021 0.0000e+00
    420.000    -0.3172   2.858383    -0.3189   2.858528    6.30525    -0.0545    13.8155 0.0000e+00  -61.22583  -54.41183 1152909335 195.858067    34.5020 0.0000e+00
    421.000    -0.3267   2.857631    -0.3273   2.857974    6.30893    -0.0558    13.8155 0.0000e+00  -61.22583  -54.41183 1152909337 195.858086    34.5025 0.0000e+00
    422.000    -0.3309   2.857332    -0.3305   2.857751    6.31386    -0.0546    13.8155 0.0000e+00  -61.22583  -54.41183 1152909338 195.858098    34.5026 0.0000e+00
    423.000    -0.3332   2.857176    -0.3327   2.857604    6.31444    -0.0597    13.8155 0.0000e+00  -61.22583  -54.41183 1152909339 195.858109    34.5024 0.0000e+00
    424.000    -0.3318   2.857352    -0.3315   2.857737    6.31491    -0.0628    13.8155 0.0000e+00  -61.22583  -54.41183 1152909340 195.858118    34.5027 0.0000e+00
    425.000    -0.3290   2.857623    -0.3332   2.857667    6.31603    -0.0462    13.8155 0.0000e+00  -61.22583  -54.41183 1152909341 195.858129    34.5023 0.0000e+00
    426.000    -0.3399   2.856727    -0.3407   2.857067    6.31797    -0.0627    13.8155 0.0000e+00  -61.22583  -54.41183 1152909342 195.858143    34.5022 0.0000e+00
    427.000    -0.3441   2.856425    -0.3435   2.856866    6.32004    -0.0657    13.8155 0.0000e+00  -61.22583  -54.41183 1152909343 195.858161    34.5024 0.0000e+00
    428.000    -0.3458   2.856318    -0.3457   2.856720    6.32055    -0.0544    13.8155 0.0000e+00  -61.22583  -54.41183 1152909345 195.858177    34.5022 0.0000e+00
    429.000    -0.3487   2.856124    -0.3489   2.856523    6.32192    -0.0614    13.8155 0.0000e+00  -61.22583  -54.41183 1152909346 195.858194    34.5022 0.0000e+00
    430.000    -0.3577   2.855469    -0.3593   2.855757    6.32844    -0.0663    13.8155 0.0000e+00  -61.22583  -54.41183 1152909348 195.858217    34.5031 0.0000e+00
    431.000    -0.3552   2.855703    -0.3548   2.856111    6.33278    -0.0652    13.8155 0.0000e+00  -61.22583  -54.41183 1152909350 195.858236    34.5033 0.0000e+00
    432.000    -0.3603   2.855345    -0.3617   2.855683    6.33452    -0.0604    13.8155 0.0000e+00  -61.22583  -54.41183 1152909351 195.858248    34.5030 0.0000e+00
    433.000    -0.3622   2.855304    -0.3601   2.855833    6.33324    -0.0746    13.8155 0.0000e+00  -61.22583  -54.41183 1152909352 195.858257    34.5043 0.0000e+00
    434.000    -0.3625   2.855269    -0.3611   2.855819    6.33256    -0.0661    13.8155 0.0000e+00  -61.22583  -54.41183 1152909352 195.858265    34.5033 0.0000e+00
    435.000    -0.3685   2.854881    -0.3671   2.855398    6.33206    -0.0758    13.8155 0.0000e+00  -61.22583  -54.41183 1152909353 195.858273    34.5046 0.0000e+00
    436.000    -0.3685   2.854926    -0.3676   2.855423    6.33017    -0.0671    13.8155 0.0000e+00  -61.22583  -54.41183 1152909354 195.858282    34.5043 0.0000e+00
    437.000    -0.3725   2.854682    -0.3737   2.855004    6.33318    -0.0613    13.8155 0.0000e+00  -61.22583  -54.41183 1152909356 195.858301    34.5051 0.0000e+00
    438.000    -0.3670   2.855191    -0.3677   2.855520    6.33944    -0.0756    13.8155 0.0000e+00  -61.22583  -54.41183 1152909359 195.858342    34.5047 0.0000e+00
    439.000    -0.3743   2.854675    -0.3763   2.854956    6.33868    -0.0615    13.8155 0.0000e+00  -61.22583  -54.41183 1152909360 195.858352    34.5056 0.0000e+00
    440.000    -0.3816   2.854158    -0.3810   2.854662    6.33890    -0.0668    13.8155 0.0000e+00  -61.22583  -54.41183 1152909361 195.858362    34.5064 0.0000e+00
    441.000    -0.4046   2.852353    -0.4042   2.852864    6.33966    -0.0518    13.8155 0.0000e+00  -61.22583  -54.41183 1152909362 195.858372    34.5084 0.0000e+00
    442.000    -0.4115   2.851869    -0.4108   2.852346    6.34017    -0.0656    13.8155 0.0000e+00  -61.22583  -54.41183 1152909363 195.858384    34.5094 0.0000e+00
    443.000    -0.4123   2.851855    -0.4116   2.852324    6.34051    -0.0745    13.8155 0.0000e+00  -61.22583  -54.41183 1152909364 195.858397    34.5094 0.0000e+00
    444.000    -0.4129   2.851861    -0.4123   2.852310    6.33993    -0.0668    13.8155 0.0000e+00  -61.22583  -54.41183 1152909365 195.858409    34.5093 0.0000e+00
    445.000    -0.4158   2.851714    -0.4165   2.852106    6.34132    -0.0606    13.8155 0.0000e+00  -61.22583  -54.41183 1152909366 195.858420    34.5099 0.0000e+00
    446.000    -0.4227   2.851328    -0.4222   2.851771    6.34182    -0.0581    13.8155 0.0000e+00  -61.22583  -54.41183 1152909367 195.858439    34.5120 0.0000e+00
    447.000    -0.4196   2.851582    -0.4221   2.851798    6.34010    -0.0645    13.8155 0.0000e+00  -61.22583  -54.41183 1152909370 195.858464    34.5110 0.0000e+00
    448.000    -0.4247   2.851286    -0.4242   2.851725    6.34050    -0.0605    13.8155 0.0000e+00  -61.22583  -54.41183 1152909371 195.858480    34.5123 0.0000e+00
    449.000    -0.4267   2.851191    -0.4260   2.851634    6.34399    -0.0687    13.8155 0.0000e+00  -61.22583  -54.41183 1152909372 195.858496    34.5125 0.0000e+00
    450.000    -0.4261   2.851284    -0.4257   2.851703    6.34746    -0.0625    13.8155 0.0000e+00  -61.22583  -54.41183 1152909374 195.858516    34.5123 0.0000e+00
    451.000    -0.4271   2.851261    -0.4266   2.851695    6.34806    -0.0748    13.8155 0.0000e+00  -61.22583  -54.41183 1152909376 195.858532    34.5126 0.0000e+00
    452.000    -0.4298   2.851101    -0.4290   2.851571    6.34862    -0.0568    13.8155 0.0000e+00  -61.22583  -54.41183 1152909377 195.858548    34.5127 0.0000e+00
    453.000    -0.4306   2.851076    -0.4301   2.851512    6.34650    -0.0595    13.8155 0.0000e+00  -61.22583  -54.41183 1152909379 195.858567    34.5128 0.0000e+00
    454.000    -0.4306   2.851120    -0.4300   2.851571    6.34515    -0.0598    13.8155 0.0000e+00  -61.22583  -54.41183 1152909380 195.858588    34.5126 0.0000e+00
    455.000    -0.4310   2.851143    -0.4304   2.851590    6.34481    -0.0717    13.8155 0.0000e+00  -61.22583  -54.41183 1152909382 195.858604    34.5129 0.0000e+00
    456.000    -0.4306   2.851218    -0.4302   2.851637    6.34636    -0.0659    13.8155 0.0000e+00  -61.22583  -54.41183 1152909384 195.858632    34.5127 0.0000e+00
    457.000    -0.4298   2.851347    -0.4291   2.851786    6.35133    -0.0616    13.8155 0.0000e+00  -61.22583  -54.41183 1152909389 195.858685    34.5128 0.0000e+00
    458.000    -0.4295   2.851408    -0.4289   2.851850    6.34952    -0.0692    13.8155 0.0000e+00  -61.22583  -54.41183 1152909389 195.858693    34.5126 0.0000e+00
    459.000    -0.4293   2.851461    -0.4287   2.851904    6.34871    -0.0691    13.8155 0.0000e+00  -61.22583  -54.41183 1152909390 195.858701    34.5125 0.0000e+00
    460.000    -0.4295   2.851480    -0.4295   2.851885    6.34485    -0.0556    13.8155 0.0000e+00  -61.22583  -54.41183 1152909391 195.858709    34.5124 0.0000e+00
    461.000    -0.4306   2.851443    -0.4298   2.851898    6.34384    -0.0568    13.8155 0.0000e+00  -61.22583  -54.41183 1152909394 195.858743    34.5125 0.0000e+00
    462.000    -0.4297   2.851560    -0.4305   2.851898    6.34324    -0.0611    13.8155 0.0000e+00  -61.22583  -54.41183 1152909398 195.858792    34.5124 0.0000e+00
    463.000    -0.4340   2.851273    -0.4337   2.851697    6.34373    -0.0596    13.8155 0.0000e+00  -61.22583  -54.41183 1152909399 195.858807    34.5130 0.0000e+00
    464.000    -0.4321   2.851466    -0.4315   2.851898    6.34405    -0.0686    13.8155 0.0000e+00  -61.22583  -54.41183 1152909401 195.858823    34.5129 0.0000e+00
    465.000    -0.4311   2.851591    -0.4305   2.852017    6.34272    -0.0579    13.8155 0.0000e+00  -61.22583  -54.41183 1152909402 195.858839    34.5126 0.0000e+00
    466.000    -0.4310   2.851636    -0.4302   2.852079    6.34148    -0.0581    13.8155 0.0000e+00  -61.22583  -54.41183 1152909404 195.858866    34.5126 0.0000e+00
    467.000    -0.4338   2.851507    -0.4326   2.851984    6.34182    -0.0548    13.8155 0.0000e+00  -61.22583  -54.41183 1152909407 195.858892    34.5135 0.0000e+00
    468.000    -0.4380   2.851305    -0.4372   2.851758    6.34299    -0.0683    13.8155 0.0000e+00  -61.22583  -54.41183 1152909409 195.858914    34.5150 0.0000e+00
    469.000    -0.4384   2.851346    -0.4373   2.851805    6.34440    -0.0489    13.8155 0.0000e+00  -61.22583  -54.41183 1152909412 195.858956    34.5153 0.0000e+00
    470.000    -0.4445   2.850923    -0.4446   2.851337    6.34488    -0.0802    13.8155 0.0000e+00  -61.22583  -54.41183 1152909413 195.858969    34.5161 0.0000e+00
    471.000    -0.4569   2.849995    -0.4571   2.850408    6.34505    -0.0617    13.8155 0.0000e+00  -61.22583  -54.41183 1152909414 195.858981    34.5172 0.0000e+00
    472.000    -0.4597   2.849818    -0.4588   2.850294    6.34531    -0.0708    13.8155 0.0000e+00  -61.22583  -54.41183 1152909416 195.858997    34.5177 0.0000e+00
    473.000    -0.4599   2.849859    -0.4599   2.850261    6.34373    -0.0612    13.8155 0.0000e+00  -61.22583  -54.41183 1152909418 195.859028    34.5177 0.0000e+00
    474.000    -0.4616   2.849769    -0.4611   2.850223    6.34658    -0.0638    13.8155 0.0000e+00  -61.22583  -54.41183 1152909421 195.859063    34.5178 0.0000e+00
    475.000    -0.4710   2.849032    -0.4714   2.849425    6.35316    -0.0657    13.8155 0.0000e+00  -61.22583  -54.41183 1152909424 195.859087    34.5181 0.0000e+00
    476.000    -0.4818   2.848286    -0.4820   2.848720    6.35327    -0.0467    13.8155 0.0000e+00  -61.22583  -54.41183 1152909425 195.859103    34.5199 0.0000e+00
    477.000    -0.4834   2.848235    -0.4826   2.848692    6.35369    -0.0664    13.8155 0.0000e+00  -61.22583  -54.41183 1152909426 195.859119    34.5204 0.0000e+00
    478.000    -0.4816   2.848399    -0.4811   2.848835    6.35286    -0.0629    13.8155 0.0000e+00  -61.22583  -54.41183 1152909428 195.859145    34.5197 0.0000e+00
    479.000    -0.4804   2.848550    -0.4793   2.849027    6.34939    -0.0635    13.8155 0.0000e+00  -61.22583  -54.41183 1152909431 195.859176    34.5196 0.0000e+00
    480.000    -0.4806   2.848585    -0.4802   2.849024    6.34982    -0.0606    13.8155 0.0000e+00  -61.22583  -54.41183 1152909433 195.859199    34.5197 0.0000e+00
    481.000    -0.4805   2.848638    -0.4802   2.849066    6.35289    -0.0671    13.8155 0.0000e+00  -61.22583  -54.41183 1152909436 195.859228    34.5197 0.0000e+00
    482.000    -0.4800   2.848730    -0.4780   2.849280    6.35381    -0.0643    13.8155 0.0000e+00  -61.22583  -54.41183 1152909438 195.859257    34.5196 0.0000e+00
    483.000    -0.4815   2.848675    -0.4810   2.849116    6.35367    -0.0550    13.8155 0.0000e+00  -61.22583  -54.41183 1152909439 195.859270    34.5200 0.0000e+00
