product_data/regression_test/downloaded_data/MDGS/320620060703/ctd/adapted/heads_insert_p6611401.cnv
* Sea-Bird SBE 9 Data File:
* FileName = D:\Data\Raw\p6611401.dat
* Software Version Seasave Win32 V 5.32
* Temperature SN = 1649
* Conductivity SN = 1431
* Number of Bytes Per Scan = 37
* Number of Voltage Words = 5
* Number of Scans Averaged by the Deck Unit = 1
* NMEA Latitude = 61 30.98 S
* NMEA Longitude = 054 52.51 W
* NMEA UTC (Time) = 09:04:59
** Ship:   Nathaniel B. Palmer 
** Cruise:    NBP0606 
# nquan = 15
# nvalues = 990                         
# units = specified
# name 0 = prDM: Pressure, Digiquartz [db]
# name 1 = t090C: Temperature [ITS-90, deg C]
# name 2 = c0S/m: Conductivity [S/m]
# name 3 = t190C: Temperature, 2 [ITS-90, deg C]
# name 4 = c1S/m: Conductivity, 2 [S/m]
# name 5 = sbeox0ML/L: Oxygen, SBE 43 [ml/l]
# name 6 = flECO-AFL: Fluorescence, Wetlab ECO-AFL/FL [mg/m^3]
# name 7 = bat: Beam Attenuation, Chelsea/Seatech/Wetlab CStar [1/m]
# name 8 = spar: SPAR/Surface Irradiance
# name 9 = latitude: Latitude [deg]
# name 10 = longitude: Longitude [deg]
# name 11 = timeY: Time, System [seconds]
# name 12 = timeJ: Julian Days
# name 13 = sal00: Salinity [PSU]
# name 14 = flag: flag
# span 0 =     12.000,   1001.000       
# span 1 =    -1.5892,    -0.4499       
# span 2 =   2.708741,   2.859129       
# span 3 =    -1.5903,    -0.4490       
# span 4 =   2.709675,   2.859596       
# span 5 =    6.39106,    8.00130       
# span 6 =    -0.1229,     0.2395       
# span 7 =    13.8155,    13.8155       
# span 8 = 0.0000e+00, 0.0000e+00       
# span 9 =  -61.51633,  -61.51633       
# span 10 =  -54.87517,  -54.87517      
# span 11 = 1152867909, 1152869375      
# span 12 = 195.378602, 195.395567      
# span 13 =    34.1644,    34.5624      
# span 14 = 0.0000e+00, 0.0000e+00      
# interval = decibars: 1                
# start_time = Jul 14 2006 09:05:07
# bad_flag = -9.990e-29
*END*
[from data line 483]
    494.000    -0.6185   2.837970    -0.6187   2.838381    6.41934    -0.0582    13.8155 0.0000e+00  -61.51633  -54.87517 1152868669 195.387388    34.5251 0.0000e+00
    495.000    -0.6156   2.838245    -0.6152   2.838690    6.41752    -0.0771    13.8155 0.0000e+00  -61.51633  -54.87517 1152868670 195.387401    34.5248 0.0000e+00
    496.000    -0.6200   2.837950    -0.6181   2.838536    6.41588    -0.0757    13.8155 0.0000e+00  -61.51633  -54.87517 1152868670 195.387411    34.5252 0.0000e+00
    497.000    -0.6203   2.837986    -0.6193   2.838491    6.41512    -0.0616    13.8155 0.0000e+00  -61.51633  -54.87517 1152868671 195.387420    34.5257 0.0000e+00
    498.000    -0.6214   2.837955    -0.6212   2.838387    6.41312    -0.0786    13.8155 0.0000e+00  -61.51633  -54.87517 1152868672 195.387429    34.5258 0.0000e+00
    499.000    -0.6222   2.837933    -0.6215   2.838397    6.41281    -0.0833    13.8155 0.0000e+00  -61.51633  -54.87517 1152868674 195.387449    34.5258 0.0000e+00
    500.000    -0.6190   2.838220    -0.6191   2.838624    6.41432    -0.0749    13.8155 0.0000e+00  -61.51633  -54.87517 1152868676 195.387475    34.5253 0.0000e+00
    501.000    -0.6211   2.838109    -0.6212   2.838512    6.41578    -0.0815    13.8155 0.0000e+00  -61.51633  -54.87517 1152868678 195.387497    34.5257 0.0000e+00
    502.000    -0.6193   2.838287    -0.6197   2.838673    6.41650    -0.0857    13.8155 0.0000e+00  -61.51633  -54.87517 1152868679 195.387512    34.5254 0.0000e+00
    503.000    -0.6175   2.838465    -0.6178   2.838862    6.41686    -0.1012    13.8155 0.0000e+00  -61.51633  -54.87517 1152868680 195.387523    34.5250 0.0000e+00
    504.000    -0.6188   2.838410    -0.6185   2.838846    6.41715    -0.0880    13.8155 0.0000e+00  -61.51633  -54.87517 1152868681 195.387533    34.5252 0.0000e+00
    505.000    -0.6181   2.838504    -0.6178   2.838933    6.41782    -0.0916    13.8155 0.0000e+00  -61.51633  -54.87517 1152868682 195.387546    34.5251 0.0000e+00
    506.000    -0.6183   2.838536    -0.6179   2.838987    6.41884    -0.0767    13.8155 0.0000e+00  -61.51633  -54.87517 1152868684 195.387564    34.5252 0.0000e+00
    507.000    -0.6158   2.838767    -0.6149   2.839247    6.41868    -0.0605    13.8155 0.0000e+00  -61.51633  -54.87517 1152868685 195.387579    34.5248 0.0000e+00
    508.000    -0.6141   2.838943    -0.6139   2.839372    6.41658    -0.0804    13.8155 0.0000e+00  -61.51633  -54.87517 1152868686 195.387593    34.5245 0.0000e+00
    509.000    -0.6141   2.838993    -0.6134   2.839461    6.41626    -0.0716    13.8155 0.0000e+00  -61.51633  -54.87517 1152868687 195.387607    34.5246 0.0000e+00
    510.000    -0.6138   2.839055    -0.6134   2.839493    6.41697    -0.0882    13.8155 0.0000e+00  -61.51633  -54.87517 1152868689 195.387622    34.5245 0.0000e+00
    511.000    -0.6152   2.838984    -0.6145   2.839459    6.41761    -0.0789    13.8155 0.0000e+00  -61.51633  -54.87517 1152868690 195.387639    34.5246 0.0000e+00
    512.000    -0.6162   2.838958    -0.6157   2.839406    6.41572    -0.0822    13.8155 0.0000e+00  -61.51633  -54.87517 1152868692 195.387661    34.5248 0.0000e+00
    513.000    -0.6161   2.839009    -0.6153   2.839494    6.41667    -0.0849    13.8155 0.0000e+00  -61.51633  -54.87517 1152868694 195.387679    34.5248 0.0000e+00
    514.000    -0.6158   2.839087    -0.6153   2.839550    6.41676    -0.0868    13.8155 0.0000e+00  -61.51633  -54.87517 1152868695 195.387691    34.5248 0.0000e+00
    515.000    -0.6151   2.839177    -0.6146   2.839646    6.41728    -0.0735    13.8155 0.0000e+00  -61.51633  -54.87517 1152868696 195.387702    34.5247 0.0000e+00
    516.000    -0.6203   2.838830    -0.6197   2.839290    6.41543    -0.0844    13.8155 0.0000e+00  -61.51633  -54.87517 1152868697 195.387714    34.5257 0.0000e+00
    517.000    -0.6209   2.838861    -0.6202   2.839321    6.41466    -0.0756    13.8155 0.0000e+00  -61.51633  -54.87517 1152868698 195.387727    34.5260 0.0000e+00
    518.000    -0.6176   2.839131    -0.6171   2.839579    6.41662    -0.0870    13.8155 0.0000e+00  -61.51633  -54.87517 1152868699 195.387746    34.5251 0.0000e+00
    519.000    -0.6133   2.839518    -0.6118   2.840020    6.41756    -0.0799    13.8155 0.0000e+00  -61.51633  -54.87517 1152868701 195.387765    34.5247 0.0000e+00
    520.000    -0.6147   2.839438    -0.6127   2.840018    6.41713    -0.0818    13.8155 0.0000e+00  -61.51633  -54.87517 1152868702 195.387780    34.5246 0.0000e+00
    521.000    -0.6175   2.839272    -0.6168   2.839758    6.41956    -0.0848    13.8155 0.0000e+00  -61.51633  -54.87517 1152868704 195.387794    34.5252 0.0000e+00
    522.000    -0.6114   2.839788    -0.6114   2.840176    6.42178    -0.0706    13.8155 0.0000e+00  -61.51633  -54.87517 1152868705 195.387811    34.5244 0.0000e+00
    523.000    -0.6088   2.840023    -0.6081   2.840477    6.42324    -0.0869    13.8155 0.0000e+00  -61.51633  -54.87517 1152868707 195.387827    34.5239 0.0000e+00
    524.000    -0.6086   2.840088    -0.6080   2.840547    6.42380    -0.0825    13.8155 0.0000e+00  -61.51633  -54.87517 1152868708 195.387841    34.5240 0.0000e+00
    525.000    -0.6087   2.840121    -0.6083   2.840565    6.42389    -0.0749    13.8155 0.0000e+00  -61.51633  -54.87517 1152868709 195.387854    34.5240 0.0000e+00
    526.000    -0.6092   2.840134    -0.6081   2.840624    6.42075    -0.0794    13.8155 0.0000e+00  -61.51633  -54.87517 1152868710 195.387866    34.5241 0.0000e+00
    527.000    -0.6093   2.840165    -0.6086   2.840627    6.42201    -0.0755    13.8155 0.0000e+00  -61.51633  -54.87517 1152868711 195.387879    34.5241 0.0000e+00
    528.000    -0.6094   2.840205    -0.6090   2.840642    6.42306    -0.0848    13.8155 0.0000e+00  -61.51633  -54.87517 1152868713 195.387905    34.5242 0.0000e+00
    529.000    -0.6092   2.840252    -0.6087   2.840712    6.42388    -0.0886    13.8155 0.0000e+00  -61.51633  -54.87517 1152868715 195.387927    34.5240 0.0000e+00
    530.000    -0.6090   2.840324    -0.6086   2.840773    6.42211    -0.0834    13.8155 0.0000e+00  -61.51633  -54.87517 1152868716 195.387938    34.5242 0.0000e+00
    531.000    -0.6082   2.840429    -0.6079   2.840870    6.42165    -0.0772    13.8155 0.0000e+00  -61.51633  -54.87517 1152868717 195.387949    34.5240 0.0000e+00
    532.000    -0.6089   2.840414    -0.6089   2.840839    6.42247    -0.0892    13.8155 0.0000e+00  -61.51633  -54.87517 1152868718 195.387960    34.5240 0.0000e+00
    533.000    -0.6103   2.840360    -0.6097   2.840817    6.42296    -0.0713    13.8155 0.0000e+00  -61.51633  -54.87517 1152868719 195.387974    34.5244 0.0000e+00
    534.000    -0.6102   2.840408    -0.6098   2.840857    6.42159    -0.0756    13.8155 0.0000e+00  -61.51633  -54.87517 1152868720 195.387987    34.5243 0.0000e+00
    535.000    -0.6095   2.840511    -0.6087   2.840983    6.42181    -0.0754    13.8155 0.0000e+00  -61.51633  -54.87517 1152868721 195.387999    34.5242 0.0000e+00
    536.000    -0.6079   2.840676    -0.6070   2.841151    6.42316    -0.0793    13.8155 0.0000e+00  -61.51633  -54.87517 1152868723 195.388023    34.5240 0.0000e+00
    537.000    -0.6084   2.840675    -0.6078   2.841150    6.42308    -0.0860    13.8155 0.0000e+00  -61.51633  -54.87517 1152868726 195.388050    34.5240 0.0000e+00
    538.000    -0.6089   2.840686    -0.6086   2.841138    6.42252    -0.1020    13.8155 0.0000e+00  -61.51633  -54.87517 1152868727 195.388060    34.5242 0.0000e+00
    539.000    -0.6095   2.840690    -0.6090   2.841141    6.41950    -0.0750    13.8155 0.0000e+00  -61.51633  -54.87517 1152868727 195.388069    34.5243 0.0000e+00
    540.000    -0.6081   2.840835    -0.6075   2.841282    6.42075    -0.0847    13.8155 0.0000e+00  -61.51633  -54.87517 1152868728 195.388078    34.5240 0.0000e+00
    541.000    -0.6086   2.840850    -0.6085   2.841275    6.42029    -0.0697    13.8155 0.0000e+00  -61.51633  -54.87517 1152868731 195.388112    34.5241 0.0000e+00
    542.000    -0.6123   2.840596    -0.6133   2.840971    6.42040    -0.0733    13.8155 0.0000e+00  -61.51633  -54.87517 1152868732 195.388127    34.5244 0.0000e+00
    543.000    -0.6137   2.840563    -0.6130   2.841031    6.41994    -0.0982    13.8155 0.0000e+00  -61.51633  -54.87517 1152868733 195.388136    34.5251 0.0000e+00
    544.000    -0.6116   2.840758    -0.6116   2.841184    6.41898    -0.0994    13.8155 0.0000e+00  -61.51633  -54.87517 1152868734 195.388143    34.5246 0.0000e+00
    545.000    -0.6128   2.840688    -0.6124   2.841162    6.41870    -0.0805    13.8155 0.0000e+00  -61.51633  -54.87517 1152868734 195.388151    34.5245 0.0000e+00
    546.000    -0.6137   2.840674    -0.6132   2.841143    6.41654    -0.0800    13.8155 0.0000e+00  -61.51633  -54.87517 1152868735 195.388160    34.5247 0.0000e+00
    547.000    -0.6134   2.840764    -0.6129   2.841212    6.41575    -0.0940    13.8155 0.0000e+00  -61.51633  -54.87517 1152868738 195.388192    34.5249 0.0000e+00
    548.000    -0.6130   2.840833    -0.6129   2.841259    6.41948    -0.0843    13.8155 0.0000e+00  -61.51633  -54.87517 1152868740 195.388215    34.5248 0.0000e+00
    549.000    -0.6138   2.840808    -0.6132   2.841273    6.42256    -0.0797    13.8155 0.0000e+00  -61.51633  -54.87517 1152868741 195.388232    34.5248 0.0000e+00
    550.000    -0.6113   2.841058    -0.6112   2.841481    6.42579    -0.0752    13.8155 0.0000e+00  -61.51633  -54.87517 1152868743 195.388245    34.5246 0.0000e+00
    551.000    -0.6116   2.841076    -0.6113   2.841519    6.42593    -0.0858    13.8155 0.0000e+00  -61.51633  -54.87517 1152868744 195.388256    34.5246 0.0000e+00
    552.000    -0.6111   2.841156    -0.6103   2.841639    6.42674    -0.0889    13.8155 0.0000e+00  -61.51633  -54.87517 1152868744 195.388266    34.5246 0.0000e+00
    553.000    -0.6087   2.841366    -0.6086   2.841808    6.42427    -0.0779    13.8155 0.0000e+00  -61.51633  -54.87517 1152868745 195.388275    34.5239 0.0000e+00
    554.000    -0.6097   2.841337    -0.6096   2.841770    6.42101    -0.0790    13.8155 0.0000e+00  -61.51633  -54.87517 1152868746 195.388287    34.5241 0.0000e+00
    555.000    -0.6099   2.841365    -0.6098   2.841797    6.41806    -0.0819    13.8155 0.0000e+00  -61.51633  -54.87517 1152868748 195.388311    34.5242 0.0000e+00
    556.000    -0.6206   2.840609    -0.6210   2.841037    6.41951    -0.0967    13.8155 0.0000e+00  -61.51633  -54.87517 1152868750 195.388333    34.5258 0.0000e+00
    557.000    -0.6262   2.840253    -0.6253   2.840743    6.42055    -0.0883    13.8155 0.0000e+00  -61.51633  -54.87517 1152868752 195.388352    34.5269 0.0000e+00
    558.000    -0.6272   2.840214    -0.6261   2.840741    6.42105    -0.0759    13.8155 0.0000e+00  -61.51633  -54.87517 1152868753 195.388367    34.5270 0.0000e+00
    559.000    -0.6258   2.840372    -0.6249   2.840869    6.42111    -0.0677    13.8155 0.0000e+00  -61.51633  -54.87517 1152868754 195.388379    34.5267 0.0000e+00
    560.000    -0.6262   2.840391    -0.6261   2.840824    6.42275    -0.0737    13.8155 0.0000e+00  -61.51633  -54.87517 1152868755 195.388389    34.5269 0.0000e+00
    561.000    -0.6234   2.840650    -0.6237   2.841036    6.42235    -0.0869    13.8155 0.0000e+00  -61.51633  -54.87517 1152868756 195.388399    34.5265 0.0000e+00
    562.000    -0.6229   2.840728    -0.6218   2.841223    6.42184    -0.0833    13.8155 0.0000e+00  -61.51633  -54.87517 1152868757 195.388410    34.5263 0.0000e+00
    563.000    -0.6206   2.840946    -0.6213   2.841318    6.42178    -0.0789    13.8155 0.0000e+00  -61.51633  -54.87517 1152868759 195.388439    34.5260 0.0000e+00
    564.000    -0.6212   2.840963    -0.6206   2.841418    6.42614    -0.0899    13.8155 0.0000e+00  -61.51633  -54.87517 1152868762 195.388466    34.5262 0.0000e+00
    565.000    -0.6187   2.841187    -0.6185   2.841627    6.42499    -0.0886    13.8155 0.0000e+00  -61.51633  -54.87517 1152868762 195.388477    34.5257 0.0000e+00
    566.000    -0.6181   2.841277    -0.6183   2.841688    6.42169    -0.0972    13.8155 0.0000e+00  -61.51633  -54.87517 1152868763 195.388485    34.5257 0.0000e+00
    567.000    -0.6170   2.841387    -0.6163   2.841863    6.42116    -0.0962    13.8155 0.0000e+00  -61.51633  -54.87517 1152868764 195.388493    34.5251 0.0000e+00
    568.000    -0.6167   2.841453    -0.6167   2.841878    6.42138    -0.0843    13.8155 0.0000e+00  -61.51633  -54.87517 1152868765 195.388501    34.5251 0.0000e+00
    569.000    -0.6175   2.841450    -0.6160   2.841974    6.42354    -0.0862    13.8155 0.0000e+00  -61.51633  -54.87517 1152868767 195.388525    34.5255 0.0000e+00
    570.000    -0.6161   2.841609    -0.6158   2.842060    6.42731    -0.0793    13.8155 0.0000e+00  -61.51633  -54.87517 1152868770 195.388563    34.5254 0.0000e+00
    571.000    -0.6156   2.841684    -0.6148   2.842169    6.42740    -0.0879    13.8155 0.0000e+00  -61.51633  -54.87517 1152868771 195.388572    34.5254 0.0000e+00
    572.000    -0.6142   2.841843    -0.6138   2.842292    6.42721    -0.0751    13.8155 0.0000e+00  -61.51633  -54.87517 1152868771 195.388580    34.5251 0.0000e+00
    573.000    -0.6167   2.841693    -0.6162   2.842166    6.42522    -0.0953    13.8155 0.0000e+00  -61.51633  -54.87517 1152868772 195.388587    34.5250 0.0000e+00
    574.000    -0.6180   2.841634    -0.6175   2.842104    6.42392    -0.0802    13.8155 0.0000e+00  -61.51633  -54.87517 1152868773 195.388595    34.5257 0.0000e+00
    575.000    -0.6183   2.841648    -0.6192   2.842015    6.42319    -0.0594    13.8155 0.0000e+00  -61.51633  -54.87517 1152868773 195.388603    34.5256 0.0000e+00
    576.000    -0.6180   2.841726    -0.6178   2.842153    6.42205    -0.0865    13.8155 0.0000e+00  -61.51633  -54.87517 1152868776 195.388633    34.5257 0.0000e+00
    577.000    -0.6172   2.841835    -0.6168   2.842278    6.42682    -0.0874    13.8155 0.0000e+00  -61.51633  -54.87517 1152868779 195.388667    34.5256 0.0000e+00
    578.000    -0.6177   2.841834    -0.6180   2.842237    6.43076    -0.0673    13.8155 0.0000e+00  -61.51633  -54.87517 1152868780 195.388682    34.5255 0.0000e+00
    579.000    -0.6245   2.841369    -0.6247   2.841803    6.42980    -0.0844    13.8155 0.0000e+00  -61.51633  -54.87517 1152868781 195.388694    34.5266 0.0000e+00
    580.000    -0.6268   2.841240    -0.6265   2.841711    6.42931    -0.0890    13.8155 0.0000e+00  -61.51633  -54.87517 1152868782 195.388703    34.5270 0.0000e+00
    581.000    -0.6261   2.841360    -0.6253   2.841823    6.42824    -0.0701    13.8155 0.0000e+00  -61.51633  -54.87517 1152868783 195.388712    34.5272 0.0000e+00
    582.000    -0.6270   2.841315    -0.6265   2.841798    6.42900    -0.0834    13.8155 0.0000e+00  -61.51633  -54.87517 1152868783 195.388720    34.5269 0.0000e+00
    583.000    -0.6304   2.841109    -0.6300   2.841571    6.42643    -0.0767    13.8155 0.0000e+00  -61.51633  -54.87517 1152868784 195.388730    34.5275 0.0000e+00
    584.000    -0.6286   2.841332    -0.6294   2.841650    6.42451    -0.0786    13.8155 0.0000e+00  -61.51633  -54.87517 1152868786 195.388751    34.5273 0.0000e+00
    585.000    -0.6282   2.841398    -0.6281   2.841798    6.42479    -0.0912    13.8155 0.0000e+00  -61.51633  -54.87517 1152868788 195.388778    34.5271 0.0000e+00
    586.000    -0.6311   2.841206    -0.6306   2.841665    6.42588    -0.0747    13.8155 0.0000e+00  -61.51633  -54.87517 1152868790 195.388796    34.5277 0.0000e+00
    587.000    -0.6308   2.841262    -0.6303   2.841723    6.42889    -0.0658    13.8155 0.0000e+00  -61.51633  -54.87517 1152868791 195.388812    34.5275 0.0000e+00
    588.000    -0.6283   2.841501    -0.6304   2.841775    6.43206    -0.0884    13.8155 0.0000e+00  -61.51633  -54.87517 1152868793 195.388828    34.5272 0.0000e+00
