product_data/regression_test/downloaded_data/MDGS/320620060703/ctd/adapted/heads_insert_p6617608.cnv
* Sea-Bird SBE 9 Data File:
* FileName = D:\Data\Raw\p6617608.dat
* Software Version Seasave Win32 V 5.32
* Temperature SN = 1649
* Conductivity SN = 1431
* Number of Bytes Per Scan = 37
* Number of Voltage Words = 5
* Number of Scans Averaged by the Deck Unit = 1
* NMEA Latitude = 60 36.97 S
* NMEA Longitude = 054 43.19 W
* NMEA UTC (Time) = 11:17:29
** Ship:   Nathaniel B. Palmer 
** Cruise:    NBP0606 
# nquan = 15
# nvalues = 1192                        
# units = specified
# name 0 = prDM: Pressure, Digiquartz [db]
# name 1 = t090C: Temperature [ITS-90, deg C]
# name 2 = c0S/m: Conductivity [S/m]
# name 3 = t190C: Temperature, 2 [ITS-90, deg C]
# name 4 = c1S/m: Conductivity, 2 [S/m]
# name 5 = sbeox0ML/L: Oxygen, SBE 43 [ml/l]
# name 6 = flECO-AFL: Fluorescence, Wetlab ECO-AFL/FL [mg/m^3]
# name 7 = bat: Beam Attenuation, Chelsea/Seatech/Wetlab CStar [1/m]
# name 8 = spar: SPAR/Surface Irradiance
# name 9 = latitude: Latitude [deg]
# name 10 = longitude: Longitude [deg]
# name 11 = timeY: Time, System [seconds]
# name 12 = timeJ: Julian Days
# name 13 = sal00: Salinity [PSU]
# name 14 = flag: flag
# span 0 =     11.000,   1202.000       
# span 1 =    -0.7594,     1.5365       
# span 2 =   2.778691,   3.026195       
# span 3 =    -0.7598,     1.5377       
# span 4 =   2.779156,   3.026523       
# span 5 =    4.78176,    7.70745       
# span 6 =    -0.1115,     0.3638       
# span 7 =    13.8155,    13.8155       
# span 8 = -3.683e-02, 1.9481e+00       
# span 9 =  -60.61617,  -60.61617       
# span 10 =  -54.71983,  -54.71983      
# span 11 = 1153480669, 1153482379      
# span 12 = 202.470721, 202.490513      
# span 13 =    34.1772,    34.7162      
# span 14 = 0.0000e+00, 0.0000e+00      
# interval = decibars: 1                
# start_time = Jul 21 2006 11:17:36
# bad_flag = -9.990e-29
*END*
[from data line 868]
    878.000     1.0009   3.004955     1.0027   3.005492    5.11134    -0.0977    13.8155 0.0000e+00  -60.61617  -54.71983 1153481907 202.485053    34.6797 0.0000e+00
    879.000     0.9979   3.004700     0.9980   3.005093    5.11506    -0.0951    13.8155 0.0000e+00  -60.61617  -54.71983 1153481909 202.485068    34.6792 0.0000e+00
    880.000     0.9889   3.003940     0.9891   3.004332    5.11577    -0.0897    13.8155 0.0000e+00  -60.61617  -54.71983 1153481910 202.485080    34.6792 0.0000e+00
    881.000     0.9905   3.004151     0.9907   3.004529    5.11558    -0.0779    13.8155 0.0000e+00  -60.61617  -54.71983 1153481911 202.485092    34.6794 0.0000e+00
    882.000     0.9921   3.004362     0.9925   3.004748    5.11542    -0.0959    13.8155 0.0000e+00  -60.61617  -54.71983 1153481912 202.485114    34.6796 0.0000e+00
    883.000     0.9960   3.004816     0.9966   3.005178    5.11508    -0.0789    13.8155 0.0000e+00  -60.61617  -54.71983 1153481915 202.485142    34.6804 0.0000e+00
    884.000     1.0075   3.006021     1.0070   3.006243    5.11112    -0.0749    13.8155 0.0000e+00  -60.61617  -54.71983 1153481916 202.485151    34.6824 0.0000e+00
    885.000     1.0158   3.006837     1.0156   3.007137    5.10692    -0.0851    13.8155 0.0000e+00  -60.61617  -54.71983 1153481916 202.485160    34.6827 0.0000e+00
    886.000     1.0159   3.006886     1.0161   3.007237    5.10425    -0.0933    13.8155 0.0000e+00  -60.61617  -54.71983 1153481917 202.485168    34.6826 0.0000e+00
    887.000     1.0158   3.006928     1.0162   3.007289    5.10264    -0.0980    13.8155 0.0000e+00  -60.61617  -54.71983 1153481918 202.485177    34.6827 0.0000e+00
    888.000     1.0153   3.006928     1.0157   3.007301    5.10151    -0.0788    13.8155 0.0000e+00  -60.61617  -54.71983 1153481919 202.485194    34.6828 0.0000e+00
    889.000     1.0175   3.007218     1.0179   3.007570    5.09697    -0.0970    13.8155 0.0000e+00  -60.61617  -54.71983 1153481921 202.485216    34.6836 0.0000e+00
    890.000     1.0216   3.007656     1.0219   3.008019    5.09303    -0.0835    13.8155 0.0000e+00  -60.61617  -54.71983 1153481923 202.485231    34.6840 0.0000e+00
    891.000     1.0229   3.007848     1.0232   3.008195    5.09064    -0.0818    13.8155 0.0000e+00  -60.61617  -54.71983 1153481924 202.485252    34.6845 0.0000e+00
    892.000     1.0245   3.008070     1.0251   3.008445    5.08933    -0.0859    13.8155 0.0000e+00  -60.61617  -54.71983 1153481926 202.485275    34.6851 0.0000e+00
    893.000     1.0281   3.008468     1.0286   3.008843    5.08716    -0.0830    13.8155 0.0000e+00  -60.61617  -54.71983 1153481928 202.485289    34.6856 0.0000e+00
    894.000     1.0283   3.008547     1.0284   3.008910    5.08617    -0.0952    13.8155 0.0000e+00  -60.61617  -54.71983 1153481929 202.485299    34.6859 0.0000e+00
    895.000     1.0270   3.008476     1.0271   3.008844    5.08530    -0.0957    13.8155 0.0000e+00  -60.61617  -54.71983 1153481929 202.485308    34.6859 0.0000e+00
    896.000     1.0267   3.008517     1.0270   3.008898    5.08117    -0.0920    13.8155 0.0000e+00  -60.61617  -54.71983 1153481930 202.485316    34.6863 0.0000e+00
    897.000     1.0282   3.008707     1.0284   3.009054    5.08082    -0.0831    13.8155 0.0000e+00  -60.61617  -54.71983 1153481931 202.485324    34.6865 0.0000e+00
    898.000     1.0299   3.008925     1.0302   3.009283    5.08109    -0.0723    13.8155 0.0000e+00  -60.61617  -54.71983 1153481932 202.485335    34.6867 0.0000e+00
    899.000     1.0292   3.008893     1.0291   3.009213    5.07764    -0.0907    13.8155 0.0000e+00  -60.61617  -54.71983 1153481936 202.485384    34.6866 0.0000e+00
    900.000     1.0311   3.009156     1.0313   3.009490    5.07588    -0.0968    13.8155 0.0000e+00  -60.61617  -54.71983 1153481937 202.485397    34.6874 0.0000e+00
    901.000     1.0324   3.009308     1.0326   3.009673    5.07531    -0.0868    13.8155 0.0000e+00  -60.61617  -54.71983 1153481938 202.485407    34.6874 0.0000e+00
    902.000     1.0333   3.009441     1.0336   3.009811    5.07436    -0.0847    13.8155 0.0000e+00  -60.61617  -54.71983 1153481939 202.485416    34.6875 0.0000e+00
    903.000     1.0364   3.009816     1.0367   3.010158    5.07306    -0.1041    13.8155 0.0000e+00  -60.61617  -54.71983 1153481939 202.485425    34.6882 0.0000e+00
    904.000     1.0373   3.009942     1.0376   3.010299    5.07245    -0.0912    13.8155 0.0000e+00  -60.61617  -54.71983 1153481940 202.485435    34.6882 0.0000e+00
    905.000     1.0377   3.010011     1.0376   3.010342    5.07328    -0.0936    13.8155 0.0000e+00  -60.61617  -54.71983 1153481942 202.485460    34.6882 0.0000e+00
    906.000     1.0360   3.009910     1.0366   3.010309    5.07285    -0.0803    13.8155 0.0000e+00  -60.61617  -54.71983 1153481944 202.485478    34.6882 0.0000e+00
    907.000     1.0339   3.009767     1.0340   3.010126    5.07241    -0.0902    13.8155 0.0000e+00  -60.61617  -54.71983 1153481945 202.485489    34.6884 0.0000e+00
    908.000     1.0335   3.009785     1.0340   3.010169    5.06910    -0.0866    13.8155 0.0000e+00  -60.61617  -54.71983 1153481946 202.485498    34.6885 0.0000e+00
    909.000     1.0364   3.010124     1.0369   3.010499    5.06859    -0.0891    13.8155 0.0000e+00  -60.61617  -54.71983 1153481947 202.485507    34.6890 0.0000e+00
    910.000     1.0377   3.010281     1.0381   3.010666    5.06908    -0.0996    13.8155 0.0000e+00  -60.61617  -54.71983 1153481949 202.485531    34.6889 0.0000e+00
    911.000     1.0372   3.010294     1.0381   3.010706    5.07113    -0.0786    13.8155 0.0000e+00  -60.61617  -54.71983 1153481952 202.485566    34.6892 0.0000e+00
    912.000     1.0395   3.010557     1.0397   3.010927    5.07201    -0.0782    13.8155 0.0000e+00  -60.61617  -54.71983 1153481953 202.485577    34.6894 0.0000e+00
    913.000     1.0389   3.010550     1.0393   3.010942    5.06996    -0.0961    13.8155 0.0000e+00  -60.61617  -54.71983 1153481953 202.485587    34.6894 0.0000e+00
    914.000     1.0379   3.010512     1.0382   3.010899    5.06862    -0.0882    13.8155 0.0000e+00  -60.61617  -54.71983 1153481954 202.485596    34.6895 0.0000e+00
    915.000     1.0381   3.010572     1.0384   3.010947    5.06860    -0.0968    13.8155 0.0000e+00  -60.61617  -54.71983 1153481955 202.485606    34.6895 0.0000e+00
    916.000     1.0384   3.010649     1.0389   3.011043    5.06656    -0.0861    13.8155 0.0000e+00  -60.61617  -54.71983 1153481956 202.485618    34.6896 0.0000e+00
    917.000     1.0389   3.010734     1.0391   3.011100    5.06557    -0.0904    13.8155 0.0000e+00  -60.61617  -54.71983 1153481957 202.485634    34.6896 0.0000e+00
    918.000     1.0367   3.010572     1.0368   3.010945    5.06573    -0.0808    13.8155 0.0000e+00  -60.61617  -54.71983 1153481959 202.485653    34.6895 0.0000e+00
    919.000     1.0352   3.010485     1.0353   3.010846    5.06617    -0.0861    13.8155 0.0000e+00  -60.61617  -54.71983 1153481960 202.485667    34.6894 0.0000e+00
    920.000     1.0339   3.010407     1.0342   3.010789    5.06687    -0.0898    13.8155 0.0000e+00  -60.61617  -54.71983 1153481962 202.485683    34.6894 0.0000e+00
    921.000     1.0336   3.010441     1.0339   3.010812    5.06866    -0.0940    13.8155 0.0000e+00  -60.61617  -54.71983 1153481964 202.485710    34.6896 0.0000e+00
    922.000     1.0339   3.010512     1.0343   3.010899    5.06961    -0.0961    13.8155 0.0000e+00  -60.61617  -54.71983 1153481965 202.485727    34.6896 0.0000e+00
    923.000     1.0354   3.010720     1.0357   3.011101    5.06992    -0.0697    13.8155 0.0000e+00  -60.61617  -54.71983 1153481966 202.485737    34.6900 0.0000e+00
    924.000     1.0360   3.010847     1.0363   3.011221    5.06670    -0.0776    13.8155 0.0000e+00  -60.61617  -54.71983 1153481967 202.485747    34.6903 0.0000e+00
    925.000     1.0352   3.010848     1.0354   3.011217    5.06572    -0.0887    13.8155 0.0000e+00  -60.61617  -54.71983 1153481968 202.485757    34.6907 0.0000e+00
    926.000     1.0345   3.010824     1.0347   3.011203    5.06442    -0.0826    13.8155 0.0000e+00  -60.61617  -54.71983 1153481969 202.485769    34.6907 0.0000e+00
    927.000     1.0339   3.010817     1.0343   3.011201    5.06370    -0.1017    13.8155 0.0000e+00  -60.61617  -54.71983 1153481971 202.485786    34.6906 0.0000e+00
    928.000     1.0334   3.010823     1.0337   3.011194    5.06456    -0.0927    13.8155 0.0000e+00  -60.61617  -54.71983 1153481972 202.485808    34.6907 0.0000e+00
    929.000     1.0324   3.010775     1.0325   3.011144    5.06506    -0.0945    13.8155 0.0000e+00  -60.61617  -54.71983 1153481974 202.485828    34.6906 0.0000e+00
    930.000     1.0311   3.010760     1.0317   3.011147    5.06460    -0.0785    13.8155 0.0000e+00  -60.61617  -54.71983 1153481975 202.485842    34.6914 0.0000e+00
    931.000     1.0318   3.010872     1.0319   3.011240    5.06354    -0.1029    13.8155 0.0000e+00  -60.61617  -54.71983 1153481976 202.485854    34.6915 0.0000e+00
    932.000     1.0308   3.010846     1.0309   3.011207    5.06176    -0.0777    13.8155 0.0000e+00  -60.61617  -54.71983 1153481977 202.485865    34.6917 0.0000e+00
    933.000     1.0309   3.010895     1.0313   3.011284    5.06117    -0.0891    13.8155 0.0000e+00  -60.61617  -54.71983 1153481979 202.485879    34.6917 0.0000e+00
    934.000     1.0314   3.010989     1.0319   3.011373    5.06212    -0.0939    13.8155 0.0000e+00  -60.61617  -54.71983 1153481980 202.485899    34.6918 0.0000e+00
    935.000     1.0316   3.011058     1.0319   3.011430    5.06368    -0.0889    13.8155 0.0000e+00  -60.61617  -54.71983 1153481982 202.485922    34.6918 0.0000e+00
    936.000     1.0316   3.011117     1.0319   3.011491    5.06442    -0.0788    13.8155 0.0000e+00  -60.61617  -54.71983 1153481984 202.485937    34.6920 0.0000e+00
    937.000     1.0315   3.011143     1.0316   3.011520    5.06454    -0.0887    13.8155 0.0000e+00  -60.61617  -54.71983 1153481985 202.485949    34.6920 0.0000e+00
    938.000     1.0309   3.011134     1.0310   3.011505    5.06455    -0.0938    13.8155 0.0000e+00  -60.61617  -54.71983 1153481986 202.485959    34.6920 0.0000e+00
    939.000     1.0308   3.011196     1.0315   3.011589    5.06283    -0.0990    13.8155 0.0000e+00  -60.61617  -54.71983 1153481986 202.485967    34.6923 0.0000e+00
    940.000     1.0329   3.011435     1.0331   3.011808    5.06061    -0.1014    13.8155 0.0000e+00  -60.61617  -54.71983 1153481987 202.485976    34.6924 0.0000e+00
    941.000     1.0330   3.011495     1.0335   3.011892    5.05924    -0.0893    13.8155 0.0000e+00  -60.61617  -54.71983 1153481989 202.485996    34.6925 0.0000e+00
    942.000     1.0323   3.011477     1.0330   3.011887    5.05904    -0.0935    13.8155 0.0000e+00  -60.61617  -54.71983 1153481992 202.486035    34.6925 0.0000e+00
    943.000     1.0369   3.012001     1.0372   3.012377    5.06027    -0.0747    13.8155 0.0000e+00  -60.61617  -54.71983 1153481993 202.486048    34.6935 0.0000e+00
    944.000     1.0357   3.011945     1.0369   3.012430    5.05938    -0.0848    13.8155 0.0000e+00  -60.61617  -54.71983 1153481994 202.486059    34.6935 0.0000e+00
    945.000     1.0330   3.011762     1.0332   3.012151    5.05857    -0.1018    13.8155 0.0000e+00  -60.61617  -54.71983 1153481995 202.486068    34.6937 0.0000e+00
    946.000     1.0310   3.011620     1.0312   3.011996    5.05784    -0.0927    13.8155 0.0000e+00  -60.61617  -54.71983 1153481996 202.486077    34.6936 0.0000e+00
    947.000     1.0276   3.011334     1.0279   3.011732    5.05930    -0.0975    13.8155 0.0000e+00  -60.61617  -54.71983 1153481997 202.486088    34.6932 0.0000e+00
    948.000     1.0207   3.010749     1.0212   3.011156    5.06344    -0.0858    13.8155 0.0000e+00  -60.61617  -54.71983 1153481999 202.486111    34.6930 0.0000e+00
    949.000     1.0180   3.010530     1.0187   3.010972    5.06479    -0.0863    13.8155 0.0000e+00  -60.61617  -54.71983 1153482000 202.486131    34.6925 0.0000e+00
    950.000     1.0128   3.010109     1.0133   3.010534    5.06734    -0.0787    13.8155 0.0000e+00  -60.61617  -54.71983 1153482001 202.486143    34.6925 0.0000e+00
    951.000     1.0071   3.009617     1.0070   3.010043    5.06750    -0.0766    13.8155 0.0000e+00  -60.61617  -54.71983 1153482002 202.486154    34.6920 0.0000e+00
    952.000     1.0018   3.009224     1.0019   3.009611    5.06799    -0.0930    13.8155 0.0000e+00  -60.61617  -54.71983 1153482003 202.486164    34.6925 0.0000e+00
    953.000     1.0013   3.009243     1.0017   3.009629    5.06894    -0.0903    13.8155 0.0000e+00  -60.61617  -54.71983 1153482005 202.486181    34.6925 0.0000e+00
    954.000     1.0016   3.009324     1.0018   3.009692    5.07032    -0.0985    13.8155 0.0000e+00  -60.61617  -54.71983 1153482007 202.486211    34.6925 0.0000e+00
    955.000     1.0012   3.009347     1.0015   3.009728    5.07080    -0.0807    13.8155 0.0000e+00  -60.61617  -54.71983 1153482008 202.486224    34.6927 0.0000e+00
    956.000     1.0010   3.009399     1.0013   3.009781    5.07153    -0.0921    13.8155 0.0000e+00  -60.61617  -54.71983 1153482010 202.486237    34.6929 0.0000e+00
    957.000     1.0010   3.009438     1.0013   3.009829    5.07071    -0.0915    13.8155 0.0000e+00  -60.61617  -54.71983 1153482011 202.486250    34.6929 0.0000e+00
    958.000     1.0010   3.009489     1.0014   3.009869    5.06942    -0.0877    13.8155 0.0000e+00  -60.61617  -54.71983 1153482012 202.486269    34.6929 0.0000e+00
    959.000     1.0011   3.009543     1.0013   3.009919    5.06918    -0.0715    13.8155 0.0000e+00  -60.61617  -54.71983 1153482014 202.486283    34.6929 0.0000e+00
    960.000     1.0009   3.009568     1.0013   3.009948    5.06946    -0.0834    13.8155 0.0000e+00  -60.61617  -54.71983 1153482014 202.486294    34.6929 0.0000e+00
    961.000     1.0008   3.009601     1.0010   3.009975    5.06962    -0.0868    13.8155 0.0000e+00  -60.61617  -54.71983 1153482015 202.486304    34.6929 0.0000e+00
    962.000     1.0009   3.009651     1.0012   3.010029    5.06977    -0.0933    13.8155 0.0000e+00  -60.61617  -54.71983 1153482016 202.486314    34.6928 0.0000e+00
    963.000     1.0009   3.009700     1.0013   3.010085    5.06804    -0.0875    13.8155 0.0000e+00  -60.61617  -54.71983 1153482017 202.486327    34.6928 0.0000e+00
    964.000     1.0012   3.009765     1.0015   3.010148    5.06618    -0.0919    13.8155 0.0000e+00  -60.61617  -54.71983 1153482020 202.486352    34.6928 0.0000e+00
    965.000     1.0013   3.009829     1.0016   3.010202    5.07064    -0.0872    13.8155 0.0000e+00  -60.61617  -54.71983 1153482023 202.486392    34.6929 0.0000e+00
    966.000     1.0017   3.009928     1.0019   3.010311    5.07115    -0.0985    13.8155 0.0000e+00  -60.61617  -54.71983 1153482024 202.486401    34.6931 0.0000e+00
    967.000     1.0016   3.009955     1.0018   3.010319    5.07166    -0.0799    13.8155 0.0000e+00  -60.61617  -54.71983 1153482024 202.486410    34.6930 0.0000e+00
    968.000     1.0022   3.010060     1.0024   3.010437    5.07234    -0.0988    13.8155 0.0000e+00  -60.61617  -54.71983 1153482025 202.486418    34.6932 0.0000e+00
    969.000     1.0024   3.010115     1.0024   3.010482    5.07117    -0.0871    13.8155 0.0000e+00  -60.61617  -54.71983 1153482026 202.486425    34.6931 0.0000e+00
    970.000     1.0021   3.010134     1.0023   3.010512    5.07033    -0.0669    13.8155 0.0000e+00  -60.61617  -54.71983 1153482027 202.486433    34.6932 0.0000e+00
    971.000     1.0018   3.010162     1.0021   3.010537    5.06718    -0.0833    13.8155 0.0000e+00  -60.61617  -54.71983 1153482028 202.486452    34.6933 0.0000e+00
    972.000     1.0019   3.010219     1.0023   3.010599    5.06703    -0.1021    13.8155 0.0000e+00  -60.61617  -54.71983 1153482031 202.486480    34.6933 0.0000e+00
