product_data/regression_test/downloaded_data/MDGS/320620060703/ctd/adapted/heads_insert_p6617608.cnv
* Sea-Bird SBE 9 Data File:
* FileName = D:\Data\Raw\p6617608.dat
* Software Version Seasave Win32 V 5.32
* Temperature SN = 1649
* Conductivity SN = 1431
* Number of Bytes Per Scan = 37
* Number of Voltage Words = 5
* Number of Scans Averaged by the Deck Unit = 1
* NMEA Latitude = 60 36.97 S
* NMEA Longitude = 054 43.19 W
* NMEA UTC (Time) = 11:17:29
** Ship:   Nathaniel B. Palmer 
** Cruise:    NBP0606 
# nquan = 15
# nvalues = 1192                        
# units = specified
# name 0 = prDM: Pressure, Digiquartz [db]
# name 1 = t090C: Temperature [ITS-90, deg C]
# name 2 = c0S/m: Conductivity [S/m]
# name 3 = t190C: Temperature, 2 [ITS-90, deg C]
# name 4 = c1S/m: Conductivity, 2 [S/m]
# name 5 = sbeox0ML/L: Oxygen, SBE 43 [ml/l]
# name 6 = flECO-AFL: Fluorescence, Wetlab ECO-AFL/FL [mg/m^3]
# name 7 = bat: Beam Attenuation, Chelsea/Seatech/Wetlab CStar [1/m]
# name 8 = spar: SPAR/Surface Irradiance
# name 9 = latitude: Latitude [deg]
# name 10 = longitude: Longitude [deg]
# name 11 = timeY: Time, System [seconds]
# name 12 = timeJ: Julian Days
# name 13 = sal00: Salinity [PSU]
# name 14 = flag: flag
# span 0 =     11.000,   1202.000       
# span 1 =    -0.7594,     1.5365       
# span 2 =   2.778691,   3.026195       
# span 3 =    -0.7598,     1.5377       
# span 4 =   2.779156,   3.026523       
# span 5 =    4.78176,    7.70745       
# span 6 =    -0.1115,     0.3638       
# span 7 =    13.8155,    13.8155       
# span 8 = -3.683e-02, 1.9481e+00       
# span 9 =  -60.61617,  -60.61617       
# span 10 =  -54.71983,  -54.71983      
# span 11 = 1153480669, 1153482379      
# span 12 = 202.470721, 202.490513      
# span 13 =    34.1772,    34.7162      
# span 14 = 0.0000e+00, 0.0000e+00      
# interval = decibars: 1                
# start_time = Jul 21 2006 11:17:36
# bad_flag = -9.990e-29
*END*
[from data line 1157]
   1167.000     1.0597   3.025377     1.0601   3.025758    4.98450    -0.0894    13.8155 -9.990e-29  -60.61617  -54.71983 1153482300 202.489596    34.7160 0.0000e+00
   1168.000     1.0594   3.025381     1.0594   3.025725    4.98493    -0.0869    13.8155 -9.990e-29  -60.61617  -54.71983 1153482302 202.489619    34.7158 0.0000e+00
   1169.000     1.0573   3.025232     1.0569   3.025539    4.98620    -0.0888    13.8155 -9.990e-29  -60.61617  -54.71983 1153482304 202.489647    34.7157 0.0000e+00
   1170.000     1.0592   3.025444     1.0595   3.025822    4.98679    -0.0942    13.8155 -9.990e-29  -60.61617  -54.71983 1153482306 202.489671    34.7157 0.0000e+00
   1171.000     1.0595   3.025530     1.0600   3.025925    4.98570    -0.0960    13.8155 -9.990e-29  -60.61617  -54.71983 1153482307 202.489685    34.7160 0.0000e+00
   1172.000     1.0588   3.025507     1.0598   3.025948    4.98433    -0.0892    13.8155 -9.990e-29  -60.61617  -54.71983 1153482308 202.489697    34.7157 0.0000e+00
   1173.000     1.0587   3.025534     1.0590   3.025898    4.98630    -0.0908    13.8155 -9.990e-29  -60.61617  -54.71983 1153482310 202.489719    34.7157 0.0000e+00
   1174.000     1.0589   3.025581     1.0590   3.025932    4.98661    -0.0860    13.8155 -9.990e-29  -60.61617  -54.71983 1153482314 202.489756    34.7156 0.0000e+00
   1175.000     1.0561   3.025374     1.0560   3.025719    4.98558    -0.0897    13.8155 -9.990e-29  -60.61617  -54.71983 1153482316 202.489782    34.7155 0.0000e+00
   1176.000     1.0548   3.025301     1.0551   3.025679    4.98675    -0.0950    13.8155 -9.990e-29  -60.61617  -54.71983 1153482318 202.489802    34.7155 0.0000e+00
   1177.000     1.0565   3.025521     1.0570   3.025883    4.98758    -0.0806    13.8155 -9.990e-29  -60.61617  -54.71983 1153482319 202.489817    34.7159 0.0000e+00
   1178.000     1.0602   3.025907     1.0601   3.026232    4.98745    -0.0783    13.8155 -9.990e-29  -60.61617  -54.71983 1153482320 202.489829    34.7160 0.0000e+00
   1179.000     1.0594   3.025854     1.0597   3.026229    4.98687    -0.0876    13.8155 -9.990e-29  -60.61617  -54.71983 1153482321 202.489843    34.7157 0.0000e+00
   1180.000     1.0557   3.025544     1.0560   3.025943    4.98706    -0.0848    13.8155 -9.990e-29  -60.61617  -54.71983 1153482323 202.489861    34.7154 0.0000e+00
   1181.000     1.0563   3.025664     1.0566   3.026043    4.99229    -0.0740    13.8155 -9.990e-29  -60.61617  -54.71983 1153482328 202.489927    34.7157 0.0000e+00
   1182.000     1.0546   3.025524     1.0545   3.025900    4.99244    -0.0895    13.8155 -9.990e-29  -60.61617  -54.71983 1153482329 202.489935    34.7153 0.0000e+00
   1183.000     1.0488   3.025035     1.0496   3.025479    4.99261    -0.0866    13.8155 -9.990e-29  -60.61617  -54.71983 1153482330 202.489945    34.7149 0.0000e+00
   1184.000     1.0467   3.024905     1.0469   3.025278    4.99326    -0.0922    13.8155 -9.990e-29  -60.61617  -54.71983 1153482331 202.489955    34.7152 0.0000e+00
   1185.000     1.0462   3.024896     1.0465   3.025268    4.99294    -0.0829    13.8155 -9.990e-29  -60.61617  -54.71983 1153482333 202.489978    34.7151 0.0000e+00
   1186.000     1.0491   3.025205     1.0494   3.025576    4.99383    -0.0806    13.8155 -9.990e-29  -60.61617  -54.71983 1153482336 202.490020    34.7151 0.0000e+00
   1187.000     1.0471   3.025081     1.0473   3.025444    4.99442    -0.0784    13.8155 1.8996e+00  -60.61617  -54.71983 1153482338 202.490037    34.7152 0.0000e+00
   1188.000     1.0474   3.025141     1.0475   3.025501    4.99308    -0.0960    13.8155 1.3860e+00  -60.61617  -54.71983 1153482340 202.490058    34.7151 0.0000e+00
   1189.000     1.0451   3.024963     1.0455   3.025363    4.99309    -0.0764    13.8155 1.7683e+00  -60.61617  -54.71983 1153482342 202.490086    34.7148 0.0000e+00
   1190.000     1.0420   3.024717     1.0420   3.025090    4.99612    -0.0951    13.8155 -9.990e-29  -60.61617  -54.71983 1153482343 202.490100    34.7147 0.0000e+00
   1191.000     1.0399   3.024569     1.0403   3.024972    4.99826    -0.0860    13.8155 -9.990e-29  -60.61617  -54.71983 1153482344 202.490113    34.7146 0.0000e+00
   1192.000     1.0389   3.024526     1.0389   3.024874    4.99857    -0.0872    13.8155 1.5507e+00  -60.61617  -54.71983 1153482346 202.490136    34.7145 0.0000e+00
   1193.000     1.0360   3.024286     1.0360   3.024660    5.00031    -0.0919    13.8155 1.3628e+00  -60.61617  -54.71983 1153482349 202.490164    34.7142 0.0000e+00
   1194.000     1.0358   3.024314     1.0368   3.024784    5.00134    -0.0931    13.8155 -9.990e-29  -60.61617  -54.71983 1153482354 202.490219    34.7140 0.0000e+00
   1195.000     1.0329   3.024098     1.0317   3.024349    5.00086    -0.0910    13.8155 1.6234e+00  -60.61617  -54.71983 1153482355 202.490230    34.7141 0.0000e+00
   1196.000     1.0290   3.023773     1.0284   3.024069    5.00283    -0.0768    13.8155 9.3714e-01  -60.61617  -54.71983 1153482357 202.490259    34.7136 0.0000e+00
   1197.000     1.0251   3.023367     1.0260   3.023940    5.00754    -0.0761    13.8155 1.8089e+00  -60.61617  -54.71983 1153482361 202.490300    34.7119 0.0000e+00
   1198.000     1.0027   3.021324     1.0010   3.021569    5.01563    -0.0957    13.8155 1.6181e+00  -60.61617  -54.71983 1153482363 202.490331    34.7109 0.0000e+00
   1199.000     0.9976   3.020844     0.9957   3.021129    5.02282    -0.0931    13.8155 1.5215e+00  -60.61617  -54.71983 1153482367 202.490369    34.7095 0.0000e+00
   1200.000     0.9857   3.019777     0.9868   3.020302    5.02573    -0.0916    13.8155 1.3785e+00  -60.61617  -54.71983 1153482369 202.490398    34.7088 0.0000e+00
   1201.000     0.9820   3.019458     0.9814   3.019888    5.02740    -0.0898    13.8155 5.9693e-02  -60.61617  -54.71983 1153482377 202.490492    34.7079 0.0000e+00
   1202.000     0.9718   3.018584     0.9728   3.018967    5.03190    -0.0914    13.8155 -3.683e-02  -60.61617  -54.71983 1153482379 202.490513    34.7080 0.0000e+00
