product_data/regression_test/downloaded_data/MDGS/320620060703/ctd/adapted/heads_insert_p6617401.cnv
* Sea-Bird SBE 9 Data File:
* FileName = D:\Data\Raw\p6617401.dat
* Software Version Seasave Win32 V 5.32
* Temperature SN = 1649
* Conductivity SN = 1431
* Number of Bytes Per Scan = 37
* Number of Voltage Words = 5
* Number of Scans Averaged by the Deck Unit = 1
* NMEA Latitude = 60 36.99 S
* NMEA Longitude = 054 54.62 W
* NMEA UTC (Time) = 23:13:02
** Ship:   Nathaniel B. Palmer 
** Cruise:    NBP0606 
# nquan = 15
# nvalues = 994                         
# units = specified
# name 0 = prDM: Pressure, Digiquartz [db]
# name 1 = t090C: Temperature [ITS-90, deg C]
# name 2 = c0S/m: Conductivity [S/m]
# name 3 = t190C: Temperature, 2 [ITS-90, deg C]
# name 4 = c1S/m: Conductivity, 2 [S/m]
# name 5 = sbeox0ML/L: Oxygen, SBE 43 [ml/l]
# name 6 = flECO-AFL: Fluorescence, Wetlab ECO-AFL/FL [mg/m^3]
# name 7 = bat: Beam Attenuation, Chelsea/Seatech/Wetlab CStar [1/m]
# name 8 = spar: SPAR/Surface Irradiance
# name 9 = latitude: Latitude [deg]
# name 10 = longitude: Longitude [deg]
# name 11 = timeY: Time, System [seconds]
# name 12 = timeJ: Julian Days
# name 13 = sal00: Salinity [PSU]
# name 14 = flag: flag
# span 0 =      8.000,   1001.000       
# span 1 =    -0.8628,     1.4277       
# span 2 =   2.764164,   3.025857       
# span 3 =    -0.8629,     1.4293       
# span 4 =   2.765015,   3.026225       
# span 5 =    4.88852,    7.87593       
# span 6 =    -0.0953,     0.4759       
# span 7 =    13.8155,    13.8155       
# span 8 = 0.0000e+00, 0.0000e+00       
# span 9 =  -60.61650,  -60.61650       
# span 10 =  -54.91033,  -54.91033      
# span 11 = 1153437191, 1153438662      
# span 12 = 201.967483, 201.984534      
# span 13 =    34.0998,    34.6919      
# span 14 = 0.0000e+00, 0.0000e+00      
# interval = decibars: 1                
# start_time = Jul 20 2006 23:13:11
# bad_flag = -9.990e-29
*END*
[from data line 290]
    297.000     1.2411   2.991667     1.2411   2.991974    5.05471    -0.0482    13.8155 0.0000e+00  -60.61650  -54.91033 1153437682 201.973199    34.5763 0.0000e+00
    298.000     1.1441   2.982628     1.1407   2.982878    5.08809    -0.0384    13.8155 0.0000e+00  -60.61650  -54.91033 1153437683 201.973213    34.5690 0.0000e+00
    299.000     1.0888   2.977599     1.0908   2.978176    5.12812    -0.0595    13.8155 0.0000e+00  -60.61650  -54.91033 1153437685 201.973232    34.5663 0.0000e+00
    300.000     1.0669   2.975617     1.0660   2.975956    5.14683    -0.0434    13.8155 0.0000e+00  -60.61650  -54.91033 1153437686 201.973244    34.5646 0.0000e+00
    301.000     1.0514   2.974294     1.0526   2.974741    5.15713    -0.0562    13.8155 0.0000e+00  -60.61650  -54.91033 1153437687 201.973254    34.5643 0.0000e+00
    302.000     1.0545   2.974627     1.0561   2.975107    5.17300    -0.0516    13.8155 0.0000e+00  -60.61650  -54.91033 1153437689 201.973274    34.5635 0.0000e+00
    303.000     1.0739   2.976524     1.0749   2.976923    5.18909    -0.0433    13.8155 0.0000e+00  -60.61650  -54.91033 1153437693 201.973323    34.5632 0.0000e+00
    304.000     1.0537   2.974698     1.0550   2.975163    5.18660    -0.0468    13.8155 0.0000e+00  -60.61650  -54.91033 1153437694 201.973334    34.5621 0.0000e+00
    305.000     1.0476   2.974253     1.0488   2.974633    5.19051    -0.0459    13.8155 0.0000e+00  -60.61650  -54.91033 1153437695 201.973344    34.5629 0.0000e+00
    306.000     1.0514   2.974688     1.0527   2.975050    5.18969    -0.0541    13.8155 0.0000e+00  -60.61650  -54.91033 1153437696 201.973354    34.5633 0.0000e+00
    307.000     1.0592   2.975521     1.0670   2.976411    5.17840    -0.0456    13.8155 0.0000e+00  -60.61650  -54.91033 1153437697 201.973367    34.5644 0.0000e+00
    308.000     1.1453   2.983787     1.1424   2.983688    5.14785    -0.0501    13.8155 0.0000e+00  -60.61650  -54.91033 1153437699 201.973395    34.5724 0.0000e+00
    309.000     1.1706   2.986306     1.1768   2.987019    5.12810    -0.0447    13.8155 0.0000e+00  -60.61650  -54.91033 1153437701 201.973416    34.5753 0.0000e+00
    310.000     1.1999   2.989170     1.2034   2.989543    5.11003    -0.0426    13.8155 0.0000e+00  -60.61650  -54.91033 1153437702 201.973429    34.5788 0.0000e+00
    311.000     1.2286   2.991889     1.2284   2.992067    5.10209    -0.0419    13.8155 0.0000e+00  -60.61650  -54.91033 1153437703 201.973442    34.5802 0.0000e+00
    312.000     1.2027   2.989492     1.1939   2.989019    5.10170    -0.0427    13.8155 0.0000e+00  -60.61650  -54.91033 1153437705 201.973458    34.5784 0.0000e+00
    313.000     1.1702   2.986570     1.1692   2.986754    5.10898    -0.0498    13.8155 0.0000e+00  -60.61650  -54.91033 1153437706 201.973477    34.5782 0.0000e+00
    314.000     1.1622   2.985846     1.1664   2.986508    5.14713    -0.0386    13.8155 0.0000e+00  -60.61650  -54.91033 1153437708 201.973501    34.5775 0.0000e+00
    315.000     1.1536   2.985021     1.1524   2.985254    5.16529    -0.0481    13.8155 0.0000e+00  -60.61650  -54.91033 1153437710 201.973521    34.5757 0.0000e+00
    316.000     1.1019   2.979995     1.1022   2.980681    5.22169    -0.0602    13.8155 0.0000e+00  -60.61650  -54.91033 1153437712 201.973537    34.5684 0.0000e+00
    317.000     0.8890   2.960293     0.8811   2.960348    5.29142    -0.0506    13.8155 0.0000e+00  -60.61650  -54.91033 1153437713 201.973557    34.5562 0.0000e+00
    318.000     0.8252   2.954451     0.8138   2.953920    5.37311    -0.0512    13.8155 0.0000e+00  -60.61650  -54.91033 1153437715 201.973580    34.5516 0.0000e+00
    319.000     0.7903   2.951280     0.7846   2.951220    5.40761    -0.0705    13.8155 0.0000e+00  -60.61650  -54.91033 1153437717 201.973595    34.5485 0.0000e+00
    320.000     0.7797   2.950422     0.7806   2.950867    5.42350    -0.0440    13.8155 0.0000e+00  -60.61650  -54.91033 1153437717 201.973604    34.5487 0.0000e+00
    321.000     0.7705   2.949502     0.7685   2.949848    5.44077    -0.0558    13.8155 0.0000e+00  -60.61650  -54.91033 1153437718 201.973613    34.5453 0.0000e+00
    322.000     0.7210   2.944886     0.7168   2.945187    5.45785    -0.0398    13.8155 0.0000e+00  -60.61650  -54.91033 1153437719 201.973621    34.5409 0.0000e+00
    323.000     0.6998   2.943230     0.7013   2.943796    5.47419    -0.0405    13.8155 0.0000e+00  -60.61650  -54.91033 1153437719 201.973629    34.5430 0.0000e+00
    324.000     0.7075   2.944036     0.7113   2.944831    5.50679    -0.0353    13.8155 0.0000e+00  -60.61650  -54.91033 1153437723 201.973675    34.5414 0.0000e+00
    325.000     0.7035   2.943534     0.7035   2.944003    5.53184    -0.0513    13.8155 0.0000e+00  -60.61650  -54.91033 1153437727 201.973716    34.5389 0.0000e+00
    326.000     0.6323   2.937138     0.6343   2.937752    5.54364    -0.0542    13.8155 0.0000e+00  -60.61650  -54.91033 1153437728 201.973724    34.5363 0.0000e+00
    327.000     0.6240   2.936575     0.6258   2.937207    5.56042    -0.0546    13.8155 0.0000e+00  -60.61650  -54.91033 1153437728 201.973730    34.5361 0.0000e+00
    328.000     0.6068   2.935010     0.6080   2.935547    5.57375    -0.0568    13.8155 0.0000e+00  -60.61650  -54.91033 1153437729 201.973737    34.5341 0.0000e+00
    329.000     0.5770   2.932437     0.5755   2.932761    5.58065    -0.0520    13.8155 0.0000e+00  -60.61650  -54.91033 1153437729 201.973743    34.5339 0.0000e+00
    330.000     0.6299   2.937586     0.6261   2.937496    5.60682    -0.0396    13.8155 0.0000e+00  -60.61650  -54.91033 1153437734 201.973792    34.5369 0.0000e+00
    331.000     0.6325   2.937551     0.6366   2.938556    5.62483    -0.0561    13.8155 0.0000e+00  -60.61650  -54.91033 1153437736 201.973824    34.5327 0.0000e+00
    332.000     0.5785   2.932998     0.5787   2.933441    5.62977    -0.0732    13.8155 0.0000e+00  -60.61650  -54.91033 1153437737 201.973832    34.5355 0.0000e+00
    333.000     0.5794   2.933117     0.5806   2.933603    5.63320    -0.0355    13.8155 0.0000e+00  -60.61650  -54.91033 1153437738 201.973840    34.5353 0.0000e+00
    334.000     0.5824   2.933432     0.5825   2.933806    5.63626    -0.0598    13.8155 0.0000e+00  -60.61650  -54.91033 1153437738 201.973847    34.5351 0.0000e+00
    335.000     0.5830   2.933523     0.5831   2.933887    5.64155    -0.0648    13.8155 0.0000e+00  -60.61650  -54.91033 1153437739 201.973855    34.5346 0.0000e+00
    336.000     0.5890   2.934114     0.5862   2.934215    5.64803    -0.0508    13.8155 0.0000e+00  -60.61650  -54.91033 1153437743 201.973898    34.5342 0.0000e+00
    337.000     0.5855   2.933901     0.5861   2.934278    5.64741    -0.0495    13.8155 0.0000e+00  -60.61650  -54.91033 1153437744 201.973916    34.5343 0.0000e+00
    338.000     0.5875   2.934137     0.5884   2.934539    5.64973    -0.0610    13.8155 0.0000e+00  -60.61650  -54.91033 1153437746 201.973932    34.5344 0.0000e+00
    339.000     0.5854   2.933992     0.5856   2.934336    5.64660    -0.0427    13.8155 0.0000e+00  -60.61650  -54.91033 1153437747 201.973948    34.5342 0.0000e+00
    340.000     0.5968   2.935218     0.5975   2.935509    5.64248    -0.0546    13.8155 0.0000e+00  -60.61650  -54.91033 1153437748 201.973960    34.5367 0.0000e+00
    341.000     0.6223   2.937718     0.6233   2.937965    5.63541    -0.0649    13.8155 0.0000e+00  -60.61650  -54.91033 1153437749 201.973971    34.5393 0.0000e+00
    342.000     0.6318   2.938568     0.6304   2.938739    5.62934    -0.0420    13.8155 0.0000e+00  -60.61650  -54.91033 1153437750 201.973982    34.5385 0.0000e+00
    343.000     0.6446   2.939840     0.6460   2.940237    5.61690    -0.0487    13.8155 0.0000e+00  -60.61650  -54.91033 1153437752 201.974002    34.5402 0.0000e+00
    344.000     0.6285   2.938345     0.6372   2.939484    5.60512    -0.0390    13.8155 0.0000e+00  -60.61650  -54.91033 1153437756 201.974054    34.5388 0.0000e+00
    345.000     0.6560   2.941176     0.6595   2.941508    5.59587    -0.0376    13.8155 0.0000e+00  -60.61650  -54.91033 1153437758 201.974075    34.5445 0.0000e+00
    346.000     0.6799   2.943359     0.6809   2.943684    5.58527    -0.0520    13.8155 0.0000e+00  -60.61650  -54.91033 1153437759 201.974083    34.5443 0.0000e+00
    347.000     0.6861   2.943978     0.6865   2.944275    5.57832    -0.0643    13.8155 0.0000e+00  -60.61650  -54.91033 1153437759 201.974091    34.5447 0.0000e+00
    348.000     0.6882   2.944222     0.6892   2.944597    5.57198    -0.0468    13.8155 0.0000e+00  -60.61650  -54.91033 1153437760 201.974098    34.5449 0.0000e+00
    349.000     0.6953   2.944981     0.6964   2.945345    5.56734    -0.0422    13.8155 0.0000e+00  -60.61650  -54.91033 1153437761 201.974105    34.5463 0.0000e+00
    350.000     0.6988   2.945385     0.7004   2.945790    5.55967    -0.0540    13.8155 0.0000e+00  -60.61650  -54.91033 1153437762 201.974118    34.5471 0.0000e+00
    351.000     0.7002   2.945572     0.7030   2.946109    5.55582    -0.0637    13.8155 0.0000e+00  -60.61650  -54.91033 1153437764 201.974147    34.5477 0.0000e+00
    352.000     0.6916   2.944743     0.6932   2.945144    5.55785    -0.0483    13.8155 0.0000e+00  -60.61650  -54.91033 1153437769 201.974199    34.5469 0.0000e+00
    353.000     0.7064   2.946296     0.7072   2.946610    5.55181    -0.0516    13.8155 0.0000e+00  -60.61650  -54.91033 1153437770 201.974210    34.5494 0.0000e+00
    354.000     0.7078   2.946455     0.7086   2.946803    5.54711    -0.0494    13.8155 0.0000e+00  -60.61650  -54.91033 1153437770 201.974219    34.5494 0.0000e+00
    355.000     0.7090   2.946611     0.7098   2.946961    5.54427    -0.0568    13.8155 0.0000e+00  -60.61650  -54.91033 1153437771 201.974227    34.5496 0.0000e+00
    356.000     0.7112   2.946846     0.7119   2.947202    5.54220    -0.0474    13.8155 0.0000e+00  -60.61650  -54.91033 1153437772 201.974237    34.5496 0.0000e+00
    357.000     0.7106   2.946854     0.7113   2.947192    5.54237    -0.0497    13.8155 0.0000e+00  -60.61650  -54.91033 1153437774 201.974263    34.5500 0.0000e+00
    358.000     0.7134   2.947193     0.7143   2.947533    5.53721    -0.0598    13.8155 0.0000e+00  -60.61650  -54.91033 1153437776 201.974283    34.5507 0.0000e+00
    359.000     0.7101   2.946955     0.7108   2.947326    5.53574    -0.0412    13.8155 0.0000e+00  -60.61650  -54.91033 1153437777 201.974293    34.5507 0.0000e+00
    360.000     0.7014   2.946229     0.7031   2.946688    5.53722    -0.0573    13.8155 0.0000e+00  -60.61650  -54.91033 1153437778 201.974305    34.5507 0.0000e+00
    361.000     0.7008   2.946225     0.7010   2.946526    5.54258    -0.0473    13.8155 0.0000e+00  -60.61650  -54.91033 1153437781 201.974336    34.5509 0.0000e+00
    362.000     0.6983   2.946041     0.6995   2.946469    5.54544    -0.0576    13.8155 0.0000e+00  -60.61650  -54.91033 1153437783 201.974365    34.5506 0.0000e+00
    363.000     0.6941   2.945795     0.6949   2.946149    5.54176    -0.0530    13.8155 0.0000e+00  -60.61650  -54.91033 1153437784 201.974376    34.5519 0.0000e+00
    364.000     0.6948   2.945917     0.6958   2.946276    5.54145    -0.0484    13.8155 0.0000e+00  -60.61650  -54.91033 1153437785 201.974386    34.5520 0.0000e+00
    365.000     0.6961   2.946063     0.6970   2.946441    5.54167    -0.0621    13.8155 0.0000e+00  -60.61650  -54.91033 1153437786 201.974396    34.5518 0.0000e+00
    366.000     0.6963   2.946145     0.6972   2.946514    5.54095    -0.0510    13.8155 0.0000e+00  -60.61650  -54.91033 1153437787 201.974412    34.5520 0.0000e+00
    367.000     0.6968   2.946244     0.6978   2.946619    5.53856    -0.0605    13.8155 0.0000e+00  -60.61650  -54.91033 1153437790 201.974440    34.5521 0.0000e+00
    368.000     0.7001   2.946625     0.7009   2.946969    5.54001    -0.0569    13.8155 0.0000e+00  -60.61650  -54.91033 1153437792 201.974468    34.5528 0.0000e+00
    369.000     0.7010   2.946778     0.7020   2.947141    5.53949    -0.0504    13.8155 0.0000e+00  -60.61650  -54.91033 1153437793 201.974484    34.5531 0.0000e+00
    370.000     0.7041   2.947128     0.7049   2.947487    5.53805    -0.0397    13.8155 0.0000e+00  -60.61650  -54.91033 1153437794 201.974495    34.5536 0.0000e+00
    371.000     0.7094   2.947742     0.7105   2.948083    5.53448    -0.0592    13.8155 0.0000e+00  -60.61650  -54.91033 1153437795 201.974506    34.5551 0.0000e+00
    372.000     0.7213   2.948972     0.7226   2.949334    5.52618    -0.0653    13.8155 0.0000e+00  -60.61650  -54.91033 1153437796 201.974520    34.5567 0.0000e+00
    373.000     0.7286   2.949726     0.7297   2.950082    5.52081    -0.0470    13.8155 0.0000e+00  -60.61650  -54.91033 1153437798 201.974536    34.5577 0.0000e+00
    374.000     0.7349   2.950403     0.7361   2.950764    5.51357    -0.0502    13.8155 0.0000e+00  -60.61650  -54.91033 1153437799 201.974551    34.5588 0.0000e+00
    375.000     0.7323   2.950197     0.7348   2.950690    5.50423    -0.0504    13.8155 0.0000e+00  -60.61650  -54.91033 1153437802 201.974589    34.5587 0.0000e+00
    376.000     0.7289   2.950078     0.7353   2.950830    5.50261    -0.0534    13.8155 0.0000e+00  -60.61650  -54.91033 1153437806 201.974628    34.5613 0.0000e+00
    377.000     0.7558   2.952858     0.7568   2.953147    5.49859    -0.0548    13.8155 0.0000e+00  -60.61650  -54.91033 1153437806 201.974634    34.5655 0.0000e+00
    378.000     0.7574   2.953024     0.7581   2.953343    5.49219    -0.0661    13.8155 0.0000e+00  -60.61650  -54.91033 1153437807 201.974642    34.5651 0.0000e+00
    379.000     0.7581   2.953141     0.7588   2.953473    5.48608    -0.0599    13.8155 0.0000e+00  -60.61650  -54.91033 1153437808 201.974649    34.5653 0.0000e+00
    380.000     0.7610   2.953489     0.7613   2.953787    5.47481    -0.0553    13.8155 0.0000e+00  -60.61650  -54.91033 1153437808 201.974656    34.5661 0.0000e+00
    381.000     0.7765   2.955145     0.7770   2.955487    5.46747    -0.0754    13.8155 0.0000e+00  -60.61650  -54.91033 1153437809 201.974662    34.5697 0.0000e+00
    382.000     0.7953   2.957027     0.7952   2.957310    5.46172    -0.0579    13.8155 0.0000e+00  -60.61650  -54.91033 1153437809 201.974669    34.5719 0.0000e+00
    383.000     0.8018   2.957647     0.8025   2.957988    5.45780    -0.0547    13.8155 0.0000e+00  -60.61650  -54.91033 1153437810 201.974676    34.5718 0.0000e+00
    384.000     0.7824   2.955716     0.7873   2.956500    5.44193    -0.0465    13.8155 0.0000e+00  -60.61650  -54.91033 1153437816 201.974744    34.5692 0.0000e+00
    385.000     0.8017   2.957860     0.8035   2.958169    5.43344    -0.0576    13.8155 0.0000e+00  -60.61650  -54.91033 1153437817 201.974763    34.5748 0.0000e+00
    386.000     0.8154   2.959171     0.8184   2.959711    5.42484    -0.0718    13.8155 0.0000e+00  -60.61650  -54.91033 1153437818 201.974770    34.5754 0.0000e+00
    387.000     0.8293   2.960548     0.8293   2.960835    5.41623    -0.0676    13.8155 0.0000e+00  -60.61650  -54.91033 1153437819 201.974777    34.5767 0.0000e+00
    388.000     0.8322   2.960835     0.8327   2.961187    5.41060    -0.0623    13.8155 0.0000e+00  -60.61650  -54.91033 1153437819 201.974784    34.5766 0.0000e+00
    389.000     0.8333   2.961017     0.8335   2.961309    5.40742    -0.0561    13.8155 0.0000e+00  -60.61650  -54.91033 1153437820 201.974790    34.5772 0.0000e+00
    390.000     0.8336   2.961068     0.8338   2.961351    5.40434    -0.0556    13.8155 0.0000e+00  -60.61650  -54.91033 1153437821 201.974802    34.5772 0.0000e+00
    391.000     0.8284   2.960594     0.8293   2.960912    5.39233    -0.0560    13.8155 0.0000e+00  -60.61650  -54.91033 1153437824 201.974844    34.5768 0.0000e+00
