product_data/regression_test/downloaded_data/MDGS/320620060703/ctd/adapted/heads_insert_p6614601.cnv
* Sea-Bird SBE 9 Data File:
* FileName = D:\Data\Raw\p6614601.dat
* Software Version Seasave Win32 V 5.32
* Temperature SN = 1649
* Conductivity SN = 1431
* Number of Bytes Per Scan = 37
* Number of Voltage Words = 5
* Number of Scans Averaged by the Deck Unit = 1
* NMEA Latitude = 60 16.55 S
* NMEA Longitude = 057 27.03 W
* NMEA UTC (Time) = 17:19:00
** Ship:   Nathaniel B. Palmer 
** Cruise:    NBP0606 
# nquan = 15
# nvalues = 990                         
# units = specified
# name 0 = prDM: Pressure, Digiquartz [db]
# name 1 = t090C: Temperature [ITS-90, deg C]
# name 2 = c0S/m: Conductivity [S/m]
# name 3 = t190C: Temperature, 2 [ITS-90, deg C]
# name 4 = c1S/m: Conductivity, 2 [S/m]
# name 5 = sbeox0ML/L: Oxygen, SBE 43 [ml/l]
# name 6 = flECO-AFL: Fluorescence, Wetlab ECO-AFL/FL [mg/m^3]
# name 7 = bat: Beam Attenuation, Chelsea/Seatech/Wetlab CStar [1/m]
# name 8 = spar: SPAR/Surface Irradiance
# name 9 = latitude: Latitude [deg]
# name 10 = longitude: Longitude [deg]
# name 11 = timeY: Time, System [seconds]
# name 12 = timeJ: Julian Days
# name 13 = sal00: Salinity [PSU]
# name 14 = flag: flag
# span 0 =     13.000,   1002.000       
# span 1 =    -0.7139,     2.1226       
# span 2 =   2.759379,   3.085895       
# span 3 =    -0.7141,     2.1230       
# span 4 =   2.760077,   3.068838       
# span 5 =    4.32519,    8.00897       
# span 6 =    -0.0934,     0.1964       
# span 7 =    13.8155,    13.8155       
# span 8 = 5.3658e+01, 9.3179e+01       
# span 9 =  -60.27583,  -60.27583       
# span 10 =  -57.45050,  -57.45050      
# span 11 = 1153156743, 1153158224      
# span 12 = 198.721578, 198.738724      
# span 13 =    33.8646,    34.7199      
# span 14 = 0.0000e+00, 0.0000e+00      
# interval = decibars: 1                
# start_time = Jul 17 2006 17:19:09
# bad_flag = -9.990e-29
*END*
Pressure	Temperature	Conductivity	Temperature2	Conductivity2	Oxygen	Fluorescence	Beam Attenuation	SPAR	latitude	longitude	timeY	timeJ	Salinity	flag
     13.000    -0.7062   2.759869    -0.7093   2.760448    7.99140     0.1818    13.8155 7.7771e+01  -60.27583  -57.45050 1153156743 198.721578    33.8649 0.0000e+00
     14.000    -0.7126   2.759379    -0.7134   2.760077    7.99947     0.1764    13.8155 7.6449e+01  -60.27583  -57.45050 1153156771 198.721907    33.8646 0.0000e+00
     15.000    -0.7127   2.759435    -0.7133   2.760132    8.00235     0.1820    13.8155 7.5314e+01  -60.27583  -57.45050 1153156775 198.721963    33.8648 0.0000e+00
     16.000    -0.7127   2.759488    -0.7133   2.760177    8.00023     0.1724    13.8155 7.6804e+01  -60.27583  -57.45050 1153156778 198.721998    33.8649 0.0000e+00
     17.000    -0.7126   2.759538    -0.7132   2.760214    7.99526     0.1714    13.8155 7.5927e+01  -60.27583  -57.45050 1153156781 198.722028    33.8649 0.0000e+00
     18.000    -0.7129   2.759568    -0.7133   2.760243    7.99500     0.1640    13.8155 -9.990e-29  -60.27583  -57.45050 1153156783 198.722049    33.8649 0.0000e+00
     19.000    -0.7128   2.759621    -0.7134   2.760271    7.99628     0.1786    13.8155 -9.990e-29  -60.27583  -57.45050 1153156786 198.722081    33.8649 0.0000e+00
     20.000    -0.7131   2.759656    -0.7136   2.760298    7.99589     0.1735    13.8155 -9.990e-29  -60.27583  -57.45050 1153156790 198.722134    33.8650 0.0000e+00
     21.000    -0.7131   2.759695    -0.7136   2.760333    7.99600     0.1716    13.8155 7.5793e+01  -60.27583  -57.45050 1153156792 198.722156    33.8650 0.0000e+00
     22.000    -0.7130   2.759749    -0.7135   2.760394    7.99704     0.1659    13.8155 7.4986e+01  -60.27583  -57.45050 1153156795 198.722193    33.8650 0.0000e+00
     23.000    -0.7130   2.759800    -0.7135   2.760443    7.99573     0.1754    13.8155 7.5330e+01  -60.27583  -57.45050 1153156796 198.722206    33.8651 0.0000e+00
     24.000    -0.7131   2.759847    -0.7134   2.760483    7.99465     0.1551    13.8155 7.7742e+01  -60.27583  -57.45050 1153156799 198.722241    33.8652 0.0000e+00
     25.000    -0.7130   2.759903    -0.7133   2.760538    7.99547     0.1618    13.8155 7.7996e+01  -60.27583  -57.45050 1153156804 198.722291    33.8652 0.0000e+00
     26.000    -0.7131   2.759931    -0.7135   2.760564    7.99463     0.1668    13.8155 7.9829e+01  -60.27583  -57.45050 1153156805 198.722307    33.8651 0.0000e+00
     27.000    -0.7134   2.759970    -0.7137   2.760592    8.00175     0.1736    13.8155 8.1437e+01  -60.27583  -57.45050 1153156809 198.722356    33.8653 0.0000e+00
     28.000    -0.7139   2.759974    -0.7141   2.760601    8.00594     0.1732    13.8155 8.4439e+01  -60.27583  -57.45050 1153156812 198.722388    33.8654 0.0000e+00
     29.000    -0.7137   2.760035    -0.7140   2.760654    8.00374     0.1634    13.8155 8.3351e+01  -60.27583  -57.45050 1153156814 198.722405    33.8654 0.0000e+00
     30.000    -0.7135   2.760113    -0.7135   2.760739    8.00490     0.1672    13.8155 8.5666e+01  -60.27583  -57.45050 1153156817 198.722440    33.8655 0.0000e+00
     31.000    -0.7128   2.760233    -0.7130   2.760848    8.00264     0.1656    13.8155 -9.990e-29  -60.27583  -57.45050 1153156821 198.722486    33.8657 0.0000e+00
     32.000    -0.7129   2.760272    -0.7129   2.760888    7.99873     0.1628    13.8155 8.8013e+01  -60.27583  -57.45050 1153156822 198.722503    33.8658 0.0000e+00
     33.000    -0.7130   2.760306    -0.7130   2.760927    7.98902     0.1704    13.8155 8.8405e+01  -60.27583  -57.45050 1153156826 198.722551    33.8657 0.0000e+00
     34.000    -0.7128   2.760373    -0.7129   2.760987    7.99439     0.1547    13.8155 8.9981e+01  -60.27583  -57.45050 1153156827 198.722563    33.8658 0.0000e+00
     35.000    -0.7129   2.760420    -0.7128   2.761030    7.99582     0.1719    13.8155 9.0114e+01  -60.27583  -57.45050 1153156830 198.722596    33.8659 0.0000e+00
     36.000    -0.7131   2.760455    -0.7131   2.761054    7.99787     0.1709    13.8155 9.0222e+01  -60.27583  -57.45050 1153156833 198.722630    33.8660 0.0000e+00
     37.000    -0.7130   2.760513    -0.7128   2.761119    7.99745     0.1729    13.8155 9.2362e+01  -60.27583  -57.45050 1153156837 198.722671    33.8661 0.0000e+00
     38.000    -0.7130   2.760569    -0.7127   2.761180    7.99835     0.1595    13.8155 9.1825e+01  -60.27583  -57.45050 1153156840 198.722710    33.8662 0.0000e+00
     39.000    -0.7129   2.760632    -0.7127   2.761219    7.99996     0.1513    13.8155 9.3179e+01  -60.27583  -57.45050 1153156841 198.722726    33.8663 0.0000e+00
     40.000    -0.7132   2.760653    -0.7131   2.761234    8.00183     0.1746    13.8155 9.3114e+01  -60.27583  -57.45050 1153156845 198.722765    33.8663 0.0000e+00
     41.000    -0.7132   2.760703    -0.7130   2.761294    7.99730     0.1462    13.8155 9.2789e+01  -60.27583  -57.45050 1153156847 198.722791    33.8664 0.0000e+00
     42.000    -0.7129   2.760769    -0.7126   2.761364    8.00033     0.1567    13.8155 9.2642e+01  -60.27583  -57.45050 1153156848 198.722807    33.8664 0.0000e+00
     43.000    -0.7130   2.760833    -0.7128   2.761405    8.00060     0.1601    13.8155 9.0308e+01  -60.27583  -57.45050 1153156853 198.722866    33.8666 0.0000e+00
     44.000    -0.7137   2.760809    -0.7133   2.761400    8.00384     0.1535    13.8155 9.0005e+01  -60.27583  -57.45050 1153156855 198.722887    33.8665 0.0000e+00
     45.000    -0.7136   2.760850    -0.7132   2.761437    8.00808     0.1744    13.8155 9.0656e+01  -60.27583  -57.45050 1153156858 198.722915    33.8664 0.0000e+00
     46.000    -0.7129   2.760962    -0.7125   2.761540    8.00338     0.1611    13.8155 8.9807e+01  -60.27583  -57.45050 1153156861 198.722954    33.8665 0.0000e+00
     47.000    -0.7127   2.761041    -0.7122   2.761622    8.00504     0.1625    13.8155 8.9768e+01  -60.27583  -57.45050 1153156863 198.722979    33.8666 0.0000e+00
     48.000    -0.7126   2.761101    -0.7122   2.761672    8.00552     0.1622    13.8155 8.9606e+01  -60.27583  -57.45050 1153156866 198.723016    33.8667 0.0000e+00
     49.000    -0.7127   2.761131    -0.7121   2.761713    8.00473     0.1505    13.8155 8.8450e+01  -60.27583  -57.45050 1153156868 198.723032    33.8667 0.0000e+00
     50.000    -0.7124   2.761212    -0.7120   2.761782    8.00206     0.1633    13.8155 8.7209e+01  -60.27583  -57.45050 1153156872 198.723077    33.8669 0.0000e+00
     51.000    -0.7126   2.761248    -0.7121   2.761820    7.99869     0.1698    13.8155 8.6129e+01  -60.27583  -57.45050 1153156875 198.723118    33.8669 0.0000e+00
     52.000    -0.7126   2.761285    -0.7125   2.761825    8.00092     0.1532    13.8155 8.6167e+01  -60.27583  -57.45050 1153156876 198.723130    33.8668 0.0000e+00
     53.000    -0.7138   2.761231    -0.7133   2.761795    8.00561     0.1610    13.8155 8.5424e+01  -60.27583  -57.45050 1153156878 198.723145    33.8668 0.0000e+00
     54.000    -0.7136   2.761301    -0.7129   2.761869    8.00559     0.1507    13.8155 8.5233e+01  -60.27583  -57.45050 1153156883 198.723209    33.8669 0.0000e+00
     55.000    -0.7136   2.761338    -0.7131   2.761899    8.00284     0.1580    13.8155 8.2473e+01  -60.27583  -57.45050 1153156886 198.723238    33.8668 0.0000e+00
     56.000    -0.7125   2.761490    -0.7121   2.762028    7.99862     0.1557    13.8155 8.2005e+01  -60.27583  -57.45050 1153156887 198.723249    33.8670 0.0000e+00
     57.000    -0.7126   2.761529    -0.7119   2.762086    7.99817     0.1614    13.8155 8.2524e+01  -60.27583  -57.45050 1153156889 198.723275    33.8670 0.0000e+00
     58.000    -0.7125   2.761585    -0.7118   2.762143    8.00467     0.1587    13.8155 7.9880e+01  -60.27583  -57.45050 1153156895 198.723343    33.8671 0.0000e+00
     59.000    -0.7126   2.761616    -0.7120   2.762159    8.00626     0.1531    13.8155 7.9874e+01  -60.27583  -57.45050 1153156896 198.723355    33.8670 0.0000e+00
     60.000    -0.7127   2.761659    -0.7121   2.762202    8.00645     0.1539    13.8155 8.0057e+01  -60.27583  -57.45050 1153156897 198.723369    33.8671 0.0000e+00
     61.000    -0.7122   2.761749    -0.7117   2.762292    8.00543     0.1611    13.8155 7.8769e+01  -60.27583  -57.45050 1153156900 198.723410    33.8671 0.0000e+00
     62.000    -0.7120   2.761822    -0.7115   2.762364    8.00897     0.1514    13.8155 7.6326e+01  -60.27583  -57.45050 1153156905 198.723469    33.8672 0.0000e+00
     63.000    -0.7118   2.761888    -0.7114   2.762432    8.00708     0.1624    13.8155 7.6232e+01  -60.27583  -57.45050 1153156906 198.723476    33.8673 0.0000e+00
     64.000    -0.7117   2.761934    -0.7114   2.762462    8.00650     0.1576    13.8155 7.6284e+01  -60.27583  -57.45050 1153156907 198.723483    33.8671 0.0000e+00
     65.000    -0.7119   2.761967    -0.7114   2.762489    8.00182     0.1546    13.8155 7.4693e+01  -60.27583  -57.45050 1153156910 198.723526    33.8673 0.0000e+00
     66.000    -0.7120   2.762028    -0.7112   2.762568    7.99512     0.1464    13.8155 7.3642e+01  -60.27583  -57.45050 1153156916 198.723594    33.8676 0.0000e+00
     67.000    -0.7115   2.762132    -0.7110   2.762648    7.99705     0.1459    13.8155 7.4209e+01  -60.27583  -57.45050 1153156917 198.723605    33.8678 0.0000e+00
     68.000    -0.7117   2.762166    -0.7110   2.762688    7.99736     0.1441    13.8155 7.3939e+01  -60.27583  -57.45050 1153156918 198.723617    33.8679 0.0000e+00
     69.000    -0.7118   2.762203    -0.7110   2.762740    7.99459     0.1628    13.8155 7.2688e+01  -60.27583  -57.45050 1153156922 198.723663    33.8678 0.0000e+00
     70.000    -0.7119   2.762236    -0.7111   2.762756    7.99533     0.1363    13.8155 7.2435e+01  -60.27583  -57.45050 1153156925 198.723693    33.8677 0.0000e+00
     71.000    -0.7122   2.762258    -0.7114   2.762770    7.99843     0.1515    13.8155 7.2025e+01  -60.27583  -57.45050 1153156929 198.723742    33.8678 0.0000e+00
     72.000    -0.7119   2.762332    -0.7112   2.762849    8.00121     0.1414    13.8155 -9.990e-29  -60.27583  -57.45050 1153156931 198.723769    33.8678 0.0000e+00
     73.000    -0.7119   2.762366    -0.7113   2.762883    8.00309     0.1350    13.8155 -9.990e-29  -60.27583  -57.45050 1153156932 198.723778    33.8677 0.0000e+00
     74.000    -0.7118   2.762427    -0.7111   2.762941    8.00726     0.1479    13.8155 7.2081e+01  -60.27583  -57.45050 1153156935 198.723813    33.8678 0.0000e+00
     75.000    -0.7119   2.762485    -0.7112   2.762979    8.00743     0.1535    13.8155 7.2080e+01  -60.27583  -57.45050 1153156940 198.723867    33.8680 0.0000e+00
     76.000    -0.7123   2.762475    -0.7116   2.762975    8.00609     0.1412    13.8155 6.8679e+01  -60.27583  -57.45050 1153156941 198.723877    33.8678 0.0000e+00
     77.000    -0.7123   2.762528    -0.7116   2.763016    8.00406     0.1527    13.8155 7.1286e+01  -60.27583  -57.45050 1153156942 198.723890    33.8679 0.0000e+00
     78.000    -0.7114   2.762677    -0.7106   2.763175    8.00441     0.1490    13.8155 7.2171e+01  -60.27583  -57.45050 1153156948 198.723954    33.8683 0.0000e+00
     79.000    -0.7111   2.762760    -0.7102   2.763270    8.00469     0.1321    13.8155 -9.990e-29  -60.27583  -57.45050 1153156950 198.723986    33.8684 0.0000e+00
     80.000    -0.7115   2.762767    -0.7106   2.763263    8.00191     0.1497    13.8155 7.2388e+01  -60.27583  -57.45050 1153156951 198.723997    33.8683 0.0000e+00
     81.000    -0.7112   2.762837    -0.7105   2.763329    8.00224     0.1549    13.8155 7.2696e+01  -60.27583  -57.45050 1153156954 198.724028    33.8683 0.0000e+00
     82.000    -0.7110   2.762921    -0.7102   2.763407    8.00511     0.1409    13.8155 7.2737e+01  -60.27583  -57.45050 1153156960 198.724101    33.8686 0.0000e+00
     83.000    -0.7109   2.762978    -0.7101   2.763478    8.00468     0.1522    13.8155 7.3935e+01  -60.27583  -57.45050 1153156961 198.724110    33.8686 0.0000e+00
     84.000    -0.7108   2.763021    -0.7100   2.763523    8.00453     0.1565    13.8155 7.5290e+01  -60.27583  -57.45050 1153156962 198.724119    33.8685 0.0000e+00
     85.000    -0.7103   2.763128    -0.7094   2.763634    7.99890     0.1536    13.8155 7.4738e+01  -60.27583  -57.45050 1153156966 198.724169    33.8688 0.0000e+00
     86.000    -0.7101   2.763200    -0.7094   2.763673    7.99445     0.1480    13.8155 7.5543e+01  -60.27583  -57.45050 1153156969 198.724205    33.8690 0.0000e+00
     87.000    -0.7087   2.763401    -0.7082   2.763854    7.99383     0.1519    13.8155 7.4761e+01  -60.27583  -57.45050 1153156971 198.724231    33.8695 0.0000e+00
     88.000    -0.7066   2.763666    -0.7053   2.764190    7.99348     0.1608    13.8155 7.4582e+01  -60.27583  -57.45050 1153156974 198.724266    33.8700 0.0000e+00
     89.000    -0.7049   2.763911    -0.7035   2.764427    7.98687     0.1517    13.8155 -9.990e-29  -60.27583  -57.45050 1153156977 198.724302    33.8708 0.0000e+00
     90.000    -0.7054   2.763869    -0.7047   2.764338    7.98799     0.1547    13.8155 7.4369e+01  -60.27583  -57.45050 1153156979 198.724325    33.8702 0.0000e+00
     91.000    -0.7049   2.763965    -0.7036   2.764489    7.98747     0.1828    13.8155 7.5308e+01  -60.27583  -57.45050 1153156984 198.724378    33.8703 0.0000e+00
     92.000    -0.7037   2.764137    -0.7024   2.764656    7.98313     0.1421    13.8155 7.5288e+01  -60.27583  -57.45050 1153156986 198.724406    33.8707 0.0000e+00
     93.000    -0.7025   2.764290    -0.7015   2.764766    7.98199     0.1420    13.8155 7.6009e+01  -60.27583  -57.45050 1153156987 198.724418    33.8707 0.0000e+00
     94.000    -0.7007   2.764521    -0.6999   2.764974    7.98133     0.1577    13.8155 7.7674e+01  -60.27583  -57.45050 1153156989 198.724433    33.8712 0.0000e+00
     95.000    -0.7013   2.764518    -0.6997   2.765034    7.98752     0.1747    13.8155 7.5947e+01  -60.27583  -57.45050 1153156994 198.724499    33.8713 0.0000e+00
     96.000    -0.6984   2.764850    -0.6972   2.765338    7.98709     0.1558    13.8155 7.8104e+01  -60.27583  -57.45050 1153156996 198.724522    33.8719 0.0000e+00
     97.000    -0.6957   2.765220    -0.6948   2.765670    7.97882     0.1669    13.8155 7.7235e+01  -60.27583  -57.45050 1153156998 198.724545    33.8731 0.0000e+00
     98.000    -0.6958   2.765242    -0.6948   2.765721    7.97465     0.1611    13.8155 7.6249e+01  -60.27583  -57.45050 1153157000 198.724562    33.8730 0.0000e+00
     99.000    -0.6942   2.765466    -0.6933   2.765914    7.97404     0.1810    13.8155 7.6031e+01  -60.27583  -57.45050 1153157005 198.724616    33.8737 0.0000e+00
    100.000    -0.6849   2.766506    -0.6837   2.766961    7.96508     0.1700    13.8155 -9.990e-29  -60.27583  -57.45050 1153157007 198.724649    33.8764 0.0000e+00
    101.000    -0.6791   2.767140    -0.6782   2.767547    7.95391     0.1802    13.8155 7.5982e+01  -60.27583  -57.45050 1153157009 198.724664    33.8777 0.0000e+00
    102.000    -0.6744   2.767643    -0.6735   2.768101    7.94533     0.1874    13.8155 7.8159e+01  -60.27583  -57.45050 1153157011 198.724691    33.8786 0.0000e+00
    103.000    -0.6672   2.768430    -0.6653   2.768971    7.93276     0.1964    13.8155 7.6302e+01  -60.27583  -57.45050 1153157014 198.724729    33.8804 0.0000e+00
    104.000    -0.6603   2.769179    -0.6598   2.769570    7.90736     0.1881    13.8155 7.8230e+01  -60.27583  -57.45050 1153157019 198.724786    33.8824 0.0000e+00
    105.000    -0.6436   2.770985    -0.6416   2.771414    7.89796     0.1657    13.8155 7.5733e+01  -60.27583  -57.45050 1153157021 198.724801    33.8873 0.0000e+00
    106.000    -0.6042   2.774995    -0.6001   2.775547    7.88460     0.1470    13.8155 7.5974e+01  -60.27583  -57.45050 1153157022 198.724812    33.8951 0.0000e+00
    107.000    -0.5680   2.778498    -0.5627   2.779268    7.85206     0.1517    13.8155 7.6064e+01  -60.27583  -57.45050 1153157023 198.724833    33.9005 0.0000e+00
