product_data/regression_test/downloaded_data/MDGS/320620060703/ctd/adapted/heads_insert_p6607901.cnv
* Sea-Bird SBE 9 Data File:
* FileName = D:\Data\Raw\P6607901.dat
* Software Version Seasave Win32 V 5.32
* Temperature SN = 1649
* Conductivity SN = 1431
* Number of Bytes Per Scan = 37
* Number of Voltage Words = 5
* Number of Scans Averaged by the Deck Unit = 1
* NMEA Latitude = 62 20.12 S
* NMEA Longitude = 058 03.15 W
* NMEA UTC (Time) = 04:28:55
** Ship:   Nathaniel B. Palmer 
** Cruise:    NBP0603 p0606
** Cast #: 01
** Station:   79
** Operator: 
# nquan = 15
# nvalues = 1401                        
# units = specified
# name 0 = prDM: Pressure, Digiquartz [db]
# name 1 = t090C: Temperature [ITS-90, deg C]
# name 2 = c0S/m: Conductivity [S/m]
# name 3 = t190C: Temperature, 2 [ITS-90, deg C]
# name 4 = c1S/m: Conductivity, 2 [S/m]
# name 5 = sbeox0ML/L: Oxygen, SBE 43 [ml/l]
# name 6 = flECO-AFL: Fluorescence, Wetlab ECO-AFL/FL [mg/m^3]
# name 7 = bat: Beam Attenuation, Chelsea/Seatech/Wetlab CStar [1/m]
# name 8 = spar: SPAR/Surface Irradiance
# name 9 = latitude: Latitude [deg]
# name 10 = longitude: Longitude [deg]
# name 11 = timeY: Time, System [seconds]
# name 12 = timeJ: Julian Days
# name 13 = sal00: Salinity [PSU]
# name 14 = flag: flag
# span 0 =      1.000,   1401.000       
# span 1 =    -1.6719,    -0.3334       
# span 2 =   2.702778,   2.856999       
# span 3 =    -1.6716,    -0.3346       
# span 4 =   2.703248,   2.857184       
# span 5 =    6.33186,    7.95219       
# span 6 =    -0.1496,     0.2388       
# span 7 =    13.8155,    13.8155       
# span 8 = -4.993e-02, 1.7265e+00       
# span 9 =  -62.33533,  -62.33533       
# span 10 =  -58.05250,  -58.05250      
# span 11 = 1152419340, 1152421267      
# span 12 = 190.186810, 190.209132      
# span 13 =    34.1784,    34.5395      
# span 14 = 0.0000e+00, 0.0000e+00      
# interval = decibars: 1                
# start_time = Jul 09 2006 04:29:03
# bad_flag = -9.990e-29
*END*
[from data line 290]
    290.000    -0.8565   2.801674    -0.8559   2.801888    6.77806    -0.0749    13.8155 0.0000e+00  -62.33533  -58.05250 1152419804 190.192200    34.4295 0.0000e+00
    291.000    -0.8624   2.801240    -0.8621   2.801446    6.77891    -0.0678    13.8155 0.0000e+00  -62.33533  -58.05250 1152419806 190.192214    34.4298 0.0000e+00
    292.000    -0.8664   2.800959    -0.8653   2.801215    6.77878    -0.0725    13.8155 0.0000e+00  -62.33533  -58.05250 1152419807 190.192227    34.4302 0.0000e+00
    293.000    -0.8651   2.801133    -0.8641   2.801389    6.77772    -0.0683    13.8155 0.0000e+00  -62.33533  -58.05250 1152419808 190.192241    34.4305 0.0000e+00
    294.000    -0.8658   2.801126    -0.8651   2.801345    6.77842    -0.0744    13.8155 0.0000e+00  -62.33533  -58.05250 1152419809 190.192257    34.4306 0.0000e+00
    295.000    -0.8662   2.801160    -0.8653   2.801391    6.77939    -0.0712    13.8155 0.0000e+00  -62.33533  -58.05250 1152419811 190.192273    34.4309 0.0000e+00
    296.000    -0.8532   2.802503    -0.8534   2.802535    6.77927    -0.0635    13.8155 0.0000e+00  -62.33533  -58.05250 1152419812 190.192286    34.4328 0.0000e+00
    297.000    -0.8493   2.802878    -0.8494   2.803013    6.77972    -0.0829    13.8155 0.0000e+00  -62.33533  -58.05250 1152419813 190.192297    34.4331 0.0000e+00
    298.000    -0.8481   2.803046    -0.8506   2.802954    6.77811    -0.0696    13.8155 0.0000e+00  -62.33533  -58.05250 1152419814 190.192311    34.4335 0.0000e+00
    299.000    -0.8480   2.803110    -0.8473   2.803320    6.77758    -0.0809    13.8155 0.0000e+00  -62.33533  -58.05250 1152419816 190.192332    34.4338 0.0000e+00
    300.000    -0.8459   2.803374    -0.8451   2.803606    6.77895    -0.0824    13.8155 0.0000e+00  -62.33533  -58.05250 1152419817 190.192351    34.4343 0.0000e+00
    301.000    -0.8459   2.803408    -0.8456   2.803623    6.78119    -0.0778    13.8155 0.0000e+00  -62.33533  -58.05250 1152419818 190.192364    34.4342 0.0000e+00
    302.000    -0.8462   2.803448    -0.8454   2.803690    6.78250    -0.0815    13.8155 0.0000e+00  -62.33533  -58.05250 1152419819 190.192375    34.4345 0.0000e+00
    303.000    -0.8444   2.803680    -0.8440   2.803880    6.78112    -0.0728    13.8155 0.0000e+00  -62.33533  -58.05250 1152419820 190.192387    34.4350 0.0000e+00
    304.000    -0.8431   2.803848    -0.8423   2.804088    6.78066    -0.0708    13.8155 0.0000e+00  -62.33533  -58.05250 1152419822 190.192401    34.4352 0.0000e+00
    305.000    -0.8435   2.803861    -0.8427   2.804093    6.78095    -0.0816    13.8155 0.0000e+00  -62.33533  -58.05250 1152419823 190.192418    34.4352 0.0000e+00
    306.000    -0.8428   2.803971    -0.8419   2.804217    6.78099    -0.0841    13.8155 0.0000e+00  -62.33533  -58.05250 1152419824 190.192433    34.4354 0.0000e+00
    307.000    -0.8411   2.804163    -0.8401   2.804413    6.78186    -0.0652    13.8155 0.0000e+00  -62.33533  -58.05250 1152419826 190.192446    34.4354 0.0000e+00
    308.000    -0.8391   2.804414    -0.8383   2.804639    6.78221    -0.0908    13.8155 0.0000e+00  -62.33533  -58.05250 1152419827 190.192461    34.4358 0.0000e+00
    309.000    -0.8344   2.804903    -0.8332   2.805161    6.78211    -0.0809    13.8155 0.0000e+00  -62.33533  -58.05250 1152419828 190.192479    34.4364 0.0000e+00
    310.000    -0.8335   2.805030    -0.8327   2.805266    6.77602    -0.0766    13.8155 0.0000e+00  -62.33533  -58.05250 1152419830 190.192498    34.4366 0.0000e+00
    311.000    -0.8314   2.805260    -0.8312   2.805458    6.77531    -0.0755    13.8155 0.0000e+00  -62.33533  -58.05250 1152419831 190.192512    34.4365 0.0000e+00
    312.000    -0.8365   2.804828    -0.8357   2.805092    6.77217    -0.0736    13.8155 0.0000e+00  -62.33533  -58.05250 1152419832 190.192522    34.4363 0.0000e+00
    313.000    -0.8320   2.805330    -0.8287   2.805736    6.76749    -0.0877    13.8155 0.0000e+00  -62.33533  -58.05250 1152419833 190.192533    34.4373 0.0000e+00
    314.000    -0.8081   2.807643    -0.8043   2.808065    6.76354    -0.0885    13.8155 0.0000e+00  -62.33533  -58.05250 1152419834 190.192545    34.4401 0.0000e+00
    315.000    -0.7948   2.808922    -0.7921   2.809282    6.75589    -0.0697    13.8155 0.0000e+00  -62.33533  -58.05250 1152419836 190.192564    34.4413 0.0000e+00
    316.000    -0.7812   2.810247    -0.7801   2.810462    6.75074    -0.0914    13.8155 0.0000e+00  -62.33533  -58.05250 1152419837 190.192582    34.4428 0.0000e+00
    317.000    -0.7794   2.810444    -0.7793   2.810604    6.74657    -0.0880    13.8155 0.0000e+00  -62.33533  -58.05250 1152419838 190.192595    34.4430 0.0000e+00
    318.000    -0.7786   2.810576    -0.7783   2.810722    6.74150    -0.0772    13.8155 0.0000e+00  -62.33533  -58.05250 1152419840 190.192607    34.4434 0.0000e+00
    319.000    -0.7758   2.810872    -0.7758   2.811011    6.74245    -0.0770    13.8155 0.0000e+00  -62.33533  -58.05250 1152419841 190.192622    34.4438 0.0000e+00
    320.000    -0.7711   2.811368    -0.7700   2.811575    6.74153    -0.0824    13.8155 0.0000e+00  -62.33533  -58.05250 1152419842 190.192639    34.4446 0.0000e+00
    321.000    -0.7499   2.813419    -0.7495   2.813565    6.73850    -0.0851    13.8155 0.0000e+00  -62.33533  -58.05250 1152419844 190.192655    34.4471 0.0000e+00
    322.000    -0.7445   2.813961    -0.7448   2.814057    6.73426    -0.0936    13.8155 0.0000e+00  -62.33533  -58.05250 1152419845 190.192668    34.4476 0.0000e+00
    323.000    -0.7384   2.814581    -0.7389   2.814645    6.72909    -0.0869    13.8155 0.0000e+00  -62.33533  -58.05250 1152419846 190.192682    34.4485 0.0000e+00
    324.000    -0.7342   2.815000    -0.7333   2.815227    6.72359    -0.0805    13.8155 0.0000e+00  -62.33533  -58.05250 1152419847 190.192697    34.4489 0.0000e+00
    325.000    -0.7265   2.815779    -0.7243   2.816101    6.71656    -0.0868    13.8155 0.0000e+00  -62.33533  -58.05250 1152419849 190.192714    34.4501 0.0000e+00
    326.000    -0.7133   2.817072    -0.7100   2.817494    6.70906    -0.0845    13.8155 0.0000e+00  -62.33533  -58.05250 1152419850 190.192731    34.4518 0.0000e+00
    327.000    -0.7072   2.817684    -0.7071   2.817828    6.70290    -0.0920    13.8155 0.0000e+00  -62.33533  -58.05250 1152419851 190.192745    34.4524 0.0000e+00
    328.000    -0.7050   2.817925    -0.7044   2.818127    6.70052    -0.0850    13.8155 0.0000e+00  -62.33533  -58.05250 1152419852 190.192757    34.4526 0.0000e+00
    329.000    -0.7020   2.818273    -0.7013   2.818445    6.69810    -0.0898    13.8155 0.0000e+00  -62.33533  -58.05250 1152419853 190.192767    34.4535 0.0000e+00
    330.000    -0.6992   2.818558    -0.6971   2.818895    6.69615    -0.0934    13.8155 0.0000e+00  -62.33533  -58.05250 1152419854 190.192778    34.4535 0.0000e+00
    331.000    -0.6819   2.820267    -0.6798   2.820554    6.68973    -0.0844    13.8155 0.0000e+00  -62.33533  -58.05250 1152419856 190.192795    34.4561 0.0000e+00
    332.000    -0.6696   2.821482    -0.6687   2.821689    6.68287    -0.0891    13.8155 0.0000e+00  -62.33533  -58.05250 1152419858 190.192816    34.4578 0.0000e+00
    333.000    -0.6672   2.821756    -0.6666   2.821936    6.67993    -0.0829    13.8155 0.0000e+00  -62.33533  -58.05250 1152419859 190.192834    34.4583 0.0000e+00
    334.000    -0.6621   2.822292    -0.6608   2.822540    6.67499    -0.0896    13.8155 0.0000e+00  -62.33533  -58.05250 1152419860 190.192850    34.4592 0.0000e+00
    335.000    -0.6581   2.822737    -0.6579   2.822866    6.66897    -0.0752    13.8155 0.0000e+00  -62.33533  -58.05250 1152419862 190.192865    34.4602 0.0000e+00
    336.000    -0.6531   2.823251    -0.6527   2.823429    6.66620    -0.0860    13.8155 0.0000e+00  -62.33533  -58.05250 1152419863 190.192877    34.4608 0.0000e+00
    337.000    -0.6514   2.823504    -0.6504   2.823714    6.66373    -0.0906    13.8155 0.0000e+00  -62.33533  -58.05250 1152419864 190.192887    34.4617 0.0000e+00
    338.000    -0.6491   2.823793    -0.6485   2.823994    6.66151    -0.0882    13.8155 0.0000e+00  -62.33533  -58.05250 1152419865 190.192898    34.4624 0.0000e+00
    339.000    -0.6450   2.824319    -0.6446   2.824480    6.65674    -0.0867    13.8155 0.0000e+00  -62.33533  -58.05250 1152419866 190.192910    34.4643 0.0000e+00
    340.000    -0.6254   2.826197    -0.6245   2.826390    6.65044    -0.0991    13.8155 0.0000e+00  -62.33533  -58.05250 1152419867 190.192927    34.4663 0.0000e+00
    341.000    -0.6225   2.826540    -0.6219   2.826717    6.64465    -0.0863    13.8155 0.0000e+00  -62.33533  -58.05250 1152419869 190.192946    34.4672 0.0000e+00
    342.000    -0.6209   2.826751    -0.6195   2.826993    6.64112    -0.0875    13.8155 0.0000e+00  -62.33533  -58.05250 1152419870 190.192961    34.4676 0.0000e+00
    343.000    -0.6221   2.826710    -0.6211   2.826937    6.63850    -0.0996    13.8155 0.0000e+00  -62.33533  -58.05250 1152419871 190.192977    34.4680 0.0000e+00
    344.000    -0.6224   2.826729    -0.6217   2.826939    6.63580    -0.0837    13.8155 0.0000e+00  -62.33533  -58.05250 1152419873 190.192994    34.4683 0.0000e+00
    345.000    -0.6225   2.826770    -0.6218   2.826974    6.63405    -0.0779    13.8155 0.0000e+00  -62.33533  -58.05250 1152419874 190.193010    34.4685 0.0000e+00
    346.000    -0.6215   2.826912    -0.6210   2.827097    6.63241    -0.0947    13.8155 0.0000e+00  -62.33533  -58.05250 1152419875 190.193022    34.4687 0.0000e+00
    347.000    -0.6205   2.827044    -0.6199   2.827258    6.63179    -0.0986    13.8155 0.0000e+00  -62.33533  -58.05250 1152419876 190.193033    34.4688 0.0000e+00
    348.000    -0.6215   2.827017    -0.6209   2.827220    6.63085    -0.0929    13.8155 0.0000e+00  -62.33533  -58.05250 1152419877 190.193046    34.4690 0.0000e+00
    349.000    -0.6200   2.827303    -0.6186   2.827564    6.62621    -0.0987    13.8155 0.0000e+00  -62.33533  -58.05250 1152419879 190.193061    34.4707 0.0000e+00
    350.000    -0.6147   2.827914    -0.6136   2.828148    6.62240    -0.0930    13.8155 0.0000e+00  -62.33533  -58.05250 1152419880 190.193077    34.4722 0.0000e+00
    351.000    -0.6137   2.828062    -0.6131   2.828269    6.62196    -0.0756    13.8155 0.0000e+00  -62.33533  -58.05250 1152419881 190.193090    34.4724 0.0000e+00
    352.000    -0.6136   2.828121    -0.6130   2.828327    6.62167    -0.0859    13.8155 0.0000e+00  -62.33533  -58.05250 1152419882 190.193104    34.4725 0.0000e+00
    353.000    -0.6139   2.828156    -0.6131   2.828379    6.62083    -0.0865    13.8155 0.0000e+00  -62.33533  -58.05250 1152419884 190.193125    34.4728 0.0000e+00
    354.000    -0.6137   2.828254    -0.6129   2.828466    6.61957    -0.0877    13.8155 0.0000e+00  -62.33533  -58.05250 1152419886 190.193145    34.4733 0.0000e+00
    355.000    -0.6135   2.828306    -0.6129   2.828532    6.61743    -0.0829    13.8155 0.0000e+00  -62.33533  -58.05250 1152419887 190.193156    34.4733 0.0000e+00
    356.000    -0.6133   2.828373    -0.6127   2.828588    6.61803    -0.0951    13.8155 0.0000e+00  -62.33533  -58.05250 1152419888 190.193166    34.4734 0.0000e+00
    357.000    -0.6133   2.828430    -0.6127   2.828636    6.61849    -0.0852    13.8155 0.0000e+00  -62.33533  -58.05250 1152419889 190.193177    34.4735 0.0000e+00
    358.000    -0.6132   2.828484    -0.6125   2.828706    6.61855    -0.0952    13.8155 0.0000e+00  -62.33533  -58.05250 1152419890 190.193191    34.4736 0.0000e+00
    359.000    -0.6134   2.828533    -0.6126   2.828747    6.61463    -0.0912    13.8155 0.0000e+00  -62.33533  -58.05250 1152419892 190.193209    34.4739 0.0000e+00
    360.000    -0.6133   2.828639    -0.6126   2.828845    6.61282    -0.0935    13.8155 0.0000e+00  -62.33533  -58.05250 1152419893 190.193224    34.4746 0.0000e+00
    361.000    -0.6103   2.829026    -0.6098   2.829213    6.60938    -0.0907    13.8155 0.0000e+00  -62.33533  -58.05250 1152419894 190.193237    34.4758 0.0000e+00
    362.000    -0.6039   2.829706    -0.6031   2.829907    6.60535    -0.0952    13.8155 0.0000e+00  -62.33533  -58.05250 1152419895 190.193251    34.4768 0.0000e+00
    363.000    -0.6000   2.830127    -0.5993   2.830338    6.60003    -0.0912    13.8155 0.0000e+00  -62.33533  -58.05250 1152419897 190.193272    34.4773 0.0000e+00
    364.000    -0.5988   2.830296    -0.5980   2.830514    6.59617    -0.0914    13.8155 0.0000e+00  -62.33533  -58.05250 1152419898 190.193288    34.4778 0.0000e+00
    365.000    -0.5941   2.830814    -0.5932   2.831036    6.59247    -0.0855    13.8155 0.0000e+00  -62.33533  -58.05250 1152419899 190.193300    34.4787 0.0000e+00
    366.000    -0.5886   2.831396    -0.5877   2.831616    6.59011    -0.0753    13.8155 0.0000e+00  -62.33533  -58.05250 1152419900 190.193312    34.4796 0.0000e+00
    367.000    -0.5861   2.831687    -0.5856   2.831888    6.58690    -0.0952    13.8155 0.0000e+00  -62.33533  -58.05250 1152419902 190.193326    34.4800 0.0000e+00
    368.000    -0.5849   2.831863    -0.5840   2.832083    6.58403    -0.0911    13.8155 0.0000e+00  -62.33533  -58.05250 1152419903 190.193343    34.4805 0.0000e+00
    369.000    -0.5835   2.832050    -0.5828   2.832246    6.58313    -0.1071    13.8155 0.0000e+00  -62.33533  -58.05250 1152419904 190.193357    34.4808 0.0000e+00
    370.000    -0.5828   2.832168    -0.5821   2.832376    6.58145    -0.0970    13.8155 0.0000e+00  -62.33533  -58.05250 1152419905 190.193370    34.4810 0.0000e+00
    371.000    -0.5801   2.832504    -0.5792   2.832721    6.57821    -0.0914    13.8155 0.0000e+00  -62.33533  -58.05250 1152419907 190.193383    34.4818 0.0000e+00
    372.000    -0.5766   2.832899    -0.5758   2.833127    6.57350    -0.0877    13.8155 0.0000e+00  -62.33533  -58.05250 1152419908 190.193399    34.4826 0.0000e+00
    373.000    -0.5739   2.833224    -0.5730   2.833443    6.57113    -0.0984    13.8155 0.0000e+00  -62.33533  -58.05250 1152419909 190.193417    34.4833 0.0000e+00
    374.000    -0.5731   2.833358    -0.5724   2.833572    6.56881    -0.1112    13.8155 0.0000e+00  -62.33533  -58.05250 1152419911 190.193433    34.4836 0.0000e+00
    375.000    -0.5727   2.833458    -0.5718   2.833692    6.56774    -0.0976    13.8155 0.0000e+00  -62.33533  -58.05250 1152419912 190.193446    34.4838 0.0000e+00
    376.000    -0.5687   2.833881    -0.5685   2.834048    6.56390    -0.0870    13.8155 0.0000e+00  -62.33533  -58.05250 1152419913 190.193459    34.4843 0.0000e+00
    377.000    -0.5698   2.833841    -0.5692   2.834039    6.56116    -0.0921    13.8155 0.0000e+00  -62.33533  -58.05250 1152419914 190.193473    34.4846 0.0000e+00
    378.000    -0.5710   2.833767    -0.5706   2.833963    6.56071    -0.0855    13.8155 0.0000e+00  -62.33533  -58.05250 1152419916 190.193488    34.4845 0.0000e+00
    379.000    -0.5712   2.833793    -0.5704   2.834012    6.56042    -0.0867    13.8155 0.0000e+00  -62.33533  -58.05250 1152419917 190.193503    34.4845 0.0000e+00
    380.000    -0.5709   2.833862    -0.5702   2.834079    6.55981    -0.1096    13.8155 0.0000e+00  -62.33533  -58.05250 1152419918 190.193517    34.4844 0.0000e+00
    381.000    -0.5712   2.833889    -0.5706   2.834101    6.56016    -0.0749    13.8155 0.0000e+00  -62.33533  -58.05250 1152419919 190.193530    34.4846 0.0000e+00
    382.000    -0.5704   2.834019    -0.5698   2.834235    6.55805    -0.0889    13.8155 0.0000e+00  -62.33533  -58.05250 1152419920 190.193543    34.4849 0.0000e+00
    383.000    -0.5701   2.834098    -0.5696   2.834305    6.55809    -0.0871    13.8155 0.0000e+00  -62.33533  -58.05250 1152419922 190.193562    34.4850 0.0000e+00
    384.000    -0.5681   2.834350    -0.5671   2.834578    6.55558    -0.0820    13.8155 0.0000e+00  -62.33533  -58.05250 1152419923 190.193580    34.4855 0.0000e+00
