product_data/regression_test/downloaded_data/MDGS/320620060703/ctd/adapted/heads_insert_p6609604.cnv
* Sea-Bird SBE 9 Data File:
* FileName = D:\Data\Raw\p6609604.dat
* Software Version Seasave Win32 V 5.32
* Temperature SN = 1649
* Conductivity SN = 1431
* Number of Bytes Per Scan = 37
* Number of Voltage Words = 5
* Number of Scans Averaged by the Deck Unit = 1
* NMEA Latitude = 60 45.04 S
* NMEA Longitude = 058 22.48 W
* NMEA UTC (Time) = 21:57:23
** Ship:   Nathaniel B. Palmer 
** Cruise:    NBP0606 
# nquan = 15
# nvalues = 995                         
# units = specified
# name 0 = prDM: Pressure, Digiquartz [db]
# name 1 = t090C: Temperature [ITS-90, deg C]
# name 2 = c0S/m: Conductivity [S/m]
# name 3 = t190C: Temperature, 2 [ITS-90, deg C]
# name 4 = c1S/m: Conductivity, 2 [S/m]
# name 5 = sbeox0ML/L: Oxygen, SBE 43 [ml/l]
# name 6 = flECO-AFL: Fluorescence, Wetlab ECO-AFL/FL [mg/m^3]
# name 7 = bat: Beam Attenuation, Chelsea/Seatech/Wetlab CStar [1/m]
# name 8 = spar: SPAR/Surface Irradiance
# name 9 = latitude: Latitude [deg]
# name 10 = longitude: Longitude [deg]
# name 11 = timeY: Time, System [seconds]
# name 12 = timeJ: Julian Days
# name 13 = sal00: Salinity [PSU]
# name 14 = flag: flag
# span 0 =      8.000,   1002.000       
# span 1 =    -0.8117,     2.0779       
# span 2 =   2.752035,   3.075497       
# span 3 =    -0.8135,     2.0790       
# span 4 =   2.752408,   3.075848       
# span 5 =    4.34234,    8.09437       
# span 6 =    -0.1119,     0.3581       
# span 7 =    13.8155,    13.8155       
# span 8 = 0.0000e+00, 0.0000e+00       
# span 9 =  -60.75067,  -60.75067       
# span 10 =  -58.37467,  -58.37467      
# span 11 = 1152655055, 1152656626      
# span 12 = 192.915001, 192.933187      
# span 13 =    33.8803,    34.7283      
# span 14 = 0.0000e+00, 0.0000e+00      
# interval = decibars: 1                
# start_time = Jul 11 2006 21:57:31
# bad_flag = -9.990e-29
*END*
Pressure	Temperature	Conductivity	Temperature2	Conductivity2	Oxygen	Fluorescence	Beam Attenuation	SPAR	latitude	longitude	timeY	timeJ	Salinity	flag
      8.000    -0.8117   2.752035    -0.8135   2.752408    8.05483     0.3538    13.8155 0.0000e+00  -60.75067  -58.37467 1152655055 192.915001    33.8803 0.0000e+00
      9.000    -0.7982   2.753288    -0.7955   2.754078    8.05635     0.3581    13.8155 0.0000e+00  -60.75067  -58.37467 1152655060 192.915069    33.8811 0.0000e+00
     10.000    -0.7898   2.754101    -0.7897   2.754677    8.05526     0.3273    13.8155 0.0000e+00  -60.75067  -58.37467 1152655062 192.915092    33.8817 0.0000e+00
     11.000    -0.7939   2.753799    -0.7939   2.754327    8.05877     0.3415    13.8155 0.0000e+00  -60.75067  -58.37467 1152655068 192.915155    33.8819 0.0000e+00
     12.000    -0.7941   2.753855    -0.7951   2.754235    8.05606     0.3279    13.8155 0.0000e+00  -60.75067  -58.37467 1152655075 192.915242    33.8825 0.0000e+00
     13.000    -0.7916   2.754105    -0.7913   2.754637    8.05498     0.3378    13.8155 0.0000e+00  -60.75067  -58.37467 1152655077 192.915258    33.8822 0.0000e+00
     14.000    -0.7964   2.753699    -0.8024   2.753731    8.06215     0.3123    13.8155 0.0000e+00  -60.75067  -58.37467 1152655089 192.915404    33.8814 0.0000e+00
     15.000    -0.8035   2.753130    -0.8023   2.753684    8.06442     0.3181    13.8155 0.0000e+00  -60.75067  -58.37467 1152655090 192.915417    33.8819 0.0000e+00
     16.000    -0.7954   2.753919    -0.7946   2.754489    8.06733     0.3301    13.8155 0.0000e+00  -60.75067  -58.37467 1152655097 192.915497    33.8822 0.0000e+00
     17.000    -0.8019   2.753350    -0.8014   2.753893    8.06405     0.3325    13.8155 0.0000e+00  -60.75067  -58.37467 1152655105 192.915586    33.8814 0.0000e+00
     18.000    -0.8060   2.753040    -0.8052   2.753549    8.05833     0.3242    13.8155 0.0000e+00  -60.75067  -58.37467 1152655139 192.915976    33.8811 0.0000e+00
     19.000    -0.8071   2.752994    -0.8060   2.753504    8.06089     0.3224    13.8155 0.0000e+00  -60.75067  -58.37467 1152655153 192.916136    33.8811 0.0000e+00
     20.000    -0.8081   2.752963    -0.8076   2.753417    8.06089     0.3445    13.8155 0.0000e+00  -60.75067  -58.37467 1152655156 192.916181    33.8812 0.0000e+00
     21.000    -0.8070   2.753134    -0.8067   2.753555    8.06142     0.3069    13.8155 0.0000e+00  -60.75067  -58.37467 1152655165 192.916277    33.8816 0.0000e+00
     22.000    -0.8072   2.753148    -0.8060   2.753649    8.06424     0.3186    13.8155 0.0000e+00  -60.75067  -58.37467 1152655170 192.916334    33.8814 0.0000e+00
     23.000    -0.8057   2.753329    -0.8025   2.754013    8.06575     0.3222    13.8155 0.0000e+00  -60.75067  -58.37467 1152655174 192.916378    33.8816 0.0000e+00
     24.000    -0.7998   2.753927    -0.7984   2.754441    8.06386     0.2962    13.8155 0.0000e+00  -60.75067  -58.37467 1152655183 192.916490    33.8823 0.0000e+00
     25.000    -0.8009   2.753879    -0.7996   2.754388    8.06580     0.2934    13.8155 0.0000e+00  -60.75067  -58.37467 1152655184 192.916499    33.8824 0.0000e+00
     26.000    -0.8002   2.754019    -0.7980   2.754595    8.06520     0.2989    13.8155 0.0000e+00  -60.75067  -58.37467 1152655185 192.916511    33.8828 0.0000e+00
     27.000    -0.8050   2.753593    -0.8029   2.754171    8.06322     0.3191    13.8155 0.0000e+00  -60.75067  -58.37467 1152655188 192.916541    33.8819 0.0000e+00
     28.000    -0.7999   2.754105    -0.7988   2.754598    8.07118     0.2984    13.8155 0.0000e+00  -60.75067  -58.37467 1152655195 192.916622    33.8825 0.0000e+00
     29.000    -0.7919   2.754970    -0.7907   2.755456    8.07369     0.2971    13.8155 0.0000e+00  -60.75067  -58.37467 1152655196 192.916635    33.8842 0.0000e+00
     30.000    -0.7917   2.755034    -0.7904   2.755518    8.07780     0.2978    13.8155 0.0000e+00  -60.75067  -58.37467 1152655197 192.916649    33.8844 0.0000e+00
     31.000    -0.7901   2.755218    -0.7886   2.755710    8.07465     0.2883    13.8155 0.0000e+00  -60.75067  -58.37467 1152655198 192.916664    33.8844 0.0000e+00
     32.000    -0.7904   2.755259    -0.7887   2.755747    8.07008     0.2977    13.8155 0.0000e+00  -60.75067  -58.37467 1152655199 192.916680    33.8846 0.0000e+00
     33.000    -0.7913   2.755216    -0.7895   2.755727    8.07170     0.2996    13.8155 0.0000e+00  -60.75067  -58.37467 1152655203 192.916724    33.8847 0.0000e+00
     34.000    -0.7944   2.755001    -0.7935   2.755503    8.07735     0.2920    13.8155 0.0000e+00  -60.75067  -58.37467 1152655208 192.916776    33.8846 0.0000e+00
     35.000    -0.7967   2.754867    -0.7952   2.755377    8.07948     0.2822    13.8155 0.0000e+00  -60.75067  -58.37467 1152655209 192.916785    33.8849 0.0000e+00
     36.000    -0.7977   2.754821    -0.7959   2.755359    8.08052     0.2867    13.8155 0.0000e+00  -60.75067  -58.37467 1152655209 192.916795    33.8850 0.0000e+00
     37.000    -0.7984   2.754797    -0.7970   2.755289    8.07732     0.2957    13.8155 0.0000e+00  -60.75067  -58.37467 1152655211 192.916809    33.8848 0.0000e+00
     38.000    -0.7979   2.754906    -0.7966   2.755380    8.07273     0.3096    13.8155 0.0000e+00  -60.75067  -58.37467 1152655215 192.916855    33.8849 0.0000e+00
     39.000    -0.7971   2.755033    -0.7958   2.755524    8.07071     0.2914    13.8155 0.0000e+00  -60.75067  -58.37467 1152655218 192.916898    33.8851 0.0000e+00
     40.000    -0.7973   2.755065    -0.7960   2.755542    8.07142     0.2985    13.8155 0.0000e+00  -60.75067  -58.37467 1152655220 192.916914    33.8852 0.0000e+00
     41.000    -0.7972   2.755125    -0.7954   2.755633    8.07151     0.2926    13.8155 0.0000e+00  -60.75067  -58.37467 1152655221 192.916930    33.8852 0.0000e+00
     42.000    -0.7945   2.755398    -0.7937   2.755831    8.07155     0.3119    13.8155 0.0000e+00  -60.75067  -58.37467 1152655223 192.916954    33.8852 0.0000e+00
     43.000    -0.7921   2.755665    -0.7913   2.756094    8.06999     0.2949    13.8155 0.0000e+00  -60.75067  -58.37467 1152655226 192.916981    33.8854 0.0000e+00
     44.000    -0.7864   2.756228    -0.7857   2.756643    8.07008     0.2859    13.8155 0.0000e+00  -60.75067  -58.37467 1152655227 192.917002    33.8859 0.0000e+00
     45.000    -0.7844   2.756476    -0.7835   2.756890    8.07393     0.2897    13.8155 0.0000e+00  -60.75067  -58.37467 1152655229 192.917019    33.8865 0.0000e+00
     46.000    -0.7840   2.756581    -0.7828   2.757024    8.07341     0.2869    13.8155 0.0000e+00  -60.75067  -58.37467 1152655230 192.917033    33.8867 0.0000e+00
     47.000    -0.7854   2.756493    -0.7840   2.756969    8.07123     0.2954    13.8155 0.0000e+00  -60.75067  -58.37467 1152655233 192.917071    33.8866 0.0000e+00
     48.000    -0.7881   2.756319    -0.7867   2.756805    8.07681     0.2703    13.8155 0.0000e+00  -60.75067  -58.37467 1152655239 192.917131    33.8868 0.0000e+00
     49.000    -0.7873   2.756480    -0.7860   2.756944    8.07713     0.2820    13.8155 0.0000e+00  -60.75067  -58.37467 1152655239 192.917140    33.8875 0.0000e+00
     50.000    -0.7882   2.756465    -0.7868   2.756937    8.07483     0.2772    13.8155 0.0000e+00  -60.75067  -58.37467 1152655240 192.917149    33.8877 0.0000e+00
     51.000    -0.7885   2.756520    -0.7871   2.756992    8.07195     0.2630    13.8155 0.0000e+00  -60.75067  -58.37467 1152655241 192.917160    33.8883 0.0000e+00
     52.000    -0.7894   2.756536    -0.7881   2.757012    8.06826     0.2715    13.8155 0.0000e+00  -60.75067  -58.37467 1152655242 192.917172    33.8889 0.0000e+00
     53.000    -0.7902   2.756542    -0.7888   2.757023    8.06371     0.2813    13.8155 0.0000e+00  -60.75067  -58.37467 1152655243 192.917189    33.8892 0.0000e+00
     54.000    -0.7943   2.756261    -0.7933   2.756722    8.07718     0.2947    13.8155 0.0000e+00  -60.75067  -58.37467 1152655250 192.917265    33.8895 0.0000e+00
     55.000    -0.7980   2.756037    -0.7966   2.756512    8.08318     0.2697    13.8155 0.0000e+00  -60.75067  -58.37467 1152655253 192.917300    33.8901 0.0000e+00
     56.000    -0.7981   2.756085    -0.7965   2.756580    8.08487     0.2731    13.8155 0.0000e+00  -60.75067  -58.37467 1152655254 192.917312    33.8903 0.0000e+00
     57.000    -0.7948   2.756442    -0.7934   2.756894    8.08404     0.2587    13.8155 0.0000e+00  -60.75067  -58.37467 1152655255 192.917322    33.8907 0.0000e+00
     58.000    -0.7987   2.756162    -0.7976   2.756617    8.08256     0.2805    13.8155 0.0000e+00  -60.75067  -58.37467 1152655256 192.917333    33.8906 0.0000e+00
     59.000    -0.8000   2.756091    -0.7988   2.756560    8.08331     0.2774    13.8155 0.0000e+00  -60.75067  -58.37467 1152655257 192.917348    33.8906 0.0000e+00
     60.000    -0.8004   2.756124    -0.7992   2.756571    8.08636     0.2844    13.8155 0.0000e+00  -60.75067  -58.37467 1152655259 192.917373    33.8908 0.0000e+00
     61.000    -0.8016   2.756100    -0.8002   2.756565    8.08694     0.2872    13.8155 0.0000e+00  -60.75067  -58.37467 1152655263 192.917417    33.8911 0.0000e+00
     62.000    -0.8034   2.756039    -0.8018   2.756518    8.09414     0.2612    13.8155 0.0000e+00  -60.75067  -58.37467 1152655269 192.917481    33.8917 0.0000e+00
     63.000    -0.8041   2.756021    -0.8027   2.756498    8.09437     0.2649    13.8155 0.0000e+00  -60.75067  -58.37467 1152655270 192.917491    33.8916 0.0000e+00
     64.000    -0.8052   2.756015    -0.8040   2.756464    8.09223     0.2569    13.8155 0.0000e+00  -60.75067  -58.37467 1152655270 192.917499    33.8922 0.0000e+00
     65.000    -0.8054   2.756049    -0.8041   2.756507    8.08989     0.2623    13.8155 0.0000e+00  -60.75067  -58.37467 1152655271 192.917507    33.8922 0.0000e+00
     66.000    -0.8053   2.756092    -0.8042   2.756561    8.08829     0.2676    13.8155 0.0000e+00  -60.75067  -58.37467 1152655272 192.917515    33.8921 0.0000e+00
     67.000    -0.8056   2.756139    -0.8042   2.756603    8.08700     0.2641    13.8155 0.0000e+00  -60.75067  -58.37467 1152655273 192.917529    33.8924 0.0000e+00
     68.000    -0.8058   2.756203    -0.8044   2.756659    8.08216     0.2834    13.8155 0.0000e+00  -60.75067  -58.37467 1152655276 192.917560    33.8929 0.0000e+00
     69.000    -0.8056   2.756268    -0.8043   2.756723    8.07913     0.2732    13.8155 0.0000e+00  -60.75067  -58.37467 1152655282 192.917637    33.8929 0.0000e+00
     70.000    -0.8056   2.756328    -0.8042   2.756780    8.07724     0.2483    13.8155 0.0000e+00  -60.75067  -58.37467 1152655284 192.917653    33.8930 0.0000e+00
     71.000    -0.8057   2.756355    -0.8043   2.756817    8.07924     0.2666    13.8155 0.0000e+00  -60.75067  -58.37467 1152655285 192.917671    33.8930 0.0000e+00
     72.000    -0.8056   2.756424    -0.8043   2.756886    8.08250     0.2505    13.8155 0.0000e+00  -60.75067  -58.37467 1152655287 192.917693    33.8932 0.0000e+00
     73.000    -0.8056   2.756506    -0.8041   2.756967    8.08388     0.2527    13.8155 0.0000e+00  -60.75067  -58.37467 1152655288 192.917707    33.8936 0.0000e+00
     74.000    -0.8053   2.756595    -0.8038   2.757056    8.08514     0.2314    13.8155 0.0000e+00  -60.75067  -58.37467 1152655289 192.917716    33.8938 0.0000e+00
     75.000    -0.8046   2.756697    -0.8033   2.757144    8.08723     0.2312    13.8155 0.0000e+00  -60.75067  -58.37467 1152655290 192.917725    33.8938 0.0000e+00
     76.000    -0.8042   2.756765    -0.8027   2.757238    8.08774     0.2273    13.8155 0.0000e+00  -60.75067  -58.37467 1152655290 192.917732    33.8937 0.0000e+00
     77.000    -0.8033   2.756909    -0.8020   2.757349    8.08535     0.2513    13.8155 0.0000e+00  -60.75067  -58.37467 1152655292 192.917752    33.8940 0.0000e+00
     78.000    -0.8034   2.756960    -0.8018   2.757417    8.09052     0.2522    13.8155 0.0000e+00  -60.75067  -58.37467 1152655301 192.917856    33.8942 0.0000e+00
     79.000    -0.8017   2.757184    -0.7999   2.757667    8.08787     0.2548    13.8155 0.0000e+00  -60.75067  -58.37467 1152655302 192.917864    33.8947 0.0000e+00
     80.000    -0.7997   2.757413    -0.7986   2.757859    8.08542     0.2597    13.8155 0.0000e+00  -60.75067  -58.37467 1152655303 192.917872    33.8948 0.0000e+00
     81.000    -0.8000   2.757442    -0.7988   2.757894    8.08406     0.2624    13.8155 0.0000e+00  -60.75067  -58.37467 1152655303 192.917880    33.8949 0.0000e+00
     82.000    -0.7992   2.757571    -0.7981   2.758015    8.08370     0.2603    13.8155 0.0000e+00  -60.75067  -58.37467 1152655304 192.917887    33.8952 0.0000e+00
     83.000    -0.7978   2.757769    -0.7967   2.758200    8.08125     0.2540    13.8155 0.0000e+00  -60.75067  -58.37467 1152655305 192.917895    33.8957 0.0000e+00
     84.000    -0.7931   2.758350    -0.7911   2.758856    8.07430     0.2801    13.8155 0.0000e+00  -60.75067  -58.37467 1152655313 192.917991    33.8975 0.0000e+00
     85.000    -0.7911   2.758601    -0.7899   2.759013    8.06850     0.2601    13.8155 0.0000e+00  -60.75067  -58.37467 1152655317 192.918037    33.8980 0.0000e+00
     86.000    -0.7911   2.758631    -0.7901   2.759081    8.06350     0.2546    13.8155 0.0000e+00  -60.75067  -58.37467 1152655318 192.918045    33.8979 0.0000e+00
     87.000    -0.7864   2.759239    -0.7852   2.759697    8.05590     0.2526    13.8155 0.0000e+00  -60.75067  -58.37467 1152655318 192.918053    33.9004 0.0000e+00
     88.000    -0.7718   2.760815    -0.7715   2.761193    8.04336     0.2571    13.8155 0.0000e+00  -60.75067  -58.37467 1152655319 192.918060    33.9042 0.0000e+00
     89.000    -0.7658   2.761440    -0.7653   2.761856    8.03465     0.2356    13.8155 0.0000e+00  -60.75067  -58.37467 1152655319 192.918067    33.9050 0.0000e+00
     90.000    -0.7643   2.761648    -0.7636   2.762053    8.02857     0.2551    13.8155 0.0000e+00  -60.75067  -58.37467 1152655320 192.918074    33.9054 0.0000e+00
     91.000    -0.7628   2.761845    -0.7618   2.762287    8.02674     0.2536    13.8155 0.0000e+00  -60.75067  -58.37467 1152655321 192.918081    33.9059 0.0000e+00
     92.000    -0.7598   2.762224    -0.7581   2.762658    8.01852     0.2644    13.8155 0.0000e+00  -60.75067  -58.37467 1152655325 192.918132    33.9073 0.0000e+00
     93.000    -0.7507   2.763171    -0.7497   2.763553    8.01059     0.2673    13.8155 0.0000e+00  -60.75067  -58.37467 1152655332 192.918209    33.9092 0.0000e+00
     94.000    -0.7527   2.763015    -0.7502   2.763554    8.00320     0.2576    13.8155 0.0000e+00  -60.75067  -58.37467 1152655332 192.918215    33.9088 0.0000e+00
     95.000    -0.7468   2.763679    -0.7454   2.764104    7.99395     0.2748    13.8155 0.0000e+00  -60.75067  -58.37467 1152655333 192.918223    33.9104 0.0000e+00
     96.000    -0.7441   2.764032    -0.7424   2.764483    7.98542     0.2819    13.8155 0.0000e+00  -60.75067  -58.37467 1152655334 192.918231    33.9116 0.0000e+00
     97.000    -0.7356   2.764984    -0.7343   2.765410    7.97995     0.2807    13.8155 0.0000e+00  -60.75067  -58.37467 1152655334 192.918240    33.9142 0.0000e+00
     98.000    -0.7248   2.766320    -0.7227   2.766758    7.95307     0.2695    13.8155 0.0000e+00  -60.75067  -58.37467 1152655343 192.918335    33.9212 0.0000e+00
     99.000    -0.7031   2.768789    -0.7017   2.769190    7.93600     0.2511    13.8155 0.0000e+00  -60.75067  -58.37467 1152655346 192.918378    33.9273 0.0000e+00
    100.000    -0.6973   2.769451    -0.6959   2.769919    7.92240     0.2699    13.8155 0.0000e+00  -60.75067  -58.37467 1152655347 192.918387    33.9291 0.0000e+00
    101.000    -0.6941   2.769817    -0.6933   2.770225    7.90698     0.2730    13.8155 0.0000e+00  -60.75067  -58.37467 1152655348 192.918395    33.9298 0.0000e+00
    102.000    -0.6909   2.770210    -0.6899   2.770646    7.89523     0.2709    13.8155 0.0000e+00  -60.75067  -58.37467 1152655348 192.918402    33.9309 0.0000e+00
