product_data/regression_test/downloaded_data/MDGS/320620060703/ctd/adapted/heads_insert_p6615901.cnv
* Sea-Bird SBE 9 Data File:
* FileName = D:\Data\Raw\p6615901.dat
* Software Version Seasave Win32 V 5.32
* Temperature SN = 1649
* Conductivity SN = 1431
* Number of Bytes Per Scan = 37
* Number of Voltage Words = 5
* Number of Scans Averaged by the Deck Unit = 1
* NMEA Latitude = 60 53.99 S
* NMEA Longitude = 055 57.20 W
* NMEA UTC (Time) = 05:26:27
** Ship:   Nathaniel B. Palmer 
** Cruise:    NBP0606 
# nquan = 15
# nvalues = 600                         
# units = specified
# name 0 = prDM: Pressure, Digiquartz [db]
# name 1 = t090C: Temperature [ITS-90, deg C]
# name 2 = c0S/m: Conductivity [S/m]
# name 3 = t190C: Temperature, 2 [ITS-90, deg C]
# name 4 = c1S/m: Conductivity, 2 [S/m]
# name 5 = sbeox0ML/L: Oxygen, SBE 43 [ml/l]
# name 6 = flECO-AFL: Fluorescence, Wetlab ECO-AFL/FL [mg/m^3]
# name 7 = bat: Beam Attenuation, Chelsea/Seatech/Wetlab CStar [1/m]
# name 8 = spar: SPAR/Surface Irradiance
# name 9 = latitude: Latitude [deg]
# name 10 = longitude: Longitude [deg]
# name 11 = timeY: Time, System [seconds]
# name 12 = timeJ: Julian Days
# name 13 = sal00: Salinity [PSU]
# name 14 = flag: flag
# span 0 =      3.000,    602.000       
# span 1 =    -0.7239,    -0.1978       
# span 2 =   2.790166,   2.878384       
# span 3 =    -0.7239,    -0.1967       
# span 4 =   2.790791,   2.878798       
# span 5 =    6.12453,    7.43122       
# span 6 =    -0.0956,     0.1435       
# span 7 =    13.8155,    13.8155       
# span 8 = 0.0000e+00, 0.0000e+00       
# span 9 =  -60.89983,  -60.89983       
# span 10 =  -55.95333,  -55.95333      
# span 11 = 1153286807, 1153287684      
# span 12 = 200.226943, 200.237093      
# span 13 =    34.2957,    34.5251      
# span 14 = 0.0000e+00, 0.0000e+00      
# interval = decibars: 1                
# start_time = Jul 19 2006 05:26:34
# bad_flag = -9.990e-29
*END*
[from data line 193]
    195.000    -0.4884   2.822310    -0.4878   2.822694    6.93174    -0.0351    13.8155 0.0000e+00  -60.89983  -55.95333 1153287147 200.230879    34.3487 0.0000e+00
    196.000    -0.4889   2.822314    -0.4882   2.822694    6.93031    -0.0421    13.8155 0.0000e+00  -60.89983  -55.95333 1153287148 200.230896    34.3487 0.0000e+00
    197.000    -0.4888   2.822356    -0.4882   2.822737    6.93153    -0.0152    13.8155 0.0000e+00  -60.89983  -55.95333 1153287150 200.230913    34.3485 0.0000e+00
    198.000    -0.4889   2.822407    -0.4884   2.822793    6.92829    -0.0148    13.8155 0.0000e+00  -60.89983  -55.95333 1153287151 200.230926    34.3488 0.0000e+00
    199.000    -0.4888   2.822477    -0.4881   2.822889    6.92313    -0.0278    13.8155 0.0000e+00  -60.89983  -55.95333 1153287152 200.230936    34.3490 0.0000e+00
    200.000    -0.4893   2.822497    -0.4888   2.822875    6.92193    -0.0219    13.8155 0.0000e+00  -60.89983  -55.95333 1153287152 200.230946    34.3492 0.0000e+00
    201.000    -0.4917   2.822405    -0.4911   2.822783    6.92240    -0.0190    13.8155 0.0000e+00  -60.89983  -55.95333 1153287153 200.230958    34.3501 0.0000e+00
    202.000    -0.4908   2.822508    -0.4901   2.822885    6.92496    -0.0281    13.8155 0.0000e+00  -60.89983  -55.95333 1153287156 200.230990    34.3499 0.0000e+00
    203.000    -0.4950   2.822209    -0.4959   2.822523    6.92640    -0.0417    13.8155 0.0000e+00  -60.89983  -55.95333 1153287158 200.231012    34.3499 0.0000e+00
    204.000    -0.4987   2.822022    -0.4980   2.822413    6.92213    -0.0447    13.8155 0.0000e+00  -60.89983  -55.95333 1153287159 200.231021    34.3513 0.0000e+00
    205.000    -0.4992   2.822156    -0.4987   2.822524    6.91964    -0.0386    13.8155 0.0000e+00  -60.89983  -55.95333 1153287160 200.231030    34.3534 0.0000e+00
    206.000    -0.5019   2.822172    -0.5010   2.822588    6.91755    -0.0461    13.8155 0.0000e+00  -60.89983  -55.95333 1153287160 200.231039    34.3557 0.0000e+00
    207.000    -0.5034   2.822137    -0.5031   2.822501    6.91578    -0.0196    13.8155 0.0000e+00  -60.89983  -55.95333 1153287162 200.231053    34.3563 0.0000e+00
    208.000    -0.5040   2.822131    -0.5037   2.822498    6.91582    -0.0481    13.8155 0.0000e+00  -60.89983  -55.95333 1153287163 200.231072    34.3563 0.0000e+00
    209.000    -0.5076   2.821906    -0.5070   2.822304    6.91224    -0.0315    13.8155 0.0000e+00  -60.89983  -55.95333 1153287165 200.231087    34.3567 0.0000e+00
    210.000    -0.5128   2.821652    -0.5122   2.822046    6.90766    -0.0363    13.8155 0.0000e+00  -60.89983  -55.95333 1153287166 200.231098    34.3588 0.0000e+00
    211.000    -0.5147   2.821612    -0.5138   2.822011    6.90083    -0.0311    13.8155 0.0000e+00  -60.89983  -55.95333 1153287167 200.231109    34.3597 0.0000e+00
    212.000    -0.5154   2.821627    -0.5147   2.822022    6.89400    -0.0342    13.8155 0.0000e+00  -60.89983  -55.95333 1153287168 200.231128    34.3600 0.0000e+00
    213.000    -0.5245   2.821005    -0.5213   2.821585    6.88969    -0.0394    13.8155 0.0000e+00  -60.89983  -55.95333 1153287170 200.231150    34.3616 0.0000e+00
    214.000    -0.5257   2.820940    -0.5252   2.821339    6.88685    -0.0345    13.8155 0.0000e+00  -60.89983  -55.95333 1153287171 200.231164    34.3613 0.0000e+00
    215.000    -0.5278   2.820832    -0.5271   2.821229    6.88458    -0.0346    13.8155 0.0000e+00  -60.89983  -55.95333 1153287172 200.231174    34.3619 0.0000e+00
    216.000    -0.5223   2.821367    -0.5197   2.821919    6.88149    -0.0348    13.8155 0.0000e+00  -60.89983  -55.95333 1153287173 200.231185    34.3618 0.0000e+00
    217.000    -0.5252   2.821187    -0.5250   2.821535    6.87648    -0.0238    13.8155 0.0000e+00  -60.89983  -55.95333 1153287174 200.231201    34.3621 0.0000e+00
    218.000    -0.5292   2.820974    -0.5290   2.821321    6.87639    -0.0369    13.8155 0.0000e+00  -60.89983  -55.95333 1153287176 200.231222    34.3631 0.0000e+00
    219.000    -0.5300   2.820994    -0.5291   2.821405    6.87562    -0.0456    13.8155 0.0000e+00  -60.89983  -55.95333 1153287177 200.231236    34.3637 0.0000e+00
    220.000    -0.5306   2.820997    -0.5316   2.821248    6.87720    -0.0444    13.8155 0.0000e+00  -60.89983  -55.95333 1153287178 200.231246    34.3639 0.0000e+00
    221.000    -0.5252   2.821603    -0.5237   2.822046    6.87513    -0.0357    13.8155 0.0000e+00  -60.89983  -55.95333 1153287179 200.231258    34.3650 0.0000e+00
    222.000    -0.5234   2.821828    -0.5217   2.822286    6.86865    -0.0444    13.8155 0.0000e+00  -60.89983  -55.95333 1153287181 200.231275    34.3654 0.0000e+00
    223.000    -0.5358   2.820746    -0.5365   2.821117    6.86557    -0.0466    13.8155 0.0000e+00  -60.89983  -55.95333 1153287183 200.231296    34.3650 0.0000e+00
    224.000    -0.5589   2.818856    -0.5583   2.819257    6.86437    -0.0404    13.8155 0.0000e+00  -60.89983  -55.95333 1153287184 200.231310    34.3654 0.0000e+00
    225.000    -0.5573   2.819022    -0.5573   2.819382    6.86368    -0.0488    13.8155 0.0000e+00  -60.89983  -55.95333 1153287185 200.231322    34.3651 0.0000e+00
    226.000    -0.5552   2.819275    -0.5546   2.819665    6.85889    -0.0430    13.8155 0.0000e+00  -60.89983  -55.95333 1153287186 200.231334    34.3653 0.0000e+00
    227.000    -0.5533   2.819556    -0.5535   2.819883    6.84951    -0.0496    13.8155 0.0000e+00  -60.89983  -55.95333 1153287187 200.231347    34.3661 0.0000e+00
    228.000    -0.5523   2.819732    -0.5520   2.820100    6.84461    -0.0410    13.8155 0.0000e+00  -60.89983  -55.95333 1153287188 200.231360    34.3667 0.0000e+00
    229.000    -0.5555   2.819548    -0.5549   2.819943    6.84075    -0.0463    13.8155 0.0000e+00  -60.89983  -55.95333 1153287190 200.231377    34.3672 0.0000e+00
    230.000    -0.5411   2.821007    -0.5397   2.821433    6.84116    -0.0374    13.8155 0.0000e+00  -60.89983  -55.95333 1153287192 200.231398    34.3694 0.0000e+00
    231.000    -0.5376   2.821347    -0.5365   2.821790    6.84254    -0.0414    13.8155 0.0000e+00  -60.89983  -55.95333 1153287193 200.231415    34.3693 0.0000e+00
    232.000    -0.5363   2.821525    -0.5355   2.821936    6.84196    -0.0440    13.8155 0.0000e+00  -60.89983  -55.95333 1153287194 200.231426    34.3696 0.0000e+00
    233.000    -0.5357   2.821650    -0.5352   2.822030    6.83744    -0.0337    13.8155 0.0000e+00  -60.89983  -55.95333 1153287195 200.231437    34.3698 0.0000e+00
    234.000    -0.5360   2.821675    -0.5354   2.822051    6.83490    -0.0464    13.8155 0.0000e+00  -60.89983  -55.95333 1153287196 200.231447    34.3700 0.0000e+00
    235.000    -0.5382   2.821545    -0.5379   2.821907    6.83732    -0.0428    13.8155 0.0000e+00  -60.89983  -55.95333 1153287197 200.231464    34.3702 0.0000e+00
    236.000    -0.5406   2.821395    -0.5404   2.821749    6.83944    -0.0258    13.8155 0.0000e+00  -60.89983  -55.95333 1153287199 200.231487    34.3705 0.0000e+00
    237.000    -0.5392   2.821575    -0.5381   2.822003    6.83556    -0.0543    13.8155 0.0000e+00  -60.89983  -55.95333 1153287200 200.231501    34.3705 0.0000e+00
    238.000    -0.5396   2.821656    -0.5398   2.821987    6.83021    -0.0440    13.8155 0.0000e+00  -60.89983  -55.95333 1153287201 200.231511    34.3715 0.0000e+00
    239.000    -0.5481   2.821019    -0.5475   2.821442    6.82683    -0.0529    13.8155 0.0000e+00  -60.89983  -55.95333 1153287202 200.231523    34.3722 0.0000e+00
    240.000    -0.5546   2.820538    -0.5559   2.820810    6.82782    -0.0386    13.8155 0.0000e+00  -60.89983  -55.95333 1153287204 200.231539    34.3726 0.0000e+00
    241.000    -0.5621   2.819984    -0.5624   2.820324    6.82729    -0.0458    13.8155 0.0000e+00  -60.89983  -55.95333 1153287205 200.231557    34.3733 0.0000e+00
    242.000    -0.5584   2.820311    -0.5589   2.820619    6.82459    -0.0489    13.8155 0.0000e+00  -60.89983  -55.95333 1153287206 200.231569    34.3728 0.0000e+00
    243.000    -0.5662   2.819716    -0.5661   2.820093    6.82399    -0.0383    13.8155 0.0000e+00  -60.89983  -55.95333 1153287207 200.231581    34.3730 0.0000e+00
    244.000    -0.5673   2.819689    -0.5671   2.820043    6.82447    -0.0520    13.8155 0.0000e+00  -60.89983  -55.95333 1153287209 200.231598    34.3733 0.0000e+00
    245.000    -0.5676   2.819722    -0.5667   2.820128    6.82360    -0.0546    13.8155 0.0000e+00  -60.89983  -55.95333 1153287211 200.231618    34.3734 0.0000e+00
    246.000    -0.5658   2.819919    -0.5659   2.820260    6.82413    -0.0576    13.8155 0.0000e+00  -60.89983  -55.95333 1153287212 200.231633    34.3733 0.0000e+00
    247.000    -0.5673   2.819836    -0.5676   2.820188    6.82426    -0.0540    13.8155 0.0000e+00  -60.89983  -55.95333 1153287213 200.231644    34.3732 0.0000e+00
    248.000    -0.5694   2.819732    -0.5683   2.820167    6.82513    -0.0525    13.8155 0.0000e+00  -60.89983  -55.95333 1153287214 200.231654    34.3736 0.0000e+00
    249.000    -0.5727   2.819501    -0.5722   2.819887    6.82346    -0.0453    13.8155 0.0000e+00  -60.89983  -55.95333 1153287215 200.231667    34.3737 0.0000e+00
    250.000    -0.5722   2.819597    -0.5711   2.820019    6.82055    -0.0492    13.8155 0.0000e+00  -60.89983  -55.95333 1153287217 200.231689    34.3737 0.0000e+00
    251.000    -0.5717   2.819689    -0.5714   2.820054    6.81833    -0.0465    13.8155 0.0000e+00  -60.89983  -55.95333 1153287218 200.231706    34.3736 0.0000e+00
    252.000    -0.5713   2.819760    -0.5710   2.820152    6.81570    -0.0504    13.8155 0.0000e+00  -60.89983  -55.95333 1153287219 200.231717    34.3737 0.0000e+00
    253.000    -0.5769   2.819313    -0.5778   2.819620    6.81549    -0.0527    13.8155 0.0000e+00  -60.89983  -55.95333 1153287220 200.231726    34.3733 0.0000e+00
    254.000    -0.5784   2.819240    -0.5776   2.819658    6.81700    -0.0505    13.8155 0.0000e+00  -60.89983  -55.95333 1153287221 200.231735    34.3736 0.0000e+00
    255.000    -0.5786   2.819259    -0.5847   2.819131    6.81849    -0.0422    13.8155 0.0000e+00  -60.89983  -55.95333 1153287223 200.231765    34.3733 0.0000e+00
    256.000    -0.5850   2.818786    -0.5823   2.819386    6.82114    -0.0533    13.8155 0.0000e+00  -60.89983  -55.95333 1153287225 200.231792    34.3736 0.0000e+00
    257.000    -0.5892   2.818552    -0.5887   2.818953    6.82090    -0.0412    13.8155 0.0000e+00  -60.89983  -55.95333 1153287226 200.231801    34.3749 0.0000e+00
    258.000    -0.5885   2.818654    -0.5880   2.819042    6.82032    -0.0581    13.8155 0.0000e+00  -60.89983  -55.95333 1153287227 200.231809    34.3747 0.0000e+00
    259.000    -0.5881   2.818713    -0.5876   2.819123    6.81635    -0.0447    13.8155 0.0000e+00  -60.89983  -55.95333 1153287228 200.231818    34.3744 0.0000e+00
    260.000    -0.5885   2.818742    -0.5889   2.819067    6.81310    -0.0384    13.8155 0.0000e+00  -60.89983  -55.95333 1153287228 200.231826    34.3747 0.0000e+00
    261.000    -0.5932   2.818410    -0.5927   2.818796    6.80796    -0.0524    13.8155 0.0000e+00  -60.89983  -55.95333 1153287230 200.231838    34.3750 0.0000e+00
    262.000    -0.5939   2.818404    -0.5930   2.818820    6.80491    -0.0467    13.8155 0.0000e+00  -60.89983  -55.95333 1153287231 200.231855    34.3751 0.0000e+00
    263.000    -0.5945   2.818598    -0.5938   2.818978    6.80069    -0.0599    13.8155 0.0000e+00  -60.89983  -55.95333 1153287233 200.231873    34.3777 0.0000e+00
    264.000    -0.5943   2.818730    -0.5935   2.819127    6.79977    -0.0449    13.8155 0.0000e+00  -60.89983  -55.95333 1153287234 200.231894    34.3785 0.0000e+00
    265.000    -0.5948   2.818752    -0.5944   2.819129    6.80092    -0.0517    13.8155 0.0000e+00  -60.89983  -55.95333 1153287237 200.231919    34.3786 0.0000e+00
    266.000    -0.5945   2.818899    -0.5945   2.819225    6.80007    -0.0614    13.8155 0.0000e+00  -60.89983  -55.95333 1153287238 200.231934    34.3798 0.0000e+00
    267.000    -0.5932   2.819058    -0.5930   2.819428    6.79620    -0.0583    13.8155 0.0000e+00  -60.89983  -55.95333 1153287239 200.231944    34.3797 0.0000e+00
    268.000    -0.5934   2.819081    -0.5930   2.819459    6.79441    -0.0608    13.8155 0.0000e+00  -60.89983  -55.95333 1153287239 200.231953    34.3796 0.0000e+00
    269.000    -0.5932   2.819131    -0.5929   2.819515    6.79489    -0.0686    13.8155 0.0000e+00  -60.89983  -55.95333 1153287240 200.231961    34.3794 0.0000e+00
    270.000    -0.5930   2.819234    -0.5924   2.819624    6.79130    -0.0550    13.8155 0.0000e+00  -60.89983  -55.95333 1153287241 200.231972    34.3799 0.0000e+00
    271.000    -0.5911   2.819507    -0.5901   2.819896    6.79064    -0.0498    13.8155 0.0000e+00  -60.89983  -55.95333 1153287242 200.231987    34.3805 0.0000e+00
    272.000    -0.5887   2.819743    -0.5881   2.820114    6.78785    -0.0527    13.8155 0.0000e+00  -60.89983  -55.95333 1153287244 200.232005    34.3805 0.0000e+00
    273.000    -0.5863   2.820021    -0.5860   2.820373    6.78138    -0.0599    13.8155 0.0000e+00  -60.89983  -55.95333 1153287246 200.232024    34.3810 0.0000e+00
    274.000    -0.5877   2.820018    -0.5873   2.820387    6.77907    -0.0584    13.8155 0.0000e+00  -60.89983  -55.95333 1153287247 200.232043    34.3819 0.0000e+00
    275.000    -0.5885   2.820085    -0.5877   2.820492    6.77241    -0.0434    13.8155 0.0000e+00  -60.89983  -55.95333 1153287249 200.232059    34.3832 0.0000e+00
    276.000    -0.5753   2.821589    -0.5741   2.821962    6.76627    -0.0473    13.8155 0.0000e+00  -60.89983  -55.95333 1153287250 200.232072    34.3877 0.0000e+00
    277.000    -0.5688   2.822292    -0.5677   2.822693    6.75764    -0.0544    13.8155 0.0000e+00  -60.89983  -55.95333 1153287251 200.232084    34.3889 0.0000e+00
    278.000    -0.5554   2.823668    -0.5550   2.823968    6.74988    -0.0377    13.8155 0.0000e+00  -60.89983  -55.95333 1153287252 200.232097    34.3913 0.0000e+00
    279.000    -0.5460   2.824673    -0.5457   2.824984    6.73799    -0.0691    13.8155 0.0000e+00  -60.89983  -55.95333 1153287253 200.232111    34.3933 0.0000e+00
    280.000    -0.5408   2.825303    -0.5400   2.825667    6.72743    -0.0545    13.8155 0.0000e+00  -60.89983  -55.95333 1153287254 200.232125    34.3954 0.0000e+00
    281.000    -0.5346   2.825995    -0.5333   2.826440    6.71589    -0.0542    13.8155 0.0000e+00  -60.89983  -55.95333 1153287255 200.232139    34.3969 0.0000e+00
    282.000    -0.5339   2.826128    -0.5333   2.826470    6.70940    -0.0545    13.8155 0.0000e+00  -60.89983  -55.95333 1153287257 200.232154    34.3974 0.0000e+00
    283.000    -0.5336   2.826201    -0.5331   2.826563    6.70619    -0.0567    13.8155 0.0000e+00  -60.89983  -55.95333 1153287258 200.232170    34.3976 0.0000e+00
    284.000    -0.5335   2.826260    -0.5342   2.826477    6.70562    -0.0526    13.8155 0.0000e+00  -60.89983  -55.95333 1153287259 200.232184    34.3978 0.0000e+00
    285.000    -0.5331   2.826342    -0.5326   2.826706    6.70249    -0.0584    13.8155 0.0000e+00  -60.89983  -55.95333 1153287261 200.232197    34.3979 0.0000e+00
    286.000    -0.5342   2.826289    -0.5337   2.826655    6.69886    -0.0498    13.8155 0.0000e+00  -60.89983  -55.95333 1153287262 200.232211    34.3979 0.0000e+00
    287.000    -0.5342   2.826331    -0.5339   2.826675    6.70139    -0.0613    13.8155 0.0000e+00  -60.89983  -55.95333 1153287264 200.232234    34.3981 0.0000e+00
    288.000    -0.5333   2.826478    -0.5334   2.826756    6.70043    -0.0516    13.8155 0.0000e+00  -60.89983  -55.95333 1153287265 200.232253    34.3986 0.0000e+00
    289.000    -0.5212   2.827663    -0.5214   2.827897    6.69762    -0.0586    13.8155 0.0000e+00  -60.89983  -55.95333 1153287266 200.232264    34.3997 0.0000e+00
    290.000    -0.5191   2.827854    -0.5201   2.828093    6.69431    -0.0612    13.8155 0.0000e+00  -60.89983  -55.95333 1153287267 200.232273    34.3992 0.0000e+00
