product_data/regression_test/downloaded_data/MDGS/320620060703/ctd/adapted/heads_insert_p6609101.cnv
* Sea-Bird SBE 9 Data File:
* FileName = D:\Data\Raw\P6609101.dat
* Software Version Seasave Win32 V 5.32
* Temperature SN = 1649
* Conductivity SN = 1431
* Number of Bytes Per Scan = 37
* Number of Voltage Words = 5
* Number of Scans Averaged by the Deck Unit = 1
* NMEA Latitude = 61 18.65 S
* NMEA Longitude = 057 57.06 W
* NMEA UTC (Time) = 17:20:17
** Ship:   Nathaniel B. Palmer 
** Cruise:    NBP0603 p0606
** Cast #: 01
** Station:   91
** Operator: yz
# nquan = 15
# nvalues = 1503                        
# units = specified
# name 0 = prDM: Pressure, Digiquartz [db]
# name 1 = t090C: Temperature [ITS-90, deg C]
# name 2 = c0S/m: Conductivity [S/m]
# name 3 = t190C: Temperature, 2 [ITS-90, deg C]
# name 4 = c1S/m: Conductivity, 2 [S/m]
# name 5 = sbeox0ML/L: Oxygen, SBE 43 [ml/l]
# name 6 = flECO-AFL: Fluorescence, Wetlab ECO-AFL/FL [mg/m^3]
# name 7 = bat: Beam Attenuation, Chelsea/Seatech/Wetlab CStar [1/m]
# name 8 = spar: SPAR/Surface Irradiance
# name 9 = latitude: Latitude [deg]
# name 10 = longitude: Longitude [deg]
# name 11 = timeY: Time, System [seconds]
# name 12 = timeJ: Julian Days
# name 13 = sal00: Salinity [PSU]
# name 14 = flag: flag
# span 0 =      2.000,   1504.000       
# span 1 =    -0.8287,     1.8275       
# span 2 =   2.769355,   3.058217       
# span 3 =    -0.8277,     1.8280       
# span 4 =   2.769727,   3.058482       
# span 5 =    4.40785,    7.95116       
# span 6 =    -0.1228,     0.3522       
# span 7 =    13.8155,    13.8155       
# span 8 = 8.9499e+01, 4.2609e+02       
# span 9 =  -61.31083,  -61.31083       
# span 10 =  -57.95100,  -57.95100      
# span 11 = 1152552026, 1152554212      
# span 12 = 191.722546, 191.747846      
# span 13 =    33.9405,    34.7277      
# span 14 = 0.0000e+00, 0.0000e+00      
# interval = decibars: 1                
# start_time = Jul 10 2006 17:20:25
# bad_flag = -9.990e-29
*END*
[from data line 1446]
   1447.000     0.9952   3.031724     0.9954   3.031999    5.04149    -0.0970    13.8155 2.6456e+02  -61.31083  -57.95100 1152554127 191.746866    34.7167 0.0000e+00
   1448.000     0.9955   3.031798     0.9959   3.032078    5.04309    -0.0981    13.8155 2.7792e+02  -61.31083  -57.95100 1152554128 191.746881    34.7168 0.0000e+00
   1449.000     0.9960   3.031887     0.9964   3.032161    5.04083    -0.1095    13.8155 2.8405e+02  -61.31083  -57.95100 1152554130 191.746900    34.7168 0.0000e+00
   1450.000     0.9959   3.031916     0.9961   3.032175    5.04005    -0.0891    13.8155 2.7705e+02  -61.31083  -57.95100 1152554132 191.746919    34.7167 0.0000e+00
   1451.000     0.9955   3.031917     0.9958   3.032188    5.03969    -0.0858    13.8155 2.7476e+02  -61.31083  -57.95100 1152554133 191.746934    34.7166 0.0000e+00
   1452.000     0.9938   3.031827     0.9945   3.032139    5.03964    -0.1128    13.8155 2.8146e+02  -61.31083  -57.95100 1152554134 191.746945    34.7169 0.0000e+00
   1453.000     0.9937   3.031850     0.9943   3.032164    5.03996    -0.1035    13.8155 2.8909e+02  -61.31083  -57.95100 1152554135 191.746956    34.7167 0.0000e+00
   1454.000     0.9925   3.031781     0.9930   3.032074    5.03992    -0.1008    13.8155 2.8981e+02  -61.31083  -57.95100 1152554136 191.746968    34.7167 0.0000e+00
   1455.000     0.9916   3.031734     0.9919   3.032017    5.04005    -0.0964    13.8155 2.8667e+02  -61.31083  -57.95100 1152554137 191.746983    34.7166 0.0000e+00
   1456.000     0.9910   3.031725     0.9913   3.031991    5.04104    -0.1013    13.8155 2.8427e+02  -61.31083  -57.95100 1152554139 191.747006    34.7166 0.0000e+00
   1457.000     0.9917   3.031835     0.9924   3.032134    5.04357    -0.0971    13.8155 2.9477e+02  -61.31083  -57.95100 1152554142 191.747041    34.7166 0.0000e+00
   1458.000     0.9919   3.031900     0.9923   3.032180    5.04504    -0.1014    13.8155 3.0446e+02  -61.31083  -57.95100 1152554144 191.747057    34.7167 0.0000e+00
   1459.000     0.9923   3.031985     0.9928   3.032269    5.04558    -0.0985    13.8155 3.0780e+02  -61.31083  -57.95100 1152554145 191.747068    34.7167 0.0000e+00
   1460.000     0.9918   3.031975     0.9920   3.032249    5.04562    -0.0908    13.8155 3.0942e+02  -61.31083  -57.95100 1152554145 191.747077    34.7167 0.0000e+00
   1461.000     0.9917   3.032007     0.9919   3.032287    5.04544    -0.1044    13.8155 3.0954e+02  -61.31083  -57.95100 1152554146 191.747085    34.7166 0.0000e+00
   1462.000     0.9918   3.032048     0.9919   3.032327    5.04531    -0.1036    13.8155 3.0976e+02  -61.31083  -57.95100 1152554147 191.747093    34.7165 0.0000e+00
   1463.000     0.9908   3.031995     0.9911   3.032277    5.04520    -0.0949    13.8155 3.1250e+02  -61.31083  -57.95100 1152554148 191.747102    34.7165 0.0000e+00
   1464.000     0.9901   3.031990     0.9904   3.032263    5.04546    -0.0880    13.8155 3.1472e+02  -61.31083  -57.95100 1152554148 191.747112    34.7166 0.0000e+00
   1465.000     0.9914   3.032151     0.9916   3.032402    5.04783    -0.1056    13.8155 2.9181e+02  -61.31083  -57.95100 1152554152 191.747160    34.7167 0.0000e+00
   1466.000     0.9909   3.032166     0.9914   3.032444    5.04698    -0.1045    13.8155 2.7020e+02  -61.31083  -57.95100 1152554154 191.747180    34.7168 0.0000e+00
   1467.000     0.9902   3.032129     0.9907   3.032412    5.04589    -0.0985    13.8155 2.6837e+02  -61.31083  -57.95100 1152554155 191.747192    34.7166 0.0000e+00
   1468.000     0.9899   3.032138     0.9902   3.032409    5.04664    -0.0855    13.8155 2.8080e+02  -61.31083  -57.95100 1152554156 191.747204    34.7166 0.0000e+00
   1469.000     0.9896   3.032154     0.9901   3.032452    5.04738    -0.1174    13.8155 2.9164e+02  -61.31083  -57.95100 1152554157 191.747217    34.7165 0.0000e+00
   1470.000     0.9884   3.032093     0.9884   3.032342    5.04693    -0.1018    13.8155 2.9653e+02  -61.31083  -57.95100 1152554158 191.747228    34.7166 0.0000e+00
   1471.000     0.9868   3.031994     0.9870   3.032257    5.04671    -0.0989    13.8155 3.0376e+02  -61.31083  -57.95100 1152554159 191.747238    34.7166 0.0000e+00
   1472.000     0.9861   3.031970     0.9871   3.032303    5.04691    -0.1137    13.8155 3.1176e+02  -61.31083  -57.95100 1152554160 191.747247    34.7165 0.0000e+00
   1473.000     0.9833   3.031756     0.9843   3.032084    5.04776    -0.1089    13.8155 3.1434e+02  -61.31083  -57.95100 1152554161 191.747260    34.7164 0.0000e+00
   1474.000     0.9869   3.032136     0.9868   3.032364    5.05131    -0.0980    13.8155 2.9785e+02  -61.31083  -57.95100 1152554165 191.747305    34.7166 0.0000e+00
   1475.000     0.9830   3.031811     0.9840   3.032164    5.05038    -0.1029    13.8155 2.9487e+02  -61.31083  -57.95100 1152554166 191.747319    34.7163 0.0000e+00
   1476.000     0.9795   3.031538     0.9793   3.031783    5.05154    -0.0920    13.8155 2.9393e+02  -61.31083  -57.95100 1152554167 191.747331    34.7162 0.0000e+00
   1477.000     0.9763   3.031293     0.9762   3.031558    5.05351    -0.1083    13.8155 2.9768e+02  -61.31083  -57.95100 1152554168 191.747343    34.7162 0.0000e+00
   1478.000     0.9732   3.031073     0.9737   3.031374    5.05423    -0.1073    13.8155 3.0700e+02  -61.31083  -57.95100 1152554169 191.747356    34.7163 0.0000e+00
   1479.000     0.9726   3.031053     0.9730   3.031338    5.05487    -0.0958    13.8155 3.0762e+02  -61.31083  -57.95100 1152554171 191.747370    34.7162 0.0000e+00
   1480.000     0.9720   3.031042     0.9722   3.031306    5.05590    -0.0937    13.8155 3.0810e+02  -61.31083  -57.95100 1152554172 191.747386    34.7162 0.0000e+00
   1481.000     0.9707   3.030976     0.9712   3.031254    5.05755    -0.1082    13.8155 3.1574e+02  -61.31083  -57.95100 1152554174 191.747407    34.7161 0.0000e+00
   1482.000     0.9699   3.030949     0.9703   3.031222    5.05840    -0.1003    13.8155 3.2919e+02  -61.31083  -57.95100 1152554175 191.747424    34.7161 0.0000e+00
   1483.000     0.9697   3.030967     0.9699   3.031239    5.05839    -0.0898    13.8155 3.3112e+02  -61.31083  -57.95100 1152554176 191.747435    34.7160 0.0000e+00
   1484.000     0.9692   3.030970     0.9695   3.031255    5.05817    -0.1010    13.8155 3.3606e+02  -61.31083  -57.95100 1152554177 191.747445    34.7160 0.0000e+00
   1485.000     0.9680   3.030907     0.9684   3.031185    5.05807    -0.1013    13.8155 3.4456e+02  -61.31083  -57.95100 1152554178 191.747455    34.7160 0.0000e+00
   1486.000     0.9677   3.030918     0.9681   3.031197    5.05824    -0.1199    13.8155 3.4829e+02  -61.31083  -57.95100 1152554179 191.747467    34.7159 0.0000e+00
   1487.000     0.9692   3.031109     0.9694   3.031365    5.06108    -0.0957    13.8155 3.2449e+02  -61.31083  -57.95100 1152554183 191.747517    34.7161 0.0000e+00
   1488.000     0.9682   3.031061     0.9687   3.031351    5.06341    -0.1072    13.8155 3.1933e+02  -61.31083  -57.95100 1152554185 191.747534    34.7160 0.0000e+00
   1489.000     0.9653   3.030823     0.9656   3.031135    5.06041    -0.0961    13.8155 3.1916e+02  -61.31083  -57.95100 1152554186 191.747543    34.7157 0.0000e+00
   1490.000     0.9640   3.030767     0.9644   3.031063    5.05998    -0.0959    13.8155 3.2236e+02  -61.31083  -57.95100 1152554186 191.747552    34.7160 0.0000e+00
   1491.000     0.9642   3.030814     0.9645   3.031111    5.06021    -0.1118    13.8155 3.2952e+02  -61.31083  -57.95100 1152554187 191.747560    34.7158 0.0000e+00
   1492.000     0.9633   3.030769     0.9634   3.031035    5.06031    -0.1106    13.8155 3.3769e+02  -61.31083  -57.95100 1152554188 191.747568    34.7157 0.0000e+00
   1493.000     0.9606   3.030572     0.9606   3.030837    5.05977    -0.1047    13.8155 3.4022e+02  -61.31083  -57.95100 1152554189 191.747579    34.7157 0.0000e+00
   1494.000     0.9579   3.030379     0.9577   3.030609    5.06104    -0.0970    13.8155 3.4572e+02  -61.31083  -57.95100 1152554190 191.747593    34.7157 0.0000e+00
   1495.000     0.9586   3.030497     0.9595   3.030824    5.06189    -0.1049    13.8155 3.3486e+02  -61.31083  -57.95100 1152554193 191.747625    34.7158 0.0000e+00
   1496.000     0.9603   3.030694     0.9603   3.030952    5.06512    -0.1100    13.8155 3.0996e+02  -61.31083  -57.95100 1152554196 191.747663    34.7158 0.0000e+00
   1497.000     0.9584   3.030554     0.9586   3.030819    5.06555    -0.1052    13.8155 3.2626e+02  -61.31083  -57.95100 1152554197 191.747673    34.7156 0.0000e+00
   1498.000     0.9573   3.030497     0.9575   3.030770    5.06569    -0.1120    13.8155 3.3995e+02  -61.31083  -57.95100 1152554198 191.747681    34.7156 0.0000e+00
   1499.000     0.9576   3.030554     0.9576   3.030823    5.06569    -0.1228    13.8155 3.5426e+02  -61.31083  -57.95100 1152554198 191.747689    34.7155 0.0000e+00
   1500.000     0.9574   3.030586     0.9574   3.030855    5.06548    -0.0988    13.8155 3.6117e+02  -61.31083  -57.95100 1152554199 191.747697    34.7155 0.0000e+00
   1501.000     0.9575   3.030634     0.9576   3.030904    5.06509    -0.1016    13.8155 3.6160e+02  -61.31083  -57.95100 1152554200 191.747705    34.7155 0.0000e+00
   1502.000     0.9566   3.030609     0.9569   3.030885    5.06460    -0.1138    13.8155 3.5887e+02  -61.31083  -57.95100 1152554201 191.747716    34.7156 0.0000e+00
   1503.000     0.9573   3.030710     0.9578   3.030991    5.06493    -0.1017    13.8155 3.3955e+02  -61.31083  -57.95100 1152554207 191.747786    34.7156 0.0000e+00
   1504.000     0.9570   3.030712     0.9573   3.030993    5.06471    -0.0967    13.8155 3.1981e+02  -61.31083  -57.95100 1152554212 191.747846    34.7154 0.0000e+00
