product_data/regression_test/downloaded_data/MDGS/320620060703/ctd/adapted/heads_insert_p6608901.cnv
* Sea-Bird SBE 9 Data File:
* FileName = D:\Data\Raw\P6608901.dat
* Software Version Seasave Win32 V 5.32
* Temperature SN = 1649
* Conductivity SN = 1431
* Number of Bytes Per Scan = 37
* Number of Voltage Words = 5
* Number of Scans Averaged by the Deck Unit = 1
* NMEA Latitude = 61 26.26 S
* NMEA Longitude = 057 51.58 W
* NMEA UTC (Time) = 10:14:29
** Ship:   Nathaniel B. Palmer 
** Cruise:    NBP0603 p0606
** Cast #: 01
** Station:   89
** Operator: rdd
# nquan = 15
# nvalues = 739                         
# units = specified
# name 0 = prDM: Pressure, Digiquartz [db]
# name 1 = t090C: Temperature [ITS-90, deg C]
# name 2 = c0S/m: Conductivity [S/m]
# name 3 = t190C: Temperature, 2 [ITS-90, deg C]
# name 4 = c1S/m: Conductivity, 2 [S/m]
# name 5 = sbeox0ML/L: Oxygen, SBE 43 [ml/l]
# name 6 = flECO-AFL: Fluorescence, Wetlab ECO-AFL/FL [mg/m^3]
# name 7 = bat: Beam Attenuation, Chelsea/Seatech/Wetlab CStar [1/m]
# name 8 = spar: SPAR/Surface Irradiance
# name 9 = latitude: Latitude [deg]
# name 10 = longitude: Longitude [deg]
# name 11 = timeY: Time, System [seconds]
# name 12 = timeJ: Julian Days
# name 13 = sal00: Salinity [PSU]
# name 14 = flag: flag
# span 0 =     15.000,    753.000       
# span 1 =    -0.7960,     0.8924       
# span 2 =   2.773494,   2.989669       
# span 3 =    -0.7954,     0.8931       
# span 4 =   2.774002,   2.989951       
# span 5 =    5.14068,    7.76503       
# span 6 =    -0.1163,     0.2668       
# span 7 =    13.8155,    13.8155       
# span 8 = 0.0000e+00, 0.0000e+00       
# span 9 =  -61.43767,  -61.43767       
# span 10 =  -57.85967,  -57.85967      
# span 11 = 1152526458, 1152527849      
# span 12 = 191.426625, 191.442721      
# span 13 =    34.1327,    34.6739      
# span 14 = 0.0000e+00, 0.0000e+00      
# interval = decibars: 1                
# start_time = Jul 10 2006 10:14:37
# bad_flag = -9.990e-29
*END*
[from data line 579]
    593.000     0.7729   2.969339     0.7733   2.969580    5.29486    -0.0876    13.8155 0.0000e+00  -61.43767  -57.85967 1152527526 191.438981    34.6352 0.0000e+00
    594.000     0.7734   2.969448     0.7738   2.969670    5.29447    -0.0932    13.8155 0.0000e+00  -61.43767  -57.85967 1152527527 191.438995    34.6355 0.0000e+00
    595.000     0.7732   2.969465     0.7739   2.969714    5.29551    -0.0933    13.8155 0.0000e+00  -61.43767  -57.85967 1152527529 191.439020    34.6354 0.0000e+00
    596.000     0.7743   2.969638     0.7747   2.969862    5.29537    -0.0879    13.8155 0.0000e+00  -61.43767  -57.85967 1152527531 191.439041    34.6359 0.0000e+00
    597.000     0.7743   2.969688     0.7748   2.969917    5.29570    -0.0959    13.8155 0.0000e+00  -61.43767  -57.85967 1152527532 191.439053    34.6359 0.0000e+00
    598.000     0.7745   2.969755     0.7750   2.969985    5.29523    -0.1058    13.8155 0.0000e+00  -61.43767  -57.85967 1152527533 191.439063    34.6360 0.0000e+00
    599.000     0.7748   2.969843     0.7753   2.970067    5.29240    -0.0905    13.8155 0.0000e+00  -61.43767  -57.85967 1152527534 191.439079    34.6362 0.0000e+00
    600.000     0.7751   2.969897     0.7756   2.970129    5.29428    -0.0835    13.8155 0.0000e+00  -61.43767  -57.85967 1152527537 191.439103    34.6361 0.0000e+00
    601.000     0.7750   2.969958     0.7756   2.970193    5.29545    -0.0787    13.8155 0.0000e+00  -61.43767  -57.85967 1152527538 191.439118    34.6363 0.0000e+00
    602.000     0.7754   2.970057     0.7759   2.970286    5.29438    -0.0838    13.8155 0.0000e+00  -61.43767  -57.85967 1152527539 191.439128    34.6366 0.0000e+00
    603.000     0.7759   2.970136     0.7763   2.970375    5.29188    -0.0756    13.8155 0.0000e+00  -61.43767  -57.85967 1152527539 191.439136    34.6366 0.0000e+00
    604.000     0.7764   2.970233     0.7768   2.970477    5.29000    -0.0818    13.8155 0.0000e+00  -61.43767  -57.85967 1152527540 191.439143    34.6367 0.0000e+00
    605.000     0.7767   2.970307     0.7771   2.970549    5.29013    -0.0721    13.8155 0.0000e+00  -61.43767  -57.85967 1152527541 191.439151    34.6367 0.0000e+00
    606.000     0.7767   2.970355     0.7773   2.970600    5.29101    -0.0878    13.8155 0.0000e+00  -61.43767  -57.85967 1152527542 191.439170    34.6367 0.0000e+00
    607.000     0.7762   2.970345     0.7768   2.970605    5.29247    -0.1010    13.8155 0.0000e+00  -61.43767  -57.85967 1152527546 191.439218    34.6366 0.0000e+00
    608.000     0.7768   2.970467     0.7776   2.970728    5.29188    -0.1013    13.8155 0.0000e+00  -61.43767  -57.85967 1152527547 191.439228    34.6370 0.0000e+00
    609.000     0.7778   2.970626     0.7783   2.970864    5.28995    -0.0900    13.8155 0.0000e+00  -61.43767  -57.85967 1152527548 191.439238    34.6372 0.0000e+00
    610.000     0.7788   2.970785     0.7794   2.971026    5.28844    -0.0825    13.8155 0.0000e+00  -61.43767  -57.85967 1152527549 191.439247    34.6377 0.0000e+00
    611.000     0.7805   2.971038     0.7811   2.971274    5.28630    -0.1009    13.8155 0.0000e+00  -61.43767  -57.85967 1152527550 191.439256    34.6384 0.0000e+00
    612.000     0.7826   2.971320     0.7830   2.971545    5.28300    -0.0932    13.8155 0.0000e+00  -61.43767  -57.85967 1152527551 191.439267    34.6391 0.0000e+00
    613.000     0.7843   2.971564     0.7848   2.971795    5.27976    -0.0979    13.8155 0.0000e+00  -61.43767  -57.85967 1152527552 191.439286    34.6397 0.0000e+00
    614.000     0.7852   2.971721     0.7858   2.971950    5.27845    -0.0931    13.8155 0.0000e+00  -61.43767  -57.85967 1152527554 191.439309    34.6402 0.0000e+00
    615.000     0.7864   2.971895     0.7869   2.972132    5.27802    -0.0875    13.8155 0.0000e+00  -61.43767  -57.85967 1152527556 191.439326    34.6406 0.0000e+00
    616.000     0.7868   2.971992     0.7872   2.972220    5.27633    -0.0905    13.8155 0.0000e+00  -61.43767  -57.85967 1152527557 191.439340    34.6409 0.0000e+00
    617.000     0.7879   2.972161     0.7883   2.972392    5.27474    -0.0854    13.8155 0.0000e+00  -61.43767  -57.85967 1152527558 191.439355    34.6413 0.0000e+00
    618.000     0.7885   2.972286     0.7889   2.972488    5.27461    -0.0953    13.8155 0.0000e+00  -61.43767  -57.85967 1152527559 191.439367    34.6415 0.0000e+00
    619.000     0.7888   2.972361     0.7894   2.972607    5.27476    -0.0880    13.8155 0.0000e+00  -61.43767  -57.85967 1152527560 191.439379    34.6417 0.0000e+00
    620.000     0.7897   2.972506     0.7900   2.972720    5.27504    -0.0961    13.8155 0.0000e+00  -61.43767  -57.85967 1152527561 191.439390    34.6420 0.0000e+00
    621.000     0.7895   2.972529     0.7905   2.972820    5.27230    -0.0949    13.8155 0.0000e+00  -61.43767  -57.85967 1152527562 191.439404    34.6419 0.0000e+00
    622.000     0.7913   2.972763     0.7921   2.973038    5.26881    -0.0974    13.8155 0.0000e+00  -61.43767  -57.85967 1152527565 191.439428    34.6424 0.0000e+00
    623.000     0.7944   2.973194     0.7949   2.973409    5.26568    -0.0904    13.8155 0.0000e+00  -61.43767  -57.85967 1152527567 191.439453    34.6440 0.0000e+00
    624.000     0.7961   2.973438     0.7966   2.973676    5.26331    -0.0897    13.8155 0.0000e+00  -61.43767  -57.85967 1152527568 191.439466    34.6445 0.0000e+00
    625.000     0.7991   2.973866     0.8002   2.974115    5.25854    -0.0872    13.8155 0.0000e+00  -61.43767  -57.85967 1152527569 191.439476    34.6462 0.0000e+00
    626.000     0.8037   2.974415     0.8045   2.974656    5.25408    -0.0992    13.8155 0.0000e+00  -61.43767  -57.85967 1152527570 191.439486    34.6474 0.0000e+00
    627.000     0.8047   2.974583     0.8056   2.974830    5.25280    -0.0928    13.8155 0.0000e+00  -61.43767  -57.85967 1152527570 191.439496    34.6477 0.0000e+00
    628.000     0.8078   2.974925     0.8082   2.975136    5.24900    -0.0950    13.8155 0.0000e+00  -61.43767  -57.85967 1152527572 191.439514    34.6484 0.0000e+00
    629.000     0.8079   2.974997     0.8085   2.975227    5.24562    -0.0884    13.8155 0.0000e+00  -61.43767  -57.85967 1152527574 191.439536    34.6485 0.0000e+00
    630.000     0.8087   2.975152     0.8094   2.975380    5.24598    -0.1010    13.8155 0.0000e+00  -61.43767  -57.85967 1152527575 191.439552    34.6491 0.0000e+00
    631.000     0.8097   2.975298     0.8102   2.975526    5.24350    -0.0901    13.8155 0.0000e+00  -61.43767  -57.85967 1152527577 191.439567    34.6494 0.0000e+00
    632.000     0.8107   2.975467     0.8111   2.975675    5.24166    -0.1104    13.8155 0.0000e+00  -61.43767  -57.85967 1152527578 191.439579    34.6499 0.0000e+00
    633.000     0.8113   2.975562     0.8117   2.975797    5.24206    -0.1061    13.8155 0.0000e+00  -61.43767  -57.85967 1152527579 191.439589    34.6499 0.0000e+00
    634.000     0.8115   2.975624     0.8120   2.975858    5.24179    -0.0991    13.8155 0.0000e+00  -61.43767  -57.85967 1152527579 191.439600    34.6499 0.0000e+00
    635.000     0.8129   2.975825     0.8136   2.976064    5.24060    -0.0858    13.8155 0.0000e+00  -61.43767  -57.85967 1152527581 191.439619    34.6504 0.0000e+00
    636.000     0.8116   2.975746     0.8128   2.976036    5.24205    -0.1031    13.8155 0.0000e+00  -61.43767  -57.85967 1152527585 191.439661    34.6503 0.0000e+00
    637.000     0.8154   2.976189     0.8165   2.976472    5.24149    -0.0839    13.8155 0.0000e+00  -61.43767  -57.85967 1152527586 191.439671    34.6513 0.0000e+00
    638.000     0.8169   2.976393     0.8174   2.976631    5.23946    -0.1163    13.8155 0.0000e+00  -61.43767  -57.85967 1152527586 191.439679    34.6516 0.0000e+00
    639.000     0.8181   2.976587     0.8185   2.976791    5.23600    -0.0951    13.8155 0.0000e+00  -61.43767  -57.85967 1152527587 191.439687    34.6521 0.0000e+00
    640.000     0.8198   2.976778     0.8200   2.976987    5.23340    -0.0965    13.8155 0.0000e+00  -61.43767  -57.85967 1152527588 191.439695    34.6521 0.0000e+00
    641.000     0.8207   2.976913     0.8211   2.977129    5.23203    -0.0893    13.8155 0.0000e+00  -61.43767  -57.85967 1152527588 191.439703    34.6522 0.0000e+00
    642.000     0.8212   2.977001     0.8217   2.977225    5.23025    -0.0869    13.8155 0.0000e+00  -61.43767  -57.85967 1152527589 191.439717    34.6523 0.0000e+00
    643.000     0.8228   2.977211     0.8235   2.977456    5.22719    -0.0903    13.8155 0.0000e+00  -61.43767  -57.85967 1152527591 191.439739    34.6527 0.0000e+00
    644.000     0.8203   2.976995     0.8219   2.977348    5.22941    -0.1003    13.8155 0.0000e+00  -61.43767  -57.85967 1152527594 191.439771    34.6523 0.0000e+00
    645.000     0.8241   2.977460     0.8245   2.977686    5.23003    -0.0999    13.8155 0.0000e+00  -61.43767  -57.85967 1152527596 191.439793    34.6533 0.0000e+00
    646.000     0.8249   2.977588     0.8257   2.977850    5.22754    -0.0895    13.8155 0.0000e+00  -61.43767  -57.85967 1152527597 191.439803    34.6535 0.0000e+00
    647.000     0.8256   2.977721     0.8260   2.977936    5.22639    -0.1012    13.8155 0.0000e+00  -61.43767  -57.85967 1152527598 191.439813    34.6539 0.0000e+00
    648.000     0.8258   2.977770     0.8263   2.978010    5.22683    -0.0941    13.8155 0.0000e+00  -61.43767  -57.85967 1152527599 191.439822    34.6537 0.0000e+00
    649.000     0.8258   2.977837     0.8263   2.978061    5.22687    -0.1010    13.8155 0.0000e+00  -61.43767  -57.85967 1152527599 191.439832    34.6540 0.0000e+00
    650.000     0.8262   2.977912     0.8269   2.978177    5.22615    -0.0881    13.8155 0.0000e+00  -61.43767  -57.85967 1152527600 191.439842    34.6540 0.0000e+00
    651.000     0.8267   2.978019     0.8274   2.978259    5.22310    -0.0938    13.8155 0.0000e+00  -61.43767  -57.85967 1152527601 191.439855    34.6543 0.0000e+00
    652.000     0.8292   2.978324     0.8288   2.978450    5.22061    -0.0883    13.8155 0.0000e+00  -61.43767  -57.85967 1152527603 191.439873    34.6548 0.0000e+00
    653.000     0.8299   2.978440     0.8307   2.978702    5.22013    -0.0983    13.8155 0.0000e+00  -61.43767  -57.85967 1152527606 191.439902    34.6550 0.0000e+00
    654.000     0.8304   2.978563     0.8311   2.978801    5.21922    -0.0942    13.8155 0.0000e+00  -61.43767  -57.85967 1152527607 191.439921    34.6555 0.0000e+00
    655.000     0.8303   2.978589     0.8307   2.978815    5.21807    -0.0860    13.8155 0.0000e+00  -61.43767  -57.85967 1152527608 191.439933    34.6554 0.0000e+00
    656.000     0.8305   2.978663     0.8308   2.978879    5.21721    -0.1014    13.8155 0.0000e+00  -61.43767  -57.85967 1152527609 191.439943    34.6556 0.0000e+00
    657.000     0.8307   2.978735     0.8312   2.978947    5.21766    -0.0891    13.8155 0.0000e+00  -61.43767  -57.85967 1152527610 191.439954    34.6556 0.0000e+00
    658.000     0.8317   2.978875     0.8319   2.979079    5.21637    -0.0926    13.8155 0.0000e+00  -61.43767  -57.85967 1152527611 191.439968    34.6558 0.0000e+00
    659.000     0.8322   2.978981     0.8327   2.979202    5.21381    -0.0967    13.8155 0.0000e+00  -61.43767  -57.85967 1152527613 191.439984    34.6560 0.0000e+00
    660.000     0.8326   2.979070     0.8333   2.979312    5.21311    -0.0919    13.8155 0.0000e+00  -61.43767  -57.85967 1152527614 191.440002    34.6561 0.0000e+00
    661.000     0.8326   2.979112     0.8332   2.979356    5.21161    -0.0794    13.8155 0.0000e+00  -61.43767  -57.85967 1152527616 191.440023    34.6561 0.0000e+00
    662.000     0.8327   2.979171     0.8332   2.979408    5.21061    -0.1021    13.8155 0.0000e+00  -61.43767  -57.85967 1152527617 191.440039    34.6562 0.0000e+00
    663.000     0.8339   2.979359     0.8345   2.979609    5.21029    -0.0971    13.8155 0.0000e+00  -61.43767  -57.85967 1152527618 191.440050    34.6567 0.0000e+00
    664.000     0.8344   2.979454     0.8352   2.979736    5.20952    -0.0889    13.8155 0.0000e+00  -61.43767  -57.85967 1152527619 191.440060    34.6569 0.0000e+00
    665.000     0.8348   2.979566     0.8353   2.979792    5.20716    -0.0955    13.8155 0.0000e+00  -61.43767  -57.85967 1152527620 191.440070    34.6573 0.0000e+00
    666.000     0.8366   2.979824     0.8370   2.980050    5.20647    -0.0933    13.8155 0.0000e+00  -61.43767  -57.85967 1152527621 191.440083    34.6580 0.0000e+00
    667.000     0.8371   2.979901     0.8375   2.980137    5.20561    -0.0896    13.8155 0.0000e+00  -61.43767  -57.85967 1152527623 191.440106    34.6579 0.0000e+00
    668.000     0.8370   2.979941     0.8375   2.980180    5.20567    -0.1000    13.8155 0.0000e+00  -61.43767  -57.85967 1152527625 191.440131    34.6580 0.0000e+00
    669.000     0.8368   2.979981     0.8373   2.980213    5.20603    -0.0841    13.8155 0.0000e+00  -61.43767  -57.85967 1152527626 191.440144    34.6582 0.0000e+00
    670.000     0.8373   2.980085     0.8378   2.980312    5.20612    -0.0767    13.8155 0.0000e+00  -61.43767  -57.85967 1152527627 191.440155    34.6583 0.0000e+00
    671.000     0.8376   2.980146     0.8379   2.980380    5.20567    -0.1078    13.8155 0.0000e+00  -61.43767  -57.85967 1152527628 191.440166    34.6583 0.0000e+00
    672.000     0.8377   2.980209     0.8381   2.980442    5.20298    -0.0873    13.8155 0.0000e+00  -61.43767  -57.85967 1152527630 191.440181    34.6584 0.0000e+00
    673.000     0.8379   2.980286     0.8383   2.980518    5.20251    -0.0832    13.8155 0.0000e+00  -61.43767  -57.85967 1152527631 191.440194    34.6586 0.0000e+00
    674.000     0.8384   2.980400     0.8391   2.980652    5.20258    -0.0797    13.8155 0.0000e+00  -61.43767  -57.85967 1152527632 191.440204    34.6590 0.0000e+00
    675.000     0.8395   2.980574     0.8400   2.980796    5.20303    -0.0877    13.8155 0.0000e+00  -61.43767  -57.85967 1152527633 191.440216    34.6593 0.0000e+00
    676.000     0.8387   2.980516     0.8394   2.980762    5.20434    -0.0933    13.8155 0.0000e+00  -61.43767  -57.85967 1152527637 191.440265    34.6590 0.0000e+00
    677.000     0.8388   2.980588     0.8396   2.980854    5.20559    -0.1038    13.8155 0.0000e+00  -61.43767  -57.85967 1152527638 191.440279    34.6592 0.0000e+00
    678.000     0.8390   2.980686     0.8395   2.980932    5.20408    -0.0736    13.8155 0.0000e+00  -61.43767  -57.85967 1152527639 191.440288    34.6597 0.0000e+00
    679.000     0.8396   2.980807     0.8400   2.981029    5.20320    -0.0852    13.8155 0.0000e+00  -61.43767  -57.85967 1152527640 191.440296    34.6601 0.0000e+00
    680.000     0.8408   2.980970     0.8411   2.981204    5.20340    -0.0933    13.8155 0.0000e+00  -61.43767  -57.85967 1152527640 191.440303    34.6602 0.0000e+00
    681.000     0.8408   2.981015     0.8413   2.981259    5.20357    -0.0966    13.8155 0.0000e+00  -61.43767  -57.85967 1152527641 191.440311    34.6602 0.0000e+00
    682.000     0.8409   2.981081     0.8414   2.981321    5.20012    -0.0982    13.8155 0.0000e+00  -61.43767  -57.85967 1152527642 191.440319    34.6603 0.0000e+00
    683.000     0.8414   2.981185     0.8418   2.981423    5.19853    -0.0927    13.8155 0.0000e+00  -61.43767  -57.85967 1152527642 191.440328    34.6606 0.0000e+00
    684.000     0.8425   2.981365     0.8429   2.981606    5.19868    -0.0866    13.8155 0.0000e+00  -61.43767  -57.85967 1152527644 191.440346    34.6611 0.0000e+00
    685.000     0.8400   2.981088     0.8408   2.981362    5.20292    -0.1074    13.8155 0.0000e+00  -61.43767  -57.85967 1152527650 191.440421    34.6598 0.0000e+00
    686.000     0.8404   2.981212     0.8412   2.981475    5.20090    -0.0765    13.8155 0.0000e+00  -61.43767  -57.85967 1152527651 191.440426    34.6605 0.0000e+00
    687.000     0.8431   2.981605     0.8437   2.981862    5.19816    -0.1000    13.8155 0.0000e+00  -61.43767  -57.85967 1152527651 191.440433    34.6618 0.0000e+00
