product_data/regression_test/downloaded_data/MDGS/320620060703/ctd/adapted/heads_insert_p6611901.cnv
* Sea-Bird SBE 9 Data File:
* FileName = D:\Data\Raw\p6611901.dat
* Software Version Seasave Win32 V 5.32
* Temperature SN = 1649
* Conductivity SN = 1431
* Number of Bytes Per Scan = 37
* Number of Voltage Words = 5
* Number of Scans Averaged by the Deck Unit = 1
* NMEA Latitude = 61 13.55 S
* NMEA Longitude = 054 24.71 W
* NMEA UTC (Time) = 20:24:51
** Ship:   Nathaniel B. Palmer 
** Cruise:    NBP0606 
# nquan = 15
# nvalues = 499                         
# units = specified
# name 0 = prDM: Pressure, Digiquartz [db]
# name 1 = t090C: Temperature [ITS-90, deg C]
# name 2 = c0S/m: Conductivity [S/m]
# name 3 = t190C: Temperature, 2 [ITS-90, deg C]
# name 4 = c1S/m: Conductivity, 2 [S/m]
# name 5 = sbeox0ML/L: Oxygen, SBE 43 [ml/l]
# name 6 = flECO-AFL: Fluorescence, Wetlab ECO-AFL/FL [mg/m^3]
# name 7 = bat: Beam Attenuation, Chelsea/Seatech/Wetlab CStar [1/m]
# name 8 = spar: SPAR/Surface Irradiance
# name 9 = latitude: Latitude [deg]
# name 10 = longitude: Longitude [deg]
# name 11 = timeY: Time, System [seconds]
# name 12 = timeJ: Julian Days
# name 13 = sal00: Salinity [PSU]
# name 14 = flag: flag
# span 0 =      3.000,    501.000       
# span 1 =    -1.2183,    -0.2569       
# span 2 =   2.740580,   2.860232       
# span 3 =    -1.2186,    -0.2559       
# span 4 =   2.741370,   2.860611       
# span 5 =    6.29956,    7.76302       
# span 6 =    -0.0845,     0.4094       
# span 7 =    13.8155,    13.8155       
# span 8 = 0.0000e+00, 0.0000e+00       
# span 9 =  -61.22583,  -61.22583       
# span 10 =  -54.41183,  -54.41183      
# span 11 = 1152908699, 1152909502      
# span 12 = 195.850697, 195.859999      
# span 13 =    34.1761,    34.5224      
# span 14 = 0.0000e+00, 0.0000e+00      
# interval = decibars: 1                
# start_time = Jul 14 2006 20:24:59
# bad_flag = -9.990e-29
*END*
[from data line 193]
    195.000    -0.4362   2.826106    -0.4348   2.826614    6.86719    -0.0390    13.8155 0.0000e+00  -61.22583  -54.41183 1152909055 195.854820    34.3406 0.0000e+00
    196.000    -0.4360   2.826170    -0.4345   2.826684    6.86397    -0.0257    13.8155 0.0000e+00  -61.22583  -54.41183 1152909056 195.854832    34.3407 0.0000e+00
    197.000    -0.4379   2.826097    -0.4368   2.826581    6.86122    -0.0217    13.8155 0.0000e+00  -61.22583  -54.41183 1152909057 195.854848    34.3413 0.0000e+00
    198.000    -0.4389   2.826077    -0.4376   2.826570    6.86422    -0.0180    13.8155 0.0000e+00  -61.22583  -54.41183 1152909059 195.854865    34.3415 0.0000e+00
    199.000    -0.4402   2.826049    -0.4390   2.826533    6.86317    -0.0308    13.8155 0.0000e+00  -61.22583  -54.41183 1152909060 195.854878    34.3421 0.0000e+00
    200.000    -0.4381   2.826236    -0.4376   2.826668    6.86167    -0.0344    13.8155 0.0000e+00  -61.22583  -54.41183 1152909061 195.854887    34.3414 0.0000e+00
    201.000    -0.4377   2.826308    -0.4366   2.826787    6.86093    -0.0248    13.8155 0.0000e+00  -61.22583  -54.41183 1152909061 195.854895    34.3414 0.0000e+00
    202.000    -0.4391   2.826270    -0.4383   2.826744    6.85870    -0.0208    13.8155 0.0000e+00  -61.22583  -54.41183 1152909062 195.854905    34.3419 0.0000e+00
    203.000    -0.4392   2.826313    -0.4381   2.826793    6.85739    -0.0246    13.8155 0.0000e+00  -61.22583  -54.41183 1152909064 195.854923    34.3420 0.0000e+00
    204.000    -0.4383   2.826411    -0.4370   2.826907    6.85929    -0.0118    13.8155 0.0000e+00  -61.22583  -54.41183 1152909066 195.854947    34.3416 0.0000e+00
    205.000    -0.4381   2.826484    -0.4369   2.826975    6.85828    -0.0215    13.8155 0.0000e+00  -61.22583  -54.41183 1152909067 195.854961    34.3418 0.0000e+00
    206.000    -0.4384   2.826503    -0.4379   2.826954    6.85763    -0.0280    13.8155 0.0000e+00  -61.22583  -54.41183 1152909068 195.854973    34.3417 0.0000e+00
    207.000    -0.4453   2.826118    -0.4432   2.826657    6.85664    -0.0294    13.8155 0.0000e+00  -61.22583  -54.41183 1152909069 195.854988    34.3439 0.0000e+00
    208.000    -0.4403   2.826480    -0.4385   2.826999    6.85596    -0.0216    13.8155 0.0000e+00  -61.22583  -54.41183 1152909071 195.855011    34.3424 0.0000e+00
    209.000    -0.4482   2.826018    -0.4481   2.826495    6.85641    -0.0345    13.8155 0.0000e+00  -61.22583  -54.41183 1152909073 195.855027    34.3445 0.0000e+00
    210.000    -0.4555   2.825629    -0.4539   2.826158    6.85407    -0.0197    13.8155 0.0000e+00  -61.22583  -54.41183 1152909074 195.855036    34.3475 0.0000e+00
    211.000    -0.4536   2.825803    -0.4525   2.826295    6.85149    -0.0199    13.8155 0.0000e+00  -61.22583  -54.41183 1152909074 195.855044    34.3468 0.0000e+00
    212.000    -0.4546   2.825757    -0.4537   2.826256    6.84704    -0.0351    13.8155 0.0000e+00  -61.22583  -54.41183 1152909075 195.855052    34.3468 0.0000e+00
    213.000    -0.4548   2.825768    -0.4535   2.826271    6.84676    -0.0221    13.8155 0.0000e+00  -61.22583  -54.41183 1152909076 195.855061    34.3465 0.0000e+00
    214.000    -0.4540   2.825900    -0.4518   2.826433    6.84762    -0.0277    13.8155 0.0000e+00  -61.22583  -54.41183 1152909077 195.855076    34.3467 0.0000e+00
    215.000    -0.4533   2.825998    -0.4522   2.826486    6.84748    -0.0274    13.8155 0.0000e+00  -61.22583  -54.41183 1152909080 195.855110    34.3464 0.0000e+00
    216.000    -0.4550   2.825877    -0.4548   2.826308    6.84789    -0.0399    13.8155 0.0000e+00  -61.22583  -54.41183 1152909082 195.855131    34.3461 0.0000e+00
    217.000    -0.4609   2.825434    -0.4601   2.825903    6.84894    -0.0354    13.8155 0.0000e+00  -61.22583  -54.41183 1152909083 195.855142    34.3464 0.0000e+00
    218.000    -0.4642   2.825181    -0.4627   2.825685    6.84953    -0.0434    13.8155 0.0000e+00  -61.22583  -54.41183 1152909084 195.855151    34.3462 0.0000e+00
    219.000    -0.4642   2.825189    -0.4634   2.825659    6.85173    -0.0287    13.8155 0.0000e+00  -61.22583  -54.41183 1152909084 195.855161    34.3457 0.0000e+00
    220.000    -0.4618   2.825492    -0.4615   2.825874    6.85258    -0.0136    13.8155 0.0000e+00  -61.22583  -54.41183 1152909085 195.855172    34.3463 0.0000e+00
    221.000    -0.4605   2.825655    -0.4593   2.826137    6.85127    -0.0254    13.8155 0.0000e+00  -61.22583  -54.41183 1152909086 195.855184    34.3464 0.0000e+00
    222.000    -0.4570   2.825959    -0.4556   2.826443    6.84901    -0.0260    13.8155 0.0000e+00  -61.22583  -54.41183 1152909087 195.855197    34.3457 0.0000e+00
    223.000    -0.4635   2.825585    -0.4628   2.826043    6.84487    -0.0207    13.8155 0.0000e+00  -61.22583  -54.41183 1152909089 195.855212    34.3475 0.0000e+00
    224.000    -0.4680   2.825326    -0.4668   2.825819    6.84210    -0.0285    13.8155 0.0000e+00  -61.22583  -54.41183 1152909090 195.855231    34.3487 0.0000e+00
    225.000    -0.4680   2.825357    -0.4666   2.825848    6.84340    -0.0318    13.8155 0.0000e+00  -61.22583  -54.41183 1152909092 195.855252    34.3484 0.0000e+00
    226.000    -0.4682   2.825402    -0.4668   2.825886    6.84528    -0.0341    13.8155 0.0000e+00  -61.22583  -54.41183 1152909094 195.855268    34.3486 0.0000e+00
    227.000    -0.4683   2.825463    -0.4671   2.825939    6.84929    -0.0420    13.8155 0.0000e+00  -61.22583  -54.41183 1152909095 195.855279    34.3489 0.0000e+00
    228.000    -0.4677   2.825522    -0.4667   2.825997    6.84974    -0.0446    13.8155 0.0000e+00  -61.22583  -54.41183 1152909095 195.855289    34.3485 0.0000e+00
    229.000    -0.4674   2.825642    -0.4665   2.826118    6.84850    -0.0200    13.8155 0.0000e+00  -61.22583  -54.41183 1152909096 195.855300    34.3490 0.0000e+00
    230.000    -0.4679   2.825712    -0.4669   2.826189    6.84495    -0.0292    13.8155 0.0000e+00  -61.22583  -54.41183 1152909097 195.855312    34.3500 0.0000e+00
    231.000    -0.4694   2.825677    -0.4692   2.826112    6.84092    -0.0250    13.8155 0.0000e+00  -61.22583  -54.41183 1152909099 195.855333    34.3506 0.0000e+00
    232.000    -0.4719   2.825587    -0.4707   2.826064    6.83975    -0.0386    13.8155 0.0000e+00  -61.22583  -54.41183 1152909101 195.855355    34.3516 0.0000e+00
    233.000    -0.4726   2.825622    -0.4714   2.826139    6.83694    -0.0412    13.8155 0.0000e+00  -61.22583  -54.41183 1152909102 195.855367    34.3522 0.0000e+00
    234.000    -0.4721   2.825730    -0.4706   2.826217    6.83723    -0.0247    13.8155 0.0000e+00  -61.22583  -54.41183 1152909103 195.855378    34.3525 0.0000e+00
    235.000    -0.4724   2.825744    -0.4713   2.826208    6.83468    -0.0433    13.8155 0.0000e+00  -61.22583  -54.41183 1152909104 195.855392    34.3524 0.0000e+00
    236.000    -0.4731   2.825822    -0.4722   2.826260    6.83069    -0.0409    13.8155 0.0000e+00  -61.22583  -54.41183 1152909106 195.855409    34.3536 0.0000e+00
    237.000    -0.4732   2.825882    -0.4723   2.826332    6.83078    -0.0148    13.8155 0.0000e+00  -61.22583  -54.41183 1152909107 195.855422    34.3539 0.0000e+00
    238.000    -0.4727   2.825900    -0.4722   2.826261    6.83149    -0.0218    13.8155 0.0000e+00  -61.22583  -54.41183 1152909108 195.855432    34.3530 0.0000e+00
    239.000    -0.4713   2.826012    -0.4702   2.826476    6.83184    -0.0282    13.8155 0.0000e+00  -61.22583  -54.41183 1152909109 195.855443    34.3522 0.0000e+00
    240.000    -0.4713   2.825987    -0.4702   2.826469    6.83293    -0.0278    13.8155 0.0000e+00  -61.22583  -54.41183 1152909110 195.855460    34.3513 0.0000e+00
    241.000    -0.4725   2.825943    -0.4718   2.826385    6.83474    -0.0223    13.8155 0.0000e+00  -61.22583  -54.41183 1152909112 195.855483    34.3514 0.0000e+00
    242.000    -0.4730   2.825980    -0.4717   2.826484    6.83491    -0.0276    13.8155 0.0000e+00  -61.22583  -54.41183 1152909113 195.855497    34.3520 0.0000e+00
    243.000    -0.4706   2.826224    -0.4695   2.826687    6.83518    -0.0455    13.8155 0.0000e+00  -61.22583  -54.41183 1152909114 195.855509    34.3518 0.0000e+00
    244.000    -0.4707   2.826288    -0.4694   2.826759    6.83360    -0.0302    13.8155 0.0000e+00  -61.22583  -54.41183 1152909115 195.855521    34.3521 0.0000e+00
    245.000    -0.4708   2.826328    -0.4697   2.826801    6.83021    -0.0367    13.8155 0.0000e+00  -61.22583  -54.41183 1152909117 195.855535    34.3522 0.0000e+00
    246.000    -0.4732   2.826305    -0.4720   2.826789    6.82713    -0.0274    13.8155 0.0000e+00  -61.22583  -54.41183 1152909118 195.855551    34.3540 0.0000e+00
    247.000    -0.4762   2.826134    -0.4746   2.826651    6.82627    -0.0313    13.8155 0.0000e+00  -61.22583  -54.41183 1152909119 195.855565    34.3546 0.0000e+00
    248.000    -0.4779   2.825977    -0.4768   2.826440    6.82373    -0.0310    13.8155 0.0000e+00  -61.22583  -54.41183 1152909120 195.855578    34.3538 0.0000e+00
    249.000    -0.4777   2.826149    -0.4764   2.826623    6.82523    -0.0294    13.8155 0.0000e+00  -61.22583  -54.41183 1152909122 195.855595    34.3553 0.0000e+00
    250.000    -0.4771   2.826216    -0.4767   2.826650    6.82480    -0.0414    13.8155 0.0000e+00  -61.22583  -54.41183 1152909123 195.855612    34.3548 0.0000e+00
    251.000    -0.4777   2.826191    -0.4766   2.826645    6.82325    -0.0374    13.8155 0.0000e+00  -61.22583  -54.41183 1152909124 195.855624    34.3546 0.0000e+00
    252.000    -0.4786   2.826236    -0.4773   2.826692    6.82113    -0.0210    13.8155 0.0000e+00  -61.22583  -54.41183 1152909125 195.855632    34.3556 0.0000e+00
    253.000    -0.4798   2.826272    -0.4781   2.826756    6.82105    -0.0374    13.8155 0.0000e+00  -61.22583  -54.41183 1152909126 195.855640    34.3569 0.0000e+00
    254.000    -0.4809   2.826307    -0.4793   2.826798    6.82260    -0.0253    13.8155 0.0000e+00  -61.22583  -54.41183 1152909127 195.855656    34.3580 0.0000e+00
    255.000    -0.4782   2.826430    -0.4774   2.826880    6.82923    -0.0470    13.8155 0.0000e+00  -61.22583  -54.41183 1152909131 195.855698    34.3559 0.0000e+00
    256.000    -0.4784   2.826359    -0.4783   2.826749    6.83094    -0.0529    13.8155 0.0000e+00  -61.22583  -54.41183 1152909131 195.855706    34.3545 0.0000e+00
    257.000    -0.4784   2.826269    -0.4776   2.826750    6.83180    -0.0354    13.8155 0.0000e+00  -61.22583  -54.41183 1152909132 195.855715    34.3528 0.0000e+00
    258.000    -0.4792   2.826319    -0.4780   2.826797    6.82914    -0.0343    13.8155 0.0000e+00  -61.22583  -54.41183 1152909133 195.855723    34.3537 0.0000e+00
    259.000    -0.4788   2.826368    -0.4783   2.826851    6.82682    -0.0370    13.8155 0.0000e+00  -61.22583  -54.41183 1152909134 195.855733    34.3533 0.0000e+00
    260.000    -0.4820   2.826496    -0.4810   2.826946    6.81684    -0.0355    13.8155 0.0000e+00  -61.22583  -54.41183 1152909135 195.855747    34.3581 0.0000e+00
    261.000    -0.4835   2.826555    -0.4823   2.827036    6.81157    -0.0344    13.8155 0.0000e+00  -61.22583  -54.41183 1152909136 195.855763    34.3600 0.0000e+00
    262.000    -0.4812   2.826638    -0.4796   2.827078    6.79392    -0.0313    13.8155 0.0000e+00  -61.22583  -54.41183 1152909138 195.855778    34.3578 0.0000e+00
    263.000    -0.4642   2.829498    -0.4641   2.829664    6.77221    -0.0246    13.8155 0.0000e+00  -61.22583  -54.41183 1152909139 195.855792    34.3754 0.0000e+00
    264.000    -0.4527   2.831238    -0.4512   2.831785    6.75562    -0.0569    13.8155 0.0000e+00  -61.22583  -54.41183 1152909140 195.855807    34.3851 0.0000e+00
    265.000    -0.4565   2.830690    -0.4547   2.831299    6.74055    -0.0297    13.8155 0.0000e+00  -61.22583  -54.41183 1152909142 195.855825    34.3823 0.0000e+00
    266.000    -0.4583   2.830494    -0.4562   2.831122    6.73322    -0.0436    13.8155 0.0000e+00  -61.22583  -54.41183 1152909144 195.855846    34.3806 0.0000e+00
    267.000    -0.4624   2.829921    -0.4625   2.830206    6.72882    -0.0350    13.8155 0.0000e+00  -61.22583  -54.41183 1152909145 195.855861    34.3776 0.0000e+00
    268.000    -0.4591   2.830491    -0.4572   2.831036    6.72753    -0.0255    13.8155 0.0000e+00  -61.22583  -54.41183 1152909146 195.855871    34.3806 0.0000e+00
    269.000    -0.4473   2.832128    -0.4467   2.832794    6.72723    -0.0563    13.8155 0.0000e+00  -61.22583  -54.41183 1152909147 195.855881    34.3898 0.0000e+00
    270.000    -0.4577   2.830755    -0.4567   2.831233    6.72835    -0.0329    13.8155 0.0000e+00  -61.22583  -54.41183 1152909148 195.855892    34.3813 0.0000e+00
    271.000    -0.4583   2.830692    -0.4577   2.831122    6.72815    -0.0457    13.8155 0.0000e+00  -61.22583  -54.41183 1152909149 195.855904    34.3806 0.0000e+00
    272.000    -0.4610   2.830511    -0.4610   2.830736    6.72671    -0.0353    13.8155 0.0000e+00  -61.22583  -54.41183 1152909150 195.855922    34.3794 0.0000e+00
    273.000    -0.4616   2.830701    -0.4594   2.831586    6.71866    -0.0522    13.8155 0.0000e+00  -61.22583  -54.41183 1152909152 195.855940    34.3825 0.0000e+00
    274.000    -0.4609   2.831199    -0.4594   2.831744    6.70591    -0.0419    13.8155 0.0000e+00  -61.22583  -54.41183 1152909153 195.855954    34.3891 0.0000e+00
    275.000    -0.4525   2.832742    -0.4526   2.832961    6.69343    -0.0465    13.8155 0.0000e+00  -61.22583  -54.41183 1152909154 195.855966    34.3990 0.0000e+00
    276.000    -0.4531   2.832616    -0.4520   2.833016    6.68339    -0.0392    13.8155 0.0000e+00  -61.22583  -54.41183 1152909155 195.855980    34.3974 0.0000e+00
    277.000    -0.4535   2.832601    -0.4522   2.833061    6.67381    -0.0378    13.8155 0.0000e+00  -61.22583  -54.41183 1152909157 195.855998    34.3971 0.0000e+00
    278.000    -0.4524   2.832899    -0.4526   2.833128    6.66988    -0.0309    13.8155 0.0000e+00  -61.22583  -54.41183 1152909158 195.856012    34.3992 0.0000e+00
    279.000    -0.4456   2.833441    -0.4464   2.833744    6.66898    -0.0312    13.8155 0.0000e+00  -61.22583  -54.41183 1152909159 195.856025    34.3981 0.0000e+00
    280.000    -0.4431   2.833620    -0.4419   2.834087    6.66971    -0.0377    13.8155 0.0000e+00  -61.22583  -54.41183 1152909160 195.856038    34.3970 0.0000e+00
    281.000    -0.4429   2.833694    -0.4421   2.834132    6.66865    -0.0278    13.8155 0.0000e+00  -61.22583  -54.41183 1152909161 195.856053    34.3972 0.0000e+00
    282.000    -0.4421   2.833933    -0.4411   2.834338    6.66756    -0.0532    13.8155 0.0000e+00  -61.22583  -54.41183 1152909163 195.856069    34.3989 0.0000e+00
    283.000    -0.4441   2.833711    -0.4427   2.834211    6.67017    -0.0394    13.8155 0.0000e+00  -61.22583  -54.41183 1152909164 195.856084    34.3976 0.0000e+00
    284.000    -0.4464   2.833389    -0.4462   2.833740    6.67062    -0.0474    13.8155 0.0000e+00  -61.22583  -54.41183 1152909165 195.856098    34.3954 0.0000e+00
    285.000    -0.4505   2.832832    -0.4500   2.833224    6.66474    -0.0316    13.8155 0.0000e+00  -61.22583  -54.41183 1152909166 195.856111    34.3924 0.0000e+00
    286.000    -0.4430   2.834170    -0.4423   2.834578    6.65490    -0.0516    13.8155 0.0000e+00  -61.22583  -54.41183 1152909167 195.856122    34.4009 0.0000e+00
    287.000    -0.4389   2.834945    -0.4369   2.835372    6.64058    -0.0437    13.8155 0.0000e+00  -61.22583  -54.41183 1152909168 195.856133    34.4061 0.0000e+00
    288.000    -0.4394   2.835365    -0.4369   2.836028    6.62658    -0.0355    13.8155 0.0000e+00  -61.22583  -54.41183 1152909169 195.856147    34.4115 0.0000e+00
    289.000    -0.4389   2.835586    -0.4374   2.836082    6.61058    -0.0305    13.8155 0.0000e+00  -61.22583  -54.41183 1152909172 195.856170    34.4145 0.0000e+00
    290.000    -0.4119   2.838247    -0.4107   2.838666    6.59274    -0.0590    13.8155 0.0000e+00  -61.22583  -54.41183 1152909173 195.856188    34.4175 0.0000e+00
