product_data/regression_test/downloaded_data/MDGS/320620060703/ctd/adapted/heads_insert_p6621403.cnv
* Sea-Bird SBE 9 Data File:
* FileName = D:\Data\Raw\p6621403.dat
* Software Version Seasave Win32 V 5.32
* Temperature SN = 1649
* Conductivity SN = 1431
* Number of Bytes Per Scan = 37
* Number of Voltage Words = 5
* Number of Scans Averaged by the Deck Unit = 1
* NMEA Latitude = 63 12.75 S
* NMEA Longitude = 061 12.97 W
* NMEA UTC (Time) = 03:08:04
** Ship:   Nathaniel B. Palmer 
** Cruise:    NBP0606 
# nquan = 15
# nvalues = 1145                        
# units = specified
# name 0 = prDM: Pressure, Digiquartz [db]
# name 1 = t090C: Temperature [ITS-90, deg C]
# name 2 = c0S/m: Conductivity [S/m]
# name 3 = t190C: Temperature, 2 [ITS-90, deg C]
# name 4 = c1S/m: Conductivity, 2 [S/m]
# name 5 = sbeox0ML/L: Oxygen, SBE 43 [ml/l]
# name 6 = flECO-AFL: Fluorescence, Wetlab ECO-AFL/FL [mg/m^3]
# name 7 = bat: Beam Attenuation, Chelsea/Seatech/Wetlab CStar [1/m]
# name 8 = spar: SPAR/Surface Irradiance
# name 9 = latitude: Latitude [deg]
# name 10 = longitude: Longitude [deg]
# name 11 = timeY: Time, System [seconds]
# name 12 = timeJ: Julian Days
# name 13 = sal00: Salinity [PSU]
# name 14 = flag: flag
# span 0 =      3.000,   1147.000       
# span 1 =    -1.2210,     0.4741       
# span 2 =   2.745492,   2.937832       
# span 3 =    -1.2206,     0.4747       
# span 4 =   2.746199,   2.938102       
# span 5 =    5.67563,    7.78664       
# span 6 =    -0.1333,     0.1144       
# span 7 =    13.8155,    13.8155       
# span 8 = 0.0000e+00, 0.0000e+00       
# span 9 =  -63.21250,  -63.21250       
# span 10 =  -61.21617,  -61.21617      
# span 11 = 1154401695, 1154403358      
# span 12 = 213.130712, 213.149988      
# span 13 =    29.0933,    34.9601      
# span 14 = 0.0000e+00, 0.0000e+00      
# interval = decibars: 1                
# start_time = Aug 01 2006 03:08:17
# bad_flag = -9.990e-29
*END*
[from data line 1061]
   1063.000     0.0956   2.926833     0.0957   2.927074    5.91038    -0.1014    13.8155 0.0000e+00  -63.21250  -61.21617 1154403153 213.147617    34.5690 0.0000e+00
   1064.000     0.0951   2.926835     0.0953   2.927087    5.91405    -0.0792    13.8155 0.0000e+00  -63.21250  -61.21617 1154403155 213.147647    34.5689 0.0000e+00
   1065.000     0.0948   2.926843     0.0950   2.927106    5.91522    -0.0938    13.8155 0.0000e+00  -63.21250  -61.21617 1154403157 213.147671    34.5689 0.0000e+00
   1066.000     0.0938   2.926801     0.0941   2.927069    5.91330    -0.0758    13.8155 0.0000e+00  -63.21250  -61.21617 1154403159 213.147687    34.5688 0.0000e+00
   1067.000     0.0927   2.926741     0.0932   2.927023    5.91322    -0.0824    13.8155 0.0000e+00  -63.21250  -61.21617 1154403160 213.147706    34.5687 0.0000e+00
   1068.000     0.0911   2.926637     0.0916   2.926915    5.91315    -0.0965    13.8155 0.0000e+00  -63.21250  -61.21617 1154403163 213.147740    34.5686 0.0000e+00
   1069.000     0.0908   2.926652     0.0904   2.926862    5.91309    -0.1050    13.8155 0.0000e+00  -63.21250  -61.21617 1154403166 213.147768    34.5686 0.0000e+00
   1070.000     0.0904   2.926673     0.0912   2.926980    5.91021    -0.0827    13.8155 0.0000e+00  -63.21250  -61.21617 1154403168 213.147790    34.5688 0.0000e+00
   1071.000     0.0927   2.926925     0.0923   2.927115    5.91199    -0.0838    13.8155 0.0000e+00  -63.21250  -61.21617 1154403170 213.147818    34.5687 0.0000e+00
   1072.000     0.0916   2.926848     0.0913   2.927093    5.91380    -0.0944    13.8155 0.0000e+00  -63.21250  -61.21617 1154403172 213.147845    34.5684 0.0000e+00
   1073.000     0.0837   2.926185     0.0798   2.926121    5.91832    -0.0608    13.8155 0.0000e+00  -63.21250  -61.21617 1154403173 213.147857    34.5682 0.0000e+00
   1074.000     0.0758   2.925541     0.0760   2.925792    5.91974    -0.1061    13.8155 0.0000e+00  -63.21250  -61.21617 1154403175 213.147870    34.5683 0.0000e+00
   1075.000     0.0764   2.925627     0.0757   2.925799    5.92516    -0.1050    13.8155 0.0000e+00  -63.21250  -61.21617 1154403178 213.147913    34.5683 0.0000e+00
   1076.000     0.0702   2.925111     0.0702   2.925362    5.92472    -0.1153    13.8155 0.0000e+00  -63.21250  -61.21617 1154403180 213.147934    34.5678 0.0000e+00
   1077.000     0.0680   2.924964     0.0685   2.925247    5.92909    -0.0945    13.8155 0.0000e+00  -63.21250  -61.21617 1154403182 213.147960    34.5677 0.0000e+00
   1078.000     0.0682   2.925041     0.0684   2.925290    5.93203    -0.0878    13.8155 0.0000e+00  -63.21250  -61.21617 1154403185 213.147988    34.5677 0.0000e+00
   1079.000     0.0685   2.925097     0.0689   2.925373    5.93284    -0.0909    13.8155 0.0000e+00  -63.21250  -61.21617 1154403186 213.148006    34.5676 0.0000e+00
   1080.000     0.0632   2.924668     0.0648   2.925057    5.93593    -0.0931    13.8155 0.0000e+00  -63.21250  -61.21617 1154403188 213.148028    34.5673 0.0000e+00
   1081.000     0.0564   2.924095     0.0554   2.924270    5.93915    -0.1022    13.8155 0.0000e+00  -63.21250  -61.21617 1154403191 213.148056    34.5671 0.0000e+00
   1082.000     0.0337   2.922098     0.0336   2.922374    5.94608    -0.0899    13.8155 0.0000e+00  -63.21250  -61.21617 1154403193 213.148080    34.5660 0.0000e+00
   1083.000     0.0266   2.921520     0.0269   2.921791    5.95544    -0.0785    13.8155 0.0000e+00  -63.21250  -61.21617 1154403195 213.148106    34.5659 0.0000e+00
   1084.000     0.0259   2.921503     0.0266   2.921801    5.96234    -0.0907    13.8155 0.0000e+00  -63.21250  -61.21617 1154403197 213.148131    34.5656 0.0000e+00
   1085.000     0.0320   2.922095     0.0310   2.922263    5.96100    -0.0832    13.8155 0.0000e+00  -63.21250  -61.21617 1154403199 213.148152    34.5655 0.0000e+00
   1086.000     0.0310   2.922059     0.0295   2.922156    5.95912    -0.0785    13.8155 0.0000e+00  -63.21250  -61.21617 1154403201 213.148177    34.5657 0.0000e+00
   1087.000     0.0265   2.921691     0.0266   2.921949    5.96118    -0.1018    13.8155 0.0000e+00  -63.21250  -61.21617 1154403203 213.148201    34.5654 0.0000e+00
   1088.000     0.0297   2.922030     0.0298   2.922275    5.96354    -0.0926    13.8155 0.0000e+00  -63.21250  -61.21617 1154403205 213.148225    34.5655 0.0000e+00
   1089.000     0.0290   2.922002     0.0300   2.922357    5.96226    -0.0805    13.8155 0.0000e+00  -63.21250  -61.21617 1154403207 213.148249    34.5654 0.0000e+00
   1090.000     0.0291   2.922056     0.0293   2.922312    5.95921    -0.0927    13.8155 0.0000e+00  -63.21250  -61.21617 1154403209 213.148272    34.5654 0.0000e+00
   1091.000     0.0228   2.921518     0.0205   2.921589    5.96312    -0.0893    13.8155 0.0000e+00  -63.21250  -61.21617 1154403212 213.148304    34.5648 0.0000e+00
   1092.000    -0.0048   2.919085    -0.0056   2.919313    5.97272    -0.0991    13.8155 0.0000e+00  -63.21250  -61.21617 1154403214 213.148327    34.5639 0.0000e+00
   1093.000    -0.0075   2.918894    -0.0076   2.919138    5.97770    -0.0877    13.8155 0.0000e+00  -63.21250  -61.21617 1154403215 213.148344    34.5638 0.0000e+00
   1094.000    -0.0113   2.918606    -0.0130   2.918727    5.98243    -0.0903    13.8155 0.0000e+00  -63.21250  -61.21617 1154403217 213.148366    34.5636 0.0000e+00
   1095.000    -0.0151   2.918314    -0.0122   2.918809    5.98342    -0.0896    13.8155 0.0000e+00  -63.21250  -61.21617 1154403220 213.148392    34.5633 0.0000e+00
   1096.000    -0.0173   2.918159    -0.0190   2.918278    5.98924    -0.0850    13.8155 0.0000e+00  -63.21250  -61.21617 1154403223 213.148425    34.5630 0.0000e+00
   1097.000    -0.0228   2.917683    -0.0195   2.918272    5.99529    -0.0907    13.8155 0.0000e+00  -63.21250  -61.21617 1154403225 213.148452    34.5626 0.0000e+00
   1098.000    -0.0380   2.916404    -0.0363   2.916842    5.99979    -0.0951    13.8155 0.0000e+00  -63.21250  -61.21617 1154403226 213.148468    34.5624 0.0000e+00
   1099.000    -0.0406   2.916214    -0.0403   2.916490    6.00131    -0.0957    13.8155 0.0000e+00  -63.21250  -61.21617 1154403228 213.148483    34.5622 0.0000e+00
   1100.000    -0.0400   2.916295    -0.0397   2.916567    6.00823    -0.0878    13.8155 0.0000e+00  -63.21250  -61.21617 1154403231 213.148522    34.5617 0.0000e+00
   1101.000    -0.0403   2.916328    -0.0403   2.916581    6.01028    -0.0935    13.8155 0.0000e+00  -63.21250  -61.21617 1154403233 213.148549    34.5618 0.0000e+00
   1102.000    -0.0404   2.916362    -0.0405   2.916619    6.01051    -0.0704    13.8155 0.0000e+00  -63.21250  -61.21617 1154403235 213.148565    34.5617 0.0000e+00
   1103.000    -0.0407   2.916374    -0.0407   2.916630    6.00694    -0.0946    13.8155 0.0000e+00  -63.21250  -61.21617 1154403236 213.148582    34.5616 0.0000e+00
   1104.000    -0.0405   2.916441    -0.0409   2.916649    6.00687    -0.0909    13.8155 0.0000e+00  -63.21250  -61.21617 1154403239 213.148612    34.5616 0.0000e+00
   1105.000    -0.0400   2.916529    -0.0395   2.916823    6.00757    -0.0932    13.8155 0.0000e+00  -63.21250  -61.21617 1154403241 213.148636    34.5616 0.0000e+00
   1106.000    -0.0410   2.916485    -0.0399   2.916820    6.00900    -0.0900    13.8155 0.0000e+00  -63.21250  -61.21617 1154403243 213.148664    34.5615 0.0000e+00
   1107.000    -0.0407   2.916550    -0.0413   2.916751    6.00582    -0.0969    13.8155 0.0000e+00  -63.21250  -61.21617 1154403245 213.148690    34.5614 0.0000e+00
   1108.000    -0.0422   2.916467    -0.0416   2.916763    6.00699    -0.0814    13.8155 0.0000e+00  -63.21250  -61.21617 1154403247 213.148710    34.5614 0.0000e+00
   1109.000    -0.0424   2.916486    -0.0428   2.916703    6.00925    -0.0822    13.8155 0.0000e+00  -63.21250  -61.21617 1154403250 213.148739    34.5613 0.0000e+00
   1110.000    -0.0419   2.916587    -0.0421   2.916797    6.00691    -0.1041    13.8155 0.0000e+00  -63.21250  -61.21617 1154403252 213.148762    34.5615 0.0000e+00
   1111.000    -0.0396   2.916830    -0.0395   2.917076    6.00712    -0.0731    13.8155 0.0000e+00  -63.21250  -61.21617 1154403253 213.148782    34.5615 0.0000e+00
   1112.000    -0.0392   2.916903    -0.0398   2.917097    6.00773    -0.1011    13.8155 0.0000e+00  -63.21250  -61.21617 1154403255 213.148804    34.5615 0.0000e+00
   1113.000    -0.0397   2.916906    -0.0394   2.917160    6.00886    -0.0821    13.8155 0.0000e+00  -63.21250  -61.21617 1154403258 213.148830    34.5615 0.0000e+00
   1114.000    -0.0390   2.917004    -0.0393   2.917229    6.00711    -0.0812    13.8155 0.0000e+00  -63.21250  -61.21617 1154403260 213.148856    34.5614 0.0000e+00
   1115.000    -0.0401   2.916942    -0.0402   2.917182    6.00727    -0.0977    13.8155 0.0000e+00  -63.21250  -61.21617 1154403262 213.148878    34.5614 0.0000e+00
   1116.000    -0.0400   2.916996    -0.0399   2.917246    6.00950    -0.0787    13.8155 0.0000e+00  -63.21250  -61.21617 1154403265 213.148919    34.5614 0.0000e+00
   1117.000    -0.0404   2.917019    -0.0401   2.917286    6.01186    -0.0921    13.8155 0.0000e+00  -63.21250  -61.21617 1154403266 213.148933    34.5615 0.0000e+00
   1118.000    -0.0412   2.916975    -0.0412   2.917222    6.01276    -0.0734    13.8155 0.0000e+00  -63.21250  -61.21617 1154403268 213.148947    34.5614 0.0000e+00
   1119.000    -0.0412   2.917013    -0.0413   2.917246    6.01326    -0.0904    13.8155 0.0000e+00  -63.21250  -61.21617 1154403270 213.148971    34.5612 0.0000e+00
   1120.000    -0.0412   2.917059    -0.0409   2.917328    6.01386    -0.0741    13.8155 0.0000e+00  -63.21250  -61.21617 1154403273 213.149005    34.5612 0.0000e+00
   1121.000    -0.0415   2.917085    -0.0416   2.917312    6.01330    -0.0961    13.8155 0.0000e+00  -63.21250  -61.21617 1154403274 213.149024    34.5613 0.0000e+00
   1122.000    -0.0394   2.917319    -0.0397   2.917523    6.01271    -0.0937    13.8155 0.0000e+00  -63.21250  -61.21617 1154403276 213.149046    34.5615 0.0000e+00
   1123.000    -0.0409   2.917214    -0.0416   2.917401    6.01403    -0.0908    13.8155 0.0000e+00  -63.21250  -61.21617 1154403278 213.149067    34.5612 0.0000e+00
   1124.000    -0.0446   2.916940    -0.0444   2.917183    6.01723    -0.0933    13.8155 0.0000e+00  -63.21250  -61.21617 1154403280 213.149094    34.5613 0.0000e+00
   1125.000    -0.0447   2.916961    -0.0448   2.917200    6.01879    -0.0944    13.8155 0.0000e+00  -63.21250  -61.21617 1154403283 213.149125    34.5611 0.0000e+00
   1126.000    -0.0447   2.917006    -0.0449   2.917232    6.01753    -0.0891    13.8155 0.0000e+00  -63.21250  -61.21617 1154403284 213.149142    34.5612 0.0000e+00
   1127.000    -0.0448   2.917033    -0.0450   2.917263    6.01676    -0.0934    13.8155 0.0000e+00  -63.21250  -61.21617 1154403287 213.149165    34.5610 0.0000e+00
   1128.000    -0.0456   2.917003    -0.0454   2.917266    6.01650    -0.0763    13.8155 0.0000e+00  -63.21250  -61.21617 1154403289 213.149195    34.5610 0.0000e+00
   1129.000    -0.0461   2.917005    -0.0459   2.917263    6.01396    -0.1124    13.8155 0.0000e+00  -63.21250  -61.21617 1154403291 213.149215    34.5610 0.0000e+00
   1130.000    -0.0481   2.916868    -0.0472   2.917189    6.01726    -0.0980    13.8155 0.0000e+00  -63.21250  -61.21617 1154403293 213.149237    34.5608 0.0000e+00
   1131.000    -0.0490   2.916834    -0.0488   2.917084    6.01981    -0.0849    13.8155 0.0000e+00  -63.21250  -61.21617 1154403295 213.149260    34.5609 0.0000e+00
   1132.000    -0.0489   2.916884    -0.0488   2.917130    6.02174    -0.0931    13.8155 0.0000e+00  -63.21250  -61.21617 1154403297 213.149285    34.5609 0.0000e+00
   1133.000    -0.0488   2.916931    -0.0486   2.917190    6.02074    -0.1012    13.8155 0.0000e+00  -63.21250  -61.21617 1154403300 213.149318    34.5608 0.0000e+00
   1134.000    -0.0495   2.916914    -0.0497   2.917145    6.01754    -0.1029    13.8155 0.0000e+00  -63.21250  -61.21617 1154403302 213.149344    34.5608 0.0000e+00
   1135.000    -0.0497   2.916942    -0.0497   2.917179    6.01813    -0.1189    13.8155 0.0000e+00  -63.21250  -61.21617 1154403304 213.149363    34.5608 0.0000e+00
   1136.000    -0.0499   2.916971    -0.0502   2.917183    6.01813    -0.0780    13.8155 0.0000e+00  -63.21250  -61.21617 1154403305 213.149378    34.5608 0.0000e+00
   1137.000    -0.0498   2.917010    -0.0499   2.917243    6.01787    -0.0919    13.8155 0.0000e+00  -63.21250  -61.21617 1154403307 213.149404    34.5607 0.0000e+00
   1138.000    -0.0515   2.916904    -0.0517   2.917141    6.02068    -0.0859    13.8155 0.0000e+00  -63.21250  -61.21617 1154403310 213.149442    34.5606 0.0000e+00
   1139.000    -0.0539   2.916729    -0.0539   2.916990    6.02145    -0.1333    13.8155 0.0000e+00  -63.21250  -61.21617 1154403312 213.149457    34.5605 0.0000e+00
   1140.000    -0.0568   2.916514    -0.0569   2.916749    6.02446    -0.0911    13.8155 0.0000e+00  -63.21250  -61.21617 1154403314 213.149484    34.5605 0.0000e+00
   1141.000    -0.0543   2.916787    -0.0541   2.917040    6.02571    -0.0913    13.8155 0.0000e+00  -63.21250  -61.21617 1154403320 213.149551    34.5605 0.0000e+00
   1142.000    -0.0533   2.916909    -0.0543   2.917066    6.02510    -0.0866    13.8155 0.0000e+00  -63.21250  -61.21617 1154403328 213.149641    34.5604 0.0000e+00
   1143.000    -0.0622   2.916148    -0.0646   2.916194    6.02605    -0.0811    13.8155 0.0000e+00  -63.21250  -61.21617 1154403333 213.149702    34.5600 0.0000e+00
   1144.000    -0.0662   2.915855    -0.0670   2.916017    6.02977    -0.1081    13.8155 0.0000e+00  -63.21250  -61.21617 1154403339 213.149774    34.5600 0.0000e+00
   1145.000    -0.0665   2.915856    -0.0664   2.916118    6.03248    -0.0802    13.8155 0.0000e+00  -63.21250  -61.21617 1154403345 213.149841    34.5597 0.0000e+00
   1146.000    -0.0738   2.915254    -0.0739   2.915486    6.03495    -0.0839    13.8155 0.0000e+00  -63.21250  -61.21617 1154403350 213.149900    34.5596 0.0000e+00
   1147.000    -0.0718   2.915460    -0.0703   2.915875    6.03599    -0.1049    13.8155 0.0000e+00  -63.21250  -61.21617 1154403358 213.149988    34.5593 0.0000e+00
