product_data/regression_test/downloaded_data/MDGS/320620060703/ctd/adapted/heads_insert_p6619901.cnv
* Sea-Bird SBE 9 Data File:
* FileName = D:\Data\Raw\p6619901.dat
* Software Version Seasave Win32 V 5.32
* Temperature SN = 1649
* Conductivity SN = 1431
* Number of Bytes Per Scan = 37
* Number of Voltage Words = 5
* Number of Scans Averaged by the Deck Unit = 1
* NMEA Latitude = 62 59.55 S
* NMEA Longitude = 062 15.19 W
* NMEA UTC (Time) = 06:52:39
** Ship:   Nathaniel B. Palmer 
** Cruise:    NBP0606 
# nquan = 15
# nvalues = 930                         
# units = specified
# name 0 = prDM: Pressure, Digiquartz [db]
# name 1 = t090C: Temperature [ITS-90, deg C]
# name 2 = c0S/m: Conductivity [S/m]
# name 3 = t190C: Temperature, 2 [ITS-90, deg C]
# name 4 = c1S/m: Conductivity, 2 [S/m]
# name 5 = sbeox0ML/L: Oxygen, SBE 43 [ml/l]
# name 6 = flECO-AFL: Fluorescence, Wetlab ECO-AFL/FL [mg/m^3]
# name 7 = bat: Beam Attenuation, Chelsea/Seatech/Wetlab CStar [1/m]
# name 8 = spar: SPAR/Surface Irradiance
# name 9 = latitude: Latitude [deg]
# name 10 = longitude: Longitude [deg]
# name 11 = timeY: Time, System [seconds]
# name 12 = timeJ: Julian Days
# name 13 = sal00: Salinity [PSU]
# name 14 = flag: flag
# span 0 =      2.000,    931.000       
# span 1 =    -0.8396,     0.9155       
# span 2 =   2.769541,   2.985691       
# span 3 =    -0.8403,     0.9169       
# span 4 =   2.769942,   2.986040       
# span 5 =    5.26347,    7.55052       
# span 6 =    -0.1035,     0.0124       
# span 7 =    13.8155,    13.8155       
# span 8 = 0.0000e+00, 0.0000e+00       
# span 9 =  -62.99250,  -62.99250       
# span 10 =  -62.25317,  -62.25317      
# span 11 = 1153983169, 1153984459      
# span 12 = 208.286681, 208.301628      
# span 13 =    34.1524,    34.6259      
# span 14 = 0.0000e+00, 0.0000e+00      
# interval = decibars: 1                
# start_time = Jul 27 2006 06:52:46
# bad_flag = -9.990e-29
*END*
[from data line 579]
    580.000     0.6878   2.956920     0.6873   2.957172    5.48539    -0.0799    13.8155 0.0000e+00  -62.99250  -62.25317 1153983948 208.295708    34.5773 0.0000e+00
    581.000     0.6941   2.957493     0.6937   2.957792    5.48404    -0.0670    13.8155 0.0000e+00  -62.99250  -62.25317 1153983949 208.295725    34.5768 0.0000e+00
    582.000     0.6880   2.957005     0.6888   2.957388    5.48627    -0.0597    13.8155 0.0000e+00  -62.99250  -62.25317 1153983951 208.295743    34.5768 0.0000e+00
    583.000     0.6870   2.956930     0.6870   2.957248    5.48970    -0.0763    13.8155 0.0000e+00  -62.99250  -62.25317 1153983952 208.295761    34.5764 0.0000e+00
    584.000     0.6858   2.956880     0.6859   2.957210    5.49066    -0.0704    13.8155 0.0000e+00  -62.99250  -62.25317 1153983954 208.295779    34.5765 0.0000e+00
    585.000     0.6859   2.956938     0.6860   2.957249    5.48947    -0.0655    13.8155 0.0000e+00  -62.99250  -62.25317 1153983955 208.295793    34.5765 0.0000e+00
    586.000     0.6885   2.957243     0.6885   2.957508    5.48990    -0.0675    13.8155 0.0000e+00  -62.99250  -62.25317 1153983956 208.295806    34.5767 0.0000e+00
    587.000     0.6933   2.957669     0.6921   2.957874    5.48992    -0.0826    13.8155 0.0000e+00  -62.99250  -62.25317 1153983957 208.295818    34.5763 0.0000e+00
    588.000     0.6891   2.957352     0.6883   2.957600    5.49130    -0.0817    13.8155 0.0000e+00  -62.99250  -62.25317 1153983959 208.295832    34.5764 0.0000e+00
    589.000     0.6826   2.956871     0.6816   2.957066    5.49752    -0.0654    13.8155 0.0000e+00  -62.99250  -62.25317 1153983960 208.295849    34.5768 0.0000e+00
    590.000     0.6753   2.956257     0.6747   2.956542    5.50101    -0.0756    13.8155 0.0000e+00  -62.99250  -62.25317 1153983961 208.295864    34.5769 0.0000e+00
    591.000     0.6728   2.956068     0.6640   2.955642    5.50484    -0.0748    13.8155 0.0000e+00  -62.99250  -62.25317 1153983962 208.295877    34.5771 0.0000e+00
    592.000     0.6418   2.953373     0.6291   2.952658    5.51556    -0.0642    13.8155 0.0000e+00  -62.99250  -62.25317 1153983964 208.295893    34.5770 0.0000e+00
    593.000     0.5900   2.948926     0.5886   2.949209    5.53171    -0.0785    13.8155 0.0000e+00  -62.99250  -62.25317 1153983965 208.295912    34.5766 0.0000e+00
    594.000     0.5859   2.948611     0.5858   2.948968    5.54202    -0.0505    13.8155 0.0000e+00  -62.99250  -62.25317 1153983967 208.295930    34.5765 0.0000e+00
    595.000     0.5866   2.948742     0.5866   2.949097    5.54859    -0.0510    13.8155 0.0000e+00  -62.99250  -62.25317 1153983968 208.295945    34.5765 0.0000e+00
    596.000     0.5888   2.949010     0.5884   2.949327    5.55095    -0.0525    13.8155 0.0000e+00  -62.99250  -62.25317 1153983969 208.295956    34.5767 0.0000e+00
    597.000     0.5898   2.949167     0.5897   2.949505    5.55448    -0.0819    13.8155 0.0000e+00  -62.99250  -62.25317 1153983970 208.295966    34.5767 0.0000e+00
    598.000     0.5907   2.949327     0.5905   2.949648    5.55451    -0.0567    13.8155 0.0000e+00  -62.99250  -62.25317 1153983971 208.295981    34.5769 0.0000e+00
    599.000     0.5876   2.949126     0.5875   2.949469    5.55694    -0.0528    13.8155 0.0000e+00  -62.99250  -62.25317 1153983973 208.295999    34.5771 0.0000e+00
    600.000     0.5850   2.948961     0.5846   2.949267    5.55660    -0.0910    13.8155 0.0000e+00  -62.99250  -62.25317 1153983974 208.296016    34.5772 0.0000e+00
    601.000     0.5852   2.949054     0.5852   2.949393    5.55668    -0.0720    13.8155 0.0000e+00  -62.99250  -62.25317 1153983976 208.296031    34.5774 0.0000e+00
    602.000     0.5853   2.949115     0.5853   2.949454    5.55986    -0.0838    13.8155 0.0000e+00  -62.99250  -62.25317 1153983977 208.296044    34.5775 0.0000e+00
    603.000     0.5863   2.949260     0.5865   2.949607    5.56030    -0.0727    13.8155 0.0000e+00  -62.99250  -62.25317 1153983978 208.296055    34.5776 0.0000e+00
    604.000     0.5916   2.949851     0.5907   2.950080    5.55944    -0.0708    13.8155 0.0000e+00  -62.99250  -62.25317 1153983979 208.296074    34.5784 0.0000e+00
    605.000     0.5767   2.948551     0.5751   2.948791    5.56447    -0.0670    13.8155 0.0000e+00  -62.99250  -62.25317 1153983981 208.296097    34.5778 0.0000e+00
    606.000     0.5702   2.948038     0.5698   2.948350    5.56715    -0.0473    13.8155 0.0000e+00  -62.99250  -62.25317 1153983983 208.296111    34.5781 0.0000e+00
    607.000     0.5664   2.947708     0.5682   2.948254    5.56932    -0.0655    13.8155 0.0000e+00  -62.99250  -62.25317 1153983984 208.296122    34.5773 0.0000e+00
    608.000     0.5628   2.947442     0.5624   2.947785    5.57044    -0.0625    13.8155 0.0000e+00  -62.99250  -62.25317 1153983985 208.296132    34.5773 0.0000e+00
    609.000     0.5580   2.947074     0.5577   2.947364    5.57261    -0.0745    13.8155 0.0000e+00  -62.99250  -62.25317 1153983986 208.296145    34.5774 0.0000e+00
    610.000     0.5585   2.947160     0.5585   2.947496    5.57250    -0.0597    13.8155 0.0000e+00  -62.99250  -62.25317 1153983987 208.296158    34.5773 0.0000e+00
    611.000     0.5566   2.947032     0.5562   2.947342    5.57512    -0.0711    13.8155 0.0000e+00  -62.99250  -62.25317 1153983988 208.296173    34.5771 0.0000e+00
    612.000     0.5564   2.947069     0.5561   2.947376    5.57980    -0.0668    13.8155 0.0000e+00  -62.99250  -62.25317 1153983990 208.296196    34.5772 0.0000e+00
    613.000     0.5599   2.947444     0.5585   2.947637    5.58185    -0.0854    13.8155 0.0000e+00  -62.99250  -62.25317 1153983992 208.296214    34.5773 0.0000e+00
    614.000     0.5546   2.946987     0.5554   2.947432    5.58087    -0.0413    13.8155 0.0000e+00  -62.99250  -62.25317 1153983993 208.296226    34.5767 0.0000e+00
    615.000     0.5537   2.946953     0.5533   2.947273    5.58084    -0.0708    13.8155 0.0000e+00  -62.99250  -62.25317 1153983994 208.296237    34.5767 0.0000e+00
    616.000     0.5501   2.946691     0.5490   2.946923    5.57951    -0.0741    13.8155 0.0000e+00  -62.99250  -62.25317 1153983995 208.296252    34.5768 0.0000e+00
    617.000     0.5514   2.946867     0.5488   2.946948    5.58305    -0.0635    13.8155 0.0000e+00  -62.99250  -62.25317 1153983996 208.296269    34.5769 0.0000e+00
    618.000     0.5434   2.946167     0.5435   2.946534    5.58677    -0.0733    13.8155 0.0000e+00  -62.99250  -62.25317 1153983998 208.296285    34.5763 0.0000e+00
    619.000     0.5368   2.945667     0.5370   2.946024    5.59083    -0.0838    13.8155 0.0000e+00  -62.99250  -62.25317 1153983999 208.296300    34.5768 0.0000e+00
    620.000     0.5352   2.945580     0.5361   2.945991    5.59159    -0.0515    13.8155 0.0000e+00  -62.99250  -62.25317 1153984000 208.296315    34.5768 0.0000e+00
    621.000     0.5352   2.945624     0.5354   2.945983    5.59192    -0.0840    13.8155 0.0000e+00  -62.99250  -62.25317 1153984001 208.296327    34.5768 0.0000e+00
    622.000     0.5355   2.945697     0.5356   2.946044    5.59506    -0.0782    13.8155 0.0000e+00  -62.99250  -62.25317 1153984002 208.296339    34.5767 0.0000e+00
    623.000     0.5301   2.945265     0.5300   2.945601    5.59719    -0.0705    13.8155 0.0000e+00  -62.99250  -62.25317 1153984004 208.296354    34.5765 0.0000e+00
    624.000     0.5289   2.945204     0.5287   2.945519    5.59916    -0.0638    13.8155 0.0000e+00  -62.99250  -62.25317 1153984005 208.296374    34.5765 0.0000e+00
    625.000     0.5285   2.945229     0.5285   2.945547    5.59904    -0.0759    13.8155 0.0000e+00  -62.99250  -62.25317 1153984007 208.296393    34.5767 0.0000e+00
    626.000     0.5263   2.945061     0.5269   2.945456    5.59741    -0.0503    13.8155 0.0000e+00  -62.99250  -62.25317 1153984008 208.296405    34.5763 0.0000e+00
    627.000     0.5306   2.945567     0.5306   2.945870    5.59702    -0.0700    13.8155 0.0000e+00  -62.99250  -62.25317 1153984009 208.296417    34.5774 0.0000e+00
    628.000     0.5319   2.945738     0.5318   2.946055    5.59661    -0.0646    13.8155 0.0000e+00  -62.99250  -62.25317 1153984010 208.296432    34.5775 0.0000e+00
    629.000     0.5319   2.945800     0.5318   2.946124    5.59677    -0.0634    13.8155 0.0000e+00  -62.99250  -62.25317 1153984012 208.296447    34.5776 0.0000e+00
    630.000     0.5268   2.945419     0.5268   2.945765    5.59510    -0.0647    13.8155 0.0000e+00  -62.99250  -62.25317 1153984013 208.296464    34.5780 0.0000e+00
    631.000     0.5266   2.945488     0.5265   2.945795    5.59625    -0.0616    13.8155 0.0000e+00  -62.99250  -62.25317 1153984015 208.296482    34.5785 0.0000e+00
    632.000     0.5276   2.945634     0.5257   2.945787    5.59730    -0.0721    13.8155 0.0000e+00  -62.99250  -62.25317 1153984016 208.296498    34.5787 0.0000e+00
    633.000     0.5286   2.945798     0.5281   2.946047    5.59467    -0.0851    13.8155 0.0000e+00  -62.99250  -62.25317 1153984017 208.296509    34.5791 0.0000e+00
    634.000     0.5386   2.946815     0.5379   2.947028    5.59209    -0.0554    13.8155 0.0000e+00  -62.99250  -62.25317 1153984018 208.296521    34.5805 0.0000e+00
    635.000     0.5454   2.947486     0.5450   2.947749    5.58926    -0.0571    13.8155 0.0000e+00  -62.99250  -62.25317 1153984019 208.296535    34.5806 0.0000e+00
    636.000     0.5471   2.947697     0.5470   2.947999    5.58509    -0.0733    13.8155 0.0000e+00  -62.99250  -62.25317 1153984021 208.296555    34.5809 0.0000e+00
    637.000     0.5536   2.948397     0.5526   2.948587    5.58197    -0.0827    13.8155 0.0000e+00  -62.99250  -62.25317 1153984023 208.296572    34.5823 0.0000e+00
    638.000     0.5440   2.947583     0.5437   2.947891    5.58256    -0.0865    13.8155 0.0000e+00  -62.99250  -62.25317 1153984024 208.296586    34.5818 0.0000e+00
    639.000     0.5429   2.947512     0.5427   2.947814    5.58275    -0.0628    13.8155 0.0000e+00  -62.99250  -62.25317 1153984025 208.296599    34.5817 0.0000e+00
    640.000     0.5432   2.947590     0.5433   2.947917    5.58133    -0.0499    13.8155 0.0000e+00  -62.99250  -62.25317 1153984026 208.296616    34.5818 0.0000e+00
    641.000     0.5455   2.947889     0.5456   2.948210    5.58151    -0.0634    13.8155 0.0000e+00  -62.99250  -62.25317 1153984028 208.296630    34.5825 0.0000e+00
    642.000     0.5451   2.947916     0.5462   2.948335    5.57902    -0.0658    13.8155 0.0000e+00  -62.99250  -62.25317 1153984029 208.296644    34.5828 0.0000e+00
    643.000     0.5439   2.947858     0.5442   2.948237    5.57924    -0.0624    13.8155 0.0000e+00  -62.99250  -62.25317 1153984030 208.296661    34.5827 0.0000e+00
    644.000     0.5244   2.946158     0.5214   2.946202    5.58467    -0.0574    13.8155 0.0000e+00  -62.99250  -62.25317 1153984032 208.296677    34.5819 0.0000e+00
    645.000     0.5304   2.946766     0.5375   2.947693    5.58310    -0.0757    13.8155 0.0000e+00  -62.99250  -62.25317 1153984033 208.296691    34.5830 0.0000e+00
    646.000     0.5567   2.949326     0.5571   2.949583    5.57411    -0.0383    13.8155 0.0000e+00  -62.99250  -62.25317 1153984034 208.296704    34.5855 0.0000e+00
    647.000     0.5597   2.949573     0.5604   2.949984    5.57249    -0.0575    13.8155 0.0000e+00  -62.99250  -62.25317 1153984035 208.296717    34.5846 0.0000e+00
    648.000     0.5300   2.946814     0.5260   2.946843    5.57670    -0.0816    13.8155 0.0000e+00  -62.99250  -62.25317 1153984037 208.296735    34.5821 0.0000e+00
    649.000     0.5315   2.947075     0.5302   2.947219    5.57652    -0.0654    13.8155 0.0000e+00  -62.99250  -62.25317 1153984038 208.296756    34.5836 0.0000e+00
    650.000     0.5553   2.949368     0.5547   2.949553    5.56921    -0.0740    13.8155 0.0000e+00  -62.99250  -62.25317 1153984040 208.296771    34.5854 0.0000e+00
    651.000     0.5642   2.950216     0.5639   2.950499    5.56558    -0.0673    13.8155 0.0000e+00  -62.99250  -62.25317 1153984041 208.296783    34.5857 0.0000e+00
    652.000     0.5690   2.950722     0.5673   2.950842    5.55966    -0.0327    13.8155 0.0000e+00  -62.99250  -62.25317 1153984042 208.296795    34.5862 0.0000e+00
    653.000     0.5756   2.951422     0.5785   2.951927    5.54766    -0.0685    13.8155 0.0000e+00  -62.99250  -62.25317 1153984043 208.296809    34.5876 0.0000e+00
    654.000     0.6003   2.953765     0.5992   2.953924    5.53457    -0.0862    13.8155 0.0000e+00  -62.99250  -62.25317 1153984044 208.296825    34.5892 0.0000e+00
    655.000     0.6269   2.956387     0.6215   2.956078    5.52342    -0.0649    13.8155 0.0000e+00  -62.99250  -62.25317 1153984046 208.296840    34.5928 0.0000e+00
    656.000     0.6395   2.957635     0.6308   2.956987    5.50726    -0.0546    13.8155 0.0000e+00  -62.99250  -62.25317 1153984047 208.296854    34.5943 0.0000e+00
    657.000     0.6911   2.962534     0.6937   2.962977    5.48193    -0.0593    13.8155 0.0000e+00  -62.99250  -62.25317 1153984048 208.296870    34.5986 0.0000e+00
    658.000     0.6854   2.961993     0.6806   2.961877    5.46793    -0.0664    13.8155 0.0000e+00  -62.99250  -62.25317 1153984050 208.296895    34.5978 0.0000e+00
    659.000     0.6691   2.960472     0.6699   2.960873    5.45871    -0.0659    13.8155 0.0000e+00  -62.99250  -62.25317 1153984052 208.296912    34.5975 0.0000e+00
    660.000     0.7194   2.965858     0.7262   2.966101    5.45072    -0.0689    13.8155 0.0000e+00  -62.99250  -62.25317 1153984053 208.296924    34.6047 0.0000e+00
    661.000     0.7377   2.967003     0.7371   2.967272    5.44446    -0.0576    13.8155 0.0000e+00  -62.99250  -62.25317 1153984054 208.296933    34.6019 0.0000e+00
    662.000     0.7340   2.966834     0.7429   2.967823    5.43648    -0.0954    13.8155 0.0000e+00  -62.99250  -62.25317 1153984055 208.296943    34.6045 0.0000e+00
    663.000     0.7452   2.967803     0.7458   2.968198    5.43190    -0.0695    13.8155 0.0000e+00  -62.99250  -62.25317 1153984055 208.296954    34.6033 0.0000e+00
    664.000     0.7449   2.967873     0.7411   2.967787    5.42494    -0.0671    13.8155 0.0000e+00  -62.99250  -62.25317 1153984057 208.296968    34.6047 0.0000e+00
    665.000     0.7317   2.966627     0.7371   2.967434    5.42428    -0.0652    13.8155 0.0000e+00  -62.99250  -62.25317 1153984058 208.296986    34.6033 0.0000e+00
    666.000     0.7123   2.964851     0.7215   2.965962    5.42344    -0.0739    13.8155 0.0000e+00  -62.99250  -62.25317 1153984060 208.297006    34.6025 0.0000e+00
    667.000     0.7115   2.964776     0.7247   2.966394    5.42711    -0.0620    13.8155 0.0000e+00  -62.99250  -62.25317 1153984062 208.297026    34.6016 0.0000e+00
    668.000     0.7175   2.965431     0.7116   2.965187    5.42786    -0.0771    13.8155 0.0000e+00  -62.99250  -62.25317 1153984063 208.297043    34.6030 0.0000e+00
    669.000     0.7289   2.966601     0.7229   2.966217    5.42301    -0.0800    13.8155 0.0000e+00  -62.99250  -62.25317 1153984064 208.297056    34.6049 0.0000e+00
    670.000     0.7576   2.969262     0.7571   2.969494    5.41857    -0.0391    13.8155 0.0000e+00  -62.99250  -62.25317 1153984065 208.297069    34.6057 0.0000e+00
    671.000     0.7396   2.967617     0.7423   2.968191    5.41457    -0.0670    13.8155 0.0000e+00  -62.99250  -62.25317 1153984067 208.297082    34.6045 0.0000e+00
    672.000     0.7353   2.967278     0.7364   2.967683    5.41601    -0.0591    13.8155 0.0000e+00  -62.99250  -62.25317 1153984068 208.297097    34.6048 0.0000e+00
    673.000     0.7368   2.967466     0.7415   2.968204    5.40535    -0.0735    13.8155 0.0000e+00  -62.99250  -62.25317 1153984069 208.297113    34.6050 0.0000e+00
    674.000     0.7534   2.969163     0.7603   2.969972    5.40508    -0.0744    13.8155 0.0000e+00  -62.99250  -62.25317 1153984071 208.297128    34.6079 0.0000e+00
