product_data/regression_test/downloaded_data/MDGS/320620060703/ctd/adapted/heads_insert_p6609309.cnv
* Sea-Bird SBE 9 Data File:
* FileName = D:\Data\Raw\p6609309.dat
* Software Version Seasave Win32 V 5.32
* Temperature SN = 1649
* Conductivity SN = 1431
* Number of Bytes Per Scan = 37
* Number of Voltage Words = 5
* Number of Scans Averaged by the Deck Unit = 1
* NMEA Latitude = 61 07.49 S
* NMEA Longitude = 058 05.62 W
* NMEA UTC (Time) = 07:46:35
** Ship:   Nathaniel B. Palmer nbp
** Cruise:    NBP0606 nbp0606
# nquan = 15
# nvalues = 994                         
# units = specified
# name 0 = prDM: Pressure, Digiquartz [db]
# name 1 = t090C: Temperature [ITS-90, deg C]
# name 2 = c0S/m: Conductivity [S/m]
# name 3 = t190C: Temperature, 2 [ITS-90, deg C]
# name 4 = c1S/m: Conductivity, 2 [S/m]
# name 5 = sbeox0ML/L: Oxygen, SBE 43 [ml/l]
# name 6 = flECO-AFL: Fluorescence, Wetlab ECO-AFL/FL [mg/m^3]
# name 7 = bat: Beam Attenuation, Chelsea/Seatech/Wetlab CStar [1/m]
# name 8 = spar: SPAR/Surface Irradiance
# name 9 = latitude: Latitude [deg]
# name 10 = longitude: Longitude [deg]
# name 11 = timeY: Time, System [seconds]
# name 12 = timeJ: Julian Days
# name 13 = sal00: Salinity [PSU]
# name 14 = flag: flag
# span 0 =     12.000,   1005.000       
# span 1 =    -0.8092,     1.9659       
# span 2 =   2.746506,   3.274635       
# span 3 =    -0.8029,     1.9671       
# span 4 =   2.754122,   3.067854       
# span 5 =    4.33453,    8.03168       
# span 6 =    -0.1182,     0.4010       
# span 7 =    13.8155,    13.8155       
# span 8 = 0.0000e+00, 0.0000e+00       
# span 9 =  -61.12483,  -61.12483       
# span 10 =  -58.09367,  -58.09367      
# span 11 = 1152604004, 1152605798      
# span 12 = 192.324136, 192.344907      
# span 13 =    33.7983,    40.7166      
# span 14 = 0.0000e+00, 0.0000e+00      
# interval = decibars: 1                
# start_time = Jul 11 2006 07:46:43
# bad_flag = -9.990e-29
*END*
[from data line 579]
    590.000     1.8353   3.067471     1.8359   3.067791    4.55933    -0.0732    13.8155 0.0000e+00  -61.12483  -58.09367 1152604967 192.335288    34.7159 0.0000e+00
    591.000     1.8350   3.067496     1.8356   3.067803    4.55880    -0.0669    13.8155 0.0000e+00  -61.12483  -58.09367 1152604968 192.335298    34.7158 0.0000e+00
    592.000     1.8345   3.067514     1.8352   3.067822    4.56054    -0.0586    13.8155 0.0000e+00  -61.12483  -58.09367 1152604969 192.335311    34.7160 0.0000e+00
    593.000     1.8341   3.067530     1.8348   3.067838    4.56036    -0.0674    13.8155 0.0000e+00  -61.12483  -58.09367 1152604971 192.335330    34.7162 0.0000e+00
    594.000     1.8332   3.067511     1.8340   3.067816    4.55894    -0.0659    13.8155 0.0000e+00  -61.12483  -58.09367 1152604972 192.335346    34.7163 0.0000e+00
    595.000     1.8322   3.067461     1.8327   3.067774    4.55781    -0.0613    13.8155 0.0000e+00  -61.12483  -58.09367 1152604973 192.335359    34.7164 0.0000e+00
    596.000     1.8314   3.067442     1.8320   3.067758    4.55836    -0.0678    13.8155 0.0000e+00  -61.12483  -58.09367 1152604975 192.335371    34.7165 0.0000e+00
    597.000     1.8309   3.067454     1.8316   3.067765    4.56046    -0.0655    13.8155 0.0000e+00  -61.12483  -58.09367 1152604976 192.335387    34.7165 0.0000e+00
    598.000     1.8311   3.067521     1.8323   3.067854    4.56242    -0.0696    13.8155 0.0000e+00  -61.12483  -58.09367 1152604979 192.335422    34.7165 0.0000e+00
    599.000     1.8299   3.067470     1.8306   3.067772    4.56184    -0.0730    13.8155 0.0000e+00  -61.12483  -58.09367 1152604981 192.335442    34.7167 0.0000e+00
    600.000     1.8262   3.067200     1.8265   3.067512    4.56178    -0.0745    13.8155 0.0000e+00  -61.12483  -58.09367 1152604982 192.335457    34.7169 0.0000e+00
    601.000     1.8224   3.066938     1.8231   3.067253    4.56428    -0.0679    13.8155 0.0000e+00  -61.12483  -58.09367 1152604983 192.335470    34.7172 0.0000e+00
    602.000     1.8214   3.066909     1.8221   3.067220    4.56475    -0.0625    13.8155 0.0000e+00  -61.12483  -58.09367 1152604984 192.335480    34.7175 0.0000e+00
    603.000     1.8206   3.066891     1.8212   3.067206    4.56418    -0.0592    13.8155 0.0000e+00  -61.12483  -58.09367 1152604985 192.335489    34.7175 0.0000e+00
    604.000     1.8201   3.066884     1.8206   3.067200    4.56015    -0.0647    13.8155 0.0000e+00  -61.12483  -58.09367 1152604985 192.335498    34.7174 0.0000e+00
    605.000     1.8167   3.066610     1.8169   3.066934    4.56011    -0.0792    13.8155 0.0000e+00  -61.12483  -58.09367 1152604986 192.335506    34.7172 0.0000e+00
    606.000     1.8145   3.066474     1.8154   3.066820    4.55994    -0.0795    13.8155 0.0000e+00  -61.12483  -58.09367 1152604987 192.335515    34.7174 0.0000e+00
    607.000     1.8173   3.066771     1.8160   3.066900    4.56257    -0.0661    13.8155 0.0000e+00  -61.12483  -58.09367 1152604991 192.335558    34.7173 0.0000e+00
    608.000     1.8181   3.066885     1.8178   3.067117    4.56491    -0.0725    13.8155 0.0000e+00  -61.12483  -58.09367 1152604994 192.335599    34.7172 0.0000e+00
    609.000     1.8087   3.066092     1.8090   3.066437    4.56590    -0.0664    13.8155 0.0000e+00  -61.12483  -58.09367 1152604995 192.335614    34.7172 0.0000e+00
    610.000     1.8057   3.065906     1.8065   3.066234    4.56648    -0.0761    13.8155 0.0000e+00  -61.12483  -58.09367 1152604996 192.335623    34.7177 0.0000e+00
    611.000     1.8047   3.065886     1.8053   3.066209    4.56603    -0.0464    13.8155 0.0000e+00  -61.12483  -58.09367 1152604997 192.335630    34.7180 0.0000e+00
    612.000     1.8049   3.065940     1.8053   3.066258    4.56664    -0.0538    13.8155 0.0000e+00  -61.12483  -58.09367 1152604998 192.335638    34.7179 0.0000e+00
    613.000     1.8050   3.065984     1.8053   3.066304    4.56670    -0.0556    13.8155 0.0000e+00  -61.12483  -58.09367 1152604998 192.335645    34.7177 0.0000e+00
    614.000     1.8049   3.066016     1.8049   3.066335    4.56690    -0.0608    13.8155 0.0000e+00  -61.12483  -58.09367 1152604999 192.335651    34.7177 0.0000e+00
    615.000     1.8048   3.066060     1.8048   3.066359    4.56732    -0.0749    13.8155 0.0000e+00  -61.12483  -58.09367 1152604999 192.335658    34.7178 0.0000e+00
    616.000     1.8047   3.066126     1.8053   3.066434    4.56600    -0.0711    13.8155 0.0000e+00  -61.12483  -58.09367 1152605004 192.335706    34.7180 0.0000e+00
    617.000     1.8043   3.066150     1.8048   3.066454    4.56579    -0.0826    13.8155 0.0000e+00  -61.12483  -58.09367 1152605005 192.335721    34.7181 0.0000e+00
    618.000     1.8033   3.066122     1.8039   3.066426    4.56633    -0.0789    13.8155 0.0000e+00  -61.12483  -58.09367 1152605006 192.335732    34.7184 0.0000e+00
    619.000     1.8027   3.066121     1.8033   3.066436    4.56691    -0.0706    13.8155 0.0000e+00  -61.12483  -58.09367 1152605007 192.335748    34.7184 0.0000e+00
    620.000     1.8028   3.066181     1.8035   3.066499    4.56706    -0.0732    13.8155 0.0000e+00  -61.12483  -58.09367 1152605009 192.335764    34.7184 0.0000e+00
    621.000     1.8023   3.066195     1.8029   3.066504    4.56700    -0.0638    13.8155 0.0000e+00  -61.12483  -58.09367 1152605010 192.335776    34.7187 0.0000e+00
    622.000     1.8026   3.066261     1.8032   3.066557    4.56734    -0.0722    13.8155 0.0000e+00  -61.12483  -58.09367 1152605011 192.335788    34.7185 0.0000e+00
    623.000     1.8027   3.066309     1.8034   3.066621    4.56797    -0.0655    13.8155 0.0000e+00  -61.12483  -58.09367 1152605013 192.335819    34.7185 0.0000e+00
    624.000     1.8027   3.066360     1.8033   3.066662    4.57200    -0.0657    13.8155 0.0000e+00  -61.12483  -58.09367 1152605015 192.335842    34.7185 0.0000e+00
    625.000     1.8025   3.066396     1.8030   3.066706    4.57275    -0.0722    13.8155 0.0000e+00  -61.12483  -58.09367 1152605016 192.335852    34.7187 0.0000e+00
    626.000     1.8015   3.066369     1.8019   3.066678    4.57300    -0.0686    13.8155 0.0000e+00  -61.12483  -58.09367 1152605017 192.335861    34.7188 0.0000e+00
    627.000     1.8003   3.066313     1.8008   3.066631    4.57297    -0.0690    13.8155 0.0000e+00  -61.12483  -58.09367 1152605018 192.335869    34.7189 0.0000e+00
    628.000     1.7999   3.066337     1.8005   3.066648    4.57274    -0.0660    13.8155 0.0000e+00  -61.12483  -58.09367 1152605018 192.335878    34.7192 0.0000e+00
    629.000     1.7986   3.066279     1.7988   3.066570    4.57366    -0.0862    13.8155 0.0000e+00  -61.12483  -58.09367 1152605019 192.335888    34.7194 0.0000e+00
    630.000     1.7943   3.065987     1.7950   3.066309    4.57660    -0.0720    13.8155 0.0000e+00  -61.12483  -58.09367 1152605020 192.335901    34.7198 0.0000e+00
    631.000     1.7955   3.066135     1.7965   3.066479    4.58432    -0.0646    13.8155 0.0000e+00  -61.12483  -58.09367 1152605025 192.335951    34.7197 0.0000e+00
    632.000     1.7955   3.066175     1.7953   3.066433    4.58594    -0.0689    13.8155 0.0000e+00  -61.12483  -58.09367 1152605026 192.335972    34.7197 0.0000e+00
    633.000     1.7925   3.065988     1.7932   3.066309    4.58708    -0.0704    13.8155 0.0000e+00  -61.12483  -58.09367 1152605027 192.335980    34.7202 0.0000e+00
    634.000     1.7925   3.066038     1.7931   3.066349    4.58675    -0.0612    13.8155 0.0000e+00  -61.12483  -58.09367 1152605028 192.335989    34.7202 0.0000e+00
    635.000     1.7921   3.066035     1.7927   3.066357    4.58618    -0.0833    13.8155 0.0000e+00  -61.12483  -58.09367 1152605029 192.335997    34.7200 0.0000e+00
    636.000     1.7915   3.066037     1.7920   3.066348    4.58294    -0.0706    13.8155 0.0000e+00  -61.12483  -58.09367 1152605029 192.336007    34.7202 0.0000e+00
    637.000     1.7914   3.066078     1.7920   3.066389    4.58153    -0.0710    13.8155 0.0000e+00  -61.12483  -58.09367 1152605030 192.336018    34.7202 0.0000e+00
    638.000     1.7914   3.066114     1.7919   3.066421    4.58234    -0.0640    13.8155 0.0000e+00  -61.12483  -58.09367 1152605032 192.336032    34.7201 0.0000e+00
    639.000     1.7926   3.066260     1.7925   3.066514    4.58659    -0.0703    13.8155 0.0000e+00  -61.12483  -58.09367 1152605036 192.336079    34.7200 0.0000e+00
    640.000     1.7907   3.066155     1.7913   3.066472    4.58868    -0.0502    13.8155 0.0000e+00  -61.12483  -58.09367 1152605037 192.336097    34.7202 0.0000e+00
    641.000     1.7866   3.065875     1.7875   3.066218    4.58962    -0.0704    13.8155 0.0000e+00  -61.12483  -58.09367 1152605038 192.336106    34.7207 0.0000e+00
    642.000     1.7836   3.065676     1.7843   3.066013    4.59069    -0.0804    13.8155 0.0000e+00  -61.12483  -58.09367 1152605039 192.336114    34.7211 0.0000e+00
    643.000     1.7824   3.065631     1.7830   3.065953    4.59167    -0.0745    13.8155 0.0000e+00  -61.12483  -58.09367 1152605039 192.336122    34.7212 0.0000e+00
    644.000     1.7820   3.065630     1.7826   3.065956    4.59234    -0.0621    13.8155 0.0000e+00  -61.12483  -58.09367 1152605040 192.336131    34.7212 0.0000e+00
    645.000     1.7814   3.065638     1.7819   3.065940    4.59081    -0.0718    13.8155 0.0000e+00  -61.12483  -58.09367 1152605041 192.336142    34.7213 0.0000e+00
    646.000     1.7820   3.065744     1.7833   3.066097    4.59572    -0.0657    13.8155 0.0000e+00  -61.12483  -58.09367 1152605045 192.336184    34.7212 0.0000e+00
    647.000     1.7829   3.065852     1.7831   3.066138    4.59896    -0.0818    13.8155 0.0000e+00  -61.12483  -58.09367 1152605048 192.336215    34.7211 0.0000e+00
    648.000     1.7807   3.065724     1.7814   3.066058    4.59974    -0.0763    13.8155 0.0000e+00  -61.12483  -58.09367 1152605048 192.336226    34.7213 0.0000e+00
    649.000     1.7796   3.065678     1.7801   3.066004    4.60188    -0.0654    13.8155 0.0000e+00  -61.12483  -58.09367 1152605049 192.336235    34.7214 0.0000e+00
    650.000     1.7753   3.065377     1.7757   3.065699    4.60344    -0.0717    13.8155 0.0000e+00  -61.12483  -58.09367 1152605050 192.336244    34.7219 0.0000e+00
    651.000     1.7722   3.065159     1.7726   3.065478    4.60325    -0.0825    13.8155 0.0000e+00  -61.12483  -58.09367 1152605051 192.336252    34.7221 0.0000e+00
    652.000     1.7709   3.065107     1.7715   3.065419    4.60163    -0.0718    13.8155 0.0000e+00  -61.12483  -58.09367 1152605051 192.336260    34.7223 0.0000e+00
    653.000     1.7702   3.065101     1.7708   3.065411    4.60112    -0.0694    13.8155 0.0000e+00  -61.12483  -58.09367 1152605052 192.336272    34.7224 0.0000e+00
    654.000     1.7689   3.065026     1.7695   3.065334    4.60429    -0.0740    13.8155 0.0000e+00  -61.12483  -58.09367 1152605054 192.336295    34.7223 0.0000e+00
    655.000     1.7720   3.065339     1.7707   3.065476    4.60826    -0.0775    13.8155 0.0000e+00  -61.12483  -58.09367 1152605058 192.336333    34.7220 0.0000e+00
    656.000     1.7692   3.064713     1.7642   3.064956    4.61133    -0.0868    13.8155 0.0000e+00  -61.12483  -58.09367 1152605060 192.336365    34.7221 0.0000e+00
    657.000     1.7605   3.064446     1.7610   3.064766    4.61230    -0.0792    13.8155 0.0000e+00  -61.12483  -58.09367 1152605061 192.336376    34.7227 0.0000e+00
    658.000     1.7586   3.064338     1.7592   3.064664    4.61318    -0.0705    13.8155 0.0000e+00  -61.12483  -58.09367 1152605062 192.336385    34.7228 0.0000e+00
    659.000     1.7579   3.064333     1.7585   3.064641    4.61422    -0.0525    13.8155 0.0000e+00  -61.12483  -58.09367 1152605063 192.336394    34.7229 0.0000e+00
    660.000     1.7574   3.064329     1.7579   3.064654    4.61513    -0.0670    13.8155 0.0000e+00  -61.12483  -58.09367 1152605064 192.336402    34.7229 0.0000e+00
    661.000     1.7573   3.064360     1.7577   3.064685    4.61473    -0.0819    13.8155 0.0000e+00  -61.12483  -58.09367 1152605064 192.336410    34.7229 0.0000e+00
    662.000     1.7567   3.064353     1.7572   3.064675    4.61323    -0.0701    13.8155 0.0000e+00  -61.12483  -58.09367 1152605065 192.336417    34.7228 0.0000e+00
    663.000     1.7563   3.064361     1.7568   3.064685    4.61280    -0.0687    13.8155 0.0000e+00  -61.12483  -58.09367 1152605066 192.336428    34.7228 0.0000e+00
    664.000     1.7576   3.064533     1.7577   3.064807    4.61396    -0.0647    13.8155 0.0000e+00  -61.12483  -58.09367 1152605070 192.336480    34.7227 0.0000e+00
    665.000     1.7565   3.064505     1.7571   3.064807    4.61335    -0.0817    13.8155 0.0000e+00  -61.12483  -58.09367 1152605072 192.336503    34.7230 0.0000e+00
    666.000     1.7558   3.064464     1.7564   3.064786    4.61437    -0.0656    13.8155 0.0000e+00  -61.12483  -58.09367 1152605073 192.336514    34.7227 0.0000e+00
    667.000     1.7553   3.064478     1.7559   3.064781    4.61492    -0.0793    13.8155 0.0000e+00  -61.12483  -58.09367 1152605074 192.336524    34.7229 0.0000e+00
    668.000     1.7547   3.064467     1.7552   3.064781    4.61734    -0.0647    13.8155 0.0000e+00  -61.12483  -58.09367 1152605075 192.336535    34.7228 0.0000e+00
    669.000     1.7534   3.064409     1.7540   3.064724    4.61675    -0.0698    13.8155 0.0000e+00  -61.12483  -58.09367 1152605076 192.336546    34.7230 0.0000e+00
    670.000     1.7524   3.064370     1.7530   3.064674    4.61572    -0.0754    13.8155 0.0000e+00  -61.12483  -58.09367 1152605077 192.336557    34.7231 0.0000e+00
    671.000     1.7511   3.064307     1.7517   3.064608    4.61466    -0.0672    13.8155 0.0000e+00  -61.12483  -58.09367 1152605078 192.336569    34.7231 0.0000e+00
    672.000     1.7504   3.064289     1.7510   3.064596    4.61527    -0.0799    13.8155 0.0000e+00  -61.12483  -58.09367 1152605079 192.336584    34.7231 0.0000e+00
    673.000     1.7505   3.064338     1.7510   3.064629    4.61939    -0.0790    13.8155 0.0000e+00  -61.12483  -58.09367 1152605082 192.336612    34.7231 0.0000e+00
    674.000     1.7474   3.064122     1.7482   3.064460    4.62350    -0.0752    13.8155 0.0000e+00  -61.12483  -58.09367 1152605085 192.336644    34.7231 0.0000e+00
    675.000     1.7436   3.063855     1.7442   3.064177    4.62505    -0.0636    13.8155 0.0000e+00  -61.12483  -58.09367 1152605086 192.336656    34.7236 0.0000e+00
    676.000     1.7430   3.063848     1.7433   3.064145    4.62435    -0.0727    13.8155 0.0000e+00  -61.12483  -58.09367 1152605086 192.336666    34.7236 0.0000e+00
    677.000     1.7423   3.063827     1.7428   3.064139    4.62410    -0.0707    13.8155 0.0000e+00  -61.12483  -58.09367 1152605087 192.336674    34.7235 0.0000e+00
    678.000     1.7414   3.063802     1.7420   3.064114    4.62565    -0.0875    13.8155 0.0000e+00  -61.12483  -58.09367 1152605088 192.336683    34.7237 0.0000e+00
    679.000     1.7417   3.063876     1.7420   3.064158    4.62739    -0.0606    13.8155 0.0000e+00  -61.12483  -58.09367 1152605090 192.336710    34.7236 0.0000e+00
    680.000     1.7419   3.063943     1.7423   3.064239    4.62989    -0.0749    13.8155 0.0000e+00  -61.12483  -58.09367 1152605093 192.336742    34.7236 0.0000e+00
    681.000     1.7406   3.063882     1.7411   3.064185    4.63212    -0.0747    13.8155 0.0000e+00  -61.12483  -58.09367 1152605094 192.336753    34.7237 0.0000e+00
    682.000     1.7402   3.063891     1.7407   3.064197    4.63138    -0.0751    13.8155 0.0000e+00  -61.12483  -58.09367 1152605095 192.336763    34.7237 0.0000e+00
    683.000     1.7399   3.063913     1.7404   3.064218    4.63175    -0.0828    13.8155 0.0000e+00  -61.12483  -58.09367 1152605096 192.336771    34.7238 0.0000e+00
    684.000     1.7396   3.063943     1.7404   3.064247    4.63323    -0.0423    13.8155 0.0000e+00  -61.12483  -58.09367 1152605096 192.336780    34.7239 0.0000e+00
