product_data/regression_test/downloaded_data/MDGS/320620060703/ctd/adapted/heads_insert_p6622101.cnv
* Sea-Bird SBE 9 Data File:
* FileName = D:\Data\Raw\p6622101.dat
* Software Version Seasave Win32 V 5.32
* Temperature SN = 1649
* Conductivity SN = 1431
* Number of Bytes Per Scan = 37
* Number of Voltage Words = 5
* Number of Scans Averaged by the Deck Unit = 1
* NMEA Latitude = 62 37.28 S
* NMEA Longitude = 057 52.53 W
* NMEA UTC (Time) = 09:18:39
** Ship:   Nathaniel B. Palmer 
** Cruise:    NBP0606 
# nquan = 15
# nvalues = 1201                        
# units = specified
# name 0 = prDM: Pressure, Digiquartz [db]
# name 1 = t090C: Temperature [ITS-90, deg C]
# name 2 = c0S/m: Conductivity [S/m]
# name 3 = t190C: Temperature, 2 [ITS-90, deg C]
# name 4 = c1S/m: Conductivity, 2 [S/m]
# name 5 = sbeox0ML/L: Oxygen, SBE 43 [ml/l]
# name 6 = flECO-AFL: Fluorescence, Wetlab ECO-AFL/FL [mg/m^3]
# name 7 = bat: Beam Attenuation, Chelsea/Seatech/Wetlab CStar [1/m]
# name 8 = spar: SPAR/Surface Irradiance
# name 9 = latitude: Latitude [deg]
# name 10 = longitude: Longitude [deg]
# name 11 = timeY: Time, System [seconds]
# name 12 = timeJ: Julian Days
# name 13 = sal00: Salinity [PSU]
# name 14 = flag: flag
# span 0 =      9.000,   1209.000       
# span 1 =    -1.8255,    -0.4483       
# span 2 =   2.698509,   2.845137       
# span 3 =    -1.8269,    -0.4471       
# span 4 =   2.699189,   2.845348       
# span 5 =    6.37681,    7.77985       
# span 6 =    -0.1362,     0.0739       
# span 7 =    13.8155,    13.8155       
# span 8 = 0.0000e+00, 0.0000e+00       
# span 9 =  -62.62133,  -62.62133       
# span 10 =  -57.87550,  -57.87550      
# span 11 = 1154596792, 1154598519      
# span 12 = 215.388804, 215.408796      
# span 13 =    34.2989,    34.5387      
# span 14 = 0.0000e+00, 0.0000e+00      
# interval = decibars: 1                
# start_time = Aug 03 2006 09:19:19
# bad_flag = -9.990e-29
*END*
[from data line 868]
    876.000    -0.7884   2.841334    -0.7884   2.841546    6.54546    -0.0927    13.8155 0.0000e+00  -62.62133  -57.87550 1154598006 215.402859    34.5359 0.0000e+00
    877.000    -0.7890   2.841337    -0.7894   2.841520    6.54633    -0.1088    13.8155 0.0000e+00  -62.62133  -57.87550 1154598007 215.402873    34.5359 0.0000e+00
    878.000    -0.7902   2.841272    -0.7903   2.841491    6.54680    -0.0931    13.8155 0.0000e+00  -62.62133  -57.87550 1154598008 215.402887    34.5359 0.0000e+00
    879.000    -0.7903   2.841307    -0.7905   2.841511    6.54651    -0.0974    13.8155 0.0000e+00  -62.62133  -57.87550 1154598009 215.402901    34.5358 0.0000e+00
    880.000    -0.7905   2.841336    -0.7908   2.841537    6.54840    -0.0839    13.8155 0.0000e+00  -62.62133  -57.87550 1154598011 215.402915    34.5359 0.0000e+00
    881.000    -0.7909   2.841345    -0.7908   2.841565    6.54811    -0.0904    13.8155 0.0000e+00  -62.62133  -57.87550 1154598012 215.402930    34.5359 0.0000e+00
    882.000    -0.7923   2.841259    -0.7927   2.841447    6.54614    -0.0937    13.8155 0.0000e+00  -62.62133  -57.87550 1154598013 215.402944    34.5357 0.0000e+00
    883.000    -0.7923   2.841310    -0.7924   2.841514    6.54359    -0.1072    13.8155 0.0000e+00  -62.62133  -57.87550 1154598014 215.402959    34.5359 0.0000e+00
    884.000    -0.7939   2.841202    -0.7941   2.841415    6.54288    -0.1160    13.8155 0.0000e+00  -62.62133  -57.87550 1154598016 215.402973    34.5356 0.0000e+00
    885.000    -0.7949   2.841170    -0.7951   2.841376    6.54574    -0.1040    13.8155 0.0000e+00  -62.62133  -57.87550 1154598017 215.402988    34.5358 0.0000e+00
    886.000    -0.7950   2.841211    -0.7950   2.841417    6.54943    -0.1024    13.8155 0.0000e+00  -62.62133  -57.87550 1154598018 215.403003    34.5358 0.0000e+00
    887.000    -0.7954   2.841193    -0.7953   2.841440    6.55256    -0.1080    13.8155 0.0000e+00  -62.62133  -57.87550 1154598020 215.403018    34.5357 0.0000e+00
    888.000    -0.7951   2.841278    -0.7952   2.841499    6.55373    -0.0917    13.8155 0.0000e+00  -62.62133  -57.87550 1154598021 215.403033    34.5356 0.0000e+00
    889.000    -0.7954   2.841304    -0.7955   2.841514    6.55400    -0.1015    13.8155 0.0000e+00  -62.62133  -57.87550 1154598022 215.403047    34.5357 0.0000e+00
    890.000    -0.7966   2.841240    -0.7972   2.841417    6.55540    -0.0709    13.8155 0.0000e+00  -62.62133  -57.87550 1154598023 215.403061    34.5356 0.0000e+00
    891.000    -0.8000   2.841002    -0.8000   2.841215    6.55649    -0.0889    13.8155 0.0000e+00  -62.62133  -57.87550 1154598025 215.403075    34.5359 0.0000e+00
    892.000    -0.8014   2.840915    -0.8014   2.841131    6.55745    -0.1178    13.8155 0.0000e+00  -62.62133  -57.87550 1154598026 215.403089    34.5357 0.0000e+00
    893.000    -0.8021   2.840897    -0.8026   2.841081    6.55839    -0.0908    13.8155 0.0000e+00  -62.62133  -57.87550 1154598027 215.403103    34.5356 0.0000e+00
    894.000    -0.8060   2.840592    -0.8064   2.840808    6.55948    -0.0961    13.8155 0.0000e+00  -62.62133  -57.87550 1154598028 215.403117    34.5355 0.0000e+00
    895.000    -0.8070   2.840566    -0.8072   2.840772    6.56246    -0.1088    13.8155 0.0000e+00  -62.62133  -57.87550 1154598029 215.403132    34.5356 0.0000e+00
    896.000    -0.8072   2.840598    -0.8073   2.840798    6.56610    -0.0959    13.8155 0.0000e+00  -62.62133  -57.87550 1154598031 215.403146    34.5357 0.0000e+00
    897.000    -0.8083   2.840549    -0.8083   2.840763    6.56721    -0.1117    13.8155 0.0000e+00  -62.62133  -57.87550 1154598032 215.403160    34.5356 0.0000e+00
    898.000    -0.8084   2.840575    -0.8087   2.840766    6.56726    -0.1092    13.8155 0.0000e+00  -62.62133  -57.87550 1154598033 215.403175    34.5355 0.0000e+00
    899.000    -0.8086   2.840604    -0.8084   2.840840    6.56498    -0.0829    13.8155 0.0000e+00  -62.62133  -57.87550 1154598034 215.403190    34.5356 0.0000e+00
    900.000    -0.8082   2.840682    -0.8084   2.840894    6.56315    -0.1162    13.8155 0.0000e+00  -62.62133  -57.87550 1154598036 215.403205    34.5355 0.0000e+00
    901.000    -0.8086   2.840688    -0.8084   2.840934    6.56048    -0.0809    13.8155 0.0000e+00  -62.62133  -57.87550 1154598037 215.403220    34.5354 0.0000e+00
    902.000    -0.8109   2.840532    -0.8116   2.840712    6.55911    -0.1058    13.8155 0.0000e+00  -62.62133  -57.87550 1154598038 215.403235    34.5354 0.0000e+00
    903.000    -0.8096   2.840708    -0.8095   2.840918    6.56064    -0.0852    13.8155 0.0000e+00  -62.62133  -57.87550 1154598040 215.403248    34.5357 0.0000e+00
    904.000    -0.8111   2.840616    -0.8112   2.840827    6.56250    -0.1107    13.8155 0.0000e+00  -62.62133  -57.87550 1154598041 215.403262    34.5355 0.0000e+00
    905.000    -0.8115   2.840617    -0.8118   2.840814    6.56308    -0.1055    13.8155 0.0000e+00  -62.62133  -57.87550 1154598042 215.403276    34.5355 0.0000e+00
    906.000    -0.8126   2.840568    -0.8127   2.840796    6.56347    -0.1093    13.8155 0.0000e+00  -62.62133  -57.87550 1154598043 215.403290    34.5354 0.0000e+00
    907.000    -0.8132   2.840567    -0.8133   2.840767    6.56570    -0.0973    13.8155 0.0000e+00  -62.62133  -57.87550 1154598044 215.403303    34.5355 0.0000e+00
    908.000    -0.8128   2.840637    -0.8128   2.840851    6.56716    -0.0899    13.8155 0.0000e+00  -62.62133  -57.87550 1154598045 215.403318    34.5355 0.0000e+00
    909.000    -0.8134   2.840638    -0.8132   2.840870    6.56588    -0.1085    13.8155 0.0000e+00  -62.62133  -57.87550 1154598047 215.403332    34.5355 0.0000e+00
    910.000    -0.8138   2.840638    -0.8136   2.840881    6.56522    -0.0985    13.8155 0.0000e+00  -62.62133  -57.87550 1154598048 215.403347    34.5354 0.0000e+00
    911.000    -0.8140   2.840664    -0.8145   2.840851    6.56577    -0.1007    13.8155 0.0000e+00  -62.62133  -57.87550 1154598049 215.403362    34.5354 0.0000e+00
    912.000    -0.8145   2.840670    -0.8148   2.840869    6.56643    -0.1203    13.8155 0.0000e+00  -62.62133  -57.87550 1154598051 215.403378    34.5354 0.0000e+00
    913.000    -0.8155   2.840626    -0.8157   2.840832    6.56745    -0.1259    13.8155 0.0000e+00  -62.62133  -57.87550 1154598052 215.403393    34.5354 0.0000e+00
    914.000    -0.8157   2.840646    -0.8161   2.840841    6.56822    -0.0994    13.8155 0.0000e+00  -62.62133  -57.87550 1154598053 215.403408    34.5353 0.0000e+00
    915.000    -0.8176   2.840537    -0.8174   2.840776    6.56658    -0.0975    13.8155 0.0000e+00  -62.62133  -57.87550 1154598054 215.403421    34.5355 0.0000e+00
    916.000    -0.8185   2.840501    -0.8184   2.840721    6.56709    -0.1151    13.8155 0.0000e+00  -62.62133  -57.87550 1154598056 215.403435    34.5354 0.0000e+00
    917.000    -0.8193   2.840475    -0.8194   2.840693    6.56847    -0.1270    13.8155 0.0000e+00  -62.62133  -57.87550 1154598057 215.403448    34.5353 0.0000e+00
    918.000    -0.8214   2.840334    -0.8215   2.840565    6.57143    -0.0978    13.8155 0.0000e+00  -62.62133  -57.87550 1154598058 215.403461    34.5352 0.0000e+00
    919.000    -0.8230   2.840238    -0.8230   2.840467    6.57306    -0.1154    13.8155 0.0000e+00  -62.62133  -57.87550 1154598059 215.403475    34.5352 0.0000e+00
    920.000    -0.8240   2.840204    -0.8245   2.840396    6.57087    -0.1159    13.8155 0.0000e+00  -62.62133  -57.87550 1154598060 215.403490    34.5353 0.0000e+00
    921.000    -0.8248   2.840183    -0.8249   2.840400    6.57151    -0.1205    13.8155 0.0000e+00  -62.62133  -57.87550 1154598062 215.403505    34.5354 0.0000e+00
    922.000    -0.8266   2.840075    -0.8265   2.840307    6.57356    -0.1100    13.8155 0.0000e+00  -62.62133  -57.87550 1154598063 215.403520    34.5353 0.0000e+00
    923.000    -0.8276   2.840022    -0.8278   2.840250    6.57547    -0.1006    13.8155 0.0000e+00  -62.62133  -57.87550 1154598064 215.403535    34.5352 0.0000e+00
    924.000    -0.8294   2.839911    -0.8298   2.840102    6.57698    -0.0872    13.8155 0.0000e+00  -62.62133  -57.87550 1154598066 215.403550    34.5352 0.0000e+00
    925.000    -0.8295   2.839943    -0.8296   2.840162    6.58091    -0.1045    13.8155 0.0000e+00  -62.62133  -57.87550 1154598067 215.403564    34.5352 0.0000e+00
    926.000    -0.8310   2.839865    -0.8312   2.840075    6.58159    -0.1232    13.8155 0.0000e+00  -62.62133  -57.87550 1154598068 215.403579    34.5353 0.0000e+00
    927.000    -0.8306   2.839953    -0.8304   2.840178    6.58322    -0.1107    13.8155 0.0000e+00  -62.62133  -57.87550 1154598069 215.403593    34.5353 0.0000e+00
    928.000    -0.8307   2.839978    -0.8310   2.840181    6.58567    -0.1252    13.8155 0.0000e+00  -62.62133  -57.87550 1154598070 215.403607    34.5352 0.0000e+00
    929.000    -0.8331   2.839811    -0.8332   2.840036    6.58584    -0.0827    13.8155 0.0000e+00  -62.62133  -57.87550 1154598072 215.403621    34.5351 0.0000e+00
    930.000    -0.8353   2.839678    -0.8353   2.839900    6.58641    -0.1181    13.8155 0.0000e+00  -62.62133  -57.87550 1154598073 215.403634    34.5352 0.0000e+00
    931.000    -0.8364   2.839627    -0.8366   2.839828    6.58706    -0.0925    13.8155 0.0000e+00  -62.62133  -57.87550 1154598074 215.403648    34.5353 0.0000e+00
    932.000    -0.8381   2.839521    -0.8382   2.839736    6.58613    -0.1026    13.8155 0.0000e+00  -62.62133  -57.87550 1154598075 215.403662    34.5352 0.0000e+00
    933.000    -0.8384   2.839534    -0.8385   2.839754    6.58471    -0.1219    13.8155 0.0000e+00  -62.62133  -57.87550 1154598077 215.403678    34.5351 0.0000e+00
    934.000    -0.8384   2.839587    -0.8385   2.839795    6.58477    -0.0968    13.8155 0.0000e+00  -62.62133  -57.87550 1154598078 215.403693    34.5351 0.0000e+00
    935.000    -0.8387   2.839604    -0.8388   2.839821    6.58525    -0.1173    13.8155 0.0000e+00  -62.62133  -57.87550 1154598079 215.403708    34.5351 0.0000e+00
    936.000    -0.8387   2.839639    -0.8390   2.839848    6.58648    -0.1015    13.8155 0.0000e+00  -62.62133  -57.87550 1154598080 215.403722    34.5350 0.0000e+00
    937.000    -0.8388   2.839680    -0.8392   2.839881    6.58611    -0.0628    13.8155 0.0000e+00  -62.62133  -57.87550 1154598082 215.403735    34.5350 0.0000e+00
    938.000    -0.8383   2.839757    -0.8386   2.839965    6.58572    -0.0984    13.8155 0.0000e+00  -62.62133  -57.87550 1154598083 215.403749    34.5349 0.0000e+00
    939.000    -0.8384   2.839815    -0.8385   2.840018    6.58480    -0.1048    13.8155 0.0000e+00  -62.62133  -57.87550 1154598084 215.403763    34.5352 0.0000e+00
    940.000    -0.8388   2.839808    -0.8389   2.840032    6.58545    -0.1250    13.8155 0.0000e+00  -62.62133  -57.87550 1154598085 215.403778    34.5350 0.0000e+00
    941.000    -0.8385   2.839881    -0.8389   2.840070    6.58646    -0.1213    13.8155 0.0000e+00  -62.62133  -57.87550 1154598086 215.403792    34.5351 0.0000e+00
    942.000    -0.8408   2.839728    -0.8408   2.839970    6.58727    -0.0921    13.8155 0.0000e+00  -62.62133  -57.87550 1154598088 215.403806    34.5349 0.0000e+00
    943.000    -0.8421   2.839663    -0.8422   2.839871    6.58956    -0.0955    13.8155 0.0000e+00  -62.62133  -57.87550 1154598089 215.403821    34.5351 0.0000e+00
    944.000    -0.8418   2.839735    -0.8421   2.839936    6.59023    -0.1231    13.8155 0.0000e+00  -62.62133  -57.87550 1154598090 215.403835    34.5350 0.0000e+00
    945.000    -0.8420   2.839760    -0.8422   2.839963    6.59061    -0.1060    13.8155 0.0000e+00  -62.62133  -57.87550 1154598092 215.403850    34.5351 0.0000e+00
    946.000    -0.8427   2.839737    -0.8427   2.839964    6.58948    -0.1160    13.8155 0.0000e+00  -62.62133  -57.87550 1154598093 215.403865    34.5350 0.0000e+00
    947.000    -0.8435   2.839703    -0.8442   2.839888    6.59122    -0.1153    13.8155 0.0000e+00  -62.62133  -57.87550 1154598094 215.403879    34.5348 0.0000e+00
    948.000    -0.8463   2.839518    -0.8467   2.839712    6.59154    -0.1086    13.8155 0.0000e+00  -62.62133  -57.87550 1154598095 215.403893    34.5349 0.0000e+00
    949.000    -0.8473   2.839478    -0.8478   2.839661    6.59144    -0.0970    13.8155 0.0000e+00  -62.62133  -57.87550 1154598096 215.403906    34.5350 0.0000e+00
    950.000    -0.8479   2.839465    -0.8482   2.839675    6.59546    -0.1088    13.8155 0.0000e+00  -62.62133  -57.87550 1154598098 215.403920    34.5349 0.0000e+00
    951.000    -0.8506   2.839287    -0.8506   2.839523    6.59711    -0.0979    13.8155 0.0000e+00  -62.62133  -57.87550 1154598099 215.403935    34.5350 0.0000e+00
    952.000    -0.8520   2.839204    -0.8518   2.839450    6.59746    -0.1064    13.8155 0.0000e+00  -62.62133  -57.87550 1154598100 215.403950    34.5349 0.0000e+00
    953.000    -0.8521   2.839252    -0.8532   2.839386    6.59702    -0.1129    13.8155 0.0000e+00  -62.62133  -57.87550 1154598101 215.403964    34.5351 0.0000e+00
    954.000    -0.8559   2.838952    -0.8563   2.839159    6.59652    -0.0986    13.8155 0.0000e+00  -62.62133  -57.87550 1154598103 215.403978    34.5349 0.0000e+00
    955.000    -0.8560   2.838995    -0.8561   2.839221    6.60068    -0.0735    13.8155 0.0000e+00  -62.62133  -57.87550 1154598104 215.403993    34.5349 0.0000e+00
    956.000    -0.8558   2.839055    -0.8562   2.839256    6.60272    -0.0927    13.8155 0.0000e+00  -62.62133  -57.87550 1154598105 215.404008    34.5349 0.0000e+00
    957.000    -0.8564   2.839048    -0.8566   2.839264    6.60401    -0.0883    13.8155 0.0000e+00  -62.62133  -57.87550 1154598106 215.404022    34.5349 0.0000e+00
    958.000    -0.8566   2.839088    -0.8566   2.839299    6.60273    -0.0873    13.8155 0.0000e+00  -62.62133  -57.87550 1154598108 215.404037    34.5350 0.0000e+00
    959.000    -0.8566   2.839119    -0.8572   2.839300    6.60113    -0.1059    13.8155 0.0000e+00  -62.62133  -57.87550 1154598109 215.404050    34.5348 0.0000e+00
    960.000    -0.8588   2.838977    -0.8608   2.839038    6.60160    -0.1027    13.8155 0.0000e+00  -62.62133  -57.87550 1154598110 215.404063    34.5349 0.0000e+00
    961.000    -0.8612   2.838818    -0.8616   2.839010    6.60295    -0.1054    13.8155 0.0000e+00  -62.62133  -57.87550 1154598111 215.404076    34.5349 0.0000e+00
    962.000    -0.8606   2.838916    -0.8603   2.839156    6.60410    -0.1036    13.8155 0.0000e+00  -62.62133  -57.87550 1154598112 215.404091    34.5350 0.0000e+00
    963.000    -0.8613   2.838900    -0.8610   2.839144    6.60737    -0.0962    13.8155 0.0000e+00  -62.62133  -57.87550 1154598114 215.404106    34.5349 0.0000e+00
    964.000    -0.8599   2.839057    -0.8604   2.839239    6.60887    -0.1259    13.8155 0.0000e+00  -62.62133  -57.87550 1154598115 215.404122    34.5347 0.0000e+00
    965.000    -0.8632   2.838830    -0.8628   2.839081    6.60760    -0.1047    13.8155 0.0000e+00  -62.62133  -57.87550 1154598116 215.404138    34.5350 0.0000e+00
    966.000    -0.8630   2.838882    -0.8635   2.839077    6.60455    -0.1111    13.8155 0.0000e+00  -62.62133  -57.87550 1154598118 215.404152    34.5348 0.0000e+00
    967.000    -0.8647   2.838786    -0.8647   2.839021    6.60356    -0.0969    13.8155 0.0000e+00  -62.62133  -57.87550 1154598119 215.404165    34.5348 0.0000e+00
    968.000    -0.8647   2.838829    -0.8648   2.839040    6.60428    -0.0975    13.8155 0.0000e+00  -62.62133  -57.87550 1154598120 215.404178    34.5349 0.0000e+00
    969.000    -0.8653   2.838827    -0.8655   2.839034    6.60521    -0.1009    13.8155 0.0000e+00  -62.62133  -57.87550 1154598121 215.404192    34.5349 0.0000e+00
    970.000    -0.8647   2.838920    -0.8651   2.839111    6.60606    -0.1088    13.8155 0.0000e+00  -62.62133  -57.87550 1154598122 215.404206    34.5349 0.0000e+00
