product_data/regression_test/downloaded_data/MDGS/320620060703/ctd/adapted/heads_insert_p6609003.cnv
* Sea-Bird SBE 9 Data File:
* FileName = D:\Data\Raw\P6609003.dat
* Software Version Seasave Win32 V 5.32
* Temperature SN = 1649
* Conductivity SN = 1431
* Number of Bytes Per Scan = 37
* Number of Voltage Words = 5
* Number of Scans Averaged by the Deck Unit = 1
* NMEA Latitude = 61 22.54 S
* NMEA Longitude = 057 54.34 W
* NMEA UTC (Time) = 13:28:01
** Ship:   Nathaniel B. Palmer 
** Cruise:    NBP0603 p0606
** Cast #: 03
** Station:   90
** Operator: rdd
# nquan = 15
# nvalues = 1399                        
# units = specified
# name 0 = prDM: Pressure, Digiquartz [db]
# name 1 = t090C: Temperature [ITS-90, deg C]
# name 2 = c0S/m: Conductivity [S/m]
# name 3 = t190C: Temperature, 2 [ITS-90, deg C]
# name 4 = c1S/m: Conductivity, 2 [S/m]
# name 5 = sbeox0ML/L: Oxygen, SBE 43 [ml/l]
# name 6 = flECO-AFL: Fluorescence, Wetlab ECO-AFL/FL [mg/m^3]
# name 7 = bat: Beam Attenuation, Chelsea/Seatech/Wetlab CStar [1/m]
# name 8 = spar: SPAR/Surface Irradiance
# name 9 = latitude: Latitude [deg]
# name 10 = longitude: Longitude [deg]
# name 11 = timeY: Time, System [seconds]
# name 12 = timeJ: Julian Days
# name 13 = sal00: Salinity [PSU]
# name 14 = flag: flag
# span 0 =      4.000,   1402.000       
# span 1 =    -0.8073,     1.6064       
# span 2 =   2.771560,   3.048811       
# span 3 =    -0.8067,     1.6072       
# span 4 =   2.772168,   3.049082       
# span 5 =    4.66159,    7.82967       
# span 6 =    -0.1246,     0.3775       
# span 7 =    13.8155,    13.8155       
# span 8 = 1.1361e+01, 3.7057e+01       
# span 9 =  -61.37567,  -61.37567       
# span 10 =  -57.90567,  -57.90567      
# span 11 = 1152538089, 1152540167      
# span 12 = 191.561226, 191.585276      
# span 13 =    34.0612,    34.7275      
# span 14 = 0.0000e+00, 0.0000e+00      
# interval = decibars: 1                
# start_time = Jul 10 2006 13:28:09
# bad_flag = -9.990e-29
*END*
[from data line 386]
    389.000     0.0535   2.890421     0.0549   2.890799    5.98821    -0.0844    13.8155 1.8520e+01  -61.37567  -57.90567 1152538829 191.569801    34.5289 0.0000e+00
    390.000     0.0501   2.890091     0.0510   2.890411    5.98997    -0.0611    13.8155 -9.990e-29  -61.37567  -57.90567 1152538830 191.569807    34.5277 0.0000e+00
    391.000     0.0499   2.890156     0.0519   2.890573    5.99382    -0.0557    13.8155 -9.990e-29  -61.37567  -57.90567 1152538830 191.569813    34.5284 0.0000e+00
    392.000     0.0492   2.890150     0.0493   2.890355    5.99673    -0.0650    13.8155 -9.990e-29  -61.37567  -57.90567 1152538832 191.569837    34.5281 0.0000e+00
    393.000     0.0550   2.890722     0.0552   2.890943    5.99887    -0.0709    13.8155 -9.990e-29  -61.37567  -57.90567 1152538837 191.569886    34.5280 0.0000e+00
    394.000     0.0427   2.889641     0.0478   2.890349    6.00193    -0.0815    13.8155 -9.990e-29  -61.37567  -57.90567 1152538838 191.569899    34.5271 0.0000e+00
    395.000     0.0431   2.889737     0.0438   2.890009    6.00368    -0.0573    13.8155 -9.990e-29  -61.37567  -57.90567 1152538839 191.569911    34.5274 0.0000e+00
    396.000     0.0460   2.890029     0.0474   2.890365    6.00536    -0.0741    13.8155 -9.990e-29  -61.37567  -57.90567 1152538840 191.569923    34.5271 0.0000e+00
    397.000     0.0455   2.890033     0.0462   2.890315    6.00661    -0.0698    13.8155 -9.990e-29  -61.37567  -57.90567 1152538841 191.569938    34.5271 0.0000e+00
    398.000     0.0462   2.890181     0.0467   2.890420    6.00310    -0.0634    13.8155 -9.990e-29  -61.37567  -57.90567 1152538843 191.569957    34.5277 0.0000e+00
    399.000     0.0487   2.890473     0.0499   2.890766    5.99561    -0.0686    13.8155 -9.990e-29  -61.37567  -57.90567 1152538845 191.569978    34.5280 0.0000e+00
    400.000     0.0568   2.891284     0.0546   2.891263    5.99001    -0.0734    13.8155 1.9459e+01  -61.37567  -57.90567 1152538846 191.569999    34.5288 0.0000e+00
    401.000     0.0755   2.893117     0.0872   2.894253    5.97813    -0.0648    13.8155 1.9481e+01  -61.37567  -57.90567 1152538848 191.570018    34.5312 0.0000e+00
    402.000     0.1113   2.896556     0.1088   2.896410    5.96531    -0.0696    13.8155 1.9481e+01  -61.37567  -57.90567 1152538849 191.570033    34.5345 0.0000e+00
    403.000     0.1422   2.899451     0.1425   2.899585    5.94772    -0.0694    13.8155 -9.990e-29  -61.37567  -57.90567 1152538851 191.570048    34.5367 0.0000e+00
    404.000     0.1648   2.901616     0.1617   2.901419    5.93457    -0.0602    13.8155 -9.990e-29  -61.37567  -57.90567 1152538852 191.570063    34.5389 0.0000e+00
    405.000     0.1786   2.902933     0.1806   2.903216    5.92088    -0.0747    13.8155 -9.990e-29  -61.37567  -57.90567 1152538853 191.570076    34.5400 0.0000e+00
    406.000     0.1798   2.903082     0.1833   2.903519    5.90167    -0.0575    13.8155 -9.990e-29  -61.37567  -57.90567 1152538854 191.570089    34.5404 0.0000e+00
    407.000     0.1905   2.904087     0.1927   2.904440    5.86335    -0.0673    13.8155 -9.990e-29  -61.37567  -57.90567 1152538856 191.570110    34.5412 0.0000e+00
    408.000     0.2410   2.908901     0.2482   2.909507    5.82048    -0.0672    13.8155 -9.990e-29  -61.37567  -57.90567 1152538858 191.570134    34.5472 0.0000e+00
    409.000     0.3157   2.915996     0.3261   2.916760    5.76977    -0.0674    13.8155 -9.990e-29  -61.37567  -57.90567 1152538859 191.570148    34.5543 0.0000e+00
    410.000     0.4842   2.931982     0.4997   2.932685    5.71152    -0.0707    13.8155 -9.990e-29  -61.37567  -57.90567 1152538860 191.570159    34.5712 0.0000e+00
    411.000     0.6067   2.943271     0.6083   2.943144    5.64966    -0.0647    13.8155 -9.990e-29  -61.37567  -57.90567 1152538861 191.570173    34.5769 0.0000e+00
    412.000     0.6473   2.947062     0.6540   2.947666    5.58813    -0.0674    13.8155 1.9481e+01  -61.37567  -57.90567 1152538863 191.570190    34.5803 0.0000e+00
    413.000     0.6652   2.948894     0.6738   2.949533    5.55699    -0.0638    13.8155 1.9481e+01  -61.37567  -57.90567 1152538864 191.570201    34.5853 0.0000e+00
    414.000     0.6857   2.950710     0.6854   2.950710    5.53713    -0.0614    13.8155 1.9481e+01  -61.37567  -57.90567 1152538865 191.570211    34.5852 0.0000e+00
    415.000     0.6884   2.951018     0.6888   2.951068    5.51940    -0.0718    13.8155 1.9481e+01  -61.37567  -57.90567 1152538865 191.570218    34.5865 0.0000e+00
    416.000     0.6945   2.951610     0.6971   2.951850    5.50423    -0.0674    13.8155 1.9481e+01  -61.37567  -57.90567 1152538866 191.570226    34.5873 0.0000e+00
    417.000     0.7168   2.953795     0.7221   2.954137    5.49007    -0.0672    13.8155 1.9464e+01  -61.37567  -57.90567 1152538867 191.570234    34.5910 0.0000e+00
    418.000     0.7130   2.953332     0.7208   2.954100    5.48075    -0.0731    13.8155 -9.990e-29  -61.37567  -57.90567 1152538868 191.570251    34.5896 0.0000e+00
    419.000     0.7007   2.952096     0.6989   2.952050    5.47484    -0.0648    13.8155 -9.990e-29  -61.37567  -57.90567 1152538871 191.570282    34.5890 0.0000e+00
    420.000     0.6521   2.947618     0.6497   2.947650    5.48652    -0.0656    13.8155 -9.990e-29  -61.37567  -57.90567 1152538872 191.570297    34.5864 0.0000e+00
    421.000     0.6372   2.946267     0.6330   2.945991    5.49464    -0.0740    13.8155 -9.990e-29  -61.37567  -57.90567 1152538873 191.570311    34.5859 0.0000e+00
    422.000     0.6219   2.944901     0.6265   2.945457    5.51042    -0.0600    13.8155 -9.990e-29  -61.37567  -57.90567 1152538875 191.570328    34.5853 0.0000e+00
    423.000     0.6047   2.943314     0.6076   2.943765    5.51881    -0.0900    13.8155 -9.990e-29  -61.37567  -57.90567 1152538876 191.570344    34.5839 0.0000e+00
    424.000     0.6020   2.943105     0.5953   2.942650    5.50431    -0.0684    13.8155 -9.990e-29  -61.37567  -57.90567 1152538877 191.570356    34.5839 0.0000e+00
    425.000     0.6033   2.943270     0.6032   2.943427    5.52106    -0.0689    13.8155 -9.990e-29  -61.37567  -57.90567 1152538878 191.570365    34.5833 0.0000e+00
    426.000     0.6074   2.943772     0.6136   2.944452    5.52632    -0.0625    13.8155 -9.990e-29  -61.37567  -57.90567 1152538879 191.570373    34.5851 0.0000e+00
    427.000     0.5931   2.942138     0.5871   2.942172    5.53187    -0.0745    13.8155 -9.990e-29  -61.37567  -57.90567 1152538879 191.570380    34.5775 0.0000e+00
    428.000     0.4907   2.932795     0.4878   2.933131    5.52785    -0.0776    13.8155 -9.990e-29  -61.37567  -57.90567 1152538880 191.570387    34.5742 0.0000e+00
    429.000     0.5466   2.938878     0.5757   2.940866    5.51549    -0.0658    13.8155 -9.990e-29  -61.37567  -57.90567 1152538881 191.570395    34.5904 0.0000e+00
    430.000     0.6699   2.949954     0.6720   2.950083    5.49741    -0.0694    13.8155 1.8557e+01  -61.37567  -57.90567 1152538882 191.570410    34.5912 0.0000e+00
    431.000     0.6372   2.946852     0.6338   2.947039    5.48234    -0.0682    13.8155 1.9047e+01  -61.37567  -57.90567 1152538885 191.570450    34.5881 0.0000e+00
    432.000     0.6581   2.949035     0.6694   2.949920    5.47198    -0.0677    13.8155 1.9355e+01  -61.37567  -57.90567 1152538887 191.570466    34.5936 0.0000e+00
    433.000     0.7064   2.953476     0.7053   2.953451    5.46150    -0.0619    13.8155 1.9472e+01  -61.37567  -57.90567 1152538888 191.570479    34.5942 0.0000e+00
    434.000     0.7065   2.953553     0.7081   2.953807    5.45093    -0.0854    13.8155 -9.990e-29  -61.37567  -57.90567 1152538889 191.570491    34.5949 0.0000e+00
    435.000     0.7072   2.953684     0.7090   2.953955    5.44466    -0.0681    13.8155 -9.990e-29  -61.37567  -57.90567 1152538890 191.570502    34.5956 0.0000e+00
    436.000     0.7111   2.954095     0.7140   2.954465    5.44125    -0.0794    13.8155 -9.990e-29  -61.37567  -57.90567 1152538891 191.570512    34.5960 0.0000e+00
    437.000     0.7116   2.954169     0.7123   2.954349    5.43630    -0.0718    13.8155 -9.990e-29  -61.37567  -57.90567 1152538892 191.570522    34.5960 0.0000e+00
    438.000     0.7209   2.955148     0.7234   2.955390    5.42972    -0.0844    13.8155 -9.990e-29  -61.37567  -57.90567 1152538893 191.570534    34.5980 0.0000e+00
    439.000     0.7342   2.956378     0.7378   2.956818    5.42213    -0.0630    13.8155 -9.990e-29  -61.37567  -57.90567 1152538894 191.570548    34.5981 0.0000e+00
    440.000     0.7357   2.956551     0.7350   2.956647    5.41722    -0.0985    13.8155 -9.990e-29  -61.37567  -57.90567 1152538895 191.570563    34.5982 0.0000e+00
    441.000     0.7320   2.956275     0.7314   2.956343    5.41353    -0.0571    13.8155 -9.990e-29  -61.37567  -57.90567 1152538896 191.570577    34.5986 0.0000e+00
    442.000     0.7425   2.957348     0.7431   2.957458    5.40762    -0.0671    13.8155 -9.990e-29  -61.37567  -57.90567 1152538897 191.570589    34.6003 0.0000e+00
    443.000     0.7540   2.958445     0.7539   2.958525    5.40653    -0.0578    13.8155 -9.990e-29  -61.37567  -57.90567 1152538898 191.570600    34.6009 0.0000e+00
    444.000     0.7638   2.959420     0.7667   2.959776    5.39218    -0.0675    13.8155 1.8598e+01  -61.37567  -57.90567 1152538900 191.570615    34.6020 0.0000e+00
    445.000     0.7605   2.959114     0.7601   2.959209    5.38213    -0.0704    13.8155 2.0696e+01  -61.37567  -57.90567 1152538903 191.570652    34.6017 0.0000e+00
    446.000     0.7974   2.962715     0.7974   2.962680    5.37632    -0.0753    13.8155 1.9550e+01  -61.37567  -57.90567 1152538905 191.570672    34.6063 0.0000e+00
    447.000     0.7982   2.962834     0.7927   2.962408    5.36879    -0.0757    13.8155 -9.990e-29  -61.37567  -57.90567 1152538905 191.570682    34.6061 0.0000e+00
    448.000     0.8137   2.964393     0.8150   2.964559    5.36509    -0.0613    13.8155 -9.990e-29  -61.37567  -57.90567 1152538906 191.570691    34.6081 0.0000e+00
    449.000     0.8181   2.964790     0.8189   2.964991    5.36439    -0.0740    13.8155 -9.990e-29  -61.37567  -57.90567 1152538907 191.570698    34.6075 0.0000e+00
    450.000     0.8076   2.963797     0.8085   2.964110    5.36277    -0.0656    13.8155 -9.990e-29  -61.37567  -57.90567 1152538907 191.570705    34.6059 0.0000e+00
    451.000     0.8001   2.963204     0.8019   2.963529    5.36077    -0.0604    13.8155 -9.990e-29  -61.37567  -57.90567 1152538908 191.570712    34.6068 0.0000e+00
    452.000     0.7976   2.963018     0.7990   2.963205    5.35851    -0.0659    13.8155 1.9573e+01  -61.37567  -57.90567 1152538909 191.570719    34.6057 0.0000e+00
    453.000     0.8005   2.963353     0.7995   2.963321    5.35599    -0.0605    13.8155 1.9482e+01  -61.37567  -57.90567 1152538909 191.570728    34.6081 0.0000e+00
    454.000     0.8016   2.963491     0.7992   2.963372    5.35683    -0.0804    13.8155 1.6532e+01  -61.37567  -57.90567 1152538913 191.570769    34.6075 0.0000e+00
    455.000     0.7959   2.962986     0.7949   2.963060    5.36726    -0.0669    13.8155 1.3536e+01  -61.37567  -57.90567 1152538916 191.570808    34.6068 0.0000e+00
    456.000     0.7585   2.959422     0.7579   2.959675    5.37168    -0.0777    13.8155 1.3527e+01  -61.37567  -57.90567 1152538917 191.570817    34.6029 0.0000e+00
    457.000     0.7564   2.959429     0.7561   2.959500    5.37031    -0.0847    13.8155 1.5387e+01  -61.37567  -57.90567 1152538918 191.570825    34.6055 0.0000e+00
    458.000     0.7770   2.961426     0.7810   2.961851    5.36705    -0.0860    13.8155 1.7304e+01  -61.37567  -57.90567 1152538918 191.570832    34.6071 0.0000e+00
    459.000     0.7923   2.962861     0.7941   2.963144    5.36257    -0.0603    13.8155 1.7397e+01  -61.37567  -57.90567 1152538919 191.570839    34.6074 0.0000e+00
    460.000     0.8014   2.963765     0.8015   2.963880    5.35796    -0.0706    13.8155 1.7748e+01  -61.37567  -57.90567 1152538920 191.570845    34.6082 0.0000e+00
    461.000     0.8118   2.964758     0.8133   2.965033    5.35734    -0.0678    13.8155 1.4354e+01  -61.37567  -57.90567 1152538920 191.570852    34.6084 0.0000e+00
    462.000     0.8046   2.964141     0.8077   2.964608    5.35646    -0.0574    13.8155 1.5274e+01  -61.37567  -57.90567 1152538921 191.570861    34.6078 0.0000e+00
    463.000     0.7994   2.963701     0.8029   2.964145    5.35177    -0.0743    13.8155 1.8221e+01  -61.37567  -57.90567 1152538924 191.570892    34.6079 0.0000e+00
    464.000     0.7943   2.963253     0.7999   2.963883    5.34970    -0.0726    13.8155 1.8790e+01  -61.37567  -57.90567 1152538927 191.570927    34.6077 0.0000e+00
    465.000     0.8213   2.965852     0.8239   2.966225    5.33516    -0.0584    13.8155 1.7234e+01  -61.37567  -57.90567 1152538928 191.570942    34.6095 0.0000e+00
    466.000     0.8199   2.965792     0.8220   2.966099    5.32828    -0.0689    13.8155 1.6680e+01  -61.37567  -57.90567 1152538929 191.570954    34.6099 0.0000e+00
    467.000     0.8131   2.965160     0.8134   2.965377    5.32988    -0.0821    13.8155 1.7448e+01  -61.37567  -57.90567 1152538930 191.570966    34.6090 0.0000e+00
    468.000     0.8123   2.965185     0.8122   2.965284    5.32164    -0.0561    13.8155 1.9156e+01  -61.37567  -57.90567 1152538931 191.570976    34.6099 0.0000e+00
    469.000     0.8154   2.965563     0.8240   2.966435    5.30645    -0.0681    13.8155 1.9277e+01  -61.37567  -57.90567 1152538932 191.570985    34.6110 0.0000e+00
    470.000     0.8755   2.971627     0.8843   2.972024    5.29022    -0.0682    13.8155 1.9163e+01  -61.37567  -57.90567 1152538932 191.570994    34.6222 0.0000e+00
    471.000     0.9725   2.980565     0.9764   2.980874    5.27914    -0.0799    13.8155 1.8406e+01  -61.37567  -57.90567 1152538933 191.571001    34.6240 0.0000e+00
    472.000     0.9607   2.979780     0.9570   2.979140    5.26627    -0.0736    13.8155 1.8522e+01  -61.37567  -57.90567 1152538934 191.571009    34.6257 0.0000e+00
    473.000     0.9674   2.980207     0.9753   2.980924    5.25281    -0.0798    13.8155 1.8861e+01  -61.37567  -57.90567 1152538935 191.571018    34.6246 0.0000e+00
    474.000     0.9465   2.978194     0.9406   2.977602    5.22843    -0.0699    13.8155 1.9532e+01  -61.37567  -57.90567 1152538939 191.571070    34.6238 0.0000e+00
    475.000     0.9517   2.978811     0.9668   2.980198    5.22453    -0.0760    13.8155 -9.990e-29  -61.37567  -57.90567 1152538941 191.571092    34.6262 0.0000e+00
    476.000     0.9830   2.981773     0.9837   2.981860    5.21810    -0.0627    13.8155 -9.990e-29  -61.37567  -57.90567 1152538942 191.571103    34.6280 0.0000e+00
    477.000     0.9781   2.981261     0.9926   2.982746    5.21290    -0.0758    13.8155 -9.990e-29  -61.37567  -57.90567 1152538943 191.571113    34.6261 0.0000e+00
    478.000     0.9863   2.982185     0.9940   2.982960    5.21167    -0.0769    13.8155 -9.990e-29  -61.37567  -57.90567 1152538943 191.571121    34.6286 0.0000e+00
    479.000     0.9908   2.982539     0.9909   2.982754    5.21015    -0.0687    13.8155 -9.990e-29  -61.37567  -57.90567 1152538944 191.571129    34.6271 0.0000e+00
    480.000     0.9810   2.981694     0.9843   2.982171    5.20657    -0.0811    13.8155 -9.990e-29  -61.37567  -57.90567 1152538945 191.571136    34.6274 0.0000e+00
    481.000     0.9717   2.980842     0.9726   2.981091    5.20478    -0.0671    13.8155 -9.990e-29  -61.37567  -57.90567 1152538945 191.571143    34.6264 0.0000e+00
    482.000     0.9758   2.981352     0.9794   2.981741    5.20502    -0.0804    13.8155 1.9373e+01  -61.37567  -57.90567 1152538946 191.571153    34.6277 0.0000e+00
    483.000     0.9752   2.981254     0.9649   2.980483    5.20250    -0.0727    13.8155 1.9155e+01  -61.37567  -57.90567 1152538949 191.571191    34.6272 0.0000e+00
    484.000     0.9587   2.979703     0.9597   2.980003    5.21037    -0.0666    13.8155 -9.990e-29  -61.37567  -57.90567 1152538952 191.571216    34.6250 0.0000e+00
