product_data/regression_test/downloaded_data/MDGS/320620060703/ctd/adapted/heads_insert_p6621403.cnv
* Sea-Bird SBE 9 Data File:
* FileName = D:\Data\Raw\p6621403.dat
* Software Version Seasave Win32 V 5.32
* Temperature SN = 1649
* Conductivity SN = 1431
* Number of Bytes Per Scan = 37
* Number of Voltage Words = 5
* Number of Scans Averaged by the Deck Unit = 1
* NMEA Latitude = 63 12.75 S
* NMEA Longitude = 061 12.97 W
* NMEA UTC (Time) = 03:08:04
** Ship:   Nathaniel B. Palmer 
** Cruise:    NBP0606 
# nquan = 15
# nvalues = 1145                        
# units = specified
# name 0 = prDM: Pressure, Digiquartz [db]
# name 1 = t090C: Temperature [ITS-90, deg C]
# name 2 = c0S/m: Conductivity [S/m]
# name 3 = t190C: Temperature, 2 [ITS-90, deg C]
# name 4 = c1S/m: Conductivity, 2 [S/m]
# name 5 = sbeox0ML/L: Oxygen, SBE 43 [ml/l]
# name 6 = flECO-AFL: Fluorescence, Wetlab ECO-AFL/FL [mg/m^3]
# name 7 = bat: Beam Attenuation, Chelsea/Seatech/Wetlab CStar [1/m]
# name 8 = spar: SPAR/Surface Irradiance
# name 9 = latitude: Latitude [deg]
# name 10 = longitude: Longitude [deg]
# name 11 = timeY: Time, System [seconds]
# name 12 = timeJ: Julian Days
# name 13 = sal00: Salinity [PSU]
# name 14 = flag: flag
# span 0 =      3.000,   1147.000       
# span 1 =    -1.2210,     0.4741       
# span 2 =   2.745492,   2.937832       
# span 3 =    -1.2206,     0.4747       
# span 4 =   2.746199,   2.938102       
# span 5 =    5.67563,    7.78664       
# span 6 =    -0.1333,     0.1144       
# span 7 =    13.8155,    13.8155       
# span 8 = 0.0000e+00, 0.0000e+00       
# span 9 =  -63.21250,  -63.21250       
# span 10 =  -61.21617,  -61.21617      
# span 11 = 1154401695, 1154403358      
# span 12 = 213.130712, 213.149988      
# span 13 =    29.0933,    34.9601      
# span 14 = 0.0000e+00, 0.0000e+00      
# interval = decibars: 1                
# start_time = Aug 01 2006 03:08:17
# bad_flag = -9.990e-29
*END*
[from data line 386]
    388.000     0.2761   2.907945     0.2774   2.908259    5.88217    -0.0263    13.8155 0.0000e+00  -63.21250  -61.21617 1154402275 213.137462    34.5105 0.0000e+00
    389.000     0.2716   2.907667     0.2709   2.907822    5.88804     0.0012    13.8155 0.0000e+00  -63.21250  -61.21617 1154402277 213.137480    34.5111 0.0000e+00
    390.000     0.2691   2.907522     0.2700   2.907807    5.89133    -0.0248    13.8155 0.0000e+00  -63.21250  -61.21617 1154402278 213.137495    34.5113 0.0000e+00
    391.000     0.2665   2.907337     0.2674   2.907622    5.89252    -0.0174    13.8155 0.0000e+00  -63.21250  -61.21617 1154402279 213.137505    34.5113 0.0000e+00
    392.000     0.2661   2.907349     0.2668   2.907617    5.89376     0.0056    13.8155 0.0000e+00  -63.21250  -61.21617 1154402280 213.137516    34.5112 0.0000e+00
    393.000     0.2656   2.907371     0.2666   2.907654    5.89659    -0.0118    13.8155 0.0000e+00  -63.21250  -61.21617 1154402281 213.137529    34.5114 0.0000e+00
    394.000     0.2657   2.907452     0.2668   2.907742    5.90112    -0.0336    13.8155 0.0000e+00  -63.21250  -61.21617 1154402283 213.137554    34.5116 0.0000e+00
    395.000     0.2665   2.907626     0.2674   2.907896    5.90182    -0.0191    13.8155 0.0000e+00  -63.21250  -61.21617 1154402285 213.137573    34.5122 0.0000e+00
    396.000     0.2670   2.907721     0.2678   2.907991    5.90034    -0.0299    13.8155 0.0000e+00  -63.21250  -61.21617 1154402286 213.137584    34.5122 0.0000e+00
    397.000     0.2671   2.907817     0.2679   2.908077    5.89768    -0.0506    13.8155 0.0000e+00  -63.21250  -61.21617 1154402287 213.137595    34.5127 0.0000e+00
    398.000     0.2674   2.907913     0.2684   2.908189    5.89516    -0.0304    13.8155 0.0000e+00  -63.21250  -61.21617 1154402288 213.137609    34.5130 0.0000e+00
    399.000     0.2672   2.908004     0.2679   2.908266    5.89327    -0.0410    13.8155 0.0000e+00  -63.21250  -61.21617 1154402290 213.137628    34.5137 0.0000e+00
    400.000     0.2638   2.907797     0.2648   2.908069    5.89267    -0.0395    13.8155 0.0000e+00  -63.21250  -61.21617 1154402291 213.137646    34.5144 0.0000e+00
    401.000     0.2603   2.907574     0.2611   2.907839    5.89373     0.0143    13.8155 0.0000e+00  -63.21250  -61.21617 1154402292 213.137660    34.5147 0.0000e+00
    402.000     0.2584   2.907473     0.2594   2.907750    5.89419    -0.0389    13.8155 0.0000e+00  -63.21250  -61.21617 1154402293 213.137674    34.5150 0.0000e+00
    403.000     0.2586   2.907530     0.2598   2.907832    5.89473    -0.0435    13.8155 0.0000e+00  -63.21250  -61.21617 1154402295 213.137688    34.5150 0.0000e+00
    404.000     0.2582   2.907545     0.2585   2.907770    5.89618    -0.0347    13.8155 0.0000e+00  -63.21250  -61.21617 1154402296 213.137703    34.5149 0.0000e+00
    405.000     0.2575   2.907566     0.2577   2.907751    5.89283    -0.0185    13.8155 0.0000e+00  -63.21250  -61.21617 1154402297 213.137717    34.5154 0.0000e+00
    406.000     0.2589   2.907775     0.2598   2.908033    5.89030    -0.0259    13.8155 0.0000e+00  -63.21250  -61.21617 1154402299 213.137733    34.5159 0.0000e+00
    407.000     0.2596   2.907899     0.2606   2.908164    5.89195    -0.0373    13.8155 0.0000e+00  -63.21250  -61.21617 1154402300 213.137752    34.5160 0.0000e+00
    408.000     0.2594   2.907921     0.2603   2.908186    5.88884    -0.0212    13.8155 0.0000e+00  -63.21250  -61.21617 1154402302 213.137769    34.5159 0.0000e+00
    409.000     0.2614   2.908160     0.2625   2.908442    5.88891    -0.0255    13.8155 0.0000e+00  -63.21250  -61.21617 1154402303 213.137786    34.5163 0.0000e+00
    410.000     0.2640   2.908477     0.2649   2.908733    5.89022    -0.0332    13.8155 0.0000e+00  -63.21250  -61.21617 1154402305 213.137807    34.5169 0.0000e+00
    411.000     0.2649   2.908610     0.2655   2.908858    5.88788    -0.0524    13.8155 0.0000e+00  -63.21250  -61.21617 1154402306 213.137823    34.5169 0.0000e+00
    412.000     0.2659   2.908766     0.2668   2.909042    5.88652    -0.0182    13.8155 0.0000e+00  -63.21250  -61.21617 1154402307 213.137833    34.5172 0.0000e+00
    413.000     0.2671   2.908908     0.2678   2.909179    5.88635    -0.0370    13.8155 0.0000e+00  -63.21250  -61.21617 1154402308 213.137841    34.5172 0.0000e+00
    414.000     0.2675   2.909000     0.2683   2.909264    5.88585    -0.0328    13.8155 0.0000e+00  -63.21250  -61.21617 1154402309 213.137850    34.5174 0.0000e+00
    415.000     0.2683   2.909134     0.2690   2.909372    5.88393    -0.0350    13.8155 0.0000e+00  -63.21250  -61.21617 1154402310 213.137862    34.5176 0.0000e+00
    416.000     0.2679   2.909140     0.2686   2.909372    5.87941    -0.0098    13.8155 0.0000e+00  -63.21250  -61.21617 1154402312 213.137893    34.5176 0.0000e+00
    417.000     0.2712   2.909524     0.2716   2.909742    5.87831    -0.0360    13.8155 0.0000e+00  -63.21250  -61.21617 1154402314 213.137909    34.5183 0.0000e+00
    418.000     0.2715   2.909596     0.2721   2.909842    5.87921     0.0095    13.8155 0.0000e+00  -63.21250  -61.21617 1154402315 213.137919    34.5183 0.0000e+00
    419.000     0.2714   2.909632     0.2721   2.909874    5.87980    -0.0080    13.8155 0.0000e+00  -63.21250  -61.21617 1154402316 213.137929    34.5183 0.0000e+00
    420.000     0.2720   2.909736     0.2728   2.909981    5.87818    -0.0117    13.8155 0.0000e+00  -63.21250  -61.21617 1154402317 213.137941    34.5184 0.0000e+00
    421.000     0.2730   2.909881     0.2736   2.910116    5.87718    -0.0315    13.8155 0.0000e+00  -63.21250  -61.21617 1154402318 213.137957    34.5186 0.0000e+00
    422.000     0.2747   2.910089     0.2756   2.910356    5.87286    -0.0152    13.8155 0.0000e+00  -63.21250  -61.21617 1154402320 213.137978    34.5191 0.0000e+00
    423.000     0.2849   2.911110     0.2857   2.911352    5.87094    -0.0441    13.8155 0.0000e+00  -63.21250  -61.21617 1154402321 213.137996    34.5200 0.0000e+00
    424.000     0.2879   2.911440     0.2886   2.911681    5.86951    -0.0360    13.8155 0.0000e+00  -63.21250  -61.21617 1154402323 213.138011    34.5203 0.0000e+00
    425.000     0.2889   2.911585     0.2898   2.911837    5.86435    -0.0121    13.8155 0.0000e+00  -63.21250  -61.21617 1154402324 213.138024    34.5205 0.0000e+00
    426.000     0.2911   2.911834     0.2921   2.912108    5.86304    -0.0392    13.8155 0.0000e+00  -63.21250  -61.21617 1154402325 213.138035    34.5207 0.0000e+00
    427.000     0.2929   2.912061     0.2937   2.912292    5.86028    -0.0112    13.8155 0.0000e+00  -63.21250  -61.21617 1154402326 213.138050    34.5212 0.0000e+00
    428.000     0.2947   2.912292     0.2959   2.912569    5.85998    -0.0294    13.8155 0.0000e+00  -63.21250  -61.21617 1154402327 213.138066    34.5215 0.0000e+00
    429.000     0.2944   2.912305     0.2951   2.912548    5.85956    -0.0343    13.8155 0.0000e+00  -63.21250  -61.21617 1154402329 213.138084    34.5216 0.0000e+00
    430.000     0.2968   2.912564     0.2980   2.912849    5.85724    -0.0309    13.8155 0.0000e+00  -63.21250  -61.21617 1154402330 213.138101    34.5217 0.0000e+00
    431.000     0.2989   2.912820     0.3005   2.913140    5.85702    -0.0155    13.8155 0.0000e+00  -63.21250  -61.21617 1154402332 213.138117    34.5221 0.0000e+00
    432.000     0.3033   2.913286     0.3039   2.913506    5.85618    -0.0252    13.8155 0.0000e+00  -63.21250  -61.21617 1154402333 213.138133    34.5227 0.0000e+00
    433.000     0.3047   2.913461     0.3059   2.913756    5.85327    -0.0191    13.8155 0.0000e+00  -63.21250  -61.21617 1154402334 213.138148    34.5228 0.0000e+00
    434.000     0.3053   2.913576     0.3066   2.913861    5.85035    -0.0341    13.8155 0.0000e+00  -63.21250  -61.21617 1154402336 213.138160    34.5231 0.0000e+00
    435.000     0.3094   2.913973     0.3091   2.914143    5.84763    -0.0239    13.8155 0.0000e+00  -63.21250  -61.21617 1154402337 213.138173    34.5230 0.0000e+00
    436.000     0.3145   2.914549     0.3188   2.915068    5.84121    -0.0283    13.8155 0.0000e+00  -63.21250  -61.21617 1154402338 213.138190    34.5243 0.0000e+00
    437.000     0.3219   2.915270     0.3186   2.915112    5.83654    -0.0166    13.8155 0.0000e+00  -63.21250  -61.21617 1154402340 213.138210    34.5247 0.0000e+00
    438.000     0.3290   2.915974     0.3298   2.916211    5.83354    -0.0484    13.8155 0.0000e+00  -63.21250  -61.21617 1154402341 213.138226    34.5253 0.0000e+00
    439.000     0.3290   2.916029     0.3299   2.916256    5.82799    -0.0181    13.8155 0.0000e+00  -63.21250  -61.21617 1154402342 213.138237    34.5257 0.0000e+00
    440.000     0.3421   2.917305     0.3436   2.917594    5.82331    -0.0440    13.8155 0.0000e+00  -63.21250  -61.21617 1154402343 213.138248    34.5268 0.0000e+00
    441.000     0.3471   2.917848     0.3482   2.918108    5.82158    -0.0388    13.8155 0.0000e+00  -63.21250  -61.21617 1154402344 213.138261    34.5275 0.0000e+00
    442.000     0.3478   2.917979     0.3486   2.918214    5.81521    -0.0376    13.8155 0.0000e+00  -63.21250  -61.21617 1154402346 213.138279    34.5281 0.0000e+00
    443.000     0.3477   2.918047     0.3485   2.918293    5.81067    -0.0445    13.8155 0.0000e+00  -63.21250  -61.21617 1154402347 213.138297    34.5286 0.0000e+00
    444.000     0.3479   2.918119     0.3487   2.918350    5.80947    -0.0419    13.8155 0.0000e+00  -63.21250  -61.21617 1154402349 213.138314    34.5289 0.0000e+00
    445.000     0.3510   2.918580     0.3527   2.918753    5.80752    -0.0349    13.8155 0.0000e+00  -63.21250  -61.21617 1154402350 213.138327    34.5302 0.0000e+00
    446.000     0.3619   2.919626     0.3628   2.919853    5.80430    -0.0400    13.8155 0.0000e+00  -63.21250  -61.21617 1154402351 213.138340    34.5315 0.0000e+00
    447.000     0.3629   2.919772     0.3637   2.920010    5.79722    -0.0480    13.8155 0.0000e+00  -63.21250  -61.21617 1154402353 213.138360    34.5318 0.0000e+00
    448.000     0.3626   2.919782     0.3634   2.920019    5.79353    -0.0139    13.8155 0.0000e+00  -63.21250  -61.21617 1154402355 213.138381    34.5319 0.0000e+00
    449.000     0.3635   2.919927     0.3642   2.920146    5.79188    -0.0017    13.8155 0.0000e+00  -63.21250  -61.21617 1154402356 213.138393    34.5322 0.0000e+00
    450.000     0.3676   2.920380     0.3687   2.920628    5.79001    -0.0319    13.8155 0.0000e+00  -63.21250  -61.21617 1154402356 213.138403    34.5331 0.0000e+00
    451.000     0.3724   2.920916     0.3732   2.921152    5.78866    -0.0237    13.8155 0.0000e+00  -63.21250  -61.21617 1154402357 213.138415    34.5340 0.0000e+00
    452.000     0.3728   2.921018     0.3736   2.921260    5.78614    -0.0439    13.8155 0.0000e+00  -63.21250  -61.21617 1154402359 213.138434    34.5343 0.0000e+00
    453.000     0.3733   2.921120     0.3741   2.921355    5.78465    -0.0335    13.8155 0.0000e+00  -63.21250  -61.21617 1154402361 213.138451    34.5345 0.0000e+00
    454.000     0.3737   2.921207     0.3745   2.921455    5.78266    -0.0361    13.8155 0.0000e+00  -63.21250  -61.21617 1154402362 213.138464    34.5348 0.0000e+00
    455.000     0.3742   2.921305     0.3750   2.921540    5.78290    -0.0226    13.8155 0.0000e+00  -63.21250  -61.21617 1154402363 213.138476    34.5350 0.0000e+00
    456.000     0.3746   2.921388     0.3754   2.921627    5.78342    -0.0425    13.8155 0.0000e+00  -63.21250  -61.21617 1154402364 213.138493    34.5350 0.0000e+00
    457.000     0.3749   2.921474     0.3757   2.921715    5.78245    -0.0358    13.8155 0.0000e+00  -63.21250  -61.21617 1154402366 213.138513    34.5353 0.0000e+00
    458.000     0.3754   2.921572     0.3763   2.921819    5.78059    -0.0066    13.8155 0.0000e+00  -63.21250  -61.21617 1154402367 213.138528    34.5354 0.0000e+00
    459.000     0.3759   2.921660     0.3766   2.921887    5.77917    -0.0500    13.8155 0.0000e+00  -63.21250  -61.21617 1154402369 213.138543    34.5355 0.0000e+00
    460.000     0.3757   2.921675     0.3763   2.921903    5.77753    -0.0631    13.8155 0.0000e+00  -63.21250  -61.21617 1154402370 213.138562    34.5354 0.0000e+00
    461.000     0.3757   2.921725     0.3765   2.921979    5.77749    -0.0569    13.8155 0.0000e+00  -63.21250  -61.21617 1154402372 213.138578    34.5355 0.0000e+00
    462.000     0.3760   2.921803     0.3767   2.922057    5.77594    -0.0260    13.8155 0.0000e+00  -63.21250  -61.21617 1154402373 213.138591    34.5355 0.0000e+00
    463.000     0.3770   2.921988     0.3776   2.922218    5.77375    -0.0524    13.8155 0.0000e+00  -63.21250  -61.21617 1154402374 213.138604    34.5362 0.0000e+00
    464.000     0.3835   2.922649     0.3843   2.922886    5.77008    -0.0270    13.8155 0.0000e+00  -63.21250  -61.21617 1154402375 213.138619    34.5368 0.0000e+00
    465.000     0.3842   2.922753     0.3847   2.922982    5.76655    -0.0579    13.8155 0.0000e+00  -63.21250  -61.21617 1154402376 213.138633    34.5369 0.0000e+00
    466.000     0.3851   2.922904     0.3858   2.923135    5.76323    -0.0507    13.8155 0.0000e+00  -63.21250  -61.21617 1154402378 213.138650    34.5373 0.0000e+00
    467.000     0.3855   2.923003     0.3865   2.923259    5.75967    -0.0429    13.8155 0.0000e+00  -63.21250  -61.21617 1154402380 213.138671    34.5376 0.0000e+00
    468.000     0.3937   2.923853     0.3948   2.924072    5.75937    -0.0239    13.8155 0.0000e+00  -63.21250  -61.21617 1154402381 213.138687    34.5389 0.0000e+00
    469.000     0.3985   2.924331     0.3993   2.924560    5.75925    -0.0522    13.8155 0.0000e+00  -63.21250  -61.21617 1154402382 213.138698    34.5391 0.0000e+00
    470.000     0.4025   2.924764     0.4031   2.924967    5.75887    -0.0330    13.8155 0.0000e+00  -63.21250  -61.21617 1154402383 213.138709    34.5395 0.0000e+00
    471.000     0.4033   2.924878     0.4041   2.925114    5.75875    -0.0504    13.8155 0.0000e+00  -63.21250  -61.21617 1154402384 213.138724    34.5396 0.0000e+00
    472.000     0.4030   2.924905     0.4044   2.925200    5.75590    -0.0511    13.8155 0.0000e+00  -63.21250  -61.21617 1154402386 213.138747    34.5398 0.0000e+00
    473.000     0.4059   2.925227     0.4072   2.925513    5.75295    -0.0500    13.8155 0.0000e+00  -63.21250  -61.21617 1154402388 213.138763    34.5402 0.0000e+00
    474.000     0.4072   2.925395     0.4073   2.925571    5.74936    -0.0563    13.8155 0.0000e+00  -63.21250  -61.21617 1154402389 213.138776    34.5403 0.0000e+00
    475.000     0.4101   2.925700     0.4106   2.925904    5.74552    -0.0463    13.8155 0.0000e+00  -63.21250  -61.21617 1154402390 213.138788    34.5406 0.0000e+00
    476.000     0.4122   2.925950     0.4136   2.926236    5.74474    -0.0336    13.8155 0.0000e+00  -63.21250  -61.21617 1154402391 213.138803    34.5408 0.0000e+00
    477.000     0.4162   2.926376     0.4169   2.926603    5.73920    -0.0354    13.8155 0.0000e+00  -63.21250  -61.21617 1154402392 213.138819    34.5413 0.0000e+00
    478.000     0.4214   2.926988     0.4258   2.927524    5.73153    -0.0313    13.8155 0.0000e+00  -63.21250  -61.21617 1154402394 213.138834    34.5430 0.0000e+00
    479.000     0.4297   2.927810     0.4305   2.928043    5.72544    -0.0592    13.8155 0.0000e+00  -63.21250  -61.21617 1154402395 213.138849    34.5435 0.0000e+00
    480.000     0.4372   2.928577     0.4381   2.928769    5.72107    -0.0483    13.8155 0.0000e+00  -63.21250  -61.21617 1154402396 213.138866    34.5446 0.0000e+00
    481.000     0.4561   2.930408     0.4583   2.930732    5.71103    -0.0557    13.8155 0.0000e+00  -63.21250  -61.21617 1154402398 213.138884    34.5464 0.0000e+00
    482.000     0.4600   2.930822     0.4610   2.931066    5.70617    -0.0633    13.8155 0.0000e+00  -63.21250  -61.21617 1154402399 213.138900    34.5469 0.0000e+00
    483.000     0.4612   2.930953     0.4617   2.931173    5.70535    -0.0489    13.8155 0.0000e+00  -63.21250  -61.21617 1154402401 213.138916    34.5468 0.0000e+00
