product_data/regression_test/downloaded_data/MDGS/320620060703/ctd/adapted/heads_insert_p6609306.cnv
* Sea-Bird SBE 9 Data File:
* FileName = D:\Data\Raw\p6609306.dat
* Software Version Seasave Win32 V 5.32
* Temperature SN = 1649
* Conductivity SN = 1431
* Number of Bytes Per Scan = 37
* Number of Voltage Words = 5
* Number of Scans Averaged by the Deck Unit = 1
* NMEA Latitude = 61 07.50 S
* NMEA Longitude = 058 05.51 W
* NMEA UTC (Time) = 04:04:44
** Ship:   Nathaniel B. Palmer nbp
** Cruise:    NBP0606 nbp0606
# nquan = 15
# nvalues = 491                         
# units = specified
# name 0 = prDM: Pressure, Digiquartz [db]
# name 1 = t090C: Temperature [ITS-90, deg C]
# name 2 = c0S/m: Conductivity [S/m]
# name 3 = t190C: Temperature, 2 [ITS-90, deg C]
# name 4 = c1S/m: Conductivity, 2 [S/m]
# name 5 = sbeox0ML/L: Oxygen, SBE 43 [ml/l]
# name 6 = flECO-AFL: Fluorescence, Wetlab ECO-AFL/FL [mg/m^3]
# name 7 = bat: Beam Attenuation, Chelsea/Seatech/Wetlab CStar [1/m]
# name 8 = spar: SPAR/Surface Irradiance
# name 9 = latitude: Latitude [deg]
# name 10 = longitude: Longitude [deg]
# name 11 = timeY: Time, System [seconds]
# name 12 = timeJ: Julian Days
# name 13 = sal00: Salinity [PSU]
# name 14 = flag: flag
# span 0 =     13.000,    503.000       
# span 1 =    -0.7969,     1.9525       
# span 2 =   2.758350,   3.066842       
# span 3 =    -0.7975,     1.9538       
# span 4 =   2.759037,   3.067144       
# span 5 =    4.33000,    8.01044       
# span 6 =    -0.0890,     0.2474       
# span 7 =    13.8155,    13.8155       
# span 8 = 0.0000e+00, 0.0000e+00       
# span 9 =  -61.12500,  -61.12500       
# span 10 =  -58.09183,  -58.09183      
# span 11 = 1152590703, 1152591646      
# span 12 = 192.170182, 192.181108      
# span 13 =    33.9449,    34.7111      
# span 14 = 0.0000e+00, 0.0000e+00      
# interval = decibars: 1                
# start_time = Jul 11 2006 04:04:51
# bad_flag = -9.990e-29
*END*
[from data line 386]
    398.000     1.8976   3.061739     1.8990   3.062069    4.41206    -0.0830    13.8155 0.0000e+00  -61.12500  -58.09183 1152591312 192.177241    34.6838 0.0000e+00
    399.000     1.8930   3.061357     1.8940   3.061672    4.41077    -0.0578    13.8155 0.0000e+00  -61.12500  -58.09183 1152591313 192.177255    34.6836 0.0000e+00
    400.000     1.8930   3.061426     1.8939   3.061718    4.40873    -0.0762    13.8155 0.0000e+00  -61.12500  -58.09183 1152591315 192.177269    34.6838 0.0000e+00
    401.000     1.8939   3.061589     1.8948   3.061868    4.40638    -0.0587    13.8155 0.0000e+00  -61.12500  -58.09183 1152591316 192.177282    34.6843 0.0000e+00
    402.000     1.8944   3.061707     1.8953   3.061988    4.40492    -0.0695    13.8155 0.0000e+00  -61.12500  -58.09183 1152591317 192.177295    34.6846 0.0000e+00
    403.000     1.8951   3.061841     1.8961   3.062127    4.40355    -0.0693    13.8155 0.0000e+00  -61.12500  -58.09183 1152591319 192.177315    34.6849 0.0000e+00
    404.000     1.8955   3.061912     1.8964   3.062186    4.40760    -0.0777    13.8155 0.0000e+00  -61.12500  -58.09183 1152591322 192.177350    34.6847 0.0000e+00
    405.000     1.8955   3.062051     1.8963   3.062334    4.40928    -0.0753    13.8155 0.0000e+00  -61.12500  -58.09183 1152591323 192.177366    34.6859 0.0000e+00
    406.000     1.8940   3.061985     1.8947   3.062261    4.40912    -0.0719    13.8155 0.0000e+00  -61.12500  -58.09183 1152591324 192.177377    34.6861 0.0000e+00
    407.000     1.8926   3.061922     1.8936   3.062217    4.40920    -0.0593    13.8155 0.0000e+00  -61.12500  -58.09183 1152591325 192.177386    34.6863 0.0000e+00
    408.000     1.8930   3.061989     1.8938   3.062296    4.40931    -0.0660    13.8155 0.0000e+00  -61.12500  -58.09183 1152591325 192.177394    34.6862 0.0000e+00
    409.000     1.8931   3.062070     1.8939   3.062350    4.40970    -0.0645    13.8155 0.0000e+00  -61.12500  -58.09183 1152591326 192.177403    34.6865 0.0000e+00
    410.000     1.8935   3.062200     1.8948   3.062526    4.41197    -0.0698    13.8155 0.0000e+00  -61.12500  -58.09183 1152591327 192.177417    34.6872 0.0000e+00
    411.000     1.8955   3.062464     1.8965   3.062759    4.41163    -0.0726    13.8155 0.0000e+00  -61.12500  -58.09183 1152591330 192.177443    34.6876 0.0000e+00
    412.000     1.8933   3.062280     1.8941   3.062562    4.41393    -0.0651    13.8155 0.0000e+00  -61.12500  -58.09183 1152591332 192.177469    34.6872 0.0000e+00
    413.000     1.8916   3.062236     1.8924   3.062507    4.41425    -0.0620    13.8155 0.0000e+00  -61.12500  -58.09183 1152591333 192.177484    34.6880 0.0000e+00
    414.000     1.8861   3.061752     1.8868   3.062053    4.41432    -0.0830    13.8155 0.0000e+00  -61.12500  -58.09183 1152591334 192.177495    34.6873 0.0000e+00
    415.000     1.8808   3.061332     1.8819   3.061645    4.41441    -0.0693    13.8155 0.0000e+00  -61.12500  -58.09183 1152591335 192.177505    34.6876 0.0000e+00
    416.000     1.8808   3.061399     1.8818   3.061694    4.41459    -0.0650    13.8155 0.0000e+00  -61.12500  -58.09183 1152591336 192.177516    34.6879 0.0000e+00
    417.000     1.8835   3.061739     1.8852   3.062082    4.41623    -0.0718    13.8155 0.0000e+00  -61.12500  -58.09183 1152591339 192.177548    34.6884 0.0000e+00
    418.000     1.8867   3.062114     1.8881   3.062448    4.42091    -0.0687    13.8155 0.0000e+00  -61.12500  -58.09183 1152591341 192.177574    34.6890 0.0000e+00
    419.000     1.8890   3.062459     1.8897   3.062722    4.42123    -0.0643    13.8155 0.0000e+00  -61.12500  -58.09183 1152591342 192.177585    34.6901 0.0000e+00
    420.000     1.8930   3.062920     1.8935   3.063143    4.42137    -0.0584    13.8155 0.0000e+00  -61.12500  -58.09183 1152591343 192.177594    34.6909 0.0000e+00
    421.000     1.8962   3.063288     1.8973   3.063581    4.42138    -0.0458    13.8155 0.0000e+00  -61.12500  -58.09183 1152591343 192.177602    34.6913 0.0000e+00
    422.000     1.8989   3.063582     1.8996   3.063864    4.41714    -0.0783    13.8155 0.0000e+00  -61.12500  -58.09183 1152591344 192.177611    34.6915 0.0000e+00
    423.000     1.8995   3.063684     1.9002   3.063961    4.41714    -0.0788    13.8155 0.0000e+00  -61.12500  -58.09183 1152591345 192.177619    34.6915 0.0000e+00
    424.000     1.9000   3.063790     1.9008   3.064066    4.41728    -0.0860    13.8155 0.0000e+00  -61.12500  -58.09183 1152591346 192.177630    34.6917 0.0000e+00
    425.000     1.9003   3.063862     1.9012   3.064142    4.41865    -0.0768    13.8155 0.0000e+00  -61.12500  -58.09183 1152591348 192.177660    34.6918 0.0000e+00
    426.000     1.8984   3.063720     1.8992   3.063988    4.42116    -0.0785    13.8155 0.0000e+00  -61.12500  -58.09183 1152591352 192.177703    34.6917 0.0000e+00
    427.000     1.9014   3.064099     1.9025   3.064391    4.42455    -0.0707    13.8155 0.0000e+00  -61.12500  -58.09183 1152591354 192.177720    34.6926 0.0000e+00
    428.000     1.9006   3.064126     1.9014   3.064401    4.42677    -0.0792    13.8155 0.0000e+00  -61.12500  -58.09183 1152591355 192.177731    34.6931 0.0000e+00
    429.000     1.8997   3.064135     1.9005   3.064421    4.42654    -0.0633    13.8155 0.0000e+00  -61.12500  -58.09183 1152591355 192.177740    34.6938 0.0000e+00
    430.000     1.8988   3.064188     1.8996   3.064481    4.42715    -0.0568    13.8155 0.0000e+00  -61.12500  -58.09183 1152591356 192.177748    34.6948 0.0000e+00
    431.000     1.8988   3.064239     1.8996   3.064523    4.42700    -0.0528    13.8155 0.0000e+00  -61.12500  -58.09183 1152591357 192.177756    34.6949 0.0000e+00
    432.000     1.8987   3.064276     1.8996   3.064563    4.42741    -0.0783    13.8155 0.0000e+00  -61.12500  -58.09183 1152591357 192.177763    34.6950 0.0000e+00
    433.000     1.8987   3.064310     1.8995   3.064599    4.42660    -0.0699    13.8155 0.0000e+00  -61.12500  -58.09183 1152591358 192.177772    34.6948 0.0000e+00
    434.000     1.8985   3.064365     1.8994   3.064647    4.42422    -0.0633    13.8155 0.0000e+00  -61.12500  -58.09183 1152591360 192.177794    34.6952 0.0000e+00
    435.000     1.8989   3.064427     1.8999   3.064699    4.42130    -0.0716    13.8155 0.0000e+00  -61.12500  -58.09183 1152591363 192.177832    34.6949 0.0000e+00
    436.000     1.8995   3.064525     1.9005   3.064815    4.42593    -0.0712    13.8155 0.0000e+00  -61.12500  -58.09183 1152591365 192.177856    34.6950 0.0000e+00
    437.000     1.9015   3.064852     1.9025   3.065134    4.42647    -0.0723    13.8155 0.0000e+00  -61.12500  -58.09183 1152591366 192.177869    34.6962 0.0000e+00
    438.000     1.9020   3.064925     1.9028   3.065224    4.42691    -0.0613    13.8155 0.0000e+00  -61.12500  -58.09183 1152591367 192.177880    34.6961 0.0000e+00
    439.000     1.9019   3.064969     1.9026   3.065246    4.42725    -0.0603    13.8155 0.0000e+00  -61.12500  -58.09183 1152591368 192.177890    34.6961 0.0000e+00
    440.000     1.9021   3.065042     1.9030   3.065343    4.42736    -0.0671    13.8155 0.0000e+00  -61.12500  -58.09183 1152591369 192.177902    34.6963 0.0000e+00
    441.000     1.9020   3.065087     1.9029   3.065374    4.42617    -0.0705    13.8155 0.0000e+00  -61.12500  -58.09183 1152591370 192.177915    34.6964 0.0000e+00
    442.000     1.9021   3.065129     1.9030   3.065406    4.42556    -0.0661    13.8155 0.0000e+00  -61.12500  -58.09183 1152591372 192.177928    34.6963 0.0000e+00
    443.000     1.9024   3.065204     1.9033   3.065490    4.42873    -0.0646    13.8155 0.0000e+00  -61.12500  -58.09183 1152591373 192.177942    34.6963 0.0000e+00
    444.000     1.9027   3.065301     1.9036   3.065582    4.43050    -0.0756    13.8155 0.0000e+00  -61.12500  -58.09183 1152591375 192.177964    34.6966 0.0000e+00
    445.000     1.9023   3.065329     1.9031   3.065611    4.43470    -0.0670    13.8155 0.0000e+00  -61.12500  -58.09183 1152591377 192.177987    34.6969 0.0000e+00
    446.000     1.9015   3.065336     1.9025   3.065618    4.43364    -0.0769    13.8155 0.0000e+00  -61.12500  -58.09183 1152591378 192.178000    34.6974 0.0000e+00
    447.000     1.9009   3.065351     1.9016   3.065629    4.43272    -0.0721    13.8155 0.0000e+00  -61.12500  -58.09183 1152591379 192.178012    34.6976 0.0000e+00
    448.000     1.8971   3.065083     1.8977   3.065357    4.43211    -0.0739    13.8155 0.0000e+00  -61.12500  -58.09183 1152591380 192.178025    34.6979 0.0000e+00
    449.000     1.8911   3.064621     1.8919   3.064909    4.43343    -0.0788    13.8155 0.0000e+00  -61.12500  -58.09183 1152591382 192.178045    34.6983 0.0000e+00
    450.000     1.8878   3.064371     1.8887   3.064662    4.43506    -0.0708    13.8155 0.0000e+00  -61.12500  -58.09183 1152591383 192.178064    34.6982 0.0000e+00
    451.000     1.8862   3.064296     1.8870   3.064583    4.43753    -0.0637    13.8155 0.0000e+00  -61.12500  -58.09183 1152591385 192.178085    34.6985 0.0000e+00
    452.000     1.8864   3.064369     1.8873   3.064664    4.44229    -0.0733    13.8155 0.0000e+00  -61.12500  -58.09183 1152591387 192.178106    34.6986 0.0000e+00
    453.000     1.8864   3.064444     1.8872   3.064731    4.44280    -0.0560    13.8155 0.0000e+00  -61.12500  -58.09183 1152591388 192.178120    34.6988 0.0000e+00
    454.000     1.8867   3.064521     1.8875   3.064803    4.44294    -0.0671    13.8155 0.0000e+00  -61.12500  -58.09183 1152591389 192.178130    34.6990 0.0000e+00
    455.000     1.8874   3.064639     1.8881   3.064920    4.44299    -0.0763    13.8155 0.0000e+00  -61.12500  -58.09183 1152591390 192.178139    34.6991 0.0000e+00
    456.000     1.8882   3.064774     1.8890   3.065050    4.44302    -0.0808    13.8155 0.0000e+00  -61.12500  -58.09183 1152591391 192.178147    34.6993 0.0000e+00
    457.000     1.8885   3.064843     1.8893   3.065129    4.44305    -0.0733    13.8155 0.0000e+00  -61.12500  -58.09183 1152591391 192.178155    34.6992 0.0000e+00
    458.000     1.8887   3.064916     1.8894   3.065205    4.44314    -0.0734    13.8155 0.0000e+00  -61.12500  -58.09183 1152591392 192.178165    34.6994 0.0000e+00
    459.000     1.8883   3.064923     1.8893   3.065224    4.44482    -0.0675    13.8155 0.0000e+00  -61.12500  -58.09183 1152591396 192.178211    34.6993 0.0000e+00
    460.000     1.8883   3.064982     1.8893   3.065271    4.44673    -0.0801    13.8155 0.0000e+00  -61.12500  -58.09183 1152591399 192.178242    34.6995 0.0000e+00
    461.000     1.8894   3.065178     1.8904   3.065486    4.44754    -0.0686    13.8155 0.0000e+00  -61.12500  -58.09183 1152591400 192.178255    34.7001 0.0000e+00
    462.000     1.8897   3.065264     1.8905   3.065556    4.44812    -0.0658    13.8155 0.0000e+00  -61.12500  -58.09183 1152591401 192.178265    34.7003 0.0000e+00
    463.000     1.8897   3.065325     1.8905   3.065616    4.44814    -0.0816    13.8155 0.0000e+00  -61.12500  -58.09183 1152591401 192.178274    34.7004 0.0000e+00
    464.000     1.8898   3.065386     1.8906   3.065682    4.44723    -0.0788    13.8155 0.0000e+00  -61.12500  -58.09183 1152591402 192.178283    34.7006 0.0000e+00
    465.000     1.8900   3.065460     1.8908   3.065746    4.44710    -0.0773    13.8155 0.0000e+00  -61.12500  -58.09183 1152591403 192.178291    34.7008 0.0000e+00
    466.000     1.8903   3.065540     1.8910   3.065812    4.44672    -0.0890    13.8155 0.0000e+00  -61.12500  -58.09183 1152591404 192.178299    34.7009 0.0000e+00
    467.000     1.8896   3.065544     1.8904   3.065815    4.44608    -0.0784    13.8155 0.0000e+00  -61.12500  -58.09183 1152591405 192.178309    34.7011 0.0000e+00
    468.000     1.8899   3.065588     1.8907   3.065876    4.44224    -0.0710    13.8155 0.0000e+00  -61.12500  -58.09183 1152591409 192.178363    34.7008 0.0000e+00
    469.000     1.8894   3.065608     1.8897   3.065873    4.44522    -0.0703    13.8155 0.0000e+00  -61.12500  -58.09183 1152591411 192.178380    34.7010 0.0000e+00
    470.000     1.8864   3.065458     1.8871   3.065738    4.44762    -0.0769    13.8155 0.0000e+00  -61.12500  -58.09183 1152591412 192.178390    34.7020 0.0000e+00
    471.000     1.8861   3.065491     1.8869   3.065774    4.44892    -0.0677    13.8155 0.0000e+00  -61.12500  -58.09183 1152591412 192.178401    34.7022 0.0000e+00
    472.000     1.8850   3.065444     1.8859   3.065730    4.44973    -0.0684    13.8155 0.0000e+00  -61.12500  -58.09183 1152591414 192.178414    34.7023 0.0000e+00
    473.000     1.8851   3.065491     1.8859   3.065779    4.45172    -0.0780    13.8155 0.0000e+00  -61.12500  -58.09183 1152591415 192.178431    34.7021 0.0000e+00
    474.000     1.8849   3.065523     1.8857   3.065803    4.45255    -0.0640    13.8155 0.0000e+00  -61.12500  -58.09183 1152591417 192.178449    34.7021 0.0000e+00
    475.000     1.8846   3.065541     1.8855   3.065832    4.45462    -0.0802    13.8155 0.0000e+00  -61.12500  -58.09183 1152591418 192.178465    34.7021 0.0000e+00
    476.000     1.8839   3.065534     1.8846   3.065820    4.45271    -0.0777    13.8155 0.0000e+00  -61.12500  -58.09183 1152591419 192.178480    34.7022 0.0000e+00
    477.000     1.8793   3.065196     1.8802   3.065492    4.45277    -0.0730    13.8155 0.0000e+00  -61.12500  -58.09183 1152591420 192.178493    34.7025 0.0000e+00
    478.000     1.8786   3.065184     1.8794   3.065477    4.45335    -0.0732    13.8155 0.0000e+00  -61.12500  -58.09183 1152591422 192.178507    34.7026 0.0000e+00
    479.000     1.8770   3.065076     1.8777   3.065360    4.45417    -0.0694    13.8155 0.0000e+00  -61.12500  -58.09183 1152591423 192.178525    34.7026 0.0000e+00
    480.000     1.8743   3.064917     1.8751   3.065206    4.45475    -0.0746    13.8155 0.0000e+00  -61.12500  -58.09183 1152591425 192.178545    34.7029 0.0000e+00
    481.000     1.8734   3.064899     1.8742   3.065194    4.45518    -0.0708    13.8155 0.0000e+00  -61.12500  -58.09183 1152591426 192.178561    34.7031 0.0000e+00
    482.000     1.8732   3.064936     1.8740   3.065231    4.45577    -0.0635    13.8155 0.0000e+00  -61.12500  -58.09183 1152591427 192.178575    34.7032 0.0000e+00
    483.000     1.8730   3.064981     1.8739   3.065275    4.45707    -0.0637    13.8155 0.0000e+00  -61.12500  -58.09183 1152591429 192.178596    34.7033 0.0000e+00
    484.000     1.8730   3.065064     1.8739   3.065357    4.45818    -0.0698    13.8155 0.0000e+00  -61.12500  -58.09183 1152591431 192.178617    34.7038 0.0000e+00
    485.000     1.8729   3.065141     1.8737   3.065428    4.45984    -0.0732    13.8155 0.0000e+00  -61.12500  -58.09183 1152591432 192.178630    34.7043 0.0000e+00
    486.000     1.8714   3.065091     1.8721   3.065381    4.46250    -0.0815    13.8155 0.0000e+00  -61.12500  -58.09183 1152591433 192.178641    34.7048 0.0000e+00
    487.000     1.8704   3.065082     1.8712   3.065369    4.46416    -0.0622    13.8155 0.0000e+00  -61.12500  -58.09183 1152591434 192.178654    34.7052 0.0000e+00
    488.000     1.8698   3.065093     1.8706   3.065380    4.46629    -0.0759    13.8155 0.0000e+00  -61.12500  -58.09183 1152591436 192.178670    34.7055 0.0000e+00
    489.000     1.8689   3.065063     1.8697   3.065361    4.46581    -0.0765    13.8155 0.0000e+00  -61.12500  -58.09183 1152591437 192.178684    34.7055 0.0000e+00
    490.000     1.8683   3.065062     1.8691   3.065354    4.46847    -0.0737    13.8155 0.0000e+00  -61.12500  -58.09183 1152591438 192.178697    34.7056 0.0000e+00
    491.000     1.8685   3.065123     1.8694   3.065419    4.46883    -0.0724    13.8155 0.0000e+00  -61.12500  -58.09183 1152591440 192.178725    34.7055 0.0000e+00
    492.000     1.8679   3.065143     1.8684   3.065417    4.46879    -0.0738    13.8155 0.0000e+00  -61.12500  -58.09183 1152591443 192.178753    34.7059 0.0000e+00
    493.000     1.8667   3.065130     1.8677   3.065417    4.47153    -0.0635    13.8155 0.0000e+00  -61.12500  -58.09183 1152591446 192.178786    34.7063 0.0000e+00
