product_data/regression_test/downloaded_data/MDGS/320620060703/ctd/adapted/heads_insert_p6608901.cnv
* Sea-Bird SBE 9 Data File:
* FileName = D:\Data\Raw\P6608901.dat
* Software Version Seasave Win32 V 5.32
* Temperature SN = 1649
* Conductivity SN = 1431
* Number of Bytes Per Scan = 37
* Number of Voltage Words = 5
* Number of Scans Averaged by the Deck Unit = 1
* NMEA Latitude = 61 26.26 S
* NMEA Longitude = 057 51.58 W
* NMEA UTC (Time) = 10:14:29
** Ship:   Nathaniel B. Palmer 
** Cruise:    NBP0603 p0606
** Cast #: 01
** Station:   89
** Operator: rdd
# nquan = 15
# nvalues = 739                         
# units = specified
# name 0 = prDM: Pressure, Digiquartz [db]
# name 1 = t090C: Temperature [ITS-90, deg C]
# name 2 = c0S/m: Conductivity [S/m]
# name 3 = t190C: Temperature, 2 [ITS-90, deg C]
# name 4 = c1S/m: Conductivity, 2 [S/m]
# name 5 = sbeox0ML/L: Oxygen, SBE 43 [ml/l]
# name 6 = flECO-AFL: Fluorescence, Wetlab ECO-AFL/FL [mg/m^3]
# name 7 = bat: Beam Attenuation, Chelsea/Seatech/Wetlab CStar [1/m]
# name 8 = spar: SPAR/Surface Irradiance
# name 9 = latitude: Latitude [deg]
# name 10 = longitude: Longitude [deg]
# name 11 = timeY: Time, System [seconds]
# name 12 = timeJ: Julian Days
# name 13 = sal00: Salinity [PSU]
# name 14 = flag: flag
# span 0 =     15.000,    753.000       
# span 1 =    -0.7960,     0.8924       
# span 2 =   2.773494,   2.989669       
# span 3 =    -0.7954,     0.8931       
# span 4 =   2.774002,   2.989951       
# span 5 =    5.14068,    7.76503       
# span 6 =    -0.1163,     0.2668       
# span 7 =    13.8155,    13.8155       
# span 8 = 0.0000e+00, 0.0000e+00       
# span 9 =  -61.43767,  -61.43767       
# span 10 =  -57.85967,  -57.85967      
# span 11 = 1152526458, 1152527849      
# span 12 = 191.426625, 191.442721      
# span 13 =    34.1327,    34.6739      
# span 14 = 0.0000e+00, 0.0000e+00      
# interval = decibars: 1                
# start_time = Jul 10 2006 10:14:37
# bad_flag = -9.990e-29
*END*
[from data line 193]
    207.000    -0.3858   2.830374    -0.3847   2.830636    6.78316     0.0773    13.8155 0.0000e+00  -61.43767  -57.85967 1152527021 191.433133    34.3334 0.0000e+00
    208.000    -0.3841   2.830615    -0.3832   2.830888    6.77929     0.0653    13.8155 0.0000e+00  -61.43767  -57.85967 1152527022 191.433145    34.3341 0.0000e+00
    209.000    -0.3840   2.830743    -0.3829   2.831011    6.77598     0.0672    13.8155 0.0000e+00  -61.43767  -57.85967 1152527023 191.433156    34.3351 0.0000e+00
    210.000    -0.3820   2.831021    -0.3798   2.831396    6.77312     0.0679    13.8155 0.0000e+00  -61.43767  -57.85967 1152527024 191.433169    34.3360 0.0000e+00
    211.000    -0.3764   2.831628    -0.3747   2.831949    6.76854     0.0574    13.8155 0.0000e+00  -61.43767  -57.85967 1152527025 191.433188    34.3370 0.0000e+00
    212.000    -0.3672   2.832584    -0.3652   2.832902    6.76296     0.0671    13.8155 0.0000e+00  -61.43767  -57.85967 1152527027 191.433206    34.3386 0.0000e+00
    213.000    -0.3702   2.832408    -0.3704   2.832590    6.76019     0.0500    13.8155 0.0000e+00  -61.43767  -57.85967 1152527028 191.433218    34.3390 0.0000e+00
    214.000    -0.3798   2.831613    -0.3781   2.831947    6.76004     0.0563    13.8155 0.0000e+00  -61.43767  -57.85967 1152527029 191.433234    34.3391 0.0000e+00
    215.000    -0.3831   2.831389    -0.3860   2.831327    6.76166     0.0439    13.8155 0.0000e+00  -61.43767  -57.85967 1152527032 191.433267    34.3393 0.0000e+00
    216.000    -0.3901   2.830844    -0.3892   2.831122    6.76604     0.0368    13.8155 0.0000e+00  -61.43767  -57.85967 1152527034 191.433288    34.3396 0.0000e+00
    217.000    -0.3908   2.830972    -0.3908   2.831173    6.76896     0.0466    13.8155 0.0000e+00  -61.43767  -57.85967 1152527035 191.433300    34.3414 0.0000e+00
    218.000    -0.3956   2.830657    -0.3955   2.830890    6.76908     0.0340    13.8155 0.0000e+00  -61.43767  -57.85967 1152527036 191.433310    34.3421 0.0000e+00
    219.000    -0.4074   2.829785    -0.4068   2.830096    6.76880     0.0383    13.8155 0.0000e+00  -61.43767  -57.85967 1152527037 191.433318    34.3433 0.0000e+00
    220.000    -0.4149   2.829348    -0.4137   2.829672    6.76692     0.0222    13.8155 0.0000e+00  -61.43767  -57.85967 1152527037 191.433327    34.3457 0.0000e+00
    221.000    -0.4181   2.829194    -0.4174   2.829469    6.76586     0.0184    13.8155 0.0000e+00  -61.43767  -57.85967 1152527038 191.433335    34.3465 0.0000e+00
    222.000    -0.4265   2.828698    -0.4264   2.828957    6.76692     0.0128    13.8155 0.0000e+00  -61.43767  -57.85967 1152527039 191.433345    34.3490 0.0000e+00
    223.000    -0.4250   2.828940    -0.4234   2.829317    6.76559     0.0011    13.8155 0.0000e+00  -61.43767  -57.85967 1152527042 191.433378    34.3496 0.0000e+00
    224.000    -0.4235   2.829272    -0.4236   2.829674    6.75968    -0.0080    13.8155 0.0000e+00  -61.43767  -57.85967 1152527046 191.433430    34.3515 0.0000e+00
    225.000    -0.4221   2.829728    -0.4227   2.830148    6.75209    -0.0046    13.8155 0.0000e+00  -61.43767  -57.85967 1152527047 191.433439    34.3554 0.0000e+00
    226.000    -0.4234   2.830265    -0.4224   2.830541    6.73961    -0.0188    13.8155 0.0000e+00  -61.43767  -57.85967 1152527048 191.433448    34.3635 0.0000e+00
    227.000    -0.4186   2.831053    -0.4173   2.831300    6.72701    -0.0230    13.8155 0.0000e+00  -61.43767  -57.85967 1152527049 191.433456    34.3682 0.0000e+00
    228.000    -0.3983   2.833731    -0.3973   2.833918    6.71479    -0.0097    13.8155 0.0000e+00  -61.43767  -57.85967 1152527049 191.433464    34.3798 0.0000e+00
    229.000    -0.3931   2.834459    -0.3924   2.834681    6.70383    -0.0284    13.8155 0.0000e+00  -61.43767  -57.85967 1152527050 191.433471    34.3826 0.0000e+00
    230.000    -0.3905   2.834853    -0.3898   2.835093    6.69364    -0.0261    13.8155 0.0000e+00  -61.43767  -57.85967 1152527051 191.433480    34.3843 0.0000e+00
    231.000    -0.3931   2.834536    -0.3912   2.834988    6.67848    -0.0256    13.8155 0.0000e+00  -61.43767  -57.85967 1152527052 191.433501    34.3825 0.0000e+00
    232.000    -0.3962   2.834217    -0.3924   2.834831    6.66001    -0.0305    13.8155 0.0000e+00  -61.43767  -57.85967 1152527055 191.433533    34.3815 0.0000e+00
    233.000    -0.3859   2.835568    -0.3840   2.835925    6.64883    -0.0265    13.8155 0.0000e+00  -61.43767  -57.85967 1152527057 191.433550    34.3870 0.0000e+00
    234.000    -0.3811   2.836110    -0.3798   2.836399    6.63997    -0.0275    13.8155 0.0000e+00  -61.43767  -57.85967 1152527058 191.433567    34.3881 0.0000e+00
    235.000    -0.3676   2.837531    -0.3653   2.837862    6.62933    -0.0325    13.8155 0.0000e+00  -61.43767  -57.85967 1152527060 191.433586    34.3911 0.0000e+00
    236.000    -0.3553   2.838754    -0.3543   2.839005    6.61983    -0.0489    13.8155 0.0000e+00  -61.43767  -57.85967 1152527061 191.433605    34.3926 0.0000e+00
    237.000    -0.3537   2.838989    -0.3530   2.839219    6.60823    -0.0382    13.8155 0.0000e+00  -61.43767  -57.85967 1152527063 191.433621    34.3935 0.0000e+00
    238.000    -0.3517   2.839231    -0.3509   2.839480    6.60397    -0.0385    13.8155 0.0000e+00  -61.43767  -57.85967 1152527064 191.433636    34.3939 0.0000e+00
    239.000    -0.3522   2.839300    -0.3511   2.839565    6.60051    -0.0343    13.8155 0.0000e+00  -61.43767  -57.85967 1152527065 191.433649    34.3950 0.0000e+00
    240.000    -0.3423   2.840387    -0.3388   2.840792    6.59263    -0.0426    13.8155 0.0000e+00  -61.43767  -57.85967 1152527066 191.433662    34.3976 0.0000e+00
    241.000    -0.3185   2.842654    -0.3178   2.842824    6.58128    -0.0585    13.8155 0.0000e+00  -61.43767  -57.85967 1152527067 191.433675    34.3997 0.0000e+00
    242.000    -0.3148   2.843074    -0.3139   2.843287    6.57270    -0.0454    13.8155 0.0000e+00  -61.43767  -57.85967 1152527068 191.433686    34.4005 0.0000e+00
    243.000    -0.3124   2.843380    -0.3114   2.843637    6.56504    -0.0458    13.8155 0.0000e+00  -61.43767  -57.85967 1152527069 191.433697    34.4014 0.0000e+00
    244.000    -0.3139   2.843320    -0.3130   2.843552    6.55776    -0.0466    13.8155 0.0000e+00  -61.43767  -57.85967 1152527070 191.433708    34.4018 0.0000e+00
    245.000    -0.3072   2.843991    -0.3058   2.844249    6.54974    -0.0392    13.8155 0.0000e+00  -61.43767  -57.85967 1152527072 191.433732    34.4029 0.0000e+00
    246.000    -0.3097   2.843788    -0.3066   2.844204    6.54642    -0.0516    13.8155 0.0000e+00  -61.43767  -57.85967 1152527077 191.433787    34.4030 0.0000e+00
    247.000    -0.3000   2.844760    -0.2990   2.844987    6.54060    -0.0534    13.8155 0.0000e+00  -61.43767  -57.85967 1152527078 191.433794    34.4043 0.0000e+00
    248.000    -0.2881   2.845995    -0.2871   2.846204    6.53492    -0.0475    13.8155 0.0000e+00  -61.43767  -57.85967 1152527078 191.433802    34.4064 0.0000e+00
    249.000    -0.2799   2.846838    -0.2794   2.847052    6.52998    -0.0603    13.8155 0.0000e+00  -61.43767  -57.85967 1152527079 191.433810    34.4073 0.0000e+00
    250.000    -0.2831   2.846685    -0.2832   2.846860    6.52617    -0.0346    13.8155 0.0000e+00  -61.43767  -57.85967 1152527080 191.433817    34.4085 0.0000e+00
    251.000    -0.2906   2.846174    -0.2904   2.846401    6.52313    -0.0375    13.8155 0.0000e+00  -61.43767  -57.85967 1152527081 191.433827    34.4098 0.0000e+00
    252.000    -0.2994   2.845578    -0.2986   2.845821    6.51833    -0.0474    13.8155 0.0000e+00  -61.43767  -57.85967 1152527082 191.433844    34.4116 0.0000e+00
    253.000    -0.3044   2.845249    -0.3063   2.845318    6.51777    -0.0421    13.8155 0.0000e+00  -61.43767  -57.85967 1152527084 191.433870    34.4126 0.0000e+00
    254.000    -0.3148   2.844550    -0.3140   2.844819    6.51649    -0.0527    13.8155 0.0000e+00  -61.43767  -57.85967 1152527086 191.433885    34.4147 0.0000e+00
    255.000    -0.3144   2.844672    -0.3134   2.844939    6.51373    -0.0679    13.8155 0.0000e+00  -61.43767  -57.85967 1152527087 191.433896    34.4153 0.0000e+00
    256.000    -0.3139   2.844786    -0.3132   2.845032    6.51366    -0.0497    13.8155 0.0000e+00  -61.43767  -57.85967 1152527087 191.433907    34.4156 0.0000e+00
    257.000    -0.3144   2.844790    -0.3133   2.845063    6.51417    -0.0503    13.8155 0.0000e+00  -61.43767  -57.85967 1152527089 191.433922    34.4155 0.0000e+00
    258.000    -0.3140   2.844860    -0.3130   2.845135    6.51721    -0.0566    13.8155 0.0000e+00  -61.43767  -57.85967 1152527093 191.433968    34.4153 0.0000e+00
    259.000    -0.3128   2.845089    -0.3116   2.845399    6.51300    -0.0488    13.8155 0.0000e+00  -61.43767  -57.85967 1152527094 191.433980    34.4165 0.0000e+00
    260.000    -0.3114   2.845345    -0.3107   2.845592    6.50720    -0.0651    13.8155 0.0000e+00  -61.43767  -57.85967 1152527095 191.433989    34.4176 0.0000e+00
    261.000    -0.3110   2.845481    -0.3101   2.845727    6.50366    -0.0533    13.8155 0.0000e+00  -61.43767  -57.85967 1152527095 191.433997    34.4184 0.0000e+00
    262.000    -0.3103   2.845640    -0.3094   2.845925    6.50039    -0.0449    13.8155 0.0000e+00  -61.43767  -57.85967 1152527096 191.434005    34.4190 0.0000e+00
    263.000    -0.3085   2.845929    -0.3070   2.846267    6.49631    -0.0622    13.8155 0.0000e+00  -61.43767  -57.85967 1152527097 191.434013    34.4203 0.0000e+00
    264.000    -0.3027   2.846721    -0.3007   2.847099    6.48887    -0.0491    13.8155 0.0000e+00  -61.43767  -57.85967 1152527098 191.434025    34.4236 0.0000e+00
    265.000    -0.2978   2.847513    -0.2969   2.847790    6.47797    -0.0534    13.8155 0.0000e+00  -61.43767  -57.85967 1152527099 191.434040    34.4278 0.0000e+00
    266.000    -0.2949   2.848236    -0.2940   2.848458    6.46710    -0.0781    13.8155 0.0000e+00  -61.43767  -57.85967 1152527100 191.434055    34.4336 0.0000e+00
    267.000    -0.2906   2.848767    -0.2897   2.849030    6.45682    -0.0580    13.8155 0.0000e+00  -61.43767  -57.85967 1152527102 191.434072    34.4352 0.0000e+00
    268.000    -0.2902   2.848903    -0.2888   2.849261    6.44615    -0.0587    13.8155 0.0000e+00  -61.43767  -57.85967 1152527104 191.434102    34.4361 0.0000e+00
    269.000    -0.2889   2.849163    -0.2875   2.849456    6.44321    -0.0615    13.8155 0.0000e+00  -61.43767  -57.85967 1152527106 191.434123    34.4374 0.0000e+00
    270.000    -0.2861   2.849479    -0.2853   2.849733    6.44211    -0.0488    13.8155 0.0000e+00  -61.43767  -57.85967 1152527107 191.434134    34.4379 0.0000e+00
    271.000    -0.2793   2.850281    -0.2788   2.850458    6.43866    -0.0683    13.8155 0.0000e+00  -61.43767  -57.85967 1152527108 191.434143    34.4402 0.0000e+00
    272.000    -0.2784   2.850419    -0.2775   2.850673    6.43602    -0.0739    13.8155 0.0000e+00  -61.43767  -57.85967 1152527109 191.434153    34.4403 0.0000e+00
    273.000    -0.2769   2.850626    -0.2753   2.850947    6.43057    -0.0588    13.8155 0.0000e+00  -61.43767  -57.85967 1152527110 191.434165    34.4408 0.0000e+00
    274.000    -0.2755   2.850806    -0.2746   2.851059    6.42590    -0.0618    13.8155 0.0000e+00  -61.43767  -57.85967 1152527112 191.434185    34.4410 0.0000e+00
    275.000    -0.2740   2.851026    -0.2732   2.851266    6.42229    -0.0672    13.8155 0.0000e+00  -61.43767  -57.85967 1152527113 191.434201    34.4418 0.0000e+00
    276.000    -0.2718   2.851300    -0.2711   2.851541    6.41918    -0.0640    13.8155 0.0000e+00  -61.43767  -57.85967 1152527114 191.434212    34.4423 0.0000e+00
    277.000    -0.2704   2.851489    -0.2700   2.851679    6.41868    -0.0615    13.8155 0.0000e+00  -61.43767  -57.85967 1152527115 191.434224    34.4426 0.0000e+00
    278.000    -0.2696   2.851616    -0.2688   2.851859    6.41561    -0.0708    13.8155 0.0000e+00  -61.43767  -57.85967 1152527116 191.434239    34.4429 0.0000e+00
    279.000    -0.2691   2.851702    -0.2680   2.851992    6.41237    -0.0683    13.8155 0.0000e+00  -61.43767  -57.85967 1152527118 191.434258    34.4429 0.0000e+00
    280.000    -0.2673   2.851932    -0.2668   2.852146    6.41025    -0.0567    13.8155 0.0000e+00  -61.43767  -57.85967 1152527119 191.434275    34.4433 0.0000e+00
    281.000    -0.2664   2.852067    -0.2654   2.852324    6.40715    -0.0619    13.8155 0.0000e+00  -61.43767  -57.85967 1152527121 191.434290    34.4435 0.0000e+00
    282.000    -0.2638   2.852387    -0.2632   2.852619    6.40409    -0.0596    13.8155 0.0000e+00  -61.43767  -57.85967 1152527122 191.434307    34.4442 0.0000e+00
    283.000    -0.2597   2.852844    -0.2591   2.853062    6.40240    -0.0651    13.8155 0.0000e+00  -61.43767  -57.85967 1152527124 191.434324    34.4450 0.0000e+00
    284.000    -0.2594   2.852920    -0.2589   2.853131    6.40039    -0.0623    13.8155 0.0000e+00  -61.43767  -57.85967 1152527125 191.434337    34.4452 0.0000e+00
    285.000    -0.2581   2.853104    -0.2576   2.853305    6.39889    -0.0492    13.8155 0.0000e+00  -61.43767  -57.85967 1152527126 191.434348    34.4455 0.0000e+00
    286.000    -0.2567   2.853281    -0.2560   2.853503    6.39613    -0.0675    13.8155 0.0000e+00  -61.43767  -57.85967 1152527126 191.434356    34.4457 0.0000e+00
    287.000    -0.2536   2.853634    -0.2525   2.853881    6.39461    -0.0637    13.8155 0.0000e+00  -61.43767  -57.85967 1152527127 191.434366    34.4464 0.0000e+00
    288.000    -0.2510   2.853959    -0.2491   2.854314    6.38555    -0.0678    13.8155 0.0000e+00  -61.43767  -57.85967 1152527130 191.434397    34.4470 0.0000e+00
    289.000    -0.2555   2.853556    -0.2538   2.853859    6.37713    -0.0637    13.8155 0.0000e+00  -61.43767  -57.85967 1152527132 191.434422    34.4465 0.0000e+00
    290.000    -0.2361   2.855549    -0.2350   2.855759    6.37037    -0.0696    13.8155 0.0000e+00  -61.43767  -57.85967 1152527133 191.434433    34.4503 0.0000e+00
    291.000    -0.2152   2.857664    -0.2136   2.857903    6.36271    -0.0686    13.8155 0.0000e+00  -61.43767  -57.85967 1152527134 191.434442    34.4535 0.0000e+00
    292.000    -0.2087   2.858329    -0.2077   2.858557    6.35340    -0.0656    13.8155 0.0000e+00  -61.43767  -57.85967 1152527135 191.434451    34.4541 0.0000e+00
    293.000    -0.1974   2.859553    -0.1958   2.859795    6.34808    -0.0645    13.8155 0.0000e+00  -61.43767  -57.85967 1152527135 191.434460    34.4571 0.0000e+00
    294.000    -0.1889   2.860407    -0.1881   2.860595    6.33766    -0.0729    13.8155 0.0000e+00  -61.43767  -57.85967 1152527136 191.434470    34.4580 0.0000e+00
    295.000    -0.1819   2.861104    -0.1810   2.861320    6.32668    -0.0635    13.8155 0.0000e+00  -61.43767  -57.85967 1152527137 191.434485    34.4588 0.0000e+00
    296.000    -0.1908   2.860231    -0.1911   2.860397    6.31956    -0.0667    13.8155 0.0000e+00  -61.43767  -57.85967 1152527140 191.434513    34.4572 0.0000e+00
    297.000    -0.1798   2.861384    -0.1791   2.861555    6.31366    -0.0625    13.8155 0.0000e+00  -61.43767  -57.85967 1152527142 191.434534    34.4598 0.0000e+00
    298.000    -0.1735   2.862046    -0.1725   2.862285    6.30824    -0.0801    13.8155 0.0000e+00  -61.43767  -57.85967 1152527143 191.434548    34.4607 0.0000e+00
    299.000    -0.1698   2.862426    -0.1692   2.862641    6.30532    -0.0654    13.8155 0.0000e+00  -61.43767  -57.85967 1152527144 191.434560    34.4608 0.0000e+00
    300.000    -0.1690   2.862550    -0.1692   2.862699    6.30152    -0.0648    13.8155 0.0000e+00  -61.43767  -57.85967 1152527145 191.434572    34.4611 0.0000e+00
    301.000    -0.1710   2.862436    -0.1702   2.862680    6.30021    -0.0580    13.8155 0.0000e+00  -61.43767  -57.85967 1152527146 191.434584    34.4615 0.0000e+00
    302.000    -0.1694   2.862656    -0.1684   2.862916    6.29883    -0.0742    13.8155 0.0000e+00  -61.43767  -57.85967 1152527147 191.434596    34.4620 0.0000e+00
