product_data/regression_test/downloaded_data/MDGS/320620060703/ctd/adapted/heads_insert_p6607301.cnv
* Sea-Bird SBE 9 Data File:
* FileName = D:\Data\Raw\p6607301.dat
* Software Version Seasave Win32 V 5.32
* Temperature SN = 1649
* Conductivity SN = 1431
* Number of Bytes Per Scan = 37
* Number of Voltage Words = 5
* Number of Scans Averaged by the Deck Unit = 1
* NMEA Latitude = 62 13.82 S
* NMEA Longitude = 058 07.00 W
* NMEA UTC (Time) = 06:24:58
** Ship:   Nathaniel B. Palmer 
** Cruise:    NBP0606 
# nquan = 15
# nvalues = 801                         
# units = specified
# name 0 = prDM: Pressure, Digiquartz [db]
# name 1 = t090C: Temperature [ITS-90, deg C]
# name 2 = c0S/m: Conductivity [S/m]
# name 3 = t190C: Temperature, 2 [ITS-90, deg C]
# name 4 = c1S/m: Conductivity, 2 [S/m]
# name 5 = sbeox0ML/L: Oxygen, SBE 43 [ml/l]
# name 6 = flECO-AFL: Fluorescence, Wetlab ECO-AFL/FL [mg/m^3]
# name 7 = bat: Beam Attenuation, Chelsea/Seatech/Wetlab CStar [1/m]
# name 8 = spar: SPAR/Surface Irradiance
# name 9 = latitude: Latitude [deg]
# name 10 = longitude: Longitude [deg]
# name 11 = timeY: Time, System [seconds]
# name 12 = timeJ: Julian Days
# name 13 = sal00: Salinity [PSU]
# name 14 = flag: flag
# span 0 =      2.000,    802.000       
# span 1 =    -1.4485,     0.2226       
# span 2 =   2.747905,   2.911408       
# span 3 =    -1.4480,     0.2238       
# span 4 =   2.747957,   2.911322       
# span 5 =    5.84755,    7.51823       
# span 6 =    -0.1267,     0.0096       
# span 7 =    13.8155,    13.8155       
# span 8 = 0.0000e+00, 0.0000e+00       
# span 9 =  -62.23033,  -62.23033       
# span 10 =  -58.11667,  -58.11667      
# span 11 = 1152339925, 1152341296      
# span 12 = 189.267664, 189.283539      
# span 13 =    34.2195,    34.5411      
# span 14 = 0.0000e+00, 0.0000e+00      
# interval = decibars: 1                
# start_time = Jul 08 2006 06:25:06
# bad_flag = -9.990e-29
*END*
[from data line 483]
    484.000     0.1513   2.902652     0.1527   2.902600    5.91905    -0.1029    13.8155 0.0000e+00  -62.23033  -58.11667 1152340861 189.278508    34.5230 0.0000e+00
    485.000     0.1576   2.903286     0.1588   2.903183    5.91664    -0.0865    13.8155 0.0000e+00  -62.23033  -58.11667 1152340862 189.278525    34.5237 0.0000e+00
    486.000     0.1618   2.903687     0.1616   2.903500    5.91691    -0.0942    13.8155 0.0000e+00  -62.23033  -58.11667 1152340864 189.278538    34.5233 0.0000e+00
    487.000     0.1533   2.902939     0.1536   2.902849    5.91955    -0.0923    13.8155 0.0000e+00  -62.23033  -58.11667 1152340865 189.278550    34.5225 0.0000e+00
    488.000     0.1429   2.902093     0.1490   2.902477    5.92216    -0.0848    13.8155 0.0000e+00  -62.23033  -58.11667 1152340866 189.278564    34.5230 0.0000e+00
    489.000     0.1503   2.902795     0.1490   2.902509    5.91993    -0.0971    13.8155 0.0000e+00  -62.23033  -58.11667 1152340867 189.278581    34.5232 0.0000e+00
    490.000     0.1391   2.901785     0.1384   2.901633    5.92265    -0.0903    13.8155 0.0000e+00  -62.23033  -58.11667 1152340869 189.278596    34.5219 0.0000e+00
    491.000     0.1292   2.900938     0.1216   2.900150    5.92749    -0.0897    13.8155 0.0000e+00  -62.23033  -58.11667 1152340870 189.278609    34.5214 0.0000e+00
    492.000     0.1087   2.899170     0.1094   2.899080    5.93226    -0.0795    13.8155 0.0000e+00  -62.23033  -58.11667 1152340871 189.278623    34.5213 0.0000e+00
    493.000     0.1185   2.900135     0.1173   2.899874    5.93734    -0.0878    13.8155 0.0000e+00  -62.23033  -58.11667 1152340872 189.278639    34.5220 0.0000e+00
    494.000     0.1153   2.899878     0.1166   2.899847    5.94167    -0.0876    13.8155 0.0000e+00  -62.23033  -58.11667 1152340874 189.278655    34.5216 0.0000e+00
    495.000     0.1185   2.900228     0.1193   2.900139    5.94324    -0.1022    13.8155 0.0000e+00  -62.23033  -58.11667 1152340875 189.278667    34.5217 0.0000e+00
    496.000     0.1148   2.899932     0.1160   2.899886    5.94384    -0.1066    13.8155 0.0000e+00  -62.23033  -58.11667 1152340876 189.278678    34.5214 0.0000e+00
    497.000     0.1194   2.900395     0.1186   2.900178    5.94439    -0.0957    13.8155 0.0000e+00  -62.23033  -58.11667 1152340877 189.278691    34.5216 0.0000e+00
    498.000     0.1188   2.900391     0.1194   2.900297    5.94474    -0.0905    13.8155 0.0000e+00  -62.23033  -58.11667 1152340878 189.278709    34.5216 0.0000e+00
    499.000     0.1174   2.900320     0.1179   2.900217    5.94390    -0.0873    13.8155 0.0000e+00  -62.23033  -58.11667 1152340880 189.278729    34.5216 0.0000e+00
    500.000     0.1185   2.900476     0.1194   2.900388    5.94124    -0.0841    13.8155 0.0000e+00  -62.23033  -58.11667 1152340881 189.278742    34.5219 0.0000e+00
    501.000     0.1257   2.901281     0.1259   2.901109    5.93812    -0.0976    13.8155 0.0000e+00  -62.23033  -58.11667 1152340882 189.278754    34.5236 0.0000e+00
    502.000     0.1226   2.901030     0.1231   2.900928    5.94141    -0.0955    13.8155 0.0000e+00  -62.23033  -58.11667 1152340883 189.278765    34.5231 0.0000e+00
    503.000     0.1223   2.901032     0.1232   2.900951    5.94062    -0.0817    13.8155 0.0000e+00  -62.23033  -58.11667 1152340884 189.278778    34.5230 0.0000e+00
    504.000     0.1237   2.901254     0.1252   2.901233    5.92960    -0.0913    13.8155 0.0000e+00  -62.23033  -58.11667 1152340886 189.278793    34.5237 0.0000e+00
    505.000     0.1247   2.901434     0.1289   2.901656    5.93043    -0.0873    13.8155 0.0000e+00  -62.23033  -58.11667 1152340887 189.278809    34.5238 0.0000e+00
    506.000     0.1189   2.900909     0.1233   2.901168    5.92537    -0.0896    13.8155 0.0000e+00  -62.23033  -58.11667 1152340888 189.278824    34.5233 0.0000e+00
    507.000     0.1578   2.904761     0.1560   2.904261    5.91482    -0.0912    13.8155 0.0000e+00  -62.23033  -58.11667 1152340890 189.278841    34.5295 0.0000e+00
    508.000     0.1805   2.906917     0.1807   2.906681    5.90084    -0.0988    13.8155 0.0000e+00  -62.23033  -58.11667 1152340891 189.278857    34.5308 0.0000e+00
    509.000     0.1955   2.908447     0.1975   2.908376    5.88824    -0.0921    13.8155 0.0000e+00  -62.23033  -58.11667 1152340892 189.278871    34.5333 0.0000e+00
    510.000     0.2001   2.908916     0.1991   2.908617    5.88125    -0.0918    13.8155 0.0000e+00  -62.23033  -58.11667 1152340893 189.278883    34.5335 0.0000e+00
    511.000     0.2005   2.908987     0.2020   2.908921    5.87545    -0.0969    13.8155 0.0000e+00  -62.23033  -58.11667 1152340894 189.278895    34.5336 0.0000e+00
    512.000     0.2012   2.909106     0.2025   2.909030    5.86777    -0.0903    13.8155 0.0000e+00  -62.23033  -58.11667 1152340895 189.278907    34.5341 0.0000e+00
    513.000     0.2065   2.909643     0.2061   2.909395    5.86360    -0.1003    13.8155 0.0000e+00  -62.23033  -58.11667 1152340897 189.278919    34.5346 0.0000e+00
    514.000     0.2046   2.909492     0.2077   2.909580    5.86196    -0.0987    13.8155 0.0000e+00  -62.23033  -58.11667 1152340898 189.278938    34.5344 0.0000e+00
    515.000     0.2097   2.910015     0.2087   2.909731    5.85701    -0.1015    13.8155 0.0000e+00  -62.23033  -58.11667 1152340900 189.278962    34.5353 0.0000e+00
    516.000     0.2147   2.910526     0.2178   2.910602    5.85511    -0.1037    13.8155 0.0000e+00  -62.23033  -58.11667 1152340901 189.278976    34.5359 0.0000e+00
    517.000     0.2180   2.910879     0.2176   2.910654    5.85267    -0.0926    13.8155 0.0000e+00  -62.23033  -58.11667 1152340902 189.278986    34.5360 0.0000e+00
    518.000     0.2205   2.911156     0.2223   2.911147    5.85108    -0.0984    13.8155 0.0000e+00  -62.23033  -58.11667 1152340903 189.278996    34.5364 0.0000e+00
    519.000     0.2226   2.911396     0.2238   2.911322    5.84823    -0.0907    13.8155 0.0000e+00  -62.23033  -58.11667 1152340904 189.279005    34.5365 0.0000e+00
    520.000     0.2223   2.911408     0.2229   2.911288    5.84838    -0.0980    13.8155 0.0000e+00  -62.23033  -58.11667 1152340905 189.279020    34.5366 0.0000e+00
    521.000     0.2191   2.911132     0.2201   2.911066    5.84918    -0.0915    13.8155 0.0000e+00  -62.23033  -58.11667 1152340907 189.279042    34.5364 0.0000e+00
    522.000     0.2192   2.911218     0.2191   2.911029    5.84978    -0.0983    13.8155 0.0000e+00  -62.23033  -58.11667 1152340909 189.279058    34.5367 0.0000e+00
    523.000     0.2180   2.911142     0.2189   2.911056    5.84931    -0.0913    13.8155 0.0000e+00  -62.23033  -58.11667 1152340910 189.279071    34.5365 0.0000e+00
    524.000     0.2175   2.911135     0.2184   2.911046    5.84922    -0.0822    13.8155 0.0000e+00  -62.23033  -58.11667 1152340911 189.279082    34.5365 0.0000e+00
    525.000     0.2161   2.911065     0.2176   2.911013    5.84871    -0.1069    13.8155 0.0000e+00  -62.23033  -58.11667 1152340912 189.279096    34.5366 0.0000e+00
    526.000     0.2154   2.911046     0.2158   2.910917    5.84755    -0.0817    13.8155 0.0000e+00  -62.23033  -58.11667 1152340913 189.279112    34.5366 0.0000e+00
    527.000     0.2125   2.910860     0.2133   2.910768    5.84788    -0.0972    13.8155 0.0000e+00  -62.23033  -58.11667 1152340915 189.279128    34.5369 0.0000e+00
    528.000     0.2111   2.910755     0.2117   2.910650    5.84883    -0.1097    13.8155 0.0000e+00  -62.23033  -58.11667 1152340916 189.279142    34.5366 0.0000e+00
    529.000     0.2117   2.910824     0.2124   2.910713    5.85025    -0.1013    13.8155 0.0000e+00  -62.23033  -58.11667 1152340917 189.279154    34.5363 0.0000e+00
    530.000     0.2015   2.910100     0.2015   2.909981    5.85160    -0.0942    13.8155 0.0000e+00  -62.23033  -58.11667 1152340918 189.279167    34.5377 0.0000e+00
    531.000     0.1953   2.909664     0.1953   2.909522    5.85200    -0.0965    13.8155 0.0000e+00  -62.23033  -58.11667 1152340919 189.279183    34.5386 0.0000e+00
    532.000     0.1934   2.909609     0.1939   2.909502    5.85230    -0.1016    13.8155 0.0000e+00  -62.23033  -58.11667 1152340921 189.279198    34.5394 0.0000e+00
    533.000     0.1892   2.909306     0.1905   2.909273    5.85252    -0.0877    13.8155 0.0000e+00  -62.23033  -58.11667 1152340922 189.279213    34.5396 0.0000e+00
    534.000     0.1889   2.909338     0.1893   2.909186    5.85376    -0.0906    13.8155 0.0000e+00  -62.23033  -58.11667 1152340923 189.279228    34.5398 0.0000e+00
    535.000     0.1911   2.909584     0.1924   2.909518    5.85585    -0.0972    13.8155 0.0000e+00  -62.23033  -58.11667 1152340924 189.279243    34.5397 0.0000e+00
    536.000     0.1933   2.909859     0.1940   2.909747    5.85412    -0.0997    13.8155 0.0000e+00  -62.23033  -58.11667 1152340926 189.279256    34.5402 0.0000e+00
    537.000     0.1938   2.909942     0.1948   2.909875    5.85249    -0.0958    13.8155 0.0000e+00  -62.23033  -58.11667 1152340927 189.279268    34.5402 0.0000e+00
    538.000     0.1963   2.910212     0.1976   2.910160    5.85414    -0.0805    13.8155 0.0000e+00  -62.23033  -58.11667 1152340928 189.279280    34.5402 0.0000e+00
    539.000     0.1851   2.909305     0.1862   2.909276    5.85560    -0.1000    13.8155 0.0000e+00  -62.23033  -58.11667 1152340929 189.279296    34.5402 0.0000e+00
    540.000     0.1828   2.909184     0.1830   2.909028    5.85767    -0.1017    13.8155 0.0000e+00  -62.23033  -58.11667 1152340931 189.279315    34.5411 0.0000e+00
    541.000     0.1826   2.909172     0.1821   2.909018    5.85965    -0.0986    13.8155 0.0000e+00  -62.23033  -58.11667 1152340932 189.279329    34.5403 0.0000e+00
    542.000     0.1785   2.908874     0.1783   2.908716    5.85909    -0.0901    13.8155 0.0000e+00  -62.23033  -58.11667 1152340933 189.279341    34.5406 0.0000e+00
    543.000     0.1770   2.908785     0.1766   2.908611    5.85867    -0.0922    13.8155 0.0000e+00  -62.23033  -58.11667 1152340934 189.279353    34.5404 0.0000e+00
    544.000     0.1716   2.908349     0.1683   2.907940    5.86241    -0.0964    13.8155 0.0000e+00  -62.23033  -58.11667 1152340935 189.279368    34.5403 0.0000e+00
    545.000     0.1612   2.907493     0.1620   2.907420    5.86573    -0.1037    13.8155 0.0000e+00  -62.23033  -58.11667 1152340937 189.279384    34.5403 0.0000e+00
    546.000     0.1592   2.907354     0.1581   2.907127    5.86928    -0.0959    13.8155 0.0000e+00  -62.23033  -58.11667 1152340938 189.279400    34.5400 0.0000e+00
    547.000     0.1568   2.907196     0.1577   2.907124    5.87547    -0.1177    13.8155 0.0000e+00  -62.23033  -58.11667 1152340939 189.279415    34.5401 0.0000e+00
    548.000     0.1550   2.907068     0.1559   2.907033    5.87935    -0.0832    13.8155 0.0000e+00  -62.23033  -58.11667 1152340941 189.279429    34.5397 0.0000e+00
    549.000     0.1493   2.906626     0.1505   2.906592    5.88269    -0.1002    13.8155 0.0000e+00  -62.23033  -58.11667 1152340942 189.279443    34.5397 0.0000e+00
    550.000     0.1452   2.906282     0.1457   2.906229    5.88715    -0.0854    13.8155 0.0000e+00  -62.23033  -58.11667 1152340943 189.279456    34.5392 0.0000e+00
    551.000     0.1284   2.904824     0.1284   2.904751    5.89299    -0.1002    13.8155 0.0000e+00  -62.23033  -58.11667 1152340944 189.279468    34.5387 0.0000e+00
    552.000     0.1159   2.903787     0.1186   2.903895    5.90111    -0.0961    13.8155 0.0000e+00  -62.23033  -58.11667 1152340945 189.279483    34.5388 0.0000e+00
    553.000     0.1225   2.904414     0.1206   2.904106    5.90044    -0.0991    13.8155 0.0000e+00  -62.23033  -58.11667 1152340947 189.279500    34.5387 0.0000e+00
    554.000     0.1109   2.903402     0.1126   2.903484    5.90781    -0.0969    13.8155 0.0000e+00  -62.23033  -58.11667 1152340948 189.279515    34.5378 0.0000e+00
    555.000     0.0810   2.900790     0.0803   2.900743    5.91743    -0.0963    13.8155 0.0000e+00  -62.23033  -58.11667 1152340949 189.279528    34.5367 0.0000e+00
    556.000     0.0569   2.898788     0.0588   2.898814    5.93151    -0.0939    13.8155 0.0000e+00  -62.23033  -58.11667 1152340950 189.279541    34.5380 0.0000e+00
    557.000     0.0737   2.900287     0.0744   2.900221    5.93781    -0.0913    13.8155 0.0000e+00  -62.23033  -58.11667 1152340952 189.279555    34.5373 0.0000e+00
    558.000     0.0638   2.899472     0.0630   2.899270    5.94598    -0.1028    13.8155 0.0000e+00  -62.23033  -58.11667 1152340953 189.279573    34.5369 0.0000e+00
    559.000     0.0276   2.896270     0.0268   2.896280    5.95871    -0.1040    13.8155 0.0000e+00  -62.23033  -58.11667 1152340954 189.279589    34.5350 0.0000e+00
    560.000    -0.0198   2.892233    -0.0187   2.892337    5.97138    -0.1008    13.8155 0.0000e+00  -62.23033  -58.11667 1152340956 189.279602    34.5361 0.0000e+00
    561.000    -0.0329   2.891131    -0.0333   2.891098    5.98476    -0.0857    13.8155 0.0000e+00  -62.23033  -58.11667 1152340957 189.279614    34.5353 0.0000e+00
    562.000    -0.0630   2.888583    -0.0631   2.888541    5.99472    -0.0950    13.8155 0.0000e+00  -62.23033  -58.11667 1152340958 189.279627    34.5357 0.0000e+00
    563.000    -0.0712   2.887912    -0.0689   2.888074    6.00566    -0.1036    13.8155 0.0000e+00  -62.23033  -58.11667 1152340959 189.279642    34.5350 0.0000e+00
    564.000    -0.0803   2.887175    -0.0805   2.887116    6.01421    -0.0763    13.8155 0.0000e+00  -62.23033  -58.11667 1152340960 189.279656    34.5346 0.0000e+00
    565.000    -0.0893   2.886476    -0.0889   2.886433    6.02006    -0.0934    13.8155 0.0000e+00  -62.23033  -58.11667 1152340961 189.279671    34.5347 0.0000e+00
    566.000    -0.0922   2.886274    -0.0913   2.886273    6.02472    -0.1069    13.8155 0.0000e+00  -62.23033  -58.11667 1152340963 189.279686    34.5343 0.0000e+00
    567.000    -0.0916   2.886389    -0.0913   2.886330    6.02864    -0.0954    13.8155 0.0000e+00  -62.23033  -58.11667 1152340964 189.279701    34.5342 0.0000e+00
    568.000    -0.0900   2.886574    -0.0890   2.886576    6.03262    -0.0960    13.8155 0.0000e+00  -62.23033  -58.11667 1152340965 189.279715    34.5339 0.0000e+00
    569.000    -0.0917   2.886496    -0.0916   2.886417    6.03404    -0.0993    13.8155 0.0000e+00  -62.23033  -58.11667 1152340966 189.279728    34.5338 0.0000e+00
    570.000    -0.0946   2.886291    -0.0939   2.886251    6.03501    -0.1076    13.8155 0.0000e+00  -62.23033  -58.11667 1152340967 189.279741    34.5337 0.0000e+00
    571.000    -0.0954   2.886279    -0.0953   2.886179    6.03754    -0.0928    13.8155 0.0000e+00  -62.23033  -58.11667 1152340969 189.279756    34.5336 0.0000e+00
    572.000    -0.1001   2.885907    -0.1000   2.885837    6.04355    -0.1121    13.8155 0.0000e+00  -62.23033  -58.11667 1152340971 189.279776    34.5333 0.0000e+00
    573.000    -0.1018   2.885833    -0.1009   2.885802    6.04211    -0.0834    13.8155 0.0000e+00  -62.23033  -58.11667 1152340972 189.279791    34.5336 0.0000e+00
    574.000    -0.1018   2.885867    -0.1014   2.885801    6.04541    -0.0824    13.8155 0.0000e+00  -62.23033  -58.11667 1152340973 189.279802    34.5333 0.0000e+00
    575.000    -0.1079   2.885373    -0.1061   2.885459    6.04724    -0.0985    13.8155 0.0000e+00  -62.23033  -58.11667 1152340974 189.279812    34.5330 0.0000e+00
    576.000    -0.1176   2.884571    -0.1180   2.884485    6.04873    -0.0894    13.8155 0.0000e+00  -62.23033  -58.11667 1152340975 189.279824    34.5328 0.0000e+00
    577.000    -0.1170   2.884688    -0.1182   2.884472    6.05214    -0.0948    13.8155 0.0000e+00  -62.23033  -58.11667 1152340976 189.279839    34.5331 0.0000e+00
    578.000    -0.1206   2.884408    -0.1198   2.884381    6.05622    -0.0844    13.8155 0.0000e+00  -62.23033  -58.11667 1152340978 189.279858    34.5326 0.0000e+00
