product_data/regression_test/downloaded_data/MDGS/320620060703/ctd/adapted/heads_insert_p6609901.cnv
* Sea-Bird SBE 9 Data File:
* FileName = D:\Data\Raw\p6609901.dat
* Software Version Seasave Win32 V 5.32
* Temperature SN = 1649
* Conductivity SN = 1431
* Number of Bytes Per Scan = 37
* Number of Voltage Words = 5
* Number of Scans Averaged by the Deck Unit = 1
* NMEA Latitude = 60 16.70 S
* NMEA Longitude = 057 27.05 W
* NMEA UTC (Time) = 12:24:31
** Ship:   Nathaniel B. Palmer 
** Cruise:    NBP0606 
# nquan = 15
# nvalues = 991                         
# units = specified
# name 0 = prDM: Pressure, Digiquartz [db]
# name 1 = t090C: Temperature [ITS-90, deg C]
# name 2 = c0S/m: Conductivity [S/m]
# name 3 = t190C: Temperature, 2 [ITS-90, deg C]
# name 4 = c1S/m: Conductivity, 2 [S/m]
# name 5 = sbeox0ML/L: Oxygen, SBE 43 [ml/l]
# name 6 = flECO-AFL: Fluorescence, Wetlab ECO-AFL/FL [mg/m^3]
# name 7 = bat: Beam Attenuation, Chelsea/Seatech/Wetlab CStar [1/m]
# name 8 = spar: SPAR/Surface Irradiance
# name 9 = latitude: Latitude [deg]
# name 10 = longitude: Longitude [deg]
# name 11 = timeY: Time, System [seconds]
# name 12 = timeJ: Julian Days
# name 13 = sal00: Salinity [PSU]
# name 14 = flag: flag
# span 0 =     14.000,   1004.000       
# span 1 =    -0.5268,     2.1082       
# span 2 =   2.774911,   3.082492       
# span 3 =    -0.5267,     2.1086       
# span 4 =   2.775690,   3.082930       
# span 5 =    4.34434,    8.07182       
# span 6 =    -0.1036,     0.3408       
# span 7 =    13.8155,    13.8155       
# span 8 = -2.789e-01, 9.7313e+00       
# span 9 =  -60.27833,  -60.27833       
# span 10 =  -57.45083,  -57.45083      
# span 11 = 1152707080, 1152708469      
# span 12 = 193.517137, 193.533223      
# span 13 =    33.8288,    34.7236      
# span 14 = 0.0000e+00, 0.0000e+00      
# interval = decibars: 1                
# start_time = Jul 12 2006 12:24:39
# bad_flag = -9.990e-29
*END*
Pressure	Temperature	Conductivity	Temperature2	Conductivity2	Oxygen	Fluorescence	Beam Attenuation	SPAR	latitude	longitude	timeY	timeJ	Salinity	flag
     14.000    -0.4494   2.778622    -0.4510   2.779499    7.99618     0.3407    13.8155 -9.990e-29  -60.27833  -57.45083 1152707080 193.517137    33.8292 0.0000e+00
     15.000    -0.4572   2.778007    -0.4584   2.778911    8.01348     0.3387    13.8155 3.8914e+00  -60.27833  -57.45083 1152707085 193.517205    33.8293 0.0000e+00
     16.000    -0.4764   2.776529    -0.4784   2.777358    8.02892     0.3160    13.8155 -9.990e-29  -60.27833  -57.45083 1152707094 193.517312    33.8306 0.0000e+00
     17.000    -0.4632   2.777639    -0.4645   2.778487    8.03289     0.3200    13.8155 -9.990e-29  -60.27833  -57.45083 1152707097 193.517348    33.8297 0.0000e+00
     18.000    -0.4542   2.778389    -0.4547   2.779271    8.03297     0.3238    13.8155 -9.990e-29  -60.27833  -57.45083 1152707105 193.517439    33.8288 0.0000e+00
     19.000    -0.4559   2.778300    -0.4557   2.779221    8.04379     0.3193    13.8155 -9.990e-29  -60.27833  -57.45083 1152707107 193.517456    33.8289 0.0000e+00
     20.000    -0.4547   2.778458    -0.4544   2.779354    8.05191     0.3236    13.8155 -9.990e-29  -60.27833  -57.45083 1152707109 193.517484    33.8292 0.0000e+00
     21.000    -0.4587   2.778197    -0.4596   2.779004    8.05181     0.3408    13.8155 -9.990e-29  -60.27833  -57.45083 1152707112 193.517518    33.8296 0.0000e+00
     22.000    -0.4611   2.778054    -0.4614   2.778883    8.05586     0.3233    13.8155 -9.990e-29  -60.27833  -57.45083 1152707117 193.517577    33.8298 0.0000e+00
     23.000    -0.4564   2.778482    -0.4573   2.779253    8.06052     0.3301    13.8155 -9.990e-29  -60.27833  -57.45083 1152707119 193.517600    33.8295 0.0000e+00
     24.000    -0.4542   2.778715    -0.4555   2.779456    8.05796     0.3252    13.8155 -9.990e-29  -60.27833  -57.45083 1152707122 193.517634    33.8295 0.0000e+00
     25.000    -0.4579   2.778479    -0.4589   2.779230    8.05557     0.3251    13.8155 3.5174e+00  -60.27833  -57.45083 1152707124 193.517655    33.8300 0.0000e+00
     26.000    -0.4578   2.778540    -0.4593   2.779231    8.05790     0.3230    13.8155 2.6332e+00  -60.27833  -57.45083 1152707127 193.517692    33.8300 0.0000e+00
     27.000    -0.4508   2.779150    -0.4520   2.779893    8.05860     0.3308    13.8155 2.1715e+00  -60.27833  -57.45083 1152707132 193.517749    33.8296 0.0000e+00
     28.000    -0.4573   2.778628    -0.4583   2.779414    8.05662     0.3290    13.8155 2.6906e+00  -60.27833  -57.45083 1152707133 193.517759    33.8297 0.0000e+00
     29.000    -0.4616   2.778374    -0.4623   2.779124    8.06333     0.3234    13.8155 3.0566e+00  -60.27833  -57.45083 1152707137 193.517810    33.8304 0.0000e+00
     30.000    -0.4617   2.778415    -0.4627   2.779147    8.06326     0.3374    13.8155 -9.990e-29  -60.27833  -57.45083 1152707142 193.517867    33.8304 0.0000e+00
     31.000    -0.4560   2.778899    -0.4564   2.779665    8.05950     0.3123    13.8155 -9.990e-29  -60.27833  -57.45083 1152707144 193.517890    33.8297 0.0000e+00
     32.000    -0.4563   2.778951    -0.4552   2.779805    8.05992     0.3282    13.8155 -9.990e-29  -60.27833  -57.45083 1152707148 193.517936    33.8302 0.0000e+00
     33.000    -0.4542   2.779166    -0.4543   2.779936    8.06149     0.3147    13.8155 -9.990e-29  -60.27833  -57.45083 1152707152 193.517982    33.8300 0.0000e+00
     34.000    -0.4569   2.779003    -0.4562   2.779819    8.06067     0.3080    13.8155 -9.990e-29  -60.27833  -57.45083 1152707153 193.517994    33.8304 0.0000e+00
     35.000    -0.4589   2.778886    -0.4589   2.779646    8.06120     0.3225    13.8155 -9.990e-29  -60.27833  -57.45083 1152707155 193.518012    33.8304 0.0000e+00
     36.000    -0.4567   2.779122    -0.4566   2.779868    8.05947     0.2996    13.8155 1.8874e+00  -60.27833  -57.45083 1152707161 193.518081    33.8304 0.0000e+00
     37.000    -0.4572   2.779125    -0.4601   2.779628    8.05482     0.2969    13.8155 2.9153e+00  -60.27833  -57.45083 1152707162 193.518092    33.8304 0.0000e+00
     38.000    -0.4519   2.779589    -0.4516   2.780368    8.05508     0.3025    13.8155 3.7804e+00  -60.27833  -57.45083 1152707163 193.518103    33.8300 0.0000e+00
     39.000    -0.4528   2.779559    -0.4536   2.780228    8.06235     0.3267    13.8155 3.8920e+00  -60.27833  -57.45083 1152707164 193.518120    33.8301 0.0000e+00
     40.000    -0.4502   2.779834    -0.4505   2.780530    8.06536     0.3226    13.8155 -9.990e-29  -60.27833  -57.45083 1152707167 193.518150    33.8302 0.0000e+00
     41.000    -0.4552   2.779462    -0.4559   2.780144    8.05944     0.3223    13.8155 -9.990e-29  -60.27833  -57.45083 1152707171 193.518206    33.8304 0.0000e+00
     42.000    -0.4523   2.779757    -0.4527   2.780455    8.05513     0.3030    13.8155 -9.990e-29  -60.27833  -57.45083 1152707172 193.518217    33.8306 0.0000e+00
     43.000    -0.4540   2.779654    -0.4538   2.780400    8.05479     0.3102    13.8155 -9.990e-29  -60.27833  -57.45083 1152707173 193.518227    33.8303 0.0000e+00
     44.000    -0.4600   2.779218    -0.4603   2.779928    8.05548     0.3180    13.8155 -9.990e-29  -60.27833  -57.45083 1152707174 193.518238    33.8309 0.0000e+00
     45.000    -0.4605   2.779249    -0.4601   2.779970    8.06154     0.3325    13.8155 -9.990e-29  -60.27833  -57.45083 1152707178 193.518277    33.8311 0.0000e+00
     46.000    -0.4652   2.778905    -0.4642   2.779678    8.06174     0.3022    13.8155 -9.990e-29  -60.27833  -57.45083 1152707180 193.518304    33.8311 0.0000e+00
     47.000    -0.4662   2.778842    -0.4648   2.779667    8.06842     0.3143    13.8155 2.3872e+00  -60.27833  -57.45083 1152707182 193.518328    33.8308 0.0000e+00
     48.000    -0.4813   2.777722    -0.4792   2.778612    8.07182     0.3024    13.8155 2.2439e+00  -60.27833  -57.45083 1152707186 193.518373    33.8322 0.0000e+00
     49.000    -0.4822   2.777751    -0.4816   2.778437    8.07037     0.3000    13.8155 3.9291e+00  -60.27833  -57.45083 1152707187 193.518382    33.8337 0.0000e+00
     50.000    -0.4628   2.779314    -0.4620   2.780041    8.06976     0.2933    13.8155 2.5671e+00  -60.27833  -57.45083 1152707187 193.518390    33.8314 0.0000e+00
     51.000    -0.4810   2.778169    -0.4830   2.778737    8.06860     0.3172    13.8155 3.2551e+00  -60.27833  -57.45083 1152707189 193.518404    33.8359 0.0000e+00
     52.000    -0.5037   2.776729    -0.5008   2.777728    8.05742     0.2944    13.8155 -9.990e-29  -60.27833  -57.45083 1152707194 193.518464    33.8420 0.0000e+00
     53.000    -0.5086   2.776739    -0.5066   2.777613    8.04933     0.2860    13.8155 -9.990e-29  -60.27833  -57.45083 1152707195 193.518476    33.8469 0.0000e+00
     54.000    -0.5073   2.776877    -0.5056   2.777720    8.05177     0.3132    13.8155 -9.990e-29  -60.27833  -57.45083 1152707197 193.518499    33.8466 0.0000e+00
     55.000    -0.5107   2.776515    -0.5085   2.777443    8.05123     0.3066    13.8155 -9.990e-29  -60.27833  -57.45083 1152707200 193.518540    33.8445 0.0000e+00
     56.000    -0.5262   2.774911    -0.5251   2.775733    8.05662     0.2944    13.8155 -9.990e-29  -60.27833  -57.45083 1152707201 193.518552    33.8402 0.0000e+00
     57.000    -0.5260   2.775081    -0.5233   2.776019    8.05896     0.3060    13.8155 3.5736e+00  -60.27833  -57.45083 1152707202 193.518564    33.8417 0.0000e+00
     58.000    -0.5171   2.776114    -0.5168   2.776773    8.05720     0.3396    13.8155 3.0079e+00  -60.27833  -57.45083 1152707206 193.518600    33.8444 0.0000e+00
     59.000    -0.5268   2.775000    -0.5267   2.775690    8.06408     0.3174    13.8155 2.1125e+00  -60.27833  -57.45083 1152707208 193.518629    33.8399 0.0000e+00
     60.000    -0.5264   2.775175    -0.5260   2.775886    8.05476     0.2952    13.8155 3.0262e+00  -60.27833  -57.45083 1152707209 193.518643    33.8411 0.0000e+00
     61.000    -0.4968   2.778550    -0.4976   2.779063    8.03421     0.2992    13.8155 2.1011e+00  -60.27833  -57.45083 1152707212 193.518678    33.8519 0.0000e+00
     62.000    -0.4971   2.778565    -0.4974   2.779170    8.02080     0.2731    13.8155 1.5995e+00  -60.27833  -57.45083 1152707215 193.518713    33.8519 0.0000e+00
     63.000    -0.5005   2.778363    -0.4990   2.779122    8.01412     0.2682    13.8155 9.0461e-02  -60.27833  -57.45083 1152707216 193.518723    33.8526 0.0000e+00
     64.000    -0.4824   2.780422    -0.4692   2.782265    8.00566     0.2950    13.8155 2.8973e-01  -60.27833  -57.45083 1152707217 193.518733    33.8595 0.0000e+00
     65.000    -0.4445   2.784180    -0.4412   2.785041    7.98969     0.2649    13.8155 2.8920e+00  -60.27833  -57.45083 1152707218 193.518745    33.8654 0.0000e+00
     66.000    -0.4345   2.785176    -0.4329   2.785907    7.96246     0.2751    13.8155 3.3419e+00  -60.27833  -57.45083 1152707221 193.518784    33.8674 0.0000e+00
     67.000    -0.3986   2.788947    -0.3976   2.789533    7.92143     0.2517    13.8155 1.4604e+00  -60.27833  -57.45083 1152707226 193.518839    33.8772 0.0000e+00
     68.000    -0.3726   2.791743    -0.3715   2.792376    7.89857     0.2586    13.8155 1.1539e+00  -60.27833  -57.45083 1152707227 193.518847    33.8838 0.0000e+00
     69.000    -0.3574   2.793621    -0.3566   2.794231    7.88263     0.2392    13.8155 1.7450e+00  -60.27833  -57.45083 1152707228 193.518855    33.8911 0.0000e+00
     70.000    -0.3542   2.793944    -0.3544   2.794509    7.87549     0.2563    13.8155 2.7688e+00  -60.27833  -57.45083 1152707228 193.518863    33.8911 0.0000e+00
     71.000    -0.3614   2.793604    -0.3609   2.794187    7.83815     0.2501    13.8155 2.6771e+00  -60.27833  -57.45083 1152707233 193.518914    33.8953 0.0000e+00
     72.000    -0.3593   2.793871    -0.3589   2.794506    7.80955     0.2343    13.8155 2.9234e+00  -60.27833  -57.45083 1152707236 193.518951    33.8976 0.0000e+00
     73.000    -0.3638   2.793638    -0.3632   2.794275    7.80335     0.2393    13.8155 -9.990e-29  -60.27833  -57.45083 1152707237 193.518965    33.8980 0.0000e+00
     74.000    -0.3648   2.793600    -0.3643   2.794231    7.79245     0.2539    13.8155 -9.990e-29  -60.27833  -57.45083 1152707239 193.518985    33.8981 0.0000e+00
     75.000    -0.3719   2.793309    -0.3761   2.793545    7.79141     0.2430    13.8155 -9.990e-29  -60.27833  -57.45083 1152707241 193.519007    33.9018 0.0000e+00
     76.000    -0.3735   2.793347    -0.3722   2.794006    7.78908     0.2634    13.8155 3.2298e+00  -60.27833  -57.45083 1152707245 193.519053    33.9038 0.0000e+00
     77.000    -0.4036   2.791629    -0.4036   2.792268    7.77693     0.2354    13.8155 3.0421e+00  -60.27833  -57.45083 1152707246 193.519072    33.9144 0.0000e+00
     78.000    -0.4288   2.789849    -0.4296   2.790405    7.77551     0.2267    13.8155 3.2480e+00  -60.27833  -57.45083 1152707247 193.519081    33.9189 0.0000e+00
     79.000    -0.4395   2.789025    -0.4391   2.789705    7.77695     0.2316    13.8155 2.4470e+00  -60.27833  -57.45083 1152707248 193.519089    33.9195 0.0000e+00
     80.000    -0.4558   2.787736    -0.4558   2.788337    7.77863     0.2406    13.8155 3.5629e+00  -60.27833  -57.45083 1152707250 193.519115    33.9201 0.0000e+00
     81.000    -0.4746   2.786118    -0.4768   2.786571    7.77705     0.2305    13.8155 -9.990e-29  -60.27833  -57.45083 1152707254 193.519161    33.9184 0.0000e+00
     82.000    -0.4651   2.787315    -0.4603   2.788314    7.76021     0.2137    13.8155 -9.990e-29  -60.27833  -57.45083 1152707255 193.519174    33.9235 0.0000e+00
     83.000    -0.4358   2.790079    -0.4356   2.790646    7.74752     0.2260    13.8155 -9.990e-29  -60.27833  -57.45083 1152707257 193.519191    33.9255 0.0000e+00
     84.000    -0.4359   2.790328    -0.4342   2.791020    7.73117     0.2166    13.8155 -9.990e-29  -60.27833  -57.45083 1152707258 193.519212    33.9286 0.0000e+00
     85.000    -0.4002   2.793811    -0.3961   2.794714    7.71365     0.2086    13.8155 -9.990e-29  -60.27833  -57.45083 1152707260 193.519230    33.9335 0.0000e+00
     86.000    -0.3850   2.795252    -0.3838   2.795859    7.68523     0.2318    13.8155 -9.990e-29  -60.27833  -57.45083 1152707262 193.519256    33.9350 0.0000e+00
     87.000    -0.3701   2.796789    -0.3683   2.797345    7.65634     0.2213    13.8155 2.5170e+00  -60.27833  -57.45083 1152707266 193.519294    33.9388 0.0000e+00
     88.000    -0.2977   2.803731    -0.2906   2.804705    7.63617     0.2377    13.8155 1.9333e+00  -60.27833  -57.45083 1152707266 193.519305    33.9482 0.0000e+00
     89.000    -0.2927   2.804213    -0.2910   2.804826    7.62282     0.2426    13.8155 3.3975e+00  -60.27833  -57.45083 1152707267 193.519315    33.9479 0.0000e+00
     90.000    -0.2932   2.804242    -0.2877   2.805214    7.59429     0.2674    13.8155 3.2216e+00  -60.27833  -57.45083 1152707269 193.519333    33.9488 0.0000e+00
     91.000    -0.2897   2.804739    -0.2686   2.806950    7.53746     0.2761    13.8155 1.6869e+00  -60.27833  -57.45083 1152707273 193.519380    33.9523 0.0000e+00
     92.000    -0.1651   2.816500    -0.1622   2.817106    7.49744     0.2629    13.8155 1.7852e+00  -60.27833  -57.45083 1152707274 193.519393    33.9670 0.0000e+00
     93.000    -0.1206   2.820437    -0.1195   2.820913    7.46156     0.2437    13.8155 3.0062e+00  -60.27833  -57.45083 1152707275 193.519406    33.9668 0.0000e+00
     94.000    -0.1296   2.819778    -0.1291   2.820237    7.41949     0.2390    13.8155 3.1809e+00  -60.27833  -57.45083 1152707278 193.519436    33.9696 0.0000e+00
     95.000    -0.1173   2.821332    -0.1152   2.821918    7.39442     0.2262    13.8155 3.6652e+00  -60.27833  -57.45083 1152707280 193.519459    33.9767 0.0000e+00
     96.000    -0.1155   2.821747    -0.1166   2.822135    7.38214     0.2313    13.8155 2.9602e+00  -60.27833  -57.45083 1152707281 193.519472    33.9799 0.0000e+00
     97.000    -0.1360   2.820069    -0.1352   2.820631    7.37210     0.2429    13.8155 3.6009e+00  -60.27833  -57.45083 1152707282 193.519483    33.9807 0.0000e+00
     98.000    -0.1411   2.819706    -0.1389   2.820359    7.35447     0.2289    13.8155 -2.789e-01  -60.27833  -57.45083 1152707285 193.519521    33.9819 0.0000e+00
     99.000    -0.1235   2.821681    -0.1198   2.822383    7.33200     0.2206    13.8155 3.3205e+00  -60.27833  -57.45083 1152707289 193.519570    33.9886 0.0000e+00
    100.000    -0.1033   2.823792    -0.1015   2.824365    7.30404     0.2201    13.8155 1.6900e+00  -60.27833  -57.45083 1152707290 193.519576    33.9932 0.0000e+00
    101.000    -0.0262   2.831845    -0.0247   2.832179    7.26721     0.2078    13.8155 1.1891e+00  -60.27833  -57.45083 1152707291 193.519583    34.0131 0.0000e+00
    102.000     0.0373   2.838022     0.0374   2.838308    7.22830     0.2018    13.8155 1.8085e+00  -60.27833  -57.45083 1152707291 193.519591    34.0200 0.0000e+00
    103.000     0.1094   2.845351     0.1182   2.846386    7.16003     0.2058    13.8155 3.4665e+00  -60.27833  -57.45083 1152707294 193.519626    34.0351 0.0000e+00
    104.000     0.1752   2.851915     0.1769   2.852329    7.02867     0.2092    13.8155 3.2801e+00  -60.27833  -57.45083 1152707300 193.519689    34.0474 0.0000e+00
    105.000     0.1894   2.853508     0.1914   2.853952    6.98815     0.2067    13.8155 2.7356e+00  -60.27833  -57.45083 1152707300 193.519698    34.0523 0.0000e+00
    106.000     0.2091   2.855604     0.2132   2.856251    6.95670     0.2178    13.8155 3.7185e+00  -60.27833  -57.45083 1152707301 193.519709    34.0578 0.0000e+00
    107.000     0.2202   2.856775     0.2257   2.857614    6.92076     0.2223    13.8155 3.8466e+00  -60.27833  -57.45083 1152707303 193.519723    34.0608 0.0000e+00
    108.000     0.2295   2.857743     0.2324   2.858350    6.86079     0.2383    13.8155 3.7189e+00  -60.27833  -57.45083 1152707307 193.519769    34.0647 0.0000e+00
