product_data/regression_test/downloaded_data/MDGS/320620060703/ctd/adapted/heads_insert_p6619404.cnv
* Sea-Bird SBE 9 Data File:
* FileName = D:\Data\Raw\p6619404.dat
* Software Version Seasave Win32 V 5.32
* Temperature SN = 1649
* Conductivity SN = 1431
* Number of Bytes Per Scan = 37
* Number of Voltage Words = 5
* Number of Scans Averaged by the Deck Unit = 1
* NMEA Latitude = 60 37.19 S
* NMEA Longitude = 055 40.25 W
* NMEA UTC (Time) = 04:56:00
** Ship:   Nathaniel B. Palmer 
** Cruise:    NBP0606 
# nquan = 15
# nvalues = 989                         
# units = specified
# name 0 = prDM: Pressure, Digiquartz [db]
# name 1 = t090C: Temperature [ITS-90, deg C]
# name 2 = c0S/m: Conductivity [S/m]
# name 3 = t190C: Temperature, 2 [ITS-90, deg C]
# name 4 = c1S/m: Conductivity, 2 [S/m]
# name 5 = sbeox0ML/L: Oxygen, SBE 43 [ml/l]
# name 6 = flECO-AFL: Fluorescence, Wetlab ECO-AFL/FL [mg/m^3]
# name 7 = bat: Beam Attenuation, Chelsea/Seatech/Wetlab CStar [1/m]
# name 8 = spar: SPAR/Surface Irradiance
# name 9 = latitude: Latitude [deg]
# name 10 = longitude: Longitude [deg]
# name 11 = timeY: Time, System [seconds]
# name 12 = timeJ: Julian Days
# name 13 = sal00: Salinity [PSU]
# name 14 = flag: flag
# span 0 =     13.000,   1001.000       
# span 1 =    -0.7585,     1.1288       
# span 2 =   2.789315,   3.007889       
# span 3 =    -0.7579,     1.1291       
# span 4 =   2.789724,   3.008161       
# span 5 =    5.10327,    7.50782       
# span 6 =    -0.1107,     0.7002       
# span 7 =    13.8155,    13.8155       
# span 8 = 0.0000e+00, 0.0000e+00       
# span 9 =  -60.61983,  -60.61983       
# span 10 =  -55.67083,  -55.67083      
# span 11 = 1153716951, 1153718452      
# span 12 = 205.205458, 205.222851      
# span 13 =    34.1918,    34.6927      
# span 14 = 0.0000e+00, 0.0000e+00      
# interval = decibars: 1                
# start_time = Jul 24 2006 04:56:08
# bad_flag = -9.990e-29
*END*
[from data line 579]
    591.000     0.9497   2.983134     0.9513   2.983464    5.26998    -0.0689    13.8155 0.0000e+00  -60.61983  -55.67083 1153717905 205.216516    34.6175 0.0000e+00
    592.000     0.9658   2.984771     0.9663   2.985023    5.26475    -0.0780    13.8155 0.0000e+00  -60.61983  -55.67083 1153717906 205.216529    34.6198 0.0000e+00
    593.000     0.9704   2.985283     0.9705   2.985489    5.26043    -0.0794    13.8155 0.0000e+00  -60.61983  -55.67083 1153717908 205.216544    34.6206 0.0000e+00
    594.000     0.9733   2.985615     0.9736   2.985868    5.25752    -0.0901    13.8155 0.0000e+00  -60.61983  -55.67083 1153717909 205.216561    34.6213 0.0000e+00
    595.000     0.9746   2.985794     0.9747   2.986042    5.25362    -0.0709    13.8155 0.0000e+00  -60.61983  -55.67083 1153717910 205.216578    34.6217 0.0000e+00
    596.000     0.9750   2.985866     0.9752   2.986124    5.25170    -0.0720    13.8155 0.0000e+00  -60.61983  -55.67083 1153717912 205.216591    34.6217 0.0000e+00
    597.000     0.9754   2.985951     0.9755   2.986193    5.25078    -0.0899    13.8155 0.0000e+00  -60.61983  -55.67083 1153717913 205.216606    34.6219 0.0000e+00
    598.000     0.9749   2.985943     0.9757   2.986278    5.24779    -0.0836    13.8155 0.0000e+00  -60.61983  -55.67083 1153717915 205.216632    34.6221 0.0000e+00
    599.000     0.9800   2.986572     0.9804   2.986804    5.24578    -0.0750    13.8155 0.0000e+00  -60.61983  -55.67083 1153717917 205.216649    34.6240 0.0000e+00
    600.000     0.9861   2.987211     0.9861   2.987449    5.24308    -0.0894    13.8155 0.0000e+00  -60.61983  -55.67083 1153717917 205.216659    34.6246 0.0000e+00
    601.000     0.9892   2.987560     0.9896   2.987827    5.24175    -0.0867    13.8155 0.0000e+00  -60.61983  -55.67083 1153717918 205.216667    34.6252 0.0000e+00
    602.000     0.9932   2.987971     0.9931   2.988179    5.24000    -0.0796    13.8155 0.0000e+00  -60.61983  -55.67083 1153717919 205.216676    34.6252 0.0000e+00
    603.000     0.9902   2.987735     0.9908   2.988028    5.23972    -0.0789    13.8155 0.0000e+00  -60.61983  -55.67083 1153717922 205.216708    34.6253 0.0000e+00
    604.000     0.9937   2.988138     0.9939   2.988371    5.23937    -0.0705    13.8155 0.0000e+00  -60.61983  -55.67083 1153717923 205.216725    34.6261 0.0000e+00
    605.000     0.9988   2.988678     0.9989   2.988934    5.23834    -0.0836    13.8155 0.0000e+00  -60.61983  -55.67083 1153717924 205.216734    34.6267 0.0000e+00
    606.000     1.0003   2.988855     0.9997   2.989048    5.23611    -0.0861    13.8155 0.0000e+00  -60.61983  -55.67083 1153717925 205.216741    34.6267 0.0000e+00
    607.000     1.0007   2.988948     1.0008   2.989194    5.23463    -0.0855    13.8155 0.0000e+00  -60.61983  -55.67083 1153717925 205.216749    34.6269 0.0000e+00
    608.000     1.0022   2.989149     1.0025   2.989409    5.23230    -0.0811    13.8155 0.0000e+00  -60.61983  -55.67083 1153717927 205.216767    34.6272 0.0000e+00
    609.000     1.0010   2.989059     1.0029   2.989490    5.22969    -0.0918    13.8155 0.0000e+00  -60.61983  -55.67083 1153717929 205.216789    34.6273 0.0000e+00
    610.000     1.0044   2.989494     1.0046   2.989747    5.22742    -0.0822    13.8155 0.0000e+00  -60.61983  -55.67083 1153717930 205.216801    34.6282 0.0000e+00
    611.000     1.0045   2.989544     1.0046   2.989795    5.22622    -0.0739    13.8155 0.0000e+00  -60.61983  -55.67083 1153717931 205.216813    34.6282 0.0000e+00
    612.000     1.0040   2.989546     1.0040   2.989802    5.22315    -0.0781    13.8155 0.0000e+00  -60.61983  -55.67083 1153717932 205.216832    34.6283 0.0000e+00
    613.000     1.0072   2.989946     1.0075   2.990210    5.22072    -0.0848    13.8155 0.0000e+00  -60.61983  -55.67083 1153717934 205.216854    34.6294 0.0000e+00
    614.000     1.0123   2.990530     1.0125   2.990790    5.21647    -0.0817    13.8155 0.0000e+00  -60.61983  -55.67083 1153717936 205.216870    34.6305 0.0000e+00
    615.000     1.0199   2.991333     1.0207   2.991638    5.21525    -0.0844    13.8155 0.0000e+00  -60.61983  -55.67083 1153717937 205.216885    34.6317 0.0000e+00
    616.000     1.0172   2.991133     1.0178   2.991452    5.21452    -0.0838    13.8155 0.0000e+00  -60.61983  -55.67083 1153717938 205.216901    34.6316 0.0000e+00
    617.000     1.0094   2.990476     1.0100   2.990791    5.21548    -0.0656    13.8155 0.0000e+00  -60.61983  -55.67083 1153717940 205.216914    34.6315 0.0000e+00
    618.000     1.0078   2.990369     1.0082   2.990679    5.21594    -0.0846    13.8155 0.0000e+00  -60.61983  -55.67083 1153717941 205.216926    34.6314 0.0000e+00
    619.000     1.0029   2.989961     1.0027   2.990219    5.22034    -0.0910    13.8155 0.0000e+00  -60.61983  -55.67083 1153717942 205.216938    34.6312 0.0000e+00
    620.000     0.9967   2.989451     0.9969   2.989751    5.22156    -0.0845    13.8155 0.0000e+00  -60.61983  -55.67083 1153717943 205.216951    34.6312 0.0000e+00
    621.000     0.9943   2.989292     0.9945   2.989561    5.22236    -0.0844    13.8155 0.0000e+00  -60.61983  -55.67083 1153717944 205.216967    34.6312 0.0000e+00
    622.000     0.9941   2.989308     0.9942   2.989577    5.22403    -0.0763    13.8155 0.0000e+00  -60.61983  -55.67083 1153717946 205.216988    34.6310 0.0000e+00
    623.000     0.9926   2.989223     0.9927   2.989495    5.22533    -0.0908    13.8155 0.0000e+00  -60.61983  -55.67083 1153717948 205.217013    34.6310 0.0000e+00
    624.000     0.9911   2.989154     0.9914   2.989429    5.22584    -0.0825    13.8155 0.0000e+00  -60.61983  -55.67083 1153717949 205.217027    34.6312 0.0000e+00
    625.000     0.9904   2.989121     0.9903   2.989393    5.22626    -0.0714    13.8155 0.0000e+00  -60.61983  -55.67083 1153717950 205.217037    34.6310 0.0000e+00
    626.000     0.9885   2.989006     0.9891   2.989316    5.22598    -0.0791    13.8155 0.0000e+00  -60.61983  -55.67083 1153717951 205.217049    34.6311 0.0000e+00
    627.000     0.9888   2.989072     0.9876   2.989216    5.22586    -0.0908    13.8155 0.0000e+00  -60.61983  -55.67083 1153717953 205.217067    34.6310 0.0000e+00
    628.000     0.9887   2.989136     0.9890   2.989400    5.22738    -0.0885    13.8155 0.0000e+00  -60.61983  -55.67083 1153717954 205.217084    34.6312 0.0000e+00
    629.000     0.9924   2.989537     0.9931   2.989823    5.22614    -0.0778    13.8155 0.0000e+00  -60.61983  -55.67083 1153717955 205.217095    34.6319 0.0000e+00
    630.000     1.0001   2.990270     1.0023   2.990731    5.22454    -0.0701    13.8155 0.0000e+00  -60.61983  -55.67083 1153717956 205.217105    34.6317 0.0000e+00
    631.000     1.0037   2.990648     1.0030   2.990839    5.22251    -0.0692    13.8155 0.0000e+00  -60.61983  -55.67083 1153717957 205.217122    34.6320 0.0000e+00
    632.000     1.0004   2.990450     1.0031   2.990870    5.22306    -0.0759    13.8155 0.0000e+00  -60.61983  -55.67083 1153717961 205.217157    34.6323 0.0000e+00
    633.000     1.0178   2.992051     1.0176   2.992287    5.22078    -0.0716    13.8155 0.0000e+00  -60.61983  -55.67083 1153717961 205.217167    34.6328 0.0000e+00
    634.000     1.0134   2.991689     1.0128   2.991899    5.22055    -0.0776    13.8155 0.0000e+00  -60.61983  -55.67083 1153717962 205.217175    34.6326 0.0000e+00
    635.000     1.0070   2.991122     1.0075   2.991467    5.22134    -0.0998    13.8155 0.0000e+00  -60.61983  -55.67083 1153717963 205.217183    34.6320 0.0000e+00
    636.000     1.0019   2.990677     1.0019   2.990991    5.22295    -0.0900    13.8155 0.0000e+00  -60.61983  -55.67083 1153717963 205.217190    34.6316 0.0000e+00
    637.000     0.9958   2.990204     0.9961   2.990485    5.22412    -0.0880    13.8155 0.0000e+00  -60.61983  -55.67083 1153717965 205.217204    34.6320 0.0000e+00
    638.000     1.0043   2.990997     1.0010   2.990976    5.22404    -0.0831    13.8155 0.0000e+00  -60.61983  -55.67083 1153717967 205.217234    34.6319 0.0000e+00
    639.000     0.9877   2.989518     0.9898   2.990029    5.22933    -0.0818    13.8155 0.0000e+00  -60.61983  -55.67083 1153717968 205.217248    34.6311 0.0000e+00
    640.000     0.9747   2.988350     0.9736   2.988560    5.22809    -0.0907    13.8155 0.0000e+00  -60.61983  -55.67083 1153717969 205.217258    34.6302 0.0000e+00
    641.000     0.9818   2.989158     0.9844   2.989618    5.22709    -0.0971    13.8155 0.0000e+00  -60.61983  -55.67083 1153717970 205.217268    34.6324 0.0000e+00
    642.000     0.9878   2.989741     0.9883   2.990019    5.22995    -0.0805    13.8155 0.0000e+00  -60.61983  -55.67083 1153717972 205.217293    34.6321 0.0000e+00
    643.000     0.9866   2.989697     0.9876   2.990034    5.23416    -0.0957    13.8155 0.0000e+00  -60.61983  -55.67083 1153717975 205.217320    34.6324 0.0000e+00
    644.000     0.9927   2.990319     0.9924   2.990552    5.23294    -0.0880    13.8155 0.0000e+00  -60.61983  -55.67083 1153717976 205.217331    34.6328 0.0000e+00
    645.000     0.9933   2.990437     0.9934   2.990703    5.23016    -0.0874    13.8155 0.0000e+00  -60.61983  -55.67083 1153717976 205.217339    34.6329 0.0000e+00
    646.000     0.9947   2.990618     0.9948   2.990873    5.22888    -0.0777    13.8155 0.0000e+00  -60.61983  -55.67083 1153717977 205.217347    34.6332 0.0000e+00
    647.000     0.9992   2.991107     0.9995   2.991389    5.22782    -0.0735    13.8155 0.0000e+00  -60.61983  -55.67083 1153717978 205.217354    34.6338 0.0000e+00
    648.000     0.9995   2.991150     0.9996   2.991415    5.22617    -0.0714    13.8155 0.0000e+00  -60.61983  -55.67083 1153717978 205.217362    34.6333 0.0000e+00
    649.000     0.9976   2.991023     0.9983   2.991342    5.22453    -0.0800    13.8155 0.0000e+00  -60.61983  -55.67083 1153717981 205.217393    34.6335 0.0000e+00
    650.000     0.9982   2.991132     0.9987   2.991429    5.22484    -0.0774    13.8155 0.0000e+00  -60.61983  -55.67083 1153717983 205.217415    34.6337 0.0000e+00
    651.000     0.9961   2.990978     0.9953   2.991204    5.22481    -0.0828    13.8155 0.0000e+00  -60.61983  -55.67083 1153717984 205.217425    34.6333 0.0000e+00
    652.000     0.9935   2.990833     0.9937   2.991103    5.22516    -0.0885    13.8155 0.0000e+00  -60.61983  -55.67083 1153717985 205.217435    34.6341 0.0000e+00
    653.000     0.9924   2.990784     0.9935   2.991127    5.22568    -0.0722    13.8155 0.0000e+00  -60.61983  -55.67083 1153717986 205.217447    34.6340 0.0000e+00
    654.000     0.9917   2.990753     0.9923   2.991066    5.22852    -0.0932    13.8155 0.0000e+00  -60.61983  -55.67083 1153717987 205.217468    34.6339 0.0000e+00
    655.000     0.9913   2.990778     0.9909   2.991013    5.23102    -0.0917    13.8155 0.0000e+00  -60.61983  -55.67083 1153717989 205.217488    34.6341 0.0000e+00
    656.000     0.9928   2.991029     0.9935   2.991324    5.22841    -0.0830    13.8155 0.0000e+00  -60.61983  -55.67083 1153717990 205.217501    34.6351 0.0000e+00
    657.000     1.0009   2.991890     1.0031   2.992329    5.22572    -0.0759    13.8155 0.0000e+00  -60.61983  -55.67083 1153717991 205.217512    34.6364 0.0000e+00
    658.000     1.0046   2.992295     1.0048   2.992568    5.22394    -0.0910    13.8155 0.0000e+00  -60.61983  -55.67083 1153717992 205.217522    34.6366 0.0000e+00
    659.000     1.0046   2.992338     1.0049   2.992610    5.22392    -0.0892    13.8155 0.0000e+00  -60.61983  -55.67083 1153717993 205.217538    34.6367 0.0000e+00
    660.000     1.0040   2.992335     1.0041   2.992595    5.22500    -0.0795    13.8155 0.0000e+00  -60.61983  -55.67083 1153717995 205.217559    34.6368 0.0000e+00
    661.000     1.0037   2.992365     1.0040   2.992639    5.22167    -0.0801    13.8155 0.0000e+00  -60.61983  -55.67083 1153717997 205.217574    34.6370 0.0000e+00
    662.000     1.0029   2.992335     1.0031   2.992604    5.22094    -0.0665    13.8155 0.0000e+00  -60.61983  -55.67083 1153717998 205.217586    34.6369 0.0000e+00
    663.000     1.0016   2.992257     1.0018   2.992535    5.22002    -0.0845    13.8155 0.0000e+00  -60.61983  -55.67083 1153717999 205.217599    34.6369 0.0000e+00
    664.000     1.0006   2.992250     1.0007   2.992523    5.21732    -0.0835    13.8155 0.0000e+00  -60.61983  -55.67083 1153718000 205.217616    34.6374 0.0000e+00
    665.000     1.0028   2.992571     1.0031   2.992858    5.21723    -0.0833    13.8155 0.0000e+00  -60.61983  -55.67083 1153718002 205.217637    34.6385 0.0000e+00
    666.000     1.0053   2.992886     1.0057   2.993170    5.21758    -0.0764    13.8155 0.0000e+00  -60.61983  -55.67083 1153718003 205.217654    34.6391 0.0000e+00
    667.000     1.0074   2.993140     1.0074   2.993401    5.21715    -0.0829    13.8155 0.0000e+00  -60.61983  -55.67083 1153718005 205.217668    34.6394 0.0000e+00
    668.000     1.0089   2.993360     1.0088   2.993592    5.21450    -0.0740    13.8155 0.0000e+00  -60.61983  -55.67083 1153718006 205.217680    34.6400 0.0000e+00
    669.000     1.0116   2.993666     1.0121   2.993954    5.21454    -0.0680    13.8155 0.0000e+00  -60.61983  -55.67083 1153718007 205.217692    34.6403 0.0000e+00
    670.000     1.0129   2.993828     1.0133   2.994115    5.21426    -0.0860    13.8155 0.0000e+00  -60.61983  -55.67083 1153718008 205.217705    34.6404 0.0000e+00
    671.000     1.0139   2.993965     1.0140   2.994229    5.21253    -0.0876    13.8155 0.0000e+00  -60.61983  -55.67083 1153718009 205.217720    34.6405 0.0000e+00
    672.000     1.0137   2.993992     1.0139   2.994264    5.21099    -0.0797    13.8155 0.0000e+00  -60.61983  -55.67083 1153718011 205.217746    34.6406 0.0000e+00
    673.000     1.0140   2.994081     1.0148   2.994400    5.20873    -0.0761    13.8155 0.0000e+00  -60.61983  -55.67083 1153718013 205.217769    34.6408 0.0000e+00
    674.000     1.0157   2.994308     1.0159   2.994576    5.20835    -0.0728    13.8155 0.0000e+00  -60.61983  -55.67083 1153718014 205.217780    34.6413 0.0000e+00
    675.000     1.0152   2.994287     1.0152   2.994579    5.20858    -0.0823    13.8155 0.0000e+00  -60.61983  -55.67083 1153718015 205.217788    34.6410 0.0000e+00
    676.000     1.0122   2.994061     1.0124   2.994331    5.21214    -0.0891    13.8155 0.0000e+00  -60.61983  -55.67083 1153718016 205.217797    34.6408 0.0000e+00
    677.000     1.0090   2.993852     1.0089   2.994094    5.21228    -0.0852    13.8155 0.0000e+00  -60.61983  -55.67083 1153718017 205.217814    34.6414 0.0000e+00
    678.000     1.0069   2.993653     1.0030   2.993632    5.21592    -0.0797    13.8155 0.0000e+00  -60.61983  -55.67083 1153718019 205.217838    34.6403 0.0000e+00
    679.000     0.9820   2.991520     0.9835   2.991833    5.22157    -0.0818    13.8155 0.0000e+00  -60.61983  -55.67083 1153718020 205.217850    34.6396 0.0000e+00
    680.000     0.9775   2.991060     0.9772   2.991339    5.22192    -0.1011    13.8155 0.0000e+00  -60.61983  -55.67083 1153718021 205.217859    34.6396 0.0000e+00
    681.000     0.9759   2.990963     0.9760   2.991262    5.22160    -0.0612    13.8155 0.0000e+00  -60.61983  -55.67083 1153718022 205.217867    34.6395 0.0000e+00
    682.000     0.9757   2.990988     0.9756   2.991274    5.22134    -0.0805    13.8155 0.0000e+00  -60.61983  -55.67083 1153718022 205.217874    34.6394 0.0000e+00
    683.000     0.9779   2.991273     0.9778   2.991535    5.22416    -0.0853    13.8155 0.0000e+00  -60.61983  -55.67083 1153718024 205.217891    34.6399 0.0000e+00
    684.000     0.9764   2.991187     0.9758   2.991429    5.23278    -0.0798    13.8155 0.0000e+00  -60.61983  -55.67083 1153718028 205.217940    34.6396 0.0000e+00
    685.000     0.9722   2.990836     0.9715   2.991096    5.23188    -0.0774    13.8155 0.0000e+00  -60.61983  -55.67083 1153718029 205.217948    34.6392 0.0000e+00
