product_data/regression_test/downloaded_data/MDGS/320620060703/ctd/adapted/heads_insert_p6611801.cnv
* Sea-Bird SBE 9 Data File:
* FileName = D:\Data\Raw\p6611801.dat
* Software Version Seasave Win32 V 5.32
* Temperature SN = 1649
* Conductivity SN = 1431
* Number of Bytes Per Scan = 37
* Number of Voltage Words = 5
* Number of Scans Averaged by the Deck Unit = 1
* NMEA Latitude = 61 14.68 S
* NMEA Longitude = 054 20.83 W
* NMEA UTC (Time) = 19:24:47
** Ship:   Nathaniel B. Palmer 
** Cruise:    NBP0606 
# nquan = 15
# nvalues = 320                         
# units = specified
# name 0 = prDM: Pressure, Digiquartz [db]
# name 1 = t090C: Temperature [ITS-90, deg C]
# name 2 = c0S/m: Conductivity [S/m]
# name 3 = t190C: Temperature, 2 [ITS-90, deg C]
# name 4 = c1S/m: Conductivity, 2 [S/m]
# name 5 = sbeox0ML/L: Oxygen, SBE 43 [ml/l]
# name 6 = flECO-AFL: Fluorescence, Wetlab ECO-AFL/FL [mg/m^3]
# name 7 = bat: Beam Attenuation, Chelsea/Seatech/Wetlab CStar [1/m]
# name 8 = spar: SPAR/Surface Irradiance
# name 9 = latitude: Latitude [deg]
# name 10 = longitude: Longitude [deg]
# name 11 = timeY: Time, System [seconds]
# name 12 = timeJ: Julian Days
# name 13 = sal00: Salinity [PSU]
# name 14 = flag: flag
# span 0 =      2.000,    321.000       
# span 1 =    -1.1672,    -0.6122       
# span 2 =   2.751001,   2.825286       
# span 3 =    -1.1687,    -0.6121       
# span 4 =   2.751635,   2.825673       
# span 5 =    6.54696,    7.40989       
# span 6 =    -0.0667,     0.1652       
# span 7 =    13.8155,    13.8155       
# span 8 = 0.0000e+00, 0.0000e+00       
# span 9 =  -61.24467,  -61.24467       
# span 10 =  -54.34717,  -54.34717      
# span 11 = 1152905093, 1152905666      
# span 12 = 195.808939, 195.815609      
# span 13 =    34.2686,    34.4520      
# span 14 = 0.0000e+00, 0.0000e+00      
# interval = decibars: 1                
# start_time = Jul 14 2006 19:24:56
# bad_flag = -9.990e-29
*END*
[from data line 193]
    194.000    -0.6224   2.815629    -0.6211   2.816147    6.68489    -0.0301    13.8155 0.0000e+00  -61.24467  -54.34717 1152905410 195.812646    34.4113 0.0000e+00
    195.000    -0.6211   2.815856    -0.6199   2.816344    6.68846    -0.0372    13.8155 0.0000e+00  -61.24467  -54.34717 1152905413 195.812678    34.4122 0.0000e+00
    196.000    -0.6209   2.815903    -0.6199   2.816383    6.68674    -0.0265    13.8155 0.0000e+00  -61.24467  -54.34717 1152905414 195.812689    34.4120 0.0000e+00
    197.000    -0.6210   2.815933    -0.6200   2.816418    6.68671    -0.0384    13.8155 0.0000e+00  -61.24467  -54.34717 1152905415 195.812697    34.4119 0.0000e+00
    198.000    -0.6210   2.815980    -0.6201   2.816469    6.68459    -0.0214    13.8155 0.0000e+00  -61.24467  -54.34717 1152905416 195.812706    34.4120 0.0000e+00
    199.000    -0.6210   2.816059    -0.6202   2.816503    6.68338    -0.0304    13.8155 0.0000e+00  -61.24467  -54.34717 1152905417 195.812719    34.4123 0.0000e+00
    200.000    -0.6199   2.816229    -0.6190   2.816690    6.68137    -0.0398    13.8155 0.0000e+00  -61.24467  -54.34717 1152905418 195.812737    34.4128 0.0000e+00
    201.000    -0.6201   2.816234    -0.6191   2.816704    6.67851    -0.0463    13.8155 0.0000e+00  -61.24467  -54.34717 1152905419 195.812750    34.4125 0.0000e+00
    202.000    -0.6203   2.816262    -0.6193   2.816737    6.67636    -0.0320    13.8155 0.0000e+00  -61.24467  -54.34717 1152905421 195.812764    34.4124 0.0000e+00
    203.000    -0.6202   2.816308    -0.6194   2.816761    6.67819    -0.0389    13.8155 0.0000e+00  -61.24467  -54.34717 1152905422 195.812785    34.4124 0.0000e+00
    204.000    -0.6196   2.816451    -0.6186   2.816913    6.68206    -0.0575    13.8155 0.0000e+00  -61.24467  -54.34717 1152905424 195.812804    34.4129 0.0000e+00
    205.000    -0.6198   2.816465    -0.6188   2.816938    6.68277    -0.0403    13.8155 0.0000e+00  -61.24467  -54.34717 1152905425 195.812815    34.4129 0.0000e+00
    206.000    -0.6196   2.816540    -0.6185   2.817030    6.68094    -0.0529    13.8155 0.0000e+00  -61.24467  -54.34717 1152905426 195.812825    34.4130 0.0000e+00
    207.000    -0.6196   2.816590    -0.6186   2.817063    6.67896    -0.0452    13.8155 0.0000e+00  -61.24467  -54.34717 1152905427 195.812840    34.4131 0.0000e+00
    208.000    -0.6195   2.816660    -0.6184   2.817147    6.67836    -0.0282    13.8155 0.0000e+00  -61.24467  -54.34717 1152905429 195.812864    34.4132 0.0000e+00
    209.000    -0.6199   2.816671    -0.6188   2.817145    6.67993    -0.0444    13.8155 0.0000e+00  -61.24467  -54.34717 1152905430 195.812878    34.4133 0.0000e+00
    210.000    -0.6194   2.816753    -0.6184   2.817246    6.67893    -0.0473    13.8155 0.0000e+00  -61.24467  -54.34717 1152905431 195.812888    34.4133 0.0000e+00
    211.000    -0.6190   2.816886    -0.6178   2.817363    6.67855    -0.0397    13.8155 0.0000e+00  -61.24467  -54.34717 1152905432 195.812898    34.4139 0.0000e+00
    212.000    -0.6190   2.816916    -0.6179   2.817397    6.67707    -0.0403    13.8155 0.0000e+00  -61.24467  -54.34717 1152905433 195.812911    34.4137 0.0000e+00
    213.000    -0.6190   2.816938    -0.6181   2.817416    6.67588    -0.0366    13.8155 0.0000e+00  -61.24467  -54.34717 1152905435 195.812931    34.4134 0.0000e+00
    214.000    -0.6187   2.817102    -0.6178   2.817553    6.67659    -0.0209    13.8155 0.0000e+00  -61.24467  -54.34717 1152905437 195.812958    34.4146 0.0000e+00
    215.000    -0.6189   2.817089    -0.6178   2.817570    6.67560    -0.0369    13.8155 0.0000e+00  -61.24467  -54.34717 1152905439 195.812973    34.4141 0.0000e+00
    216.000    -0.6186   2.817185    -0.6177   2.817661    6.67344    -0.0407    13.8155 0.0000e+00  -61.24467  -54.34717 1152905440 195.812984    34.4144 0.0000e+00
    217.000    -0.6187   2.817229    -0.6176   2.817719    6.67028    -0.0568    13.8155 0.0000e+00  -61.24467  -54.34717 1152905440 195.812994    34.4145 0.0000e+00
    218.000    -0.6183   2.817343    -0.6173   2.817820    6.67083    -0.0400    13.8155 0.0000e+00  -61.24467  -54.34717 1152905441 195.813005    34.4150 0.0000e+00
    219.000    -0.6183   2.817408    -0.6173   2.817887    6.67202    -0.0356    13.8155 0.0000e+00  -61.24467  -54.34717 1152905443 195.813018    34.4152 0.0000e+00
    220.000    -0.6182   2.817469    -0.6172   2.817943    6.67307    -0.0393    13.8155 0.0000e+00  -61.24467  -54.34717 1152905444 195.813035    34.4153 0.0000e+00
    221.000    -0.6184   2.817561    -0.6174   2.818058    6.67281    -0.0425    13.8155 0.0000e+00  -61.24467  -54.34717 1152905446 195.813054    34.4162 0.0000e+00
    222.000    -0.6182   2.817594    -0.6171   2.818068    6.67072    -0.0432    13.8155 0.0000e+00  -61.24467  -54.34717 1152905447 195.813070    34.4158 0.0000e+00
    223.000    -0.6180   2.817645    -0.6172   2.818142    6.67091    -0.0585    13.8155 0.0000e+00  -61.24467  -54.34717 1152905448 195.813082    34.4157 0.0000e+00
    224.000    -0.6187   2.817800    -0.6178   2.818280    6.66739    -0.0258    13.8155 0.0000e+00  -61.24467  -54.34717 1152905449 195.813094    34.4179 0.0000e+00
    225.000    -0.6190   2.817871    -0.6182   2.818365    6.66674    -0.0407    13.8155 0.0000e+00  -61.24467  -54.34717 1152905450 195.813106    34.4186 0.0000e+00
    226.000    -0.6191   2.817915    -0.6180   2.818394    6.66458    -0.0373    13.8155 0.0000e+00  -61.24467  -54.34717 1152905452 195.813122    34.4187 0.0000e+00
    227.000    -0.6185   2.817961    -0.6176   2.818434    6.66386    -0.0438    13.8155 0.0000e+00  -61.24467  -54.34717 1152905453 195.813145    34.4180 0.0000e+00
    228.000    -0.6185   2.818090    -0.6176   2.818565    6.66063    -0.0194    13.8155 0.0000e+00  -61.24467  -54.34717 1152905455 195.813163    34.4192 0.0000e+00
    229.000    -0.6184   2.818218    -0.6174   2.818695    6.65897    -0.0363    13.8155 0.0000e+00  -61.24467  -54.34717 1152905456 195.813176    34.4202 0.0000e+00
    230.000    -0.6188   2.818219    -0.6178   2.818700    6.65882    -0.0456    13.8155 0.0000e+00  -61.24467  -54.34717 1152905457 195.813189    34.4200 0.0000e+00
    231.000    -0.6189   2.818247    -0.6180   2.818707    6.65959    -0.0428    13.8155 0.0000e+00  -61.24467  -54.34717 1152905458 195.813202    34.4200 0.0000e+00
    232.000    -0.6192   2.818347    -0.6183   2.818820    6.65999    -0.0422    13.8155 0.0000e+00  -61.24467  -54.34717 1152905460 195.813215    34.4209 0.0000e+00
    233.000    -0.6191   2.818470    -0.6181   2.818942    6.65704    -0.0394    13.8155 0.0000e+00  -61.24467  -54.34717 1152905461 195.813226    34.4219 0.0000e+00
    234.000    -0.6189   2.818570    -0.6180   2.819063    6.65290    -0.0257    13.8155 0.0000e+00  -61.24467  -54.34717 1152905461 195.813235    34.4224 0.0000e+00
    235.000    -0.6191   2.818626    -0.6180   2.819114    6.65010    -0.0337    13.8155 0.0000e+00  -61.24467  -54.34717 1152905462 195.813246    34.4227 0.0000e+00
    236.000    -0.6182   2.818791    -0.6169   2.819296    6.64626    -0.0235    13.8155 0.0000e+00  -61.24467  -54.34717 1152905465 195.813279    34.4233 0.0000e+00
    237.000    -0.6173   2.818967    -0.6162   2.819463    6.64642    -0.0570    13.8155 0.0000e+00  -61.24467  -54.34717 1152905468 195.813310    34.4240 0.0000e+00
    238.000    -0.6176   2.818970    -0.6164   2.819473    6.64714    -0.0345    13.8155 0.0000e+00  -61.24467  -54.34717 1152905469 195.813319    34.4239 0.0000e+00
    239.000    -0.6182   2.818947    -0.6179   2.819366    6.64793    -0.0575    13.8155 0.0000e+00  -61.24467  -54.34717 1152905469 195.813327    34.4236 0.0000e+00
    240.000    -0.6192   2.818885    -0.6184   2.819368    6.64549    -0.0521    13.8155 0.0000e+00  -61.24467  -54.34717 1152905470 195.813336    34.4233 0.0000e+00
    241.000    -0.6198   2.818899    -0.6188   2.819378    6.64289    -0.0445    13.8155 0.0000e+00  -61.24467  -54.34717 1152905471 195.813347    34.4236 0.0000e+00
    242.000    -0.6194   2.818960    -0.6183   2.819500    6.63878    -0.0416    13.8155 0.0000e+00  -61.24467  -54.34717 1152905472 195.813361    34.4241 0.0000e+00
    243.000    -0.6169   2.819415    -0.6159   2.819906    6.63530    -0.0449    13.8155 0.0000e+00  -61.24467  -54.34717 1152905473 195.813376    34.4259 0.0000e+00
    244.000    -0.6166   2.819501    -0.6156   2.819967    6.63325    -0.0524    13.8155 0.0000e+00  -61.24467  -54.34717 1152905475 195.813393    34.4261 0.0000e+00
    245.000    -0.6162   2.819702    -0.6153   2.820176    6.63142    -0.0404    13.8155 0.0000e+00  -61.24467  -54.34717 1152905476 195.813410    34.4278 0.0000e+00
    246.000    -0.6155   2.819870    -0.6144   2.820364    6.62929    -0.0443    13.8155 0.0000e+00  -61.24467  -54.34717 1152905478 195.813426    34.4286 0.0000e+00
    247.000    -0.6147   2.819994    -0.6138   2.820487    6.62749    -0.0355    13.8155 0.0000e+00  -61.24467  -54.34717 1152905479 195.813444    34.4288 0.0000e+00
    248.000    -0.6153   2.820017    -0.6145   2.820487    6.62477    -0.0379    13.8155 0.0000e+00  -61.24467  -54.34717 1152905481 195.813465    34.4292 0.0000e+00
    249.000    -0.6146   2.820105    -0.6137   2.820575    6.62204    -0.0549    13.8155 0.0000e+00  -61.24467  -54.34717 1152905482 195.813481    34.4290 0.0000e+00
    250.000    -0.6144   2.820226    -0.6133   2.820662    6.62429    -0.0523    13.8155 0.0000e+00  -61.24467  -54.34717 1152905484 195.813493    34.4297 0.0000e+00
    251.000    -0.6147   2.820152    -0.6140   2.820631    6.62584    -0.0428    13.8155 0.0000e+00  -61.24467  -54.34717 1152905485 195.813505    34.4285 0.0000e+00
    252.000    -0.6147   2.820140    -0.6137   2.820632    6.62446    -0.0625    13.8155 0.0000e+00  -61.24467  -54.34717 1152905486 195.813517    34.4277 0.0000e+00
    253.000    -0.6142   2.820375    -0.6133   2.820850    6.62427    -0.0521    13.8155 0.0000e+00  -61.24467  -54.34717 1152905487 195.813529    34.4297 0.0000e+00
    254.000    -0.6139   2.820419    -0.6132   2.820873    6.62353    -0.0445    13.8155 0.0000e+00  -61.24467  -54.34717 1152905488 195.813543    34.4293 0.0000e+00
    255.000    -0.6139   2.820496    -0.6130   2.820960    6.62217    -0.0479    13.8155 0.0000e+00  -61.24467  -54.34717 1152905489 195.813561    34.4297 0.0000e+00
    256.000    -0.6139   2.820587    -0.6130   2.821042    6.62228    -0.0503    13.8155 0.0000e+00  -61.24467  -54.34717 1152905491 195.813580    34.4303 0.0000e+00
    257.000    -0.6151   2.820695    -0.6144   2.821148    6.61955    -0.0462    13.8155 0.0000e+00  -61.24467  -54.34717 1152905493 195.813598    34.4327 0.0000e+00
    258.000    -0.6163   2.820780    -0.6155   2.821252    6.61288    -0.0368    13.8155 0.0000e+00  -61.24467  -54.34717 1152905494 195.813610    34.4346 0.0000e+00
    259.000    -0.6164   2.820837    -0.6155   2.821308    6.60834    -0.0541    13.8155 0.0000e+00  -61.24467  -54.34717 1152905495 195.813621    34.4349 0.0000e+00
    260.000    -0.6171   2.820937    -0.6162   2.821404    6.60714    -0.0470    13.8155 0.0000e+00  -61.24467  -54.34717 1152905496 195.813633    34.4364 0.0000e+00
    261.000    -0.6172   2.821047    -0.6164   2.821495    6.60320    -0.0407    13.8155 0.0000e+00  -61.24467  -54.34717 1152905498 195.813657    34.4374 0.0000e+00
    262.000    -0.6178   2.821090    -0.6175   2.821556    6.59450    -0.0583    13.8155 0.0000e+00  -61.24467  -54.34717 1152905500 195.813681    34.4380 0.0000e+00
    263.000    -0.6231   2.821021    -0.6221   2.821498    6.59139    -0.0440    13.8155 0.0000e+00  -61.24467  -54.34717 1152905501 195.813698    34.4427 0.0000e+00
    264.000    -0.6211   2.821189    -0.6206   2.821648    6.58978    -0.0618    13.8155 0.0000e+00  -61.24467  -54.34717 1152905504 195.813728    34.4419 0.0000e+00
    265.000    -0.6230   2.821203    -0.6235   2.821616    6.58672    -0.0605    13.8155 0.0000e+00  -61.24467  -54.34717 1152905506 195.813748    34.4435 0.0000e+00
    266.000    -0.6247   2.821159    -0.6241   2.821623    6.58265    -0.0573    13.8155 0.0000e+00  -61.24467  -54.34717 1152905507 195.813765    34.4444 0.0000e+00
    267.000    -0.6245   2.821216    -0.6236   2.821684    6.57992    -0.0392    13.8155 0.0000e+00  -61.24467  -54.34717 1152905512 195.813820    34.4443 0.0000e+00
    268.000    -0.6238   2.821308    -0.6232   2.821765    6.57991    -0.0530    13.8155 0.0000e+00  -61.24467  -54.34717 1152905514 195.813846    34.4441 0.0000e+00
    269.000    -0.6236   2.821349    -0.6227   2.821822    6.57572    -0.0437    13.8155 0.0000e+00  -61.24467  -54.34717 1152905517 195.813875    34.4438 0.0000e+00
    270.000    -0.6240   2.821368    -0.6227   2.821859    6.57537    -0.0496    13.8155 0.0000e+00  -61.24467  -54.34717 1152905519 195.813908    34.4439 0.0000e+00
    271.000    -0.6208   2.821620    -0.6199   2.822076    6.58008    -0.0479    13.8155 0.0000e+00  -61.24467  -54.34717 1152905522 195.813940    34.4429 0.0000e+00
    272.000    -0.6189   2.821785    -0.6186   2.822227    6.57976    -0.0375    13.8155 0.0000e+00  -61.24467  -54.34717 1152905525 195.813971    34.4424 0.0000e+00
    273.000    -0.6194   2.821804    -0.6187   2.822257    6.57827    -0.0462    13.8155 0.0000e+00  -61.24467  -54.34717 1152905526 195.813989    34.4426 0.0000e+00
    274.000    -0.6191   2.821866    -0.6183   2.822322    6.57851    -0.0378    13.8155 0.0000e+00  -61.24467  -54.34717 1152905530 195.814032    34.4425 0.0000e+00
    275.000    -0.6178   2.821956    -0.6171   2.822416    6.58071    -0.0360    13.8155 0.0000e+00  -61.24467  -54.34717 1152905535 195.814083    34.4416 0.0000e+00
    276.000    -0.6190   2.821971    -0.6178   2.822429    6.58025    -0.0359    13.8155 0.0000e+00  -61.24467  -54.34717 1152905536 195.814098    34.4425 0.0000e+00
    277.000    -0.6193   2.821982    -0.6183   2.822443    6.57855    -0.0449    13.8155 0.0000e+00  -61.24467  -54.34717 1152905537 195.814114    34.4425 0.0000e+00
    278.000    -0.6206   2.822001    -0.6199   2.822455    6.57612    -0.0406    13.8155 0.0000e+00  -61.24467  -54.34717 1152905541 195.814156    34.4436 0.0000e+00
    279.000    -0.6205   2.822067    -0.6203   2.822501    6.57633    -0.0472    13.8155 0.0000e+00  -61.24467  -54.34717 1152905546 195.814213    34.4437 0.0000e+00
    280.000    -0.6217   2.822091    -0.6212   2.822546    6.57600    -0.0476    13.8155 0.0000e+00  -61.24467  -54.34717 1152905547 195.814226    34.4449 0.0000e+00
    281.000    -0.6201   2.822171    -0.6193   2.822627    6.57732    -0.0500    13.8155 0.0000e+00  -61.24467  -54.34717 1152905549 195.814252    34.4435 0.0000e+00
    282.000    -0.6221   2.822095    -0.6214   2.822563    6.57427    -0.0480    13.8155 0.0000e+00  -61.24467  -54.34717 1152905552 195.814283    34.4441 0.0000e+00
    283.000    -0.6224   2.822132    -0.6216   2.822578    6.57523    -0.0498    13.8155 0.0000e+00  -61.24467  -54.34717 1152905555 195.814324    34.4444 0.0000e+00
    284.000    -0.6232   2.822152    -0.6220   2.822612    6.57275    -0.0667    13.8155 0.0000e+00  -61.24467  -54.34717 1152905558 195.814353    34.4449 0.0000e+00
    285.000    -0.6220   2.822267    -0.6213   2.822720    6.57306    -0.0429    13.8155 0.0000e+00  -61.24467  -54.34717 1152905560 195.814376    34.4445 0.0000e+00
    286.000    -0.6235   2.822356    -0.6230   2.822777    6.56770    -0.0463    13.8155 0.0000e+00  -61.24467  -54.34717 1152905563 195.814411    34.4468 0.0000e+00
    287.000    -0.6220   2.822554    -0.6212   2.823020    6.56580    -0.0449    13.8155 0.0000e+00  -61.24467  -54.34717 1152905567 195.814462    34.4471 0.0000e+00
    288.000    -0.6219   2.822617    -0.6210   2.823084    6.56599    -0.0401    13.8155 0.0000e+00  -61.24467  -54.34717 1152905570 195.814488    34.4472 0.0000e+00
    289.000    -0.6216   2.822696    -0.6210   2.823147    6.56730    -0.0665    13.8155 0.0000e+00  -61.24467  -54.34717 1152905570 195.814498    34.4473 0.0000e+00
