product_data/regression_test/downloaded_data/MDGS/320620060703/ctd/adapted/heads_insert_p6621403.cnv
* Sea-Bird SBE 9 Data File:
* FileName = D:\Data\Raw\p6621403.dat
* Software Version Seasave Win32 V 5.32
* Temperature SN = 1649
* Conductivity SN = 1431
* Number of Bytes Per Scan = 37
* Number of Voltage Words = 5
* Number of Scans Averaged by the Deck Unit = 1
* NMEA Latitude = 63 12.75 S
* NMEA Longitude = 061 12.97 W
* NMEA UTC (Time) = 03:08:04
** Ship:   Nathaniel B. Palmer 
** Cruise:    NBP0606 
# nquan = 15
# nvalues = 1145                        
# units = specified
# name 0 = prDM: Pressure, Digiquartz [db]
# name 1 = t090C: Temperature [ITS-90, deg C]
# name 2 = c0S/m: Conductivity [S/m]
# name 3 = t190C: Temperature, 2 [ITS-90, deg C]
# name 4 = c1S/m: Conductivity, 2 [S/m]
# name 5 = sbeox0ML/L: Oxygen, SBE 43 [ml/l]
# name 6 = flECO-AFL: Fluorescence, Wetlab ECO-AFL/FL [mg/m^3]
# name 7 = bat: Beam Attenuation, Chelsea/Seatech/Wetlab CStar [1/m]
# name 8 = spar: SPAR/Surface Irradiance
# name 9 = latitude: Latitude [deg]
# name 10 = longitude: Longitude [deg]
# name 11 = timeY: Time, System [seconds]
# name 12 = timeJ: Julian Days
# name 13 = sal00: Salinity [PSU]
# name 14 = flag: flag
# span 0 =      3.000,   1147.000       
# span 1 =    -1.2210,     0.4741       
# span 2 =   2.745492,   2.937832       
# span 3 =    -1.2206,     0.4747       
# span 4 =   2.746199,   2.938102       
# span 5 =    5.67563,    7.78664       
# span 6 =    -0.1333,     0.1144       
# span 7 =    13.8155,    13.8155       
# span 8 = 0.0000e+00, 0.0000e+00       
# span 9 =  -63.21250,  -63.21250       
# span 10 =  -61.21617,  -61.21617      
# span 11 = 1154401695, 1154403358      
# span 12 = 213.130712, 213.149988      
# span 13 =    29.0933,    34.9601      
# span 14 = 0.0000e+00, 0.0000e+00      
# interval = decibars: 1                
# start_time = Aug 01 2006 03:08:17
# bad_flag = -9.990e-29
*END*
[from data line 579]
    581.000     0.3976   2.930862     0.3973   2.931027    5.71041    -0.0713    13.8155 0.0000e+00  -63.21250  -61.21617 1154402532 213.140432    34.5605 0.0000e+00
    582.000     0.3992   2.931042     0.3987   2.931188    5.71132    -0.0336    13.8155 0.0000e+00  -63.21250  -61.21617 1154402533 213.140448    34.5605 0.0000e+00
    583.000     0.3993   2.931096     0.3994   2.931302    5.71198    -0.0600    13.8155 0.0000e+00  -63.21250  -61.21617 1154402534 213.140460    34.5605 0.0000e+00
    584.000     0.4012   2.931319     0.4010   2.931501    5.71269    -0.0694    13.8155 0.0000e+00  -63.21250  -61.21617 1154402535 213.140471    34.5606 0.0000e+00
    585.000     0.3997   2.931236     0.4001   2.931468    5.71276    -0.0498    13.8155 0.0000e+00  -63.21250  -61.21617 1154402536 213.140482    34.5606 0.0000e+00
    586.000     0.3995   2.931262     0.4004   2.931532    5.71168    -0.0473    13.8155 0.0000e+00  -63.21250  -61.21617 1154402537 213.140496    34.5607 0.0000e+00
    587.000     0.3965   2.931024     0.3966   2.931234    5.71124    -0.0590    13.8155 0.0000e+00  -63.21250  -61.21617 1154402539 213.140518    34.5604 0.0000e+00
    588.000     0.3934   2.930802     0.3937   2.931041    5.71319    -0.0498    13.8155 0.0000e+00  -63.21250  -61.21617 1154402541 213.140539    34.5604 0.0000e+00
    589.000     0.3904   2.930593     0.3908   2.930841    5.71469    -0.0484    13.8155 0.0000e+00  -63.21250  -61.21617 1154402542 213.140554    34.5606 0.0000e+00
    590.000     0.3906   2.930668     0.3909   2.930890    5.71260    -0.0456    13.8155 0.0000e+00  -63.21250  -61.21617 1154402543 213.140567    34.5608 0.0000e+00
    591.000     0.3955   2.931219     0.3975   2.931546    5.70958    -0.0618    13.8155 0.0000e+00  -63.21250  -61.21617 1154402545 213.140579    34.5618 0.0000e+00
    592.000     0.4025   2.931866     0.4030   2.932117    5.71027    -0.0340    13.8155 0.0000e+00  -63.21250  -61.21617 1154402546 213.140590    34.5615 0.0000e+00
    593.000     0.4014   2.931825     0.4019   2.932051    5.70790    -0.0711    13.8155 0.0000e+00  -63.21250  -61.21617 1154402547 213.140604    34.5617 0.0000e+00
    594.000     0.4024   2.931979     0.4035   2.932256    5.70409    -0.0535    13.8155 0.0000e+00  -63.21250  -61.21617 1154402548 213.140625    34.5620 0.0000e+00
    595.000     0.4028   2.932064     0.4016   2.932187    5.70488    -0.0578    13.8155 0.0000e+00  -63.21250  -61.21617 1154402550 213.140647    34.5620 0.0000e+00
    596.000     0.4042   2.932226     0.4045   2.932455    5.70938    -0.0594    13.8155 0.0000e+00  -63.21250  -61.21617 1154402552 213.140663    34.5621 0.0000e+00
    597.000     0.4037   2.932229     0.4041   2.932461    5.70862    -0.0489    13.8155 0.0000e+00  -63.21250  -61.21617 1154402553 213.140677    34.5621 0.0000e+00
    598.000     0.4047   2.932369     0.4042   2.932515    5.70494    -0.0523    13.8155 0.0000e+00  -63.21250  -61.21617 1154402554 213.140690    34.5623 0.0000e+00
    599.000     0.4105   2.932988     0.4107   2.933155    5.70252    -0.0561    13.8155 0.0000e+00  -63.21250  -61.21617 1154402555 213.140702    34.5632 0.0000e+00
    600.000     0.4158   2.933546     0.4161   2.933736    5.69911    -0.0607    13.8155 0.0000e+00  -63.21250  -61.21617 1154402556 213.140714    34.5637 0.0000e+00
    601.000     0.4204   2.934006     0.4208   2.934233    5.69645    -0.0561    13.8155 0.0000e+00  -63.21250  -61.21617 1154402557 213.140729    34.5639 0.0000e+00
    602.000     0.4205   2.934055     0.4212   2.934314    5.69402    -0.0526    13.8155 0.0000e+00  -63.21250  -61.21617 1154402559 213.140747    34.5640 0.0000e+00
    603.000     0.4213   2.934204     0.4218   2.934423    5.69139    -0.0759    13.8155 0.0000e+00  -63.21250  -61.21617 1154402560 213.140762    34.5645 0.0000e+00
    604.000     0.4235   2.934485     0.4255   2.934800    5.69162    -0.0772    13.8155 0.0000e+00  -63.21250  -61.21617 1154402561 213.140775    34.5648 0.0000e+00
    605.000     0.4248   2.934585     0.4270   2.934961    5.68828    -0.0619    13.8155 0.0000e+00  -63.21250  -61.21617 1154402563 213.140792    34.5644 0.0000e+00
    606.000     0.4349   2.935582     0.4358   2.935832    5.68502    -0.0749    13.8155 0.0000e+00  -63.21250  -61.21617 1154402565 213.140814    34.5654 0.0000e+00
    607.000     0.4357   2.935692     0.4361   2.935918    5.68224    -0.0397    13.8155 0.0000e+00  -63.21250  -61.21617 1154402566 213.140833    34.5654 0.0000e+00
    608.000     0.4342   2.935582     0.4344   2.935826    5.68084    -0.0619    13.8155 0.0000e+00  -63.21250  -61.21617 1154402568 213.140848    34.5651 0.0000e+00
    609.000     0.4237   2.934700     0.4242   2.934957    5.68475    -0.0542    13.8155 0.0000e+00  -63.21250  -61.21617 1154402569 213.140861    34.5653 0.0000e+00
    610.000     0.4180   2.934204     0.4208   2.934690    5.68524    -0.0880    13.8155 0.0000e+00  -63.21250  -61.21617 1154402570 213.140872    34.5644 0.0000e+00
    611.000     0.4157   2.934083     0.4164   2.934313    5.68772    -0.0539    13.8155 0.0000e+00  -63.21250  -61.21617 1154402571 213.140882    34.5653 0.0000e+00
    612.000     0.4190   2.934427     0.4184   2.934554    5.68914    -0.0569    13.8155 0.0000e+00  -63.21250  -61.21617 1154402572 213.140894    34.5652 0.0000e+00
    613.000     0.4173   2.934301     0.4179   2.934570    5.69188    -0.0559    13.8155 0.0000e+00  -63.21250  -61.21617 1154402573 213.140908    34.5650 0.0000e+00
    614.000     0.4153   2.934174     0.4154   2.934394    5.69374    -0.0540    13.8155 0.0000e+00  -63.21250  -61.21617 1154402574 213.140924    34.5649 0.0000e+00
    615.000     0.4053   2.933296     0.4063   2.933609    5.69736    -0.0708    13.8155 0.0000e+00  -63.21250  -61.21617 1154402576 213.140938    34.5643 0.0000e+00
    616.000     0.4014   2.932989     0.4019   2.933277    5.70106    -0.0732    13.8155 0.0000e+00  -63.21250  -61.21617 1154402577 213.140952    34.5641 0.0000e+00
    617.000     0.3897   2.931981     0.3892   2.932136    5.70323    -0.0623    13.8155 0.0000e+00  -63.21250  -61.21617 1154402578 213.140971    34.5637 0.0000e+00
    618.000     0.3912   2.932180     0.3920   2.932439    5.70613    -0.0722    13.8155 0.0000e+00  -63.21250  -61.21617 1154402580 213.140993    34.5639 0.0000e+00
    619.000     0.3904   2.932140     0.3917   2.932485    5.70614    -0.0755    13.8155 0.0000e+00  -63.21250  -61.21617 1154402582 213.141009    34.5636 0.0000e+00
    620.000     0.3947   2.932652     0.3968   2.933019    5.70800    -0.0628    13.8155 0.0000e+00  -63.21250  -61.21617 1154402583 213.141020    34.5648 0.0000e+00
    621.000     0.3985   2.933046     0.3986   2.933251    5.70783    -0.0657    13.8155 0.0000e+00  -63.21250  -61.21617 1154402584 213.141030    34.5649 0.0000e+00
    622.000     0.4003   2.933257     0.4006   2.933479    5.70674    -0.0581    13.8155 0.0000e+00  -63.21250  -61.21617 1154402584 213.141041    34.5650 0.0000e+00
    623.000     0.4013   2.933409     0.4019   2.933649    5.70503    -0.0481    13.8155 0.0000e+00  -63.21250  -61.21617 1154402586 213.141054    34.5653 0.0000e+00
    624.000     0.3949   2.932847     0.3957   2.933154    5.70654    -0.0772    13.8155 0.0000e+00  -63.21250  -61.21617 1154402587 213.141069    34.5647 0.0000e+00
    625.000     0.3947   2.932858     0.3914   2.932784    5.70634    -0.0749    13.8155 0.0000e+00  -63.21250  -61.21617 1154402588 213.141082    34.5650 0.0000e+00
    626.000     0.3909   2.932568     0.3899   2.932692    5.70664    -0.0607    13.8155 0.0000e+00  -63.21250  -61.21617 1154402589 213.141095    34.5643 0.0000e+00
    627.000     0.3906   2.932591     0.3912   2.932846    5.70858    -0.0517    13.8155 0.0000e+00  -63.21250  -61.21617 1154402590 213.141110    34.5644 0.0000e+00
    628.000     0.3924   2.932811     0.3936   2.933113    5.70752    -0.0581    13.8155 0.0000e+00  -63.21250  -61.21617 1154402592 213.141128    34.5646 0.0000e+00
    629.000     0.3951   2.933100     0.3954   2.933333    5.70877    -0.0664    13.8155 0.0000e+00  -63.21250  -61.21617 1154402594 213.141149    34.5645 0.0000e+00
    630.000     0.3916   2.932847     0.3931   2.933162    5.71049    -0.0594    13.8155 0.0000e+00  -63.21250  -61.21617 1154402595 213.141164    34.5649 0.0000e+00
    631.000     0.3973   2.933383     0.3977   2.933652    5.70725    -0.0667    13.8155 0.0000e+00  -63.21250  -61.21617 1154402596 213.141177    34.5644 0.0000e+00
    632.000     0.3948   2.933236     0.3963   2.933559    5.70712    -0.0708    13.8155 0.0000e+00  -63.21250  -61.21617 1154402597 213.141189    34.5651 0.0000e+00
    633.000     0.3940   2.933195     0.3941   2.933401    5.70879    -0.0477    13.8155 0.0000e+00  -63.21250  -61.21617 1154402598 213.141202    34.5649 0.0000e+00
    634.000     0.3864   2.932500     0.3875   2.932830    5.71357    -0.0690    13.8155 0.0000e+00  -63.21250  -61.21617 1154402600 213.141217    34.5638 0.0000e+00
    635.000     0.3858   2.932489     0.3860   2.932724    5.71467    -0.0763    13.8155 0.0000e+00  -63.21250  -61.21617 1154402601 213.141230    34.5637 0.0000e+00
    636.000     0.3886   2.932811     0.3879   2.932937    5.71435    -0.0623    13.8155 0.0000e+00  -63.21250  -61.21617 1154402602 213.141243    34.5642 0.0000e+00
    637.000     0.3871   2.932711     0.3869   2.932888    5.71539    -0.0377    13.8155 0.0000e+00  -63.21250  -61.21617 1154402603 213.141257    34.5640 0.0000e+00
    638.000     0.3855   2.932596     0.3865   2.932891    5.71707    -0.0560    13.8155 0.0000e+00  -63.21250  -61.21617 1154402604 213.141271    34.5638 0.0000e+00
    639.000     0.3841   2.932511     0.3854   2.932834    5.71318    -0.0466    13.8155 0.0000e+00  -63.21250  -61.21617 1154402606 213.141287    34.5635 0.0000e+00
    640.000     0.3830   2.932446     0.3829   2.932656    5.71283    -0.0752    13.8155 0.0000e+00  -63.21250  -61.21617 1154402607 213.141304    34.5634 0.0000e+00
    641.000     0.3764   2.931879     0.3766   2.932118    5.71512    -0.0764    13.8155 0.0000e+00  -63.21250  -61.21617 1154402609 213.141320    34.5628 0.0000e+00
    642.000     0.3773   2.932044     0.3777   2.932269    5.71601    -0.0711    13.8155 0.0000e+00  -63.21250  -61.21617 1154402610 213.141336    34.5635 0.0000e+00
    643.000     0.3811   2.932450     0.3815   2.932691    5.71618    -0.0603    13.8155 0.0000e+00  -63.21250  -61.21617 1154402611 213.141351    34.5638 0.0000e+00
    644.000     0.3811   2.932500     0.3818   2.932762    5.71738    -0.0451    13.8155 0.0000e+00  -63.21250  -61.21617 1154402612 213.141365    34.5638 0.0000e+00
    645.000     0.3789   2.932345     0.3791   2.932575    5.72003    -0.0352    13.8155 0.0000e+00  -63.21250  -61.21617 1154402614 213.141378    34.5638 0.0000e+00
    646.000     0.3811   2.932607     0.3816   2.932850    5.72192    -0.0871    13.8155 0.0000e+00  -63.21250  -61.21617 1154402615 213.141391    34.5641 0.0000e+00
    647.000     0.3839   2.932919     0.3843   2.933150    5.72345    -0.0553    13.8155 0.0000e+00  -63.21250  -61.21617 1154402616 213.141406    34.5642 0.0000e+00
    648.000     0.3850   2.933069     0.3855   2.933317    5.72286    -0.0540    13.8155 0.0000e+00  -63.21250  -61.21617 1154402617 213.141420    34.5645 0.0000e+00
    649.000     0.3864   2.933246     0.3866   2.933469    5.72082    -0.0645    13.8155 0.0000e+00  -63.21250  -61.21617 1154402618 213.141432    34.5645 0.0000e+00
    650.000     0.3863   2.933289     0.3868   2.933537    5.71977    -0.0589    13.8155 0.0000e+00  -63.21250  -61.21617 1154402619 213.141445    34.5646 0.0000e+00
    651.000     0.3856   2.933275     0.3860   2.933507    5.71567    -0.0789    13.8155 0.0000e+00  -63.21250  -61.21617 1154402621 213.141460    34.5647 0.0000e+00
    652.000     0.3859   2.933350     0.3861   2.933581    5.71215    -0.0809    13.8155 0.0000e+00  -63.21250  -61.21617 1154402622 213.141476    34.5648 0.0000e+00
    653.000     0.3858   2.933403     0.3862   2.933640    5.71300    -0.0540    13.8155 0.0000e+00  -63.21250  -61.21617 1154402623 213.141493    34.5650 0.0000e+00
    654.000     0.3861   2.933490     0.3866   2.933731    5.71419    -0.0743    13.8155 0.0000e+00  -63.21250  -61.21617 1154402625 213.141511    34.5652 0.0000e+00
    655.000     0.3874   2.933667     0.3880   2.933927    5.71535    -0.0533    13.8155 0.0000e+00  -63.21250  -61.21617 1154402626 213.141527    34.5655 0.0000e+00
    656.000     0.3880   2.933766     0.3883   2.934009    5.71627    -0.0759    13.8155 0.0000e+00  -63.21250  -61.21617 1154402628 213.141541    34.5656 0.0000e+00
    657.000     0.3876   2.933784     0.3880   2.934030    5.71725    -0.0577    13.8155 0.0000e+00  -63.21250  -61.21617 1154402629 213.141553    34.5657 0.0000e+00
    658.000     0.3875   2.933817     0.3877   2.934029    5.71768    -0.0470    13.8155 0.0000e+00  -63.21250  -61.21617 1154402630 213.141565    34.5657 0.0000e+00
    659.000     0.3866   2.933781     0.3870   2.934013    5.71804    -0.0844    13.8155 0.0000e+00  -63.21250  -61.21617 1154402631 213.141578    34.5656 0.0000e+00
    660.000     0.3852   2.933721     0.3852   2.933922    5.71766    -0.0753    13.8155 0.0000e+00  -63.21250  -61.21617 1154402632 213.141592    34.5658 0.0000e+00
    661.000     0.3829   2.933591     0.3833   2.933821    5.71613    -0.0436    13.8155 0.0000e+00  -63.21250  -61.21617 1154402633 213.141607    34.5662 0.0000e+00
    662.000     0.3831   2.933645     0.3833   2.933866    5.71519    -0.0817    13.8155 0.0000e+00  -63.21250  -61.21617 1154402635 213.141621    34.5661 0.0000e+00
    663.000     0.3833   2.933700     0.3835   2.933940    5.71481    -0.0582    13.8155 0.0000e+00  -63.21250  -61.21617 1154402636 213.141634    34.5661 0.0000e+00
    664.000     0.3832   2.933736     0.3832   2.933946    5.71497    -0.0625    13.8155 0.0000e+00  -63.21250  -61.21617 1154402637 213.141648    34.5660 0.0000e+00
    665.000     0.3833   2.933800     0.3839   2.934049    5.71664    -0.0496    13.8155 0.0000e+00  -63.21250  -61.21617 1154402638 213.141666    34.5661 0.0000e+00
    666.000     0.3835   2.933858     0.3839   2.934100    5.71900    -0.0653    13.8155 0.0000e+00  -63.21250  -61.21617 1154402640 213.141685    34.5661 0.0000e+00
    667.000     0.3805   2.933637     0.3807   2.933882    5.71737    -0.0865    13.8155 0.0000e+00  -63.21250  -61.21617 1154402641 213.141701    34.5660 0.0000e+00
    668.000     0.3786   2.933522     0.3789   2.933761    5.71734    -0.0801    13.8155 0.0000e+00  -63.21250  -61.21617 1154402643 213.141713    34.5662 0.0000e+00
    669.000     0.3773   2.933468     0.3775   2.933706    5.71771    -0.0693    13.8155 0.0000e+00  -63.21250  -61.21617 1154402643 213.141724    34.5663 0.0000e+00
    670.000     0.3745   2.933305     0.3749   2.933543    5.71801    -0.0601    13.8155 0.0000e+00  -63.21250  -61.21617 1154402644 213.141735    34.5667 0.0000e+00
    671.000     0.3741   2.933326     0.3745   2.933569    5.71868    -0.0619    13.8155 0.0000e+00  -63.21250  -61.21617 1154402645 213.141747    34.5669 0.0000e+00
    672.000     0.3741   2.933369     0.3745   2.933608    5.71951    -0.0559    13.8155 0.0000e+00  -63.21250  -61.21617 1154402647 213.141766    34.5669 0.0000e+00
    673.000     0.3746   2.933473     0.3752   2.933738    5.72055    -0.0533    13.8155 0.0000e+00  -63.21250  -61.21617 1154402649 213.141787    34.5670 0.0000e+00
    674.000     0.3749   2.933561     0.3754   2.933807    5.71656    -0.0666    13.8155 0.0000e+00  -63.21250  -61.21617 1154402650 213.141800    34.5672 0.0000e+00
    675.000     0.3765   2.933771     0.3773   2.934033    5.71690    -0.0817    13.8155 0.0000e+00  -63.21250  -61.21617 1154402651 213.141812    34.5676 0.0000e+00
