product_data/regression_test/downloaded_data/MDGS/320620060703/ctd/adapted/heads_insert_p6618904.cnv
* Sea-Bird SBE 9 Data File:
* FileName = D:\Data\Raw\p6618904.dat
* Software Version Seasave Win32 V 5.32
* Temperature SN = 1649
* Conductivity SN = 1431
* Number of Bytes Per Scan = 37
* Number of Voltage Words = 5
* Number of Scans Averaged by the Deck Unit = 1
* NMEA Latitude = 60 48.00 S
* NMEA Longitude = 054 37.53 W
* NMEA UTC (Time) = 10:33:37
** Ship:   Nathaniel B. Palmer 
** Cruise:    NBP0606 
# nquan = 15
# nvalues = 998                         
# units = specified
# name 0 = prDM: Pressure, Digiquartz [db]
# name 1 = t090C: Temperature [ITS-90, deg C]
# name 2 = c0S/m: Conductivity [S/m]
# name 3 = t190C: Temperature, 2 [ITS-90, deg C]
# name 4 = c1S/m: Conductivity, 2 [S/m]
# name 5 = sbeox0ML/L: Oxygen, SBE 43 [ml/l]
# name 6 = flECO-AFL: Fluorescence, Wetlab ECO-AFL/FL [mg/m^3]
# name 7 = bat: Beam Attenuation, Chelsea/Seatech/Wetlab CStar [1/m]
# name 8 = spar: SPAR/Surface Irradiance
# name 9 = latitude: Latitude [deg]
# name 10 = longitude: Longitude [deg]
# name 11 = timeY: Time, System [seconds]
# name 12 = timeJ: Julian Days
# name 13 = sal00: Salinity [PSU]
# name 14 = flag: flag
# span 0 =      4.000,   1001.000       
# span 1 =    -0.9725,     0.4788       
# span 2 =   2.771560,   2.963651       
# span 3 =    -0.9719,     0.4788       
# span 4 =   2.772099,   2.963949       
# span 5 =    5.39379,    7.57191       
# span 6 =    -0.1103,     0.9112       
# span 7 =    13.8155,    13.8155       
# span 8 = 0.0000e+00, 0.0000e+00       
# span 9 =  -60.80000,  -60.80000       
# span 10 =  -54.62550,  -54.62550      
# span 11 = 1153650788, 1153652279      
# span 12 = 204.439662, 204.456950      
# span 13 =    34.2031,    34.6596      
# span 14 = 0.0000e+00, 0.0000e+00      
# interval = decibars: 1                
# start_time = Jul 23 2006 10:33:44
# bad_flag = -9.990e-29
*END*
[from data line 386]
    389.000    -0.4843   2.842679    -0.4834   2.843036    6.34279    -0.0396    13.8155 0.0000e+00  -60.80000  -54.62550 1153651485 204.447755    34.4999 0.0000e+00
    390.000    -0.4827   2.842969    -0.4820   2.843289    6.34258    -0.0452    13.8155 0.0000e+00  -60.80000  -54.62550 1153651486 204.447777    34.5011 0.0000e+00
    391.000    -0.4824   2.843028    -0.4818   2.843364    6.34145    -0.0649    13.8155 0.0000e+00  -60.80000  -54.62550 1153651487 204.447786    34.5009 0.0000e+00
    392.000    -0.4821   2.843109    -0.4816   2.843435    6.33930    -0.0505    13.8155 0.0000e+00  -60.80000  -54.62550 1153651488 204.447794    34.5010 0.0000e+00
    393.000    -0.4817   2.843196    -0.4810   2.843535    6.33885    -0.0720    13.8155 0.0000e+00  -60.80000  -54.62550 1153651489 204.447801    34.5011 0.0000e+00
    394.000    -0.4807   2.843339    -0.4795   2.843739    6.33867    -0.0478    13.8155 0.0000e+00  -60.80000  -54.62550 1153651489 204.447809    34.5013 0.0000e+00
    395.000    -0.4815   2.843288    -0.4806   2.843654    6.33858    -0.0360    13.8155 0.0000e+00  -60.80000  -54.62550 1153651490 204.447819    34.5008 0.0000e+00
    396.000    -0.4823   2.843271    -0.4815   2.843596    6.33494    -0.0394    13.8155 0.0000e+00  -60.80000  -54.62550 1153651492 204.447844    34.5009 0.0000e+00
    397.000    -0.4817   2.843388    -0.4809   2.843717    6.33319    -0.0447    13.8155 0.0000e+00  -60.80000  -54.62550 1153651495 204.447870    34.5011 0.0000e+00
    398.000    -0.4810   2.843510    -0.4804   2.843823    6.33266    -0.0534    13.8155 0.0000e+00  -60.80000  -54.62550 1153651496 204.447890    34.5014 0.0000e+00
    399.000    -0.4798   2.843692    -0.4790   2.844024    6.33417    -0.0370    13.8155 0.0000e+00  -60.80000  -54.62550 1153651498 204.447907    34.5017 0.0000e+00
    400.000    -0.4794   2.843778    -0.4787   2.844109    6.33466    -0.0572    13.8155 0.0000e+00  -60.80000  -54.62550 1153651499 204.447919    34.5019 0.0000e+00
    401.000    -0.4783   2.843932    -0.4775   2.844265    6.33323    -0.0462    13.8155 0.0000e+00  -60.80000  -54.62550 1153651500 204.447930    34.5021 0.0000e+00
    402.000    -0.4782   2.843993    -0.4775   2.844328    6.33027    -0.0452    13.8155 0.0000e+00  -60.80000  -54.62550 1153651501 204.447939    34.5021 0.0000e+00
    403.000    -0.4783   2.844010    -0.4776   2.844334    6.33056    -0.0454    13.8155 0.0000e+00  -60.80000  -54.62550 1153651501 204.447948    34.5019 0.0000e+00
    404.000    -0.4784   2.844048    -0.4777   2.844379    6.32727    -0.0491    13.8155 0.0000e+00  -60.80000  -54.62550 1153651502 204.447959    34.5020 0.0000e+00
    405.000    -0.4786   2.844073    -0.4780   2.844384    6.32578    -0.0472    13.8155 0.0000e+00  -60.80000  -54.62550 1153651504 204.447982    34.5019 0.0000e+00
    406.000    -0.4786   2.844123    -0.4778   2.844457    6.32761    -0.0510    13.8155 0.0000e+00  -60.80000  -54.62550 1153651507 204.448008    34.5020 0.0000e+00
    407.000    -0.4781   2.844222    -0.4773   2.844568    6.32635    -0.0483    13.8155 0.0000e+00  -60.80000  -54.62550 1153651508 204.448024    34.5021 0.0000e+00
    408.000    -0.4770   2.844384    -0.4764   2.844709    6.32568    -0.0515    13.8155 0.0000e+00  -60.80000  -54.62550 1153651509 204.448037    34.5024 0.0000e+00
    409.000    -0.4768   2.844453    -0.4761   2.844782    6.32549    -0.0396    13.8155 0.0000e+00  -60.80000  -54.62550 1153651510 204.448052    34.5025 0.0000e+00
    410.000    -0.4753   2.844690    -0.4743   2.845031    6.32571    -0.0493    13.8155 0.0000e+00  -60.80000  -54.62550 1153651512 204.448069    34.5034 0.0000e+00
    411.000    -0.4739   2.844863    -0.4732   2.845197    6.32536    -0.0425    13.8155 0.0000e+00  -60.80000  -54.62550 1153651513 204.448084    34.5034 0.0000e+00
    412.000    -0.4739   2.844914    -0.4733   2.845245    6.32221    -0.0546    13.8155 0.0000e+00  -60.80000  -54.62550 1153651514 204.448096    34.5035 0.0000e+00
    413.000    -0.4703   2.845380    -0.4692   2.845736    6.31989    -0.0331    13.8155 0.0000e+00  -60.80000  -54.62550 1153651515 204.448107    34.5051 0.0000e+00
    414.000    -0.4678   2.845685    -0.4670   2.846024    6.31686    -0.0519    13.8155 0.0000e+00  -60.80000  -54.62550 1153651516 204.448118    34.5056 0.0000e+00
    415.000    -0.4668   2.845853    -0.4659   2.846191    6.31358    -0.0460    13.8155 0.0000e+00  -60.80000  -54.62550 1153651517 204.448135    34.5061 0.0000e+00
    416.000    -0.4655   2.846050    -0.4648   2.846376    6.30931    -0.0583    13.8155 0.0000e+00  -60.80000  -54.62550 1153651520 204.448161    34.5067 0.0000e+00
    417.000    -0.4638   2.846287    -0.4632   2.846600    6.30796    -0.0501    13.8155 0.0000e+00  -60.80000  -54.62550 1153651521 204.448180    34.5074 0.0000e+00
    418.000    -0.4635   2.846357    -0.4630   2.846671    6.30502    -0.0498    13.8155 0.0000e+00  -60.80000  -54.62550 1153651523 204.448196    34.5074 0.0000e+00
    419.000    -0.4632   2.846433    -0.4626   2.846761    6.30039    -0.0372    13.8155 0.0000e+00  -60.80000  -54.62550 1153651524 204.448211    34.5075 0.0000e+00
    420.000    -0.4627   2.846549    -0.4620   2.846856    6.29835    -0.0451    13.8155 0.0000e+00  -60.80000  -54.62550 1153651525 204.448225    34.5078 0.0000e+00
    421.000    -0.4619   2.846668    -0.4611   2.847003    6.29860    -0.0458    13.8155 0.0000e+00  -60.80000  -54.62550 1153651526 204.448237    34.5080 0.0000e+00
    422.000    -0.4613   2.846781    -0.4605   2.847104    6.29660    -0.0486    13.8155 0.0000e+00  -60.80000  -54.62550 1153651527 204.448247    34.5082 0.0000e+00
    423.000    -0.4598   2.846984    -0.4589   2.847322    6.29622    -0.0576    13.8155 0.0000e+00  -60.80000  -54.62550 1153651528 204.448260    34.5086 0.0000e+00
    424.000    -0.4584   2.847177    -0.4575   2.847520    6.29483    -0.0447    13.8155 0.0000e+00  -60.80000  -54.62550 1153651530 204.448279    34.5089 0.0000e+00
    425.000    -0.4579   2.847274    -0.4569   2.847625    6.29015    -0.0408    13.8155 0.0000e+00  -60.80000  -54.62550 1153651532 204.448304    34.5091 0.0000e+00
    426.000    -0.4577   2.847324    -0.4567   2.847697    6.29110    -0.0446    13.8155 0.0000e+00  -60.80000  -54.62550 1153651534 204.448321    34.5091 0.0000e+00
    427.000    -0.4556   2.847650    -0.4534   2.848075    6.29134    -0.0379    13.8155 0.0000e+00  -60.80000  -54.62550 1153651535 204.448333    34.5099 0.0000e+00
    428.000    -0.4522   2.848019    -0.4510   2.848387    6.28838    -0.0573    13.8155 0.0000e+00  -60.80000  -54.62550 1153651535 204.448344    34.5108 0.0000e+00
    429.000    -0.4474   2.848572    -0.4465   2.848892    6.28410    -0.0470    13.8155 0.0000e+00  -60.80000  -54.62550 1153651537 204.448357    34.5120 0.0000e+00
    430.000    -0.4461   2.848733    -0.4455   2.849055    6.28326    -0.0578    13.8155 0.0000e+00  -60.80000  -54.62550 1153651538 204.448372    34.5120 0.0000e+00
    431.000    -0.4443   2.848986    -0.4443   2.849199    6.27520    -0.0593    13.8155 0.0000e+00  -60.80000  -54.62550 1153651539 204.448388    34.5129 0.0000e+00
    432.000    -0.4251   2.851031    -0.4251   2.851224    6.26658    -0.0574    13.8155 0.0000e+00  -60.80000  -54.62550 1153651541 204.448407    34.5175 0.0000e+00
    433.000    -0.4232   2.851258    -0.4232   2.851496    6.25723    -0.0465    13.8155 0.0000e+00  -60.80000  -54.62550 1153651543 204.448427    34.5178 0.0000e+00
    434.000    -0.4199   2.851639    -0.4193   2.851943    6.25261    -0.0444    13.8155 0.0000e+00  -60.80000  -54.62550 1153651544 204.448444    34.5188 0.0000e+00
    435.000    -0.4196   2.851719    -0.4188   2.852052    6.25012    -0.0590    13.8155 0.0000e+00  -60.80000  -54.62550 1153651545 204.448458    34.5188 0.0000e+00
    436.000    -0.4194   2.851789    -0.4186   2.852105    6.24991    -0.0543    13.8155 0.0000e+00  -60.80000  -54.62550 1153651546 204.448470    34.5189 0.0000e+00
    437.000    -0.4185   2.851914    -0.4179   2.852219    6.24848    -0.0471    13.8155 0.0000e+00  -60.80000  -54.62550 1153651548 204.448484    34.5191 0.0000e+00
    438.000    -0.4179   2.852018    -0.4173   2.852327    6.24762    -0.0595    13.8155 0.0000e+00  -60.80000  -54.62550 1153651549 204.448499    34.5192 0.0000e+00
    439.000    -0.4179   2.852063    -0.4174   2.852349    6.24643    -0.0447    13.8155 0.0000e+00  -60.80000  -54.62550 1153651551 204.448518    34.5193 0.0000e+00
    440.000    -0.4174   2.852155    -0.4169   2.852455    6.24377    -0.0583    13.8155 0.0000e+00  -60.80000  -54.62550 1153651552 204.448536    34.5194 0.0000e+00
    441.000    -0.4174   2.852195    -0.4167   2.852534    6.24105    -0.0680    13.8155 0.0000e+00  -60.80000  -54.62550 1153651553 204.448550    34.5194 0.0000e+00
    442.000    -0.4154   2.852448    -0.4144   2.852792    6.23923    -0.0480    13.8155 0.0000e+00  -60.80000  -54.62550 1153651554 204.448562    34.5199 0.0000e+00
    443.000    -0.4142   2.852602    -0.4138   2.852903    6.23827    -0.0537    13.8155 0.0000e+00  -60.80000  -54.62550 1153651555 204.448574    34.5200 0.0000e+00
    444.000    -0.4141   2.852652    -0.4137   2.852940    6.23696    -0.0547    13.8155 0.0000e+00  -60.80000  -54.62550 1153651557 204.448595    34.5200 0.0000e+00
    445.000    -0.4146   2.852652    -0.4141   2.852957    6.24115    -0.0508    13.8155 0.0000e+00  -60.80000  -54.62550 1153651559 204.448619    34.5201 0.0000e+00
    446.000    -0.4148   2.852669    -0.4143   2.852994    6.24203    -0.0392    13.8155 0.0000e+00  -60.80000  -54.62550 1153651560 204.448632    34.5199 0.0000e+00
    447.000    -0.4135   2.852843    -0.4130   2.853156    6.23941    -0.0578    13.8155 0.0000e+00  -60.80000  -54.62550 1153651561 204.448642    34.5202 0.0000e+00
    448.000    -0.4131   2.852928    -0.4123   2.853265    6.23725    -0.0577    13.8155 0.0000e+00  -60.80000  -54.62550 1153651562 204.448653    34.5203 0.0000e+00
    449.000    -0.4131   2.852975    -0.4125   2.853299    6.23599    -0.0558    13.8155 0.0000e+00  -60.80000  -54.62550 1153651563 204.448666    34.5203 0.0000e+00
    450.000    -0.4128   2.853060    -0.4119   2.853394    6.23603    -0.0590    13.8155 0.0000e+00  -60.80000  -54.62550 1153651565 204.448685    34.5205 0.0000e+00
    451.000    -0.4113   2.853239    -0.4107   2.853570    6.23648    -0.0453    13.8155 0.0000e+00  -60.80000  -54.62550 1153651567 204.448703    34.5206 0.0000e+00
    452.000    -0.4117   2.853249    -0.4111   2.853566    6.23660    -0.0434    13.8155 0.0000e+00  -60.80000  -54.62550 1153651568 204.448718    34.5206 0.0000e+00
    453.000    -0.4118   2.853287    -0.4113   2.853583    6.23342    -0.0584    13.8155 0.0000e+00  -60.80000  -54.62550 1153651569 204.448732    34.5207 0.0000e+00
    454.000    -0.4099   2.853519    -0.4092   2.853847    6.23145    -0.0592    13.8155 0.0000e+00  -60.80000  -54.62550 1153651570 204.448747    34.5209 0.0000e+00
    455.000    -0.4059   2.853968    -0.4047   2.854333    6.22881    -0.0453    13.8155 0.0000e+00  -60.80000  -54.62550 1153651572 204.448765    34.5217 0.0000e+00
    456.000    -0.4062   2.853984    -0.4053   2.854325    6.22866    -0.0518    13.8155 0.0000e+00  -60.80000  -54.62550 1153651574 204.448786    34.5218 0.0000e+00
    457.000    -0.4030   2.854353    -0.4026   2.854649    6.22941    -0.0539    13.8155 0.0000e+00  -60.80000  -54.62550 1153651575 204.448804    34.5224 0.0000e+00
    458.000    -0.4020   2.854511    -0.4012   2.854812    6.22935    -0.0505    13.8155 0.0000e+00  -60.80000  -54.62550 1153651576 204.448817    34.5228 0.0000e+00
    459.000    -0.3963   2.855106    -0.3967   2.855309    6.22526    -0.0634    13.8155 0.0000e+00  -60.80000  -54.62550 1153651577 204.448828    34.5239 0.0000e+00
    460.000    -0.3944   2.855337    -0.3929   2.855728    6.22308    -0.0485    13.8155 0.0000e+00  -60.80000  -54.62550 1153651578 204.448839    34.5238 0.0000e+00
    461.000    -0.3927   2.855541    -0.3918   2.855878    6.22097    -0.0564    13.8155 0.0000e+00  -60.80000  -54.62550 1153651580 204.448854    34.5241 0.0000e+00
    462.000    -0.3896   2.855909    -0.3892   2.856175    6.21711    -0.0479    13.8155 0.0000e+00  -60.80000  -54.62550 1153651581 204.448875    34.5248 0.0000e+00
    463.000    -0.3836   2.856527    -0.3831   2.856815    6.21181    -0.0631    13.8155 0.0000e+00  -60.80000  -54.62550 1153651583 204.448894    34.5257 0.0000e+00
    464.000    -0.3823   2.856702    -0.3819   2.856998    6.20854    -0.0523    13.8155 0.0000e+00  -60.80000  -54.62550 1153651584 204.448909    34.5259 0.0000e+00
    465.000    -0.3857   2.856406    -0.3838   2.856852    6.20649    -0.0604    13.8155 0.0000e+00  -60.80000  -54.62550 1153651585 204.448922    34.5254 0.0000e+00
    466.000    -0.3825   2.856764    -0.3823   2.857032    6.20483    -0.0496    13.8155 0.0000e+00  -60.80000  -54.62550 1153651587 204.448938    34.5259 0.0000e+00
    467.000    -0.3837   2.856693    -0.3833   2.856990    6.20365    -0.0553    13.8155 0.0000e+00  -60.80000  -54.62550 1153651589 204.448959    34.5258 0.0000e+00
    468.000    -0.3827   2.856835    -0.3822   2.857125    6.20215    -0.0487    13.8155 0.0000e+00  -60.80000  -54.62550 1153651590 204.448976    34.5260 0.0000e+00
    469.000    -0.3833   2.856804    -0.3827   2.857141    6.20233    -0.0719    13.8155 0.0000e+00  -60.80000  -54.62550 1153651591 204.448989    34.5257 0.0000e+00
    470.000    -0.3836   2.856841    -0.3827   2.857177    6.20146    -0.0509    13.8155 0.0000e+00  -60.80000  -54.62550 1153651592 204.449003    34.5259 0.0000e+00
    471.000    -0.3833   2.856907    -0.3828   2.857214    6.20097    -0.0485    13.8155 0.0000e+00  -60.80000  -54.62550 1153651594 204.449019    34.5259 0.0000e+00
    472.000    -0.3833   2.856944    -0.3829   2.857249    6.20075    -0.0485    13.8155 0.0000e+00  -60.80000  -54.62550 1153651595 204.449036    34.5259 0.0000e+00
    473.000    -0.3835   2.856968    -0.3834   2.857243    6.20178    -0.0609    13.8155 0.0000e+00  -60.80000  -54.62550 1153651597 204.449055    34.5258 0.0000e+00
    474.000    -0.3836   2.857006    -0.3825   2.857373    6.20126    -0.0628    13.8155 0.0000e+00  -60.80000  -54.62550 1153651598 204.449072    34.5258 0.0000e+00
    475.000    -0.3824   2.857178    -0.3819   2.857477    6.20051    -0.0601    13.8155 0.0000e+00  -60.80000  -54.62550 1153651600 204.449085    34.5262 0.0000e+00
    476.000    -0.3816   2.857290    -0.3812   2.857590    6.20082    -0.0551    13.8155 0.0000e+00  -60.80000  -54.62550 1153651601 204.449097    34.5262 0.0000e+00
    477.000    -0.3808   2.857415    -0.3805   2.857705    6.20019    -0.0563    13.8155 0.0000e+00  -60.80000  -54.62550 1153651602 204.449112    34.5263 0.0000e+00
    478.000    -0.3811   2.857438    -0.3806   2.857724    6.20040    -0.0613    13.8155 0.0000e+00  -60.80000  -54.62550 1153651604 204.449133    34.5263 0.0000e+00
    479.000    -0.3812   2.857468    -0.3799   2.857841    6.20217    -0.0482    13.8155 0.0000e+00  -60.80000  -54.62550 1153651605 204.449150    34.5263 0.0000e+00
    480.000    -0.3798   2.857638    -0.3790   2.857972    6.20144    -0.0530    13.8155 0.0000e+00  -60.80000  -54.62550 1153651606 204.449164    34.5264 0.0000e+00
    481.000    -0.3788   2.857785    -0.3788   2.858039    6.20229    -0.0642    13.8155 0.0000e+00  -60.80000  -54.62550 1153651607 204.449178    34.5265 0.0000e+00
    482.000    -0.3792   2.857794    -0.3790   2.858067    6.20156    -0.0551    13.8155 0.0000e+00  -60.80000  -54.62550 1153651609 204.449194    34.5265 0.0000e+00
    483.000    -0.3735   2.858406    -0.3730   2.858680    6.20020    -0.0523    13.8155 0.0000e+00  -60.80000  -54.62550 1153651610 204.449209    34.5277 0.0000e+00
    484.000    -0.3737   2.858414    -0.3744   2.858614    6.19738    -0.0529    13.8155 0.0000e+00  -60.80000  -54.62550 1153651612 204.449225    34.5273 0.0000e+00
