product_data/regression_test/downloaded_data/MDGS/320620060703/ctd/adapted/heads_insert_p6609604.cnv
* Sea-Bird SBE 9 Data File:
* FileName = D:\Data\Raw\p6609604.dat
* Software Version Seasave Win32 V 5.32
* Temperature SN = 1649
* Conductivity SN = 1431
* Number of Bytes Per Scan = 37
* Number of Voltage Words = 5
* Number of Scans Averaged by the Deck Unit = 1
* NMEA Latitude = 60 45.04 S
* NMEA Longitude = 058 22.48 W
* NMEA UTC (Time) = 21:57:23
** Ship:   Nathaniel B. Palmer 
** Cruise:    NBP0606 
# nquan = 15
# nvalues = 995                         
# units = specified
# name 0 = prDM: Pressure, Digiquartz [db]
# name 1 = t090C: Temperature [ITS-90, deg C]
# name 2 = c0S/m: Conductivity [S/m]
# name 3 = t190C: Temperature, 2 [ITS-90, deg C]
# name 4 = c1S/m: Conductivity, 2 [S/m]
# name 5 = sbeox0ML/L: Oxygen, SBE 43 [ml/l]
# name 6 = flECO-AFL: Fluorescence, Wetlab ECO-AFL/FL [mg/m^3]
# name 7 = bat: Beam Attenuation, Chelsea/Seatech/Wetlab CStar [1/m]
# name 8 = spar: SPAR/Surface Irradiance
# name 9 = latitude: Latitude [deg]
# name 10 = longitude: Longitude [deg]
# name 11 = timeY: Time, System [seconds]
# name 12 = timeJ: Julian Days
# name 13 = sal00: Salinity [PSU]
# name 14 = flag: flag
# span 0 =      8.000,   1002.000       
# span 1 =    -0.8117,     2.0779       
# span 2 =   2.752035,   3.075497       
# span 3 =    -0.8135,     2.0790       
# span 4 =   2.752408,   3.075848       
# span 5 =    4.34234,    8.09437       
# span 6 =    -0.1119,     0.3581       
# span 7 =    13.8155,    13.8155       
# span 8 = 0.0000e+00, 0.0000e+00       
# span 9 =  -60.75067,  -60.75067       
# span 10 =  -58.37467,  -58.37467      
# span 11 = 1152655055, 1152656626      
# span 12 = 192.915001, 192.933187      
# span 13 =    33.8803,    34.7283      
# span 14 = 0.0000e+00, 0.0000e+00      
# interval = decibars: 1                
# start_time = Jul 11 2006 21:57:31
# bad_flag = -9.990e-29
*END*
[from data line 675]
    682.000     1.8624   3.073147     1.8629   3.073509    4.51446    -0.0858    13.8155 0.0000e+00  -60.75067  -58.37467 1152656138 192.927546    34.7063 0.0000e+00
    683.000     1.8605   3.073041     1.8610   3.073413    4.51523    -0.0742    13.8155 0.0000e+00  -60.75067  -58.37467 1152656140 192.927560    34.7065 0.0000e+00
    684.000     1.8587   3.072938     1.8592   3.073303    4.51587    -0.0815    13.8155 0.0000e+00  -60.75067  -58.37467 1152656140 192.927570    34.7067 0.0000e+00
    685.000     1.8579   3.072902     1.8583   3.073275    4.51726    -0.0743    13.8155 0.0000e+00  -60.75067  -58.37467 1152656141 192.927580    34.7066 0.0000e+00
    686.000     1.8576   3.072929     1.8580   3.073297    4.51737    -0.0558    13.8155 0.0000e+00  -60.75067  -58.37467 1152656142 192.927588    34.7067 0.0000e+00
    687.000     1.8566   3.072879     1.8568   3.073233    4.51819    -0.0797    13.8155 0.0000e+00  -60.75067  -58.37467 1152656143 192.927596    34.7066 0.0000e+00
    688.000     1.8557   3.072860     1.8561   3.073229    4.51672    -0.1058    13.8155 0.0000e+00  -60.75067  -58.37467 1152656143 192.927604    34.7068 0.0000e+00
    689.000     1.8555   3.072888     1.8560   3.073264    4.51536    -0.0712    13.8155 0.0000e+00  -60.75067  -58.37467 1152656144 192.927613    34.7068 0.0000e+00
    690.000     1.8554   3.072925     1.8559   3.073294    4.51360    -0.0638    13.8155 0.0000e+00  -60.75067  -58.37467 1152656145 192.927626    34.7068 0.0000e+00
    691.000     1.8549   3.072919     1.8551   3.073276    4.51418    -0.0891    13.8155 0.0000e+00  -60.75067  -58.37467 1152656147 192.927644    34.7068 0.0000e+00
    692.000     1.8538   3.072888     1.8539   3.073234    4.51490    -0.0669    13.8155 0.0000e+00  -60.75067  -58.37467 1152656148 192.927662    34.7069 0.0000e+00
    693.000     1.8533   3.072901     1.8535   3.073259    4.51683    -0.0699    13.8155 0.0000e+00  -60.75067  -58.37467 1152656150 192.927680    34.7071 0.0000e+00
    694.000     1.8519   3.072940     1.8524   3.073300    4.52152    -0.0863    13.8155 0.0000e+00  -60.75067  -58.37467 1152656151 192.927697    34.7086 0.0000e+00
    695.000     1.8513   3.072974     1.8518   3.073339    4.52234    -0.0798    13.8155 0.0000e+00  -60.75067  -58.37467 1152656153 192.927714    34.7091 0.0000e+00
    696.000     1.8510   3.073061     1.8516   3.073432    4.52604    -0.0785    13.8155 0.0000e+00  -60.75067  -58.37467 1152656155 192.927736    34.7099 0.0000e+00
    697.000     1.8518   3.073235     1.8523   3.073614    4.53444    -0.0874    13.8155 0.0000e+00  -60.75067  -58.37467 1152656157 192.927765    34.7107 0.0000e+00
    698.000     1.8525   3.073387     1.8531   3.073768    4.53981    -0.0848    13.8155 0.0000e+00  -60.75067  -58.37467 1152656158 192.927777    34.7112 0.0000e+00
    699.000     1.8527   3.073458     1.8534   3.073842    4.54007    -0.0610    13.8155 0.0000e+00  -60.75067  -58.37467 1152656159 192.927786    34.7113 0.0000e+00
    700.000     1.8529   3.073515     1.8534   3.073885    4.54011    -0.0747    13.8155 0.0000e+00  -60.75067  -58.37467 1152656160 192.927794    34.7113 0.0000e+00
    701.000     1.8535   3.073639     1.8537   3.073985    4.54021    -0.0810    13.8155 0.0000e+00  -60.75067  -58.37467 1152656160 192.927801    34.7115 0.0000e+00
    702.000     1.8539   3.073707     1.8539   3.074062    4.54038    -0.0783    13.8155 0.0000e+00  -60.75067  -58.37467 1152656161 192.927808    34.7114 0.0000e+00
    703.000     1.8540   3.073754     1.8538   3.074108    4.54054    -0.0907    13.8155 0.0000e+00  -60.75067  -58.37467 1152656162 192.927815    34.7113 0.0000e+00
    704.000     1.8536   3.073766     1.8535   3.074120    4.54167    -0.0605    13.8155 0.0000e+00  -60.75067  -58.37467 1152656162 192.927821    34.7114 0.0000e+00
    705.000     1.8528   3.073775     1.8531   3.074126    4.54170    -0.0783    13.8155 0.0000e+00  -60.75067  -58.37467 1152656163 192.927836    34.7118 0.0000e+00
    706.000     1.8532   3.073841     1.8535   3.074190    4.54221    -0.0844    13.8155 0.0000e+00  -60.75067  -58.37467 1152656166 192.927864    34.7117 0.0000e+00
    707.000     1.8520   3.073842     1.8526   3.074204    4.55181    -0.0732    13.8155 0.0000e+00  -60.75067  -58.37467 1152656171 192.927921    34.7124 0.0000e+00
    708.000     1.8521   3.073893     1.8526   3.074263    4.55479    -0.0799    13.8155 0.0000e+00  -60.75067  -58.37467 1152656172 192.927933    34.7124 0.0000e+00
    709.000     1.8510   3.073842     1.8513   3.074216    4.55426    -0.0683    13.8155 0.0000e+00  -60.75067  -58.37467 1152656172 192.927941    34.7124 0.0000e+00
    710.000     1.8503   3.073834     1.8507   3.074204    4.55370    -0.0838    13.8155 0.0000e+00  -60.75067  -58.37467 1152656173 192.927949    34.7126 0.0000e+00
    711.000     1.8498   3.073821     1.8502   3.074196    4.55221    -0.0963    13.8155 0.0000e+00  -60.75067  -58.37467 1152656174 192.927956    34.7124 0.0000e+00
    712.000     1.8497   3.073846     1.8497   3.074219    4.55208    -0.0950    13.8155 0.0000e+00  -60.75067  -58.37467 1152656174 192.927963    34.7123 0.0000e+00
    713.000     1.8496   3.073878     1.8495   3.074242    4.55189    -0.0809    13.8155 0.0000e+00  -60.75067  -58.37467 1152656175 192.927970    34.7123 0.0000e+00
    714.000     1.8488   3.073864     1.8491   3.074238    4.55158    -0.0814    13.8155 0.0000e+00  -60.75067  -58.37467 1152656176 192.927977    34.7124 0.0000e+00
    715.000     1.8482   3.073879     1.8488   3.074246    4.54998    -0.0766    13.8155 0.0000e+00  -60.75067  -58.37467 1152656177 192.927991    34.7127 0.0000e+00
    716.000     1.8484   3.073933     1.8489   3.074293    4.54919    -0.0834    13.8155 0.0000e+00  -60.75067  -58.37467 1152656179 192.928012    34.7126 0.0000e+00
    717.000     1.8481   3.073946     1.8486   3.074310    4.54980    -0.0664    13.8155 0.0000e+00  -60.75067  -58.37467 1152656181 192.928034    34.7125 0.0000e+00
    718.000     1.8476   3.073952     1.8481   3.074323    4.55067    -0.0883    13.8155 0.0000e+00  -60.75067  -58.37467 1152656182 192.928056    34.7126 0.0000e+00
    719.000     1.8468   3.073942     1.8472   3.074299    4.55147    -0.0759    13.8155 0.0000e+00  -60.75067  -58.37467 1152656184 192.928073    34.7128 0.0000e+00
    720.000     1.8462   3.073939     1.8467   3.074296    4.55283    -0.0869    13.8155 0.0000e+00  -60.75067  -58.37467 1152656185 192.928089    34.7129 0.0000e+00
    721.000     1.8456   3.073933     1.8461   3.074302    4.55501    -0.0764    13.8155 0.0000e+00  -60.75067  -58.37467 1152656187 192.928107    34.7129 0.0000e+00
    722.000     1.8440   3.073857     1.8445   3.074229    4.55681    -0.0699    13.8155 0.0000e+00  -60.75067  -58.37467 1152656188 192.928121    34.7131 0.0000e+00
    723.000     1.8428   3.073806     1.8434   3.074183    4.55643    -0.0739    13.8155 0.0000e+00  -60.75067  -58.37467 1152656189 192.928131    34.7133 0.0000e+00
    724.000     1.8416   3.073719     1.8417   3.074095    4.55684    -0.0792    13.8155 0.0000e+00  -60.75067  -58.37467 1152656190 192.928139    34.7130 0.0000e+00
    725.000     1.8397   3.073610     1.8399   3.073982    4.55795    -0.0852    13.8155 0.0000e+00  -60.75067  -58.37467 1152656190 192.928147    34.7132 0.0000e+00
    726.000     1.8385   3.073539     1.8387   3.073914    4.55842    -0.0783    13.8155 0.0000e+00  -60.75067  -58.37467 1152656191 192.928154    34.7131 0.0000e+00
    727.000     1.8363   3.073400     1.8366   3.073778    4.55631    -0.0892    13.8155 0.0000e+00  -60.75067  -58.37467 1152656192 192.928162    34.7133 0.0000e+00
    728.000     1.8368   3.073508     1.8373   3.073864    4.55623    -0.0791    13.8155 0.0000e+00  -60.75067  -58.37467 1152656194 192.928186    34.7135 0.0000e+00
    729.000     1.8370   3.073558     1.8373   3.073915    4.55633    -0.0841    13.8155 0.0000e+00  -60.75067  -58.37467 1152656197 192.928224    34.7132 0.0000e+00
    730.000     1.8359   3.073525     1.8362   3.073880    4.55739    -0.0739    13.8155 0.0000e+00  -60.75067  -58.37467 1152656198 192.928236    34.7134 0.0000e+00
    731.000     1.8355   3.073524     1.8358   3.073894    4.55815    -0.0697    13.8155 0.0000e+00  -60.75067  -58.37467 1152656199 192.928245    34.7134 0.0000e+00
    732.000     1.8351   3.073544     1.8355   3.073918    4.56003    -0.0822    13.8155 0.0000e+00  -60.75067  -58.37467 1152656200 192.928255    34.7134 0.0000e+00
    733.000     1.8351   3.073587     1.8356   3.073947    4.56050    -0.0488    13.8155 0.0000e+00  -60.75067  -58.37467 1152656200 192.928265    34.7135 0.0000e+00
    734.000     1.8348   3.073609     1.8353   3.073968    4.55808    -0.0851    13.8155 0.0000e+00  -60.75067  -58.37467 1152656201 192.928275    34.7135 0.0000e+00
    735.000     1.8347   3.073639     1.8351   3.074012    4.55680    -0.0652    13.8155 0.0000e+00  -60.75067  -58.37467 1152656202 192.928286    34.7134 0.0000e+00
    736.000     1.8345   3.073676     1.8350   3.074050    4.55705    -0.0904    13.8155 0.0000e+00  -60.75067  -58.37467 1152656203 192.928298    34.7135 0.0000e+00
    737.000     1.8349   3.073740     1.8354   3.074103    4.55853    -0.0750    13.8155 0.0000e+00  -60.75067  -58.37467 1152656205 192.928318    34.7133 0.0000e+00
    738.000     1.8348   3.073797     1.8354   3.074162    4.55992    -0.0804    13.8155 0.0000e+00  -60.75067  -58.37467 1152656208 192.928347    34.7136 0.0000e+00
    739.000     1.8336   3.073792     1.8341   3.074150    4.56337    -0.0829    13.8155 0.0000e+00  -60.75067  -58.37467 1152656209 192.928363    34.7143 0.0000e+00
    740.000     1.8347   3.073988     1.8353   3.074356    4.56832    -0.0877    13.8155 0.0000e+00  -60.75067  -58.37467 1152656210 192.928375    34.7151 0.0000e+00
    741.000     1.8373   3.074362     1.8378   3.074724    4.57189    -0.0879    13.8155 0.0000e+00  -60.75067  -58.37467 1152656211 192.928386    34.7162 0.0000e+00
    742.000     1.8372   3.074396     1.8376   3.074765    4.57577    -0.0896    13.8155 0.0000e+00  -60.75067  -58.37467 1152656212 192.928397    34.7162 0.0000e+00
    743.000     1.8365   3.074397     1.8371   3.074757    4.57794    -0.0750    13.8155 0.0000e+00  -60.75067  -58.37467 1152656213 192.928410    34.7163 0.0000e+00
    744.000     1.8353   3.074343     1.8360   3.074724    4.58160    -0.0800    13.8155 0.0000e+00  -60.75067  -58.37467 1152656214 192.928426    34.7165 0.0000e+00
    745.000     1.8342   3.074302     1.8347   3.074673    4.58568    -0.0837    13.8155 0.0000e+00  -60.75067  -58.37467 1152656216 192.928440    34.7167 0.0000e+00
    746.000     1.8338   3.074331     1.8344   3.074702    4.58835    -0.0808    13.8155 0.0000e+00  -60.75067  -58.37467 1152656217 192.928451    34.7169 0.0000e+00
    747.000     1.8326   3.074314     1.8330   3.074679    4.59002    -0.0920    13.8155 0.0000e+00  -60.75067  -58.37467 1152656217 192.928460    34.7175 0.0000e+00
    748.000     1.8311   3.074226     1.8317   3.074605    4.59300    -0.0912    13.8155 0.0000e+00  -60.75067  -58.37467 1152656218 192.928468    34.7175 0.0000e+00
    749.000     1.8267   3.073904     1.8274   3.074295    4.59344    -0.0848    13.8155 0.0000e+00  -60.75067  -58.37467 1152656219 192.928478    34.7178 0.0000e+00
    750.000     1.8267   3.073951     1.8270   3.074305    4.60219    -0.0975    13.8155 0.0000e+00  -60.75067  -58.37467 1152656223 192.928530    34.7178 0.0000e+00
    751.000     1.8261   3.073949     1.8265   3.074322    4.60927    -0.0811    13.8155 0.0000e+00  -60.75067  -58.37467 1152656226 192.928558    34.7179 0.0000e+00
    752.000     1.8260   3.073994     1.8264   3.074362    4.61149    -0.0841    13.8155 0.0000e+00  -60.75067  -58.37467 1152656227 192.928566    34.7180 0.0000e+00
    753.000     1.8260   3.074036     1.8265   3.074419    4.61206    -0.0869    13.8155 0.0000e+00  -60.75067  -58.37467 1152656227 192.928574    34.7180 0.0000e+00
    754.000     1.8261   3.074072     1.8263   3.074445    4.61128    -0.0830    13.8155 0.0000e+00  -60.75067  -58.37467 1152656228 192.928581    34.7177 0.0000e+00
    755.000     1.8236   3.073899     1.8238   3.074286    4.60888    -0.0734    13.8155 0.0000e+00  -60.75067  -58.37467 1152656228 192.928588    34.7178 0.0000e+00
    756.000     1.8227   3.073872     1.8226   3.074235    4.60615    -0.0856    13.8155 0.0000e+00  -60.75067  -58.37467 1152656229 192.928595    34.7180 0.0000e+00
    757.000     1.8220   3.073856     1.8218   3.074221    4.60584    -0.0876    13.8155 0.0000e+00  -60.75067  -58.37467 1152656230 192.928602    34.7180 0.0000e+00
    758.000     1.8206   3.073785     1.8203   3.074148    4.60566    -0.0698    13.8155 0.0000e+00  -60.75067  -58.37467 1152656230 192.928608    34.7181 0.0000e+00
    759.000     1.8201   3.073778     1.8199   3.074141    4.60651    -0.0742    13.8155 0.0000e+00  -60.75067  -58.37467 1152656231 192.928615    34.7180 0.0000e+00
    760.000     1.8211   3.073912     1.8221   3.074343    4.61416    -0.0879    13.8155 0.0000e+00  -60.75067  -58.37467 1152656235 192.928668    34.7179 0.0000e+00
    761.000     1.8199   3.073889     1.8214   3.074353    4.62140    -0.0813    13.8155 0.0000e+00  -60.75067  -58.37467 1152656239 192.928713    34.7184 0.0000e+00
    762.000     1.8190   3.073863     1.8194   3.074239    4.62279    -0.0644    13.8155 0.0000e+00  -60.75067  -58.37467 1152656240 192.928721    34.7185 0.0000e+00
    763.000     1.8184   3.073868     1.8187   3.074238    4.62266    -0.1009    13.8155 0.0000e+00  -60.75067  -58.37467 1152656241 192.928729    34.7187 0.0000e+00
    764.000     1.8183   3.073903     1.8185   3.074257    4.62015    -0.0861    13.8155 0.0000e+00  -60.75067  -58.37467 1152656241 192.928736    34.7187 0.0000e+00
    765.000     1.8180   3.073909     1.8181   3.074278    4.61741    -0.1016    13.8155 0.0000e+00  -60.75067  -58.37467 1152656242 192.928743    34.7185 0.0000e+00
    766.000     1.8179   3.073927     1.8178   3.074306    4.61373    -0.0769    13.8155 0.0000e+00  -60.75067  -58.37467 1152656242 192.928750    34.7183 0.0000e+00
    767.000     1.8174   3.073939     1.8173   3.074312    4.61287    -0.0796    13.8155 0.0000e+00  -60.75067  -58.37467 1152656243 192.928757    34.7184 0.0000e+00
    768.000     1.8165   3.073892     1.8160   3.074265    4.61302    -0.0862    13.8155 0.0000e+00  -60.75067  -58.37467 1152656244 192.928763    34.7183 0.0000e+00
    769.000     1.8159   3.073911     1.8156   3.074269    4.61300    -0.0977    13.8155 0.0000e+00  -60.75067  -58.37467 1152656244 192.928770    34.7187 0.0000e+00
    770.000     1.8158   3.073952     1.8159   3.074313    4.61362    -0.0770    13.8155 0.0000e+00  -60.75067  -58.37467 1152656246 192.928788    34.7187 0.0000e+00
    771.000     1.8165   3.074051     1.8171   3.074434    4.61385    -0.0847    13.8155 0.0000e+00  -60.75067  -58.37467 1152656251 192.928846    34.7186 0.0000e+00
    772.000     1.8151   3.074002     1.8156   3.074363    4.61837    -0.0910    13.8155 0.0000e+00  -60.75067  -58.37467 1152656254 192.928882    34.7189 0.0000e+00
    773.000     1.8151   3.074043     1.8156   3.074421    4.62227    -0.0830    13.8155 0.0000e+00  -60.75067  -58.37467 1152656255 192.928897    34.7188 0.0000e+00
    774.000     1.8152   3.074097     1.8157   3.074475    4.62256    -0.1040    13.8155 0.0000e+00  -60.75067  -58.37467 1152656256 192.928906    34.7189 0.0000e+00
    775.000     1.8154   3.074146     1.8157   3.074522    4.62328    -0.0901    13.8155 0.0000e+00  -60.75067  -58.37467 1152656257 192.928914    34.7188 0.0000e+00
    776.000     1.8155   3.074196     1.8155   3.074557    4.62285    -0.0854    13.8155 0.0000e+00  -60.75067  -58.37467 1152656257 192.928921    34.7187 0.0000e+00
    777.000     1.8143   3.074125     1.8143   3.074514    4.62225    -0.0875    13.8155 0.0000e+00  -60.75067  -58.37467 1152656258 192.928928    34.7186 0.0000e+00
