product_data/regression_test/downloaded_data/MDGS/320620060703/ctd/adapted/heads_insert_p6617611.cnv
* Sea-Bird SBE 9 Data File:
* FileName = D:\Data\Raw\p6617611.dat
* Software Version Seasave Win32 V 5.32
* Temperature SN = 1649
* Conductivity SN = 1431
* Number of Bytes Per Scan = 37
* Number of Voltage Words = 5
* Number of Scans Averaged by the Deck Unit = 1
* NMEA Latitude = 60 37.00 S
* NMEA Longitude = 054 43.23 W
* NMEA UTC (Time) = 14:47:03
** Ship:   Nathaniel B. Palmer 
** Cruise:    NBP0606 
# nquan = 15
# nvalues = 741                         
# units = specified
# name 0 = prDM: Pressure, Digiquartz [db]
# name 1 = t090C: Temperature [ITS-90, deg C]
# name 2 = c0S/m: Conductivity [S/m]
# name 3 = t190C: Temperature, 2 [ITS-90, deg C]
# name 4 = c1S/m: Conductivity, 2 [S/m]
# name 5 = sbeox0ML/L: Oxygen, SBE 43 [ml/l]
# name 6 = flECO-AFL: Fluorescence, Wetlab ECO-AFL/FL [mg/m^3]
# name 7 = bat: Beam Attenuation, Chelsea/Seatech/Wetlab CStar [1/m]
# name 8 = spar: SPAR/Surface Irradiance
# name 9 = latitude: Latitude [deg]
# name 10 = longitude: Longitude [deg]
# name 11 = timeY: Time, System [seconds]
# name 12 = timeJ: Julian Days
# name 13 = sal00: Salinity [PSU]
# name 14 = flag: flag
# span 0 =     14.000,    754.000       
# span 1 =    -0.7344,     1.3945       
# span 2 =   2.781058,   2.996806       
# span 3 =    -0.7362,     1.3842       
# span 4 =   2.781493,   2.997152       
# span 5 =    4.99475,    7.63084       
# span 6 =    -0.1047,     0.4425       
# span 7 =    13.8155,    13.8155       
# span 8 = 5.4555e+01, 6.4562e+01       
# span 9 =  -60.61667,  -60.61667       
# span 10 =  -54.72050,  -54.72050      
# span 11 = 1153493243, 1153494278      
# span 12 = 202.616259, 202.628234      
# span 13 =    34.1703,    34.6654      
# span 14 = 0.0000e+00, 0.0000e+00      
# interval = decibars: 1                
# start_time = Jul 21 2006 14:47:11
# bad_flag = -9.990e-29
*END*
[from data line 290]
    303.000     0.9377   2.963178     0.9507   2.964408    5.30670    -0.0867    13.8155 6.3600e+01  -60.61667  -54.72050 1153493705 202.621611    34.5408 0.0000e+00
    304.000     0.9434   2.963763     0.9436   2.964050    5.31536    -0.0748    13.8155 6.3403e+01  -60.61667  -54.72050 1153493706 202.621625    34.5416 0.0000e+00
    305.000     0.9407   2.963539     0.9413   2.963880    5.32143    -0.0744    13.8155 6.4410e+01  -60.61667  -54.72050 1153493708 202.621641    34.5410 0.0000e+00
    306.000     0.9213   2.961739     0.9170   2.961723    5.33445    -0.0807    13.8155 6.3257e+01  -60.61667  -54.72050 1153493710 202.621660    34.5391 0.0000e+00
    307.000     0.8256   2.952858     0.8275   2.953518    5.38349    -0.0876    13.8155 6.2766e+01  -60.61667  -54.72050 1153493712 202.621684    34.5324 0.0000e+00
    308.000     0.8005   2.950656     0.8054   2.951430    5.41830    -0.0907    13.8155 6.2262e+01  -60.61667  -54.72050 1153493713 202.621702    34.5319 0.0000e+00
    309.000     0.8427   2.954888     0.8484   2.955425    5.41612    -0.0738    13.8155 6.2347e+01  -60.61667  -54.72050 1153493714 202.621715    34.5386 0.0000e+00
    310.000     0.8948   2.959761     0.9044   2.960717    5.43341    -0.0929    13.8155 6.2976e+01  -60.61667  -54.72050 1153493715 202.621725    34.5404 0.0000e+00
    311.000     0.8289   2.952964     0.8487   2.955981    5.45573    -0.0814    13.8155 6.3184e+01  -60.61667  -54.72050 1153493716 202.621735    34.5301 0.0000e+00
    312.000     0.7104   2.942357     0.7129   2.943392    5.48548    -0.0896    13.8155 6.2475e+01  -60.61667  -54.72050 1153493717 202.621745    34.5216 0.0000e+00
    313.000     0.6414   2.936216     0.6384   2.936470    5.52074    -0.0862    13.8155 6.2970e+01  -60.61667  -54.72050 1153493718 202.621757    34.5216 0.0000e+00
    314.000     0.5993   2.932417     0.5949   2.932558    5.56378    -0.0704    13.8155 6.2429e+01  -60.61667  -54.72050 1153493719 202.621773    34.5186 0.0000e+00
    315.000     0.5790   2.930825     0.5801   2.931330    5.60597    -0.0702    13.8155 6.2360e+01  -60.61667  -54.72050 1153493721 202.621791    34.5195 0.0000e+00
    316.000     0.5695   2.930054     0.5693   2.930494    5.64434    -0.0728    13.8155 6.3679e+01  -60.61667  -54.72050 1153493723 202.621810    34.5183 0.0000e+00
    317.000     0.5033   2.924005     0.4939   2.923863    5.69687    -0.0826    13.8155 6.3219e+01  -60.61667  -54.72050 1153493724 202.621830    34.5129 0.0000e+00
    318.000     0.4283   2.917314     0.4255   2.917658    5.73041    -0.0682    13.8155 6.3361e+01  -60.61667  -54.72050 1153493726 202.621845    34.5105 0.0000e+00
    319.000     0.3684   2.911807     0.3655   2.912329    5.76863    -0.0807    13.8155 6.2692e+01  -60.61667  -54.72050 1153493727 202.621859    34.5049 0.0000e+00
    320.000     0.3075   2.906444     0.3021   2.906645    5.80962    -0.0792    13.8155 6.2767e+01  -60.61667  -54.72050 1153493728 202.621873    34.5030 0.0000e+00
    321.000     0.2871   2.904919     0.2863   2.905181    5.83946    -0.0843    13.8155 6.2259e+01  -60.61667  -54.72050 1153493729 202.621888    34.5054 0.0000e+00
    322.000     0.3045   2.906499     0.3044   2.906914    5.85354    -0.0835    13.8155 6.2343e+01  -60.61667  -54.72050 1153493730 202.621900    34.5041 0.0000e+00
    323.000     0.3051   2.906633     0.3052   2.907065    5.86434    -0.0732    13.8155 6.2341e+01  -60.61667  -54.72050 1153493731 202.621910    34.5037 0.0000e+00
    324.000     0.2953   2.905749     0.2819   2.905062    5.87712    -0.0789    13.8155 6.2341e+01  -60.61667  -54.72050 1153493732 202.621919    34.5020 0.0000e+00
    325.000     0.2551   2.902101     0.2508   2.902309    5.88556    -0.0848    13.8155 6.2341e+01  -60.61667  -54.72050 1153493733 202.621930    34.4988 0.0000e+00
    326.000     0.2521   2.902076     0.2597   2.903147    5.90968    -0.0820    13.8155 6.2341e+01  -60.61667  -54.72050 1153493735 202.621949    34.5007 0.0000e+00
    327.000     0.2588   2.902806     0.2627   2.903538    5.92937    -0.0792    13.8155 6.2341e+01  -60.61667  -54.72050 1153493737 202.621979    34.5006 0.0000e+00
    328.000     0.2318   2.900327     0.2315   2.900856    5.93925    -0.0656    13.8155 6.2724e+01  -60.61667  -54.72050 1153493739 202.621997    34.4973 0.0000e+00
    329.000     0.1962   2.897173     0.1918   2.897272    5.95322    -0.0940    13.8155 6.2337e+01  -60.61667  -54.72050 1153493740 202.622011    34.4960 0.0000e+00
    330.000     0.1849   2.896236     0.1834   2.896545    5.96438    -0.0831    13.8155 6.2367e+01  -60.61667  -54.72050 1153493741 202.622023    34.4957 0.0000e+00
    331.000     0.1835   2.896180     0.1835   2.896603    5.97083    -0.0851    13.8155 6.2893e+01  -60.61667  -54.72050 1153493742 202.622034    34.4956 0.0000e+00
    332.000     0.1923   2.897111     0.1929   2.897467    5.97291    -0.0864    13.8155 -9.990e-29  -60.61667  -54.72050 1153493743 202.622043    34.4974 0.0000e+00
    333.000     0.2081   2.898603     0.2090   2.899024    5.97194    -0.0745    13.8155 -9.990e-29  -60.61667  -54.72050 1153493743 202.622054    34.4974 0.0000e+00
    334.000     0.2103   2.898857     0.2097   2.899181    5.97362    -0.0684    13.8155 6.2456e+01  -60.61667  -54.72050 1153493745 202.622071    34.4971 0.0000e+00
    335.000     0.2012   2.898072     0.2009   2.898457    5.97461    -0.0819    13.8155 6.2343e+01  -60.61667  -54.72050 1153493747 202.622090    34.4963 0.0000e+00
    336.000     0.2049   2.898518     0.2058   2.898919    5.97615    -0.0734    13.8155 6.2341e+01  -60.61667  -54.72050 1153493748 202.622104    34.4973 0.0000e+00
    337.000     0.2208   2.900054     0.2219   2.900449    5.96584    -0.0670    13.8155 6.2341e+01  -60.61667  -54.72050 1153493749 202.622120    34.4984 0.0000e+00
    338.000     0.2458   2.902415     0.2464   2.902791    5.96290    -0.0810    13.8155 6.2341e+01  -60.61667  -54.72050 1153493751 202.622139    34.4999 0.0000e+00
    339.000     0.2293   2.900936     0.2316   2.901559    5.95718    -0.0852    13.8155 6.2341e+01  -60.61667  -54.72050 1153493752 202.622154    34.4987 0.0000e+00
    340.000     0.2351   2.901649     0.2363   2.901996    5.95012    -0.0804    13.8155 6.2341e+01  -60.61667  -54.72050 1153493753 202.622165    34.5015 0.0000e+00
    341.000     0.2641   2.904350     0.2654   2.904745    5.94909    -0.0919    13.8155 6.2341e+01  -60.61667  -54.72050 1153493754 202.622175    34.5028 0.0000e+00
    342.000     0.2586   2.903810     0.2560   2.904020    5.94552    -0.0769    13.8155 6.2341e+01  -60.61667  -54.72050 1153493755 202.622184    34.5010 0.0000e+00
    343.000     0.2402   2.902221     0.2378   2.902419    5.94717    -0.0841    13.8155 6.2341e+01  -60.61667  -54.72050 1153493756 202.622195    34.5009 0.0000e+00
    344.000     0.2378   2.902048     0.2364   2.902258    5.94834    -0.0731    13.8155 6.2341e+01  -60.61667  -54.72050 1153493758 202.622228    34.5008 0.0000e+00
    345.000     0.2234   2.900783     0.2240   2.901209    5.95186    -0.0713    13.8155 6.2341e+01  -60.61667  -54.72050 1153493760 202.622250    34.5003 0.0000e+00
    346.000     0.2264   2.901128     0.2271   2.901554    5.94363    -0.0759    13.8155 6.2341e+01  -60.61667  -54.72050 1153493761 202.622262    34.5007 0.0000e+00
    347.000     0.2386   2.902332     0.2376   2.902596    5.95149    -0.0675    13.8155 6.2341e+01  -60.61667  -54.72050 1153493762 202.622273    34.5018 0.0000e+00
    348.000     0.2347   2.902057     0.2364   2.902501    5.95802    -0.0727    13.8155 6.2341e+01  -60.61667  -54.72050 1153493763 202.622285    34.5024 0.0000e+00
    349.000     0.2360   2.902132     0.2329   2.902271    5.95600    -0.0878    13.8155 6.2341e+01  -60.61667  -54.72050 1153493764 202.622295    34.5008 0.0000e+00
    350.000     0.2471   2.903446     0.2510   2.903882    5.95256    -0.0884    13.8155 6.2341e+01  -60.61667  -54.72050 1153493765 202.622306    34.5058 0.0000e+00
    351.000     0.2792   2.906288     0.2814   2.906774    5.95003    -0.0920    13.8155 6.2341e+01  -60.61667  -54.72050 1153493766 202.622316    34.5048 0.0000e+00
    352.000     0.2488   2.903429     0.2458   2.903729    5.95265    -0.0797    13.8155 -9.990e-29  -60.61667  -54.72050 1153493767 202.622327    34.5009 0.0000e+00
    353.000     0.1981   2.898920     0.2004   2.899667    5.96743    -0.0814    13.8155 -9.990e-29  -60.61667  -54.72050 1153493768 202.622343    34.4998 0.0000e+00
    354.000     0.1726   2.896736     0.1719   2.897029    5.98918    -0.0763    13.8155 6.2341e+01  -60.61667  -54.72050 1153493771 202.622377    34.4995 0.0000e+00
    355.000     0.1457   2.894285     0.1433   2.894563    5.99983    -0.0769    13.8155 6.2341e+01  -60.61667  -54.72050 1153493773 202.622401    34.4971 0.0000e+00
    356.000     0.1324   2.893151     0.1317   2.893539    6.00635    -0.0762    13.8155 6.2341e+01  -60.61667  -54.72050 1153493774 202.622412    34.4968 0.0000e+00
    357.000     0.1318   2.893288     0.1318   2.893567    6.00884    -0.0809    13.8155 6.2341e+01  -60.61667  -54.72050 1153493775 202.622421    34.4992 0.0000e+00
    358.000     0.1560   2.895513     0.1562   2.895848    6.00782    -0.0897    13.8155 6.2341e+01  -60.61667  -54.72050 1153493776 202.622430    34.4994 0.0000e+00
    359.000     0.1608   2.896000     0.1601   2.896272    5.99811    -0.0793    13.8155 6.2341e+01  -60.61667  -54.72050 1153493777 202.622438    34.4995 0.0000e+00
    360.000     0.1788   2.897869     0.1811   2.898234    5.98878    -0.0609    13.8155 6.2341e+01  -60.61667  -54.72050 1153493777 202.622447    34.5035 0.0000e+00
    361.000     0.2224   2.901924     0.2235   2.902208    5.97833    -0.0885    13.8155 6.2341e+01  -60.61667  -54.72050 1153493778 202.622456    34.5055 0.0000e+00
    362.000     0.2263   2.902292     0.2278   2.902751    5.95972    -0.0761    13.8155 6.1219e+01  -60.61667  -54.72050 1153493780 202.622475    34.5051 0.0000e+00
    363.000     0.2338   2.903055     0.2325   2.903265    5.94253    -0.0799    13.8155 5.9986e+01  -60.61667  -54.72050 1153493783 202.622507    34.5063 0.0000e+00
    364.000     0.2462   2.904319     0.2401   2.904010    5.93271    -0.0711    13.8155 6.1093e+01  -60.61667  -54.72050 1153493784 202.622525    34.5085 0.0000e+00
    365.000     0.2711   2.906584     0.2721   2.906948    5.91448    -0.0670    13.8155 5.9896e+01  -60.61667  -54.72050 1153493785 202.622540    34.5088 0.0000e+00
    366.000     0.2734   2.906941     0.2757   2.907374    5.89988    -0.0791    13.8155 6.0392e+01  -60.61667  -54.72050 1153493787 202.622553    34.5110 0.0000e+00
    367.000     0.2794   2.907426     0.2758   2.907448    5.90068    -0.0988    13.8155 5.8964e+01  -60.61667  -54.72050 1153493788 202.622566    34.5097 0.0000e+00
    368.000     0.2745   2.907076     0.2774   2.907579    5.89940    -0.0844    13.8155 5.9246e+01  -60.61667  -54.72050 1153493789 202.622579    34.5106 0.0000e+00
    369.000     0.3185   2.911341     0.3485   2.914041    5.87734    -0.0701    13.8155 5.9221e+01  -60.61667  -54.72050 1153493790 202.622592    34.5165 0.0000e+00
    370.000     0.3800   2.917035     0.3801   2.917094    5.86044    -0.0700    13.8155 5.8606e+01  -60.61667  -54.72050 1153493791 202.622603    34.5196 0.0000e+00
    371.000     0.3919   2.917969     0.3953   2.918715    5.85522    -0.0937    13.8155 5.9199e+01  -60.61667  -54.72050 1153493792 202.622614    34.5167 0.0000e+00
    372.000     0.3292   2.912191     0.3303   2.912917    5.85594    -0.0785    13.8155 5.9754e+01  -60.61667  -54.72050 1153493793 202.622626    34.5127 0.0000e+00
    373.000     0.2894   2.908778     0.2911   2.909289    5.86216    -0.0748    13.8155 5.9184e+01  -60.61667  -54.72050 1153493794 202.622641    34.5144 0.0000e+00
    374.000     0.2880   2.908658     0.2884   2.909037    5.86760    -0.0812    13.8155 5.9486e+01  -60.61667  -54.72050 1153493796 202.622662    34.5138 0.0000e+00
    375.000     0.2864   2.908562     0.2870   2.908935    5.87179    -0.0699    13.8155 5.9714e+01  -60.61667  -54.72050 1153493798 202.622682    34.5137 0.0000e+00
    376.000     0.2842   2.908417     0.2863   2.908939    5.87528    -0.0721    13.8155 5.9173e+01  -60.61667  -54.72050 1153493799 202.622702    34.5137 0.0000e+00
    377.000     0.2818   2.908303     0.2832   2.908748    5.87881    -0.0855    13.8155 -9.990e-29  -60.61667  -54.72050 1153493801 202.622721    34.5145 0.0000e+00
    378.000     0.2859   2.908838     0.2867   2.909146    5.87677    -0.0773    13.8155 -9.990e-29  -60.61667  -54.72050 1153493802 202.622732    34.5164 0.0000e+00
    379.000     0.2991   2.910039     0.3004   2.910519    5.87129    -0.0713    13.8155 -9.990e-29  -60.61667  -54.72050 1153493803 202.622741    34.5159 0.0000e+00
    380.000     0.3146   2.911727     0.3139   2.911788    5.86445    -0.0895    13.8155 -9.990e-29  -60.61667  -54.72050 1153493803 202.622749    34.5200 0.0000e+00
    381.000     0.3355   2.913609     0.3379   2.914055    5.85616    -0.0848    13.8155 -9.990e-29  -60.61667  -54.72050 1153493804 202.622757    34.5200 0.0000e+00
    382.000     0.3484   2.914849     0.3512   2.915325    5.84942    -0.0834    13.8155 -9.990e-29  -60.61667  -54.72050 1153493805 202.622768    34.5211 0.0000e+00
    383.000     0.3487   2.914852     0.3490   2.915243    5.85139    -0.0721    13.8155 -9.990e-29  -60.61667  -54.72050 1153493808 202.622803    34.5204 0.0000e+00
    384.000     0.3224   2.912436     0.3214   2.912818    5.86530    -0.0833    13.8155 -9.990e-29  -60.61667  -54.72050 1153493809 202.622816    34.5182 0.0000e+00
    385.000     0.2937   2.909883     0.2929   2.910266    5.88163    -0.0783    13.8155 -9.990e-29  -60.61667  -54.72050 1153493810 202.622826    34.5175 0.0000e+00
    386.000     0.2586   2.906658     0.2545   2.906861    5.89413    -0.0889    13.8155 -9.990e-29  -60.61667  -54.72050 1153493811 202.622837    34.5144 0.0000e+00
    387.000     0.1886   2.900330     0.1878   2.900846    5.92415    -0.0735    13.8155 -9.990e-29  -60.61667  -54.72050 1153493813 202.622854    34.5111 0.0000e+00
    388.000     0.1050   2.892748     0.1023   2.893169    5.96769    -0.0746    13.8155 -9.990e-29  -60.61667  -54.72050 1153493815 202.622877    34.5058 0.0000e+00
    389.000     0.0733   2.890002     0.0728   2.890475    5.99323    -0.0899    13.8155 -9.990e-29  -60.61667  -54.72050 1153493816 202.622890    34.5054 0.0000e+00
    390.000     0.0572   2.888652     0.0562   2.889049    6.01068    -0.0856    13.8155 -9.990e-29  -60.61667  -54.72050 1153493817 202.622900    34.5044 0.0000e+00
    391.000     0.0498   2.888088     0.0495   2.888501    6.02141    -0.0802    13.8155 -9.990e-29  -60.61667  -54.72050 1153493817 202.622910    34.5050 0.0000e+00
    392.000     0.0457   2.887783     0.0462   2.888255    6.03427    -0.0807    13.8155 -9.990e-29  -60.61667  -54.72050 1153493818 202.622923    34.5043 0.0000e+00
    393.000     0.0455   2.887866     0.0462   2.888311    6.04526    -0.0767    13.8155 -9.990e-29  -60.61667  -54.72050 1153493820 202.622941    34.5042 0.0000e+00
    394.000     0.0556   2.888910     0.0568   2.889327    6.04652    -0.0730    13.8155 -9.990e-29  -60.61667  -54.72050 1153493822 202.622959    34.5052 0.0000e+00
    395.000     0.0680   2.890096     0.0695   2.890597    6.04713    -0.0820    13.8155 -9.990e-29  -60.61667  -54.72050 1153493823 202.622972    34.5054 0.0000e+00
    396.000     0.0701   2.890368     0.0713   2.890824    6.04792    -0.0756    13.8155 -9.990e-29  -60.61667  -54.72050 1153493824 202.622986    34.5057 0.0000e+00
    397.000     0.0838   2.891703     0.0849   2.892170    6.04378    -0.0832    13.8155 5.8834e+01  -60.61667  -54.72050 1153493826 202.623005    34.5066 0.0000e+00
