product_data/regression_test/downloaded_data/MDGS/320620060703/ctd/adapted/heads_insert_p6607401.cnv
* Sea-Bird SBE 9 Data File:
* FileName = D:\Data\Raw\p6607401.dat
* Software Version Seasave Win32 V 5.32
* Temperature SN = 1649
* Conductivity SN = 1431
* Number of Bytes Per Scan = 37
* Number of Voltage Words = 5
* Number of Scans Averaged by the Deck Unit = 1
* NMEA Latitude = 62 14.82 S
* NMEA Longitude = 058 06.36 W
* NMEA UTC (Time) = 10:56:46
** Ship:   Nathaniel B. Palmer 
** Cruise:    NBP0606 
# nquan = 15
# nvalues = 1302                        
# units = specified
# name 0 = prDM: Pressure, Digiquartz [db]
# name 1 = t090C: Temperature [ITS-90, deg C]
# name 2 = c0S/m: Conductivity [S/m]
# name 3 = t190C: Temperature, 2 [ITS-90, deg C]
# name 4 = c1S/m: Conductivity, 2 [S/m]
# name 5 = sbeox0ML/L: Oxygen, SBE 43 [ml/l]
# name 6 = flECO-AFL: Fluorescence, Wetlab ECO-AFL/FL [mg/m^3]
# name 7 = bat: Beam Attenuation, Chelsea/Seatech/Wetlab CStar [1/m]
# name 8 = spar: SPAR/Surface Irradiance
# name 9 = latitude: Latitude [deg]
# name 10 = longitude: Longitude [deg]
# name 11 = timeY: Time, System [seconds]
# name 12 = timeJ: Julian Days
# name 13 = sal00: Salinity [PSU]
# name 14 = flag: flag
# span 0 =      1.000,   1302.000       
# span 1 =    -1.5813,     0.2414       
# span 2 =   2.730662,   2.902582       
# span 3 =    -1.5801,     0.2429       
# span 4 =   2.730736,   2.902295       
# span 5 =    5.90281,    7.75018       
# span 6 =    -0.1364,     0.0677       
# span 7 =    13.8155,    13.8155       
# span 8 = 0.0000e+00, 0.0000e+00       
# span 9 =  -62.24700,  -62.24700       
# span 10 =  -58.10600,  -58.10600      
# span 11 = 1152356208, 1152358111      
# span 12 = 189.456118, 189.478158      
# span 13 =    34.2170,    34.5487      
# span 14 = 0.0000e+00, 0.0000e+00      
# interval = decibars: 1                
# start_time = Jul 08 2006 10:56:54
# bad_flag = -9.990e-29
*END*
[from data line 386]
    386.000    -1.2007   2.773298    -1.1996   2.773346    7.10047    -0.0651    13.8155 0.0000e+00  -62.24700  -58.10600 1152356817 189.463181    34.3756 0.0000e+00
    387.000    -1.2145   2.772077    -1.2122   2.772344    7.10518    -0.0833    13.8155 0.0000e+00  -62.24700  -58.10600 1152356818 189.463195    34.3741 0.0000e+00
    388.000    -1.2770   2.766628    -1.2800   2.766575    7.11655    -0.0783    13.8155 0.0000e+00  -62.24700  -58.10600 1152356819 189.463206    34.3723 0.0000e+00
    389.000    -1.3232   2.762811    -1.3185   2.763291    7.12465    -0.0634    13.8155 0.0000e+00  -62.24700  -58.10600 1152356820 189.463216    34.3743 0.0000e+00
    390.000    -1.3282   2.762436    -1.3277   2.762514    7.13267    -0.0779    13.8155 0.0000e+00  -62.24700  -58.10600 1152356821 189.463226    34.3744 0.0000e+00
    391.000    -1.3267   2.762648    -1.3260   2.762720    7.14176    -0.0706    13.8155 0.0000e+00  -62.24700  -58.10600 1152356822 189.463238    34.3745 0.0000e+00
    392.000    -1.3264   2.762739    -1.3285   2.762561    7.15254    -0.0575    13.8155 0.0000e+00  -62.24700  -58.10600 1152356824 189.463259    34.3743 0.0000e+00
    393.000    -1.3367   2.761654    -1.3434   2.761385    7.18261    -0.0642    13.8155 0.0000e+00  -62.24700  -58.10600 1152356826 189.463282    34.3738 0.0000e+00
    394.000    -1.3519   2.760715    -1.3520   2.760706    7.18529    -0.0522    13.8155 0.0000e+00  -62.24700  -58.10600 1152356827 189.463296    34.3746 0.0000e+00
    395.000    -1.3529   2.760677    -1.3517   2.760771    7.19415    -0.0780    13.8155 0.0000e+00  -62.24700  -58.10600 1152356828 189.463309    34.3744 0.0000e+00
    396.000    -1.4242   2.754392    -1.4302   2.754287    7.21059    -0.0582    13.8155 0.0000e+00  -62.24700  -58.10600 1152356829 189.463321    34.3708 0.0000e+00
    397.000    -1.5113   2.747114    -1.5127   2.747163    7.23528    -0.0691    13.8155 0.0000e+00  -62.24700  -58.10600 1152356830 189.463335    34.3724 0.0000e+00
    398.000    -1.5538   2.743461    -1.5551   2.743566    7.25468    -0.0557    13.8155 0.0000e+00  -62.24700  -58.10600 1152356831 189.463347    34.3705 0.0000e+00
    399.000    -1.5689   2.742258    -1.5692   2.742353    7.26898    -0.0641    13.8155 0.0000e+00  -62.24700  -58.10600 1152356832 189.463359    34.3707 0.0000e+00
    400.000    -1.5749   2.741832    -1.5752   2.741907    7.28387    -0.0632    13.8155 0.0000e+00  -62.24700  -58.10600 1152356833 189.463371    34.3704 0.0000e+00
    401.000    -1.5813   2.741370    -1.5801   2.741552    7.29482    -0.0724    13.8155 0.0000e+00  -62.24700  -58.10600 1152356835 189.463389    34.3700 0.0000e+00
    402.000    -1.5575   2.743579    -1.5559   2.743716    7.30072    -0.0691    13.8155 0.0000e+00  -62.24700  -58.10600 1152356837 189.463409    34.3709 0.0000e+00
    403.000    -1.5441   2.744882    -1.5435   2.744952    7.29626    -0.0468    13.8155 0.0000e+00  -62.24700  -58.10600 1152356838 189.463424    34.3720 0.0000e+00
    404.000    -1.5202   2.747175    -1.5187   2.747259    7.28649    -0.0610    13.8155 0.0000e+00  -62.24700  -58.10600 1152356839 189.463437    34.3746 0.0000e+00
    405.000    -1.5143   2.747860    -1.5141   2.747874    7.28059    -0.0629    13.8155 0.0000e+00  -62.24700  -58.10600 1152356840 189.463450    34.3759 0.0000e+00
    406.000    -1.5170   2.747685    -1.5170   2.747713    7.27468    -0.0591    13.8155 0.0000e+00  -62.24700  -58.10600 1152356841 189.463464    34.3760 0.0000e+00
    407.000    -1.5172   2.747795    -1.5165   2.747841    7.26903    -0.0669    13.8155 0.0000e+00  -62.24700  -58.10600 1152356843 189.463477    34.3771 0.0000e+00
    408.000    -1.5070   2.748798    -1.5055   2.748901    7.25932    -0.0699    13.8155 0.0000e+00  -62.24700  -58.10600 1152356844 189.463491    34.3784 0.0000e+00
    409.000    -1.4888   2.750516    -1.4875   2.750579    7.24963    -0.0629    13.8155 0.0000e+00  -62.24700  -58.10600 1152356845 189.463506    34.3799 0.0000e+00
    410.000    -1.4734   2.751991    -1.4724   2.752019    7.23617    -0.0696    13.8155 0.0000e+00  -62.24700  -58.10600 1152356846 189.463521    34.3815 0.0000e+00
    411.000    -1.4485   2.754325    -1.4483   2.754258    7.22279    -0.0640    13.8155 0.0000e+00  -62.24700  -58.10600 1152356847 189.463535    34.3838 0.0000e+00
    412.000    -1.4431   2.754863    -1.4425   2.754861    7.21596    -0.0522    13.8155 0.0000e+00  -62.24700  -58.10600 1152356849 189.463547    34.3843 0.0000e+00
    413.000    -1.4303   2.756099    -1.4291   2.756144    7.20496    -0.0806    13.8155 0.0000e+00  -62.24700  -58.10600 1152356850 189.463561    34.3860 0.0000e+00
    414.000    -1.4109   2.757928    -1.4082   2.758073    7.18628    -0.0697    13.8155 0.0000e+00  -62.24700  -58.10600 1152356851 189.463576    34.3880 0.0000e+00
    415.000    -1.3868   2.760130    -1.3852   2.760194    7.17389    -0.0776    13.8155 0.0000e+00  -62.24700  -58.10600 1152356853 189.463594    34.3895 0.0000e+00
    416.000    -1.3722   2.761516    -1.3726   2.761394    7.16324    -0.0857    13.8155 0.0000e+00  -62.24700  -58.10600 1152356854 189.463610    34.3911 0.0000e+00
    417.000    -1.3533   2.763296    -1.3541   2.763091    7.15128    -0.0593    13.8155 0.0000e+00  -62.24700  -58.10600 1152356855 189.463623    34.3933 0.0000e+00
    418.000    -1.3331   2.765111    -1.3344   2.764885    7.14010    -0.0667    13.8155 0.0000e+00  -62.24700  -58.10600 1152356856 189.463634    34.3939 0.0000e+00
    419.000    -1.3296   2.765456    -1.3313   2.765243    7.13298    -0.0747    13.8155 0.0000e+00  -62.24700  -58.10600 1152356857 189.463646    34.3942 0.0000e+00
    420.000    -1.3287   2.765559    -1.3289   2.765477    7.11710    -0.0781    13.8155 0.0000e+00  -62.24700  -58.10600 1152356859 189.463663    34.3944 0.0000e+00
    421.000    -1.3263   2.765826    -1.3264   2.765752    7.11049    -0.0724    13.8155 0.0000e+00  -62.24700  -58.10600 1152356860 189.463682    34.3951 0.0000e+00
    422.000    -1.3250   2.765995    -1.3275   2.765719    7.10232    -0.0490    13.8155 0.0000e+00  -62.24700  -58.10600 1152356861 189.463696    34.3957 0.0000e+00
    423.000    -1.2964   2.768732    -1.2892   2.769207    7.09051    -0.0749    13.8155 0.0000e+00  -62.24700  -58.10600 1152356862 189.463707    34.3995 0.0000e+00
    424.000    -1.2770   2.770526    -1.2772   2.770366    7.08199    -0.0823    13.8155 0.0000e+00  -62.24700  -58.10600 1152356863 189.463718    34.4007 0.0000e+00
    425.000    -1.2614   2.771983    -1.2589   2.772094    7.07448    -0.0771    13.8155 0.0000e+00  -62.24700  -58.10600 1152356864 189.463730    34.4018 0.0000e+00
    426.000    -1.2528   2.772797    -1.2516   2.772820    7.06390    -0.0723    13.8155 0.0000e+00  -62.24700  -58.10600 1152356866 189.463746    34.4028 0.0000e+00
    427.000    -1.2368   2.774323    -1.2360   2.774267    7.04865    -0.0699    13.8155 0.0000e+00  -62.24700  -58.10600 1152356867 189.463766    34.4048 0.0000e+00
    428.000    -1.2306   2.774906    -1.2311   2.774787    7.01668    -0.0755    13.8155 0.0000e+00  -62.24700  -58.10600 1152356869 189.463783    34.4052 0.0000e+00
    429.000    -1.2344   2.774603    -1.2352   2.774472    7.02111    -0.0693    13.8155 0.0000e+00  -62.24700  -58.10600 1152356870 189.463797    34.4054 0.0000e+00
    430.000    -1.2383   2.774280    -1.2373   2.774302    7.01194    -0.0734    13.8155 0.0000e+00  -62.24700  -58.10600 1152356871 189.463810    34.4051 0.0000e+00
    431.000    -1.2142   2.776681    -1.2110   2.776621    6.98932    -0.0766    13.8155 0.0000e+00  -62.24700  -58.10600 1152356872 189.463822    34.4110 0.0000e+00
    432.000    -1.1090   2.786166    -1.1087   2.785974    6.97269    -0.0569    13.8155 0.0000e+00  -62.24700  -58.10600 1152356873 189.463834    34.4149 0.0000e+00
    433.000    -1.1010   2.786954    -1.0998   2.786883    6.95470    -0.0658    13.8155 0.0000e+00  -62.24700  -58.10600 1152356874 189.463846    34.4161 0.0000e+00
    434.000    -1.0816   2.788821    -1.0757   2.789055    6.92682    -0.0746    13.8155 0.0000e+00  -62.24700  -58.10600 1152356876 189.463861    34.4195 0.0000e+00
    435.000    -1.0222   2.794223    -1.0200   2.794231    6.89237    -0.0623    13.8155 0.0000e+00  -62.24700  -58.10600 1152356877 189.463879    34.4233 0.0000e+00
    436.000    -1.0135   2.795050    -1.0128   2.794961    6.87035    -0.0599    13.8155 0.0000e+00  -62.24700  -58.10600 1152356879 189.463898    34.4247 0.0000e+00
    437.000    -1.0080   2.795604    -1.0068   2.795544    6.85363    -0.0654    13.8155 0.0000e+00  -62.24700  -58.10600 1152356880 189.463914    34.4261 0.0000e+00
    438.000    -0.9875   2.797559    -0.9867   2.797443    6.84021    -0.0759    13.8155 0.0000e+00  -62.24700  -58.10600 1152356881 189.463927    34.4289 0.0000e+00
    439.000    -0.9764   2.798601    -0.9758   2.798508    6.82990    -0.0809    13.8155 0.0000e+00  -62.24700  -58.10600 1152356882 189.463939    34.4297 0.0000e+00
    440.000    -0.9705   2.799208    -0.9699   2.799102    6.82042    -0.0871    13.8155 0.0000e+00  -62.24700  -58.10600 1152356883 189.463950    34.4309 0.0000e+00
    441.000    -0.9527   2.800919    -0.9506   2.800921    6.80464    -0.0784    13.8155 0.0000e+00  -62.24700  -58.10600 1152356884 189.463961    34.4334 0.0000e+00
    442.000    -0.9349   2.802624    -0.9331   2.802595    6.77855    -0.0868    13.8155 0.0000e+00  -62.24700  -58.10600 1152356885 189.463974    34.4356 0.0000e+00
    443.000    -0.9185   2.804191    -0.9168   2.804173    6.76131    -0.0802    13.8155 0.0000e+00  -62.24700  -58.10600 1152356887 189.463990    34.4374 0.0000e+00
    444.000    -0.8950   2.806463    -0.8916   2.806552    6.74025    -0.0804    13.8155 0.0000e+00  -62.24700  -58.10600 1152356889 189.464009    34.4412 0.0000e+00
    445.000    -0.8095   2.814429    -0.8095   2.814085    6.70854    -0.0804    13.8155 0.0000e+00  -62.24700  -58.10600 1152356890 189.464027    34.4495 0.0000e+00
    446.000    -0.7589   2.819090    -0.7556   2.819062    6.67785    -0.0782    13.8155 0.0000e+00  -62.24700  -58.10600 1152356891 189.464042    34.4534 0.0000e+00
    447.000    -0.7298   2.821771    -0.7294   2.821548    6.65622    -0.0905    13.8155 0.0000e+00  -62.24700  -58.10600 1152356892 189.464054    34.4555 0.0000e+00
    448.000    -0.7266   2.822076    -0.7268   2.821862    6.63751    -0.0816    13.8155 0.0000e+00  -62.24700  -58.10600 1152356893 189.464065    34.4560 0.0000e+00
    449.000    -0.7117   2.823464    -0.7119   2.823217    6.61939    -0.0809    13.8155 0.0000e+00  -62.24700  -58.10600 1152356894 189.464078    34.4572 0.0000e+00
    450.000    -0.6931   2.825226    -0.6963   2.824665    6.60462    -0.0864    13.8155 0.0000e+00  -62.24700  -58.10600 1152356896 189.464094    34.4603 0.0000e+00
    451.000    -0.6611   2.828142    -0.6603   2.827887    6.57897    -0.0920    13.8155 0.0000e+00  -62.24700  -58.10600 1152356897 189.464112    34.4623 0.0000e+00
    452.000    -0.6293   2.831121    -0.6302   2.830741    6.56584    -0.0703    13.8155 0.0000e+00  -62.24700  -58.10600 1152356899 189.464125    34.4657 0.0000e+00
    453.000    -0.6156   2.832350    -0.6171   2.832011    6.55465    -0.0906    13.8155 0.0000e+00  -62.24700  -58.10600 1152356899 189.464136    34.4658 0.0000e+00
    454.000    -0.6180   2.832167    -0.6180   2.831955    6.53914    -0.0981    13.8155 0.0000e+00  -62.24700  -58.10600 1152356900 189.464147    34.4661 0.0000e+00
    455.000    -0.5873   2.835001    -0.5860   2.834883    6.51155    -0.0802    13.8155 0.0000e+00  -62.24700  -58.10600 1152356902 189.464164    34.4689 0.0000e+00
    456.000    -0.5861   2.835133    -0.5837   2.835160    6.48815    -0.0821    13.8155 0.0000e+00  -62.24700  -58.10600 1152356904 189.464187    34.4696 0.0000e+00
    457.000    -0.5771   2.835985    -0.5752   2.835973    6.48346    -0.0689    13.8155 0.0000e+00  -62.24700  -58.10600 1152356905 189.464201    34.4706 0.0000e+00
    458.000    -0.5628   2.837415    -0.5688   2.836576    6.46369    -0.0807    13.8155 0.0000e+00  -62.24700  -58.10600 1152356906 189.464212    34.4733 0.0000e+00
    459.000    -0.4993   2.843286    -0.5005   2.842772    6.43937    -0.0858    13.8155 0.0000e+00  -62.24700  -58.10600 1152356907 189.464223    34.4784 0.0000e+00
    460.000    -0.4630   2.846543    -0.4657   2.846034    6.42105    -0.0848    13.8155 0.0000e+00  -62.24700  -58.10600 1152356908 189.464237    34.4792 0.0000e+00
    461.000    -0.4446   2.848300    -0.4433   2.848158    6.38168    -0.0843    13.8155 0.0000e+00  -62.24700  -58.10600 1152356910 189.464254    34.4817 0.0000e+00
    462.000    -0.3727   2.855039    -0.3693   2.854888    6.34626    -0.0755    13.8155 0.0000e+00  -62.24700  -58.10600 1152356911 189.464269    34.4891 0.0000e+00
    463.000    -0.3419   2.857817    -0.3373   2.857923    6.32107    -0.0656    13.8155 0.0000e+00  -62.24700  -58.10600 1152356912 189.464282    34.4900 0.0000e+00
    464.000    -0.3200   2.859916    -0.3160   2.859897    6.28259    -0.0773    13.8155 0.0000e+00  -62.24700  -58.10600 1152356913 189.464295    34.4933 0.0000e+00
    465.000    -0.2306   2.868263    -0.2270   2.868022    6.24679    -0.0791    13.8155 0.0000e+00  -62.24700  -58.10600 1152356914 189.464310    34.5017 0.0000e+00
    466.000    -0.1664   2.874081    -0.1610   2.874197    6.18873    -0.0892    13.8155 0.0000e+00  -62.24700  -58.10600 1152356916 189.464330    34.5051 0.0000e+00
    467.000    -0.0915   2.881054    -0.0911   2.880685    6.13713    -0.0812    13.8155 0.0000e+00  -62.24700  -58.10600 1152356918 189.464349    34.5123 0.0000e+00
    468.000    -0.0785   2.882281    -0.0804   2.881742    6.11189    -0.0832    13.8155 0.0000e+00  -62.24700  -58.10600 1152356919 189.464362    34.5139 0.0000e+00
    469.000    -0.0709   2.882962    -0.0701   2.882760    6.08789    -0.0753    13.8155 0.0000e+00  -62.24700  -58.10600 1152356920 189.464373    34.5142 0.0000e+00
    470.000    -0.0156   2.888312    -0.0086   2.888311    6.06173    -0.0939    13.8155 0.0000e+00  -62.24700  -58.10600 1152356921 189.464383    34.5228 0.0000e+00
    471.000     0.0298   2.892407     0.0410   2.892981    6.03604    -0.0774    13.8155 0.0000e+00  -62.24700  -58.10600 1152356922 189.464394    34.5240 0.0000e+00
    472.000     0.0768   2.896777     0.0810   2.896796    6.00411    -0.0826    13.8155 0.0000e+00  -62.24700  -58.10600 1152356923 189.464409    34.5278 0.0000e+00
    473.000     0.0924   2.898229     0.0934   2.897998    5.96592    -0.0804    13.8155 0.0000e+00  -62.24700  -58.10600 1152356925 189.464433    34.5304 0.0000e+00
    474.000     0.0946   2.898448     0.0961   2.898299    5.95065    -0.0881    13.8155 0.0000e+00  -62.24700  -58.10600 1152356927 189.464450    34.5313 0.0000e+00
    475.000     0.0952   2.898553     0.0986   2.898571    5.94200    -0.0782    13.8155 0.0000e+00  -62.24700  -58.10600 1152356928 189.464462    34.5325 0.0000e+00
    476.000     0.1142   2.900401     0.1168   2.900272    5.93014    -0.0721    13.8155 0.0000e+00  -62.24700  -58.10600 1152356929 189.464473    34.5349 0.0000e+00
    477.000     0.1301   2.901903     0.1322   2.901768    5.92225    -0.0832    13.8155 0.0000e+00  -62.24700  -58.10600 1152356930 189.464486    34.5364 0.0000e+00
    478.000     0.1368   2.902582     0.1370   2.902295    5.91201    -0.0830    13.8155 0.0000e+00  -62.24700  -58.10600 1152356931 189.464501    34.5377 0.0000e+00
    479.000     0.1280   2.901883     0.1329   2.902053    5.90554    -0.0777    13.8155 0.0000e+00  -62.24700  -58.10600 1152356932 189.464516    34.5386 0.0000e+00
    480.000     0.1260   2.901746     0.1284   2.901707    5.90281    -0.0866    13.8155 0.0000e+00  -62.24700  -58.10600 1152356934 189.464530    34.5391 0.0000e+00
    481.000     0.1157   2.900867     0.1119   2.900287    5.90702    -0.0815    13.8155 0.0000e+00  -62.24700  -58.10600 1152356935 189.464547    34.5392 0.0000e+00
