product_data/regression_test/downloaded_data/MDGS/320620060703/ctd/adapted/heads_insert_p6606205.cnv
* Sea-Bird SBE 9 Data File:
* FileName = D:\Data\Raw\p6606205.dat
* Software Version Seasave Win32 V 5.32
* Temperature SN = 1649
* Conductivity SN = 1431
* Number of Bytes Per Scan = 37
* Number of Voltage Words = 5
* Number of Scans Averaged by the Deck Unit = 1
* NMEA Latitude = 61 05.73 S
* NMEA Longitude = 058 08.04 W
* NMEA UTC (Time) = 08:40:48
** Ship:   Nathaniel B. Palmer 
** Cruise:    NBP0606 
# nquan = 15
# nvalues = 142                         
# units = specified
# name 0 = prDM: Pressure, Digiquartz [db]
# name 1 = t090C: Temperature [ITS-90, deg C]
# name 2 = c0S/m: Conductivity [S/m]
# name 3 = t190C: Temperature, 2 [ITS-90, deg C]
# name 4 = c1S/m: Conductivity, 2 [S/m]
# name 5 = sbeox0ML/L: Oxygen, SBE 43 [ml/l]
# name 6 = flECO-AFL: Fluorescence, Wetlab ECO-AFL/FL [mg/m^3]
# name 7 = bat: Beam Attenuation, Chelsea/Seatech/Wetlab CStar [1/m]
# name 8 = spar: SPAR/Surface Irradiance
# name 9 = latitude: Latitude [deg]
# name 10 = longitude: Longitude [deg]
# name 11 = timeY: Time, System [seconds]
# name 12 = timeJ: Julian Days
# name 13 = sal00: Salinity [PSU]
# name 14 = flag: flag
# span 0 =     13.000,    154.000       
# span 1 =    -0.8217,     0.8784       
# span 2 =   2.756435,   2.938982       
# span 3 =    -0.8218,     0.8832       
# span 4 =   2.756714,   2.939270       
# span 5 =    5.53304,    8.03871       
# span 6 =    -0.0792,     0.0251       
# span 7 =    13.8155,    13.8155       
# span 8 = 0.0000e+00, 0.0000e+00       
# span 9 =  -61.09550,  -61.09550       
# span 10 =  -58.13400,  -58.13400      
# span 11 = 1152261707, 1152261951      
# span 12 = 188.362369, 188.365197      
# span 13 =    33.9176,    34.3815      
# span 14 = 0.0000e+00, 0.0000e+00      
# interval = decibars: 1                
# start_time = Jul 07 2006 08:40:56
# bad_flag = -9.990e-29
*END*
[from data line 97]
    109.000    -0.0056   2.845752    -0.0022   2.846093    7.08203    -0.0472    13.8155 0.0000e+00  -61.09550  -58.13400 1152261831 188.363809    34.1662 0.0000e+00
    110.000     0.0257   2.849138     0.0281   2.849307    7.05957    -0.0539    13.8155 0.0000e+00  -61.09550  -58.13400 1152261832 188.363821    34.1752 0.0000e+00
    111.000     0.0575   2.852561     0.0587   2.852613    7.04222    -0.0671    13.8155 0.0000e+00  -61.09550  -58.13400 1152261833 188.363831    34.1842 0.0000e+00
    112.000     0.0684   2.853682     0.0692   2.853663    7.01108    -0.0512    13.8155 0.0000e+00  -61.09550  -58.13400 1152261834 188.363840    34.1861 0.0000e+00
    113.000     0.0762   2.854582     0.0795   2.854813    6.98234    -0.0486    13.8155 0.0000e+00  -61.09550  -58.13400 1152261835 188.363851    34.1894 0.0000e+00
    114.000     0.1223   2.859554     0.1255   2.859734    6.94911    -0.0696    13.8155 0.0000e+00  -61.09550  -58.13400 1152261836 188.363863    34.2025 0.0000e+00
    115.000     0.1474   2.862280     0.1492   2.862358    6.90585    -0.0498    13.8155 0.0000e+00  -61.09550  -58.13400 1152261837 188.363877    34.2096 0.0000e+00
    116.000     0.2036   2.868485     0.2090   2.868909    6.85034    -0.0538    13.8155 0.0000e+00  -61.09550  -58.13400 1152261838 188.363891    34.2281 0.0000e+00
    117.000     0.2495   2.873393     0.2516   2.873474    6.79170    -0.0566    13.8155 0.0000e+00  -61.09550  -58.13400 1152261840 188.363906    34.2400 0.0000e+00
    118.000     0.2858   2.877223     0.2877   2.877256    6.73969    -0.0634    13.8155 0.0000e+00  -61.09550  -58.13400 1152261841 188.363920    34.2493 0.0000e+00
    119.000     0.2961   2.878390     0.2972   2.878348    6.69465    -0.0621    13.8155 0.0000e+00  -61.09550  -58.13400 1152261842 188.363932    34.2529 0.0000e+00
    120.000     0.3091   2.879907     0.3104   2.879864    6.65859    -0.0510    13.8155 0.0000e+00  -61.09550  -58.13400 1152261843 188.363943    34.2583 0.0000e+00
    121.000     0.3264   2.881650     0.3270   2.881557    6.62387    -0.0547    13.8155 0.0000e+00  -61.09550  -58.13400 1152261844 188.363952    34.2615 0.0000e+00
    122.000     0.3395   2.882924     0.3403   2.882874    6.59168    -0.0683    13.8155 0.0000e+00  -61.09550  -58.13400 1152261845 188.363962    34.2631 0.0000e+00
    123.000     0.3430   2.883392     0.3481   2.883734    6.54617    -0.0561    13.8155 0.0000e+00  -61.09550  -58.13400 1152261846 188.363980    34.2656 0.0000e+00
    124.000     0.4061   2.889524     0.4242   2.891089    6.41274    -0.0531    13.8155 0.0000e+00  -61.09550  -58.13400 1152261849 188.364011    34.2755 0.0000e+00
    125.000     0.4355   2.892414     0.4366   2.892336    6.34530    -0.0451    13.8155 0.0000e+00  -61.09550  -58.13400 1152261850 188.364023    34.2793 0.0000e+00
    126.000     0.4766   2.896969     0.4800   2.897024    6.28982    -0.0503    13.8155 0.0000e+00  -61.09550  -58.13400 1152261851 188.364033    34.2928 0.0000e+00
    127.000     0.5010   2.899431     0.5026   2.899393    6.22210    -0.0576    13.8155 0.0000e+00  -61.09550  -58.13400 1152261851 188.364041    34.2962 0.0000e+00
    128.000     0.5336   2.902930     0.5369   2.902966    6.15040    -0.0721    13.8155 0.0000e+00  -61.09550  -58.13400 1152261852 188.364049    34.3057 0.0000e+00
    129.000     0.6067   2.910296     0.6120   2.910361    6.06818    -0.0626    13.8155 0.0000e+00  -61.09550  -58.13400 1152261853 188.364058    34.3188 0.0000e+00
    130.000     0.7078   2.920241     0.7110   2.920098    5.97619    -0.0720    13.8155 0.0000e+00  -61.09550  -58.13400 1152261854 188.364067    34.3324 0.0000e+00
    131.000     0.7361   2.923029     0.7385   2.922927    5.89586    -0.0633    13.8155 0.0000e+00  -61.09550  -58.13400 1152261855 188.364078    34.3363 0.0000e+00
    132.000     0.7336   2.922785     0.7460   2.923756    5.79587    -0.0644    13.8155 0.0000e+00  -61.09550  -58.13400 1152261857 188.364108    34.3383 0.0000e+00
    133.000     0.7645   2.926032     0.7664   2.925924    5.72780    -0.0623    13.8155 0.0000e+00  -61.09550  -58.13400 1152261860 188.364136    34.3470 0.0000e+00
    134.000     0.7843   2.928157     0.7853   2.928038    5.70982    -0.0712    13.8155 0.0000e+00  -61.09550  -58.13400 1152261860 188.364145    34.3515 0.0000e+00
    135.000     0.7862   2.928430     0.7878   2.928354    5.69460    -0.0655    13.8155 0.0000e+00  -61.09550  -58.13400 1152261861 188.364154    34.3529 0.0000e+00
    136.000     0.7933   2.929193     0.7950   2.929165    5.68439    -0.0641    13.8155 0.0000e+00  -61.09550  -58.13400 1152261862 188.364161    34.3547 0.0000e+00
    137.000     0.8014   2.929990     0.8024   2.929918    5.67664    -0.0693    13.8155 0.0000e+00  -61.09550  -58.13400 1152261862 188.364168    34.3555 0.0000e+00
    138.000     0.8016   2.930027     0.8022   2.929891    5.66921    -0.0728    13.8155 0.0000e+00  -61.09550  -58.13400 1152261863 188.364175    34.3555 0.0000e+00
    139.000     0.7989   2.929810     0.8015   2.929854    5.66015    -0.0600    13.8155 0.0000e+00  -61.09550  -58.13400 1152261865 188.364199    34.3563 0.0000e+00
    140.000     0.7924   2.929252     0.7917   2.929001    5.66563    -0.0588    13.8155 0.0000e+00  -61.09550  -58.13400 1152261867 188.364222    34.3568 0.0000e+00
    141.000     0.7821   2.928304     0.7840   2.928350    5.67718    -0.0792    13.8155 0.0000e+00  -61.09550  -58.13400 1152261868 188.364234    34.3560 0.0000e+00
    142.000     0.7731   2.927603     0.7740   2.927542    5.68490    -0.0651    13.8155 0.0000e+00  -61.09550  -58.13400 1152261869 188.364246    34.3568 0.0000e+00
    143.000     0.7740   2.927767     0.7751   2.927710    5.69373    -0.0637    13.8155 0.0000e+00  -61.09550  -58.13400 1152261870 188.364261    34.3575 0.0000e+00
    144.000     0.7733   2.927735     0.7745   2.927695    5.69448    -0.0644    13.8155 0.0000e+00  -61.09550  -58.13400 1152261872 188.364280    34.3576 0.0000e+00
    145.000     0.7763   2.928104     0.7776   2.928057    5.69414    -0.0634    13.8155 0.0000e+00  -61.09550  -58.13400 1152261873 188.364294    34.3586 0.0000e+00
    146.000     0.7795   2.928477     0.7822   2.928575    5.67996    -0.0619    13.8155 0.0000e+00  -61.09550  -58.13400 1152261874 188.364307    34.3592 0.0000e+00
    147.000     0.8052   2.931240     0.8082   2.931215    5.66305    -0.0716    13.8155 0.0000e+00  -61.09550  -58.13400 1152261875 188.364319    34.3667 0.0000e+00
    148.000     0.8349   2.934197     0.8329   2.933795    5.65025    -0.0627    13.8155 0.0000e+00  -61.09550  -58.13400 1152261876 188.364331    34.3694 0.0000e+00
    149.000     0.8433   2.935080     0.8457   2.935114    5.63208    -0.0682    13.8155 0.0000e+00  -61.09550  -58.13400 1152261877 188.364342    34.3711 0.0000e+00
    150.000     0.8556   2.936348     0.8570   2.936275    5.61841    -0.0628    13.8155 0.0000e+00  -61.09550  -58.13400 1152261878 188.364354    34.3732 0.0000e+00
    151.000     0.8623   2.937069     0.8653   2.937119    5.59550    -0.0567    13.8155 0.0000e+00  -61.09550  -58.13400 1152261883 188.364407    34.3750 0.0000e+00
    152.000     0.8654   2.937437     0.8668   2.937374    5.57438    -0.0651    13.8155 0.0000e+00  -61.09550  -58.13400 1152261891 188.364497    34.3763 0.0000e+00
    153.000     0.8666   2.937703     0.8682   2.937690    5.54868    -0.0593    13.8155 0.0000e+00  -61.09550  -58.13400 1152261913 188.364757    34.3787 0.0000e+00
    154.000     0.8784   2.938982     0.8832   2.939270    5.53304    -0.0591    13.8155 0.0000e+00  -61.09550  -58.13400 1152261951 188.365197    34.3815 0.0000e+00
