product_data/regression_test/downloaded_data/MDGS/320620060703/ctd/adapted/heads_insert_p6608202.cnv
* Sea-Bird SBE 9 Data File:
* FileName = D:\Data\Raw\P6608202.dat
* Software Version Seasave Win32 V 5.32
* Temperature SN = 1649
* Conductivity SN = 1431
* Number of Bytes Per Scan = 37
* Number of Voltage Words = 5
* Number of Scans Averaged by the Deck Unit = 1
* NMEA Latitude = 61 50.03 S
* NMEA Longitude = 057 33.91 W
* NMEA UTC (Time) = 21:27:11
** Ship:   Nathaniel B. Palmer 
** Cruise:    NBP0603 p0606
** Cast #: 02
** Station:   81
** Operator: 
# nquan = 15
# nvalues = 189                         
# units = specified
# name 0 = prDM: Pressure, Digiquartz [db]
# name 1 = t090C: Temperature [ITS-90, deg C]
# name 2 = c0S/m: Conductivity [S/m]
# name 3 = t190C: Temperature, 2 [ITS-90, deg C]
# name 4 = c1S/m: Conductivity, 2 [S/m]
# name 5 = sbeox0ML/L: Oxygen, SBE 43 [ml/l]
# name 6 = flECO-AFL: Fluorescence, Wetlab ECO-AFL/FL [mg/m^3]
# name 7 = bat: Beam Attenuation, Chelsea/Seatech/Wetlab CStar [1/m]
# name 8 = spar: SPAR/Surface Irradiance
# name 9 = latitude: Latitude [deg]
# name 10 = longitude: Longitude [deg]
# name 11 = timeY: Time, System [seconds]
# name 12 = timeJ: Julian Days
# name 13 = sal00: Salinity [PSU]
# name 14 = flag: flag
# span 0 =      4.000,    192.000       
# span 1 =    -0.6956,    -0.0909       
# span 2 =   2.784640,   2.864179       
# span 3 =    -0.6961,    -0.0906       
# span 4 =   2.785213,   2.864343       
# span 5 =    6.21418,    7.71044       
# span 6 =     0.0944,     0.2431       
# span 7 =    13.8155,    13.8155       
# span 8 = 0.0000e+00, 0.0000e+00       
# span 9 =  -61.83383,  -61.83383       
# span 10 =  -57.56517,  -57.56517      
# span 11 = 1152480426, 1152481039      
# span 12 = 190.893786, 190.900929      
# span 13 =    34.1902,    34.4608      
# span 14 = 0.0000e+00, 0.0000e+00      
# interval = decibars: 1                
# start_time = Jul 09 2006 21:27:18
# bad_flag = -9.990e-29
*END*
[from data line 97]
    100.000    -0.4659   2.816598    -0.4642   2.816938    7.10607     0.1644    13.8155 0.0000e+00  -61.83383  -57.56517 1152480747 190.897545    34.3036 0.0000e+00
    101.000    -0.4481   2.818827    -0.4474   2.819036    7.06235     0.1798    13.8155 0.0000e+00  -61.83383  -57.56517 1152480749 190.897572    34.3126 0.0000e+00
    102.000    -0.4366   2.820237    -0.4354   2.820495    7.02160     0.1652    13.8155 0.0000e+00  -61.83383  -57.56517 1152480752 190.897607    34.3180 0.0000e+00
    103.000    -0.4305   2.820991    -0.4290   2.821315    6.98828     0.1631    13.8155 0.0000e+00  -61.83383  -57.56517 1152480755 190.897647    34.3210 0.0000e+00
    104.000    -0.4241   2.821791    -0.4229   2.822078    6.97003     0.1747    13.8155 0.0000e+00  -61.83383  -57.56517 1152480758 190.897674    34.3241 0.0000e+00
    105.000    -0.4215   2.822152    -0.4198   2.822491    6.95750     0.1678    13.8155 0.0000e+00  -61.83383  -57.56517 1152480761 190.897707    34.3255 0.0000e+00
    106.000    -0.4192   2.822458    -0.4182   2.822728    6.94417     0.1755    13.8155 0.0000e+00  -61.83383  -57.56517 1152480764 190.897749    34.3265 0.0000e+00
    107.000    -0.4150   2.822998    -0.4137   2.823305    6.93106     0.1647    13.8155 0.0000e+00  -61.83383  -57.56517 1152480767 190.897781    34.3286 0.0000e+00
    108.000    -0.4046   2.824269    -0.4036   2.824530    6.91221     0.1620    13.8155 0.0000e+00  -61.83383  -57.56517 1152480769 190.897810    34.3331 0.0000e+00
    109.000    -0.3899   2.826036    -0.3886   2.826312    6.89108     0.1684    13.8155 0.0000e+00  -61.83383  -57.56517 1152480772 190.897837    34.3393 0.0000e+00
    110.000    -0.3829   2.826924    -0.3802   2.827356    6.85492     0.1653    13.8155 0.0000e+00  -61.83383  -57.56517 1152480777 190.897894    34.3429 0.0000e+00
    111.000    -0.3656   2.829025    -0.3634   2.829364    6.81558     0.1648    13.8155 0.0000e+00  -61.83383  -57.56517 1152480779 190.897924    34.3508 0.0000e+00
    112.000    -0.3401   2.832098    -0.3378   2.832458    6.78402     0.1504    13.8155 0.0000e+00  -61.83383  -57.56517 1152480781 190.897941    34.3618 0.0000e+00
    113.000    -0.3235   2.834209    -0.3221   2.834450    6.75654     0.1616    13.8155 0.0000e+00  -61.83383  -57.56517 1152480783 190.897962    34.3704 0.0000e+00
    114.000    -0.3246   2.834073    -0.3234   2.834310    6.73315     0.1680    13.8155 0.0000e+00  -61.83383  -57.56517 1152480790 190.898042    34.3700 0.0000e+00
    115.000    -0.3221   2.834411    -0.3208   2.834687    6.72054     0.1561    13.8155 0.0000e+00  -61.83383  -57.56517 1152480791 190.898055    34.3710 0.0000e+00
    116.000    -0.3231   2.834334    -0.3221   2.834572    6.71169     0.1605    13.8155 0.0000e+00  -61.83383  -57.56517 1152480793 190.898077    34.3707 0.0000e+00
    117.000    -0.3233   2.834347    -0.3222   2.834624    6.70403     0.1582    13.8155 0.0000e+00  -61.83383  -57.56517 1152480797 190.898126    34.3709 0.0000e+00
    118.000    -0.3253   2.834142    -0.3242   2.834426    6.70167     0.1658    13.8155 0.0000e+00  -61.83383  -57.56517 1152480801 190.898175    34.3700 0.0000e+00
    119.000    -0.3279   2.833870    -0.3277   2.834037    6.70195     0.1466    13.8155 0.0000e+00  -61.83383  -57.56517 1152480802 190.898189    34.3687 0.0000e+00
    120.000    -0.3273   2.834030    -0.3257   2.834347    6.70232     0.1664    13.8155 0.0000e+00  -61.83383  -57.56517 1152480806 190.898229    34.3697 0.0000e+00
    121.000    -0.3256   2.834351    -0.3245   2.834616    6.70244     0.1563    13.8155 0.0000e+00  -61.83383  -57.56517 1152480809 190.898267    34.3713 0.0000e+00
    122.000    -0.3258   2.834363    -0.3238   2.834723    6.70026     0.1599    13.8155 0.0000e+00  -61.83383  -57.56517 1152480813 190.898312    34.3712 0.0000e+00
    123.000    -0.3221   2.834875    -0.3211   2.835121    6.70089     0.1588    13.8155 0.0000e+00  -61.83383  -57.56517 1152480814 190.898327    34.3731 0.0000e+00
    124.000    -0.3243   2.834630    -0.3230   2.834917    6.70148     0.1558    13.8155 0.0000e+00  -61.83383  -57.56517 1152480818 190.898368    34.3718 0.0000e+00
    125.000    -0.3225   2.834896    -0.3218   2.835125    6.69731     0.1622    13.8155 0.0000e+00  -61.83383  -57.56517 1152480822 190.898419    34.3727 0.0000e+00
    126.000    -0.3223   2.834967    -0.3215   2.835225    6.69486     0.1525    13.8155 0.0000e+00  -61.83383  -57.56517 1152480824 190.898440    34.3728 0.0000e+00
    127.000    -0.3229   2.834947    -0.3217   2.835220    6.69846     0.1536    13.8155 0.0000e+00  -61.83383  -57.56517 1152480827 190.898475    34.3727 0.0000e+00
    128.000    -0.3207   2.835268    -0.3196   2.835550    6.69511     0.1586    13.8155 0.0000e+00  -61.83383  -57.56517 1152480831 190.898517    34.3738 0.0000e+00
    129.000    -0.3225   2.835104    -0.3215   2.835374    6.69302     0.1532    13.8155 0.0000e+00  -61.83383  -57.56517 1152480834 190.898552    34.3731 0.0000e+00
    130.000    -0.3233   2.835026    -0.3229   2.835230    6.69383     0.1531    13.8155 0.0000e+00  -61.83383  -57.56517 1152480837 190.898595    34.3724 0.0000e+00
    131.000    -0.3253   2.834811    -0.3248   2.835036    6.69641     0.1440    13.8155 0.0000e+00  -61.83383  -57.56517 1152480839 190.898614    34.3712 0.0000e+00
    132.000    -0.3237   2.835088    -0.3210   2.835563    6.69240     0.1522    13.8155 0.0000e+00  -61.83383  -57.56517 1152480841 190.898636    34.3725 0.0000e+00
    133.000    -0.3172   2.835981    -0.3167   2.836160    6.68802     0.1442    13.8155 0.0000e+00  -61.83383  -57.56517 1152480847 190.898709    34.3761 0.0000e+00
    134.000    -0.3159   2.836172    -0.3157   2.836334    6.68021     0.1197    13.8155 0.0000e+00  -61.83383  -57.56517 1152480848 190.898720    34.3767 0.0000e+00
    135.000    -0.3077   2.837216    -0.3066   2.837461    6.67122     0.1237    13.8155 0.0000e+00  -61.83383  -57.56517 1152480850 190.898740    34.3806 0.0000e+00
    136.000    -0.3046   2.837628    -0.3036   2.837859    6.65679     0.1252    13.8155 0.0000e+00  -61.83383  -57.56517 1152480856 190.898808    34.3821 0.0000e+00
    137.000    -0.3013   2.838046    -0.3009   2.838225    6.65155     0.1198    13.8155 0.0000e+00  -61.83383  -57.56517 1152480857 190.898820    34.3832 0.0000e+00
    138.000    -0.3022   2.838002    -0.3018   2.838179    6.64419     0.1076    13.8155 0.0000e+00  -61.83383  -57.56517 1152480861 190.898865    34.3833 0.0000e+00
    139.000    -0.3026   2.837985    -0.3032   2.838058    6.64407     0.1202    13.8155 0.0000e+00  -61.83383  -57.56517 1152480864 190.898899    34.3828 0.0000e+00
    140.000    -0.3048   2.837770    -0.3039   2.838018    6.64455     0.1141    13.8155 0.0000e+00  -61.83383  -57.56517 1152480866 190.898932    34.3820 0.0000e+00
    141.000    -0.2999   2.838404    -0.2989   2.838651    6.63984     0.1121    13.8155 0.0000e+00  -61.83383  -57.56517 1152480870 190.898968    34.3843 0.0000e+00
    142.000    -0.2933   2.839211    -0.2929   2.839402    6.62328     0.1113    13.8155 0.0000e+00  -61.83383  -57.56517 1152480873 190.899012    34.3869 0.0000e+00
    143.000    -0.2886   2.839794    -0.2883   2.839955    6.61690     0.1063    13.8155 0.0000e+00  -61.83383  -57.56517 1152480876 190.899042    34.3886 0.0000e+00
    144.000    -0.2861   2.840126    -0.2840   2.840495    6.61289     0.1128    13.8155 0.0000e+00  -61.83383  -57.56517 1152480877 190.899059    34.3896 0.0000e+00
    145.000    -0.2845   2.840361    -0.2831   2.840667    6.60289     0.1066    13.8155 0.0000e+00  -61.83383  -57.56517 1152480881 190.899104    34.3905 0.0000e+00
    146.000    -0.2783   2.841102    -0.2778   2.841303    6.59590     0.1016    13.8155 0.0000e+00  -61.83383  -57.56517 1152480885 190.899152    34.3927 0.0000e+00
    147.000    -0.2769   2.841317    -0.2754   2.841605    6.58960     0.1135    13.8155 0.0000e+00  -61.83383  -57.56517 1152480886 190.899163    34.3935 0.0000e+00
    148.000    -0.2674   2.842372    -0.2672   2.842546    6.58206     0.1073    13.8155 0.0000e+00  -61.83383  -57.56517 1152480889 190.899195    34.3959 0.0000e+00
    149.000    -0.2583   2.843473    -0.2542   2.844026    6.55395     0.0944    13.8155 0.0000e+00  -61.83383  -57.56517 1152480895 190.899259    34.3998 0.0000e+00
    150.000    -0.2330   2.846429    -0.2325   2.846489    6.53514     0.1057    13.8155 0.0000e+00  -61.83383  -57.56517 1152480896 190.899273    34.4091 0.0000e+00
    151.000    -0.2318   2.846607    -0.2308   2.846832    6.51230     0.1124    13.8155 0.0000e+00  -61.83383  -57.56517 1152480898 190.899303    34.4099 0.0000e+00
    152.000    -0.2257   2.847341    -0.2237   2.847687    6.48863     0.1032    13.8155 0.0000e+00  -61.83383  -57.56517 1152480904 190.899367    34.4127 0.0000e+00
    153.000    -0.2212   2.847893    -0.2194   2.848220    6.48106     0.0995    13.8155 0.0000e+00  -61.83383  -57.56517 1152480907 190.899400    34.4143 0.0000e+00
    154.000    -0.2208   2.847966    -0.2199   2.848218    6.47768     0.0990    13.8155 0.0000e+00  -61.83383  -57.56517 1152480908 190.899415    34.4144 0.0000e+00
    155.000    -0.2183   2.848308    -0.2176   2.848525    6.47308     0.1066    13.8155 0.0000e+00  -61.83383  -57.56517 1152480910 190.899432    34.4155 0.0000e+00
    156.000    -0.2146   2.848774    -0.2127   2.849124    6.46353     0.1190    13.8155 0.0000e+00  -61.83383  -57.56517 1152480916 190.899506    34.4171 0.0000e+00
    157.000    -0.2121   2.849107    -0.2113   2.849318    6.45801     0.1334    13.8155 0.0000e+00  -61.83383  -57.56517 1152480918 190.899534    34.4180 0.0000e+00
    158.000    -0.2085   2.849574    -0.2070   2.849867    6.45199     0.1407    13.8155 0.0000e+00  -61.83383  -57.56517 1152480920 190.899550    34.4196 0.0000e+00
    159.000    -0.2078   2.849690    -0.2074   2.849877    6.44638     0.1409    13.8155 0.0000e+00  -61.83383  -57.56517 1152480923 190.899582    34.4198 0.0000e+00
    160.000    -0.2033   2.850273    -0.2014   2.850589    6.43193     0.1561    13.8155 0.0000e+00  -61.83383  -57.56517 1152480928 190.899640    34.4219 0.0000e+00
    161.000    -0.1970   2.851022    -0.1965   2.851200    6.42281     0.1635    13.8155 0.0000e+00  -61.83383  -57.56517 1152480930 190.899668    34.4241 0.0000e+00
    162.000    -0.1931   2.851528    -0.1924   2.851727    6.41843     0.1678    13.8155 0.0000e+00  -61.83383  -57.56517 1152480931 190.899684    34.4257 0.0000e+00
    163.000    -0.1911   2.851812    -0.1891   2.852154    6.40698     0.1572    13.8155 0.0000e+00  -61.83383  -57.56517 1152480936 190.899734    34.4268 0.0000e+00
    164.000    -0.1786   2.853294    -0.1768   2.853576    6.38820     0.1410    13.8155 0.0000e+00  -61.83383  -57.56517 1152480939 190.899772    34.4317 0.0000e+00
    165.000    -0.1671   2.854643    -0.1663   2.854843    6.37667     0.1302    13.8155 0.0000e+00  -61.83383  -57.56517 1152480940 190.899788    34.4357 0.0000e+00
    166.000    -0.1667   2.854732    -0.1658   2.854952    6.36460     0.1373    13.8155 0.0000e+00  -61.83383  -57.56517 1152480943 190.899820    34.4361 0.0000e+00
    167.000    -0.1668   2.854764    -0.1659   2.854984    6.35350     0.1320    13.8155 0.0000e+00  -61.83383  -57.56517 1152480948 190.899877    34.4362 0.0000e+00
    168.000    -0.1648   2.855033    -0.1639   2.855256    6.35269     0.1279    13.8155 0.0000e+00  -61.83383  -57.56517 1152480950 190.899897    34.4370 0.0000e+00
    169.000    -0.1645   2.855103    -0.1636   2.855331    6.35110     0.1448    13.8155 0.0000e+00  -61.83383  -57.56517 1152480952 190.899918    34.4370 0.0000e+00
    170.000    -0.1642   2.855183    -0.1633   2.855421    6.35067     0.1431    13.8155 0.0000e+00  -61.83383  -57.56517 1152480956 190.899969    34.4373 0.0000e+00
    171.000    -0.1632   2.855342    -0.1622   2.855581    6.34500     0.1256    13.8155 0.0000e+00  -61.83383  -57.56517 1152480959 190.900008    34.4377 0.0000e+00
    172.000    -0.1586   2.855907    -0.1570   2.856197    6.34111     0.1368    13.8155 0.0000e+00  -61.83383  -57.56517 1152480961 190.900028    34.4392 0.0000e+00
    173.000    -0.1553   2.856307    -0.1543   2.856541    6.33480     0.1571    13.8155 0.0000e+00  -61.83383  -57.56517 1152480964 190.900061    34.4402 0.0000e+00
    174.000    -0.1534   2.856555    -0.1521   2.856839    6.32843     0.1435    13.8155 0.0000e+00  -61.83383  -57.56517 1152480967 190.900101    34.4409 0.0000e+00
    175.000    -0.1526   2.856706    -0.1506   2.857035    6.32371     0.1271    13.8155 0.0000e+00  -61.83383  -57.56517 1152480972 190.900149    34.4414 0.0000e+00
    176.000    -0.1466   2.857399    -0.1460   2.857609    6.32163     0.1345    13.8155 0.0000e+00  -61.83383  -57.56517 1152480973 190.900164    34.4432 0.0000e+00
    177.000    -0.1446   2.857659    -0.1430   2.857963    6.31676     0.1431    13.8155 0.0000e+00  -61.83383  -57.56517 1152480974 190.900183    34.4438 0.0000e+00
    178.000    -0.1458   2.857578    -0.1451   2.857779    6.31425     0.1365    13.8155 0.0000e+00  -61.83383  -57.56517 1152480981 190.900262    34.4436 0.0000e+00
    179.000    -0.1430   2.857950    -0.1427   2.858098    6.31079     0.1502    13.8155 0.0000e+00  -61.83383  -57.56517 1152480982 190.900271    34.4447 0.0000e+00
    180.000    -0.1379   2.858535    -0.1361   2.858805    6.30771     0.1647    13.8155 0.0000e+00  -61.83383  -57.56517 1152480983 190.900282    34.4461 0.0000e+00
    181.000    -0.1370   2.858660    -0.1358   2.858929    6.30456     0.2090    13.8155 0.0000e+00  -61.83383  -57.56517 1152480985 190.900311    34.4460 0.0000e+00
    182.000    -0.1352   2.858936    -0.1335   2.859229    6.29858     0.2320    13.8155 0.0000e+00  -61.83383  -57.56517 1152480991 190.900382    34.4472 0.0000e+00
    183.000    -0.1248   2.860126    -0.1213   2.860584    6.29083     0.2165    13.8155 0.0000e+00  -61.83383  -57.56517 1152480992 190.900392    34.4506 0.0000e+00
    184.000    -0.1172   2.860987    -0.1142   2.861407    6.27763     0.2070    13.8155 0.0000e+00  -61.83383  -57.56517 1152480995 190.900424    34.4525 0.0000e+00
    185.000    -0.1059   2.862260    -0.1049   2.862481    6.25400     0.2365    13.8155 0.0000e+00  -61.83383  -57.56517 1152481000 190.900485    34.4560 0.0000e+00
    186.000    -0.1053   2.862351    -0.1046   2.862559    6.24646     0.2280    13.8155 0.0000e+00  -61.83383  -57.56517 1152481004 190.900527    34.4562 0.0000e+00
    187.000    -0.1042   2.862520    -0.1028   2.862796    6.24193     0.2431    13.8155 0.0000e+00  -61.83383  -57.56517 1152481006 190.900549    34.4567 0.0000e+00
    188.000    -0.0995   2.863089    -0.0989   2.863269    6.23363     0.2383    13.8155 0.0000e+00  -61.83383  -57.56517 1152481009 190.900585    34.4582 0.0000e+00
    189.000    -0.0982   2.863282    -0.0966   2.863561    6.22904     0.1915    13.8155 0.0000e+00  -61.83383  -57.56517 1152481016 190.900669    34.4589 0.0000e+00
    190.000    -0.0989   2.863242    -0.0976   2.863516    6.22708     0.1752    13.8155 0.0000e+00  -61.83383  -57.56517 1152481018 190.900685    34.4587 0.0000e+00
    191.000    -0.0964   2.863557    -0.0950   2.863835    6.22347     0.1677    13.8155 0.0000e+00  -61.83383  -57.56517 1152481019 190.900704    34.4594 0.0000e+00
    192.000    -0.0909   2.864179    -0.0906   2.864343    6.21418     0.1189    13.8155 0.0000e+00  -61.83383  -57.56517 1152481039 190.900929    34.4608 0.0000e+00
