product_data/regression_test/downloaded_data/MDGS/320620060703/ctd/adapted/heads_insert_p6614601.cnv
* Sea-Bird SBE 9 Data File:
* FileName = D:\Data\Raw\p6614601.dat
* Software Version Seasave Win32 V 5.32
* Temperature SN = 1649
* Conductivity SN = 1431
* Number of Bytes Per Scan = 37
* Number of Voltage Words = 5
* Number of Scans Averaged by the Deck Unit = 1
* NMEA Latitude = 60 16.55 S
* NMEA Longitude = 057 27.03 W
* NMEA UTC (Time) = 17:19:00
** Ship:   Nathaniel B. Palmer 
** Cruise:    NBP0606 
# nquan = 15
# nvalues = 990                         
# units = specified
# name 0 = prDM: Pressure, Digiquartz [db]
# name 1 = t090C: Temperature [ITS-90, deg C]
# name 2 = c0S/m: Conductivity [S/m]
# name 3 = t190C: Temperature, 2 [ITS-90, deg C]
# name 4 = c1S/m: Conductivity, 2 [S/m]
# name 5 = sbeox0ML/L: Oxygen, SBE 43 [ml/l]
# name 6 = flECO-AFL: Fluorescence, Wetlab ECO-AFL/FL [mg/m^3]
# name 7 = bat: Beam Attenuation, Chelsea/Seatech/Wetlab CStar [1/m]
# name 8 = spar: SPAR/Surface Irradiance
# name 9 = latitude: Latitude [deg]
# name 10 = longitude: Longitude [deg]
# name 11 = timeY: Time, System [seconds]
# name 12 = timeJ: Julian Days
# name 13 = sal00: Salinity [PSU]
# name 14 = flag: flag
# span 0 =     13.000,   1002.000       
# span 1 =    -0.7139,     2.1226       
# span 2 =   2.759379,   3.085895       
# span 3 =    -0.7141,     2.1230       
# span 4 =   2.760077,   3.068838       
# span 5 =    4.32519,    8.00897       
# span 6 =    -0.0934,     0.1964       
# span 7 =    13.8155,    13.8155       
# span 8 = 5.3658e+01, 9.3179e+01       
# span 9 =  -60.27583,  -60.27583       
# span 10 =  -57.45050,  -57.45050      
# span 11 = 1153156743, 1153158224      
# span 12 = 198.721578, 198.738724      
# span 13 =    33.8646,    34.7199      
# span 14 = 0.0000e+00, 0.0000e+00      
# interval = decibars: 1                
# start_time = Jul 17 2006 17:19:09
# bad_flag = -9.990e-29
*END*
[from data line 290]
    302.000     2.0892   3.060769     2.0900   3.044602    4.43944    -0.0564    13.8155 6.8346e+01  -60.27583  -57.45050 1153157326 198.728331    34.5167 0.0000e+00
    303.000     2.0891   3.060753     2.0900   3.044544    4.43785    -0.0671    13.8155 -9.990e-29  -60.27583  -57.45050 1153157328 198.728364    34.5161 0.0000e+00
    304.000     2.0895   3.060923     2.0903   3.044748    4.43845    -0.0436    13.8155 -9.990e-29  -60.27583  -57.45050 1153157330 198.728377    34.5173 0.0000e+00
    305.000     2.0898   3.061022     2.0906   3.044809    4.43576    -0.0500    13.8155 -9.990e-29  -60.27583  -57.45050 1153157331 198.728388    34.5176 0.0000e+00
    306.000     2.0901   3.061114     2.0908   3.044876    4.43592    -0.0573    13.8155 -9.990e-29  -60.27583  -57.45050 1153157331 198.728399    34.5179 0.0000e+00
    307.000     2.0903   3.061208     2.0911   3.044987    4.43597    -0.0622    13.8155 -9.990e-29  -60.27583  -57.45050 1153157332 198.728409    34.5182 0.0000e+00
    308.000     2.0904   3.061263     2.0911   3.045018    4.43713    -0.0524    13.8155 -9.990e-29  -60.27583  -57.45050 1153157334 198.728424    34.5183 0.0000e+00
    309.000     2.0905   3.061315     2.0912   3.045094    4.43694    -0.0593    13.8155 -9.990e-29  -60.27583  -57.45050 1153157335 198.728440    34.5182 0.0000e+00
    310.000     2.0906   3.061389     2.0913   3.045146    4.43710    -0.0617    13.8155 -9.990e-29  -60.27583  -57.45050 1153157336 198.728454    34.5185 0.0000e+00
    311.000     2.0908   3.061465     2.0914   3.045203    4.43704    -0.0611    13.8155 -9.990e-29  -60.27583  -57.45050 1153157337 198.728464    34.5187 0.0000e+00
    312.000     2.0910   3.061527     2.0917   3.045290    4.43705    -0.0697    13.8155 -9.990e-29  -60.27583  -57.45050 1153157338 198.728474    34.5186 0.0000e+00
    313.000     2.0909   3.061569     2.0917   3.045343    4.43374    -0.0566    13.8155 -9.990e-29  -60.27583  -57.45050 1153157339 198.728486    34.5188 0.0000e+00
    314.000     2.0908   3.061602     2.0916   3.045337    4.43516    -0.0687    13.8155 6.7942e+01  -60.27583  -57.45050 1153157343 198.728530    34.5188 0.0000e+00
    315.000     2.0911   3.061694     2.0918   3.045378    4.43757    -0.0616    13.8155 6.7098e+01  -60.27583  -57.45050 1153157344 198.728549    34.5190 0.0000e+00
    316.000     2.0915   3.061825     2.0922   3.045477    4.43525    -0.0654    13.8155 6.7538e+01  -60.27583  -57.45050 1153157345 198.728557    34.5196 0.0000e+00
    317.000     2.0920   3.061938     2.0925   3.045571    4.43188    -0.0764    13.8155 6.8080e+01  -60.27583  -57.45050 1153157346 198.728564    34.5200 0.0000e+00
    318.000     2.0925   3.062091     2.0930   3.045727    4.43089    -0.0625    13.8155 6.8134e+01  -60.27583  -57.45050 1153157346 198.728571    34.5207 0.0000e+00
    319.000     2.0930   3.062212     2.0934   3.045869    4.42965    -0.0741    13.8155 6.7788e+01  -60.27583  -57.45050 1153157347 198.728578    34.5211 0.0000e+00
    320.000     2.0933   3.062262     2.0931   3.045965    4.43019    -0.0511    13.8155 6.8679e+01  -60.27583  -57.45050 1153157348 198.728584    34.5208 0.0000e+00
    321.000     2.0931   3.062296     2.0933   3.046017    4.43182    -0.0557    13.8155 6.9217e+01  -60.27583  -57.45050 1153157349 198.728604    34.5209 0.0000e+00
    322.000     2.0930   3.062321     2.0934   3.045937    4.43518    -0.0612    13.8155 -9.990e-29  -60.27583  -57.45050 1153157353 198.728650    34.5208 0.0000e+00
    323.000     2.0936   3.062489     2.0942   3.046118    4.43418    -0.0556    13.8155 -9.990e-29  -60.27583  -57.45050 1153157354 198.728657    34.5217 0.0000e+00
    324.000     2.0942   3.062672     2.0948   3.046300    4.43181    -0.0523    13.8155 -9.990e-29  -60.27583  -57.45050 1153157354 198.728665    34.5228 0.0000e+00
    325.000     2.0944   3.062825     2.0950   3.046449    4.42919    -0.0602    13.8155 -9.990e-29  -60.27583  -57.45050 1153157355 198.728672    34.5239 0.0000e+00
    326.000     2.0948   3.063015     2.0954   3.046705    4.42516    -0.0573    13.8155 -9.990e-29  -60.27583  -57.45050 1153157356 198.728683    34.5253 0.0000e+00
    327.000     2.0949   3.063115     2.0956   3.046830    4.42330    -0.0637    13.8155 -9.990e-29  -60.27583  -57.45050 1153157358 198.728705    34.5258 0.0000e+00
    328.000     2.0949   3.063117     2.0959   3.046932    4.42467    -0.0648    13.8155 6.8129e+01  -60.27583  -57.45050 1153157360 198.728729    34.5253 0.0000e+00
    329.000     2.0962   3.063494     2.0970   3.047214    4.42184    -0.0566    13.8155 6.8627e+01  -60.27583  -57.45050 1153157361 198.728745    34.5280 0.0000e+00
    330.000     2.0970   3.063665     2.0975   3.047313    4.41987    -0.0524    13.8155 6.9435e+01  -60.27583  -57.45050 1153157362 198.728757    34.5287 0.0000e+00
    331.000     2.0973   3.063785     2.0980   3.047422    4.41724    -0.0514    13.8155 6.7371e+01  -60.27583  -57.45050 1153157363 198.728767    34.5292 0.0000e+00
    332.000     2.0976   3.063844     2.0983   3.047493    4.41540    -0.0521    13.8155 6.9644e+01  -60.27583  -57.45050 1153157364 198.728776    34.5292 0.0000e+00
    333.000     2.0978   3.063916     2.0985   3.047566    4.41679    -0.0431    13.8155 6.8539e+01  -60.27583  -57.45050 1153157365 198.728784    34.5293 0.0000e+00
    334.000     2.0978   3.063968     2.0985   3.047657    4.41775    -0.0651    13.8155 6.9558e+01  -60.27583  -57.45050 1153157366 198.728796    34.5294 0.0000e+00
    335.000     2.0976   3.063986     2.0984   3.047656    4.41487    -0.0553    13.8155 7.0000e+01  -60.27583  -57.45050 1153157368 198.728823    34.5293 0.0000e+00
    336.000     2.0979   3.064045     2.0986   3.047738    4.41120    -0.0512    13.8155 6.9923e+01  -60.27583  -57.45050 1153157370 198.728844    34.5292 0.0000e+00
    337.000     2.0979   3.064129     2.0987   3.047788    4.40937    -0.0665    13.8155 7.0227e+01  -60.27583  -57.45050 1153157371 198.728856    34.5296 0.0000e+00
    338.000     2.0983   3.064222     2.0989   3.047858    4.40787    -0.0602    13.8155 7.1152e+01  -60.27583  -57.45050 1153157372 198.728866    34.5298 0.0000e+00
    339.000     2.0988   3.064367     2.0993   3.048021    4.40733    -0.0546    13.8155 6.9997e+01  -60.27583  -57.45050 1153157373 198.728878    34.5305 0.0000e+00
    340.000     2.0993   3.064527     2.1000   3.048175    4.40780    -0.0574    13.8155 7.0260e+01  -60.27583  -57.45050 1153157374 198.728892    34.5314 0.0000e+00
    341.000     2.0994   3.064584     2.1001   3.048230    4.40841    -0.0533    13.8155 7.1189e+01  -60.27583  -57.45050 1153157375 198.728908    34.5314 0.0000e+00
    342.000     2.0999   3.064709     2.1006   3.048361    4.40864    -0.0623    13.8155 7.0067e+01  -60.27583  -57.45050 1153157377 198.728926    34.5318 0.0000e+00
    343.000     2.1006   3.064889     2.1014   3.048537    4.40668    -0.0641    13.8155 7.0262e+01  -60.27583  -57.45050 1153157378 198.728942    34.5328 0.0000e+00
    344.000     2.1015   3.065076     2.1019   3.048680    4.40643    -0.0635    13.8155 7.0592e+01  -60.27583  -57.45050 1153157380 198.728956    34.5336 0.0000e+00
    345.000     2.1016   3.065166     2.1023   3.048800    4.40426    -0.0467    13.8155 7.0107e+01  -60.27583  -57.45050 1153157381 198.728968    34.5340 0.0000e+00
    346.000     2.1034   3.065545     2.1043   3.049194    4.40190    -0.0630    13.8155 7.0133e+01  -60.27583  -57.45050 1153157382 198.728980    34.5362 0.0000e+00
    347.000     2.1042   3.065700     2.1047   3.049304    4.40139    -0.0613    13.8155 7.0133e+01  -60.27583  -57.45050 1153157383 198.728991    34.5366 0.0000e+00
    348.000     2.1039   3.065688     2.1046   3.049315    4.40087    -0.0658    13.8155 7.0133e+01  -60.27583  -57.45050 1153157384 198.729005    34.5363 0.0000e+00
    349.000     2.1055   3.066034     2.1061   3.049623    4.39530    -0.0633    13.8155 7.0722e+01  -60.27583  -57.45050 1153157386 198.729025    34.5383 0.0000e+00
    350.000     2.1095   3.066824     2.1101   3.050442    4.39059    -0.0535    13.8155 7.1615e+01  -60.27583  -57.45050 1153157387 198.729045    34.5432 0.0000e+00
    351.000     2.1099   3.067035     2.1105   3.050620    4.39035    -0.0482    13.8155 7.2090e+01  -60.27583  -57.45050 1153157389 198.729060    34.5449 0.0000e+00
    352.000     2.1109   3.067263     2.1116   3.050841    4.38743    -0.0521    13.8155 -9.990e-29  -60.27583  -57.45050 1153157390 198.729071    34.5460 0.0000e+00
    353.000     2.1118   3.067436     2.1123   3.050998    4.38620    -0.0485    13.8155 -9.990e-29  -60.27583  -57.45050 1153157391 198.729082    34.5467 0.0000e+00
    354.000     2.1121   3.067527     2.1127   3.051124    4.38409    -0.0391    13.8155 -9.990e-29  -60.27583  -57.45050 1153157392 198.729094    34.5469 0.0000e+00
    355.000     2.1124   3.067600     2.1131   3.051213    4.38175    -0.0591    13.8155 -9.990e-29  -60.27583  -57.45050 1153157393 198.729108    34.5469 0.0000e+00
    356.000     2.1142   3.067891     2.1149   3.051505    4.37909    -0.0566    13.8155 -9.990e-29  -60.27583  -57.45050 1153157394 198.729128    34.5480 0.0000e+00
    357.000     2.1149   3.068079     2.1155   3.051674    4.37759    -0.0663    13.8155 -9.990e-29  -60.27583  -57.45050 1153157396 198.729147    34.5490 0.0000e+00
    358.000     2.1156   3.068308     2.1162   3.051846    4.37602    -0.0625    13.8155 7.2081e+01  -60.27583  -57.45050 1153157397 198.729160    34.5507 0.0000e+00
    359.000     2.1156   3.068440     2.1163   3.051985    4.37564    -0.0548    13.8155 7.2081e+01  -60.27583  -57.45050 1153157398 198.729170    34.5517 0.0000e+00
    360.000     2.1155   3.068513     2.1159   3.052084    4.37340    -0.0598    13.8155 7.2081e+01  -60.27583  -57.45050 1153157399 198.729180    34.5522 0.0000e+00
    361.000     2.1148   3.068606     2.1152   3.052213    4.37293    -0.0553    13.8155 7.2081e+01  -60.27583  -57.45050 1153157400 198.729194    34.5537 0.0000e+00
    362.000     2.1135   3.068672     2.1140   3.052249    4.37096    -0.0763    13.8155 -9.990e-29  -60.27583  -57.45050 1153157402 198.729216    34.5553 0.0000e+00
    363.000     2.1101   3.068571     2.1105   3.052128    4.36936    -0.0658    13.8155 -9.990e-29  -60.27583  -57.45050 1153157403 198.729231    34.5573 0.0000e+00
    364.000     2.1075   3.068433     2.1080   3.052004    4.36850    -0.0577    13.8155 -9.990e-29  -60.27583  -57.45050 1153157404 198.729243    34.5578 0.0000e+00
    365.000     2.1067   3.068418     2.1073   3.052009    4.36819    -0.0615    13.8155 7.2700e+01  -60.27583  -57.45050 1153157406 198.729260    34.5580 0.0000e+00
    366.000     2.1070   3.068541     2.1074   3.052090    4.37022    -0.0572    13.8155 7.2309e+01  -60.27583  -57.45050 1153157408 198.729283    34.5586 0.0000e+00
    367.000     2.1065   3.068697     2.1070   3.052229    4.36873    -0.0578    13.8155 7.2291e+01  -60.27583  -57.45050 1153157409 198.729297    34.5606 0.0000e+00
    368.000     2.1055   3.068817     2.1060   3.052338    4.36870    -0.0660    13.8155 -9.990e-29  -60.27583  -57.45050 1153157410 198.729307    34.5626 0.0000e+00
    369.000     2.1052   3.068905     2.1057   3.052408    4.36699    -0.0448    13.8155 -9.990e-29  -60.27583  -57.45050 1153157411 198.729315    34.5634 0.0000e+00
    370.000     2.1048   3.068972     2.1053   3.052501    4.36544    -0.0715    13.8155 -9.990e-29  -60.27583  -57.45050 1153157411 198.729324    34.5641 0.0000e+00
    371.000     2.1046   3.069035     2.1051   3.052587    4.36555    -0.0678    13.8155 -9.990e-29  -60.27583  -57.45050 1153157412 198.729334    34.5646 0.0000e+00
    372.000     2.1046   3.069081     2.1051   3.052654    4.36239    -0.0546    13.8155 7.3890e+01  -60.27583  -57.45050 1153157414 198.729355    34.5645 0.0000e+00
    373.000     2.1047   3.069141     2.1050   3.052686    4.36084    -0.0455    13.8155 7.3481e+01  -60.27583  -57.45050 1153157416 198.729378    34.5646 0.0000e+00
    374.000     2.1046   3.069193     2.1051   3.052749    4.35816    -0.0587    13.8155 7.2945e+01  -60.27583  -57.45050 1153157417 198.729393    34.5649 0.0000e+00
    375.000     2.1044   3.069251     2.1050   3.052799    4.35873    -0.0621    13.8155 -9.990e-29  -60.27583  -57.45050 1153157419 198.729408    34.5652 0.0000e+00
    376.000     2.1046   3.069310     2.1051   3.052834    4.35893    -0.0637    13.8155 -9.990e-29  -60.27583  -57.45050 1153157420 198.729421    34.5651 0.0000e+00
    377.000     2.1046   3.069364     2.1051   3.052882    4.35909    -0.0736    13.8155 -9.990e-29  -60.27583  -57.45050 1153157421 198.729433    34.5653 0.0000e+00
    378.000     2.1041   3.069428     2.1046   3.052942    4.35652    -0.0576    13.8155 7.3982e+01  -60.27583  -57.45050 1153157422 198.729444    34.5660 0.0000e+00
    379.000     2.1037   3.069484     2.1041   3.053026    4.35713    -0.0594    13.8155 7.3478e+01  -60.27583  -57.45050 1153157423 198.729457    34.5666 0.0000e+00
    380.000     2.1035   3.069528     2.1041   3.053071    4.35733    -0.0591    13.8155 7.3723e+01  -60.27583  -57.45050 1153157425 198.729476    34.5669 0.0000e+00
    381.000     2.1034   3.069600     2.1041   3.053128    4.35897    -0.0571    13.8155 7.4960e+01  -60.27583  -57.45050 1153157427 198.729499    34.5672 0.0000e+00
    382.000     2.1035   3.069652     2.1040   3.053160    4.35895    -0.0508    13.8155 7.5740e+01  -60.27583  -57.45050 1153157428 198.729513    34.5672 0.0000e+00
    383.000     2.1035   3.069735     2.1040   3.053229    4.35804    -0.0671    13.8155 7.5773e+01  -60.27583  -57.45050 1153157429 198.729523    34.5677 0.0000e+00
    384.000     2.1034   3.069839     2.1038   3.053327    4.35487    -0.0524    13.8155 7.5809e+01  -60.27583  -57.45050 1153157429 198.729532    34.5685 0.0000e+00
    385.000     2.1041   3.070086     2.1047   3.053577    4.35257    -0.0715    13.8155 7.5725e+01  -60.27583  -57.45050 1153157430 198.729542    34.5704 0.0000e+00
    386.000     2.1051   3.070371     2.1057   3.053901    4.35262    -0.0607    13.8155 -9.990e-29  -60.27583  -57.45050 1153157432 198.729559    34.5722 0.0000e+00
    387.000     2.1058   3.070577     2.1063   3.054079    4.35185    -0.0520    13.8155 -9.990e-29  -60.27583  -57.45050 1153157433 198.729579    34.5734 0.0000e+00
    388.000     2.1067   3.070806     2.1073   3.054285    4.35183    -0.0565    13.8155 7.4813e+01  -60.27583  -57.45050 1153157435 198.729592    34.5747 0.0000e+00
    389.000     2.1071   3.070895     2.1076   3.054389    4.35146    -0.0595    13.8155 7.5043e+01  -60.27583  -57.45050 1153157436 198.729604    34.5748 0.0000e+00
    390.000     2.1072   3.070965     2.1079   3.054477    4.34919    -0.0716    13.8155 7.6258e+01  -60.27583  -57.45050 1153157437 198.729618    34.5750 0.0000e+00
    391.000     2.1088   3.071358     2.1093   3.054847    4.34763    -0.0553    13.8155 7.9714e+01  -60.27583  -57.45050 1153157439 198.729639    34.5776 0.0000e+00
    392.000     2.1114   3.072003     2.1120   3.055447    4.34534    -0.0635    13.8155 7.9348e+01  -60.27583  -57.45050 1153157440 198.729655    34.5822 0.0000e+00
    393.000     2.1124   3.072228     2.1129   3.055684    4.34279    -0.0504    13.8155 7.9644e+01  -60.27583  -57.45050 1153157441 198.729668    34.5834 0.0000e+00
    394.000     2.1130   3.072422     2.1134   3.055892    4.34090    -0.0580    13.8155 7.8199e+01  -60.27583  -57.45050 1153157442 198.729680    34.5846 0.0000e+00
    395.000     2.1130   3.072524     2.1135   3.055992    4.33833    -0.0573    13.8155 7.9379e+01  -60.27583  -57.45050 1153157443 198.729692    34.5853 0.0000e+00
    396.000     2.1132   3.072644     2.1139   3.056139    4.33745    -0.0648    13.8155 7.9668e+01  -60.27583  -57.45050 1153157444 198.729705    34.5860 0.0000e+00
