product_data/regression_test/downloaded_data/MDGS/320620060703/ctd/adapted/heads_insert_p6611401.cnv
* Sea-Bird SBE 9 Data File:
* FileName = D:\Data\Raw\p6611401.dat
* Software Version Seasave Win32 V 5.32
* Temperature SN = 1649
* Conductivity SN = 1431
* Number of Bytes Per Scan = 37
* Number of Voltage Words = 5
* Number of Scans Averaged by the Deck Unit = 1
* NMEA Latitude = 61 30.98 S
* NMEA Longitude = 054 52.51 W
* NMEA UTC (Time) = 09:04:59
** Ship:   Nathaniel B. Palmer 
** Cruise:    NBP0606 
# nquan = 15
# nvalues = 990                         
# units = specified
# name 0 = prDM: Pressure, Digiquartz [db]
# name 1 = t090C: Temperature [ITS-90, deg C]
# name 2 = c0S/m: Conductivity [S/m]
# name 3 = t190C: Temperature, 2 [ITS-90, deg C]
# name 4 = c1S/m: Conductivity, 2 [S/m]
# name 5 = sbeox0ML/L: Oxygen, SBE 43 [ml/l]
# name 6 = flECO-AFL: Fluorescence, Wetlab ECO-AFL/FL [mg/m^3]
# name 7 = bat: Beam Attenuation, Chelsea/Seatech/Wetlab CStar [1/m]
# name 8 = spar: SPAR/Surface Irradiance
# name 9 = latitude: Latitude [deg]
# name 10 = longitude: Longitude [deg]
# name 11 = timeY: Time, System [seconds]
# name 12 = timeJ: Julian Days
# name 13 = sal00: Salinity [PSU]
# name 14 = flag: flag
# span 0 =     12.000,   1001.000       
# span 1 =    -1.5892,    -0.4499       
# span 2 =   2.708741,   2.859129       
# span 3 =    -1.5903,    -0.4490       
# span 4 =   2.709675,   2.859596       
# span 5 =    6.39106,    8.00130       
# span 6 =    -0.1229,     0.2395       
# span 7 =    13.8155,    13.8155       
# span 8 = 0.0000e+00, 0.0000e+00       
# span 9 =  -61.51633,  -61.51633       
# span 10 =  -54.87517,  -54.87517      
# span 11 = 1152867909, 1152869375      
# span 12 = 195.378602, 195.395567      
# span 13 =    34.1644,    34.5624      
# span 14 = 0.0000e+00, 0.0000e+00      
# interval = decibars: 1                
# start_time = Jul 14 2006 09:05:07
# bad_flag = -9.990e-29
*END*
Pressure	Temperature	Conductivity	Temperature2	Conductivity2	Oxygen	Fluorescence	Beam Attenuation	SPAR	latitude	longitude	timeY	timeJ	Salinity	flag
     12.000    -1.5768   2.734619    -1.5796   2.723438    7.25654     0.1057    13.8155 0.0000e+00  -61.51633  -54.87517 1152867909 195.378602    34.5624 0.0000e+00
     13.000    -1.5850   2.714197    -1.5874   2.712263    7.85209     0.1231    13.8155 0.0000e+00  -61.51633  -54.87517 1152867955 195.379133    34.2453 0.0000e+00
     14.000    -1.5873   2.708741    -1.5880   2.709783    7.95594     0.1361    13.8155 0.0000e+00  -61.51633  -54.87517 1152867967 195.379268    34.1644 0.0000e+00
     15.000    -1.5892   2.708743    -1.5903   2.709675    7.96231     0.1317    13.8155 0.0000e+00  -61.51633  -54.87517 1152867970 195.379305    34.1660 0.0000e+00
     16.000    -1.5859   2.709050    -1.5871   2.709968    7.96516     0.1244    13.8155 0.0000e+00  -61.51633  -54.87517 1152867973 195.379340    34.1657 0.0000e+00
     17.000    -1.5838   2.709281    -1.5851   2.710180    7.96687     0.1352    13.8155 0.0000e+00  -61.51633  -54.87517 1152867975 195.379363    34.1657 0.0000e+00
     18.000    -1.5847   2.709254    -1.5863   2.710126    7.96925     0.1362    13.8155 0.0000e+00  -61.51633  -54.87517 1152867978 195.379393    34.1658 0.0000e+00
     19.000    -1.5851   2.709265    -1.5861   2.710169    7.97308     0.1145    13.8155 0.0000e+00  -61.51633  -54.87517 1152867982 195.379438    34.1658 0.0000e+00
     20.000    -1.5853   2.709299    -1.5862   2.710208    7.97276     0.1223    13.8155 0.0000e+00  -61.51633  -54.87517 1152867983 195.379449    34.1658 0.0000e+00
     21.000    -1.5850   2.709369    -1.5861   2.710251    7.97564     0.1358    13.8155 0.0000e+00  -61.51633  -54.87517 1152867985 195.379481    34.1658 0.0000e+00
     22.000    -1.5849   2.709432    -1.5861   2.710301    7.97738     0.1265    13.8155 0.0000e+00  -61.51633  -54.87517 1152867989 195.379523    34.1659 0.0000e+00
     23.000    -1.5858   2.709399    -1.5871   2.710250    7.98124     0.1165    13.8155 0.0000e+00  -61.51633  -54.87517 1152867990 195.379538    34.1659 0.0000e+00
     24.000    -1.5844   2.709564    -1.5853   2.710439    7.98882     0.1285    13.8155 0.0000e+00  -61.51633  -54.87517 1152867992 195.379564    34.1660 0.0000e+00
     25.000    -1.5846   2.709602    -1.5855   2.710477    7.98806     0.1243    13.8155 0.0000e+00  -61.51633  -54.87517 1152867994 195.379585    34.1661 0.0000e+00
     26.000    -1.5836   2.709736    -1.5846   2.710591    7.98399     0.1282    13.8155 0.0000e+00  -61.51633  -54.87517 1152867997 195.379613    34.1661 0.0000e+00
     27.000    -1.5842   2.709743    -1.5851   2.710594    7.99098     0.1163    13.8155 0.0000e+00  -61.51633  -54.87517 1152868000 195.379655    34.1663 0.0000e+00
     28.000    -1.5835   2.709855    -1.5839   2.710735    7.98712     0.1246    13.8155 0.0000e+00  -61.51633  -54.87517 1152868002 195.379669    34.1663 0.0000e+00
     29.000    -1.5830   2.709940    -1.5839   2.710778    7.98580     0.1099    13.8155 0.0000e+00  -61.51633  -54.87517 1152868003 195.379685    34.1664 0.0000e+00
     30.000    -1.5829   2.709992    -1.5836   2.710839    7.98937     0.1322    13.8155 0.0000e+00  -61.51633  -54.87517 1152868006 195.379715    34.1663 0.0000e+00
     31.000    -1.5824   2.710091    -1.5831   2.710920    7.99163     0.1242    13.8155 0.0000e+00  -61.51633  -54.87517 1152868008 195.379741    34.1665 0.0000e+00
     32.000    -1.5819   2.710197    -1.5821   2.711051    7.99213     0.1111    13.8155 0.0000e+00  -61.51633  -54.87517 1152868009 195.379760    34.1667 0.0000e+00
     33.000    -1.5820   2.710222    -1.5832   2.711005    7.99252     0.1287    13.8155 0.0000e+00  -61.51633  -54.87517 1152868012 195.379789    34.1666 0.0000e+00
     34.000    -1.5822   2.710272    -1.5830   2.711071    7.99746     0.1175    13.8155 0.0000e+00  -61.51633  -54.87517 1152868016 195.379832    34.1668 0.0000e+00
     35.000    -1.5806   2.710470    -1.5807   2.711306    7.99594     0.1339    13.8155 0.0000e+00  -61.51633  -54.87517 1152868017 195.379844    34.1670 0.0000e+00
     36.000    -1.5796   2.710597    -1.5806   2.711378    7.99893     0.1253    13.8155 0.0000e+00  -61.51633  -54.87517 1152868018 195.379857    34.1669 0.0000e+00
     37.000    -1.5783   2.710751    -1.5789   2.711552    8.00018     0.1258    13.8155 0.0000e+00  -61.51633  -54.87517 1152868020 195.379878    34.1669 0.0000e+00
     38.000    -1.5786   2.710775    -1.5791   2.711584    8.00028     0.1272    13.8155 0.0000e+00  -61.51633  -54.87517 1152868023 195.379915    34.1671 0.0000e+00
     39.000    -1.5782   2.710863    -1.5785   2.711663    7.99876     0.1193    13.8155 0.0000e+00  -61.51633  -54.87517 1152868025 195.379941    34.1673 0.0000e+00
     40.000    -1.5776   2.710967    -1.5779   2.711774    7.99827     0.1401    13.8155 0.0000e+00  -61.51633  -54.87517 1152868028 195.379975    34.1673 0.0000e+00
     41.000    -1.5780   2.710993    -1.5782   2.711801    7.99452     0.1166    13.8155 0.0000e+00  -61.51633  -54.87517 1152868030 195.379996    34.1676 0.0000e+00
     42.000    -1.5774   2.711092    -1.5778   2.711889    7.99338     0.1227    13.8155 0.0000e+00  -61.51633  -54.87517 1152868031 195.380008    34.1676 0.0000e+00
     43.000    -1.5772   2.711160    -1.5778   2.711919    7.99294     0.1286    13.8155 0.0000e+00  -61.51633  -54.87517 1152868032 195.380021    34.1677 0.0000e+00
     44.000    -1.5768   2.711245    -1.5772   2.712013    7.99685     0.1271    13.8155 0.0000e+00  -61.51633  -54.87517 1152868035 195.380060    34.1677 0.0000e+00
     45.000    -1.5775   2.711228    -1.5780   2.712003    7.99777     0.1102    13.8155 0.0000e+00  -61.51633  -54.87517 1152868039 195.380102    34.1677 0.0000e+00
     46.000    -1.5787   2.711167    -1.5794   2.711923    7.99713     0.1158    13.8155 0.0000e+00  -61.51633  -54.87517 1152868040 195.380111    34.1677 0.0000e+00
     47.000    -1.5781   2.711278    -1.5787   2.712022    7.99434     0.1372    13.8155 0.0000e+00  -61.51633  -54.87517 1152868042 195.380135    34.1678 0.0000e+00
     48.000    -1.5784   2.711320    -1.5785   2.712089    7.99402     0.1189    13.8155 0.0000e+00  -61.51633  -54.87517 1152868044 195.380165    34.1681 0.0000e+00
     49.000    -1.5783   2.711376    -1.5783   2.712161    7.99291     0.1237    13.8155 0.0000e+00  -61.51633  -54.87517 1152868045 195.380177    34.1682 0.0000e+00
     50.000    -1.5768   2.711554    -1.5769   2.712318    7.99324     0.1225    13.8155 0.0000e+00  -61.51633  -54.87517 1152868048 195.380213    34.1682 0.0000e+00
     51.000    -1.5769   2.711609    -1.5769   2.712372    7.99537     0.1231    13.8155 0.0000e+00  -61.51633  -54.87517 1152868051 195.380247    34.1685 0.0000e+00
     52.000    -1.5766   2.711681    -1.5768   2.712423    7.99672     0.1254    13.8155 0.0000e+00  -61.51633  -54.87517 1152868053 195.380260    34.1684 0.0000e+00
     53.000    -1.5778   2.711614    -1.5780   2.712361    7.99626     0.1282    13.8155 0.0000e+00  -61.51633  -54.87517 1152868054 195.380280    34.1684 0.0000e+00
     54.000    -1.5793   2.711536    -1.5790   2.712315    7.98683     0.1315    13.8155 0.0000e+00  -61.51633  -54.87517 1152868056 195.380305    34.1684 0.0000e+00
     55.000    -1.5778   2.711707    -1.5788   2.712365    7.98624     0.1264    13.8155 0.0000e+00  -61.51633  -54.87517 1152868059 195.380332    34.1684 0.0000e+00
     56.000    -1.5778   2.711772    -1.5776   2.712527    7.98672     0.1196    13.8155 0.0000e+00  -61.51633  -54.87517 1152868061 195.380362    34.1686 0.0000e+00
     57.000    -1.5768   2.711919    -1.5765   2.712672    7.98712     0.1236    13.8155 0.0000e+00  -61.51633  -54.87517 1152868063 195.380380    34.1688 0.0000e+00
     58.000    -1.5767   2.711967    -1.5767   2.712697    7.99913     0.1297    13.8155 0.0000e+00  -61.51633  -54.87517 1152868067 195.380424    34.1688 0.0000e+00
     59.000    -1.5772   2.711987    -1.5769   2.712727    8.00130     0.1177    13.8155 0.0000e+00  -61.51633  -54.87517 1152868069 195.380449    34.1689 0.0000e+00
     60.000    -1.5773   2.712006    -1.5773   2.712735    7.99759     0.1190    13.8155 0.0000e+00  -61.51633  -54.87517 1152868070 195.380459    34.1687 0.0000e+00
     61.000    -1.5771   2.712083    -1.5768   2.712808    7.99534     0.1120    13.8155 0.0000e+00  -61.51633  -54.87517 1152868071 195.380469    34.1689 0.0000e+00
     62.000    -1.5765   2.712175    -1.5760   2.712926    7.99523     0.1303    13.8155 0.0000e+00  -61.51633  -54.87517 1152868073 195.380500    34.1688 0.0000e+00
     63.000    -1.5766   2.712224    -1.5762   2.712964    7.99482     0.1071    13.8155 0.0000e+00  -61.51633  -54.87517 1152868077 195.380547    34.1690 0.0000e+00
     64.000    -1.5757   2.712353    -1.5758   2.713050    7.99223     0.1301    13.8155 0.0000e+00  -61.51633  -54.87517 1152868078 195.380558    34.1692 0.0000e+00
     65.000    -1.5748   2.712470    -1.5746   2.713190    7.99105     0.1267    13.8155 0.0000e+00  -61.51633  -54.87517 1152868080 195.380572    34.1691 0.0000e+00
     66.000    -1.5761   2.712405    -1.5753   2.713170    7.98875     0.1510    13.8155 0.0000e+00  -61.51633  -54.87517 1152868082 195.380603    34.1690 0.0000e+00
     67.000    -1.5758   2.712498    -1.5752   2.713215    7.98955     0.1256    13.8155 0.0000e+00  -61.51633  -54.87517 1152868087 195.380652    34.1694 0.0000e+00
     68.000    -1.5746   2.712645    -1.5742   2.713349    7.99083     0.1262    13.8155 0.0000e+00  -61.51633  -54.87517 1152868088 195.380667    34.1693 0.0000e+00
     69.000    -1.5741   2.712739    -1.5733   2.713475    7.99136     0.1198    13.8155 0.0000e+00  -61.51633  -54.87517 1152868089 195.380683    34.1694 0.0000e+00
     70.000    -1.5750   2.712710    -1.5745   2.713412    7.99158     0.1291    13.8155 0.0000e+00  -61.51633  -54.87517 1152868091 195.380701    34.1694 0.0000e+00
     71.000    -1.5754   2.712731    -1.5749   2.713428    7.99510     0.1451    13.8155 0.0000e+00  -61.51633  -54.87517 1152868094 195.380738    34.1695 0.0000e+00
     72.000    -1.5749   2.712816    -1.5741   2.713542    7.99458     0.1282    13.8155 0.0000e+00  -61.51633  -54.87517 1152868097 195.380775    34.1696 0.0000e+00
     73.000    -1.5703   2.713268    -1.5693   2.713982    7.99453     0.1429    13.8155 0.0000e+00  -61.51633  -54.87517 1152868098 195.380788    34.1698 0.0000e+00
     74.000    -1.5661   2.713667    -1.5654   2.714371    7.99146     0.1355    13.8155 0.0000e+00  -61.51633  -54.87517 1152868100 195.380804    34.1697 0.0000e+00
     75.000    -1.5668   2.713652    -1.5663   2.714343    7.98975     0.1403    13.8155 0.0000e+00  -61.51633  -54.87517 1152868101 195.380823    34.1698 0.0000e+00
     76.000    -1.5671   2.713666    -1.5671   2.714307    7.99260     0.1507    13.8155 0.0000e+00  -61.51633  -54.87517 1152868105 195.380867    34.1698 0.0000e+00
     77.000    -1.5668   2.713760    -1.5662   2.714439    7.99181     0.1306    13.8155 0.0000e+00  -61.51633  -54.87517 1152868108 195.380899    34.1700 0.0000e+00
     78.000    -1.5665   2.713829    -1.5660   2.714513    7.99447     0.1348    13.8155 0.0000e+00  -61.51633  -54.87517 1152868109 195.380914    34.1700 0.0000e+00
     79.000    -1.5660   2.713909    -1.5655   2.714588    7.99405     0.1444    13.8155 0.0000e+00  -61.51633  -54.87517 1152868110 195.380927    34.1700 0.0000e+00
     80.000    -1.5663   2.713925    -1.5658   2.714592    7.99427     0.1424    13.8155 0.0000e+00  -61.51633  -54.87517 1152868111 195.380942    34.1700 0.0000e+00
     81.000    -1.5659   2.714020    -1.5650   2.714711    7.98703     0.1634    13.8155 0.0000e+00  -61.51633  -54.87517 1152868117 195.381000    34.1701 0.0000e+00
     82.000    -1.5648   2.714165    -1.5643   2.714832    7.98927     0.1285    13.8155 0.0000e+00  -61.51633  -54.87517 1152868118 195.381017    34.1703 0.0000e+00
     83.000    -1.5666   2.714048    -1.5652   2.714800    7.98687     0.1498    13.8155 0.0000e+00  -61.51633  -54.87517 1152868119 195.381029    34.1701 0.0000e+00
     84.000    -1.5543   2.715174    -1.5519   2.715962    7.98717     0.1649    13.8155 0.0000e+00  -61.51633  -54.87517 1152868121 195.381050    34.1707 0.0000e+00
     85.000    -1.5503   2.715563    -1.5493   2.716249    7.98389     0.1606    13.8155 0.0000e+00  -61.51633  -54.87517 1152868124 195.381085    34.1707 0.0000e+00
     86.000    -1.5509   2.715573    -1.5500   2.716240    7.98416     0.1594    13.8155 0.0000e+00  -61.51633  -54.87517 1152868126 195.381112    34.1710 0.0000e+00
     87.000    -1.5515   2.715548    -1.5506   2.716229    7.99021     0.1642    13.8155 0.0000e+00  -61.51633  -54.87517 1152868129 195.381148    34.1709 0.0000e+00
     88.000    -1.5518   2.715593    -1.5503   2.716310    7.99174     0.1558    13.8155 0.0000e+00  -61.51633  -54.87517 1152868131 195.381166    34.1713 0.0000e+00
     89.000    -1.5490   2.715883    -1.5481   2.716553    7.99172     0.1355    13.8155 0.0000e+00  -61.51633  -54.87517 1152868132 195.381177    34.1714 0.0000e+00
     90.000    -1.5487   2.715962    -1.5480   2.716604    7.99197     0.1595    13.8155 0.0000e+00  -61.51633  -54.87517 1152868133 195.381188    34.1714 0.0000e+00
     91.000    -1.5492   2.715963    -1.5482   2.716627    7.99309     0.1775    13.8155 0.0000e+00  -61.51633  -54.87517 1152868138 195.381245    34.1715 0.0000e+00
     92.000    -1.5477   2.716158    -1.5467   2.716810    7.99436     0.1812    13.8155 0.0000e+00  -61.51633  -54.87517 1152868140 195.381274    34.1718 0.0000e+00
     93.000    -1.5479   2.716191    -1.5471   2.716823    7.99362     0.1770    13.8155 0.0000e+00  -61.51633  -54.87517 1152868142 195.381293    34.1718 0.0000e+00
     94.000    -1.5476   2.716261    -1.5468   2.716903    7.99140     0.1679    13.8155 0.0000e+00  -61.51633  -54.87517 1152868143 195.381307    34.1719 0.0000e+00
     95.000    -1.5461   2.716459    -1.5449   2.717118    7.99075     0.1697    13.8155 0.0000e+00  -61.51633  -54.87517 1152868144 195.381317    34.1723 0.0000e+00
     96.000    -1.5440   2.716681    -1.5429   2.717338    7.98711     0.2031    13.8155 0.0000e+00  -61.51633  -54.87517 1152868145 195.381333    34.1723 0.0000e+00
     97.000    -1.5455   2.716618    -1.5443   2.717248    7.98232     0.2069    13.8155 0.0000e+00  -61.51633  -54.87517 1152868152 195.381408    34.1727 0.0000e+00
     98.000    -1.5393   2.717251    -1.5367   2.718017    7.98085     0.2068    13.8155 0.0000e+00  -61.51633  -54.87517 1152868153 195.381418    34.1735 0.0000e+00
     99.000    -1.5346   2.717738    -1.5332   2.718399    7.97865     0.2050    13.8155 0.0000e+00  -61.51633  -54.87517 1152868154 195.381430    34.1740 0.0000e+00
    100.000    -1.5336   2.717880    -1.5324   2.718532    7.97577     0.2238    13.8155 0.0000e+00  -61.51633  -54.87517 1152868155 195.381444    34.1741 0.0000e+00
    101.000    -1.5352   2.717774    -1.5338   2.718454    7.97331     0.2395    13.8155 0.0000e+00  -61.51633  -54.87517 1152868156 195.381462    34.1740 0.0000e+00
    102.000    -1.5359   2.717751    -1.5351   2.718352    7.97563     0.2364    13.8155 0.0000e+00  -61.51633  -54.87517 1152868160 195.381502    34.1740 0.0000e+00
    103.000    -1.5346   2.717933    -1.5335   2.718561    7.97995     0.2115    13.8155 0.0000e+00  -61.51633  -54.87517 1152868162 195.381527    34.1744 0.0000e+00
    104.000    -1.5327   2.718171    -1.5312   2.718836    7.97863     0.2114    13.8155 0.0000e+00  -61.51633  -54.87517 1152868163 195.381539    34.1748 0.0000e+00
    105.000    -1.5215   2.719306    -1.5209   2.719838    7.97551     0.1999    13.8155 0.0000e+00  -61.51633  -54.87517 1152868164 195.381555    34.1768 0.0000e+00
    106.000    -1.5163   2.719848    -1.5158   2.720417    7.97087     0.1859    13.8155 0.0000e+00  -61.51633  -54.87517 1152868166 195.381574    34.1776 0.0000e+00
