product_data/regression_test/downloaded_data/MDGS/320620060703/ctd/adapted/heads_insert_p6618201.cnv
* Sea-Bird SBE 9 Data File:
* FileName = D:\Data\Raw\p6618201.dat
* Software Version Seasave Win32 V 5.32
* Temperature SN = 1649
* Conductivity SN = 1431
* Number of Bytes Per Scan = 37
* Number of Voltage Words = 5
* Number of Scans Averaged by the Deck Unit = 1
* NMEA Latitude = 60 37.00 S
* NMEA Longitude = 054 09.03 W
* NMEA UTC (Time) = 08:45:16
** Ship:   Nathaniel B. Palmer 
** Cruise:    NBP0606 
# nquan = 15
# nvalues = 1506                        
# units = specified
# name 0 = prDM: Pressure, Digiquartz [db]
# name 1 = t090C: Temperature [ITS-90, deg C]
# name 2 = c0S/m: Conductivity [S/m]
# name 3 = t190C: Temperature, 2 [ITS-90, deg C]
# name 4 = c1S/m: Conductivity, 2 [S/m]
# name 5 = sbeox0ML/L: Oxygen, SBE 43 [ml/l]
# name 6 = flECO-AFL: Fluorescence, Wetlab ECO-AFL/FL [mg/m^3]
# name 7 = bat: Beam Attenuation, Chelsea/Seatech/Wetlab CStar [1/m]
# name 8 = spar: SPAR/Surface Irradiance
# name 9 = latitude: Latitude [deg]
# name 10 = longitude: Longitude [deg]
# name 11 = timeY: Time, System [seconds]
# name 12 = timeJ: Julian Days
# name 13 = sal00: Salinity [PSU]
# name 14 = flag: flag
# span 0 =      2.000,   1507.000       
# span 1 =    -0.9163,     1.9741       
# span 2 =   2.763078,   3.064089       
# span 3 =    -0.9173,     1.9751       
# span 4 =   2.763781,   3.064365       
# span 5 =    4.37155,    7.81680       
# span 6 =    -0.1074,     0.4601       
# span 7 =    13.8155,    13.8155       
# span 8 = 0.0000e+00, 0.0000e+00       
# span 9 =  -60.61667,  -60.61667       
# span 10 =  -54.15050,  -54.15050      
# span 11 = 1153557946, 1153560017      
# span 12 = 203.365132, 203.389114      
# span 13 =    34.1500,    34.7272      
# span 14 = 0.0000e+00, 0.0000e+00      
# interval = decibars: 1                
# start_time = Jul 22 2006 08:45:25
# bad_flag = -9.990e-29
*END*
[from data line 1157]
   1158.000     0.9674   3.015697     0.9676   3.016011    5.08589    -0.0804    13.8155 0.0000e+00  -60.61667  -54.15050 1153559572 203.383959    34.6991 0.0000e+00
   1159.000     0.9660   3.015616     0.9661   3.015934    5.08622    -0.0822    13.8155 0.0000e+00  -60.61667  -54.15050 1153559574 203.383981    34.6991 0.0000e+00
   1160.000     0.9650   3.015586     0.9651   3.015908    5.08670    -0.0951    13.8155 0.0000e+00  -60.61667  -54.15050 1153559575 203.383995    34.6993 0.0000e+00
   1161.000     0.9687   3.016007     0.9691   3.016335    5.08672    -0.0808    13.8155 0.0000e+00  -60.61667  -54.15050 1153559576 203.384012    34.6999 0.0000e+00
   1162.000     0.9694   3.016117     0.9694   3.016409    5.08526    -0.0792    13.8155 0.0000e+00  -60.61667  -54.15050 1153559579 203.384040    34.6999 0.0000e+00
   1163.000     0.9709   3.016327     0.9712   3.016623    5.08742    -0.0911    13.8155 0.0000e+00  -60.61667  -54.15050 1153559580 203.384055    34.7005 0.0000e+00
   1164.000     0.9759   3.016846     0.9753   3.017078    5.08714    -0.0765    13.8155 0.0000e+00  -60.61667  -54.15050 1153559581 203.384066    34.7007 0.0000e+00
   1165.000     0.9757   3.016889     0.9760   3.017198    5.08326    -0.1011    13.8155 0.0000e+00  -60.61667  -54.15050 1153559582 203.384075    34.7011 0.0000e+00
   1166.000     0.9830   3.017679     0.9841   3.018044    5.08027    -0.0906    13.8155 0.0000e+00  -60.61667  -54.15050 1153559583 203.384084    34.7025 0.0000e+00
   1167.000     0.9905   3.018448     0.9907   3.018733    5.07788    -0.0792    13.8155 0.0000e+00  -60.61667  -54.15050 1153559583 203.384092    34.7032 0.0000e+00
   1168.000     0.9909   3.018513     0.9909   3.018800    5.07523    -0.0912    13.8155 0.0000e+00  -60.61667  -54.15050 1153559584 203.384100    34.7031 0.0000e+00
   1169.000     0.9913   3.018615     0.9911   3.018879    5.07373    -0.0897    13.8155 0.0000e+00  -60.61667  -54.15050 1153559585 203.384111    34.7034 0.0000e+00
   1170.000     0.9923   3.018757     0.9921   3.019016    5.06895    -0.0688    13.8155 0.0000e+00  -60.61667  -54.15050 1153559588 203.384145    34.7037 0.0000e+00
   1171.000     0.9911   3.018683     0.9907   3.018949    5.06683    -0.0856    13.8155 0.0000e+00  -60.61667  -54.15050 1153559590 203.384167    34.7036 0.0000e+00
   1172.000     0.9898   3.018620     0.9897   3.018921    5.06646    -0.0751    13.8155 0.0000e+00  -60.61667  -54.15050 1153559591 203.384180    34.7038 0.0000e+00
   1173.000     0.9895   3.018644     0.9897   3.018950    5.06408    -0.0822    13.8155 0.0000e+00  -60.61667  -54.15050 1153559592 203.384192    34.7039 0.0000e+00
   1174.000     0.9888   3.018615     0.9891   3.018946    5.06328    -0.0793    13.8155 0.0000e+00  -60.61667  -54.15050 1153559593 203.384205    34.7038 0.0000e+00
   1175.000     0.9882   3.018614     0.9883   3.018918    5.06415    -0.0781    13.8155 0.0000e+00  -60.61667  -54.15050 1153559594 203.384219    34.7040 0.0000e+00
   1176.000     0.9872   3.018593     0.9872   3.018890    5.06492    -0.0968    13.8155 0.0000e+00  -60.61667  -54.15050 1153559595 203.384233    34.7043 0.0000e+00
   1177.000     0.9881   3.018732     0.9883   3.019036    5.06497    -0.0693    13.8155 0.0000e+00  -60.61667  -54.15050 1153559597 203.384245    34.7044 0.0000e+00
   1178.000     0.9887   3.018846     0.9888   3.019142    5.06318    -0.0812    13.8155 0.0000e+00  -60.61667  -54.15050 1153559597 203.384256    34.7047 0.0000e+00
   1179.000     0.9889   3.018906     0.9883   3.019152    5.06078    -0.0905    13.8155 0.0000e+00  -60.61667  -54.15050 1153559598 203.384267    34.7047 0.0000e+00
   1180.000     0.9869   3.018761     0.9871   3.019080    5.06143    -0.0847    13.8155 0.0000e+00  -60.61667  -54.15050 1153559600 203.384285    34.7046 0.0000e+00
   1181.000     0.9881   3.018952     0.9881   3.019238    5.06071    -0.0827    13.8155 0.0000e+00  -60.61667  -54.15050 1153559602 203.384313    34.7052 0.0000e+00
   1182.000     0.9855   3.018750     0.9855   3.019057    5.06079    -0.0893    13.8155 0.0000e+00  -60.61667  -54.15050 1153559604 203.384329    34.7049 0.0000e+00
   1183.000     0.9828   3.018545     0.9829   3.018863    5.06184    -0.0754    13.8155 0.0000e+00  -60.61667  -54.15050 1153559605 203.384343    34.7048 0.0000e+00
   1184.000     0.9816   3.018484     0.9818   3.018803    5.06239    -0.0911    13.8155 0.0000e+00  -60.61667  -54.15050 1153559606 203.384357    34.7049 0.0000e+00
   1185.000     0.9811   3.018480     0.9812   3.018789    5.06204    -0.0861    13.8155 0.0000e+00  -60.61667  -54.15050 1153559607 203.384372    34.7048 0.0000e+00
   1186.000     0.9806   3.018486     0.9808   3.018792    5.06253    -0.0863    13.8155 0.0000e+00  -60.61667  -54.15050 1153559609 203.384388    34.7049 0.0000e+00
   1187.000     0.9803   3.018507     0.9806   3.018809    5.06349    -0.0890    13.8155 0.0000e+00  -60.61667  -54.15050 1153559610 203.384406    34.7049 0.0000e+00
   1188.000     0.9803   3.018553     0.9805   3.018859    5.06520    -0.1034    13.8155 0.0000e+00  -60.61667  -54.15050 1153559612 203.384421    34.7050 0.0000e+00
   1189.000     0.9808   3.018646     0.9808   3.018943    5.06640    -0.0628    13.8155 0.0000e+00  -60.61667  -54.15050 1153559613 203.384432    34.7050 0.0000e+00
   1190.000     0.9810   3.018704     0.9810   3.019010    5.06910    -0.0783    13.8155 0.0000e+00  -60.61667  -54.15050 1153559614 203.384442    34.7049 0.0000e+00
   1191.000     0.9793   3.018586     0.9794   3.018897    5.06627    -0.0770    13.8155 0.0000e+00  -60.61667  -54.15050 1153559614 203.384451    34.7048 0.0000e+00
   1192.000     0.9779   3.018515     0.9783   3.018845    5.06495    -0.0774    13.8155 0.0000e+00  -60.61667  -54.15050 1153559615 203.384460    34.7050 0.0000e+00
   1193.000     0.9781   3.018574     0.9776   3.018824    5.06525    -0.0856    13.8155 0.0000e+00  -60.61667  -54.15050 1153559616 203.384473    34.7050 0.0000e+00
   1194.000     0.9793   3.018737     0.9797   3.019068    5.06485    -0.0894    13.8155 0.0000e+00  -60.61667  -54.15050 1153559620 203.384517    34.7051 0.0000e+00
   1195.000     0.9794   3.018805     0.9795   3.019094    5.06596    -0.0798    13.8155 0.0000e+00  -60.61667  -54.15050 1153559622 203.384536    34.7053 0.0000e+00
   1196.000     0.9792   3.018839     0.9794   3.019142    5.06517    -0.0960    13.8155 0.0000e+00  -60.61667  -54.15050 1153559623 203.384547    34.7054 0.0000e+00
   1197.000     0.9797   3.018925     0.9797   3.019225    5.06549    -0.0751    13.8155 0.0000e+00  -60.61667  -54.15050 1153559623 203.384557    34.7054 0.0000e+00
   1198.000     0.9795   3.018953     0.9797   3.019272    5.06524    -0.0876    13.8155 0.0000e+00  -60.61667  -54.15050 1153559624 203.384566    34.7055 0.0000e+00
   1199.000     0.9796   3.019004     0.9796   3.019311    5.06592    -0.0874    13.8155 0.0000e+00  -60.61667  -54.15050 1153559625 203.384575    34.7054 0.0000e+00
   1200.000     0.9798   3.019073     0.9800   3.019379    5.06441    -0.0799    13.8155 0.0000e+00  -60.61667  -54.15050 1153559626 203.384585    34.7055 0.0000e+00
   1201.000     0.9790   3.019041     0.9789   3.019344    5.06380    -0.0915    13.8155 0.0000e+00  -60.61667  -54.15050 1153559627 203.384596    34.7055 0.0000e+00
   1202.000     0.9785   3.019041     0.9788   3.019359    5.06398    -0.0798    13.8155 0.0000e+00  -60.61667  -54.15050 1153559628 203.384607    34.7054 0.0000e+00
   1203.000     0.9779   3.019047     0.9782   3.019360    5.06338    -0.0759    13.8155 0.0000e+00  -60.61667  -54.15050 1153559629 203.384620    34.7056 0.0000e+00
   1204.000     0.9786   3.019134     0.9787   3.019435    5.06505    -0.0859    13.8155 0.0000e+00  -60.61667  -54.15050 1153559632 203.384653    34.7055 0.0000e+00
   1205.000     0.9785   3.019179     0.9792   3.019519    5.06599    -0.0816    13.8155 0.0000e+00  -60.61667  -54.15050 1153559634 203.384679    34.7056 0.0000e+00
   1206.000     0.9808   3.019419     0.9807   3.019701    5.06642    -0.0819    13.8155 0.0000e+00  -60.61667  -54.15050 1153559635 203.384693    34.7054 0.0000e+00
   1207.000     0.9781   3.019229     0.9782   3.019544    5.06561    -0.0990    13.8155 0.0000e+00  -60.61667  -54.15050 1153559636 203.384704    34.7055 0.0000e+00
   1208.000     0.9778   3.019248     0.9779   3.019563    5.06665    -0.0724    13.8155 0.0000e+00  -60.61667  -54.15050 1153559637 203.384714    34.7056 0.0000e+00
   1209.000     0.9775   3.019269     0.9777   3.019577    5.06693    -0.0881    13.8155 0.0000e+00  -60.61667  -54.15050 1153559638 203.384724    34.7057 0.0000e+00
   1210.000     0.9769   3.019246     0.9771   3.019579    5.06881    -0.0883    13.8155 0.0000e+00  -60.61667  -54.15050 1153559639 203.384733    34.7056 0.0000e+00
   1211.000     0.9767   3.019274     0.9767   3.019574    5.06952    -0.0892    13.8155 0.0000e+00  -60.61667  -54.15050 1153559640 203.384744    34.7055 0.0000e+00
   1212.000     0.9753   3.019199     0.9754   3.019500    5.06816    -0.0888    13.8155 0.0000e+00  -60.61667  -54.15050 1153559641 203.384760    34.7056 0.0000e+00
   1213.000     0.9726   3.018973     0.9731   3.019334    5.06637    -0.0910    13.8155 0.0000e+00  -60.61667  -54.15050 1153559643 203.384780    34.7053 0.0000e+00
   1214.000     0.9698   3.018765     0.9698   3.019069    5.06825    -0.0872    13.8155 0.0000e+00  -60.61667  -54.15050 1153559644 203.384797    34.7051 0.0000e+00
   1215.000     0.9696   3.018793     0.9699   3.019113    5.06959    -0.1040    13.8155 0.0000e+00  -60.61667  -54.15050 1153559646 203.384814    34.7052 0.0000e+00
   1216.000     0.9698   3.018864     0.9701   3.019195    5.07136    -0.0865    13.8155 0.0000e+00  -60.61667  -54.15050 1153559647 203.384828    34.7053 0.0000e+00
   1217.000     0.9682   3.018752     0.9677   3.019017    5.07053    -0.0808    13.8155 0.0000e+00  -60.61667  -54.15050 1153559648 203.384840    34.7050 0.0000e+00
   1218.000     0.9657   3.018581     0.9661   3.018915    5.06950    -0.0761    13.8155 0.0000e+00  -60.61667  -54.15050 1153559649 203.384851    34.7051 0.0000e+00
   1219.000     0.9654   3.018580     0.9659   3.018936    5.07045    -0.0850    13.8155 0.0000e+00  -60.61667  -54.15050 1153559651 203.384869    34.7049 0.0000e+00
   1220.000     0.9663   3.018717     0.9663   3.019021    5.07371    -0.0872    13.8155 0.0000e+00  -60.61667  -54.15050 1153559653 203.384900    34.7051 0.0000e+00
   1221.000     0.9649   3.018629     0.9649   3.018945    5.07413    -0.0781    13.8155 0.0000e+00  -60.61667  -54.15050 1153559654 203.384911    34.7049 0.0000e+00
   1222.000     0.9645   3.018638     0.9646   3.018956    5.07408    -0.0881    13.8155 0.0000e+00  -60.61667  -54.15050 1153559655 203.384921    34.7050 0.0000e+00
   1223.000     0.9642   3.018637     0.9638   3.018923    5.07441    -0.0872    13.8155 0.0000e+00  -60.61667  -54.15050 1153559656 203.384929    34.7047 0.0000e+00
   1224.000     0.9624   3.018532     0.9624   3.018830    5.07470    -0.0833    13.8155 0.0000e+00  -60.61667  -54.15050 1153559656 203.384937    34.7049 0.0000e+00
   1225.000     0.9613   3.018466     0.9611   3.018761    5.07513    -0.0852    13.8155 0.0000e+00  -60.61667  -54.15050 1153559657 203.384946    34.7047 0.0000e+00
   1226.000     0.9607   3.018457     0.9601   3.018704    5.07566    -0.0800    13.8155 0.0000e+00  -60.61667  -54.15050 1153559658 203.384959    34.7047 0.0000e+00
   1227.000     0.9599   3.018428     0.9612   3.018832    5.07778    -0.0863    13.8155 0.0000e+00  -60.61667  -54.15050 1153559661 203.384991    34.7046 0.0000e+00
   1228.000     0.9588   3.018359     0.9590   3.018683    5.07927    -0.0911    13.8155 0.0000e+00  -60.61667  -54.15050 1153559663 203.385011    34.7045 0.0000e+00
   1229.000     0.9568   3.018237     0.9570   3.018551    5.08018    -0.0735    13.8155 0.0000e+00  -60.61667  -54.15050 1153559664 203.385025    34.7046 0.0000e+00
   1230.000     0.9557   3.018172     0.9556   3.018473    5.08075    -0.0731    13.8155 0.0000e+00  -60.61667  -54.15050 1153559665 203.385037    34.7044 0.0000e+00
   1231.000     0.9544   3.018104     0.9547   3.018432    5.07923    -0.1022    13.8155 0.0000e+00  -60.61667  -54.15050 1153559666 203.385049    34.7044 0.0000e+00
   1232.000     0.9537   3.018087     0.9541   3.018424    5.07905    -0.0820    13.8155 0.0000e+00  -60.61667  -54.15050 1153559667 203.385059    34.7044 0.0000e+00
   1233.000     0.9531   3.018074     0.9532   3.018374    5.07792    -0.0815    13.8155 0.0000e+00  -60.61667  -54.15050 1153559668 203.385070    34.7044 0.0000e+00
   1234.000     0.9527   3.018068     0.9528   3.018373    5.07911    -0.0757    13.8155 0.0000e+00  -60.61667  -54.15050 1153559669 203.385082    34.7043 0.0000e+00
   1235.000     0.9534   3.018193     0.9534   3.018477    5.07791    -0.0986    13.8155 0.0000e+00  -60.61667  -54.15050 1153559670 203.385097    34.7044 0.0000e+00
   1236.000     0.9538   3.018255     0.9540   3.018567    5.07654    -0.0838    13.8155 0.0000e+00  -60.61667  -54.15050 1153559672 203.385119    34.7042 0.0000e+00
   1237.000     0.9525   3.018178     0.9522   3.018453    5.07991    -0.0722    13.8155 0.0000e+00  -60.61667  -54.15050 1153559674 203.385142    34.7041 0.0000e+00
   1238.000     0.9501   3.017988     0.9495   3.018250    5.08246    -0.0937    13.8155 0.0000e+00  -60.61667  -54.15050 1153559675 203.385157    34.7038 0.0000e+00
   1239.000     0.9436   3.017428     0.9432   3.017721    5.08317    -0.0885    13.8155 0.0000e+00  -60.61667  -54.15050 1153559676 203.385168    34.7034 0.0000e+00
   1240.000     0.9418   3.017322     0.9419   3.017636    5.08377    -0.0827    13.8155 0.0000e+00  -60.61667  -54.15050 1153559677 203.385179    34.7036 0.0000e+00
   1241.000     0.9418   3.017350     0.9418   3.017668    5.08438    -0.0893    13.8155 0.0000e+00  -60.61667  -54.15050 1153559678 203.385190    34.7033 0.0000e+00
   1242.000     0.9415   3.017378     0.9416   3.017689    5.08524    -0.0951    13.8155 0.0000e+00  -60.61667  -54.15050 1153559679 203.385202    34.7034 0.0000e+00
   1243.000     0.9416   3.017424     0.9416   3.017725    5.08609    -0.0919    13.8155 0.0000e+00  -60.61667  -54.15050 1153559681 203.385218    34.7034 0.0000e+00
   1244.000     0.9410   3.017412     0.9406   3.017688    5.08706    -0.0795    13.8155 0.0000e+00  -60.61667  -54.15050 1153559682 203.385234    34.7033 0.0000e+00
   1245.000     0.9391   3.017273     0.9396   3.017636    5.08751    -0.0959    13.8155 0.0000e+00  -60.61667  -54.15050 1153559683 203.385249    34.7032 0.0000e+00
   1246.000     0.9377   3.017189     0.9384   3.017564    5.08866    -0.0762    13.8155 0.0000e+00  -60.61667  -54.15050 1153559685 203.385266    34.7030 0.0000e+00
   1247.000     0.9356   3.017040     0.9358   3.017358    5.09162    -0.0815    13.8155 0.0000e+00  -60.61667  -54.15050 1153559687 203.385288    34.7029 0.0000e+00
   1248.000     0.9320   3.016745     0.9331   3.017169    5.09465    -0.0928    13.8155 0.0000e+00  -60.61667  -54.15050 1153559688 203.385304    34.7026 0.0000e+00
   1249.000     0.9321   3.016809     0.9328   3.017169    5.09631    -0.0727    13.8155 0.0000e+00  -60.61667  -54.15050 1153559689 203.385316    34.7027 0.0000e+00
   1250.000     0.9302   3.016659     0.9301   3.016972    5.09700    -0.0833    13.8155 0.0000e+00  -60.61667  -54.15050 1153559690 203.385326    34.7024 0.0000e+00
   1251.000     0.9264   3.016340     0.9260   3.016655    5.09724    -0.0901    13.8155 0.0000e+00  -60.61667  -54.15050 1153559691 203.385335    34.7019 0.0000e+00
   1252.000     0.9208   3.015878     0.9215   3.016270    5.09864    -0.0895    13.8155 0.0000e+00  -60.61667  -54.15050 1153559691 203.385344    34.7019 0.0000e+00
   1253.000     0.9184   3.015711     0.9185   3.016035    5.09908    -0.0944    13.8155 0.0000e+00  -60.61667  -54.15050 1153559692 203.385355    34.7019 0.0000e+00
