product_data/regression_test/downloaded_data/MDGS/320620060703/ctd/adapted/heads_insert_p6614601.cnv
* Sea-Bird SBE 9 Data File:
* FileName = D:\Data\Raw\p6614601.dat
* Software Version Seasave Win32 V 5.32
* Temperature SN = 1649
* Conductivity SN = 1431
* Number of Bytes Per Scan = 37
* Number of Voltage Words = 5
* Number of Scans Averaged by the Deck Unit = 1
* NMEA Latitude = 60 16.55 S
* NMEA Longitude = 057 27.03 W
* NMEA UTC (Time) = 17:19:00
** Ship:   Nathaniel B. Palmer 
** Cruise:    NBP0606 
# nquan = 15
# nvalues = 990                         
# units = specified
# name 0 = prDM: Pressure, Digiquartz [db]
# name 1 = t090C: Temperature [ITS-90, deg C]
# name 2 = c0S/m: Conductivity [S/m]
# name 3 = t190C: Temperature, 2 [ITS-90, deg C]
# name 4 = c1S/m: Conductivity, 2 [S/m]
# name 5 = sbeox0ML/L: Oxygen, SBE 43 [ml/l]
# name 6 = flECO-AFL: Fluorescence, Wetlab ECO-AFL/FL [mg/m^3]
# name 7 = bat: Beam Attenuation, Chelsea/Seatech/Wetlab CStar [1/m]
# name 8 = spar: SPAR/Surface Irradiance
# name 9 = latitude: Latitude [deg]
# name 10 = longitude: Longitude [deg]
# name 11 = timeY: Time, System [seconds]
# name 12 = timeJ: Julian Days
# name 13 = sal00: Salinity [PSU]
# name 14 = flag: flag
# span 0 =     13.000,   1002.000       
# span 1 =    -0.7139,     2.1226       
# span 2 =   2.759379,   3.085895       
# span 3 =    -0.7141,     2.1230       
# span 4 =   2.760077,   3.068838       
# span 5 =    4.32519,    8.00897       
# span 6 =    -0.0934,     0.1964       
# span 7 =    13.8155,    13.8155       
# span 8 = 5.3658e+01, 9.3179e+01       
# span 9 =  -60.27583,  -60.27583       
# span 10 =  -57.45050,  -57.45050      
# span 11 = 1153156743, 1153158224      
# span 12 = 198.721578, 198.738724      
# span 13 =    33.8646,    34.7199      
# span 14 = 0.0000e+00, 0.0000e+00      
# interval = decibars: 1                
# start_time = Jul 17 2006 17:19:09
# bad_flag = -9.990e-29
*END*
[from data line 675]
    687.000     2.0197   3.085315     2.0198   3.068325    4.45370    -0.0749    13.8155 6.6791e+01  -60.27583  -57.45050 1153157808 198.733914    34.6843 0.0000e+00
    688.000     2.0188   3.085317     2.0191   3.068327    4.45502    -0.0662    13.8155 6.7197e+01  -60.27583  -57.45050 1153157810 198.733932    34.6847 0.0000e+00
    689.000     2.0180   3.085315     2.0183   3.068320    4.45586    -0.0758    13.8155 -9.990e-29  -60.27583  -57.45050 1153157811 198.733948    34.6850 0.0000e+00
    690.000     2.0183   3.085383     2.0186   3.068378    4.45670    -0.0785    13.8155 -9.990e-29  -60.27583  -57.45050 1153157812 198.733962    34.6850 0.0000e+00
    691.000     2.0187   3.085456     2.0190   3.068451    4.45712    -0.0744    13.8155 -9.990e-29  -60.27583  -57.45050 1153157813 198.733974    34.6849 0.0000e+00
    692.000     2.0180   3.085460     2.0182   3.068447    4.45744    -0.0851    13.8155 -9.990e-29  -60.27583  -57.45050 1153157814 198.733984    34.6851 0.0000e+00
    693.000     2.0174   3.085468     2.0177   3.068453    4.45773    -0.0800    13.8155 -9.990e-29  -60.27583  -57.45050 1153157815 198.733993    34.6853 0.0000e+00
    694.000     2.0168   3.085470     2.0170   3.068457    4.45803    -0.0653    13.8155 -9.990e-29  -60.27583  -57.45050 1153157816 198.734003    34.6855 0.0000e+00
    695.000     2.0159   3.085457     2.0163   3.068462    4.45840    -0.0642    13.8155 -9.990e-29  -60.27583  -57.45050 1153157817 198.734016    34.6858 0.0000e+00
    696.000     2.0156   3.085490     2.0161   3.068491    4.45896    -0.0823    13.8155 -9.990e-29  -60.27583  -57.45050 1153157819 198.734035    34.6859 0.0000e+00
    697.000     2.0156   3.085529     2.0159   3.068531    4.46005    -0.0676    13.8155 -9.990e-29  -60.27583  -57.45050 1153157820 198.734055    34.6859 0.0000e+00
    698.000     2.0148   3.085522     2.0150   3.068533    4.46436    -0.0709    13.8155 -9.990e-29  -60.27583  -57.45050 1153157822 198.734080    34.6861 0.0000e+00
    699.000     2.0137   3.085523     2.0141   3.068510    4.46864    -0.0635    13.8155 -9.990e-29  -60.27583  -57.45050 1153157824 198.734098    34.6868 0.0000e+00
    700.000     2.0137   3.085568     2.0140   3.068540    4.46887    -0.0835    13.8155 -9.990e-29  -60.27583  -57.45050 1153157825 198.734107    34.6867 0.0000e+00
    701.000     2.0136   3.085609     2.0137   3.068567    4.46642    -0.0551    13.8155 -9.990e-29  -60.27583  -57.45050 1153157825 198.734116    34.6868 0.0000e+00
    702.000     2.0135   3.085654     2.0137   3.068624    4.46386    -0.0730    13.8155 -9.990e-29  -60.27583  -57.45050 1153157826 198.734123    34.6870 0.0000e+00
    703.000     2.0137   3.085700     2.0137   3.068650    4.46341    -0.0653    13.8155 -9.990e-29  -60.27583  -57.45050 1153157827 198.734130    34.6868 0.0000e+00
    704.000     2.0138   3.085737     2.0138   3.068725    4.46327    -0.0590    13.8155 -9.990e-29  -60.27583  -57.45050 1153157827 198.734137    34.6865 0.0000e+00
    705.000     2.0128   3.085730     2.0130   3.068726    4.46452    -0.0756    13.8155 -9.990e-29  -60.27583  -57.45050 1153157828 198.734146    34.6870 0.0000e+00
    706.000     2.0138   3.085863     2.0141   3.068838    4.46933    -0.0550    13.8155 6.6001e+01  -60.27583  -57.45050 1153157834 198.734208    34.6869 0.0000e+00
    707.000     2.0103   3.085670     2.0103   3.068663    4.47130    -0.0842    13.8155 6.7561e+01  -60.27583  -57.45050 1153157834 198.734219    34.6878 0.0000e+00
    708.000     2.0054   3.085383     2.0055   3.068371    4.47453    -0.0731    13.8155 6.6246e+01  -60.27583  -57.45050 1153157835 198.734228    34.6893 0.0000e+00
    709.000     2.0033   3.085271     2.0034   3.068256    4.47483    -0.0741    13.8155 6.6375e+01  -60.27583  -57.45050 1153157836 198.734236    34.6897 0.0000e+00
    710.000     2.0026   3.085266     2.0026   3.068232    4.47514    -0.0781    13.8155 6.6241e+01  -60.27583  -57.45050 1153157836 198.734243    34.6898 0.0000e+00
    711.000     2.0026   3.085299     2.0025   3.068254    4.47480    -0.0688    13.8155 6.6237e+01  -60.27583  -57.45050 1153157837 198.734250    34.6896 0.0000e+00
    712.000     2.0027   3.085338     2.0025   3.068297    4.47324    -0.0590    13.8155 6.6512e+01  -60.27583  -57.45050 1153157838 198.734256    34.6895 0.0000e+00
    713.000     2.0024   3.085359     2.0022   3.068346    4.47242    -0.0597    13.8155 6.6224e+01  -60.27583  -57.45050 1153157838 198.734264    34.6895 0.0000e+00
    714.000     2.0019   3.085394     2.0021   3.068370    4.47133    -0.0736    13.8155 6.6237e+01  -60.27583  -57.45050 1153157840 198.734280    34.6898 0.0000e+00
    715.000     2.0036   3.085567     2.0037   3.068516    4.47745    -0.0711    13.8155 6.6237e+01  -60.27583  -57.45050 1153157843 198.734323    34.6895 0.0000e+00
    716.000     2.0007   3.085414     2.0013   3.068415    4.47910    -0.0720    13.8155 -9.990e-29  -60.27583  -57.45050 1153157844 198.734335    34.6903 0.0000e+00
    717.000     1.9993   3.085362     1.9996   3.068331    4.48080    -0.0787    13.8155 -9.990e-29  -60.27583  -57.45050 1153157846 198.734348    34.6906 0.0000e+00
    718.000     1.9992   3.085415     1.9995   3.068381    4.48215    -0.0638    13.8155 -9.990e-29  -60.27583  -57.45050 1153157847 198.734361    34.6909 0.0000e+00
    719.000     1.9990   3.085444     1.9991   3.068410    4.48210    -0.0751    13.8155 -9.990e-29  -60.27583  -57.45050 1153157848 198.734372    34.6908 0.0000e+00
    720.000     1.9987   3.085465     1.9988   3.068438    4.48155    -0.0752    13.8155 -9.990e-29  -60.27583  -57.45050 1153157848 198.734382    34.6909 0.0000e+00
    721.000     1.9973   3.085414     1.9975   3.068390    4.48185    -0.0622    13.8155 -9.990e-29  -60.27583  -57.45050 1153157849 198.734391    34.6913 0.0000e+00
    722.000     1.9957   3.085356     1.9961   3.068347    4.48255    -0.0603    13.8155 -9.990e-29  -60.27583  -57.45050 1153157850 198.734401    34.6917 0.0000e+00
    723.000     1.9955   3.085388     1.9957   3.068367    4.48362    -0.0645    13.8155 -9.990e-29  -60.27583  -57.45050 1153157852 198.734419    34.6918 0.0000e+00
    724.000     1.9974   3.085559     1.9970   3.068494    4.48469    -0.0719    13.8155 -9.990e-29  -60.27583  -57.45050 1153157854 198.734446    34.6912 0.0000e+00
    725.000     1.9942   3.085400     1.9944   3.068384    4.48675    -0.0681    13.8155 -9.990e-29  -60.27583  -57.45050 1153157855 198.734459    34.6923 0.0000e+00
    726.000     1.9926   3.085333     1.9927   3.068304    4.48622    -0.0775    13.8155 -9.990e-29  -60.27583  -57.45050 1153157856 198.734470    34.6926 0.0000e+00
    727.000     1.9919   3.085344     1.9923   3.068315    4.48530    -0.0571    13.8155 -9.990e-29  -60.27583  -57.45050 1153157857 198.734480    34.6929 0.0000e+00
    728.000     1.9914   3.085351     1.9917   3.068309    4.48315    -0.0702    13.8155 -9.990e-29  -60.27583  -57.45050 1153157858 198.734491    34.6930 0.0000e+00
    729.000     1.9906   3.085341     1.9910   3.068304    4.48220    -0.0757    13.8155 6.6237e+01  -60.27583  -57.45050 1153157859 198.734503    34.6932 0.0000e+00
    730.000     1.9904   3.085369     1.9907   3.068336    4.48275    -0.0662    13.8155 6.6399e+01  -60.27583  -57.45050 1153157860 198.734520    34.6932 0.0000e+00
    731.000     1.9904   3.085413     1.9907   3.068384    4.48399    -0.0603    13.8155 6.6334e+01  -60.27583  -57.45050 1153157863 198.734545    34.6932 0.0000e+00
    732.000     1.9903   3.085452     1.9905   3.068411    4.48929    -0.0788    13.8155 6.6204e+01  -60.27583  -57.45050 1153157864 198.734561    34.6933 0.0000e+00
    733.000     1.9900   3.085482     1.9904   3.068434    4.49021    -0.0571    13.8155 -9.990e-29  -60.27583  -57.45050 1153157865 198.734572    34.6933 0.0000e+00
    734.000     1.9891   3.085466     1.9894   3.068425    4.49039    -0.0734    13.8155 -9.990e-29  -60.27583  -57.45050 1153157866 198.734583    34.6936 0.0000e+00
    735.000     1.9888   3.085488     1.9892   3.068440    4.48712    -0.0755    13.8155 -9.990e-29  -60.27583  -57.45050 1153157867 198.734596    34.6936 0.0000e+00
    736.000     1.9877   3.085447     1.9874   3.068366    4.48731    -0.0716    13.8155 -9.990e-29  -60.27583  -57.45050 1153157868 198.734609    34.6938 0.0000e+00
    737.000     1.9867   3.085418     1.9869   3.068370    4.48768    -0.0722    13.8155 -9.990e-29  -60.27583  -57.45050 1153157869 198.734623    34.6940 0.0000e+00
    738.000     1.9858   3.085406     1.9861   3.068350    4.48826    -0.0722    13.8155 -9.990e-29  -60.27583  -57.45050 1153157870 198.734635    34.6943 0.0000e+00
    739.000     1.9852   3.085406     1.9855   3.068360    4.49005    -0.0639    13.8155 6.4462e+01  -60.27583  -57.45050 1153157872 198.734649    34.6944 0.0000e+00
    740.000     1.9853   3.085460     1.9856   3.068415    4.49513    -0.0651    13.8155 6.4689e+01  -60.27583  -57.45050 1153157873 198.734669    34.6944 0.0000e+00
    741.000     1.9856   3.085534     1.9859   3.068482    4.49667    -0.0677    13.8155 6.6297e+01  -60.27583  -57.45050 1153157875 198.734685    34.6944 0.0000e+00
    742.000     1.9852   3.085549     1.9855   3.068501    4.49813    -0.0706    13.8155 6.5961e+01  -60.27583  -57.45050 1153157876 198.734695    34.6945 0.0000e+00
    743.000     1.9847   3.085566     1.9850   3.068506    4.49970    -0.0547    13.8155 6.6238e+01  -60.27583  -57.45050 1153157876 198.734705    34.6947 0.0000e+00
    744.000     1.9833   3.085503     1.9836   3.068468    4.50002    -0.0764    13.8155 -9.990e-29  -60.27583  -57.45050 1153157877 198.734715    34.6949 0.0000e+00
    745.000     1.9810   3.085391     1.9811   3.068328    4.49959    -0.0732    13.8155 -9.990e-29  -60.27583  -57.45050 1153157879 198.734735    34.6954 0.0000e+00
    746.000     1.9803   3.085379     1.9804   3.068318    4.49987    -0.0632    13.8155 -9.990e-29  -60.27583  -57.45050 1153157881 198.734763    34.6955 0.0000e+00
    747.000     1.9796   3.085379     1.9798   3.068299    4.50062    -0.0679    13.8155 -9.990e-29  -60.27583  -57.45050 1153157882 198.734776    34.6958 0.0000e+00
    748.000     1.9792   3.085401     1.9793   3.068324    4.50104    -0.0732    13.8155 -9.990e-29  -60.27583  -57.45050 1153157883 198.734786    34.6959 0.0000e+00
    749.000     1.9785   3.085389     1.9787   3.068330    4.50191    -0.0766    13.8155 6.6237e+01  -60.27583  -57.45050 1153157884 198.734796    34.6960 0.0000e+00
    750.000     1.9781   3.085412     1.9784   3.068351    4.50344    -0.0546    13.8155 6.6237e+01  -60.27583  -57.45050 1153157885 198.734806    34.6961 0.0000e+00
    751.000     1.9774   3.085403     1.9778   3.068346    4.50283    -0.0792    13.8155 6.7110e+01  -60.27583  -57.45050 1153157886 198.734817    34.6962 0.0000e+00
    752.000     1.9764   3.085373     1.9768   3.068315    4.50415    -0.0737    13.8155 6.6130e+01  -60.27583  -57.45050 1153157887 198.734829    34.6965 0.0000e+00
    753.000     1.9764   3.085415     1.9767   3.068371    4.50401    -0.0661    13.8155 6.6444e+01  -60.27583  -57.45050 1153157889 198.734849    34.6964 0.0000e+00
    754.000     1.9764   3.085468     1.9768   3.068400    4.50539    -0.0653    13.8155 -9.990e-29  -60.27583  -57.45050 1153157891 198.734877    34.6964 0.0000e+00
    755.000     1.9763   3.085501     1.9765   3.068422    4.50721    -0.0738    13.8155 6.8413e+01  -60.27583  -57.45050 1153157892 198.734891    34.6964 0.0000e+00
    756.000     1.9761   3.085533     1.9764   3.068450    4.50567    -0.0573    13.8155 6.6576e+01  -60.27583  -57.45050 1153157893 198.734901    34.6964 0.0000e+00
    757.000     1.9758   3.085557     1.9759   3.068456    4.50562    -0.0655    13.8155 6.5933e+01  -60.27583  -57.45050 1153157894 198.734910    34.6966 0.0000e+00
    758.000     1.9759   3.085599     1.9760   3.068514    4.50570    -0.0623    13.8155 6.6201e+01  -60.27583  -57.45050 1153157895 198.734918    34.6965 0.0000e+00
    759.000     1.9762   3.085663     1.9763   3.068586    4.50592    -0.0507    13.8155 6.6976e+01  -60.27583  -57.45050 1153157895 198.734925    34.6963 0.0000e+00
    760.000     1.9755   3.085663     1.9756   3.068563    4.50623    -0.0726    13.8155 6.6865e+01  -60.27583  -57.45050 1153157897 198.734940    34.6965 0.0000e+00
    761.000     1.9753   3.085707     1.9755   3.068616    4.50527    -0.0738    13.8155 -9.990e-29  -60.27583  -57.45050 1153157900 198.734984    34.6969 0.0000e+00
    762.000     1.9733   3.085656     1.9736   3.068583    4.50571    -0.0603    13.8155 6.5629e+01  -60.27583  -57.45050 1153157901 198.734993    34.6970 0.0000e+00
    763.000     1.9720   3.085562     1.9723   3.068477    4.50617    -0.0594    13.8155 6.5822e+01  -60.27583  -57.45050 1153157902 198.735002    34.6975 0.0000e+00
    764.000     1.9719   3.085601     1.9722   3.068514    4.50647    -0.0648    13.8155 6.4285e+01  -60.27583  -57.45050 1153157903 198.735012    34.6976 0.0000e+00
    765.000     1.9713   3.085593     1.9715   3.068509    4.50658    -0.0571    13.8155 6.4572e+01  -60.27583  -57.45050 1153157904 198.735021    34.6976 0.0000e+00
    766.000     1.9714   3.085646     1.9716   3.068563    4.50683    -0.0814    13.8155 6.4468e+01  -60.27583  -57.45050 1153157904 198.735031    34.6976 0.0000e+00
    767.000     1.9714   3.085692     1.9715   3.068607    4.50635    -0.0510    13.8155 6.5166e+01  -60.27583  -57.45050 1153157905 198.735042    34.6975 0.0000e+00
    768.000     1.9709   3.085699     1.9713   3.068632    4.50731    -0.0777    13.8155 6.5160e+01  -60.27583  -57.45050 1153157907 198.735057    34.6977 0.0000e+00
    769.000     1.9706   3.085720     1.9707   3.068641    4.50800    -0.0649    13.8155 6.4724e+01  -60.27583  -57.45050 1153157909 198.735084    34.6976 0.0000e+00
    770.000     1.9699   3.085718     1.9701   3.068623    4.50888    -0.0620    13.8155 6.4850e+01  -60.27583  -57.45050 1153157910 198.735101    34.6979 0.0000e+00
    771.000     1.9693   3.085724     1.9696   3.068641    4.50707    -0.0702    13.8155 6.6358e+01  -60.27583  -57.45050 1153157912 198.735114    34.6980 0.0000e+00
    772.000     1.9692   3.085749     1.9694   3.068661    4.50715    -0.0703    13.8155 6.5778e+01  -60.27583  -57.45050 1153157913 198.735126    34.6979 0.0000e+00
    773.000     1.9683   3.085734     1.9686   3.068639    4.50920    -0.0659    13.8155 6.5862e+01  -60.27583  -57.45050 1153157914 198.735142    34.6982 0.0000e+00
    774.000     1.9677   3.085737     1.9679   3.068647    4.51261    -0.0773    13.8155 -9.990e-29  -60.27583  -57.45050 1153157916 198.735160    34.6984 0.0000e+00
    775.000     1.9650   3.085594     1.9654   3.068487    4.51451    -0.0566    13.8155 -9.990e-29  -60.27583  -57.45050 1153157917 198.735172    34.6990 0.0000e+00
    776.000     1.9642   3.085575     1.9647   3.068482    4.51460    -0.0578    13.8155 -9.990e-29  -60.27583  -57.45050 1153157917 198.735183    34.6990 0.0000e+00
    777.000     1.9629   3.085520     1.9630   3.068428    4.51490    -0.0795    13.8155 -9.990e-29  -60.27583  -57.45050 1153157918 198.735192    34.6993 0.0000e+00
    778.000     1.9622   3.085510     1.9624   3.068431    4.51532    -0.0738    13.8155 -9.990e-29  -60.27583  -57.45050 1153157919 198.735201    34.6994 0.0000e+00
    779.000     1.9605   3.085434     1.9607   3.068343    4.51613    -0.0697    13.8155 -9.990e-29  -60.27583  -57.45050 1153157920 198.735216    34.6997 0.0000e+00
    780.000     1.9594   3.085407     1.9602   3.068361    4.51747    -0.0793    13.8155 -9.990e-29  -60.27583  -57.45050 1153157923 198.735244    34.7000 0.0000e+00
    781.000     1.9585   3.085389     1.9588   3.068295    4.52173    -0.0525    13.8155 -9.990e-29  -60.27583  -57.45050 1153157924 198.735259    34.7002 0.0000e+00
    782.000     1.9574   3.085342     1.9577   3.068251    4.52150    -0.0764    13.8155 -9.990e-29  -60.27583  -57.45050 1153157925 198.735273    34.7003 0.0000e+00
