product_data/regression_test/downloaded_data/MDGS/320620060703/ctd/adapted/heads_insert_p6611901.cnv
* Sea-Bird SBE 9 Data File:
* FileName = D:\Data\Raw\p6611901.dat
* Software Version Seasave Win32 V 5.32
* Temperature SN = 1649
* Conductivity SN = 1431
* Number of Bytes Per Scan = 37
* Number of Voltage Words = 5
* Number of Scans Averaged by the Deck Unit = 1
* NMEA Latitude = 61 13.55 S
* NMEA Longitude = 054 24.71 W
* NMEA UTC (Time) = 20:24:51
** Ship:   Nathaniel B. Palmer 
** Cruise:    NBP0606 
# nquan = 15
# nvalues = 499                         
# units = specified
# name 0 = prDM: Pressure, Digiquartz [db]
# name 1 = t090C: Temperature [ITS-90, deg C]
# name 2 = c0S/m: Conductivity [S/m]
# name 3 = t190C: Temperature, 2 [ITS-90, deg C]
# name 4 = c1S/m: Conductivity, 2 [S/m]
# name 5 = sbeox0ML/L: Oxygen, SBE 43 [ml/l]
# name 6 = flECO-AFL: Fluorescence, Wetlab ECO-AFL/FL [mg/m^3]
# name 7 = bat: Beam Attenuation, Chelsea/Seatech/Wetlab CStar [1/m]
# name 8 = spar: SPAR/Surface Irradiance
# name 9 = latitude: Latitude [deg]
# name 10 = longitude: Longitude [deg]
# name 11 = timeY: Time, System [seconds]
# name 12 = timeJ: Julian Days
# name 13 = sal00: Salinity [PSU]
# name 14 = flag: flag
# span 0 =      3.000,    501.000       
# span 1 =    -1.2183,    -0.2569       
# span 2 =   2.740580,   2.860232       
# span 3 =    -1.2186,    -0.2559       
# span 4 =   2.741370,   2.860611       
# span 5 =    6.29956,    7.76302       
# span 6 =    -0.0845,     0.4094       
# span 7 =    13.8155,    13.8155       
# span 8 = 0.0000e+00, 0.0000e+00       
# span 9 =  -61.22583,  -61.22583       
# span 10 =  -54.41183,  -54.41183      
# span 11 = 1152908699, 1152909502      
# span 12 = 195.850697, 195.859999      
# span 13 =    34.1761,    34.5224      
# span 14 = 0.0000e+00, 0.0000e+00      
# interval = decibars: 1                
# start_time = Jul 14 2006 20:24:59
# bad_flag = -9.990e-29
*END*
[from data line 290]
    292.000    -0.4041   2.839029    -0.4032   2.839463    6.58466    -0.0242    13.8155 0.0000e+00  -61.22583  -54.41183 1152909175 195.856213    34.4174 0.0000e+00
    293.000    -0.4035   2.839151    -0.4016   2.839654    6.57963    -0.0466    13.8155 0.0000e+00  -61.22583  -54.41183 1152909176 195.856225    34.4182 0.0000e+00
    294.000    -0.3804   2.841360    -0.3779   2.841850    6.56766    -0.0489    13.8155 0.0000e+00  -61.22583  -54.41183 1152909177 195.856238    34.4205 0.0000e+00
    295.000    -0.3788   2.841527    -0.3770   2.842028    6.56377    -0.0473    13.8155 0.0000e+00  -61.22583  -54.41183 1152909179 195.856251    34.4202 0.0000e+00
    296.000    -0.3807   2.841415    -0.3803   2.841817    6.55992    -0.0436    13.8155 0.0000e+00  -61.22583  -54.41183 1152909180 195.856266    34.4204 0.0000e+00
    297.000    -0.3586   2.843632    -0.3589   2.843956    6.54836    -0.0258    13.8155 0.0000e+00  -61.22583  -54.41183 1152909181 195.856284    34.4241 0.0000e+00
    298.000    -0.3422   2.845267    -0.3409   2.845682    6.54130    -0.0322    13.8155 0.0000e+00  -61.22583  -54.41183 1152909183 195.856300    34.4266 0.0000e+00
    299.000    -0.3468   2.844907    -0.3465   2.845294    6.53889    -0.0429    13.8155 0.0000e+00  -61.22583  -54.41183 1152909184 195.856313    34.4266 0.0000e+00
    300.000    -0.3483   2.844892    -0.3473   2.845315    6.53219    -0.0354    13.8155 0.0000e+00  -61.22583  -54.41183 1152909185 195.856326    34.4277 0.0000e+00
    301.000    -0.3479   2.844991    -0.3469   2.845414    6.52524    -0.0500    13.8155 0.0000e+00  -61.22583  -54.41183 1152909187 195.856345    34.4283 0.0000e+00
    302.000    -0.3463   2.845201    -0.3455   2.845612    6.51989    -0.0405    13.8155 0.0000e+00  -61.22583  -54.41183 1152909188 195.856363    34.4289 0.0000e+00
    303.000    -0.3437   2.845527    -0.3422   2.846002    6.51571    -0.0370    13.8155 0.0000e+00  -61.22583  -54.41183 1152909189 195.856373    34.4298 0.0000e+00
    304.000    -0.3319   2.846788    -0.3306   2.847224    6.50757    -0.0408    13.8155 0.0000e+00  -61.22583  -54.41183 1152909190 195.856381    34.4325 0.0000e+00
    305.000    -0.3250   2.847589    -0.3225   2.848108    6.50083    -0.0578    13.8155 0.0000e+00  -61.22583  -54.41183 1152909190 195.856389    34.4347 0.0000e+00
    306.000    -0.3154   2.848627    -0.3149   2.848943    6.49465    -0.0505    13.8155 0.0000e+00  -61.22583  -54.41183 1152909191 195.856397    34.4368 0.0000e+00
    307.000    -0.3105   2.849192    -0.3081   2.849763    6.47814    -0.0340    13.8155 0.0000e+00  -61.22583  -54.41183 1152909194 195.856425    34.4384 0.0000e+00
    308.000    -0.3039   2.850049    -0.3029   2.850458    6.46304    -0.0561    13.8155 0.0000e+00  -61.22583  -54.41183 1152909196 195.856450    34.4419 0.0000e+00
    309.000    -0.3010   2.850390    -0.2998   2.850828    6.45896    -0.0509    13.8155 0.0000e+00  -61.22583  -54.41183 1152909197 195.856463    34.4426 0.0000e+00
    310.000    -0.3006   2.850487    -0.2996   2.850919    6.45771    -0.0546    13.8155 0.0000e+00  -61.22583  -54.41183 1152909198 195.856476    34.4430 0.0000e+00
    311.000    -0.2996   2.850650    -0.2985   2.851070    6.45773    -0.0321    13.8155 0.0000e+00  -61.22583  -54.41183 1152909199 195.856489    34.4435 0.0000e+00
    312.000    -0.2996   2.850707    -0.2986   2.851131    6.45594    -0.0591    13.8155 0.0000e+00  -61.22583  -54.41183 1152909200 195.856501    34.4437 0.0000e+00
    313.000    -0.3003   2.850697    -0.2993   2.851139    6.45187    -0.0390    13.8155 0.0000e+00  -61.22583  -54.41183 1152909201 195.856512    34.4438 0.0000e+00
    314.000    -0.3024   2.850561    -0.3007   2.851060    6.45318    -0.0658    13.8155 0.0000e+00  -61.22583  -54.41183 1152909202 195.856522    34.4439 0.0000e+00
    315.000    -0.3058   2.850309    -0.3051   2.850747    6.45316    -0.0539    13.8155 0.0000e+00  -61.22583  -54.41183 1152909203 195.856532    34.4439 0.0000e+00
    316.000    -0.3096   2.850074    -0.3095   2.850414    6.45017    -0.0493    13.8155 0.0000e+00  -61.22583  -54.41183 1152909204 195.856547    34.4447 0.0000e+00
    317.000    -0.3067   2.850404    -0.3065   2.850765    6.44670    -0.0493    13.8155 0.0000e+00  -61.22583  -54.41183 1152909206 195.856571    34.4451 0.0000e+00
    318.000    -0.3071   2.850415    -0.3062   2.850823    6.44534    -0.0560    13.8155 0.0000e+00  -61.22583  -54.41183 1152909208 195.856594    34.4454 0.0000e+00
    319.000    -0.2966   2.851508    -0.2966   2.851796    6.44514    -0.0530    13.8155 0.0000e+00  -61.22583  -54.41183 1152909210 195.856609    34.4460 0.0000e+00
    320.000    -0.2944   2.851924    -0.2922   2.852252    6.44167    -0.0429    13.8155 0.0000e+00  -61.22583  -54.41183 1152909210 195.856620    34.4478 0.0000e+00
    321.000    -0.2847   2.852701    -0.2864   2.852833    6.43770    -0.0677    13.8155 0.0000e+00  -61.22583  -54.41183 1152909211 195.856629    34.4481 0.0000e+00
    322.000    -0.2855   2.852655    -0.2851   2.853054    6.43318    -0.0503    13.8155 0.0000e+00  -61.22583  -54.41183 1152909212 195.856639    34.4477 0.0000e+00
    323.000    -0.2880   2.852535    -0.2849   2.853115    6.42881    -0.0535    13.8155 0.0000e+00  -61.22583  -54.41183 1152909213 195.856652    34.4485 0.0000e+00
    324.000    -0.2918   2.852371    -0.2879   2.852979    6.42368    -0.0420    13.8155 0.0000e+00  -61.22583  -54.41183 1152909215 195.856672    34.4503 0.0000e+00
    325.000    -0.2902   2.852488    -0.2886   2.852965    6.41957    -0.0418    13.8155 0.0000e+00  -61.22583  -54.41183 1152909216 195.856688    34.4495 0.0000e+00
    326.000    -0.2967   2.852085    -0.2950   2.852584    6.41821    -0.0482    13.8155 0.0000e+00  -61.22583  -54.41183 1152909217 195.856698    34.4509 0.0000e+00
    327.000    -0.2996   2.851913    -0.2987   2.852361    6.41717    -0.0477    13.8155 0.0000e+00  -61.22583  -54.41183 1152909218 195.856709    34.4514 0.0000e+00
    328.000    -0.3005   2.851879    -0.3000   2.852287    6.41877    -0.0501    13.8155 0.0000e+00  -61.22583  -54.41183 1152909219 195.856720    34.4514 0.0000e+00
    329.000    -0.3022   2.851808    -0.3007   2.852290    6.42691    -0.0451    13.8155 0.0000e+00  -61.22583  -54.41183 1152909221 195.856743    34.4519 0.0000e+00
    330.000    -0.3053   2.851530    -0.3077   2.851791    6.43230    -0.0465    13.8155 0.0000e+00  -61.22583  -54.41183 1152909224 195.856776    34.4507 0.0000e+00
    331.000    -0.3364   2.848728    -0.3347   2.849311    6.43493    -0.0593    13.8155 0.0000e+00  -61.22583  -54.41183 1152909225 195.856786    34.4491 0.0000e+00
    332.000    -0.3273   2.849736    -0.3260   2.850137    6.43713    -0.0473    13.8155 0.0000e+00  -61.22583  -54.41183 1152909225 195.856794    34.4517 0.0000e+00
    333.000    -0.3337   2.849012    -0.3293   2.849923    6.44104    -0.0711    13.8155 0.0000e+00  -61.22583  -54.41183 1152909226 195.856802    34.4479 0.0000e+00
    334.000    -0.3407   2.848506    -0.3367   2.849214    6.43955    -0.0472    13.8155 0.0000e+00  -61.22583  -54.41183 1152909227 195.856810    34.4494 0.0000e+00
    335.000    -0.3256   2.849995    -0.3230   2.850532    6.43483    -0.0506    13.8155 0.0000e+00  -61.22583  -54.41183 1152909228 195.856821    34.4508 0.0000e+00
    336.000    -0.3171   2.850789    -0.3189   2.850988    6.43920    -0.0475    13.8155 0.0000e+00  -61.22583  -54.41183 1152909230 195.856842    34.4508 0.0000e+00
    337.000    -0.3204   2.850579    -0.3199   2.850943    6.43789    -0.0544    13.8155 0.0000e+00  -61.22583  -54.41183 1152909231 195.856864    34.4515 0.0000e+00
    338.000    -0.2933   2.853183    -0.2903   2.853727    6.43484    -0.0598    13.8155 0.0000e+00  -61.22583  -54.41183 1152909233 195.856878    34.4541 0.0000e+00
    339.000    -0.3099   2.851553    -0.3132   2.851730    6.43546    -0.0478    13.8155 0.0000e+00  -61.22583  -54.41183 1152909234 195.856889    34.4511 0.0000e+00
    340.000    -0.3318   2.849576    -0.3361   2.849582    6.43696    -0.0565    13.8155 0.0000e+00  -61.22583  -54.41183 1152909235 195.856900    34.4492 0.0000e+00
    341.000    -0.3407   2.848793    -0.3396   2.849274    6.43827    -0.0637    13.8155 0.0000e+00  -61.22583  -54.41183 1152909236 195.856911    34.4485 0.0000e+00
    342.000    -0.3297   2.849879    -0.3319   2.850050    6.44092    -0.0429    13.8155 0.0000e+00  -61.22583  -54.41183 1152909237 195.856931    34.4496 0.0000e+00
    343.000    -0.3220   2.850700    -0.3208   2.851122    6.43530    -0.0472    13.8155 0.0000e+00  -61.22583  -54.41183 1152909239 195.856953    34.4510 0.0000e+00
    344.000    -0.3184   2.851085    -0.3174   2.851519    6.43019    -0.0523    13.8155 0.0000e+00  -61.22583  -54.41183 1152909240 195.856964    34.4512 0.0000e+00
    345.000    -0.3203   2.850916    -0.3189   2.851462    6.42952    -0.0518    13.8155 0.0000e+00  -61.22583  -54.41183 1152909241 195.856974    34.4503 0.0000e+00
    346.000    -0.3249   2.850520    -0.3278   2.850592    6.43008    -0.0392    13.8155 0.0000e+00  -61.22583  -54.41183 1152909242 195.856987    34.4499 0.0000e+00
    347.000    -0.3099   2.852042    -0.3041   2.852894    6.43177    -0.0523    13.8155 0.0000e+00  -61.22583  -54.41183 1152909244 195.857008    34.4526 0.0000e+00
    348.000    -0.3007   2.852953    -0.2950   2.853794    6.43138    -0.0585    13.8155 0.0000e+00  -61.22583  -54.41183 1152909245 195.857024    34.4533 0.0000e+00
    349.000    -0.3069   2.852392    -0.3093   2.852578    6.42923    -0.0438    13.8155 0.0000e+00  -61.22583  -54.41183 1152909246 195.857035    34.4522 0.0000e+00
    350.000    -0.3165   2.851603    -0.3139   2.852219    6.42795    -0.0519    13.8155 0.0000e+00  -61.22583  -54.41183 1152909247 195.857044    34.4525 0.0000e+00
    351.000    -0.3193   2.851522    -0.3210   2.851838    6.42498    -0.0573    13.8155 0.0000e+00  -61.22583  -54.41183 1152909248 195.857055    34.4542 0.0000e+00
    352.000    -0.3220   2.851412    -0.3214   2.851827    6.42192    -0.0595    13.8155 0.0000e+00  -61.22583  -54.41183 1152909250 195.857074    34.4552 0.0000e+00
    353.000    -0.3216   2.851558    -0.3208   2.851961    6.41628    -0.0585    13.8155 0.0000e+00  -61.22583  -54.41183 1152909252 195.857097    34.4559 0.0000e+00
    354.000    -0.3187   2.852031    -0.3173   2.852480    6.41146    -0.0450    13.8155 0.0000e+00  -61.22583  -54.41183 1152909253 195.857112    34.4585 0.0000e+00
    355.000    -0.3040   2.853656    -0.3031   2.854030    6.40493    -0.0537    13.8155 0.0000e+00  -61.22583  -54.41183 1152909254 195.857124    34.4625 0.0000e+00
    356.000    -0.2890   2.855244    -0.2877   2.855626    6.39767    -0.0597    13.8155 0.0000e+00  -61.22583  -54.41183 1152909255 195.857135    34.4658 0.0000e+00
    357.000    -0.2650   2.857789    -0.2634   2.858198    6.38708    -0.0581    13.8155 0.0000e+00  -61.22583  -54.41183 1152909256 195.857147    34.4713 0.0000e+00
    358.000    -0.2633   2.858024    -0.2621   2.858478    6.37649    -0.0556    13.8155 0.0000e+00  -61.22583  -54.41183 1152909257 195.857161    34.4719 0.0000e+00
    359.000    -0.2637   2.858154    -0.2628   2.858560    6.36736    -0.0641    13.8155 0.0000e+00  -61.22583  -54.41183 1152909258 195.857175    34.4738 0.0000e+00
    360.000    -0.2638   2.858231    -0.2628   2.858656    6.35633    -0.0461    13.8155 0.0000e+00  -61.22583  -54.41183 1152909260 195.857190    34.4744 0.0000e+00
    361.000    -0.2624   2.858445    -0.2614   2.858865    6.34999    -0.0666    13.8155 0.0000e+00  -61.22583  -54.41183 1152909261 195.857207    34.4752 0.0000e+00
    362.000    -0.2609   2.858739    -0.2599   2.859160    6.34447    -0.0654    13.8155 0.0000e+00  -61.22583  -54.41183 1152909262 195.857224    34.4770 0.0000e+00
    363.000    -0.2584   2.859426    -0.2575   2.859846    6.33943    -0.0420    13.8155 0.0000e+00  -61.22583  -54.41183 1152909264 195.857240    34.4827 0.0000e+00
    364.000    -0.2582   2.859501    -0.2572   2.859926    6.33435    -0.0691    13.8155 0.0000e+00  -61.22583  -54.41183 1152909265 195.857255    34.4829 0.0000e+00
    365.000    -0.2597   2.859493    -0.2584   2.859965    6.32840    -0.0637    13.8155 0.0000e+00  -61.22583  -54.41183 1152909266 195.857269    34.4842 0.0000e+00
    366.000    -0.2627   2.859335    -0.2615   2.859806    6.32545    -0.0676    13.8155 0.0000e+00  -61.22583  -54.41183 1152909267 195.857281    34.4849 0.0000e+00
    367.000    -0.2634   2.859343    -0.2623   2.859792    6.32313    -0.0677    13.8155 0.0000e+00  -61.22583  -54.41183 1152909268 195.857292    34.4854 0.0000e+00
    368.000    -0.2619   2.859568    -0.2617   2.859938    6.31930    -0.0641    13.8155 0.0000e+00  -61.22583  -54.41183 1152909269 195.857302    34.4859 0.0000e+00
    369.000    -0.2598   2.859826    -0.2588   2.860246    6.31525    -0.0546    13.8155 0.0000e+00  -61.22583  -54.41183 1152909270 195.857312    34.4864 0.0000e+00
    370.000    -0.2583   2.860024    -0.2559   2.860598    6.31712    -0.0513    13.8155 0.0000e+00  -61.22583  -54.41183 1152909272 195.857336    34.4868 0.0000e+00
    371.000    -0.2569   2.860232    -0.2568   2.860611    6.31919    -0.0559    13.8155 0.0000e+00  -61.22583  -54.41183 1152909275 195.857366    34.4873 0.0000e+00
    372.000    -0.2784   2.858397    -0.2771   2.858941    6.32178    -0.0723    13.8155 0.0000e+00  -61.22583  -54.41183 1152909276 195.857378    34.4870 0.0000e+00
    373.000    -0.2861   2.857772    -0.2857   2.858197    6.32250    -0.0529    13.8155 0.0000e+00  -61.22583  -54.41183 1152909277 195.857387    34.4873 0.0000e+00
    374.000    -0.2876   2.857664    -0.2870   2.858110    6.32305    -0.0372    13.8155 0.0000e+00  -61.22583  -54.41183 1152909277 195.857396    34.4869 0.0000e+00
    375.000    -0.2879   2.857694    -0.2874   2.858096    6.32378    -0.0605    13.8155 0.0000e+00  -61.22583  -54.41183 1152909278 195.857405    34.4869 0.0000e+00
    376.000    -0.2890   2.857636    -0.2889   2.858005    6.32632    -0.0540    13.8155 0.0000e+00  -61.22583  -54.41183 1152909279 195.857416    34.4868 0.0000e+00
    377.000    -0.2898   2.857623    -0.2880   2.858156    6.32934    -0.0570    13.8155 0.0000e+00  -61.22583  -54.41183 1152909280 195.857429    34.4869 0.0000e+00
    378.000    -0.2923   2.857501    -0.2911   2.857968    6.33008    -0.0710    13.8155 0.0000e+00  -61.22583  -54.41183 1152909282 195.857448    34.4874 0.0000e+00
    379.000    -0.2914   2.857742    -0.2902   2.858225    6.32917    -0.0610    13.8155 0.0000e+00  -61.22583  -54.41183 1152909284 195.857468    34.4890 0.0000e+00
    380.000    -0.2899   2.857961    -0.2890   2.858400    6.32739    -0.0592    13.8155 0.0000e+00  -61.22583  -54.41183 1152909285 195.857488    34.4894 0.0000e+00
    381.000    -0.2913   2.857869    -0.2911   2.858254    6.32816    -0.0440    13.8155 0.0000e+00  -61.22583  -54.41183 1152909287 195.857506    34.4891 0.0000e+00
    382.000    -0.2937   2.857676    -0.2922   2.858182    6.32819    -0.0718    13.8155 0.0000e+00  -61.22583  -54.41183 1152909288 195.857520    34.4888 0.0000e+00
    383.000    -0.2931   2.857783    -0.2918   2.858232    6.32492    -0.0664    13.8155 0.0000e+00  -61.22583  -54.41183 1152909289 195.857532    34.4889 0.0000e+00
    384.000    -0.2889   2.858300    -0.2870   2.858856    6.32259    -0.0583    13.8155 0.0000e+00  -61.22583  -54.41183 1152909290 195.857542    34.4904 0.0000e+00
    385.000    -0.2873   2.858529    -0.2867   2.858942    6.32229    -0.0723    13.8155 0.0000e+00  -61.22583  -54.41183 1152909291 195.857553    34.4908 0.0000e+00
    386.000    -0.2872   2.858582    -0.2866   2.858994    6.32224    -0.0710    13.8155 0.0000e+00  -61.22583  -54.41183 1152909292 195.857566    34.4908 0.0000e+00
