product_data/regression_test/downloaded_data/MDGS/320620060703/ctd/adapted/heads_insert_p6610901.cnv
* Sea-Bird SBE 9 Data File:
* FileName = D:\Data\Raw\p6610901.dat
* Software Version Seasave Win32 V 5.32
* Temperature SN = 1649
* Conductivity SN = 1431
* Number of Bytes Per Scan = 37
* Number of Voltage Words = 5
* Number of Scans Averaged by the Deck Unit = 1
* NMEA Latitude = 61 18.97 S
* NMEA Longitude = 054 52.55 W
* NMEA UTC (Time) = 01:40:04
** Ship:   Nathaniel B. Palmer 
** Cruise:    NBP0606 
# nquan = 15
# nvalues = 649                         
# units = specified
# name 0 = prDM: Pressure, Digiquartz [db]
# name 1 = t090C: Temperature [ITS-90, deg C]
# name 2 = c0S/m: Conductivity [S/m]
# name 3 = t190C: Temperature, 2 [ITS-90, deg C]
# name 4 = c1S/m: Conductivity, 2 [S/m]
# name 5 = sbeox0ML/L: Oxygen, SBE 43 [ml/l]
# name 6 = flECO-AFL: Fluorescence, Wetlab ECO-AFL/FL [mg/m^3]
# name 7 = bat: Beam Attenuation, Chelsea/Seatech/Wetlab CStar [1/m]
# name 8 = spar: SPAR/Surface Irradiance
# name 9 = latitude: Latitude [deg]
# name 10 = longitude: Longitude [deg]
# name 11 = timeY: Time, System [seconds]
# name 12 = timeJ: Julian Days
# name 13 = sal00: Salinity [PSU]
# name 14 = flag: flag
# span 0 =      2.000,    650.000       
# span 1 =    -0.7709,     0.3992       
# span 2 =   2.783058,   2.921612       
# span 3 =    -0.7710,     0.3999       
# span 4 =   2.783532,   2.921992       
# span 5 =    5.79920,    7.48556       
# span 6 =    -0.0965,     0.1789       
# span 7 =    13.8155,    13.8155       
# span 8 = 0.0000e+00, 0.0000e+00       
# span 9 =  -61.31617,  -61.31617       
# span 10 =  -54.87583,  -54.87583      
# span 11 = 1152841223, 1152842304      
# span 12 = 195.069727, 195.082237      
# span 13 =    34.2271,    34.5366      
# span 14 = 0.0000e+00, 0.0000e+00      
# interval = decibars: 1                
# start_time = Jul 14 2006 01:40:12
# bad_flag = -9.990e-29
*END*
[from data line 193]
    194.000    -0.1202   2.853741    -0.1192   2.854113    6.65035    -0.0301    13.8155 0.0000e+00  -61.31617  -54.87583 1152841660 195.074791    34.3526 0.0000e+00
    195.000    -0.1134   2.854472    -0.1124   2.854867    6.63323    -0.0301    13.8155 0.0000e+00  -61.31617  -54.87583 1152841662 195.074813    34.3542 0.0000e+00
    196.000    -0.1035   2.855550    -0.1030   2.855875    6.61881    -0.0282    13.8155 0.0000e+00  -61.31617  -54.87583 1152841664 195.074834    34.3569 0.0000e+00
    197.000    -0.0960   2.856370    -0.0934   2.856899    6.60859    -0.0384    13.8155 0.0000e+00  -61.31617  -54.87583 1152841665 195.074847    34.3588 0.0000e+00
    198.000    -0.0875   2.857245    -0.0871   2.857567    6.60050    -0.0354    13.8155 0.0000e+00  -61.31617  -54.87583 1152841666 195.074857    34.3601 0.0000e+00
    199.000    -0.0803   2.858005    -0.0788   2.858395    6.59272    -0.0271    13.8155 0.0000e+00  -61.31617  -54.87583 1152841667 195.074867    34.3615 0.0000e+00
    200.000    -0.0735   2.858711    -0.0725   2.859084    6.58233    -0.0283    13.8155 0.0000e+00  -61.31617  -54.87583 1152841668 195.074880    34.3625 0.0000e+00
    201.000    -0.0670   2.859385    -0.0657   2.859811    6.56790    -0.0375    13.8155 0.0000e+00  -61.31617  -54.87583 1152841670 195.074903    34.3637 0.0000e+00
    202.000    -0.0646   2.859674    -0.0637   2.860061    6.55976    -0.0325    13.8155 0.0000e+00  -61.31617  -54.87583 1152841672 195.074923    34.3644 0.0000e+00
    203.000    -0.0644   2.859754    -0.0632   2.860169    6.55532    -0.0427    13.8155 0.0000e+00  -61.31617  -54.87583 1152841673 195.074935    34.3648 0.0000e+00
    204.000    -0.0573   2.860523    -0.0563   2.860888    6.55013    -0.0405    13.8155 0.0000e+00  -61.31617  -54.87583 1152841674 195.074946    34.3664 0.0000e+00
    205.000    -0.0480   2.861495    -0.0471   2.861840    6.54267    -0.0374    13.8155 0.0000e+00  -61.31617  -54.87583 1152841675 195.074958    34.3681 0.0000e+00
    206.000    -0.0433   2.862054    -0.0423   2.862437    6.53324    -0.0381    13.8155 0.0000e+00  -61.31617  -54.87583 1152841676 195.074972    34.3696 0.0000e+00
    207.000    -0.0410   2.862354    -0.0396   2.862762    6.52503    -0.0361    13.8155 0.0000e+00  -61.31617  -54.87583 1152841677 195.074989    34.3705 0.0000e+00
    208.000    -0.0375   2.862718    -0.0368   2.863079    6.51808    -0.0327    13.8155 0.0000e+00  -61.31617  -54.87583 1152841679 195.075006    34.3709 0.0000e+00
    209.000    -0.0329   2.863270    -0.0315   2.863683    6.50995    -0.0397    13.8155 0.0000e+00  -61.31617  -54.87583 1152841680 195.075022    34.3726 0.0000e+00
    210.000    -0.0281   2.863809    -0.0271   2.864195    6.50429    -0.0319    13.8155 0.0000e+00  -61.31617  -54.87583 1152841681 195.075037    34.3737 0.0000e+00
    211.000    -0.0211   2.864559    -0.0211   2.864826    6.49253    -0.0444    13.8155 0.0000e+00  -61.31617  -54.87583 1152841683 195.075050    34.3753 0.0000e+00
    212.000    -0.0112   2.865529    -0.0106   2.865865    6.48407    -0.0348    13.8155 0.0000e+00  -61.31617  -54.87583 1152841684 195.075064    34.3760 0.0000e+00
    213.000    -0.0044   2.866235    -0.0061   2.866373    6.47700    -0.0432    13.8155 0.0000e+00  -61.31617  -54.87583 1152841685 195.075081    34.3770 0.0000e+00
    214.000    -0.0080   2.865984    -0.0019   2.866790    6.46744    -0.0465    13.8155 0.0000e+00  -61.31617  -54.87583 1152841687 195.075096    34.3780 0.0000e+00
    215.000     0.0279   2.869529     0.0310   2.870080    6.44459    -0.0394    13.8155 0.0000e+00  -61.31617  -54.87583 1152841688 195.075110    34.3827 0.0000e+00
    216.000     0.0358   2.870317     0.0325   2.870237    6.43745    -0.0369    13.8155 0.0000e+00  -61.31617  -54.87583 1152841689 195.075124    34.3837 0.0000e+00
    217.000     0.0298   2.869735     0.0243   2.869518    6.42793    -0.0443    13.8155 0.0000e+00  -61.31617  -54.87583 1152841690 195.075138    34.3822 0.0000e+00
    218.000     0.0369   2.870581     0.0523   2.872185    6.41417    -0.0389    13.8155 0.0000e+00  -61.31617  -54.87583 1152841691 195.075152    34.3858 0.0000e+00
    219.000     0.0654   2.873319     0.0673   2.873774    6.40635    -0.0486    13.8155 0.0000e+00  -61.31617  -54.87583 1152841693 195.075166    34.3882 0.0000e+00
    220.000     0.0646   2.873296     0.0635   2.873495    6.39794    -0.0438    13.8155 0.0000e+00  -61.31617  -54.87583 1152841694 195.075180    34.3884 0.0000e+00
    221.000     0.0733   2.874191     0.0753   2.874630    6.38239    -0.0445    13.8155 0.0000e+00  -61.31617  -54.87583 1152841695 195.075198    34.3901 0.0000e+00
    222.000     0.0769   2.874541     0.0786   2.874991    6.37690    -0.0529    13.8155 0.0000e+00  -61.31617  -54.87583 1152841697 195.075216    34.3902 0.0000e+00
    223.000     0.0854   2.875404     0.0863   2.875750    6.36448    -0.0332    13.8155 0.0000e+00  -61.31617  -54.87583 1152841698 195.075233    34.3916 0.0000e+00
    224.000     0.1192   2.878752     0.1234   2.879225    6.34469    -0.0554    13.8155 0.0000e+00  -61.31617  -54.87583 1152841700 195.075246    34.3971 0.0000e+00
    225.000     0.1436   2.881045     0.1437   2.881247    6.32487    -0.0472    13.8155 0.0000e+00  -61.31617  -54.87583 1152841700 195.075257    34.3983 0.0000e+00
    226.000     0.1535   2.881986     0.1546   2.882364    6.31441    -0.0557    13.8155 0.0000e+00  -61.31617  -54.87583 1152841701 195.075269    34.3989 0.0000e+00
    227.000     0.1556   2.882254     0.1572   2.882649    6.29807    -0.0407    13.8155 0.0000e+00  -61.31617  -54.87583 1152841703 195.075282    34.3999 0.0000e+00
    228.000     0.1776   2.884472     0.1801   2.884873    6.27295    -0.0380    13.8155 0.0000e+00  -61.31617  -54.87583 1152841704 195.075300    34.4040 0.0000e+00
    229.000     0.2082   2.887491     0.2093   2.887814    6.25009    -0.0476    13.8155 0.0000e+00  -61.31617  -54.87583 1152841706 195.075318    34.4082 0.0000e+00
    230.000     0.2246   2.889258     0.2266   2.889627    6.22457    -0.0447    13.8155 0.0000e+00  -61.31617  -54.87583 1152841707 195.075333    34.4127 0.0000e+00
    231.000     0.2514   2.892146     0.2463   2.891735    6.19532    -0.0349    13.8155 0.0000e+00  -61.31617  -54.87583 1152841708 195.075348    34.4198 0.0000e+00
    232.000     0.2699   2.894096     0.2692   2.894212    6.17125    -0.0415    13.8155 0.0000e+00  -61.31617  -54.87583 1152841709 195.075361    34.4237 0.0000e+00
    233.000     0.2729   2.894473     0.2749   2.894897    6.15376    -0.0491    13.8155 0.0000e+00  -61.31617  -54.87583 1152841711 195.075374    34.4252 0.0000e+00
    234.000     0.2767   2.894922     0.2782   2.895296    6.14138    -0.0413    13.8155 0.0000e+00  -61.31617  -54.87583 1152841712 195.075389    34.4266 0.0000e+00
    235.000     0.2837   2.895648     0.2852   2.896016    6.12596    -0.0382    13.8155 0.0000e+00  -61.31617  -54.87583 1152841713 195.075407    34.4282 0.0000e+00
    236.000     0.2942   2.896803     0.2952   2.897134    6.11457    -0.0497    13.8155 0.0000e+00  -61.31617  -54.87583 1152841715 195.075422    34.4309 0.0000e+00
    237.000     0.2876   2.896386     0.2875   2.896710    6.10908    -0.0466    13.8155 0.0000e+00  -61.31617  -54.87583 1152841716 195.075436    34.4327 0.0000e+00
    238.000     0.2740   2.895467     0.2741   2.895786    6.10444    -0.0415    13.8155 0.0000e+00  -61.31617  -54.87583 1152841717 195.075449    34.4359 0.0000e+00
    239.000     0.2707   2.895260     0.2713   2.895610    6.10057    -0.0379    13.8155 0.0000e+00  -61.31617  -54.87583 1152841718 195.075462    34.4366 0.0000e+00
    240.000     0.2719   2.895453     0.2732   2.895855    6.09630    -0.0413    13.8155 0.0000e+00  -61.31617  -54.87583 1152841719 195.075476    34.4374 0.0000e+00
    241.000     0.2735   2.895666     0.2747   2.896061    6.09360    -0.0521    13.8155 0.0000e+00  -61.31617  -54.87583 1152841721 195.075491    34.4378 0.0000e+00
    242.000     0.2733   2.895686     0.2746   2.896094    6.08973    -0.0410    13.8155 0.0000e+00  -61.31617  -54.87583 1152841722 195.075508    34.4378 0.0000e+00
    243.000     0.2714   2.895552     0.2725   2.895939    6.08916    -0.0475    13.8155 0.0000e+00  -61.31617  -54.87583 1152841724 195.075528    34.4377 0.0000e+00
    244.000     0.2711   2.895568     0.2716   2.895910    6.09018    -0.0475    13.8155 0.0000e+00  -61.31617  -54.87583 1152841725 195.075543    34.4378 0.0000e+00
    245.000     0.2721   2.895692     0.2731   2.896084    6.09075    -0.0418    13.8155 0.0000e+00  -61.31617  -54.87583 1152841726 195.075555    34.4377 0.0000e+00
    246.000     0.2727   2.895788     0.2735   2.896156    6.09173    -0.0502    13.8155 0.0000e+00  -61.31617  -54.87583 1152841727 195.075565    34.4377 0.0000e+00
    247.000     0.2743   2.895967     0.2754   2.896375    6.09316    -0.0446    13.8155 0.0000e+00  -61.31617  -54.87583 1152841728 195.075577    34.4377 0.0000e+00
    248.000     0.2744   2.896027     0.2739   2.896278    6.09275    -0.0455    13.8155 0.0000e+00  -61.31617  -54.87583 1152841730 195.075594    34.4377 0.0000e+00
    249.000     0.2710   2.895783     0.2723   2.896202    6.09284    -0.0496    13.8155 0.0000e+00  -61.31617  -54.87583 1152841731 195.075613    34.4379 0.0000e+00
    250.000     0.2685   2.895568     0.2690   2.896000    6.09246    -0.0424    13.8155 0.0000e+00  -61.31617  -54.87583 1152841732 195.075627    34.4373 0.0000e+00
    251.000     0.2547   2.894461     0.2544   2.894765    6.09681    -0.0648    13.8155 0.0000e+00  -61.31617  -54.87583 1152841734 195.075640    34.4380 0.0000e+00
    252.000     0.2450   2.893662     0.2486   2.894295    6.09890    -0.0463    13.8155 0.0000e+00  -61.31617  -54.87583 1152841735 195.075655    34.4381 0.0000e+00
    253.000     0.2523   2.894339     0.2544   2.894841    6.09724    -0.0425    13.8155 0.0000e+00  -61.31617  -54.87583 1152841736 195.075670    34.4379 0.0000e+00
    254.000     0.2554   2.894677     0.2608   2.895447    6.09282    -0.0715    13.8155 0.0000e+00  -61.31617  -54.87583 1152841737 195.075684    34.4382 0.0000e+00
    255.000     0.2653   2.895579     0.2670   2.896024    6.09677    -0.0420    13.8155 0.0000e+00  -61.31617  -54.87583 1152841739 195.075698    34.4380 0.0000e+00
    256.000     0.2590   2.895067     0.2592   2.895411    6.09854    -0.0505    13.8155 0.0000e+00  -61.31617  -54.87583 1152841740 195.075714    34.4378 0.0000e+00
    257.000     0.2568   2.894938     0.2575   2.895300    6.10072    -0.0368    13.8155 0.0000e+00  -61.31617  -54.87583 1152841742 195.075732    34.4381 0.0000e+00
    258.000     0.2472   2.894090     0.2521   2.894942    6.10856    -0.0600    13.8155 0.0000e+00  -61.31617  -54.87583 1152841743 195.075749    34.4371 0.0000e+00
    259.000     0.2382   2.893406     0.2396   2.893835    6.10945    -0.0467    13.8155 0.0000e+00  -61.31617  -54.87583 1152841744 195.075763    34.4381 0.0000e+00
    260.000     0.2399   2.893597     0.2409   2.894007    6.11106    -0.0565    13.8155 0.0000e+00  -61.31617  -54.87583 1152841745 195.075774    34.4380 0.0000e+00
    261.000     0.2397   2.893618     0.2403   2.894010    6.11198    -0.0480    13.8155 0.0000e+00  -61.31617  -54.87583 1152841746 195.075784    34.4379 0.0000e+00
    262.000     0.2261   2.892429     0.2335   2.893579    6.11494    -0.0500    13.8155 0.0000e+00  -61.31617  -54.87583 1152841747 195.075795    34.4372 0.0000e+00
    263.000     0.2154   2.891579     0.2161   2.891968    6.11746    -0.0418    13.8155 0.0000e+00  -61.31617  -54.87583 1152841748 195.075810    34.4376 0.0000e+00
    264.000     0.2181   2.891872     0.2189   2.892248    6.12406    -0.0528    13.8155 0.0000e+00  -61.31617  -54.87583 1152841750 195.075835    34.4375 0.0000e+00
    265.000     0.2205   2.892135     0.2212   2.892503    6.12473    -0.0451    13.8155 0.0000e+00  -61.31617  -54.87583 1152841752 195.075854    34.4374 0.0000e+00
    266.000     0.2238   2.892465     0.2250   2.892878    6.12560    -0.0508    13.8155 0.0000e+00  -61.31617  -54.87583 1152841753 195.075867    34.4373 0.0000e+00
    267.000     0.2240   2.892523     0.2254   2.892985    6.12525    -0.0517    13.8155 0.0000e+00  -61.31617  -54.87583 1152841754 195.075879    34.4371 0.0000e+00
    268.000     0.2231   2.892505     0.2238   2.892892    6.12629    -0.0545    13.8155 0.0000e+00  -61.31617  -54.87583 1152841755 195.075891    34.4373 0.0000e+00
    269.000     0.2237   2.892614     0.2244   2.892981    6.12585    -0.0457    13.8155 0.0000e+00  -61.31617  -54.87583 1152841756 195.075903    34.4375 0.0000e+00
    270.000     0.2249   2.892744     0.2255   2.893122    6.12174    -0.0502    13.8155 0.0000e+00  -61.31617  -54.87583 1152841757 195.075916    34.4371 0.0000e+00
    271.000     0.2286   2.893132     0.2296   2.893549    6.12027    -0.0632    13.8155 0.0000e+00  -61.31617  -54.87583 1152841759 195.075930    34.4374 0.0000e+00
    272.000     0.2258   2.892932     0.2264   2.893299    6.12263    -0.0595    13.8155 0.0000e+00  -61.31617  -54.87583 1152841761 195.075952    34.4374 0.0000e+00
    273.000     0.2250   2.892907     0.2265   2.893353    6.12516    -0.0485    13.8155 0.0000e+00  -61.31617  -54.87583 1152841762 195.075971    34.4375 0.0000e+00
    274.000     0.2147   2.892007     0.2165   2.892549    6.12794    -0.0639    13.8155 0.0000e+00  -61.31617  -54.87583 1152841763 195.075984    34.4366 0.0000e+00
    275.000     0.2110   2.891764     0.2117   2.892161    6.12820    -0.0512    13.8155 0.0000e+00  -61.31617  -54.87583 1152841764 195.075995    34.4372 0.0000e+00
    276.000     0.2102   2.891718     0.2111   2.892132    6.12992    -0.0603    13.8155 0.0000e+00  -61.31617  -54.87583 1152841765 195.076008    34.4369 0.0000e+00
    277.000     0.2095   2.891730     0.2100   2.892110    6.13176    -0.0679    13.8155 0.0000e+00  -61.31617  -54.87583 1152841766 195.076022    34.4371 0.0000e+00
    278.000     0.2088   2.891720     0.2094   2.892117    6.13403    -0.0501    13.8155 0.0000e+00  -61.31617  -54.87583 1152841768 195.076036    34.4372 0.0000e+00
    279.000     0.2093   2.891833     0.2105   2.892259    6.13378    -0.0532    13.8155 0.0000e+00  -61.31617  -54.87583 1152841769 195.076051    34.4375 0.0000e+00
    280.000     0.2098   2.891958     0.2106   2.892368    6.13423    -0.0507    13.8155 0.0000e+00  -61.31617  -54.87583 1152841771 195.076073    34.4378 0.0000e+00
    281.000     0.2100   2.892064     0.2112   2.892491    6.13374    -0.0484    13.8155 0.0000e+00  -61.31617  -54.87583 1152841772 195.076091    34.4384 0.0000e+00
    282.000     0.2098   2.892044     0.2104   2.892450    6.13741    -0.0489    13.8155 0.0000e+00  -61.31617  -54.87583 1152841773 195.076103    34.4377 0.0000e+00
    283.000     0.2064   2.891822     0.2071   2.892245    6.13749    -0.0499    13.8155 0.0000e+00  -61.31617  -54.87583 1152841774 195.076112    34.4381 0.0000e+00
    284.000     0.2047   2.891714     0.2061   2.892185    6.13756    -0.0556    13.8155 0.0000e+00  -61.31617  -54.87583 1152841775 195.076120    34.4380 0.0000e+00
    285.000     0.2048   2.891774     0.2058   2.892197    6.13763    -0.0531    13.8155 0.0000e+00  -61.31617  -54.87583 1152841776 195.076129    34.4380 0.0000e+00
    286.000     0.2051   2.891857     0.2057   2.892240    6.13585    -0.0504    13.8155 0.0000e+00  -61.31617  -54.87583 1152841777 195.076150    34.4382 0.0000e+00
    287.000     0.2059   2.891982     0.2071   2.892416    6.13681    -0.0556    13.8155 0.0000e+00  -61.31617  -54.87583 1152841781 195.076185    34.4382 0.0000e+00
    288.000     0.2042   2.891949     0.2055   2.892399    6.14038    -0.0503    13.8155 0.0000e+00  -61.31617  -54.87583 1152841782 195.076199    34.4392 0.0000e+00
    289.000     0.2061   2.892182     0.2074   2.892625    6.13873    -0.0573    13.8155 0.0000e+00  -61.31617  -54.87583 1152841783 195.076209    34.4394 0.0000e+00
