product_data/regression_test/downloaded_data/MDGS/320620060703/ctd/adapted/heads_insert_p6622803.cnv
* Sea-Bird SBE 9 Data File:
* FileName = D:\Data\Raw\p6622803.dat
* Software Version Seasave Win32 V 5.32
* Temperature SN = 1649
* Conductivity SN = 1431
* Number of Bytes Per Scan = 37
* Number of Voltage Words = 5
* Number of Scans Averaged by the Deck Unit = 1
* NMEA Latitude = 63 03.41 S
* NMEA Longitude = 057 19.21 W
* NMEA UTC (Time) = 05:51:10
** Ship:   Nathaniel B. Palmer 
** Cruise:    NBP0606 
# nquan = 15
# nvalues = 326                         
# units = specified
# name 0 = prDM: Pressure, Digiquartz [db]
# name 1 = t090C: Temperature [ITS-90, deg C]
# name 2 = c0S/m: Conductivity [S/m]
# name 3 = t190C: Temperature, 2 [ITS-90, deg C]
# name 4 = c1S/m: Conductivity, 2 [S/m]
# name 5 = sbeox0ML/L: Oxygen, SBE 43 [ml/l]
# name 6 = flECO-AFL: Fluorescence, Wetlab ECO-AFL/FL [mg/m^3]
# name 7 = bat: Beam Attenuation, Chelsea/Seatech/Wetlab CStar [1/m]
# name 8 = spar: SPAR/Surface Irradiance
# name 9 = latitude: Latitude [deg]
# name 10 = longitude: Longitude [deg]
# name 11 = timeY: Time, System [seconds]
# name 12 = timeJ: Julian Days
# name 13 = sal00: Salinity [PSU]
# name 14 = flag: flag
# span 0 =      1.000,    326.000       
# span 1 =    -1.8843,    -1.8392       
# span 2 =   2.706293,   3.043812       
# span 3 =    -1.8841,    -1.8389       
# span 4 =   2.706919,   3.021303       
# span 5 =    5.00959,    7.64622       
# span 6 =    -0.0711,     0.0224       
# span 7 =    13.8155,    13.8155       
# span 8 = 0.0000e+00, 0.0000e+00       
# span 9 =  -63.05683,  -63.05683       
# span 10 =  -57.32017,  -57.32017      
# span 11 = 1154670726, 1154671374      
# span 12 = 216.244527, 216.252036      
# span 13 =    34.4655,    38.1898      
# span 14 = 0.0000e+00, 0.0000e+00      
# interval = decibars: 1                
# start_time = Aug 04 2006 05:52:01
# bad_flag = -9.990e-29
*END*
[from data line 97]
     97.000    -1.8841   2.710793    -1.8837   2.711122    7.63344    -0.0023    13.8155 0.0000e+00  -63.05683  -57.32017 1154671004 216.247756    34.4832 0.0000e+00
     98.000    -1.8842   2.710838    -1.8838   2.711170    7.63410    -0.0035    13.8155 0.0000e+00  -63.05683  -57.32017 1154671006 216.247779    34.4832 0.0000e+00
     99.000    -1.8841   2.710889    -1.8837   2.711219    7.63301    -0.0096    13.8155 0.0000e+00  -63.05683  -57.32017 1154671008 216.247801    34.4832 0.0000e+00
    100.000    -1.8841   2.710935    -1.8836   2.711264    7.63207    -0.0043    13.8155 0.0000e+00  -63.05683  -57.32017 1154671010 216.247823    34.4833 0.0000e+00
    101.000    -1.8842   2.710983    -1.8837   2.711302    7.63400    -0.0376    13.8155 0.0000e+00  -63.05683  -57.32017 1154671012 216.247846    34.4833 0.0000e+00
    102.000    -1.8842   2.711029    -1.8838   2.711348    7.63258    -0.0266    13.8155 0.0000e+00  -63.05683  -57.32017 1154671014 216.247868    34.4834 0.0000e+00
    103.000    -1.8842   2.711078    -1.8837   2.711397    7.63083     0.0101    13.8155 0.0000e+00  -63.05683  -57.32017 1154671016 216.247890    34.4834 0.0000e+00
    104.000    -1.8841   2.711126    -1.8836   2.711444    7.62964     0.0032    13.8155 0.0000e+00  -63.05683  -57.32017 1154671018 216.247913    34.4834 0.0000e+00
    105.000    -1.8842   2.711175    -1.8837   2.711490    7.62761    -0.0098    13.8155 0.0000e+00  -63.05683  -57.32017 1154671020 216.247936    34.4834 0.0000e+00
    106.000    -1.8842   2.711224    -1.8837   2.711537    7.62821    -0.0084    13.8155 0.0000e+00  -63.05683  -57.32017 1154671022 216.247959    34.4835 0.0000e+00
    107.000    -1.8841   2.711272    -1.8835   2.711587    7.62937    -0.0221    13.8155 0.0000e+00  -63.05683  -57.32017 1154671024 216.247981    34.4835 0.0000e+00
    108.000    -1.8842   2.711321    -1.8836   2.711636    7.63060     0.0161    13.8155 0.0000e+00  -63.05683  -57.32017 1154671025 216.248003    34.4836 0.0000e+00
    109.000    -1.8841   2.711368    -1.8836   2.711683    7.63180    -0.0123    13.8155 0.0000e+00  -63.05683  -57.32017 1154671027 216.248023    34.4835 0.0000e+00
    110.000    -1.8842   2.711420    -1.8836   2.711724    7.63271    -0.0130    13.8155 0.0000e+00  -63.05683  -57.32017 1154671029 216.248042    34.4837 0.0000e+00
    111.000    -1.8841   2.711459    -1.8836   2.711768    7.63379    -0.0245    13.8155 0.0000e+00  -63.05683  -57.32017 1154671030 216.248061    34.4835 0.0000e+00
    112.000    -1.8842   2.711513    -1.8837   2.711816    7.63707    -0.0138    13.8155 0.0000e+00  -63.05683  -57.32017 1154671032 216.248080    34.4837 0.0000e+00
    113.000    -1.8841   2.711562    -1.8836   2.711863    7.63654    -0.0017    13.8155 0.0000e+00  -63.05683  -57.32017 1154671034 216.248099    34.4836 0.0000e+00
    114.000    -1.8841   2.711606    -1.8835   2.711916    7.63590    -0.0152    13.8155 0.0000e+00  -63.05683  -57.32017 1154671035 216.248116    34.4836 0.0000e+00
    115.000    -1.8841   2.711655    -1.8836   2.711958    7.63497    -0.0210    13.8155 0.0000e+00  -63.05683  -57.32017 1154671037 216.248134    34.4836 0.0000e+00
    116.000    -1.8841   2.711700    -1.8835   2.712007    7.63789    -0.0162    13.8155 0.0000e+00  -63.05683  -57.32017 1154671038 216.248151    34.4836 0.0000e+00
    117.000    -1.8840   2.711751    -1.8835   2.712059    7.63674    -0.0289    13.8155 0.0000e+00  -63.05683  -57.32017 1154671040 216.248168    34.4836 0.0000e+00
    118.000    -1.8841   2.711799    -1.8836   2.712095    7.63239    -0.0200    13.8155 0.0000e+00  -63.05683  -57.32017 1154671041 216.248185    34.4838 0.0000e+00
    119.000    -1.8839   2.711856    -1.8833   2.712148    7.63212    -0.0126    13.8155 0.0000e+00  -63.05683  -57.32017 1154671043 216.248202    34.4836 0.0000e+00
    120.000    -1.8838   2.711906    -1.8832   2.712203    7.63207    -0.0108    13.8155 0.0000e+00  -63.05683  -57.32017 1154671044 216.248218    34.4836 0.0000e+00
    121.000    -1.8839   2.711945    -1.8833   2.712250    7.62918    -0.0095    13.8155 0.0000e+00  -63.05683  -57.32017 1154671045 216.248234    34.4835 0.0000e+00
    122.000    -1.8839   2.711995    -1.8832   2.712291    7.62763    -0.0235    13.8155 0.0000e+00  -63.05683  -57.32017 1154671047 216.248250    34.4836 0.0000e+00
    123.000    -1.8838   2.712044    -1.8832   2.712341    7.62780    -0.0157    13.8155 0.0000e+00  -63.05683  -57.32017 1154671048 216.248265    34.4836 0.0000e+00
    124.000    -1.8838   2.712090    -1.8833   2.712381    7.62840    -0.0378    13.8155 0.0000e+00  -63.05683  -57.32017 1154671049 216.248280    34.4835 0.0000e+00
    125.000    -1.8837   2.712143    -1.8831   2.712434    7.62899    -0.0432    13.8155 0.0000e+00  -63.05683  -57.32017 1154671051 216.248295    34.4835 0.0000e+00
    126.000    -1.8837   2.712190    -1.8831   2.712484    7.62970     0.0106    13.8155 0.0000e+00  -63.05683  -57.32017 1154671052 216.248310    34.4836 0.0000e+00
    127.000    -1.8837   2.712238    -1.8831   2.712535    7.63093    -0.0129    13.8155 0.0000e+00  -63.05683  -57.32017 1154671053 216.248324    34.4836 0.0000e+00
    128.000    -1.8837   2.712286    -1.8830   2.712579    7.63259    -0.0085    13.8155 0.0000e+00  -63.05683  -57.32017 1154671054 216.248338    34.4836 0.0000e+00
    129.000    -1.8837   2.712332    -1.8831   2.712626    7.63259    -0.0128    13.8155 0.0000e+00  -63.05683  -57.32017 1154671056 216.248353    34.4836 0.0000e+00
    130.000    -1.8836   2.712384    -1.8830   2.712673    7.62971    -0.0361    13.8155 0.0000e+00  -63.05683  -57.32017 1154671057 216.248367    34.4836 0.0000e+00
    131.000    -1.8836   2.712430    -1.8831   2.712718    7.62999    -0.0041    13.8155 0.0000e+00  -63.05683  -57.32017 1154671058 216.248382    34.4836 0.0000e+00
    132.000    -1.8837   2.712475    -1.8831   2.712771    7.62844    -0.0217    13.8155 0.0000e+00  -63.05683  -57.32017 1154671059 216.248396    34.4837 0.0000e+00
    133.000    -1.8836   2.712525    -1.8830   2.712814    7.62869     0.0069    13.8155 0.0000e+00  -63.05683  -57.32017 1154671061 216.248410    34.4836 0.0000e+00
    134.000    -1.8837   2.712575    -1.8831   2.712859    7.62864    -0.0182    13.8155 0.0000e+00  -63.05683  -57.32017 1154671062 216.248424    34.4837 0.0000e+00
    135.000    -1.8837   2.712616    -1.8830   2.712907    7.62916    -0.0367    13.8155 0.0000e+00  -63.05683  -57.32017 1154671063 216.248439    34.4837 0.0000e+00
    136.000    -1.8837   2.712671    -1.8832   2.712946    7.63125    -0.0142    13.8155 0.0000e+00  -63.05683  -57.32017 1154671064 216.248453    34.4838 0.0000e+00
    137.000    -1.8838   2.712713    -1.8832   2.713000    7.63290    -0.0202    13.8155 0.0000e+00  -63.05683  -57.32017 1154671066 216.248467    34.4839 0.0000e+00
    138.000    -1.8838   2.712762    -1.8833   2.713049    7.63343    -0.0144    13.8155 0.0000e+00  -63.05683  -57.32017 1154671067 216.248482    34.4839 0.0000e+00
    139.000    -1.8838   2.712809    -1.8833   2.713088    7.63433    -0.0203    13.8155 0.0000e+00  -63.05683  -57.32017 1154671068 216.248496    34.4839 0.0000e+00
    140.000    -1.8837   2.712857    -1.8831   2.713143    7.63498    -0.0343    13.8155 0.0000e+00  -63.05683  -57.32017 1154671069 216.248510    34.4839 0.0000e+00
    141.000    -1.8835   2.712916    -1.8830   2.713189    7.63423    -0.0155    13.8155 0.0000e+00  -63.05683  -57.32017 1154671071 216.248525    34.4838 0.0000e+00
    142.000    -1.8836   2.712952    -1.8830   2.713232    7.63320    -0.0093    13.8155 0.0000e+00  -63.05683  -57.32017 1154671072 216.248539    34.4838 0.0000e+00
    143.000    -1.8837   2.712995    -1.8831   2.713285    7.63255    -0.0363    13.8155 0.0000e+00  -63.05683  -57.32017 1154671073 216.248554    34.4839 0.0000e+00
    144.000    -1.8835   2.713051    -1.8830   2.713327    7.63234    -0.0411    13.8155 0.0000e+00  -63.05683  -57.32017 1154671074 216.248568    34.4837 0.0000e+00
    145.000    -1.8836   2.713099    -1.8830   2.713368    7.63192    -0.0257    13.8155 0.0000e+00  -63.05683  -57.32017 1154671076 216.248583    34.4839 0.0000e+00
    146.000    -1.8836   2.713146    -1.8830   2.713421    7.63344    -0.0366    13.8155 0.0000e+00  -63.05683  -57.32017 1154671077 216.248598    34.4839 0.0000e+00
    147.000    -1.8836   2.713191    -1.8830   2.713473    7.63422    -0.0438    13.8155 0.0000e+00  -63.05683  -57.32017 1154671078 216.248612    34.4839 0.0000e+00
    148.000    -1.8837   2.713236    -1.8830   2.713517    7.63382    -0.0200    13.8155 0.0000e+00  -63.05683  -57.32017 1154671079 216.248626    34.4840 0.0000e+00
    149.000    -1.8836   2.713286    -1.8831   2.713559    7.63218    -0.0109    13.8155 0.0000e+00  -63.05683  -57.32017 1154671081 216.248641    34.4839 0.0000e+00
    150.000    -1.8837   2.713330    -1.8831   2.713608    7.63096    -0.0258    13.8155 0.0000e+00  -63.05683  -57.32017 1154671082 216.248655    34.4841 0.0000e+00
    151.000    -1.8836   2.713379    -1.8831   2.713655    7.63074    -0.0198    13.8155 0.0000e+00  -63.05683  -57.32017 1154671083 216.248670    34.4840 0.0000e+00
    152.000    -1.8835   2.713430    -1.8830   2.713700    7.63269    -0.0169    13.8155 0.0000e+00  -63.05683  -57.32017 1154671084 216.248684    34.4839 0.0000e+00
    153.000    -1.8836   2.713473    -1.8829   2.713748    7.63000    -0.0100    13.8155 0.0000e+00  -63.05683  -57.32017 1154671086 216.248699    34.4840 0.0000e+00
    154.000    -1.8835   2.713524    -1.8829   2.713804    7.63146    -0.0398    13.8155 0.0000e+00  -63.05683  -57.32017 1154671087 216.248713    34.4840 0.0000e+00
    155.000    -1.8836   2.713569    -1.8830   2.713843    7.63247    -0.0426    13.8155 0.0000e+00  -63.05683  -57.32017 1154671088 216.248728    34.4840 0.0000e+00
    156.000    -1.8835   2.713616    -1.8830   2.713884    7.63194    -0.0350    13.8155 0.0000e+00  -63.05683  -57.32017 1154671089 216.248742    34.4840 0.0000e+00
    157.000    -1.8835   2.713668    -1.8830   2.713941    7.63307    -0.0321    13.8155 0.0000e+00  -63.05683  -57.32017 1154671091 216.248757    34.4840 0.0000e+00
    158.000    -1.8836   2.713712    -1.8831   2.713983    7.63411    -0.0281    13.8155 0.0000e+00  -63.05683  -57.32017 1154671092 216.248771    34.4842 0.0000e+00
    159.000    -1.8835   2.713761    -1.8828   2.714031    7.63498    -0.0260    13.8155 0.0000e+00  -63.05683  -57.32017 1154671093 216.248786    34.4840 0.0000e+00
    160.000    -1.8835   2.713811    -1.8830   2.714076    7.63650    -0.0249    13.8155 0.0000e+00  -63.05683  -57.32017 1154671094 216.248800    34.4841 0.0000e+00
    161.000    -1.8834   2.713861    -1.8828   2.714127    7.63721    -0.0202    13.8155 0.0000e+00  -63.05683  -57.32017 1154671096 216.248815    34.4840 0.0000e+00
    162.000    -1.8834   2.713906    -1.8828   2.714170    7.63827    -0.0329    13.8155 0.0000e+00  -63.05683  -57.32017 1154671097 216.248830    34.4840 0.0000e+00
    163.000    -1.8833   2.713958    -1.8829   2.714224    7.63842    -0.0328    13.8155 0.0000e+00  -63.05683  -57.32017 1154671098 216.248844    34.4841 0.0000e+00
    164.000    -1.8833   2.714001    -1.8827   2.714271    7.63719    -0.0092    13.8155 0.0000e+00  -63.05683  -57.32017 1154671099 216.248858    34.4839 0.0000e+00
    165.000    -1.8834   2.714049    -1.8829   2.714308    7.63696    -0.0280    13.8155 0.0000e+00  -63.05683  -57.32017 1154671101 216.248873    34.4841 0.0000e+00
    166.000    -1.8834   2.714101    -1.8829   2.714358    7.63794    -0.0088    13.8155 0.0000e+00  -63.05683  -57.32017 1154671102 216.248887    34.4842 0.0000e+00
    167.000    -1.8833   2.714148    -1.8827   2.714406    7.63851    -0.0302    13.8155 0.0000e+00  -63.05683  -57.32017 1154671103 216.248902    34.4840 0.0000e+00
    168.000    -1.8835   2.714191    -1.8828   2.714452    7.63954    -0.0430    13.8155 0.0000e+00  -63.05683  -57.32017 1154671104 216.248916    34.4843 0.0000e+00
    169.000    -1.8834   2.714236    -1.8829   2.714491    7.64056    -0.0505    13.8155 0.0000e+00  -63.05683  -57.32017 1154671106 216.248931    34.4842 0.0000e+00
    170.000    -1.8833   2.714289    -1.8828   2.714546    7.64240    -0.0391    13.8155 0.0000e+00  -63.05683  -57.32017 1154671107 216.248945    34.4842 0.0000e+00
    171.000    -1.8835   2.714333    -1.8829   2.714594    7.64068    -0.0327    13.8155 0.0000e+00  -63.05683  -57.32017 1154671108 216.248960    34.4844 0.0000e+00
    172.000    -1.8834   2.714379    -1.8830   2.714638    7.63837    -0.0430    13.8155 0.0000e+00  -63.05683  -57.32017 1154671109 216.248974    34.4842 0.0000e+00
    173.000    -1.8833   2.714428    -1.8827   2.714689    7.63847    -0.0488    13.8155 0.0000e+00  -63.05683  -57.32017 1154671111 216.248989    34.4842 0.0000e+00
    174.000    -1.8831   2.714484    -1.8826   2.714739    7.63628    -0.0190    13.8155 0.0000e+00  -63.05683  -57.32017 1154671112 216.249003    34.4841 0.0000e+00
    175.000    -1.8830   2.714528    -1.8826   2.714787    7.63253    -0.0184    13.8155 0.0000e+00  -63.05683  -57.32017 1154671113 216.249017    34.4840 0.0000e+00
    176.000    -1.8834   2.714573    -1.8829   2.714824    7.63229    -0.0207    13.8155 0.0000e+00  -63.05683  -57.32017 1154671114 216.249032    34.4844 0.0000e+00
    177.000    -1.8835   2.714614    -1.8829   2.714875    7.63391    -0.0241    13.8155 0.0000e+00  -63.05683  -57.32017 1154671116 216.249046    34.4844 0.0000e+00
    178.000    -1.8837   2.714658    -1.8831   2.714911    7.63592    -0.0327    13.8155 0.0000e+00  -63.05683  -57.32017 1154671117 216.249060    34.4846 0.0000e+00
    179.000    -1.8835   2.714706    -1.8830   2.714963    7.63432    -0.0559    13.8155 0.0000e+00  -63.05683  -57.32017 1154671118 216.249075    34.4844 0.0000e+00
    180.000    -1.8837   2.714745    -1.8832   2.714997    7.63257    -0.0313    13.8155 0.0000e+00  -63.05683  -57.32017 1154671119 216.249090    34.4847 0.0000e+00
    181.000    -1.8838   2.714790    -1.8832   2.715049    7.63444    -0.0282    13.8155 0.0000e+00  -63.05683  -57.32017 1154671121 216.249104    34.4847 0.0000e+00
    182.000    -1.8834   2.714850    -1.8829   2.715102    7.63541    -0.0291    13.8155 0.0000e+00  -63.05683  -57.32017 1154671122 216.249119    34.4844 0.0000e+00
    183.000    -1.8833   2.714892    -1.8829   2.715151    7.63562    -0.0381    13.8155 0.0000e+00  -63.05683  -57.32017 1154671123 216.249133    34.4842 0.0000e+00
    184.000    -1.8834   2.714945    -1.8829   2.715200    7.63782    -0.0158    13.8155 0.0000e+00  -63.05683  -57.32017 1154671124 216.249148    34.4845 0.0000e+00
    185.000    -1.8835   2.714987    -1.8829   2.715239    7.63835    -0.0013    13.8155 0.0000e+00  -63.05683  -57.32017 1154671126 216.249162    34.4845 0.0000e+00
    186.000    -1.8838   2.715037    -1.8832   2.715285    7.63782    -0.0317    13.8155 0.0000e+00  -63.05683  -57.32017 1154671127 216.249177    34.4849 0.0000e+00
    187.000    -1.8837   2.715077    -1.8832   2.715330    7.64005    -0.0294    13.8155 0.0000e+00  -63.05683  -57.32017 1154671128 216.249191    34.4848 0.0000e+00
    188.000    -1.8837   2.715128    -1.8830   2.715379    7.64450    -0.0406    13.8155 0.0000e+00  -63.05683  -57.32017 1154671129 216.249205    34.4848 0.0000e+00
    189.000    -1.8837   2.715176    -1.8831   2.715426    7.64582    -0.0193    13.8155 0.0000e+00  -63.05683  -57.32017 1154671131 216.249220    34.4848 0.0000e+00
    190.000    -1.8837   2.715225    -1.8831   2.715474    7.64512    -0.0319    13.8155 0.0000e+00  -63.05683  -57.32017 1154671132 216.249234    34.4849 0.0000e+00
    191.000    -1.8836   2.715274    -1.8831   2.715529    7.64622    -0.0356    13.8155 0.0000e+00  -63.05683  -57.32017 1154671133 216.249249    34.4848 0.0000e+00
