product_data/regression_test/downloaded_data/MDGS/320620060703/ctd/adapted/heads_insert_p6617608.cnv
* Sea-Bird SBE 9 Data File:
* FileName = D:\Data\Raw\p6617608.dat
* Software Version Seasave Win32 V 5.32
* Temperature SN = 1649
* Conductivity SN = 1431
* Number of Bytes Per Scan = 37
* Number of Voltage Words = 5
* Number of Scans Averaged by the Deck Unit = 1
* NMEA Latitude = 60 36.97 S
* NMEA Longitude = 054 43.19 W
* NMEA UTC (Time) = 11:17:29
** Ship:   Nathaniel B. Palmer 
** Cruise:    NBP0606 
# nquan = 15
# nvalues = 1192                        
# units = specified
# name 0 = prDM: Pressure, Digiquartz [db]
# name 1 = t090C: Temperature [ITS-90, deg C]
# name 2 = c0S/m: Conductivity [S/m]
# name 3 = t190C: Temperature, 2 [ITS-90, deg C]
# name 4 = c1S/m: Conductivity, 2 [S/m]
# name 5 = sbeox0ML/L: Oxygen, SBE 43 [ml/l]
# name 6 = flECO-AFL: Fluorescence, Wetlab ECO-AFL/FL [mg/m^3]
# name 7 = bat: Beam Attenuation, Chelsea/Seatech/Wetlab CStar [1/m]
# name 8 = spar: SPAR/Surface Irradiance
# name 9 = latitude: Latitude [deg]
# name 10 = longitude: Longitude [deg]
# name 11 = timeY: Time, System [seconds]
# name 12 = timeJ: Julian Days
# name 13 = sal00: Salinity [PSU]
# name 14 = flag: flag
# span 0 =     11.000,   1202.000       
# span 1 =    -0.7594,     1.5365       
# span 2 =   2.778691,   3.026195       
# span 3 =    -0.7598,     1.5377       
# span 4 =   2.779156,   3.026523       
# span 5 =    4.78176,    7.70745       
# span 6 =    -0.1115,     0.3638       
# span 7 =    13.8155,    13.8155       
# span 8 = -3.683e-02, 1.9481e+00       
# span 9 =  -60.61617,  -60.61617       
# span 10 =  -54.71983,  -54.71983      
# span 11 = 1153480669, 1153482379      
# span 12 = 202.470721, 202.490513      
# span 13 =    34.1772,    34.7162      
# span 14 = 0.0000e+00, 0.0000e+00      
# interval = decibars: 1                
# start_time = Jul 21 2006 11:17:36
# bad_flag = -9.990e-29
*END*
[from data line 290]
    300.000     0.7406   2.943477     0.7424   2.943684    5.58833    -0.0606    13.8155 0.0000e+00  -60.61617  -54.71983 1153481182 202.476660    34.5030 0.0000e+00
    301.000     0.7560   2.944924     0.7573   2.945283    5.56091    -0.0802    13.8155 0.0000e+00  -60.61617  -54.71983 1153481183 202.476676    34.5038 0.0000e+00
    302.000     0.7230   2.941949     0.7194   2.942023    5.55229    -0.0716    13.8155 0.0000e+00  -60.61617  -54.71983 1153481185 202.476696    34.5027 0.0000e+00
    303.000     0.6810   2.938171     0.6807   2.938574    5.55932    -0.0860    13.8155 0.0000e+00  -60.61617  -54.71983 1153481186 202.476710    34.5015 0.0000e+00
    304.000     0.6710   2.937570     0.6715   2.937895    5.55952    -0.0895    13.8155 0.0000e+00  -60.61617  -54.71983 1153481187 202.476719    34.5053 0.0000e+00
    305.000     0.6819   2.938705     0.6826   2.939036    5.55640    -0.0745    13.8155 0.0000e+00  -60.61617  -54.71983 1153481188 202.476727    34.5071 0.0000e+00
    306.000     0.6961   2.940092     0.6966   2.940402    5.55028    -0.0728    13.8155 0.0000e+00  -60.61617  -54.71983 1153481189 202.476735    34.5081 0.0000e+00
    307.000     0.7104   2.941553     0.7126   2.941920    5.53509    -0.0813    13.8155 0.0000e+00  -60.61617  -54.71983 1153481189 202.476744    34.5105 0.0000e+00
    308.000     0.7110   2.941616     0.7205   2.942772    5.49003    -0.0758    13.8155 0.0000e+00  -60.61617  -54.71983 1153481193 202.476784    34.5103 0.0000e+00
    309.000     0.7665   2.947410     0.7793   2.948254    5.45841    -0.0802    13.8155 0.0000e+00  -60.61617  -54.71983 1153481194 202.476795    34.5238 0.0000e+00
    310.000     0.8580   2.955999     0.8625   2.956239    5.42441    -0.0717    13.8155 0.0000e+00  -60.61617  -54.71983 1153481194 202.476803    34.5291 0.0000e+00
    311.000     0.9220   2.962092     0.9176   2.961508    5.39582    -0.0615    13.8155 0.0000e+00  -60.61617  -54.71983 1153481195 202.476810    34.5345 0.0000e+00
    312.000     0.9864   2.968248     0.9885   2.968314    5.37983    -0.0825    13.8155 0.0000e+00  -60.61617  -54.71983 1153481196 202.476817    34.5401 0.0000e+00
    313.000     0.9796   2.967404     0.9786   2.967552    5.32414    -0.0773    13.8155 0.0000e+00  -60.61617  -54.71983 1153481198 202.476841    34.5373 0.0000e+00
    314.000     0.8626   2.956693     0.8874   2.959125    5.29022    -0.0818    13.8155 0.0000e+00  -60.61617  -54.71983 1153481201 202.476875    34.5311 0.0000e+00
    315.000     1.0283   2.972465     1.0266   2.971844    5.26053    -0.0773    13.8155 0.0000e+00  -60.61617  -54.71983 1153481201 202.476885    34.5458 0.0000e+00
    316.000     1.0517   2.974297     1.0520   2.974476    5.24099    -0.0901    13.8155 0.0000e+00  -60.61617  -54.71983 1153481202 202.476894    34.5446 0.0000e+00
    317.000     1.0556   2.974751     1.0560   2.974942    5.22775    -0.0844    13.8155 0.0000e+00  -60.61617  -54.71983 1153481203 202.476903    34.5462 0.0000e+00
    318.000     1.0566   2.974860     1.0593   2.975284    5.21507    -0.0891    13.8155 0.0000e+00  -60.61617  -54.71983 1153481204 202.476912    34.5462 0.0000e+00
    319.000     1.0590   2.975124     1.0613   2.975525    5.19793    -0.0722    13.8155 0.0000e+00  -60.61617  -54.71983 1153481205 202.476924    34.5470 0.0000e+00
    320.000     1.1035   2.979448     1.0961   2.978771    5.17493    -0.0664    13.8155 0.0000e+00  -60.61617  -54.71983 1153481206 202.476940    34.5526 0.0000e+00
    321.000     1.1189   2.980867     1.1200   2.981133    5.15680    -0.0931    13.8155 0.0000e+00  -60.61617  -54.71983 1153481207 202.476954    34.5531 0.0000e+00
    322.000     1.1189   2.980896     1.1219   2.981354    5.14499    -0.0842    13.8155 0.0000e+00  -60.61617  -54.71983 1153481209 202.476967    34.5535 0.0000e+00
    323.000     1.1234   2.981340     1.1248   2.981662    5.12947    -0.0702    13.8155 0.0000e+00  -60.61617  -54.71983 1153481210 202.476987    34.5543 0.0000e+00
    324.000     1.1237   2.981376     1.1257   2.981793    5.11197    -0.0757    13.8155 0.0000e+00  -60.61617  -54.71983 1153481212 202.477011    34.5546 0.0000e+00
    325.000     1.1281   2.981880     1.1296   2.982195    5.10718    -0.0897    13.8155 0.0000e+00  -60.61617  -54.71983 1153481214 202.477024    34.5562 0.0000e+00
    326.000     1.1488   2.983858     1.1464   2.983818    5.08898    -0.0673    13.8155 0.0000e+00  -60.61617  -54.71983 1153481214 202.477035    34.5577 0.0000e+00
    327.000     1.1853   2.987536     1.1856   2.987436    5.06024    -0.0813    13.8155 0.0000e+00  -60.61617  -54.71983 1153481215 202.477045    34.5640 0.0000e+00
    328.000     1.2548   2.994098     1.2609   2.994659    5.03518    -0.0775    13.8155 0.0000e+00  -60.61617  -54.71983 1153481216 202.477055    34.5683 0.0000e+00
    329.000     1.2532   2.993829     1.2515   2.993907    5.02211    -0.0881    13.8155 0.0000e+00  -60.61617  -54.71983 1153481217 202.477066    34.5659 0.0000e+00
    330.000     1.2494   2.993570     1.2615   2.994816    4.99949    -0.0861    13.8155 0.0000e+00  -60.61617  -54.71983 1153481218 202.477079    34.5672 0.0000e+00
    331.000     1.3319   3.001650     1.3502   3.003066    4.93807    -0.0931    13.8155 0.0000e+00  -60.61617  -54.71983 1153481220 202.477096    34.5784 0.0000e+00
    332.000     1.4601   3.013832     1.4566   3.013534    4.89589    -0.0807    13.8155 0.0000e+00  -60.61617  -54.71983 1153481221 202.477116    34.5882 0.0000e+00
    333.000     1.4525   3.013046     1.4521   3.013162    4.86542    -0.0740    13.8155 0.0000e+00  -60.61617  -54.71983 1153481223 202.477136    34.5874 0.0000e+00
    334.000     1.5365   3.021463     1.5377   3.021096    4.85664    -0.0806    13.8155 0.0000e+00  -60.61617  -54.71983 1153481225 202.477152    34.6018 0.0000e+00
    335.000     1.4768   3.015176     1.4624   3.014769    4.88078    -0.0801    13.8155 0.0000e+00  -60.61617  -54.71983 1153481226 202.477166    34.5855 0.0000e+00
    336.000     1.3487   3.003567     1.3430   3.003606    4.90618    -0.0826    13.8155 0.0000e+00  -60.61617  -54.71983 1153481227 202.477177    34.5847 0.0000e+00
    337.000     1.2819   2.997231     1.2729   2.997037    4.93586    -0.0765    13.8155 0.0000e+00  -60.61617  -54.71983 1153481228 202.477188    34.5788 0.0000e+00
    338.000     1.2310   2.992583     1.2275   2.992767    4.96975    -0.0706    13.8155 0.0000e+00  -60.61617  -54.71983 1153481229 202.477199    34.5770 0.0000e+00
    339.000     1.1589   2.985800     1.1595   2.986525    5.00545    -0.0869    13.8155 0.0000e+00  -60.61617  -54.71983 1153481230 202.477210    34.5704 0.0000e+00
    340.000     1.1237   2.982797     1.1248   2.983337    5.03543    -0.0783    13.8155 0.0000e+00  -60.61617  -54.71983 1153481231 202.477225    34.5714 0.0000e+00
    341.000     1.1460   2.985175     1.1506   2.985784    5.04908    -0.0670    13.8155 0.0000e+00  -60.61617  -54.71983 1153481233 202.477244    34.5753 0.0000e+00
    342.000     1.1809   2.988603     1.1846   2.989143    5.04695    -0.0868    13.8155 0.0000e+00  -60.61617  -54.71983 1153481234 202.477261    34.5783 0.0000e+00
    343.000     1.1994   2.990426     1.2012   2.990825    5.04239    -0.0746    13.8155 0.0000e+00  -60.61617  -54.71983 1153481235 202.477275    34.5796 0.0000e+00
    344.000     1.2117   2.991672     1.2123   2.991961    5.03717    -0.0843    13.8155 0.0000e+00  -60.61617  -54.71983 1153481236 202.477290    34.5808 0.0000e+00
    345.000     1.2142   2.991967     1.2147   2.992276    5.03164    -0.0875    13.8155 0.0000e+00  -60.61617  -54.71983 1153481238 202.477311    34.5809 0.0000e+00
    346.000     1.2188   2.992469     1.2192   2.992773    5.02748    -0.0726    13.8155 0.0000e+00  -60.61617  -54.71983 1153481240 202.477330    34.5816 0.0000e+00
    347.000     1.2307   2.993707     1.2317   2.994026    5.02335    -0.0795    13.8155 0.0000e+00  -60.61617  -54.71983 1153481241 202.477342    34.5833 0.0000e+00
    348.000     1.2331   2.993998     1.2343   2.994337    5.01685    -0.0921    13.8155 0.0000e+00  -60.61617  -54.71983 1153481242 202.477351    34.5838 0.0000e+00
    349.000     1.2378   2.994472     1.2405   2.994962    5.01037    -0.0690    13.8155 0.0000e+00  -60.61617  -54.71983 1153481242 202.477359    34.5838 0.0000e+00
    350.000     1.2527   2.996057     1.2553   2.996419    5.00548    -0.0913    13.8155 0.0000e+00  -60.61617  -54.71983 1153481243 202.477366    34.5872 0.0000e+00
    351.000     1.2696   2.997620     1.2707   2.997958    4.99774    -0.0733    13.8155 0.0000e+00  -60.61617  -54.71983 1153481244 202.477375    34.5871 0.0000e+00
    352.000     1.2649   2.997246     1.2675   2.997730    4.99149    -0.0803    13.8155 0.0000e+00  -60.61617  -54.71983 1153481246 202.477399    34.5873 0.0000e+00
    353.000     1.2678   2.997558     1.2678   2.997807    4.98341    -0.0583    13.8155 0.0000e+00  -60.61617  -54.71983 1153481249 202.477431    34.5877 0.0000e+00
    354.000     1.2729   2.998128     1.2760   2.998624    4.97978    -0.0867    13.8155 0.0000e+00  -60.61617  -54.71983 1153481249 202.477440    34.5887 0.0000e+00
    355.000     1.2775   2.998555     1.2787   2.998945    4.98021    -0.0774    13.8155 0.0000e+00  -60.61617  -54.71983 1153481250 202.477450    34.5883 0.0000e+00
    356.000     1.2803   2.998886     1.2819   2.999264    4.97754    -0.0919    13.8155 0.0000e+00  -60.61617  -54.71983 1153481251 202.477460    34.5890 0.0000e+00
    357.000     1.2866   2.999536     1.2878   2.999888    4.97281    -0.0863    13.8155 0.0000e+00  -60.61617  -54.71983 1153481253 202.477476    34.5897 0.0000e+00
    358.000     1.2909   2.999987     1.2913   3.000287    4.96742    -0.0823    13.8155 0.0000e+00  -60.61617  -54.71983 1153481254 202.477494    34.5900 0.0000e+00
    359.000     1.2901   2.999978     1.2913   3.000358    4.96623    -0.0904    13.8155 0.0000e+00  -60.61617  -54.71983 1153481255 202.477505    34.5904 0.0000e+00
    360.000     1.2907   3.000086     1.2914   3.000423    4.95588    -0.0833    13.8155 0.0000e+00  -60.61617  -54.71983 1153481256 202.477515    34.5907 0.0000e+00
    361.000     1.3024   3.001364     1.3029   3.001549    4.94526    -0.0668    13.8155 0.0000e+00  -60.61617  -54.71983 1153481257 202.477525    34.5936 0.0000e+00
    362.000     1.3219   3.003216     1.3280   3.004080    4.92958    -0.0729    13.8155 0.0000e+00  -60.61617  -54.71983 1153481259 202.477546    34.5945 0.0000e+00
    363.000     1.3666   3.007783     1.3730   3.008402    4.90100    -0.0730    13.8155 0.0000e+00  -60.61617  -54.71983 1153481261 202.477572    34.6025 0.0000e+00
    364.000     1.3904   3.010032     1.3896   3.010140    4.89071    -0.0803    13.8155 0.0000e+00  -60.61617  -54.71983 1153481262 202.477582    34.6031 0.0000e+00
    365.000     1.3920   3.010247     1.3950   3.010744    4.88243    -0.0754    13.8155 0.0000e+00  -60.61617  -54.71983 1153481262 202.477591    34.6039 0.0000e+00
    366.000     1.3961   3.010665     1.3959   3.010916    4.87710    -0.0753    13.8155 0.0000e+00  -60.61617  -54.71983 1153481263 202.477599    34.6043 0.0000e+00
    367.000     1.3962   3.010741     1.3963   3.011002    4.87376    -0.0915    13.8155 0.0000e+00  -60.61617  -54.71983 1153481264 202.477608    34.6047 0.0000e+00
    368.000     1.3952   3.010684     1.3957   3.010979    4.86874    -0.0871    13.8155 0.0000e+00  -60.61617  -54.71983 1153481265 202.477624    34.6048 0.0000e+00
    369.000     1.3939   3.010606     1.3950   3.010948    4.86739    -0.0920    13.8155 0.0000e+00  -60.61617  -54.71983 1153481267 202.477647    34.6052 0.0000e+00
    370.000     1.3921   3.010479     1.3934   3.010845    4.86609    -0.0920    13.8155 0.0000e+00  -60.61617  -54.71983 1153481269 202.477666    34.6053 0.0000e+00
    371.000     1.3932   3.010635     1.3918   3.010737    4.86692    -0.0836    13.8155 0.0000e+00  -60.61617  -54.71983 1153481270 202.477680    34.6056 0.0000e+00
    372.000     1.3883   3.010174     1.3859   3.010262    4.86745    -0.1018    13.8155 0.0000e+00  -60.61617  -54.71983 1153481271 202.477693    34.6048 0.0000e+00
    373.000     1.3804   3.009508     1.3813   3.009867    4.86793    -0.0733    13.8155 0.0000e+00  -60.61617  -54.71983 1153481272 202.477704    34.6049 0.0000e+00
    374.000     1.3810   3.009600     1.3813   3.009893    4.86829    -0.0930    13.8155 0.0000e+00  -60.61617  -54.71983 1153481273 202.477718    34.6048 0.0000e+00
    375.000     1.3794   3.009467     1.3798   3.009792    4.86980    -0.0880    13.8155 0.0000e+00  -60.61617  -54.71983 1153481275 202.477735    34.6046 0.0000e+00
    376.000     1.3819   3.009788     1.3827   3.010130    4.87376    -0.0854    13.8155 0.0000e+00  -60.61617  -54.71983 1153481276 202.477751    34.6052 0.0000e+00
    377.000     1.3824   3.009875     1.3832   3.010222    4.87258    -0.0782    13.8155 0.0000e+00  -60.61617  -54.71983 1153481277 202.477764    34.6050 0.0000e+00
    378.000     1.3822   3.009908     1.3828   3.010234    4.87193    -0.0882    13.8155 0.0000e+00  -60.61617  -54.71983 1153481278 202.477774    34.6051 0.0000e+00
    379.000     1.3832   3.010035     1.3839   3.010380    4.87128    -0.0894    13.8155 0.0000e+00  -60.61617  -54.71983 1153481279 202.477784    34.6051 0.0000e+00
    380.000     1.3831   3.010075     1.3838   3.010428    4.87134    -0.0819    13.8155 0.0000e+00  -60.61617  -54.71983 1153481280 202.477796    34.6052 0.0000e+00
    381.000     1.3833   3.010140     1.3840   3.010476    4.87194    -0.0882    13.8155 0.0000e+00  -60.61617  -54.71983 1153481282 202.477812    34.6053 0.0000e+00
    382.000     1.3839   3.010246     1.3849   3.010604    4.87333    -0.0781    13.8155 0.0000e+00  -60.61617  -54.71983 1153481283 202.477834    34.6053 0.0000e+00
    383.000     1.3845   3.010354     1.3854   3.010716    4.87571    -0.0928    13.8155 0.0000e+00  -60.61617  -54.71983 1153481285 202.477855    34.6055 0.0000e+00
    384.000     1.3836   3.010323     1.3843   3.010660    4.88408    -0.0762    13.8155 0.0000e+00  -60.61617  -54.71983 1153481287 202.477872    34.6055 0.0000e+00
    385.000     1.3829   3.010296     1.3835   3.010655    4.88968    -0.0889    13.8155 0.0000e+00  -60.61617  -54.71983 1153481288 202.477884    34.6054 0.0000e+00
    386.000     1.3833   3.010403     1.3840   3.010752    4.88905    -0.0942    13.8155 0.0000e+00  -60.61617  -54.71983 1153481289 202.477894    34.6059 0.0000e+00
    387.000     1.3829   3.010395     1.3833   3.010732    4.89491    -0.0734    13.8155 0.0000e+00  -60.61617  -54.71983 1153481289 202.477902    34.6056 0.0000e+00
    388.000     1.3759   3.009719     1.3744   3.009950    4.90508    -0.0881    13.8155 0.0000e+00  -60.61617  -54.71983 1153481290 202.477911    34.6040 0.0000e+00
    389.000     1.3435   3.006686     1.3426   3.007117    4.92334    -0.0873    13.8155 0.0000e+00  -60.61617  -54.71983 1153481291 202.477922    34.6010 0.0000e+00
    390.000     1.2799   3.000808     1.2722   3.000564    4.97539    -0.0708    13.8155 0.0000e+00  -60.61617  -54.71983 1153481293 202.477946    34.5977 0.0000e+00
    391.000     1.2458   2.997618     1.2457   2.998145    5.01407    -0.0864    13.8155 0.0000e+00  -60.61617  -54.71983 1153481295 202.477964    34.5939 0.0000e+00
    392.000     1.1880   2.992202     1.1842   2.992595    5.05503    -0.0896    13.8155 0.0000e+00  -60.61617  -54.71983 1153481296 202.477975    34.5900 0.0000e+00
    393.000     1.0866   2.982731     1.0793   2.982881    5.09294    -0.0827    13.8155 0.0000e+00  -60.61617  -54.71983 1153481297 202.477986    34.5816 0.0000e+00
    394.000     1.0260   2.977280     1.0303   2.978235    5.13275    -0.0800    13.8155 0.0000e+00  -60.61617  -54.71983 1153481298 202.478000    34.5802 0.0000e+00
