product_data/regression_test/downloaded_data/MDGS/320620060703/ctd/adapted/heads_insert_p6609901.cnv
* Sea-Bird SBE 9 Data File:
* FileName = D:\Data\Raw\p6609901.dat
* Software Version Seasave Win32 V 5.32
* Temperature SN = 1649
* Conductivity SN = 1431
* Number of Bytes Per Scan = 37
* Number of Voltage Words = 5
* Number of Scans Averaged by the Deck Unit = 1
* NMEA Latitude = 60 16.70 S
* NMEA Longitude = 057 27.05 W
* NMEA UTC (Time) = 12:24:31
** Ship:   Nathaniel B. Palmer 
** Cruise:    NBP0606 
# nquan = 15
# nvalues = 991                         
# units = specified
# name 0 = prDM: Pressure, Digiquartz [db]
# name 1 = t090C: Temperature [ITS-90, deg C]
# name 2 = c0S/m: Conductivity [S/m]
# name 3 = t190C: Temperature, 2 [ITS-90, deg C]
# name 4 = c1S/m: Conductivity, 2 [S/m]
# name 5 = sbeox0ML/L: Oxygen, SBE 43 [ml/l]
# name 6 = flECO-AFL: Fluorescence, Wetlab ECO-AFL/FL [mg/m^3]
# name 7 = bat: Beam Attenuation, Chelsea/Seatech/Wetlab CStar [1/m]
# name 8 = spar: SPAR/Surface Irradiance
# name 9 = latitude: Latitude [deg]
# name 10 = longitude: Longitude [deg]
# name 11 = timeY: Time, System [seconds]
# name 12 = timeJ: Julian Days
# name 13 = sal00: Salinity [PSU]
# name 14 = flag: flag
# span 0 =     14.000,   1004.000       
# span 1 =    -0.5268,     2.1082       
# span 2 =   2.774911,   3.082492       
# span 3 =    -0.5267,     2.1086       
# span 4 =   2.775690,   3.082930       
# span 5 =    4.34434,    8.07182       
# span 6 =    -0.1036,     0.3408       
# span 7 =    13.8155,    13.8155       
# span 8 = -2.789e-01, 9.7313e+00       
# span 9 =  -60.27833,  -60.27833       
# span 10 =  -57.45083,  -57.45083      
# span 11 = 1152707080, 1152708469      
# span 12 = 193.517137, 193.533223      
# span 13 =    33.8288,    34.7236      
# span 14 = 0.0000e+00, 0.0000e+00      
# interval = decibars: 1                
# start_time = Jul 12 2006 12:24:39
# bad_flag = -9.990e-29
*END*
[from data line 772]
    785.000     1.9022   3.081270     1.9029   3.081732    4.56826    -0.0732    13.8155 -9.990e-29  -60.27833  -57.45083 1152708184 193.529922    34.7079 0.0000e+00
    786.000     1.8998   3.081142     1.9002   3.081587    4.56827    -0.0797    13.8155 -9.990e-29  -60.27833  -57.45083 1152708185 193.529933    34.7084 0.0000e+00
    787.000     1.8984   3.081089     1.8989   3.081534    4.56757    -0.0850    13.8155 5.5003e+00  -60.27833  -57.45083 1152708186 193.529944    34.7087 0.0000e+00
    788.000     1.8975   3.081052     1.8979   3.081502    4.56858    -0.0856    13.8155 3.9118e+00  -60.27833  -57.45083 1152708187 193.529955    34.7086 0.0000e+00
    789.000     1.8965   3.081009     1.8969   3.081461    4.57011    -0.0710    13.8155 4.0709e+00  -60.27833  -57.45083 1152708188 193.529976    34.7087 0.0000e+00
    790.000     1.8962   3.081046     1.8965   3.081485    4.57233    -0.0826    13.8155 -9.990e-29  -60.27833  -57.45083 1152708192 193.530021    34.7089 0.0000e+00
    791.000     1.8952   3.081025     1.8957   3.081469    4.57456    -0.0707    13.8155 -9.990e-29  -60.27833  -57.45083 1152708193 193.530032    34.7091 0.0000e+00
    792.000     1.8947   3.081027     1.8953   3.081484    4.57808    -0.0564    13.8155 -9.990e-29  -60.27833  -57.45083 1152708194 193.530042    34.7091 0.0000e+00
    793.000     1.8941   3.081014     1.8946   3.081467    4.57875    -0.0743    13.8155 -9.990e-29  -60.27833  -57.45083 1152708195 193.530051    34.7090 0.0000e+00
    794.000     1.8919   3.080889     1.8923   3.081338    4.57848    -0.0802    13.8155 -9.990e-29  -60.27833  -57.45083 1152708196 193.530058    34.7094 0.0000e+00
    795.000     1.8913   3.080886     1.8916   3.081344    4.57809    -0.0878    13.8155 -9.990e-29  -60.27833  -57.45083 1152708196 193.530066    34.7095 0.0000e+00
    796.000     1.8904   3.080850     1.8908   3.081311    4.57781    -0.0801    13.8155 -9.990e-29  -60.27833  -57.45083 1152708197 193.530073    34.7095 0.0000e+00
    797.000     1.8900   3.080864     1.8902   3.081295    4.57753    -0.0834    13.8155 -9.990e-29  -60.27833  -57.45083 1152708197 193.530080    34.7096 0.0000e+00
    798.000     1.8882   3.080764     1.8887   3.081214    4.57732    -0.0754    13.8155 5.8262e+00  -60.27833  -57.45083 1152708198 193.530089    34.7098 0.0000e+00
    799.000     1.8886   3.080846     1.8886   3.081270    4.58443    -0.0670    13.8155 5.5960e+00  -60.27833  -57.45083 1152708203 193.530138    34.7097 0.0000e+00
    800.000     1.8887   3.080927     1.8887   3.081334    4.58683    -0.0931    13.8155 -9.990e-29  -60.27833  -57.45083 1152708205 193.530168    34.7100 0.0000e+00
    801.000     1.8855   3.080684     1.8864   3.081205    4.58859    -0.0974    13.8155 -9.990e-29  -60.27833  -57.45083 1152708206 193.530176    34.7098 0.0000e+00
    802.000     1.8808   3.080365     1.8810   3.080814    4.58591    -0.0796    13.8155 -9.990e-29  -60.27833  -57.45083 1152708206 193.530183    34.7108 0.0000e+00
    803.000     1.8805   3.080386     1.8807   3.080830    4.58492    -0.0977    13.8155 3.6771e+00  -60.27833  -57.45083 1152708207 193.530190    34.7107 0.0000e+00
    804.000     1.8807   3.080447     1.8811   3.080899    4.58530    -0.0800    13.8155 3.8890e+00  -60.27833  -57.45083 1152708208 193.530198    34.7107 0.0000e+00
    805.000     1.8805   3.080476     1.8809   3.080925    4.58504    -0.0706    13.8155 4.3159e+00  -60.27833  -57.45083 1152708209 193.530215    34.7107 0.0000e+00
    806.000     1.8810   3.080571     1.8814   3.081008    4.58605    -0.0714    13.8155 3.8990e+00  -60.27833  -57.45083 1152708211 193.530238    34.7107 0.0000e+00
    807.000     1.8806   3.080582     1.8811   3.081032    4.58503    -0.0783    13.8155 -9.990e-29  -60.27833  -57.45083 1152708213 193.530256    34.7107 0.0000e+00
    808.000     1.8809   3.080655     1.8814   3.081104    4.58611    -0.0783    13.8155 -9.990e-29  -60.27833  -57.45083 1152708214 193.530271    34.7107 0.0000e+00
    809.000     1.8808   3.080687     1.8812   3.081139    4.58568    -0.0756    13.8155 -9.990e-29  -60.27833  -57.45083 1152708215 193.530284    34.7107 0.0000e+00
    810.000     1.8810   3.080755     1.8815   3.081206    4.58473    -0.0653    13.8155 -9.990e-29  -60.27833  -57.45083 1152708216 193.530295    34.7108 0.0000e+00
    811.000     1.8810   3.080806     1.8814   3.081243    4.58436    -0.0837    13.8155 -9.990e-29  -60.27833  -57.45083 1152708217 193.530305    34.7109 0.0000e+00
    812.000     1.8808   3.080829     1.8812   3.081268    4.58518    -0.0755    13.8155 -9.990e-29  -60.27833  -57.45083 1152708218 193.530318    34.7107 0.0000e+00
    813.000     1.8808   3.080864     1.8811   3.081306    4.58632    -0.0721    13.8155 -9.990e-29  -60.27833  -57.45083 1152708220 193.530342    34.7107 0.0000e+00
    814.000     1.8799   3.080846     1.8801   3.081281    4.58620    -0.0761    13.8155 -9.990e-29  -60.27833  -57.45083 1152708221 193.530356    34.7109 0.0000e+00
    815.000     1.8795   3.080865     1.8798   3.081299    4.58619    -0.0703    13.8155 -9.990e-29  -60.27833  -57.45083 1152708222 193.530367    34.7110 0.0000e+00
    816.000     1.8799   3.080930     1.8801   3.081361    4.58667    -0.0738    13.8155 -9.990e-29  -60.27833  -57.45083 1152708223 193.530376    34.7108 0.0000e+00
    817.000     1.8794   3.080938     1.8797   3.081359    4.58776    -0.0881    13.8155 -9.990e-29  -60.27833  -57.45083 1152708225 193.530398    34.7109 0.0000e+00
    818.000     1.8789   3.080952     1.8793   3.081404    4.59198    -0.0644    13.8155 4.9142e+00  -60.27833  -57.45083 1152708228 193.530433    34.7111 0.0000e+00
    819.000     1.8741   3.080588     1.8739   3.081041    4.59125    -0.0639    13.8155 4.5063e+00  -60.27833  -57.45083 1152708229 193.530440    34.7112 0.0000e+00
    820.000     1.8700   3.080352     1.8706   3.080817    4.59089    -0.0755    13.8155 3.8820e+00  -60.27833  -57.45083 1152708229 193.530448    34.7125 0.0000e+00
    821.000     1.8709   3.080446     1.8713   3.080914    4.59066    -0.0798    13.8155 3.9435e+00  -60.27833  -57.45083 1152708230 193.530455    34.7122 0.0000e+00
    822.000     1.8718   3.080542     1.8723   3.081042    4.59061    -0.0566    13.8155 4.7938e+00  -60.27833  -57.45083 1152708230 193.530462    34.7116 0.0000e+00
    823.000     1.8713   3.080543     1.8711   3.080988    4.59075    -0.0970    13.8155 4.9651e+00  -60.27833  -57.45083 1152708231 193.530468    34.7117 0.0000e+00
    824.000     1.8702   3.080509     1.8703   3.080957    4.59262    -0.0798    13.8155 5.4013e+00  -60.27833  -57.45083 1152708233 193.530489    34.7118 0.0000e+00
    825.000     1.8728   3.080740     1.8723   3.081155    4.59785    -0.0771    13.8155 4.7950e+00  -60.27833  -57.45083 1152708237 193.530542    34.7111 0.0000e+00
    826.000     1.8665   3.080299     1.8666   3.080750    4.59687    -0.0739    13.8155 5.6180e+00  -60.27833  -57.45083 1152708238 193.530549    34.7121 0.0000e+00
    827.000     1.8634   3.080112     1.8633   3.080558    4.59668    -0.0686    13.8155 4.3946e+00  -60.27833  -57.45083 1152708239 193.530556    34.7128 0.0000e+00
    828.000     1.8626   3.080076     1.8623   3.080524    4.59671    -0.0658    13.8155 3.8839e+00  -60.27833  -57.45083 1152708239 193.530563    34.7127 0.0000e+00
    829.000     1.8621   3.080063     1.8616   3.080513    4.59672    -0.0649    13.8155 3.8963e+00  -60.27833  -57.45083 1152708240 193.530570    34.7125 0.0000e+00
    830.000     1.8600   3.079964     1.8597   3.080385    4.59698    -0.0693    13.8155 3.8963e+00  -60.27833  -57.45083 1152708240 193.530576    34.7131 0.0000e+00
    831.000     1.8590   3.079926     1.8591   3.080371    4.59719    -0.0812    13.8155 4.8747e+00  -60.27833  -57.45083 1152708241 193.530582    34.7131 0.0000e+00
    832.000     1.8630   3.080297     1.8636   3.080771    4.60143    -0.0752    13.8155 5.2137e+00  -60.27833  -57.45083 1152708245 193.530632    34.7126 0.0000e+00
    833.000     1.8567   3.079842     1.8576   3.080346    4.60696    -0.0832    13.8155 5.4500e+00  -60.27833  -57.45083 1152708247 193.530653    34.7133 0.0000e+00
    834.000     1.8517   3.079486     1.8520   3.079943    4.60959    -0.0811    13.8155 5.5852e+00  -60.27833  -57.45083 1152708248 193.530664    34.7140 0.0000e+00
    835.000     1.8518   3.079543     1.8522   3.079999    4.61025    -0.0649    13.8155 4.5212e+00  -60.27833  -57.45083 1152708249 193.530674    34.7140 0.0000e+00
    836.000     1.8516   3.079556     1.8517   3.079996    4.60867    -0.0795    13.8155 5.2481e+00  -60.27833  -57.45083 1152708249 193.530682    34.7138 0.0000e+00
    837.000     1.8510   3.079551     1.8513   3.080013    4.60545    -0.0762    13.8155 5.1159e+00  -60.27833  -57.45083 1152708250 193.530691    34.7139 0.0000e+00
    838.000     1.8505   3.079553     1.8508   3.080001    4.60560    -0.0816    13.8155 4.7125e+00  -60.27833  -57.45083 1152708251 193.530699    34.7139 0.0000e+00
    839.000     1.8488   3.079469     1.8490   3.079901    4.60512    -0.0633    13.8155 4.1983e+00  -60.27833  -57.45083 1152708252 193.530709    34.7141 0.0000e+00
    840.000     1.8470   3.079359     1.8474   3.079806    4.60644    -0.0751    13.8155 4.7323e+00  -60.27833  -57.45083 1152708253 193.530724    34.7141 0.0000e+00
    841.000     1.8473   3.079426     1.8476   3.079864    4.60775    -0.0727    13.8155 4.4433e+00  -60.27833  -57.45083 1152708255 193.530749    34.7141 0.0000e+00
    842.000     1.8452   3.079312     1.8459   3.079785    4.61033    -0.0742    13.8155 4.4296e+00  -60.27833  -57.45083 1152708258 193.530778    34.7144 0.0000e+00
    843.000     1.8430   3.079175     1.8432   3.079618    4.61517    -0.0910    13.8155 4.6511e+00  -60.27833  -57.45083 1152708259 193.530793    34.7145 0.0000e+00
    844.000     1.8393   3.078930     1.8397   3.079379    4.61874    -0.0661    13.8155 5.6052e+00  -60.27833  -57.45083 1152708260 193.530805    34.7150 0.0000e+00
    845.000     1.8374   3.078812     1.8378   3.079266    4.62126    -0.0801    13.8155 4.6992e+00  -60.27833  -57.45083 1152708261 193.530815    34.7151 0.0000e+00
    846.000     1.8363   3.078776     1.8364   3.079202    4.62152    -0.0692    13.8155 4.1104e+00  -60.27833  -57.45083 1152708262 193.530824    34.7153 0.0000e+00
    847.000     1.8359   3.078791     1.8362   3.079234    4.62149    -0.0824    13.8155 4.0517e+00  -60.27833  -57.45083 1152708262 193.530832    34.7154 0.0000e+00
    848.000     1.8357   3.078819     1.8360   3.079261    4.62033    -0.0880    13.8155 5.1401e+00  -60.27833  -57.45083 1152708263 193.530841    34.7153 0.0000e+00
    849.000     1.8352   3.078819     1.8357   3.079270    4.61954    -0.0726    13.8155 6.1425e+00  -60.27833  -57.45083 1152708264 193.530851    34.7153 0.0000e+00
    850.000     1.8357   3.078911     1.8361   3.079349    4.61768    -0.0914    13.8155 4.4097e+00  -60.27833  -57.45083 1152708267 193.530889    34.7152 0.0000e+00
    851.000     1.8352   3.078911     1.8353   3.079347    4.62278    -0.0854    13.8155 5.8616e+00  -60.27833  -57.45083 1152708270 193.530917    34.7152 0.0000e+00
    852.000     1.8328   3.078756     1.8332   3.079213    4.62588    -0.0917    13.8155 5.2519e+00  -60.27833  -57.45083 1152708271 193.530928    34.7154 0.0000e+00
    853.000     1.8320   3.078743     1.8325   3.079199    4.62721    -0.0945    13.8155 3.9823e+00  -60.27833  -57.45083 1152708271 193.530937    34.7156 0.0000e+00
    854.000     1.8318   3.078763     1.8321   3.079230    4.62664    -0.0781    13.8155 3.9345e+00  -60.27833  -57.45083 1152708272 193.530944    34.7155 0.0000e+00
    855.000     1.8300   3.078657     1.8302   3.079111    4.62546    -0.0779    13.8155 4.7509e+00  -60.27833  -57.45083 1152708273 193.530951    34.7155 0.0000e+00
    856.000     1.8285   3.078573     1.8282   3.078996    4.62556    -0.0814    13.8155 5.5914e+00  -60.27833  -57.45083 1152708273 193.530958    34.7157 0.0000e+00
    857.000     1.8279   3.078562     1.8281   3.079024    4.62745    -0.0726    13.8155 5.1234e+00  -60.27833  -57.45083 1152708274 193.530965    34.7156 0.0000e+00
    858.000     1.8272   3.078546     1.8274   3.078999    4.62617    -0.0764    13.8155 5.1816e+00  -60.27833  -57.45083 1152708275 193.530973    34.7157 0.0000e+00
    859.000     1.8299   3.078825     1.8299   3.079250    4.62663    -0.0939    13.8155 5.6742e+00  -60.27833  -57.45083 1152708280 193.531033    34.7155 0.0000e+00
    860.000     1.8280   3.078722     1.8282   3.079163    4.62829    -0.0716    13.8155 5.2750e+00  -60.27833  -57.45083 1152708282 193.531060    34.7157 0.0000e+00
    861.000     1.8259   3.078601     1.8263   3.079067    4.62916    -0.0450    13.8155 5.9664e+00  -60.27833  -57.45083 1152708283 193.531067    34.7160 0.0000e+00
    862.000     1.8249   3.078564     1.8253   3.079028    4.62855    -0.0703    13.8155 5.8457e+00  -60.27833  -57.45083 1152708283 193.531074    34.7161 0.0000e+00
    863.000     1.8250   3.078595     1.8249   3.079046    4.62522    -0.0770    13.8155 6.2481e+00  -60.27833  -57.45083 1152708284 193.531081    34.7159 0.0000e+00
    864.000     1.8248   3.078627     1.8247   3.079079    4.62428    -0.0688    13.8155 5.0249e+00  -60.27833  -57.45083 1152708285 193.531088    34.7160 0.0000e+00
    865.000     1.8249   3.078685     1.8247   3.079121    4.62235    -0.0606    13.8155 4.3225e+00  -60.27833  -57.45083 1152708285 193.531095    34.7160 0.0000e+00
    866.000     1.8249   3.078732     1.8246   3.079171    4.62019    -0.0868    13.8155 6.7684e+00  -60.27833  -57.45083 1152708286 193.531102    34.7160 0.0000e+00
    867.000     1.8244   3.078737     1.8243   3.079192    4.62042    -0.0866    13.8155 7.1057e+00  -60.27833  -57.45083 1152708286 193.531108    34.7160 0.0000e+00
    868.000     1.8242   3.078772     1.8242   3.079209    4.62106    -0.0707    13.8155 5.9407e+00  -60.27833  -57.45083 1152708287 193.531121    34.7161 0.0000e+00
    869.000     1.8251   3.078877     1.8251   3.079327    4.63001    -0.0713    13.8155 6.8377e+00  -60.27833  -57.45083 1152708293 193.531187    34.7159 0.0000e+00
    870.000     1.8238   3.078834     1.8238   3.079277    4.63007    -0.0808    13.8155 5.8053e+00  -60.27833  -57.45083 1152708294 193.531193    34.7162 0.0000e+00
    871.000     1.8238   3.078881     1.8238   3.079319    4.63059    -0.0760    13.8155 4.7955e+00  -60.27833  -57.45083 1152708294 193.531200    34.7163 0.0000e+00
    872.000     1.8239   3.078926     1.8237   3.079363    4.63064    -0.0696    13.8155 5.1964e+00  -60.27833  -57.45083 1152708295 193.531208    34.7162 0.0000e+00
    873.000     1.8235   3.078948     1.8237   3.079394    4.63015    -0.0584    13.8155 5.8333e+00  -60.27833  -57.45083 1152708296 193.531215    34.7163 0.0000e+00
    874.000     1.8230   3.078957     1.8234   3.079412    4.63031    -0.0655    13.8155 5.0671e+00  -60.27833  -57.45083 1152708296 193.531224    34.7165 0.0000e+00
    875.000     1.8219   3.078926     1.8229   3.079410    4.62803    -0.0715    13.8155 4.2781e+00  -60.27833  -57.45083 1152708297 193.531236    34.7167 0.0000e+00
    876.000     1.8213   3.078915     1.8218   3.079371    4.62744    -0.0604    13.8155 7.7582e+00  -60.27833  -57.45083 1152708298 193.531248    34.7167 0.0000e+00
    877.000     1.8209   3.078926     1.8213   3.079383    4.62764    -0.0801    13.8155 6.9568e+00  -60.27833  -57.45083 1152708299 193.531259    34.7168 0.0000e+00
    878.000     1.8209   3.078973     1.8213   3.079412    4.63196    -0.0807    13.8155 6.3134e+00  -60.27833  -57.45083 1152708301 193.531281    34.7167 0.0000e+00
    879.000     1.8211   3.079040     1.8214   3.079480    4.63595    -0.0746    13.8155 6.8357e+00  -60.27833  -57.45083 1152708305 193.531329    34.7168 0.0000e+00
