product_data/regression_test/downloaded_data/MDGS/320620060703/ctd/adapted/heads_insert_p6619404.cnv
* Sea-Bird SBE 9 Data File:
* FileName = D:\Data\Raw\p6619404.dat
* Software Version Seasave Win32 V 5.32
* Temperature SN = 1649
* Conductivity SN = 1431
* Number of Bytes Per Scan = 37
* Number of Voltage Words = 5
* Number of Scans Averaged by the Deck Unit = 1
* NMEA Latitude = 60 37.19 S
* NMEA Longitude = 055 40.25 W
* NMEA UTC (Time) = 04:56:00
** Ship:   Nathaniel B. Palmer 
** Cruise:    NBP0606 
# nquan = 15
# nvalues = 989                         
# units = specified
# name 0 = prDM: Pressure, Digiquartz [db]
# name 1 = t090C: Temperature [ITS-90, deg C]
# name 2 = c0S/m: Conductivity [S/m]
# name 3 = t190C: Temperature, 2 [ITS-90, deg C]
# name 4 = c1S/m: Conductivity, 2 [S/m]
# name 5 = sbeox0ML/L: Oxygen, SBE 43 [ml/l]
# name 6 = flECO-AFL: Fluorescence, Wetlab ECO-AFL/FL [mg/m^3]
# name 7 = bat: Beam Attenuation, Chelsea/Seatech/Wetlab CStar [1/m]
# name 8 = spar: SPAR/Surface Irradiance
# name 9 = latitude: Latitude [deg]
# name 10 = longitude: Longitude [deg]
# name 11 = timeY: Time, System [seconds]
# name 12 = timeJ: Julian Days
# name 13 = sal00: Salinity [PSU]
# name 14 = flag: flag
# span 0 =     13.000,   1001.000       
# span 1 =    -0.7585,     1.1288       
# span 2 =   2.789315,   3.007889       
# span 3 =    -0.7579,     1.1291       
# span 4 =   2.789724,   3.008161       
# span 5 =    5.10327,    7.50782       
# span 6 =    -0.1107,     0.7002       
# span 7 =    13.8155,    13.8155       
# span 8 = 0.0000e+00, 0.0000e+00       
# span 9 =  -60.61983,  -60.61983       
# span 10 =  -55.67083,  -55.67083      
# span 11 = 1153716951, 1153718452      
# span 12 = 205.205458, 205.222851      
# span 13 =    34.1918,    34.6927      
# span 14 = 0.0000e+00, 0.0000e+00      
# interval = decibars: 1                
# start_time = Jul 24 2006 04:56:08
# bad_flag = -9.990e-29
*END*
[from data line 675]
    687.000     0.9649   2.990243     0.9648   2.990566    5.23552    -0.0836    13.8155 0.0000e+00  -60.61983  -55.67083 1153718030 205.217962    34.6387 0.0000e+00
    688.000     0.9588   2.989736     0.9583   2.990014    5.23790    -0.0948    13.8155 0.0000e+00  -60.61983  -55.67083 1153718031 205.217969    34.6385 0.0000e+00
    689.000     0.9622   2.990118     0.9609   2.990296    5.23940    -0.0887    13.8155 0.0000e+00  -60.61983  -55.67083 1153718033 205.217994    34.6389 0.0000e+00
    690.000     0.9565   2.989625     0.9541   2.989776    5.24334    -0.0952    13.8155 0.0000e+00  -60.61983  -55.67083 1153718035 205.218014    34.6381 0.0000e+00
    691.000     0.9424   2.988377     0.9414   2.988626    5.24505    -0.0791    13.8155 0.0000e+00  -60.61983  -55.67083 1153718035 205.218022    34.6375 0.0000e+00
    692.000     0.9424   2.988457     0.9435   2.988847    5.24773    -0.1083    13.8155 0.0000e+00  -60.61983  -55.67083 1153718036 205.218030    34.6381 0.0000e+00
    693.000     0.9427   2.988503     0.9425   2.988778    5.24966    -0.0850    13.8155 0.0000e+00  -60.61983  -55.67083 1153718037 205.218039    34.6376 0.0000e+00
    694.000     0.9431   2.988604     0.9411   2.988685    5.25559    -0.0901    13.8155 0.0000e+00  -60.61983  -55.67083 1153718040 205.218075    34.6377 0.0000e+00
    695.000     0.9407   2.988412     0.9368   2.988358    5.25917    -0.0906    13.8155 0.0000e+00  -60.61983  -55.67083 1153718041 205.218090    34.6370 0.0000e+00
    696.000     0.9222   2.986660     0.9215   2.986994    5.26293    -0.0853    13.8155 0.0000e+00  -60.61983  -55.67083 1153718042 205.218099    34.6356 0.0000e+00
    697.000     0.9097   2.985611     0.9084   2.985829    5.26710    -0.0799    13.8155 0.0000e+00  -60.61983  -55.67083 1153718043 205.218108    34.6352 0.0000e+00
    698.000     0.9075   2.985466     0.9071   2.985732    5.26839    -0.0814    13.8155 0.0000e+00  -60.61983  -55.67083 1153718044 205.218120    34.6352 0.0000e+00
    699.000     0.9052   2.985302     0.9043   2.985531    5.27314    -0.0721    13.8155 0.0000e+00  -60.61983  -55.67083 1153718046 205.218143    34.6348 0.0000e+00
    700.000     0.8974   2.984612     0.8971   2.984942    5.27612    -0.1001    13.8155 0.0000e+00  -60.61983  -55.67083 1153718047 205.218155    34.6340 0.0000e+00
    701.000     0.8938   2.984485     0.8935   2.984721    5.27605    -0.0810    13.8155 0.0000e+00  -60.61983  -55.67083 1153718048 205.218165    34.6362 0.0000e+00
    702.000     0.9104   2.986183     0.9105   2.986394    5.27028    -0.0675    13.8155 0.0000e+00  -60.61983  -55.67083 1153718048 205.218174    34.6386 0.0000e+00
    703.000     0.9224   2.987379     0.9225   2.987623    5.26830    -0.0797    13.8155 0.0000e+00  -60.61983  -55.67083 1153718050 205.218188    34.6393 0.0000e+00
    704.000     0.9118   2.986378     0.9166   2.987112    5.26482    -0.0783    13.8155 0.0000e+00  -60.61983  -55.67083 1153718052 205.218219    34.6380 0.0000e+00
    705.000     0.9287   2.988088     0.9286   2.988345    5.26288    -0.0871    13.8155 0.0000e+00  -60.61983  -55.67083 1153718053 205.218233    34.6400 0.0000e+00
    706.000     0.9300   2.988272     0.9304   2.988567    5.26168    -0.0919    13.8155 0.0000e+00  -60.61983  -55.67083 1153718055 205.218246    34.6404 0.0000e+00
    707.000     0.9313   2.988447     0.9315   2.988735    5.25996    -0.0793    13.8155 0.0000e+00  -60.61983  -55.67083 1153718056 205.218262    34.6407 0.0000e+00
    708.000     0.9298   2.988380     0.9297   2.988661    5.25876    -0.0813    13.8155 0.0000e+00  -60.61983  -55.67083 1153718058 205.218284    34.6410 0.0000e+00
    709.000     0.9275   2.988249     0.9278   2.988544    5.25609    -0.0787    13.8155 0.0000e+00  -60.61983  -55.67083 1153718059 205.218295    34.6413 0.0000e+00
    710.000     0.9292   2.988503     0.9297   2.988811    5.25512    -0.0800    13.8155 0.0000e+00  -60.61983  -55.67083 1153718060 205.218304    34.6422 0.0000e+00
    711.000     0.9323   2.988836     0.9326   2.989131    5.25524    -0.0795    13.8155 0.0000e+00  -60.61983  -55.67083 1153718060 205.218312    34.6423 0.0000e+00
    712.000     0.9327   2.988904     0.9326   2.989173    5.25438    -0.0896    13.8155 0.0000e+00  -60.61983  -55.67083 1153718061 205.218319    34.6422 0.0000e+00
    713.000     0.9328   2.988948     0.9330   2.989243    5.25228    -0.0842    13.8155 0.0000e+00  -60.61983  -55.67083 1153718063 205.218346    34.6421 0.0000e+00
    714.000     0.9320   2.988943     0.9327   2.989260    5.25205    -0.1060    13.8155 0.0000e+00  -60.61983  -55.67083 1153718066 205.218373    34.6424 0.0000e+00
    715.000     0.9346   2.989231     0.9353   2.989564    5.25157    -0.0783    13.8155 0.0000e+00  -60.61983  -55.67083 1153718066 205.218382    34.6426 0.0000e+00
    716.000     0.9354   2.989353     0.9351   2.989610    5.24753    -0.0905    13.8155 0.0000e+00  -60.61983  -55.67083 1153718067 205.218391    34.6428 0.0000e+00
    717.000     0.9408   2.989940     0.9406   2.990183    5.24431    -0.0809    13.8155 0.0000e+00  -60.61983  -55.67083 1153718068 205.218402    34.6436 0.0000e+00
    718.000     0.9441   2.990307     0.9441   2.990566    5.24145    -0.0799    13.8155 0.0000e+00  -60.61983  -55.67083 1153718070 205.218422    34.6440 0.0000e+00
    719.000     0.9466   2.990634     0.9475   2.990974    5.24023    -0.0840    13.8155 0.0000e+00  -60.61983  -55.67083 1153718071 205.218437    34.6449 0.0000e+00
    720.000     0.9499   2.990999     0.9497   2.991255    5.23749    -0.0911    13.8155 0.0000e+00  -60.61983  -55.67083 1153718072 205.218449    34.6453 0.0000e+00
    721.000     0.9470   2.990759     0.9469   2.991030    5.23675    -0.0848    13.8155 0.0000e+00  -60.61983  -55.67083 1153718073 205.218460    34.6449 0.0000e+00
    722.000     0.9458   2.990703     0.9461   2.990993    5.23609    -0.0806    13.8155 0.0000e+00  -60.61983  -55.67083 1153718075 205.218477    34.6451 0.0000e+00
    723.000     0.9454   2.990717     0.9455   2.991004    5.23438    -0.0867    13.8155 0.0000e+00  -60.61983  -55.67083 1153718076 205.218495    34.6452 0.0000e+00
    724.000     0.9455   2.990771     0.9457   2.991052    5.23366    -0.0829    13.8155 0.0000e+00  -60.61983  -55.67083 1153718078 205.218513    34.6455 0.0000e+00
    725.000     0.9491   2.991220     0.9493   2.991502    5.23153    -0.0811    13.8155 0.0000e+00  -60.61983  -55.67083 1153718079 205.218533    34.6464 0.0000e+00
    726.000     0.9557   2.991971     0.9567   2.992308    5.22784    -0.0810    13.8155 0.0000e+00  -60.61983  -55.67083 1153718081 205.218549    34.6481 0.0000e+00
    727.000     0.9580   2.992253     0.9585   2.992559    5.22352    -0.0759    13.8155 0.0000e+00  -60.61983  -55.67083 1153718082 205.218561    34.6486 0.0000e+00
    728.000     0.9593   2.992417     0.9598   2.992732    5.22261    -0.0783    13.8155 0.0000e+00  -60.61983  -55.67083 1153718083 205.218571    34.6487 0.0000e+00
    729.000     0.9598   2.992530     0.9605   2.992852    5.22036    -0.0716    13.8155 0.0000e+00  -60.61983  -55.67083 1153718083 205.218580    34.6490 0.0000e+00
    730.000     0.9652   2.993118     0.9655   2.993368    5.21922    -0.0892    13.8155 0.0000e+00  -60.61983  -55.67083 1153718084 205.218590    34.6498 0.0000e+00
    731.000     0.9635   2.992979     0.9643   2.993317    5.21746    -0.0842    13.8155 0.0000e+00  -60.61983  -55.67083 1153718087 205.218616    34.6495 0.0000e+00
    732.000     0.9635   2.993061     0.9643   2.993370    5.21444    -0.0822    13.8155 0.0000e+00  -60.61983  -55.67083 1153718088 205.218638    34.6502 0.0000e+00
    733.000     0.9650   2.993251     0.9650   2.993508    5.21280    -0.1001    13.8155 0.0000e+00  -60.61983  -55.67083 1153718089 205.218648    34.6502 0.0000e+00
    734.000     0.9653   2.993308     0.9653   2.993573    5.21276    -0.0953    13.8155 0.0000e+00  -60.61983  -55.67083 1153718090 205.218658    34.6502 0.0000e+00
    735.000     0.9653   2.993354     0.9655   2.993624    5.21271    -0.0844    13.8155 0.0000e+00  -60.61983  -55.67083 1153718092 205.218675    34.6502 0.0000e+00
    736.000     0.9653   2.993408     0.9657   2.993692    5.21368    -0.0911    13.8155 0.0000e+00  -60.61983  -55.67083 1153718094 205.218706    34.6504 0.0000e+00
    737.000     0.9672   2.993654     0.9675   2.993899    5.21124    -0.0813    13.8155 0.0000e+00  -60.61983  -55.67083 1153718095 205.218715    34.6509 0.0000e+00
    738.000     0.9751   2.994503     0.9751   2.994737    5.20781    -0.0735    13.8155 0.0000e+00  -60.61983  -55.67083 1153718096 205.218723    34.6523 0.0000e+00
    739.000     0.9773   2.994732     0.9768   2.994939    5.20472    -0.0700    13.8155 0.0000e+00  -60.61983  -55.67083 1153718097 205.218731    34.6522 0.0000e+00
    740.000     0.9785   2.994895     0.9787   2.995187    5.20269    -0.0764    13.8155 0.0000e+00  -60.61983  -55.67083 1153718097 205.218738    34.6523 0.0000e+00
    741.000     0.9788   2.994980     0.9792   2.995276    5.19925    -0.0776    13.8155 0.0000e+00  -60.61983  -55.67083 1153718099 205.218758    34.6526 0.0000e+00
    742.000     0.9792   2.995092     0.9801   2.995414    5.19521    -0.0867    13.8155 0.0000e+00  -60.61983  -55.67083 1153718101 205.218782    34.6531 0.0000e+00
    743.000     0.9849   2.995696     0.9853   2.995980    5.19133    -0.0791    13.8155 0.0000e+00  -60.61983  -55.67083 1153718102 205.218793    34.6540 0.0000e+00
    744.000     0.9865   2.995880     0.9867   2.996160    5.19045    -0.0817    13.8155 0.0000e+00  -60.61983  -55.67083 1153718103 205.218804    34.6539 0.0000e+00
    745.000     0.9870   2.995985     0.9871   2.996238    5.18769    -0.0812    13.8155 0.0000e+00  -60.61983  -55.67083 1153718105 205.218827    34.6541 0.0000e+00
    746.000     0.9897   2.996313     0.9903   2.996618    5.18305    -0.0910    13.8155 0.0000e+00  -60.61983  -55.67083 1153718107 205.218849    34.6548 0.0000e+00
    747.000     0.9917   2.996550     0.9919   2.996839    5.18146    -0.0704    13.8155 0.0000e+00  -60.61983  -55.67083 1153718108 205.218860    34.6551 0.0000e+00
    748.000     0.9940   2.996805     0.9938   2.997064    5.17733    -0.0703    13.8155 0.0000e+00  -60.61983  -55.67083 1153718108 205.218869    34.6552 0.0000e+00
    749.000     0.9948   2.996937     0.9940   2.997116    5.17563    -0.0835    13.8155 0.0000e+00  -60.61983  -55.67083 1153718109 205.218877    34.6556 0.0000e+00
    750.000     0.9996   2.997457     0.9993   2.997660    5.17126    -0.0827    13.8155 0.0000e+00  -60.61983  -55.67083 1153718110 205.218886    34.6563 0.0000e+00
    751.000     1.0037   2.997884     1.0073   2.998486    5.16847    -0.0868    13.8155 0.0000e+00  -60.61983  -55.67083 1153718112 205.218909    34.6565 0.0000e+00
    752.000     1.0048   2.998049     1.0062   2.998413    5.16735    -0.0875    13.8155 0.0000e+00  -60.61983  -55.67083 1153718114 205.218932    34.6570 0.0000e+00
    753.000     1.0095   2.998520     1.0089   2.998721    5.16559    -0.0928    13.8155 0.0000e+00  -60.61983  -55.67083 1153718115 205.218945    34.6571 0.0000e+00
    754.000     1.0081   2.998429     1.0087   2.998747    5.16364    -0.0958    13.8155 0.0000e+00  -60.61983  -55.67083 1153718116 205.218955    34.6570 0.0000e+00
    755.000     1.0044   2.998107     1.0053   2.998468    5.16382    -0.0790    13.8155 0.0000e+00  -60.61983  -55.67083 1153718117 205.218965    34.6566 0.0000e+00
    756.000     1.0009   2.997821     1.0014   2.998148    5.16526    -0.0832    13.8155 0.0000e+00  -60.61983  -55.67083 1153718118 205.218981    34.6564 0.0000e+00
    757.000     1.0045   2.998216     1.0054   2.998597    5.16684    -0.0936    13.8155 0.0000e+00  -60.61983  -55.67083 1153718121 205.219008    34.6568 0.0000e+00
    758.000     1.0058   2.998385     1.0061   2.998664    5.16324    -0.0888    13.8155 0.0000e+00  -60.61983  -55.67083 1153718122 205.219023    34.6570 0.0000e+00
    759.000     1.0114   2.999030     1.0136   2.999434    5.16076    -0.0786    13.8155 0.0000e+00  -60.61983  -55.67083 1153718123 205.219034    34.6586 0.0000e+00
    760.000     1.0211   2.999964     1.0218   3.000268    5.15888    -0.0875    13.8155 0.0000e+00  -60.61983  -55.67083 1153718124 205.219044    34.6588 0.0000e+00
    761.000     1.0213   3.000023     1.0214   3.000277    5.15703    -0.0716    13.8155 0.0000e+00  -60.61983  -55.67083 1153718125 205.219059    34.6588 0.0000e+00
    762.000     1.0210   3.000051     1.0212   3.000318    5.15491    -0.0723    13.8155 0.0000e+00  -60.61983  -55.67083 1153718127 205.219079    34.6590 0.0000e+00
    763.000     1.0211   3.000106     1.0212   3.000354    5.15155    -0.0738    13.8155 0.0000e+00  -60.61983  -55.67083 1153718128 205.219091    34.6592 0.0000e+00
    764.000     1.0230   3.000319     1.0237   3.000638    5.14741    -0.0798    13.8155 0.0000e+00  -60.61983  -55.67083 1153718129 205.219102    34.6593 0.0000e+00
    765.000     1.0249   3.000568     1.0253   3.000837    5.14577    -0.0797    13.8155 0.0000e+00  -60.61983  -55.67083 1153718130 205.219113    34.6598 0.0000e+00
    766.000     1.0261   3.000713     1.0266   3.001009    5.14369    -0.0873    13.8155 0.0000e+00  -60.61983  -55.67083 1153718131 205.219131    34.6597 0.0000e+00
    767.000     1.0341   3.001576     1.0353   3.001904    5.13769    -0.0884    13.8155 0.0000e+00  -60.61983  -55.67083 1153718133 205.219150    34.6617 0.0000e+00
    768.000     1.0423   3.002511     1.0421   3.002741    5.13359    -0.0833    13.8155 0.0000e+00  -60.61983  -55.67083 1153718134 205.219167    34.6634 0.0000e+00
    769.000     1.0404   3.002397     1.0406   3.002677    5.13177    -0.0852    13.8155 0.0000e+00  -60.61983  -55.67083 1153718136 205.219187    34.6637 0.0000e+00
    770.000     1.0387   3.002307     1.0388   3.002562    5.12984    -0.0805    13.8155 0.0000e+00  -60.61983  -55.67083 1153718137 205.219205    34.6639 0.0000e+00
    771.000     1.0367   3.002165     1.0371   3.002464    5.12656    -0.0859    13.8155 0.0000e+00  -60.61983  -55.67083 1153718139 205.219217    34.6639 0.0000e+00
    772.000     1.0357   3.002134     1.0360   3.002427    5.12714    -0.0755    13.8155 0.0000e+00  -60.61983  -55.67083 1153718139 205.219226    34.6641 0.0000e+00
    773.000     1.0349   3.002104     1.0351   3.002390    5.13121    -0.0858    13.8155 0.0000e+00  -60.61983  -55.67083 1153718140 205.219236    34.6641 0.0000e+00
    774.000     1.0193   3.000639     1.0224   3.001293    5.13347    -0.0815    13.8155 0.0000e+00  -60.61983  -55.67083 1153718141 205.219250    34.6629 0.0000e+00
    775.000     1.0260   3.001339     1.0236   3.001379    5.14170    -0.0933    13.8155 0.0000e+00  -60.61983  -55.67083 1153718144 205.219276    34.6632 0.0000e+00
    776.000     0.9999   2.998958     0.9993   2.999232    5.14679    -0.0881    13.8155 0.0000e+00  -60.61983  -55.67083 1153718145 205.219289    34.6615 0.0000e+00
    777.000     0.9940   2.998491     0.9948   2.998846    5.15026    -0.0838    13.8155 0.0000e+00  -60.61983  -55.67083 1153718146 205.219298    34.6618 0.0000e+00
    778.000     0.9903   2.998111     0.9918   2.998601    5.15584    -0.0810    13.8155 0.0000e+00  -60.61983  -55.67083 1153718146 205.219307    34.6604 0.0000e+00
    779.000     0.9869   2.997884     0.9872   2.998212    5.16043    -0.0815    13.8155 0.0000e+00  -60.61983  -55.67083 1153718147 205.219322    34.6607 0.0000e+00
    780.000     0.9917   2.998410     0.9911   2.998602    5.16467    -0.0792    13.8155 0.0000e+00  -60.61983  -55.67083 1153718151 205.219355    34.6611 0.0000e+00
    781.000     0.9781   2.997201     0.9778   2.997510    5.16758    -0.1099    13.8155 0.0000e+00  -60.61983  -55.67083 1153718151 205.219365    34.6603 0.0000e+00
    782.000     0.9754   2.997073     0.9758   2.997377    5.16816    -0.0692    13.8155 0.0000e+00  -60.61983  -55.67083 1153718152 205.219374    34.6614 0.0000e+00
