product_data/regression_test/downloaded_data/MDGS/320620060703/ctd/adapted/heads_insert_p6609309.cnv
* Sea-Bird SBE 9 Data File:
* FileName = D:\Data\Raw\p6609309.dat
* Software Version Seasave Win32 V 5.32
* Temperature SN = 1649
* Conductivity SN = 1431
* Number of Bytes Per Scan = 37
* Number of Voltage Words = 5
* Number of Scans Averaged by the Deck Unit = 1
* NMEA Latitude = 61 07.49 S
* NMEA Longitude = 058 05.62 W
* NMEA UTC (Time) = 07:46:35
** Ship:   Nathaniel B. Palmer nbp
** Cruise:    NBP0606 nbp0606
# nquan = 15
# nvalues = 994                         
# units = specified
# name 0 = prDM: Pressure, Digiquartz [db]
# name 1 = t090C: Temperature [ITS-90, deg C]
# name 2 = c0S/m: Conductivity [S/m]
# name 3 = t190C: Temperature, 2 [ITS-90, deg C]
# name 4 = c1S/m: Conductivity, 2 [S/m]
# name 5 = sbeox0ML/L: Oxygen, SBE 43 [ml/l]
# name 6 = flECO-AFL: Fluorescence, Wetlab ECO-AFL/FL [mg/m^3]
# name 7 = bat: Beam Attenuation, Chelsea/Seatech/Wetlab CStar [1/m]
# name 8 = spar: SPAR/Surface Irradiance
# name 9 = latitude: Latitude [deg]
# name 10 = longitude: Longitude [deg]
# name 11 = timeY: Time, System [seconds]
# name 12 = timeJ: Julian Days
# name 13 = sal00: Salinity [PSU]
# name 14 = flag: flag
# span 0 =     12.000,   1005.000       
# span 1 =    -0.8092,     1.9659       
# span 2 =   2.746506,   3.274635       
# span 3 =    -0.8029,     1.9671       
# span 4 =   2.754122,   3.067854       
# span 5 =    4.33453,    8.03168       
# span 6 =    -0.1182,     0.4010       
# span 7 =    13.8155,    13.8155       
# span 8 = 0.0000e+00, 0.0000e+00       
# span 9 =  -61.12483,  -61.12483       
# span 10 =  -58.09367,  -58.09367      
# span 11 = 1152604004, 1152605798      
# span 12 = 192.324136, 192.344907      
# span 13 =    33.7983,    40.7166      
# span 14 = 0.0000e+00, 0.0000e+00      
# interval = decibars: 1                
# start_time = Jul 11 2006 07:46:43
# bad_flag = -9.990e-29
*END*
Pressure	Temperature	Conductivity	Temperature2	Conductivity2	Oxygen	Fluorescence	Beam Attenuation	SPAR	latitude	longitude	timeY	timeJ	Salinity	flag
     12.000    -0.5394   3.274635    -0.7767   3.022228    5.98238     0.2850    13.8155 0.0000e+00  -61.12483  -58.09367 1152604004 192.324136    40.7166 0.0000e+00
     13.000    -0.6974   2.937212    -0.7954   2.838639    7.40992     0.3587    13.8155 0.0000e+00  -61.12483  -58.09367 1152604041 192.324568    36.2747 0.0000e+00
     14.000    -0.8092   2.746506    -0.8029   2.754122    7.99537     0.3753    13.8155 0.0000e+00  -61.12483  -58.09367 1152604062 192.324812    33.7983 0.0000e+00
     15.000    -0.7988   2.759305    -0.7991   2.759971    7.95533     0.3597    13.8155 0.0000e+00  -61.12483  -58.09367 1152604063 192.324817    33.9602 0.0000e+00
     16.000    -0.7981   2.759319    -0.7987   2.760007    7.95478     0.3786    13.8155 0.0000e+00  -61.12483  -58.09367 1152604065 192.324841    33.9589 0.0000e+00
     17.000    -0.7977   2.759269    -0.7984   2.759999    7.96220     0.3714    13.8155 0.0000e+00  -61.12483  -58.09367 1152604068 192.324878    33.9570 0.0000e+00
     18.000    -0.7973   2.759308    -0.7982   2.760044    7.97082     0.3610    13.8155 0.0000e+00  -61.12483  -58.09367 1152604069 192.324895    33.9564 0.0000e+00
     19.000    -0.7955   2.759470    -0.7965   2.760200    7.97581     0.3751    13.8155 0.0000e+00  -61.12483  -58.09367 1152604071 192.324919    33.9559 0.0000e+00
     20.000    -0.7934   2.759676    -0.7944   2.760428    7.97631     0.3684    13.8155 0.0000e+00  -61.12483  -58.09367 1152604074 192.324947    33.9557 0.0000e+00
     21.000    -0.7923   2.759801    -0.7931   2.760576    7.97787     0.3754    13.8155 0.0000e+00  -61.12483  -58.09367 1152604076 192.324976    33.9554 0.0000e+00
     22.000    -0.7924   2.759789    -0.7930   2.760580    7.98987     0.3660    13.8155 0.0000e+00  -61.12483  -58.09367 1152604078 192.324998    33.9547 0.0000e+00
     23.000    -0.7922   2.759882    -0.7928   2.760660    7.98797     0.3664    13.8155 0.0000e+00  -61.12483  -58.09367 1152604080 192.325014    33.9552 0.0000e+00
     24.000    -0.7923   2.759902    -0.7932   2.760683    7.98810     0.4010    13.8155 0.0000e+00  -61.12483  -58.09367 1152604082 192.325040    33.9550 0.0000e+00
     25.000    -0.7926   2.759898    -0.7933   2.760684    7.99901     0.3807    13.8155 0.0000e+00  -61.12483  -58.09367 1152604085 192.325076    33.9547 0.0000e+00
     26.000    -0.7928   2.759919    -0.7936   2.760691    8.00345     0.3880    13.8155 0.0000e+00  -61.12483  -58.09367 1152604087 192.325097    33.9545 0.0000e+00
     27.000    -0.7925   2.759968    -0.7931   2.760752    8.00303     0.3834    13.8155 0.0000e+00  -61.12483  -58.09367 1152604089 192.325118    33.9542 0.0000e+00
     28.000    -0.7931   2.759969    -0.7938   2.760746    8.00527     0.3869    13.8155 0.0000e+00  -61.12483  -58.09367 1152604091 192.325141    33.9543 0.0000e+00
     29.000    -0.7948   2.759899    -0.7957   2.760670    8.00468     0.3949    13.8155 0.0000e+00  -61.12483  -58.09367 1152604094 192.325174    33.9548 0.0000e+00
     30.000    -0.7951   2.759922    -0.7958   2.760702    8.00577     0.3798    13.8155 0.0000e+00  -61.12483  -58.09367 1152604096 192.325202    33.9548 0.0000e+00
     31.000    -0.7950   2.759981    -0.7956   2.760751    8.00791     0.3687    13.8155 0.0000e+00  -61.12483  -58.09367 1152604097 192.325217    33.9548 0.0000e+00
     32.000    -0.7944   2.760051    -0.7951   2.760818    8.00910     0.3719    13.8155 0.0000e+00  -61.12483  -58.09367 1152604098 192.325231    33.9544 0.0000e+00
     33.000    -0.7938   2.760123    -0.7944   2.760894    8.01145     0.3774    13.8155 0.0000e+00  -61.12483  -58.09367 1152604101 192.325262    33.9541 0.0000e+00
     34.000    -0.7939   2.760180    -0.7950   2.760899    8.02088     0.3691    13.8155 0.0000e+00  -61.12483  -58.09367 1152604106 192.325317    33.9543 0.0000e+00
     35.000    -0.7953   2.760111    -0.7959   2.760867    8.02128     0.3585    13.8155 0.0000e+00  -61.12483  -58.09367 1152604107 192.325330    33.9544 0.0000e+00
     36.000    -0.7953   2.760144    -0.7960   2.760902    8.02301     0.3721    13.8155 0.0000e+00  -61.12483  -58.09367 1152604108 192.325341    33.9542 0.0000e+00
     37.000    -0.7954   2.760179    -0.7962   2.760937    8.02565     0.3741    13.8155 0.0000e+00  -61.12483  -58.09367 1152604109 192.325355    33.9543 0.0000e+00
     38.000    -0.7955   2.760228    -0.7961   2.760978    8.02422     0.3817    13.8155 0.0000e+00  -61.12483  -58.09367 1152604111 192.325375    33.9544 0.0000e+00
     39.000    -0.7949   2.760309    -0.7955   2.761055    8.02148     0.3702    13.8155 0.0000e+00  -61.12483  -58.09367 1152604115 192.325424    33.9542 0.0000e+00
     40.000    -0.7955   2.760315    -0.7960   2.761052    8.02194     0.3436    13.8155 0.0000e+00  -61.12483  -58.09367 1152604118 192.325458    33.9543 0.0000e+00
     41.000    -0.7954   2.760365    -0.7960   2.761102    8.02219     0.3597    13.8155 0.0000e+00  -61.12483  -58.09367 1152604119 192.325471    33.9543 0.0000e+00
     42.000    -0.7954   2.760416    -0.7960   2.761141    8.01928     0.3590    13.8155 0.0000e+00  -61.12483  -58.09367 1152604120 192.325486    33.9543 0.0000e+00
     43.000    -0.7952   2.760465    -0.7958   2.761196    8.01951     0.3493    13.8155 0.0000e+00  -61.12483  -58.09367 1152604122 192.325504    33.9542 0.0000e+00
     44.000    -0.7951   2.760514    -0.7956   2.761239    8.02348     0.3724    13.8155 0.0000e+00  -61.12483  -58.09367 1152604124 192.325529    33.9541 0.0000e+00
     45.000    -0.7952   2.760556    -0.7958   2.761271    8.02378     0.3703    13.8155 0.0000e+00  -61.12483  -58.09367 1152604128 192.325578    33.9541 0.0000e+00
     46.000    -0.7953   2.760602    -0.7958   2.761316    8.02114     0.3593    13.8155 0.0000e+00  -61.12483  -58.09367 1152604131 192.325606    33.9542 0.0000e+00
     47.000    -0.7953   2.760660    -0.7959   2.761368    8.02009     0.3473    13.8155 0.0000e+00  -61.12483  -58.09367 1152604132 192.325624    33.9544 0.0000e+00
     48.000    -0.7953   2.760705    -0.7958   2.761419    8.02000     0.3558    13.8155 0.0000e+00  -61.12483  -58.09367 1152604134 192.325639    33.9544 0.0000e+00
     49.000    -0.7953   2.760767    -0.7957   2.761462    8.01964     0.3589    13.8155 0.0000e+00  -61.12483  -58.09367 1152604135 192.325651    33.9546 0.0000e+00
     50.000    -0.7950   2.760831    -0.7955   2.761531    8.01966     0.3700    13.8155 0.0000e+00  -61.12483  -58.09367 1152604136 192.325664    33.9545 0.0000e+00
     51.000    -0.7933   2.761020    -0.7939   2.761707    8.01996     0.3493    13.8155 0.0000e+00  -61.12483  -58.09367 1152604142 192.325740    33.9545 0.0000e+00
     52.000    -0.7954   2.760899    -0.7959   2.761595    8.02451     0.3474    13.8155 0.0000e+00  -61.12483  -58.09367 1152604144 192.325758    33.9547 0.0000e+00
     53.000    -0.7952   2.760955    -0.7957   2.761647    8.02454     0.3310    13.8155 0.0000e+00  -61.12483  -58.09367 1152604145 192.325770    33.9546 0.0000e+00
     54.000    -0.7948   2.761050    -0.7952   2.761735    8.02128     0.3391    13.8155 0.0000e+00  -61.12483  -58.09367 1152604146 192.325780    33.9548 0.0000e+00
     55.000    -0.7940   2.761167    -0.7944   2.761857    8.01834     0.3575    13.8155 0.0000e+00  -61.12483  -58.09367 1152604147 192.325792    33.9549 0.0000e+00
     56.000    -0.7937   2.761245    -0.7939   2.761936    8.02039     0.3732    13.8155 0.0000e+00  -61.12483  -58.09367 1152604150 192.325826    33.9550 0.0000e+00
     57.000    -0.7935   2.761315    -0.7942   2.761956    8.02180     0.3510    13.8155 0.0000e+00  -61.12483  -58.09367 1152604154 192.325878    33.9551 0.0000e+00
     58.000    -0.7940   2.761326    -0.7943   2.761984    8.02681     0.3535    13.8155 0.0000e+00  -61.12483  -58.09367 1152604156 192.325899    33.9552 0.0000e+00
     59.000    -0.7940   2.761387    -0.7941   2.762052    8.02743     0.3541    13.8155 0.0000e+00  -61.12483  -58.09367 1152604158 192.325916    33.9553 0.0000e+00
     60.000    -0.7939   2.761439    -0.7941   2.762115    8.02766     0.3624    13.8155 0.0000e+00  -61.12483  -58.09367 1152604159 192.325931    33.9553 0.0000e+00
     61.000    -0.7937   2.761495    -0.7941   2.762158    8.02449     0.3536    13.8155 0.0000e+00  -61.12483  -58.09367 1152604160 192.325946    33.9552 0.0000e+00
     62.000    -0.7934   2.761564    -0.7937   2.762229    8.02442     0.3664    13.8155 0.0000e+00  -61.12483  -58.09367 1152604163 192.325975    33.9552 0.0000e+00
     63.000    -0.7936   2.761607    -0.7938   2.762255    8.03168     0.3551    13.8155 0.0000e+00  -61.12483  -58.09367 1152604166 192.326018    33.9554 0.0000e+00
     64.000    -0.7934   2.761689    -0.7936   2.762343    8.02757     0.3497    13.8155 0.0000e+00  -61.12483  -58.09367 1152604168 192.326040    33.9557 0.0000e+00
     65.000    -0.7934   2.761718    -0.7937   2.762369    8.02400     0.3325    13.8155 0.0000e+00  -61.12483  -58.09367 1152604169 192.326053    33.9555 0.0000e+00
     66.000    -0.7933   2.761783    -0.7935   2.762427    8.02071     0.3564    13.8155 0.0000e+00  -61.12483  -58.09367 1152604170 192.326065    33.9556 0.0000e+00
     67.000    -0.7933   2.761825    -0.7934   2.762473    8.02139     0.3664    13.8155 0.0000e+00  -61.12483  -58.09367 1152604172 192.326080    33.9556 0.0000e+00
     68.000    -0.7933   2.761882    -0.7934   2.762519    8.01932     0.3465    13.8155 0.0000e+00  -61.12483  -58.09367 1152604174 192.326103    33.9557 0.0000e+00
     69.000    -0.7931   2.761951    -0.7931   2.762597    8.01685     0.3480    13.8155 0.0000e+00  -61.12483  -58.09367 1152604175 192.326122    33.9558 0.0000e+00
     70.000    -0.7928   2.762015    -0.7929   2.762651    8.01644     0.3556    13.8155 0.0000e+00  -61.12483  -58.09367 1152604177 192.326138    33.9557 0.0000e+00
     71.000    -0.7931   2.762045    -0.7931   2.762679    8.02148     0.3695    13.8155 0.0000e+00  -61.12483  -58.09367 1152604179 192.326159    33.9558 0.0000e+00
     72.000    -0.7932   2.762090    -0.7931   2.762716    8.02598     0.3582    13.8155 0.0000e+00  -61.12483  -58.09367 1152604181 192.326181    33.9559 0.0000e+00
     73.000    -0.7928   2.762175    -0.7929   2.762794    8.02264     0.3637    13.8155 0.0000e+00  -61.12483  -58.09367 1152604182 192.326199    33.9560 0.0000e+00
     74.000    -0.7927   2.762232    -0.7926   2.762857    8.01934     0.3510    13.8155 0.0000e+00  -61.12483  -58.09367 1152604183 192.326214    33.9560 0.0000e+00
     75.000    -0.7924   2.762301    -0.7924   2.762926    8.01912     0.3547    13.8155 0.0000e+00  -61.12483  -58.09367 1152604185 192.326230    33.9560 0.0000e+00
     76.000    -0.7921   2.762374    -0.7922   2.762989    8.01904     0.3588    13.8155 0.0000e+00  -61.12483  -58.09367 1152604187 192.326251    33.9561 0.0000e+00
     77.000    -0.7918   2.762464    -0.7917   2.763084    8.02196     0.3531    13.8155 0.0000e+00  -61.12483  -58.09367 1152604188 192.326271    33.9563 0.0000e+00
     78.000    -0.7915   2.762540    -0.7914   2.763165    8.02407     0.3623    13.8155 0.0000e+00  -61.12483  -58.09367 1152604190 192.326286    33.9564 0.0000e+00
     79.000    -0.7920   2.762528    -0.7919   2.763152    8.02844     0.3442    13.8155 0.0000e+00  -61.12483  -58.09367 1152604191 192.326299    33.9562 0.0000e+00
     80.000    -0.7909   2.762702    -0.7910   2.763309    8.02942     0.3462    13.8155 0.0000e+00  -61.12483  -58.09367 1152604192 192.326312    33.9566 0.0000e+00
     81.000    -0.7910   2.762733    -0.7912   2.763308    8.02817     0.3705    13.8155 0.0000e+00  -61.12483  -58.09367 1152604194 192.326333    33.9566 0.0000e+00
     82.000    -0.7912   2.762767    -0.7911   2.763365    8.02480     0.3713    13.8155 0.0000e+00  -61.12483  -58.09367 1152604197 192.326373    33.9566 0.0000e+00
     83.000    -0.7898   2.762966    -0.7895   2.763585    8.02408     0.3443    13.8155 0.0000e+00  -61.12483  -58.09367 1152604199 192.326391    33.9572 0.0000e+00
     84.000    -0.7877   2.763243    -0.7874   2.763852    8.02094     0.3577    13.8155 0.0000e+00  -61.12483  -58.09367 1152604200 192.326404    33.9578 0.0000e+00
     85.000    -0.7860   2.763475    -0.7856   2.764091    8.02162     0.3502    13.8155 0.0000e+00  -61.12483  -58.09367 1152604201 192.326416    33.9584 0.0000e+00
     86.000    -0.7862   2.763502    -0.7860   2.764137    8.02257     0.3541    13.8155 0.0000e+00  -61.12483  -58.09367 1152604202 192.326428    33.9584 0.0000e+00
     87.000    -0.7864   2.763519    -0.7860   2.764144    8.02393     0.3533    13.8155 0.0000e+00  -61.12483  -58.09367 1152604203 192.326441    33.9583 0.0000e+00
     88.000    -0.7861   2.763598    -0.7861   2.764177    8.02518     0.3644    13.8155 0.0000e+00  -61.12483  -58.09367 1152604204 192.326454    33.9584 0.0000e+00
     89.000    -0.7869   2.763541    -0.7868   2.764127    8.02042     0.3715    13.8155 0.0000e+00  -61.12483  -58.09367 1152604206 192.326472    33.9580 0.0000e+00
     90.000    -0.7862   2.763667    -0.7856   2.764289    8.02278     0.3677    13.8155 0.0000e+00  -61.12483  -58.09367 1152604209 192.326512    33.9583 0.0000e+00
     91.000    -0.7830   2.764076    -0.7830   2.764620    8.02195     0.3605    13.8155 0.0000e+00  -61.12483  -58.09367 1152604211 192.326532    33.9595 0.0000e+00
     92.000    -0.7808   2.764360    -0.7803   2.764974    8.01824     0.3550    13.8155 0.0000e+00  -61.12483  -58.09367 1152604212 192.326548    33.9603 0.0000e+00
     93.000    -0.7792   2.764603    -0.7779   2.765279    8.01210     0.3422    13.8155 0.0000e+00  -61.12483  -58.09367 1152604214 192.326564    33.9611 0.0000e+00
     94.000    -0.7764   2.764977    -0.7753   2.765614    8.00803     0.3442    13.8155 0.0000e+00  -61.12483  -58.09367 1152604215 192.326578    33.9623 0.0000e+00
     95.000    -0.7754   2.765118    -0.7752   2.765682    8.00673     0.3574    13.8155 0.0000e+00  -61.12483  -58.09367 1152604216 192.326591    33.9625 0.0000e+00
     96.000    -0.7735   2.765368    -0.7732   2.765931    8.00152     0.3389    13.8155 0.0000e+00  -61.12483  -58.09367 1152604217 192.326605    33.9631 0.0000e+00
     97.000    -0.7678   2.766047    -0.7672   2.766619    7.99796     0.3381    13.8155 0.0000e+00  -61.12483  -58.09367 1152604219 192.326622    33.9652 0.0000e+00
     98.000    -0.7673   2.766142    -0.7664   2.766760    7.99530     0.3293    13.8155 0.0000e+00  -61.12483  -58.09367 1152604220 192.326639    33.9652 0.0000e+00
     99.000    -0.7656   2.766362    -0.7653   2.766914    7.98984     0.3490    13.8155 0.0000e+00  -61.12483  -58.09367 1152604222 192.326661    33.9657 0.0000e+00
    100.000    -0.7636   2.766626    -0.7628   2.767228    7.97613     0.3333    13.8155 0.0000e+00  -61.12483  -58.09367 1152604225 192.326696    33.9666 0.0000e+00
    101.000    -0.7561   2.767522    -0.7552   2.768099    7.96347     0.3327    13.8155 0.0000e+00  -61.12483  -58.09367 1152604227 192.326717    33.9695 0.0000e+00
    102.000    -0.7484   2.768429    -0.7471   2.769041    7.94976     0.3276    13.8155 0.0000e+00  -61.12483  -58.09367 1152604228 192.326730    33.9724 0.0000e+00
    103.000    -0.7373   2.769717    -0.7365   2.770252    7.93271     0.3282    13.8155 0.0000e+00  -61.12483  -58.09367 1152604229 192.326740    33.9764 0.0000e+00
    104.000    -0.6973   2.774311    -0.6942   2.774806    7.90872     0.3225    13.8155 0.0000e+00  -61.12483  -58.09367 1152604230 192.326751    33.9927 0.0000e+00
    105.000    -0.6581   2.778539    -0.6561   2.779085    7.86736     0.3257    13.8155 0.0000e+00  -61.12483  -58.09367 1152604231 192.326764    34.0034 0.0000e+00
    106.000    -0.6054   2.784769    -0.6016   2.785489    7.80600     0.3277    13.8155 0.0000e+00  -61.12483  -58.09367 1152604233 192.326786    34.0267 0.0000e+00
