product_data/regression_test/downloaded_data/MDGS/320620060703/ctd/adapted/heads_insert_p6609311.cnv
* Sea-Bird SBE 9 Data File:
* FileName = D:\Data\Raw\p6609311.dat
* Software Version Seasave Win32 V 5.32
* Temperature SN = 1649
* Conductivity SN = 1431
* Number of Bytes Per Scan = 37
* Number of Voltage Words = 5
* Number of Scans Averaged by the Deck Unit = 1
* NMEA Latitude = 61 07.50 S
* NMEA Longitude = 058 05.61 W
* NMEA UTC (Time) = 11:04:14
** Ship:   Nathaniel B. Palmer nbp
** Cruise:    NBP0606 nbp0606
# nquan = 15
# nvalues = 2995                        
# units = specified
# name 0 = prDM: Pressure, Digiquartz [db]
# name 1 = t090C: Temperature [ITS-90, deg C]
# name 2 = c0S/m: Conductivity [S/m]
# name 3 = t190C: Temperature, 2 [ITS-90, deg C]
# name 4 = c1S/m: Conductivity, 2 [S/m]
# name 5 = sbeox0ML/L: Oxygen, SBE 43 [ml/l]
# name 6 = flECO-AFL: Fluorescence, Wetlab ECO-AFL/FL [mg/m^3]
# name 7 = bat: Beam Attenuation, Chelsea/Seatech/Wetlab CStar [1/m]
# name 8 = spar: SPAR/Surface Irradiance
# name 9 = latitude: Latitude [deg]
# name 10 = longitude: Longitude [deg]
# name 11 = timeY: Time, System [seconds]
# name 12 = timeJ: Julian Days
# name 13 = sal00: Salinity [PSU]
# name 14 = flag: flag
# span 0 =     15.000,   3009.000       
# span 1 =    -0.8034,     1.9378       
# span 2 =   2.758315,   3.067531       
# span 3 =    -0.8043,     1.9396       
# span 4 =   2.759094,   3.067839       
# span 5 =    1.43364,    8.00709       
# span 6 =    -0.1381,     0.4587       
# span 7 =    13.8155,    13.8155       
# span 8 = -1.642e-01, 1.9577e+00       
# span 9 =  -61.12500,  -61.12500       
# span 10 =  -58.09350,  -58.09350      
# span 11 = 1152615861, 1152619842      
# span 12 = 192.461351, 192.507449      
# span 13 =    33.9431,    34.7278      
# span 14 = 0.0000e+00, 0.0000e+00      
# interval = decibars: 1                
# start_time = Jul 11 2006 11:04:21
# bad_flag = -9.990e-29
*END*
[from data line 1254]
   1268.000     1.2482   3.046573     1.2488   3.046877    4.91025    -0.0893    13.8155 1.0842e+00  -61.12500  -58.09350 1152617619 192.481721    34.7235 0.0000e+00
   1269.000     1.2479   3.046584     1.2485   3.046892    4.91113    -0.0865    13.8155 8.3826e-01  -61.12500  -58.09350 1152617620 192.481731    34.7235 0.0000e+00
   1270.000     1.2472   3.046561     1.2477   3.046867    4.91167    -0.0924    13.8155 1.5010e+00  -61.12500  -58.09350 1152617621 192.481743    34.7235 0.0000e+00
   1271.000     1.2468   3.046566     1.2474   3.046873    4.91380    -0.1061    13.8155 7.2010e-01  -61.12500  -58.09350 1152617623 192.481761    34.7234 0.0000e+00
   1272.000     1.2466   3.046603     1.2471   3.046889    4.91539    -0.0948    13.8155 1.0483e+00  -61.12500  -58.09350 1152617624 192.481779    34.7235 0.0000e+00
   1273.000     1.2456   3.046551     1.2461   3.046848    4.91567    -0.0962    13.8155 1.6095e+00  -61.12500  -58.09350 1152617625 192.481791    34.7234 0.0000e+00
   1274.000     1.2455   3.046583     1.2460   3.046892    4.91551    -0.1005    13.8155 1.1669e+00  -61.12500  -58.09350 1152617626 192.481801    34.7234 0.0000e+00
   1275.000     1.2451   3.046600     1.2455   3.046898    4.91535    -0.0826    13.8155 1.0589e-01  -61.12500  -58.09350 1152617627 192.481809    34.7235 0.0000e+00
   1276.000     1.2452   3.046632     1.2455   3.046928    4.91518    -0.0851    13.8155 1.0820e-01  -61.12500  -58.09350 1152617628 192.481818    34.7233 0.0000e+00
   1277.000     1.2440   3.046567     1.2446   3.046871    4.91527    -0.0942    13.8155 1.3567e+00  -61.12500  -58.09350 1152617628 192.481828    34.7232 0.0000e+00
   1278.000     1.2448   3.046693     1.2455   3.047006    4.91944    -0.0863    13.8155 6.3223e-01  -61.12500  -58.09350 1152617633 192.481884    34.7233 0.0000e+00
   1279.000     1.2439   3.046659     1.2440   3.046922    4.92160    -0.0947    13.8155 5.1986e-01  -61.12500  -58.09350 1152617635 192.481905    34.7234 0.0000e+00
   1280.000     1.2432   3.046639     1.2437   3.046943    4.92189    -0.0929    13.8155 1.6186e+00  -61.12500  -58.09350 1152617636 192.481914    34.7234 0.0000e+00
   1281.000     1.2427   3.046633     1.2429   3.046937    4.92089    -0.0975    13.8155 4.2594e-01  -61.12500  -58.09350 1152617636 192.481922    34.7234 0.0000e+00
   1282.000     1.2419   3.046598     1.2423   3.046916    4.91918    -0.1074    13.8155 1.2567e+00  -61.12500  -58.09350 1152617637 192.481929    34.7233 0.0000e+00
   1283.000     1.2418   3.046621     1.2418   3.046919    4.91759    -0.1004    13.8155 1.5677e+00  -61.12500  -58.09350 1152617638 192.481936    34.7232 0.0000e+00
   1284.000     1.2417   3.046661     1.2419   3.046957    4.91711    -0.0809    13.8155 1.1319e+00  -61.12500  -58.09350 1152617638 192.481943    34.7232 0.0000e+00
   1285.000     1.2414   3.046672     1.2416   3.046979    4.91668    -0.0776    13.8155 8.4168e-01  -61.12500  -58.09350 1152617639 192.481950    34.7231 0.0000e+00
   1286.000     1.2407   3.046671     1.2412   3.046965    4.91818    -0.0930    13.8155 5.7234e-01  -61.12500  -58.09350 1152617640 192.481958    34.7233 0.0000e+00
   1287.000     1.2410   3.046745     1.2417   3.047065    4.91698    -0.0797    13.8155 8.7446e-01  -61.12500  -58.09350 1152617644 192.482006    34.7234 0.0000e+00
   1288.000     1.2407   3.046770     1.2413   3.047082    4.91731    -0.1031    13.8155 7.5375e-01  -61.12500  -58.09350 1152617646 192.482032    34.7235 0.0000e+00
   1289.000     1.2386   3.046603     1.2386   3.046899    4.91798    -0.0907    13.8155 1.6248e-02  -61.12500  -58.09350 1152617647 192.482040    34.7231 0.0000e+00
   1290.000     1.2359   3.046408     1.2361   3.046705    4.91737    -0.0762    13.8155 9.3306e-01  -61.12500  -58.09350 1152617647 192.482048    34.7232 0.0000e+00
   1291.000     1.2347   3.046345     1.2350   3.046647    4.91856    -0.0847    13.8155 1.7030e+00  -61.12500  -58.09350 1152617648 192.482056    34.7233 0.0000e+00
   1292.000     1.2327   3.046196     1.2329   3.046499    4.91868    -0.0983    13.8155 1.5499e-01  -61.12500  -58.09350 1152617649 192.482063    34.7230 0.0000e+00
   1293.000     1.2314   3.046153     1.2322   3.046466    4.91991    -0.0962    13.8155 6.9642e-03  -61.12500  -58.09350 1152617650 192.482073    34.7234 0.0000e+00
   1294.000     1.2324   3.046286     1.2323   3.046526    4.92119    -0.0985    13.8155 5.4784e-01  -61.12500  -58.09350 1152617652 192.482104    34.7233 0.0000e+00
   1295.000     1.2329   3.046382     1.2330   3.046638    4.92194    -0.0961    13.8155 6.2956e-01  -61.12500  -58.09350 1152617655 192.482135    34.7235 0.0000e+00
   1296.000     1.2315   3.046289     1.2317   3.046572    4.92359    -0.0887    13.8155 3.6778e-01  -61.12500  -58.09350 1152617656 192.482145    34.7232 0.0000e+00
   1297.000     1.2302   3.046199     1.2307   3.046523    4.92406    -0.0958    13.8155 2.3643e-01  -61.12500  -58.09350 1152617657 192.482155    34.7230 0.0000e+00
   1298.000     1.2282   3.046082     1.2287   3.046394    4.92378    -0.0807    13.8155 8.6414e-01  -61.12500  -58.09350 1152617657 192.482163    34.7232 0.0000e+00
   1299.000     1.2263   3.045947     1.2268   3.046253    4.92309    -0.1094    13.8155 1.6415e+00  -61.12500  -58.09350 1152617658 192.482173    34.7231 0.0000e+00
   1300.000     1.2245   3.045832     1.2250   3.046131    4.92309    -0.0934    13.8155 3.5403e-01  -61.12500  -58.09350 1152617659 192.482186    34.7232 0.0000e+00
   1301.000     1.2230   3.045757     1.2236   3.046064    4.92389    -0.0865    13.8155 1.0220e+00  -61.12500  -58.09350 1152617661 192.482203    34.7232 0.0000e+00
   1302.000     1.2230   3.045794     1.2238   3.046099    4.92478    -0.0963    13.8155 5.4967e-01  -61.12500  -58.09350 1152617663 192.482231    34.7232 0.0000e+00
   1303.000     1.2229   3.045820     1.2236   3.046124    4.92867    -0.0900    13.8155 4.2295e-01  -61.12500  -58.09350 1152617666 192.482264    34.7230 0.0000e+00
   1304.000     1.2215   3.045745     1.2219   3.046050    4.93103    -0.0835    13.8155 4.3144e-01  -61.12500  -58.09350 1152617667 192.482275    34.7231 0.0000e+00
   1305.000     1.2215   3.045795     1.2219   3.046089    4.93103    -0.0801    13.8155 1.0094e+00  -61.12500  -58.09350 1152617668 192.482284    34.7232 0.0000e+00
   1306.000     1.2209   3.045788     1.2214   3.046098    4.92988    -0.0825    13.8155 1.9271e+00  -61.12500  -58.09350 1152617669 192.482293    34.7231 0.0000e+00
   1307.000     1.2209   3.045826     1.2214   3.046128    4.92880    -0.0898    13.8155 -6.123e-03  -61.12500  -58.09350 1152617669 192.482300    34.7231 0.0000e+00
   1308.000     1.2210   3.045846     1.2211   3.046154    4.92636    -0.0867    13.8155 6.9182e-01  -61.12500  -58.09350 1152617670 192.482307    34.7227 0.0000e+00
   1309.000     1.2207   3.045868     1.2210   3.046164    4.92721    -0.0896    13.8155 8.3568e-01  -61.12500  -58.09350 1152617670 192.482313    34.7228 0.0000e+00
   1310.000     1.2198   3.045849     1.2202   3.046137    4.92800    -0.1008    13.8155 9.5693e-01  -61.12500  -58.09350 1152617671 192.482323    34.7230 0.0000e+00
   1311.000     1.2208   3.045988     1.2213   3.046278    4.92982    -0.0786    13.8155 3.0029e-01  -61.12500  -58.09350 1152617676 192.482382    34.7230 0.0000e+00
   1312.000     1.2196   3.045924     1.2197   3.046196    4.93153    -0.0885    13.8155 1.1884e+00  -61.12500  -58.09350 1152617678 192.482397    34.7231 0.0000e+00
   1313.000     1.2184   3.045853     1.2188   3.046156    4.93242    -0.0956    13.8155 3.5206e-01  -61.12500  -58.09350 1152617679 192.482409    34.7230 0.0000e+00
   1314.000     1.2153   3.045623     1.2157   3.045939    4.93287    -0.0704    13.8155 5.3368e-03  -61.12500  -58.09350 1152617679 192.482419    34.7229 0.0000e+00
   1315.000     1.2132   3.045473     1.2135   3.045787    4.93294    -0.0927    13.8155 7.8445e-01  -61.12500  -58.09350 1152617680 192.482428    34.7229 0.0000e+00
   1316.000     1.2117   3.045393     1.2122   3.045702    4.93283    -0.0867    13.8155 1.8042e+00  -61.12500  -58.09350 1152617681 192.482435    34.7230 0.0000e+00
   1317.000     1.2110   3.045352     1.2112   3.045664    4.93274    -0.1053    13.8155 1.5566e+00  -61.12500  -58.09350 1152617682 192.482443    34.7227 0.0000e+00
   1318.000     1.2104   3.045340     1.2105   3.045655    4.93260    -0.0860    13.8155 1.4608e-01  -61.12500  -58.09350 1152617682 192.482450    34.7226 0.0000e+00
   1319.000     1.2099   3.045338     1.2102   3.045644    4.93256    -0.0820    13.8155 1.7718e+00  -61.12500  -58.09350 1152617683 192.482458    34.7227 0.0000e+00
   1320.000     1.2105   3.045448     1.2108   3.045736    4.93230    -0.0902    13.8155 1.0683e+00  -61.12500  -58.09350 1152617686 192.482490    34.7228 0.0000e+00
   1321.000     1.2103   3.045489     1.2108   3.045788    4.93321    -0.0899    13.8155 4.8443e-01  -61.12500  -58.09350 1152617690 192.482540    34.7229 0.0000e+00
   1322.000     1.2097   3.045471     1.2097   3.045741    4.93452    -0.0955    13.8155 1.4897e+00  -61.12500  -58.09350 1152617691 192.482552    34.7228 0.0000e+00
   1323.000     1.2074   3.045306     1.2072   3.045572    4.93506    -0.0847    13.8155 5.4213e-01  -61.12500  -58.09350 1152617692 192.482561    34.7227 0.0000e+00
   1324.000     1.2059   3.045230     1.2064   3.045527    4.93498    -0.0894    13.8155 -5.329e-03  -61.12500  -58.09350 1152617692 192.482569    34.7229 0.0000e+00
   1325.000     1.2061   3.045273     1.2067   3.045607    4.93568    -0.0903    13.8155 2.4650e-01  -61.12500  -58.09350 1152617693 192.482577    34.7227 0.0000e+00
   1326.000     1.2049   3.045185     1.2050   3.045480    4.93774    -0.1015    13.8155 1.7627e+00  -61.12500  -58.09350 1152617694 192.482584    34.7224 0.0000e+00
   1327.000     1.2023   3.045000     1.2024   3.045304    4.93725    -0.0979    13.8155 8.2838e-01  -61.12500  -58.09350 1152617694 192.482591    34.7224 0.0000e+00
   1328.000     1.2024   3.045032     1.2023   3.045338    4.93800    -0.1139    13.8155 1.0607e-02  -61.12500  -58.09350 1152617695 192.482597    34.7222 0.0000e+00
   1329.000     1.2023   3.045073     1.2025   3.045373    4.93897    -0.0976    13.8155 7.5711e-04  -61.12500  -58.09350 1152617696 192.482605    34.7223 0.0000e+00
   1330.000     1.2019   3.045114     1.2023   3.045406    4.93946    -0.0976    13.8155 1.3381e+00  -61.12500  -58.09350 1152617700 192.482657    34.7225 0.0000e+00
   1331.000     1.2005   3.045032     1.2010   3.045337    4.93951    -0.1009    13.8155 8.6388e-02  -61.12500  -58.09350 1152617702 192.482677    34.7225 0.0000e+00
   1332.000     1.1994   3.044971     1.1999   3.045278    4.93972    -0.0794    13.8155 1.1063e+00  -61.12500  -58.09350 1152617703 192.482686    34.7225 0.0000e+00
   1333.000     1.1992   3.044993     1.1996   3.045285    4.93926    -0.0859    13.8155 1.3648e+00  -61.12500  -58.09350 1152617703 192.482694    34.7225 0.0000e+00
   1334.000     1.1991   3.045028     1.1996   3.045329    4.93843    -0.0820    13.8155 1.7894e+00  -61.12500  -58.09350 1152617704 192.482703    34.7225 0.0000e+00
   1335.000     1.1990   3.045063     1.1994   3.045348    4.93745    -0.1009    13.8155 2.7281e-01  -61.12500  -58.09350 1152617705 192.482715    34.7224 0.0000e+00
   1336.000     1.1987   3.045078     1.1994   3.045392    4.93687    -0.0856    13.8155 -1.150e-02  -61.12500  -58.09350 1152617707 192.482738    34.7224 0.0000e+00
   1337.000     1.1984   3.045087     1.1988   3.045379    4.93810    -0.1103    13.8155 6.9639e-07  -61.12500  -58.09350 1152617709 192.482756    34.7223 0.0000e+00
   1338.000     1.1986   3.045160     1.1991   3.045461    4.93870    -0.0880    13.8155 8.8989e-01  -61.12500  -58.09350 1152617710 192.482769    34.7225 0.0000e+00
   1339.000     1.1984   3.045176     1.1988   3.045480    4.93909    -0.0839    13.8155 1.7902e-01  -61.12500  -58.09350 1152617711 192.482782    34.7223 0.0000e+00
   1340.000     1.1977   3.045164     1.1983   3.045471    4.93945    -0.0957    13.8155 2.9538e-01  -61.12500  -58.09350 1152617712 192.482794    34.7224 0.0000e+00
   1341.000     1.1969   3.045136     1.1975   3.045444    4.93991    -0.0897    13.8155 5.3465e-01  -61.12500  -58.09350 1152617713 192.482807    34.7224 0.0000e+00
   1342.000     1.1966   3.045146     1.1972   3.045447    4.94051    -0.0899    13.8155 1.1489e+00  -61.12500  -58.09350 1152617714 192.482824    34.7224 0.0000e+00
   1343.000     1.1962   3.045151     1.1967   3.045443    4.94179    -0.0917    13.8155 6.3898e-02  -61.12500  -58.09350 1152617716 192.482847    34.7223 0.0000e+00
   1344.000     1.1956   3.045139     1.1962   3.045442    4.94345    -0.0944    13.8155 3.9723e-01  -61.12500  -58.09350 1152617718 192.482869    34.7223 0.0000e+00
   1345.000     1.1942   3.045062     1.1948   3.045371    4.94498    -0.1009    13.8155 7.3916e-01  -61.12500  -58.09350 1152617720 192.482888    34.7222 0.0000e+00
   1346.000     1.1930   3.044997     1.1935   3.045300    4.94515    -0.1032    13.8155 5.0430e-01  -61.12500  -58.09350 1152617721 192.482902    34.7223 0.0000e+00
   1347.000     1.1921   3.044969     1.1926   3.045274    4.94626    -0.1039    13.8155 9.7700e-02  -61.12500  -58.09350 1152617722 192.482913    34.7224 0.0000e+00
   1348.000     1.1906   3.044883     1.1910   3.045175    4.94662    -0.1004    13.8155 1.0824e+00  -61.12500  -58.09350 1152617723 192.482923    34.7224 0.0000e+00
   1349.000     1.1894   3.044810     1.1899   3.045112    4.94696    -0.0978    13.8155 1.6576e+00  -61.12500  -58.09350 1152617724 192.482933    34.7223 0.0000e+00
   1350.000     1.1892   3.044834     1.1897   3.045127    4.94722    -0.0800    13.8155 1.3603e+00  -61.12500  -58.09350 1152617725 192.482943    34.7223 0.0000e+00
   1351.000     1.1892   3.044874     1.1897   3.045168    4.94640    -0.0977    13.8155 2.2417e-02  -61.12500  -58.09350 1152617726 192.482955    34.7222 0.0000e+00
   1352.000     1.1896   3.044942     1.1902   3.045248    4.94211    -0.0991    13.8155 1.4109e+00  -61.12500  -58.09350 1152617727 192.482970    34.7221 0.0000e+00
   1353.000     1.1898   3.045006     1.1904   3.045301    4.94303    -0.0919    13.8155 8.3562e-01  -61.12500  -58.09350 1152617729 192.482992    34.7221 0.0000e+00
   1354.000     1.1897   3.045057     1.1904   3.045359    4.94741    -0.0783    13.8155 6.3748e-01  -61.12500  -58.09350 1152617733 192.483037    34.7223 0.0000e+00
   1355.000     1.1898   3.045093     1.1903   3.045391    4.94860    -0.0955    13.8155 1.8224e+00  -61.12500  -58.09350 1152617734 192.483049    34.7222 0.0000e+00
   1356.000     1.1897   3.045130     1.1901   3.045436    4.94907    -0.0870    13.8155 9.4666e-01  -61.12500  -58.09350 1152617735 192.483060    34.7222 0.0000e+00
   1357.000     1.1884   3.045046     1.1886   3.045350    4.94927    -0.1048    13.8155 -1.047e-04  -61.12500  -58.09350 1152617735 192.483068    34.7220 0.0000e+00
   1358.000     1.1840   3.044681     1.1842   3.044997    4.94943    -0.0858    13.8155 2.5819e-04  -61.12500  -58.09350 1152617736 192.483077    34.7218 0.0000e+00
   1359.000     1.1806   3.044425     1.1810   3.044736    4.94962    -0.0898    13.8155 7.7831e-01  -61.12500  -58.09350 1152617737 192.483084    34.7218 0.0000e+00
   1360.000     1.1798   3.044403     1.1802   3.044702    4.94989    -0.1004    13.8155 9.9545e-01  -61.12500  -58.09350 1152617737 192.483092    34.7219 0.0000e+00
   1361.000     1.1791   3.044389     1.1796   3.044693    4.95027    -0.0930    13.8155 4.7346e-02  -61.12500  -58.09350 1152617738 192.483102    34.7220 0.0000e+00
   1362.000     1.1789   3.044420     1.1796   3.044725    4.95111    -0.0859    13.8155 1.9171e-07  -61.12500  -58.09350 1152617740 192.483122    34.7219 0.0000e+00
