product_data/regression_test/downloaded_data/MDGS/320620060703/ctd/adapted/heads_insert_p6609604.cnv
* Sea-Bird SBE 9 Data File:
* FileName = D:\Data\Raw\p6609604.dat
* Software Version Seasave Win32 V 5.32
* Temperature SN = 1649
* Conductivity SN = 1431
* Number of Bytes Per Scan = 37
* Number of Voltage Words = 5
* Number of Scans Averaged by the Deck Unit = 1
* NMEA Latitude = 60 45.04 S
* NMEA Longitude = 058 22.48 W
* NMEA UTC (Time) = 21:57:23
** Ship:   Nathaniel B. Palmer 
** Cruise:    NBP0606 
# nquan = 15
# nvalues = 995                         
# units = specified
# name 0 = prDM: Pressure, Digiquartz [db]
# name 1 = t090C: Temperature [ITS-90, deg C]
# name 2 = c0S/m: Conductivity [S/m]
# name 3 = t190C: Temperature, 2 [ITS-90, deg C]
# name 4 = c1S/m: Conductivity, 2 [S/m]
# name 5 = sbeox0ML/L: Oxygen, SBE 43 [ml/l]
# name 6 = flECO-AFL: Fluorescence, Wetlab ECO-AFL/FL [mg/m^3]
# name 7 = bat: Beam Attenuation, Chelsea/Seatech/Wetlab CStar [1/m]
# name 8 = spar: SPAR/Surface Irradiance
# name 9 = latitude: Latitude [deg]
# name 10 = longitude: Longitude [deg]
# name 11 = timeY: Time, System [seconds]
# name 12 = timeJ: Julian Days
# name 13 = sal00: Salinity [PSU]
# name 14 = flag: flag
# span 0 =      8.000,   1002.000       
# span 1 =    -0.8117,     2.0779       
# span 2 =   2.752035,   3.075497       
# span 3 =    -0.8135,     2.0790       
# span 4 =   2.752408,   3.075848       
# span 5 =    4.34234,    8.09437       
# span 6 =    -0.1119,     0.3581       
# span 7 =    13.8155,    13.8155       
# span 8 = 0.0000e+00, 0.0000e+00       
# span 9 =  -60.75067,  -60.75067       
# span 10 =  -58.37467,  -58.37467      
# span 11 = 1152655055, 1152656626      
# span 12 = 192.915001, 192.933187      
# span 13 =    33.8803,    34.7283      
# span 14 = 0.0000e+00, 0.0000e+00      
# interval = decibars: 1                
# start_time = Jul 11 2006 21:57:31
# bad_flag = -9.990e-29
*END*
[from data line 868]
    875.000     1.7334   3.071789     1.7337   3.072149    4.67536    -0.0904    13.8155 0.0000e+00  -60.75067  -58.37467 1152656386 192.930416    34.7241 0.0000e+00
    876.000     1.7323   3.071750     1.7329   3.072133    4.67564    -0.1059    13.8155 0.0000e+00  -60.75067  -58.37467 1152656387 192.930425    34.7241 0.0000e+00
    877.000     1.7321   3.071763     1.7325   3.072138    4.67574    -0.0848    13.8155 0.0000e+00  -60.75067  -58.37467 1152656388 192.930433    34.7240 0.0000e+00
    878.000     1.7304   3.071639     1.7303   3.072006    4.67561    -0.0822    13.8155 0.0000e+00  -60.75067  -58.37467 1152656389 192.930441    34.7238 0.0000e+00
    879.000     1.7269   3.071388     1.7273   3.071781    4.67543    -0.0996    13.8155 0.0000e+00  -60.75067  -58.37467 1152656389 192.930448    34.7240 0.0000e+00
    880.000     1.7259   3.071345     1.7261   3.071718    4.67520    -0.0872    13.8155 0.0000e+00  -60.75067  -58.37467 1152656390 192.930455    34.7240 0.0000e+00
    881.000     1.7250   3.071310     1.7253   3.071682    4.67473    -0.0891    13.8155 0.0000e+00  -60.75067  -58.37467 1152656391 192.930464    34.7240 0.0000e+00
    882.000     1.7261   3.071458     1.7258   3.071757    4.67724    -0.0808    13.8155 0.0000e+00  -60.75067  -58.37467 1152656394 192.930501    34.7240 0.0000e+00
    883.000     1.7241   3.071341     1.7237   3.071645    4.68139    -0.0828    13.8155 0.0000e+00  -60.75067  -58.37467 1152656398 192.930548    34.7241 0.0000e+00
    884.000     1.7230   3.071288     1.7227   3.071607    4.68213    -0.0858    13.8155 0.0000e+00  -60.75067  -58.37467 1152656399 192.930557    34.7241 0.0000e+00
    885.000     1.7220   3.071243     1.7224   3.071611    4.68320    -0.0924    13.8155 0.0000e+00  -60.75067  -58.37467 1152656399 192.930565    34.7242 0.0000e+00
    886.000     1.7214   3.071230     1.7217   3.071605    4.68515    -0.0825    13.8155 0.0000e+00  -60.75067  -58.37467 1152656400 192.930573    34.7241 0.0000e+00
    887.000     1.7208   3.071235     1.7212   3.071604    4.68495    -0.0820    13.8155 0.0000e+00  -60.75067  -58.37467 1152656401 192.930580    34.7242 0.0000e+00
    888.000     1.7207   3.071244     1.7208   3.071626    4.68354    -0.0885    13.8155 0.0000e+00  -60.75067  -58.37467 1152656401 192.930587    34.7239 0.0000e+00
    889.000     1.7206   3.071268     1.7205   3.071633    4.68258    -0.0882    13.8155 0.0000e+00  -60.75067  -58.37467 1152656402 192.930594    34.7238 0.0000e+00
    890.000     1.7204   3.071299     1.7204   3.071671    4.68180    -0.0801    13.8155 0.0000e+00  -60.75067  -58.37467 1152656402 192.930601    34.7238 0.0000e+00
    891.000     1.7201   3.071322     1.7204   3.071694    4.68292    -0.0764    13.8155 0.0000e+00  -60.75067  -58.37467 1152656404 192.930616    34.7239 0.0000e+00
    892.000     1.7208   3.071439     1.7214   3.071825    4.68153    -0.0925    13.8155 0.0000e+00  -60.75067  -58.37467 1152656409 192.930675    34.7239 0.0000e+00
    893.000     1.7194   3.071353     1.7197   3.071719    4.68197    -0.0854    13.8155 0.0000e+00  -60.75067  -58.37467 1152656410 192.930685    34.7238 0.0000e+00
    894.000     1.7183   3.071313     1.7186   3.071668    4.68139    -0.0810    13.8155 0.0000e+00  -60.75067  -58.37467 1152656411 192.930697    34.7240 0.0000e+00
    895.000     1.7178   3.071312     1.7182   3.071682    4.68322    -0.0869    13.8155 0.0000e+00  -60.75067  -58.37467 1152656412 192.930712    34.7240 0.0000e+00
    896.000     1.7175   3.071331     1.7177   3.071691    4.68628    -0.0867    13.8155 0.0000e+00  -60.75067  -58.37467 1152656413 192.930729    34.7240 0.0000e+00
    897.000     1.7166   3.071307     1.7170   3.071668    4.68809    -0.0892    13.8155 0.0000e+00  -60.75067  -58.37467 1152656414 192.930743    34.7241 0.0000e+00
    898.000     1.7155   3.071261     1.7161   3.071644    4.68744    -0.0861    13.8155 0.0000e+00  -60.75067  -58.37467 1152656415 192.930752    34.7241 0.0000e+00
    899.000     1.7150   3.071257     1.7153   3.071613    4.68694    -0.1095    13.8155 0.0000e+00  -60.75067  -58.37467 1152656416 192.930761    34.7243 0.0000e+00
    900.000     1.7144   3.071239     1.7146   3.071611    4.68593    -0.0875    13.8155 0.0000e+00  -60.75067  -58.37467 1152656417 192.930769    34.7241 0.0000e+00
    901.000     1.7129   3.071136     1.7130   3.071523    4.68684    -0.0777    13.8155 0.0000e+00  -60.75067  -58.37467 1152656417 192.930776    34.7238 0.0000e+00
    902.000     1.7090   3.070849     1.7092   3.071220    4.68788    -0.0726    13.8155 0.0000e+00  -60.75067  -58.37467 1152656418 192.930783    34.7241 0.0000e+00
    903.000     1.7083   3.070825     1.7084   3.071197    4.68731    -0.0926    13.8155 0.0000e+00  -60.75067  -58.37467 1152656419 192.930790    34.7241 0.0000e+00
    904.000     1.7104   3.071086     1.7109   3.071452    4.68915    -0.0783    13.8155 0.0000e+00  -60.75067  -58.37467 1152656423 192.930841    34.7243 0.0000e+00
    905.000     1.7100   3.071087     1.7106   3.071487    4.69303    -0.0747    13.8155 0.0000e+00  -60.75067  -58.37467 1152656427 192.930885    34.7241 0.0000e+00
    906.000     1.7068   3.070859     1.7072   3.071232    4.69377    -0.0885    13.8155 0.0000e+00  -60.75067  -58.37467 1152656427 192.930893    34.7244 0.0000e+00
    907.000     1.7055   3.070785     1.7060   3.071161    4.69437    -0.0903    13.8155 0.0000e+00  -60.75067  -58.37467 1152656428 192.930901    34.7244 0.0000e+00
    908.000     1.7005   3.070319     1.7022   3.070767    4.69422    -0.0818    13.8155 0.0000e+00  -60.75067  -58.37467 1152656429 192.930909    34.7239 0.0000e+00
    909.000     1.6978   3.070188     1.6982   3.070599    4.69173    -0.0737    13.8155 0.0000e+00  -60.75067  -58.37467 1152656429 192.930916    34.7244 0.0000e+00
    910.000     1.6967   3.070137     1.6969   3.070520    4.69117    -0.0781    13.8155 0.0000e+00  -60.75067  -58.37467 1152656430 192.930923    34.7243 0.0000e+00
    911.000     1.6960   3.070129     1.6963   3.070507    4.68988    -0.0919    13.8155 0.0000e+00  -60.75067  -58.37467 1152656431 192.930931    34.7246 0.0000e+00
    912.000     1.6957   3.070147     1.6960   3.070516    4.68985    -0.0887    13.8155 0.0000e+00  -60.75067  -58.37467 1152656431 192.930938    34.7244 0.0000e+00
    913.000     1.6949   3.070116     1.6949   3.070474    4.68969    -0.0963    13.8155 0.0000e+00  -60.75067  -58.37467 1152656432 192.930947    34.7244 0.0000e+00
    914.000     1.6961   3.070276     1.6958   3.070588    4.69150    -0.0895    13.8155 0.0000e+00  -60.75067  -58.37467 1152656435 192.930980    34.7245 0.0000e+00
    915.000     1.6948   3.070216     1.6939   3.070475    4.69377    -0.0960    13.8155 0.0000e+00  -60.75067  -58.37467 1152656439 192.931021    34.7245 0.0000e+00
    916.000     1.6899   3.069819     1.6882   3.070030    4.69473    -0.1053    13.8155 0.0000e+00  -60.75067  -58.37467 1152656440 192.931036    34.7244 0.0000e+00
    917.000     1.6870   3.069628     1.6875   3.070006    4.69633    -0.0992    13.8155 0.0000e+00  -60.75067  -58.37467 1152656442 192.931056    34.7246 0.0000e+00
    918.000     1.6854   3.069535     1.6859   3.069915    4.69814    -0.0865    13.8155 0.0000e+00  -60.75067  -58.37467 1152656443 192.931075    34.7247 0.0000e+00
    919.000     1.6852   3.069579     1.6855   3.069939    4.69869    -0.0811    13.8155 0.0000e+00  -60.75067  -58.37467 1152656444 192.931086    34.7248 0.0000e+00
    920.000     1.6851   3.069609     1.6856   3.069985    4.69850    -0.0832    13.8155 0.0000e+00  -60.75067  -58.37467 1152656445 192.931095    34.7247 0.0000e+00
    921.000     1.6855   3.069681     1.6857   3.070051    4.69762    -0.0790    13.8155 0.0000e+00  -60.75067  -58.37467 1152656446 192.931103    34.7247 0.0000e+00
    922.000     1.6852   3.069707     1.6855   3.070071    4.69574    -0.0971    13.8155 0.0000e+00  -60.75067  -58.37467 1152656446 192.931111    34.7248 0.0000e+00
    923.000     1.6842   3.069653     1.6846   3.070028    4.69558    -0.0880    13.8155 0.0000e+00  -60.75067  -58.37467 1152656447 192.931118    34.7246 0.0000e+00
    924.000     1.6809   3.069422     1.6814   3.069790    4.69607    -0.0750    13.8155 0.0000e+00  -60.75067  -58.37467 1152656448 192.931129    34.7249 0.0000e+00
    925.000     1.6815   3.069521     1.6821   3.069898    4.69669    -0.0908    13.8155 0.0000e+00  -60.75067  -58.37467 1152656450 192.931153    34.7248 0.0000e+00
    926.000     1.6803   3.069456     1.6808   3.069842    4.69683    -0.0798    13.8155 0.0000e+00  -60.75067  -58.37467 1152656452 192.931174    34.7247 0.0000e+00
    927.000     1.6789   3.069392     1.6795   3.069775    4.69673    -0.0924    13.8155 0.0000e+00  -60.75067  -58.37467 1152656453 192.931187    34.7249 0.0000e+00
    928.000     1.6786   3.069398     1.6790   3.069762    4.69735    -0.0881    13.8155 0.0000e+00  -60.75067  -58.37467 1152656454 192.931200    34.7248 0.0000e+00
    929.000     1.6784   3.069435     1.6787   3.069780    4.70021    -0.0974    13.8155 0.0000e+00  -60.75067  -58.37467 1152656457 192.931230    34.7249 0.0000e+00
    930.000     1.6757   3.069241     1.6753   3.069567    4.70253    -0.0879    13.8155 0.0000e+00  -60.75067  -58.37467 1152656459 192.931260    34.7248 0.0000e+00
    931.000     1.6699   3.068810     1.6700   3.069160    4.70305    -0.0863    13.8155 0.0000e+00  -60.75067  -58.37467 1152656460 192.931270    34.7254 0.0000e+00
    932.000     1.6696   3.068829     1.6702   3.069211    4.70352    -0.0942    13.8155 0.0000e+00  -60.75067  -58.37467 1152656461 192.931279    34.7254 0.0000e+00
    933.000     1.6692   3.068843     1.6698   3.069225    4.70440    -0.0817    13.8155 0.0000e+00  -60.75067  -58.37467 1152656462 192.931288    34.7254 0.0000e+00
    934.000     1.6677   3.068758     1.6681   3.069127    4.70720    -0.0799    13.8155 0.0000e+00  -60.75067  -58.37467 1152656462 192.931297    34.7255 0.0000e+00
    935.000     1.6661   3.068666     1.6666   3.069030    4.70756    -0.0754    13.8155 0.0000e+00  -60.75067  -58.37467 1152656463 192.931307    34.7256 0.0000e+00
    936.000     1.6659   3.068693     1.6665   3.069063    4.70881    -0.0957    13.8155 0.0000e+00  -60.75067  -58.37467 1152656464 192.931319    34.7256 0.0000e+00
    937.000     1.6655   3.068703     1.6661   3.069070    4.70997    -0.0781    13.8155 0.0000e+00  -60.75067  -58.37467 1152656465 192.931332    34.7255 0.0000e+00
    938.000     1.6642   3.068628     1.6646   3.068996    4.71055    -0.0923    13.8155 0.0000e+00  -60.75067  -58.37467 1152656467 192.931348    34.7255 0.0000e+00
    939.000     1.6639   3.068650     1.6643   3.069013    4.71047    -0.0816    13.8155 0.0000e+00  -60.75067  -58.37467 1152656469 192.931374    34.7255 0.0000e+00
    940.000     1.6636   3.068690     1.6642   3.069051    4.71107    -0.0930    13.8155 0.0000e+00  -60.75067  -58.37467 1152656471 192.931393    34.7257 0.0000e+00
    941.000     1.6628   3.068669     1.6633   3.069042    4.71280    -0.0852    13.8155 0.0000e+00  -60.75067  -58.37467 1152656472 192.931405    34.7257 0.0000e+00
    942.000     1.6626   3.068687     1.6630   3.069061    4.71066    -0.0816    13.8155 0.0000e+00  -60.75067  -58.37467 1152656473 192.931414    34.7257 0.0000e+00
    943.000     1.6623   3.068717     1.6627   3.069076    4.71096    -0.0768    13.8155 0.0000e+00  -60.75067  -58.37467 1152656473 192.931424    34.7258 0.0000e+00
    944.000     1.6621   3.068745     1.6627   3.069115    4.71397    -0.0784    13.8155 0.0000e+00  -60.75067  -58.37467 1152656476 192.931452    34.7258 0.0000e+00
    945.000     1.6622   3.068803     1.6621   3.069125    4.71558    -0.0727    13.8155 0.0000e+00  -60.75067  -58.37467 1152656479 192.931488    34.7258 0.0000e+00
    946.000     1.6606   3.068707     1.6610   3.069076    4.71895    -0.0935    13.8155 0.0000e+00  -60.75067  -58.37467 1152656480 192.931501    34.7259 0.0000e+00
    947.000     1.6595   3.068659     1.6598   3.069028    4.72148    -0.0892    13.8155 0.0000e+00  -60.75067  -58.37467 1152656481 192.931511    34.7260 0.0000e+00
    948.000     1.6578   3.068571     1.6584   3.068946    4.72372    -0.0824    13.8155 0.0000e+00  -60.75067  -58.37467 1152656482 192.931519    34.7262 0.0000e+00
    949.000     1.6571   3.068546     1.6574   3.068912    4.72413    -0.0987    13.8155 0.0000e+00  -60.75067  -58.37467 1152656482 192.931527    34.7261 0.0000e+00
    950.000     1.6557   3.068470     1.6560   3.068843    4.72442    -0.0834    13.8155 0.0000e+00  -60.75067  -58.37467 1152656483 192.931535    34.7262 0.0000e+00
    951.000     1.6547   3.068433     1.6541   3.068750    4.72545    -0.0887    13.8155 0.0000e+00  -60.75067  -58.37467 1152656484 192.931543    34.7263 0.0000e+00
    952.000     1.6519   3.068227     1.6522   3.068620    4.72574    -0.0884    13.8155 0.0000e+00  -60.75067  -58.37467 1152656484 192.931550    34.7262 0.0000e+00
    953.000     1.6495   3.068069     1.6498   3.068437    4.72538    -0.0792    13.8155 0.0000e+00  -60.75067  -58.37467 1152656485 192.931557    34.7264 0.0000e+00
    954.000     1.6476   3.067948     1.6481   3.068338    4.72504    -0.0893    13.8155 0.0000e+00  -60.75067  -58.37467 1152656486 192.931565    34.7265 0.0000e+00
    955.000     1.6500   3.068209     1.6504   3.068578    4.72708    -0.0706    13.8155 0.0000e+00  -60.75067  -58.37467 1152656491 192.931627    34.7264 0.0000e+00
    956.000     1.6496   3.068204     1.6499   3.068589    4.72840    -0.0938    13.8155 0.0000e+00  -60.75067  -58.37467 1152656497 192.931693    34.7261 0.0000e+00
    957.000     1.6491   3.068203     1.6482   3.068491    4.72864    -0.0913    13.8155 0.0000e+00  -60.75067  -58.37467 1152656497 192.931700    34.7261 0.0000e+00
    958.000     1.6422   3.067647     1.6421   3.068019    4.72658    -0.0754    13.8155 0.0000e+00  -60.75067  -58.37467 1152656498 192.931707    34.7264 0.0000e+00
    959.000     1.6414   3.067640     1.6412   3.068018    4.72579    -0.0860    13.8155 0.0000e+00  -60.75067  -58.37467 1152656498 192.931714    34.7266 0.0000e+00
    960.000     1.6412   3.067671     1.6411   3.068035    4.72394    -0.0845    13.8155 0.0000e+00  -60.75067  -58.37467 1152656499 192.931720    34.7267 0.0000e+00
    961.000     1.6411   3.067698     1.6410   3.068058    4.72405    -0.0882    13.8155 0.0000e+00  -60.75067  -58.37467 1152656500 192.931726    34.7265 0.0000e+00
    962.000     1.6412   3.067746     1.6415   3.068136    4.72777    -0.0893    13.8155 0.0000e+00  -60.75067  -58.37467 1152656504 192.931779    34.7264 0.0000e+00
    963.000     1.6425   3.067943     1.6427   3.068280    4.73504    -0.0757    13.8155 0.0000e+00  -60.75067  -58.37467 1152656510 192.931845    34.7269 0.0000e+00
    964.000     1.6436   3.068044     1.6435   3.068395    4.73468    -0.0923    13.8155 0.0000e+00  -60.75067  -58.37467 1152656510 192.931851    34.7261 0.0000e+00
    965.000     1.6405   3.067828     1.6405   3.068200    4.73452    -0.1119    13.8155 0.0000e+00  -60.75067  -58.37467 1152656511 192.931857    34.7265 0.0000e+00
    966.000     1.6402   3.067845     1.6403   3.068218    4.73370    -0.0807    13.8155 0.0000e+00  -60.75067  -58.37467 1152656511 192.931865    34.7264 0.0000e+00
    967.000     1.6401   3.067908     1.6404   3.068261    4.73068    -0.0952    13.8155 0.0000e+00  -60.75067  -58.37467 1152656517 192.931935    34.7268 0.0000e+00
    968.000     1.6400   3.067942     1.6404   3.068319    4.73033    -0.0835    13.8155 0.0000e+00  -60.75067  -58.37467 1152656520 192.931965    34.7268 0.0000e+00
    969.000     1.6393   3.067919     1.6397   3.068308    4.73051    -0.0736    13.8155 0.0000e+00  -60.75067  -58.37467 1152656521 192.931972    34.7267 0.0000e+00
