product_data/regression_test/downloaded_data/MDGS/320620060703/ctd/adapted/heads_insert_p6617401.cnv
* Sea-Bird SBE 9 Data File:
* FileName = D:\Data\Raw\p6617401.dat
* Software Version Seasave Win32 V 5.32
* Temperature SN = 1649
* Conductivity SN = 1431
* Number of Bytes Per Scan = 37
* Number of Voltage Words = 5
* Number of Scans Averaged by the Deck Unit = 1
* NMEA Latitude = 60 36.99 S
* NMEA Longitude = 054 54.62 W
* NMEA UTC (Time) = 23:13:02
** Ship:   Nathaniel B. Palmer 
** Cruise:    NBP0606 
# nquan = 15
# nvalues = 994                         
# units = specified
# name 0 = prDM: Pressure, Digiquartz [db]
# name 1 = t090C: Temperature [ITS-90, deg C]
# name 2 = c0S/m: Conductivity [S/m]
# name 3 = t190C: Temperature, 2 [ITS-90, deg C]
# name 4 = c1S/m: Conductivity, 2 [S/m]
# name 5 = sbeox0ML/L: Oxygen, SBE 43 [ml/l]
# name 6 = flECO-AFL: Fluorescence, Wetlab ECO-AFL/FL [mg/m^3]
# name 7 = bat: Beam Attenuation, Chelsea/Seatech/Wetlab CStar [1/m]
# name 8 = spar: SPAR/Surface Irradiance
# name 9 = latitude: Latitude [deg]
# name 10 = longitude: Longitude [deg]
# name 11 = timeY: Time, System [seconds]
# name 12 = timeJ: Julian Days
# name 13 = sal00: Salinity [PSU]
# name 14 = flag: flag
# span 0 =      8.000,   1001.000       
# span 1 =    -0.8628,     1.4277       
# span 2 =   2.764164,   3.025857       
# span 3 =    -0.8629,     1.4293       
# span 4 =   2.765015,   3.026225       
# span 5 =    4.88852,    7.87593       
# span 6 =    -0.0953,     0.4759       
# span 7 =    13.8155,    13.8155       
# span 8 = 0.0000e+00, 0.0000e+00       
# span 9 =  -60.61650,  -60.61650       
# span 10 =  -54.91033,  -54.91033      
# span 11 = 1153437191, 1153438662      
# span 12 = 201.967483, 201.984534      
# span 13 =    34.0998,    34.6919      
# span 14 = 0.0000e+00, 0.0000e+00      
# interval = decibars: 1                
# start_time = Jul 20 2006 23:13:11
# bad_flag = -9.990e-29
*END*
[from data line 772]
    779.000     1.0736   3.007155     1.0739   3.007472    5.06277    -0.0710    13.8155 0.0000e+00  -60.61650  -54.91033 1153438328 201.980668    34.6827 0.0000e+00
    780.000     1.0760   3.007435     1.0773   3.007852    5.06406    -0.0770    13.8155 0.0000e+00  -60.61650  -54.91033 1153438329 201.980685    34.6830 0.0000e+00
    781.000     1.0751   3.007392     1.0746   3.007644    5.06355    -0.0829    13.8155 0.0000e+00  -60.61650  -54.91033 1153438330 201.980699    34.6829 0.0000e+00
    782.000     1.0765   3.007593     1.0771   3.007951    5.06220    -0.0654    13.8155 0.0000e+00  -60.61650  -54.91033 1153438332 201.980713    34.6833 0.0000e+00
    783.000     1.0757   3.007580     1.0756   3.007878    5.06281    -0.0691    13.8155 0.0000e+00  -60.61650  -54.91033 1153438333 201.980729    34.6836 0.0000e+00
    784.000     1.0761   3.007663     1.0764   3.007995    5.06379    -0.0693    13.8155 0.0000e+00  -60.61650  -54.91033 1153438335 201.980753    34.6836 0.0000e+00
    785.000     1.0760   3.007697     1.0767   3.008066    5.06273    -0.0694    13.8155 0.0000e+00  -60.61650  -54.91033 1153438337 201.980771    34.6836 0.0000e+00
    786.000     1.0724   3.007419     1.0719   3.007699    5.06314    -0.0647    13.8155 0.0000e+00  -60.61650  -54.91033 1153438338 201.980782    34.6835 0.0000e+00
    787.000     1.0707   3.007339     1.0716   3.007748    5.06473    -0.0643    13.8155 0.0000e+00  -60.61650  -54.91033 1153438338 201.980791    34.6839 0.0000e+00
    788.000     1.0681   3.007124     1.0684   3.007525    5.06599    -0.0730    13.8155 0.0000e+00  -60.61650  -54.91033 1153438339 201.980800    34.6834 0.0000e+00
    789.000     1.0613   3.006550     1.0608   3.006850    5.06678    -0.0613    13.8155 0.0000e+00  -60.61650  -54.91033 1153438340 201.980808    34.6832 0.0000e+00
    790.000     1.0601   3.006519     1.0606   3.006877    5.06464    -0.0790    13.8155 0.0000e+00  -60.61650  -54.91033 1153438340 201.980817    34.6837 0.0000e+00
    791.000     1.0627   3.006822     1.0648   3.007313    5.06349    -0.0668    13.8155 0.0000e+00  -60.61650  -54.91033 1153438342 201.980829    34.6841 0.0000e+00
    792.000     1.0665   3.007201     1.0673   3.007589    5.06363    -0.0795    13.8155 0.0000e+00  -60.61650  -54.91033 1153438345 201.980866    34.6839 0.0000e+00
    793.000     1.0667   3.007277     1.0665   3.007544    5.06312    -0.0750    13.8155 0.0000e+00  -60.61650  -54.91033 1153438347 201.980889    34.6839 0.0000e+00
    794.000     1.0768   3.008325     1.0783   3.008763    5.05800    -0.0674    13.8155 0.0000e+00  -60.61650  -54.91033 1153438348 201.980899    34.6854 0.0000e+00
    795.000     1.0816   3.008843     1.0814   3.009115    5.05590    -0.0534    13.8155 0.0000e+00  -60.61650  -54.91033 1153438348 201.980908    34.6862 0.0000e+00
    796.000     1.0811   3.008817     1.0814   3.009175    5.05495    -0.0813    13.8155 0.0000e+00  -60.61650  -54.91033 1153438349 201.980916    34.6858 0.0000e+00
    797.000     1.0756   3.008345     1.0750   3.008602    5.05438    -0.0718    13.8155 0.0000e+00  -60.61650  -54.91033 1153438350 201.980928    34.6854 0.0000e+00
    798.000     1.0766   3.008501     1.0766   3.008791    5.05281    -0.0774    13.8155 0.0000e+00  -60.61650  -54.91033 1153438353 201.980961    34.6858 0.0000e+00
    799.000     1.0801   3.008913     1.0807   3.009242    5.05224    -0.0777    13.8155 0.0000e+00  -60.61650  -54.91033 1153438354 201.980971    34.6868 0.0000e+00
    800.000     1.0842   3.009333     1.0846   3.009689    5.05098    -0.0506    13.8155 0.0000e+00  -60.61650  -54.91033 1153438355 201.980980    34.6868 0.0000e+00
    801.000     1.0865   3.009601     1.0873   3.009983    5.04861    -0.0725    13.8155 0.0000e+00  -60.61650  -54.91033 1153438355 201.980987    34.6870 0.0000e+00
    802.000     1.0891   3.009902     1.0890   3.010176    5.04827    -0.0789    13.8155 0.0000e+00  -60.61650  -54.91033 1153438356 201.980994    34.6874 0.0000e+00
    803.000     1.0911   3.010120     1.0911   3.010419    5.04833    -0.0686    13.8155 0.0000e+00  -60.61650  -54.91033 1153438357 201.981004    34.6874 0.0000e+00
    804.000     1.0868   3.009763     1.0884   3.010204    5.04685    -0.0548    13.8155 0.0000e+00  -60.61650  -54.91033 1153438361 201.981057    34.6874 0.0000e+00
    805.000     1.0886   3.010034     1.0890   3.010339    5.04421    -0.0692    13.8155 0.0000e+00  -60.61650  -54.91033 1153438362 201.981064    34.6884 0.0000e+00
    806.000     1.0930   3.010526     1.0933   3.010858    5.04167    -0.0819    13.8155 0.0000e+00  -60.61650  -54.91033 1153438362 201.981071    34.6889 0.0000e+00
    807.000     1.0920   3.010491     1.0923   3.010820    5.03841    -0.0828    13.8155 0.0000e+00  -60.61650  -54.91033 1153438363 201.981079    34.6890 0.0000e+00
    808.000     1.0913   3.010481     1.0918   3.010813    5.03871    -0.0846    13.8155 0.0000e+00  -60.61650  -54.91033 1153438364 201.981091    34.6892 0.0000e+00
    809.000     1.0892   3.010328     1.0911   3.010800    5.03833    -0.0779    13.8155 0.0000e+00  -60.61650  -54.91033 1153438366 201.981108    34.6891 0.0000e+00
    810.000     1.0866   3.010129     1.0869   3.010476    5.03835    -0.0697    13.8155 0.0000e+00  -60.61650  -54.91033 1153438367 201.981122    34.6890 0.0000e+00
    811.000     1.0858   3.010095     1.0861   3.010444    5.03959    -0.0669    13.8155 0.0000e+00  -60.61650  -54.91033 1153438368 201.981134    34.6888 0.0000e+00
    812.000     1.0846   3.010026     1.0851   3.010382    5.04253    -0.0686    13.8155 0.0000e+00  -60.61650  -54.91033 1153438370 201.981155    34.6888 0.0000e+00
    813.000     1.0833   3.009944     1.0845   3.010368    5.04643    -0.0842    13.8155 0.0000e+00  -60.61650  -54.91033 1153438372 201.981179    34.6887 0.0000e+00
    814.000     1.0822   3.009903     1.0833   3.010311    5.04553    -0.0676    13.8155 0.0000e+00  -60.61650  -54.91033 1153438373 201.981191    34.6888 0.0000e+00
    815.000     1.0810   3.009820     1.0814   3.010174    5.04520    -0.0873    13.8155 0.0000e+00  -60.61650  -54.91033 1153438374 201.981200    34.6886 0.0000e+00
    816.000     1.0793   3.009699     1.0792   3.010026    5.04536    -0.0609    13.8155 0.0000e+00  -60.61650  -54.91033 1153438374 201.981209    34.6883 0.0000e+00
    817.000     1.0723   3.009067     1.0724   3.009437    5.04574    -0.0807    13.8155 0.0000e+00  -60.61650  -54.91033 1153438375 201.981218    34.6875 0.0000e+00
    818.000     1.0686   3.008810     1.0690   3.009157    5.05179    -0.0723    13.8155 0.0000e+00  -60.61650  -54.91033 1153438377 201.981241    34.6878 0.0000e+00
    819.000     1.0717   3.009113     1.0694   3.009225    5.05680    -0.0579    13.8155 0.0000e+00  -60.61650  -54.91033 1153438380 201.981269    34.6880 0.0000e+00
    820.000     1.0450   3.006645     1.0433   3.006874    5.06041    -0.0653    13.8155 0.0000e+00  -60.61650  -54.91033 1153438381 201.981281    34.6860 0.0000e+00
    821.000     1.0348   3.005778     1.0351   3.006160    5.06367    -0.0630    13.8155 0.0000e+00  -60.61650  -54.91033 1153438382 201.981292    34.6854 0.0000e+00
    822.000     1.0327   3.005627     1.0328   3.005977    5.06747    -0.0655    13.8155 0.0000e+00  -60.61650  -54.91033 1153438383 201.981305    34.6853 0.0000e+00
    823.000     1.0315   3.005565     1.0319   3.005937    5.06813    -0.0724    13.8155 0.0000e+00  -60.61650  -54.91033 1153438384 201.981318    34.6852 0.0000e+00
    824.000     1.0310   3.005595     1.0317   3.005960    5.07047    -0.0752    13.8155 0.0000e+00  -60.61650  -54.91033 1153438385 201.981330    34.6854 0.0000e+00
    825.000     1.0294   3.005493     1.0296   3.005845    5.07122    -0.0793    13.8155 0.0000e+00  -60.61650  -54.91033 1153438386 201.981342    34.6851 0.0000e+00
    826.000     1.0258   3.005234     1.0260   3.005596    5.07324    -0.0663    13.8155 0.0000e+00  -60.61650  -54.91033 1153438387 201.981354    34.6854 0.0000e+00
    827.000     1.0231   3.005081     1.0235   3.005441    5.07490    -0.0519    13.8155 0.0000e+00  -60.61650  -54.91033 1153438388 201.981372    34.6857 0.0000e+00
    828.000     1.0229   3.005098     1.0233   3.005464    5.07626    -0.0742    13.8155 0.0000e+00  -60.61650  -54.91033 1153438390 201.981391    34.6855 0.0000e+00
    829.000     1.0225   3.005115     1.0229   3.005475    5.07811    -0.0724    13.8155 0.0000e+00  -60.61650  -54.91033 1153438392 201.981408    34.6854 0.0000e+00
    830.000     1.0216   3.005101     1.0221   3.005464    5.08117    -0.0717    13.8155 0.0000e+00  -60.61650  -54.91033 1153438393 201.981426    34.6856 0.0000e+00
    831.000     1.0211   3.005112     1.0216   3.005466    5.08155    -0.0679    13.8155 0.0000e+00  -60.61650  -54.91033 1153438395 201.981442    34.6857 0.0000e+00
    832.000     1.0212   3.005170     1.0217   3.005519    5.08051    -0.0767    13.8155 0.0000e+00  -60.61650  -54.91033 1153438396 201.981458    34.6857 0.0000e+00
    833.000     1.0212   3.005217     1.0216   3.005572    5.08125    -0.0660    13.8155 0.0000e+00  -60.61650  -54.91033 1153438397 201.981471    34.6857 0.0000e+00
    834.000     1.0213   3.005273     1.0217   3.005629    5.08141    -0.0695    13.8155 0.0000e+00  -60.61650  -54.91033 1153438398 201.981481    34.6857 0.0000e+00
    835.000     1.0211   3.005301     1.0215   3.005658    5.08131    -0.0769    13.8155 0.0000e+00  -60.61650  -54.91033 1153438399 201.981490    34.6857 0.0000e+00
    836.000     1.0207   3.005314     1.0211   3.005670    5.08122    -0.0911    13.8155 0.0000e+00  -60.61650  -54.91033 1153438399 201.981498    34.6858 0.0000e+00
    837.000     1.0205   3.005328     1.0208   3.005688    5.08126    -0.0654    13.8155 0.0000e+00  -60.61650  -54.91033 1153438400 201.981507    34.6856 0.0000e+00
    838.000     1.0203   3.005360     1.0208   3.005715    5.08034    -0.0713    13.8155 0.0000e+00  -60.61650  -54.91033 1153438401 201.981521    34.6856 0.0000e+00
    839.000     1.0213   3.005506     1.0215   3.005838    5.08477    -0.0601    13.8155 0.0000e+00  -60.61650  -54.91033 1153438406 201.981574    34.6857 0.0000e+00
    840.000     1.0206   3.005492     1.0209   3.005829    5.08746    -0.0631    13.8155 0.0000e+00  -60.61650  -54.91033 1153438407 201.981583    34.6859 0.0000e+00
    841.000     1.0200   3.005483     1.0203   3.005838    5.08777    -0.0722    13.8155 0.0000e+00  -60.61650  -54.91033 1153438407 201.981592    34.6859 0.0000e+00
    842.000     1.0193   3.005469     1.0196   3.005820    5.08787    -0.0745    13.8155 0.0000e+00  -60.61650  -54.91033 1153438408 201.981600    34.6858 0.0000e+00
    843.000     1.0183   3.005435     1.0187   3.005789    5.08775    -0.0754    13.8155 0.0000e+00  -60.61650  -54.91033 1153438409 201.981608    34.6860 0.0000e+00
    844.000     1.0178   3.005435     1.0181   3.005785    5.08767    -0.0754    13.8155 0.0000e+00  -60.61650  -54.91033 1153438410 201.981616    34.6860 0.0000e+00
    845.000     1.0161   3.005315     1.0164   3.005686    5.08764    -0.0797    13.8155 0.0000e+00  -60.61650  -54.91033 1153438410 201.981625    34.6858 0.0000e+00
    846.000     1.0138   3.005176     1.0142   3.005536    5.08634    -0.0766    13.8155 0.0000e+00  -60.61650  -54.91033 1153438412 201.981639    34.6861 0.0000e+00
    847.000     1.0169   3.005491     1.0170   3.005804    5.08446    -0.0669    13.8155 0.0000e+00  -60.61650  -54.91033 1153438415 201.981674    34.6860 0.0000e+00
    848.000     1.0143   3.005314     1.0141   3.005646    5.08498    -0.0818    13.8155 0.0000e+00  -60.61650  -54.91033 1153438417 201.981699    34.6860 0.0000e+00
    849.000     1.0097   3.004996     1.0100   3.005364    5.08665    -0.0639    13.8155 0.0000e+00  -60.61650  -54.91033 1153438418 201.981710    34.6867 0.0000e+00
    850.000     1.0091   3.005018     1.0094   3.005368    5.08440    -0.0736    13.8155 0.0000e+00  -60.61650  -54.91033 1153438418 201.981719    34.6871 0.0000e+00
    851.000     1.0092   3.005077     1.0094   3.005440    5.08328    -0.0630    13.8155 0.0000e+00  -60.61650  -54.91033 1153438419 201.981728    34.6871 0.0000e+00
    852.000     1.0086   3.005071     1.0089   3.005414    5.08206    -0.0686    13.8155 0.0000e+00  -60.61650  -54.91033 1153438420 201.981737    34.6871 0.0000e+00
    853.000     1.0071   3.005008     1.0076   3.005367    5.08094    -0.0642    13.8155 0.0000e+00  -60.61650  -54.91033 1153438421 201.981749    34.6874 0.0000e+00
    854.000     1.0063   3.004986     1.0068   3.005345    5.08107    -0.0704    13.8155 0.0000e+00  -60.61650  -54.91033 1153438423 201.981772    34.6874 0.0000e+00
    855.000     1.0059   3.005012     1.0063   3.005367    5.08105    -0.0814    13.8155 0.0000e+00  -60.61650  -54.91033 1153438424 201.981786    34.6876 0.0000e+00
    856.000     1.0056   3.005047     1.0058   3.005402    5.07814    -0.0840    13.8155 0.0000e+00  -60.61650  -54.91033 1153438425 201.981798    34.6879 0.0000e+00
    857.000     1.0062   3.005152     1.0067   3.005511    5.07813    -0.0782    13.8155 0.0000e+00  -60.61650  -54.91033 1153438426 201.981812    34.6880 0.0000e+00
    858.000     1.0062   3.005194     1.0066   3.005540    5.07915    -0.0811    13.8155 0.0000e+00  -60.61650  -54.91033 1153438429 201.981836    34.6878 0.0000e+00
    859.000     1.0062   3.005246     1.0068   3.005608    5.08047    -0.0682    13.8155 0.0000e+00  -60.61650  -54.91033 1153438430 201.981856    34.6879 0.0000e+00
    860.000     1.0062   3.005290     1.0065   3.005643    5.08126    -0.0712    13.8155 0.0000e+00  -60.61650  -54.91033 1153438431 201.981868    34.6879 0.0000e+00
    861.000     1.0060   3.005314     1.0063   3.005673    5.08147    -0.0478    13.8155 0.0000e+00  -60.61650  -54.91033 1153438432 201.981877    34.6879 0.0000e+00
    862.000     1.0057   3.005343     1.0063   3.005721    5.08180    -0.0536    13.8155 0.0000e+00  -60.61650  -54.91033 1153438433 201.981886    34.6880 0.0000e+00
    863.000     1.0062   3.005426     1.0064   3.005760    5.08211    -0.0588    13.8155 0.0000e+00  -60.61650  -54.91033 1153438434 201.981895    34.6880 0.0000e+00
    864.000     1.0062   3.005478     1.0068   3.005847    5.07923    -0.0867    13.8155 0.0000e+00  -60.61650  -54.91033 1153438435 201.981908    34.6881 0.0000e+00
    865.000     1.0071   3.005621     1.0075   3.005963    5.07816    -0.0694    13.8155 0.0000e+00  -60.61650  -54.91033 1153438437 201.981929    34.6883 0.0000e+00
    866.000     1.0074   3.005692     1.0078   3.006043    5.07876    -0.0701    13.8155 0.0000e+00  -60.61650  -54.91033 1153438438 201.981947    34.6883 0.0000e+00
    867.000     1.0081   3.005825     1.0087   3.006184    5.07594    -0.0712    13.8155 0.0000e+00  -60.61650  -54.91033 1153438440 201.981964    34.6887 0.0000e+00
    868.000     1.0083   3.005924     1.0088   3.006271    5.07413    -0.0729    13.8155 0.0000e+00  -60.61650  -54.91033 1153438441 201.981984    34.6892 0.0000e+00
    869.000     1.0080   3.005946     1.0084   3.006285    5.07724    -0.0837    13.8155 0.0000e+00  -60.61650  -54.91033 1153438443 201.982006    34.6892 0.0000e+00
    870.000     1.0069   3.005890     1.0068   3.006203    5.07981    -0.0688    13.8155 0.0000e+00  -60.61650  -54.91033 1153438445 201.982022    34.6892 0.0000e+00
    871.000     1.0052   3.005806     1.0056   3.006152    5.08126    -0.0483    13.8155 0.0000e+00  -60.61650  -54.91033 1153438446 201.982034    34.6895 0.0000e+00
    872.000     1.0046   3.005784     1.0051   3.006167    5.08084    -0.0759    13.8155 0.0000e+00  -60.61650  -54.91033 1153438446 201.982043    34.6893 0.0000e+00
    873.000     1.0028   3.005703     1.0034   3.006057    5.08266    -0.0809    13.8155 0.0000e+00  -60.61650  -54.91033 1153438447 201.982052    34.6897 0.0000e+00
