product_data/regression_test/downloaded_data/MDGS/320620060703/ctd/adapted/heads_insert_p6609901.cnv
* Sea-Bird SBE 9 Data File:
* FileName = D:\Data\Raw\p6609901.dat
* Software Version Seasave Win32 V 5.32
* Temperature SN = 1649
* Conductivity SN = 1431
* Number of Bytes Per Scan = 37
* Number of Voltage Words = 5
* Number of Scans Averaged by the Deck Unit = 1
* NMEA Latitude = 60 16.70 S
* NMEA Longitude = 057 27.05 W
* NMEA UTC (Time) = 12:24:31
** Ship:   Nathaniel B. Palmer 
** Cruise:    NBP0606 
# nquan = 15
# nvalues = 991                         
# units = specified
# name 0 = prDM: Pressure, Digiquartz [db]
# name 1 = t090C: Temperature [ITS-90, deg C]
# name 2 = c0S/m: Conductivity [S/m]
# name 3 = t190C: Temperature, 2 [ITS-90, deg C]
# name 4 = c1S/m: Conductivity, 2 [S/m]
# name 5 = sbeox0ML/L: Oxygen, SBE 43 [ml/l]
# name 6 = flECO-AFL: Fluorescence, Wetlab ECO-AFL/FL [mg/m^3]
# name 7 = bat: Beam Attenuation, Chelsea/Seatech/Wetlab CStar [1/m]
# name 8 = spar: SPAR/Surface Irradiance
# name 9 = latitude: Latitude [deg]
# name 10 = longitude: Longitude [deg]
# name 11 = timeY: Time, System [seconds]
# name 12 = timeJ: Julian Days
# name 13 = sal00: Salinity [PSU]
# name 14 = flag: flag
# span 0 =     14.000,   1004.000       
# span 1 =    -0.5268,     2.1082       
# span 2 =   2.774911,   3.082492       
# span 3 =    -0.5267,     2.1086       
# span 4 =   2.775690,   3.082930       
# span 5 =    4.34434,    8.07182       
# span 6 =    -0.1036,     0.3408       
# span 7 =    13.8155,    13.8155       
# span 8 = -2.789e-01, 9.7313e+00       
# span 9 =  -60.27833,  -60.27833       
# span 10 =  -57.45083,  -57.45083      
# span 11 = 1152707080, 1152708469      
# span 12 = 193.517137, 193.533223      
# span 13 =    33.8288,    34.7236      
# span 14 = 0.0000e+00, 0.0000e+00      
# interval = decibars: 1                
# start_time = Jul 12 2006 12:24:39
# bad_flag = -9.990e-29
*END*
[from data line 579]
    592.000     2.0289   3.080744     2.0291   3.081189    4.41841    -0.0597    13.8155 2.4289e+00  -60.27833  -57.45083 1152707943 193.527131    34.6698 0.0000e+00
    593.000     2.0283   3.080767     2.0286   3.081210    4.41915    -0.0537    13.8155 1.7272e+00  -60.27833  -57.45083 1152707943 193.527138    34.6702 0.0000e+00
    594.000     2.0267   3.080749     2.0271   3.081191    4.41973    -0.0656    13.8155 2.2157e+00  -60.27833  -57.45083 1152707944 193.527146    34.6711 0.0000e+00
    595.000     2.0249   3.080723     2.0255   3.081168    4.41992    -0.0744    13.8155 3.2207e+00  -60.27833  -57.45083 1152707945 193.527158    34.6723 0.0000e+00
    596.000     2.0237   3.080721     2.0243   3.081171    4.42139    -0.0682    13.8155 2.7236e+00  -60.27833  -57.45083 1152707946 193.527175    34.6729 0.0000e+00
    597.000     2.0228   3.080721     2.0232   3.081172    4.42390    -0.0642    13.8155 3.2088e+00  -60.27833  -57.45083 1152707948 193.527193    34.6734 0.0000e+00
    598.000     2.0220   3.080743     2.0226   3.081194    4.42456    -0.0707    13.8155 2.9976e+00  -60.27833  -57.45083 1152707949 193.527209    34.6740 0.0000e+00
    599.000     2.0217   3.080770     2.0222   3.081215    4.42420    -0.0607    13.8155 3.5311e+00  -60.27833  -57.45083 1152707951 193.527224    34.6741 0.0000e+00
    600.000     2.0208   3.080754     2.0213   3.081196    4.42683    -0.0648    13.8155 3.6131e+00  -60.27833  -57.45083 1152707952 193.527240    34.6743 0.0000e+00
    601.000     2.0205   3.080786     2.0210   3.081231    4.43122    -0.0733    13.8155 2.7776e+00  -60.27833  -57.45083 1152707954 193.527266    34.6745 0.0000e+00
    602.000     2.0198   3.080808     2.0203   3.081256    4.43389    -0.0652    13.8155 1.1775e+00  -60.27833  -57.45083 1152707956 193.527284    34.6749 0.0000e+00
    603.000     2.0179   3.080763     2.0188   3.081214    4.43724    -0.0660    13.8155 9.7245e-01  -60.27833  -57.45083 1152707957 193.527295    34.6759 0.0000e+00
    604.000     2.0142   3.080630     2.0148   3.081088    4.43696    -0.0847    13.8155 7.9045e-01  -60.27833  -57.45083 1152707958 193.527304    34.6778 0.0000e+00
    605.000     2.0141   3.080672     2.0145   3.081132    4.43708    -0.0865    13.8155 1.9827e+00  -60.27833  -57.45083 1152707958 193.527312    34.6778 0.0000e+00
    606.000     2.0140   3.080702     2.0144   3.081164    4.43659    -0.0630    13.8155 5.1324e-01  -60.27833  -57.45083 1152707959 193.527319    34.6778 0.0000e+00
    607.000     2.0135   3.080728     2.0139   3.081171    4.43610    -0.0736    13.8155 8.3949e-01  -60.27833  -57.45083 1152707959 193.527325    34.6780 0.0000e+00
    608.000     2.0134   3.080754     2.0137   3.081191    4.43456    -0.0684    13.8155 1.6837e+00  -60.27833  -57.45083 1152707960 193.527333    34.6780 0.0000e+00
    609.000     2.0134   3.080817     2.0141   3.081258    4.43578    -0.0744    13.8155 1.3466e+00  -60.27833  -57.45083 1152707963 193.527362    34.6781 0.0000e+00
    610.000     2.0135   3.080869     2.0139   3.081297    4.43666    -0.0728    13.8155 2.0356e+00  -60.27833  -57.45083 1152707965 193.527391    34.6781 0.0000e+00
    611.000     2.0130   3.080878     2.0136   3.081331    4.43735    -0.0692    13.8155 2.4386e+00  -60.27833  -57.45083 1152707966 193.527404    34.6782 0.0000e+00
    612.000     2.0128   3.080905     2.0133   3.081351    4.43860    -0.0697    13.8155 2.3816e+00  -60.27833  -57.45083 1152707968 193.527420    34.6782 0.0000e+00
    613.000     2.0127   3.080957     2.0133   3.081404    4.44466    -0.0713    13.8155 2.0433e+00  -60.27833  -57.45083 1152707969 193.527442    34.6783 0.0000e+00
    614.000     2.0118   3.080969     2.0120   3.081405    4.44814    -0.0686    13.8155 1.2918e+00  -60.27833  -57.45083 1152707970 193.527454    34.6789 0.0000e+00
    615.000     2.0106   3.080963     2.0111   3.081415    4.44697    -0.0666    13.8155 1.7883e+00  -60.27833  -57.45083 1152707971 193.527462    34.6797 0.0000e+00
    616.000     2.0107   3.081023     2.0111   3.081463    4.44591    -0.0827    13.8155 1.5573e+00  -60.27833  -57.45083 1152707972 193.527470    34.6797 0.0000e+00
    617.000     2.0106   3.081061     2.0109   3.081495    4.44362    -0.0786    13.8155 1.8926e+00  -60.27833  -57.45083 1152707972 193.527477    34.6798 0.0000e+00
    618.000     2.0107   3.081111     2.0107   3.081552    4.44175    -0.0629    13.8155 1.4099e+00  -60.27833  -57.45083 1152707973 193.527484    34.6797 0.0000e+00
    619.000     2.0108   3.081148     2.0105   3.081587    4.44258    -0.0702    13.8155 1.7160e+00  -60.27833  -57.45083 1152707974 193.527490    34.6795 0.0000e+00
    620.000     2.0104   3.081172     2.0102   3.081616    4.44306    -0.0771    13.8155 2.9700e+00  -60.27833  -57.45083 1152707974 193.527497    34.6797 0.0000e+00
    621.000     2.0108   3.081257     2.0113   3.081692    4.44893    -0.0763    13.8155 2.3876e+00  -60.27833  -57.45083 1152707979 193.527557    34.6797 0.0000e+00
    622.000     2.0114   3.081317     2.0117   3.081763    4.45118    -0.0680    13.8155 2.4991e+00  -60.27833  -57.45083 1152707982 193.527582    34.6792 0.0000e+00
    623.000     2.0102   3.081323     2.0108   3.081774    4.45165    -0.0757    13.8155 1.3442e+00  -60.27833  -57.45083 1152707982 193.527590    34.6801 0.0000e+00
    624.000     2.0082   3.081266     2.0085   3.081713    4.45120    -0.0729    13.8155 1.9395e+00  -60.27833  -57.45083 1152707983 193.527598    34.6811 0.0000e+00
    625.000     2.0065   3.081239     2.0068   3.081683    4.44936    -0.0706    13.8155 1.9467e+00  -60.27833  -57.45083 1152707984 193.527605    34.6820 0.0000e+00
    626.000     2.0066   3.081281     2.0068   3.081731    4.44885    -0.0873    13.8155 1.5337e+00  -60.27833  -57.45083 1152707984 193.527612    34.6819 0.0000e+00
    627.000     2.0060   3.081298     2.0062   3.081739    4.44797    -0.0722    13.8155 2.6331e+00  -60.27833  -57.45083 1152707985 193.527618    34.6822 0.0000e+00
    628.000     2.0058   3.081335     2.0060   3.081781    4.44784    -0.0718    13.8155 2.5066e+00  -60.27833  -57.45083 1152707985 193.527625    34.6823 0.0000e+00
    629.000     2.0063   3.081397     2.0065   3.081836    4.44948    -0.0660    13.8155 3.1649e+00  -60.27833  -57.45083 1152707986 193.527634    34.6820 0.0000e+00
    630.000     2.0064   3.081474     2.0070   3.081907    4.45325    -0.0797    13.8155 3.0802e+00  -60.27833  -57.45083 1152707988 193.527661    34.6822 0.0000e+00
    631.000     2.0064   3.081519     2.0068   3.081945    4.45738    -0.0657    13.8155 3.3556e+00  -60.27833  -57.45083 1152707992 193.527700    34.6822 0.0000e+00
    632.000     2.0051   3.081504     2.0055   3.081945    4.46567    -0.0582    13.8155 2.9066e+00  -60.27833  -57.45083 1152707995 193.527736    34.6829 0.0000e+00
    633.000     2.0027   3.081433     2.0028   3.081867    4.46878    -0.0809    13.8155 1.9475e+00  -60.27833  -57.45083 1152707996 193.527745    34.6841 0.0000e+00
    634.000     2.0001   3.081357     2.0005   3.081802    4.46813    -0.0821    13.8155 1.5600e+00  -60.27833  -57.45083 1152707996 193.527753    34.6856 0.0000e+00
    635.000     1.9994   3.081353     1.9996   3.081800    4.46632    -0.0777    13.8155 1.5670e+00  -60.27833  -57.45083 1152707997 193.527760    34.6857 0.0000e+00
    636.000     1.9991   3.081401     1.9993   3.081842    4.46398    -0.0800    13.8155 1.9427e+00  -60.27833  -57.45083 1152707998 193.527767    34.6860 0.0000e+00
    637.000     1.9992   3.081439     1.9990   3.081884    4.46387    -0.0661    13.8155 1.8184e+00  -60.27833  -57.45083 1152707998 193.527774    34.6859 0.0000e+00
    638.000     1.9992   3.081485     1.9989   3.081922    4.46379    -0.0728    13.8155 1.9459e+00  -60.27833  -57.45083 1152707999 193.527781    34.6859 0.0000e+00
    639.000     1.9988   3.081511     1.9987   3.081954    4.46377    -0.0831    13.8155 2.2637e+00  -60.27833  -57.45083 1152707999 193.527787    34.6861 0.0000e+00
    640.000     1.9983   3.081533     1.9984   3.081979    4.46385    -0.0762    13.8155 3.0638e+00  -60.27833  -57.45083 1152708000 193.527794    34.6863 0.0000e+00
    641.000     1.9987   3.081607     1.9989   3.082039    4.46750    -0.0712    13.8155 3.0561e+00  -60.27833  -57.45083 1152708004 193.527837    34.6861 0.0000e+00
    642.000     1.9982   3.081609     1.9984   3.082050    4.47298    -0.0613    13.8155 2.6935e+00  -60.27833  -57.45083 1152708008 193.527885    34.6861 0.0000e+00
    643.000     1.9968   3.081588     1.9973   3.082042    4.47451    -0.0608    13.8155 2.7837e+00  -60.27833  -57.45083 1152708008 193.527893    34.6870 0.0000e+00
    644.000     1.9955   3.081566     1.9958   3.082018    4.47628    -0.0562    13.8155 2.7727e+00  -60.27833  -57.45083 1152708009 193.527900    34.6876 0.0000e+00
    645.000     1.9946   3.081553     1.9948   3.082008    4.47592    -0.0644    13.8155 2.4645e+00  -60.27833  -57.45083 1152708010 193.527908    34.6879 0.0000e+00
    646.000     1.9945   3.081582     1.9945   3.082033    4.47492    -0.0957    13.8155 3.3486e+00  -60.27833  -57.45083 1152708010 193.527915    34.6877 0.0000e+00
    647.000     1.9944   3.081631     1.9944   3.082073    4.47417    -0.0597    13.8155 3.6376e+00  -60.27833  -57.45083 1152708011 193.527922    34.6880 0.0000e+00
    648.000     1.9941   3.081657     1.9938   3.082100    4.47334    -0.0917    13.8155 3.3455e+00  -60.27833  -57.45083 1152708011 193.527928    34.6881 0.0000e+00
    649.000     1.9923   3.081579     1.9920   3.082038    4.47294    -0.0822    13.8155 3.8517e+00  -60.27833  -57.45083 1152708012 193.527935    34.6885 0.0000e+00
    650.000     1.9913   3.081581     1.9913   3.082027    4.47387    -0.0726    13.8155 3.6416e+00  -60.27833  -57.45083 1152708013 193.527941    34.6890 0.0000e+00
    651.000     1.9904   3.081569     1.9908   3.082015    4.47654    -0.0660    13.8155 1.9017e+00  -60.27833  -57.45083 1152708014 193.527957    34.6893 0.0000e+00
    652.000     1.9934   3.081799     1.9934   3.082246    4.48435    -0.0823    13.8155 -9.990e-29  -60.27833  -57.45083 1152708021 193.528034    34.6883 0.0000e+00
    653.000     1.9922   3.081767     1.9919   3.082175    4.48115    -0.0679    13.8155 -9.990e-29  -60.27833  -57.45083 1152708021 193.528040    34.6886 0.0000e+00
    654.000     1.9886   3.081596     1.9887   3.082042    4.47834    -0.0835    13.8155 -9.990e-29  -60.27833  -57.45083 1152708022 193.528046    34.6899 0.0000e+00
    655.000     1.9883   3.081620     1.9885   3.082070    4.47735    -0.0870    13.8155 -9.990e-29  -60.27833  -57.45083 1152708022 193.528054    34.6901 0.0000e+00
    656.000     1.9879   3.081638     1.9879   3.082060    4.47875    -0.0878    13.8155 -9.990e-29  -60.27833  -57.45083 1152708023 193.528060    34.6901 0.0000e+00
    657.000     1.9876   3.081665     1.9878   3.082106    4.48132    -0.0758    13.8155 -9.990e-29  -60.27833  -57.45083 1152708024 193.528067    34.6903 0.0000e+00
    658.000     1.9884   3.081758     1.9885   3.082177    4.48795    -0.0643    13.8155 -9.990e-29  -60.27833  -57.45083 1152708026 193.528097    34.6899 0.0000e+00
    659.000     1.9872   3.081717     1.9876   3.082163    4.48904    -0.0673    13.8155 -9.990e-29  -60.27833  -57.45083 1152708028 193.528116    34.6901 0.0000e+00
    660.000     1.9867   3.081730     1.9872   3.082164    4.49012    -0.0692    13.8155 -9.990e-29  -60.27833  -57.45083 1152708029 193.528133    34.6903 0.0000e+00
    661.000     1.9866   3.081778     1.9871   3.082217    4.49069    -0.0758    13.8155 -9.990e-29  -60.27833  -57.45083 1152708030 193.528147    34.6905 0.0000e+00
    662.000     1.9864   3.081815     1.9869   3.082260    4.49069    -0.0576    13.8155 -9.990e-29  -60.27833  -57.45083 1152708031 193.528157    34.6906 0.0000e+00
    663.000     1.9858   3.081822     1.9863   3.082265    4.49071    -0.0631    13.8155 3.7009e+00  -60.27833  -57.45083 1152708032 193.528166    34.6908 0.0000e+00
    664.000     1.9855   3.081849     1.9860   3.082285    4.48834    -0.0701    13.8155 5.1018e+00  -60.27833  -57.45083 1152708033 193.528174    34.6909 0.0000e+00
    665.000     1.9854   3.081873     1.9859   3.082321    4.48648    -0.0611    13.8155 4.7215e+00  -60.27833  -57.45083 1152708033 193.528182    34.6907 0.0000e+00
    666.000     1.9851   3.081906     1.9858   3.082352    4.48655    -0.0710    13.8155 3.7863e+00  -60.27833  -57.45083 1152708035 193.528202    34.6909 0.0000e+00
    667.000     1.9849   3.081934     1.9854   3.082375    4.49437    -0.0735    13.8155 1.5719e+00  -60.27833  -57.45083 1152708038 193.528240    34.6909 0.0000e+00
    668.000     1.9835   3.081885     1.9839   3.082330    4.49741    -0.0592    13.8155 1.6685e+00  -60.27833  -57.45083 1152708040 193.528252    34.6913 0.0000e+00
    669.000     1.9832   3.081911     1.9836   3.082356    4.49632    -0.0674    13.8155 -9.990e-29  -60.27833  -57.45083 1152708040 193.528262    34.6914 0.0000e+00
    670.000     1.9833   3.081956     1.9837   3.082403    4.49570    -0.0695    13.8155 -9.990e-29  -60.27833  -57.45083 1152708041 193.528271    34.6913 0.0000e+00
    671.000     1.9825   3.081948     1.9829   3.082393    4.49535    -0.0746    13.8155 -9.990e-29  -60.27833  -57.45083 1152708042 193.528278    34.6916 0.0000e+00
    672.000     1.9824   3.081987     1.9828   3.082425    4.49435    -0.0726    13.8155 -9.990e-29  -60.27833  -57.45083 1152708042 193.528286    34.6916 0.0000e+00
    673.000     1.9824   3.082020     1.9826   3.082460    4.49179    -0.0723    13.8155 -9.990e-29  -60.27833  -57.45083 1152708043 193.528296    34.6914 0.0000e+00
    674.000     1.9821   3.082053     1.9827   3.082505    4.49001    -0.0654    13.8155 1.5719e+00  -60.27833  -57.45083 1152708045 193.528313    34.6916 0.0000e+00
    675.000     1.9824   3.082109     1.9828   3.082551    4.49071    -0.0739    13.8155 3.1622e+00  -60.27833  -57.45083 1152708046 193.528333    34.6915 0.0000e+00
    676.000     1.9819   3.082121     1.9819   3.082533    4.49302    -0.0788    13.8155 3.6127e+00  -60.27833  -57.45083 1152708048 193.528350    34.6915 0.0000e+00
    677.000     1.9799   3.082041     1.9803   3.082481    4.49319    -0.0638    13.8155 4.8582e+00  -60.27833  -57.45083 1152708049 193.528366    34.6922 0.0000e+00
    678.000     1.9776   3.081920     1.9780   3.082367    4.49254    -0.0695    13.8155 3.6712e+00  -60.27833  -57.45083 1152708051 193.528381    34.6927 0.0000e+00
    679.000     1.9766   3.081909     1.9770   3.082352    4.49461    -0.0700    13.8155 3.4417e+00  -60.27833  -57.45083 1152708052 193.528399    34.6931 0.0000e+00
    680.000     1.9752   3.081864     1.9756   3.082302    4.49903    -0.0823    13.8155 -9.990e-29  -60.27833  -57.45083 1152708054 193.528415    34.6936 0.0000e+00
    681.000     1.9741   3.081846     1.9745   3.082292    4.49817    -0.0603    13.8155 -9.990e-29  -60.27833  -57.45083 1152708054 193.528425    34.6940 0.0000e+00
    682.000     1.9741   3.081883     1.9745   3.082334    4.49950    -0.0706    13.8155 -9.990e-29  -60.27833  -57.45083 1152708055 193.528433    34.6939 0.0000e+00
    683.000     1.9721   3.081794     1.9725   3.082253    4.50047    -0.0682    13.8155 -9.990e-29  -60.27833  -57.45083 1152708056 193.528440    34.6944 0.0000e+00
    684.000     1.9706   3.081725     1.9707   3.082168    4.50085    -0.0546    13.8155 -9.990e-29  -60.27833  -57.45083 1152708056 193.528448    34.6947 0.0000e+00
    685.000     1.9679   3.081585     1.9681   3.082033    4.50097    -0.0666    13.8155 3.2104e+00  -60.27833  -57.45083 1152708057 193.528456    34.6954 0.0000e+00
    686.000     1.9687   3.081694     1.9695   3.082165    4.50531    -0.0845    13.8155 3.4829e+00  -60.27833  -57.45083 1152708061 193.528503    34.6952 0.0000e+00
