product_data/regression_test/downloaded_data/MDGS/320620060703/ctd/adapted/heads_insert_p6615901.cnv
* Sea-Bird SBE 9 Data File:
* FileName = D:\Data\Raw\p6615901.dat
* Software Version Seasave Win32 V 5.32
* Temperature SN = 1649
* Conductivity SN = 1431
* Number of Bytes Per Scan = 37
* Number of Voltage Words = 5
* Number of Scans Averaged by the Deck Unit = 1
* NMEA Latitude = 60 53.99 S
* NMEA Longitude = 055 57.20 W
* NMEA UTC (Time) = 05:26:27
** Ship:   Nathaniel B. Palmer 
** Cruise:    NBP0606 
# nquan = 15
# nvalues = 600                         
# units = specified
# name 0 = prDM: Pressure, Digiquartz [db]
# name 1 = t090C: Temperature [ITS-90, deg C]
# name 2 = c0S/m: Conductivity [S/m]
# name 3 = t190C: Temperature, 2 [ITS-90, deg C]
# name 4 = c1S/m: Conductivity, 2 [S/m]
# name 5 = sbeox0ML/L: Oxygen, SBE 43 [ml/l]
# name 6 = flECO-AFL: Fluorescence, Wetlab ECO-AFL/FL [mg/m^3]
# name 7 = bat: Beam Attenuation, Chelsea/Seatech/Wetlab CStar [1/m]
# name 8 = spar: SPAR/Surface Irradiance
# name 9 = latitude: Latitude [deg]
# name 10 = longitude: Longitude [deg]
# name 11 = timeY: Time, System [seconds]
# name 12 = timeJ: Julian Days
# name 13 = sal00: Salinity [PSU]
# name 14 = flag: flag
# span 0 =      3.000,    602.000       
# span 1 =    -0.7239,    -0.1978       
# span 2 =   2.790166,   2.878384       
# span 3 =    -0.7239,    -0.1967       
# span 4 =   2.790791,   2.878798       
# span 5 =    6.12453,    7.43122       
# span 6 =    -0.0956,     0.1435       
# span 7 =    13.8155,    13.8155       
# span 8 = 0.0000e+00, 0.0000e+00       
# span 9 =  -60.89983,  -60.89983       
# span 10 =  -55.95333,  -55.95333      
# span 11 = 1153286807, 1153287684      
# span 12 = 200.226943, 200.237093      
# span 13 =    34.2957,    34.5251      
# span 14 = 0.0000e+00, 0.0000e+00      
# interval = decibars: 1                
# start_time = Jul 19 2006 05:26:34
# bad_flag = -9.990e-29
*END*
[from data line 290]
    292.000    -0.5195   2.827919    -0.5192   2.828245    6.69270    -0.0447    13.8155 0.0000e+00  -60.89983  -55.95333 1153287269 200.232293    34.3995 0.0000e+00
    293.000    -0.5197   2.827938    -0.5193   2.828295    6.69112    -0.0524    13.8155 0.0000e+00  -60.89983  -55.95333 1153287271 200.232315    34.3995 0.0000e+00
    294.000    -0.5196   2.828004    -0.5192   2.828346    6.69200    -0.0585    13.8155 0.0000e+00  -60.89983  -55.95333 1153287272 200.232334    34.3997 0.0000e+00
    295.000    -0.5194   2.828060    -0.5189   2.828414    6.69139    -0.0586    13.8155 0.0000e+00  -60.89983  -55.95333 1153287274 200.232348    34.3997 0.0000e+00
    296.000    -0.5183   2.828190    -0.5177   2.828568    6.68886    -0.0496    13.8155 0.0000e+00  -60.89983  -55.95333 1153287275 200.232361    34.3996 0.0000e+00
    297.000    -0.5187   2.828199    -0.5182   2.828549    6.68676    -0.0439    13.8155 0.0000e+00  -60.89983  -55.95333 1153287276 200.232377    34.3996 0.0000e+00
    298.000    -0.5209   2.828036    -0.5207   2.828385    6.68721    -0.0490    13.8155 0.0000e+00  -60.89983  -55.95333 1153287277 200.232392    34.3994 0.0000e+00
    299.000    -0.5218   2.828006    -0.5213   2.828370    6.68750    -0.0638    13.8155 0.0000e+00  -60.89983  -55.95333 1153287279 200.232406    34.3994 0.0000e+00
    300.000    -0.5220   2.828036    -0.5216   2.828393    6.68888    -0.0640    13.8155 0.0000e+00  -60.89983  -55.95333 1153287280 200.232420    34.3995 0.0000e+00
    301.000    -0.5214   2.828185    -0.5204   2.828578    6.69052    -0.0686    13.8155 0.0000e+00  -60.89983  -55.95333 1153287281 200.232437    34.4003 0.0000e+00
    302.000    -0.5194   2.828437    -0.5191   2.828780    6.69087    -0.0487    13.8155 0.0000e+00  -60.89983  -55.95333 1153287282 200.232450    34.4007 0.0000e+00
    303.000    -0.5150   2.828938    -0.5139   2.829357    6.68957    -0.0642    13.8155 0.0000e+00  -60.89983  -55.95333 1153287283 200.232461    34.4017 0.0000e+00
    304.000    -0.5142   2.829042    -0.5139   2.829398    6.68483    -0.0556    13.8155 0.0000e+00  -60.89983  -55.95333 1153287284 200.232473    34.4016 0.0000e+00
    305.000    -0.5127   2.829244    -0.5119   2.829635    6.67956    -0.0646    13.8155 0.0000e+00  -60.89983  -55.95333 1153287286 200.232490    34.4020 0.0000e+00
    306.000    -0.5104   2.829525    -0.5099   2.829860    6.67438    -0.0592    13.8155 0.0000e+00  -60.89983  -55.95333 1153287288 200.232509    34.4025 0.0000e+00
    307.000    -0.4915   2.831384    -0.4890   2.831908    6.67076    -0.0604    13.8155 0.0000e+00  -60.89983  -55.95333 1153287289 200.232523    34.4052 0.0000e+00
    308.000    -0.4827   2.832260    -0.4830   2.832521    6.66526    -0.0586    13.8155 0.0000e+00  -60.89983  -55.95333 1153287290 200.232536    34.4060 0.0000e+00
    309.000    -0.4756   2.832967    -0.4772   2.833109    6.65720    -0.0611    13.8155 0.0000e+00  -60.89983  -55.95333 1153287291 200.232550    34.4067 0.0000e+00
    310.000    -0.4772   2.832856    -0.4761   2.833273    6.65171    -0.0586    13.8155 0.0000e+00  -60.89983  -55.95333 1153287293 200.232572    34.4067 0.0000e+00
    311.000    -0.4781   2.832811    -0.4781   2.833137    6.64993    -0.0558    13.8155 0.0000e+00  -60.89983  -55.95333 1153287294 200.232588    34.4074 0.0000e+00
    312.000    -0.4764   2.833038    -0.4760   2.833391    6.64789    -0.0718    13.8155 0.0000e+00  -60.89983  -55.95333 1153287295 200.232599    34.4072 0.0000e+00
    313.000    -0.4757   2.833168    -0.4751   2.833537    6.64706    -0.0721    13.8155 0.0000e+00  -60.89983  -55.95333 1153287296 200.232608    34.4076 0.0000e+00
    314.000    -0.4742   2.833341    -0.4730   2.833778    6.64411    -0.0561    13.8155 0.0000e+00  -60.89983  -55.95333 1153287297 200.232617    34.4077 0.0000e+00
    315.000    -0.4730   2.833520    -0.4726   2.833854    6.64097    -0.0649    13.8155 0.0000e+00  -60.89983  -55.95333 1153287298 200.232630    34.4081 0.0000e+00
    316.000    -0.4713   2.833720    -0.4706   2.834079    6.63489    -0.0507    13.8155 0.0000e+00  -60.89983  -55.95333 1153287300 200.232653    34.4083 0.0000e+00
    317.000    -0.4714   2.833733    -0.4710   2.834095    6.63156    -0.0614    13.8155 0.0000e+00  -60.89983  -55.95333 1153287301 200.232671    34.4080 0.0000e+00
    318.000    -0.4706   2.833851    -0.4695   2.834284    6.63205    -0.0721    13.8155 0.0000e+00  -60.89983  -55.95333 1153287303 200.232683    34.4082 0.0000e+00
    319.000    -0.4714   2.833818    -0.4730   2.833996    6.63288    -0.0569    13.8155 0.0000e+00  -60.89983  -55.95333 1153287304 200.232698    34.4081 0.0000e+00
    320.000    -0.4737   2.833678    -0.4742   2.833908    6.63420    -0.0680    13.8155 0.0000e+00  -60.89983  -55.95333 1153287305 200.232715    34.4085 0.0000e+00
    321.000    -0.4666   2.834369    -0.4666   2.834677    6.63298    -0.0582    13.8155 0.0000e+00  -60.89983  -55.95333 1153287307 200.232730    34.4088 0.0000e+00
    322.000    -0.4643   2.834640    -0.4642   2.834953    6.62984    -0.0579    13.8155 0.0000e+00  -60.89983  -55.95333 1153287307 200.232741    34.4092 0.0000e+00
    323.000    -0.4636   2.834764    -0.4626   2.835163    6.62815    -0.0533    13.8155 0.0000e+00  -60.89983  -55.95333 1153287308 200.232751    34.4095 0.0000e+00
    324.000    -0.4646   2.834709    -0.4637   2.835136    6.62743    -0.0682    13.8155 0.0000e+00  -60.89983  -55.95333 1153287309 200.232764    34.4093 0.0000e+00
    325.000    -0.4662   2.834630    -0.4658   2.834971    6.62559    -0.0544    13.8155 0.0000e+00  -60.89983  -55.95333 1153287312 200.232789    34.4096 0.0000e+00
    326.000    -0.4657   2.834744    -0.4653   2.835099    6.62784    -0.0404    13.8155 0.0000e+00  -60.89983  -55.95333 1153287313 200.232806    34.4099 0.0000e+00
    327.000    -0.4654   2.834785    -0.4652   2.835130    6.62933    -0.0621    13.8155 0.0000e+00  -60.89983  -55.95333 1153287314 200.232817    34.4095 0.0000e+00
    328.000    -0.4662   2.834700    -0.4659   2.835038    6.63065    -0.0596    13.8155 0.0000e+00  -60.89983  -55.95333 1153287315 200.232826    34.4088 0.0000e+00
    329.000    -0.4640   2.834945    -0.4636   2.835308    6.62813    -0.0826    13.8155 0.0000e+00  -60.89983  -55.95333 1153287316 200.232835    34.4089 0.0000e+00
    330.000    -0.4638   2.835043    -0.4631   2.835422    6.62773    -0.0675    13.8155 0.0000e+00  -60.89983  -55.95333 1153287317 200.232850    34.4094 0.0000e+00
    331.000    -0.4653   2.834974    -0.4642   2.835371    6.62795    -0.0656    13.8155 0.0000e+00  -60.89983  -55.95333 1153287320 200.232882    34.4097 0.0000e+00
    332.000    -0.4682   2.834838    -0.4688   2.835134    6.62607    -0.0704    13.8155 0.0000e+00  -60.89983  -55.95333 1153287321 200.232898    34.4105 0.0000e+00
    333.000    -0.4733   2.834502    -0.4738   2.834809    6.62296    -0.0423    13.8155 0.0000e+00  -60.89983  -55.95333 1153287322 200.232910    34.4113 0.0000e+00
    334.000    -0.4794   2.834061    -0.4788   2.834446    6.62365    -0.0579    13.8155 0.0000e+00  -60.89983  -55.95333 1153287323 200.232921    34.4120 0.0000e+00
    335.000    -0.4756   2.834451    -0.4764   2.834707    6.62228    -0.0544    13.8155 0.0000e+00  -60.89983  -55.95333 1153287324 200.232934    34.4121 0.0000e+00
    336.000    -0.4752   2.834545    -0.4754   2.834836    6.62046    -0.0722    13.8155 0.0000e+00  -60.89983  -55.95333 1153287325 200.232948    34.4123 0.0000e+00
    337.000    -0.4727   2.834768    -0.4724   2.835135    6.61778    -0.0455    13.8155 0.0000e+00  -60.89983  -55.95333 1153287326 200.232959    34.4117 0.0000e+00
    338.000    -0.4756   2.834571    -0.4777   2.834756    6.61786    -0.0583    13.8155 0.0000e+00  -60.89983  -55.95333 1153287327 200.232970    34.4117 0.0000e+00
    339.000    -0.4826   2.834014    -0.4848   2.834186    6.62056    -0.0548    13.8155 0.0000e+00  -60.89983  -55.95333 1153287328 200.232981    34.4118 0.0000e+00
    340.000    -0.4787   2.834409    -0.4783   2.834750    6.62452    -0.0543    13.8155 0.0000e+00  -60.89983  -55.95333 1153287331 200.233012    34.4119 0.0000e+00
    341.000    -0.4895   2.833497    -0.4899   2.833843    6.62388    -0.0640    13.8155 0.0000e+00  -60.89983  -55.95333 1153287333 200.233031    34.4115 0.0000e+00
    342.000    -0.4930   2.833232    -0.4949   2.833433    6.62452    -0.0660    13.8155 0.0000e+00  -60.89983  -55.95333 1153287333 200.233041    34.4113 0.0000e+00
    343.000    -0.4999   2.832675    -0.5002   2.833044    6.62429    -0.0682    13.8155 0.0000e+00  -60.89983  -55.95333 1153287334 200.233051    34.4112 0.0000e+00
    344.000    -0.5112   2.831806    -0.5105   2.832222    6.62572    -0.0515    13.8155 0.0000e+00  -60.89983  -55.95333 1153287335 200.233061    34.4122 0.0000e+00
    345.000    -0.5048   2.832496    -0.5040   2.832840    6.62758    -0.0503    13.8155 0.0000e+00  -60.89983  -55.95333 1153287336 200.233074    34.4135 0.0000e+00
    346.000    -0.4885   2.834044    -0.4867   2.834525    6.62200    -0.0492    13.8155 0.0000e+00  -60.89983  -55.95333 1153287338 200.233092    34.4144 0.0000e+00
    347.000    -0.4863   2.834361    -0.4869   2.834671    6.61675    -0.0553    13.8155 0.0000e+00  -60.89983  -55.95333 1153287339 200.233108    34.4154 0.0000e+00
    348.000    -0.4988   2.833403    -0.4990   2.833743    6.62312    -0.0526    13.8155 0.0000e+00  -60.89983  -55.95333 1153287341 200.233124    34.4165 0.0000e+00
    349.000    -0.5013   2.833241    -0.5021   2.833511    6.62474    -0.0505    13.8155 0.0000e+00  -60.89983  -55.95333 1153287342 200.233145    34.4165 0.0000e+00
    350.000    -0.5095   2.832574    -0.5111   2.832806    6.62385    -0.0556    13.8155 0.0000e+00  -60.89983  -55.95333 1153287344 200.233163    34.4164 0.0000e+00
    351.000    -0.5390   2.829953    -0.5446   2.829970    6.62321    -0.0624    13.8155 0.0000e+00  -60.89983  -55.95333 1153287345 200.233173    34.4148 0.0000e+00
    352.000    -0.5488   2.829248    -0.5487   2.829626    6.62702    -0.0577    13.8155 0.0000e+00  -60.89983  -55.95333 1153287346 200.233182    34.4162 0.0000e+00
    353.000    -0.5541   2.828788    -0.5555   2.829078    6.63011    -0.0717    13.8155 0.0000e+00  -60.89983  -55.95333 1153287346 200.233190    34.4152 0.0000e+00
    354.000    -0.5628   2.828080    -0.5617   2.828557    6.63214    -0.0748    13.8155 0.0000e+00  -60.89983  -55.95333 1153287347 200.233199    34.4153 0.0000e+00
    355.000    -0.5621   2.828163    -0.5638   2.828413    6.63589    -0.0575    13.8155 0.0000e+00  -60.89983  -55.95333 1153287350 200.233229    34.4148 0.0000e+00
    356.000    -0.5693   2.827639    -0.5690   2.828027    6.63798    -0.0540    13.8155 0.0000e+00  -60.89983  -55.95333 1153287351 200.233245    34.4148 0.0000e+00
    357.000    -0.5716   2.827511    -0.5708   2.827942    6.64001    -0.0624    13.8155 0.0000e+00  -60.89983  -55.95333 1153287352 200.233257    34.4151 0.0000e+00
    358.000    -0.5702   2.827697    -0.5696   2.828094    6.64266    -0.0547    13.8155 0.0000e+00  -60.89983  -55.95333 1153287353 200.233273    34.4152 0.0000e+00
    359.000    -0.5714   2.827660    -0.5710   2.828030    6.64628    -0.0523    13.8155 0.0000e+00  -60.89983  -55.95333 1153287355 200.233292    34.4152 0.0000e+00
    360.000    -0.5742   2.827471    -0.5736   2.827880    6.64491    -0.0643    13.8155 0.0000e+00  -60.89983  -55.95333 1153287356 200.233303    34.4153 0.0000e+00
    361.000    -0.5750   2.827455    -0.5749   2.827805    6.64540    -0.0512    13.8155 0.0000e+00  -60.89983  -55.95333 1153287357 200.233313    34.4154 0.0000e+00
    362.000    -0.5746   2.827514    -0.5743   2.827878    6.64601    -0.0685    13.8155 0.0000e+00  -60.89983  -55.95333 1153287358 200.233321    34.4150 0.0000e+00
    363.000    -0.5742   2.827611    -0.5739   2.827982    6.64640    -0.0732    13.8155 0.0000e+00  -60.89983  -55.95333 1153287359 200.233334    34.4153 0.0000e+00
    364.000    -0.5736   2.827732    -0.5737   2.828059    6.64744    -0.0527    13.8155 0.0000e+00  -60.89983  -55.95333 1153287361 200.233359    34.4154 0.0000e+00
    365.000    -0.5739   2.827756    -0.5735   2.828133    6.64899    -0.0679    13.8155 0.0000e+00  -60.89983  -55.95333 1153287362 200.233374    34.4153 0.0000e+00
    366.000    -0.5767   2.827594    -0.5756   2.828012    6.64973    -0.0798    13.8155 0.0000e+00  -60.89983  -55.95333 1153287363 200.233386    34.4158 0.0000e+00
    367.000    -0.5769   2.827606    -0.5766   2.827979    6.65083    -0.0507    13.8155 0.0000e+00  -60.89983  -55.95333 1153287364 200.233399    34.4156 0.0000e+00
    368.000    -0.5768   2.827665    -0.5763   2.828040    6.65350    -0.0695    13.8155 0.0000e+00  -60.89983  -55.95333 1153287366 200.233418    34.4156 0.0000e+00
    369.000    -0.5762   2.827757    -0.5759   2.828118    6.65383    -0.0438    13.8155 0.0000e+00  -60.89983  -55.95333 1153287368 200.233436    34.4155 0.0000e+00
    370.000    -0.5775   2.827700    -0.5770   2.828096    6.65320    -0.0612    13.8155 0.0000e+00  -60.89983  -55.95333 1153287369 200.233450    34.4156 0.0000e+00
    371.000    -0.5786   2.827672    -0.5782   2.828048    6.65040    -0.0596    13.8155 0.0000e+00  -60.89983  -55.95333 1153287370 200.233461    34.4158 0.0000e+00
    372.000    -0.5786   2.827731    -0.5782   2.828099    6.65035    -0.0686    13.8155 0.0000e+00  -60.89983  -55.95333 1153287371 200.233471    34.4160 0.0000e+00
    373.000    -0.5784   2.827782    -0.5784   2.828140    6.64959    -0.0515    13.8155 0.0000e+00  -60.89983  -55.95333 1153287371 200.233481    34.4159 0.0000e+00
    374.000    -0.5773   2.827918    -0.5774   2.828249    6.64689    -0.0545    13.8155 0.0000e+00  -60.89983  -55.95333 1153287373 200.233499    34.4157 0.0000e+00
    375.000    -0.5766   2.828006    -0.5773   2.828301    6.64142    -0.0537    13.8155 0.0000e+00  -60.89983  -55.95333 1153287375 200.233522    34.4155 0.0000e+00
    376.000    -0.5799   2.827892    -0.5781   2.828323    6.64122    -0.0601    13.8155 0.0000e+00  -60.89983  -55.95333 1153287376 200.233537    34.4171 0.0000e+00
    377.000    -0.5804   2.827910    -0.5795   2.828297    6.63982    -0.0508    13.8155 0.0000e+00  -60.89983  -55.95333 1153287377 200.233549    34.4173 0.0000e+00
    378.000    -0.5801   2.827992    -0.5804   2.828350    6.63895    -0.0670    13.8155 0.0000e+00  -60.89983  -55.95333 1153287378 200.233561    34.4175 0.0000e+00
    379.000    -0.5808   2.828024    -0.5804   2.828389    6.63755    -0.0609    13.8155 0.0000e+00  -60.89983  -55.95333 1153287380 200.233575    34.4182 0.0000e+00
    380.000    -0.5818   2.828043    -0.5813   2.828400    6.63615    -0.0666    13.8155 0.0000e+00  -60.89983  -55.95333 1153287381 200.233589    34.4189 0.0000e+00
    381.000    -0.5827   2.828107    -0.5823   2.828468    6.63684    -0.0643    13.8155 0.0000e+00  -60.89983  -55.95333 1153287382 200.233604    34.4202 0.0000e+00
    382.000    -0.5822   2.828281    -0.5819   2.828639    6.63762    -0.0642    13.8155 0.0000e+00  -60.89983  -55.95333 1153287383 200.233619    34.4214 0.0000e+00
    383.000    -0.5815   2.828420    -0.5811   2.828776    6.63435    -0.0674    13.8155 0.0000e+00  -60.89983  -55.95333 1153287385 200.233632    34.4217 0.0000e+00
    384.000    -0.5815   2.828457    -0.5812   2.828819    6.63083    -0.0737    13.8155 0.0000e+00  -60.89983  -55.95333 1153287386 200.233647    34.4216 0.0000e+00
    385.000    -0.5818   2.828474    -0.5815   2.828836    6.62709    -0.0634    13.8155 0.0000e+00  -60.89983  -55.95333 1153287387 200.233663    34.4217 0.0000e+00
    386.000    -0.5819   2.828533    -0.5815   2.828888    6.62655    -0.0561    13.8155 0.0000e+00  -60.89983  -55.95333 1153287389 200.233679    34.4219 0.0000e+00
