product_data/regression_test/downloaded_data/MDGS/320620060703/ctd/adapted/heads_insert_p6609003.cnv
* Sea-Bird SBE 9 Data File:
* FileName = D:\Data\Raw\P6609003.dat
* Software Version Seasave Win32 V 5.32
* Temperature SN = 1649
* Conductivity SN = 1431
* Number of Bytes Per Scan = 37
* Number of Voltage Words = 5
* Number of Scans Averaged by the Deck Unit = 1
* NMEA Latitude = 61 22.54 S
* NMEA Longitude = 057 54.34 W
* NMEA UTC (Time) = 13:28:01
** Ship:   Nathaniel B. Palmer 
** Cruise:    NBP0603 p0606
** Cast #: 03
** Station:   90
** Operator: rdd
# nquan = 15
# nvalues = 1399                        
# units = specified
# name 0 = prDM: Pressure, Digiquartz [db]
# name 1 = t090C: Temperature [ITS-90, deg C]
# name 2 = c0S/m: Conductivity [S/m]
# name 3 = t190C: Temperature, 2 [ITS-90, deg C]
# name 4 = c1S/m: Conductivity, 2 [S/m]
# name 5 = sbeox0ML/L: Oxygen, SBE 43 [ml/l]
# name 6 = flECO-AFL: Fluorescence, Wetlab ECO-AFL/FL [mg/m^3]
# name 7 = bat: Beam Attenuation, Chelsea/Seatech/Wetlab CStar [1/m]
# name 8 = spar: SPAR/Surface Irradiance
# name 9 = latitude: Latitude [deg]
# name 10 = longitude: Longitude [deg]
# name 11 = timeY: Time, System [seconds]
# name 12 = timeJ: Julian Days
# name 13 = sal00: Salinity [PSU]
# name 14 = flag: flag
# span 0 =      4.000,   1402.000       
# span 1 =    -0.8073,     1.6064       
# span 2 =   2.771560,   3.048811       
# span 3 =    -0.8067,     1.6072       
# span 4 =   2.772168,   3.049082       
# span 5 =    4.66159,    7.82967       
# span 6 =    -0.1246,     0.3775       
# span 7 =    13.8155,    13.8155       
# span 8 = 1.1361e+01, 3.7057e+01       
# span 9 =  -61.37567,  -61.37567       
# span 10 =  -57.90567,  -57.90567      
# span 11 = 1152538089, 1152540167      
# span 12 = 191.561226, 191.585276      
# span 13 =    34.0612,    34.7275      
# span 14 = 0.0000e+00, 0.0000e+00      
# interval = decibars: 1                
# start_time = Jul 10 2006 13:28:09
# bad_flag = -9.990e-29
*END*
[from data line 1254]
   1257.000     0.9798   3.022400     0.9806   3.022712    5.02838    -0.0913    13.8155 3.3118e+01  -61.37567  -57.90567 1152539966 191.582953    34.7170 0.0000e+00
   1258.000     0.9796   3.022431     0.9800   3.022712    5.02834    -0.0898    13.8155 3.3118e+01  -61.37567  -57.90567 1152539966 191.582962    34.7171 0.0000e+00
   1259.000     0.9791   3.022423     0.9792   3.022678    5.02821    -0.1014    13.8155 3.3118e+01  -61.37567  -57.90567 1152539967 191.582969    34.7170 0.0000e+00
   1260.000     0.9791   3.022459     0.9791   3.022709    5.02796    -0.1235    13.8155 3.3118e+01  -61.37567  -57.90567 1152539968 191.582976    34.7169 0.0000e+00
   1261.000     0.9781   3.022390     0.9781   3.022659    5.02780    -0.1078    13.8155 3.3118e+01  -61.37567  -57.90567 1152539968 191.582983    34.7166 0.0000e+00
   1262.000     0.9781   3.022433     0.9781   3.022687    5.02764    -0.1039    13.8155 3.3118e+01  -61.37567  -57.90567 1152539969 191.582989    34.7167 0.0000e+00
   1263.000     0.9777   3.022446     0.9777   3.022688    5.02749    -0.0984    13.8155 3.3118e+01  -61.37567  -57.90567 1152539970 191.582997    34.7167 0.0000e+00
   1264.000     0.9783   3.022554     0.9786   3.022818    5.03166    -0.1052    13.8155 3.3118e+01  -61.37567  -57.90567 1152539974 191.583056    34.7169 0.0000e+00
   1265.000     0.9782   3.022585     0.9788   3.022880    5.03283    -0.1011    13.8155 3.3118e+01  -61.37567  -57.90567 1152539977 191.583083    34.7168 0.0000e+00
   1266.000     0.9767   3.022507     0.9769   3.022764    5.03298    -0.0926    13.8155 3.3118e+01  -61.37567  -57.90567 1152539977 191.583090    34.7169 0.0000e+00
   1267.000     0.9761   3.022492     0.9760   3.022744    5.03391    -0.0895    13.8155 3.3118e+01  -61.37567  -57.90567 1152539978 191.583098    34.7168 0.0000e+00
   1268.000     0.9753   3.022450     0.9754   3.022723    5.03403    -0.1020    13.8155 3.3118e+01  -61.37567  -57.90567 1152539979 191.583104    34.7168 0.0000e+00
   1269.000     0.9748   3.022458     0.9749   3.022711    5.03447    -0.1027    13.8155 3.3118e+01  -61.37567  -57.90567 1152539979 191.583111    34.7169 0.0000e+00
   1270.000     0.9742   3.022434     0.9744   3.022704    5.03464    -0.1035    13.8155 3.3118e+01  -61.37567  -57.90567 1152539980 191.583118    34.7167 0.0000e+00
   1271.000     0.9739   3.022452     0.9742   3.022722    5.03476    -0.0956    13.8155 3.3118e+01  -61.37567  -57.90567 1152539980 191.583125    34.7167 0.0000e+00
   1272.000     0.9738   3.022459     0.9736   3.022721    5.03434    -0.0978    13.8155 3.3118e+01  -61.37567  -57.90567 1152539981 191.583132    34.7164 0.0000e+00
   1273.000     0.9736   3.022511     0.9740   3.022791    5.03145    -0.0904    13.8155 3.3118e+01  -61.37567  -57.90567 1152539982 191.583139    34.7167 0.0000e+00
   1274.000     0.9741   3.022601     0.9743   3.022858    5.02976    -0.1045    13.8155 3.3118e+01  -61.37567  -57.90567 1152539982 191.583148    34.7167 0.0000e+00
   1275.000     0.9751   3.022720     0.9749   3.022940    5.03342    -0.1025    13.8155 3.3118e+01  -61.37567  -57.90567 1152539987 191.583200    34.7165 0.0000e+00
   1276.000     0.9754   3.022823     0.9760   3.023108    5.03442    -0.0943    13.8155 3.3118e+01  -61.37567  -57.90567 1152539989 191.583229    34.7170 0.0000e+00
   1277.000     0.9737   3.022687     0.9741   3.022986    5.03362    -0.0879    13.8155 3.3118e+01  -61.37567  -57.90567 1152539990 191.583235    34.7165 0.0000e+00
   1278.000     0.9733   3.022687     0.9735   3.022962    5.03409    -0.0905    13.8155 3.3118e+01  -61.37567  -57.90567 1152539991 191.583242    34.7165 0.0000e+00
   1279.000     0.9733   3.022745     0.9733   3.022993    5.03405    -0.1134    13.8155 3.3118e+01  -61.37567  -57.90567 1152539991 191.583248    34.7166 0.0000e+00
   1280.000     0.9734   3.022777     0.9734   3.023024    5.03273    -0.0926    13.8155 3.3118e+01  -61.37567  -57.90567 1152539992 191.583255    34.7164 0.0000e+00
   1281.000     0.9725   3.022750     0.9727   3.023006    5.03216    -0.0934    13.8155 3.3118e+01  -61.37567  -57.90567 1152539992 191.583262    34.7165 0.0000e+00
   1282.000     0.9737   3.022904     0.9740   3.023152    5.03165    -0.1054    13.8155 3.3118e+01  -61.37567  -57.90567 1152539993 191.583275    34.7166 0.0000e+00
   1283.000     0.9719   3.022776     0.9717   3.023001    5.03155    -0.0962    13.8155 3.3118e+01  -61.37567  -57.90567 1152539995 191.583295    34.7164 0.0000e+00
   1284.000     0.9727   3.022896     0.9722   3.023080    5.03289    -0.1051    13.8155 3.3118e+01  -61.37567  -57.90567 1152539997 191.583311    34.7165 0.0000e+00
   1285.000     0.9707   3.022759     0.9709   3.023003    5.03602    -0.0943    13.8155 3.3118e+01  -61.37567  -57.90567 1152539999 191.583340    34.7165 0.0000e+00
   1286.000     0.9696   3.022713     0.9690   3.022901    5.03903    -0.0823    13.8155 3.3118e+01  -61.37567  -57.90567 1152540001 191.583364    34.7166 0.0000e+00
   1287.000     0.9669   3.022488     0.9675   3.022820    5.03915    -0.0857    13.8155 3.3118e+01  -61.37567  -57.90567 1152540002 191.583375    34.7162 0.0000e+00
   1288.000     0.9600   3.021934     0.9603   3.022216    5.03956    -0.0891    13.8155 3.3118e+01  -61.37567  -57.90567 1152540003 191.583384    34.7164 0.0000e+00
   1289.000     0.9599   3.021979     0.9600   3.022219    5.03998    -0.1005    13.8155 3.3118e+01  -61.37567  -57.90567 1152540004 191.583394    34.7165 0.0000e+00
   1290.000     0.9589   3.021932     0.9594   3.022213    5.04052    -0.1077    13.8155 3.3118e+01  -61.37567  -57.90567 1152540005 191.583404    34.7165 0.0000e+00
   1291.000     0.9611   3.022164     0.9618   3.022471    5.04079    -0.1059    13.8155 3.3118e+01  -61.37567  -57.90567 1152540006 191.583415    34.7163 0.0000e+00
   1292.000     0.9626   3.022359     0.9629   3.022606    5.04079    -0.1058    13.8155 3.3118e+01  -61.37567  -57.90567 1152540007 191.583427    34.7166 0.0000e+00
   1293.000     0.9642   3.022531     0.9643   3.022769    5.04078    -0.1144    13.8155 3.3118e+01  -61.37567  -57.90567 1152540008 191.583439    34.7164 0.0000e+00
   1294.000     0.9649   3.022631     0.9641   3.022804    5.03874    -0.0994    13.8155 3.3118e+01  -61.37567  -57.90567 1152540009 191.583450    34.7163 0.0000e+00
   1295.000     0.9651   3.022700     0.9656   3.022970    5.03926    -0.1036    13.8155 3.3118e+01  -61.37567  -57.90567 1152540011 191.583480    34.7164 0.0000e+00
   1296.000     0.9636   3.022610     0.9634   3.022824    5.04185    -0.0962    13.8155 3.3118e+01  -61.37567  -57.90567 1152540014 191.583512    34.7164 0.0000e+00
   1297.000     0.9600   3.022324     0.9600   3.022590    5.04212    -0.1087    13.8155 3.3118e+01  -61.37567  -57.90567 1152540015 191.583521    34.7161 0.0000e+00
   1298.000     0.9581   3.022224     0.9574   3.022380    5.04215    -0.0976    13.8155 3.3118e+01  -61.37567  -57.90567 1152540015 191.583528    34.7168 0.0000e+00
   1299.000     0.9604   3.022446     0.9603   3.022690    5.04206    -0.1002    13.8155 3.3118e+01  -61.37567  -57.90567 1152540016 191.583535    34.7162 0.0000e+00
   1300.000     0.9591   3.022356     0.9591   3.022630    5.04183    -0.1131    13.8155 3.3118e+01  -61.37567  -57.90567 1152540017 191.583542    34.7160 0.0000e+00
   1301.000     0.9582   3.022324     0.9582   3.022580    5.04187    -0.1001    13.8155 3.3118e+01  -61.37567  -57.90567 1152540017 191.583549    34.7161 0.0000e+00
   1302.000     0.9582   3.022367     0.9580   3.022593    5.04207    -0.1071    13.8155 3.3118e+01  -61.37567  -57.90567 1152540018 191.583557    34.7161 0.0000e+00
   1303.000     0.9580   3.022401     0.9586   3.022682    5.04435    -0.1037    13.8155 3.3118e+01  -61.37567  -57.90567 1152540020 191.583587    34.7162 0.0000e+00
   1304.000     0.9577   3.022434     0.9585   3.022738    5.04723    -0.0981    13.8155 3.3118e+01  -61.37567  -57.90567 1152540023 191.583621    34.7164 0.0000e+00
   1305.000     0.9562   3.022339     0.9566   3.022621    5.04749    -0.1068    13.8155 3.3118e+01  -61.37567  -57.90567 1152540024 191.583630    34.7163 0.0000e+00
   1306.000     0.9562   3.022371     0.9555   3.022552    5.04765    -0.0835    13.8155 3.3118e+01  -61.37567  -57.90567 1152540025 191.583638    34.7162 0.0000e+00
   1307.000     0.9559   3.022401     0.9560   3.022640    5.04652    -0.0798    13.8155 3.3118e+01  -61.37567  -57.90567 1152540025 191.583645    34.7163 0.0000e+00
   1308.000     0.9556   3.022399     0.9558   3.022654    5.04322    -0.0761    13.8155 3.3118e+01  -61.37567  -57.90567 1152540026 191.583653    34.7161 0.0000e+00
   1309.000     0.9555   3.022434     0.9557   3.022690    5.04274    -0.1082    13.8155 3.3118e+01  -61.37567  -57.90567 1152540027 191.583662    34.7161 0.0000e+00
   1310.000     0.9548   3.022410     0.9552   3.022679    5.04362    -0.1018    13.8155 3.3118e+01  -61.37567  -57.90567 1152540028 191.583678    34.7160 0.0000e+00
   1311.000     0.9558   3.022542     0.9561   3.022795    5.04558    -0.0980    13.8155 3.3118e+01  -61.37567  -57.90567 1152540031 191.583709    34.7160 0.0000e+00
   1312.000     0.9549   3.022500     0.9553   3.022776    5.04659    -0.0824    13.8155 3.3118e+01  -61.37567  -57.90567 1152540032 191.583726    34.7159 0.0000e+00
   1313.000     0.9547   3.022532     0.9550   3.022801    5.04764    -0.0991    13.8155 3.3118e+01  -61.37567  -57.90567 1152540033 191.583737    34.7161 0.0000e+00
   1314.000     0.9550   3.022616     0.9557   3.022907    5.04725    -0.1073    13.8155 3.3118e+01  -61.37567  -57.90567 1152540034 191.583747    34.7162 0.0000e+00
   1315.000     0.9566   3.022787     0.9571   3.023075    5.04679    -0.0822    13.8155 3.3118e+01  -61.37567  -57.90567 1152540035 191.583755    34.7162 0.0000e+00
   1316.000     0.9586   3.022992     0.9588   3.023259    5.04621    -0.0900    13.8155 3.3118e+01  -61.37567  -57.90567 1152540036 191.583763    34.7158 0.0000e+00
   1317.000     0.9571   3.022916     0.9575   3.023194    5.04523    -0.1024    13.8155 3.3118e+01  -61.37567  -57.90567 1152540036 191.583773    34.7160 0.0000e+00
   1318.000     0.9555   3.022813     0.9554   3.023042    5.04238    -0.0909    13.8155 3.5103e+01  -61.37567  -57.90567 1152540040 191.583809    34.7160 0.0000e+00
   1319.000     0.9553   3.022833     0.9548   3.023039    5.04494    -0.1128    13.8155 3.4206e+01  -61.37567  -57.90567 1152540041 191.583830    34.7159 0.0000e+00
   1320.000     0.9528   3.022655     0.9532   3.022941    5.04691    -0.1016    13.8155 3.3097e+01  -61.37567  -57.90567 1152540042 191.583839    34.7159 0.0000e+00
   1321.000     0.9523   3.022659     0.9529   3.022954    5.04630    -0.1013    13.8155 3.3118e+01  -61.37567  -57.90567 1152540043 191.583847    34.7161 0.0000e+00
   1322.000     0.9526   3.022731     0.9532   3.023030    5.04485    -0.0925    13.8155 3.3118e+01  -61.37567  -57.90567 1152540044 191.583854    34.7160 0.0000e+00
   1323.000     0.9542   3.022898     0.9544   3.023162    5.04524    -0.1037    13.8155 3.3118e+01  -61.37567  -57.90567 1152540044 191.583861    34.7159 0.0000e+00
   1324.000     0.9540   3.022924     0.9536   3.023127    5.04381    -0.0964    13.8155 3.3118e+01  -61.37567  -57.90567 1152540045 191.583872    34.7159 0.0000e+00
   1325.000     0.9530   3.022883     0.9535   3.023165    5.04502    -0.0969    13.8155 3.3604e+01  -61.37567  -57.90567 1152540048 191.583905    34.7159 0.0000e+00
   1326.000     0.9523   3.022866     0.9529   3.023163    5.04622    -0.0964    13.8155 3.5052e+01  -61.37567  -57.90567 1152540049 191.583920    34.7160 0.0000e+00
   1327.000     0.9525   3.022926     0.9527   3.023190    5.04668    -0.1042    13.8155 3.5067e+01  -61.37567  -57.90567 1152540050 191.583931    34.7160 0.0000e+00
   1328.000     0.9525   3.022968     0.9526   3.023218    5.04706    -0.1002    13.8155 3.4285e+01  -61.37567  -57.90567 1152540051 191.583942    34.7159 0.0000e+00
   1329.000     0.9515   3.022921     0.9518   3.023188    5.04745    -0.0729    13.8155 3.3751e+01  -61.37567  -57.90567 1152540052 191.583953    34.7159 0.0000e+00
   1330.000     0.9491   3.022747     0.9488   3.022963    5.04812    -0.0945    13.8155 3.5049e+01  -61.37567  -57.90567 1152540053 191.583966    34.7157 0.0000e+00
   1331.000     0.9472   3.022622     0.9477   3.022897    5.04948    -0.1024    13.8155 3.5066e+01  -61.37567  -57.90567 1152540055 191.583985    34.7158 0.0000e+00
   1332.000     0.9477   3.022701     0.9477   3.022949    5.05057    -0.0969    13.8155 3.5067e+01  -61.37567  -57.90567 1152540056 191.584002    34.7157 0.0000e+00
   1333.000     0.9471   3.022700     0.9476   3.022970    5.05134    -0.0972    13.8155 3.5067e+01  -61.37567  -57.90567 1152540058 191.584018    34.7158 0.0000e+00
   1334.000     0.9441   3.022476     0.9447   3.022752    5.05160    -0.1025    13.8155 3.5067e+01  -61.37567  -57.90567 1152540059 191.584032    34.7157 0.0000e+00
   1335.000     0.9429   3.022414     0.9431   3.022664    5.05115    -0.0920    13.8155 3.5067e+01  -61.37567  -57.90567 1152540060 191.584045    34.7158 0.0000e+00
   1336.000     0.9428   3.022446     0.9432   3.022715    5.05112    -0.0888    13.8155 3.5067e+01  -61.37567  -57.90567 1152540061 191.584058    34.7158 0.0000e+00
   1337.000     0.9419   3.022405     0.9420   3.022664    5.05296    -0.0938    13.8155 3.5067e+01  -61.37567  -57.90567 1152540062 191.584072    34.7157 0.0000e+00
   1338.000     0.9418   3.022434     0.9423   3.022713    5.05280    -0.1131    13.8155 3.5067e+01  -61.37567  -57.90567 1152540064 191.584087    34.7157 0.0000e+00
   1339.000     0.9425   3.022549     0.9431   3.022824    5.05221    -0.1001    13.8155 3.5067e+01  -61.37567  -57.90567 1152540065 191.584107    34.7157 0.0000e+00
   1340.000     0.9411   3.022460     0.9408   3.022689    5.05311    -0.0979    13.8155 3.5067e+01  -61.37567  -57.90567 1152540067 191.584122    34.7155 0.0000e+00
   1341.000     0.9389   3.022311     0.9399   3.022642    5.05289    -0.0950    13.8155 3.5067e+01  -61.37567  -57.90567 1152540068 191.584134    34.7156 0.0000e+00
   1342.000     0.9383   3.022318     0.9383   3.022542    5.05324    -0.0838    13.8155 3.5067e+01  -61.37567  -57.90567 1152540069 191.584145    34.7159 0.0000e+00
   1343.000     0.9383   3.022334     0.9384   3.022590    5.05510    -0.0952    13.8155 3.5067e+01  -61.37567  -57.90567 1152540070 191.584156    34.7155 0.0000e+00
   1344.000     0.9371   3.022273     0.9372   3.022504    5.05621    -0.0952    13.8155 3.5067e+01  -61.37567  -57.90567 1152540072 191.584181    34.7154 0.0000e+00
   1345.000     0.9333   3.021980     0.9330   3.022195    5.05761    -0.1111    13.8155 3.5067e+01  -61.37567  -57.90567 1152540074 191.584203    34.7154 0.0000e+00
   1346.000     0.9319   3.021895     0.9318   3.022154    5.05790    -0.0965    13.8155 3.5067e+01  -61.37567  -57.90567 1152540074 191.584213    34.7154 0.0000e+00
   1347.000     0.9298   3.021746     0.9301   3.022043    5.05790    -0.1129    13.8155 3.5067e+01  -61.37567  -57.90567 1152540075 191.584222    34.7153 0.0000e+00
   1348.000     0.9292   3.021745     0.9293   3.022004    5.05775    -0.0994    13.8155 3.5067e+01  -61.37567  -57.90567 1152540076 191.584230    34.7154 0.0000e+00
   1349.000     0.9295   3.021808     0.9298   3.022083    5.05794    -0.0936    13.8155 3.5067e+01  -61.37567  -57.90567 1152540077 191.584238    34.7154 0.0000e+00
   1350.000     0.9291   3.021809     0.9293   3.022081    5.05838    -0.0925    13.8155 3.5067e+01  -61.37567  -57.90567 1152540077 191.584247    34.7152 0.0000e+00
   1351.000     0.9284   3.021784     0.9286   3.022044    5.05853    -0.1000    13.8155 3.5067e+01  -61.37567  -57.90567 1152540079 191.584269    34.7151 0.0000e+00
