product_data/regression_test/downloaded_data/MDGS/320620060703/ctd/adapted/heads_insert_p6609309.cnv
* Sea-Bird SBE 9 Data File:
* FileName = D:\Data\Raw\p6609309.dat
* Software Version Seasave Win32 V 5.32
* Temperature SN = 1649
* Conductivity SN = 1431
* Number of Bytes Per Scan = 37
* Number of Voltage Words = 5
* Number of Scans Averaged by the Deck Unit = 1
* NMEA Latitude = 61 07.49 S
* NMEA Longitude = 058 05.62 W
* NMEA UTC (Time) = 07:46:35
** Ship:   Nathaniel B. Palmer nbp
** Cruise:    NBP0606 nbp0606
# nquan = 15
# nvalues = 994                         
# units = specified
# name 0 = prDM: Pressure, Digiquartz [db]
# name 1 = t090C: Temperature [ITS-90, deg C]
# name 2 = c0S/m: Conductivity [S/m]
# name 3 = t190C: Temperature, 2 [ITS-90, deg C]
# name 4 = c1S/m: Conductivity, 2 [S/m]
# name 5 = sbeox0ML/L: Oxygen, SBE 43 [ml/l]
# name 6 = flECO-AFL: Fluorescence, Wetlab ECO-AFL/FL [mg/m^3]
# name 7 = bat: Beam Attenuation, Chelsea/Seatech/Wetlab CStar [1/m]
# name 8 = spar: SPAR/Surface Irradiance
# name 9 = latitude: Latitude [deg]
# name 10 = longitude: Longitude [deg]
# name 11 = timeY: Time, System [seconds]
# name 12 = timeJ: Julian Days
# name 13 = sal00: Salinity [PSU]
# name 14 = flag: flag
# span 0 =     12.000,   1005.000       
# span 1 =    -0.8092,     1.9659       
# span 2 =   2.746506,   3.274635       
# span 3 =    -0.8029,     1.9671       
# span 4 =   2.754122,   3.067854       
# span 5 =    4.33453,    8.03168       
# span 6 =    -0.1182,     0.4010       
# span 7 =    13.8155,    13.8155       
# span 8 = 0.0000e+00, 0.0000e+00       
# span 9 =  -61.12483,  -61.12483       
# span 10 =  -58.09367,  -58.09367      
# span 11 = 1152604004, 1152605798      
# span 12 = 192.324136, 192.344907      
# span 13 =    33.7983,    40.7166      
# span 14 = 0.0000e+00, 0.0000e+00      
# interval = decibars: 1                
# start_time = Jul 11 2006 07:46:43
# bad_flag = -9.990e-29
*END*
[from data line 964]
    975.000     1.4646   3.052894     1.4649   3.053204    4.79094    -0.0840    13.8155 0.0000e+00  -61.12483  -58.09367 1152605527 192.341770    34.7253 0.0000e+00
    976.000     1.4635   3.052852     1.4639   3.053150    4.78984    -0.0839    13.8155 0.0000e+00  -61.12483  -58.09367 1152605529 192.341786    34.7255 0.0000e+00
    977.000     1.4633   3.052877     1.4639   3.053186    4.79079    -0.0854    13.8155 0.0000e+00  -61.12483  -58.09367 1152605531 192.341816    34.7253 0.0000e+00
    978.000     1.4643   3.053007     1.4648   3.053301    4.79445    -0.0786    13.8155 0.0000e+00  -61.12483  -58.09367 1152605536 192.341868    34.7254 0.0000e+00
    979.000     1.4634   3.052977     1.4638   3.053283    4.79498    -0.0828    13.8155 0.0000e+00  -61.12483  -58.09367 1152605537 192.341886    34.7255 0.0000e+00
    980.000     1.4629   3.052980     1.4634   3.053294    4.79502    -0.0677    13.8155 0.0000e+00  -61.12483  -58.09367 1152605538 192.341898    34.7255 0.0000e+00
    981.000     1.4629   3.053017     1.4634   3.053326    4.79327    -0.0783    13.8155 0.0000e+00  -61.12483  -58.09367 1152605539 192.341910    34.7254 0.0000e+00
    982.000     1.4622   3.052998     1.4629   3.053323    4.79257    -0.0833    13.8155 0.0000e+00  -61.12483  -58.09367 1152605540 192.341923    34.7253 0.0000e+00
    983.000     1.4624   3.053071     1.4631   3.053380    4.79157    -0.0778    13.8155 0.0000e+00  -61.12483  -58.09367 1152605544 192.341966    34.7255 0.0000e+00
    984.000     1.4607   3.052944     1.4611   3.053264    4.79202    -0.0885    13.8155 0.0000e+00  -61.12483  -58.09367 1152605546 192.341991    34.7252 0.0000e+00
    985.000     1.4575   3.052704     1.4579   3.053017    4.79238    -0.0810    13.8155 0.0000e+00  -61.12483  -58.09367 1152605548 192.342014    34.7252 0.0000e+00
    986.000     1.4537   3.052427     1.4541   3.052728    4.79459    -0.0822    13.8155 0.0000e+00  -61.12483  -58.09367 1152605551 192.342050    34.7254 0.0000e+00
    987.000     1.4494   3.052098     1.4499   3.052411    4.79841    -0.0857    13.8155 0.0000e+00  -61.12483  -58.09367 1152605554 192.342083    34.7255 0.0000e+00
    988.000     1.4489   3.052097     1.4495   3.052419    4.79774    -0.0859    13.8155 0.0000e+00  -61.12483  -58.09367 1152605557 192.342115    34.7254 0.0000e+00
    989.000     1.4484   3.052102     1.4489   3.052417    4.79736    -0.0733    13.8155 0.0000e+00  -61.12483  -58.09367 1152605558 192.342128    34.7254 0.0000e+00
    990.000     1.4486   3.052161     1.4491   3.052465    4.79843    -0.0826    13.8155 0.0000e+00  -61.12483  -58.09367 1152605561 192.342158    34.7254 0.0000e+00
    991.000     1.4498   3.052318     1.4499   3.052590    4.79913    -0.0927    13.8155 0.0000e+00  -61.12483  -58.09367 1152605566 192.342217    34.7254 0.0000e+00
    992.000     1.4469   3.052099     1.4473   3.052407    4.79925    -0.0844    13.8155 0.0000e+00  -61.12483  -58.09367 1152605567 192.342231    34.7254 0.0000e+00
    993.000     1.4455   3.052020     1.4458   3.052310    4.79961    -0.0846    13.8155 0.0000e+00  -61.12483  -58.09367 1152605569 192.342258    34.7254 0.0000e+00
    994.000     1.4460   3.052103     1.4466   3.052423    4.80079    -0.0853    13.8155 0.0000e+00  -61.12483  -58.09367 1152605574 192.342307    34.7253 0.0000e+00
    995.000     1.4440   3.051974     1.4448   3.052312    4.80149    -0.0859    13.8155 0.0000e+00  -61.12483  -58.09367 1152605576 192.342335    34.7253 0.0000e+00
    996.000     1.4437   3.051997     1.4440   3.052284    4.80314    -0.0856    13.8155 0.0000e+00  -61.12483  -58.09367 1152605580 192.342374    34.7253 0.0000e+00
    997.000     1.4421   3.051900     1.4426   3.052216    4.80343    -0.0941    13.8155 0.0000e+00  -61.12483  -58.09367 1152605582 192.342398    34.7254 0.0000e+00
    998.000     1.4405   3.051795     1.4408   3.052092    4.80281    -0.0872    13.8155 0.0000e+00  -61.12483  -58.09367 1152605583 192.342416    34.7253 0.0000e+00
    999.000     1.4411   3.051902     1.4417   3.052216    4.80347    -0.0882    13.8155 0.0000e+00  -61.12483  -58.09367 1152605588 192.342478    34.7253 0.0000e+00
   1000.000     1.4405   3.052003     1.4406   3.052295    4.80617    -0.0748    13.8155 0.0000e+00  -61.12483  -58.09367 1152605592 192.342519    34.7253 0.0000e+00
   1001.000     1.4337   3.051347     1.4342   3.051654    4.80697    -0.0876    13.8155 0.0000e+00  -61.12483  -58.09367 1152605593 192.342536    34.7254 0.0000e+00
   1002.000     1.4306   3.051102     1.4309   3.051401    4.80623    -0.0903    13.8155 0.0000e+00  -61.12483  -58.09367 1152605595 192.342555    34.7254 0.0000e+00
   1003.000     1.4324   3.051290     1.4325   3.051572    4.80506    -0.0866    13.8155 0.0000e+00  -61.12483  -58.09367 1152605614 192.342772    34.7251 0.0000e+00
   1004.000     1.4300   3.051132     1.4303   3.051423    4.80313    -0.0863    13.8155 0.0000e+00  -61.12483  -58.09367 1152605774 192.344628    34.7251 0.0000e+00
   1005.000     1.4324   3.051353     1.4323   3.051619    4.79815    -0.1182    13.8155 0.0000e+00  -61.12483  -58.09367 1152605798 192.344907    34.7247 0.0000e+00
