product_data/regression_test/downloaded_data/MDGS/320620060703/ctd/adapted/heads_insert_p6622803.cnv
* Sea-Bird SBE 9 Data File:
* FileName = D:\Data\Raw\p6622803.dat
* Software Version Seasave Win32 V 5.32
* Temperature SN = 1649
* Conductivity SN = 1431
* Number of Bytes Per Scan = 37
* Number of Voltage Words = 5
* Number of Scans Averaged by the Deck Unit = 1
* NMEA Latitude = 63 03.41 S
* NMEA Longitude = 057 19.21 W
* NMEA UTC (Time) = 05:51:10
** Ship:   Nathaniel B. Palmer 
** Cruise:    NBP0606 
# nquan = 15
# nvalues = 326                         
# units = specified
# name 0 = prDM: Pressure, Digiquartz [db]
# name 1 = t090C: Temperature [ITS-90, deg C]
# name 2 = c0S/m: Conductivity [S/m]
# name 3 = t190C: Temperature, 2 [ITS-90, deg C]
# name 4 = c1S/m: Conductivity, 2 [S/m]
# name 5 = sbeox0ML/L: Oxygen, SBE 43 [ml/l]
# name 6 = flECO-AFL: Fluorescence, Wetlab ECO-AFL/FL [mg/m^3]
# name 7 = bat: Beam Attenuation, Chelsea/Seatech/Wetlab CStar [1/m]
# name 8 = spar: SPAR/Surface Irradiance
# name 9 = latitude: Latitude [deg]
# name 10 = longitude: Longitude [deg]
# name 11 = timeY: Time, System [seconds]
# name 12 = timeJ: Julian Days
# name 13 = sal00: Salinity [PSU]
# name 14 = flag: flag
# span 0 =      1.000,    326.000       
# span 1 =    -1.8843,    -1.8392       
# span 2 =   2.706293,   3.043812       
# span 3 =    -1.8841,    -1.8389       
# span 4 =   2.706919,   3.021303       
# span 5 =    5.00959,    7.64622       
# span 6 =    -0.0711,     0.0224       
# span 7 =    13.8155,    13.8155       
# span 8 = 0.0000e+00, 0.0000e+00       
# span 9 =  -63.05683,  -63.05683       
# span 10 =  -57.32017,  -57.32017      
# span 11 = 1154670726, 1154671374      
# span 12 = 216.244527, 216.252036      
# span 13 =    34.4655,    38.1898      
# span 14 = 0.0000e+00, 0.0000e+00      
# interval = decibars: 1                
# start_time = Aug 04 2006 05:52:01
# bad_flag = -9.990e-29
*END*
[from data line 290]
    290.000    -1.8812   2.720011    -1.8808   2.720223    7.63507    -0.0472    13.8155 0.0000e+00  -63.05683  -57.32017 1154671258 216.250697    34.4850 0.0000e+00
    291.000    -1.8813   2.720055    -1.8810   2.720257    7.63347    -0.0398    13.8155 0.0000e+00  -63.05683  -57.32017 1154671260 216.250717    34.4851 0.0000e+00
    292.000    -1.8813   2.720097    -1.8809   2.720304    7.63298    -0.0703    13.8155 0.0000e+00  -63.05683  -57.32017 1154671262 216.250738    34.4851 0.0000e+00
    293.000    -1.8813   2.720149    -1.8810   2.720348    7.63726    -0.0509    13.8155 0.0000e+00  -63.05683  -57.32017 1154671264 216.250759    34.4852 0.0000e+00
    294.000    -1.8812   2.720198    -1.8809   2.720395    7.64199    -0.0409    13.8155 0.0000e+00  -63.05683  -57.32017 1154671266 216.250781    34.4851 0.0000e+00
    295.000    -1.8810   2.720255    -1.8807   2.720454    7.64389    -0.0387    13.8155 0.0000e+00  -63.05683  -57.32017 1154671268 216.250805    34.4851 0.0000e+00
    296.000    -1.8807   2.720321    -1.8804   2.720522    7.64038    -0.0547    13.8155 0.0000e+00  -63.05683  -57.32017 1154671270 216.250829    34.4849 0.0000e+00
    297.000    -1.8807   2.720365    -1.8804   2.720565    7.63852    -0.0439    13.8155 0.0000e+00  -63.05683  -57.32017 1154671272 216.250852    34.4850 0.0000e+00
    298.000    -1.8808   2.720411    -1.8805   2.720608    7.63906    -0.0518    13.8155 0.0000e+00  -63.05683  -57.32017 1154671274 216.250875    34.4851 0.0000e+00
    299.000    -1.8807   2.720462    -1.8803   2.720657    7.64059    -0.0441    13.8155 0.0000e+00  -63.05683  -57.32017 1154671276 216.250898    34.4851 0.0000e+00
    300.000    -1.8808   2.720502    -1.8805   2.720698    7.64128    -0.0449    13.8155 0.0000e+00  -63.05683  -57.32017 1154671278 216.250921    34.4851 0.0000e+00
    301.000    -1.8808   2.720547    -1.8804   2.720751    7.64036    -0.0569    13.8155 0.0000e+00  -63.05683  -57.32017 1154671280 216.250944    34.4851 0.0000e+00
    302.000    -1.8808   2.720597    -1.8805   2.720792    7.64140    -0.0542    13.8155 0.0000e+00  -63.05683  -57.32017 1154671282 216.250968    34.4851 0.0000e+00
    303.000    -1.8809   2.720643    -1.8805   2.720837    7.63894    -0.0356    13.8155 0.0000e+00  -63.05683  -57.32017 1154671284 216.250994    34.4852 0.0000e+00
    304.000    -1.8807   2.720694    -1.8804   2.720890    7.63842    -0.0460    13.8155 0.0000e+00  -63.05683  -57.32017 1154671286 216.251023    34.4851 0.0000e+00
    305.000    -1.8807   2.720742    -1.8804   2.720936    7.63987    -0.0342    13.8155 0.0000e+00  -63.05683  -57.32017 1154671289 216.251052    34.4851 0.0000e+00
    306.000    -1.8807   2.720789    -1.8803   2.720986    7.64088    -0.0469    13.8155 0.0000e+00  -63.05683  -57.32017 1154671292 216.251083    34.4851 0.0000e+00
    307.000    -1.8806   2.720839    -1.8802   2.721033    7.64238    -0.0560    13.8155 0.0000e+00  -63.05683  -57.32017 1154671294 216.251114    34.4851 0.0000e+00
    308.000    -1.8806   2.720888    -1.8802   2.721081    7.64070    -0.0523    13.8155 0.0000e+00  -63.05683  -57.32017 1154671297 216.251147    34.4851 0.0000e+00
    309.000    -1.8805   2.720937    -1.8802   2.721128    7.63893    -0.0480    13.8155 0.0000e+00  -63.05683  -57.32017 1154671300 216.251179    34.4851 0.0000e+00
    310.000    -1.8805   2.720983    -1.8801   2.721178    7.63856    -0.0507    13.8155 0.0000e+00  -63.05683  -57.32017 1154671303 216.251212    34.4851 0.0000e+00
    311.000    -1.8804   2.721033    -1.8801   2.721223    7.63281    -0.0498    13.8155 0.0000e+00  -63.05683  -57.32017 1154671306 216.251245    34.4851 0.0000e+00
    312.000    -1.8805   2.721078    -1.8801   2.721271    7.63700    -0.0479    13.8155 0.0000e+00  -63.05683  -57.32017 1154671308 216.251276    34.4852 0.0000e+00
    313.000    -1.8804   2.721125    -1.8801   2.721317    7.63814    -0.0539    13.8155 0.0000e+00  -63.05683  -57.32017 1154671311 216.251309    34.4850 0.0000e+00
    314.000    -1.8804   2.721172    -1.8801   2.721363    7.64023    -0.0448    13.8155 0.0000e+00  -63.05683  -57.32017 1154671314 216.251343    34.4851 0.0000e+00
    315.000    -1.8804   2.721223    -1.8801   2.721412    7.64304    -0.0671    13.8155 0.0000e+00  -63.05683  -57.32017 1154671317 216.251378    34.4851 0.0000e+00
    316.000    -1.8805   2.721263    -1.8802   2.721450    7.64390    -0.0610    13.8155 0.0000e+00  -63.05683  -57.32017 1154671320 216.251413    34.4852 0.0000e+00
    317.000    -1.8805   2.721307    -1.8803   2.721499    7.64237    -0.0597    13.8155 0.0000e+00  -63.05683  -57.32017 1154671323 216.251449    34.4852 0.0000e+00
    318.000    -1.8805   2.721362    -1.8802   2.721549    7.64098    -0.0513    13.8155 0.0000e+00  -63.05683  -57.32017 1154671326 216.251484    34.4853 0.0000e+00
    319.000    -1.8804   2.721405    -1.8802   2.721596    7.64116    -0.0527    13.8155 0.0000e+00  -63.05683  -57.32017 1154671329 216.251518    34.4852 0.0000e+00
    320.000    -1.8804   2.721456    -1.8801   2.721644    7.64397    -0.0534    13.8155 0.0000e+00  -63.05683  -57.32017 1154671332 216.251553    34.4852 0.0000e+00
    321.000    -1.8805   2.721503    -1.8801   2.721692    7.63968    -0.0421    13.8155 0.0000e+00  -63.05683  -57.32017 1154671335 216.251587    34.4854 0.0000e+00
    322.000    -1.8803   2.721556    -1.8800   2.721741    7.63743    -0.0516    13.8155 0.0000e+00  -63.05683  -57.32017 1154671338 216.251622    34.4853 0.0000e+00
    323.000    -1.8803   2.721600    -1.8800   2.721786    7.64028    -0.0431    13.8155 0.0000e+00  -63.05683  -57.32017 1154671341 216.251657    34.4853 0.0000e+00
    324.000    -1.8802   2.721651    -1.8799   2.721841    7.63899    -0.0514    13.8155 0.0000e+00  -63.05683  -57.32017 1154671344 216.251691    34.4852 0.0000e+00
    325.000    -1.8801   2.721703    -1.8798   2.721890    7.63922    -0.0568    13.8155 0.0000e+00  -63.05683  -57.32017 1154671347 216.251726    34.4852 0.0000e+00
    326.000    -1.8800   2.721764    -1.8798   2.721944    7.63628    -0.0505    13.8155 0.0000e+00  -63.05683  -57.32017 1154671374 216.252036    34.4853 0.0000e+00
