product_data/regression_test/downloaded_data/MDGS/320620060703/ctd/adapted/heads_insert_p6607401.cnv
* Sea-Bird SBE 9 Data File:
* FileName = D:\Data\Raw\p6607401.dat
* Software Version Seasave Win32 V 5.32
* Temperature SN = 1649
* Conductivity SN = 1431
* Number of Bytes Per Scan = 37
* Number of Voltage Words = 5
* Number of Scans Averaged by the Deck Unit = 1
* NMEA Latitude = 62 14.82 S
* NMEA Longitude = 058 06.36 W
* NMEA UTC (Time) = 10:56:46
** Ship:   Nathaniel B. Palmer 
** Cruise:    NBP0606 
# nquan = 15
# nvalues = 1302                        
# units = specified
# name 0 = prDM: Pressure, Digiquartz [db]
# name 1 = t090C: Temperature [ITS-90, deg C]
# name 2 = c0S/m: Conductivity [S/m]
# name 3 = t190C: Temperature, 2 [ITS-90, deg C]
# name 4 = c1S/m: Conductivity, 2 [S/m]
# name 5 = sbeox0ML/L: Oxygen, SBE 43 [ml/l]
# name 6 = flECO-AFL: Fluorescence, Wetlab ECO-AFL/FL [mg/m^3]
# name 7 = bat: Beam Attenuation, Chelsea/Seatech/Wetlab CStar [1/m]
# name 8 = spar: SPAR/Surface Irradiance
# name 9 = latitude: Latitude [deg]
# name 10 = longitude: Longitude [deg]
# name 11 = timeY: Time, System [seconds]
# name 12 = timeJ: Julian Days
# name 13 = sal00: Salinity [PSU]
# name 14 = flag: flag
# span 0 =      1.000,   1302.000       
# span 1 =    -1.5813,     0.2414       
# span 2 =   2.730662,   2.902582       
# span 3 =    -1.5801,     0.2429       
# span 4 =   2.730736,   2.902295       
# span 5 =    5.90281,    7.75018       
# span 6 =    -0.1364,     0.0677       
# span 7 =    13.8155,    13.8155       
# span 8 = 0.0000e+00, 0.0000e+00       
# span 9 =  -62.24700,  -62.24700       
# span 10 =  -58.10600,  -58.10600      
# span 11 = 1152356208, 1152358111      
# span 12 = 189.456118, 189.478158      
# span 13 =    34.2170,    34.5487      
# span 14 = 0.0000e+00, 0.0000e+00      
# interval = decibars: 1                
# start_time = Jul 08 2006 10:56:54
# bad_flag = -9.990e-29
*END*
[from data line 675]
    675.000    -0.5198   2.854973    -0.5197   2.854904    6.32318    -0.1089    13.8155 0.0000e+00  -62.24700  -58.10600 1152357177 189.467351    34.5328 0.0000e+00
    676.000    -0.5227   2.854751    -0.5211   2.854788    6.32412    -0.1026    13.8155 0.0000e+00  -62.24700  -58.10600 1152357178 189.467363    34.5328 0.0000e+00
    677.000    -0.5336   2.853866    -0.5317   2.853946    6.32547    -0.1030    13.8155 0.0000e+00  -62.24700  -58.10600 1152357180 189.467380    34.5326 0.0000e+00
    678.000    -0.5339   2.853881    -0.5334   2.853840    6.32736    -0.0990    13.8155 0.0000e+00  -62.24700  -58.10600 1152357182 189.467402    34.5328 0.0000e+00
    679.000    -0.5347   2.853855    -0.5343   2.853823    6.32803    -0.1019    13.8155 0.0000e+00  -62.24700  -58.10600 1152357183 189.467419    34.5328 0.0000e+00
    680.000    -0.5355   2.853836    -0.5352   2.853795    6.32941    -0.0979    13.8155 0.0000e+00  -62.24700  -58.10600 1152357184 189.467433    34.5327 0.0000e+00
    681.000    -0.5366   2.853799    -0.5370   2.853705    6.32820    -0.0944    13.8155 0.0000e+00  -62.24700  -58.10600 1152357185 189.467444    34.5329 0.0000e+00
    682.000    -0.5383   2.853678    -0.5384   2.853612    6.32713    -0.1067    13.8155 0.0000e+00  -62.24700  -58.10600 1152357186 189.467454    34.5327 0.0000e+00
    683.000    -0.5383   2.853750    -0.5353   2.853902    6.32675    -0.1060    13.8155 0.0000e+00  -62.24700  -58.10600 1152357187 189.467465    34.5331 0.0000e+00
    684.000    -0.5308   2.854426    -0.5304   2.854378    6.32641    -0.1030    13.8155 0.0000e+00  -62.24700  -58.10600 1152357188 189.467478    34.5328 0.0000e+00
    685.000    -0.5294   2.854589    -0.5288   2.854558    6.32869    -0.0998    13.8155 0.0000e+00  -62.24700  -58.10600 1152357190 189.467497    34.5328 0.0000e+00
    686.000    -0.5300   2.854579    -0.5299   2.854499    6.32897    -0.0998    13.8155 0.0000e+00  -62.24700  -58.10600 1152357191 189.467515    34.5327 0.0000e+00
    687.000    -0.5301   2.854629    -0.5297   2.854578    6.33351    -0.0985    13.8155 0.0000e+00  -62.24700  -58.10600 1152357193 189.467531    34.5330 0.0000e+00
    688.000    -0.5525   2.852686    -0.5527   2.852685    6.34200    -0.0995    13.8155 0.0000e+00  -62.24700  -58.10600 1152357194 189.467546    34.5323 0.0000e+00
    689.000    -0.5647   2.851694    -0.5649   2.851633    6.34818    -0.0922    13.8155 0.0000e+00  -62.24700  -58.10600 1152357195 189.467561    34.5325 0.0000e+00
    690.000    -0.5755   2.850759    -0.5755   2.850743    6.35315    -0.0882    13.8155 0.0000e+00  -62.24700  -58.10600 1152357197 189.467575    34.5318 0.0000e+00
    691.000    -0.5888   2.849618    -0.5876   2.849727    6.35872    -0.1074    13.8155 0.0000e+00  -62.24700  -58.10600 1152357198 189.467586    34.5312 0.0000e+00
    692.000    -0.5987   2.848791    -0.6008   2.848588    6.36535    -0.0941    13.8155 0.0000e+00  -62.24700  -58.10600 1152357199 189.467597    34.5310 0.0000e+00
    693.000    -0.6043   2.848347    -0.6045   2.848293    6.36985    -0.0986    13.8155 0.0000e+00  -62.24700  -58.10600 1152357200 189.467609    34.5308 0.0000e+00
    694.000    -0.6066   2.848198    -0.6068   2.848124    6.37407    -0.0987    13.8155 0.0000e+00  -62.24700  -58.10600 1152357201 189.467625    34.5307 0.0000e+00
    695.000    -0.6095   2.847972    -0.6096   2.847924    6.37812    -0.0979    13.8155 0.0000e+00  -62.24700  -58.10600 1152357203 189.467644    34.5301 0.0000e+00
    696.000    -0.6088   2.848093    -0.6089   2.848017    6.38437    -0.1006    13.8155 0.0000e+00  -62.24700  -58.10600 1152357204 189.467661    34.5302 0.0000e+00
    697.000    -0.6111   2.847942    -0.6101   2.847970    6.38781    -0.1069    13.8155 0.0000e+00  -62.24700  -58.10600 1152357205 189.467676    34.5300 0.0000e+00
    698.000    -0.6144   2.847708    -0.6145   2.847652    6.38892    -0.1136    13.8155 0.0000e+00  -62.24700  -58.10600 1152357207 189.467691    34.5300 0.0000e+00
    699.000    -0.6154   2.847673    -0.6149   2.847662    6.39029    -0.0896    13.8155 0.0000e+00  -62.24700  -58.10600 1152357208 189.467704    34.5300 0.0000e+00
    700.000    -0.6164   2.847633    -0.6163   2.847601    6.39306    -0.1041    13.8155 0.0000e+00  -62.24700  -58.10600 1152357209 189.467716    34.5299 0.0000e+00
    701.000    -0.6172   2.847618    -0.6172   2.847559    6.39323    -0.1025    13.8155 0.0000e+00  -62.24700  -58.10600 1152357210 189.467727    34.5299 0.0000e+00
    702.000    -0.6178   2.847619    -0.6177   2.847572    6.39324    -0.0921    13.8155 0.0000e+00  -62.24700  -58.10600 1152357211 189.467739    34.5300 0.0000e+00
    703.000    -0.6178   2.847662    -0.6176   2.847624    6.39321    -0.0996    13.8155 0.0000e+00  -62.24700  -58.10600 1152357212 189.467754    34.5299 0.0000e+00
    704.000    -0.6176   2.847731    -0.6173   2.847685    6.39461    -0.1057    13.8155 0.0000e+00  -62.24700  -58.10600 1152357214 189.467775    34.5299 0.0000e+00
    705.000    -0.6183   2.847711    -0.6180   2.847676    6.39524    -0.0967    13.8155 0.0000e+00  -62.24700  -58.10600 1152357215 189.467792    34.5298 0.0000e+00
    706.000    -0.6182   2.847767    -0.6182   2.847706    6.39791    -0.1026    13.8155 0.0000e+00  -62.24700  -58.10600 1152357217 189.467805    34.5299 0.0000e+00
    707.000    -0.6172   2.847923    -0.6171   2.847852    6.39655    -0.1133    13.8155 0.0000e+00  -62.24700  -58.10600 1152357218 189.467817    34.5301 0.0000e+00
    708.000    -0.6157   2.848107    -0.6160   2.848002    6.39684    -0.0897    13.8155 0.0000e+00  -62.24700  -58.10600 1152357219 189.467831    34.5301 0.0000e+00
    709.000    -0.6152   2.848198    -0.6148   2.848158    6.39724    -0.0987    13.8155 0.0000e+00  -62.24700  -58.10600 1152357220 189.467850    34.5302 0.0000e+00
    710.000    -0.6143   2.848319    -0.6143   2.848254    6.39784    -0.0903    13.8155 0.0000e+00  -62.24700  -58.10600 1152357222 189.467865    34.5303 0.0000e+00
    711.000    -0.6132   2.848481    -0.6129   2.848440    6.39684    -0.1042    13.8155 0.0000e+00  -62.24700  -58.10600 1152357223 189.467877    34.5306 0.0000e+00
    712.000    -0.6125   2.848583    -0.6126   2.848520    6.39557    -0.1086    13.8155 0.0000e+00  -62.24700  -58.10600 1152357224 189.467887    34.5305 0.0000e+00
    713.000    -0.6120   2.848674    -0.6120   2.848611    6.39359    -0.1073    13.8155 0.0000e+00  -62.24700  -58.10600 1152357224 189.467897    34.5305 0.0000e+00
    714.000    -0.6123   2.848694    -0.6121   2.848637    6.39200    -0.0967    13.8155 0.0000e+00  -62.24700  -58.10600 1152357226 189.467912    34.5305 0.0000e+00
    715.000    -0.6124   2.848732    -0.6119   2.848687    6.39441    -0.0980    13.8155 0.0000e+00  -62.24700  -58.10600 1152357228 189.467938    34.5305 0.0000e+00
    716.000    -0.6120   2.848821    -0.6117   2.848757    6.39442    -0.1055    13.8155 0.0000e+00  -62.24700  -58.10600 1152357229 189.467954    34.5307 0.0000e+00
    717.000    -0.6114   2.848911    -0.6113   2.848849    6.39586    -0.1042    13.8155 0.0000e+00  -62.24700  -58.10600 1152357230 189.467966    34.5306 0.0000e+00
    718.000    -0.6111   2.848974    -0.6111   2.848910    6.39557    -0.1060    13.8155 0.0000e+00  -62.24700  -58.10600 1152357231 189.467976    34.5306 0.0000e+00
    719.000    -0.6110   2.849033    -0.6108   2.848989    6.39580    -0.1019    13.8155 0.0000e+00  -62.24700  -58.10600 1152357232 189.467988    34.5306 0.0000e+00
    720.000    -0.6104   2.849137    -0.6102   2.849082    6.39449    -0.1013    13.8155 0.0000e+00  -62.24700  -58.10600 1152357234 189.468004    34.5308 0.0000e+00
    721.000    -0.6084   2.849363    -0.6082   2.849301    6.39117    -0.0991    13.8155 0.0000e+00  -62.24700  -58.10600 1152357235 189.468023    34.5308 0.0000e+00
    722.000    -0.6074   2.849502    -0.6072   2.849440    6.39085    -0.1025    13.8155 0.0000e+00  -62.24700  -58.10600 1152357237 189.468037    34.5310 0.0000e+00
    723.000    -0.6071   2.849565    -0.6070   2.849507    6.39152    -0.1004    13.8155 0.0000e+00  -62.24700  -58.10600 1152357238 189.468050    34.5309 0.0000e+00
    724.000    -0.6021   2.850082    -0.6021   2.849984    6.38982    -0.0969    13.8155 0.0000e+00  -62.24700  -58.10600 1152357239 189.468062    34.5315 0.0000e+00
    725.000    -0.6010   2.850213    -0.6025   2.850013    6.38914    -0.0971    13.8155 0.0000e+00  -62.24700  -58.10600 1152357240 189.468076    34.5314 0.0000e+00
    726.000    -0.6017   2.850190    -0.6018   2.850107    6.38572    -0.1025    13.8155 0.0000e+00  -62.24700  -58.10600 1152357241 189.468090    34.5314 0.0000e+00
    727.000    -0.6025   2.850155    -0.6027   2.850079    6.38099    -0.0947    13.8155 0.0000e+00  -62.24700  -58.10600 1152357242 189.468104    34.5313 0.0000e+00
    728.000    -0.6025   2.850199    -0.6012   2.850243    6.38042    -0.1009    13.8155 0.0000e+00  -62.24700  -58.10600 1152357244 189.468120    34.5313 0.0000e+00
    729.000    -0.6022   2.850266    -0.6029   2.850129    6.37785    -0.0933    13.8155 0.0000e+00  -62.24700  -58.10600 1152357246 189.468142    34.5313 0.0000e+00
    730.000    -0.5974   2.850760    -0.5972   2.850683    6.38012    -0.1034    13.8155 0.0000e+00  -62.24700  -58.10600 1152357247 189.468159    34.5317 0.0000e+00
    731.000    -0.5984   2.850700    -0.5989   2.850593    6.38128    -0.0969    13.8155 0.0000e+00  -62.24700  -58.10600 1152357248 189.468170    34.5316 0.0000e+00
    732.000    -0.5976   2.850822    -0.5973   2.850778    6.37949    -0.0863    13.8155 0.0000e+00  -62.24700  -58.10600 1152357249 189.468180    34.5316 0.0000e+00
    733.000    -0.5937   2.851250    -0.5937   2.851141    6.37815    -0.1107    13.8155 0.0000e+00  -62.24700  -58.10600 1152357250 189.468190    34.5324 0.0000e+00
    734.000    -0.5910   2.851528    -0.5912   2.851429    6.37695    -0.0878    13.8155 0.0000e+00  -62.24700  -58.10600 1152357251 189.468202    34.5323 0.0000e+00
    735.000    -0.5911   2.851562    -0.5912   2.851479    6.37389    -0.1122    13.8155 0.0000e+00  -62.24700  -58.10600 1152357253 189.468222    34.5323 0.0000e+00
    736.000    -0.5895   2.851764    -0.5894   2.851683    6.37079    -0.1001    13.8155 0.0000e+00  -62.24700  -58.10600 1152357254 189.468240    34.5327 0.0000e+00
    737.000    -0.5891   2.851828    -0.5891   2.851763    6.36874    -0.1029    13.8155 0.0000e+00  -62.24700  -58.10600 1152357255 189.468254    34.5325 0.0000e+00
    738.000    -0.5904   2.851752    -0.5902   2.851707    6.36825    -0.1018    13.8155 0.0000e+00  -62.24700  -58.10600 1152357257 189.468270    34.5325 0.0000e+00
    739.000    -0.5912   2.851727    -0.5909   2.851676    6.37004    -0.0941    13.8155 0.0000e+00  -62.24700  -58.10600 1152357258 189.468286    34.5324 0.0000e+00
    740.000    -0.5917   2.851723    -0.5911   2.851706    6.37054    -0.0858    13.8155 0.0000e+00  -62.24700  -58.10600 1152357259 189.468300    34.5324 0.0000e+00
    741.000    -0.5921   2.851727    -0.5914   2.851717    6.37122    -0.0955    13.8155 0.0000e+00  -62.24700  -58.10600 1152357260 189.468312    34.5323 0.0000e+00
    742.000    -0.5915   2.851789    -0.5915   2.851732    6.37181    -0.0889    13.8155 0.0000e+00  -62.24700  -58.10600 1152357262 189.468326    34.5324 0.0000e+00
    743.000    -0.5965   2.851452    -0.5952   2.851498    6.37509    -0.0971    13.8155 0.0000e+00  -62.24700  -58.10600 1152357263 189.468342    34.5327 0.0000e+00
    744.000    -0.5965   2.851506    -0.5942   2.851633    6.37559    -0.0927    13.8155 0.0000e+00  -62.24700  -58.10600 1152357264 189.468357    34.5327 0.0000e+00
    745.000    -0.5955   2.851641    -0.5936   2.851746    6.37462    -0.0958    13.8155 0.0000e+00  -62.24700  -58.10600 1152357265 189.468369    34.5328 0.0000e+00
    746.000    -0.5943   2.851788    -0.5946   2.851690    6.37417    -0.0979    13.8155 0.0000e+00  -62.24700  -58.10600 1152357266 189.468383    34.5327 0.0000e+00
    747.000    -0.5944   2.851801    -0.5949   2.851720    6.37509    -0.1024    13.8155 0.0000e+00  -62.24700  -58.10600 1152357268 189.468401    34.5325 0.0000e+00
    748.000    -0.5969   2.851642    -0.5948   2.851756    6.37556    -0.1014    13.8155 0.0000e+00  -62.24700  -58.10600 1152357270 189.468420    34.5326 0.0000e+00
    749.000    -0.5918   2.852164    -0.5922   2.852031    6.37541    -0.1085    13.8155 0.0000e+00  -62.24700  -58.10600 1152357271 189.468433    34.5332 0.0000e+00
    750.000    -0.5896   2.852403    -0.5894   2.852331    6.37475    -0.1059    13.8155 0.0000e+00  -62.24700  -58.10600 1152357272 189.468445    34.5332 0.0000e+00
    751.000    -0.5876   2.852639    -0.5872   2.852594    6.37245    -0.0997    13.8155 0.0000e+00  -62.24700  -58.10600 1152357273 189.468457    34.5336 0.0000e+00
    752.000    -0.5848   2.852965    -0.5841   2.852930    6.36565    -0.1082    13.8155 0.0000e+00  -62.24700  -58.10600 1152357274 189.468473    34.5340 0.0000e+00
    753.000    -0.5834   2.853125    -0.5834   2.853057    6.36500    -0.1004    13.8155 0.0000e+00  -62.24700  -58.10600 1152357276 189.468489    34.5340 0.0000e+00
    754.000    -0.5834   2.853174    -0.5833   2.853110    6.36520    -0.0947    13.8155 0.0000e+00  -62.24700  -58.10600 1152357277 189.468503    34.5341 0.0000e+00
    755.000    -0.5829   2.853288    -0.5828   2.853224    6.36494    -0.1013    13.8155 0.0000e+00  -62.24700  -58.10600 1152357278 189.468513    34.5344 0.0000e+00
    756.000    -0.5846   2.853189    -0.5849   2.853102    6.36608    -0.0991    13.8155 0.0000e+00  -62.24700  -58.10600 1152357279 189.468524    34.5345 0.0000e+00
    757.000    -0.5873   2.853023    -0.5873   2.852946    6.36542    -0.1016    13.8155 0.0000e+00  -62.24700  -58.10600 1152357280 189.468545    34.5349 0.0000e+00
    758.000    -0.5866   2.853109    -0.5863   2.853064    6.36620    -0.0992    13.8155 0.0000e+00  -62.24700  -58.10600 1152357283 189.468574    34.5346 0.0000e+00
    759.000    -0.5898   2.852906    -0.5896   2.852866    6.36678    -0.1042    13.8155 0.0000e+00  -62.24700  -58.10600 1152357284 189.468585    34.5350 0.0000e+00
    760.000    -0.5916   2.852803    -0.5916   2.852748    6.36613    -0.0925    13.8155 0.0000e+00  -62.24700  -58.10600 1152357285 189.468594    34.5352 0.0000e+00
    761.000    -0.5923   2.852807    -0.5923   2.852748    6.36495    -0.0998    13.8155 0.0000e+00  -62.24700  -58.10600 1152357285 189.468602    34.5354 0.0000e+00
    762.000    -0.5923   2.852854    -0.5920   2.852810    6.36465    -0.1137    13.8155 0.0000e+00  -62.24700  -58.10600 1152357286 189.468611    34.5354 0.0000e+00
    763.000    -0.5922   2.852910    -0.5920   2.852852    6.36546    -0.1012    13.8155 0.0000e+00  -62.24700  -58.10600 1152357288 189.468630    34.5355 0.0000e+00
    764.000    -0.5920   2.852964    -0.5917   2.852912    6.36824    -0.1108    13.8155 0.0000e+00  -62.24700  -58.10600 1152357290 189.468660    34.5354 0.0000e+00
    765.000    -0.5935   2.852890    -0.5934   2.852849    6.36684    -0.0920    13.8155 0.0000e+00  -62.24700  -58.10600 1152357292 189.468672    34.5355 0.0000e+00
    766.000    -0.5982   2.852537    -0.5992   2.852388    6.36965    -0.1175    13.8155 0.0000e+00  -62.24700  -58.10600 1152357292 189.468684    34.5357 0.0000e+00
    767.000    -0.6048   2.851973    -0.6058   2.851862    6.37259    -0.1027    13.8155 0.0000e+00  -62.24700  -58.10600 1152357293 189.468695    34.5350 0.0000e+00
    768.000    -0.6109   2.851493    -0.6111   2.851437    6.37706    -0.1004    13.8155 0.0000e+00  -62.24700  -58.10600 1152357295 189.468708    34.5351 0.0000e+00
    769.000    -0.6144   2.851236    -0.6144   2.851176    6.38104    -0.1003    13.8155 0.0000e+00  -62.24700  -58.10600 1152357296 189.468724    34.5352 0.0000e+00
    770.000    -0.6149   2.851231    -0.6146   2.851198    6.38272    -0.0993    13.8155 0.0000e+00  -62.24700  -58.10600 1152357297 189.468739    34.5350 0.0000e+00
