product_data/regression_test/downloaded_data/MDGS/320620060703/ctd/adapted/heads_insert_p6609901.cnv
* Sea-Bird SBE 9 Data File:
* FileName = D:\Data\Raw\p6609901.dat
* Software Version Seasave Win32 V 5.32
* Temperature SN = 1649
* Conductivity SN = 1431
* Number of Bytes Per Scan = 37
* Number of Voltage Words = 5
* Number of Scans Averaged by the Deck Unit = 1
* NMEA Latitude = 60 16.70 S
* NMEA Longitude = 057 27.05 W
* NMEA UTC (Time) = 12:24:31
** Ship:   Nathaniel B. Palmer 
** Cruise:    NBP0606 
# nquan = 15
# nvalues = 991                         
# units = specified
# name 0 = prDM: Pressure, Digiquartz [db]
# name 1 = t090C: Temperature [ITS-90, deg C]
# name 2 = c0S/m: Conductivity [S/m]
# name 3 = t190C: Temperature, 2 [ITS-90, deg C]
# name 4 = c1S/m: Conductivity, 2 [S/m]
# name 5 = sbeox0ML/L: Oxygen, SBE 43 [ml/l]
# name 6 = flECO-AFL: Fluorescence, Wetlab ECO-AFL/FL [mg/m^3]
# name 7 = bat: Beam Attenuation, Chelsea/Seatech/Wetlab CStar [1/m]
# name 8 = spar: SPAR/Surface Irradiance
# name 9 = latitude: Latitude [deg]
# name 10 = longitude: Longitude [deg]
# name 11 = timeY: Time, System [seconds]
# name 12 = timeJ: Julian Days
# name 13 = sal00: Salinity [PSU]
# name 14 = flag: flag
# span 0 =     14.000,   1004.000       
# span 1 =    -0.5268,     2.1082       
# span 2 =   2.774911,   3.082492       
# span 3 =    -0.5267,     2.1086       
# span 4 =   2.775690,   3.082930       
# span 5 =    4.34434,    8.07182       
# span 6 =    -0.1036,     0.3408       
# span 7 =    13.8155,    13.8155       
# span 8 = -2.789e-01, 9.7313e+00       
# span 9 =  -60.27833,  -60.27833       
# span 10 =  -57.45083,  -57.45083      
# span 11 = 1152707080, 1152708469      
# span 12 = 193.517137, 193.533223      
# span 13 =    33.8288,    34.7236      
# span 14 = 0.0000e+00, 0.0000e+00      
# interval = decibars: 1                
# start_time = Jul 12 2006 12:24:39
# bad_flag = -9.990e-29
*END*
[from data line 483]
    496.000     2.0919   3.079894     2.0923   3.080329    4.37802    -0.0753    13.8155 3.7789e+00  -60.27833  -57.45083 1152707822 193.525733    34.6440 0.0000e+00
    497.000     2.0910   3.079885     2.0915   3.080331    4.37554    -0.0548    13.8155 3.5325e+00  -60.27833  -57.45083 1152707822 193.525741    34.6443 0.0000e+00
    498.000     2.0900   3.079869     2.0907   3.080312    4.37349    -0.0633    13.8155 2.1794e+00  -60.27833  -57.45083 1152707823 193.525751    34.6446 0.0000e+00
    499.000     2.0896   3.079896     2.0903   3.080339    4.37108    -0.0692    13.8155 3.2938e+00  -60.27833  -57.45083 1152707825 193.525766    34.6448 0.0000e+00
    500.000     2.0899   3.079945     2.0906   3.080390    4.37130    -0.0695    13.8155 1.9138e+00  -60.27833  -57.45083 1152707826 193.525781    34.6445 0.0000e+00
    501.000     2.0899   3.080001     2.0906   3.080440    4.37197    -0.0608    13.8155 2.4034e+00  -60.27833  -57.45083 1152707828 193.525801    34.6446 0.0000e+00
    502.000     2.0899   3.080061     2.0907   3.080501    4.37464    -0.0700    13.8155 3.0690e+00  -60.27833  -57.45083 1152707831 193.525841    34.6447 0.0000e+00
    503.000     2.0900   3.080112     2.0908   3.080554    4.37544    -0.0609    13.8155 3.0789e+00  -60.27833  -57.45083 1152707832 193.525852    34.6448 0.0000e+00
    504.000     2.0899   3.080162     2.0905   3.080593    4.37587    -0.0585    13.8155 3.1319e+00  -60.27833  -57.45083 1152707833 193.525862    34.6450 0.0000e+00
    505.000     2.0899   3.080208     2.0906   3.080643    4.37610    -0.0597    13.8155 2.8233e+00  -60.27833  -57.45083 1152707834 193.525870    34.6450 0.0000e+00
    506.000     2.0896   3.080238     2.0905   3.080684    4.37626    -0.0690    13.8155 3.0868e+00  -60.27833  -57.45083 1152707834 193.525879    34.6450 0.0000e+00
    507.000     2.0894   3.080274     2.0901   3.080710    4.37632    -0.0589    13.8155 2.9696e+00  -60.27833  -57.45083 1152707835 193.525888    34.6452 0.0000e+00
    508.000     2.0894   3.080311     2.0898   3.080740    4.37640    -0.0589    13.8155 3.4608e+00  -60.27833  -57.45083 1152707836 193.525898    34.6451 0.0000e+00
    509.000     2.0888   3.080332     2.0894   3.080755    4.37687    -0.0485    13.8155 2.9528e+00  -60.27833  -57.45083 1152707837 193.525911    34.6455 0.0000e+00
    510.000     2.0890   3.080385     2.0896   3.080821    4.37834    -0.0666    13.8155 2.3953e+00  -60.27833  -57.45083 1152707840 193.525939    34.6454 0.0000e+00
    511.000     2.0873   3.080350     2.0880   3.080787    4.37997    -0.0717    13.8155 1.7908e+00  -60.27833  -57.45083 1152707842 193.525968    34.6462 0.0000e+00
    512.000     2.0867   3.080362     2.0875   3.080813    4.38066    -0.0570    13.8155 3.1109e+00  -60.27833  -57.45083 1152707843 193.525981    34.6465 0.0000e+00
    513.000     2.0869   3.080429     2.0876   3.080871    4.38088    -0.0555    13.8155 2.6252e+00  -60.27833  -57.45083 1152707844 193.525992    34.6465 0.0000e+00
    514.000     2.0867   3.080456     2.0874   3.080903    4.38178    -0.0672    13.8155 2.5077e+00  -60.27833  -57.45083 1152707845 193.526003    34.6465 0.0000e+00
    515.000     2.0856   3.080456     2.0866   3.080909    4.38211    -0.0618    13.8155 3.6169e+00  -60.27833  -57.45083 1152707846 193.526014    34.6472 0.0000e+00
    516.000     2.0856   3.080503     2.0863   3.080939    4.38226    -0.0726    13.8155 3.8114e+00  -60.27833  -57.45083 1152707847 193.526025    34.6472 0.0000e+00
    517.000     2.0858   3.080559     2.0864   3.080999    4.38176    -0.0546    13.8155 3.6929e+00  -60.27833  -57.45083 1152707848 193.526035    34.6471 0.0000e+00
    518.000     2.0857   3.080600     2.0865   3.081041    4.37857    -0.0663    13.8155 -9.990e-29  -60.27833  -57.45083 1152707849 193.526046    34.6472 0.0000e+00
    519.000     2.0858   3.080642     2.0865   3.081079    4.37763    -0.0587    13.8155 -9.990e-29  -60.27833  -57.45083 1152707850 193.526062    34.6471 0.0000e+00
    520.000     2.0857   3.080694     2.0862   3.081125    4.38056    -0.0626    13.8155 -9.990e-29  -60.27833  -57.45083 1152707853 193.526091    34.6472 0.0000e+00
    521.000     2.0844   3.080679     2.0848   3.081110    4.38157    -0.0538    13.8155 -9.990e-29  -60.27833  -57.45083 1152707854 193.526109    34.6479 0.0000e+00
    522.000     2.0833   3.080660     2.0840   3.081115    4.38188    -0.0587    13.8155 -9.990e-29  -60.27833  -57.45083 1152707855 193.526122    34.6484 0.0000e+00
    523.000     2.0832   3.080714     2.0839   3.081161    4.38281    -0.0633    13.8155 -9.990e-29  -60.27833  -57.45083 1152707856 193.526134    34.6485 0.0000e+00
    524.000     2.0826   3.080732     2.0832   3.081175    4.38331    -0.0534    13.8155 -9.990e-29  -60.27833  -57.45083 1152707857 193.526145    34.6489 0.0000e+00
    525.000     2.0818   3.080725     2.0823   3.081170    4.38352    -0.0647    13.8155 -9.990e-29  -60.27833  -57.45083 1152707858 193.526156    34.6492 0.0000e+00
    526.000     2.0805   3.080710     2.0812   3.081158    4.38371    -0.0611    13.8155 -9.990e-29  -60.27833  -57.45083 1152707859 193.526167    34.6499 0.0000e+00
    527.000     2.0802   3.080751     2.0809   3.081193    4.38423    -0.0626    13.8155 -9.990e-29  -60.27833  -57.45083 1152707860 193.526178    34.6501 0.0000e+00
    528.000     2.0802   3.080791     2.0809   3.081231    4.38573    -0.0550    13.8155 -9.990e-29  -60.27833  -57.45083 1152707862 193.526195    34.6500 0.0000e+00
    529.000     2.0800   3.080846     2.0803   3.081271    4.39077    -0.0588    13.8155 -9.990e-29  -60.27833  -57.45083 1152707864 193.526223    34.6504 0.0000e+00
    530.000     2.0788   3.080841     2.0796   3.081298    4.38956    -0.0634    13.8155 -9.990e-29  -60.27833  -57.45083 1152707865 193.526237    34.6510 0.0000e+00
    531.000     2.0787   3.080874     2.0793   3.081316    4.38775    -0.0742    13.8155 -9.990e-29  -60.27833  -57.45083 1152707866 193.526247    34.6510 0.0000e+00
    532.000     2.0781   3.080885     2.0789   3.081340    4.38611    -0.0676    13.8155 -9.990e-29  -60.27833  -57.45083 1152707867 193.526255    34.6512 0.0000e+00
    533.000     2.0760   3.080760     2.0767   3.081224    4.38445    -0.0686    13.8155 -9.990e-29  -60.27833  -57.45083 1152707868 193.526263    34.6515 0.0000e+00
    534.000     2.0743   3.080691     2.0748   3.081121    4.38421    -0.0654    13.8155 3.1451e+00  -60.27833  -57.45083 1152707869 193.526278    34.6519 0.0000e+00
    535.000     2.0755   3.080837     2.0755   3.081217    4.38838    -0.0630    13.8155 3.4168e+00  -60.27833  -57.45083 1152707872 193.526319    34.6517 0.0000e+00
    536.000     2.0718   3.080607     2.0724   3.081054    4.39064    -0.0506    13.8155 3.5637e+00  -60.27833  -57.45083 1152707874 193.526332    34.6525 0.0000e+00
    537.000     2.0714   3.080628     2.0720   3.081080    4.38813    -0.0590    13.8155 3.1826e+00  -60.27833  -57.45083 1152707874 193.526342    34.6526 0.0000e+00
    538.000     2.0710   3.080642     2.0716   3.081095    4.38771    -0.0795    13.8155 2.7167e+00  -60.27833  -57.45083 1152707875 193.526351    34.6527 0.0000e+00
    539.000     2.0697   3.080606     2.0704   3.081061    4.38756    -0.0504    13.8155 2.2117e+00  -60.27833  -57.45083 1152707876 193.526359    34.6531 0.0000e+00
    540.000     2.0688   3.080608     2.0693   3.081047    4.38632    -0.0557    13.8155 3.7740e+00  -60.27833  -57.45083 1152707877 193.526368    34.6536 0.0000e+00
    541.000     2.0662   3.080507     2.0665   3.080923    4.38718    -0.0659    13.8155 3.4120e+00  -60.27833  -57.45083 1152707878 193.526384    34.6546 0.0000e+00
    542.000     2.0678   3.080639     2.0677   3.081039    4.39159    -0.0553    13.8155 2.3761e+00  -60.27833  -57.45083 1152707880 193.526408    34.6538 0.0000e+00
    543.000     2.0635   3.080438     2.0643   3.080887    4.39356    -0.0795    13.8155 3.6841e+00  -60.27833  -57.45083 1152707881 193.526423    34.6555 0.0000e+00
    544.000     2.0635   3.080485     2.0642   3.080940    4.39430    -0.0540    13.8155 2.7861e+00  -60.27833  -57.45083 1152707882 193.526434    34.6556 0.0000e+00
    545.000     2.0631   3.080511     2.0637   3.080957    4.39547    -0.0654    13.8155 2.9373e+00  -60.27833  -57.45083 1152707883 193.526444    34.6558 0.0000e+00
    546.000     2.0623   3.080512     2.0629   3.080958    4.39498    -0.0614    13.8155 3.3598e+00  -60.27833  -57.45083 1152707885 193.526459    34.6561 0.0000e+00
    547.000     2.0625   3.080575     2.0628   3.081002    4.39484    -0.0626    13.8155 3.5297e+00  -60.27833  -57.45083 1152707887 193.526486    34.6560 0.0000e+00
    548.000     2.0616   3.080588     2.0622   3.081036    4.39560    -0.0604    13.8155 3.7975e+00  -60.27833  -57.45083 1152707888 193.526501    34.6566 0.0000e+00
    549.000     2.0607   3.080615     2.0614   3.081064    4.39612    -0.0799    13.8155 3.1823e+00  -60.27833  -57.45083 1152707889 193.526512    34.6574 0.0000e+00
    550.000     2.0602   3.080665     2.0608   3.081108    4.39668    -0.0604    13.8155 3.3846e+00  -60.27833  -57.45083 1152707890 193.526522    34.6580 0.0000e+00
    551.000     2.0596   3.080693     2.0602   3.081143    4.39708    -0.0661    13.8155 2.6910e+00  -60.27833  -57.45083 1152707891 193.526532    34.6585 0.0000e+00
    552.000     2.0590   3.080712     2.0597   3.081161    4.39753    -0.0613    13.8155 2.0543e+00  -60.27833  -57.45083 1152707892 193.526543    34.6589 0.0000e+00
    553.000     2.0582   3.080711     2.0589   3.081154    4.39807    -0.0655    13.8155 2.8395e+00  -60.27833  -57.45083 1152707893 193.526557    34.6591 0.0000e+00
    554.000     2.0567   3.080664     2.0573   3.081114    4.39841    -0.0763    13.8155 2.8588e+00  -60.27833  -57.45083 1152707894 193.526572    34.6596 0.0000e+00
    555.000     2.0555   3.080632     2.0561   3.081071    4.39903    -0.0776    13.8155 2.7664e+00  -60.27833  -57.45083 1152707896 193.526590    34.6600 0.0000e+00
    556.000     2.0531   3.080509     2.0537   3.080951    4.40035    -0.0492    13.8155 3.2981e+00  -60.27833  -57.45083 1152707898 193.526612    34.6605 0.0000e+00
    557.000     2.0516   3.080468     2.0523   3.080913    4.40105    -0.0626    13.8155 3.1366e+00  -60.27833  -57.45083 1152707899 193.526629    34.6610 0.0000e+00
    558.000     2.0509   3.080466     2.0516   3.080924    4.40116    -0.0710    13.8155 2.4237e+00  -60.27833  -57.45083 1152707900 193.526640    34.6613 0.0000e+00
    559.000     2.0502   3.080482     2.0509   3.080924    4.40075    -0.0542    13.8155 2.3816e+00  -60.27833  -57.45083 1152707901 193.526649    34.6617 0.0000e+00
    560.000     2.0499   3.080504     2.0505   3.080947    4.39972    -0.0646    13.8155 3.4768e+00  -60.27833  -57.45083 1152707902 193.526658    34.6617 0.0000e+00
    561.000     2.0491   3.080501     2.0498   3.080938    4.39976    -0.0641    13.8155 3.1221e+00  -60.27833  -57.45083 1152707903 193.526672    34.6619 0.0000e+00
    562.000     2.0499   3.080610     2.0499   3.081002    4.40287    -0.0657    13.8155 2.2978e+00  -60.27833  -57.45083 1152707905 193.526699    34.6618 0.0000e+00
    563.000     2.0476   3.080485     2.0479   3.080913    4.40293    -0.0837    13.8155 3.4757e+00  -60.27833  -57.45083 1152707907 193.526714    34.6622 0.0000e+00
    564.000     2.0463   3.080439     2.0468   3.080887    4.40343    -0.0618    13.8155 -9.990e-29  -60.27833  -57.45083 1152707908 193.526725    34.6626 0.0000e+00
    565.000     2.0450   3.080403     2.0456   3.080842    4.40515    -0.0677    13.8155 -9.990e-29  -60.27833  -57.45083 1152707908 193.526735    34.6630 0.0000e+00
    566.000     2.0420   3.080257     2.0427   3.080708    4.40527    -0.0541    13.8155 -9.990e-29  -60.27833  -57.45083 1152707909 193.526744    34.6639 0.0000e+00
    567.000     2.0404   3.080210     2.0410   3.080650    4.40566    -0.0827    13.8155 -9.990e-29  -60.27833  -57.45083 1152707910 193.526755    34.6645 0.0000e+00
    568.000     2.0403   3.080239     2.0410   3.080684    4.40395    -0.0719    13.8155 -9.990e-29  -60.27833  -57.45083 1152707911 193.526768    34.6645 0.0000e+00
    569.000     2.0406   3.080303     2.0411   3.080743    4.40368    -0.0609    13.8155 -9.990e-29  -60.27833  -57.45083 1152707913 193.526785    34.6644 0.0000e+00
    570.000     2.0406   3.080361     2.0413   3.080805    4.40906    -0.0678    13.8155 3.5147e+00  -60.27833  -57.45083 1152707915 193.526817    34.6644 0.0000e+00
    571.000     2.0396   3.080340     2.0403   3.080788    4.41523    -0.0767    13.8155 3.4249e+00  -60.27833  -57.45083 1152707917 193.526840    34.6647 0.0000e+00
    572.000     2.0392   3.080372     2.0399   3.080805    4.41411    -0.0488    13.8155 1.9110e+00  -60.27833  -57.45083 1152707918 193.526851    34.6649 0.0000e+00
    573.000     2.0389   3.080401     2.0394   3.080855    4.41402    -0.0660    13.8155 1.6162e+00  -60.27833  -57.45083 1152707919 193.526860    34.6651 0.0000e+00
    574.000     2.0387   3.080453     2.0392   3.080902    4.41290    -0.0756    13.8155 1.5663e+00  -60.27833  -57.45083 1152707920 193.526868    34.6653 0.0000e+00
    575.000     2.0388   3.080500     2.0391   3.080947    4.41088    -0.0682    13.8155 2.0013e+00  -60.27833  -57.45083 1152707920 193.526875    34.6654 0.0000e+00
    576.000     2.0388   3.080550     2.0391   3.080985    4.40837    -0.0601    13.8155 3.1814e+00  -60.27833  -57.45083 1152707921 193.526882    34.6653 0.0000e+00
    577.000     2.0386   3.080578     2.0390   3.081022    4.40698    -0.0753    13.8155 3.8743e+00  -60.27833  -57.45083 1152707922 193.526889    34.6653 0.0000e+00
    578.000     2.0376   3.080565     2.0381   3.081009    4.40643    -0.0723    13.8155 3.8959e+00  -60.27833  -57.45083 1152707922 193.526897    34.6658 0.0000e+00
    579.000     2.0377   3.080615     2.0380   3.081042    4.41020    -0.0783    13.8155 3.3549e+00  -60.27833  -57.45083 1152707926 193.526943    34.6657 0.0000e+00
    580.000     2.0377   3.080662     2.0378   3.081079    4.41385    -0.0642    13.8155 1.9215e+00  -60.27833  -57.45083 1152707929 193.526972    34.6658 0.0000e+00
    581.000     2.0365   3.080644     2.0368   3.081054    4.41303    -0.0668    13.8155 2.4428e+00  -60.27833  -57.45083 1152707930 193.526980    34.6663 0.0000e+00
    582.000     2.0351   3.080602     2.0356   3.081054    4.41333    -0.0636    13.8155 3.1467e+00  -60.27833  -57.45083 1152707930 193.526987    34.6667 0.0000e+00
    583.000     2.0342   3.080589     2.0345   3.081040    4.41386    -0.0602    13.8155 3.7856e+00  -60.27833  -57.45083 1152707931 193.526994    34.6670 0.0000e+00
    584.000     2.0335   3.080592     2.0338   3.081045    4.41320    -0.0737    13.8155 3.5899e+00  -60.27833  -57.45083 1152707931 193.527002    34.6673 0.0000e+00
    585.000     2.0326   3.080597     2.0333   3.081045    4.41225    -0.0632    13.8155 -9.990e-29  -60.27833  -57.45083 1152707932 193.527013    34.6678 0.0000e+00
    586.000     2.0316   3.080588     2.0322   3.081037    4.41370    -0.0641    13.8155 -9.990e-29  -60.27833  -57.45083 1152707934 193.527028    34.6682 0.0000e+00
    587.000     2.0310   3.080600     2.0317   3.081058    4.41470    -0.0675    13.8155 -9.990e-29  -60.27833  -57.45083 1152707935 193.527040    34.6685 0.0000e+00
    588.000     2.0307   3.080634     2.0312   3.081076    4.41562    -0.0723    13.8155 3.1029e+00  -60.27833  -57.45083 1152707938 193.527073    34.6687 0.0000e+00
    589.000     2.0303   3.080674     2.0309   3.081116    4.41795    -0.0664    13.8155 2.5540e+00  -60.27833  -57.45083 1152707940 193.527104    34.6690 0.0000e+00
    590.000     2.0299   3.080712     2.0305   3.081151    4.41928    -0.0613    13.8155 1.7379e+00  -60.27833  -57.45083 1152707941 193.527115    34.6694 0.0000e+00
