product_data/regression_test/downloaded_data/MDGS/320620060703/ctd/adapted/heads_insert_p6622101.cnv
* Sea-Bird SBE 9 Data File:
* FileName = D:\Data\Raw\p6622101.dat
* Software Version Seasave Win32 V 5.32
* Temperature SN = 1649
* Conductivity SN = 1431
* Number of Bytes Per Scan = 37
* Number of Voltage Words = 5
* Number of Scans Averaged by the Deck Unit = 1
* NMEA Latitude = 62 37.28 S
* NMEA Longitude = 057 52.53 W
* NMEA UTC (Time) = 09:18:39
** Ship:   Nathaniel B. Palmer 
** Cruise:    NBP0606 
# nquan = 15
# nvalues = 1201                        
# units = specified
# name 0 = prDM: Pressure, Digiquartz [db]
# name 1 = t090C: Temperature [ITS-90, deg C]
# name 2 = c0S/m: Conductivity [S/m]
# name 3 = t190C: Temperature, 2 [ITS-90, deg C]
# name 4 = c1S/m: Conductivity, 2 [S/m]
# name 5 = sbeox0ML/L: Oxygen, SBE 43 [ml/l]
# name 6 = flECO-AFL: Fluorescence, Wetlab ECO-AFL/FL [mg/m^3]
# name 7 = bat: Beam Attenuation, Chelsea/Seatech/Wetlab CStar [1/m]
# name 8 = spar: SPAR/Surface Irradiance
# name 9 = latitude: Latitude [deg]
# name 10 = longitude: Longitude [deg]
# name 11 = timeY: Time, System [seconds]
# name 12 = timeJ: Julian Days
# name 13 = sal00: Salinity [PSU]
# name 14 = flag: flag
# span 0 =      9.000,   1209.000       
# span 1 =    -1.8255,    -0.4483       
# span 2 =   2.698509,   2.845137       
# span 3 =    -1.8269,    -0.4471       
# span 4 =   2.699189,   2.845348       
# span 5 =    6.37681,    7.77985       
# span 6 =    -0.1362,     0.0739       
# span 7 =    13.8155,    13.8155       
# span 8 = 0.0000e+00, 0.0000e+00       
# span 9 =  -62.62133,  -62.62133       
# span 10 =  -57.87550,  -57.87550      
# span 11 = 1154596792, 1154598519      
# span 12 = 215.388804, 215.408796      
# span 13 =    34.2989,    34.5387      
# span 14 = 0.0000e+00, 0.0000e+00      
# interval = decibars: 1                
# start_time = Aug 03 2006 09:19:19
# bad_flag = -9.990e-29
*END*
[from data line 772]
    780.000    -0.7062   2.844251    -0.7065   2.844428    6.47627    -0.1202    13.8155 0.0000e+00  -62.62133  -57.87550 1154597889 215.401506    34.5381 0.0000e+00
    781.000    -0.7055   2.844364    -0.7057   2.844534    6.47760    -0.0796    13.8155 0.0000e+00  -62.62133  -57.87550 1154597890 215.401521    34.5382 0.0000e+00
    782.000    -0.7062   2.844333    -0.7057   2.844588    6.47634    -0.0931    13.8155 0.0000e+00  -62.62133  -57.87550 1154597891 215.401535    34.5380 0.0000e+00
    783.000    -0.7078   2.844246    -0.7083   2.844399    6.47688    -0.0624    13.8155 0.0000e+00  -62.62133  -57.87550 1154597893 215.401550    34.5382 0.0000e+00
    784.000    -0.7080   2.844245    -0.7085   2.844421    6.47738    -0.0811    13.8155 0.0000e+00  -62.62133  -57.87550 1154597894 215.401564    34.5377 0.0000e+00
    785.000    -0.7098   2.844152    -0.7097   2.844356    6.47797    -0.0816    13.8155 0.0000e+00  -62.62133  -57.87550 1154597895 215.401577    34.5381 0.0000e+00
    786.000    -0.7080   2.844346    -0.7077   2.844580    6.47790    -0.0887    13.8155 0.0000e+00  -62.62133  -57.87550 1154597896 215.401591    34.5381 0.0000e+00
    787.000    -0.7072   2.844459    -0.7075   2.844644    6.47696    -0.0836    13.8155 0.0000e+00  -62.62133  -57.87550 1154597897 215.401604    34.5380 0.0000e+00
    788.000    -0.7070   2.844524    -0.7073   2.844707    6.47750    -0.1152    13.8155 0.0000e+00  -62.62133  -57.87550 1154597899 215.401618    34.5382 0.0000e+00
    789.000    -0.7133   2.843997    -0.7126   2.844289    6.48029    -0.0975    13.8155 0.0000e+00  -62.62133  -57.87550 1154597900 215.401633    34.5379 0.0000e+00
    790.000    -0.7174   2.843664    -0.7180   2.843847    6.47999    -0.0849    13.8155 0.0000e+00  -62.62133  -57.87550 1154597901 215.401648    34.5374 0.0000e+00
    791.000    -0.7172   2.843734    -0.7170   2.843958    6.47920    -0.0904    13.8155 0.0000e+00  -62.62133  -57.87550 1154597902 215.401662    34.5377 0.0000e+00
    792.000    -0.7178   2.843720    -0.7172   2.843993    6.48065    -0.1128    13.8155 0.0000e+00  -62.62133  -57.87550 1154597904 215.401676    34.5375 0.0000e+00
    793.000    -0.7202   2.843561    -0.7193   2.843851    6.48183    -0.0979    13.8155 0.0000e+00  -62.62133  -57.87550 1154597905 215.401690    34.5375 0.0000e+00
    794.000    -0.7189   2.843722    -0.7185   2.843959    6.48278    -0.0744    13.8155 0.0000e+00  -62.62133  -57.87550 1154597906 215.401704    34.5375 0.0000e+00
    795.000    -0.7188   2.843767    -0.7185   2.844004    6.48618    -0.0936    13.8155 0.0000e+00  -62.62133  -57.87550 1154597907 215.401718    34.5374 0.0000e+00
    796.000    -0.7193   2.843768    -0.7193   2.843987    6.48667    -0.0818    13.8155 0.0000e+00  -62.62133  -57.87550 1154597908 215.401732    34.5374 0.0000e+00
    797.000    -0.7198   2.843763    -0.7199   2.843970    6.48285    -0.0840    13.8155 0.0000e+00  -62.62133  -57.87550 1154597910 215.401746    34.5373 0.0000e+00
    798.000    -0.7205   2.843760    -0.7203   2.843975    6.48425    -0.0796    13.8155 0.0000e+00  -62.62133  -57.87550 1154597911 215.401760    34.5375 0.0000e+00
    799.000    -0.7195   2.843898    -0.7183   2.844206    6.48402    -0.0817    13.8155 0.0000e+00  -62.62133  -57.87550 1154597912 215.401773    34.5375 0.0000e+00
    800.000    -0.7165   2.844251    -0.7159   2.844496    6.48559    -0.0689    13.8155 0.0000e+00  -62.62133  -57.87550 1154597913 215.401787    34.5380 0.0000e+00
    801.000    -0.7143   2.844473    -0.7153   2.844590    6.48576    -0.0883    13.8155 0.0000e+00  -62.62133  -57.87550 1154597914 215.401802    34.5380 0.0000e+00
    802.000    -0.7147   2.844494    -0.7146   2.844680    6.48378    -0.0830    13.8155 0.0000e+00  -62.62133  -57.87550 1154597916 215.401817    34.5382 0.0000e+00
    803.000    -0.7132   2.844674    -0.7126   2.844920    6.48534    -0.0999    13.8155 0.0000e+00  -62.62133  -57.87550 1154597917 215.401831    34.5382 0.0000e+00
    804.000    -0.7140   2.844632    -0.7144   2.844818    6.48276    -0.1010    13.8155 0.0000e+00  -62.62133  -57.87550 1154597918 215.401845    34.5380 0.0000e+00
    805.000    -0.7168   2.844450    -0.7152   2.844787    6.48241    -0.0967    13.8155 0.0000e+00  -62.62133  -57.87550 1154597919 215.401858    34.5380 0.0000e+00
    806.000    -0.7196   2.844209    -0.7190   2.844506    6.48591    -0.0968    13.8155 0.0000e+00  -62.62133  -57.87550 1154597921 215.401872    34.5375 0.0000e+00
    807.000    -0.7317   2.843158    -0.7319   2.843385    6.48854    -0.0925    13.8155 0.0000e+00  -62.62133  -57.87550 1154597922 215.401886    34.5370 0.0000e+00
    808.000    -0.7327   2.843140    -0.7326   2.843358    6.48852    -0.0720    13.8155 0.0000e+00  -62.62133  -57.87550 1154597923 215.401900    34.5374 0.0000e+00
    809.000    -0.7329   2.843162    -0.7330   2.843378    6.49043    -0.0982    13.8155 0.0000e+00  -62.62133  -57.87550 1154597924 215.401915    34.5373 0.0000e+00
    810.000    -0.7347   2.843034    -0.7350   2.843249    6.49357    -0.0918    13.8155 0.0000e+00  -62.62133  -57.87550 1154597925 215.401929    34.5369 0.0000e+00
    811.000    -0.7379   2.842801    -0.7380   2.843019    6.49794    -0.0941    13.8155 0.0000e+00  -62.62133  -57.87550 1154597927 215.401943    34.5370 0.0000e+00
    812.000    -0.7385   2.842797    -0.7382   2.843044    6.50135    -0.0874    13.8155 0.0000e+00  -62.62133  -57.87550 1154597928 215.401957    34.5369 0.0000e+00
    813.000    -0.7388   2.842818    -0.7391   2.843013    6.50323    -0.0906    13.8155 0.0000e+00  -62.62133  -57.87550 1154597929 215.401971    34.5369 0.0000e+00
    814.000    -0.7384   2.842899    -0.7420   2.842821    6.50388    -0.0764    13.8155 0.0000e+00  -62.62133  -57.87550 1154597930 215.401985    34.5368 0.0000e+00
    815.000    -0.7458   2.842266    -0.7486   2.842261    6.50495    -0.0763    13.8155 0.0000e+00  -62.62133  -57.87550 1154597931 215.401998    34.5363 0.0000e+00
    816.000    -0.7502   2.841932    -0.7502   2.842158    6.50691    -0.0869    13.8155 0.0000e+00  -62.62133  -57.87550 1154597933 215.402012    34.5364 0.0000e+00
    817.000    -0.7486   2.842134    -0.7497   2.842245    6.50876    -0.0876    13.8155 0.0000e+00  -62.62133  -57.87550 1154597934 215.402025    34.5365 0.0000e+00
    818.000    -0.7485   2.842172    -0.7493   2.842320    6.51113    -0.1061    13.8155 0.0000e+00  -62.62133  -57.87550 1154597935 215.402038    34.5362 0.0000e+00
    819.000    -0.7486   2.842209    -0.7487   2.842417    6.51468    -0.0854    13.8155 0.0000e+00  -62.62133  -57.87550 1154597936 215.402053    34.5362 0.0000e+00
    820.000    -0.7481   2.842295    -0.7483   2.842499    6.51515    -0.0727    13.8155 0.0000e+00  -62.62133  -57.87550 1154597938 215.402067    34.5361 0.0000e+00
    821.000    -0.7479   2.842361    -0.7482   2.842543    6.51502    -0.1073    13.8155 0.0000e+00  -62.62133  -57.87550 1154597939 215.402082    34.5362 0.0000e+00
    822.000    -0.7547   2.841772    -0.7546   2.842043    6.51496    -0.0989    13.8155 0.0000e+00  -62.62133  -57.87550 1154597940 215.402096    34.5355 0.0000e+00
    823.000    -0.7634   2.841062    -0.7634   2.841301    6.51841    -0.0812    13.8155 0.0000e+00  -62.62133  -57.87550 1154597941 215.402110    34.5355 0.0000e+00
    824.000    -0.7637   2.841079    -0.7638   2.841301    6.52303    -0.0971    13.8155 0.0000e+00  -62.62133  -57.87550 1154597942 215.402124    34.5354 0.0000e+00
    825.000    -0.7670   2.840837    -0.7671   2.841064    6.52778    -0.1139    13.8155 0.0000e+00  -62.62133  -57.87550 1154597943 215.402138    34.5353 0.0000e+00
    826.000    -0.7680   2.840788    -0.7681   2.841014    6.52871    -0.0929    13.8155 0.0000e+00  -62.62133  -57.87550 1154597945 215.402152    34.5352 0.0000e+00
    827.000    -0.7678   2.840848    -0.7676   2.841090    6.52833    -0.0991    13.8155 0.0000e+00  -62.62133  -57.87550 1154597946 215.402165    34.5351 0.0000e+00
    828.000    -0.7682   2.840863    -0.7685   2.841070    6.52898    -0.0934    13.8155 0.0000e+00  -62.62133  -57.87550 1154597947 215.402179    34.5351 0.0000e+00
    829.000    -0.7694   2.840807    -0.7695   2.841018    6.52791    -0.1059    13.8155 0.0000e+00  -62.62133  -57.87550 1154597948 215.402192    34.5351 0.0000e+00
    830.000    -0.7696   2.840839    -0.7696   2.841053    6.52694    -0.1130    13.8155 0.0000e+00  -62.62133  -57.87550 1154597949 215.402206    34.5352 0.0000e+00
    831.000    -0.7692   2.840911    -0.7695   2.841105    6.52881    -0.0877    13.8155 0.0000e+00  -62.62133  -57.87550 1154597951 215.402219    34.5350 0.0000e+00
    832.000    -0.7698   2.840911    -0.7697   2.841129    6.53277    -0.0713    13.8155 0.0000e+00  -62.62133  -57.87550 1154597952 215.402234    34.5350 0.0000e+00
    833.000    -0.7699   2.840951    -0.7699   2.841169    6.53233    -0.0928    13.8155 0.0000e+00  -62.62133  -57.87550 1154597953 215.402248    34.5351 0.0000e+00
    834.000    -0.7696   2.841013    -0.7698   2.841213    6.53176    -0.1175    13.8155 0.0000e+00  -62.62133  -57.87550 1154597954 215.402263    34.5350 0.0000e+00
    835.000    -0.7708   2.840947    -0.7708   2.841167    6.53021    -0.0934    13.8155 0.0000e+00  -62.62133  -57.87550 1154597956 215.402277    34.5349 0.0000e+00
    836.000    -0.7720   2.840893    -0.7720   2.841110    6.53062    -0.0605    13.8155 0.0000e+00  -62.62133  -57.87550 1154597957 215.402291    34.5350 0.0000e+00
    837.000    -0.7713   2.840993    -0.7714   2.841218    6.53310    -0.0966    13.8155 0.0000e+00  -62.62133  -57.87550 1154597958 215.402305    34.5349 0.0000e+00
    838.000    -0.7722   2.840950    -0.7725   2.841155    6.53456    -0.0766    13.8155 0.0000e+00  -62.62133  -57.87550 1154597959 215.402318    34.5348 0.0000e+00
    839.000    -0.7725   2.840981    -0.7725   2.841205    6.53607    -0.0763    13.8155 0.0000e+00  -62.62133  -57.87550 1154597960 215.402332    34.5349 0.0000e+00
    840.000    -0.7723   2.841041    -0.7724   2.841258    6.53529    -0.0878    13.8155 0.0000e+00  -62.62133  -57.87550 1154597961 215.402345    34.5348 0.0000e+00
    841.000    -0.7719   2.841138    -0.7720   2.841343    6.53324    -0.0798    13.8155 0.0000e+00  -62.62133  -57.87550 1154597963 215.402359    34.5350 0.0000e+00
    842.000    -0.7713   2.841235    -0.7721   2.841381    6.53293    -0.0712    13.8155 0.0000e+00  -62.62133  -57.87550 1154597964 215.402373    34.5351 0.0000e+00
    843.000    -0.7720   2.841214    -0.7722   2.841405    6.53376    -0.0797    13.8155 0.0000e+00  -62.62133  -57.87550 1154597965 215.402386    34.5350 0.0000e+00
    844.000    -0.7722   2.841239    -0.7724   2.841437    6.53477    -0.0845    13.8155 0.0000e+00  -62.62133  -57.87550 1154597966 215.402400    34.5349 0.0000e+00
    845.000    -0.7722   2.841276    -0.7723   2.841479    6.53592    -0.0745    13.8155 0.0000e+00  -62.62133  -57.87550 1154597967 215.402414    34.5349 0.0000e+00
    846.000    -0.7720   2.841334    -0.7722   2.841544    6.53684    -0.0934    13.8155 0.0000e+00  -62.62133  -57.87550 1154597969 215.402429    34.5349 0.0000e+00
    847.000    -0.7720   2.841388    -0.7722   2.841592    6.53775    -0.1038    13.8155 0.0000e+00  -62.62133  -57.87550 1154597970 215.402443    34.5350 0.0000e+00
    848.000    -0.7732   2.841332    -0.7733   2.841543    6.53901    -0.0921    13.8155 0.0000e+00  -62.62133  -57.87550 1154597971 215.402457    34.5350 0.0000e+00
    849.000    -0.7744   2.841271    -0.7745   2.841485    6.54001    -0.0995    13.8155 0.0000e+00  -62.62133  -57.87550 1154597972 215.402471    34.5350 0.0000e+00
    850.000    -0.7741   2.841353    -0.7741   2.841561    6.54018    -0.1034    13.8155 0.0000e+00  -62.62133  -57.87550 1154597974 215.402485    34.5351 0.0000e+00
    851.000    -0.7752   2.841297    -0.7753   2.841505    6.53951    -0.0843    13.8155 0.0000e+00  -62.62133  -57.87550 1154597975 215.402499    34.5351 0.0000e+00
    852.000    -0.7768   2.841216    -0.7770   2.841421    6.54117    -0.0963    13.8155 0.0000e+00  -62.62133  -57.87550 1154597976 215.402512    34.5353 0.0000e+00
    853.000    -0.7783   2.841142    -0.7787   2.841330    6.54090    -0.0828    13.8155 0.0000e+00  -62.62133  -57.87550 1154597977 215.402526    34.5354 0.0000e+00
    854.000    -0.7797   2.841075    -0.7797   2.841283    6.54194    -0.1072    13.8155 0.0000e+00  -62.62133  -57.87550 1154597978 215.402541    34.5355 0.0000e+00
    855.000    -0.7802   2.841060    -0.7800   2.841304    6.54198    -0.1166    13.8155 0.0000e+00  -62.62133  -57.87550 1154597980 215.402555    34.5353 0.0000e+00
    856.000    -0.7811   2.841028    -0.7812   2.841241    6.53986    -0.1021    13.8155 0.0000e+00  -62.62133  -57.87550 1154597981 215.402569    34.5353 0.0000e+00
    857.000    -0.7811   2.841077    -0.7812   2.841288    6.53918    -0.1041    13.8155 0.0000e+00  -62.62133  -57.87550 1154597982 215.402583    34.5354 0.0000e+00
    858.000    -0.7811   2.841130    -0.7812   2.841345    6.53767    -0.1060    13.8155 0.0000e+00  -62.62133  -57.87550 1154597983 215.402598    34.5354 0.0000e+00
    859.000    -0.7819   2.841115    -0.7823   2.841297    6.53563    -0.0873    13.8155 0.0000e+00  -62.62133  -57.87550 1154597985 215.402613    34.5355 0.0000e+00
    860.000    -0.7845   2.840946    -0.7848   2.841153    6.53583    -0.0814    13.8155 0.0000e+00  -62.62133  -57.87550 1154597986 215.402628    34.5357 0.0000e+00
    861.000    -0.7870   2.840783    -0.7871   2.841000    6.53713    -0.0759    13.8155 0.0000e+00  -62.62133  -57.87550 1154597987 215.402642    34.5359 0.0000e+00
    862.000    -0.7875   2.840786    -0.7877   2.840999    6.53781    -0.0742    13.8155 0.0000e+00  -62.62133  -57.87550 1154597988 215.402657    34.5358 0.0000e+00
    863.000    -0.7878   2.840806    -0.7881   2.841003    6.53866    -0.0923    13.8155 0.0000e+00  -62.62133  -57.87550 1154597990 215.402671    34.5359 0.0000e+00
    864.000    -0.7875   2.840874    -0.7877   2.841072    6.53909    -0.1115    13.8155 0.0000e+00  -62.62133  -57.87550 1154597991 215.402685    34.5358 0.0000e+00
    865.000    -0.7877   2.840901    -0.7879   2.841109    6.53911    -0.0783    13.8155 0.0000e+00  -62.62133  -57.87550 1154597992 215.402699    34.5357 0.0000e+00
    866.000    -0.7884   2.840886    -0.7887   2.841083    6.53899    -0.0860    13.8155 0.0000e+00  -62.62133  -57.87550 1154597993 215.402714    34.5358 0.0000e+00
    867.000    -0.7882   2.840944    -0.7881   2.841174    6.53782    -0.0897    13.8155 0.0000e+00  -62.62133  -57.87550 1154597995 215.402728    34.5357 0.0000e+00
    868.000    -0.7878   2.841026    -0.7878   2.841243    6.53841    -0.0795    13.8155 0.0000e+00  -62.62133  -57.87550 1154597996 215.402742    34.5358 0.0000e+00
    869.000    -0.7881   2.841048    -0.7881   2.841266    6.53899    -0.0964    13.8155 0.0000e+00  -62.62133  -57.87550 1154597997 215.402756    34.5358 0.0000e+00
    870.000    -0.7896   2.840961    -0.7896   2.841185    6.54218    -0.1112    13.8155 0.0000e+00  -62.62133  -57.87550 1154597998 215.402771    34.5357 0.0000e+00
    871.000    -0.7904   2.840945    -0.7905   2.841153    6.54518    -0.0784    13.8155 0.0000e+00  -62.62133  -57.87550 1154597999 215.402785    34.5359 0.0000e+00
    872.000    -0.7899   2.841043    -0.7901   2.841237    6.54665    -0.0919    13.8155 0.0000e+00  -62.62133  -57.87550 1154598001 215.402800    34.5359 0.0000e+00
    873.000    -0.7895   2.841112    -0.7895   2.841324    6.54686    -0.0767    13.8155 0.0000e+00  -62.62133  -57.87550 1154598002 215.402815    34.5358 0.0000e+00
    874.000    -0.7894   2.841157    -0.7885   2.841467    6.54494    -0.0796    13.8155 0.0000e+00  -62.62133  -57.87550 1154598003 215.402830    34.5358 0.0000e+00
