product_data/regression_test/downloaded_data/MDGS/320620060703/ctd/adapted/heads_insert_p6618904.cnv
* Sea-Bird SBE 9 Data File:
* FileName = D:\Data\Raw\p6618904.dat
* Software Version Seasave Win32 V 5.32
* Temperature SN = 1649
* Conductivity SN = 1431
* Number of Bytes Per Scan = 37
* Number of Voltage Words = 5
* Number of Scans Averaged by the Deck Unit = 1
* NMEA Latitude = 60 48.00 S
* NMEA Longitude = 054 37.53 W
* NMEA UTC (Time) = 10:33:37
** Ship:   Nathaniel B. Palmer 
** Cruise:    NBP0606 
# nquan = 15
# nvalues = 998                         
# units = specified
# name 0 = prDM: Pressure, Digiquartz [db]
# name 1 = t090C: Temperature [ITS-90, deg C]
# name 2 = c0S/m: Conductivity [S/m]
# name 3 = t190C: Temperature, 2 [ITS-90, deg C]
# name 4 = c1S/m: Conductivity, 2 [S/m]
# name 5 = sbeox0ML/L: Oxygen, SBE 43 [ml/l]
# name 6 = flECO-AFL: Fluorescence, Wetlab ECO-AFL/FL [mg/m^3]
# name 7 = bat: Beam Attenuation, Chelsea/Seatech/Wetlab CStar [1/m]
# name 8 = spar: SPAR/Surface Irradiance
# name 9 = latitude: Latitude [deg]
# name 10 = longitude: Longitude [deg]
# name 11 = timeY: Time, System [seconds]
# name 12 = timeJ: Julian Days
# name 13 = sal00: Salinity [PSU]
# name 14 = flag: flag
# span 0 =      4.000,   1001.000       
# span 1 =    -0.9725,     0.4788       
# span 2 =   2.771560,   2.963651       
# span 3 =    -0.9719,     0.4788       
# span 4 =   2.772099,   2.963949       
# span 5 =    5.39379,    7.57191       
# span 6 =    -0.1103,     0.9112       
# span 7 =    13.8155,    13.8155       
# span 8 = 0.0000e+00, 0.0000e+00       
# span 9 =  -60.80000,  -60.80000       
# span 10 =  -54.62550,  -54.62550      
# span 11 = 1153650788, 1153652279      
# span 12 = 204.439662, 204.456950      
# span 13 =    34.2031,    34.6596      
# span 14 = 0.0000e+00, 0.0000e+00      
# interval = decibars: 1                
# start_time = Jul 23 2006 10:33:44
# bad_flag = -9.990e-29
*END*
[from data line 97]
    100.000    -0.9220   2.778126    -0.9210   2.778584    7.42311     0.9112    13.8155 0.0000e+00  -60.80000  -54.62550 1153651112 204.443446    34.3021 0.0000e+00
    101.000    -0.9219   2.778195    -0.9209   2.778649    7.41273     0.7739    13.8155 0.0000e+00  -60.80000  -54.62550 1153651116 204.443484    34.3025 0.0000e+00
    102.000    -0.9210   2.778356    -0.9198   2.778824    7.41082     0.7434    13.8155 0.0000e+00  -60.80000  -54.62550 1153651117 204.443502    34.3029 0.0000e+00
    103.000    -0.9215   2.778406    -0.9205   2.778870    7.40454     0.6888    13.8155 0.0000e+00  -60.80000  -54.62550 1153651119 204.443525    34.3036 0.0000e+00
    104.000    -0.9216   2.778547    -0.9207   2.779003    7.39645     0.6511    13.8155 0.0000e+00  -60.80000  -54.62550 1153651121 204.443545    34.3051 0.0000e+00
    105.000    -0.9211   2.778671    -0.9200   2.779129    7.39139     0.6959    13.8155 0.0000e+00  -60.80000  -54.62550 1153651122 204.443560    34.3056 0.0000e+00
    106.000    -0.9214   2.778735    -0.9204   2.779188    7.38663     0.7255    13.8155 0.0000e+00  -60.80000  -54.62550 1153651124 204.443575    34.3061 0.0000e+00
    107.000    -0.9216   2.778790    -0.9205   2.779244    7.38185     0.7022    13.8155 0.0000e+00  -60.80000  -54.62550 1153651125 204.443591    34.3065 0.0000e+00
    108.000    -0.9219   2.778854    -0.9210   2.779307    7.37235     0.7481    13.8155 0.0000e+00  -60.80000  -54.62550 1153651126 204.443606    34.3071 0.0000e+00
    109.000    -0.9221   2.778933    -0.9211   2.779382    7.36245     0.6940    13.8155 0.0000e+00  -60.80000  -54.62550 1153651128 204.443622    34.3078 0.0000e+00
    110.000    -0.9208   2.779121    -0.9198   2.779566    7.35632     0.7590    13.8155 0.0000e+00  -60.80000  -54.62550 1153651130 204.443644    34.3082 0.0000e+00
    111.000    -0.9204   2.779234    -0.9192   2.779688    7.35555     0.8020    13.8155 0.0000e+00  -60.80000  -54.62550 1153651132 204.443669    34.3086 0.0000e+00
    112.000    -0.9201   2.779314    -0.9190   2.779771    7.35577     0.7109    13.8155 0.0000e+00  -60.80000  -54.62550 1153651133 204.443683    34.3088 0.0000e+00
    113.000    -0.9191   2.779469    -0.9180   2.779914    7.35521     0.6999    13.8155 0.0000e+00  -60.80000  -54.62550 1153651134 204.443694    34.3092 0.0000e+00
    114.000    -0.9181   2.779636    -0.9171   2.780085    7.35062     0.6781    13.8155 0.0000e+00  -60.80000  -54.62550 1153651135 204.443703    34.3096 0.0000e+00
    115.000    -0.9170   2.779790    -0.9161   2.780244    7.34632     0.7033    13.8155 0.0000e+00  -60.80000  -54.62550 1153651135 204.443713    34.3098 0.0000e+00
    116.000    -0.9137   2.780227    -0.9124   2.780671    7.34146     0.6074    13.8155 0.0000e+00  -60.80000  -54.62550 1153651137 204.443725    34.3113 0.0000e+00
    117.000    -0.9116   2.780487    -0.9105   2.780931    7.33272     0.4985    13.8155 0.0000e+00  -60.80000  -54.62550 1153651138 204.443745    34.3117 0.0000e+00
    118.000    -0.9105   2.780653    -0.9092   2.781105    7.32763     0.4646    13.8155 0.0000e+00  -60.80000  -54.62550 1153651140 204.443766    34.3121 0.0000e+00
    119.000    -0.9048   2.781324    -0.9034   2.781769    7.32061     0.4372    13.8155 0.0000e+00  -60.80000  -54.62550 1153651142 204.443785    34.3141 0.0000e+00
    120.000    -0.9002   2.781835    -0.8989   2.782288    7.31427     0.4392    13.8155 0.0000e+00  -60.80000  -54.62550 1153651143 204.443800    34.3150 0.0000e+00
    121.000    -0.8983   2.782082    -0.8971   2.782521    7.30750     0.4505    13.8155 0.0000e+00  -60.80000  -54.62550 1153651144 204.443812    34.3157 0.0000e+00
    122.000    -0.8963   2.782333    -0.8953   2.782767    7.30109     0.3978    13.8155 0.0000e+00  -60.80000  -54.62550 1153651145 204.443823    34.3161 0.0000e+00
    123.000    -0.8941   2.782629    -0.8926   2.783086    7.29446     0.3617    13.8155 0.0000e+00  -60.80000  -54.62550 1153651146 204.443835    34.3171 0.0000e+00
    124.000    -0.8919   2.782901    -0.8909   2.783340    7.28732     0.3132    13.8155 0.0000e+00  -60.80000  -54.62550 1153651147 204.443849    34.3176 0.0000e+00
    125.000    -0.8893   2.783249    -0.8882   2.783665    7.28042     0.2986    13.8155 0.0000e+00  -60.80000  -54.62550 1153651148 204.443862    34.3187 0.0000e+00
    126.000    -0.8872   2.783520    -0.8860   2.783949    7.26876     0.2823    13.8155 0.0000e+00  -60.80000  -54.62550 1153651149 204.443874    34.3194 0.0000e+00
    127.000    -0.8835   2.783960    -0.8824   2.784377    7.26100     0.2442    13.8155 0.0000e+00  -60.80000  -54.62550 1153651150 204.443886    34.3205 0.0000e+00
    128.000    -0.8742   2.785016    -0.8726   2.785459    7.25005     0.2091    13.8155 0.0000e+00  -60.80000  -54.62550 1153651152 204.443901    34.3235 0.0000e+00
    129.000    -0.8649   2.786059    -0.8631   2.786541    7.23219     0.1983    13.8155 0.0000e+00  -60.80000  -54.62550 1153651154 204.443924    34.3262 0.0000e+00
    130.000    -0.8587   2.786793    -0.8574   2.787202    7.22228     0.1840    13.8155 0.0000e+00  -60.80000  -54.62550 1153651156 204.443945    34.3286 0.0000e+00
    131.000    -0.8558   2.787126    -0.8546   2.787564    7.21676     0.1823    13.8155 0.0000e+00  -60.80000  -54.62550 1153651157 204.443957    34.3292 0.0000e+00
    132.000    -0.8554   2.787221    -0.8543   2.787636    7.21248     0.1798    13.8155 0.0000e+00  -60.80000  -54.62550 1153651158 204.443968    34.3295 0.0000e+00
    133.000    -0.8547   2.787345    -0.8536   2.787768    7.20897     0.1702    13.8155 0.0000e+00  -60.80000  -54.62550 1153651158 204.443979    34.3298 0.0000e+00
    134.000    -0.8530   2.787567    -0.8519   2.787991    7.20235     0.1621    13.8155 0.0000e+00  -60.80000  -54.62550 1153651159 204.443990    34.3302 0.0000e+00
    135.000    -0.8513   2.787791    -0.8501   2.788212    7.19619     0.1809    13.8155 0.0000e+00  -60.80000  -54.62550 1153651161 204.444003    34.3308 0.0000e+00
    136.000    -0.8494   2.788041    -0.8480   2.788484    7.18950     0.2257    13.8155 0.0000e+00  -60.80000  -54.62550 1153651162 204.444016    34.3315 0.0000e+00
    137.000    -0.8456   2.788507    -0.8445   2.788918    7.17538     0.2599    13.8155 0.0000e+00  -60.80000  -54.62550 1153651163 204.444031    34.3328 0.0000e+00
    138.000    -0.8380   2.789447    -0.8351   2.789984    7.16096     0.2573    13.8155 0.0000e+00  -60.80000  -54.62550 1153651164 204.444047    34.3363 0.0000e+00
    139.000    -0.8282   2.790551    -0.8269   2.790976    7.14731     0.2983    13.8155 0.0000e+00  -60.80000  -54.62550 1153651166 204.444063    34.3392 0.0000e+00
    140.000    -0.8205   2.791370    -0.8197   2.791721    7.13410     0.2944    13.8155 0.0000e+00  -60.80000  -54.62550 1153651167 204.444080    34.3408 0.0000e+00
    141.000    -0.8193   2.791525    -0.8179   2.791968    7.12426     0.2816    13.8155 0.0000e+00  -60.80000  -54.62550 1153651169 204.444098    34.3410 0.0000e+00
    142.000    -0.8192   2.791573    -0.8181   2.791982    7.12451     0.2816    13.8155 0.0000e+00  -60.80000  -54.62550 1153651170 204.444114    34.3411 0.0000e+00
    143.000    -0.8200   2.791539    -0.8189   2.791959    7.12505     0.2887    13.8155 0.0000e+00  -60.80000  -54.62550 1153651171 204.444126    34.3410 0.0000e+00
    144.000    -0.8216   2.791430    -0.8204   2.791860    7.12588     0.2719    13.8155 0.0000e+00  -60.80000  -54.62550 1153651172 204.444137    34.3409 0.0000e+00
    145.000    -0.8229   2.791340    -0.8205   2.791898    7.12603     0.2511    13.8155 0.0000e+00  -60.80000  -54.62550 1153651173 204.444147    34.3405 0.0000e+00
    146.000    -0.8196   2.791742    -0.8180   2.792184    7.12476     0.2125    13.8155 0.0000e+00  -60.80000  -54.62550 1153651174 204.444158    34.3418 0.0000e+00
    147.000    -0.8168   2.792049    -0.8159   2.792443    7.12134     0.1549    13.8155 0.0000e+00  -60.80000  -54.62550 1153651175 204.444170    34.3420 0.0000e+00
    148.000    -0.8155   2.792219    -0.8150   2.792565    7.11683     0.1241    13.8155 0.0000e+00  -60.80000  -54.62550 1153651176 204.444184    34.3422 0.0000e+00
    149.000    -0.8139   2.792408    -0.8125   2.792846    7.11187     0.0835    13.8155 0.0000e+00  -60.80000  -54.62550 1153651178 204.444205    34.3424 0.0000e+00
    150.000    -0.8135   2.792508    -0.8126   2.792907    7.10660     0.0731    13.8155 0.0000e+00  -60.80000  -54.62550 1153651180 204.444225    34.3427 0.0000e+00
    151.000    -0.8128   2.792606    -0.8116   2.793047    7.10538     0.0651    13.8155 0.0000e+00  -60.80000  -54.62550 1153651181 204.444239    34.3427 0.0000e+00
    152.000    -0.8126   2.792693    -0.8114   2.793115    7.10329     0.0612    13.8155 0.0000e+00  -60.80000  -54.62550 1153651182 204.444251    34.3430 0.0000e+00
    153.000    -0.8122   2.792777    -0.8099   2.793313    7.10090     0.0573    13.8155 0.0000e+00  -60.80000  -54.62550 1153651183 204.444263    34.3432 0.0000e+00
    154.000    -0.8105   2.793000    -0.8099   2.793343    7.10266     0.0379    13.8155 0.0000e+00  -60.80000  -54.62550 1153651184 204.444278    34.3434 0.0000e+00
    155.000    -0.8121   2.792883    -0.8103   2.793348    7.10313     0.0533    13.8155 0.0000e+00  -60.80000  -54.62550 1153651186 204.444295    34.3432 0.0000e+00
    156.000    -0.8110   2.793033    -0.8099   2.793449    7.10107     0.0393    13.8155 0.0000e+00  -60.80000  -54.62550 1153651187 204.444310    34.3434 0.0000e+00
    157.000    -0.8081   2.793367    -0.8064   2.793809    7.10074     0.0259    13.8155 0.0000e+00  -60.80000  -54.62550 1153651188 204.444321    34.3440 0.0000e+00
    158.000    -0.8079   2.793404    -0.8060   2.793899    7.09881     0.0338    13.8155 0.0000e+00  -60.80000  -54.62550 1153651189 204.444333    34.3437 0.0000e+00
    159.000    -0.8024   2.794021    -0.8025   2.794175    7.09713     0.0207    13.8155 0.0000e+00  -60.80000  -54.62550 1153651190 204.444345    34.3447 0.0000e+00
    160.000    -0.8006   2.794230    -0.7995   2.794632    7.09478     0.0203    13.8155 0.0000e+00  -60.80000  -54.62550 1153651191 204.444361    34.3452 0.0000e+00
    161.000    -0.8004   2.794293    -0.7994   2.794687    7.09383     0.0246    13.8155 0.0000e+00  -60.80000  -54.62550 1153651193 204.444378    34.3452 0.0000e+00
    162.000    -0.8014   2.794229    -0.8002   2.794650    7.09388     0.0106    13.8155 0.0000e+00  -60.80000  -54.62550 1153651194 204.444394    34.3450 0.0000e+00
    163.000    -0.8009   2.794324    -0.7997   2.794746    7.08647     0.0070    13.8155 0.0000e+00  -60.80000  -54.62550 1153651196 204.444411    34.3451 0.0000e+00
    164.000    -0.8000   2.794484    -0.7993   2.794831    7.08848     0.0133    13.8155 0.0000e+00  -60.80000  -54.62550 1153651197 204.444428    34.3456 0.0000e+00
    165.000    -0.7991   2.794607    -0.7979   2.795015    7.08699     0.0020    13.8155 0.0000e+00  -60.80000  -54.62550 1153651199 204.444442    34.3456 0.0000e+00
    166.000    -0.7992   2.794672    -0.7870   2.796021    7.07348    -0.0191    13.8155 0.0000e+00  -60.80000  -54.62550 1153651199 204.444453    34.3463 0.0000e+00
    167.000    -0.7589   2.798629    -0.7528   2.799349    7.06083     0.0074    13.8155 0.0000e+00  -60.80000  -54.62550 1153651200 204.444463    34.3525 0.0000e+00
    168.000    -0.7503   2.799399    -0.7486   2.799821    7.05146     0.0031    13.8155 0.0000e+00  -60.80000  -54.62550 1153651201 204.444473    34.3518 0.0000e+00
    169.000    -0.7488   2.799598    -0.7473   2.800010    7.03782    -0.0086    13.8155 0.0000e+00  -60.80000  -54.62550 1153651202 204.444488    34.3523 0.0000e+00
    170.000    -0.7436   2.800157    -0.7423   2.800536    7.02220     0.0066    13.8155 0.0000e+00  -60.80000  -54.62550 1153651204 204.444506    34.3536 0.0000e+00
    171.000    -0.7371   2.800836    -0.7371   2.801098    7.00745     0.0004    13.8155 0.0000e+00  -60.80000  -54.62550 1153651205 204.444523    34.3548 0.0000e+00
    172.000    -0.7323   2.801349    -0.7317   2.801671    6.99794    -0.0101    13.8155 0.0000e+00  -60.80000  -54.62550 1153651207 204.444541    34.3557 0.0000e+00
    173.000    -0.7319   2.801445    -0.7312   2.801769    6.99169     0.0080    13.8155 0.0000e+00  -60.80000  -54.62550 1153651208 204.444556    34.3562 0.0000e+00
    174.000    -0.7309   2.801575    -0.7281   2.802121    6.99026     0.0074    13.8155 0.0000e+00  -60.80000  -54.62550 1153651209 204.444569    34.3563 0.0000e+00
    175.000    -0.7260   2.802120    -0.7246   2.802523    6.98476    -0.0009    13.8155 0.0000e+00  -60.80000  -54.62550 1153651210 204.444581    34.3575 0.0000e+00
    176.000    -0.7231   2.802444    -0.7220   2.802835    6.98077    -0.0002    13.8155 0.0000e+00  -60.80000  -54.62550 1153651211 204.444592    34.3579 0.0000e+00
    177.000    -0.7183   2.803020    -0.7169   2.803409    6.97357     0.0025    13.8155 0.0000e+00  -60.80000  -54.62550 1153651212 204.444606    34.3597 0.0000e+00
    178.000    -0.7162   2.803290    -0.7151   2.803669    6.96647    -0.0042    13.8155 0.0000e+00  -60.80000  -54.62550 1153651214 204.444625    34.3603 0.0000e+00
    179.000    -0.7155   2.803435    -0.7142   2.803823    6.95719    -0.0117    13.8155 0.0000e+00  -60.80000  -54.62550 1153651216 204.444642    34.3611 0.0000e+00
    180.000    -0.7063   2.804481    -0.7049   2.804856    6.95081    -0.0073    13.8155 0.0000e+00  -60.80000  -54.62550 1153651217 204.444655    34.3639 0.0000e+00
    181.000    -0.7023   2.804998    -0.7013   2.805363    6.94083    -0.0109    13.8155 0.0000e+00  -60.80000  -54.62550 1153651218 204.444666    34.3657 0.0000e+00
    182.000    -0.7039   2.804983    -0.7026   2.805376    6.93240    -0.0024    13.8155 0.0000e+00  -60.80000  -54.62550 1153651219 204.444679    34.3669 0.0000e+00
    183.000    -0.7016   2.805364    -0.7003   2.805744    6.92553     0.0070    13.8155 0.0000e+00  -60.80000  -54.62550 1153651220 204.444694    34.3689 0.0000e+00
    184.000    -0.6935   2.806371    -0.6910   2.806814    6.90816    -0.0200    13.8155 0.0000e+00  -60.80000  -54.62550 1153651221 204.444708    34.3728 0.0000e+00
    185.000    -0.6700   2.808880    -0.6697   2.808946    6.89119    -0.0122    13.8155 0.0000e+00  -60.80000  -54.62550 1153651222 204.444720    34.3782 0.0000e+00
    186.000    -0.6392   2.811786    -0.6373   2.812152    6.87276    -0.0146    13.8155 0.0000e+00  -60.80000  -54.62550 1153651224 204.444734    34.3813 0.0000e+00
    187.000    -0.6327   2.812433    -0.6324   2.812673    6.84617    -0.0059    13.8155 0.0000e+00  -60.80000  -54.62550 1153651225 204.444753    34.3823 0.0000e+00
    188.000    -0.6179   2.813917    -0.6176   2.814149    6.82499    -0.0166    13.8155 0.0000e+00  -60.80000  -54.62550 1153651227 204.444773    34.3850 0.0000e+00
    189.000    -0.5933   2.816349    -0.5902   2.816769    6.81161    -0.0033    13.8155 0.0000e+00  -60.80000  -54.62550 1153651228 204.444788    34.3889 0.0000e+00
    190.000    -0.5629   2.819356    -0.5584   2.819804    6.79073    -0.0134    13.8155 0.0000e+00  -60.80000  -54.62550 1153651229 204.444800    34.3940 0.0000e+00
    191.000    -0.5181   2.823764    -0.5148   2.824084    6.77056    -0.0160    13.8155 0.0000e+00  -60.80000  -54.62550 1153651230 204.444812    34.4008 0.0000e+00
    192.000    -0.4937   2.826150    -0.4926   2.826405    6.75257     0.0007    13.8155 0.0000e+00  -60.80000  -54.62550 1153651231 204.444823    34.4038 0.0000e+00
    193.000    -0.4922   2.826365    -0.4907   2.826673    6.73647    -0.0093    13.8155 0.0000e+00  -60.80000  -54.62550 1153651232 204.444834    34.4048 0.0000e+00
    194.000    -0.4909   2.826507    -0.4885   2.826933    6.71823    -0.0087    13.8155 0.0000e+00  -60.80000  -54.62550 1153651233 204.444846    34.4051 0.0000e+00
