product_data/regression_test/downloaded_data/MDGS/320620060703/ctd/adapted/heads_insert_p6609101.cnv
* Sea-Bird SBE 9 Data File:
* FileName = D:\Data\Raw\P6609101.dat
* Software Version Seasave Win32 V 5.32
* Temperature SN = 1649
* Conductivity SN = 1431
* Number of Bytes Per Scan = 37
* Number of Voltage Words = 5
* Number of Scans Averaged by the Deck Unit = 1
* NMEA Latitude = 61 18.65 S
* NMEA Longitude = 057 57.06 W
* NMEA UTC (Time) = 17:20:17
** Ship:   Nathaniel B. Palmer 
** Cruise:    NBP0603 p0606
** Cast #: 01
** Station:   91
** Operator: yz
# nquan = 15
# nvalues = 1503                        
# units = specified
# name 0 = prDM: Pressure, Digiquartz [db]
# name 1 = t090C: Temperature [ITS-90, deg C]
# name 2 = c0S/m: Conductivity [S/m]
# name 3 = t190C: Temperature, 2 [ITS-90, deg C]
# name 4 = c1S/m: Conductivity, 2 [S/m]
# name 5 = sbeox0ML/L: Oxygen, SBE 43 [ml/l]
# name 6 = flECO-AFL: Fluorescence, Wetlab ECO-AFL/FL [mg/m^3]
# name 7 = bat: Beam Attenuation, Chelsea/Seatech/Wetlab CStar [1/m]
# name 8 = spar: SPAR/Surface Irradiance
# name 9 = latitude: Latitude [deg]
# name 10 = longitude: Longitude [deg]
# name 11 = timeY: Time, System [seconds]
# name 12 = timeJ: Julian Days
# name 13 = sal00: Salinity [PSU]
# name 14 = flag: flag
# span 0 =      2.000,   1504.000       
# span 1 =    -0.8287,     1.8275       
# span 2 =   2.769355,   3.058217       
# span 3 =    -0.8277,     1.8280       
# span 4 =   2.769727,   3.058482       
# span 5 =    4.40785,    7.95116       
# span 6 =    -0.1228,     0.3522       
# span 7 =    13.8155,    13.8155       
# span 8 = 8.9499e+01, 4.2609e+02       
# span 9 =  -61.31083,  -61.31083       
# span 10 =  -57.95100,  -57.95100      
# span 11 = 1152552026, 1152554212      
# span 12 = 191.722546, 191.747846      
# span 13 =    33.9405,    34.7277      
# span 14 = 0.0000e+00, 0.0000e+00      
# interval = decibars: 1                
# start_time = Jul 10 2006 17:20:25
# bad_flag = -9.990e-29
*END*
[from data line 193]
    194.000     0.1149   2.874669     0.1157   2.874858    6.26189     0.0444    13.8155 3.6608e+02  -61.31083  -57.95100 1152552454 191.727506    34.3661 0.0000e+00
    195.000     0.1168   2.874867     0.1178   2.875104    6.25643     0.0373    13.8155 3.7190e+02  -61.31083  -57.95100 1152552455 191.727513    34.3661 0.0000e+00
    196.000     0.1143   2.874700     0.1168   2.875083    6.24923     0.0629    13.8155 3.7796e+02  -61.31083  -57.95100 1152552456 191.727520    34.3663 0.0000e+00
    197.000     0.1181   2.875151     0.1219   2.875562    6.24038     0.0591    13.8155 3.7974e+02  -61.31083  -57.95100 1152552456 191.727529    34.3678 0.0000e+00
    198.000     0.1564   2.878886     0.1604   2.879252    6.22642     0.0257    13.8155 3.8167e+02  -61.31083  -57.95100 1152552457 191.727541    34.3727 0.0000e+00
    199.000     0.1808   2.881194     0.1756   2.880814    6.20170     0.0415    13.8155 3.8867e+02  -61.31083  -57.95100 1152552459 191.727556    34.3743 0.0000e+00
    200.000     0.1543   2.878675     0.1576   2.879131    6.21299     0.0470    13.8155 3.8423e+02  -61.31083  -57.95100 1152552465 191.727626    34.3713 0.0000e+00
    201.000     0.1223   2.875634     0.1222   2.875828    6.21393     0.0372    13.8155 4.0190e+02  -61.31083  -57.95100 1152552468 191.727659    34.3678 0.0000e+00
    202.000     0.1450   2.877933     0.1541   2.879311    6.20987     0.0296    13.8155 4.0854e+02  -61.31083  -57.95100 1152552468 191.727667    34.3774 0.0000e+00
    203.000     0.1751   2.881042     0.1768   2.881401    6.20327     0.0170    13.8155 4.1444e+02  -61.31083  -57.95100 1152552469 191.727674    34.3771 0.0000e+00
    204.000     0.1639   2.880097     0.1654   2.880425    6.20087     0.0391    13.8155 4.1319e+02  -61.31083  -57.95100 1152552470 191.727690    34.3767 0.0000e+00
    205.000     0.1449   2.878164     0.1518   2.879047    6.22686     0.0005    13.8155 3.9973e+02  -61.31083  -57.95100 1152552476 191.727754    34.3733 0.0000e+00
    206.000     0.1352   2.877406     0.1376   2.877994    6.24116     0.0352    13.8155 3.9689e+02  -61.31083  -57.95100 1152552477 191.727761    34.3743 0.0000e+00
    207.000     0.0324   2.868757     0.0334   2.869119    6.25304     0.0221    13.8155 3.9416e+02  -61.31083  -57.95100 1152552478 191.727775    34.3775 0.0000e+00
    208.000     0.0141   2.867195     0.0126   2.867342    6.28242     0.0168    13.8155 3.8399e+02  -61.31083  -57.95100 1152552480 191.727803    34.3760 0.0000e+00
    209.000     0.0191   2.868079     0.0209   2.868293    6.28583     0.0020    13.8155 3.7564e+02  -61.31083  -57.95100 1152552481 191.727818    34.3808 0.0000e+00
    210.000     0.0679   2.872863     0.0661   2.872581    6.27658     0.0137    13.8155 3.7011e+02  -61.31083  -57.95100 1152552482 191.727829    34.3886 0.0000e+00
    211.000     0.1526   2.880821     0.1526   2.880753    6.23385     0.0061    13.8155 3.6248e+02  -61.31083  -57.95100 1152552483 191.727841    34.3946 0.0000e+00
    212.000     0.1482   2.880294     0.1596   2.881611    6.20956    -0.0229    13.8155 3.4410e+02  -61.31083  -57.95100 1152552486 191.727871    34.3921 0.0000e+00
    213.000     0.2071   2.886141     0.2147   2.886720    6.17597    -0.0152    13.8155 3.3063e+02  -61.31083  -57.95100 1152552488 191.727892    34.4024 0.0000e+00
    214.000     0.2337   2.888537     0.2367   2.888891    6.16039    -0.0462    13.8155 3.2152e+02  -61.31083  -57.95100 1152552489 191.727902    34.4020 0.0000e+00
    215.000     0.2170   2.886972     0.2149   2.886995    6.15240    -0.0197    13.8155 3.0910e+02  -61.31083  -57.95100 1152552490 191.727911    34.3998 0.0000e+00
    216.000     0.2106   2.886437     0.2090   2.886426    6.13847    -0.0189    13.8155 2.9663e+02  -61.31083  -57.95100 1152552491 191.727932    34.4004 0.0000e+00
    217.000     0.2177   2.887185     0.2167   2.887310    6.11050    -0.0314    13.8155 2.7586e+02  -61.31083  -57.95100 1152552495 191.727971    34.4023 0.0000e+00
    218.000     0.2229   2.888112     0.2250   2.888358    6.09456    -0.0460    13.8155 2.6812e+02  -61.31083  -57.95100 1152552496 191.727988    34.4084 0.0000e+00
    219.000     0.2575   2.891686     0.2648   2.892394    6.03712    -0.0417    13.8155 2.5873e+02  -61.31083  -57.95100 1152552498 191.728006    34.4156 0.0000e+00
    220.000     0.2954   2.895434     0.2971   2.895650    6.01210    -0.0499    13.8155 2.5428e+02  -61.31083  -57.95100 1152552499 191.728021    34.4207 0.0000e+00
    221.000     0.3635   2.902512     0.3607   2.902107    5.99086    -0.0386    13.8155 2.4858e+02  -61.31083  -57.95100 1152552500 191.728031    34.4357 0.0000e+00
    222.000     0.2895   2.896101     0.2894   2.896419    5.95046    -0.0462    13.8155 2.4723e+02  -61.31083  -57.95100 1152552501 191.728040    34.4352 0.0000e+00
    223.000     0.4333   2.910275     0.4397   2.910064    5.91103    -0.0311    13.8155 2.4580e+02  -61.31083  -57.95100 1152552501 191.728049    34.4595 0.0000e+00
    224.000     0.5183   2.917735     0.5142   2.917168    5.86424    -0.0481    13.8155 2.4615e+02  -61.31083  -57.95100 1152552503 191.728065    34.4571 0.0000e+00
    225.000     0.4347   2.909712     0.4247   2.909006    5.79520    -0.0397    13.8155 2.5707e+02  -61.31083  -57.95100 1152552508 191.728122    34.4501 0.0000e+00
    226.000     0.4030   2.906974     0.4044   2.907566    5.80214    -0.0497    13.8155 2.5920e+02  -61.31083  -57.95100 1152552509 191.728136    34.4497 0.0000e+00
    227.000     0.3912   2.906415     0.3939   2.906661    5.72797    -0.0515    13.8155 2.5910e+02  -61.31083  -57.95100 1152552510 191.728152    34.4566 0.0000e+00
    228.000     0.6835   2.934371     0.6671   2.931641    5.61123    -0.0460    13.8155 2.5745e+02  -61.31083  -57.95100 1152552511 191.728165    34.4867 0.0000e+00
    229.000     0.8445   2.948774     0.8471   2.948669    5.54224    -0.0365    13.8155 2.5562e+02  -61.31083  -57.95100 1152552512 191.728176    34.4888 0.0000e+00
    230.000     0.9100   2.955051     0.9232   2.955918    5.48387    -0.0528    13.8155 2.5365e+02  -61.31083  -57.95100 1152552513 191.728185    34.4965 0.0000e+00
    231.000     0.9261   2.956511     0.9308   2.956839    5.43830    -0.0503    13.8155 2.5107e+02  -61.31083  -57.95100 1152552514 191.728193    34.4967 0.0000e+00
    232.000     0.9446   2.958350     0.9516   2.958666    5.40730    -0.0480    13.8155 2.4922e+02  -61.31083  -57.95100 1152552515 191.728202    34.5009 0.0000e+00
    233.000     0.9553   2.959331     0.9738   2.960893    5.28448    -0.0428    13.8155 2.3056e+02  -61.31083  -57.95100 1152552518 191.728238    34.5041 0.0000e+00
    234.000     0.9773   2.962669     1.0054   2.963392    5.13485    -0.0459    13.8155 2.0419e+02  -61.31083  -57.95100 1152552522 191.728284    34.5100 0.0000e+00
    235.000     1.3057   2.992689     1.3110   2.992351    5.08048    -0.0442    13.8155 2.0555e+02  -61.31083  -57.95100 1152552522 191.728291    34.5363 0.0000e+00
    236.000     1.3394   2.995761     1.3351   2.994977    5.03838    -0.0546    13.8155 2.0646e+02  -61.31083  -57.95100 1152552523 191.728299    34.5378 0.0000e+00
    237.000     1.3353   2.995247     1.3382   2.995468    4.99433    -0.0606    13.8155 2.0274e+02  -61.31083  -57.95100 1152552524 191.728305    34.5350 0.0000e+00
    238.000     1.3097   2.993115     1.3115   2.993120    4.94733    -0.0714    13.8155 2.0192e+02  -61.31083  -57.95100 1152552524 191.728312    34.5383 0.0000e+00
    239.000     1.3518   2.997214     1.3585   2.997534    4.87892    -0.0535    13.8155 1.9693e+02  -61.31083  -57.95100 1152552525 191.728325    34.5451 0.0000e+00
    240.000     1.4117   3.002774     1.4055   3.002091    4.80934    -0.0650    13.8155 1.9358e+02  -61.31083  -57.95100 1152552527 191.728347    34.5500 0.0000e+00
    241.000     1.4339   3.005000     1.4283   3.004196    4.74907    -0.0555    13.8155 1.9033e+02  -61.31083  -57.95100 1152552529 191.728364    34.5556 0.0000e+00
    242.000     1.4465   3.006324     1.4378   3.005188    4.67246    -0.0405    13.8155 1.7894e+02  -61.31083  -57.95100 1152552532 191.728407    34.5628 0.0000e+00
    243.000     1.5776   3.018876     1.5790   3.018696    4.62738    -0.0415    13.8155 1.7336e+02  -61.31083  -57.95100 1152552534 191.728428    34.5733 0.0000e+00
    244.000     1.5941   3.020539     1.5937   3.020344    4.60243    -0.0384    13.8155 1.7133e+02  -61.31083  -57.95100 1152552535 191.728437    34.5758 0.0000e+00
    245.000     1.5946   3.020649     1.6002   3.021040    4.58284    -0.0545    13.8155 1.6990e+02  -61.31083  -57.95100 1152552536 191.728445    34.5776 0.0000e+00
    246.000     1.6117   3.022409     1.6134   3.022437    4.56835    -0.0546    13.8155 1.6936e+02  -61.31083  -57.95100 1152552536 191.728452    34.5796 0.0000e+00
    247.000     1.6136   3.022608     1.6149   3.022655    4.55691    -0.0751    13.8155 1.6707e+02  -61.31083  -57.95100 1152552537 191.728459    34.5799 0.0000e+00
    248.000     1.6159   3.022896     1.6166   3.022898    4.54790    -0.0509    13.8155 1.6705e+02  -61.31083  -57.95100 1152552537 191.728465    34.5809 0.0000e+00
    249.000     1.6160   3.022905     1.6164   3.022920    4.54241    -0.0439    13.8155 1.6565e+02  -61.31083  -57.95100 1152552538 191.728471    34.5808 0.0000e+00
    250.000     1.6084   3.022098     1.6107   3.022300    4.52567    -0.0318    13.8155 1.6679e+02  -61.31083  -57.95100 1152552540 191.728501    34.5802 0.0000e+00
    251.000     1.5831   3.019648     1.5878   3.020161    4.50444    -0.0456    13.8155 1.6570e+02  -61.31083  -57.95100 1152552545 191.728553    34.5799 0.0000e+00
    252.000     1.6162   3.023086     1.6196   3.023242    4.49964    -0.0458    13.8155 1.6547e+02  -61.31083  -57.95100 1152552546 191.728560    34.5861 0.0000e+00
    253.000     1.6439   3.025959     1.6471   3.026204    4.49676    -0.0629    13.8155 1.6526e+02  -61.31083  -57.95100 1152552546 191.728568    34.5903 0.0000e+00
    254.000     1.6498   3.026596     1.6513   3.026710    4.49077    -0.0517    13.8155 1.6331e+02  -61.31083  -57.95100 1152552547 191.728580    34.5913 0.0000e+00
    255.000     1.6511   3.026772     1.6523   3.026867    4.48205    -0.0436    13.8155 1.6218e+02  -61.31083  -57.95100 1152552549 191.728595    34.5920 0.0000e+00
    256.000     1.6640   3.028184     1.6664   3.028333    4.47550    -0.0599    13.8155 1.6146e+02  -61.31083  -57.95100 1152552550 191.728609    34.5953 0.0000e+00
    257.000     1.6692   3.028751     1.6710   3.028863    4.47336    -0.0366    13.8155 1.6055e+02  -61.31083  -57.95100 1152552551 191.728621    34.5964 0.0000e+00
    258.000     1.6822   3.030123     1.6842   3.030290    4.46923    -0.0387    13.8155 1.6022e+02  -61.31083  -57.95100 1152552552 191.728633    34.5987 0.0000e+00
    259.000     1.6811   3.030053     1.6828   3.030214    4.46594    -0.0596    13.8155 1.5477e+02  -61.31083  -57.95100 1152552555 191.728669    34.5992 0.0000e+00
    260.000     1.6783   3.029922     1.6833   3.030367    4.46617    -0.0492    13.8155 1.4349e+02  -61.31083  -57.95100 1152552558 191.728710    34.6008 0.0000e+00
    261.000     1.6783   3.030101     1.6793   3.030250    4.46594    -0.0510    13.8155 1.4022e+02  -61.31083  -57.95100 1152552559 191.728717    34.6023 0.0000e+00
    262.000     1.6801   3.030313     1.6825   3.030566    4.46246    -0.0565    13.8155 1.4014e+02  -61.31083  -57.95100 1152552560 191.728724    34.6025 0.0000e+00
    263.000     1.6787   3.030227     1.6807   3.030442    4.46258    -0.0571    13.8155 1.4014e+02  -61.31083  -57.95100 1152552560 191.728732    34.6026 0.0000e+00
    264.000     1.6758   3.029954     1.6778   3.030227    4.45959    -0.0527    13.8155 1.4013e+02  -61.31083  -57.95100 1152552561 191.728739    34.6017 0.0000e+00
    265.000     1.6712   3.029612     1.6725   3.029839    4.45942    -0.0633    13.8155 1.4027e+02  -61.31083  -57.95100 1152552562 191.728745    34.6023 0.0000e+00
    266.000     1.6717   3.029888     1.6724   3.030063    4.45763    -0.0439    13.8155 1.3995e+02  -61.31083  -57.95100 1152552562 191.728752    34.6049 0.0000e+00
    267.000     1.6812   3.030985     1.6817   3.031109    4.45765    -0.0623    13.8155 1.3934e+02  -61.31083  -57.95100 1152552563 191.728759    34.6073 0.0000e+00
    268.000     1.6785   3.030657     1.6800   3.030829    4.45422    -0.0551    13.8155 1.3308e+02  -61.31083  -57.95100 1152552567 191.728809    34.6057 0.0000e+00
    269.000     1.6836   3.031470     1.6858   3.031636    4.45156    -0.0421    13.8155 1.3041e+02  -61.31083  -57.95100 1152552570 191.728842    34.6104 0.0000e+00
    270.000     1.6996   3.033223     1.6993   3.033212    4.44844    -0.0682    13.8155 1.3018e+02  -61.31083  -57.95100 1152552570 191.728848    34.6133 0.0000e+00
    271.000     1.7027   3.033607     1.7018   3.033545    4.44530    -0.0663    13.8155 1.2912e+02  -61.31083  -57.95100 1152552571 191.728855    34.6143 0.0000e+00
    272.000     1.7127   3.034640     1.7134   3.034730    4.44466    -0.0556    13.8155 1.2876e+02  -61.31083  -57.95100 1152552572 191.728864    34.6155 0.0000e+00
    273.000     1.7132   3.034775     1.7150   3.034979    4.44162    -0.0611    13.8155 1.2862e+02  -61.31083  -57.95100 1152552574 191.728883    34.6163 0.0000e+00
    274.000     1.7155   3.035046     1.7160   3.035123    4.43516    -0.0695    13.8155 1.2954e+02  -61.31083  -57.95100 1152552575 191.728900    34.6166 0.0000e+00
    275.000     1.7189   3.035460     1.7218   3.035764    4.43158    -0.0646    13.8155 1.3050e+02  -61.31083  -57.95100 1152552576 191.728910    34.6177 0.0000e+00
    276.000     1.7201   3.035619     1.7226   3.035908    4.43167    -0.0642    13.8155 1.3035e+02  -61.31083  -57.95100 1152552577 191.728920    34.6178 0.0000e+00
    277.000     1.7168   3.035347     1.7192   3.035642    4.43172    -0.0606    13.8155 -9.990e-29  -61.31083  -57.95100 1152552578 191.728933    34.6176 0.0000e+00
    278.000     1.7164   3.035339     1.7185   3.035614    4.43444    -0.0613    13.8155 1.2858e+02  -61.31083  -57.95100 1152552582 191.728976    34.6176 0.0000e+00
    279.000     1.7153   3.035330     1.7167   3.035525    4.43696    -0.0590    13.8155 1.2758e+02  -61.31083  -57.95100 1152552584 191.729007    34.6182 0.0000e+00
    280.000     1.7138   3.035269     1.7152   3.035483    4.43743    -0.0722    13.8155 1.2755e+02  -61.31083  -57.95100 1152552585 191.729016    34.6186 0.0000e+00
    281.000     1.7147   3.035388     1.7147   3.035478    4.43755    -0.0589    13.8155 1.2858e+02  -61.31083  -57.95100 1152552586 191.729024    34.6185 0.0000e+00
    282.000     1.7132   3.035292     1.7146   3.035523    4.43758    -0.0550    13.8155 -9.990e-29  -61.31083  -57.95100 1152552586 191.729031    34.6184 0.0000e+00
    283.000     1.7135   3.035366     1.7146   3.035554    4.43739    -0.0523    13.8155 -9.990e-29  -61.31083  -57.95100 1152552587 191.729038    34.6185 0.0000e+00
    284.000     1.7123   3.035279     1.7132   3.035466    4.43722    -0.0685    13.8155 -9.990e-29  -61.31083  -57.95100 1152552587 191.729045    34.6182 0.0000e+00
    285.000     1.7118   3.035319     1.7125   3.035462    4.43742    -0.0648    13.8155 -9.990e-29  -61.31083  -57.95100 1152552588 191.729053    34.6186 0.0000e+00
    286.000     1.7104   3.035219     1.7115   3.035412    4.43846    -0.0586    13.8155 -9.990e-29  -61.31083  -57.95100 1152552590 191.729079    34.6184 0.0000e+00
    287.000     1.7108   3.035326     1.7115   3.035463    4.43974    -0.0450    13.8155 -9.990e-29  -61.31083  -57.95100 1152552594 191.729119    34.6188 0.0000e+00
    288.000     1.7082   3.035135     1.7098   3.035363    4.43687    -0.0617    13.8155 -9.990e-29  -61.31083  -57.95100 1152552595 191.729130    34.6187 0.0000e+00
    289.000     1.7081   3.035168     1.7102   3.035465    4.43705    -0.0564    13.8155 -9.990e-29  -61.31083  -57.95100 1152552596 191.729140    34.6186 0.0000e+00
