product_data/regression_test/downloaded_data/MDGS/320620060703/ctd/adapted/heads_insert_p6618201.cnv
* Sea-Bird SBE 9 Data File:
* FileName = D:\Data\Raw\p6618201.dat
* Software Version Seasave Win32 V 5.32
* Temperature SN = 1649
* Conductivity SN = 1431
* Number of Bytes Per Scan = 37
* Number of Voltage Words = 5
* Number of Scans Averaged by the Deck Unit = 1
* NMEA Latitude = 60 37.00 S
* NMEA Longitude = 054 09.03 W
* NMEA UTC (Time) = 08:45:16
** Ship:   Nathaniel B. Palmer 
** Cruise:    NBP0606 
# nquan = 15
# nvalues = 1506                        
# units = specified
# name 0 = prDM: Pressure, Digiquartz [db]
# name 1 = t090C: Temperature [ITS-90, deg C]
# name 2 = c0S/m: Conductivity [S/m]
# name 3 = t190C: Temperature, 2 [ITS-90, deg C]
# name 4 = c1S/m: Conductivity, 2 [S/m]
# name 5 = sbeox0ML/L: Oxygen, SBE 43 [ml/l]
# name 6 = flECO-AFL: Fluorescence, Wetlab ECO-AFL/FL [mg/m^3]
# name 7 = bat: Beam Attenuation, Chelsea/Seatech/Wetlab CStar [1/m]
# name 8 = spar: SPAR/Surface Irradiance
# name 9 = latitude: Latitude [deg]
# name 10 = longitude: Longitude [deg]
# name 11 = timeY: Time, System [seconds]
# name 12 = timeJ: Julian Days
# name 13 = sal00: Salinity [PSU]
# name 14 = flag: flag
# span 0 =      2.000,   1507.000       
# span 1 =    -0.9163,     1.9741       
# span 2 =   2.763078,   3.064089       
# span 3 =    -0.9173,     1.9751       
# span 4 =   2.763781,   3.064365       
# span 5 =    4.37155,    7.81680       
# span 6 =    -0.1074,     0.4601       
# span 7 =    13.8155,    13.8155       
# span 8 = 0.0000e+00, 0.0000e+00       
# span 9 =  -60.61667,  -60.61667       
# span 10 =  -54.15050,  -54.15050      
# span 11 = 1153557946, 1153560017      
# span 12 = 203.365132, 203.389114      
# span 13 =    34.1500,    34.7272      
# span 14 = 0.0000e+00, 0.0000e+00      
# interval = decibars: 1                
# start_time = Jul 22 2006 08:45:25
# bad_flag = -9.990e-29
*END*
[from data line 1061]
   1062.000     0.9559   3.009706     0.9557   3.010072    5.11819    -0.0747    13.8155 0.0000e+00  -60.61667  -54.15050 1153559403 203.382008    34.6888 0.0000e+00
   1063.000     0.9510   3.009334     0.9510   3.009665    5.11866    -0.0920    13.8155 0.0000e+00  -60.61667  -54.15050 1153559404 203.382017    34.6889 0.0000e+00
   1064.000     0.9509   3.009373     0.9511   3.009717    5.11996    -0.0801    13.8155 0.0000e+00  -60.61667  -54.15050 1153559405 203.382027    34.6889 0.0000e+00
   1065.000     0.9595   3.010224     0.9590   3.010514    5.12451    -0.0806    13.8155 0.0000e+00  -60.61667  -54.15050 1153559410 203.382078    34.6890 0.0000e+00
   1066.000     0.9547   3.009844     0.9548   3.010182    5.12488    -0.0971    13.8155 0.0000e+00  -60.61667  -54.15050 1153559411 203.382097    34.6891 0.0000e+00
   1067.000     0.9542   3.009835     0.9541   3.010167    5.12539    -0.0955    13.8155 0.0000e+00  -60.61667  -54.15050 1153559412 203.382106    34.6890 0.0000e+00
   1068.000     0.9538   3.009845     0.9537   3.010173    5.12580    -0.0794    13.8155 0.0000e+00  -60.61667  -54.15050 1153559413 203.382115    34.6890 0.0000e+00
   1069.000     0.9545   3.009982     0.9546   3.010301    5.12605    -0.0807    13.8155 0.0000e+00  -60.61667  -54.15050 1153559413 203.382124    34.6893 0.0000e+00
   1070.000     0.9548   3.010037     0.9550   3.010384    5.12613    -0.0813    13.8155 0.0000e+00  -60.61667  -54.15050 1153559414 203.382133    34.6891 0.0000e+00
   1071.000     0.9548   3.010101     0.9552   3.010447    5.12575    -0.0877    13.8155 0.0000e+00  -60.61667  -54.15050 1153559416 203.382144    34.6893 0.0000e+00
   1072.000     0.9539   3.010054     0.9540   3.010383    5.12541    -0.0758    13.8155 0.0000e+00  -60.61667  -54.15050 1153559416 203.382156    34.6891 0.0000e+00
   1073.000     0.9538   3.010089     0.9539   3.010411    5.12643    -0.0846    13.8155 0.0000e+00  -60.61667  -54.15050 1153559418 203.382182    34.6890 0.0000e+00
   1074.000     0.9538   3.010136     0.9538   3.010458    5.12823    -0.0749    13.8155 0.0000e+00  -60.61667  -54.15050 1153559422 203.382220    34.6891 0.0000e+00
   1075.000     0.9524   3.010056     0.9526   3.010393    5.12864    -0.0879    13.8155 0.0000e+00  -60.61667  -54.15050 1153559423 203.382234    34.6891 0.0000e+00
   1076.000     0.9530   3.010174     0.9535   3.010516    5.12723    -0.0868    13.8155 0.0000e+00  -60.61667  -54.15050 1153559424 203.382246    34.6893 0.0000e+00
   1077.000     0.9533   3.010241     0.9531   3.010532    5.12719    -0.0720    13.8155 0.0000e+00  -60.61667  -54.15050 1153559426 203.382257    34.6893 0.0000e+00
   1078.000     0.9551   3.010457     0.9552   3.010764    5.12527    -0.0827    13.8155 0.0000e+00  -60.61667  -54.15050 1153559426 203.382269    34.6895 0.0000e+00
   1079.000     0.9568   3.010670     0.9569   3.010977    5.12111    -0.0840    13.8155 0.0000e+00  -60.61667  -54.15050 1153559428 203.382283    34.6896 0.0000e+00
   1080.000     0.9564   3.010670     0.9564   3.010972    5.12067    -0.0759    13.8155 0.0000e+00  -60.61667  -54.15050 1153559430 203.382319    34.6896 0.0000e+00
   1081.000     0.9557   3.010650     0.9557   3.010978    5.12396    -0.0840    13.8155 0.0000e+00  -60.61667  -54.15050 1153559434 203.382360    34.6896 0.0000e+00
   1082.000     0.9562   3.010743     0.9563   3.011066    5.12241    -0.0976    13.8155 0.0000e+00  -60.61667  -54.15050 1153559435 203.382374    34.6897 0.0000e+00
   1083.000     0.9578   3.010976     0.9584   3.011318    5.11981    -0.0836    13.8155 0.0000e+00  -60.61667  -54.15050 1153559436 203.382389    34.6903 0.0000e+00
   1084.000     0.9514   3.010415     0.9512   3.010726    5.12037    -0.0776    13.8155 0.0000e+00  -60.61667  -54.15050 1153559438 203.382408    34.6898 0.0000e+00
   1085.000     0.9486   3.010207     0.9491   3.010551    5.12186    -0.0780    13.8155 0.0000e+00  -60.61667  -54.15050 1153559440 203.382433    34.6897 0.0000e+00
   1086.000     0.9496   3.010342     0.9495   3.010644    5.12293    -0.0743    13.8155 0.0000e+00  -60.61667  -54.15050 1153559442 203.382454    34.6897 0.0000e+00
   1087.000     0.9451   3.009975     0.9452   3.010296    5.12367    -0.0767    13.8155 0.0000e+00  -60.61667  -54.15050 1153559444 203.382478    34.6895 0.0000e+00
   1088.000     0.9423   3.009765     0.9423   3.010075    5.12454    -0.0898    13.8155 0.0000e+00  -60.61667  -54.15050 1153559446 203.382501    34.6894 0.0000e+00
   1089.000     0.9405   3.009640     0.9405   3.009946    5.12767    -0.0755    13.8155 0.0000e+00  -60.61667  -54.15050 1153559448 203.382524    34.6893 0.0000e+00
   1090.000     0.9387   3.009516     0.9384   3.009794    5.13138    -0.0837    13.8155 0.0000e+00  -60.61667  -54.15050 1153559450 203.382552    34.6891 0.0000e+00
   1091.000     0.9386   3.009554     0.9390   3.009898    5.13163    -0.0709    13.8155 0.0000e+00  -60.61667  -54.15050 1153559452 203.382571    34.6891 0.0000e+00
   1092.000     0.9395   3.009688     0.9398   3.010020    5.13106    -0.0808    13.8155 0.0000e+00  -60.61667  -54.15050 1153559453 203.382589    34.6893 0.0000e+00
   1093.000     0.9409   3.009874     0.9411   3.010187    5.12813    -0.0807    13.8155 0.0000e+00  -60.61667  -54.15050 1153559456 203.382615    34.6894 0.0000e+00
   1094.000     0.9389   3.009719     0.9384   3.009989    5.13002    -0.0770    13.8155 0.0000e+00  -60.61667  -54.15050 1153559457 203.382635    34.6892 0.0000e+00
   1095.000     0.9380   3.009693     0.9383   3.010019    5.12967    -0.0896    13.8155 0.0000e+00  -60.61667  -54.15050 1153559459 203.382651    34.6893 0.0000e+00
   1096.000     0.9423   3.010150     0.9439   3.010587    5.12929    -0.0841    13.8155 0.0000e+00  -60.61667  -54.15050 1153559462 203.382688    34.6897 0.0000e+00
   1097.000     0.9401   3.009987     0.9402   3.010279    5.12789    -0.0872    13.8155 0.0000e+00  -60.61667  -54.15050 1153559466 203.382732    34.6896 0.0000e+00
   1098.000     0.9568   3.011646     0.9567   3.011890    5.12397    -0.0831    13.8155 0.0000e+00  -60.61667  -54.15050 1153559468 203.382752    34.6914 0.0000e+00
   1099.000     0.9637   3.012359     0.9638   3.012634    5.11594    -0.0793    13.8155 0.0000e+00  -60.61667  -54.15050 1153559471 203.382791    34.6923 0.0000e+00
   1100.000     0.9691   3.012920     0.9692   3.013224    5.11268    -0.0774    13.8155 0.0000e+00  -60.61667  -54.15050 1153559473 203.382810    34.6928 0.0000e+00
   1101.000     0.9725   3.013331     0.9731   3.013635    5.10739    -0.0873    13.8155 0.0000e+00  -60.61667  -54.15050 1153559474 203.382826    34.6940 0.0000e+00
   1102.000     0.9865   3.014732     0.9871   3.015051    5.09601    -0.0907    13.8155 0.0000e+00  -60.61667  -54.15050 1153559492 203.383031    34.6957 0.0000e+00
   1103.000     0.9913   3.015257     0.9916   3.015563    5.09015    -0.0992    13.8155 0.0000e+00  -60.61667  -54.15050 1153559500 203.383127    34.6967 0.0000e+00
   1104.000     0.9907   3.015224     0.9907   3.015541    5.09031    -0.0896    13.8155 0.0000e+00  -60.61667  -54.15050 1153559501 203.383137    34.6963 0.0000e+00
   1105.000     0.9737   3.013659     0.9735   3.014010    5.08978    -0.0782    13.8155 0.0000e+00  -60.61667  -54.15050 1153559502 203.383149    34.6949 0.0000e+00
   1106.000     0.9670   3.013092     0.9673   3.013449    5.09363    -0.0878    13.8155 0.0000e+00  -60.61667  -54.15050 1153559503 203.383167    34.6949 0.0000e+00
   1107.000     0.9722   3.013676     0.9738   3.014085    5.09842    -0.0796    13.8155 0.0000e+00  -60.61667  -54.15050 1153559508 203.383223    34.6959 0.0000e+00
   1108.000     0.9711   3.013594     0.9682   3.013612    5.09725    -0.0841    13.8155 0.0000e+00  -60.61667  -54.15050 1153559509 203.383232    34.6954 0.0000e+00
   1109.000     0.9768   3.014229     0.9770   3.014520    5.09613    -0.0760    13.8155 0.0000e+00  -60.61667  -54.15050 1153559510 203.383242    34.6966 0.0000e+00
   1110.000     0.9746   3.014058     0.9747   3.014390    5.09476    -0.0858    13.8155 0.0000e+00  -60.61667  -54.15050 1153559511 203.383252    34.6963 0.0000e+00
   1111.000     0.9706   3.013729     0.9705   3.014042    5.09532    -0.0786    13.8155 0.0000e+00  -60.61667  -54.15050 1153559512 203.383265    34.6961 0.0000e+00
   1112.000     0.9685   3.013596     0.9689   3.013912    5.09590    -0.0850    13.8155 0.0000e+00  -60.61667  -54.15050 1153559515 203.383284    34.6962 0.0000e+00
   1113.000     0.9675   3.013533     0.9675   3.013833    5.09615    -0.0825    13.8155 0.0000e+00  -60.61667  -54.15050 1153559515 203.383303    34.6960 0.0000e+00
   1114.000     0.9666   3.013497     0.9669   3.013812    5.09673    -0.0854    13.8155 0.0000e+00  -60.61667  -54.15050 1153559517 203.383321    34.6959 0.0000e+00
   1115.000     0.9674   3.013618     0.9676   3.013927    5.09452    -0.0775    13.8155 0.0000e+00  -60.61667  -54.15050 1153559519 203.383348    34.6960 0.0000e+00
   1116.000     0.9679   3.013708     0.9679   3.014015    5.09654    -0.0695    13.8155 0.0000e+00  -60.61667  -54.15050 1153559521 203.383367    34.6960 0.0000e+00
   1117.000     0.9665   3.013628     0.9665   3.013925    5.09688    -0.0834    13.8155 0.0000e+00  -60.61667  -54.15050 1153559522 203.383378    34.6960 0.0000e+00
   1118.000     0.9647   3.013527     0.9647   3.013830    5.09584    -0.0865    13.8155 0.0000e+00  -60.61667  -54.15050 1153559522 203.383388    34.6963 0.0000e+00
   1119.000     0.9655   3.013681     0.9657   3.013994    5.09486    -0.0821    13.8155 0.0000e+00  -60.61667  -54.15050 1153559523 203.383398    34.6968 0.0000e+00
   1120.000     0.9670   3.013877     0.9670   3.014180    5.09351    -0.0871    13.8155 0.0000e+00  -60.61667  -54.15050 1153559524 203.383409    34.6970 0.0000e+00
   1121.000     0.9690   3.014126     0.9692   3.014427    5.09197    -0.0807    13.8155 0.0000e+00  -60.61667  -54.15050 1153559526 203.383427    34.6974 0.0000e+00
   1122.000     0.9694   3.014210     0.9695   3.014519    5.09240    -0.0649    13.8155 0.0000e+00  -60.61667  -54.15050 1153559527 203.383446    34.6974 0.0000e+00
   1123.000     0.9694   3.014249     0.9694   3.014560    5.09251    -0.0904    13.8155 0.0000e+00  -60.61667  -54.15050 1153559528 203.383458    34.6974 0.0000e+00
   1124.000     0.9696   3.014325     0.9697   3.014630    5.09299    -0.0850    13.8155 0.0000e+00  -60.61667  -54.15050 1153559529 203.383469    34.6976 0.0000e+00
   1125.000     0.9700   3.014410     0.9702   3.014724    5.09252    -0.0865    13.8155 0.0000e+00  -60.61667  -54.15050 1153559531 203.383484    34.6977 0.0000e+00
   1126.000     0.9723   3.014680     0.9725   3.014993    5.09025    -0.0903    13.8155 0.0000e+00  -60.61667  -54.15050 1153559533 203.383506    34.6981 0.0000e+00
   1127.000     0.9734   3.014847     0.9736   3.015148    5.08761    -0.0920    13.8155 0.0000e+00  -60.61667  -54.15050 1153559534 203.383521    34.6983 0.0000e+00
   1128.000     0.9743   3.014978     0.9746   3.015283    5.08773    -0.0774    13.8155 0.0000e+00  -60.61667  -54.15050 1153559535 203.383533    34.6986 0.0000e+00
   1129.000     0.9753   3.015120     0.9755   3.015425    5.08840    -0.0728    13.8155 0.0000e+00  -60.61667  -54.15050 1153559536 203.383544    34.6987 0.0000e+00
   1130.000     0.9757   3.015199     0.9758   3.015501    5.08944    -0.0831    13.8155 0.0000e+00  -60.61667  -54.15050 1153559537 203.383560    34.6987 0.0000e+00
   1131.000     0.9764   3.015328     0.9769   3.015659    5.08909    -0.0898    13.8155 0.0000e+00  -60.61667  -54.15050 1153559540 203.383584    34.6990 0.0000e+00
   1132.000     0.9785   3.015600     0.9784   3.015860    5.08712    -0.0798    13.8155 0.0000e+00  -60.61667  -54.15050 1153559541 203.383596    34.6996 0.0000e+00
   1133.000     0.9797   3.015761     0.9797   3.016062    5.08636    -0.1014    13.8155 0.0000e+00  -60.61667  -54.15050 1153559541 203.383605    34.6997 0.0000e+00
   1134.000     0.9799   3.015804     0.9799   3.016116    5.08557    -0.0793    13.8155 0.0000e+00  -60.61667  -54.15050 1153559542 203.383613    34.6996 0.0000e+00
   1135.000     0.9805   3.015905     0.9803   3.016199    5.08499    -0.0696    13.8155 0.0000e+00  -60.61667  -54.15050 1153559543 203.383621    34.6997 0.0000e+00
   1136.000     0.9812   3.016020     0.9812   3.016324    5.08422    -0.0934    13.8155 0.0000e+00  -60.61667  -54.15050 1153559545 203.383631    34.6998 0.0000e+00
   1137.000     0.9807   3.016030     0.9809   3.016340    5.08269    -0.0852    13.8155 0.0000e+00  -60.61667  -54.15050 1153559547 203.383666    34.7000 0.0000e+00
   1138.000     0.9805   3.016058     0.9808   3.016385    5.08270    -0.0969    13.8155 0.0000e+00  -60.61667  -54.15050 1153559549 203.383691    34.7000 0.0000e+00
   1139.000     0.9784   3.015909     0.9787   3.016247    5.08313    -0.0910    13.8155 0.0000e+00  -60.61667  -54.15050 1153559549 203.383701    34.6999 0.0000e+00
   1140.000     0.9760   3.015724     0.9753   3.015961    5.08346    -0.0748    13.8155 0.0000e+00  -60.61667  -54.15050 1153559550 203.383710    34.6997 0.0000e+00
   1141.000     0.9758   3.015760     0.9752   3.016002    5.08362    -0.0835    13.8155 0.0000e+00  -60.61667  -54.15050 1153559551 203.383719    34.6998 0.0000e+00
   1142.000     0.9760   3.015805     0.9760   3.016098    5.08373    -0.0883    13.8155 0.0000e+00  -60.61667  -54.15050 1153559552 203.383729    34.6998 0.0000e+00
   1143.000     0.9774   3.015985     0.9775   3.016282    5.08392    -0.0887    13.8155 0.0000e+00  -60.61667  -54.15050 1153559553 203.383740    34.6998 0.0000e+00
   1144.000     0.9779   3.016082     0.9782   3.016392    5.08247    -0.0875    13.8155 0.0000e+00  -60.61667  -54.15050 1153559554 203.383756    34.7000 0.0000e+00
   1145.000     0.9789   3.016221     0.9791   3.016526    5.08124    -0.0804    13.8155 0.0000e+00  -60.61667  -54.15050 1153559556 203.383777    34.7001 0.0000e+00
   1146.000     0.9791   3.016282     0.9792   3.016584    5.08228    -0.0754    13.8155 0.0000e+00  -60.61667  -54.15050 1153559558 203.383795    34.7001 0.0000e+00
   1147.000     0.9798   3.016376     0.9799   3.016685    5.08301    -0.0801    13.8155 0.0000e+00  -60.61667  -54.15050 1153559559 203.383812    34.7000 0.0000e+00
   1148.000     0.9799   3.016438     0.9800   3.016752    5.08288    -0.0799    13.8155 0.0000e+00  -60.61667  -54.15050 1153559560 203.383824    34.7001 0.0000e+00
   1149.000     0.9794   3.016444     0.9796   3.016768    5.08129    -0.0757    13.8155 0.0000e+00  -60.61667  -54.15050 1153559561 203.383835    34.7001 0.0000e+00
   1150.000     0.9752   3.016087     0.9756   3.016441    5.07978    -0.0860    13.8155 0.0000e+00  -60.61667  -54.15050 1153559562 203.383845    34.6998 0.0000e+00
   1151.000     0.9739   3.015990     0.9734   3.016274    5.07984    -0.0941    13.8155 0.0000e+00  -60.61667  -54.15050 1153559563 203.383859    34.6995 0.0000e+00
   1152.000     0.9715   3.015842     0.9721   3.016164    5.08526    -0.0796    13.8155 0.0000e+00  -60.61667  -54.15050 1153559566 203.383892    34.6995 0.0000e+00
   1153.000     0.9709   3.015807     0.9714   3.016160    5.08924    -0.0672    13.8155 0.0000e+00  -60.61667  -54.15050 1153559567 203.383905    34.6995 0.0000e+00
   1154.000     0.9709   3.015853     0.9711   3.016172    5.08891    -0.0906    13.8155 0.0000e+00  -60.61667  -54.15050 1153559568 203.383915    34.6995 0.0000e+00
   1155.000     0.9697   3.015753     0.9700   3.016105    5.08898    -0.0847    13.8155 0.0000e+00  -60.61667  -54.15050 1153559569 203.383924    34.6989 0.0000e+00
   1156.000     0.9687   3.015734     0.9689   3.016045    5.08764    -0.0728    13.8155 0.0000e+00  -60.61667  -54.15050 1153559569 203.383933    34.6993 0.0000e+00
