product_data/regression_test/downloaded_data/MDGS/320620060703/ctd/adapted/heads_insert_p6611401.cnv
* Sea-Bird SBE 9 Data File:
* FileName = D:\Data\Raw\p6611401.dat
* Software Version Seasave Win32 V 5.32
* Temperature SN = 1649
* Conductivity SN = 1431
* Number of Bytes Per Scan = 37
* Number of Voltage Words = 5
* Number of Scans Averaged by the Deck Unit = 1
* NMEA Latitude = 61 30.98 S
* NMEA Longitude = 054 52.51 W
* NMEA UTC (Time) = 09:04:59
** Ship:   Nathaniel B. Palmer 
** Cruise:    NBP0606 
# nquan = 15
# nvalues = 990                         
# units = specified
# name 0 = prDM: Pressure, Digiquartz [db]
# name 1 = t090C: Temperature [ITS-90, deg C]
# name 2 = c0S/m: Conductivity [S/m]
# name 3 = t190C: Temperature, 2 [ITS-90, deg C]
# name 4 = c1S/m: Conductivity, 2 [S/m]
# name 5 = sbeox0ML/L: Oxygen, SBE 43 [ml/l]
# name 6 = flECO-AFL: Fluorescence, Wetlab ECO-AFL/FL [mg/m^3]
# name 7 = bat: Beam Attenuation, Chelsea/Seatech/Wetlab CStar [1/m]
# name 8 = spar: SPAR/Surface Irradiance
# name 9 = latitude: Latitude [deg]
# name 10 = longitude: Longitude [deg]
# name 11 = timeY: Time, System [seconds]
# name 12 = timeJ: Julian Days
# name 13 = sal00: Salinity [PSU]
# name 14 = flag: flag
# span 0 =     12.000,   1001.000       
# span 1 =    -1.5892,    -0.4499       
# span 2 =   2.708741,   2.859129       
# span 3 =    -1.5903,    -0.4490       
# span 4 =   2.709675,   2.859596       
# span 5 =    6.39106,    8.00130       
# span 6 =    -0.1229,     0.2395       
# span 7 =    13.8155,    13.8155       
# span 8 = 0.0000e+00, 0.0000e+00       
# span 9 =  -61.51633,  -61.51633       
# span 10 =  -54.87517,  -54.87517      
# span 11 = 1152867909, 1152869375      
# span 12 = 195.378602, 195.395567      
# span 13 =    34.1644,    34.5624      
# span 14 = 0.0000e+00, 0.0000e+00      
# interval = decibars: 1                
# start_time = Jul 14 2006 09:05:07
# bad_flag = -9.990e-29
*END*
[from data line 772]
    783.000    -0.6285   2.850241    -0.6284   2.850676    6.44703    -0.0953    13.8155 0.0000e+00  -61.51633  -54.87517 1152869051 195.391813    34.5289 0.0000e+00
    784.000    -0.6287   2.850267    -0.6285   2.850723    6.44532    -0.0902    13.8155 0.0000e+00  -61.51633  -54.87517 1152869053 195.391840    34.5289 0.0000e+00
    785.000    -0.6285   2.850326    -0.6283   2.850773    6.44537    -0.0959    13.8155 0.0000e+00  -61.51633  -54.87517 1152869055 195.391860    34.5289 0.0000e+00
    786.000    -0.6283   2.850389    -0.6280   2.850848    6.44338    -0.0951    13.8155 0.0000e+00  -61.51633  -54.87517 1152869056 195.391873    34.5289 0.0000e+00
    787.000    -0.6284   2.850417    -0.6284   2.850857    6.44330    -0.1009    13.8155 0.0000e+00  -61.51633  -54.87517 1152869057 195.391884    34.5288 0.0000e+00
    788.000    -0.6294   2.850394    -0.6291   2.850842    6.44358    -0.0872    13.8155 0.0000e+00  -61.51633  -54.87517 1152869058 195.391895    34.5290 0.0000e+00
    789.000    -0.6296   2.850405    -0.6294   2.850854    6.44442    -0.0871    13.8155 0.0000e+00  -61.51633  -54.87517 1152869059 195.391913    34.5289 0.0000e+00
    790.000    -0.6291   2.850493    -0.6291   2.850928    6.44424    -0.1017    13.8155 0.0000e+00  -61.51633  -54.87517 1152869061 195.391932    34.5289 0.0000e+00
    791.000    -0.6282   2.850608    -0.6280   2.851063    6.44255    -0.0967    13.8155 0.0000e+00  -61.51633  -54.87517 1152869062 195.391947    34.5288 0.0000e+00
    792.000    -0.6280   2.850671    -0.6279   2.851112    6.44247    -0.0897    13.8155 0.0000e+00  -61.51633  -54.87517 1152869064 195.391961    34.5288 0.0000e+00
    793.000    -0.6280   2.850711    -0.6278   2.851157    6.44509    -0.1025    13.8155 0.0000e+00  -61.51633  -54.87517 1152869065 195.391980    34.5287 0.0000e+00
    794.000    -0.6281   2.850749    -0.6277   2.851207    6.44782    -0.1010    13.8155 0.0000e+00  -61.51633  -54.87517 1152869067 195.392000    34.5287 0.0000e+00
    795.000    -0.6284   2.850783    -0.6281   2.851228    6.44701    -0.1037    13.8155 0.0000e+00  -61.51633  -54.87517 1152869068 195.392015    34.5290 0.0000e+00
    796.000    -0.6281   2.850849    -0.6279   2.851291    6.44706    -0.0944    13.8155 0.0000e+00  -61.51633  -54.87517 1152869069 195.392028    34.5290 0.0000e+00
    797.000    -0.6281   2.850887    -0.6280   2.851329    6.44605    -0.0909    13.8155 0.0000e+00  -61.51633  -54.87517 1152869070 195.392040    34.5289 0.0000e+00
    798.000    -0.6277   2.850965    -0.6274   2.851413    6.44782    -0.0903    13.8155 0.0000e+00  -61.51633  -54.87517 1152869072 195.392054    34.5288 0.0000e+00
    799.000    -0.6274   2.851017    -0.6273   2.851463    6.44963    -0.0988    13.8155 0.0000e+00  -61.51633  -54.87517 1152869073 195.392073    34.5287 0.0000e+00
    800.000    -0.6281   2.851026    -0.6285   2.851428    6.44832    -0.1010    13.8155 0.0000e+00  -61.51633  -54.87517 1152869075 195.392092    34.5289 0.0000e+00
    801.000    -0.6328   2.850712    -0.6333   2.851125    6.44790    -0.0986    13.8155 0.0000e+00  -61.51633  -54.87517 1152869076 195.392105    34.5296 0.0000e+00
    802.000    -0.6368   2.850466    -0.6350   2.851033    6.44671    -0.0984    13.8155 0.0000e+00  -61.51633  -54.87517 1152869077 195.392116    34.5304 0.0000e+00
    803.000    -0.6376   2.850457    -0.6377   2.850897    6.44711    -0.0950    13.8155 0.0000e+00  -61.51633  -54.87517 1152869078 195.392128    34.5306 0.0000e+00
    804.000    -0.6388   2.850401    -0.6388   2.850835    6.44600    -0.0915    13.8155 0.0000e+00  -61.51633  -54.87517 1152869080 195.392149    34.5306 0.0000e+00
    805.000    -0.6395   2.850398    -0.6390   2.850873    6.44475    -0.1033    13.8155 0.0000e+00  -61.51633  -54.87517 1152869082 195.392176    34.5308 0.0000e+00
    806.000    -0.6364   2.850679    -0.6364   2.851105    6.44926    -0.0945    13.8155 0.0000e+00  -61.51633  -54.87517 1152869084 195.392194    34.5303 0.0000e+00
    807.000    -0.6369   2.850678    -0.6371   2.851104    6.45099    -0.0866    13.8155 0.0000e+00  -61.51633  -54.87517 1152869085 195.392206    34.5303 0.0000e+00
    808.000    -0.6363   2.850774    -0.6362   2.851220    6.44982    -0.0923    13.8155 0.0000e+00  -61.51633  -54.87517 1152869086 195.392216    34.5303 0.0000e+00
    809.000    -0.6355   2.850871    -0.6351   2.851353    6.45007    -0.1026    13.8155 0.0000e+00  -61.51633  -54.87517 1152869086 195.392225    34.5301 0.0000e+00
    810.000    -0.6345   2.850986    -0.6344   2.851435    6.44974    -0.0936    13.8155 0.0000e+00  -61.51633  -54.87517 1152869087 195.392235    34.5298 0.0000e+00
    811.000    -0.6350   2.851001    -0.6348   2.851447    6.44900    -0.0991    13.8155 0.0000e+00  -61.51633  -54.87517 1152869089 195.392254    34.5300 0.0000e+00
    812.000    -0.6355   2.851019    -0.6354   2.851460    6.44986    -0.0983    13.8155 0.0000e+00  -61.51633  -54.87517 1152869091 195.392283    34.5302 0.0000e+00
    813.000    -0.6354   2.851066    -0.6351   2.851526    6.45023    -0.0969    13.8155 0.0000e+00  -61.51633  -54.87517 1152869093 195.392297    34.5301 0.0000e+00
    814.000    -0.6350   2.851130    -0.6350   2.851570    6.44920    -0.0957    13.8155 0.0000e+00  -61.51633  -54.87517 1152869094 195.392310    34.5299 0.0000e+00
    815.000    -0.6351   2.851169    -0.6348   2.851624    6.45093    -0.0967    13.8155 0.0000e+00  -61.51633  -54.87517 1152869096 195.392332    34.5300 0.0000e+00
    816.000    -0.6346   2.851260    -0.6345   2.851710    6.45238    -0.1077    13.8155 0.0000e+00  -61.51633  -54.87517 1152869097 195.392348    34.5301 0.0000e+00
    817.000    -0.6350   2.851269    -0.6350   2.851714    6.44966    -0.1076    13.8155 0.0000e+00  -61.51633  -54.87517 1152869098 195.392358    34.5301 0.0000e+00
    818.000    -0.6351   2.851303    -0.6351   2.851750    6.44993    -0.1042    13.8155 0.0000e+00  -61.51633  -54.87517 1152869099 195.392367    34.5300 0.0000e+00
    819.000    -0.6367   2.851232    -0.6365   2.851684    6.44921    -0.1009    13.8155 0.0000e+00  -61.51633  -54.87517 1152869100 195.392379    34.5303 0.0000e+00
    820.000    -0.6363   2.851328    -0.6363   2.851748    6.45068    -0.1083    13.8155 0.0000e+00  -61.51633  -54.87517 1152869102 195.392410    34.5306 0.0000e+00
    821.000    -0.6370   2.851295    -0.6372   2.851735    6.44880    -0.0923    13.8155 0.0000e+00  -61.51633  -54.87517 1152869103 195.392421    34.5303 0.0000e+00
    822.000    -0.6351   2.851491    -0.6352   2.851910    6.44865    -0.0920    13.8155 0.0000e+00  -61.51633  -54.87517 1152869104 195.392432    34.5302 0.0000e+00
    823.000    -0.6343   2.851584    -0.6341   2.852024    6.44814    -0.0837    13.8155 0.0000e+00  -61.51633  -54.87517 1152869105 195.392442    34.5299 0.0000e+00
    824.000    -0.6346   2.851602    -0.6343   2.852054    6.44658    -0.0911    13.8155 0.0000e+00  -61.51633  -54.87517 1152869107 195.392465    34.5300 0.0000e+00
    825.000    -0.6348   2.851635    -0.6346   2.852085    6.45125    -0.0833    13.8155 0.0000e+00  -61.51633  -54.87517 1152869109 195.392487    34.5301 0.0000e+00
    826.000    -0.6347   2.851690    -0.6352   2.852091    6.45202    -0.1074    13.8155 0.0000e+00  -61.51633  -54.87517 1152869110 195.392498    34.5301 0.0000e+00
    827.000    -0.6348   2.851722    -0.6350   2.852154    6.45255    -0.1074    13.8155 0.0000e+00  -61.51633  -54.87517 1152869111 195.392508    34.5301 0.0000e+00
    828.000    -0.6347   2.851784    -0.6343   2.852245    6.45193    -0.0876    13.8155 0.0000e+00  -61.51633  -54.87517 1152869112 195.392518    34.5301 0.0000e+00
    829.000    -0.6346   2.851826    -0.6344   2.852267    6.45073    -0.0933    13.8155 0.0000e+00  -61.51633  -54.87517 1152869113 195.392533    34.5300 0.0000e+00
    830.000    -0.6346   2.851867    -0.6343   2.852326    6.45062    -0.0963    13.8155 0.0000e+00  -61.51633  -54.87517 1152869115 195.392552    34.5299 0.0000e+00
    831.000    -0.6351   2.851866    -0.6348   2.852337    6.45125    -0.0965    13.8155 0.0000e+00  -61.51633  -54.87517 1152869116 195.392569    34.5303 0.0000e+00
    832.000    -0.6345   2.851970    -0.6341   2.852426    6.45160    -0.0929    13.8155 0.0000e+00  -61.51633  -54.87517 1152869117 195.392584    34.5300 0.0000e+00
    833.000    -0.6340   2.852057    -0.6337   2.852502    6.45235    -0.0896    13.8155 0.0000e+00  -61.51633  -54.87517 1152869119 195.392598    34.5301 0.0000e+00
    834.000    -0.6350   2.852023    -0.6347   2.852477    6.45400    -0.0937    13.8155 0.0000e+00  -61.51633  -54.87517 1152869120 195.392613    34.5302 0.0000e+00
    835.000    -0.6351   2.852056    -0.6359   2.852423    6.45438    -0.1048    13.8155 0.0000e+00  -61.51633  -54.87517 1152869122 195.392637    34.5302 0.0000e+00
    836.000    -0.6355   2.852073    -0.6343   2.852608    6.45424    -0.1093    13.8155 0.0000e+00  -61.51633  -54.87517 1152869123 195.392652    34.5302 0.0000e+00
    837.000    -0.6377   2.851962    -0.6376   2.852430    6.45221    -0.1035    13.8155 0.0000e+00  -61.51633  -54.87517 1152869124 195.392661    34.5307 0.0000e+00
    838.000    -0.6402   2.851833    -0.6404   2.852290    6.45232    -0.0887    13.8155 0.0000e+00  -61.51633  -54.87517 1152869125 195.392670    34.5314 0.0000e+00
    839.000    -0.6403   2.851877    -0.6403   2.852328    6.45225    -0.0827    13.8155 0.0000e+00  -61.51633  -54.87517 1152869125 195.392677    34.5315 0.0000e+00
    840.000    -0.6400   2.851937    -0.6396   2.852413    6.45295    -0.0804    13.8155 0.0000e+00  -61.51633  -54.87517 1152869126 195.392686    34.5311 0.0000e+00
    841.000    -0.6399   2.851992    -0.6398   2.852430    6.45506    -0.1062    13.8155 0.0000e+00  -61.51633  -54.87517 1152869130 195.392729    34.5313 0.0000e+00
    842.000    -0.6404   2.852001    -0.6405   2.852442    6.45373    -0.0960    13.8155 0.0000e+00  -61.51633  -54.87517 1152869131 195.392744    34.5314 0.0000e+00
    843.000    -0.6405   2.852035    -0.6402   2.852495    6.45376    -0.1012    13.8155 0.0000e+00  -61.51633  -54.87517 1152869132 195.392754    34.5314 0.0000e+00
    844.000    -0.6403   2.852095    -0.6406   2.852515    6.45643    -0.1143    13.8155 0.0000e+00  -61.51633  -54.87517 1152869133 195.392764    34.5313 0.0000e+00
    845.000    -0.6397   2.852177    -0.6392   2.852645    6.45954    -0.1056    13.8155 0.0000e+00  -61.51633  -54.87517 1152869134 195.392777    34.5312 0.0000e+00
    846.000    -0.6396   2.852238    -0.6397   2.852663    6.46098    -0.0960    13.8155 0.0000e+00  -61.51633  -54.87517 1152869135 195.392793    34.5312 0.0000e+00
    847.000    -0.6406   2.852219    -0.6407   2.852655    6.45883    -0.0911    13.8155 0.0000e+00  -61.51633  -54.87517 1152869137 195.392808    34.5316 0.0000e+00
    848.000    -0.6413   2.852216    -0.6413   2.852659    6.45610    -0.0946    13.8155 0.0000e+00  -61.51633  -54.87517 1152869138 195.392820    34.5318 0.0000e+00
    849.000    -0.6425   2.852193    -0.6415   2.852694    6.45259    -0.0971    13.8155 0.0000e+00  -61.51633  -54.87517 1152869139 195.392831    34.5322 0.0000e+00
    850.000    -0.6462   2.852001    -0.6458   2.852469    6.45326    -0.0955    13.8155 0.0000e+00  -61.51633  -54.87517 1152869140 195.392849    34.5333 0.0000e+00
    851.000    -0.6441   2.852195    -0.6451   2.852580    6.45449    -0.0918    13.8155 0.0000e+00  -61.51633  -54.87517 1152869143 195.392880    34.5328 0.0000e+00
    852.000    -0.6463   2.852095    -0.6461   2.852536    6.45147    -0.0960    13.8155 0.0000e+00  -61.51633  -54.87517 1152869144 195.392894    34.5336 0.0000e+00
    853.000    -0.6463   2.852135    -0.6460   2.852586    6.44939    -0.1013    13.8155 0.0000e+00  -61.51633  -54.87517 1152869145 195.392905    34.5334 0.0000e+00
    854.000    -0.6462   2.852192    -0.6460   2.852634    6.44931    -0.1182    13.8155 0.0000e+00  -61.51633  -54.87517 1152869146 195.392915    34.5335 0.0000e+00
    855.000    -0.6461   2.852235    -0.6460   2.852683    6.45065    -0.0898    13.8155 0.0000e+00  -61.51633  -54.87517 1152869147 195.392926    34.5334 0.0000e+00
    856.000    -0.6461   2.852283    -0.6460   2.852728    6.45061    -0.0912    13.8155 0.0000e+00  -61.51633  -54.87517 1152869148 195.392938    34.5334 0.0000e+00
    857.000    -0.6459   2.852331    -0.6458   2.852782    6.44985    -0.1052    13.8155 0.0000e+00  -61.51633  -54.87517 1152869149 195.392951    34.5332 0.0000e+00
    858.000    -0.6458   2.852375    -0.6457   2.852828    6.44985    -0.0913    13.8155 0.0000e+00  -61.51633  -54.87517 1152869150 195.392967    34.5331 0.0000e+00
    859.000    -0.6457   2.852419    -0.6457   2.852869    6.45127    -0.0961    13.8155 0.0000e+00  -61.51633  -54.87517 1152869152 195.392986    34.5330 0.0000e+00
    860.000    -0.6458   2.852467    -0.6457   2.852914    6.45236    -0.0997    13.8155 0.0000e+00  -61.51633  -54.87517 1152869154 195.393006    34.5332 0.0000e+00
    861.000    -0.6459   2.852509    -0.6457   2.852951    6.45278    -0.1024    13.8155 0.0000e+00  -61.51633  -54.87517 1152869155 195.393022    34.5332 0.0000e+00
    862.000    -0.6459   2.852556    -0.6457   2.853004    6.45144    -0.0834    13.8155 0.0000e+00  -61.51633  -54.87517 1152869156 195.393036    34.5333 0.0000e+00
    863.000    -0.6460   2.852589    -0.6458   2.853043    6.45151    -0.1132    13.8155 0.0000e+00  -61.51633  -54.87517 1152869158 195.393050    34.5333 0.0000e+00
    864.000    -0.6458   2.852651    -0.6457   2.853096    6.45226    -0.0953    13.8155 0.0000e+00  -61.51633  -54.87517 1152869159 195.393064    34.5333 0.0000e+00
    865.000    -0.6462   2.852669    -0.6461   2.853114    6.45223    -0.0986    13.8155 0.0000e+00  -61.51633  -54.87517 1152869160 195.393078    34.5334 0.0000e+00
    866.000    -0.6463   2.852703    -0.6462   2.853148    6.45281    -0.0935    13.8155 0.0000e+00  -61.51633  -54.87517 1152869161 195.393091    34.5334 0.0000e+00
    867.000    -0.6463   2.852748    -0.6462   2.853195    6.45316    -0.1079    13.8155 0.0000e+00  -61.51633  -54.87517 1152869162 195.393104    34.5334 0.0000e+00
    868.000    -0.6463   2.852792    -0.6463   2.853239    6.45223    -0.0995    13.8155 0.0000e+00  -61.51633  -54.87517 1152869163 195.393115    34.5333 0.0000e+00
    869.000    -0.6469   2.852791    -0.6467   2.853248    6.44917    -0.0896    13.8155 0.0000e+00  -61.51633  -54.87517 1152869164 195.393128    34.5335 0.0000e+00
    870.000    -0.6469   2.852829    -0.6468   2.853277    6.45009    -0.1030    13.8155 0.0000e+00  -61.51633  -54.87517 1152869166 195.393148    34.5334 0.0000e+00
    871.000    -0.6467   2.852902    -0.6466   2.853334    6.45225    -0.1023    13.8155 0.0000e+00  -61.51633  -54.87517 1152869168 195.393172    34.5335 0.0000e+00
    872.000    -0.6464   2.852973    -0.6463   2.853414    6.45603    -0.0923    13.8155 0.0000e+00  -61.51633  -54.87517 1152869170 195.393189    34.5335 0.0000e+00
    873.000    -0.6464   2.853013    -0.6463   2.853453    6.45708    -0.1055    13.8155 0.0000e+00  -61.51633  -54.87517 1152869171 195.393203    34.5336 0.0000e+00
    874.000    -0.6465   2.853057    -0.6464   2.853500    6.45882    -0.0961    13.8155 0.0000e+00  -61.51633  -54.87517 1152869172 195.393215    34.5336 0.0000e+00
    875.000    -0.6467   2.853085    -0.6465   2.853535    6.45663    -0.1106    13.8155 0.0000e+00  -61.51633  -54.87517 1152869173 195.393226    34.5337 0.0000e+00
    876.000    -0.6469   2.853112    -0.6467   2.853569    6.45614    -0.1029    13.8155 0.0000e+00  -61.51633  -54.87517 1152869174 195.393236    34.5337 0.0000e+00
    877.000    -0.6466   2.853180    -0.6465   2.853628    6.45422    -0.0989    13.8155 0.0000e+00  -61.51633  -54.87517 1152869175 195.393247    34.5336 0.0000e+00
