product_data/regression_test/downloaded_data/MDGS/320620060703/ctd/adapted/heads_insert_p6610901.cnv
* Sea-Bird SBE 9 Data File:
* FileName = D:\Data\Raw\p6610901.dat
* Software Version Seasave Win32 V 5.32
* Temperature SN = 1649
* Conductivity SN = 1431
* Number of Bytes Per Scan = 37
* Number of Voltage Words = 5
* Number of Scans Averaged by the Deck Unit = 1
* NMEA Latitude = 61 18.97 S
* NMEA Longitude = 054 52.55 W
* NMEA UTC (Time) = 01:40:04
** Ship:   Nathaniel B. Palmer 
** Cruise:    NBP0606 
# nquan = 15
# nvalues = 649                         
# units = specified
# name 0 = prDM: Pressure, Digiquartz [db]
# name 1 = t090C: Temperature [ITS-90, deg C]
# name 2 = c0S/m: Conductivity [S/m]
# name 3 = t190C: Temperature, 2 [ITS-90, deg C]
# name 4 = c1S/m: Conductivity, 2 [S/m]
# name 5 = sbeox0ML/L: Oxygen, SBE 43 [ml/l]
# name 6 = flECO-AFL: Fluorescence, Wetlab ECO-AFL/FL [mg/m^3]
# name 7 = bat: Beam Attenuation, Chelsea/Seatech/Wetlab CStar [1/m]
# name 8 = spar: SPAR/Surface Irradiance
# name 9 = latitude: Latitude [deg]
# name 10 = longitude: Longitude [deg]
# name 11 = timeY: Time, System [seconds]
# name 12 = timeJ: Julian Days
# name 13 = sal00: Salinity [PSU]
# name 14 = flag: flag
# span 0 =      2.000,    650.000       
# span 1 =    -0.7709,     0.3992       
# span 2 =   2.783058,   2.921612       
# span 3 =    -0.7710,     0.3999       
# span 4 =   2.783532,   2.921992       
# span 5 =    5.79920,    7.48556       
# span 6 =    -0.0965,     0.1789       
# span 7 =    13.8155,    13.8155       
# span 8 = 0.0000e+00, 0.0000e+00       
# span 9 =  -61.31617,  -61.31617       
# span 10 =  -54.87583,  -54.87583      
# span 11 = 1152841223, 1152842304      
# span 12 = 195.069727, 195.082237      
# span 13 =    34.2271,    34.5366      
# span 14 = 0.0000e+00, 0.0000e+00      
# interval = decibars: 1                
# start_time = Jul 14 2006 01:40:12
# bad_flag = -9.990e-29
*END*
[from data line 579]
    580.000     0.2284   2.914439     0.2296   2.914903    5.89152    -0.0841    13.8155 0.0000e+00  -61.31617  -54.87583 1152842152 195.080484    34.5350 0.0000e+00
    581.000     0.2316   2.914812     0.2326   2.915262    5.88839    -0.0814    13.8155 0.0000e+00  -61.31617  -54.87583 1152842154 195.080501    34.5356 0.0000e+00
    582.000     0.2336   2.915074     0.2338   2.915433    5.88543    -0.0783    13.8155 0.0000e+00  -61.31617  -54.87583 1152842155 195.080516    34.5361 0.0000e+00
    583.000     0.2338   2.915136     0.2340   2.915514    5.88354    -0.0684    13.8155 0.0000e+00  -61.31617  -54.87583 1152842156 195.080528    34.5362 0.0000e+00
    584.000     0.2342   2.915204     0.2344   2.915603    5.88540    -0.0746    13.8155 0.0000e+00  -61.31617  -54.87583 1152842157 195.080540    34.5362 0.0000e+00
    585.000     0.2344   2.915264     0.2348   2.915679    5.88718    -0.0769    13.8155 0.0000e+00  -61.31617  -54.87583 1152842158 195.080550    34.5362 0.0000e+00
    586.000     0.2347   2.915370     0.2352   2.915783    5.88524    -0.0839    13.8155 0.0000e+00  -61.31617  -54.87583 1152842159 195.080561    34.5366 0.0000e+00
    587.000     0.2349   2.915432     0.2350   2.915821    5.88591    -0.0810    13.8155 0.0000e+00  -61.31617  -54.87583 1152842160 195.080574    34.5366 0.0000e+00
    588.000     0.2228   2.914351     0.2221   2.914740    5.89161    -0.0929    13.8155 0.0000e+00  -61.31617  -54.87583 1152842161 195.080590    34.5356 0.0000e+00
    589.000     0.2038   2.912698     0.2070   2.913400    5.89530    -0.0646    13.8155 0.0000e+00  -61.31617  -54.87583 1152842163 195.080608    34.5352 0.0000e+00
    590.000     0.1958   2.912030     0.1965   2.912501    5.90144    -0.0777    13.8155 0.0000e+00  -61.31617  -54.87583 1152842164 195.080627    34.5349 0.0000e+00
    591.000     0.1887   2.911429     0.1922   2.912125    5.90406    -0.0746    13.8155 0.0000e+00  -61.31617  -54.87583 1152842166 195.080645    34.5345 0.0000e+00
    592.000     0.1890   2.911506     0.1883   2.911876    5.90973    -0.0788    13.8155 0.0000e+00  -61.31617  -54.87583 1152842167 195.080659    34.5343 0.0000e+00
    593.000     0.1690   2.909759     0.1694   2.910212    5.91689    -0.0727    13.8155 0.0000e+00  -61.31617  -54.87583 1152842168 195.080671    34.5338 0.0000e+00
    594.000     0.1714   2.910032     0.1703   2.910320    5.92055    -0.0965    13.8155 0.0000e+00  -61.31617  -54.87583 1152842169 195.080682    34.5340 0.0000e+00
    595.000     0.1666   2.909620     0.1673   2.910097    5.92372    -0.0621    13.8155 0.0000e+00  -61.31617  -54.87583 1152842170 195.080691    34.5332 0.0000e+00
    596.000     0.1659   2.909622     0.1662   2.910047    5.92597    -0.0805    13.8155 0.0000e+00  -61.31617  -54.87583 1152842171 195.080701    34.5336 0.0000e+00
    597.000     0.1683   2.909875     0.1690   2.910337    5.92592    -0.0611    13.8155 0.0000e+00  -61.31617  -54.87583 1152842172 195.080712    34.5334 0.0000e+00
    598.000     0.1702   2.910114     0.1700   2.910470    5.92750    -0.0735    13.8155 0.0000e+00  -61.31617  -54.87583 1152842173 195.080728    34.5336 0.0000e+00
    599.000     0.1665   2.909820     0.1663   2.910204    5.92675    -0.0749    13.8155 0.0000e+00  -61.31617  -54.87583 1152842176 195.080766    34.5331 0.0000e+00
    600.000     0.1591   2.909229     0.1604   2.909684    5.93307    -0.0876    13.8155 0.0000e+00  -61.31617  -54.87583 1152842179 195.080792    34.5334 0.0000e+00
    601.000     0.1641   2.909718     0.1621   2.909903    5.94095    -0.0863    13.8155 0.0000e+00  -61.31617  -54.87583 1152842181 195.080815    34.5332 0.0000e+00
    602.000     0.1644   2.909792     0.1652   2.910221    5.94177    -0.0835    13.8155 0.0000e+00  -61.31617  -54.87583 1152842182 195.080836    34.5331 0.0000e+00
    603.000     0.1644   2.909843     0.1621   2.909972    5.94943    -0.0793    13.8155 0.0000e+00  -61.31617  -54.87583 1152842184 195.080855    34.5325 0.0000e+00
    604.000     0.0979   2.903790     0.0923   2.903771    5.96542    -0.0808    13.8155 0.0000e+00  -61.31617  -54.87583 1152842187 195.080885    34.5290 0.0000e+00
    605.000     0.0691   2.901267     0.0687   2.901649    5.98500    -0.0752    13.8155 0.0000e+00  -61.31617  -54.87583 1152842189 195.080915    34.5280 0.0000e+00
    606.000     0.0692   2.901352     0.0695   2.901780    5.99375    -0.0766    13.8155 0.0000e+00  -61.31617  -54.87583 1152842191 195.080940    34.5279 0.0000e+00
    607.000     0.0701   2.901503     0.0703   2.901925    5.99549    -0.0744    13.8155 0.0000e+00  -61.31617  -54.87583 1152842193 195.080963    34.5278 0.0000e+00
    608.000     0.0708   2.901624     0.0709   2.902027    5.99897    -0.0847    13.8155 0.0000e+00  -61.31617  -54.87583 1152842195 195.080984    34.5277 0.0000e+00
    609.000     0.0801   2.902571     0.0794   2.902873    5.99970    -0.0816    13.8155 0.0000e+00  -61.31617  -54.87583 1152842197 195.081010    34.5286 0.0000e+00
    610.000     0.0893   2.903462     0.0895   2.903877    5.99625    -0.0774    13.8155 0.0000e+00  -61.31617  -54.87583 1152842199 195.081032    34.5291 0.0000e+00
    611.000     0.0888   2.903453     0.0896   2.903947    5.99420    -0.0875    13.8155 0.0000e+00  -61.31617  -54.87583 1152842201 195.081050    34.5290 0.0000e+00
    612.000     0.0897   2.903632     0.0901   2.904050    5.99166    -0.0717    13.8155 0.0000e+00  -61.31617  -54.87583 1152842204 195.081081    34.5297 0.0000e+00
    613.000     0.0908   2.903805     0.0913   2.904245    5.99134    -0.0870    13.8155 0.0000e+00  -61.31617  -54.87583 1152842206 195.081113    34.5301 0.0000e+00
    614.000     0.0910   2.903867     0.0913   2.904303    5.99022    -0.0716    13.8155 0.0000e+00  -61.31617  -54.87583 1152842208 195.081133    34.5302 0.0000e+00
    615.000     0.0908   2.903910     0.0910   2.904321    5.98910    -0.0779    13.8155 0.0000e+00  -61.31617  -54.87583 1152842210 195.081151    34.5304 0.0000e+00
    616.000     0.0904   2.903875     0.0905   2.904266    5.98681    -0.0771    13.8155 0.0000e+00  -61.31617  -54.87583 1152842211 195.081171    34.5298 0.0000e+00
    617.000     0.0907   2.903970     0.0910   2.904372    5.98420    -0.0835    13.8155 0.0000e+00  -61.31617  -54.87583 1152842214 195.081206    34.5301 0.0000e+00
    618.000     0.0909   2.904053     0.0911   2.904457    5.98822    -0.0718    13.8155 0.0000e+00  -61.31617  -54.87583 1152842217 195.081232    34.5304 0.0000e+00
    619.000     0.0909   2.904112     0.0913   2.904535    5.98744    -0.0712    13.8155 0.0000e+00  -61.31617  -54.87583 1152842218 195.081249    34.5306 0.0000e+00
    620.000     0.0923   2.904300     0.0925   2.904692    5.98787    -0.0765    13.8155 0.0000e+00  -61.31617  -54.87583 1152842220 195.081274    34.5308 0.0000e+00
    621.000     0.0924   2.904370     0.0928   2.904786    5.98805    -0.0838    13.8155 0.0000e+00  -61.31617  -54.87583 1152842223 195.081303    34.5311 0.0000e+00
    622.000     0.0924   2.904434     0.0928   2.904840    5.98682    -0.0785    13.8155 0.0000e+00  -61.31617  -54.87583 1152842225 195.081324    34.5313 0.0000e+00
    623.000     0.0924   2.904471     0.0926   2.904878    5.98894    -0.0772    13.8155 0.0000e+00  -61.31617  -54.87583 1152842226 195.081341    34.5313 0.0000e+00
    624.000     0.0926   2.904537     0.0928   2.904927    5.99095    -0.0832    13.8155 0.0000e+00  -61.31617  -54.87583 1152842229 195.081370    34.5313 0.0000e+00
    625.000     0.0923   2.904573     0.0925   2.904975    5.99227    -0.0762    13.8155 0.0000e+00  -61.31617  -54.87583 1152842232 195.081404    34.5316 0.0000e+00
    626.000     0.0922   2.904640     0.0926   2.905055    5.99277    -0.0784    13.8155 0.0000e+00  -61.31617  -54.87583 1152842233 195.081423    34.5320 0.0000e+00
    627.000     0.0923   2.904678     0.0926   2.905090    5.99054    -0.0752    13.8155 0.0000e+00  -61.31617  -54.87583 1152842235 195.081442    34.5318 0.0000e+00
    628.000     0.0925   2.904755     0.0928   2.905160    5.98970    -0.0805    13.8155 0.0000e+00  -61.31617  -54.87583 1152842237 195.081462    34.5320 0.0000e+00
    629.000     0.0923   2.904777     0.0929   2.905200    5.98794    -0.0873    13.8155 0.0000e+00  -61.31617  -54.87583 1152842239 195.081492    34.5319 0.0000e+00
    630.000     0.0914   2.904759     0.0918   2.905170    5.98732    -0.0839    13.8155 0.0000e+00  -61.31617  -54.87583 1152842242 195.081520    34.5322 0.0000e+00
    631.000     0.0913   2.904803     0.0916   2.905205    5.98603    -0.0846    13.8155 0.0000e+00  -61.31617  -54.87583 1152842243 195.081541    34.5322 0.0000e+00
    632.000     0.0923   2.904952     0.0926   2.905358    5.98283    -0.0797    13.8155 0.0000e+00  -61.31617  -54.87583 1152842245 195.081563    34.5325 0.0000e+00
    633.000     0.0939   2.905178     0.0942   2.905581    5.98080    -0.0857    13.8155 0.0000e+00  -61.31617  -54.87583 1152842248 195.081592    34.5331 0.0000e+00
    634.000     0.0951   2.905346     0.0954   2.905751    5.97986    -0.0768    13.8155 0.0000e+00  -61.31617  -54.87583 1152842250 195.081621    34.5334 0.0000e+00
    635.000     0.0961   2.905491     0.0969   2.905923    5.98110    -0.0746    13.8155 0.0000e+00  -61.31617  -54.87583 1152842251 195.081635    34.5335 0.0000e+00
    636.000     0.0946   2.905397     0.0939   2.905728    5.98318    -0.0853    13.8155 0.0000e+00  -61.31617  -54.87583 1152842253 195.081649    34.5334 0.0000e+00
    637.000     0.0907   2.905100     0.0906   2.905471    5.98579    -0.0823    13.8155 0.0000e+00  -61.31617  -54.87583 1152842257 195.081699    34.5334 0.0000e+00
    638.000     0.0838   2.904555     0.0839   2.904966    5.98828    -0.0765    13.8155 0.0000e+00  -61.31617  -54.87583 1152842259 195.081721    34.5335 0.0000e+00
    639.000     0.0789   2.904170     0.0792   2.904587    5.98926    -0.0824    13.8155 0.0000e+00  -61.31617  -54.87583 1152842260 195.081737    34.5335 0.0000e+00
    640.000     0.0711   2.903504     0.0719   2.904001    5.99239    -0.0891    13.8155 0.0000e+00  -61.31617  -54.87583 1152842262 195.081756    34.5331 0.0000e+00
    641.000     0.0588   2.902473     0.0579   2.902805    6.00038    -0.0912    13.8155 0.0000e+00  -61.31617  -54.87583 1152842264 195.081785    34.5329 0.0000e+00
    642.000     0.0510   2.901850     0.0512   2.902263    6.00994    -0.0918    13.8155 0.0000e+00  -61.31617  -54.87583 1152842267 195.081815    34.5328 0.0000e+00
    643.000     0.0497   2.901783     0.0503   2.902237    6.01433    -0.0848    13.8155 0.0000e+00  -61.31617  -54.87583 1152842269 195.081834    34.5327 0.0000e+00
    644.000     0.0459   2.901489     0.0460   2.901897    6.01568    -0.0908    13.8155 0.0000e+00  -61.31617  -54.87583 1152842271 195.081855    34.5324 0.0000e+00
    645.000     0.0422   2.901212     0.0426   2.901640    6.01495    -0.0834    13.8155 0.0000e+00  -61.31617  -54.87583 1152842274 195.081892    34.5322 0.0000e+00
    646.000     0.0393   2.900999     0.0408   2.901520    6.01496    -0.0838    13.8155 0.0000e+00  -61.31617  -54.87583 1152842276 195.081917    34.5321 0.0000e+00
    647.000     0.0428   2.901359     0.0423   2.901698    6.01765    -0.0853    13.8155 0.0000e+00  -61.31617  -54.87583 1152842277 195.081930    34.5322 0.0000e+00
    648.000     0.0370   2.900888     0.0379   2.901367    6.01813    -0.0937    13.8155 0.0000e+00  -61.31617  -54.87583 1152842278 195.081944    34.5320 0.0000e+00
    649.000     0.0355   2.900802     0.0360   2.901245    6.01829    -0.0777    13.8155 0.0000e+00  -61.31617  -54.87583 1152842287 195.082045    34.5318 0.0000e+00
    650.000     0.0323   2.900560     0.0328   2.901028    6.02104    -0.0813    13.8155 0.0000e+00  -61.31617  -54.87583 1152842304 195.082237    34.5316 0.0000e+00
