product_data/regression_test/downloaded_data/MDGS/320620060703/ctd/adapted/heads_insert_p6618201.cnv
* Sea-Bird SBE 9 Data File:
* FileName = D:\Data\Raw\p6618201.dat
* Software Version Seasave Win32 V 5.32
* Temperature SN = 1649
* Conductivity SN = 1431
* Number of Bytes Per Scan = 37
* Number of Voltage Words = 5
* Number of Scans Averaged by the Deck Unit = 1
* NMEA Latitude = 60 37.00 S
* NMEA Longitude = 054 09.03 W
* NMEA UTC (Time) = 08:45:16
** Ship:   Nathaniel B. Palmer 
** Cruise:    NBP0606 
# nquan = 15
# nvalues = 1506                        
# units = specified
# name 0 = prDM: Pressure, Digiquartz [db]
# name 1 = t090C: Temperature [ITS-90, deg C]
# name 2 = c0S/m: Conductivity [S/m]
# name 3 = t190C: Temperature, 2 [ITS-90, deg C]
# name 4 = c1S/m: Conductivity, 2 [S/m]
# name 5 = sbeox0ML/L: Oxygen, SBE 43 [ml/l]
# name 6 = flECO-AFL: Fluorescence, Wetlab ECO-AFL/FL [mg/m^3]
# name 7 = bat: Beam Attenuation, Chelsea/Seatech/Wetlab CStar [1/m]
# name 8 = spar: SPAR/Surface Irradiance
# name 9 = latitude: Latitude [deg]
# name 10 = longitude: Longitude [deg]
# name 11 = timeY: Time, System [seconds]
# name 12 = timeJ: Julian Days
# name 13 = sal00: Salinity [PSU]
# name 14 = flag: flag
# span 0 =      2.000,   1507.000       
# span 1 =    -0.9163,     1.9741       
# span 2 =   2.763078,   3.064089       
# span 3 =    -0.9173,     1.9751       
# span 4 =   2.763781,   3.064365       
# span 5 =    4.37155,    7.81680       
# span 6 =    -0.1074,     0.4601       
# span 7 =    13.8155,    13.8155       
# span 8 = 0.0000e+00, 0.0000e+00       
# span 9 =  -60.61667,  -60.61667       
# span 10 =  -54.15050,  -54.15050      
# span 11 = 1153557946, 1153560017      
# span 12 = 203.365132, 203.389114      
# span 13 =    34.1500,    34.7272      
# span 14 = 0.0000e+00, 0.0000e+00      
# interval = decibars: 1                
# start_time = Jul 22 2006 08:45:25
# bad_flag = -9.990e-29
*END*
[from data line 97]
     98.000    -0.2887   2.834215    -0.2902   2.834480    6.78616     0.3219    13.8155 0.0000e+00  -60.61667  -54.15050 1153558169 203.367723    34.3427 0.0000e+00
     99.000    -0.2978   2.833586    -0.2976   2.833992    6.79115     0.3183    13.8155 0.0000e+00  -60.61667  -54.15050 1153558172 203.367761    34.3438 0.0000e+00
    100.000    -0.2984   2.833676    -0.2982   2.834060    6.79368     0.3104    13.8155 0.0000e+00  -60.61667  -54.15050 1153558175 203.367788    34.3451 0.0000e+00
    101.000    -0.2972   2.833865    -0.2965   2.834305    6.79637     0.3367    13.8155 0.0000e+00  -60.61667  -54.15050 1153558176 203.367803    34.3455 0.0000e+00
    102.000    -0.2919   2.834408    -0.2921   2.834753    6.79419     0.3171    13.8155 0.0000e+00  -60.61667  -54.15050 1153558177 203.367815    34.3461 0.0000e+00
    103.000    -0.2868   2.834943    -0.2872   2.835240    6.78875     0.3310    13.8155 0.0000e+00  -60.61667  -54.15050 1153558178 203.367828    34.3467 0.0000e+00
    104.000    -0.2794   2.835686    -0.2770   2.836251    6.77962     0.3620    13.8155 0.0000e+00  -60.61667  -54.15050 1153558181 203.367861    34.3474 0.0000e+00
    105.000    -0.2769   2.836083    -0.2726   2.836761    6.77014     0.3780    13.8155 0.0000e+00  -60.61667  -54.15050 1153558184 203.367898    34.3495 0.0000e+00
    106.000    -0.2503   2.838721    -0.2490   2.839135    6.76270     0.3936    13.8155 0.0000e+00  -60.61667  -54.15050 1153558185 203.367908    34.3531 0.0000e+00
    107.000    -0.2452   2.839235    -0.2442   2.839650    6.75509     0.3747    13.8155 0.0000e+00  -60.61667  -54.15050 1153558186 203.367920    34.3536 0.0000e+00
    108.000    -0.2417   2.839651    -0.2408   2.840058    6.74718     0.4027    13.8155 0.0000e+00  -60.61667  -54.15050 1153558187 203.367932    34.3545 0.0000e+00
    109.000    -0.2375   2.840127    -0.2369   2.840495    6.73933     0.4324    13.8155 0.0000e+00  -60.61667  -54.15050 1153558188 203.367948    34.3555 0.0000e+00
    110.000    -0.2340   2.840548    -0.2331   2.840941    6.73192     0.4456    13.8155 0.0000e+00  -60.61667  -54.15050 1153558190 203.367964    34.3567 0.0000e+00
    111.000    -0.2286   2.841178    -0.2278   2.841572    6.72590     0.4601    13.8155 0.0000e+00  -60.61667  -54.15050 1153558191 203.367978    34.3585 0.0000e+00
    112.000    -0.2258   2.841508    -0.2248   2.841923    6.72189     0.3946    13.8155 0.0000e+00  -60.61667  -54.15050 1153558192 203.367991    34.3591 0.0000e+00
    113.000    -0.2215   2.842017    -0.2204   2.842434    6.71708     0.3532    13.8155 0.0000e+00  -60.61667  -54.15050 1153558193 203.368004    34.3605 0.0000e+00
    114.000    -0.2168   2.842545    -0.2159   2.842953    6.71021     0.3676    13.8155 0.0000e+00  -60.61667  -54.15050 1153558195 203.368019    34.3615 0.0000e+00
    115.000    -0.2150   2.842786    -0.2140   2.843198    6.70259     0.4156    13.8155 0.0000e+00  -60.61667  -54.15050 1153558196 203.368037    34.3622 0.0000e+00
    116.000    -0.2120   2.843131    -0.2110   2.843530    6.69674     0.4059    13.8155 0.0000e+00  -60.61667  -54.15050 1153558198 203.368055    34.3629 0.0000e+00
    117.000    -0.2058   2.843814    -0.2050   2.844152    6.68987     0.3749    13.8155 0.0000e+00  -60.61667  -54.15050 1153558199 203.368071    34.3646 0.0000e+00
    118.000    -0.1847   2.845970    -0.1842   2.846297    6.68024     0.3443    13.8155 0.0000e+00  -60.61667  -54.15050 1153558200 203.368085    34.3682 0.0000e+00
    119.000    -0.1822   2.846255    -0.1804   2.846728    6.67553     0.3363    13.8155 0.0000e+00  -60.61667  -54.15050 1153558202 203.368099    34.3687 0.0000e+00
    120.000    -0.1806   2.846449    -0.1797   2.846861    6.67053     0.3706    13.8155 0.0000e+00  -60.61667  -54.15050 1153558203 203.368111    34.3688 0.0000e+00
    121.000    -0.1782   2.846762    -0.1758   2.847285    6.66460     0.3515    13.8155 0.0000e+00  -60.61667  -54.15050 1153558204 203.368123    34.3700 0.0000e+00
    122.000    -0.1688   2.847746    -0.1686   2.848019    6.65623     0.2944    13.8155 0.0000e+00  -60.61667  -54.15050 1153558205 203.368135    34.3717 0.0000e+00
    123.000    -0.1628   2.848344    -0.1617   2.848744    6.65026     0.2750    13.8155 0.0000e+00  -60.61667  -54.15050 1153558206 203.368146    34.3721 0.0000e+00
    124.000    -0.1624   2.848426    -0.1617   2.848802    6.64322     0.2493    13.8155 0.0000e+00  -60.61667  -54.15050 1153558207 203.368160    34.3723 0.0000e+00
    125.000    -0.1569   2.849007    -0.1572   2.849276    6.63668     0.2122    13.8155 0.0000e+00  -60.61667  -54.15050 1153558209 203.368182    34.3734 0.0000e+00
    126.000    -0.1446   2.850286    -0.1441   2.850586    6.62792     0.1916    13.8155 0.0000e+00  -60.61667  -54.15050 1153558211 203.368204    34.3759 0.0000e+00
    127.000    -0.1360   2.851167    -0.1344   2.851575    6.61752     0.1918    13.8155 0.0000e+00  -60.61667  -54.15050 1153558212 203.368217    34.3772 0.0000e+00
    128.000    -0.1308   2.851701    -0.1300   2.852065    6.60961     0.2009    13.8155 0.0000e+00  -60.61667  -54.15050 1153558213 203.368227    34.3778 0.0000e+00
    129.000    -0.1264   2.852156    -0.1258   2.852536    6.60555     0.1894    13.8155 0.0000e+00  -60.61667  -54.15050 1153558213 203.368237    34.3782 0.0000e+00
    130.000    -0.1255   2.852299    -0.1234   2.852803    6.59763     0.1722    13.8155 0.0000e+00  -60.61667  -54.15050 1153558214 203.368248    34.3786 0.0000e+00
    131.000    -0.1170   2.853188    -0.1145   2.853689    6.58547     0.1736    13.8155 0.0000e+00  -60.61667  -54.15050 1153558216 203.368262    34.3803 0.0000e+00
    132.000    -0.0969   2.855206    -0.0954   2.855597    6.57271     0.1502    13.8155 0.0000e+00  -60.61667  -54.15050 1153558217 203.368279    34.3836 0.0000e+00
    133.000    -0.0873   2.856186    -0.0871   2.856465    6.56064     0.1599    13.8155 0.0000e+00  -60.61667  -54.15050 1153558218 203.368295    34.3851 0.0000e+00
    134.000    -0.0771   2.857252    -0.0773   2.857465    6.54566     0.1625    13.8155 0.0000e+00  -60.61667  -54.15050 1153558220 203.368311    34.3871 0.0000e+00
    135.000    -0.0692   2.858048    -0.0693   2.858295    6.53803     0.1797    13.8155 0.0000e+00  -60.61667  -54.15050 1153558221 203.368326    34.3881 0.0000e+00
    136.000    -0.0633   2.858666    -0.0609   2.859139    6.53063     0.2412    13.8155 0.0000e+00  -60.61667  -54.15050 1153558223 203.368344    34.3893 0.0000e+00
    137.000    -0.0479   2.860209    -0.0457   2.860679    6.52409     0.2512    13.8155 0.0000e+00  -60.61667  -54.15050 1153558224 203.368360    34.3916 0.0000e+00
    138.000    -0.0498   2.860024    -0.0499   2.860344    6.52045     0.2203    13.8155 0.0000e+00  -60.61667  -54.15050 1153558225 203.368372    34.3908 0.0000e+00
    139.000    -0.0484   2.860254    -0.0488   2.860457    6.51466     0.1907    13.8155 0.0000e+00  -60.61667  -54.15050 1153558226 203.368382    34.3921 0.0000e+00
    140.000    -0.0471   2.860385    -0.0431   2.861045    6.50917     0.2092    13.8155 0.0000e+00  -60.61667  -54.15050 1153558227 203.368392    34.3918 0.0000e+00
    141.000    -0.0411   2.861023    -0.0396   2.861424    6.50346     0.2564    13.8155 0.0000e+00  -60.61667  -54.15050 1153558228 203.368403    34.3929 0.0000e+00
    142.000    -0.0354   2.861613    -0.0336   2.862056    6.49521     0.2271    13.8155 0.0000e+00  -60.61667  -54.15050 1153558229 203.368420    34.3936 0.0000e+00
    143.000    -0.0296   2.862263    -0.0294   2.862502    6.48550     0.2311    13.8155 0.0000e+00  -60.61667  -54.15050 1153558231 203.368440    34.3954 0.0000e+00
    144.000    -0.0084   2.864379    -0.0083   2.864593    6.47045     0.2252    13.8155 0.0000e+00  -60.61667  -54.15050 1153558232 203.368453    34.3986 0.0000e+00
    145.000     0.0144   2.866702     0.0139   2.866835    6.45141     0.2394    13.8155 0.0000e+00  -60.61667  -54.15050 1153558233 203.368466    34.4027 0.0000e+00
    146.000     0.0321   2.868477     0.0315   2.868628    6.43125     0.2441    13.8155 0.0000e+00  -60.61667  -54.15050 1153558235 203.368485    34.4053 0.0000e+00
    147.000     0.0394   2.869317     0.0403   2.869589    6.41040     0.2377    13.8155 0.0000e+00  -60.61667  -54.15050 1153558237 203.368506    34.4081 0.0000e+00
    148.000     0.0557   2.870857     0.0583   2.871358    6.40225     0.2186    13.8155 0.0000e+00  -60.61667  -54.15050 1153558238 203.368518    34.4090 0.0000e+00
    149.000     0.0505   2.870643     0.0513   2.870953    6.39216     0.1869    13.8155 0.0000e+00  -60.61667  -54.15050 1153558239 203.368528    34.4121 0.0000e+00
    150.000     0.0527   2.871022     0.0537   2.871379    6.38378     0.1700    13.8155 0.0000e+00  -60.61667  -54.15050 1153558239 203.368537    34.4140 0.0000e+00
    151.000     0.0513   2.871041     0.0523   2.871392    6.37786     0.1741    13.8155 0.0000e+00  -60.61667  -54.15050 1153558240 203.368547    34.4154 0.0000e+00
    152.000     0.0435   2.870437     0.0455   2.870936    6.37335     0.2060    13.8155 0.0000e+00  -60.61667  -54.15050 1153558242 203.368561    34.4159 0.0000e+00
    153.000     0.0344   2.869756     0.0354   2.870129    6.37096     0.1698    13.8155 0.0000e+00  -60.61667  -54.15050 1153558243 203.368582    34.4172 0.0000e+00
    154.000     0.0361   2.870004     0.0370   2.870377    6.37620     0.1223    13.8155 0.0000e+00  -60.61667  -54.15050 1153558245 203.368599    34.4180 0.0000e+00
    155.000     0.0350   2.869983     0.0356   2.870330    6.37360     0.1077    13.8155 0.0000e+00  -60.61667  -54.15050 1153558246 203.368612    34.4184 0.0000e+00
    156.000     0.0330   2.869889     0.0337   2.870244    6.36734     0.0644    13.8155 0.0000e+00  -60.61667  -54.15050 1153558247 203.368628    34.4189 0.0000e+00
    157.000     0.0031   2.867302    -0.0055   2.867066    6.36462     0.0591    13.8155 0.0000e+00  -60.61667  -54.15050 1153558249 203.368645    34.4179 0.0000e+00
    158.000    -0.0389   2.863795    -0.0383   2.864192    6.36243     0.0487    13.8155 0.0000e+00  -60.61667  -54.15050 1153558250 203.368660    34.4200 0.0000e+00
    159.000    -0.0345   2.864277    -0.0300   2.864968    6.34497     0.0302    13.8155 0.0000e+00  -60.61667  -54.15050 1153558251 203.368672    34.4206 0.0000e+00
    160.000     0.0013   2.867776     0.0055   2.868275    6.33142     0.0131    13.8155 0.0000e+00  -60.61667  -54.15050 1153558252 203.368683    34.4250 0.0000e+00
    161.000     0.0335   2.870800     0.0343   2.870978    6.30513     0.0260    13.8155 0.0000e+00  -60.61667  -54.15050 1153558253 203.368693    34.4275 0.0000e+00
    162.000     0.0905   2.876056     0.0899   2.876034    6.24027     0.0075    13.8155 0.0000e+00  -60.61667  -54.15050 1153558254 203.368705    34.4304 0.0000e+00
    163.000     0.1711   2.883584     0.1860   2.884850    6.14982     0.0048    13.8155 0.0000e+00  -60.61667  -54.15050 1153558256 203.368730    34.4379 0.0000e+00
    164.000     0.4498   2.909810     0.5138   2.914821    5.97391     0.0094    13.8155 0.0000e+00  -60.61667  -54.15050 1153558259 203.368758    34.4640 0.0000e+00
    165.000     0.6289   2.926335     0.6298   2.926283    5.90322    -0.0055    13.8155 0.0000e+00  -60.61667  -54.15050 1153558259 203.368769    34.4728 0.0000e+00
    166.000     0.6247   2.925957     0.6230   2.925850    5.85393    -0.0027    13.8155 0.0000e+00  -60.61667  -54.15050 1153558260 203.368777    34.4731 0.0000e+00
    167.000     0.6150   2.925116     0.6157   2.925279    5.82108     0.0113    13.8155 0.0000e+00  -60.61667  -54.15050 1153558261 203.368786    34.4741 0.0000e+00
    168.000     0.6157   2.925191     0.6142   2.925193    5.79607    -0.0187    13.8155 0.0000e+00  -60.61667  -54.15050 1153558262 203.368793    34.4745 0.0000e+00
    169.000     0.5962   2.923404     0.5987   2.923755    5.77816    -0.0381    13.8155 0.0000e+00  -60.61667  -54.15050 1153558262 203.368802    34.4744 0.0000e+00
    170.000     0.5820   2.922111     0.5837   2.922453    5.75854    -0.0353    13.8155 0.0000e+00  -60.61667  -54.15050 1153558264 203.368817    34.4747 0.0000e+00
    171.000     0.5846   2.922281     0.5893   2.922878    5.73067    -0.0368    13.8155 0.0000e+00  -60.61667  -54.15050 1153558267 203.368853    34.4762 0.0000e+00
    172.000     0.5732   2.921252     0.5737   2.921518    5.72749    -0.0398    13.8155 0.0000e+00  -60.61667  -54.15050 1153558268 203.368869    34.4760 0.0000e+00
    173.000     0.5717   2.921208     0.5735   2.921519    5.72493    -0.0484    13.8155 0.0000e+00  -60.61667  -54.15050 1153558269 203.368881    34.4774 0.0000e+00
    174.000     0.5775   2.921755     0.5785   2.922030    5.72143    -0.0384    13.8155 0.0000e+00  -60.61667  -54.15050 1153558270 203.368893    34.4774 0.0000e+00
    175.000     0.5781   2.921833     0.5794   2.922124    5.71860    -0.0517    13.8155 0.0000e+00  -60.61667  -54.15050 1153558271 203.368905    34.4778 0.0000e+00
    176.000     0.5840   2.922400     0.5852   2.922681    5.72220    -0.0364    13.8155 0.0000e+00  -60.61667  -54.15050 1153558272 203.368917    34.4781 0.0000e+00
    177.000     0.5852   2.922530     0.5856   2.922761    5.73033    -0.0374    13.8155 0.0000e+00  -60.61667  -54.15050 1153558273 203.368930    34.4781 0.0000e+00
    178.000     0.5794   2.922018     0.5817   2.922445    5.77977    -0.0327    13.8155 0.0000e+00  -60.61667  -54.15050 1153558274 203.368943    34.4777 0.0000e+00
    179.000     0.5703   2.921159     0.5633   2.920823    5.79125    -0.0433    13.8155 0.0000e+00  -60.61667  -54.15050 1153558276 203.368957    34.4766 0.0000e+00
    180.000     0.5323   2.917778     0.5200   2.916964    5.80989    -0.0533    13.8155 0.0000e+00  -60.61667  -54.15050 1153558277 203.368971    34.4765 0.0000e+00
    181.000     0.3763   2.903057     0.3700   2.903750    5.89712    -0.0348    13.8155 0.0000e+00  -60.61667  -54.15050 1153558278 203.368985    34.4674 0.0000e+00
    182.000     0.0339   2.871911     0.0458   2.874153    6.00757    -0.0414    13.8155 0.0000e+00  -60.61667  -54.15050 1153558280 203.369002    34.4421 0.0000e+00
    183.000     0.0127   2.870395     0.0174   2.870979    6.09739    -0.0334    13.8155 0.0000e+00  -60.61667  -54.15050 1153558282 203.369027    34.4451 0.0000e+00
    184.000     0.1888   2.886625     0.1978   2.887451    6.05377    -0.0483    13.8155 0.0000e+00  -60.61667  -54.15050 1153558283 203.369046    34.4528 0.0000e+00
    185.000     0.2624   2.893510     0.2544   2.892831    5.97926    -0.0466    13.8155 0.0000e+00  -60.61667  -54.15050 1153558284 203.369058    34.4574 0.0000e+00
    186.000     0.3123   2.898476     0.3174   2.898681    5.96483    -0.0455    13.8155 0.0000e+00  -60.61667  -54.15050 1153558285 203.369068    34.4657 0.0000e+00
    187.000     0.3765   2.904318     0.3774   2.904536    5.91893    -0.0476    13.8155 0.0000e+00  -60.61667  -54.15050 1153558286 203.369077    34.4661 0.0000e+00
    188.000     0.4066   2.907404     0.4135   2.907983    5.84594    -0.0280    13.8155 0.0000e+00  -60.61667  -54.15050 1153558287 203.369086    34.4724 0.0000e+00
    189.000     0.5467   2.920928     0.5725   2.922413    5.75492    -0.0486    13.8155 0.0000e+00  -60.61667  -54.15050 1153558288 203.369096    34.4916 0.0000e+00
    190.000     0.8577   2.949729     0.8637   2.949667    5.64391    -0.0454    13.8155 0.0000e+00  -60.61667  -54.15050 1153558289 203.369110    34.5082 0.0000e+00
    191.000     0.9007   2.953544     0.8980   2.953422    5.51871    -0.0455    13.8155 0.0000e+00  -60.61667  -54.15050 1153558291 203.369131    34.5113 0.0000e+00
    192.000     0.9095   2.954441     0.9112   2.954611    5.43785    -0.0429    13.8155 0.0000e+00  -60.61667  -54.15050 1153558293 203.369156    34.5138 0.0000e+00
