product_data/regression_test/downloaded_data/MDGS/320620060703/ctd/adapted/heads_insert_p6618904.cnv
* Sea-Bird SBE 9 Data File:
* FileName = D:\Data\Raw\p6618904.dat
* Software Version Seasave Win32 V 5.32
* Temperature SN = 1649
* Conductivity SN = 1431
* Number of Bytes Per Scan = 37
* Number of Voltage Words = 5
* Number of Scans Averaged by the Deck Unit = 1
* NMEA Latitude = 60 48.00 S
* NMEA Longitude = 054 37.53 W
* NMEA UTC (Time) = 10:33:37
** Ship:   Nathaniel B. Palmer 
** Cruise:    NBP0606 
# nquan = 15
# nvalues = 998                         
# units = specified
# name 0 = prDM: Pressure, Digiquartz [db]
# name 1 = t090C: Temperature [ITS-90, deg C]
# name 2 = c0S/m: Conductivity [S/m]
# name 3 = t190C: Temperature, 2 [ITS-90, deg C]
# name 4 = c1S/m: Conductivity, 2 [S/m]
# name 5 = sbeox0ML/L: Oxygen, SBE 43 [ml/l]
# name 6 = flECO-AFL: Fluorescence, Wetlab ECO-AFL/FL [mg/m^3]
# name 7 = bat: Beam Attenuation, Chelsea/Seatech/Wetlab CStar [1/m]
# name 8 = spar: SPAR/Surface Irradiance
# name 9 = latitude: Latitude [deg]
# name 10 = longitude: Longitude [deg]
# name 11 = timeY: Time, System [seconds]
# name 12 = timeJ: Julian Days
# name 13 = sal00: Salinity [PSU]
# name 14 = flag: flag
# span 0 =      4.000,   1001.000       
# span 1 =    -0.9725,     0.4788       
# span 2 =   2.771560,   2.963651       
# span 3 =    -0.9719,     0.4788       
# span 4 =   2.772099,   2.963949       
# span 5 =    5.39379,    7.57191       
# span 6 =    -0.1103,     0.9112       
# span 7 =    13.8155,    13.8155       
# span 8 = 0.0000e+00, 0.0000e+00       
# span 9 =  -60.80000,  -60.80000       
# span 10 =  -54.62550,  -54.62550      
# span 11 = 1153650788, 1153652279      
# span 12 = 204.439662, 204.456950      
# span 13 =    34.2031,    34.6596      
# span 14 = 0.0000e+00, 0.0000e+00      
# interval = decibars: 1                
# start_time = Jul 23 2006 10:33:44
# bad_flag = -9.990e-29
*END*
[from data line 193]
    196.000    -0.4836   2.827258    -0.4839   2.827445    6.69412    -0.0176    13.8155 0.0000e+00  -60.80000  -54.62550 1153651236 204.444879    34.4066 0.0000e+00
    197.000    -0.4712   2.828491    -0.4714   2.828638    6.68130    -0.0149    13.8155 0.0000e+00  -60.80000  -54.62550 1153651238 204.444897    34.4089 0.0000e+00
    198.000    -0.4528   2.830208    -0.4522   2.830486    6.66947    -0.0181    13.8155 0.0000e+00  -60.80000  -54.62550 1153651239 204.444916    34.4106 0.0000e+00
    199.000    -0.4479   2.830743    -0.4463   2.831087    6.66338    -0.0197    13.8155 0.0000e+00  -60.80000  -54.62550 1153651241 204.444932    34.4115 0.0000e+00
    200.000    -0.4445   2.831094    -0.4434   2.831410    6.65927    -0.0177    13.8155 0.0000e+00  -60.80000  -54.62550 1153651242 204.444944    34.4119 0.0000e+00
    201.000    -0.4431   2.831262    -0.4417   2.831609    6.65688    -0.0192    13.8155 0.0000e+00  -60.80000  -54.62550 1153651243 204.444955    34.4121 0.0000e+00
    202.000    -0.4414   2.831484    -0.4400   2.831823    6.65094     0.0002    13.8155 0.0000e+00  -60.80000  -54.62550 1153651244 204.444965    34.4128 0.0000e+00
    203.000    -0.4384   2.831785    -0.4369   2.832156    6.64726    -0.0231    13.8155 0.0000e+00  -60.80000  -54.62550 1153651245 204.444977    34.4129 0.0000e+00
    204.000    -0.4362   2.832049    -0.4345   2.832411    6.64361    -0.0324    13.8155 0.0000e+00  -60.80000  -54.62550 1153651246 204.444990    34.4135 0.0000e+00
    205.000    -0.4341   2.832291    -0.4329   2.832641    6.64114    -0.0226    13.8155 0.0000e+00  -60.80000  -54.62550 1153651247 204.445006    34.4140 0.0000e+00
    206.000    -0.4349   2.832270    -0.4337   2.832600    6.63955    -0.0286    13.8155 0.0000e+00  -60.80000  -54.62550 1153651249 204.445023    34.4142 0.0000e+00
    207.000    -0.4358   2.832234    -0.4345   2.832592    6.63734    -0.0194    13.8155 0.0000e+00  -60.80000  -54.62550 1153651250 204.445040    34.4143 0.0000e+00
    208.000    -0.4339   2.832434    -0.4334   2.832713    6.63233    -0.0095    13.8155 0.0000e+00  -60.80000  -54.62550 1153651251 204.445054    34.4151 0.0000e+00
    209.000    -0.4258   2.833356    -0.4244   2.833713    6.62842    -0.0260    13.8155 0.0000e+00  -60.80000  -54.62550 1153651252 204.445068    34.4168 0.0000e+00
    210.000    -0.4254   2.833441    -0.4240   2.833789    6.62661    -0.0201    13.8155 0.0000e+00  -60.80000  -54.62550 1153651254 204.445084    34.4169 0.0000e+00
    211.000    -0.4252   2.833531    -0.4238   2.833893    6.62406    -0.0169    13.8155 0.0000e+00  -60.80000  -54.62550 1153651255 204.445102    34.4174 0.0000e+00
    212.000    -0.4205   2.834093    -0.4181   2.834531    6.62102    -0.0284    13.8155 0.0000e+00  -60.80000  -54.62550 1153651256 204.445115    34.4190 0.0000e+00
    213.000    -0.4176   2.834413    -0.4164   2.834758    6.61741    -0.0351    13.8155 0.0000e+00  -60.80000  -54.62550 1153651257 204.445126    34.4193 0.0000e+00
    214.000    -0.4179   2.834419    -0.4170   2.834734    6.61421    -0.0253    13.8155 0.0000e+00  -60.80000  -54.62550 1153651258 204.445136    34.4192 0.0000e+00
    215.000    -0.4143   2.834831    -0.4135   2.835060    6.60929    -0.0197    13.8155 0.0000e+00  -60.80000  -54.62550 1153651259 204.445148    34.4202 0.0000e+00
    216.000    -0.4062   2.835663    -0.4049   2.836019    6.60465    -0.0209    13.8155 0.0000e+00  -60.80000  -54.62550 1153651261 204.445162    34.4213 0.0000e+00
    217.000    -0.4050   2.835828    -0.4037   2.836190    6.60053    -0.0178    13.8155 0.0000e+00  -60.80000  -54.62550 1153651262 204.445177    34.4216 0.0000e+00
    218.000    -0.4039   2.835981    -0.4027   2.836325    6.59611    -0.0369    13.8155 0.0000e+00  -60.80000  -54.62550 1153651263 204.445191    34.4219 0.0000e+00
    219.000    -0.4034   2.836102    -0.4006   2.836583    6.59219    -0.0363    13.8155 0.0000e+00  -60.80000  -54.62550 1153651264 204.445206    34.4222 0.0000e+00
    220.000    -0.4022   2.836238    -0.4009   2.836599    6.58839    -0.0282    13.8155 0.0000e+00  -60.80000  -54.62550 1153651266 204.445228    34.4223 0.0000e+00
    221.000    -0.4003   2.836486    -0.3986   2.836884    6.58580    -0.0186    13.8155 0.0000e+00  -60.80000  -54.62550 1153651268 204.445251    34.4230 0.0000e+00
    222.000    -0.3983   2.836758    -0.3972   2.837095    6.58016    -0.0269    13.8155 0.0000e+00  -60.80000  -54.62550 1153651269 204.445264    34.4237 0.0000e+00
    223.000    -0.3948   2.837176    -0.3935   2.837520    6.58032    -0.0347    13.8155 0.0000e+00  -60.80000  -54.62550 1153651270 204.445274    34.4247 0.0000e+00
    224.000    -0.3906   2.837700    -0.3896   2.838001    6.58042    -0.0453    13.8155 0.0000e+00  -60.80000  -54.62550 1153651271 204.445283    34.4263 0.0000e+00
    225.000    -0.3881   2.838044    -0.3869   2.838376    6.57285    -0.0267    13.8155 0.0000e+00  -60.80000  -54.62550 1153651272 204.445292    34.4274 0.0000e+00
    226.000    -0.3812   2.838880    -0.3796   2.839225    6.56662    -0.0368    13.8155 0.0000e+00  -60.80000  -54.62550 1153651273 204.445303    34.4301 0.0000e+00
    227.000    -0.3779   2.839337    -0.3768   2.839681    6.55843    -0.0229    13.8155 0.0000e+00  -60.80000  -54.62550 1153651274 204.445315    34.4317 0.0000e+00
    228.000    -0.3885   2.838549    -0.3874   2.838921    6.54902    -0.0170    13.8155 0.0000e+00  -60.80000  -54.62550 1153651275 204.445330    34.4329 0.0000e+00
    229.000    -0.3947   2.838104    -0.3944   2.838395    6.54502    -0.0308    13.8155 0.0000e+00  -60.80000  -54.62550 1153651277 204.445351    34.4338 0.0000e+00
    230.000    -0.3993   2.837772    -0.3968   2.838244    6.54289    -0.0142    13.8155 0.0000e+00  -60.80000  -54.62550 1153651279 204.445373    34.4340 0.0000e+00
    231.000    -0.4163   2.836385    -0.4157   2.836763    6.54421    -0.0243    13.8155 0.0000e+00  -60.80000  -54.62550 1153651280 204.445390    34.4343 0.0000e+00
    232.000    -0.4240   2.835831    -0.4222   2.836254    6.54879    -0.0324    13.8155 0.0000e+00  -60.80000  -54.62550 1153651282 204.445405    34.4355 0.0000e+00
    233.000    -0.4214   2.836096    -0.4195   2.836511    6.55203    -0.0232    13.8155 0.0000e+00  -60.80000  -54.62550 1153651282 204.445416    34.4352 0.0000e+00
    234.000    -0.4234   2.835968    -0.4225   2.836318    6.55166    -0.0250    13.8155 0.0000e+00  -60.80000  -54.62550 1153651283 204.445426    34.4351 0.0000e+00
    235.000    -0.4260   2.835808    -0.4251   2.836162    6.55239    -0.0295    13.8155 0.0000e+00  -60.80000  -54.62550 1153651284 204.445435    34.4353 0.0000e+00
    236.000    -0.4307   2.835478    -0.4277   2.836012    6.55147    -0.0334    13.8155 0.0000e+00  -60.80000  -54.62550 1153651285 204.445446    34.4357 0.0000e+00
    237.000    -0.4387   2.834875    -0.4385   2.835200    6.54952    -0.0251    13.8155 0.0000e+00  -60.80000  -54.62550 1153651286 204.445458    34.4363 0.0000e+00
    238.000    -0.4441   2.834510    -0.4433   2.834854    6.54805    -0.0238    13.8155 0.0000e+00  -60.80000  -54.62550 1153651287 204.445474    34.4369 0.0000e+00
    239.000    -0.4457   2.834441    -0.4443   2.834829    6.54588    -0.0347    13.8155 0.0000e+00  -60.80000  -54.62550 1153651289 204.445492    34.4371 0.0000e+00
    240.000    -0.4441   2.834651    -0.4424   2.835049    6.54703    -0.0253    13.8155 0.0000e+00  -60.80000  -54.62550 1153651291 204.445511    34.4373 0.0000e+00
    241.000    -0.4406   2.835009    -0.4389   2.835416    6.54848    -0.0384    13.8155 0.0000e+00  -60.80000  -54.62550 1153651292 204.445531    34.4373 0.0000e+00
    242.000    -0.4402   2.835103    -0.4392   2.835452    6.55024    -0.0402    13.8155 0.0000e+00  -60.80000  -54.62550 1153651294 204.445547    34.4373 0.0000e+00
    243.000    -0.4409   2.835090    -0.4398   2.835447    6.54782    -0.0372    13.8155 0.0000e+00  -60.80000  -54.62550 1153651295 204.445558    34.4373 0.0000e+00
    244.000    -0.4422   2.835091    -0.4402   2.835499    6.54650    -0.0429    13.8155 0.0000e+00  -60.80000  -54.62550 1153651296 204.445569    34.4382 0.0000e+00
    245.000    -0.4426   2.835117    -0.4414   2.835476    6.54517    -0.0450    13.8155 0.0000e+00  -60.80000  -54.62550 1153651297 204.445579    34.4385 0.0000e+00
    246.000    -0.4428   2.835149    -0.4419   2.835497    6.54235    -0.0315    13.8155 0.0000e+00  -60.80000  -54.62550 1153651298 204.445590    34.4385 0.0000e+00
    247.000    -0.4433   2.835180    -0.4422   2.835532    6.53797    -0.0432    13.8155 0.0000e+00  -60.80000  -54.62550 1153651299 204.445603    34.4388 0.0000e+00
    248.000    -0.4430   2.835246    -0.4419   2.835605    6.53572    -0.0358    13.8155 0.0000e+00  -60.80000  -54.62550 1153651300 204.445619    34.4387 0.0000e+00
    249.000    -0.4431   2.835300    -0.4420   2.835653    6.53909    -0.0322    13.8155 0.0000e+00  -60.80000  -54.62550 1153651302 204.445642    34.4388 0.0000e+00
    250.000    -0.4446   2.835303    -0.4437   2.835651    6.54104    -0.0211    13.8155 0.0000e+00  -60.80000  -54.62550 1153651303 204.445659    34.4399 0.0000e+00
    251.000    -0.4496   2.834978    -0.4488   2.835334    6.53739    -0.0337    13.8155 0.0000e+00  -60.80000  -54.62550 1153651305 204.445671    34.4408 0.0000e+00
    252.000    -0.4598   2.834216    -0.4592   2.834577    6.53568    -0.0326    13.8155 0.0000e+00  -60.80000  -54.62550 1153651305 204.445681    34.4417 0.0000e+00
    253.000    -0.4735   2.833146    -0.4726   2.833598    6.53738    -0.0188    13.8155 0.0000e+00  -60.80000  -54.62550 1153651306 204.445693    34.4425 0.0000e+00
    254.000    -0.4918   2.831770    -0.4909   2.832147    6.53933    -0.0273    13.8155 0.0000e+00  -60.80000  -54.62550 1153651308 204.445708    34.4449 0.0000e+00
    255.000    -0.4867   2.832218    -0.4841   2.832728    6.53895    -0.0320    13.8155 0.0000e+00  -60.80000  -54.62550 1153651309 204.445726    34.4441 0.0000e+00
    256.000    -0.4987   2.831271    -0.4927   2.832080    6.54124    -0.0205    13.8155 0.0000e+00  -60.80000  -54.62550 1153651311 204.445742    34.4443 0.0000e+00
    257.000    -0.5104   2.830372    -0.5095   2.830788    6.54324    -0.0327    13.8155 0.0000e+00  -60.80000  -54.62550 1153651312 204.445757    34.4454 0.0000e+00
    258.000    -0.5095   2.830516    -0.5088   2.830835    6.54550    -0.0333    13.8155 0.0000e+00  -60.80000  -54.62550 1153651313 204.445772    34.4455 0.0000e+00
    259.000    -0.5159   2.830072    -0.5146   2.830448    6.54941    -0.0232    13.8155 0.0000e+00  -60.80000  -54.62550 1153651315 204.445787    34.4461 0.0000e+00
    260.000    -0.5197   2.829739    -0.5238   2.829746    6.54975    -0.0250    13.8155 0.0000e+00  -60.80000  -54.62550 1153651316 204.445799    34.4451 0.0000e+00
    261.000    -0.5275   2.829178    -0.5282   2.829412    6.54976    -0.0307    13.8155 0.0000e+00  -60.80000  -54.62550 1153651316 204.445810    34.4461 0.0000e+00
    262.000    -0.5252   2.829416    -0.5227   2.829881    6.54752    -0.0452    13.8155 0.0000e+00  -60.80000  -54.62550 1153651317 204.445819    34.4459 0.0000e+00
    263.000    -0.5285   2.829193    -0.5296   2.829411    6.54528    -0.0377    13.8155 0.0000e+00  -60.80000  -54.62550 1153651318 204.445830    34.4454 0.0000e+00
    264.000    -0.5249   2.829520    -0.5240   2.829872    6.55029    -0.0322    13.8155 0.0000e+00  -60.80000  -54.62550 1153651320 204.445848    34.4454 0.0000e+00
    265.000    -0.5257   2.829528    -0.5245   2.829898    6.55609    -0.0343    13.8155 0.0000e+00  -60.80000  -54.62550 1153651323 204.445883    34.4456 0.0000e+00
    266.000    -0.5397   2.828381    -0.5453   2.828337    6.55569    -0.0351    13.8155 0.0000e+00  -60.80000  -54.62550 1153651324 204.445895    34.4455 0.0000e+00
    267.000    -0.5495   2.827661    -0.5605   2.827146    6.55561    -0.0229    13.8155 0.0000e+00  -60.80000  -54.62550 1153651325 204.445905    34.4473 0.0000e+00
    268.000    -0.5706   2.826034    -0.5697   2.826429    6.55693    -0.0394    13.8155 0.0000e+00  -60.80000  -54.62550 1153651326 204.445915    34.4489 0.0000e+00
    269.000    -0.5733   2.825873    -0.5724   2.826255    6.55906    -0.0220    13.8155 0.0000e+00  -60.80000  -54.62550 1153651327 204.445927    34.4491 0.0000e+00
    270.000    -0.5706   2.826145    -0.5703   2.826465    6.56019    -0.0320    13.8155 0.0000e+00  -60.80000  -54.62550 1153651328 204.445943    34.4488 0.0000e+00
    271.000    -0.5705   2.826203    -0.5702   2.826525    6.56059    -0.0328    13.8155 0.0000e+00  -60.80000  -54.62550 1153651329 204.445959    34.4485 0.0000e+00
    272.000    -0.5717   2.826141    -0.5713   2.826477    6.55848    -0.0333    13.8155 0.0000e+00  -60.80000  -54.62550 1153651331 204.445973    34.4483 0.0000e+00
    273.000    -0.5818   2.825357    -0.5813   2.825750    6.55670    -0.0248    13.8155 0.0000e+00  -60.80000  -54.62550 1153651332 204.445985    34.4491 0.0000e+00
    274.000    -0.5868   2.825062    -0.5866   2.825402    6.55670    -0.0327    13.8155 0.0000e+00  -60.80000  -54.62550 1153651333 204.445997    34.4499 0.0000e+00
    275.000    -0.5894   2.824947    -0.5885   2.825324    6.55740    -0.0293    13.8155 0.0000e+00  -60.80000  -54.62550 1153651334 204.446012    34.4507 0.0000e+00
    276.000    -0.5917   2.824808    -0.5906   2.825199    6.55886    -0.0442    13.8155 0.0000e+00  -60.80000  -54.62550 1153651335 204.446029    34.4507 0.0000e+00
    277.000    -0.5937   2.824720    -0.5924   2.825119    6.55893    -0.0500    13.8155 0.0000e+00  -60.80000  -54.62550 1153651337 204.446044    34.4510 0.0000e+00
    278.000    -0.5945   2.824715    -0.5946   2.824996    6.55917    -0.0434    13.8155 0.0000e+00  -60.80000  -54.62550 1153651338 204.446060    34.4511 0.0000e+00
    279.000    -0.5956   2.824652    -0.5959   2.824940    6.55704    -0.0377    13.8155 0.0000e+00  -60.80000  -54.62550 1153651340 204.446077    34.4509 0.0000e+00
    280.000    -0.6025   2.824169    -0.6024   2.824477    6.55757    -0.0398    13.8155 0.0000e+00  -60.80000  -54.62550 1153651341 204.446091    34.4517 0.0000e+00
    281.000    -0.6105   2.823562    -0.6106   2.823912    6.55483    -0.0398    13.8155 0.0000e+00  -60.80000  -54.62550 1153651342 204.446103    34.4521 0.0000e+00
    282.000    -0.6178   2.823111    -0.6158   2.823552    6.55479    -0.0339    13.8155 0.0000e+00  -60.80000  -54.62550 1153651343 204.446114    34.4539 0.0000e+00
    283.000    -0.6178   2.823129    -0.6169   2.823506    6.55406    -0.0334    13.8155 0.0000e+00  -60.80000  -54.62550 1153651344 204.446124    34.4534 0.0000e+00
    284.000    -0.6189   2.823108    -0.6180   2.823473    6.55571    -0.0431    13.8155 0.0000e+00  -60.80000  -54.62550 1153651345 204.446135    34.4537 0.0000e+00
    285.000    -0.6199   2.823090    -0.6191   2.823455    6.55670    -0.0346    13.8155 0.0000e+00  -60.80000  -54.62550 1153651346 204.446151    34.4539 0.0000e+00
    286.000    -0.6181   2.823270    -0.6174   2.823621    6.55744    -0.0391    13.8155 0.0000e+00  -60.80000  -54.62550 1153651349 204.446183    34.4534 0.0000e+00
    287.000    -0.6202   2.823179    -0.6194   2.823542    6.55624    -0.0291    13.8155 0.0000e+00  -60.80000  -54.62550 1153651350 204.446199    34.4540 0.0000e+00
    288.000    -0.6201   2.823231    -0.6191   2.823604    6.55774    -0.0540    13.8155 0.0000e+00  -60.80000  -54.62550 1153651351 204.446210    34.4538 0.0000e+00
    289.000    -0.6229   2.823028    -0.6225   2.823379    6.55777    -0.0381    13.8155 0.0000e+00  -60.80000  -54.62550 1153651352 204.446220    34.4537 0.0000e+00
    290.000    -0.6269   2.822756    -0.6255   2.823173    6.55644    -0.0235    13.8155 0.0000e+00  -60.80000  -54.62550 1153651353 204.446230    34.4540 0.0000e+00
    291.000    -0.6264   2.822829    -0.6257   2.823187    6.55535    -0.0415    13.8155 0.0000e+00  -60.80000  -54.62550 1153651354 204.446243    34.4538 0.0000e+00
