product_data/regression_test/downloaded_data/MDGS/320620060703/ctd/adapted/heads_insert_p6609309.cnv
* Sea-Bird SBE 9 Data File:
* FileName = D:\Data\Raw\p6609309.dat
* Software Version Seasave Win32 V 5.32
* Temperature SN = 1649
* Conductivity SN = 1431
* Number of Bytes Per Scan = 37
* Number of Voltage Words = 5
* Number of Scans Averaged by the Deck Unit = 1
* NMEA Latitude = 61 07.49 S
* NMEA Longitude = 058 05.62 W
* NMEA UTC (Time) = 07:46:35
** Ship:   Nathaniel B. Palmer nbp
** Cruise:    NBP0606 nbp0606
# nquan = 15
# nvalues = 994                         
# units = specified
# name 0 = prDM: Pressure, Digiquartz [db]
# name 1 = t090C: Temperature [ITS-90, deg C]
# name 2 = c0S/m: Conductivity [S/m]
# name 3 = t190C: Temperature, 2 [ITS-90, deg C]
# name 4 = c1S/m: Conductivity, 2 [S/m]
# name 5 = sbeox0ML/L: Oxygen, SBE 43 [ml/l]
# name 6 = flECO-AFL: Fluorescence, Wetlab ECO-AFL/FL [mg/m^3]
# name 7 = bat: Beam Attenuation, Chelsea/Seatech/Wetlab CStar [1/m]
# name 8 = spar: SPAR/Surface Irradiance
# name 9 = latitude: Latitude [deg]
# name 10 = longitude: Longitude [deg]
# name 11 = timeY: Time, System [seconds]
# name 12 = timeJ: Julian Days
# name 13 = sal00: Salinity [PSU]
# name 14 = flag: flag
# span 0 =     12.000,   1005.000       
# span 1 =    -0.8092,     1.9659       
# span 2 =   2.746506,   3.274635       
# span 3 =    -0.8029,     1.9671       
# span 4 =   2.754122,   3.067854       
# span 5 =    4.33453,    8.03168       
# span 6 =    -0.1182,     0.4010       
# span 7 =    13.8155,    13.8155       
# span 8 = 0.0000e+00, 0.0000e+00       
# span 9 =  -61.12483,  -61.12483       
# span 10 =  -58.09367,  -58.09367      
# span 11 = 1152604004, 1152605798      
# span 12 = 192.324136, 192.344907      
# span 13 =    33.7983,    40.7166      
# span 14 = 0.0000e+00, 0.0000e+00      
# interval = decibars: 1                
# start_time = Jul 11 2006 07:46:43
# bad_flag = -9.990e-29
*END*
[from data line 386]
    397.000     1.9197   3.063099     1.9205   3.063409    4.39663    -0.0655    13.8155 0.0000e+00  -61.12483  -58.09367 1152604706 192.332262    34.6770 0.0000e+00
    398.000     1.9196   3.063140     1.9206   3.063461    4.39639    -0.0552    13.8155 0.0000e+00  -61.12483  -58.09367 1152604707 192.332270    34.6771 0.0000e+00
    399.000     1.9180   3.063081     1.9190   3.063393    4.39640    -0.0682    13.8155 0.0000e+00  -61.12483  -58.09367 1152604707 192.332277    34.6776 0.0000e+00
    400.000     1.9171   3.063073     1.9180   3.063372    4.39647    -0.0432    13.8155 0.0000e+00  -61.12483  -58.09367 1152604708 192.332285    34.6780 0.0000e+00
    401.000     1.9170   3.063137     1.9180   3.063439    4.39755    -0.0495    13.8155 0.0000e+00  -61.12483  -58.09367 1152604709 192.332303    34.6782 0.0000e+00
    402.000     1.9177   3.063230     1.9191   3.063554    4.40232    -0.0592    13.8155 0.0000e+00  -61.12483  -58.09367 1152604714 192.332351    34.6780 0.0000e+00
    403.000     1.9151   3.063060     1.9142   3.063251    4.40151    -0.0641    13.8155 0.0000e+00  -61.12483  -58.09367 1152604714 192.332360    34.6782 0.0000e+00
    404.000     1.9107   3.062761     1.9117   3.063070    4.40073    -0.0481    13.8155 0.0000e+00  -61.12483  -58.09367 1152604715 192.332369    34.6789 0.0000e+00
    405.000     1.9097   3.062710     1.9105   3.063032    4.39993    -0.0698    13.8155 0.0000e+00  -61.12483  -58.09367 1152604716 192.332377    34.6788 0.0000e+00
    406.000     1.9075   3.062568     1.9082   3.062867    4.39793    -0.0682    13.8155 0.0000e+00  -61.12483  -58.09367 1152604717 192.332385    34.6788 0.0000e+00
    407.000     1.9037   3.062364     1.9045   3.062669    4.39769    -0.0484    13.8155 0.0000e+00  -61.12483  -58.09367 1152604717 192.332395    34.6800 0.0000e+00
    408.000     1.9033   3.062413     1.9043   3.062717    4.39980    -0.0593    13.8155 0.0000e+00  -61.12483  -58.09367 1152604719 192.332415    34.6804 0.0000e+00
    409.000     1.9071   3.062726     1.9066   3.062913    4.40239    -0.0589    13.8155 0.0000e+00  -61.12483  -58.09367 1152604723 192.332457    34.6794 0.0000e+00
    410.000     1.9055   3.062689     1.9044   3.062889    4.40663    -0.0535    13.8155 0.0000e+00  -61.12483  -58.09367 1152604724 192.332476    34.6801 0.0000e+00
    411.000     1.9030   3.062600     1.9038   3.062911    4.40675    -0.0551    13.8155 0.0000e+00  -61.12483  -58.09367 1152604725 192.332486    34.6813 0.0000e+00
    412.000     1.9015   3.062510     1.9023   3.062823    4.40604    -0.0426    13.8155 0.0000e+00  -61.12483  -58.09367 1152604726 192.332495    34.6812 0.0000e+00
    413.000     1.9001   3.062462     1.9011   3.062769    4.40401    -0.0506    13.8155 0.0000e+00  -61.12483  -58.09367 1152604727 192.332504    34.6816 0.0000e+00
    414.000     1.9000   3.062497     1.9009   3.062804    4.40390    -0.0662    13.8155 0.0000e+00  -61.12483  -58.09367 1152604728 192.332514    34.6816 0.0000e+00
    415.000     1.8998   3.062528     1.9008   3.062804    4.40412    -0.0591    13.8155 0.0000e+00  -61.12483  -58.09367 1152604729 192.332530    34.6817 0.0000e+00
    416.000     1.8993   3.062538     1.9003   3.062849    4.40173    -0.0545    13.8155 0.0000e+00  -61.12483  -58.09367 1152604731 192.332551    34.6817 0.0000e+00
    417.000     1.8980   3.062478     1.8989   3.062783    4.40130    -0.0535    13.8155 0.0000e+00  -61.12483  -58.09367 1152604732 192.332567    34.6818 0.0000e+00
    418.000     1.8974   3.062479     1.8978   3.062755    4.40172    -0.0584    13.8155 0.0000e+00  -61.12483  -58.09367 1152604733 192.332580    34.6819 0.0000e+00
    419.000     1.8933   3.062183     1.8940   3.062471    4.40124    -0.0695    13.8155 0.0000e+00  -61.12483  -58.09367 1152604735 192.332598    34.6822 0.0000e+00
    420.000     1.8924   3.062166     1.8936   3.062481    4.40176    -0.0533    13.8155 0.0000e+00  -61.12483  -58.09367 1152604737 192.332622    34.6824 0.0000e+00
    421.000     1.8921   3.062250     1.8932   3.062551    4.40370    -0.0536    13.8155 0.0000e+00  -61.12483  -58.09367 1152604739 192.332641    34.6831 0.0000e+00
    422.000     1.8923   3.062349     1.8932   3.062664    4.40567    -0.0546    13.8155 0.0000e+00  -61.12483  -58.09367 1152604740 192.332658    34.6836 0.0000e+00
    423.000     1.8929   3.062484     1.8939   3.062802    4.40679    -0.0468    13.8155 0.0000e+00  -61.12483  -58.09367 1152604741 192.332672    34.6841 0.0000e+00
    424.000     1.8946   3.062735     1.8955   3.063038    4.40602    -0.0539    13.8155 0.0000e+00  -61.12483  -58.09367 1152604742 192.332683    34.6847 0.0000e+00
    425.000     1.8963   3.062988     1.8974   3.063281    4.40606    -0.0637    13.8155 0.0000e+00  -61.12483  -58.09367 1152604743 192.332695    34.6853 0.0000e+00
    426.000     1.8970   3.063114     1.8980   3.063409    4.40637    -0.0652    13.8155 0.0000e+00  -61.12483  -58.09367 1152604744 192.332707    34.6856 0.0000e+00
    427.000     1.8967   3.063137     1.8976   3.063445    4.40661    -0.0585    13.8155 0.0000e+00  -61.12483  -58.09367 1152604745 192.332719    34.6857 0.0000e+00
    428.000     1.8967   3.063202     1.8977   3.063500    4.40678    -0.0558    13.8155 0.0000e+00  -61.12483  -58.09367 1152604747 192.332733    34.6859 0.0000e+00
    429.000     1.8970   3.063293     1.8981   3.063592    4.40820    -0.0624    13.8155 0.0000e+00  -61.12483  -58.09367 1152604748 192.332748    34.6861 0.0000e+00
    430.000     1.8975   3.063389     1.8984   3.063684    4.40824    -0.0467    13.8155 0.0000e+00  -61.12483  -58.09367 1152604750 192.332774    34.6863 0.0000e+00
    431.000     1.8971   3.063391     1.8982   3.063688    4.40880    -0.0669    13.8155 0.0000e+00  -61.12483  -58.09367 1152604753 192.332812    34.6862 0.0000e+00
    432.000     1.8975   3.063543     1.8984   3.063846    4.41087    -0.0568    13.8155 0.0000e+00  -61.12483  -58.09367 1152604755 192.332827    34.6871 0.0000e+00
    433.000     1.8975   3.063610     1.8983   3.063909    4.41191    -0.0665    13.8155 0.0000e+00  -61.12483  -58.09367 1152604756 192.332838    34.6874 0.0000e+00
    434.000     1.8976   3.063676     1.8985   3.063983    4.41253    -0.0501    13.8155 0.0000e+00  -61.12483  -58.09367 1152604756 192.332847    34.6876 0.0000e+00
    435.000     1.8976   3.063715     1.8983   3.064034    4.41524    -0.0543    13.8155 0.0000e+00  -61.12483  -58.09367 1152604757 192.332855    34.6875 0.0000e+00
    436.000     1.8975   3.063805     1.8984   3.064104    4.41594    -0.0510    13.8155 0.0000e+00  -61.12483  -58.09367 1152604758 192.332863    34.6882 0.0000e+00
    437.000     1.8981   3.063943     1.8991   3.064257    4.41633    -0.0477    13.8155 0.0000e+00  -61.12483  -58.09367 1152604758 192.332871    34.6887 0.0000e+00
    438.000     1.9010   3.064300     1.9021   3.064596    4.41680    -0.0519    13.8155 0.0000e+00  -61.12483  -58.09367 1152604759 192.332881    34.6893 0.0000e+00
    439.000     1.9006   3.064279     1.9017   3.064598    4.41859    -0.0539    13.8155 0.0000e+00  -61.12483  -58.09367 1152604762 192.332909    34.6889 0.0000e+00
    440.000     1.8999   3.064288     1.9011   3.064615    4.42441    -0.0632    13.8155 0.0000e+00  -61.12483  -58.09367 1152604766 192.332952    34.6893 0.0000e+00
    441.000     1.9012   3.064551     1.9021   3.064831    4.42494    -0.0676    13.8155 0.0000e+00  -61.12483  -58.09367 1152604766 192.332962    34.6907 0.0000e+00
    442.000     1.9039   3.064933     1.9049   3.065239    4.42487    -0.0541    13.8155 0.0000e+00  -61.12483  -58.09367 1152604767 192.332971    34.6918 0.0000e+00
    443.000     1.9025   3.064874     1.9032   3.065179    4.42654    -0.0565    13.8155 0.0000e+00  -61.12483  -58.09367 1152604768 192.332980    34.6920 0.0000e+00
    444.000     1.8987   3.064613     1.8996   3.064915    4.43107    -0.0633    13.8155 0.0000e+00  -61.12483  -58.09367 1152604769 192.332990    34.6925 0.0000e+00
    445.000     1.8970   3.064529     1.8979   3.064836    4.43270    -0.0588    13.8155 0.0000e+00  -61.12483  -58.09367 1152604771 192.333012    34.6927 0.0000e+00
    446.000     1.8930   3.064233     1.8939   3.064553    4.43546    -0.0681    13.8155 0.0000e+00  -61.12483  -58.09367 1152604773 192.333035    34.6927 0.0000e+00
    447.000     1.8875   3.063848     1.8882   3.064159    4.43670    -0.0517    13.8155 0.0000e+00  -61.12483  -58.09367 1152604774 192.333047    34.6938 0.0000e+00
    448.000     1.8863   3.063819     1.8872   3.064131    4.43603    -0.0580    13.8155 0.0000e+00  -61.12483  -58.09367 1152604775 192.333057    34.6942 0.0000e+00
    449.000     1.8858   3.063849     1.8866   3.064149    4.43780    -0.0545    13.8155 0.0000e+00  -61.12483  -58.09367 1152604775 192.333068    34.6944 0.0000e+00
    450.000     1.8854   3.063870     1.8863   3.064179    4.44005    -0.0529    13.8155 0.0000e+00  -61.12483  -58.09367 1152604777 192.333085    34.6946 0.0000e+00
    451.000     1.8852   3.063909     1.8859   3.064204    4.44085    -0.0616    13.8155 0.0000e+00  -61.12483  -58.09367 1152604779 192.333105    34.6947 0.0000e+00
    452.000     1.8846   3.063914     1.8853   3.064216    4.44166    -0.0754    13.8155 0.0000e+00  -61.12483  -58.09367 1152604780 192.333121    34.6948 0.0000e+00
    453.000     1.8840   3.063925     1.8849   3.064237    4.44335    -0.0582    13.8155 0.0000e+00  -61.12483  -58.09367 1152604782 192.333138    34.6950 0.0000e+00
    454.000     1.8835   3.063946     1.8845   3.064252    4.44508    -0.0570    13.8155 0.0000e+00  -61.12483  -58.09367 1152604783 192.333158    34.6952 0.0000e+00
    455.000     1.8835   3.063988     1.8844   3.064305    4.44467    -0.0707    13.8155 0.0000e+00  -61.12483  -58.09367 1152604785 192.333175    34.6951 0.0000e+00
    456.000     1.8836   3.064048     1.8844   3.064356    4.44509    -0.0506    13.8155 0.0000e+00  -61.12483  -58.09367 1152604786 192.333188    34.6952 0.0000e+00
    457.000     1.8834   3.064075     1.8841   3.064374    4.44568    -0.0709    13.8155 0.0000e+00  -61.12483  -58.09367 1152604787 192.333200    34.6952 0.0000e+00
    458.000     1.8829   3.064064     1.8837   3.064380    4.44674    -0.0469    13.8155 0.0000e+00  -61.12483  -58.09367 1152604788 192.333212    34.6951 0.0000e+00
    459.000     1.8828   3.064114     1.8837   3.064422    4.44778    -0.0553    13.8155 0.0000e+00  -61.12483  -58.09367 1152604789 192.333227    34.6952 0.0000e+00
    460.000     1.8828   3.064161     1.8836   3.064465    4.44798    -0.0514    13.8155 0.0000e+00  -61.12483  -58.09367 1152604791 192.333243    34.6952 0.0000e+00
    461.000     1.8827   3.064195     1.8835   3.064501    4.44786    -0.0610    13.8155 0.0000e+00  -61.12483  -58.09367 1152604792 192.333258    34.6952 0.0000e+00
    462.000     1.8824   3.064225     1.8833   3.064526    4.44836    -0.0479    13.8155 0.0000e+00  -61.12483  -58.09367 1152604793 192.333272    34.6953 0.0000e+00
    463.000     1.8824   3.064288     1.8833   3.064594    4.44766    -0.0608    13.8155 0.0000e+00  -61.12483  -58.09367 1152604794 192.333286    34.6956 0.0000e+00
    464.000     1.8823   3.064350     1.8832   3.064659    4.44524    -0.0596    13.8155 0.0000e+00  -61.12483  -58.09367 1152604795 192.333298    34.6958 0.0000e+00
    465.000     1.8818   3.064377     1.8828   3.064682    4.44419    -0.0664    13.8155 0.0000e+00  -61.12483  -58.09367 1152604796 192.333311    34.6962 0.0000e+00
    466.000     1.8808   3.064341     1.8817   3.064647    4.44455    -0.0594    13.8155 0.0000e+00  -61.12483  -58.09367 1152604798 192.333326    34.6963 0.0000e+00
    467.000     1.8815   3.064432     1.8822   3.064721    4.44819    -0.0603    13.8155 0.0000e+00  -61.12483  -58.09367 1152604801 192.333362    34.6960 0.0000e+00
    468.000     1.8812   3.064494     1.8818   3.064797    4.45340    -0.0750    13.8155 0.0000e+00  -61.12483  -58.09367 1152604803 192.333387    34.6966 0.0000e+00
    469.000     1.8805   3.064563     1.8815   3.064875    4.46158    -0.0569    13.8155 0.0000e+00  -61.12483  -58.09367 1152604804 192.333399    34.6977 0.0000e+00
    470.000     1.8807   3.064647     1.8816   3.064951    4.46322    -0.0558    13.8155 0.0000e+00  -61.12483  -58.09367 1152604805 192.333407    34.6980 0.0000e+00
    471.000     1.8825   3.064900     1.8833   3.065206    4.46307    -0.0637    13.8155 0.0000e+00  -61.12483  -58.09367 1152604805 192.333415    34.6987 0.0000e+00
    472.000     1.8844   3.065169     1.8851   3.065479    4.46338    -0.0639    13.8155 0.0000e+00  -61.12483  -58.09367 1152604806 192.333422    34.6993 0.0000e+00
    473.000     1.8855   3.065321     1.8861   3.065628    4.46309    -0.0563    13.8155 0.0000e+00  -61.12483  -58.09367 1152604807 192.333429    34.6994 0.0000e+00
    474.000     1.8862   3.065429     1.8866   3.065735    4.46306    -0.0483    13.8155 0.0000e+00  -61.12483  -58.09367 1152604807 192.333436    34.6994 0.0000e+00
    475.000     1.8864   3.065504     1.8868   3.065795    4.46293    -0.0745    13.8155 0.0000e+00  -61.12483  -58.09367 1152604808 192.333443    34.6996 0.0000e+00
    476.000     1.8863   3.065569     1.8870   3.065857    4.46226    -0.0605    13.8155 0.0000e+00  -61.12483  -58.09367 1152604810 192.333463    34.6999 0.0000e+00
    477.000     1.8849   3.065426     1.8859   3.065765    4.46961    -0.0413    13.8155 0.0000e+00  -61.12483  -58.09367 1152604816 192.333542    34.6992 0.0000e+00
    478.000     1.8855   3.065566     1.8862   3.065876    4.47081    -0.0542    13.8155 0.0000e+00  -61.12483  -58.09367 1152604817 192.333548    34.6997 0.0000e+00
    479.000     1.8851   3.065647     1.8855   3.065962    4.47082    -0.0719    13.8155 0.0000e+00  -61.12483  -58.09367 1152604818 192.333555    34.7006 0.0000e+00
    480.000     1.8849   3.065710     1.8852   3.066010    4.46896    -0.0629    13.8155 0.0000e+00  -61.12483  -58.09367 1152604818 192.333562    34.7010 0.0000e+00
    481.000     1.8844   3.065725     1.8845   3.066031    4.46865    -0.0603    13.8155 0.0000e+00  -61.12483  -58.09367 1152604819 192.333569    34.7012 0.0000e+00
    482.000     1.8810   3.065475     1.8810   3.065788    4.46902    -0.0682    13.8155 0.0000e+00  -61.12483  -58.09367 1152604819 192.333575    34.7013 0.0000e+00
    483.000     1.8789   3.065391     1.8790   3.065697    4.47007    -0.0658    13.8155 0.0000e+00  -61.12483  -58.09367 1152604820 192.333582    34.7021 0.0000e+00
    484.000     1.8788   3.065453     1.8792   3.065755    4.47244    -0.0576    13.8155 0.0000e+00  -61.12483  -58.09367 1152604820 192.333588    34.7024 0.0000e+00
    485.000     1.8803   3.065595     1.8808   3.065884    4.46633    -0.0598    13.8155 0.0000e+00  -61.12483  -58.09367 1152604824 192.333625    34.7019 0.0000e+00
    486.000     1.8795   3.065593     1.8809   3.065937    4.46740    -0.0664    13.8155 0.0000e+00  -61.12483  -58.09367 1152604827 192.333662    34.7022 0.0000e+00
    487.000     1.8776   3.065525     1.8785   3.065830    4.47201    -0.0688    13.8155 0.0000e+00  -61.12483  -58.09367 1152604828 192.333681    34.7029 0.0000e+00
    488.000     1.8776   3.065558     1.8783   3.065868    4.47209    -0.0511    13.8155 0.0000e+00  -61.12483  -58.09367 1152604830 192.333694    34.7028 0.0000e+00
    489.000     1.8773   3.065596     1.8781   3.065905    4.47083    -0.0561    13.8155 0.0000e+00  -61.12483  -58.09367 1152604830 192.333704    34.7029 0.0000e+00
    490.000     1.8769   3.065622     1.8777   3.065934    4.47253    -0.0620    13.8155 0.0000e+00  -61.12483  -58.09367 1152604831 192.333714    34.7032 0.0000e+00
    491.000     1.8763   3.065624     1.8770   3.065933    4.47083    -0.0687    13.8155 0.0000e+00  -61.12483  -58.09367 1152604832 192.333723    34.7033 0.0000e+00
    492.000     1.8752   3.065619     1.8761   3.065926    4.47187    -0.0531    13.8155 0.0000e+00  -61.12483  -58.09367 1152604833 192.333733    34.7039 0.0000e+00
