product_data/regression_test/downloaded_data/MDGS/320620060703/ctd/adapted/heads_insert_p6607901.cnv
* Sea-Bird SBE 9 Data File:
* FileName = D:\Data\Raw\P6607901.dat
* Software Version Seasave Win32 V 5.32
* Temperature SN = 1649
* Conductivity SN = 1431
* Number of Bytes Per Scan = 37
* Number of Voltage Words = 5
* Number of Scans Averaged by the Deck Unit = 1
* NMEA Latitude = 62 20.12 S
* NMEA Longitude = 058 03.15 W
* NMEA UTC (Time) = 04:28:55
** Ship:   Nathaniel B. Palmer 
** Cruise:    NBP0603 p0606
** Cast #: 01
** Station:   79
** Operator: 
# nquan = 15
# nvalues = 1401                        
# units = specified
# name 0 = prDM: Pressure, Digiquartz [db]
# name 1 = t090C: Temperature [ITS-90, deg C]
# name 2 = c0S/m: Conductivity [S/m]
# name 3 = t190C: Temperature, 2 [ITS-90, deg C]
# name 4 = c1S/m: Conductivity, 2 [S/m]
# name 5 = sbeox0ML/L: Oxygen, SBE 43 [ml/l]
# name 6 = flECO-AFL: Fluorescence, Wetlab ECO-AFL/FL [mg/m^3]
# name 7 = bat: Beam Attenuation, Chelsea/Seatech/Wetlab CStar [1/m]
# name 8 = spar: SPAR/Surface Irradiance
# name 9 = latitude: Latitude [deg]
# name 10 = longitude: Longitude [deg]
# name 11 = timeY: Time, System [seconds]
# name 12 = timeJ: Julian Days
# name 13 = sal00: Salinity [PSU]
# name 14 = flag: flag
# span 0 =      1.000,   1401.000       
# span 1 =    -1.6719,    -0.3334       
# span 2 =   2.702778,   2.856999       
# span 3 =    -1.6716,    -0.3346       
# span 4 =   2.703248,   2.857184       
# span 5 =    6.33186,    7.95219       
# span 6 =    -0.1496,     0.2388       
# span 7 =    13.8155,    13.8155       
# span 8 = -4.993e-02, 1.7265e+00       
# span 9 =  -62.33533,  -62.33533       
# span 10 =  -58.05250,  -58.05250      
# span 11 = 1152419340, 1152421267      
# span 12 = 190.186810, 190.209132      
# span 13 =    34.1784,    34.5395      
# span 14 = 0.0000e+00, 0.0000e+00      
# interval = decibars: 1                
# start_time = Jul 09 2006 04:29:03
# bad_flag = -9.990e-29
*END*
[from data line 1157]
   1157.000    -1.0836   2.828548    -1.0836   2.828770    6.78989    -0.1270    13.8155 9.7440e-01  -62.33533  -58.05250 1152420935 190.205285    34.5347 0.0000e+00
   1158.000    -1.0847   2.828481    -1.0849   2.828703    6.79092    -0.1240    13.8155 4.9707e-01  -62.33533  -58.05250 1152420936 190.205300    34.5345 0.0000e+00
   1159.000    -1.0850   2.828494    -1.0851   2.828712    6.79247    -0.1330    13.8155 7.4190e-01  -62.33533  -58.05250 1152420938 190.205317    34.5344 0.0000e+00
   1160.000    -1.0861   2.828451    -1.0858   2.828696    6.79398    -0.1302    13.8155 1.2783e+00  -62.33533  -58.05250 1152420939 190.205338    34.5345 0.0000e+00
   1161.000    -1.0871   2.828399    -1.0873   2.828624    6.79620    -0.1234    13.8155 4.8513e-02  -62.33533  -58.05250 1152420941 190.205354    34.5343 0.0000e+00
   1162.000    -1.0891   2.828289    -1.0892   2.828510    6.79909    -0.1235    13.8155 7.2952e-01  -62.33533  -58.05250 1152420942 190.205368    34.5346 0.0000e+00
   1163.000    -1.0891   2.828338    -1.0892   2.828562    6.79957    -0.1229    13.8155 1.7178e+00  -62.33533  -58.05250 1152420943 190.205381    34.5346 0.0000e+00
   1164.000    -1.0899   2.828314    -1.0898   2.828545    6.79811    -0.1214    13.8155 1.3679e+00  -62.33533  -58.05250 1152420944 190.205397    34.5346 0.0000e+00
   1165.000    -1.0904   2.828315    -1.0903   2.828546    6.79808    -0.1304    13.8155 6.4730e-01  -62.33533  -58.05250 1152420946 190.205415    34.5346 0.0000e+00
   1166.000    -1.0904   2.828364    -1.0907   2.828560    6.79755    -0.1194    13.8155 3.8949e-01  -62.33533  -58.05250 1152420948 190.205433    34.5346 0.0000e+00
   1167.000    -1.0910   2.828350    -1.0909   2.828574    6.79730    -0.1267    13.8155 8.0925e-01  -62.33533  -58.05250 1152420949 190.205451    34.5346 0.0000e+00
   1168.000    -1.0911   2.828387    -1.0910   2.828615    6.80196    -0.1347    13.8155 1.4018e+00  -62.33533  -58.05250 1152420951 190.205471    34.5346 0.0000e+00
   1169.000    -1.0926   2.828294    -1.0926   2.828516    6.80472    -0.1326    13.8155 7.8690e-01  -62.33533  -58.05250 1152420952 190.205489    34.5344 0.0000e+00
   1170.000    -1.0934   2.828273    -1.0937   2.828465    6.80571    -0.1319    13.8155 1.8538e-01  -62.33533  -58.05250 1152420954 190.205502    34.5345 0.0000e+00
   1171.000    -1.0942   2.828257    -1.0939   2.828495    6.80465    -0.1149    13.8155 4.6874e-04  -62.33533  -58.05250 1152420954 190.205513    34.5346 0.0000e+00
   1172.000    -1.0942   2.828287    -1.0942   2.828510    6.80533    -0.1359    13.8155 4.0518e-11  -62.33533  -58.05250 1152420955 190.205524    34.5345 0.0000e+00
   1173.000    -1.0957   2.828205    -1.0959   2.828400    6.80670    -0.1246    13.8155 2.4537e-01  -62.33533  -58.05250 1152420957 190.205544    34.5345 0.0000e+00
   1174.000    -1.0970   2.828136    -1.0970   2.828346    6.80888    -0.1260    13.8155 4.7741e-01  -62.33533  -58.05250 1152420960 190.205571    34.5344 0.0000e+00
   1175.000    -1.0980   2.828094    -1.0980   2.828316    6.81027    -0.1226    13.8155 6.7162e-01  -62.33533  -58.05250 1152420961 190.205588    34.5345 0.0000e+00
   1176.000    -1.0981   2.828127    -1.0980   2.828370    6.81063    -0.1214    13.8155 1.1743e+00  -62.33533  -58.05250 1152420962 190.205602    34.5345 0.0000e+00
   1177.000    -1.0986   2.828135    -1.0984   2.828375    6.81064    -0.1409    13.8155 9.2666e-01  -62.33533  -58.05250 1152420963 190.205613    34.5345 0.0000e+00
   1178.000    -1.0990   2.828145    -1.0992   2.828357    6.80806    -0.1050    13.8155 1.5318e+00  -62.33533  -58.05250 1152420964 190.205625    34.5345 0.0000e+00
   1179.000    -1.0992   2.828166    -1.0993   2.828385    6.80884    -0.1304    13.8155 1.0463e+00  -62.33533  -58.05250 1152420965 190.205637    34.5345 0.0000e+00
   1180.000    -1.0999   2.828158    -1.0997   2.828384    6.81088    -0.1216    13.8155 6.7456e-01  -62.33533  -58.05250 1152420967 190.205654    34.5345 0.0000e+00
   1181.000    -1.1004   2.828151    -1.1006   2.828363    6.81212    -0.1220    13.8155 5.1929e-01  -62.33533  -58.05250 1152420969 190.205677    34.5345 0.0000e+00
   1182.000    -1.1010   2.828149    -1.1009   2.828377    6.81338    -0.1174    13.8155 1.9270e-01  -62.33533  -58.05250 1152420971 190.205699    34.5345 0.0000e+00
   1183.000    -1.1018   2.828127    -1.1019   2.828344    6.81544    -0.1339    13.8155 -1.114e-03  -62.33533  -58.05250 1152420972 190.205719    34.5346 0.0000e+00
   1184.000    -1.1050   2.827897    -1.1051   2.828129    6.81825    -0.1349    13.8155 1.8198e-13  -62.33533  -58.05250 1152420974 190.205735    34.5345 0.0000e+00
   1185.000    -1.1085   2.827650    -1.1087   2.827877    6.82220    -0.1089    13.8155 5.5806e-01  -62.33533  -58.05250 1152420975 190.205747    34.5347 0.0000e+00
   1186.000    -1.1116   2.827431    -1.1117   2.827666    6.82127    -0.1233    13.8155 1.2949e+00  -62.33533  -58.05250 1152420976 190.205757    34.5347 0.0000e+00
   1187.000    -1.1147   2.827213    -1.1147   2.827456    6.81944    -0.1323    13.8155 3.6711e-02  -62.33533  -58.05250 1152420977 190.205767    34.5347 0.0000e+00
   1188.000    -1.1156   2.827171    -1.1153   2.827425    6.81910    -0.1272    13.8155 5.9624e-01  -62.33533  -58.05250 1152420978 190.205779    34.5347 0.0000e+00
   1189.000    -1.1156   2.827223    -1.1159   2.827410    6.82271    -0.1276    13.8155 3.2275e-01  -62.33533  -58.05250 1152420980 190.205806    34.5347 0.0000e+00
   1190.000    -1.1173   2.827115    -1.1176   2.827321    6.82559    -0.1245    13.8155 -9.499e-03  -62.33533  -58.05250 1152420982 190.205831    34.5346 0.0000e+00
   1191.000    -1.1194   2.826994    -1.1192   2.827233    6.82491    -0.1302    13.8155 8.3160e-26  -62.33533  -58.05250 1152420983 190.205845    34.5348 0.0000e+00
   1192.000    -1.1203   2.826946    -1.1204   2.827167    6.82892    -0.1258    13.8155 1.0707e-08  -62.33533  -58.05250 1152420984 190.205857    34.5346 0.0000e+00
   1193.000    -1.1206   2.826966    -1.1206   2.827198    6.83099    -0.1243    13.8155 1.8698e-01  -62.33533  -58.05250 1152420985 190.205868    34.5346 0.0000e+00
   1194.000    -1.1207   2.826998    -1.1207   2.827229    6.83181    -0.1306    13.8155 3.2689e-03  -62.33533  -58.05250 1152420986 190.205881    34.5345 0.0000e+00
   1195.000    -1.1207   2.827044    -1.1208   2.827268    6.83284    -0.1350    13.8155 2.4635e-07  -62.33533  -58.05250 1152420987 190.205893    34.5345 0.0000e+00
   1196.000    -1.1207   2.827104    -1.1207   2.827324    6.83338    -0.1281    13.8155 8.2717e-26  -62.33533  -58.05250 1152420988 190.205906    34.5347 0.0000e+00
   1197.000    -1.1206   2.827144    -1.1206   2.827373    6.83359    -0.1231    13.8155 2.7845e-25  -62.33533  -58.05250 1152420989 190.205918    34.5346 0.0000e+00
   1198.000    -1.1208   2.827170    -1.1206   2.827416    6.83396    -0.1308    13.8155 4.3575e-11  -62.33533  -58.05250 1152420991 190.205929    34.5345 0.0000e+00
   1199.000    -1.1206   2.827224    -1.1206   2.827453    6.83484    -0.1301    13.8155 3.8432e-01  -62.33533  -58.05250 1152420992 190.205942    34.5345 0.0000e+00
   1200.000    -1.1207   2.827267    -1.1206   2.827492    6.83691    -0.1300    13.8155 1.1056e+00  -62.33533  -58.05250 1152420994 190.205967    34.5345 0.0000e+00
   1201.000    -1.1207   2.827305    -1.1208   2.827531    6.83964    -0.1294    13.8155 -4.993e-02  -62.33533  -58.05250 1152420996 190.205990    34.5345 0.0000e+00
   1202.000    -1.1207   2.827354    -1.1208   2.827582    6.84031    -0.1210    13.8155 4.0748e-01  -62.33533  -58.05250 1152420997 190.206002    34.5346 0.0000e+00
   1203.000    -1.1208   2.827378    -1.1210   2.827603    6.84077    -0.1248    13.8155 1.4322e+00  -62.33533  -58.05250 1152420998 190.206011    34.5344 0.0000e+00
   1204.000    -1.1212   2.827398    -1.1213   2.827626    6.83973    -0.1292    13.8155 5.4236e-01  -62.33533  -58.05250 1152420998 190.206020    34.5345 0.0000e+00
   1205.000    -1.1214   2.827417    -1.1214   2.827635    6.83639    -0.1377    13.8155 4.0388e-02  -62.33533  -58.05250 1152420999 190.206029    34.5345 0.0000e+00
   1206.000    -1.1216   2.827441    -1.1218   2.827655    6.83694    -0.1270    13.8155 2.9056e-01  -62.33533  -58.05250 1152421000 190.206039    34.5345 0.0000e+00
   1207.000    -1.1221   2.827451    -1.1221   2.827673    6.83566    -0.1289    13.8155 3.3713e-01  -62.33533  -58.05250 1152421001 190.206054    34.5346 0.0000e+00
   1208.000    -1.1227   2.827453    -1.1225   2.827676    6.83452    -0.1400    13.8155 1.0042e+00  -62.33533  -58.05250 1152421003 190.206073    34.5347 0.0000e+00
   1209.000    -1.1240   2.827391    -1.1239   2.827615    6.83604    -0.1189    13.8155 3.0125e-01  -62.33533  -58.05250 1152421004 190.206089    34.5348 0.0000e+00
   1210.000    -1.1243   2.827415    -1.1244   2.827619    6.83737    -0.1271    13.8155 8.4506e-01  -62.33533  -58.05250 1152421006 190.206107    34.5348 0.0000e+00
   1211.000    -1.1246   2.827428    -1.1246   2.827645    6.83802    -0.1398    13.8155 1.0367e+00  -62.33533  -58.05250 1152421007 190.206125    34.5348 0.0000e+00
   1212.000    -1.1249   2.827443    -1.1250   2.827667    6.84035    -0.1275    13.8155 2.9809e-01  -62.33533  -58.05250 1152421009 190.206139    34.5347 0.0000e+00
   1213.000    -1.1253   2.827457    -1.1252   2.827686    6.84124    -0.1280    13.8155 1.2298e+00  -62.33533  -58.05250 1152421010 190.206150    34.5349 0.0000e+00
   1214.000    -1.1257   2.827458    -1.1259   2.827673    6.84236    -0.1197    13.8155 -1.113e-02  -62.33533  -58.05250 1152421011 190.206161    34.5347 0.0000e+00
   1215.000    -1.1269   2.827400    -1.1271   2.827624    6.84299    -0.1496    13.8155 2.4358e-01  -62.33533  -58.05250 1152421011 190.206172    34.5348 0.0000e+00
   1216.000    -1.1275   2.827409    -1.1275   2.827630    6.84388    -0.1267    13.8155 9.1898e-01  -62.33533  -58.05250 1152421012 190.206184    34.5350 0.0000e+00
   1217.000    -1.1285   2.827369    -1.1285   2.827584    6.84439    -0.1204    13.8155 4.0417e-01  -62.33533  -58.05250 1152421014 190.206199    34.5350 0.0000e+00
   1218.000    -1.1299   2.827278    -1.1300   2.827508    6.84679    -0.1267    13.8155 3.0102e-01  -62.33533  -58.05250 1152421015 190.206214    34.5348 0.0000e+00
   1219.000    -1.1308   2.827254    -1.1307   2.827485    6.85025    -0.1300    13.8155 8.4848e-01  -62.33533  -58.05250 1152421016 190.206229    34.5349 0.0000e+00
   1220.000    -1.1318   2.827205    -1.1317   2.827442    6.85213    -0.1309    13.8155 2.3416e-02  -62.33533  -58.05250 1152421018 190.206245    34.5349 0.0000e+00
   1221.000    -1.1321   2.827231    -1.1320   2.827459    6.85343    -0.1273    13.8155 7.4323e-01  -62.33533  -58.05250 1152421019 190.206262    34.5349 0.0000e+00
   1222.000    -1.1321   2.827269    -1.1321   2.827493    6.85438    -0.1243    13.8155 9.1888e-01  -62.33533  -58.05250 1152421021 190.206280    34.5349 0.0000e+00
   1223.000    -1.1326   2.827277    -1.1325   2.827504    6.85581    -0.1371    13.8155 8.6400e-01  -62.33533  -58.05250 1152421022 190.206294    34.5349 0.0000e+00
   1224.000    -1.1332   2.827249    -1.1334   2.827472    6.85528    -0.1339    13.8155 8.5161e-02  -62.33533  -58.05250 1152421023 190.206306    34.5347 0.0000e+00
   1225.000    -1.1342   2.827204    -1.1344   2.827433    6.85629    -0.1251    13.8155 4.5889e-01  -62.33533  -58.05250 1152421024 190.206316    34.5347 0.0000e+00
   1226.000    -1.1347   2.827236    -1.1346   2.827459    6.85562    -0.1337    13.8155 1.0454e+00  -62.33533  -58.05250 1152421025 190.206326    34.5351 0.0000e+00
   1227.000    -1.1356   2.827180    -1.1355   2.827421    6.85451    -0.1332    13.8155 7.8735e-01  -62.33533  -58.05250 1152421026 190.206337    34.5348 0.0000e+00
   1228.000    -1.1373   2.827080    -1.1373   2.827308    6.85456    -0.1321    13.8155 5.7223e-01  -62.33533  -58.05250 1152421027 190.206351    34.5348 0.0000e+00
   1229.000    -1.1374   2.827115    -1.1374   2.827333    6.85566    -0.1306    13.8155 9.0366e-01  -62.33533  -58.05250 1152421029 190.206373    34.5349 0.0000e+00
   1230.000    -1.1374   2.827166    -1.1374   2.827390    6.85717    -0.1341    13.8155 2.8273e-01  -62.33533  -58.05250 1152421030 190.206391    34.5348 0.0000e+00
   1231.000    -1.1378   2.827174    -1.1379   2.827391    6.85892    -0.1190    13.8155 9.4100e-01  -62.33533  -58.05250 1152421032 190.206405    34.5348 0.0000e+00
   1232.000    -1.1374   2.827260    -1.1374   2.827472    6.86004    -0.1294    13.8155 5.4786e-01  -62.33533  -58.05250 1152421033 190.206418    34.5349 0.0000e+00
   1233.000    -1.1371   2.827332    -1.1372   2.827530    6.86084    -0.1225    13.8155 8.2924e-01  -62.33533  -58.05250 1152421034 190.206430    34.5349 0.0000e+00
   1234.000    -1.1378   2.827303    -1.1377   2.827536    6.86163    -0.1224    13.8155 6.7784e-01  -62.33533  -58.05250 1152421035 190.206442    34.5349 0.0000e+00
   1235.000    -1.1395   2.827206    -1.1393   2.827450    6.86220    -0.1298    13.8155 2.3521e-01  -62.33533  -58.05250 1152421036 190.206454    34.5349 0.0000e+00
   1236.000    -1.1407   2.827143    -1.1406   2.827375    6.86258    -0.1281    13.8155 3.8856e-01  -62.33533  -58.05250 1152421037 190.206466    34.5349 0.0000e+00
   1237.000    -1.1407   2.827190    -1.1407   2.827419    6.86361    -0.1315    13.8155 5.8111e-01  -62.33533  -58.05250 1152421038 190.206479    34.5349 0.0000e+00
   1238.000    -1.1413   2.827174    -1.1414   2.827393    6.86519    -0.1317    13.8155 8.8236e-01  -62.33533  -58.05250 1152421039 190.206496    34.5348 0.0000e+00
   1239.000    -1.1420   2.827151    -1.1421   2.827373    6.86820    -0.1279    13.8155 5.2741e-01  -62.33533  -58.05250 1152421042 190.206520    34.5347 0.0000e+00
   1240.000    -1.1436   2.827067    -1.1435   2.827301    6.87089    -0.1315    13.8155 1.1268e+00  -62.33533  -58.05250 1152421043 190.206538    34.5348 0.0000e+00
   1241.000    -1.1443   2.827045    -1.1443   2.827285    6.87294    -0.1293    13.8155 3.5954e-01  -62.33533  -58.05250 1152421044 190.206550    34.5348 0.0000e+00
   1242.000    -1.1471   2.826845    -1.1472   2.827085    6.87371    -0.1368    13.8155 1.0294e-01  -62.33533  -58.05250 1152421045 190.206560    34.5348 0.0000e+00
   1243.000    -1.1480   2.826818    -1.1482   2.827043    6.87558    -0.1331    13.8155 1.4630e-01  -62.33533  -58.05250 1152421046 190.206568    34.5349 0.0000e+00
   1244.000    -1.1490   2.826768    -1.1491   2.826996    6.87201    -0.1229    13.8155 8.7678e-01  -62.33533  -58.05250 1152421046 190.206577    34.5347 0.0000e+00
   1245.000    -1.1501   2.826722    -1.1502   2.826947    6.87252    -0.1267    13.8155 1.0421e-01  -62.33533  -58.05250 1152421047 190.206588    34.5348 0.0000e+00
   1246.000    -1.1501   2.826761    -1.1501   2.826985    6.87164    -0.1261    13.8155 5.4199e-01  -62.33533  -58.05250 1152421049 190.206606    34.5347 0.0000e+00
   1247.000    -1.1502   2.826805    -1.1502   2.827018    6.87136    -0.1305    13.8155 -3.975e-02  -62.33533  -58.05250 1152421051 190.206632    34.5348 0.0000e+00
   1248.000    -1.1505   2.826817    -1.1506   2.827037    6.87227    -0.1384    13.8155 -1.531e-17  -62.33533  -58.05250 1152421053 190.206647    34.5347 0.0000e+00
   1249.000    -1.1531   2.826631    -1.1528   2.826899    6.87361    -0.1159    13.8155 1.0969e-31  -62.33533  -58.05250 1152421054 190.206660    34.5346 0.0000e+00
   1250.000    -1.1558   2.826458    -1.1556   2.826697    6.87559    -0.1293    13.8155 3.9451e-13  -62.33533  -58.05250 1152421055 190.206672    34.5348 0.0000e+00
   1251.000    -1.1563   2.826464    -1.1563   2.826693    6.87632    -0.1262    13.8155 1.5790e-01  -62.33533  -58.05250 1152421056 190.206684    34.5348 0.0000e+00
   1252.000    -1.1566   2.826494    -1.1565   2.826730    6.87932    -0.1275    13.8155 -1.367e-03  -62.33533  -58.05250 1152421057 190.206697    34.5350 0.0000e+00
