product_data/regression_test/downloaded_data/MDGS/320620060703/ctd/adapted/heads_insert_p6620601.cnv
* Sea-Bird SBE 9 Data File:
* FileName = D:\Data\Raw\p6620601.dat
* Software Version Seasave Win32 V 5.32
* Temperature SN = 1649
* Conductivity SN = 1431
* Number of Bytes Per Scan = 37
* Number of Voltage Words = 5
* Number of Scans Averaged by the Deck Unit = 1
* NMEA Latitude = 64 38.17 S
* NMEA Longitude = 062 48.64 W
* NMEA UTC (Time) = 02:52:19
** Ship:   Nathaniel B. Palmer 
** Cruise:    NBP0606 
# nquan = 15
# nvalues = 369                         
# units = specified
# name 0 = prDM: Pressure, Digiquartz [db]
# name 1 = t090C: Temperature [ITS-90, deg C]
# name 2 = c0S/m: Conductivity [S/m]
# name 3 = t190C: Temperature, 2 [ITS-90, deg C]
# name 4 = c1S/m: Conductivity, 2 [S/m]
# name 5 = sbeox0ML/L: Oxygen, SBE 43 [ml/l]
# name 6 = flECO-AFL: Fluorescence, Wetlab ECO-AFL/FL [mg/m^3]
# name 7 = bat: Beam Attenuation, Chelsea/Seatech/Wetlab CStar [1/m]
# name 8 = spar: SPAR/Surface Irradiance
# name 9 = latitude: Latitude [deg]
# name 10 = longitude: Longitude [deg]
# name 11 = timeY: Time, System [seconds]
# name 12 = timeJ: Julian Days
# name 13 = sal00: Salinity [PSU]
# name 14 = flag: flag
# span 0 =      1.000,    369.000       
# span 1 =    -0.5687,     0.2459       
# span 2 =   2.794880,   2.893508       
# span 3 =    -0.5679,     0.2472       
# span 4 =   2.795450,   2.893811       
# span 5 =    5.84745,    6.86761       
# span 6 =    -0.1034,    -0.0196       
# span 7 =    13.8155,    13.8155       
# span 8 = 0.0000e+00, 0.0000e+00       
# span 9 =  -64.63617,  -64.63617       
# span 10 =  -62.81067,  -62.81067      
# span 11 = 1154141545, 1154142200      
# span 12 = 210.119717, 210.127344      
# span 13 =    34.1753,    34.4941      
# span 14 = 0.0000e+00, 0.0000e+00      
# interval = decibars: 1                
# start_time = Jul 29 2006 02:52:28
# bad_flag = -9.990e-29
*END*
[from data line 193]
    193.000     0.1159   2.882174     0.1167   2.882465    5.91535    -0.0713    13.8155 0.0000e+00  -64.63617  -62.81067 1154141888 210.123735    34.4663 0.0000e+00
    194.000     0.1159   2.882224     0.1167   2.882537    5.91468    -0.0752    13.8155 0.0000e+00  -64.63617  -62.81067 1154141889 210.123751    34.4663 0.0000e+00
    195.000     0.1158   2.882316     0.1169   2.882622    5.91507    -0.0723    13.8155 0.0000e+00  -64.63617  -62.81067 1154141891 210.123767    34.4670 0.0000e+00
    196.000     0.1160   2.882389     0.1169   2.882685    5.91542    -0.0476    13.8155 0.0000e+00  -64.63617  -62.81067 1154141892 210.123783    34.4672 0.0000e+00
    197.000     0.1161   2.882446     0.1170   2.882735    5.91734    -0.0643    13.8155 0.0000e+00  -64.63617  -62.81067 1154141893 210.123797    34.4672 0.0000e+00
    198.000     0.1161   2.882533     0.1170   2.882825    5.91871    -0.0726    13.8155 0.0000e+00  -64.63617  -62.81067 1154141895 210.123812    34.4677 0.0000e+00
    199.000     0.1161   2.882599     0.1169   2.882885    5.91849    -0.0391    13.8155 0.0000e+00  -64.63617  -62.81067 1154141896 210.123829    34.4680 0.0000e+00
    200.000     0.1161   2.882713     0.1170   2.883009    5.91587    -0.0739    13.8155 0.0000e+00  -64.63617  -62.81067 1154141897 210.123843    34.4688 0.0000e+00
    201.000     0.1162   2.882800     0.1170   2.883087    5.91406    -0.0747    13.8155 0.0000e+00  -64.63617  -62.81067 1154141899 210.123857    34.4693 0.0000e+00
    202.000     0.1161   2.882854     0.1171   2.883146    5.91532    -0.0779    13.8155 0.0000e+00  -64.63617  -62.81067 1154141900 210.123873    34.4694 0.0000e+00
    203.000     0.1164   2.882934     0.1171   2.883212    5.91388    -0.0878    13.8155 0.0000e+00  -64.63617  -62.81067 1154141901 210.123889    34.4696 0.0000e+00
    204.000     0.1164   2.882982     0.1172   2.883270    5.91238    -0.0602    13.8155 0.0000e+00  -64.63617  -62.81067 1154141902 210.123902    34.4697 0.0000e+00
    205.000     0.1164   2.883036     0.1174   2.883321    5.91342    -0.0540    13.8155 0.0000e+00  -64.63617  -62.81067 1154141904 210.123916    34.4697 0.0000e+00
    206.000     0.1165   2.883095     0.1173   2.883369    5.91458    -0.0657    13.8155 0.0000e+00  -64.63617  -62.81067 1154141905 210.123932    34.4698 0.0000e+00
    207.000     0.1166   2.883182     0.1174   2.883468    5.91539    -0.0737    13.8155 0.0000e+00  -64.63617  -62.81067 1154141906 210.123947    34.4703 0.0000e+00
    208.000     0.1166   2.883236     0.1174   2.883530    5.91575    -0.0608    13.8155 0.0000e+00  -64.63617  -62.81067 1154141907 210.123961    34.4703 0.0000e+00
    209.000     0.1169   2.883372     0.1177   2.883632    5.91475    -0.0685    13.8155 0.0000e+00  -64.63617  -62.81067 1154141909 210.123974    34.4712 0.0000e+00
    210.000     0.1173   2.883493     0.1181   2.883781    5.91341    -0.0794    13.8155 0.0000e+00  -64.63617  -62.81067 1154141910 210.123990    34.4717 0.0000e+00
    211.000     0.1173   2.883543     0.1182   2.883824    5.91336    -0.0692    13.8155 0.0000e+00  -64.63617  -62.81067 1154141911 210.124004    34.4718 0.0000e+00
    212.000     0.1172   2.883584     0.1181   2.883866    5.91015    -0.0490    13.8155 0.0000e+00  -64.63617  -62.81067 1154141912 210.124017    34.4718 0.0000e+00
    213.000     0.1173   2.883627     0.1182   2.883911    5.91054    -0.0675    13.8155 0.0000e+00  -64.63617  -62.81067 1154141914 210.124030    34.4716 0.0000e+00
    214.000     0.1174   2.883697     0.1183   2.883993    5.91134    -0.0777    13.8155 0.0000e+00  -64.63617  -62.81067 1154141915 210.124045    34.4719 0.0000e+00
    215.000     0.1176   2.883762     0.1184   2.884042    5.91204    -0.0637    13.8155 0.0000e+00  -64.63617  -62.81067 1154141916 210.124061    34.4719 0.0000e+00
    216.000     0.1175   2.883801     0.1183   2.884083    5.91275    -0.0773    13.8155 0.0000e+00  -64.63617  -62.81067 1154141917 210.124076    34.4719 0.0000e+00
    217.000     0.1174   2.883828     0.1182   2.884091    5.91363    -0.0595    13.8155 0.0000e+00  -64.63617  -62.81067 1154141919 210.124092    34.4718 0.0000e+00
    218.000     0.1174   2.883870     0.1183   2.884156    5.91446    -0.0428    13.8155 0.0000e+00  -64.63617  -62.81067 1154141920 210.124109    34.4718 0.0000e+00
    219.000     0.1173   2.883939     0.1181   2.884215    5.91524    -0.0726    13.8155 0.0000e+00  -64.63617  -62.81067 1154141922 210.124125    34.4721 0.0000e+00
    220.000     0.1173   2.883971     0.1182   2.884249    5.91496    -0.0613    13.8155 0.0000e+00  -64.63617  -62.81067 1154141923 210.124141    34.4720 0.0000e+00
    221.000     0.1171   2.884020     0.1181   2.884300    5.91450    -0.0403    13.8155 0.0000e+00  -64.63617  -62.81067 1154141924 210.124157    34.4723 0.0000e+00
    222.000     0.1170   2.884134     0.1179   2.884419    5.91244    -0.0610    13.8155 0.0000e+00  -64.63617  -62.81067 1154141926 210.124174    34.4733 0.0000e+00
    223.000     0.1172   2.884192     0.1179   2.884499    5.90825    -0.0629    13.8155 0.0000e+00  -64.63617  -62.81067 1154141927 210.124189    34.4732 0.0000e+00
    224.000     0.1173   2.884261     0.1181   2.884555    5.90721    -0.0615    13.8155 0.0000e+00  -64.63617  -62.81067 1154141929 210.124204    34.4734 0.0000e+00
    225.000     0.1173   2.884301     0.1181   2.884597    5.91031    -0.0780    13.8155 0.0000e+00  -64.63617  -62.81067 1154141930 210.124218    34.4734 0.0000e+00
    226.000     0.1170   2.884283     0.1178   2.884592    5.91126    -0.0818    13.8155 0.0000e+00  -64.63617  -62.81067 1154141931 210.124233    34.4729 0.0000e+00
    227.000     0.1171   2.884382     0.1178   2.884655    5.90981    -0.0784    13.8155 0.0000e+00  -64.63617  -62.81067 1154141932 210.124250    34.4734 0.0000e+00
    228.000     0.1171   2.884414     0.1178   2.884683    5.90851    -0.0601    13.8155 0.0000e+00  -64.63617  -62.81067 1154141934 210.124266    34.4733 0.0000e+00
    229.000     0.1169   2.884436     0.1177   2.884713    5.90917    -0.0457    13.8155 0.0000e+00  -64.63617  -62.81067 1154141935 210.124283    34.4732 0.0000e+00
    230.000     0.1167   2.884424     0.1176   2.884703    5.91044    -0.0590    13.8155 0.0000e+00  -64.63617  -62.81067 1154141937 210.124300    34.4726 0.0000e+00
    231.000     0.1166   2.884456     0.1175   2.884736    5.91573    -0.0745    13.8155 0.0000e+00  -64.63617  -62.81067 1154141938 210.124316    34.4725 0.0000e+00
    232.000     0.1167   2.884496     0.1175   2.884774    5.91990    -0.0808    13.8155 0.0000e+00  -64.63617  -62.81067 1154141940 210.124333    34.4724 0.0000e+00
    233.000     0.1167   2.884534     0.1174   2.884817    5.91858    -0.0671    13.8155 0.0000e+00  -64.63617  -62.81067 1154141941 210.124349    34.4723 0.0000e+00
    234.000     0.1168   2.884612     0.1176   2.884887    5.91484    -0.0653    13.8155 0.0000e+00  -64.63617  -62.81067 1154141942 210.124365    34.4726 0.0000e+00
    235.000     0.1168   2.884654     0.1176   2.884934    5.91101    -0.0726    13.8155 0.0000e+00  -64.63617  -62.81067 1154141944 210.124380    34.4725 0.0000e+00
    236.000     0.1169   2.884706     0.1177   2.884989    5.90980    -0.0832    13.8155 0.0000e+00  -64.63617  -62.81067 1154141945 210.124395    34.4726 0.0000e+00
    237.000     0.1170   2.884755     0.1177   2.885035    5.91100    -0.0975    13.8155 0.0000e+00  -64.63617  -62.81067 1154141946 210.124411    34.4725 0.0000e+00
    238.000     0.1169   2.884793     0.1177   2.885077    5.91181    -0.0826    13.8155 0.0000e+00  -64.63617  -62.81067 1154141948 210.124428    34.4725 0.0000e+00
    239.000     0.1167   2.884815     0.1174   2.885082    5.91257    -0.0615    13.8155 0.0000e+00  -64.63617  -62.81067 1154141949 210.124443    34.4724 0.0000e+00
    240.000     0.1167   2.884834     0.1174   2.885116    5.91337    -0.0835    13.8155 0.0000e+00  -64.63617  -62.81067 1154141951 210.124458    34.4720 0.0000e+00
    241.000     0.1166   2.884890     0.1173   2.885173    5.91417    -0.0816    13.8155 0.0000e+00  -64.63617  -62.81067 1154141952 210.124475    34.4723 0.0000e+00
    242.000     0.1166   2.884943     0.1173   2.885233    5.91449    -0.0622    13.8155 0.0000e+00  -64.63617  -62.81067 1154141953 210.124491    34.4725 0.0000e+00
    243.000     0.1167   2.884986     0.1175   2.885270    5.91380    -0.0593    13.8155 0.0000e+00  -64.63617  -62.81067 1154141955 210.124506    34.4723 0.0000e+00
    244.000     0.1167   2.885039     0.1175   2.885317    5.91790    -0.0493    13.8155 0.0000e+00  -64.63617  -62.81067 1154141956 210.124522    34.4724 0.0000e+00
    245.000     0.1167   2.885092     0.1175   2.885364    5.91790    -0.0892    13.8155 0.0000e+00  -64.63617  -62.81067 1154141957 210.124538    34.4724 0.0000e+00
    246.000     0.1169   2.885115     0.1177   2.885399    5.91815    -0.0649    13.8155 0.0000e+00  -64.63617  -62.81067 1154141959 210.124554    34.4719 0.0000e+00
    247.000     0.1170   2.885166     0.1177   2.885442    5.91896    -0.0639    13.8155 0.0000e+00  -64.63617  -62.81067 1154141960 210.124570    34.4719 0.0000e+00
    248.000     0.1170   2.885201     0.1178   2.885478    5.91975    -0.0648    13.8155 0.0000e+00  -64.63617  -62.81067 1154141961 210.124586    34.4717 0.0000e+00
    249.000     0.1171   2.885252     0.1178   2.885531    5.92049    -0.0718    13.8155 0.0000e+00  -64.63617  -62.81067 1154141963 210.124601    34.4717 0.0000e+00
    250.000     0.1170   2.885307     0.1177   2.885590    5.91913    -0.0885    13.8155 0.0000e+00  -64.63617  -62.81067 1154141964 210.124617    34.4719 0.0000e+00
    251.000     0.1171   2.885357     0.1178   2.885627    5.91700    -0.0882    13.8155 0.0000e+00  -64.63617  -62.81067 1154141966 210.124633    34.4719 0.0000e+00
    252.000     0.1169   2.885413     0.1177   2.885689    5.91794    -0.0778    13.8155 0.0000e+00  -64.63617  -62.81067 1154141967 210.124649    34.4723 0.0000e+00
    253.000     0.1170   2.885503     0.1178   2.885776    5.92133    -0.0642    13.8155 0.0000e+00  -64.63617  -62.81067 1154141968 210.124664    34.4727 0.0000e+00
    254.000     0.1171   2.885587     0.1179   2.885877    5.92242    -0.0894    13.8155 0.0000e+00  -64.63617  -62.81067 1154141970 210.124680    34.4731 0.0000e+00
    255.000     0.1172   2.885666     0.1179   2.885943    5.92034    -0.0658    13.8155 0.0000e+00  -64.63617  -62.81067 1154141971 210.124697    34.4735 0.0000e+00
    256.000     0.1174   2.885768     0.1182   2.886060    5.92122    -0.0618    13.8155 0.0000e+00  -64.63617  -62.81067 1154141972 210.124712    34.4740 0.0000e+00
    257.000     0.1174   2.885820     0.1181   2.886087    5.92174    -0.0546    13.8155 0.0000e+00  -64.63617  -62.81067 1154141974 210.124728    34.4741 0.0000e+00
    258.000     0.1175   2.885890     0.1184   2.886171    5.91910    -0.0793    13.8155 0.0000e+00  -64.63617  -62.81067 1154141975 210.124744    34.4742 0.0000e+00
    259.000     0.1177   2.885949     0.1183   2.886225    5.91605    -0.0723    13.8155 0.0000e+00  -64.63617  -62.81067 1154141977 210.124760    34.4742 0.0000e+00
    260.000     0.1177   2.885990     0.1184   2.886268    5.91948    -0.0587    13.8155 0.0000e+00  -64.63617  -62.81067 1154141978 210.124776    34.4742 0.0000e+00
    261.000     0.1177   2.886058     0.1185   2.886341    5.92138    -0.0692    13.8155 0.0000e+00  -64.63617  -62.81067 1154141979 210.124791    34.4744 0.0000e+00
    262.000     0.1178   2.886106     0.1185   2.886389    5.92331    -0.0570    13.8155 0.0000e+00  -64.63617  -62.81067 1154141981 210.124807    34.4744 0.0000e+00
    263.000     0.1179   2.886157     0.1186   2.886443    5.92230    -0.0593    13.8155 0.0000e+00  -64.63617  -62.81067 1154141982 210.124823    34.4743 0.0000e+00
    264.000     0.1179   2.886215     0.1186   2.886496    5.91750    -0.0652    13.8155 0.0000e+00  -64.63617  -62.81067 1154141983 210.124839    34.4745 0.0000e+00
    265.000     0.1180   2.886274     0.1188   2.886548    5.91368    -0.0575    13.8155 0.0000e+00  -64.63617  -62.81067 1154141985 210.124855    34.4746 0.0000e+00
    266.000     0.1181   2.886325     0.1187   2.886595    5.91220    -0.0713    13.8155 0.0000e+00  -64.63617  -62.81067 1154141986 210.124871    34.4746 0.0000e+00
    267.000     0.1182   2.886410     0.1189   2.886682    5.91119    -0.1020    13.8155 0.0000e+00  -64.63617  -62.81067 1154141987 210.124886    34.4749 0.0000e+00
    268.000     0.1183   2.886485     0.1190   2.886762    5.90789    -0.0813    13.8155 0.0000e+00  -64.63617  -62.81067 1154141989 210.124902    34.4752 0.0000e+00
    269.000     0.1187   2.886590     0.1193   2.886857    5.91041    -0.0873    13.8155 0.0000e+00  -64.63617  -62.81067 1154141990 210.124918    34.4756 0.0000e+00
    270.000     0.1186   2.886627     0.1193   2.886905    5.91185    -0.0895    13.8155 0.0000e+00  -64.63617  -62.81067 1154141992 210.124934    34.4755 0.0000e+00
    271.000     0.1188   2.886691     0.1195   2.886967    5.91299    -0.0827    13.8155 0.0000e+00  -64.63617  -62.81067 1154141993 210.124949    34.4756 0.0000e+00
    272.000     0.1189   2.886768     0.1195   2.887033    5.91101    -0.0699    13.8155 0.0000e+00  -64.63617  -62.81067 1154141994 210.124965    34.4759 0.0000e+00
    273.000     0.1189   2.886842     0.1197   2.887117    5.90950    -0.0634    13.8155 0.0000e+00  -64.63617  -62.81067 1154141996 210.124981    34.4762 0.0000e+00
    274.000     0.1191   2.886909     0.1198   2.887196    5.91069    -0.0587    13.8155 0.0000e+00  -64.63617  -62.81067 1154141997 210.124996    34.4763 0.0000e+00
    275.000     0.1193   2.886989     0.1198   2.887260    5.91059    -0.0657    13.8155 0.0000e+00  -64.63617  -62.81067 1154141998 210.125012    34.4766 0.0000e+00
    276.000     0.1194   2.887045     0.1200   2.887323    5.91308    -0.0767    13.8155 0.0000e+00  -64.63617  -62.81067 1154142000 210.125028    34.4766 0.0000e+00
    277.000     0.1196   2.887181     0.1202   2.887451    5.91387    -0.0683    13.8155 0.0000e+00  -64.63617  -62.81067 1154142001 210.125043    34.4775 0.0000e+00
    278.000     0.1198   2.887251     0.1205   2.887528    5.91465    -0.0799    13.8155 0.0000e+00  -64.63617  -62.81067 1154142002 210.125059    34.4776 0.0000e+00
    279.000     0.1198   2.887319     0.1206   2.887598    5.91443    -0.0672    13.8155 0.0000e+00  -64.63617  -62.81067 1154142004 210.125075    34.4779 0.0000e+00
    280.000     0.1198   2.887362     0.1205   2.887641    5.91604    -0.0823    13.8155 0.0000e+00  -64.63617  -62.81067 1154142005 210.125091    34.4779 0.0000e+00
    281.000     0.1200   2.887418     0.1207   2.887688    5.91316    -0.0967    13.8155 0.0000e+00  -64.63617  -62.81067 1154142007 210.125107    34.4779 0.0000e+00
    282.000     0.1201   2.887497     0.1207   2.887770    5.91286    -0.0690    13.8155 0.0000e+00  -64.63617  -62.81067 1154142008 210.125122    34.4782 0.0000e+00
    283.000     0.1202   2.887552     0.1208   2.887825    5.91325    -0.0601    13.8155 0.0000e+00  -64.63617  -62.81067 1154142009 210.125138    34.4782 0.0000e+00
    284.000     0.1202   2.887605     0.1208   2.887879    5.91431    -0.0831    13.8155 0.0000e+00  -64.63617  -62.81067 1154142011 210.125154    34.4783 0.0000e+00
    285.000     0.1201   2.887611     0.1208   2.887887    5.91309    -0.0909    13.8155 0.0000e+00  -64.63617  -62.81067 1154142012 210.125169    34.4778 0.0000e+00
    286.000     0.1202   2.887639     0.1208   2.887923    5.91393    -0.0797    13.8155 0.0000e+00  -64.63617  -62.81067 1154142013 210.125184    34.4776 0.0000e+00
    287.000     0.1203   2.887714     0.1208   2.887975    5.91263    -0.0793    13.8155 0.0000e+00  -64.63617  -62.81067 1154142015 210.125200    34.4779 0.0000e+00
    288.000     0.1206   2.887855     0.1212   2.888109    5.91312    -0.0673    13.8155 0.0000e+00  -64.63617  -62.81067 1154142016 210.125216    34.4787 0.0000e+00
