product_data/regression_test/downloaded_data/MDGS/320620060703/ctd/adapted/heads_insert_p6618904.cnv
* Sea-Bird SBE 9 Data File:
* FileName = D:\Data\Raw\p6618904.dat
* Software Version Seasave Win32 V 5.32
* Temperature SN = 1649
* Conductivity SN = 1431
* Number of Bytes Per Scan = 37
* Number of Voltage Words = 5
* Number of Scans Averaged by the Deck Unit = 1
* NMEA Latitude = 60 48.00 S
* NMEA Longitude = 054 37.53 W
* NMEA UTC (Time) = 10:33:37
** Ship:   Nathaniel B. Palmer 
** Cruise:    NBP0606 
# nquan = 15
# nvalues = 998                         
# units = specified
# name 0 = prDM: Pressure, Digiquartz [db]
# name 1 = t090C: Temperature [ITS-90, deg C]
# name 2 = c0S/m: Conductivity [S/m]
# name 3 = t190C: Temperature, 2 [ITS-90, deg C]
# name 4 = c1S/m: Conductivity, 2 [S/m]
# name 5 = sbeox0ML/L: Oxygen, SBE 43 [ml/l]
# name 6 = flECO-AFL: Fluorescence, Wetlab ECO-AFL/FL [mg/m^3]
# name 7 = bat: Beam Attenuation, Chelsea/Seatech/Wetlab CStar [1/m]
# name 8 = spar: SPAR/Surface Irradiance
# name 9 = latitude: Latitude [deg]
# name 10 = longitude: Longitude [deg]
# name 11 = timeY: Time, System [seconds]
# name 12 = timeJ: Julian Days
# name 13 = sal00: Salinity [PSU]
# name 14 = flag: flag
# span 0 =      4.000,   1001.000       
# span 1 =    -0.9725,     0.4788       
# span 2 =   2.771560,   2.963651       
# span 3 =    -0.9719,     0.4788       
# span 4 =   2.772099,   2.963949       
# span 5 =    5.39379,    7.57191       
# span 6 =    -0.1103,     0.9112       
# span 7 =    13.8155,    13.8155       
# span 8 = 0.0000e+00, 0.0000e+00       
# span 9 =  -60.80000,  -60.80000       
# span 10 =  -54.62550,  -54.62550      
# span 11 = 1153650788, 1153652279      
# span 12 = 204.439662, 204.456950      
# span 13 =    34.2031,    34.6596      
# span 14 = 0.0000e+00, 0.0000e+00      
# interval = decibars: 1                
# start_time = Jul 23 2006 10:33:44
# bad_flag = -9.990e-29
*END*
[from data line 964]
    967.000     0.4758   2.962088     0.4759   2.962399    5.39776    -0.0899    13.8155 0.0000e+00  -60.80000  -54.62550 1153652212 204.456173    34.6590 0.0000e+00
    968.000     0.4757   2.962138     0.4758   2.962448    5.39810    -0.0811    13.8155 0.0000e+00  -60.80000  -54.62550 1153652213 204.456186    34.6591 0.0000e+00
    969.000     0.4758   2.962190     0.4759   2.962491    5.39807    -0.0903    13.8155 0.0000e+00  -60.80000  -54.62550 1153652214 204.456200    34.6592 0.0000e+00
    970.000     0.4760   2.962250     0.4761   2.962545    5.39860    -0.0965    13.8155 0.0000e+00  -60.80000  -54.62550 1153652216 204.456215    34.6592 0.0000e+00
    971.000     0.4780   2.962426     0.4782   2.962741    5.39709    -0.0849    13.8155 0.0000e+00  -60.80000  -54.62550 1153652217 204.456233    34.6586 0.0000e+00
    972.000     0.4784   2.962517     0.4785   2.962822    5.39711    -0.1016    13.8155 0.0000e+00  -60.80000  -54.62550 1153652219 204.456249    34.6588 0.0000e+00
    973.000     0.4782   2.962550     0.4785   2.962872    5.39667    -0.1049    13.8155 0.0000e+00  -60.80000  -54.62550 1153652220 204.456262    34.6588 0.0000e+00
    974.000     0.4781   2.962581     0.4781   2.962893    5.39677    -0.0930    13.8155 0.0000e+00  -60.80000  -54.62550 1153652220 204.456272    34.6589 0.0000e+00
    975.000     0.4781   2.962626     0.4780   2.962932    5.39712    -0.0843    13.8155 0.0000e+00  -60.80000  -54.62550 1153652221 204.456282    34.6589 0.0000e+00
    976.000     0.4778   2.962649     0.4779   2.962961    5.39812    -0.0913    13.8155 0.0000e+00  -60.80000  -54.62550 1153652223 204.456303    34.6589 0.0000e+00
    977.000     0.4776   2.962704     0.4780   2.963006    5.39947    -0.0871    13.8155 0.0000e+00  -60.80000  -54.62550 1153652226 204.456338    34.6593 0.0000e+00
    978.000     0.4780   2.962740     0.4779   2.963031    5.39945    -0.0984    13.8155 0.0000e+00  -60.80000  -54.62550 1153652227 204.456351    34.6588 0.0000e+00
    979.000     0.4780   2.962769     0.4780   2.963080    5.39919    -0.0768    13.8155 0.0000e+00  -60.80000  -54.62550 1153652228 204.456364    34.6586 0.0000e+00
    980.000     0.4780   2.962816     0.4780   2.963123    5.39767    -0.0828    13.8155 0.0000e+00  -60.80000  -54.62550 1153652230 204.456388    34.6586 0.0000e+00
    981.000     0.4783   2.962896     0.4784   2.963206    5.39805    -0.0791    13.8155 0.0000e+00  -60.80000  -54.62550 1153652233 204.456412    34.6588 0.0000e+00
    982.000     0.4784   2.962960     0.4784   2.963257    5.39764    -0.0902    13.8155 0.0000e+00  -60.80000  -54.62550 1153652234 204.456426    34.6589 0.0000e+00
    983.000     0.4788   2.963014     0.4787   2.963304    5.39815    -0.0841    13.8155 0.0000e+00  -60.80000  -54.62550 1153652236 204.456447    34.6587 0.0000e+00
    984.000     0.4785   2.963040     0.4787   2.963351    5.39893    -0.0899    13.8155 0.0000e+00  -60.80000  -54.62550 1153652239 204.456481    34.6587 0.0000e+00
    985.000     0.4772   2.963008     0.4776   2.963329    5.39481    -0.0847    13.8155 0.0000e+00  -60.80000  -54.62550 1153652240 204.456501    34.6593 0.0000e+00
    986.000     0.4772   2.963055     0.4777   2.963381    5.39545    -0.1073    13.8155 0.0000e+00  -60.80000  -54.62550 1153652242 204.456520    34.6593 0.0000e+00
    987.000     0.4768   2.963071     0.4771   2.963373    5.39818    -0.0867    13.8155 0.0000e+00  -60.80000  -54.62550 1153652244 204.456541    34.6594 0.0000e+00
    988.000     0.4762   2.963068     0.4767   2.963402    5.39891    -0.0871    13.8155 0.0000e+00  -60.80000  -54.62550 1153652246 204.456562    34.6594 0.0000e+00
    989.000     0.4771   2.963177     0.4776   2.963502    5.39801    -0.0839    13.8155 0.0000e+00  -60.80000  -54.62550 1153652248 204.456591    34.6593 0.0000e+00
    990.000     0.4761   2.963145     0.4764   2.963465    5.39789    -0.0790    13.8155 0.0000e+00  -60.80000  -54.62550 1153652250 204.456610    34.6594 0.0000e+00
    991.000     0.4757   2.963145     0.4757   2.963447    5.39893    -0.0911    13.8155 0.0000e+00  -60.80000  -54.62550 1153652252 204.456632    34.6594 0.0000e+00
    992.000     0.4765   2.963258     0.4760   2.963520    5.40024    -0.0808    13.8155 0.0000e+00  -60.80000  -54.62550 1153652255 204.456668    34.6593 0.0000e+00
    993.000     0.4761   2.963276     0.4758   2.963555    5.40035    -0.0935    13.8155 0.0000e+00  -60.80000  -54.62550 1153652256 204.456682    34.6594 0.0000e+00
    994.000     0.4763   2.963339     0.4765   2.963646    5.40048    -0.0873    13.8155 0.0000e+00  -60.80000  -54.62550 1153652257 204.456694    34.6595 0.0000e+00
    995.000     0.4768   2.963409     0.4768   2.963702    5.39992    -0.0903    13.8155 0.0000e+00  -60.80000  -54.62550 1153652259 204.456721    34.6593 0.0000e+00
    996.000     0.4780   2.963545     0.4781   2.963853    5.40251    -0.1035    13.8155 0.0000e+00  -60.80000  -54.62550 1153652264 204.456773    34.6590 0.0000e+00
    997.000     0.4754   2.963398     0.4756   2.963709    5.40294    -0.0822    13.8155 0.0000e+00  -60.80000  -54.62550 1153652266 204.456795    34.6596 0.0000e+00
    998.000     0.4768   2.963542     0.4772   2.963863    5.40033    -0.0912    13.8155 0.0000e+00  -60.80000  -54.62550 1153652267 204.456811    34.6593 0.0000e+00
    999.000     0.4766   2.963570     0.4769   2.963891    5.39900    -0.0971    13.8155 0.0000e+00  -60.80000  -54.62550 1153652269 204.456836    34.6594 0.0000e+00
   1000.000     0.4762   2.963581     0.4762   2.963890    5.39901    -0.0931    13.8155 0.0000e+00  -60.80000  -54.62550 1153652273 204.456885    34.6594 0.0000e+00
   1001.000     0.4764   2.963651     0.4765   2.963949    5.39891    -0.0934    13.8155 0.0000e+00  -60.80000  -54.62550 1153652279 204.456950    34.6595 0.0000e+00
