product_data/regression_test/downloaded_data/MDGS/320620060703/ctd/adapted/heads_insert_p6617608.cnv
* Sea-Bird SBE 9 Data File:
* FileName = D:\Data\Raw\p6617608.dat
* Software Version Seasave Win32 V 5.32
* Temperature SN = 1649
* Conductivity SN = 1431
* Number of Bytes Per Scan = 37
* Number of Voltage Words = 5
* Number of Scans Averaged by the Deck Unit = 1
* NMEA Latitude = 60 36.97 S
* NMEA Longitude = 054 43.19 W
* NMEA UTC (Time) = 11:17:29
** Ship:   Nathaniel B. Palmer 
** Cruise:    NBP0606 
# nquan = 15
# nvalues = 1192                        
# units = specified
# name 0 = prDM: Pressure, Digiquartz [db]
# name 1 = t090C: Temperature [ITS-90, deg C]
# name 2 = c0S/m: Conductivity [S/m]
# name 3 = t190C: Temperature, 2 [ITS-90, deg C]
# name 4 = c1S/m: Conductivity, 2 [S/m]
# name 5 = sbeox0ML/L: Oxygen, SBE 43 [ml/l]
# name 6 = flECO-AFL: Fluorescence, Wetlab ECO-AFL/FL [mg/m^3]
# name 7 = bat: Beam Attenuation, Chelsea/Seatech/Wetlab CStar [1/m]
# name 8 = spar: SPAR/Surface Irradiance
# name 9 = latitude: Latitude [deg]
# name 10 = longitude: Longitude [deg]
# name 11 = timeY: Time, System [seconds]
# name 12 = timeJ: Julian Days
# name 13 = sal00: Salinity [PSU]
# name 14 = flag: flag
# span 0 =     11.000,   1202.000       
# span 1 =    -0.7594,     1.5365       
# span 2 =   2.778691,   3.026195       
# span 3 =    -0.7598,     1.5377       
# span 4 =   2.779156,   3.026523       
# span 5 =    4.78176,    7.70745       
# span 6 =    -0.1115,     0.3638       
# span 7 =    13.8155,    13.8155       
# span 8 = -3.683e-02, 1.9481e+00       
# span 9 =  -60.61617,  -60.61617       
# span 10 =  -54.71983,  -54.71983      
# span 11 = 1153480669, 1153482379      
# span 12 = 202.470721, 202.490513      
# span 13 =    34.1772,    34.7162      
# span 14 = 0.0000e+00, 0.0000e+00      
# interval = decibars: 1                
# start_time = Jul 21 2006 11:17:36
# bad_flag = -9.990e-29
*END*
[from data line 964]
    974.000     1.0019   3.010307     1.0023   3.010680    5.06870    -0.0942    13.8155 0.0000e+00  -60.61617  -54.71983 1153482033 202.486510    34.6933 0.0000e+00
    975.000     1.0020   3.010358     1.0023   3.010719    5.06956    -0.0934    13.8155 0.0000e+00  -60.61617  -54.71983 1153482035 202.486526    34.6933 0.0000e+00
    976.000     1.0021   3.010419     1.0024   3.010794    5.07037    -0.0732    13.8155 0.0000e+00  -60.61617  -54.71983 1153482036 202.486541    34.6935 0.0000e+00
    977.000     1.0020   3.010453     1.0023   3.010842    5.07089    -0.0820    13.8155 0.0000e+00  -60.61617  -54.71983 1153482037 202.486554    34.6935 0.0000e+00
    978.000     1.0014   3.010480     1.0023   3.010887    5.07062    -0.0963    13.8155 0.0000e+00  -60.61617  -54.71983 1153482038 202.486566    34.6939 0.0000e+00
    979.000     1.0017   3.010543     1.0022   3.010929    5.06744    -0.0900    13.8155 0.0000e+00  -60.61617  -54.71983 1153482039 202.486578    34.6938 0.0000e+00
    980.000     1.0015   3.010561     1.0018   3.010949    5.06685    -0.0832    13.8155 0.0000e+00  -60.61617  -54.71983 1153482040 202.486592    34.6938 0.0000e+00
    981.000     1.0009   3.010563     1.0013   3.010943    5.06696    -0.0974    13.8155 0.0000e+00  -60.61617  -54.71983 1153482042 202.486611    34.6939 0.0000e+00
    982.000     1.0010   3.010634     1.0015   3.011018    5.06774    -0.0989    13.8155 0.0000e+00  -60.61617  -54.71983 1153482044 202.486635    34.6940 0.0000e+00
    983.000     1.0014   3.010725     1.0018   3.011108    5.06799    -0.0833    13.8155 0.0000e+00  -60.61617  -54.71983 1153482045 202.486650    34.6943 0.0000e+00
    984.000     1.0017   3.010794     1.0019   3.011171    5.06721    -0.0967    13.8155 0.0000e+00  -60.61617  -54.71983 1153482046 202.486663    34.6943 0.0000e+00
    985.000     1.0015   3.010827     1.0019   3.011211    5.06586    -0.0879    13.8155 0.0000e+00  -60.61617  -54.71983 1153482047 202.486676    34.6944 0.0000e+00
    986.000     1.0004   3.010781     1.0006   3.011158    5.06541    -0.0825    13.8155 0.0000e+00  -60.61617  -54.71983 1153482049 202.486691    34.6944 0.0000e+00
    987.000     0.9998   3.010775     1.0000   3.011154    5.06555    -0.0895    13.8155 0.0000e+00  -60.61617  -54.71983 1153482050 202.486708    34.6945 0.0000e+00
    988.000     0.9996   3.010798     0.9998   3.011174    5.06669    -0.0924    13.8155 0.0000e+00  -60.61617  -54.71983 1153482052 202.486728    34.6945 0.0000e+00
    989.000     0.9993   3.010820     0.9994   3.011200    5.06846    -0.0999    13.8155 0.0000e+00  -60.61617  -54.71983 1153482053 202.486745    34.6945 0.0000e+00
    990.000     0.9992   3.010869     0.9996   3.011244    5.06623    -0.1112    13.8155 0.0000e+00  -60.61617  -54.71983 1153482054 202.486755    34.6947 0.0000e+00
    991.000     0.9995   3.010920     0.9995   3.011291    5.06503    -0.1115    13.8155 0.0000e+00  -60.61617  -54.71983 1153482055 202.486764    34.6944 0.0000e+00
    992.000     0.9991   3.010928     0.9993   3.011314    5.06515    -0.0994    13.8155 0.0000e+00  -60.61617  -54.71983 1153482056 202.486773    34.6945 0.0000e+00
    993.000     0.9991   3.010972     0.9994   3.011352    5.06537    -0.0938    13.8155 0.0000e+00  -60.61617  -54.71983 1153482057 202.486782    34.6945 0.0000e+00
    994.000     0.9990   3.011017     0.9993   3.011392    5.06663    -0.0806    13.8155 0.0000e+00  -60.61617  -54.71983 1153482059 202.486809    34.6945 0.0000e+00
    995.000     0.9995   3.011110     0.9999   3.011479    5.06710    -0.0912    13.8155 0.0000e+00  -60.61617  -54.71983 1153482062 202.486840    34.6946 0.0000e+00
    996.000     0.9994   3.011148     0.9996   3.011519    5.06767    -0.0918    13.8155 0.0000e+00  -60.61617  -54.71983 1153482063 202.486859    34.6946 0.0000e+00
    997.000     0.9984   3.011097     0.9988   3.011484    5.06641    -0.0804    13.8155 0.0000e+00  -60.61617  -54.71983 1153482064 202.486872    34.6946 0.0000e+00
    998.000     0.9983   3.011148     0.9987   3.011525    5.06569    -0.0969    13.8155 0.0000e+00  -60.61617  -54.71983 1153482065 202.486882    34.6948 0.0000e+00
    999.000     0.9985   3.011199     0.9988   3.011568    5.06524    -0.0829    13.8155 0.0000e+00  -60.61617  -54.71983 1153482066 202.486891    34.6947 0.0000e+00
   1000.000     0.9980   3.011194     0.9983   3.011579    5.06508    -0.0991    13.8155 0.0000e+00  -60.61617  -54.71983 1153482067 202.486900    34.6946 0.0000e+00
   1001.000     0.9980   3.011238     0.9982   3.011609    5.06341    -0.0932    13.8155 0.0000e+00  -60.61617  -54.71983 1153482068 202.486910    34.6946 0.0000e+00
   1002.000     0.9980   3.011275     0.9983   3.011657    5.06368    -0.0884    13.8155 0.0000e+00  -60.61617  -54.71983 1153482070 202.486932    34.6946 0.0000e+00
   1003.000     0.9980   3.011313     0.9984   3.011700    5.06352    -0.0913    13.8155 0.0000e+00  -60.61617  -54.71983 1153482072 202.486958    34.6945 0.0000e+00
   1004.000     0.9980   3.011379     0.9983   3.011744    5.06606    -0.0810    13.8155 0.0000e+00  -60.61617  -54.71983 1153482073 202.486977    34.6947 0.0000e+00
   1005.000     0.9981   3.011425     0.9985   3.011808    5.06680    -0.0849    13.8155 0.0000e+00  -60.61617  -54.71983 1153482075 202.486991    34.6946 0.0000e+00
   1006.000     0.9984   3.011491     0.9988   3.011877    5.06611    -0.0851    13.8155 0.0000e+00  -60.61617  -54.71983 1153482076 202.487002    34.6946 0.0000e+00
   1007.000     0.9989   3.011585     0.9992   3.011960    5.06641    -0.0961    13.8155 0.0000e+00  -60.61617  -54.71983 1153482076 202.487013    34.6948 0.0000e+00
   1008.000     0.9991   3.011656     0.9994   3.012032    5.06651    -0.0909    13.8155 0.0000e+00  -60.61617  -54.71983 1153482077 202.487023    34.6948 0.0000e+00
   1009.000     0.9990   3.011676     0.9992   3.012057    5.06660    -0.0947    13.8155 0.0000e+00  -60.61617  -54.71983 1153482078 202.487034    34.6947 0.0000e+00
   1010.000     0.9991   3.011718     0.9993   3.012104    5.06683    -0.0804    13.8155 0.0000e+00  -60.61617  -54.71983 1153482079 202.487045    34.6946 0.0000e+00
   1011.000     0.9992   3.011781     0.9995   3.012161    5.06821    -0.0912    13.8155 0.0000e+00  -60.61617  -54.71983 1153482081 202.487069    34.6946 0.0000e+00
   1012.000     0.9991   3.011819     0.9994   3.012196    5.06862    -0.0862    13.8155 0.0000e+00  -60.61617  -54.71983 1153482085 202.487105    34.6947 0.0000e+00
   1013.000     0.9987   3.011823     0.9989   3.012205    5.06807    -0.0762    13.8155 0.0000e+00  -60.61617  -54.71983 1153482086 202.487118    34.6947 0.0000e+00
   1014.000     0.9983   3.011829     0.9985   3.012212    5.06932    -0.0866    13.8155 0.0000e+00  -60.61617  -54.71983 1153482086 202.487129    34.6946 0.0000e+00
   1015.000     0.9950   3.011578     0.9949   3.011959    5.06950    -0.0863    13.8155 0.0000e+00  -60.61617  -54.71983 1153482087 202.487139    34.6946 0.0000e+00
   1016.000     0.9925   3.011412     0.9926   3.011808    5.07033    -0.0858    13.8155 0.0000e+00  -60.61617  -54.71983 1153482088 202.487148    34.6948 0.0000e+00
   1017.000     0.9915   3.011369     0.9916   3.011767    5.07101    -0.0839    13.8155 0.0000e+00  -60.61617  -54.71983 1153482089 202.487157    34.6948 0.0000e+00
   1018.000     0.9907   3.011358     0.9910   3.011753    5.07210    -0.0841    13.8155 0.0000e+00  -60.61617  -54.71983 1153482090 202.487168    34.6949 0.0000e+00
   1019.000     0.9894   3.011288     0.9897   3.011672    5.07254    -0.0875    13.8155 0.0000e+00  -60.61617  -54.71983 1153482091 202.487180    34.6950 0.0000e+00
   1020.000     0.9886   3.011256     0.9889   3.011634    5.07267    -0.0817    13.8155 0.0000e+00  -60.61617  -54.71983 1153482093 202.487199    34.6949 0.0000e+00
   1021.000     0.9877   3.011225     0.9880   3.011607    5.07346    -0.0907    13.8155 0.0000e+00  -60.61617  -54.71983 1153482095 202.487225    34.6949 0.0000e+00
   1022.000     0.9868   3.011207     0.9872   3.011586    5.07323    -0.0821    13.8155 0.0000e+00  -60.61617  -54.71983 1153482097 202.487252    34.6951 0.0000e+00
   1023.000     0.9872   3.011284     0.9876   3.011667    5.07463    -0.0846    13.8155 0.0000e+00  -60.61617  -54.71983 1153482099 202.487269    34.6950 0.0000e+00
   1024.000     0.9873   3.011334     0.9875   3.011721    5.07550    -0.0893    13.8155 0.0000e+00  -60.61617  -54.71983 1153482100 202.487282    34.6950 0.0000e+00
   1025.000     0.9873   3.011379     0.9874   3.011761    5.07584    -0.0853    13.8155 0.0000e+00  -60.61617  -54.71983 1153482101 202.487293    34.6951 0.0000e+00
   1026.000     0.9870   3.011406     0.9872   3.011798    5.07575    -0.0895    13.8155 0.0000e+00  -60.61617  -54.71983 1153482102 202.487303    34.6951 0.0000e+00
   1027.000     0.9870   3.011447     0.9872   3.011836    5.07569    -0.0870    13.8155 0.0000e+00  -60.61617  -54.71983 1153482102 202.487312    34.6951 0.0000e+00
   1028.000     0.9870   3.011484     0.9871   3.011866    5.07574    -0.0974    13.8155 0.0000e+00  -60.61617  -54.71983 1153482103 202.487321    34.6951 0.0000e+00
   1029.000     0.9869   3.011529     0.9872   3.011903    5.07611    -0.1042    13.8155 0.0000e+00  -60.61617  -54.71983 1153482104 202.487330    34.6951 0.0000e+00
   1030.000     0.9870   3.011590     0.9873   3.011969    5.07368    -0.0842    13.8155 0.0000e+00  -60.61617  -54.71983 1153482107 202.487368    34.6953 0.0000e+00
   1031.000     0.9863   3.011566     0.9866   3.011948    5.07429    -0.0819    13.8155 0.0000e+00  -60.61617  -54.71983 1153482109 202.487390    34.6951 0.0000e+00
   1032.000     0.9849   3.011506     0.9851   3.011890    5.07435    -0.0808    13.8155 0.0000e+00  -60.61617  -54.71983 1153482110 202.487399    34.6954 0.0000e+00
   1033.000     0.9844   3.011517     0.9846   3.011901    5.07431    -0.0851    13.8155 0.0000e+00  -60.61617  -54.71983 1153482111 202.487407    34.6956 0.0000e+00
   1034.000     0.9840   3.011526     0.9843   3.011914    5.07280    -0.0843    13.8155 0.0000e+00  -60.61617  -54.71983 1153482111 202.487415    34.6956 0.0000e+00
   1035.000     0.9836   3.011541     0.9838   3.011917    5.07146    -0.0884    13.8155 0.0000e+00  -60.61617  -54.71983 1153482112 202.487425    34.6957 0.0000e+00
   1036.000     0.9831   3.011554     0.9836   3.011943    5.06939    -0.0951    13.8155 0.0000e+00  -60.61617  -54.71983 1153482114 202.487450    34.6957 0.0000e+00
   1037.000     0.9830   3.011586     0.9832   3.011965    5.06906    -0.0790    13.8155 0.0000e+00  -60.61617  -54.71983 1153482116 202.487474    34.6958 0.0000e+00
   1038.000     0.9830   3.011641     0.9832   3.012014    5.07007    -0.0830    13.8155 0.0000e+00  -60.61617  -54.71983 1153482118 202.487489    34.6959 0.0000e+00
   1039.000     0.9824   3.011629     0.9826   3.012010    5.07191    -0.0919    13.8155 0.0000e+00  -60.61617  -54.71983 1153482119 202.487501    34.6958 0.0000e+00
   1040.000     0.9819   3.011635     0.9822   3.012018    5.07196    -0.0935    13.8155 0.0000e+00  -60.61617  -54.71983 1153482120 202.487513    34.6959 0.0000e+00
   1041.000     0.9822   3.011702     0.9825   3.012087    5.07255    -0.0898    13.8155 0.0000e+00  -60.61617  -54.71983 1153482121 202.487529    34.6958 0.0000e+00
   1042.000     0.9822   3.011745     0.9822   3.012111    5.07255    -0.0782    13.8155 0.0000e+00  -60.61617  -54.71983 1153482123 202.487550    34.6958 0.0000e+00
   1043.000     0.9802   3.011618     0.9806   3.012021    5.07267    -0.0891    13.8155 0.0000e+00  -60.61617  -54.71983 1153482124 202.487563    34.6959 0.0000e+00
   1044.000     0.9797   3.011619     0.9798   3.012001    5.07333    -0.0845    13.8155 0.0000e+00  -60.61617  -54.71983 1153482125 202.487573    34.6960 0.0000e+00
   1045.000     0.9795   3.011629     0.9796   3.012011    5.07296    -0.0912    13.8155 0.0000e+00  -60.61617  -54.71983 1153482126 202.487584    34.6959 0.0000e+00
   1046.000     0.9792   3.011647     0.9793   3.012019    5.07202    -0.0803    13.8155 0.0000e+00  -60.61617  -54.71983 1153482128 202.487611    34.6958 0.0000e+00
   1047.000     0.9780   3.011605     0.9782   3.011980    5.07116    -0.0907    13.8155 0.0000e+00  -60.61617  -54.71983 1153482130 202.487629    34.6960 0.0000e+00
   1048.000     0.9779   3.011631     0.9781   3.012017    5.07170    -0.0888    13.8155 0.0000e+00  -60.61617  -54.71983 1153482131 202.487640    34.6959 0.0000e+00
   1049.000     0.9772   3.011613     0.9773   3.011994    5.07236    -0.0925    13.8155 0.0000e+00  -60.61617  -54.71983 1153482132 202.487652    34.6960 0.0000e+00
   1050.000     0.9764   3.011590     0.9766   3.011974    5.07313    -0.0838    13.8155 0.0000e+00  -60.61617  -54.71983 1153482133 202.487669    34.6960 0.0000e+00
   1051.000     0.9761   3.011617     0.9762   3.011992    5.07368    -0.0965    13.8155 0.0000e+00  -60.61617  -54.71983 1153482135 202.487687    34.6960 0.0000e+00
   1052.000     0.9760   3.011655     0.9762   3.012040    5.07415    -0.0778    13.8155 0.0000e+00  -60.61617  -54.71983 1153482136 202.487699    34.6961 0.0000e+00
   1053.000     0.9762   3.011710     0.9764   3.012086    5.07477    -0.0929    13.8155 0.0000e+00  -60.61617  -54.71983 1153482137 202.487713    34.6960 0.0000e+00
   1054.000     0.9761   3.011744     0.9763   3.012122    5.07599    -0.0883    13.8155 0.0000e+00  -60.61617  -54.71983 1153482139 202.487732    34.6960 0.0000e+00
   1055.000     0.9763   3.011795     0.9764   3.012177    5.07715    -0.0955    13.8155 0.0000e+00  -60.61617  -54.71983 1153482140 202.487752    34.6959 0.0000e+00
   1056.000     0.9762   3.011846     0.9764   3.012222    5.07851    -0.0812    13.8155 0.0000e+00  -60.61617  -54.71983 1153482142 202.487766    34.6960 0.0000e+00
   1057.000     0.9764   3.011887     0.9764   3.012270    5.07746    -0.0904    13.8155 0.0000e+00  -60.61617  -54.71983 1153482143 202.487779    34.6959 0.0000e+00
   1058.000     0.9752   3.011830     0.9754   3.012212    5.07786    -0.1107    13.8155 0.0000e+00  -60.61617  -54.71983 1153482144 202.487794    34.6959 0.0000e+00
   1059.000     0.9714   3.011540     0.9715   3.011914    5.07851    -0.0966    13.8155 0.0000e+00  -60.61617  -54.71983 1153482145 202.487810    34.6959 0.0000e+00
   1060.000     0.9663   3.011115     0.9668   3.011552    5.08124    -0.0788    13.8155 0.0000e+00  -60.61617  -54.71983 1153482147 202.487824    34.6957 0.0000e+00
   1061.000     0.9651   3.011047     0.9655   3.011450    5.08183    -0.0911    13.8155 0.0000e+00  -60.61617  -54.71983 1153482148 202.487836    34.6955 0.0000e+00
   1062.000     0.9595   3.010562     0.9600   3.010986    5.08315    -0.0945    13.8155 0.0000e+00  -60.61617  -54.71983 1153482149 202.487855    34.6951 0.0000e+00
   1063.000     0.9588   3.010551     0.9593   3.010947    5.08575    -0.0844    13.8155 0.0000e+00  -60.61617  -54.71983 1153482152 202.487889    34.6950 0.0000e+00
   1064.000     0.9525   3.010014     0.9524   3.010380    5.08992    -0.0928    13.8155 0.0000e+00  -60.61617  -54.71983 1153482153 202.487903    34.6947 0.0000e+00
   1065.000     0.9513   3.009940     0.9513   3.010327    5.09115    -0.0921    13.8155 0.0000e+00  -60.61617  -54.71983 1153482154 202.487913    34.6946 0.0000e+00
   1066.000     0.9493   3.009800     0.9496   3.010211    5.09210    -0.0959    13.8155 0.0000e+00  -60.61617  -54.71983 1153482155 202.487923    34.6944 0.0000e+00
   1067.000     0.9488   3.009817     0.9488   3.010184    5.09286    -0.0858    13.8155 0.0000e+00  -60.61617  -54.71983 1153482156 202.487932    34.6946 0.0000e+00
   1068.000     0.9460   3.009570     0.9445   3.009817    5.09591    -0.0904    13.8155 0.0000e+00  -60.61617  -54.71983 1153482157 202.487942    34.6940 0.0000e+00
   1069.000     0.9340   3.008468     0.9334   3.008814    5.10042    -0.0947    13.8155 0.0000e+00  -60.61617  -54.71983 1153482158 202.487957    34.6929 0.0000e+00
