product_data/regression_test/downloaded_data/MDGS/320620060703/ctd/adapted/heads_insert_p6620601.cnv
* Sea-Bird SBE 9 Data File:
* FileName = D:\Data\Raw\p6620601.dat
* Software Version Seasave Win32 V 5.32
* Temperature SN = 1649
* Conductivity SN = 1431
* Number of Bytes Per Scan = 37
* Number of Voltage Words = 5
* Number of Scans Averaged by the Deck Unit = 1
* NMEA Latitude = 64 38.17 S
* NMEA Longitude = 062 48.64 W
* NMEA UTC (Time) = 02:52:19
** Ship:   Nathaniel B. Palmer 
** Cruise:    NBP0606 
# nquan = 15
# nvalues = 369                         
# units = specified
# name 0 = prDM: Pressure, Digiquartz [db]
# name 1 = t090C: Temperature [ITS-90, deg C]
# name 2 = c0S/m: Conductivity [S/m]
# name 3 = t190C: Temperature, 2 [ITS-90, deg C]
# name 4 = c1S/m: Conductivity, 2 [S/m]
# name 5 = sbeox0ML/L: Oxygen, SBE 43 [ml/l]
# name 6 = flECO-AFL: Fluorescence, Wetlab ECO-AFL/FL [mg/m^3]
# name 7 = bat: Beam Attenuation, Chelsea/Seatech/Wetlab CStar [1/m]
# name 8 = spar: SPAR/Surface Irradiance
# name 9 = latitude: Latitude [deg]
# name 10 = longitude: Longitude [deg]
# name 11 = timeY: Time, System [seconds]
# name 12 = timeJ: Julian Days
# name 13 = sal00: Salinity [PSU]
# name 14 = flag: flag
# span 0 =      1.000,    369.000       
# span 1 =    -0.5687,     0.2459       
# span 2 =   2.794880,   2.893508       
# span 3 =    -0.5679,     0.2472       
# span 4 =   2.795450,   2.893811       
# span 5 =    5.84745,    6.86761       
# span 6 =    -0.1034,    -0.0196       
# span 7 =    13.8155,    13.8155       
# span 8 = 0.0000e+00, 0.0000e+00       
# span 9 =  -64.63617,  -64.63617       
# span 10 =  -62.81067,  -62.81067      
# span 11 = 1154141545, 1154142200      
# span 12 = 210.119717, 210.127344      
# span 13 =    34.1753,    34.4941      
# span 14 = 0.0000e+00, 0.0000e+00      
# interval = decibars: 1                
# start_time = Jul 29 2006 02:52:28
# bad_flag = -9.990e-29
*END*
Pressure	Temperature	Conductivity	Temperature2	Conductivity2	Oxygen	Fluorescence	Beam Attenuation	SPAR	latitude	longitude	timeY	timeJ	Salinity	flag
      1.000    -0.5499   2.795602    -0.5462   2.796540    6.82327    -0.0196    13.8155 0.0000e+00  -64.63617  -62.81067 1154141545 210.119717    34.1773 0.0000e+00
      2.000    -0.5418   2.796201    -0.5417   2.796831    6.82706    -0.0673    13.8155 0.0000e+00  -64.63617  -62.81067 1154141551 210.119827    34.1767 0.0000e+00
      3.000    -0.5551   2.795074    -0.5573   2.795590    6.83578    -0.0473    13.8155 0.0000e+00  -64.63617  -62.81067 1154141556 210.119892    34.1762 0.0000e+00
      4.000    -0.5529   2.795326    -0.5541   2.795869    6.83971    -0.0615    13.8155 0.0000e+00  -64.63617  -62.81067 1154141559 210.119926    34.1764 0.0000e+00
      5.000    -0.5550   2.795211    -0.5553   2.795760    6.83385    -0.0508    13.8155 0.0000e+00  -64.63617  -62.81067 1154141561 210.119952    34.1767 0.0000e+00
      6.000    -0.5579   2.795017    -0.5587   2.795521    6.83968    -0.0401    13.8155 0.0000e+00  -64.63617  -62.81067 1154141564 210.119986    34.1767 0.0000e+00
      7.000    -0.5602   2.794880    -0.5603   2.795450    6.84196    -0.0484    13.8155 0.0000e+00  -64.63617  -62.81067 1154141567 210.120018    34.1768 0.0000e+00
      8.000    -0.5563   2.795269    -0.5567   2.795771    6.83851    -0.0510    13.8155 0.0000e+00  -64.63617  -62.81067 1154141570 210.120049    34.1768 0.0000e+00
      9.000    -0.5571   2.795232    -0.5577   2.795720    6.84503    -0.0471    13.8155 0.0000e+00  -64.63617  -62.81067 1154141572 210.120081    34.1766 0.0000e+00
     10.000    -0.5436   2.796379    -0.5453   2.796780    6.84419    -0.0472    13.8155 0.0000e+00  -64.63617  -62.81067 1154141575 210.120110    34.1758 0.0000e+00
     11.000    -0.5484   2.796017    -0.5474   2.796613    6.84100    -0.0635    13.8155 0.0000e+00  -64.63617  -62.81067 1154141578 210.120143    34.1760 0.0000e+00
     12.000    -0.5329   2.797332    -0.5371   2.797544    6.83592    -0.0523    13.8155 0.0000e+00  -64.63617  -62.81067 1154141581 210.120179    34.1753 0.0000e+00
     13.000    -0.5376   2.797029    -0.5345   2.797809    6.83735    -0.0612    13.8155 0.0000e+00  -64.63617  -62.81067 1154141584 210.120211    34.1761 0.0000e+00
     14.000    -0.5414   2.796769    -0.5394   2.797476    6.83716    -0.0525    13.8155 0.0000e+00  -64.63617  -62.81067 1154141585 210.120233    34.1765 0.0000e+00
     15.000    -0.5358   2.797283    -0.5383   2.797600    6.83957    -0.0443    13.8155 0.0000e+00  -64.63617  -62.81067 1154141587 210.120253    34.1763 0.0000e+00
     16.000    -0.5495   2.796202    -0.5469   2.796963    6.84154    -0.0635    13.8155 0.0000e+00  -64.63617  -62.81067 1154141589 210.120277    34.1769 0.0000e+00
     17.000    -0.5472   2.796430    -0.5431   2.797281    6.84345    -0.0545    13.8155 0.0000e+00  -64.63617  -62.81067 1154141592 210.120304    34.1767 0.0000e+00
     18.000    -0.5467   2.796505    -0.5439   2.797262    6.84360    -0.0722    13.8155 0.0000e+00  -64.63617  -62.81067 1154141594 210.120331    34.1765 0.0000e+00
     19.000    -0.5549   2.795894    -0.5493   2.796866    6.84478    -0.0503    13.8155 0.0000e+00  -64.63617  -62.81067 1154141596 210.120357    34.1770 0.0000e+00
     20.000    -0.5498   2.796361    -0.5490   2.796961    6.85543    -0.0436    13.8155 0.0000e+00  -64.63617  -62.81067 1154141598 210.120382    34.1769 0.0000e+00
     21.000    -0.5457   2.796763    -0.5458   2.797241    6.85379    -0.0384    13.8155 0.0000e+00  -64.63617  -62.81067 1154141600 210.120407    34.1769 0.0000e+00
     22.000    -0.5374   2.797485    -0.5382   2.797921    6.84395    -0.0513    13.8155 0.0000e+00  -64.63617  -62.81067 1154141603 210.120431    34.1763 0.0000e+00
     23.000    -0.5399   2.797335    -0.5376   2.798001    6.84308    -0.0478    13.8155 0.0000e+00  -64.63617  -62.81067 1154141605 210.120455    34.1768 0.0000e+00
     24.000    -0.5367   2.797635    -0.5368   2.798110    6.84429    -0.0311    13.8155 0.0000e+00  -64.63617  -62.81067 1154141607 210.120479    34.1764 0.0000e+00
     25.000    -0.5263   2.798533    -0.5253   2.799109    6.84142    -0.0605    13.8155 0.0000e+00  -64.63617  -62.81067 1154141609 210.120503    34.1760 0.0000e+00
     26.000    -0.5283   2.798447    -0.5340   2.798415    6.83639    -0.0571    13.8155 0.0000e+00  -64.63617  -62.81067 1154141611 210.120528    34.1766 0.0000e+00
     27.000    -0.5289   2.798430    -0.5296   2.798852    6.83432    -0.0618    13.8155 0.0000e+00  -64.63617  -62.81067 1154141613 210.120553    34.1764 0.0000e+00
     28.000    -0.5309   2.798305    -0.5280   2.799011    6.83492    -0.0645    13.8155 0.0000e+00  -64.63617  -62.81067 1154141615 210.120578    34.1766 0.0000e+00
     29.000    -0.5128   2.799867    -0.5054   2.800801    6.83183    -0.0469    13.8155 0.0000e+00  -64.63617  -62.81067 1154141617 210.120603    34.1762 0.0000e+00
     30.000    -0.4988   2.801067    -0.5004   2.801387    6.82491    -0.0501    13.8155 0.0000e+00  -64.63617  -62.81067 1154141619 210.120627    34.1755 0.0000e+00
     31.000    -0.5063   2.800481    -0.5091   2.800772    6.82311    -0.0640    13.8155 0.0000e+00  -64.63617  -62.81067 1154141622 210.120651    34.1760 0.0000e+00
     32.000    -0.5186   2.799507    -0.5191   2.799951    6.82665    -0.0632    13.8155 0.0000e+00  -64.63617  -62.81067 1154141624 210.120675    34.1765 0.0000e+00
     33.000    -0.5197   2.799456    -0.5188   2.799994    6.82227    -0.0618    13.8155 0.0000e+00  -64.63617  -62.81067 1154141626 210.120699    34.1762 0.0000e+00
     34.000    -0.5045   2.800811    -0.5041   2.801254    6.81763    -0.0449    13.8155 0.0000e+00  -64.63617  -62.81067 1154141628 210.120723    34.1766 0.0000e+00
     35.000    -0.4846   2.802515    -0.4824   2.803098    6.81030    -0.0526    13.8155 0.0000e+00  -64.63617  -62.81067 1154141630 210.120748    34.1758 0.0000e+00
     36.000    -0.4714   2.803655    -0.4707   2.804113    6.79806    -0.0373    13.8155 0.0000e+00  -64.63617  -62.81067 1154141632 210.120772    34.1756 0.0000e+00
     37.000    -0.4698   2.803833    -0.4695   2.804285    6.79442    -0.0482    13.8155 0.0000e+00  -64.63617  -62.81067 1154141634 210.120798    34.1757 0.0000e+00
     38.000    -0.4697   2.803896    -0.4697   2.804309    6.79013    -0.0510    13.8155 0.0000e+00  -64.63617  -62.81067 1154141636 210.120821    34.1760 0.0000e+00
     39.000    -0.4683   2.804049    -0.4693   2.804407    6.78675    -0.0454    13.8155 0.0000e+00  -64.63617  -62.81067 1154141638 210.120845    34.1760 0.0000e+00
     40.000    -0.4710   2.803866    -0.4704   2.804353    6.78229    -0.0509    13.8155 0.0000e+00  -64.63617  -62.81067 1154141641 210.120870    34.1762 0.0000e+00
     41.000    -0.4691   2.804069    -0.4689   2.804520    6.78100    -0.0462    13.8155 0.0000e+00  -64.63617  -62.81067 1154141643 210.120894    34.1762 0.0000e+00
     42.000    -0.4681   2.804202    -0.4675   2.804679    6.78033    -0.0532    13.8155 0.0000e+00  -64.63617  -62.81067 1154141645 210.120919    34.1762 0.0000e+00
     43.000    -0.4681   2.804244    -0.4675   2.804715    6.77856    -0.0358    13.8155 0.0000e+00  -64.63617  -62.81067 1154141647 210.120944    34.1762 0.0000e+00
     44.000    -0.4685   2.804265    -0.4683   2.804695    6.78139    -0.0403    13.8155 0.0000e+00  -64.63617  -62.81067 1154141649 210.120969    34.1764 0.0000e+00
     45.000    -0.4705   2.804137    -0.4701   2.804593    6.78403    -0.0503    13.8155 0.0000e+00  -64.63617  -62.81067 1154141651 210.120995    34.1765 0.0000e+00
     46.000    -0.4703   2.804206    -0.4714   2.804526    6.78633    -0.0700    13.8155 0.0000e+00  -64.63617  -62.81067 1154141653 210.121018    34.1766 0.0000e+00
     47.000    -0.4725   2.804065    -0.4736   2.804391    6.79117    -0.0548    13.8155 0.0000e+00  -64.63617  -62.81067 1154141655 210.121042    34.1766 0.0000e+00
     48.000    -0.4786   2.803601    -0.4786   2.804029    6.79222    -0.0515    13.8155 0.0000e+00  -64.63617  -62.81067 1154141657 210.121065    34.1767 0.0000e+00
     49.000    -0.4764   2.803840    -0.4764   2.804256    6.78776    -0.0568    13.8155 0.0000e+00  -64.63617  -62.81067 1154141660 210.121090    34.1767 0.0000e+00
     50.000    -0.4771   2.803838    -0.4765   2.804288    6.78710    -0.0607    13.8155 0.0000e+00  -64.63617  -62.81067 1154141662 210.121115    34.1769 0.0000e+00
     51.000    -0.4749   2.804060    -0.4744   2.804512    6.78618    -0.0449    13.8155 0.0000e+00  -64.63617  -62.81067 1154141664 210.121140    34.1766 0.0000e+00
     52.000    -0.4879   2.803006    -0.4878   2.803446    6.78979    -0.0445    13.8155 0.0000e+00  -64.63617  -62.81067 1154141666 210.121166    34.1770 0.0000e+00
     53.000    -0.4881   2.803035    -0.4881   2.803449    6.79372    -0.0569    13.8155 0.0000e+00  -64.63617  -62.81067 1154141668 210.121191    34.1770 0.0000e+00
     54.000    -0.4859   2.803267    -0.4818   2.804009    6.79617    -0.0413    13.8155 0.0000e+00  -64.63617  -62.81067 1154141670 210.121216    34.1767 0.0000e+00
     55.000    -0.4773   2.804066    -0.4772   2.804446    6.79319    -0.0466    13.8155 0.0000e+00  -64.63617  -62.81067 1154141672 210.121240    34.1769 0.0000e+00
     56.000    -0.4734   2.804447    -0.4739   2.804773    6.79346    -0.0434    13.8155 0.0000e+00  -64.63617  -62.81067 1154141675 210.121264    34.1769 0.0000e+00
     57.000    -0.4711   2.804662    -0.4704   2.805100    6.79075    -0.0426    13.8155 0.0000e+00  -64.63617  -62.81067 1154141677 210.121287    34.1766 0.0000e+00
     58.000    -0.4720   2.804639    -0.4719   2.805041    6.78753    -0.0613    13.8155 0.0000e+00  -64.63617  -62.81067 1154141679 210.121312    34.1767 0.0000e+00
     59.000    -0.4741   2.804518    -0.4730   2.805005    6.78756    -0.0537    13.8155 0.0000e+00  -64.63617  -62.81067 1154141681 210.121335    34.1770 0.0000e+00
     60.000    -0.4818   2.803918    -0.4782   2.804612    6.79181    -0.0460    13.8155 0.0000e+00  -64.63617  -62.81067 1154141683 210.121360    34.1772 0.0000e+00
     61.000    -0.4767   2.804388    -0.4759   2.804837    6.78874    -0.0303    13.8155 0.0000e+00  -64.63617  -62.81067 1154141685 210.121385    34.1770 0.0000e+00
     62.000    -0.4700   2.805000    -0.4704   2.805339    6.78689    -0.0486    13.8155 0.0000e+00  -64.63617  -62.81067 1154141687 210.121410    34.1768 0.0000e+00
     63.000    -0.4711   2.804952    -0.4725   2.805212    6.78968    -0.0456    13.8155 0.0000e+00  -64.63617  -62.81067 1154141689 210.121434    34.1769 0.0000e+00
     64.000    -0.4778   2.804409    -0.4804   2.804603    6.79133    -0.0592    13.8155 0.0000e+00  -64.63617  -62.81067 1154141691 210.121458    34.1766 0.0000e+00
     65.000    -0.4887   2.803570    -0.4875   2.804060    6.79969    -0.0381    13.8155 0.0000e+00  -64.63617  -62.81067 1154141693 210.121481    34.1775 0.0000e+00
     66.000    -0.4909   2.803435    -0.4910   2.803814    6.80501    -0.0530    13.8155 0.0000e+00  -64.63617  -62.81067 1154141695 210.121504    34.1774 0.0000e+00
     67.000    -0.4966   2.802994    -0.4977   2.803309    6.80707    -0.0495    13.8155 0.0000e+00  -64.63617  -62.81067 1154141697 210.121528    34.1773 0.0000e+00
     68.000    -0.5074   2.802156    -0.5068   2.802574    6.80916    -0.0743    13.8155 0.0000e+00  -64.63617  -62.81067 1154141700 210.121553    34.1779 0.0000e+00
     69.000    -0.5160   2.801497    -0.5140   2.802123    6.81649    -0.0541    13.8155 0.0000e+00  -64.63617  -62.81067 1154141702 210.121577    34.1780 0.0000e+00
     70.000    -0.5173   2.801454    -0.5108   2.802324    6.82061    -0.0481    13.8155 0.0000e+00  -64.63617  -62.81067 1154141704 210.121602    34.1784 0.0000e+00
     71.000    -0.5100   2.802096    -0.5098   2.802480    6.81859    -0.0532    13.8155 0.0000e+00  -64.63617  -62.81067 1154141706 210.121626    34.1778 0.0000e+00
     72.000    -0.5220   2.801155    -0.5227   2.801498    6.81450    -0.0472    13.8155 0.0000e+00  -64.63617  -62.81067 1154141708 210.121650    34.1782 0.0000e+00
     73.000    -0.5420   2.799555    -0.5366   2.800344    6.82740    -0.0486    13.8155 0.0000e+00  -64.63617  -62.81067 1154141710 210.121674    34.1792 0.0000e+00
     74.000    -0.5151   2.801866    -0.5076   2.802766    6.83273    -0.0407    13.8155 0.0000e+00  -64.63617  -62.81067 1154141712 210.121698    34.1780 0.0000e+00
     75.000    -0.5089   2.802394    -0.5080   2.802798    6.83181    -0.0527    13.8155 0.0000e+00  -64.63617  -62.81067 1154141714 210.121721    34.1775 0.0000e+00
     76.000    -0.5128   2.802115    -0.5101   2.802692    6.82668    -0.0441    13.8155 0.0000e+00  -64.63617  -62.81067 1154141716 210.121744    34.1778 0.0000e+00
     77.000    -0.5264   2.801048    -0.5263   2.801422    6.83010    -0.0357    13.8155 0.0000e+00  -64.63617  -62.81067 1154141718 210.121768    34.1785 0.0000e+00
     78.000    -0.5248   2.801227    -0.5240   2.801626    6.83161    -0.0499    13.8155 0.0000e+00  -64.63617  -62.81067 1154141720 210.121791    34.1785 0.0000e+00
     79.000    -0.5229   2.801430    -0.5227   2.801795    6.83263    -0.0362    13.8155 0.0000e+00  -64.63617  -62.81067 1154141722 210.121816    34.1783 0.0000e+00
     80.000    -0.5316   2.800758    -0.5333   2.800979    6.84339    -0.0485    13.8155 0.0000e+00  -64.63617  -62.81067 1154141724 210.121839    34.1787 0.0000e+00
     81.000    -0.5439   2.799815    -0.5413   2.800347    6.84789    -0.0481    13.8155 0.0000e+00  -64.63617  -62.81067 1154141726 210.121863    34.1797 0.0000e+00
     82.000    -0.5328   2.800766    -0.5338   2.801032    6.84786    -0.0534    13.8155 0.0000e+00  -64.63617  -62.81067 1154141728 210.121885    34.1787 0.0000e+00
     83.000    -0.5373   2.800466    -0.5355   2.800935    6.84417    -0.0498    13.8155 0.0000e+00  -64.63617  -62.81067 1154141730 210.121907    34.1792 0.0000e+00
     84.000    -0.5361   2.800570    -0.5362   2.800942    6.84124    -0.0482    13.8155 0.0000e+00  -64.63617  -62.81067 1154141732 210.121930    34.1787 0.0000e+00
     85.000    -0.5423   2.800125    -0.5429   2.800446    6.83556    -0.0428    13.8155 0.0000e+00  -64.63617  -62.81067 1154141734 210.121952    34.1791 0.0000e+00
     86.000    -0.5436   2.800067    -0.5428   2.800468    6.83616    -0.0486    13.8155 0.0000e+00  -64.63617  -62.81067 1154141736 210.121976    34.1792 0.0000e+00
     87.000    -0.5462   2.799898    -0.5471   2.800169    6.84551    -0.0506    13.8155 0.0000e+00  -64.63617  -62.81067 1154141738 210.121999    34.1792 0.0000e+00
     88.000    -0.5416   2.800348    -0.5406   2.800733    6.84300    -0.0466    13.8155 0.0000e+00  -64.63617  -62.81067 1154141740 210.122023    34.1793 0.0000e+00
     89.000    -0.5297   2.801410    -0.5282   2.801803    6.83925    -0.0475    13.8155 0.0000e+00  -64.63617  -62.81067 1154141742 210.122046    34.1787 0.0000e+00
     90.000    -0.5296   2.801428    -0.5300   2.801722    6.83377    -0.0527    13.8155 0.0000e+00  -64.63617  -62.81067 1154141744 210.122069    34.1787 0.0000e+00
     91.000    -0.5323   2.801259    -0.5317   2.801632    6.83297    -0.0339    13.8155 0.0000e+00  -64.63617  -62.81067 1154141746 210.122091    34.1790 0.0000e+00
     92.000    -0.5322   2.801304    -0.5315   2.801689    6.83205    -0.0502    13.8155 0.0000e+00  -64.63617  -62.81067 1154141748 210.122113    34.1789 0.0000e+00
     93.000    -0.5325   2.801323    -0.5322   2.801670    6.83361    -0.0557    13.8155 0.0000e+00  -64.63617  -62.81067 1154141750 210.122136    34.1790 0.0000e+00
     94.000    -0.5317   2.801454    -0.5301   2.801884    6.83545    -0.0701    13.8155 0.0000e+00  -64.63617  -62.81067 1154141752 210.122160    34.1791 0.0000e+00
     95.000    -0.5366   2.801062    -0.5393   2.801223    6.83919    -0.0583    13.8155 0.0000e+00  -64.63617  -62.81067 1154141754 210.122182    34.1791 0.0000e+00
