product_data/regression_test/downloaded_data/MDGS/320620060703/ctd/adapted/heads_insert_p6622101.cnv
* Sea-Bird SBE 9 Data File:
* FileName = D:\Data\Raw\p6622101.dat
* Software Version Seasave Win32 V 5.32
* Temperature SN = 1649
* Conductivity SN = 1431
* Number of Bytes Per Scan = 37
* Number of Voltage Words = 5
* Number of Scans Averaged by the Deck Unit = 1
* NMEA Latitude = 62 37.28 S
* NMEA Longitude = 057 52.53 W
* NMEA UTC (Time) = 09:18:39
** Ship:   Nathaniel B. Palmer 
** Cruise:    NBP0606 
# nquan = 15
# nvalues = 1201                        
# units = specified
# name 0 = prDM: Pressure, Digiquartz [db]
# name 1 = t090C: Temperature [ITS-90, deg C]
# name 2 = c0S/m: Conductivity [S/m]
# name 3 = t190C: Temperature, 2 [ITS-90, deg C]
# name 4 = c1S/m: Conductivity, 2 [S/m]
# name 5 = sbeox0ML/L: Oxygen, SBE 43 [ml/l]
# name 6 = flECO-AFL: Fluorescence, Wetlab ECO-AFL/FL [mg/m^3]
# name 7 = bat: Beam Attenuation, Chelsea/Seatech/Wetlab CStar [1/m]
# name 8 = spar: SPAR/Surface Irradiance
# name 9 = latitude: Latitude [deg]
# name 10 = longitude: Longitude [deg]
# name 11 = timeY: Time, System [seconds]
# name 12 = timeJ: Julian Days
# name 13 = sal00: Salinity [PSU]
# name 14 = flag: flag
# span 0 =      9.000,   1209.000       
# span 1 =    -1.8255,    -0.4483       
# span 2 =   2.698509,   2.845137       
# span 3 =    -1.8269,    -0.4471       
# span 4 =   2.699189,   2.845348       
# span 5 =    6.37681,    7.77985       
# span 6 =    -0.1362,     0.0739       
# span 7 =    13.8155,    13.8155       
# span 8 = 0.0000e+00, 0.0000e+00       
# span 9 =  -62.62133,  -62.62133       
# span 10 =  -57.87550,  -57.87550      
# span 11 = 1154596792, 1154598519      
# span 12 = 215.388804, 215.408796      
# span 13 =    34.2989,    34.5387      
# span 14 = 0.0000e+00, 0.0000e+00      
# interval = decibars: 1                
# start_time = Aug 03 2006 09:19:19
# bad_flag = -9.990e-29
*END*
[from data line 579]
    587.000    -0.7294   2.832644    -0.7293   2.832856    6.53652    -0.1004    13.8155 0.0000e+00  -62.62133  -57.87550 1154597650 215.398740    34.5234 0.0000e+00
    588.000    -0.7299   2.832654    -0.7297   2.832857    6.53797    -0.0888    13.8155 0.0000e+00  -62.62133  -57.87550 1154597651 215.398755    34.5235 0.0000e+00
    589.000    -0.7297   2.832713    -0.7295   2.832923    6.53963    -0.0913    13.8155 0.0000e+00  -62.62133  -57.87550 1154597653 215.398770    34.5235 0.0000e+00
    590.000    -0.7304   2.832685    -0.7294   2.832983    6.53939    -0.0903    13.8155 0.0000e+00  -62.62133  -57.87550 1154597654 215.398785    34.5235 0.0000e+00
    591.000    -0.7313   2.832664    -0.7313   2.832878    6.53991    -0.0711    13.8155 0.0000e+00  -62.62133  -57.87550 1154597655 215.398799    34.5235 0.0000e+00
    592.000    -0.7322   2.832647    -0.7320   2.832854    6.54043    -0.0857    13.8155 0.0000e+00  -62.62133  -57.87550 1154597656 215.398814    34.5237 0.0000e+00
    593.000    -0.7323   2.832678    -0.7321   2.832891    6.54204    -0.0784    13.8155 0.0000e+00  -62.62133  -57.87550 1154597658 215.398829    34.5236 0.0000e+00
    594.000    -0.7321   2.832738    -0.7319   2.832949    6.54370    -0.0673    13.8155 0.0000e+00  -62.62133  -57.87550 1154597659 215.398843    34.5236 0.0000e+00
    595.000    -0.7324   2.832760    -0.7322   2.832981    6.54539    -0.0691    13.8155 0.0000e+00  -62.62133  -57.87550 1154597660 215.398858    34.5237 0.0000e+00
    596.000    -0.7335   2.832715    -0.7335   2.832928    6.54492    -0.0823    13.8155 0.0000e+00  -62.62133  -57.87550 1154597661 215.398872    34.5237 0.0000e+00
    597.000    -0.7335   2.832769    -0.7335   2.832973    6.54270    -0.1028    13.8155 0.0000e+00  -62.62133  -57.87550 1154597663 215.398886    34.5238 0.0000e+00
    598.000    -0.7334   2.832814    -0.7335   2.833008    6.53918    -0.0765    13.8155 0.0000e+00  -62.62133  -57.87550 1154597664 215.398900    34.5237 0.0000e+00
    599.000    -0.7349   2.832746    -0.7349   2.832940    6.53807    -0.1058    13.8155 0.0000e+00  -62.62133  -57.87550 1154597665 215.398915    34.5238 0.0000e+00
    600.000    -0.7356   2.832729    -0.7353   2.832953    6.53766    -0.1013    13.8155 0.0000e+00  -62.62133  -57.87550 1154597666 215.398930    34.5238 0.0000e+00
    601.000    -0.7358   2.832749    -0.7358   2.832966    6.53790    -0.0898    13.8155 0.0000e+00  -62.62133  -57.87550 1154597668 215.398946    34.5238 0.0000e+00
    602.000    -0.7358   2.832802    -0.7359   2.833009    6.54041    -0.0703    13.8155 0.0000e+00  -62.62133  -57.87550 1154597669 215.398961    34.5238 0.0000e+00
    603.000    -0.7370   2.832761    -0.7369   2.832967    6.54161    -0.0693    13.8155 0.0000e+00  -62.62133  -57.87550 1154597670 215.398975    34.5240 0.0000e+00
    604.000    -0.7368   2.832823    -0.7365   2.833054    6.54232    -0.0560    13.8155 0.0000e+00  -62.62133  -57.87550 1154597671 215.398989    34.5240 0.0000e+00
    605.000    -0.7369   2.832845    -0.7369   2.833057    6.54258    -0.0709    13.8155 0.0000e+00  -62.62133  -57.87550 1154597673 215.399003    34.5239 0.0000e+00
    606.000    -0.7373   2.832864    -0.7372   2.833076    6.54172    -0.0771    13.8155 0.0000e+00  -62.62133  -57.87550 1154597674 215.399018    34.5240 0.0000e+00
    607.000    -0.7374   2.832906    -0.7372   2.833123    6.53984    -0.0814    13.8155 0.0000e+00  -62.62133  -57.87550 1154597675 215.399032    34.5240 0.0000e+00
    608.000    -0.7376   2.832931    -0.7376   2.833143    6.53527    -0.0590    13.8155 0.0000e+00  -62.62133  -57.87550 1154597676 215.399047    34.5240 0.0000e+00
    609.000    -0.7379   2.832961    -0.7377   2.833168    6.53659    -0.0703    13.8155 0.0000e+00  -62.62133  -57.87550 1154597678 215.399061    34.5241 0.0000e+00
    610.000    -0.7393   2.832902    -0.7390   2.833128    6.53714    -0.0771    13.8155 0.0000e+00  -62.62133  -57.87550 1154597679 215.399076    34.5244 0.0000e+00
    611.000    -0.7396   2.832928    -0.7395   2.833135    6.53711    -0.0587    13.8155 0.0000e+00  -62.62133  -57.87550 1154597680 215.399091    34.5244 0.0000e+00
    612.000    -0.7393   2.832993    -0.7393   2.833192    6.53778    -0.0792    13.8155 0.0000e+00  -62.62133  -57.87550 1154597682 215.399106    34.5244 0.0000e+00
    613.000    -0.7402   2.832974    -0.7400   2.833185    6.53840    -0.0985    13.8155 0.0000e+00  -62.62133  -57.87550 1154597683 215.399121    34.5245 0.0000e+00
    614.000    -0.7405   2.832992    -0.7405   2.833196    6.53815    -0.0811    13.8155 0.0000e+00  -62.62133  -57.87550 1154597684 215.399135    34.5246 0.0000e+00
    615.000    -0.7411   2.833005    -0.7409   2.833216    6.53788    -0.0747    13.8155 0.0000e+00  -62.62133  -57.87550 1154597685 215.399149    34.5248 0.0000e+00
    616.000    -0.7410   2.833046    -0.7410   2.833252    6.53625    -0.0872    13.8155 0.0000e+00  -62.62133  -57.87550 1154597687 215.399163    34.5247 0.0000e+00
    617.000    -0.7414   2.833067    -0.7412   2.833278    6.53409    -0.0908    13.8155 0.0000e+00  -62.62133  -57.87550 1154597688 215.399178    34.5248 0.0000e+00
    618.000    -0.7427   2.833016    -0.7429   2.833210    6.53331    -0.0704    13.8155 0.0000e+00  -62.62133  -57.87550 1154597689 215.399193    34.5249 0.0000e+00
    619.000    -0.7439   2.832965    -0.7439   2.833168    6.53644    -0.0722    13.8155 0.0000e+00  -62.62133  -57.87550 1154597690 215.399208    34.5251 0.0000e+00
    620.000    -0.7446   2.832966    -0.7445   2.833165    6.53603    -0.0927    13.8155 0.0000e+00  -62.62133  -57.87550 1154597692 215.399223    34.5253 0.0000e+00
    621.000    -0.7450   2.832973    -0.7449   2.833185    6.53441    -0.0718    13.8155 0.0000e+00  -62.62133  -57.87550 1154597693 215.399237    34.5252 0.0000e+00
    622.000    -0.7460   2.832941    -0.7459   2.833157    6.53492    -0.0861    13.8155 0.0000e+00  -62.62133  -57.87550 1154597694 215.399251    34.5254 0.0000e+00
    623.000    -0.7469   2.832931    -0.7467   2.833140    6.53557    -0.0895    13.8155 0.0000e+00  -62.62133  -57.87550 1154597695 215.399265    34.5256 0.0000e+00
    624.000    -0.7470   2.832963    -0.7469   2.833177    6.53639    -0.0640    13.8155 0.0000e+00  -62.62133  -57.87550 1154597696 215.399279    34.5256 0.0000e+00
    625.000    -0.7472   2.832987    -0.7472   2.833201    6.53652    -0.0712    13.8155 0.0000e+00  -62.62133  -57.87550 1154597698 215.399294    34.5255 0.0000e+00
    626.000    -0.7473   2.833033    -0.7472   2.833244    6.53510    -0.0705    13.8155 0.0000e+00  -62.62133  -57.87550 1154597699 215.399309    34.5256 0.0000e+00
    627.000    -0.7474   2.833076    -0.7472   2.833285    6.53461    -0.0989    13.8155 0.0000e+00  -62.62133  -57.87550 1154597700 215.399324    34.5258 0.0000e+00
    628.000    -0.7475   2.833111    -0.7474   2.833315    6.53582    -0.0743    13.8155 0.0000e+00  -62.62133  -57.87550 1154597702 215.399339    34.5257 0.0000e+00
    629.000    -0.7478   2.833140    -0.7477   2.833353    6.53968    -0.0396    13.8155 0.0000e+00  -62.62133  -57.87550 1154597703 215.399354    34.5258 0.0000e+00
    630.000    -0.7477   2.833179    -0.7477   2.833388    6.54187    -0.0877    13.8155 0.0000e+00  -62.62133  -57.87550 1154597704 215.399368    34.5257 0.0000e+00
    631.000    -0.7476   2.833234    -0.7476   2.833443    6.54032    -0.1014    13.8155 0.0000e+00  -62.62133  -57.87550 1154597705 215.399382    34.5257 0.0000e+00
    632.000    -0.7486   2.833212    -0.7484   2.833439    6.53813    -0.0834    13.8155 0.0000e+00  -62.62133  -57.87550 1154597707 215.399396    34.5259 0.0000e+00
    633.000    -0.7486   2.833258    -0.7485   2.833473    6.53725    -0.0841    13.8155 0.0000e+00  -62.62133  -57.87550 1154597708 215.399410    34.5259 0.0000e+00
    634.000    -0.7486   2.833301    -0.7485   2.833516    6.53603    -0.0701    13.8155 0.0000e+00  -62.62133  -57.87550 1154597709 215.399425    34.5259 0.0000e+00
    635.000    -0.7486   2.833352    -0.7483   2.833562    6.53679    -0.0732    13.8155 0.0000e+00  -62.62133  -57.87550 1154597710 215.399440    34.5260 0.0000e+00
    636.000    -0.7490   2.833365    -0.7489   2.833574    6.53763    -0.0634    13.8155 0.0000e+00  -62.62133  -57.87550 1154597712 215.399454    34.5260 0.0000e+00
    637.000    -0.7501   2.833336    -0.7501   2.833557    6.53846    -0.0753    13.8155 0.0000e+00  -62.62133  -57.87550 1154597713 215.399468    34.5262 0.0000e+00
    638.000    -0.7511   2.833319    -0.7509   2.833531    6.53630    -0.0969    13.8155 0.0000e+00  -62.62133  -57.87550 1154597714 215.399483    34.5266 0.0000e+00
    639.000    -0.7512   2.833353    -0.7510   2.833564    6.53640    -0.1055    13.8155 0.0000e+00  -62.62133  -57.87550 1154597715 215.399497    34.5266 0.0000e+00
    640.000    -0.7512   2.833397    -0.7511   2.833610    6.53698    -0.0716    13.8155 0.0000e+00  -62.62133  -57.87550 1154597717 215.399512    34.5266 0.0000e+00
    641.000    -0.7512   2.833442    -0.7511   2.833655    6.53734    -0.0603    13.8155 0.0000e+00  -62.62133  -57.87550 1154597718 215.399527    34.5266 0.0000e+00
    642.000    -0.7511   2.833499    -0.7510   2.833706    6.53713    -0.0795    13.8155 0.0000e+00  -62.62133  -57.87550 1154597719 215.399542    34.5267 0.0000e+00
    643.000    -0.7510   2.833551    -0.7509   2.833762    6.53688    -0.1125    13.8155 0.0000e+00  -62.62133  -57.87550 1154597720 215.399556    34.5266 0.0000e+00
    644.000    -0.7510   2.833599    -0.7509   2.833811    6.53638    -0.0687    13.8155 0.0000e+00  -62.62133  -57.87550 1154597722 215.399570    34.5266 0.0000e+00
    645.000    -0.7510   2.833647    -0.7510   2.833853    6.53781    -0.0865    13.8155 0.0000e+00  -62.62133  -57.87550 1154597723 215.399584    34.5267 0.0000e+00
    646.000    -0.7509   2.833698    -0.7508   2.833912    6.54137    -0.0808    13.8155 0.0000e+00  -62.62133  -57.87550 1154597724 215.399598    34.5267 0.0000e+00
    647.000    -0.7508   2.833752    -0.7507   2.833957    6.54268    -0.0725    13.8155 0.0000e+00  -62.62133  -57.87550 1154597725 215.399613    34.5266 0.0000e+00
    648.000    -0.7507   2.833809    -0.7506   2.834021    6.54176    -0.0819    13.8155 0.0000e+00  -62.62133  -57.87550 1154597727 215.399628    34.5267 0.0000e+00
    649.000    -0.7507   2.833861    -0.7506   2.834067    6.54127    -0.0874    13.8155 0.0000e+00  -62.62133  -57.87550 1154597728 215.399643    34.5268 0.0000e+00
    650.000    -0.7506   2.833904    -0.7505   2.834118    6.54060    -0.0652    13.8155 0.0000e+00  -62.62133  -57.87550 1154597729 215.399657    34.5266 0.0000e+00
    651.000    -0.7506   2.833961    -0.7505   2.834163    6.53929    -0.0810    13.8155 0.0000e+00  -62.62133  -57.87550 1154597730 215.399671    34.5268 0.0000e+00
    652.000    -0.7506   2.834002    -0.7505   2.834213    6.53790    -0.0809    13.8155 0.0000e+00  -62.62133  -57.87550 1154597732 215.399685    34.5267 0.0000e+00
    653.000    -0.7508   2.834027    -0.7506   2.834244    6.53676    -0.0802    13.8155 0.0000e+00  -62.62133  -57.87550 1154597733 215.399700    34.5267 0.0000e+00
    654.000    -0.7517   2.834002    -0.7517   2.834203    6.53537    -0.0765    13.8155 0.0000e+00  -62.62133  -57.87550 1154597734 215.399714    34.5269 0.0000e+00
    655.000    -0.7518   2.834038    -0.7519   2.834252    6.53371    -0.0772    13.8155 0.0000e+00  -62.62133  -57.87550 1154597735 215.399728    34.5269 0.0000e+00
    656.000    -0.7522   2.834068    -0.7521   2.834281    6.53229    -0.0804    13.8155 0.0000e+00  -62.62133  -57.87550 1154597737 215.399743    34.5272 0.0000e+00
    657.000    -0.7518   2.834166    -0.7517   2.834375    6.53071    -0.0822    13.8155 0.0000e+00  -62.62133  -57.87550 1154597738 215.399758    34.5274 0.0000e+00
    658.000    -0.7520   2.834193    -0.7519   2.834400    6.53145    -0.0624    13.8155 0.0000e+00  -62.62133  -57.87550 1154597739 215.399773    34.5275 0.0000e+00
    659.000    -0.7513   2.834311    -0.7512   2.834519    6.53182    -0.0972    13.8155 0.0000e+00  -62.62133  -57.87550 1154597740 215.399787    34.5276 0.0000e+00
    660.000    -0.7513   2.834367    -0.7514   2.834579    6.53122    -0.1031    13.8155 0.0000e+00  -62.62133  -57.87550 1154597742 215.399802    34.5278 0.0000e+00
    661.000    -0.7503   2.834522    -0.7500   2.834750    6.53111    -0.1266    13.8155 0.0000e+00  -62.62133  -57.87550 1154597743 215.399815    34.5282 0.0000e+00
    662.000    -0.7503   2.834587    -0.7496   2.834835    6.53262    -0.0905    13.8155 0.0000e+00  -62.62133  -57.87550 1154597744 215.399829    34.5283 0.0000e+00
    663.000    -0.7449   2.835147    -0.7435   2.835444    6.53040    -0.0794    13.8155 0.0000e+00  -62.62133  -57.87550 1154597745 215.399843    34.5291 0.0000e+00
    664.000    -0.7421   2.835430    -0.7422   2.835617    6.52808    -0.0798    13.8155 0.0000e+00  -62.62133  -57.87550 1154597747 215.399858    34.5289 0.0000e+00
    665.000    -0.7404   2.835637    -0.7406   2.835813    6.52508    -0.0741    13.8155 0.0000e+00  -62.62133  -57.87550 1154597748 215.399873    34.5292 0.0000e+00
    666.000    -0.7401   2.835708    -0.7395   2.835963    6.52416    -0.0856    13.8155 0.0000e+00  -62.62133  -57.87550 1154597749 215.399888    34.5293 0.0000e+00
    667.000    -0.7394   2.835821    -0.7395   2.836017    6.52321    -0.0619    13.8155 0.0000e+00  -62.62133  -57.87550 1154597750 215.399902    34.5294 0.0000e+00
    668.000    -0.7391   2.835897    -0.7390   2.836115    6.52297    -0.0729    13.8155 0.0000e+00  -62.62133  -57.87550 1154597751 215.399916    34.5295 0.0000e+00
    669.000    -0.7379   2.836057    -0.7377   2.836272    6.52077    -0.0802    13.8155 0.0000e+00  -62.62133  -57.87550 1154597753 215.399930    34.5298 0.0000e+00
    670.000    -0.7377   2.836125    -0.7375   2.836340    6.51885    -0.0894    13.8155 0.0000e+00  -62.62133  -57.87550 1154597754 215.399944    34.5298 0.0000e+00
    671.000    -0.7372   2.836209    -0.7371   2.836425    6.51942    -0.1026    13.8155 0.0000e+00  -62.62133  -57.87550 1154597755 215.399959    34.5299 0.0000e+00
    672.000    -0.7352   2.836457    -0.7354   2.836646    6.51638    -0.0833    13.8155 0.0000e+00  -62.62133  -57.87550 1154597756 215.399973    34.5303 0.0000e+00
    673.000    -0.7345   2.836575    -0.7346   2.836755    6.51584    -0.0768    13.8155 0.0000e+00  -62.62133  -57.87550 1154597758 215.399988    34.5304 0.0000e+00
    674.000    -0.7351   2.836561    -0.7350   2.836785    6.51296    -0.0739    13.8155 0.0000e+00  -62.62133  -57.87550 1154597759 215.400002    34.5304 0.0000e+00
    675.000    -0.7349   2.836616    -0.7348   2.836844    6.51232    -0.1008    13.8155 0.0000e+00  -62.62133  -57.87550 1154597760 215.400017    34.5304 0.0000e+00
    676.000    -0.7348   2.836674    -0.7352   2.836857    6.51235    -0.0813    13.8155 0.0000e+00  -62.62133  -57.87550 1154597761 215.400031    34.5304 0.0000e+00
    677.000    -0.7354   2.836676    -0.7354   2.836882    6.50898    -0.1164    13.8155 0.0000e+00  -62.62133  -57.87550 1154597763 215.400045    34.5306 0.0000e+00
    678.000    -0.7340   2.836841    -0.7339   2.837058    6.50688    -0.0851    13.8155 0.0000e+00  -62.62133  -57.87550 1154597764 215.400059    34.5307 0.0000e+00
    679.000    -0.7346   2.836827    -0.7348   2.837021    6.50801    -0.0902    13.8155 0.0000e+00  -62.62133  -57.87550 1154597765 215.400073    34.5305 0.0000e+00
    680.000    -0.7334   2.836988    -0.7331   2.837220    6.50817    -0.0505    13.8155 0.0000e+00  -62.62133  -57.87550 1154597766 215.400088    34.5308 0.0000e+00
    681.000    -0.7331   2.837057    -0.7330   2.837266    6.50690    -0.0987    13.8155 0.0000e+00  -62.62133  -57.87550 1154597768 215.400102    34.5306 0.0000e+00
