product_data/regression_test/downloaded_data/MDGS/320620060703/ctd/adapted/heads_insert_p6611801.cnv
* Sea-Bird SBE 9 Data File:
* FileName = D:\Data\Raw\p6611801.dat
* Software Version Seasave Win32 V 5.32
* Temperature SN = 1649
* Conductivity SN = 1431
* Number of Bytes Per Scan = 37
* Number of Voltage Words = 5
* Number of Scans Averaged by the Deck Unit = 1
* NMEA Latitude = 61 14.68 S
* NMEA Longitude = 054 20.83 W
* NMEA UTC (Time) = 19:24:47
** Ship:   Nathaniel B. Palmer 
** Cruise:    NBP0606 
# nquan = 15
# nvalues = 320                         
# units = specified
# name 0 = prDM: Pressure, Digiquartz [db]
# name 1 = t090C: Temperature [ITS-90, deg C]
# name 2 = c0S/m: Conductivity [S/m]
# name 3 = t190C: Temperature, 2 [ITS-90, deg C]
# name 4 = c1S/m: Conductivity, 2 [S/m]
# name 5 = sbeox0ML/L: Oxygen, SBE 43 [ml/l]
# name 6 = flECO-AFL: Fluorescence, Wetlab ECO-AFL/FL [mg/m^3]
# name 7 = bat: Beam Attenuation, Chelsea/Seatech/Wetlab CStar [1/m]
# name 8 = spar: SPAR/Surface Irradiance
# name 9 = latitude: Latitude [deg]
# name 10 = longitude: Longitude [deg]
# name 11 = timeY: Time, System [seconds]
# name 12 = timeJ: Julian Days
# name 13 = sal00: Salinity [PSU]
# name 14 = flag: flag
# span 0 =      2.000,    321.000       
# span 1 =    -1.1672,    -0.6122       
# span 2 =   2.751001,   2.825286       
# span 3 =    -1.1687,    -0.6121       
# span 4 =   2.751635,   2.825673       
# span 5 =    6.54696,    7.40989       
# span 6 =    -0.0667,     0.1652       
# span 7 =    13.8155,    13.8155       
# span 8 = 0.0000e+00, 0.0000e+00       
# span 9 =  -61.24467,  -61.24467       
# span 10 =  -54.34717,  -54.34717      
# span 11 = 1152905093, 1152905666      
# span 12 = 195.808939, 195.815609      
# span 13 =    34.2686,    34.4520      
# span 14 = 0.0000e+00, 0.0000e+00      
# interval = decibars: 1                
# start_time = Jul 14 2006 19:24:56
# bad_flag = -9.990e-29
*END*
[from data line 290]
    291.000    -0.6209   2.822689    -0.6200   2.823139    6.56850    -0.0478    13.8155 0.0000e+00  -61.24467  -54.34717 1152905579 195.814592    34.4452 0.0000e+00
    292.000    -0.6187   2.822742    -0.6189   2.823204    6.56594    -0.0568    13.8155 0.0000e+00  -61.24467  -54.34717 1152905581 195.814615    34.4428 0.0000e+00
    293.000    -0.6201   2.822900    -0.6196   2.823355    6.56595    -0.0433    13.8155 0.0000e+00  -61.24467  -54.34717 1152905582 195.814632    34.4460 0.0000e+00
    294.000    -0.6220   2.822813    -0.6212   2.823287    6.56913    -0.0440    13.8155 0.0000e+00  -61.24467  -54.34717 1152905587 195.814688    34.4463 0.0000e+00
    295.000    -0.6258   2.822546    -0.6257   2.822969    6.56886    -0.0597    13.8155 0.0000e+00  -61.24467  -54.34717 1152905590 195.814724    34.4465 0.0000e+00
    296.000    -0.6258   2.822586    -0.6249   2.823057    6.56657    -0.0520    13.8155 0.0000e+00  -61.24467  -54.34717 1152905591 195.814739    34.4465 0.0000e+00
    297.000    -0.6247   2.822711    -0.6240   2.823157    6.56781    -0.0555    13.8155 0.0000e+00  -61.24467  -54.34717 1152905596 195.814789    34.4463 0.0000e+00
    298.000    -0.6246   2.822719    -0.6241   2.823171    6.56895    -0.0506    13.8155 0.0000e+00  -61.24467  -54.34717 1152905597 195.814811    34.4456 0.0000e+00
    299.000    -0.6245   2.822773    -0.6239   2.823235    6.57083    -0.0444    13.8155 0.0000e+00  -61.24467  -54.34717 1152905599 195.814828    34.4456 0.0000e+00
    300.000    -0.6240   2.822888    -0.6234   2.823336    6.57039    -0.0552    13.8155 0.0000e+00  -61.24467  -54.34717 1152905604 195.814890    34.4460 0.0000e+00
    301.000    -0.6228   2.823057    -0.6222   2.823511    6.57312    -0.0506    13.8155 0.0000e+00  -61.24467  -54.34717 1152905607 195.814921    34.4463 0.0000e+00
    302.000    -0.6227   2.823103    -0.6222   2.823547    6.57007    -0.0477    13.8155 0.0000e+00  -61.24467  -54.34717 1152905609 195.814949    34.4461 0.0000e+00
    303.000    -0.6234   2.823084    -0.6227   2.823540    6.56941    -0.0548    13.8155 0.0000e+00  -61.24467  -54.34717 1152905611 195.814970    34.4461 0.0000e+00
    304.000    -0.6236   2.823109    -0.6229   2.823558    6.56678    -0.0503    13.8155 0.0000e+00  -61.24467  -54.34717 1152905613 195.814994    34.4460 0.0000e+00
    305.000    -0.6224   2.823276    -0.6219   2.823714    6.56045    -0.0489    13.8155 0.0000e+00  -61.24467  -54.34717 1152905618 195.815048    34.4463 0.0000e+00
    306.000    -0.6187   2.823777    -0.6178   2.824269    6.55868    -0.0526    13.8155 0.0000e+00  -61.24467  -54.34717 1152905621 195.815079    34.4482 0.0000e+00
    307.000    -0.6165   2.824083    -0.6162   2.824490    6.55714    -0.0599    13.8155 0.0000e+00  -61.24467  -54.34717 1152905623 195.815103    34.4491 0.0000e+00
    308.000    -0.6162   2.824168    -0.6156   2.824605    6.55393    -0.0521    13.8155 0.0000e+00  -61.24467  -54.34717 1152905625 195.815124    34.4493 0.0000e+00
    309.000    -0.6161   2.824232    -0.6154   2.824697    6.54971    -0.0377    13.8155 0.0000e+00  -61.24467  -54.34717 1152905630 195.815183    34.4495 0.0000e+00
    310.000    -0.6145   2.824471    -0.6136   2.824939    6.55152    -0.0465    13.8155 0.0000e+00  -61.24467  -54.34717 1152905631 195.815199    34.4503 0.0000e+00
    311.000    -0.6156   2.824376    -0.6145   2.824885    6.55230    -0.0461    13.8155 0.0000e+00  -61.24467  -54.34717 1152905632 195.815215    34.4496 0.0000e+00
    312.000    -0.6139   2.824639    -0.6132   2.825097    6.55185    -0.0555    13.8155 0.0000e+00  -61.24467  -54.34717 1152905637 195.815267    34.4507 0.0000e+00
    313.000    -0.6136   2.824691    -0.6127   2.825195    6.55042    -0.0415    13.8155 0.0000e+00  -61.24467  -54.34717 1152905640 195.815304    34.4505 0.0000e+00
    314.000    -0.6138   2.824738    -0.6134   2.825137    6.55109    -0.0408    13.8155 0.0000e+00  -61.24467  -54.34717 1152905643 195.815334    34.4506 0.0000e+00
    315.000    -0.6125   2.824914    -0.6123   2.825316    6.55107    -0.0521    13.8155 0.0000e+00  -61.24467  -54.34717 1152905645 195.815358    34.4510 0.0000e+00
    316.000    -0.6127   2.824963    -0.6123   2.825385    6.55057    -0.0596    13.8155 0.0000e+00  -61.24467  -54.34717 1152905648 195.815394    34.4512 0.0000e+00
    317.000    -0.6171   2.824486    -0.6165   2.824934    6.54945    -0.0533    13.8155 0.0000e+00  -61.24467  -54.34717 1152905652 195.815443    34.4493 0.0000e+00
    318.000    -0.6159   2.824690    -0.6153   2.825138    6.55010    -0.0574    13.8155 0.0000e+00  -61.24467  -54.34717 1152905654 195.815467    34.4501 0.0000e+00
    319.000    -0.6160   2.824700    -0.6156   2.825135    6.55051    -0.0590    13.8155 0.0000e+00  -61.24467  -54.34717 1152905657 195.815499    34.4498 0.0000e+00
    320.000    -0.6148   2.824903    -0.6144   2.825332    6.55000    -0.0548    13.8155 0.0000e+00  -61.24467  -54.34717 1152905660 195.815535    34.4505 0.0000e+00
    321.000    -0.6122   2.825286    -0.6121   2.825673    6.54696    -0.0553    13.8155 0.0000e+00  -61.24467  -54.34717 1152905666 195.815609    34.4520 0.0000e+00
