product_data/regression_test/downloaded_data/MDGS/320620060703/ctd/adapted/heads_insert_p6607301.cnv
* Sea-Bird SBE 9 Data File:
* FileName = D:\Data\Raw\p6607301.dat
* Software Version Seasave Win32 V 5.32
* Temperature SN = 1649
* Conductivity SN = 1431
* Number of Bytes Per Scan = 37
* Number of Voltage Words = 5
* Number of Scans Averaged by the Deck Unit = 1
* NMEA Latitude = 62 13.82 S
* NMEA Longitude = 058 07.00 W
* NMEA UTC (Time) = 06:24:58
** Ship:   Nathaniel B. Palmer 
** Cruise:    NBP0606 
# nquan = 15
# nvalues = 801                         
# units = specified
# name 0 = prDM: Pressure, Digiquartz [db]
# name 1 = t090C: Temperature [ITS-90, deg C]
# name 2 = c0S/m: Conductivity [S/m]
# name 3 = t190C: Temperature, 2 [ITS-90, deg C]
# name 4 = c1S/m: Conductivity, 2 [S/m]
# name 5 = sbeox0ML/L: Oxygen, SBE 43 [ml/l]
# name 6 = flECO-AFL: Fluorescence, Wetlab ECO-AFL/FL [mg/m^3]
# name 7 = bat: Beam Attenuation, Chelsea/Seatech/Wetlab CStar [1/m]
# name 8 = spar: SPAR/Surface Irradiance
# name 9 = latitude: Latitude [deg]
# name 10 = longitude: Longitude [deg]
# name 11 = timeY: Time, System [seconds]
# name 12 = timeJ: Julian Days
# name 13 = sal00: Salinity [PSU]
# name 14 = flag: flag
# span 0 =      2.000,    802.000       
# span 1 =    -1.4485,     0.2226       
# span 2 =   2.747905,   2.911408       
# span 3 =    -1.4480,     0.2238       
# span 4 =   2.747957,   2.911322       
# span 5 =    5.84755,    7.51823       
# span 6 =    -0.1267,     0.0096       
# span 7 =    13.8155,    13.8155       
# span 8 = 0.0000e+00, 0.0000e+00       
# span 9 =  -62.23033,  -62.23033       
# span 10 =  -58.11667,  -58.11667      
# span 11 = 1152339925, 1152341296      
# span 12 = 189.267664, 189.283539      
# span 13 =    34.2195,    34.5411      
# span 14 = 0.0000e+00, 0.0000e+00      
# interval = decibars: 1                
# start_time = Jul 08 2006 06:25:06
# bad_flag = -9.990e-29
*END*
[from data line 772]
    773.000    -0.5030   2.860496    -0.5024   2.860473    6.30926    -0.1038    13.8155 0.0000e+00  -62.23033  -58.11667 1152341217 189.282631    34.5304 0.0000e+00
    774.000    -0.5050   2.860377    -0.5055   2.860238    6.31157    -0.1047    13.8155 0.0000e+00  -62.23033  -58.11667 1152341219 189.282653    34.5305 0.0000e+00
    775.000    -0.5019   2.860664    -0.5017   2.860600    6.31489    -0.1098    13.8155 0.0000e+00  -62.23033  -58.11667 1152341221 189.282671    34.5301 0.0000e+00
    776.000    -0.5039   2.860557    -0.5041   2.860468    6.31488    -0.0998    13.8155 0.0000e+00  -62.23033  -58.11667 1152341222 189.282682    34.5304 0.0000e+00
    777.000    -0.5041   2.860586    -0.5034   2.860565    6.31539    -0.0920    13.8155 0.0000e+00  -62.23033  -58.11667 1152341223 189.282692    34.5305 0.0000e+00
    778.000    -0.5047   2.860562    -0.5043   2.860528    6.31613    -0.1075    13.8155 0.0000e+00  -62.23033  -58.11667 1152341223 189.282703    34.5301 0.0000e+00
    779.000    -0.5076   2.860371    -0.5072   2.860333    6.31690    -0.0965    13.8155 0.0000e+00  -62.23033  -58.11667 1152341225 189.282716    34.5304 0.0000e+00
    780.000    -0.5117   2.860074    -0.5116   2.860017    6.31813    -0.1047    13.8155 0.0000e+00  -62.23033  -58.11667 1152341226 189.282733    34.5306 0.0000e+00
    781.000    -0.5137   2.859956    -0.5132   2.859914    6.32092    -0.1100    13.8155 0.0000e+00  -62.23033  -58.11667 1152341228 189.282751    34.5306 0.0000e+00
    782.000    -0.5224   2.859249    -0.5223   2.859215    6.32285    -0.1027    13.8155 0.0000e+00  -62.23033  -58.11667 1152341229 189.282770    34.5306 0.0000e+00
    783.000    -0.5252   2.859085    -0.5251   2.859007    6.32379    -0.1167    13.8155 0.0000e+00  -62.23033  -58.11667 1152341231 189.282785    34.5310 0.0000e+00
    784.000    -0.5266   2.859004    -0.5257   2.859011    6.32454    -0.0956    13.8155 0.0000e+00  -62.23033  -58.11667 1152341232 189.282798    34.5309 0.0000e+00
    785.000    -0.5287   2.858891    -0.5287   2.858820    6.32556    -0.1224    13.8155 0.0000e+00  -62.23033  -58.11667 1152341233 189.282810    34.5312 0.0000e+00
    786.000    -0.5294   2.858888    -0.5294   2.858813    6.32675    -0.1062    13.8155 0.0000e+00  -62.23033  -58.11667 1152341234 189.282823    34.5312 0.0000e+00
    787.000    -0.5301   2.858885    -0.5301   2.858817    6.32836    -0.1116    13.8155 0.0000e+00  -62.23033  -58.11667 1152341235 189.282841    34.5313 0.0000e+00
    788.000    -0.5322   2.858777    -0.5317   2.858740    6.32875    -0.1131    13.8155 0.0000e+00  -62.23033  -58.11667 1152341237 189.282858    34.5317 0.0000e+00
    789.000    -0.5339   2.858680    -0.5341   2.858600    6.32992    -0.1055    13.8155 0.0000e+00  -62.23033  -58.11667 1152341238 189.282870    34.5318 0.0000e+00
    790.000    -0.5364   2.858527    -0.5359   2.858509    6.32862    -0.0922    13.8155 0.0000e+00  -62.23033  -58.11667 1152341239 189.282881    34.5320 0.0000e+00
    791.000    -0.5383   2.858430    -0.5379   2.858386    6.32992    -0.1045    13.8155 0.0000e+00  -62.23033  -58.11667 1152341240 189.282893    34.5322 0.0000e+00
    792.000    -0.5405   2.858303    -0.5400   2.858264    6.33142    -0.1084    13.8155 0.0000e+00  -62.23033  -58.11667 1152341242 189.282916    34.5324 0.0000e+00
    793.000    -0.5427   2.858159    -0.5420   2.858144    6.33263    -0.1012    13.8155 0.0000e+00  -62.23033  -58.11667 1152341244 189.282944    34.5323 0.0000e+00
    794.000    -0.5444   2.858081    -0.5438   2.858051    6.33219    -0.1105    13.8155 0.0000e+00  -62.23033  -58.11667 1152341246 189.282960    34.5326 0.0000e+00
    795.000    -0.5443   2.858125    -0.5438   2.858089    6.33219    -0.1050    13.8155 0.0000e+00  -62.23033  -58.11667 1152341247 189.282978    34.5325 0.0000e+00
    796.000    -0.5444   2.858162    -0.5441   2.858111    6.33410    -0.1108    13.8155 0.0000e+00  -62.23033  -58.11667 1152341250 189.283008    34.5323 0.0000e+00
    797.000    -0.5467   2.858020    -0.5462   2.857982    6.33866    -0.1069    13.8155 0.0000e+00  -62.23033  -58.11667 1152341252 189.283028    34.5326 0.0000e+00
    798.000    -0.5463   2.858103    -0.5456   2.858072    6.34075    -0.1065    13.8155 0.0000e+00  -62.23033  -58.11667 1152341253 189.283048    34.5326 0.0000e+00
    799.000    -0.5460   2.858176    -0.5455   2.858132    6.33863    -0.1115    13.8155 0.0000e+00  -62.23033  -58.11667 1152341257 189.283087    34.5325 0.0000e+00
    800.000    -0.5453   2.858276    -0.5453   2.858187    6.33540    -0.1137    13.8155 0.0000e+00  -62.23033  -58.11667 1152341259 189.283110    34.5324 0.0000e+00
    801.000    -0.5474   2.858149    -0.5477   2.858048    6.33363    -0.1153    13.8155 0.0000e+00  -62.23033  -58.11667 1152341261 189.283135    34.5326 0.0000e+00
    802.000    -0.5466   2.858252    -0.5457   2.858242    6.33216    -0.1008    13.8155 0.0000e+00  -62.23033  -58.11667 1152341296 189.283539    34.5323 0.0000e+00
