product_data/regression_test/downloaded_data/MDGS/320620060703/ctd/adapted/heads_insert_p6620601.cnv
* Sea-Bird SBE 9 Data File:
* FileName = D:\Data\Raw\p6620601.dat
* Software Version Seasave Win32 V 5.32
* Temperature SN = 1649
* Conductivity SN = 1431
* Number of Bytes Per Scan = 37
* Number of Voltage Words = 5
* Number of Scans Averaged by the Deck Unit = 1
* NMEA Latitude = 64 38.17 S
* NMEA Longitude = 062 48.64 W
* NMEA UTC (Time) = 02:52:19
** Ship:   Nathaniel B. Palmer 
** Cruise:    NBP0606 
# nquan = 15
# nvalues = 369                         
# units = specified
# name 0 = prDM: Pressure, Digiquartz [db]
# name 1 = t090C: Temperature [ITS-90, deg C]
# name 2 = c0S/m: Conductivity [S/m]
# name 3 = t190C: Temperature, 2 [ITS-90, deg C]
# name 4 = c1S/m: Conductivity, 2 [S/m]
# name 5 = sbeox0ML/L: Oxygen, SBE 43 [ml/l]
# name 6 = flECO-AFL: Fluorescence, Wetlab ECO-AFL/FL [mg/m^3]
# name 7 = bat: Beam Attenuation, Chelsea/Seatech/Wetlab CStar [1/m]
# name 8 = spar: SPAR/Surface Irradiance
# name 9 = latitude: Latitude [deg]
# name 10 = longitude: Longitude [deg]
# name 11 = timeY: Time, System [seconds]
# name 12 = timeJ: Julian Days
# name 13 = sal00: Salinity [PSU]
# name 14 = flag: flag
# span 0 =      1.000,    369.000       
# span 1 =    -0.5687,     0.2459       
# span 2 =   2.794880,   2.893508       
# span 3 =    -0.5679,     0.2472       
# span 4 =   2.795450,   2.893811       
# span 5 =    5.84745,    6.86761       
# span 6 =    -0.1034,    -0.0196       
# span 7 =    13.8155,    13.8155       
# span 8 = 0.0000e+00, 0.0000e+00       
# span 9 =  -64.63617,  -64.63617       
# span 10 =  -62.81067,  -62.81067      
# span 11 = 1154141545, 1154142200      
# span 12 = 210.119717, 210.127344      
# span 13 =    34.1753,    34.4941      
# span 14 = 0.0000e+00, 0.0000e+00      
# interval = decibars: 1                
# start_time = Jul 29 2006 02:52:28
# bad_flag = -9.990e-29
*END*
[from data line 290]
    290.000     0.1206   2.887920     0.1212   2.888201    5.91462    -0.1007    13.8155 0.0000e+00  -64.63617  -62.81067 1154142019 210.125246    34.4784 0.0000e+00
    291.000     0.1206   2.887983     0.1212   2.888250    5.91548    -0.0878    13.8155 0.0000e+00  -64.63617  -62.81067 1154142020 210.125262    34.4786 0.0000e+00
    292.000     0.1206   2.888026     0.1213   2.888291    5.91516    -0.0579    13.8155 0.0000e+00  -64.63617  -62.81067 1154142021 210.125278    34.4786 0.0000e+00
    293.000     0.1207   2.888074     0.1213   2.888356    5.91515    -0.0726    13.8155 0.0000e+00  -64.63617  -62.81067 1154142023 210.125294    34.4785 0.0000e+00
    294.000     0.1209   2.888167     0.1214   2.888420    5.91749    -0.1034    13.8155 0.0000e+00  -64.63617  -62.81067 1154142024 210.125310    34.4790 0.0000e+00
    295.000     0.1208   2.888223     0.1216   2.888510    5.91500    -0.0524    13.8155 0.0000e+00  -64.63617  -62.81067 1154142025 210.125326    34.4792 0.0000e+00
    296.000     0.1213   2.888380     0.1221   2.888666    5.91216    -0.0707    13.8155 0.0000e+00  -64.63617  -62.81067 1154142027 210.125341    34.4801 0.0000e+00
    297.000     0.1214   2.888423     0.1220   2.888691    5.91060    -0.0518    13.8155 0.0000e+00  -64.63617  -62.81067 1154142028 210.125356    34.4800 0.0000e+00
    298.000     0.1211   2.888396     0.1218   2.888678    5.91142    -0.0705    13.8155 0.0000e+00  -64.63617  -62.81067 1154142029 210.125371    34.4794 0.0000e+00
    299.000     0.1213   2.888504     0.1220   2.888781    5.91238    -0.0848    13.8155 0.0000e+00  -64.63617  -62.81067 1154142031 210.125387    34.4799 0.0000e+00
    300.000     0.1216   2.888635     0.1223   2.888892    5.91316    -0.0764    13.8155 0.0000e+00  -64.63617  -62.81067 1154142032 210.125403    34.4807 0.0000e+00
    301.000     0.1217   2.888652     0.1222   2.888924    5.91317    -0.0885    13.8155 0.0000e+00  -64.63617  -62.81067 1154142033 210.125417    34.4803 0.0000e+00
    302.000     0.1215   2.888652     0.1221   2.888909    5.91287    -0.0815    13.8155 0.0000e+00  -64.63617  -62.81067 1154142035 210.125432    34.4799 0.0000e+00
    303.000     0.1216   2.888710     0.1223   2.888994    5.91543    -0.0840    13.8155 0.0000e+00  -64.63617  -62.81067 1154142036 210.125447    34.4800 0.0000e+00
    304.000     0.1216   2.888747     0.1222   2.889043    5.91628    -0.0659    13.8155 0.0000e+00  -64.63617  -62.81067 1154142037 210.125462    34.4798 0.0000e+00
    305.000     0.1217   2.888805     0.1222   2.889080    5.91521    -0.0620    13.8155 0.0000e+00  -64.63617  -62.81067 1154142038 210.125476    34.4799 0.0000e+00
    306.000     0.1217   2.888867     0.1223   2.889142    5.91417    -0.0532    13.8155 0.0000e+00  -64.63617  -62.81067 1154142040 210.125490    34.4801 0.0000e+00
    307.000     0.1218   2.888932     0.1225   2.889197    5.91551    -0.0651    13.8155 0.0000e+00  -64.63617  -62.81067 1154142041 210.125505    34.4802 0.0000e+00
    308.000     0.1217   2.888933     0.1224   2.889222    5.91610    -0.0683    13.8155 0.0000e+00  -64.63617  -62.81067 1154142042 210.125519    34.4798 0.0000e+00
    309.000     0.1219   2.889005     0.1225   2.889271    5.91408    -0.0765    13.8155 0.0000e+00  -64.63617  -62.81067 1154142043 210.125533    34.4799 0.0000e+00
    310.000     0.1221   2.889111     0.1228   2.889394    5.91141    -0.0712    13.8155 0.0000e+00  -64.63617  -62.81067 1154142045 210.125547    34.4805 0.0000e+00
    311.000     0.1220   2.889148     0.1226   2.889399    5.90978    -0.0898    13.8155 0.0000e+00  -64.63617  -62.81067 1154142046 210.125562    34.4804 0.0000e+00
    312.000     0.1221   2.889194     0.1227   2.889471    5.90881    -0.0855    13.8155 0.0000e+00  -64.63617  -62.81067 1154142047 210.125577    34.4803 0.0000e+00
    313.000     0.1222   2.889239     0.1227   2.889512    5.91025    -0.0701    13.8155 0.0000e+00  -64.63617  -62.81067 1154142048 210.125591    34.4803 0.0000e+00
    314.000     0.1224   2.889353     0.1230   2.889626    5.91394    -0.0765    13.8155 0.0000e+00  -64.63617  -62.81067 1154142050 210.125605    34.4809 0.0000e+00
    315.000     0.1225   2.889446     0.1232   2.889720    5.91309    -0.0618    13.8155 0.0000e+00  -64.63617  -62.81067 1154142051 210.125619    34.4815 0.0000e+00
    316.000     0.1227   2.889539     0.1233   2.889793    5.91140    -0.0553    13.8155 0.0000e+00  -64.63617  -62.81067 1154142052 210.125634    34.4818 0.0000e+00
    317.000     0.1227   2.889586     0.1234   2.889854    5.91223    -0.0661    13.8155 0.0000e+00  -64.63617  -62.81067 1154142053 210.125649    34.4819 0.0000e+00
    318.000     0.1228   2.889625     0.1235   2.889903    5.91368    -0.0652    13.8155 0.0000e+00  -64.63617  -62.81067 1154142055 210.125664    34.4817 0.0000e+00
    319.000     0.1229   2.889680     0.1235   2.889953    5.91505    -0.0771    13.8155 0.0000e+00  -64.63617  -62.81067 1154142056 210.125677    34.4817 0.0000e+00
    320.000     0.1233   2.889830     0.1238   2.890077    5.91389    -0.0861    13.8155 0.0000e+00  -64.63617  -62.81067 1154142057 210.125692    34.4827 0.0000e+00
    321.000     0.1230   2.889789     0.1236   2.890058    5.91284    -0.0605    13.8155 0.0000e+00  -64.63617  -62.81067 1154142058 210.125707    34.4818 0.0000e+00
    322.000     0.1231   2.889873     0.1238   2.890142    5.91276    -0.0720    13.8155 0.0000e+00  -64.63617  -62.81067 1154142060 210.125721    34.4822 0.0000e+00
    323.000     0.1235   2.889904     0.1241   2.890170    5.91103    -0.0808    13.8155 0.0000e+00  -64.63617  -62.81067 1154142061 210.125735    34.4816 0.0000e+00
    324.000     0.1231   2.889889     0.1239   2.890185    5.90876    -0.0755    13.8155 0.0000e+00  -64.63617  -62.81067 1154142062 210.125750    34.4812 0.0000e+00
    325.000     0.1238   2.889973     0.1245   2.890241    5.90874    -0.0679    13.8155 0.0000e+00  -64.63617  -62.81067 1154142063 210.125765    34.4809 0.0000e+00
    326.000     0.1241   2.890024     0.1249   2.890305    5.90917    -0.0617    13.8155 0.0000e+00  -64.63617  -62.81067 1154142065 210.125779    34.4807 0.0000e+00
    327.000     0.1240   2.890050     0.1247   2.890341    5.90971    -0.0897    13.8155 0.0000e+00  -64.63617  -62.81067 1154142066 210.125794    34.4806 0.0000e+00
    328.000     0.1240   2.890114     0.1248   2.890424    5.90946    -0.0700    13.8155 0.0000e+00  -64.63617  -62.81067 1154142067 210.125808    34.4809 0.0000e+00
    329.000     0.1258   2.890601     0.1266   2.890895    5.90702    -0.0686    13.8155 0.0000e+00  -64.63617  -62.81067 1154142068 210.125823    34.4847 0.0000e+00
    330.000     0.1265   2.890850     0.1271   2.891118    5.90600    -0.0829    13.8155 0.0000e+00  -64.63617  -62.81067 1154142070 210.125837    34.4864 0.0000e+00
    331.000     0.1269   2.890996     0.1274   2.891246    5.90596    -0.0555    13.8155 0.0000e+00  -64.63617  -62.81067 1154142071 210.125852    34.4874 0.0000e+00
    332.000     0.1266   2.890927     0.1272   2.891197    5.90888    -0.0752    13.8155 0.0000e+00  -64.63617  -62.81067 1154142072 210.125866    34.4863 0.0000e+00
    333.000     0.1266   2.890958     0.1272   2.891224    5.90792    -0.0841    13.8155 0.0000e+00  -64.63617  -62.81067 1154142073 210.125881    34.4861 0.0000e+00
    334.000     0.1264   2.890963     0.1272   2.891267    5.90522    -0.0638    13.8155 0.0000e+00  -64.63617  -62.81067 1154142075 210.125896    34.4857 0.0000e+00
    335.000     0.1260   2.890839     0.1266   2.891109    5.90547    -0.0853    13.8155 0.0000e+00  -64.63617  -62.81067 1154142076 210.125911    34.4840 0.0000e+00
    336.000     0.1260   2.890855     0.1266   2.891154    5.90491    -0.0674    13.8155 0.0000e+00  -64.63617  -62.81067 1154142079 210.125943    34.4836 0.0000e+00
    337.000     0.1260   2.890938     0.1265   2.891176    5.90274    -0.0921    13.8155 0.0000e+00  -64.63617  -62.81067 1154142081 210.125972    34.4841 0.0000e+00
    338.000     0.1259   2.890958     0.1265   2.891234    5.90563    -0.0890    13.8155 0.0000e+00  -64.63617  -62.81067 1154142084 210.126000    34.4838 0.0000e+00
    339.000     0.1265   2.891191     0.1271   2.891481    5.90358    -0.0733    13.8155 0.0000e+00  -64.63617  -62.81067 1154142086 210.126027    34.4857 0.0000e+00
    340.000     0.1276   2.891581     0.1283   2.891898    5.90547    -0.0756    13.8155 0.0000e+00  -64.63617  -62.81067 1154142088 210.126053    34.4889 0.0000e+00
    341.000     0.1277   2.891681     0.1283   2.891938    5.90605    -0.0757    13.8155 0.0000e+00  -64.63617  -62.81067 1154142091 210.126079    34.4895 0.0000e+00
    342.000     0.1281   2.891818     0.1286   2.892081    5.90448    -0.0747    13.8155 0.0000e+00  -64.63617  -62.81067 1154142093 210.126105    34.4903 0.0000e+00
    343.000     0.1280   2.891835     0.1286   2.892099    5.90143    -0.0750    13.8155 0.0000e+00  -64.63617  -62.81067 1154142095 210.126131    34.4900 0.0000e+00
    344.000     0.1281   2.891858     0.1286   2.892113    5.89888    -0.0722    13.8155 0.0000e+00  -64.63617  -62.81067 1154142097 210.126157    34.4897 0.0000e+00
    345.000     0.1280   2.891855     0.1285   2.892105    5.89968    -0.0900    13.8155 0.0000e+00  -64.63617  -62.81067 1154142099 210.126182    34.4892 0.0000e+00
    346.000     0.1278   2.891809     0.1284   2.892096    5.89808    -0.0801    13.8155 0.0000e+00  -64.63617  -62.81067 1154142102 210.126208    34.4882 0.0000e+00
    347.000     0.1280   2.891912     0.1285   2.892180    5.89737    -0.0609    13.8155 0.0000e+00  -64.63617  -62.81067 1154142104 210.126234    34.4888 0.0000e+00
    348.000     0.1276   2.891831     0.1281   2.892074    5.89878    -0.0707    13.8155 0.0000e+00  -64.63617  -62.81067 1154142106 210.126260    34.4875 0.0000e+00
    349.000     0.1275   2.891845     0.1281   2.892113    5.90214    -0.0909    13.8155 0.0000e+00  -64.63617  -62.81067 1154142108 210.126286    34.4873 0.0000e+00
    350.000     0.1277   2.891932     0.1283   2.892215    5.90289    -0.0712    13.8155 0.0000e+00  -64.63617  -62.81067 1154142111 210.126312    34.4876 0.0000e+00
    351.000     0.1278   2.891981     0.1283   2.892226    5.90381    -0.0807    13.8155 0.0000e+00  -64.63617  -62.81067 1154142113 210.126339    34.4875 0.0000e+00
    352.000     0.1278   2.892030     0.1283   2.892291    5.90455    -0.0755    13.8155 0.0000e+00  -64.63617  -62.81067 1154142115 210.126364    34.4875 0.0000e+00
    353.000     0.1278   2.892091     0.1285   2.892383    5.90099    -0.0876    13.8155 0.0000e+00  -64.63617  -62.81067 1154142117 210.126390    34.4877 0.0000e+00
    354.000     0.1275   2.891987     0.1280   2.892252    5.89824    -0.0704    13.8155 0.0000e+00  -64.63617  -62.81067 1154142120 210.126416    34.4862 0.0000e+00
    355.000     0.1276   2.892048     0.1281   2.892307    5.89789    -0.0614    13.8155 0.0000e+00  -64.63617  -62.81067 1154142122 210.126442    34.4862 0.0000e+00
    356.000     0.1278   2.892148     0.1283   2.892405    5.90571    -0.0671    13.8155 0.0000e+00  -64.63617  -62.81067 1154142125 210.126480    34.4867 0.0000e+00
    357.000     0.1279   2.892232     0.1284   2.892495    5.90332    -0.0823    13.8155 0.0000e+00  -64.63617  -62.81067 1154142130 210.126536    34.4871 0.0000e+00
    358.000     0.1280   2.892294     0.1285   2.892564    5.90433    -0.0729    13.8155 0.0000e+00  -64.63617  -62.81067 1154142135 210.126596    34.4872 0.0000e+00
    359.000     0.1281   2.892373     0.1288   2.892680    5.90698    -0.0724    13.8155 0.0000e+00  -64.63617  -62.81067 1154142140 210.126657    34.4875 0.0000e+00
    360.000     0.1281   2.892401     0.1286   2.892678    5.90252    -0.0843    13.8155 0.0000e+00  -64.63617  -62.81067 1154142146 210.126720    34.4874 0.0000e+00
    361.000     0.1286   2.892610     0.1292   2.892901    5.90080    -0.0838    13.8155 0.0000e+00  -64.63617  -62.81067 1154142151 210.126783    34.4889 0.0000e+00
    362.000     0.1291   2.892831     0.1296   2.893099    5.89859    -0.0796    13.8155 0.0000e+00  -64.63617  -62.81067 1154142158 210.126855    34.4907 0.0000e+00
    363.000     0.1292   2.892913     0.1297   2.893184    5.90049    -0.0776    13.8155 0.0000e+00  -64.63617  -62.81067 1154142164 210.126924    34.4911 0.0000e+00
    364.000     0.1290   2.892905     0.1295   2.893144    5.90081    -0.0807    13.8155 0.0000e+00  -64.63617  -62.81067 1154142169 210.126991    34.4905 0.0000e+00
    365.000     0.1294   2.893039     0.1299   2.893317    5.89974    -0.0735    13.8155 0.0000e+00  -64.63617  -62.81067 1154142176 210.127063    34.4913 0.0000e+00
    366.000     0.1294   2.893089     0.1299   2.893351    5.89989    -0.0844    13.8155 0.0000e+00  -64.63617  -62.81067 1154142182 210.127133    34.4914 0.0000e+00
    367.000     0.1299   2.893267     0.1303   2.893526    5.89887    -0.0799    13.8155 0.0000e+00  -64.63617  -62.81067 1154142187 210.127201    34.4926 0.0000e+00
    368.000     0.1300   2.893373     0.1305   2.893647    5.89430    -0.0806    13.8155 0.0000e+00  -64.63617  -62.81067 1154142194 210.127272    34.4932 0.0000e+00
    369.000     0.1303   2.893508     0.1309   2.893811    5.89755    -0.0890    13.8155 0.0000e+00  -64.63617  -62.81067 1154142200 210.127344    34.4941 0.0000e+00
