product_data/regression_test/downloaded_data/MDGS/320620060703/ctd/adapted/heads_insert_p6607301.cnv
* Sea-Bird SBE 9 Data File:
* FileName = D:\Data\Raw\p6607301.dat
* Software Version Seasave Win32 V 5.32
* Temperature SN = 1649
* Conductivity SN = 1431
* Number of Bytes Per Scan = 37
* Number of Voltage Words = 5
* Number of Scans Averaged by the Deck Unit = 1
* NMEA Latitude = 62 13.82 S
* NMEA Longitude = 058 07.00 W
* NMEA UTC (Time) = 06:24:58
** Ship:   Nathaniel B. Palmer 
** Cruise:    NBP0606 
# nquan = 15
# nvalues = 801                         
# units = specified
# name 0 = prDM: Pressure, Digiquartz [db]
# name 1 = t090C: Temperature [ITS-90, deg C]
# name 2 = c0S/m: Conductivity [S/m]
# name 3 = t190C: Temperature, 2 [ITS-90, deg C]
# name 4 = c1S/m: Conductivity, 2 [S/m]
# name 5 = sbeox0ML/L: Oxygen, SBE 43 [ml/l]
# name 6 = flECO-AFL: Fluorescence, Wetlab ECO-AFL/FL [mg/m^3]
# name 7 = bat: Beam Attenuation, Chelsea/Seatech/Wetlab CStar [1/m]
# name 8 = spar: SPAR/Surface Irradiance
# name 9 = latitude: Latitude [deg]
# name 10 = longitude: Longitude [deg]
# name 11 = timeY: Time, System [seconds]
# name 12 = timeJ: Julian Days
# name 13 = sal00: Salinity [PSU]
# name 14 = flag: flag
# span 0 =      2.000,    802.000       
# span 1 =    -1.4485,     0.2226       
# span 2 =   2.747905,   2.911408       
# span 3 =    -1.4480,     0.2238       
# span 4 =   2.747957,   2.911322       
# span 5 =    5.84755,    7.51823       
# span 6 =    -0.1267,     0.0096       
# span 7 =    13.8155,    13.8155       
# span 8 = 0.0000e+00, 0.0000e+00       
# span 9 =  -62.23033,  -62.23033       
# span 10 =  -58.11667,  -58.11667      
# span 11 = 1152339925, 1152341296      
# span 12 = 189.267664, 189.283539      
# span 13 =    34.2195,    34.5411      
# span 14 = 0.0000e+00, 0.0000e+00      
# interval = decibars: 1                
# start_time = Jul 08 2006 06:25:06
# bad_flag = -9.990e-29
*END*
[from data line 579]
    580.000    -0.1195   2.884592    -0.1187   2.884572    6.06142    -0.1119    13.8155 0.0000e+00  -62.23033  -58.11667 1152340980 189.279890    34.5324 0.0000e+00
    581.000    -0.1220   2.884428    -0.1222   2.884307    6.06215    -0.0852    13.8155 0.0000e+00  -62.23033  -58.11667 1152340981 189.279902    34.5325 0.0000e+00
    582.000    -0.1271   2.884031    -0.1248   2.884130    6.06247    -0.0902    13.8155 0.0000e+00  -62.23033  -58.11667 1152340983 189.279915    34.5324 0.0000e+00
    583.000    -0.1313   2.883695    -0.1317   2.883607    6.06430    -0.0917    13.8155 0.0000e+00  -62.23033  -58.11667 1152340984 189.279928    34.5323 0.0000e+00
    584.000    -0.1419   2.882840    -0.1414   2.882799    6.06745    -0.0960    13.8155 0.0000e+00  -62.23033  -58.11667 1152340985 189.279941    34.5324 0.0000e+00
    585.000    -0.1442   2.882690    -0.1432   2.882679    6.06829    -0.1014    13.8155 0.0000e+00  -62.23033  -58.11667 1152340986 189.279955    34.5325 0.0000e+00
    586.000    -0.1445   2.882696    -0.1441   2.882644    6.06868    -0.0982    13.8155 0.0000e+00  -62.23033  -58.11667 1152340987 189.279969    34.5322 0.0000e+00
    587.000    -0.1453   2.882680    -0.1448   2.882618    6.07144    -0.0844    13.8155 0.0000e+00  -62.23033  -58.11667 1152340989 189.279985    34.5321 0.0000e+00
    588.000    -0.1444   2.882813    -0.1443   2.882701    6.07470    -0.0922    13.8155 0.0000e+00  -62.23033  -58.11667 1152340990 189.280003    34.5321 0.0000e+00
    589.000    -0.1432   2.882958    -0.1430   2.882873    6.07509    -0.0992    13.8155 0.0000e+00  -62.23033  -58.11667 1152340992 189.280021    34.5319 0.0000e+00
    590.000    -0.1439   2.882953    -0.1432   2.882897    6.07631    -0.1025    13.8155 0.0000e+00  -62.23033  -58.11667 1152340993 189.280033    34.5321 0.0000e+00
    591.000    -0.1474   2.882662    -0.1466   2.882659    6.07651    -0.0851    13.8155 0.0000e+00  -62.23033  -58.11667 1152340994 189.280044    34.5314 0.0000e+00
    592.000    -0.1553   2.882048    -0.1558   2.881921    6.07777    -0.1138    13.8155 0.0000e+00  -62.23033  -58.11667 1152340995 189.280054    34.5320 0.0000e+00
    593.000    -0.1621   2.881509    -0.1622   2.881428    6.08166    -0.1026    13.8155 0.0000e+00  -62.23033  -58.11667 1152340996 189.280066    34.5320 0.0000e+00
    594.000    -0.1697   2.880900    -0.1693   2.880853    6.08508    -0.0999    13.8155 0.0000e+00  -62.23033  -58.11667 1152340997 189.280085    34.5320 0.0000e+00
    595.000    -0.1717   2.880779    -0.1711   2.880734    6.09073    -0.0997    13.8155 0.0000e+00  -62.23033  -58.11667 1152340999 189.280103    34.5320 0.0000e+00
    596.000    -0.1780   2.880267    -0.1767   2.880322    6.09476    -0.0999    13.8155 0.0000e+00  -62.23033  -58.11667 1152341000 189.280116    34.5317 0.0000e+00
    597.000    -0.1821   2.879973    -0.1814   2.879939    6.09690    -0.0902    13.8155 0.0000e+00  -62.23033  -58.11667 1152341001 189.280127    34.5320 0.0000e+00
    598.000    -0.1843   2.879822    -0.1844   2.879734    6.09878    -0.0947    13.8155 0.0000e+00  -62.23033  -58.11667 1152341002 189.280139    34.5318 0.0000e+00
    599.000    -0.1897   2.879398    -0.1894   2.879345    6.10397    -0.0916    13.8155 0.0000e+00  -62.23033  -58.11667 1152341004 189.280159    34.5317 0.0000e+00
    600.000    -0.1922   2.879245    -0.1922   2.879157    6.10812    -0.0980    13.8155 0.0000e+00  -62.23033  -58.11667 1152341005 189.280177    34.5317 0.0000e+00
    601.000    -0.1984   2.878738    -0.1994   2.878590    6.10591    -0.0998    13.8155 0.0000e+00  -62.23033  -58.11667 1152341006 189.280189    34.5315 0.0000e+00
    602.000    -0.2062   2.878104    -0.2035   2.878273    6.10751    -0.1048    13.8155 0.0000e+00  -62.23033  -58.11667 1152341007 189.280199    34.5312 0.0000e+00
    603.000    -0.2134   2.877459    -0.2151   2.877401    6.11286    -0.0988    13.8155 0.0000e+00  -62.23033  -58.11667 1152341008 189.280211    34.5313 0.0000e+00
    604.000    -0.2378   2.875475    -0.2367   2.875527    6.11896    -0.0954    13.8155 0.0000e+00  -62.23033  -58.11667 1152341009 189.280226    34.5316 0.0000e+00
    605.000    -0.2436   2.875023    -0.2428   2.875012    6.12363    -0.0964    13.8155 0.0000e+00  -62.23033  -58.11667 1152341011 189.280244    34.5315 0.0000e+00
    606.000    -0.2453   2.874918    -0.2450   2.874884    6.12793    -0.0974    13.8155 0.0000e+00  -62.23033  -58.11667 1152341012 189.280258    34.5312 0.0000e+00
    607.000    -0.2463   2.874887    -0.2460   2.874822    6.13078    -0.1005    13.8155 0.0000e+00  -62.23033  -58.11667 1152341013 189.280270    34.5312 0.0000e+00
    608.000    -0.2462   2.874939    -0.2454   2.874932    6.13475    -0.1080    13.8155 0.0000e+00  -62.23033  -58.11667 1152341014 189.280283    34.5311 0.0000e+00
    609.000    -0.2478   2.874846    -0.2474   2.874786    6.13732    -0.1022    13.8155 0.0000e+00  -62.23033  -58.11667 1152341016 189.280299    34.5309 0.0000e+00
    610.000    -0.2473   2.874941    -0.2470   2.874872    6.13778    -0.0852    13.8155 0.0000e+00  -62.23033  -58.11667 1152341017 189.280314    34.5309 0.0000e+00
    611.000    -0.2473   2.874978    -0.2468   2.874944    6.13947    -0.0980    13.8155 0.0000e+00  -62.23033  -58.11667 1152341018 189.280329    34.5306 0.0000e+00
    612.000    -0.2478   2.874980    -0.2473   2.874947    6.14106    -0.0845    13.8155 0.0000e+00  -62.23033  -58.11667 1152341020 189.280344    34.5306 0.0000e+00
    613.000    -0.2472   2.875087    -0.2466   2.875041    6.14223    -0.1015    13.8155 0.0000e+00  -62.23033  -58.11667 1152341021 189.280359    34.5306 0.0000e+00
    614.000    -0.2462   2.875212    -0.2458   2.875166    6.14267    -0.1089    13.8155 0.0000e+00  -62.23033  -58.11667 1152341022 189.280373    34.5304 0.0000e+00
    615.000    -0.2472   2.875167    -0.2470   2.875109    6.14336    -0.0994    13.8155 0.0000e+00  -62.23033  -58.11667 1152341023 189.280384    34.5303 0.0000e+00
    616.000    -0.2503   2.874961    -0.2500   2.874888    6.14408    -0.1021    13.8155 0.0000e+00  -62.23033  -58.11667 1152341024 189.280395    34.5306 0.0000e+00
    617.000    -0.2524   2.874828    -0.2513   2.874840    6.14483    -0.1016    13.8155 0.0000e+00  -62.23033  -58.11667 1152341025 189.280410    34.5305 0.0000e+00
    618.000    -0.2535   2.874787    -0.2524   2.874780    6.14392    -0.1027    13.8155 0.0000e+00  -62.23033  -58.11667 1152341027 189.280432    34.5306 0.0000e+00
    619.000    -0.2548   2.874728    -0.2536   2.874731    6.14485    -0.0991    13.8155 0.0000e+00  -62.23033  -58.11667 1152341029 189.280448    34.5307 0.0000e+00
    620.000    -0.2555   2.874678    -0.2544   2.874706    6.14412    -0.1094    13.8155 0.0000e+00  -62.23033  -58.11667 1152341030 189.280459    34.5301 0.0000e+00
    621.000    -0.2570   2.874594    -0.2566   2.874551    6.14475    -0.0958    13.8155 0.0000e+00  -62.23033  -58.11667 1152341030 189.280469    34.5302 0.0000e+00
    622.000    -0.2577   2.874582    -0.2567   2.874579    6.14562    -0.1005    13.8155 0.0000e+00  -62.23033  -58.11667 1152341031 189.280480    34.5302 0.0000e+00
    623.000    -0.2573   2.874660    -0.2568   2.874605    6.14874    -0.0964    13.8155 0.0000e+00  -62.23033  -58.11667 1152341033 189.280498    34.5302 0.0000e+00
    624.000    -0.2573   2.874707    -0.2568   2.874656    6.14978    -0.1111    13.8155 0.0000e+00  -62.23033  -58.11667 1152341035 189.280518    34.5301 0.0000e+00
    625.000    -0.2580   2.874688    -0.2575   2.874641    6.15071    -0.0859    13.8155 0.0000e+00  -62.23033  -58.11667 1152341036 189.280532    34.5301 0.0000e+00
    626.000    -0.2598   2.874561    -0.2592   2.874536    6.15315    -0.1046    13.8155 0.0000e+00  -62.23033  -58.11667 1152341037 189.280544    34.5298 0.0000e+00
    627.000    -0.2645   2.874203    -0.2629   2.874254    6.15516    -0.1049    13.8155 0.0000e+00  -62.23033  -58.11667 1152341038 189.280556    34.5299 0.0000e+00
    628.000    -0.2635   2.874287    -0.2627   2.874317    6.15636    -0.0995    13.8155 0.0000e+00  -62.23033  -58.11667 1152341039 189.280570    34.5299 0.0000e+00
    629.000    -0.2655   2.874196    -0.2646   2.874177    6.15540    -0.1002    13.8155 0.0000e+00  -62.23033  -58.11667 1152341040 189.280585    34.5297 0.0000e+00
    630.000    -0.2654   2.874263    -0.2627   2.874385    6.15281    -0.1031    13.8155 0.0000e+00  -62.23033  -58.11667 1152341042 189.280601    34.5299 0.0000e+00
    631.000    -0.2659   2.874259    -0.2637   2.874377    6.15376    -0.0943    13.8155 0.0000e+00  -62.23033  -58.11667 1152341043 189.280617    34.5297 0.0000e+00
    632.000    -0.2665   2.874248    -0.2658   2.874218    6.15477    -0.1131    13.8155 0.0000e+00  -62.23033  -58.11667 1152341044 189.280631    34.5297 0.0000e+00
    633.000    -0.2655   2.874384    -0.2650   2.874333    6.15509    -0.0991    13.8155 0.0000e+00  -62.23033  -58.11667 1152341046 189.280644    34.5297 0.0000e+00
    634.000    -0.2625   2.874698    -0.2623   2.874621    6.15577    -0.0885    13.8155 0.0000e+00  -62.23033  -58.11667 1152341047 189.280657    34.5298 0.0000e+00
    635.000    -0.2681   2.874247    -0.2677   2.874192    6.15562    -0.1078    13.8155 0.0000e+00  -62.23033  -58.11667 1152341048 189.280671    34.5298 0.0000e+00
    636.000    -0.2674   2.874354    -0.2670   2.874292    6.15568    -0.1004    13.8155 0.0000e+00  -62.23033  -58.11667 1152341049 189.280687    34.5298 0.0000e+00
    637.000    -0.2674   2.874405    -0.2669   2.874342    6.15966    -0.1044    13.8155 0.0000e+00  -62.23033  -58.11667 1152341051 189.280702    34.5297 0.0000e+00
    638.000    -0.2673   2.874463    -0.2668   2.874396    6.16013    -0.1066    13.8155 0.0000e+00  -62.23033  -58.11667 1152341052 189.280715    34.5298 0.0000e+00
    639.000    -0.2679   2.874436    -0.2672   2.874406    6.16082    -0.1053    13.8155 0.0000e+00  -62.23033  -58.11667 1152341053 189.280728    34.5296 0.0000e+00
    640.000    -0.2684   2.874440    -0.2678   2.874396    6.16172    -0.1026    13.8155 0.0000e+00  -62.23033  -58.11667 1152341054 189.280742    34.5296 0.0000e+00
    641.000    -0.2687   2.874460    -0.2682   2.874411    6.16152    -0.0876    13.8155 0.0000e+00  -62.23033  -58.11667 1152341056 189.280761    34.5296 0.0000e+00
    642.000    -0.2692   2.874467    -0.2685   2.874430    6.16058    -0.0889    13.8155 0.0000e+00  -62.23033  -58.11667 1152341057 189.280777    34.5297 0.0000e+00
    643.000    -0.2690   2.874532    -0.2685   2.874481    6.16012    -0.0937    13.8155 0.0000e+00  -62.23033  -58.11667 1152341058 189.280789    34.5297 0.0000e+00
    644.000    -0.2699   2.874502    -0.2691   2.874465    6.15989    -0.1093    13.8155 0.0000e+00  -62.23033  -58.11667 1152341059 189.280800    34.5297 0.0000e+00
    645.000    -0.2711   2.874433    -0.2709   2.874366    6.16108    -0.0978    13.8155 0.0000e+00  -62.23033  -58.11667 1152341060 189.280811    34.5296 0.0000e+00
    646.000    -0.2714   2.874454    -0.2692   2.874544    6.16101    -0.1071    13.8155 0.0000e+00  -62.23033  -58.11667 1152341061 189.280828    34.5296 0.0000e+00
    647.000    -0.2719   2.874442    -0.2714   2.874403    6.16113    -0.1095    13.8155 0.0000e+00  -62.23033  -58.11667 1152341063 189.280847    34.5294 0.0000e+00
    648.000    -0.2737   2.874325    -0.2728   2.874319    6.16113    -0.1032    13.8155 0.0000e+00  -62.23033  -58.11667 1152341064 189.280861    34.5293 0.0000e+00
    649.000    -0.2748   2.874270    -0.2744   2.874222    6.16208    -0.1056    13.8155 0.0000e+00  -62.23033  -58.11667 1152341065 189.280873    34.5294 0.0000e+00
    650.000    -0.2750   2.874307    -0.2745   2.874261    6.16458    -0.0965    13.8155 0.0000e+00  -62.23033  -58.11667 1152341066 189.280886    34.5295 0.0000e+00
    651.000    -0.2737   2.874463    -0.2734   2.874388    6.16652    -0.1105    13.8155 0.0000e+00  -62.23033  -58.11667 1152341068 189.280900    34.5295 0.0000e+00
    652.000    -0.2750   2.874398    -0.2747   2.874323    6.16662    -0.1012    13.8155 0.0000e+00  -62.23033  -58.11667 1152341069 189.280914    34.5294 0.0000e+00
    653.000    -0.2751   2.874433    -0.2750   2.874345    6.16869    -0.1028    13.8155 0.0000e+00  -62.23033  -58.11667 1152341070 189.280928    34.5294 0.0000e+00
    654.000    -0.2756   2.874434    -0.2750   2.874388    6.16802    -0.1020    13.8155 0.0000e+00  -62.23033  -58.11667 1152341072 189.280944    34.5293 0.0000e+00
    655.000    -0.2775   2.874310    -0.2768   2.874272    6.16859    -0.1048    13.8155 0.0000e+00  -62.23033  -58.11667 1152341073 189.280963    34.5293 0.0000e+00
    656.000    -0.2793   2.874211    -0.2800   2.874065    6.16965    -0.1055    13.8155 0.0000e+00  -62.23033  -58.11667 1152341074 189.280979    34.5294 0.0000e+00
    657.000    -0.2797   2.874192    -0.2826   2.873868    6.17022    -0.0897    13.8155 0.0000e+00  -62.23033  -58.11667 1152341075 189.280990    34.5291 0.0000e+00
    658.000    -0.2883   2.873472    -0.2880   2.873441    6.17092    -0.0912    13.8155 0.0000e+00  -62.23033  -58.11667 1152341076 189.281000    34.5288 0.0000e+00
    659.000    -0.2892   2.873461    -0.2890   2.873387    6.17161    -0.0981    13.8155 0.0000e+00  -62.23033  -58.11667 1152341077 189.281010    34.5291 0.0000e+00
    660.000    -0.2888   2.873526    -0.2886   2.873460    6.17187    -0.1106    13.8155 0.0000e+00  -62.23033  -58.11667 1152341078 189.281023    34.5289 0.0000e+00
    661.000    -0.2900   2.873462    -0.2896   2.873406    6.17377    -0.1000    13.8155 0.0000e+00  -62.23033  -58.11667 1152341080 189.281042    34.5288 0.0000e+00
    662.000    -0.2933   2.873245    -0.2930   2.873167    6.17482    -0.1020    13.8155 0.0000e+00  -62.23033  -58.11667 1152341082 189.281060    34.5291 0.0000e+00
    663.000    -0.2948   2.873156    -0.2942   2.873121    6.17650    -0.0984    13.8155 0.0000e+00  -62.23033  -58.11667 1152341083 189.281074    34.5290 0.0000e+00
    664.000    -0.2937   2.873297    -0.2931   2.873252    6.18164    -0.1054    13.8155 0.0000e+00  -62.23033  -58.11667 1152341084 189.281087    34.5290 0.0000e+00
    665.000    -0.2939   2.873335    -0.2935   2.873264    6.18274    -0.1065    13.8155 0.0000e+00  -62.23033  -58.11667 1152341085 189.281101    34.5290 0.0000e+00
    666.000    -0.2944   2.873324    -0.2939   2.873272    6.18437    -0.1043    13.8155 0.0000e+00  -62.23033  -58.11667 1152341086 189.281117    34.5289 0.0000e+00
    667.000    -0.3229   2.870895    -0.3201   2.871116    6.18861    -0.1033    13.8155 0.0000e+00  -62.23033  -58.11667 1152341088 189.281131    34.5287 0.0000e+00
    668.000    -0.3236   2.870900    -0.3232   2.870855    6.19085    -0.0837    13.8155 0.0000e+00  -62.23033  -58.11667 1152341089 189.281144    34.5292 0.0000e+00
    669.000    -0.3247   2.870852    -0.3236   2.870860    6.19400    -0.1017    13.8155 0.0000e+00  -62.23033  -58.11667 1152341090 189.281156    34.5291 0.0000e+00
    670.000    -0.3279   2.870588    -0.3281   2.870516    6.19652    -0.0990    13.8155 0.0000e+00  -62.23033  -58.11667 1152341091 189.281168    34.5285 0.0000e+00
    671.000    -0.3358   2.869954    -0.3349   2.869970    6.20228    -0.1035    13.8155 0.0000e+00  -62.23033  -58.11667 1152341092 189.281183    34.5285 0.0000e+00
    672.000    -0.3389   2.869749    -0.3400   2.869571    6.20607    -0.1002    13.8155 0.0000e+00  -62.23033  -58.11667 1152341094 189.281201    34.5286 0.0000e+00
    673.000    -0.3350   2.870125    -0.3367   2.869900    6.20851    -0.1185    13.8155 0.0000e+00  -62.23033  -58.11667 1152341095 189.281218    34.5284 0.0000e+00
    674.000    -0.3390   2.869827    -0.3393   2.869724    6.20859    -0.0984    13.8155 0.0000e+00  -62.23033  -58.11667 1152341096 189.281232    34.5282 0.0000e+00
