product_data/regression_test/downloaded_data/MDGS/320620060703/ctd/adapted/heads_insert_p6608202.cnv
* Sea-Bird SBE 9 Data File:
* FileName = D:\Data\Raw\P6608202.dat
* Software Version Seasave Win32 V 5.32
* Temperature SN = 1649
* Conductivity SN = 1431
* Number of Bytes Per Scan = 37
* Number of Voltage Words = 5
* Number of Scans Averaged by the Deck Unit = 1
* NMEA Latitude = 61 50.03 S
* NMEA Longitude = 057 33.91 W
* NMEA UTC (Time) = 21:27:11
** Ship:   Nathaniel B. Palmer 
** Cruise:    NBP0603 p0606
** Cast #: 02
** Station:   81
** Operator: 
# nquan = 15
# nvalues = 189                         
# units = specified
# name 0 = prDM: Pressure, Digiquartz [db]
# name 1 = t090C: Temperature [ITS-90, deg C]
# name 2 = c0S/m: Conductivity [S/m]
# name 3 = t190C: Temperature, 2 [ITS-90, deg C]
# name 4 = c1S/m: Conductivity, 2 [S/m]
# name 5 = sbeox0ML/L: Oxygen, SBE 43 [ml/l]
# name 6 = flECO-AFL: Fluorescence, Wetlab ECO-AFL/FL [mg/m^3]
# name 7 = bat: Beam Attenuation, Chelsea/Seatech/Wetlab CStar [1/m]
# name 8 = spar: SPAR/Surface Irradiance
# name 9 = latitude: Latitude [deg]
# name 10 = longitude: Longitude [deg]
# name 11 = timeY: Time, System [seconds]
# name 12 = timeJ: Julian Days
# name 13 = sal00: Salinity [PSU]
# name 14 = flag: flag
# span 0 =      4.000,    192.000       
# span 1 =    -0.6956,    -0.0909       
# span 2 =   2.784640,   2.864179       
# span 3 =    -0.6961,    -0.0906       
# span 4 =   2.785213,   2.864343       
# span 5 =    6.21418,    7.71044       
# span 6 =     0.0944,     0.2431       
# span 7 =    13.8155,    13.8155       
# span 8 = 0.0000e+00, 0.0000e+00       
# span 9 =  -61.83383,  -61.83383       
# span 10 =  -57.56517,  -57.56517      
# span 11 = 1152480426, 1152481039      
# span 12 = 190.893786, 190.900929      
# span 13 =    34.1902,    34.4608      
# span 14 = 0.0000e+00, 0.0000e+00      
# interval = decibars: 1                
# start_time = Jul 09 2006 21:27:18
# bad_flag = -9.990e-29
*END*
Pressure	Temperature	Conductivity	Temperature2	Conductivity2	Oxygen	Fluorescence	Beam Attenuation	SPAR	latitude	longitude	timeY	timeJ	Salinity	flag
      4.000    -0.6844   2.785445    -0.6949   2.785557    7.69896     0.1883    13.8155 0.0000e+00  -61.83383  -57.56517 1152480426 190.893786    34.1902 0.0000e+00
      5.000    -0.6937   2.784705    -0.6950   2.785276    7.70459     0.1918    13.8155 0.0000e+00  -61.83383  -57.56517 1152480456 190.894184    34.1919 0.0000e+00
      6.000    -0.6949   2.784652    -0.6959   2.785213    7.70617     0.2049    13.8155 0.0000e+00  -61.83383  -57.56517 1152480464 190.894278    34.1917 0.0000e+00
      7.000    -0.6956   2.784640    -0.6961   2.785243    7.70675     0.2053    13.8155 0.0000e+00  -61.83383  -57.56517 1152480466 190.894305    34.1917 0.0000e+00
      8.000    -0.6952   2.784721    -0.6955   2.785322    7.70400     0.1983    13.8155 0.0000e+00  -61.83383  -57.56517 1152480471 190.894353    34.1916 0.0000e+00
      9.000    -0.6945   2.784819    -0.6946   2.785461    7.70675     0.2065    13.8155 0.0000e+00  -61.83383  -57.56517 1152480473 190.894382    34.1919 0.0000e+00
     10.000    -0.6930   2.785060    -0.6932   2.785641    7.70734     0.1986    13.8155 0.0000e+00  -61.83383  -57.56517 1152480476 190.894410    34.1923 0.0000e+00
     11.000    -0.6916   2.785266    -0.6916   2.785844    7.70649     0.2009    13.8155 0.0000e+00  -61.83383  -57.56517 1152480480 190.894455    34.1929 0.0000e+00
     12.000    -0.6911   2.785362    -0.6912   2.785932    7.70352     0.2011    13.8155 0.0000e+00  -61.83383  -57.56517 1152480483 190.894495    34.1929 0.0000e+00
     13.000    -0.6916   2.785346    -0.6914   2.785947    7.70216     0.2068    13.8155 0.0000e+00  -61.83383  -57.56517 1152480485 190.894516    34.1927 0.0000e+00
     14.000    -0.6914   2.785430    -0.6911   2.786011    7.70443     0.1950    13.8155 0.0000e+00  -61.83383  -57.56517 1152480488 190.894556    34.1930 0.0000e+00
     15.000    -0.6917   2.785438    -0.6919   2.785992    7.70494     0.2005    13.8155 0.0000e+00  -61.83383  -57.56517 1152480491 190.894589    34.1929 0.0000e+00
     16.000    -0.6922   2.785453    -0.6922   2.785997    7.70330     0.2041    13.8155 0.0000e+00  -61.83383  -57.56517 1152480495 190.894632    34.1929 0.0000e+00
     17.000    -0.6904   2.785690    -0.6904   2.786227    7.70207     0.2124    13.8155 0.0000e+00  -61.83383  -57.56517 1152480498 190.894665    34.1936 0.0000e+00
     18.000    -0.6905   2.785714    -0.6904   2.786258    7.70708     0.1927    13.8155 0.0000e+00  -61.83383  -57.56517 1152480501 190.894699    34.1934 0.0000e+00
     19.000    -0.6889   2.785944    -0.6887   2.786484    7.70618     0.1952    13.8155 0.0000e+00  -61.83383  -57.56517 1152480504 190.894734    34.1939 0.0000e+00
     20.000    -0.6900   2.785877    -0.6898   2.786418    7.70556     0.1943    13.8155 0.0000e+00  -61.83383  -57.56517 1152480506 190.894760    34.1937 0.0000e+00
     21.000    -0.6917   2.785751    -0.6914   2.786300    7.70552     0.2085    13.8155 0.0000e+00  -61.83383  -57.56517 1152480510 190.894805    34.1934 0.0000e+00
     22.000    -0.6915   2.785819    -0.6908   2.786405    7.70561     0.2106    13.8155 0.0000e+00  -61.83383  -57.56517 1152480513 190.894840    34.1935 0.0000e+00
     23.000    -0.6902   2.786029    -0.6890   2.786632    7.70391     0.2021    13.8155 0.0000e+00  -61.83383  -57.56517 1152480516 190.894872    34.1942 0.0000e+00
     24.000    -0.6892   2.786162    -0.6890   2.786654    7.70495     0.2084    13.8155 0.0000e+00  -61.83383  -57.56517 1152480518 190.894902    34.1941 0.0000e+00
     25.000    -0.6909   2.786035    -0.6908   2.786532    7.70982     0.1944    13.8155 0.0000e+00  -61.83383  -57.56517 1152480522 190.894941    34.1939 0.0000e+00
     26.000    -0.6919   2.785988    -0.6915   2.786515    7.71044     0.2074    13.8155 0.0000e+00  -61.83383  -57.56517 1152480523 190.894960    34.1937 0.0000e+00
     27.000    -0.6899   2.786238    -0.6871   2.786963    7.70136     0.2012    13.8155 0.0000e+00  -61.83383  -57.56517 1152480529 190.895027    34.1941 0.0000e+00
     28.000    -0.6885   2.786423    -0.6882   2.786906    7.69934     0.1949    13.8155 0.0000e+00  -61.83383  -57.56517 1152480530 190.895037    34.1944 0.0000e+00
     29.000    -0.6877   2.786563    -0.6879   2.786996    7.69690     0.2093    13.8155 0.0000e+00  -61.83383  -57.56517 1152480533 190.895075    34.1947 0.0000e+00
     30.000    -0.6903   2.786348    -0.6898   2.786843    7.69580     0.2038    13.8155 0.0000e+00  -61.83383  -57.56517 1152480537 190.895120    34.1943 0.0000e+00
     31.000    -0.6912   2.786308    -0.6908   2.786796    7.69952     0.2080    13.8155 0.0000e+00  -61.83383  -57.56517 1152480539 190.895147    34.1942 0.0000e+00
     32.000    -0.6914   2.786334    -0.6911   2.786810    7.69917     0.2061    13.8155 0.0000e+00  -61.83383  -57.56517 1152480543 190.895194    34.1942 0.0000e+00
     33.000    -0.6910   2.786431    -0.6905   2.786914    7.70381     0.1950    13.8155 0.0000e+00  -61.83383  -57.56517 1152480546 190.895220    34.1943 0.0000e+00
     34.000    -0.6857   2.787009    -0.6834   2.787608    7.69381     0.2053    13.8155 0.0000e+00  -61.83383  -57.56517 1152480549 190.895259    34.1955 0.0000e+00
     35.000    -0.6653   2.789068    -0.6615   2.789761    7.66951     0.1860    13.8155 0.0000e+00  -61.83383  -57.56517 1152480552 190.895298    34.1991 0.0000e+00
     36.000    -0.6591   2.789683    -0.6574   2.790220    7.65146     0.2101    13.8155 0.0000e+00  -61.83383  -57.56517 1152480555 190.895326    34.1996 0.0000e+00
     37.000    -0.6591   2.789714    -0.6583   2.790192    7.63951     0.2023    13.8155 0.0000e+00  -61.83383  -57.56517 1152480559 190.895375    34.1998 0.0000e+00
     38.000    -0.6571   2.789944    -0.6570   2.790351    7.63565     0.1915    13.8155 0.0000e+00  -61.83383  -57.56517 1152480561 190.895399    34.2000 0.0000e+00
     39.000    -0.6575   2.789960    -0.6570   2.790396    7.63379     0.1933    13.8155 0.0000e+00  -61.83383  -57.56517 1152480564 190.895429    34.2002 0.0000e+00
     40.000    -0.6554   2.790215    -0.6553   2.790626    7.62634     0.1809    13.8155 0.0000e+00  -61.83383  -57.56517 1152480569 190.895486    34.2007 0.0000e+00
     41.000    -0.6558   2.790215    -0.6551   2.790680    7.62551     0.1878    13.8155 0.0000e+00  -61.83383  -57.56517 1152480570 190.895497    34.2005 0.0000e+00
     42.000    -0.6577   2.790083    -0.6568   2.790544    7.62541     0.1946    13.8155 0.0000e+00  -61.83383  -57.56517 1152480573 190.895532    34.2004 0.0000e+00
     43.000    -0.6584   2.790090    -0.6573   2.790561    7.62996     0.1870    13.8155 0.0000e+00  -61.83383  -57.56517 1152480577 190.895587    34.2006 0.0000e+00
     44.000    -0.6574   2.790233    -0.6566   2.790663    7.62927     0.1994    13.8155 0.0000e+00  -61.83383  -57.56517 1152480578 190.895599    34.2008 0.0000e+00
     45.000    -0.6589   2.790118    -0.6586   2.790516    7.62874     0.1930    13.8155 0.0000e+00  -61.83383  -57.56517 1152480579 190.895612    34.2003 0.0000e+00
     46.000    -0.6587   2.790180    -0.6587   2.790548    7.62732     0.1883    13.8155 0.0000e+00  -61.83383  -57.56517 1152480586 190.895691    34.2004 0.0000e+00
     47.000    -0.6578   2.790320    -0.6572   2.790737    7.62743     0.1992    13.8155 0.0000e+00  -61.83383  -57.56517 1152480587 190.895703    34.2007 0.0000e+00
     48.000    -0.6569   2.790452    -0.6561   2.790880    7.62869     0.1988    13.8155 0.0000e+00  -61.83383  -57.56517 1152480591 190.895744    34.2007 0.0000e+00
     49.000    -0.6572   2.790472    -0.6569   2.790860    7.62701     0.1882    13.8155 0.0000e+00  -61.83383  -57.56517 1152480595 190.895791    34.2007 0.0000e+00
     50.000    -0.6556   2.790674    -0.6547   2.791114    7.62590     0.1933    13.8155 0.0000e+00  -61.83383  -57.56517 1152480597 190.895820    34.2010 0.0000e+00
     51.000    -0.6553   2.790761    -0.6543   2.791196    7.62650     0.1944    13.8155 0.0000e+00  -61.83383  -57.56517 1152480600 190.895853    34.2012 0.0000e+00
     52.000    -0.6540   2.790937    -0.6529   2.791370    7.62489     0.1934    13.8155 0.0000e+00  -61.83383  -57.56517 1152480604 190.895898    34.2015 0.0000e+00
     53.000    -0.6522   2.791165    -0.6521   2.791493    7.62305     0.1948    13.8155 0.0000e+00  -61.83383  -57.56517 1152480606 190.895918    34.2018 0.0000e+00
     54.000    -0.6501   2.791418    -0.6493   2.791822    7.61950     0.1969    13.8155 0.0000e+00  -61.83383  -57.56517 1152480610 190.895970    34.2023 0.0000e+00
     55.000    -0.6511   2.791362    -0.6501   2.791790    7.61944     0.1796    13.8155 0.0000e+00  -61.83383  -57.56517 1152480612 190.895994    34.2020 0.0000e+00
     56.000    -0.6484   2.791685    -0.6469   2.792154    7.61597     0.1929    13.8155 0.0000e+00  -61.83383  -57.56517 1152480615 190.896027    34.2028 0.0000e+00
     57.000    -0.6463   2.791929    -0.6461   2.792281    7.60999     0.2008    13.8155 0.0000e+00  -61.83383  -57.56517 1152480618 190.896062    34.2030 0.0000e+00
     58.000    -0.6489   2.791718    -0.6493   2.791998    7.61250     0.1898    13.8155 0.0000e+00  -61.83383  -57.56517 1152480621 190.896096    34.2026 0.0000e+00
     59.000    -0.6527   2.791401    -0.6515   2.791825    7.61455     0.1949    13.8155 0.0000e+00  -61.83383  -57.56517 1152480624 190.896131    34.2021 0.0000e+00
     60.000    -0.6525   2.791481    -0.6514   2.791880    7.62049     0.1965    13.8155 0.0000e+00  -61.83383  -57.56517 1152480628 190.896167    34.2022 0.0000e+00
     61.000    -0.6525   2.791510    -0.6503   2.792045    7.62400     0.1960    13.8155 0.0000e+00  -61.83383  -57.56517 1152480630 190.896198    34.2020 0.0000e+00
     62.000    -0.6509   2.791733    -0.6484   2.792266    7.62167     0.1954    13.8155 0.0000e+00  -61.83383  -57.56517 1152480633 190.896226    34.2026 0.0000e+00
     63.000    -0.6455   2.792304    -0.6444   2.792713    7.61653     0.1983    13.8155 0.0000e+00  -61.83383  -57.56517 1152480637 190.896273    34.2035 0.0000e+00
     64.000    -0.6476   2.792134    -0.6470   2.792498    7.61447     0.2013    13.8155 0.0000e+00  -61.83383  -57.56517 1152480639 190.896297    34.2030 0.0000e+00
     65.000    -0.6368   2.793321    -0.6356   2.793666    7.60314     0.1905    13.8155 0.0000e+00  -61.83383  -57.56517 1152480643 190.896348    34.2060 0.0000e+00
     66.000    -0.6244   2.794578    -0.6245   2.794840    7.58785     0.1737    13.8155 0.0000e+00  -61.83383  -57.56517 1152480645 190.896367    34.2080 0.0000e+00
     67.000    -0.6110   2.795959    -0.6092   2.796362    7.57298     0.1893    13.8155 0.0000e+00  -61.83383  -57.56517 1152480646 190.896383    34.2106 0.0000e+00
     68.000    -0.6012   2.796979    -0.5988   2.797423    7.55538     0.1776    13.8155 0.0000e+00  -61.83383  -57.56517 1152480652 190.896456    34.2127 0.0000e+00
     69.000    -0.5962   2.797492    -0.5953   2.797832    7.54817     0.1851    13.8155 0.0000e+00  -61.83383  -57.56517 1152480653 190.896467    34.2133 0.0000e+00
     70.000    -0.5954   2.797613    -0.5934   2.798057    7.54122     0.1875    13.8155 0.0000e+00  -61.83383  -57.56517 1152480655 190.896482    34.2135 0.0000e+00
     71.000    -0.5882   2.798371    -0.5858   2.798848    7.51698     0.1857    13.8155 0.0000e+00  -61.83383  -57.56517 1152480661 190.896551    34.2152 0.0000e+00
     72.000    -0.5809   2.799183    -0.5801   2.799517    7.50324     0.1830    13.8155 0.0000e+00  -61.83383  -57.56517 1152480664 190.896585    34.2171 0.0000e+00
     73.000    -0.5794   2.799392    -0.5788   2.799716    7.49457     0.1752    13.8155 0.0000e+00  -61.83383  -57.56517 1152480665 190.896607    34.2178 0.0000e+00
     74.000    -0.5746   2.799976    -0.5723   2.800434    7.48520     0.1798    13.8155 0.0000e+00  -61.83383  -57.56517 1152480667 190.896621    34.2196 0.0000e+00
     75.000    -0.5676   2.800740    -0.5664   2.801087    7.46777     0.1811    13.8155 0.0000e+00  -61.83383  -57.56517 1152480671 190.896673    34.2213 0.0000e+00
     76.000    -0.5555   2.802055    -0.5528   2.802545    7.44290     0.1797    13.8155 0.0000e+00  -61.83383  -57.56517 1152480675 190.896715    34.2246 0.0000e+00
     77.000    -0.5455   2.803121    -0.5449   2.803423    7.41664     0.1766    13.8155 0.0000e+00  -61.83383  -57.56517 1152480678 190.896751    34.2269 0.0000e+00
     78.000    -0.5448   2.803237    -0.5437   2.803594    7.40649     0.1961    13.8155 0.0000e+00  -61.83383  -57.56517 1152480680 190.896773    34.2272 0.0000e+00
     79.000    -0.5451   2.803355    -0.5438   2.803711    7.40521     0.1829    13.8155 0.0000e+00  -61.83383  -57.56517 1152480684 190.896818    34.2288 0.0000e+00
     80.000    -0.5446   2.803480    -0.5436   2.803819    7.40112     0.1741    13.8155 0.0000e+00  -61.83383  -57.56517 1152480687 190.896850    34.2294 0.0000e+00
     81.000    -0.5417   2.803836    -0.5405   2.804183    7.39481     0.1919    13.8155 0.0000e+00  -61.83383  -57.56517 1152480689 190.896885    34.2304 0.0000e+00
     82.000    -0.5391   2.804159    -0.5383   2.804474    7.38874     0.1795    13.8155 0.0000e+00  -61.83383  -57.56517 1152480694 190.896932    34.2312 0.0000e+00
     83.000    -0.5384   2.804328    -0.5374   2.804647    7.38587     0.1789    13.8155 0.0000e+00  -61.83383  -57.56517 1152480695 190.896951    34.2321 0.0000e+00
     84.000    -0.5378   2.804453    -0.5368   2.804790    7.38573     0.1792    13.8155 0.0000e+00  -61.83383  -57.56517 1152480697 190.896969    34.2325 0.0000e+00
     85.000    -0.5385   2.804422    -0.5374   2.804764    7.38887     0.1853    13.8155 0.0000e+00  -61.83383  -57.56517 1152480702 190.897029    34.2324 0.0000e+00
     86.000    -0.5384   2.804540    -0.5375   2.804865    7.38840     0.1836    13.8155 0.0000e+00  -61.83383  -57.56517 1152480705 190.897064    34.2332 0.0000e+00
     87.000    -0.5380   2.804604    -0.5370   2.804919    7.38448     0.1775    13.8155 0.0000e+00  -61.83383  -57.56517 1152480707 190.897085    34.2330 0.0000e+00
     88.000    -0.5382   2.804658    -0.5371   2.804992    7.38069     0.1818    13.8155 0.0000e+00  -61.83383  -57.56517 1152480709 190.897114    34.2333 0.0000e+00
     89.000    -0.5388   2.804761    -0.5378   2.805082    7.37487     0.1914    13.8155 0.0000e+00  -61.83383  -57.56517 1152480714 190.897164    34.2348 0.0000e+00
     90.000    -0.5411   2.805181    -0.5415   2.805488    7.36284     0.1814    13.8155 0.0000e+00  -61.83383  -57.56517 1152480717 190.897205    34.2425 0.0000e+00
     91.000    -0.5431   2.805083    -0.5420   2.805443    7.35821     0.1834    13.8155 0.0000e+00  -61.83383  -57.56517 1152480719 190.897226    34.2428 0.0000e+00
     92.000    -0.5404   2.805778    -0.5391   2.806085    7.35015     0.1845    13.8155 0.0000e+00  -61.83383  -57.56517 1152480721 190.897253    34.2485 0.0000e+00
     93.000    -0.5387   2.805928    -0.5377   2.806200    7.34282     0.1894    13.8155 0.0000e+00  -61.83383  -57.56517 1152480725 190.897296    34.2479 0.0000e+00
     94.000    -0.5390   2.805883    -0.5376   2.806217    7.34080     0.1867    13.8155 0.0000e+00  -61.83383  -57.56517 1152480729 190.897339    34.2470 0.0000e+00
     95.000    -0.5379   2.805918    -0.5376   2.806257    7.33963     0.1778    13.8155 0.0000e+00  -61.83383  -57.56517 1152480731 190.897367    34.2456 0.0000e+00
     96.000    -0.5370   2.806351    -0.5356   2.806728    7.33618     0.1927    13.8155 0.0000e+00  -61.83383  -57.56517 1152480733 190.897393    34.2498 0.0000e+00
     97.000    -0.5336   2.806935    -0.5321   2.807294    7.31426     0.1838    13.8155 0.0000e+00  -61.83383  -57.56517 1152480738 190.897443    34.2533 0.0000e+00
     98.000    -0.5233   2.808617    -0.5194   2.809329    7.27860     0.1645    13.8155 0.0000e+00  -61.83383  -57.56517 1152480740 190.897470    34.2635 0.0000e+00
