product_data/regression_test/downloaded_data/MDGS/320620060703/ctd/adapted/heads_insert_p6608901.cnv
* Sea-Bird SBE 9 Data File:
* FileName = D:\Data\Raw\P6608901.dat
* Software Version Seasave Win32 V 5.32
* Temperature SN = 1649
* Conductivity SN = 1431
* Number of Bytes Per Scan = 37
* Number of Voltage Words = 5
* Number of Scans Averaged by the Deck Unit = 1
* NMEA Latitude = 61 26.26 S
* NMEA Longitude = 057 51.58 W
* NMEA UTC (Time) = 10:14:29
** Ship:   Nathaniel B. Palmer 
** Cruise:    NBP0603 p0606
** Cast #: 01
** Station:   89
** Operator: rdd
# nquan = 15
# nvalues = 739                         
# units = specified
# name 0 = prDM: Pressure, Digiquartz [db]
# name 1 = t090C: Temperature [ITS-90, deg C]
# name 2 = c0S/m: Conductivity [S/m]
# name 3 = t190C: Temperature, 2 [ITS-90, deg C]
# name 4 = c1S/m: Conductivity, 2 [S/m]
# name 5 = sbeox0ML/L: Oxygen, SBE 43 [ml/l]
# name 6 = flECO-AFL: Fluorescence, Wetlab ECO-AFL/FL [mg/m^3]
# name 7 = bat: Beam Attenuation, Chelsea/Seatech/Wetlab CStar [1/m]
# name 8 = spar: SPAR/Surface Irradiance
# name 9 = latitude: Latitude [deg]
# name 10 = longitude: Longitude [deg]
# name 11 = timeY: Time, System [seconds]
# name 12 = timeJ: Julian Days
# name 13 = sal00: Salinity [PSU]
# name 14 = flag: flag
# span 0 =     15.000,    753.000       
# span 1 =    -0.7960,     0.8924       
# span 2 =   2.773494,   2.989669       
# span 3 =    -0.7954,     0.8931       
# span 4 =   2.774002,   2.989951       
# span 5 =    5.14068,    7.76503       
# span 6 =    -0.1163,     0.2668       
# span 7 =    13.8155,    13.8155       
# span 8 = 0.0000e+00, 0.0000e+00       
# span 9 =  -61.43767,  -61.43767       
# span 10 =  -57.85967,  -57.85967      
# span 11 = 1152526458, 1152527849      
# span 12 = 191.426625, 191.442721      
# span 13 =    34.1327,    34.6739      
# span 14 = 0.0000e+00, 0.0000e+00      
# interval = decibars: 1                
# start_time = Jul 10 2006 10:14:37
# bad_flag = -9.990e-29
*END*
Pressure	Temperature	Conductivity	Temperature2	Conductivity2	Oxygen	Fluorescence	Beam Attenuation	SPAR	latitude	longitude	timeY	timeJ	Salinity	flag
     15.000    -0.7814   2.773494    -0.7858   2.774002    7.75651     0.2652    13.8155 0.0000e+00  -61.43767  -57.85967 1152526458 191.426625    34.1327 0.0000e+00
     16.000    -0.7958   2.773591    -0.7952   2.774077    7.76503     0.2398    13.8155 0.0000e+00  -61.43767  -57.85967 1152526586 191.428099    34.1496 0.0000e+00
     17.000    -0.7957   2.773702    -0.7951   2.774201    7.75831     0.2541    13.8155 0.0000e+00  -61.43767  -57.85967 1152526598 191.428239    34.1504 0.0000e+00
     18.000    -0.7960   2.773636    -0.7954   2.774158    7.75376     0.2344    13.8155 0.0000e+00  -61.43767  -57.85967 1152526601 191.428275    34.1492 0.0000e+00
     19.000    -0.7956   2.773877    -0.7950   2.774363    7.74958     0.2400    13.8155 0.0000e+00  -61.43767  -57.85967 1152526603 191.428299    34.1515 0.0000e+00
     20.000    -0.7953   2.774037    -0.7950   2.774396    7.75193     0.2393    13.8155 0.0000e+00  -61.43767  -57.85967 1152526608 191.428352    34.1525 0.0000e+00
     21.000    -0.7954   2.774069    -0.7947   2.774571    7.75197     0.2380    13.8155 0.0000e+00  -61.43767  -57.85967 1152526610 191.428380    34.1526 0.0000e+00
     22.000    -0.7950   2.774319    -0.7942   2.774807    7.74070     0.2168    13.8155 0.0000e+00  -61.43767  -57.85967 1152526615 191.428435    34.1548 0.0000e+00
     23.000    -0.7941   2.774709    -0.7934   2.775180    7.73555     0.2293    13.8155 0.0000e+00  -61.43767  -57.85967 1152526616 191.428447    34.1586 0.0000e+00
     24.000    -0.7935   2.775025    -0.7927   2.775501    7.72937     0.2497    13.8155 0.0000e+00  -61.43767  -57.85967 1152526619 191.428489    34.1615 0.0000e+00
     25.000    -0.7927   2.775331    -0.7918   2.775783    7.72566     0.2408    13.8155 0.0000e+00  -61.43767  -57.85967 1152526623 191.428529    34.1641 0.0000e+00
     26.000    -0.7917   2.775523    -0.7909   2.775981    7.71954     0.2513    13.8155 0.0000e+00  -61.43767  -57.85967 1152526626 191.428559    34.1649 0.0000e+00
     27.000    -0.7911   2.775640    -0.7899   2.776199    7.70900     0.2447    13.8155 0.0000e+00  -61.43767  -57.85967 1152526631 191.428618    34.1653 0.0000e+00
     28.000    -0.7895   2.775960    -0.7886   2.776418    7.70617     0.2391    13.8155 0.0000e+00  -61.43767  -57.85967 1152526633 191.428644    34.1670 0.0000e+00
     29.000    -0.7873   2.776203    -0.7870   2.776614    7.70417     0.2305    13.8155 0.0000e+00  -61.43767  -57.85967 1152526636 191.428676    34.1672 0.0000e+00
     30.000    -0.7849   2.776492    -0.7840   2.776944    7.70013     0.2372    13.8155 0.0000e+00  -61.43767  -57.85967 1152526639 191.428714    34.1677 0.0000e+00
     31.000    -0.7847   2.776593    -0.7836   2.777031    7.69571     0.2227    13.8155 0.0000e+00  -61.43767  -57.85967 1152526643 191.428766    34.1683 0.0000e+00
     32.000    -0.7828   2.776942    -0.7818   2.777411    7.69241     0.2299    13.8155 0.0000e+00  -61.43767  -57.85967 1152526646 191.428795    34.1702 0.0000e+00
     33.000    -0.7818   2.777149    -0.7809   2.777593    7.69164     0.2400    13.8155 0.0000e+00  -61.43767  -57.85967 1152526648 191.428816    34.1713 0.0000e+00
     34.000    -0.7818   2.777205    -0.7812   2.777574    7.68259     0.2455    13.8155 0.0000e+00  -61.43767  -57.85967 1152526653 191.428872    34.1713 0.0000e+00
     35.000    -0.7786   2.777745    -0.7767   2.778253    7.66846     0.2193    13.8155 0.0000e+00  -61.43767  -57.85967 1152526656 191.428916    34.1746 0.0000e+00
     36.000    -0.7542   2.780530    -0.7528   2.780942    7.63718     0.2216    13.8155 0.0000e+00  -61.43767  -57.85967 1152526659 191.428945    34.1835 0.0000e+00
     37.000    -0.7442   2.781965    -0.7436   2.782367    7.61174     0.2171    13.8155 0.0000e+00  -61.43767  -57.85967 1152526661 191.428970    34.1907 0.0000e+00
     38.000    -0.7491   2.781714    -0.7482   2.782153    7.59760     0.2195    13.8155 0.0000e+00  -61.43767  -57.85967 1152526665 191.429022    34.1928 0.0000e+00
     39.000    -0.7510   2.781758    -0.7503   2.782183    7.58986     0.2032    13.8155 0.0000e+00  -61.43767  -57.85967 1152526670 191.429077    34.1951 0.0000e+00
     40.000    -0.7533   2.781885    -0.7523   2.782303    7.58826     0.2115    13.8155 0.0000e+00  -61.43767  -57.85967 1152526671 191.429090    34.1990 0.0000e+00
     41.000    -0.7550   2.781973    -0.7540   2.782379    7.58575     0.2155    13.8155 0.0000e+00  -61.43767  -57.85967 1152526672 191.429102    34.2015 0.0000e+00
     42.000    -0.7544   2.782070    -0.7533   2.782497    7.58798     0.2233    13.8155 0.0000e+00  -61.43767  -57.85967 1152526677 191.429151    34.2015 0.0000e+00
     43.000    -0.7546   2.782144    -0.7538   2.782534    7.58968     0.2074    13.8155 0.0000e+00  -61.43767  -57.85967 1152526684 191.429234    34.2028 0.0000e+00
     44.000    -0.7553   2.782289    -0.7541   2.782688    7.58702     0.2054    13.8155 0.0000e+00  -61.43767  -57.85967 1152526685 191.429242    34.2043 0.0000e+00
     45.000    -0.7538   2.782488    -0.7529   2.782879    7.58395     0.2116    13.8155 0.0000e+00  -61.43767  -57.85967 1152526685 191.429251    34.2046 0.0000e+00
     46.000    -0.7531   2.782585    -0.7518   2.783020    7.58152     0.2066    13.8155 0.0000e+00  -61.43767  -57.85967 1152526687 191.429268    34.2044 0.0000e+00
     47.000    -0.7542   2.782502    -0.7536   2.782875    7.57869     0.2131    13.8155 0.0000e+00  -61.43767  -57.85967 1152526695 191.429361    34.2040 0.0000e+00
     48.000    -0.7551   2.782504    -0.7539   2.782928    7.57801     0.2157    13.8155 0.0000e+00  -61.43767  -57.85967 1152526698 191.429402    34.2045 0.0000e+00
     49.000    -0.7527   2.782811    -0.7516   2.783206    7.57077     0.2181    13.8155 0.0000e+00  -61.43767  -57.85967 1152526700 191.429424    34.2052 0.0000e+00
     50.000    -0.7519   2.782953    -0.7477   2.783600    7.56768     0.2159    13.8155 0.0000e+00  -61.43767  -57.85967 1152526701 191.429438    34.2057 0.0000e+00
     51.000    -0.7433   2.783796    -0.7454   2.783917    7.56380     0.2189    13.8155 0.0000e+00  -61.43767  -57.85967 1152526706 191.429492    34.2062 0.0000e+00
     52.000    -0.7446   2.783798    -0.7435   2.784206    7.56456     0.2036    13.8155 0.0000e+00  -61.43767  -57.85967 1152526712 191.429558    34.2074 0.0000e+00
     53.000    -0.7510   2.783409    -0.7496   2.783830    7.56302     0.1964    13.8155 0.0000e+00  -61.43767  -57.85967 1152526713 191.429567    34.2087 0.0000e+00
     54.000    -0.7491   2.783567    -0.7479   2.783965    7.55917     0.2056    13.8155 0.0000e+00  -61.43767  -57.85967 1152526713 191.429577    34.2083 0.0000e+00
     55.000    -0.7486   2.783633    -0.7472   2.784021    7.55675     0.2181    13.8155 0.0000e+00  -61.43767  -57.85967 1152526718 191.429631    34.2080 0.0000e+00
     56.000    -0.7479   2.783677    -0.7472   2.784016    7.55567     0.2196    13.8155 0.0000e+00  -61.43767  -57.85967 1152526725 191.429705    34.2072 0.0000e+00
     57.000    -0.7499   2.783668    -0.7487   2.784059    7.55441     0.2248    13.8155 0.0000e+00  -61.43767  -57.85967 1152526726 191.429718    34.2088 0.0000e+00
     58.000    -0.7523   2.783589    -0.7514   2.783948    7.55621     0.2149    13.8155 0.0000e+00  -61.43767  -57.85967 1152526727 191.429738    34.2098 0.0000e+00
     59.000    -0.7537   2.783542    -0.7536   2.783864    7.55678     0.2065    13.8155 0.0000e+00  -61.43767  -57.85967 1152526733 191.429798    34.2101 0.0000e+00
     60.000    -0.7557   2.783437    -0.7549   2.783816    7.55633     0.2120    13.8155 0.0000e+00  -61.43767  -57.85967 1152526734 191.429809    34.2105 0.0000e+00
     61.000    -0.7557   2.783505    -0.7544   2.783883    7.55557     0.2092    13.8155 0.0000e+00  -61.43767  -57.85967 1152526738 191.429864    34.2107 0.0000e+00
     62.000    -0.7551   2.783646    -0.7534   2.784090    7.55562     0.2214    13.8155 0.0000e+00  -61.43767  -57.85967 1152526742 191.429908    34.2112 0.0000e+00
     63.000    -0.7528   2.784054    -0.7514   2.784456    7.55154     0.2199    13.8155 0.0000e+00  -61.43767  -57.85967 1152526745 191.429937    34.2135 0.0000e+00
     64.000    -0.7514   2.784265    -0.7497   2.784684    7.54658     0.2187    13.8155 0.0000e+00  -61.43767  -57.85967 1152526746 191.429954    34.2141 0.0000e+00
     65.000    -0.7510   2.784306    -0.7492   2.784711    7.54512     0.2309    13.8155 0.0000e+00  -61.43767  -57.85967 1152526751 191.430009    34.2135 0.0000e+00
     66.000    -0.7499   2.784536    -0.7492   2.784855    7.54519     0.2114    13.8155 0.0000e+00  -61.43767  -57.85967 1152526757 191.430076    34.2150 0.0000e+00
     67.000    -0.7479   2.784784    -0.7467   2.785176    7.54542     0.2089    13.8155 0.0000e+00  -61.43767  -57.85967 1152526757 191.430085    34.2153 0.0000e+00
     68.000    -0.7487   2.784773    -0.7466   2.785252    7.54385     0.2068    13.8155 0.0000e+00  -61.43767  -57.85967 1152526758 191.430094    34.2154 0.0000e+00
     69.000    -0.7480   2.784904    -0.7468   2.785278    7.54228     0.2225    13.8155 0.0000e+00  -61.43767  -57.85967 1152526761 191.430130    34.2158 0.0000e+00
     70.000    -0.7485   2.784900    -0.7470   2.785295    7.54382     0.2199    13.8155 0.0000e+00  -61.43767  -57.85967 1152526768 191.430209    34.2157 0.0000e+00
     71.000    -0.7478   2.785231    -0.7466   2.785585    7.54159     0.2116    13.8155 0.0000e+00  -61.43767  -57.85967 1152526769 191.430221    34.2187 0.0000e+00
     72.000    -0.7492   2.785307    -0.7474   2.785738    7.53920     0.2220    13.8155 0.0000e+00  -61.43767  -57.85967 1152526771 191.430244    34.2208 0.0000e+00
     73.000    -0.7451   2.785807    -0.7440   2.786108    7.53501     0.2104    13.8155 0.0000e+00  -61.43767  -57.85967 1152526777 191.430315    34.2223 0.0000e+00
     74.000    -0.7423   2.786238    -0.7416   2.786560    7.53139     0.2164    13.8155 0.0000e+00  -61.43767  -57.85967 1152526778 191.430326    34.2241 0.0000e+00
     75.000    -0.7412   2.786470    -0.7398   2.786861    7.52719     0.2234    13.8155 0.0000e+00  -61.43767  -57.85967 1152526781 191.430360    34.2255 0.0000e+00
     76.000    -0.7443   2.786405    -0.7443   2.786666    7.52199     0.2032    13.8155 0.0000e+00  -61.43767  -57.85967 1152526787 191.430426    34.2276 0.0000e+00
     77.000    -0.7443   2.786481    -0.7431   2.786811    7.51892     0.2223    13.8155 0.0000e+00  -61.43767  -57.85967 1152526788 191.430437    34.2281 0.0000e+00
     78.000    -0.7387   2.787069    -0.7381   2.787366    7.51551     0.2202    13.8155 0.0000e+00  -61.43767  -57.85967 1152526789 191.430448    34.2289 0.0000e+00
     79.000    -0.7405   2.786939    -0.7392   2.787290    7.51344     0.2169    13.8155 0.0000e+00  -61.43767  -57.85967 1152526792 191.430482    34.2286 0.0000e+00
     80.000    -0.7402   2.787021    -0.7385   2.787411    7.51014     0.2273    13.8155 0.0000e+00  -61.43767  -57.85967 1152526798 191.430554    34.2288 0.0000e+00
     81.000    -0.7389   2.787202    -0.7370   2.787603    7.50909     0.2089    13.8155 0.0000e+00  -61.43767  -57.85967 1152526800 191.430583    34.2291 0.0000e+00
     82.000    -0.7362   2.787521    -0.7342   2.787945    7.50431     0.2051    13.8155 0.0000e+00  -61.43767  -57.85967 1152526802 191.430603    34.2297 0.0000e+00
     83.000    -0.7386   2.787329    -0.7373   2.787688    7.50488     0.2200    13.8155 0.0000e+00  -61.43767  -57.85967 1152526804 191.430628    34.2293 0.0000e+00
     84.000    -0.7377   2.787462    -0.7360   2.787835    7.51153     0.2189    13.8155 0.0000e+00  -61.43767  -57.85967 1152526810 191.430699    34.2294 0.0000e+00
     85.000    -0.7292   2.788280    -0.7287   2.788537    7.50734     0.2142    13.8155 0.0000e+00  -61.43767  -57.85967 1152526811 191.430711    34.2301 0.0000e+00
     86.000    -0.7318   2.788110    -0.7283   2.788617    7.50330     0.1986    13.8155 0.0000e+00  -61.43767  -57.85967 1152526817 191.430779    34.2303 0.0000e+00
     87.000    -0.7260   2.788722    -0.7245   2.789066    7.49971     0.2175    13.8155 0.0000e+00  -61.43767  -57.85967 1152526819 191.430801    34.2312 0.0000e+00
     88.000    -0.7250   2.788891    -0.7237   2.789233    7.49367     0.2233    13.8155 0.0000e+00  -61.43767  -57.85967 1152526822 191.430829    34.2317 0.0000e+00
     89.000    -0.7248   2.788958    -0.7231   2.789311    7.49506     0.2075    13.8155 0.0000e+00  -61.43767  -57.85967 1152526826 191.430885    34.2319 0.0000e+00
     90.000    -0.7253   2.788995    -0.7245   2.789299    7.49775     0.2002    13.8155 0.0000e+00  -61.43767  -57.85967 1152526830 191.430927    34.2323 0.0000e+00
     91.000    -0.7258   2.788993    -0.7253   2.789284    7.49568     0.2088    13.8155 0.0000e+00  -61.43767  -57.85967 1152526831 191.430935    34.2323 0.0000e+00
     92.000    -0.7242   2.789218    -0.7232   2.789541    7.49363     0.1952    13.8155 0.0000e+00  -61.43767  -57.85967 1152526832 191.430944    34.2329 0.0000e+00
     93.000    -0.7219   2.789367    -0.7209   2.789693    7.49274     0.2161    13.8155 0.0000e+00  -61.43767  -57.85967 1152526834 191.430973    34.2316 0.0000e+00
     94.000    -0.7232   2.789324    -0.7216   2.789713    7.49196     0.2212    13.8155 0.0000e+00  -61.43767  -57.85967 1152526841 191.431057    34.2320 0.0000e+00
     95.000    -0.7245   2.789367    -0.7234   2.789678    7.48520     0.2054    13.8155 0.0000e+00  -61.43767  -57.85967 1152526844 191.431082    34.2334 0.0000e+00
     96.000    -0.7246   2.789382    -0.7237   2.789688    7.48544     0.2173    13.8155 0.0000e+00  -61.43767  -57.85967 1152526847 191.431122    34.2332 0.0000e+00
     97.000    -0.7233   2.789580    -0.7211   2.789997    7.48394     0.2072    13.8155 0.0000e+00  -61.43767  -57.85967 1152526852 191.431179    34.2337 0.0000e+00
     98.000    -0.7135   2.790550    -0.7117   2.790908    7.47829     0.2079    13.8155 0.0000e+00  -61.43767  -57.85967 1152526854 191.431205    34.2349 0.0000e+00
     99.000    -0.7050   2.791429    -0.7045   2.791671    7.46871     0.1963    13.8155 0.0000e+00  -61.43767  -57.85967 1152526857 191.431243    34.2364 0.0000e+00
    100.000    -0.6972   2.792254    -0.6960   2.792563    7.45781     0.1997    13.8155 0.0000e+00  -61.43767  -57.85967 1152526861 191.431281    34.2381 0.0000e+00
    101.000    -0.6973   2.792295    -0.6962   2.792596    7.45519     0.2033    13.8155 0.0000e+00  -61.43767  -57.85967 1152526863 191.431310    34.2382 0.0000e+00
    102.000    -0.6977   2.792279    -0.6968   2.792563    7.45550     0.2012    13.8155 0.0000e+00  -61.43767  -57.85967 1152526867 191.431355    34.2381 0.0000e+00
    103.000    -0.6961   2.792507    -0.6951   2.792804    7.45486     0.1966    13.8155 0.0000e+00  -61.43767  -57.85967 1152526870 191.431388    34.2386 0.0000e+00
    104.000    -0.6973   2.792427    -0.6961   2.792732    7.45518     0.1886    13.8155 0.0000e+00  -61.43767  -57.85967 1152526873 191.431426    34.2384 0.0000e+00
    105.000    -0.6958   2.792646    -0.6948   2.792937    7.45493     0.1851    13.8155 0.0000e+00  -61.43767  -57.85967 1152526874 191.431441    34.2390 0.0000e+00
    106.000    -0.6963   2.792625    -0.6951   2.792944    7.45368     0.1968    13.8155 0.0000e+00  -61.43767  -57.85967 1152526875 191.431452    34.2387 0.0000e+00
    107.000    -0.6963   2.792652    -0.6954   2.792951    7.45170     0.1810    13.8155 0.0000e+00  -61.43767  -57.85967 1152526876 191.431464    34.2385 0.0000e+00
    108.000    -0.6967   2.792658    -0.6960   2.792941    7.45107     0.1865    13.8155 0.0000e+00  -61.43767  -57.85967 1152526880 191.431505    34.2386 0.0000e+00
    109.000    -0.6991   2.792473    -0.6984   2.792734    7.45122     0.1705    13.8155 0.0000e+00  -61.43767  -57.85967 1152526883 191.431541    34.2378 0.0000e+00
