product_data/regression_test/downloaded_data/MDGS/320620060703/ctd/p6607201.cnv
* Sea-Bird SBE 9 Data File:
* FileName = D:\Data\Raw\p6607201.dat
* Software Version Seasave Win32 V 5.32
* Temperature SN = 1649
* Conductivity SN = 1431
* Number of Bytes Per Scan = 37
* Number of Voltage Words = 5
* Number of Scans Averaged by the Deck Unit = 1
* NMEA Latitude = 62 12.88 S
* NMEA Longitude = 058 07.66 W
* NMEA UTC (Time) = 05:07:40
** Ship:   Nathaniel B. Palmer 
** Cruise:    NBP0606 
# nquan = 15
# nvalues = 580                         
# units = specified
# name 0 = prDM: Pressure, Digiquartz [db]
# name 1 = t090C: Temperature [ITS-90, deg C]
# name 2 = c0S/m: Conductivity [S/m]
# name 3 = t190C: Temperature, 2 [ITS-90, deg C]
# name 4 = c1S/m: Conductivity, 2 [S/m]
# name 5 = sbeox0ML/L: Oxygen, SBE 43 [ml/l]
# name 6 = flECO-AFL: Fluorescence, Wetlab ECO-AFL/FL [mg/m^3]
# name 7 = bat: Beam Attenuation, Chelsea/Seatech/Wetlab CStar [1/m]
# name 8 = spar: SPAR/Surface Irradiance
# name 9 = latitude: Latitude [deg]
# name 10 = longitude: Longitude [deg]
# name 11 = timeY: Time, System [seconds]
# name 12 = timeJ: Julian Days
# name 13 = sal00: Salinity [PSU]
# name 14 = flag: flag
# span 0 =      2.000,    581.000       
# span 1 =    -1.1645,     0.2498       
# span 2 =   2.766766,   2.914438       
# span 3 =    -1.1609,     0.2503       
# span 4 =   2.767200,   2.914316       
# span 5 =    5.82867,    7.52417       
# span 6 =    -0.1080,     0.0199       
# span 7 =    13.8155,    13.8155       
# span 8 = 0.0000e+00, 0.0000e+00       
# span 9 =  -62.21467,  -62.21467       
# span 10 =  -58.12767,  -58.12767      
# span 11 = 1152335289, 1152336222      
# span 12 = 189.214009, 189.224809      
# span 13 =    34.2217,    34.5386      
# span 14 = 0.0000e+00, 0.0000e+00      
# interval = decibars: 1                
# start_time = Jul 08 2006 05:07:47
# bad_flag = -9.990e-29
*END*
[from data line 97]
     99.000    -0.7138   2.790037    -0.7127   2.790083    7.51149    -0.0179    13.8155 0.0000e+00  -62.21467  -58.12767 1152335531 189.216809    34.2279 0.0000e+00
    100.000    -0.7136   2.790098    -0.7126   2.790122    7.51064    -0.0276    13.8155 0.0000e+00  -62.21467  -58.12767 1152335533 189.216835    34.2279 0.0000e+00
    101.000    -0.7138   2.790121    -0.7127   2.790168    7.51164    -0.0232    13.8155 0.0000e+00  -62.21467  -58.12767 1152335535 189.216859    34.2278 0.0000e+00
    102.000    -0.7140   2.790146    -0.7131   2.790187    7.50945    -0.0218    13.8155 0.0000e+00  -62.21467  -58.12767 1152335537 189.216879    34.2279 0.0000e+00
    103.000    -0.7144   2.790173    -0.7134   2.790213    7.50780    -0.0361    13.8155 0.0000e+00  -62.21467  -58.12767 1152335539 189.216900    34.2280 0.0000e+00
    104.000    -0.7154   2.790155    -0.7143   2.790188    7.50564    -0.0203    13.8155 0.0000e+00  -62.21467  -58.12767 1152335541 189.216931    34.2283 0.0000e+00
    105.000    -0.7154   2.790199    -0.7143   2.790234    7.50649    -0.0233    13.8155 0.0000e+00  -62.21467  -58.12767 1152335544 189.216958    34.2283 0.0000e+00
    106.000    -0.7150   2.790272    -0.7141   2.790308    7.50820    -0.0283    13.8155 0.0000e+00  -62.21467  -58.12767 1152335545 189.216973    34.2282 0.0000e+00
    107.000    -0.7141   2.790395    -0.7132   2.790412    7.51122    -0.0356    13.8155 0.0000e+00  -62.21467  -58.12767 1152335546 189.216990    34.2282 0.0000e+00
    108.000    -0.7132   2.790523    -0.7121   2.790561    7.50931    -0.0260    13.8155 0.0000e+00  -62.21467  -58.12767 1152335548 189.217011    34.2282 0.0000e+00
    109.000    -0.7129   2.790599    -0.7119   2.790628    7.50826    -0.0285    13.8155 0.0000e+00  -62.21467  -58.12767 1152335550 189.217031    34.2283 0.0000e+00
    110.000    -0.7132   2.790628    -0.7123   2.790649    7.51051    -0.0228    13.8155 0.0000e+00  -62.21467  -58.12767 1152335552 189.217051    34.2285 0.0000e+00
    111.000    -0.7136   2.790628    -0.7123   2.790679    7.51118    -0.0284    13.8155 0.0000e+00  -62.21467  -58.12767 1152335553 189.217072    34.2283 0.0000e+00
    112.000    -0.7146   2.790614    -0.7139   2.790639    7.50947    -0.0349    13.8155 0.0000e+00  -62.21467  -58.12767 1152335555 189.217089    34.2287 0.0000e+00
    113.000    -0.7145   2.790688    -0.7136   2.790719    7.51039    -0.0259    13.8155 0.0000e+00  -62.21467  -58.12767 1152335556 189.217103    34.2289 0.0000e+00
    114.000    -0.7151   2.790779    -0.7139   2.790781    7.51060    -0.0333    13.8155 0.0000e+00  -62.21467  -58.12767 1152335557 189.217118    34.2297 0.0000e+00
    115.000    -0.7140   2.790896    -0.7127   2.790930    7.51196    -0.0252    13.8155 0.0000e+00  -62.21467  -58.12767 1152335559 189.217134    34.2299 0.0000e+00
    116.000    -0.7145   2.790927    -0.7136   2.790968    7.50947    -0.0338    13.8155 0.0000e+00  -62.21467  -58.12767 1152335560 189.217150    34.2303 0.0000e+00
    117.000    -0.7158   2.790921    -0.7151   2.790931    7.50534    -0.0268    13.8155 0.0000e+00  -62.21467  -58.12767 1152335561 189.217166    34.2311 0.0000e+00
    118.000    -0.7175   2.790862    -0.7165   2.790898    7.50225    -0.0359    13.8155 0.0000e+00  -62.21467  -58.12767 1152335563 189.217183    34.2317 0.0000e+00
    119.000    -0.7182   2.790919    -0.7173   2.790952    7.49966    -0.0159    13.8155 0.0000e+00  -62.21467  -58.12767 1152335565 189.217201    34.2327 0.0000e+00
    120.000    -0.7182   2.790974    -0.7171   2.790999    7.49619    -0.0333    13.8155 0.0000e+00  -62.21467  -58.12767 1152335566 189.217214    34.2327 0.0000e+00
    121.000    -0.7187   2.791001    -0.7178   2.791033    7.49209    -0.0362    13.8155 0.0000e+00  -62.21467  -58.12767 1152335567 189.217225    34.2331 0.0000e+00
    122.000    -0.7188   2.791086    -0.7180   2.791103    7.48998    -0.0254    13.8155 0.0000e+00  -62.21467  -58.12767 1152335567 189.217234    34.2337 0.0000e+00
    123.000    -0.7179   2.791273    -0.7165   2.791340    7.48603    -0.0303    13.8155 0.0000e+00  -62.21467  -58.12767 1152335569 189.217247    34.2345 0.0000e+00
    124.000    -0.7175   2.791371    -0.7155   2.791504    7.48344    -0.0256    13.8155 0.0000e+00  -62.21467  -58.12767 1152335570 189.217269    34.2347 0.0000e+00
    125.000    -0.7134   2.791858    -0.7123   2.791886    7.48139    -0.0399    13.8155 0.0000e+00  -62.21467  -58.12767 1152335572 189.217290    34.2360 0.0000e+00
    126.000    -0.7116   2.792088    -0.7108   2.792098    7.47942    -0.0293    13.8155 0.0000e+00  -62.21467  -58.12767 1152335573 189.217302    34.2363 0.0000e+00
    127.000    -0.7101   2.792275    -0.7091   2.792304    7.47641    -0.0390    13.8155 0.0000e+00  -62.21467  -58.12767 1152335574 189.217312    34.2365 0.0000e+00
    128.000    -0.7103   2.792344    -0.7093   2.792362    7.47394    -0.0359    13.8155 0.0000e+00  -62.21467  -58.12767 1152335575 189.217324    34.2371 0.0000e+00
    129.000    -0.7106   2.792383    -0.7096   2.792406    7.47095    -0.0199    13.8155 0.0000e+00  -62.21467  -58.12767 1152335577 189.217340    34.2374 0.0000e+00
    130.000    -0.7105   2.792451    -0.7096   2.792464    7.46785    -0.0375    13.8155 0.0000e+00  -62.21467  -58.12767 1152335578 189.217357    34.2376 0.0000e+00
    131.000    -0.7104   2.792551    -0.7094   2.792560    7.46468    -0.0219    13.8155 0.0000e+00  -62.21467  -58.12767 1152335579 189.217370    34.2382 0.0000e+00
    132.000    -0.7098   2.792652    -0.7064   2.792882    7.46498    -0.0301    13.8155 0.0000e+00  -62.21467  -58.12767 1152335580 189.217382    34.2383 0.0000e+00
    133.000    -0.7057   2.793081    -0.7037   2.793176    7.46522    -0.0234    13.8155 0.0000e+00  -62.21467  -58.12767 1152335581 189.217394    34.2387 0.0000e+00
    134.000    -0.7040   2.793292    -0.7007   2.793533    7.46672    -0.0209    13.8155 0.0000e+00  -62.21467  -58.12767 1152335583 189.217413    34.2390 0.0000e+00
    135.000    -0.7024   2.793489    -0.7012   2.793528    7.46688    -0.0421    13.8155 0.0000e+00  -62.21467  -58.12767 1152335585 189.217434    34.2393 0.0000e+00
    136.000    -0.7021   2.793568    -0.7013   2.793562    7.46602    -0.0230    13.8155 0.0000e+00  -62.21467  -58.12767 1152335586 189.217448    34.2394 0.0000e+00
    137.000    -0.7027   2.793558    -0.7016   2.793580    7.46458    -0.0297    13.8155 0.0000e+00  -62.21467  -58.12767 1152335587 189.217461    34.2393 0.0000e+00
    138.000    -0.7046   2.793468    -0.7036   2.793474    7.46247    -0.0239    13.8155 0.0000e+00  -62.21467  -58.12767 1152335588 189.217473    34.2398 0.0000e+00
    139.000    -0.7039   2.793597    -0.7024   2.793669    7.46262    -0.0383    13.8155 0.0000e+00  -62.21467  -58.12767 1152335589 189.217485    34.2401 0.0000e+00
    140.000    -0.7047   2.793559    -0.7031   2.793620    7.46255    -0.0052    13.8155 0.0000e+00  -62.21467  -58.12767 1152335590 189.217498    34.2399 0.0000e+00
    141.000    -0.7039   2.793717    -0.7032   2.793695    7.46046    -0.0278    13.8155 0.0000e+00  -62.21467  -58.12767 1152335591 189.217512    34.2405 0.0000e+00
    142.000    -0.7030   2.793853    -0.7026   2.793803    7.45813    -0.0236    13.8155 0.0000e+00  -62.21467  -58.12767 1152335593 189.217527    34.2406 0.0000e+00
    143.000    -0.7022   2.793996    -0.7013   2.793999    7.45286    -0.0348    13.8155 0.0000e+00  -62.21467  -58.12767 1152335594 189.217546    34.2410 0.0000e+00
    144.000    -0.7016   2.794115    -0.7003   2.794151    7.44875    -0.0365    13.8155 0.0000e+00  -62.21467  -58.12767 1152335596 189.217565    34.2413 0.0000e+00
    145.000    -0.7021   2.794103    -0.7007   2.794159    7.44718    -0.0190    13.8155 0.0000e+00  -62.21467  -58.12767 1152335597 189.217578    34.2411 0.0000e+00
    146.000    -0.7011   2.794267    -0.7001   2.794300    7.44752    -0.0181    13.8155 0.0000e+00  -62.21467  -58.12767 1152335598 189.217590    34.2417 0.0000e+00
    147.000    -0.7013   2.794326    -0.7004   2.794344    7.44689    -0.0277    13.8155 0.0000e+00  -62.21467  -58.12767 1152335599 189.217602    34.2420 0.0000e+00
    148.000    -0.7016   2.794354    -0.7007   2.794368    7.44607    -0.0234    13.8155 0.0000e+00  -62.21467  -58.12767 1152335600 189.217616    34.2422 0.0000e+00
    149.000    -0.7019   2.794381    -0.7010   2.794386    7.44197    -0.0322    13.8155 0.0000e+00  -62.21467  -58.12767 1152335602 189.217632    34.2422 0.0000e+00
    150.000    -0.7023   2.794423    -0.7012   2.794436    7.43746    -0.0277    13.8155 0.0000e+00  -62.21467  -58.12767 1152335603 189.217649    34.2427 0.0000e+00
    151.000    -0.7023   2.794483    -0.7013   2.794494    7.43609    -0.0298    13.8155 0.0000e+00  -62.21467  -58.12767 1152335605 189.217665    34.2429 0.0000e+00
    152.000    -0.7017   2.794607    -0.7008   2.794615    7.43542    -0.0138    13.8155 0.0000e+00  -62.21467  -58.12767 1152335606 189.217679    34.2433 0.0000e+00
    153.000    -0.7017   2.794648    -0.7008   2.794654    7.43390    -0.0177    13.8155 0.0000e+00  -62.21467  -58.12767 1152335607 189.217693    34.2432 0.0000e+00
    154.000    -0.7013   2.794776    -0.7001   2.794781    7.43408    -0.0166    13.8155 0.0000e+00  -62.21467  -58.12767 1152335608 189.217706    34.2438 0.0000e+00
    155.000    -0.7011   2.794836    -0.7002   2.794848    7.43394    -0.0228    13.8155 0.0000e+00  -62.21467  -58.12767 1152335610 189.217721    34.2438 0.0000e+00
    156.000    -0.7011   2.794886    -0.7002   2.794897    7.43270    -0.0087    13.8155 0.0000e+00  -62.21467  -58.12767 1152335611 189.217741    34.2439 0.0000e+00
    157.000    -0.7003   2.795054    -0.6997   2.795012    7.42747    -0.0253    13.8155 0.0000e+00  -62.21467  -58.12767 1152335613 189.217758    34.2446 0.0000e+00
    158.000    -0.6956   2.795617    -0.6951   2.795555    7.42347    -0.0323    13.8155 0.0000e+00  -62.21467  -58.12767 1152335614 189.217772    34.2463 0.0000e+00
    159.000    -0.6885   2.796435    -0.6874   2.796452    7.41511    -0.0183    13.8155 0.0000e+00  -62.21467  -58.12767 1152335615 189.217783    34.2485 0.0000e+00
    160.000    -0.6824   2.797158    -0.6815   2.797127    7.40875    -0.0186    13.8155 0.0000e+00  -62.21467  -58.12767 1152335616 189.217795    34.2506 0.0000e+00
    161.000    -0.6767   2.797817    -0.6759   2.797796    7.40199    -0.0309    13.8155 0.0000e+00  -62.21467  -58.12767 1152335617 189.217808    34.2521 0.0000e+00
    162.000    -0.6803   2.797496    -0.6805   2.797394    7.39681    -0.0128    13.8155 0.0000e+00  -62.21467  -58.12767 1152335618 189.217824    34.2515 0.0000e+00
    163.000    -0.6809   2.797495    -0.6799   2.797506    7.39118    -0.0084    13.8155 0.0000e+00  -62.21467  -58.12767 1152335620 189.217841    34.2516 0.0000e+00
    164.000    -0.6789   2.797760    -0.6779   2.797746    7.38383    -0.0168    13.8155 0.0000e+00  -62.21467  -58.12767 1152335621 189.217859    34.2524 0.0000e+00
    165.000    -0.6735   2.798329    -0.6726   2.798321    7.38057    -0.0140    13.8155 0.0000e+00  -62.21467  -58.12767 1152335623 189.217876    34.2531 0.0000e+00
    166.000    -0.6736   2.798369    -0.6731   2.798330    7.37700     0.0030    13.8155 0.0000e+00  -62.21467  -58.12767 1152335624 189.217892    34.2533 0.0000e+00
    167.000    -0.6722   2.798558    -0.6708   2.798604    7.37242    -0.0072    13.8155 0.0000e+00  -62.21467  -58.12767 1152335625 189.217905    34.2537 0.0000e+00
    168.000    -0.6730   2.798519    -0.6724   2.798498    7.36938    -0.0217    13.8155 0.0000e+00  -62.21467  -58.12767 1152335626 189.217917    34.2536 0.0000e+00
    169.000    -0.6693   2.798918    -0.6695   2.798815    7.36298     0.0056    13.8155 0.0000e+00  -62.21467  -58.12767 1152335628 189.217931    34.2540 0.0000e+00
    170.000    -0.6696   2.798923    -0.6697   2.798838    7.35926    -0.0044    13.8155 0.0000e+00  -62.21467  -58.12767 1152335629 189.217944    34.2538 0.0000e+00
    171.000    -0.6711   2.798822    -0.6701   2.798838    7.35930    -0.0151    13.8155 0.0000e+00  -62.21467  -58.12767 1152335630 189.217959    34.2537 0.0000e+00
    172.000    -0.6640   2.799575    -0.6589   2.799888    7.33787    -0.0029    13.8155 0.0000e+00  -62.21467  -58.12767 1152335631 189.217976    34.2552 0.0000e+00
    173.000    -0.6324   2.802788    -0.6264   2.803164    7.31661     0.0000    13.8155 0.0000e+00  -62.21467  -58.12767 1152335633 189.217993    34.2613 0.0000e+00
    174.000    -0.6176   2.804355    -0.6224   2.803648    7.28406    -0.0005    13.8155 0.0000e+00  -62.21467  -58.12767 1152335634 189.218010    34.2652 0.0000e+00
    175.000    -0.5553   2.810589    -0.5548   2.810392    7.24618     0.0101    13.8155 0.0000e+00  -62.21467  -58.12767 1152335636 189.218027    34.2761 0.0000e+00
    176.000    -0.5297   2.813174    -0.5255   2.813325    7.21397    -0.0052    13.8155 0.0000e+00  -62.21467  -58.12767 1152335637 189.218041    34.2811 0.0000e+00
    177.000    -0.5083   2.815284    -0.5084   2.815050    7.19192     0.0047    13.8155 0.0000e+00  -62.21467  -58.12767 1152335638 189.218052    34.2841 0.0000e+00
    178.000    -0.5025   2.815883    -0.5013   2.815834    7.17189    -0.0050    13.8155 0.0000e+00  -62.21467  -58.12767 1152335639 189.218063    34.2852 0.0000e+00
    179.000    -0.4970   2.816477    -0.4953   2.816436    7.15426     0.0034    13.8155 0.0000e+00  -62.21467  -58.12767 1152335640 189.218076    34.2868 0.0000e+00
    180.000    -0.4886   2.817290    -0.4881   2.817175    7.13196    -0.0031    13.8155 0.0000e+00  -62.21467  -58.12767 1152335642 189.218095    34.2879 0.0000e+00
    181.000    -0.4779   2.818387    -0.4759   2.818402    7.11223    -0.0031    13.8155 0.0000e+00  -62.21467  -58.12767 1152335644 189.218114    34.2904 0.0000e+00
    182.000    -0.4696   2.819214    -0.4684   2.819172    7.09757    -0.0037    13.8155 0.0000e+00  -62.21467  -58.12767 1152335645 189.218129    34.2916 0.0000e+00
    183.000    -0.4582   2.820378    -0.4574   2.820259    7.08501    -0.0016    13.8155 0.0000e+00  -62.21467  -58.12767 1152335646 189.218141    34.2939 0.0000e+00
    184.000    -0.4440   2.821763    -0.4433   2.821668    7.07428    -0.0031    13.8155 0.0000e+00  -62.21467  -58.12767 1152335647 189.218156    34.2955 0.0000e+00
    185.000    -0.4441   2.821805    -0.4431   2.821754    7.06596    -0.0037    13.8155 0.0000e+00  -62.21467  -58.12767 1152335649 189.218173    34.2959 0.0000e+00
    186.000    -0.4422   2.822028    -0.4407   2.822006    7.06152    -0.0056    13.8155 0.0000e+00  -62.21467  -58.12767 1152335650 189.218190    34.2965 0.0000e+00
    187.000    -0.4407   2.822203    -0.4396   2.822166    7.05742     0.0066    13.8155 0.0000e+00  -62.21467  -58.12767 1152335651 189.218204    34.2968 0.0000e+00
    188.000    -0.4398   2.822337    -0.4390   2.822273    7.05027     0.0046    13.8155 0.0000e+00  -62.21467  -58.12767 1152335652 189.218216    34.2971 0.0000e+00
    189.000    -0.4395   2.822395    -0.4383   2.822363    7.04749     0.0058    13.8155 0.0000e+00  -62.21467  -58.12767 1152335653 189.218228    34.2972 0.0000e+00
    190.000    -0.4389   2.822491    -0.4375   2.822480    7.04407    -0.0118    13.8155 0.0000e+00  -62.21467  -58.12767 1152335654 189.218241    34.2973 0.0000e+00
    191.000    -0.4383   2.822592    -0.4376   2.822520    7.04078     0.0042    13.8155 0.0000e+00  -62.21467  -58.12767 1152335656 189.218258    34.2976 0.0000e+00
    192.000    -0.4378   2.822681    -0.4374   2.822583    7.03597     0.0174    13.8155 0.0000e+00  -62.21467  -58.12767 1152335658 189.218278    34.2977 0.0000e+00
    193.000    -0.4366   2.822830    -0.4357   2.822787    7.03519     0.0122    13.8155 0.0000e+00  -62.21467  -58.12767 1152335659 189.218294    34.2978 0.0000e+00
