product_data/regression_test/downloaded_data/MDGS/320620060703/ctd/p6609305.ros
* Sea-Bird SBE 9 Data File:
* FileName = D:\Data\Raw\P6609305.dat
* Software Version Seasave Win32 V 5.32
* Temperature SN = 1649
* Conductivity SN = 1431
* Number of Bytes Per Scan = 37
* Number of Voltage Words = 5
* Number of Scans Averaged by the Deck Unit = 1
* NMEA Latitude = 61 07.50 S
* NMEA Longitude = 058 05.51 W
* NMEA UTC (Time) = 03:13:55
** Ship:   Nathaniel B. Palmer nbp
** Cruise:    NBP0603 nbp0606
** Cast #: 05
** Station:   93
** Operator: db
# nquan = 17
# nvalues = 1176                    
# units = specified
# name 0 = prDM: Pressure, Digiquartz [db]
# name 1 = t090C: Temperature [ITS-90, deg C]
# name 2 = c0S/m: Conductivity [S/m]
# name 3 = t190C: Temperature, 2 [ITS-90, deg C]
# name 4 = c1S/m: Conductivity, 2 [S/m]
# name 5 = sbeox0ML/L: Oxygen, SBE 43 [ml/l]
# name 6 = flECO-AFL: Fluorescence, Wetlab ECO-AFL/FL [mg/m^3]
# name 7 = bat: Beam Attenuation, Chelsea/Seatech/Wetlab CStar [1/m]
# name 8 = spar: SPAR/Surface Irradiance
# name 9 = latitude: Latitude [deg]
# name 10 = longitude: Longitude [deg]
# name 11 = timeY: Time, System [seconds]
# name 12 = timeJ: Julian Days
# name 13 = sal00: Salinity [PSU]
# name 14 = scan: scan number
# name 15 = nbf: number of bottles fired
# name 16 = flag:  0.000e+00
# interval = seconds: 0.0416667                   
# start_time = Jul 11 2006 03:14:03
*END*
[from data line 766]
    300.718     1.9391   3.058604     1.9403   3.058884    4.33988    -0.0642    13.8155 0.0000e+00  -61.12500  -58.09183 1152588292 192.142283    34.6540      15608         16  0.000e+00
    300.718     1.9394   3.058628     1.9400   3.058884    4.33984    -0.0211    13.8155 0.0000e+00  -61.12500  -58.09183 1152588292 192.142284    34.6540      15609         16  0.000e+00
    300.680     1.9394   3.058601     1.9403   3.058890    4.34436    -0.0534    13.8155 0.0000e+00  -61.12500  -58.09183 1152588292 192.142284    34.6536      15610         16  0.000e+00
    300.718     1.9391   3.058621     1.9405   3.058902    4.33987    -0.0642    13.8155 0.0000e+00  -61.12500  -58.09183 1152588292 192.142285    34.6542      15611         16  0.000e+00
    300.718     1.9389   3.058635     1.9403   3.058890    4.33988    -0.0749    13.8155 0.0000e+00  -61.12500  -58.09183 1152588292 192.142285    34.6546      15612         16  0.000e+00
    300.651     1.9392   3.058577     1.9400   3.058866    4.33984    -0.0642    13.8155 0.0000e+00  -61.12500  -58.09183 1152588292 192.142286    34.6535      15613         16  0.000e+00
    300.680     1.9389   3.058618     1.9397   3.058896    4.33987    -0.0104    13.8155 0.0000e+00  -61.12500  -58.09183 1152588292 192.142286    34.6544      15614         16  0.000e+00
    300.718     1.9392   3.058618     1.9401   3.058872    4.33986    -0.0426    13.8155 0.0000e+00  -61.12500  -58.09183 1152588292 192.142287    34.6540      15615         16  0.000e+00
    300.651     1.9387   3.058611     1.9397   3.058878    4.33987    -0.0319    13.8155 0.0000e+00  -61.12500  -58.09183 1152588292 192.142287    34.6545      15616         16  0.000e+00
    300.680     1.9391   3.058611     1.9401   3.058902    4.33985    -0.0749    13.8155 0.0000e+00  -61.12500  -58.09183 1152588292 192.142288    34.6541      15617         16  0.000e+00
    300.651     1.9391   3.058594     1.9402   3.058872    4.33984    -0.0534    13.8155 0.0000e+00  -61.12500  -58.09183 1152588292 192.142288    34.6539      15618         16  0.000e+00
    300.651     1.9391   3.058604     1.9400   3.058878    4.33984    -0.0426    13.8155 0.0000e+00  -61.12500  -58.09183 1152588292 192.142289    34.6540      15619         16  0.000e+00
    300.603     1.9394   3.058628     1.9400   3.058884    4.33978    -0.0642    13.8155 0.0000e+00  -61.12500  -58.09183 1152588292 192.142289    34.6540      15620         16  0.000e+00
    300.651     1.9392   3.058597     1.9392   3.058884    4.33983    -0.0534    13.8155 0.0000e+00  -61.12500  -58.09183 1152588292 192.142290    34.6538      15621         16  0.000e+00
    300.651     1.9395   3.058608     1.9400   3.058866    4.33980    -0.0642    13.8155 0.0000e+00  -61.12500  -58.09183 1152588292 192.142290    34.6536      15622         16  0.000e+00
    300.680     1.9392   3.058611     1.9399   3.058854    4.33984    -0.0426    13.8155 0.0000e+00  -61.12500  -58.09183 1152588292 192.142291    34.6540      15623         16  0.000e+00
    300.575     1.9394   3.058611     1.9403   3.058854    4.33976    -0.0642    13.8155 0.0000e+00  -61.12500  -58.09183 1152588292 192.142291    34.6538      15624         16  0.000e+00
    300.651     1.9394   3.058628     1.9402   3.058878    4.33980    -0.0749    13.8155 0.0000e+00  -61.12500  -58.09183 1152588292 192.142292    34.6540      15625         16  0.000e+00
    302.202     1.9383   3.058567     1.9389   3.058831    4.33633    -0.0534    13.8155 0.0000e+00  -61.12500  -58.09183 1152588298 192.142360    34.6536      15766         17  0.000e+00
    302.020     1.9376   3.058560     1.9392   3.058849    4.34081    -0.1180    13.8155 0.0000e+00  -61.12500  -58.09183 1152588298 192.142360    34.6543      15767         17  0.000e+00
    301.991     1.9372   3.058546     1.9392   3.058861    4.34084    -0.1287    13.8155 0.0000e+00  -61.12500  -58.09183 1152588298 192.142361    34.6546      15768         17  0.000e+00
    302.058     1.9378   3.058553     1.9389   3.058897    4.34082    -0.1180    13.8155 0.0000e+00  -61.12500  -58.09183 1152588298 192.142361    34.6540      15769         17  0.000e+00
    302.020     1.9381   3.058598     1.9390   3.058873    4.34075    -0.0857    13.8155 0.0000e+00  -61.12500  -58.09183 1152588298 192.142362    34.6542      15770         17  0.000e+00
    301.991     1.9386   3.058611     1.9394   3.058879    4.34069    -0.0749    13.8155 0.0000e+00  -61.12500  -58.09183 1152588299 192.142362    34.6539      15771         17  0.000e+00
    301.991     1.9383   3.058577     1.9398   3.058885    4.34073    -0.0857    13.8155 0.0000e+00  -61.12500  -58.09183 1152588299 192.142363    34.6538      15772         17  0.000e+00
    302.020     1.9383   3.058618     1.9395   3.058867    4.33620    -0.1072    13.8155 0.0000e+00  -61.12500  -58.09183 1152588299 192.142363    34.6543      15773         17  0.000e+00
    301.915     1.9381   3.058615     1.9398   3.058879    4.33616    -0.0749    13.8155 0.0000e+00  -61.12500  -58.09183 1152588299 192.142364    34.6545      15774         17  0.000e+00
    301.991     1.9386   3.058629     1.9394   3.058861    4.34068    -0.0319    13.8155 0.0000e+00  -61.12500  -58.09183 1152588299 192.142364    34.6541      15775         17  0.000e+00
    301.943     1.9384   3.058618     1.9395   3.058879    4.34067    -0.0426    13.8155 0.0000e+00  -61.12500  -58.09183 1152588299 192.142364    34.6542      15776         17  0.000e+00
    301.915     1.9384   3.058629     1.9395   3.058891    4.34065    -0.0534    13.8155 0.0000e+00  -61.12500  -58.09183 1152588299 192.142365    34.6543      15777         17  0.000e+00
    301.915     1.9384   3.058636     1.9397   3.058903    4.34065    -0.0749    13.8155 0.0000e+00  -61.12500  -58.09183 1152588299 192.142365    34.6544      15778         17  0.000e+00
    301.876     1.9384   3.058577     1.9395   3.058891    4.34064    -0.0857    13.8155 0.0000e+00  -61.12500  -58.09183 1152588299 192.142366    34.6537      15779         17  0.000e+00
    301.915     1.9383   3.058601     1.9400   3.058867    4.34067    -0.0964    13.8155 0.0000e+00  -61.12500  -58.09183 1152588299 192.142366    34.6542      15780         17  0.000e+00
    301.848     1.9380   3.058553     1.9392   3.058897    4.34068    -0.1072    13.8155 0.0000e+00  -61.12500  -58.09183 1152588299 192.142367    34.6539      15781         17  0.000e+00
    301.800     1.9378   3.058481     1.9387   3.058872    4.34069    -0.1072    13.8155 0.0000e+00  -61.12500  -58.09183 1152588299 192.142367    34.6532      15782         17  0.000e+00
    301.848     1.9373   3.058481     1.9386   3.058836    4.34076    -0.0749    13.8155 0.0000e+00  -61.12500  -58.09183 1152588299 192.142368    34.6537      15783         17  0.000e+00
    301.848     1.9374   3.058491     1.9386   3.058824    4.34075    -0.0642    13.8155 0.0000e+00  -61.12500  -58.09183 1152588299 192.142368    34.6537      15784         17  0.000e+00
    301.800     1.9370   3.058525     1.9387   3.058848    4.33622    -0.0319    13.8155 0.0000e+00  -61.12500  -58.09183 1152588299 192.142369    34.6547      15785         17  0.000e+00
    301.781     1.9369   3.058498     1.9386   3.058836    4.34076    -0.0534    13.8155 0.0000e+00  -61.12500  -58.09183 1152588299 192.142369    34.6545      15786         17  0.000e+00
    301.704     1.9373   3.058522     1.9387   3.058824    4.33613    -0.0319    13.8155 0.0000e+00  -61.12500  -58.09183 1152588299 192.142370    34.6543      15787         17  0.000e+00
    301.733     1.9376   3.058539     1.9389   3.058806    4.33611    -0.0319    13.8155 0.0000e+00  -61.12500  -58.09183 1152588299 192.142370    34.6542      15788         17  0.000e+00
    301.781     1.9381   3.058536     1.9389   3.058824    4.33610    -0.0749    13.8155 0.0000e+00  -61.12500  -58.09183 1152588299 192.142371    34.6536      15789         17  0.000e+00
    301.704     1.9381   3.058536     1.9391   3.058848    4.33606    -0.0857    13.8155 0.0000e+00  -61.12500  -58.09183 1152588299 192.142371    34.6536      15790         17  0.000e+00
    301.666     1.9381   3.058591     1.9389   3.058836    4.33601    -0.0534    13.8155 0.0000e+00  -61.12500  -58.09183 1152588299 192.142372    34.6543      15791         17  0.000e+00
    301.637     1.9383   3.058539     1.9388   3.058830    4.33600    -0.0857    13.8155 0.0000e+00  -61.12500  -58.09183 1152588299 192.142372    34.6535      15792         17  0.000e+00
    301.704     1.9383   3.058570     1.9389   3.058824    4.34056    -0.0749    13.8155 0.0000e+00  -61.12500  -58.09183 1152588299 192.142373    34.6539      15793         17  0.000e+00
    301.589     1.9383   3.058567     1.9388   3.058824    4.34049    -0.0749    13.8155 0.0000e+00  -61.12500  -58.09183 1152588300 192.142373    34.6539      15794         17  0.000e+00
    301.637     1.9375   3.058560     1.9389   3.058830    4.34059    -0.0964    13.8155 0.0000e+00  -61.12500  -58.09183 1152588300 192.142374    34.6547      15795         17  0.000e+00
    301.570     1.9381   3.058598     1.9391   3.058848    4.34048    -0.0857    13.8155 0.0000e+00  -61.12500  -58.09183 1152588300 192.142374    34.6545      15796         17  0.000e+00
    301.589     1.9386   3.058577     1.9389   3.058836    4.34046    -0.0857    13.8155 0.0000e+00  -61.12500  -58.09183 1152588300 192.142375    34.6537      15797         17  0.000e+00
    301.570     1.9381   3.058560     1.9388   3.058830    4.34050    -0.0857    13.8155 0.0000e+00  -61.12500  -58.09183 1152588300 192.142375    34.6540      15798         17  0.000e+00
    301.570     1.9381   3.058598     1.9392   3.058800    4.34048    -0.0534    13.8155 0.0000e+00  -61.12500  -58.09183 1152588300 192.142376    34.6545      15799         17  0.000e+00
    301.522     1.9381   3.058591     1.9391   3.058818    4.34046    -0.0642    13.8155 0.0000e+00  -61.12500  -58.09183 1152588300 192.142376    34.6544      15800         17  0.000e+00
    301.494     1.9383   3.058553     1.9390   3.058830    4.34044    -0.0749    13.8155 0.0000e+00  -61.12500  -58.09183 1152588300 192.142377    34.6538      15801         17  0.000e+00
    301.494     1.9381   3.058573     1.9395   3.058824    4.34044    -0.0964    13.8155 0.0000e+00  -61.12500  -58.09183 1152588300 192.142377    34.6542      15802         17  0.000e+00
    301.455     1.9384   3.058587     1.9389   3.058848    4.34039    -0.0749    13.8155 0.0000e+00  -61.12500  -58.09183 1152588300 192.142378    34.6541      15803         17  0.000e+00
    301.350     1.9381   3.058604     1.9395   3.058860    4.34035    -0.0534    13.8155 0.0000e+00  -61.12500  -58.09183 1152588300 192.142378    34.6547      15804         17  0.000e+00
    301.570     1.9387   3.058632     1.9392   3.058854    4.34041    -0.0104    13.8155 0.0000e+00  -61.12500  -58.09183 1152588300 192.142378    34.6542      15805         17  0.000e+00
    301.379     1.9384   3.058618     1.9392   3.058854    4.34033    -0.0104    13.8155 0.0000e+00  -61.12500  -58.09183 1152588300 192.142379    34.6545      15806         17  0.000e+00
    301.427     1.9387   3.058629     1.9389   3.058860    4.33580    -0.0319    13.8155 0.0000e+00  -61.12500  -58.09183 1152588300 192.142379    34.6543      15807         17  0.000e+00
    301.427     1.9387   3.058635     1.9397   3.058854    4.33580    -0.0642    13.8155 0.0000e+00  -61.12500  -58.09183 1152588300 192.142380    34.6543      15808         17  0.000e+00
    301.350     1.9391   3.058618     1.9395   3.058836    4.34026    -0.0857    13.8155 0.0000e+00  -61.12500  -58.09183 1152588300 192.142380    34.6538      15809         17  0.000e+00
    301.379     1.9392   3.058611     1.9394   3.058872    4.34026    -0.0964    13.8155 0.0000e+00  -61.12500  -58.09183 1152588300 192.142381    34.6536      15810         17  0.000e+00
    301.350     1.9392   3.058628     1.9397   3.058902    4.34024    -0.0749    13.8155 0.0000e+00  -61.12500  -58.09183 1152588300 192.142381    34.6538      15811         17  0.000e+00
    301.283     1.9387   3.058635     1.9400   3.058872    4.34024    -0.0642    13.8155 0.0000e+00  -61.12500  -58.09183 1152588300 192.142382    34.6544      15812         17  0.000e+00
    301.379     1.9391   3.058618     1.9394   3.058878    4.34027    -0.0642    13.8155 0.0000e+00  -61.12500  -58.09183 1152588300 192.142382    34.6538      15813         17  0.000e+00
    301.283     1.9394   3.058611     1.9400   3.058860    4.34019    -0.0534    13.8155 0.0000e+00  -61.12500  -58.09183 1152588300 192.142383    34.6534      15814         17  0.000e+00
    301.072     1.9384   3.058591     1.9395   3.058878    4.34016    -0.1072    13.8155 0.0000e+00  -61.12500  -58.09183 1152588307 192.142465    34.6543      15985         18  0.000e+00
    301.072     1.9386   3.058622     1.9395   3.058860    4.34013    -0.0749    13.8155 0.0000e+00  -61.12500  -58.09183 1152588307 192.142466    34.6546      15986         18  0.000e+00
    301.101     1.9386   3.058618     1.9392   3.058854    4.33562    -0.0642    13.8155 0.0000e+00  -61.12500  -58.09183 1152588308 192.142466    34.6545      15987         18  0.000e+00
    301.072     1.9384   3.058594     1.9395   3.058836    4.33563    -0.0642    13.8155 0.0000e+00  -61.12500  -58.09183 1152588308 192.142467    34.6544      15988         18  0.000e+00
    301.216     1.9387   3.058587     1.9392   3.058824    4.33569    -0.0749    13.8155 0.0000e+00  -61.12500  -58.09183 1152588308 192.142467    34.6539      15989         18  0.000e+00
    301.168     1.9384   3.058567     1.9386   3.058806    4.34022    -0.1072    13.8155 0.0000e+00  -61.12500  -58.09183 1152588308 192.142468    34.6540      15990         18  0.000e+00
    301.216     1.9384   3.058563     1.9386   3.058842    4.33572    -0.0964    13.8155 0.0000e+00  -61.12500  -58.09183 1152588308 192.142468    34.6539      15991         18  0.000e+00
    301.216     1.9381   3.058560     1.9383   3.058830    4.33575    -0.0534    13.8155 0.0000e+00  -61.12500  -58.09183 1152588308 192.142469    34.6542      15992         18  0.000e+00
    301.312     1.9381   3.058539     1.9387   3.058848    4.33582    -0.0426    13.8155 0.0000e+00  -61.12500  -58.09183 1152588308 192.142469    34.6539      15993         18  0.000e+00
    301.216     1.9380   3.058591     1.9394   3.058836    4.33575    -0.0749    13.8155 0.0000e+00  -61.12500  -58.09183 1152588308 192.142470    34.6547      15994         18  0.000e+00
    301.350     1.9378   3.058560     1.9387   3.058824    4.34039    -0.0749    13.8155 0.0000e+00  -61.12500  -58.09183 1152588308 192.142470    34.6545      15995         18  0.000e+00
    301.235     1.9375   3.058518     1.9388   3.058806    4.34037    -0.0857    13.8155 0.0000e+00  -61.12500  -58.09183 1152588308 192.142471    34.6544      15996         18  0.000e+00
    301.350     1.9376   3.058546     1.9384   3.058824    4.34041    -0.1072    13.8155 0.0000e+00  -61.12500  -58.09183 1152588308 192.142471    34.6545      15997         18  0.000e+00
    301.350     1.9376   3.058580     1.9388   3.058848    4.33587    -0.0857    13.8155 0.0000e+00  -61.12500  -58.09183 1152588308 192.142472    34.6549      15998         18  0.000e+00
    301.379     1.9376   3.058553     1.9386   3.058854    4.33590    -0.0534    13.8155 0.0000e+00  -61.12500  -58.09183 1152588308 192.142472    34.6545      15999         18  0.000e+00
    301.427     1.9373   3.058573     1.9385   3.058836    4.34047    -0.0319    13.8155 0.0000e+00  -61.12500  -58.09183 1152588308 192.142473    34.6551      16000         18  0.000e+00
    301.427     1.9380   3.058587     1.9389   3.058824    4.33588    -0.0319    13.8155 0.0000e+00  -61.12500  -58.09183 1152588308 192.142473    34.6546      16001         18  0.000e+00
    301.455     1.9380   3.058567     1.9392   3.058824    4.33591    -0.0642    13.8155 0.0000e+00  -61.12500  -58.09183 1152588308 192.142473    34.6543      16002         18  0.000e+00
