product_data/regression_test/downloaded_data/MDGS/320620060703/ctd/p6609311.ros
* Sea-Bird SBE 9 Data File:
* FileName = D:\Data\Raw\p6609311.dat
* Software Version Seasave Win32 V 5.32
* Temperature SN = 1649
* Conductivity SN = 1431
* Number of Bytes Per Scan = 37
* Number of Voltage Words = 5
* Number of Scans Averaged by the Deck Unit = 1
* NMEA Latitude = 61 07.50 S
* NMEA Longitude = 058 05.61 W
* NMEA UTC (Time) = 11:04:14
** Ship:   Nathaniel B. Palmer nbp
** Cruise:    NBP0606 nbp0606
# nquan = 17
# nvalues = 1176                    
# units = specified
# name 0 = prDM: Pressure, Digiquartz [db]
# name 1 = t090C: Temperature [ITS-90, deg C]
# name 2 = c0S/m: Conductivity [S/m]
# name 3 = t190C: Temperature, 2 [ITS-90, deg C]
# name 4 = c1S/m: Conductivity, 2 [S/m]
# name 5 = sbeox0ML/L: Oxygen, SBE 43 [ml/l]
# name 6 = flECO-AFL: Fluorescence, Wetlab ECO-AFL/FL [mg/m^3]
# name 7 = bat: Beam Attenuation, Chelsea/Seatech/Wetlab CStar [1/m]
# name 8 = spar: SPAR/Surface Irradiance
# name 9 = latitude: Latitude [deg]
# name 10 = longitude: Longitude [deg]
# name 11 = timeY: Time, System [seconds]
# name 12 = timeJ: Julian Days
# name 13 = sal00: Salinity [PSU]
# name 14 = scan: scan number
# name 15 = nbf: number of bottles fired
# name 16 = flag:  0.000e+00
# interval = seconds: 0.0416667                   
# start_time = Jul 11 2006 11:04:21
*END*
[from data line 426]
   3001.851     0.4983   3.049230     0.4984   3.049494    1.52812    -0.0749    13.8155 0.0000e+00  -61.12500  -58.09350 1152619939 192.508569    34.6988      97906          9  0.000e+00
   3001.851     0.4978   3.049240     0.4984   3.049494    1.52814    -0.1287    13.8155 0.0000e+00  -61.12500  -58.09350 1152619939 192.508570    34.6994      97907          9  0.000e+00
   3001.851     0.4988   3.049247     0.4989   3.049470    1.52809    -0.1502    13.8155 0.0000e+00  -61.12500  -58.09350 1152619939 192.508570    34.6985      97908          9  0.000e+00
   3001.851     0.4980   3.049226     0.4985   3.049506    1.52814    -0.1395    13.8155 0.0000e+00  -61.12500  -58.09350 1152619939 192.508571    34.6991      97909          9  0.000e+00
   3001.851     0.4983   3.049260     0.4985   3.049506    1.52811    -0.1072    13.8155 0.0000e+00  -61.12500  -58.09350 1152619939 192.508571    34.6991      97910          9  0.000e+00
   3001.851     0.4981   3.049274     0.4989   3.049470    1.52813    -0.1287    13.8155 0.0000e+00  -61.12500  -58.09350 1152619939 192.508572    34.6995      97911          9  0.000e+00
   3001.851     0.4978   3.049254     0.4982   3.049506    1.52814    -0.1718    13.8155 0.0000e+00  -61.12500  -58.09350 1152619939 192.508572    34.6996      97912          9  0.000e+00
   3001.851     0.4980   3.049209     0.4985   3.049476    1.52814    -0.1180    13.8155 0.0000e+00  -61.12500  -58.09350 1152619939 192.508573    34.6988      97913          9  0.000e+00
   3001.851     0.4983   3.049254     0.4987   3.049488    1.52812    -0.1180    13.8155 0.0000e+00  -61.12500  -58.09350 1152619939 192.508573    34.6991      97914          9  0.000e+00
   3001.921     0.4980   3.049233     0.4985   3.049500    1.52815    -0.1287    13.8155 0.0000e+00  -61.12500  -58.09350 1152619939 192.508573    34.6991      97915          9  0.000e+00
   3001.851     0.4980   3.049278     0.4990   3.049518    1.52813    -0.0857    13.8155 0.0000e+00  -61.12500  -58.09350 1152619939 192.508574    34.6997      97916          9  0.000e+00
   3001.851     0.4984   3.049257     0.4984   3.049524    1.52811    -0.1287    13.8155 0.0000e+00  -61.12500  -58.09350 1152619939 192.508574    34.6990      97917          9  0.000e+00
   3001.851     0.4983   3.049226     0.4990   3.049482    1.52812    -0.1502    13.8155 0.0000e+00  -61.12500  -58.09350 1152619939 192.508575    34.6987      97918          9  0.000e+00
   3001.851     0.4981   3.049240     0.4987   3.049506    1.52813    -0.1502    13.8155 0.0000e+00  -61.12500  -58.09350 1152619939 192.508575    34.6991      97919          9  0.000e+00
   3001.851     0.4981   3.049226     0.4989   3.049482    1.52813    -0.1287    13.8155 0.0000e+00  -61.12500  -58.09350 1152619939 192.508576    34.6989      97920          9  0.000e+00
   3001.325     0.5000   3.049326     0.4995   3.049554    1.52790    -0.1180    13.8155 0.0000e+00  -61.12500  -58.09350 1152619944 192.508627    34.6984      98025         10  0.000e+00
   3001.166     0.5000   3.049322     0.4996   3.049596    1.52787    -0.1287    13.8155 0.0000e+00  -61.12500  -58.09350 1152619944 192.508627    34.6984      98026         10  0.000e+00
   3001.245     0.4999   3.049301     0.4996   3.049566    1.52790    -0.1180    13.8155 0.0000e+00  -61.12500  -58.09350 1152619944 192.508628    34.6983      98027         10  0.000e+00
   3001.176     0.4999   3.049332     0.4998   3.049596    1.52788    -0.1072    13.8155 0.0000e+00  -61.12500  -58.09350 1152619944 192.508628    34.6987      98028         10  0.000e+00
   3001.166     0.4995   3.049325     0.4998   3.049566    1.52790    -0.0749    13.8155 0.0000e+00  -61.12500  -58.09350 1152619944 192.508628    34.6990      98029         10  0.000e+00
   3001.096     0.4997   3.049339     0.4998   3.049572    1.52787    -0.1072    13.8155 0.0000e+00  -61.12500  -58.09350 1152619944 192.508629    34.6990      98030         10  0.000e+00
   3001.096     0.4997   3.049325     0.5003   3.049584    1.52787    -0.1180    13.8155 0.0000e+00  -61.12500  -58.09350 1152619944 192.508629    34.6988      98031         10  0.000e+00
   3001.096     0.4997   3.049322     0.4998   3.049560    1.52787    -0.0964    13.8155 0.0000e+00  -61.12500  -58.09350 1152619944 192.508630    34.6988      98032         10  0.000e+00
   3001.017     0.5002   3.049339     0.5003   3.049572    1.52783    -0.1180    13.8155 0.0000e+00  -61.12500  -58.09350 1152619944 192.508630    34.6985      98033         10  0.000e+00
   3001.027     0.4997   3.049325     0.5001   3.049578    1.52786    -0.1395    13.8155 0.0000e+00  -61.12500  -58.09350 1152619944 192.508631    34.6989      98034         10  0.000e+00
   3001.017     0.4999   3.049339     0.4999   3.049578    1.52784    -0.0964    13.8155 0.0000e+00  -61.12500  -58.09350 1152619944 192.508631    34.6988      98035         10  0.000e+00
   3000.947     0.5003   3.049325     0.4998   3.049602    1.52781    -0.0426    13.8155 0.0000e+00  -61.12500  -58.09350 1152619944 192.508632    34.6982      98036         10  0.000e+00
   3000.937     0.4998   3.049322     0.4996   3.049566    1.52783    -0.1072    13.8155 0.0000e+00  -61.12500  -58.09350 1152619944 192.508632    34.6987      98037         10  0.000e+00
   3000.868     0.4996   3.049339     0.5001   3.049572    1.52783    -0.1180    13.8155 0.0000e+00  -61.12500  -58.09350 1152619944 192.508633    34.6992      98038         10  0.000e+00
   3000.877     0.4997   3.049308     0.4999   3.049536    1.52783    -0.0749    13.8155 0.0000e+00  -61.12500  -58.09350 1152619944 192.508633    34.6987      98039         10  0.000e+00
   3000.868     0.4998   3.049332     0.4996   3.049566    1.52782    -0.0749    13.8155 0.0000e+00  -61.12500  -58.09350 1152619944 192.508634    34.6989      98040         10  0.000e+00
   3000.788     0.4997   3.049346     0.5003   3.049536    1.52780    -0.0857    13.8155 0.0000e+00  -61.12500  -58.09350 1152619944 192.508634    34.6992      98041         10  0.000e+00
   3000.798     0.4997   3.049308     0.4998   3.049542    1.52781    -0.1180    13.8155 0.0000e+00  -61.12500  -58.09350 1152619944 192.508635    34.6988      98042         10  0.000e+00
   3000.718     0.4996   3.049332     0.4996   3.049572    1.52780    -0.1610    13.8155 0.0000e+00  -61.12500  -58.09350 1152619945 192.508635    34.6992      98043         10  0.000e+00
   3000.788     0.5002   3.049325     0.4999   3.049560    1.52778    -0.1395    13.8155 0.0000e+00  -61.12500  -58.09350 1152619945 192.508636    34.6984      98044         10  0.000e+00
   3000.639     0.5000   3.049301     0.4996   3.049554    1.52776    -0.0749    13.8155 0.0000e+00  -61.12500  -58.09350 1152619945 192.508636    34.6984      98045         10  0.000e+00
   3000.718     0.4997   3.049298     0.4999   3.049554    1.52780    -0.1072    13.8155 0.0000e+00  -61.12500  -58.09350 1152619945 192.508637    34.6986      98046         10  0.000e+00
   3000.639     0.5000   3.049315     0.4996   3.049554    1.52776    -0.1502    13.8155 0.0000e+00  -61.12500  -58.09350 1152619945 192.508637    34.6986      98047         10  0.000e+00
   3000.559     0.4997   3.049322     0.4998   3.049530    1.52776    -0.1395    13.8155 0.0000e+00  -61.12500  -58.09350 1152619945 192.508638    34.6990      98048         10  0.000e+00
   3000.569     0.5002   3.049339     0.5001   3.049524    1.52773    -0.1502    13.8155 0.0000e+00  -61.12500  -58.09350 1152619945 192.508638    34.6987      98049         10  0.000e+00
   3000.559     0.4998   3.049346     0.4999   3.049560    1.52775    -0.1718    13.8155 0.0000e+00  -61.12500  -58.09350 1152619945 192.508639    34.6992      98050         10  0.000e+00
   3000.559     0.5000   3.049346     0.4996   3.049578    1.52774    -0.1287    13.8155 0.0000e+00  -61.12500  -58.09350 1152619945 192.508639    34.6990      98051         10  0.000e+00
   3000.490     0.5000   3.049325     0.5003   3.049578    1.52773    -0.0642    13.8155 0.0000e+00  -61.12500  -58.09350 1152619945 192.508640    34.6988      98052         10  0.000e+00
   3000.490     0.4998   3.049322     0.4999   3.049602    1.52774    -0.0964    13.8155 0.0000e+00  -61.12500  -58.09350 1152619945 192.508640    34.6989      98053         10  0.000e+00
   3000.490     0.5002   3.049301     0.4998   3.049566    1.52772    -0.1395    13.8155 0.0000e+00  -61.12500  -58.09350 1152619945 192.508641    34.6983      98054         10  0.000e+00
   3000.420     0.4997   3.049370     0.5001   3.049572    1.52772    -0.1502    13.8155 0.0000e+00  -61.12500  -58.09350 1152619945 192.508641    34.6997      98055         10  0.000e+00
   3000.410     0.4994   3.049339     0.4998   3.049578    1.52774    -0.1072    13.8155 0.0000e+00  -61.12500  -58.09350 1152619945 192.508641    34.6997      98056         10  0.000e+00
   3000.331     0.5003   3.049301     0.5001   3.049578    1.52768    -0.1180    13.8155 0.0000e+00  -61.12500  -58.09350 1152619945 192.508642    34.6982      98057         10  0.000e+00
   3000.341     0.4995   3.049315     0.5001   3.049560    1.52772    -0.0857    13.8155 0.0000e+00  -61.12500  -58.09350 1152619945 192.508642    34.6992      98058         10  0.000e+00
   3000.331     0.4999   3.049322     0.5003   3.049554    1.52770    -0.0857    13.8155 0.0000e+00  -61.12500  -58.09350 1152619945 192.508643    34.6989      98059         10  0.000e+00
   3000.331     0.4997   3.049322     0.4996   3.049554    1.52771    -0.0857    13.8155 0.0000e+00  -61.12500  -58.09350 1152619945 192.508643    34.6991      98060         10  0.000e+00
   3000.271     0.4992   3.049339     0.5003   3.049554    1.52772    -0.1180    13.8155 0.0000e+00  -61.12500  -58.09350 1152619945 192.508644    34.6999      98061         10  0.000e+00
   3000.261     0.5002   3.049325     0.4995   3.049572    1.52767    -0.1395    13.8155 0.0000e+00  -61.12500  -58.09350 1152619945 192.508644    34.6987      98062         10  0.000e+00
   3000.261     0.5000   3.049322     0.5004   3.049560    1.52768    -0.1072    13.8155 0.0000e+00  -61.12500  -58.09350 1152619945 192.508645    34.6988      98063         10  0.000e+00
   3000.192     0.5000   3.049322     0.5001   3.049554    1.52767    -0.0749    13.8155 0.0000e+00  -61.12500  -58.09350 1152619945 192.508645    34.6989      98064         10  0.000e+00
   3000.182     0.5002   3.049301     0.5004   3.049554    1.52766    -0.0857    13.8155 0.0000e+00  -61.12500  -58.09350 1152619945 192.508646    34.6984      98065         10  0.000e+00
   3000.182     0.4998   3.049332     0.5003   3.049572    1.52767    -0.0857    13.8155 0.0000e+00  -61.12500  -58.09350 1152619945 192.508646    34.6992      98066         10  0.000e+00
   3000.192     0.5002   3.049325     0.5003   3.049560    1.52766    -0.0534    13.8155 0.0000e+00  -61.12500  -58.09350 1152619945 192.508647    34.6987      98067         10  0.000e+00
   3000.112     0.5002   3.049322     0.5001   3.049554    1.52764    -0.1287    13.8155 0.0000e+00  -61.12500  -58.09350 1152619946 192.508647    34.6987      98068         10  0.000e+00
   3000.112     0.4997   3.049339     0.5003   3.049554    1.52766    -0.1610    13.8155 0.0000e+00  -61.12500  -58.09350 1152619946 192.508648    34.6995      98069         10  0.000e+00
   3000.112     0.4999   3.049308     0.5005   3.049554    1.52766    -0.1610    13.8155 0.0000e+00  -61.12500  -58.09350 1152619946 192.508648    34.6989      98070         10  0.000e+00
   3000.112     0.4999   3.049315     0.4999   3.049572    1.52766    -0.1502    13.8155 0.0000e+00  -61.12500  -58.09350 1152619946 192.508649    34.6990      98071         10  0.000e+00
   3000.112     0.5000   3.049301     0.5001   3.049536    1.52765    -0.1502    13.8155 0.0000e+00  -61.12500  -58.09350 1152619946 192.508649    34.6987      98072         10  0.000e+00
   3000.043     0.4999   3.049315     0.4996   3.049542    1.52764    -0.1072    13.8155 0.0000e+00  -61.12500  -58.09350 1152619946 192.508650    34.6990      98073         10  0.000e+00
   3002.380     0.4983   3.049285     0.4984   3.049494    1.52823    -0.0749    13.8155 0.0000e+00  -61.12500  -58.09350 1152619950 192.508701    34.6992      98179         11  0.000e+00
   3002.300     0.4983   3.049257     0.4987   3.049518    1.52821    -0.0964    13.8155 0.0000e+00  -61.12500  -58.09350 1152619950 192.508701    34.6989      98180         11  0.000e+00
   3002.390     0.4983   3.049247     0.4987   3.049524    1.52823    -0.1502    13.8155 0.0000e+00  -61.12500  -58.09350 1152619950 192.508702    34.6987      98181         11  0.000e+00
   3002.300     0.4981   3.049285     0.4987   3.049524    1.52822    -0.1180    13.8155 0.0000e+00  -61.12500  -58.09350 1152619950 192.508702    34.6995      98182         11  0.000e+00
   3002.459     0.4981   3.049257     0.4990   3.049542    1.52825    -0.1502    13.8155 0.0000e+00  -61.12500  -58.09350 1152619950 192.508703    34.6990      98183         11  0.000e+00
   3002.459     0.4983   3.049226     0.4987   3.049530    1.52825    -0.1825    13.8155 0.0000e+00  -61.12500  -58.09350 1152619950 192.508703    34.6984      98184         11  0.000e+00
   3002.380     0.4981   3.049261     0.4991   3.049524    1.52824    -0.1287    13.8155 0.0000e+00  -61.12500  -58.09350 1152619950 192.508704    34.6991      98185         11  0.000e+00
   3002.529     0.4985   3.049274     0.4990   3.049524    1.52825    -0.0749    13.8155 0.0000e+00  -61.12500  -58.09350 1152619950 192.508704    34.6988      98186         11  0.000e+00
   3002.459     0.4984   3.049292     0.4990   3.049506    1.52823    -0.1072    13.8155 0.0000e+00  -61.12500  -58.09350 1152619950 192.508705    34.6991      98187         11  0.000e+00
   3002.459     0.4985   3.049278     0.4993   3.049494    1.52823    -0.1395    13.8155 0.0000e+00  -61.12500  -58.09350 1152619951 192.508705    34.6989      98188         11  0.000e+00
   3002.529     0.4980   3.049292     0.4987   3.049512    1.52827    -0.1072    13.8155 0.0000e+00  -61.12500  -58.09350 1152619951 192.508706    34.6995      98189         11  0.000e+00
   3002.539     0.4983   3.049298     0.4987   3.049524    1.52826    -0.0964    13.8155 0.0000e+00  -61.12500  -58.09350 1152619951 192.508706    34.6993      98190         11  0.000e+00
   3002.529     0.4985   3.049278     0.4982   3.049524    1.52825    -0.0857    13.8155 0.0000e+00  -61.12500  -58.09350 1152619951 192.508707    34.6989      98191         11  0.000e+00
   3002.539     0.4983   3.049292     0.4989   3.049506    1.52826    -0.1072    13.8155 0.0000e+00  -61.12500  -58.09350 1152619951 192.508707    34.6993      98192         11  0.000e+00
   3002.529     0.4983   3.049278     0.4987   3.049536    1.52826    -0.1180    13.8155 0.0000e+00  -61.12500  -58.09350 1152619951 192.508708    34.6990      98193         11  0.000e+00
   3002.608     0.4981   3.049292     0.4987   3.049530    1.52828    -0.1180    13.8155 0.0000e+00  -61.12500  -58.09350 1152619951 192.508708    34.6993      98194         11  0.000e+00
   3002.539     0.4981   3.049257     0.4987   3.049506    1.52827    -0.1395    13.8155 0.0000e+00  -61.12500  -58.09350 1152619951 192.508709    34.6990      98195         11  0.000e+00
   3002.608     0.4986   3.049268     0.4985   3.049536    1.52826    -0.1180    13.8155 0.0000e+00  -61.12500  -58.09350 1152619951 192.508709    34.6985      98196         11  0.000e+00
   3002.529     0.4986   3.049309     0.4989   3.049530    1.52823    -0.0964    13.8155 0.0000e+00  -61.12500  -58.09350 1152619951 192.508709    34.6991      98197         11  0.000e+00
   3002.618     0.4987   3.049264     0.4987   3.049506    1.52826    -0.0642    13.8155 0.0000e+00  -61.12500  -58.09350 1152619951 192.508710    34.6984      98198         11  0.000e+00
