product_data/regression_test/downloaded_data/MDGS/320620060703/ctd/p6607601.ros
* Sea-Bird SBE 9 Data File:
* FileName = D:\Data\Raw\p6607601.dat
* Software Version Seasave Win32 V 5.32
* Temperature SN = 1649
* Conductivity SN = 1431
* Number of Bytes Per Scan = 37
* Number of Voltage Words = 5
* Number of Scans Averaged by the Deck Unit = 1
* NMEA Latitude = 62 16.73 S
* NMEA Longitude = 058 05.18 W
* NMEA UTC (Time) = 15:51:28
** Ship:   Nathaniel B. Palmer 
** Cruise:    NBP0606 
# nquan = 17
# nvalues = 1176                    
# units = specified
# name 0 = prDM: Pressure, Digiquartz [db]
# name 1 = t090C: Temperature [ITS-90, deg C]
# name 2 = c0S/m: Conductivity [S/m]
# name 3 = t190C: Temperature, 2 [ITS-90, deg C]
# name 4 = c1S/m: Conductivity, 2 [S/m]
# name 5 = sbeox0ML/L: Oxygen, SBE 43 [ml/l]
# name 6 = flECO-AFL: Fluorescence, Wetlab ECO-AFL/FL [mg/m^3]
# name 7 = bat: Beam Attenuation, Chelsea/Seatech/Wetlab CStar [1/m]
# name 8 = spar: SPAR/Surface Irradiance
# name 9 = latitude: Latitude [deg]
# name 10 = longitude: Longitude [deg]
# name 11 = timeY: Time, System [seconds]
# name 12 = timeJ: Julian Days
# name 13 = sal00: Salinity [PSU]
# name 14 = scan: scan number
# name 15 = nbf: number of bottles fired
# name 16 = flag:  0.000e+00
# interval = seconds: 0.0416667                   
# start_time = Jul 08 2006 15:51:36
*END*
[from data line 171]
    757.757    -0.6971   2.844151    -0.6965   2.844177    2.57234    -0.1610    13.8155 5.8444e+00  -62.27883  -58.08633 1152377270 189.699903    34.5398      81015          4  0.000e+00
    757.689    -0.6975   2.844181    -0.6969   2.844166    2.56719    -0.1287    13.8155 5.8444e+00  -62.27883  -58.08633 1152377270 189.699903    34.5407      81016          4  0.000e+00
    757.737    -0.6971   2.844178    -0.6967   2.844160    2.56718    -0.1180    13.8155 5.8444e+00  -62.27883  -58.08633 1152377270 189.699904    34.5401      81017          4  0.000e+00
    757.757    -0.6975   2.844205    -0.6963   2.844177    2.57235    -0.0857    13.8155 3.8963e+00  -62.27883  -58.08633 1152377270 189.699904    34.5410      81018          4  0.000e+00
    757.689    -0.6977   2.844185    -0.6965   2.844189    2.57234    -0.1180    13.8155 3.8963e+00  -62.27883  -58.08633 1152377270 189.699905    34.5409      81019          4  0.000e+00
    757.689    -0.6968   2.844171    -0.6970   2.844166    2.56715    -0.1933    13.8155 3.8963e+00  -62.27883  -58.08633 1152377270 189.699905    34.5398      81020          4  0.000e+00
    757.689    -0.6972   2.844191    -0.6967   2.844160    2.56717    -0.1933    13.8155 5.8444e+00  -62.27883  -58.08633 1152377270 189.699905    34.5405      81021          4  0.000e+00
    757.612    -0.6972   2.844178    -0.6967   2.844160    2.56715    -0.1610    13.8155 5.8444e+00  -62.27883  -58.08633 1152377270 189.699906    34.5404      81022          4  0.000e+00
    757.689    -0.6971   2.844171    -0.6967   2.844160    2.57230    -0.1395    13.8155 5.8444e+00  -62.27883  -58.08633 1152377270 189.699906    34.5401      81023          4  0.000e+00
    757.612    -0.6967   2.844191    -0.6967   2.844142    2.57224    -0.1072    13.8155 5.8444e+00  -62.27883  -58.08633 1152377270 189.699907    34.5399      81024          4  0.000e+00
    757.689    -0.6971   2.844191    -0.6970   2.844136    2.57230    -0.0857    13.8155 5.8444e+00  -62.27883  -58.08633 1152377270 189.699907    34.5404      81025          4  0.000e+00
    757.612    -0.6969   2.844195    -0.6966   2.844154    2.57226    -0.0857    13.8155 5.8444e+00  -62.27883  -58.08633 1152377270 189.699908    34.5403      81026          4  0.000e+00
    757.612    -0.6966   2.844208    -0.6968   2.844142    2.57224    -0.0964    13.8155 5.8444e+00  -62.27883  -58.08633 1152377270 189.699908    34.5401      81027          4  0.000e+00
    757.612    -0.6965   2.844185    -0.6969   2.844154    2.57223    -0.0964    13.8155 5.8444e+00  -62.27883  -58.08633 1152377270 189.699909    34.5397      81028          4  0.000e+00
    757.545    -0.6971   2.844221    -0.6970   2.844142    2.57224    -0.0964    13.8155 5.8444e+00  -62.27883  -58.08633 1152377270 189.699909    34.5408      81029          4  0.000e+00
    757.612    -0.6968   2.844188    -0.6968   2.844154    2.57225    -0.1072    13.8155 5.8444e+00  -62.27883  -58.08633 1152377271 189.699910    34.5400      81030          4  0.000e+00
    757.612    -0.6969   2.844208    -0.6969   2.844160    2.56712    -0.1395    13.8155 5.8444e+00  -62.27883  -58.08633 1152377271 189.699910    34.5404      81031          4  0.000e+00
    757.545    -0.6968   2.844198    -0.6971   2.844125    2.56709    -0.1502    13.8155 5.8444e+00  -62.27883  -58.08633 1152377271 189.699911    34.5402      81032          4  0.000e+00
    757.545    -0.6967   2.844195    -0.6966   2.844148    2.56708    -0.1395    13.8155 5.8444e+00  -62.27883  -58.08633 1152377271 189.699911    34.5400      81033          4  0.000e+00
    757.545    -0.6961   2.844208    -0.6967   2.844142    2.56704    -0.0964    13.8155 5.8444e+00  -62.27883  -58.08633 1152377271 189.699912    34.5396      81034          4  0.000e+00
    757.612    -0.6965   2.844235    -0.6970   2.844154    2.57222    -0.0964    13.8155 5.8444e+00  -62.27883  -58.08633 1152377271 189.699912    34.5403      81035          4  0.000e+00
    757.478    -0.6963   2.844205    -0.6967   2.844160    2.56703    -0.1180    13.8155 5.8444e+00  -62.27883  -58.08633 1152377271 189.699913    34.5398      81036          4  0.000e+00
    757.545    -0.6970   2.844231    -0.6966   2.844183    2.57223    -0.0749    13.8155 5.8444e+00  -62.27883  -58.08633 1152377271 189.699913    34.5408      81037          4  0.000e+00
    757.545    -0.6965   2.844238    -0.6970   2.844148    2.56706    -0.0857    13.8155 5.8444e+00  -62.27883  -58.08633 1152377271 189.699914    34.5404      81038          4  0.000e+00
    757.545    -0.6968   2.844208    -0.6969   2.844136    2.56708    -0.1072    13.8155 5.8444e+00  -62.27883  -58.08633 1152377271 189.699914    34.5403      81039          4  0.000e+00
    506.035    -0.6294   2.835717    -0.6336   2.835334    2.43677    -0.1610    13.8155 3.8963e+00  -62.27883  -58.08633 1152377629 189.704059    34.4998      89633          5  0.000e+00
    506.035    -0.6288   2.835730    -0.6339   2.835298    2.43673    -0.1502    13.8155 3.8963e+00  -62.27883  -58.08633 1152377629 189.704059    34.4993      89634          5  0.000e+00
    506.083    -0.6288   2.835710    -0.6339   2.835281    2.44171    -0.1502    13.8155 3.8963e+00  -62.27883  -58.08633 1152377629 189.704060    34.4991      89635          5  0.000e+00
    506.035    -0.6302   2.835674    -0.6339   2.835263    2.43683    -0.1395    13.8155 3.8963e+00  -62.27883  -58.08633 1152377629 189.704060    34.5001      89636          5  0.000e+00
    506.035    -0.6308   2.835610    -0.6339   2.835228    2.43688    -0.1072    13.8155 3.8963e+00  -62.27883  -58.08633 1152377629 189.704061    34.5000      89637          5  0.000e+00
    506.035    -0.6316   2.835627    -0.6347   2.835228    2.43692    -0.0642    13.8155 3.8963e+00  -62.27883  -58.08633 1152377629 189.704061    34.5011      89638          5  0.000e+00
    506.035    -0.6319   2.835571    -0.6356   2.835223    2.43696    -0.1395    13.8155 3.8963e+00  -62.27883  -58.08633 1152377629 189.704062    34.5007      89639          5  0.000e+00
    506.006    -0.6321   2.835551    -0.6353   2.835205    2.43696    -0.1933    13.8155 3.8963e+00  -62.27883  -58.08633 1152377629 189.704062    34.5006      89640          5  0.000e+00
    506.035    -0.6316   2.835564    -0.6352   2.835176    2.43694    -0.1502    13.8155 3.8963e+00  -62.27883  -58.08633 1152377629 189.704062    34.5002      89641          5  0.000e+00
    506.035    -0.6313   2.835620    -0.6357   2.835135    2.43691    -0.1610    13.8155 3.8963e+00  -62.27883  -58.08633 1152377629 189.704063    34.5007      89642          5  0.000e+00
    506.035    -0.6316   2.835587    -0.6364   2.835077    2.43693    -0.1502    13.8155 3.8963e+00  -62.27883  -58.08633 1152377629 189.704063    34.5005      89643          5  0.000e+00
    506.006    -0.6321   2.835484    -0.6359   2.835065    2.43698    -0.0964    13.8155 5.8444e+00  -62.27883  -58.08633 1152377629 189.704064    34.4997      89644          5  0.000e+00
    505.958    -0.6327   2.835474    -0.6361   2.835065    2.43700    -0.1072    13.8155 5.8444e+00  -62.27883  -58.08633 1152377629 189.704064    34.5003      89645          5  0.000e+00
    506.035    -0.6323   2.835514    -0.6367   2.835065    2.43700    -0.1180    13.8155 3.8963e+00  -62.27883  -58.08633 1152377629 189.704065    34.5004      89646          5  0.000e+00
    506.035    -0.6323   2.835527    -0.6372   2.835024    2.43700    -0.1395    13.8155 3.8963e+00  -62.27883  -58.08633 1152377629 189.704065    34.5006      89647          5  0.000e+00
    506.006    -0.6311   2.835577    -0.6373   2.834995    2.44186    -0.1395    13.8155 5.8444e+00  -62.27883  -58.08633 1152377630 189.704066    34.4999      89648          5  0.000e+00
    505.958    -0.6301   2.835574    -0.6373   2.834983    2.44178    -0.1395    13.8155 3.8963e+00  -62.27883  -58.08633 1152377630 189.704066    34.4987      89649          5  0.000e+00
    506.035    -0.6297   2.835670    -0.6382   2.834948    2.43680    -0.1502    13.8155 3.8963e+00  -62.27883  -58.08633 1152377630 189.704067    34.4996      89650          5  0.000e+00
    506.035    -0.6290   2.835724    -0.6381   2.834895    2.43674    -0.1395    13.8155 3.8963e+00  -62.27883  -58.08633 1152377630 189.704067    34.4994      89651          5  0.000e+00
    505.958    -0.6292   2.835680    -0.6379   2.834895    2.43674    -0.1287    13.8155 3.8963e+00  -62.27883  -58.08633 1152377630 189.704068    34.4992      89652          5  0.000e+00
    506.007    -0.6303   2.835644    -0.6370   2.834907    2.43683    -0.1180    13.8155 5.8444e+00  -62.27883  -58.08633 1152377630 189.704068    34.4999      89653          5  0.000e+00
    506.035    -0.6302   2.835640    -0.6373   2.834925    2.43683    -0.1180    13.8155 5.8444e+00  -62.27883  -58.08633 1152377630 189.704069    34.4997      89654          5  0.000e+00
    506.035    -0.6297   2.835690    -0.6373   2.834930    2.43679    -0.1287    13.8155 5.8444e+00  -62.27883  -58.08633 1152377630 189.704069    34.4998      89655          5  0.000e+00
    505.959    -0.6295   2.835707    -0.6373   2.834948    2.44171    -0.1395    13.8155 5.8444e+00  -62.27883  -58.08633 1152377630 189.704070    34.4998      89656          5  0.000e+00
    506.007    -0.6302   2.835707    -0.6369   2.835001    2.44177    -0.1287    13.8155 5.8444e+00  -62.27883  -58.08633 1152377630 189.704070    34.5006      89657          5  0.000e+00
    506.035    -0.6306   2.835740    -0.6370   2.834989    2.43684    -0.0857    13.8155 5.8444e+00  -62.27883  -58.08633 1152377630 189.704071    34.5015      89658          5  0.000e+00
    506.035    -0.6300   2.835753    -0.6369   2.835006    2.43680    -0.1072    13.8155 5.8444e+00  -62.27883  -58.08633 1152377630 189.704071    34.5010      89659          5  0.000e+00
    505.959    -0.6302   2.835770    -0.6364   2.835030    2.43678    -0.0749    13.8155 5.8444e+00  -62.27883  -58.08633 1152377630 189.704072    34.5015      89660          5  0.000e+00
    506.007    -0.6290   2.835843    -0.6367   2.835018    2.43670    -0.1180    13.8155 5.8444e+00  -62.27883  -58.08633 1152377630 189.704072    34.5010      89661          5  0.000e+00
    506.035    -0.6301   2.835847    -0.6369   2.835030    2.43678    -0.1395    13.8155 5.8444e+00  -62.27883  -58.08633 1152377630 189.704073    34.5023      89662          5  0.000e+00
    506.035    -0.6313   2.835773    -0.6373   2.835001    2.43687    -0.1395    13.8155 5.8444e+00  -62.27883  -58.08633 1152377630 189.704073    34.5027      89663          5  0.000e+00
    505.959    -0.6314   2.835650    -0.6367   2.834983    2.43688    -0.1395    13.8155 5.8444e+00  -62.27883  -58.08633 1152377630 189.704074    34.5013      89664          5  0.000e+00
    506.035    -0.6316   2.835617    -0.6369   2.835030    2.43693    -0.1287    13.8155 5.8444e+00  -62.27883  -58.08633 1152377630 189.704074    34.5009      89665          5  0.000e+00
    506.007    -0.6334   2.835567    -0.6370   2.835077    2.44201    -0.1180    13.8155 5.8444e+00  -62.27883  -58.08633 1152377630 189.704075    34.5024      89666          5  0.000e+00
    506.036    -0.6350   2.835481    -0.6367   2.835094    2.44213    -0.1072    13.8155 5.8444e+00  -62.27883  -58.08633 1152377630 189.704075    34.5030      89667          5  0.000e+00
    506.036    -0.6353   2.835371    -0.6363   2.835088    2.43722    -0.0857    13.8155 5.8444e+00  -62.27883  -58.08633 1152377630 189.704076    34.5018      89668          5  0.000e+00
    506.036    -0.6356   2.835344    -0.6364   2.835112    2.43725    -0.0749    13.8155 5.8444e+00  -62.27883  -58.08633 1152377630 189.704076    34.5019      89669          5  0.000e+00
    506.007    -0.6365   2.835324    -0.6364   2.835141    2.43730    -0.0857    13.8155 5.8444e+00  -62.27883  -58.08633 1152377630 189.704076    34.5026      89670          5  0.000e+00
    506.036    -0.6362   2.835354    -0.6359   2.835170    2.43728    -0.1287    13.8155 5.8444e+00  -62.27883  -58.08633 1152377631 189.704077    34.5027      89671          5  0.000e+00
    506.036    -0.6362   2.835368    -0.6353   2.835252    2.44224    -0.1180    13.8155 5.8444e+00  -62.27883  -58.08633 1152377631 189.704077    34.5028      89672          5  0.000e+00
    506.036    -0.6356   2.835384    -0.6343   2.835304    2.44220    -0.1287    13.8155 3.8963e+00  -62.27883  -58.08633 1152377631 189.704078    34.5024      89673          5  0.000e+00
    506.036    -0.6356   2.835338    -0.6339   2.835369    2.44221    -0.1395    13.8155 3.8963e+00  -62.27883  -58.08633 1152377631 189.704078    34.5018      89674          5  0.000e+00
    506.084    -0.6354   2.835304    -0.6345   2.835369    2.43726    -0.1395    13.8155 3.8963e+00  -62.27883  -58.08633 1152377631 189.704079    34.5011      89675          5  0.000e+00
    506.036    -0.6352   2.835314    -0.6344   2.835380    2.43722    -0.1287    13.8155 3.8963e+00  -62.27883  -58.08633 1152377631 189.704079    34.5009      89676          5  0.000e+00
    506.036    -0.6356   2.835371    -0.6338   2.835351    2.43724    -0.1395    13.8155 3.8963e+00  -62.27883  -58.08633 1152377631 189.704080    34.5022      89677          5  0.000e+00
    506.036    -0.6338   2.835421    -0.6333   2.835293    2.43711    -0.1072    13.8155 3.8963e+00  -62.27883  -58.08633 1152377631 189.704080    34.5008      89678          5  0.000e+00
    506.007    -0.6334   2.835484    -0.6338   2.835304    2.43707    -0.1072    13.8155 3.8963e+00  -62.27883  -58.08633 1152377631 189.704081    34.5013      89679          5  0.000e+00
    506.036    -0.6331   2.835517    -0.6335   2.835328    2.44201    -0.1287    13.8155 3.8963e+00  -62.27883  -58.08633 1152377631 189.704081    34.5013      89680          5  0.000e+00
    506.103    -0.6323   2.835544    -0.6327   2.835398    2.44198    -0.1072    13.8155 3.8963e+00  -62.27883  -58.08633 1152377631 189.704082    34.5008      89681          5  0.000e+00
    506.103    -0.6323   2.835504    -0.6327   2.835486    2.43702    -0.0534    13.8155 3.8963e+00  -62.27883  -58.08633 1152377632 189.704090    34.5001      89699          6  0.000e+00
    506.103    -0.6325   2.835504    -0.6323   2.835497    2.43704    -0.0749    13.8155 3.8963e+00  -62.27883  -58.08633 1152377632 189.704091    34.5004      89700          6  0.000e+00
    506.084    -0.6322   2.835521    -0.6320   2.835538    2.43701    -0.0857    13.8155 3.8963e+00  -62.27883  -58.08633 1152377632 189.704091    34.5003      89701          6  0.000e+00
    505.959    -0.6327   2.835507    -0.6312   2.835526    2.43699    -0.1180    13.8155 3.8963e+00  -62.27883  -58.08633 1152377632 189.704092    34.5007      89702          6  0.000e+00
    506.036    -0.6328   2.835504    -0.6306   2.835561    2.43703    -0.1395    13.8155 3.8963e+00  -62.27883  -58.08633 1152377632 189.704092    34.5008      89703          6  0.000e+00
    506.036    -0.6334   2.835484    -0.6303   2.835655    2.43708    -0.1395    13.8155 3.8963e+00  -62.27883  -58.08633 1152377632 189.704093    34.5012      89704          6  0.000e+00
    506.007    -0.6328   2.835497    -0.6303   2.835702    2.44198    -0.1395    13.8155 3.8963e+00  -62.27883  -58.08633 1152377632 189.704093    34.5008      89705          6  0.000e+00
    506.103    -0.6325   2.835504    -0.6293   2.835748    2.43704    -0.1180    13.8155 3.8963e+00  -62.27883  -58.08633 1152377632 189.704094    34.5005      89706          6  0.000e+00
    506.036    -0.6328   2.835484    -0.6292   2.835766    2.43704    -0.1180    13.8155 3.8963e+00  -62.27883  -58.08633 1152377632 189.704094    34.5006      89707          6  0.000e+00
    506.036    -0.6328   2.835461    -0.6301   2.835743    2.43704    -0.1072    13.8155 3.8963e+00  -62.27883  -58.08633 1152377632 189.704095    34.5003      89708          6  0.000e+00
