product_data/regression_test/downloaded_data/MDGS/320620060703/ctd/p6608001.ros
* Sea-Bird SBE 9 Data File:
* FileName = D:\Data\Raw\P6608001.dat
* Software Version Seasave Win32 V 5.32
* Temperature SN = 1649
* Conductivity SN = 1431
* Number of Bytes Per Scan = 37
* Number of Voltage Words = 5
* Number of Scans Averaged by the Deck Unit = 1
* NMEA Latitude = 62 21.59 S
* NMEA Longitude = 058 02.34 W
* NMEA UTC (Time) = 07:48:11
** Ship:   Nathaniel B. Palmer 
** Cruise:    NBP0603 p0606
** Cast #: 01
** Station:   80
** Operator: 
# nquan = 17
# nvalues = 1176                    
# units = specified
# name 0 = prDM: Pressure, Digiquartz [db]
# name 1 = t090C: Temperature [ITS-90, deg C]
# name 2 = c0S/m: Conductivity [S/m]
# name 3 = t190C: Temperature, 2 [ITS-90, deg C]
# name 4 = c1S/m: Conductivity, 2 [S/m]
# name 5 = sbeox0ML/L: Oxygen, SBE 43 [ml/l]
# name 6 = flECO-AFL: Fluorescence, Wetlab ECO-AFL/FL [mg/m^3]
# name 7 = bat: Beam Attenuation, Chelsea/Seatech/Wetlab CStar [1/m]
# name 8 = spar: SPAR/Surface Irradiance
# name 9 = latitude: Latitude [deg]
# name 10 = longitude: Longitude [deg]
# name 11 = timeY: Time, System [seconds]
# name 12 = timeJ: Julian Days
# name 13 = sal00: Salinity [PSU]
# name 14 = scan: scan number
# name 15 = nbf: number of bottles fired
# name 16 = flag:  0.000e+00
# interval = seconds: 0.0416667                   
# start_time = Jul 09 2006 07:48:19
*END*
[from data line 1022]
     50.255    -1.6799   2.704550    -1.6805   2.704631    7.88562     0.0112    13.8155 0.0000e+00  -62.35983  -58.03900 1152435683 190.375983    34.1894     105263         21  0.000e+00
     50.255    -1.6796   2.704560    -1.6799   2.704608    7.88556     0.0327    13.8155 0.0000e+00  -62.35983  -58.03900 1152435683 190.375983    34.1892     105264         21  0.000e+00
     50.255    -1.6796   2.704573    -1.6808   2.704631    7.88555     0.0219    13.8155 0.0000e+00  -62.35983  -58.03900 1152435683 190.375984    34.1893     105265         21  0.000e+00
     50.189    -1.6796   2.704517    -1.6800   2.704649    7.89032     0.0219    13.8155 0.0000e+00  -62.35983  -58.03900 1152435683 190.375984    34.1886     105266         21  0.000e+00
     50.189    -1.6802   2.704504    -1.6802   2.704637    7.88562     0.0112    13.8155 0.0000e+00  -62.35983  -58.03900 1152435683 190.375985    34.1891     105267         21  0.000e+00
     50.189    -1.6799   2.704498    -1.6802   2.704649    7.88559     0.0112    13.8155 0.0000e+00  -62.35983  -58.03900 1152435683 190.375985    34.1887     105268         21  0.000e+00
     50.112    -1.6797   2.704504    -1.6800   2.704654    7.88547     0.0004    13.8155 0.0000e+00  -62.35983  -58.03900 1152435683 190.375986    34.1886     105269         21  0.000e+00
     50.469    -1.6796   2.704592    -1.6792   2.704844    7.88097    -0.0104    13.8155 0.0000e+00  -62.35983  -58.03900 1152435690 190.376072    34.1895     105448         22  0.000e+00
     50.259    -1.6796   2.704586    -1.6797   2.704855    7.88074     0.0219    13.8155 0.0000e+00  -62.35983  -58.03900 1152435690 190.376073    34.1895     105449         22  0.000e+00
     50.402    -1.6797   2.704592    -1.6796   2.704861    7.88092     0.0112    13.8155 0.0000e+00  -62.35983  -58.03900 1152435691 190.376073    34.1897     105450         22  0.000e+00
     50.335    -1.6799   2.704605    -1.6791   2.704861    7.88086    -0.0211    13.8155 0.0000e+00  -62.35983  -58.03900 1152435691 190.376073    34.1901     105451         22  0.000e+00
     50.259    -1.6796   2.704599    -1.6797   2.704861    7.88074     0.0004    13.8155 0.0000e+00  -62.35983  -58.03900 1152435691 190.376074    34.1897     105452         22  0.000e+00
     50.469    -1.6794   2.704605    -1.6794   2.704878    7.88093     0.0327    13.8155 0.0000e+00  -62.35983  -58.03900 1152435691 190.376074    34.1895     105453         22  0.000e+00
     50.335    -1.6796   2.704599    -1.6794   2.704878    7.88082    -0.0104    13.8155 0.0000e+00  -62.35983  -58.03900 1152435691 190.376075    34.1896     105454         22  0.000e+00
     50.335    -1.6794   2.704586    -1.6796   2.704901    7.87600     0.0327    13.8155 0.0000e+00  -62.35983  -58.03900 1152435691 190.376075    34.1893     105455         22  0.000e+00
     50.402    -1.6799   2.704615    -1.6791   2.704913    7.88093     0.0650    13.8155 0.0000e+00  -62.35983  -58.03900 1152435691 190.376076    34.1902     105456         22  0.000e+00
     50.335    -1.6797   2.704602    -1.6794   2.704873    7.88084     0.0327    13.8155 0.0000e+00  -62.35983  -58.03900 1152435691 190.376076    34.1898     105457         22  0.000e+00
     50.335    -1.6797   2.704605    -1.6796   2.704861    7.88083    -0.0104    13.8155 0.0000e+00  -62.35983  -58.03900 1152435691 190.376077    34.1899     105458         22  0.000e+00
     50.335    -1.6797   2.704615    -1.6794   2.704878    7.88083     0.0004    13.8155 0.0000e+00  -62.35983  -58.03900 1152435691 190.376077    34.1900     105459         22  0.000e+00
     50.259    -1.6796   2.704592    -1.6799   2.704867    7.87594     0.0112    13.8155 0.0000e+00  -62.35983  -58.03900 1152435691 190.376078    34.1896     105460         22  0.000e+00
     50.402    -1.6797   2.704625    -1.6792   2.704873    7.88089     0.0327    13.8155 0.0000e+00  -62.35983  -58.03900 1152435691 190.376078    34.1901     105461         22  0.000e+00
     50.259    -1.6796   2.704631    -1.6797   2.704861    7.88071     0.0112    13.8155 0.0000e+00  -62.35983  -58.03900 1152435691 190.376079    34.1901     105462         22  0.000e+00
     50.402    -1.6794   2.704602    -1.6797   2.704844    7.88086     0.0219    13.8155 0.0000e+00  -62.35983  -58.03900 1152435691 190.376079    34.1895     105463         22  0.000e+00
     50.259    -1.6796   2.704586    -1.6797   2.704838    7.88075     0.0434    13.8155 0.0000e+00  -62.35983  -58.03900 1152435691 190.376080    34.1895     105464         22  0.000e+00
     50.335    -1.6796   2.704615    -1.6797   2.704873    7.87600     0.0219    13.8155 0.0000e+00  -62.35983  -58.03900 1152435691 190.376080    34.1899     105465         22  0.000e+00
     50.402    -1.6797   2.704602    -1.6794   2.704867    7.88091     0.0219    13.8155 0.0000e+00  -62.35983  -58.03900 1152435691 190.376081    34.1898     105466         22  0.000e+00
     50.259    -1.6793   2.704618    -1.6794   2.704878    7.87587     0.0004    13.8155 0.0000e+00  -62.35983  -58.03900 1152435691 190.376081    34.1896     105467         22  0.000e+00
     50.335    -1.6798   2.704638    -1.6797   2.704878    7.88081     0.0327    13.8155 0.0000e+00  -62.35983  -58.03900 1152435691 190.376082    34.1904     105468         22  0.000e+00
     50.335    -1.6796   2.704583    -1.6791   2.704884    7.88083     0.0542    13.8155 0.0000e+00  -62.35983  -58.03900 1152435691 190.376082    34.1894     105469         22  0.000e+00
     50.335    -1.6797   2.704573    -1.6792   2.704890    7.88086     0.0542    13.8155 0.0000e+00  -62.35983  -58.03900 1152435691 190.376083    34.1894     105470         22  0.000e+00
     50.335    -1.6799   2.704583    -1.6792   2.704890    7.88088     0.0219    13.8155 0.0000e+00  -62.35983  -58.03900 1152435691 190.376083    34.1898     105471         22  0.000e+00
     50.259    -1.6798   2.704592    -1.6791   2.704867    7.88077     0.0327    13.8155 0.0000e+00  -62.35983  -58.03900 1152435691 190.376084    34.1898     105472         22  0.000e+00
     50.336    -1.6802   2.704570    -1.6796   2.704896    7.88094     0.0434    13.8155 0.0000e+00  -62.35983  -58.03900 1152435691 190.376084    34.1899     105473         22  0.000e+00
     50.336    -1.6803   2.704596    -1.6792   2.704896    7.88094     0.0327    13.8155 0.0000e+00  -62.35983  -58.03900 1152435691 190.376085    34.1905     105474         22  0.000e+00
     50.336    -1.6797   2.704615    -1.6794   2.704890    7.88083     0.0004    13.8155 0.0000e+00  -62.35983  -58.03900 1152435692 190.376085    34.1900     105475         22  0.000e+00
     50.259    -1.6799   2.704609    -1.6794   2.704878    7.88078    -0.0319    13.8155 0.0000e+00  -62.35983  -58.03900 1152435692 190.376086    34.1902     105476         22  0.000e+00
     50.336    -1.6801   2.704648    -1.6796   2.704884    7.88085     0.0004    13.8155 0.0000e+00  -62.35983  -58.03900 1152435692 190.376086    34.1909     105477         22  0.000e+00
     50.336    -1.6794   2.704635    -1.6792   2.704890    7.88077    -0.0319    13.8155 0.0000e+00  -62.35983  -58.03900 1152435692 190.376087    34.1900     105478         22  0.000e+00
     50.336    -1.6794   2.704651    -1.6794   2.704890    7.88075    -0.0211    13.8155 0.0000e+00  -62.35983  -58.03900 1152435692 190.376087    34.1902     105479         22  0.000e+00
     50.336    -1.6793   2.704635    -1.6789   2.704890    7.88074     0.0004    13.8155 0.0000e+00  -62.35983  -58.03900 1152435692 190.376087    34.1898     105480         22  0.000e+00
     50.259    -1.6796   2.704618    -1.6794   2.704867    7.88072     0.0650    13.8155 0.0000e+00  -62.35983  -58.03900 1152435692 190.376088    34.1900     105481         22  0.000e+00
     50.336    -1.6793   2.704641    -1.6792   2.704878    7.88074     0.1080    13.8155 0.0000e+00  -62.35983  -58.03900 1152435692 190.376088    34.1899     105482         22  0.000e+00
     50.336    -1.6796   2.704641    -1.6792   2.704861    7.88078     0.0327    13.8155 0.0000e+00  -62.35983  -58.03900 1152435692 190.376089    34.1902     105483         22  0.000e+00
     50.336    -1.6798   2.704599    -1.6796   2.704878    7.88084    -0.0104    13.8155 0.0000e+00  -62.35983  -58.03900 1152435692 190.376089    34.1898     105484         22  0.000e+00
     50.336    -1.6797   2.704635    -1.6792   2.704890    7.88081    -0.0211    13.8155 0.0000e+00  -62.35983  -58.03900 1152435692 190.376090    34.1903     105485         22  0.000e+00
     50.326    -1.6796   2.704625    -1.6796   2.704890    7.88079    -0.0319    13.8155 0.0000e+00  -62.35983  -58.03900 1152435692 190.376090    34.1900     105486         22  0.000e+00
     50.259    -1.6794   2.704625    -1.6791   2.704890    7.88069    -0.0534    13.8155 0.0000e+00  -62.35983  -58.03900 1152435692 190.376091    34.1899     105487         22  0.000e+00
     50.336    -1.6798   2.704618    -1.6794   2.704890    7.88083    -0.0964    13.8155 0.0000e+00  -62.35983  -58.03900 1152435692 190.376091    34.1901     105488         22  0.000e+00
     50.336    -1.6797   2.704625    -1.6796   2.704907    7.88082    -0.0104    13.8155 0.0000e+00  -62.35983  -58.03900 1152435692 190.376092    34.1902     105489         22  0.000e+00
     50.336    -1.6797   2.704638    -1.6789   2.704884    7.88081     0.0004    13.8155 0.0000e+00  -62.35983  -58.03900 1152435692 190.376092    34.1903     105490         22  0.000e+00
     50.336    -1.6799   2.704631    -1.6792   2.704901    7.88084     0.0219    13.8155 0.0000e+00  -62.35983  -58.03900 1152435692 190.376093    34.1905     105491         22  0.000e+00
     50.260    -1.6796   2.704651    -1.6791   2.704873    7.88070     0.0434    13.8155 0.0000e+00  -62.35983  -58.03900 1152435692 190.376093    34.1904     105492         22  0.000e+00
     50.336    -1.6797   2.704622    -1.6797   2.704896    7.88082     0.0112    13.8155 0.0000e+00  -62.35983  -58.03900 1152435692 190.376094    34.1901     105493         22  0.000e+00
     50.336    -1.6801   2.704638    -1.6792   2.704896    7.88086     0.0219    13.8155 0.0000e+00  -62.35983  -58.03900 1152435692 190.376094    34.1907     105494         22  0.000e+00
     50.336    -1.6796   2.704625    -1.6792   2.704890    7.88080     0.0219    13.8155 0.0000e+00  -62.35983  -58.03900 1152435692 190.376095    34.1900     105495         22  0.000e+00
     50.260    -1.6796   2.704641    -1.6791   2.704867    7.88071     0.0434    13.8155 0.0000e+00  -62.35983  -58.03900 1152435692 190.376095    34.1903     105496         22  0.000e+00
      9.969    -1.6904   2.701272    -1.6902   2.701515    7.94110     0.0112    13.8155 0.0000e+00  -62.35983  -58.03900 1152435811 190.377470    34.1816     108346         23  0.000e+00
      9.940    -1.6908   2.701269    -1.6905   2.701527    7.93636    -0.0104    13.8155 0.0000e+00  -62.35983  -58.03900 1152435811 190.377470    34.1821     108347         23  0.000e+00
      9.902    -1.6907   2.701269    -1.6901   2.701492    7.94107    -0.0211    13.8155 0.0000e+00  -62.35983  -58.03900 1152435811 190.377471    34.1820     108348         23  0.000e+00
      9.940    -1.6907   2.701237    -1.6907   2.701515    7.94114     0.0004    13.8155 0.0000e+00  -62.35983  -58.03900 1152435811 190.377471    34.1815     108349         23  0.000e+00
      9.940    -1.6907   2.701256    -1.6903   2.701515    7.94112     0.0219    13.8155 0.0000e+00  -62.35983  -58.03900 1152435811 190.377472    34.1818     108350         23  0.000e+00
      9.902    -1.6907   2.701285    -1.6902   2.701509    7.94106    -0.0211    13.8155 0.0000e+00  -62.35983  -58.03900 1152435811 190.377472    34.1822     108351         23  0.000e+00
      9.940    -1.6904   2.701292    -1.6904   2.701527    7.94105     0.0112    13.8155 0.0000e+00  -62.35983  -58.03900 1152435811 190.377473    34.1819     108352         23  0.000e+00
     10.007    -1.6902   2.701292    -1.6903   2.701550    7.94110     0.0757    13.8155 0.0000e+00  -62.35983  -58.03900 1152435812 190.377473    34.1817     108353         23  0.000e+00
      9.902    -1.6901   2.701272    -1.6904   2.701538    7.93620     0.0112    13.8155 0.0000e+00  -62.35983  -58.03900 1152435812 190.377473    34.1813     108354         23  0.000e+00
      9.940    -1.6904   2.701318    -1.6901   2.701532    7.94103     0.0219    13.8155 0.0000e+00  -62.35983  -58.03900 1152435812 190.377474    34.1822     108355         23  0.000e+00
      9.940    -1.6905   2.701318    -1.6901   2.701532    7.93628     0.0542    13.8155 0.0000e+00  -62.35983  -58.03900 1152435812 190.377474    34.1824     108356         23  0.000e+00
      9.969    -1.6902   2.701279    -1.6902   2.701550    7.94106     0.0327    13.8155 0.0000e+00  -62.35983  -58.03900 1152435812 190.377475    34.1815     108357         23  0.000e+00
      9.940    -1.6902   2.701253    -1.6898   2.701538    7.94105     0.0004    13.8155 0.0000e+00  -62.35983  -58.03900 1152435812 190.377475    34.1812     108358         23  0.000e+00
      9.940    -1.6902   2.701279    -1.6901   2.701532    7.93626    -0.0104    13.8155 0.0000e+00  -62.35983  -58.03900 1152435812 190.377476    34.1815     108359         23  0.000e+00
      9.969    -1.6907   2.701272    -1.6904   2.701550    7.93637     0.0219    13.8155 0.0000e+00  -62.35983  -58.03900 1152435812 190.377476    34.1820     108360         23  0.000e+00
      9.940    -1.6910   2.701269    -1.6898   2.701538    7.94117     0.0650    13.8155 0.0000e+00  -62.35983  -58.03900 1152435812 190.377477    34.1823     108361         23  0.000e+00
      9.940    -1.6904   2.701253    -1.6901   2.701515    7.94108     0.0219    13.8155 0.0000e+00  -62.35983  -58.03900 1152435812 190.377477    34.1814     108362         23  0.000e+00
      9.969    -1.6907   2.701298    -1.6902   2.701527    7.94112     0.0112    13.8155 0.0000e+00  -62.35983  -58.03900 1152435812 190.377478    34.1823     108363         23  0.000e+00
      9.940    -1.6908   2.701279    -1.6903   2.701550    7.94113    -0.0319    13.8155 0.0000e+00  -62.35983  -58.03900 1152435812 190.377478    34.1822     108364         23  0.000e+00
      9.940    -1.6899   2.701302    -1.6901   2.701538    7.94097    -0.0426    13.8155 0.0000e+00  -62.35983  -58.03900 1152435812 190.377479    34.1815     108365         23  0.000e+00
      9.969    -1.6896   2.701295    -1.6902   2.701492    7.93618     0.0112    13.8155 0.0000e+00  -62.35983  -58.03900 1152435812 190.377479    34.1810     108366         23  0.000e+00
      9.940    -1.6897   2.701321    -1.6904   2.701538    7.93615     0.0219    13.8155 0.0000e+00  -62.35983  -58.03900 1152435812 190.377480    34.1816     108367         23  0.000e+00
      9.940    -1.6901   2.701318    -1.6902   2.701538    7.93620     0.0650    13.8155 0.0000e+00  -62.35983  -58.03900 1152435812 190.377480    34.1819     108368         23  0.000e+00
      9.969    -1.6899   2.701315    -1.6899   2.701550    7.93621     0.0112    13.8155 0.0000e+00  -62.35983  -58.03900 1152435812 190.377481    34.1817     108369         23  0.000e+00
      9.941    -1.6901   2.701315    -1.6901   2.701498    7.93621     0.0434    13.8155 0.0000e+00  -62.35983  -58.03900 1152435812 190.377481    34.1819     108370         23  0.000e+00
      9.969    -1.6899   2.701315    -1.6904   2.701555    7.93621     0.0327    13.8155 0.0000e+00  -62.35983  -58.03900 1152435812 190.377482    34.1816     108371         23  0.000e+00
      9.941    -1.6893   2.701315    -1.6902   2.701544    7.93608    -0.0104    13.8155 0.0000e+00  -62.35983  -58.03900 1152435812 190.377482    34.1810     108372         23  0.000e+00
      9.941    -1.6901   2.701295    -1.6903   2.701515    7.93622     0.0004    13.8155 0.0000e+00  -62.35983  -58.03900 1152435812 190.377483    34.1816     108373         23  0.000e+00
