product_data/regression_test/downloaded_data/MDGS/320620060703/ctd/p6606206.ros
* Sea-Bird SBE 9 Data File:
* FileName = D:\Data\Raw\p6606206.dat
* Software Version Seasave Win32 V 5.32
* Temperature SN = 1649
* Conductivity SN = 1431
* Number of Bytes Per Scan = 37
* Number of Voltage Words = 5
* Number of Scans Averaged by the Deck Unit = 1
* NMEA Latitude = 61 05.83 S
* NMEA Longitude = 058 07.01 W
* NMEA UTC (Time) = 09:19:48
** Ship:   Nathaniel B. Palmer 
** Cruise:    NBP0606 
# nquan = 17
# nvalues = 1176                    
# units = specified
# name 0 = prDM: Pressure, Digiquartz [db]
# name 1 = t090C: Temperature [ITS-90, deg C]
# name 2 = c0S/m: Conductivity [S/m]
# name 3 = t190C: Temperature, 2 [ITS-90, deg C]
# name 4 = c1S/m: Conductivity, 2 [S/m]
# name 5 = sbeox0ML/L: Oxygen, SBE 43 [ml/l]
# name 6 = flECO-AFL: Fluorescence, Wetlab ECO-AFL/FL [mg/m^3]
# name 7 = bat: Beam Attenuation, Chelsea/Seatech/Wetlab CStar [1/m]
# name 8 = spar: SPAR/Surface Irradiance
# name 9 = latitude: Latitude [deg]
# name 10 = longitude: Longitude [deg]
# name 11 = timeY: Time, System [seconds]
# name 12 = timeJ: Julian Days
# name 13 = sal00: Salinity [PSU]
# name 14 = scan: scan number
# name 15 = nbf: number of bottles fired
# name 16 = flag:  0.000e+00
# interval = seconds: 0.0416667                   
# start_time = Jul 07 2006 09:19:56
*END*
[from data line 86]
    301.273     1.9254   3.055575     1.9266   3.055466    4.33802    -0.0749    13.8155 0.0000e+00  -61.09717  -58.11683 1152264428 188.393862    34.6307      10410          2  0.000e+00
    301.340     1.9252   3.055571     1.9264   3.055478    4.33807    -0.0857    13.8155 0.0000e+00  -61.09717  -58.11683 1152264428 188.393863    34.6308      10411          2  0.000e+00
    301.302     1.9255   3.055578     1.9260   3.055466    4.33802    -0.0426    13.8155 0.0000e+00  -61.09717  -58.11683 1152264428 188.393863    34.6305      10412          2  0.000e+00
    301.273     1.9249   3.055616     1.9264   3.055460    4.33804     0.0327    13.8155 0.0000e+00  -61.09717  -58.11683 1152264428 188.393864    34.6317      10413          2  0.000e+00
    301.340     1.9254   3.055609     1.9261   3.055478    4.33805     0.0004    13.8155 0.0000e+00  -61.09717  -58.11683 1152264428 188.393864    34.6310      10414          2  0.000e+00
    301.273     1.9257   3.055585     1.9268   3.055423    4.33798    -0.0104    13.8155 0.0000e+00  -61.09717  -58.11683 1152264428 188.393865    34.6304      10415          2  0.000e+00
    301.369     1.9254   3.055596     1.9267   3.055460    4.33807    -0.0426    13.8155 0.0000e+00  -61.09717  -58.11683 1152264428 188.393865    34.6309      10416          2  0.000e+00
    301.340     1.9252   3.055568     1.9266   3.055466    4.33807    -0.0211    13.8155 0.0000e+00  -61.09717  -58.11683 1152264428 188.393866    34.6307      10417          2  0.000e+00
    301.340     1.9251   3.055592     1.9261   3.055460    4.33808    -0.0319    13.8155 0.0000e+00  -61.09717  -58.11683 1152264428 188.393866    34.6312      10418          2  0.000e+00
    301.369     1.9254   3.055585     1.9264   3.055460    4.33807     0.0112    13.8155 0.0000e+00  -61.09717  -58.11683 1152264428 188.393867    34.6307      10419          2  0.000e+00
    301.340     1.9257   3.055599     1.9262   3.055460    4.33802     0.0112    13.8155 0.0000e+00  -61.09717  -58.11683 1152264428 188.393867    34.6306      10420          2  0.000e+00
    301.417     1.9254   3.055606     1.9265   3.055460    4.33809    -0.0104    13.8155 0.0000e+00  -61.09717  -58.11683 1152264428 188.393868    34.6310      10421          2  0.000e+00
    302.259     1.9263   3.055754     1.9272   3.055628    4.33846    -0.0642    13.8155 0.0000e+00  -61.09717  -58.11683 1152264433 188.393919    34.6313      10528          3  0.000e+00
    302.144     1.9266   3.055747     1.9276   3.055628    4.33837    -0.0534    13.8155 0.0000e+00  -61.09717  -58.11683 1152264433 188.393920    34.6309      10529          3  0.000e+00
    302.259     1.9262   3.055730     1.9273   3.055610    4.33848    -0.0319    13.8155 0.0000e+00  -61.09717  -58.11683 1152264433 188.393920    34.6312      10530          3  0.000e+00
    302.192     1.9262   3.055723     1.9276   3.055622    4.33845     0.0219    13.8155 0.0000e+00  -61.09717  -58.11683 1152264433 188.393921    34.6311      10531          3  0.000e+00
    302.221     1.9263   3.055744     1.9270   3.055610    4.33844     0.0004    13.8155 0.0000e+00  -61.09717  -58.11683 1152264433 188.393921    34.6312      10532          3  0.000e+00
    302.192     1.9263   3.055692     1.9273   3.055622    4.33844     0.0112    13.8155 0.0000e+00  -61.09717  -58.11683 1152264433 188.393922    34.6306      10533          3  0.000e+00
    302.259     1.9265   3.055713     1.9272   3.055628    4.33846     0.0004    13.8155 0.0000e+00  -61.09717  -58.11683 1152264433 188.393922    34.6306      10534          3  0.000e+00
    302.221     1.9263   3.055744     1.9278   3.055604    4.33844     0.0327    13.8155 0.0000e+00  -61.09717  -58.11683 1152264433 188.393923    34.6312      10535          3  0.000e+00
    302.259     1.9262   3.055747     1.9279   3.055598    4.33848    -0.0104    13.8155 0.0000e+00  -61.09717  -58.11683 1152264433 188.393923    34.6314      10536          3  0.000e+00
    302.259     1.9262   3.055747     1.9272   3.055598    4.33848     0.0004    13.8155 0.0000e+00  -61.09717  -58.11683 1152264433 188.393924    34.6314      10537          3  0.000e+00
    302.221     1.9265   3.055730     1.9275   3.055598    4.33843    -0.0104    13.8155 0.0000e+00  -61.09717  -58.11683 1152264433 188.393924    34.6309      10538          3  0.000e+00
    302.259     1.9262   3.055744     1.9272   3.055598    4.33848    -0.0426    13.8155 0.0000e+00  -61.09717  -58.11683 1152264433 188.393925    34.6313      10539          3  0.000e+00
    302.192     1.9265   3.055730     1.9270   3.055622    4.33842    -0.0749    13.8155 0.0000e+00  -61.09717  -58.11683 1152264433 188.393925    34.6309      10540          3  0.000e+00
    302.403     1.9265   3.055740     1.9274   3.055628    4.33854    -0.0749    13.8155 0.0000e+00  -61.09717  -58.11683 1152264433 188.393926    34.6309      10541          3  0.000e+00
    302.221     1.9263   3.055730     1.9272   3.055628    4.33845    -0.0534    13.8155 0.0000e+00  -61.09717  -58.11683 1152264433 188.393926    34.6310      10542          3  0.000e+00
    302.326     1.9263   3.055726     1.9273   3.055604    4.33851     0.0004    13.8155 0.0000e+00  -61.09717  -58.11683 1152264433 188.393927    34.6309      10543          3  0.000e+00
    302.259     1.9265   3.055740     1.9276   3.055598    4.33845    -0.0426    13.8155 0.0000e+00  -61.09717  -58.11683 1152264433 188.393927    34.6310      10544          3  0.000e+00
    302.288     1.9258   3.055730     1.9272   3.055580    4.33853    -0.0534    13.8155 0.0000e+00  -61.09717  -58.11683 1152264433 188.393927    34.6315      10545          3  0.000e+00
    302.259     1.9260   3.055740     1.9276   3.055592    4.33849    -0.1072    13.8155 0.0000e+00  -61.09717  -58.11683 1152264434 188.393928    34.6315      10546          3  0.000e+00
    302.326     1.9266   3.055713     1.9270   3.055598    4.33849    -0.1180    13.8155 0.0000e+00  -61.09717  -58.11683 1152264434 188.393928    34.6304      10547          3  0.000e+00
    302.288     1.9264   3.055754     1.9273   3.055580    4.33847    -0.0857    13.8155 0.0000e+00  -61.09717  -58.11683 1152264434 188.393929    34.6312      10548          3  0.000e+00
    302.259     1.9263   3.055754     1.9269   3.055574    4.33846    -0.0426    13.8155 0.0000e+00  -61.09717  -58.11683 1152264434 188.393929    34.6313      10549          3  0.000e+00
    302.259     1.9260   3.055730     1.9270   3.055574    4.33850    -0.0426    13.8155 0.0000e+00  -61.09717  -58.11683 1152264434 188.393930    34.6313      10550          3  0.000e+00
    302.288     1.9266   3.055726     1.9272   3.055616    4.33846    -0.0319    13.8155 0.0000e+00  -61.09717  -58.11683 1152264434 188.393930    34.6306      10551          3  0.000e+00
    302.259     1.9263   3.055740     1.9273   3.055586    4.33847    -0.0964    13.8155 0.0000e+00  -61.09717  -58.11683 1152264434 188.393931    34.6311      10552          3  0.000e+00
    302.326     1.9265   3.055730     1.9278   3.055592    4.33850    -0.0211    13.8155 0.0000e+00  -61.09717  -58.11683 1152264434 188.393931    34.6308      10553          3  0.000e+00
    302.259     1.9266   3.055740     1.9274   3.055580    4.33844     0.0219    13.8155 0.0000e+00  -61.09717  -58.11683 1152264434 188.393932    34.6308      10554          3  0.000e+00
    302.288     1.9266   3.055747     1.9273   3.055592    4.33845     0.0219    13.8155 0.0000e+00  -61.09717  -58.11683 1152264434 188.393932    34.6309      10555          3  0.000e+00
    302.259     1.9266   3.055750     1.9272   3.055598    4.33843    -0.0104    13.8155 0.0000e+00  -61.09717  -58.11683 1152264434 188.393933    34.6309      10556          3  0.000e+00
    302.259     1.9263   3.055730     1.9272   3.055622    4.33847    -0.0534    13.8155 0.0000e+00  -61.09717  -58.11683 1152264434 188.393933    34.6310      10557          3  0.000e+00
    302.221     1.9262   3.055723     1.9270   3.055628    4.33846    -0.0426    13.8155 0.0000e+00  -61.09717  -58.11683 1152264434 188.393934    34.6311      10558          3  0.000e+00
    302.259     1.9265   3.055757     1.9276   3.055604    4.33845    -0.0534    13.8155 0.0000e+00  -61.09717  -58.11683 1152264434 188.393934    34.6312      10559          3  0.000e+00
    302.259     1.9265   3.055737     1.9275   3.055562    4.33845    -0.0534    13.8155 0.0000e+00  -61.09717  -58.11683 1152264434 188.393935    34.6309      10560          3  0.000e+00
    302.221     1.9273   3.055726     1.9271   3.055604    4.33836    -0.0534    13.8155 0.0000e+00  -61.09717  -58.11683 1152264434 188.393935    34.6299      10561          3  0.000e+00
    302.192     1.9266   3.055740     1.9273   3.055628    4.33840    -0.0319    13.8155 0.0000e+00  -61.09717  -58.11683 1152264434 188.393936    34.6308      10562          3  0.000e+00
    302.192     1.9262   3.055747     1.9273   3.055610    4.33844    -0.0534    13.8155 0.0000e+00  -61.09717  -58.11683 1152264434 188.393936    34.6314      10563          3  0.000e+00
    302.221     1.9263   3.055730     1.9272   3.055598    4.33845    -0.0319    13.8155 0.0000e+00  -61.09717  -58.11683 1152264434 188.393937    34.6310      10564          3  0.000e+00
    302.192     1.9266   3.055706     1.9273   3.055580    4.33841     0.0327    13.8155 0.0000e+00  -61.09717  -58.11683 1152264434 188.393937    34.6304      10565          3  0.000e+00
    302.192     1.9263   3.055754     1.9274   3.055616    4.33842     0.0219    13.8155 0.0000e+00  -61.09717  -58.11683 1152264434 188.393938    34.6314      10566          3  0.000e+00
    302.192     1.9263   3.055754     1.9273   3.055592    4.33842    -0.0319    13.8155 0.0000e+00  -61.09717  -58.11683 1152264434 188.393938    34.6314      10567          3  0.000e+00
    302.077     1.9265   3.055730     1.9275   3.055574    4.33835    -0.0319    13.8155 0.0000e+00  -61.09717  -58.11683 1152264434 188.393939    34.6309      10568          3  0.000e+00
    302.192     1.9263   3.055706     1.9274   3.055592    4.33844    -0.0426    13.8155 0.0000e+00  -61.09717  -58.11683 1152264434 188.393939    34.6308      10569          3  0.000e+00
    302.116     1.9268   3.055754     1.9276   3.055580    4.33833    -0.0642    13.8155 0.0000e+00  -61.09717  -58.11683 1152264435 188.393940    34.6309      10570          3  0.000e+00
    302.077     1.9268   3.055737     1.9274   3.055592    4.33831    -0.0642    13.8155 0.0000e+00  -61.09717  -58.11683 1152264435 188.393940    34.6307      10571          3  0.000e+00
    302.116     1.9263   3.055723     1.9275   3.055622    4.33839     0.0004    13.8155 0.0000e+00  -61.09717  -58.11683 1152264435 188.393940    34.6310      10572          3  0.000e+00
    302.116     1.9265   3.055689     1.9270   3.055586    4.33838    -0.0104    13.8155 0.0000e+00  -61.09717  -58.11683 1152264435 188.393941    34.6304      10573          3  0.000e+00
    302.077     1.9270   3.055713     1.9272   3.055556    4.33831    -0.0211    13.8155 0.0000e+00  -61.09717  -58.11683 1152264435 188.393941    34.6302      10574          3  0.000e+00
    302.049     1.9265   3.055706     1.9270   3.055586    4.33834    -0.0104    13.8155 0.0000e+00  -61.09717  -58.11683 1152264435 188.393942    34.6307      10575          3  0.000e+00
    302.049     1.9268   3.055719     1.9279   3.055616    4.33830    -0.0104    13.8155 0.0000e+00  -61.09717  -58.11683 1152264435 188.393942    34.6305      10576          3  0.000e+00
    300.986     1.9258   3.055633     1.9272   3.055519    4.33778     0.0004    13.8155 0.0000e+00  -61.09717  -58.11683 1152264439 188.393992    34.6310      10679          4  0.000e+00
    301.130     1.9258   3.055609     1.9272   3.055538    4.33788     0.0004    13.8155 0.0000e+00  -61.09717  -58.11683 1152264439 188.393993    34.6307      10680          4  0.000e+00
    301.225     1.9258   3.055637     1.9271   3.055544    4.33792    -0.0211    13.8155 0.0000e+00  -61.09717  -58.11683 1152264439 188.393993    34.6309      10681          4  0.000e+00
    301.130     1.9255   3.055671     1.9268   3.055568    4.33788    -0.0534    13.8155 0.0000e+00  -61.09717  -58.11683 1152264439 188.393994    34.6318      10682          4  0.000e+00
    301.130     1.9258   3.055678     1.9274   3.055550    4.33785    -0.0534    13.8155 0.0000e+00  -61.09717  -58.11683 1152264439 188.393994    34.6315      10683          4  0.000e+00
    301.302     1.9260   3.055657     1.9268   3.055580    4.33795    -0.0211    13.8155 0.0000e+00  -61.09717  -58.11683 1152264439 188.393995    34.6310      10684          4  0.000e+00
    301.197     1.9255   3.055633     1.9268   3.055580    4.33794    -0.0426    13.8155 0.0000e+00  -61.09717  -58.11683 1152264439 188.393995    34.6312      10685          4  0.000e+00
    301.340     1.9257   3.055661     1.9276   3.055574    4.33800    -0.0211    13.8155 0.0000e+00  -61.09717  -58.11683 1152264439 188.393995    34.6313      10686          4  0.000e+00
    301.302     1.9258   3.055695     1.9275   3.055592    4.33795    -0.0104    13.8155 0.0000e+00  -61.09717  -58.11683 1152264439 188.393996    34.6316      10687          4  0.000e+00
    301.340     1.9257   3.055702     1.9271   3.055598    4.33798    -0.0319    13.8155 0.0000e+00  -61.09717  -58.11683 1152264439 188.393996    34.6319      10688          4  0.000e+00
    301.417     1.9262   3.055681     1.9270   3.055562    4.33799    -0.0426    13.8155 0.0000e+00  -61.09717  -58.11683 1152264439 188.393997    34.6310      10689          4  0.000e+00
    301.340     1.9258   3.055657     1.9273   3.055568    4.33799    -0.0642    13.8155 0.0000e+00  -61.09717  -58.11683 1152264440 188.393997    34.6311      10690          4  0.000e+00
    301.513     1.9258   3.055668     1.9271   3.055574    4.33809    -0.0319    13.8155 0.0000e+00  -61.09717  -58.11683 1152264440 188.393998    34.6312      10691          4  0.000e+00
    301.417     1.9264   3.055712     1.9273   3.055574    4.33797    -0.0534    13.8155 0.0000e+00  -61.09717  -58.11683 1152264440 188.393998    34.6312      10692          4  0.000e+00
    301.484     1.9260   3.055726     1.9274   3.055592    4.33803    -0.0642    13.8155 0.0000e+00  -61.09717  -58.11683 1152264440 188.393999    34.6317      10693          4  0.000e+00
    301.513     1.9262   3.055706     1.9275   3.055580    4.33804    -0.0857    13.8155 0.0000e+00  -61.09717  -58.11683 1152264440 188.393999    34.6313      10694          4  0.000e+00
    301.551     1.9258   3.055719     1.9271   3.055574    4.33809    -0.0857    13.8155 0.0000e+00  -61.09717  -58.11683 1152264440 188.394000    34.6318      10695          4  0.000e+00
    301.628     1.9263   3.055706     1.9273   3.055592    4.33810    -0.0749    13.8155 0.0000e+00  -61.09717  -58.11683 1152264440 188.394000    34.6311      10696          4  0.000e+00
    301.628     1.9265   3.055661     1.9270   3.055598    4.33357    -0.1072    13.8155 0.0000e+00  -61.09717  -58.11683 1152264440 188.394001    34.6303      10697          4  0.000e+00
    301.656     1.9263   3.055671     1.9269   3.055580    4.33813    -0.1180    13.8155 0.0000e+00  -61.09717  -58.11683 1152264440 188.394001    34.6306      10698          4  0.000e+00
    301.695     1.9262   3.055709     1.9273   3.055592    4.33815    -0.0534    13.8155 0.0000e+00  -61.09717  -58.11683 1152264440 188.394002    34.6312      10699          4  0.000e+00
    301.695     1.9265   3.055743     1.9274   3.055580    4.33811    -0.0319    13.8155 0.0000e+00  -61.09717  -58.11683 1152264440 188.394002    34.6313      10700          4  0.000e+00
    301.723     1.9260   3.055695     1.9270   3.055592    4.33819    -0.0319    13.8155 0.0000e+00  -61.09717  -58.11683 1152264440 188.394003    34.6312      10701          4  0.000e+00
