product_data/regression_test/downloaded_data/MDGS/320620060703/ctd/p6609307.ros
* Sea-Bird SBE 9 Data File:
* FileName = D:\Data\Raw\p6609307.dat
* Software Version Seasave Win32 V 5.32
* Temperature SN = 1649
* Conductivity SN = 1431
* Number of Bytes Per Scan = 37
* Number of Voltage Words = 5
* Number of Scans Averaged by the Deck Unit = 1
* NMEA Latitude = 61 07.50 S
* NMEA Longitude = 058 05.51 W
* NMEA UTC (Time) = 04:57:22
** Ship:   Nathaniel B. Palmer nbp
** Cruise:    NBP0606 nbp0606
# nquan = 17
# nvalues = 1176                    
# units = specified
# name 0 = prDM: Pressure, Digiquartz [db]
# name 1 = t090C: Temperature [ITS-90, deg C]
# name 2 = c0S/m: Conductivity [S/m]
# name 3 = t190C: Temperature, 2 [ITS-90, deg C]
# name 4 = c1S/m: Conductivity, 2 [S/m]
# name 5 = sbeox0ML/L: Oxygen, SBE 43 [ml/l]
# name 6 = flECO-AFL: Fluorescence, Wetlab ECO-AFL/FL [mg/m^3]
# name 7 = bat: Beam Attenuation, Chelsea/Seatech/Wetlab CStar [1/m]
# name 8 = spar: SPAR/Surface Irradiance
# name 9 = latitude: Latitude [deg]
# name 10 = longitude: Longitude [deg]
# name 11 = timeY: Time, System [seconds]
# name 12 = timeJ: Julian Days
# name 13 = sal00: Salinity [PSU]
# name 14 = scan: scan number
# name 15 = nbf: number of bottles fired
# name 16 = flag:  0.000e+00
# interval = seconds: 0.0416667                   
# start_time = Jul 11 2006 04:57:29
*END*
    498.308     1.8656   3.065570     1.8670   3.065917    4.49725    -0.0749    13.8155 0.0000e+00  -61.12500  -58.09183 1152594622 192.215553    34.7101      18595          1  0.000e+00
    498.126     1.8659   3.065583     1.8664   3.065887    4.49710    -0.0319    13.8155 0.0000e+00  -61.12500  -58.09183 1152594622 192.215553    34.7101      18596          1  0.000e+00
    498.126     1.8659   3.065570     1.8669   3.065899    4.49710    -0.0426    13.8155 0.0000e+00  -61.12500  -58.09183 1152594622 192.215554    34.7098      18597          1  0.000e+00
    498.174     1.8654   3.065563     1.8667   3.065905    4.49718    -0.0319    13.8155 0.0000e+00  -61.12500  -58.09183 1152594622 192.215554    34.7102      18598          1  0.000e+00
    498.059     1.8659   3.065583     1.8666   3.065887    4.49706    -0.0749    13.8155 0.0000e+00  -61.12500  -58.09183 1152594623 192.215555    34.7101      18599          1  0.000e+00
    498.059     1.8662   3.065590     1.8670   3.065899    4.49703    -0.1395    13.8155 0.0000e+00  -61.12500  -58.09183 1152594623 192.215555    34.7098      18600          1  0.000e+00
    498.030     1.8658   3.065570     1.8672   3.065929    4.49706    -0.1287    13.8155 0.0000e+00  -61.12500  -58.09183 1152594623 192.215556    34.7101      18601          1  0.000e+00
    497.915     1.8656   3.065583     1.8670   3.065893    4.49700    -0.0964    13.8155 0.0000e+00  -61.12500  -58.09183 1152594623 192.215556    34.7105      18602          1  0.000e+00
    497.982     1.8658   3.065590     1.8673   3.065899    4.49702    -0.0749    13.8155 0.0000e+00  -61.12500  -58.09183 1152594623 192.215557    34.7103      18603          1  0.000e+00
    497.953     1.8658   3.065590     1.8670   3.065929    4.49701    -0.0642    13.8155 0.0000e+00  -61.12500  -58.09183 1152594623 192.215557    34.7104      18604          1  0.000e+00
    497.915     1.8659   3.065552     1.8673   3.065917    4.49698    -0.1180    13.8155 0.0000e+00  -61.12500  -58.09183 1152594623 192.215557    34.7097      18605          1  0.000e+00
    497.848     1.8654   3.065576     1.8667   3.065929    4.49698    -0.1287    13.8155 0.0000e+00  -61.12500  -58.09183 1152594623 192.215558    34.7106      18606          1  0.000e+00
    497.819     1.8659   3.065552     1.8673   3.065893    4.49692    -0.1180    13.8155 0.0000e+00  -61.12500  -58.09183 1152594623 192.215558    34.7098      18607          1  0.000e+00
    497.848     1.8656   3.065542     1.8673   3.065881    4.49697    -0.1287    13.8155 0.0000e+00  -61.12500  -58.09183 1152594623 192.215559    34.7100      18608          1  0.000e+00
    497.819     1.8661   3.065559     1.8666   3.065899    4.49691    -0.0964    13.8155 0.0000e+00  -61.12500  -58.09183 1152594623 192.215559    34.7097      18609          1  0.000e+00
    497.771     1.8658   3.065563     1.8670   3.065911    4.49690    -0.0857    13.8155 0.0000e+00  -61.12500  -58.09183 1152594623 192.215560    34.7101      18610          1  0.000e+00
    497.704     1.8656   3.065545     1.8667   3.065905    4.49223    -0.0534    13.8155 0.0000e+00  -61.12500  -58.09183 1152594623 192.215560    34.7101      18611          1  0.000e+00
    497.742     1.8656   3.065559     1.8670   3.065905    4.49224    -0.0426    13.8155 0.0000e+00  -61.12500  -58.09183 1152594623 192.215561    34.7103      18612          1  0.000e+00
    497.704     1.8661   3.065583     1.8669   3.065911    4.49682    -0.0426    13.8155 0.0000e+00  -61.12500  -58.09183 1152594623 192.215561    34.7101      18613          1  0.000e+00
    497.704     1.8661   3.065570     1.8667   3.065887    4.49683    -0.0642    13.8155 0.0000e+00  -61.12500  -58.09183 1152594623 192.215562    34.7099      18614          1  0.000e+00
    497.675     1.8661   3.065566     1.8673   3.065881    4.49681    -0.0642    13.8155 0.0000e+00  -61.12500  -58.09183 1152594623 192.215562    34.7099      18615          1  0.000e+00
    497.704     1.8659   3.065583     1.8667   3.065881    4.49219    -0.0642    13.8155 0.0000e+00  -61.12500  -58.09183 1152594623 192.215563    34.7103      18616          1  0.000e+00
    497.627     1.8659   3.065570     1.8666   3.065857    4.49214    -0.0211    13.8155 0.0000e+00  -61.12500  -58.09183 1152594623 192.215563    34.7101      18617          1  0.000e+00
    497.608     1.8656   3.065545     1.8664   3.065869    4.49682    -0.0319    13.8155 0.0000e+00  -61.12500  -58.09183 1152594623 192.215564    34.7102      18618          1  0.000e+00
    497.627     1.8658   3.065559     1.8667   3.065875    4.49216    -0.0749    13.8155 0.0000e+00  -61.12500  -58.09183 1152594623 192.215564    34.7102      18619          1  0.000e+00
    497.608     1.8656   3.065566     1.8666   3.065857    4.49681    -0.0964    13.8155 0.0000e+00  -61.12500  -58.09183 1152594623 192.215565    34.7104      18620          1  0.000e+00
    497.627     1.8654   3.065528     1.8667   3.065851    4.49685    -0.1072    13.8155 0.0000e+00  -61.12500  -58.09183 1152594623 192.215565    34.7101      18621          1  0.000e+00
    497.627     1.8654   3.065552     1.8667   3.065851    4.49685    -0.0749    13.8155 0.0000e+00  -61.12500  -58.09183 1152594623 192.215566    34.7105      18622          1  0.000e+00
    497.531     1.8658   3.065563     1.8667   3.065851    4.49210    -0.0857    13.8155 0.0000e+00  -61.12500  -58.09183 1152594624 192.215566    34.7102      18623          1  0.000e+00
    497.627     1.8653   3.065545     1.8669   3.065827    4.49221    -0.0749    13.8155 0.0000e+00  -61.12500  -58.09183 1152594624 192.215567    34.7105      18624          1  0.000e+00
    497.560     1.8658   3.065576     1.8666   3.065839    4.49676    -0.1072    13.8155 0.0000e+00  -61.12500  -58.09183 1152594624 192.215567    34.7104      18625          1  0.000e+00
    497.608     1.8656   3.065552     1.8664   3.065827    4.49216    -0.0749    13.8155 0.0000e+00  -61.12500  -58.09183 1152594624 192.215568    34.7103      18626          1  0.000e+00
    497.560     1.8658   3.065542     1.8670   3.065839    4.49212    -0.0642    13.8155 0.0000e+00  -61.12500  -58.09183 1152594624 192.215568    34.7100      18627          1  0.000e+00
    497.560     1.8654   3.065559     1.8666   3.065869    4.49215    -0.0534    13.8155 0.0000e+00  -61.12500  -58.09183 1152594624 192.215569    34.7105      18628          1  0.000e+00
    497.608     1.8658   3.065528     1.8667   3.065833    4.49216    -0.0857    13.8155 0.0000e+00  -61.12500  -58.09183 1152594624 192.215569    34.7098      18629          1  0.000e+00
    497.560     1.8654   3.065535     1.8667   3.065887    4.49681    -0.1072    13.8155 0.0000e+00  -61.12500  -58.09183 1152594624 192.215570    34.7102      18630          1  0.000e+00
    497.560     1.8656   3.065559     1.8667   3.065881    4.49213    -0.1072    13.8155 0.0000e+00  -61.12500  -58.09183 1152594624 192.215570    34.7104      18631          1  0.000e+00
    497.608     1.8659   3.065545     1.8666   3.065857    4.49214    -0.0534    13.8155 0.0000e+00  -61.12500  -58.09183 1152594624 192.215571    34.7099      18632          1  0.000e+00
    497.560     1.8656   3.065576     1.8669   3.065869    4.49212    -0.0642    13.8155 0.0000e+00  -61.12500  -58.09183 1152594624 192.215571    34.7106      18633          1  0.000e+00
    497.608     1.8661   3.065552     1.8667   3.065857    4.49678    -0.1072    13.8155 0.0000e+00  -61.12500  -58.09183 1152594624 192.215571    34.7098      18634          1  0.000e+00
    497.560     1.8654   3.065573     1.8672   3.065911    4.49214    -0.1718    13.8155 0.0000e+00  -61.12500  -58.09183 1152594624 192.215572    34.7107      18635          1  0.000e+00
    497.560     1.8659   3.065587     1.8670   3.065917    4.49209    -0.1180    13.8155 0.0000e+00  -61.12500  -58.09183 1152594624 192.215572    34.7104      18636          1  0.000e+00
    497.608     1.8656   3.065570     1.8673   3.065911    4.49216    -0.1072    13.8155 0.0000e+00  -61.12500  -58.09183 1152594624 192.215573    34.7105      18637          1  0.000e+00
    497.560     1.8658   3.065566     1.8666   3.065881    4.49211    -0.1072    13.8155 0.0000e+00  -61.12500  -58.09183 1152594624 192.215573    34.7103      18638          1  0.000e+00
    497.627     1.8659   3.065545     1.8667   3.065875    4.49215    -0.0642    13.8155 0.0000e+00  -61.12500  -58.09183 1152594624 192.215574    34.7099      18639          1  0.000e+00
    497.608     1.8659   3.065594     1.8667   3.065881    4.49212    -0.0642    13.8155 0.0000e+00  -61.12500  -58.09183 1152594624 192.215574    34.7104      18640          1  0.000e+00
    497.627     1.8658   3.065576     1.8667   3.065881    4.49215    -0.0857    13.8155 0.0000e+00  -61.12500  -58.09183 1152594624 192.215575    34.7104      18641          1  0.000e+00
    497.627     1.8656   3.065601     1.8667   3.065881    4.49216    -0.0964    13.8155 0.0000e+00  -61.12500  -58.09183 1152594624 192.215575    34.7109      18642          1  0.000e+00
    497.608     1.8661   3.065594     1.8669   3.065899    4.49210    -0.0964    13.8155 0.0000e+00  -61.12500  -58.09183 1152594624 192.215576    34.7103      18643          1  0.000e+00
    501.227     1.8680   3.065980     1.8683   3.066279    4.49404    -0.0426    13.8155 0.0000e+00  -61.12500  -58.09183 1152594630 192.215640    34.7110      18777          2  0.000e+00
    501.246     1.8678   3.065998     1.8686   3.066279    4.49406    -0.0319    13.8155 0.0000e+00  -61.12500  -58.09183 1152594630 192.215641    34.7114      18778          2  0.000e+00
    501.102     1.8678   3.066001     1.8683   3.066279    4.49397    -0.0964    13.8155 0.0000e+00  -61.12500  -58.09183 1152594630 192.215641    34.7115      18779          2  0.000e+00
    501.246     1.8680   3.065984     1.8686   3.066279    4.49405    -0.0857    13.8155 0.0000e+00  -61.12500  -58.09183 1152594630 192.215642    34.7111      18780          2  0.000e+00
    501.150     1.8680   3.065980     1.8683   3.066255    4.48933    -0.0857    13.8155 0.0000e+00  -61.12500  -58.09183 1152594630 192.215642    34.7110      18781          2  0.000e+00
    501.179     1.8677   3.065980     1.8685   3.066267    4.49404    -0.0964    13.8155 0.0000e+00  -61.12500  -58.09183 1152594630 192.215643    34.7114      18782          2  0.000e+00
    501.179     1.8678   3.065980     1.8685   3.066279    4.49403    -0.0642    13.8155 0.0000e+00  -61.12500  -58.09183 1152594630 192.215643    34.7112      18783          2  0.000e+00
    501.150     1.8677   3.065942     1.8686   3.066279    4.49404    -0.0749    13.8155 0.0000e+00  -61.12500  -58.09183 1152594630 192.215644    34.7109      18784          2  0.000e+00
    501.102     1.8683   3.066004     1.8686   3.066279    4.49393    -0.0749    13.8155 0.0000e+00  -61.12500  -58.09183 1152594630 192.215644    34.7111      18785          2  0.000e+00
    501.102     1.8677   3.066008     1.8688   3.066297    4.49398    -0.1180    13.8155 0.0000e+00  -61.12500  -58.09183 1152594630 192.215645    34.7118      18786          2  0.000e+00
    501.150     1.8680   3.065984     1.8685   3.066285    4.49399    -0.1180    13.8155 0.0000e+00  -61.12500  -58.09183 1152594630 192.215645    34.7111      18787          2  0.000e+00
    501.102     1.8678   3.066015     1.8688   3.066297    4.49397    -0.0964    13.8155 0.0000e+00  -61.12500  -58.09183 1152594630 192.215646    34.7117      18788          2  0.000e+00
    501.035     1.8681   3.065987     1.8685   3.066309    4.48925    -0.0534    13.8155 0.0000e+00  -61.12500  -58.09183 1152594630 192.215646    34.7110      18789          2  0.000e+00
    501.102     1.8683   3.065942     1.8681   3.066285    4.48929    -0.0319    13.8155 0.0000e+00  -61.12500  -58.09183 1152594631 192.215647    34.7103      18790          2  0.000e+00
    501.083     1.8680   3.065966     1.8686   3.066213    4.49396    -0.0749    13.8155 0.0000e+00  -61.12500  -58.09183 1152594631 192.215647    34.7109      18791          2  0.000e+00
    501.035     1.8678   3.065960     1.8683   3.066195    4.49394    -0.1072    13.8155 0.0000e+00  -61.12500  -58.09183 1152594631 192.215648    34.7110      18792          2  0.000e+00
    501.035     1.8675   3.065956     1.8686   3.066171    4.49397    -0.0857    13.8155 0.0000e+00  -61.12500  -58.09183 1152594631 192.215648    34.7113      18793          2  0.000e+00
    501.006     1.8677   3.065973     1.8683   3.066207    4.48928    -0.0749    13.8155 0.0000e+00  -61.12500  -58.09183 1152594631 192.215649    34.7114      18794          2  0.000e+00
    500.968     1.8678   3.065942     1.8680   3.066225    4.48925    -0.0749    13.8155 0.0000e+00  -61.12500  -58.09183 1152594631 192.215649    34.7109      18795          2  0.000e+00
    500.968     1.8680   3.065932     1.8685   3.066201    4.49390    -0.0642    13.8155 0.0000e+00  -61.12500  -58.09183 1152594631 192.215650    34.7106      18796          2  0.000e+00
    500.939     1.8675   3.065949     1.8688   3.066195    4.49391    -0.0749    13.8155 0.0000e+00  -61.12500  -58.09183 1152594631 192.215650    34.7113      18797          2  0.000e+00
    500.968     1.8675   3.065901     1.8685   3.066195    4.49395    -0.0642    13.8155 0.0000e+00  -61.12500  -58.09183 1152594631 192.215651    34.7107      18798          2  0.000e+00
    500.891     1.8677   3.065880     1.8684   3.066171    4.49390    -0.0749    13.8155 0.0000e+00  -61.12500  -58.09183 1152594631 192.215651    34.7103      18799          2  0.000e+00
    500.891     1.8670   3.065880     1.8683   3.066183    4.49396    -0.0857    13.8155 0.0000e+00  -61.12500  -58.09183 1152594631 192.215652    34.7110      18800          2  0.000e+00
    500.872     1.8670   3.065846     1.8678   3.066171    4.49396    -0.1072    13.8155 0.0000e+00  -61.12500  -58.09183 1152594631 192.215652    34.7106      18801          2  0.000e+00
    500.824     1.8669   3.065836     1.8681   3.066141    4.49394    -0.0964    13.8155 0.0000e+00  -61.12500  -58.09183 1152594631 192.215652    34.7106      18802          2  0.000e+00
    500.824     1.8670   3.065870     1.8681   3.066153    4.49392    -0.0749    13.8155 0.0000e+00  -61.12500  -58.09183 1152594631 192.215653    34.7109      18803          2  0.000e+00
    500.795     1.8669   3.065863     1.8681   3.066141    4.49392    -0.0857    13.8155 0.0000e+00  -61.12500  -58.09183 1152594631 192.215653    34.7110      18804          2  0.000e+00
    500.747     1.8670   3.065822     1.8678   3.066135    4.49389    -0.0857    13.8155 0.0000e+00  -61.12500  -58.09183 1152594631 192.215654    34.7103      18805          2  0.000e+00
    500.747     1.8670   3.065829     1.8681   3.066135    4.49389    -0.0857    13.8155 0.0000e+00  -61.12500  -58.09183 1152594631 192.215654    34.7105      18806          2  0.000e+00
    500.728     1.8670   3.065836     1.8678   3.066135    4.49387    -0.1072    13.8155 0.0000e+00  -61.12500  -58.09183 1152594631 192.215655    34.7105      18807          2  0.000e+00
    500.680     1.8672   3.065815     1.8680   3.066153    4.49383    -0.0964    13.8155 0.0000e+00  -61.12500  -58.09183 1152594631 192.215655    34.7101      18808          2  0.000e+00
    500.680     1.8669   3.065825     1.8673   3.066123    4.49386    -0.0426    13.8155 0.0000e+00  -61.12500  -58.09183 1152594631 192.215656    34.7106      18809          2  0.000e+00
    500.584     1.8670   3.065815     1.8678   3.066111    4.49379    -0.0534    13.8155 0.0000e+00  -61.12500  -58.09183 1152594631 192.215656    34.7103      18810          2  0.000e+00
    500.612     1.8670   3.065811     1.8677   3.066111    4.49381    -0.0534    13.8155 0.0000e+00  -61.12500  -58.09183 1152594631 192.215657    34.7103      18811          2  0.000e+00
    500.612     1.8669   3.065829     1.8681   3.066087    4.49381    -0.0749    13.8155 0.0000e+00  -61.12500  -58.09183 1152594631 192.215657    34.7106      18812          2  0.000e+00
