product_data/regression_test/downloaded_data/MDGS/320620060703/ctd/p6607104.cnv
* Sea-Bird SBE 9 Data File:
* FileName = D:\Data\Raw\p6607104.dat
* Software Version Seasave Win32 V 5.32
* Temperature SN = 1649
* Conductivity SN = 1431
* Number of Bytes Per Scan = 37
* Number of Voltage Words = 5
* Number of Scans Averaged by the Deck Unit = 1
* NMEA Latitude = 62 11.90 S
* NMEA Longitude = 058 08.28 W
* NMEA UTC (Time) = 03:24:18
** Ship:   Nathaniel B. Palmer 
** Cruise:    NBP0603 
** Cast #: 
** Station:   
** Operator: 
# nquan = 15
# nvalues = 187                         
# units = specified
# name 0 = prDM: Pressure, Digiquartz [db]
# name 1 = t090C: Temperature [ITS-90, deg C]
# name 2 = c0S/m: Conductivity [S/m]
# name 3 = t190C: Temperature, 2 [ITS-90, deg C]
# name 4 = c1S/m: Conductivity, 2 [S/m]
# name 5 = sbeox0ML/L: Oxygen, SBE 43 [ml/l]
# name 6 = flECO-AFL: Fluorescence, Wetlab ECO-AFL/FL [mg/m^3]
# name 7 = bat: Beam Attenuation, Chelsea/Seatech/Wetlab CStar [1/m]
# name 8 = spar: SPAR/Surface Irradiance
# name 9 = latitude: Latitude [deg]
# name 10 = longitude: Longitude [deg]
# name 11 = timeY: Time, System [seconds]
# name 12 = timeJ: Julian Days
# name 13 = sal00: Salinity [PSU]
# name 14 = flag: flag
# span 0 =      1.000,    187.000       
# span 1 =    -0.7445,    -0.5316       
# span 2 =   2.785519,   2.800339       
# span 3 =    -0.7436,    -0.5380       
# span 4 =   2.785754,   2.799315       
# span 5 =    7.50730,    7.62962       
# span 6 =    31.9541,    33.0502       
# span 7 =    13.8155,    13.8155       
# span 8 = 0.0000e+00, 0.0000e+00       
# span 9 =  -62.19833,  -62.19833       
# span 10 =  -58.13800,  -58.13800      
# span 11 = 1152329067, 1152329646      
# span 12 = 189.141962, 189.148690      
# span 13 =    34.2096,    34.2283      
# span 14 = 0.0000e+00, 0.0000e+00      
# interval = decibars: 1                
# start_time = Jul 08 2006 03:24:26
# bad_flag = -9.990e-29
*END*
[from data line 97]
     98.000    -0.6875   2.792169    -0.6864   2.792208    7.51096    32.5600    13.8155 0.0000e+00  -62.19833  -58.13800 1152329366 189.145459    34.2277 0.0000e+00
     99.000    -0.6883   2.792154    -0.6867   2.792224    7.51389    32.5758    13.8155 0.0000e+00  -62.19833  -58.13800 1152329371 189.145514    34.2277 0.0000e+00
    100.000    -0.6875   2.792270    -0.6858   2.792344    7.51480    32.5826    13.8155 0.0000e+00  -62.19833  -58.13800 1152329374 189.145548    34.2277 0.0000e+00
    101.000    -0.6882   2.792258    -0.6864   2.792334    7.51203    32.5884    13.8155 0.0000e+00  -62.19833  -58.13800 1152329377 189.145579    34.2277 0.0000e+00
    102.000    -0.6884   2.792283    -0.6872   2.792331    7.50730    32.5837    13.8155 0.0000e+00  -62.19833  -58.13800 1152329380 189.145607    34.2277 0.0000e+00
    103.000    -0.6887   2.792310    -0.6872   2.792361    7.51090    32.5989    13.8155 0.0000e+00  -62.19833  -58.13800 1152329383 189.145657    34.2278 0.0000e+00
    104.000    -0.6927   2.791980    -0.6917   2.791989    7.51985    32.5997    13.8155 0.0000e+00  -62.19833  -58.13800 1152329387 189.145695    34.2273 0.0000e+00
    105.000    -0.7000   2.791375    -0.6971   2.791540    7.52500    32.6104    13.8155 0.0000e+00  -62.19833  -58.13800 1152329389 189.145723    34.2270 0.0000e+00
    106.000    -0.6974   2.791635    -0.6935   2.791897    7.52991    32.6207    13.8155 0.0000e+00  -62.19833  -58.13800 1152329392 189.145761    34.2268 0.0000e+00
    107.000    -0.6974   2.791702    -0.6960   2.791732    7.53130    32.6244    13.8155 0.0000e+00  -62.19833  -58.13800 1152329395 189.145798    34.2268 0.0000e+00
    108.000    -0.6956   2.791894    -0.6936   2.791981    7.52636    32.6267    13.8155 0.0000e+00  -62.19833  -58.13800 1152329399 189.145843    34.2268 0.0000e+00
    109.000    -0.6940   2.792075    -0.6924   2.792133    7.52564    32.6296    13.8155 0.0000e+00  -62.19833  -58.13800 1152329403 189.145880    34.2268 0.0000e+00
    110.000    -0.6902   2.792437    -0.6882   2.792522    7.52723    32.6306    13.8155 0.0000e+00  -62.19833  -58.13800 1152329404 189.145899    34.2267 0.0000e+00
    111.000    -0.6889   2.792590    -0.6876   2.792618    7.52604    32.6542    13.8155 0.0000e+00  -62.19833  -58.13800 1152329409 189.145948    34.2268 0.0000e+00
    112.000    -0.6879   2.792728    -0.6865   2.792761    7.52664    32.6511    13.8155 0.0000e+00  -62.19833  -58.13800 1152329413 189.145995    34.2268 0.0000e+00
    113.000    -0.6882   2.792748    -0.6871   2.792767    7.52671    32.6418    13.8155 0.0000e+00  -62.19833  -58.13800 1152329415 189.146018    34.2269 0.0000e+00
    114.000    -0.6881   2.792798    -0.6871   2.792809    7.52533    32.6511    13.8155 0.0000e+00  -62.19833  -58.13800 1152329416 189.146037    34.2268 0.0000e+00
    115.000    -0.6881   2.792853    -0.6869   2.792870    7.52365    32.6620    13.8155 0.0000e+00  -62.19833  -58.13800 1152329422 189.146102    34.2270 0.0000e+00
    116.000    -0.6886   2.792847    -0.6876   2.792850    7.52493    32.6642    13.8155 0.0000e+00  -62.19833  -58.13800 1152329424 189.146123    34.2269 0.0000e+00
    117.000    -0.6891   2.792850    -0.6882   2.792850    7.52461    32.6687    13.8155 0.0000e+00  -62.19833  -58.13800 1152329427 189.146161    34.2269 0.0000e+00
    118.000    -0.6895   2.792864    -0.6892   2.792802    7.51912    32.6827    13.8155 0.0000e+00  -62.19833  -58.13800 1152329430 189.146202    34.2269 0.0000e+00
    119.000    -0.6902   2.792872    -0.6891   2.792879    7.52399    32.7026    13.8155 0.0000e+00  -62.19833  -58.13800 1152329433 189.146232    34.2272 0.0000e+00
    120.000    -0.6891   2.793025    -0.6879   2.793047    7.52715    32.6982    13.8155 0.0000e+00  -62.19833  -58.13800 1152329436 189.146270    34.2273 0.0000e+00
    121.000    -0.7001   2.792149    -0.7018   2.791944    7.52978    32.6961    13.8155 0.0000e+00  -62.19833  -58.13800 1152329440 189.146309    34.2277 0.0000e+00
    122.000    -0.7044   2.791838    -0.7013   2.791998    7.52498    32.6938    13.8155 0.0000e+00  -62.19833  -58.13800 1152329443 189.146343    34.2278 0.0000e+00
    123.000    -0.6991   2.792307    -0.6968   2.792445    7.52754    32.7032    13.8155 0.0000e+00  -62.19833  -58.13800 1152329445 189.146372    34.2273 0.0000e+00
    124.000    -0.6878   2.793309    -0.6879   2.793227    7.52696    32.7101    13.8155 0.0000e+00  -62.19833  -58.13800 1152329450 189.146430    34.2270 0.0000e+00
    125.000    -0.6944   2.792810    -0.6917   2.792963    7.52664    32.7146    13.8155 0.0000e+00  -62.19833  -58.13800 1152329452 189.146455    34.2274 0.0000e+00
    126.000    -0.7047   2.791972    -0.7033   2.792020    7.53081    32.7153    13.8155 0.0000e+00  -62.19833  -58.13800 1152329454 189.146479    34.2274 0.0000e+00
    127.000    -0.7063   2.791884    -0.7086   2.791578    7.52851    32.7373    13.8155 0.0000e+00  -62.19833  -58.13800 1152329458 189.146516    34.2274 0.0000e+00
    128.000    -0.7165   2.791070    -0.7171   2.790956    7.53673    32.7391    13.8155 0.0000e+00  -62.19833  -58.13800 1152329463 189.146583    34.2274 0.0000e+00
    129.000    -0.7163   2.791152    -0.7149   2.791189    7.53212    32.7298    13.8155 0.0000e+00  -62.19833  -58.13800 1152329464 189.146595    34.2277 0.0000e+00
    130.000    -0.7158   2.791233    -0.7139   2.791329    7.53031    32.7372    13.8155 0.0000e+00  -62.19833  -58.13800 1152329466 189.146615    34.2275 0.0000e+00
    131.000    -0.7156   2.791332    -0.7137   2.791396    7.53800    32.7475    13.8155 0.0000e+00  -62.19833  -58.13800 1152329472 189.146681    34.2276 0.0000e+00
    132.000    -0.7187   2.791077    -0.7171   2.791141    7.53925    32.7610    13.8155 0.0000e+00  -62.19833  -58.13800 1152329475 189.146713    34.2273 0.0000e+00
    133.000    -0.7218   2.790837    -0.7206   2.790865    7.53595    32.7573    13.8155 0.0000e+00  -62.19833  -58.13800 1152329477 189.146744    34.2270 0.0000e+00
    134.000    -0.7208   2.790978    -0.7194   2.791015    7.53578    32.7648    13.8155 0.0000e+00  -62.19833  -58.13800 1152329481 189.146783    34.2271 0.0000e+00
    135.000    -0.7135   2.791672    -0.7122   2.791701    7.53613    32.7630    13.8155 0.0000e+00  -62.19833  -58.13800 1152329484 189.146818    34.2273 0.0000e+00
    136.000    -0.7177   2.791362    -0.7164   2.791377    7.53727    32.7791    13.8155 0.0000e+00  -62.19833  -58.13800 1152329487 189.146851    34.2272 0.0000e+00
    137.000    -0.7145   2.791692    -0.7126   2.791757    7.53602    32.7892    13.8155 0.0000e+00  -62.19833  -58.13800 1152329490 189.146896    34.2274 0.0000e+00
    138.000    -0.7138   2.791791    -0.7125   2.791811    7.53661    32.7792    13.8155 0.0000e+00  -62.19833  -58.13800 1152329492 189.146915    34.2274 0.0000e+00
    139.000    -0.7136   2.791850    -0.7130   2.791818    7.53679    32.7953    13.8155 0.0000e+00  -62.19833  -58.13800 1152329497 189.146968    34.2275 0.0000e+00
    140.000    -0.7131   2.791944    -0.7124   2.791899    7.53663    32.8022    13.8155 0.0000e+00  -62.19833  -58.13800 1152329499 189.147000    34.2276 0.0000e+00
    141.000    -0.7115   2.792114    -0.7107   2.792096    7.53243    32.8030    13.8155 0.0000e+00  -62.19833  -58.13800 1152329502 189.147031    34.2274 0.0000e+00
    142.000    -0.7161   2.791758    -0.7158   2.791701    7.53220    32.7987    13.8155 0.0000e+00  -62.19833  -58.13800 1152329504 189.147058    34.2273 0.0000e+00
    143.000    -0.7195   2.791503    -0.7201   2.791363    7.54087    32.8136    13.8155 0.0000e+00  -62.19833  -58.13800 1152329509 189.147116    34.2272 0.0000e+00
    144.000    -0.7148   2.791978    -0.7139   2.791987    7.54136    32.8117    13.8155 0.0000e+00  -62.19833  -58.13800 1152329512 189.147144    34.2275 0.0000e+00
    145.000    -0.7176   2.791775    -0.7170   2.791758    7.54120    32.8301    13.8155 0.0000e+00  -62.19833  -58.13800 1152329514 189.147172    34.2273 0.0000e+00
    146.000    -0.7233   2.791320    -0.7224   2.791323    7.54103    32.8329    13.8155 0.0000e+00  -62.19833  -58.13800 1152329518 189.147209    34.2271 0.0000e+00
    147.000    -0.7253   2.791174    -0.7257   2.791074    7.54559    32.8341    13.8155 0.0000e+00  -62.19833  -58.13800 1152329522 189.147265    34.2269 0.0000e+00
    148.000    -0.7231   2.791427    -0.7215   2.791469    7.54763    32.8288    13.8155 0.0000e+00  -62.19833  -58.13800 1152329524 189.147285    34.2271 0.0000e+00
    149.000    -0.7230   2.791470    -0.7222   2.791461    7.54976    32.8530    13.8155 0.0000e+00  -62.19833  -58.13800 1152329526 189.147313    34.2269 0.0000e+00
    150.000    -0.7267   2.791188    -0.7276   2.791026    7.54825    32.8601    13.8155 0.0000e+00  -62.19833  -58.13800 1152329531 189.147366    34.2267 0.0000e+00
    151.000    -0.7322   2.790758    -0.7318   2.790708    7.54790    32.8748    13.8155 0.0000e+00  -62.19833  -58.13800 1152329533 189.147392    34.2267 0.0000e+00
    152.000    -0.7301   2.791001    -0.7278   2.791100    7.55048    32.8717    13.8155 0.0000e+00  -62.19833  -58.13800 1152329537 189.147430    34.2268 0.0000e+00
    153.000    -0.7272   2.791288    -0.7279   2.791169    7.54940    32.8837    13.8155 0.0000e+00  -62.19833  -58.13800 1152329540 189.147465    34.2267 0.0000e+00
    154.000    -0.7294   2.791161    -0.7298   2.791043    7.54813    32.8762    13.8155 0.0000e+00  -62.19833  -58.13800 1152329543 189.147509    34.2268 0.0000e+00
    155.000    -0.7293   2.791219    -0.7276   2.791267    7.54827    32.8813    13.8155 0.0000e+00  -62.19833  -58.13800 1152329545 189.147524    34.2270 0.0000e+00
    156.000    -0.7292   2.791262    -0.7286   2.791227    7.55446    32.8826    13.8155 0.0000e+00  -62.19833  -58.13800 1152329550 189.147581    34.2268 0.0000e+00
    157.000    -0.7243   2.791762    -0.7223   2.791830    7.55372    32.8862    13.8155 0.0000e+00  -62.19833  -58.13800 1152329551 189.147598    34.2273 0.0000e+00
    158.000    -0.7258   2.791655    -0.7249   2.791648    7.54849    32.9043    13.8155 0.0000e+00  -62.19833  -58.13800 1152329556 189.147651    34.2270 0.0000e+00
    159.000    -0.7236   2.791909    -0.7231   2.791858    7.54735    32.9069    13.8155 0.0000e+00  -62.19833  -58.13800 1152329558 189.147680    34.2273 0.0000e+00
    160.000    -0.7211   2.792180    -0.7184   2.792305    7.54128    32.9148    13.8155 0.0000e+00  -62.19833  -58.13800 1152329561 189.147718    34.2274 0.0000e+00
    161.000    -0.7019   2.793891    -0.7006   2.793896    7.53356    32.9236    13.8155 0.0000e+00  -62.19833  -58.13800 1152329565 189.147759    34.2276 0.0000e+00
    162.000    -0.7037   2.793782    -0.7008   2.793930    7.53116    32.9216    13.8155 0.0000e+00  -62.19833  -58.13800 1152329567 189.147786    34.2279 0.0000e+00
    163.000    -0.7027   2.793932    -0.7016   2.793927    7.52844    32.9352    13.8155 0.0000e+00  -62.19833  -58.13800 1152329571 189.147830    34.2282 0.0000e+00
    164.000    -0.7057   2.793716    -0.7049   2.793699    7.52933    32.9310    13.8155 0.0000e+00  -62.19833  -58.13800 1152329575 189.147875    34.2283 0.0000e+00
    165.000    -0.7038   2.793926    -0.7059   2.793659    7.52750    32.9339    13.8155 0.0000e+00  -62.19833  -58.13800 1152329577 189.147898    34.2283 0.0000e+00
    166.000    -0.7193   2.792591    -0.7168   2.792714    7.53309    32.9506    13.8155 0.0000e+00  -62.19833  -58.13800 1152329580 189.147935    34.2278 0.0000e+00
    167.000    -0.7128   2.793218    -0.7122   2.793180    7.53451    32.9583    13.8155 0.0000e+00  -62.19833  -58.13800 1152329583 189.147972    34.2279 0.0000e+00
    168.000    -0.7274   2.791954    -0.7264   2.791968    7.54274    32.9837    13.8155 0.0000e+00  -62.19833  -58.13800 1152329587 189.148016    34.2271 0.0000e+00
    169.000    -0.7379   2.791055    -0.7365   2.791101    7.55497    32.9636    13.8155 0.0000e+00  -62.19833  -58.13800 1152329590 189.148051    34.2264 0.0000e+00
    170.000    -0.7420   2.790726    -0.7417   2.790680    7.55785    32.9613    13.8155 0.0000e+00  -62.19833  -58.13800 1152329593 189.148082    34.2259 0.0000e+00
    171.000    -0.7394   2.791013    -0.7388   2.791001    7.55865    32.9749    13.8155 0.0000e+00  -62.19833  -58.13800 1152329596 189.148121    34.2259 0.0000e+00
    172.000    -0.7439   2.790665    -0.7428   2.790675    7.55684    32.9860    13.8155 0.0000e+00  -62.19833  -58.13800 1152329600 189.148162    34.2258 0.0000e+00
    173.000    -0.7445   2.790662    -0.7436   2.790652    7.56135    32.9697    13.8155 0.0000e+00  -62.19833  -58.13800 1152329603 189.148194    34.2257 0.0000e+00
    174.000    -0.7439   2.790768    -0.7426   2.790794    7.56408    32.9810    13.8155 0.0000e+00  -62.19833  -58.13800 1152329605 189.148225    34.2257 0.0000e+00
    175.000    -0.7434   2.790852    -0.7426   2.790836    7.56571    32.9895    13.8155 0.0000e+00  -62.19833  -58.13800 1152329609 189.148273    34.2256 0.0000e+00
    176.000    -0.7420   2.791032    -0.7412   2.791013    7.56633    32.9819    13.8155 0.0000e+00  -62.19833  -58.13800 1152329612 189.148306    34.2258 0.0000e+00
    177.000    -0.7427   2.791012    -0.7418   2.791004    7.56921    32.9936    13.8155 0.0000e+00  -62.19833  -58.13800 1152329614 189.148320    34.2257 0.0000e+00
    178.000    -0.7424   2.791077    -0.7416   2.791059    7.56757    32.9967    13.8155 0.0000e+00  -62.19833  -58.13800 1152329619 189.148383    34.2256 0.0000e+00
    179.000    -0.7430   2.791073    -0.7423   2.791046    7.56878    32.9860    13.8155 0.0000e+00  -62.19833  -58.13800 1152329621 189.148404    34.2257 0.0000e+00
    180.000    -0.7425   2.791151    -0.7416   2.791150    7.56754    33.0155    13.8155 0.0000e+00  -62.19833  -58.13800 1152329625 189.148452    34.2256 0.0000e+00
    181.000    -0.7419   2.791258    -0.7410   2.791241    7.56235    33.0203    13.8155 0.0000e+00  -62.19833  -58.13800 1152329629 189.148491    34.2256 0.0000e+00
    182.000    -0.7423   2.791260    -0.7413   2.791270    7.56164    33.0268    13.8155 0.0000e+00  -62.19833  -58.13800 1152329631 189.148520    34.2255 0.0000e+00
    183.000    -0.7430   2.791254    -0.7419   2.791256    7.56775    33.0211    13.8155 0.0000e+00  -62.19833  -58.13800 1152329633 189.148548    34.2256 0.0000e+00
    184.000    -0.7441   2.791194    -0.7426   2.791239    7.56779    33.0373    13.8155 0.0000e+00  -62.19833  -58.13800 1152329638 189.148599    34.2255 0.0000e+00
    185.000    -0.7425   2.791388    -0.7419   2.791352    7.56535    33.0395    13.8155 0.0000e+00  -62.19833  -58.13800 1152329641 189.148633    34.2256 0.0000e+00
    186.000    -0.7429   2.791393    -0.7423   2.791365    7.56747    33.0404    13.8155 0.0000e+00  -62.19833  -58.13800 1152329643 189.148660    34.2255 0.0000e+00
    187.000    -0.7420   2.791523    -0.7414   2.791491    7.56316    33.0502    13.8155 0.0000e+00  -62.19833  -58.13800 1152329646 189.148690    34.2257 0.0000e+00
