product_data/regression_test/downloaded_data/MDGS/320620060703/ctd/p6609101.ros
* Sea-Bird SBE 9 Data File:
* FileName = D:\Data\Raw\P6609101.dat
* Software Version Seasave Win32 V 5.32
* Temperature SN = 1649
* Conductivity SN = 1431
* Number of Bytes Per Scan = 37
* Number of Voltage Words = 5
* Number of Scans Averaged by the Deck Unit = 1
* NMEA Latitude = 61 18.65 S
* NMEA Longitude = 057 57.06 W
* NMEA UTC (Time) = 17:20:17
** Ship:   Nathaniel B. Palmer 
** Cruise:    NBP0603 p0606
** Cast #: 01
** Station:   91
** Operator: yz
# nquan = 17
# nvalues = 1176                    
# units = specified
# name 0 = prDM: Pressure, Digiquartz [db]
# name 1 = t090C: Temperature [ITS-90, deg C]
# name 2 = c0S/m: Conductivity [S/m]
# name 3 = t190C: Temperature, 2 [ITS-90, deg C]
# name 4 = c1S/m: Conductivity, 2 [S/m]
# name 5 = sbeox0ML/L: Oxygen, SBE 43 [ml/l]
# name 6 = flECO-AFL: Fluorescence, Wetlab ECO-AFL/FL [mg/m^3]
# name 7 = bat: Beam Attenuation, Chelsea/Seatech/Wetlab CStar [1/m]
# name 8 = spar: SPAR/Surface Irradiance
# name 9 = latitude: Latitude [deg]
# name 10 = longitude: Longitude [deg]
# name 11 = timeY: Time, System [seconds]
# name 12 = timeJ: Julian Days
# name 13 = sal00: Salinity [PSU]
# name 14 = scan: scan number
# name 15 = nbf: number of bottles fired
# name 16 = flag:  0.000e+00
# interval = seconds: 0.0416667                   
# start_time = Jul 10 2006 17:20:25
*END*
[from data line 1107]
      8.284    -0.6103   2.775682    -0.6095   2.776017    7.87717    -0.0104    13.8155 1.3637e+01  -61.31083  -57.95100 1152556925 191.779250    33.9734     117654         23  0.000e+00
      8.284    -0.6102   2.775711    -0.6095   2.776017    7.87713    -0.0104    13.8155 1.3637e+01  -61.31083  -57.95100 1152556925 191.779251    33.9736     117655         23  0.000e+00
      8.237    -0.6103   2.775725    -0.6094   2.775988    7.87709     0.0004    13.8155 1.3637e+01  -61.31083  -57.95100 1152556925 191.779251    33.9739     117656         23  0.000e+00
      8.208    -0.6108   2.775675    -0.6097   2.775983    7.87717     0.0327    13.8155 1.3637e+01  -61.31083  -57.95100 1152556925 191.779252    33.9738     117657         23  0.000e+00
      8.170    -0.6105   2.775659    -0.6094   2.776000    7.87709     0.0219    13.8155 1.3637e+01  -61.31083  -57.95100 1152556925 191.779252    33.9733     117658         23  0.000e+00
      8.141    -0.6106   2.775708    -0.6092   2.776012    7.87704     0.0542    13.8155 1.3637e+01  -61.31083  -57.95100 1152556925 191.779253    33.9741     117659         23  0.000e+00
      8.208    -0.6103   2.775695    -0.6095   2.775988    7.87708     0.0434    13.8155 1.3637e+01  -61.31083  -57.95100 1152556925 191.779253    33.9736     117660         23  0.000e+00
      8.094    -0.6105   2.775682    -0.6092   2.776017    7.87699     0.0650    13.8155 1.1689e+01  -61.31083  -57.95100 1152556925 191.779253    33.9736     117661         23  0.000e+00
      8.142    -0.6100   2.775662    -0.6097   2.776017    7.87698     0.0650    13.8155 1.1689e+01  -61.31083  -57.95100 1152556926 191.779254    33.9728     117662         23  0.000e+00
      8.075    -0.6100   2.775725    -0.6094   2.775994    7.87686     0.0327    13.8155 1.1689e+01  -61.31083  -57.95100 1152556926 191.779254    33.9737     117663         23  0.000e+00
      8.094    -0.6103   2.775678    -0.6097   2.776006    7.87697     0.0327    13.8155 1.1689e+01  -61.31083  -57.95100 1152556926 191.779255    33.9734     117664         23  0.000e+00
      8.075    -0.6097   2.775692    -0.6091   2.776029    7.87684     0.0327    13.8155 1.1689e+01  -61.31083  -57.95100 1152556926 191.779255    33.9729     117665         23  0.000e+00
      8.075    -0.6103   2.775669    -0.6092   2.775994    7.87695     0.0327    13.8155 1.1689e+01  -61.31083  -57.95100 1152556926 191.779256    33.9733     117666         23  0.000e+00
      8.027    -0.6099   2.775692    -0.6092   2.775983    7.87681     0.0542    13.8155 1.1689e+01  -61.31083  -57.95100 1152556926 191.779256    33.9731     117667         23  0.000e+00
      7.999    -0.6103   2.775718    -0.6089   2.776000    7.87683     0.0650    13.8155 9.7407e+00  -61.31083  -57.95100 1152556926 191.779257    33.9740     117668         23  0.000e+00
      7.999    -0.6099   2.775655    -0.6088   2.775988    7.87681     0.0972    13.8155 1.1689e+01  -61.31083  -57.95100 1152556926 191.779257    33.9727     117669         23  0.000e+00
      7.961    -0.6099   2.775685    -0.6091   2.776029    7.87675     0.0327    13.8155 1.1689e+01  -61.31083  -57.95100 1152556926 191.779258    33.9731     117670         23  0.000e+00
      7.999    -0.6094   2.775718    -0.6092   2.775994    7.87669    -0.0211    13.8155 1.1689e+01  -61.31083  -57.95100 1152556926 191.779258    33.9730     117671         23  0.000e+00
      7.932    -0.6091   2.775715    -0.6086   2.776000    7.87192    -0.0211    13.8155 1.1689e+01  -61.31083  -57.95100 1152556926 191.779259    33.9726     117672         23  0.000e+00
      7.884    -0.6093   2.775688    -0.6088   2.775988    7.87656     0.0112    13.8155 1.1689e+01  -61.31083  -57.95100 1152556926 191.779259    33.9725     117673         23  0.000e+00
      7.647    -0.6075   2.775659    -0.6075   2.775959    7.87605     0.0650    13.8155 1.1689e+01  -61.31083  -57.95100 1152556928 191.779278    33.9703     117712         24  0.000e+00
      7.609    -0.6078   2.775639    -0.6071   2.775994    7.87607     0.0327    13.8155 1.1689e+01  -61.31083  -57.95100 1152556928 191.779279    33.9704     117713         24  0.000e+00
      7.647    -0.6072   2.775652    -0.6071   2.775988    7.87601     0.0112    13.8155 1.1689e+01  -61.31083  -57.95100 1152556928 191.779279    33.9699     117714         24  0.000e+00
      7.647    -0.6077   2.775659    -0.6071   2.775948    7.88073     0.0434    13.8155 1.1689e+01  -61.31083  -57.95100 1152556928 191.779280    33.9704     117715         24  0.000e+00
      7.542    -0.6072   2.775639    -0.6072   2.775994    7.88056     0.0972    13.8155 1.1689e+01  -61.31083  -57.95100 1152556928 191.779280    33.9698     117716         24  0.000e+00
      7.723    -0.6077   2.775668    -0.6074   2.775971    7.88081     0.0865    13.8155 1.1689e+01  -61.31083  -57.95100 1152556928 191.779280    33.9706     117717         24  0.000e+00
      7.580    -0.6077   2.775662    -0.6074   2.775994    7.88065     0.0757    13.8155 1.1689e+01  -61.31083  -57.95100 1152556928 191.779281    33.9705     117718         24  0.000e+00
      7.676    -0.6075   2.775659    -0.6074   2.775988    7.88074     0.0434    13.8155 1.1689e+01  -61.31083  -57.95100 1152556928 191.779281    33.9703     117719         24  0.000e+00
      7.647    -0.6071   2.775659    -0.6072   2.775965    7.88063     0.0434    13.8155 1.1689e+01  -61.31083  -57.95100 1152556928 191.779282    33.9698     117720         24  0.000e+00
      7.580    -0.6071   2.775711    -0.6066   2.775977    7.87587     0.0542    13.8155 1.1689e+01  -61.31083  -57.95100 1152556928 191.779282    33.9705     117721         24  0.000e+00
      7.676    -0.6074   2.775675    -0.6071   2.775982    7.87605     0.0327    13.8155 1.1689e+01  -61.31083  -57.95100 1152556928 191.779283    33.9703     117722         24  0.000e+00
      7.647    -0.6074   2.775639    -0.6074   2.775965    7.88070     0.0434    13.8155 1.1689e+01  -61.31083  -57.95100 1152556928 191.779283    33.9699     117723         24  0.000e+00
      7.647    -0.6071   2.775668    -0.6069   2.775936    7.88063     0.0542    13.8155 1.1689e+01  -61.31083  -57.95100 1152556928 191.779284    33.9699     117724         24  0.000e+00
      7.676    -0.6075   2.775662    -0.6068   2.775948    7.88073     0.0327    13.8155 1.1689e+01  -61.31083  -57.95100 1152556928 191.779284    33.9703     117725         24  0.000e+00
      7.647    -0.6071   2.775675    -0.6071   2.775977    7.88062     0.0327    13.8155 1.1689e+01  -61.31083  -57.95100 1152556928 191.779285    33.9700     117726         24  0.000e+00
      7.647    -0.6069   2.775662    -0.6074   2.775965    7.88061     0.0327    13.8155 1.1689e+01  -61.31083  -57.95100 1152556928 191.779285    33.9697     117727         24  0.000e+00
      7.609    -0.6078   2.775659    -0.6075   2.775977    7.88071     0.0434    13.8155 1.1689e+01  -61.31083  -57.95100 1152556928 191.779286    33.9707     117728         24  0.000e+00
      7.723    -0.6072   2.775692    -0.6063   2.776000    7.88072     0.0542    13.8155 1.1689e+01  -61.31083  -57.95100 1152556928 191.779286    33.9703     117729         24  0.000e+00
      7.647    -0.6075   2.775685    -0.6072   2.775959    7.88069     0.0434    13.8155 1.1689e+01  -61.31083  -57.95100 1152556928 191.779287    33.9706     117730         24  0.000e+00
      7.676    -0.6072   2.775662    -0.6071   2.775971    7.88069     0.0542    13.8155 1.1689e+01  -61.31083  -57.95100 1152556928 191.779287    33.9700     117731         24  0.000e+00
      7.647    -0.6071   2.775675    -0.6071   2.775965    7.88062     0.0650    13.8155 1.1689e+01  -61.31083  -57.95100 1152556928 191.779288    33.9700     117732         24  0.000e+00
      7.647    -0.6066   2.775668    -0.6071   2.775977    7.88055     0.0434    13.8155 1.1689e+01  -61.31083  -57.95100 1152556928 191.779288    33.9694     117733         24  0.000e+00
      7.676    -0.6072   2.775642    -0.6064   2.775965    7.88070     0.0434    13.8155 1.1689e+01  -61.31083  -57.95100 1152556929 191.779289    33.9697     117734         24  0.000e+00
      7.647    -0.6072   2.775685    -0.6069   2.775959    7.88064     0.0219    13.8155 1.1689e+01  -61.31083  -57.95100 1152556929 191.779289    33.9703     117735         24  0.000e+00
      7.647    -0.6071   2.775668    -0.6064   2.775994    7.88063     0.0219    13.8155 1.1689e+01  -61.31083  -57.95100 1152556929 191.779290    33.9699     117736         24  0.000e+00
      7.676    -0.6068   2.775675    -0.6068   2.775994    7.88060    -0.0104    13.8155 1.1689e+01  -61.31083  -57.95100 1152556929 191.779290    33.9696     117737         24  0.000e+00
      7.724    -0.6074   2.775645    -0.6064   2.775982    7.88078     0.0112    13.8155 1.1689e+01  -61.31083  -57.95100 1152556929 191.779291    33.9699     117738         24  0.000e+00
      7.647    -0.6069   2.775668    -0.6068   2.775982    7.88060     0.0650    13.8155 1.1689e+01  -61.31083  -57.95100 1152556929 191.779291    33.9697     117739         24  0.000e+00
      7.676    -0.6069   2.775682    -0.6066   2.775982    7.88062     0.0327    13.8155 1.1689e+01  -61.31083  -57.95100 1152556929 191.779292    33.9699     117740         24  0.000e+00
      7.647    -0.6071   2.775682    -0.6066   2.775965    7.88062     0.0434    13.8155 9.7407e+00  -61.31083  -57.95100 1152556929 191.779292    33.9701     117741         24  0.000e+00
      7.724    -0.6075   2.775682    -0.6071   2.775959    7.88077     0.0327    13.8155 1.1689e+01  -61.31083  -57.95100 1152556929 191.779293    33.9706     117742         24  0.000e+00
      7.676    -0.6072   2.775698    -0.6072   2.775977    7.88066     0.0112    13.8155 1.1689e+01  -61.31083  -57.95100 1152556929 191.779293    33.9704     117743         24  0.000e+00
      7.647    -0.6074   2.775705    -0.6068   2.775982    7.88065     0.0434    13.8155 1.1689e+01  -61.31083  -57.95100 1152556929 191.779293    33.9707     117744         24  0.000e+00
      7.724    -0.6071   2.775692    -0.6068   2.775948    7.88069     0.0650    13.8155 1.1689e+01  -61.31083  -57.95100 1152556929 191.779294    33.9702     117745         24  0.000e+00
      7.676    -0.6071   2.775665    -0.6066   2.775971    7.88066     0.0542    13.8155 1.1689e+01  -61.31083  -57.95100 1152556929 191.779294    33.9698     117746         24  0.000e+00
      7.724    -0.6074   2.775675    -0.6066   2.775965    7.88075     0.0434    13.8155 1.1689e+01  -61.31083  -57.95100 1152556929 191.779295    33.9703     117747         24  0.000e+00
      7.724    -0.6068   2.775662    -0.6063   2.775977    7.88067     0.0650    13.8155 1.1689e+01  -61.31083  -57.95100 1152556929 191.779295    33.9694     117748         24  0.000e+00
      7.676    -0.6068   2.775675    -0.6064   2.775965    7.88060     0.1080    13.8155 1.1689e+01  -61.31083  -57.95100 1152556929 191.779296    33.9696     117749         24  0.000e+00
      7.724    -0.6064   2.775682    -0.6063   2.775977    7.88060     0.1080    13.8155 1.1689e+01  -61.31083  -57.95100 1152556929 191.779296    33.9693     117750         24  0.000e+00
      7.724    -0.6069   2.775682    -0.6063   2.775982    7.88068     0.0865    13.8155 1.3637e+01  -61.31083  -57.95100 1152556929 191.779297    33.9699     117751         24  0.000e+00
      7.752    -0.6068   2.775682    -0.6060   2.775988    7.88068     0.0650    13.8155 1.3637e+01  -61.31083  -57.95100 1152556929 191.779297    33.9697     117752         24  0.000e+00
      7.724    -0.6063   2.775682    -0.6058   2.775942    7.88058     0.0434    13.8155 1.3637e+01  -61.31083  -57.95100 1152556929 191.779298    33.9692     117753         24  0.000e+00
      7.724    -0.6058   2.775632    -0.6052   2.775965    7.88054     0.0542    13.8155 1.3637e+01  -61.31083  -57.95100 1152556929 191.779298    33.9680     117754         24  0.000e+00
      7.752    -0.6063   2.775682    -0.6055   2.775965    7.88061     0.0650    13.8155 1.3637e+01  -61.31083  -57.95100 1152556929 191.779299    33.9691     117755         24  0.000e+00
      7.724    -0.6055   2.775685    -0.6055   2.775977    7.88046     0.0542    13.8155 1.3637e+01  -61.31083  -57.95100 1152556929 191.779299    33.9683     117756         24  0.000e+00
      7.724    -0.6058   2.775668    -0.6055   2.775982    7.88052     0.0542    13.8155 1.3637e+01  -61.31083  -57.95100 1152556929 191.779300    33.9685     117757         24  0.000e+00
      7.752    -0.6054   2.775695    -0.6049   2.775965    7.88046     0.0434    13.8155 1.3637e+01  -61.31083  -57.95100 1152556930 191.779300    33.9683     117758         24  0.000e+00
      7.724    -0.6058   2.775668    -0.6058   2.775994    7.88052     0.0004    13.8155 1.1689e+01  -61.31083  -57.95100 1152556930 191.779301    33.9685     117759         24  0.000e+00
      7.724    -0.6058   2.775692    -0.6049   2.775977    7.88515    -0.0426    13.8155 1.1689e+01  -61.31083  -57.95100 1152556930 191.779301    33.9688     117760         24  0.000e+00
