product_data/regression_test/downloaded_data/MDGS/320620060703/ctd/p6609311.ros
* Sea-Bird SBE 9 Data File:
* FileName = D:\Data\Raw\p6609311.dat
* Software Version Seasave Win32 V 5.32
* Temperature SN = 1649
* Conductivity SN = 1431
* Number of Bytes Per Scan = 37
* Number of Voltage Words = 5
* Number of Scans Averaged by the Deck Unit = 1
* NMEA Latitude = 61 07.50 S
* NMEA Longitude = 058 05.61 W
* NMEA UTC (Time) = 11:04:14
** Ship:   Nathaniel B. Palmer nbp
** Cruise:    NBP0606 nbp0606
# nquan = 17
# nvalues = 1176                    
# units = specified
# name 0 = prDM: Pressure, Digiquartz [db]
# name 1 = t090C: Temperature [ITS-90, deg C]
# name 2 = c0S/m: Conductivity [S/m]
# name 3 = t190C: Temperature, 2 [ITS-90, deg C]
# name 4 = c1S/m: Conductivity, 2 [S/m]
# name 5 = sbeox0ML/L: Oxygen, SBE 43 [ml/l]
# name 6 = flECO-AFL: Fluorescence, Wetlab ECO-AFL/FL [mg/m^3]
# name 7 = bat: Beam Attenuation, Chelsea/Seatech/Wetlab CStar [1/m]
# name 8 = spar: SPAR/Surface Irradiance
# name 9 = latitude: Latitude [deg]
# name 10 = longitude: Longitude [deg]
# name 11 = timeY: Time, System [seconds]
# name 12 = timeJ: Julian Days
# name 13 = sal00: Salinity [PSU]
# name 14 = scan: scan number
# name 15 = nbf: number of bottles fired
# name 16 = flag:  0.000e+00
# interval = seconds: 0.0416667                   
# start_time = Jul 11 2006 11:04:21
*END*
[from data line 937]
   3003.144     0.4991   3.049350     0.4996   3.049639    1.52833    -0.0964    13.8155 0.0000e+00  -61.12500  -58.09350 1152620015 192.509449    34.6988      99731         20  0.000e+00
   3003.154     0.4992   3.049347     0.5001   3.049657    1.52833    -0.0857    13.8155 0.0000e+00  -61.12500  -58.09350 1152620015 192.509450    34.6986      99732         20  0.000e+00
   3003.224     0.4992   3.049364     0.4996   3.049663    1.52834    -0.0964    13.8155 0.0000e+00  -61.12500  -58.09350 1152620015 192.509450    34.6988      99733         20  0.000e+00
   3003.224     0.4992   3.049371     0.4996   3.049645    1.52834    -0.1072    13.8155 0.0000e+00  -61.12500  -58.09350 1152620015 192.509451    34.6989      99734         20  0.000e+00
   3003.224     0.4991   3.049350     0.4995   3.049639    1.52835    -0.1610    13.8155 0.0000e+00  -61.12500  -58.09350 1152620015 192.509451    34.6988      99735         20  0.000e+00
   3003.224     0.4987   3.049398     0.4998   3.049639    1.52837    -0.1287    13.8155 0.0000e+00  -61.12500  -58.09350 1152620015 192.509452    34.6998      99736         20  0.000e+00
   3003.303     0.4994   3.049419     0.4998   3.049615    1.52834    -0.1180    13.8155 0.0000e+00  -61.12500  -58.09350 1152620015 192.509452    34.6993      99737         20  0.000e+00
   3003.224     0.4998   3.049347     0.4998   3.049651    1.52831    -0.1072    13.8155 0.0000e+00  -61.12500  -58.09350 1152620015 192.509453    34.6979      99738         20  0.000e+00
   3003.373     0.4992   3.049412     0.4998   3.049645    1.52837    -0.1072    13.8155 0.0000e+00  -61.12500  -58.09350 1152620015 192.509453    34.6993      99739         20  0.000e+00
   3003.303     0.4991   3.049388     0.4996   3.049657    1.52836    -0.1072    13.8155 0.0000e+00  -61.12500  -58.09350 1152620015 192.509454    34.6992      99740         20  0.000e+00
   3003.294     0.4992   3.049388     0.4999   3.049627    1.52836    -0.1180    13.8155 0.0000e+00  -61.12500  -58.09350 1152620015 192.509454    34.6991      99741         20  0.000e+00
   3003.383     0.4992   3.049412     0.4998   3.049633    1.52837    -0.1287    13.8155 0.0000e+00  -61.12500  -58.09350 1152620015 192.509455    34.6993      99742         20  0.000e+00
   3003.373     0.4994   3.049381     0.4993   3.049639    1.52836    -0.0749    13.8155 0.0000e+00  -61.12500  -58.09350 1152620015 192.509455    34.6988      99743         20  0.000e+00
   3003.373     0.4992   3.049388     0.4996   3.049657    1.52837    -0.0857    13.8155 0.0000e+00  -61.12500  -58.09350 1152620015 192.509456    34.6990      99744         20  0.000e+00
   3003.304     0.4992   3.049374     0.4998   3.049645    1.52836    -0.0749    13.8155 0.0000e+00  -61.12500  -58.09350 1152620015 192.509456    34.6989      99745         20  0.000e+00
   3003.453     0.4995   3.049388     0.4991   3.049621    1.52837    -0.1072    13.8155 0.0000e+00  -61.12500  -58.09350 1152620015 192.509457    34.6987      99746         20  0.000e+00
   3003.373     0.4991   3.049357     0.4995   3.049633    1.52838    -0.0857    13.8155 0.0000e+00  -61.12500  -58.09350 1152620015 192.509457    34.6988      99747         20  0.000e+00
   3003.383     0.4992   3.049381     0.4991   3.049621    1.52837    -0.1287    13.8155 0.0000e+00  -61.12500  -58.09350 1152620016 192.509457    34.6989      99748         20  0.000e+00
   3003.453     0.4992   3.049374     0.4999   3.049615    1.52839    -0.1180    13.8155 0.0000e+00  -61.12500  -58.09350 1152620016 192.509458    34.6989      99749         20  0.000e+00
   3003.383     0.4994   3.049388     0.4996   3.049609    1.52836    -0.1395    13.8155 0.0000e+00  -61.12500  -58.09350 1152620016 192.509458    34.6989      99750         20  0.000e+00
   3003.373     0.4995   3.049374     0.4995   3.049627    1.52836    -0.1180    13.8155 0.0000e+00  -61.12500  -58.09350 1152620016 192.509459    34.6986      99751         20  0.000e+00
   3003.453     0.4994   3.049422     0.4998   3.049615    1.52837    -0.0749    13.8155 0.0000e+00  -61.12500  -58.09350 1152620016 192.509459    34.6993      99752         20  0.000e+00
   3003.383     0.4996   3.049371     0.4996   3.049627    1.52836    -0.0534    13.8155 0.0000e+00  -61.12500  -58.09350 1152620016 192.509460    34.6985      99753         20  0.000e+00
   3003.373     0.4994   3.049364     0.4998   3.049639    1.52837    -0.1072    13.8155 0.0000e+00  -61.12500  -58.09350 1152620016 192.509460    34.6986      99754         20  0.000e+00
   3003.373     0.4994   3.049388     0.4995   3.049657    1.52836    -0.1180    13.8155 0.0000e+00  -61.12500  -58.09350 1152620016 192.509461    34.6989      99755         20  0.000e+00
   3003.453     0.4989   3.049357     0.4998   3.049627    1.52841    -0.0642    13.8155 0.0000e+00  -61.12500  -58.09350 1152620016 192.509461    34.6989      99756         20  0.000e+00
   3003.373     0.4992   3.049364     0.4995   3.049615    1.52838    -0.0642    13.8155 0.0000e+00  -61.12500  -58.09350 1152620016 192.509462    34.6988      99757         20  0.000e+00
   3003.383     0.4994   3.049371     0.4999   3.049651    1.52837    -0.0857    13.8155 0.0000e+00  -61.12500  -58.09350 1152620016 192.509462    34.6986      99758         20  0.000e+00
   3003.373     0.4994   3.049388     0.4995   3.049663    1.52836    -0.1180    13.8155 0.0000e+00  -61.12500  -58.09350 1152620016 192.509463    34.6989      99759         20  0.000e+00
   3003.373     0.4994   3.049395     0.4998   3.049621    1.52836    -0.0964    13.8155 0.0000e+00  -61.12500  -58.09350 1152620016 192.509463    34.6989      99760         20  0.000e+00
   3003.304     0.4994   3.049395     0.4995   3.049651    1.52835    -0.1287    13.8155 0.0000e+00  -61.12500  -58.09350 1152620016 192.509464    34.6990      99761         20  0.000e+00
   3003.294     0.4997   3.049374     0.4995   3.049627    1.52833    -0.0964    13.8155 0.0000e+00  -61.12500  -58.09350 1152620016 192.509464    34.6984      99762         20  0.000e+00
   3003.373     0.4997   3.049371     0.4995   3.049633    1.52835    -0.0642    13.8155 0.0000e+00  -61.12500  -58.09350 1152620016 192.509465    34.6983      99763         20  0.000e+00
   3003.224     0.4992   3.049388     0.4995   3.049657    1.52834    -0.0642    13.8155 0.0000e+00  -61.12500  -58.09350 1152620016 192.509465    34.6991      99764         20  0.000e+00
   3003.294     0.4997   3.049374     0.4993   3.049645    1.52833    -0.0857    13.8155 0.0000e+00  -61.12500  -58.09350 1152620016 192.509466    34.6984      99765         20  0.000e+00
   3003.224     0.4996   3.049371     0.4995   3.049639    1.52832    -0.0964    13.8155 0.0000e+00  -61.12500  -58.09350 1152620016 192.509466    34.6985      99766         20  0.000e+00
   3003.294     0.4992   3.049405     0.4995   3.049597    1.52835    -0.1395    13.8155 0.0000e+00  -61.12500  -58.09350 1152620016 192.509467    34.6993      99767         20  0.000e+00
   3003.224     0.4994   3.049381     0.5001   3.049639    1.52833    -0.1180    13.8155 0.0000e+00  -61.12500  -58.09350 1152620016 192.509467    34.6988      99768         20  0.000e+00
   3003.224     0.4996   3.049371     0.4995   3.049627    1.52832    -0.1180    13.8155 0.0000e+00  -61.12500  -58.09350 1152620016 192.509468    34.6985      99769         20  0.000e+00
   3003.145     0.4990   3.049371     0.4991   3.049633    1.52833    -0.1072    13.8155 0.0000e+00  -61.12500  -58.09350 1152620016 192.509468    34.6991      99770         20  0.000e+00
   3003.224     0.4992   3.049350     0.4998   3.049639    1.52834    -0.0857    13.8155 0.0000e+00  -61.12500  -58.09350 1152620017 192.509469    34.6986      99771         20  0.000e+00
   3003.075     0.4994   3.049347     0.4990   3.049621    1.52831    -0.0857    13.8155 0.0000e+00  -61.12500  -58.09350 1152620017 192.509469    34.6985      99772         20  0.000e+00
   3003.145     0.4992   3.049381     0.4995   3.049609    1.52832    -0.1072    13.8155 0.0000e+00  -61.12500  -58.09350 1152620017 192.509470    34.6990      99773         20  0.000e+00
   2999.448     0.4986   3.049208     0.4990   3.049440    1.52085    -0.1287    13.8155 0.0000e+00  -61.12500  -58.09350 1152620022 192.509528    34.6993      99894         21  0.000e+00
   2999.587     0.4989   3.049201     0.4990   3.049482    1.52761    -0.1287    13.8155 0.0000e+00  -61.12500  -58.09350 1152620022 192.509528    34.6988      99895         21  0.000e+00
   2999.438     0.4980   3.049198     0.4991   3.049470    1.52763    -0.0857    13.8155 0.0000e+00  -61.12500  -58.09350 1152620022 192.509529    34.6999      99896         21  0.000e+00
   2999.527     0.4983   3.049177     0.4991   3.049464    1.52763    -0.1072    13.8155 0.0000e+00  -61.12500  -58.09350 1152620022 192.509529    34.6992      99897         21  0.000e+00
   2999.517     0.4983   3.049191     0.4995   3.049446    1.52763    -0.1072    13.8155 0.0000e+00  -61.12500  -58.09350 1152620022 192.509530    34.6994      99898         21  0.000e+00
   2999.517     0.4986   3.049198     0.4990   3.049440    1.52761    -0.1395    13.8155 0.0000e+00  -61.12500  -58.09350 1152620022 192.509530    34.6991      99899         21  0.000e+00
   2999.597     0.4981   3.049177     0.4989   3.049458    1.52091    -0.1287    13.8155 0.0000e+00  -61.12500  -58.09350 1152620022 192.509531    34.6993      99900         21  0.000e+00
   2999.438     0.4984   3.049191     0.4989   3.049464    1.52761    -0.0964    13.8155 0.0000e+00  -61.12500  -58.09350 1152620022 192.509531    34.6993      99901         21  0.000e+00
   2999.587     0.4986   3.049215     0.4989   3.049464    1.52763    -0.0964    13.8155 0.0000e+00  -61.12500  -58.09350 1152620022 192.509532    34.6993      99902         21  0.000e+00
   2999.587     0.4988   3.049184     0.4989   3.049488    1.52762    -0.1287    13.8155 0.0000e+00  -61.12500  -58.09350 1152620022 192.509532    34.6987      99903         21  0.000e+00
   2999.527     0.4987   3.049208     0.4987   3.049470    1.52761    -0.1072    13.8155 0.0000e+00  -61.12500  -58.09350 1152620022 192.509533    34.6991      99904         21  0.000e+00
   2999.587     0.4988   3.049222     0.4996   3.049464    1.52762    -0.0857    13.8155 0.0000e+00  -61.12500  -58.09350 1152620022 192.509533    34.6992      99905         21  0.000e+00
   2999.666     0.4983   3.049184     0.4987   3.049446    1.52767    -0.1072    13.8155 0.0000e+00  -61.12500  -58.09350 1152620022 192.509534    34.6993      99906         21  0.000e+00
   2999.597     0.4988   3.049191     0.4995   3.049458    1.52762    -0.1287    13.8155 0.0000e+00  -61.12500  -58.09350 1152620022 192.509534    34.6988      99907         21  0.000e+00
   2999.666     0.4988   3.049215     0.4991   3.049446    1.52763    -0.1395    13.8155 0.0000e+00  -61.12500  -58.09350 1152620022 192.509535    34.6991      99908         21  0.000e+00
   2999.587     0.4987   3.049222     0.4993   3.049458    1.52762    -0.1287    13.8155 0.0000e+00  -61.12500  -58.09350 1152620022 192.509535    34.6993      99909         21  0.000e+00
   2999.676     0.4989   3.049222     0.4991   3.049464    1.52763    -0.1180    13.8155 0.0000e+00  -61.12500  -58.09350 1152620022 192.509536    34.6990      99910         21  0.000e+00
   2999.746     0.4986   3.049201     0.4987   3.049470    1.52766    -0.1180    13.8155 0.0000e+00  -61.12500  -58.09350 1152620022 192.509536    34.6991      99911         21  0.000e+00
   2999.666     0.4988   3.049253     0.4993   3.049464    1.52763    -0.0964    13.8155 0.0000e+00  -61.12500  -58.09350 1152620022 192.509537    34.6996      99912         21  0.000e+00
   2999.676     0.4988   3.049232     0.4985   3.049488    1.52763    -0.0964    13.8155 0.0000e+00  -61.12500  -58.09350 1152620022 192.509537    34.6993      99913         21  0.000e+00
   2999.746     0.4984   3.049201     0.4991   3.049470    1.52093    -0.1395    13.8155 0.0000e+00  -61.12500  -58.09350 1152620022 192.509538    34.6993      99914         21  0.000e+00
   2999.746     0.4989   3.049198     0.4987   3.049464    1.52764    -0.1395    13.8155 0.0000e+00  -61.12500  -58.09350 1152620023 192.509538    34.6987      99915         21  0.000e+00
   2999.825     0.4985   3.049215     0.4989   3.049470    1.52769    -0.1395    13.8155 0.0000e+00  -61.12500  -58.09350 1152620023 192.509538    34.6994      99916         21  0.000e+00
   2999.746     0.4983   3.049239     0.4984   3.049488    1.52768    -0.1395    13.8155 0.0000e+00  -61.12500  -58.09350 1152620023 192.509539    34.6999      99917         21  0.000e+00
   2999.816     0.4988   3.049208     0.4989   3.049476    1.52767    -0.1287    13.8155 0.0000e+00  -61.12500  -58.09350 1152620023 192.509539    34.6989      99918         21  0.000e+00
   2999.895     0.4986   3.049198     0.4993   3.049464    1.52770    -0.1287    13.8155 0.0000e+00  -61.12500  -58.09350 1152620023 192.509540    34.6990      99919         21  0.000e+00
   2999.825     0.4988   3.049198     0.4991   3.049488    1.52767    -0.1072    13.8155 0.0000e+00  -61.12500  -58.09350 1152620023 192.509540    34.6988      99920         21  0.000e+00
   2999.816     0.4986   3.049215     0.4993   3.049476    1.52767    -0.1180    13.8155 0.0000e+00  -61.12500  -58.09350 1152620023 192.509541    34.6992      99921         21  0.000e+00
   2999.895     0.4987   3.049222     0.4993   3.049488    1.52769    -0.1180    13.8155 0.0000e+00  -61.12500  -58.09350 1152620023 192.509541    34.6991      99922         21  0.000e+00
   2999.905     0.4985   3.049184     0.4991   3.049476    1.52771    -0.0964    13.8155 0.0000e+00  -61.12500  -58.09350 1152620023 192.509542    34.6989      99923         21  0.000e+00
   2999.965     0.4985   3.049191     0.4991   3.049470    1.52772    -0.1180    13.8155 0.0000e+00  -61.12500  -58.09350 1152620023 192.509542    34.6990      99924         21  0.000e+00
   2999.965     0.4986   3.049253     0.4991   3.049464    1.52096    -0.1180    13.8155 0.0000e+00  -61.12500  -58.09350 1152620023 192.509543    34.6997      99925         21  0.000e+00
   2999.975     0.4981   3.049198     0.4991   3.049488    1.52774    -0.1072    13.8155 0.0000e+00  -61.12500  -58.09350 1152620023 192.509543    34.6994      99926         21  0.000e+00
   2999.965     0.4990   3.049208     0.4990   3.049470    1.52094    -0.1072    13.8155 0.0000e+00  -61.12500  -58.09350 1152620023 192.509544    34.6986      99927         21  0.000e+00
   3000.044     0.4986   3.049222     0.4989   3.049488    1.52772    -0.1180    13.8155 0.0000e+00  -61.12500  -58.09350 1152620023 192.509544    34.6992      99928         21  0.000e+00
   3000.054     0.4986   3.049239     0.4989   3.049500    1.52772    -0.1502    13.8155 0.0000e+00  -61.12500  -58.09350 1152620023 192.509545    34.6994      99929         21  0.000e+00
   3000.044     0.4989   3.049226     0.4991   3.049518    1.52771    -0.1180    13.8155 0.0000e+00  -61.12500  -58.09350 1152620023 192.509545    34.6989      99930         21  0.000e+00
   3000.124     0.4988   3.049243     0.4991   3.049506    1.52098    -0.1395    13.8155 0.0000e+00  -61.12500  -58.09350 1152620023 192.509546    34.6992      99931         21  0.000e+00
   3000.124     0.4989   3.049229     0.4989   3.049494    1.52772    -0.1180    13.8155 0.0000e+00  -61.12500  -58.09350 1152620023 192.509546    34.6989      99932         21  0.000e+00
   3000.193     0.4985   3.049239     0.4993   3.049476    1.52776    -0.1180    13.8155 0.0000e+00  -61.12500  -58.09350 1152620023 192.509547    34.6995      99933         21  0.000e+00
   3000.124     0.4988   3.049226     0.4990   3.049488    1.52773    -0.1180    13.8155 0.0000e+00  -61.12500  -58.09350 1152620023 192.509547    34.6990      99934         21  0.000e+00
