product_data/regression_test/downloaded_data/MDGS/320620060703/ctd/p6607401.ros
* Sea-Bird SBE 9 Data File:
* FileName = D:\Data\Raw\p6607401.dat
* Software Version Seasave Win32 V 5.32
* Temperature SN = 1649
* Conductivity SN = 1431
* Number of Bytes Per Scan = 37
* Number of Voltage Words = 5
* Number of Scans Averaged by the Deck Unit = 1
* NMEA Latitude = 62 14.82 S
* NMEA Longitude = 058 06.36 W
* NMEA UTC (Time) = 10:56:46
** Ship:   Nathaniel B. Palmer 
** Cruise:    NBP0606 
# nquan = 17
# nvalues = 1176                    
# units = specified
# name 0 = prDM: Pressure, Digiquartz [db]
# name 1 = t090C: Temperature [ITS-90, deg C]
# name 2 = c0S/m: Conductivity [S/m]
# name 3 = t190C: Temperature, 2 [ITS-90, deg C]
# name 4 = c1S/m: Conductivity, 2 [S/m]
# name 5 = sbeox0ML/L: Oxygen, SBE 43 [ml/l]
# name 6 = flECO-AFL: Fluorescence, Wetlab ECO-AFL/FL [mg/m^3]
# name 7 = bat: Beam Attenuation, Chelsea/Seatech/Wetlab CStar [1/m]
# name 8 = spar: SPAR/Surface Irradiance
# name 9 = latitude: Latitude [deg]
# name 10 = longitude: Longitude [deg]
# name 11 = timeY: Time, System [seconds]
# name 12 = timeJ: Julian Days
# name 13 = sal00: Salinity [PSU]
# name 14 = scan: scan number
# name 15 = nbf: number of bottles fired
# name 16 = flag:  0.000e+00
# interval = seconds: 0.0416667                   
# start_time = Jul 08 2006 10:56:54
*END*
[from data line 1022]
     50.001    -0.8074   2.780033    -0.8064   2.780020    7.51443    -0.0642    13.8155 0.0000e+00  -62.24700  -58.10600 1152360293 189.503410    34.2290      97936         21  0.000e+00
     50.001    -0.8080   2.780026    -0.8062   2.779997    7.51923    -0.0319    13.8155 0.0000e+00  -62.24700  -58.10600 1152360293 189.503410    34.2296      97937         21  0.000e+00
     50.078    -0.8072   2.780023    -0.8067   2.780026    7.51450    -0.0104    13.8155 0.0000e+00  -62.24700  -58.10600 1152360293 189.503411    34.2287      97938         21  0.000e+00
     50.078    -0.8075   2.780033    -0.8070   2.780026    7.51453    -0.0211    13.8155 0.0000e+00  -62.24700  -58.10600 1152360293 189.503411    34.2291      97939         21  0.000e+00
     50.078    -0.8072   2.780027    -0.8065   2.780020    7.51449    -0.0211    13.8155 0.0000e+00  -62.24700  -58.10600 1152360293 189.503412    34.2287      97940         21  0.000e+00
     50.002    -0.8074   2.780023    -0.8065   2.780055    7.51444    -0.0534    13.8155 0.0000e+00  -62.24700  -58.10600 1152360293 189.503412    34.2289      97941         21  0.000e+00
     50.078    -0.8069   2.780040    -0.8068   2.780031    7.51913    -0.0534    13.8155 0.0000e+00  -62.24700  -58.10600 1152360293 189.503413    34.2285      97942         21  0.000e+00
     49.728    -0.8167   2.779331    -0.8162   2.779330    7.52073    -0.0534    13.8155 0.0000e+00  -62.24700  -58.10600 1152360299 189.503478    34.2302      98077         22  0.000e+00
     49.728    -0.8165   2.779311    -0.8162   2.779312    7.52072    -0.0104    13.8155 0.0000e+00  -62.24700  -58.10600 1152360299 189.503478    34.2297      98078         22  0.000e+00
     49.871    -0.8171   2.779291    -0.8162   2.779324    7.52098    -0.0211    13.8155 0.0000e+00  -62.24700  -58.10600 1152360299 189.503479    34.2301      98079         22  0.000e+00
     49.795    -0.8166   2.779337    -0.8162   2.779312    7.52548     0.0004    13.8155 0.0000e+00  -62.24700  -58.10600 1152360299 189.503479    34.2302      98080         22  0.000e+00
     49.795    -0.8176   2.779321    -0.8167   2.779324    7.52564     0.0542    13.8155 0.0000e+00  -62.24700  -58.10600 1152360299 189.503480    34.2311      98081         22  0.000e+00
     49.795    -0.8168   2.779304    -0.8162   2.779312    7.52553    -0.0642    13.8155 0.0000e+00  -62.24700  -58.10600 1152360299 189.503480    34.2300      98082         22  0.000e+00
     49.795    -0.8171   2.779308    -0.8165   2.779306    7.52089    -0.1072    13.8155 0.0000e+00  -62.24700  -58.10600 1152360299 189.503481    34.2304      98083         22  0.000e+00
     49.795    -0.8176   2.779311    -0.8168   2.779306    7.52095    -0.0534    13.8155 0.0000e+00  -62.24700  -58.10600 1152360299 189.503481    34.2309      98084         22  0.000e+00
     49.728    -0.8170   2.779291    -0.8165   2.779306    7.52081    -0.0319    13.8155 0.0000e+00  -62.24700  -58.10600 1152360299 189.503482    34.2300      98085         22  0.000e+00
     49.795    -0.8170   2.779281    -0.8168   2.779306    7.52088    -0.0104    13.8155 0.0000e+00  -62.24700  -58.10600 1152360299 189.503482    34.2298      98086         22  0.000e+00
     49.728    -0.8171   2.779285    -0.8166   2.779283    7.52083     0.0219    13.8155 0.0000e+00  -62.24700  -58.10600 1152360299 189.503483    34.2301      98087         22  0.000e+00
     49.728    -0.8173   2.779268    -0.8170   2.779254    7.52087     0.0112    13.8155 0.0000e+00  -62.24700  -58.10600 1152360299 189.503483    34.2300      98088         22  0.000e+00
     49.728    -0.8173   2.779298    -0.8163   2.779266    7.52084    -0.0857    13.8155 0.0000e+00  -62.24700  -58.10600 1152360299 189.503484    34.2304      98089         22  0.000e+00
     49.728    -0.8174   2.779304    -0.8164   2.779277    7.52085    -0.0964    13.8155 0.0000e+00  -62.24700  -58.10600 1152360299 189.503484    34.2306      98090         22  0.000e+00
     49.661    -0.8176   2.779255    -0.8170   2.779277    7.52085    -0.0534    13.8155 0.0000e+00  -62.24700  -58.10600 1152360299 189.503485    34.2303      98091         22  0.000e+00
     49.728    -0.8178   2.779258    -0.8168   2.779254    7.52564    -0.0534    13.8155 0.0000e+00  -62.24700  -58.10600 1152360299 189.503485    34.2304      98092         22  0.000e+00
     49.728    -0.8176   2.779281    -0.8168   2.779289    7.52090    -0.0857    13.8155 0.0000e+00  -62.24700  -58.10600 1152360299 189.503486    34.2306      98093         22  0.000e+00
     49.662    -0.8173   2.779248    -0.8171   2.779283    7.52081    -0.0857    13.8155 0.0000e+00  -62.24700  -58.10600 1152360299 189.503486    34.2298      98094         22  0.000e+00
     49.728    -0.8176   2.779258    -0.8170   2.779295    7.52092    -0.0319    13.8155 0.0000e+00  -62.24700  -58.10600 1152360299 189.503487    34.2303      98095         22  0.000e+00
     49.662    -0.8174   2.779265    -0.8171   2.779260    7.52082    -0.0104    13.8155 0.0000e+00  -62.24700  -58.10600 1152360299 189.503487    34.2302      98096         22  0.000e+00
     49.662    -0.8173   2.779261    -0.8173   2.779266    7.52080    -0.0319    13.8155 0.0000e+00  -62.24700  -58.10600 1152360300 189.503488    34.2300      98097         22  0.000e+00
     49.728    -0.8178   2.779281    -0.8168   2.779254    7.52562    -0.0426    13.8155 0.0000e+00  -62.24700  -58.10600 1152360300 189.503488    34.2308      98098         22  0.000e+00
     49.585    -0.8179   2.779268    -0.8174   2.779231    7.52081    -0.0857    13.8155 0.0000e+00  -62.24700  -58.10600 1152360300 189.503489    34.2308      98099         22  0.000e+00
     49.728    -0.8176   2.779298    -0.8171   2.779243    7.52559    -0.0319    13.8155 0.0000e+00  -62.24700  -58.10600 1152360300 189.503489    34.2308      98100         22  0.000e+00
     49.585    -0.8169   2.779288    -0.8177   2.779248    7.52065    -0.0319    13.8155 0.0000e+00  -62.24700  -58.10600 1152360300 189.503490    34.2300      98101         22  0.000e+00
     49.662    -0.8170   2.779318    -0.8176   2.779248    7.52541    -0.0426    13.8155 0.0000e+00  -62.24700  -58.10600 1152360300 189.503490    34.2304      98102         22  0.000e+00
     49.662    -0.8170   2.779347    -0.8173   2.779248    7.52539    -0.0319    13.8155 0.0000e+00  -62.24700  -58.10600 1152360300 189.503491    34.2308      98103         22  0.000e+00
     49.662    -0.8168   2.779334    -0.8176   2.779248    7.52537    -0.0211    13.8155 0.0000e+00  -62.24700  -58.10600 1152360300 189.503491    34.2304      98104         22  0.000e+00
     49.585    -0.8167   2.779327    -0.8174   2.779208    7.52058    -0.0857    13.8155 0.0000e+00  -62.24700  -58.10600 1152360300 189.503492    34.2302      98105         22  0.000e+00
     49.662    -0.8167   2.779314    -0.8177   2.779214    7.52067    -0.0749    13.8155 0.0000e+00  -62.24700  -58.10600 1152360300 189.503492    34.2300      98106         22  0.000e+00
     49.586    -0.8167   2.779311    -0.8182   2.779225    7.52059    -0.0749    13.8155 0.0000e+00  -62.24700  -58.10600 1152360300 189.503492    34.2300      98107         22  0.000e+00
     49.662    -0.8170   2.779360    -0.8181   2.779243    7.52069    -0.0534    13.8155 0.0000e+00  -62.24700  -58.10600 1152360300 189.503493    34.2310      98108         22  0.000e+00
     49.586    -0.8164   2.779370    -0.8182   2.779208    7.52051     0.0112    13.8155 0.0000e+00  -62.24700  -58.10600 1152360300 189.503493    34.2305      98109         22  0.000e+00
     49.652    -0.8165   2.779341    -0.8180   2.779179    7.52062    -0.0104    13.8155 0.0000e+00  -62.24700  -58.10600 1152360300 189.503494    34.2302      98110         22  0.000e+00
     49.586    -0.8162   2.779347    -0.8185   2.779190    7.52050    -0.0534    13.8155 0.0000e+00  -62.24700  -58.10600 1152360300 189.503494    34.2300      98111         22  0.000e+00
     49.586    -0.8163   2.779354    -0.8183   2.779179    7.52051    -0.0319    13.8155 0.0000e+00  -62.24700  -58.10600 1152360300 189.503495    34.2302      98112         22  0.000e+00
     49.586    -0.8168   2.779334    -0.8187   2.779150    7.52060    -0.0211    13.8155 0.0000e+00  -62.24700  -58.10600 1152360300 189.503495    34.2305      98113         22  0.000e+00
     49.662    -0.8164   2.779347    -0.8188   2.779161    7.52060    -0.0534    13.8155 0.0000e+00  -62.24700  -58.10600 1152360300 189.503496    34.2301      98114         22  0.000e+00
     49.586    -0.8170   2.779354    -0.8194   2.779150    7.52061    -0.0534    13.8155 0.0000e+00  -62.24700  -58.10600 1152360300 189.503496    34.2310      98115         22  0.000e+00
     49.586    -0.8165   2.779350    -0.8194   2.779127    7.52054    -0.0426    13.8155 0.0000e+00  -62.24700  -58.10600 1152360300 189.503497    34.2304      98116         22  0.000e+00
     49.586    -0.8167   2.779350    -0.8194   2.779115    7.52057    -0.0211    13.8155 0.0000e+00  -62.24700  -58.10600 1152360300 189.503497    34.2305      98117         22  0.000e+00
     49.662    -0.8174   2.779321    -0.8196   2.779132    7.52078     0.0112    13.8155 0.0000e+00  -62.24700  -58.10600 1152360300 189.503498    34.2310      98118         22  0.000e+00
     49.586    -0.8168   2.779311    -0.8190   2.779144    7.52062     0.0112    13.8155 0.0000e+00  -62.24700  -58.10600 1152360300 189.503498    34.2302      98119         22  0.000e+00
     49.586    -0.8164   2.779341    -0.8191   2.779161    7.52053    -0.0104    13.8155 0.0000e+00  -62.24700  -58.10600 1152360300 189.503499    34.2301      98120         22  0.000e+00
     49.586    -0.8164   2.779301    -0.8197   2.779132    7.52055     0.0004    13.8155 0.0000e+00  -62.24700  -58.10600 1152360300 189.503499    34.2295      98121         22  0.000e+00
     49.586    -0.8166   2.779317    -0.8194   2.779121    7.52058    -0.0104    13.8155 0.0000e+00  -62.24700  -58.10600 1152360301 189.503500    34.2300      98122         22  0.000e+00
     49.586    -0.8164   2.779331    -0.8197   2.779098    7.52053     0.0004    13.8155 0.0000e+00  -62.24700  -58.10600 1152360301 189.503500    34.2299      98123         22  0.000e+00
     49.586    -0.8167   2.779311    -0.8200   2.779092    7.52060    -0.0749    13.8155 0.0000e+00  -62.24700  -58.10600 1152360301 189.503501    34.2300      98124         22  0.000e+00
     49.662    -0.8168   2.779275    -0.8202   2.779069    7.52072    -0.1395    13.8155 0.0000e+00  -62.24700  -58.10600 1152360301 189.503501    34.2296      98125         22  0.000e+00
     10.040    -0.7265   2.784667    -0.7262   2.784662    7.52264    -0.0426    13.8155 0.0000e+00  -62.24700  -58.10600 1152360399 189.504636    34.2249     100479         23  0.000e+00
     10.135    -0.7267   2.784667    -0.7263   2.784609    7.52279    -0.0211    13.8155 0.0000e+00  -62.24700  -58.10600 1152360399 189.504637    34.2252     100480         23  0.000e+00
      9.973    -0.7263   2.784667    -0.7259   2.784650    7.52255    -0.0749    13.8155 0.0000e+00  -62.24700  -58.10600 1152360399 189.504637    34.2248     100481         23  0.000e+00
     10.040    -0.7266   2.784680    -0.7259   2.784627    7.52266    -0.1072    13.8155 0.0000e+00  -62.24700  -58.10600 1152360399 189.504638    34.2253     100482         23  0.000e+00
     10.135    -0.7266   2.784654    -0.7256   2.784615    7.52277    -0.0964    13.8155 0.0000e+00  -62.24700  -58.10600 1152360399 189.504638    34.2248     100483         23  0.000e+00
     10.106    -0.7261   2.784660    -0.7262   2.784615    7.52267    -0.0426    13.8155 0.0000e+00  -62.24700  -58.10600 1152360399 189.504639    34.2244     100484         23  0.000e+00
     10.106    -0.7260   2.784667    -0.7259   2.784633    7.52264    -0.0534    13.8155 0.0000e+00  -62.24700  -58.10600 1152360399 189.504639    34.2243     100485         23  0.000e+00
     10.068    -0.7261   2.784667    -0.7259   2.784604    7.52263    -0.0319    13.8155 0.0000e+00  -62.24700  -58.10600 1152360399 189.504640    34.2245     100486         23  0.000e+00
     10.106    -0.7263   2.784647    -0.7258   2.784627    7.52271     0.0112    13.8155 0.0000e+00  -62.24700  -58.10600 1152360399 189.504640    34.2244     100487         23  0.000e+00
     10.068    -0.7258   2.784644    -0.7262   2.784627    7.52259    -0.0319    13.8155 0.0000e+00  -62.24700  -58.10600 1152360399 189.504641    34.2239     100488         23  0.000e+00
     10.106    -0.7263   2.784660    -0.7255   2.784615    7.52270    -0.0534    13.8155 0.0000e+00  -62.24700  -58.10600 1152360399 189.504641    34.2246     100489         23  0.000e+00
     10.040    -0.7265   2.784647    -0.7264   2.784615    7.52266    -0.0749    13.8155 0.0000e+00  -62.24700  -58.10600 1152360399 189.504642    34.2246     100490         23  0.000e+00
     10.135    -0.7261   2.784660    -0.7258   2.784598    7.52270    -0.1072    13.8155 0.0000e+00  -62.24700  -58.10600 1152360399 189.504642    34.2244     100491         23  0.000e+00
     10.107    -0.7260   2.784667    -0.7259   2.784609    7.52264    -0.0857    13.8155 0.0000e+00  -62.24700  -58.10600 1152360399 189.504643    34.2243     100492         23  0.000e+00
     10.040    -0.7261   2.784667    -0.7262   2.784633    7.52260    -0.0642    13.8155 0.0000e+00  -62.24700  -58.10600 1152360399 189.504643    34.2246     100493         23  0.000e+00
     10.135    -0.7263   2.784667    -0.7264   2.784644    7.52272    -0.0426    13.8155 0.0000e+00  -62.24700  -58.10600 1152360399 189.504644    34.2247     100494         23  0.000e+00
     10.107    -0.7263   2.784647    -0.7261   2.784621    7.52270    -0.0642    13.8155 0.0000e+00  -62.24700  -58.10600 1152360399 189.504644    34.2244     100495         23  0.000e+00
     10.040    -0.7266   2.784624    -0.7261   2.784615    7.51804    -0.0319    13.8155 0.0000e+00  -62.24700  -58.10600 1152360399 189.504645    34.2245     100496         23  0.000e+00
     10.135    -0.7268   2.784621    -0.7262   2.784615    7.52282    -0.0426    13.8155 0.0000e+00  -62.24700  -58.10600 1152360399 189.504645    34.2246     100497         23  0.000e+00
     10.107    -0.7267   2.784654    -0.7261   2.784638    7.52277    -0.0426    13.8155 0.0000e+00  -62.24700  -58.10600 1152360399 189.504646    34.2250     100498         23  0.000e+00
     10.135    -0.7265   2.784647    -0.7261   2.784621    7.52276    -0.0319    13.8155 0.0000e+00  -62.24700  -58.10600 1152360400 189.504646    34.2246     100499         23  0.000e+00
     10.107    -0.7263   2.784677    -0.7264   2.784598    7.52268    -0.0104    13.8155 0.0000e+00  -62.24700  -58.10600 1152360400 189.504647    34.2248     100500         23  0.000e+00
     10.107    -0.7266   2.784654    -0.7264   2.784609    7.52274    -0.0319    13.8155 0.0000e+00  -62.24700  -58.10600 1152360400 189.504647    34.2249     100501         23  0.000e+00
     10.135    -0.7268   2.784660    -0.7263   2.784633    7.52280    -0.0211    13.8155 0.0000e+00  -62.24700  -58.10600 1152360400 189.504647    34.2251     100502         23  0.000e+00
     10.107    -0.7266   2.784630    -0.7259   2.784621    7.52276    -0.0211    13.8155 0.0000e+00  -62.24700  -58.10600 1152360400 189.504648    34.2245     100503         23  0.000e+00
     10.183    -0.7260   2.784637    -0.7261   2.784633    7.52275    -0.0534    13.8155 0.0000e+00  -62.24700  -58.10600 1152360400 189.504648    34.2239     100504         23  0.000e+00
     10.135    -0.7269   2.784644    -0.7261   2.784644    7.52283    -0.0319    13.8155 0.0000e+00  -62.24700  -58.10600 1152360400 189.504649    34.2251     100505         23  0.000e+00
     10.183    -0.7263   2.784644    -0.7262   2.784662    7.52278    -0.0104    13.8155 0.0000e+00  -62.24700  -58.10600 1152360400 189.504649    34.2243     100506         23  0.000e+00
