product_data/regression_test/downloaded_data/MDGS/320620060703/ctd/p6609303.cnv
* Sea-Bird SBE 9 Data File:
* FileName = D:\Data\Raw\P6609303.dat
* Software Version Seasave Win32 V 5.32
* Temperature SN = 1649
* Conductivity SN = 1431
* Number of Bytes Per Scan = 37
* Number of Voltage Words = 5
* Number of Scans Averaged by the Deck Unit = 1
* NMEA Latitude = 61 07.51 S
* NMEA Longitude = 058 05.60 W
* NMEA UTC (Time) = 00:05:51
** Ship:   Nathaniel B. Palmer nbp
** Cruise:    NBP0603 nbp0606
** Cast #: 01
** Station:   93
** Operator: yz
# nquan = 15
# nvalues = 1101                        
# units = specified
# name 0 = prDM: Pressure, Digiquartz [db]
# name 1 = t090C: Temperature [ITS-90, deg C]
# name 2 = c0S/m: Conductivity [S/m]
# name 3 = t190C: Temperature, 2 [ITS-90, deg C]
# name 4 = c1S/m: Conductivity, 2 [S/m]
# name 5 = sbeox0ML/L: Oxygen, SBE 43 [ml/l]
# name 6 = flECO-AFL: Fluorescence, Wetlab ECO-AFL/FL [mg/m^3]
# name 7 = bat: Beam Attenuation, Chelsea/Seatech/Wetlab CStar [1/m]
# name 8 = spar: SPAR/Surface Irradiance
# name 9 = latitude: Latitude [deg]
# name 10 = longitude: Longitude [deg]
# name 11 = timeY: Time, System [seconds]
# name 12 = timeJ: Julian Days
# name 13 = sal00: Salinity [PSU]
# name 14 = flag: flag
# span 0 =      6.000,   1106.000       
# span 1 =    -0.7384,     1.9727       
# span 2 =   2.764533,   3.068780       
# span 3 =    -0.7373,     1.9738       
# span 4 =   2.765127,   3.068979       
# span 5 =    4.33983,    7.99856       
# span 6 =    -0.1181,     0.3050       
# span 7 =    13.8155,    13.8155       
# span 8 = 0.0000e+00, 0.0000e+00       
# span 9 =  -61.12517,  -61.12517       
# span 10 =  -58.09333,  -58.09333      
# span 11 = 1152576381, 1152577940      
# span 12 = 192.004432, 192.022477      
# span 13 =    33.9544,    34.7279      
# span 14 = 0.0000e+00, 0.0000e+00      
# interval = decibars: 1                
# start_time = Jul 11 2006 00:05:59
# bad_flag = -9.990e-29
*END*
[from data line 482]
    488.000     1.9013   3.067450     1.9017   3.067718    4.45658    -0.0834    13.8155 0.0000e+00  -61.12517  -58.09333 1152577136 192.013167    34.7005 0.0000e+00
    489.000     1.9010   3.067472     1.9014   3.067739    4.45520    -0.0791    13.8155 0.0000e+00  -61.12517  -58.09333 1152577136 192.013174    34.7005 0.0000e+00
    490.000     1.9008   3.067481     1.9011   3.067756    4.45464    -0.0823    13.8155 0.0000e+00  -61.12517  -58.09333 1152577137 192.013181    34.7003 0.0000e+00
    491.000     1.9003   3.067495     1.9003   3.067749    4.45449    -0.0624    13.8155 0.0000e+00  -61.12517  -58.09333 1152577137 192.013187    34.7005 0.0000e+00
    492.000     1.9001   3.067529     1.9000   3.067783    4.45293    -0.0556    13.8155 0.0000e+00  -61.12517  -58.09333 1152577138 192.013194    34.7005 0.0000e+00
    493.000     1.8995   3.067529     1.8999   3.067789    4.45315    -0.0851    13.8155 0.0000e+00  -61.12517  -58.09333 1152577139 192.013207    34.7007 0.0000e+00
    494.000     1.9015   3.067728     1.9017   3.067988    4.46266    -0.0678    13.8155 0.0000e+00  -61.12517  -58.09333 1152577146 192.013283    34.7003 0.0000e+00
    495.000     1.9006   3.067688     1.9011   3.067976    4.46094    -0.0623    13.8155 0.0000e+00  -61.12517  -58.09333 1152577146 192.013292    34.7003 0.0000e+00
    496.000     1.8993   3.067655     1.8996   3.067922    4.45870    -0.0596    13.8155 0.0000e+00  -61.12517  -58.09333 1152577147 192.013299    34.7008 0.0000e+00
    497.000     1.8997   3.067758     1.8996   3.068012    4.45820    -0.0948    13.8155 0.0000e+00  -61.12517  -58.09333 1152577147 192.013305    34.7010 0.0000e+00
    498.000     1.8994   3.067767     1.8993   3.068032    4.45831    -0.0864    13.8155 0.0000e+00  -61.12517  -58.09333 1152577148 192.013312    34.7009 0.0000e+00
    499.000     1.8992   3.067806     1.8990   3.068063    4.45824    -0.0801    13.8155 0.0000e+00  -61.12517  -58.09333 1152577149 192.013318    34.7010 0.0000e+00
    500.000     1.8990   3.067835     1.8989   3.068109    4.45892    -0.0648    13.8155 0.0000e+00  -61.12517  -58.09333 1152577149 192.013325    34.7010 0.0000e+00
    501.000     1.8980   3.067816     1.8983   3.068095    4.46035    -0.0794    13.8155 0.0000e+00  -61.12517  -58.09333 1152577150 192.013331    34.7014 0.0000e+00
    502.000     1.8980   3.067864     1.8984   3.068120    4.46103    -0.0867    13.8155 0.0000e+00  -61.12517  -58.09333 1152577152 192.013362    34.7015 0.0000e+00
    503.000     1.8986   3.067967     1.8992   3.068228    4.46414    -0.0616    13.8155 0.0000e+00  -61.12517  -58.09333 1152577157 192.013413    34.7015 0.0000e+00
    504.000     1.8948   3.067736     1.8956   3.068021    4.46880    -0.0826    13.8155 0.0000e+00  -61.12517  -58.09333 1152577158 192.013426    34.7022 0.0000e+00
    505.000     1.8932   3.067680     1.8939   3.067946    4.47308    -0.0752    13.8155 0.0000e+00  -61.12517  -58.09333 1152577159 192.013436    34.7028 0.0000e+00
    506.000     1.8917   3.067665     1.8925   3.067935    4.47353    -0.0655    13.8155 0.0000e+00  -61.12517  -58.09333 1152577159 192.013445    34.7037 0.0000e+00
    507.000     1.8930   3.067873     1.8937   3.068133    4.47385    -0.0925    13.8155 0.0000e+00  -61.12517  -58.09333 1152577160 192.013452    34.7043 0.0000e+00
    508.000     1.8953   3.068162     1.8963   3.068461    4.47456    -0.0790    13.8155 0.0000e+00  -61.12517  -58.09333 1152577161 192.013459    34.7048 0.0000e+00
    509.000     1.8973   3.068376     1.8977   3.068641    4.47403    -0.0787    13.8155 0.0000e+00  -61.12517  -58.09333 1152577161 192.013465    34.7046 0.0000e+00
    510.000     1.8974   3.068405     1.8978   3.068676    4.47413    -0.0621    13.8155 0.0000e+00  -61.12517  -58.09333 1152577162 192.013472    34.7044 0.0000e+00
    511.000     1.8965   3.068364     1.8970   3.068649    4.47421    -0.0591    13.8155 0.0000e+00  -61.12517  -58.09333 1152577162 192.013479    34.7042 0.0000e+00
    512.000     1.8958   3.068342     1.8969   3.068661    4.47572    -0.0772    13.8155 0.0000e+00  -61.12517  -58.09333 1152577165 192.013513    34.7042 0.0000e+00
    513.000     1.8961   3.068412     1.8969   3.068695    4.47857    -0.0931    13.8155 0.0000e+00  -61.12517  -58.09333 1152577169 192.013556    34.7042 0.0000e+00
    514.000     1.8967   3.068553     1.8974   3.068802    4.48547    -0.0821    13.8155 0.0000e+00  -61.12517  -58.09333 1152577171 192.013574    34.7048 0.0000e+00
    515.000     1.8953   3.068589     1.8958   3.068846    4.48764    -0.0862    13.8155 0.0000e+00  -61.12517  -58.09333 1152577172 192.013585    34.7061 0.0000e+00
    516.000     1.8942   3.068553     1.8951   3.068845    4.48811    -0.0758    13.8155 0.0000e+00  -61.12517  -58.09333 1152577172 192.013594    34.7064 0.0000e+00
    517.000     1.8943   3.068602     1.8950   3.068877    4.48811    -0.0830    13.8155 0.0000e+00  -61.12517  -58.09333 1152577173 192.013601    34.7064 0.0000e+00
    518.000     1.8947   3.068669     1.8952   3.068941    4.48749    -0.0855    13.8155 0.0000e+00  -61.12517  -58.09333 1152577174 192.013608    34.7062 0.0000e+00
    519.000     1.8943   3.068680     1.8950   3.068958    4.48588    -0.0934    13.8155 0.0000e+00  -61.12517  -58.09333 1152577174 192.013615    34.7061 0.0000e+00
    520.000     1.8927   3.068584     1.8932   3.068859    4.48528    -0.0728    13.8155 0.0000e+00  -61.12517  -58.09333 1152577175 192.013622    34.7061 0.0000e+00
    521.000     1.8911   3.068520     1.8918   3.068800    4.48329    -0.0894    13.8155 0.0000e+00  -61.12517  -58.09333 1152577176 192.013631    34.7066 0.0000e+00
    522.000     1.8906   3.068535     1.8915   3.068801    4.48442    -0.0782    13.8155 0.0000e+00  -61.12517  -58.09333 1152577178 192.013660    34.7068 0.0000e+00
    523.000     1.8933   3.068780     1.8931   3.068979    4.49045    -0.0755    13.8155 0.0000e+00  -61.12517  -58.09333 1152577181 192.013697    34.7062 0.0000e+00
    524.000     1.8880   3.068420     1.8869   3.068579    4.49327    -0.0883    13.8155 0.0000e+00  -61.12517  -58.09333 1152577183 192.013714    34.7071 0.0000e+00
    525.000     1.8842   3.068200     1.8849   3.068470    4.49442    -0.0777    13.8155 0.0000e+00  -61.12517  -58.09333 1152577184 192.013727    34.7080 0.0000e+00
    526.000     1.8800   3.067872     1.8804   3.068149    4.49285    -0.0666    13.8155 0.0000e+00  -61.12517  -58.09333 1152577185 192.013737    34.7080 0.0000e+00
    527.000     1.8775   3.067718     1.8780   3.068005    4.49368    -0.0834    13.8155 0.0000e+00  -61.12517  -58.09333 1152577186 192.013747    34.7084 0.0000e+00
    528.000     1.8773   3.067758     1.8778   3.068021    4.49341    -0.0738    13.8155 0.0000e+00  -61.12517  -58.09333 1152577186 192.013756    34.7084 0.0000e+00
    529.000     1.8771   3.067794     1.8777   3.068068    4.49352    -0.0854    13.8155 0.0000e+00  -61.12517  -58.09333 1152577187 192.013766    34.7085 0.0000e+00
    530.000     1.8763   3.067785     1.8769   3.068049    4.49350    -0.0846    13.8155 0.0000e+00  -61.12517  -58.09333 1152577188 192.013775    34.7088 0.0000e+00
    531.000     1.8759   3.067814     1.8765   3.068078    4.49376    -0.0824    13.8155 0.0000e+00  -61.12517  -58.09333 1152577189 192.013785    34.7089 0.0000e+00
    532.000     1.8751   3.067802     1.8758   3.068073    4.49429    -0.0871    13.8155 0.0000e+00  -61.12517  -58.09333 1152577190 192.013802    34.7090 0.0000e+00
    533.000     1.8758   3.067895     1.8763   3.068152    4.49386    -0.0721    13.8155 0.0000e+00  -61.12517  -58.09333 1152577193 192.013834    34.7088 0.0000e+00
    534.000     1.8741   3.067835     1.8747   3.068098    4.49558    -0.0705    13.8155 0.0000e+00  -61.12517  -58.09333 1152577195 192.013854    34.7094 0.0000e+00
    535.000     1.8737   3.067855     1.8742   3.068115    4.49804    -0.0885    13.8155 0.0000e+00  -61.12517  -58.09333 1152577196 192.013868    34.7096 0.0000e+00
    536.000     1.8731   3.067862     1.8738   3.068131    4.49901    -0.0828    13.8155 0.0000e+00  -61.12517  -58.09333 1152577197 192.013882    34.7097 0.0000e+00
    537.000     1.8729   3.067956     1.8737   3.068227    4.50325    -0.0832    13.8155 0.0000e+00  -61.12517  -58.09333 1152577198 192.013895    34.7105 0.0000e+00
    538.000     1.8730   3.068033     1.8736   3.068291    4.50421    -0.0691    13.8155 0.0000e+00  -61.12517  -58.09333 1152577199 192.013905    34.7108 0.0000e+00
    539.000     1.8732   3.068094     1.8737   3.068359    4.50426    -0.0924    13.8155 0.0000e+00  -61.12517  -58.09333 1152577200 192.013915    34.7108 0.0000e+00
    540.000     1.8729   3.068123     1.8735   3.068394    4.50434    -0.0977    13.8155 0.0000e+00  -61.12517  -58.09333 1152577201 192.013924    34.7108 0.0000e+00
    541.000     1.8727   3.068153     1.8733   3.068419    4.50456    -0.0755    13.8155 0.0000e+00  -61.12517  -58.09333 1152577202 192.013934    34.7109 0.0000e+00
    542.000     1.8728   3.068200     1.8735   3.068464    4.50306    -0.0826    13.8155 0.0000e+00  -61.12517  -58.09333 1152577204 192.013960    34.7108 0.0000e+00
    543.000     1.8727   3.068240     1.8733   3.068509    4.50485    -0.0689    13.8155 0.0000e+00  -61.12517  -58.09333 1152577207 192.013992    34.7109 0.0000e+00
    544.000     1.8719   3.068242     1.8724   3.068518    4.50435    -0.0640    13.8155 0.0000e+00  -61.12517  -58.09333 1152577208 192.014004    34.7112 0.0000e+00
    545.000     1.8709   3.068221     1.8715   3.068488    4.50298    -0.0816    13.8155 0.0000e+00  -61.12517  -58.09333 1152577209 192.014014    34.7115 0.0000e+00
    546.000     1.8697   3.068174     1.8703   3.068449    4.50203    -0.0754    13.8155 0.0000e+00  -61.12517  -58.09333 1152577209 192.014023    34.7116 0.0000e+00
    547.000     1.8692   3.068176     1.8696   3.068436    4.50034    -0.0718    13.8155 0.0000e+00  -61.12517  -58.09333 1152577210 192.014031    34.7118 0.0000e+00
    548.000     1.8675   3.068094     1.8681   3.068364    4.50044    -0.0737    13.8155 0.0000e+00  -61.12517  -58.09333 1152577211 192.014040    34.7120 0.0000e+00
    549.000     1.8669   3.068094     1.8676   3.068356    4.50209    -0.0828    13.8155 0.0000e+00  -61.12517  -58.09333 1152577212 192.014055    34.7121 0.0000e+00
    550.000     1.8670   3.068133     1.8676   3.068398    4.50665    -0.0858    13.8155 0.0000e+00  -61.12517  -58.09333 1152577215 192.014082    34.7119 0.0000e+00
    551.000     1.8668   3.068176     1.8674   3.068454    4.50860    -0.0799    13.8155 0.0000e+00  -61.12517  -58.09333 1152577216 192.014101    34.7121 0.0000e+00
    552.000     1.8658   3.068153     1.8663   3.068403    4.50900    -0.0771    13.8155 0.0000e+00  -61.12517  -58.09333 1152577217 192.014115    34.7123 0.0000e+00
    553.000     1.8652   3.068143     1.8658   3.068407    4.50925    -0.0894    13.8155 0.0000e+00  -61.12517  -58.09333 1152577218 192.014126    34.7123 0.0000e+00
    554.000     1.8652   3.068197     1.8659   3.068467    4.50965    -0.0781    13.8155 0.0000e+00  -61.12517  -58.09333 1152577219 192.014138    34.7123 0.0000e+00
    555.000     1.8641   3.068161     1.8648   3.068433    4.50922    -0.0784    13.8155 0.0000e+00  -61.12517  -58.09333 1152577220 192.014151    34.7126 0.0000e+00
    556.000     1.8637   3.068165     1.8645   3.068440    4.51142    -0.0849    13.8155 0.0000e+00  -61.12517  -58.09333 1152577222 192.014172    34.7125 0.0000e+00
    557.000     1.8635   3.068204     1.8641   3.068478    4.51309    -0.0872    13.8155 0.0000e+00  -61.12517  -58.09333 1152577224 192.014192    34.7126 0.0000e+00
    558.000     1.8634   3.068237     1.8639   3.068508    4.51316    -0.0920    13.8155 0.0000e+00  -61.12517  -58.09333 1152577225 192.014203    34.7126 0.0000e+00
    559.000     1.8632   3.068272     1.8638   3.068538    4.51318    -0.0873    13.8155 0.0000e+00  -61.12517  -58.09333 1152577226 192.014212    34.7127 0.0000e+00
    560.000     1.8630   3.068305     1.8636   3.068564    4.51321    -0.0818    13.8155 0.0000e+00  -61.12517  -58.09333 1152577226 192.014220    34.7128 0.0000e+00
    561.000     1.8625   3.068296     1.8630   3.068559    4.51343    -0.0830    13.8155 0.0000e+00  -61.12517  -58.09333 1152577227 192.014228    34.7126 0.0000e+00
    562.000     1.8619   3.068295     1.8627   3.068568    4.51272    -0.0785    13.8155 0.0000e+00  -61.12517  -58.09333 1152577229 192.014249    34.7127 0.0000e+00
    563.000     1.8623   3.068360     1.8628   3.068633    4.51793    -0.0959    13.8155 0.0000e+00  -61.12517  -58.09333 1152577232 192.014282    34.7125 0.0000e+00
    564.000     1.8601   3.068262     1.8606   3.068527    4.51814    -0.0802    13.8155 0.0000e+00  -61.12517  -58.09333 1152577233 192.014295    34.7132 0.0000e+00
    565.000     1.8585   3.068191     1.8591   3.068456    4.51871    -0.0760    13.8155 0.0000e+00  -61.12517  -58.09333 1152577234 192.014307    34.7135 0.0000e+00
    566.000     1.8565   3.068075     1.8572   3.068361    4.52071    -0.0828    13.8155 0.0000e+00  -61.12517  -58.09333 1152577235 192.014317    34.7137 0.0000e+00
    567.000     1.8556   3.068033     1.8561   3.068312    4.52034    -0.0703    13.8155 0.0000e+00  -61.12517  -58.09333 1152577236 192.014329    34.7137 0.0000e+00
    568.000     1.8549   3.068026     1.8555   3.068287    4.52010    -0.0856    13.8155 0.0000e+00  -61.12517  -58.09333 1152577237 192.014343    34.7138 0.0000e+00
    569.000     1.8540   3.068004     1.8547   3.068273    4.52061    -0.0747    13.8155 0.0000e+00  -61.12517  -58.09333 1152577238 192.014357    34.7139 0.0000e+00
    570.000     1.8538   3.068028     1.8544   3.068297    4.52105    -0.0802    13.8155 0.0000e+00  -61.12517  -58.09333 1152577239 192.014371    34.7139 0.0000e+00
    571.000     1.8528   3.067997     1.8534   3.068267    4.52162    -0.0853    13.8155 0.0000e+00  -61.12517  -58.09333 1152577241 192.014384    34.7140 0.0000e+00
    572.000     1.8521   3.067976     1.8527   3.068253    4.52262    -0.0830    13.8155 0.0000e+00  -61.12517  -58.09333 1152577242 192.014400    34.7139 0.0000e+00
    573.000     1.8517   3.067996     1.8524   3.068271    4.52376    -0.0826    13.8155 0.0000e+00  -61.12517  -58.09333 1152577244 192.014420    34.7140 0.0000e+00
    574.000     1.8506   3.067956     1.8512   3.068232    4.52472    -0.0799    13.8155 0.0000e+00  -61.12517  -58.09333 1152577245 192.014437    34.7142 0.0000e+00
    575.000     1.8474   3.067762     1.8482   3.068055    4.52530    -0.0911    13.8155 0.0000e+00  -61.12517  -58.09333 1152577246 192.014453    34.7147 0.0000e+00
    576.000     1.8462   3.067724     1.8468   3.067992    4.52596    -0.0780    13.8155 0.0000e+00  -61.12517  -58.09333 1152577248 192.014466    34.7151 0.0000e+00
    577.000     1.8458   3.067736     1.8462   3.068008    4.52680    -0.0813    13.8155 0.0000e+00  -61.12517  -58.09333 1152577249 192.014478    34.7151 0.0000e+00
    578.000     1.8456   3.067759     1.8461   3.068030    4.52756    -0.0875    13.8155 0.0000e+00  -61.12517  -58.09333 1152577250 192.014489    34.7151 0.0000e+00
    579.000     1.8452   3.067785     1.8458   3.068049    4.52852    -0.0853    13.8155 0.0000e+00  -61.12517  -58.09333 1152577251 192.014503    34.7151 0.0000e+00
    580.000     1.8447   3.067786     1.8452   3.068057    4.52913    -0.0872    13.8155 0.0000e+00  -61.12517  -58.09333 1152577252 192.014520    34.7152 0.0000e+00
    581.000     1.8429   3.067692     1.8435   3.067973    4.53085    -0.0774    13.8155 0.0000e+00  -61.12517  -58.09333 1152577254 192.014535    34.7154 0.0000e+00
    582.000     1.8396   3.067493     1.8402   3.067774    4.53416    -0.0897    13.8155 0.0000e+00  -61.12517  -58.09333 1152577255 192.014547    34.7160 0.0000e+00
    583.000     1.8379   3.067406     1.8385   3.067682    4.53635    -0.0877    13.8155 0.0000e+00  -61.12517  -58.09333 1152577256 192.014560    34.7163 0.0000e+00
