product_data/regression_test/downloaded_data/MDGS/320620060703/ctd/p6609306.ros
* Sea-Bird SBE 9 Data File:
* FileName = D:\Data\Raw\p6609306.dat
* Software Version Seasave Win32 V 5.32
* Temperature SN = 1649
* Conductivity SN = 1431
* Number of Bytes Per Scan = 37
* Number of Voltage Words = 5
* Number of Scans Averaged by the Deck Unit = 1
* NMEA Latitude = 61 07.50 S
* NMEA Longitude = 058 05.51 W
* NMEA UTC (Time) = 04:04:44
** Ship:   Nathaniel B. Palmer nbp
** Cruise:    NBP0606 nbp0606
# nquan = 17
# nvalues = 1176                    
# units = specified
# name 0 = prDM: Pressure, Digiquartz [db]
# name 1 = t090C: Temperature [ITS-90, deg C]
# name 2 = c0S/m: Conductivity [S/m]
# name 3 = t190C: Temperature, 2 [ITS-90, deg C]
# name 4 = c1S/m: Conductivity, 2 [S/m]
# name 5 = sbeox0ML/L: Oxygen, SBE 43 [ml/l]
# name 6 = flECO-AFL: Fluorescence, Wetlab ECO-AFL/FL [mg/m^3]
# name 7 = bat: Beam Attenuation, Chelsea/Seatech/Wetlab CStar [1/m]
# name 8 = spar: SPAR/Surface Irradiance
# name 9 = latitude: Latitude [deg]
# name 10 = longitude: Longitude [deg]
# name 11 = timeY: Time, System [seconds]
# name 12 = timeJ: Julian Days
# name 13 = sal00: Salinity [PSU]
# name 14 = scan: scan number
# name 15 = nbf: number of bottles fired
# name 16 = flag:  0.000e+00
# interval = seconds: 0.0416667                   
# start_time = Jul 11 2006 04:04:51
*END*
[from data line 596]
    501.065     1.8765   3.066679     1.8773   3.066941    4.49755    -0.0857    13.8155 0.0000e+00  -61.12500  -58.09183 1152591567 192.180194    34.7106      21067         13  0.000e+00
    501.084     1.8760   3.066679     1.8769   3.066935    4.49760    -0.0857    13.8155 0.0000e+00  -61.12500  -58.09183 1152591567 192.180194    34.7111      21068         13  0.000e+00
    501.017     1.8765   3.066717     1.8770   3.066953    4.49750    -0.0749    13.8155 0.0000e+00  -61.12500  -58.09183 1152591567 192.180195    34.7111      21069         13  0.000e+00
    501.065     1.8763   3.066714     1.8764   3.066965    4.49755    -0.0534    13.8155 0.0000e+00  -61.12500  -58.09183 1152591567 192.180195    34.7112      21070         13  0.000e+00
    501.084     1.8763   3.066727     1.8767   3.066965    4.49756    -0.0426    13.8155 0.0000e+00  -61.12500  -58.09183 1152591568 192.180196    34.7114      21071         13  0.000e+00
    501.084     1.8763   3.066714     1.8766   3.066965    4.49756    -0.0319    13.8155 0.0000e+00  -61.12500  -58.09183 1152591568 192.180196    34.7112      21072         13  0.000e+00
    501.132     1.8758   3.066690     1.8772   3.066983    4.49764    -0.0104    13.8155 0.0000e+00  -61.12500  -58.09183 1152591568 192.180197    34.7114      21073         13  0.000e+00
    501.084     1.8765   3.066686     1.8772   3.066989    4.49290    -0.0857    13.8155 0.0000e+00  -61.12500  -58.09183 1152591568 192.180197    34.7107      21074         13  0.000e+00
    501.161     1.8761   3.066686     1.8767   3.066989    4.49763    -0.0426    13.8155 0.0000e+00  -61.12500  -58.09183 1152591568 192.180198    34.7110      21075         13  0.000e+00
    501.084     1.8761   3.066679     1.8770   3.066971    4.49293    -0.0749    13.8155 0.0000e+00  -61.12500  -58.09183 1152591568 192.180198    34.7109      21076         13  0.000e+00
    501.209     1.8768   3.066721     1.8773   3.066983    4.49759    -0.1610    13.8155 0.0000e+00  -61.12500  -58.09183 1152591568 192.180199    34.7107      21077         13  0.000e+00
    501.084     1.8758   3.066714     1.8772   3.066989    4.49760    -0.1395    13.8155 0.0000e+00  -61.12500  -58.09183 1152591568 192.180199    34.7117      21078         13  0.000e+00
    501.161     1.8763   3.066655     1.8769   3.066989    4.49297    -0.1287    13.8155 0.0000e+00  -61.12500  -58.09183 1152591568 192.180200    34.7104      21079         13  0.000e+00
    501.209     1.8761   3.066672     1.8772   3.067007    4.49767    -0.1072    13.8155 0.0000e+00  -61.12500  -58.09183 1152591568 192.180200    34.7108      21080         13  0.000e+00
    501.161     1.8760   3.066665     1.8770   3.067019    4.49765    -0.0642    13.8155 0.0000e+00  -61.12500  -58.09183 1152591568 192.180201    34.7109      21081         13  0.000e+00
    501.228     1.8760   3.066696     1.8773   3.066995    4.49769    -0.0426    13.8155 0.0000e+00  -61.12500  -58.09183 1152591568 192.180201    34.7112      21082         13  0.000e+00
    501.161     1.8760   3.066703     1.8775   3.066989    4.49764    -0.0857    13.8155 0.0000e+00  -61.12500  -58.09183 1152591568 192.180202    34.7114      21083         13  0.000e+00
    501.209     1.8760   3.066690     1.8769   3.066989    4.49768    -0.0749    13.8155 0.0000e+00  -61.12500  -58.09183 1152591568 192.180202    34.7111      21084         13  0.000e+00
    501.228     1.8765   3.066721     1.8773   3.067007    4.49763    -0.0319    13.8155 0.0000e+00  -61.12500  -58.09183 1152591568 192.180203    34.7110      21085         13  0.000e+00
    501.229     1.8763   3.066714     1.8774   3.066977    4.49765    -0.0642    13.8155 0.0000e+00  -61.12500  -58.09183 1152591568 192.180203    34.7111      21086         13  0.000e+00
    501.209     1.8765   3.066727     1.8772   3.066983    4.49762    -0.0749    13.8155 0.0000e+00  -61.12500  -58.09183 1152591568 192.180204    34.7111      21087         13  0.000e+00
    501.229     1.8766   3.066734     1.8773   3.067007    4.49761    -0.1072    13.8155 0.0000e+00  -61.12500  -58.09183 1152591568 192.180204    34.7110      21088         13  0.000e+00
    501.229     1.8765   3.066714     1.8769   3.066995    4.49764    -0.1287    13.8155 0.0000e+00  -61.12500  -58.09183 1152591568 192.180204    34.7109      21089         13  0.000e+00
    501.209     1.8763   3.066710     1.8775   3.067007    4.49764    -0.0857    13.8155 0.0000e+00  -61.12500  -58.09183 1152591568 192.180205    34.7111      21090         13  0.000e+00
    501.305     1.8766   3.066721     1.8773   3.067019    4.49767    -0.0642    13.8155 0.0000e+00  -61.12500  -58.09183 1152591568 192.180205    34.7108      21091         13  0.000e+00
    501.229     1.8766   3.066696     1.8770   3.066995    4.49763    -0.0534    13.8155 0.0000e+00  -61.12500  -58.09183 1152591568 192.180206    34.7106      21092         13  0.000e+00
    501.229     1.8761   3.066721     1.8772   3.067007    4.49766    -0.0749    13.8155 0.0000e+00  -61.12500  -58.09183 1152591568 192.180206    34.7114      21093         13  0.000e+00
    501.277     1.8763   3.066714     1.8773   3.066995    4.49768    -0.0857    13.8155 0.0000e+00  -61.12500  -58.09183 1152591569 192.180207    34.7111      21094         13  0.000e+00
    501.305     1.8768   3.066710     1.8773   3.067007    4.49766    -0.0642    13.8155 0.0000e+00  -61.12500  -58.09183 1152591569 192.180207    34.7105      21095         13  0.000e+00
    501.229     1.8765   3.066727     1.8768   3.067019    4.49763    -0.0642    13.8155 0.0000e+00  -61.12500  -58.09183 1152591569 192.180208    34.7111      21096         13  0.000e+00
    501.277     1.8761   3.066714     1.8772   3.066995    4.49770    -0.0642    13.8155 0.0000e+00  -61.12500  -58.09183 1152591569 192.180208    34.7113      21097         13  0.000e+00
    501.305     1.8768   3.066703     1.8775   3.066989    4.49766    -0.0534    13.8155 0.0000e+00  -61.12500  -58.09183 1152591569 192.180209    34.7104      21098         13  0.000e+00
    501.305     1.8760   3.066707     1.8770   3.066971    4.49773    -0.0749    13.8155 0.0000e+00  -61.12500  -58.09183 1152591569 192.180209    34.7113      21099         13  0.000e+00
    501.305     1.8768   3.066710     1.8770   3.066983    4.49766    -0.1395    13.8155 0.0000e+00  -61.12500  -58.09183 1152591569 192.180210    34.7105      21100         13  0.000e+00
    501.277     1.8765   3.066710     1.8772   3.066989    4.49767    -0.1180    13.8155 0.0000e+00  -61.12500  -58.09183 1152591569 192.180210    34.7108      21101         13  0.000e+00
    501.305     1.8761   3.066672     1.8770   3.066989    4.49773    -0.1287    13.8155 0.0000e+00  -61.12500  -58.09183 1152591569 192.180211    34.7107      21102         13  0.000e+00
    501.305     1.8761   3.066714     1.8772   3.066989    4.49771    -0.0964    13.8155 0.0000e+00  -61.12500  -58.09183 1152591569 192.180211    34.7112      21103         13  0.000e+00
    501.277     1.8761   3.066714     1.8773   3.066989    4.49770    -0.0964    13.8155 0.0000e+00  -61.12500  -58.09183 1152591569 192.180212    34.7113      21104         13  0.000e+00
    501.305     1.8761   3.066710     1.8772   3.066989    4.49772    -0.0857    13.8155 0.0000e+00  -61.12500  -58.09183 1152591569 192.180212    34.7112      21105         13  0.000e+00
    501.305     1.8760   3.066741     1.8772   3.066989    4.49772    -0.1072    13.8155 0.0000e+00  -61.12500  -58.09183 1152591569 192.180213    34.7118      21106         13  0.000e+00
    501.305     1.8766   3.066700     1.8771   3.066971    4.49768    -0.1395    13.8155 0.0000e+00  -61.12500  -58.09183 1152591569 192.180213    34.7106      21107         13  0.000e+00
    500.567     1.8760   3.066624     1.8765   3.066917    4.50196    -0.0534    13.8155 0.0000e+00  -61.12500  -58.09183 1152591574 192.180271    34.7107      21226         14  0.000e+00
    500.596     1.8752   3.066634     1.8762   3.066905    4.50204    -0.0642    13.8155 0.0000e+00  -61.12500  -58.09183 1152591574 192.180271    34.7117      21227         14  0.000e+00
    500.519     1.8763   3.066600     1.8769   3.066905    4.50191    -0.0534    13.8155 0.0000e+00  -61.12500  -58.09183 1152591574 192.180272    34.7101      21228         14  0.000e+00
    500.567     1.8758   3.066607     1.8764   3.066923    4.50198    -0.1180    13.8155 0.0000e+00  -61.12500  -58.09183 1152591574 192.180272    34.7106      21229         14  0.000e+00
    500.596     1.8760   3.066648     1.8770   3.066935    4.50196    -0.1395    13.8155 0.0000e+00  -61.12500  -58.09183 1152591574 192.180272    34.7110      21230         14  0.000e+00
    500.596     1.8760   3.066607     1.8764   3.066935    4.50198    -0.0749    13.8155 0.0000e+00  -61.12500  -58.09183 1152591574 192.180273    34.7105      21231         14  0.000e+00
    500.500     1.8760   3.066624     1.8766   3.066935    4.50192    -0.0426    13.8155 0.0000e+00  -61.12500  -58.09183 1152591574 192.180273    34.7107      21232         14  0.000e+00
    500.519     1.8765   3.066617     1.8767   3.066935    4.50189    -0.0642    13.8155 0.0000e+00  -61.12500  -58.09183 1152591574 192.180274    34.7101      21233         14  0.000e+00
    500.519     1.8758   3.066624     1.8766   3.066935    4.50194    -0.0319    13.8155 0.0000e+00  -61.12500  -58.09183 1152591574 192.180274    34.7109      21234         14  0.000e+00
    500.519     1.8758   3.066617     1.8767   3.066935    4.50194    -0.0534    13.8155 0.0000e+00  -61.12500  -58.09183 1152591574 192.180275    34.7108      21235         14  0.000e+00
    500.500     1.8755   3.066593     1.8764   3.066911    4.50197    -0.0534    13.8155 0.0000e+00  -61.12500  -58.09183 1152591574 192.180275    34.7109      21236         14  0.000e+00
    500.519     1.8760   3.066607     1.8765   3.066923    4.50194    -0.0642    13.8155 0.0000e+00  -61.12500  -58.09183 1152591574 192.180276    34.7105      21237         14  0.000e+00
    500.519     1.8765   3.066631     1.8767   3.066911    4.50188    -0.1180    13.8155 0.0000e+00  -61.12500  -58.09183 1152591575 192.180276    34.7103      21238         14  0.000e+00
    500.500     1.8760   3.066655     1.8766   3.066923    4.50190    -0.0857    13.8155 0.0000e+00  -61.12500  -58.09183 1152591575 192.180277    34.7111      21239         14  0.000e+00
    500.452     1.8757   3.066641     1.8766   3.066953    4.50191    -0.1072    13.8155 0.0000e+00  -61.12500  -58.09183 1152591575 192.180277    34.7113      21240         14  0.000e+00
    500.519     1.8763   3.066638     1.8766   3.066917    4.50189    -0.0426    13.8155 0.0000e+00  -61.12500  -58.09183 1152591575 192.180278    34.7105      21241         14  0.000e+00
    500.500     1.8760   3.066614     1.8764   3.066923    4.50192    -0.0104    13.8155 0.0000e+00  -61.12500  -58.09183 1152591575 192.180278    34.7106      21242         14  0.000e+00
    500.452     1.8761   3.066648     1.8767   3.066935    4.50186    -0.0426    13.8155 0.0000e+00  -61.12500  -58.09183 1152591575 192.180279    34.7109      21243         14  0.000e+00
    500.452     1.8760   3.066624     1.8766   3.066911    4.50189    -0.0642    13.8155 0.0000e+00  -61.12500  -58.09183 1152591575 192.180279    34.7108      21244         14  0.000e+00
    500.452     1.8760   3.066614     1.8770   3.066923    4.50189    -0.0534    13.8155 0.0000e+00  -61.12500  -58.09183 1152591575 192.180280    34.7106      21245         14  0.000e+00
    500.500     1.8758   3.066614     1.8769   3.066911    4.50193    -0.0749    13.8155 0.0000e+00  -61.12500  -58.09183 1152591575 192.180280    34.7108      21246         14  0.000e+00
    500.452     1.8758   3.066614     1.8770   3.066923    4.50190    -0.0749    13.8155 0.0000e+00  -61.12500  -58.09183 1152591575 192.180281    34.7108      21247         14  0.000e+00
    500.452     1.8758   3.066614     1.8767   3.066935    4.50190    -0.0534    13.8155 0.0000e+00  -61.12500  -58.09183 1152591575 192.180281    34.7108      21248         14  0.000e+00
    500.423     1.8760   3.066607     1.8766   3.066935    4.50188    -0.0964    13.8155 0.0000e+00  -61.12500  -58.09183 1152591575 192.180282    34.7106      21249         14  0.000e+00
    500.452     1.8760   3.066627     1.8766   3.066953    4.50189    -0.0749    13.8155 0.0000e+00  -61.12500  -58.09183 1152591575 192.180282    34.7108      21250         14  0.000e+00
    500.375     1.8757   3.066617     1.8770   3.066892    4.50187    -0.0642    13.8155 0.0000e+00  -61.12500  -58.09183 1152591575 192.180283    34.7111      21251         14  0.000e+00
    500.423     1.8758   3.066631     1.8764   3.066917    4.50188    -0.1180    13.8155 0.0000e+00  -61.12500  -58.09183 1152591575 192.180283    34.7110      21252         14  0.000e+00
    500.452     1.8761   3.066617     1.8766   3.066935    4.50187    -0.1180    13.8155 0.0000e+00  -61.12500  -58.09183 1152591575 192.180284    34.7105      21253         14  0.000e+00
    500.375     1.8760   3.066614     1.8769   3.066911    4.50184    -0.1072    13.8155 0.0000e+00  -61.12500  -58.09183 1152591575 192.180284    34.7107      21254         14  0.000e+00
    500.423     1.8760   3.066631     1.8767   3.066923    4.50187    -0.0534    13.8155 0.0000e+00  -61.12500  -58.09183 1152591575 192.180285    34.7109      21255         14  0.000e+00
    500.375     1.8758   3.066638     1.8769   3.066953    4.50185    -0.0749    13.8155 0.0000e+00  -61.12500  -58.09183 1152591575 192.180285    34.7111      21256         14  0.000e+00
    500.375     1.8760   3.066631     1.8766   3.066917    4.50183    -0.1072    13.8155 0.0000e+00  -61.12500  -58.09183 1152591575 192.180285    34.7109      21257         14  0.000e+00
    500.375     1.8755   3.066617     1.8767   3.066904    4.50188    -0.0857    13.8155 0.0000e+00  -61.12500  -58.09183 1152591575 192.180286    34.7112      21258         14  0.000e+00
    500.423     1.8758   3.066631     1.8768   3.066905    4.50188    -0.0426    13.8155 0.0000e+00  -61.12500  -58.09183 1152591575 192.180286    34.7110      21259         14  0.000e+00
    500.375     1.8758   3.066617     1.8766   3.066904    4.50185    -0.0749    13.8155 0.0000e+00  -61.12500  -58.09183 1152591575 192.180287    34.7109      21260         14  0.000e+00
    500.375     1.8755   3.066631     1.8766   3.066904    4.50188    -0.1072    13.8155 0.0000e+00  -61.12500  -58.09183 1152591575 192.180287    34.7114      21261         14  0.000e+00
    500.356     1.8758   3.066617     1.8764   3.066904    4.50184    -0.0749    13.8155 0.0000e+00  -61.12500  -58.09183 1152591575 192.180288    34.7109      21262         14  0.000e+00
    500.308     1.8760   3.066614     1.8769   3.066923    4.50180    -0.0857    13.8155 0.0000e+00  -61.12500  -58.09183 1152591576 192.180288    34.7107      21263         14  0.000e+00
    500.375     1.8757   3.066614     1.8766   3.066911    4.50187    -0.1072    13.8155 0.0000e+00  -61.12500  -58.09183 1152591576 192.180289    34.7110      21264         14  0.000e+00
    500.356     1.8760   3.066607     1.8766   3.066904    4.50649    -0.1072    13.8155 0.0000e+00  -61.12500  -58.09183 1152591576 192.180289    34.7106      21265         14  0.000e+00
    500.308     1.8763   3.066593     1.8769   3.066904    4.50643    -0.0857    13.8155 0.0000e+00  -61.12500  -58.09183 1152591576 192.180290    34.7101      21266         14  0.000e+00
    500.308     1.8760   3.066624     1.8766   3.066904    4.50180    -0.0964    13.8155 0.0000e+00  -61.12500  -58.09183 1152591576 192.180290    34.7109      21267         14  0.000e+00
    500.356     1.8763   3.066617     1.8772   3.066862    4.50646    -0.0857    13.8155 0.0000e+00  -61.12500  -58.09183 1152591576 192.180291    34.7104      21268         14  0.000e+00
