product_data/regression_test/downloaded_data/MDGS/320620060703/ctd/p6609604.ros
* Sea-Bird SBE 9 Data File:
* FileName = D:\Data\Raw\p6609604.dat
* Software Version Seasave Win32 V 5.32
* Temperature SN = 1649
* Conductivity SN = 1431
* Number of Bytes Per Scan = 37
* Number of Voltage Words = 5
* Number of Scans Averaged by the Deck Unit = 1
* NMEA Latitude = 60 45.04 S
* NMEA Longitude = 058 22.48 W
* NMEA UTC (Time) = 21:57:23
** Ship:   Nathaniel B. Palmer 
** Cruise:    NBP0606 
# nquan = 17
# nvalues = 1176                    
# units = specified
# name 0 = prDM: Pressure, Digiquartz [db]
# name 1 = t090C: Temperature [ITS-90, deg C]
# name 2 = c0S/m: Conductivity [S/m]
# name 3 = t190C: Temperature, 2 [ITS-90, deg C]
# name 4 = c1S/m: Conductivity, 2 [S/m]
# name 5 = sbeox0ML/L: Oxygen, SBE 43 [ml/l]
# name 6 = flECO-AFL: Fluorescence, Wetlab ECO-AFL/FL [mg/m^3]
# name 7 = bat: Beam Attenuation, Chelsea/Seatech/Wetlab CStar [1/m]
# name 8 = spar: SPAR/Surface Irradiance
# name 9 = latitude: Latitude [deg]
# name 10 = longitude: Longitude [deg]
# name 11 = timeY: Time, System [seconds]
# name 12 = timeJ: Julian Days
# name 13 = sal00: Salinity [PSU]
# name 14 = scan: scan number
# name 15 = nbf: number of bottles fired
# name 16 = flag:  0.000e+00
# interval = seconds: 0.0416667                   
# start_time = Jul 11 2006 21:57:31
*END*
[from data line 1022]
     28.129    -0.8111   2.753696    -0.8104   2.754120    8.00780     0.0434    13.8155 0.0000e+00  -60.75067  -58.37467 1152658858 192.959021    33.8894      91403         21  0.000e+00
     28.120    -0.8111   2.753677    -0.8099   2.754085    8.00780     0.0542    13.8155 0.0000e+00  -60.75067  -58.37467 1152658858 192.959022    33.8892      91404         21  0.000e+00
     28.129    -0.8108   2.753690    -0.8102   2.754114    8.00775     0.0327    13.8155 0.0000e+00  -60.75067  -58.37467 1152658858 192.959022    33.8890      91405         21  0.000e+00
     28.129    -0.8111   2.753677    -0.8108   2.754131    8.00781    -0.0319    13.8155 0.0000e+00  -60.75067  -58.37467 1152658858 192.959022    33.8892      91406         21  0.000e+00
     28.120    -0.8111   2.753690    -0.8102   2.754102    8.00310     0.0112    13.8155 0.0000e+00  -60.75067  -58.37467 1152658858 192.959023    33.8894      91407         21  0.000e+00
     28.129    -0.8109   2.753677    -0.8100   2.754079    8.00778     0.0327    13.8155 0.0000e+00  -60.75067  -58.37467 1152658858 192.959023    33.8889      91408         21  0.000e+00
     28.063    -0.8113   2.753690    -0.8108   2.754079    8.00775     0.0434    13.8155 0.0000e+00  -60.75067  -58.37467 1152658858 192.959024    33.8896      91409         21  0.000e+00
     31.619    -0.8113   2.753829    -0.8107   2.754225    8.01162     0.0327    13.8155 0.0000e+00  -60.75067  -58.37467 1152658864 192.959095    33.8893      91557         22  0.000e+00
     31.561    -0.8113   2.753812    -0.8107   2.754236    8.01626     0.0327    13.8155 0.0000e+00  -60.75067  -58.37467 1152658864 192.959096    33.8891      91558         22  0.000e+00
     31.628    -0.8106   2.753822    -0.8107   2.754242    8.01153     0.0112    13.8155 0.0000e+00  -60.75067  -58.37467 1152658864 192.959096    33.8885      91559         22  0.000e+00
     31.561    -0.8113   2.753812    -0.8104   2.754259    8.02095    -0.0211    13.8155 0.0000e+00  -60.75067  -58.37467 1152658864 192.959097    33.8891      91560         22  0.000e+00
     31.695    -0.8111   2.753822    -0.8104   2.754254    8.01167    -0.0319    13.8155 0.0000e+00  -60.75067  -58.37467 1152658864 192.959097    33.8889      91561         22  0.000e+00
     31.704    -0.8106   2.753796    -0.8105   2.754300    8.01633     0.0112    13.8155 0.0000e+00  -60.75067  -58.37467 1152658864 192.959098    33.8881      91562         22  0.000e+00
     31.771    -0.8111   2.753852    -0.8102   2.754317    8.01644     0.0542    13.8155 0.0000e+00  -60.75067  -58.37467 1152658864 192.959098    33.8893      91563         22  0.000e+00
     31.771    -0.8102   2.753891    -0.8102   2.754317    8.01157     0.0327    13.8155 0.0000e+00  -60.75067  -58.37467 1152658864 192.959099    33.8888      91564         22  0.000e+00
     31.838    -0.8105   2.753898    -0.8096   2.754306    8.01169     0.0219    13.8155 0.0000e+00  -60.75067  -58.37467 1152658865 192.959099    33.8892      91565         22  0.000e+00
     31.828    -0.8105   2.753898    -0.8099   2.754294    8.01168     0.0112    13.8155 0.0000e+00  -60.75067  -58.37467 1152658865 192.959100    33.8892      91566         22  0.000e+00
     31.838    -0.8100   2.753862    -0.8097   2.754311    8.01163     0.0112    13.8155 0.0000e+00  -60.75067  -58.37467 1152658865 192.959100    33.8882      91567         22  0.000e+00
     31.981    -0.8107   2.753918    -0.8099   2.754323    8.01187     0.0112    13.8155 0.0000e+00  -60.75067  -58.37467 1152658865 192.959101    33.8897      91568         22  0.000e+00
     31.914    -0.8100   2.753891    -0.8094   2.754300    8.01639     0.0219    13.8155 0.0000e+00  -60.75067  -58.37467 1152658865 192.959101    33.8885      91569         22  0.000e+00
     31.971    -0.8105   2.753891    -0.8099   2.754294    8.02123     0.0542    13.8155 0.0000e+00  -60.75067  -58.37467 1152658865 192.959102    33.8890      91570         22  0.000e+00
     32.048    -0.8105   2.753898    -0.8105   2.754294    8.01192     0.0434    13.8155 0.0000e+00  -60.75067  -58.37467 1152658865 192.959102    33.8891      91571         22  0.000e+00
     31.981    -0.8103   2.753878    -0.8102   2.754300    8.01653     0.0112    13.8155 0.0000e+00  -60.75067  -58.37467 1152658865 192.959103    33.8886      91572         22  0.000e+00
     32.124    -0.8105   2.753904    -0.8102   2.754311    8.01200    -0.0104    13.8155 0.0000e+00  -60.75067  -58.37467 1152658865 192.959103    33.8891      91573         22  0.000e+00
     32.038    -0.8103   2.753885    -0.8096   2.754335    8.02128    -0.0104    13.8155 0.0000e+00  -60.75067  -58.37467 1152658865 192.959103    33.8887      91574         22  0.000e+00
     32.124    -0.8106   2.753875    -0.8096   2.754346    8.01205     0.0219    13.8155 0.0000e+00  -60.75067  -58.37467 1152658865 192.959104    33.8889      91575         22  0.000e+00
     32.191    -0.8107   2.753855    -0.8099   2.754329    8.01685     0.0327    13.8155 0.0000e+00  -60.75067  -58.37467 1152658865 192.959104    33.8887      91576         22  0.000e+00
     32.191    -0.8105   2.753885    -0.8096   2.754340    8.01209     0.0327    13.8155 0.0000e+00  -60.75067  -58.37467 1152658865 192.959105    33.8888      91577         22  0.000e+00
     32.114    -0.8100   2.753947    -0.8094   2.754363    8.01657     0.0327    13.8155 0.0000e+00  -60.75067  -58.37467 1152658865 192.959105    33.8891      91578         22  0.000e+00
     32.267    -0.8100   2.753944    -0.8096   2.754369    8.01205     0.0327    13.8155 0.0000e+00  -60.75067  -58.37467 1152658865 192.959106    33.8890      91579         22  0.000e+00
     32.267    -0.8105   2.753957    -0.8099   2.754335    8.01681     0.0004    13.8155 0.0000e+00  -60.75067  -58.37467 1152658865 192.959106    33.8897      91580         22  0.000e+00
     32.267    -0.8100   2.753927    -0.8096   2.754358    8.01206    -0.0319    13.8155 0.0000e+00  -60.75067  -58.37467 1152658865 192.959107    33.8888      91581         22  0.000e+00
     32.334    -0.8103   2.753934    -0.8096   2.754369    8.01688     0.0219    13.8155 0.0000e+00  -60.75067  -58.37467 1152658865 192.959107    33.8892      91582         22  0.000e+00
     32.324    -0.8101   2.753941    -0.8099   2.754352    8.01214    -0.0104    13.8155 0.0000e+00  -60.75067  -58.37467 1152658865 192.959108    33.8891      91583         22  0.000e+00
     32.267    -0.8102   2.753921    -0.8099   2.754352    8.01210     0.0112    13.8155 0.0000e+00  -60.75067  -58.37467 1152658865 192.959108    33.8889      91584         22  0.000e+00
     32.334    -0.8097   2.753934    -0.8099   2.754346    8.01678    -0.0104    13.8155 0.0000e+00  -60.75067  -58.37467 1152658865 192.959109    33.8885      91585         22  0.000e+00
     32.400    -0.8099   2.753941    -0.8096   2.754364    8.01218     0.0327    13.8155 0.0000e+00  -60.75067  -58.37467 1152658865 192.959109    33.8887      91586         22  0.000e+00
     32.391    -0.8099   2.753941    -0.8096   2.754369    8.01217    -0.0104    13.8155 0.0000e+00  -60.75067  -58.37467 1152658865 192.959110    33.8887      91587         22  0.000e+00
     32.400    -0.8102   2.753957    -0.8094   2.754335    8.01691     0.0112    13.8155 0.0000e+00  -60.75067  -58.37467 1152658865 192.959110    33.8893      91588         22  0.000e+00
     32.400    -0.8099   2.753914    -0.8099   2.754358    8.01220     0.0542    13.8155 0.0000e+00  -60.75067  -58.37467 1152658866 192.959111    33.8884      91589         22  0.000e+00
     32.400    -0.8099   2.753928    -0.8094   2.754369    8.01688     0.0327    13.8155 0.0000e+00  -60.75067  -58.37467 1152658866 192.959111    33.8885      91590         22  0.000e+00
     32.400    -0.8100   2.753957    -0.8099   2.754369    8.01219     0.0327    13.8155 0.0000e+00  -60.75067  -58.37467 1152658866 192.959112    33.8891      91591         22  0.000e+00
     32.467    -0.8099   2.753944    -0.8094   2.754375    8.01695     0.0434    13.8155 0.0000e+00  -60.75067  -58.37467 1152658866 192.959112    33.8887      91592         22  0.000e+00
     32.477    -0.8105   2.753947    -0.8097   2.754352    8.01236     0.0327    13.8155 0.0000e+00  -60.75067  -58.37467 1152658866 192.959113    33.8895      91593         22  0.000e+00
     32.477    -0.8100   2.753924    -0.8102   2.754346    8.01230     0.0542    13.8155 0.0000e+00  -60.75067  -58.37467 1152658866 192.959113    33.8886      91594         22  0.000e+00
     32.477    -0.8102   2.753934    -0.8097   2.754323    8.01232     0.0650    13.8155 0.0000e+00  -60.75067  -58.37467 1152658866 192.959114    33.8889      91595         22  0.000e+00
     32.467    -0.8100   2.753921    -0.8096   2.754323    8.01699     0.0327    13.8155 0.0000e+00  -60.75067  -58.37467 1152658866 192.959114    33.8886      91596         22  0.000e+00
     32.477    -0.8103   2.753951    -0.8096   2.754340    8.01233     0.0327    13.8155 0.0000e+00  -60.75067  -58.37467 1152658866 192.959115    33.8893      91597         22  0.000e+00
     32.543    -0.8101   2.753944    -0.8097   2.754364    8.01707     0.0112    13.8155 0.0000e+00  -60.75067  -58.37467 1152658866 192.959115    33.8890      91598         22  0.000e+00
     32.477    -0.8103   2.753921    -0.8097   2.754352    8.01235     0.0219    13.8155 0.0000e+00  -60.75067  -58.37467 1152658866 192.959116    33.8889      91599         22  0.000e+00
     32.543    -0.8102   2.753918    -0.8094   2.754369    8.01710     0.0434    13.8155 0.0000e+00  -60.75067  -58.37467 1152658866 192.959116    33.8887      91600         22  0.000e+00
     32.467    -0.8102   2.753951    -0.8100   2.754369    8.01230     0.0542    13.8155 0.0000e+00  -60.75067  -58.37467 1152658866 192.959117    33.8892      91601         22  0.000e+00
     32.543    -0.8106   2.753944    -0.8094   2.754369    8.01246     0.0434    13.8155 0.0000e+00  -60.75067  -58.37467 1152658866 192.959117    33.8895      91602         22  0.000e+00
     32.543    -0.8106   2.753891    -0.8096   2.754335    8.01250     0.0327    13.8155 0.0000e+00  -60.75067  -58.37467 1152658866 192.959117    33.8888      91603         22  0.000e+00
     32.477    -0.8102   2.753924    -0.8096   2.754381    8.01233     0.0542    13.8155 0.0000e+00  -60.75067  -58.37467 1152658866 192.959118    33.8888      91604         22  0.000e+00
     32.534    -0.8105   2.753957    -0.8096   2.754375    8.01242     0.0757    13.8155 0.0000e+00  -60.75067  -58.37467 1152658866 192.959118    33.8896      91605         22  0.000e+00
     10.361    -0.8348   2.750698    -0.8333   2.751208    8.00806     0.0757    13.8155 0.0000e+00  -60.75067  -58.37467 1152658946 192.960037    33.8864      93509         23  0.000e+00
     10.123    -0.8348   2.750704    -0.8327   2.751225    8.00779     0.0542    13.8155 0.0000e+00  -60.75067  -58.37467 1152658946 192.960037    33.8867      93510         23  0.000e+00
     10.285    -0.8342   2.750704    -0.8327   2.751237    8.01256     0.0112    13.8155 0.0000e+00  -60.75067  -58.37467 1152658946 192.960038    33.8859      93511         23  0.000e+00
     10.266    -0.8349   2.750704    -0.8327   2.751254    8.01266     0.0327    13.8155 0.0000e+00  -60.75067  -58.37467 1152658946 192.960038    33.8867      93512         23  0.000e+00
     10.266    -0.8346   2.750737    -0.8323   2.751278    8.01259     0.0542    13.8155 0.0000e+00  -60.75067  -58.37467 1152658946 192.960039    33.8869      93513         23  0.000e+00
     10.218    -0.8343   2.750780    -0.8326   2.751266    8.00777     0.0327    13.8155 0.0000e+00  -60.75067  -58.37467 1152658946 192.960039    33.8871      93514         23  0.000e+00
     10.266    -0.8337   2.750760    -0.8321   2.751260    8.00773     0.0757    13.8155 0.0000e+00  -60.75067  -58.37467 1152658946 192.960040    33.8861      93515         23  0.000e+00
     10.218    -0.8340   2.750780    -0.8320   2.751260    8.00772     0.0865    13.8155 0.0000e+00  -60.75067  -58.37467 1152658946 192.960040    33.8867      93516         23  0.000e+00
     10.190    -0.8338   2.750809    -0.8323   2.751260    8.00764     0.0972    13.8155 0.0000e+00  -60.75067  -58.37467 1152658946 192.960041    33.8870      93517         23  0.000e+00
     10.190    -0.8334   2.750796    -0.8325   2.751220    8.00758     0.0542    13.8155 0.0000e+00  -60.75067  -58.37467 1152658946 192.960041    33.8863      93518         23  0.000e+00
     10.218    -0.8334   2.750793    -0.8324   2.751243    8.00761     0.0542    13.8155 0.0000e+00  -60.75067  -58.37467 1152658946 192.960041    33.8862      93519         23  0.000e+00
     10.190    -0.8332   2.750776    -0.8323   2.751243    8.00756     0.0434    13.8155 0.0000e+00  -60.75067  -58.37467 1152658946 192.960042    33.8858      93520         23  0.000e+00
     10.218    -0.8335   2.750786    -0.8323   2.751237    8.00764     0.0434    13.8155 0.0000e+00  -60.75067  -58.37467 1152658946 192.960042    33.8863      93521         23  0.000e+00
     10.190    -0.8332   2.750760    -0.8325   2.751237    8.00758     0.1188    13.8155 0.0000e+00  -60.75067  -58.37467 1152658946 192.960043    33.8856      93522         23  0.000e+00
     10.190    -0.8331   2.750763    -0.8330   2.751214    8.00755     0.0972    13.8155 0.0000e+00  -60.75067  -58.37467 1152658946 192.960043    33.8855      93523         23  0.000e+00
     10.151    -0.8326   2.750786    -0.8329   2.751185    8.00742     0.0112    13.8155 0.0000e+00  -60.75067  -58.37467 1152658946 192.960044    33.8853      93524         23  0.000e+00
     10.190    -0.8332   2.750793    -0.8331   2.751162    8.00755    -0.0104    13.8155 0.0000e+00  -60.75067  -58.37467 1152658946 192.960044    33.8861      93525         23  0.000e+00
     10.151    -0.8329   2.750829    -0.8337   2.751156    8.01212     0.0327    13.8155 0.0000e+00  -60.75067  -58.37467 1152658946 192.960045    33.8863      93526         23  0.000e+00
     10.123    -0.8332   2.750822    -0.8341   2.751116    8.01214     0.0327    13.8155 0.0000e+00  -60.75067  -58.37467 1152658946 192.960045    33.8865      93527         23  0.000e+00
     10.123    -0.8331   2.750796    -0.8342   2.751104    8.01213     0.0112    13.8155 0.0000e+00  -60.75067  -58.37467 1152658946 192.960046    33.8860      93528         23  0.000e+00
     10.151    -0.8340   2.750773    -0.8340   2.751104    8.01233     0.0327    13.8155 0.0000e+00  -60.75067  -58.37467 1152658946 192.960046    33.8867      93529         23  0.000e+00
     10.190    -0.8340   2.750770    -0.8343   2.751081    8.01238     0.0327    13.8155 0.0000e+00  -60.75067  -58.37467 1152658946 192.960047    33.8866      93530         23  0.000e+00
     10.075    -0.8342   2.750737    -0.8347   2.751093    8.01230     0.0112    13.8155 0.0000e+00  -60.75067  -58.37467 1152658946 192.960047    33.8865      93531         23  0.000e+00
     10.123    -0.8340   2.750698    -0.8346   2.751081    8.00767     0.0434    13.8155 0.0000e+00  -60.75067  -58.37467 1152658946 192.960048    33.8857      93532         23  0.000e+00
     10.123    -0.8346   2.750681    -0.8346   2.751116    8.00779     0.0327    13.8155 0.0000e+00  -60.75067  -58.37467 1152658947 192.960048    33.8862      93533         23  0.000e+00
     10.152    -0.8345   2.750632    -0.8345   2.751069    8.00783     0.0112    13.8155 0.0000e+00  -60.75067  -58.37467 1152658947 192.960049    33.8853      93534         23  0.000e+00
     10.123    -0.8345   2.750632    -0.8348   2.751052    8.00779     0.0112    13.8155 0.0000e+00  -60.75067  -58.37467 1152658947 192.960049    33.8853      93535         23  0.000e+00
     10.075    -0.8354   2.750639    -0.8349   2.751012    8.01257     0.0542    13.8155 0.0000e+00  -60.75067  -58.37467 1152658947 192.960050    33.8865      93536         23  0.000e+00
