product_data/regression_test/downloaded_data/MDGS/320620060703/ctd/p6609604.ros
* Sea-Bird SBE 9 Data File:
* FileName = D:\Data\Raw\p6609604.dat
* Software Version Seasave Win32 V 5.32
* Temperature SN = 1649
* Conductivity SN = 1431
* Number of Bytes Per Scan = 37
* Number of Voltage Words = 5
* Number of Scans Averaged by the Deck Unit = 1
* NMEA Latitude = 60 45.04 S
* NMEA Longitude = 058 22.48 W
* NMEA UTC (Time) = 21:57:23
** Ship:   Nathaniel B. Palmer 
** Cruise:    NBP0606 
# nquan = 17
# nvalues = 1176                    
# units = specified
# name 0 = prDM: Pressure, Digiquartz [db]
# name 1 = t090C: Temperature [ITS-90, deg C]
# name 2 = c0S/m: Conductivity [S/m]
# name 3 = t190C: Temperature, 2 [ITS-90, deg C]
# name 4 = c1S/m: Conductivity, 2 [S/m]
# name 5 = sbeox0ML/L: Oxygen, SBE 43 [ml/l]
# name 6 = flECO-AFL: Fluorescence, Wetlab ECO-AFL/FL [mg/m^3]
# name 7 = bat: Beam Attenuation, Chelsea/Seatech/Wetlab CStar [1/m]
# name 8 = spar: SPAR/Surface Irradiance
# name 9 = latitude: Latitude [deg]
# name 10 = longitude: Longitude [deg]
# name 11 = timeY: Time, System [seconds]
# name 12 = timeJ: Julian Days
# name 13 = sal00: Salinity [PSU]
# name 14 = scan: scan number
# name 15 = nbf: number of bottles fired
# name 16 = flag:  0.000e+00
# interval = seconds: 0.0416667                   
# start_time = Jul 11 2006 21:57:31
*END*
[from data line 852]
     58.309    -0.7961   2.756431    -0.7950   2.756914    8.02294     0.0327    13.8155 0.0000e+00  -60.75067  -58.37467 1152658750 192.957772    33.8909      88812         18  0.000e+00
     58.252    -0.7961   2.756477    -0.7955   2.756943    8.02284     0.0327    13.8155 0.0000e+00  -60.75067  -58.37467 1152658750 192.957772    33.8916      88813         18  0.000e+00
     58.185    -0.7959   2.756444    -0.7955   2.756879    8.02277     0.0542    13.8155 0.0000e+00  -60.75067  -58.37467 1152658750 192.957772    33.8910      88814         18  0.000e+00
     58.185    -0.7958   2.756444    -0.7953   2.756891    8.02274     0.0434    13.8155 0.0000e+00  -60.75067  -58.37467 1152658750 192.957773    33.8908      88815         18  0.000e+00
     58.109    -0.7961   2.756450    -0.7952   2.756908    8.02270     0.0327    13.8155 0.0000e+00  -60.75067  -58.37467 1152658750 192.957773    33.8913      88816         18  0.000e+00
     58.033    -0.7962   2.756450    -0.7952   2.756926    8.02264    -0.0104    13.8155 0.0000e+00  -60.75067  -58.37467 1152658750 192.957774    33.8915      88817         18  0.000e+00
     58.042    -0.7963   2.756431    -0.7953   2.756914    8.02267     0.0112    13.8155 0.0000e+00  -60.75067  -58.37467 1152658750 192.957774    33.8913      88818         18  0.000e+00
     57.976    -0.7958   2.756427    -0.7953   2.756885    8.02252     0.0112    13.8155 0.0000e+00  -60.75067  -58.37467 1152658750 192.957775    33.8908      88819         18  0.000e+00
     57.899    -0.7962   2.756427    -0.7957   2.756879    8.02251     0.0112    13.8155 0.0000e+00  -60.75067  -58.37467 1152658750 192.957775    33.8913      88820         18  0.000e+00
     57.899    -0.7958   2.756411    -0.7960   2.756879    8.02245     0.0327    13.8155 0.0000e+00  -60.75067  -58.37467 1152658750 192.957776    33.8906      88821         18  0.000e+00
     57.890    -0.7962   2.756437    -0.7957   2.756862    8.02249     0.0327    13.8155 0.0000e+00  -60.75067  -58.37467 1152658750 192.957776    33.8915      88822         18  0.000e+00
     57.832    -0.7961   2.756431    -0.7953   2.756874    8.02241     0.0112    13.8155 0.0000e+00  -60.75067  -58.37467 1152658750 192.957777    33.8913      88823         18  0.000e+00
     57.766    -0.7961   2.756394    -0.7955   2.756879    8.02236     0.0112    13.8155 0.0000e+00  -60.75067  -58.37467 1152658750 192.957777    33.8908      88824         18  0.000e+00
     57.689    -0.7958   2.756414    -0.7958   2.756879    8.02221     0.0219    13.8155 0.0000e+00  -60.75067  -58.37467 1152658750 192.957778    33.8907      88825         18  0.000e+00
     57.680    -0.7961   2.756460    -0.7953   2.756862    8.02222     0.0112    13.8155 0.0000e+00  -60.75067  -58.37467 1152658750 192.957778    33.8917      88826         18  0.000e+00
     57.689    -0.7961   2.756437    -0.7960   2.756833    8.02224    -0.0319    13.8155 0.0000e+00  -60.75067  -58.37467 1152658750 192.957779    33.8914      88827         18  0.000e+00
     57.623    -0.7956   2.756444    -0.7957   2.756827    8.02209    -0.0319    13.8155 0.0000e+00  -60.75067  -58.37467 1152658750 192.957779    33.8910      88828         18  0.000e+00
     57.556    -0.7959   2.756431    -0.7958   2.756845    8.01737     0.0112    13.8155 0.0000e+00  -60.75067  -58.37467 1152658751 192.957780    33.8912      88829         18  0.000e+00
     57.480    -0.7959   2.756476    -0.7957   2.756873    8.02196    -0.0319    13.8155 0.0000e+00  -60.75067  -58.37467 1152658751 192.957780    33.8919      88830         18  0.000e+00
     57.546    -0.7958   2.756444    -0.7960   2.756862    8.02203     0.0112    13.8155 0.0000e+00  -60.75067  -58.37467 1152658751 192.957781    33.8912      88831         18  0.000e+00
     57.413    -0.7956   2.756460    -0.7955   2.756833    8.02184     0.0112    13.8155 0.0000e+00  -60.75067  -58.37467 1152658751 192.957781    33.8914      88832         18  0.000e+00
     57.413    -0.7956   2.756453    -0.7955   2.756845    8.02185     0.0112    13.8155 0.0000e+00  -60.75067  -58.37467 1152658751 192.957782    33.8913      88833         18  0.000e+00
     57.346    -0.7959   2.756401    -0.7960   2.756873    8.02187     0.0327    13.8155 0.0000e+00  -60.75067  -58.37467 1152658751 192.957782    33.8910      88834         18  0.000e+00
     57.346    -0.7961   2.756384    -0.7955   2.756862    8.02190     0.0327    13.8155 0.0000e+00  -60.75067  -58.37467 1152658751 192.957783    33.8909      88835         18  0.000e+00
     57.337    -0.7961   2.756384    -0.7955   2.756856    8.02189     0.0327    13.8155 0.0000e+00  -60.75067  -58.37467 1152658751 192.957783    33.8909      88836         18  0.000e+00
     57.270    -0.7964   2.756414    -0.7953   2.756873    8.02184     0.0112    13.8155 0.0000e+00  -60.75067  -58.37467 1152658751 192.957784    33.8917      88837         18  0.000e+00
     57.203    -0.7961   2.756378    -0.7960   2.756862    8.02175    -0.0104    13.8155 0.0000e+00  -60.75067  -58.37467 1152658751 192.957784    33.8909      88838         18  0.000e+00
     57.127    -0.7961   2.756361    -0.7956   2.756833    8.02167     0.0112    13.8155 0.0000e+00  -60.75067  -58.37467 1152658751 192.957785    33.8907      88839         18  0.000e+00
     57.203    -0.7961   2.756394    -0.7960   2.756827    8.02173     0.0434    13.8155 0.0000e+00  -60.75067  -58.37467 1152658751 192.957785    33.8911      88840         18  0.000e+00
     57.127    -0.7964   2.756388    -0.7963   2.756844    8.01700     0.0327    13.8155 0.0000e+00  -60.75067  -58.37467 1152658751 192.957785    33.8914      88841         18  0.000e+00
     50.195    -0.8077   2.755029    -0.8073   2.755467    8.01679     0.0542    13.8155 0.0000e+00  -60.75067  -58.37467 1152658771 192.958019    33.8900      89326         19  0.000e+00
     50.195    -0.8077   2.754980    -0.8071   2.755472    8.01682     0.0434    13.8155 0.0000e+00  -60.75067  -58.37467 1152658771 192.958020    33.8894      89327         19  0.000e+00
     50.119    -0.8074   2.754996    -0.8070   2.755467    8.01667     0.0542    13.8155 0.0000e+00  -60.75067  -58.37467 1152658771 192.958020    33.8893      89328         19  0.000e+00
     50.262    -0.8074   2.755039    -0.8071   2.755455    8.01680     0.0650    13.8155 0.0000e+00  -60.75067  -58.37467 1152658771 192.958021    33.8897      89329         19  0.000e+00
     50.195    -0.8071   2.755019    -0.8071   2.755455    8.01669     0.0327    13.8155 0.0000e+00  -60.75067  -58.37467 1152658771 192.958021    33.8892      89330         19  0.000e+00
     50.262    -0.8075   2.755039    -0.8068   2.755496    8.01683     0.0112    13.8155 0.0000e+00  -60.75067  -58.37467 1152658771 192.958022    33.8899      89331         19  0.000e+00
     50.262    -0.8072   2.755069    -0.8064   2.755467    8.01676     0.0112    13.8155 0.0000e+00  -60.75067  -58.37467 1152658772 192.958022    33.8900      89332         19  0.000e+00
     50.195    -0.8067   2.755105    -0.8065   2.755472    8.01658     0.0004    13.8155 0.0000e+00  -60.75067  -58.37467 1152658772 192.958023    33.8900      89333         19  0.000e+00
     50.329    -0.8067   2.755101    -0.8068   2.755501    8.01673     0.0112    13.8155 0.0000e+00  -60.75067  -58.37467 1152658772 192.958023    33.8899      89334         19  0.000e+00
     50.262    -0.8064   2.755098    -0.8064   2.755507    8.01661    -0.0104    13.8155 0.0000e+00  -60.75067  -58.37467 1152658772 192.958024    33.8895      89335         19  0.000e+00
     50.329    -0.8063   2.755078    -0.8062   2.755565    8.01667    -0.0104    13.8155 0.0000e+00  -60.75067  -58.37467 1152658772 192.958024    33.8890      89336         19  0.000e+00
     50.329    -0.8067   2.755039    -0.8061   2.755565    8.02148     0.0327    13.8155 0.0000e+00  -60.75067  -58.37467 1152658772 192.958025    33.8890      89337         19  0.000e+00
     50.395    -0.8067   2.755062    -0.8064   2.755565    8.01683     0.0650    13.8155 0.0000e+00  -60.75067  -58.37467 1152658772 192.958025    33.8893      89338         19  0.000e+00
     50.329    -0.8065   2.755055    -0.8056   2.755542    8.01672     0.0112    13.8155 0.0000e+00  -60.75067  -58.37467 1152658772 192.958026    33.8889      89339         19  0.000e+00
     50.405    -0.8069   2.755052    -0.8065   2.755553    8.01688     0.0434    13.8155 0.0000e+00  -60.75067  -58.37467 1152658772 192.958026    33.8893      89340         19  0.000e+00
     50.405    -0.8065   2.755069    -0.8059   2.755542    8.02150     0.0112    13.8155 0.0000e+00  -60.75067  -58.37467 1152658772 192.958027    33.8890      89341         19  0.000e+00
     50.472    -0.8067   2.755075    -0.8062   2.755519    8.02161    -0.0104    13.8155 0.0000e+00  -60.75067  -58.37467 1152658772 192.958027    33.8894      89342         19  0.000e+00
     50.472    -0.8069   2.755075    -0.8065   2.755530    8.01694     0.0112    13.8155 0.0000e+00  -60.75067  -58.37467 1152658772 192.958028    33.8896      89343         19  0.000e+00
     50.472    -0.8072   2.755075    -0.8062   2.755536    8.02169     0.0757    13.8155 0.0000e+00  -60.75067  -58.37467 1152658772 192.958028    33.8900      89344         19  0.000e+00
     50.539    -0.8071   2.755056    -0.8064   2.755536    8.01705     0.0434    13.8155 0.0000e+00  -60.75067  -58.37467 1152658772 192.958029    33.8895      89345         19  0.000e+00
     50.539    -0.8066   2.755052    -0.8059   2.755553    8.01698     0.0112    13.8155 0.0000e+00  -60.75067  -58.37467 1152658772 192.958029    33.8889      89346         19  0.000e+00
     50.615    -0.8074   2.755033    -0.8067   2.755519    8.01720     0.0004    13.8155 0.0000e+00  -60.75067  -58.37467 1152658772 192.958030    33.8895      89347         19  0.000e+00
     50.615    -0.8071   2.755029    -0.8064   2.755507    8.01715    -0.0319    13.8155 0.0000e+00  -60.75067  -58.37467 1152658772 192.958030    33.8891      89348         19  0.000e+00
     50.615    -0.8072   2.755029    -0.8067   2.755530    8.02188    -0.0319    13.8155 0.0000e+00  -60.75067  -58.37467 1152658772 192.958030    33.8892      89349         19  0.000e+00
     50.682    -0.8072   2.755029    -0.8068   2.755496    8.02196    -0.0319    13.8155 0.0000e+00  -60.75067  -58.37467 1152658772 192.958031    33.8892      89350         19  0.000e+00
     50.758    -0.8072   2.755046    -0.8070   2.755484    8.02203     0.0112    13.8155 0.0000e+00  -60.75067  -58.37467 1152658772 192.958031    33.8894      89351         19  0.000e+00
     50.682    -0.8072   2.755052    -0.8070   2.755484    8.02194     0.0112    13.8155 0.0000e+00  -60.75067  -58.37467 1152658772 192.958032    33.8895      89352         19  0.000e+00
     50.825    -0.8074   2.755052    -0.8071   2.755461    8.02213     0.0112    13.8155 0.0000e+00  -60.75067  -58.37467 1152658772 192.958032    33.8896      89353         19  0.000e+00
     50.758    -0.8072   2.755033    -0.8071   2.755415    8.02204     0.0004    13.8155 0.0000e+00  -60.75067  -58.37467 1152658772 192.958033    33.8892      89354         19  0.000e+00
     50.825    -0.8072   2.755029    -0.8076   2.755444    8.02211     0.0542    13.8155 0.0000e+00  -60.75067  -58.37467 1152658772 192.958033    33.8891      89355         19  0.000e+00
     50.825    -0.8069   2.755095    -0.8074   2.755438    8.02202     0.0542    13.8155 0.0000e+00  -60.75067  -58.37467 1152658772 192.958034    33.8897      89356         19  0.000e+00
     50.891    -0.8069   2.755085    -0.8076   2.755449    8.02210     0.0327    13.8155 0.0000e+00  -60.75067  -58.37467 1152658773 192.958034    33.8895      89357         19  0.000e+00
     50.891    -0.8071   2.755039    -0.8079   2.755438    8.02216    -0.0534    13.8155 0.0000e+00  -60.75067  -58.37467 1152658773 192.958035    33.8890      89358         19  0.000e+00
     50.968    -0.8074   2.755016    -0.8073   2.755449    8.02231    -0.0319    13.8155 0.0000e+00  -60.75067  -58.37467 1152658773 192.958035    33.8890      89359         19  0.000e+00
     50.968    -0.8075   2.755023    -0.8076   2.755455    8.02233     0.0327    13.8155 0.0000e+00  -60.75067  -58.37467 1152658773 192.958036    33.8893      89360         19  0.000e+00
     51.025    -0.8078   2.755046    -0.8076   2.755455    8.02243     0.0542    13.8155 0.0000e+00  -60.75067  -58.37467 1152658773 192.958036    33.8899      89361         19  0.000e+00
     51.034    -0.8077   2.755020    -0.8073   2.755438    8.02243     0.0542    13.8155 0.0000e+00  -60.75067  -58.37467 1152658773 192.958037    33.8893      89362         19  0.000e+00
     51.101    -0.8072   2.755059    -0.8071   2.755473    8.02241     0.0327    13.8155 0.0000e+00  -60.75067  -58.37467 1152658773 192.958037    33.8894      89363         19  0.000e+00
     51.101    -0.8066   2.755141    -0.8074   2.755519    8.02224     0.0112    13.8155 0.0000e+00  -60.75067  -58.37467 1152658773 192.958038    33.8898      89364         19  0.000e+00
     51.177    -0.8065   2.755181    -0.8065   2.755513    8.02228     0.0004    13.8155 0.0000e+00  -60.75067  -58.37467 1152658773 192.958038    33.8901      89365         19  0.000e+00
     51.177    -0.8061   2.755135    -0.8071   2.755507    8.02226    -0.0319    13.8155 0.0000e+00  -60.75067  -58.37467 1152658773 192.958039    33.8891      89366         19  0.000e+00
     51.244    -0.8066   2.755167    -0.8076   2.755507    8.02238    -0.0104    13.8155 0.0000e+00  -60.75067  -58.37467 1152658773 192.958039    33.8900      89367         19  0.000e+00
     51.244    -0.8061   2.755151    -0.8074   2.755490    8.02232    -0.0534    13.8155 0.0000e+00  -60.75067  -58.37467 1152658773 192.958040    33.8893      89368         19  0.000e+00
     51.311    -0.8067   2.755121    -0.8068   2.755484    8.02252     0.0112    13.8155 0.0000e+00  -60.75067  -58.37467 1152658773 192.958040    33.8895      89369         19  0.000e+00
     51.311    -0.8061   2.755118    -0.8070   2.755484    8.02242     0.0327    13.8155 0.0000e+00  -60.75067  -58.37467 1152658773 192.958041    33.8888      89370         19  0.000e+00
     51.378    -0.8066   2.755102    -0.8068   2.755502    8.02258    -0.0104    13.8155 0.0000e+00  -60.75067  -58.37467 1152658773 192.958041    33.8891      89371         19  0.000e+00
     51.387    -0.8069   2.755112    -0.8071   2.755507    8.02264    -0.0104    13.8155 0.0000e+00  -60.75067  -58.37467 1152658773 192.958042    33.8895      89372         19  0.000e+00
     51.454    -0.8067   2.755102    -0.8073   2.755490    8.02269    -0.0211    13.8155 0.0000e+00  -60.75067  -58.37467 1152658773 192.958042    33.8892      89373         19  0.000e+00
     51.521    -0.8063   2.755082    -0.8073   2.755484    8.02271    -0.0534    13.8155 0.0000e+00  -60.75067  -58.37467 1152658773 192.958043    33.8883      89374         19  0.000e+00
     31.208    -0.8100   2.753822    -0.8105   2.754225    8.01096    -0.0104    13.8155 0.0000e+00  -60.75067  -58.37467 1152658849 192.958921    33.8880      91195         20  0.000e+00
     31.208    -0.8108   2.753829    -0.8105   2.754253    8.01108     0.0219    13.8155 0.0000e+00  -60.75067  -58.37467 1152658849 192.958921    33.8890      91196         20  0.000e+00
     31.275    -0.8109   2.753829    -0.8105   2.754248    8.01118     0.0112    13.8155 0.0000e+00  -60.75067  -58.37467 1152658849 192.958922    33.8891      91197         20  0.000e+00
     31.417    -0.8111   2.753812    -0.8104   2.754242    8.01138     0.0219    13.8155 0.0000e+00  -60.75067  -58.37467 1152658849 192.958922    33.8890      91198         20  0.000e+00
     31.284    -0.8107   2.753809    -0.8102   2.754248    8.01118     0.0542    13.8155 0.0000e+00  -60.75067  -58.37467 1152658849 192.958923    33.8886      91199         20  0.000e+00
