product_data/regression_test/downloaded_data/MDGS/320620060703/ctd/p6607803.cnv
* Sea-Bird SBE 9 Data File:
* FileName = D:\Data\Raw\P6607803.dat
* Software Version Seasave Win32 V 5.32
* Temperature SN = 1649
* Conductivity SN = 1431
* Number of Bytes Per Scan = 37
* Number of Voltage Words = 5
* Number of Scans Averaged by the Deck Unit = 1
* NMEA Latitude = 62 18.67 S
* NMEA Longitude = 058 03.91 W
* NMEA UTC (Time) = 00:15:32
** Ship:   Nathaniel B. Palmer 
** Cruise:    NBP0603 
** Cast #: 
** Station:   
** Operator: 
# nquan = 15
# nvalues = 1397                        
# units = specified
# name 0 = prDM: Pressure, Digiquartz [db]
# name 1 = t090C: Temperature [ITS-90, deg C]
# name 2 = c0S/m: Conductivity [S/m]
# name 3 = t190C: Temperature, 2 [ITS-90, deg C]
# name 4 = c1S/m: Conductivity, 2 [S/m]
# name 5 = sbeox0ML/L: Oxygen, SBE 43 [ml/l]
# name 6 = flECO-AFL: Fluorescence, Wetlab ECO-AFL/FL [mg/m^3]
# name 7 = bat: Beam Attenuation, Chelsea/Seatech/Wetlab CStar [1/m]
# name 8 = spar: SPAR/Surface Irradiance
# name 9 = latitude: Latitude [deg]
# name 10 = longitude: Longitude [deg]
# name 11 = timeY: Time, System [seconds]
# name 12 = timeJ: Julian Days
# name 13 = sal00: Salinity [PSU]
# name 14 = flag: flag
# span 0 =      1.000,   1397.000       
# span 1 =    -1.7966,    -0.3856       
# span 2 =   2.700100,   2.849091       
# span 3 =    -1.7939,    -0.3836       
# span 4 =   2.700400,   2.848482       
# span 5 =    6.27278,    7.93631       
# span 6 =    -0.1510,     0.2116       
# span 7 =    13.8155,    13.8155       
# span 8 = -2.619e-02, 1.8287e+00       
# span 9 =  -62.31117,  -62.31117       
# span 10 =  -58.06517,  -58.06517      
# span 11 = 1152404137, 1152406031      
# span 12 = 190.010849, 190.032792      
# span 13 =    34.1714,    34.5444      
# span 14 = 0.0000e+00, 0.0000e+00      
# interval = decibars: 1                
# start_time = Jul 09 2006 00:15:40
# bad_flag = -9.990e-29
*END*
[from data line 1061]
   1062.000    -0.9056   2.839918    -0.9037   2.840224    6.58169    -0.1409    13.8155 0.0000e+00  -62.31117  -58.06517 1152405575 190.027514    34.5411 0.0000e+00
   1063.000    -0.9068   2.839849    -0.9048   2.840176    6.58234    -0.1131    13.8155 0.0000e+00  -62.31117  -58.06517 1152405577 190.027535    34.5410 0.0000e+00
   1064.000    -0.9073   2.839858    -0.9056   2.840145    6.58345    -0.1340    13.8155 0.0000e+00  -62.31117  -58.06517 1152405578 190.027553    34.5411 0.0000e+00
   1065.000    -0.9071   2.839922    -0.9053   2.840207    6.58213    -0.1273    13.8155 0.0000e+00  -62.31117  -58.06517 1152405579 190.027566    34.5411 0.0000e+00
   1066.000    -0.9078   2.839902    -0.9057   2.840207    6.58133    -0.1271    13.8155 0.0000e+00  -62.31117  -58.06517 1152405580 190.027577    34.5410 0.0000e+00
   1067.000    -0.9079   2.839926    -0.9057   2.840244    6.58199    -0.1364    13.8155 0.0000e+00  -62.31117  -58.06517 1152405581 190.027591    34.5409 0.0000e+00
   1068.000    -0.9091   2.839864    -0.9072   2.840182    6.58482    -0.1252    13.8155 0.0000e+00  -62.31117  -58.06517 1152405583 190.027614    34.5409 0.0000e+00
   1069.000    -0.9097   2.839859    -0.9076   2.840161    6.58530    -0.1344    13.8155 0.0000e+00  -62.31117  -58.06517 1152405585 190.027634    34.5410 0.0000e+00
   1070.000    -0.9104   2.839847    -0.9083   2.840169    6.58424    -0.1175    13.8155 0.0000e+00  -62.31117  -58.06517 1152405586 190.027647    34.5410 0.0000e+00
   1071.000    -0.9142   2.839564    -0.9119   2.839996    6.58472    -0.1198    13.8155 0.0000e+00  -62.31117  -58.06517 1152405587 190.027659    34.5410 0.0000e+00
   1072.000    -0.9183   2.839285    -0.9162   2.839662    6.58624    -0.1257    13.8155 0.0000e+00  -62.31117  -58.06517 1152405588 190.027670    34.5414 0.0000e+00
   1073.000    -0.9182   2.839321    -0.9163   2.839654    6.58728    -0.1279    13.8155 0.0000e+00  -62.31117  -58.06517 1152405590 190.027687    34.5412 0.0000e+00
   1074.000    -0.9187   2.839332    -0.9170   2.839640    6.58558    -0.1269    13.8155 0.0000e+00  -62.31117  -58.06517 1152405592 190.027713    34.5413 0.0000e+00
   1075.000    -0.9185   2.839416    -0.9165   2.839724    6.58843    -0.1314    13.8155 1.2860e-09  -62.31117  -58.06517 1152405594 190.027730    34.5416 0.0000e+00
   1076.000    -0.9178   2.839528    -0.9159   2.839814    6.58904    -0.1345    13.8155 2.6582e-01  -62.31117  -58.06517 1152405595 190.027744    34.5416 0.0000e+00
   1077.000    -0.9183   2.839530    -0.9163   2.839833    6.58798    -0.1258    13.8155 3.5735e-04  -62.31117  -58.06517 1152405596 190.027757    34.5417 0.0000e+00
   1078.000    -0.9184   2.839569    -0.9164   2.839863    6.58724    -0.1348    13.8155 3.2248e-61  -62.31117  -58.06517 1152405597 190.027770    34.5416 0.0000e+00
   1079.000    -0.9176   2.839694    -0.9154   2.839969    6.58825    -0.1267    13.8155 2.7624e-35  -62.31117  -58.06517 1152405598 190.027785    34.5418 0.0000e+00
   1080.000    -0.9143   2.840055    -0.9129   2.840219    6.58969    -0.1289    13.8155 7.8305e-05  -62.31117  -58.06517 1152405600 190.027806    34.5422 0.0000e+00
   1081.000    -0.9139   2.840118    -0.9124   2.840381    6.59097    -0.1193    13.8155 9.0363e-02  -62.31117  -58.06517 1152405602 190.027824    34.5421 0.0000e+00
   1082.000    -0.9148   2.840105    -0.9132   2.840340    6.59140    -0.1158    13.8155 -6.580e-04  -62.31117  -58.06517 1152405603 190.027839    34.5424 0.0000e+00
   1083.000    -0.9139   2.840207    -0.9117   2.840486    6.59075    -0.1245    13.8155 9.9204e-41  -62.31117  -58.06517 1152405604 190.027852    34.5421 0.0000e+00
   1084.000    -0.9172   2.839964    -0.9152   2.840288    6.58741    -0.1206    13.8155 6.4768e-09  -62.31117  -58.06517 1152405606 190.027869    34.5422 0.0000e+00
   1085.000    -0.9170   2.840034    -0.9150   2.840309    6.58795    -0.1291    13.8155 1.9900e-01  -62.31117  -58.06517 1152405608 190.027892    34.5422 0.0000e+00
   1086.000    -0.9183   2.839967    -0.9163   2.840282    6.58997    -0.1181    13.8155 -1.867e-03  -62.31117  -58.06517 1152405609 190.027909    34.5422 0.0000e+00
   1087.000    -0.9188   2.839970    -0.9168   2.840271    6.59048    -0.1389    13.8155 5.7112e-38  -62.31117  -58.06517 1152405610 190.027922    34.5423 0.0000e+00
   1088.000    -0.9191   2.839987    -0.9172   2.840288    6.59212    -0.1124    13.8155 4.0504e-20  -62.31117  -58.06517 1152405611 190.027934    34.5423 0.0000e+00
   1089.000    -0.9183   2.840106    -0.9166   2.840358    6.59251    -0.1251    13.8155 4.0819e-01  -62.31117  -58.06517 1152405612 190.027947    34.5423 0.0000e+00
   1090.000    -0.9187   2.840116    -0.9168   2.840409    6.59346    -0.1217    13.8155 7.7035e-01  -62.31117  -58.06517 1152405614 190.027968    34.5423 0.0000e+00
   1091.000    -0.9223   2.839845    -0.9197   2.840233    6.59475    -0.1312    13.8155 4.4331e-02  -62.31117  -58.06517 1152405616 190.027987    34.5423 0.0000e+00
   1092.000    -0.9238   2.839770    -0.9218   2.840092    6.59456    -0.1286    13.8155 9.0014e-04  -62.31117  -58.06517 1152405617 190.028002    34.5424 0.0000e+00
   1093.000    -0.9240   2.839793    -0.9220   2.840096    6.59404    -0.1347    13.8155 6.2827e-07  -62.31117  -58.06517 1152405618 190.028017    34.5424 0.0000e+00
   1094.000    -0.9244   2.839804    -0.9224   2.840097    6.59433    -0.1356    13.8155 4.2428e-09  -62.31117  -58.06517 1152405620 190.028035    34.5424 0.0000e+00
   1095.000    -0.9251   2.839776    -0.9232   2.840074    6.59760    -0.1320    13.8155 5.2941e-01  -62.31117  -58.06517 1152405622 190.028054    34.5423 0.0000e+00
   1096.000    -0.9263   2.839721    -0.9242   2.840058    6.59825    -0.1270    13.8155 3.0024e-02  -62.31117  -58.06517 1152405623 190.028068    34.5423 0.0000e+00
   1097.000    -0.9283   2.839590    -0.9261   2.839932    6.59844    -0.1191    13.8155 1.5968e+00  -62.31117  -58.06517 1152405624 190.028080    34.5422 0.0000e+00
   1098.000    -0.9292   2.839548    -0.9272   2.839903    6.59907    -0.1291    13.8155 2.8429e-01  -62.31117  -58.06517 1152405625 190.028093    34.5422 0.0000e+00
   1099.000    -0.9299   2.839542    -0.9278   2.839864    6.60173    -0.1285    13.8155 8.0283e-03  -62.31117  -58.06517 1152405627 190.028114    34.5422 0.0000e+00
   1100.000    -0.9298   2.839588    -0.9277   2.839906    6.60354    -0.1245    13.8155 9.1726e-04  -62.31117  -58.06517 1152405629 190.028136    34.5421 0.0000e+00
   1101.000    -0.9304   2.839583    -0.9284   2.839899    6.60339    -0.1180    13.8155 6.0762e-01  -62.31117  -58.06517 1152405630 190.028151    34.5422 0.0000e+00
   1102.000    -0.9314   2.839541    -0.9293   2.839882    6.60482    -0.1335    13.8155 1.2108e+00  -62.31117  -58.06517 1152405631 190.028162    34.5421 0.0000e+00
   1103.000    -0.9353   2.839254    -0.9331   2.839649    6.60665    -0.1355    13.8155 1.2076e+00  -62.31117  -58.06517 1152405632 190.028174    34.5422 0.0000e+00
   1104.000    -0.9361   2.839231    -0.9342   2.839555    6.60915    -0.1203    13.8155 1.0329e-02  -62.31117  -58.06517 1152405634 190.028197    34.5423 0.0000e+00
   1105.000    -0.9363   2.839270    -0.9341   2.839582    6.61149    -0.1200    13.8155 -4.827e-04  -62.31117  -58.06517 1152405636 190.028220    34.5423 0.0000e+00
   1106.000    -0.9360   2.839330    -0.9342   2.839618    6.61232    -0.1408    13.8155 6.6141e-25  -62.31117  -58.06517 1152405637 190.028232    34.5422 0.0000e+00
   1107.000    -0.9363   2.839349    -0.9342   2.839670    6.61036    -0.1314    13.8155 2.3263e-14  -62.31117  -58.06517 1152405638 190.028243    34.5422 0.0000e+00
   1108.000    -0.9365   2.839371    -0.9347   2.839678    6.60977    -0.1245    13.8155 1.2606e-01  -62.31117  -58.06517 1152405639 190.028252    34.5422 0.0000e+00
   1109.000    -0.9374   2.839340    -0.9357   2.839655    6.60921    -0.1308    13.8155 6.0562e-03  -62.31117  -58.06517 1152405640 190.028265    34.5422 0.0000e+00
   1110.000    -0.9406   2.839117    -0.9379   2.839499    6.61082    -0.1150    13.8155 3.1143e-01  -62.31117  -58.06517 1152405642 190.028285    34.5422 0.0000e+00
   1111.000    -0.9415   2.839077    -0.9395   2.839415    6.61648    -0.1205    13.8155 6.6609e-01  -62.31117  -58.06517 1152405644 190.028309    34.5421 0.0000e+00
   1112.000    -0.9444   2.838865    -0.9425   2.839218    6.61864    -0.1374    13.8155 1.2043e-01  -62.31117  -58.06517 1152405645 190.028329    34.5421 0.0000e+00
   1113.000    -0.9456   2.838803    -0.9439   2.839117    6.62161    -0.1271    13.8155 -1.799e-03  -62.31117  -58.06517 1152405647 190.028346    34.5420 0.0000e+00
   1114.000    -0.9479   2.838652    -0.9458   2.839019    6.62446    -0.1336    13.8155 9.7508e-01  -62.31117  -58.06517 1152405648 190.028360    34.5421 0.0000e+00
   1115.000    -0.9486   2.838621    -0.9464   2.838988    6.62524    -0.1223    13.8155 7.6731e-01  -62.31117  -58.06517 1152405649 190.028372    34.5418 0.0000e+00
   1116.000    -0.9546   2.838155    -0.9523   2.838661    6.62656    -0.1157    13.8155 9.1154e-02  -62.31117  -58.06517 1152405650 190.028384    34.5418 0.0000e+00
   1117.000    -0.9559   2.838078    -0.9539   2.838459    6.62812    -0.1321    13.8155 5.0551e-01  -62.31117  -58.06517 1152405651 190.028398    34.5418 0.0000e+00
   1118.000    -0.9572   2.838015    -0.9552   2.838374    6.62828    -0.1185    13.8155 5.5096e-01  -62.31117  -58.06517 1152405653 190.028418    34.5418 0.0000e+00
   1119.000    -0.9585   2.837950    -0.9564   2.838293    6.63151    -0.1250    13.8155 5.2202e-01  -62.31117  -58.06517 1152405655 190.028439    34.5417 0.0000e+00
   1120.000    -0.9584   2.837997    -0.9563   2.838333    6.63278    -0.1252    13.8155 9.1999e-01  -62.31117  -58.06517 1152405656 190.028456    34.5417 0.0000e+00
   1121.000    -0.9583   2.838051    -0.9561   2.838391    6.63264    -0.1076    13.8155 1.3070e-01  -62.31117  -58.06517 1152405658 190.028471    34.5417 0.0000e+00
   1122.000    -0.9595   2.837995    -0.9572   2.838345    6.63436    -0.1256    13.8155 1.1243e+00  -62.31117  -58.06517 1152405659 190.028485    34.5417 0.0000e+00
   1123.000    -0.9598   2.838008    -0.9580   2.838331    6.63471    -0.1268    13.8155 1.2387e+00  -62.31117  -58.06517 1152405660 190.028501    34.5416 0.0000e+00
   1124.000    -0.9599   2.838045    -0.9580   2.838351    6.63560    -0.1281    13.8155 4.0020e-01  -62.31117  -58.06517 1152405662 190.028519    34.5416 0.0000e+00
   1125.000    -0.9606   2.838023    -0.9587   2.838339    6.63749    -0.1295    13.8155 1.1093e+00  -62.31117  -58.06517 1152405663 190.028538    34.5415 0.0000e+00
   1126.000    -0.9629   2.837872    -0.9615   2.838207    6.63970    -0.1266    13.8155 -2.050e-02  -62.31117  -58.06517 1152405665 190.028555    34.5415 0.0000e+00
   1127.000    -0.9649   2.837746    -0.9632   2.838055    6.64130    -0.1167    13.8155 3.7194e-01  -62.31117  -58.06517 1152405666 190.028569    34.5416 0.0000e+00
   1128.000    -0.9656   2.837726    -0.9634   2.838066    6.64191    -0.1199    13.8155 2.9985e-01  -62.31117  -58.06517 1152405667 190.028581    34.5415 0.0000e+00
   1129.000    -0.9654   2.837781    -0.9634   2.838098    6.64286    -0.1233    13.8155 2.5307e-01  -62.31117  -58.06517 1152405668 190.028595    34.5414 0.0000e+00
   1130.000    -0.9665   2.837734    -0.9645   2.838068    6.64454    -0.1332    13.8155 1.1318e+00  -62.31117  -58.06517 1152405670 190.028615    34.5414 0.0000e+00
   1131.000    -0.9670   2.837732    -0.9649   2.838065    6.64954    -0.1254    13.8155 -2.619e-02  -62.31117  -58.06517 1152405672 190.028636    34.5414 0.0000e+00
   1132.000    -0.9683   2.837663    -0.9664   2.837992    6.65127    -0.1214    13.8155 1.1886e+00  -62.31117  -58.06517 1152405673 190.028652    34.5413 0.0000e+00
   1133.000    -0.9688   2.837666    -0.9668   2.837979    6.65101    -0.1182    13.8155 4.8423e-01  -62.31117  -58.06517 1152405674 190.028664    34.5414 0.0000e+00
   1134.000    -0.9694   2.837638    -0.9676   2.837968    6.65189    -0.1243    13.8155 2.1450e-01  -62.31117  -58.06517 1152405675 190.028676    34.5412 0.0000e+00
   1135.000    -0.9695   2.837683    -0.9676   2.837989    6.65287    -0.1263    13.8155 1.0969e-02  -62.31117  -58.06517 1152405677 190.028694    34.5413 0.0000e+00
   1136.000    -0.9697   2.837716    -0.9676   2.838025    6.65371    -0.1260    13.8155 2.9529e-03  -62.31117  -58.06517 1152405679 190.028717    34.5413 0.0000e+00
   1137.000    -0.9697   2.837756    -0.9679   2.838066    6.65370    -0.1250    13.8155 8.8755e-01  -62.31117  -58.06517 1152405680 190.028735    34.5412 0.0000e+00
   1138.000    -0.9707   2.837718    -0.9685   2.838046    6.65393    -0.1302    13.8155 9.7237e-01  -62.31117  -58.06517 1152405682 190.028748    34.5413 0.0000e+00
   1139.000    -0.9708   2.837760    -0.9684   2.838071    6.65443    -0.1323    13.8155 9.6670e-01  -62.31117  -58.06517 1152405682 190.028759    34.5414 0.0000e+00
   1140.000    -0.9706   2.837805    -0.9687   2.838107    6.65397    -0.1334    13.8155 9.8373e-01  -62.31117  -58.06517 1152405684 190.028771    34.5412 0.0000e+00
   1141.000    -0.9717   2.837762    -0.9697   2.838066    6.65462    -0.1226    13.8155 9.9714e-01  -62.31117  -58.06517 1152405685 190.028787    34.5413 0.0000e+00
   1142.000    -0.9719   2.837783    -0.9700   2.838083    6.65631    -0.1200    13.8155 4.4638e-01  -62.31117  -58.06517 1152405687 190.028809    34.5412 0.0000e+00
   1143.000    -0.9726   2.837762    -0.9708   2.838063    6.65460    -0.1223    13.8155 1.9349e-01  -62.31117  -58.06517 1152405689 190.028831    34.5411 0.0000e+00
   1144.000    -0.9734   2.837738    -0.9714   2.838052    6.65446    -0.1101    13.8155 4.4593e-01  -62.31117  -58.06517 1152405690 190.028847    34.5412 0.0000e+00
   1145.000    -0.9785   2.837344    -0.9763   2.837843    6.65348    -0.1332    13.8155 1.7510e+00  -62.31117  -58.06517 1152405691 190.028861    34.5411 0.0000e+00
   1146.000    -0.9806   2.837204    -0.9784   2.837563    6.65386    -0.1194    13.8155 7.4344e-01  -62.31117  -58.06517 1152405692 190.028874    34.5412 0.0000e+00
   1147.000    -0.9807   2.837242    -0.9786   2.837586    6.65612    -0.1337    13.8155 1.6011e-02  -62.31117  -58.06517 1152405694 190.028887    34.5412 0.0000e+00
   1148.000    -0.9826   2.837122    -0.9802   2.837479    6.65762    -0.1219    13.8155 1.5035e+00  -62.31117  -58.06517 1152405695 190.028903    34.5411 0.0000e+00
   1149.000    -0.9800   2.837392    -0.9777   2.837692    6.66266    -0.1257    13.8155 8.7732e-02  -62.31117  -58.06517 1152405697 190.028922    34.5411 0.0000e+00
   1150.000    -0.9812   2.837328    -0.9789   2.837701    6.66603    -0.1204    13.8155 1.4861e+00  -62.31117  -58.06517 1152405698 190.028939    34.5410 0.0000e+00
   1151.000    -0.9851   2.837036    -0.9825   2.837455    6.66725    -0.1244    13.8155 6.2252e-01  -62.31117  -58.06517 1152405700 190.028958    34.5410 0.0000e+00
   1152.000    -0.9911   2.836556    -0.9887   2.837019    6.67066    -0.1243    13.8155 1.2448e+00  -62.31117  -58.06517 1152405701 190.028977    34.5409 0.0000e+00
   1153.000    -0.9973   2.836067    -0.9949   2.836552    6.67249    -0.1363    13.8155 6.7162e-01  -62.31117  -58.06517 1152405703 190.028993    34.5410 0.0000e+00
   1154.000    -0.9962   2.836215    -0.9943   2.836528    6.67436    -0.1256    13.8155 1.0761e-04  -62.31117  -58.06517 1152405704 190.029006    34.5410 0.0000e+00
   1155.000    -0.9960   2.836260    -0.9939   2.836631    6.67426    -0.1325    13.8155 1.2376e+00  -62.31117  -58.06517 1152405705 190.029018    34.5408 0.0000e+00
   1156.000    -0.9986   2.836091    -0.9966   2.836476    6.67805    -0.1169    13.8155 1.5608e+00  -62.31117  -58.06517 1152405706 190.029031    34.5408 0.0000e+00
