product_data/regression_test/downloaded_data/MDGS/320620060703/ctd/p6607601.cnv
* Sea-Bird SBE 9 Data File:
* FileName = D:\Data\Raw\p6607601.dat
* Software Version Seasave Win32 V 5.32
* Temperature SN = 1649
* Conductivity SN = 1431
* Number of Bytes Per Scan = 37
* Number of Voltage Words = 5
* Number of Scans Averaged by the Deck Unit = 1
* NMEA Latitude = 62 16.73 S
* NMEA Longitude = 058 05.18 W
* NMEA UTC (Time) = 15:51:28
** Ship:   Nathaniel B. Palmer 
** Cruise:    NBP0606 
# nquan = 15
# nvalues = 1420                        
# units = specified
# name 0 = prDM: Pressure, Digiquartz [db]
# name 1 = t090C: Temperature [ITS-90, deg C]
# name 2 = c0S/m: Conductivity [S/m]
# name 3 = t190C: Temperature, 2 [ITS-90, deg C]
# name 4 = c1S/m: Conductivity, 2 [S/m]
# name 5 = sbeox0ML/L: Oxygen, SBE 43 [ml/l]
# name 6 = flECO-AFL: Fluorescence, Wetlab ECO-AFL/FL [mg/m^3]
# name 7 = bat: Beam Attenuation, Chelsea/Seatech/Wetlab CStar [1/m]
# name 8 = spar: SPAR/Surface Irradiance
# name 9 = latitude: Latitude [deg]
# name 10 = longitude: Longitude [deg]
# name 11 = timeY: Time, System [seconds]
# name 12 = timeJ: Julian Days
# name 13 = sal00: Salinity [PSU]
# name 14 = flag: flag
# span 0 =      2.000,   1421.000       
# span 1 =    -1.5458,    -0.2847       
# span 2 =   2.638382,   2.852152       
# span 3 =    -1.5456,    -0.2849       
# span 4 =   2.739116,   2.852047       
# span 5 =    6.29068,    7.57885       
# span 6 =    -0.1476,     0.1305       
# span 7 =    13.8155,    13.8155       
# span 8 = 4.0285e+00, 3.0433e+01       
# span 9 =  -62.27883,  -62.27883       
# span 10 =  -58.08633,  -58.08633      
# span 11 = 1152373904, 1152376336      
# span 12 = 189.660941, 189.689094      
# span 13 =    32.0099,    34.5508      
# span 14 = 0.0000e+00, 0.0000e+00      
# interval = decibars: 1                
# start_time = Jul 08 2006 15:51:36
# bad_flag = -9.990e-29
*END*
[from data line 1061]
   1063.000    -0.8240   2.847465    -0.8241   2.847312    6.44776    -0.1317    13.8155 -9.990e-29  -62.27883  -58.08633 1152375771 189.682557    34.5500 0.0000e+00
   1064.000    -0.8257   2.847369    -0.8252   2.847267    6.45016    -0.1250    13.8155 -9.990e-29  -62.27883  -58.08633 1152375773 189.682574    34.5499 0.0000e+00
   1065.000    -0.8269   2.847327    -0.8261   2.847220    6.45217    -0.1317    13.8155 -9.990e-29  -62.27883  -58.08633 1152375774 189.682594    34.5501 0.0000e+00
   1066.000    -0.8264   2.847411    -0.8257   2.847302    6.45464    -0.1271    13.8155 -9.990e-29  -62.27883  -58.08633 1152375776 189.682612    34.5500 0.0000e+00
   1067.000    -0.8270   2.847400    -0.8268   2.847261    6.45712    -0.1266    13.8155 -9.990e-29  -62.27883  -58.08633 1152375777 189.682629    34.5499 0.0000e+00
   1068.000    -0.8275   2.847393    -0.8270   2.847281    6.46055    -0.1234    13.8155 -9.990e-29  -62.27883  -58.08633 1152375779 189.682651    34.5499 0.0000e+00
   1069.000    -0.8285   2.847346    -0.8281   2.847240    6.46299    -0.1217    13.8155 -9.990e-29  -62.27883  -58.08633 1152375781 189.682671    34.5498 0.0000e+00
   1070.000    -0.8302   2.847245    -0.8296   2.847149    6.46339    -0.1257    13.8155 -9.990e-29  -62.27883  -58.08633 1152375782 189.682687    34.5497 0.0000e+00
   1071.000    -0.8305   2.847259    -0.8304   2.847124    6.46390    -0.1224    13.8155 -9.990e-29  -62.27883  -58.08633 1152375784 189.682701    34.5496 0.0000e+00
   1072.000    -0.8360   2.846789    -0.8367   2.846621    6.46457    -0.1296    13.8155 -9.990e-29  -62.27883  -58.08633 1152375785 189.682716    34.5492 0.0000e+00
   1073.000    -0.8377   2.846725    -0.8372   2.846614    6.46598    -0.1232    13.8155 -9.990e-29  -62.27883  -58.08633 1152375787 189.682736    34.5496 0.0000e+00
   1074.000    -0.8377   2.846773    -0.8371   2.846666    6.46919    -0.1219    13.8155 -9.990e-29  -62.27883  -58.08633 1152375789 189.682759    34.5496 0.0000e+00
   1075.000    -0.8378   2.846810    -0.8379   2.846656    6.47389    -0.1271    13.8155 -9.990e-29  -62.27883  -58.08633 1152375790 189.682777    34.5496 0.0000e+00
   1076.000    -0.8395   2.846665    -0.8400   2.846436    6.47580    -0.1314    13.8155 -9.990e-29  -62.27883  -58.08633 1152375792 189.682792    34.5490 0.0000e+00
   1077.000    -0.8449   2.846264    -0.8448   2.846140    6.47712    -0.1172    13.8155 -9.990e-29  -62.27883  -58.08633 1152375793 189.682809    34.5493 0.0000e+00
   1078.000    -0.8467   2.846181    -0.8458   2.846087    6.47667    -0.1236    13.8155 -9.990e-29  -62.27883  -58.08633 1152375795 189.682832    34.5496 0.0000e+00
   1079.000    -0.8473   2.846151    -0.8473   2.846017    6.47627    -0.1300    13.8155 -9.990e-29  -62.27883  -58.08633 1152375797 189.682850    34.5492 0.0000e+00
   1080.000    -0.8517   2.845779    -0.8524   2.845621    6.47716    -0.1287    13.8155 -9.990e-29  -62.27883  -58.08633 1152375798 189.682863    34.5488 0.0000e+00
   1081.000    -0.8580   2.845198    -0.8607   2.844943    6.48034    -0.1199    13.8155 -9.990e-29  -62.27883  -58.08633 1152375799 189.682877    34.5486 0.0000e+00
   1082.000    -0.8643   2.844816    -0.8642   2.844678    6.48448    -0.1321    13.8155 -9.990e-29  -62.27883  -58.08633 1152375801 189.682898    34.5491 0.0000e+00
   1083.000    -0.8663   2.844697    -0.8654   2.844632    6.48888    -0.1211    13.8155 -9.990e-29  -62.27883  -58.08633 1152375802 189.682918    34.5491 0.0000e+00
   1084.000    -0.8687   2.844525    -0.8685   2.844410    6.49297    -0.1229    13.8155 -9.990e-29  -62.27883  -58.08633 1152375804 189.682936    34.5489 0.0000e+00
   1085.000    -0.8709   2.844393    -0.8703   2.844286    6.49495    -0.1330    13.8155 -9.990e-29  -62.27883  -58.08633 1152375806 189.682959    34.5491 0.0000e+00
   1086.000    -0.8724   2.844293    -0.8728   2.844130    6.50187    -0.1195    13.8155 -9.990e-29  -62.27883  -58.08633 1152375808 189.682978    34.5487 0.0000e+00
   1087.000    -0.8766   2.843963    -0.8764   2.843849    6.50224    -0.1228    13.8155 -9.990e-29  -62.27883  -58.08633 1152375809 189.682991    34.5486 0.0000e+00
   1088.000    -0.8762   2.844080    -0.8752   2.843997    6.50260    -0.1093    13.8155 -9.990e-29  -62.27883  -58.08633 1152375810 189.683003    34.5491 0.0000e+00
   1089.000    -0.8781   2.843937    -0.8780   2.843807    6.50584    -0.1315    13.8155 -9.990e-29  -62.27883  -58.08633 1152375811 189.683017    34.5487 0.0000e+00
   1090.000    -0.8800   2.843821    -0.8803   2.843638    6.51201    -0.1265    13.8155 -9.990e-29  -62.27883  -58.08633 1152375813 189.683045    34.5487 0.0000e+00
   1091.000    -0.8819   2.843677    -0.8824   2.843519    6.51474    -0.1286    13.8155 -9.990e-29  -62.27883  -58.08633 1152375816 189.683072    34.5483 0.0000e+00
   1092.000    -0.8864   2.843324    -0.8884   2.843053    6.51759    -0.1276    13.8155 -9.990e-29  -62.27883  -58.08633 1152375817 189.683087    34.5482 0.0000e+00
   1093.000    -0.8909   2.842992    -0.8911   2.842856    6.51690    -0.1190    13.8155 -9.990e-29  -62.27883  -58.08633 1152375818 189.683100    34.5482 0.0000e+00
   1094.000    -0.8931   2.842871    -0.8925   2.842776    6.51606    -0.1161    13.8155 9.7024e+00  -62.27883  -58.08633 1152375819 189.683113    34.5486 0.0000e+00
   1095.000    -0.8936   2.842879    -0.8924   2.842826    6.51664    -0.1313    13.8155 8.2161e+00  -62.27883  -58.08633 1152375821 189.683129    34.5485 0.0000e+00
   1096.000    -0.8931   2.842978    -0.8926   2.842857    6.52081    -0.1178    13.8155 9.1413e+00  -62.27883  -58.08633 1152375822 189.683147    34.5487 0.0000e+00
   1097.000    -0.8925   2.843069    -0.8922   2.842951    6.52293    -0.1166    13.8155 9.7178e+00  -62.27883  -58.08633 1152375824 189.683163    34.5486 0.0000e+00
   1098.000    -0.8922   2.843115    -0.8916   2.843027    6.52521    -0.1220    13.8155 9.2258e+00  -62.27883  -58.08633 1152375825 189.683185    34.5481 0.0000e+00
   1099.000    -0.8960   2.842757    -0.9011   2.842284    6.52846    -0.1279    13.8155 9.5134e+00  -62.27883  -58.08633 1152375829 189.683221    34.5470 0.0000e+00
   1100.000    -0.9120   2.841423    -0.9141   2.841187    6.53099    -0.1307    13.8155 7.6437e+00  -62.27883  -58.08633 1152375830 189.683236    34.5472 0.0000e+00
   1101.000    -0.9149   2.841262    -0.9149   2.841160    6.53437    -0.1281    13.8155 7.5620e+00  -62.27883  -58.08633 1152375831 189.683247    34.5478 0.0000e+00
   1102.000    -0.9184   2.841026    -0.9179   2.840947    6.53622    -0.1257    13.8155 7.2668e+00  -62.27883  -58.08633 1152375832 189.683258    34.5480 0.0000e+00
   1103.000    -0.9208   2.840846    -0.9214   2.840674    6.53991    -0.1189    13.8155 6.8551e+00  -62.27883  -58.08633 1152375833 189.683270    34.5477 0.0000e+00
   1104.000    -0.9233   2.840693    -0.9229   2.840581    6.54300    -0.1236    13.8155 7.9120e+00  -62.27883  -58.08633 1152375834 189.683285    34.5479 0.0000e+00
   1105.000    -0.9243   2.840652    -0.9238   2.840537    6.55208    -0.1174    13.8155 7.8439e+00  -62.27883  -58.08633 1152375836 189.683312    34.5477 0.0000e+00
   1106.000    -0.9265   2.840484    -0.9268   2.840338    6.55837    -0.1244    13.8155 7.9477e+00  -62.27883  -58.08633 1152375839 189.683336    34.5473 0.0000e+00
   1107.000    -0.9292   2.840309    -0.9288   2.840190    6.56228    -0.1234    13.8155 8.5062e+00  -62.27883  -58.08633 1152375840 189.683354    34.5474 0.0000e+00
   1108.000    -0.9299   2.840303    -0.9293   2.840195    6.56364    -0.1306    13.8155 -9.990e-29  -62.27883  -58.08633 1152375842 189.683372    34.5475 0.0000e+00
   1109.000    -0.9307   2.840265    -0.9305   2.840144    6.56437    -0.1266    13.8155 -9.990e-29  -62.27883  -58.08633 1152375843 189.683388    34.5473 0.0000e+00
   1110.000    -0.9327   2.840144    -0.9325   2.840020    6.56508    -0.1123    13.8155 -9.990e-29  -62.27883  -58.08633 1152375844 189.683403    34.5473 0.0000e+00
   1111.000    -0.9333   2.840154    -0.9326   2.840043    6.56579    -0.1210    13.8155 -9.990e-29  -62.27883  -58.08633 1152375846 189.683418    34.5475 0.0000e+00
   1112.000    -0.9336   2.840166    -0.9330   2.840062    6.56667    -0.1293    13.8155 -9.990e-29  -62.27883  -58.08633 1152375847 189.683437    34.5473 0.0000e+00
   1113.000    -0.9335   2.840219    -0.9326   2.840141    6.56981    -0.1280    13.8155 8.1406e+00  -62.27883  -58.08633 1152375849 189.683456    34.5474 0.0000e+00
   1114.000    -0.9330   2.840303    -0.9321   2.840231    6.57245    -0.1287    13.8155 7.7948e+00  -62.27883  -58.08633 1152375850 189.683472    34.5472 0.0000e+00
   1115.000    -0.9328   2.840359    -0.9322   2.840261    6.57105    -0.1344    13.8155 7.0001e+00  -62.27883  -58.08633 1152375852 189.683490    34.5472 0.0000e+00
   1116.000    -0.9328   2.840383    -0.9327   2.840264    6.57387    -0.1159    13.8155 -9.990e-29  -62.27883  -58.08633 1152375854 189.683516    34.5470 0.0000e+00
   1117.000    -0.9356   2.840201    -0.9352   2.840104    6.57621    -0.1334    13.8155 -9.990e-29  -62.27883  -58.08633 1152375856 189.683536    34.5471 0.0000e+00
   1118.000    -0.9357   2.840253    -0.9349   2.840180    6.57836    -0.1246    13.8155 -9.990e-29  -62.27883  -58.08633 1152375857 189.683549    34.5474 0.0000e+00
   1119.000    -0.9354   2.840322    -0.9349   2.840220    6.57991    -0.1182    13.8155 -9.990e-29  -62.27883  -58.08633 1152375858 189.683561    34.5474 0.0000e+00
   1120.000    -0.9346   2.840424    -0.9340   2.840334    6.58179    -0.1353    13.8155 -9.990e-29  -62.27883  -58.08633 1152375859 189.683576    34.5472 0.0000e+00
   1121.000    -0.9348   2.840452    -0.9342   2.840353    6.58216    -0.1236    13.8155 8.5628e+00  -62.27883  -58.08633 1152375861 189.683599    34.5472 0.0000e+00
   1122.000    -0.9369   2.840305    -0.9369   2.840177    6.58129    -0.1349    13.8155 7.6120e+00  -62.27883  -58.08633 1152375863 189.683619    34.5470 0.0000e+00
   1123.000    -0.9376   2.840318    -0.9373   2.840180    6.58017    -0.1249    13.8155 7.1507e+00  -62.27883  -58.08633 1152375864 189.683634    34.5474 0.0000e+00
   1124.000    -0.9365   2.840452    -0.9358   2.840353    6.57940    -0.1259    13.8155 7.9436e+00  -62.27883  -58.08633 1152375866 189.683650    34.5474 0.0000e+00
   1125.000    -0.9364   2.840488    -0.9359   2.840389    6.58124    -0.1244    13.8155 -9.990e-29  -62.27883  -58.08633 1152375868 189.683674    34.5472 0.0000e+00
   1126.000    -0.9362   2.840543    -0.9357   2.840445    6.58183    -0.1320    13.8155 8.0653e+00  -62.27883  -58.08633 1152375870 189.683697    34.5471 0.0000e+00
   1127.000    -0.9398   2.840211    -0.9403   2.840112    6.58420    -0.1254    13.8155 7.6531e+00  -62.27883  -58.08633 1152375871 189.683711    34.5461 0.0000e+00
   1128.000    -0.9454   2.839842    -0.9446   2.839768    6.58472    -0.1288    13.8155 7.7184e+00  -62.27883  -58.08633 1152375872 189.683724    34.5472 0.0000e+00
   1129.000    -0.9438   2.840032    -0.9433   2.839926    6.58569    -0.1286    13.8155 8.3949e+00  -62.27883  -58.08633 1152375873 189.683740    34.5473 0.0000e+00
   1130.000    -0.9491   2.839575    -0.9499   2.839402    6.58963    -0.1277    13.8155 -9.990e-29  -62.27883  -58.08633 1152375875 189.683758    34.5466 0.0000e+00
   1131.000    -0.9518   2.839424    -0.9512   2.839335    6.59382    -0.1298    13.8155 -9.990e-29  -62.27883  -58.08633 1152375876 189.683774    34.5471 0.0000e+00
   1132.000    -0.9530   2.839353    -0.9533   2.839195    6.59358    -0.1277    13.8155 7.6785e+00  -62.27883  -58.08633 1152375878 189.683792    34.5469 0.0000e+00
   1133.000    -0.9548   2.839246    -0.9539   2.839176    6.59452    -0.1233    13.8155 8.3598e+00  -62.27883  -58.08633 1152375880 189.683814    34.5469 0.0000e+00
   1134.000    -0.9547   2.839313    -0.9537   2.839244    6.59571    -0.1248    13.8155 8.0566e+00  -62.27883  -58.08633 1152375882 189.683837    34.5471 0.0000e+00
   1135.000    -0.9532   2.839480    -0.9526   2.839379    6.59679    -0.1273    13.8155 -9.990e-29  -62.27883  -58.08633 1152375883 189.683854    34.5470 0.0000e+00
   1136.000    -0.9530   2.839533    -0.9525   2.839431    6.59773    -0.1367    13.8155 -9.990e-29  -62.27883  -58.08633 1152375885 189.683870    34.5469 0.0000e+00
   1137.000    -0.9529   2.839589    -0.9525   2.839479    6.59876    -0.1293    13.8155 -9.990e-29  -62.27883  -58.08633 1152375886 189.683886    34.5469 0.0000e+00
   1138.000    -0.9533   2.839580    -0.9532   2.839461    6.59966    -0.1228    13.8155 -9.990e-29  -62.27883  -58.08633 1152375887 189.683902    34.5466 0.0000e+00
   1139.000    -0.9537   2.839615    -0.9528   2.839537    6.59970    -0.1112    13.8155 -9.990e-29  -62.27883  -58.08633 1152375889 189.683917    34.5469 0.0000e+00
   1140.000    -0.9535   2.839651    -0.9530   2.839574    6.60032    -0.1410    13.8155 9.2533e+00  -62.27883  -58.08633 1152375890 189.683931    34.5467 0.0000e+00
   1141.000    -0.9539   2.839666    -0.9536   2.839557    6.60290    -0.1243    13.8155 8.5143e+00  -62.27883  -58.08633 1152375891 189.683949    34.5468 0.0000e+00
   1142.000    -0.9531   2.839769    -0.9528   2.839668    6.60776    -0.1245    13.8155 7.0699e+00  -62.27883  -58.08633 1152375894 189.683979    34.5465 0.0000e+00
   1143.000    -0.9633   2.838886    -0.9628   2.838859    6.61005    -0.1296    13.8155 8.4567e+00  -62.27883  -58.08633 1152375896 189.684002    34.5459 0.0000e+00
   1144.000    -0.9690   2.838501    -0.9687   2.838392    6.61254    -0.1139    13.8155 8.0911e+00  -62.27883  -58.08633 1152375897 189.684016    34.5468 0.0000e+00
   1145.000    -0.9706   2.838275    -0.9719   2.838180    6.61648    -0.1356    13.8155 8.0898e+00  -62.27883  -58.08633 1152375898 189.684027    34.5456 0.0000e+00
   1146.000    -0.9814   2.837466    -0.9807   2.837460    6.62106    -0.1232    13.8155 8.1664e+00  -62.27883  -58.08633 1152375899 189.684038    34.5461 0.0000e+00
   1147.000    -0.9826   2.837442    -0.9814   2.837409    6.62449    -0.1283    13.8155 8.0747e+00  -62.27883  -58.08633 1152375901 189.684056    34.5464 0.0000e+00
   1148.000    -0.9849   2.837302    -0.9846   2.837190    6.62591    -0.1273    13.8155 8.1808e+00  -62.27883  -58.08633 1152375903 189.684085    34.5465 0.0000e+00
   1149.000    -0.9863   2.837211    -0.9858   2.837132    6.62742    -0.1397    13.8155 7.5312e+00  -62.27883  -58.08633 1152375905 189.684102    34.5461 0.0000e+00
   1150.000    -0.9885   2.837071    -0.9886   2.836938    6.62837    -0.1372    13.8155 7.9806e+00  -62.27883  -58.08633 1152375906 189.684117    34.5462 0.0000e+00
   1151.000    -0.9891   2.837068    -0.9892   2.836928    6.63036    -0.1295    13.8155 7.9629e+00  -62.27883  -58.08633 1152375907 189.684132    34.5462 0.0000e+00
   1152.000    -0.9919   2.836865    -0.9917   2.836757    6.63366    -0.1226    13.8155 -9.990e-29  -62.27883  -58.08633 1152375909 189.684153    34.5461 0.0000e+00
   1153.000    -0.9949   2.836636    -0.9942   2.836586    6.63492    -0.1168    13.8155 -9.990e-29  -62.27883  -58.08633 1152375911 189.684173    34.5457 0.0000e+00
   1154.000    -0.9971   2.836513    -0.9966   2.836424    6.63586    -0.1192    13.8155 -9.990e-29  -62.27883  -58.08633 1152375912 189.684189    34.5461 0.0000e+00
   1155.000    -0.9985   2.836394    -0.9991   2.836250    6.63943    -0.1236    13.8155 -9.990e-29  -62.27883  -58.08633 1152375914 189.684204    34.5455 0.0000e+00
   1156.000    -1.0002   2.836331    -1.0003   2.836198    6.64254    -0.1203    13.8155 7.7488e+00  -62.27883  -58.08633 1152375915 189.684221    34.5459 0.0000e+00
   1157.000    -1.0014   2.836273    -1.0018   2.836111    6.64742    -0.1225    13.8155 7.5859e+00  -62.27883  -58.08633 1152375917 189.684239    34.5458 0.0000e+00
