product_data/regression_test/downloaded_data/MDGS/320620060703/ctd/p6606203.ros
* Sea-Bird SBE 9 Data File:
* FileName = D:\Data\Raw\p6606203.dat
* Software Version Seasave Win32 V 5.32
* Temperature SN = 1649
* Conductivity SN = 1431
* Number of Bytes Per Scan = 37
* Number of Voltage Words = 5
* Number of Scans Averaged by the Deck Unit = 1
* NMEA Latitude = 61 05.90 S
* NMEA Longitude = 058 08.62 W
* NMEA UTC (Time) = 07:32:57
** Ship:   Nathaniel B. Palmer 
** Cruise:    NBP0603 
** Cast #: 
** Station:   
** Operator: 
# nquan = 17
# nvalues = 1176                    
# units = specified
# name 0 = prDM: Pressure, Digiquartz [db]
# name 1 = t090C: Temperature [ITS-90, deg C]
# name 2 = c0S/m: Conductivity [S/m]
# name 3 = t190C: Temperature, 2 [ITS-90, deg C]
# name 4 = c1S/m: Conductivity, 2 [S/m]
# name 5 = sbeox0ML/L: Oxygen, SBE 43 [ml/l]
# name 6 = flECO-AFL: Fluorescence, Wetlab ECO-AFL/FL [mg/m^3]
# name 7 = bat: Beam Attenuation, Chelsea/Seatech/Wetlab CStar [1/m]
# name 8 = spar: SPAR/Surface Irradiance
# name 9 = latitude: Latitude [deg]
# name 10 = longitude: Longitude [deg]
# name 11 = timeY: Time, System [seconds]
# name 12 = timeJ: Julian Days
# name 13 = sal00: Salinity [PSU]
# name 14 = scan: scan number
# name 15 = nbf: number of bottles fired
# name 16 = flag:  0.000e+00
# interval = seconds: 0.0416667                   
# start_time = Jul 07 2006 07:33:05
*END*
[from data line 171]
     51.941    -0.8218   2.757806    -0.8216   2.757936    8.04244     0.0434    13.8155 0.0000e+00  -61.09833  -58.14367 1152257718 188.316211    33.9424       3256          4  0.000e+00
     51.941    -0.8225   2.757819    -0.8218   2.757913    8.04255     0.0004    13.8155 0.0000e+00  -61.09833  -58.14367 1152257718 188.316211    33.9435       3257          4  0.000e+00
     52.008    -0.8216   2.757806    -0.8211   2.757925    8.03778     0.0219    13.8155 0.0000e+00  -61.09833  -58.14367 1152257719 188.316212    33.9422       3258          4  0.000e+00
     52.008    -0.8219   2.757819    -0.8214   2.757913    8.04253     0.0650    13.8155 0.0000e+00  -61.09833  -58.14367 1152257719 188.316212    33.9428       3259          4  0.000e+00
     51.941    -0.8219   2.757836    -0.8217   2.757925    8.04244     0.0650    13.8155 0.0000e+00  -61.09833  -58.14367 1152257719 188.316213    33.9430       3260          4  0.000e+00
     52.008    -0.8221   2.757813    -0.8216   2.757948    8.04256     0.0219    13.8155 0.0000e+00  -61.09833  -58.14367 1152257719 188.316213    33.9428       3261          4  0.000e+00
     51.941    -0.8216   2.757819    -0.8213   2.757919    8.04711     0.0972    13.8155 0.0000e+00  -61.09833  -58.14367 1152257719 188.316214    33.9425       3262          4  0.000e+00
     52.008    -0.8223   2.757839    -0.8208   2.757884    8.04257     0.0650    13.8155 0.0000e+00  -61.09833  -58.14367 1152257719 188.316214    33.9434       3263          4  0.000e+00
     51.941    -0.8220   2.757845    -0.8214   2.757913    8.04244     0.0327    13.8155 0.0000e+00  -61.09833  -58.14367 1152257719 188.316215    33.9432       3264          4  0.000e+00
     52.008    -0.8223   2.757842    -0.8215   2.757931    8.04256     0.0542    13.8155 0.0000e+00  -61.09833  -58.14367 1152257719 188.316215    33.9434       3265          4  0.000e+00
     51.941    -0.8223   2.757842    -0.8213   2.757913    8.04249     0.0112    13.8155 0.0000e+00  -61.09833  -58.14367 1152257719 188.316216    33.9435       3266          4  0.000e+00
     52.008    -0.8223   2.757813    -0.8210   2.757902    8.03788     0.0004    13.8155 0.0000e+00  -61.09833  -58.14367 1152257719 188.316216    33.9430       3267          4  0.000e+00
     51.941    -0.8218   2.757832    -0.8210   2.757902    8.03771     0.0112    13.8155 0.0000e+00  -61.09833  -58.14367 1152257719 188.316217    33.9428       3268          4  0.000e+00
     51.941    -0.8218   2.757796    -0.8213   2.757902    8.03774     0.0219    13.8155 0.0000e+00  -61.09833  -58.14367 1152257719 188.316217    33.9423       3269          4  0.000e+00
     51.941    -0.8219   2.757809    -0.8213   2.757925    8.03776     0.0219    13.8155 0.0000e+00  -61.09833  -58.14367 1152257719 188.316218    33.9427       3270          4  0.000e+00
     52.008    -0.8219   2.757790    -0.8210   2.757913    8.03785    -0.0104    13.8155 0.0000e+00  -61.09833  -58.14367 1152257719 188.316218    33.9424       3271          4  0.000e+00
     51.941    -0.8221   2.757813    -0.8203   2.757942    8.03778     0.0004    13.8155 0.0000e+00  -61.09833  -58.14367 1152257719 188.316219    33.9429       3272          4  0.000e+00
     51.941    -0.8219   2.757826    -0.8207   2.757936    8.03774     0.0004    13.8155 0.0000e+00  -61.09833  -58.14367 1152257719 188.316219    33.9429       3273          4  0.000e+00
     51.874    -0.8213   2.757806    -0.8206   2.757913    8.04229     0.0004    13.8155 0.0000e+00  -61.09833  -58.14367 1152257719 188.316220    33.9420       3274          4  0.000e+00
     51.941    -0.8215   2.757813    -0.8206   2.757902    8.03768     0.0112    13.8155 0.0000e+00  -61.09833  -58.14367 1152257719 188.316220    33.9422       3275          4  0.000e+00
     51.874    -0.8208   2.757790    -0.8205   2.757925    8.03752     0.0112    13.8155 0.0000e+00  -61.09833  -58.14367 1152257719 188.316221    33.9412       3276          4  0.000e+00
     51.874    -0.8208   2.757829    -0.8202   2.757913    8.03749    -0.0104    13.8155 0.0000e+00  -61.09833  -58.14367 1152257719 188.316221    33.9418       3277          4  0.000e+00
     51.874    -0.8202   2.757829    -0.8204   2.757925    8.04210     0.0004    13.8155 0.0000e+00  -61.09833  -58.14367 1152257719 188.316222    33.9411       3278          4  0.000e+00
     51.941    -0.8203   2.757790    -0.8202   2.757931    8.03751     0.0219    13.8155 0.0000e+00  -61.09833  -58.14367 1152257719 188.316222    33.9406       3279          4  0.000e+00
     51.875    -0.8204   2.757793    -0.8205   2.757867    8.03745    -0.0104    13.8155 0.0000e+00  -61.09833  -58.14367 1152257719 188.316223    33.9407       3280          4  0.000e+00
     51.026    -0.8171   2.757747    -0.8180   2.757861    8.03601     0.0434    13.8155 0.0000e+00  -61.09833  -58.14367 1152257724 188.316276    33.9370       3390          5  0.000e+00
     51.170    -0.8179   2.757766    -0.8176   2.757878    8.03628     0.0219    13.8155 0.0000e+00  -61.09833  -58.14367 1152257724 188.316276    33.9380       3391          5  0.000e+00
     51.026    -0.8178   2.757796    -0.8180   2.757861    8.03608     0.0219    13.8155 0.0000e+00  -61.09833  -58.14367 1152257724 188.316277    33.9384       3392          5  0.000e+00
     51.026    -0.8181   2.757763    -0.8171   2.757849    8.04085     0.0542    13.8155 0.0000e+00  -61.09833  -58.14367 1152257724 188.316277    33.9382       3393          5  0.000e+00
     51.103    -0.8176   2.757753    -0.8170   2.757867    8.03616     0.0327    13.8155 0.0000e+00  -61.09833  -58.14367 1152257724 188.316277    33.9375       3394          5  0.000e+00
     51.103    -0.8182   2.757773    -0.8174   2.757878    8.03625     0.0327    13.8155 0.0000e+00  -61.09833  -58.14367 1152257724 188.316278    33.9385       3395          5  0.000e+00
     51.103    -0.8184   2.757779    -0.8174   2.757878    8.04097     0.0219    13.8155 0.0000e+00  -61.09833  -58.14367 1152257724 188.316278    33.9388       3396          5  0.000e+00
     51.103    -0.8181   2.757796    -0.8173   2.757878    8.03621     0.0112    13.8155 0.0000e+00  -61.09833  -58.14367 1152257724 188.316279    33.9386       3397          5  0.000e+00
     51.170    -0.8183   2.757799    -0.8170   2.757855    8.04103     0.0542    13.8155 0.0000e+00  -61.09833  -58.14367 1152257724 188.316279    33.9389       3398          5  0.000e+00
     51.103    -0.8176   2.757750    -0.8168   2.757867    8.04087     0.0757    13.8155 0.0000e+00  -61.09833  -58.14367 1152257724 188.316280    33.9375       3399          5  0.000e+00
     51.170    -0.8181   2.757750    -0.8165   2.757896    8.04102     0.0542    13.8155 0.0000e+00  -61.09833  -58.14367 1152257724 188.316280    33.9380       3400          5  0.000e+00
     51.103    -0.8182   2.757773    -0.8165   2.757884    8.04096     0.0327    13.8155 0.0000e+00  -61.09833  -58.14367 1152257724 188.316281    33.9385       3401          5  0.000e+00
     51.170    -0.8179   2.757780    -0.8162   2.757861    8.03627     0.0434    13.8155 0.0000e+00  -61.09833  -58.14367 1152257724 188.316281    33.9382       3402          5  0.000e+00
     51.170    -0.8176   2.757760    -0.8164   2.757832    8.03623     0.0219    13.8155 0.0000e+00  -61.09833  -58.14367 1152257724 188.316282    33.9376       3403          5  0.000e+00
     51.103    -0.8176   2.757740    -0.8163   2.757844    8.04088     0.0112    13.8155 0.0000e+00  -61.09833  -58.14367 1152257725 188.316282    33.9374       3404          5  0.000e+00
     51.170    -0.8176   2.757786    -0.8165   2.757849    8.04092     0.0327    13.8155 0.0000e+00  -61.09833  -58.14367 1152257725 188.316283    33.9380       3405          5  0.000e+00
     51.236    -0.8173   2.757783    -0.8170   2.757872    8.03624     0.0434    13.8155 0.0000e+00  -61.09833  -58.14367 1152257725 188.316283    33.9375       3406          5  0.000e+00
     51.170    -0.8171   2.757780    -0.8168   2.757878    8.03615     0.0327    13.8155 0.0000e+00  -61.09833  -58.14367 1152257725 188.316284    33.9373       3407          5  0.000e+00
     51.170    -0.8173   2.757793    -0.8173   2.757878    8.04086     0.0650    13.8155 0.0000e+00  -61.09833  -58.14367 1152257725 188.316284    33.9377       3408          5  0.000e+00
     51.170    -0.8175   2.757750    -0.8174   2.757855    8.04094     0.0219    13.8155 0.0000e+00  -61.09833  -58.14367 1152257725 188.316285    33.9374       3409          5  0.000e+00
     51.236    -0.8171   2.757786    -0.8185   2.757867    8.04092     0.0112    13.8155 0.0000e+00  -61.09833  -58.14367 1152257725 188.316285    33.9374       3410          5  0.000e+00
     51.236    -0.8178   2.757766    -0.8179   2.757838    8.04104     0.0112    13.8155 0.0000e+00  -61.09833  -58.14367 1152257725 188.316286    33.9378       3411          5  0.000e+00
     51.170    -0.8179   2.757757    -0.8177   2.757861    8.04099    -0.0104    13.8155 0.0000e+00  -61.09833  -58.14367 1152257725 188.316286    33.9379       3412          5  0.000e+00
     51.236    -0.8178   2.757770    -0.8182   2.757861    8.04103     0.0327    13.8155 0.0000e+00  -61.09833  -58.14367 1152257725 188.316287    33.9379       3413          5  0.000e+00
     51.236    -0.8178   2.757776    -0.8182   2.757872    8.04103     0.0327    13.8155 0.0000e+00  -61.09833  -58.14367 1152257725 188.316287    33.9380       3414          5  0.000e+00
     51.236    -0.8181   2.757796    -0.8182   2.757855    8.04106     0.0112    13.8155 0.0000e+00  -61.09833  -58.14367 1152257725 188.316288    33.9386       3415          5  0.000e+00
     51.236    -0.8181   2.757766    -0.8188   2.757849    8.04108     0.0542    13.8155 0.0000e+00  -61.09833  -58.14367 1152257725 188.316288    33.9382       3416          5  0.000e+00
     51.236    -0.8179   2.757773    -0.8186   2.757855    8.03635     0.0865    13.8155 0.0000e+00  -61.09833  -58.14367 1152257725 188.316289    33.9381       3417          5  0.000e+00
     51.313    -0.8182   2.757776    -0.8182   2.757849    8.04119     0.0434    13.8155 0.0000e+00  -61.09833  -58.14367 1152257725 188.316289    33.9384       3418          5  0.000e+00
     51.236    -0.8185   2.757776    -0.8185   2.757867    8.04115     0.0327    13.8155 0.0000e+00  -61.09833  -58.14367 1152257725 188.316290    33.9388       3419          5  0.000e+00
     51.313    -0.8180   2.757780    -0.8185   2.757861    8.04115     0.0327    13.8155 0.0000e+00  -61.09833  -58.14367 1152257725 188.316290    33.9382       3420          5  0.000e+00
     51.236    -0.8181   2.757780    -0.8180   2.757849    8.04107     0.0004    13.8155 0.0000e+00  -61.09833  -58.14367 1152257725 188.316291    33.9383       3421          5  0.000e+00
     51.313    -0.8181   2.757760    -0.8179   2.757849    8.04117    -0.0104    13.8155 0.0000e+00  -61.09833  -58.14367 1152257725 188.316291    33.9380       3422          5  0.000e+00
     51.236    -0.8178   2.757786    -0.8177   2.757872    8.04102    -0.0104    13.8155 0.0000e+00  -61.09833  -58.14367 1152257725 188.316291    33.9381       3423          5  0.000e+00
     51.303    -0.8181   2.757783    -0.8180   2.757838    8.04115     0.0112    13.8155 0.0000e+00  -61.09833  -58.14367 1152257725 188.316292    33.9383       3424          5  0.000e+00
     51.313    -0.8182   2.757760    -0.8184   2.757861    8.04120     0.0219    13.8155 0.0000e+00  -61.09833  -58.14367 1152257725 188.316292    33.9382       3425          5  0.000e+00
     51.236    -0.8184   2.757773    -0.8188   2.757878    8.04113     0.0327    13.8155 0.0000e+00  -61.09833  -58.14367 1152257725 188.316293    33.9386       3426          5  0.000e+00
     51.313    -0.8191   2.757796    -0.8186   2.757878    8.04603     0.0434    13.8155 0.0000e+00  -61.09833  -58.14367 1152257726 188.316293    33.9397       3427          5  0.000e+00
     51.313    -0.8190   2.757783    -0.8190   2.757838    8.04601     0.0434    13.8155 0.0000e+00  -61.09833  -58.14367 1152257726 188.316294    33.9394       3428          5  0.000e+00
     51.313    -0.8188   2.757747    -0.8190   2.757844    8.04601     0.0542    13.8155 0.0000e+00  -61.09833  -58.14367 1152257726 188.316294    33.9387       3429          5  0.000e+00
     51.313    -0.8190   2.757766    -0.8188   2.757867    8.04132     0.0650    13.8155 0.0000e+00  -61.09833  -58.14367 1152257726 188.316295    33.9392       3430          5  0.000e+00
     51.313    -0.8187   2.757760    -0.8183   2.757878    8.04127     0.0650    13.8155 0.0000e+00  -61.09833  -58.14367 1152257726 188.316295    33.9387       3431          5  0.000e+00
     51.313    -0.8189   2.757789    -0.8188   2.757878    8.04129     0.0327    13.8155 0.0000e+00  -61.09833  -58.14367 1152257726 188.316296    33.9394       3432          5  0.000e+00
     51.313    -0.8187   2.757763    -0.8185   2.757878    8.04127    -0.0104    13.8155 0.0000e+00  -61.09833  -58.14367 1152257726 188.316296    33.9388       3433          5  0.000e+00
     51.313    -0.8187   2.757789    -0.8191   2.757878    8.04125    -0.0104    13.8155 0.0000e+00  -61.09833  -58.14367 1152257726 188.316297    33.9391       3434          5  0.000e+00
     51.313    -0.8184   2.757783    -0.8188   2.757878    8.04591    -0.0319    13.8155 0.0000e+00  -61.09833  -58.14367 1152257726 188.316297    33.9387       3435          5  0.000e+00
     51.313    -0.8185   2.757780    -0.8191   2.757878    8.04123    -0.0426    13.8155 0.0000e+00  -61.09833  -58.14367 1152257726 188.316298    33.9388       3436          5  0.000e+00
     51.313    -0.8184   2.757780    -0.8193   2.757878    8.04121    -0.0426    13.8155 0.0000e+00  -61.09833  -58.14367 1152257726 188.316298    33.9386       3437          5  0.000e+00
     51.313    -0.8181   2.757780    -0.8196   2.757878    8.04116    -0.0211    13.8155 0.0000e+00  -61.09833  -58.14367 1152257726 188.316299    33.9383       3438          5  0.000e+00
     51.523    -0.8230   2.757862    -0.8216   2.757930    8.04213     0.0112    13.8155 0.0000e+00  -61.09833  -58.14367 1152257730 188.316344    33.9449       3531          6  0.000e+00
     51.447    -0.8235   2.757868    -0.8211   2.757930    8.04211    -0.0749    13.8155 0.0000e+00  -61.09833  -58.14367 1152257730 188.316344    33.9455       3532          6  0.000e+00
     51.523    -0.8233   2.757868    -0.8211   2.757913    8.04217    -0.0534    13.8155 0.0000e+00  -61.09833  -58.14367 1152257730 188.316345    33.9453       3533          6  0.000e+00
     51.380    -0.8236   2.757878    -0.8208   2.757907    8.04205     0.0542    13.8155 0.0000e+00  -61.09833  -58.14367 1152257730 188.316345    33.9459       3534          6  0.000e+00
     51.447    -0.8236   2.757855    -0.8214   2.757925    8.04215     0.0327    13.8155 0.0000e+00  -61.09833  -58.14367 1152257730 188.316345    33.9455       3535          6  0.000e+00
     51.447    -0.8244   2.757845    -0.8211   2.757930    8.04228     0.0327    13.8155 0.0000e+00  -61.09833  -58.14367 1152257730 188.316346    33.9463       3536          6  0.000e+00
     51.447    -0.8241   2.757895    -0.8205   2.757890    8.04219    -0.0104    13.8155 0.0000e+00  -61.09833  -58.14367 1152257730 188.316346    33.9466       3537          6  0.000e+00
     51.447    -0.8244   2.757895    -0.8210   2.757913    8.03754    -0.0319    13.8155 0.0000e+00  -61.09833  -58.14367 1152257730 188.316347    33.9469       3538          6  0.000e+00
     51.447    -0.8244   2.757901    -0.8202   2.757913    8.04224    -0.0104    13.8155 0.0000e+00  -61.09833  -58.14367 1152257730 188.316347    33.9470       3539          6  0.000e+00
     51.380    -0.8241   2.757911    -0.8200   2.757907    8.04210     0.0219    13.8155 0.0000e+00  -61.09833  -58.14367 1152257730 188.316348    33.9468       3540          6  0.000e+00
