product_data/regression_test/downloaded_data/MDGS/320620060703/ctd/p6609304.ros
* Sea-Bird SBE 9 Data File:
* FileName = D:\Data\Raw\P6609304.dat
* Software Version Seasave Win32 V 5.32
* Temperature SN = 1649
* Conductivity SN = 1431
* Number of Bytes Per Scan = 37
* Number of Voltage Words = 5
* Number of Scans Averaged by the Deck Unit = 1
* NMEA Latitude = 61 07.50 S
* NMEA Longitude = 058 05.51 W
* NMEA UTC (Time) = 02:17:40
** Ship:   Nathaniel B. Palmer nbp
** Cruise:    NBP0603 nbp0606
** Cast #: 01
** Station:   93
** Operator: yz
# nquan = 17
# nvalues = 1176                    
# units = specified
# name 0 = prDM: Pressure, Digiquartz [db]
# name 1 = t090C: Temperature [ITS-90, deg C]
# name 2 = c0S/m: Conductivity [S/m]
# name 3 = t190C: Temperature, 2 [ITS-90, deg C]
# name 4 = c1S/m: Conductivity, 2 [S/m]
# name 5 = sbeox0ML/L: Oxygen, SBE 43 [ml/l]
# name 6 = flECO-AFL: Fluorescence, Wetlab ECO-AFL/FL [mg/m^3]
# name 7 = bat: Beam Attenuation, Chelsea/Seatech/Wetlab CStar [1/m]
# name 8 = spar: SPAR/Surface Irradiance
# name 9 = latitude: Latitude [deg]
# name 10 = longitude: Longitude [deg]
# name 11 = timeY: Time, System [seconds]
# name 12 = timeJ: Julian Days
# name 13 = sal00: Salinity [PSU]
# name 14 = scan: scan number
# name 15 = nbf: number of bottles fired
# name 16 = flag:  0.000e+00
# interval = seconds: 0.0416667                   
# start_time = Jul 11 2006 02:17:48
*END*
[from data line 86]
    299.515     1.9353   3.057699     1.9375   3.058006    4.33077    -0.0642    13.8155 0.0000e+00  -61.12500  -58.09183 1152584785 192.101705    34.6475      12464          2  0.000e+00
    299.486     1.9351   3.057734     1.9367   3.058024    4.33528    -0.0642    13.8155 0.0000e+00  -61.12500  -58.09183 1152584785 192.101705    34.6481      12465          2  0.000e+00
    299.486     1.9354   3.057699     1.9366   3.057964    4.33979    -0.1180    13.8155 0.0000e+00  -61.12500  -58.09183 1152584785 192.101706    34.6473      12466          2  0.000e+00
    299.515     1.9353   3.057723     1.9364   3.057970    4.33529    -0.0749    13.8155 0.0000e+00  -61.12500  -58.09183 1152584785 192.101706    34.6478      12467          2  0.000e+00
    299.563     1.9354   3.057737     1.9361   3.057928    4.33530    -0.0749    13.8155 0.0000e+00  -61.12500  -58.09183 1152584785 192.101707    34.6477      12468          2  0.000e+00
    299.563     1.9354   3.057686     1.9364   3.057916    4.33532    -0.0642    13.8155 0.0000e+00  -61.12500  -58.09183 1152584785 192.101707    34.6471      12469          2  0.000e+00
    299.515     1.9354   3.057682     1.9366   3.057922    4.33529    -0.0426    13.8155 0.0000e+00  -61.12500  -58.09183 1152584785 192.101708    34.6471      12470          2  0.000e+00
    299.630     1.9353   3.057668     1.9361   3.057934    4.33538    -0.0211    13.8155 0.0000e+00  -61.12500  -58.09183 1152584785 192.101708    34.6470      12471          2  0.000e+00
    299.563     1.9354   3.057703     1.9366   3.057946    4.33531    -0.1072    13.8155 0.0000e+00  -61.12500  -58.09183 1152584785 192.101709    34.6473      12472          2  0.000e+00
    299.630     1.9346   3.057713     1.9362   3.057928    4.33542    -0.1287    13.8155 0.0000e+00  -61.12500  -58.09183 1152584785 192.101709    34.6483      12473          2  0.000e+00
    299.582     1.9354   3.057748     1.9363   3.057910    4.33531    -0.0749    13.8155 0.0000e+00  -61.12500  -58.09183 1152584785 192.101710    34.6479      12474          2  0.000e+00
    299.697     1.9353   3.057727     1.9364   3.057916    4.33540    -0.0534    13.8155 0.0000e+00  -61.12500  -58.09183 1152584785 192.101710    34.6477      12475          2  0.000e+00
    300.012     1.9348   3.057713     1.9368   3.057977    4.33563    -0.0534    13.8155 0.0000e+00  -61.12500  -58.09183 1152584789 192.101749    34.6479      12556          3  0.000e+00
    300.127     1.9354   3.057713     1.9365   3.057995    4.33112    -0.0319    13.8155 0.0000e+00  -61.12500  -58.09183 1152584789 192.101750    34.6471      12557          3  0.000e+00
    299.906     1.9351   3.057693     1.9364   3.057983    4.33102     0.0004    13.8155 0.0000e+00  -61.12500  -58.09183 1152584789 192.101750    34.6473      12558          3  0.000e+00
    299.983     1.9356   3.057689     1.9364   3.057983    4.33103    -0.0211    13.8155 0.0000e+00  -61.12500  -58.09183 1152584789 192.101751    34.6467      12559          3  0.000e+00
    300.079     1.9353   3.057689     1.9370   3.057971    4.33564    -0.0426    13.8155 0.0000e+00  -61.12500  -58.09183 1152584789 192.101751    34.6470      12560          3  0.000e+00
    299.983     1.9353   3.057706     1.9364   3.057977    4.33558    -0.0319    13.8155 0.0000e+00  -61.12500  -58.09183 1152584789 192.101752    34.6473      12561          3  0.000e+00
    299.983     1.9353   3.057713     1.9365   3.057959    4.33557    -0.0642    13.8155 0.0000e+00  -61.12500  -58.09183 1152584789 192.101752    34.6474      12562          3  0.000e+00
    300.012     1.9350   3.057713     1.9366   3.057940    4.33109    -0.0642    13.8155 0.0000e+00  -61.12500  -58.09183 1152584789 192.101753    34.6477      12563          3  0.000e+00
    299.983     1.9354   3.057730     1.9359   3.057971    4.33103    -0.0426    13.8155 0.0000e+00  -61.12500  -58.09183 1152584789 192.101753    34.6474      12564          3  0.000e+00
    299.983     1.9351   3.057717     1.9368   3.057959    4.33106    -0.0319    13.8155 0.0000e+00  -61.12500  -58.09183 1152584789 192.101753    34.6476      12565          3  0.000e+00
    300.012     1.9354   3.057696     1.9362   3.057965    4.33106    -0.0211    13.8155 0.0000e+00  -61.12500  -58.09183 1152584789 192.101754    34.6470      12566          3  0.000e+00
    299.983     1.9356   3.057689     1.9366   3.057934    4.33555    -0.0319    13.8155 0.0000e+00  -61.12500  -58.09183 1152584789 192.101754    34.6467      12567          3  0.000e+00
    299.983     1.9350   3.057689     1.9370   3.057977    4.33561    -0.0534    13.8155 0.0000e+00  -61.12500  -58.09183 1152584789 192.101755    34.6474      12568          3  0.000e+00
    299.935     1.9353   3.057706     1.9364   3.057965    4.33555    -0.0642    13.8155 0.0000e+00  -61.12500  -58.09183 1152584789 192.101755    34.6473      12569          3  0.000e+00
    299.983     1.9350   3.057696     1.9367   3.057971    4.33108    -0.0319    13.8155 0.0000e+00  -61.12500  -58.09183 1152584789 192.101756    34.6475      12570          3  0.000e+00
    299.983     1.9348   3.057706     1.9369   3.057946    4.33109    -0.0534    13.8155 0.0000e+00  -61.12500  -58.09183 1152584789 192.101756    34.6478      12571          3  0.000e+00
    299.983     1.9350   3.057693     1.9365   3.057971    4.33108    -0.0642    13.8155 0.0000e+00  -61.12500  -58.09183 1152584790 192.101757    34.6475      12572          3  0.000e+00
    300.012     1.9346   3.057689     1.9365   3.057983    4.33113    -0.0534    13.8155 0.0000e+00  -61.12500  -58.09183 1152584790 192.101757    34.6478      12573          3  0.000e+00
    299.906     1.9346   3.057689     1.9361   3.057995    4.33107    -0.0534    13.8155 0.0000e+00  -61.12500  -58.09183 1152584790 192.101758    34.6478      12574          3  0.000e+00
    299.983     1.9351   3.057689     1.9364   3.057940    4.33107    -0.0534    13.8155 0.0000e+00  -61.12500  -58.09183 1152584790 192.101758    34.6472      12575          3  0.000e+00
    300.011     1.9348   3.057651     1.9364   3.057922    4.33113    -0.0642    13.8155 0.0000e+00  -61.12500  -58.09183 1152584790 192.101759    34.6471      12576          3  0.000e+00
    299.983     1.9345   3.057641     1.9362   3.057959    4.33567    -0.0749    13.8155 0.0000e+00  -61.12500  -58.09183 1152584790 192.101759    34.6473      12577          3  0.000e+00
    299.983     1.9343   3.057658     1.9366   3.057977    4.33115    -0.0857    13.8155 0.0000e+00  -61.12500  -58.09183 1152584790 192.101760    34.6477      12578          3  0.000e+00
    299.935     1.9348   3.057682     1.9365   3.057959    4.33560    -0.1072    13.8155 0.0000e+00  -61.12500  -58.09183 1152584790 192.101760    34.6475      12579          3  0.000e+00
    299.983     1.9345   3.057655     1.9368   3.057940    4.33566    -0.0642    13.8155 0.0000e+00  -61.12500  -58.09183 1152584790 192.101761    34.6475      12580          3  0.000e+00
    299.983     1.9342   3.057641     1.9362   3.057971    4.33570    -0.0426    13.8155 0.0000e+00  -61.12500  -58.09183 1152584790 192.101761    34.6477      12581          3  0.000e+00
    299.983     1.9346   3.057600     1.9366   3.057947    4.33567    -0.0534    13.8155 0.0000e+00  -61.12500  -58.09183 1152584790 192.101762    34.6467      12582          3  0.000e+00
    299.935     1.9346   3.057648     1.9365   3.057946    4.33110    -0.0857    13.8155 0.0000e+00  -61.12500  -58.09183 1152584790 192.101762    34.6473      12583          3  0.000e+00
    299.983     1.9343   3.057648     1.9366   3.057928    4.33115    -0.0749    13.8155 0.0000e+00  -61.12500  -58.09183 1152584790 192.101763    34.6476      12584          3  0.000e+00
    299.983     1.9346   3.057641     1.9362   3.057995    4.33566    -0.0534    13.8155 0.0000e+00  -61.12500  -58.09183 1152584790 192.101763    34.6472      12585          3  0.000e+00
    300.011     1.9348   3.057620     1.9365   3.057971    4.33114    -0.0534    13.8155 0.0000e+00  -61.12500  -58.09183 1152584790 192.101764    34.6467      12586          3  0.000e+00
    299.983     1.9346   3.057655     1.9366   3.057971    4.33112    -0.0749    13.8155 0.0000e+00  -61.12500  -58.09183 1152584790 192.101764    34.6473      12587          3  0.000e+00
    299.983     1.9345   3.057665     1.9365   3.057947    4.33566    -0.0642    13.8155 0.0000e+00  -61.12500  -58.09183 1152584790 192.101765    34.6476      12588          3  0.000e+00
    300.011     1.9346   3.057699     1.9361   3.057922    4.33565    -0.0857    13.8155 0.0000e+00  -61.12500  -58.09183 1152584790 192.101765    34.6479      12589          3  0.000e+00
    299.983     1.9351   3.057679     1.9365   3.057904    4.33107    -0.0642    13.8155 0.0000e+00  -61.12500  -58.09183 1152584790 192.101766    34.6471      12590          3  0.000e+00
    299.983     1.9350   3.057682     1.9358   3.057904    4.33109    -0.0534    13.8155 0.0000e+00  -61.12500  -58.09183 1152584790 192.101766    34.6473      12591          3  0.000e+00
    299.983     1.9350   3.057689     1.9353   3.057874    4.33108    -0.0534    13.8155 0.0000e+00  -61.12500  -58.09183 1152584790 192.101766    34.6474      12592          3  0.000e+00
    300.011     1.9354   3.057724     1.9350   3.057832    4.33105    -0.0642    13.8155 0.0000e+00  -61.12500  -58.09183 1152584790 192.101767    34.6473      12593          3  0.000e+00
    300.050     1.9353   3.057703     1.9355   3.057832    4.33562    -0.0319    13.8155 0.0000e+00  -61.12500  -58.09183 1152584790 192.101767    34.6472      12594          3  0.000e+00
    299.983     1.9350   3.057724     1.9366   3.057856    4.33107    -0.0319    13.8155 0.0000e+00  -61.12500  -58.09183 1152584790 192.101768    34.6479      12595          3  0.000e+00
    300.011     1.9357   3.057699     1.9364   3.057898    4.33103    -0.0426    13.8155 0.0000e+00  -61.12500  -58.09183 1152584790 192.101768    34.6467      12596          3  0.000e+00
    300.050     1.9350   3.057655     1.9364   3.057916    4.33114    -0.0642    13.8155 0.0000e+00  -61.12500  -58.09183 1152584791 192.101769    34.6470      12597          3  0.000e+00
    300.050     1.9354   3.057730     1.9363   3.057904    4.33107    -0.0857    13.8155 0.0000e+00  -61.12500  -58.09183 1152584791 192.101769    34.6474      12598          3  0.000e+00
    300.011     1.9354   3.057741     1.9355   3.057862    4.33104    -0.0857    13.8155 0.0000e+00  -61.12500  -58.09183 1152584791 192.101770    34.6475      12599          3  0.000e+00
    300.050     1.9352   3.057755     1.9357   3.057838    4.33560    -0.0964    13.8155 0.0000e+00  -61.12500  -58.09183 1152584791 192.101770    34.6479      12600          3  0.000e+00
    300.050     1.9356   3.057744     1.9356   3.057838    4.33105    -0.0426    13.8155 0.0000e+00  -61.12500  -58.09183 1152584791 192.101771    34.6474      12601          3  0.000e+00
    300.011     1.9359   3.057755     1.9357   3.057874    4.33099    -0.0426    13.8155 0.0000e+00  -61.12500  -58.09183 1152584791 192.101771    34.6472      12602          3  0.000e+00
    300.050     1.9357   3.057761     1.9353   3.057868    4.33103    -0.0534    13.8155 0.0000e+00  -61.12500  -58.09183 1152584791 192.101772    34.6474      12603          3  0.000e+00
    300.050     1.9356   3.057727     1.9357   3.057832    4.33558    -0.0534    13.8155 0.0000e+00  -61.12500  -58.09183 1152584791 192.101772    34.6472      12604          3  0.000e+00
    300.336     1.9332   3.057545     1.9338   3.057706    4.33603    -0.0642    13.8155 0.0000e+00  -61.12500  -58.09183 1152584796 192.101837    34.6473      12738          4  0.000e+00
    300.431     1.9332   3.057524     1.9337   3.057700    4.34062    -0.0642    13.8155 0.0000e+00  -61.12500  -58.09183 1152584796 192.101837    34.6470      12739          4  0.000e+00
    300.403     1.9339   3.057535     1.9343   3.057676    4.33602    -0.0426    13.8155 0.0000e+00  -61.12500  -58.09183 1152584796 192.101838    34.6464      12740          4  0.000e+00
    300.403     1.9334   3.057541     1.9337   3.057658    4.33606    -0.0749    13.8155 0.0000e+00  -61.12500  -58.09183 1152584797 192.101838    34.6470      12741          4  0.000e+00
    300.498     1.9337   3.057541     1.9339   3.057688    4.33609    -0.0857    13.8155 0.0000e+00  -61.12500  -58.09183 1152584797 192.101839    34.6467      12742          4  0.000e+00
    300.403     1.9334   3.057541     1.9345   3.057736    4.33606    -0.0642    13.8155 0.0000e+00  -61.12500  -58.09183 1152584797 192.101839    34.6470      12743          4  0.000e+00
    300.470     1.9335   3.057541     1.9348   3.057766    4.33608    -0.0857    13.8155 0.0000e+00  -61.12500  -58.09183 1152584797 192.101840    34.6469      12744          4  0.000e+00
    300.470     1.9340   3.057576     1.9347   3.057796    4.33603    -0.0857    13.8155 0.0000e+00  -61.12500  -58.09183 1152584797 192.101840    34.6467      12745          4  0.000e+00
    300.498     1.9335   3.057590     1.9355   3.057845    4.33608    -0.0857    13.8155 0.0000e+00  -61.12500  -58.09183 1152584797 192.101841    34.6474      12746          4  0.000e+00
    300.469     1.9337   3.057590     1.9349   3.057820    4.33605    -0.0749    13.8155 0.0000e+00  -61.12500  -58.09183 1152584797 192.101841    34.6473      12747          4  0.000e+00
    300.546     1.9337   3.057590     1.9348   3.057808    4.33157    -0.0749    13.8155 0.0000e+00  -61.12500  -58.09183 1152584797 192.101842    34.6472      12748          4  0.000e+00
    300.498     1.9339   3.057552     1.9350   3.057796    4.33607    -0.0964    13.8155 0.0000e+00  -61.12500  -58.09183 1152584797 192.101842    34.6466      12749          4  0.000e+00
    300.546     1.9337   3.057562     1.9347   3.057802    4.33611    -0.1072    13.8155 0.0000e+00  -61.12500  -58.09183 1152584797 192.101843    34.6469      12750          4  0.000e+00
    300.546     1.9335   3.057528     1.9350   3.057808    4.33614    -0.1072    13.8155 0.0000e+00  -61.12500  -58.09183 1152584797 192.101843    34.6466      12751          4  0.000e+00
    300.575     1.9328   3.057462     1.9348   3.057778    4.33625    -0.0857    13.8155 0.0000e+00  -61.12500  -58.09183 1152584797 192.101844    34.6466      12752          4  0.000e+00
    300.613     1.9331   3.057411     1.9347   3.057754    4.33626    -0.0534    13.8155 0.0000e+00  -61.12500  -58.09183 1152584797 192.101844    34.6456      12753          4  0.000e+00
    300.613     1.9324   3.057414     1.9341   3.057754    4.33632    -0.0211    13.8155 0.0000e+00  -61.12500  -58.09183 1152584797 192.101845    34.6464      12754          4  0.000e+00
    300.642     1.9323   3.057400     1.9344   3.057718    4.33182    -0.0749    13.8155 0.0000e+00  -61.12500  -58.09183 1152584797 192.101845    34.6463      12755          4  0.000e+00
    300.613     1.9328   3.057490     1.9343   3.057718    4.33173    -0.0642    13.8155 0.0000e+00  -61.12500  -58.09183 1152584797 192.101846    34.6470      12756          4  0.000e+00
    300.690     1.9334   3.057552     1.9344   3.057760    4.33623    -0.0534    13.8155 0.0000e+00  -61.12500  -58.09183 1152584797 192.101846    34.6470      12757          4  0.000e+00
    300.642     1.9329   3.057545     1.9347   3.057754    4.33624    -0.0857    13.8155 0.0000e+00  -61.12500  -58.09183 1152584797 192.101847    34.6475      12758          4  0.000e+00
    300.690     1.9339   3.057576     1.9342   3.057772    4.33618    -0.0749    13.8155 0.0000e+00  -61.12500  -58.09183 1152584797 192.101847    34.6468      12759          4  0.000e+00
    300.690     1.9340   3.057572     1.9347   3.057748    4.33616    -0.1072    13.8155 0.0000e+00  -61.12500  -58.09183 1152584797 192.101848    34.6466      12760          4  0.000e+00
