product_data/regression_test/downloaded_data/MDGS/320620060703/ctd/p6609609.ros
* Sea-Bird SBE 9 Data File:
* FileName = D:\Data\Raw\p6609609.dat
* Software Version Seasave Win32 V 5.32
* Temperature SN = 1649
* Conductivity SN = 1431
* Number of Bytes Per Scan = 37
* Number of Voltage Words = 5
* Number of Scans Averaged by the Deck Unit = 1
* NMEA Latitude = 60 45.06 S
* NMEA Longitude = 058 22.44 W
* NMEA UTC (Time) = 01:40:12
** Ship:   Nathaniel B. Palmer 
** Cruise:    NBP0606 
# nquan = 17
# nvalues = 1176                    
# units = specified
# name 0 = prDM: Pressure, Digiquartz [db]
# name 1 = t090C: Temperature [ITS-90, deg C]
# name 2 = c0S/m: Conductivity [S/m]
# name 3 = t190C: Temperature, 2 [ITS-90, deg C]
# name 4 = c1S/m: Conductivity, 2 [S/m]
# name 5 = sbeox0ML/L: Oxygen, SBE 43 [ml/l]
# name 6 = flECO-AFL: Fluorescence, Wetlab ECO-AFL/FL [mg/m^3]
# name 7 = bat: Beam Attenuation, Chelsea/Seatech/Wetlab CStar [1/m]
# name 8 = spar: SPAR/Surface Irradiance
# name 9 = latitude: Latitude [deg]
# name 10 = longitude: Longitude [deg]
# name 11 = timeY: Time, System [seconds]
# name 12 = timeJ: Julian Days
# name 13 = sal00: Salinity [PSU]
# name 14 = scan: scan number
# name 15 = nbf: number of bottles fired
# name 16 = flag:  0.000e+00
# interval = seconds: 0.0416667                   
# start_time = Jul 12 2006 01:40:20
*END*
[from data line 681]
     29.590    -0.8052   2.753910    -0.8052   2.754571    8.10685     0.1833    13.8155 0.0000e+00  -60.75100  -58.37400 1152668522 193.070874    33.8848       2486         14  0.000e+00
     29.581    -0.8052   2.753884    -0.8053   2.754582    8.11155     0.1403    13.8155 0.0000e+00  -60.75100  -58.37400 1152668522 193.070875    33.8845       2487         14  0.000e+00
     29.657    -0.8052   2.753891    -0.8052   2.754606    8.10694     0.1403    13.8155 0.0000e+00  -60.75100  -58.37400 1152668522 193.070875    33.8845       2488         14  0.000e+00
     29.590    -0.8054   2.753910    -0.8052   2.754588    8.10687     0.1618    13.8155 0.0000e+00  -60.75100  -58.37400 1152668522 193.070876    33.8850       2489         14  0.000e+00
     29.647    -0.8046   2.753900    -0.8048   2.754634    8.10682     0.2586    13.8155 0.0000e+00  -60.75100  -58.37400 1152668522 193.070876    33.8840       2490         14  0.000e+00
     29.505    -0.8043   2.753956    -0.8044   2.754663    8.10656     0.2371    13.8155 0.0000e+00  -60.75100  -58.37400 1152668527 193.070938    33.8844       2619         15  0.000e+00
     29.381    -0.8044   2.753963    -0.8041   2.754640    8.10645     0.1833    13.8155 0.0000e+00  -60.75100  -58.37400 1152668527 193.070939    33.8848       2620         15  0.000e+00
     29.524    -0.8040   2.753943    -0.8035   2.754669    8.10655     0.1941    13.8155 0.0000e+00  -60.75100  -58.37400 1152668527 193.070939    33.8839       2621         15  0.000e+00
     29.505    -0.8049   2.753969    -0.8044   2.754646    8.10666     0.2048    13.8155 0.0000e+00  -60.75100  -58.37400 1152668527 193.070940    33.8853       2622         15  0.000e+00
     29.448    -0.8041   2.753933    -0.8045   2.754658    8.10649     0.2048    13.8155 0.0000e+00  -60.75100  -58.37400 1152668527 193.070940    33.8840       2623         15  0.000e+00
     29.448    -0.8043   2.753950    -0.8042   2.754658    8.10650     0.2156    13.8155 0.0000e+00  -60.75100  -58.37400 1152668527 193.070941    33.8844       2624         15  0.000e+00
     29.524    -0.8038   2.753976    -0.8047   2.754640    8.10650     0.1833    13.8155 0.0000e+00  -60.75100  -58.37400 1152668527 193.070941    33.8842       2625         15  0.000e+00
     29.372    -0.8044   2.753982    -0.8048   2.754617    8.10642     0.1833    13.8155 0.0000e+00  -60.75100  -58.37400 1152668528 193.070942    33.8851       2626         15  0.000e+00
     29.448    -0.8041   2.753950    -0.8044   2.754606    8.10648     0.2156    13.8155 0.0000e+00  -60.75100  -58.37400 1152668528 193.070942    33.8842       2627         15  0.000e+00
     29.381    -0.8044   2.753969    -0.8045   2.754623    8.10644     0.2048    13.8155 0.0000e+00  -60.75100  -58.37400 1152668528 193.070943    33.8849       2628         15  0.000e+00
     29.439    -0.8043   2.753933    -0.8044   2.754634    8.10651     0.1941    13.8155 0.0000e+00  -60.75100  -58.37400 1152668528 193.070943    33.8842       2629         15  0.000e+00
     29.448    -0.8038   2.753950    -0.8047   2.754640    8.11112     0.2048    13.8155 0.0000e+00  -60.75100  -58.37400 1152668528 193.070944    33.8839       2630         15  0.000e+00
     29.381    -0.8044   2.753914    -0.8050   2.754611    8.11117     0.1941    13.8155 0.0000e+00  -60.75100  -58.37400 1152668528 193.070944    33.8841       2631         15  0.000e+00
     29.305    -0.8043   2.753959    -0.8045   2.754640    8.11103     0.1726    13.8155 0.0000e+00  -60.75100  -58.37400 1152668528 193.070945    33.8846       2632         15  0.000e+00
     29.505    -0.8040   2.753983    -0.8047   2.754640    8.10650     0.1833    13.8155 0.0000e+00  -60.75100  -58.37400 1152668528 193.070945    33.8845       2633         15  0.000e+00
     29.381    -0.8046   2.753933    -0.8044   2.754600    8.10649     0.2048    13.8155 0.0000e+00  -60.75100  -58.37400 1152668528 193.070946    33.8846       2634         15  0.000e+00
     29.381    -0.8046   2.753950    -0.8047   2.754623    8.10648     0.2156    13.8155 0.0000e+00  -60.75100  -58.37400 1152668528 193.070946    33.8848       2635         15  0.000e+00
     29.439    -0.8044   2.753943    -0.8047   2.754634    8.10653     0.1833    13.8155 0.0000e+00  -60.75100  -58.37400 1152668528 193.070947    33.8845       2636         15  0.000e+00
     29.381    -0.8046   2.753920    -0.8049   2.754634    8.10650     0.1618    13.8155 0.0000e+00  -60.75100  -58.37400 1152668528 193.070947    33.8844       2637         15  0.000e+00
     29.381    -0.8049   2.753950    -0.8049   2.754617    8.11122     0.1295    13.8155 0.0000e+00  -60.75100  -58.37400 1152668528 193.070948    33.8851       2638         15  0.000e+00
     29.381    -0.8049   2.753927    -0.8050   2.754646    8.11124     0.1618    13.8155 0.0000e+00  -60.75100  -58.37400 1152668528 193.070948    33.8848       2639         15  0.000e+00
     29.439    -0.8046   2.753900    -0.8050   2.754640    8.10658     0.1833    13.8155 0.0000e+00  -60.75100  -58.37400 1152668528 193.070949    33.8841       2640         15  0.000e+00
     29.381    -0.8052   2.753927    -0.8047   2.754652    8.11129     0.2263    13.8155 0.0000e+00  -60.75100  -58.37400 1152668528 193.070949    33.8852       2641         15  0.000e+00
     29.381    -0.8044   2.753940    -0.8044   2.754623    8.11115     0.2048    13.8155 0.0000e+00  -60.75100  -58.37400 1152668528 193.070950    33.8845       2642         15  0.000e+00
     29.372    -0.8046   2.753940    -0.8050   2.754629    8.10647     0.2371    13.8155 0.0000e+00  -60.75100  -58.37400 1152668528 193.070950    33.8846       2643         15  0.000e+00
     29.381    -0.8046   2.753940    -0.8047   2.754611    8.11118     0.2156    13.8155 0.0000e+00  -60.75100  -58.37400 1152668528 193.070951    33.8847       2644         15  0.000e+00
     29.381    -0.8047   2.753920    -0.8045   2.754634    8.11122     0.2048    13.8155 0.0000e+00  -60.75100  -58.37400 1152668528 193.070951    33.8845       2645         15  0.000e+00
     29.372    -0.8044   2.753950    -0.8047   2.754611    8.11114     0.1295    13.8155 0.0000e+00  -60.75100  -58.37400 1152668528 193.070951    33.8846       2646         15  0.000e+00
     29.448    -0.8043   2.753943    -0.8049   2.754588    8.11120     0.1618    13.8155 0.0000e+00  -60.75100  -58.37400 1152668528 193.070952    33.8843       2647         15  0.000e+00
     29.381    -0.8041   2.753940    -0.8049   2.754617    8.11110     0.1833    13.8155 0.0000e+00  -60.75100  -58.37400 1152668528 193.070952    33.8841       2648         15  0.000e+00
     29.448    -0.8044   2.753920    -0.8052   2.754600    8.10655     0.1941    13.8155 0.0000e+00  -60.75100  -58.37400 1152668529 193.070953    33.8841       2649         15  0.000e+00
     29.372    -0.8047   2.753933    -0.8044   2.754600    8.11120     0.1726    13.8155 0.0000e+00  -60.75100  -58.37400 1152668529 193.070953    33.8847       2650         15  0.000e+00
     29.448    -0.8044   2.753956    -0.8053   2.754623    8.10653     0.1510    13.8155 0.0000e+00  -60.75100  -58.37400 1152668529 193.070954    33.8847       2651         15  0.000e+00
     29.381    -0.8044   2.753963    -0.8053   2.754611    8.11114     0.1833    13.8155 0.0000e+00  -60.75100  -58.37400 1152668529 193.070954    33.8848       2652         15  0.000e+00
     29.439    -0.8044   2.753927    -0.8048   2.754611    8.11123     0.1833    13.8155 0.0000e+00  -60.75100  -58.37400 1152668529 193.070955    33.8843       2653         15  0.000e+00
     29.448    -0.8046   2.753917    -0.8049   2.754606    8.10658     0.1618    13.8155 0.0000e+00  -60.75100  -58.37400 1152668529 193.070955    33.8843       2654         15  0.000e+00
     29.448    -0.8047   2.753933    -0.8047   2.754640    8.11128     0.1941    13.8155 0.0000e+00  -60.75100  -58.37400 1152668529 193.070956    33.8847       2655         15  0.000e+00
     29.381    -0.8051   2.753920    -0.8047   2.754640    8.10658     0.1510    13.8155 0.0000e+00  -60.75100  -58.37400 1152668529 193.070956    33.8849       2656         15  0.000e+00
     29.505    -0.8052   2.753950    -0.8050   2.754640    8.10672     0.1618    13.8155 0.0000e+00  -60.75100  -58.37400 1152668529 193.070957    33.8854       2657         15  0.000e+00
     29.448    -0.8043   2.753927    -0.8036   2.754675    8.11121     0.2156    13.8155 0.0000e+00  -60.75100  -58.37400 1152668529 193.070957    33.8841       2658         15  0.000e+00
     29.448    -0.8049   2.753950    -0.8038   2.754663    8.11130     0.2048    13.8155 0.0000e+00  -60.75100  -58.37400 1152668529 193.070958    33.8851       2659         15  0.000e+00
     29.505    -0.8044   2.753927    -0.8041   2.754663    8.10661     0.1510    13.8155 0.0000e+00  -60.75100  -58.37400 1152668529 193.070958    33.8842       2660         15  0.000e+00
     29.448    -0.8049   2.753933    -0.8039   2.754681    8.10661     0.1618    13.8155 0.0000e+00  -60.75100  -58.37400 1152668529 193.070959    33.8848       2661         15  0.000e+00
     29.448    -0.8046   2.753920    -0.8038   2.754721    8.10658     0.1833    13.8155 0.0000e+00  -60.75100  -58.37400 1152668529 193.070959    33.8843       2662         15  0.000e+00
     29.525    -0.8047   2.753950    -0.8036   2.754721    8.10666     0.1833    13.8155 0.0000e+00  -60.75100  -58.37400 1152668529 193.070960    33.8849       2663         15  0.000e+00
     29.582    -0.8044   2.753943    -0.8036   2.754698    8.11138     0.2048    13.8155 0.0000e+00  -60.75100  -58.37400 1152668529 193.070960    33.8844       2664         15  0.000e+00
     29.525    -0.8046   2.753940    -0.8038   2.754663    8.11134     0.1618    13.8155 0.0000e+00  -60.75100  -58.37400 1152668529 193.070961    33.8846       2665         15  0.000e+00
     29.525    -0.8046   2.753956    -0.8044   2.754675    8.10664     0.1618    13.8155 0.0000e+00  -60.75100  -58.37400 1152668529 193.070961    33.8848       2666         15  0.000e+00
     29.505    -0.8047   2.753927    -0.8045   2.754663    8.10666     0.1833    13.8155 0.0000e+00  -60.75100  -58.37400 1152668529 193.070962    33.8846       2667         15  0.000e+00
     30.154    -0.8049   2.753927    -0.8049   2.754646    8.10742     0.1618    13.8155 0.0000e+00  -60.75100  -58.37400 1152668534 193.071011    33.8844       2769         16  0.000e+00
     29.945    -0.8051   2.753920    -0.8045   2.754652    8.10721     0.1403    13.8155 0.0000e+00  -60.75100  -58.37400 1152668534 193.071011    33.8846       2770         16  0.000e+00
     30.011    -0.8046   2.753917    -0.8045   2.754658    8.10722     0.1510    13.8155 0.0000e+00  -60.75100  -58.37400 1152668534 193.071012    33.8840       2771         16  0.000e+00
     29.926    -0.8047   2.753950    -0.8047   2.754640    8.10712     0.1833    13.8155 0.0000e+00  -60.75100  -58.37400 1152668534 193.071012    33.8846       2772         16  0.000e+00
     29.945    -0.8047   2.753914    -0.8047   2.754658    8.10717     0.1833    13.8155 0.0000e+00  -60.75100  -58.37400 1152668534 193.071013    33.8841       2773         16  0.000e+00
     30.011    -0.8046   2.753927    -0.8047   2.754681    8.10721     0.1403    13.8155 0.0000e+00  -60.75100  -58.37400 1152668534 193.071013    33.8841       2774         16  0.000e+00
     29.859    -0.8047   2.753956    -0.8045   2.754663    8.10704     0.0972    13.8155 0.0000e+00  -60.75100  -58.37400 1152668534 193.071014    33.8847       2775         16  0.000e+00
     29.802    -0.8047   2.753963    -0.8044   2.754640    8.10697     0.1188    13.8155 0.0000e+00  -60.75100  -58.37400 1152668534 193.071014    33.8849       2776         16  0.000e+00
     30.011    -0.8044   2.753927    -0.8039   2.754658    8.10718     0.1188    13.8155 0.0000e+00  -60.75100  -58.37400 1152668534 193.071015    33.8839       2777         16  0.000e+00
     29.802    -0.8047   2.753933    -0.8044   2.754681    8.10699     0.1618    13.8155 0.0000e+00  -60.75100  -58.37400 1152668534 193.071015    33.8845       2778         16  0.000e+00
     29.859    -0.8044   2.753969    -0.8039   2.754646    8.10698     0.2048    13.8155 0.0000e+00  -60.75100  -58.37400 1152668534 193.071016    33.8846       2779         16  0.000e+00
     29.802    -0.8044   2.753983    -0.8044   2.754652    8.10691     0.1941    13.8155 0.0000e+00  -60.75100  -58.37400 1152668534 193.071016    33.8848       2780         16  0.000e+00
     29.802    -0.8046   2.753983    -0.8042   2.754687    8.10693     0.1726    13.8155 0.0000e+00  -60.75100  -58.37400 1152668534 193.071017    33.8850       2781         16  0.000e+00
     29.792    -0.8047   2.753966    -0.8039   2.754687    8.10695     0.1833    13.8155 0.0000e+00  -60.75100  -58.37400 1152668534 193.071017    33.8849       2782         16  0.000e+00
     29.802    -0.8044   2.753943    -0.8041   2.754687    8.10694     0.1941    13.8155 0.0000e+00  -60.75100  -58.37400 1152668534 193.071018    33.8843       2783         16  0.000e+00
     29.735    -0.8041   2.753956    -0.8041   2.754692    8.10679     0.2263    13.8155 0.0000e+00  -60.75100  -58.37400 1152668534 193.071018    33.8841       2784         16  0.000e+00
     29.735    -0.8047   2.753976    -0.8038   2.754710    8.10688     0.1618    13.8155 0.0000e+00  -60.75100  -58.37400 1152668534 193.071019    33.8851       2785         16  0.000e+00
     29.716    -0.8043   2.753933    -0.8039   2.754733    8.10682     0.1510    13.8155 0.0000e+00  -60.75100  -58.37400 1152668534 193.071019    33.8840       2786         16  0.000e+00
     29.659    -0.8044   2.753950    -0.8039   2.754721    8.10677     0.1510    13.8155 0.0000e+00  -60.75100  -58.37400 1152668534 193.071019    33.8845       2787         16  0.000e+00
     29.735    -0.8046   2.753963    -0.8038   2.754698    8.10687     0.1618    13.8155 0.0000e+00  -60.75100  -58.37400 1152668534 193.071020    33.8847       2788         16  0.000e+00
     29.659    -0.8043   2.753963    -0.8035   2.754710    8.10673     0.2048    13.8155 0.0000e+00  -60.75100  -58.37400 1152668534 193.071020    33.8844       2789         16  0.000e+00
     29.583    -0.8046   2.753963    -0.8036   2.754692    8.10669     0.2156    13.8155 0.0000e+00  -60.75100  -58.37400 1152668534 193.071021    33.8848       2790         16  0.000e+00
     29.659    -0.8046   2.753992    -0.8038   2.754721    8.10676     0.2156    13.8155 0.0000e+00  -60.75100  -58.37400 1152668534 193.071021    33.8852       2791         16  0.000e+00
     29.592    -0.8047   2.753973    -0.8038   2.754704    8.10672     0.2156    13.8155 0.0000e+00  -60.75100  -58.37400 1152668534 193.071022    33.8851       2792         16  0.000e+00
     29.583    -0.8051   2.753976    -0.8036   2.754710    8.10207     0.1941    13.8155 0.0000e+00  -60.75100  -58.37400 1152668535 193.071022    33.8855       2793         16  0.000e+00
     29.592    -0.8038   2.753966    -0.8038   2.754715    8.10189     0.1403    13.8155 0.0000e+00  -60.75100  -58.37400 1152668535 193.071023    33.8840       2794         16  0.000e+00
     29.525    -0.8040   2.753943    -0.8039   2.754669    8.10655     0.1726    13.8155 0.0000e+00  -60.75100  -58.37400 1152668535 193.071023    33.8839       2795         16  0.000e+00
     29.525    -0.8046   2.753969    -0.8038   2.754727    8.10662     0.1833    13.8155 0.0000e+00  -60.75100  -58.37400 1152668535 193.071024    33.8849       2796         16  0.000e+00
     29.506    -0.8044   2.753983    -0.8036   2.754739    8.10657     0.1833    13.8155 0.0000e+00  -60.75100  -58.37400 1152668535 193.071024    33.8850       2797         16  0.000e+00
     29.525    -0.8044   2.753983    -0.8038   2.754721    8.10659     0.1833    13.8155 0.0000e+00  -60.75100  -58.37400 1152668535 193.071025    33.8850       2798         16  0.000e+00
