product_data/regression_test/downloaded_data/MDGS/320620060703/ctd/p6607401.ros
* Sea-Bird SBE 9 Data File:
* FileName = D:\Data\Raw\p6607401.dat
* Software Version Seasave Win32 V 5.32
* Temperature SN = 1649
* Conductivity SN = 1431
* Number of Bytes Per Scan = 37
* Number of Voltage Words = 5
* Number of Scans Averaged by the Deck Unit = 1
* NMEA Latitude = 62 14.82 S
* NMEA Longitude = 058 06.36 W
* NMEA UTC (Time) = 10:56:46
** Ship:   Nathaniel B. Palmer 
** Cruise:    NBP0606 
# nquan = 17
# nvalues = 1176                    
# units = specified
# name 0 = prDM: Pressure, Digiquartz [db]
# name 1 = t090C: Temperature [ITS-90, deg C]
# name 2 = c0S/m: Conductivity [S/m]
# name 3 = t190C: Temperature, 2 [ITS-90, deg C]
# name 4 = c1S/m: Conductivity, 2 [S/m]
# name 5 = sbeox0ML/L: Oxygen, SBE 43 [ml/l]
# name 6 = flECO-AFL: Fluorescence, Wetlab ECO-AFL/FL [mg/m^3]
# name 7 = bat: Beam Attenuation, Chelsea/Seatech/Wetlab CStar [1/m]
# name 8 = spar: SPAR/Surface Irradiance
# name 9 = latitude: Latitude [deg]
# name 10 = longitude: Longitude [deg]
# name 11 = timeY: Time, System [seconds]
# name 12 = timeJ: Julian Days
# name 13 = sal00: Salinity [PSU]
# name 14 = scan: scan number
# name 15 = nbf: number of bottles fired
# name 16 = flag:  0.000e+00
# interval = seconds: 0.0416667                   
# start_time = Jul 08 2006 10:56:54
*END*
[from data line 1107]
     10.278    -0.7261   2.784677    -0.7263   2.784633    7.52284    -0.0319    13.8155 0.0000e+00  -62.24700  -58.10600 1152360400 189.504650    34.2245     100508         23  0.000e+00
     10.107    -0.7267   2.784654    -0.7261   2.784644    7.51811    -0.0857    13.8155 0.0000e+00  -62.24700  -58.10600 1152360400 189.504651    34.2250     100509         23  0.000e+00
     10.202    -0.7266   2.784660    -0.7261   2.784662    7.51818    -0.0534    13.8155 0.0000e+00  -62.24700  -58.10600 1152360400 189.504651    34.2249     100510         23  0.000e+00
     10.183    -0.7266   2.784647    -0.7256   2.784650    7.51817    -0.0319    13.8155 0.0000e+00  -62.24700  -58.10600 1152360400 189.504652    34.2247     100511         23  0.000e+00
     10.183    -0.7265   2.784660    -0.7265   2.784621    7.51814    -0.0426    13.8155 0.0000e+00  -62.24700  -58.10600 1152360400 189.504652    34.2247     100512         23  0.000e+00
     10.202    -0.7265   2.784667    -0.7255   2.784633    7.51815    -0.0534    13.8155 0.0000e+00  -62.24700  -58.10600 1152360400 189.504653    34.2248     100513         23  0.000e+00
     10.183    -0.7258   2.784647    -0.7259   2.784644    7.52271    -0.0426    13.8155 0.0000e+00  -62.24700  -58.10600 1152360400 189.504653    34.2238     100514         23  0.000e+00
     10.183    -0.7265   2.784660    -0.7265   2.784662    7.52280    -0.0534    13.8155 0.0000e+00  -62.24700  -58.10600 1152360400 189.504654    34.2247     100515         23  0.000e+00
     10.202    -0.7267   2.784647    -0.7259   2.784650    7.52287    -0.0426    13.8155 0.0000e+00  -62.24700  -58.10600 1152360400 189.504654    34.2249     100516         23  0.000e+00
     10.250    -0.7266   2.784644    -0.7261   2.784621    7.52291    -0.0534    13.8155 0.0000e+00  -62.24700  -58.10600 1152360400 189.504655    34.2247     100517         23  0.000e+00
     10.202    -0.7265   2.784644    -0.7259   2.784656    7.52283    -0.0426    13.8155 0.0000e+00  -62.24700  -58.10600 1152360400 189.504655    34.2245     100518         23  0.000e+00
     10.250    -0.7263   2.784673    -0.7261   2.784650    7.51817    -0.0104    13.8155 0.0000e+00  -62.24700  -58.10600 1152360400 189.504656    34.2247     100519         23  0.000e+00
     10.183    -0.7265   2.784703    -0.7258   2.784662    7.52277     0.0004    13.8155 0.0000e+00  -62.24700  -58.10600 1152360400 189.504656    34.2253     100520         23  0.000e+00
     10.202    -0.7258   2.784660    -0.7256   2.784650    7.52272    -0.0319    13.8155 0.0000e+00  -62.24700  -58.10600 1152360400 189.504657    34.2240     100521         23  0.000e+00
     10.250    -0.7263   2.784660    -0.7259   2.784662    7.51819    -0.0104    13.8155 0.0000e+00  -62.24700  -58.10600 1152360400 189.504657    34.2245     100522         23  0.000e+00
     10.250    -0.7263   2.784683    -0.7258   2.784650    7.51817    -0.0426    13.8155 0.0000e+00  -62.24700  -58.10600 1152360401 189.504658    34.2248     100523         23  0.000e+00
     10.203    -0.7263   2.784687    -0.7258   2.784644    7.51812    -0.0642    13.8155 0.0000e+00  -62.24700  -58.10600 1152360401 189.504658    34.2249     100524         23  0.000e+00
     10.250    -0.7259   2.784670    -0.7258   2.784685    7.51811    -0.0426    13.8155 0.0000e+00  -62.24700  -58.10600 1152360401 189.504659    34.2241     100525         23  0.000e+00
     10.279    -0.7265   2.784680    -0.7255   2.784656    7.52288    -0.0534    13.8155 0.0000e+00  -62.24700  -58.10600 1152360401 189.504659    34.2249     100526         23  0.000e+00
     10.250    -0.7260   2.784703    -0.7256   2.784644    7.51811    -0.0642    13.8155 0.0000e+00  -62.24700  -58.10600 1152360401 189.504660    34.2248     100527         23  0.000e+00
     10.530    -0.7254   2.784759    -0.7245   2.784784    7.52759    -0.0319    13.8155 0.0000e+00  -62.24700  -58.10600 1152360407 189.504738    34.2246     100689         24  0.000e+00
     10.463    -0.7254   2.784756    -0.7245   2.784778    7.52752    -0.0104    13.8155 0.0000e+00  -62.24700  -58.10600 1152360407 189.504738    34.2246     100690         24  0.000e+00
     10.559    -0.7255   2.784756    -0.7246   2.784755    7.52764    -0.0426    13.8155 0.0000e+00  -62.24700  -58.10600 1152360407 189.504739    34.2247     100691         24  0.000e+00
     10.530    -0.7252   2.784786    -0.7245   2.784766    7.52755    -0.0319    13.8155 0.0000e+00  -62.24700  -58.10600 1152360408 189.504739    34.2248     100692         24  0.000e+00
     10.492    -0.7251   2.784782    -0.7245   2.784795    7.52748    -0.0319    13.8155 0.0000e+00  -62.24700  -58.10600 1152360408 189.504740    34.2246     100693         24  0.000e+00
     10.530    -0.7252   2.784743    -0.7247   2.784760    7.52758    -0.0642    13.8155 0.0000e+00  -62.24700  -58.10600 1152360408 189.504740    34.2242     100694         24  0.000e+00
     10.464    -0.7252   2.784733    -0.7245   2.784731    7.52751    -0.0426    13.8155 0.0000e+00  -62.24700  -58.10600 1152360408 189.504741    34.2241     100695         24  0.000e+00
     10.559    -0.7252   2.784766    -0.7249   2.784760    7.52759    -0.0426    13.8155 0.0000e+00  -62.24700  -58.10600 1152360408 189.504741    34.2245     100696         24  0.000e+00
     10.530    -0.7251   2.784779    -0.7249   2.784737    7.52753    -0.0426    13.8155 0.0000e+00  -62.24700  -58.10600 1152360408 189.504742    34.2245     100697         24  0.000e+00
     10.464    -0.7251   2.784792    -0.7245   2.784760    7.52745    -0.0426    13.8155 0.0000e+00  -62.24700  -58.10600 1152360408 189.504742    34.2248     100698         24  0.000e+00
     10.492    -0.7252   2.784782    -0.7250   2.784760    7.52751    -0.0426    13.8155 0.0000e+00  -62.24700  -58.10600 1152360408 189.504742    34.2248     100699         24  0.000e+00
     10.530    -0.7249   2.784779    -0.7244   2.784731    7.52750    -0.0749    13.8155 0.0000e+00  -62.24700  -58.10600 1152360408 189.504743    34.2244     100700         24  0.000e+00
     10.492    -0.7252   2.784809    -0.7253   2.784726    7.52749    -0.0964    13.8155 0.0000e+00  -62.24700  -58.10600 1152360408 189.504743    34.2252     100701         24  0.000e+00
     10.464    -0.7252   2.784772    -0.7247   2.784743    7.52749    -0.0426    13.8155 0.0000e+00  -62.24700  -58.10600 1152360408 189.504744    34.2247     100702         24  0.000e+00
     10.464    -0.7252   2.784756    -0.7253   2.784731    7.52750    -0.0104    13.8155 0.0000e+00  -62.24700  -58.10600 1152360408 189.504744    34.2245     100703         24  0.000e+00
     10.492    -0.7254   2.784772    -0.7255   2.784726    7.52754    -0.0749    13.8155 0.0000e+00  -62.24700  -58.10600 1152360408 189.504745    34.2248     100704         24  0.000e+00
     10.464    -0.7249   2.784759    -0.7252   2.784743    7.52745    -0.0857    13.8155 0.0000e+00  -62.24700  -58.10600 1152360408 189.504745    34.2241     100705         24  0.000e+00
     10.464    -0.7260   2.784772    -0.7253   2.784731    7.52760    -0.0104    13.8155 0.0000e+00  -62.24700  -58.10600 1152360408 189.504746    34.2256     100706         24  0.000e+00
     10.492    -0.7258   2.784743    -0.7245   2.784743    7.52763     0.0112    13.8155 0.0000e+00  -62.24700  -58.10600 1152360408 189.504746    34.2249     100707         24  0.000e+00
     10.397    -0.7257   2.784733    -0.7255   2.784749    7.52751    -0.0104    13.8155 0.0000e+00  -62.24700  -58.10600 1152360408 189.504747    34.2247     100708         24  0.000e+00
     10.321    -0.7255   2.784749    -0.7252   2.784731    7.52740     0.0112    13.8155 0.0000e+00  -62.24700  -58.10600 1152360408 189.504747    34.2248     100709         24  0.000e+00
     10.559    -0.7252   2.784772    -0.7253   2.784726    7.52293    -0.0104    13.8155 0.0000e+00  -62.24700  -58.10600 1152360408 189.504748    34.2246     100710         24  0.000e+00
     10.464    -0.7255   2.784743    -0.7250   2.784726    7.52756     0.0112    13.8155 0.0000e+00  -62.24700  -58.10600 1152360408 189.504748    34.2246     100711         24  0.000e+00
     10.416    -0.7257   2.784733    -0.7250   2.784702    7.52753    -0.0319    13.8155 0.0000e+00  -62.24700  -58.10600 1152360408 189.504749    34.2247     100712         24  0.000e+00
     10.397    -0.7255   2.784733    -0.7252   2.784697    7.52749    -0.0642    13.8155 0.0000e+00  -62.24700  -58.10600 1152360408 189.504749    34.2245     100713         24  0.000e+00
     10.397    -0.7255   2.784749    -0.7253   2.784656    7.52748    -0.0534    13.8155 0.0000e+00  -62.24700  -58.10600 1152360408 189.504750    34.2247     100714         24  0.000e+00
     10.416    -0.7260   2.784756    -0.7250   2.784702    7.52291    -0.0211    13.8155 0.0000e+00  -62.24700  -58.10600 1152360409 189.504750    34.2254     100715         24  0.000e+00
     10.397    -0.7259   2.784720    -0.7252   2.784743    7.52755     0.0434    13.8155 0.0000e+00  -62.24700  -58.10600 1152360409 189.504751    34.2247     100716         24  0.000e+00
     10.397    -0.7254   2.784726    -0.7253   2.784714    7.52747     0.0004    13.8155 0.0000e+00  -62.24700  -58.10600 1152360409 189.504751    34.2243     100717         24  0.000e+00
     10.416    -0.7252   2.784713    -0.7249   2.784697    7.52282    -0.0857    13.8155 0.0000e+00  -62.24700  -58.10600 1152360409 189.504752    34.2239     100718         24  0.000e+00
     10.397    -0.7254   2.784743    -0.7253   2.784697    7.52280    -0.0857    13.8155 0.0000e+00  -62.24700  -58.10600 1152360409 189.504752    34.2245     100719         24  0.000e+00
     10.350    -0.7257   2.784720    -0.7255   2.784697    7.52281    -0.0319    13.8155 0.0000e+00  -62.24700  -58.10600 1152360409 189.504753    34.2246     100720         24  0.000e+00
     10.397    -0.7259   2.784693    -0.7256   2.784714    7.52757    -0.0642    13.8155 0.0000e+00  -62.24700  -58.10600 1152360409 189.504753    34.2244     100721         24  0.000e+00
     10.321    -0.7257   2.784703    -0.7252   2.784685    7.52280    -0.0426    13.8155 0.0000e+00  -62.24700  -58.10600 1152360409 189.504754    34.2243     100722         24  0.000e+00
     10.350    -0.7261   2.784726    -0.7252   2.784708    7.52754    -0.0211    13.8155 0.0000e+00  -62.24700  -58.10600 1152360409 189.504754    34.2252     100723         24  0.000e+00
     10.321    -0.7263   2.784713    -0.7259   2.784726    7.52754    -0.0319    13.8155 0.0000e+00  -62.24700  -58.10600 1152360409 189.504755    34.2252     100724         24  0.000e+00
     10.397    -0.7255   2.784693    -0.7253   2.784662    7.52752    -0.0642    13.8155 0.0000e+00  -62.24700  -58.10600 1152360409 189.504755    34.2240     100725         24  0.000e+00
     10.283    -0.7255   2.784703    -0.7259   2.784662    7.52739    -0.0426    13.8155 0.0000e+00  -62.24700  -58.10600 1152360409 189.504755    34.2242     100726         24  0.000e+00
     10.321    -0.7258   2.784726    -0.7256   2.784691    7.52746    -0.0319    13.8155 0.0000e+00  -62.24700  -58.10600 1152360409 189.504756    34.2248     100727         24  0.000e+00
     10.350    -0.7257   2.784696    -0.7258   2.784697    7.52749    -0.0642    13.8155 0.0000e+00  -62.24700  -58.10600 1152360409 189.504756    34.2242     100728         24  0.000e+00
     10.255    -0.7259   2.784703    -0.7252   2.784679    7.52275    -0.0642    13.8155 0.0000e+00  -62.24700  -58.10600 1152360409 189.504757    34.2246     100729         24  0.000e+00
     10.321    -0.7260   2.784710    -0.7253   2.784691    7.52284    -0.0534    13.8155 0.0000e+00  -62.24700  -58.10600 1152360409 189.504757    34.2248     100730         24  0.000e+00
     10.283    -0.7260   2.784710    -0.7256   2.784697    7.52280    -0.0534    13.8155 0.0000e+00  -62.24700  -58.10600 1152360409 189.504758    34.2248     100731         24  0.000e+00
     10.188    -0.7258   2.784743    -0.7256   2.784697    7.52265    -0.0426    13.8155 0.0000e+00  -62.24700  -58.10600 1152360409 189.504758    34.2251     100732         24  0.000e+00
     10.398    -0.7261   2.784720    -0.7256   2.784697    7.52293    -0.0426    13.8155 0.0000e+00  -62.24700  -58.10600 1152360409 189.504759    34.2250     100733         24  0.000e+00
     10.283    -0.7261   2.784693    -0.7255   2.784679    7.52283    -0.0426    13.8155 0.0000e+00  -62.24700  -58.10600 1152360409 189.504759    34.2248     100734         24  0.000e+00
     10.255    -0.7258   2.784703    -0.7258   2.784691    7.52275    -0.0319    13.8155 0.0000e+00  -62.24700  -58.10600 1152360409 189.504760    34.2246     100735         24  0.000e+00
     10.283    -0.7259   2.784710    -0.7255   2.784697    7.52278    -0.0211    13.8155 0.0000e+00  -62.24700  -58.10600 1152360409 189.504760    34.2247     100736         24  0.000e+00
     10.255    -0.7261   2.784726    -0.7258   2.784697    7.52278    -0.0534    13.8155 0.0000e+00  -62.24700  -58.10600 1152360409 189.504761    34.2252     100737         24  0.000e+00
