product_data/regression_test/downloaded_data/MDGS/320620060703/ctd/p6609305.cnv
* Sea-Bird SBE 9 Data File:
* FileName = D:\Data\Raw\P6609305.dat
* Software Version Seasave Win32 V 5.32
* Temperature SN = 1649
* Conductivity SN = 1431
* Number of Bytes Per Scan = 37
* Number of Voltage Words = 5
* Number of Scans Averaged by the Deck Unit = 1
* NMEA Latitude = 61 07.50 S
* NMEA Longitude = 058 05.51 W
* NMEA UTC (Time) = 03:13:55
** Ship:   Nathaniel B. Palmer nbp
** Cruise:    NBP0603 nbp0606
** Cast #: 05
** Station:   93
** Operator: db
# nquan = 15
# nvalues = 298                         
# units = specified
# name 0 = prDM: Pressure, Digiquartz [db]
# name 1 = t090C: Temperature [ITS-90, deg C]
# name 2 = c0S/m: Conductivity [S/m]
# name 3 = t190C: Temperature, 2 [ITS-90, deg C]
# name 4 = c1S/m: Conductivity, 2 [S/m]
# name 5 = sbeox0ML/L: Oxygen, SBE 43 [ml/l]
# name 6 = flECO-AFL: Fluorescence, Wetlab ECO-AFL/FL [mg/m^3]
# name 7 = bat: Beam Attenuation, Chelsea/Seatech/Wetlab CStar [1/m]
# name 8 = spar: SPAR/Surface Irradiance
# name 9 = latitude: Latitude [deg]
# name 10 = longitude: Longitude [deg]
# name 11 = timeY: Time, System [seconds]
# name 12 = timeJ: Julian Days
# name 13 = sal00: Salinity [PSU]
# name 14 = flag: flag
# span 0 =      8.000,    305.000       
# span 1 =    -0.7930,     1.9462       
# span 2 =   2.758477,   3.059280       
# span 3 =    -0.7939,     1.9474       
# span 4 =   2.759218,   3.059521       
# span 5 =    4.33771,    8.02653       
# span 6 =    -0.0789,     0.2450       
# span 7 =    13.8155,    13.8155       
# span 8 = 0.0000e+00, 0.0000e+00       
# span 9 =  -61.12500,  -61.12500       
# span 10 =  -58.09183,  -58.09183      
# span 11 = 1152587645, 1152588131      
# span 12 = 192.134785, 192.140418      
# span 13 =    33.9449,    34.6550      
# span 14 = 0.0000e+00, 0.0000e+00      
# interval = decibars: 1                
# start_time = Jul 11 2006 03:14:03
# bad_flag = -9.990e-29
*END*
[from data line 97]
    105.000    -0.3447   2.810415    -0.3436   2.810703    7.47627     0.1560    13.8155 0.0000e+00  -61.12500  -58.09183 1152587881 192.137530    34.0782 0.0000e+00
    106.000    -0.3383   2.811496    -0.3358   2.811778    7.46147     0.1463    13.8155 0.0000e+00  -61.12500  -58.09183 1152587882 192.137538    34.0858 0.0000e+00
    107.000    -0.2972   2.815789    -0.2958   2.815836    7.44221     0.1664    13.8155 0.0000e+00  -61.12500  -58.09183 1152587882 192.137545    34.0962 0.0000e+00
    108.000    -0.2832   2.817802    -0.2730   2.818415    7.37435     0.1786    13.8155 0.0000e+00  -61.12500  -58.09183 1152587885 192.137576    34.0949 0.0000e+00
    109.000    -0.2377   2.821961    -0.1901   2.826314    7.28177     0.1622    13.8155 0.0000e+00  -61.12500  -58.09183 1152587888 192.137606    34.1132 0.0000e+00
    110.000    -0.1375   2.832065    -0.1278   2.832635    7.19191     0.1690    13.8155 0.0000e+00  -61.12500  -58.09183 1152587888 192.137615    34.1311 0.0000e+00
    111.000     0.0319   2.848623     0.0387   2.848805    7.06646     0.1656    13.8155 0.0000e+00  -61.12500  -58.09183 1152587890 192.137627    34.1560 0.0000e+00
    112.000     0.1091   2.856268     0.1129   2.856468    6.94074     0.1636    13.8155 0.0000e+00  -61.12500  -58.09183 1152587891 192.137643    34.1691 0.0000e+00
    113.000     0.1501   2.860698     0.1520   2.860851    6.85066     0.1565    13.8155 0.0000e+00  -61.12500  -58.09183 1152587892 192.137656    34.1812 0.0000e+00
    114.000     0.1744   2.863545     0.1779   2.863622    6.77901     0.1615    13.8155 0.0000e+00  -61.12500  -58.09183 1152587893 192.137665    34.1926 0.0000e+00
    115.000     0.2342   2.869416     0.2372   2.869437    6.72103     0.1575    13.8155 0.0000e+00  -61.12500  -58.09183 1152587894 192.137674    34.2018 0.0000e+00
    116.000     0.3048   2.876710     0.3089   2.876576    6.67492     0.1590    13.8155 0.0000e+00  -61.12500  -58.09183 1152587894 192.137681    34.2182 0.0000e+00
    117.000     0.3505   2.880878     0.3521   2.880961    6.62884     0.1635    13.8155 0.0000e+00  -61.12500  -58.09183 1152587895 192.137688    34.2189 0.0000e+00
    118.000     0.3558   2.881390     0.3582   2.881602    6.59049     0.1682    13.8155 0.0000e+00  -61.12500  -58.09183 1152587895 192.137696    34.2202 0.0000e+00
    119.000     0.3058   2.876352     0.3156   2.877119    6.48919     0.1707    13.8155 0.0000e+00  -61.12500  -58.09183 1152587899 192.137741    34.2152 0.0000e+00
    120.000     0.3454   2.880385     0.3688   2.882650    6.40662     0.1649    13.8155 0.0000e+00  -61.12500  -58.09183 1152587902 192.137774    34.2248 0.0000e+00
    121.000     0.4283   2.889618     0.4556   2.891791    6.35453     0.1702    13.8155 0.0000e+00  -61.12500  -58.09183 1152587903 192.137782    34.2541 0.0000e+00
    122.000     0.4968   2.896649     0.4988   2.896730    6.30584     0.1364    13.8155 0.0000e+00  -61.12500  -58.09183 1152587904 192.137790    34.2647 0.0000e+00
    123.000     0.5149   2.898891     0.5168   2.899007    6.26270     0.1464    13.8155 0.0000e+00  -61.12500  -58.09183 1152587904 192.137797    34.2734 0.0000e+00
    124.000     0.5340   2.901134     0.5352   2.901198    6.21937     0.1672    13.8155 0.0000e+00  -61.12500  -58.09183 1152587905 192.137804    34.2810 0.0000e+00
    125.000     0.5562   2.903660     0.5573   2.903664    6.17850     0.1757    13.8155 0.0000e+00  -61.12500  -58.09183 1152587905 192.137811    34.2889 0.0000e+00
    126.000     0.5712   2.905164     0.5742   2.905452    6.14487     0.1822    13.8155 0.0000e+00  -61.12500  -58.09183 1152587906 192.137818    34.2911 0.0000e+00
    127.000     0.5858   2.906726     0.5879   2.906797    6.11416     0.1728    13.8155 0.0000e+00  -61.12500  -58.09183 1152587907 192.137827    34.2954 0.0000e+00
    128.000     0.6227   2.910438     0.6244   2.910499    6.05688     0.1732    13.8155 0.0000e+00  -61.12500  -58.09183 1152587908 192.137838    34.3019 0.0000e+00
    129.000     0.5737   2.905271     0.5867   2.906633    6.03267     0.1904    13.8155 0.0000e+00  -61.12500  -58.09183 1152587911 192.137882    34.2920 0.0000e+00
    130.000     0.5546   2.904061     0.5555   2.903306    6.02306     0.1773    13.8155 0.0000e+00  -61.12500  -58.09183 1152587915 192.137923    34.3028 0.0000e+00
    131.000     0.6488   2.913406     0.6499   2.913556    5.99357     0.1810    13.8155 0.0000e+00  -61.12500  -58.09183 1152587916 192.137930    34.3123 0.0000e+00
    132.000     0.6440   2.913687     0.6461   2.913900    5.96125     0.1699    13.8155 0.0000e+00  -61.12500  -58.09183 1152587916 192.137936    34.3219 0.0000e+00
    133.000     0.6609   2.915583     0.6625   2.915748    5.93407     0.1661    13.8155 0.0000e+00  -61.12500  -58.09183 1152587917 192.137943    34.3270 0.0000e+00
    134.000     0.6705   2.916598     0.6719   2.916807    5.90707     0.1561    13.8155 0.0000e+00  -61.12500  -58.09183 1152587917 192.137950    34.3288 0.0000e+00
    135.000     0.6890   2.918893     0.6893   2.918982    5.88330     0.1636    13.8155 0.0000e+00  -61.12500  -58.09183 1152587918 192.137956    34.3384 0.0000e+00
    136.000     0.7106   2.921204     0.7113   2.921378    5.86462     0.1494    13.8155 0.0000e+00  -61.12500  -58.09183 1152587918 192.137962    34.3421 0.0000e+00
    137.000     0.6992   2.920362     0.7008   2.920606    5.84447     0.1521    13.8155 0.0000e+00  -61.12500  -58.09183 1152587919 192.137970    34.3442 0.0000e+00
    138.000     0.6875   2.918931     0.6904   2.919243    5.79390     0.1620    13.8155 0.0000e+00  -61.12500  -58.09183 1152587923 192.138011    34.3402 0.0000e+00
    139.000     0.6978   2.920294     0.7005   2.920323    5.74809     0.1809    13.8155 0.0000e+00  -61.12500  -58.09183 1152587925 192.138038    34.3467 0.0000e+00
    140.000     0.7454   2.925873     0.7480   2.926075    5.71746     0.1514    13.8155 0.0000e+00  -61.12500  -58.09183 1152587926 192.138050    34.3646 0.0000e+00
    141.000     0.7501   2.926621     0.7521   2.926883    5.69114     0.1860    13.8155 0.0000e+00  -61.12500  -58.09183 1152587927 192.138063    34.3683 0.0000e+00
    142.000     0.7505   2.926852     0.7522   2.927104    5.67353     0.1754    13.8155 0.0000e+00  -61.12500  -58.09183 1152587928 192.138075    34.3707 0.0000e+00
    143.000     0.7482   2.926713     0.7501   2.927010    5.65815     0.1635    13.8155 0.0000e+00  -61.12500  -58.09183 1152587929 192.138086    34.3712 0.0000e+00
    144.000     0.7447   2.926490     0.7468   2.926792    5.64623     0.1472    13.8155 0.0000e+00  -61.12500  -58.09183 1152587930 192.138097    34.3720 0.0000e+00
    145.000     0.7490   2.927270     0.7507   2.927440    5.63730     0.1585    13.8155 0.0000e+00  -61.12500  -58.09183 1152587931 192.138105    34.3770 0.0000e+00
    146.000     0.7572   2.928213     0.7596   2.928519    5.62542     0.1625    13.8155 0.0000e+00  -61.12500  -58.09183 1152587932 192.138114    34.3795 0.0000e+00
    147.000     0.7597   2.928463     0.7617   2.928766    5.61137     0.1812    13.8155 0.0000e+00  -61.12500  -58.09183 1152587932 192.138123    34.3793 0.0000e+00
    148.000     0.7686   2.929413     0.7722   2.929848    5.59616     0.1676    13.8155 0.0000e+00  -61.12500  -58.09183 1152587934 192.138141    34.3813 0.0000e+00
    149.000     0.7588   2.928429     0.7628   2.928959    5.57589     0.1371    13.8155 0.0000e+00  -61.12500  -58.09183 1152587937 192.138179    34.3797 0.0000e+00
    150.000     0.7875   2.931673     0.7902   2.931949    5.56193     0.1169    13.8155 0.0000e+00  -61.12500  -58.09183 1152587938 192.138191    34.3888 0.0000e+00
    151.000     0.7921   2.932200     0.7938   2.932467    5.54996     0.0907    13.8155 0.0000e+00  -61.12500  -58.09183 1152587939 192.138201    34.3897 0.0000e+00
    152.000     0.7940   2.932461     0.7959   2.932745    5.53622     0.0950    13.8155 0.0000e+00  -61.12500  -58.09183 1152587940 192.138212    34.3907 0.0000e+00
    153.000     0.7980   2.932962     0.7998   2.933221    5.52212     0.0898    13.8155 0.0000e+00  -61.12500  -58.09183 1152587941 192.138224    34.3922 0.0000e+00
    154.000     0.8010   2.933347     0.8030   2.933640    5.51145     0.1072    13.8155 0.0000e+00  -61.12500  -58.09183 1152587942 192.138237    34.3933 0.0000e+00
    155.000     0.8027   2.933595     0.8045   2.933871    5.49944     0.1254    13.8155 0.0000e+00  -61.12500  -58.09183 1152587943 192.138252    34.3941 0.0000e+00
    156.000     0.8048   2.933908     0.8067   2.934194    5.48902     0.1262    13.8155 0.0000e+00  -61.12500  -58.09183 1152587945 192.138267    34.3954 0.0000e+00
    157.000     0.8070   2.934241     0.8090   2.934546    5.48084     0.1097    13.8155 0.0000e+00  -61.12500  -58.09183 1152587946 192.138280    34.3968 0.0000e+00
    158.000     0.8084   2.934495     0.8103   2.934803    5.47280     0.0843    13.8155 0.0000e+00  -61.12500  -58.09183 1152587947 192.138290    34.3980 0.0000e+00
    159.000     0.8112   2.934912     0.8130   2.935181    5.46550     0.0967    13.8155 0.0000e+00  -61.12500  -58.09183 1152587948 192.138302    34.3998 0.0000e+00
    160.000     0.8162   2.935574     0.8185   2.935933    5.45491     0.1011    13.8155 0.0000e+00  -61.12500  -58.09183 1152587950 192.138325    34.4022 0.0000e+00
    161.000     0.8200   2.936060     0.8219   2.936354    5.43651     0.0946    13.8155 0.0000e+00  -61.12500  -58.09183 1152587952 192.138355    34.4040 0.0000e+00
    162.000     0.8299   2.937310     0.8317   2.937584    5.42785     0.1012    13.8155 0.0000e+00  -61.12500  -58.09183 1152587953 192.138367    34.4083 0.0000e+00
    163.000     0.8312   2.937574     0.8329   2.937865    5.42406     0.0878    13.8155 0.0000e+00  -61.12500  -58.09183 1152587954 192.138377    34.4096 0.0000e+00
    164.000     0.8286   2.937468     0.8301   2.937769    5.41861     0.0744    13.8155 0.0000e+00  -61.12500  -58.09183 1152587955 192.138385    34.4107 0.0000e+00
    165.000     0.8293   2.937721     0.8307   2.937955    5.41284     0.0989    13.8155 0.0000e+00  -61.12500  -58.09183 1152587956 192.138393    34.4130 0.0000e+00
    166.000     0.8425   2.939413     0.8441   2.939617    5.41180     0.0954    13.8155 0.0000e+00  -61.12500  -58.09183 1152587956 192.138400    34.4192 0.0000e+00
    167.000     0.8522   2.940609     0.8539   2.940826    5.39850     0.1172    13.8155 0.0000e+00  -61.12500  -58.09183 1152587958 192.138424    34.4234 0.0000e+00
    168.000     0.8588   2.941338     0.8628   2.941727    5.38431     0.1327    13.8155 0.0000e+00  -61.12500  -58.09183 1152587961 192.138454    34.4252 0.0000e+00
    169.000     0.9030   2.946164     0.9056   2.946307    5.37601     0.1173    13.8155 0.0000e+00  -61.12500  -58.09183 1152587962 192.138462    34.4371 0.0000e+00
    170.000     0.9448   2.950359     0.9469   2.950497    5.36642     0.1347    13.8155 0.0000e+00  -61.12500  -58.09183 1152587962 192.138470    34.4429 0.0000e+00
    171.000     0.9403   2.950071     0.9418   2.950325    5.36074     0.1418    13.8155 0.0000e+00  -61.12500  -58.09183 1152587963 192.138477    34.4435 0.0000e+00
    172.000     0.9452   2.950761     0.9471   2.950983    5.35622     0.1290    13.8155 0.0000e+00  -61.12500  -58.09183 1152587964 192.138486    34.4467 0.0000e+00
    173.000     0.9435   2.950543     0.9453   2.950867    5.34679     0.1302    13.8155 0.0000e+00  -61.12500  -58.09183 1152587966 192.138516    34.4459 0.0000e+00
    174.000     0.9346   2.949685     0.9376   2.950164    5.34798     0.1124    13.8155 0.0000e+00  -61.12500  -58.09183 1152587968 192.138540    34.4449 0.0000e+00
    175.000     0.9293   2.949645     0.9308   2.949936    5.35146     0.0998    13.8155 0.0000e+00  -61.12500  -58.09183 1152587969 192.138552    34.4499 0.0000e+00
    176.000     0.9260   2.949462     0.9275   2.949734    5.35492     0.1009    13.8155 0.0000e+00  -61.12500  -58.09183 1152587970 192.138564    34.4509 0.0000e+00
    177.000     0.9263   2.949616     0.9287   2.949951    5.35671     0.0758    13.8155 0.0000e+00  -61.12500  -58.09183 1152587971 192.138576    34.4522 0.0000e+00
    178.000     0.9313   2.950198     0.9326   2.950434    5.35673     0.0698    13.8155 0.0000e+00  -61.12500  -58.09183 1152587972 192.138587    34.4533 0.0000e+00
    179.000     0.9325   2.950361     0.9337   2.950593    5.35654     0.0643    13.8155 0.0000e+00  -61.12500  -58.09183 1152587973 192.138598    34.4536 0.0000e+00
    180.000     0.9331   2.950529     0.9349   2.950820    5.35646     0.0641    13.8155 0.0000e+00  -61.12500  -58.09183 1152587974 192.138608    34.4545 0.0000e+00
    181.000     0.9219   2.949617     0.9228   2.949875    5.35484     0.0726    13.8155 0.0000e+00  -61.12500  -58.09183 1152587975 192.138619    34.4548 0.0000e+00
    182.000     0.9229   2.949903     0.9245   2.950151    5.35065     0.0581    13.8155 0.0000e+00  -61.12500  -58.09183 1152587976 192.138631    34.4570 0.0000e+00
    183.000     0.9314   2.950760     0.9342   2.951144    5.33670     0.0704    13.8155 0.0000e+00  -61.12500  -58.09183 1152587978 192.138655    34.4579 0.0000e+00
    184.000     0.9371   2.951360     0.9384   2.951574    5.31886     0.0785    13.8155 0.0000e+00  -61.12500  -58.09183 1152587981 192.138687    34.4587 0.0000e+00
    185.000     0.9733   2.955005     0.9762   2.955190    5.30025     0.0910    13.8155 0.0000e+00  -61.12500  -58.09183 1152587983 192.138706    34.4645 0.0000e+00
    186.000     0.9907   2.956755     0.9919   2.956984    5.29034     0.0680    13.8155 0.0000e+00  -61.12500  -58.09183 1152587984 192.138718    34.4662 0.0000e+00
    187.000     0.9914   2.956930     0.9927   2.957126    5.28268     0.0814    13.8155 0.0000e+00  -61.12500  -58.09183 1152587985 192.138728    34.4676 0.0000e+00
    188.000     0.9975   2.957595     0.9991   2.957863    5.27645     0.0992    13.8155 0.0000e+00  -61.12500  -58.09183 1152587985 192.138736    34.4686 0.0000e+00
    189.000     0.9973   2.957637     0.9989   2.957907    5.26968     0.1090    13.8155 0.0000e+00  -61.12500  -58.09183 1152587986 192.138744    34.4689 0.0000e+00
    190.000     0.9988   2.957892     1.0006   2.958144    5.26406     0.1159    13.8155 0.0000e+00  -61.12500  -58.09183 1152587987 192.138752    34.4702 0.0000e+00
    191.000     1.0054   2.958635     1.0073   2.958890    5.25478     0.1098    13.8155 0.0000e+00  -61.12500  -58.09183 1152587988 192.138761    34.4718 0.0000e+00
    192.000     1.0182   2.959955     1.0205   2.960237    5.24492     0.1126    13.8155 0.0000e+00  -61.12500  -58.09183 1152587989 192.138775    34.4739 0.0000e+00
    193.000     1.0338   2.961565     1.0359   2.961812    5.22922     0.1181    13.8155 0.0000e+00  -61.12500  -58.09183 1152587990 192.138792    34.4766 0.0000e+00
    194.000     1.0426   2.962392     1.0453   2.962818    5.18901     0.1077    13.8155 0.0000e+00  -61.12500  -58.09183 1152587993 192.138826    34.4770 0.0000e+00
    195.000     1.0822   2.966565     1.0814   2.966242    5.14030     0.0721    13.8155 0.0000e+00  -61.12500  -58.09183 1152587996 192.138855    34.4873 0.0000e+00
    196.000     1.2020   2.978255     1.2087   2.978525    5.08977     0.0795    13.8155 0.0000e+00  -61.12500  -58.09183 1152587997 192.138867    34.5009 0.0000e+00
    197.000     1.2503   2.982986     1.2544   2.983076    5.05343     0.0514    13.8155 0.0000e+00  -61.12500  -58.09183 1152587997 192.138876    34.5064 0.0000e+00
    198.000     1.3061   2.988394     1.3082   2.988369    5.02354     0.0663    13.8155 0.0000e+00  -61.12500  -58.09183 1152587998 192.138884    34.5118 0.0000e+00
    199.000     1.3355   2.991243     1.3373   2.991285    4.99662     0.0685    13.8155 0.0000e+00  -61.12500  -58.09183 1152587999 192.138891    34.5145 0.0000e+00
