product_data/regression_test/downloaded_data/MDGS/320620060703/ctd/p6608202.ros
* Sea-Bird SBE 9 Data File:
* FileName = D:\Data\Raw\P6608202.dat
* Software Version Seasave Win32 V 5.32
* Temperature SN = 1649
* Conductivity SN = 1431
* Number of Bytes Per Scan = 37
* Number of Voltage Words = 5
* Number of Scans Averaged by the Deck Unit = 1
* NMEA Latitude = 61 50.03 S
* NMEA Longitude = 057 33.91 W
* NMEA UTC (Time) = 21:27:11
** Ship:   Nathaniel B. Palmer 
** Cruise:    NBP0603 p0606
** Cast #: 02
** Station:   81
** Operator: 
# nquan = 17
# nvalues = 1175                    
# units = specified
# name 0 = prDM: Pressure, Digiquartz [db]
# name 1 = t090C: Temperature [ITS-90, deg C]
# name 2 = c0S/m: Conductivity [S/m]
# name 3 = t190C: Temperature, 2 [ITS-90, deg C]
# name 4 = c1S/m: Conductivity, 2 [S/m]
# name 5 = sbeox0ML/L: Oxygen, SBE 43 [ml/l]
# name 6 = flECO-AFL: Fluorescence, Wetlab ECO-AFL/FL [mg/m^3]
# name 7 = bat: Beam Attenuation, Chelsea/Seatech/Wetlab CStar [1/m]
# name 8 = spar: SPAR/Surface Irradiance
# name 9 = latitude: Latitude [deg]
# name 10 = longitude: Longitude [deg]
# name 11 = timeY: Time, System [seconds]
# name 12 = timeJ: Julian Days
# name 13 = sal00: Salinity [PSU]
# name 14 = scan: scan number
# name 15 = nbf: number of bottles fired
# name 16 = flag:  0.000e+00
# interval = seconds: 0.0416667                   
# start_time = Jul 09 2006 21:27:18
*END*
[from data line 681]
     60.653    -0.6573   2.791211    -0.6571   2.791485    7.60296     0.0757    13.8155 0.0000e+00  -61.83383  -57.56517 1152481500 190.906263    34.2036      25516         14  0.000e+00
     60.720    -0.6571   2.791237    -0.6571   2.791462    7.60299     0.0434    13.8155 0.0000e+00  -61.83383  -57.56517 1152481500 190.906264    34.2037      25517         14  0.000e+00
     60.644    -0.6576   2.791217    -0.6571   2.791491    7.60300     0.0327    13.8155 0.0000e+00  -61.83383  -57.56517 1152481500 190.906264    34.2040      25518         14  0.000e+00
     60.586    -0.6574   2.791224    -0.6571   2.791468    7.60291     0.0327    13.8155 0.0000e+00  -61.83383  -57.56517 1152481500 190.906264    34.2040      25519         14  0.000e+00
     50.078    -0.6610   2.790465    -0.6602   2.790710    7.60222     0.0542    13.8155 0.0000e+00  -61.83383  -57.56517 1152481556 190.906916    34.2043      26871         15  0.000e+00
     50.144    -0.6612   2.790465    -0.6605   2.790710    7.60231     0.0542    13.8155 0.0000e+00  -61.83383  -57.56517 1152481556 190.906917    34.2044      26872         15  0.000e+00
     50.078    -0.6604   2.790465    -0.6603   2.790710    7.60212     0.0542    13.8155 0.0000e+00  -61.83383  -57.56517 1152481556 190.906917    34.2036      26873         15  0.000e+00
     50.144    -0.6609   2.790494    -0.6605   2.790728    7.60224     0.0327    13.8155 0.0000e+00  -61.83383  -57.56517 1152481556 190.906918    34.2045      26874         15  0.000e+00
     50.078    -0.6602   2.790491    -0.6607   2.790716    7.60676     0.0650    13.8155 0.0000e+00  -61.83383  -57.56517 1152481556 190.906918    34.2037      26875         15  0.000e+00
     50.078    -0.6604   2.790488    -0.6602   2.790687    7.60678     0.1080    13.8155 0.0000e+00  -61.83383  -57.56517 1152481556 190.906919    34.2039      26876         15  0.000e+00
     50.078    -0.6599   2.790468    -0.6605   2.790698    7.60673     0.0650    13.8155 0.0000e+00  -61.83383  -57.56517 1152481556 190.906919    34.2031      26877         15  0.000e+00
     50.078    -0.6598   2.790481    -0.6603   2.790669    7.60669     0.0542    13.8155 0.0000e+00  -61.83383  -57.56517 1152481556 190.906920    34.2031      26878         15  0.000e+00
     50.078    -0.6596   2.790504    -0.6613   2.790658    7.60666     0.0650    13.8155 0.0000e+00  -61.83383  -57.56517 1152481556 190.906920    34.2032      26879         15  0.000e+00
     49.935    -0.6605   2.790491    -0.6607   2.790675    7.60665     0.0757    13.8155 0.0000e+00  -61.83383  -57.56517 1152481557 190.906921    34.2042      26880         15  0.000e+00
     50.144    -0.6602   2.790504    -0.6610   2.790681    7.60682     0.0650    13.8155 0.0000e+00  -61.83383  -57.56517 1152481557 190.906921    34.2039      26881         15  0.000e+00
     50.011    -0.6602   2.790511    -0.6603   2.790640    7.60667     0.0757    13.8155 0.0000e+00  -61.83383  -57.56517 1152481557 190.906922    34.2040      26882         15  0.000e+00
     50.078    -0.6600   2.790511    -0.6608   2.790664    7.60671     0.0542    13.8155 0.0000e+00  -61.83383  -57.56517 1152481557 190.906922    34.2037      26883         15  0.000e+00
     50.011    -0.6602   2.790511    -0.6611   2.790664    7.60199     0.0650    13.8155 0.0000e+00  -61.83383  -57.56517 1152481557 190.906923    34.2040      26884         15  0.000e+00
     50.011    -0.6598   2.790491    -0.6607   2.790658    7.60662     0.0972    13.8155 0.0000e+00  -61.83383  -57.56517 1152481557 190.906923    34.2033      26885         15  0.000e+00
     50.011    -0.6599   2.790521    -0.6607   2.790635    7.60662     0.0972    13.8155 0.0000e+00  -61.83383  -57.56517 1152481557 190.906924    34.2039      26886         15  0.000e+00
     50.011    -0.6596   2.790514    -0.6603   2.790646    7.60658     0.0757    13.8155 0.0000e+00  -61.83383  -57.56517 1152481557 190.906924    34.2034      26887         15  0.000e+00
     50.011    -0.6602   2.790511    -0.6605   2.790635    7.60667     0.0542    13.8155 0.0000e+00  -61.83383  -57.56517 1152481557 190.906925    34.2040      26888         15  0.000e+00
     50.011    -0.6602   2.790527    -0.6603   2.790646    7.60666     0.0327    13.8155 0.0000e+00  -61.83383  -57.56517 1152481557 190.906925    34.2043      26889         15  0.000e+00
     49.935    -0.6599   2.790494    -0.6608   2.790658    7.60656     0.0757    13.8155 0.0000e+00  -61.83383  -57.56517 1152481557 190.906926    34.2035      26890         15  0.000e+00
     50.011    -0.6601   2.790504    -0.6607   2.790635    7.60665     0.0434    13.8155 0.0000e+00  -61.83383  -57.56517 1152481557 190.906926    34.2038      26891         15  0.000e+00
     49.935    -0.6599   2.790541    -0.6610   2.790629    7.60653     0.0327    13.8155 0.0000e+00  -61.83383  -57.56517 1152481557 190.906927    34.2042      26892         15  0.000e+00
     50.011    -0.6598   2.790521    -0.6616   2.790629    7.60660     0.0972    13.8155 0.0000e+00  -61.83383  -57.56517 1152481557 190.906927    34.2037      26893         15  0.000e+00
     49.935    -0.6598   2.790541    -0.6608   2.790664    7.60650     0.0542    13.8155 0.0000e+00  -61.83383  -57.56517 1152481557 190.906928    34.2040      26894         15  0.000e+00
     49.935    -0.6602   2.790521    -0.6603   2.790698    7.60658     0.0542    13.8155 0.0000e+00  -61.83383  -57.56517 1152481557 190.906928    34.2042      26895         15  0.000e+00
     49.935    -0.6599   2.790504    -0.6599   2.790727    7.60655     0.0972    13.8155 0.0000e+00  -61.83383  -57.56517 1152481557 190.906929    34.2037      26896         15  0.000e+00
     49.935    -0.6602   2.790491    -0.6599   2.790693    7.60661     0.0865    13.8155 0.0000e+00  -61.83383  -57.56517 1152481557 190.906929    34.2038      26897         15  0.000e+00
     50.011    -0.6604   2.790504    -0.6599   2.790681    7.60670     0.0972    13.8155 0.0000e+00  -61.83383  -57.56517 1152481557 190.906929    34.2042      26898         15  0.000e+00
     49.868    -0.6609   2.790491    -0.6605   2.790698    7.60663     0.0757    13.8155 0.0000e+00  -61.83383  -57.56517 1152481557 190.906930    34.2046      26899         15  0.000e+00
     49.935    -0.6602   2.790488    -0.6607   2.790745    7.60661     0.0327    13.8155 0.0000e+00  -61.83383  -57.56517 1152481557 190.906930    34.2038      26900         15  0.000e+00
     49.935    -0.6605   2.790448    -0.6604   2.790739    7.60668     0.0542    13.8155 0.0000e+00  -61.83383  -57.56517 1152481557 190.906931    34.2036      26901         15  0.000e+00
     49.935    -0.6612   2.790425    -0.6600   2.790751    7.60680     0.0542    13.8155 0.0000e+00  -61.83383  -57.56517 1152481557 190.906931    34.2040      26902         15  0.000e+00
     49.935    -0.6615   2.790422    -0.6603   2.790745    7.60685     0.0865    13.8155 0.0000e+00  -61.83383  -57.56517 1152481557 190.906932    34.2043      26903         15  0.000e+00
     49.868    -0.6610   2.790435    -0.6602   2.790733    7.60669     0.0972    13.8155 0.0000e+00  -61.83383  -57.56517 1152481558 190.906932    34.2040      26904         15  0.000e+00
     49.935    -0.6615   2.790442    -0.6602   2.790733    7.60683     0.0865    13.8155 0.0000e+00  -61.83383  -57.56517 1152481558 190.906933    34.2046      26905         15  0.000e+00
     49.868    -0.6613   2.790438    -0.6603   2.790733    7.60674     0.0972    13.8155 0.0000e+00  -61.83383  -57.56517 1152481558 190.906933    34.2044      26906         15  0.000e+00
     49.868    -0.6619   2.790389    -0.6603   2.790733    7.60687     0.1188    13.8155 0.0000e+00  -61.83383  -57.56517 1152481558 190.906934    34.2044      26907         15  0.000e+00
     49.935    -0.6619   2.790409    -0.6598   2.790751    7.60692     0.0972    13.8155 0.0000e+00  -61.83383  -57.56517 1152481558 190.906934    34.2047      26908         15  0.000e+00
     49.868    -0.6618   2.790422    -0.6607   2.790722    7.60682     0.0972    13.8155 0.0000e+00  -61.83383  -57.56517 1152481558 190.906935    34.2047      26909         15  0.000e+00
     49.868    -0.6618   2.790402    -0.6599   2.790710    7.60683     0.0757    13.8155 0.0000e+00  -61.83383  -57.56517 1152481558 190.906935    34.2044      26910         15  0.000e+00
     49.868    -0.6619   2.790379    -0.6602   2.790727    7.60687     0.0542    13.8155 0.0000e+00  -61.83383  -57.56517 1152481558 190.906936    34.2043      26911         15  0.000e+00
     49.725    -0.6616   2.790372    -0.6599   2.790716    7.60668     0.0972    13.8155 0.0000e+00  -61.83383  -57.56517 1152481558 190.906936    34.2039      26912         15  0.000e+00
     49.935    -0.6616   2.790356    -0.6602   2.790727    7.60691     0.0650    13.8155 0.0000e+00  -61.83383  -57.56517 1152481558 190.906937    34.2036      26913         15  0.000e+00
     49.868    -0.6616   2.790385    -0.6600   2.790716    7.60682     0.0650    13.8155 0.0000e+00  -61.83383  -57.56517 1152481558 190.906937    34.2040      26914         15  0.000e+00
     49.868    -0.6619   2.790399    -0.6602   2.790768    7.60686     0.0757    13.8155 0.0000e+00  -61.83383  -57.56517 1152481558 190.906938    34.2046      26915         15  0.000e+00
     49.801    -0.6619   2.790415    -0.6594   2.790745    7.60678     0.0650    13.8155 0.0000e+00  -61.83383  -57.56517 1152481558 190.906938    34.2048      26916         15  0.000e+00
     49.801    -0.6610   2.790432    -0.6602   2.790751    7.60662     0.0327    13.8155 0.0000e+00  -61.83383  -57.56517 1152481558 190.906939    34.2040      26917         15  0.000e+00
     49.868    -0.6615   2.790425    -0.6602   2.790739    7.60677     0.0972    13.8155 0.0000e+00  -61.83383  -57.56517 1152481558 190.906939    34.2044      26918         15  0.000e+00
     49.801    -0.6613   2.790451    -0.6611   2.790693    7.60666     0.1188    13.8155 0.0000e+00  -61.83383  -57.56517 1152481558 190.906940    34.2046      26919         15  0.000e+00
     49.516    -0.6599   2.790504    -0.6611   2.790658    7.60611     0.0757    13.8155 0.0000e+00  -61.83383  -57.56517 1152481559 190.906954    34.2039      26948         16  0.000e+00
     49.659    -0.6599   2.790471    -0.6605   2.790658    7.60628     0.0757    13.8155 0.0000e+00  -61.83383  -57.56517 1152481559 190.906954    34.2034      26949         16  0.000e+00
     49.592    -0.6598   2.790498    -0.6608   2.790634    7.60617     0.0757    13.8155 0.0000e+00  -61.83383  -57.56517 1152481559 190.906955    34.2036      26950         16  0.000e+00
     49.592    -0.6598   2.790474    -0.6610   2.790629    7.60618     0.0542    13.8155 0.0000e+00  -61.83383  -57.56517 1152481560 190.906955    34.2033      26951         16  0.000e+00
     49.659    -0.6601   2.790498    -0.6610   2.790646    7.60629     0.0542    13.8155 0.0000e+00  -61.83383  -57.56517 1152481560 190.906956    34.2039      26952         16  0.000e+00
     49.592    -0.6604   2.790491    -0.6607   2.790634    7.60627     0.0327    13.8155 0.0000e+00  -61.83383  -57.56517 1152481560 190.906956    34.2042      26953         16  0.000e+00
     49.592    -0.6599   2.790484    -0.6607   2.790646    7.60620     0.0542    13.8155 0.0000e+00  -61.83383  -57.56517 1152481560 190.906957    34.2036      26954         16  0.000e+00
     49.592    -0.6599   2.790484    -0.6610   2.790611    7.60620     0.0865    13.8155 0.0000e+00  -61.83383  -57.56517 1152481560 190.906957    34.2036      26955         16  0.000e+00
     49.516    -0.6602   2.790504    -0.6607   2.790640    7.60615     0.0972    13.8155 0.0000e+00  -61.83383  -57.56517 1152481560 190.906957    34.2043      26956         16  0.000e+00
     49.592    -0.6599   2.790474    -0.6607   2.790658    7.60621     0.1403    13.8155 0.0000e+00  -61.83383  -57.56517 1152481560 190.906958    34.2035      26957         16  0.000e+00
     49.516    -0.6601   2.790498    -0.6607   2.790675    7.60613     0.1618    13.8155 0.0000e+00  -61.83383  -57.56517 1152481560 190.906958    34.2040      26958         16  0.000e+00
     49.516    -0.6602   2.790504    -0.6610   2.790640    7.60615     0.1188    13.8155 0.0000e+00  -61.83383  -57.56517 1152481560 190.906959    34.2043      26959         16  0.000e+00
     49.592    -0.6602   2.790491    -0.6607   2.790629    7.60624     0.0542    13.8155 0.0000e+00  -61.83383  -57.56517 1152481560 190.906959    34.2040      26960         16  0.000e+00
     49.516    -0.6604   2.790468    -0.6614   2.790605    7.60620     0.0434    13.8155 0.0000e+00  -61.83383  -57.56517 1152481560 190.906960    34.2040      26961         16  0.000e+00
     49.516    -0.6599   2.790514    -0.6611   2.790600    7.60610    -0.0104    13.8155 0.0000e+00  -61.83383  -57.56517 1152481560 190.906960    34.2041      26962         16  0.000e+00
     49.516    -0.6602   2.790481    -0.6613   2.790600    7.60617     0.0327    13.8155 0.0000e+00  -61.83383  -57.56517 1152481560 190.906961    34.2040      26963         16  0.000e+00
     49.516    -0.6598   2.790498    -0.6613   2.790600    7.60609     0.0865    13.8155 0.0000e+00  -61.83383  -57.56517 1152481560 190.906961    34.2037      26964         16  0.000e+00
     49.449    -0.6601   2.790471    -0.6617   2.790600    7.60608     0.0972    13.8155 0.0000e+00  -61.83383  -57.56517 1152481560 190.906962    34.2037      26965         16  0.000e+00
     49.516    -0.6601   2.790481    -0.6610   2.790600    7.60615     0.0972    13.8155 0.0000e+00  -61.83383  -57.56517 1152481560 190.906962    34.2038      26966         16  0.000e+00
     49.449    -0.6599   2.790488    -0.6611   2.790582    7.60605     0.0757    13.8155 0.0000e+00  -61.83383  -57.56517 1152481560 190.906963    34.2038      26967         16  0.000e+00
     49.449    -0.6599   2.790468    -0.6614   2.790594    7.60606     0.0972    13.8155 0.0000e+00  -61.83383  -57.56517 1152481560 190.906963    34.2035      26968         16  0.000e+00
     49.449    -0.6598   2.790481    -0.6610   2.790617    7.60603     0.0972    13.8155 0.0000e+00  -61.83383  -57.56517 1152481560 190.906964    34.2035      26969         16  0.000e+00
     49.449    -0.6604   2.790484    -0.6613   2.790629    7.60612     0.0972    13.8155 0.0000e+00  -61.83383  -57.56517 1152481560 190.906964    34.2042      26970         16  0.000e+00
     49.449    -0.6601   2.790468    -0.6610   2.790629    7.60609     0.0972    13.8155 0.0000e+00  -61.83383  -57.56517 1152481560 190.906965    34.2037      26971         16  0.000e+00
     49.449    -0.6599   2.790481    -0.6611   2.790629    7.60605     0.0757    13.8155 0.0000e+00  -61.83383  -57.56517 1152481560 190.906965    34.2037      26972         16  0.000e+00
     49.449    -0.6602   2.790468    -0.6608   2.790629    7.60611     0.0757    13.8155 0.0000e+00  -61.83383  -57.56517 1152481560 190.906966    34.2038      26973         16  0.000e+00
     49.373    -0.6598   2.790464    -0.6607   2.790663    7.60596     0.1080    13.8155 0.0000e+00  -61.83383  -57.56517 1152481560 190.906966    34.2033      26974         16  0.000e+00
     49.449    -0.6601   2.790478    -0.6605   2.790663    7.60608     0.0542    13.8155 0.0000e+00  -61.83383  -57.56517 1152481560 190.906967    34.2038      26975         16  0.000e+00
     49.373    -0.6602   2.790484    -0.6601   2.790658    7.60601     0.0112    13.8155 0.0000e+00  -61.83383  -57.56517 1152481561 190.906967    34.2041      26976         16  0.000e+00
     49.373    -0.6598   2.790488    -0.6602   2.790675    7.60594     0.0542    13.8155 0.0000e+00  -61.83383  -57.56517 1152481561 190.906968    34.2036      26977         16  0.000e+00
     49.373    -0.6604   2.790488    -0.6605   2.790663    7.60604     0.0434    13.8155 0.0000e+00  -61.83383  -57.56517 1152481561 190.906968    34.2043      26978         16  0.000e+00
