product_data/regression_test/downloaded_data/MDGS/320620060703/ctd/p6609305.ros
* Sea-Bird SBE 9 Data File:
* FileName = D:\Data\Raw\P6609305.dat
* Software Version Seasave Win32 V 5.32
* Temperature SN = 1649
* Conductivity SN = 1431
* Number of Bytes Per Scan = 37
* Number of Voltage Words = 5
* Number of Scans Averaged by the Deck Unit = 1
* NMEA Latitude = 61 07.50 S
* NMEA Longitude = 058 05.51 W
* NMEA UTC (Time) = 03:13:55
** Ship:   Nathaniel B. Palmer nbp
** Cruise:    NBP0603 nbp0606
** Cast #: 05
** Station:   93
** Operator: db
# nquan = 17
# nvalues = 1176                    
# units = specified
# name 0 = prDM: Pressure, Digiquartz [db]
# name 1 = t090C: Temperature [ITS-90, deg C]
# name 2 = c0S/m: Conductivity [S/m]
# name 3 = t190C: Temperature, 2 [ITS-90, deg C]
# name 4 = c1S/m: Conductivity, 2 [S/m]
# name 5 = sbeox0ML/L: Oxygen, SBE 43 [ml/l]
# name 6 = flECO-AFL: Fluorescence, Wetlab ECO-AFL/FL [mg/m^3]
# name 7 = bat: Beam Attenuation, Chelsea/Seatech/Wetlab CStar [1/m]
# name 8 = spar: SPAR/Surface Irradiance
# name 9 = latitude: Latitude [deg]
# name 10 = longitude: Longitude [deg]
# name 11 = timeY: Time, System [seconds]
# name 12 = timeJ: Julian Days
# name 13 = sal00: Salinity [PSU]
# name 14 = scan: scan number
# name 15 = nbf: number of bottles fired
# name 16 = flag:  0.000e+00
# interval = seconds: 0.0416667                   
# start_time = Jul 11 2006 03:14:03
*END*
[from data line 1022]
    302.795     1.9387   3.058763     1.9410   3.059149    4.34110    -0.1072    13.8155 0.0000e+00  -61.12500  -58.09183 1152588330 192.142731    34.6552      16536         21  0.000e+00
    302.834     1.9386   3.058760     1.9413   3.059137    4.34114    -0.1287    13.8155 0.0000e+00  -61.12500  -58.09183 1152588330 192.142731    34.6553      16537         21  0.000e+00
    302.834     1.9390   3.058756     1.9413   3.059137    4.34111    -0.1180    13.8155 0.0000e+00  -61.12500  -58.09183 1152588330 192.142732    34.6548      16538         21  0.000e+00
    302.795     1.9387   3.058797     1.9409   3.059161    4.34109    -0.0857    13.8155 0.0000e+00  -61.12500  -58.09183 1152588331 192.142732    34.6556      16539         21  0.000e+00
    302.834     1.9394   3.058804     1.9410   3.059143    4.33653    -0.0642    13.8155 0.0000e+00  -61.12500  -58.09183 1152588331 192.142733    34.6550      16540         21  0.000e+00
    302.834     1.9389   3.058804     1.9409   3.059137    4.34110    -0.0534    13.8155 0.0000e+00  -61.12500  -58.09183 1152588331 192.142733    34.6555      16541         21  0.000e+00
    302.862     1.9392   3.058784     1.9406   3.059143    4.34109    -0.0857    13.8155 0.0000e+00  -61.12500  -58.09183 1152588331 192.142734    34.6549      16542         21  0.000e+00
    301.915     1.9387   3.058808     1.9394   3.059041    4.34056    -0.0857    13.8155 0.0000e+00  -61.12500  -58.09183 1152588340 192.142841    34.6562      16765         22  0.000e+00
    301.876     1.9391   3.058821     1.9398   3.059053    4.34050    -0.0642    13.8155 0.0000e+00  -61.12500  -58.09183 1152588340 192.142842    34.6561      16766         22  0.000e+00
    301.915     1.9394   3.058863     1.9395   3.059053    4.34048    -0.0749    13.8155 0.0000e+00  -61.12500  -58.09183 1152588340 192.142842    34.6562      16767         22  0.000e+00
    302.058     1.9395   3.058856     1.9403   3.059077    4.34055    -0.0857    13.8155 0.0000e+00  -61.12500  -58.09183 1152588340 192.142843    34.6559      16768         22  0.000e+00
    301.943     1.9399   3.058856     1.9405   3.059101    4.34046    -0.0964    13.8155 0.0000e+00  -61.12500  -58.09183 1152588340 192.142843    34.6556      16769         22  0.000e+00
    302.058     1.9400   3.058907     1.9405   3.059131    4.34049    -0.0642    13.8155 0.0000e+00  -61.12500  -58.09183 1152588340 192.142844    34.6560      16770         22  0.000e+00
    302.135     1.9402   3.058942     1.9411   3.059143    4.34051    -0.1072    13.8155 0.0000e+00  -61.12500  -58.09183 1152588340 192.142844    34.6562      16771         22  0.000e+00
    302.087     1.9402   3.058876     1.9414   3.059197    4.34051    -0.1395    13.8155 0.0000e+00  -61.12500  -58.09183 1152588340 192.142845    34.6554      16772         22  0.000e+00
    302.135     1.9399   3.058839     1.9416   3.059203    4.34058    -0.0749    13.8155 0.0000e+00  -61.12500  -58.09183 1152588340 192.142845    34.6553      16773         22  0.000e+00
    302.202     1.9397   3.058900     1.9417   3.059239    4.34061    -0.0642    13.8155 0.0000e+00  -61.12500  -58.09183 1152588340 192.142846    34.6562      16774         22  0.000e+00
    302.154     1.9405   3.058887     1.9419   3.059275    4.34052    -0.0426    13.8155 0.0000e+00  -61.12500  -58.09183 1152588340 192.142846    34.6552      16775         22  0.000e+00
    302.269     1.9399   3.058911     1.9416   3.059263    4.34063    -0.0534    13.8155 0.0000e+00  -61.12500  -58.09183 1152588340 192.142847    34.6561      16776         22  0.000e+00
    302.202     1.9403   3.058925     1.9422   3.059233    4.34055    -0.0964    13.8155 0.0000e+00  -61.12500  -58.09183 1152588340 192.142847    34.6558      16777         22  0.000e+00
    302.298     1.9400   3.058894     1.9419   3.059245    4.34064    -0.1072    13.8155 0.0000e+00  -61.12500  -58.09183 1152588340 192.142848    34.6557      16778         22  0.000e+00
    302.345     1.9400   3.058914     1.9417   3.059233    4.34066    -0.1072    13.8155 0.0000e+00  -61.12500  -58.09183 1152588341 192.142848    34.6559      16779         22  0.000e+00
    302.269     1.9406   3.058976     1.9420   3.059245    4.34054    -0.0749    13.8155 0.0000e+00  -61.12500  -58.09183 1152588341 192.142849    34.6561      16780         22  0.000e+00
    302.365     1.9408   3.058976     1.9427   3.059311    4.34058    -0.0749    13.8155 0.0000e+00  -61.12500  -58.09183 1152588341 192.142849    34.6559      16781         22  0.000e+00
    302.413     1.9410   3.058997     1.9420   3.059299    4.34059    -0.0642    13.8155 0.0000e+00  -61.12500  -58.09183 1152588341 192.142850    34.6559      16782         22  0.000e+00
    302.413     1.9411   3.058997     1.9420   3.059305    4.34058    -0.0749    13.8155 0.0000e+00  -61.12500  -58.09183 1152588341 192.142850    34.6557      16783         22  0.000e+00
    302.441     1.9411   3.058997     1.9417   3.059287    4.34059    -0.0534    13.8155 0.0000e+00  -61.12500  -58.09183 1152588341 192.142851    34.6557      16784         22  0.000e+00
    302.413     1.9414   3.058976     1.9425   3.059263    4.34056    -0.0964    13.8155 0.0000e+00  -61.12500  -58.09183 1152588341 192.142851    34.6551      16785         22  0.000e+00
    302.480     1.9408   3.058980     1.9422   3.059275    4.34065    -0.1072    13.8155 0.0000e+00  -61.12500  -58.09183 1152588341 192.142852    34.6558      16786         22  0.000e+00
    302.508     1.9408   3.058993     1.9416   3.059281    4.34066    -0.1180    13.8155 0.0000e+00  -61.12500  -58.09183 1152588341 192.142852    34.6560      16787         22  0.000e+00
    302.556     1.9410   3.058976     1.9419   3.059305    4.34068    -0.1072    13.8155 0.0000e+00  -61.12500  -58.09183 1152588341 192.142853    34.6556      16788         22  0.000e+00
    302.480     1.9406   3.058973     1.9417   3.059269    4.34067    -0.0534    13.8155 0.0000e+00  -61.12500  -58.09183 1152588341 192.142853    34.6559      16789         22  0.000e+00
    302.585     1.9406   3.058952     1.9420   3.059299    4.34074    -0.0642    13.8155 0.0000e+00  -61.12500  -58.09183 1152588341 192.142853    34.6556      16790         22  0.000e+00
    302.623     1.9405   3.058952     1.9420   3.059311    4.34078    -0.0749    13.8155 0.0000e+00  -61.12500  -58.09183 1152588341 192.142854    34.6557      16791         22  0.000e+00
    302.556     1.9403   3.058966     1.9419   3.059293    4.34074    -0.1287    13.8155 0.0000e+00  -61.12500  -58.09183 1152588341 192.142854    34.6561      16792         22  0.000e+00
    302.652     1.9409   3.058952     1.9424   3.059287    4.34076    -0.1180    13.8155 0.0000e+00  -61.12500  -58.09183 1152588341 192.142855    34.6553      16793         22  0.000e+00
    302.700     1.9405   3.058949     1.9419   3.059257    4.34082    -0.1180    13.8155 0.0000e+00  -61.12500  -58.09183 1152588341 192.142855    34.6557      16794         22  0.000e+00
    302.652     1.9405   3.058952     1.9420   3.059299    4.34079    -0.1180    13.8155 0.0000e+00  -61.12500  -58.09183 1152588341 192.142856    34.6557      16795         22  0.000e+00
    302.700     1.9402   3.058966     1.9423   3.059293    4.34084    -0.0964    13.8155 0.0000e+00  -61.12500  -58.09183 1152588341 192.142856    34.6562      16796         22  0.000e+00
    302.767     1.9408   3.058952     1.9420   3.059305    4.34084    -0.0857    13.8155 0.0000e+00  -61.12500  -58.09183 1152588341 192.142857    34.6553      16797         22  0.000e+00
    302.719     1.9406   3.059000     1.9422   3.059293    4.34080    -0.0857    13.8155 0.0000e+00  -61.12500  -58.09183 1152588341 192.142857    34.6561      16798         22  0.000e+00
    302.767     1.9408   3.059011     1.9420   3.059323    4.34081    -0.0749    13.8155 0.0000e+00  -61.12500  -58.09183 1152588341 192.142858    34.6561      16799         22  0.000e+00
    302.767     1.9405   3.058997     1.9423   3.059317    4.34085    -0.0426    13.8155 0.0000e+00  -61.12500  -58.09183 1152588341 192.142858    34.6562      16800         22  0.000e+00
    302.652     1.9411   3.059014     1.9425   3.059293    4.34071    -0.0642    13.8155 0.0000e+00  -61.12500  -58.09183 1152588341 192.142859    34.6558      16801         22  0.000e+00
    302.910     1.9405   3.059000     1.9422   3.059306    4.34093    -0.0749    13.8155 0.0000e+00  -61.12500  -58.09183 1152588341 192.142859    34.6562      16802         22  0.000e+00
    302.834     1.9411   3.058997     1.9419   3.059311    4.34083    -0.0642    13.8155 0.0000e+00  -61.12500  -58.09183 1152588342 192.142860    34.6555      16803         22  0.000e+00
    302.795     1.9406   3.059021     1.9419   3.059293    4.34084    -0.0642    13.8155 0.0000e+00  -61.12500  -58.09183 1152588342 192.142860    34.6563      16804         22  0.000e+00
    302.834     1.9408   3.059004     1.9417   3.059263    4.34086    -0.0749    13.8155 0.0000e+00  -61.12500  -58.09183 1152588342 192.142861    34.6559      16805         22  0.000e+00
    302.910     1.9406   3.059014     1.9414   3.059227    4.34091    -0.0749    13.8155 0.0000e+00  -61.12500  -58.09183 1152588342 192.142861    34.6562      16806         22  0.000e+00
    302.862     1.9405   3.059000     1.9416   3.059269    4.34090    -0.0426    13.8155 0.0000e+00  -61.12500  -58.09183 1152588342 192.142862    34.6562      16807         22  0.000e+00
    302.910     1.9410   3.059021     1.9417   3.059221    4.34088    -0.0964    13.8155 0.0000e+00  -61.12500  -58.09183 1152588342 192.142862    34.6559      16808         22  0.000e+00
    302.834     1.9418   3.059042     1.9414   3.059239    4.34076    -0.0964    13.8155 0.0000e+00  -61.12500  -58.09183 1152588342 192.142863    34.6554      16809         22  0.000e+00
    302.929     1.9414   3.059045     1.9411   3.059215    4.34084    -0.0749    13.8155 0.0000e+00  -61.12500  -58.09183 1152588342 192.142863    34.6557      16810         22  0.000e+00
    302.910     1.9418   3.059045     1.9416   3.059239    4.34080    -0.0211    13.8155 0.0000e+00  -61.12500  -58.09183 1152588342 192.142864    34.6554      16811         22  0.000e+00
    302.977     1.9410   3.059025     1.9416   3.059251    4.34092    -0.0642    13.8155 0.0000e+00  -61.12500  -58.09183 1152588342 192.142864    34.6559      16812         22  0.000e+00
    302.929     1.9414   3.059011     1.9413   3.059251    4.34086    -0.0319    13.8155 0.0000e+00  -61.12500  -58.09183 1152588342 192.142865    34.6553      16813         22  0.000e+00
    302.020     1.9405   3.058928     1.9414   3.059203    4.34042    -0.0426    13.8155 0.0000e+00  -61.12500  -58.09183 1152588351 192.142973    34.6558      17038         23  0.000e+00
    302.135     1.9403   3.058942     1.9422   3.059257    4.34050    -0.0426    13.8155 0.0000e+00  -61.12500  -58.09183 1152588351 192.142974    34.6561      17039         23  0.000e+00
    301.991     1.9406   3.058928     1.9416   3.059263    4.34039    -0.0642    13.8155 0.0000e+00  -61.12500  -58.09183 1152588351 192.142974    34.6556      17040         23  0.000e+00
    302.087     1.9403   3.058942     1.9419   3.059257    4.34047    -0.0319    13.8155 0.0000e+00  -61.12500  -58.09183 1152588351 192.142975    34.6561      17041         23  0.000e+00
    302.135     1.9406   3.058973     1.9424   3.059251    4.34047    -0.0104    13.8155 0.0000e+00  -61.12500  -58.09183 1152588352 192.142975    34.6562      17042         23  0.000e+00
    302.269     1.9406   3.058973     1.9413   3.059251    4.34054    -0.0319    13.8155 0.0000e+00  -61.12500  -58.09183 1152588352 192.142976    34.6560      17043         23  0.000e+00
    302.154     1.9406   3.058973     1.9420   3.059233    4.34047    -0.0426    13.8155 0.0000e+00  -61.12500  -58.09183 1152588352 192.142976    34.6561      17044         23  0.000e+00
    302.202     1.9408   3.058952     1.9416   3.059263    4.34049    -0.0534    13.8155 0.0000e+00  -61.12500  -58.09183 1152588352 192.142976    34.6557      17045         23  0.000e+00
    302.269     1.9413   3.058983     1.9417   3.059239    4.34048    -0.0749    13.8155 0.0000e+00  -61.12500  -58.09183 1152588352 192.142977    34.6555      17046         23  0.000e+00
    302.298     1.9416   3.059004     1.9422   3.059245    4.34046    -0.0426    13.8155 0.0000e+00  -61.12500  -58.09183 1152588352 192.142977    34.6554      17047         23  0.000e+00
    302.269     1.9406   3.059017     1.9417   3.059275    4.34052    -0.0642    13.8155 0.0000e+00  -61.12500  -58.09183 1152588352 192.142978    34.6566      17048         23  0.000e+00
    302.345     1.9410   3.058966     1.9422   3.059281    4.34056    -0.0642    13.8155 0.0000e+00  -61.12500  -58.09183 1152588352 192.142978    34.6556      17049         23  0.000e+00
    302.298     1.9408   3.058983     1.9417   3.059287    4.34054    -0.0749    13.8155 0.0000e+00  -61.12500  -58.09183 1152588352 192.142979    34.6560      17050         23  0.000e+00
    302.345     1.9410   3.058966     1.9420   3.059257    4.34056    -0.0964    13.8155 0.0000e+00  -61.12500  -58.09183 1152588352 192.142979    34.6556      17051         23  0.000e+00
    302.412     1.9408   3.058949     1.9420   3.059251    4.34062    -0.0642    13.8155 0.0000e+00  -61.12500  -58.09183 1152588352 192.142980    34.6555      17052         23  0.000e+00
    302.441     1.9406   3.058983     1.9417   3.059257    4.34064    -0.0642    13.8155 0.0000e+00  -61.12500  -58.09183 1152588352 192.142980    34.6561      17053         23  0.000e+00
    302.412     1.9410   3.058997     1.9420   3.059251    4.34059    -0.0857    13.8155 0.0000e+00  -61.12500  -58.09183 1152588352 192.142981    34.6559      17054         23  0.000e+00
    302.412     1.9411   3.059021     1.9417   3.059275    4.34510    -0.1072    13.8155 0.0000e+00  -61.12500  -58.09183 1152588352 192.142981    34.6560      17055         23  0.000e+00
    302.508     1.9408   3.059042     1.9416   3.059263    4.34065    -0.0642    13.8155 0.0000e+00  -61.12500  -58.09183 1152588352 192.142982    34.6566      17056         23  0.000e+00
    302.412     1.9413   3.058990     1.9422   3.059275    4.34056    -0.0426    13.8155 0.0000e+00  -61.12500  -58.09183 1152588352 192.142982    34.6555      17057         23  0.000e+00
    302.479     1.9413   3.059007     1.9420   3.059305    4.34060    -0.0426    13.8155 0.0000e+00  -61.12500  -58.09183 1152588352 192.142983    34.6556      17058         23  0.000e+00
    302.508     1.9414   3.059000     1.9419   3.059293    4.34061    -0.0534    13.8155 0.0000e+00  -61.12500  -58.09183 1152588352 192.142983    34.6554      17059         23  0.000e+00
    302.556     1.9413   3.059004     1.9419   3.059233    4.34065    -0.0749    13.8155 0.0000e+00  -61.12500  -58.09183 1152588352 192.142984    34.6556      17060         23  0.000e+00
    302.479     1.9408   3.058980     1.9417   3.059245    4.34065    -0.1180    13.8155 0.0000e+00  -61.12500  -58.09183 1152588352 192.142984    34.6558      17061         23  0.000e+00
    302.585     1.9411   3.059045     1.9423   3.059275    4.34066    -0.0964    13.8155 0.0000e+00  -61.12500  -58.09183 1152588352 192.142985    34.6562      17062         23  0.000e+00
    302.556     1.9412   3.059052     1.9420   3.059281    4.34517    -0.1287    13.8155 0.0000e+00  -61.12500  -58.09183 1152588352 192.142985    34.6563      17063         23  0.000e+00
    302.556     1.9416   3.059035     1.9416   3.059281    4.34061    -0.0534    13.8155 0.0000e+00  -61.12500  -58.09183 1152588352 192.142986    34.6556      17064         23  0.000e+00
    302.585     1.9414   3.059042     1.9422   3.059263    4.34516    -0.0426    13.8155 0.0000e+00  -61.12500  -58.09183 1152588352 192.142986    34.6559      17065         23  0.000e+00
