product_data/regression_test/downloaded_data/MDGS/320620060703/ctd/p6608402.ros
* Sea-Bird SBE 9 Data File:
* FileName = D:\Data\Raw\P6608402.dat
* Software Version Seasave Win32 V 5.32
* Temperature SN = 1649
* Conductivity SN = 1431
* Number of Bytes Per Scan = 37
* Number of Voltage Words = 5
* Number of Scans Averaged by the Deck Unit = 1
* NMEA Latitude = 61 43.32 S
* NMEA Longitude = 057 38.91 W
* NMEA UTC (Time) = 01:24:49
** Ship:   Nathaniel B. Palmer 
** Cruise:    NBP0603 p0606
** Cast #: 02
** Station:   84
** Operator: 
# nquan = 17
# nvalues = 1168                    
# units = specified
# name 0 = prDM: Pressure, Digiquartz [db]
# name 1 = t090C: Temperature [ITS-90, deg C]
# name 2 = c0S/m: Conductivity [S/m]
# name 3 = t190C: Temperature, 2 [ITS-90, deg C]
# name 4 = c1S/m: Conductivity, 2 [S/m]
# name 5 = sbeox0ML/L: Oxygen, SBE 43 [ml/l]
# name 6 = flECO-AFL: Fluorescence, Wetlab ECO-AFL/FL [mg/m^3]
# name 7 = bat: Beam Attenuation, Chelsea/Seatech/Wetlab CStar [1/m]
# name 8 = spar: SPAR/Surface Irradiance
# name 9 = latitude: Latitude [deg]
# name 10 = longitude: Longitude [deg]
# name 11 = timeY: Time, System [seconds]
# name 12 = timeJ: Julian Days
# name 13 = sal00: Salinity [PSU]
# name 14 = scan: scan number
# name 15 = nbf: number of bottles fired
# name 16 = flag:  0.000e+00
# interval = seconds: 0.0416667                   
# start_time = Jul 10 2006 01:24:57
*END*
[from data line 426]
    123.778    -0.5262   2.807561    -0.5280   2.807615    7.22433     0.0112    13.8155 0.0000e+00  -61.72200  -57.64850 1152495602 191.069489    34.2368      21765          9  0.000e+00
    123.836    -0.5257   2.807610    -0.5277   2.807633    7.22429    -0.0104    13.8155 0.0000e+00  -61.72200  -57.64850 1152495602 191.069489    34.2369      21766          9  0.000e+00
    123.759    -0.5257   2.807627    -0.5271   2.807638    7.22420     0.0327    13.8155 0.0000e+00  -61.72200  -57.64850 1152495602 191.069490    34.2372      21767          9  0.000e+00
    123.845    -0.5259   2.807574    -0.5272   2.807679    7.22434     0.0865    13.8155 0.0000e+00  -61.72200  -57.64850 1152495602 191.069490    34.2366      21768          9  0.000e+00
    123.836    -0.5259   2.807527    -0.5263   2.807697    7.21966     0.0542    13.8155 0.0000e+00  -61.72200  -57.64850 1152495602 191.069491    34.2360      21769          9  0.000e+00
    123.903    -0.5265   2.807478    -0.5260   2.807749    7.21985    -0.0104    13.8155 0.0000e+00  -61.72200  -57.64850 1152495602 191.069491    34.2360      21770          9  0.000e+00
    123.845    -0.5265   2.807468    -0.5257   2.807772    7.22450    -0.0319    13.8155 0.0000e+00  -61.72200  -57.64850 1152495603 191.069492    34.2359      21771          9  0.000e+00
    123.970    -0.5248   2.807643    -0.5237   2.808046    7.22427    -0.0104    13.8155 0.0000e+00  -61.72200  -57.64850 1152495603 191.069497    34.2362      21783         10  0.000e+00
    124.123    -0.5252   2.807677    -0.5232   2.808069    7.22446     0.0004    13.8155 0.0000e+00  -61.72200  -57.64850 1152495603 191.069498    34.2371      21784         10  0.000e+00
    124.113    -0.5249   2.807643    -0.5226   2.808145    7.22443    -0.0319    13.8155 0.0000e+00  -61.72200  -57.64850 1152495603 191.069498    34.2363      21785         10  0.000e+00
    124.046    -0.5251   2.807610    -0.5221   2.808232    7.22441    -0.0211    13.8155 0.0000e+00  -61.72200  -57.64850 1152495603 191.069499    34.2361      21786         10  0.000e+00
    124.046    -0.5251   2.807604    -0.5214   2.808273    7.22442     0.0434    13.8155 0.0000e+00  -61.72200  -57.64850 1152495603 191.069499    34.2360      21787         10  0.000e+00
    124.199    -0.5252   2.807687    -0.5215   2.808337    7.22453     0.0434    13.8155 0.0000e+00  -61.72200  -57.64850 1152495603 191.069500    34.2372      21788         10  0.000e+00
    124.180    -0.5245   2.807769    -0.5203   2.808378    7.22435     0.0112    13.8155 0.0000e+00  -61.72200  -57.64850 1152495603 191.069500    34.2374      21789         10  0.000e+00
    123.970    -0.5242   2.807869    -0.5208   2.808389    7.22873     0.0004    13.8155 0.0000e+00  -61.72200  -57.64850 1152495603 191.069501    34.2386      21790         10  0.000e+00
    124.266    -0.5240   2.807928    -0.5199   2.808424    7.22897    -0.0104    13.8155 0.0000e+00  -61.72200  -57.64850 1152495603 191.069501    34.2390      21791         10  0.000e+00
    124.256    -0.5228   2.807995    -0.5197   2.808442    7.22403     0.0004    13.8155 0.0000e+00  -61.72200  -57.64850 1152495603 191.069502    34.2385      21792         10  0.000e+00
    124.180    -0.5222   2.808074    -0.5194   2.808459    7.22381     0.0004    13.8155 0.0000e+00  -61.72200  -57.64850 1152495603 191.069502    34.2389      21793         10  0.000e+00
    124.199    -0.5209   2.808097    -0.5199   2.808448    7.22364     0.0112    13.8155 0.0000e+00  -61.72200  -57.64850 1152495604 191.069503    34.2378      21794         10  0.000e+00
    124.256    -0.5214   2.808101    -0.5204   2.808424    7.22376     0.0219    13.8155 0.0000e+00  -61.72200  -57.64850 1152495604 191.069503    34.2384      21795         10  0.000e+00
    124.180    -0.5213   2.808081    -0.5209   2.808314    7.22369    -0.0104    13.8155 0.0000e+00  -61.72200  -57.64850 1152495604 191.069504    34.2381      21796         10  0.000e+00
    124.266    -0.5215   2.807988    -0.5217   2.808238    7.22386     0.0219    13.8155 0.0000e+00  -61.72200  -57.64850 1152495604 191.069504    34.2370      21797         10  0.000e+00
    124.323    -0.5223   2.807965    -0.5222   2.808209    7.22405     0.0327    13.8155 0.0000e+00  -61.72200  -57.64850 1152495604 191.069505    34.2375      21798         10  0.000e+00
    124.257    -0.5214   2.808081    -0.5221   2.808238    7.22377     0.0219    13.8155 0.0000e+00  -61.72200  -57.64850 1152495604 191.069505    34.2381      21799         10  0.000e+00
    124.266    -0.5209   2.808220    -0.5226   2.808174    7.22362     0.0219    13.8155 0.0000e+00  -61.72200  -57.64850 1152495604 191.069506    34.2394      21800         10  0.000e+00
    124.323    -0.5201   2.808260    -0.5215   2.808226    7.22354     0.0327    13.8155 0.0000e+00  -61.72200  -57.64850 1152495604 191.069506    34.2391      21801         10  0.000e+00
    124.323    -0.5197   2.808289    -0.5209   2.808331    7.22816     0.0112    13.8155 0.0000e+00  -61.72200  -57.64850 1152495604 191.069507    34.2390      21802         10  0.000e+00
    124.343    -0.5198   2.808283    -0.5206   2.808419    7.22821    -0.0104    13.8155 0.0000e+00  -61.72200  -57.64850 1152495604 191.069507    34.2390      21803         10  0.000e+00
    124.323    -0.5197   2.808283    -0.5200   2.808459    7.22817    -0.0319    13.8155 0.0000e+00  -61.72200  -57.64850 1152495604 191.069508    34.2389      21804         10  0.000e+00
    124.390    -0.5200   2.808329    -0.5200   2.808465    7.22824    -0.0104    13.8155 0.0000e+00  -61.72200  -57.64850 1152495604 191.069508    34.2398      21805         10  0.000e+00
    124.323    -0.5194   2.808346    -0.5200   2.808448    7.22808     0.0112    13.8155 0.0000e+00  -61.72200  -57.64850 1152495604 191.069509    34.2394      21806         10  0.000e+00
    124.409    -0.5191   2.808326    -0.5203   2.808419    7.22813     0.0434    13.8155 0.0000e+00  -61.72200  -57.64850 1152495604 191.069509    34.2387      21807         10  0.000e+00
    124.390    -0.5189   2.808276    -0.5204   2.808430    7.22812     0.0219    13.8155 0.0000e+00  -61.72200  -57.64850 1152495604 191.069510    34.2378      21808         10  0.000e+00
    124.324    -0.5194   2.808256    -0.5203   2.808442    7.22814     0.0112    13.8155 0.0000e+00  -61.72200  -57.64850 1152495604 191.069510    34.2382      21809         10  0.000e+00
    124.409    -0.5197   2.808220    -0.5204   2.808401    7.23300    -0.0104    13.8155 0.0000e+00  -61.72200  -57.64850 1152495604 191.069511    34.2379      21810         10  0.000e+00
    124.390    -0.5198   2.808164    -0.5214   2.808349    7.22833     0.0112    13.8155 0.0000e+00  -61.72200  -57.64850 1152495604 191.069511    34.2374      21811         10  0.000e+00
    124.390    -0.5215   2.808041    -0.5217   2.808273    7.22866     0.0112    13.8155 0.0000e+00  -61.72200  -57.64850 1152495604 191.069511    34.2376      21812         10  0.000e+00
    124.410    -0.5215   2.808008    -0.5229   2.808192    7.22870     0.0112    13.8155 0.0000e+00  -61.72200  -57.64850 1152495604 191.069512    34.2372      21813         10  0.000e+00
    124.390    -0.5211   2.807978    -0.5232   2.808069    7.22863     0.0112    13.8155 0.0000e+00  -61.72200  -57.64850 1152495604 191.069512    34.2363      21814         10  0.000e+00
    124.467    -0.5217   2.807928    -0.5240   2.808023    7.22884     0.0112    13.8155 0.0000e+00  -61.72200  -57.64850 1152495604 191.069513    34.2363      21815         10  0.000e+00
    124.343    -0.5223   2.807899    -0.5237   2.808034    7.22882    -0.0211    13.8155 0.0000e+00  -61.72200  -57.64850 1152495604 191.069513    34.2366      21816         10  0.000e+00
    124.467    -0.5229   2.807829    -0.5232   2.808023    7.23379    -0.0104    13.8155 0.0000e+00  -61.72200  -57.64850 1152495604 191.069514    34.2363      21817         10  0.000e+00
    124.391    -0.5242   2.807769    -0.5234   2.808052    7.23393     0.0219    13.8155 0.0000e+00  -61.72200  -57.64850 1152495605 191.069514    34.2370      21818         10  0.000e+00
    124.410    -0.5246   2.807710    -0.5232   2.808069    7.23406     0.0112    13.8155 0.0000e+00  -61.72200  -57.64850 1152495605 191.069515    34.2367      21819         10  0.000e+00
    124.391    -0.5246   2.807746    -0.5232   2.808087    7.23401     0.0434    13.8155 0.0000e+00  -61.72200  -57.64850 1152495605 191.069515    34.2372      21820         10  0.000e+00
    124.391    -0.5240   2.807879    -0.5237   2.808052    7.23383    -0.0104    13.8155 0.0000e+00  -61.72200  -57.64850 1152495605 191.069516    34.2383      21821         10  0.000e+00
    124.343    -0.5232   2.808001    -0.5234   2.808075    7.23359     0.0112    13.8155 0.0000e+00  -61.72200  -57.64850 1152495605 191.069516    34.2391      21822         10  0.000e+00
    124.391    -0.5228   2.808034    -0.5237   2.808093    7.23355     0.0434    13.8155 0.0000e+00  -61.72200  -57.64850 1152495605 191.069517    34.2390      21823         10  0.000e+00
    124.391    -0.5228   2.808048    -0.5231   2.808093    7.23354     0.0542    13.8155 0.0000e+00  -61.72200  -57.64850 1152495605 191.069517    34.2392      21824         10  0.000e+00
    124.343    -0.5215   2.808018    -0.5234   2.808075    7.23333     0.0542    13.8155 0.0000e+00  -61.72200  -57.64850 1152495605 191.069518    34.2374      21825         10  0.000e+00
    124.324    -0.5220   2.808011    -0.5229   2.808087    7.23339     0.0434    13.8155 0.0000e+00  -61.72200  -57.64850 1152495605 191.069518    34.2378      21826         10  0.000e+00
    124.391    -0.5224   2.807975    -0.5234   2.808110    7.23354     0.0112    13.8155 0.0000e+00  -61.72200  -57.64850 1152495605 191.069519    34.2378      21827         10  0.000e+00
    124.257    -0.5223   2.807961    -0.5231   2.808122    7.23340    -0.0534    13.8155 0.0000e+00  -61.72200  -57.64850 1152495605 191.069519    34.2375      21828         10  0.000e+00
    124.343    -0.5225   2.807981    -0.5231   2.808122    7.23349    -0.0426    13.8155 0.0000e+00  -61.72200  -57.64850 1152495605 191.069520    34.2379      21829         10  0.000e+00
    124.324    -0.5222   2.808001    -0.5231   2.808139    7.23342     0.0219    13.8155 0.0000e+00  -61.72200  -57.64850 1152495605 191.069520    34.2379      21830         10  0.000e+00
    124.257    -0.5223   2.807971    -0.5229   2.808145    7.23339     0.0434    13.8155 0.0000e+00  -61.72200  -57.64850 1152495605 191.069521    34.2377      21831         10  0.000e+00
    100.272    -0.5367   2.804018    -0.5347   2.804425    7.37827     0.0219    13.8155 0.0000e+00  -61.72200  -57.64850 1152495674 191.070319    34.2155      23486         11  0.000e+00
    100.205    -0.5370   2.803988    -0.5348   2.804414    7.37827     0.0650    13.8155 0.0000e+00  -61.72200  -57.64850 1152495674 191.070319    34.2155      23487         11  0.000e+00
    100.272    -0.5374   2.803988    -0.5352   2.804414    7.37839     0.0865    13.8155 0.0000e+00  -61.72200  -57.64850 1152495674 191.070320    34.2158      23488         11  0.000e+00
    100.205    -0.5372   2.803965    -0.5340   2.804478    7.37831     0.0542    13.8155 0.0000e+00  -61.72200  -57.64850 1152495674 191.070320    34.2154      23489         11  0.000e+00
    100.129    -0.5372   2.803965    -0.5314   2.804693    7.37823     0.0434    13.8155 0.0000e+00  -61.72200  -57.64850 1152495674 191.070321    34.2154      23490         11  0.000e+00
    100.272    -0.5371   2.803958    -0.5292   2.804995    7.37837     0.0434    13.8155 0.0000e+00  -61.72200  -57.64850 1152495674 191.070321    34.2151      23491         11  0.000e+00
    100.129    -0.5375   2.804001    -0.5279   2.805129    7.38295     0.0542    13.8155 0.0000e+00  -61.72200  -57.64850 1152495674 191.070322    34.2162      23492         11  0.000e+00
    100.129    -0.5367   2.804021    -0.5279   2.805176    7.38282     0.0650    13.8155 0.0000e+00  -61.72200  -57.64850 1152495674 191.070322    34.2156      23493         11  0.000e+00
    100.167    -0.5368   2.804051    -0.5265   2.805205    7.38285     0.0650    13.8155 0.0000e+00  -61.72200  -57.64850 1152495674 191.070323    34.2161      23494         11  0.000e+00
    100.205    -0.5366   2.804061    -0.5268   2.805222    7.38285     0.0650    13.8155 0.0000e+00  -61.72200  -57.64850 1152495674 191.070323    34.2159      23495         11  0.000e+00
    100.129    -0.5366   2.804117    -0.5271   2.805193    7.38273     0.0219    13.8155 0.0000e+00  -61.72200  -57.64850 1152495674 191.070324    34.2168      23496         11  0.000e+00
    100.129    -0.5358   2.804164    -0.5277   2.805123    7.38259     0.0434    13.8155 0.0000e+00  -61.72200  -57.64850 1152495674 191.070324    34.2165      23497         11  0.000e+00
    100.062    -0.5352   2.804263    -0.5282   2.805094    7.37766     0.0327    13.8155 0.0000e+00  -61.72200  -57.64850 1152495674 191.070325    34.2172      23498         11  0.000e+00
    100.129    -0.5352   2.804286    -0.5271   2.805199    7.37772     0.0327    13.8155 0.0000e+00  -61.72200  -57.64850 1152495675 191.070325    34.2174      23499         11  0.000e+00
    100.062    -0.5341   2.804392    -0.5257   2.805356    7.38211     0.0650    13.8155 0.0000e+00  -61.72200  -57.64850 1152495675 191.070326    34.2177      23500         11  0.000e+00
    100.129    -0.5338   2.804475    -0.5240   2.805508    7.38208     0.0327    13.8155 0.0000e+00  -61.72200  -57.64850 1152495675 191.070326    34.2185      23501         11  0.000e+00
    100.062    -0.5330   2.804577    -0.5238   2.805531    7.38183     0.0112    13.8155 0.0000e+00  -61.72200  -57.64850 1152495675 191.070326    34.2190      23502         11  0.000e+00
    100.062    -0.5313   2.804637    -0.5254   2.805449    7.38153     0.0219    13.8155 0.0000e+00  -61.72200  -57.64850 1152495675 191.070327    34.2178      23503         11  0.000e+00
    100.034    -0.5307   2.804700    -0.5259   2.805403    7.38137     0.0219    13.8155 0.0000e+00  -61.72200  -57.64850 1152495675 191.070327    34.2180      23504         11  0.000e+00
     99.995    -0.5297   2.804766    -0.5265   2.805327    7.38115     0.0004    13.8155 0.0000e+00  -61.72200  -57.64850 1152495675 191.070328    34.2179      23505         11  0.000e+00
    100.062    -0.5294   2.804803    -0.5266   2.805269    7.38115     0.0112    13.8155 0.0000e+00  -61.72200  -57.64850 1152495675 191.070328    34.2180      23506         11  0.000e+00
     99.995    -0.5288   2.804859    -0.5268   2.805205    7.38095     0.0219    13.8155 0.0000e+00  -61.72200  -57.64850 1152495675 191.070329    34.2181      23507         11  0.000e+00
     99.995    -0.5285   2.804905    -0.5275   2.805152    7.38087     0.0219    13.8155 0.0000e+00  -61.72200  -57.64850 1152495675 191.070329    34.2183      23508         11  0.000e+00
     99.919    -0.5277   2.804938    -0.5271   2.805152    7.38066     0.0112    13.8155 0.0000e+00  -61.72200  -57.64850 1152495675 191.070330    34.2180      23509         11  0.000e+00
     99.996    -0.5268   2.805008    -0.5274   2.805141    7.38055     0.0327    13.8155 0.0000e+00  -61.72200  -57.64850 1152495675 191.070330    34.2178      23510         11  0.000e+00
     99.919    -0.5265   2.805031    -0.5271   2.805141    7.38041     0.0219    13.8155 0.0000e+00  -61.72200  -57.64850 1152495675 191.070331    34.2178      23511         11  0.000e+00
     99.919    -0.5262   2.805047    -0.5279   2.805152    7.38036     0.0004    13.8155 0.0000e+00  -61.72200  -57.64850 1152495675 191.070331    34.2177      23512         11  0.000e+00
     99.996    -0.5265   2.805021    -0.5274   2.805118    7.38049     0.0112    13.8155 0.0000e+00  -61.72200  -57.64850 1152495675 191.070332    34.2176      23513         11  0.000e+00
