product_data/regression_test/downloaded_data/MDGS/320620060703/ctd/p6609308.cnv
* Sea-Bird SBE 9 Data File:
* FileName = D:\Data\Raw\p6609308.dat
* Software Version Seasave Win32 V 5.32
* Temperature SN = 1649
* Conductivity SN = 1431
* Number of Bytes Per Scan = 37
* Number of Voltage Words = 5
* Number of Scans Averaged by the Deck Unit = 1
* NMEA Latitude = 61 07.50 S
* NMEA Longitude = 058 05.51 W
* NMEA UTC (Time) = 05:51:48
** Ship:   Nathaniel B. Palmer nbp
** Cruise:    NBP0606 nbp0606
# nquan = 15
# nvalues = 743                         
# units = specified
# name 0 = prDM: Pressure, Digiquartz [db]
# name 1 = t090C: Temperature [ITS-90, deg C]
# name 2 = c0S/m: Conductivity [S/m]
# name 3 = t190C: Temperature, 2 [ITS-90, deg C]
# name 4 = c1S/m: Conductivity, 2 [S/m]
# name 5 = sbeox0ML/L: Oxygen, SBE 43 [ml/l]
# name 6 = flECO-AFL: Fluorescence, Wetlab ECO-AFL/FL [mg/m^3]
# name 7 = bat: Beam Attenuation, Chelsea/Seatech/Wetlab CStar [1/m]
# name 8 = spar: SPAR/Surface Irradiance
# name 9 = latitude: Latitude [deg]
# name 10 = longitude: Longitude [deg]
# name 11 = timeY: Time, System [seconds]
# name 12 = timeJ: Julian Days
# name 13 = sal00: Salinity [PSU]
# name 14 = flag: flag
# span 0 =     11.000,    753.000       
# span 1 =    -0.7878,     1.9826       
# span 2 =   2.756617,   3.088368       
# span 3 =    -0.7906,     1.9837       
# span 4 =   2.758114,   3.067169       
# span 5 =    4.32475,    7.99918       
# span 6 =    -0.1022,     0.2678       
# span 7 =    13.8155,    13.8155       
# span 8 = 0.0000e+00, 0.0000e+00       
# span 9 =  -61.12500,  -61.12500       
# span 10 =  -58.09183,  -58.09183      
# span 11 = 1152597109, 1152598459      
# span 12 = 192.244341, 192.259956      
# span 13 =    33.9118,    38.3913      
# span 14 = 0.0000e+00, 0.0000e+00      
# interval = decibars: 1                
# start_time = Jul 11 2006 05:51:56
# bad_flag = -9.990e-29
*END*
[from data line 386]
    397.000     1.8940   3.061155     1.8950   3.061452    4.38485    -0.0774    13.8155 0.0000e+00  -61.12500  -58.09183 1152597800 192.252338    34.6808 0.0000e+00
    398.000     1.8951   3.061248     1.8959   3.061541    4.39172    -0.0681    13.8155 0.0000e+00  -61.12500  -58.09183 1152597804 192.252385    34.6801 0.0000e+00
    399.000     1.8938   3.061367     1.8951   3.061676    4.39327    -0.0740    13.8155 0.0000e+00  -61.12500  -58.09183 1152597805 192.252393    34.6825 0.0000e+00
    400.000     1.8945   3.061522     1.8956   3.061824    4.39341    -0.0819    13.8155 0.0000e+00  -61.12500  -58.09183 1152597806 192.252402    34.6831 0.0000e+00
    401.000     1.8949   3.061580     1.8957   3.061880    4.39311    -0.0718    13.8155 0.0000e+00  -61.12500  -58.09183 1152597806 192.252408    34.6828 0.0000e+00
    402.000     1.8949   3.061616     1.8959   3.061940    4.39379    -0.0659    13.8155 0.0000e+00  -61.12500  -58.09183 1152597807 192.252416    34.6827 0.0000e+00
    403.000     1.8964   3.061827     1.8974   3.062154    4.39311    -0.0789    13.8155 0.0000e+00  -61.12500  -58.09183 1152597807 192.252422    34.6833 0.0000e+00
    404.000     1.9001   3.062225     1.9007   3.062536    4.39371    -0.0654    13.8155 0.0000e+00  -61.12500  -58.09183 1152597808 192.252429    34.6834 0.0000e+00
    405.000     1.9034   3.062627     1.9035   3.062862    4.39396    -0.0563    13.8155 0.0000e+00  -61.12500  -58.09183 1152597809 192.252436    34.6842 0.0000e+00
    406.000     1.8988   3.062199     1.9003   3.062549    4.39275    -0.0669    13.8155 0.0000e+00  -61.12500  -58.09183 1152597812 192.252472    34.6835 0.0000e+00
    407.000     1.9090   3.063369     1.9112   3.063774    4.39748    -0.0649    13.8155 0.0000e+00  -61.12500  -58.09183 1152597813 192.252492    34.6861 0.0000e+00
    408.000     1.9119   3.063753     1.9127   3.064028    4.40613    -0.0667    13.8155 0.0000e+00  -61.12500  -58.09183 1152597816 192.252521    34.6872 0.0000e+00
    409.000     1.9126   3.063902     1.9136   3.064188    4.40927    -0.0745    13.8155 0.0000e+00  -61.12500  -58.09183 1152597817 192.252535    34.6879 0.0000e+00
    410.000     1.9156   3.064250     1.9166   3.064545    4.41034    -0.0709    13.8155 0.0000e+00  -61.12500  -58.09183 1152597818 192.252544    34.6883 0.0000e+00
    411.000     1.9147   3.064072     1.9154   3.064397    4.41476    -0.0686    13.8155 0.0000e+00  -61.12500  -58.09183 1152597819 192.252552    34.6878 0.0000e+00
    412.000     1.9107   3.063935     1.9117   3.064239    4.41521    -0.0743    13.8155 0.0000e+00  -61.12500  -58.09183 1152597819 192.252560    34.6887 0.0000e+00
    413.000     1.9091   3.063876     1.9101   3.064175    4.41563    -0.0817    13.8155 0.0000e+00  -61.12500  -58.09183 1152597820 192.252572    34.6892 0.0000e+00
    414.000     1.9080   3.063829     1.9090   3.064127    4.41608    -0.0841    13.8155 0.0000e+00  -61.12500  -58.09183 1152597822 192.252589    34.6893 0.0000e+00
    415.000     1.9074   3.063822     1.9084   3.064119    4.41605    -0.0751    13.8155 0.0000e+00  -61.12500  -58.09183 1152597823 192.252604    34.6894 0.0000e+00
    416.000     1.9070   3.063829     1.9078   3.064128    4.41613    -0.0654    13.8155 0.0000e+00  -61.12500  -58.09183 1152597824 192.252619    34.6894 0.0000e+00
    417.000     1.9060   3.063808     1.9069   3.064101    4.41689    -0.0789    13.8155 0.0000e+00  -61.12500  -58.09183 1152597826 192.252641    34.6896 0.0000e+00
    418.000     1.9057   3.063844     1.9067   3.064139    4.41980    -0.0719    13.8155 0.0000e+00  -61.12500  -58.09183 1152597828 192.252661    34.6899 0.0000e+00
    419.000     1.9053   3.063877     1.9063   3.064174    4.41848    -0.0612    13.8155 0.0000e+00  -61.12500  -58.09183 1152597829 192.252672    34.6901 0.0000e+00
    420.000     1.9048   3.063890     1.9059   3.064192    4.41822    -0.0532    13.8155 0.0000e+00  -61.12500  -58.09183 1152597830 192.252682    34.6902 0.0000e+00
    421.000     1.9038   3.063829     1.9046   3.064120    4.41875    -0.0664    13.8155 0.0000e+00  -61.12500  -58.09183 1152597831 192.252691    34.6901 0.0000e+00
    422.000     1.8999   3.063509     1.8988   3.063674    4.41947    -0.0732    13.8155 0.0000e+00  -61.12500  -58.09183 1152597832 192.252704    34.6897 0.0000e+00
    423.000     1.8829   3.062027     1.8830   3.062277    4.42071    -0.0728    13.8155 0.0000e+00  -61.12500  -58.09183 1152597833 192.252724    34.6897 0.0000e+00
    424.000     1.8784   3.061652     1.8794   3.061974    4.42125    -0.0722    13.8155 0.0000e+00  -61.12500  -58.09183 1152597835 192.252746    34.6893 0.0000e+00
    425.000     1.8795   3.061815     1.8804   3.062114    4.41876    -0.0741    13.8155 0.0000e+00  -61.12500  -58.09183 1152597837 192.252760    34.6895 0.0000e+00
    426.000     1.8794   3.061830     1.8799   3.062142    4.41820    -0.0762    13.8155 0.0000e+00  -61.12500  -58.09183 1152597838 192.252772    34.6891 0.0000e+00
    427.000     1.8742   3.061425     1.8751   3.061739    4.41961    -0.0775    13.8155 0.0000e+00  -61.12500  -58.09183 1152597839 192.252784    34.6894 0.0000e+00
    428.000     1.8733   3.061409     1.8742   3.061717    4.41991    -0.0688    13.8155 0.0000e+00  -61.12500  -58.09183 1152597840 192.252799    34.6895 0.0000e+00
    429.000     1.8733   3.061457     1.8742   3.061773    4.42058    -0.0692    13.8155 0.0000e+00  -61.12500  -58.09183 1152597841 192.252814    34.6895 0.0000e+00
    430.000     1.8734   3.061525     1.8743   3.061824    4.42083    -0.0675    13.8155 0.0000e+00  -61.12500  -58.09183 1152597842 192.252827    34.6896 0.0000e+00
    431.000     1.8737   3.061597     1.8745   3.061900    4.42105    -0.0636    13.8155 0.0000e+00  -61.12500  -58.09183 1152597843 192.252838    34.6896 0.0000e+00
    432.000     1.8734   3.061685     1.8744   3.061985    4.42117    -0.0789    13.8155 0.0000e+00  -61.12500  -58.09183 1152597844 192.252851    34.6903 0.0000e+00
    433.000     1.8714   3.061586     1.8722   3.061891    4.42550    -0.0791    13.8155 0.0000e+00  -61.12500  -58.09183 1152597846 192.252873    34.6907 0.0000e+00
    434.000     1.8728   3.061836     1.8740   3.062145    4.42871    -0.0603    13.8155 0.0000e+00  -61.12500  -58.09183 1152597848 192.252896    34.6917 0.0000e+00
    435.000     1.8763   3.062282     1.8775   3.062592    4.42813    -0.0809    13.8155 0.0000e+00  -61.12500  -58.09183 1152597849 192.252909    34.6928 0.0000e+00
    436.000     1.8800   3.062733     1.8808   3.063004    4.42953    -0.0791    13.8155 0.0000e+00  -61.12500  -58.09183 1152597850 192.252919    34.6937 0.0000e+00
    437.000     1.8813   3.062909     1.8819   3.063166    4.43036    -0.0851    13.8155 0.0000e+00  -61.12500  -58.09183 1152597851 192.252930    34.6939 0.0000e+00
    438.000     1.8819   3.063007     1.8828   3.063305    4.43139    -0.0707    13.8155 0.0000e+00  -61.12500  -58.09183 1152597852 192.252942    34.6940 0.0000e+00
    439.000     1.8803   3.062916     1.8817   3.063261    4.43231    -0.0637    13.8155 0.0000e+00  -61.12500  -58.09183 1152597854 192.252959    34.6941 0.0000e+00
    440.000     1.8801   3.062935     1.8812   3.063266    4.43209    -0.0781    13.8155 0.0000e+00  -61.12500  -58.09183 1152597855 192.252973    34.6939 0.0000e+00
    441.000     1.8801   3.062983     1.8810   3.063291    4.43256    -0.0803    13.8155 0.0000e+00  -61.12500  -58.09183 1152597856 192.252985    34.6939 0.0000e+00
    442.000     1.8714   3.062199     1.8725   3.062552    4.43330    -0.0638    13.8155 0.0000e+00  -61.12500  -58.09183 1152597857 192.253000    34.6933 0.0000e+00
    443.000     1.8653   3.061705     1.8663   3.062008    4.43402    -0.0754    13.8155 0.0000e+00  -61.12500  -58.09183 1152597859 192.253021    34.6934 0.0000e+00
    444.000     1.8655   3.061763     1.8664   3.062064    4.43417    -0.0683    13.8155 0.0000e+00  -61.12500  -58.09183 1152597860 192.253036    34.6932 0.0000e+00
    445.000     1.8661   3.061896     1.8670   3.062193    4.43461    -0.0667    13.8155 0.0000e+00  -61.12500  -58.09183 1152597861 192.253048    34.6937 0.0000e+00
    446.000     1.8649   3.061887     1.8659   3.062189    4.43496    -0.0813    13.8155 0.0000e+00  -61.12500  -58.09183 1152597862 192.253061    34.6943 0.0000e+00
    447.000     1.8672   3.062178     1.8680   3.062472    4.43845    -0.0782    13.8155 0.0000e+00  -61.12500  -58.09183 1152597864 192.253082    34.6948 0.0000e+00
    448.000     1.8664   3.062237     1.8674   3.062549    4.44304    -0.0600    13.8155 0.0000e+00  -61.12500  -58.09183 1152597867 192.253107    34.6958 0.0000e+00
    449.000     1.8655   3.062241     1.8663   3.062543    4.44474    -0.0752    13.8155 0.0000e+00  -61.12500  -58.09183 1152597868 192.253121    34.6962 0.0000e+00
    450.000     1.8629   3.062078     1.8638   3.062376    4.44609    -0.0783    13.8155 0.0000e+00  -61.12500  -58.09183 1152597869 192.253131    34.6965 0.0000e+00
    451.000     1.8630   3.062116     1.8638   3.062432    4.44704    -0.0959    13.8155 0.0000e+00  -61.12500  -58.09183 1152597869 192.253140    34.6964 0.0000e+00
    452.000     1.8631   3.062198     1.8640   3.062501    4.44713    -0.0669    13.8155 0.0000e+00  -61.12500  -58.09183 1152597870 192.253147    34.6967 0.0000e+00
    453.000     1.8635   3.062274     1.8644   3.062593    4.44715    -0.0716    13.8155 0.0000e+00  -61.12500  -58.09183 1152597871 192.253154    34.6967 0.0000e+00
    454.000     1.8640   3.062387     1.8648   3.062691    4.44639    -0.0759    13.8155 0.0000e+00  -61.12500  -58.09183 1152597871 192.253161    34.6969 0.0000e+00
    455.000     1.8646   3.062501     1.8654   3.062804    4.44521    -0.0607    13.8155 0.0000e+00  -61.12500  -58.09183 1152597872 192.253169    34.6971 0.0000e+00
    456.000     1.8645   3.062545     1.8654   3.062850    4.44622    -0.0653    13.8155 0.0000e+00  -61.12500  -58.09183 1152597876 192.253215    34.6971 0.0000e+00
    457.000     1.8647   3.062604     1.8658   3.062947    4.44974    -0.0738    13.8155 0.0000e+00  -61.12500  -58.09183 1152597879 192.253251    34.6971 0.0000e+00
    458.000     1.8662   3.062857     1.8670   3.063150    4.45300    -0.0588    13.8155 0.0000e+00  -61.12500  -58.09183 1152597880 192.253260    34.6981 0.0000e+00
    459.000     1.8668   3.062947     1.8674   3.063252    4.45334    -0.0606    13.8155 0.0000e+00  -61.12500  -58.09183 1152597880 192.253269    34.6980 0.0000e+00
    460.000     1.8675   3.063079     1.8682   3.063388    4.45332    -0.0865    13.8155 0.0000e+00  -61.12500  -58.09183 1152597881 192.253276    34.6983 0.0000e+00
    461.000     1.8684   3.063233     1.8693   3.063537    4.45332    -0.0799    13.8155 0.0000e+00  -61.12500  -58.09183 1152597882 192.253283    34.6986 0.0000e+00
    462.000     1.8699   3.063400     1.8704   3.063713    4.45272    -0.0521    13.8155 0.0000e+00  -61.12500  -58.09183 1152597882 192.253290    34.6985 0.0000e+00
    463.000     1.8711   3.063565     1.8716   3.063852    4.45127    -0.0866    13.8155 0.0000e+00  -61.12500  -58.09183 1152597883 192.253296    34.6987 0.0000e+00
    464.000     1.8719   3.063693     1.8724   3.063982    4.45081    -0.0607    13.8155 0.0000e+00  -61.12500  -58.09183 1152597884 192.253303    34.6988 0.0000e+00
    465.000     1.8706   3.063590     1.8711   3.063866    4.44987    -0.0751    13.8155 0.0000e+00  -61.12500  -58.09183 1152597888 192.253353    34.6985 0.0000e+00
    466.000     1.8705   3.063623     1.8704   3.063805    4.45152    -0.0709    13.8155 0.0000e+00  -61.12500  -58.09183 1152597891 192.253384    34.6985 0.0000e+00
    467.000     1.8760   3.064289     1.8771   3.064598    4.45224    -0.0663    13.8155 0.0000e+00  -61.12500  -58.09183 1152597891 192.253396    34.7001 0.0000e+00
    468.000     1.8805   3.064825     1.8814   3.065109    4.45251    -0.0736    13.8155 0.0000e+00  -61.12500  -58.09183 1152597892 192.253406    34.7012 0.0000e+00
    469.000     1.8826   3.065085     1.8834   3.065375    4.45272    -0.0669    13.8155 0.0000e+00  -61.12500  -58.09183 1152597893 192.253414    34.7016 0.0000e+00
    470.000     1.8823   3.065124     1.8831   3.065426    4.45376    -0.0778    13.8155 0.0000e+00  -61.12500  -58.09183 1152597894 192.253423    34.7019 0.0000e+00
    471.000     1.8806   3.065058     1.8814   3.065345    4.45372    -0.0757    13.8155 0.0000e+00  -61.12500  -58.09183 1152597895 192.253431    34.7024 0.0000e+00
    472.000     1.8797   3.065037     1.8806   3.065337    4.45429    -0.0613    13.8155 0.0000e+00  -61.12500  -58.09183 1152597895 192.253441    34.7026 0.0000e+00
    473.000     1.8797   3.065069     1.8806   3.065370    4.45500    -0.0610    13.8155 0.0000e+00  -61.12500  -58.09183 1152597897 192.253459    34.7025 0.0000e+00
    474.000     1.8797   3.065119     1.8804   3.065417    4.45540    -0.0668    13.8155 0.0000e+00  -61.12500  -58.09183 1152597899 192.253481    34.7026 0.0000e+00
    475.000     1.8777   3.065027     1.8785   3.065328    4.45548    -0.0728    13.8155 0.0000e+00  -61.12500  -58.09183 1152597900 192.253495    34.7031 0.0000e+00
    476.000     1.8764   3.064983     1.8773   3.065287    4.45608    -0.0770    13.8155 0.0000e+00  -61.12500  -58.09183 1152597901 192.253507    34.7035 0.0000e+00
    477.000     1.8763   3.065024     1.8771   3.065310    4.45790    -0.0892    13.8155 0.0000e+00  -61.12500  -58.09183 1152597903 192.253531    34.7035 0.0000e+00
    478.000     1.8758   3.065025     1.8764   3.065317    4.45981    -0.0784    13.8155 0.0000e+00  -61.12500  -58.09183 1152597906 192.253559    34.7035 0.0000e+00
    479.000     1.8738   3.064911     1.8747   3.065229    4.46027    -0.0707    13.8155 0.0000e+00  -61.12500  -58.09183 1152597907 192.253570    34.7038 0.0000e+00
    480.000     1.8735   3.064940     1.8742   3.065230    4.45944    -0.0798    13.8155 0.0000e+00  -61.12500  -58.09183 1152597907 192.253580    34.7039 0.0000e+00
    481.000     1.8711   3.064788     1.8717   3.065081    4.46037    -0.0881    13.8155 0.0000e+00  -61.12500  -58.09183 1152597908 192.253590    34.7042 0.0000e+00
    482.000     1.8687   3.064649     1.8694   3.064951    4.46162    -0.0748    13.8155 0.0000e+00  -61.12500  -58.09183 1152597909 192.253601    34.7046 0.0000e+00
    483.000     1.8679   3.064624     1.8686   3.064933    4.46262    -0.0626    13.8155 0.0000e+00  -61.12500  -58.09183 1152597910 192.253614    34.7045 0.0000e+00
    484.000     1.8659   3.064517     1.8667   3.064831    4.46531    -0.0719    13.8155 0.0000e+00  -61.12500  -58.09183 1152597912 192.253628    34.7049 0.0000e+00
    485.000     1.8657   3.064549     1.8664   3.064841    4.46499    -0.0856    13.8155 0.0000e+00  -61.12500  -58.09183 1152597913 192.253641    34.7049 0.0000e+00
    486.000     1.8657   3.064589     1.8666   3.064891    4.46467    -0.0836    13.8155 0.0000e+00  -61.12500  -58.09183 1152597914 192.253656    34.7048 0.0000e+00
    487.000     1.8649   3.064566     1.8655   3.064860    4.46462    -0.0623    13.8155 0.0000e+00  -61.12500  -58.09183 1152597916 192.253676    34.7047 0.0000e+00
    488.000     1.8628   3.064447     1.8637   3.064753    4.46585    -0.0783    13.8155 0.0000e+00  -61.12500  -58.09183 1152597918 192.253698    34.7050 0.0000e+00
    489.000     1.8628   3.064502     1.8638   3.064809    4.46664    -0.0740    13.8155 0.0000e+00  -61.12500  -58.09183 1152597919 192.253718    34.7051 0.0000e+00
    490.000     1.8629   3.064554     1.8638   3.064871    4.46507    -0.0675    13.8155 0.0000e+00  -61.12500  -58.09183 1152597921 192.253732    34.7050 0.0000e+00
    491.000     1.8630   3.064609     1.8639   3.064916    4.46508    -0.0683    13.8155 0.0000e+00  -61.12500  -58.09183 1152597922 192.253743    34.7051 0.0000e+00
