product_data/regression_test/downloaded_data/MDGS/320620060703/ctd/p6609401.ros
* Sea-Bird SBE 9 Data File:
* FileName = D:\Data\Raw\p6609401.dat
* Software Version Seasave Win32 V 5.32
* Temperature SN = 1649
* Conductivity SN = 1431
* Number of Bytes Per Scan = 37
* Number of Voltage Words = 5
* Number of Scans Averaged by the Deck Unit = 1
* NMEA Latitude = 60 59.99 S
* NMEA Longitude = 058 11.24 W
* NMEA UTC (Time) = 14:37:05
** Ship:   Nathaniel B. Palmer nbp
** Cruise:    NBP0606 nbp0606
# nquan = 17
# nvalues = 1176                    
# units = specified
# name 0 = prDM: Pressure, Digiquartz [db]
# name 1 = t090C: Temperature [ITS-90, deg C]
# name 2 = c0S/m: Conductivity [S/m]
# name 3 = t190C: Temperature, 2 [ITS-90, deg C]
# name 4 = c1S/m: Conductivity, 2 [S/m]
# name 5 = sbeox0ML/L: Oxygen, SBE 43 [ml/l]
# name 6 = flECO-AFL: Fluorescence, Wetlab ECO-AFL/FL [mg/m^3]
# name 7 = bat: Beam Attenuation, Chelsea/Seatech/Wetlab CStar [1/m]
# name 8 = spar: SPAR/Surface Irradiance
# name 9 = latitude: Latitude [deg]
# name 10 = longitude: Longitude [deg]
# name 11 = timeY: Time, System [seconds]
# name 12 = timeJ: Julian Days
# name 13 = sal00: Salinity [PSU]
# name 14 = scan: scan number
# name 15 = nbf: number of bottles fired
# name 16 = flag:  0.000e+00
# interval = seconds: 0.0416667                   
# start_time = Jul 11 2006 14:37:13
*END*
[from data line 171]
    701.654     1.7392   3.064274     1.7400   3.064607    4.58569    -0.1180    13.8155 8.1822e+01  -60.99983  -58.18733 1152630562 192.631527    34.7186      46343          4  0.000e+00
    701.586     1.7395   3.064250     1.7401   3.064625    4.58563    -0.1072    13.8155 8.1822e+01  -60.99983  -58.18733 1152630562 192.631527    34.7180      46344          4  0.000e+00
    701.586     1.7401   3.064274     1.7403   3.064631    4.58556    -0.0534    13.8155 8.1822e+01  -60.99983  -58.18733 1152630562 192.631528    34.7176      46345          4  0.000e+00
    701.586     1.7395   3.064326     1.7401   3.064613    4.59040    -0.0534    13.8155 8.1822e+01  -60.99983  -58.18733 1152630562 192.631528    34.7189      46346          4  0.000e+00
    701.586     1.7400   3.064319     1.7406   3.064637    4.58556    -0.1072    13.8155 8.1822e+01  -60.99983  -58.18733 1152630562 192.631529    34.7183      46347          4  0.000e+00
    701.586     1.7398   3.064333     1.7404   3.064655    4.58557    -0.0534    13.8155 8.1822e+01  -60.99983  -58.18733 1152630562 192.631529    34.7187      46348          4  0.000e+00
    701.519     1.7396   3.064298     1.7407   3.064637    4.58556    -0.0426    13.8155 8.1822e+01  -60.99983  -58.18733 1152630562 192.631530    34.7185      46349          4  0.000e+00
    701.538     1.7398   3.064309     1.7406   3.064631    4.58555    -0.0964    13.8155 7.9874e+01  -60.99983  -58.18733 1152630562 192.631530    34.7184      46350          4  0.000e+00
    701.519     1.7401   3.064315     1.7404   3.064649    4.58550    -0.1180    13.8155 7.9874e+01  -60.99983  -58.18733 1152630562 192.631531    34.7182      46351          4  0.000e+00
    701.519     1.7401   3.064315     1.7403   3.064649    4.58550    -0.1395    13.8155 7.9874e+01  -60.99983  -58.18733 1152630562 192.631531    34.7182      46352          4  0.000e+00
    701.519     1.7398   3.064295     1.7407   3.064655    4.58554    -0.0964    13.8155 8.1822e+01  -60.99983  -58.18733 1152630562 192.631532    34.7182      46353          4  0.000e+00
    701.442     1.7396   3.064288     1.7407   3.064661    4.58551    -0.0534    13.8155 8.1822e+01  -60.99983  -58.18733 1152630562 192.631532    34.7184      46354          4  0.000e+00
    701.519     1.7400   3.064309     1.7406   3.064619    4.58552    -0.0319    13.8155 8.1822e+01  -60.99983  -58.18733 1152630563 192.631533    34.7182      46355          4  0.000e+00
    701.442     1.7396   3.064295     1.7407   3.064625    4.58551    -0.0964    13.8155 8.1822e+01  -60.99983  -58.18733 1152630563 192.631533    34.7185      46356          4  0.000e+00
    701.442     1.7400   3.064288     1.7404   3.064649    4.58548    -0.1395    13.8155 8.1822e+01  -60.99983  -58.18733 1152630563 192.631534    34.7180      46357          4  0.000e+00
    701.461     1.7403   3.064288     1.7402   3.064631    4.58546    -0.1072    13.8155 8.1822e+01  -60.99983  -58.18733 1152630563 192.631534    34.7177      46358          4  0.000e+00
    701.375     1.7395   3.064267     1.7404   3.064625    4.58549    -0.1180    13.8155 8.1822e+01  -60.99983  -58.18733 1152630563 192.631535    34.7183      46359          4  0.000e+00
    701.442     1.7398   3.064281     1.7404   3.064631    4.58550    -0.0964    13.8155 7.9874e+01  -60.99983  -58.18733 1152630563 192.631535    34.7181      46360          4  0.000e+00
    701.442     1.7398   3.064288     1.7409   3.064631    4.58069    -0.0857    13.8155 8.1822e+01  -60.99983  -58.18733 1152630563 192.631535    34.7182      46361          4  0.000e+00
    701.375     1.7398   3.064250     1.7406   3.064613    4.58547    -0.1502    13.8155 8.1822e+01  -60.99983  -58.18733 1152630563 192.631536    34.7178      46362          4  0.000e+00
    701.375     1.7403   3.064295     1.7403   3.064637    4.58540    -0.1072    13.8155 8.1822e+01  -60.99983  -58.18733 1152630563 192.631536    34.7178      46363          4  0.000e+00
    701.375     1.7394   3.064295     1.7406   3.064631    4.59028    -0.1395    13.8155 7.9874e+01  -60.99983  -58.18733 1152630563 192.631537    34.7187      46364          4  0.000e+00
    701.298     1.7396   3.064288     1.7406   3.064613    4.58542    -0.1180    13.8155 8.1822e+01  -60.99983  -58.18733 1152630563 192.631537    34.7185      46365          4  0.000e+00
    701.327     1.7398   3.064288     1.7401   3.064607    4.58542    -0.0749    13.8155 7.9874e+01  -60.99983  -58.18733 1152630563 192.631538    34.7183      46366          4  0.000e+00
    701.375     1.7400   3.064267     1.7404   3.064607    4.58544    -0.0642    13.8155 7.9874e+01  -60.99983  -58.18733 1152630563 192.631538    34.7178      46367          4  0.000e+00
    599.499     1.8469   3.068682     1.8478   3.069040    4.51889    -0.0749    13.8155 6.6237e+01  -60.99983  -58.18733 1152630743 192.633616    34.7129      50676          5  0.000e+00
    599.662     1.8471   3.068696     1.8480   3.069040    4.51897    -0.0964    13.8155 6.6237e+01  -60.99983  -58.18733 1152630743 192.633617    34.7128      50677          5  0.000e+00
    599.576     1.8469   3.068710     1.8478   3.069040    4.51893    -0.0964    13.8155 6.6237e+01  -60.99983  -58.18733 1152630743 192.633617    34.7132      50678          5  0.000e+00
    599.595     1.8476   3.068713     1.8480   3.069082    4.51888    -0.0857    13.8155 6.6237e+01  -60.99983  -58.18733 1152630743 192.633618    34.7125      50679          5  0.000e+00
    599.643     1.8471   3.068713     1.8477   3.069052    4.51896    -0.1287    13.8155 6.6237e+01  -60.99983  -58.18733 1152630743 192.633618    34.7131      50680          5  0.000e+00
    599.643     1.8471   3.068703     1.8480   3.069058    4.51896    -0.1610    13.8155 6.6237e+01  -60.99983  -58.18733 1152630743 192.633619    34.7129      50681          5  0.000e+00
    599.739     1.8471   3.068710     1.8483   3.069046    4.51902    -0.1395    13.8155 6.6237e+01  -60.99983  -58.18733 1152630743 192.633619    34.7130      50682          5  0.000e+00
    599.710     1.8470   3.068675     1.8480   3.069082    4.51902    -0.1072    13.8155 6.6237e+01  -60.99983  -58.18733 1152630743 192.633620    34.7127      50683          5  0.000e+00
    599.739     1.8468   3.068665     1.8478   3.069076    4.51907    -0.0857    13.8155 6.6237e+01  -60.99983  -58.18733 1152630743 192.633620    34.7128      50684          5  0.000e+00
    599.787     1.8468   3.068682     1.8478   3.069070    4.51909    -0.0964    13.8155 6.6237e+01  -60.99983  -58.18733 1152630743 192.633621    34.7129      50685          5  0.000e+00
    599.787     1.8468   3.068696     1.8480   3.069070    4.51909    -0.0749    13.8155 6.6237e+01  -60.99983  -58.18733 1152630743 192.633621    34.7131      50686          5  0.000e+00
    599.806     1.8468   3.068744     1.8483   3.069076    4.51907    -0.1180    13.8155 6.6237e+01  -60.99983  -58.18733 1152630743 192.633622    34.7137      50687          5  0.000e+00
    599.854     1.8469   3.068706     1.8478   3.069094    4.51911    -0.0749    13.8155 6.6237e+01  -60.99983  -58.18733 1152630743 192.633622    34.7130      50688          5  0.000e+00
    599.951     1.8467   3.068706     1.8477   3.069100    4.51919    -0.0534    13.8155 6.6237e+01  -60.99983  -58.18733 1152630743 192.633623    34.7133      50689          5  0.000e+00
    599.931     1.8471   3.068737     1.8480   3.069076    4.51913    -0.0964    13.8155 6.6237e+01  -60.99983  -58.18733 1152630743 192.633623    34.7132      50690          5  0.000e+00
    599.931     1.8468   3.068737     1.8486   3.069088    4.51915    -0.0857    13.8155 6.6237e+01  -60.99983  -58.18733 1152630743 192.633624    34.7135      50691          5  0.000e+00
    600.018     1.8474   3.068772     1.8478   3.069052    4.51914    -0.1180    13.8155 6.6237e+01  -60.99983  -58.18733 1152630743 192.633624    34.7133      50692          5  0.000e+00
    599.999     1.8470   3.068748     1.8475   3.069058    4.51918    -0.0964    13.8155 6.6237e+01  -60.99983  -58.18733 1152630743 192.633625    34.7134      50693          5  0.000e+00
    600.018     1.8470   3.068772     1.8477   3.069070    4.51918    -0.0749    13.8155 6.6237e+01  -60.99983  -58.18733 1152630743 192.633625    34.7137      50694          5  0.000e+00
    600.066     1.8471   3.068775     1.8477   3.069112    4.51920    -0.0964    13.8155 6.6237e+01  -60.99983  -58.18733 1152630743 192.633626    34.7136      50695          5  0.000e+00
    600.143     1.8474   3.068761     1.8480   3.069106    4.51922    -0.1180    13.8155 6.6237e+01  -60.99983  -58.18733 1152630743 192.633626    34.7130      50696          5  0.000e+00
    600.162     1.8471   3.068761     1.8477   3.069076    4.51926    -0.0964    13.8155 6.6237e+01  -60.99983  -58.18733 1152630744 192.633627    34.7134      50697          5  0.000e+00
    600.210     1.8473   3.068761     1.8478   3.069070    4.52400    -0.0534    13.8155 6.6237e+01  -60.99983  -58.18733 1152630744 192.633627    34.7132      50698          5  0.000e+00
    600.239     1.8471   3.068751     1.8478   3.069070    4.51932    -0.0964    13.8155 6.6237e+01  -60.99983  -58.18733 1152630744 192.633628    34.7132      50699          5  0.000e+00
    600.210     1.8476   3.068775     1.8475   3.069046    4.52396    -0.1180    13.8155 6.6237e+01  -60.99983  -58.18733 1152630744 192.633628    34.7130      50700          5  0.000e+00
    600.354     1.8474   3.068730     1.8475   3.069040    4.51937    -0.1180    13.8155 6.6237e+01  -60.99983  -58.18733 1152630744 192.633628    34.7126      50701          5  0.000e+00
    600.306     1.8470   3.068730     1.8475   3.069022    4.51938    -0.1180    13.8155 6.6237e+01  -60.99983  -58.18733 1152630744 192.633629    34.7130      50702          5  0.000e+00
    600.354     1.8466   3.068727     1.8472   3.069016    4.51944    -0.1180    13.8155 6.6237e+01  -60.99983  -58.18733 1152630744 192.633629    34.7134      50703          5  0.000e+00
    600.451     1.8465   3.068696     1.8475   3.069034    4.51952    -0.0749    13.8155 6.4289e+01  -60.99983  -58.18733 1152630744 192.633630    34.7130      50704          5  0.000e+00
    600.422     1.8471   3.068706     1.8475   3.069040    4.51945    -0.0319    13.8155 6.4289e+01  -60.99983  -58.18733 1152630744 192.633630    34.7126      50705          5  0.000e+00
    600.451     1.8465   3.068713     1.8474   3.069022    4.51952    -0.0534    13.8155 6.6237e+01  -60.99983  -58.18733 1152630744 192.633631    34.7133      50706          5  0.000e+00
    600.566     1.8466   3.068730     1.8472   3.069034    4.51957    -0.0964    13.8155 6.6237e+01  -60.99983  -58.18733 1152630744 192.633631    34.7133      50707          5  0.000e+00
    600.499     1.8467   3.068727     1.8474   3.069040    4.51953    -0.0857    13.8155 6.6237e+01  -60.99983  -58.18733 1152630744 192.633632    34.7132      50708          5  0.000e+00
    600.595     1.8471   3.068734     1.8472   3.069058    4.51955    -0.0534    13.8155 6.6237e+01  -60.99983  -58.18733 1152630744 192.633632    34.7128      50709          5  0.000e+00
    600.643     1.8467   3.068717     1.8475   3.069070    4.51962    -0.0642    13.8155 6.6237e+01  -60.99983  -58.18733 1152630744 192.633633    34.7130      50710          5  0.000e+00
    600.662     1.8469   3.068748     1.8475   3.069046    4.51960    -0.0534    13.8155 6.6237e+01  -60.99983  -58.18733 1152630744 192.633633    34.7131      50711          5  0.000e+00
    600.710     1.8470   3.068731     1.8474   3.069058    4.51963    -0.0642    13.8155 6.6237e+01  -60.99983  -58.18733 1152630744 192.633634    34.7128      50712          5  0.000e+00
    600.777     1.8468   3.068751     1.8476   3.069070    4.51969    -0.1072    13.8155 6.4289e+01  -60.99983  -58.18733 1152630744 192.633634    34.7133      50713          5  0.000e+00
    600.729     1.8467   3.068779     1.8472   3.069070    4.51965    -0.1180    13.8155 6.4289e+01  -60.99983  -58.18733 1152630744 192.633635    34.7137      50714          5  0.000e+00
    600.854     1.8469   3.068731     1.8469   3.069046    4.51973    -0.0749    13.8155 6.6237e+01  -60.99983  -58.18733 1152630744 192.633635    34.7128      50715          5  0.000e+00
    600.874     1.8467   3.068720     1.8472   3.069022    4.51977    -0.0534    13.8155 6.6237e+01  -60.99983  -58.18733 1152630744 192.633636    34.7129      50716          5  0.000e+00
    600.854     1.8462   3.068679     1.8466   3.069016    4.51982    -0.0749    13.8155 6.6237e+01  -60.99983  -58.18733 1152630744 192.633636    34.7130      50717          5  0.000e+00
    600.951     1.8460   3.068665     1.8468   3.069034    4.51989    -0.0534    13.8155 6.6237e+01  -60.99983  -58.18733 1152630744 192.633637    34.7129      50718          5  0.000e+00
    600.999     1.8465   3.068624     1.8469   3.069004    4.51990    -0.0534    13.8155 6.6237e+01  -60.99983  -58.18733 1152630744 192.633637    34.7119      50719          5  0.000e+00
    600.999     1.8457   3.068631     1.8465   3.069010    4.51997    -0.0964    13.8155 6.6237e+01  -60.99983  -58.18733 1152630744 192.633638    34.7128      50720          5  0.000e+00
    601.018     1.8457   3.068610     1.8466   3.069034    4.51999    -0.1287    13.8155 6.6237e+01  -60.99983  -58.18733 1152630745 192.633638    34.7126      50721          5  0.000e+00
    601.066     1.8457   3.068627     1.8463   3.068974    4.52001    -0.0749    13.8155 6.6237e+01  -60.99983  -58.18733 1152630745 192.633639    34.7127      50722          5  0.000e+00
    601.085     1.8460   3.068658     1.8462   3.068974    4.51999    -0.0534    13.8155 6.6237e+01  -60.99983  -58.18733 1152630745 192.633639    34.7128      50723          5  0.000e+00
    601.133     1.8459   3.068682     1.8458   3.068986    4.52002    -0.1395    13.8155 6.6237e+01  -60.99983  -58.18733 1152630745 192.633640    34.7132      50724          5  0.000e+00
    499.088     1.9096   3.068497     1.9101   3.068817    4.43674    -0.0964    13.8155 6.6237e+01  -60.99983  -58.18733 1152630913 192.635593    34.6982      54775          6  0.000e+00
    499.184     1.9092   3.068456     1.9095   3.068829    4.43686    -0.1072    13.8155 6.6237e+01  -60.99983  -58.18733 1152630913 192.635594    34.6982      54776          6  0.000e+00
    499.117     1.9084   3.068411     1.9101   3.068841    4.43691    -0.0964    13.8155 6.6237e+01  -60.99983  -58.18733 1152630914 192.635594    34.6985      54777          6  0.000e+00
    499.155     1.9074   3.068394     1.9101   3.068841    4.44168    -0.1072    13.8155 6.6237e+01  -60.99983  -58.18733 1152630914 192.635595    34.6993      54778          6  0.000e+00
    499.184     1.9077   3.068407     1.9104   3.068841    4.43701    -0.0964    13.8155 6.4289e+01  -60.99983  -58.18733 1152630914 192.635595    34.6991      54779          6  0.000e+00
    499.184     1.9074   3.068394     1.9100   3.068841    4.43704    -0.0534    13.8155 6.6237e+01  -60.99983  -58.18733 1152630914 192.635596    34.6993      54780          6  0.000e+00
    499.232     1.9077   3.068407     1.9095   3.068841    4.43704    -0.0534    13.8155 6.6237e+01  -60.99983  -58.18733 1152630914 192.635596    34.6991      54781          6  0.000e+00
    499.184     1.9081   3.068425     1.9101   3.068841    4.44162    -0.1180    13.8155 6.6237e+01  -60.99983  -58.18733 1152630914 192.635597    34.6990      54782          6  0.000e+00
    499.184     1.9082   3.068435     1.9100   3.068841    4.44161    -0.0857    13.8155 6.6237e+01  -60.99983  -58.18733 1152630914 192.635597    34.6990      54783          6  0.000e+00
    499.232     1.9079   3.068456     1.9089   3.068793    4.43700    -0.1180    13.8155 6.6237e+01  -60.99983  -58.18733 1152630914 192.635598    34.6995      54784          6  0.000e+00
