product_data/regression_test/downloaded_data/MDGS/320620060703/ctd/p6608001.ros
* Sea-Bird SBE 9 Data File:
* FileName = D:\Data\Raw\P6608001.dat
* Software Version Seasave Win32 V 5.32
* Temperature SN = 1649
* Conductivity SN = 1431
* Number of Bytes Per Scan = 37
* Number of Voltage Words = 5
* Number of Scans Averaged by the Deck Unit = 1
* NMEA Latitude = 62 21.59 S
* NMEA Longitude = 058 02.34 W
* NMEA UTC (Time) = 07:48:11
** Ship:   Nathaniel B. Palmer 
** Cruise:    NBP0603 p0606
** Cast #: 01
** Station:   80
** Operator: 
# nquan = 17
# nvalues = 1176                    
# units = specified
# name 0 = prDM: Pressure, Digiquartz [db]
# name 1 = t090C: Temperature [ITS-90, deg C]
# name 2 = c0S/m: Conductivity [S/m]
# name 3 = t190C: Temperature, 2 [ITS-90, deg C]
# name 4 = c1S/m: Conductivity, 2 [S/m]
# name 5 = sbeox0ML/L: Oxygen, SBE 43 [ml/l]
# name 6 = flECO-AFL: Fluorescence, Wetlab ECO-AFL/FL [mg/m^3]
# name 7 = bat: Beam Attenuation, Chelsea/Seatech/Wetlab CStar [1/m]
# name 8 = spar: SPAR/Surface Irradiance
# name 9 = latitude: Latitude [deg]
# name 10 = longitude: Longitude [deg]
# name 11 = timeY: Time, System [seconds]
# name 12 = timeJ: Julian Days
# name 13 = sal00: Salinity [PSU]
# name 14 = scan: scan number
# name 15 = nbf: number of bottles fired
# name 16 = flag:  0.000e+00
# interval = seconds: 0.0416667                   
# start_time = Jul 09 2006 07:48:19
*END*
[from data line 937]
    100.401    -1.6582   2.711775    -1.6579   2.711981    7.77742    -0.0534    13.8155 0.0000e+00  -62.35983  -58.03900 1152435545 190.374389    34.2328     101957         20  0.000e+00
    100.325    -1.6579   2.711771    -1.6578   2.711987    7.77728    -0.0642    13.8155 0.0000e+00  -62.35983  -58.03900 1152435545 190.374389    34.2325     101958         20  0.000e+00
    100.468    -1.6584   2.711752    -1.6579   2.711992    7.77755    -0.0534    13.8155 0.0000e+00  -62.35983  -58.03900 1152435545 190.374389    34.2328     101959         20  0.000e+00
    100.325    -1.6576   2.711758    -1.6580   2.712027    7.77725     0.0112    13.8155 0.0000e+00  -62.35983  -58.03900 1152435545 190.374390    34.2319     101960         20  0.000e+00
    100.468    -1.6580   2.711752    -1.6578   2.711987    7.77748     0.0434    13.8155 0.0000e+00  -62.35983  -58.03900 1152435545 190.374390    34.2323     101961         20  0.000e+00
    100.401    -1.6581   2.711748    -1.6579   2.712027    7.77743     0.0219    13.8155 0.0000e+00  -62.35983  -58.03900 1152435545 190.374391    34.2324     101962         20  0.000e+00
    100.468    -1.6582   2.711748    -1.6578   2.711987    7.77751     0.0112    13.8155 0.0000e+00  -62.35983  -58.03900 1152435545 190.374391    34.2324     101963         20  0.000e+00
    100.440    -1.6578   2.711748    -1.6580   2.712004    7.77742     0.0112    13.8155 0.0000e+00  -62.35983  -58.03900 1152435545 190.374392    34.2320     101964         20  0.000e+00
    100.468    -1.6583   2.711748    -1.6580   2.712038    7.77753     0.0219    13.8155 0.0000e+00  -62.35983  -58.03900 1152435545 190.374392    34.2326     101965         20  0.000e+00
    100.468    -1.6583   2.711732    -1.6578   2.712027    7.77754     0.0219    13.8155 0.0000e+00  -62.35983  -58.03900 1152435545 190.374393    34.2324     101966         20  0.000e+00
    100.468    -1.6578   2.711709    -1.6578   2.711998    7.78231     0.0004    13.8155 0.0000e+00  -62.35983  -58.03900 1152435545 190.374393    34.2315     101967         20  0.000e+00
    100.545    -1.6583   2.711722    -1.6582   2.711992    7.77763    -0.0749    13.8155 0.0000e+00  -62.35983  -58.03900 1152435545 190.374394    34.2322     101968         20  0.000e+00
    100.468    -1.6582   2.711709    -1.6580   2.712010    7.77754    -0.0426    13.8155 0.0000e+00  -62.35983  -58.03900 1152435545 190.374394    34.2319     101969         20  0.000e+00
    100.545    -1.6583   2.711735    -1.6579   2.712021    7.77762    -0.0211    13.8155 0.0000e+00  -62.35983  -58.03900 1152435546 190.374395    34.2323     101970         20  0.000e+00
    100.545    -1.6582   2.711758    -1.6579   2.711998    7.77758    -0.0426    13.8155 0.0000e+00  -62.35983  -58.03900 1152435546 190.374395    34.2325     101971         20  0.000e+00
    100.545    -1.6582   2.711752    -1.6578   2.712010    7.77759    -0.0104    13.8155 0.0000e+00  -62.35983  -58.03900 1152435546 190.374396    34.2324     101972         20  0.000e+00
    100.612    -1.6578   2.711748    -1.6578   2.712021    7.77761    -0.0104    13.8155 0.0000e+00  -62.35983  -58.03900 1152435546 190.374396    34.2319     101973         20  0.000e+00
    100.583    -1.6585   2.711748    -1.6575   2.712021    7.78251     0.0650    13.8155 0.0000e+00  -62.35983  -58.03900 1152435546 190.374397    34.2327     101974         20  0.000e+00
    100.612    -1.6581   2.711748    -1.6579   2.712021    7.77765     0.0327    13.8155 0.0000e+00  -62.35983  -58.03900 1152435546 190.374397    34.2323     101975         20  0.000e+00
    100.612    -1.6583   2.711748    -1.6580   2.712021    7.77769    -0.0319    13.8155 0.0000e+00  -62.35983  -58.03900 1152435546 190.374398    34.2325     101976         20  0.000e+00
    100.612    -1.6585   2.711748    -1.6582   2.711998    7.78254    -0.0642    13.8155 0.0000e+00  -62.35983  -58.03900 1152435546 190.374398    34.2327     101977         20  0.000e+00
    100.678    -1.6583   2.711732    -1.6583   2.712010    7.78259    -0.0319    13.8155 0.0000e+00  -62.35983  -58.03900 1152435546 190.374399    34.2322     101978         20  0.000e+00
    100.678    -1.6583   2.711709    -1.6580   2.711958    7.78262    -0.0211    13.8155 0.0000e+00  -62.35983  -58.03900 1152435546 190.374399    34.2319     101979         20  0.000e+00
    100.678    -1.6580   2.711735    -1.6582   2.711958    7.77772    -0.0211    13.8155 0.0000e+00  -62.35983  -58.03900 1152435546 190.374400    34.2319     101980         20  0.000e+00
    100.678    -1.6581   2.711739    -1.6580   2.711969    7.77773    -0.0319    13.8155 0.0000e+00  -62.35983  -58.03900 1152435546 190.374400    34.2321     101981         20  0.000e+00
    100.679    -1.6582   2.711729    -1.6578   2.711987    7.77775    -0.0534    13.8155 0.0000e+00  -62.35983  -58.03900 1152435546 190.374401    34.2320     101982         20  0.000e+00
    100.755    -1.6580   2.711758    -1.6584   2.711992    7.78261    -0.0426    13.8155 0.0000e+00  -62.35983  -58.03900 1152435546 190.374401    34.2321     101983         20  0.000e+00
    100.793    -1.6586   2.711722    -1.6578   2.711952    7.78278    -0.0104    13.8155 0.0000e+00  -62.35983  -58.03900 1152435546 190.374402    34.2324     101984         20  0.000e+00
    100.755    -1.6585   2.711735    -1.6580   2.711958    7.77787     0.0004    13.8155 0.0000e+00  -62.35983  -58.03900 1152435546 190.374402    34.2324     101985         20  0.000e+00
    100.755    -1.6581   2.711749    -1.6578   2.711987    7.77781    -0.0211    13.8155 0.0000e+00  -62.35983  -58.03900 1152435546 190.374402    34.2322     101986         20  0.000e+00
    100.822    -1.6577   2.711732    -1.6579   2.711952    7.78266    -0.0104    13.8155 0.0000e+00  -62.35983  -58.03900 1152435546 190.374403    34.2314     101987         20  0.000e+00
    100.822    -1.6577   2.711742    -1.6578   2.711958    7.77782     0.0112    13.8155 0.0000e+00  -62.35983  -58.03900 1152435546 190.374403    34.2316     101988         20  0.000e+00
    100.822    -1.6577   2.711716    -1.6578   2.711946    7.77784    -0.0211    13.8155 0.0000e+00  -62.35983  -58.03900 1152435546 190.374404    34.2312     101989         20  0.000e+00
    100.889    -1.6580   2.711722    -1.6578   2.711918    7.78279    -0.0319    13.8155 0.0000e+00  -62.35983  -58.03900 1152435546 190.374404    34.2316     101990         20  0.000e+00
    100.755    -1.6580   2.711693    -1.6578   2.711969    7.78266    -0.0534    13.8155 0.0000e+00  -62.35983  -58.03900 1152435546 190.374405    34.2313     101991         20  0.000e+00
    100.965    -1.6583   2.711706    -1.6579   2.711993    7.78292    -0.0749    13.8155 0.0000e+00  -62.35983  -58.03900 1152435546 190.374405    34.2316     101992         20  0.000e+00
    100.965    -1.6580   2.711726    -1.6578   2.711992    7.78287    -0.0104    13.8155 0.0000e+00  -62.35983  -58.03900 1152435546 190.374406    34.2316     101993         20  0.000e+00
    100.860    -1.6580   2.711758    -1.6576   2.712010    7.78272    -0.0104    13.8155 0.0000e+00  -62.35983  -58.03900 1152435546 190.374406    34.2321     101994         20  0.000e+00
    100.965    -1.6576   2.711739    -1.6580   2.712021    7.78278     0.0112    13.8155 0.0000e+00  -62.35983  -58.03900 1152435547 190.374407    34.2313     101995         20  0.000e+00
    100.965    -1.6579   2.711742    -1.6578   2.712021    7.78283    -0.0104    13.8155 0.0000e+00  -62.35983  -58.03900 1152435547 190.374407    34.2316     101996         20  0.000e+00
    100.965    -1.6574   2.711749    -1.6578   2.712021    7.78275    -0.0211    13.8155 0.0000e+00  -62.35983  -58.03900 1152435547 190.374408    34.2312     101997         20  0.000e+00
    100.965    -1.6577   2.711732    -1.6576   2.712021    7.78281    -0.0319    13.8155 0.0000e+00  -62.35983  -58.03900 1152435547 190.374408    34.2313     101998         20  0.000e+00
    101.032    -1.6580   2.711758    -1.6579   2.712039    7.78292    -0.0319    13.8155 0.0000e+00  -62.35983  -58.03900 1152435547 190.374409    34.2320     101999         20  0.000e+00
     50.674    -1.6796   2.704619    -1.6811   2.704655    7.89557     0.0757    13.8155 0.0000e+00  -62.35983  -58.03900 1152435681 190.375963    34.1897     105221         21  0.000e+00
     50.751    -1.6796   2.704687    -1.6811   2.704655    7.89561     0.0112    13.8155 0.0000e+00  -62.35983  -58.03900 1152435681 190.375963    34.1906     105222         21  0.000e+00
     50.741    -1.6796   2.704697    -1.6814   2.704603    7.89559    -0.0534    13.8155 0.0000e+00  -62.35983  -58.03900 1152435681 190.375964    34.1907     105223         21  0.000e+00
     50.608    -1.6796   2.704742    -1.6808   2.704597    7.89541    -0.0642    13.8155 0.0000e+00  -62.35983  -58.03900 1152435681 190.375964    34.1915     105224         21  0.000e+00
     50.751    -1.6793   2.704785    -1.6815   2.704603    7.89068     0.0004    13.8155 0.0000e+00  -62.35983  -58.03900 1152435681 190.375965    34.1916     105225         21  0.000e+00
     50.608    -1.6794   2.704765    -1.6805   2.704603    7.89057     0.0004    13.8155 0.0000e+00  -62.35983  -58.03900 1152435681 190.375965    34.1916     105226         21  0.000e+00
     50.674    -1.6790   2.704785    -1.6799   2.704677    7.89055     0.0112    13.8155 0.0000e+00  -62.35983  -58.03900 1152435681 190.375965    34.1913     105227         21  0.000e+00
     50.608    -1.6796   2.704785    -1.6794   2.704781    7.89058     0.0219    13.8155 0.0000e+00  -62.35983  -58.03900 1152435681 190.375966    34.1921     105228         21  0.000e+00
     50.674    -1.6790   2.704791    -1.6794   2.704867    7.89534     0.0112    13.8155 0.0000e+00  -62.35983  -58.03900 1152435681 190.375966    34.1914     105229         21  0.000e+00
     50.674    -1.6790   2.704752    -1.6792   2.704919    7.89057    -0.0211    13.8155 0.0000e+00  -62.35983  -58.03900 1152435681 190.375967    34.1908     105230         21  0.000e+00
     50.674    -1.6790   2.704746    -1.6789   2.704993    7.89538    -0.0104    13.8155 0.0000e+00  -62.35983  -58.03900 1152435681 190.375967    34.1908     105231         21  0.000e+00
     50.674    -1.6792   2.704723    -1.6792   2.704976    7.89542     0.0112    13.8155 0.0000e+00  -62.35983  -58.03900 1152435681 190.375968    34.1906     105232         21  0.000e+00
     50.608    -1.6791   2.704667    -1.6794   2.704924    7.89059    -0.0104    13.8155 0.0000e+00  -62.35983  -58.03900 1152435681 190.375968    34.1899     105233         21  0.000e+00
     50.675    -1.6796   2.704674    -1.6797   2.704930    7.89073     0.0004    13.8155 0.0000e+00  -62.35983  -58.03900 1152435682 190.375969    34.1905     105234         21  0.000e+00
     50.608    -1.6788   2.704641    -1.6800   2.704919    7.89056     0.0434    13.8155 0.0000e+00  -62.35983  -58.03900 1152435682 190.375969    34.1892     105235         21  0.000e+00
     50.608    -1.6795   2.704651    -1.6796   2.704930    7.89066     0.0219    13.8155 0.0000e+00  -62.35983  -58.03900 1152435682 190.375970    34.1901     105236         21  0.000e+00
     50.608    -1.6793   2.704651    -1.6796   2.704913    7.89543    -0.0319    13.8155 0.0000e+00  -62.35983  -58.03900 1152435682 190.375970    34.1898     105237         21  0.000e+00
     50.608    -1.6796   2.704641    -1.6794   2.704947    7.89548    -0.0104    13.8155 0.0000e+00  -62.35983  -58.03900 1152435682 190.375971    34.1900     105238         21  0.000e+00
     50.608    -1.6796   2.704632    -1.6794   2.704924    7.89069    -0.0426    13.8155 0.0000e+00  -62.35983  -58.03900 1152435682 190.375971    34.1899     105239         21  0.000e+00
     50.608    -1.6796   2.704619    -1.6796   2.704913    7.89071    -0.0426    13.8155 0.0000e+00  -62.35983  -58.03900 1152435682 190.375972    34.1898     105240         21  0.000e+00
     50.608    -1.6794   2.704592    -1.6789   2.704896    7.89070     0.0219    13.8155 0.0000e+00  -62.35983  -58.03900 1152435682 190.375972    34.1892     105241         21  0.000e+00
     50.541    -1.6794   2.704602    -1.6796   2.704850    7.89542     0.0327    13.8155 0.0000e+00  -62.35983  -58.03900 1152435682 190.375973    34.1894     105242         21  0.000e+00
     50.608    -1.6794   2.704599    -1.6796   2.704815    7.89069     0.0004    13.8155 0.0000e+00  -62.35983  -58.03900 1152435682 190.375973    34.1893     105243         21  0.000e+00
     50.541    -1.6798   2.704570    -1.6799   2.704758    7.89069     0.0219    13.8155 0.0000e+00  -62.35983  -58.03900 1152435682 190.375974    34.1893     105244         21  0.000e+00
     50.541    -1.6794   2.704602    -1.6797   2.704735    7.89062     0.0434    13.8155 0.0000e+00  -62.35983  -58.03900 1152435682 190.375974    34.1894     105245         21  0.000e+00
     50.465    -1.6794   2.704560    -1.6802   2.704735    7.89056     0.0542    13.8155 0.0000e+00  -62.35983  -58.03900 1152435682 190.375975    34.1888     105246         21  0.000e+00
     50.541    -1.6794   2.704566    -1.6797   2.704735    7.89064     0.0542    13.8155 0.0000e+00  -62.35983  -58.03900 1152435682 190.375975    34.1889     105247         21  0.000e+00
     50.465    -1.6796   2.704566    -1.6803   2.704752    7.89059     0.0219    13.8155 0.0000e+00  -62.35983  -58.03900 1152435682 190.375976    34.1891     105248         21  0.000e+00
     50.541    -1.6799   2.704573    -1.6802   2.704718    7.89071     0.0112    13.8155 0.0000e+00  -62.35983  -58.03900 1152435682 190.375976    34.1895     105249         21  0.000e+00
     50.465    -1.6799   2.704550    -1.6800   2.704723    7.89065     0.0434    13.8155 0.0000e+00  -62.35983  -58.03900 1152435682 190.375977    34.1892     105250         21  0.000e+00
     50.465    -1.6805   2.704550    -1.6799   2.704723    7.89074     0.0542    13.8155 0.0000e+00  -62.35983  -58.03900 1152435682 190.375977    34.1899     105251         21  0.000e+00
     50.398    -1.6802   2.704511    -1.6800   2.704689    7.89065     0.0219    13.8155 0.0000e+00  -62.35983  -58.03900 1152435682 190.375978    34.1891     105252         21  0.000e+00
     50.465    -1.6801   2.704514    -1.6800   2.704683    7.89070    -0.0319    13.8155 0.0000e+00  -62.35983  -58.03900 1152435682 190.375978    34.1889     105253         21  0.000e+00
     50.398    -1.6801   2.704544    -1.6800   2.704700    7.89060    -0.0319    13.8155 0.0000e+00  -62.35983  -58.03900 1152435682 190.375978    34.1894     105254         21  0.000e+00
     50.398    -1.6799   2.704560    -1.6799   2.704666    7.89057     0.0327    13.8155 0.0000e+00  -62.35983  -58.03900 1152435682 190.375979    34.1894     105255         21  0.000e+00
     50.331    -1.6793   2.704586    -1.6802   2.704637    7.89037     0.0004    13.8155 0.0000e+00  -62.35983  -58.03900 1152435682 190.375979    34.1891     105256         21  0.000e+00
     50.398    -1.6797   2.704605    -1.6806   2.704631    7.88570     0.0219    13.8155 0.0000e+00  -62.35983  -58.03900 1152435682 190.375980    34.1899     105257         21  0.000e+00
     50.332    -1.6794   2.704583    -1.6805   2.704620    7.88560     0.0434    13.8155 0.0000e+00  -62.35983  -58.03900 1152435682 190.375980    34.1892     105258         21  0.000e+00
     50.332    -1.6797   2.704534    -1.6805   2.704626    7.88568     0.0004    13.8155 0.0000e+00  -62.35983  -58.03900 1152435683 190.375981    34.1889     105259         21  0.000e+00
     50.332    -1.6798   2.704527    -1.6802   2.704609    7.89049    -0.0426    13.8155 0.0000e+00  -62.35983  -58.03900 1152435683 190.375981    34.1888     105260         21  0.000e+00
     50.332    -1.6799   2.704553    -1.6808   2.704603    7.89050    -0.0534    13.8155 0.0000e+00  -62.35983  -58.03900 1152435683 190.375982    34.1894     105261         21  0.000e+00
