product_data/regression_test/downloaded_data/MDGS/320620060703/ctd/p6607601.ros
* Sea-Bird SBE 9 Data File:
* FileName = D:\Data\Raw\p6607601.dat
* Software Version Seasave Win32 V 5.32
* Temperature SN = 1649
* Conductivity SN = 1431
* Number of Bytes Per Scan = 37
* Number of Voltage Words = 5
* Number of Scans Averaged by the Deck Unit = 1
* NMEA Latitude = 62 16.73 S
* NMEA Longitude = 058 05.18 W
* NMEA UTC (Time) = 15:51:28
** Ship:   Nathaniel B. Palmer 
** Cruise:    NBP0606 
# nquan = 17
# nvalues = 1176                    
# units = specified
# name 0 = prDM: Pressure, Digiquartz [db]
# name 1 = t090C: Temperature [ITS-90, deg C]
# name 2 = c0S/m: Conductivity [S/m]
# name 3 = t190C: Temperature, 2 [ITS-90, deg C]
# name 4 = c1S/m: Conductivity, 2 [S/m]
# name 5 = sbeox0ML/L: Oxygen, SBE 43 [ml/l]
# name 6 = flECO-AFL: Fluorescence, Wetlab ECO-AFL/FL [mg/m^3]
# name 7 = bat: Beam Attenuation, Chelsea/Seatech/Wetlab CStar [1/m]
# name 8 = spar: SPAR/Surface Irradiance
# name 9 = latitude: Latitude [deg]
# name 10 = longitude: Longitude [deg]
# name 11 = timeY: Time, System [seconds]
# name 12 = timeJ: Julian Days
# name 13 = sal00: Salinity [PSU]
# name 14 = scan: scan number
# name 15 = nbf: number of bottles fired
# name 16 = flag:  0.000e+00
# interval = seconds: 0.0416667                   
# start_time = Jul 08 2006 15:51:36
*END*
[from data line 852]
    151.090    -1.3237   2.746539    -1.3197   2.746865    2.89238    -0.0749    13.8155 1.9481e+00  -62.27883  -58.08633 1152378597 189.715258    34.2972     112857         18  0.000e+00
    151.090    -1.3226   2.746562    -1.3203   2.746877    2.89229    -0.0749    13.8155 3.8963e+00  -62.27883  -58.08633 1152378597 189.715259    34.2961     112858         18  0.000e+00
    151.023    -1.3227   2.746562    -1.3201   2.746923    2.89227    -0.1180    13.8155 1.9481e+00  -62.27883  -58.08633 1152378597 189.715259    34.2964     112859         18  0.000e+00
    151.090    -1.3226   2.746568    -1.3200   2.746940    2.89229    -0.1287    13.8155 3.8963e+00  -62.27883  -58.08633 1152378597 189.715260    34.2962     112860         18  0.000e+00
    151.090    -1.3225   2.746572    -1.3171   2.747079    2.89228    -0.1072    13.8155 3.8963e+00  -62.27883  -58.08633 1152378597 189.715260    34.2962     112861         18  0.000e+00
    151.013    -1.3218   2.746647    -1.3095   2.747697    2.89218    -0.0964    13.8155 3.8963e+00  -62.27883  -58.08633 1152378597 189.715261    34.2965     112862         18  0.000e+00
    151.090    -1.3216   2.746663    -1.2968   2.748713    2.89219    -0.0642    13.8155 1.9481e+00  -62.27883  -58.08633 1152378597 189.715261    34.2965     112863         18  0.000e+00
    151.014    -1.3215   2.746726    -1.2890   2.749464    2.89213    -0.0426    13.8155 1.9481e+00  -62.27883  -58.08633 1152378597 189.715262    34.2972     112864         18  0.000e+00
    151.014    -1.3177   2.746939    -1.2799   2.749932    2.89180    -0.0749    13.8155 1.9481e+00  -62.27883  -58.08633 1152378597 189.715262    34.2958     112865         18  0.000e+00
    151.090    -1.3142   2.747224    -1.2706   2.750568    2.89151    -0.1287    13.8155 1.9481e+00  -62.27883  -58.08633 1152378597 189.715263    34.2957     112866         18  0.000e+00
    151.023    -1.3134   2.747267    -1.2663   2.751024    2.89141    -0.1072    13.8155 1.9481e+00  -62.27883  -58.08633 1152378597 189.715263    34.2954     112867         18  0.000e+00
    151.014    -1.3144   2.747149    -1.2629   2.751198    2.89151    -0.0534    13.8155 1.9481e+00  -62.27883  -58.08633 1152378597 189.715264    34.2949     112868         18  0.000e+00
    151.014    -1.3153   2.747106    -1.2678   2.751105    2.89158    -0.0104    13.8155 1.9481e+00  -62.27883  -58.08633 1152378597 189.715264    34.2953     112869         18  0.000e+00
    151.014    -1.3142   2.747231    -1.2755   2.750961    2.89147    -0.0857    13.8155 1.9481e+00  -62.27883  -58.08633 1152378597 189.715265    34.2959     112870         18  0.000e+00
    151.023    -1.3127   2.747421    -1.2831   2.750614    2.89132    -0.1072    13.8155 3.8963e+00  -62.27883  -58.08633 1152378597 189.715265    34.2967     112871         18  0.000e+00
    151.014    -1.3042   2.748005    -1.2851   2.750157    2.89054    -0.0857    13.8155 3.8963e+00  -62.27883  -58.08633 1152378597 189.715266    34.2950     112872         18  0.000e+00
    151.014    -1.2915   2.748927    -1.2914   2.749545    2.88938    -0.0534    13.8155 3.8963e+00  -62.27883  -58.08633 1152378597 189.715266    34.2932     112873         18  0.000e+00
    151.023    -1.2827   2.749774    -1.2992   2.748771    2.88852    -0.0857    13.8155 1.9481e+00  -62.27883  -58.08633 1152378597 189.715267    34.2946     112874         18  0.000e+00
    150.947    -1.2785   2.750273    -1.3049   2.748262    2.88806    -0.1395    13.8155 1.9481e+00  -62.27883  -58.08633 1152378597 189.715267    34.2968     112875         18  0.000e+00
    151.014    -1.2760   2.750469    -1.3072   2.747968    2.88785    -0.0964    13.8155 1.9481e+00  -62.27883  -58.08633 1152378597 189.715268    34.2966     112876         18  0.000e+00
    151.014    -1.2753   2.750502    -1.3082   2.747829    2.88779    -0.0964    13.8155 1.9481e+00  -62.27883  -58.08633 1152378597 189.715268    34.2962     112877         18  0.000e+00
    150.947    -1.2742   2.750483    -1.3041   2.748083    2.88768    -0.0857    13.8155 1.9481e+00  -62.27883  -58.08633 1152378597 189.715269    34.2947     112878         18  0.000e+00
    151.014    -1.2758   2.750246    -1.3003   2.748407    2.88789    -0.0426    13.8155 1.9481e+00  -62.27883  -58.08633 1152378598 189.715269    34.2932     112879         18  0.000e+00
    150.947    -1.2797   2.749971    -1.2982   2.748701    2.88822    -0.0534    13.8155 1.9481e+00  -62.27883  -58.08633 1152378598 189.715270    34.2940     112880         18  0.000e+00
    151.014    -1.2830   2.749774    -1.2937   2.749031    2.88854    -0.0319    13.8155 1.9481e+00  -62.27883  -58.08633 1152378598 189.715270    34.2951     112881         18  0.000e+00
    150.947    -1.2836   2.749744    -1.2917   2.749395    2.88856    -0.0964    13.8155 1.9481e+00  -62.27883  -58.08633 1152378598 189.715271    34.2953     112882         18  0.000e+00
    151.014    -1.2838   2.749751    -1.2913   2.749487    2.88860    -0.0642    13.8155 1.9481e+00  -62.27883  -58.08633 1152378598 189.715271    34.2956     112883         18  0.000e+00
    150.947    -1.2843   2.749701    -1.2931   2.749268    2.88862    -0.0534    13.8155 3.8963e+00  -62.27883  -58.08633 1152378598 189.715272    34.2955     112884         18  0.000e+00
    150.947    -1.2842   2.749734    -1.2942   2.749048    2.88861    -0.0534    13.8155 3.8963e+00  -62.27883  -58.08633 1152378598 189.715272    34.2959     112885         18  0.000e+00
    151.023    -1.2846   2.749702    -1.2940   2.748950    2.88867    -0.0964    13.8155 3.8963e+00  -62.27883  -58.08633 1152378598 189.715272    34.2958     112886         18  0.000e+00
    101.802    -1.5156   2.727063    -1.5153   2.727072    3.01194    -0.0642    13.8155 1.9481e+00  -62.27883  -58.08633 1152378749 189.717019    34.2799     116507         19  0.000e+00
    101.907    -1.5160   2.727056    -1.5150   2.727055    3.01201    -0.0426    13.8155 1.9481e+00  -62.27883  -58.08633 1152378749 189.717019    34.2802     116508         19  0.000e+00
    101.802    -1.5159   2.727000    -1.5155   2.727043    3.01197    -0.0534    13.8155 1.9481e+00  -62.27883  -58.08633 1152378749 189.717020    34.2793     116509         19  0.000e+00
    101.945    -1.5160   2.727036    -1.5165   2.726992    3.01203    -0.0534    13.8155 1.9481e+00  -62.27883  -58.08633 1152378749 189.717020    34.2799     116510         19  0.000e+00
    101.802    -1.5166   2.726997    -1.5176   2.726911    3.01203    -0.0319    13.8155 0.0000e+00  -62.27883  -58.08633 1152378749 189.717021    34.2801     116511         19  0.000e+00
    101.869    -1.5174   2.726935    -1.5184   2.726853    3.01213    -0.0426    13.8155 0.0000e+00  -62.27883  -58.08633 1152378749 189.717021    34.2801     116512         19  0.000e+00
    101.869    -1.5179   2.726873    -1.5182   2.726796    3.01219    -0.0964    13.8155 1.9481e+00  -62.27883  -58.08633 1152378749 189.717022    34.2799     116513         19  0.000e+00
    101.869    -1.5186   2.726817    -1.5187   2.726790    3.01226    -0.0964    13.8155 0.0000e+00  -62.27883  -58.08633 1152378749 189.717022    34.2799     116514         19  0.000e+00
    101.945    -1.5188   2.726827    -1.5187   2.726802    3.01230    -0.1180    13.8155 0.0000e+00  -62.27883  -58.08633 1152378749 189.717023    34.2802     116515         19  0.000e+00
    101.869    -1.5174   2.726915    -1.5184   2.726836    3.01214    -0.0749    13.8155 0.0000e+00  -62.27883  -58.08633 1152378749 189.717023    34.2799     116516         19  0.000e+00
    101.907    -1.5168   2.726971    -1.5178   2.726876    3.01209    -0.0534    13.8155 1.9481e+00  -62.27883  -58.08633 1152378749 189.717024    34.2799     116517         19  0.000e+00
    101.945    -1.5169   2.726984    -1.5170   2.726934    3.01212    -0.0534    13.8155 1.9481e+00  -62.27883  -58.08633 1152378749 189.717024    34.2802     116518         19  0.000e+00
    101.869    -1.5168   2.726938    -1.5170   2.726940    3.01209    -0.0857    13.8155 1.9481e+00  -62.27883  -58.08633 1152378749 189.717024    34.2795     116519         19  0.000e+00
    101.945    -1.5170   2.726932    -1.5164   2.727026    3.01214    -0.0749    13.8155 1.9481e+00  -62.27883  -58.08633 1152378749 189.717025    34.2796     116520         19  0.000e+00
    101.945    -1.5159   2.727007    -1.5159   2.727044    3.01203    -0.0211    13.8155 1.9481e+00  -62.27883  -58.08633 1152378749 189.717025    34.2793     116521         19  0.000e+00
    101.945    -1.5155   2.727082    -1.5158   2.727072    3.01198    -0.0426    13.8155 1.9481e+00  -62.27883  -58.08633 1152378749 189.717026    34.2800     116522         19  0.000e+00
    102.012    -1.5143   2.727141    -1.5155   2.727072    3.01191    -0.0534    13.8155 1.9481e+00  -62.27883  -58.08633 1152378749 189.717026    34.2794     116523         19  0.000e+00
    101.945    -1.5142   2.727161    -1.5153   2.727078    3.01186    -0.0319    13.8155 1.9481e+00  -62.27883  -58.08633 1152378749 189.717027    34.2795     116524         19  0.000e+00
    101.945    -1.5145   2.727128    -1.5154   2.727090    3.01189    -0.0319    13.8155 1.9481e+00  -62.27883  -58.08633 1152378749 189.717027    34.2794     116525         19  0.000e+00
    102.012    -1.5156   2.727099    -1.5149   2.727101    3.01201    -0.0319    13.8155 0.0000e+00  -62.27883  -58.08633 1152378750 189.717028    34.2803     116526         19  0.000e+00
    101.983    -1.5143   2.727112    -1.5140   2.727118    3.01190    -0.0319    13.8155 0.0000e+00  -62.27883  -58.08633 1152378750 189.717028    34.2790     116527         19  0.000e+00
    102.012    -1.5148   2.727151    -1.5138   2.727188    3.01194    -0.0319    13.8155 0.0000e+00  -62.27883  -58.08633 1152378750 189.717029    34.2800     116528         19  0.000e+00
    102.012    -1.5140   2.727174    -1.5129   2.727222    3.01187    -0.0642    13.8155 1.9481e+00  -62.27883  -58.08633 1152378750 189.717029    34.2794     116529         19  0.000e+00
    102.012    -1.5135   2.727180    -1.5132   2.727274    3.01184    -0.0857    13.8155 1.9481e+00  -62.27883  -58.08633 1152378750 189.717030    34.2790     116530         19  0.000e+00
    102.012    -1.5138   2.727200    -1.5126   2.727262    3.01185    -0.0749    13.8155 1.9481e+00  -62.27883  -58.08633 1152378750 189.717030    34.2795     116531         19  0.000e+00
    102.012    -1.5134   2.727203    -1.5124   2.727280    3.01182    -0.1180    13.8155 1.9481e+00  -62.27883  -58.08633 1152378750 189.717031    34.2791     116532         19  0.000e+00
    102.012    -1.5135   2.727223    -1.5123   2.727343    3.01182    -0.1072    13.8155 1.9481e+00  -62.27883  -58.08633 1152378750 189.717031    34.2796     116533         19  0.000e+00
    102.012    -1.5131   2.727259    -1.5124   2.727326    3.01178    -0.0964    13.8155 1.9481e+00  -62.27883  -58.08633 1152378750 189.717032    34.2795     116534         19  0.000e+00
    102.012    -1.5131   2.727220    -1.5123   2.727308    3.01179    -0.0749    13.8155 1.9481e+00  -62.27883  -58.08633 1152378750 189.717032    34.2790     116535         19  0.000e+00
    102.012    -1.5129   2.727252    -1.5126   2.727308    3.01177    -0.0426    13.8155 1.9481e+00  -62.27883  -58.08633 1152378750 189.717033    34.2793     116536         19  0.000e+00
    102.050    -1.5129   2.727256    -1.5123   2.727308    3.01178    -0.0534    13.8155 1.9481e+00  -62.27883  -58.08633 1152378750 189.717033    34.2792     116537         19  0.000e+00
    102.012    -1.5132   2.727262    -1.5124   2.727332    3.01179    -0.1072    13.8155 1.9481e+00  -62.27883  -58.08633 1152378750 189.717034    34.2798     116538         19  0.000e+00
    102.079    -1.5132   2.727256    -1.5124   2.727314    3.00701    -0.1287    13.8155 1.9481e+00  -62.27883  -58.08633 1152378750 189.717034    34.2797     116539         19  0.000e+00
    102.012    -1.5132   2.727282    -1.5123   2.727274    3.01178    -0.0857    13.8155 1.9481e+00  -62.27883  -58.08633 1152378750 189.717035    34.2801     116540         19  0.000e+00
    102.079    -1.5131   2.727275    -1.5126   2.727274    3.01180    -0.0534    13.8155 1.9481e+00  -62.27883  -58.08633 1152378750 189.717035    34.2797     116541         19  0.000e+00
    102.012    -1.5132   2.727252    -1.5129   2.727245    3.01179    -0.0642    13.8155 1.9481e+00  -62.27883  -58.08633 1152378750 189.717036    34.2797     116542         19  0.000e+00
    102.012    -1.5129   2.727249    -1.5138   2.727153    3.01177    -0.0642    13.8155 1.9481e+00  -62.27883  -58.08633 1152378750 189.717036    34.2792     116543         19  0.000e+00
    102.079    -1.5128   2.727282    -1.5149   2.727107    3.01178    -0.0534    13.8155 1.9481e+00  -62.27883  -58.08633 1152378750 189.717037    34.2795     116544         19  0.000e+00
    102.012    -1.5129   2.727292    -1.5155   2.727055    3.01176    -0.0534    13.8155 1.9481e+00  -62.27883  -58.08633 1152378750 189.717037    34.2798     116545         19  0.000e+00
    102.079    -1.5125   2.727292    -1.5164   2.727009    3.01175    -0.0534    13.8155 1.9481e+00  -62.27883  -58.08633 1152378750 189.717038    34.2793     116546         19  0.000e+00
    102.050    -1.5122   2.727311    -1.5159   2.726992    3.01171    -0.0319    13.8155 1.9481e+00  -62.27883  -58.08633 1152378750 189.717038    34.2792     116547         19  0.000e+00
    102.012    -1.5127   2.727311    -1.5166   2.726980    3.01174    -0.0426    13.8155 1.9481e+00  -62.27883  -58.08633 1152378750 189.717038    34.2799     116548         19  0.000e+00
    102.079    -1.5122   2.727298    -1.5168   2.726969    3.01173    -0.0857    13.8155 1.9481e+00  -62.27883  -58.08633 1152378750 189.717039    34.2790     116549         19  0.000e+00
    102.012    -1.5125   2.727344    -1.5166   2.726969    3.01171    -0.0749    13.8155 0.0000e+00  -62.27883  -58.08633 1152378751 189.717039    34.2800     116550         19  0.000e+00
    102.012    -1.5128   2.727292    -1.5166   2.726974    3.01175    -0.0426    13.8155 0.0000e+00  -62.27883  -58.08633 1152378751 189.717040    34.2797     116551         19  0.000e+00
    102.012    -1.5128   2.727318    -1.5165   2.726969    3.01174    -0.0426    13.8155 0.0000e+00  -62.27883  -58.08633 1152378751 189.717040    34.2800     116552         19  0.000e+00
    102.079    -1.5129   2.727288    -1.5170   2.726917    3.01179    -0.0319    13.8155 1.9481e+00  -62.27883  -58.08633 1152378751 189.717041    34.2797     116553         19  0.000e+00
    102.012    -1.5125   2.727252    -1.5180   2.726888    3.01174    -0.0319    13.8155 1.9481e+00  -62.27883  -58.08633 1152378751 189.717041    34.2789     116554         19  0.000e+00
    102.012    -1.5125   2.727282    -1.5181   2.726836    3.01173    -0.0426    13.8155 1.9481e+00  -62.27883  -58.08633 1152378751 189.717042    34.2792     116555         19  0.000e+00
    101.946    -1.5138   2.727216    -1.5180   2.726819    3.01182    -0.0749    13.8155 0.0000e+00  -62.27883  -58.08633 1152378751 189.717046    34.2799     116563         20  0.000e+00
    101.946    -1.5142   2.727210    -1.5182   2.726830    3.01185    -0.0319    13.8155 0.0000e+00  -62.27883  -58.08633 1152378751 189.717046    34.2802     116564         20  0.000e+00
    101.869    -1.5139   2.727187    -1.5180   2.726819    3.01180    -0.0211    13.8155 0.0000e+00  -62.27883  -58.08633 1152378751 189.717047    34.2796     116565         20  0.000e+00
    101.984    -1.5143   2.727167    -1.5184   2.726830    3.01189    -0.0426    13.8155 1.9481e+00  -62.27883  -58.08633 1152378751 189.717047    34.2797     116566         20  0.000e+00
    101.802    -1.5135   2.727193    -1.5187   2.726842    3.01174    -0.0319    13.8155 1.9481e+00  -62.27883  -58.08633 1152378751 189.717048    34.2793     116567         20  0.000e+00
