product_data/regression_test/downloaded_data/MDGS/320620060703/ctd/p6609101.ros
* Sea-Bird SBE 9 Data File:
* FileName = D:\Data\Raw\P6609101.dat
* Software Version Seasave Win32 V 5.32
* Temperature SN = 1649
* Conductivity SN = 1431
* Number of Bytes Per Scan = 37
* Number of Voltage Words = 5
* Number of Scans Averaged by the Deck Unit = 1
* NMEA Latitude = 61 18.65 S
* NMEA Longitude = 057 57.06 W
* NMEA UTC (Time) = 17:20:17
** Ship:   Nathaniel B. Palmer 
** Cruise:    NBP0603 p0606
** Cast #: 01
** Station:   91
** Operator: yz
# nquan = 17
# nvalues = 1176                    
# units = specified
# name 0 = prDM: Pressure, Digiquartz [db]
# name 1 = t090C: Temperature [ITS-90, deg C]
# name 2 = c0S/m: Conductivity [S/m]
# name 3 = t190C: Temperature, 2 [ITS-90, deg C]
# name 4 = c1S/m: Conductivity, 2 [S/m]
# name 5 = sbeox0ML/L: Oxygen, SBE 43 [ml/l]
# name 6 = flECO-AFL: Fluorescence, Wetlab ECO-AFL/FL [mg/m^3]
# name 7 = bat: Beam Attenuation, Chelsea/Seatech/Wetlab CStar [1/m]
# name 8 = spar: SPAR/Surface Irradiance
# name 9 = latitude: Latitude [deg]
# name 10 = longitude: Longitude [deg]
# name 11 = timeY: Time, System [seconds]
# name 12 = timeJ: Julian Days
# name 13 = sal00: Salinity [PSU]
# name 14 = scan: scan number
# name 15 = nbf: number of bottles fired
# name 16 = flag:  0.000e+00
# interval = seconds: 0.0416667                   
# start_time = Jul 10 2006 17:20:25
*END*
[from data line 426]
    351.133     1.8229   3.051054     1.8243   3.051343    4.37903    -0.0749    13.8155 2.5326e+01  -61.31083  -57.95100 1152555943 191.767881    34.6576      94080          9  0.000e+00
    351.076     1.8232   3.051033     1.8242   3.051397    4.37897    -0.0749    13.8155 2.5326e+01  -61.31083  -57.95100 1152555943 191.767882    34.6570      94081          9  0.000e+00
    351.143     1.8225   3.051006     1.8245   3.051403    4.38365    -0.0964    13.8155 2.5326e+01  -61.31083  -57.95100 1152555943 191.767882    34.6573      94082          9  0.000e+00
    351.076     1.8221   3.050930     1.8246   3.051415    4.37911    -0.0857    13.8155 2.3378e+01  -61.31083  -57.95100 1152555943 191.767883    34.6569      94083          9  0.000e+00
    351.076     1.8217   3.050926     1.8245   3.051391    4.37915    -0.0426    13.8155 2.3378e+01  -61.31083  -57.95100 1152555943 191.767883    34.6573      94084          9  0.000e+00
    351.066     1.8218   3.050926     1.8245   3.051391    4.37914    -0.0426    13.8155 2.3378e+01  -61.31083  -57.95100 1152555943 191.767884    34.6572      94085          9  0.000e+00
    350.999     1.8219   3.050930     1.8251   3.051403    4.37908    -0.0534    13.8155 2.5326e+01  -61.31083  -57.95100 1152555943 191.767884    34.6571      94086          9  0.000e+00
    350.999     1.8227   3.050926     1.8246   3.051397    4.37901    -0.0749    13.8155 2.3378e+01  -61.31083  -57.95100 1152555943 191.767885    34.6562      94087          9  0.000e+00
    350.999     1.8227   3.050985     1.8245   3.051427    4.37899    -0.0857    13.8155 2.5326e+01  -61.31083  -57.95100 1152555943 191.767885    34.6570      94088          9  0.000e+00
    350.932     1.8229   3.051040     1.8243   3.051403    4.37891    -0.0964    13.8155 2.5326e+01  -61.31083  -57.95100 1152555943 191.767886    34.6575      94089          9  0.000e+00
    350.999     1.8231   3.050992     1.8245   3.051385    4.37895    -0.1072    13.8155 2.5326e+01  -61.31083  -57.95100 1152555943 191.767886    34.6567      94090          9  0.000e+00
    350.923     1.8230   3.051016     1.8245   3.051349    4.37890    -0.0642    13.8155 2.5326e+01  -61.31083  -57.95100 1152555943 191.767887    34.6571      94091          9  0.000e+00
    350.865     1.8232   3.051040     1.8238   3.051349    4.37884    -0.0642    13.8155 2.5326e+01  -61.31083  -57.95100 1152555943 191.767887    34.6572      94092          9  0.000e+00
    350.865     1.8230   3.051033     1.8236   3.051307    4.38343    -0.0749    13.8155 2.5326e+01  -61.31083  -57.95100 1152555943 191.767888    34.6573      94093          9  0.000e+00
    350.865     1.8232   3.051009     1.8235   3.051283    4.37886    -0.1072    13.8155 2.5326e+01  -61.31083  -57.95100 1152555944 191.767888    34.6568      94094          9  0.000e+00
    349.736     1.8194   3.050569     1.8184   3.050694    4.38324    -0.1395    13.8155 2.3378e+01  -61.31083  -57.95100 1152555946 191.767915    34.6561      94149         10  0.000e+00
    349.736     1.8192   3.050531     1.8187   3.050736    4.37871    -0.0857    13.8155 2.5326e+01  -61.31083  -57.95100 1152555946 191.767915    34.6559      94150         10  0.000e+00
    349.736     1.8191   3.050555     1.8193   3.050742    4.37871    -0.0319    13.8155 2.5326e+01  -61.31083  -57.95100 1152555946 191.767916    34.6562      94151         10  0.000e+00
    349.736     1.8192   3.050672     1.8190   3.050730    4.37865    -0.0964    13.8155 2.5326e+01  -61.31083  -57.95100 1152555946 191.767916    34.6576      94152         10  0.000e+00
    349.659     1.8209   3.050768     1.8190   3.050748    4.37842    -0.0964    13.8155 2.5326e+01  -61.31083  -57.95100 1152555946 191.767917    34.6570      94153         10  0.000e+00
    349.727     1.8208   3.050820     1.8193   3.050790    4.38302    -0.0964    13.8155 2.5326e+01  -61.31083  -57.95100 1152555946 191.767917    34.6577      94154         10  0.000e+00
    349.736     1.8216   3.050851     1.8192   3.050784    4.38294    -0.0534    13.8155 2.5326e+01  -61.31083  -57.95100 1152555946 191.767918    34.6572      94155         10  0.000e+00
    349.736     1.8212   3.050840     1.8198   3.050814    4.38298    -0.0642    13.8155 2.5326e+01  -61.31083  -57.95100 1152555946 191.767918    34.6575      94156         10  0.000e+00
    349.660     1.8205   3.050813     1.8198   3.050880    4.38301    -0.1072    13.8155 2.5326e+01  -61.31083  -57.95100 1152555946 191.767919    34.6580      94157         10  0.000e+00
    349.736     1.8213   3.050809     1.8204   3.050910    4.38298    -0.1395    13.8155 2.5326e+01  -61.31083  -57.95100 1152555946 191.767919    34.6570      94158         10  0.000e+00
    349.736     1.8215   3.050806     1.8209   3.050964    4.37840    -0.0857    13.8155 2.5326e+01  -61.31083  -57.95100 1152555946 191.767920    34.6568      94159         10  0.000e+00
    349.727     1.8216   3.050792     1.8211   3.050946    4.37839    -0.0857    13.8155 2.5326e+01  -61.31083  -57.95100 1152555946 191.767920    34.6565      94160         10  0.000e+00
    349.736     1.8211   3.050823     1.8209   3.050970    4.38299    -0.0749    13.8155 2.5326e+01  -61.31083  -57.95100 1152555946 191.767921    34.6574      94161         10  0.000e+00
    349.736     1.8215   3.050868     1.8210   3.050982    4.37837    -0.1180    13.8155 2.5326e+01  -61.31083  -57.95100 1152555946 191.767921    34.6575      94162         10  0.000e+00
    349.736     1.8216   3.050847     1.8215   3.050994    4.37837    -0.1395    13.8155 2.5326e+01  -61.31083  -57.95100 1152555946 191.767921    34.6572      94163         10  0.000e+00
    349.803     1.8214   3.050854     1.8206   3.050982    4.37842    -0.0749    13.8155 2.5326e+01  -61.31083  -57.95100 1152555946 191.767922    34.6574      94164         10  0.000e+00
    349.736     1.8215   3.050837     1.8209   3.050928    4.38296    -0.0319    13.8155 2.5326e+01  -61.31083  -57.95100 1152555946 191.767922    34.6572      94165         10  0.000e+00
    349.794     1.8214   3.050816     1.8199   3.050898    4.38300    -0.0534    13.8155 2.5326e+01  -61.31083  -57.95100 1152555946 191.767923    34.6569      94166         10  0.000e+00
    349.736     1.8213   3.050789     1.8209   3.050970    4.38299    -0.1072    13.8155 2.5326e+01  -61.31083  -57.95100 1152555947 191.767923    34.6568      94167         10  0.000e+00
    349.803     1.8215   3.050768     1.8214   3.051006    4.37845    -0.1287    13.8155 2.3378e+01  -61.31083  -57.95100 1152555947 191.767924    34.6563      94168         10  0.000e+00
    349.803     1.8210   3.050723     1.8218   3.051066    4.37852    -0.1610    13.8155 2.3378e+01  -61.31083  -57.95100 1152555947 191.767924    34.6563      94169         10  0.000e+00
    349.803     1.8205   3.050727     1.8221   3.051114    4.38313    -0.1180    13.8155 2.3378e+01  -61.31083  -57.95100 1152555947 191.767925    34.6568      94170         10  0.000e+00
    349.803     1.8201   3.050699     1.8223   3.051157    4.38317    -0.1395    13.8155 2.3378e+01  -61.31083  -57.95100 1152555947 191.767925    34.6569      94171         10  0.000e+00
    349.803     1.8207   3.050720     1.8226   3.051157    4.38311    -0.1395    13.8155 2.3378e+01  -61.31083  -57.95100 1152555947 191.767926    34.6566      94172         10  0.000e+00
    349.861     1.8203   3.050717     1.8225   3.051157    4.38318    -0.0857    13.8155 2.3378e+01  -61.31083  -57.95100 1152555947 191.767926    34.6568      94173         10  0.000e+00
    349.871     1.8206   3.050693     1.8225   3.051187    4.37860    -0.0642    13.8155 2.3378e+01  -61.31083  -57.95100 1152555947 191.767927    34.6563      94174         10  0.000e+00
    349.803     1.8203   3.050741     1.8231   3.051181    4.37857    -0.0964    13.8155 2.3378e+01  -61.31083  -57.95100 1152555947 191.767927    34.6572      94175         10  0.000e+00
    349.871     1.8203   3.050761     1.8234   3.051193    4.37860    -0.1610    13.8155 2.5326e+01  -61.31083  -57.95100 1152555947 191.767928    34.6574      94176         10  0.000e+00
    349.947     1.8212   3.050816     1.8231   3.051229    4.37855    -0.1395    13.8155 2.3378e+01  -61.31083  -57.95100 1152555947 191.767928    34.6571      94177         10  0.000e+00
    349.804     1.8213   3.050885     1.8227   3.051187    4.37843    -0.0964    13.8155 2.3378e+01  -61.31083  -57.95100 1152555947 191.767929    34.6579      94178         10  0.000e+00
    350.005     1.8222   3.050978     1.8227   3.051199    4.38300    -0.0534    13.8155 2.3378e+01  -61.31083  -57.95100 1152555947 191.767929    34.6580      94179         10  0.000e+00
    349.947     1.8221   3.050981     1.8220   3.051157    4.38297    -0.0642    13.8155 2.3378e+01  -61.31083  -57.95100 1152555947 191.767930    34.6582      94180         10  0.000e+00
    349.947     1.8222   3.050943     1.8221   3.051151    4.38298    -0.0749    13.8155 2.3378e+01  -61.31083  -57.95100 1152555947 191.767930    34.6576      94181         10  0.000e+00
    349.947     1.8222   3.050950     1.8226   3.051139    4.38297    -0.0964    13.8155 2.3378e+01  -61.31083  -57.95100 1152555947 191.767931    34.6577      94182         10  0.000e+00
    350.014     1.8227   3.050950     1.8221   3.051127    4.37840    -0.0964    13.8155 2.3378e+01  -61.31083  -57.95100 1152555947 191.767931    34.6571      94183         10  0.000e+00
    350.005     1.8222   3.050899     1.8223   3.051127    4.38303    -0.0749    13.8155 2.5326e+01  -61.31083  -57.95100 1152555947 191.767932    34.6570      94184         10  0.000e+00
    350.014     1.8218   3.050895     1.8218   3.051115    4.37851    -0.0964    13.8155 2.3378e+01  -61.31083  -57.95100 1152555947 191.767932    34.6574      94185         10  0.000e+00
    350.091     1.8222   3.050888     1.8218   3.051097    4.37851    -0.1395    13.8155 2.3378e+01  -61.31083  -57.95100 1152555947 191.767933    34.6568      94186         10  0.000e+00
    350.091     1.8218   3.050864     1.8217   3.051109    4.37857    -0.1180    13.8155 2.3378e+01  -61.31083  -57.95100 1152555947 191.767933    34.6570      94187         10  0.000e+00
    350.091     1.8218   3.050837     1.8220   3.051097    4.38314    -0.0749    13.8155 2.5326e+01  -61.31083  -57.95100 1152555947 191.767934    34.6566      94188         10  0.000e+00
    350.091     1.8216   3.050851     1.8215   3.051085    4.38316    -0.1072    13.8155 2.5326e+01  -61.31083  -57.95100 1152555947 191.767934    34.6570      94189         10  0.000e+00
    350.149     1.8214   3.050823     1.8217   3.051049    4.38322    -0.1180    13.8155 2.5326e+01  -61.31083  -57.95100 1152555948 191.767935    34.6568      94190         10  0.000e+00
    350.158     1.8212   3.050806     1.8217   3.051073    4.37868    -0.0964    13.8155 2.5326e+01  -61.31083  -57.95100 1152555948 191.767935    34.6569      94191         10  0.000e+00
    350.158     1.8213   3.050809     1.8217   3.051091    4.37867    -0.0857    13.8155 2.5326e+01  -61.31083  -57.95100 1152555948 191.767935    34.6568      94192         10  0.000e+00
    350.225     1.8211   3.050861     1.8217   3.051109    4.37871    -0.0964    13.8155 2.5326e+01  -61.31083  -57.95100 1152555948 191.767936    34.6576      94193         10  0.000e+00
    350.225     1.8209   3.050827     1.8218   3.051121    4.37874    -0.0319    13.8155 2.5326e+01  -61.31083  -57.95100 1152555948 191.767936    34.6574      94194         10  0.000e+00
    350.225     1.8211   3.050813     1.8223   3.051145    4.38329    -0.0534    13.8155 2.5326e+01  -61.31083  -57.95100 1152555948 191.767937    34.6570      94195         10  0.000e+00
    350.292     1.8213   3.050844     1.8217   3.051139    4.38331    -0.0749    13.8155 2.5326e+01  -61.31083  -57.95100 1152555948 191.767937    34.6571      94196         10  0.000e+00
    350.302     1.8210   3.050785     1.8221   3.051151    4.38336    -0.0642    13.8155 2.3378e+01  -61.31083  -57.95100 1152555948 191.767938    34.6567      94197         10  0.000e+00
    299.175     1.7577   3.040413     1.7525   3.040234    4.37551    -0.0857    13.8155 2.3378e+01  -61.31083  -57.95100 1152556082 191.769486    34.6245      97407         11  0.000e+00
    299.223     1.7573   3.040358     1.7526   3.040222    4.37105    -0.0642    13.8155 2.3378e+01  -61.31083  -57.95100 1152556082 191.769486    34.6243      97408         11  0.000e+00
    299.146     1.7565   3.040348     1.7531   3.040234    4.37108    -0.0749    13.8155 2.3378e+01  -61.31083  -57.95100 1152556082 191.769487    34.6251      97409         11  0.000e+00
    299.175     1.7566   3.040310     1.7535   3.040246    4.37110    -0.1180    13.8155 2.3378e+01  -61.31083  -57.95100 1152556082 191.769487    34.6244      97410         11  0.000e+00
    299.079     1.7563   3.040262     1.7531   3.040270    4.36654    -0.1287    13.8155 2.3378e+01  -61.31083  -57.95100 1152556082 191.769488    34.6242      97411         11  0.000e+00
    299.146     1.7555   3.040197     1.7534   3.040252    4.37122    -0.1072    13.8155 2.3378e+01  -61.31083  -57.95100 1152556082 191.769488    34.6242      97412         11  0.000e+00
    299.108     1.7550   3.040122     1.7528   3.040246    4.37127    -0.0857    13.8155 2.3378e+01  -61.31083  -57.95100 1152556082 191.769489    34.6238      97413         11  0.000e+00
    299.079     1.7546   3.040087     1.7523   3.040180    4.37131    -0.0749    13.8155 2.3378e+01  -61.31083  -57.95100 1152556082 191.769489    34.6239      97414         11  0.000e+00
    299.146     1.7538   3.039954     1.7526   3.040180    4.37147    -0.0964    13.8155 2.3378e+01  -61.31083  -57.95100 1152556082 191.769490    34.6231      97415         11  0.000e+00
    299.079     1.7524   3.039875     1.7522   3.040210    4.37158    -0.0857    13.8155 2.3378e+01  -61.31083  -57.95100 1152556082 191.769490    34.6236      97416         11  0.000e+00
    299.031     1.7524   3.039844     1.7520   3.040174    4.37157    -0.1180    13.8155 2.3378e+01  -61.31083  -57.95100 1152556082 191.769491    34.6233      97417         11  0.000e+00
    299.079     1.7522   3.039820     1.7517   3.040144    4.37162    -0.1502    13.8155 2.3378e+01  -61.31083  -57.95100 1152556082 191.769491    34.6231      97418         11  0.000e+00
    299.079     1.7519   3.039868     1.7515   3.040090    4.37618    -0.1180    13.8155 2.3378e+01  -61.31083  -57.95100 1152556082 191.769492    34.6241      97419         11  0.000e+00
    299.031     1.7514   3.039851     1.7505   3.040054    4.37620    -0.0749    13.8155 2.3378e+01  -61.31083  -57.95100 1152556082 191.769492    34.6244      97420         11  0.000e+00
    299.079     1.7522   3.039875     1.7509   3.040048    4.37614    -0.0319    13.8155 2.3378e+01  -61.31083  -57.95100 1152556082 191.769493    34.6238      97421         11  0.000e+00
    299.003     1.7525   3.039888     1.7512   3.040006    4.37607    -0.0534    13.8155 2.3378e+01  -61.31083  -57.95100 1152556082 191.769493    34.6237      97422         11  0.000e+00
    299.032     1.7519   3.039868     1.7502   3.039970    4.37615    -0.0749    13.8155 2.3378e+01  -61.31083  -57.95100 1152556082 191.769494    34.6241      97423         11  0.000e+00
    299.079     1.7519   3.039882     1.7506   3.039964    4.37617    -0.0534    13.8155 2.3378e+01  -61.31083  -57.95100 1152556082 191.769494    34.6242      97424         11  0.000e+00
    299.003     1.7522   3.039888     1.7514   3.040024    4.37609    -0.0534    13.8155 2.3378e+01  -61.31083  -57.95100 1152556082 191.769495    34.6240      97425         11  0.000e+00
    299.079     1.7517   3.039851     1.7511   3.040024    4.37620    -0.0964    13.8155 2.1430e+01  -61.31083  -57.95100 1152556082 191.769495    34.6240      97426         11  0.000e+00
