product_data/regression_test/downloaded_data/MDGS/320620060703/ctd/p6609311.ros
* Sea-Bird SBE 9 Data File:
* FileName = D:\Data\Raw\p6609311.dat
* Software Version Seasave Win32 V 5.32
* Temperature SN = 1649
* Conductivity SN = 1431
* Number of Bytes Per Scan = 37
* Number of Voltage Words = 5
* Number of Scans Averaged by the Deck Unit = 1
* NMEA Latitude = 61 07.50 S
* NMEA Longitude = 058 05.61 W
* NMEA UTC (Time) = 11:04:14
** Ship:   Nathaniel B. Palmer nbp
** Cruise:    NBP0606 nbp0606
# nquan = 17
# nvalues = 1176                    
# units = specified
# name 0 = prDM: Pressure, Digiquartz [db]
# name 1 = t090C: Temperature [ITS-90, deg C]
# name 2 = c0S/m: Conductivity [S/m]
# name 3 = t190C: Temperature, 2 [ITS-90, deg C]
# name 4 = c1S/m: Conductivity, 2 [S/m]
# name 5 = sbeox0ML/L: Oxygen, SBE 43 [ml/l]
# name 6 = flECO-AFL: Fluorescence, Wetlab ECO-AFL/FL [mg/m^3]
# name 7 = bat: Beam Attenuation, Chelsea/Seatech/Wetlab CStar [1/m]
# name 8 = spar: SPAR/Surface Irradiance
# name 9 = latitude: Latitude [deg]
# name 10 = longitude: Longitude [deg]
# name 11 = timeY: Time, System [seconds]
# name 12 = timeJ: Julian Days
# name 13 = sal00: Salinity [PSU]
# name 14 = scan: scan number
# name 15 = nbf: number of bottles fired
# name 16 = flag:  0.000e+00
# interval = seconds: 0.0416667                   
# start_time = Jul 11 2006 11:04:21
*END*
[from data line 681]
   3002.910     0.5005   3.049405     0.5004   3.049699    1.52820    -0.0964    13.8155 0.0000e+00  -61.12500  -58.09350 1152619974 192.508976    34.6981      98749         14  0.000e+00
   3002.841     0.4999   3.049412     0.5001   3.049675    1.52822    -0.1180    13.8155 0.0000e+00  -61.12500  -58.09350 1152619974 192.508976    34.6989      98750         14  0.000e+00
   3002.910     0.4995   3.049381     0.4999   3.049669    1.52826    -0.1072    13.8155 0.0000e+00  -61.12500  -58.09350 1152619974 192.508977    34.6989      98751         14  0.000e+00
   3002.841     0.4996   3.049350     0.4996   3.049663    1.52824    -0.1072    13.8155 0.0000e+00  -61.12500  -58.09350 1152619974 192.508977    34.6984      98752         14  0.000e+00
   3002.920     0.4994   3.049364     0.4996   3.049663    1.52827    -0.0857    13.8155 0.0000e+00  -61.12500  -58.09350 1152619974 192.508978    34.6988      98753         14  0.000e+00
   2999.958     0.4992   3.049253     0.4995   3.049518    1.52767    -0.0857    13.8155 0.0000e+00  -61.12500  -58.09350 1152619979 192.509038    34.6990      98878         15  0.000e+00
   3000.038     0.4992   3.049267     0.4993   3.049524    1.52768    -0.1072    13.8155 0.0000e+00  -61.12500  -58.09350 1152619979 192.509038    34.6991      98879         15  0.000e+00
   2999.958     0.4991   3.049253     0.4991   3.049542    1.52767    -0.0749    13.8155 0.0000e+00  -61.12500  -58.09350 1152619979 192.509039    34.6991      98880         15  0.000e+00
   3000.048     0.4990   3.049246     0.4999   3.049530    1.52770    -0.1072    13.8155 0.0000e+00  -61.12500  -58.09350 1152619979 192.509039    34.6990      98881         15  0.000e+00
   2999.958     0.4991   3.049246     0.4996   3.049566    1.52768    -0.1180    13.8155 0.0000e+00  -61.12500  -58.09350 1152619979 192.509040    34.6990      98882         15  0.000e+00
   3000.038     0.4990   3.049284     0.4998   3.049512    1.52769    -0.1072    13.8155 0.0000e+00  -61.12500  -58.09350 1152619979 192.509040    34.6995      98883         15  0.000e+00
   3000.118     0.4989   3.049298     0.5001   3.049536    1.52771    -0.0857    13.8155 0.0000e+00  -61.12500  -58.09350 1152619980 192.509041    34.6997      98884         15  0.000e+00
   3000.038     0.4994   3.049277     0.4991   3.049530    1.52767    -0.0964    13.8155 0.0000e+00  -61.12500  -58.09350 1152619980 192.509041    34.6990      98885         15  0.000e+00
   3000.118     0.4992   3.049291     0.4993   3.049542    1.52770    -0.0857    13.8155 0.0000e+00  -61.12500  -58.09350 1152619980 192.509042    34.6994      98886         15  0.000e+00
   3000.048     0.4992   3.049298     0.4995   3.049554    1.52768    -0.0857    13.8155 0.0000e+00  -61.12500  -58.09350 1152619980 192.509042    34.6994      98887         15  0.000e+00
   3000.118     0.4992   3.049315     0.4996   3.049530    1.52769    -0.1287    13.8155 0.0000e+00  -61.12500  -58.09350 1152619980 192.509043    34.6996      98888         15  0.000e+00
   3000.118     0.4994   3.049322     0.4999   3.049542    1.52768    -0.1180    13.8155 0.0000e+00  -61.12500  -58.09350 1152619980 192.509043    34.6996      98889         15  0.000e+00
   3000.197     0.4989   3.049284     0.4998   3.049554    1.52773    -0.1072    13.8155 0.0000e+00  -61.12500  -58.09350 1152619980 192.509044    34.6995      98890         15  0.000e+00
   3000.118     0.4994   3.049253     0.4993   3.049530    1.52769    -0.0857    13.8155 0.0000e+00  -61.12500  -58.09350 1152619980 192.509044    34.6987      98891         15  0.000e+00
   3000.187     0.4992   3.049284     0.5001   3.049524    1.52771    -0.0857    13.8155 0.0000e+00  -61.12500  -58.09350 1152619980 192.509045    34.6992      98892         15  0.000e+00
   3000.197     0.4989   3.049239     0.4995   3.049542    1.52773    -0.1072    13.8155 0.0000e+00  -61.12500  -58.09350 1152619980 192.509045    34.6990      98893         15  0.000e+00
   3000.267     0.4984   3.049239     0.4996   3.049530    1.52778    -0.0857    13.8155 0.0000e+00  -61.12500  -58.09350 1152619980 192.509046    34.6995      98894         15  0.000e+00
   3000.187     0.4992   3.049267     0.4996   3.049524    1.52771    -0.0964    13.8155 0.0000e+00  -61.12500  -58.09350 1152619980 192.509046    34.6990      98895         15  0.000e+00
   3000.277     0.4987   3.049253     0.4993   3.049542    1.52776    -0.1180    13.8155 0.0000e+00  -61.12500  -58.09350 1152619980 192.509047    34.6994      98896         15  0.000e+00
   3000.336     0.4992   3.049267     0.4993   3.049554    1.52774    -0.0857    13.8155 0.0000e+00  -61.12500  -58.09350 1152619980 192.509047    34.6989      98897         15  0.000e+00
   3000.267     0.4988   3.049253     0.4990   3.049554    1.52776    -0.1072    13.8155 0.0000e+00  -61.12500  -58.09350 1152619980 192.509048    34.6993      98898         15  0.000e+00
   3000.346     0.4984   3.049284     0.4995   3.049512    1.52779    -0.1180    13.8155 0.0000e+00  -61.12500  -58.09350 1152619980 192.509048    34.7000      98899         15  0.000e+00
   3000.336     0.4986   3.049257     0.4993   3.049560    1.52778    -0.0749    13.8155 0.0000e+00  -61.12500  -58.09350 1152619980 192.509049    34.6995      98900         15  0.000e+00
   3000.416     0.4989   3.049267     0.4998   3.049560    1.52778    -0.0964    13.8155 0.0000e+00  -61.12500  -58.09350 1152619980 192.509049    34.6992      98901         15  0.000e+00
   3000.346     0.4984   3.049232     0.4995   3.049554    1.52780    -0.1072    13.8155 0.0000e+00  -61.12500  -58.09350 1152619980 192.509049    34.6994      98902         15  0.000e+00
   3000.416     0.4989   3.049243     0.4991   3.049530    1.52778    -0.1180    13.8155 0.0000e+00  -61.12500  -58.09350 1152619980 192.509050    34.6989      98903         15  0.000e+00
   3000.416     0.4984   3.049229     0.4993   3.049524    1.52781    -0.1072    13.8155 0.0000e+00  -61.12500  -58.09350 1152619980 192.509050    34.6993      98904         15  0.000e+00
   3000.495     0.4986   3.049277     0.4993   3.049542    1.52781    -0.0964    13.8155 0.0000e+00  -61.12500  -58.09350 1152619980 192.509051    34.6996      98905         15  0.000e+00
   3000.495     0.4989   3.049260     0.4993   3.049530    1.52779    -0.1072    13.8155 0.0000e+00  -61.12500  -58.09350 1152619980 192.509051    34.6991      98906         15  0.000e+00
   3000.495     0.4992   3.049246     0.4993   3.049542    1.52778    -0.1718    13.8155 0.0000e+00  -61.12500  -58.09350 1152619980 192.509052    34.6986      98907         15  0.000e+00
   3000.575     0.4988   3.049284     0.4996   3.049530    1.52782    -0.1933    13.8155 0.0000e+00  -61.12500  -58.09350 1152619981 192.509052    34.6995      98908         15  0.000e+00
   3000.565     0.4989   3.049257     0.4990   3.049524    1.52781    -0.1933    13.8155 0.0000e+00  -61.12500  -58.09350 1152619981 192.509053    34.6991      98909         15  0.000e+00
   3000.565     0.4991   3.049284     0.4995   3.049542    1.52780    -0.1395    13.8155 0.0000e+00  -61.12500  -58.09350 1152619981 192.509053    34.6992      98910         15  0.000e+00
   3000.575     0.4989   3.049298     0.4993   3.049554    1.52781    -0.0964    13.8155 0.0000e+00  -61.12500  -58.09350 1152619981 192.509054    34.6995      98911         15  0.000e+00
   3000.645     0.4989   3.049277     0.4989   3.049530    1.52783    -0.0964    13.8155 0.0000e+00  -61.12500  -58.09350 1152619981 192.509054    34.6993      98912         15  0.000e+00
   3000.724     0.4986   3.049291     0.4991   3.049524    1.52786    -0.1072    13.8155 0.0000e+00  -61.12500  -58.09350 1152619981 192.509055    34.6997      98913         15  0.000e+00
   3000.724     0.4991   3.049315     0.4995   3.049542    1.52783    -0.1072    13.8155 0.0000e+00  -61.12500  -58.09350 1152619981 192.509055    34.6995      98914         15  0.000e+00
   3000.724     0.4989   3.049301     0.4991   3.049530    1.52784    -0.0534    13.8155 0.0000e+00  -61.12500  -58.09350 1152619981 192.509056    34.6996      98915         15  0.000e+00
   3000.724     0.4988   3.049277     0.4995   3.049542    1.52785    -0.0534    13.8155 0.0000e+00  -61.12500  -58.09350 1152619981 192.509056    34.6994      98916         15  0.000e+00
   3000.794     0.4995   3.049308     0.4993   3.049530    1.52782    -0.1072    13.8155 0.0000e+00  -61.12500  -58.09350 1152619981 192.509057    34.6989      98917         15  0.000e+00
   3000.804     0.4992   3.049301     0.4993   3.049542    1.52109    -0.1072    13.8155 0.0000e+00  -61.12500  -58.09350 1152619981 192.509057    34.6991      98918         15  0.000e+00
   3000.873     0.4991   3.049298     0.4993   3.049554    1.52786    -0.1180    13.8155 0.0000e+00  -61.12500  -58.09350 1152619981 192.509058    34.6992      98919         15  0.000e+00
   3000.873     0.4994   3.049277     0.4996   3.049554    1.52785    -0.1287    13.8155 0.0000e+00  -61.12500  -58.09350 1152619981 192.509058    34.6987      98920         15  0.000e+00
   3000.883     0.4989   3.049291     0.4998   3.049572    1.52787    -0.1287    13.8155 0.0000e+00  -61.12500  -58.09350 1152619981 192.509059    34.6993      98921         15  0.000e+00
   3000.943     0.4994   3.049298     0.4995   3.049578    1.52786    -0.1180    13.8155 0.0000e+00  -61.12500  -58.09350 1152619981 192.509059    34.6989      98922         15  0.000e+00
   3000.943     0.4989   3.049298     0.4995   3.049536    1.52789    -0.1287    13.8155 0.0000e+00  -61.12500  -58.09350 1152619981 192.509060    34.6994      98923         15  0.000e+00
   3000.953     0.4988   3.049332     0.4995   3.049584    1.52789    -0.1610    13.8155 0.0000e+00  -61.12500  -58.09350 1152619981 192.509060    34.7000      98924         15  0.000e+00
   3001.102     0.4990   3.049346     0.4995   3.049566    1.52791    -0.0749    13.8155 0.0000e+00  -61.12500  -58.09350 1152619981 192.509061    34.6998      98925         15  0.000e+00
   3001.022     0.4989   3.049325     0.4995   3.049572    1.52790    -0.0749    13.8155 0.0000e+00  -61.12500  -58.09350 1152619981 192.509061    34.6997      98926         15  0.000e+00
   3001.630     0.4995   3.049350     0.4999   3.049632    1.52799    -0.0964    13.8155 0.0000e+00  -61.12500  -58.09350 1152619987 192.509122    34.6991      99053         16  0.000e+00
   3001.640     0.4997   3.049363     0.5003   3.049638    1.52798    -0.0749    13.8155 0.0000e+00  -61.12500  -58.09350 1152619987 192.509123    34.6990      99054         16  0.000e+00
   3001.779     0.4992   3.049370     0.5003   3.049638    1.52804    -0.0749    13.8155 0.0000e+00  -61.12500  -58.09350 1152619987 192.509123    34.6996      99055         16  0.000e+00
   3001.550     0.4996   3.049332     0.5003   3.049620    1.52797    -0.0857    13.8155 0.0000e+00  -61.12500  -58.09350 1152619987 192.509124    34.6988      99056         16  0.000e+00
   3001.640     0.4992   3.049357     0.4998   3.049608    1.52801    -0.1502    13.8155 0.0000e+00  -61.12500  -58.09350 1152619987 192.509124    34.6994      99057         16  0.000e+00
   3001.630     0.5000   3.049332     0.4999   3.049608    1.52797    -0.1287    13.8155 0.0000e+00  -61.12500  -58.09350 1152619987 192.509125    34.6983      99058         16  0.000e+00
   3001.481     0.4996   3.049374     0.5004   3.049608    1.52795    -0.1072    13.8155 0.0000e+00  -61.12500  -58.09350 1152619987 192.509125    34.6994      99059         16  0.000e+00
   3001.550     0.4995   3.049339     0.5004   3.049608    1.52798    -0.0964    13.8155 0.0000e+00  -61.12500  -58.09350 1152619987 192.509126    34.6990      99060         16  0.000e+00
   3001.550     0.5000   3.049339     0.5001   3.049614    1.52795    -0.0749    13.8155 0.0000e+00  -61.12500  -58.09350 1152619987 192.509126    34.6984      99061         16  0.000e+00
   3001.560     0.4994   3.049326     0.4996   3.049608    1.52799    -0.0749    13.8155 0.0000e+00  -61.12500  -58.09350 1152619987 192.509127    34.6989      99062         16  0.000e+00
   3001.481     0.5000   3.049322     0.5003   3.049590    1.52794    -0.1180    13.8155 0.0000e+00  -61.12500  -58.09350 1152619987 192.509127    34.6983      99063         16  0.000e+00
   3001.481     0.4996   3.049339     0.5001   3.049578    1.52796    -0.1180    13.8155 0.0000e+00  -61.12500  -58.09350 1152619987 192.509128    34.6990      99064         16  0.000e+00
   3001.481     0.4994   3.049346     0.5001   3.049602    1.52797    -0.0857    13.8155 0.0000e+00  -61.12500  -58.09350 1152619987 192.509128    34.6992      99065         16  0.000e+00
   3001.401     0.5000   3.049363     0.5003   3.049590    1.52792    -0.1072    13.8155 0.0000e+00  -61.12500  -58.09350 1152619987 192.509129    34.6988      99066         16  0.000e+00
   3001.322     0.4992   3.049315     0.5001   3.049578    1.52795    -0.1072    13.8155 0.0000e+00  -61.12500  -58.09350 1152619987 192.509129    34.6991      99067         16  0.000e+00
   3001.481     0.4998   3.049332     0.5003   3.049620    1.52120    -0.1072    13.8155 0.0000e+00  -61.12500  -58.09350 1152619987 192.509130    34.6986      99068         16  0.000e+00
   3001.401     0.4999   3.049326     0.5001   3.049590    1.52793    -0.1072    13.8155 0.0000e+00  -61.12500  -58.09350 1152619987 192.509130    34.6985      99069         16  0.000e+00
   3001.401     0.4996   3.049322     0.4996   3.049578    1.52794    -0.0857    13.8155 0.0000e+00  -61.12500  -58.09350 1152619987 192.509130    34.6988      99070         16  0.000e+00
   3001.332     0.4992   3.049301     0.5003   3.049584    1.52795    -0.0749    13.8155 0.0000e+00  -61.12500  -58.09350 1152619987 192.509131    34.6989      99071         16  0.000e+00
   3001.322     0.4997   3.049315     0.4998   3.049620    1.52792    -0.0642    13.8155 0.0000e+00  -61.12500  -58.09350 1152619987 192.509131    34.6986      99072         16  0.000e+00
   3001.322     0.4996   3.049356     0.4991   3.049596    1.52792    -0.0964    13.8155 0.0000e+00  -61.12500  -58.09350 1152619987 192.509132    34.6992      99073         16  0.000e+00
   3001.262     0.4997   3.049350     0.5003   3.049602    1.52116    -0.0857    13.8155 0.0000e+00  -61.12500  -58.09350 1152619987 192.509132    34.6991      99074         16  0.000e+00
   3001.322     0.4996   3.049363     0.4999   3.049542    1.52792    -0.0642    13.8155 0.0000e+00  -61.12500  -58.09350 1152619988 192.509133    34.6993      99075         16  0.000e+00
   3001.252     0.5000   3.049332     0.5003   3.049590    1.52789    -0.0642    13.8155 0.0000e+00  -61.12500  -58.09350 1152619988 192.509133    34.6985      99076         16  0.000e+00
   3001.262     0.4994   3.049356     0.5004   3.049632    1.52792    -0.0642    13.8155 0.0000e+00  -61.12500  -58.09350 1152619988 192.509134    34.6995      99077         16  0.000e+00
   3001.252     0.4996   3.049332     0.4999   3.049596    1.52791    -0.0749    13.8155 0.0000e+00  -61.12500  -58.09350 1152619988 192.509134    34.6990      99078         16  0.000e+00
   3001.173     0.4992   3.049339     0.4996   3.049584    1.52791    -0.1180    13.8155 0.0000e+00  -61.12500  -58.09350 1152619988 192.509135    34.6995      99079         16  0.000e+00
   3001.262     0.4991   3.049326     0.4999   3.049578    1.52794    -0.1825    13.8155 0.0000e+00  -61.12500  -58.09350 1152619988 192.509135    34.6994      99080         16  0.000e+00
   3001.173     0.5000   3.049301     0.5001   3.049578    1.52787    -0.1718    13.8155 0.0000e+00  -61.12500  -58.09350 1152619988 192.509136    34.6981      99081         16  0.000e+00
   3001.173     0.4994   3.049315     0.4998   3.049602    1.52791    -0.0857    13.8155 0.0000e+00  -61.12500  -58.09350 1152619988 192.509136    34.6990      99082         16  0.000e+00
