product_data/regression_test/downloaded_data/MDGS/320620060703/ctd/p6609003.ros
* Sea-Bird SBE 9 Data File:
* FileName = D:\Data\Raw\P6609003.dat
* Software Version Seasave Win32 V 5.32
* Temperature SN = 1649
* Conductivity SN = 1431
* Number of Bytes Per Scan = 37
* Number of Voltage Words = 5
* Number of Scans Averaged by the Deck Unit = 1
* NMEA Latitude = 61 22.54 S
* NMEA Longitude = 057 54.34 W
* NMEA UTC (Time) = 13:28:01
** Ship:   Nathaniel B. Palmer 
** Cruise:    NBP0603 p0606
** Cast #: 03
** Station:   90
** Operator: rdd
# nquan = 17
# nvalues = 1176                    
# units = specified
# name 0 = prDM: Pressure, Digiquartz [db]
# name 1 = t090C: Temperature [ITS-90, deg C]
# name 2 = c0S/m: Conductivity [S/m]
# name 3 = t190C: Temperature, 2 [ITS-90, deg C]
# name 4 = c1S/m: Conductivity, 2 [S/m]
# name 5 = sbeox0ML/L: Oxygen, SBE 43 [ml/l]
# name 6 = flECO-AFL: Fluorescence, Wetlab ECO-AFL/FL [mg/m^3]
# name 7 = bat: Beam Attenuation, Chelsea/Seatech/Wetlab CStar [1/m]
# name 8 = spar: SPAR/Surface Irradiance
# name 9 = latitude: Latitude [deg]
# name 10 = longitude: Longitude [deg]
# name 11 = timeY: Time, System [seconds]
# name 12 = timeJ: Julian Days
# name 13 = sal00: Salinity [PSU]
# name 14 = scan: scan number
# name 15 = nbf: number of bottles fired
# name 16 = flag:  0.000e+00
# interval = seconds: 0.0416667                   
# start_time = Jul 10 2006 13:28:09
*END*
   1000.230     1.1979   3.030718     1.1986   3.030986    4.89305    -0.1072    13.8155 4.6756e+01  -61.37567  -57.90567 1152540690 191.591341    34.7231      62469          1  0.000e+00
   1000.085     1.1979   3.030746     1.1984   3.030968    4.88787    -0.1072    13.8155 4.6756e+01  -61.37567  -57.90567 1152540690 191.591341    34.7235      62470          1  0.000e+00
   1000.230     1.1989   3.030732     1.1987   3.030962    4.88788    -0.0642    13.8155 4.6756e+01  -61.37567  -57.90567 1152540690 191.591342    34.7223      62471          1  0.000e+00
   1000.114     1.1978   3.030674     1.1989   3.030980    4.89300    -0.0426    13.8155 4.4807e+01  -61.37567  -57.90567 1152540690 191.591342    34.7228      62472          1  0.000e+00
   1000.085     1.1983   3.030691     1.1987   3.030986    4.89292    -0.0964    13.8155 4.6756e+01  -61.37567  -57.90567 1152540690 191.591343    34.7225      62473          1  0.000e+00
   1000.018     1.1984   3.030681     1.1984   3.030968    4.89287    -0.1072    13.8155 4.6756e+01  -61.37567  -57.90567 1152540691 191.591343    34.7223      62474          1  0.000e+00
   1000.163     1.1986   3.030718     1.1984   3.031004    4.89293    -0.1395    13.8155 4.6756e+01  -61.37567  -57.90567 1152540691 191.591344    34.7224      62475          1  0.000e+00
   1000.085     1.1976   3.030725     1.1985   3.030992    4.89298    -0.0749    13.8155 4.4807e+01  -61.37567  -57.90567 1152540691 191.591344    34.7236      62476          1  0.000e+00
   1000.037     1.1984   3.030712     1.1983   3.030968    4.89287    -0.0857    13.8155 4.4807e+01  -61.37567  -57.90567 1152540691 191.591345    34.7226      62477          1  0.000e+00
   1000.085     1.1983   3.030718     1.1989   3.030962    4.89291    -0.0749    13.8155 4.6756e+01  -61.37567  -57.90567 1152540691 191.591345    34.7228      62478          1  0.000e+00
   1000.018     1.1983   3.030712     1.1984   3.030980    4.89287    -0.1180    13.8155 4.4807e+01  -61.37567  -57.90567 1152540691 191.591345    34.7228      62479          1  0.000e+00
   1000.018     1.1978   3.030701     1.1987   3.030968    4.89293    -0.1395    13.8155 4.6756e+01  -61.37567  -57.90567 1152540691 191.591346    34.7232      62480          1  0.000e+00
   1000.085     1.1979   3.030701     1.1984   3.030962    4.88789    -0.1180    13.8155 4.4807e+01  -61.37567  -57.90567 1152540691 191.591346    34.7230      62481          1  0.000e+00
   1000.018     1.1983   3.030688     1.1987   3.030980    4.89288    -0.1395    13.8155 4.2859e+01  -61.37567  -57.90567 1152540691 191.591347    34.7225      62482          1  0.000e+00
    999.969     1.1979   3.030715     1.1983   3.030968    4.88781    -0.1610    13.8155 4.4807e+01  -61.37567  -57.90567 1152540691 191.591347    34.7232      62483          1  0.000e+00
   1000.018     1.1984   3.030729     1.1984   3.030980    4.89285    -0.1287    13.8155 4.4807e+01  -61.37567  -57.90567 1152540691 191.591348    34.7228      62484          1  0.000e+00
    999.950     1.1983   3.030708     1.1986   3.030968    4.88776    -0.1180    13.8155 4.4807e+01  -61.37567  -57.90567 1152540691 191.591348    34.7228      62485          1  0.000e+00
   1000.018     1.1981   3.030705     1.1981   3.030962    4.89289    -0.0857    13.8155 4.4807e+01  -61.37567  -57.90567 1152540691 191.591349    34.7229      62486          1  0.000e+00
    999.950     1.1989   3.030701     1.1984   3.030980    4.89277    -0.0964    13.8155 4.4807e+01  -61.37567  -57.90567 1152540691 191.591349    34.7220      62487          1  0.000e+00
    999.950     1.1979   3.030718     1.1985   3.030968    4.89286    -0.0964    13.8155 4.4807e+01  -61.37567  -57.90567 1152540691 191.591350    34.7233      62488          1  0.000e+00
    999.969     1.1979   3.030729     1.1987   3.030980    4.89286    -0.1287    13.8155 4.4807e+01  -61.37567  -57.90567 1152540691 191.591350    34.7234      62489          1  0.000e+00
    999.950     1.1979   3.030708     1.1981   3.030968    4.89286    -0.1180    13.8155 4.4807e+01  -61.37567  -57.90567 1152540691 191.591351    34.7232      62490          1  0.000e+00
    999.950     1.1979   3.030722     1.1981   3.030962    4.89285    -0.0964    13.8155 4.6756e+01  -61.37567  -57.90567 1152540691 191.591351    34.7233      62491          1  0.000e+00
    999.950     1.1979   3.030691     1.1984   3.030980    4.88780    -0.0749    13.8155 4.4807e+01  -61.37567  -57.90567 1152540691 191.591352    34.7229      62492          1  0.000e+00
    999.873     1.1981   3.030694     1.1984   3.030968    4.89280    -0.0857    13.8155 4.4807e+01  -61.37567  -57.90567 1152540691 191.591352    34.7229      62493          1  0.000e+00
    999.950     1.1981   3.030705     1.1986   3.030938    4.88778    -0.1180    13.8155 4.4807e+01  -61.37567  -57.90567 1152540691 191.591353    34.7229      62494          1  0.000e+00
    999.825     1.1978   3.030667     1.1984   3.030950    4.89281    -0.1180    13.8155 4.4807e+01  -61.37567  -57.90567 1152540691 191.591353    34.7228      62495          1  0.000e+00
    999.873     1.1982   3.030674     1.1987   3.030944    4.89279    -0.0857    13.8155 4.4807e+01  -61.37567  -57.90567 1152540691 191.591354    34.7224      62496          1  0.000e+00
    999.873     1.1978   3.030694     1.1986   3.030956    4.89283    -0.0964    13.8155 4.4807e+01  -61.37567  -57.90567 1152540691 191.591354    34.7232      62497          1  0.000e+00
    999.873     1.1979   3.030705     1.1987   3.030962    4.88775    -0.1395    13.8155 4.4807e+01  -61.37567  -57.90567 1152540692 191.591355    34.7231      62498          1  0.000e+00
    999.805     1.1979   3.030701     1.1989   3.030938    4.88770    -0.1180    13.8155 4.6756e+01  -61.37567  -57.90567 1152540692 191.591355    34.7232      62499          1  0.000e+00
    999.873     1.1979   3.030701     1.1985   3.030950    4.89281    -0.1180    13.8155 4.4807e+01  -61.37567  -57.90567 1152540692 191.591356    34.7231      62500          1  0.000e+00
    999.825     1.1979   3.030688     1.1989   3.030962    4.89278    -0.1395    13.8155 4.4807e+01  -61.37567  -57.90567 1152540692 191.591356    34.7229      62501          1  0.000e+00
    999.805     1.1979   3.030677     1.1986   3.030938    4.89278    -0.1395    13.8155 4.4807e+01  -61.37567  -57.90567 1152540692 191.591357    34.7229      62502          1  0.000e+00
    999.805     1.1981   3.030698     1.1987   3.030968    4.89275    -0.0857    13.8155 4.4807e+01  -61.37567  -57.90567 1152540692 191.591357    34.7229      62503          1  0.000e+00
    999.728     1.1986   3.030667     1.1986   3.030944    4.88760    -0.0749    13.8155 4.4807e+01  -61.37567  -57.90567 1152540692 191.591358    34.7220      62504          1  0.000e+00
    999.805     1.1978   3.030657     1.1983   3.030950    4.88774    -0.0964    13.8155 4.4807e+01  -61.37567  -57.90567 1152540692 191.591358    34.7228      62505          1  0.000e+00
    999.728     1.1979   3.030691     1.1987   3.030962    4.88765    -0.0749    13.8155 4.4807e+01  -61.37567  -57.90567 1152540692 191.591359    34.7230      62506          1  0.000e+00
    999.747     1.1976   3.030701     1.1987   3.030962    4.88769    -0.0642    13.8155 4.2859e+01  -61.37567  -57.90567 1152540692 191.591359    34.7235      62507          1  0.000e+00
    999.660     1.1979   3.030705     1.1987   3.030938    4.88761    -0.1180    13.8155 4.4807e+01  -61.37567  -57.90567 1152540692 191.591359    34.7233      62508          1  0.000e+00
    999.728     1.1984   3.030684     1.1986   3.030932    4.89267    -0.0857    13.8155 4.4807e+01  -61.37567  -57.90567 1152540692 191.591360    34.7224      62509          1  0.000e+00
    999.660     1.1981   3.030681     1.1986   3.030908    4.89266    -0.0857    13.8155 4.4807e+01  -61.37567  -57.90567 1152540692 191.591360    34.7228      62510          1  0.000e+00
    999.660     1.1981   3.030660     1.1987   3.030944    4.89267    -0.1180    13.8155 4.4807e+01  -61.37567  -57.90567 1152540692 191.591361    34.7225      62511          1  0.000e+00
    999.660     1.1978   3.030670     1.1987   3.030938    4.89269    -0.1072    13.8155 4.4807e+01  -61.37567  -57.90567 1152540692 191.591361    34.7230      62512          1  0.000e+00
    999.612     1.1981   3.030698     1.1984   3.030932    4.89262    -0.0749    13.8155 4.4807e+01  -61.37567  -57.90567 1152540692 191.591362    34.7230      62513          1  0.000e+00
    999.583     1.1981   3.030684     1.1989   3.030950    4.88754    -0.0534    13.8155 4.4807e+01  -61.37567  -57.90567 1152540692 191.591362    34.7229      62514          1  0.000e+00
    999.583     1.1981   3.030681     1.1981   3.030962    4.89261    -0.0749    13.8155 4.4807e+01  -61.37567  -57.90567 1152540692 191.591363    34.7228      62515          1  0.000e+00
    999.515     1.1983   3.030694     1.1984   3.030944    4.89254    -0.0964    13.8155 4.4807e+01  -61.37567  -57.90567 1152540692 191.591363    34.7228      62516          1  0.000e+00
    999.583     1.1981   3.030670     1.1983   3.030956    4.89261    -0.0964    13.8155 4.4807e+01  -61.37567  -57.90567 1152540692 191.591364    34.7227      62517          1  0.000e+00
    999.875     1.1998   3.030859     1.2008   3.031148    4.89255    -0.0426    13.8155 4.4807e+01  -61.37567  -57.90567 1152540697 191.591416    34.7230      62625          2  0.000e+00
   1000.020     1.2003   3.030866     1.2004   3.031136    4.89260    -0.0964    13.8155 4.6756e+01  -61.37567  -57.90567 1152540697 191.591416    34.7225      62626          2  0.000e+00
    999.894     1.2003   3.030886     1.2009   3.031148    4.89251    -0.1395    13.8155 4.4807e+01  -61.37567  -57.90567 1152540697 191.591417    34.7228      62627          2  0.000e+00
    999.952     1.2003   3.030897     1.2000   3.031160    4.89254    -0.0964    13.8155 4.4807e+01  -61.37567  -57.90567 1152540697 191.591417    34.7229      62628          2  0.000e+00
    999.952     1.2000   3.030893     1.2008   3.031112    4.88752    -0.0749    13.8155 4.4807e+01  -61.37567  -57.90567 1152540697 191.591418    34.7233      62629          2  0.000e+00
   1000.020     1.2005   3.030873     1.2003   3.031160    4.88752    -0.0749    13.8155 4.4807e+01  -61.37567  -57.90567 1152540697 191.591418    34.7224      62630          2  0.000e+00
   1000.020     1.2000   3.030873     1.2003   3.031142    4.89263    -0.0964    13.8155 4.4807e+01  -61.37567  -57.90567 1152540697 191.591419    34.7230      62631          2  0.000e+00
   1000.020     1.1998   3.030886     1.2006   3.031130    4.89264    -0.0964    13.8155 4.4807e+01  -61.37567  -57.90567 1152540697 191.591419    34.7233      62632          2  0.000e+00
   1000.039     1.2001   3.030897     1.2004   3.031130    4.89262    -0.1180    13.8155 4.4807e+01  -61.37567  -57.90567 1152540697 191.591420    34.7231      62633          2  0.000e+00
   1000.020     1.2000   3.030893     1.2006   3.031166    4.89262    -0.1287    13.8155 4.4807e+01  -61.37567  -57.90567 1152540697 191.591420    34.7232      62634          2  0.000e+00
   1000.020     1.2000   3.030879     1.2002   3.031142    4.89263    -0.1395    13.8155 4.4807e+01  -61.37567  -57.90567 1152540697 191.591421    34.7231      62635          2  0.000e+00
   1000.020     1.1998   3.030869     1.2004   3.031130    4.89265    -0.1180    13.8155 4.4807e+01  -61.37567  -57.90567 1152540697 191.591421    34.7231      62636          2  0.000e+00
   1000.088     1.2005   3.030886     1.2006   3.031148    4.88756    -0.0964    13.8155 4.6756e+01  -61.37567  -57.90567 1152540697 191.591422    34.7226      62637          2  0.000e+00
   1000.088     1.1997   3.030879     1.2002   3.031160    4.89270    -0.1395    13.8155 4.4807e+01  -61.37567  -57.90567 1152540697 191.591422    34.7233      62638          2  0.000e+00
   1000.039     1.1998   3.030869     1.2003   3.031160    4.89266    -0.1180    13.8155 4.4807e+01  -61.37567  -57.90567 1152540697 191.591423    34.7231      62639          2  0.000e+00
   1000.088     1.2001   3.030873     1.2006   3.031160    4.89266    -0.0749    13.8155 4.6756e+01  -61.37567  -57.90567 1152540697 191.591423    34.7227      62640          2  0.000e+00
   1000.088     1.2001   3.030886     1.2006   3.031160    4.88759    -0.0534    13.8155 4.4807e+01  -61.37567  -57.90567 1152540698 191.591424    34.7229      62641          2  0.000e+00
   1000.088     1.2000   3.030879     1.2002   3.031136    4.89268    -0.0749    13.8155 4.4807e+01  -61.37567  -57.90567 1152540698 191.591424    34.7230      62642          2  0.000e+00
   1000.020     1.2003   3.030852     1.2008   3.031130    4.89260    -0.0857    13.8155 4.4807e+01  -61.37567  -57.90567 1152540698 191.591425    34.7223      62643          2  0.000e+00
   1000.233     1.2001   3.030897     1.2008   3.031130    4.89275    -0.0749    13.8155 4.6756e+01  -61.37567  -57.90567 1152540698 191.591425    34.7230      62644          2  0.000e+00
   1000.117     1.2001   3.030903     1.2008   3.031130    4.88761    -0.1072    13.8155 4.6756e+01  -61.37567  -57.90567 1152540698 191.591426    34.7231      62645          2  0.000e+00
   1000.088     1.1997   3.030893     1.2006   3.031130    4.89270    -0.0857    13.8155 4.6756e+01  -61.37567  -57.90567 1152540698 191.591426    34.7235      62646          2  0.000e+00
   1000.165     1.1998   3.030879     1.2004   3.031148    4.89274    -0.0857    13.8155 4.4807e+01  -61.37567  -57.90567 1152540698 191.591427    34.7231      62647          2  0.000e+00
   1000.088     1.2000   3.030869     1.2003   3.031160    4.89268    -0.1395    13.8155 4.4807e+01  -61.37567  -57.90567 1152540698 191.591427    34.7229      62648          2  0.000e+00
   1000.165     1.2001   3.030873     1.2009   3.031160    4.89271    -0.1180    13.8155 4.4807e+01  -61.37567  -57.90567 1152540698 191.591427    34.7227      62649          2  0.000e+00
   1000.117     1.2000   3.030907     1.2006   3.031160    4.89268    -0.1502    13.8155 4.4807e+01  -61.37567  -57.90567 1152540698 191.591428    34.7233      62650          2  0.000e+00
   1000.020     1.1997   3.030917     1.2004   3.031136    4.89264    -0.1072    13.8155 4.4807e+01  -61.37567  -57.90567 1152540698 191.591428    34.7239      62651          2  0.000e+00
   1000.233     1.2000   3.030903     1.2007   3.031148    4.89276    -0.0534    13.8155 4.2859e+01  -61.37567  -57.90567 1152540698 191.591429    34.7233      62652          2  0.000e+00
   1000.165     1.1998   3.030910     1.2003   3.031160    4.89273    -0.0749    13.8155 4.4807e+01  -61.37567  -57.90567 1152540698 191.591429    34.7235      62653          2  0.000e+00
   1000.088     1.2003   3.030886     1.2004   3.031112    4.89264    -0.0749    13.8155 4.4807e+01  -61.37567  -57.90567 1152540698 191.591430    34.7227      62654          2  0.000e+00
   1000.165     1.1996   3.030886     1.2004   3.031142    4.89276    -0.0534    13.8155 4.4807e+01  -61.37567  -57.90567 1152540698 191.591430    34.7234      62655          2  0.000e+00
   1000.117     1.2000   3.030897     1.2008   3.031160    4.89269    -0.1072    13.8155 4.4807e+01  -61.37567  -57.90567 1152540698 191.591431    34.7232      62656          2  0.000e+00
   1000.165     1.2001   3.030931     1.2004   3.031136    4.89269    -0.1072    13.8155 4.4807e+01  -61.37567  -57.90567 1152540698 191.591431    34.7234      62657          2  0.000e+00
   1000.088     1.2001   3.030921     1.2003   3.031130    4.88758    -0.1610    13.8155 4.4807e+01  -61.37567  -57.90567 1152540698 191.591432    34.7234      62658          2  0.000e+00
   1000.165     1.2000   3.030886     1.2004   3.031130    4.88766    -0.1180    13.8155 4.4807e+01  -61.37567  -57.90567 1152540698 191.591432    34.7230      62659          2  0.000e+00
   1000.165     1.2003   3.030886     1.2006   3.031130    4.89269    -0.1395    13.8155 4.4807e+01  -61.37567  -57.90567 1152540698 191.591433    34.7227      62660          2  0.000e+00
