product_data/regression_test/downloaded_data/MDGS/320620060703/ctd/p6609401.ros
* Sea-Bird SBE 9 Data File:
* FileName = D:\Data\Raw\p6609401.dat
* Software Version Seasave Win32 V 5.32
* Temperature SN = 1649
* Conductivity SN = 1431
* Number of Bytes Per Scan = 37
* Number of Voltage Words = 5
* Number of Scans Averaged by the Deck Unit = 1
* NMEA Latitude = 60 59.99 S
* NMEA Longitude = 058 11.24 W
* NMEA UTC (Time) = 14:37:05
** Ship:   Nathaniel B. Palmer nbp
** Cruise:    NBP0606 nbp0606
# nquan = 17
# nvalues = 1176                    
# units = specified
# name 0 = prDM: Pressure, Digiquartz [db]
# name 1 = t090C: Temperature [ITS-90, deg C]
# name 2 = c0S/m: Conductivity [S/m]
# name 3 = t190C: Temperature, 2 [ITS-90, deg C]
# name 4 = c1S/m: Conductivity, 2 [S/m]
# name 5 = sbeox0ML/L: Oxygen, SBE 43 [ml/l]
# name 6 = flECO-AFL: Fluorescence, Wetlab ECO-AFL/FL [mg/m^3]
# name 7 = bat: Beam Attenuation, Chelsea/Seatech/Wetlab CStar [1/m]
# name 8 = spar: SPAR/Surface Irradiance
# name 9 = latitude: Latitude [deg]
# name 10 = longitude: Longitude [deg]
# name 11 = timeY: Time, System [seconds]
# name 12 = timeJ: Julian Days
# name 13 = sal00: Salinity [PSU]
# name 14 = scan: scan number
# name 15 = nbf: number of bottles fired
# name 16 = flag:  0.000e+00
# interval = seconds: 0.0416667                   
# start_time = Jul 11 2006 14:37:13
*END*
[from data line 852]
    100.966    -0.3529   2.808944    -0.3533   2.809401    7.24576     0.0327    13.8155 5.8444e+01  -60.99983  -58.18733 1152631733 192.645080    34.0744      74446         18  0.000e+00
    100.966    -0.3527   2.808928    -0.3527   2.809430    7.25041     0.0434    13.8155 5.8444e+01  -60.99983  -58.18733 1152631733 192.645080    34.0739      74447         18  0.000e+00
    101.033    -0.3533   2.808878    -0.3524   2.809465    7.25060     0.0327    13.8155 5.8444e+01  -60.99983  -58.18733 1152631733 192.645081    34.0739      74448         18  0.000e+00
    101.004    -0.3540   2.808875    -0.3519   2.809488    7.25068     0.0004    13.8155 5.8444e+01  -60.99983  -58.18733 1152631733 192.645081    34.0747      74449         18  0.000e+00
    100.966    -0.3530   2.808944    -0.3520   2.809500    7.25512    -0.0319    13.8155 5.8444e+01  -60.99983  -58.18733 1152631733 192.645082    34.0745      74450         18  0.000e+00
    101.033    -0.3525   2.809034    -0.3510   2.809523    7.25506    -0.0104    13.8155 5.8444e+01  -60.99983  -58.18733 1152631733 192.645082    34.0751      74451         18  0.000e+00
    101.033    -0.3519   2.809183    -0.3516   2.809505    7.25487     0.0327    13.8155 5.8444e+01  -60.99983  -58.18733 1152631733 192.645082    34.0764      74452         18  0.000e+00
    101.033    -0.3519   2.809216    -0.3513   2.809500    7.25484     0.0542    13.8155 5.8444e+01  -60.99983  -58.18733 1152631733 192.645083    34.0768      74453         18  0.000e+00
    101.033    -0.3513   2.809196    -0.3514   2.809500    7.25478     0.0434    13.8155 5.8444e+01  -60.99983  -58.18733 1152631733 192.645083    34.0759      74454         18  0.000e+00
    101.033    -0.3515   2.809163    -0.3513   2.809500    7.25482     0.0112    13.8155 5.8444e+01  -60.99983  -58.18733 1152631733 192.645084    34.0756      74455         18  0.000e+00
    101.110    -0.3511   2.809116    -0.3507   2.809575    7.25488     0.0004    13.8155 5.8444e+01  -60.99983  -58.18733 1152631733 192.645084    34.0746      74456         18  0.000e+00
    100.966    -0.3515   2.809067    -0.3498   2.809663    7.25951    -0.0104    13.8155 5.8444e+01  -60.99983  -58.18733 1152631733 192.645085    34.0745      74457         18  0.000e+00
    101.176    -0.3516   2.809037    -0.3494   2.809721    7.25975     0.0112    13.8155 5.8444e+01  -60.99983  -58.18733 1152631733 192.645085    34.0740      74458         18  0.000e+00
    101.110    -0.3516   2.809057    -0.3490   2.809698    7.25967     0.0004    13.8155 5.8444e+01  -60.99983  -58.18733 1152631734 192.645086    34.0743      74459         18  0.000e+00
    101.110    -0.3513   2.809093    -0.3484   2.809663    7.26428    -0.0319    13.8155 5.8444e+01  -60.99983  -58.18733 1152631734 192.645086    34.0745      74460         18  0.000e+00
    101.176    -0.3505   2.809153    -0.3484   2.809721    7.26418     0.0112    13.8155 5.8444e+01  -60.99983  -58.18733 1152631734 192.645087    34.0743      74461         18  0.000e+00
    101.148    -0.3502   2.809136    -0.3467   2.809901    7.26413     0.0327    13.8155 5.8444e+01  -60.99983  -58.18733 1152631734 192.645087    34.0738      74462         18  0.000e+00
    101.176    -0.3501   2.809232    -0.3456   2.810029    7.26407     0.0112    13.8155 5.8444e+01  -60.99983  -58.18733 1152631734 192.645088    34.0749      74463         18  0.000e+00
    101.176    -0.3474   2.809497    -0.3469   2.809994    7.26819    -0.0104    13.8155 5.8444e+01  -60.99983  -58.18733 1152631734 192.645088    34.0755      74464         18  0.000e+00
    101.176    -0.3464   2.809607    -0.3484   2.809855    7.26797    -0.0104    13.8155 5.8444e+01  -60.99983  -58.18733 1152631734 192.645089    34.0758      74465         18  0.000e+00
    101.176    -0.3462   2.809600    -0.3492   2.809762    7.26794    -0.0211    13.8155 5.8444e+01  -60.99983  -58.18733 1152631734 192.645089    34.0755      74466         18  0.000e+00
    101.243    -0.3457   2.809521    -0.3494   2.809779    7.26799    -0.0104    13.8155 5.8444e+01  -60.99983  -58.18733 1152631734 192.645090    34.0739      74467         18  0.000e+00
    101.176    -0.3468   2.809454    -0.3476   2.809872    7.26813     0.0112    13.8155 5.8444e+01  -60.99983  -58.18733 1152631734 192.645090    34.0742      74468         18  0.000e+00
    101.243    -0.3481   2.809421    -0.3461   2.810018    7.26841    -0.0104    13.8155 5.6496e+01  -60.99983  -58.18733 1152631734 192.645091    34.0752      74469         18  0.000e+00
    101.320    -0.3468   2.809620    -0.3443   2.810181    7.26816    -0.0319    13.8155 5.6496e+01  -60.99983  -58.18733 1152631734 192.645091    34.0764      74470         18  0.000e+00
    101.243    -0.3446   2.809799    -0.3429   2.810315    7.27233     0.0327    13.8155 5.8444e+01  -60.99983  -58.18733 1152631734 192.645092    34.0764      74471         18  0.000e+00
    101.320    -0.3431   2.809925    -0.3411   2.810420    7.27210     0.0650    13.8155 5.8444e+01  -60.99983  -58.18733 1152631734 192.645092    34.0763      74472         18  0.000e+00
    101.243    -0.3417   2.810057    -0.3403   2.810495    7.27174    -0.0104    13.8155 5.8444e+01  -60.99983  -58.18733 1152631734 192.645093    34.0766      74473         18  0.000e+00
    101.387    -0.3409   2.810160    -0.3394   2.810612    7.27637    -0.0211    13.8155 5.8444e+01  -60.99983  -58.18733 1152631734 192.645093    34.0770      74474         18  0.000e+00
    101.320    -0.3397   2.810276    -0.3380   2.810763    7.27604    -0.0211    13.8155 5.8444e+01  -60.99983  -58.18733 1152631734 192.645094    34.0771      74475         18  0.000e+00
     50.728    -0.7484   2.764585    -0.7502   2.764861    7.90687     0.0434    13.8155 5.4548e+01  -60.99983  -58.18733 1152631828 192.646178    33.9524      76723         19  0.000e+00
     50.795    -0.7486   2.764555    -0.7504   2.764850    7.90700     0.0650    13.8155 5.4548e+01  -60.99983  -58.18733 1152631828 192.646178    33.9522      76724         19  0.000e+00
     50.728    -0.7486   2.764572    -0.7499   2.764861    7.90693     0.1188    13.8155 5.4548e+01  -60.99983  -58.18733 1152631828 192.646179    33.9525      76725         19  0.000e+00
     50.871    -0.7490   2.764575    -0.7498   2.764890    7.90714     0.1188    13.8155 5.4548e+01  -60.99983  -58.18733 1152631828 192.646179    33.9529      76726         19  0.000e+00
     50.871    -0.7494   2.764559    -0.7500   2.764896    7.90721     0.0650    13.8155 5.4548e+01  -60.99983  -58.18733 1152631828 192.646180    33.9531      76727         19  0.000e+00
     50.871    -0.7499   2.764486    -0.7498   2.764879    7.90735     0.0112    13.8155 5.4548e+01  -60.99983  -58.18733 1152631828 192.646180    33.9527      76728         19  0.000e+00
     50.861    -0.7510   2.764361    -0.7494   2.764867    7.90759     0.0542    13.8155 5.4548e+01  -60.99983  -58.18733 1152631828 192.646181    33.9522      76729         19  0.000e+00
     50.871    -0.7512   2.764394    -0.7496   2.764884    7.90761     0.0327    13.8155 5.4548e+01  -60.99983  -58.18733 1152631828 192.646181    33.9529      76730         19  0.000e+00
     50.938    -0.7508   2.764417    -0.7493   2.764919    7.90761     0.0004    13.8155 5.4548e+01  -60.99983  -58.18733 1152631828 192.646182    33.9528      76731         19  0.000e+00
     50.938    -0.7504   2.764470    -0.7494   2.764919    7.90751     0.0219    13.8155 5.4548e+01  -60.99983  -58.18733 1152631828 192.646182    33.9530      76732         19  0.000e+00
     51.005    -0.7497   2.764486    -0.7499   2.764827    7.90747     0.0542    13.8155 5.4548e+01  -60.99983  -58.18733 1152631828 192.646182    33.9524      76733         19  0.000e+00
     50.938    -0.7502   2.764499    -0.7513   2.764809    7.90745     0.0219    13.8155 5.4548e+01  -60.99983  -58.18733 1152631828 192.646183    33.9532      76734         19  0.000e+00
     51.005    -0.7499   2.764542    -0.7516   2.764740    7.90746     0.0112    13.8155 5.4548e+01  -60.99983  -58.18733 1152631828 192.646183    33.9534      76735         19  0.000e+00
     51.005    -0.7496   2.764552    -0.7527   2.764670    7.90739     0.0219    13.8155 5.4548e+01  -60.99983  -58.18733 1152631828 192.646184    33.9532      76736         19  0.000e+00
     51.005    -0.7495   2.764536    -0.7530   2.764624    7.90739     0.0327    13.8155 5.4548e+01  -60.99983  -58.18733 1152631828 192.646184    33.9528      76737         19  0.000e+00
     51.005    -0.7496   2.764513    -0.7527   2.764647    7.90742     0.0865    13.8155 5.4548e+01  -60.99983  -58.18733 1152631829 192.646185    33.9526      76738         19  0.000e+00
     51.081    -0.7493   2.764526    -0.7518   2.764693    7.90746     0.0327    13.8155 5.4548e+01  -60.99983  -58.18733 1152631829 192.646185    33.9525      76739         19  0.000e+00
     51.081    -0.7499   2.764529    -0.7513   2.764751    7.90754     0.0865    13.8155 5.4548e+01  -60.99983  -58.18733 1152631829 192.646186    33.9532      76740         19  0.000e+00
     51.081    -0.7496   2.764529    -0.7514   2.764803    7.90750     0.0972    13.8155 5.4548e+01  -60.99983  -58.18733 1152631829 192.646186    33.9528      76741         19  0.000e+00
     51.081    -0.7496   2.764499    -0.7508   2.764780    7.90752     0.0650    13.8155 5.4548e+01  -60.99983  -58.18733 1152631829 192.646187    33.9524      76742         19  0.000e+00
     51.071    -0.7495   2.764450    -0.7510   2.764780    7.90752     0.0327    13.8155 5.4548e+01  -60.99983  -58.18733 1152631829 192.646187    33.9516      76743         19  0.000e+00
     51.148    -0.7505   2.764391    -0.7513   2.764769    7.90782     0.0327    13.8155 5.4548e+01  -60.99983  -58.18733 1152631829 192.646188    33.9519      76744         19  0.000e+00
     51.081    -0.7515   2.764358    -0.7514   2.764740    7.90792     0.0327    13.8155 5.4548e+01  -60.99983  -58.18733 1152631829 192.646188    33.9526      76745         19  0.000e+00
     51.148    -0.7524   2.764302    -0.7514   2.764740    7.90817     0.0327    13.8155 5.4548e+01  -60.99983  -58.18733 1152631829 192.646189    33.9528      76746         19  0.000e+00
     51.148    -0.7523   2.764269    -0.7518   2.764717    7.90818     0.0542    13.8155 5.4548e+01  -60.99983  -58.18733 1152631829 192.646189    33.9523      76747         19  0.000e+00
     51.148    -0.7530   2.764263    -0.7516   2.764676    7.90830     0.0542    13.8155 5.4548e+01  -60.99983  -58.18733 1152631829 192.646190    33.9530      76748         19  0.000e+00
     51.148    -0.7529   2.764279    -0.7521   2.764699    7.90827     0.0542    13.8155 5.6496e+01  -60.99983  -58.18733 1152631829 192.646190    33.9531      76749         19  0.000e+00
     51.148    -0.7524   2.764286    -0.7518   2.764711    7.90819     0.1080    13.8155 5.4548e+01  -60.99983  -58.18733 1152631829 192.646191    33.9526      76750         19  0.000e+00
     51.148    -0.7528   2.764319    -0.7516   2.764711    7.90824     0.0757    13.8155 5.4548e+01  -60.99983  -58.18733 1152631829 192.646191    33.9536      76751         19  0.000e+00
     51.148    -0.7526   2.764348    -0.7513   2.764728    7.90347     0.0434    13.8155 5.4548e+01  -60.99983  -58.18733 1152631829 192.646192    33.9537      76752         19  0.000e+00
     51.148    -0.7516   2.764335    -0.7519   2.764699    7.90803     0.0327    13.8155 5.4548e+01  -60.99983  -58.18733 1152631829 192.646192    33.9524      76753         19  0.000e+00
     51.215    -0.7516   2.764365    -0.7516   2.764763    7.90808     0.0327    13.8155 5.6496e+01  -60.99983  -58.18733 1152631829 192.646193    33.9528      76754         19  0.000e+00
     51.148    -0.7516   2.764391    -0.7522   2.764751    7.90799     0.0542    13.8155 5.4548e+01  -60.99983  -58.18733 1152631829 192.646193    33.9532      76755         19  0.000e+00
     51.148    -0.7516   2.764348    -0.7513   2.764734    7.90802     0.1080    13.8155 5.4548e+01  -60.99983  -58.18733 1152631829 192.646194    33.9526      76756         19  0.000e+00
     51.215    -0.7515   2.764361    -0.7511   2.764740    7.90806     0.0972    13.8155 5.4548e+01  -60.99983  -58.18733 1152631829 192.646194    33.9526      76757         19  0.000e+00
     51.148    -0.7509   2.764394    -0.7518   2.764757    7.90317     0.0434    13.8155 5.4548e+01  -60.99983  -58.18733 1152631829 192.646195    33.9524      76758         19  0.000e+00
     51.148    -0.7508   2.764430    -0.7513   2.764780    7.90314     0.0327    13.8155 5.4548e+01  -60.99983  -58.18733 1152631829 192.646195    33.9528      76759         19  0.000e+00
     51.148    -0.7506   2.764460    -0.7502   2.764815    7.90308     0.0542    13.8155 5.6496e+01  -60.99983  -58.18733 1152631829 192.646196    33.9529      76760         19  0.000e+00
     51.148    -0.7504   2.764480    -0.7499   2.764856    7.90303     0.0327    13.8155 5.4548e+01  -60.99983  -58.18733 1152631829 192.646196    33.9530      76761         19  0.000e+00
     51.215    -0.7501   2.764500    -0.7497   2.764890    7.90304     0.0112    13.8155 5.4548e+01  -60.99983  -58.18733 1152631830 192.646196    33.9529      76762         19  0.000e+00
     51.148    -0.7493   2.764559    -0.7502   2.764873    7.90280     0.0004    13.8155 5.4548e+01  -60.99983  -58.18733 1152631830 192.646197    33.9528      76763         19  0.000e+00
     51.148    -0.7498   2.764559    -0.7504   2.764850    7.90288     0.0112    13.8155 5.6496e+01  -60.99983  -58.18733 1152631830 192.646197    33.9534      76764         19  0.000e+00
     51.081    -0.7491   2.764572    -0.7505   2.764821    7.90270     0.0650    13.8155 5.4548e+01  -60.99983  -58.18733 1152631830 192.646198    33.9529      76765         19  0.000e+00
     51.148    -0.7497   2.764588    -0.7504   2.764798    7.90285     0.0542    13.8155 5.4548e+01  -60.99983  -58.18733 1152631830 192.646198    33.9537      76766         19  0.000e+00
     51.148    -0.7493   2.764615    -0.7513   2.764809    7.90277     0.0434    13.8155 5.4548e+01  -60.99983  -58.18733 1152631830 192.646199    33.9536      76767         19  0.000e+00
     51.081    -0.7485   2.764667    -0.7513   2.764792    7.90253     0.0327    13.8155 5.6496e+01  -60.99983  -58.18733 1152631830 192.646199    33.9535      76768         19  0.000e+00
     51.148    -0.7479   2.764703    -0.7521   2.764769    7.90248     0.0112    13.8155 5.4548e+01  -60.99983  -58.18733 1152631830 192.646200    33.9533      76769         19  0.000e+00
     51.081    -0.7479   2.764690    -0.7522   2.764722    7.90241    -0.0319    13.8155 5.4548e+01  -60.99983  -58.18733 1152631830 192.646200    33.9531      76770         19  0.000e+00
     51.072    -0.7481   2.764703    -0.7524   2.764693    7.90243     0.0650    13.8155 5.4548e+01  -60.99983  -58.18733 1152631830 192.646201    33.9535      76771         19  0.000e+00
     50.663    -0.7544   2.764078    -0.7547   2.764410    7.89873     0.0112    13.8155 5.4548e+01  -60.99983  -58.18733 1152631835 192.646264    33.9524      76901         20  0.000e+00
     50.663    -0.7544   2.764068    -0.7545   2.764421    7.89874    -0.0104    13.8155 5.4548e+01  -60.99983  -58.18733 1152631835 192.646264    33.9522      76902         20  0.000e+00
     50.730    -0.7547   2.764065    -0.7545   2.764421    7.89886     0.0112    13.8155 5.4548e+01  -60.99983  -58.18733 1152631835 192.646264    33.9525      76903         20  0.000e+00
     50.797    -0.7544   2.764065    -0.7545   2.764444    7.89889     0.0219    13.8155 5.4548e+01  -60.99983  -58.18733 1152631835 192.646265    33.9521      76904         20  0.000e+00
     50.664    -0.7545   2.764065    -0.7545   2.764427    7.89876     0.0327    13.8155 5.6496e+01  -60.99983  -58.18733 1152631835 192.646265    33.9524      76905         20  0.000e+00
