product_data/regression_test/downloaded_data/MDGS/320620060703/ctd/p6607104.ros
* Sea-Bird SBE 9 Data File:
* FileName = D:\Data\Raw\p6607104.dat
* Software Version Seasave Win32 V 5.32
* Temperature SN = 1649
* Conductivity SN = 1431
* Number of Bytes Per Scan = 37
* Number of Voltage Words = 5
* Number of Scans Averaged by the Deck Unit = 1
* NMEA Latitude = 62 11.90 S
* NMEA Longitude = 058 08.28 W
* NMEA UTC (Time) = 03:24:18
** Ship:   Nathaniel B. Palmer 
** Cruise:    NBP0603 
** Cast #: 
** Station:   
** Operator: 
# nquan = 17
# nvalues = 1176                    
# units = specified
# name 0 = prDM: Pressure, Digiquartz [db]
# name 1 = t090C: Temperature [ITS-90, deg C]
# name 2 = c0S/m: Conductivity [S/m]
# name 3 = t190C: Temperature, 2 [ITS-90, deg C]
# name 4 = c1S/m: Conductivity, 2 [S/m]
# name 5 = sbeox0ML/L: Oxygen, SBE 43 [ml/l]
# name 6 = flECO-AFL: Fluorescence, Wetlab ECO-AFL/FL [mg/m^3]
# name 7 = bat: Beam Attenuation, Chelsea/Seatech/Wetlab CStar [1/m]
# name 8 = spar: SPAR/Surface Irradiance
# name 9 = latitude: Latitude [deg]
# name 10 = longitude: Longitude [deg]
# name 11 = timeY: Time, System [seconds]
# name 12 = timeJ: Julian Days
# name 13 = sal00: Salinity [PSU]
# name 14 = scan: scan number
# name 15 = nbf: number of bottles fired
# name 16 = flag:  0.000e+00
# interval = seconds: 0.0416667                   
# start_time = Jul 08 2006 03:24:26
*END*
[from data line 86]
    179.636    -0.7432   2.791144    -0.7433   2.791024    7.56207    33.0861    13.8155 0.0000e+00  -62.19833  -58.13800 1152329709 189.149427    34.2264      15468          2  0.000e+00
    179.569    -0.7427   2.791131    -0.7425   2.791047    7.56193    33.0969    13.8155 0.0000e+00  -62.19833  -58.13800 1152329709 189.149427    34.2257      15469          2  0.000e+00
    179.540    -0.7428   2.791075    -0.7427   2.791024    7.56195    33.1184    13.8155 0.0000e+00  -62.19833  -58.13800 1152329709 189.149428    34.2250      15470          2  0.000e+00
    179.569    -0.7427   2.791108    -0.7429   2.791030    7.56671    33.0861    13.8155 0.0000e+00  -62.19833  -58.13800 1152329709 189.149428    34.2254      15471          2  0.000e+00
    179.569    -0.7428   2.791144    -0.7427   2.791036    7.56193    33.1076    13.8155 0.0000e+00  -62.19833  -58.13800 1152329709 189.149429    34.2260      15472          2  0.000e+00
    179.569    -0.7427   2.791151    -0.7425   2.791053    7.56191    33.1507    13.8155 0.0000e+00  -62.19833  -58.13800 1152329709 189.149429    34.2260      15473          2  0.000e+00
    179.540    -0.7427   2.791098    -0.7424   2.791065    7.56192    33.1507    13.8155 0.0000e+00  -62.19833  -58.13800 1152329709 189.149429    34.2253      15474          2  0.000e+00
    179.492    -0.7432   2.791114    -0.7426   2.791065    7.56194    33.1507    13.8155 0.0000e+00  -62.19833  -58.13800 1152329709 189.149430    34.2261      15475          2  0.000e+00
    179.492    -0.7424   2.791141    -0.7427   2.791024    7.56180    33.1399    13.8155 0.0000e+00  -62.19833  -58.13800 1152329709 189.149430    34.2255      15476          2  0.000e+00
    179.492    -0.7428   2.791114    -0.7424   2.791047    7.56187    33.0861    13.8155 0.0000e+00  -62.19833  -58.13800 1152329709 189.149431    34.2256      15477          2  0.000e+00
    179.540    -0.7422   2.791154    -0.7427   2.791065    7.56181    33.0646    13.8155 0.0000e+00  -62.19833  -58.13800 1152329710 189.149431    34.2255      15478          2  0.000e+00
    179.426    -0.7429   2.791154    -0.7428   2.791082    7.56180    33.0538    13.8155 0.0000e+00  -62.19833  -58.13800 1152329710 189.149432    34.2264      15479          2  0.000e+00
    149.910    -0.7369   2.790291    -0.7356   2.790337    7.55898    33.2583    13.8155 0.0000e+00  -62.19833  -58.13800 1152329876 189.151362    34.2261      19481          3  0.000e+00
    150.044    -0.7370   2.790271    -0.7350   2.790354    7.55915    33.2690    13.8155 0.0000e+00  -62.19833  -58.13800 1152329876 189.151362    34.2259      19482          3  0.000e+00
    149.634    -0.7369   2.790284    -0.7350   2.790366    7.56344    33.2798    13.8155 0.0000e+00  -62.19833  -58.13800 1152329876 189.151363    34.2262      19483          3  0.000e+00
    150.121    -0.7372   2.790307    -0.7355   2.790366    7.55923    33.2583    13.8155 0.0000e+00  -62.19833  -58.13800 1152329876 189.151363    34.2265      19484          3  0.000e+00
    149.911    -0.7367   2.790294    -0.7359   2.790342    7.55894    33.2152    13.8155 0.0000e+00  -62.19833  -58.13800 1152329876 189.151364    34.2258      19485          3  0.000e+00
    149.977    -0.7364   2.790324    -0.7356   2.790319    7.55895    33.2368    13.8155 0.0000e+00  -62.19833  -58.13800 1152329876 189.151364    34.2259      19486          3  0.000e+00
    149.911    -0.7367   2.790314    -0.7356   2.790331    7.55892    33.2152    13.8155 0.0000e+00  -62.19833  -58.13800 1152329876 189.151365    34.2261      19487          3  0.000e+00
    149.987    -0.7364   2.790327    -0.7359   2.790337    7.55896    33.2152    13.8155 0.0000e+00  -62.19833  -58.13800 1152329876 189.151365    34.2260      19488          3  0.000e+00
    149.911    -0.7365   2.790317    -0.7356   2.790354    7.55889    33.2798    13.8155 0.0000e+00  -62.19833  -58.13800 1152329876 189.151366    34.2260      19489          3  0.000e+00
    149.911    -0.7365   2.790314    -0.7362   2.790325    7.55891    33.2906    13.8155 0.0000e+00  -62.19833  -58.13800 1152329877 189.151366    34.2260      19490          3  0.000e+00
    149.977    -0.7365   2.790330    -0.7359   2.790290    7.55896    33.2583    13.8155 0.0000e+00  -62.19833  -58.13800 1152329877 189.151367    34.2261      19491          3  0.000e+00
    149.911    -0.7367   2.790347    -0.7362   2.790284    7.55890    33.2798    13.8155 0.0000e+00  -62.19833  -58.13800 1152329877 189.151367    34.2266      19492          3  0.000e+00
    149.977    -0.7364   2.790340    -0.7362   2.790302    7.55894    33.2368    13.8155 0.0000e+00  -62.19833  -58.13800 1152329877 189.151368    34.2261      19493          3  0.000e+00
    149.977    -0.7368   2.790337    -0.7358   2.790296    7.55900    33.2152    13.8155 0.0000e+00  -62.19833  -58.13800 1152329877 189.151368    34.2265      19494          3  0.000e+00
    149.911    -0.7367   2.790317    -0.7361   2.790308    7.55893    33.2583    13.8155 0.0000e+00  -62.19833  -58.13800 1152329877 189.151369    34.2262      19495          3  0.000e+00
    149.977    -0.7373   2.790294    -0.7359   2.790348    7.55910    33.2368    13.8155 0.0000e+00  -62.19833  -58.13800 1152329877 189.151369    34.2265      19496          3  0.000e+00
    149.911    -0.7372   2.790271    -0.7359   2.790308    7.55903    33.2260    13.8155 0.0000e+00  -62.19833  -58.13800 1152329877 189.151370    34.2261      19497          3  0.000e+00
    149.977    -0.7371   2.790284    -0.7364   2.790284    7.55908    33.2475    13.8155 0.0000e+00  -62.19833  -58.13800 1152329877 189.151370    34.2262      19498          3  0.000e+00
    149.977    -0.7370   2.790291    -0.7365   2.790284    7.55907    33.2368    13.8155 0.0000e+00  -62.19833  -58.13800 1152329877 189.151371    34.2262      19499          3  0.000e+00
    149.977    -0.7374   2.790307    -0.7361   2.790261    7.55912    33.2583    13.8155 0.0000e+00  -62.19833  -58.13800 1152329877 189.151371    34.2269      19500          3  0.000e+00
    149.911    -0.7372   2.790277    -0.7359   2.790319    7.55903    33.3013    13.8155 0.0000e+00  -62.19833  -58.13800 1152329877 189.151372    34.2262      19501          3  0.000e+00
    149.977    -0.7376   2.790297    -0.7361   2.790296    7.55914    33.2583    13.8155 0.0000e+00  -62.19833  -58.13800 1152329877 189.151372    34.2269      19502          3  0.000e+00
    149.977    -0.7376   2.790244    -0.7361   2.790319    7.55443    33.2583    13.8155 0.0000e+00  -62.19833  -58.13800 1152329877 189.151372    34.2262      19503          3  0.000e+00
    149.977    -0.7378   2.790274    -0.7356   2.790319    7.55445    33.2368    13.8155 0.0000e+00  -62.19833  -58.13800 1152329877 189.151373    34.2268      19504          3  0.000e+00
    149.977    -0.7374   2.790258    -0.7356   2.790348    7.55440    33.2475    13.8155 0.0000e+00  -62.19833  -58.13800 1152329877 189.151373    34.2262      19505          3  0.000e+00
    149.987    -0.7378   2.790228    -0.7355   2.790343    7.55924    33.2583    13.8155 0.0000e+00  -62.19833  -58.13800 1152329877 189.151374    34.2262      19506          3  0.000e+00
    149.977    -0.7371   2.790254    -0.7353   2.790372    7.55911    33.2260    13.8155 0.0000e+00  -62.19833  -58.13800 1152329877 189.151374    34.2258      19507          3  0.000e+00
    149.977    -0.7381   2.790251    -0.7345   2.790406    7.55926    33.2152    13.8155 0.0000e+00  -62.19833  -58.13800 1152329877 189.151375    34.2269      19508          3  0.000e+00
    149.977    -0.7374   2.790261    -0.7345   2.790453    7.55440    33.2368    13.8155 0.0000e+00  -62.19833  -58.13800 1152329877 189.151375    34.2262      19509          3  0.000e+00
    149.987    -0.7383   2.790267    -0.7350   2.790470    7.55453    33.2906    13.8155 0.0000e+00  -62.19833  -58.13800 1152329877 189.151376    34.2273      19510          3  0.000e+00
    149.977    -0.7380   2.790251    -0.7339   2.790505    7.55450    33.3013    13.8155 0.0000e+00  -62.19833  -58.13800 1152329877 189.151376    34.2268      19511          3  0.000e+00
    149.977    -0.7376   2.790241    -0.7336   2.790540    7.55444    33.3013    13.8155 0.0000e+00  -62.19833  -58.13800 1152329877 189.151377    34.2262      19512          3  0.000e+00
    149.977    -0.7380   2.790244    -0.7328   2.790528    7.55925    33.2906    13.8155 0.0000e+00  -62.19833  -58.13800 1152329877 189.151377    34.2267      19513          3  0.000e+00
    149.977    -0.7379   2.790211    -0.7327   2.790505    7.55925    33.2798    13.8155 0.0000e+00  -62.19833  -58.13800 1152329878 189.151378    34.2261      19514          3  0.000e+00
    150.054    -0.7380   2.790251    -0.7332   2.790476    7.55931    33.3121    13.8155 0.0000e+00  -62.19833  -58.13800 1152329878 189.151378    34.2266      19515          3  0.000e+00
    149.977    -0.7377   2.790251    -0.7336   2.790453    7.55920    33.2798    13.8155 0.0000e+00  -62.19833  -58.13800 1152329878 189.151379    34.2264      19516          3  0.000e+00
    149.977    -0.7378   2.790258    -0.7341   2.790441    7.55446    33.2690    13.8155 0.0000e+00  -62.19833  -58.13800 1152329878 189.151379    34.2266      19517          3  0.000e+00
    149.977    -0.7379   2.790234    -0.7349   2.790441    7.55924    33.2368    13.8155 0.0000e+00  -62.19833  -58.13800 1152329878 189.151380    34.2264      19518          3  0.000e+00
    150.054    -0.7375   2.790241    -0.7347   2.790424    7.55925    33.2690    13.8155 0.0000e+00  -62.19833  -58.13800 1152329878 189.151380    34.2260      19519          3  0.000e+00
    149.977    -0.7376   2.790248    -0.7345   2.790401    7.55918    33.2906    13.8155 0.0000e+00  -62.19833  -58.13800 1152329878 189.151381    34.2262      19520          3  0.000e+00
    149.977    -0.7380   2.790228    -0.7344   2.790412    7.55925    33.2690    13.8155 0.0000e+00  -62.19833  -58.13800 1152329878 189.151381    34.2264      19521          3  0.000e+00
    149.977    -0.7382   2.790254    -0.7348   2.790377    7.55927    33.2475    13.8155 0.0000e+00  -62.19833  -58.13800 1152329878 189.151382    34.2270      19522          3  0.000e+00
    149.977    -0.7380   2.790264    -0.7353   2.790366    7.55922    33.2583    13.8155 0.0000e+00  -62.19833  -58.13800 1152329878 189.151382    34.2269      19523          3  0.000e+00
    150.054    -0.7377   2.790267    -0.7350   2.790343    7.55452    33.2583    13.8155 0.0000e+00  -62.19833  -58.13800 1152329878 189.151383    34.2266      19524          3  0.000e+00
    149.977    -0.7374   2.790251    -0.7362   2.790319    7.55916    33.2260    13.8155 0.0000e+00  -62.19833  -58.13800 1152329878 189.151383    34.2261      19525          3  0.000e+00
    149.977    -0.7376   2.790261    -0.7362   2.790267    7.55918    33.2475    13.8155 0.0000e+00  -62.19833  -58.13800 1152329878 189.151384    34.2265      19526          3  0.000e+00
    149.977    -0.7376   2.790248    -0.7364   2.790255    7.55443    33.2583    13.8155 0.0000e+00  -62.19833  -58.13800 1152329878 189.151384    34.2262      19527          3  0.000e+00
    149.977    -0.7380   2.790244    -0.7361   2.790238    7.55924    33.3013    13.8155 0.0000e+00  -62.19833  -58.13800 1152329878 189.151385    34.2266      19528          3  0.000e+00
    149.987    -0.7377   2.790248    -0.7358   2.790232    7.55921    33.2906    13.8155 0.0000e+00  -62.19833  -58.13800 1152329878 189.151385    34.2264      19529          3  0.000e+00
    149.071    -0.7368   2.790284    -0.7354   2.790290    7.55808    33.2475    13.8155 0.0000e+00  -62.19833  -58.13800 1152329883 189.151440    34.2264      19642          4  0.000e+00
    148.994    -0.7372   2.790287    -0.7352   2.790325    7.55806    33.2583    13.8155 0.0000e+00  -62.19833  -58.13800 1152329883 189.151440    34.2269      19643          4  0.000e+00
    148.851    -0.7368   2.790270    -0.7353   2.790336    7.55786    33.2583    13.8155 0.0000e+00  -62.19833  -58.13800 1152329883 189.151440    34.2263      19644          4  0.000e+00
    148.927    -0.7363   2.790267    -0.7353   2.790319    7.55311    33.2690    13.8155 0.0000e+00  -62.19833  -58.13800 1152329883 189.151441    34.2256      19645          4  0.000e+00
    149.004    -0.7367   2.790251    -0.7351   2.790331    7.55326    33.2798    13.8155 0.0000e+00  -62.19833  -58.13800 1152329883 189.151441    34.2258      19646          4  0.000e+00
    148.994    -0.7367   2.790247    -0.7353   2.790319    7.55327    33.2583    13.8155 0.0000e+00  -62.19833  -58.13800 1152329883 189.151442    34.2258      19647          4  0.000e+00
    148.927    -0.7369   2.790257    -0.7355   2.790313    7.55322    33.2475    13.8155 0.0000e+00  -62.19833  -58.13800 1152329883 189.151442    34.2263      19648          4  0.000e+00
    148.994    -0.7368   2.790251    -0.7353   2.790331    7.55802    33.2260    13.8155 0.0000e+00  -62.19833  -58.13800 1152329883 189.151443    34.2260      19649          4  0.000e+00
    148.927    -0.7370   2.790277    -0.7350   2.790319    7.55797    33.1937    13.8155 0.0000e+00  -62.19833  -58.13800 1152329883 189.151443    34.2266      19650          4  0.000e+00
    148.927    -0.7368   2.790241    -0.7356   2.790313    7.55321    33.2368    13.8155 0.0000e+00  -62.19833  -58.13800 1152329883 189.151444    34.2259      19651          4  0.000e+00
    148.994    -0.7367   2.790274    -0.7349   2.790290    7.55325    33.2368    13.8155 0.0000e+00  -62.19833  -58.13800 1152329883 189.151444    34.2262      19652          4  0.000e+00
    148.927    -0.7367   2.790251    -0.7351   2.790319    7.55318    33.2583    13.8155 0.0000e+00  -62.19833  -58.13800 1152329883 189.151445    34.2259      19653          4  0.000e+00
    148.927    -0.7369   2.790261    -0.7350   2.790319    7.55321    33.2690    13.8155 0.0000e+00  -62.19833  -58.13800 1152329883 189.151445    34.2262      19654          4  0.000e+00
    148.927    -0.7365   2.790251    -0.7352   2.790331    7.55791    33.2583    13.8155 0.0000e+00  -62.19833  -58.13800 1152329883 189.151446    34.2257      19655          4  0.000e+00
    148.927    -0.7370   2.790247    -0.7355   2.790336    7.55324    33.2475    13.8155 0.0000e+00  -62.19833  -58.13800 1152329883 189.151446    34.2262      19656          4  0.000e+00
    148.927    -0.7367   2.790247    -0.7347   2.790336    7.55319    33.2690    13.8155 0.0000e+00  -62.19833  -58.13800 1152329884 189.151447    34.2258      19657          4  0.000e+00
    148.927    -0.7365   2.790241    -0.7349   2.790336    7.55317    33.3013    13.8155 0.0000e+00  -62.19833  -58.13800 1152329884 189.151447    34.2256      19658          4  0.000e+00
    148.927    -0.7371   2.790261    -0.7350   2.790319    7.55325    33.2798    13.8155 0.0000e+00  -62.19833  -58.13800 1152329884 189.151448    34.2265      19659          4  0.000e+00
    148.851    -0.7374   2.790267    -0.7347   2.790331    7.55321    33.2798    13.8155 0.0000e+00  -62.19833  -58.13800 1152329884 189.151448    34.2270      19660          4  0.000e+00
    148.927    -0.7373   2.790251    -0.7353   2.790319    7.55328    33.3228    13.8155 0.0000e+00  -62.19833  -58.13800 1152329884 189.151449    34.2266      19661          4  0.000e+00
    148.927    -0.7367   2.790297    -0.7350   2.790313    7.55315    33.3013    13.8155 0.0000e+00  -62.19833  -58.13800 1152329884 189.151449    34.2265      19662          4  0.000e+00
    148.927    -0.7378   2.790257    -0.7352   2.790313    7.55335    33.2798    13.8155 0.0000e+00  -62.19833  -58.13800 1152329884 189.151450    34.2273      19663          4  0.000e+00
    148.851    -0.7367   2.790261    -0.7353   2.790313    7.55310    33.3013    13.8155 0.0000e+00  -62.19833  -58.13800 1152329884 189.151450    34.2260      19664          4  0.000e+00
