product_data/regression_test/downloaded_data/MDGS/320620060703/ctd/p6609307.ros
* Sea-Bird SBE 9 Data File:
* FileName = D:\Data\Raw\p6609307.dat
* Software Version Seasave Win32 V 5.32
* Temperature SN = 1649
* Conductivity SN = 1431
* Number of Bytes Per Scan = 37
* Number of Voltage Words = 5
* Number of Scans Averaged by the Deck Unit = 1
* NMEA Latitude = 61 07.50 S
* NMEA Longitude = 058 05.51 W
* NMEA UTC (Time) = 04:57:22
** Ship:   Nathaniel B. Palmer nbp
** Cruise:    NBP0606 nbp0606
# nquan = 17
# nvalues = 1176                    
# units = specified
# name 0 = prDM: Pressure, Digiquartz [db]
# name 1 = t090C: Temperature [ITS-90, deg C]
# name 2 = c0S/m: Conductivity [S/m]
# name 3 = t190C: Temperature, 2 [ITS-90, deg C]
# name 4 = c1S/m: Conductivity, 2 [S/m]
# name 5 = sbeox0ML/L: Oxygen, SBE 43 [ml/l]
# name 6 = flECO-AFL: Fluorescence, Wetlab ECO-AFL/FL [mg/m^3]
# name 7 = bat: Beam Attenuation, Chelsea/Seatech/Wetlab CStar [1/m]
# name 8 = spar: SPAR/Surface Irradiance
# name 9 = latitude: Latitude [deg]
# name 10 = longitude: Longitude [deg]
# name 11 = timeY: Time, System [seconds]
# name 12 = timeJ: Julian Days
# name 13 = sal00: Salinity [PSU]
# name 14 = scan: scan number
# name 15 = nbf: number of bottles fired
# name 16 = flag:  0.000e+00
# interval = seconds: 0.0416667                   
# start_time = Jul 11 2006 04:57:29
*END*
[from data line 852]
    499.825     1.8650   3.065649     1.8660   3.065918    4.49822    -0.0857    13.8155 0.0000e+00  -61.12500  -58.09183 1152594751 192.217047    34.7109      21693         18  0.000e+00
    499.729     1.8651   3.065625     1.8660   3.065948    4.49816    -0.0104    13.8155 0.0000e+00  -61.12500  -58.09183 1152594752 192.217047    34.7105      21694         18  0.000e+00
    499.758     1.8651   3.065615     1.8661   3.065924    4.49818    -0.0319    13.8155 0.0000e+00  -61.12500  -58.09183 1152594752 192.217048    34.7104      21695         18  0.000e+00
    499.758     1.8647   3.065615     1.8661   3.065912    4.49822    -0.0426    13.8155 0.0000e+00  -61.12500  -58.09183 1152594752 192.217048    34.7109      21696         18  0.000e+00
    499.729     1.8653   3.065632     1.8660   3.065912    4.49815    -0.1180    13.8155 0.0000e+00  -61.12500  -58.09183 1152594752 192.217049    34.7105      21697         18  0.000e+00
    499.691     1.8650   3.065656     1.8660   3.065948    4.49814    -0.1180    13.8155 0.0000e+00  -61.12500  -58.09183 1152594752 192.217049    34.7111      21698         18  0.000e+00
    499.758     1.8650   3.065625     1.8661   3.065942    4.49819    -0.0749    13.8155 0.0000e+00  -61.12500  -58.09183 1152594752 192.217050    34.7107      21699         18  0.000e+00
    499.662     1.8651   3.065594     1.8666   3.065936    4.49813    -0.0749    13.8155 0.0000e+00  -61.12500  -58.09183 1152594752 192.217050    34.7102      21700         18  0.000e+00
    499.691     1.8650   3.065608     1.8658   3.065918    4.49816    -0.1072    13.8155 0.0000e+00  -61.12500  -58.09183 1152594752 192.217051    34.7105      21701         18  0.000e+00
    499.691     1.8653   3.065615     1.8658   3.065912    4.49813    -0.1180    13.8155 0.0000e+00  -61.12500  -58.09183 1152594752 192.217051    34.7103      21702         18  0.000e+00
    499.729     1.8645   3.065611     1.8660   3.065930    4.49822    -0.0642    13.8155 0.0000e+00  -61.12500  -58.09183 1152594752 192.217052    34.7110      21703         18  0.000e+00
    499.614     1.8645   3.065649     1.8658   3.065918    4.50279    -0.0426    13.8155 0.0000e+00  -61.12500  -58.09183 1152594752 192.217052    34.7116      21704         18  0.000e+00
    499.691     1.8650   3.065625     1.8660   3.065912    4.49815    -0.0426    13.8155 0.0000e+00  -61.12500  -58.09183 1152594752 192.217052    34.7107      21705         18  0.000e+00
    499.662     1.8648   3.065594     1.8660   3.065930    4.49816    -0.0857    13.8155 0.0000e+00  -61.12500  -58.09183 1152594752 192.217053    34.7105      21706         18  0.000e+00
    499.614     1.8650   3.065608     1.8661   3.065936    4.49811    -0.0857    13.8155 0.0000e+00  -61.12500  -58.09183 1152594752 192.217053    34.7105      21707         18  0.000e+00
    499.691     1.8648   3.065632     1.8660   3.065918    4.49816    -0.1395    13.8155 0.0000e+00  -61.12500  -58.09183 1152594752 192.217054    34.7109      21708         18  0.000e+00
    499.595     1.8651   3.065618     1.8661   3.065912    4.49808    -0.0964    13.8155 0.0000e+00  -61.12500  -58.09183 1152594752 192.217054    34.7105      21709         18  0.000e+00
    499.691     1.8648   3.065632     1.8660   3.065912    4.50282    -0.0857    13.8155 0.0000e+00  -61.12500  -58.09183 1152594752 192.217055    34.7110      21710         18  0.000e+00
    499.614     1.8651   3.065639     1.8663   3.065912    4.49808    -0.0964    13.8155 0.0000e+00  -61.12500  -58.09183 1152594752 192.217055    34.7107      21711         18  0.000e+00
    499.595     1.8650   3.065639     1.8658   3.065912    4.49809    -0.0964    13.8155 0.0000e+00  -61.12500  -58.09183 1152594752 192.217056    34.7109      21712         18  0.000e+00
    499.691     1.8651   3.065618     1.8661   3.065930    4.49814    -0.1072    13.8155 0.0000e+00  -61.12500  -58.09183 1152594752 192.217056    34.7104      21713         18  0.000e+00
    499.614     1.8650   3.065577     1.8660   3.065918    4.49812    -0.0642    13.8155 0.0000e+00  -61.12500  -58.09183 1152594752 192.217057    34.7101      21714         18  0.000e+00
    499.595     1.8648   3.065636     1.8658   3.065930    4.49810    -0.0749    13.8155 0.0000e+00  -61.12500  -58.09183 1152594752 192.217057    34.7111      21715         18  0.000e+00
    499.614     1.8654   3.065642     1.8660   3.065918    4.49805    -0.0749    13.8155 0.0000e+00  -61.12500  -58.09183 1152594752 192.217058    34.7104      21716         18  0.000e+00
    499.614     1.8648   3.065618     1.8661   3.065930    4.49812    -0.1180    13.8155 0.0000e+00  -61.12500  -58.09183 1152594752 192.217058    34.7109      21717         18  0.000e+00
    499.518     1.8653   3.065615     1.8660   3.065936    4.50267    -0.1072    13.8155 0.0000e+00  -61.12500  -58.09183 1152594752 192.217059    34.7103      21718         18  0.000e+00
    499.758     1.8648   3.065615     1.8661   3.065918    4.50286    -0.0857    13.8155 0.0000e+00  -61.12500  -58.09183 1152594753 192.217059    34.7107      21719         18  0.000e+00
    499.614     1.8648   3.065615     1.8660   3.065906    4.49812    -0.0642    13.8155 0.0000e+00  -61.12500  -58.09183 1152594753 192.217060    34.7108      21720         18  0.000e+00
    499.595     1.8651   3.065649     1.8656   3.065906    4.50272    -0.0534    13.8155 0.0000e+00  -61.12500  -58.09183 1152594753 192.217060    34.7109      21721         18  0.000e+00
    499.614     1.8650   3.065642     1.8658   3.065930    4.50275    -0.0534    13.8155 0.0000e+00  -61.12500  -58.09183 1152594753 192.217061    34.7110      21722         18  0.000e+00
    499.806     1.8650   3.065615     1.8660   3.065936    4.49823    -0.0749    13.8155 0.0000e+00  -61.12500  -58.09183 1152594758 192.217119    34.7105      21843         19  0.000e+00
    499.758     1.8653   3.065615     1.8658   3.065936    4.49817    -0.0642    13.8155 0.0000e+00  -61.12500  -58.09183 1152594758 192.217120    34.7102      21844         19  0.000e+00
    499.825     1.8650   3.065615     1.8664   3.065936    4.49824    -0.0749    13.8155 0.0000e+00  -61.12500  -58.09183 1152594758 192.217120    34.7105      21845         19  0.000e+00
    499.806     1.8644   3.065632     1.8661   3.065918    4.49827    -0.0642    13.8155 0.0000e+00  -61.12500  -58.09183 1152594758 192.217120    34.7114      21846         19  0.000e+00
    499.758     1.8650   3.065636     1.8656   3.065912    4.49819    -0.0534    13.8155 0.0000e+00  -61.12500  -58.09183 1152594758 192.217121    34.7108      21847         19  0.000e+00
    499.758     1.8651   3.065636     1.8663   3.065930    4.49817    -0.0211    13.8155 0.0000e+00  -61.12500  -58.09183 1152594758 192.217121    34.7106      21848         19  0.000e+00
    499.729     1.8651   3.065618     1.8661   3.065936    4.49816    -0.0534    13.8155 0.0000e+00  -61.12500  -58.09183 1152594758 192.217122    34.7104      21849         19  0.000e+00
    499.758     1.8653   3.065615     1.8661   3.065936    4.49816    -0.0749    13.8155 0.0000e+00  -61.12500  -58.09183 1152594758 192.217122    34.7102      21850         19  0.000e+00
    499.691     1.8654   3.065615     1.8663   3.065936    4.49811    -0.0534    13.8155 0.0000e+00  -61.12500  -58.09183 1152594758 192.217123    34.7101      21851         19  0.000e+00
    499.729     1.8650   3.065615     1.8667   3.065954    4.49818    -0.0426    13.8155 0.0000e+00  -61.12500  -58.09183 1152594758 192.217123    34.7106      21852         19  0.000e+00
    499.691     1.8650   3.065615     1.8661   3.065924    4.49815    -0.0426    13.8155 0.0000e+00  -61.12500  -58.09183 1152594758 192.217124    34.7106      21853         19  0.000e+00
    499.691     1.8656   3.065632     1.8663   3.065912    4.49809    -0.0211    13.8155 0.0000e+00  -61.12500  -58.09183 1152594758 192.217124    34.7101      21854         19  0.000e+00
    499.662     1.8653   3.065618     1.8666   3.065930    4.49810    -0.0642    13.8155 0.0000e+00  -61.12500  -58.09183 1152594758 192.217125    34.7103      21855         19  0.000e+00
    499.614     1.8654   3.065632     1.8660   3.065912    4.49806    -0.1072    13.8155 0.0000e+00  -61.12500  -58.09183 1152594758 192.217125    34.7103      21856         19  0.000e+00
    499.691     1.8648   3.065618     1.8663   3.065924    4.49817    -0.0964    13.8155 0.0000e+00  -61.12500  -58.09183 1152594758 192.217126    34.7108      21857         19  0.000e+00
    499.595     1.8650   3.065632     1.8663   3.065918    4.49809    -0.0642    13.8155 0.0000e+00  -61.12500  -58.09183 1152594758 192.217126    34.7108      21858         19  0.000e+00
    499.614     1.8651   3.065653     1.8664   3.065930    4.49808    -0.0749    13.8155 0.0000e+00  -61.12500  -58.09183 1152594758 192.217127    34.7109      21859         19  0.000e+00
    499.614     1.8654   3.065625     1.8661   3.065918    4.49340    -0.0534    13.8155 0.0000e+00  -61.12500  -58.09183 1152594758 192.217127    34.7102      21860         19  0.000e+00
    499.595     1.8654   3.065615     1.8663   3.065930    4.49339    -0.0642    13.8155 0.0000e+00  -61.12500  -58.09183 1152594758 192.217128    34.7101      21861         19  0.000e+00
    499.547     1.8651   3.065615     1.8666   3.065954    4.49339    -0.0749    13.8155 0.0000e+00  -61.12500  -58.09183 1152594759 192.217128    34.7105      21862         19  0.000e+00
    499.614     1.8653   3.065649     1.8666   3.065942    4.49806    -0.0534    13.8155 0.0000e+00  -61.12500  -58.09183 1152594759 192.217129    34.7107      21863         19  0.000e+00
    499.470     1.8651   3.065663     1.8663   3.065954    4.49798    -0.0319    13.8155 0.0000e+00  -61.12500  -58.09183 1152594759 192.217129    34.7111      21864         19  0.000e+00
    499.595     1.8650   3.065642     1.8660   3.065942    4.49808    -0.0749    13.8155 0.0000e+00  -61.12500  -58.09183 1152594759 192.217130    34.7110      21865         19  0.000e+00
    499.470     1.8653   3.065618     1.8664   3.065918    4.49798    -0.1072    13.8155 0.0000e+00  -61.12500  -58.09183 1152594759 192.217130    34.7104      21866         19  0.000e+00
    499.547     1.8650   3.065615     1.8660   3.065930    4.49341    -0.1072    13.8155 0.0000e+00  -61.12500  -58.09183 1152594759 192.217131    34.7107      21867         19  0.000e+00
    499.451     1.8654   3.065632     1.8661   3.065918    4.49330    -0.1072    13.8155 0.0000e+00  -61.12500  -58.09183 1152594759 192.217131    34.7104      21868         19  0.000e+00
    499.470     1.8651   3.065656     1.8663   3.065912    4.49799    -0.0642    13.8155 0.0000e+00  -61.12500  -58.09183 1152594759 192.217132    34.7111      21869         19  0.000e+00
    499.470     1.8653   3.065642     1.8661   3.065948    4.49332    -0.0319    13.8155 0.0000e+00  -61.12500  -58.09183 1152594759 192.217132    34.7107      21870         19  0.000e+00
    499.451     1.8651   3.065618     1.8663   3.065924    4.49333    -0.0426    13.8155 0.0000e+00  -61.12500  -58.09183 1152594759 192.217133    34.7106      21871         19  0.000e+00
    499.403     1.8654   3.065611     1.8663   3.065930    4.49793    -0.0642    13.8155 0.0000e+00  -61.12500  -58.09183 1152594759 192.217133    34.7102      21872         19  0.000e+00
    499.470     1.8654   3.065632     1.8667   3.065936    4.49331    -0.0642    13.8155 0.0000e+00  -61.12500  -58.09183 1152594759 192.217133    34.7104      21873         19  0.000e+00
    499.374     1.8650   3.065618     1.8666   3.065918    4.49796    -0.1072    13.8155 0.0000e+00  -61.12500  -58.09183 1152594759 192.217134    34.7108      21874         19  0.000e+00
    499.403     1.8650   3.065615     1.8661   3.065930    4.49332    -0.1072    13.8155 0.0000e+00  -61.12500  -58.09183 1152594759 192.217134    34.7107      21875         19  0.000e+00
    499.403     1.8650   3.065649     1.8664   3.065936    4.49330    -0.1180    13.8155 0.0000e+00  -61.12500  -58.09183 1152594759 192.217135    34.7112      21876         19  0.000e+00
    499.374     1.8659   3.065625     1.8667   3.065936    4.49787    -0.0749    13.8155 0.0000e+00  -61.12500  -58.09183 1152594759 192.217135    34.7099      21877         19  0.000e+00
    499.403     1.8651   3.065594     1.8663   3.065936    4.49797    -0.0749    13.8155 0.0000e+00  -61.12500  -58.09183 1152594759 192.217136    34.7103      21878         19  0.000e+00
    499.336     1.8650   3.065625     1.8664   3.065918    4.49327    -0.1180    13.8155 0.0000e+00  -61.12500  -58.09183 1152594759 192.217136    34.7109      21879         19  0.000e+00
    499.374     1.8648   3.065618     1.8660   3.065912    4.49331    -0.0749    13.8155 0.0000e+00  -61.12500  -58.09183 1152594759 192.217137    34.7109      21880         19  0.000e+00
    499.336     1.8653   3.065615     1.8666   3.065930    4.49324    -0.0749    13.8155 0.0000e+00  -61.12500  -58.09183 1152594759 192.217137    34.7104      21881         19  0.000e+00
    499.336     1.8654   3.065632     1.8667   3.065936    4.49788    -0.0642    13.8155 0.0000e+00  -61.12500  -58.09183 1152594759 192.217138    34.7105      21882         19  0.000e+00
    499.307     1.8653   3.065653     1.8658   3.065936    4.49787    -0.0749    13.8155 0.0000e+00  -61.12500  -58.09183 1152594759 192.217138    34.7109      21883         19  0.000e+00
    499.259     1.8650   3.065660     1.8661   3.065918    4.49321    -0.1072    13.8155 0.0000e+00  -61.12500  -58.09183 1152594759 192.217139    34.7114      21884         19  0.000e+00
    499.336     1.8654   3.065625     1.8658   3.065930    4.49788    -0.1072    13.8155 0.0000e+00  -61.12500  -58.09183 1152594759 192.217139    34.7104      21885         19  0.000e+00
    499.307     1.8651   3.065632     1.8664   3.065936    4.49789    -0.0749    13.8155 0.0000e+00  -61.12500  -58.09183 1152594760 192.217140    34.7108      21886         19  0.000e+00
    499.259     1.8650   3.065601     1.8663   3.065918    4.49323    -0.0642    13.8155 0.0000e+00  -61.12500  -58.09183 1152594760 192.217140    34.7107      21887         19  0.000e+00
    499.259     1.8651   3.065625     1.8661   3.065930    4.49786    -0.0749    13.8155 0.0000e+00  -61.12500  -58.09183 1152594760 192.217141    34.7108      21888         19  0.000e+00
    499.307     1.8650   3.065639     1.8663   3.065936    4.49325    -0.1072    13.8155 0.0000e+00  -61.12500  -58.09183 1152594760 192.217141    34.7111      21889         19  0.000e+00
    499.259     1.8650   3.065618     1.8664   3.065936    4.49323    -0.0857    13.8155 0.0000e+00  -61.12500  -58.09183 1152594760 192.217142    34.7108      21890         19  0.000e+00
    499.259     1.8653   3.065615     1.8661   3.065918    4.49320    -0.0642    13.8155 0.0000e+00  -61.12500  -58.09183 1152594760 192.217142    34.7104      21891         19  0.000e+00
    500.795     1.8648   3.065663     1.8658   3.065966    4.49418    -0.0642    13.8155 0.0000e+00  -61.12500  -58.09183 1152594764 192.217197    34.7108      22004         20  0.000e+00
    500.680     1.8651   3.065681     1.8661   3.065942    4.49873    -0.0642    13.8155 0.0000e+00  -61.12500  -58.09183 1152594764 192.217197    34.7107      22005         20  0.000e+00
    500.824     1.8650   3.065650     1.8653   3.065954    4.49419    -0.0749    13.8155 0.0000e+00  -61.12500  -58.09183 1152594765 192.217198    34.7104      22006         20  0.000e+00
    500.728     1.8648   3.065619     1.8656   3.065942    4.49415    -0.0857    13.8155 0.0000e+00  -61.12500  -58.09183 1152594765 192.217198    34.7102      22007         20  0.000e+00
    500.680     1.8648   3.065632     1.8660   3.065954    4.49878    -0.0964    13.8155 0.0000e+00  -61.12500  -58.09183 1152594765 192.217199    34.7104      22008         20  0.000e+00
