product_data/regression_test/downloaded_data/MDGS/320620060703/ctd/p6609401.ros
* Sea-Bird SBE 9 Data File:
* FileName = D:\Data\Raw\p6609401.dat
* Software Version Seasave Win32 V 5.32
* Temperature SN = 1649
* Conductivity SN = 1431
* Number of Bytes Per Scan = 37
* Number of Voltage Words = 5
* Number of Scans Averaged by the Deck Unit = 1
* NMEA Latitude = 60 59.99 S
* NMEA Longitude = 058 11.24 W
* NMEA UTC (Time) = 14:37:05
** Ship:   Nathaniel B. Palmer nbp
** Cruise:    NBP0606 nbp0606
# nquan = 17
# nvalues = 1176                    
# units = specified
# name 0 = prDM: Pressure, Digiquartz [db]
# name 1 = t090C: Temperature [ITS-90, deg C]
# name 2 = c0S/m: Conductivity [S/m]
# name 3 = t190C: Temperature, 2 [ITS-90, deg C]
# name 4 = c1S/m: Conductivity, 2 [S/m]
# name 5 = sbeox0ML/L: Oxygen, SBE 43 [ml/l]
# name 6 = flECO-AFL: Fluorescence, Wetlab ECO-AFL/FL [mg/m^3]
# name 7 = bat: Beam Attenuation, Chelsea/Seatech/Wetlab CStar [1/m]
# name 8 = spar: SPAR/Surface Irradiance
# name 9 = latitude: Latitude [deg]
# name 10 = longitude: Longitude [deg]
# name 11 = timeY: Time, System [seconds]
# name 12 = timeJ: Julian Days
# name 13 = sal00: Salinity [PSU]
# name 14 = scan: scan number
# name 15 = nbf: number of bottles fired
# name 16 = flag:  0.000e+00
# interval = seconds: 0.0416667                   
# start_time = Jul 11 2006 14:37:13
*END*
[from data line 426]
    221.678     1.5508   3.013759     1.5418   3.012051    4.60589    -0.0534    13.8155 5.6496e+01  -60.99983  -58.18733 1152631401 192.641232    34.5588      66468          9  0.000e+00
    221.612     1.5497   3.014012     1.5412   3.011991    4.60585    -0.0749    13.8155 5.6496e+01  -60.99983  -58.18733 1152631401 192.641233    34.5633      66469          9  0.000e+00
    221.669     1.5566   3.014230     1.5404   3.012027    4.60967    -0.0964    13.8155 5.6496e+01  -60.99983  -58.18733 1152631401 192.641233    34.5584      66470          9  0.000e+00
    221.678     1.5678   3.014551     1.5413   3.012308    4.60398    -0.0749    13.8155 5.6496e+01  -60.99983  -58.18733 1152631401 192.641234    34.5502      66471          9  0.000e+00
    221.612     1.5788   3.014780     1.5426   3.012612    4.60734    -0.0749    13.8155 5.6496e+01  -60.99983  -58.18733 1152631401 192.641234    34.5412      66472          9  0.000e+00
    221.678     1.5838   3.015043     1.5427   3.012642    4.60680    -0.0534    13.8155 5.6496e+01  -60.99983  -58.18733 1152631401 192.641235    34.5389      66473          9  0.000e+00
    221.678     1.5821   3.015279     1.5434   3.012499    4.60687    -0.1180    13.8155 5.6496e+01  -60.99983  -58.18733 1152631401 192.641235    34.5438      66474          9  0.000e+00
    221.612     1.5828   3.015638     1.5463   3.012505    4.60661    -0.1395    13.8155 5.6496e+01  -60.99983  -58.18733 1152631401 192.641236    34.5475      66475          9  0.000e+00
    221.679     1.5863   3.016352     1.5494   3.012720    4.60605    -0.1395    13.8155 5.6496e+01  -60.99983  -58.18733 1152631401 192.641236    34.5528      66476          9  0.000e+00
    221.679     1.5846   3.017005     1.5532   3.012989    4.60596    -0.0964    13.8155 5.6496e+01  -60.99983  -58.18733 1152631401 192.641236    34.5629      66477          9  0.000e+00
    221.679     1.5896   3.017747     1.5544   3.013287    4.60519    -0.0749    13.8155 5.6496e+01  -60.99983  -58.18733 1152631401 192.641237    34.5668      66478          9  0.000e+00
    221.679     1.5954   3.017874     1.5618   3.013628    4.60459    -0.0642    13.8155 5.6496e+01  -60.99983  -58.18733 1152631401 192.641237    34.5620      66479          9  0.000e+00
    221.679     1.6077   3.017816     1.5636   3.013933    4.60346    -0.0857    13.8155 5.6496e+01  -60.99983  -58.18733 1152631401 192.641238    34.5478      66480          9  0.000e+00
    221.679     1.6313   3.018089     1.5669   3.014207    4.60114    -0.0964    13.8155 5.6496e+01  -60.99983  -58.18733 1152631401 192.641238    34.5255      66481          9  0.000e+00
    221.679     1.6444   3.018455     1.5713   3.014434    4.60428    -0.1072    13.8155 5.6496e+01  -60.99983  -58.18733 1152631401 192.641239    34.5157      66482          9  0.000e+00
    221.193     1.5381   3.011261     1.5368   3.011406    4.59871    -0.1180    13.8155 5.6496e+01  -60.99983  -58.18733 1152631407 192.641312    34.5413      66633         10  0.000e+00
    221.116     1.5381   3.011288     1.5368   3.011358    4.59865    -0.1072    13.8155 5.6496e+01  -60.99983  -58.18733 1152631407 192.641312    34.5417      66634         10  0.000e+00
    221.193     1.5380   3.011258     1.5370   3.011376    4.59420    -0.0964    13.8155 5.6496e+01  -60.99983  -58.18733 1152631408 192.641313    34.5415      66635         10  0.000e+00
    221.117     1.5381   3.011247     1.5367   3.011412    4.59414    -0.0749    13.8155 5.6496e+01  -60.99983  -58.18733 1152631408 192.641313    34.5412      66636         10  0.000e+00
    221.193     1.5383   3.011282     1.5371   3.011400    4.59416    -0.0534    13.8155 5.6496e+01  -60.99983  -58.18733 1152631408 192.641314    34.5414      66637         10  0.000e+00
    221.193     1.5385   3.011439     1.5364   3.011394    4.59408    -0.0319    13.8155 5.4548e+01  -60.99983  -58.18733 1152631408 192.641314    34.5432      66638         10  0.000e+00
    221.117     1.5452   3.011825     1.5371   3.011376    4.59778    -0.0104    13.8155 5.6496e+01  -60.99983  -58.18733 1152631408 192.641315    34.5408      66639         10  0.000e+00
    221.193     1.5499   3.011999     1.5375   3.011405    4.59731    -0.0857    13.8155 5.6496e+01  -60.99983  -58.18733 1152631408 192.641315    34.5378      66640         10  0.000e+00
    221.174     1.5554   3.012477     1.5376   3.011441    4.59659    -0.1180    13.8155 5.6496e+01  -60.99983  -58.18733 1152631408 192.641316    34.5378      66641         10  0.000e+00
    221.193     1.5584   3.012990     1.5375   3.011453    4.59160    -0.1180    13.8155 5.6496e+01  -60.99983  -58.18733 1152631408 192.641316    34.5411      66642         10  0.000e+00
    221.193     1.5557   3.013171     1.5373   3.011471    4.59178    -0.1180    13.8155 5.6496e+01  -60.99983  -58.18733 1152631408 192.641317    34.5463      66643         10  0.000e+00
    221.193     1.5521   3.012894     1.5378   3.011477    4.59675    -0.1072    13.8155 5.6496e+01  -60.99983  -58.18733 1152631408 192.641317    34.5467      66644         10  0.000e+00
    221.193     1.5488   3.012569     1.5381   3.011495    4.59719    -0.0749    13.8155 5.6496e+01  -60.99983  -58.18733 1152631408 192.641318    34.5462      66645         10  0.000e+00
    221.193     1.5475   3.012436     1.5381   3.011543    4.59284    -0.0642    13.8155 5.6496e+01  -60.99983  -58.18733 1152631408 192.641318    34.5459      66646         10  0.000e+00
    221.193     1.5497   3.012423     1.5384   3.011579    4.59264    -0.0749    13.8155 5.6496e+01  -60.99983  -58.18733 1152631408 192.641318    34.5433      66647         10  0.000e+00
    221.260     1.5521   3.012436     1.5392   3.011585    4.59245    -0.0642    13.8155 5.6496e+01  -60.99983  -58.18733 1152631408 192.641319    34.5409      66648         10  0.000e+00
    221.193     1.5496   3.012491     1.5393   3.011650    4.59262    -0.0964    13.8155 5.6496e+01  -60.99983  -58.18733 1152631408 192.641319    34.5443      66649         10  0.000e+00
    221.193     1.5486   3.012501     1.5389   3.011609    4.59271    -0.1072    13.8155 5.6496e+01  -60.99983  -58.18733 1152631408 192.641320    34.5455      66650         10  0.000e+00
    221.260     1.5472   3.012453     1.5390   3.011627    4.59290    -0.1287    13.8155 5.6496e+01  -60.99983  -58.18733 1152631408 192.641320    34.5464      66651         10  0.000e+00
    221.193     1.5485   3.012392     1.5389   3.011644    4.59729    -0.1395    13.8155 5.6496e+01  -60.99983  -58.18733 1152631408 192.641321    34.5443      66652         10  0.000e+00
    221.260     1.5490   3.012296     1.5392   3.011621    4.59732    -0.1502    13.8155 5.6496e+01  -60.99983  -58.18733 1152631408 192.641321    34.5425      66653         10  0.000e+00
    221.260     1.5483   3.012098     1.5395   3.011656    4.59747    -0.1718    13.8155 5.6496e+01  -60.99983  -58.18733 1152631408 192.641322    34.5407      66654         10  0.000e+00
    221.260     1.5458   3.011982     1.5390   3.011633    4.59775    -0.1395    13.8155 5.6496e+01  -60.99983  -58.18733 1152631408 192.641322    34.5420      66655         10  0.000e+00
    221.260     1.5452   3.011931     1.5395   3.011615    4.59330    -0.0534    13.8155 5.6496e+01  -60.99983  -58.18733 1152631408 192.641323    34.5420      66656         10  0.000e+00
    221.260     1.5433   3.011879     1.5390   3.011615    4.59802    -0.0749    13.8155 5.6496e+01  -60.99983  -58.18733 1152631408 192.641323    34.5435      66657         10  0.000e+00
    221.260     1.5421   3.011756     1.5389   3.011639    4.59819    -0.0857    13.8155 5.6496e+01  -60.99983  -58.18733 1152631408 192.641324    34.5433      66658         10  0.000e+00
    221.260     1.5406   3.011637     1.5390   3.011627    4.59837    -0.1395    13.8155 5.6496e+01  -60.99983  -58.18733 1152631409 192.641324    34.5433      66659         10  0.000e+00
    221.327     1.5394   3.011493     1.5393   3.011621    4.59859    -0.0749    13.8155 5.6496e+01  -60.99983  -58.18733 1152631409 192.641325    34.5429      66660         10  0.000e+00
    221.260     1.5392   3.011429     1.5389   3.011591    4.59858    -0.0534    13.8155 5.6496e+01  -60.99983  -58.18733 1152631409 192.641325    34.5422      66661         10  0.000e+00
    221.327     1.5391   3.011394     1.5390   3.011609    4.59866    -0.0857    13.8155 5.6496e+01  -60.99983  -58.18733 1152631409 192.641326    34.5419      66662         10  0.000e+00
    221.260     1.5384   3.011336     1.5385   3.011621    4.59870    -0.0964    13.8155 5.6496e+01  -60.99983  -58.18733 1152631409 192.641326    34.5419      66663         10  0.000e+00
    221.327     1.5385   3.011333     1.5389   3.011615    4.59874    -0.0749    13.8155 5.6496e+01  -60.99983  -58.18733 1152631409 192.641327    34.5418      66664         10  0.000e+00
    221.327     1.5381   3.011289     1.5387   3.011573    4.59879    -0.0964    13.8155 5.6496e+01  -60.99983  -58.18733 1152631409 192.641327    34.5416      66665         10  0.000e+00
    221.327     1.5383   3.011285     1.5381   3.011579    4.59877    -0.0749    13.8155 5.6496e+01  -60.99983  -58.18733 1152631409 192.641328    34.5414      66666         10  0.000e+00
    221.327     1.5383   3.011312     1.5387   3.011567    4.59876    -0.0749    13.8155 5.6496e+01  -60.99983  -58.18733 1152631409 192.641328    34.5417      66667         10  0.000e+00
    221.327     1.5383   3.011316     1.5387   3.011561    4.59876    -0.0964    13.8155 5.6496e+01  -60.99983  -58.18733 1152631409 192.641329    34.5418      66668         10  0.000e+00
    221.404     1.5384   3.011302     1.5385   3.011561    4.59880    -0.0319    13.8155 5.6496e+01  -60.99983  -58.18733 1152631409 192.641329    34.5414      66669         10  0.000e+00
    221.327     1.5385   3.011309     1.5381   3.011579    4.59875    -0.0642    13.8155 5.6496e+01  -60.99983  -58.18733 1152631409 192.641330    34.5415      66670         10  0.000e+00
    221.404     1.5381   3.011285     1.5384   3.011567    4.59884    -0.0749    13.8155 5.6496e+01  -60.99983  -58.18733 1152631409 192.641330    34.5415      66671         10  0.000e+00
    221.404     1.5383   3.011268     1.5387   3.011579    4.59883    -0.0319    13.8155 5.6496e+01  -60.99983  -58.18733 1152631409 192.641331    34.5411      66672         10  0.000e+00
    221.404     1.5380   3.011271     1.5390   3.011585    4.59886    -0.0534    13.8155 5.6496e+01  -60.99983  -58.18733 1152631409 192.641331    34.5415      66673         10  0.000e+00
    221.404     1.5385   3.011285     1.5387   3.011567    4.59881    -0.0534    13.8155 5.6496e+01  -60.99983  -58.18733 1152631409 192.641332    34.5412      66674         10  0.000e+00
    221.404     1.5376   3.011261     1.5387   3.011579    4.59889    -0.0749    13.8155 5.6496e+01  -60.99983  -58.18733 1152631409 192.641332    34.5417      66675         10  0.000e+00
    221.404     1.5381   3.011261     1.5382   3.011591    4.59885    -0.0964    13.8155 5.6496e+01  -60.99983  -58.18733 1152631409 192.641332    34.5412      66676         10  0.000e+00
    221.471     1.5378   3.011217     1.5382   3.011519    4.59894    -0.1180    13.8155 5.6496e+01  -60.99983  -58.18733 1152631409 192.641333    34.5410      66677         10  0.000e+00
    221.471     1.5375   3.011234     1.5381   3.011525    4.59896    -0.0749    13.8155 5.6496e+01  -60.99983  -58.18733 1152631409 192.641333    34.5415      66678         10  0.000e+00
    221.404     1.5383   3.011230     1.5379   3.011573    4.60337    -0.0964    13.8155 5.6496e+01  -60.99983  -58.18733 1152631409 192.641334    34.5407      66679         10  0.000e+00
    221.528     1.5376   3.011220     1.5381   3.011585    4.60351    -0.1287    13.8155 5.6496e+01  -60.99983  -58.18733 1152631409 192.641334    34.5412      66680         10  0.000e+00
    221.471     1.5373   3.011207     1.5381   3.011609    4.59898    -0.0857    13.8155 5.6496e+01  -60.99983  -58.18733 1152631409 192.641335    34.5413      66681         10  0.000e+00
    181.419     0.8722   2.938413     0.8160   2.937413    5.62766    -0.0964    13.8155 5.6496e+01  -60.99983  -58.18733 1152631486 192.642220    34.3651      68517         11  0.000e+00
    181.390     0.8347   2.937082     0.8172   2.937354    5.63712    -0.0857    13.8155 5.6496e+01  -60.99983  -58.18733 1152631486 192.642221    34.3894      68518         11  0.000e+00
    181.562     0.8274   2.937691     0.8132   2.936744    5.63778    -0.0749    13.8155 5.6496e+01  -60.99983  -58.18733 1152631486 192.642221    34.4053      68519         11  0.000e+00
    181.562     0.8283   2.938671     0.8048   2.936064    5.63719    -0.0749    13.8155 5.6496e+01  -60.99983  -58.18733 1152631486 192.642222    34.4170      68520         11  0.000e+00
    181.533     0.8358   2.939218     0.7957   2.935418    5.63605    -0.0642    13.8155 5.6496e+01  -60.99983  -58.18733 1152631486 192.642222    34.4157      68521         11  0.000e+00
    181.629     0.8494   2.940235     0.8026   2.935335    5.63866    -0.1072    13.8155 5.6496e+01  -60.99983  -58.18733 1152631486 192.642223    34.4137      68522         11  0.000e+00
    181.562     0.8586   2.941719     0.8140   2.936134    5.63683    -0.0857    13.8155 5.6496e+01  -60.99983  -58.18733 1152631486 192.642223    34.4228      68523         11  0.000e+00
    181.600     0.8750   2.943176     0.7949   2.936099    5.63428    -0.0964    13.8155 5.6496e+01  -60.99983  -58.18733 1152631486 192.642224    34.4235      68524         11  0.000e+00
    181.629     0.8800   2.942388     0.7653   2.933743    5.63413    -0.0964    13.8155 5.6496e+01  -60.99983  -58.18733 1152631486 192.642224    34.4078      68525         11  0.000e+00
    181.562     0.8554   2.938454     0.7359   2.930774    5.63881    -0.1072    13.8155 5.6496e+01  -60.99983  -58.18733 1152631486 192.642225    34.3842      68526         11  0.000e+00
    181.772     0.8058   2.932550     0.7030   2.927830    5.64752    -0.0749    13.8155 5.6496e+01  -60.99983  -58.18733 1152631486 192.642225    34.3624      68527         11  0.000e+00
    181.744     0.7543   2.928103     0.6822   2.925631    5.66017    -0.0104    13.8155 5.6496e+01  -60.99983  -58.18733 1152631486 192.642226    34.3619      68528         11  0.000e+00
    181.696     0.7206   2.925904     0.6867   2.925229    5.66507    -0.0749    13.8155 5.6496e+01  -60.99983  -58.18733 1152631486 192.642226    34.3707      68529         11  0.000e+00
    181.696     0.7007   2.925539     0.6977   2.926022    5.66753    -0.0642    13.8155 5.6496e+01  -60.99983  -58.18733 1152631486 192.642227    34.3881      68530         11  0.000e+00
    181.744     0.7020   2.927017     0.7050   2.926731    5.67127    -0.0534    13.8155 5.6496e+01  -60.99983  -58.18733 1152631486 192.642227    34.4057      68531         11  0.000e+00
    181.839     0.7174   2.928106     0.7120   2.927423    5.66905    -0.0319    13.8155 5.6496e+01  -60.99983  -58.18733 1152631487 192.642228    34.4028      68532         11  0.000e+00
    181.772     0.7186   2.928474     0.7171   2.928073    5.66867    -0.0534    13.8155 5.6496e+01  -60.99983  -58.18733 1152631487 192.642228    34.4062      68533         11  0.000e+00
    181.811     0.7300   2.930344     0.7136   2.928108    5.66646    -0.0749    13.8155 5.6496e+01  -60.99983  -58.18733 1152631487 192.642228    34.4178      68534         11  0.000e+00
    181.839     0.7516   2.931558     0.6986   2.927168    5.66801    -0.0749    13.8155 5.6496e+01  -60.99983  -58.18733 1152631487 192.642229    34.4096      68535         11  0.000e+00
    181.906     0.7488   2.930968     0.6816   2.925702    5.66868    -0.0857    13.8155 5.6496e+01  -60.99983  -58.18733 1152631487 192.642229    34.4050      68536         11  0.000e+00
