product_data/regression_test/downloaded_data/MDGS/320620060703/ctd/p6609401.ros
* Sea-Bird SBE 9 Data File:
* FileName = D:\Data\Raw\p6609401.dat
* Software Version Seasave Win32 V 5.32
* Temperature SN = 1649
* Conductivity SN = 1431
* Number of Bytes Per Scan = 37
* Number of Voltage Words = 5
* Number of Scans Averaged by the Deck Unit = 1
* NMEA Latitude = 60 59.99 S
* NMEA Longitude = 058 11.24 W
* NMEA UTC (Time) = 14:37:05
** Ship:   Nathaniel B. Palmer nbp
** Cruise:    NBP0606 nbp0606
# nquan = 17
# nvalues = 1176                    
# units = specified
# name 0 = prDM: Pressure, Digiquartz [db]
# name 1 = t090C: Temperature [ITS-90, deg C]
# name 2 = c0S/m: Conductivity [S/m]
# name 3 = t190C: Temperature, 2 [ITS-90, deg C]
# name 4 = c1S/m: Conductivity, 2 [S/m]
# name 5 = sbeox0ML/L: Oxygen, SBE 43 [ml/l]
# name 6 = flECO-AFL: Fluorescence, Wetlab ECO-AFL/FL [mg/m^3]
# name 7 = bat: Beam Attenuation, Chelsea/Seatech/Wetlab CStar [1/m]
# name 8 = spar: SPAR/Surface Irradiance
# name 9 = latitude: Latitude [deg]
# name 10 = longitude: Longitude [deg]
# name 11 = timeY: Time, System [seconds]
# name 12 = timeJ: Julian Days
# name 13 = sal00: Salinity [PSU]
# name 14 = scan: scan number
# name 15 = nbf: number of bottles fired
# name 16 = flag:  0.000e+00
# interval = seconds: 0.0416667                   
# start_time = Jul 11 2006 14:37:13
*END*
[from data line 937]
     50.664    -0.7544   2.764059    -0.7542   2.764444    7.89874     0.0219    13.8155 5.6496e+01  -60.99983  -58.18733 1152631836 192.646266    33.9521      76907         20  0.000e+00
     50.730    -0.7547   2.764065    -0.7537   2.764462    7.89887     0.0112    13.8155 5.4548e+01  -60.99983  -58.18733 1152631836 192.646267    33.9525      76908         20  0.000e+00
     50.664    -0.7545   2.764065    -0.7545   2.764456    7.90346     0.0650    13.8155 5.4548e+01  -60.99983  -58.18733 1152631836 192.646267    33.9524      76909         20  0.000e+00
     50.730    -0.7546   2.764045    -0.7544   2.764468    7.90355     0.0542    13.8155 5.6496e+01  -60.99983  -58.18733 1152631836 192.646268    33.9521      76910         20  0.000e+00
     50.664    -0.7547   2.764042    -0.7545   2.764439    7.90350     0.0219    13.8155 5.4548e+01  -60.99983  -58.18733 1152631836 192.646268    33.9522      76911         20  0.000e+00
     50.664    -0.7544   2.764059    -0.7544   2.764462    7.89875     0.0112    13.8155 5.4548e+01  -60.99983  -58.18733 1152631836 192.646269    33.9521      76912         20  0.000e+00
     50.730    -0.7544   2.764095    -0.7546   2.764473    7.89880     0.0650    13.8155 5.4548e+01  -60.99983  -58.18733 1152631836 192.646269    33.9526      76913         20  0.000e+00
     50.654    -0.7542   2.764091    -0.7540   2.764491    7.89869     0.0972    13.8155 5.6496e+01  -60.99983  -58.18733 1152631836 192.646270    33.9524      76914         20  0.000e+00
     50.664    -0.7541   2.764052    -0.7542   2.764502    7.90340     0.0757    13.8155 5.4548e+01  -60.99983  -58.18733 1152631836 192.646270    33.9517      76915         20  0.000e+00
     50.664    -0.7545   2.764092    -0.7540   2.764497    7.90344     0.0650    13.8155 5.4548e+01  -60.99983  -58.18733 1152631836 192.646271    33.9527      76916         20  0.000e+00
     50.587    -0.7540   2.764124    -0.7544   2.764462    7.90324     0.0757    13.8155 5.4548e+01  -60.99983  -58.18733 1152631836 192.646271    33.9526      76917         20  0.000e+00
     50.664    -0.7539   2.764115    -0.7545   2.764468    7.89863     0.0972    13.8155 5.4548e+01  -60.99983  -58.18733 1152631836 192.646272    33.9523      76918         20  0.000e+00
     50.587    -0.7540   2.764091    -0.7542   2.764473    7.90327     0.0542    13.8155 5.4548e+01  -60.99983  -58.18733 1152631836 192.646272    33.9521      76919         20  0.000e+00
     50.664    -0.7538   2.764052    -0.7546   2.764450    7.90335     0.0327    13.8155 5.4548e+01  -60.99983  -58.18733 1152631836 192.646273    33.9513      76920         20  0.000e+00
     50.587    -0.7542   2.764091    -0.7542   2.764462    7.90331     0.0757    13.8155 5.4548e+01  -60.99983  -58.18733 1152631836 192.646273    33.9524      76921         20  0.000e+00
     50.587    -0.7544   2.764124    -0.7545   2.764456    7.90331     0.0757    13.8155 5.4548e+01  -60.99983  -58.18733 1152631836 192.646274    33.9531      76922         20  0.000e+00
     50.664    -0.7542   2.764111    -0.7542   2.764468    7.90808     0.0650    13.8155 5.4548e+01  -60.99983  -58.18733 1152631836 192.646274    33.9527      76923         20  0.000e+00
     50.587    -0.7544   2.764091    -0.7544   2.764473    7.90803     0.0434    13.8155 5.4548e+01  -60.99983  -58.18733 1152631836 192.646275    33.9526      76924         20  0.000e+00
     50.521    -0.7542   2.764101    -0.7545   2.764450    7.90323     0.0434    13.8155 5.4548e+01  -60.99983  -58.18733 1152631836 192.646275    33.9526      76925         20  0.000e+00
     50.587    -0.7541   2.764091    -0.7546   2.764450    7.90329     0.0327    13.8155 5.4548e+01  -60.99983  -58.18733 1152631836 192.646276    33.9523      76926         20  0.000e+00
     50.587    -0.7547   2.764052    -0.7547   2.764404    7.90341     0.0327    13.8155 5.4548e+01  -60.99983  -58.18733 1152631836 192.646276    33.9524      76927         20  0.000e+00
     50.521    -0.7544   2.764059    -0.7547   2.764415    7.90329    -0.0104    13.8155 5.4548e+01  -60.99983  -58.18733 1152631836 192.646277    33.9522      76928         20  0.000e+00
     50.588    -0.7547   2.764065    -0.7551   2.764398    7.90810    -0.0104    13.8155 5.4548e+01  -60.99983  -58.18733 1152631836 192.646277    33.9526      76929         20  0.000e+00
     50.521    -0.7549   2.764065    -0.7550   2.764415    7.90805     0.0327    13.8155 5.4548e+01  -60.99983  -58.18733 1152631837 192.646277    33.9528      76930         20  0.000e+00
     50.521    -0.7547   2.764065    -0.7551   2.764421    7.90803     0.0327    13.8155 5.4548e+01  -60.99983  -58.18733 1152631837 192.646278    33.9526      76931         20  0.000e+00
     50.521    -0.7550   2.764065    -0.7548   2.764421    7.90808     0.0757    13.8155 5.4548e+01  -60.99983  -58.18733 1152631837 192.646278    33.9530      76932         20  0.000e+00
     50.521    -0.7544   2.764078    -0.7552   2.764404    7.90797     0.0972    13.8155 5.4548e+01  -60.99983  -58.18733 1152631837 192.646279    33.9525      76933         20  0.000e+00
     50.445    -0.7539   2.764134    -0.7547   2.764415    7.90777     0.0542    13.8155 5.4548e+01  -60.99983  -58.18733 1152631837 192.646279    33.9527      76934         20  0.000e+00
     50.521    -0.7530   2.764184    -0.7545   2.764404    7.90768     0.0650    13.8155 5.4548e+01  -60.99983  -58.18733 1152631837 192.646280    33.9524      76935         20  0.000e+00
     50.445    -0.7535   2.764213    -0.7547   2.764433    7.90764     0.0542    13.8155 5.4548e+01  -60.99983  -58.18733 1152631837 192.646280    33.9533      76936         20  0.000e+00
     50.445    -0.7532   2.764236    -0.7542   2.764427    7.90758    -0.0104    13.8155 5.4548e+01  -60.99983  -58.18733 1152631837 192.646281    33.9533      76937         20  0.000e+00
     50.521    -0.7519   2.764292    -0.7539   2.764496    7.90742     0.0004    13.8155 5.4548e+01  -60.99983  -58.18733 1152631837 192.646281    33.9526      76938         20  0.000e+00
     50.445    -0.7519   2.764322    -0.7540   2.764508    7.90732     0.0327    13.8155 5.4548e+01  -60.99983  -58.18733 1152631837 192.646282    33.9530      76939         20  0.000e+00
     50.445    -0.7521   2.764364    -0.7540   2.764520    7.90730     0.0327    13.8155 5.4548e+01  -60.99983  -58.18733 1152631837 192.646282    33.9538      76940         20  0.000e+00
     50.378    -0.7515   2.764374    -0.7534   2.764572    7.91183     0.0542    13.8155 5.4548e+01  -60.99983  -58.18733 1152631837 192.646283    33.9533      76941         20  0.000e+00
     50.445    -0.7515   2.764358    -0.7530   2.764601    7.91191     0.0434    13.8155 5.4548e+01  -60.99983  -58.18733 1152631837 192.646283    33.9530      76942         20  0.000e+00
     50.445    -0.7519   2.764384    -0.7522   2.764606    7.90727     0.0112    13.8155 5.4548e+01  -60.99983  -58.18733 1152631837 192.646284    33.9539      76943         20  0.000e+00
     50.378    -0.7515   2.764345    -0.7522   2.764664    7.90716    -0.0104    13.8155 5.4548e+01  -60.99983  -58.18733 1152631837 192.646284    33.9529      76944         20  0.000e+00
     50.378    -0.7513   2.764381    -0.7511   2.764716    7.90710     0.0650    13.8155 5.4548e+01  -60.99983  -58.18733 1152631837 192.646285    33.9531      76945         20  0.000e+00
     50.445    -0.7513   2.764381    -0.7509   2.764757    7.90718     0.0757    13.8155 5.4548e+01  -60.99983  -58.18733 1152631837 192.646285    33.9531      76946         20  0.000e+00
     50.378    -0.7515   2.764358    -0.7511   2.764722    7.90714     0.0542    13.8155 5.4548e+01  -60.99983  -58.18733 1152631837 192.646286    33.9530      76947         20  0.000e+00
     50.378    -0.7518   2.764384    -0.7514   2.764734    7.90718     0.1080    13.8155 5.4548e+01  -60.99983  -58.18733 1152631837 192.646286    33.9538      76948         20  0.000e+00
     50.378    -0.7521   2.764328    -0.7518   2.764716    7.91195     0.1080    13.8155 5.4548e+01  -60.99983  -58.18733 1152631837 192.646287    33.9533      76949         20  0.000e+00
     30.698    -0.8119   2.757702    -0.8108   2.758133    7.97965     0.1188    13.8155 5.2600e+01  -60.99983  -58.18733 1152631900 192.647017    33.9430      78463         21  0.000e+00
     30.784    -0.8119   2.757689    -0.8105   2.758139    7.97976     0.0972    13.8155 5.2600e+01  -60.99983  -58.18733 1152631900 192.647017    33.9428      78464         21  0.000e+00
     30.784    -0.8117   2.757718    -0.8105   2.758133    7.97970     0.0327    13.8155 5.2600e+01  -60.99983  -58.18733 1152631900 192.647018    33.9430      78465         21  0.000e+00
     30.699    -0.8116   2.757692    -0.8110   2.758116    7.97492     0.0650    13.8155 5.2600e+01  -60.99983  -58.18733 1152631901 192.647018    33.9426      78466         21  0.000e+00
     30.784    -0.8111   2.757702    -0.8111   2.758127    7.97493     0.0972    13.8155 5.2600e+01  -60.99983  -58.18733 1152631901 192.647019    33.9421      78467         21  0.000e+00
     30.641    -0.8111   2.757708    -0.8110   2.758093    7.97477     0.1080    13.8155 5.2600e+01  -60.99983  -58.18733 1152631901 192.647019    33.9423      78468         21  0.000e+00
     30.784    -0.8113   2.757708    -0.8111   2.758081    7.97495     0.0650    13.8155 5.4548e+01  -60.99983  -58.18733 1152631901 192.647020    33.9424      78469         21  0.000e+00
     30.632    -0.8111   2.757725    -0.8113   2.758081    7.97474     0.0542    13.8155 5.2600e+01  -60.99983  -58.18733 1152631901 192.647020    33.9425      78470         21  0.000e+00
     30.708    -0.8111   2.757741    -0.8111   2.758081    7.97482     0.0542    13.8155 5.4548e+01  -60.99983  -58.18733 1152631901 192.647021    33.9427      78471         21  0.000e+00
     30.708    -0.8105   2.757748    -0.8110   2.758087    7.97472     0.0542    13.8155 5.2600e+01  -60.99983  -58.18733 1152631901 192.647021    33.9421      78472         21  0.000e+00
     30.632    -0.8107   2.757735    -0.8104   2.758104    7.97468     0.0650    13.8155 5.2600e+01  -60.99983  -58.18733 1152631901 192.647022    33.9423      78473         21  0.000e+00
     30.708    -0.8103   2.757761    -0.8105   2.758093    7.97937     0.0434    13.8155 5.2600e+01  -60.99983  -58.18733 1152631901 192.647022    33.9421      78474         21  0.000e+00
     30.641    -0.8109   2.757774    -0.8104   2.758145    7.97939     0.0542    13.8155 5.4548e+01  -60.99983  -58.18733 1152631901 192.647023    33.9430      78475         21  0.000e+00
     30.641    -0.8109   2.757771    -0.8100   2.758139    7.97470     0.0757    13.8155 5.4548e+01  -60.99983  -58.18733 1152631901 192.647023    33.9430      78476         21  0.000e+00
     30.632    -0.8097   2.757790    -0.8102   2.758133    7.97917     0.0865    13.8155 5.4548e+01  -60.99983  -58.18733 1152631901 192.647024    33.9419      78477         21  0.000e+00
     30.641    -0.8103   2.757797    -0.8096   2.758173    7.97927     0.0972    13.8155 5.2600e+01  -60.99983  -58.18733 1152631901 192.647024    33.9426      78478         21  0.000e+00
     30.575    -0.8106   2.757777    -0.8094   2.758168    7.97457     0.1403    13.8155 5.2600e+01  -60.99983  -58.18733 1152631901 192.647024    33.9428      78479         21  0.000e+00
     30.642    -0.8102   2.757807    -0.8093   2.758202    7.97455     0.0972    13.8155 5.4548e+01  -60.99983  -58.18733 1152631901 192.647025    33.9426      78480         21  0.000e+00
     30.556    -0.8097   2.757863    -0.8090   2.758231    7.97433     0.0972    13.8155 5.2600e+01  -60.99983  -58.18733 1152631901 192.647025    33.9428      78481         21  0.000e+00
     30.642    -0.8094   2.757866    -0.8094   2.758220    7.97438     0.0972    13.8155 5.2600e+01  -60.99983  -58.18733 1152631901 192.647026    33.9425      78482         21  0.000e+00
     30.575    -0.8094   2.757863    -0.8093   2.758220    7.97900     0.0865    13.8155 5.0652e+01  -60.99983  -58.18733 1152631901 192.647026    33.9425      78483         21  0.000e+00
     30.556    -0.8093   2.757830    -0.8099   2.758150    7.97898     0.0972    13.8155 5.2600e+01  -60.99983  -58.18733 1152631901 192.647027    33.9419      78484         21  0.000e+00
     30.499    -0.8091   2.757886    -0.8096   2.758173    7.97416     0.1188    13.8155 5.2600e+01  -60.99983  -58.18733 1152631901 192.647027    33.9425      78485         21  0.000e+00
     30.575    -0.8094   2.757902    -0.8091   2.758208    7.97428     0.0650    13.8155 5.2600e+01  -60.99983  -58.18733 1152631901 192.647028    33.9431      78486         21  0.000e+00
     30.499    -0.8091   2.757889    -0.8096   2.758214    7.97415     0.0219    13.8155 5.2600e+01  -60.99983  -58.18733 1152631901 192.647028    33.9426      78487         21  0.000e+00
     30.556    -0.8087   2.757902    -0.8099   2.758214    7.97415     0.0542    13.8155 5.4548e+01  -60.99983  -58.18733 1152631901 192.647029    33.9423      78488         21  0.000e+00
     30.499    -0.8091   2.757889    -0.8102   2.758214    7.97415     0.0972    13.8155 5.2600e+01  -60.99983  -58.18733 1152631902 192.647029    33.9426      78489         21  0.000e+00
     30.499    -0.8088   2.757915    -0.8096   2.758197    7.97408     0.0972    13.8155 5.2600e+01  -60.99983  -58.18733 1152631902 192.647030    33.9426      78490         21  0.000e+00
     30.489    -0.8086   2.757958    -0.8094   2.758225    7.97402     0.1080    13.8155 5.4548e+01  -60.99983  -58.18733 1152631902 192.647030    33.9430      78491         21  0.000e+00
     30.432    -0.8083   2.757971    -0.8084   2.758260    7.97390     0.0757    13.8155 5.4548e+01  -60.99983  -58.18733 1152631902 192.647031    33.9428      78492         21  0.000e+00
     30.499    -0.8078   2.758024    -0.8085   2.758306    7.97386     0.0757    13.8155 5.2600e+01  -60.99983  -58.18733 1152631902 192.647031    33.9430      78493         21  0.000e+00
     30.432    -0.8078   2.758020    -0.8079   2.758324    7.97379     0.0865    13.8155 5.4548e+01  -60.99983  -58.18733 1152631902 192.647032    33.9430      78494         21  0.000e+00
     30.422    -0.8075   2.758001    -0.8081   2.758335    7.97374     0.1188    13.8155 5.2600e+01  -60.99983  -58.18733 1152631902 192.647032    33.9423      78495         21  0.000e+00
     30.432    -0.8077   2.758027    -0.8082   2.758347    7.97376     0.0972    13.8155 5.2600e+01  -60.99983  -58.18733 1152631902 192.647033    33.9429      78496         21  0.000e+00
     30.432    -0.8082   2.758037    -0.8076   2.758370    7.97382     0.0542    13.8155 5.2600e+01  -60.99983  -58.18733 1152631902 192.647033    33.9436      78497         21  0.000e+00
     30.422    -0.8077   2.758057    -0.8076   2.758370    7.97373     0.0434    13.8155 5.2600e+01  -60.99983  -58.18733 1152631902 192.647034    33.9433      78498         21  0.000e+00
     30.365    -0.8072   2.758063    -0.8074   2.758353    7.97358     0.0650    13.8155 5.2600e+01  -60.99983  -58.18733 1152631902 192.647034    33.9429      78499         21  0.000e+00
     30.432    -0.8077   2.758063    -0.8073   2.758405    7.97373     0.0757    13.8155 5.4548e+01  -60.99983  -58.18733 1152631902 192.647035    33.9434      78500         21  0.000e+00
     30.365    -0.8066   2.758073    -0.8074   2.758347    7.97817     0.0327    13.8155 5.2600e+01  -60.99983  -58.18733 1152631902 192.647035    33.9424      78501         21  0.000e+00
     30.346    -0.8067   2.758099    -0.8073   2.758382    7.97815     0.0650    13.8155 5.2600e+01  -60.99983  -58.18733 1152631902 192.647036    33.9429      78502         21  0.000e+00
     30.365    -0.8071   2.758089    -0.8070   2.758416    7.97823     0.0757    13.8155 5.2600e+01  -60.99983  -58.18733 1152631902 192.647036    33.9431      78503         21  0.000e+00
