product_data/regression_test/downloaded_data/MDGS/320620060703/ctd/p6609310.ros
* Sea-Bird SBE 9 Data File:
* FileName = D:\Data\Raw\p6609310.dat
* Software Version Seasave Win32 V 5.32
* Temperature SN = 1649
* Conductivity SN = 1431
* Number of Bytes Per Scan = 37
* Number of Voltage Words = 5
* Number of Scans Averaged by the Deck Unit = 1
* NMEA Latitude = 61 07.49 S
* NMEA Longitude = 058 05.61 W
* NMEA UTC (Time) = 09:04:34
** Ship:   Nathaniel B. Palmer nbp
** Cruise:    NBP0606 nbp0606
# nquan = 17
# nvalues = 1176                    
# units = specified
# name 0 = prDM: Pressure, Digiquartz [db]
# name 1 = t090C: Temperature [ITS-90, deg C]
# name 2 = c0S/m: Conductivity [S/m]
# name 3 = t190C: Temperature, 2 [ITS-90, deg C]
# name 4 = c1S/m: Conductivity, 2 [S/m]
# name 5 = sbeox0ML/L: Oxygen, SBE 43 [ml/l]
# name 6 = flECO-AFL: Fluorescence, Wetlab ECO-AFL/FL [mg/m^3]
# name 7 = bat: Beam Attenuation, Chelsea/Seatech/Wetlab CStar [1/m]
# name 8 = spar: SPAR/Surface Irradiance
# name 9 = latitude: Latitude [deg]
# name 10 = longitude: Longitude [deg]
# name 11 = timeY: Time, System [seconds]
# name 12 = timeJ: Julian Days
# name 13 = sal00: Salinity [PSU]
# name 14 = scan: scan number
# name 15 = nbf: number of bottles fired
# name 16 = flag:  0.000e+00
# interval = seconds: 0.0416667                   
# start_time = Jul 11 2006 09:04:41
*END*
[from data line 681]
   1999.134     0.7741   3.034786     0.7746   3.035085    5.19372    -0.0749    13.8155 0.0000e+00  -61.12483  -58.09350 1152611557 192.411557    34.7091      69062         14  0.000e+00
   1999.174     0.7741   3.034779     0.7746   3.035073    5.19375    -0.0642    13.8155 0.0000e+00  -61.12483  -58.09350 1152611557 192.411558    34.7090      69063         14  0.000e+00
   1999.095     0.7741   3.034779     0.7751   3.035067    5.19369    -0.0642    13.8155 0.0000e+00  -61.12483  -58.09350 1152611557 192.411558    34.7091      69064         14  0.000e+00
   1999.095     0.7740   3.034796     0.7749   3.035067    5.19370    -0.0749    13.8155 0.0000e+00  -61.12483  -58.09350 1152611557 192.411559    34.7095      69065         14  0.000e+00
   1999.026     0.7740   3.034786     0.7749   3.035067    5.19365    -0.1180    13.8155 0.0000e+00  -61.12483  -58.09350 1152611557 192.411559    34.7093      69066         14  0.000e+00
   2000.205     0.7736   3.034796     0.7733   3.034984    5.19454    -0.0749    13.8155 0.0000e+00  -61.12483  -58.09350 1152611564 192.411638    34.7092      69229         15  0.000e+00
   2000.127     0.7735   3.034820     0.7733   3.034983    5.19449    -0.0642    13.8155 0.0000e+00  -61.12483  -58.09350 1152611564 192.411638    34.7098      69230         15  0.000e+00
   2000.205     0.7736   3.034827     0.7735   3.035019    5.19452    -0.0964    13.8155 0.0000e+00  -61.12483  -58.09350 1152611564 192.411639    34.7096      69231         15  0.000e+00
   2000.284     0.7740   3.034827     0.7738   3.035037    5.19453    -0.1180    13.8155 0.0000e+00  -61.12483  -58.09350 1152611564 192.411639    34.7092      69232         15  0.000e+00
   2000.284     0.7740   3.034827     0.7739   3.035055    5.19454    -0.1180    13.8155 0.0000e+00  -61.12483  -58.09350 1152611564 192.411640    34.7092      69233         15  0.000e+00
   2000.313     0.7733   3.034827     0.7742   3.035085    5.19463    -0.0964    13.8155 0.0000e+00  -61.12483  -58.09350 1152611564 192.411640    34.7099      69234         15  0.000e+00
   2000.352     0.7736   3.034807     0.7738   3.035097    5.19464    -0.0857    13.8155 0.0000e+00  -61.12483  -58.09350 1152611564 192.411641    34.7093      69235         15  0.000e+00
   2000.431     0.7743   3.034803     0.7736   3.035049    5.19463    -0.0749    13.8155 0.0000e+00  -61.12483  -58.09350 1152611564 192.411641    34.7085      69236         15  0.000e+00
   2000.431     0.7736   3.034786     0.7739   3.035038    5.19471    -0.0857    13.8155 0.0000e+00  -61.12483  -58.09350 1152611564 192.411642    34.7091      69237         15  0.000e+00
   2000.431     0.7733   3.034762     0.7736   3.035055    5.19475    -0.0857    13.8155 0.0000e+00  -61.12483  -58.09350 1152611564 192.411642    34.7090      69238         15  0.000e+00
   2000.578     0.7730   3.034738     0.7735   3.035068    5.19490    -0.1180    13.8155 0.0000e+00  -61.12483  -58.09350 1152611564 192.411643    34.7090      69239         15  0.000e+00
   2000.499     0.7729   3.034731     0.7725   3.034960    5.19486    -0.1287    13.8155 0.0000e+00  -61.12483  -58.09350 1152611564 192.411643    34.7091      69240         15  0.000e+00
   2000.607     0.7722   3.034752     0.7716   3.034906    5.19500    -0.1180    13.8155 0.0000e+00  -61.12483  -58.09350 1152611564 192.411644    34.7100      69241         15  0.000e+00
   2000.578     0.7726   3.034755     0.7719   3.034876    5.19493    -0.0857    13.8155 0.0000e+00  -61.12483  -58.09350 1152611564 192.411644    34.7096      69242         15  0.000e+00
   2000.647     0.7730   3.034793     0.7711   3.034870    5.19493    -0.0964    13.8155 0.0000e+00  -61.12483  -58.09350 1152611564 192.411644    34.7097      69243         15  0.000e+00
   2000.725     0.7725   3.034803     0.7715   3.034846    5.19503    -0.0964    13.8155 0.0000e+00  -61.12483  -58.09350 1152611564 192.411645    34.7102      69244         15  0.000e+00
   2000.647     0.7735   3.034803     0.7713   3.034840    5.19487    -0.0749    13.8155 0.0000e+00  -61.12483  -58.09350 1152611564 192.411645    34.7093      69245         15  0.000e+00
   2000.794     0.7732   3.034803     0.7713   3.034840    5.19501    -0.0857    13.8155 0.0000e+00  -61.12483  -58.09350 1152611564 192.411646    34.7095      69246         15  0.000e+00
   2000.794     0.7728   3.034731     0.7719   3.034882    5.19508    -0.1180    13.8155 0.0000e+00  -61.12483  -58.09350 1152611564 192.411646    34.7090      69247         15  0.000e+00
   2000.754     0.7721   3.034635     0.7713   3.034876    5.19518    -0.1180    13.8155 0.0000e+00  -61.12483  -58.09350 1152611564 192.411647    34.7086      69248         15  0.000e+00
   2000.872     0.7715   3.034625     0.7705   3.034780    5.19534    -0.0964    13.8155 0.0000e+00  -61.12483  -58.09350 1152611565 192.411647    34.7091      69249         15  0.000e+00
   2000.872     0.7716   3.034687     0.7700   3.034714    5.19529    -0.1072    13.8155 0.0000e+00  -61.12483  -58.09350 1152611565 192.411648    34.7097      69250         15  0.000e+00
   2000.941     0.7724   3.034745     0.7691   3.034654    5.19523    -0.1072    13.8155 0.0000e+00  -61.12483  -58.09350 1152611565 192.411648    34.7096      69251         15  0.000e+00
   2000.941     0.7726   3.034738     0.7690   3.034642    5.19520    -0.1395    13.8155 0.0000e+00  -61.12483  -58.09350 1152611565 192.411649    34.7092      69252         15  0.000e+00
   2000.941     0.7729   3.034786     0.7694   3.034702    5.19516    -0.1395    13.8155 0.0000e+00  -61.12483  -58.09350 1152611565 192.411649    34.7096      69253         15  0.000e+00
   2001.019     0.7729   3.034803     0.7701   3.034768    5.19521    -0.1072    13.8155 0.0000e+00  -61.12483  -58.09350 1152611565 192.411650    34.7098      69254         15  0.000e+00
   2001.049     0.7730   3.034803     0.7710   3.034822    5.19521    -0.0857    13.8155 0.0000e+00  -61.12483  -58.09350 1152611565 192.411650    34.7096      69255         15  0.000e+00
   2001.019     0.7729   3.034769     0.7714   3.034858    5.19522    -0.0749    13.8155 0.0000e+00  -61.12483  -58.09350 1152611565 192.411651    34.7093      69256         15  0.000e+00
   2001.088     0.7729   3.034790     0.7705   3.034804    5.19525    -0.0749    13.8155 0.0000e+00  -61.12483  -58.09350 1152611565 192.411651    34.7095      69257         15  0.000e+00
   2001.088     0.7725   3.034786     0.7702   3.034762    5.19530    -0.0857    13.8155 0.0000e+00  -61.12483  -58.09350 1152611565 192.411652    34.7098      69258         15  0.000e+00
   2001.166     0.7724   3.034725     0.7699   3.034774    5.19540    -0.1825    13.8155 0.0000e+00  -61.12483  -58.09350 1152611565 192.411652    34.7092      69259         15  0.000e+00
   2001.166     0.7721   3.034725     0.7706   3.034804    5.19543    -0.1610    13.8155 0.0000e+00  -61.12483  -58.09350 1152611565 192.411653    34.7095      69260         15  0.000e+00
   2001.235     0.7722   3.034731     0.7704   3.034768    5.19547    -0.0534    13.8155 0.0000e+00  -61.12483  -58.09350 1152611565 192.411653    34.7095      69261         15  0.000e+00
   2001.166     0.7722   3.034731     0.7691   3.034714    5.19541    -0.0857    13.8155 0.0000e+00  -61.12483  -58.09350 1152611565 192.411654    34.7094      69262         15  0.000e+00
   2001.274     0.7724   3.034731     0.7700   3.034738    5.19547    -0.0857    13.8155 0.0000e+00  -61.12483  -58.09350 1152611565 192.411654    34.7092      69263         15  0.000e+00
   2001.314     0.7729   3.034731     0.7708   3.034840    5.19545    -0.0749    13.8155 0.0000e+00  -61.12483  -58.09350 1152611565 192.411655    34.7087      69264         15  0.000e+00
   2001.235     0.7724   3.034766     0.7718   3.034906    5.19543    -0.0857    13.8155 0.0000e+00  -61.12483  -58.09350 1152611565 192.411655    34.7097      69265         15  0.000e+00
   2001.314     0.7725   3.034745     0.7726   3.034966    5.19549    -0.1072    13.8155 0.0000e+00  -61.12483  -58.09350 1152611565 192.411656    34.7093      69266         15  0.000e+00
   2001.382     0.7724   3.034766     0.7726   3.035002    5.19554    -0.1180    13.8155 0.0000e+00  -61.12483  -58.09350 1152611565 192.411656    34.7096      69267         15  0.000e+00
   2001.382     0.7724   3.034762     0.7730   3.035026    5.20139    -0.1287    13.8155 0.0000e+00  -61.12483  -58.09350 1152611565 192.411657    34.7096      69268         15  0.000e+00
   2001.382     0.7729   3.034773     0.7729   3.035038    5.19548    -0.0749    13.8155 0.0000e+00  -61.12483  -58.09350 1152611565 192.411657    34.7092      69269         15  0.000e+00
   2001.343     0.7725   3.034797     0.7735   3.035038    5.19548    -0.0534    13.8155 0.0000e+00  -61.12483  -58.09350 1152611565 192.411658    34.7098      69270         15  0.000e+00
   2001.461     0.7725   3.034786     0.7730   3.035056    5.19557    -0.0534    13.8155 0.0000e+00  -61.12483  -58.09350 1152611565 192.411658    34.7097      69271         15  0.000e+00
   2001.461     0.7724   3.034797     0.7729   3.035020    5.19558    -0.0857    13.8155 0.0000e+00  -61.12483  -58.09350 1152611565 192.411658    34.7100      69272         15  0.000e+00
   2001.461     0.7725   3.034769     0.7724   3.035008    5.19557    -0.1287    13.8155 0.0000e+00  -61.12483  -58.09350 1152611566 192.411659    34.7094      69273         15  0.000e+00
   2001.461     0.7725   3.034828     0.7722   3.034990    5.19555    -0.1180    13.8155 0.0000e+00  -61.12483  -58.09350 1152611566 192.411659    34.7102      69274         15  0.000e+00
   2001.461     0.7733   3.034797     0.7727   3.034984    5.19547    -0.1072    13.8155 0.0000e+00  -61.12483  -58.09350 1152611566 192.411660    34.7089      69275         15  0.000e+00
   2001.529     0.7731   3.034800     0.7731   3.034960    5.20140    -0.1395    13.8155 0.0000e+00  -61.12483  -58.09350 1152611566 192.411660    34.7092      69276         15  0.000e+00
   2001.529     0.7732   3.034821     0.7726   3.034972    5.19553    -0.1718    13.8155 0.0000e+00  -61.12483  -58.09350 1152611566 192.411661    34.7094      69277         15  0.000e+00
   1997.109     0.7738   3.034682     0.7743   3.034953    5.19820    -0.1072    13.8155 0.0000e+00  -61.12483  -58.09350 1152611572 192.411736    34.7092      69432         16  0.000e+00
   1996.884     0.7738   3.034699     0.7744   3.034971    5.19803    -0.1072    13.8155 0.0000e+00  -61.12483  -58.09350 1152611572 192.411736    34.7095      69433         16  0.000e+00
   1997.109     0.7732   3.034672     0.7744   3.034983    5.19826    -0.0857    13.8155 0.0000e+00  -61.12483  -58.09350 1152611572 192.411737    34.7097      69434         16  0.000e+00
   1996.884     0.7735   3.034672     0.7746   3.034917    5.19807    -0.0642    13.8155 0.0000e+00  -61.12483  -58.09350 1152611572 192.411737    34.7095      69435         16  0.000e+00
   1996.923     0.7738   3.034679     0.7746   3.034959    5.19806    -0.0857    13.8155 0.0000e+00  -61.12483  -58.09350 1152611572 192.411738    34.7093      69436         16  0.000e+00
   1996.815     0.7738   3.034665     0.7747   3.034959    5.19799    -0.1072    13.8155 0.0000e+00  -61.12483  -58.09350 1152611572 192.411738    34.7091      69437         16  0.000e+00
   1996.884     0.7736   3.034692     0.7748   3.034971    5.19804    -0.1180    13.8155 0.0000e+00  -61.12483  -58.09350 1152611572 192.411739    34.7096      69438         16  0.000e+00
   1996.737     0.7739   3.034655     0.7744   3.034959    5.19793    -0.1287    13.8155 0.0000e+00  -61.12483  -58.09350 1152611572 192.411739    34.7090      69439         16  0.000e+00
   1996.815     0.7736   3.034668     0.7746   3.034953    5.19801    -0.1395    13.8155 0.0000e+00  -61.12483  -58.09350 1152611572 192.411739    34.7093      69440         16  0.000e+00
   1996.697     0.7740   3.034679     0.7746   3.034953    5.19788    -0.1718    13.8155 0.0000e+00  -61.12483  -58.09350 1152611573 192.411740    34.7092      69441         16  0.000e+00
   1996.737     0.7738   3.034648     0.7741   3.034953    5.19794    -0.1395    13.8155 0.0000e+00  -61.12483  -58.09350 1152611573 192.411740    34.7090      69442         16  0.000e+00
   1996.668     0.7740   3.034648     0.7747   3.034970    5.19787    -0.0857    13.8155 0.0000e+00  -61.12483  -58.09350 1152611573 192.411741    34.7087      69443         16  0.000e+00
   1996.668     0.7736   3.034658     0.7745   3.034982    5.19790    -0.0964    13.8155 0.0000e+00  -61.12483  -58.09350 1152611573 192.411741    34.7093      69444         16  0.000e+00
   1996.590     0.7736   3.034692     0.7744   3.034958    5.19783    -0.1287    13.8155 0.0000e+00  -61.12483  -58.09350 1152611573 192.411742    34.7098      69445         16  0.000e+00
   1996.629     0.7736   3.034665     0.7746   3.034953    5.19787    -0.1287    13.8155 0.0000e+00  -61.12483  -58.09350 1152611573 192.411742    34.7094      69446         16  0.000e+00
   1996.590     0.7740   3.034658     0.7751   3.034952    5.19781    -0.1287    13.8155 0.0000e+00  -61.12483  -58.09350 1152611573 192.411743    34.7090      69447         16  0.000e+00
   1996.521     0.7737   3.034655     0.7746   3.034952    5.19779    -0.1072    13.8155 0.0000e+00  -61.12483  -58.09350 1152611573 192.411743    34.7092      69448         16  0.000e+00
   1996.521     0.7736   3.034658     0.7746   3.034929    5.19780    -0.1072    13.8155 0.0000e+00  -61.12483  -58.09350 1152611573 192.411744    34.7094      69449         16  0.000e+00
   1996.521     0.7738   3.034655     0.7746   3.034964    5.19778    -0.1395    13.8155 0.0000e+00  -61.12483  -58.09350 1152611573 192.411744    34.7092      69450         16  0.000e+00
   1996.550     0.7735   3.034672     0.7749   3.035000    5.19783    -0.1180    13.8155 0.0000e+00  -61.12483  -58.09350 1152611573 192.411745    34.7097      69451         16  0.000e+00
   1996.443     0.7738   3.034665     0.7743   3.034964    5.19772    -0.0749    13.8155 0.0000e+00  -61.12483  -58.09350 1152611573 192.411745    34.7093      69452         16  0.000e+00
   1996.521     0.7742   3.034672     0.7746   3.034952    5.19773    -0.0749    13.8155 0.0000e+00  -61.12483  -58.09350 1152611573 192.411746    34.7089      69453         16  0.000e+00
   1996.443     0.7736   3.034682     0.7744   3.034928    5.19773    -0.0642    13.8155 0.0000e+00  -61.12483  -58.09350 1152611573 192.411746    34.7097      69454         16  0.000e+00
   1996.482     0.7733   3.034679     0.7746   3.034964    5.19780    -0.0749    13.8155 0.0000e+00  -61.12483  -58.09350 1152611573 192.411747    34.7100      69455         16  0.000e+00
   1996.521     0.7736   3.034679     0.7740   3.034934    5.19779    -0.0857    13.8155 0.0000e+00  -61.12483  -58.09350 1152611573 192.411747    34.7096      69456         16  0.000e+00
   1996.443     0.7741   3.034648     0.7741   3.034940    5.19769    -0.0964    13.8155 0.0000e+00  -61.12483  -58.09350 1152611573 192.411748    34.7087      69457         16  0.000e+00
   1996.443     0.7734   3.034668     0.7749   3.034928    5.19776    -0.1287    13.8155 0.0000e+00  -61.12483  -58.09350 1152611573 192.411748    34.7098      69458         16  0.000e+00
   1996.521     0.7735   3.034682     0.7745   3.034964    5.19781    -0.1502    13.8155 0.0000e+00  -61.12483  -58.09350 1152611573 192.411749    34.7098      69459         16  0.000e+00
   1996.482     0.7736   3.034661     0.7743   3.034982    5.19192    -0.0534    13.8155 0.0000e+00  -61.12483  -58.09350 1152611573 192.411749    34.7094      69460         16  0.000e+00
   1996.443     0.7738   3.034672     0.7744   3.034958    5.19772    -0.0319    13.8155 0.0000e+00  -61.12483  -58.09350 1152611573 192.411750    34.7094      69461         16  0.000e+00
