product_data/regression_test/downloaded_data/MDGS/320620060703/ctd/p6608402.ros
* Sea-Bird SBE 9 Data File:
* FileName = D:\Data\Raw\P6608402.dat
* Software Version Seasave Win32 V 5.32
* Temperature SN = 1649
* Conductivity SN = 1431
* Number of Bytes Per Scan = 37
* Number of Voltage Words = 5
* Number of Scans Averaged by the Deck Unit = 1
* NMEA Latitude = 61 43.32 S
* NMEA Longitude = 057 38.91 W
* NMEA UTC (Time) = 01:24:49
** Ship:   Nathaniel B. Palmer 
** Cruise:    NBP0603 p0606
** Cast #: 02
** Station:   84
** Operator: 
# nquan = 17
# nvalues = 1168                    
# units = specified
# name 0 = prDM: Pressure, Digiquartz [db]
# name 1 = t090C: Temperature [ITS-90, deg C]
# name 2 = c0S/m: Conductivity [S/m]
# name 3 = t190C: Temperature, 2 [ITS-90, deg C]
# name 4 = c1S/m: Conductivity, 2 [S/m]
# name 5 = sbeox0ML/L: Oxygen, SBE 43 [ml/l]
# name 6 = flECO-AFL: Fluorescence, Wetlab ECO-AFL/FL [mg/m^3]
# name 7 = bat: Beam Attenuation, Chelsea/Seatech/Wetlab CStar [1/m]
# name 8 = spar: SPAR/Surface Irradiance
# name 9 = latitude: Latitude [deg]
# name 10 = longitude: Longitude [deg]
# name 11 = timeY: Time, System [seconds]
# name 12 = timeJ: Julian Days
# name 13 = sal00: Salinity [PSU]
# name 14 = scan: scan number
# name 15 = nbf: number of bottles fired
# name 16 = flag:  0.000e+00
# interval = seconds: 0.0416667                   
# start_time = Jul 10 2006 01:24:57
*END*
[from data line 596]
     73.655    -0.8052   2.776518    -0.8052   2.776773    7.65442     0.0650    13.8155 0.0000e+00  -61.72200  -57.64850 1152495751 191.071207    34.1641      25328         13  0.000e+00
     73.531    -0.8055   2.776512    -0.8049   2.776808    7.65434     0.0542    13.8155 0.0000e+00  -61.72200  -57.64850 1152495751 191.071208    34.1644      25329         13  0.000e+00
     73.579    -0.8054   2.776587    -0.8041   2.776825    7.65431     0.0650    13.8155 0.0000e+00  -61.72200  -57.64850 1152495751 191.071208    34.1653      25330         13  0.000e+00
     73.531    -0.8046   2.776630    -0.8041   2.776860    7.65882     0.0650    13.8155 0.0000e+00  -61.72200  -57.64850 1152495751 191.071209    34.1650      25331         13  0.000e+00
     73.598    -0.8040   2.776637    -0.8038   2.776866    7.65880     0.0650    13.8155 0.0000e+00  -61.72200  -57.64850 1152495751 191.071209    34.1644      25332         13  0.000e+00
     73.512    -0.8035   2.776670    -0.8041   2.776848    7.65861     0.0757    13.8155 0.0000e+00  -61.72200  -57.64850 1152495751 191.071209    34.1643      25333         13  0.000e+00
     73.532    -0.8040   2.776663    -0.8041   2.776866    7.65870     0.0650    13.8155 0.0000e+00  -61.72200  -57.64850 1152495751 191.071210    34.1647      25334         13  0.000e+00
     73.512    -0.8038   2.776660    -0.8045   2.776854    7.65395     0.0542    13.8155 0.0000e+00  -61.72200  -57.64850 1152495751 191.071210    34.1645      25335         13  0.000e+00
     73.465    -0.8035   2.776640    -0.8042   2.776831    7.65387     0.0650    13.8155 0.0000e+00  -61.72200  -57.64850 1152495751 191.071211    34.1639      25336         13  0.000e+00
     73.513    -0.8035   2.776637    -0.8041   2.776842    7.65392     0.0757    13.8155 0.0000e+00  -61.72200  -57.64850 1152495751 191.071211    34.1639      25337         13  0.000e+00
     73.465    -0.8041   2.776653    -0.8041   2.776848    7.65395     0.0650    13.8155 0.0000e+00  -61.72200  -57.64850 1152495751 191.071212    34.1648      25338         13  0.000e+00
     73.446    -0.8035   2.776660    -0.8045   2.776831    7.65383     0.0650    13.8155 0.0000e+00  -61.72200  -57.64850 1152495751 191.071212    34.1642      25339         13  0.000e+00
     73.465    -0.8035   2.776660    -0.8041   2.776860    7.65385     0.0650    13.8155 0.0000e+00  -61.72200  -57.64850 1152495751 191.071213    34.1642      25340         13  0.000e+00
     73.446    -0.8040   2.776640    -0.8039   2.776842    7.65863     0.0757    13.8155 0.0000e+00  -61.72200  -57.64850 1152495751 191.071213    34.1645      25341         13  0.000e+00
     73.465    -0.8037   2.776617    -0.8044   2.776825    7.65862     0.0434    13.8155 0.0000e+00  -61.72200  -57.64850 1152495751 191.071214    34.1638      25342         13  0.000e+00
     73.389    -0.8040   2.776614    -0.8042   2.776802    7.65859     0.0542    13.8155 0.0000e+00  -61.72200  -57.64850 1152495751 191.071214    34.1642      25343         13  0.000e+00
     73.446    -0.8038   2.776614    -0.8047   2.776831    7.65391     0.0865    13.8155 0.0000e+00  -61.72200  -57.64850 1152495751 191.071215    34.1640      25344         13  0.000e+00
     73.465    -0.8041   2.776601    -0.8050   2.776808    7.65399     0.0650    13.8155 0.0000e+00  -61.72200  -57.64850 1152495751 191.071215    34.1641      25345         13  0.000e+00
     73.370    -0.8043   2.776607    -0.8047   2.776779    7.65391     0.0972    13.8155 0.0000e+00  -61.72200  -57.64850 1152495751 191.071216    34.1644      25346         13  0.000e+00
     73.389    -0.8038   2.776630    -0.8049   2.776750    7.65384     0.1188    13.8155 0.0000e+00  -61.72200  -57.64850 1152495752 191.071216    34.1642      25347         13  0.000e+00
     73.446    -0.8037   2.776653    -0.8042   2.776779    7.65857     0.0542    13.8155 0.0000e+00  -61.72200  -57.64850 1152495752 191.071217    34.1643      25348         13  0.000e+00
     73.322    -0.8037   2.776660    -0.8049   2.776755    7.65844     0.0542    13.8155 0.0000e+00  -61.72200  -57.64850 1152495752 191.071217    34.1645      25349         13  0.000e+00
     73.446    -0.8037   2.776640    -0.8045   2.776813    7.65858     0.0542    13.8155 0.0000e+00  -61.72200  -57.64850 1152495752 191.071218    34.1642      25350         13  0.000e+00
     73.389    -0.8038   2.776653    -0.8044   2.776825    7.65853     0.0434    13.8155 0.0000e+00  -61.72200  -57.64850 1152495752 191.071218    34.1645      25351         13  0.000e+00
     73.389    -0.8040   2.776640    -0.8048   2.776802    7.65857     0.0865    13.8155 0.0000e+00  -61.72200  -57.64850 1152495752 191.071219    34.1645      25352         13  0.000e+00
     73.370    -0.8038   2.776657    -0.8049   2.776796    7.65851     0.0972    13.8155 0.0000e+00  -61.72200  -57.64850 1152495752 191.071219    34.1646      25353         13  0.000e+00
     73.389    -0.8035   2.776660    -0.8047   2.776779    7.65848     0.0650    13.8155 0.0000e+00  -61.72200  -57.64850 1152495752 191.071220    34.1643      25354         13  0.000e+00
     73.370    -0.8034   2.776676    -0.8049   2.776773    7.65843     0.0865    13.8155 0.0000e+00  -61.72200  -57.64850 1152495752 191.071220    34.1643      25355         13  0.000e+00
     73.389    -0.8034   2.776663    -0.8049   2.776773    7.65375     0.1080    13.8155 0.0000e+00  -61.72200  -57.64850 1152495752 191.071221    34.1641      25356         13  0.000e+00
     73.370    -0.8034   2.776690    -0.8049   2.776808    7.65371     0.1188    13.8155 0.0000e+00  -61.72200  -57.64850 1152495752 191.071221    34.1645      25357         13  0.000e+00
     73.389    -0.8032   2.776686    -0.8049   2.776825    7.65841     0.1080    13.8155 0.0000e+00  -61.72200  -57.64850 1152495752 191.071222    34.1643      25358         13  0.000e+00
     73.370    -0.8029   2.776683    -0.8044   2.776831    7.65835     0.0865    13.8155 0.0000e+00  -61.72200  -57.64850 1152495752 191.071222    34.1639      25359         13  0.000e+00
     73.389    -0.8026   2.776683    -0.8042   2.776883    7.65832     0.1188    13.8155 0.0000e+00  -61.72200  -57.64850 1152495752 191.071223    34.1635      25360         13  0.000e+00
     73.389    -0.8007   2.776937    -0.8042   2.776807    7.65786     0.0757    13.8155 0.0000e+00  -61.72200  -57.64850 1152495753 191.071230    34.1649      25376         14  0.000e+00
     73.447    -0.8007   2.776914    -0.8049   2.776831    7.65794     0.0650    13.8155 0.0000e+00  -61.72200  -57.64850 1152495753 191.071231    34.1645      25377         14  0.000e+00
     73.466    -0.8006   2.776887    -0.8044   2.776860    7.65795     0.0650    13.8155 0.0000e+00  -61.72200  -57.64850 1152495753 191.071231    34.1640      25378         14  0.000e+00
     73.389    -0.8004   2.776864    -0.8036   2.776912    7.65787     0.0972    13.8155 0.0000e+00  -61.72200  -57.64850 1152495753 191.071232    34.1635      25379         14  0.000e+00
     73.447    -0.8007   2.776861    -0.8039   2.776929    7.65797     0.0542    13.8155 0.0000e+00  -61.72200  -57.64850 1152495753 191.071232    34.1638      25380         14  0.000e+00
     73.466    -0.8002   2.776910    -0.8038   2.776889    7.65789     0.0650    13.8155 0.0000e+00  -61.72200  -57.64850 1152495753 191.071233    34.1639      25381         14  0.000e+00
     73.447    -0.8001   2.776947    -0.8036   2.776877    7.65782     0.0434    13.8155 0.0000e+00  -61.72200  -57.64850 1152495753 191.071233    34.1643      25382         14  0.000e+00
     73.533    -0.8006   2.776901    -0.8042   2.776837    7.65801     0.0650    13.8155 0.0000e+00  -61.72200  -57.64850 1152495753 191.071234    34.1641      25383         14  0.000e+00
     73.447    -0.8002   2.776897    -0.8056   2.776761    7.65788     0.0972    13.8155 0.0000e+00  -61.72200  -57.64850 1152495753 191.071234    34.1638      25384         14  0.000e+00
     73.466    -0.8007   2.776802    -0.8062   2.776639    7.65804     0.1188    13.8155 0.0000e+00  -61.72200  -57.64850 1152495753 191.071235    34.1630      25385         14  0.000e+00
     73.513    -0.8026   2.776637    -0.8064   2.776610    7.65849     0.0757    13.8155 0.0000e+00  -61.72200  -57.64850 1152495753 191.071235    34.1628      25386         14  0.000e+00
     73.466    -0.8038   2.776574    -0.8064   2.776616    7.65867     0.0650    13.8155 0.0000e+00  -61.72200  -57.64850 1152495753 191.071236    34.1634      25387         14  0.000e+00
     73.514    -0.8037   2.776620    -0.8065   2.776593    7.66338     0.0757    13.8155 0.0000e+00  -61.72200  -57.64850 1152495753 191.071236    34.1638      25388         14  0.000e+00
     73.533    -0.8035   2.776686    -0.8064   2.776622    7.66333     0.0327    13.8155 0.0000e+00  -61.72200  -57.64850 1152495753 191.071236    34.1645      25389         14  0.000e+00
     73.533    -0.8030   2.776772    -0.8062   2.776755    7.65848     0.0757    13.8155 0.0000e+00  -61.72200  -57.64850 1152495753 191.071237    34.1652      25390         14  0.000e+00
     73.514    -0.8023   2.776825    -0.8050   2.776813    7.65831     0.0865    13.8155 0.0000e+00  -61.72200  -57.64850 1152495753 191.071237    34.1650      25391         14  0.000e+00
     73.533    -0.8018   2.776854    -0.8038   2.776860    7.65824     0.0972    13.8155 0.0000e+00  -61.72200  -57.64850 1152495753 191.071238    34.1649      25392         14  0.000e+00
     73.580    -0.8020   2.776792    -0.8036   2.776912    7.66307     0.1188    13.8155 0.0000e+00  -61.72200  -57.64850 1152495753 191.071238    34.1642      25393         14  0.000e+00
     73.533    -0.8023   2.776703    -0.8027   2.776947    7.66313     0.0972    13.8155 0.0000e+00  -61.72200  -57.64850 1152495754 191.071239    34.1634      25394         14  0.000e+00
     73.580    -0.8037   2.776597    -0.8038   2.776935    7.66347     0.0865    13.8155 0.0000e+00  -61.72200  -57.64850 1152495754 191.071239    34.1635      25395         14  0.000e+00
     73.533    -0.8049   2.776522    -0.8035   2.776860    7.66366     0.0650    13.8155 0.0000e+00  -61.72200  -57.64850 1152495754 191.071240    34.1639      25396         14  0.000e+00
     73.581    -0.8055   2.776472    -0.8047   2.776825    7.66384     0.0434    13.8155 0.0000e+00  -61.72200  -57.64850 1152495754 191.071240    34.1639      25397         14  0.000e+00
     73.600    -0.8052   2.776459    -0.8053   2.776761    7.66382     0.0650    13.8155 0.0000e+00  -61.72200  -57.64850 1152495754 191.071241    34.1634      25398         14  0.000e+00
     73.600    -0.8054   2.776439    -0.8050   2.776703    7.66386     0.0972    13.8155 0.0000e+00  -61.72200  -57.64850 1152495754 191.071241    34.1633      25399         14  0.000e+00
     73.581    -0.8051   2.776452    -0.8053   2.776709    7.66378     0.0757    13.8155 0.0000e+00  -61.72200  -57.64850 1152495754 191.071242    34.1631      25400         14  0.000e+00
     73.600    -0.8052   2.776475    -0.8050   2.776715    7.66381     0.0972    13.8155 0.0000e+00  -61.72200  -57.64850 1152495754 191.071242    34.1636      25401         14  0.000e+00
     73.657    -0.8049   2.776462    -0.8056   2.776715    7.66384     0.0865    13.8155 0.0000e+00  -61.72200  -57.64850 1152495754 191.071243    34.1630      25402         14  0.000e+00
     73.600    -0.8053   2.776475    -0.8058   2.776674    7.66383     0.0865    13.8155 0.0000e+00  -61.72200  -57.64850 1152495754 191.071243    34.1637      25403         14  0.000e+00
     73.657    -0.8052   2.776413    -0.8061   2.776628    7.66392     0.0865    13.8155 0.0000e+00  -61.72200  -57.64850 1152495754 191.071244    34.1627      25404         14  0.000e+00
     73.600    -0.8061   2.776393    -0.8070   2.776610    7.66401     0.1295    13.8155 0.0000e+00  -61.72200  -57.64850 1152495754 191.071244    34.1635      25405         14  0.000e+00
     73.657    -0.8066   2.776307    -0.8064   2.776593    7.66421     0.1188    13.8155 0.0000e+00  -61.72200  -57.64850 1152495754 191.071245    34.1628      25406         14  0.000e+00
     73.676    -0.8072   2.776195    -0.8068   2.776564    7.66440     0.0972    13.8155 0.0000e+00  -61.72200  -57.64850 1152495754 191.071245    34.1620      25407         14  0.000e+00
     73.657    -0.8072   2.776301    -0.8081   2.776495    7.66431     0.1080    13.8155 0.0000e+00  -61.72200  -57.64850 1152495754 191.071246    34.1635      25408         14  0.000e+00
     73.676    -0.8064   2.776413    -0.8081   2.776419    7.66412     0.1080    13.8155 0.0000e+00  -61.72200  -57.64850 1152495754 191.071246    34.1641      25409         14  0.000e+00
     73.743    -0.8063   2.776367    -0.8091   2.776419    7.66421     0.0757    13.8155 0.0000e+00  -61.72200  -57.64850 1152495754 191.071247    34.1632      25410         14  0.000e+00
     73.657    -0.8072   2.776314    -0.8088   2.776367    7.66430     0.0434    13.8155 0.0000e+00  -61.72200  -57.64850 1152495754 191.071247    34.1636      25411         14  0.000e+00
     73.743    -0.8069   2.776304    -0.8085   2.776402    7.66435     0.0650    13.8155 0.0000e+00  -61.72200  -57.64850 1152495754 191.071248    34.1631      25412         14  0.000e+00
     73.657    -0.8069   2.776334    -0.8088   2.776390    7.66424     0.0650    13.8155 0.0000e+00  -61.72200  -57.64850 1152495754 191.071248    34.1635      25413         14  0.000e+00
     73.743    -0.8066   2.776297    -0.8093   2.776396    7.66902     0.0434    13.8155 0.0000e+00  -61.72200  -57.64850 1152495754 191.071249    34.1626      25414         14  0.000e+00
     73.791    -0.8066   2.776314    -0.8093   2.776437    7.66434     0.0757    13.8155 0.0000e+00  -61.72200  -57.64850 1152495754 191.071249    34.1628      25415         14  0.000e+00
     73.743    -0.8072   2.776340    -0.8090   2.776471    7.66437     0.0327    13.8155 0.0000e+00  -61.72200  -57.64850 1152495754 191.071250    34.1639      25416         14  0.000e+00
     73.724    -0.8069   2.776278    -0.8082   2.776437    7.66906     0.0327    13.8155 0.0000e+00  -61.72200  -57.64850 1152495754 191.071250    34.1627      25417         14  0.000e+00
     73.743    -0.8072   2.776258    -0.8087   2.776442    7.66914     0.0327    13.8155 0.0000e+00  -61.72200  -57.64850 1152495755 191.071250    34.1628      25418         14  0.000e+00
     73.810    -0.8077   2.776274    -0.8090   2.776413    7.66927     0.0327    13.8155 0.0000e+00  -61.72200  -57.64850 1152495755 191.071251    34.1635      25419         14  0.000e+00
     73.724    -0.8071   2.776311    -0.8090   2.776379    7.66906     0.0434    13.8155 0.0000e+00  -61.72200  -57.64850 1152495755 191.071251    34.1634      25420         14  0.000e+00
     73.810    -0.8071   2.776291    -0.8085   2.776361    7.66916     0.0542    13.8155 0.0000e+00  -61.72200  -57.64850 1152495755 191.071252    34.1630      25421         14  0.000e+00
     73.791    -0.8071   2.776281    -0.8084   2.776390    7.66444     0.0542    13.8155 0.0000e+00  -61.72200  -57.64850 1152495755 191.071252    34.1629      25422         14  0.000e+00
     73.810    -0.8070   2.776265    -0.8090   2.776419    7.66447     0.0650    13.8155 0.0000e+00  -61.72200  -57.64850 1152495755 191.071253    34.1626      25423         14  0.000e+00
     73.791    -0.8075   2.776258    -0.8088   2.776442    7.66924     0.0865    13.8155 0.0000e+00  -61.72200  -57.64850 1152495755 191.071253    34.1631      25424         14  0.000e+00
     49.652    -0.8502   2.771001    -0.8488   2.771365    7.74779     0.0327    13.8155 0.0000e+00  -61.72200  -57.64850 1152495826 191.072079    34.1552      27136         15  0.000e+00
     49.586    -0.8498   2.771027    -0.8491   2.771354    7.75233     0.0434    13.8155 0.0000e+00  -61.72200  -57.64850 1152495826 191.072079    34.1551      27137         15  0.000e+00
