product_data/regression_test/downloaded_data/MDGS/320620060703/ctd/p6609309.ros
* Sea-Bird SBE 9 Data File:
* FileName = D:\Data\Raw\p6609309.dat
* Software Version Seasave Win32 V 5.32
* Temperature SN = 1649
* Conductivity SN = 1431
* Number of Bytes Per Scan = 37
* Number of Voltage Words = 5
* Number of Scans Averaged by the Deck Unit = 1
* NMEA Latitude = 61 07.49 S
* NMEA Longitude = 058 05.62 W
* NMEA UTC (Time) = 07:46:35
** Ship:   Nathaniel B. Palmer nbp
** Cruise:    NBP0606 nbp0606
# nquan = 17
# nvalues = 1176                    
# units = specified
# name 0 = prDM: Pressure, Digiquartz [db]
# name 1 = t090C: Temperature [ITS-90, deg C]
# name 2 = c0S/m: Conductivity [S/m]
# name 3 = t190C: Temperature, 2 [ITS-90, deg C]
# name 4 = c1S/m: Conductivity, 2 [S/m]
# name 5 = sbeox0ML/L: Oxygen, SBE 43 [ml/l]
# name 6 = flECO-AFL: Fluorescence, Wetlab ECO-AFL/FL [mg/m^3]
# name 7 = bat: Beam Attenuation, Chelsea/Seatech/Wetlab CStar [1/m]
# name 8 = spar: SPAR/Surface Irradiance
# name 9 = latitude: Latitude [deg]
# name 10 = longitude: Longitude [deg]
# name 11 = timeY: Time, System [seconds]
# name 12 = timeJ: Julian Days
# name 13 = sal00: Salinity [PSU]
# name 14 = scan: scan number
# name 15 = nbf: number of bottles fired
# name 16 = flag:  0.000e+00
# interval = seconds: 0.0416667                   
# start_time = Jul 11 2006 07:46:43
*END*
[from data line 341]
   1002.032     1.4329   3.051330     1.4328   3.051579    4.80140    -0.0534    13.8155 0.0000e+00  -61.12483  -58.09367 1152605658 192.343288    34.7253      39771          7  0.000e+00
   1002.110     1.4329   3.051323     1.4325   3.051561    4.80145    -0.0642    13.8155 0.0000e+00  -61.12483  -58.09367 1152605658 192.343288    34.7252      39772          7  0.000e+00
   1001.608     1.4347   3.051447     1.4344   3.051687    4.80593    -0.0964    13.8155 0.0000e+00  -61.12483  -58.09367 1152605664 192.343356    34.7251      39912          8  0.000e+00
   1001.530     1.4352   3.051423     1.4342   3.051675    4.80584    -0.0964    13.8155 0.0000e+00  -61.12483  -58.09367 1152605664 192.343356    34.7244      39913          8  0.000e+00
   1001.608     1.4350   3.051464     1.4345   3.051639    4.80589    -0.0749    13.8155 0.0000e+00  -61.12483  -58.09367 1152605664 192.343357    34.7250      39914          8  0.000e+00
   1001.530     1.4348   3.051450     1.4345   3.051663    4.80586    -0.0642    13.8155 0.0000e+00  -61.12483  -58.09367 1152605664 192.343357    34.7251      39915          8  0.000e+00
   1001.530     1.4347   3.051454     1.4347   3.051639    4.80588    -0.0534    13.8155 0.0000e+00  -61.12483  -58.09367 1152605665 192.343358    34.7253      39916          8  0.000e+00
   1001.482     1.4352   3.051464     1.4339   3.051663    4.80076    -0.0319    13.8155 0.0000e+00  -61.12483  -58.09367 1152605665 192.343358    34.7249      39917          8  0.000e+00
   1001.463     1.4350   3.051429     1.4344   3.051663    4.80581    -0.0642    13.8155 0.0000e+00  -61.12483  -58.09367 1152605665 192.343359    34.7247      39918          8  0.000e+00
   1001.463     1.4353   3.051464     1.4339   3.051645    4.80577    -0.0964    13.8155 0.0000e+00  -61.12483  -58.09367 1152605665 192.343359    34.7248      39919          8  0.000e+00
   1001.463     1.4355   3.051471     1.4347   3.051657    4.80575    -0.1072    13.8155 0.0000e+00  -61.12483  -58.09367 1152605665 192.343360    34.7247      39920          8  0.000e+00
   1001.385     1.4359   3.051495     1.4341   3.051645    4.80564    -0.0964    13.8155 0.0000e+00  -61.12483  -58.09367 1152605665 192.343360    34.7245      39921          8  0.000e+00
   1001.414     1.4353   3.051495     1.4347   3.051657    4.80572    -0.0749    13.8155 0.0000e+00  -61.12483  -58.09367 1152605665 192.343361    34.7252      39922          8  0.000e+00
   1001.240     1.4353   3.051471     1.4352   3.051663    4.81065    -0.0749    13.8155 0.0000e+00  -61.12483  -58.09367 1152605665 192.343361    34.7250      39923          8  0.000e+00
   1001.463     1.4358   3.051478     1.4348   3.051669    4.80571    -0.1180    13.8155 0.0000e+00  -61.12483  -58.09367 1152605665 192.343362    34.7244      39924          8  0.000e+00
   1001.318     1.4353   3.051505     1.4348   3.051663    4.80565    -0.1180    13.8155 0.0000e+00  -61.12483  -58.09367 1152605665 192.343362    34.7254      39925          8  0.000e+00
   1001.318     1.4359   3.051471     1.4353   3.051693    4.80561    -0.0857    13.8155 0.0000e+00  -61.12483  -58.09367 1152605665 192.343363    34.7243      39926          8  0.000e+00
   1001.240     1.4356   3.051498     1.4356   3.051711    4.80557    -0.0964    13.8155 0.0000e+00  -61.12483  -58.09367 1152605665 192.343363    34.7250      39927          8  0.000e+00
   1001.269     1.4358   3.051495     1.4353   3.051723    4.80558    -0.0964    13.8155 0.0000e+00  -61.12483  -58.09367 1152605665 192.343364    34.7247      39928          8  0.000e+00
   1001.173     1.4353   3.051464     1.4355   3.051693    4.80557    -0.1072    13.8155 0.0000e+00  -61.12483  -58.09367 1152605665 192.343364    34.7249      39929          8  0.000e+00
   1001.240     1.4359   3.051481     1.4356   3.051717    4.80051    -0.1502    13.8155 0.0000e+00  -61.12483  -58.09367 1152605665 192.343365    34.7244      39930          8  0.000e+00
   1001.173     1.4356   3.051481     1.4356   3.051741    4.80553    -0.1395    13.8155 0.0000e+00  -61.12483  -58.09367 1152605665 192.343365    34.7248      39931          8  0.000e+00
   1001.105     1.4353   3.051450     1.4353   3.051729    4.80050    -0.0964    13.8155 0.0000e+00  -61.12483  -58.09367 1152605665 192.343366    34.7248      39932          8  0.000e+00
   1001.105     1.4353   3.051477     1.4356   3.051741    4.80552    -0.0857    13.8155 0.0000e+00  -61.12483  -58.09367 1152605665 192.343366    34.7251      39933          8  0.000e+00
   1001.124     1.4352   3.051464     1.4355   3.051729    4.80555    -0.0964    13.8155 0.0000e+00  -61.12483  -58.09367 1152605665 192.343367    34.7251      39934          8  0.000e+00
   1001.028     1.4355   3.051447     1.4355   3.051741    4.80547    -0.0964    13.8155 0.0000e+00  -61.12483  -58.09367 1152605665 192.343367    34.7246      39935          8  0.000e+00
   1001.105     1.4352   3.051471     1.4356   3.051699    4.80554    -0.0964    13.8155 0.0000e+00  -61.12483  -58.09367 1152605665 192.343368    34.7252      39936          8  0.000e+00
   1000.960     1.4348   3.051471     1.4352   3.051717    4.80547    -0.0964    13.8155 0.0000e+00  -61.12483  -58.09367 1152605665 192.343368    34.7256      39937          8  0.000e+00
   1001.028     1.4352   3.051457     1.4356   3.051717    4.80549    -0.1180    13.8155 0.0000e+00  -61.12483  -58.09367 1152605665 192.343369    34.7251      39938          8  0.000e+00
   1000.902     1.4352   3.051464     1.4356   3.051747    4.80541    -0.0964    13.8155 0.0000e+00  -61.12483  -58.09367 1152605665 192.343369    34.7252      39939          8  0.000e+00
   1000.960     1.4352   3.051447     1.4350   3.051723    4.80544    -0.0534    13.8155 0.0000e+00  -61.12483  -58.09367 1152605666 192.343370    34.7249      39940          8  0.000e+00
   1000.883     1.4353   3.051453     1.4356   3.051747    4.80538    -0.0319    13.8155 0.0000e+00  -61.12483  -58.09367 1152605666 192.343370    34.7249      39941          8  0.000e+00
   1000.883     1.4355   3.051464     1.4352   3.051723    4.80536    -0.0857    13.8155 0.0000e+00  -61.12483  -58.09367 1152605666 192.343370    34.7249      39942          8  0.000e+00
   1000.815     1.4355   3.051440     1.4352   3.051747    4.80533    -0.1287    13.8155 0.0000e+00  -61.12483  -58.09367 1152605666 192.343371    34.7246      39943          8  0.000e+00
   1000.815     1.4353   3.051440     1.4350   3.051723    4.80534    -0.1180    13.8155 0.0000e+00  -61.12483  -58.09367 1152605666 192.343371    34.7248      39944          8  0.000e+00
   1000.767     1.4355   3.051422     1.4353   3.051705    4.80530    -0.0857    13.8155 0.0000e+00  -61.12483  -58.09367 1152605666 192.343372    34.7244      39945          8  0.000e+00
   1000.738     1.4350   3.051464     1.4350   3.051735    4.80531    -0.0749    13.8155 0.0000e+00  -61.12483  -58.09367 1152605666 192.343372    34.7255      39946          8  0.000e+00
   1000.738     1.4356   3.051450     1.4356   3.051693    4.80525    -0.0534    13.8155 0.0000e+00  -61.12483  -58.09367 1152605666 192.343373    34.7246      39947          8  0.000e+00
   1000.738     1.4356   3.051470     1.4352   3.051729    4.80525    -0.0426    13.8155 0.0000e+00  -61.12483  -58.09367 1152605666 192.343373    34.7249      39948          8  0.000e+00
   1000.602     1.4356   3.051450     1.4350   3.051711    4.80516    -0.0749    13.8155 0.0000e+00  -61.12483  -58.09367 1152605666 192.343374    34.7247      39949          8  0.000e+00
   1000.670     1.4355   3.051460     1.4353   3.051711    4.80522    -0.0749    13.8155 0.0000e+00  -61.12483  -58.09367 1152605666 192.343374    34.7250      39950          8  0.000e+00
   1000.622     1.4353   3.051477     1.4353   3.051717    4.80520    -0.0857    13.8155 0.0000e+00  -61.12483  -58.09367 1152605666 192.343375    34.7254      39951          8  0.000e+00
   1000.525     1.4355   3.051450     1.4355   3.051705    4.80513    -0.1072    13.8155 0.0000e+00  -61.12483  -58.09367 1152605666 192.343375    34.7249      39952          8  0.000e+00
   1000.603     1.4356   3.051433     1.4353   3.051711    4.80517    -0.0964    13.8155 0.0000e+00  -61.12483  -58.09367 1152605666 192.343376    34.7245      39953          8  0.000e+00
   1000.525     1.4356   3.051474     1.4355   3.051681    4.80511    -0.1072    13.8155 0.0000e+00  -61.12483  -58.09367 1152605666 192.343376    34.7251      39954          8  0.000e+00
   1000.458     1.4358   3.051453     1.4355   3.051705    4.80505    -0.0749    13.8155 0.0000e+00  -61.12483  -58.09367 1152605666 192.343377    34.7247      39955          8  0.000e+00
   1000.458     1.4356   3.051433     1.4352   3.051681    4.80507    -0.0749    13.8155 0.0000e+00  -61.12483  -58.09367 1152605666 192.343377    34.7246      39956          8  0.000e+00
   1000.477     1.4355   3.051457     1.4353   3.051681    4.80509    -0.0964    13.8155 0.0000e+00  -61.12483  -58.09367 1152605666 192.343378    34.7250      39957          8  0.000e+00
   1000.380     1.4355   3.051422     1.4348   3.051675    4.80504    -0.1287    13.8155 0.0000e+00  -61.12483  -58.09367 1152605666 192.343378    34.7246      39958          8  0.000e+00
   1000.380     1.4352   3.051433     1.4355   3.051663    4.80507    -0.1395    13.8155 0.0000e+00  -61.12483  -58.09367 1152605666 192.343379    34.7251      39959          8  0.000e+00
   1000.380     1.4352   3.051460     1.4353   3.051669    4.80506    -0.0857    13.8155 0.0000e+00  -61.12483  -58.09367 1152605666 192.343379    34.7255      39960          8  0.000e+00
   1002.905     1.4339   3.051409     1.4335   3.051627    4.81193    -0.0642    13.8155 0.0000e+00  -61.12483  -58.09367 1152605674 192.343468    34.7248      40145          9  0.000e+00
   1002.905     1.4342   3.051416     1.4331   3.051639    4.81189    -0.0964    13.8155 0.0000e+00  -61.12483  -58.09367 1152605674 192.343469    34.7246      40146          9  0.000e+00
   1002.828     1.4337   3.051409     1.4339   3.051633    4.81189    -0.0964    13.8155 0.0000e+00  -61.12483  -58.09367 1152605674 192.343469    34.7250      40147          9  0.000e+00
   1002.847     1.4338   3.051399     1.4336   3.051639    4.81190    -0.1072    13.8155 0.0000e+00  -61.12483  -58.09367 1152605674 192.343470    34.7248      40148          9  0.000e+00
   1002.828     1.4341   3.051413     1.4338   3.051657    4.81186    -0.1180    13.8155 0.0000e+00  -61.12483  -58.09367 1152605674 192.343470    34.7247      40149          9  0.000e+00
   1002.828     1.4336   3.051392     1.4341   3.051663    4.80688    -0.0964    13.8155 0.0000e+00  -61.12483  -58.09367 1152605674 192.343471    34.7250      40150          9  0.000e+00
   1002.828     1.4339   3.051392     1.4342   3.051669    4.80685    -0.0749    13.8155 0.0000e+00  -61.12483  -58.09367 1152605674 192.343471    34.7247      40151          9  0.000e+00
   1002.760     1.4336   3.051368     1.4333   3.051681    4.80684    -0.0857    13.8155 0.0000e+00  -61.12483  -58.09367 1152605674 192.343472    34.7247      40152          9  0.000e+00
   1002.779     1.4342   3.051385     1.4338   3.051675    4.81182    -0.1072    13.8155 0.0000e+00  -61.12483  -58.09367 1152605674 192.343472    34.7242      40153          9  0.000e+00
   1002.760     1.4341   3.051396     1.4336   3.051663    4.81182    -0.1072    13.8155 0.0000e+00  -61.12483  -58.09367 1152605674 192.343473    34.7246      40154          9  0.000e+00
   1002.683     1.4339   3.051423     1.4336   3.051693    4.81177    -0.1180    13.8155 0.0000e+00  -61.12483  -58.09367 1152605674 192.343473    34.7251      40155          9  0.000e+00
   1002.760     1.4336   3.051423     1.4341   3.051669    4.81185    -0.1180    13.8155 0.0000e+00  -61.12483  -58.09367 1152605675 192.343474    34.7254      40156          9  0.000e+00
   1002.683     1.4344   3.051447     1.4341   3.051669    4.81171    -0.1395    13.8155 0.0000e+00  -61.12483  -58.09367 1152605675 192.343474    34.7249      40157          9  0.000e+00
   1002.702     1.4342   3.051409     1.4342   3.051639    4.81176    -0.1180    13.8155 0.0000e+00  -61.12483  -58.09367 1152605675 192.343475    34.7246      40158          9  0.000e+00
   1002.615     1.4344   3.051423     1.4342   3.051663    4.81168    -0.1180    13.8155 0.0000e+00  -61.12483  -58.09367 1152605675 192.343475    34.7247      40159          9  0.000e+00
   1002.683     1.4341   3.051402     1.4344   3.051681    4.80673    -0.0964    13.8155 0.0000e+00  -61.12483  -58.09367 1152605675 192.343476    34.7247      40160          9  0.000e+00
   1002.615     1.4341   3.051413     1.4344   3.051675    4.80668    -0.0749    13.8155 0.0000e+00  -61.12483  -58.09367 1152605675 192.343476    34.7249      40161          9  0.000e+00
   1002.538     1.4345   3.051430     1.4344   3.051681    4.80657    -0.1180    13.8155 0.0000e+00  -61.12483  -58.09367 1152605675 192.343477    34.7246      40162          9  0.000e+00
   1002.557     1.4345   3.051440     1.4344   3.051717    4.81162    -0.0964    13.8155 0.0000e+00  -61.12483  -58.09367 1152605675 192.343477    34.7247      40163          9  0.000e+00
   1002.538     1.4344   3.051433     1.4342   3.051693    4.81162    -0.0964    13.8155 0.0000e+00  -61.12483  -58.09367 1152605675 192.343478    34.7247      40164          9  0.000e+00
   1002.538     1.4342   3.051423     1.4342   3.051645    4.81164    -0.0964    13.8155 0.0000e+00  -61.12483  -58.09367 1152605675 192.343478    34.7248      40165          9  0.000e+00
   1002.470     1.4345   3.051454     1.4340   3.051663    4.81155    -0.0857    13.8155 0.0000e+00  -61.12483  -58.09367 1152605675 192.343478    34.7249      40166          9  0.000e+00
   1002.470     1.4345   3.051457     1.4345   3.051681    4.81155    -0.0642    13.8155 0.0000e+00  -61.12483  -58.09367 1152605675 192.343479    34.7250      40167          9  0.000e+00
   1002.489     1.4344   3.051447     1.4342   3.051675    4.81159    -0.0642    13.8155 0.0000e+00  -61.12483  -58.09367 1152605675 192.343479    34.7250      40168          9  0.000e+00
   1002.393     1.4344   3.051454     1.4342   3.051729    4.81152    -0.0749    13.8155 0.0000e+00  -61.12483  -58.09367 1152605675 192.343480    34.7252      40169          9  0.000e+00
   1002.325     1.4342   3.051409     1.4347   3.051729    4.81151    -0.0642    13.8155 0.0000e+00  -61.12483  -58.09367 1152605675 192.343480    34.7248      40170          9  0.000e+00
   1002.393     1.4344   3.051447     1.4348   3.051717    4.81152    -0.0964    13.8155 0.0000e+00  -61.12483  -58.09367 1152605675 192.343481    34.7251      40171          9  0.000e+00
   1002.325     1.4347   3.051457     1.4352   3.051747    4.81144    -0.1180    13.8155 0.0000e+00  -61.12483  -58.09367 1152605675 192.343481    34.7249      40172          9  0.000e+00
   1002.277     1.4347   3.051447     1.4353   3.051747    4.81141    -0.0749    13.8155 0.0000e+00  -61.12483  -58.09367 1152605675 192.343482    34.7248      40173          9  0.000e+00
   1002.257     1.4345   3.051471     1.4353   3.051753    4.81140    -0.1180    13.8155 0.0000e+00  -61.12483  -58.09367 1152605675 192.343482    34.7253      40174          9  0.000e+00
   1002.180     1.4347   3.051471     1.4352   3.051771    4.81134    -0.1395    13.8155 0.0000e+00  -61.12483  -58.09367 1152605675 192.343483    34.7251      40175          9  0.000e+00
   1002.257     1.4350   3.051447     1.4352   3.051783    4.81137    -0.0964    13.8155 0.0000e+00  -61.12483  -58.09367 1152605675 192.343483    34.7245      40176          9  0.000e+00
   1002.180     1.4342   3.051454     1.4353   3.051777    4.81139    -0.0104    13.8155 0.0000e+00  -61.12483  -58.09367 1152605675 192.343484    34.7254      40177          9  0.000e+00
