product_data/regression_test/downloaded_data/MDGS/320620060703/ctd/p6608202.ros
* Sea-Bird SBE 9 Data File:
* FileName = D:\Data\Raw\P6608202.dat
* Software Version Seasave Win32 V 5.32
* Temperature SN = 1649
* Conductivity SN = 1431
* Number of Bytes Per Scan = 37
* Number of Voltage Words = 5
* Number of Scans Averaged by the Deck Unit = 1
* NMEA Latitude = 61 50.03 S
* NMEA Longitude = 057 33.91 W
* NMEA UTC (Time) = 21:27:11
** Ship:   Nathaniel B. Palmer 
** Cruise:    NBP0603 p0606
** Cast #: 02
** Station:   81
** Operator: 
# nquan = 17
# nvalues = 1175                    
# units = specified
# name 0 = prDM: Pressure, Digiquartz [db]
# name 1 = t090C: Temperature [ITS-90, deg C]
# name 2 = c0S/m: Conductivity [S/m]
# name 3 = t190C: Temperature, 2 [ITS-90, deg C]
# name 4 = c1S/m: Conductivity, 2 [S/m]
# name 5 = sbeox0ML/L: Oxygen, SBE 43 [ml/l]
# name 6 = flECO-AFL: Fluorescence, Wetlab ECO-AFL/FL [mg/m^3]
# name 7 = bat: Beam Attenuation, Chelsea/Seatech/Wetlab CStar [1/m]
# name 8 = spar: SPAR/Surface Irradiance
# name 9 = latitude: Latitude [deg]
# name 10 = longitude: Longitude [deg]
# name 11 = timeY: Time, System [seconds]
# name 12 = timeJ: Julian Days
# name 13 = sal00: Salinity [PSU]
# name 14 = scan: scan number
# name 15 = nbf: number of bottles fired
# name 16 = flag:  0.000e+00
# interval = seconds: 0.0416667                   
# start_time = Jul 09 2006 21:27:18
*END*
[from data line 86]
    190.118    -0.0986   2.863303    -0.0965   2.863572    6.21682     0.1080    13.8155 0.0000e+00  -61.83383  -57.56517 1152481038 190.900918    34.4592      14432          2  0.000e+00
    190.013    -0.0985   2.863323    -0.0973   2.863578    6.21670     0.0757    13.8155 0.0000e+00  -61.83383  -57.56517 1152481038 190.900918    34.4594      14433          2  0.000e+00
    190.118    -0.0982   2.863326    -0.0970   2.863572    6.21675     0.0865    13.8155 0.0000e+00  -61.83383  -57.56517 1152481038 190.900919    34.4590      14434          2  0.000e+00
    190.080    -0.0980   2.863339    -0.0972   2.863572    6.21669     0.0972    13.8155 0.0000e+00  -61.83383  -57.56517 1152481038 190.900919    34.4590      14435          2  0.000e+00
    190.052    -0.0983   2.863346    -0.0969   2.863560    6.21670     0.1188    13.8155 0.0000e+00  -61.83383  -57.56517 1152481038 190.900920    34.4594      14436          2  0.000e+00
    190.013    -0.0980   2.863329    -0.0975   2.863566    6.21664     0.1295    13.8155 0.0000e+00  -61.83383  -57.56517 1152481038 190.900920    34.4589      14437          2  0.000e+00
    190.118    -0.0978   2.863309    -0.0970   2.863590    6.21672     0.0972    13.8155 0.0000e+00  -61.83383  -57.56517 1152481038 190.900921    34.4584      14438          2  0.000e+00
    190.013    -0.0982   2.863336    -0.0972   2.863537    6.21196     0.1080    13.8155 0.0000e+00  -61.83383  -57.56517 1152481038 190.900921    34.4592      14439          2  0.000e+00
    190.157    -0.0983   2.863346    -0.0973   2.863566    6.21679     0.1510    13.8155 0.0000e+00  -61.83383  -57.56517 1152481038 190.900922    34.4594      14440          2  0.000e+00
    190.052    -0.0985   2.863316    -0.0972   2.863554    6.21674     0.1080    13.8155 0.0000e+00  -61.83383  -57.56517 1152481038 190.900922    34.4592      14441          2  0.000e+00
    190.080    -0.0986   2.863303    -0.0969   2.863525    6.21679     0.1080    13.8155 0.0000e+00  -61.83383  -57.56517 1152481038 190.900923    34.4592      14442          2  0.000e+00
    190.052    -0.0989   2.863303    -0.0972   2.863566    6.21681     0.1618    13.8155 0.0000e+00  -61.83383  -57.56517 1152481038 190.900923    34.4596      14443          2  0.000e+00
    175.433    -0.1348   2.858633    -0.1368   2.858609    6.28631     0.1188    13.8155 0.0000e+00  -61.83383  -57.56517 1152481144 190.902142    34.4468      16970          3  0.000e+00
    175.462    -0.1351   2.858657    -0.1374   2.858615    6.28636     0.0972    13.8155 0.0000e+00  -61.83383  -57.56517 1152481144 190.902142    34.4475      16971          3  0.000e+00
    175.529    -0.1350   2.858687    -0.1371   2.858638    6.28639     0.0434    13.8155 0.0000e+00  -61.83383  -57.56517 1152481144 190.902143    34.4477      16972          3  0.000e+00
    175.385    -0.1348   2.858674    -0.1366   2.858621    6.29094     0.0542    13.8155 0.0000e+00  -61.83383  -57.56517 1152481144 190.902143    34.4474      16973          3  0.000e+00
    175.462    -0.1350   2.858650    -0.1365   2.858633    6.29104     0.1295    13.8155 0.0000e+00  -61.83383  -57.56517 1152481144 190.902144    34.4472      16974          3  0.000e+00
    175.500    -0.1354   2.858627    -0.1362   2.858644    6.29114     0.1188    13.8155 0.0000e+00  -61.83383  -57.56517 1152481144 190.902144    34.4474      16975          3  0.000e+00
    175.529    -0.1362   2.858590    -0.1362   2.858621    6.29129     0.1188    13.8155 0.0000e+00  -61.83383  -57.56517 1152481144 190.902145    34.4478      16976          3  0.000e+00
    175.386    -0.1358   2.858543    -0.1363   2.858597    6.29113     0.0865    13.8155 0.0000e+00  -61.83383  -57.56517 1152481144 190.902145    34.4468      16977          3  0.000e+00
    175.529    -0.1361   2.858533    -0.1374   2.858510    6.29130     0.0650    13.8155 0.0000e+00  -61.83383  -57.56517 1152481144 190.902146    34.4469      16978          3  0.000e+00
    175.462    -0.1359   2.858550    -0.1374   2.858480    6.29121     0.0972    13.8155 0.0000e+00  -61.83383  -57.56517 1152481144 190.902146    34.4470      16979          3  0.000e+00
    175.500    -0.1365   2.858537    -0.1374   2.858562    6.29133     0.0972    13.8155 0.0000e+00  -61.83383  -57.56517 1152481144 190.902147    34.4474      16980          3  0.000e+00
    175.462    -0.1367   2.858427    -0.1370   2.858592    6.29138     0.0757    13.8155 0.0000e+00  -61.83383  -57.56517 1152481144 190.902147    34.4462      16981          3  0.000e+00
    175.529    -0.1378   2.858343    -0.1366   2.858592    6.29163     0.0972    13.8155 0.0000e+00  -61.83383  -57.56517 1152481144 190.902147    34.4463      16982          3  0.000e+00
    175.462    -0.1379   2.858276    -0.1368   2.858592    6.29163     0.1403    13.8155 0.0000e+00  -61.83383  -57.56517 1152481144 190.902148    34.4456      16983          3  0.000e+00
    175.500    -0.1393   2.858190    -0.1372   2.858592    6.29189     0.1188    13.8155 0.0000e+00  -61.83383  -57.56517 1152481144 190.902148    34.4460      16984          3  0.000e+00
    175.462    -0.1395   2.858166    -0.1378   2.858545    6.29189     0.1080    13.8155 0.0000e+00  -61.83383  -57.56517 1152481144 190.902149    34.4459      16985          3  0.000e+00
    175.462    -0.1397   2.858216    -0.1381   2.858515    6.29188     0.0542    13.8155 0.0000e+00  -61.83383  -57.56517 1152481144 190.902149    34.4467      16986          3  0.000e+00
    175.529    -0.1395   2.858236    -0.1385   2.858469    6.29190     0.0112    13.8155 0.0000e+00  -61.83383  -57.56517 1152481144 190.902150    34.4468      16987          3  0.000e+00
    175.462    -0.1400   2.858163    -0.1392   2.858410    6.29195     0.0327    13.8155 0.0000e+00  -61.83383  -57.56517 1152481144 190.902150    34.4464      16988          3  0.000e+00
    175.500    -0.1406   2.858089    -0.1397   2.858363    6.29210     0.0757    13.8155 0.0000e+00  -61.83383  -57.56517 1152481144 190.902151    34.4460      16989          3  0.000e+00
    175.462    -0.1404   2.858076    -0.1395   2.858322    6.29206     0.1295    13.8155 0.0000e+00  -61.83383  -57.56517 1152481144 190.902151    34.4457      16990          3  0.000e+00
    175.529    -0.1407   2.858076    -0.1395   2.858334    6.29216     0.1295    13.8155 0.0000e+00  -61.83383  -57.56517 1152481144 190.902152    34.4460      16991          3  0.000e+00
    175.462    -0.1403   2.858039    -0.1396   2.858322    6.29206     0.0650    13.8155 0.0000e+00  -61.83383  -57.56517 1152481144 190.902152    34.4451      16992          3  0.000e+00
    175.529    -0.1409   2.858046    -0.1402   2.858275    6.29219     0.0112    13.8155 0.0000e+00  -61.83383  -57.56517 1152481145 190.902153    34.4458      16993          3  0.000e+00
    175.433    -0.1407   2.858103    -0.1402   2.858246    6.29206     0.0757    13.8155 0.0000e+00  -61.83383  -57.56517 1152481145 190.902153    34.4465      16994          3  0.000e+00
    175.462    -0.1397   2.858223    -0.1399   2.858222    6.29188     0.0972    13.8155 0.0000e+00  -61.83383  -57.56517 1152481145 190.902154    34.4468      16995          3  0.000e+00
    175.529    -0.1393   2.858270    -0.1400   2.858252    6.29187     0.0650    13.8155 0.0000e+00  -61.83383  -57.56517 1152481145 190.902154    34.4470      16996          3  0.000e+00
    175.462    -0.1393   2.858313    -0.1398   2.858199    6.29178     0.0757    13.8155 0.0000e+00  -61.83383  -57.56517 1152481145 190.902155    34.4477      16997          3  0.000e+00
    175.462    -0.1383   2.858397    -0.1400   2.858164    6.29160     0.1080    13.8155 0.0000e+00  -61.83383  -57.56517 1152481145 190.902155    34.4476      16998          3  0.000e+00
    175.500    -0.1382   2.858400    -0.1411   2.858135    6.29163     0.1295    13.8155 0.0000e+00  -61.83383  -57.56517 1152481145 190.902156    34.4475      16999          3  0.000e+00
    175.462    -0.1378   2.858430    -0.1432   2.858047    6.29152     0.0972    13.8155 0.0000e+00  -61.83383  -57.56517 1152481145 190.902156    34.4475      17000          3  0.000e+00
    175.386    -0.1384   2.858373    -0.1451   2.857947    6.29156     0.0865    13.8155 0.0000e+00  -61.83383  -57.56517 1152481145 190.902157    34.4475      17001          3  0.000e+00
    175.529    -0.1385   2.858350    -0.1441   2.857871    6.29172     0.0865    13.8155 0.0000e+00  -61.83383  -57.56517 1152481145 190.902157    34.4472      17002          3  0.000e+00
    175.433    -0.1382   2.858330    -0.1436   2.857836    6.29161     0.1188    13.8155 0.0000e+00  -61.83383  -57.56517 1152481145 190.902158    34.4467      17003          3  0.000e+00
    175.386    -0.1376   2.858340    -0.1431   2.857888    6.29148     0.1080    13.8155 0.0000e+00  -61.83383  -57.56517 1152481145 190.902158    34.4461      17004          3  0.000e+00
    175.462    -0.1382   2.858330    -0.1423   2.857994    6.29163     0.0757    13.8155 0.0000e+00  -61.83383  -57.56517 1152481145 190.902159    34.4466      17005          3  0.000e+00
    175.462    -0.1379   2.858343    -0.1412   2.858140    6.29159     0.0650    13.8155 0.0000e+00  -61.83383  -57.56517 1152481145 190.902159    34.4465      17006          3  0.000e+00
    175.386    -0.1378   2.858316    -0.1408   2.858211    6.29620     0.1080    13.8155 0.0000e+00  -61.83383  -57.56517 1152481145 190.902160    34.4460      17007          3  0.000e+00
    175.433    -0.1379   2.858306    -0.1405   2.858275    6.29627     0.0972    13.8155 0.0000e+00  -61.83383  -57.56517 1152481145 190.902160    34.4460      17008          3  0.000e+00
    175.242    -0.1385   2.858270    -0.1397   2.858310    6.29620     0.0650    13.8155 0.0000e+00  -61.83383  -57.56517 1152481145 190.902160    34.4463      17009          3  0.000e+00
    175.529    -0.1384   2.858223    -0.1402   2.858316    6.29177     0.0327    13.8155 0.0000e+00  -61.83383  -57.56517 1152481145 190.902161    34.4454      17010          3  0.000e+00
    175.462    -0.1389   2.858173    -0.1394   2.858275    6.29180     0.0434    13.8155 0.0000e+00  -61.83383  -57.56517 1152481145 190.902161    34.4453      17011          3  0.000e+00
    175.386    -0.1395   2.858163    -0.1399   2.858322    6.29182     0.0219    13.8155 0.0000e+00  -61.83383  -57.56517 1152481145 190.902162    34.4459      17012          3  0.000e+00
    175.367    -0.1400   2.858149    -0.1396   2.858351    6.29187     0.0865    13.8155 0.0000e+00  -61.83383  -57.56517 1152481145 190.902162    34.4463      17013          3  0.000e+00
    175.386    -0.1397   2.858126    -0.1395   2.858369    6.29186     0.0865    13.8155 0.0000e+00  -61.83383  -57.56517 1152481145 190.902163    34.4456      17014          3  0.000e+00
    175.319    -0.1393   2.858123    -0.1391   2.858351    6.29177     0.0650    13.8155 0.0000e+00  -61.83383  -57.56517 1152481145 190.902163    34.4452      17015          3  0.000e+00
    175.319    -0.1400   2.858139    -0.1388   2.858363    6.29184     0.1080    13.8155 0.0000e+00  -61.83383  -57.56517 1152481145 190.902164    34.4461      17016          3  0.000e+00
    175.319    -0.1400   2.858126    -0.1380   2.858410    6.29185     0.1403    13.8155 0.0000e+00  -61.83383  -57.56517 1152481146 190.902164    34.4460      17017          3  0.000e+00
    175.290    -0.1407   2.858086    -0.1382   2.858428    6.29194     0.1618    13.8155 0.0000e+00  -61.83383  -57.56517 1152481146 190.902165    34.4463      17018          3  0.000e+00
    173.418    -0.1522   2.856727    -0.1520   2.856863    6.30191     0.1080    13.8155 0.0000e+00  -61.83383  -57.56517 1152481149 190.902203    34.4422      17097          4  0.000e+00
    173.771    -0.1511   2.856744    -0.1517   2.856898    6.30677     0.0757    13.8155 0.0000e+00  -61.83383  -57.56517 1152481149 190.902203    34.4411      17098          4  0.000e+00
    173.351    -0.1518   2.856781    -0.1518   2.856880    6.30177     0.0542    13.8155 0.0000e+00  -61.83383  -57.56517 1152481149 190.902204    34.4425      17099          4  0.000e+00
    173.628    -0.1510   2.856827    -0.1518   2.856839    6.29720     0.0972    13.8155 0.0000e+00  -61.83383  -57.56517 1152481149 190.902204    34.4421      17100          4  0.000e+00
    173.399    -0.1510   2.856821    -0.1515   2.856810    6.29700     0.0972    13.8155 0.0000e+00  -61.83383  -57.56517 1152481149 190.902205    34.4422      17101          4  0.000e+00
    173.485    -0.1510   2.856797    -0.1525   2.856781    6.29240     0.0650    13.8155 0.0000e+00  -61.83383  -57.56517 1152481149 190.902205    34.4418      17102          4  0.000e+00
    173.561    -0.1516   2.856794    -0.1526   2.856716    6.29255     0.0865    13.8155 0.0000e+00  -61.83383  -57.56517 1152481149 190.902206    34.4424      17103          4  0.000e+00
    173.418    -0.1518   2.856774    -0.1532   2.856699    6.29245     0.0972    13.8155 0.0000e+00  -61.83383  -57.56517 1152481149 190.902206    34.4424      17104          4  0.000e+00
    173.485    -0.1518   2.856771    -0.1542   2.856675    6.29252     0.0757    13.8155 0.0000e+00  -61.83383  -57.56517 1152481149 190.902207    34.4424      17105          4  0.000e+00
    173.466    -0.1521   2.856720    -0.1546   2.856669    6.28788     0.0757    13.8155 0.0000e+00  -61.83383  -57.56517 1152481149 190.902207    34.4420      17106          4  0.000e+00
    173.485    -0.1524   2.856634    -0.1550   2.856640    6.28798     0.0650    13.8155 0.0000e+00  -61.83383  -57.56517 1152481149 190.902208    34.4412      17107          4  0.000e+00
    173.485    -0.1533   2.856540    -0.1551   2.856634    6.28816     0.0650    13.8155 0.0000e+00  -61.83383  -57.56517 1152481149 190.902208    34.4410      17108          4  0.000e+00
    173.485    -0.1543   2.856484    -0.1552   2.856558    6.29300     0.0757    13.8155 0.0000e+00  -61.83383  -57.56517 1152481149 190.902209    34.4413      17109          4  0.000e+00
    173.418    -0.1544   2.856457    -0.1554   2.856511    6.29297     0.0757    13.8155 0.0000e+00  -61.83383  -57.56517 1152481149 190.902209    34.4412      17110          4  0.000e+00
    173.485    -0.1553   2.856400    -0.1555   2.856523    6.28849     0.0757    13.8155 0.0000e+00  -61.83383  -57.56517 1152481149 190.902210    34.4414      17111          4  0.000e+00
    173.399    -0.1552   2.856383    -0.1555   2.856511    6.28841     0.0542    13.8155 0.0000e+00  -61.83383  -57.56517 1152481149 190.902210    34.4411      17112          4  0.000e+00
    173.485    -0.1561   2.856350    -0.1557   2.856488    6.28861     0.0434    13.8155 0.0000e+00  -61.83383  -57.56517 1152481150 190.902211    34.4416      17113          4  0.000e+00
    173.485    -0.1555   2.856353    -0.1561   2.856482    6.28854     0.0542    13.8155 0.0000e+00  -61.83383  -57.56517 1152481150 190.902211    34.4410      17114          4  0.000e+00
    173.418    -0.1561   2.856360    -0.1557   2.856517    6.28856     0.0542    13.8155 0.0000e+00  -61.83383  -57.56517 1152481150 190.902212    34.4418      17115          4  0.000e+00
    173.418    -0.1555   2.856340    -0.1555   2.856523    6.28849     0.0865    13.8155 0.0000e+00  -61.83383  -57.56517 1152481150 190.902212    34.4409      17116          4  0.000e+00
    173.485    -0.1550   2.856407    -0.1548   2.856529    6.28845     0.1188    13.8155 0.0000e+00  -61.83383  -57.56517 1152481150 190.902213    34.4412      17117          4  0.000e+00
    173.466    -0.1543   2.856447    -0.1554   2.856511    6.28831     0.0650    13.8155 0.0000e+00  -61.83383  -57.56517 1152481150 190.902213    34.4409      17118          4  0.000e+00
    173.418    -0.1545   2.856484    -0.1552   2.856523    6.28829     0.0650    13.8155 0.0000e+00  -61.83383  -57.56517 1152481150 190.902214    34.4417      17119          4  0.000e+00
