product_data/regression_test/downloaded_data/MDGS/320620060703/ctd/p6607501.ros
* Sea-Bird SBE 9 Data File:
* FileName = D:\Data\Raw\p6607501.dat
* Software Version Seasave Win32 V 5.32
* Temperature SN = 1649
* Conductivity SN = 1431
* Number of Bytes Per Scan = 37
* Number of Voltage Words = 5
* Number of Scans Averaged by the Deck Unit = 1
* NMEA Latitude = 62 15.77 S
* NMEA Longitude = 058 05.80 W
* NMEA UTC (Time) = 13:33:07
** Ship:   Nathaniel B. Palmer 
** Cruise:    NBP0606 
# nquan = 17
# nvalues = 1176                    
# units = specified
# name 0 = prDM: Pressure, Digiquartz [db]
# name 1 = t090C: Temperature [ITS-90, deg C]
# name 2 = c0S/m: Conductivity [S/m]
# name 3 = t190C: Temperature, 2 [ITS-90, deg C]
# name 4 = c1S/m: Conductivity, 2 [S/m]
# name 5 = sbeox0ML/L: Oxygen, SBE 43 [ml/l]
# name 6 = flECO-AFL: Fluorescence, Wetlab ECO-AFL/FL [mg/m^3]
# name 7 = bat: Beam Attenuation, Chelsea/Seatech/Wetlab CStar [1/m]
# name 8 = spar: SPAR/Surface Irradiance
# name 9 = latitude: Latitude [deg]
# name 10 = longitude: Longitude [deg]
# name 11 = timeY: Time, System [seconds]
# name 12 = timeJ: Julian Days
# name 13 = sal00: Salinity [PSU]
# name 14 = scan: scan number
# name 15 = nbf: number of bottles fired
# name 16 = flag:  0.000e+00
# interval = seconds: 0.0416667                   
# start_time = Jul 08 2006 13:33:15
*END*
[from data line 511]
    299.778    -1.4498   2.746405    -1.4497   2.746409    7.24133    -0.1180    13.8155 3.7015e+01  -62.26283  -58.09667 1152370319 189.619456    34.3468     113425         11  0.000e+00
    299.711    -1.4498   2.746415    -1.4492   2.746420    7.24618    -0.1180    13.8155 3.7015e+01  -62.26283  -58.09667 1152370319 189.619457    34.3470     113426         11  0.000e+00
    299.739    -1.4497   2.746405    -1.4495   2.746449    7.24620    -0.1395    13.8155 3.8963e+01  -62.26283  -58.09667 1152370319 189.619457    34.3467     113427         11  0.000e+00
    299.711    -1.4497   2.746412    -1.4497   2.746415    7.24616    -0.1395    13.8155 3.8963e+01  -62.26283  -58.09667 1152370319 189.619457    34.3468     113428         11  0.000e+00
    299.778    -1.4502   2.746405    -1.4495   2.746403    7.24631    -0.1180    13.8155 3.8963e+01  -62.26283  -58.09667 1152370319 189.619458    34.3472     113429         11  0.000e+00
    299.644    -1.4495   2.746376    -1.4500   2.746403    7.24609    -0.0964    13.8155 3.8963e+01  -62.26283  -58.09667 1152370319 189.619458    34.3461     113430         11  0.000e+00
    299.739    -1.4497   2.746385    -1.4501   2.746403    7.24128    -0.1180    13.8155 3.8963e+01  -62.26283  -58.09667 1152370319 189.619459    34.3464     113431         11  0.000e+00
    299.711    -1.4503   2.746402    -1.4495   2.746403    7.24626    -0.1287    13.8155 3.8963e+01  -62.26283  -58.09667 1152370319 189.619459    34.3473     113432         11  0.000e+00
    299.644    -1.4496   2.746412    -1.4501   2.746438    7.24608    -0.1072    13.8155 3.7015e+01  -62.26283  -58.09667 1152370319 189.619460    34.3467     113433         11  0.000e+00
    299.672    -1.4500   2.746428    -1.4501   2.746415    7.24616    -0.1072    13.8155 3.7015e+01  -62.26283  -58.09667 1152370320 189.619460    34.3474     113434         11  0.000e+00
    299.711    -1.4495   2.746359    -1.4500   2.746380    7.24617    -0.1072    13.8155 3.7015e+01  -62.26283  -58.09667 1152370320 189.619461    34.3458     113435         11  0.000e+00
    299.644    -1.4500   2.746359    -1.4498   2.746415    7.24618    -0.0964    13.8155 3.8963e+01  -62.26283  -58.09667 1152370320 189.619461    34.3464     113436         11  0.000e+00
    299.644    -1.4497   2.746379    -1.4498   2.746409    7.24612    -0.0857    13.8155 3.8963e+01  -62.26283  -58.09667 1152370320 189.619462    34.3464     113437         11  0.000e+00
    299.672    -1.4503   2.746405    -1.4501   2.746380    7.24622    -0.1072    13.8155 3.8963e+01  -62.26283  -58.09667 1152370320 189.619462    34.3474     113438         11  0.000e+00
    299.644    -1.4500   2.746415    -1.4497   2.746374    7.24613    -0.0749    13.8155 3.8963e+01  -62.26283  -58.09667 1152370320 189.619463    34.3472     113439         11  0.000e+00
    299.644    -1.4503   2.746389    -1.4506   2.746357    7.24620    -0.0642    13.8155 3.8963e+01  -62.26283  -58.09667 1152370320 189.619463    34.3472     113440         11  0.000e+00
    299.644    -1.4495   2.746372    -1.4501   2.746351    7.24609    -0.0749    13.8155 3.8963e+01  -62.26283  -58.09667 1152370320 189.619464    34.3461     113441         11  0.000e+00
    299.596    -1.4500   2.746369    -1.4503   2.746368    7.24612    -0.1072    13.8155 3.8963e+01  -62.26283  -58.09667 1152370320 189.619464    34.3466     113442         11  0.000e+00
    299.644    -1.4503   2.746343    -1.4500   2.746391    7.24130    -0.0857    13.8155 3.8963e+01  -62.26283  -58.09667 1152370320 189.619465    34.3466     113443         11  0.000e+00
    299.567    -1.4500   2.746359    -1.4508   2.746363    7.24610    -0.0964    13.8155 3.8963e+01  -62.26283  -58.09667 1152370320 189.619465    34.3465     113444         11  0.000e+00
    299.596    -1.4501   2.746379    -1.4501   2.746368    7.24614    -0.0749    13.8155 3.8963e+01  -62.26283  -58.09667 1152370320 189.619466    34.3469     113445         11  0.000e+00
    299.567    -1.4503   2.746372    -1.4498   2.746374    7.24614    -0.0857    13.8155 3.8963e+01  -62.26283  -58.09667 1152370320 189.619466    34.3470     113446         11  0.000e+00
    299.644    -1.4501   2.746385    -1.4501   2.746357    7.24618    -0.1287    13.8155 3.7015e+01  -62.26283  -58.09667 1152370320 189.619467    34.3470     113447         11  0.000e+00
    299.567    -1.4500   2.746366    -1.4500   2.746368    7.24610    -0.1180    13.8155 3.7015e+01  -62.26283  -58.09667 1152370320 189.619467    34.3466     113448         11  0.000e+00
    299.596    -1.4502   2.746349    -1.4506   2.746374    7.24616    -0.1287    13.8155 3.7015e+01  -62.26283  -58.09667 1152370320 189.619468    34.3465     113449         11  0.000e+00
    299.567    -1.4504   2.746346    -1.4503   2.746374    7.24617    -0.0964    13.8155 3.8963e+01  -62.26283  -58.09667 1152370320 189.619468    34.3468     113450         11  0.000e+00
    299.567    -1.4505   2.746336    -1.4500   2.746334    7.24619    -0.1072    13.8155 3.7015e+01  -62.26283  -58.09667 1152370320 189.619469    34.3467     113451         11  0.000e+00
    299.567    -1.4503   2.746343    -1.4498   2.746357    7.24615    -0.1180    13.8155 3.7015e+01  -62.26283  -58.09667 1152370320 189.619469    34.3466     113452         11  0.000e+00
    300.660    -1.4517   2.746245    -1.4510   2.746317    7.24260    -0.1610    13.8155 3.7015e+01  -62.26283  -58.09667 1152370326 189.619534    34.3462     113586         12  0.000e+00
    300.698    -1.4520   2.746271    -1.4517   2.746322    7.24267    -0.1180    13.8155 3.7015e+01  -62.26283  -58.09667 1152370326 189.619534    34.3469     113587         12  0.000e+00
    300.564    -1.4517   2.746241    -1.4515   2.746305    7.24251    -0.1180    13.8155 3.7015e+01  -62.26283  -58.09667 1152370326 189.619535    34.3462     113588         12  0.000e+00
    300.699    -1.4518   2.746268    -1.4511   2.746299    7.24265    -0.1180    13.8155 3.7015e+01  -62.26283  -58.09667 1152370326 189.619535    34.3467     113589         12  0.000e+00
    300.660    -1.4509   2.746281    -1.4511   2.746317    7.24246    -0.1072    13.8155 3.7015e+01  -62.26283  -58.09667 1152370326 189.619536    34.3458     113590         12  0.000e+00
    300.632    -1.4517   2.746307    -1.4514   2.746322    7.24254    -0.0964    13.8155 3.7015e+01  -62.26283  -58.09667 1152370326 189.619536    34.3471     113591         12  0.000e+00
    300.632    -1.4514   2.746323    -1.4509   2.746322    7.24247    -0.0749    13.8155 3.7015e+01  -62.26283  -58.09667 1152370326 189.619537    34.3469     113592         12  0.000e+00
    300.660    -1.4512   2.746307    -1.4506   2.746322    7.24249    -0.0642    13.8155 3.7015e+01  -62.26283  -58.09667 1152370326 189.619537    34.3465     113593         12  0.000e+00
    300.632    -1.4514   2.746327    -1.4509   2.746340    7.24247    -0.1072    13.8155 3.7015e+01  -62.26283  -58.09667 1152370326 189.619538    34.3469     113594         12  0.000e+00
    300.632    -1.4509   2.746343    -1.4509   2.746351    7.23746    -0.1287    13.8155 3.7015e+01  -62.26283  -58.09667 1152370326 189.619538    34.3467     113595         12  0.000e+00
    300.632    -1.4509   2.746405    -1.4509   2.746386    7.24235    -0.0964    13.8155 3.7015e+01  -62.26283  -58.09667 1152370326 189.619538    34.3475     113596         12  0.000e+00
    300.593    -1.4494   2.746432    -1.4514   2.746363    7.24206    -0.0749    13.8155 3.8963e+01  -62.26283  -58.09667 1152370326 189.619539    34.3462     113597         12  0.000e+00
    300.565    -1.4497   2.746435    -1.4508   2.746351    7.24208    -0.0857    13.8155 3.8963e+01  -62.26283  -58.09667 1152370326 189.619539    34.3465     113598         12  0.000e+00
    300.632    -1.4494   2.746412    -1.4509   2.746328    7.24212    -0.1180    13.8155 3.8963e+01  -62.26283  -58.09667 1152370326 189.619540    34.3459     113599         12  0.000e+00
    300.517    -1.4493   2.746425    -1.4511   2.746282    7.23706    -0.1072    13.8155 3.8963e+01  -62.26283  -58.09667 1152370326 189.619540    34.3461     113600         12  0.000e+00
    300.632    -1.4491   2.746418    -1.4511   2.746288    7.24207    -0.0534    13.8155 3.8963e+01  -62.26283  -58.09667 1152370326 189.619541    34.3456     113601         12  0.000e+00
    300.565    -1.4486   2.746422    -1.4509   2.746276    7.24193    -0.0749    13.8155 3.8963e+01  -62.26283  -58.09667 1152370327 189.619541    34.3452     113602         12  0.000e+00
    300.488    -1.4492   2.746415    -1.4520   2.746270    7.24194    -0.1072    13.8155 3.7015e+01  -62.26283  -58.09667 1152370327 189.619542    34.3458     113603         12  0.000e+00
    300.593    -1.4492   2.746422    -1.4511   2.746288    7.24205    -0.1395    13.8155 3.7015e+01  -62.26283  -58.09667 1152370327 189.619542    34.3458     113604         12  0.000e+00
    300.488    -1.4497   2.746415    -1.4518   2.746236    7.24201    -0.1180    13.8155 3.7015e+01  -62.26283  -58.09667 1152370327 189.619543    34.3463     113605         12  0.000e+00
    300.565    -1.4502   2.746363    -1.4515   2.746253    7.24220    -0.1072    13.8155 3.7015e+01  -62.26283  -58.09667 1152370327 189.619543    34.3461     113606         12  0.000e+00
    300.517    -1.4509   2.746336    -1.4515   2.746253    7.24228    -0.1072    13.8155 3.8963e+01  -62.26283  -58.09667 1152370327 189.619544    34.3466     113607         12  0.000e+00
    300.488    -1.4508   2.746343    -1.4518   2.746247    7.23730    -0.0857    13.8155 3.7015e+01  -62.26283  -58.09667 1152370327 189.619544    34.3466     113608         12  0.000e+00
    300.488    -1.4506   2.746297    -1.4520   2.746224    7.24223    -0.0857    13.8155 3.8963e+01  -62.26283  -58.09667 1152370327 189.619545    34.3458     113609         12  0.000e+00
    300.488    -1.4511   2.746254    -1.4520   2.746218    7.24233    -0.0749    13.8155 3.7015e+01  -62.26283  -58.09667 1152370327 189.619545    34.3457     113610         12  0.000e+00
    300.450    -1.4512   2.746287    -1.4520   2.746201    7.24229    -0.0749    13.8155 3.8963e+01  -62.26283  -58.09667 1152370327 189.619546    34.3464     113611         12  0.000e+00
    300.488    -1.4517   2.746277    -1.4520   2.746213    7.24241    -0.0749    13.8155 3.8963e+01  -62.26283  -58.09667 1152370327 189.619546    34.3468     113612         12  0.000e+00
    300.421    -1.4518   2.746277    -1.4523   2.746201    7.24236    -0.1180    13.8155 3.8963e+01  -62.26283  -58.09667 1152370327 189.619547    34.3469     113613         12  0.000e+00
    300.450    -1.4515   2.746264    -1.4521   2.746230    7.24236    -0.1502    13.8155 3.7015e+01  -62.26283  -58.09667 1152370327 189.619547    34.3464     113614         12  0.000e+00
    300.421    -1.4514   2.746235    -1.4524   2.746224    7.24232    -0.1287    13.8155 3.7015e+01  -62.26283  -58.09667 1152370327 189.619548    34.3458     113615         12  0.000e+00
    300.421    -1.4517   2.746251    -1.4518   2.746195    7.24236    -0.1395    13.8155 3.8963e+01  -62.26283  -58.09667 1152370327 189.619548    34.3464     113616         12  0.000e+00
    300.421    -1.4509   2.746291    -1.4521   2.746207    7.24221    -0.1287    13.8155 3.7015e+01  -62.26283  -58.09667 1152370327 189.619549    34.3460     113617         12  0.000e+00
    300.373    -1.4512   2.746277    -1.4523   2.746218    7.24223    -0.1072    13.8155 3.8963e+01  -62.26283  -58.09667 1152370327 189.619549    34.3463     113618         12  0.000e+00
    300.345    -1.4515   2.746261    -1.4521   2.746236    7.24225    -0.0857    13.8155 3.7015e+01  -62.26283  -58.09667 1152370327 189.619550    34.3464     113619         12  0.000e+00
    300.345    -1.4518   2.746235    -1.4520   2.746207    7.24231    -0.0857    13.8155 3.8963e+01  -62.26283  -58.09667 1152370327 189.619550    34.3464     113620         12  0.000e+00
    300.306    -1.4522   2.746235    -1.4526   2.746213    7.24233    -0.0426    13.8155 3.8963e+01  -62.26283  -58.09667 1152370327 189.619551    34.3468     113621         12  0.000e+00
    300.345    -1.4521   2.746189    -1.4529   2.746161    7.24239    -0.0964    13.8155 3.8963e+01  -62.26283  -58.09667 1152370327 189.619551    34.3461     113622         12  0.000e+00
    300.345    -1.4522   2.746195    -1.4533   2.746178    7.24239    -0.1395    13.8155 3.8963e+01  -62.26283  -58.09667 1152370327 189.619552    34.3463     113623         12  0.000e+00
    300.278    -1.4520   2.746195    -1.4533   2.746132    7.24229    -0.1287    13.8155 3.7015e+01  -62.26283  -58.09667 1152370327 189.619552    34.3461     113624         12  0.000e+00
    300.306    -1.4526   2.746176    -1.4538   2.746132    7.24243    -0.1072    13.8155 3.7015e+01  -62.26283  -58.09667 1152370327 189.619552    34.3465     113625         12  0.000e+00
    300.278    -1.4520   2.746163    -1.4538   2.746120    7.24232    -0.0857    13.8155 3.7015e+01  -62.26283  -58.09667 1152370328 189.619553    34.3456     113626         12  0.000e+00
    300.211    -1.4523   2.746169    -1.4533   2.746114    7.24230    -0.1395    13.8155 3.7015e+01  -62.26283  -58.09667 1152370328 189.619553    34.3461     113627         12  0.000e+00
    300.239    -1.4531   2.746163    -1.4533   2.746114    7.24244    -0.1502    13.8155 3.7015e+01  -62.26283  -58.09667 1152370328 189.619554    34.3469     113628         12  0.000e+00
    300.278    -1.4525   2.746169    -1.4527   2.746114    7.24239    -0.1610    13.8155 3.7015e+01  -62.26283  -58.09667 1152370328 189.619554    34.3463     113629         12  0.000e+00
    300.211    -1.4529   2.746172    -1.4526   2.746132    7.24238    -0.1395    13.8155 3.7015e+01  -62.26283  -58.09667 1152370328 189.619555    34.3469     113630         12  0.000e+00
    300.211    -1.4529   2.746163    -1.4527   2.746143    7.24239    -0.0964    13.8155 3.7015e+01  -62.26283  -58.09667 1152370328 189.619555    34.3468     113631         12  0.000e+00
    300.163    -1.4526   2.746169    -1.4527   2.746120    7.24229    -0.0642    13.8155 3.7015e+01  -62.26283  -58.09667 1152370328 189.619556    34.3465     113632         12  0.000e+00
    300.211    -1.4529   2.746179    -1.4530   2.746132    7.24238    -0.0642    13.8155 3.7015e+01  -62.26283  -58.09667 1152370328 189.619556    34.3470     113633         12  0.000e+00
    300.134    -1.4532   2.746156    -1.4532   2.746120    7.24236    -0.1180    13.8155 3.7015e+01  -62.26283  -58.09667 1152370328 189.619557    34.3470     113634         12  0.000e+00
    249.894    -0.7414   2.805093    -0.7539   2.803984    6.86158    -0.1287    13.8155 3.7015e+01  -62.26283  -58.09667 1152370425 189.620680    34.3699     115963         13  0.000e+00
    249.884    -0.7415   2.805060    -0.7542   2.803932    6.86161    -0.1072    13.8155 3.7015e+01  -62.26283  -58.09667 1152370425 189.620680    34.3695     115964         13  0.000e+00
    249.961    -0.7422   2.805020    -0.7497   2.804252    6.86180    -0.0964    13.8155 3.7015e+01  -62.26283  -58.09667 1152370425 189.620681    34.3697     115965         13  0.000e+00
    249.884    -0.7431   2.804941    -0.7456   2.804607    6.86190    -0.0964    13.8155 3.7015e+01  -62.26283  -58.09667 1152370425 189.620681    34.3697     115966         13  0.000e+00
    250.028    -0.7433   2.804931    -0.7434   2.804834    6.86207    -0.0534    13.8155 3.7015e+01  -62.26283  -58.09667 1152370425 189.620682    34.3697     115967         13  0.000e+00
    249.894    -0.7426   2.804957    -0.7408   2.805049    6.86183    -0.1502    13.8155 3.7015e+01  -62.26283  -58.09667 1152370425 189.620682    34.3694     115968         13  0.000e+00
    250.028    -0.7425   2.804994    -0.7388   2.805195    6.86674    -0.1718    13.8155 3.7015e+01  -62.26283  -58.09667 1152370425 189.620683    34.3697     115969         13  0.000e+00
