product_data/regression_test/downloaded_data/MDGS/320620060703/ctd/p6609304.ros
* Sea-Bird SBE 9 Data File:
* FileName = D:\Data\Raw\P6609304.dat
* Software Version Seasave Win32 V 5.32
* Temperature SN = 1649
* Conductivity SN = 1431
* Number of Bytes Per Scan = 37
* Number of Voltage Words = 5
* Number of Scans Averaged by the Deck Unit = 1
* NMEA Latitude = 61 07.50 S
* NMEA Longitude = 058 05.51 W
* NMEA UTC (Time) = 02:17:40
** Ship:   Nathaniel B. Palmer nbp
** Cruise:    NBP0603 nbp0606
** Cast #: 01
** Station:   93
** Operator: yz
# nquan = 17
# nvalues = 1176                    
# units = specified
# name 0 = prDM: Pressure, Digiquartz [db]
# name 1 = t090C: Temperature [ITS-90, deg C]
# name 2 = c0S/m: Conductivity [S/m]
# name 3 = t190C: Temperature, 2 [ITS-90, deg C]
# name 4 = c1S/m: Conductivity, 2 [S/m]
# name 5 = sbeox0ML/L: Oxygen, SBE 43 [ml/l]
# name 6 = flECO-AFL: Fluorescence, Wetlab ECO-AFL/FL [mg/m^3]
# name 7 = bat: Beam Attenuation, Chelsea/Seatech/Wetlab CStar [1/m]
# name 8 = spar: SPAR/Surface Irradiance
# name 9 = latitude: Latitude [deg]
# name 10 = longitude: Longitude [deg]
# name 11 = timeY: Time, System [seconds]
# name 12 = timeJ: Julian Days
# name 13 = sal00: Salinity [PSU]
# name 14 = scan: scan number
# name 15 = nbf: number of bottles fired
# name 16 = flag:  0.000e+00
# interval = seconds: 0.0416667                   
# start_time = Jul 11 2006 02:17:48
*END*
[from data line 681]
    300.134     1.9339   3.057538     1.9348   3.057790    4.33133    -0.0642    13.8155 0.0000e+00  -61.12500  -58.09183 1152584869 192.102677    34.6466      14479         14  0.000e+00
    300.115     1.9335   3.057559     1.9347   3.057790    4.33134    -0.0964    13.8155 0.0000e+00  -61.12500  -58.09183 1152584869 192.102677    34.6473      14480         14  0.000e+00
    300.182     1.9339   3.057528     1.9345   3.057802    4.33136    -0.1180    13.8155 0.0000e+00  -61.12500  -58.09183 1152584869 192.102677    34.6465      14481         14  0.000e+00
    300.134     1.9338   3.057534     1.9344   3.057808    4.33586    -0.0964    13.8155 0.0000e+00  -61.12500  -58.09183 1152584869 192.102678    34.6467      14482         14  0.000e+00
    300.115     1.9339   3.057524     1.9347   3.057796    4.33585    -0.0534    13.8155 0.0000e+00  -61.12500  -58.09183 1152584869 192.102678    34.6465      14483         14  0.000e+00
    300.391     1.9340   3.057610     1.9347   3.057869    4.33144    -0.0642    13.8155 0.0000e+00  -61.12500  -58.09183 1152584875 192.102748    34.6472      14627         15  0.000e+00
    300.420     1.9345   3.057617     1.9350   3.057820    4.33141    -0.0749    13.8155 0.0000e+00  -61.12500  -58.09183 1152584875 192.102748    34.6468      14628         15  0.000e+00
    300.391     1.9340   3.057596     1.9349   3.057844    4.33145    -0.0964    13.8155 0.0000e+00  -61.12500  -58.09183 1152584875 192.102749    34.6470      14629         15  0.000e+00
    300.391     1.9342   3.057610     1.9352   3.057838    4.33143    -0.0857    13.8155 0.0000e+00  -61.12500  -58.09183 1152584875 192.102749    34.6471      14630         15  0.000e+00
    300.353     1.9342   3.057617     1.9355   3.057850    4.33140    -0.0534    13.8155 0.0000e+00  -61.12500  -58.09183 1152584875 192.102750    34.6472      14631         15  0.000e+00
    300.324     1.9342   3.057596     1.9350   3.057887    4.33139    -0.0749    13.8155 0.0000e+00  -61.12500  -58.09183 1152584875 192.102750    34.6469      14632         15  0.000e+00
    300.391     1.9342   3.057572     1.9350   3.057875    4.33144    -0.1072    13.8155 0.0000e+00  -61.12500  -58.09183 1152584875 192.102751    34.6466      14633         15  0.000e+00
    300.277     1.9342   3.057620     1.9350   3.057856    4.33136    -0.0642    13.8155 0.0000e+00  -61.12500  -58.09183 1152584875 192.102751    34.6473      14634         15  0.000e+00
    300.324     1.9339   3.057600     1.9350   3.057838    4.33142    -0.0534    13.8155 0.0000e+00  -61.12500  -58.09183 1152584875 192.102752    34.6473      14635         15  0.000e+00
    300.324     1.9340   3.057590     1.9352   3.057856    4.33141    -0.0749    13.8155 0.0000e+00  -61.12500  -58.09183 1152584876 192.102752    34.6470      14636         15  0.000e+00
    300.324     1.9346   3.057627     1.9348   3.057880    4.33134    -0.0642    13.8155 0.0000e+00  -61.12500  -58.09183 1152584876 192.102753    34.6468      14637         15  0.000e+00
    300.277     1.9343   3.057620     1.9352   3.057893    4.33134    -0.0749    13.8155 0.0000e+00  -61.12500  -58.09183 1152584876 192.102753    34.6471      14638         15  0.000e+00
    300.248     1.9340   3.057617     1.9348   3.057874    4.33135    -0.0534    13.8155 0.0000e+00  -61.12500  -58.09183 1152584876 192.102754    34.6474      14639         15  0.000e+00
    300.324     1.9345   3.057617     1.9353   3.057856    4.33136    -0.1072    13.8155 0.0000e+00  -61.12500  -58.09183 1152584876 192.102754    34.6468      14640         15  0.000e+00
    300.210     1.9340   3.057596     1.9348   3.057838    4.33134    -0.0857    13.8155 0.0000e+00  -61.12500  -58.09183 1152584876 192.102755    34.6471      14641         15  0.000e+00
    300.248     1.9343   3.057627     1.9348   3.057850    4.33132    -0.0642    13.8155 0.0000e+00  -61.12500  -58.09183 1152584876 192.102755    34.6472      14642         15  0.000e+00
    300.248     1.9340   3.057603     1.9353   3.057862    4.33136    -0.0642    13.8155 0.0000e+00  -61.12500  -58.09183 1152584876 192.102756    34.6472      14643         15  0.000e+00
    300.210     1.9342   3.057610     1.9350   3.057868    4.33132    -0.0426    13.8155 0.0000e+00  -61.12500  -58.09183 1152584876 192.102756    34.6472      14644         15  0.000e+00
    300.181     1.9340   3.057617     1.9350   3.057880    4.33131    -0.1072    13.8155 0.0000e+00  -61.12500  -58.09183 1152584876 192.102757    34.6474      14645         15  0.000e+00
    300.248     1.9343   3.057579     1.9353   3.057868    4.33134    -0.0964    13.8155 0.0000e+00  -61.12500  -58.09183 1152584876 192.102757    34.6466      14646         15  0.000e+00
    300.133     1.9340   3.057583     1.9350   3.057868    4.33130    -0.0749    13.8155 0.0000e+00  -61.12500  -58.09183 1152584876 192.102758    34.6470      14647         15  0.000e+00
    300.181     1.9340   3.057610     1.9352   3.057898    4.33131    -0.0534    13.8155 0.0000e+00  -61.12500  -58.09183 1152584876 192.102758    34.6473      14648         15  0.000e+00
    300.181     1.9343   3.057617     1.9350   3.057856    4.33128    -0.0642    13.8155 0.0000e+00  -61.12500  -58.09183 1152584876 192.102758    34.6471      14649         15  0.000e+00
    300.181     1.9342   3.057596     1.9347   3.057838    4.33131    -0.1395    13.8155 0.0000e+00  -61.12500  -58.09183 1152584876 192.102759    34.6470      14650         15  0.000e+00
    300.133     1.9339   3.057589     1.9350   3.057850    4.33131    -0.0749    13.8155 0.0000e+00  -61.12500  -58.09183 1152584876 192.102759    34.6473      14651         15  0.000e+00
    300.114     1.9340   3.057610     1.9347   3.057838    4.33127    -0.0104    13.8155 0.0000e+00  -61.12500  -58.09183 1152584876 192.102760    34.6474      14652         15  0.000e+00
    300.181     1.9343   3.057596     1.9352   3.057826    4.33129    -0.0319    13.8155 0.0000e+00  -61.12500  -58.09183 1152584876 192.102760    34.6468      14653         15  0.000e+00
    300.066     1.9340   3.057572     1.9347   3.057832    4.33126    -0.0857    13.8155 0.0000e+00  -61.12500  -58.09183 1152584876 192.102761    34.6469      14654         15  0.000e+00
    300.114     1.9343   3.057603     1.9350   3.057856    4.32672    -0.0964    13.8155 0.0000e+00  -61.12500  -58.09183 1152584876 192.102761    34.6470      14655         15  0.000e+00
    300.114     1.9340   3.057579     1.9350   3.057856    4.33128    -0.0749    13.8155 0.0000e+00  -61.12500  -58.09183 1152584876 192.102762    34.6470      14656         15  0.000e+00
    300.066     1.9340   3.057603     1.9350   3.057838    4.33125    -0.0426    13.8155 0.0000e+00  -61.12500  -58.09183 1152584876 192.102762    34.6473      14657         15  0.000e+00
    300.114     1.9343   3.057596     1.9352   3.057838    4.33126    -0.0211    13.8155 0.0000e+00  -61.12500  -58.09183 1152584876 192.102763    34.6469      14658         15  0.000e+00
    300.037     1.9337   3.057589     1.9347   3.057826    4.33126    -0.0319    13.8155 0.0000e+00  -61.12500  -58.09183 1152584877 192.102763    34.6475      14659         15  0.000e+00
    300.037     1.9337   3.057589     1.9349   3.057856    4.33126    -0.0642    13.8155 0.0000e+00  -61.12500  -58.09183 1152584877 192.102764    34.6475      14660         15  0.000e+00
    300.066     1.9343   3.057610     1.9348   3.057844    4.33122    -0.0642    13.8155 0.0000e+00  -61.12500  -58.09183 1152584877 192.102764    34.6471      14661         15  0.000e+00
    300.037     1.9340   3.057617     1.9349   3.057850    4.33123    -0.0104    13.8155 0.0000e+00  -61.12500  -58.09183 1152584877 192.102765    34.6475      14662         15  0.000e+00
    300.037     1.9343   3.057579     1.9345   3.057862    4.33121    -0.0534    13.8155 0.0000e+00  -61.12500  -58.09183 1152584877 192.102765    34.6467      14663         15  0.000e+00
    299.999     1.9340   3.057583     1.9352   3.057832    4.33121    -0.0749    13.8155 0.0000e+00  -61.12500  -58.09183 1152584877 192.102766    34.6471      14664         15  0.000e+00
    299.970     1.9340   3.057610     1.9350   3.057832    4.33119    -0.0964    13.8155 0.0000e+00  -61.12500  -58.09183 1152584877 192.102766    34.6475      14665         15  0.000e+00
    300.037     1.9337   3.057596     1.9347   3.057838    4.33126    -0.1180    13.8155 0.0000e+00  -61.12500  -58.09183 1152584877 192.102767    34.6476      14666         15  0.000e+00
    299.999     1.9337   3.057552     1.9346   3.057826    4.33126    -0.0642    13.8155 0.0000e+00  -61.12500  -58.09183 1152584877 192.102767    34.6471      14667         15  0.000e+00
    299.970     1.9339   3.057576     1.9348   3.057832    4.33121    -0.0749    13.8155 0.0000e+00  -61.12500  -58.09183 1152584877 192.102768    34.6472      14668         15  0.000e+00
    299.970     1.9339   3.057569     1.9350   3.057796    4.33122    -0.1072    13.8155 0.0000e+00  -61.12500  -58.09183 1152584877 192.102768    34.6471      14669         15  0.000e+00
    299.922     1.9340   3.057565     1.9347   3.057838    4.33117    -0.0749    13.8155 0.0000e+00  -61.12500  -58.09183 1152584877 192.102769    34.6469      14670         15  0.000e+00
    299.970     1.9335   3.057603     1.9346   3.057820    4.33123    -0.0534    13.8155 0.0000e+00  -61.12500  -58.09183 1152584877 192.102769    34.6479      14671         15  0.000e+00
    299.893     1.9342   3.057541     1.9342   3.057808    4.33115     0.0004    13.8155 0.0000e+00  -61.12500  -58.09183 1152584877 192.102770    34.6465      14672         15  0.000e+00
    299.970     1.9337   3.057538     1.9350   3.057844    4.33124     0.0112    13.8155 0.0000e+00  -61.12500  -58.09183 1152584877 192.102770    34.6469      14673         15  0.000e+00
    299.855     1.9339   3.057558     1.9346   3.057820    4.33115    -0.0319    13.8155 0.0000e+00  -61.12500  -58.09183 1152584877 192.102771    34.6471      14674         15  0.000e+00
    299.893     1.9340   3.057545     1.9348   3.057820    4.33117    -0.0534    13.8155 0.0000e+00  -61.12500  -58.09183 1152584877 192.102771    34.6467      14675         15  0.000e+00
    300.275     1.9334   3.057569     1.9344   3.057814    4.33597    -0.0964    13.8155 0.0000e+00  -61.12500  -58.09183 1152584883 192.102836    34.6475      14809         16  0.000e+00
    300.323     1.9340   3.057576     1.9352   3.057820    4.33594    -0.1287    13.8155 0.0000e+00  -61.12500  -58.09183 1152584883 192.102836    34.6468      14810         16  0.000e+00
    300.390     1.9335   3.057590     1.9345   3.057832    4.33602    -0.0964    13.8155 0.0000e+00  -61.12500  -58.09183 1152584883 192.102837    34.6475      14811         16  0.000e+00
    300.323     1.9337   3.057610     1.9344   3.057826    4.33596    -0.0534    13.8155 0.0000e+00  -61.12500  -58.09183 1152584883 192.102837    34.6476      14812         16  0.000e+00
    300.419     1.9340   3.057596     1.9345   3.057832    4.33599    -0.0319    13.8155 0.0000e+00  -61.12500  -58.09183 1152584883 192.102838    34.6470      14813         16  0.000e+00
    300.323     1.9340   3.057610     1.9346   3.057814    4.33140    -0.0642    13.8155 0.0000e+00  -61.12500  -58.09183 1152584883 192.102838    34.6473      14814         16  0.000e+00
    300.390     1.9342   3.057617     1.9341   3.057820    4.33595    -0.0749    13.8155 0.0000e+00  -61.12500  -58.09183 1152584883 192.102839    34.6472      14815         16  0.000e+00
    300.352     1.9337   3.057596     1.9346   3.057808    4.33145    -0.0857    13.8155 0.0000e+00  -61.12500  -58.09183 1152584883 192.102839    34.6474      14816         16  0.000e+00
    300.390     1.9340   3.057610     1.9342   3.057808    4.33597    -0.0964    13.8155 0.0000e+00  -61.12500  -58.09183 1152584883 192.102840    34.6472      14817         16  0.000e+00
    300.390     1.9340   3.057617     1.9339   3.057778    4.33597    -0.0749    13.8155 0.0000e+00  -61.12500  -58.09183 1152584883 192.102840    34.6473      14818         16  0.000e+00
    300.419     1.9339   3.057638     1.9344   3.057796    4.33599    -0.0534    13.8155 0.0000e+00  -61.12500  -58.09183 1152584883 192.102840    34.6477      14819         16  0.000e+00
    300.457     1.9342   3.057624     1.9341   3.057808    4.33599    -0.0534    13.8155 0.0000e+00  -61.12500  -58.09183 1152584883 192.102841    34.6472      14820         16  0.000e+00
    300.390     1.9340   3.057634     1.9344   3.057778    4.33596    -0.1072    13.8155 0.0000e+00  -61.12500  -58.09183 1152584883 192.102841    34.6475      14821         16  0.000e+00
    300.419     1.9340   3.057641     1.9344   3.057796    4.33597    -0.0964    13.8155 0.0000e+00  -61.12500  -58.09183 1152584883 192.102842    34.6476      14822         16  0.000e+00
    300.390     1.9342   3.057641     1.9347   3.057820    4.33594    -0.0857    13.8155 0.0000e+00  -61.12500  -58.09183 1152584883 192.102842    34.6475      14823         16  0.000e+00
    300.457     1.9345   3.057621     1.9350   3.057832    4.33143    -0.0857    13.8155 0.0000e+00  -61.12500  -58.09183 1152584883 192.102843    34.6468      14824         16  0.000e+00
    300.419     1.9343   3.057617     1.9350   3.057814    4.33596    -0.0749    13.8155 0.0000e+00  -61.12500  -58.09183 1152584883 192.102843    34.6470      14825         16  0.000e+00
    300.457     1.9340   3.057638     1.9347   3.057844    4.33600    -0.0857    13.8155 0.0000e+00  -61.12500  -58.09183 1152584883 192.102844    34.6475      14826         16  0.000e+00
    300.457     1.9342   3.057624     1.9350   3.057838    4.33146    -0.0857    13.8155 0.0000e+00  -61.12500  -58.09183 1152584883 192.102844    34.6472      14827         16  0.000e+00
    300.457     1.9340   3.057596     1.9349   3.057881    4.33149    -0.1072    13.8155 0.0000e+00  -61.12500  -58.09183 1152584884 192.102845    34.6470      14828         16  0.000e+00
    300.486     1.9342   3.057610     1.9350   3.057863    4.33601    -0.0964    13.8155 0.0000e+00  -61.12500  -58.09183 1152584884 192.102845    34.6470      14829         16  0.000e+00
    300.457     1.9342   3.057596     1.9355   3.057838    4.33147    -0.0749    13.8155 0.0000e+00  -61.12500  -58.09183 1152584884 192.102846    34.6469      14830         16  0.000e+00
    300.457     1.9340   3.057610     1.9350   3.057857    4.33148    -0.0534    13.8155 0.0000e+00  -61.12500  -58.09183 1152584884 192.102846    34.6472      14831         16  0.000e+00
    300.486     1.9339   3.057617     1.9347   3.057881    4.33604    -0.0749    13.8155 0.0000e+00  -61.12500  -58.09183 1152584884 192.102847    34.6474      14832         16  0.000e+00
    300.457     1.9340   3.057634     1.9348   3.057869    4.33600    -0.1072    13.8155 0.0000e+00  -61.12500  -58.09183 1152584884 192.102847    34.6475      14833         16  0.000e+00
    300.534     1.9337   3.057676     1.9349   3.057832    4.33606    -0.0642    13.8155 0.0000e+00  -61.12500  -58.09183 1152584884 192.102848    34.6483      14834         16  0.000e+00
    300.486     1.9340   3.057614     1.9347   3.057832    4.33602    -0.0426    13.8155 0.0000e+00  -61.12500  -58.09183 1152584884 192.102848    34.6472      14835         16  0.000e+00
    300.457     1.9339   3.057590     1.9349   3.057814    4.33603    -0.0426    13.8155 0.0000e+00  -61.12500  -58.09183 1152584884 192.102849    34.6471      14836         16  0.000e+00
    300.534     1.9345   3.057610     1.9348   3.057820    4.33148    -0.0749    13.8155 0.0000e+00  -61.12500  -58.09183 1152584884 192.102849    34.6466      14837         16  0.000e+00
    300.486     1.9340   3.057651     1.9344   3.057832    4.33601    -0.0857    13.8155 0.0000e+00  -61.12500  -58.09183 1152584884 192.102850    34.6477      14838         16  0.000e+00
