product_data/regression_test/downloaded_data/MDGS/320620060703/ctd/p6606203.ros
* Sea-Bird SBE 9 Data File:
* FileName = D:\Data\Raw\p6606203.dat
* Software Version Seasave Win32 V 5.32
* Temperature SN = 1649
* Conductivity SN = 1431
* Number of Bytes Per Scan = 37
* Number of Voltage Words = 5
* Number of Scans Averaged by the Deck Unit = 1
* NMEA Latitude = 61 05.90 S
* NMEA Longitude = 058 08.62 W
* NMEA UTC (Time) = 07:32:57
** Ship:   Nathaniel B. Palmer 
** Cruise:    NBP0603 
** Cast #: 
** Station:   
** Operator: 
# nquan = 17
# nvalues = 1176                    
# units = specified
# name 0 = prDM: Pressure, Digiquartz [db]
# name 1 = t090C: Temperature [ITS-90, deg C]
# name 2 = c0S/m: Conductivity [S/m]
# name 3 = t190C: Temperature, 2 [ITS-90, deg C]
# name 4 = c1S/m: Conductivity, 2 [S/m]
# name 5 = sbeox0ML/L: Oxygen, SBE 43 [ml/l]
# name 6 = flECO-AFL: Fluorescence, Wetlab ECO-AFL/FL [mg/m^3]
# name 7 = bat: Beam Attenuation, Chelsea/Seatech/Wetlab CStar [1/m]
# name 8 = spar: SPAR/Surface Irradiance
# name 9 = latitude: Latitude [deg]
# name 10 = longitude: Longitude [deg]
# name 11 = timeY: Time, System [seconds]
# name 12 = timeJ: Julian Days
# name 13 = sal00: Salinity [PSU]
# name 14 = scan: scan number
# name 15 = nbf: number of bottles fired
# name 16 = flag:  0.000e+00
# interval = seconds: 0.0416667                   
# start_time = Jul 07 2006 07:33:05
*END*
[from data line 681]
     52.439    -0.8147   2.759029    -0.8144   2.758943    8.02683     0.0219    13.8155 0.0000e+00  -61.09833  -58.14367 1152257782 188.316948    33.9507       4785         14  0.000e+00
     52.516    -0.8143   2.759009    -0.8139   2.759001    8.02687     0.0327    13.8155 0.0000e+00  -61.09833  -58.14367 1152257782 188.316949    33.9500       4786         14  0.000e+00
     52.582    -0.8140   2.759042    -0.8136   2.759024    8.02687     0.0434    13.8155 0.0000e+00  -61.09833  -58.14367 1152257782 188.316949    33.9501       4787         14  0.000e+00
     52.439    -0.8141   2.759029    -0.8136   2.759035    8.02674     0.0004    13.8155 0.0000e+00  -61.09833  -58.14367 1152257782 188.316950    33.9501       4788         14  0.000e+00
     52.516    -0.8139   2.759039    -0.8137   2.759041    8.02678    -0.0104    13.8155 0.0000e+00  -61.09833  -58.14367 1152257782 188.316950    33.9499       4789         14  0.000e+00
     52.020    -0.8170   2.758858    -0.8151   2.758972    8.02686     0.0327    13.8155 0.0000e+00  -61.09833  -58.14367 1152257787 188.317006    33.9513       4905         15  0.000e+00
     51.953    -0.8167   2.758884    -0.8151   2.758943    8.02671     0.0542    13.8155 0.0000e+00  -61.09833  -58.14367 1152257787 188.317007    33.9513       4906         15  0.000e+00
     52.020    -0.8165   2.758891    -0.8154   2.758954    8.02675     0.1080    13.8155 0.0000e+00  -61.09833  -58.14367 1152257787 188.317007    33.9512       4907         15  0.000e+00
     52.097    -0.8167   2.758900    -0.8160   2.758931    8.02686     0.1080    13.8155 0.0000e+00  -61.09833  -58.14367 1152257787 188.317008    33.9515       4908         15  0.000e+00
     51.953    -0.8170   2.758894    -0.8159   2.758931    8.02676     0.0650    13.8155 0.0000e+00  -61.09833  -58.14367 1152257787 188.317008    33.9518       4909         15  0.000e+00
     52.020    -0.8167   2.758891    -0.8159   2.758948    8.02678     0.0327    13.8155 0.0000e+00  -61.09833  -58.14367 1152257787 188.317009    33.9514       4910         15  0.000e+00
     52.020    -0.8168   2.758920    -0.8156   2.758920    8.02678     0.0004    13.8155 0.0000e+00  -61.09833  -58.14367 1152257787 188.317009    33.9519       4911         15  0.000e+00
     52.020    -0.8169   2.758877    -0.8159   2.758925    8.02683    -0.0211    13.8155 0.0000e+00  -61.09833  -58.14367 1152257787 188.317010    33.9514       4912         15  0.000e+00
     52.020    -0.8168   2.758881    -0.8156   2.758925    8.02681    -0.0211    13.8155 0.0000e+00  -61.09833  -58.14367 1152257787 188.317010    33.9514       4913         15  0.000e+00
     52.020    -0.8165   2.758871    -0.8154   2.758948    8.02677     0.0112    13.8155 0.0000e+00  -61.09833  -58.14367 1152257787 188.317011    33.9509       4914         15  0.000e+00
     52.097    -0.8168   2.758884    -0.8150   2.758977    8.02690     0.0757    13.8155 0.0000e+00  -61.09833  -58.14367 1152257788 188.317011    33.9514       4915         15  0.000e+00
     52.020    -0.8168   2.758881    -0.8151   2.758977    8.02681     0.0757    13.8155 0.0000e+00  -61.09833  -58.14367 1152257788 188.317011    33.9514       4916         15  0.000e+00
     52.020    -0.8167   2.758887    -0.8145   2.758983    8.02679     0.1188    13.8155 0.0000e+00  -61.09833  -58.14367 1152257788 188.317012    33.9513       4917         15  0.000e+00
     52.097    -0.8164   2.758871    -0.8145   2.758977    8.02683     0.0434    13.8155 0.0000e+00  -61.09833  -58.14367 1152257788 188.317012    33.9507       4918         15  0.000e+00
     52.020    -0.8165   2.758884    -0.8142   2.758983    8.02676     0.0112    13.8155 0.0000e+00  -61.09833  -58.14367 1152257788 188.317013    33.9511       4919         15  0.000e+00
     52.020    -0.8167   2.758881    -0.8151   2.759024    8.02679     0.0327    13.8155 0.0000e+00  -61.09833  -58.14367 1152257788 188.317013    33.9512       4920         15  0.000e+00
     52.097    -0.8165   2.758871    -0.8154   2.758972    8.02686     0.0219    13.8155 0.0000e+00  -61.09833  -58.14367 1152257788 188.317014    33.9509       4921         15  0.000e+00
     52.020    -0.8160   2.758868    -0.8156   2.758954    8.02669     0.0219    13.8155 0.0000e+00  -61.09833  -58.14367 1152257788 188.317014    33.9503       4922         15  0.000e+00
     52.097    -0.8165   2.758884    -0.8157   2.758954    8.02685    -0.0319    13.8155 0.0000e+00  -61.09833  -58.14367 1152257788 188.317015    33.9510       4923         15  0.000e+00
     52.097    -0.8165   2.758881    -0.8156   2.758954    8.02685     0.0434    13.8155 0.0000e+00  -61.09833  -58.14367 1152257788 188.317015    33.9510       4924         15  0.000e+00
     52.020    -0.8162   2.758900    -0.8156   2.758943    8.02670     0.0434    13.8155 0.0000e+00  -61.09833  -58.14367 1152257788 188.317016    33.9510       4925         15  0.000e+00
     52.097    -0.8165   2.758910    -0.8157   2.758948    8.02683    -0.0104    13.8155 0.0000e+00  -61.09833  -58.14367 1152257788 188.317016    33.9514       4926         15  0.000e+00
     52.097    -0.8164   2.758877    -0.8160   2.758937    8.02683     0.0112    13.8155 0.0000e+00  -61.09833  -58.14367 1152257788 188.317017    33.9508       4927         15  0.000e+00
     52.020    -0.8164   2.758894    -0.8154   2.758937    8.02673     0.0650    13.8155 0.0000e+00  -61.09833  -58.14367 1152257788 188.317017    33.9511       4928         15  0.000e+00
     52.097    -0.8162   2.758874    -0.8154   2.758948    8.02681     0.1188    13.8155 0.0000e+00  -61.09833  -58.14367 1152257788 188.317018    33.9506       4929         15  0.000e+00
     52.097    -0.8165   2.758884    -0.8154   2.758937    8.02685     0.0972    13.8155 0.0000e+00  -61.09833  -58.14367 1152257788 188.317018    33.9510       4930         15  0.000e+00
     52.020    -0.8167   2.758871    -0.8153   2.758948    8.02680     0.0542    13.8155 0.0000e+00  -61.09833  -58.14367 1152257788 188.317019    33.9511       4931         15  0.000e+00
     52.097    -0.8168   2.758894    -0.8154   2.758954    8.02688     0.0219    13.8155 0.0000e+00  -61.09833  -58.14367 1152257788 188.317019    33.9515       4932         15  0.000e+00
     52.097    -0.8164   2.758907    -0.8154   2.758977    8.02681     0.0112    13.8155 0.0000e+00  -61.09833  -58.14367 1152257788 188.317020    33.9512       4933         15  0.000e+00
     52.097    -0.8167   2.758910    -0.8148   2.758960    8.03156     0.0327    13.8155 0.0000e+00  -61.09833  -58.14367 1152257788 188.317020    33.9516       4934         15  0.000e+00
     52.020    -0.8159   2.758894    -0.8147   2.758954    8.02666     0.0112    13.8155 0.0000e+00  -61.09833  -58.14367 1152257788 188.317021    33.9505       4935         15  0.000e+00
     52.087    -0.8164   2.758917    -0.8147   2.758931    8.02679     0.0327    13.8155 0.0000e+00  -61.09833  -58.14367 1152257788 188.317021    33.9513       4936         15  0.000e+00
     52.097    -0.8156   2.758946    -0.8144   2.758972    8.02665     0.0650    13.8155 0.0000e+00  -61.09833  -58.14367 1152257788 188.317022    33.9508       4937         15  0.000e+00
     52.020    -0.8159   2.758920    -0.8148   2.758966    8.02664     0.0219    13.8155 0.0000e+00  -61.09833  -58.14367 1152257788 188.317022    33.9509       4938         15  0.000e+00
     52.097    -0.8158   2.758894    -0.8153   2.758931    8.02672     0.0219    13.8155 0.0000e+00  -61.09833  -58.14367 1152257789 188.317023    33.9503       4939         15  0.000e+00
     52.020    -0.8158   2.758933    -0.8154   2.758948    8.02660     0.0219    13.8155 0.0000e+00  -61.09833  -58.14367 1152257789 188.317023    33.9509       4940         15  0.000e+00
     52.097    -0.8158   2.758953    -0.8154   2.758954    8.02667     0.0650    13.8155 0.0000e+00  -61.09833  -58.14367 1152257789 188.317024    33.9511       4941         15  0.000e+00
     52.020    -0.8152   2.758907    -0.8154   2.758937    8.02654     0.0650    13.8155 0.0000e+00  -61.09833  -58.14367 1152257789 188.317024    33.9499       4942         15  0.000e+00
     52.097    -0.8158   2.758920    -0.8154   2.758954    8.02670     0.0219    13.8155 0.0000e+00  -61.09833  -58.14367 1152257789 188.317024    33.9507       4943         15  0.000e+00
     52.020    -0.8156   2.758894    -0.8151   2.758972    8.02661    -0.0104    13.8155 0.0000e+00  -61.09833  -58.14367 1152257789 188.317025    33.9502       4944         15  0.000e+00
     52.020    -0.8159   2.758887    -0.8153   2.758943    8.02666    -0.0211    13.8155 0.0000e+00  -61.09833  -58.14367 1152257789 188.317025    33.9504       4945         15  0.000e+00
     52.020    -0.8151   2.758920    -0.8151   2.758937    8.02651    -0.0104    13.8155 0.0000e+00  -61.09833  -58.14367 1152257789 188.317026    33.9500       4946         15  0.000e+00
     52.097    -0.8151   2.758933    -0.8156   2.758948    8.02659     0.0327    13.8155 0.0000e+00  -61.09833  -58.14367 1152257789 188.317026    33.9501       4947         15  0.000e+00
     52.020    -0.8156   2.758927    -0.8148   2.758954    8.02658    -0.0211    13.8155 0.0000e+00  -61.09833  -58.14367 1152257789 188.317027    33.9506       4948         15  0.000e+00
     52.020    -0.8153   2.758914    -0.8154   2.758972    8.02654    -0.0211    13.8155 0.0000e+00  -61.09833  -58.14367 1152257789 188.317027    33.9501       4949         15  0.000e+00
     52.020    -0.8153   2.758910    -0.8150   2.758943    8.02654     0.0327    13.8155 0.0000e+00  -61.09833  -58.14367 1152257789 188.317028    33.9500       4950         15  0.000e+00
     52.020    -0.8156   2.758910    -0.8147   2.758954    8.02659     0.0219    13.8155 0.0000e+00  -61.09833  -58.14367 1152257789 188.317028    33.9504       4951         15  0.000e+00
     51.954    -0.8158   2.758920    -0.8153   2.758954    8.02655     0.0219    13.8155 0.0000e+00  -61.09833  -58.14367 1152257789 188.317029    33.9509       4952         15  0.000e+00
     52.020    -0.8158   2.758881    -0.8150   2.758937    8.02664     0.0327    13.8155 0.0000e+00  -61.09833  -58.14367 1152257789 188.317029    33.9502       4953         15  0.000e+00
     51.535    -0.8151   2.758821    -0.8151   2.758896    8.02604     0.0542    13.8155 0.0000e+00  -61.09833  -58.14367 1152257794 188.317086    33.9490       5071         16  0.000e+00
     51.745    -0.8153   2.758815    -0.8147   2.758885    8.02631     0.0112    13.8155 0.0000e+00  -61.09833  -58.14367 1152257794 188.317087    33.9489       5072         16  0.000e+00
     51.602    -0.8154   2.758835    -0.8151   2.758885    8.02616     0.0112    13.8155 0.0000e+00  -61.09833  -58.14367 1152257794 188.317087    33.9495       5073         16  0.000e+00
     51.678    -0.8155   2.758825    -0.8150   2.758873    8.02627     0.0004    13.8155 0.0000e+00  -61.09833  -58.14367 1152257794 188.317088    33.9494       5074         16  0.000e+00
     51.602    -0.8160   2.758821    -0.8145   2.758879    8.02627    -0.0104    13.8155 0.0000e+00  -61.09833  -58.14367 1152257794 188.317088    33.9500       5075         16  0.000e+00
     51.678    -0.8156   2.758851    -0.8153   2.758885    8.02625     0.0004    13.8155 0.0000e+00  -61.09833  -58.14367 1152257794 188.317089    33.9498       5076         16  0.000e+00
     51.602    -0.8160   2.758864    -0.8154   2.758873    8.02623     0.0650    13.8155 0.0000e+00  -61.09833  -58.14367 1152257794 188.317089    33.9506       5077         16  0.000e+00
     51.535    -0.8162   2.758848    -0.8150   2.758879    8.02620     0.0757    13.8155 0.0000e+00  -61.09833  -58.14367 1152257794 188.317090    33.9506       5078         16  0.000e+00
     51.602    -0.8156   2.758844    -0.8150   2.758873    8.02617     0.0219    13.8155 0.0000e+00  -61.09833  -58.14367 1152257794 188.317090    33.9498       5079         16  0.000e+00
     51.602    -0.8150   2.758838    -0.8151   2.758856    8.02608     0.0004    13.8155 0.0000e+00  -61.09833  -58.14367 1152257794 188.317091    33.9490       5080         16  0.000e+00
     51.535    -0.8154   2.758841    -0.8150   2.758890    8.02608     0.0112    13.8155 0.0000e+00  -61.09833  -58.14367 1152257794 188.317091    33.9496       5081         16  0.000e+00
     51.535    -0.8154   2.758844    -0.8151   2.758862    8.02608     0.0434    13.8155 0.0000e+00  -61.09833  -58.14367 1152257794 188.317092    33.9496       5082         16  0.000e+00
     51.535    -0.8148   2.758861    -0.8147   2.758850    8.02596     0.0650    13.8155 0.0000e+00  -61.09833  -58.14367 1152257795 188.317092    33.9492       5083         16  0.000e+00
     51.535    -0.8149   2.758861    -0.8147   2.758867    8.02598     0.0219    13.8155 0.0000e+00  -61.09833  -58.14367 1152257795 188.317092    33.9493       5084         16  0.000e+00
     51.459    -0.8153   2.758848    -0.8153   2.758879    8.02596     0.0542    13.8155 0.0000e+00  -61.09833  -58.14367 1152257795 188.317093    33.9495       5085         16  0.000e+00
     51.459    -0.8150   2.758844    -0.8154   2.758885    8.02592     0.0434    13.8155 0.0000e+00  -61.09833  -58.14367 1152257795 188.317093    33.9492       5086         16  0.000e+00
     51.535    -0.8154   2.758844    -0.8154   2.758914    8.02608     0.0219    13.8155 0.0000e+00  -61.09833  -58.14367 1152257795 188.317094    33.9496       5087         16  0.000e+00
     51.392    -0.8158   2.758821    -0.8150   2.758890    8.02598    -0.0104    13.8155 0.0000e+00  -61.09833  -58.14367 1152257795 188.317094    33.9498       5088         16  0.000e+00
     51.459    -0.8160   2.758835    -0.8151   2.758862    8.02610     0.0112    13.8155 0.0000e+00  -61.09833  -58.14367 1152257795 188.317095    33.9502       5089         16  0.000e+00
     51.459    -0.8159   2.758812    -0.8150   2.758890    8.02609     0.0542    13.8155 0.0000e+00  -61.09833  -58.14367 1152257795 188.317095    33.9498       5090         16  0.000e+00
     51.392    -0.8162   2.758831    -0.8148   2.758902    8.02605     0.0650    13.8155 0.0000e+00  -61.09833  -58.14367 1152257795 188.317096    33.9504       5091         16  0.000e+00
     51.392    -0.8158   2.758821    -0.8147   2.758861    8.02598     0.0004    13.8155 0.0000e+00  -61.09833  -58.14367 1152257795 188.317096    33.9498       5092         16  0.000e+00
     51.392    -0.8158   2.758854    -0.8150   2.758890    8.02596    -0.0211    13.8155 0.0000e+00  -61.09833  -58.14367 1152257795 188.317097    33.9502       5093         16  0.000e+00
     51.392    -0.8160   2.758818    -0.8151   2.758890    8.02602     0.0327    13.8155 0.0000e+00  -61.09833  -58.14367 1152257795 188.317097    33.9500       5094         16  0.000e+00
     51.392    -0.8159   2.758831    -0.8150   2.758896    8.02600     0.0219    13.8155 0.0000e+00  -61.09833  -58.14367 1152257795 188.317098    33.9501       5095         16  0.000e+00
     51.325    -0.8158   2.758821    -0.8144   2.758902    8.02591     0.0004    13.8155 0.0000e+00  -61.09833  -58.14367 1152257795 188.317098    33.9498       5096         16  0.000e+00
     51.325    -0.8160   2.758854    -0.8147   2.758879    8.02593     0.0112    13.8155 0.0000e+00  -61.09833  -58.14367 1152257795 188.317099    33.9506       5097         16  0.000e+00
     51.392    -0.8156   2.758867    -0.8144   2.758879    8.02592     0.0327    13.8155 0.0000e+00  -61.09833  -58.14367 1152257795 188.317099    33.9502       5098         16  0.000e+00
     51.249    -0.8151   2.758884    -0.8145   2.758885    8.02568     0.0219    13.8155 0.0000e+00  -61.09833  -58.14367 1152257795 188.317100    33.9500       5099         16  0.000e+00
     51.325    -0.8147   2.758867    -0.8145   2.758873    8.02570     0.0757    13.8155 0.0000e+00  -61.09833  -58.14367 1152257795 188.317100    33.9492       5100         16  0.000e+00
