product_data/regression_test/downloaded_data/MDGS/320620060703/ctd/p6608001.ros
* Sea-Bird SBE 9 Data File:
* FileName = D:\Data\Raw\P6608001.dat
* Software Version Seasave Win32 V 5.32
* Temperature SN = 1649
* Conductivity SN = 1431
* Number of Bytes Per Scan = 37
* Number of Voltage Words = 5
* Number of Scans Averaged by the Deck Unit = 1
* NMEA Latitude = 62 21.59 S
* NMEA Longitude = 058 02.34 W
* NMEA UTC (Time) = 07:48:11
** Ship:   Nathaniel B. Palmer 
** Cruise:    NBP0603 p0606
** Cast #: 01
** Station:   80
** Operator: 
# nquan = 17
# nvalues = 1176                    
# units = specified
# name 0 = prDM: Pressure, Digiquartz [db]
# name 1 = t090C: Temperature [ITS-90, deg C]
# name 2 = c0S/m: Conductivity [S/m]
# name 3 = t190C: Temperature, 2 [ITS-90, deg C]
# name 4 = c1S/m: Conductivity, 2 [S/m]
# name 5 = sbeox0ML/L: Oxygen, SBE 43 [ml/l]
# name 6 = flECO-AFL: Fluorescence, Wetlab ECO-AFL/FL [mg/m^3]
# name 7 = bat: Beam Attenuation, Chelsea/Seatech/Wetlab CStar [1/m]
# name 8 = spar: SPAR/Surface Irradiance
# name 9 = latitude: Latitude [deg]
# name 10 = longitude: Longitude [deg]
# name 11 = timeY: Time, System [seconds]
# name 12 = timeJ: Julian Days
# name 13 = sal00: Salinity [PSU]
# name 14 = scan: scan number
# name 15 = nbf: number of bottles fired
# name 16 = flag:  0.000e+00
# interval = seconds: 0.0416667                   
# start_time = Jul 09 2006 07:48:19
*END*
[from data line 681]
    250.646    -0.8290   2.800738    -0.8338   2.800390    6.67974    -0.1072    13.8155 0.0000e+00  -62.35983  -58.03900 1152435186 190.370240    34.4101      93354         14  0.000e+00
    250.655    -0.8289   2.800712    -0.8348   2.800379    6.67974    -0.1395    13.8155 0.0000e+00  -62.35983  -58.03900 1152435187 190.370240    34.4096      93355         14  0.000e+00
    250.655    -0.8303   2.800570    -0.8360   2.800309    6.67520    -0.0857    13.8155 0.0000e+00  -62.35983  -58.03900 1152435187 190.370241    34.4092      93356         14  0.000e+00
    250.646    -0.8311   2.800457    -0.8369   2.800315    6.67537    -0.0642    13.8155 0.0000e+00  -62.35983  -58.03900 1152435187 190.370241    34.4086      93357         14  0.000e+00
    250.655    -0.8306   2.800447    -0.8370   2.800291    6.67532    -0.1180    13.8155 0.0000e+00  -62.35983  -58.03900 1152435187 190.370242    34.4079      93358         14  0.000e+00
    199.504    -1.4512   2.738033    -1.4517   2.738441    7.54573    -0.1072    13.8155 0.0000e+00  -62.35983  -58.03900 1152435300 190.371558    34.2958      96087         15  0.000e+00
    199.552    -1.4560   2.737889    -1.4555   2.738239    7.54175    -0.1072    13.8155 0.0000e+00  -62.35983  -58.03900 1152435300 190.371558    34.2992      96088         15  0.000e+00
    199.580    -1.4552   2.737767    -1.4553   2.738141    7.54662    -0.0749    13.8155 0.0000e+00  -62.35983  -58.03900 1152435300 190.371559    34.2967      96089         15  0.000e+00
    199.580    -1.4549   2.737790    -1.4561   2.738060    7.55142    -0.0534    13.8155 0.0000e+00  -62.35983  -58.03900 1152435300 190.371559    34.2966      96090         15  0.000e+00
    199.552    -1.4520   2.737817    -1.4582   2.737881    7.54118    -0.0857    13.8155 0.0000e+00  -62.35983  -58.03900 1152435300 190.371560    34.2936      96091         15  0.000e+00
    199.580    -1.4505   2.737744    -1.4538   2.737731    7.54590    -0.0749    13.8155 0.0000e+00  -62.35983  -58.03900 1152435301 190.371560    34.2909      96092         15  0.000e+00
    199.685    -1.4562   2.737437    -1.4494   2.737732    7.54711    -0.0857    13.8155 0.0000e+00  -62.35983  -58.03900 1152435301 190.371561    34.2931      96093         15  0.000e+00
    199.504    -1.4632   2.736978    -1.4535   2.737674    7.54347    -0.0857    13.8155 0.0000e+00  -62.35983  -58.03900 1152435301 190.371561    34.2950      96094         15  0.000e+00
    199.552    -1.4671   2.736726    -1.4555   2.737668    7.54916    -0.1287    13.8155 0.0000e+00  -62.35983  -58.03900 1152435301 190.371562    34.2959      96095         15  0.000e+00
    199.647    -1.4679   2.736683    -1.4552   2.737714    7.54455    -0.1502    13.8155 0.0000e+00  -62.35983  -58.03900 1152435301 190.371562    34.2962      96096         15  0.000e+00
    199.580    -1.4675   2.736664    -1.4558   2.737709    7.54930    -0.1287    13.8155 0.0000e+00  -62.35983  -58.03900 1152435301 190.371562    34.2955      96097         15  0.000e+00
    199.619    -1.4699   2.736592    -1.4587   2.737634    7.54489    -0.0857    13.8155 0.0000e+00  -62.35983  -58.03900 1152435301 190.371563    34.2973      96098         15  0.000e+00
    199.580    -1.4689   2.736539    -1.4584   2.737501    7.54961    -0.0749    13.8155 0.0000e+00  -62.35983  -58.03900 1152435301 190.371563    34.2954      96099         15  0.000e+00
    199.619    -1.4694   2.736529    -1.4607   2.737368    7.54487    -0.0642    13.8155 0.0000e+00  -62.35983  -58.03900 1152435301 190.371564    34.2959      96100         15  0.000e+00
    199.580    -1.4694   2.736529    -1.4679   2.737022    7.54482    -0.0857    13.8155 0.0000e+00  -62.35983  -58.03900 1152435301 190.371564    34.2958      96101         15  0.000e+00
    199.580    -1.4677   2.736595    -1.4784   2.736330    7.54451    -0.0964    13.8155 0.0000e+00  -62.35983  -58.03900 1152435301 190.371565    34.2948      96102         15  0.000e+00
    199.619    -1.4682   2.736647    -1.4827   2.735742    7.54459    -0.1180    13.8155 0.0000e+00  -62.35983  -58.03900 1152435301 190.371565    34.2961      96103         15  0.000e+00
    199.647    -1.4671   2.736726    -1.4773   2.735667    7.54439    -0.1287    13.8155 0.0000e+00  -62.35983  -58.03900 1152435301 190.371566    34.2959      96104         15  0.000e+00
    199.619    -1.4656   2.736680    -1.4705   2.736099    7.54416    -0.1395    13.8155 0.0000e+00  -62.35983  -58.03900 1152435301 190.371566    34.2935      96105         15  0.000e+00
    199.581    -1.4668   2.736628    -1.4673   2.736538    7.54434    -0.0964    13.8155 0.0000e+00  -62.35983  -58.03900 1152435301 190.371567    34.2942      96106         15  0.000e+00
    199.619    -1.4677   2.736533    -1.4691   2.736630    7.54460    -0.1072    13.8155 0.0000e+00  -62.35983  -58.03900 1152435301 190.371567    34.2939      96107         15  0.000e+00
    199.648    -1.4691   2.736405    -1.4720   2.736353    7.54493    -0.0749    13.8155 0.0000e+00  -62.35983  -58.03900 1152435301 190.371568    34.2937      96108         15  0.000e+00
    199.648    -1.4691   2.736258    -1.4743   2.735852    7.54504    -0.0749    13.8155 0.0000e+00  -62.35983  -58.03900 1152435301 190.371568    34.2917      96109         15  0.000e+00
    199.686    -1.4702   2.736136    -1.4737   2.735304    7.54047    -0.1072    13.8155 0.0000e+00  -62.35983  -58.03900 1152435301 190.371569    34.2913      96110         15  0.000e+00
    199.648    -1.4711   2.736061    -1.4792   2.734854    7.54548    -0.1180    13.8155 0.0000e+00  -62.35983  -58.03900 1152435301 190.371569    34.2912      96111         15  0.000e+00
    199.619    -1.4741   2.735996    -1.4889   2.734312    7.54109    -0.1072    13.8155 0.0000e+00  -62.35983  -58.03900 1152435301 190.371570    34.2938      96112         15  0.000e+00
    199.648    -1.4743   2.735960    -1.4908   2.733891    7.54118    -0.0534    13.8155 0.0000e+00  -62.35983  -58.03900 1152435301 190.371570    34.2935      96113         15  0.000e+00
    199.648    -1.4717   2.735855    -1.4834   2.734041    7.54087    -0.0749    13.8155 0.0000e+00  -62.35983  -58.03900 1152435301 190.371571    34.2892      96114         15  0.000e+00
    199.686    -1.4712   2.735891    -1.4775   2.734710    7.54080    -0.0964    13.8155 0.0000e+00  -62.35983  -58.03900 1152435302 190.371571    34.2890      96115         15  0.000e+00
    199.648    -1.4691   2.735979    -1.4746   2.735258    7.54037    -0.0749    13.8155 0.0000e+00  -62.35983  -58.03900 1152435302 190.371572    34.2879      96116         15  0.000e+00
    199.686    -1.4685   2.736117    -1.4723   2.735511    7.54022    -0.0534    13.8155 0.0000e+00  -62.35983  -58.03900 1152435302 190.371572    34.2890      96117         15  0.000e+00
    199.648    -1.4677   2.736271    -1.4724   2.735713    7.53995    -0.0964    13.8155 0.0000e+00  -62.35983  -58.03900 1152435302 190.371573    34.2903      96118         15  0.000e+00
    199.648    -1.4685   2.736310    -1.4734   2.735961    7.54004    -0.1502    13.8155 0.0000e+00  -62.35983  -58.03900 1152435302 190.371573    34.2917      96119         15  0.000e+00
    199.686    -1.4695   2.736274    -1.4717   2.736134    7.54027    -0.1287    13.8155 0.0000e+00  -62.35983  -58.03900 1152435302 190.371574    34.2924      96120         15  0.000e+00
    199.648    -1.4710   2.736245    -1.4699   2.736140    7.54047    -0.0964    13.8155 0.0000e+00  -62.35983  -58.03900 1152435302 190.371574    34.2937      96121         15  0.000e+00
    199.686    -1.4710   2.736176    -1.4689   2.736076    7.54056    -0.0857    13.8155 0.0000e+00  -62.35983  -58.03900 1152435302 190.371575    34.2927      96122         15  0.000e+00
    199.715    -1.4712   2.736136    -1.4689   2.735955    7.53579    -0.0964    13.8155 0.0000e+00  -62.35983  -58.03900 1152435302 190.371575    34.2924      96123         15  0.000e+00
    199.686    -1.4737   2.736084    -1.4709   2.735892    7.53618    -0.1072    13.8155 0.0000e+00  -62.35983  -58.03900 1152435302 190.371576    34.2946      96124         15  0.000e+00
    199.648    -1.4737   2.735950    -1.4719   2.735875    7.53623    -0.1395    13.8155 0.0000e+00  -62.35983  -58.03900 1152435302 190.371576    34.2927      96125         15  0.000e+00
    199.715    -1.4757   2.735796    -1.4721   2.735834    7.53673    -0.0964    13.8155 0.0000e+00  -62.35983  -58.03900 1152435302 190.371576    34.2929      96126         15  0.000e+00
    199.686    -1.4779   2.735740    -1.4773   2.735782    7.53707    -0.0749    13.8155 0.0000e+00  -62.35983  -58.03900 1152435302 190.371577    34.2947      96127         15  0.000e+00
    199.715    -1.4792   2.735835    -1.4828   2.735788    7.53236    -0.0964    13.8155 0.0000e+00  -62.35983  -58.03900 1152435302 190.371577    34.2974      96128         15  0.000e+00
    199.686    -1.4784   2.735999    -1.4807   2.735852    7.53695    -0.1180    13.8155 0.0000e+00  -62.35983  -58.03900 1152435302 190.371578    34.2987      96129         15  0.000e+00
    199.715    -1.4748   2.736123    -1.4802   2.735875    7.53147    -0.1072    13.8155 0.0000e+00  -62.35983  -58.03900 1152435302 190.371578    34.2963      96130         15  0.000e+00
    199.715    -1.4755   2.736202    -1.4847   2.735754    7.53152    -0.0642    13.8155 0.0000e+00  -62.35983  -58.03900 1152435302 190.371579    34.2982      96131         15  0.000e+00
    199.686    -1.4734   2.736202    -1.4844   2.735656    7.53118    -0.1072    13.8155 0.0000e+00  -62.35983  -58.03900 1152435302 190.371579    34.2959      96132         15  0.000e+00
    199.715    -1.4683   2.736231    -1.4811   2.735638    7.53040    -0.1718    13.8155 0.0000e+00  -62.35983  -58.03900 1152435302 190.371580    34.2904      96133         15  0.000e+00
    199.686    -1.4650   2.736310    -1.4793   2.735713    7.52980    -0.1395    13.8155 0.0000e+00  -62.35983  -58.03900 1152435302 190.371580    34.2876      96134         15  0.000e+00
    199.715    -1.4651   2.736313    -1.4773   2.735823    7.52985    -0.0749    13.8155 0.0000e+00  -62.35983  -58.03900 1152435302 190.371581    34.2878      96135         15  0.000e+00
    198.876    -1.4257   2.739703    -1.4257   2.740437    7.49133    -0.0857    13.8155 0.0000e+00  -62.35983  -58.03900 1152435307 190.371640    34.2899      96258         16  0.000e+00
    198.847    -1.4309   2.739576    -1.4255   2.740402    7.49219    -0.1180    13.8155 0.0000e+00  -62.35983  -58.03900 1152435308 190.371641    34.2942      96259         16  0.000e+00
    198.733    -1.4339   2.739517    -1.4254   2.740396    7.49256    -0.0964    13.8155 0.0000e+00  -62.35983  -58.03900 1152435308 190.371641    34.2968      96260         16  0.000e+00
    198.847    -1.4355   2.739562    -1.4256   2.740379    7.49289    -0.0534    13.8155 0.0000e+00  -62.35983  -58.03900 1152435308 190.371642    34.2992      96261         16  0.000e+00
    198.809    -1.4363   2.739589    -1.4254   2.740350    7.49296    -0.0964    13.8155 0.0000e+00  -62.35983  -58.03900 1152435308 190.371642    34.3005      96262         16  0.000e+00
    198.848    -1.4362   2.739576    -1.4258   2.740287    7.49299    -0.0642    13.8155 0.0000e+00  -62.35983  -58.03900 1152435308 190.371643    34.3002      96263         16  0.000e+00
    198.733    -1.4345   2.739579    -1.4313   2.740246    7.49261    -0.0749    13.8155 0.0000e+00  -62.35983  -58.03900 1152435308 190.371643    34.2984      96264         16  0.000e+00
    198.876    -1.4335   2.739572    -1.4339   2.740241    7.48776    -0.1180    13.8155 0.0000e+00  -62.35983  -58.03900 1152435308 190.371644    34.2971      96265         16  0.000e+00
    198.848    -1.4321   2.739638    -1.4324   2.740241    7.48745    -0.1395    13.8155 0.0000e+00  -62.35983  -58.03900 1152435308 190.371644    34.2963      96266         16  0.000e+00
    198.809    -1.4309   2.739739    -1.4302   2.740275    7.48717    -0.1072    13.8155 0.0000e+00  -62.35983  -58.03900 1152435308 190.371644    34.2965      96267         16  0.000e+00
    198.848    -1.4291   2.739874    -1.4287   2.740350    7.48683    -0.0642    13.8155 0.0000e+00  -62.35983  -58.03900 1152435308 190.371645    34.2961      96268         16  0.000e+00
    198.809    -1.4280   2.739870    -1.4277   2.740390    7.48663    -0.0964    13.8155 0.0000e+00  -62.35983  -58.03900 1152435308 190.371645    34.2950      96269         16  0.000e+00
    198.848    -1.4274   2.739874    -1.4272   2.740437    7.48657    -0.0964    13.8155 0.0000e+00  -62.35983  -58.03900 1152435308 190.371646    34.2942      96270         16  0.000e+00
    198.809    -1.4283   2.739920    -1.4280   2.740454    7.48664    -0.1072    13.8155 0.0000e+00  -62.35983  -58.03900 1152435308 190.371646    34.2959      96271         16  0.000e+00
    198.809    -1.4314   2.739923    -1.4273   2.740454    7.48225    -0.1072    13.8155 0.0000e+00  -62.35983  -58.03900 1152435308 190.371647    34.2996      96272         16  0.000e+00
    198.848    -1.4331   2.740005    -1.4255   2.740506    7.48735    -0.0749    13.8155 0.0000e+00  -62.35983  -58.03900 1152435308 190.371647    34.3026      96273         16  0.000e+00
    198.809    -1.4329   2.740041    -1.4266   2.740564    7.48240    -0.0642    13.8155 0.0000e+00  -62.35983  -58.03900 1152435308 190.371648    34.3029      96274         16  0.000e+00
    198.848    -1.4317   2.740070    -1.4281   2.740564    7.48223    -0.0534    13.8155 0.0000e+00  -62.35983  -58.03900 1152435308 190.371648    34.3019      96275         16  0.000e+00
    198.876    -1.4345   2.739979    -1.4251   2.740419    7.48274    -0.0964    13.8155 0.0000e+00  -62.35983  -58.03900 1152435308 190.371649    34.3038      96276         16  0.000e+00
    198.781    -1.4345   2.739903    -1.4238   2.740177    7.48271    -0.0964    13.8155 0.0000e+00  -62.35983  -58.03900 1152435308 190.371649    34.3029      96277         16  0.000e+00
    198.876    -1.4315   2.740031    -1.4284   2.739814    7.48226    -0.0857    13.8155 0.0000e+00  -62.35983  -58.03900 1152435308 190.371650    34.3011      96278         16  0.000e+00
    198.877    -1.4294   2.739995    -1.4289   2.739796    7.48196    -0.0857    13.8155 0.0000e+00  -62.35983  -58.03900 1152435308 190.371650    34.2982      96279         16  0.000e+00
    198.848    -1.4311   2.739602    -1.4268   2.740096    7.48247    -0.0534    13.8155 0.0000e+00  -62.35983  -58.03900 1152435308 190.371651    34.2948      96280         16  0.000e+00
    198.877    -1.4365   2.739192    -1.4301   2.740206    7.48361    -0.0642    13.8155 0.0000e+00  -62.35983  -58.03900 1152435308 190.371651    34.2952      96281         16  0.000e+00
    198.848    -1.4391   2.739005    -1.4344   2.739900    7.47925    -0.0857    13.8155 0.0000e+00  -62.35983  -58.03900 1152435308 190.371652    34.2957      96282         16  0.000e+00
    198.877    -1.4396   2.738992    -1.4382   2.739537    7.47937    -0.0642    13.8155 0.0000e+00  -62.35983  -58.03900 1152435309 190.371652    34.2961      96283         16  0.000e+00
    198.848    -1.4405   2.738897    -1.4408   2.739179    7.48440    -0.0642    13.8155 0.0000e+00  -62.35983  -58.03900 1152435309 190.371653    34.2958      96284         16  0.000e+00
    198.944    -1.4425   2.738740    -1.4422   2.738810    7.48007    -0.0642    13.8155 0.0000e+00  -62.35983  -58.03900 1152435309 190.371653    34.2959      96285         16  0.000e+00
    198.877    -1.4415   2.738773    -1.4558   2.737991    7.47982    -0.0319    13.8155 0.0000e+00  -62.35983  -58.03900 1152435309 190.371654    34.2953      96286         16  0.000e+00
    198.915    -1.4399   2.738897    -1.4653   2.737108    7.47953    -0.0319    13.8155 0.0000e+00  -62.35983  -58.03900 1152435309 190.371654    34.2951      96287         16  0.000e+00
