product_data/regression_test/downloaded_data/MDGS/320620060703/ctd/p6609308.cnv
* Sea-Bird SBE 9 Data File:
* FileName = D:\Data\Raw\p6609308.dat
* Software Version Seasave Win32 V 5.32
* Temperature SN = 1649
* Conductivity SN = 1431
* Number of Bytes Per Scan = 37
* Number of Voltage Words = 5
* Number of Scans Averaged by the Deck Unit = 1
* NMEA Latitude = 61 07.50 S
* NMEA Longitude = 058 05.51 W
* NMEA UTC (Time) = 05:51:48
** Ship:   Nathaniel B. Palmer nbp
** Cruise:    NBP0606 nbp0606
# nquan = 15
# nvalues = 743                         
# units = specified
# name 0 = prDM: Pressure, Digiquartz [db]
# name 1 = t090C: Temperature [ITS-90, deg C]
# name 2 = c0S/m: Conductivity [S/m]
# name 3 = t190C: Temperature, 2 [ITS-90, deg C]
# name 4 = c1S/m: Conductivity, 2 [S/m]
# name 5 = sbeox0ML/L: Oxygen, SBE 43 [ml/l]
# name 6 = flECO-AFL: Fluorescence, Wetlab ECO-AFL/FL [mg/m^3]
# name 7 = bat: Beam Attenuation, Chelsea/Seatech/Wetlab CStar [1/m]
# name 8 = spar: SPAR/Surface Irradiance
# name 9 = latitude: Latitude [deg]
# name 10 = longitude: Longitude [deg]
# name 11 = timeY: Time, System [seconds]
# name 12 = timeJ: Julian Days
# name 13 = sal00: Salinity [PSU]
# name 14 = flag: flag
# span 0 =     11.000,    753.000       
# span 1 =    -0.7878,     1.9826       
# span 2 =   2.756617,   3.088368       
# span 3 =    -0.7906,     1.9837       
# span 4 =   2.758114,   3.067169       
# span 5 =    4.32475,    7.99918       
# span 6 =    -0.1022,     0.2678       
# span 7 =    13.8155,    13.8155       
# span 8 = 0.0000e+00, 0.0000e+00       
# span 9 =  -61.12500,  -61.12500       
# span 10 =  -58.09183,  -58.09183      
# span 11 = 1152597109, 1152598459      
# span 12 = 192.244341, 192.259956      
# span 13 =    33.9118,    38.3913      
# span 14 = 0.0000e+00, 0.0000e+00      
# interval = decibars: 1                
# start_time = Jul 11 2006 05:51:56
# bad_flag = -9.990e-29
*END*
[from data line 482]
    493.000     1.8631   3.064708     1.8639   3.065016    4.46450    -0.0829    13.8155 0.0000e+00  -61.12500  -58.09183 1152597923 192.253762    34.7051 0.0000e+00
    494.000     1.8631   3.064748     1.8638   3.065040    4.46517    -0.0701    13.8155 0.0000e+00  -61.12500  -58.09183 1152597924 192.253772    34.7050 0.0000e+00
    495.000     1.8624   3.064742     1.8633   3.065050    4.46656    -0.0787    13.8155 0.0000e+00  -61.12500  -58.09183 1152597925 192.253786    34.7051 0.0000e+00
    496.000     1.8620   3.064765     1.8629   3.065068    4.46670    -0.0729    13.8155 0.0000e+00  -61.12500  -58.09183 1152597927 192.253808    34.7052 0.0000e+00
    497.000     1.8618   3.064813     1.8626   3.065121    4.47038    -0.0661    13.8155 0.0000e+00  -61.12500  -58.09183 1152597929 192.253835    34.7055 0.0000e+00
    498.000     1.8617   3.064870     1.8625   3.065182    4.47031    -0.0748    13.8155 0.0000e+00  -61.12500  -58.09183 1152597931 192.253850    34.7059 0.0000e+00
    499.000     1.8617   3.064929     1.8626   3.065232    4.46968    -0.0826    13.8155 0.0000e+00  -61.12500  -58.09183 1152597932 192.253860    34.7060 0.0000e+00
    500.000     1.8619   3.064987     1.8626   3.065294    4.46870    -0.0732    13.8155 0.0000e+00  -61.12500  -58.09183 1152597932 192.253870    34.7059 0.0000e+00
    501.000     1.8610   3.064977     1.8619   3.065289    4.47015    -0.0711    13.8155 0.0000e+00  -61.12500  -58.09183 1152597933 192.253883    34.7062 0.0000e+00
    502.000     1.8606   3.064997     1.8613   3.065297    4.47357    -0.0724    13.8155 0.0000e+00  -61.12500  -58.09183 1152597935 192.253904    34.7064 0.0000e+00
    503.000     1.8602   3.065028     1.8611   3.065335    4.47505    -0.0701    13.8155 0.0000e+00  -61.12500  -58.09183 1152597937 192.253919    34.7066 0.0000e+00
    504.000     1.8593   3.065097     1.8601   3.065399    4.47785    -0.0704    13.8155 0.0000e+00  -61.12500  -58.09183 1152597938 192.253931    34.7080 0.0000e+00
    505.000     1.8593   3.065148     1.8601   3.065449    4.48172    -0.0833    13.8155 0.0000e+00  -61.12500  -58.09183 1152597939 192.253946    34.7080 0.0000e+00
    506.000     1.8593   3.065214     1.8602   3.065511    4.48734    -0.0816    13.8155 0.0000e+00  -61.12500  -58.09183 1152597941 192.253965    34.7082 0.0000e+00
    507.000     1.8594   3.065298     1.8604   3.065609    4.48792    -0.0710    13.8155 0.0000e+00  -61.12500  -58.09183 1152597942 192.253978    34.7086 0.0000e+00
    508.000     1.8595   3.065358     1.8603   3.065660    4.48681    -0.0796    13.8155 0.0000e+00  -61.12500  -58.09183 1152597943 192.253988    34.7087 0.0000e+00
    509.000     1.8596   3.065423     1.8604   3.065721    4.48722    -0.0810    13.8155 0.0000e+00  -61.12500  -58.09183 1152597943 192.253997    34.7089 0.0000e+00
    510.000     1.8591   3.065439     1.8598   3.065727    4.48704    -0.0853    13.8155 0.0000e+00  -61.12500  -58.09183 1152597944 192.254010    34.7090 0.0000e+00
    511.000     1.8592   3.065473     1.8598   3.065772    4.48617    -0.0621    13.8155 0.0000e+00  -61.12500  -58.09183 1152597947 192.254041    34.7088 0.0000e+00
    512.000     1.8592   3.065573     1.8601   3.065892    4.48850    -0.0737    13.8155 0.0000e+00  -61.12500  -58.09183 1152597949 192.254064    34.7095 0.0000e+00
    513.000     1.8596   3.065659     1.8605   3.065983    4.49053    -0.0631    13.8155 0.0000e+00  -61.12500  -58.09183 1152597950 192.254078    34.7095 0.0000e+00
    514.000     1.8608   3.065966     1.8629   3.066334    4.49392    -0.0511    13.8155 0.0000e+00  -61.12500  -58.09183 1152597951 192.254089    34.7105 0.0000e+00
    515.000     1.8661   3.066451     1.8672   3.066761    4.49611    -0.0699    13.8155 0.0000e+00  -61.12500  -58.09183 1152597952 192.254098    34.7110 0.0000e+00
    516.000     1.8667   3.066559     1.8676   3.066857    4.49981    -0.0763    13.8155 0.0000e+00  -61.12500  -58.09183 1152597953 192.254108    34.7112 0.0000e+00
    517.000     1.8664   3.066595     1.8672   3.066886    4.50316    -0.0753    13.8155 0.0000e+00  -61.12500  -58.09183 1152597954 192.254124    34.7114 0.0000e+00
    518.000     1.8662   3.066645     1.8671   3.066944    4.50772    -0.0583    13.8155 0.0000e+00  -61.12500  -58.09183 1152597956 192.254145    34.7117 0.0000e+00
    519.000     1.8663   3.066709     1.8672   3.067011    4.51080    -0.0777    13.8155 0.0000e+00  -61.12500  -58.09183 1152597957 192.254159    34.7119 0.0000e+00
    520.000     1.8665   3.066771     1.8672   3.067074    4.51302    -0.0691    13.8155 0.0000e+00  -61.12500  -58.09183 1152597958 192.254171    34.7119 0.0000e+00
    521.000     1.8659   3.066791     1.8668   3.067094    4.51425    -0.0780    13.8155 0.0000e+00  -61.12500  -58.09183 1152597960 192.254185    34.7123 0.0000e+00
    522.000     1.8658   3.066822     1.8667   3.067131    4.51384    -0.0697    13.8155 0.0000e+00  -61.12500  -58.09183 1152597961 192.254200    34.7123 0.0000e+00
    523.000     1.8656   3.066858     1.8663   3.067169    4.51373    -0.0814    13.8155 0.0000e+00  -61.12500  -58.09183 1152597962 192.254212    34.7124 0.0000e+00
    524.000     1.8649   3.066849     1.8657   3.067154    4.51396    -0.0678    13.8155 0.0000e+00  -61.12500  -58.09183 1152597963 192.254224    34.7124 0.0000e+00
    525.000     1.8641   3.066823     1.8645   3.067097    4.51326    -0.0784    13.8155 0.0000e+00  -61.12500  -58.09183 1152597965 192.254247    34.7125 0.0000e+00
    526.000     1.8636   3.066828     1.8643   3.067121    4.51433    -0.0757    13.8155 0.0000e+00  -61.12500  -58.09183 1152597968 192.254281    34.7124 0.0000e+00
    527.000     1.8563   3.066269     1.8571   3.066582    4.51493    -0.0710    13.8155 0.0000e+00  -61.12500  -58.09183 1152597969 192.254293    34.7131 0.0000e+00
    528.000     1.8525   3.065996     1.8533   3.066325    4.51542    -0.0673    13.8155 0.0000e+00  -61.12500  -58.09183 1152597970 192.254304    34.7134 0.0000e+00
    529.000     1.8499   3.065831     1.8506   3.066151    4.51686    -0.0677    13.8155 0.0000e+00  -61.12500  -58.09183 1152597971 192.254313    34.7136 0.0000e+00
    530.000     1.8497   3.065865     1.8503   3.066164    4.51689    -0.0737    13.8155 0.0000e+00  -61.12500  -58.09183 1152597972 192.254323    34.7138 0.0000e+00
    531.000     1.8499   3.065926     1.8507   3.066224    4.51683    -0.0617    13.8155 0.0000e+00  -61.12500  -58.09183 1152597972 192.254333    34.7137 0.0000e+00
    532.000     1.8468   3.065691     1.8478   3.066047    4.51501    -0.0737    13.8155 0.0000e+00  -61.12500  -58.09183 1152597973 192.254342    34.7136 0.0000e+00
    533.000     1.8458   3.065659     1.8462   3.065948    4.51509    -0.0760    13.8155 0.0000e+00  -61.12500  -58.09183 1152597974 192.254352    34.7138 0.0000e+00
    534.000     1.8437   3.065514     1.8445   3.065838    4.51540    -0.0697    13.8155 0.0000e+00  -61.12500  -58.09183 1152597975 192.254367    34.7137 0.0000e+00
    535.000     1.8423   3.065448     1.8431   3.065754    4.51548    -0.0719    13.8155 0.0000e+00  -61.12500  -58.09183 1152597977 192.254390    34.7137 0.0000e+00
    536.000     1.8414   3.065419     1.8421   3.065717    4.51763    -0.0715    13.8155 0.0000e+00  -61.12500  -58.09183 1152597980 192.254422    34.7138 0.0000e+00
    537.000     1.8401   3.065369     1.8411   3.065696    4.52496    -0.0776    13.8155 0.0000e+00  -61.12500  -58.09183 1152597983 192.254458    34.7140 0.0000e+00
    538.000     1.8388   3.065290     1.8397   3.065629    4.52493    -0.0559    13.8155 0.0000e+00  -61.12500  -58.09183 1152597984 192.254467    34.7138 0.0000e+00
    539.000     1.8376   3.065240     1.8387   3.065591    4.52311    -0.0581    13.8155 0.0000e+00  -61.12500  -58.09183 1152597985 192.254475    34.7140 0.0000e+00
    540.000     1.8345   3.064989     1.8353   3.065355    4.52065    -0.0819    13.8155 0.0000e+00  -61.12500  -58.09183 1152597985 192.254482    34.7137 0.0000e+00
    541.000     1.8304   3.064704     1.8312   3.065048    4.52064    -0.0574    13.8155 0.0000e+00  -61.12500  -58.09183 1152597986 192.254489    34.7142 0.0000e+00
    542.000     1.8296   3.064679     1.8300   3.064999    4.52056    -0.0625    13.8155 0.0000e+00  -61.12500  -58.09183 1152597986 192.254496    34.7142 0.0000e+00
    543.000     1.8289   3.064646     1.8289   3.064964    4.52076    -0.0638    13.8155 0.0000e+00  -61.12500  -58.09183 1152597987 192.254502    34.7140 0.0000e+00
    544.000     1.8262   3.064502     1.8267   3.064820    4.52093    -0.0726    13.8155 0.0000e+00  -61.12500  -58.09183 1152597988 192.254511    34.7146 0.0000e+00
    545.000     1.8291   3.064807     1.8293   3.065063    4.51916    -0.0771    13.8155 0.0000e+00  -61.12500  -58.09183 1152597992 192.254555    34.7145 0.0000e+00
    546.000     1.8282   3.064782     1.8269   3.064942    4.52052    -0.0688    13.8155 0.0000e+00  -61.12500  -58.09183 1152597994 192.254580    34.7145 0.0000e+00
    547.000     1.8244   3.064547     1.8254   3.064857    4.52146    -0.0613    13.8155 0.0000e+00  -61.12500  -58.09183 1152597995 192.254596    34.7152 0.0000e+00
    548.000     1.8240   3.064552     1.8248   3.064876    4.52243    -0.0751    13.8155 0.0000e+00  -61.12500  -58.09183 1152597996 192.254609    34.7152 0.0000e+00
    549.000     1.8235   3.064564     1.8242   3.064878    4.52529    -0.0766    13.8155 0.0000e+00  -61.12500  -58.09183 1152597997 192.254621    34.7153 0.0000e+00
    550.000     1.8224   3.064519     1.8231   3.064841    4.52754    -0.0759    13.8155 0.0000e+00  -61.12500  -58.09183 1152597998 192.254631    34.7154 0.0000e+00
    551.000     1.8214   3.064498     1.8222   3.064814    4.52777    -0.0688    13.8155 0.0000e+00  -61.12500  -58.09183 1152597999 192.254642    34.7156 0.0000e+00
    552.000     1.8207   3.064478     1.8215   3.064784    4.52801    -0.0695    13.8155 0.0000e+00  -61.12500  -58.09183 1152598000 192.254653    34.7156 0.0000e+00
    553.000     1.8204   3.064502     1.8211   3.064811    4.52844    -0.0831    13.8155 0.0000e+00  -61.12500  -58.09183 1152598001 192.254665    34.7157 0.0000e+00
    554.000     1.8199   3.064517     1.8207   3.064822    4.52932    -0.0779    13.8155 0.0000e+00  -61.12500  -58.09183 1152598002 192.254681    34.7158 0.0000e+00
    555.000     1.8194   3.064519     1.8202   3.064826    4.53061    -0.0839    13.8155 0.0000e+00  -61.12500  -58.09183 1152598005 192.254706    34.7157 0.0000e+00
    556.000     1.8189   3.064525     1.8196   3.064833    4.53155    -0.0672    13.8155 0.0000e+00  -61.12500  -58.09183 1152598006 192.254724    34.7159 0.0000e+00
    557.000     1.8186   3.064557     1.8195   3.064868    4.53203    -0.0722    13.8155 0.0000e+00  -61.12500  -58.09183 1152598007 192.254736    34.7160 0.0000e+00
    558.000     1.8184   3.064592     1.8192   3.064896    4.53221    -0.0876    13.8155 0.0000e+00  -61.12500  -58.09183 1152598008 192.254748    34.7161 0.0000e+00
    559.000     1.8177   3.064572     1.8184   3.064880    4.53212    -0.0612    13.8155 0.0000e+00  -61.12500  -58.09183 1152598009 192.254760    34.7160 0.0000e+00
    560.000     1.8175   3.064604     1.8183   3.064912    4.53167    -0.0654    13.8155 0.0000e+00  -61.12500  -58.09183 1152598010 192.254772    34.7161 0.0000e+00
    561.000     1.8175   3.064659     1.8183   3.064964    4.53030    -0.0681    13.8155 0.0000e+00  -61.12500  -58.09183 1152598012 192.254792    34.7162 0.0000e+00
    562.000     1.8180   3.064744     1.8187   3.065042    4.53744    -0.0664    13.8155 0.0000e+00  -61.12500  -58.09183 1152598016 192.254835    34.7161 0.0000e+00
    563.000     1.8171   3.064725     1.8178   3.065043    4.53758    -0.0700    13.8155 0.0000e+00  -61.12500  -58.09183 1152598016 192.254844    34.7164 0.0000e+00
    564.000     1.8170   3.064772     1.8176   3.065081    4.53764    -0.0632    13.8155 0.0000e+00  -61.12500  -58.09183 1152598017 192.254852    34.7165 0.0000e+00
    565.000     1.8169   3.064805     1.8176   3.065120    4.53758    -0.0791    13.8155 0.0000e+00  -61.12500  -58.09183 1152598018 192.254859    34.7164 0.0000e+00
    566.000     1.8168   3.064830     1.8174   3.065153    4.53314    -0.0713    13.8155 0.0000e+00  -61.12500  -58.09183 1152598018 192.254866    34.7163 0.0000e+00
    567.000     1.8163   3.064812     1.8168   3.065129    4.53267    -0.0887    13.8155 0.0000e+00  -61.12500  -58.09183 1152598019 192.254872    34.7161 0.0000e+00
    568.000     1.8147   3.064724     1.8152   3.065039    4.53257    -0.0753    13.8155 0.0000e+00  -61.12500  -58.09183 1152598020 192.254879    34.7161 0.0000e+00
    569.000     1.8135   3.064692     1.8143   3.065005    4.53239    -0.0691    13.8155 0.0000e+00  -61.12500  -58.09183 1152598021 192.254891    34.7165 0.0000e+00
    570.000     1.8157   3.064926     1.8163   3.065232    4.54074    -0.0722    13.8155 0.0000e+00  -61.12500  -58.09183 1152598027 192.254960    34.7164 0.0000e+00
    571.000     1.8149   3.064924     1.8153   3.065211    4.54095    -0.0693    13.8155 0.0000e+00  -61.12500  -58.09183 1152598028 192.254973    34.7168 0.0000e+00
    572.000     1.8161   3.065121     1.8168   3.065431    4.53849    -0.0757    13.8155 0.0000e+00  -61.12500  -58.09183 1152598028 192.254981    34.7174 0.0000e+00
    573.000     1.8140   3.064988     1.8148   3.065317    4.53914    -0.0665    13.8155 0.0000e+00  -61.12500  -58.09183 1152598029 192.254988    34.7174 0.0000e+00
    574.000     1.8133   3.064974     1.8139   3.065287    4.54065    -0.0695    13.8155 0.0000e+00  -61.12500  -58.09183 1152598030 192.254995    34.7174 0.0000e+00
    575.000     1.8126   3.064975     1.8134   3.065293    4.54094    -0.0674    13.8155 0.0000e+00  -61.12500  -58.09183 1152598030 192.255003    34.7177 0.0000e+00
    576.000     1.8111   3.064909     1.8118   3.065216    4.54163    -0.0827    13.8155 0.0000e+00  -61.12500  -58.09183 1152598031 192.255011    34.7180 0.0000e+00
    577.000     1.8105   3.064893     1.8111   3.065198    4.54171    -0.0817    13.8155 0.0000e+00  -61.12500  -58.09183 1152598032 192.255024    34.7179 0.0000e+00
    578.000     1.8105   3.064942     1.8111   3.065239    4.54383    -0.0658    13.8155 0.0000e+00  -61.12500  -58.09183 1152598034 192.255046    34.7179 0.0000e+00
    579.000     1.8100   3.064945     1.8107   3.065262    4.54532    -0.0769    13.8155 0.0000e+00  -61.12500  -58.09183 1152598036 192.255069    34.7180 0.0000e+00
    580.000     1.8096   3.064970     1.8105   3.065279    4.54570    -0.0777    13.8155 0.0000e+00  -61.12500  -58.09183 1152598037 192.255084    34.7181 0.0000e+00
    581.000     1.8095   3.065006     1.8103   3.065304    4.54852    -0.0765    13.8155 0.0000e+00  -61.12500  -58.09183 1152598039 192.255109    34.7181 0.0000e+00
    582.000     1.8091   3.065024     1.8099   3.065331    4.55431    -0.0757    13.8155 0.0000e+00  -61.12500  -58.09183 1152598042 192.255140    34.7182 0.0000e+00
    583.000     1.8082   3.064999     1.8089   3.065322    4.55451    -0.0649    13.8155 0.0000e+00  -61.12500  -58.09183 1152598043 192.255150    34.7183 0.0000e+00
    584.000     1.8073   3.064982     1.8081   3.065302    4.55512    -0.0880    13.8155 0.0000e+00  -61.12500  -58.09183 1152598044 192.255158    34.7186 0.0000e+00
    585.000     1.8070   3.065002     1.8075   3.065308    4.55432    -0.0779    13.8155 0.0000e+00  -61.12500  -58.09183 1152598044 192.255165    34.7186 0.0000e+00
    586.000     1.8058   3.064944     1.8060   3.065243    4.55343    -0.0789    13.8155 0.0000e+00  -61.12500  -58.09183 1152598045 192.255173    34.7186 0.0000e+00
    587.000     1.8043   3.064873     1.8049   3.065188    4.55327    -0.0816    13.8155 0.0000e+00  -61.12500  -58.09183 1152598046 192.255181    34.7189 0.0000e+00
    588.000     1.8031   3.064830     1.8035   3.065117    4.55586    -0.0768    13.8155 0.0000e+00  -61.12500  -58.09183 1152598047 192.255197    34.7191 0.0000e+00
