product_data/regression_test/downloaded_data/MDGS/320620060703/ctd/p6607401.ros
* Sea-Bird SBE 9 Data File:
* FileName = D:\Data\Raw\p6607401.dat
* Software Version Seasave Win32 V 5.32
* Temperature SN = 1649
* Conductivity SN = 1431
* Number of Bytes Per Scan = 37
* Number of Voltage Words = 5
* Number of Scans Averaged by the Deck Unit = 1
* NMEA Latitude = 62 14.82 S
* NMEA Longitude = 058 06.36 W
* NMEA UTC (Time) = 10:56:46
** Ship:   Nathaniel B. Palmer 
** Cruise:    NBP0606 
# nquan = 17
# nvalues = 1176                    
# units = specified
# name 0 = prDM: Pressure, Digiquartz [db]
# name 1 = t090C: Temperature [ITS-90, deg C]
# name 2 = c0S/m: Conductivity [S/m]
# name 3 = t190C: Temperature, 2 [ITS-90, deg C]
# name 4 = c1S/m: Conductivity, 2 [S/m]
# name 5 = sbeox0ML/L: Oxygen, SBE 43 [ml/l]
# name 6 = flECO-AFL: Fluorescence, Wetlab ECO-AFL/FL [mg/m^3]
# name 7 = bat: Beam Attenuation, Chelsea/Seatech/Wetlab CStar [1/m]
# name 8 = spar: SPAR/Surface Irradiance
# name 9 = latitude: Latitude [deg]
# name 10 = longitude: Longitude [deg]
# name 11 = timeY: Time, System [seconds]
# name 12 = timeJ: Julian Days
# name 13 = sal00: Salinity [PSU]
# name 14 = scan: scan number
# name 15 = nbf: number of bottles fired
# name 16 = flag:  0.000e+00
# interval = seconds: 0.0416667                   
# start_time = Jul 08 2006 10:56:54
*END*
[from data line 852]
    150.787    -0.2673   2.836186    -0.2664   2.836175    6.93252    -0.0857    13.8155 0.0000e+00  -62.24700  -58.10600 1152360032 189.500396    34.3120      91687         18  0.000e+00
    150.796    -0.2673   2.836209    -0.2663   2.836175    6.92782    -0.0857    13.8155 0.0000e+00  -62.24700  -58.10600 1152360032 189.500397    34.3123      91688         18  0.000e+00
    150.720    -0.2674   2.836239    -0.2660   2.836192    6.92774    -0.1072    13.8155 0.0000e+00  -62.24700  -58.10600 1152360032 189.500397    34.3128      91689         18  0.000e+00
    150.787    -0.2667   2.836246    -0.2663   2.836204    6.92770    -0.0534    13.8155 0.0000e+00  -62.24700  -58.10600 1152360033 189.500398    34.3121      91690         18  0.000e+00
    150.787    -0.2662   2.836256    -0.2664   2.836204    6.93232    -0.0534    13.8155 0.0000e+00  -62.24700  -58.10600 1152360033 189.500398    34.3117      91691         18  0.000e+00
    150.796    -0.2667   2.836263    -0.2661   2.836204    6.92770    -0.0642    13.8155 0.0000e+00  -62.24700  -58.10600 1152360033 189.500399    34.3123      91692         18  0.000e+00
    150.787    -0.2666   2.836282    -0.2658   2.836180    6.92767    -0.0211    13.8155 0.0000e+00  -62.24700  -58.10600 1152360033 189.500399    34.3125      91693         18  0.000e+00
    150.720    -0.2669   2.836256    -0.2661   2.836215    6.92766    -0.0426    13.8155 0.0000e+00  -62.24700  -58.10600 1152360033 189.500400    34.3125      91694         18  0.000e+00
    150.787    -0.2667   2.836246    -0.2664   2.836227    6.92770    -0.0426    13.8155 0.0000e+00  -62.24700  -58.10600 1152360033 189.500400    34.3121      91695         18  0.000e+00
    150.796    -0.2669   2.836226    -0.2663   2.836227    6.92775    -0.0749    13.8155 0.0000e+00  -62.24700  -58.10600 1152360033 189.500401    34.3120      91696         18  0.000e+00
    150.720    -0.2667   2.836272    -0.2664   2.836227    6.92762    -0.0964    13.8155 0.0000e+00  -62.24700  -58.10600 1152360033 189.500401    34.3125      91697         18  0.000e+00
    150.787    -0.2668   2.836256    -0.2665   2.836192    6.92771    -0.0964    13.8155 0.0000e+00  -62.24700  -58.10600 1152360033 189.500402    34.3123      91698         18  0.000e+00
    150.787    -0.2673   2.836226    -0.2666   2.836198    6.92780    -0.1072    13.8155 0.0000e+00  -62.24700  -58.10600 1152360033 189.500402    34.3125      91699         18  0.000e+00
    150.720    -0.2667   2.836223    -0.2669   2.836163    6.92765    -0.0964    13.8155 0.0000e+00  -62.24700  -58.10600 1152360033 189.500403    34.3118      91700         18  0.000e+00
    150.797    -0.2672   2.836253    -0.2670   2.836151    6.92308    -0.0964    13.8155 0.0000e+00  -62.24700  -58.10600 1152360033 189.500403    34.3127      91701         18  0.000e+00
    150.720    -0.2671   2.836233    -0.2673   2.836128    6.92301    -0.0749    13.8155 0.0000e+00  -62.24700  -58.10600 1152360033 189.500404    34.3124      91702         18  0.000e+00
    150.787    -0.2678   2.836239    -0.2678   2.836081    6.92786    -0.0857    13.8155 0.0000e+00  -62.24700  -58.10600 1152360033 189.500404    34.3132      91703         18  0.000e+00
    150.720    -0.2675   2.836226    -0.2678   2.836069    6.92776    -0.1072    13.8155 0.0000e+00  -62.24700  -58.10600 1152360033 189.500405    34.3128      91704         18  0.000e+00
    150.720    -0.2672   2.836253    -0.2681   2.836069    6.92770    -0.0964    13.8155 0.0000e+00  -62.24700  -58.10600 1152360033 189.500405    34.3128      91705         18  0.000e+00
    150.787    -0.2670   2.836266    -0.2683   2.836046    6.92773    -0.1072    13.8155 0.0000e+00  -62.24700  -58.10600 1152360033 189.500406    34.3127      91706         18  0.000e+00
    150.720    -0.2666   2.836249    -0.2681   2.836023    6.92763    -0.1180    13.8155 0.0000e+00  -62.24700  -58.10600 1152360033 189.500406    34.3121      91707         18  0.000e+00
    150.720    -0.2672   2.836243    -0.2683   2.836069    6.92771    -0.0964    13.8155 0.0000e+00  -62.24700  -58.10600 1152360033 189.500407    34.3126      91708         18  0.000e+00
    150.720    -0.2669   2.836276    -0.2687   2.836058    6.92764    -0.0964    13.8155 0.0000e+00  -62.24700  -58.10600 1152360033 189.500407    34.3127      91709         18  0.000e+00
    150.787    -0.2669   2.836269    -0.2681   2.836040    6.92302    -0.1180    13.8155 0.0000e+00  -62.24700  -58.10600 1152360033 189.500408    34.3126      91710         18  0.000e+00
    150.720    -0.2670   2.836282    -0.2689   2.836040    6.92765    -0.0857    13.8155 0.0000e+00  -62.24700  -58.10600 1152360033 189.500408    34.3129      91711         18  0.000e+00
    150.720    -0.2662   2.836289    -0.2678   2.836046    6.92286    -0.1072    13.8155 0.0000e+00  -62.24700  -58.10600 1152360033 189.500408    34.3122      91712         18  0.000e+00
    150.720    -0.2667   2.836256    -0.2680   2.836081    6.92294    -0.0749    13.8155 0.0000e+00  -62.24700  -58.10600 1152360033 189.500409    34.3123      91713         18  0.000e+00
    150.720    -0.2667   2.836246    -0.2675   2.836058    6.92295    -0.0534    13.8155 0.0000e+00  -62.24700  -58.10600 1152360033 189.500409    34.3121      91714         18  0.000e+00
    150.644    -0.2667   2.836276    -0.2676   2.836063    6.92286    -0.0749    13.8155 0.0000e+00  -62.24700  -58.10600 1152360034 189.500410    34.3126      91715         18  0.000e+00
    150.720    -0.2666   2.836256    -0.2680   2.836087    6.92293    -0.0857    13.8155 0.0000e+00  -62.24700  -58.10600 1152360034 189.500410    34.3122      91716         18  0.000e+00
    103.567    -0.9685   2.771345    -0.9675   2.771473    7.41155    -0.0857    13.8155 0.0000e+00  -62.24700  -58.10600 1152360151 189.501764    34.2607      94523         19  0.000e+00
    103.644    -0.9681   2.771358    -0.9667   2.771450    7.41155    -0.0642    13.8155 0.0000e+00  -62.24700  -58.10600 1152360151 189.501765    34.2603      94524         19  0.000e+00
    103.567    -0.9681   2.771381    -0.9673   2.771433    7.41146    -0.0211    13.8155 0.0000e+00  -62.24700  -58.10600 1152360151 189.501765    34.2607      94525         19  0.000e+00
    103.644    -0.9676   2.771405    -0.9672   2.771462    7.41620    -0.0534    13.8155 0.0000e+00  -62.24700  -58.10600 1152360151 189.501766    34.2604      94526         19  0.000e+00
    103.567    -0.9675   2.771378    -0.9673   2.771427    7.41613    -0.0534    13.8155 0.0000e+00  -62.24700  -58.10600 1152360151 189.501766    34.2600      94527         19  0.000e+00
    103.644    -0.9676   2.771349    -0.9675   2.771404    7.41624    -0.0749    13.8155 0.0000e+00  -62.24700  -58.10600 1152360151 189.501766    34.2597      94528         19  0.000e+00
    103.567    -0.9673   2.771395    -0.9672   2.771392    7.41608    -0.0426    13.8155 0.0000e+00  -62.24700  -58.10600 1152360151 189.501767    34.2600      94529         19  0.000e+00
    103.567    -0.9676   2.771411    -0.9679   2.771352    7.41611    -0.0426    13.8155 0.0000e+00  -62.24700  -58.10600 1152360151 189.501767    34.2606      94530         19  0.000e+00
    103.644    -0.9680   2.771391    -0.9681   2.771375    7.41627    -0.0426    13.8155 0.0000e+00  -62.24700  -58.10600 1152360151 189.501768    34.2607      94531         19  0.000e+00
    103.567    -0.9677   2.771405    -0.9679   2.771357    7.41614    -0.0104    13.8155 0.0000e+00  -62.24700  -58.10600 1152360151 189.501768    34.2606      94532         19  0.000e+00
    103.644    -0.9673   2.771428    -0.9681   2.771357    7.41613    -0.0319    13.8155 0.0000e+00  -62.24700  -58.10600 1152360151 189.501769    34.2604      94533         19  0.000e+00
    103.567    -0.9673   2.771418    -0.9684   2.771346    7.41606    -0.0642    13.8155 0.0000e+00  -62.24700  -58.10600 1152360151 189.501769    34.2603      94534         19  0.000e+00
    103.567    -0.9675   2.771411    -0.9688   2.771299    7.41611    -0.0426    13.8155 0.0000e+00  -62.24700  -58.10600 1152360151 189.501770    34.2605      94535         19  0.000e+00
    103.501    -0.9675   2.771391    -0.9687   2.771294    7.41604    -0.0104    13.8155 0.0000e+00  -62.24700  -58.10600 1152360151 189.501770    34.2602      94536         19  0.000e+00
    103.711    -0.9677   2.771388    -0.9688   2.771288    7.41630    -0.0749    13.8155 0.0000e+00  -62.24700  -58.10600 1152360151 189.501771    34.2603      94537         19  0.000e+00
    103.568    -0.9681   2.771388    -0.9693   2.771247    7.41620    -0.0426    13.8155 0.0000e+00  -62.24700  -58.10600 1152360151 189.501771    34.2608      94538         19  0.000e+00
    103.568    -0.9675   2.771368    -0.9691   2.771271    7.41614    -0.0104    13.8155 0.0000e+00  -62.24700  -58.10600 1152360151 189.501772    34.2599      94539         19  0.000e+00
    103.539    -0.9676   2.771349    -0.9691   2.771253    7.41613    -0.0426    13.8155 0.0000e+00  -62.24700  -58.10600 1152360151 189.501772    34.2597      94540         19  0.000e+00
    103.568    -0.9690   2.771345    -0.9695   2.771236    7.41637    -0.0426    13.8155 0.0000e+00  -62.24700  -58.10600 1152360151 189.501773    34.2612      94541         19  0.000e+00
    103.568    -0.9682   2.771345    -0.9698   2.771271    7.41625    -0.0211    13.8155 0.0000e+00  -62.24700  -58.10600 1152360151 189.501773    34.2604      94542         19  0.000e+00
    103.568    -0.9682   2.771375    -0.9688   2.771271    7.42097    -0.0211    13.8155 0.0000e+00  -62.24700  -58.10600 1152360151 189.501774    34.2607      94543         19  0.000e+00
    103.568    -0.9685   2.771355    -0.9685   2.771282    7.42104    -0.0534    13.8155 0.0000e+00  -62.24700  -58.10600 1152360151 189.501774    34.2608      94544         19  0.000e+00
    103.501    -0.9687   2.771325    -0.9685   2.771288    7.42102    -0.0749    13.8155 0.0000e+00  -62.24700  -58.10600 1152360151 189.501775    34.2607      94545         19  0.000e+00
    103.501    -0.9685   2.771339    -0.9690   2.771305    7.42098    -0.1072    13.8155 0.0000e+00  -62.24700  -58.10600 1152360152 189.501775    34.2607      94546         19  0.000e+00
    103.568    -0.9688   2.771345    -0.9682   2.771300    7.42108    -0.1072    13.8155 0.0000e+00  -62.24700  -58.10600 1152360152 189.501776    34.2610      94547         19  0.000e+00
    103.501    -0.9684   2.771325    -0.9682   2.771328    7.42097    -0.1180    13.8155 0.0000e+00  -62.24700  -58.10600 1152360152 189.501776    34.2603      94548         19  0.000e+00
    103.501    -0.9681   2.771339    -0.9684   2.771340    7.42091    -0.0642    13.8155 0.0000e+00  -62.24700  -58.10600 1152360152 189.501777    34.2601      94549         19  0.000e+00
    103.501    -0.9681   2.771345    -0.9681   2.771340    7.42091     0.0112    13.8155 0.0000e+00  -62.24700  -58.10600 1152360152 189.501777    34.2602      94550         19  0.000e+00
    103.501    -0.9681   2.771345    -0.9678   2.771369    7.42091    -0.0104    13.8155 0.0000e+00  -62.24700  -58.10600 1152360152 189.501778    34.2602      94551         19  0.000e+00
    103.434    -0.9675   2.771375    -0.9676   2.771386    7.42074    -0.0426    13.8155 0.0000e+00  -62.24700  -58.10600 1152360152 189.501778    34.2601      94552         19  0.000e+00
    103.501    -0.9673   2.771421    -0.9676   2.771392    7.42074    -0.0319    13.8155 0.0000e+00  -62.24700  -58.10600 1152360152 189.501779    34.2604      94553         19  0.000e+00
    103.434    -0.9670   2.771414    -0.9678   2.771410    7.42063    -0.0104    13.8155 0.0000e+00  -62.24700  -58.10600 1152360152 189.501779    34.2600      94554         19  0.000e+00
    103.434    -0.9670   2.771391    -0.9673   2.771404    7.42065    -0.0211    13.8155 0.0000e+00  -62.24700  -58.10600 1152360152 189.501780    34.2597      94555         19  0.000e+00
    103.501    -0.9673   2.771368    -0.9672   2.771433    7.42077    -0.0104    13.8155 0.0000e+00  -62.24700  -58.10600 1152360152 189.501780    34.2596      94556         19  0.000e+00
    103.434    -0.9681   2.771316    -0.9667   2.771421    7.42086    -0.0534    13.8155 0.0000e+00  -62.24700  -58.10600 1152360152 189.501780    34.2599      94557         19  0.000e+00
    103.358    -0.9687   2.771299    -0.9669   2.771433    7.42563    -0.0857    13.8155 0.0000e+00  -62.24700  -58.10600 1152360152 189.501781    34.2604      94558         19  0.000e+00
    103.434    -0.9679   2.771316    -0.9670   2.771433    7.42558    -0.0964    13.8155 0.0000e+00  -62.24700  -58.10600 1152360152 189.501781    34.2597      94559         19  0.000e+00
    103.434    -0.9685   2.771322    -0.9673   2.771398    7.42566    -0.0534    13.8155 0.0000e+00  -62.24700  -58.10600 1152360152 189.501782    34.2604      94560         19  0.000e+00
    103.358    -0.9684   2.771286    -0.9673   2.771410    7.42559    -0.0534    13.8155 0.0000e+00  -62.24700  -58.10600 1152360152 189.501782    34.2599      94561         19  0.000e+00
    103.358    -0.9684   2.771292    -0.9675   2.771404    7.42559    -0.0211    13.8155 0.0000e+00  -62.24700  -58.10600 1152360152 189.501783    34.2600      94562         19  0.000e+00
    103.358    -0.9684   2.771279    -0.9670   2.771410    7.42560    -0.0319    13.8155 0.0000e+00  -62.24700  -58.10600 1152360152 189.501783    34.2598      94563         19  0.000e+00
    103.358    -0.9682   2.771260    -0.9675   2.771398    7.42558    -0.0749    13.8155 0.0000e+00  -62.24700  -58.10600 1152360152 189.501784    34.2593      94564         19  0.000e+00
    103.358    -0.9687   2.771306    -0.9675   2.771392    7.42563    -0.0319    13.8155 0.0000e+00  -62.24700  -58.10600 1152360152 189.501784    34.2605      94565         19  0.000e+00
    103.291    -0.9685   2.771302    -0.9670   2.771381    7.42553     0.0004    13.8155 0.0000e+00  -62.24700  -58.10600 1152360152 189.501785    34.2603      94566         19  0.000e+00
    103.330    -0.9692   2.771266    -0.9675   2.771386    7.42569    -0.0104    13.8155 0.0000e+00  -62.24700  -58.10600 1152360152 189.501785    34.2605      94567         19  0.000e+00
    103.291    -0.9688   2.771269    -0.9675   2.771369    7.42560    -0.0426    13.8155 0.0000e+00  -62.24700  -58.10600 1152360152 189.501786    34.2601      94568         19  0.000e+00
    103.291    -0.9684   2.771276    -0.9675   2.771381    7.42553    -0.0642    13.8155 0.0000e+00  -62.24700  -58.10600 1152360152 189.501786    34.2598      94569         19  0.000e+00
    103.291    -0.9685   2.771276    -0.9679   2.771357    7.43030    -0.1180    13.8155 0.0000e+00  -62.24700  -58.10600 1152360153 189.501787    34.2599      94570         19  0.000e+00
    103.292    -0.9684   2.771292    -0.9678   2.771357    7.43027    -0.0534    13.8155 0.0000e+00  -62.24700  -58.10600 1152360153 189.501787    34.2600      94571         19  0.000e+00
    103.781    -0.9555   2.772442    -0.9547   2.772481    7.43754    -0.0534    13.8155 0.0000e+00  -62.24700  -58.10600 1152360158 189.501854    34.2607      94709         20  0.000e+00
    103.714    -0.9554   2.772472    -0.9549   2.772476    7.43742     0.0004    13.8155 0.0000e+00  -62.24700  -58.10600 1152360158 189.501854    34.2610      94710         20  0.000e+00
    103.781    -0.9549   2.772495    -0.9550   2.772476    7.43741     0.0112    13.8155 0.0000e+00  -62.24700  -58.10600 1152360158 189.501855    34.2607      94711         20  0.000e+00
    103.858    -0.9548   2.772481    -0.9543   2.772510    7.43747     0.0004    13.8155 0.0000e+00  -62.24700  -58.10600 1152360158 189.501855    34.2603      94712         20  0.000e+00
    103.781    -0.9552   2.772429    -0.9546   2.772499    7.43750    -0.0319    13.8155 0.0000e+00  -62.24700  -58.10600 1152360159 189.501856    34.2602      94713         20  0.000e+00
