product_data/regression_test/downloaded_data/MDGS/320620060703/ctd/p6608402.ros
* Sea-Bird SBE 9 Data File:
* FileName = D:\Data\Raw\P6608402.dat
* Software Version Seasave Win32 V 5.32
* Temperature SN = 1649
* Conductivity SN = 1431
* Number of Bytes Per Scan = 37
* Number of Voltage Words = 5
* Number of Scans Averaged by the Deck Unit = 1
* NMEA Latitude = 61 43.32 S
* NMEA Longitude = 057 38.91 W
* NMEA UTC (Time) = 01:24:49
** Ship:   Nathaniel B. Palmer 
** Cruise:    NBP0603 p0606
** Cast #: 02
** Station:   84
** Operator: 
# nquan = 17
# nvalues = 1168                    
# units = specified
# name 0 = prDM: Pressure, Digiquartz [db]
# name 1 = t090C: Temperature [ITS-90, deg C]
# name 2 = c0S/m: Conductivity [S/m]
# name 3 = t190C: Temperature, 2 [ITS-90, deg C]
# name 4 = c1S/m: Conductivity, 2 [S/m]
# name 5 = sbeox0ML/L: Oxygen, SBE 43 [ml/l]
# name 6 = flECO-AFL: Fluorescence, Wetlab ECO-AFL/FL [mg/m^3]
# name 7 = bat: Beam Attenuation, Chelsea/Seatech/Wetlab CStar [1/m]
# name 8 = spar: SPAR/Surface Irradiance
# name 9 = latitude: Latitude [deg]
# name 10 = longitude: Longitude [deg]
# name 11 = timeY: Time, System [seconds]
# name 12 = timeJ: Julian Days
# name 13 = sal00: Salinity [PSU]
# name 14 = scan: scan number
# name 15 = nbf: number of bottles fired
# name 16 = flag:  0.000e+00
# interval = seconds: 0.0416667                   
# start_time = Jul 10 2006 01:24:57
*END*
[from data line 681]
     49.586    -0.8499   2.771086    -0.8487   2.771377    7.74761     0.1510    13.8155 0.0000e+00  -61.72200  -57.64850 1152495826 191.072080    34.1561      27139         15  0.000e+00
     49.586    -0.8498   2.771050    -0.8487   2.771377    7.74761     0.1295    13.8155 0.0000e+00  -61.72200  -57.64850 1152495826 191.072081    34.1554      27140         15  0.000e+00
     49.586    -0.8492   2.771040    -0.8487   2.771354    7.74753     0.0972    13.8155 0.0000e+00  -61.72200  -57.64850 1152495826 191.072081    34.1545      27141         15  0.000e+00
     49.586    -0.8498   2.770991    -0.8487   2.771359    7.74767     0.0972    13.8155 0.0000e+00  -61.72200  -57.64850 1152495826 191.072082    34.1546      27142         15  0.000e+00
     49.586    -0.8499   2.770991    -0.8493   2.771371    7.75238     0.1080    13.8155 0.0000e+00  -61.72200  -57.64850 1152495826 191.072082    34.1548      27143         15  0.000e+00
     49.586    -0.8498   2.771027    -0.8488   2.771354    7.75233     0.0757    13.8155 0.0000e+00  -61.72200  -57.64850 1152495826 191.072083    34.1551      27144         15  0.000e+00
     49.653    -0.8501   2.771004    -0.8485   2.771359    7.75247     0.0327    13.8155 0.0000e+00  -61.72200  -57.64850 1152495826 191.072083    34.1551      27145         15  0.000e+00
     49.586    -0.8501   2.771043    -0.8491   2.771371    7.75237     0.0434    13.8155 0.0000e+00  -61.72200  -57.64850 1152495827 191.072084    34.1556      27146         15  0.000e+00
     49.586    -0.8499   2.771063    -0.8488   2.771354    7.75233     0.0865    13.8155 0.0000e+00  -61.72200  -57.64850 1152495827 191.072084    34.1557      27147         15  0.000e+00
     49.576    -0.8496   2.771076    -0.8485   2.771348    7.75226     0.1080    13.8155 0.0000e+00  -61.72200  -57.64850 1152495827 191.072085    34.1556      27148         15  0.000e+00
     49.586    -0.8496   2.771083    -0.8488   2.771336    7.74757     0.1188    13.8155 0.0000e+00  -61.72200  -57.64850 1152495827 191.072085    34.1557      27149         15  0.000e+00
     49.586    -0.8490   2.771099    -0.8488   2.771342    7.74746     0.0865    13.8155 0.0000e+00  -61.72200  -57.64850 1152495827 191.072086    34.1552      27150         15  0.000e+00
     49.653    -0.8485   2.771106    -0.8487   2.771348    7.75215     0.1080    13.8155 0.0000e+00  -61.72200  -57.64850 1152495827 191.072086    34.1547      27151         15  0.000e+00
     49.586    -0.8492   2.771086    -0.8487   2.771365    7.75219     0.1188    13.8155 0.0000e+00  -61.72200  -57.64850 1152495827 191.072087    34.1552      27152         15  0.000e+00
     49.586    -0.8495   2.771099    -0.8488   2.771383    7.75224     0.1295    13.8155 0.0000e+00  -61.72200  -57.64850 1152495827 191.072087    34.1557      27153         15  0.000e+00
     49.653    -0.8492   2.771106    -0.8495   2.771354    7.75225     0.0972    13.8155 0.0000e+00  -61.72200  -57.64850 1152495827 191.072088    34.1554      27154         15  0.000e+00
     49.586    -0.8493   2.771086    -0.8487   2.771365    7.75222     0.0757    13.8155 0.0000e+00  -61.72200  -57.64850 1152495827 191.072088    34.1553      27155         15  0.000e+00
     49.586    -0.8488   2.771083    -0.8493   2.771313    7.75215     0.0972    13.8155 0.0000e+00  -61.72200  -57.64850 1152495827 191.072089    34.1548      27156         15  0.000e+00
     49.653    -0.8490   2.771066    -0.8493   2.771307    7.75225     0.1188    13.8155 0.0000e+00  -61.72200  -57.64850 1152495827 191.072089    34.1547      27157         15  0.000e+00
     49.653    -0.8498   2.771063    -0.8495   2.771296    7.75238     0.1295    13.8155 0.0000e+00  -61.72200  -57.64850 1152495827 191.072090    34.1555      27158         15  0.000e+00
     49.586    -0.8495   2.771076    -0.8491   2.771330    7.75225     0.1295    13.8155 0.0000e+00  -61.72200  -57.64850 1152495827 191.072090    34.1554      27159         15  0.000e+00
     49.586    -0.8496   2.771083    -0.8490   2.771383    7.75227     0.1080    13.8155 0.0000e+00  -61.72200  -57.64850 1152495827 191.072091    34.1557      27160         15  0.000e+00
     49.653    -0.8490   2.771066    -0.8481   2.771435    7.75225     0.1188    13.8155 0.0000e+00  -61.72200  -57.64850 1152495827 191.072091    34.1547      27161         15  0.000e+00
     49.653    -0.8496   2.771063    -0.8484   2.771429    7.75235     0.0865    13.8155 0.0000e+00  -61.72200  -57.64850 1152495827 191.072092    34.1553      27162         15  0.000e+00
     49.586    -0.8488   2.771014    -0.8482   2.771406    7.75220     0.1188    13.8155 0.0000e+00  -61.72200  -57.64850 1152495827 191.072092    34.1538      27163         15  0.000e+00
     49.653    -0.8494   2.771010    -0.8478   2.771412    7.75235     0.1295    13.8155 0.0000e+00  -61.72200  -57.64850 1152495827 191.072092    34.1543      27164         15  0.000e+00
     49.586    -0.8496   2.770997    -0.8474   2.771446    7.75233     0.1188    13.8155 0.0000e+00  -61.72200  -57.64850 1152495827 191.072093    34.1545      27165         15  0.000e+00
     49.653    -0.8502   2.771010    -0.8473   2.771475    7.75249     0.1188    13.8155 0.0000e+00  -61.72200  -57.64850 1152495827 191.072093    34.1553      27166         15  0.000e+00
     49.653    -0.8498   2.771050    -0.8474   2.771499    7.75239     0.1188    13.8155 0.0000e+00  -61.72200  -57.64850 1152495827 191.072094    34.1553      27167         15  0.000e+00
     49.653    -0.8496   2.771043    -0.8470   2.771499    7.75237     0.0650    13.8155 0.0000e+00  -61.72200  -57.64850 1152495827 191.072094    34.1551      27168         15  0.000e+00
     49.586    -0.8496   2.771070    -0.8471   2.771504    7.75228     0.0865    13.8155 0.0000e+00  -61.72200  -57.64850 1152495828 191.072095    34.1555      27169         15  0.000e+00
     49.653    -0.8495   2.771066    -0.8468   2.771527    7.75233     0.0865    13.8155 0.0000e+00  -61.72200  -57.64850 1152495828 191.072095    34.1552      27170         15  0.000e+00
     49.653    -0.8492   2.771113    -0.8471   2.771533    7.75225     0.1295    13.8155 0.0000e+00  -61.72200  -57.64850 1152495828 191.072096    34.1555      27171         15  0.000e+00
     49.653    -0.8481   2.771159    -0.8473   2.771504    7.75205     0.1403    13.8155 0.0000e+00  -61.72200  -57.64850 1152495828 191.072096    34.1549      27172         15  0.000e+00
     49.577    -0.8476   2.771188    -0.8485   2.771464    7.75187     0.1295    13.8155 0.0000e+00  -61.72200  -57.64850 1152495828 191.072097    34.1548      27173         15  0.000e+00
     49.653    -0.8475   2.771211    -0.8487   2.771394    7.75191     0.0972    13.8155 0.0000e+00  -61.72200  -57.64850 1152495828 191.072097    34.1549      27174         15  0.000e+00
     49.653    -0.8468   2.771234    -0.8491   2.771354    7.75180     0.1080    13.8155 0.0000e+00  -61.72200  -57.64850 1152495828 191.072098    34.1545      27175         15  0.000e+00
     49.587    -0.8473   2.771221    -0.8493   2.771319    7.75651     0.1080    13.8155 0.0000e+00  -61.72200  -57.64850 1152495828 191.072098    34.1549      27176         15  0.000e+00
     49.653    -0.8473   2.771218    -0.8494   2.771296    7.75658     0.0972    13.8155 0.0000e+00  -61.72200  -57.64850 1152495828 191.072099    34.1548      27177         15  0.000e+00
     49.653    -0.8478   2.771198    -0.8496   2.771296    7.75197     0.1080    13.8155 0.0000e+00  -61.72200  -57.64850 1152495828 191.072099    34.1551      27178         15  0.000e+00
     49.653    -0.8481   2.771126    -0.8495   2.771296    7.75677     0.0650    13.8155 0.0000e+00  -61.72200  -57.64850 1152495828 191.072100    34.1544      27179         15  0.000e+00
     49.587    -0.8488   2.771086    -0.8493   2.771261    7.75215     0.0542    13.8155 0.0000e+00  -61.72200  -57.64850 1152495828 191.072100    34.1548      27180         15  0.000e+00
     49.653    -0.8487   2.771083    -0.8495   2.771307    7.75220     0.0757    13.8155 0.0000e+00  -61.72200  -57.64850 1152495828 191.072101    34.1546      27181         15  0.000e+00
     49.587    -0.8488   2.771116    -0.8487   2.771342    7.75212     0.1295    13.8155 0.0000e+00  -61.72200  -57.64850 1152495828 191.072101    34.1552      27182         15  0.000e+00
     49.653    -0.8485   2.771159    -0.8487   2.771377    7.75212     0.1403    13.8155 0.0000e+00  -61.72200  -57.64850 1152495828 191.072102    34.1554      27183         15  0.000e+00
     49.587    -0.8481   2.771192    -0.8490   2.771377    7.75195     0.1188    13.8155 0.0000e+00  -61.72200  -57.64850 1152495828 191.072102    34.1554      27184         15  0.000e+00
     49.654    -0.8487   2.771116    -0.8495   2.771336    7.75688     0.0650    13.8155 0.0000e+00  -61.72200  -57.64850 1152495829 191.072107    34.1550      27195         16  0.000e+00
     49.301    -0.8484   2.771086    -0.8496   2.771301    7.75647     0.0650    13.8155 0.0000e+00  -61.72200  -57.64850 1152495829 191.072108    34.1545      27196         16  0.000e+00
     49.587    -0.8490   2.771066    -0.8493   2.771278    7.75688     0.0434    13.8155 0.0000e+00  -61.72200  -57.64850 1152495829 191.072108    34.1547      27197         16  0.000e+00
     49.511    -0.8495   2.771063    -0.8493   2.771238    7.75688     0.0650    13.8155 0.0000e+00  -61.72200  -57.64850 1152495829 191.072109    34.1553      27198         16  0.000e+00
     49.444    -0.8490   2.771063    -0.8501   2.771238    7.75674     0.0972    13.8155 0.0000e+00  -61.72200  -57.64850 1152495829 191.072109    34.1548      27199         16  0.000e+00
     49.511    -0.8496   2.771063    -0.8501   2.771261    7.75690     0.0757    13.8155 0.0000e+00  -61.72200  -57.64850 1152495829 191.072110    34.1554      27200         16  0.000e+00
     49.444    -0.8495   2.771043    -0.8501   2.771249    7.75682     0.1080    13.8155 0.0000e+00  -61.72200  -57.64850 1152495829 191.072110    34.1550      27201         16  0.000e+00
     49.444    -0.8498   2.771040    -0.8502   2.771249    7.75687     0.0865    13.8155 0.0000e+00  -61.72200  -57.64850 1152495829 191.072111    34.1553      27202         16  0.000e+00
     49.444    -0.8501   2.771040    -0.8502   2.771244    7.75692     0.0434    13.8155 0.0000e+00  -61.72200  -57.64850 1152495829 191.072111    34.1557      27203         16  0.000e+00
     49.444    -0.8496   2.771020    -0.8507   2.771226    7.75686     0.0650    13.8155 0.0000e+00  -61.72200  -57.64850 1152495829 191.072112    34.1549      27204         16  0.000e+00
     49.368    -0.8499   2.771000    -0.8504   2.771174    7.75684     0.0757    13.8155 0.0000e+00  -61.72200  -57.64850 1152495829 191.072112    34.1550      27205         16  0.000e+00
     49.368    -0.8501   2.770977    -0.8498   2.771191    7.75688     0.0542    13.8155 0.0000e+00  -61.72200  -57.64850 1152495829 191.072113    34.1549      27206         16  0.000e+00
     49.368    -0.8502   2.771004    -0.8504   2.771232    7.75688     0.0757    13.8155 0.0000e+00  -61.72200  -57.64850 1152495829 191.072113    34.1554      27207         16  0.000e+00
     49.368    -0.8498   2.770997    -0.8496   2.771226    7.75682     0.0972    13.8155 0.0000e+00  -61.72200  -57.64850 1152495829 191.072114    34.1548      27208         16  0.000e+00
     49.301    -0.8504   2.771010    -0.8498   2.771255    7.75683     0.1295    13.8155 0.0000e+00  -61.72200  -57.64850 1152495829 191.072114    34.1557      27209         16  0.000e+00
     49.368    -0.8496   2.771017    -0.8498   2.771255    7.75679     0.1080    13.8155 0.0000e+00  -61.72200  -57.64850 1152495829 191.072115    34.1549      27210         16  0.000e+00
     49.301    -0.8504   2.771033    -0.8504   2.771267    7.75682     0.1080    13.8155 0.0000e+00  -61.72200  -57.64850 1152495829 191.072115    34.1560      27211         16  0.000e+00
     49.301    -0.8495   2.771020    -0.8501   2.771249    7.75668     0.0972    13.8155 0.0000e+00  -61.72200  -57.64850 1152495829 191.072116    34.1548      27212         16  0.000e+00
     49.234    -0.8498   2.771017    -0.8498   2.771209    7.75666     0.0972    13.8155 0.0000e+00  -61.72200  -57.64850 1152495829 191.072116    34.1551      27213         16  0.000e+00
     49.301    -0.8501   2.771017    -0.8496   2.771232    7.75678     0.1510    13.8155 0.0000e+00  -61.72200  -57.64850 1152495829 191.072117    34.1555      27214         16  0.000e+00
     49.235    -0.8499   2.770984    -0.8498   2.771226    7.75671     0.1403    13.8155 0.0000e+00  -61.72200  -57.64850 1152495829 191.072117    34.1549      27215         16  0.000e+00
     49.158    -0.8502   2.771023    -0.8501   2.771255    7.75664     0.0972    13.8155 0.0000e+00  -61.72200  -57.64850 1152495829 191.072118    34.1558      27216         16  0.000e+00
     49.235    -0.8495   2.771040    -0.8496   2.771255    7.75660     0.1080    13.8155 0.0000e+00  -61.72200  -57.64850 1152495829 191.072118    34.1551      27217         16  0.000e+00
     49.158    -0.8496   2.771020    -0.8502   2.771267    7.75655     0.1295    13.8155 0.0000e+00  -61.72200  -57.64850 1152495830 191.072119    34.1551      27218         16  0.000e+00
     49.158    -0.8502   2.771050    -0.8499   2.771272    7.75662     0.1080    13.8155 0.0000e+00  -61.72200  -57.64850 1152495830 191.072119    34.1562      27219         16  0.000e+00
     49.158    -0.8502   2.771063    -0.8499   2.771272    7.76132     0.0757    13.8155 0.0000e+00  -61.72200  -57.64850 1152495830 191.072120    34.1563      27220         16  0.000e+00
     49.092    -0.8496   2.771027    -0.8498   2.771238    7.75648     0.0542    13.8155 0.0000e+00  -61.72200  -57.64850 1152495830 191.072120    34.1552      27221         16  0.000e+00
     49.092    -0.8493   2.771017    -0.8496   2.771278    7.75643     0.0542    13.8155 0.0000e+00  -61.72200  -57.64850 1152495830 191.072120    34.1547      27222         16  0.000e+00
     49.092    -0.8499   2.771033    -0.8501   2.771296    7.75652     0.0650    13.8155 0.0000e+00  -61.72200  -57.64850 1152495830 191.072121    34.1556      27223         16  0.000e+00
     49.025    -0.8499   2.771020    -0.8499   2.771255    7.75646     0.0972    13.8155 0.0000e+00  -61.72200  -57.64850 1152495830 191.072121    34.1555      27224         16  0.000e+00
     49.025    -0.8499   2.771000    -0.8498   2.771249    7.75647     0.1188    13.8155 0.0000e+00  -61.72200  -57.64850 1152495830 191.072122    34.1552      27225         16  0.000e+00
     49.025    -0.8495   2.771027    -0.8496   2.771243    7.75638     0.1080    13.8155 0.0000e+00  -61.72200  -57.64850 1152495830 191.072122    34.1551      27226         16  0.000e+00
     49.025    -0.8499   2.771040    -0.8495   2.771261    7.75644     0.0972    13.8155 0.0000e+00  -61.72200  -57.64850 1152495830 191.072123    34.1558      27227         16  0.000e+00
     48.949    -0.8493   2.771040    -0.8499   2.771255    7.75626     0.1295    13.8155 0.0000e+00  -61.72200  -57.64850 1152495830 191.072123    34.1551      27228         16  0.000e+00
     48.949    -0.8498   2.771070    -0.8493   2.771284    7.76101     0.0757    13.8155 0.0000e+00  -61.72200  -57.64850 1152495830 191.072124    34.1560      27229         16  0.000e+00
     48.949    -0.8495   2.771083    -0.8496   2.771296    7.75626     0.0865    13.8155 0.0000e+00  -61.72200  -57.64850 1152495830 191.072124    34.1559      27230         16  0.000e+00
     48.882    -0.8493   2.771083    -0.8495   2.771278    7.75616     0.0865    13.8155 0.0000e+00  -61.72200  -57.64850 1152495830 191.072125    34.1557      27231         16  0.000e+00
     48.882    -0.8494   2.771066    -0.8495   2.771301    7.75618     0.0434    13.8155 0.0000e+00  -61.72200  -57.64850 1152495830 191.072125    34.1556      27232         16  0.000e+00
