product_data/regression_test/downloaded_data/MDGS/320620060703/ctd/p6606206.ros
* Sea-Bird SBE 9 Data File:
* FileName = D:\Data\Raw\p6606206.dat
* Software Version Seasave Win32 V 5.32
* Temperature SN = 1649
* Conductivity SN = 1431
* Number of Bytes Per Scan = 37
* Number of Voltage Words = 5
* Number of Scans Averaged by the Deck Unit = 1
* NMEA Latitude = 61 05.83 S
* NMEA Longitude = 058 07.01 W
* NMEA UTC (Time) = 09:19:48
** Ship:   Nathaniel B. Palmer 
** Cruise:    NBP0606 
# nquan = 17
# nvalues = 1176                    
# units = specified
# name 0 = prDM: Pressure, Digiquartz [db]
# name 1 = t090C: Temperature [ITS-90, deg C]
# name 2 = c0S/m: Conductivity [S/m]
# name 3 = t190C: Temperature, 2 [ITS-90, deg C]
# name 4 = c1S/m: Conductivity, 2 [S/m]
# name 5 = sbeox0ML/L: Oxygen, SBE 43 [ml/l]
# name 6 = flECO-AFL: Fluorescence, Wetlab ECO-AFL/FL [mg/m^3]
# name 7 = bat: Beam Attenuation, Chelsea/Seatech/Wetlab CStar [1/m]
# name 8 = spar: SPAR/Surface Irradiance
# name 9 = latitude: Latitude [deg]
# name 10 = longitude: Longitude [deg]
# name 11 = timeY: Time, System [seconds]
# name 12 = timeJ: Julian Days
# name 13 = sal00: Salinity [PSU]
# name 14 = scan: scan number
# name 15 = nbf: number of bottles fired
# name 16 = flag:  0.000e+00
# interval = seconds: 0.0416667                   
# start_time = Jul 07 2006 09:19:56
*END*
[from data line 171]
    301.762     1.9265   3.055719     1.9272   3.055628    4.33816    -0.0319    13.8155 0.0000e+00  -61.09717  -58.11683 1152264440 188.394004    34.6310      10703          4  0.000e+00
    301.867     1.9263   3.055740     1.9276   3.055604    4.33823    -0.0211    13.8155 0.0000e+00  -61.09717  -58.11683 1152264440 188.394004    34.6314      10704          4  0.000e+00
    301.905     1.9262   3.055730     1.9271   3.055598    4.33827    -0.0319    13.8155 0.0000e+00  -61.09717  -58.11683 1152264440 188.394005    34.6314      10705          4  0.000e+00
    301.905     1.9265   3.055744     1.9275   3.055598    4.33824    -0.0426    13.8155 0.0000e+00  -61.09717  -58.11683 1152264440 188.394005    34.6312      10706          4  0.000e+00
    301.982     1.9262   3.055747     1.9275   3.055622    4.33831    -0.0319    13.8155 0.0000e+00  -61.09717  -58.11683 1152264440 188.394006    34.6315      10707          4  0.000e+00
    301.934     1.9263   3.055713     1.9272   3.055610    4.33375     0.0004    13.8155 0.0000e+00  -61.09717  -58.11683 1152264440 188.394006    34.6310      10708          4  0.000e+00
    302.049     1.9263   3.055737     1.9268   3.055598    4.33381    -0.0104    13.8155 0.0000e+00  -61.09717  -58.11683 1152264440 188.394007    34.6312      10709          4  0.000e+00
    301.982     1.9263   3.055730     1.9271   3.055598    4.33830     0.0004    13.8155 0.0000e+00  -61.09717  -58.11683 1152264440 188.394007    34.6312      10710          4  0.000e+00
    302.077     1.9269   3.055761     1.9272   3.055598    4.33829    -0.0104    13.8155 0.0000e+00  -61.09717  -58.11683 1152264440 188.394008    34.6308      10711          4  0.000e+00
    302.116     1.9266   3.055754     1.9270   3.055616    4.33835    -0.0104    13.8155 0.0000e+00  -61.09717  -58.11683 1152264440 188.394008    34.6310      10712          4  0.000e+00
    302.116     1.9263   3.055730     1.9269   3.055610    4.33838     0.0327    13.8155 0.0000e+00  -61.09717  -58.11683 1152264440 188.394008    34.6311      10713          4  0.000e+00
    302.001     1.9265   3.055761     1.9273   3.055622    4.33829     0.0219    13.8155 0.0000e+00  -61.09717  -58.11683 1152264441 188.394009    34.6314      10714          4  0.000e+00
    302.326     1.9265   3.055733     1.9269   3.055610    4.33850    -0.0104    13.8155 0.0000e+00  -61.09717  -58.11683 1152264441 188.394009    34.6308      10715          4  0.000e+00
    302.259     1.9262   3.055723     1.9272   3.055580    4.33849    -0.0642    13.8155 0.0000e+00  -61.09717  -58.11683 1152264441 188.394010    34.6311      10716          4  0.000e+00
    302.221     1.9263   3.055744     1.9268   3.055556    4.33844    -0.0642    13.8155 0.0000e+00  -61.09717  -58.11683 1152264441 188.394010    34.6312      10717          4  0.000e+00
    302.259     1.9262   3.055730     1.9271   3.055568    4.33848    -0.0319    13.8155 0.0000e+00  -61.09717  -58.11683 1152264441 188.394011    34.6311      10718          4  0.000e+00
    302.326     1.9260   3.055761     1.9270   3.055592    4.33853    -0.0426    13.8155 0.0000e+00  -61.09717  -58.11683 1152264441 188.394011    34.6317      10719          4  0.000e+00
    302.326     1.9262   3.055733     1.9265   3.055622    4.33852    -0.0104    13.8155 0.0000e+00  -61.09717  -58.11683 1152264441 188.394012    34.6312      10720          4  0.000e+00
    302.355     1.9263   3.055744     1.9273   3.055586    4.33852    -0.0104    13.8155 0.0000e+00  -61.09717  -58.11683 1152264441 188.394012    34.6311      10721          4  0.000e+00
    302.326     1.9262   3.055695     1.9270   3.055592    4.33854    -0.0534    13.8155 0.0000e+00  -61.09717  -58.11683 1152264441 188.394013    34.6307      10722          4  0.000e+00
    302.403     1.9260   3.055709     1.9269   3.055622    4.33859    -0.0319    13.8155 0.0000e+00  -61.09717  -58.11683 1152264441 188.394013    34.6310      10723          4  0.000e+00
    302.432     1.9266   3.055744     1.9272   3.055604    4.33854    -0.0319    13.8155 0.0000e+00  -61.09717  -58.11683 1152264441 188.394014    34.6307      10724          4  0.000e+00
    302.403     1.9258   3.055747     1.9274   3.055622    4.33859    -0.0749    13.8155 0.0000e+00  -61.09717  -58.11683 1152264441 188.394014    34.6317      10725          4  0.000e+00
    302.470     1.9260   3.055747     1.9268   3.055604    4.33862    -0.0426    13.8155 0.0000e+00  -61.09717  -58.11683 1152264441 188.394015    34.6314      10726          4  0.000e+00
    302.432     1.9262   3.055730     1.9270   3.055580    4.33859     0.0004    13.8155 0.0000e+00  -61.09717  -58.11683 1152264441 188.394015    34.6311      10727          4  0.000e+00
    301.417     1.9262   3.055654     1.9274   3.055490    4.33800    -0.0749    13.8155 0.0000e+00  -61.09717  -58.11683 1152264445 188.394064    34.6307      10829          5  0.000e+00
    301.273     1.9257   3.055650     1.9268   3.055532    4.33796    -0.0642    13.8155 0.0000e+00  -61.09717  -58.11683 1152264445 188.394065    34.6312      10830          5  0.000e+00
    301.340     1.9260   3.055651     1.9270   3.055544    4.33797    -0.0104    13.8155 0.0000e+00  -61.09717  -58.11683 1152264445 188.394065    34.6309      10831          5  0.000e+00
    301.302     1.9255   3.055651     1.9274   3.055544    4.33799    -0.0104    13.8155 0.0000e+00  -61.09717  -58.11683 1152264445 188.394066    34.6314      10832          5  0.000e+00
    301.340     1.9258   3.055633     1.9273   3.055544    4.33799    -0.0104    13.8155 0.0000e+00  -61.09717  -58.11683 1152264445 188.394066    34.6308      10833          5  0.000e+00
    301.273     1.9262   3.055630     1.9271   3.055544    4.33793    -0.0319    13.8155 0.0000e+00  -61.09717  -58.11683 1152264446 188.394067    34.6305      10834          5  0.000e+00
    301.369     1.9260   3.055644     1.9270   3.055544    4.33799    -0.0319    13.8155 0.0000e+00  -61.09717  -58.11683 1152264446 188.394067    34.6308      10835          5  0.000e+00
    301.273     1.9262   3.055671     1.9270   3.055544    4.33791    -0.0749    13.8155 0.0000e+00  -61.09717  -58.11683 1152264446 188.394068    34.6310      10836          5  0.000e+00
    301.273     1.9258   3.055678     1.9269   3.055526    4.33794    -0.0426    13.8155 0.0000e+00  -61.09717  -58.11683 1152264446 188.394068    34.6314      10837          5  0.000e+00
    301.369     1.9257   3.055657     1.9272   3.055556    4.33802    -0.0319    13.8155 0.0000e+00  -61.09717  -58.11683 1152264446 188.394069    34.6313      10838          5  0.000e+00
    301.273     1.9262   3.055650     1.9272   3.055526    4.33792    -0.0211    13.8155 0.0000e+00  -61.09717  -58.11683 1152264446 188.394069    34.6307      10839          5  0.000e+00
    301.273     1.9260   3.055650     1.9270   3.055514    4.33793    -0.0211    13.8155 0.0000e+00  -61.09717  -58.11683 1152264446 188.394070    34.6309      10840          5  0.000e+00
    301.340     1.9258   3.055651     1.9272   3.055514    4.33799     0.0219    13.8155 0.0000e+00  -61.09717  -58.11683 1152264446 188.394070    34.6311      10841          5  0.000e+00
    301.226     1.9258   3.055616     1.9268   3.055514    4.33793     0.0219    13.8155 0.0000e+00  -61.09717  -58.11683 1152264446 188.394071    34.6307      10842          5  0.000e+00
    301.340     1.9255   3.055657     1.9270   3.055538    4.33801    -0.0104    13.8155 0.0000e+00  -61.09717  -58.11683 1152264446 188.394071    34.6315      10843          5  0.000e+00
    301.273     1.9257   3.055623     1.9269   3.055544    4.33797    -0.0211    13.8155 0.0000e+00  -61.09717  -58.11683 1152264446 188.394072    34.6309      10844          5  0.000e+00
    301.302     1.9257   3.055637     1.9268   3.055520    4.33798    -0.0319    13.8155 0.0000e+00  -61.09717  -58.11683 1152264446 188.394072    34.6311      10845          5  0.000e+00
    301.273     1.9262   3.055633     1.9267   3.055532    4.33792    -0.0319    13.8155 0.0000e+00  -61.09717  -58.11683 1152264446 188.394073    34.6305      10846          5  0.000e+00
    301.340     1.9263   3.055647     1.9271   3.055544    4.33795    -0.0534    13.8155 0.0000e+00  -61.09717  -58.11683 1152264446 188.394073    34.6305      10847          5  0.000e+00
    301.273     1.9255   3.055668     1.9272   3.055520    4.33797    -0.0426    13.8155 0.0000e+00  -61.09717  -58.11683 1152264446 188.394074    34.6316      10848          5  0.000e+00
    301.302     1.9257   3.055657     1.9266   3.055538    4.33798    -0.0104    13.8155 0.0000e+00  -61.09717  -58.11683 1152264446 188.394074    34.6313      10849          5  0.000e+00
    301.273     1.9262   3.055654     1.9273   3.055544    4.33792    -0.0104    13.8155 0.0000e+00  -61.09717  -58.11683 1152264446 188.394075    34.6308      10850          5  0.000e+00
    301.340     1.9258   3.055613     1.9270   3.055544    4.33800    -0.0211    13.8155 0.0000e+00  -61.09717  -58.11683 1152264446 188.394075    34.6306      10851          5  0.000e+00
    301.302     1.9260   3.055657     1.9271   3.055544    4.33795    -0.0534    13.8155 0.0000e+00  -61.09717  -58.11683 1152264446 188.394076    34.6310      10852          5  0.000e+00
    301.273     1.9252   3.055657     1.9268   3.055544    4.33800    -0.0211    13.8155 0.0000e+00  -61.09717  -58.11683 1152264446 188.394076    34.6319      10853          5  0.000e+00
    301.273     1.9255   3.055671     1.9266   3.055544    4.33797    -0.0211    13.8155 0.0000e+00  -61.09717  -58.11683 1152264446 188.394076    34.6317      10854          5  0.000e+00
    301.302     1.9258   3.055657     1.9268   3.055520    4.33796    -0.0534    13.8155 0.0000e+00  -61.09717  -58.11683 1152264446 188.394077    34.6312      10855          5  0.000e+00
    301.340     1.9258   3.055651     1.9268   3.055514    4.33799    -0.0319    13.8155 0.0000e+00  -61.09717  -58.11683 1152264446 188.394077    34.6311      10856          5  0.000e+00
    301.273     1.9257   3.055633     1.9268   3.055514    4.33797    -0.0104    13.8155 0.0000e+00  -61.09717  -58.11683 1152264446 188.394078    34.6310      10857          5  0.000e+00
    301.340     1.9258   3.055661     1.9267   3.055532    4.33798     0.0004    13.8155 0.0000e+00  -61.09717  -58.11683 1152264446 188.394078    34.6312      10858          5  0.000e+00
    301.302     1.9260   3.055640     1.9269   3.055526    4.33795    -0.0104    13.8155 0.0000e+00  -61.09717  -58.11683 1152264447 188.394079    34.6308      10859          5  0.000e+00
    301.340     1.9258   3.055664     1.9270   3.055514    4.33798    -0.0749    13.8155 0.0000e+00  -61.09717  -58.11683 1152264447 188.394079    34.6312      10860          5  0.000e+00
    301.340     1.9258   3.055657     1.9270   3.055538    4.33799    -0.0534    13.8155 0.0000e+00  -61.09717  -58.11683 1152264447 188.394080    34.6311      10861          5  0.000e+00
    301.302     1.9260   3.055616     1.9269   3.055520    4.33796     0.0112    13.8155 0.0000e+00  -61.09717  -58.11683 1152264447 188.394080    34.6305      10862          5  0.000e+00
    301.340     1.9258   3.055657     1.9272   3.055538    4.33799     0.0004    13.8155 0.0000e+00  -61.09717  -58.11683 1152264447 188.394081    34.6311      10863          5  0.000e+00
    301.273     1.9254   3.055657     1.9272   3.055544    4.33799    -0.0211    13.8155 0.0000e+00  -61.09717  -58.11683 1152264447 188.394081    34.6317      10864          5  0.000e+00
    301.340     1.9260   3.055633     1.9272   3.055544    4.33798    -0.0426    13.8155 0.0000e+00  -61.09717  -58.11683 1152264447 188.394082    34.6307      10865          5  0.000e+00
    301.369     1.9254   3.055644     1.9273   3.055544    4.33805    -0.0857    13.8155 0.0000e+00  -61.09717  -58.11683 1152264447 188.394082    34.6315      10866          5  0.000e+00
    301.340     1.9260   3.055633     1.9268   3.055520    4.33798    -0.0211    13.8155 0.0000e+00  -61.09717  -58.11683 1152264447 188.394083    34.6307      10867          5  0.000e+00
    301.340     1.9262   3.055664     1.9267   3.055562    4.33795    -0.0319    13.8155 0.0000e+00  -61.09717  -58.11683 1152264447 188.394083    34.6308      10868          5  0.000e+00
    301.302     1.9257   3.055675     1.9272   3.055550    4.33797    -0.0211    13.8155 0.0000e+00  -61.09717  -58.11683 1152264447 188.394084    34.6315      10869          5  0.000e+00
    301.417     1.9255   3.055657     1.9268   3.055544    4.33806    -0.0642    13.8155 0.0000e+00  -61.09717  -58.11683 1152264447 188.394084    34.6314      10870          5  0.000e+00
    301.340     1.9257   3.055651     1.9268   3.055568    4.33800    -0.1072    13.8155 0.0000e+00  -61.09717  -58.11683 1152264447 188.394085    34.6312      10871          5  0.000e+00
    301.302     1.9258   3.055651     1.9269   3.055526    4.33797    -0.0211    13.8155 0.0000e+00  -61.09717  -58.11683 1152264447 188.394085    34.6311      10872          5  0.000e+00
    301.340     1.9255   3.055671     1.9267   3.055514    4.33801     0.0004    13.8155 0.0000e+00  -61.09717  -58.11683 1152264447 188.394086    34.6316      10873          5  0.000e+00
    301.417     1.9257   3.055675     1.9271   3.055538    4.33804     0.0004    13.8155 0.0000e+00  -61.09717  -58.11683 1152264447 188.394086    34.6315      10874          5  0.000e+00
    301.340     1.9257   3.055640     1.9268   3.055544    4.33800    -0.0426    13.8155 0.0000e+00  -61.09717  -58.11683 1152264447 188.394087    34.6311      10875          5  0.000e+00
    301.369     1.9258   3.055664     1.9268   3.055544    4.33800    -0.0426    13.8155 0.0000e+00  -61.09717  -58.11683 1152264447 188.394087    34.6312      10876          5  0.000e+00
    301.340     1.9260   3.055657     1.9272   3.055526    4.33797    -0.0642    13.8155 0.0000e+00  -61.09717  -58.11683 1152264447 188.394088    34.6310      10877          5  0.000e+00
    302.001     1.9265   3.055730     1.9276   3.055646    4.33830    -0.0319    13.8155 0.0000e+00  -61.09717  -58.11683 1152264452 188.394141    34.6310      10987          6  0.000e+00
    302.192     1.9265   3.055740     1.9279   3.055658    4.33841    -0.0319    13.8155 0.0000e+00  -61.09717  -58.11683 1152264452 188.394141    34.6310      10988          6  0.000e+00
    302.049     1.9266   3.055747     1.9278   3.055610    4.33831    -0.0319    13.8155 0.0000e+00  -61.09717  -58.11683 1152264452 188.394142    34.6310      10989          6  0.000e+00
    302.078     1.9267   3.055768     1.9275   3.055622    4.33832     0.0004    13.8155 0.0000e+00  -61.09717  -58.11683 1152264452 188.394142    34.6312      10990          6  0.000e+00
    302.192     1.9265   3.055733     1.9277   3.055628    4.33841    -0.0426    13.8155 0.0000e+00  -61.09717  -58.11683 1152264452 188.394143    34.6309      10991          6  0.000e+00
    302.116     1.9266   3.055744     1.9278   3.055652    4.33835    -0.0534    13.8155 0.0000e+00  -61.09717  -58.11683 1152264452 188.394143    34.6309      10992          6  0.000e+00
    302.221     1.9266   3.055764     1.9272   3.055658    4.33841    -0.0534    13.8155 0.0000e+00  -61.09717  -58.11683 1152264452 188.394144    34.6311      10993          6  0.000e+00
    302.116     1.9262   3.055754     1.9278   3.055634    4.33839    -0.0104    13.8155 0.0000e+00  -61.09717  -58.11683 1152264452 188.394144    34.6315      10994          6  0.000e+00
    302.192     1.9268   3.055730     1.9273   3.055610    4.33839    -0.0319    13.8155 0.0000e+00  -61.09717  -58.11683 1152264452 188.394144    34.6305      10995          6  0.000e+00
    302.192     1.9266   3.055740     1.9274   3.055598    4.33840    -0.0319    13.8155 0.0000e+00  -61.09717  -58.11683 1152264452 188.394145    34.6308      10996          6  0.000e+00
