product_data/regression_test/downloaded_data/MDGS/320620060703/ctd/p6609609.ros
* Sea-Bird SBE 9 Data File:
* FileName = D:\Data\Raw\p6609609.dat
* Software Version Seasave Win32 V 5.32
* Temperature SN = 1649
* Conductivity SN = 1431
* Number of Bytes Per Scan = 37
* Number of Voltage Words = 5
* Number of Scans Averaged by the Deck Unit = 1
* NMEA Latitude = 60 45.06 S
* NMEA Longitude = 058 22.44 W
* NMEA UTC (Time) = 01:40:12
** Ship:   Nathaniel B. Palmer 
** Cruise:    NBP0606 
# nquan = 17
# nvalues = 1176                    
# units = specified
# name 0 = prDM: Pressure, Digiquartz [db]
# name 1 = t090C: Temperature [ITS-90, deg C]
# name 2 = c0S/m: Conductivity [S/m]
# name 3 = t190C: Temperature, 2 [ITS-90, deg C]
# name 4 = c1S/m: Conductivity, 2 [S/m]
# name 5 = sbeox0ML/L: Oxygen, SBE 43 [ml/l]
# name 6 = flECO-AFL: Fluorescence, Wetlab ECO-AFL/FL [mg/m^3]
# name 7 = bat: Beam Attenuation, Chelsea/Seatech/Wetlab CStar [1/m]
# name 8 = spar: SPAR/Surface Irradiance
# name 9 = latitude: Latitude [deg]
# name 10 = longitude: Longitude [deg]
# name 11 = timeY: Time, System [seconds]
# name 12 = timeJ: Julian Days
# name 13 = sal00: Salinity [PSU]
# name 14 = scan: scan number
# name 15 = nbf: number of bottles fired
# name 16 = flag:  0.000e+00
# interval = seconds: 0.0416667                   
# start_time = Jul 12 2006 01:40:20
*END*
[from data line 852]
     29.509    -0.8063   2.753812    -0.8062   2.754496    8.10700     0.1403    13.8155 0.0000e+00  -60.75100  -58.37400 1152668553 193.071241    33.8847       3247         18  0.000e+00
     29.528    -0.8066   2.753808    -0.8059   2.754467    8.10708     0.1726    13.8155 0.0000e+00  -60.75100  -58.37400 1152668553 193.071242    33.8850       3248         18  0.000e+00
     29.595    -0.8066   2.753809    -0.8062   2.754450    8.10715     0.1510    13.8155 0.0000e+00  -60.75100  -58.37400 1152668554 193.071242    33.8850       3249         18  0.000e+00
     29.528    -0.8065   2.753808    -0.8061   2.754484    8.10705     0.1833    13.8155 0.0000e+00  -60.75100  -58.37400 1152668554 193.071243    33.8849       3250         18  0.000e+00
     29.585    -0.8065   2.753822    -0.8061   2.754467    8.10711     0.1618    13.8155 0.0000e+00  -60.75100  -58.37400 1152668554 193.071243    33.8850       3251         18  0.000e+00
     29.528    -0.8061   2.753828    -0.8062   2.754490    8.10698     0.1726    13.8155 0.0000e+00  -60.75100  -58.37400 1152668554 193.071244    33.8848       3252         18  0.000e+00
     29.595    -0.8069   2.753828    -0.8061   2.754502    8.10719     0.1941    13.8155 0.0000e+00  -60.75100  -58.37400 1152668554 193.071244    33.8856       3253         18  0.000e+00
     29.585    -0.8061   2.753812    -0.8059   2.754484    8.10706     0.1941    13.8155 0.0000e+00  -60.75100  -58.37400 1152668554 193.071245    33.8845       3254         18  0.000e+00
     29.595    -0.8063   2.753808    -0.8061   2.754461    8.10241     0.2371    13.8155 0.0000e+00  -60.75100  -58.37400 1152668554 193.071245    33.8846       3255         18  0.000e+00
     29.595    -0.8063   2.753789    -0.8061   2.754473    8.10242     0.2156    13.8155 0.0000e+00  -60.75100  -58.37400 1152668554 193.071246    33.8844       3256         18  0.000e+00
     29.662    -0.8065   2.753815    -0.8062   2.754455    8.10720     0.2156    13.8155 0.0000e+00  -60.75100  -58.37400 1152668554 193.071246    33.8849       3257         18  0.000e+00
     29.586    -0.8064   2.753795    -0.8059   2.754467    8.10243     0.2263    13.8155 0.0000e+00  -60.75100  -58.37400 1152668554 193.071247    33.8846       3258         18  0.000e+00
     29.662    -0.8067   2.753815    -0.8065   2.754484    8.10725     0.2371    13.8155 0.0000e+00  -60.75100  -58.37400 1152668554 193.071247    33.8852       3259         18  0.000e+00
     29.595    -0.8063   2.753795    -0.8058   2.754519    8.10242     0.2156    13.8155 0.0000e+00  -60.75100  -58.37400 1152668554 193.071248    33.8845       3260         18  0.000e+00
     29.652    -0.8065   2.753815    -0.8062   2.754507    8.10250     0.2263    13.8155 0.0000e+00  -60.75100  -58.37400 1152668554 193.071248    33.8849       3261         18  0.000e+00
     29.662    -0.8066   2.753845    -0.8059   2.754502    8.10251     0.2371    13.8155 0.0000e+00  -60.75100  -58.37400 1152668554 193.071249    33.8855       3262         18  0.000e+00
     29.595    -0.8067   2.753818    -0.8062   2.754490    8.10248     0.2156    13.8155 0.0000e+00  -60.75100  -58.37400 1152668554 193.071249    33.8853       3263         18  0.000e+00
     29.662    -0.8063   2.753789    -0.8064   2.754496    8.10250     0.2263    13.8155 0.0000e+00  -60.75100  -58.37400 1152668554 193.071250    33.8843       3264         18  0.000e+00
     29.719    -0.8067   2.753786    -0.8061   2.754519    8.10264     0.2156    13.8155 0.0000e+00  -60.75100  -58.37400 1152668554 193.071250    33.8848       3265         18  0.000e+00
     29.662    -0.8066   2.753815    -0.8061   2.754507    8.10253     0.2048    13.8155 0.0000e+00  -60.75100  -58.37400 1152668554 193.071250    33.8851       3266         18  0.000e+00
     29.662    -0.8066   2.753812    -0.8058   2.754490    8.10253     0.1833    13.8155 0.0000e+00  -60.75100  -58.37400 1152668554 193.071251    33.8850       3267         18  0.000e+00
     29.652    -0.8069   2.753822    -0.8068   2.754478    8.10257     0.1510    13.8155 0.0000e+00  -60.75100  -58.37400 1152668554 193.071251    33.8855       3268         18  0.000e+00
     29.738    -0.8065   2.753812    -0.8064   2.754478    8.10260     0.1833    13.8155 0.0000e+00  -60.75100  -58.37400 1152668554 193.071252    33.8848       3269         18  0.000e+00
     29.738    -0.8066   2.753838    -0.8061   2.754496    8.10260     0.2156    13.8155 0.0000e+00  -60.75100  -58.37400 1152668554 193.071252    33.8853       3270         18  0.000e+00
     29.662    -0.8057   2.753818    -0.8059   2.754490    8.10238     0.1941    13.8155 0.0000e+00  -60.75100  -58.37400 1152668554 193.071253    33.8840       3271         18  0.000e+00
     29.719    -0.8060   2.753822    -0.8062   2.754478    8.10249     0.1833    13.8155 0.0000e+00  -60.75100  -58.37400 1152668554 193.071253    33.8844       3272         18  0.000e+00
     29.738    -0.8065   2.753828    -0.8059   2.754478    8.10258     0.1618    13.8155 0.0000e+00  -60.75100  -58.37400 1152668555 193.071254    33.8850       3273         18  0.000e+00
     29.805    -0.8065   2.753812    -0.8061   2.754484    8.10267     0.1726    13.8155 0.0000e+00  -60.75100  -58.37400 1152668555 193.071254    33.8848       3274         18  0.000e+00
     29.738    -0.8063   2.753809    -0.8065   2.754478    8.10257     0.2048    13.8155 0.0000e+00  -60.75100  -58.37400 1152668555 193.071255    33.8846       3275         18  0.000e+00
     29.719    -0.8067   2.753809    -0.8068   2.754455    8.10262     0.2156    13.8155 0.0000e+00  -60.75100  -58.37400 1152668555 193.071255    33.8851       3276         18  0.000e+00
     29.739    -0.8061   2.753828    -0.8065   2.754502    8.09784     0.1726    13.8155 0.0000e+00  -60.75100  -58.37400 1152668562 193.071341    33.8847       3453         19  0.000e+00
     29.739    -0.8063   2.753812    -0.8062   2.754490    8.09318     0.1295    13.8155 0.0000e+00  -60.75100  -58.37400 1152668562 193.071341    33.8846       3454         19  0.000e+00
     29.653    -0.8065   2.753822    -0.8059   2.754496    8.09311     0.1618    13.8155 0.0000e+00  -60.75100  -58.37400 1152668562 193.071342    33.8850       3455         19  0.000e+00
     29.663    -0.8066   2.753845    -0.8061   2.754484    8.09313     0.1188    13.8155 0.0000e+00  -60.75100  -58.37400 1152668562 193.071342    33.8855       3456         19  0.000e+00
     29.663    -0.8065   2.753851    -0.8058   2.754502    8.09310     0.1080    13.8155 0.0000e+00  -60.75100  -58.37400 1152668562 193.071343    33.8854       3457         19  0.000e+00
     29.663    -0.8063   2.753818    -0.8058   2.754484    8.09310     0.1295    13.8155 0.0000e+00  -60.75100  -58.37400 1152668562 193.071343    33.8847       3458         19  0.000e+00
     29.587    -0.8058   2.753874    -0.8061   2.754496    8.09289     0.1618    13.8155 0.0000e+00  -60.75100  -58.37400 1152668562 193.071344    33.8850       3459         19  0.000e+00
     29.596    -0.8060   2.753861    -0.8053   2.754519    8.09294     0.1726    13.8155 0.0000e+00  -60.75100  -58.37400 1152668562 193.071344    33.8850       3460         19  0.000e+00
     29.596    -0.8060   2.753851    -0.8058   2.754513    8.09295     0.1833    13.8155 0.0000e+00  -60.75100  -58.37400 1152668562 193.071345    33.8849       3461         19  0.000e+00
     29.587    -0.8063   2.753868    -0.8053   2.754525    8.09297     0.1941    13.8155 0.0000e+00  -60.75100  -58.37400 1152668562 193.071345    33.8855       3462         19  0.000e+00
     29.530    -0.8055   2.753874    -0.8056   2.754530    8.09278     0.1618    13.8155 0.0000e+00  -60.75100  -58.37400 1152668562 193.071345    33.8847       3463         19  0.000e+00
     29.530    -0.8060   2.753874    -0.8053   2.754530    8.09286     0.1618    13.8155 0.0000e+00  -60.75100  -58.37400 1152668562 193.071346    33.8853       3464         19  0.000e+00
     29.530    -0.8060   2.753874    -0.8053   2.754536    8.09286     0.2263    13.8155 0.0000e+00  -60.75100  -58.37400 1152668563 193.071346    33.8853       3465         19  0.000e+00
     29.511    -0.8054   2.753854    -0.8053   2.754530    8.09275     0.1510    13.8155 0.0000e+00  -60.75100  -58.37400 1152668563 193.071347    33.8843       3466         19  0.000e+00
     29.453    -0.8053   2.753884    -0.8059   2.754565    8.09266     0.1080    13.8155 0.0000e+00  -60.75100  -58.37400 1152668563 193.071347    33.8847       3467         19  0.000e+00
     29.453    -0.8055   2.753897    -0.8050   2.754519    8.09737     0.1510    13.8155 0.0000e+00  -60.75100  -58.37400 1152668563 193.071348    33.8851       3468         19  0.000e+00
     29.444    -0.8055   2.753877    -0.8048   2.754548    8.09737     0.2048    13.8155 0.0000e+00  -60.75100  -58.37400 1152668563 193.071348    33.8848       3469         19  0.000e+00
     29.453    -0.8054   2.753874    -0.8052   2.754536    8.09736     0.1726    13.8155 0.0000e+00  -60.75100  -58.37400 1152668563 193.071349    33.8846       3470         19  0.000e+00
     29.387    -0.8052   2.753854    -0.8053   2.754548    8.09259     0.1403    13.8155 0.0000e+00  -60.75100  -58.37400 1152668563 193.071349    33.8842       3471         19  0.000e+00
     29.387    -0.8052   2.753868    -0.8052   2.754513    8.09258     0.1941    13.8155 0.0000e+00  -60.75100  -58.37400 1152668563 193.071350    33.8844       3472         19  0.000e+00
     29.377    -0.8058   2.753874    -0.8049   2.754530    8.09734     0.2156    13.8155 0.0000e+00  -60.75100  -58.37400 1152668563 193.071350    33.8851       3473         19  0.000e+00
     29.387    -0.8054   2.753874    -0.8055   2.754490    8.09729     0.2909    13.8155 0.0000e+00  -60.75100  -58.37400 1152668563 193.071351    33.8846       3474         19  0.000e+00
     29.387    -0.8055   2.753874    -0.8052   2.754530    8.09262     0.2156    13.8155 0.0000e+00  -60.75100  -58.37400 1152668563 193.071351    33.8848       3475         19  0.000e+00
     29.301    -0.8057   2.753874    -0.8057   2.754536    8.09724     0.1941    13.8155 0.0000e+00  -60.75100  -58.37400 1152668563 193.071352    33.8850       3476         19  0.000e+00
     29.310    -0.8058   2.753874    -0.8055   2.754513    8.09727     0.1941    13.8155 0.0000e+00  -60.75100  -58.37400 1152668563 193.071352    33.8852       3477         19  0.000e+00
     29.310    -0.8057   2.753874    -0.8050   2.754542    8.09256     0.2156    13.8155 0.0000e+00  -60.75100  -58.37400 1152668563 193.071353    33.8850       3478         19  0.000e+00
     29.234    -0.8060   2.753854    -0.8053   2.754513    8.09723     0.2371    13.8155 0.0000e+00  -60.75100  -58.37400 1152668563 193.071353    33.8851       3479         19  0.000e+00
     29.310    -0.8060   2.753868    -0.8058   2.754507    8.09731     0.2263    13.8155 0.0000e+00  -60.75100  -58.37400 1152668563 193.071354    33.8853       3480         19  0.000e+00
     29.244    -0.8061   2.753854    -0.8053   2.754525    8.09726     0.1941    13.8155 0.0000e+00  -60.75100  -58.37400 1152668563 193.071354    33.8853       3481         19  0.000e+00
     29.244    -0.8061   2.753851    -0.8055   2.754507    8.09727     0.1941    13.8155 0.0000e+00  -60.75100  -58.37400 1152668563 193.071355    33.8853       3482         19  0.000e+00
     29.167    -0.8061   2.753851    -0.8054   2.754519    8.09718     0.2371    13.8155 0.0000e+00  -60.75100  -58.37400 1152668563 193.071355    33.8853       3483         19  0.000e+00
     29.244    -0.8060   2.753851    -0.8050   2.754536    8.09724     0.2156    13.8155 0.0000e+00  -60.75100  -58.37400 1152668563 193.071356    33.8851       3484         19  0.000e+00
     29.177    -0.8063   2.753868    -0.8058   2.754530    8.09251     0.1726    13.8155 0.0000e+00  -60.75100  -58.37400 1152668563 193.071356    33.8857       3485         19  0.000e+00
     29.167    -0.8060   2.753838    -0.8056   2.754548    8.09716     0.1941    13.8155 0.0000e+00  -60.75100  -58.37400 1152668563 193.071357    33.8850       3486         19  0.000e+00
     29.177    -0.8057   2.753877    -0.8052   2.754513    8.09710     0.1941    13.8155 0.0000e+00  -60.75100  -58.37400 1152668563 193.071357    33.8852       3487         19  0.000e+00
     29.177    -0.8060   2.753861    -0.8053   2.754530    8.09716     0.2263    13.8155 0.0000e+00  -60.75100  -58.37400 1152668563 193.071358    33.8853       3488         19  0.000e+00
     29.101    -0.8063   2.753831    -0.8050   2.754571    8.09714     0.2048    13.8155 0.0000e+00  -60.75100  -58.37400 1152668564 193.071358    33.8853       3489         19  0.000e+00
     29.167    -0.8061   2.753861    -0.8049   2.754542    8.09717     0.2479    13.8155 0.0000e+00  -60.75100  -58.37400 1152668564 193.071359    33.8855       3490         19  0.000e+00
     29.101    -0.8063   2.753838    -0.8052   2.754548    8.09714     0.1833    13.8155 0.0000e+00  -60.75100  -58.37400 1152668564 193.071359    33.8854       3491         19  0.000e+00
     29.101    -0.8061   2.753828    -0.8049   2.754542    8.09712     0.1833    13.8155 0.0000e+00  -60.75100  -58.37400 1152668564 193.071359    33.8850       3492         19  0.000e+00
     29.091    -0.8066   2.753812    -0.8049   2.754548    8.09720     0.1833    13.8155 0.0000e+00  -60.75100  -58.37400 1152668564 193.071360    33.8854       3493         19  0.000e+00
     29.101    -0.8061   2.753838    -0.8047   2.754571    8.09712     0.1941    13.8155 0.0000e+00  -60.75100  -58.37400 1152668564 193.071360    33.8852       3494         19  0.000e+00
     29.034    -0.8058   2.753851    -0.8052   2.754559    8.09698     0.2156    13.8155 0.0000e+00  -60.75100  -58.37400 1152668564 193.071361    33.8851       3495         19  0.000e+00
     29.034    -0.8063   2.753831    -0.8054   2.754519    8.09707     0.2371    13.8155 0.0000e+00  -60.75100  -58.37400 1152668564 193.071361    33.8853       3496         19  0.000e+00
     29.091    -0.8067   2.753828    -0.8053   2.754542    8.10190     0.2048    13.8155 0.0000e+00  -60.75100  -58.37400 1152668564 193.071362    33.8857       3497         19  0.000e+00
     29.034    -0.8060   2.753812    -0.8056   2.754513    8.10172     0.1618    13.8155 0.0000e+00  -60.75100  -58.37400 1152668564 193.071362    33.8847       3498         19  0.000e+00
     29.034    -0.8061   2.753838    -0.8052   2.754530    8.09704     0.1941    13.8155 0.0000e+00  -60.75100  -58.37400 1152668564 193.071363    33.8852       3499         19  0.000e+00
     29.025    -0.8061   2.753867    -0.8052   2.754530    8.09701     0.2479    13.8155 0.0000e+00  -60.75100  -58.37400 1152668564 193.071363    33.8856       3500         19  0.000e+00
     29.034    -0.8063   2.753854    -0.8053   2.754530    8.09705     0.2263    13.8155 0.0000e+00  -60.75100  -58.37400 1152668564 193.071364    33.8856       3501         19  0.000e+00
     29.798    -0.8060   2.753861    -0.8056   2.754507    8.10724     0.2371    13.8155 0.0000e+00  -60.75100  -58.37400 1152668571 193.071443    33.8849       3665         20  0.000e+00
     29.807    -0.8066   2.753904    -0.8056   2.754519    8.10732     0.1726    13.8155 0.0000e+00  -60.75100  -58.37400 1152668571 193.071443    33.8862       3666         20  0.000e+00
     29.874    -0.8064   2.753868    -0.8062   2.754536    8.10739     0.1403    13.8155 0.0000e+00  -60.75100  -58.37400 1152668571 193.071444    33.8854       3667         20  0.000e+00
     29.798    -0.8065   2.753832    -0.8059   2.754530    8.10734     0.1726    13.8155 0.0000e+00  -60.75100  -58.37400 1152668571 193.071444    33.8850       3668         20  0.000e+00
     29.741    -0.8066   2.753878    -0.8058   2.754530    8.10726     0.1618    13.8155 0.0000e+00  -60.75100  -58.37400 1152668571 193.071445    33.8858       3669         20  0.000e+00
