product_data/regression_test/downloaded_data/MDGS/320620060703/ctd/p6608001.ros
* Sea-Bird SBE 9 Data File:
* FileName = D:\Data\Raw\P6608001.dat
* Software Version Seasave Win32 V 5.32
* Temperature SN = 1649
* Conductivity SN = 1431
* Number of Bytes Per Scan = 37
* Number of Voltage Words = 5
* Number of Scans Averaged by the Deck Unit = 1
* NMEA Latitude = 62 21.59 S
* NMEA Longitude = 058 02.34 W
* NMEA UTC (Time) = 07:48:11
** Ship:   Nathaniel B. Palmer 
** Cruise:    NBP0603 p0606
** Cast #: 01
** Station:   80
** Operator: 
# nquan = 17
# nvalues = 1176                    
# units = specified
# name 0 = prDM: Pressure, Digiquartz [db]
# name 1 = t090C: Temperature [ITS-90, deg C]
# name 2 = c0S/m: Conductivity [S/m]
# name 3 = t190C: Temperature, 2 [ITS-90, deg C]
# name 4 = c1S/m: Conductivity, 2 [S/m]
# name 5 = sbeox0ML/L: Oxygen, SBE 43 [ml/l]
# name 6 = flECO-AFL: Fluorescence, Wetlab ECO-AFL/FL [mg/m^3]
# name 7 = bat: Beam Attenuation, Chelsea/Seatech/Wetlab CStar [1/m]
# name 8 = spar: SPAR/Surface Irradiance
# name 9 = latitude: Latitude [deg]
# name 10 = longitude: Longitude [deg]
# name 11 = timeY: Time, System [seconds]
# name 12 = timeJ: Julian Days
# name 13 = sal00: Salinity [PSU]
# name 14 = scan: scan number
# name 15 = nbf: number of bottles fired
# name 16 = flag:  0.000e+00
# interval = seconds: 0.0416667                   
# start_time = Jul 09 2006 07:48:19
*END*
[from data line 86]
    999.650    -0.9244   2.835345    -0.9232   2.835634    6.60301    -0.1180    13.8155 0.0000e+00  -62.35983  -58.03900 1152433893 190.355264    34.5370      62300          2  0.000e+00
    999.630    -0.9250   2.835325    -0.9238   2.835634    6.60309    -0.1072    13.8155 0.0000e+00  -62.35983  -58.03900 1152433893 190.355264    34.5374      62301          2  0.000e+00
    999.698    -0.9253   2.835218    -0.9238   2.835552    6.60326    -0.0964    13.8155 0.0000e+00  -62.35983  -58.03900 1152433893 190.355265    34.5363      62302          2  0.000e+00
    999.698    -0.9247   2.835218    -0.9250   2.835488    6.60317    -0.0857    13.8155 0.0000e+00  -62.35983  -58.03900 1152433893 190.355265    34.5356      62303          2  0.000e+00
    999.698    -0.9255   2.835128    -0.9242   2.835488    6.60333    -0.1180    13.8155 0.0000e+00  -62.35983  -58.03900 1152433893 190.355266    34.5352      62304          2  0.000e+00
    999.698    -0.9270   2.835059    -0.9232   2.835599    6.60359    -0.1395    13.8155 0.0000e+00  -62.35983  -58.03900 1152433893 190.355266    34.5361      62305          2  0.000e+00
    999.698    -0.9278   2.835032    -0.9222   2.835710    6.60371    -0.1287    13.8155 0.0000e+00  -62.35983  -58.03900 1152433893 190.355267    34.5366      62306          2  0.000e+00
    999.727    -0.9281   2.835059    -0.9224   2.835681    6.60377    -0.1180    13.8155 0.0000e+00  -62.35983  -58.03900 1152433893 190.355267    34.5373      62307          2  0.000e+00
    999.776    -0.9267   2.835155    -0.9228   2.835616    6.60356    -0.1395    13.8155 0.0000e+00  -62.35983  -58.03900 1152433893 190.355268    34.5370      62308          2  0.000e+00
    999.698    -0.9258   2.835285    -0.9235   2.835546    6.60328    -0.1933    13.8155 0.0000e+00  -62.35983  -58.03900 1152433893 190.355268    34.5377      62309          2  0.000e+00
    999.776    -0.9246   2.835355    -0.9227   2.835564    6.60314    -0.1180    13.8155 0.0000e+00  -62.35983  -58.03900 1152433893 190.355269    34.5372      62310          2  0.000e+00
    999.776    -0.9247   2.835385    -0.9225   2.835640    6.60314    -0.1180    13.8155 0.0000e+00  -62.35983  -58.03900 1152433893 190.355269    34.5378      62311          2  0.000e+00
    749.656    -0.8142   2.833204    -0.8150   2.833403    6.50822    -0.1933    13.8155 0.0000e+00  -62.35983  -58.03900 1152434256 190.359472    34.5302      71026          3  0.000e+00
    749.656    -0.8145   2.833187    -0.8140   2.833421    6.50827    -0.1287    13.8155 0.0000e+00  -62.35983  -58.03900 1152434256 190.359472    34.5303      71027          3  0.000e+00
    749.656    -0.8148   2.833204    -0.8139   2.833427    6.51345    -0.1287    13.8155 0.0000e+00  -62.35983  -58.03900 1152434256 190.359473    34.5308      71028          3  0.000e+00
    749.800    -0.8140   2.833227    -0.8136   2.833468    6.51346    -0.1610    13.8155 0.0000e+00  -62.35983  -58.03900 1152434256 190.359473    34.5302      71029          3  0.000e+00
    749.742    -0.8139   2.833250    -0.8134   2.833462    6.50823    -0.1502    13.8155 0.0000e+00  -62.35983  -58.03900 1152434256 190.359474    34.5304      71030          3  0.000e+00
    749.733    -0.8137   2.833217    -0.8138   2.833474    6.50821    -0.1502    13.8155 0.0000e+00  -62.35983  -58.03900 1152434256 190.359474    34.5297      71031          3  0.000e+00
    749.877    -0.8142   2.833260    -0.8131   2.833462    6.51353    -0.1287    13.8155 0.0000e+00  -62.35983  -58.03900 1152434256 190.359475    34.5308      71032          3  0.000e+00
    749.800    -0.8139   2.833280    -0.8134   2.833450    6.50826    -0.1610    13.8155 0.0000e+00  -62.35983  -58.03900 1152434256 190.359475    34.5307      71033          3  0.000e+00
    749.877    -0.8134   2.833280    -0.8131   2.833479    6.50827    -0.1502    13.8155 0.0000e+00  -62.35983  -58.03900 1152434256 190.359476    34.5302      71034          3  0.000e+00
    749.945    -0.8136   2.833244    -0.8137   2.833427    6.50837    -0.1395    13.8155 0.0000e+00  -62.35983  -58.03900 1152434256 190.359476    34.5298      71035          3  0.000e+00
    749.945    -0.8134   2.833267    -0.8135   2.833439    6.50834    -0.1610    13.8155 0.0000e+00  -62.35983  -58.03900 1152434257 190.359477    34.5300      71036          3  0.000e+00
    749.945    -0.8132   2.833294    -0.8137   2.833456    6.50830    -0.1287    13.8155 0.0000e+00  -62.35983  -58.03900 1152434257 190.359477    34.5301      71037          3  0.000e+00
    750.012    -0.8132   2.833267    -0.8139   2.833474    6.50838    -0.1502    13.8155 0.0000e+00  -62.35983  -58.03900 1152434257 190.359478    34.5297      71038          3  0.000e+00
    750.012    -0.8131   2.833274    -0.8133   2.833462    6.50835    -0.1718    13.8155 0.0000e+00  -62.35983  -58.03900 1152434257 190.359478    34.5296      71039          3  0.000e+00
    750.089    -0.8134   2.833244    -0.8133   2.833497    6.50847    -0.1395    13.8155 0.0000e+00  -62.35983  -58.03900 1152434257 190.359479    34.5295      71040          3  0.000e+00
    750.089    -0.8134   2.833234    -0.8135   2.833491    6.50849    -0.1287    13.8155 0.0000e+00  -62.35983  -58.03900 1152434257 190.359479    34.5294      71041          3  0.000e+00
    750.089    -0.8140   2.833194    -0.8131   2.833503    6.50859    -0.1072    13.8155 0.0000e+00  -62.35983  -58.03900 1152434257 190.359480    34.5296      71042          3  0.000e+00
    750.157    -0.8142   2.833184    -0.8133   2.833491    6.50868    -0.1287    13.8155 0.0000e+00  -62.35983  -58.03900 1152434257 190.359480    34.5296      71043          3  0.000e+00
    750.157    -0.8145   2.833171    -0.8136   2.833456    6.50873    -0.1287    13.8155 0.0000e+00  -62.35983  -58.03900 1152434257 190.359481    34.5298      71044          3  0.000e+00
    750.244    -0.8148   2.833147    -0.8136   2.833433    6.50887    -0.0964    13.8155 0.0000e+00  -62.35983  -58.03900 1152434257 190.359481    34.5297      71045          3  0.000e+00
    750.234    -0.8142   2.833174    -0.8136   2.833468    6.50876    -0.1072    13.8155 0.0000e+00  -62.35983  -58.03900 1152434257 190.359482    34.5294      71046          3  0.000e+00
    750.157    -0.8145   2.833204    -0.8137   2.833444    6.50871    -0.1287    13.8155 0.0000e+00  -62.35983  -58.03900 1152434257 190.359482    34.5302      71047          3  0.000e+00
    750.379    -0.8142   2.833161    -0.8140   2.833445    6.50890    -0.1287    13.8155 0.0000e+00  -62.35983  -58.03900 1152434257 190.359483    34.5291      71048          3  0.000e+00
    750.379    -0.8143   2.833194    -0.8140   2.833480    6.50889    -0.1395    13.8155 0.0000e+00  -62.35983  -58.03900 1152434257 190.359483    34.5297      71049          3  0.000e+00
    750.301    -0.8139   2.833191    -0.8131   2.833503    6.50877    -0.1072    13.8155 0.0000e+00  -62.35983  -58.03900 1152434257 190.359484    34.5292      71050          3  0.000e+00
    750.446    -0.8143   2.833257    -0.8130   2.833491    6.50892    -0.0964    13.8155 0.0000e+00  -62.35983  -58.03900 1152434257 190.359484    34.5306      71051          3  0.000e+00
    750.379    -0.8137   2.833257    -0.8127   2.833509    6.50878    -0.1072    13.8155 0.0000e+00  -62.35983  -58.03900 1152434257 190.359484    34.5299      71052          3  0.000e+00
    750.446    -0.8137   2.833304    -0.8131   2.833550    6.50881    -0.1395    13.8155 0.0000e+00  -62.35983  -58.03900 1152434257 190.359485    34.5305      71053          3  0.000e+00
    750.513    -0.8137   2.833304    -0.8125   2.833561    6.50887    -0.1933    13.8155 0.0000e+00  -62.35983  -58.03900 1152434257 190.359485    34.5305      71054          3  0.000e+00
    750.446    -0.8136   2.833350    -0.8131   2.833538    6.50876    -0.1395    13.8155 0.0000e+00  -62.35983  -58.03900 1152434257 190.359486    34.5309      71055          3  0.000e+00
    750.514    -0.8130   2.833350    -0.8131   2.833515    6.50874    -0.1072    13.8155 0.0000e+00  -62.35983  -58.03900 1152434257 190.359486    34.5302      71056          3  0.000e+00
    750.591    -0.8132   2.833347    -0.8133   2.833526    6.50885    -0.1072    13.8155 0.0000e+00  -62.35983  -58.03900 1152434257 190.359487    34.5305      71057          3  0.000e+00
    750.591    -0.8129   2.833364    -0.8134   2.833538    6.50879    -0.1072    13.8155 0.0000e+00  -62.35983  -58.03900 1152434257 190.359487    34.5303      71058          3  0.000e+00
    750.591    -0.8128   2.833334    -0.8131   2.833515    6.50880    -0.1287    13.8155 0.0000e+00  -62.35983  -58.03900 1152434257 190.359488    34.5297      71059          3  0.000e+00
    750.658    -0.8131   2.833340    -0.8127   2.833532    6.50890    -0.1287    13.8155 0.0000e+00  -62.35983  -58.03900 1152434258 190.359488    34.5302      71060          3  0.000e+00
    750.600    -0.8130   2.833327    -0.8133   2.833515    6.50883    -0.1072    13.8155 0.0000e+00  -62.35983  -58.03900 1152434258 190.359489    34.5298      71061          3  0.000e+00
    750.735    -0.8136   2.833317    -0.8133   2.833550    6.50904    -0.1502    13.8155 0.0000e+00  -62.35983  -58.03900 1152434258 190.359489    34.5303      71062          3  0.000e+00
    750.658    -0.8134   2.833357    -0.8134   2.833521    6.50893    -0.1180    13.8155 0.0000e+00  -62.35983  -58.03900 1152434258 190.359490    34.5307      71063          3  0.000e+00
    750.735    -0.8130   2.833334    -0.8131   2.833509    6.50895    -0.1180    13.8155 0.0000e+00  -62.35983  -58.03900 1152434258 190.359490    34.5299      71064          3  0.000e+00
    750.735    -0.8132   2.833324    -0.8131   2.833550    6.50900    -0.1502    13.8155 0.0000e+00  -62.35983  -58.03900 1152434258 190.359491    34.5301      71065          3  0.000e+00
    750.803    -0.8134   2.833324    -0.8133   2.833526    6.50907    -0.1502    13.8155 0.0000e+00  -62.35983  -58.03900 1152434258 190.359491    34.5301      71066          3  0.000e+00
    750.803    -0.8132   2.833304    -0.8134   2.833567    6.50907    -0.1933    13.8155 0.0000e+00  -62.35983  -58.03900 1152434258 190.359492    34.5297      71067          3  0.000e+00
    750.803    -0.8140   2.833267    -0.8131   2.833550    6.51434    -0.2040    13.8155 0.0000e+00  -62.35983  -58.03900 1152434258 190.359492    34.5301      71068          3  0.000e+00
    750.803    -0.8139   2.833237    -0.8133   2.833521    6.51434    -0.1718    13.8155 0.0000e+00  -62.35983  -58.03900 1152434258 190.359493    34.5296      71069          3  0.000e+00
    750.870    -0.8142   2.833251    -0.8140   2.833550    6.50929    -0.1502    13.8155 0.0000e+00  -62.35983  -58.03900 1152434258 190.359493    34.5301      71070          3  0.000e+00
    750.870    -0.8139   2.833307    -0.8130   2.833561    6.50921    -0.1072    13.8155 0.0000e+00  -62.35983  -58.03900 1152434258 190.359494    34.5305      71071          3  0.000e+00
    750.870    -0.8137   2.833340    -0.8131   2.833538    6.50917    -0.0964    13.8155 0.0000e+00  -62.35983  -58.03900 1152434258 190.359494    34.5308      71072          3  0.000e+00
    750.870    -0.8137   2.833307    -0.8136   2.833515    6.51434    -0.1287    13.8155 0.0000e+00  -62.35983  -58.03900 1152434258 190.359495    34.5303      71073          3  0.000e+00
    750.947    -0.8139   2.833297    -0.8134   2.833509    6.50929    -0.1610    13.8155 0.0000e+00  -62.35983  -58.03900 1152434258 190.359495    34.5303      71074          3  0.000e+00
    749.881    -0.8136   2.833237    -0.8133   2.833433    6.50832    -0.1287    13.8155 0.0000e+00  -62.35983  -58.03900 1152434264 190.359559    34.5297      71207          4  0.000e+00
    749.736    -0.8137   2.833234    -0.8133   2.833427    6.50821    -0.1502    13.8155 0.0000e+00  -62.35983  -58.03900 1152434264 190.359560    34.5300      71208          4  0.000e+00
    749.592    -0.8134   2.833263    -0.8133   2.833450    6.50802    -0.1395    13.8155 0.0000e+00  -62.35983  -58.03900 1152434264 190.359560    34.5301      71209          4  0.000e+00
    749.804    -0.8137   2.833260    -0.8134   2.833450    6.50826    -0.1180    13.8155 0.0000e+00  -62.35983  -58.03900 1152434264 190.359561    34.5303      71210          4  0.000e+00
    749.737    -0.8137   2.833237    -0.8136   2.833479    6.50821    -0.1180    13.8155 0.0000e+00  -62.35983  -58.03900 1152434264 190.359561    34.5300      71211          4  0.000e+00
    749.659    -0.8132   2.833234    -0.8136   2.833456    6.50808    -0.1287    13.8155 0.0000e+00  -62.35983  -58.03900 1152434264 190.359562    34.5295      71212          4  0.000e+00
    749.737    -0.8139   2.833214    -0.8131   2.833456    6.51339    -0.0964    13.8155 0.0000e+00  -62.35983  -58.03900 1152434264 190.359562    34.5299      71213          4  0.000e+00
    749.737    -0.8139   2.833260    -0.8137   2.833438    6.51336    -0.1395    13.8155 0.0000e+00  -62.35983  -58.03900 1152434264 190.359563    34.5305      71214          4  0.000e+00
    749.737    -0.8134   2.833244    -0.8133   2.833468    6.51330    -0.1718    13.8155 0.0000e+00  -62.35983  -58.03900 1152434264 190.359563    34.5297      71215          4  0.000e+00
    749.660    -0.8134   2.833250    -0.8136   2.833462    6.50809    -0.1395    13.8155 0.0000e+00  -62.35983  -58.03900 1152434264 190.359564    34.5299      71216          4  0.000e+00
    749.737    -0.8134   2.833237    -0.8136   2.833474    6.50817    -0.0964    13.8155 0.0000e+00  -62.35983  -58.03900 1152434264 190.359564    34.5297      71217          4  0.000e+00
    749.660    -0.8132   2.833267    -0.8139   2.833444    6.51320    -0.0749    13.8155 0.0000e+00  -62.35983  -58.03900 1152434264 190.359565    34.5299      71218          4  0.000e+00
    749.737    -0.8136   2.833257    -0.8133   2.833444    6.51332    -0.1180    13.8155 0.0000e+00  -62.35983  -58.03900 1152434264 190.359565    34.5301      71219          4  0.000e+00
    749.679    -0.8137   2.833254    -0.8133   2.833456    6.50815    -0.1180    13.8155 0.0000e+00  -62.35983  -58.03900 1152434264 190.359565    34.5303      71220          4  0.000e+00
    749.660    -0.8140   2.833257    -0.8141   2.833450    6.51332    -0.1287    13.8155 0.0000e+00  -62.35983  -58.03900 1152434264 190.359566    34.5307      71221          4  0.000e+00
    749.737    -0.8132   2.833274    -0.8134   2.833456    6.51327    -0.1287    13.8155 0.0000e+00  -62.35983  -58.03900 1152434264 190.359566    34.5300      71222          4  0.000e+00
    749.660    -0.8131   2.833260    -0.8137   2.833450    6.51319    -0.0749    13.8155 0.0000e+00  -62.35983  -58.03900 1152434264 190.359567    34.5297      71223          4  0.000e+00
    749.660    -0.8135   2.833273    -0.8136   2.833433    6.51324    -0.0857    13.8155 0.0000e+00  -62.35983  -58.03900 1152434264 190.359567    34.5303      71224          4  0.000e+00
    749.660    -0.8137   2.833244    -0.8137   2.833468    6.51328    -0.0642    13.8155 0.0000e+00  -62.35983  -58.03900 1152434264 190.359568    34.5302      71225          4  0.000e+00
    749.660    -0.8136   2.833234    -0.8133   2.833462    6.51327    -0.0857    13.8155 0.0000e+00  -62.35983  -58.03900 1152434264 190.359568    34.5298      71226          4  0.000e+00
    749.737    -0.8134   2.833234    -0.8139   2.833450    6.51332    -0.1395    13.8155 0.0000e+00  -62.35983  -58.03900 1152434264 190.359569    34.5296      71227          4  0.000e+00
    749.660    -0.8137   2.833214    -0.8134   2.833433    6.51330    -0.1395    13.8155 0.0000e+00  -62.35983  -58.03900 1152434265 190.359569    34.5298      71228          4  0.000e+00
    749.660    -0.8132   2.833257    -0.8137   2.833415    6.51321    -0.1502    13.8155 0.0000e+00  -62.35983  -58.03900 1152434265 190.359570    34.5298      71229          4  0.000e+00
