product_data/regression_test/downloaded_data/MDGS/320620060703/ctd/p6606203.ros
* Sea-Bird SBE 9 Data File:
* FileName = D:\Data\Raw\p6606203.dat
* Software Version Seasave Win32 V 5.32
* Temperature SN = 1649
* Conductivity SN = 1431
* Number of Bytes Per Scan = 37
* Number of Voltage Words = 5
* Number of Scans Averaged by the Deck Unit = 1
* NMEA Latitude = 61 05.90 S
* NMEA Longitude = 058 08.62 W
* NMEA UTC (Time) = 07:32:57
** Ship:   Nathaniel B. Palmer 
** Cruise:    NBP0603 
** Cast #: 
** Station:   
** Operator: 
# nquan = 17
# nvalues = 1176                    
# units = specified
# name 0 = prDM: Pressure, Digiquartz [db]
# name 1 = t090C: Temperature [ITS-90, deg C]
# name 2 = c0S/m: Conductivity [S/m]
# name 3 = t190C: Temperature, 2 [ITS-90, deg C]
# name 4 = c1S/m: Conductivity, 2 [S/m]
# name 5 = sbeox0ML/L: Oxygen, SBE 43 [ml/l]
# name 6 = flECO-AFL: Fluorescence, Wetlab ECO-AFL/FL [mg/m^3]
# name 7 = bat: Beam Attenuation, Chelsea/Seatech/Wetlab CStar [1/m]
# name 8 = spar: SPAR/Surface Irradiance
# name 9 = latitude: Latitude [deg]
# name 10 = longitude: Longitude [deg]
# name 11 = timeY: Time, System [seconds]
# name 12 = timeJ: Julian Days
# name 13 = sal00: Salinity [PSU]
# name 14 = scan: scan number
# name 15 = nbf: number of bottles fired
# name 16 = flag:  0.000e+00
# interval = seconds: 0.0416667                   
# start_time = Jul 07 2006 07:33:05
*END*
[from data line 256]
     51.380    -0.8244   2.757872    -0.8204   2.757942    8.03748     0.0004    13.8155 0.0000e+00  -61.09833  -58.14367 1152257730 188.316349    33.9467       3542          6  0.000e+00
     51.447    -0.8244   2.757868    -0.8210   2.757919    8.04226     0.0004    13.8155 0.0000e+00  -61.09833  -58.14367 1152257730 188.316349    33.9466       3543          6  0.000e+00
     51.380    -0.8244   2.757865    -0.8222   2.757901    8.03748     0.0004    13.8155 0.0000e+00  -61.09833  -58.14367 1152257730 188.316350    33.9466       3544          6  0.000e+00
     51.447    -0.8242   2.757885    -0.8220   2.757942    8.03750     0.0004    13.8155 0.0000e+00  -61.09833  -58.14367 1152257730 188.316350    33.9465       3545          6  0.000e+00
     51.447    -0.8238   2.757908    -0.8225   2.757936    8.04213     0.0004    13.8155 0.0000e+00  -61.09833  -58.14367 1152257730 188.316351    33.9464       3546          6  0.000e+00
     51.380    -0.8244   2.757845    -0.8228   2.757948    8.04220    -0.0104    13.8155 0.0000e+00  -61.09833  -58.14367 1152257731 188.316351    33.9463       3547          6  0.000e+00
     51.380    -0.8247   2.757875    -0.8226   2.757959    8.03753     0.0112    13.8155 0.0000e+00  -61.09833  -58.14367 1152257731 188.316352    33.9471       3548          6  0.000e+00
     51.380    -0.8242   2.757921    -0.8229   2.757954    8.03741     0.0219    13.8155 0.0000e+00  -61.09833  -58.14367 1152257731 188.316352    33.9471       3549          6  0.000e+00
     51.447    -0.8249   2.757882    -0.8227   2.757919    8.04233     0.0112    13.8155 0.0000e+00  -61.09833  -58.14367 1152257731 188.316353    33.9473       3550          6  0.000e+00
     51.380    -0.8241   2.757868    -0.8228   2.757942    8.04214     0.0219    13.8155 0.0000e+00  -61.09833  -58.14367 1152257731 188.316353    33.9463       3551          6  0.000e+00
     51.380    -0.8246   2.757885    -0.8232   2.757936    8.03749     0.0542    13.8155 0.0000e+00  -61.09833  -58.14367 1152257731 188.316354    33.9470       3552          6  0.000e+00
     51.380    -0.8247   2.757872    -0.8228   2.757971    8.03753     0.0434    13.8155 0.0000e+00  -61.09833  -58.14367 1152257731 188.316354    33.9470       3553          6  0.000e+00
     51.380    -0.8249   2.757898    -0.8224   2.757965    8.03753     0.0434    13.8155 0.0000e+00  -61.09833  -58.14367 1152257731 188.316355    33.9475       3554          6  0.000e+00
     51.380    -0.8249   2.757911    -0.8225   2.757954    8.03752     0.0650    13.8155 0.0000e+00  -61.09833  -58.14367 1152257731 188.316355    33.9477       3555          6  0.000e+00
     51.380    -0.8246   2.757895    -0.8229   2.757954    8.03748     0.0219    13.8155 0.0000e+00  -61.09833  -58.14367 1152257731 188.316356    33.9471       3556          6  0.000e+00
     51.380    -0.8246   2.757908    -0.8229   2.757942    8.03747    -0.0104    13.8155 0.0000e+00  -61.09833  -58.14367 1152257731 188.316356    33.9473       3557          6  0.000e+00
     51.380    -0.8241   2.757895    -0.8233   2.757971    8.03741    -0.0104    13.8155 0.0000e+00  -61.09833  -58.14367 1152257731 188.316357    33.9466       3558          6  0.000e+00
     51.380    -0.8246   2.757885    -0.8232   2.757982    8.03749     0.0112    13.8155 0.0000e+00  -61.09833  -58.14367 1152257731 188.316357    33.9470       3559          6  0.000e+00
     51.380    -0.8240   2.757888    -0.8231   2.757942    8.03739     0.0650    13.8155 0.0000e+00  -61.09833  -58.14367 1152257731 188.316358    33.9464       3560          6  0.000e+00
     51.380    -0.8240   2.757872    -0.8234   2.757971    8.03740     0.0542    13.8155 0.0000e+00  -61.09833  -58.14367 1152257731 188.316358    33.9461       3561          6  0.000e+00
     51.313    -0.8229   2.757885    -0.8233   2.757965    8.03715     0.0434    13.8155 0.0000e+00  -61.09833  -58.14367 1152257731 188.316359    33.9451       3562          6  0.000e+00
     51.380    -0.8229   2.757872    -0.8234   2.757936    8.03724     0.0542    13.8155 0.0000e+00  -61.09833  -58.14367 1152257731 188.316359    33.9450       3563          6  0.000e+00
     51.380    -0.8236   2.757865    -0.8234   2.757971    8.03736     0.0542    13.8155 0.0000e+00  -61.09833  -58.14367 1152257731 188.316359    33.9457       3564          6  0.000e+00
     51.380    -0.8227   2.757865    -0.8232   2.757988    8.03721     0.0112    13.8155 0.0000e+00  -61.09833  -58.14367 1152257731 188.316360    33.9447       3565          6  0.000e+00
     51.380    -0.8230   2.757835    -0.8238   2.757959    8.03728     0.0004    13.8155 0.0000e+00  -61.09833  -58.14367 1152257731 188.316360    33.9446       3566          6  0.000e+00
     51.380    -0.8233   2.757855    -0.8237   2.757994    8.03732     0.0112    13.8155 0.0000e+00  -61.09833  -58.14367 1152257731 188.316361    33.9452       3567          6  0.000e+00
     51.380    -0.8233   2.757868    -0.8242   2.757994    8.03731    -0.0104    13.8155 0.0000e+00  -61.09833  -58.14367 1152257731 188.316361    33.9454       3568          6  0.000e+00
     51.380    -0.8230   2.757865    -0.8237   2.757982    8.03726     0.0219    13.8155 0.0000e+00  -61.09833  -58.14367 1152257731 188.316362    33.9450       3569          6  0.000e+00
     51.314    -0.8236   2.757885    -0.8235   2.757965    8.03727     0.0112    13.8155 0.0000e+00  -61.09833  -58.14367 1152257731 188.316362    33.9460       3570          6  0.000e+00
     51.380    -0.8236   2.757872    -0.8243   2.757977    8.03735    -0.0104    13.8155 0.0000e+00  -61.09833  -58.14367 1152257732 188.316363    33.9458       3571          6  0.000e+00
     51.380    -0.8227   2.757868    -0.8234   2.758000    8.03721     0.0327    13.8155 0.0000e+00  -61.09833  -58.14367 1152257732 188.316363    33.9447       3572          6  0.000e+00
     51.380    -0.8230   2.757868    -0.8231   2.757988    8.03726     0.0650    13.8155 0.0000e+00  -61.09833  -58.14367 1152257732 188.316364    33.9450       3573          6  0.000e+00
     51.447    -0.8229   2.757849    -0.8236   2.757982    8.03732     0.0434    13.8155 0.0000e+00  -61.09833  -58.14367 1152257732 188.316364    33.9446       3574          6  0.000e+00
     51.380    -0.8227   2.757862    -0.8239   2.758000    8.03721     0.0112    13.8155 0.0000e+00  -61.09833  -58.14367 1152257732 188.316365    33.9446       3575          6  0.000e+00
     51.380    -0.8224   2.757868    -0.8242   2.757994    8.03716     0.0327    13.8155 0.0000e+00  -61.09833  -58.14367 1152257732 188.316365    33.9443       3576          6  0.000e+00
     51.380    -0.8230   2.757868    -0.8238   2.757982    8.03726     0.0219    13.8155 0.0000e+00  -61.09833  -58.14367 1152257732 188.316366    33.9450       3577          6  0.000e+00
     51.380    -0.8232   2.757885    -0.8246   2.757982    8.03727     0.0434    13.8155 0.0000e+00  -61.09833  -58.14367 1152257732 188.316366    33.9454       3578          6  0.000e+00
     51.380    -0.8232   2.757885    -0.8239   2.758006    8.03727     0.0112    13.8155 0.0000e+00  -61.09833  -58.14367 1152257732 188.316367    33.9454       3579          6  0.000e+00
     51.667    -0.8258   2.757983    -0.8255   2.758069    8.03323    -0.0211    13.8155 0.0000e+00  -61.09833  -58.14367 1152257736 188.316416    33.9496       3682          7  0.000e+00
     51.591    -0.8256   2.757980    -0.8260   2.758081    8.03313     0.0434    13.8155 0.0000e+00  -61.09833  -58.14367 1152257736 188.316417    33.9494       3683          7  0.000e+00
     51.591    -0.8253   2.757960    -0.8259   2.758092    8.03309     0.0327    13.8155 0.0000e+00  -61.09833  -58.14367 1152257736 188.316417    33.9488       3684          7  0.000e+00
     51.524    -0.8256   2.757954    -0.8263   2.758110    8.03307     0.0219    13.8155 0.0000e+00  -61.09833  -58.14367 1152257736 188.316418    33.9491       3685          7  0.000e+00
     51.524    -0.8252   2.757954    -0.8261   2.758098    8.03300     0.0327    13.8155 0.0000e+00  -61.09833  -58.14367 1152257736 188.316418    33.9486       3686          7  0.000e+00
     51.591    -0.8252   2.757974    -0.8258   2.758110    8.03306     0.0112    13.8155 0.0000e+00  -61.09833  -58.14367 1152257736 188.316419    33.9488       3687          7  0.000e+00
     51.524    -0.8258   2.757980    -0.8256   2.758116    8.03307     0.0004    13.8155 0.0000e+00  -61.09833  -58.14367 1152257736 188.316419    33.9496       3688          7  0.000e+00
     51.524    -0.8255   2.757931    -0.8260   2.758116    8.03306    -0.0104    13.8155 0.0000e+00  -61.09833  -58.14367 1152257736 188.316420    33.9486       3689          7  0.000e+00
     51.591    -0.8253   2.757974    -0.8257   2.758133    8.03308     0.0004    13.8155 0.0000e+00  -61.09833  -58.14367 1152257736 188.316420    33.9490       3690          7  0.000e+00
     51.448    -0.8253   2.758000    -0.8262   2.758121    8.02820     0.0219    13.8155 0.0000e+00  -61.09833  -58.14367 1152257737 188.316421    33.9494       3691          7  0.000e+00
     51.524    -0.8260   2.758003    -0.8263   2.758133    8.03309     0.0004    13.8155 0.0000e+00  -61.09833  -58.14367 1152257737 188.316421    33.9501       3692          7  0.000e+00
     51.448    -0.8263   2.758003    -0.8265   2.758121    8.03305    -0.0319    13.8155 0.0000e+00  -61.09833  -58.14367 1152257737 188.316422    33.9505       3693          7  0.000e+00
     51.448    -0.8267   2.758016    -0.8265   2.758116    8.02840    -0.0426    13.8155 0.0000e+00  -61.09833  -58.14367 1152257737 188.316422    33.9512       3694          7  0.000e+00
     51.524    -0.8269   2.758020    -0.8265   2.758116    8.03322    -0.0104    13.8155 0.0000e+00  -61.09833  -58.14367 1152257737 188.316423    33.9514       3695          7  0.000e+00
     51.381    -0.8270   2.758006    -0.8263   2.758133    8.03309     0.0112    13.8155 0.0000e+00  -61.09833  -58.14367 1152257737 188.316423    33.9514       3696          7  0.000e+00
     51.448    -0.8270   2.758016    -0.8263   2.758121    8.02845     0.0112    13.8155 0.0000e+00  -61.09833  -58.14367 1152257737 188.316424    33.9515       3697          7  0.000e+00
     51.448    -0.8273   2.758006    -0.8263   2.758116    8.02851    -0.0319    13.8155 0.0000e+00  -61.09833  -58.14367 1152257737 188.316424    33.9518       3698          7  0.000e+00
     51.381    -0.8266   2.758052    -0.8261   2.758133    8.02828    -0.0319    13.8155 0.0000e+00  -61.09833  -58.14367 1152257737 188.316425    33.9515       3699          7  0.000e+00
     51.448    -0.8272   2.758029    -0.8265   2.758144    8.02847    -0.0104    13.8155 0.0000e+00  -61.09833  -58.14367 1152257737 188.316425    33.9519       3700          7  0.000e+00
     51.381    -0.8269   2.757990    -0.8261   2.758098    8.02838     0.0112    13.8155 0.0000e+00  -61.09833  -58.14367 1152257737 188.316426    33.9511       3701          7  0.000e+00
     51.381    -0.8272   2.758010    -0.8262   2.758104    8.02841    -0.0104    13.8155 0.0000e+00  -61.09833  -58.14367 1152257737 188.316426    33.9517       3702          7  0.000e+00
     51.315    -0.8266   2.757990    -0.8252   2.758115    8.02825     0.0112    13.8155 0.0000e+00  -61.09833  -58.14367 1152257737 188.316427    33.9507       3703          7  0.000e+00
     51.382    -0.8272   2.757997    -0.8252   2.758115    8.02842     0.0434    13.8155 0.0000e+00  -61.09833  -58.14367 1152257737 188.316427    33.9515       3704          7  0.000e+00
     51.305    -0.8273   2.757997    -0.8249   2.758075    8.02836     0.0757    13.8155 0.0000e+00  -61.09833  -58.14367 1152257737 188.316427    33.9517       3705          7  0.000e+00
     51.315    -0.8264   2.757983    -0.8251   2.758081    8.02823     0.0542    13.8155 0.0000e+00  -61.09833  -58.14367 1152257737 188.316428    33.9505       3706          7  0.000e+00
     51.382    -0.8266   2.757944    -0.8254   2.758069    8.02836     0.0219    13.8155 0.0000e+00  -61.09833  -58.14367 1152257737 188.316428    33.9501       3707          7  0.000e+00
     51.238    -0.8261   2.757950    -0.8251   2.758081    8.02812    -0.0211    13.8155 0.0000e+00  -61.09833  -58.14367 1152257737 188.316429    33.9497       3708          7  0.000e+00
     51.315    -0.8247   2.757937    -0.8252   2.758069    8.02800    -0.0426    13.8155 0.0000e+00  -61.09833  -58.14367 1152257737 188.316429    33.9480       3709          7  0.000e+00
     51.315    -0.8242   2.757931    -0.8244   2.758098    8.02792    -0.0534    13.8155 0.0000e+00  -61.09833  -58.14367 1152257737 188.316430    33.9473       3710          7  0.000e+00
     51.239    -0.8242   2.757950    -0.8239   2.758075    8.02782    -0.0211    13.8155 0.0000e+00  -61.09833  -58.14367 1152257737 188.316430    33.9476       3711          7  0.000e+00
     51.239    -0.8240   2.757957    -0.8237   2.758063    8.02777     0.0004    13.8155 0.0000e+00  -61.09833  -58.14367 1152257737 188.316431    33.9474       3712          7  0.000e+00
     51.239    -0.8235   2.757957    -0.8234   2.758046    8.02770     0.0219    13.8155 0.0000e+00  -61.09833  -58.14367 1152257737 188.316431    33.9469       3713          7  0.000e+00
     51.239    -0.8238   2.757937    -0.8239   2.758040    8.02776     0.0112    13.8155 0.0000e+00  -61.09833  -58.14367 1152257737 188.316432    33.9469       3714          7  0.000e+00
     51.172    -0.8240   2.757950    -0.8242   2.758034    8.02771     0.0219    13.8155 0.0000e+00  -61.09833  -58.14367 1152257738 188.316432    33.9474       3715          7  0.000e+00
     51.172    -0.8242   2.757957    -0.8234   2.758052    8.02774     0.0112    13.8155 0.0000e+00  -61.09833  -58.14367 1152257738 188.316433    33.9478       3716          7  0.000e+00
     51.239    -0.8244   2.757973    -0.8236   2.758046    8.02783    -0.0104    13.8155 0.0000e+00  -61.09833  -58.14367 1152257738 188.316433    33.9481       3717          7  0.000e+00
     51.172    -0.8244   2.757944    -0.8237   2.758058    8.02778    -0.0319    13.8155 0.0000e+00  -61.09833  -58.14367 1152257738 188.316434    33.9478       3718          7  0.000e+00
     51.172    -0.8241   2.757964    -0.8234   2.758046    8.02772     0.0112    13.8155 0.0000e+00  -61.09833  -58.14367 1152257738 188.316434    33.9477       3719          7  0.000e+00
     51.105    -0.8235   2.757944    -0.8232   2.758011    8.02756     0.0219    13.8155 0.0000e+00  -61.09833  -58.14367 1152257738 188.316435    33.9468       3720          7  0.000e+00
     51.172    -0.8238   2.757967    -0.8236   2.757988    8.02766     0.0542    13.8155 0.0000e+00  -61.09833  -58.14367 1152257738 188.316435    33.9474       3721          7  0.000e+00
     51.105    -0.8236   2.757944    -0.8235   2.757988    8.02758     0.0650    13.8155 0.0000e+00  -61.09833  -58.14367 1152257738 188.316436    33.9469       3722          7  0.000e+00
     51.096    -0.8229   2.757901    -0.8239   2.758000    8.02748     0.0650    13.8155 0.0000e+00  -61.09833  -58.14367 1152257738 188.316436    33.9455       3723          7  0.000e+00
     51.105    -0.8230   2.757921    -0.8237   2.758005    8.02750     0.0434    13.8155 0.0000e+00  -61.09833  -58.14367 1152257738 188.316437    33.9459       3724          7  0.000e+00
     51.105    -0.8230   2.757881    -0.8235   2.758011    8.02753     0.0327    13.8155 0.0000e+00  -61.09833  -58.14367 1152257738 188.316437    33.9454       3725          7  0.000e+00
     51.105    -0.8223   2.757885    -0.8231   2.757988    8.02741     0.0219    13.8155 0.0000e+00  -61.09833  -58.14367 1152257738 188.316438    33.9446       3726          7  0.000e+00
     51.029    -0.8221   2.757855    -0.8231   2.757982    8.02731     0.0112    13.8155 0.0000e+00  -61.09833  -58.14367 1152257738 188.316438    33.9440       3727          7  0.000e+00
