product_data/regression_test/downloaded_data/MDGS/320620060703/ctd/p6609307.ros
* Sea-Bird SBE 9 Data File:
* FileName = D:\Data\Raw\p6609307.dat
* Software Version Seasave Win32 V 5.32
* Temperature SN = 1649
* Conductivity SN = 1431
* Number of Bytes Per Scan = 37
* Number of Voltage Words = 5
* Number of Scans Averaged by the Deck Unit = 1
* NMEA Latitude = 61 07.50 S
* NMEA Longitude = 058 05.51 W
* NMEA UTC (Time) = 04:57:22
** Ship:   Nathaniel B. Palmer nbp
** Cruise:    NBP0606 nbp0606
# nquan = 17
# nvalues = 1176                    
# units = specified
# name 0 = prDM: Pressure, Digiquartz [db]
# name 1 = t090C: Temperature [ITS-90, deg C]
# name 2 = c0S/m: Conductivity [S/m]
# name 3 = t190C: Temperature, 2 [ITS-90, deg C]
# name 4 = c1S/m: Conductivity, 2 [S/m]
# name 5 = sbeox0ML/L: Oxygen, SBE 43 [ml/l]
# name 6 = flECO-AFL: Fluorescence, Wetlab ECO-AFL/FL [mg/m^3]
# name 7 = bat: Beam Attenuation, Chelsea/Seatech/Wetlab CStar [1/m]
# name 8 = spar: SPAR/Surface Irradiance
# name 9 = latitude: Latitude [deg]
# name 10 = longitude: Longitude [deg]
# name 11 = timeY: Time, System [seconds]
# name 12 = timeJ: Julian Days
# name 13 = sal00: Salinity [PSU]
# name 14 = scan: scan number
# name 15 = nbf: number of bottles fired
# name 16 = flag:  0.000e+00
# interval = seconds: 0.0416667                   
# start_time = Jul 11 2006 04:57:29
*END*
[from data line 341]
    500.257     1.8667   3.065736     1.8673   3.066050    4.49830    -0.0319    13.8155 0.0000e+00  -61.12500  -58.09183 1152594667 192.216065    34.7099      19658          7  0.000e+00
    500.257     1.8665   3.065773     1.8673   3.066050    4.49830    -0.0857    13.8155 0.0000e+00  -61.12500  -58.09183 1152594667 192.216066    34.7105      19659          7  0.000e+00
    500.372     1.8669   3.065715     1.8673   3.066050    4.49837    -0.0534    13.8155 0.0000e+00  -61.12500  -58.09183 1152594671 192.216118    34.7094      19768          8  0.000e+00
    500.257     1.8665   3.065746     1.8669   3.066050    4.49831    -0.0642    13.8155 0.0000e+00  -61.12500  -58.09183 1152594671 192.216119    34.7102      19769          8  0.000e+00
    500.324     1.8661   3.065722     1.8672   3.066050    4.49841    -0.0749    13.8155 0.0000e+00  -61.12500  -58.09183 1152594671 192.216119    34.7104      19770          8  0.000e+00
    500.228     1.8665   3.065691     1.8677   3.066068    4.49832    -0.1072    13.8155 0.0000e+00  -61.12500  -58.09183 1152594671 192.216120    34.7095      19771          8  0.000e+00
    500.257     1.8664   3.065722     1.8675   3.066038    4.49833    -0.1287    13.8155 0.0000e+00  -61.12500  -58.09183 1152594671 192.216120    34.7100      19772          8  0.000e+00
    500.324     1.8667   3.065753     1.8673   3.066044    4.49834    -0.0319    13.8155 0.0000e+00  -61.12500  -58.09183 1152594671 192.216121    34.7101      19773          8  0.000e+00
    500.257     1.8662   3.065739     1.8672   3.066050    4.49834    -0.0319    13.8155 0.0000e+00  -61.12500  -58.09183 1152594671 192.216121    34.7104      19774          8  0.000e+00
    500.228     1.8664   3.065736     1.8670   3.066050    4.49831    -0.0534    13.8155 0.0000e+00  -61.12500  -58.09183 1152594672 192.216122    34.7102      19775          8  0.000e+00
    500.180     1.8661   3.065753     1.8675   3.066032    4.49830    -0.0642    13.8155 0.0000e+00  -61.12500  -58.09183 1152594672 192.216122    34.7108      19776          8  0.000e+00
    500.180     1.8669   3.065739     1.8670   3.066026    4.49824    -0.0857    13.8155 0.0000e+00  -61.12500  -58.09183 1152594672 192.216123    34.7098      19777          8  0.000e+00
    500.228     1.8664   3.065732     1.8669   3.066044    4.49831    -0.1180    13.8155 0.0000e+00  -61.12500  -58.09183 1152594672 192.216123    34.7102      19778          8  0.000e+00
    500.113     1.8665   3.065736     1.8670   3.066032    4.49823    -0.1180    13.8155 0.0000e+00  -61.12500  -58.09183 1152594672 192.216124    34.7101      19779          8  0.000e+00
    500.180     1.8656   3.065715     1.8670   3.066044    4.49836    -0.0749    13.8155 0.0000e+00  -61.12500  -58.09183 1152594672 192.216124    34.7109      19780          8  0.000e+00
    500.161     1.8664   3.065746     1.8670   3.066032    4.49826    -0.0857    13.8155 0.0000e+00  -61.12500  -58.09183 1152594672 192.216125    34.7104      19781          8  0.000e+00
    500.113     1.8665   3.065739     1.8672   3.066044    4.49822    -0.1287    13.8155 0.0000e+00  -61.12500  -58.09183 1152594672 192.216125    34.7102      19782          8  0.000e+00
    500.113     1.8662   3.065753     1.8669   3.066068    4.49825    -0.1180    13.8155 0.0000e+00  -61.12500  -58.09183 1152594672 192.216126    34.7107      19783          8  0.000e+00
    500.084     1.8661   3.065780     1.8673   3.065990    4.49823    -0.0642    13.8155 0.0000e+00  -61.12500  -58.09183 1152594672 192.216126    34.7112      19784          8  0.000e+00
    500.046     1.8667   3.065729     1.8669   3.066008    4.49817    -0.0642    13.8155 0.0000e+00  -61.12500  -58.09183 1152594672 192.216127    34.7099      19785          8  0.000e+00
    500.046     1.8665   3.065746     1.8681   3.066026    4.49818    -0.0642    13.8155 0.0000e+00  -61.12500  -58.09183 1152594672 192.216127    34.7103      19786          8  0.000e+00
    500.017     1.8670   3.065739     1.8669   3.066020    4.49812    -0.0426    13.8155 0.0000e+00  -61.12500  -58.09183 1152594672 192.216128    34.7097      19787          8  0.000e+00
    500.046     1.8664   3.065732     1.8673   3.066020    4.49820    -0.0426    13.8155 0.0000e+00  -61.12500  -58.09183 1152594672 192.216128    34.7103      19788          8  0.000e+00
    499.969     1.8665   3.065715     1.8672   3.066002    4.49814    -0.0426    13.8155 0.0000e+00  -61.12500  -58.09183 1152594672 192.216128    34.7099      19789          8  0.000e+00
    499.950     1.8665   3.065729     1.8675   3.065996    4.49813    -0.0534    13.8155 0.0000e+00  -61.12500  -58.09183 1152594672 192.216129    34.7101      19790          8  0.000e+00
    499.969     1.8665   3.065715     1.8677   3.066032    4.49815    -0.1180    13.8155 0.0000e+00  -61.12500  -58.09183 1152594672 192.216129    34.7100      19791          8  0.000e+00
    499.969     1.8667   3.065711     1.8675   3.066032    4.49813    -0.0857    13.8155 0.0000e+00  -61.12500  -58.09183 1152594672 192.216130    34.7097      19792          8  0.000e+00
    499.873     1.8662   3.065766     1.8673   3.066026    4.49344    -0.0964    13.8155 0.0000e+00  -61.12500  -58.09183 1152594672 192.216130    34.7110      19793          8  0.000e+00
    499.902     1.8665   3.065746     1.8677   3.066020    4.49809    -0.0749    13.8155 0.0000e+00  -61.12500  -58.09183 1152594672 192.216131    34.7104      19794          8  0.000e+00
    499.825     1.8667   3.065715     1.8672   3.066002    4.49804    -0.0749    13.8155 0.0000e+00  -61.12500  -58.09183 1152594672 192.216131    34.7098      19795          8  0.000e+00
    499.825     1.8667   3.065729     1.8672   3.066014    4.49804    -0.0749    13.8155 0.0000e+00  -61.12500  -58.09183 1152594672 192.216132    34.7100      19796          8  0.000e+00
    499.873     1.8665   3.065735     1.8673   3.066026    4.49808    -0.0749    13.8155 0.0000e+00  -61.12500  -58.09183 1152594672 192.216132    34.7103      19797          8  0.000e+00
    499.758     1.8665   3.065715     1.8675   3.066026    4.49801    -0.0534    13.8155 0.0000e+00  -61.12500  -58.09183 1152594673 192.216133    34.7101      19798          8  0.000e+00
    499.758     1.8664   3.065729     1.8672   3.066002    4.49802    -0.0211    13.8155 0.0000e+00  -61.12500  -58.09183 1152594673 192.216133    34.7104      19799          8  0.000e+00
    499.806     1.8664   3.065732     1.8672   3.066014    4.49805    -0.0104    13.8155 0.0000e+00  -61.12500  -58.09183 1152594673 192.216134    34.7104      19800          8  0.000e+00
    499.691     1.8664   3.065753     1.8672   3.066020    4.49797    -0.0749    13.8155 0.0000e+00  -61.12500  -58.09183 1152594673 192.216134    34.7108      19801          8  0.000e+00
    499.691     1.8664   3.065722     1.8675   3.066020    4.49332    -0.0749    13.8155 0.0000e+00  -61.12500  -58.09183 1152594673 192.216135    34.7103      19802          8  0.000e+00
    499.729     1.8667   3.065711     1.8672   3.065978    4.49798    -0.0642    13.8155 0.0000e+00  -61.12500  -58.09183 1152594673 192.216135    34.7099      19803          8  0.000e+00
    499.614     1.8667   3.065728     1.8670   3.066008    4.49325    -0.0857    13.8155 0.0000e+00  -61.12500  -58.09183 1152594673 192.216136    34.7101      19804          8  0.000e+00
    499.614     1.8665   3.065715     1.8670   3.066002    4.49327    -0.0642    13.8155 0.0000e+00  -61.12500  -58.09183 1152594673 192.216136    34.7101      19805          8  0.000e+00
    499.595     1.8665   3.065711     1.8672   3.065996    4.49326    -0.0749    13.8155 0.0000e+00  -61.12500  -58.09183 1152594673 192.216137    34.7101      19806          8  0.000e+00
    499.614     1.8662   3.065728     1.8677   3.066014    4.49329    -0.0534    13.8155 0.0000e+00  -61.12500  -58.09183 1152594673 192.216137    34.7106      19807          8  0.000e+00
    499.547     1.8667   3.065715     1.8678   3.066044    4.49787    -0.0749    13.8155 0.0000e+00  -61.12500  -58.09183 1152594673 192.216138    34.7100      19808          8  0.000e+00
    499.518     1.8664   3.065711     1.8673   3.066008    4.49788    -0.0534    13.8155 0.0000e+00  -61.12500  -58.09183 1152594673 192.216138    34.7103      19809          8  0.000e+00
    499.470     1.8669   3.065728     1.8667   3.065972    4.49780    -0.1072    13.8155 0.0000e+00  -61.12500  -58.09183 1152594673 192.216139    34.7100      19810          8  0.000e+00
    499.470     1.8664   3.065732     1.8672   3.066008    4.49318    -0.1287    13.8155 0.0000e+00  -61.12500  -58.09183 1152594673 192.216139    34.7106      19811          8  0.000e+00
    499.451     1.8664   3.065715     1.8672   3.065978    4.49783    -0.1072    13.8155 0.0000e+00  -61.12500  -58.09183 1152594673 192.216140    34.7104      19812          8  0.000e+00
    499.470     1.8667   3.065728     1.8673   3.065984    4.49781    -0.1072    13.8155 0.0000e+00  -61.12500  -58.09183 1152594673 192.216140    34.7102      19813          8  0.000e+00
    499.403     1.8665   3.065715     1.8672   3.065996    4.49779    -0.1072    13.8155 0.0000e+00  -61.12500  -58.09183 1152594673 192.216141    34.7103      19814          8  0.000e+00
    499.374     1.8664   3.065728     1.8672   3.066014    4.49778    -0.0534    13.8155 0.0000e+00  -61.12500  -58.09183 1152594673 192.216141    34.7106      19815          8  0.000e+00
    499.336     1.8667   3.065715     1.8672   3.066002    4.49774    -0.0749    13.8155 0.0000e+00  -61.12500  -58.09183 1152594673 192.216141    34.7101      19816          8  0.000e+00
    501.813     1.8669   3.065877     1.8677   3.066141    4.49920    -0.0749    13.8155 0.0000e+00  -61.12500  -58.09183 1152594683 192.216253    34.7106      20047          9  0.000e+00
    501.957     1.8669   3.065846     1.8678   3.066153    4.49931    -0.0749    13.8155 0.0000e+00  -61.12500  -58.09183 1152594683 192.216253    34.7101      20048          9  0.000e+00
    501.717     1.8672   3.065853     1.8675   3.066165    4.49912    -0.0749    13.8155 0.0000e+00  -61.12500  -58.09183 1152594683 192.216254    34.7100      20049          9  0.000e+00
    501.889     1.8667   3.065860     1.8675   3.066165    4.49927    -0.1287    13.8155 0.0000e+00  -61.12500  -58.09183 1152594683 192.216254    34.7105      20050          9  0.000e+00
    501.745     1.8667   3.065860     1.8673   3.066165    4.49918    -0.1180    13.8155 0.0000e+00  -61.12500  -58.09183 1152594683 192.216255    34.7106      20051          9  0.000e+00
    501.745     1.8667   3.065877     1.8680   3.066165    4.49918    -0.0964    13.8155 0.0000e+00  -61.12500  -58.09183 1152594683 192.216255    34.7108      20052          9  0.000e+00
    501.793     1.8669   3.065846     1.8678   3.066165    4.49920    -0.0857    13.8155 0.0000e+00  -61.12500  -58.09183 1152594683 192.216256    34.7102      20053          9  0.000e+00
    501.678     1.8665   3.065836     1.8675   3.066123    4.49916    -0.0642    13.8155 0.0000e+00  -61.12500  -58.09183 1152594683 192.216256    34.7105      20054          9  0.000e+00
    501.745     1.8667   3.065853     1.8677   3.066129    4.49919    -0.0964    13.8155 0.0000e+00  -61.12500  -58.09183 1152594683 192.216257    34.7105      20055          9  0.000e+00
    501.649     1.8667   3.065856     1.8677   3.066153    4.49913    -0.0857    13.8155 0.0000e+00  -61.12500  -58.09183 1152594683 192.216257    34.7106      20056          9  0.000e+00
    501.678     1.8662   3.065839     1.8677   3.066141    4.49919    -0.0426    13.8155 0.0000e+00  -61.12500  -58.09183 1152594683 192.216258    34.7109      20057          9  0.000e+00
    501.601     1.8665   3.065836     1.8678   3.066135    4.49912    -0.0749    13.8155 0.0000e+00  -61.12500  -58.09183 1152594683 192.216258    34.7106      20058          9  0.000e+00
    501.601     1.8669   3.065836     1.8672   3.066111    4.49909    -0.0749    13.8155 0.0000e+00  -61.12500  -58.09183 1152594683 192.216259    34.7102      20059          9  0.000e+00
    501.582     1.8670   3.065815     1.8675   3.066171    4.49907    -0.0749    13.8155 0.0000e+00  -61.12500  -58.09183 1152594683 192.216259    34.7098      20060          9  0.000e+00
    501.534     1.8669   3.065812     1.8677   3.066129    4.49906    -0.0642    13.8155 0.0000e+00  -61.12500  -58.09183 1152594683 192.216260    34.7099      20061          9  0.000e+00
    501.534     1.8665   3.065829     1.8670   3.066129    4.49908    -0.0857    13.8155 0.0000e+00  -61.12500  -58.09183 1152594684 192.216260    34.7105      20062          9  0.000e+00
    501.438     1.8665   3.065836     1.8677   3.066153    4.49902    -0.1072    13.8155 0.0000e+00  -61.12500  -58.09183 1152594684 192.216261    34.7107      20063          9  0.000e+00
    501.457     1.8665   3.065836     1.8669   3.066123    4.49903    -0.0964    13.8155 0.0000e+00  -61.12500  -58.09183 1152594684 192.216261    34.7106      20064          9  0.000e+00
    501.390     1.8664   3.065815     1.8677   3.066111    4.49901    -0.0534    13.8155 0.0000e+00  -61.12500  -58.09183 1152594684 192.216262    34.7106      20065          9  0.000e+00
    501.361     1.8665   3.065829     1.8678   3.066129    4.49897    -0.0319    13.8155 0.0000e+00  -61.12500  -58.09183 1152594684 192.216262    34.7106      20066          9  0.000e+00
    501.390     1.8669   3.065832     1.8678   3.066093    4.49896    -0.0857    13.8155 0.0000e+00  -61.12500  -58.09183 1152594684 192.216263    34.7103      20067          9  0.000e+00
    501.323     1.8669   3.065832     1.8677   3.066117    4.49892    -0.1287    13.8155 0.0000e+00  -61.12500  -58.09183 1152594684 192.216263    34.7103      20068          9  0.000e+00
    501.246     1.8664   3.065836     1.8673   3.066135    4.49891    -0.0857    13.8155 0.0000e+00  -61.12500  -58.09183 1152594684 192.216264    34.7109      20069          9  0.000e+00
    501.227     1.8665   3.065798     1.8672   3.066135    4.49890    -0.0642    13.8155 0.0000e+00  -61.12500  -58.09183 1152594684 192.216264    34.7103      20070          9  0.000e+00
    501.179     1.8669   3.065787     1.8675   3.066135    4.49884    -0.1180    13.8155 0.0000e+00  -61.12500  -58.09183 1152594684 192.216264    34.7098      20071          9  0.000e+00
    501.179     1.8667   3.065787     1.8675   3.066117    4.50351    -0.1502    13.8155 0.0000e+00  -61.12500  -58.09183 1152594684 192.216265    34.7100      20072          9  0.000e+00
    501.150     1.8664   3.065805     1.8673   3.066105    4.49886    -0.1180    13.8155 0.0000e+00  -61.12500  -58.09183 1152594684 192.216265    34.7106      20073          9  0.000e+00
    501.035     1.8667   3.065829     1.8673   3.066105    4.49875    -0.0857    13.8155 0.0000e+00  -61.12500  -58.09183 1152594684 192.216266    34.7106      20074          9  0.000e+00
    501.035     1.8667   3.065815     1.8672   3.066129    4.49876    -0.0426    13.8155 0.0000e+00  -61.12500  -58.09183 1152594684 192.216266    34.7104      20075          9  0.000e+00
    501.006     1.8664   3.065770     1.8673   3.066093    4.49879    -0.0749    13.8155 0.0000e+00  -61.12500  -58.09183 1152594684 192.216267    34.7102      20076          9  0.000e+00
    500.968     1.8665   3.065798     1.8675   3.066099    4.49874    -0.0857    13.8155 0.0000e+00  -61.12500  -58.09183 1152594684 192.216267    34.7104      20077          9  0.000e+00
    500.891     1.8670   3.065808     1.8675   3.066111    4.49864    -0.0642    13.8155 0.0000e+00  -61.12500  -58.09183 1152594684 192.216268    34.7101      20078          9  0.000e+00
    500.824     1.8670   3.065791     1.8673   3.066087    4.49861    -0.0749    13.8155 0.0000e+00  -61.12500  -58.09183 1152594684 192.216268    34.7099      20079          9  0.000e+00
