product_data/regression_test/downloaded_data/MDGS/320620060703/ctd/p6609310.ros
* Sea-Bird SBE 9 Data File:
* FileName = D:\Data\Raw\p6609310.dat
* Software Version Seasave Win32 V 5.32
* Temperature SN = 1649
* Conductivity SN = 1431
* Number of Bytes Per Scan = 37
* Number of Voltage Words = 5
* Number of Scans Averaged by the Deck Unit = 1
* NMEA Latitude = 61 07.49 S
* NMEA Longitude = 058 05.61 W
* NMEA UTC (Time) = 09:04:34
** Ship:   Nathaniel B. Palmer nbp
** Cruise:    NBP0606 nbp0606
# nquan = 17
# nvalues = 1176                    
# units = specified
# name 0 = prDM: Pressure, Digiquartz [db]
# name 1 = t090C: Temperature [ITS-90, deg C]
# name 2 = c0S/m: Conductivity [S/m]
# name 3 = t190C: Temperature, 2 [ITS-90, deg C]
# name 4 = c1S/m: Conductivity, 2 [S/m]
# name 5 = sbeox0ML/L: Oxygen, SBE 43 [ml/l]
# name 6 = flECO-AFL: Fluorescence, Wetlab ECO-AFL/FL [mg/m^3]
# name 7 = bat: Beam Attenuation, Chelsea/Seatech/Wetlab CStar [1/m]
# name 8 = spar: SPAR/Surface Irradiance
# name 9 = latitude: Latitude [deg]
# name 10 = longitude: Longitude [deg]
# name 11 = timeY: Time, System [seconds]
# name 12 = timeJ: Julian Days
# name 13 = sal00: Salinity [PSU]
# name 14 = scan: scan number
# name 15 = nbf: number of bottles fired
# name 16 = flag:  0.000e+00
# interval = seconds: 0.0416667                   
# start_time = Jul 11 2006 09:04:41
*END*
[from data line 937]
   1999.109     0.7737   3.034748     0.7744   3.035079    5.19961    -0.0857    13.8155 0.0000e+00  -61.12483  -58.09350 1152611606 192.412125    34.7091      70239         20  0.000e+00
   1999.109     0.7740   3.034775     0.7749   3.035097    5.19372    -0.0857    13.8155 0.0000e+00  -61.12483  -58.09350 1152611606 192.412125    34.7092      70240         20  0.000e+00
   1999.040     0.7740   3.034762     0.7752   3.035025    5.19368    -0.1287    13.8155 0.0000e+00  -61.12483  -58.09350 1152611606 192.412126    34.7090      70241         20  0.000e+00
   1999.040     0.7744   3.034772     0.7749   3.035073    5.19947    -0.1395    13.8155 0.0000e+00  -61.12483  -58.09350 1152611606 192.412126    34.7087      70242         20  0.000e+00
   1998.922     0.7742   3.034744     0.7749   3.035049    5.19357    -0.0964    13.8155 0.0000e+00  -61.12483  -58.09350 1152611606 192.412127    34.7086      70243         20  0.000e+00
   1998.962     0.7736   3.034786     0.7746   3.035055    5.19950    -0.0857    13.8155 0.0000e+00  -61.12483  -58.09350 1152611606 192.412127    34.7097      70244         20  0.000e+00
   1998.893     0.7741   3.034768     0.7746   3.035067    5.19355    -0.1180    13.8155 0.0000e+00  -61.12483  -58.09350 1152611606 192.412128    34.7090      70245         20  0.000e+00
   1998.893     0.7740   3.034755     0.7748   3.035043    5.19943    -0.1180    13.8155 0.0000e+00  -61.12483  -58.09350 1152611606 192.412128    34.7090      70246         20  0.000e+00
   1998.893     0.7740   3.034755     0.7746   3.035037    5.19943    -0.1180    13.8155 0.0000e+00  -61.12483  -58.09350 1152611606 192.412129    34.7090      70247         20  0.000e+00
   1998.814     0.7742   3.034755     0.7747   3.035037    5.19349    -0.0964    13.8155 0.0000e+00  -61.12483  -58.09350 1152611606 192.412129    34.7088      70248         20  0.000e+00
   1998.854     0.7740   3.034789     0.7748   3.035037    5.19353    -0.1287    13.8155 0.0000e+00  -61.12483  -58.09350 1152611606 192.412130    34.7095      70249         20  0.000e+00
   1998.746     0.7741   3.034768     0.7743   3.035013    5.19344    -0.1395    13.8155 0.0000e+00  -61.12483  -58.09350 1152611606 192.412130    34.7091      70250         20  0.000e+00
   1998.746     0.7740   3.034772     0.7744   3.035049    5.19346    -0.1072    13.8155 0.0000e+00  -61.12483  -58.09350 1152611606 192.412131    34.7093      70251         20  0.000e+00
   1998.746     0.7741   3.034741     0.7748   3.035043    5.19931    -0.0857    13.8155 0.0000e+00  -61.12483  -58.09350 1152611606 192.412131    34.7088      70252         20  0.000e+00
   1998.746     0.7736   3.034731     0.7749   3.035037    5.19352    -0.0964    13.8155 0.0000e+00  -61.12483  -58.09350 1152611606 192.412132    34.7092      70253         20  0.000e+00
   1998.667     0.7741   3.034748     0.7746   3.035037    5.19925    -0.1180    13.8155 0.0000e+00  -61.12483  -58.09350 1152611606 192.412132    34.7089      70254         20  0.000e+00
   1998.697     0.7740   3.034775     0.7743   3.035013    5.19928    -0.1287    13.8155 0.0000e+00  -61.12483  -58.09350 1152611606 192.412133    34.7094      70255         20  0.000e+00
   1998.667     0.7746   3.034762     0.7744   3.035025    5.19919    -0.1180    13.8155 0.0000e+00  -61.12483  -58.09350 1152611606 192.412133    34.7086      70256         20  0.000e+00
   1998.589     0.7737   3.034755     0.7744   3.035013    5.19923    -0.0857    13.8155 0.0000e+00  -61.12483  -58.09350 1152611607 192.412133    34.7094      70257         20  0.000e+00
   1998.667     0.7738   3.034720     0.7743   3.034989    5.19930    -0.0857    13.8155 0.0000e+00  -61.12483  -58.09350 1152611607 192.412134    34.7089      70258         20  0.000e+00
   1998.589     0.7741   3.034741     0.7744   3.035019    5.19920    -0.1072    13.8155 0.0000e+00  -61.12483  -58.09350 1152611607 192.412134    34.7088      70259         20  0.000e+00
   1998.589     0.7738   3.034738     0.7743   3.034995    5.19924    -0.1180    13.8155 0.0000e+00  -61.12483  -58.09350 1152611607 192.412135    34.7092      70260         20  0.000e+00
   1998.628     0.7740   3.034765     0.7748   3.035019    5.19923    -0.1072    13.8155 0.0000e+00  -61.12483  -58.09350 1152611607 192.412135    34.7093      70261         20  0.000e+00
   1998.589     0.7737   3.034758     0.7743   3.035013    5.19923    -0.0749    13.8155 0.0000e+00  -61.12483  -58.09350 1152611607 192.412136    34.7095      70262         20  0.000e+00
   1998.589     0.7736   3.034755     0.7746   3.035025    5.19924    -0.0749    13.8155 0.0000e+00  -61.12483  -58.09350 1152611607 192.412136    34.7095      70263         20  0.000e+00
   1998.520     0.7741   3.034772     0.7745   3.035013    5.19913    -0.0857    13.8155 0.0000e+00  -61.12483  -58.09350 1152611607 192.412137    34.7093      70264         20  0.000e+00
   1998.589     0.7738   3.034762     0.7744   3.035025    5.19923    -0.1072    13.8155 0.0000e+00  -61.12483  -58.09350 1152611607 192.412137    34.7095      70265         20  0.000e+00
   1998.550     0.7743   3.034789     0.7744   3.035013    5.19913    -0.0749    13.8155 0.0000e+00  -61.12483  -58.09350 1152611607 192.412138    34.7093      70266         20  0.000e+00
   1998.520     0.7747   3.034765     0.7745   3.035049    5.19322    -0.1395    13.8155 0.0000e+00  -61.12483  -58.09350 1152611607 192.412138    34.7086      70267         20  0.000e+00
   1998.589     0.7738   3.034775     0.7746   3.035019    5.19922    -0.1180    13.8155 0.0000e+00  -61.12483  -58.09350 1152611607 192.412139    34.7096      70268         20  0.000e+00
   1998.589     0.7740   3.034779     0.7746   3.035049    5.19920    -0.1072    13.8155 0.0000e+00  -61.12483  -58.09350 1152611607 192.412139    34.7095      70269         20  0.000e+00
   1998.520     0.7736   3.034744     0.7748   3.035043    5.19920    -0.0964    13.8155 0.0000e+00  -61.12483  -58.09350 1152611607 192.412140    34.7094      70270         20  0.000e+00
   1998.589     0.7741   3.034765     0.7752   3.035055    5.19919    -0.0857    13.8155 0.0000e+00  -61.12483  -58.09350 1152611607 192.412140    34.7091      70271         20  0.000e+00
   1998.550     0.7740   3.034813     0.7746   3.035067    5.19915    -0.1287    13.8155 0.0000e+00  -61.12483  -58.09350 1152611607 192.412141    34.7099      70272         20  0.000e+00
   1998.589     0.7738   3.034792     0.7745   3.035067    5.19921    -0.1072    13.8155 0.0000e+00  -61.12483  -58.09350 1152611607 192.412141    34.7099      70273         20  0.000e+00
   1998.589     0.7738   3.034796     0.7749   3.035043    5.19921    -0.0964    13.8155 0.0000e+00  -61.12483  -58.09350 1152611607 192.412142    34.7099      70274         20  0.000e+00
   1998.589     0.7738   3.034768     0.7750   3.035037    5.19337    -0.0964    13.8155 0.0000e+00  -61.12483  -58.09350 1152611607 192.412142    34.7095      70275         20  0.000e+00
   1998.668     0.7739   3.034772     0.7748   3.035055    5.19342    -0.1180    13.8155 0.0000e+00  -61.12483  -58.09350 1152611607 192.412143    34.7095      70276         20  0.000e+00
   1998.668     0.7738   3.034779     0.7747   3.035067    5.19342    -0.1180    13.8155 0.0000e+00  -61.12483  -58.09350 1152611607 192.412143    34.7096      70277         20  0.000e+00
   1998.628     0.7741   3.034779     0.7749   3.035067    5.19336    -0.1180    13.8155 0.0000e+00  -61.12483  -58.09350 1152611607 192.412144    34.7093      70278         20  0.000e+00
   1998.668     0.7740   3.034796     0.7748   3.035067    5.19340    -0.1072    13.8155 0.0000e+00  -61.12483  -58.09350 1152611607 192.412144    34.7097      70279         20  0.000e+00
   1998.746     0.7740   3.034786     0.7749   3.035085    5.19346    -0.0857    13.8155 0.0000e+00  -61.12483  -58.09350 1152611607 192.412145    34.7095      70280         20  0.000e+00
   1998.668     0.7737   3.034796     0.7746   3.035049    5.19342    -0.0964    13.8155 0.0000e+00  -61.12483  -58.09350 1152611608 192.412145    34.7099      70281         20  0.000e+00
   1998.964     0.7739   3.034813     0.7747   3.035043    5.19946    -0.1072    13.8155 0.0000e+00  -61.12483  -58.09350 1152611615 192.412229    34.7098      70456         21  0.000e+00
   1998.964     0.7744   3.034792     0.7743   3.035079    5.19941    -0.0857    13.8155 0.0000e+00  -61.12483  -58.09350 1152611615 192.412230    34.7090      70457         21  0.000e+00
   1999.111     0.7740   3.034779     0.7746   3.035049    5.19957    -0.0642    13.8155 0.0000e+00  -61.12483  -58.09350 1152611615 192.412230    34.7092      70458         21  0.000e+00
   1998.964     0.7738   3.034779     0.7746   3.035037    5.19949    -0.0749    13.8155 0.0000e+00  -61.12483  -58.09350 1152611615 192.412231    34.7095      70459         21  0.000e+00
   1999.072     0.7739   3.034779     0.7748   3.035055    5.19956    -0.0642    13.8155 0.0000e+00  -61.12483  -58.09350 1152611615 192.412231    34.7093      70460         21  0.000e+00
   1998.964     0.7740   3.034779     0.7746   3.035043    5.19947    -0.0857    13.8155 0.0000e+00  -61.12483  -58.09350 1152611615 192.412232    34.7093      70461         21  0.000e+00
   1998.964     0.7744   3.034779     0.7744   3.035055    5.19356    -0.1395    13.8155 0.0000e+00  -61.12483  -58.09350 1152611615 192.412232    34.7088      70462         21  0.000e+00
   1999.042     0.7736   3.034796     0.7746   3.035043    5.19955    -0.1395    13.8155 0.0000e+00  -61.12483  -58.09350 1152611615 192.412233    34.7098      70463         21  0.000e+00
   1999.043     0.7733   3.034803     0.7750   3.035055    5.19958    -0.1287    13.8155 0.0000e+00  -61.12483  -58.09350 1152611615 192.412233    34.7102      70464         21  0.000e+00
   1998.964     0.7740   3.034786     0.7744   3.035067    5.19946    -0.0964    13.8155 0.0000e+00  -61.12483  -58.09350 1152611615 192.412234    34.7093      70465         21  0.000e+00
   1999.072     0.7740   3.034796     0.7743   3.035067    5.19954    -0.1072    13.8155 0.0000e+00  -61.12483  -58.09350 1152611615 192.412234    34.7095      70466         21  0.000e+00
   1999.043     0.7735   3.034786     0.7747   3.035043    5.19958    -0.1287    13.8155 0.0000e+00  -61.12483  -58.09350 1152611615 192.412235    34.7099      70467         21  0.000e+00
   1998.964     0.7740   3.034779     0.7744   3.035055    5.19947    -0.1287    13.8155 0.0000e+00  -61.12483  -58.09350 1152611615 192.412235    34.7093      70468         21  0.000e+00
   1999.111     0.7736   3.034779     0.7743   3.035067    5.19961    -0.1072    13.8155 0.0000e+00  -61.12483  -58.09350 1152611615 192.412236    34.7096      70469         21  0.000e+00
   1999.043     0.7739   3.034817     0.7749   3.035067    5.19952    -0.1287    13.8155 0.0000e+00  -61.12483  -58.09350 1152611615 192.412236    34.7098      70470         21  0.000e+00
   1999.043     0.7741   3.034810     0.7743   3.035067    5.19949    -0.0964    13.8155 0.0000e+00  -61.12483  -58.09350 1152611615 192.412237    34.7095      70471         21  0.000e+00
   1999.072     0.7738   3.034786     0.7746   3.035043    5.19371    -0.1072    13.8155 0.0000e+00  -61.12483  -58.09350 1152611615 192.412237    34.7095      70472         21  0.000e+00
   1999.043     0.7733   3.034762     0.7743   3.035037    5.19960    -0.1502    13.8155 0.0000e+00  -61.12483  -58.09350 1152611616 192.412238    34.7097      70473         21  0.000e+00
   1999.043     0.7738   3.034772     0.7746   3.035037    5.19955    -0.0964    13.8155 0.0000e+00  -61.12483  -58.09350 1152611616 192.412238    34.7094      70474         21  0.000e+00
   1999.111     0.7734   3.034779     0.7742   3.035037    5.19963    -0.0642    13.8155 0.0000e+00  -61.12483  -58.09350 1152611616 192.412239    34.7098      70475         21  0.000e+00
   1999.043     0.7740   3.034762     0.7744   3.035055    5.19953    -0.0857    13.8155 0.0000e+00  -61.12483  -58.09350 1152611616 192.412239    34.7090      70476         21  0.000e+00
   1999.111     0.7738   3.034793     0.7744   3.035043    5.19959    -0.0857    13.8155 0.0000e+00  -61.12483  -58.09350 1152611616 192.412240    34.7096      70477         21  0.000e+00
   1999.072     0.7736   3.034765     0.7746   3.035055    5.19373    -0.0642    13.8155 0.0000e+00  -61.12483  -58.09350 1152611616 192.412240    34.7094      70478         21  0.000e+00
   1999.190     0.7739   3.034755     0.7743   3.035067    5.19965    -0.0749    13.8155 0.0000e+00  -61.12483  -58.09350 1152611616 192.412241    34.7090      70479         21  0.000e+00
   1999.111     0.7738   3.034793     0.7743   3.035067    5.19373    -0.1395    13.8155 0.0000e+00  -61.12483  -58.09350 1152611616 192.412241    34.7096      70480         21  0.000e+00
   1999.111     0.7736   3.034765     0.7746   3.035067    5.19962    -0.1287    13.8155 0.0000e+00  -61.12483  -58.09350 1152611616 192.412242    34.7094      70481         21  0.000e+00
   1999.111     0.7736   3.034793     0.7744   3.035067    5.19375    -0.1072    13.8155 0.0000e+00  -61.12483  -58.09350 1152611616 192.412242    34.7097      70482         21  0.000e+00
   1999.190     0.7741   3.034765     0.7747   3.035067    5.19962    -0.0857    13.8155 0.0000e+00  -61.12483  -58.09350 1152611616 192.412242    34.7088      70483         21  0.000e+00
   1999.151     0.7740   3.034789     0.7746   3.035043    5.19959    -0.0964    13.8155 0.0000e+00  -61.12483  -58.09350 1152611616 192.412243    34.7092      70484         21  0.000e+00
   1999.043     0.7738   3.034769     0.7747   3.035061    5.19955    -0.0749    13.8155 0.0000e+00  -61.12483  -58.09350 1152611616 192.412243    34.7093      70485         21  0.000e+00
   1999.258     0.7740   3.034810     0.7746   3.035067    5.19967    -0.1180    13.8155 0.0000e+00  -61.12483  -58.09350 1152611616 192.412244    34.7095      70486         21  0.000e+00
   1999.190     0.7735   3.034810     0.7746   3.035067    5.19382    -0.0749    13.8155 0.0000e+00  -61.12483  -58.09350 1152611616 192.412244    34.7101      70487         21  0.000e+00
   1999.190     0.7741   3.034786     0.7749   3.035043    5.19961    -0.0642    13.8155 0.0000e+00  -61.12483  -58.09350 1152611616 192.412245    34.7091      70488         21  0.000e+00
   1999.190     0.7736   3.034779     0.7743   3.035037    5.19968    -0.0964    13.8155 0.0000e+00  -61.12483  -58.09350 1152611616 192.412245    34.7096      70489         21  0.000e+00
   1999.219     0.7738   3.034779     0.7742   3.035055    5.19967    -0.1180    13.8155 0.0000e+00  -61.12483  -58.09350 1152611616 192.412246    34.7094      70490         21  0.000e+00
   1999.259     0.7736   3.034796     0.7744   3.035043    5.19971    -0.1180    13.8155 0.0000e+00  -61.12483  -58.09350 1152611616 192.412246    34.7097      70491         21  0.000e+00
   1999.190     0.7738   3.034769     0.7741   3.035037    5.19966    -0.1072    13.8155 0.0000e+00  -61.12483  -58.09350 1152611616 192.412247    34.7092      70492         21  0.000e+00
   1999.259     0.7736   3.034789     0.7746   3.035055    5.19971    -0.1287    13.8155 0.0000e+00  -61.12483  -58.09350 1152611616 192.412247    34.7096      70493         21  0.000e+00
   1999.259     0.7739   3.034782     0.7743   3.035043    5.19969    -0.1072    13.8155 0.0000e+00  -61.12483  -58.09350 1152611616 192.412248    34.7093      70494         21  0.000e+00
   1999.112     0.7738   3.034762     0.7741   3.035037    5.19960    -0.0964    13.8155 0.0000e+00  -61.12483  -58.09350 1152611616 192.412248    34.7092      70495         21  0.000e+00
   1999.366     0.7736   3.034789     0.7740   3.035013    5.19979    -0.1180    13.8155 0.0000e+00  -61.12483  -58.09350 1152611616 192.412249    34.7096      70496         21  0.000e+00
