product_data/regression_test/downloaded_data/MDGS/320620060703/ctd/p6606202.ros
* Sea-Bird SBE 9 Data File:
* FileName = D:\Data\Raw\p6606202.dat
* Software Version Seasave Win32 V 5.32
* Temperature SN = 1649
* Conductivity SN = 1431
* Number of Bytes Per Scan = 37
* Number of Voltage Words = 5
* Number of Scans Averaged by the Deck Unit = 1
* NMEA Latitude = 61 05.98 S
* NMEA Longitude = 058 08.84 W
* NMEA UTC (Time) = 06:55:41
** Ship:   Nathaniel B. Palmer 
** Cruise:    NBP0603 
** Cast #: 
** Station:   
** Operator: 
# nquan = 17
# nvalues = 1176                    
# units = specified
# name 0 = prDM: Pressure, Digiquartz [db]
# name 1 = t090C: Temperature [ITS-90, deg C]
# name 2 = c0S/m: Conductivity [S/m]
# name 3 = t190C: Temperature, 2 [ITS-90, deg C]
# name 4 = c1S/m: Conductivity, 2 [S/m]
# name 5 = sbeox0ML/L: Oxygen, SBE 43 [ml/l]
# name 6 = flECO-AFL: Fluorescence, Wetlab ECO-AFL/FL [mg/m^3]
# name 7 = bat: Beam Attenuation, Chelsea/Seatech/Wetlab CStar [1/m]
# name 8 = spar: SPAR/Surface Irradiance
# name 9 = latitude: Latitude [deg]
# name 10 = longitude: Longitude [deg]
# name 11 = timeY: Time, System [seconds]
# name 12 = timeJ: Julian Days
# name 13 = sal00: Salinity [PSU]
# name 14 = scan: scan number
# name 15 = nbf: number of bottles fired
# name 16 = flag:  0.000e+00
# interval = seconds: 0.0416667                   
# start_time = Jul 07 2006 06:55:49
*END*
[from data line 766]
     50.177    -0.8041   2.757888    -0.8019   2.757895    8.04698     0.0757    13.8155 0.0000e+00  -61.09967  -58.14733 1152255599 188.291676    33.9248       6045         16  0.000e+00
     50.253    -0.8041   2.757871    -0.8027   2.757843    8.04708     0.1080    13.8155 0.0000e+00  -61.09967  -58.14733 1152255599 188.291677    33.9245       6046         16  0.000e+00
     50.253    -0.8047   2.757884    -0.8024   2.757843    8.04717     0.0327    13.8155 0.0000e+00  -61.09967  -58.14733 1152255599 188.291677    33.9254       6047         16  0.000e+00
     50.177    -0.8047   2.757871    -0.8025   2.757872    8.04709     0.0434    13.8155 0.0000e+00  -61.09967  -58.14733 1152255599 188.291678    33.9252       6048         16  0.000e+00
     50.253    -0.8044   2.757848    -0.8028   2.757837    8.04715     0.0757    13.8155 0.0000e+00  -61.09967  -58.14733 1152255599 188.291678    33.9246       6049         16  0.000e+00
     50.177    -0.8049   2.757842    -0.8025   2.757843    8.04714     0.0650    13.8155 0.0000e+00  -61.09967  -58.14733 1152255599 188.291679    33.9250       6050         16  0.000e+00
     50.177    -0.8046   2.757861    -0.8025   2.757849    8.04708     0.0434    13.8155 0.0000e+00  -61.09967  -58.14733 1152255599 188.291679    33.9249       6051         16  0.000e+00
     50.253    -0.8040   2.757848    -0.8021   2.757889    8.04707     0.0650    13.8155 0.0000e+00  -61.09967  -58.14733 1152255599 188.291680    33.9240       6052         16  0.000e+00
     50.177    -0.8044   2.757861    -0.8027   2.757866    8.04705     0.0650    13.8155 0.0000e+00  -61.09967  -58.14733 1152255599 188.291680    33.9247       6053         16  0.000e+00
     50.177    -0.8046   2.757865    -0.8025   2.757872    8.04707     0.0542    13.8155 0.0000e+00  -61.09967  -58.14733 1152255599 188.291681    33.9250       6054         16  0.000e+00
     50.244    -0.8041   2.757835    -0.8025   2.757861    8.04710     0.0757    13.8155 0.0000e+00  -61.09967  -58.14733 1152255599 188.291681    33.9240       6055         16  0.000e+00
     50.177    -0.8043   2.757874    -0.8030   2.757872    8.04701     0.0434    13.8155 0.0000e+00  -61.09967  -58.14733 1152255600 188.291682    33.9248       6056         16  0.000e+00
     50.177    -0.8041   2.757891    -0.8025   2.757855    8.04698     0.0434    13.8155 0.0000e+00  -61.09967  -58.14733 1152255600 188.291682    33.9248       6057         16  0.000e+00
     50.177    -0.8043   2.757855    -0.8029   2.757849    8.04703     0.0542    13.8155 0.0000e+00  -61.09967  -58.14733 1152255600 188.291683    33.9245       6058         16  0.000e+00
     50.177    -0.8055   2.757825    -0.8027   2.757855    8.04725     0.0327    13.8155 0.0000e+00  -61.09967  -58.14733 1152255600 188.291683    33.9255       6059         16  0.000e+00
     50.177    -0.8058   2.757838    -0.8030   2.757849    8.04729     0.0434    13.8155 0.0000e+00  -61.09967  -58.14733 1152255600 188.291684    33.9260       6060         16  0.000e+00
     50.177    -0.8057   2.757828    -0.8032   2.757849    8.04728     0.0327    13.8155 0.0000e+00  -61.09967  -58.14733 1152255600 188.291684    33.9257       6061         16  0.000e+00
     50.254    -0.8060   2.757855    -0.8032   2.757849    8.04739     0.0757    13.8155 0.0000e+00  -61.09967  -58.14733 1152255600 188.291685    33.9264       6062         16  0.000e+00
     50.532    -0.8049   2.757779    -0.8049   2.757728    8.05229     0.0434    13.8155 0.0000e+00  -61.09967  -58.14733 1152255606 188.291761    33.9240       6221         17  0.000e+00
     50.532    -0.8051   2.757779    -0.8044   2.757722    8.05231     0.0434    13.8155 0.0000e+00  -61.09967  -58.14733 1152255606 188.291762    33.9241       6222         17  0.000e+00
     50.675    -0.8051   2.757779    -0.8045   2.757757    8.05247     0.0757    13.8155 0.0000e+00  -61.09967  -58.14733 1152255607 188.291762    33.9240       6223         17  0.000e+00
     50.465    -0.8052   2.757776    -0.8051   2.757733    8.04756     0.0865    13.8155 0.0000e+00  -61.09967  -58.14733 1152255607 188.291763    33.9243       6224         17  0.000e+00
     50.465    -0.8055   2.757776    -0.8047   2.757739    8.04761     0.0757    13.8155 0.0000e+00  -61.09967  -58.14733 1152255607 188.291763    33.9246       6225         17  0.000e+00
     50.532    -0.8049   2.757779    -0.8042   2.757745    8.04759     0.0542    13.8155 0.0000e+00  -61.09967  -58.14733 1152255607 188.291764    33.9240       6226         17  0.000e+00
     50.532    -0.8054   2.757779    -0.8045   2.757745    8.04766     0.0219    13.8155 0.0000e+00  -61.09967  -58.14733 1152255607 188.291764    33.9245       6227         17  0.000e+00
     50.465    -0.8055   2.757796    -0.8044   2.757751    8.04759     0.0219    13.8155 0.0000e+00  -61.09967  -58.14733 1152255607 188.291765    33.9249       6228         17  0.000e+00
     50.465    -0.8051   2.757782    -0.8050   2.757785    8.04753     0.0327    13.8155 0.0000e+00  -61.09967  -58.14733 1152255607 188.291765    33.9242       6229         17  0.000e+00
     50.532    -0.8054   2.757776    -0.8047   2.757722    8.04766     0.0650    13.8155 0.0000e+00  -61.09967  -58.14733 1152255607 188.291766    33.9244       6230         17  0.000e+00
     50.465    -0.8057   2.757796    -0.8050   2.757733    8.04762     0.0865    13.8155 0.0000e+00  -61.09967  -58.14733 1152255607 188.291766    33.9251       6231         17  0.000e+00
     50.532    -0.8054   2.757766    -0.8049   2.757745    8.05237     0.0434    13.8155 0.0000e+00  -61.09967  -58.14733 1152255607 188.291766    33.9243       6232         17  0.000e+00
     50.322    -0.8055   2.757773    -0.8050   2.757728    8.05216     0.0434    13.8155 0.0000e+00  -61.09967  -58.14733 1152255607 188.291767    33.9247       6233         17  0.000e+00
     50.599    -0.8055   2.757796    -0.8052   2.757757    8.04774     0.0650    13.8155 0.0000e+00  -61.09967  -58.14733 1152255607 188.291767    33.9248       6234         17  0.000e+00
     50.465    -0.8052   2.757799    -0.8044   2.757733    8.04755     0.0972    13.8155 0.0000e+00  -61.09967  -58.14733 1152255607 188.291768    33.9246       6235         17  0.000e+00
     50.465    -0.8051   2.757799    -0.8047   2.757739    8.04752     0.0972    13.8155 0.0000e+00  -61.09967  -58.14733 1152255607 188.291768    33.9244       6236         17  0.000e+00
     50.465    -0.8051   2.757819    -0.8047   2.757768    8.04750     0.0542    13.8155 0.0000e+00  -61.09967  -58.14733 1152255607 188.291769    33.9247       6237         17  0.000e+00
     50.532    -0.8046   2.757806    -0.8052   2.757756    8.05222     0.0542    13.8155 0.0000e+00  -61.09967  -58.14733 1152255607 188.291769    33.9240       6238         17  0.000e+00
     50.465    -0.8052   2.757766    -0.8047   2.757751    8.05227     0.0757    13.8155 0.0000e+00  -61.09967  -58.14733 1152255607 188.291770    33.9242       6239         17  0.000e+00
     50.465    -0.8047   2.757786    -0.8044   2.757745    8.05218     0.0650    13.8155 0.0000e+00  -61.09967  -58.14733 1152255607 188.291770    33.9239       6240         17  0.000e+00
     50.465    -0.8054   2.757799    -0.8052   2.757745    8.04757     0.0757    13.8155 0.0000e+00  -61.09967  -58.14733 1152255607 188.291771    33.9248       6241         17  0.000e+00
     50.465    -0.8052   2.757782    -0.8049   2.757751    8.04756     0.0542    13.8155 0.0000e+00  -61.09967  -58.14733 1152255607 188.291771    33.9244       6242         17  0.000e+00
     50.465    -0.8049   2.757779    -0.8044   2.757745    8.04751     0.0757    13.8155 0.0000e+00  -61.09967  -58.14733 1152255607 188.291772    33.9240       6243         17  0.000e+00
     50.465    -0.8051   2.757759    -0.8044   2.757785    8.04755     0.0865    13.8155 0.0000e+00  -61.09967  -58.14733 1152255607 188.291772    33.9239       6244         17  0.000e+00
     50.465    -0.8047   2.757802    -0.8047   2.757722    8.05217     0.0434    13.8155 0.0000e+00  -61.09967  -58.14733 1152255607 188.291773    33.9241       6245         17  0.000e+00
     50.465    -0.8046   2.757769    -0.8047   2.757751    8.05217     0.0219    13.8155 0.0000e+00  -61.09967  -58.14733 1152255607 188.291773    33.9235       6246         17  0.000e+00
     50.532    -0.8047   2.757789    -0.8049   2.757756    8.05225     0.0650    13.8155 1.9481e+00  -61.09967  -58.14733 1152255608 188.291774    33.9239       6247         17  0.000e+00
     50.465    -0.8041   2.757782    -0.8049   2.757745    8.04738     0.0434    13.8155 0.0000e+00  -61.09967  -58.14733 1152255608 188.291774    33.9232       6248         17  0.000e+00
     50.465    -0.8047   2.757812    -0.8047   2.757728    8.04746     0.0542    13.8155 0.0000e+00  -61.09967  -58.14733 1152255608 188.291775    33.9243       6249         17  0.000e+00
     50.532    -0.8047   2.757806    -0.8050   2.757739    8.04754     0.0650    13.8155 0.0000e+00  -61.09967  -58.14733 1152255608 188.291775    33.9241       6250         17  0.000e+00
     50.465    -0.8051   2.757799    -0.8051   2.757745    8.04752     0.0327    13.8155 0.0000e+00  -61.09967  -58.14733 1152255608 188.291776    33.9244       6251         17  0.000e+00
     50.465    -0.8052   2.757819    -0.8042   2.757745    8.04753     0.0757    13.8155 0.0000e+00  -61.09967  -58.14733 1152255608 188.291776    33.9249       6252         17  0.000e+00
     50.532    -0.8052   2.757825    -0.8044   2.757768    8.04760     0.0542    13.8155 0.0000e+00  -61.09967  -58.14733 1152255608 188.291777    33.9249       6253         17  0.000e+00
     50.465    -0.8049   2.757805    -0.8050   2.757751    8.04749     0.0112    13.8155 0.0000e+00  -61.09967  -58.14733 1152255608 188.291777    33.9244       6254         17  0.000e+00
     50.532    -0.8046   2.757799    -0.8047   2.757762    8.04752     0.0219    13.8155 0.0000e+00  -61.09967  -58.14733 1152255608 188.291778    33.9239       6255         17  0.000e+00
     50.465    -0.8044   2.757819    -0.8044   2.757791    8.05211     0.0650    13.8155 0.0000e+00  -61.09967  -58.14733 1152255608 188.291778    33.9240       6256         17  0.000e+00
     50.532    -0.8049   2.757789    -0.8044   2.757756    8.04758     0.0219    13.8155 0.0000e+00  -61.09967  -58.14733 1152255608 188.291779    33.9241       6257         17  0.000e+00
     50.532    -0.8052   2.757796    -0.8047   2.757762    8.04762    -0.0104    13.8155 0.0000e+00  -61.09967  -58.14733 1152255608 188.291779    33.9245       6258         17  0.000e+00
     50.532    -0.8055   2.757802    -0.8045   2.757757    8.04767     0.0434    13.8155 0.0000e+00  -61.09967  -58.14733 1152255608 188.291780    33.9250       6259         17  0.000e+00
     50.532    -0.8052   2.757783    -0.8047   2.757785    8.05234     0.0972    13.8155 0.0000e+00  -61.09967  -58.14733 1152255608 188.291780    33.9244       6260         17  0.000e+00
     50.532    -0.8052   2.757812    -0.8047   2.757762    8.05231     0.0757    13.8155 0.0000e+00  -61.09967  -58.14733 1152255608 188.291780    33.9248       6261         17  0.000e+00
     50.532    -0.8052   2.757825    -0.8044   2.757768    8.05230     0.0327    13.8155 0.0000e+00  -61.09967  -58.14733 1152255608 188.291781    33.9249       6262         17  0.000e+00
     50.532    -0.8052   2.757825    -0.8045   2.757791    8.05231     0.0112    13.8155 0.0000e+00  -61.09967  -58.14733 1152255608 188.291781    33.9249       6263         17  0.000e+00
     50.599    -0.8047   2.757838    -0.8045   2.757780    8.04759    -0.0104    13.8155 0.0000e+00  -61.09967  -58.14733 1152255608 188.291782    33.9245       6264         17  0.000e+00
     50.532    -0.8051   2.757809    -0.8042   2.757791    8.04759     0.0112    13.8155 0.0000e+00  -61.09967  -58.14733 1152255608 188.291782    33.9245       6265         17  0.000e+00
     50.532    -0.8052   2.757783    -0.8036   2.757780    8.05234     0.0434    13.8155 0.0000e+00  -61.09967  -58.14733 1152255608 188.291783    33.9244       6266         17  0.000e+00
     50.599    -0.8047   2.757812    -0.8042   2.757774    8.05231     0.0650    13.8155 0.0000e+00  -61.09967  -58.14733 1152255608 188.291783    33.9242       6267         17  0.000e+00
     50.532    -0.8047   2.757806    -0.8045   2.757809    8.05224     0.1080    13.8155 0.0000e+00  -61.09967  -58.14733 1152255608 188.291784    33.9241       6268         17  0.000e+00
     50.599    -0.8051   2.757819    -0.8041   2.757785    8.05236     0.1188    13.8155 0.0000e+00  -61.09967  -58.14733 1152255608 188.291784    33.9246       6269         17  0.000e+00
     50.323    -0.8046   2.757799    -0.8041   2.757774    8.04258     0.0757    13.8155 0.0000e+00  -61.09967  -58.14733 1152255612 188.291829    33.9240       6361         18  0.000e+00
     50.466    -0.8051   2.757782    -0.8044   2.757756    8.04753     0.0542    13.8155 0.0000e+00  -61.09967  -58.14733 1152255612 188.291829    33.9242       6362         18  0.000e+00
     50.390    -0.8049   2.757796    -0.8045   2.757768    8.04741     0.0542    13.8155 0.0000e+00  -61.09967  -58.14733 1152255612 188.291830    33.9243       6363         18  0.000e+00
     50.390    -0.8046   2.757819    -0.8045   2.757774    8.04735     0.0865    13.8155 0.0000e+00  -61.09967  -58.14733 1152255612 188.291830    33.9242       6364         18  0.000e+00
     50.466    -0.8047   2.757805    -0.8050   2.757774    8.04276     0.0757    13.8155 0.0000e+00  -61.09967  -58.14733 1152255612 188.291831    33.9242       6365         18  0.000e+00
     50.390    -0.8044   2.757812    -0.8042   2.757774    8.04262     0.0865    13.8155 0.0000e+00  -61.09967  -58.14733 1152255612 188.291831    33.9240       6366         18  0.000e+00
     50.466    -0.8046   2.757822    -0.8041   2.757791    8.04273     0.0865    13.8155 0.0000e+00  -61.09967  -58.14733 1152255612 188.291832    33.9242       6367         18  0.000e+00
     50.533    -0.8044   2.757825    -0.8042   2.757762    8.04277     0.0327    13.8155 0.0000e+00  -61.09967  -58.14733 1152255613 188.291832    33.9241       6368         18  0.000e+00
     50.390    -0.8046   2.757805    -0.8039   2.757768    8.04265     0.0865    13.8155 0.0000e+00  -61.09967  -58.14733 1152255613 188.291833    33.9241       6369         18  0.000e+00
     50.533    -0.8043   2.757783    -0.8041   2.757791    8.04278     0.1080    13.8155 0.0000e+00  -61.09967  -58.14733 1152255613 188.291833    33.9233       6370         18  0.000e+00
     50.466    -0.8046   2.757792    -0.8042   2.757797    8.04274     0.0757    13.8155 0.0000e+00  -61.09967  -58.14733 1152255613 188.291834    33.9238       6371         18  0.000e+00
     50.390    -0.8038   2.757799    -0.8039   2.757780    8.04253     0.0327    13.8155 0.0000e+00  -61.09967  -58.14733 1152255613 188.291834    33.9231       6372         18  0.000e+00
     50.533    -0.8044   2.757802    -0.8044   2.757774    8.04279     0.0004    13.8155 0.0000e+00  -61.09967  -58.14733 1152255613 188.291834    33.9238       6373         18  0.000e+00
     50.533    -0.8052   2.757819    -0.8042   2.757757    8.04290     0.0542    13.8155 0.0000e+00  -61.09967  -58.14733 1152255613 188.291835    33.9249       6374         18  0.000e+00
     50.457    -0.8043   2.757825    -0.8044   2.757768    8.04266     0.0327    13.8155 0.0000e+00  -61.09967  -58.14733 1152255613 188.291835    33.9239       6375         18  0.000e+00
     50.533    -0.8043   2.757835    -0.8042   2.757774    8.04274     0.0112    13.8155 0.0000e+00  -61.09967  -58.14733 1152255613 188.291836    33.9240       6376         18  0.000e+00
     50.533    -0.8052   2.757842    -0.8041   2.757757    8.04288     0.0004    13.8155 0.0000e+00  -61.09967  -58.14733 1152255613 188.291836    33.9251       6377         18  0.000e+00
     50.600    -0.8049   2.757829    -0.8047   2.757768    8.04292     0.0327    13.8155 0.0000e+00  -61.09967  -58.14733 1152255613 188.291837    33.9246       6378         18  0.000e+00
