product_data/regression_test/downloaded_data/MDGS/320620060703/ctd/p6607803.cnv
* Sea-Bird SBE 9 Data File:
* FileName = D:\Data\Raw\P6607803.dat
* Software Version Seasave Win32 V 5.32
* Temperature SN = 1649
* Conductivity SN = 1431
* Number of Bytes Per Scan = 37
* Number of Voltage Words = 5
* Number of Scans Averaged by the Deck Unit = 1
* NMEA Latitude = 62 18.67 S
* NMEA Longitude = 058 03.91 W
* NMEA UTC (Time) = 00:15:32
** Ship:   Nathaniel B. Palmer 
** Cruise:    NBP0603 
** Cast #: 
** Station:   
** Operator: 
# nquan = 15
# nvalues = 1397                        
# units = specified
# name 0 = prDM: Pressure, Digiquartz [db]
# name 1 = t090C: Temperature [ITS-90, deg C]
# name 2 = c0S/m: Conductivity [S/m]
# name 3 = t190C: Temperature, 2 [ITS-90, deg C]
# name 4 = c1S/m: Conductivity, 2 [S/m]
# name 5 = sbeox0ML/L: Oxygen, SBE 43 [ml/l]
# name 6 = flECO-AFL: Fluorescence, Wetlab ECO-AFL/FL [mg/m^3]
# name 7 = bat: Beam Attenuation, Chelsea/Seatech/Wetlab CStar [1/m]
# name 8 = spar: SPAR/Surface Irradiance
# name 9 = latitude: Latitude [deg]
# name 10 = longitude: Longitude [deg]
# name 11 = timeY: Time, System [seconds]
# name 12 = timeJ: Julian Days
# name 13 = sal00: Salinity [PSU]
# name 14 = flag: flag
# span 0 =      1.000,   1397.000       
# span 1 =    -1.7966,    -0.3856       
# span 2 =   2.700100,   2.849091       
# span 3 =    -1.7939,    -0.3836       
# span 4 =   2.700400,   2.848482       
# span 5 =    6.27278,    7.93631       
# span 6 =    -0.1510,     0.2116       
# span 7 =    13.8155,    13.8155       
# span 8 = -2.619e-02, 1.8287e+00       
# span 9 =  -62.31117,  -62.31117       
# span 10 =  -58.06517,  -58.06517      
# span 11 = 1152404137, 1152406031      
# span 12 = 190.010849, 190.032792      
# span 13 =    34.1714,    34.5444      
# span 14 = 0.0000e+00, 0.0000e+00      
# interval = decibars: 1                
# start_time = Jul 09 2006 00:15:40
# bad_flag = -9.990e-29
*END*
[from data line 579]
    580.000    -0.6198   2.841607    -0.6176   2.841906    6.34970    -0.1133    13.8155 0.0000e+00  -62.31117  -58.06517 1152404935 190.020104    34.5239 0.0000e+00
    581.000    -0.6202   2.841635    -0.6177   2.841948    6.35020    -0.1202    13.8155 0.0000e+00  -62.31117  -58.06517 1152404936 190.020116    34.5240 0.0000e+00
    582.000    -0.6216   2.841575    -0.6192   2.841909    6.35091    -0.1249    13.8155 0.0000e+00  -62.31117  -58.06517 1152404937 190.020127    34.5242 0.0000e+00
    583.000    -0.6223   2.841555    -0.6202   2.841848    6.35213    -0.1195    13.8155 0.0000e+00  -62.31117  -58.06517 1152404938 190.020141    34.5242 0.0000e+00
    584.000    -0.6226   2.841576    -0.6205   2.841850    6.35453    -0.1260    13.8155 0.0000e+00  -62.31117  -58.06517 1152404940 190.020162    34.5241 0.0000e+00
    585.000    -0.6228   2.841613    -0.6203   2.841895    6.35493    -0.1082    13.8155 0.0000e+00  -62.31117  -58.06517 1152404941 190.020178    34.5242 0.0000e+00
    586.000    -0.6238   2.841564    -0.6211   2.841912    6.35547    -0.1304    13.8155 0.0000e+00  -62.31117  -58.06517 1152404942 190.020190    34.5242 0.0000e+00
    587.000    -0.6245   2.841569    -0.6221   2.841865    6.35554    -0.1163    13.8155 0.0000e+00  -62.31117  -58.06517 1152404943 190.020202    34.5244 0.0000e+00
    588.000    -0.6248   2.841589    -0.6223   2.841894    6.35611    -0.1176    13.8155 0.0000e+00  -62.31117  -58.06517 1152404944 190.020214    34.5244 0.0000e+00
    589.000    -0.6254   2.841583    -0.6232   2.841889    6.35607    -0.1203    13.8155 0.0000e+00  -62.31117  -58.06517 1152404945 190.020227    34.5245 0.0000e+00
    590.000    -0.6249   2.841678    -0.6227   2.841955    6.35653    -0.1165    13.8155 0.0000e+00  -62.31117  -58.06517 1152404947 190.020243    34.5245 0.0000e+00
    591.000    -0.6286   2.841426    -0.6253   2.841835    6.35737    -0.1179    13.8155 0.0000e+00  -62.31117  -58.06517 1152404949 190.020263    34.5249 0.0000e+00
    592.000    -0.6318   2.841228    -0.6292   2.841599    6.35910    -0.1178    13.8155 0.0000e+00  -62.31117  -58.06517 1152404950 190.020282    34.5252 0.0000e+00
    593.000    -0.6324   2.841213    -0.6297   2.841575    6.36111    -0.1180    13.8155 0.0000e+00  -62.31117  -58.06517 1152404951 190.020295    34.5252 0.0000e+00
    594.000    -0.6330   2.841213    -0.6304   2.841566    6.36198    -0.1312    13.8155 0.0000e+00  -62.31117  -58.06517 1152404952 190.020306    34.5253 0.0000e+00
    595.000    -0.6345   2.841145    -0.6321   2.841491    6.36236    -0.1263    13.8155 0.0000e+00  -62.31117  -58.06517 1152404953 190.020317    34.5254 0.0000e+00
    596.000    -0.6357   2.841107    -0.6334   2.841425    6.36332    -0.1105    13.8155 0.0000e+00  -62.31117  -58.06517 1152404954 190.020330    34.5258 0.0000e+00
    597.000    -0.6362   2.841120    -0.6338   2.841435    6.36391    -0.1211    13.8155 0.0000e+00  -62.31117  -58.06517 1152404956 190.020347    34.5258 0.0000e+00
    598.000    -0.6363   2.841164    -0.6340   2.841463    6.36382    -0.1083    13.8155 0.0000e+00  -62.31117  -58.06517 1152404957 190.020364    34.5258 0.0000e+00
    599.000    -0.6367   2.841164    -0.6344   2.841476    6.36438    -0.1256    13.8155 0.0000e+00  -62.31117  -58.06517 1152404958 190.020379    34.5257 0.0000e+00
    600.000    -0.6387   2.841057    -0.6364   2.841423    6.36540    -0.1039    13.8155 0.0000e+00  -62.31117  -58.06517 1152404960 190.020392    34.5259 0.0000e+00
    601.000    -0.6441   2.840671    -0.6416   2.841086    6.36551    -0.1139    13.8155 0.0000e+00  -62.31117  -58.06517 1152404961 190.020405    34.5265 0.0000e+00
    602.000    -0.6467   2.840516    -0.6445   2.840859    6.36419    -0.1200    13.8155 0.0000e+00  -62.31117  -58.06517 1152404962 190.020424    34.5267 0.0000e+00
    603.000    -0.6467   2.840569    -0.6445   2.840880    6.36794    -0.1185    13.8155 0.0000e+00  -62.31117  -58.06517 1152404964 190.020442    34.5268 0.0000e+00
    604.000    -0.6467   2.840619    -0.6444   2.840932    6.37075    -0.1118    13.8155 0.0000e+00  -62.31117  -58.06517 1152404965 190.020455    34.5268 0.0000e+00
    605.000    -0.6466   2.840661    -0.6442   2.840982    6.37351    -0.1160    13.8155 0.0000e+00  -62.31117  -58.06517 1152404966 190.020465    34.5266 0.0000e+00
    606.000    -0.6504   2.840417    -0.6479   2.840825    6.37337    -0.1039    13.8155 0.0000e+00  -62.31117  -58.06517 1152404967 190.020476    34.5269 0.0000e+00
    607.000    -0.6540   2.840148    -0.6519   2.840543    6.37394    -0.1234    13.8155 0.0000e+00  -62.31117  -58.06517 1152404968 190.020489    34.5271 0.0000e+00
    608.000    -0.6579   2.839878    -0.6558   2.840225    6.37422    -0.1201    13.8155 0.0000e+00  -62.31117  -58.06517 1152404970 190.020509    34.5273 0.0000e+00
    609.000    -0.6584   2.839888    -0.6563   2.840214    6.37341    -0.1236    13.8155 0.0000e+00  -62.31117  -58.06517 1152404971 190.020526    34.5275 0.0000e+00
    610.000    -0.6593   2.839851    -0.6571   2.840201    6.37525    -0.1142    13.8155 0.0000e+00  -62.31117  -58.06517 1152404972 190.020540    34.5273 0.0000e+00
    611.000    -0.6617   2.839704    -0.6593   2.840073    6.37811    -0.1243    13.8155 0.0000e+00  -62.31117  -58.06517 1152404974 190.020554    34.5274 0.0000e+00
    612.000    -0.6643   2.839537    -0.6617   2.839924    6.38102    -0.1112    13.8155 0.0000e+00  -62.31117  -58.06517 1152404975 190.020570    34.5275 0.0000e+00
    613.000    -0.6664   2.839398    -0.6640   2.839796    6.38386    -0.1199    13.8155 0.0000e+00  -62.31117  -58.06517 1152404976 190.020585    34.5274 0.0000e+00
    614.000    -0.6678   2.839332    -0.6654   2.839702    6.38228    -0.1119    13.8155 0.0000e+00  -62.31117  -58.06517 1152404977 190.020598    34.5276 0.0000e+00
    615.000    -0.6691   2.839268    -0.6665   2.839647    6.38320    -0.1230    13.8155 0.0000e+00  -62.31117  -58.06517 1152404978 190.020609    34.5276 0.0000e+00
    616.000    -0.6693   2.839288    -0.6668   2.839644    6.38376    -0.1153    13.8155 0.0000e+00  -62.31117  -58.06517 1152404979 190.020620    34.5274 0.0000e+00
    617.000    -0.6707   2.839213    -0.6684   2.839575    6.38220    -0.1179    13.8155 0.0000e+00  -62.31117  -58.06517 1152404981 190.020636    34.5275 0.0000e+00
    618.000    -0.6718   2.839162    -0.6697   2.839492    6.38429    -0.1218    13.8155 0.0000e+00  -62.31117  -58.06517 1152404983 190.020659    34.5274 0.0000e+00
    619.000    -0.6735   2.839065    -0.6714   2.839403    6.38643    -0.1282    13.8155 0.0000e+00  -62.31117  -58.06517 1152404984 190.020676    34.5275 0.0000e+00
    620.000    -0.6744   2.839034    -0.6721   2.839393    6.38777    -0.1092    13.8155 0.0000e+00  -62.31117  -58.06517 1152404985 190.020688    34.5275 0.0000e+00
    621.000    -0.6747   2.839058    -0.6725   2.839385    6.38781    -0.1172    13.8155 0.0000e+00  -62.31117  -58.06517 1152404986 190.020699    34.5274 0.0000e+00
    622.000    -0.6751   2.839063    -0.6728   2.839398    6.38971    -0.1364    13.8155 0.0000e+00  -62.31117  -58.06517 1152404987 190.020710    34.5274 0.0000e+00
    623.000    -0.6757   2.839074    -0.6735   2.839394    6.39197    -0.1231    13.8155 0.0000e+00  -62.31117  -58.06517 1152404989 190.020726    34.5276 0.0000e+00
    624.000    -0.6763   2.839073    -0.6740   2.839381    6.39373    -0.1353    13.8155 0.0000e+00  -62.31117  -58.06517 1152404990 190.020747    34.5276 0.0000e+00
    625.000    -0.6772   2.839032    -0.6748   2.839388    6.39474    -0.1173    13.8155 0.0000e+00  -62.31117  -58.06517 1152404991 190.020761    34.5274 0.0000e+00
    626.000    -0.6795   2.838885    -0.6773   2.839225    6.39595    -0.1155    13.8155 0.0000e+00  -62.31117  -58.06517 1152404992 190.020773    34.5276 0.0000e+00
    627.000    -0.6797   2.838910    -0.6774   2.839249    6.39678    -0.1264    13.8155 0.0000e+00  -62.31117  -58.06517 1152404993 190.020784    34.5276 0.0000e+00
    628.000    -0.6797   2.838956    -0.6775   2.839270    6.39622    -0.1186    13.8155 0.0000e+00  -62.31117  -58.06517 1152404995 190.020800    34.5275 0.0000e+00
    629.000    -0.6797   2.839003    -0.6776   2.839310    6.39564    -0.1091    13.8155 0.0000e+00  -62.31117  -58.06517 1152404997 190.020819    34.5275 0.0000e+00
    630.000    -0.6797   2.839037    -0.6774   2.839347    6.39698    -0.1247    13.8155 0.0000e+00  -62.31117  -58.06517 1152404998 190.020834    34.5274 0.0000e+00
    631.000    -0.6815   2.838949    -0.6787   2.839331    6.39847    -0.1112    13.8155 0.0000e+00  -62.31117  -58.06517 1152404999 190.020846    34.5277 0.0000e+00
    632.000    -0.6822   2.838937    -0.6797   2.839265    6.39919    -0.1310    13.8155 0.0000e+00  -62.31117  -58.06517 1152405000 190.020857    34.5277 0.0000e+00
    633.000    -0.6821   2.838983    -0.6797   2.839308    6.39937    -0.1156    13.8155 0.0000e+00  -62.31117  -58.06517 1152405001 190.020870    34.5275 0.0000e+00
    634.000    -0.6828   2.838967    -0.6805   2.839290    6.39889    -0.1222    13.8155 0.0000e+00  -62.31117  -58.06517 1152405002 190.020889    34.5276 0.0000e+00
    635.000    -0.6827   2.839024    -0.6803   2.839327    6.40316    -0.1159    13.8155 0.0000e+00  -62.31117  -58.06517 1152405004 190.020908    34.5276 0.0000e+00
    636.000    -0.6824   2.839091    -0.6800   2.839399    6.40287    -0.1269    13.8155 0.0000e+00  -62.31117  -58.06517 1152405005 190.020922    34.5275 0.0000e+00
    637.000    -0.6826   2.839130    -0.6802   2.839445    6.40431    -0.1250    13.8155 0.0000e+00  -62.31117  -58.06517 1152405006 190.020934    34.5276 0.0000e+00
    638.000    -0.6843   2.839026    -0.6817   2.839380    6.40670    -0.1198    13.8155 0.0000e+00  -62.31117  -58.06517 1152405007 190.020946    34.5276 0.0000e+00
    639.000    -0.6853   2.838985    -0.6830   2.839292    6.40953    -0.1198    13.8155 0.0000e+00  -62.31117  -58.06517 1152405009 190.020963    34.5276 0.0000e+00
    640.000    -0.6857   2.838995    -0.6835   2.839306    6.41129    -0.1140    13.8155 0.0000e+00  -62.31117  -58.06517 1152405011 190.020982    34.5277 0.0000e+00
    641.000    -0.6866   2.838965    -0.6842   2.839285    6.41050    -0.1195    13.8155 0.0000e+00  -62.31117  -58.06517 1152405012 190.020995    34.5277 0.0000e+00
    642.000    -0.6870   2.838970    -0.6847   2.839288    6.40941    -0.1235    13.8155 0.0000e+00  -62.31117  -58.06517 1152405013 190.021006    34.5276 0.0000e+00
    643.000    -0.6869   2.839026    -0.6845   2.839329    6.40774    -0.1251    13.8155 0.0000e+00  -62.31117  -58.06517 1152405014 190.021016    34.5276 0.0000e+00
    644.000    -0.6870   2.839064    -0.6844   2.839371    6.40598    -0.1263    13.8155 0.0000e+00  -62.31117  -58.06517 1152405015 190.021027    34.5277 0.0000e+00
    645.000    -0.6867   2.839136    -0.6846   2.839421    6.40728    -0.1133    13.8155 0.0000e+00  -62.31117  -58.06517 1152405016 190.021047    34.5276 0.0000e+00
    646.000    -0.6882   2.839058    -0.6860   2.839358    6.41039    -0.1252    13.8155 0.0000e+00  -62.31117  -58.06517 1152405018 190.021072    34.5277 0.0000e+00
    647.000    -0.6888   2.839051    -0.6866   2.839361    6.41238    -0.1243    13.8155 0.0000e+00  -62.31117  -58.06517 1152405020 190.021088    34.5277 0.0000e+00
    648.000    -0.6920   2.838833    -0.6894   2.839246    6.41311    -0.1351    13.8155 0.0000e+00  -62.31117  -58.06517 1152405021 190.021100    34.5277 0.0000e+00
    649.000    -0.6947   2.838652    -0.6923   2.839034    6.41336    -0.1466    13.8155 0.0000e+00  -62.31117  -58.06517 1152405022 190.021110    34.5280 0.0000e+00
    650.000    -0.6969   2.838506    -0.6944   2.838886    6.41386    -0.1169    13.8155 0.0000e+00  -62.31117  -58.06517 1152405023 190.021120    34.5280 0.0000e+00
    651.000    -0.6992   2.838363    -0.6970   2.838729    6.41454    -0.1303    13.8155 0.0000e+00  -62.31117  -58.06517 1152405023 190.021131    34.5280 0.0000e+00
    652.000    -0.7016   2.838208    -0.6994   2.838562    6.41554    -0.1137    13.8155 0.0000e+00  -62.31117  -58.06517 1152405025 190.021147    34.5281 0.0000e+00
    653.000    -0.7035   2.838089    -0.7014   2.838425    6.41749    -0.1188    13.8155 0.0000e+00  -62.31117  -58.06517 1152405027 190.021171    34.5281 0.0000e+00
    654.000    -0.7042   2.838079    -0.7019   2.838408    6.41843    -0.1223    13.8155 0.0000e+00  -62.31117  -58.06517 1152405028 190.021188    34.5282 0.0000e+00
    655.000    -0.7033   2.838203    -0.7012   2.838496    6.42279    -0.1328    13.8155 0.0000e+00  -62.31117  -58.06517 1152405029 190.021200    34.5281 0.0000e+00
    656.000    -0.7038   2.838193    -0.7013   2.838547    6.42459    -0.1402    13.8155 0.0000e+00  -62.31117  -58.06517 1152405030 190.021211    34.5279 0.0000e+00
    657.000    -0.7043   2.838218    -0.7020   2.838521    6.42505    -0.1260    13.8155 0.0000e+00  -62.31117  -58.06517 1152405031 190.021223    34.5283 0.0000e+00
    658.000    -0.7045   2.838234    -0.7022   2.838559    6.42421    -0.1201    13.8155 0.0000e+00  -62.31117  -58.06517 1152405033 190.021238    34.5280 0.0000e+00
    659.000    -0.7068   2.838087    -0.7046   2.838433    6.42473    -0.1219    13.8155 0.0000e+00  -62.31117  -58.06517 1152405034 190.021257    34.5281 0.0000e+00
    660.000    -0.7087   2.837983    -0.7061   2.838343    6.42466    -0.1258    13.8155 0.0000e+00  -62.31117  -58.06517 1152405036 190.021272    34.5283 0.0000e+00
    661.000    -0.7091   2.837983    -0.7071   2.838314    6.42517    -0.1093    13.8155 0.0000e+00  -62.31117  -58.06517 1152405037 190.021284    34.5281 0.0000e+00
    662.000    -0.7111   2.837881    -0.7088   2.838238    6.42610    -0.1038    13.8155 0.0000e+00  -62.31117  -58.06517 1152405038 190.021296    34.5284 0.0000e+00
    663.000    -0.7122   2.837837    -0.7098   2.838183    6.42802    -0.1204    13.8155 0.0000e+00  -62.31117  -58.06517 1152405039 190.021313    34.5285 0.0000e+00
    664.000    -0.7128   2.837837    -0.7104   2.838160    6.42967    -0.1181    13.8155 0.0000e+00  -62.31117  -58.06517 1152405041 190.021333    34.5286 0.0000e+00
    665.000    -0.7125   2.837904    -0.7100   2.838222    6.43348    -0.1416    13.8155 0.0000e+00  -62.31117  -58.06517 1152405042 190.021348    34.5284 0.0000e+00
    666.000    -0.7118   2.838006    -0.7095   2.838309    6.43379    -0.1280    13.8155 0.0000e+00  -62.31117  -58.06517 1152405043 190.021360    34.5285 0.0000e+00
    667.000    -0.7114   2.838095    -0.7092   2.838385    6.43227    -0.1281    13.8155 0.0000e+00  -62.31117  -58.06517 1152405044 190.021371    34.5285 0.0000e+00
    668.000    -0.7114   2.838129    -0.7093   2.838424    6.43215    -0.1195    13.8155 0.0000e+00  -62.31117  -58.06517 1152405045 190.021382    34.5284 0.0000e+00
    669.000    -0.7128   2.838062    -0.7106   2.838388    6.43215    -0.1094    13.8155 0.0000e+00  -62.31117  -58.06517 1152405046 190.021395    34.5285 0.0000e+00
    670.000    -0.7135   2.838045    -0.7113   2.838348    6.43332    -0.1199    13.8155 0.0000e+00  -62.31117  -58.06517 1152405048 190.021416    34.5285 0.0000e+00
    671.000    -0.7134   2.838096    -0.7113   2.838391    6.43141    -0.1212    13.8155 0.0000e+00  -62.31117  -58.06517 1152405050 190.021436    34.5284 0.0000e+00
    672.000    -0.7137   2.838125    -0.7114   2.838423    6.43473    -0.1189    13.8155 0.0000e+00  -62.31117  -58.06517 1152405051 190.021449    34.5286 0.0000e+00
    673.000    -0.7153   2.838028    -0.7131   2.838362    6.43481    -0.1157    13.8155 0.0000e+00  -62.31117  -58.06517 1152405052 190.021460    34.5285 0.0000e+00
    674.000    -0.7155   2.838053    -0.7136   2.838353    6.43237    -0.1255    13.8155 0.0000e+00  -62.31117  -58.06517 1152405053 190.021471    34.5286 0.0000e+00
