product_data/regression_test/downloaded_data/MDGS/320620060703/ctd/p6609604.ros
* Sea-Bird SBE 9 Data File:
* FileName = D:\Data\Raw\p6609604.dat
* Software Version Seasave Win32 V 5.32
* Temperature SN = 1649
* Conductivity SN = 1431
* Number of Bytes Per Scan = 37
* Number of Voltage Words = 5
* Number of Scans Averaged by the Deck Unit = 1
* NMEA Latitude = 60 45.04 S
* NMEA Longitude = 058 22.48 W
* NMEA UTC (Time) = 21:57:23
** Ship:   Nathaniel B. Palmer 
** Cruise:    NBP0606 
# nquan = 17
# nvalues = 1176                    
# units = specified
# name 0 = prDM: Pressure, Digiquartz [db]
# name 1 = t090C: Temperature [ITS-90, deg C]
# name 2 = c0S/m: Conductivity [S/m]
# name 3 = t190C: Temperature, 2 [ITS-90, deg C]
# name 4 = c1S/m: Conductivity, 2 [S/m]
# name 5 = sbeox0ML/L: Oxygen, SBE 43 [ml/l]
# name 6 = flECO-AFL: Fluorescence, Wetlab ECO-AFL/FL [mg/m^3]
# name 7 = bat: Beam Attenuation, Chelsea/Seatech/Wetlab CStar [1/m]
# name 8 = spar: SPAR/Surface Irradiance
# name 9 = latitude: Latitude [deg]
# name 10 = longitude: Longitude [deg]
# name 11 = timeY: Time, System [seconds]
# name 12 = timeJ: Julian Days
# name 13 = sal00: Salinity [PSU]
# name 14 = scan: scan number
# name 15 = nbf: number of bottles fired
# name 16 = flag:  0.000e+00
# interval = seconds: 0.0416667                   
# start_time = Jul 11 2006 21:57:31
*END*
[from data line 1107]
     10.056    -0.8349   2.750655    -0.8358   2.750913    8.01246     0.0434    13.8155 0.0000e+00  -60.75067  -58.37467 1152658947 192.960051    33.8862      93538         23  0.000e+00
     10.152    -0.8351   2.750661    -0.8364   2.750890    8.01259     0.0757    13.8155 0.0000e+00  -60.75067  -58.37467 1152658947 192.960051    33.8864      93539         23  0.000e+00
     10.056    -0.8343   2.750645    -0.8359   2.750931    8.01237     0.0327    13.8155 0.0000e+00  -60.75067  -58.37467 1152658947 192.960052    33.8854      93540         23  0.000e+00
     10.075    -0.8346   2.750688    -0.8364   2.750925    8.01241    -0.0104    13.8155 0.0000e+00  -60.75067  -58.37467 1152658947 192.960052    33.8863      93541         23  0.000e+00
     10.123    -0.8345   2.750721    -0.8357   2.750919    8.01241     0.0112    13.8155 0.0000e+00  -60.75067  -58.37467 1152658947 192.960053    33.8865      93542         23  0.000e+00
     10.056    -0.8345   2.750727    -0.8361   2.750937    8.01233     0.0542    13.8155 0.0000e+00  -60.75067  -58.37467 1152658947 192.960053    33.8867      93543         23  0.000e+00
     10.075    -0.8348   2.750678    -0.8360   2.750983    8.01244     0.0327    13.8155 0.0000e+00  -60.75067  -58.37467 1152658947 192.960054    33.8863      93544         23  0.000e+00
     10.123    -0.8348   2.750645    -0.8357   2.750960    8.01252     0.0434    13.8155 0.0000e+00  -60.75067  -58.37467 1152658947 192.960054    33.8859      93545         23  0.000e+00
     10.056    -0.8354   2.750638    -0.8361   2.750942    8.01255     0.0004    13.8155 0.0000e+00  -60.75067  -58.37467 1152658947 192.960054    33.8865      93546         23  0.000e+00
     10.009    -0.8355   2.750619    -0.8363   2.750925    8.01253     0.0112    13.8155 0.0000e+00  -60.75067  -58.37467 1152658947 192.960055    33.8864      93547         23  0.000e+00
     10.123    -0.8348   2.750665    -0.8361   2.750896    8.01250     0.0542    13.8155 0.0000e+00  -60.75067  -58.37467 1152658947 192.960055    33.8861      93548         23  0.000e+00
     10.009    -0.8348   2.750665    -0.8364   2.750908    8.01238     0.0972    13.8155 0.0000e+00  -60.75067  -58.37467 1152658947 192.960056    33.8862      93549         23  0.000e+00
     10.056    -0.8349   2.750625    -0.8363   2.750879    8.01248     0.0972    13.8155 0.0000e+00  -60.75067  -58.37467 1152658947 192.960056    33.8858      93550         23  0.000e+00
     10.056    -0.8355   2.750602    -0.8363   2.750902    8.01260     0.0542    13.8155 0.0000e+00  -60.75067  -58.37467 1152658947 192.960057    33.8862      93551         23  0.000e+00
     10.009    -0.8354   2.750530    -0.8367   2.750856    8.01258     0.0112    13.8155 0.0000e+00  -60.75067  -58.37467 1152658947 192.960057    33.8851      93552         23  0.000e+00
     10.056    -0.8362   2.750537    -0.8370   2.750856    8.01275     0.0112    13.8155 0.0000e+00  -60.75067  -58.37467 1152658947 192.960058    33.8860      93553         23  0.000e+00
     10.009    -0.8365   2.750517    -0.8370   2.750844    8.01276     0.0004    13.8155 0.0000e+00  -60.75067  -58.37467 1152658947 192.960058    33.8861      93554         23  0.000e+00
     10.056    -0.8369   2.750455    -0.8370   2.750856    8.01293    -0.0211    13.8155 0.0000e+00  -60.75067  -58.37467 1152658947 192.960059    33.8857      93555         23  0.000e+00
      9.980    -0.8371   2.750455    -0.8372   2.750827    8.01287    -0.0104    13.8155 0.0000e+00  -60.75067  -58.37467 1152658948 192.960059    33.8860      93556         23  0.000e+00
     10.009    -0.8380   2.750442    -0.8373   2.750815    8.01306     0.0004    13.8155 0.0000e+00  -60.75067  -58.37467 1152658948 192.960060    33.8868      93557         23  0.000e+00
      9.913    -0.8385   2.750376    -0.8398   2.750636    8.01308     0.0542    13.8155 0.0000e+00  -60.75067  -58.37467 1152658948 192.960065    33.8865      93568         24  0.000e+00
      9.837    -0.8385   2.750340    -0.8398   2.750607    8.01302     0.0757    13.8155 0.0000e+00  -60.75067  -58.37467 1152658948 192.960066    33.8861      93569         24  0.000e+00
     10.009    -0.8385   2.750330    -0.8399   2.750642    8.01322     0.0542    13.8155 0.0000e+00  -60.75067  -58.37467 1152658948 192.960066    33.8858      93570         24  0.000e+00
      9.913    -0.8386   2.750343    -0.8399   2.750636    8.01313     0.0650    13.8155 0.0000e+00  -60.75067  -58.37467 1152658948 192.960067    33.8862      93571         24  0.000e+00
     10.009    -0.8391   2.750317    -0.8401   2.750607    8.01333     0.0650    13.8155 0.0000e+00  -60.75067  -58.37467 1152658948 192.960067    33.8864      93572         24  0.000e+00
      9.913    -0.8394   2.750287    -0.8401   2.750619    8.01329     0.0112    13.8155 0.0000e+00  -60.75067  -58.37467 1152658948 192.960068    33.8863      93573         24  0.000e+00
      9.913    -0.8399   2.750268    -0.8402   2.750590    8.01338     0.0327    13.8155 0.0000e+00  -60.75067  -58.37467 1152658948 192.960068    33.8866      93574         24  0.000e+00
      9.866    -0.8402   2.750264    -0.8402   2.750613    8.01338     0.0434    13.8155 0.0000e+00  -60.75067  -58.37467 1152658948 192.960068    33.8869      93575         24  0.000e+00
      9.913    -0.8391   2.750277    -0.8402   2.750607    8.01325    -0.0104    13.8155 0.0000e+00  -60.75067  -58.37467 1152658948 192.960069    33.8859      93576         24  0.000e+00
      9.866    -0.8399   2.750268    -0.8396   2.750601    8.01333     0.0112    13.8155 0.0000e+00  -60.75067  -58.37467 1152658948 192.960069    33.8867      93577         24  0.000e+00
      9.913    -0.8402   2.750228    -0.8402   2.750601    8.01346     0.0542    13.8155 0.0000e+00  -60.75067  -58.37467 1152658948 192.960070    33.8864      93578         24  0.000e+00
      9.837    -0.8402   2.750186    -0.8396   2.750584    8.01341     0.0972    13.8155 0.0000e+00  -60.75067  -58.37467 1152658948 192.960070    33.8859      93579         24  0.000e+00
      9.866    -0.8405   2.750156    -0.8404   2.750596    8.01351     0.0327    13.8155 0.0000e+00  -60.75067  -58.37467 1152658949 192.960071    33.8858      93580         24  0.000e+00
      9.913    -0.8402   2.750153    -0.8404   2.750601    8.01352     0.0112    13.8155 0.0000e+00  -60.75067  -58.37467 1152658949 192.960071    33.8854      93581         24  0.000e+00
      9.799    -0.8406   2.750182    -0.8399   2.750601    8.01344     0.0757    13.8155 0.0000e+00  -60.75067  -58.37467 1152658949 192.960072    33.8864      93582         24  0.000e+00
      9.837    -0.8406   2.750163    -0.8401   2.750584    8.01350     0.0757    13.8155 0.0000e+00  -60.75067  -58.37467 1152658949 192.960072    33.8861      93583         24  0.000e+00
      9.837    -0.8406   2.750182    -0.8398   2.750613    8.01348     0.0327    13.8155 0.0000e+00  -60.75067  -58.37467 1152658949 192.960073    33.8864      93584         24  0.000e+00
      9.866    -0.8405   2.750195    -0.8402   2.750607    8.01348     0.0542    13.8155 0.0000e+00  -60.75067  -58.37467 1152658949 192.960073    33.8864      93585         24  0.000e+00
      9.771    -0.8406   2.750179    -0.8396   2.750601    8.01341     0.0650    13.8155 0.0000e+00  -60.75067  -58.37467 1152658949 192.960074    33.8864      93586         24  0.000e+00
      9.837    -0.8405   2.750189    -0.8399   2.750601    8.01346     0.0434    13.8155 0.0000e+00  -60.75067  -58.37467 1152658949 192.960074    33.8863      93587         24  0.000e+00
      9.799    -0.8414   2.750163    -0.8399   2.750601    8.00890     0.0112    13.8155 0.0000e+00  -60.75067  -58.37467 1152658949 192.960075    33.8870      93588         24  0.000e+00
      9.771    -0.8411   2.750169    -0.8399   2.750561    8.01349    -0.0104    13.8155 0.0000e+00  -60.75067  -58.37467 1152658949 192.960075    33.8867      93589         24  0.000e+00
      9.799    -0.8406   2.750176    -0.8401   2.750567    8.01345    -0.0319    13.8155 0.0000e+00  -60.75067  -58.37467 1152658949 192.960076    33.8863      93590         24  0.000e+00
      9.771    -0.8410   2.750156    -0.8401   2.750555    8.01348     0.0112    13.8155 0.0000e+00  -60.75067  -58.37467 1152658949 192.960076    33.8864      93591         24  0.000e+00
      9.771    -0.8405   2.750153    -0.8396   2.750567    8.01341     0.0327    13.8155 0.0000e+00  -60.75067  -58.37467 1152658949 192.960077    33.8858      93592         24  0.000e+00
      9.799    -0.8413   2.750153    -0.8396   2.750578    8.01356     0.0219    13.8155 0.0000e+00  -60.75067  -58.37467 1152658949 192.960077    33.8867      93593         24  0.000e+00
      9.704    -0.8405   2.750153    -0.8399   2.750596    8.01333     0.0112    13.8155 0.0000e+00  -60.75067  -58.37467 1152658949 192.960078    33.8859      93594         24  0.000e+00
      9.723    -0.8408   2.750153    -0.8402   2.750601    8.01341     0.0112    13.8155 0.0000e+00  -60.75067  -58.37467 1152658949 192.960078    33.8862      93595         24  0.000e+00
      9.771    -0.8406   2.750169    -0.8405   2.750601    8.00874    -0.0104    13.8155 0.0000e+00  -60.75067  -58.37467 1152658949 192.960079    33.8862      93596         24  0.000e+00
      9.704    -0.8402   2.750192    -0.8401   2.750584    8.00857    -0.0319    13.8155 0.0000e+00  -60.75067  -58.37467 1152658949 192.960079    33.8861      93597         24  0.000e+00
      9.723    -0.8404   2.750179    -0.8402   2.750578    8.00863    -0.0319    13.8155 0.0000e+00  -60.75067  -58.37467 1152658949 192.960080    33.8861      93598         24  0.000e+00
      9.704    -0.8404   2.750176    -0.8404   2.750578    8.00861    -0.0319    13.8155 0.0000e+00  -60.75067  -58.37467 1152658949 192.960080    33.8860      93599         24  0.000e+00
      9.723    -0.8408   2.750176    -0.8401   2.750578    8.01339     0.0112    13.8155 0.0000e+00  -60.75067  -58.37467 1152658949 192.960081    33.8865      93600         24  0.000e+00
      9.704    -0.8408   2.750189    -0.8409   2.750555    8.00867     0.0327    13.8155 0.0000e+00  -60.75067  -58.37467 1152658949 192.960081    33.8867      93601         24  0.000e+00
      9.704    -0.8407   2.750212    -0.8402   2.750567    8.00863     0.0327    13.8155 0.0000e+00  -60.75067  -58.37467 1152658949 192.960082    33.8869      93602         24  0.000e+00
      9.656    -0.8404   2.750169    -0.8404   2.750578    8.00856    -0.0104    13.8155 0.0000e+00  -60.75067  -58.37467 1152658949 192.960082    33.8860      93603         24  0.000e+00
      9.628    -0.8402   2.750202    -0.8405   2.750578    8.00848     0.0112    13.8155 0.0000e+00  -60.75067  -58.37467 1152658950 192.960082    33.8862      93604         24  0.000e+00
      9.704    -0.8400   2.750235    -0.8401   2.750578    8.00852     0.0327    13.8155 0.0000e+00  -60.75067  -58.37467 1152658950 192.960083    33.8865      93605         24  0.000e+00
      9.656    -0.8397   2.750241    -0.8402   2.750578    8.00841     0.0327    13.8155 0.0000e+00  -60.75067  -58.37467 1152658950 192.960083    33.8862      93606         24  0.000e+00
      9.628    -0.8402   2.750222    -0.8398   2.750578    8.01315     0.0112    13.8155 0.0000e+00  -60.75067  -58.37467 1152658950 192.960084    33.8865      93607         24  0.000e+00
      9.590    -0.8402   2.750218    -0.8404   2.750578    8.00842     0.0112    13.8155 0.0000e+00  -60.75067  -58.37467 1152658950 192.960084    33.8865      93608         24  0.000e+00
      9.628    -0.8399   2.750235    -0.8402   2.750555    8.00840     0.0434    13.8155 0.0000e+00  -60.75067  -58.37467 1152658950 192.960085    33.8863      93609         24  0.000e+00
      9.628    -0.8399   2.750241    -0.8399   2.750607    8.00840     0.0327    13.8155 0.0000e+00  -60.75067  -58.37467 1152658950 192.960085    33.8864      93610         24  0.000e+00
      9.590    -0.8400   2.750241    -0.8396   2.750607    8.00838     0.0434    13.8155 0.0000e+00  -60.75067  -58.37467 1152658950 192.960086    33.8866      93611         24  0.000e+00
      9.628    -0.8394   2.750222    -0.8395   2.750619    8.00834    -0.0104    13.8155 0.0000e+00  -60.75067  -58.37467 1152658950 192.960086    33.8856      93612         24  0.000e+00
      9.590    -0.8399   2.750235    -0.8395   2.750648    8.00836    -0.0319    13.8155 0.0000e+00  -60.75067  -58.37467 1152658950 192.960087    33.8863      93613         24  0.000e+00
      9.561    -0.8397   2.750225    -0.8390   2.750653    8.00831     0.0112    13.8155 0.0000e+00  -60.75067  -58.37467 1152658950 192.960087    33.8861      93614         24  0.000e+00
      9.561    -0.8396   2.750251    -0.8386   2.750653    8.00827     0.0112    13.8155 0.0000e+00  -60.75067  -58.37467 1152658950 192.960088    33.8863      93615         24  0.000e+00
      9.590    -0.8397   2.750245    -0.8390   2.750676    8.00833     0.0112    13.8155 0.0000e+00  -60.75067  -58.37467 1152658950 192.960088    33.8863      93616         24  0.000e+00
