product_data/regression_test/downloaded_data/MDGS/320620060703/ctd/p6609306.ros
* Sea-Bird SBE 9 Data File:
* FileName = D:\Data\Raw\p6609306.dat
* Software Version Seasave Win32 V 5.32
* Temperature SN = 1649
* Conductivity SN = 1431
* Number of Bytes Per Scan = 37
* Number of Voltage Words = 5
* Number of Scans Averaged by the Deck Unit = 1
* NMEA Latitude = 61 07.50 S
* NMEA Longitude = 058 05.51 W
* NMEA UTC (Time) = 04:04:44
** Ship:   Nathaniel B. Palmer nbp
** Cruise:    NBP0606 nbp0606
# nquan = 17
# nvalues = 1176                    
# units = specified
# name 0 = prDM: Pressure, Digiquartz [db]
# name 1 = t090C: Temperature [ITS-90, deg C]
# name 2 = c0S/m: Conductivity [S/m]
# name 3 = t190C: Temperature, 2 [ITS-90, deg C]
# name 4 = c1S/m: Conductivity, 2 [S/m]
# name 5 = sbeox0ML/L: Oxygen, SBE 43 [ml/l]
# name 6 = flECO-AFL: Fluorescence, Wetlab ECO-AFL/FL [mg/m^3]
# name 7 = bat: Beam Attenuation, Chelsea/Seatech/Wetlab CStar [1/m]
# name 8 = spar: SPAR/Surface Irradiance
# name 9 = latitude: Latitude [deg]
# name 10 = longitude: Longitude [deg]
# name 11 = timeY: Time, System [seconds]
# name 12 = timeJ: Julian Days
# name 13 = sal00: Salinity [PSU]
# name 14 = scan: scan number
# name 15 = nbf: number of bottles fired
# name 16 = flag:  0.000e+00
# interval = seconds: 0.0416667                   
# start_time = Jul 11 2006 04:04:51
*END*
[from data line 937]
    502.585     1.8768   3.066842     1.8777   3.067110    4.50306    -0.0642    13.8155 0.0000e+00  -61.12500  -58.09183 1152591615 192.180742    34.7114      22203         20  0.000e+00
    502.623     1.8769   3.066848     1.8777   3.067122    4.50307    -0.0749    13.8155 0.0000e+00  -61.12500  -58.09183 1152591615 192.180742    34.7113      22204         20  0.000e+00
    502.719     1.8772   3.066852     1.8781   3.067134    4.50310    -0.0964    13.8155 0.0000e+00  -61.12500  -58.09183 1152591615 192.180743    34.7110      22205         20  0.000e+00
    502.652     1.8771   3.066855     1.8778   3.067152    4.50307    -0.0964    13.8155 0.0000e+00  -61.12500  -58.09183 1152591615 192.180743    34.7112      22206         20  0.000e+00
    502.719     1.8771   3.066876     1.8776   3.067116    4.50311    -0.0857    13.8155 0.0000e+00  -61.12500  -58.09183 1152591615 192.180744    34.7115      22207         20  0.000e+00
    502.623     1.8769   3.066824     1.8775   3.067146    4.50308    -0.0534    13.8155 0.0000e+00  -61.12500  -58.09183 1152591615 192.180744    34.7110      22208         20  0.000e+00
    502.719     1.8776   3.066842     1.8777   3.067116    4.49842    -0.0534    13.8155 0.0000e+00  -61.12500  -58.09183 1152591615 192.180745    34.7105      22209         20  0.000e+00
    502.719     1.8766   3.066835     1.8777   3.067146    4.50316    -0.0534    13.8155 0.0000e+00  -61.12500  -58.09183 1152591615 192.180745    34.7114      22210         20  0.000e+00
    502.719     1.8771   3.066824     1.8783   3.067140    4.50313    -0.0749    13.8155 0.0000e+00  -61.12500  -58.09183 1152591615 192.180746    34.7108      22211         20  0.000e+00
    502.700     1.8768   3.066845     1.8777   3.067134    4.50313    -0.0857    13.8155 0.0000e+00  -61.12500  -58.09183 1152591615 192.180746    34.7114      22212         20  0.000e+00
    502.652     1.8769   3.066855     1.8775   3.067134    4.50308    -0.0749    13.8155 0.0000e+00  -61.12500  -58.09183 1152591615 192.180747    34.7114      22213         20  0.000e+00
    502.719     1.8771   3.066855     1.8778   3.067134    4.50311    -0.1072    13.8155 0.0000e+00  -61.12500  -58.09183 1152591615 192.180747    34.7112      22214         20  0.000e+00
    502.652     1.8771   3.066835     1.8780   3.067110    4.50308    -0.1072    13.8155 0.0000e+00  -61.12500  -58.09183 1152591615 192.180747    34.7109      22215         20  0.000e+00
    502.767     1.8771   3.066811     1.8777   3.067122    4.50316    -0.0749    13.8155 0.0000e+00  -61.12500  -58.09183 1152591615 192.180748    34.7106      22216         20  0.000e+00
    502.652     1.8771   3.066824     1.8777   3.067134    4.50308    -0.0749    13.8155 0.0000e+00  -61.12500  -58.09183 1152591615 192.180748    34.7108      22217         20  0.000e+00
    502.652     1.8771   3.066862     1.8777   3.067134    4.50307    -0.1072    13.8155 0.0000e+00  -61.12500  -58.09183 1152591615 192.180749    34.7113      22218         20  0.000e+00
    502.700     1.8771   3.066879     1.8775   3.067110    4.50309    -0.0749    13.8155 0.0000e+00  -61.12500  -58.09183 1152591615 192.180749    34.7115      22219         20  0.000e+00
    502.652     1.8772   3.066842     1.8775   3.067104    4.50306    -0.0749    13.8155 0.0000e+00  -61.12500  -58.09183 1152591615 192.180750    34.7109      22220         20  0.000e+00
    502.652     1.8769   3.066831     1.8778   3.067146    4.50309    -0.0749    13.8155 0.0000e+00  -61.12500  -58.09183 1152591615 192.180750    34.7111      22221         20  0.000e+00
    502.652     1.8769   3.066831     1.8775   3.067140    4.50309    -0.0426    13.8155 0.0000e+00  -61.12500  -58.09183 1152591615 192.180751    34.7111      22222         20  0.000e+00
    502.623     1.8768   3.066831     1.8778   3.067110    4.50309    -0.0426    13.8155 0.0000e+00  -61.12500  -58.09183 1152591616 192.180751    34.7113      22223         20  0.000e+00
    502.652     1.8769   3.066831     1.8775   3.067122    4.50309    -0.0642    13.8155 0.0000e+00  -61.12500  -58.09183 1152591616 192.180752    34.7111      22224         20  0.000e+00
    502.585     1.8768   3.066824     1.8775   3.067134    4.50307    -0.0534    13.8155 0.0000e+00  -61.12500  -58.09183 1152591616 192.180752    34.7112      22225         20  0.000e+00
    502.585     1.8768   3.066845     1.8775   3.067134    4.50306    -0.0857    13.8155 0.0000e+00  -61.12500  -58.09183 1152591616 192.180753    34.7115      22226         20  0.000e+00
    502.623     1.8766   3.066835     1.8776   3.067110    4.50310    -0.0857    13.8155 0.0000e+00  -61.12500  -58.09183 1152591616 192.180753    34.7115      22227         20  0.000e+00
    502.585     1.8769   3.066793     1.8775   3.067104    4.50307    -0.0426    13.8155 0.0000e+00  -61.12500  -58.09183 1152591616 192.180754    34.7106      22228         20  0.000e+00
    502.585     1.8766   3.066800     1.8775   3.067104    4.50309    -0.0426    13.8155 0.0000e+00  -61.12500  -58.09183 1152591616 192.180754    34.7111      22229         20  0.000e+00
    502.508     1.8771   3.066807     1.8780   3.067122    4.50300    -0.0964    13.8155 0.0000e+00  -61.12500  -58.09183 1152591616 192.180755    34.7107      22230         20  0.000e+00
    502.556     1.8765   3.066824     1.8775   3.067092    4.50308    -0.0857    13.8155 0.0000e+00  -61.12500  -58.09183 1152591616 192.180755    34.7116      22231         20  0.000e+00
    502.508     1.8769   3.066807     1.8780   3.067080    4.50301    -0.0749    13.8155 0.0000e+00  -61.12500  -58.09183 1152591616 192.180756    34.7109      22232         20  0.000e+00
    502.441     1.8768   3.066786     1.8780   3.067098    4.50299    -0.0857    13.8155 0.0000e+00  -61.12500  -58.09183 1152591616 192.180756    34.7108      22233         20  0.000e+00
    502.489     1.8772   3.066817     1.8773   3.067104    4.50763    -0.1072    13.8155 0.0000e+00  -61.12500  -58.09183 1152591616 192.180757    34.7107      22234         20  0.000e+00
    502.441     1.8769   3.066810     1.8784   3.067104    4.50763    -0.0642    13.8155 0.0000e+00  -61.12500  -58.09183 1152591616 192.180757    34.7109      22235         20  0.000e+00
    502.441     1.8768   3.066841     1.8775   3.067104    4.50763    -0.0749    13.8155 0.0000e+00  -61.12500  -58.09183 1152591616 192.180758    34.7115      22236         20  0.000e+00
    502.364     1.8768   3.066800     1.8780   3.067104    4.50294    -0.1072    13.8155 0.0000e+00  -61.12500  -58.09183 1152591616 192.180758    34.7110      22237         20  0.000e+00
    502.412     1.8766   3.066783     1.8774   3.067104    4.50299    -0.1287    13.8155 0.0000e+00  -61.12500  -58.09183 1152591616 192.180759    34.7110      22238         20  0.000e+00
    502.364     1.8769   3.066814     1.8773   3.067104    4.50292    -0.0426    13.8155 0.0000e+00  -61.12500  -58.09183 1152591616 192.180759    34.7110      22239         20  0.000e+00
    502.297     1.8772   3.066828     1.8773   3.067104    4.50285    -0.0749    13.8155 0.0000e+00  -61.12500  -58.09183 1152591616 192.180760    34.7109      22240         20  0.000e+00
    502.364     1.8769   3.066793     1.8778   3.067104    4.50293    -0.0749    13.8155 0.0000e+00  -61.12500  -58.09183 1152591616 192.180760    34.7108      22241         20  0.000e+00
    502.268     1.8768   3.066762     1.8775   3.067086    4.50755    -0.0857    13.8155 0.0000e+00  -61.12500  -58.09183 1152591616 192.180761    34.7106      22242         20  0.000e+00
    502.297     1.8768   3.066776     1.8775   3.067055    4.50291    -0.0749    13.8155 0.0000e+00  -61.12500  -58.09183 1152591616 192.180761    34.7108      22243         20  0.000e+00
    502.230     1.8766   3.066783     1.8773   3.067067    4.50288    -0.0534    13.8155 0.0000e+00  -61.12500  -58.09183 1152591616 192.180761    34.7111      22244         20  0.000e+00
    502.201     1.8766   3.066783     1.8777   3.067079    4.50286    -0.0534    13.8155 0.0000e+00  -61.12500  -58.09183 1152591616 192.180762    34.7111      22245         20  0.000e+00
    499.388     1.8749   3.066445     1.8756   3.066742    4.49673    -0.1180    13.8155 0.0000e+00  -61.12500  -58.09183 1152591622 192.180828    34.7103      22382         21  0.000e+00
    499.887     1.8747   3.066458     1.8755   3.066754    4.49706    -0.1072    13.8155 0.0000e+00  -61.12500  -58.09183 1152591622 192.180829    34.7104      22383         21  0.000e+00
    499.647     1.8744   3.066465     1.8758   3.066742    4.49693    -0.0642    13.8155 0.0000e+00  -61.12500  -58.09183 1152591622 192.180829    34.7110      22384         21  0.000e+00
    499.676     1.8744   3.066465     1.8753   3.066754    4.50161    -0.0319    13.8155 0.0000e+00  -61.12500  -58.09183 1152591622 192.180829    34.7109      22385         21  0.000e+00
    499.676     1.8747   3.066465     1.8754   3.066760    4.49692    -0.0749    13.8155 0.0000e+00  -61.12500  -58.09183 1152591622 192.180830    34.7106      22386         21  0.000e+00
    499.580     1.8747   3.066445     1.8755   3.066760    4.50152    -0.0857    13.8155 0.0000e+00  -61.12500  -58.09183 1152591622 192.180830    34.7104      22387         21  0.000e+00
    499.743     1.8744   3.066441     1.8756   3.066760    4.50166    -0.0749    13.8155 0.0000e+00  -61.12500  -58.09183 1152591622 192.180831    34.7106      22388         21  0.000e+00
    499.532     1.8746   3.066455     1.8756   3.066760    4.50151    -0.0642    13.8155 0.0000e+00  -61.12500  -58.09183 1152591622 192.180831    34.7107      22389         21  0.000e+00
    499.647     1.8752   3.066462     1.8753   3.066778    4.50152    -0.0857    13.8155 0.0000e+00  -61.12500  -58.09183 1152591623 192.180832    34.7100      22390         21  0.000e+00
    499.599     1.8747   3.066465     1.8755   3.066766    4.50153    -0.1395    13.8155 0.0000e+00  -61.12500  -58.09183 1152591623 192.180832    34.7106      22391         21  0.000e+00
    499.599     1.8749   3.066465     1.8759   3.066778    4.49686    -0.1287    13.8155 0.0000e+00  -61.12500  -58.09183 1152591623 192.180833    34.7104      22392         21  0.000e+00
    499.647     1.8749   3.066483     1.8759   3.066766    4.50154    -0.0426    13.8155 0.0000e+00  -61.12500  -58.09183 1152591623 192.180833    34.7106      22393         21  0.000e+00
    499.599     1.8749   3.066489     1.8752   3.066760    4.50150    -0.0534    13.8155 0.0000e+00  -61.12500  -58.09183 1152591623 192.180834    34.7107      22394         21  0.000e+00
    499.599     1.8749   3.066469     1.8758   3.066760    4.49686    -0.0534    13.8155 0.0000e+00  -61.12500  -58.09183 1152591623 192.180834    34.7105      22395         21  0.000e+00
    499.580     1.8749   3.066483     1.8750   3.066742    4.50150    -0.0534    13.8155 0.0000e+00  -61.12500  -58.09183 1152591623 192.180835    34.7107      22396         21  0.000e+00
    499.599     1.8746   3.066448     1.8756   3.066736    4.49689    -0.0964    13.8155 0.0000e+00  -61.12500  -58.09183 1152591623 192.180835    34.7106      22397         21  0.000e+00
    499.532     1.8746   3.066476     1.8754   3.066754    4.49684    -0.0534    13.8155 0.0000e+00  -61.12500  -58.09183 1152591623 192.180836    34.7110      22398         21  0.000e+00
    499.580     1.8747   3.066452     1.8756   3.066760    4.49687    -0.0857    13.8155 0.0000e+00  -61.12500  -58.09183 1152591623 192.180836    34.7105      22399         21  0.000e+00
    499.532     1.8747   3.066458     1.8756   3.066760    4.49683    -0.1072    13.8155 0.0000e+00  -61.12500  -58.09183 1152591623 192.180837    34.7106      22400         21  0.000e+00
    499.599     1.8747   3.066483     1.8756   3.066778    4.50152    -0.0749    13.8155 0.0000e+00  -61.12500  -58.09183 1152591623 192.180837    34.7108      22401         21  0.000e+00
    499.503     1.8747   3.066469     1.8753   3.066766    4.50147    -0.0534    13.8155 0.0000e+00  -61.12500  -58.09183 1152591623 192.180838    34.7107      22402         21  0.000e+00
    499.599     1.8750   3.066465     1.8753   3.066742    4.49685    -0.0534    13.8155 0.0000e+00  -61.12500  -58.09183 1152591623 192.180838    34.7103      22403         21  0.000e+00
    499.532     1.8743   3.066427     1.8753   3.066772    4.49689    -0.0534    13.8155 0.0000e+00  -61.12500  -58.09183 1152591623 192.180839    34.7107      22404         21  0.000e+00
    499.532     1.8749   3.066448     1.8755   3.066748    4.49682    -0.0749    13.8155 0.0000e+00  -61.12500  -58.09183 1152591623 192.180839    34.7103      22405         21  0.000e+00
    499.580     1.8744   3.066462     1.8756   3.066754    4.50155    -0.1072    13.8155 0.0000e+00  -61.12500  -58.09183 1152591623 192.180840    34.7109      22406         21  0.000e+00
    499.532     1.8744   3.066445     1.8756   3.066742    4.50153    -0.0857    13.8155 0.0000e+00  -61.12500  -58.09183 1152591623 192.180840    34.7108      22407         21  0.000e+00
    499.532     1.8747   3.066458     1.8761   3.066772    4.49683    -0.0749    13.8155 0.0000e+00  -61.12500  -58.09183 1152591623 192.180841    34.7106      22408         21  0.000e+00
    499.503     1.8741   3.066482     1.8753   3.066748    4.49686    -0.0426    13.8155 0.0000e+00  -61.12500  -58.09183 1152591623 192.180841    34.7116      22409         21  0.000e+00
    499.532     1.8746   3.066469     1.8756   3.066754    4.49685    -0.0534    13.8155 0.0000e+00  -61.12500  -58.09183 1152591623 192.180842    34.7109      22410         21  0.000e+00
    499.532     1.8747   3.066465     1.8758   3.066742    4.50149    -0.0642    13.8155 0.0000e+00  -61.12500  -58.09183 1152591623 192.180842    34.7107      22411         21  0.000e+00
    499.580     1.8746   3.066445     1.8753   3.066754    4.50154    -0.0857    13.8155 0.0000e+00  -61.12500  -58.09183 1152591623 192.180842    34.7105      22412         21  0.000e+00
    499.455     1.8744   3.066493     1.8756   3.066778    4.49680    -0.0534    13.8155 0.0000e+00  -61.12500  -58.09183 1152591623 192.180843    34.7114      22413         21  0.000e+00
    499.532     1.8747   3.066493     1.8756   3.066766    4.49682    -0.0534    13.8155 0.0000e+00  -61.12500  -58.09183 1152591623 192.180843    34.7110      22414         21  0.000e+00
    499.580     1.8744   3.066434     1.8752   3.066778    4.49690    -0.0534    13.8155 0.0000e+00  -61.12500  -58.09183 1152591624 192.180844    34.7106      22415         21  0.000e+00
    499.532     1.8746   3.066451     1.8759   3.066766    4.49685    -0.0749    13.8155 0.0000e+00  -61.12500  -58.09183 1152591624 192.180844    34.7107      22416         21  0.000e+00
    499.532     1.8746   3.066445     1.8755   3.066760    4.49685    -0.0749    13.8155 0.0000e+00  -61.12500  -58.09183 1152591624 192.180845    34.7106      22417         21  0.000e+00
    499.503     1.8746   3.066441     1.8755   3.066760    4.49684    -0.0642    13.8155 0.0000e+00  -61.12500  -58.09183 1152591624 192.180845    34.7105      22418         21  0.000e+00
    499.532     1.8746   3.066441     1.8755   3.066778    4.50151    -0.0749    13.8155 0.0000e+00  -61.12500  -58.09183 1152591624 192.180846    34.7105      22419         21  0.000e+00
    499.599     1.8746   3.066458     1.8755   3.066748    4.50155    -0.0319    13.8155 0.0000e+00  -61.12500  -58.09183 1152591624 192.180846    34.7107      22420         21  0.000e+00
    499.503     1.8744   3.066482     1.8755   3.066754    4.49684    -0.0749    13.8155 0.0000e+00  -61.12500  -58.09183 1152591624 192.180847    34.7112      22421         21  0.000e+00
    499.599     1.8746   3.066486     1.8757   3.066778    4.49688    -0.0642    13.8155 0.0000e+00  -61.12500  -58.09183 1152591624 192.180847    34.7111      22422         21  0.000e+00
