product_data/regression_test/downloaded_data/MDGS/320620060703/ctd/p6609308.cnv
* Sea-Bird SBE 9 Data File:
* FileName = D:\Data\Raw\p6609308.dat
* Software Version Seasave Win32 V 5.32
* Temperature SN = 1649
* Conductivity SN = 1431
* Number of Bytes Per Scan = 37
* Number of Voltage Words = 5
* Number of Scans Averaged by the Deck Unit = 1
* NMEA Latitude = 61 07.50 S
* NMEA Longitude = 058 05.51 W
* NMEA UTC (Time) = 05:51:48
** Ship:   Nathaniel B. Palmer nbp
** Cruise:    NBP0606 nbp0606
# nquan = 15
# nvalues = 743                         
# units = specified
# name 0 = prDM: Pressure, Digiquartz [db]
# name 1 = t090C: Temperature [ITS-90, deg C]
# name 2 = c0S/m: Conductivity [S/m]
# name 3 = t190C: Temperature, 2 [ITS-90, deg C]
# name 4 = c1S/m: Conductivity, 2 [S/m]
# name 5 = sbeox0ML/L: Oxygen, SBE 43 [ml/l]
# name 6 = flECO-AFL: Fluorescence, Wetlab ECO-AFL/FL [mg/m^3]
# name 7 = bat: Beam Attenuation, Chelsea/Seatech/Wetlab CStar [1/m]
# name 8 = spar: SPAR/Surface Irradiance
# name 9 = latitude: Latitude [deg]
# name 10 = longitude: Longitude [deg]
# name 11 = timeY: Time, System [seconds]
# name 12 = timeJ: Julian Days
# name 13 = sal00: Salinity [PSU]
# name 14 = flag: flag
# span 0 =     11.000,    753.000       
# span 1 =    -0.7878,     1.9826       
# span 2 =   2.756617,   3.088368       
# span 3 =    -0.7906,     1.9837       
# span 4 =   2.758114,   3.067169       
# span 5 =    4.32475,    7.99918       
# span 6 =    -0.1022,     0.2678       
# span 7 =    13.8155,    13.8155       
# span 8 = 0.0000e+00, 0.0000e+00       
# span 9 =  -61.12500,  -61.12500       
# span 10 =  -58.09183,  -58.09183      
# span 11 = 1152597109, 1152598459      
# span 12 = 192.244341, 192.259956      
# span 13 =    33.9118,    38.3913      
# span 14 = 0.0000e+00, 0.0000e+00      
# interval = decibars: 1                
# start_time = Jul 11 2006 05:51:56
# bad_flag = -9.990e-29
*END*
[from data line 579]
    590.000     1.8020   3.064827     1.8028   3.065144    4.55767    -0.0646    13.8155 0.0000e+00  -61.12500  -58.09183 1152598050 192.255232    34.7191 0.0000e+00
    591.000     1.8013   3.064828     1.8021   3.065136    4.55731    -0.0700    13.8155 0.0000e+00  -61.12500  -58.09183 1152598051 192.255247    34.7193 0.0000e+00
    592.000     1.8011   3.064857     1.8019   3.065161    4.55611    -0.0668    13.8155 0.0000e+00  -61.12500  -58.09183 1152598054 192.255281    34.7192 0.0000e+00
    593.000     1.8010   3.064896     1.8017   3.065200    4.55834    -0.0690    13.8155 0.0000e+00  -61.12500  -58.09183 1152598056 192.255301    34.7193 0.0000e+00
    594.000     1.8009   3.064931     1.8015   3.065248    4.56048    -0.0748    13.8155 0.0000e+00  -61.12500  -58.09183 1152598057 192.255311    34.7194 0.0000e+00
    595.000     1.8007   3.064967     1.8014   3.065280    4.56240    -0.0578    13.8155 0.0000e+00  -61.12500  -58.09183 1152598058 192.255321    34.7194 0.0000e+00
    596.000     1.7999   3.064945     1.8007   3.065269    4.56254    -0.0863    13.8155 0.0000e+00  -61.12500  -58.09183 1152598058 192.255329    34.7195 0.0000e+00
    597.000     1.7987   3.064903     1.7995   3.065214    4.56218    -0.0611    13.8155 0.0000e+00  -61.12500  -58.09183 1152598059 192.255339    34.7197 0.0000e+00
    598.000     1.7978   3.064864     1.7985   3.065179    4.56304    -0.0737    13.8155 0.0000e+00  -61.12500  -58.09183 1152598060 192.255349    34.7197 0.0000e+00
    599.000     1.7970   3.064846     1.7978   3.065156    4.56366    -0.0776    13.8155 0.0000e+00  -61.12500  -58.09183 1152598061 192.255361    34.7198 0.0000e+00
    600.000     1.7977   3.064938     1.7985   3.065253    4.56400    -0.0760    13.8155 0.0000e+00  -61.12500  -58.09183 1152598064 192.255392    34.7196 0.0000e+00
    601.000     1.7969   3.064926     1.7971   3.065208    4.56606    -0.0911    13.8155 0.0000e+00  -61.12500  -58.09183 1152598066 192.255413    34.7196 0.0000e+00
    602.000     1.7955   3.064862     1.7962   3.065174    4.56517    -0.0745    13.8155 0.0000e+00  -61.12500  -58.09183 1152598067 192.255425    34.7199 0.0000e+00
    603.000     1.7950   3.064866     1.7956   3.065175    4.56374    -0.0659    13.8155 0.0000e+00  -61.12500  -58.09183 1152598068 192.255437    34.7200 0.0000e+00
    604.000     1.7942   3.064852     1.7949   3.065158    4.56378    -0.0718    13.8155 0.0000e+00  -61.12500  -58.09183 1152598069 192.255452    34.7201 0.0000e+00
    605.000     1.7931   3.064813     1.7939   3.065122    4.56465    -0.0722    13.8155 0.0000e+00  -61.12500  -58.09183 1152598071 192.255472    34.7202 0.0000e+00
    606.000     1.7925   3.064817     1.7932   3.065117    4.56678    -0.0782    13.8155 0.0000e+00  -61.12500  -58.09183 1152598072 192.255487    34.7204 0.0000e+00
    607.000     1.7915   3.064770     1.7921   3.065077    4.56893    -0.0778    13.8155 0.0000e+00  -61.12500  -58.09183 1152598073 192.255498    34.7204 0.0000e+00
    608.000     1.7904   3.064742     1.7912   3.065048    4.57172    -0.0806    13.8155 0.0000e+00  -61.12500  -58.09183 1152598074 192.255511    34.7206 0.0000e+00
    609.000     1.7901   3.064750     1.7908   3.065061    4.57516    -0.0838    13.8155 0.0000e+00  -61.12500  -58.09183 1152598076 192.255529    34.7205 0.0000e+00
    610.000     1.7895   3.064756     1.7903   3.065072    4.57656    -0.0753    13.8155 0.0000e+00  -61.12500  -58.09183 1152598077 192.255543    34.7208 0.0000e+00
    611.000     1.7881   3.064686     1.7888   3.064999    4.57736    -0.0633    13.8155 0.0000e+00  -61.12500  -58.09183 1152598078 192.255554    34.7208 0.0000e+00
    612.000     1.7859   3.064542     1.7866   3.064858    4.57747    -0.0792    13.8155 0.0000e+00  -61.12500  -58.09183 1152598079 192.255564    34.7209 0.0000e+00
    613.000     1.7853   3.064538     1.7860   3.064853    4.57806    -0.0741    13.8155 0.0000e+00  -61.12500  -58.09183 1152598080 192.255580    34.7209 0.0000e+00
    614.000     1.7862   3.064649     1.7871   3.064991    4.58004    -0.0771    13.8155 0.0000e+00  -61.12500  -58.09183 1152598083 192.255617    34.7208 0.0000e+00
    615.000     1.7838   3.064514     1.7845   3.064823    4.58177    -0.0801    13.8155 0.0000e+00  -61.12500  -58.09183 1152598084 192.255629    34.7211 0.0000e+00
    616.000     1.7828   3.064480     1.7835   3.064791    4.58191    -0.0665    13.8155 0.0000e+00  -61.12500  -58.09183 1152598085 192.255640    34.7213 0.0000e+00
    617.000     1.7819   3.064450     1.7825   3.064762    4.58284    -0.0740    13.8155 0.0000e+00  -61.12500  -58.09183 1152598086 192.255651    34.7213 0.0000e+00
    618.000     1.7808   3.064408     1.7816   3.064716    4.58309    -0.0675    13.8155 0.0000e+00  -61.12500  -58.09183 1152598087 192.255664    34.7215 0.0000e+00
    619.000     1.7803   3.064406     1.7810   3.064714    4.58196    -0.0819    13.8155 0.0000e+00  -61.12500  -58.09183 1152598089 192.255680    34.7215 0.0000e+00
    620.000     1.7788   3.064327     1.7793   3.064629    4.58065    -0.0795    13.8155 0.0000e+00  -61.12500  -58.09183 1152598090 192.255694    34.7215 0.0000e+00
    621.000     1.7749   3.064046     1.7754   3.064350    4.58098    -0.0725    13.8155 0.0000e+00  -61.12500  -58.09183 1152598091 192.255707    34.7218 0.0000e+00
    622.000     1.7737   3.063983     1.7742   3.064294    4.58146    -0.0692    13.8155 0.0000e+00  -61.12500  -58.09183 1152598092 192.255721    34.7218 0.0000e+00
    623.000     1.7727   3.063954     1.7734   3.064267    4.58426    -0.0699    13.8155 0.0000e+00  -61.12500  -58.09183 1152598094 192.255738    34.7219 0.0000e+00
    624.000     1.7720   3.063951     1.7728   3.064259    4.58505    -0.0725    13.8155 0.0000e+00  -61.12500  -58.09183 1152598096 192.255761    34.7220 0.0000e+00
    625.000     1.7720   3.063987     1.7728   3.064298    4.58798    -0.0898    13.8155 0.0000e+00  -61.12500  -58.09183 1152598097 192.255779    34.7219 0.0000e+00
    626.000     1.7718   3.064018     1.7725   3.064327    4.59012    -0.0761    13.8155 0.0000e+00  -61.12500  -58.09183 1152598099 192.255794    34.7219 0.0000e+00
    627.000     1.7715   3.064048     1.7722   3.064353    4.59087    -0.0740    13.8155 0.0000e+00  -61.12500  -58.09183 1152598100 192.255807    34.7221 0.0000e+00
    628.000     1.7714   3.064089     1.7722   3.064407    4.59373    -0.0736    13.8155 0.0000e+00  -61.12500  -58.09183 1152598101 192.255819    34.7220 0.0000e+00
    629.000     1.7712   3.064118     1.7719   3.064431    4.59652    -0.0713    13.8155 0.0000e+00  -61.12500  -58.09183 1152598102 192.255832    34.7220 0.0000e+00
    630.000     1.7696   3.064018     1.7703   3.064327    4.59519    -0.0665    13.8155 0.0000e+00  -61.12500  -58.09183 1152598103 192.255845    34.7220 0.0000e+00
    631.000     1.7674   3.063876     1.7679   3.064181    4.59296    -0.0733    13.8155 0.0000e+00  -61.12500  -58.09183 1152598104 192.255860    34.7221 0.0000e+00
    632.000     1.7632   3.063572     1.7638   3.063878    4.59532    -0.0773    13.8155 0.0000e+00  -61.12500  -58.09183 1152598106 192.255880    34.7224 0.0000e+00
    633.000     1.7615   3.063477     1.7623   3.063797    4.59838    -0.0893    13.8155 0.0000e+00  -61.12500  -58.09183 1152598108 192.255898    34.7226 0.0000e+00
    634.000     1.7609   3.063463     1.7614   3.063774    4.59662    -0.0766    13.8155 0.0000e+00  -61.12500  -58.09183 1152598109 192.255911    34.7225 0.0000e+00
    635.000     1.7589   3.063340     1.7594   3.063651    4.59681    -0.0929    13.8155 0.0000e+00  -61.12500  -58.09183 1152598110 192.255924    34.7226 0.0000e+00
    636.000     1.7569   3.063212     1.7574   3.063514    4.59793    -0.0689    13.8155 0.0000e+00  -61.12500  -58.09183 1152598111 192.255941    34.7226 0.0000e+00
    637.000     1.7518   3.062834     1.7524   3.063143    4.60263    -0.0794    13.8155 0.0000e+00  -61.12500  -58.09183 1152598113 192.255960    34.7230 0.0000e+00
    638.000     1.7503   3.062782     1.7510   3.063104    4.60460    -0.0765    13.8155 0.0000e+00  -61.12500  -58.09183 1152598114 192.255972    34.7231 0.0000e+00
    639.000     1.7473   3.062553     1.7478   3.062862    4.60482    -0.0770    13.8155 0.0000e+00  -61.12500  -58.09183 1152598115 192.255982    34.7234 0.0000e+00
    640.000     1.7460   3.062506     1.7468   3.062812    4.60524    -0.0762    13.8155 0.0000e+00  -61.12500  -58.09183 1152598116 192.255993    34.7236 0.0000e+00
    641.000     1.7458   3.062526     1.7466   3.062838    4.60628    -0.0760    13.8155 0.0000e+00  -61.12500  -58.09183 1152598118 192.256013    34.7234 0.0000e+00
    642.000     1.7458   3.062563     1.7465   3.062882    4.60942    -0.0773    13.8155 0.0000e+00  -61.12500  -58.09183 1152598120 192.256041    34.7232 0.0000e+00
    643.000     1.7454   3.062591     1.7460   3.062902    4.61147    -0.0922    13.8155 0.0000e+00  -61.12500  -58.09183 1152598121 192.256055    34.7235 0.0000e+00
    644.000     1.7452   3.062634     1.7461   3.062949    4.61054    -0.0822    13.8155 0.0000e+00  -61.12500  -58.09183 1152598122 192.256068    34.7236 0.0000e+00
    645.000     1.7454   3.062679     1.7460   3.062995    4.61028    -0.0887    13.8155 0.0000e+00  -61.12500  -58.09183 1152598123 192.256080    34.7234 0.0000e+00
    646.000     1.7451   3.062709     1.7459   3.063030    4.60981    -0.0764    13.8155 0.0000e+00  -61.12500  -58.09183 1152598125 192.256094    34.7235 0.0000e+00
    647.000     1.7448   3.062726     1.7455   3.063039    4.61213    -0.0913    13.8155 0.0000e+00  -61.12500  -58.09183 1152598126 192.256111    34.7235 0.0000e+00
    648.000     1.7449   3.062788     1.7457   3.063096    4.61412    -0.0754    13.8155 0.0000e+00  -61.12500  -58.09183 1152598127 192.256127    34.7236 0.0000e+00
    649.000     1.7445   3.062791     1.7451   3.063113    4.61125    -0.0806    13.8155 0.0000e+00  -61.12500  -58.09183 1152598128 192.256139    34.7235 0.0000e+00
    650.000     1.7446   3.062848     1.7453   3.063157    4.61000    -0.0708    13.8155 0.0000e+00  -61.12500  -58.09183 1152598129 192.256150    34.7236 0.0000e+00
    651.000     1.7445   3.062886     1.7451   3.063186    4.60895    -0.0701    13.8155 0.0000e+00  -61.12500  -58.09183 1152598130 192.256163    34.7235 0.0000e+00
    652.000     1.7445   3.062919     1.7452   3.063226    4.61221    -0.0698    13.8155 0.0000e+00  -61.12500  -58.09183 1152598133 192.256187    34.7234 0.0000e+00
    653.000     1.7444   3.062958     1.7451   3.063271    4.61548    -0.0806    13.8155 0.0000e+00  -61.12500  -58.09183 1152598135 192.256210    34.7234 0.0000e+00
    654.000     1.7440   3.062987     1.7446   3.063293    4.61632    -0.0802    13.8155 0.0000e+00  -61.12500  -58.09183 1152598136 192.256222    34.7237 0.0000e+00
    655.000     1.7441   3.063020     1.7447   3.063331    4.61714    -0.0924    13.8155 0.0000e+00  -61.12500  -58.09183 1152598137 192.256233    34.7234 0.0000e+00
    656.000     1.7432   3.063003     1.7439   3.063318    4.61868    -0.0752    13.8155 0.0000e+00  -61.12500  -58.09183 1152598138 192.256245    34.7236 0.0000e+00
    657.000     1.7420   3.062957     1.7429   3.063268    4.61768    -0.0769    13.8155 0.0000e+00  -61.12500  -58.09183 1152598139 192.256264    34.7238 0.0000e+00
    658.000     1.7419   3.062994     1.7428   3.063306    4.61848    -0.0775    13.8155 0.0000e+00  -61.12500  -58.09183 1152598141 192.256287    34.7238 0.0000e+00
    659.000     1.7417   3.063019     1.7424   3.063334    4.61940    -0.0759    13.8155 0.0000e+00  -61.12500  -58.09183 1152598142 192.256302    34.7238 0.0000e+00
    660.000     1.7412   3.063036     1.7420   3.063337    4.62060    -0.0753    13.8155 0.0000e+00  -61.12500  -58.09183 1152598144 192.256314    34.7240 0.0000e+00
    661.000     1.7402   3.062986     1.7408   3.063299    4.62249    -0.0660    13.8155 0.0000e+00  -61.12500  -58.09183 1152598144 192.256325    34.7239 0.0000e+00
    662.000     1.7396   3.062993     1.7403   3.063303    4.62351    -0.0791    13.8155 0.0000e+00  -61.12500  -58.09183 1152598145 192.256335    34.7241 0.0000e+00
    663.000     1.7390   3.062976     1.7396   3.063280    4.62339    -0.0846    13.8155 0.0000e+00  -61.12500  -58.09183 1152598146 192.256347    34.7241 0.0000e+00
    664.000     1.7378   3.062922     1.7384   3.063227    4.62372    -0.0811    13.8155 0.0000e+00  -61.12500  -58.09183 1152598148 192.256360    34.7242 0.0000e+00
    665.000     1.7368   3.062886     1.7374   3.063188    4.62144    -0.0750    13.8155 0.0000e+00  -61.12500  -58.09183 1152598149 192.256375    34.7242 0.0000e+00
    666.000     1.7373   3.062965     1.7380   3.063261    4.62115    -0.0802    13.8155 0.0000e+00  -61.12500  -58.09183 1152598152 192.256407    34.7241 0.0000e+00
    667.000     1.7372   3.063001     1.7377   3.063303    4.62201    -0.0722    13.8155 0.0000e+00  -61.12500  -58.09183 1152598155 192.256442    34.7241 0.0000e+00
    668.000     1.7351   3.062892     1.7359   3.063208    4.62346    -0.0927    13.8155 0.0000e+00  -61.12500  -58.09183 1152598156 192.256454    34.7245 0.0000e+00
    669.000     1.7345   3.062880     1.7352   3.063193    4.62513    -0.0827    13.8155 0.0000e+00  -61.12500  -58.09183 1152598156 192.256463    34.7244 0.0000e+00
    670.000     1.7340   3.062880     1.7346   3.063186    4.62624    -0.0782    13.8155 0.0000e+00  -61.12500  -58.09183 1152598157 192.256472    34.7245 0.0000e+00
    671.000     1.7334   3.062881     1.7341   3.063192    4.62715    -0.0807    13.8155 0.0000e+00  -61.12500  -58.09183 1152598158 192.256481    34.7245 0.0000e+00
    672.000     1.7326   3.062838     1.7332   3.063169    4.62866    -0.0748    13.8155 0.0000e+00  -61.12500  -58.09183 1152598159 192.256490    34.7244 0.0000e+00
    673.000     1.7304   3.062721     1.7313   3.063043    4.62923    -0.0825    13.8155 0.0000e+00  -61.12500  -58.09183 1152598160 192.256503    34.7247 0.0000e+00
    674.000     1.7283   3.062573     1.7285   3.062855    4.62942    -0.0832    13.8155 0.0000e+00  -61.12500  -58.09183 1152598161 192.256516    34.7246 0.0000e+00
    675.000     1.7263   3.062449     1.7270   3.062756    4.62913    -0.0633    13.8155 0.0000e+00  -61.12500  -58.09183 1152598162 192.256527    34.7248 0.0000e+00
    676.000     1.7247   3.062353     1.7254   3.062665    4.62900    -0.0696    13.8155 0.0000e+00  -61.12500  -58.09183 1152598163 192.256540    34.7248 0.0000e+00
    677.000     1.7265   3.062561     1.7271   3.062856    4.63310    -0.0855    13.8155 0.0000e+00  -61.12500  -58.09183 1152598167 192.256585    34.7247 0.0000e+00
    678.000     1.7272   3.062652     1.7267   3.062888    4.63615    -0.0637    13.8155 0.0000e+00  -61.12500  -58.09183 1152598170 192.256621    34.7244 0.0000e+00
    679.000     1.7213   3.062216     1.7221   3.062538    4.63587    -0.0840    13.8155 0.0000e+00  -61.12500  -58.09183 1152598171 192.256629    34.7250 0.0000e+00
    680.000     1.7196   3.062102     1.7202   3.062440    4.63290    -0.0815    13.8155 0.0000e+00  -61.12500  -58.09183 1152598171 192.256637    34.7250 0.0000e+00
    681.000     1.7182   3.062010     1.7188   3.062344    4.63175    -0.0862    13.8155 0.0000e+00  -61.12500  -58.09183 1152598172 192.256644    34.7248 0.0000e+00
    682.000     1.7158   3.061845     1.7164   3.062178    4.63148    -0.0784    13.8155 0.0000e+00  -61.12500  -58.09183 1152598173 192.256651    34.7249 0.0000e+00
    683.000     1.7159   3.061880     1.7162   3.062207    4.62843    -0.0869    13.8155 0.0000e+00  -61.12500  -58.09183 1152598173 192.256657    34.7247 0.0000e+00
    684.000     1.7146   3.061797     1.7148   3.062108    4.62787    -0.0913    13.8155 0.0000e+00  -61.12500  -58.09183 1152598174 192.256663    34.7245 0.0000e+00
