product_data/regression_test/downloaded_data/MDGS/320620060703/ctd/p6606205.ros
* Sea-Bird SBE 9 Data File:
* FileName = D:\Data\Raw\p6606205.dat
* Software Version Seasave Win32 V 5.32
* Temperature SN = 1649
* Conductivity SN = 1431
* Number of Bytes Per Scan = 37
* Number of Voltage Words = 5
* Number of Scans Averaged by the Deck Unit = 1
* NMEA Latitude = 61 05.73 S
* NMEA Longitude = 058 08.04 W
* NMEA UTC (Time) = 08:40:48
** Ship:   Nathaniel B. Palmer 
** Cruise:    NBP0606 
# nquan = 17
# nvalues = 1176                    
# units = specified
# name 0 = prDM: Pressure, Digiquartz [db]
# name 1 = t090C: Temperature [ITS-90, deg C]
# name 2 = c0S/m: Conductivity [S/m]
# name 3 = t190C: Temperature, 2 [ITS-90, deg C]
# name 4 = c1S/m: Conductivity, 2 [S/m]
# name 5 = sbeox0ML/L: Oxygen, SBE 43 [ml/l]
# name 6 = flECO-AFL: Fluorescence, Wetlab ECO-AFL/FL [mg/m^3]
# name 7 = bat: Beam Attenuation, Chelsea/Seatech/Wetlab CStar [1/m]
# name 8 = spar: SPAR/Surface Irradiance
# name 9 = latitude: Latitude [deg]
# name 10 = longitude: Longitude [deg]
# name 11 = timeY: Time, System [seconds]
# name 12 = timeJ: Julian Days
# name 13 = sal00: Salinity [PSU]
# name 14 = scan: scan number
# name 15 = nbf: number of bottles fired
# name 16 = flag:  0.000e+00
# interval = seconds: 0.0416667                   
# start_time = Jul 07 2006 08:40:56
*END*
[from data line 937]
    152.992     0.8622   2.937324     0.8636   2.937269    5.54325    -0.0426    13.8155 0.0000e+00  -61.09550  -58.13400 1152262022 188.366020    34.3789       8836         20  0.000e+00
    152.915     0.8624   2.937301     0.8639   2.937263    5.54318    -0.0319    13.8155 0.0000e+00  -61.09550  -58.13400 1152262022 188.366020    34.3783       8837         20  0.000e+00
    152.915     0.8622   2.937314     0.8636   2.937245    5.54320    -0.0211    13.8155 0.0000e+00  -61.09550  -58.13400 1152262022 188.366021    34.3788       8838         20  0.000e+00
    152.915     0.8626   2.937338     0.8638   2.937275    5.53857    -0.0426    13.8155 0.0000e+00  -61.09550  -58.13400 1152262023 188.366021    34.3785       8839         20  0.000e+00
    152.915     0.8627   2.937361     0.8632   2.937269    5.54311    -0.0642    13.8155 0.0000e+00  -61.09550  -58.13400 1152262023 188.366022    34.3788       8840         20  0.000e+00
    152.915     0.8625   2.937368     0.8634   2.937245    5.54314    -0.0319    13.8155 0.0000e+00  -61.09550  -58.13400 1152262023 188.366022    34.3791       8841         20  0.000e+00
    152.915     0.8626   2.937331     0.8635   2.937257    5.54314    -0.0642    13.8155 0.0000e+00  -61.09550  -58.13400 1152262023 188.366023    34.3785       8842         20  0.000e+00
    152.915     0.8625   2.937321     0.8633   2.937263    5.54316    -0.0211    13.8155 0.0000e+00  -61.09550  -58.13400 1152262023 188.366023    34.3785       8843         20  0.000e+00
    152.915     0.8626   2.937321     0.8633   2.937245    5.54315    -0.0211    13.8155 0.0000e+00  -61.09550  -58.13400 1152262023 188.366024    34.3784       8844         20  0.000e+00
    152.915     0.8625   2.937338     0.8638   2.937257    5.54315    -0.0426    13.8155 0.0000e+00  -61.09550  -58.13400 1152262023 188.366024    34.3787       8845         20  0.000e+00
    152.915     0.8628   2.937344     0.8629   2.937280    5.54311    -0.0319    13.8155 0.0000e+00  -61.09550  -58.13400 1152262023 188.366025    34.3784       8846         20  0.000e+00
    152.915     0.8628   2.937361     0.8633   2.937269    5.54310    -0.0534    13.8155 0.0000e+00  -61.09550  -58.13400 1152262023 188.366025    34.3787       8847         20  0.000e+00
    152.915     0.8624   2.937348     0.8636   2.937263    5.54315    -0.0426    13.8155 0.0000e+00  -61.09550  -58.13400 1152262023 188.366026    34.3789       8848         20  0.000e+00
    152.849     0.8626   2.937324     0.8639   2.937263    5.54309    -0.0319    13.8155 0.0000e+00  -61.09550  -58.13400 1152262023 188.366026    34.3784       8849         20  0.000e+00
    152.982     0.8625   2.937338     0.8638   2.937263    5.54321    -0.0426    13.8155 0.0000e+00  -61.09550  -58.13400 1152262023 188.366027    34.3787       8850         20  0.000e+00
    152.915     0.8626   2.937344     0.8635   2.937263    5.54314    -0.0642    13.8155 0.0000e+00  -61.09550  -58.13400 1152262023 188.366027    34.3787       8851         20  0.000e+00
    152.915     0.8625   2.937324     0.8639   2.937263    5.54316    -0.0534    13.8155 0.0000e+00  -61.09550  -58.13400 1152262023 188.366028    34.3786       8852         20  0.000e+00
    152.915     0.8625   2.937338     0.8636   2.937263    5.54315    -0.0426    13.8155 0.0000e+00  -61.09550  -58.13400 1152262023 188.366028    34.3787       8853         20  0.000e+00
    152.915     0.8628   2.937355     0.8638   2.937245    5.54311    -0.0211    13.8155 0.0000e+00  -61.09550  -58.13400 1152262023 188.366029    34.3786       8854         20  0.000e+00
    152.915     0.8621   2.937331     0.8633   2.937257    5.54320    -0.0211    13.8155 0.0000e+00  -61.09550  -58.13400 1152262023 188.366029    34.3790       8855         20  0.000e+00
    152.915     0.8623   2.937301     0.8633   2.937263    5.54319    -0.0534    13.8155 0.0000e+00  -61.09550  -58.13400 1152262023 188.366030    34.3784       8856         20  0.000e+00
    152.915     0.8626   2.937331     0.8635   2.937263    5.54314    -0.0534    13.8155 0.0000e+00  -61.09550  -58.13400 1152262023 188.366030    34.3785       8857         20  0.000e+00
    152.915     0.8625   2.937344     0.8639   2.937263    5.54315    -0.0534    13.8155 0.0000e+00  -61.09550  -58.13400 1152262023 188.366031    34.3788       8858         20  0.000e+00
    152.915     0.8626   2.937324     0.8633   2.937304    5.54315    -0.0426    13.8155 0.0000e+00  -61.09550  -58.13400 1152262023 188.366031    34.3784       8859         20  0.000e+00
    152.915     0.8626   2.937371     0.8636   2.937257    5.54312    -0.0534    13.8155 0.0000e+00  -61.09550  -58.13400 1152262023 188.366032    34.3790       8860         20  0.000e+00
    152.915     0.8623   2.937317     0.8636   2.937275    5.54318    -0.0642    13.8155 0.0000e+00  -61.09550  -58.13400 1152262023 188.366032    34.3786       8861         20  0.000e+00
    152.915     0.8629   2.937331     0.8636   2.937292    5.54311    -0.0964    13.8155 0.0000e+00  -61.09550  -58.13400 1152262024 188.366033    34.3782       8862         20  0.000e+00
    152.915     0.8622   2.937307     0.8635   2.937269    5.54320    -0.0857    13.8155 0.0000e+00  -61.09550  -58.13400 1152262024 188.366033    34.3787       8863         20  0.000e+00
    152.915     0.8623   2.937314     0.8636   2.937221    5.54318    -0.0857    13.8155 0.0000e+00  -61.09550  -58.13400 1152262024 188.366033    34.3786       8864         20  0.000e+00
    152.915     0.8625   2.937338     0.8638   2.937292    5.54315    -0.0749    13.8155 0.0000e+00  -61.09550  -58.13400 1152262024 188.366034    34.3787       8865         20  0.000e+00
    152.915     0.8621   2.937344     0.8636   2.937298    5.54319    -0.0857    13.8155 0.0000e+00  -61.09550  -58.13400 1152262024 188.366034    34.3792       8866         20  0.000e+00
    152.992     0.8625   2.937361     0.8633   2.937292    5.54320    -0.0426    13.8155 0.0000e+00  -61.09550  -58.13400 1152262024 188.366035    34.3790       8867         20  0.000e+00
    152.915     0.8625   2.937331     0.8638   2.937292    5.54316    -0.0749    13.8155 0.0000e+00  -61.09550  -58.13400 1152262024 188.366035    34.3786       8868         20  0.000e+00
    152.915     0.8626   2.937321     0.8639   2.937310    5.54314    -0.0534    13.8155 0.0000e+00  -61.09550  -58.13400 1152262024 188.366036    34.3783       8869         20  0.000e+00
    152.982     0.8624   2.937371     0.8635   2.937275    5.54319    -0.0534    13.8155 0.0000e+00  -61.09550  -58.13400 1152262024 188.366036    34.3792       8870         20  0.000e+00
    152.849     0.8626   2.937338     0.8635   2.937263    5.54308    -0.0426    13.8155 0.0000e+00  -61.09550  -58.13400 1152262024 188.366037    34.3786       8871         20  0.000e+00
    152.982     0.8625   2.937338     0.8639   2.937280    5.54321    -0.0426    13.8155 0.0000e+00  -61.09550  -58.13400 1152262024 188.366037    34.3787       8872         20  0.000e+00
    152.982     0.8626   2.937324     0.8639   2.937269    5.54320    -0.0211    13.8155 0.0000e+00  -61.09550  -58.13400 1152262024 188.366038    34.3784       8873         20  0.000e+00
    152.915     0.8626   2.937338     0.8639   2.937304    5.54313    -0.0534    13.8155 0.0000e+00  -61.09550  -58.13400 1152262024 188.366038    34.3785       8874         20  0.000e+00
    152.982     0.8625   2.937324     0.8638   2.937275    5.54321    -0.0749    13.8155 0.0000e+00  -61.09550  -58.13400 1152262024 188.366039    34.3785       8875         20  0.000e+00
    152.915     0.8623   2.937338     0.8636   2.937263    5.54317    -0.0857    13.8155 0.0000e+00  -61.09550  -58.13400 1152262024 188.366039    34.3789       8876         20  0.000e+00
    152.982     0.8624   2.937324     0.8638   2.937304    5.54322    -0.0749    13.8155 0.0000e+00  -61.09550  -58.13400 1152262024 188.366040    34.3786       8877         20  0.000e+00
    152.982     0.8623   2.937321     0.8635   2.937257    5.54323    -0.0534    13.8155 0.0000e+00  -61.09550  -58.13400 1152262024 188.366040    34.3786       8878         20  0.000e+00
    153.059     0.8614   2.937250     0.8632   2.937239    5.54799    -0.0857    13.8155 0.0000e+00  -61.09550  -58.13400 1152262029 188.366095    34.3787       8991         21  0.000e+00
    152.915     0.8619   2.937250     0.8632   2.937257    5.54783    -0.0964    13.8155 0.0000e+00  -61.09550  -58.13400 1152262029 188.366095    34.3783       8992         21  0.000e+00
    153.059     0.8619   2.937284     0.8630   2.937263    5.54791    -0.0642    13.8155 0.0000e+00  -61.09550  -58.13400 1152262029 188.366096    34.3785       8993         21  0.000e+00
    153.059     0.8616   2.937260     0.8635   2.937245    5.54797    -0.0534    13.8155 0.0000e+00  -61.09550  -58.13400 1152262029 188.366096    34.3787       8994         21  0.000e+00
    152.915     0.8619   2.937284     0.8628   2.937239    5.54781    -0.0319    13.8155 0.0000e+00  -61.09550  -58.13400 1152262029 188.366097    34.3787       8995         21  0.000e+00
    153.059     0.8616   2.937274     0.8629   2.937239    5.54795    -0.0426    13.8155 0.0000e+00  -61.09550  -58.13400 1152262029 188.366097    34.3787       8996         21  0.000e+00
    152.982     0.8616   2.937270     0.8629   2.937257    5.54334    -0.0642    13.8155 0.0000e+00  -61.09550  -58.13400 1152262029 188.366098    34.3788       8997         21  0.000e+00
    153.059     0.8619   2.937274     0.8626   2.937245    5.54793    -0.0857    13.8155 0.0000e+00  -61.09550  -58.13400 1152262029 188.366098    34.3785       8998         21  0.000e+00
    152.982     0.8617   2.937290     0.8636   2.937275    5.54788    -0.0534    13.8155 0.0000e+00  -61.09550  -58.13400 1152262029 188.366099    34.3789       8999         21  0.000e+00
    152.992     0.8616   2.937297     0.8627   2.937269    5.54789    -0.0319    13.8155 0.0000e+00  -61.09550  -58.13400 1152262029 188.366099    34.3791       9000         21  0.000e+00
    152.915     0.8620   2.937277     0.8632   2.937263    5.54780    -0.0534    13.8155 0.0000e+00  -61.09550  -58.13400 1152262029 188.366100    34.3784       9001         21  0.000e+00
    153.059     0.8617   2.937274     0.8634   2.937245    5.54795    -0.0964    13.8155 0.0000e+00  -61.09550  -58.13400 1152262029 188.366100    34.3787       9002         21  0.000e+00
    153.059     0.8618   2.937290     0.8632   2.937257    5.54792    -0.0642    13.8155 0.0000e+00  -61.09550  -58.13400 1152262029 188.366101    34.3788       9003         21  0.000e+00
    152.992     0.8620   2.937297     0.8632   2.937263    5.54784    -0.0534    13.8155 0.0000e+00  -61.09550  -58.13400 1152262029 188.366101    34.3787       9004         21  0.000e+00
    152.982     0.8619   2.937277     0.8632   2.937263    5.54787    -0.0642    13.8155 0.0000e+00  -61.09550  -58.13400 1152262029 188.366101    34.3786       9005         21  0.000e+00
    153.059     0.8620   2.937274     0.8636   2.937280    5.54791    -0.0319    13.8155 0.0000e+00  -61.09550  -58.13400 1152262029 188.366102    34.3783       9006         21  0.000e+00
    152.982     0.8618   2.937290     0.8630   2.937251    5.54330     0.0219    13.8155 0.0000e+00  -61.09550  -58.13400 1152262030 188.366102    34.3788       9007         21  0.000e+00
    152.982     0.8619   2.937277     0.8632   2.937239    5.54787    -0.0104    13.8155 0.0000e+00  -61.09550  -58.13400 1152262030 188.366103    34.3786       9008         21  0.000e+00
    152.992     0.8617   2.937290     0.8635   2.937257    5.54789    -0.0319    13.8155 0.0000e+00  -61.09550  -58.13400 1152262030 188.366103    34.3789       9009         21  0.000e+00
    153.059     0.8616   2.937277     0.8631   2.937280    5.54796    -0.0211    13.8155 0.0000e+00  -61.09550  -58.13400 1152262030 188.366104    34.3789       9010         21  0.000e+00
    152.982     0.8615   2.937307     0.8630   2.937251    5.54789    -0.0749    13.8155 0.0000e+00  -61.09550  -58.13400 1152262030 188.366104    34.3794       9011         21  0.000e+00
    152.982     0.8622   2.937301     0.8636   2.937257    5.54782    -0.0749    13.8155 0.0000e+00  -61.09550  -58.13400 1152262030 188.366105    34.3786       9012         21  0.000e+00
    152.992     0.8617   2.937277     0.8632   2.937263    5.54789    -0.0749    13.8155 0.0000e+00  -61.09550  -58.13400 1152262030 188.366105    34.3788       9013         21  0.000e+00
    153.059     0.8621   2.937274     0.8632   2.937245    5.54790    -0.0426    13.8155 0.0000e+00  -61.09550  -58.13400 1152262030 188.366106    34.3782       9014         21  0.000e+00
    152.982     0.8616   2.937290     0.8632   2.937239    5.54789    -0.0104    13.8155 0.0000e+00  -61.09550  -58.13400 1152262030 188.366106    34.3791       9015         21  0.000e+00
    152.982     0.8617   2.937297     0.8632   2.937257    5.54787    -0.0211    13.8155 0.0000e+00  -61.09550  -58.13400 1152262030 188.366107    34.3790       9016         21  0.000e+00
    153.059     0.8620   2.937260     0.8632   2.937263    5.54791    -0.0426    13.8155 0.0000e+00  -61.09550  -58.13400 1152262030 188.366107    34.3781       9017         21  0.000e+00
    152.992     0.8615   2.937301     0.8638   2.937263    5.54790    -0.0319    13.8155 0.0000e+00  -61.09550  -58.13400 1152262030 188.366108    34.3793       9018         21  0.000e+00
    152.982     0.8620   2.937284     0.8630   2.937280    5.54328    -0.0211    13.8155 0.0000e+00  -61.09550  -58.13400 1152262030 188.366108    34.3785       9019         21  0.000e+00
    152.982     0.8619   2.937274     0.8632   2.937227    5.54330    -0.0104    13.8155 0.0000e+00  -61.09550  -58.13400 1152262030 188.366109    34.3785       9020         21  0.000e+00
    153.059     0.8619   2.937307     0.8635   2.937269    5.54790     0.0004    13.8155 0.0000e+00  -61.09550  -58.13400 1152262030 188.366109    34.3788       9021         21  0.000e+00
    152.992     0.8617   2.937284     0.8632   2.937251    5.54789    -0.0426    13.8155 0.0000e+00  -61.09550  -58.13400 1152262030 188.366110    34.3789       9022         21  0.000e+00
    153.059     0.8616   2.937290     0.8629   2.937239    5.54795    -0.0426    13.8155 0.0000e+00  -61.09550  -58.13400 1152262030 188.366110    34.3791       9023         21  0.000e+00
    152.982     0.8616   2.937307     0.8633   2.937257    5.54789    -0.0104    13.8155 0.0000e+00  -61.09550  -58.13400 1152262030 188.366111    34.3793       9024         21  0.000e+00
    153.059     0.8621   2.937301     0.8633   2.937280    5.54789    -0.0319    13.8155 0.0000e+00  -61.09550  -58.13400 1152262030 188.366111    34.3786       9025         21  0.000e+00
    152.982     0.8622   2.937277     0.8635   2.937269    5.54783    -0.0426    13.8155 0.0000e+00  -61.09550  -58.13400 1152262030 188.366112    34.3782       9026         21  0.000e+00
    153.059     0.8617   2.937290     0.8633   2.937263    5.54794    -0.0642    13.8155 0.0000e+00  -61.09550  -58.13400 1152262030 188.366112    34.3789       9027         21  0.000e+00
    152.982     0.8620   2.937314     0.8636   2.937280    5.54327    -0.0534    13.8155 0.0000e+00  -61.09550  -58.13400 1152262030 188.366113    34.3789       9028         21  0.000e+00
    153.059     0.8613   2.937321     0.8639   2.937292    5.54796    -0.0857    13.8155 0.0000e+00  -61.09550  -58.13400 1152262030 188.366113    34.3797       9029         21  0.000e+00
    153.059     0.8622   2.937301     0.8635   2.937292    5.54332    -0.0964    13.8155 0.0000e+00  -61.09550  -58.13400 1152262030 188.366114    34.3785       9030         21  0.000e+00
    152.992     0.8619   2.937297     0.8635   2.937328    5.54786    -0.0534    13.8155 0.0000e+00  -61.09550  -58.13400 1152262031 188.366114    34.3788       9031         21  0.000e+00
