product_data/regression_test/downloaded_data/MDGS/320620060703/ctd/p6609003.ros
* Sea-Bird SBE 9 Data File:
* FileName = D:\Data\Raw\P6609003.dat
* Software Version Seasave Win32 V 5.32
* Temperature SN = 1649
* Conductivity SN = 1431
* Number of Bytes Per Scan = 37
* Number of Voltage Words = 5
* Number of Scans Averaged by the Deck Unit = 1
* NMEA Latitude = 61 22.54 S
* NMEA Longitude = 057 54.34 W
* NMEA UTC (Time) = 13:28:01
** Ship:   Nathaniel B. Palmer 
** Cruise:    NBP0603 p0606
** Cast #: 03
** Station:   90
** Operator: rdd
# nquan = 17
# nvalues = 1176                    
# units = specified
# name 0 = prDM: Pressure, Digiquartz [db]
# name 1 = t090C: Temperature [ITS-90, deg C]
# name 2 = c0S/m: Conductivity [S/m]
# name 3 = t190C: Temperature, 2 [ITS-90, deg C]
# name 4 = c1S/m: Conductivity, 2 [S/m]
# name 5 = sbeox0ML/L: Oxygen, SBE 43 [ml/l]
# name 6 = flECO-AFL: Fluorescence, Wetlab ECO-AFL/FL [mg/m^3]
# name 7 = bat: Beam Attenuation, Chelsea/Seatech/Wetlab CStar [1/m]
# name 8 = spar: SPAR/Surface Irradiance
# name 9 = latitude: Latitude [deg]
# name 10 = longitude: Longitude [deg]
# name 11 = timeY: Time, System [seconds]
# name 12 = timeJ: Julian Days
# name 13 = sal00: Salinity [PSU]
# name 14 = scan: scan number
# name 15 = nbf: number of bottles fired
# name 16 = flag:  0.000e+00
# interval = seconds: 0.0416667                   
# start_time = Jul 10 2006 13:28:09
*END*
[from data line 596]
    251.215    -0.0269   2.869740    -0.0280   2.869941    6.25243    -0.0749    13.8155 6.8185e+01  -61.37567  -57.90567 1152541829 191.604521    34.4270      89800         13  0.000e+00
    251.215    -0.0272   2.869713    -0.0276   2.869889    6.25721    -0.0426    13.8155 6.8185e+01  -61.37567  -57.90567 1152541829 191.604522    34.4270      89801         13  0.000e+00
    251.138    -0.0273   2.869709    -0.0280   2.869924    6.25243    -0.0534    13.8155 6.8185e+01  -61.37567  -57.90567 1152541829 191.604522    34.4271      89802         13  0.000e+00
    251.291    -0.0277   2.869649    -0.0279   2.869941    6.25265    -0.1072    13.8155 6.6237e+01  -61.37567  -57.90567 1152541829 191.604523    34.4266      89803         13  0.000e+00
    251.215    -0.0285   2.869569    -0.0276   2.869918    6.25746    -0.1180    13.8155 6.6237e+01  -61.37567  -57.90567 1152541829 191.604523    34.4266      89804         13  0.000e+00
    251.291    -0.0286   2.869529    -0.0291   2.869859    6.25284    -0.1180    13.8155 6.6237e+01  -61.37567  -57.90567 1152541829 191.604524    34.4261      89805         13  0.000e+00
    251.282    -0.0289   2.869465    -0.0303   2.869707    6.25289    -0.1180    13.8155 6.8185e+01  -61.37567  -57.90567 1152541829 191.604524    34.4255      89806         13  0.000e+00
    251.291    -0.0303   2.869315    -0.0319   2.869548    6.25317    -0.1180    13.8155 6.8185e+01  -61.37567  -57.90567 1152541829 191.604524    34.4251      89807         13  0.000e+00
    251.282    -0.0317   2.869148    -0.0327   2.869484    6.25344    -0.1395    13.8155 6.8185e+01  -61.37567  -57.90567 1152541830 191.604525    34.4245      89808         13  0.000e+00
    251.291    -0.0332   2.869051    -0.0335   2.869402    6.25369    -0.0749    13.8155 6.8185e+01  -61.37567  -57.90567 1152541830 191.604525    34.4249      89809         13  0.000e+00
    251.349    -0.0337   2.869004    -0.0334   2.869366    6.25383    -0.0534    13.8155 6.8185e+01  -61.37567  -57.90567 1152541830 191.604526    34.4248      89810         13  0.000e+00
    251.358    -0.0342   2.869014    -0.0339   2.869331    6.25861    -0.0857    13.8155 6.8185e+01  -61.37567  -57.90567 1152541830 191.604526    34.4254      89811         13  0.000e+00
    251.349    -0.0347   2.869014    -0.0341   2.869296    6.25394    -0.0749    13.8155 6.8185e+01  -61.37567  -57.90567 1152541830 191.604527    34.4260      89812         13  0.000e+00
    251.425    -0.0339   2.869001    -0.0341   2.869314    6.25391    -0.0534    13.8155 6.8185e+01  -61.37567  -57.90567 1152541830 191.604527    34.4249      89813         13  0.000e+00
    251.425    -0.0349   2.868991    -0.0338   2.869314    6.25404    -0.1072    13.8155 6.8185e+01  -61.37567  -57.90567 1152541830 191.604528    34.4258      89814         13  0.000e+00
    251.425    -0.0349   2.868994    -0.0342   2.869302    6.25405    -0.1610    13.8155 6.8185e+01  -61.37567  -57.90567 1152541830 191.604528    34.4260      89815         13  0.000e+00
    251.425    -0.0345   2.869014    -0.0341   2.869290    6.25872    -0.1395    13.8155 6.8185e+01  -61.37567  -57.90567 1152541830 191.604529    34.4258      89816         13  0.000e+00
    251.502    -0.0344   2.868997    -0.0347   2.869296    6.25405    -0.0749    13.8155 6.8185e+01  -61.37567  -57.90567 1152541830 191.604529    34.4253      89817         13  0.000e+00
    251.425    -0.0345   2.869031    -0.0342   2.869308    6.25870    -0.0534    13.8155 6.8185e+01  -61.37567  -57.90567 1152541830 191.604530    34.4260      89818         13  0.000e+00
    251.502    -0.0341   2.869061    -0.0345   2.869278    6.25397    -0.0534    13.8155 6.8185e+01  -61.37567  -57.90567 1152541830 191.604530    34.4258      89819         13  0.000e+00
    251.492    -0.0339   2.869078    -0.0347   2.869284    6.25393    -0.0319    13.8155 6.8185e+01  -61.37567  -57.90567 1152541830 191.604531    34.4258      89820         13  0.000e+00
    251.502    -0.0339   2.869051    -0.0347   2.869243    6.25396    -0.1180    13.8155 6.8185e+01  -61.37567  -57.90567 1152541830 191.604531    34.4255      89821         13  0.000e+00
    251.492    -0.0346   2.869007    -0.0342   2.869261    6.25406    -0.1287    13.8155 6.8185e+01  -61.37567  -57.90567 1152541830 191.604532    34.4258      89822         13  0.000e+00
    251.502    -0.0342   2.869024    -0.0345   2.869261    6.25401    -0.1180    13.8155 6.8185e+01  -61.37567  -57.90567 1152541830 191.604532    34.4255      89823         13  0.000e+00
    251.492    -0.0343   2.869058    -0.0344   2.869290    6.25872    -0.0749    13.8155 6.6237e+01  -61.37567  -57.90567 1152541830 191.604533    34.4261      89824         13  0.000e+00
    251.502    -0.0339   2.869048    -0.0344   2.869267    6.25868    -0.0534    13.8155 6.8185e+01  -61.37567  -57.90567 1152541830 191.604533    34.4255      89825         13  0.000e+00
    251.493    -0.0337   2.869071    -0.0345   2.869308    6.25392    -0.0534    13.8155 6.8185e+01  -61.37567  -57.90567 1152541830 191.604534    34.4256      89826         13  0.000e+00
    251.426    -0.0340   2.869051    -0.0345   2.869296    6.25390    -0.0749    13.8155 6.6237e+01  -61.37567  -57.90567 1152541830 191.604534    34.4257      89827         13  0.000e+00
    251.493    -0.0345   2.869061    -0.0345   2.869273    6.25402    -0.1180    13.8155 6.6237e+01  -61.37567  -57.90567 1152541830 191.604535    34.4264      89828         13  0.000e+00
    251.426    -0.0337   2.869058    -0.0345   2.869302    6.25858    -0.0749    13.8155 6.6237e+01  -61.37567  -57.90567 1152541830 191.604535    34.4254      89829         13  0.000e+00
    251.426    -0.0337   2.869048    -0.0345   2.869302    6.25860    -0.0534    13.8155 6.8185e+01  -61.37567  -57.90567 1152541830 191.604536    34.4254      89830         13  0.000e+00
    251.426    -0.0342   2.869094    -0.0341   2.869290    6.25862    -0.0749    13.8155 6.8185e+01  -61.37567  -57.90567 1152541830 191.604536    34.4265      89831         13  0.000e+00
    251.426    -0.0336   2.869104    -0.0342   2.869296    6.25855    -0.0964    13.8155 6.8185e+01  -61.37567  -57.90567 1152541831 191.604537    34.4259      89832         13  0.000e+00
    251.359    -0.0337   2.869074    -0.0339   2.869308    6.25379    -0.0857    13.8155 6.8185e+01  -61.37567  -57.90567 1152541831 191.604537    34.4257      89833         13  0.000e+00
    251.426    -0.0339   2.869048    -0.0341   2.869302    6.25862    -0.1610    13.8155 6.8185e+01  -61.37567  -57.90567 1152541831 191.604538    34.4255      89834         13  0.000e+00
    251.359    -0.0341   2.869034    -0.0338   2.869331    6.25386    -0.1825    13.8155 6.8185e+01  -61.37567  -57.90567 1152541831 191.604538    34.4256      89835         13  0.000e+00
    251.349    -0.0342   2.869024    -0.0338   2.869325    6.25860    -0.1395    13.8155 6.8185e+01  -61.37567  -57.90567 1152541831 191.604538    34.4256      89836         13  0.000e+00
    251.359    -0.0344   2.869001    -0.0334   2.869355    6.25392    -0.1180    13.8155 6.8185e+01  -61.37567  -57.90567 1152541831 191.604539    34.4255      89837         13  0.000e+00
    251.282    -0.0343   2.869007    -0.0328   2.869366    6.25384    -0.1180    13.8155 6.8185e+01  -61.37567  -57.90567 1152541831 191.604539    34.4255      89838         13  0.000e+00
    251.292    -0.0339   2.869001    -0.0327   2.869396    6.25380    -0.1180    13.8155 6.8185e+01  -61.37567  -57.90567 1152541831 191.604540    34.4250      89839         13  0.000e+00
    251.349    -0.0342   2.869031    -0.0328   2.869419    6.25387    -0.0749    13.8155 6.8185e+01  -61.37567  -57.90567 1152541831 191.604540    34.4257      89840         13  0.000e+00
    250.089    -0.0281   2.869612    -0.0311   2.869565    6.26112    -0.0749    13.8155 6.8185e+01  -61.37567  -57.90567 1152541836 191.604598    34.4273      89959         14  0.000e+00
    250.166    -0.0279   2.869596    -0.0318   2.869536    6.26117    -0.0964    13.8155 6.8185e+01  -61.37567  -57.90567 1152541836 191.604598    34.4268      89960         14  0.000e+00
    250.156    -0.0279   2.869585    -0.0319   2.869495    6.26117    -0.0749    13.8155 6.8185e+01  -61.37567  -57.90567 1152541836 191.604599    34.4267      89961         14  0.000e+00
    250.232    -0.0283   2.869589    -0.0318   2.869501    6.26129    -0.1072    13.8155 6.8185e+01  -61.37567  -57.90567 1152541836 191.604599    34.4271      89962         14  0.000e+00
    250.156    -0.0284   2.869559    -0.0319   2.869431    6.26125    -0.1180    13.8155 6.8185e+01  -61.37567  -57.90567 1152541836 191.604600    34.4269      89963         14  0.000e+00
    250.233    -0.0282   2.869592    -0.0316   2.869419    6.26127    -0.0749    13.8155 6.8185e+01  -61.37567  -57.90567 1152541836 191.604600    34.4270      89964         14  0.000e+00
    250.156    -0.0282   2.869612    -0.0319   2.869483    6.26119    -0.0319    13.8155 6.8185e+01  -61.37567  -57.90567 1152541836 191.604601    34.4273      89965         14  0.000e+00
    250.233    -0.0284   2.869545    -0.0301   2.869595    6.26132    -0.0534    13.8155 6.8185e+01  -61.37567  -57.90567 1152541836 191.604601    34.4267      89966         14  0.000e+00
    250.223    -0.0289   2.869472    -0.0294   2.869677    6.26143    -0.0857    13.8155 6.8185e+01  -61.37567  -57.90567 1152541836 191.604602    34.4263      89967         14  0.000e+00
    250.309    -0.0290   2.869448    -0.0296   2.869718    6.26152    -0.0964    13.8155 6.6237e+01  -61.37567  -57.90567 1152541836 191.604602    34.4260      89968         14  0.000e+00
    250.223    -0.0294   2.869385    -0.0283   2.869800    6.26153    -0.0749    13.8155 6.6237e+01  -61.37567  -57.90567 1152541836 191.604603    34.4257      89969         14  0.000e+00
    250.309    -0.0297   2.869365    -0.0277   2.869877    6.26166    -0.1180    13.8155 6.6237e+01  -61.37567  -57.90567 1152541836 191.604603    34.4257      89970         14  0.000e+00
    250.233    -0.0299   2.869375    -0.0281   2.869865    6.26161    -0.1395    13.8155 6.6237e+01  -61.37567  -57.90567 1152541836 191.604604    34.4261      89971         14  0.000e+00
    250.300    -0.0306   2.869402    -0.0283   2.869841    6.26175    -0.0964    13.8155 6.6237e+01  -61.37567  -57.90567 1152541836 191.604604    34.4272      89972         14  0.000e+00
    250.309    -0.0309   2.869341    -0.0282   2.869830    6.26182    -0.1610    13.8155 6.6237e+01  -61.37567  -57.90567 1152541836 191.604605    34.4267      89973         14  0.000e+00
    250.367    -0.0310   2.869328    -0.0294   2.869753    6.26189    -0.1395    13.8155 6.6237e+01  -61.37567  -57.90567 1152541836 191.604605    34.4266      89974         14  0.000e+00
    250.309    -0.0315   2.869285    -0.0296   2.869659    6.26193    -0.1072    13.8155 6.6237e+01  -61.37567  -57.90567 1152541836 191.604606    34.4266      89975         14  0.000e+00
    250.367    -0.0316   2.869255    -0.0311   2.869542    6.26201    -0.0857    13.8155 6.6237e+01  -61.37567  -57.90567 1152541837 191.604606    34.4263      89976         14  0.000e+00
    250.309    -0.0321   2.869191    -0.0325   2.869442    6.26206    -0.1287    13.8155 6.6237e+01  -61.37567  -57.90567 1152541837 191.604606    34.4261      89977         14  0.000e+00
    250.367    -0.0325   2.869144    -0.0331   2.869348    6.26219    -0.0857    13.8155 6.6237e+01  -61.37567  -57.90567 1152541837 191.604607    34.4259      89978         14  0.000e+00
    250.376    -0.0333   2.869064    -0.0332   2.869337    6.26234    -0.0534    13.8155 6.6237e+01  -61.37567  -57.90567 1152541837 191.604607    34.4257      89979         14  0.000e+00
    250.367    -0.0335   2.869020    -0.0323   2.869390    6.26239    -0.0964    13.8155 6.6237e+01  -61.37567  -57.90567 1152541837 191.604608    34.4254      89980         14  0.000e+00
    250.443    -0.0342   2.869000    -0.0328   2.869437    6.26255    -0.1180    13.8155 6.6237e+01  -61.37567  -57.90567 1152541837 191.604608    34.4259      89981         14  0.000e+00
    250.367    -0.0342   2.868937    -0.0327   2.869378    6.26252    -0.1502    13.8155 6.6237e+01  -61.37567  -57.90567 1152541837 191.604609    34.4250      89982         14  0.000e+00
    250.443    -0.0347   2.868960    -0.0332   2.869360    6.26263    -0.1395    13.8155 6.6237e+01  -61.37567  -57.90567 1152541837 191.604609    34.4258      89983         14  0.000e+00
    250.367    -0.0343   2.868974    -0.0323   2.869354    6.26251    -0.1072    13.8155 6.6237e+01  -61.37567  -57.90567 1152541837 191.604610    34.4257      89984         14  0.000e+00
    250.443    -0.0339   2.868984    -0.0327   2.869360    6.26252    -0.0964    13.8155 6.6237e+01  -61.37567  -57.90567 1152541837 191.604610    34.4253      89985         14  0.000e+00
    250.443    -0.0342   2.868994    -0.0328   2.869384    6.26255    -0.0642    13.8155 6.6237e+01  -61.37567  -57.90567 1152541837 191.604611    34.4257      89986         14  0.000e+00
    250.443    -0.0337   2.869031    -0.0327   2.869378    6.26247    -0.0857    13.8155 6.6237e+01  -61.37567  -57.90567 1152541837 191.604611    34.4257      89987         14  0.000e+00
    250.443    -0.0337   2.869020    -0.0335   2.869325    6.26248    -0.0964    13.8155 6.6237e+01  -61.37567  -57.90567 1152541837 191.604612    34.4256      89988         14  0.000e+00
    250.443    -0.0340   2.868984    -0.0323   2.869319    6.26253    -0.1180    13.8155 6.6237e+01  -61.37567  -57.90567 1152541837 191.604612    34.4254      89989         14  0.000e+00
    250.520    -0.0341   2.868990    -0.0332   2.869354    6.26260    -0.1180    13.8155 6.6237e+01  -61.37567  -57.90567 1152541837 191.604613    34.4255      89990         14  0.000e+00
    250.443    -0.0339   2.869007    -0.0328   2.869354    6.26250    -0.1180    13.8155 6.6237e+01  -61.37567  -57.90567 1152541837 191.604613    34.4255      89991         14  0.000e+00
    250.520    -0.0342   2.868984    -0.0328   2.869343    6.25791    -0.0749    13.8155 6.6237e+01  -61.37567  -57.90567 1152541837 191.604614    34.4256      89992         14  0.000e+00
    250.443    -0.0343   2.868990    -0.0325   2.869390    6.26257    -0.0964    13.8155 6.6237e+01  -61.37567  -57.90567 1152541837 191.604614    34.4258      89993         14  0.000e+00
    250.520    -0.0342   2.869041    -0.0327   2.869372    6.26260    -0.1610    13.8155 6.6237e+01  -61.37567  -57.90567 1152541837 191.604615    34.4264      89994         14  0.000e+00
    250.443    -0.0335   2.869047    -0.0328   2.869395    6.26244    -0.1610    13.8155 6.6237e+01  -61.37567  -57.90567 1152541837 191.604615    34.4257      89995         14  0.000e+00
    250.520    -0.0337   2.869077    -0.0323   2.869419    6.26252    -0.0964    13.8155 6.8185e+01  -61.37567  -57.90567 1152541837 191.604616    34.4263      89996         14  0.000e+00
    250.510    -0.0336   2.869081    -0.0321   2.869407    6.26249    -0.0964    13.8155 6.6237e+01  -61.37567  -57.90567 1152541837 191.604616    34.4262      89997         14  0.000e+00
    250.520    -0.0331   2.869101    -0.0316   2.869437    6.26242    -0.0749    13.8155 6.6237e+01  -61.37567  -57.90567 1152541837 191.604617    34.4258      89998         14  0.000e+00
    250.444    -0.0325   2.869094    -0.0316   2.869454    6.26228    -0.0964    13.8155 6.6237e+01  -61.37567  -57.90567 1152541837 191.604617    34.4252      89999         14  0.000e+00
    250.520    -0.0328   2.869134    -0.0316   2.869448    6.26236    -0.1072    13.8155 6.6237e+01  -61.37567  -57.90567 1152541837 191.604618    34.4259      90000         14  0.000e+00
    250.511    -0.0324   2.869138    -0.0319   2.869437    6.26230    -0.0534    13.8155 6.8185e+01  -61.37567  -57.90567 1152541838 191.604618    34.4255      90001         14  0.000e+00
