product_data/regression_test/downloaded_data/MDGS/320620060703/ctd/p6606205.ros
* Sea-Bird SBE 9 Data File:
* FileName = D:\Data\Raw\p6606205.dat
* Software Version Seasave Win32 V 5.32
* Temperature SN = 1649
* Conductivity SN = 1431
* Number of Bytes Per Scan = 37
* Number of Voltage Words = 5
* Number of Scans Averaged by the Deck Unit = 1
* NMEA Latitude = 61 05.73 S
* NMEA Longitude = 058 08.04 W
* NMEA UTC (Time) = 08:40:48
** Ship:   Nathaniel B. Palmer 
** Cruise:    NBP0606 
# nquan = 17
# nvalues = 1176                    
# units = specified
# name 0 = prDM: Pressure, Digiquartz [db]
# name 1 = t090C: Temperature [ITS-90, deg C]
# name 2 = c0S/m: Conductivity [S/m]
# name 3 = t190C: Temperature, 2 [ITS-90, deg C]
# name 4 = c1S/m: Conductivity, 2 [S/m]
# name 5 = sbeox0ML/L: Oxygen, SBE 43 [ml/l]
# name 6 = flECO-AFL: Fluorescence, Wetlab ECO-AFL/FL [mg/m^3]
# name 7 = bat: Beam Attenuation, Chelsea/Seatech/Wetlab CStar [1/m]
# name 8 = spar: SPAR/Surface Irradiance
# name 9 = latitude: Latitude [deg]
# name 10 = longitude: Longitude [deg]
# name 11 = timeY: Time, System [seconds]
# name 12 = timeJ: Julian Days
# name 13 = sal00: Salinity [PSU]
# name 14 = scan: scan number
# name 15 = nbf: number of bottles fired
# name 16 = flag:  0.000e+00
# interval = seconds: 0.0416667                   
# start_time = Jul 07 2006 08:40:56
*END*
[from data line 426]
    153.337     0.8675   2.937797     0.8689   2.937796    5.53357    -0.0319    13.8155 0.0000e+00  -61.09550  -58.13400 1152261951 188.365190    34.3789       7116          9  0.000e+00
    153.404     0.8676   2.937828     0.8694   2.937807    5.52903    -0.0426    13.8155 0.0000e+00  -61.09550  -58.13400 1152261951 188.365191    34.3791       7117          9  0.000e+00
    153.414     0.8676   2.937834     0.8692   2.937813    5.53360    -0.0319    13.8155 0.0000e+00  -61.09550  -58.13400 1152261951 188.365191    34.3792       7118          9  0.000e+00
    153.404     0.8684   2.937851     0.8684   2.937796    5.53350    -0.0319    13.8155 0.0000e+00  -61.09550  -58.13400 1152261951 188.365192    34.3786       7119          9  0.000e+00
    153.404     0.8687   2.937875     0.8688   2.937807    5.52889    -0.0211    13.8155 0.0000e+00  -61.09550  -58.13400 1152261951 188.365192    34.3785       7120          9  0.000e+00
    153.337     0.8684   2.937882     0.8684   2.937772    5.52887    -0.0319    13.8155 0.0000e+00  -61.09550  -58.13400 1152261951 188.365193    34.3790       7121          9  0.000e+00
    153.404     0.8684   2.937861     0.8692   2.937760    5.53349    -0.0426    13.8155 0.0000e+00  -61.09550  -58.13400 1152261951 188.365193    34.3787       7122          9  0.000e+00
    153.414     0.8681   2.937838     0.8687   2.937778    5.52898    -0.0104    13.8155 0.0000e+00  -61.09550  -58.13400 1152261951 188.365194    34.3787       7123          9  0.000e+00
    153.404     0.8680   2.937814     0.8688   2.937766    5.53356    -0.0211    13.8155 0.0000e+00  -61.09550  -58.13400 1152261951 188.365194    34.3785       7124          9  0.000e+00
    153.404     0.8678   2.937845     0.8690   2.937760    5.52900    -0.0319    13.8155 0.0000e+00  -61.09550  -58.13400 1152261951 188.365195    34.3791       7125          9  0.000e+00
    153.404     0.8683   2.937804     0.8694   2.937796    5.53353    -0.0642    13.8155 0.0000e+00  -61.09550  -58.13400 1152261951 188.365195    34.3781       7126          9  0.000e+00
    153.404     0.8676   2.937821     0.8695   2.937813    5.52904    -0.0749    13.8155 0.0000e+00  -61.09550  -58.13400 1152261951 188.365196    34.3790       7127          9  0.000e+00
    153.414     0.8676   2.937834     0.8697   2.937819    5.53360    -0.0749    13.8155 0.0000e+00  -61.09550  -58.13400 1152261951 188.365196    34.3792       7128          9  0.000e+00
    153.404     0.8673   2.937814     0.8690   2.937837    5.53363    -0.0104    13.8155 0.0000e+00  -61.09550  -58.13400 1152261951 188.365197    34.3792       7129          9  0.000e+00
    153.404     0.8675   2.937811     0.8698   2.937843    5.53362     0.0219    13.8155 0.0000e+00  -61.09550  -58.13400 1152261951 188.365197    34.3790       7130          9  0.000e+00
    153.824     0.8703   2.938095     0.8711   2.937979    5.53805    -0.0749    13.8155 0.0000e+00  -61.09550  -58.13400 1152261956 188.365250    34.3794       7239         10  0.000e+00
    153.900     0.8703   2.938091     0.8703   2.937979    5.53811    -0.0749    13.8155 0.0000e+00  -61.09550  -58.13400 1152261956 188.365250    34.3793       7240         10  0.000e+00
    153.900     0.8706   2.938058     0.8709   2.938003    5.53809    -0.0749    13.8155 0.0000e+00  -61.09550  -58.13400 1152261956 188.365251    34.3785       7241         10  0.000e+00
    153.824     0.8698   2.938098     0.8703   2.937991    5.53810    -0.0642    13.8155 0.0000e+00  -61.09550  -58.13400 1152261956 188.365251    34.3799       7242         10  0.000e+00
    153.833     0.8696   2.938027     0.8698   2.937961    5.53816    -0.0319    13.8155 0.0000e+00  -61.09550  -58.13400 1152261956 188.365252    34.3792       7243         10  0.000e+00
    153.900     0.8689   2.938051     0.8700   2.937950    5.53829    -0.0211    13.8155 0.0000e+00  -61.09550  -58.13400 1152261956 188.365252    34.3803       7244         10  0.000e+00
    153.824     0.8689   2.938034     0.8700   2.937950    5.53824    -0.0749    13.8155 0.0000e+00  -61.09550  -58.13400 1152261956 188.365253    34.3801       7245         10  0.000e+00
    153.900     0.8694   2.938041     0.8701   2.937932    5.53824    -0.0964    13.8155 0.0000e+00  -61.09550  -58.13400 1152261956 188.365253    34.3796       7246         10  0.000e+00
    153.833     0.8692   2.938027     0.8697   2.937926    5.53822    -0.0749    13.8155 0.0000e+00  -61.09550  -58.13400 1152261956 188.365254    34.3797       7247         10  0.000e+00
    153.824     0.8691   2.938024     0.8698   2.937967    5.53822    -0.0642    13.8155 0.0000e+00  -61.09550  -58.13400 1152261956 188.365254    34.3798       7248         10  0.000e+00
    153.824     0.8694   2.938054     0.8697   2.937938    5.53817    -0.0749    13.8155 0.0000e+00  -61.09550  -58.13400 1152261956 188.365255    34.3798       7249         10  0.000e+00
    153.824     0.8695   2.938051     0.8700   2.937961    5.53816    -0.0857    13.8155 0.0000e+00  -61.09550  -58.13400 1152261956 188.365255    34.3796       7250         10  0.000e+00
    153.824     0.8694   2.938078     0.8698   2.937938    5.53360    -0.0749    13.8155 0.0000e+00  -61.09550  -58.13400 1152261956 188.365256    34.3801       7251         10  0.000e+00
    153.833     0.8696   2.938058     0.8700   2.937944    5.53359    -0.0426    13.8155 0.0000e+00  -61.09550  -58.13400 1152261956 188.365256    34.3796       7252         10  0.000e+00
    153.824     0.8698   2.938010     0.8698   2.937932    5.53358    -0.1072    13.8155 0.0000e+00  -61.09550  -58.13400 1152261956 188.365257    34.3787       7253         10  0.000e+00
    153.757     0.8697   2.938000     0.8698   2.937944    5.53811    -0.0857    13.8155 0.0000e+00  -61.09550  -58.13400 1152261957 188.365257    34.3788       7254         10  0.000e+00
    153.824     0.8686   2.937963     0.8700   2.937932    5.53831    -0.0964    13.8155 0.0000e+00  -61.09550  -58.13400 1152261957 188.365258    34.3795       7255         10  0.000e+00
    153.757     0.8686   2.937899     0.8701   2.937926    5.53829    -0.0426    13.8155 0.0000e+00  -61.09550  -58.13400 1152261957 188.365258    34.3788       7256         10  0.000e+00
    153.767     0.8680   2.937882     0.8697   2.937908    5.53837    -0.0319    13.8155 0.0000e+00  -61.09550  -58.13400 1152261957 188.365258    34.3792       7257         10  0.000e+00
    153.757     0.8673   2.937845     0.8705   2.937896    5.53845    -0.0534    13.8155 0.0000e+00  -61.09550  -58.13400 1152261957 188.365259    34.3794       7258         10  0.000e+00
    153.757     0.8676   2.937851     0.8698   2.937878    5.53841    -0.0642    13.8155 0.0000e+00  -61.09550  -58.13400 1152261957 188.365259    34.3792       7259         10  0.000e+00
    153.757     0.8673   2.937821     0.8701   2.937890    5.53847    -0.0642    13.8155 0.0000e+00  -61.09550  -58.13400 1152261957 188.365260    34.3792       7260         10  0.000e+00
    153.690     0.8673   2.937811     0.8705   2.937896    5.53842    -0.0642    13.8155 0.0000e+00  -61.09550  -58.13400 1152261957 188.365260    34.3790       7261         10  0.000e+00
    153.757     0.8673   2.937845     0.8697   2.937879    5.53845    -0.0534    13.8155 0.0000e+00  -61.09550  -58.13400 1152261957 188.365261    34.3794       7262         10  0.000e+00
    153.690     0.8675   2.937838     0.8697   2.937890    5.53839    -0.0211    13.8155 0.0000e+00  -61.09550  -58.13400 1152261957 188.365261    34.3792       7263         10  0.000e+00
    153.690     0.8678   2.937868     0.8697   2.937855    5.53378    -0.0319    13.8155 0.0000e+00  -61.09550  -58.13400 1152261957 188.365262    34.3793       7264         10  0.000e+00
    153.690     0.8678   2.937899     0.8694   2.937843    5.53376    -0.0642    13.8155 0.0000e+00  -61.09550  -58.13400 1152261957 188.365262    34.3796       7265         10  0.000e+00
    153.623     0.8680   2.937885     0.8697   2.937861    5.53826    -0.0857    13.8155 0.0000e+00  -61.09550  -58.13400 1152261957 188.365263    34.3793       7266         10  0.000e+00
    153.690     0.8683   2.937899     0.8694   2.937867    5.53827    -0.0642    13.8155 0.0000e+00  -61.09550  -58.13400 1152261957 188.365263    34.3791       7267         10  0.000e+00
    153.614     0.8682   2.937868     0.8689   2.937807    5.53823    -0.0749    13.8155 0.0000e+00  -61.09550  -58.13400 1152261957 188.365264    34.3788       7268         10  0.000e+00
    153.614     0.8680   2.937892     0.8686   2.937790    5.53825    -0.0534    13.8155 0.0000e+00  -61.09550  -58.13400 1152261957 188.365264    34.3794       7269         10  0.000e+00
    153.547     0.8681   2.937868     0.8690   2.937790    5.53819    -0.0426    13.8155 0.0000e+00  -61.09550  -58.13400 1152261957 188.365265    34.3790       7270         10  0.000e+00
    153.623     0.8678   2.937909     0.8684   2.937748    5.53370    -0.0642    13.8155 0.0000e+00  -61.09550  -58.13400 1152261957 188.365265    34.3798       7271         10  0.000e+00
    153.547     0.8679   2.937892     0.8681   2.937730    5.53364    -0.0642    13.8155 0.0000e+00  -61.09550  -58.13400 1152261957 188.365266    34.3795       7272         10  0.000e+00
    153.547     0.8681   2.937845     0.8681   2.937748    5.53820    -0.0534    13.8155 0.0000e+00  -61.09550  -58.13400 1152261957 188.365266    34.3787       7273         10  0.000e+00
    153.547     0.8681   2.937885     0.8684   2.937760    5.53818    -0.0857    13.8155 0.0000e+00  -61.09550  -58.13400 1152261957 188.365267    34.3792       7274         10  0.000e+00
    153.556     0.8680   2.937851     0.8684   2.937742    5.53822    -0.0964    13.8155 0.0000e+00  -61.09550  -58.13400 1152261957 188.365267    34.3789       7275         10  0.000e+00
    153.480     0.8684   2.937868     0.8680   2.937736    5.53811    -0.1072    13.8155 0.0000e+00  -61.09550  -58.13400 1152261957 188.365268    34.3787       7276         10  0.000e+00
    153.480     0.8680   2.937828     0.8680   2.937730    5.53818    -0.0857    13.8155 0.0000e+00  -61.09550  -58.13400 1152261957 188.365268    34.3787       7277         10  0.000e+00
    153.480     0.8681   2.937828     0.8686   2.937748    5.53816    -0.0857    13.8155 0.0000e+00  -61.09550  -58.13400 1152261957 188.365269    34.3785       7278         10  0.000e+00
    153.480     0.8675   2.937834     0.8681   2.937742    5.53366    -0.0749    13.8155 0.0000e+00  -61.09550  -58.13400 1152261958 188.365269    34.3793       7279         10  0.000e+00
    153.413     0.8680   2.937834     0.8681   2.937713    5.53812    -0.0749    13.8155 0.0000e+00  -61.09550  -58.13400 1152261958 188.365270    34.3788       7280         10  0.000e+00
    153.403     0.8681   2.937868     0.8681   2.937724    5.53352    -0.0534    13.8155 0.0000e+00  -61.09550  -58.13400 1152261958 188.365270    34.3791       7281         10  0.000e+00
    153.403     0.8676   2.937845     0.8681   2.937689    5.53815    -0.0534    13.8155 0.0000e+00  -61.09550  -58.13400 1152261958 188.365271    34.3793       7282         10  0.000e+00
    153.403     0.8676   2.937834     0.8681   2.937695    5.53815    -0.0534    13.8155 0.0000e+00  -61.09550  -58.13400 1152261958 188.365271    34.3792       7283         10  0.000e+00
    153.346     0.8675   2.937851     0.8680   2.937683    5.53811    -0.0857    13.8155 0.0000e+00  -61.09550  -58.13400 1152261958 188.365272    34.3796       7284         10  0.000e+00
    153.336     0.8673   2.937821     0.8677   2.937695    5.53814    -0.0964    13.8155 0.0000e+00  -61.09550  -58.13400 1152261958 188.365272    34.3794       7285         10  0.000e+00
    153.336     0.8678   2.937811     0.8681   2.937707    5.53353    -0.0642    13.8155 0.0000e+00  -61.09550  -58.13400 1152261958 188.365272    34.3787       7286         10  0.000e+00
    153.336     0.8678   2.937811     0.8677   2.937707    5.53353    -0.0319    13.8155 0.0000e+00  -61.09550  -58.13400 1152261958 188.365273    34.3787       7287         10  0.000e+00
    152.983     0.8661   2.937648     0.8672   2.937647    5.54265    -0.0319    13.8155 0.0000e+00  -61.09550  -58.13400 1152261963 188.365330    34.3787       7405         11  0.000e+00
    153.059     0.8659   2.937628     0.8669   2.937630    5.54274    -0.0426    13.8155 0.0000e+00  -61.09550  -58.13400 1152261963 188.365330    34.3786       7406         11  0.000e+00
    153.202     0.8656   2.937659     0.8667   2.937642    5.54287    -0.0534    13.8155 0.0000e+00  -61.09550  -58.13400 1152261963 188.365331    34.3792       7407         11  0.000e+00
    152.983     0.8659   2.937689     0.8674   2.937630    5.54266    -0.0534    13.8155 0.0000e+00  -61.09550  -58.13400 1152261963 188.365331    34.3795       7408         11  0.000e+00
    153.059     0.8658   2.937676     0.8670   2.937642    5.54273    -0.0964    13.8155 0.0000e+00  -61.09550  -58.13400 1152261963 188.365332    34.3794       7409         11  0.000e+00
    153.059     0.8656   2.937672     0.8667   2.937630    5.54275    -0.0964    13.8155 0.0000e+00  -61.09550  -58.13400 1152261963 188.365332    34.3795       7410         11  0.000e+00
    153.059     0.8654   2.937672     0.8669   2.937600    5.54277    -0.0534    13.8155 0.0000e+00  -61.09550  -58.13400 1152261963 188.365333    34.3797       7411         11  0.000e+00
    153.202     0.8653   2.937618     0.8667   2.937630    5.54292    -0.0211    13.8155 0.0000e+00  -61.09550  -58.13400 1152261963 188.365333    34.3791       7412         11  0.000e+00
    153.059     0.8654   2.937635     0.8670   2.937630    5.54279     0.0004    13.8155 0.0000e+00  -61.09550  -58.13400 1152261963 188.365334    34.3792       7413         11  0.000e+00
    153.126     0.8651   2.937649     0.8672   2.937624    5.54287    -0.0319    13.8155 0.0000e+00  -61.09550  -58.13400 1152261963 188.365334    34.3797       7414         11  0.000e+00
    153.126     0.8654   2.937649     0.8667   2.937624    5.53827    -0.0534    13.8155 0.0000e+00  -61.09550  -58.13400 1152261963 188.365335    34.3794       7415         11  0.000e+00
    153.135     0.8651   2.937608     0.8669   2.937600    5.54289    -0.0642    13.8155 0.0000e+00  -61.09550  -58.13400 1152261963 188.365335    34.3792       7416         11  0.000e+00
    153.193     0.8653   2.937635     0.8666   2.937612    5.54291    -0.0749    13.8155 0.0000e+00  -61.09550  -58.13400 1152261963 188.365336    34.3793       7417         11  0.000e+00
    153.126     0.8653   2.937628     0.8672   2.937624    5.54286    -0.0642    13.8155 0.0000e+00  -61.09550  -58.13400 1152261963 188.365336    34.3792       7418         11  0.000e+00
    153.126     0.8651   2.937625     0.8670   2.937600    5.54289    -0.0426    13.8155 0.0000e+00  -61.09550  -58.13400 1152261963 188.365337    34.3794       7419         11  0.000e+00
    153.193     0.8653   2.937642     0.8672   2.937612    5.54290    -0.0534    13.8155 0.0000e+00  -61.09550  -58.13400 1152261963 188.365337    34.3794       7420         11  0.000e+00
    153.202     0.8648   2.937665     0.8669   2.937624    5.54295    -0.0642    13.8155 0.0000e+00  -61.09550  -58.13400 1152261963 188.365338    34.3802       7421         11  0.000e+00
    153.193     0.8658   2.937618     0.8669   2.937642    5.53830    -0.0964    13.8155 0.0000e+00  -61.09550  -58.13400 1152261963 188.365338    34.3786       7422         11  0.000e+00
    153.193     0.8654   2.937635     0.8670   2.937647    5.54289    -0.0749    13.8155 0.0000e+00  -61.09550  -58.13400 1152261964 188.365339    34.3792       7423         11  0.000e+00
    153.193     0.8654   2.937628     0.8672   2.937647    5.54289    -0.0642    13.8155 0.0000e+00  -61.09550  -58.13400 1152261964 188.365339    34.3790       7424         11  0.000e+00
