product_data/regression_test/downloaded_data/MDGS/320620060703/ctd/p6607803.cnv
* Sea-Bird SBE 9 Data File:
* FileName = D:\Data\Raw\P6607803.dat
* Software Version Seasave Win32 V 5.32
* Temperature SN = 1649
* Conductivity SN = 1431
* Number of Bytes Per Scan = 37
* Number of Voltage Words = 5
* Number of Scans Averaged by the Deck Unit = 1
* NMEA Latitude = 62 18.67 S
* NMEA Longitude = 058 03.91 W
* NMEA UTC (Time) = 00:15:32
** Ship:   Nathaniel B. Palmer 
** Cruise:    NBP0603 
** Cast #: 
** Station:   
** Operator: 
# nquan = 15
# nvalues = 1397                        
# units = specified
# name 0 = prDM: Pressure, Digiquartz [db]
# name 1 = t090C: Temperature [ITS-90, deg C]
# name 2 = c0S/m: Conductivity [S/m]
# name 3 = t190C: Temperature, 2 [ITS-90, deg C]
# name 4 = c1S/m: Conductivity, 2 [S/m]
# name 5 = sbeox0ML/L: Oxygen, SBE 43 [ml/l]
# name 6 = flECO-AFL: Fluorescence, Wetlab ECO-AFL/FL [mg/m^3]
# name 7 = bat: Beam Attenuation, Chelsea/Seatech/Wetlab CStar [1/m]
# name 8 = spar: SPAR/Surface Irradiance
# name 9 = latitude: Latitude [deg]
# name 10 = longitude: Longitude [deg]
# name 11 = timeY: Time, System [seconds]
# name 12 = timeJ: Julian Days
# name 13 = sal00: Salinity [PSU]
# name 14 = flag: flag
# span 0 =      1.000,   1397.000       
# span 1 =    -1.7966,    -0.3856       
# span 2 =   2.700100,   2.849091       
# span 3 =    -1.7939,    -0.3836       
# span 4 =   2.700400,   2.848482       
# span 5 =    6.27278,    7.93631       
# span 6 =    -0.1510,     0.2116       
# span 7 =    13.8155,    13.8155       
# span 8 = -2.619e-02, 1.8287e+00       
# span 9 =  -62.31117,  -62.31117       
# span 10 =  -58.06517,  -58.06517      
# span 11 = 1152404137, 1152406031      
# span 12 = 190.010849, 190.032792      
# span 13 =    34.1714,    34.5444      
# span 14 = 0.0000e+00, 0.0000e+00      
# interval = decibars: 1                
# start_time = Jul 09 2006 00:15:40
# bad_flag = -9.990e-29
*END*
      1.000    -1.6749   2.701534    -1.6735   2.701885    7.90775     0.1188    13.8155 0.0000e+00  -62.31117  -58.06517 1152404137 190.010849    34.1732 0.0000e+00
      2.000    -1.6737   2.701667    -1.6730   2.701974    7.90522     0.1370    13.8155 0.0000e+00  -62.31117  -58.06517 1152404147 190.010991    34.1730 0.0000e+00
      3.000    -1.6734   2.701733    -1.6721   2.702072    7.90873     0.1312    13.8155 0.0000e+00  -62.31117  -58.06517 1152404156 190.011090    34.1729 0.0000e+00
      4.000    -1.6707   2.701998    -1.6699   2.702271    7.90606     0.1502    13.8155 0.0000e+00  -62.31117  -58.06517 1152404164 190.011185    34.1727 0.0000e+00
      5.000    -1.6363   2.705015    -1.6193   2.706555    7.90757     0.1418    13.8155 0.0000e+00  -62.31117  -58.06517 1152404171 190.011261    34.1732 0.0000e+00
      6.000    -1.6584   2.703032    -1.6589   2.703334    7.91177     0.1497    13.8155 0.0000e+00  -62.31117  -58.06517 1152404178 190.011341    34.1722 0.0000e+00
      7.000    -1.6754   2.701682    -1.6741   2.702030    7.91314     0.1462    13.8155 0.0000e+00  -62.31117  -58.06517 1152404184 190.011410    34.1725 0.0000e+00
      8.000    -1.6829   2.701064    -1.6824   2.701356    7.91263     0.1431    13.8155 0.0000e+00  -62.31117  -58.06517 1152404190 190.011487    34.1717 0.0000e+00
      9.000    -1.6846   2.700957    -1.6840   2.701246    7.91675     0.1423    13.8155 0.0000e+00  -62.31117  -58.06517 1152404196 190.011552    34.1714 0.0000e+00
     10.000    -1.6862   2.700883    -1.6856   2.701186    7.91916     0.1337    13.8155 0.0000e+00  -62.31117  -58.06517 1152404200 190.011603    34.1715 0.0000e+00
     11.000    -1.6869   2.700913    -1.6860   2.701214    7.91852     0.1389    13.8155 0.0000e+00  -62.31117  -58.06517 1152404204 190.011641    34.1721 0.0000e+00
     12.000    -1.6912   2.700849    -1.6902   2.701161    7.91031     0.1265    13.8155 0.0000e+00  -62.31117  -58.06517 1152404207 190.011675    34.1756 0.0000e+00
     13.000    -1.6998   2.700598    -1.6982   2.700934    7.90296     0.1191    13.8155 0.0000e+00  -62.31117  -58.06517 1152404208 190.011694    34.1815 0.0000e+00
     14.000    -1.7046   2.700401    -1.7048   2.700668    7.89806     0.1286    13.8155 0.0000e+00  -62.31117  -58.06517 1152404210 190.011716    34.1838 0.0000e+00
     15.000    -1.7068   2.700339    -1.7057   2.700662    7.89596     0.1275    13.8155 0.0000e+00  -62.31117  -58.06517 1152404213 190.011749    34.1847 0.0000e+00
     16.000    -1.7113   2.700167    -1.7109   2.700468    7.89706     0.1249    13.8155 0.0000e+00  -62.31117  -58.06517 1152404215 190.011772    34.1869 0.0000e+00
     17.000    -1.7137   2.700100    -1.7130   2.700400    7.89553     0.1414    13.8155 0.0000e+00  -62.31117  -58.06517 1152404217 190.011796    34.1880 0.0000e+00
     18.000    -1.7138   2.700147    -1.7129   2.700454    7.89051     0.1340    13.8155 0.0000e+00  -62.31117  -58.06517 1152404220 190.011828    34.1880 0.0000e+00
     19.000    -1.7136   2.700206    -1.7130   2.700508    7.88888     0.1240    13.8155 0.0000e+00  -62.31117  -58.06517 1152404221 190.011846    34.1879 0.0000e+00
     20.000    -1.7141   2.700222    -1.7135   2.700527    7.88687     0.1299    13.8155 0.0000e+00  -62.31117  -58.06517 1152404223 190.011865    34.1881 0.0000e+00
     21.000    -1.7146   2.700260    -1.7139   2.700552    7.89290     0.1275    13.8155 0.0000e+00  -62.31117  -58.06517 1152404228 190.011900    34.1885 0.0000e+00
     22.000    -1.7149   2.700292    -1.7140   2.700598    7.89557     0.1235    13.8155 0.0000e+00  -62.31117  -58.06517 1152404229 190.011921    34.1886 0.0000e+00
     23.000    -1.7152   2.700329    -1.7143   2.700631    7.89667     0.1270    13.8155 0.0000e+00  -62.31117  -58.06517 1152404229 190.011938    34.1888 0.0000e+00
     24.000    -1.7171   2.700290    -1.7163   2.700586    7.89811     0.1219    13.8155 0.0000e+00  -62.31117  -58.06517 1152404231 190.011960    34.1898 0.0000e+00
     25.000    -1.7172   2.700331    -1.7159   2.700663    7.89803     0.1293    13.8155 0.0000e+00  -62.31117  -58.06517 1152404233 190.011979    34.1899 0.0000e+00
     26.000    -1.7173   2.700374    -1.7169   2.700666    7.89938     0.1028    13.8155 0.0000e+00  -62.31117  -58.06517 1152404234 190.011993    34.1900 0.0000e+00
     27.000    -1.7177   2.700424    -1.7169   2.700721    7.90111     0.1322    13.8155 0.0000e+00  -62.31117  -58.06517 1152404235 190.012006    34.1904 0.0000e+00
     28.000    -1.7170   2.700539    -1.7162   2.700849    7.90182     0.1434    13.8155 0.0000e+00  -62.31117  -58.06517 1152404236 190.012021    34.1905 0.0000e+00
     29.000    -1.7170   2.700581    -1.7162   2.700889    7.90255     0.1222    13.8155 0.0000e+00  -62.31117  -58.06517 1152404238 190.012037    34.1905 0.0000e+00
     30.000    -1.7167   2.700641    -1.7162   2.700931    7.90364     0.1247    13.8155 0.0000e+00  -62.31117  -58.06517 1152404239 190.012056    34.1904 0.0000e+00
     31.000    -1.7164   2.700709    -1.7157   2.701008    7.90232     0.1267    13.8155 0.0000e+00  -62.31117  -58.06517 1152404241 190.012073    34.1903 0.0000e+00
     32.000    -1.7164   2.700767    -1.7157   2.701064    7.90164     0.1279    13.8155 0.0000e+00  -62.31117  -58.06517 1152404242 190.012087    34.1905 0.0000e+00
     33.000    -1.7165   2.700796    -1.7161   2.701079    7.90183     0.1207    13.8155 0.0000e+00  -62.31117  -58.06517 1152404243 190.012100    34.1903 0.0000e+00
     34.000    -1.7169   2.700813    -1.7164   2.701115    7.90388     0.1233    13.8155 0.0000e+00  -62.31117  -58.06517 1152404244 190.012114    34.1904 0.0000e+00
     35.000    -1.7178   2.700807    -1.7172   2.701110    7.90556     0.1239    13.8155 0.0000e+00  -62.31117  -58.06517 1152404246 190.012129    34.1907 0.0000e+00
     36.000    -1.7175   2.700880    -1.7165   2.701199    7.90707     0.1372    13.8155 0.0000e+00  -62.31117  -58.06517 1152404247 190.012146    34.1907 0.0000e+00
     37.000    -1.7178   2.700933    -1.7170   2.701216    7.90787     0.1186    13.8155 0.0000e+00  -62.31117  -58.06517 1152404249 190.012161    34.1911 0.0000e+00
     38.000    -1.7202   2.700894    -1.7164   2.701204    7.90821     0.1143    13.8155 0.0000e+00  -62.31117  -58.06517 1152404250 190.012175    34.1928 0.0000e+00
     39.000    -1.7197   2.700959    -1.7157   2.701197    7.90681     0.1142    13.8155 0.0000e+00  -62.31117  -58.06517 1152404251 190.012189    34.1926 0.0000e+00
     40.000    -1.7201   2.700992    -1.7170   2.701185    7.90620     0.1279    13.8155 0.0000e+00  -62.31117  -58.06517 1152404252 190.012204    34.1925 0.0000e+00
     41.000    -1.7198   2.701041    -1.7160   2.701256    7.90471     0.1358    13.8155 0.0000e+00  -62.31117  -58.06517 1152404254 190.012220    34.1924 0.0000e+00
     42.000    -1.7194   2.701101    -1.7160   2.701302    7.90413     0.1324    13.8155 0.0000e+00  -62.31117  -58.06517 1152404255 190.012236    34.1921 0.0000e+00
     43.000    -1.7190   2.701169    -1.7159   2.701392    7.90206     0.1252    13.8155 0.0000e+00  -62.31117  -58.06517 1152404256 190.012251    34.1920 0.0000e+00
     44.000    -1.7194   2.701222    -1.7164   2.701471    7.90230     0.1244    13.8155 0.0000e+00  -62.31117  -58.06517 1152404257 190.012265    34.1926 0.0000e+00
     45.000    -1.7234   2.701164    -1.7203   2.701439    7.90576     0.1248    13.8155 0.0000e+00  -62.31117  -58.06517 1152404259 190.012279    34.1959 0.0000e+00
     46.000    -1.7241   2.701171    -1.7205   2.701456    7.90949     0.1399    13.8155 0.0000e+00  -62.31117  -58.06517 1152404260 190.012295    34.1962 0.0000e+00
     47.000    -1.7247   2.701180    -1.7210   2.701445    7.90932     0.1125    13.8155 0.0000e+00  -62.31117  -58.06517 1152404261 190.012311    34.1963 0.0000e+00
     48.000    -1.7250   2.701231    -1.7218   2.701485    7.90744     0.1197    13.8155 0.0000e+00  -62.31117  -58.06517 1152404263 190.012325    34.1967 0.0000e+00
     49.000    -1.7256   2.701201    -1.7223   2.701496    7.90943     0.1341    13.8155 0.0000e+00  -62.31117  -58.06517 1152404264 190.012338    34.1964 0.0000e+00
     50.000    -1.7279   2.701107    -1.7255   2.701372    7.91264     0.1280    13.8155 0.0000e+00  -62.31117  -58.06517 1152404265 190.012353    34.1970 0.0000e+00
     51.000    -1.7298   2.701029    -1.7267   2.701306    7.91549     0.1054    13.8155 0.0000e+00  -62.31117  -58.06517 1152404266 190.012369    34.1975 0.0000e+00
     52.000    -1.7296   2.701101    -1.7263   2.701397    7.91536     0.1128    13.8155 0.0000e+00  -62.31117  -58.06517 1152404268 190.012386    34.1977 0.0000e+00
     53.000    -1.7284   2.701261    -1.7253   2.701542    7.91331     0.1240    13.8155 0.0000e+00  -62.31117  -58.06517 1152404269 190.012402    34.1978 0.0000e+00
     54.000    -1.7284   2.701317    -1.7252   2.701610    7.91627     0.1174    13.8155 0.0000e+00  -62.31117  -58.06517 1152404270 190.012416    34.1979 0.0000e+00
     55.000    -1.7284   2.701359    -1.7253   2.701672    7.91791     0.1146    13.8155 0.0000e+00  -62.31117  -58.06517 1152404272 190.012429    34.1979 0.0000e+00
     56.000    -1.7289   2.701367    -1.7255   2.701721    7.91913     0.1147    13.8155 0.0000e+00  -62.31117  -58.06517 1152404273 190.012443    34.1979 0.0000e+00
     57.000    -1.7298   2.701324    -1.7265   2.701742    7.92065     0.1178    13.8155 0.0000e+00  -62.31117  -58.06517 1152404274 190.012457    34.1977 0.0000e+00
     58.000    -1.7313   2.701251    -1.7284   2.701665    7.92239     0.1237    13.8155 0.0000e+00  -62.31117  -58.06517 1152404275 190.012472    34.1978 0.0000e+00
     59.000    -1.7313   2.701296    -1.7286   2.701664    7.92435     0.1130    13.8155 0.0000e+00  -62.31117  -58.06517 1152404277 190.012489    34.1978 0.0000e+00
     60.000    -1.7313   2.701343    -1.7286   2.701714    7.92531     0.1196    13.8155 0.0000e+00  -62.31117  -58.06517 1152404278 190.012505    34.1978 0.0000e+00
     61.000    -1.7314   2.701397    -1.7287   2.701754    7.92620     0.1090    13.8155 0.0000e+00  -62.31117  -58.06517 1152404279 190.012519    34.1980 0.0000e+00
     62.000    -1.7315   2.701453    -1.7287   2.701813    7.92738     0.1181    13.8155 0.0000e+00  -62.31117  -58.06517 1152404281 190.012533    34.1982 0.0000e+00
     63.000    -1.7315   2.701497    -1.7286   2.701850    7.92771     0.1167    13.8155 0.0000e+00  -62.31117  -58.06517 1152404282 190.012547    34.1981 0.0000e+00
     64.000    -1.7314   2.701541    -1.7287   2.701895    7.92487     0.1306    13.8155 0.0000e+00  -62.31117  -58.06517 1152404283 190.012564    34.1980 0.0000e+00
     65.000    -1.7316   2.701593    -1.7288   2.701950    7.92609     0.1129    13.8155 0.0000e+00  -62.31117  -58.06517 1152404285 190.012580    34.1983 0.0000e+00
     66.000    -1.7318   2.701632    -1.7292   2.701988    7.92673     0.1148    13.8155 0.0000e+00  -62.31117  -58.06517 1152404286 190.012593    34.1985 0.0000e+00
     67.000    -1.7319   2.701671    -1.7292   2.702036    7.92717     0.1293    13.8155 0.0000e+00  -62.31117  -58.06517 1152404287 190.012605    34.1985 0.0000e+00
     68.000    -1.7320   2.701703    -1.7292   2.702062    7.92907     0.1247    13.8155 0.0000e+00  -62.31117  -58.06517 1152404288 190.012619    34.1984 0.0000e+00
     69.000    -1.7319   2.701758    -1.7291   2.702064    7.93442     0.1417    13.8155 0.0000e+00  -62.31117  -58.06517 1152404290 190.012638    34.1984 0.0000e+00
     70.000    -1.7319   2.701810    -1.7291   2.702127    7.93604     0.1138    13.8155 0.0000e+00  -62.31117  -58.06517 1152404291 190.012656    34.1985 0.0000e+00
     71.000    -1.7317   2.701854    -1.7292   2.702186    7.93631     0.1187    13.8155 0.0000e+00  -62.31117  -58.06517 1152404292 190.012668    34.1983 0.0000e+00
     72.000    -1.7319   2.701897    -1.7291   2.702225    7.93470     0.1238    13.8155 0.0000e+00  -62.31117  -58.06517 1152404293 190.012679    34.1984 0.0000e+00
     73.000    -1.7315   2.701953    -1.7288   2.702278    7.93375     0.1270    13.8155 0.0000e+00  -62.31117  -58.06517 1152404294 190.012692    34.1981 0.0000e+00
     74.000    -1.7314   2.701994    -1.7288   2.702275    7.93473     0.1398    13.8155 0.0000e+00  -62.31117  -58.06517 1152404296 190.012711    34.1979 0.0000e+00
     75.000    -1.7320   2.702037    -1.7291   2.702313    7.93629     0.1310    13.8155 0.0000e+00  -62.31117  -58.06517 1152404298 190.012732    34.1986 0.0000e+00
     76.000    -1.7323   2.702095    -1.7296   2.702369    7.93538     0.1186    13.8155 0.0000e+00  -62.31117  -58.06517 1152404299 190.012747    34.1991 0.0000e+00
     77.000    -1.7303   2.702457    -1.7281   2.702554    7.93205     0.1258    13.8155 0.0000e+00  -62.31117  -58.06517 1152404300 190.012758    34.2012 0.0000e+00
     78.000    -1.7307   2.702448    -1.7277   2.702758    7.92912     0.1337    13.8155 0.0000e+00  -62.31117  -58.06517 1152404301 190.012768    34.2009 0.0000e+00
     79.000    -1.7310   2.702484    -1.7277   2.702829    7.92587     0.1105    13.8155 0.0000e+00  -62.31117  -58.06517 1152404302 190.012778    34.2011 0.0000e+00
     80.000    -1.7292   2.702827    -1.7268   2.703008    7.92226     0.1272    13.8155 0.0000e+00  -62.31117  -58.06517 1152404303 190.012792    34.2032 0.0000e+00
     81.000    -1.7286   2.702975    -1.7259   2.703256    7.91325     0.1345    13.8155 0.0000e+00  -62.31117  -58.06517 1152404305 190.012817    34.2038 0.0000e+00
     82.000    -1.7285   2.703058    -1.7257   2.703348    7.90883     0.1328    13.8155 0.0000e+00  -62.31117  -58.06517 1152404307 190.012837    34.2042 0.0000e+00
     83.000    -1.7275   2.703293    -1.7248   2.703519    7.90658     0.1221    13.8155 0.0000e+00  -62.31117  -58.06517 1152404308 190.012849    34.2058 0.0000e+00
     84.000    -1.7271   2.703391    -1.7246   2.703661    7.90422     0.1223    13.8155 0.0000e+00  -62.31117  -58.06517 1152404309 190.012861    34.2059 0.0000e+00
     85.000    -1.7273   2.703425    -1.7245   2.703733    7.90250     0.1161    13.8155 0.0000e+00  -62.31117  -58.06517 1152404310 190.012874    34.2060 0.0000e+00
     86.000    -1.7271   2.703489    -1.7245   2.703782    7.89793     0.1296    13.8155 0.0000e+00  -62.31117  -58.06517 1152404311 190.012889    34.2061 0.0000e+00
     87.000    -1.7256   2.703749    -1.7231   2.703944    7.89515     0.1225    13.8155 0.0000e+00  -62.31117  -58.06517 1152404313 190.012903    34.2071 0.0000e+00
     88.000    -1.7237   2.704027    -1.7213   2.704142    7.89334     0.1208    13.8155 0.0000e+00  -62.31117  -58.06517 1152404314 190.012915    34.2083 0.0000e+00
     89.000    -1.7230   2.704133    -1.7203   2.704365    7.89155     0.1235    13.8155 0.0000e+00  -62.31117  -58.06517 1152404315 190.012931    34.2083 0.0000e+00
     90.000    -1.7222   2.704269    -1.7194   2.704518    7.88959     0.1324    13.8155 0.0000e+00  -62.31117  -58.06517 1152404317 190.012954    34.2087 0.0000e+00
     91.000    -1.7195   2.704654    -1.7161   2.704895    7.87970     0.1181    13.8155 0.0000e+00  -62.31117  -58.06517 1152404318 190.012972    34.2103 0.0000e+00
     92.000    -1.7134   2.705494    -1.7115   2.705358    7.87022     0.1201    13.8155 0.0000e+00  -62.31117  -58.06517 1152404319 190.012982    34.2141 0.0000e+00
     93.000    -1.7121   2.705734    -1.7095   2.705840    7.86162     0.1143    13.8155 0.0000e+00  -62.31117  -58.06517 1152404320 190.012992    34.2153 0.0000e+00
     94.000    -1.7106   2.705947    -1.7079   2.706102    7.85667     0.1076    13.8155 0.0000e+00  -62.31117  -58.06517 1152404321 190.013002    34.2159 0.0000e+00
     95.000    -1.7064   2.706523    -1.7035   2.706644    7.84384     0.1255    13.8155 0.0000e+00  -62.31117  -58.06517 1152404323 190.013018    34.2183 0.0000e+00
     96.000    -1.6933   2.708212    -1.6896   2.708279    7.82003     0.1186    13.8155 0.0000e+00  -62.31117  -58.06517 1152404325 190.013041    34.2260 0.0000e+00
