product_data/regression_test/downloaded_data/MDGS/320620060703/ctd/p6609003.ros
* Sea-Bird SBE 9 Data File:
* FileName = D:\Data\Raw\P6609003.dat
* Software Version Seasave Win32 V 5.32
* Temperature SN = 1649
* Conductivity SN = 1431
* Number of Bytes Per Scan = 37
* Number of Voltage Words = 5
* Number of Scans Averaged by the Deck Unit = 1
* NMEA Latitude = 61 22.54 S
* NMEA Longitude = 057 54.34 W
* NMEA UTC (Time) = 13:28:01
** Ship:   Nathaniel B. Palmer 
** Cruise:    NBP0603 p0606
** Cast #: 03
** Station:   90
** Operator: rdd
# nquan = 17
# nvalues = 1176                    
# units = specified
# name 0 = prDM: Pressure, Digiquartz [db]
# name 1 = t090C: Temperature [ITS-90, deg C]
# name 2 = c0S/m: Conductivity [S/m]
# name 3 = t190C: Temperature, 2 [ITS-90, deg C]
# name 4 = c1S/m: Conductivity, 2 [S/m]
# name 5 = sbeox0ML/L: Oxygen, SBE 43 [ml/l]
# name 6 = flECO-AFL: Fluorescence, Wetlab ECO-AFL/FL [mg/m^3]
# name 7 = bat: Beam Attenuation, Chelsea/Seatech/Wetlab CStar [1/m]
# name 8 = spar: SPAR/Surface Irradiance
# name 9 = latitude: Latitude [deg]
# name 10 = longitude: Longitude [deg]
# name 11 = timeY: Time, System [seconds]
# name 12 = timeJ: Julian Days
# name 13 = sal00: Salinity [PSU]
# name 14 = scan: scan number
# name 15 = nbf: number of bottles fired
# name 16 = flag:  0.000e+00
# interval = seconds: 0.0416667                   
# start_time = Jul 10 2006 13:28:09
*END*
[from data line 86]
   1000.117     1.2000   3.030883     1.2008   3.031142    4.89269    -0.0964    13.8155 4.6756e+01  -61.37567  -57.90567 1152540698 191.591434    34.7230      62662          2  0.000e+00
   1000.166     1.2001   3.030890     1.2004   3.031148    4.89270    -0.0857    13.8155 4.4807e+01  -61.37567  -57.90567 1152540698 191.591434    34.7229      62663          2  0.000e+00
   1000.088     1.1998   3.030876     1.2006   3.031178    4.89269    -0.0964    13.8155 4.4807e+01  -61.37567  -57.90567 1152540698 191.591435    34.7231      62664          2  0.000e+00
   1000.166     1.1998   3.030886     1.2003   3.031118    4.89274    -0.1395    13.8155 4.4807e+01  -61.37567  -57.90567 1152540698 191.591435    34.7232      62665          2  0.000e+00
   1000.088     1.2003   3.030897     1.2004   3.031142    4.89263    -0.1072    13.8155 4.4807e+01  -61.37567  -57.90567 1152540699 191.591436    34.7229      62666          2  0.000e+00
   1000.088     1.2003   3.030893     1.2008   3.031160    4.89263    -0.0749    13.8155 4.4807e+01  -61.37567  -57.90567 1152540699 191.591436    34.7228      62667          2  0.000e+00
   1000.117     1.1998   3.030897     1.2006   3.031136    4.89270    -0.0534    13.8155 4.4807e+01  -61.37567  -57.90567 1152540699 191.591437    34.7234      62668          2  0.000e+00
   1000.088     1.1995   3.030910     1.2002   3.031148    4.89271    -0.0642    13.8155 4.6756e+01  -61.37567  -57.90567 1152540699 191.591437    34.7239      62669          2  0.000e+00
   1000.166     1.2003   3.030886     1.2006   3.031178    4.89269    -0.0534    13.8155 4.4807e+01  -61.37567  -57.90567 1152540699 191.591438    34.7227      62670          2  0.000e+00
   1000.088     1.2001   3.030907     1.2009   3.031148    4.89265    -0.0534    13.8155 4.4807e+01  -61.37567  -57.90567 1152540699 191.591438    34.7232      62671          2  0.000e+00
   1000.088     1.2005   3.030917     1.2006   3.031154    4.89261    -0.1072    13.8155 4.4807e+01  -61.37567  -57.90567 1152540699 191.591439    34.7230      62672          2  0.000e+00
   1000.088     1.2000   3.030903     1.2004   3.031136    4.89266    -0.1395    13.8155 4.6756e+01  -61.37567  -57.90567 1152540699 191.591439    34.7233      62673          2  0.000e+00
    750.089     1.4388   3.040675     1.4387   3.040938    4.75693    -0.0534    13.8155 5.6496e+01  -61.37567  -57.90567 1152541036 191.595340    34.7232      70763          3  0.000e+00
    750.022     1.4384   3.040654     1.4389   3.040926    4.75692    -0.0964    13.8155 5.6496e+01  -61.37567  -57.90567 1152541036 191.595341    34.7234      70764          3  0.000e+00
    750.022     1.4388   3.040668     1.4389   3.040938    4.75688    -0.1287    13.8155 5.4548e+01  -61.37567  -57.90567 1152541036 191.595341    34.7232      70765          3  0.000e+00
    749.954     1.4388   3.040675     1.4388   3.040950    4.75684    -0.1287    13.8155 5.4548e+01  -61.37567  -57.90567 1152541036 191.595342    34.7233      70766          3  0.000e+00
    750.031     1.4391   3.040692     1.4392   3.040926    4.75685    -0.1395    13.8155 5.4548e+01  -61.37567  -57.90567 1152541036 191.595342    34.7232      70767          3  0.000e+00
    749.954     1.4388   3.040678     1.4389   3.040938    4.75684    -0.1180    13.8155 5.4548e+01  -61.37567  -57.90567 1152541036 191.595343    34.7234      70768          3  0.000e+00
    749.954     1.4383   3.040654     1.4392   3.040926    4.75689    -0.0749    13.8155 5.4548e+01  -61.37567  -57.90567 1152541036 191.595343    34.7236      70769          3  0.000e+00
    749.954     1.4384   3.040668     1.4389   3.040896    4.75687    -0.0964    13.8155 5.4548e+01  -61.37567  -57.90567 1152541036 191.595344    34.7236      70770          3  0.000e+00
    749.954     1.4388   3.040654     1.4386   3.040914    4.75684    -0.0964    13.8155 5.4548e+01  -61.37567  -57.90567 1152541036 191.595344    34.7230      70771          3  0.000e+00
    749.877     1.4386   3.040685     1.4384   3.040944    4.75680    -0.0534    13.8155 5.4548e+01  -61.37567  -57.90567 1152541036 191.595345    34.7237      70772          3  0.000e+00
    749.954     1.4386   3.040678     1.4393   3.040950    4.75685    -0.0534    13.8155 5.4548e+01  -61.37567  -57.90567 1152541036 191.595345    34.7235      70773          3  0.000e+00
    749.877     1.4386   3.040675     1.4386   3.040902    4.75680    -0.0964    13.8155 5.4548e+01  -61.37567  -57.90567 1152541036 191.595346    34.7235      70774          3  0.000e+00
    749.877     1.4384   3.040675     1.4392   3.040908    4.75682    -0.1610    13.8155 5.4548e+01  -61.37567  -57.90567 1152541036 191.595346    34.7237      70775          3  0.000e+00
    749.877     1.4388   3.040654     1.4389   3.040920    4.75679    -0.1718    13.8155 5.4548e+01  -61.37567  -57.90567 1152541037 191.595347    34.7231      70776          3  0.000e+00
    749.810     1.4386   3.040651     1.4392   3.040920    4.75677    -0.0642    13.8155 5.4548e+01  -61.37567  -57.90567 1152541037 191.595347    34.7233      70777          3  0.000e+00
    749.877     1.4388   3.040651     1.4392   3.040920    4.75680    -0.0104    13.8155 5.4548e+01  -61.37567  -57.90567 1152541037 191.595348    34.7231      70778          3  0.000e+00
    749.810     1.4386   3.040668     1.4389   3.040956    4.75676    -0.0534    13.8155 5.4548e+01  -61.37567  -57.90567 1152541037 191.595348    34.7235      70779          3  0.000e+00
    749.810     1.4388   3.040654     1.4390   3.040956    4.75675    -0.0534    13.8155 5.4548e+01  -61.37567  -57.90567 1152541037 191.595349    34.7231      70780          3  0.000e+00
    749.810     1.4383   3.040668     1.4391   3.040926    4.75679    -0.0749    13.8155 5.4548e+01  -61.37567  -57.90567 1152541037 191.595349    34.7238      70781          3  0.000e+00
    749.810     1.4384   3.040654     1.4391   3.040920    4.75678    -0.1180    13.8155 5.4548e+01  -61.37567  -57.90567 1152541037 191.595350    34.7235      70782          3  0.000e+00
    749.810     1.4384   3.040685     1.4392   3.040920    4.75678    -0.1180    13.8155 5.4548e+01  -61.37567  -57.90567 1152541037 191.595350    34.7240      70783          3  0.000e+00
    749.733     1.4386   3.040699     1.4388   3.040920    4.75670    -0.1287    13.8155 5.4548e+01  -61.37567  -57.90567 1152541037 191.595351    34.7239      70784          3  0.000e+00
    749.733     1.4384   3.040661     1.4389   3.040938    4.75673    -0.1180    13.8155 5.4548e+01  -61.37567  -57.90567 1152541037 191.595351    34.7236      70785          3  0.000e+00
    749.752     1.4381   3.040651     1.4389   3.040926    4.75678    -0.1072    13.8155 5.4548e+01  -61.37567  -57.90567 1152541037 191.595352    34.7238      70786          3  0.000e+00
    749.810     1.4386   3.040668     1.4392   3.040920    4.75676    -0.1072    13.8155 5.4548e+01  -61.37567  -57.90567 1152541037 191.595352    34.7235      70787          3  0.000e+00
    749.733     1.4386   3.040654     1.4392   3.040920    4.75672    -0.1180    13.8155 5.4548e+01  -61.37567  -57.90567 1152541037 191.595353    34.7234      70788          3  0.000e+00
    749.666     1.4381   3.040668     1.4394   3.040920    4.75671    -0.1287    13.8155 5.4548e+01  -61.37567  -57.90567 1152541037 191.595353    34.7241      70789          3  0.000e+00
    749.733     1.4386   3.040675     1.4392   3.040962    4.75671    -0.1395    13.8155 5.4548e+01  -61.37567  -57.90567 1152541037 191.595353    34.7236      70790          3  0.000e+00
    749.733     1.4384   3.040692     1.4395   3.040974    4.75672    -0.1072    13.8155 5.4548e+01  -61.37567  -57.90567 1152541037 191.595354    34.7240      70791          3  0.000e+00
    749.666     1.4386   3.040716     1.4397   3.040932    4.75665    -0.0964    13.8155 5.4548e+01  -61.37567  -57.90567 1152541037 191.595354    34.7242      70792          3  0.000e+00
    749.733     1.4386   3.040685     1.4393   3.040938    4.75670    -0.1072    13.8155 5.4548e+01  -61.37567  -57.90567 1152541037 191.595355    34.7237      70793          3  0.000e+00
    749.666     1.4387   3.040709     1.4398   3.040950    4.75664    -0.1180    13.8155 5.4548e+01  -61.37567  -57.90567 1152541037 191.595355    34.7240      70794          3  0.000e+00
    749.666     1.4388   3.040702     1.4394   3.040968    4.75664    -0.0857    13.8155 5.4548e+01  -61.37567  -57.90567 1152541037 191.595356    34.7238      70795          3  0.000e+00
    749.733     1.4391   3.040678     1.4392   3.040956    4.75666    -0.0964    13.8155 5.4548e+01  -61.37567  -57.90567 1152541037 191.595356    34.7231      70796          3  0.000e+00
    749.666     1.4386   3.040709     1.4397   3.040986    4.75665    -0.0749    13.8155 5.4548e+01  -61.37567  -57.90567 1152541037 191.595357    34.7241      70797          3  0.000e+00
    749.666     1.4388   3.040685     1.4396   3.040980    4.75664    -0.1180    13.8155 5.4548e+01  -61.37567  -57.90567 1152541037 191.595357    34.7236      70798          3  0.000e+00
    749.666     1.4389   3.040674     1.4395   3.040974    4.75663    -0.0857    13.8155 5.4548e+01  -61.37567  -57.90567 1152541037 191.595358    34.7233      70799          3  0.000e+00
    749.666     1.4389   3.040692     1.4395   3.040938    4.75663    -0.0534    13.8155 5.4548e+01  -61.37567  -57.90567 1152541037 191.595358    34.7235      70800          3  0.000e+00
    749.733     1.4386   3.040699     1.4395   3.040962    4.75670    -0.0749    13.8155 5.4548e+01  -61.37567  -57.90567 1152541038 191.595359    34.7239      70801          3  0.000e+00
    749.666     1.4386   3.040699     1.4402   3.040974    4.75665    -0.0964    13.8155 5.4548e+01  -61.37567  -57.90567 1152541038 191.595359    34.7240      70802          3  0.000e+00
    749.666     1.4389   3.040678     1.4410   3.041016    4.75663    -0.1180    13.8155 5.4548e+01  -61.37567  -57.90567 1152541038 191.595360    34.7234      70803          3  0.000e+00
    749.675     1.4386   3.040692     1.4411   3.041052    4.75666    -0.0964    13.8155 5.4548e+01  -61.37567  -57.90567 1152541038 191.595360    34.7239      70804          3  0.000e+00
    749.666     1.4384   3.040699     1.4406   3.041064    4.75668    -0.0749    13.8155 5.4548e+01  -61.37567  -57.90567 1152541038 191.595361    34.7242      70805          3  0.000e+00
    749.666     1.4388   3.040678     1.4410   3.041040    4.75664    -0.0749    13.8155 5.4548e+01  -61.37567  -57.90567 1152541038 191.595361    34.7235      70806          3  0.000e+00
    749.666     1.4392   3.040709     1.4419   3.041094    4.75659    -0.1072    13.8155 5.4548e+01  -61.37567  -57.90567 1152541038 191.595362    34.7234      70807          3  0.000e+00
    749.733     1.4395   3.040723     1.4415   3.041118    4.75659    -0.0964    13.8155 5.4548e+01  -61.37567  -57.90567 1152541038 191.595362    34.7232      70808          3  0.000e+00
    749.666     1.4392   3.040723     1.4417   3.041118    4.75658    -0.0642    13.8155 5.4548e+01  -61.37567  -57.90567 1152541038 191.595363    34.7236      70809          3  0.000e+00
    749.666     1.4389   3.040723     1.4413   3.041118    4.75661    -0.0749    13.8155 5.4548e+01  -61.37567  -57.90567 1152541038 191.595363    34.7239      70810          3  0.000e+00
    749.733     1.4395   3.040740     1.4412   3.041052    4.75659    -0.0534    13.8155 5.4548e+01  -61.37567  -57.90567 1152541038 191.595364    34.7234      70811          3  0.000e+00
    751.595     1.4430   3.041066     1.4444   3.041448    4.75734    -0.0534    13.8155 5.4548e+01  -61.37567  -57.90567 1152541043 191.595419    34.7227      70925          4  0.000e+00
    751.450     1.4426   3.041097     1.4446   3.041460    4.75728    -0.0534    13.8155 5.4548e+01  -61.37567  -57.90567 1152541043 191.595419    34.7237      70926          4  0.000e+00
    751.383     1.4425   3.041090     1.4442   3.041436    4.75724    -0.0749    13.8155 5.6496e+01  -61.37567  -57.90567 1152541043 191.595420    34.7236      70927          4  0.000e+00
    751.450     1.4425   3.041104     1.4445   3.041430    4.75728    -0.0534    13.8155 5.6496e+01  -61.37567  -57.90567 1152541043 191.595420    34.7238      70928          4  0.000e+00
    751.383     1.4422   3.041056     1.4442   3.041406    4.75729    -0.0642    13.8155 5.6496e+01  -61.37567  -57.90567 1152541043 191.595421    34.7236      70929          4  0.000e+00
    751.383     1.4424   3.041111     1.4445   3.041442    4.75725    -0.1180    13.8155 5.4548e+01  -61.37567  -57.90567 1152541043 191.595421    34.7241      70930          4  0.000e+00
    751.383     1.4430   3.041114     1.4447   3.041460    4.75718    -0.1287    13.8155 5.6496e+01  -61.37567  -57.90567 1152541043 191.595421    34.7234      70931          4  0.000e+00
    751.383     1.4429   3.041090     1.4445   3.041436    4.75721    -0.1180    13.8155 5.4548e+01  -61.37567  -57.90567 1152541043 191.595422    34.7233      70932          4  0.000e+00
    751.383     1.4429   3.041104     1.4445   3.041406    4.75720    -0.1072    13.8155 5.4548e+01  -61.37567  -57.90567 1152541043 191.595422    34.7235      70933          4  0.000e+00
    751.306     1.4430   3.041128     1.4439   3.041400    4.75712    -0.0964    13.8155 5.4548e+01  -61.37567  -57.90567 1152541043 191.595423    34.7236      70934          4  0.000e+00
    751.383     1.4432   3.041080     1.4438   3.041376    4.75718    -0.1072    13.8155 5.4548e+01  -61.37567  -57.90567 1152541043 191.595423    34.7228      70935          4  0.000e+00
    751.258     1.4432   3.041114     1.4437   3.041352    4.75709    -0.1180    13.8155 5.4548e+01  -61.37567  -57.90567 1152541043 191.595424    34.7233      70936          4  0.000e+00
    751.306     1.4432   3.041114     1.4435   3.041364    4.75712    -0.1180    13.8155 5.4548e+01  -61.37567  -57.90567 1152541043 191.595424    34.7233      70937          4  0.000e+00
    751.306     1.4432   3.041128     1.4437   3.041370    4.75711    -0.0857    13.8155 5.4548e+01  -61.37567  -57.90567 1152541043 191.595425    34.7235      70938          4  0.000e+00
    751.238     1.4435   3.041114     1.4437   3.041370    4.75704    -0.0319    13.8155 5.4548e+01  -61.37567  -57.90567 1152541043 191.595425    34.7230      70939          4  0.000e+00
    751.306     1.4435   3.041090     1.4438   3.041352    4.75710    -0.0534    13.8155 5.6496e+01  -61.37567  -57.90567 1152541043 191.595426    34.7226      70940          4  0.000e+00
    751.171     1.4433   3.041138     1.4436   3.041388    4.75700    -0.0749    13.8155 5.4548e+01  -61.37567  -57.90567 1152541043 191.595426    34.7235      70941          4  0.000e+00
    751.238     1.4438   3.041138     1.4437   3.041400    4.75700    -0.0534    13.8155 5.4548e+01  -61.37567  -57.90567 1152541043 191.595427    34.7229      70942          4  0.000e+00
    751.171     1.4430   3.041114     1.4434   3.041376    4.75704    -0.1072    13.8155 5.4548e+01  -61.37567  -57.90567 1152541043 191.595427    34.7235      70943          4  0.000e+00
    751.238     1.4435   3.041111     1.4440   3.041352    4.75704    -0.1395    13.8155 5.4548e+01  -61.37567  -57.90567 1152541043 191.595428    34.7229      70944          4  0.000e+00
    751.094     1.4432   3.041090     1.4433   3.041364    4.75699    -0.1180    13.8155 5.4548e+01  -61.37567  -57.90567 1152541044 191.595428    34.7231      70945          4  0.000e+00
    751.171     1.4435   3.041087     1.4439   3.041370    4.75701    -0.1180    13.8155 5.4548e+01  -61.37567  -57.90567 1152541044 191.595429    34.7227      70946          4  0.000e+00
    751.094     1.4430   3.041121     1.4437   3.041394    4.75699    -0.1072    13.8155 5.4548e+01  -61.37567  -57.90567 1152541044 191.595429    34.7237      70947          4  0.000e+00
