product_data/regression_test/downloaded_data/MDGS/320620060703/ctd/p6606202.ros
* Sea-Bird SBE 9 Data File:
* FileName = D:\Data\Raw\p6606202.dat
* Software Version Seasave Win32 V 5.32
* Temperature SN = 1649
* Conductivity SN = 1431
* Number of Bytes Per Scan = 37
* Number of Voltage Words = 5
* Number of Scans Averaged by the Deck Unit = 1
* NMEA Latitude = 61 05.98 S
* NMEA Longitude = 058 08.84 W
* NMEA UTC (Time) = 06:55:41
** Ship:   Nathaniel B. Palmer 
** Cruise:    NBP0603 
** Cast #: 
** Station:   
** Operator: 
# nquan = 17
# nvalues = 1176                    
# units = specified
# name 0 = prDM: Pressure, Digiquartz [db]
# name 1 = t090C: Temperature [ITS-90, deg C]
# name 2 = c0S/m: Conductivity [S/m]
# name 3 = t190C: Temperature, 2 [ITS-90, deg C]
# name 4 = c1S/m: Conductivity, 2 [S/m]
# name 5 = sbeox0ML/L: Oxygen, SBE 43 [ml/l]
# name 6 = flECO-AFL: Fluorescence, Wetlab ECO-AFL/FL [mg/m^3]
# name 7 = bat: Beam Attenuation, Chelsea/Seatech/Wetlab CStar [1/m]
# name 8 = spar: SPAR/Surface Irradiance
# name 9 = latitude: Latitude [deg]
# name 10 = longitude: Longitude [deg]
# name 11 = timeY: Time, System [seconds]
# name 12 = timeJ: Julian Days
# name 13 = sal00: Salinity [PSU]
# name 14 = scan: scan number
# name 15 = nbf: number of bottles fired
# name 16 = flag:  0.000e+00
# interval = seconds: 0.0416667                   
# start_time = Jul 07 2006 06:55:49
*END*
[from data line 681]
     49.267    -0.8010   2.757960    -0.8001   2.757935    8.04541     0.0542    13.8155 0.0000e+00  -61.09967  -58.14733 1152255579 188.291450    33.9228       5575         14  0.000e+00
     49.333    -0.8012   2.757953    -0.8001   2.757907    8.04552     0.0542    13.8155 0.0000e+00  -61.09967  -58.14733 1152255580 188.291450    33.9229       5576         14  0.000e+00
     49.190    -0.8009   2.757953    -0.8002   2.757901    8.04531     0.0542    13.8155 0.0000e+00  -61.09967  -58.14733 1152255580 188.291451    33.9226       5577         14  0.000e+00
     49.267    -0.8004   2.757973    -0.8007   2.757924    8.04530     0.0542    13.8155 0.0000e+00  -61.09967  -58.14733 1152255580 188.291451    33.9223       5578         14  0.000e+00
     49.267    -0.8006   2.757930    -0.8004   2.757912    8.04536     0.0327    13.8155 0.0000e+00  -61.09967  -58.14733 1152255580 188.291452    33.9219       5579         14  0.000e+00
     50.251    -0.8007   2.757980    -0.8002   2.757965    8.04645     0.0434    13.8155 0.0000e+00  -61.09967  -58.14733 1152255589 188.291558    33.9222       5799         15  0.000e+00
     50.318    -0.8007   2.757996    -0.8004   2.757941    8.04651     0.0542    13.8155 0.0000e+00  -61.09967  -58.14733 1152255589 188.291558    33.9223       5800         15  0.000e+00
     50.251    -0.8009   2.757983    -0.8001   2.757947    8.04647     0.0650    13.8155 0.0000e+00  -61.09967  -58.14733 1152255589 188.291559    33.9224       5801         15  0.000e+00
     50.251    -0.8010   2.758009    -0.8002   2.757976    8.04648     0.0542    13.8155 0.0000e+00  -61.09967  -58.14733 1152255589 188.291559    33.9229       5802         15  0.000e+00
     50.251    -0.8002   2.757989    -0.8001   2.757965    8.04637     0.0112    13.8155 0.0000e+00  -61.09967  -58.14733 1152255589 188.291560    33.9217       5803         15  0.000e+00
     50.318    -0.8010   2.757980    -0.8007   2.757953    8.04657     0.0219    13.8155 0.0000e+00  -61.09967  -58.14733 1152255589 188.291560    33.9224       5804         15  0.000e+00
     50.251    -0.8010   2.758009    -0.8005   2.757953    8.04648     0.0219    13.8155 0.0000e+00  -61.09967  -58.14733 1152255589 188.291561    33.9229       5805         15  0.000e+00
     50.251    -0.8010   2.758006    -0.8007   2.757953    8.04648     0.0542    13.8155 0.0000e+00  -61.09967  -58.14733 1152255589 188.291561    33.9228       5806         15  0.000e+00
     50.251    -0.8007   2.757996    -0.8002   2.757953    8.04644     0.0542    13.8155 0.0000e+00  -61.09967  -58.14733 1152255589 188.291562    33.9224       5807         15  0.000e+00
     50.175    -0.8012   2.757983    -0.8004   2.757959    8.04644     0.0650    13.8155 0.0000e+00  -61.09967  -58.14733 1152255589 188.291562    33.9228       5808         15  0.000e+00
     50.251    -0.8010   2.757980    -0.7999   2.757913    8.04650     0.0650    13.8155 0.0000e+00  -61.09967  -58.14733 1152255589 188.291563    33.9225       5809         15  0.000e+00
     50.251    -0.8010   2.757960    -0.8008   2.757941    8.04651     0.0542    13.8155 0.0000e+00  -61.09967  -58.14733 1152255589 188.291563    33.9222       5810         15  0.000e+00
     50.175    -0.8002   2.758006    -0.8005   2.757976    8.04627     0.0972    13.8155 0.0000e+00  -61.09967  -58.14733 1152255589 188.291563    33.9220       5811         15  0.000e+00
     50.251    -0.8010   2.757983    -0.8002   2.757982    8.04650     0.0650    13.8155 0.0000e+00  -61.09967  -58.14733 1152255589 188.291564    33.9225       5812         15  0.000e+00
     50.251    -0.8006   2.757976    -0.8005   2.757965    8.04643     0.0542    13.8155 0.0000e+00  -61.09967  -58.14733 1152255589 188.291564    33.9219       5813         15  0.000e+00
     50.251    -0.8009   2.757996    -0.8002   2.757976    8.04646     0.0434    13.8155 0.0000e+00  -61.09967  -58.14733 1152255589 188.291565    33.9225       5814         15  0.000e+00
     50.175    -0.8006   2.758003    -0.8005   2.757959    8.04632     0.0434    13.8155 0.0000e+00  -61.09967  -58.14733 1152255589 188.291565    33.9223       5815         15  0.000e+00
     50.175    -0.8009   2.758003    -0.8002   2.757953    8.04637     0.0865    13.8155 0.0000e+00  -61.09967  -58.14733 1152255590 188.291566    33.9227       5816         15  0.000e+00
     50.251    -0.8009   2.757980    -0.8007   2.757918    8.04647     0.0542    13.8155 0.0000e+00  -61.09967  -58.14733 1152255590 188.291566    33.9223       5817         15  0.000e+00
     50.175    -0.8012   2.757993    -0.8004   2.757941    8.04643     0.0650    13.8155 0.0000e+00  -61.09967  -58.14733 1152255590 188.291567    33.9229       5818         15  0.000e+00
     50.251    -0.8004   2.757983    -0.8004   2.757936    8.04640     0.1080    13.8155 0.0000e+00  -61.09967  -58.14733 1152255590 188.291567    33.9219       5819         15  0.000e+00
     50.175    -0.8010   2.757980    -0.8004   2.757930    8.04641     0.1080    13.8155 0.0000e+00  -61.09967  -58.14733 1152255590 188.291568    33.9225       5820         15  0.000e+00
     50.175    -0.8009   2.757980    -0.8002   2.757930    8.04639     0.0865    13.8155 0.0000e+00  -61.09967  -58.14733 1152255590 188.291568    33.9224       5821         15  0.000e+00
     50.175    -0.8006   2.757989    -0.8004   2.757953    8.04633     0.0757    13.8155 0.0000e+00  -61.09967  -58.14733 1152255590 188.291569    33.9221       5822         15  0.000e+00
     50.175    -0.8013   2.758016    -0.8007   2.757976    8.04644     0.0757    13.8155 0.0000e+00  -61.09967  -58.14733 1152255590 188.291569    33.9234       5823         15  0.000e+00
     50.175    -0.8013   2.758006    -0.8002   2.757982    8.04644     0.0650    13.8155 0.0000e+00  -61.09967  -58.14733 1152255590 188.291570    33.9232       5824         15  0.000e+00
     50.175    -0.8007   2.758003    -0.8005   2.757947    8.04635     0.0757    13.8155 0.0000e+00  -61.09967  -58.14733 1152255590 188.291570    33.9225       5825         15  0.000e+00
     50.175    -0.8010   2.757980    -0.8002   2.757947    8.04641     0.0650    13.8155 0.0000e+00  -61.09967  -58.14733 1152255590 188.291571    33.9225       5826         15  0.000e+00
     50.175    -0.8010   2.757993    -0.8004   2.757936    8.04640     0.0757    13.8155 0.0000e+00  -61.09967  -58.14733 1152255590 188.291571    33.9227       5827         15  0.000e+00
     50.175    -0.8012   2.758003    -0.8004   2.757953    8.04642     0.0650    13.8155 0.0000e+00  -61.09967  -58.14733 1152255590 188.291572    33.9230       5828         15  0.000e+00
     50.175    -0.8013   2.757983    -0.8001   2.757936    8.04646     0.0650    13.8155 0.0000e+00  -61.09967  -58.14733 1152255590 188.291572    33.9229       5829         15  0.000e+00
     50.175    -0.8013   2.757996    -0.8002   2.757947    8.04645     0.0327    13.8155 0.0000e+00  -61.09967  -58.14733 1152255590 188.291573    33.9231       5830         15  0.000e+00
     50.175    -0.8007   2.757996    -0.7999   2.757976    8.04635     0.0650    13.8155 0.0000e+00  -61.09967  -58.14733 1152255590 188.291573    33.9224       5831         15  0.000e+00
     50.108    -0.8009   2.757999    -0.8007   2.757965    8.04630     0.0542    13.8155 0.0000e+00  -61.09967  -58.14733 1152255590 188.291574    33.9227       5832         15  0.000e+00
     50.175    -0.8007   2.757966    -0.8001   2.757959    8.04638     0.0542    13.8155 0.0000e+00  -61.09967  -58.14733 1152255590 188.291574    33.9220       5833         15  0.000e+00
     50.175    -0.8012   2.757989    -0.8005   2.757953    8.04643     0.0542    13.8155 0.0000e+00  -61.09967  -58.14733 1152255590 188.291575    33.9229       5834         15  0.000e+00
     50.175    -0.8012   2.758003    -0.8004   2.757936    8.04642     0.0434    13.8155 0.0000e+00  -61.09967  -58.14733 1152255590 188.291575    33.9230       5835         15  0.000e+00
     50.175    -0.8010   2.757996    -0.8002   2.757953    8.04640     0.0650    13.8155 0.0000e+00  -61.09967  -58.14733 1152255590 188.291576    33.9228       5836         15  0.000e+00
     50.108    -0.8012   2.757966    -0.8005   2.757936    8.04638     0.0865    13.8155 0.0000e+00  -61.09967  -58.14733 1152255590 188.291576    33.9226       5837         15  0.000e+00
     50.175    -0.8010   2.757989    -0.8008   2.757947    8.04641     0.0865    13.8155 0.0000e+00  -61.09967  -58.14733 1152255590 188.291576    33.9227       5838         15  0.000e+00
     50.175    -0.8012   2.758003    -0.8004   2.757941    8.04642     0.0972    13.8155 0.0000e+00  -61.09967  -58.14733 1152255590 188.291577    33.9230       5839         15  0.000e+00
     50.175    -0.8010   2.758003    -0.8002   2.757947    8.04640     0.0542    13.8155 0.0000e+00  -61.09967  -58.14733 1152255591 188.291577    33.9228       5840         15  0.000e+00
     50.108    -0.8015   2.757980    -0.8007   2.757953    8.04641     0.0650    13.8155 0.0000e+00  -61.09967  -58.14733 1152255591 188.291578    33.9231       5841         15  0.000e+00
     50.175    -0.8015   2.757960    -0.8002   2.757976    8.04650     0.0757    13.8155 0.0000e+00  -61.09967  -58.14733 1152255591 188.291578    33.9228       5842         15  0.000e+00
     50.175    -0.8019   2.757937    -0.8002   2.757959    8.04659     0.0757    13.8155 0.0000e+00  -61.09967  -58.14733 1152255591 188.291579    33.9230       5843         15  0.000e+00
     50.175    -0.8012   2.757950    -0.8002   2.757976    8.04646     0.0219    13.8155 0.0000e+00  -61.09967  -58.14733 1152255591 188.291579    33.9223       5844         15  0.000e+00
     50.108    -0.8018   2.757957    -0.8005   2.757982    8.04648     0.0542    13.8155 0.0000e+00  -61.09967  -58.14733 1152255591 188.291580    33.9231       5845         15  0.000e+00
     50.175    -0.8020   2.757966    -0.8008   2.757965    8.04657     0.0757    13.8155 0.0000e+00  -61.09967  -58.14733 1152255591 188.291580    33.9234       5846         15  0.000e+00
     50.175    -0.8010   2.757960    -0.7999   2.757976    8.04643     0.0757    13.8155 0.0000e+00  -61.09967  -58.14733 1152255591 188.291581    33.9223       5847         15  0.000e+00
     50.530    -0.8015   2.757980    -0.8004   2.757965    8.04688     0.0542    13.8155 0.0000e+00  -61.09967  -58.14733 1152255598 188.291661    33.9228       6014         16  0.000e+00
     50.530    -0.8015   2.757976    -0.8007   2.757953    8.04689     0.0112    13.8155 0.0000e+00  -61.09967  -58.14733 1152255598 188.291662    33.9228       6015         16  0.000e+00
     50.530    -0.8015   2.757980    -0.8005   2.757936    8.04688     0.0219    13.8155 0.0000e+00  -61.09967  -58.14733 1152255598 188.291662    33.9228       6016         16  0.000e+00
     50.463    -0.8017   2.757943    -0.8007   2.757953    8.04216     0.0542    13.8155 0.0000e+00  -61.09967  -58.14733 1152255598 188.291663    33.9226       6017         16  0.000e+00
     50.530    -0.8021   2.757934    -0.8010   2.757976    8.04232     0.0219    13.8155 0.0000e+00  -61.09967  -58.14733 1152255598 188.291663    33.9229       6018         16  0.000e+00
     50.530    -0.8021   2.757963    -0.8012   2.757947    8.04229     0.0327    13.8155 0.0000e+00  -61.09967  -58.14733 1152255598 188.291664    33.9233       6019         16  0.000e+00
     50.463    -0.8017   2.757960    -0.8010   2.757930    8.04215     0.0327    13.8155 0.0000e+00  -61.09967  -58.14733 1152255598 188.291664    33.9228       6020         16  0.000e+00
     50.463    -0.8023   2.757957    -0.8013   2.757913    8.04225     0.0112    13.8155 0.0000e+00  -61.09967  -58.14733 1152255598 188.291665    33.9234       6021         16  0.000e+00
     50.463    -0.8021   2.757937    -0.8013   2.757924    8.04224    -0.0211    13.8155 0.0000e+00  -61.09967  -58.14733 1152255598 188.291665    33.9230       6022         16  0.000e+00
     50.463    -0.8019   2.757950    -0.8008   2.757930    8.04690     0.0004    13.8155 0.0000e+00  -61.09967  -58.14733 1152255598 188.291666    33.9230       6023         16  0.000e+00
     50.387    -0.8027   2.757953    -0.8008   2.757913    8.04694     0.0219    13.8155 0.0000e+00  -61.09967  -58.14733 1152255598 188.291666    33.9240       6024         16  0.000e+00
     50.387    -0.8020   2.757937    -0.8013   2.757907    8.04683     0.0004    13.8155 0.0000e+00  -61.09967  -58.14733 1152255598 188.291667    33.9229       6025         16  0.000e+00
     50.463    -0.8023   2.757950    -0.8011   2.757924    8.04696     0.0219    13.8155 0.0000e+00  -61.09967  -58.14733 1152255598 188.291667    33.9233       6026         16  0.000e+00
     50.320    -0.8020   2.757937    -0.8013   2.757913    8.04676     0.0865    13.8155 0.0000e+00  -61.09967  -58.14733 1152255598 188.291668    33.9229       6027         16  0.000e+00
     50.387    -0.8021   2.757934    -0.8012   2.757907    8.04686     0.0757    13.8155 0.0000e+00  -61.09967  -58.14733 1152255598 188.291668    33.9230       6028         16  0.000e+00
     50.387    -0.8023   2.757930    -0.8012   2.757924    8.04688     0.0327    13.8155 0.0000e+00  -61.09967  -58.14733 1152255598 188.291669    33.9231       6029         16  0.000e+00
     50.387    -0.8026   2.757917    -0.8013   2.757889    8.04695     0.0327    13.8155 0.0000e+00  -61.09967  -58.14733 1152255598 188.291669    33.9233       6030         16  0.000e+00
     50.320    -0.8024   2.757943    -0.8018   2.757895    8.04683     0.0542    13.8155 0.0000e+00  -61.09967  -58.14733 1152255598 188.291670    33.9235       6031         16  0.000e+00
     50.320    -0.8029   2.757937    -0.8022   2.757924    8.04691     0.0542    13.8155 0.0000e+00  -61.09967  -58.14733 1152255599 188.291670    33.9240       6032         16  0.000e+00
     50.320    -0.8029   2.757901    -0.8016   2.757913    8.04693     0.0112    13.8155 0.0000e+00  -61.09967  -58.14733 1152255599 188.291671    33.9235       6033         16  0.000e+00
     50.320    -0.8043   2.757871    -0.8021   2.757884    8.04718     0.0757    13.8155 0.0000e+00  -61.09967  -58.14733 1152255599 188.291671    33.9246       6034         16  0.000e+00
     50.320    -0.8055   2.757848    -0.8015   2.757895    8.04269     0.0972    13.8155 0.0000e+00  -61.09967  -58.14733 1152255599 188.291671    33.9257       6035         16  0.000e+00
     50.253    -0.8063   2.757861    -0.8022   2.757884    8.04743     0.0650    13.8155 0.0000e+00  -61.09967  -58.14733 1152255599 188.291672    33.9268       6036         16  0.000e+00
     50.320    -0.8054   2.757848    -0.8016   2.757895    8.04737     0.0434    13.8155 0.0000e+00  -61.09967  -58.14733 1152255599 188.291672    33.9256       6037         16  0.000e+00
     50.320    -0.8054   2.757845    -0.8019   2.757901    8.04737     0.0865    13.8155 0.0000e+00  -61.09967  -58.14733 1152255599 188.291673    33.9255       6038         16  0.000e+00
     50.253    -0.8047   2.757858    -0.8016   2.757866    8.04719     0.0865    13.8155 0.0000e+00  -61.09967  -58.14733 1152255599 188.291673    33.9250       6039         16  0.000e+00
     50.253    -0.8049   2.757865    -0.8015   2.757907    8.04721     0.0972    13.8155 0.0000e+00  -61.09967  -58.14733 1152255599 188.291674    33.9253       6040         16  0.000e+00
     50.320    -0.8047   2.757848    -0.8018   2.757913    8.04727     0.0865    13.8155 0.0000e+00  -61.09967  -58.14733 1152255599 188.291674    33.9248       6041         16  0.000e+00
     50.253    -0.8047   2.757845    -0.8018   2.757884    8.04720     0.0757    13.8155 0.0000e+00  -61.09967  -58.14733 1152255599 188.291675    33.9248       6042         16  0.000e+00
     50.253    -0.8040   2.757861    -0.8021   2.757895    8.04706     0.0865    13.8155 0.0000e+00  -61.09967  -58.14733 1152255599 188.291675    33.9242       6043         16  0.000e+00
