product_data/regression_test/downloaded_data/MDGS/320620060703/ctd/p6607601.cnv
* Sea-Bird SBE 9 Data File:
* FileName = D:\Data\Raw\p6607601.dat
* Software Version Seasave Win32 V 5.32
* Temperature SN = 1649
* Conductivity SN = 1431
* Number of Bytes Per Scan = 37
* Number of Voltage Words = 5
* Number of Scans Averaged by the Deck Unit = 1
* NMEA Latitude = 62 16.73 S
* NMEA Longitude = 058 05.18 W
* NMEA UTC (Time) = 15:51:28
** Ship:   Nathaniel B. Palmer 
** Cruise:    NBP0606 
# nquan = 15
# nvalues = 1420                        
# units = specified
# name 0 = prDM: Pressure, Digiquartz [db]
# name 1 = t090C: Temperature [ITS-90, deg C]
# name 2 = c0S/m: Conductivity [S/m]
# name 3 = t190C: Temperature, 2 [ITS-90, deg C]
# name 4 = c1S/m: Conductivity, 2 [S/m]
# name 5 = sbeox0ML/L: Oxygen, SBE 43 [ml/l]
# name 6 = flECO-AFL: Fluorescence, Wetlab ECO-AFL/FL [mg/m^3]
# name 7 = bat: Beam Attenuation, Chelsea/Seatech/Wetlab CStar [1/m]
# name 8 = spar: SPAR/Surface Irradiance
# name 9 = latitude: Latitude [deg]
# name 10 = longitude: Longitude [deg]
# name 11 = timeY: Time, System [seconds]
# name 12 = timeJ: Julian Days
# name 13 = sal00: Salinity [PSU]
# name 14 = flag: flag
# span 0 =      2.000,   1421.000       
# span 1 =    -1.5458,    -0.2847       
# span 2 =   2.638382,   2.852152       
# span 3 =    -1.5456,    -0.2849       
# span 4 =   2.739116,   2.852047       
# span 5 =    6.29068,    7.57885       
# span 6 =    -0.1476,     0.1305       
# span 7 =    13.8155,    13.8155       
# span 8 = 4.0285e+00, 3.0433e+01       
# span 9 =  -62.27883,  -62.27883       
# span 10 =  -58.08633,  -58.08633      
# span 11 = 1152373904, 1152376336      
# span 12 = 189.660941, 189.689094      
# span 13 =    32.0099,    34.5508      
# span 14 = 0.0000e+00, 0.0000e+00      
# interval = decibars: 1                
# start_time = Jul 08 2006 15:51:36
# bad_flag = -9.990e-29
*END*
[from data line 772]
    774.000    -0.6891   2.845675    -0.6887   2.845625    6.41315    -0.1198    13.8155 1.8553e+01  -62.27883  -58.08633 1152375325 189.677396    34.5416 0.0000e+00
    775.000    -0.6888   2.845738    -0.6885   2.845688    6.41630    -0.1208    13.8155 1.9409e+01  -62.27883  -58.08633 1152375327 189.677418    34.5415 0.0000e+00
    776.000    -0.6899   2.845713    -0.6896   2.845659    6.41374    -0.1199    13.8155 1.7426e+01  -62.27883  -58.08633 1152375329 189.677436    34.5418 0.0000e+00
    777.000    -0.6903   2.845725    -0.6900   2.845668    6.41339    -0.1281    13.8155 1.8632e+01  -62.27883  -58.08633 1152375330 189.677451    34.5419 0.0000e+00
    778.000    -0.6903   2.845762    -0.6901   2.845702    6.41500    -0.1140    13.8155 1.8678e+01  -62.27883  -58.08633 1152375332 189.677471    34.5418 0.0000e+00
    779.000    -0.6900   2.845830    -0.6897   2.845777    6.41393    -0.1233    13.8155 1.8474e+01  -62.27883  -58.08633 1152375334 189.677496    34.5418 0.0000e+00
    780.000    -0.6906   2.845826    -0.6906   2.845749    6.41311    -0.1373    13.8155 1.9355e+01  -62.27883  -58.08633 1152375335 189.677511    34.5418 0.0000e+00
    781.000    -0.6912   2.845827    -0.6912   2.845741    6.41509    -0.1127    13.8155 1.9341e+01  -62.27883  -58.08633 1152375336 189.677522    34.5419 0.0000e+00
    782.000    -0.6910   2.845877    -0.6909   2.845811    6.41601    -0.1257    13.8155 -9.990e-29  -62.27883  -58.08633 1152375337 189.677533    34.5418 0.0000e+00
    783.000    -0.6916   2.845878    -0.6914   2.845820    6.40778    -0.1217    13.8155 1.7935e+01  -62.27883  -58.08633 1152375339 189.677554    34.5419 0.0000e+00
    784.000    -0.6918   2.845885    -0.6911   2.845895    6.37785    -0.1173    13.8155 1.9105e+01  -62.27883  -58.08633 1152375342 189.677590    34.5420 0.0000e+00
    785.000    -0.6920   2.845986    -0.6913   2.845921    6.37156    -0.1148    13.8155 1.9482e+01  -62.27883  -58.08633 1152375343 189.677605    34.5426 0.0000e+00
    786.000    -0.6913   2.846103    -0.6907   2.846036    6.36593    -0.1276    13.8155 1.9481e+01  -62.27883  -58.08633 1152375345 189.677618    34.5428 0.0000e+00
    787.000    -0.6911   2.846175    -0.6905   2.846100    6.36162    -0.1296    13.8155 -9.990e-29  -62.27883  -58.08633 1152375346 189.677633    34.5429 0.0000e+00
    788.000    -0.6912   2.846234    -0.6905   2.846150    6.35363    -0.1252    13.8155 -9.990e-29  -62.27883  -58.08633 1152375347 189.677652    34.5432 0.0000e+00
    789.000    -0.6910   2.846285    -0.6905   2.846200    6.34816    -0.1430    13.8155 -9.990e-29  -62.27883  -58.08633 1152375349 189.677669    34.5431 0.0000e+00
    790.000    -0.6911   2.846330    -0.6905   2.846248    6.34642    -0.1153    13.8155 -9.990e-29  -62.27883  -58.08633 1152375350 189.677683    34.5433 0.0000e+00
    791.000    -0.6910   2.846387    -0.6905   2.846295    6.34481    -0.1185    13.8155 -9.990e-29  -62.27883  -58.08633 1152375352 189.677700    34.5433 0.0000e+00
    792.000    -0.6910   2.846436    -0.6904   2.846345    6.34383    -0.1318    13.8155 -9.990e-29  -62.27883  -58.08633 1152375354 189.677723    34.5433 0.0000e+00
    793.000    -0.6909   2.846490    -0.6904   2.846398    6.34328    -0.1237    13.8155 -9.990e-29  -62.27883  -58.08633 1152375356 189.677746    34.5434 0.0000e+00
    794.000    -0.6909   2.846537    -0.6903   2.846446    6.34011    -0.1125    13.8155 -9.990e-29  -62.27883  -58.08633 1152375357 189.677762    34.5434 0.0000e+00
    795.000    -0.6909   2.846578    -0.6904   2.846491    6.33868    -0.1249    13.8155 -9.990e-29  -62.27883  -58.08633 1152375358 189.677778    34.5433 0.0000e+00
    796.000    -0.6911   2.846614    -0.6906   2.846511    6.33923    -0.1235    13.8155 -9.990e-29  -62.27883  -58.08633 1152375360 189.677793    34.5435 0.0000e+00
    797.000    -0.6911   2.846654    -0.6905   2.846559    6.34146    -0.1231    13.8155 1.8934e+01  -62.27883  -58.08633 1152375361 189.677810    34.5434 0.0000e+00
    798.000    -0.6918   2.846647    -0.6910   2.846568    6.34172    -0.1075    13.8155 1.7604e+01  -62.27883  -58.08633 1152375363 189.677832    34.5436 0.0000e+00
    799.000    -0.6917   2.846699    -0.6911   2.846603    6.34225    -0.1192    13.8155 1.7398e+01  -62.27883  -58.08633 1152375365 189.677850    34.5435 0.0000e+00
    800.000    -0.6917   2.846746    -0.6911   2.846656    6.34487    -0.1280    13.8155 1.7534e+01  -62.27883  -58.08633 1152375366 189.677863    34.5436 0.0000e+00
    801.000    -0.6918   2.846773    -0.6913   2.846685    6.34549    -0.1228    13.8155 1.7533e+01  -62.27883  -58.08633 1152375367 189.677877    34.5435 0.0000e+00
    802.000    -0.6920   2.846793    -0.6913   2.846724    6.34474    -0.1165    13.8155 1.7533e+01  -62.27883  -58.08633 1152375369 189.677906    34.5434 0.0000e+00
    803.000    -0.6921   2.846827    -0.6915   2.846757    6.35930    -0.1146    13.8155 -9.990e-29  -62.27883  -58.08633 1152375372 189.677935    34.5434 0.0000e+00
    804.000    -0.6919   2.846855    -0.6915   2.846813    6.37431    -0.1106    13.8155 -9.990e-29  -62.27883  -58.08633 1152375373 189.677947    34.5430 0.0000e+00
    805.000    -0.6916   2.846928    -0.6913   2.846870    6.38369    -0.1133    13.8155 -9.990e-29  -62.27883  -58.08633 1152375374 189.677957    34.5430 0.0000e+00
    806.000    -0.6915   2.846976    -0.6912   2.846917    6.39204    -0.1234    13.8155 -9.990e-29  -62.27883  -58.08633 1152375375 189.677967    34.5429 0.0000e+00
    807.000    -0.6916   2.847011    -0.6913   2.846949    6.40013    -0.1203    13.8155 -9.990e-29  -62.27883  -58.08633 1152375376 189.677986    34.5429 0.0000e+00
    808.000    -0.6916   2.847067    -0.6912   2.847002    6.40224    -0.1178    13.8155 -9.990e-29  -62.27883  -58.08633 1152375379 189.678021    34.5431 0.0000e+00
    809.000    -0.6915   2.847123    -0.6912   2.847043    6.40050    -0.1300    13.8155 -9.990e-29  -62.27883  -58.08633 1152375381 189.678039    34.5431 0.0000e+00
    810.000    -0.6917   2.847136    -0.6917   2.847064    6.40136    -0.1207    13.8155 -9.990e-29  -62.27883  -58.08633 1152375382 189.678055    34.5429 0.0000e+00
    811.000    -0.6920   2.847152    -0.6922   2.847071    6.40526    -0.1153    13.8155 -9.990e-29  -62.27883  -58.08633 1152375384 189.678071    34.5429 0.0000e+00
    812.000    -0.6924   2.847189    -0.6924   2.847122    6.40427    -0.1318    13.8155 -9.990e-29  -62.27883  -58.08633 1152375385 189.678086    34.5433 0.0000e+00
    813.000    -0.6918   2.847316    -0.6916   2.847252    6.40259    -0.1225    13.8155 1.7440e+01  -62.27883  -58.08633 1152375386 189.678100    34.5438 0.0000e+00
    814.000    -0.6913   2.847405    -0.6912   2.847329    6.39958    -0.1267    13.8155 1.7490e+01  -62.27883  -58.08633 1152375388 189.678118    34.5438 0.0000e+00
    815.000    -0.6911   2.847474    -0.6910   2.847399    6.39699    -0.1286    13.8155 1.6191e+01  -62.27883  -58.08633 1152375390 189.678147    34.5438 0.0000e+00
    816.000    -0.6911   2.847525    -0.6909   2.847448    6.39507    -0.1295    13.8155 -9.990e-29  -62.27883  -58.08633 1152375392 189.678165    34.5439 0.0000e+00
    817.000    -0.6910   2.847574    -0.6909   2.847503    6.39168    -0.1254    13.8155 -9.990e-29  -62.27883  -58.08633 1152375393 189.678178    34.5439 0.0000e+00
    818.000    -0.6909   2.847621    -0.6908   2.847547    6.39162    -0.1369    13.8155 1.5585e+01  -62.27883  -58.08633 1152375394 189.678192    34.5438 0.0000e+00
    819.000    -0.6909   2.847669    -0.6908   2.847598    6.39280    -0.1176    13.8155 1.6333e+01  -62.27883  -58.08633 1152375396 189.678217    34.5439 0.0000e+00
    820.000    -0.6909   2.847721    -0.6907   2.847648    6.39200    -0.1364    13.8155 1.5397e+01  -62.27883  -58.08633 1152375398 189.678240    34.5439 0.0000e+00
    821.000    -0.6908   2.847775    -0.6906   2.847707    6.38917    -0.1346    13.8155 -9.990e-29  -62.27883  -58.08633 1152375400 189.678255    34.5440 0.0000e+00
    822.000    -0.6906   2.847830    -0.6905   2.847752    6.38987    -0.1168    13.8155 -9.990e-29  -62.27883  -58.08633 1152375401 189.678270    34.5439 0.0000e+00
    823.000    -0.6906   2.847870    -0.6905   2.847798    6.39037    -0.1271    13.8155 -9.990e-29  -62.27883  -58.08633 1152375403 189.678292    34.5439 0.0000e+00
    824.000    -0.6906   2.847919    -0.6905   2.847846    6.39172    -0.1278    13.8155 -9.990e-29  -62.27883  -58.08633 1152375405 189.678313    34.5440 0.0000e+00
    825.000    -0.6905   2.847971    -0.6905   2.847898    6.38852    -0.1124    13.8155 -9.990e-29  -62.27883  -58.08633 1152375406 189.678331    34.5440 0.0000e+00
    826.000    -0.6904   2.848037    -0.6903   2.847953    6.38451    -0.1214    13.8155 -9.990e-29  -62.27883  -58.08633 1152375408 189.678353    34.5442 0.0000e+00
    827.000    -0.6904   2.848084    -0.6903   2.848011    6.38419    -0.1169    13.8155 -9.990e-29  -62.27883  -58.08633 1152375410 189.678375    34.5442 0.0000e+00
    828.000    -0.6904   2.848128    -0.6903   2.848062    6.38616    -0.1251    13.8155 -9.990e-29  -62.27883  -58.08633 1152375412 189.678395    34.5442 0.0000e+00
    829.000    -0.6901   2.848216    -0.6899   2.848160    6.38952    -0.1110    13.8155 -9.990e-29  -62.27883  -58.08633 1152375413 189.678414    34.5444 0.0000e+00
    830.000    -0.6898   2.848307    -0.6896   2.848234    6.39151    -0.1206    13.8155 1.5585e+01  -62.27883  -58.08633 1152375415 189.678433    34.5448 0.0000e+00
    831.000    -0.6896   2.848381    -0.6894   2.848296    6.39168    -0.1117    13.8155 1.5585e+01  -62.27883  -58.08633 1152375416 189.678450    34.5449 0.0000e+00
    832.000    -0.6894   2.848452    -0.6891   2.848378    6.38819    -0.1338    13.8155 1.4617e+01  -62.27883  -58.08633 1152375418 189.678466    34.5450 0.0000e+00
    833.000    -0.6893   2.848512    -0.6891   2.848435    6.38420    -0.1375    13.8155 1.3570e+01  -62.27883  -58.08633 1152375419 189.678483    34.5452 0.0000e+00
    834.000    -0.6893   2.848546    -0.6891   2.848475    6.38475    -0.1317    13.8155 1.3637e+01  -62.27883  -58.08633 1152375421 189.678506    34.5450 0.0000e+00
    835.000    -0.6895   2.848581    -0.6893   2.848502    6.38594    -0.1164    13.8155 1.3637e+01  -62.27883  -58.08633 1152375423 189.678528    34.5451 0.0000e+00
    836.000    -0.6892   2.848652    -0.6890   2.848579    6.38659    -0.1271    13.8155 1.3637e+01  -62.27883  -58.08633 1152375424 189.678543    34.5452 0.0000e+00
    837.000    -0.6892   2.848698    -0.6890   2.848628    6.38731    -0.1173    13.8155 1.3637e+01  -62.27883  -58.08633 1152375426 189.678558    34.5452 0.0000e+00
    838.000    -0.6894   2.848728    -0.6892   2.848656    6.38818    -0.1236    13.8155 1.3637e+01  -62.27883  -58.08633 1152375427 189.678574    34.5452 0.0000e+00
    839.000    -0.6892   2.848783    -0.6890   2.848709    6.38911    -0.1254    13.8155 1.4163e+01  -62.27883  -58.08633 1152375429 189.678593    34.5451 0.0000e+00
    840.000    -0.6894   2.848816    -0.6892   2.848742    6.38981    -0.1252    13.8155 1.3936e+01  -62.27883  -58.08633 1152375430 189.678611    34.5452 0.0000e+00
    841.000    -0.6892   2.848875    -0.6890   2.848807    6.39043    -0.1367    13.8155 1.3488e+01  -62.27883  -58.08633 1152375432 189.678626    34.5453 0.0000e+00
    842.000    -0.6890   2.848951    -0.6887   2.848879    6.39109    -0.1243    13.8155 1.4240e+01  -62.27883  -58.08633 1152375433 189.678643    34.5454 0.0000e+00
    843.000    -0.6889   2.849001    -0.6887   2.848937    6.38914    -0.1108    13.8155 1.3467e+01  -62.27883  -58.08633 1152375435 189.678665    34.5454 0.0000e+00
    844.000    -0.6890   2.849035    -0.6889   2.848967    6.38616    -0.1240    13.8155 1.3639e+01  -62.27883  -58.08633 1152375437 189.678686    34.5454 0.0000e+00
    845.000    -0.6888   2.849100    -0.6887   2.849034    6.38783    -0.1328    13.8155 1.3637e+01  -62.27883  -58.08633 1152375438 189.678703    34.5455 0.0000e+00
    846.000    -0.6890   2.849141    -0.6887   2.849073    6.38840    -0.1156    13.8155 1.3637e+01  -62.27883  -58.08633 1152375440 189.678719    34.5456 0.0000e+00
    847.000    -0.6890   2.849183    -0.6889   2.849106    6.39037    -0.1361    13.8155 1.3637e+01  -62.27883  -58.08633 1152375441 189.678734    34.5456 0.0000e+00
    848.000    -0.6891   2.849222    -0.6889   2.849152    6.39061    -0.1199    13.8155 1.3637e+01  -62.27883  -58.08633 1152375442 189.678750    34.5457 0.0000e+00
    849.000    -0.6891   2.849257    -0.6889   2.849193    6.38955    -0.1294    13.8155 1.3601e+01  -62.27883  -58.08633 1152375444 189.678768    34.5455 0.0000e+00
    850.000    -0.6890   2.849308    -0.6889   2.849236    6.38993    -0.1308    13.8155 -9.990e-29  -62.27883  -58.08633 1152375446 189.678788    34.5456 0.0000e+00
    851.000    -0.6889   2.849358    -0.6888   2.849295    6.39069    -0.1254    13.8155 -9.990e-29  -62.27883  -58.08633 1152375447 189.678807    34.5455 0.0000e+00
    852.000    -0.6889   2.849412    -0.6887   2.849340    6.38980    -0.1276    13.8155 -9.990e-29  -62.27883  -58.08633 1152375449 189.678823    34.5456 0.0000e+00
    853.000    -0.6895   2.849425    -0.6893   2.849354    6.39018    -0.1077    13.8155 -9.990e-29  -62.27883  -58.08633 1152375450 189.678840    34.5459 0.0000e+00
    854.000    -0.6899   2.849448    -0.6896   2.849384    6.38847    -0.1259    13.8155 -9.990e-29  -62.27883  -58.08633 1152375452 189.678862    34.5461 0.0000e+00
    855.000    -0.6899   2.849510    -0.6897   2.849441    6.38773    -0.1313    13.8155 -9.990e-29  -62.27883  -58.08633 1152375454 189.678882    34.5463 0.0000e+00
    856.000    -0.6899   2.849569    -0.6896   2.849499    6.38822    -0.1311    13.8155 -9.990e-29  -62.27883  -58.08633 1152375455 189.678897    34.5466 0.0000e+00
    857.000    -0.6898   2.849634    -0.6896   2.849567    6.38856    -0.1248    13.8155 -9.990e-29  -62.27883  -58.08633 1152375456 189.678910    34.5467 0.0000e+00
    858.000    -0.6896   2.849689    -0.6895   2.849614    6.38593    -0.1191    13.8155 -9.990e-29  -62.27883  -58.08633 1152375457 189.678925    34.5467 0.0000e+00
    859.000    -0.6896   2.849726    -0.6894   2.849661    6.38630    -0.1201    13.8155 -9.990e-29  -62.27883  -58.08633 1152375459 189.678946    34.5466 0.0000e+00
    860.000    -0.6896   2.849795    -0.6893   2.849726    6.38579    -0.1112    13.8155 -9.990e-29  -62.27883  -58.08633 1152375461 189.678970    34.5469 0.0000e+00
    861.000    -0.6905   2.849782    -0.6905   2.849702    6.38466    -0.1306    13.8155 -9.990e-29  -62.27883  -58.08633 1152375463 189.678986    34.5472 0.0000e+00
    862.000    -0.6913   2.849771    -0.6910   2.849694    6.38377    -0.1224    13.8155 -9.990e-29  -62.27883  -58.08633 1152375464 189.679001    34.5473 0.0000e+00
    863.000    -0.6917   2.849776    -0.6915   2.849700    6.38472    -0.1170    13.8155 1.1471e+01  -62.27883  -58.08633 1152375465 189.679016    34.5473 0.0000e+00
    864.000    -0.6921   2.849774    -0.6921   2.849690    6.38615    -0.1274    13.8155 1.1511e+01  -62.27883  -58.08633 1152375467 189.679038    34.5472 0.0000e+00
    865.000    -0.6941   2.849657    -0.6941   2.849587    6.38922    -0.1188    13.8155 1.0392e+01  -62.27883  -58.08633 1152375469 189.679061    34.5472 0.0000e+00
    866.000    -0.6971   2.849471    -0.6971   2.849394    6.39354    -0.1281    13.8155 1.0641e+01  -62.27883  -58.08633 1152375471 189.679076    34.5476 0.0000e+00
    867.000    -0.6976   2.849481    -0.6972   2.849410    6.39472    -0.1277    13.8155 1.0676e+01  -62.27883  -58.08633 1152375472 189.679088    34.5477 0.0000e+00
    868.000    -0.6972   2.849548    -0.6969   2.849478    6.39651    -0.1257    13.8155 1.0433e+01  -62.27883  -58.08633 1152375473 189.679100    34.5476 0.0000e+00
