product_data/regression_test/downloaded_data/MDGS/320620060703/ctd/p6606206.ros
* Sea-Bird SBE 9 Data File:
* FileName = D:\Data\Raw\p6606206.dat
* Software Version Seasave Win32 V 5.32
* Temperature SN = 1649
* Conductivity SN = 1431
* Number of Bytes Per Scan = 37
* Number of Voltage Words = 5
* Number of Scans Averaged by the Deck Unit = 1
* NMEA Latitude = 61 05.83 S
* NMEA Longitude = 058 07.01 W
* NMEA UTC (Time) = 09:19:48
** Ship:   Nathaniel B. Palmer 
** Cruise:    NBP0606 
# nquan = 17
# nvalues = 1176                    
# units = specified
# name 0 = prDM: Pressure, Digiquartz [db]
# name 1 = t090C: Temperature [ITS-90, deg C]
# name 2 = c0S/m: Conductivity [S/m]
# name 3 = t190C: Temperature, 2 [ITS-90, deg C]
# name 4 = c1S/m: Conductivity, 2 [S/m]
# name 5 = sbeox0ML/L: Oxygen, SBE 43 [ml/l]
# name 6 = flECO-AFL: Fluorescence, Wetlab ECO-AFL/FL [mg/m^3]
# name 7 = bat: Beam Attenuation, Chelsea/Seatech/Wetlab CStar [1/m]
# name 8 = spar: SPAR/Surface Irradiance
# name 9 = latitude: Latitude [deg]
# name 10 = longitude: Longitude [deg]
# name 11 = timeY: Time, System [seconds]
# name 12 = timeJ: Julian Days
# name 13 = sal00: Salinity [PSU]
# name 14 = scan: scan number
# name 15 = nbf: number of bottles fired
# name 16 = flag:  0.000e+00
# interval = seconds: 0.0416667                   
# start_time = Jul 07 2006 09:19:56
*END*
[from data line 511]
    300.632     1.9258   3.055602     1.9272   3.055519    4.33305    -0.0426    13.8155 0.0000e+00  -61.09717  -58.11683 1152264489 188.394572    34.6308      11881         11  0.000e+00
    300.632     1.9263   3.055640     1.9271   3.055513    4.33299    -0.0319    13.8155 0.0000e+00  -61.09717  -58.11683 1152264489 188.394572    34.6308      11882         11  0.000e+00
    300.632     1.9263   3.055612     1.9265   3.055537    4.33300    -0.0319    13.8155 0.0000e+00  -61.09717  -58.11683 1152264489 188.394573    34.6305      11883         11  0.000e+00
    300.594     1.9262   3.055602     1.9269   3.055495    4.33300    -0.0319    13.8155 0.0000e+00  -61.09717  -58.11683 1152264489 188.394573    34.6305      11884         11  0.000e+00
    300.498     1.9263   3.055623     1.9268   3.055531    4.33292    -0.0319    13.8155 0.0000e+00  -61.09717  -58.11683 1152264489 188.394574    34.6307      11885         11  0.000e+00
    300.565     1.9262   3.055609     1.9271   3.055495    4.33298    -0.0104    13.8155 0.0000e+00  -61.09717  -58.11683 1152264489 188.394574    34.6306      11886         11  0.000e+00
    300.527     1.9260   3.055585     1.9272   3.055507    4.33298    -0.0426    13.8155 0.0000e+00  -61.09717  -58.11683 1152264489 188.394575    34.6305      11887         11  0.000e+00
    300.498     1.9262   3.055599     1.9268   3.055489    4.33294    -0.0642    13.8155 0.0000e+00  -61.09717  -58.11683 1152264489 188.394575    34.6305      11888         11  0.000e+00
    300.498     1.9265   3.055585     1.9271   3.055507    4.33292    -0.0534    13.8155 0.0000e+00  -61.09717  -58.11683 1152264489 188.394576    34.6300      11889         11  0.000e+00
    300.422     1.9258   3.055616     1.9267   3.055471    4.33292    -0.0319    13.8155 0.0000e+00  -61.09717  -58.11683 1152264490 188.394576    34.6311      11890         11  0.000e+00
    300.450     1.9262   3.055609     1.9269   3.055495    4.33291    -0.0534    13.8155 0.0000e+00  -61.09717  -58.11683 1152264490 188.394577    34.6307      11891         11  0.000e+00
    300.422     1.9258   3.055602     1.9265   3.055495    4.33292    -0.0211    13.8155 0.0000e+00  -61.09717  -58.11683 1152264490 188.394577    34.6310      11892         11  0.000e+00
    300.422     1.9263   3.055623     1.9272   3.055483    4.32834    -0.0642    13.8155 0.0000e+00  -61.09717  -58.11683 1152264490 188.394578    34.6307      11893         11  0.000e+00
    300.450     1.9262   3.055588     1.9271   3.055483    4.32839    -0.0749    13.8155 0.0000e+00  -61.09717  -58.11683 1152264490 188.394578    34.6304      11894         11  0.000e+00
    300.354     1.9258   3.055578     1.9268   3.055507    4.32836    -0.0642    13.8155 0.0000e+00  -61.09717  -58.11683 1152264490 188.394579    34.6307      11895         11  0.000e+00
    300.422     1.9258   3.055595     1.9268   3.055513    4.33293    -0.0857    13.8155 0.0000e+00  -61.09717  -58.11683 1152264490 188.394579    34.6309      11896         11  0.000e+00
    300.354     1.9258   3.055602     1.9268   3.055513    4.33288    -0.0749    13.8155 0.0000e+00  -61.09717  -58.11683 1152264490 188.394579    34.6310      11897         11  0.000e+00
    300.383     1.9255   3.055606     1.9272   3.055513    4.33293    -0.0319    13.8155 0.0000e+00  -61.09717  -58.11683 1152264490 188.394580    34.6314      11898         11  0.000e+00
    300.422     1.9254   3.055585     1.9266   3.055495    4.33297     0.0004    13.8155 0.0000e+00  -61.09717  -58.11683 1152264490 188.394580    34.6313      11899         11  0.000e+00
    300.354     1.9260   3.055578     1.9270   3.055507    4.33288    -0.0319    13.8155 0.0000e+00  -61.09717  -58.11683 1152264490 188.394581    34.6305      11900         11  0.000e+00
    300.354     1.9254   3.055540     1.9271   3.055513    4.33295    -0.0426    13.8155 0.0000e+00  -61.09717  -58.11683 1152264490 188.394581    34.6307      11901         11  0.000e+00
    300.383     1.9254   3.055568     1.9261   3.055489    4.33295    -0.0642    13.8155 0.0000e+00  -61.09717  -58.11683 1152264490 188.394582    34.6311      11902         11  0.000e+00
    300.422     1.9255   3.055540     1.9268   3.055483    4.33297    -0.0749    13.8155 0.0000e+00  -61.09717  -58.11683 1152264490 188.394582    34.6305      11903         11  0.000e+00
    300.354     1.9255   3.055564     1.9271   3.055483    4.33292    -0.0642    13.8155 0.0000e+00  -61.09717  -58.11683 1152264490 188.394583    34.6309      11904         11  0.000e+00
    300.450     1.9255   3.055561     1.9273   3.055483    4.33298    -0.0642    13.8155 0.0000e+00  -61.09717  -58.11683 1152264490 188.394583    34.6308      11905         11  0.000e+00
    300.422     1.9251   3.055575     1.9266   3.055507    4.33300    -0.0534    13.8155 0.0000e+00  -61.09717  -58.11683 1152264490 188.394584    34.6315      11906         11  0.000e+00
    300.422     1.9255   3.055595     1.9265   3.055489    4.33295    -0.0211    13.8155 0.0000e+00  -61.09717  -58.11683 1152264490 188.394584    34.6312      11907         11  0.000e+00
    300.422     1.9252   3.055547     1.9264   3.055465    4.33300     0.0112    13.8155 0.0000e+00  -61.09717  -58.11683 1152264490 188.394585    34.6310      11908         11  0.000e+00
    301.226     1.9265   3.055668     1.9277   3.055556    4.33786    -0.0104    13.8155 0.0000e+00  -61.09717  -58.11683 1152264496 188.394653    34.6306      12050         12  0.000e+00
    301.197     1.9263   3.055657     1.9275   3.055544    4.33333    -0.0534    13.8155 0.0000e+00  -61.09717  -58.11683 1152264496 188.394654    34.6307      12051         12  0.000e+00
    301.130     1.9266   3.055671     1.9276   3.055568    4.33778    -0.0319    13.8155 0.0000e+00  -61.09717  -58.11683 1152264496 188.394654    34.6306      12052         12  0.000e+00
    301.130     1.9266   3.055637     1.9276   3.055574    4.33327     0.0327    13.8155 0.0000e+00  -61.09717  -58.11683 1152264496 188.394655    34.6301      12053         12  0.000e+00
    301.092     1.9265   3.055681     1.9273   3.055574    4.33324    -0.0319    13.8155 0.0000e+00  -61.09717  -58.11683 1152264496 188.394655    34.6309      12054         12  0.000e+00
    301.063     1.9262   3.055681     1.9277   3.055592    4.33325    -0.0642    13.8155 0.0000e+00  -61.09717  -58.11683 1152264496 188.394656    34.6312      12055         12  0.000e+00
    300.986     1.9265   3.055657     1.9272   3.055580    4.33319    -0.0319    13.8155 0.0000e+00  -61.09717  -58.11683 1152264496 188.394656    34.6306      12056         12  0.000e+00
    300.948     1.9263   3.055650     1.9272   3.055574    4.33318    -0.0211    13.8155 0.0000e+00  -61.09717  -58.11683 1152264496 188.394657    34.6308      12057         12  0.000e+00
    300.986     1.9265   3.055668     1.9275   3.055550    4.33771    -0.0426    13.8155 0.0000e+00  -61.09717  -58.11683 1152264497 188.394657    34.6308      12058         12  0.000e+00
    300.852     1.9268   3.055674     1.9273   3.055543    4.33760    -0.1072    13.8155 0.0000e+00  -61.09717  -58.11683 1152264497 188.394658    34.6306      12059         12  0.000e+00
    300.881     1.9266   3.055657     1.9274   3.055543    4.33764    -0.0749    13.8155 0.0000e+00  -61.09717  -58.11683 1152264497 188.394658    34.6305      12060         12  0.000e+00
    300.852     1.9263   3.055633     1.9276   3.055568    4.33766    -0.0104    13.8155 0.0000e+00  -61.09717  -58.11683 1152264497 188.394659    34.6306      12061         12  0.000e+00
    300.776     1.9266   3.055647     1.9269   3.055573    4.33758    -0.0211    13.8155 0.0000e+00  -61.09717  -58.11683 1152264497 188.394659    34.6305      12062         12  0.000e+00
    300.776     1.9258   3.055668     1.9275   3.055531    4.33764     0.0434    13.8155 0.0000e+00  -61.09717  -58.11683 1152264497 188.394660    34.6316      12063         12  0.000e+00
    300.737     1.9262   3.055640     1.9272   3.055537    4.33307     0.0327    13.8155 0.0000e+00  -61.09717  -58.11683 1152264497 188.394660    34.6309      12064         12  0.000e+00
    300.632     1.9263   3.055630     1.9268   3.055561    4.33300     0.0112    13.8155 0.0000e+00  -61.09717  -58.11683 1152264497 188.394660    34.6307      12065         12  0.000e+00
    300.709     1.9263   3.055626     1.9275   3.055555    4.33305    -0.0211    13.8155 0.0000e+00  -61.09717  -58.11683 1152264497 188.394661    34.6306      12066         12  0.000e+00
    300.632     1.9264   3.055647     1.9274   3.055519    4.33299    -0.0426    13.8155 0.0000e+00  -61.09717  -58.11683 1152264497 188.394661    34.6308      12067         12  0.000e+00
    300.594     1.9262   3.055650     1.9275   3.055513    4.33298    -0.0534    13.8155 0.0000e+00  -61.09717  -58.11683 1152264497 188.394662    34.6311      12068         12  0.000e+00
    300.565     1.9263   3.055616     1.9272   3.055513    4.33296    -0.0319    13.8155 0.0000e+00  -61.09717  -58.11683 1152264497 188.394662    34.6305      12069         12  0.000e+00
    300.565     1.9262   3.055640     1.9268   3.055513    4.33297    -0.0534    13.8155 0.0000e+00  -61.09717  -58.11683 1152264497 188.394663    34.6310      12070         12  0.000e+00
    300.527     1.9262   3.055633     1.9268   3.055513    4.33295    -0.0319    13.8155 0.0000e+00  -61.09717  -58.11683 1152264497 188.394663    34.6309      12071         12  0.000e+00
    300.498     1.9262   3.055626     1.9271   3.055513    4.33293     0.0004    13.8155 0.0000e+00  -61.09717  -58.11683 1152264497 188.394664    34.6309      12072         12  0.000e+00
    300.498     1.9265   3.055630     1.9270   3.055513    4.33290    -0.0211    13.8155 0.0000e+00  -61.09717  -58.11683 1152264497 188.394664    34.6306      12073         12  0.000e+00
    300.498     1.9263   3.055643     1.9268   3.055537    4.33291    -0.0642    13.8155 0.0000e+00  -61.09717  -58.11683 1152264497 188.394665    34.6309      12074         12  0.000e+00
    300.450     1.9263   3.055616     1.9271   3.055525    4.33289    -0.0534    13.8155 0.0000e+00  -61.09717  -58.11683 1152264497 188.394665    34.6306      12075         12  0.000e+00
    300.422     1.9258   3.055636     1.9270   3.055513    4.33291    -0.0104    13.8155 0.0000e+00  -61.09717  -58.11683 1152264497 188.394666    34.6314      12076         12  0.000e+00
    300.422     1.9262   3.055650     1.9268   3.055513    4.33288     0.0327    13.8155 0.0000e+00  -61.09717  -58.11683 1152264497 188.394666    34.6312      12077         12  0.000e+00
    300.383     1.9260   3.055633     1.9270   3.055537    4.33287    -0.0104    13.8155 0.0000e+00  -61.09717  -58.11683 1152264497 188.394667    34.6312      12078         12  0.000e+00
    300.354     1.9258   3.055643     1.9270   3.055543    4.33287     0.0004    13.8155 0.0000e+00  -61.09717  -58.11683 1152264497 188.394667    34.6315      12079         12  0.000e+00
    300.422     1.9262   3.055616     1.9271   3.055525    4.33289    -0.0426    13.8155 0.0000e+00  -61.09717  -58.11683 1152264497 188.394668    34.6308      12080         12  0.000e+00
    300.354     1.9263   3.055619     1.9267   3.055513    4.33284    -0.0642    13.8155 0.0000e+00  -61.09717  -58.11683 1152264497 188.394668    34.6307      12081         12  0.000e+00
    300.316     1.9258   3.055626     1.9271   3.055513    4.33285    -0.0426    13.8155 0.0000e+00  -61.09717  -58.11683 1152264498 188.394669    34.6313      12082         12  0.000e+00
    300.354     1.9262   3.055630     1.9270   3.055513    4.33284    -0.0749    13.8155 0.0000e+00  -61.09717  -58.11683 1152264498 188.394669    34.6310      12083         12  0.000e+00
    300.354     1.9263   3.055588     1.9272   3.055513    4.33285    -0.0749    13.8155 0.0000e+00  -61.09717  -58.11683 1152264498 188.394670    34.6303      12084         12  0.000e+00
    300.316     1.9257   3.055650     1.9274   3.055513    4.33285    -0.0749    13.8155 0.0000e+00  -61.09717  -58.11683 1152264498 188.394670    34.6318      12085         12  0.000e+00
    300.354     1.9262   3.055657     1.9273   3.055513    4.33283    -0.0749    13.8155 0.0000e+00  -61.09717  -58.11683 1152264498 188.394671    34.6313      12086         12  0.000e+00
    300.287     1.9263   3.055633     1.9266   3.055513    4.33279    -0.0749    13.8155 0.0000e+00  -61.09717  -58.11683 1152264498 188.394671    34.6309      12087         12  0.000e+00
    300.354     1.9257   3.055647     1.9275   3.055513    4.33288    -0.0426    13.8155 0.0000e+00  -61.09717  -58.11683 1152264498 188.394672    34.6317      12088         12  0.000e+00
    300.316     1.9260   3.055633     1.9268   3.055477    4.33283    -0.0534    13.8155 0.0000e+00  -61.09717  -58.11683 1152264498 188.394672    34.6312      12089         12  0.000e+00
    300.287     1.9265   3.055609     1.9268   3.055519    4.33278    -0.0426    13.8155 0.0000e+00  -61.09717  -58.11683 1152264498 188.394673    34.6304      12090         12  0.000e+00
    300.354     1.9257   3.055606     1.9272   3.055519    4.33289    -0.0211    13.8155 0.0000e+00  -61.09717  -58.11683 1152264498 188.394673    34.6312      12091         12  0.000e+00
    300.354     1.9254   3.055619     1.9268   3.055477    4.33292    -0.0319    13.8155 0.0000e+00  -61.09717  -58.11683 1152264498 188.394674    34.6317      12092         12  0.000e+00
    300.316     1.9258   3.055626     1.9267   3.055477    4.33285    -0.0964    13.8155 0.0000e+00  -61.09717  -58.11683 1152264498 188.394674    34.6313      12093         12  0.000e+00
    300.354     1.9258   3.055609     1.9267   3.055483    4.33288    -0.0857    13.8155 0.0000e+00  -61.09717  -58.11683 1152264498 188.394674    34.6311      12094         12  0.000e+00
    300.287     1.9255   3.055602     1.9266   3.055483    4.33287    -0.0642    13.8155 0.0000e+00  -61.09717  -58.11683 1152264498 188.394675    34.6314      12095         12  0.000e+00
    300.383     1.9257   3.055606     1.9262   3.055465    4.33291    -0.0534    13.8155 0.0000e+00  -61.09717  -58.11683 1152264498 188.394675    34.6312      12096         12  0.000e+00
    300.354     1.9258   3.055619     1.9269   3.055501    4.33288    -0.0749    13.8155 0.0000e+00  -61.09717  -58.11683 1152264498 188.394676    34.6312      12097         12  0.000e+00
    300.354     1.9255   3.055626     1.9268   3.055489    4.33290    -0.0426    13.8155 0.0000e+00  -61.09717  -58.11683 1152264498 188.394676    34.6316      12098         12  0.000e+00
    302.327     1.9268   3.055764     1.9276   3.055628    4.33845    -0.0319    13.8155 0.0000e+00  -61.09717  -58.11683 1152264504 188.394741    34.6309      12231         13  0.000e+00
    302.327     1.9268   3.055771     1.9281   3.055670    4.33845    -0.0642    13.8155 0.0000e+00  -61.09717  -58.11683 1152264504 188.394741    34.6310      12232         13  0.000e+00
    302.145     1.9266   3.055754     1.9277   3.055688    4.33836    -0.0426    13.8155 0.0000e+00  -61.09717  -58.11683 1152264504 188.394742    34.6310      12233         13  0.000e+00
    302.193     1.9268   3.055768     1.9280   3.055640    4.33837    -0.0749    13.8155 0.0000e+00  -61.09717  -58.11683 1152264504 188.394742    34.6310      12234         13  0.000e+00
    302.193     1.9265   3.055792     1.9279   3.055646    4.33839    -0.0319    13.8155 0.0000e+00  -61.09717  -58.11683 1152264504 188.394742    34.6316      12235         13  0.000e+00
    302.116     1.9265   3.055723     1.9278   3.055658    4.33837    -0.0534    13.8155 0.0000e+00  -61.09717  -58.11683 1152264504 188.394743    34.6308      12236         13  0.000e+00
    302.078     1.9262   3.055699     1.9280   3.055658    4.33839    -0.0749    13.8155 0.0000e+00  -61.09717  -58.11683 1152264504 188.394743    34.6309      12237         13  0.000e+00
