product_data/regression_test/downloaded_data/MDGS/320620060703/ctd/p6608202.ros
* Sea-Bird SBE 9 Data File:
* FileName = D:\Data\Raw\P6608202.dat
* Software Version Seasave Win32 V 5.32
* Temperature SN = 1649
* Conductivity SN = 1431
* Number of Bytes Per Scan = 37
* Number of Voltage Words = 5
* Number of Scans Averaged by the Deck Unit = 1
* NMEA Latitude = 61 50.03 S
* NMEA Longitude = 057 33.91 W
* NMEA UTC (Time) = 21:27:11
** Ship:   Nathaniel B. Palmer 
** Cruise:    NBP0603 p0606
** Cast #: 02
** Station:   81
** Operator: 
# nquan = 17
# nvalues = 1175                    
# units = specified
# name 0 = prDM: Pressure, Digiquartz [db]
# name 1 = t090C: Temperature [ITS-90, deg C]
# name 2 = c0S/m: Conductivity [S/m]
# name 3 = t190C: Temperature, 2 [ITS-90, deg C]
# name 4 = c1S/m: Conductivity, 2 [S/m]
# name 5 = sbeox0ML/L: Oxygen, SBE 43 [ml/l]
# name 6 = flECO-AFL: Fluorescence, Wetlab ECO-AFL/FL [mg/m^3]
# name 7 = bat: Beam Attenuation, Chelsea/Seatech/Wetlab CStar [1/m]
# name 8 = spar: SPAR/Surface Irradiance
# name 9 = latitude: Latitude [deg]
# name 10 = longitude: Longitude [deg]
# name 11 = timeY: Time, System [seconds]
# name 12 = timeJ: Julian Days
# name 13 = sal00: Salinity [PSU]
# name 14 = scan: scan number
# name 15 = nbf: number of bottles fired
# name 16 = flag:  0.000e+00
# interval = seconds: 0.0416667                   
# start_time = Jul 09 2006 21:27:18
*END*
[from data line 171]
    173.485    -0.1545   2.856447    -0.1554   2.856499    6.28837     0.0865    13.8155 0.0000e+00  -61.83383  -57.56517 1152481150 190.902215    34.4412      17121          4  0.000e+00
    173.418    -0.1545   2.856480    -0.1562   2.856488    6.28829     0.0327    13.8155 0.0000e+00  -61.83383  -57.56517 1152481150 190.902215    34.4417      17122          4  0.000e+00
    173.466    -0.1545   2.856547    -0.1557   2.856517    6.28829     0.0865    13.8155 0.0000e+00  -61.83383  -57.56517 1152481150 190.902215    34.4425      17123          4  0.000e+00
    173.485    -0.1538   2.856567    -0.1555   2.856505    6.28820     0.1618    13.8155 0.0000e+00  -61.83383  -57.56517 1152481150 190.902216    34.4419      17124          4  0.000e+00
    173.485    -0.1535   2.856567    -0.1554   2.856499    6.28347     0.1403    13.8155 0.0000e+00  -61.83383  -57.56517 1152481150 190.902216    34.4416      17125          4  0.000e+00
    173.485    -0.1536   2.856547    -0.1549   2.856523    6.28819     0.0972    13.8155 0.0000e+00  -61.83383  -57.56517 1152481150 190.902217    34.4415      17126          4  0.000e+00
    173.485    -0.1543   2.856524    -0.1555   2.856535    6.28830     0.1080    13.8155 0.0000e+00  -61.83383  -57.56517 1152481150 190.902217    34.4420      17127          4  0.000e+00
    173.485    -0.1545   2.856500    -0.1555   2.856535    6.28834     0.0757    13.8155 0.0000e+00  -61.83383  -57.56517 1152481150 190.902218    34.4419      17128          4  0.000e+00
    173.533    -0.1543   2.856464    -0.1555   2.856511    6.28836     0.0865    13.8155 0.0000e+00  -61.83383  -57.56517 1152481150 190.902218    34.4410      17129          4  0.000e+00
    173.485    -0.1541   2.856484    -0.1552   2.856523    6.28829     0.0757    13.8155 0.0000e+00  -61.83383  -57.56517 1152481150 190.902219    34.4411      17130          4  0.000e+00
    173.561    -0.1544   2.856477    -0.1554   2.856535    6.28840     0.1080    13.8155 0.0000e+00  -61.83383  -57.56517 1152481150 190.902219    34.4414      17131          4  0.000e+00
    173.485    -0.1541   2.856490    -0.1548   2.856593    6.28828     0.0972    13.8155 0.0000e+00  -61.83383  -57.56517 1152481150 190.902220    34.4412      17132          4  0.000e+00
    173.561    -0.1539   2.856547    -0.1548   2.856605    6.28830     0.0650    13.8155 0.0000e+00  -61.83383  -57.56517 1152481150 190.902220    34.4418      17133          4  0.000e+00
    173.561    -0.1538   2.856567    -0.1549   2.856587    6.28827     0.0542    13.8155 0.0000e+00  -61.83383  -57.56517 1152481150 190.902221    34.4419      17134          4  0.000e+00
    173.533    -0.1537   2.856584    -0.1550   2.856587    6.28822     0.1080    13.8155 0.0000e+00  -61.83383  -57.56517 1152481150 190.902221    34.4420      17135          4  0.000e+00
    173.561    -0.1533   2.856570    -0.1546   2.856622    6.28821     0.1295    13.8155 0.0000e+00  -61.83383  -57.56517 1152481150 190.902222    34.4414      17136          4  0.000e+00
    173.561    -0.1536   2.856584    -0.1546   2.856599    6.28824     0.0757    13.8155 0.0000e+00  -61.83383  -57.56517 1152481151 190.902222    34.4419      17137          4  0.000e+00
    173.628    -0.1536   2.856620    -0.1549   2.856605    6.28828     0.0757    13.8155 0.0000e+00  -61.83383  -57.56517 1152481151 190.902223    34.4424      17138          4  0.000e+00
    173.561    -0.1525   2.856704    -0.1550   2.856593    6.28803     0.0650    13.8155 0.0000e+00  -61.83383  -57.56517 1152481151 190.902223    34.4423      17139          4  0.000e+00
    173.609    -0.1518   2.856744    -0.1548   2.856622    6.28795     0.0542    13.8155 0.0000e+00  -61.83383  -57.56517 1152481151 190.902224    34.4419      17140          4  0.000e+00
    173.628    -0.1516   2.856801    -0.1546   2.856640    6.28792     0.0542    13.8155 0.0000e+00  -61.83383  -57.56517 1152481151 190.902224    34.4425      17141          4  0.000e+00
    173.628    -0.1513   2.856851    -0.1537   2.856693    6.28785     0.0542    13.8155 0.0000e+00  -61.83383  -57.56517 1152481151 190.902225    34.4428      17142          4  0.000e+00
    173.628    -0.1512   2.856914    -0.1538   2.856699    6.28780     0.0542    13.8155 0.0000e+00  -61.83383  -57.56517 1152481151 190.902225    34.4435      17143          4  0.000e+00
    173.628    -0.1507   2.856931    -0.1546   2.856675    6.28772     0.0757    13.8155 0.0000e+00  -61.83383  -57.56517 1152481151 190.902226    34.4432      17144          4  0.000e+00
    173.705    -0.1505   2.856897    -0.1539   2.856687    6.28779     0.0865    13.8155 0.0000e+00  -61.83383  -57.56517 1152481151 190.902226    34.4425      17145          4  0.000e+00
    149.386    -0.3347   2.834506    -0.3339   2.834831    6.68327     0.0757    13.8155 0.0000e+00  -61.83383  -57.56517 1152481224 190.903067    34.3664      18889          5  0.000e+00
    149.529    -0.3350   2.834496    -0.3341   2.834808    6.68345     0.0972    13.8155 0.0000e+00  -61.83383  -57.56517 1152481224 190.903068    34.3665      18890          5  0.000e+00
    149.396    -0.3350   2.834546    -0.3344   2.834767    6.68330     0.0542    13.8155 0.0000e+00  -61.83383  -57.56517 1152481224 190.903068    34.3673      18891          5  0.000e+00
    149.386    -0.3347   2.834543    -0.3346   2.834726    6.68325     0.0757    13.8155 0.0000e+00  -61.83383  -57.56517 1152481224 190.903069    34.3669      18892          5  0.000e+00
    149.453    -0.3345   2.834490    -0.3347   2.834749    6.68333     0.0757    13.8155 0.0000e+00  -61.83383  -57.56517 1152481224 190.903069    34.3660      18893          5  0.000e+00
    149.386    -0.3349   2.834523    -0.3351   2.834767    6.68329     0.0542    13.8155 0.0000e+00  -61.83383  -57.56517 1152481224 190.903070    34.3668      18894          5  0.000e+00
    149.396    -0.3352   2.834523    -0.3346   2.834737    6.68334     0.0757    13.8155 0.0000e+00  -61.83383  -57.56517 1152481224 190.903070    34.3671      18895          5  0.000e+00
    149.386    -0.3352   2.834466    -0.3351   2.834743    6.68336     0.0972    13.8155 0.0000e+00  -61.83383  -57.56517 1152481224 190.903071    34.3664      18896          5  0.000e+00
    149.386    -0.3355   2.834467    -0.3352   2.834732    6.68810     0.0542    13.8155 0.0000e+00  -61.83383  -57.56517 1152481224 190.903071    34.3667      18897          5  0.000e+00
    149.386    -0.3355   2.834473    -0.3349   2.834702    6.68340     0.0434    13.8155 0.0000e+00  -61.83383  -57.56517 1152481224 190.903071    34.3669      18898          5  0.000e+00
    149.319    -0.3353   2.834490    -0.3355   2.834697    6.68330     0.0542    13.8155 0.0000e+00  -61.83383  -57.56517 1152481224 190.903072    34.3669      18899          5  0.000e+00
    149.386    -0.3355   2.834460    -0.3351   2.834697    6.68810     0.0327    13.8155 0.0000e+00  -61.83383  -57.56517 1152481224 190.903072    34.3667      18900          5  0.000e+00
    149.319    -0.3355   2.834466    -0.3351   2.834720    6.68334     0.0650    13.8155 0.0000e+00  -61.83383  -57.56517 1152481224 190.903073    34.3668      18901          5  0.000e+00
    149.386    -0.3355   2.834490    -0.3356   2.834702    6.68339     0.0972    13.8155 0.0000e+00  -61.83383  -57.56517 1152481224 190.903073    34.3671      18902          5  0.000e+00
    149.252    -0.3355   2.834460    -0.3351   2.834720    6.68328     0.0972    13.8155 0.0000e+00  -61.83383  -57.56517 1152481224 190.903074    34.3667      18903          5  0.000e+00
    149.386    -0.3352   2.834430    -0.3349   2.834743    6.68808     0.0865    13.8155 0.0000e+00  -61.83383  -57.56517 1152481224 190.903074    34.3659      18904          5  0.000e+00
    149.386    -0.3355   2.834443    -0.3354   2.834732    6.68812     0.1080    13.8155 0.0000e+00  -61.83383  -57.56517 1152481224 190.903075    34.3664      18905          5  0.000e+00
    149.319    -0.3353   2.834450    -0.3352   2.834702    6.68803     0.0865    13.8155 0.0000e+00  -61.83383  -57.56517 1152481224 190.903075    34.3664      18906          5  0.000e+00
    149.319    -0.3359   2.834450    -0.3354   2.834720    6.68811     0.0757    13.8155 0.0000e+00  -61.83383  -57.56517 1152481224 190.903076    34.3671      18907          5  0.000e+00
    149.396    -0.3361   2.834430    -0.3352   2.834720    6.68821     0.0542    13.8155 0.0000e+00  -61.83383  -57.56517 1152481224 190.903076    34.3669      18908          5  0.000e+00
    149.319    -0.3361   2.834427    -0.3352   2.834726    6.68815     0.0327    13.8155 0.0000e+00  -61.83383  -57.56517 1152481224 190.903077    34.3670      18909          5  0.000e+00
    149.319    -0.3363   2.834393    -0.3346   2.834743    6.68819     0.0327    13.8155 0.0000e+00  -61.83383  -57.56517 1152481224 190.903077    34.3667      18910          5  0.000e+00
    149.319    -0.3355   2.834413    -0.3346   2.834755    6.68807     0.0650    13.8155 0.0000e+00  -61.83383  -57.56517 1152481224 190.903078    34.3661      18911          5  0.000e+00
    149.319    -0.3364   2.834427    -0.3352   2.834726    6.68819     0.0434    13.8155 0.0000e+00  -61.83383  -57.56517 1152481225 190.903078    34.3673      18912          5  0.000e+00
    149.319    -0.3358   2.834460    -0.3349   2.834702    6.68809     0.0434    13.8155 0.0000e+00  -61.83383  -57.56517 1152481225 190.903079    34.3671      18913          5  0.000e+00
    149.319    -0.3358   2.834506    -0.3351   2.834714    6.68806     0.0327    13.8155 0.0000e+00  -61.83383  -57.56517 1152481225 190.903079    34.3677      18914          5  0.000e+00
    149.386    -0.3352   2.834500    -0.3352   2.834702    6.68804     0.0327    13.8155 0.0000e+00  -61.83383  -57.56517 1152481225 190.903080    34.3669      18915          5  0.000e+00
    149.319    -0.3355   2.834496    -0.3349   2.834702    6.68802     0.0865    13.8155 0.0000e+00  -61.83383  -57.56517 1152481225 190.903080    34.3672      18916          5  0.000e+00
    149.319    -0.3358   2.834476    -0.3352   2.834737    6.69277     0.0650    13.8155 0.0000e+00  -61.83383  -57.56517 1152481225 190.903081    34.3673      18917          5  0.000e+00
    149.319    -0.3359   2.834506    -0.3351   2.834732    6.69277     0.0542    13.8155 0.0000e+00  -61.83383  -57.56517 1152481225 190.903081    34.3678      18918          5  0.000e+00
    149.319    -0.3352   2.834483    -0.3347   2.834743    6.69268     0.0327    13.8155 0.0000e+00  -61.83383  -57.56517 1152481225 190.903082    34.3667      18919          5  0.000e+00
    149.386    -0.3353   2.834490    -0.3352   2.834732    6.69276     0.0650    13.8155 0.0000e+00  -61.83383  -57.56517 1152481225 190.903082    34.3669      18920          5  0.000e+00
    149.319    -0.3352   2.834530    -0.3352   2.834743    6.69266     0.0542    13.8155 0.0000e+00  -61.83383  -57.56517 1152481225 190.903083    34.3673      18921          5  0.000e+00
    149.319    -0.3356   2.834556    -0.3340   2.834813    6.69270     0.0542    13.8155 0.0000e+00  -61.83383  -57.56517 1152481225 190.903083    34.3682      18922          5  0.000e+00
    149.386    -0.3352   2.834546    -0.3342   2.834808    6.69271     0.1080    13.8155 0.0000e+00  -61.83383  -57.56517 1152481225 190.903084    34.3675      18923          5  0.000e+00
    149.319    -0.3349   2.834523    -0.3334   2.834848    6.69262     0.0972    13.8155 0.0000e+00  -61.83383  -57.56517 1152481225 190.903084    34.3668      18924          5  0.000e+00
    149.319    -0.3355   2.834520    -0.3335   2.834901    6.69270     0.0327    13.8155 0.0000e+00  -61.83383  -57.56517 1152481225 190.903084    34.3675      18925          5  0.000e+00
    149.319    -0.3350   2.834500    -0.3334   2.834895    6.69265     0.0757    13.8155 0.0000e+00  -61.83383  -57.56517 1152481225 190.903085    34.3667      18926          5  0.000e+00
    149.386    -0.3352   2.834510    -0.3334   2.834884    6.69273     0.0865    13.8155 0.0000e+00  -61.83383  -57.56517 1152481225 190.903085    34.3670      18927          5  0.000e+00
    149.319    -0.3350   2.834536    -0.3332   2.834889    6.69263     0.0542    13.8155 0.0000e+00  -61.83383  -57.56517 1152481225 190.903086    34.3672      18928          5  0.000e+00
    149.396    -0.3347   2.834506    -0.3332   2.834924    6.69737     0.0972    13.8155 0.0000e+00  -61.83383  -57.56517 1152481225 190.903086    34.3664      18929          5  0.000e+00
    149.319    -0.3345   2.834546    -0.3334   2.834860    6.69256     0.1188    13.8155 0.0000e+00  -61.83383  -57.56517 1152481225 190.903087    34.3668      18930          5  0.000e+00
    149.386    -0.3347   2.834563    -0.3338   2.834872    6.69263     0.0542    13.8155 0.0000e+00  -61.83383  -57.56517 1152481225 190.903087    34.3671      18931          5  0.000e+00
    149.319    -0.3341   2.834563    -0.3339   2.834866    6.69718     0.0650    13.8155 0.0000e+00  -61.83383  -57.56517 1152481225 190.903088    34.3665      18932          5  0.000e+00
    149.396    -0.3341   2.834596    -0.3338   2.834837    6.69724     0.0327    13.8155 0.0000e+00  -61.83383  -57.56517 1152481225 190.903088    34.3669      18933          5  0.000e+00
    149.386    -0.3344   2.834626    -0.3337   2.834813    6.69725     0.0542    13.8155 0.0000e+00  -61.83383  -57.56517 1152481225 190.903089    34.3677      18934          5  0.000e+00
    149.319    -0.3336   2.834633    -0.3342   2.834802    6.69708     0.0757    13.8155 0.0000e+00  -61.83383  -57.56517 1152481225 190.903089    34.3669      18935          5  0.000e+00
    149.386    -0.3341   2.834613    -0.3340   2.834808    6.69722     0.0865    13.8155 0.0000e+00  -61.83383  -57.56517 1152481226 190.903090    34.3671      18936          5  0.000e+00
    149.386    -0.3344   2.834626    -0.3336   2.834802    6.69725     0.0757    13.8155 0.0000e+00  -61.83383  -57.56517 1152481226 190.903090    34.3677      18937          5  0.000e+00
    149.386    -0.3349   2.834523    -0.3317   2.835106    6.69737     0.1080    13.8155 0.0000e+00  -61.83383  -57.56517 1152481226 190.903093    34.3668      18943          6  0.000e+00
    149.386    -0.3350   2.834550    -0.3320   2.835106    6.69738     0.0757    13.8155 0.0000e+00  -61.83383  -57.56517 1152481226 190.903094    34.3673      18944          6  0.000e+00
    149.243    -0.3352   2.834546    -0.3320   2.835100    6.69727     0.0434    13.8155 0.0000e+00  -61.83383  -57.56517 1152481226 190.903094    34.3676      18945          6  0.000e+00
    149.396    -0.3345   2.834610    -0.3317   2.835082    6.69729     0.0327    13.8155 0.0000e+00  -61.83383  -57.56517 1152481226 190.903095    34.3676      18946          6  0.000e+00
    149.386    -0.3339   2.834716    -0.3318   2.835094    6.69713     0.0542    13.8155 0.0000e+00  -61.83383  -57.56517 1152481226 190.903095    34.3683      18947          6  0.000e+00
    149.386    -0.3335   2.834779    -0.3317   2.835041    6.69703     0.0112    13.8155 0.0000e+00  -61.83383  -57.56517 1152481226 190.903096    34.3686      18948          6  0.000e+00
    149.319    -0.3328   2.834842    -0.3320   2.835076    6.70154     0.0327    13.8155 0.0000e+00  -61.83383  -57.56517 1152481226 190.903096    34.3688      18949          6  0.000e+00
    149.396    -0.3322   2.834859    -0.3320   2.835041    6.69682     0.0542    13.8155 0.0000e+00  -61.83383  -57.56517 1152481226 190.903097    34.3683      18950          6  0.000e+00
    149.386    -0.3318   2.834942    -0.3323   2.835059    6.69670     0.1188    13.8155 0.0000e+00  -61.83383  -57.56517 1152481226 190.903097    34.3689      18951          6  0.000e+00
    149.319    -0.3316   2.834952    -0.3323   2.835035    6.69661     0.0972    13.8155 0.0000e+00  -61.83383  -57.56517 1152481226 190.903098    34.3689      18952          6  0.000e+00
