product_data/regression_test/downloaded_data/MDGS/320620060703/ctd/p6609604.ros
* Sea-Bird SBE 9 Data File:
* FileName = D:\Data\Raw\p6609604.dat
* Software Version Seasave Win32 V 5.32
* Temperature SN = 1649
* Conductivity SN = 1431
* Number of Bytes Per Scan = 37
* Number of Voltage Words = 5
* Number of Scans Averaged by the Deck Unit = 1
* NMEA Latitude = 60 45.04 S
* NMEA Longitude = 058 22.48 W
* NMEA UTC (Time) = 21:57:23
** Ship:   Nathaniel B. Palmer 
** Cruise:    NBP0606 
# nquan = 17
# nvalues = 1176                    
# units = specified
# name 0 = prDM: Pressure, Digiquartz [db]
# name 1 = t090C: Temperature [ITS-90, deg C]
# name 2 = c0S/m: Conductivity [S/m]
# name 3 = t190C: Temperature, 2 [ITS-90, deg C]
# name 4 = c1S/m: Conductivity, 2 [S/m]
# name 5 = sbeox0ML/L: Oxygen, SBE 43 [ml/l]
# name 6 = flECO-AFL: Fluorescence, Wetlab ECO-AFL/FL [mg/m^3]
# name 7 = bat: Beam Attenuation, Chelsea/Seatech/Wetlab CStar [1/m]
# name 8 = spar: SPAR/Surface Irradiance
# name 9 = latitude: Latitude [deg]
# name 10 = longitude: Longitude [deg]
# name 11 = timeY: Time, System [seconds]
# name 12 = timeJ: Julian Days
# name 13 = sal00: Salinity [PSU]
# name 14 = scan: scan number
# name 15 = nbf: number of bottles fired
# name 16 = flag:  0.000e+00
# interval = seconds: 0.0416667                   
# start_time = Jul 11 2006 21:57:31
*END*
[from data line 937]
     31.408    -0.8106   2.753829    -0.8107   2.754259    8.01128    -0.0104    13.8155 0.0000e+00  -60.75067  -58.37467 1152658849 192.958924    33.8887      91201         20  0.000e+00
     31.418    -0.8108   2.753829    -0.8104   2.754230    8.01131     0.0327    13.8155 0.0000e+00  -60.75067  -58.37467 1152658849 192.958924    33.8888      91202         20  0.000e+00
     31.494    -0.8106   2.753829    -0.8110   2.754236    8.01138     0.0112    13.8155 0.0000e+00  -60.75067  -58.37467 1152658849 192.958925    33.8886      91203         20  0.000e+00
     31.494    -0.8105   2.753862    -0.8105   2.754242    8.01133    -0.0104    13.8155 0.0000e+00  -60.75067  -58.37467 1152658849 192.958925    33.8889      91204         20  0.000e+00
     31.551    -0.8105   2.753855    -0.8107   2.754219    8.01140    -0.0104    13.8155 0.0000e+00  -60.75067  -58.37467 1152658850 192.958926    33.8888      91205         20  0.000e+00
     31.560    -0.8109   2.753852    -0.8107   2.754259    8.01148     0.0219    13.8155 0.0000e+00  -60.75067  -58.37467 1152658850 192.958926    33.8893      91206         20  0.000e+00
     31.561    -0.8106   2.753852    -0.8104   2.754265    8.01143     0.0327    13.8155 0.0000e+00  -60.75067  -58.37467 1152658850 192.958927    33.8889      91207         20  0.000e+00
     31.627    -0.8105   2.753832    -0.8102   2.754248    8.01150     0.0327    13.8155 0.0000e+00  -60.75067  -58.37467 1152658850 192.958927    33.8884      91208         20  0.000e+00
     31.618    -0.8106   2.753829    -0.8107   2.754259    8.01151     0.0327    13.8155 0.0000e+00  -60.75067  -58.37467 1152658850 192.958927    33.8886      91209         20  0.000e+00
     31.703    -0.8106   2.753829    -0.8105   2.754254    8.00692     0.0219    13.8155 0.0000e+00  -60.75067  -58.37467 1152658850 192.958928    33.8885      91210         20  0.000e+00
     31.703    -0.8105   2.753845    -0.8107   2.754242    8.00688     0.0112    13.8155 0.0000e+00  -60.75067  -58.37467 1152658850 192.958928    33.8886      91211         20  0.000e+00
     31.704    -0.8108   2.753832    -0.8104   2.754277    8.01163     0.0112    13.8155 0.0000e+00  -60.75067  -58.37467 1152658850 192.958929    33.8887      91212         20  0.000e+00
     31.761    -0.8106   2.753829    -0.8102   2.754230    8.01167    -0.0211    13.8155 0.0000e+00  -60.75067  -58.37467 1152658850 192.958929    33.8885      91213         20  0.000e+00
     31.704    -0.8106   2.753829    -0.8108   2.754259    8.00691     0.0112    13.8155 0.0000e+00  -60.75067  -58.37467 1152658850 192.958930    33.8885      91214         20  0.000e+00
     31.837    -0.8109   2.753829    -0.8097   2.754248    8.00712     0.0650    13.8155 0.0000e+00  -60.75067  -58.37467 1152658850 192.958930    33.8888      91215         20  0.000e+00
     31.770    -0.8106   2.753845    -0.8105   2.754277    8.00698     0.0542    13.8155 0.0000e+00  -60.75067  -58.37467 1152658850 192.958931    33.8887      91216         20  0.000e+00
     31.913    -0.8106   2.753852    -0.8100   2.754294    8.00713     0.0112    13.8155 0.0000e+00  -60.75067  -58.37467 1152658850 192.958931    33.8887      91217         20  0.000e+00
     31.827    -0.8108   2.753868    -0.8099   2.754300    8.00705     0.0112    13.8155 0.0000e+00  -60.75067  -58.37467 1152658850 192.958932    33.8891      91218         20  0.000e+00
     31.913    -0.8106   2.753891    -0.8099   2.754311    8.01180     0.0112    13.8155 0.0000e+00  -60.75067  -58.37467 1152658850 192.958932    33.8892      91219         20  0.000e+00
     31.913    -0.8100   2.753898    -0.8097   2.754317    8.01169    -0.0104    13.8155 0.0000e+00  -60.75067  -58.37467 1152658850 192.958933    33.8886      91220         20  0.000e+00
     31.913    -0.8102   2.753878    -0.8096   2.754300    8.00704    -0.0104    13.8155 0.0000e+00  -60.75067  -58.37467 1152658850 192.958933    33.8885      91221         20  0.000e+00
     31.970    -0.8100   2.753904    -0.8104   2.754300    8.00705     0.0327    13.8155 0.0000e+00  -60.75067  -58.37467 1152658850 192.958934    33.8886      91222         20  0.000e+00
     31.980    -0.8100   2.753901    -0.8102   2.754271    8.00707     0.0650    13.8155 0.0000e+00  -60.75067  -58.37467 1152658850 192.958934    33.8886      91223         20  0.000e+00
     31.980    -0.8103   2.753898    -0.8102   2.754265    8.00712    -0.0104    13.8155 0.0000e+00  -60.75067  -58.37467 1152658850 192.958935    33.8889      91224         20  0.000e+00
     32.047    -0.8106   2.753862    -0.8102   2.754283    8.00728    -0.0104    13.8155 0.0000e+00  -60.75067  -58.37467 1152658850 192.958935    33.8887      91225         20  0.000e+00
     32.037    -0.8103   2.753868    -0.8105   2.754277    8.00721     0.0112    13.8155 0.0000e+00  -60.75067  -58.37467 1152658850 192.958936    33.8885      91226         20  0.000e+00
     32.047    -0.8105   2.753855    -0.8105   2.754265    8.00726     0.0542    13.8155 0.0000e+00  -60.75067  -58.37467 1152658850 192.958936    33.8885      91227         20  0.000e+00
     32.047    -0.8105   2.753885    -0.8100   2.754283    8.00724     0.0112    13.8155 0.0000e+00  -60.75067  -58.37467 1152658850 192.958937    33.8889      91228         20  0.000e+00
     32.123    -0.8109   2.753878    -0.8104   2.754271    8.00740    -0.0104    13.8155 0.0000e+00  -60.75067  -58.37467 1152658851 192.958937    33.8893      91229         20  0.000e+00
     32.123    -0.8106   2.753875    -0.8105   2.754335    8.00735    -0.0104    13.8155 0.0000e+00  -60.75067  -58.37467 1152658851 192.958938    33.8888      91230         20  0.000e+00
     32.180    -0.8105   2.753891    -0.8104   2.754306    8.00738     0.0112    13.8155 0.0000e+00  -60.75067  -58.37467 1152658851 192.958938    33.8889      91231         20  0.000e+00
     32.123    -0.8106   2.753862    -0.8104   2.754311    8.00736    -0.0104    13.8155 0.0000e+00  -60.75067  -58.37467 1152658851 192.958939    33.8887      91232         20  0.000e+00
     32.190    -0.8108   2.753868    -0.8102   2.754300    8.00745     0.0112    13.8155 0.0000e+00  -60.75067  -58.37467 1152658851 192.958939    33.8889      91233         20  0.000e+00
     32.190    -0.8106   2.753891    -0.8102   2.754300    8.00741     0.0112    13.8155 0.0000e+00  -60.75067  -58.37467 1152658851 192.958940    33.8890      91234         20  0.000e+00
     32.180    -0.8105   2.753878    -0.8105   2.754294    8.00739    -0.0319    13.8155 0.0000e+00  -60.75067  -58.37467 1152658851 192.958940    33.8887      91235         20  0.000e+00
     32.266    -0.8108   2.753875    -0.8104   2.754294    8.00753    -0.0104    13.8155 0.0000e+00  -60.75067  -58.37467 1152658851 192.958940    33.8889      91236         20  0.000e+00
     32.266    -0.8101   2.753875    -0.8105   2.754294    8.00743     0.0219    13.8155 0.0000e+00  -60.75067  -58.37467 1152658851 192.958941    33.8882      91237         20  0.000e+00
     32.190    -0.8108   2.753875    -0.8104   2.754277    8.00745     0.0112    13.8155 0.0000e+00  -60.75067  -58.37467 1152658851 192.958941    33.8890      91238         20  0.000e+00
     32.323    -0.8106   2.753855    -0.8105   2.754329    8.00759     0.0327    13.8155 0.0000e+00  -60.75067  -58.37467 1152658851 192.958942    33.8885      91239         20  0.000e+00
     32.266    -0.8106   2.753901    -0.8100   2.754323    8.00749     0.0542    13.8155 0.0000e+00  -60.75067  -58.37467 1152658851 192.958942    33.8891      91240         20  0.000e+00
     32.266    -0.8108   2.753901    -0.8105   2.754317    8.00751     0.0542    13.8155 0.0000e+00  -60.75067  -58.37467 1152658851 192.958943    33.8893      91241         20  0.000e+00
     32.333    -0.8102   2.753911    -0.8100   2.754306    8.00748     0.0112    13.8155 0.0000e+00  -60.75067  -58.37467 1152658851 192.958943    33.8887      91242         20  0.000e+00
     32.333    -0.8109   2.753885    -0.8107   2.754271    8.00763    -0.0534    13.8155 0.0000e+00  -60.75067  -58.37467 1152658851 192.958944    33.8892      91243         20  0.000e+00
     29.321    -0.8107   2.753730    -0.8105   2.754178    8.00435    -0.0319    13.8155 0.0000e+00  -60.75067  -58.37467 1152658856 192.959001    33.8888      91361         21  0.000e+00
     29.311    -0.8106   2.753733    -0.8102   2.754184    8.00432    -0.0319    13.8155 0.0000e+00  -60.75067  -58.37467 1152658856 192.959001    33.8887      91362         21  0.000e+00
     29.178    -0.8106   2.753739    -0.8102   2.754172    8.00417    -0.0104    13.8155 0.0000e+00  -60.75067  -58.37467 1152658856 192.959002    33.8889      91363         21  0.000e+00
     29.254    -0.8111   2.753739    -0.8107   2.754178    8.00433     0.0112    13.8155 0.0000e+00  -60.75067  -58.37467 1152658856 192.959002    33.8893      91364         21  0.000e+00
     29.178    -0.8108   2.753756    -0.8104   2.754143    8.00418    -0.0319    13.8155 0.0000e+00  -60.75067  -58.37467 1152658856 192.959003    33.8892      91365         21  0.000e+00
     29.168    -0.8109   2.753743    -0.8105   2.754149    8.00421    -0.0319    13.8155 0.0000e+00  -60.75067  -58.37467 1152658856 192.959003    33.8893      91366         21  0.000e+00
     29.111    -0.8111   2.753739    -0.8104   2.754149    8.00417     0.0112    13.8155 0.0000e+00  -60.75067  -58.37467 1152658856 192.959004    33.8894      91367         21  0.000e+00
     29.044    -0.8106   2.753707    -0.8102   2.754155    8.00404     0.0542    13.8155 0.0000e+00  -60.75067  -58.37467 1152658856 192.959004    33.8885      91368         21  0.000e+00
     29.102    -0.8112   2.753713    -0.8100   2.754137    8.00419     0.0542    13.8155 0.0000e+00  -60.75067  -58.37467 1152658856 192.959005    33.8892      91369         21  0.000e+00
     28.968    -0.8108   2.753700    -0.8102   2.754131    8.00399     0.0327    13.8155 0.0000e+00  -60.75067  -58.37467 1152658856 192.959005    33.8886      91370         21  0.000e+00
     28.968    -0.8111   2.753746    -0.8104   2.754143    7.99931     0.0219    13.8155 0.0000e+00  -60.75067  -58.37467 1152658856 192.959006    33.8896      91371         21  0.000e+00
     28.901    -0.8111   2.753730    -0.8102   2.754131    7.99925     0.0327    13.8155 0.0000e+00  -60.75067  -58.37467 1152658857 192.959006    33.8894      91372         21  0.000e+00
     28.959    -0.8111   2.753720    -0.8102   2.754149    8.00401     0.0542    13.8155 0.0000e+00  -60.75067  -58.37467 1152658857 192.959007    33.8892      91373         21  0.000e+00
     28.901    -0.8109   2.753720    -0.8104   2.754137    8.00393     0.0542    13.8155 0.0000e+00  -60.75067  -58.37467 1152658857 192.959007    33.8891      91374         21  0.000e+00
     28.758    -0.8114   2.753720    -0.8107   2.754102    8.00384     0.0112    13.8155 0.0000e+00  -60.75067  -58.37467 1152658857 192.959008    33.8897      91375         21  0.000e+00
     28.816    -0.8107   2.753700    -0.8105   2.754120    8.00381     0.0004    13.8155 0.0000e+00  -60.75067  -58.37467 1152658857 192.959008    33.8887      91376         21  0.000e+00
     28.758    -0.8116   2.753697    -0.8108   2.754114    8.00388    -0.0104    13.8155 0.0000e+00  -60.75067  -58.37467 1152658857 192.959008    33.8896      91377         21  0.000e+00
     28.758    -0.8108   2.753713    -0.8102   2.754108    8.00374     0.0112    13.8155 0.0000e+00  -60.75067  -58.37467 1152658857 192.959009    33.8889      91378         21  0.000e+00
     28.692    -0.8109   2.753700    -0.8105   2.754137    8.00371    -0.0104    13.8155 0.0000e+00  -60.75067  -58.37467 1152658857 192.959009    33.8890      91379         21  0.000e+00
     28.682    -0.8113   2.753697    -0.8100   2.754131    8.00375    -0.0211    13.8155 0.0000e+00  -60.75067  -58.37467 1152658857 192.959010    33.8893      91380         21  0.000e+00
     28.615    -0.8109   2.753677    -0.8105   2.754114    8.00364     0.0112    13.8155 0.0000e+00  -60.75067  -58.37467 1152658857 192.959010    33.8887      91381         21  0.000e+00
     28.615    -0.8111   2.753674    -0.8100   2.754108    8.00366     0.0112    13.8155 0.0000e+00  -60.75067  -58.37467 1152658857 192.959011    33.8888      91382         21  0.000e+00
     28.606    -0.8116   2.753706    -0.8105   2.754114    8.00370     0.0542    13.8155 0.0000e+00  -60.75067  -58.37467 1152658857 192.959011    33.8898      91383         21  0.000e+00
     28.549    -0.8112   2.753720    -0.8104   2.754108    8.00357     0.0542    13.8155 0.0000e+00  -60.75067  -58.37467 1152658857 192.959012    33.8896      91384         21  0.000e+00
     28.549    -0.8113   2.753720    -0.8104   2.754126    8.00358     0.0434    13.8155 0.0000e+00  -60.75067  -58.37467 1152658857 192.959012    33.8897      91385         21  0.000e+00
     28.482    -0.8108   2.753683    -0.8108   2.754131    8.00346     0.0650    13.8155 0.0000e+00  -60.75067  -58.37467 1152658857 192.959013    33.8887      91386         21  0.000e+00
     28.473    -0.8111   2.753690    -0.8102   2.754102    8.00349     0.0757    13.8155 0.0000e+00  -60.75067  -58.37467 1152658857 192.959013    33.8891      91387         21  0.000e+00
     28.339    -0.8109   2.753713    -0.8105   2.754120    8.00330     0.0865    13.8155 0.0000e+00  -60.75067  -58.37467 1152658857 192.959014    33.8894      91388         21  0.000e+00
     28.549    -0.8111   2.753700    -0.8104   2.754149    8.00357     0.0112    13.8155 0.0000e+00  -60.75067  -58.37467 1152658857 192.959014    33.8892      91389         21  0.000e+00
     28.396    -0.8108   2.753697    -0.8099   2.754097    8.00335    -0.0319    13.8155 0.0000e+00  -60.75067  -58.37467 1152658857 192.959015    33.8889      91390         21  0.000e+00
     28.339    -0.8113   2.753697    -0.8105   2.754131    8.00337    -0.0104    13.8155 0.0000e+00  -60.75067  -58.37467 1152658857 192.959015    33.8895      91391         21  0.000e+00
     28.339    -0.8107   2.753697    -0.8102   2.754114    8.00328    -0.0104    13.8155 0.0000e+00  -60.75067  -58.37467 1152658857 192.959016    33.8889      91392         21  0.000e+00
     28.396    -0.8108   2.753697    -0.8102   2.754143    8.00335    -0.0104    13.8155 0.0000e+00  -60.75067  -58.37467 1152658857 192.959016    33.8889      91393         21  0.000e+00
     28.272    -0.8114   2.753677    -0.8104   2.754120    8.00333     0.0112    13.8155 0.0000e+00  -60.75067  -58.37467 1152658857 192.959017    33.8894      91394         21  0.000e+00
     28.339    -0.8111   2.753706    -0.8100   2.754097    8.00333     0.0327    13.8155 0.0000e+00  -60.75067  -58.37467 1152658857 192.959017    33.8894      91395         21  0.000e+00
     28.272    -0.8111   2.753700    -0.8107   2.754102    8.00326     0.0434    13.8155 0.0000e+00  -60.75067  -58.37467 1152658858 192.959018    33.8894      91396         21  0.000e+00
     28.187    -0.8111   2.753697    -0.8100   2.754125    8.00317     0.0542    13.8155 0.0000e+00  -60.75067  -58.37467 1152658858 192.959018    33.8894      91397         21  0.000e+00
     28.272    -0.8114   2.753660    -0.8105   2.754131    8.00803     0.0327    13.8155 0.0000e+00  -60.75067  -58.37467 1152658858 192.959019    33.8892      91398         21  0.000e+00
     28.196    -0.8109   2.753667    -0.8105   2.754120    8.00787     0.0327    13.8155 0.0000e+00  -60.75067  -58.37467 1152658858 192.959019    33.8888      91399         21  0.000e+00
     28.187    -0.8107   2.753690    -0.8096   2.754125    8.00781     0.0327    13.8155 0.0000e+00  -60.75067  -58.37467 1152658858 192.959020    33.8889      91400         21  0.000e+00
     28.196    -0.8114   2.753660    -0.8099   2.754131    8.00795     0.0327    13.8155 0.0000e+00  -60.75067  -58.37467 1152658858 192.959020    33.8893      91401         21  0.000e+00
