product_data/regression_test/downloaded_data/MDGS/320620060703/ctd/p6606203.ros
* Sea-Bird SBE 9 Data File:
* FileName = D:\Data\Raw\p6606203.dat
* Software Version Seasave Win32 V 5.32
* Temperature SN = 1649
* Conductivity SN = 1431
* Number of Bytes Per Scan = 37
* Number of Voltage Words = 5
* Number of Scans Averaged by the Deck Unit = 1
* NMEA Latitude = 61 05.90 S
* NMEA Longitude = 058 08.62 W
* NMEA UTC (Time) = 07:32:57
** Ship:   Nathaniel B. Palmer 
** Cruise:    NBP0603 
** Cast #: 
** Station:   
** Operator: 
# nquan = 17
# nvalues = 1176                    
# units = specified
# name 0 = prDM: Pressure, Digiquartz [db]
# name 1 = t090C: Temperature [ITS-90, deg C]
# name 2 = c0S/m: Conductivity [S/m]
# name 3 = t190C: Temperature, 2 [ITS-90, deg C]
# name 4 = c1S/m: Conductivity, 2 [S/m]
# name 5 = sbeox0ML/L: Oxygen, SBE 43 [ml/l]
# name 6 = flECO-AFL: Fluorescence, Wetlab ECO-AFL/FL [mg/m^3]
# name 7 = bat: Beam Attenuation, Chelsea/Seatech/Wetlab CStar [1/m]
# name 8 = spar: SPAR/Surface Irradiance
# name 9 = latitude: Latitude [deg]
# name 10 = longitude: Longitude [deg]
# name 11 = timeY: Time, System [seconds]
# name 12 = timeJ: Julian Days
# name 13 = sal00: Salinity [PSU]
# name 14 = scan: scan number
# name 15 = nbf: number of bottles fired
# name 16 = flag:  0.000e+00
# interval = seconds: 0.0416667                   
# start_time = Jul 07 2006 07:33:05
*END*
[from data line 341]
     51.029    -0.8215   2.757855    -0.8228   2.758000    8.02722     0.0434    13.8155 0.0000e+00  -61.09833  -58.14367 1152257738 188.316439    33.9433       3729          7  0.000e+00
     51.029    -0.8213   2.757865    -0.8226   2.757988    8.02718     0.0219    13.8155 0.0000e+00  -61.09833  -58.14367 1152257738 188.316440    33.9433       3730          7  0.000e+00
     51.736    -0.8277   2.758269    -0.8271   2.758335    8.03339     0.0219    13.8155 0.0000e+00  -61.09833  -58.14367 1152257742 188.316489    33.9555       3832          8  0.000e+00
     51.945    -0.8283   2.758233    -0.8271   2.758307    8.03846    -0.0104    13.8155 0.0000e+00  -61.09833  -58.14367 1152257742 188.316489    33.9556       3833          8  0.000e+00
     51.736    -0.8283   2.758256    -0.8263   2.758295    8.03821     0.0112    13.8155 0.0000e+00  -61.09833  -58.14367 1152257742 188.316490    33.9560       3834          8  0.000e+00
     51.802    -0.8278   2.758263    -0.8259   2.758243    8.03820     0.0434    13.8155 0.0000e+00  -61.09833  -58.14367 1152257743 188.316490    33.9555       3835          8  0.000e+00
     51.736    -0.8273   2.758266    -0.8249   2.758220    8.03805     0.0757    13.8155 0.0000e+00  -61.09833  -58.14367 1152257743 188.316491    33.9551       3836          8  0.000e+00
     51.879    -0.8278   2.758233    -0.8248   2.758220    8.03360     0.0757    13.8155 1.9481e+00  -61.09833  -58.14367 1152257743 188.316491    33.9551       3837          8  0.000e+00
     51.736    -0.8278   2.758256    -0.8250   2.758260    8.03813     0.0112    13.8155 0.0000e+00  -61.09833  -58.14367 1152257743 188.316492    33.9555       3838          8  0.000e+00
     51.802    -0.8277   2.758263    -0.8251   2.758272    8.03818     0.0112    13.8155 0.0000e+00  -61.09833  -58.14367 1152257743 188.316492    33.9554       3839          8  0.000e+00
     51.736    -0.8277   2.758299    -0.8251   2.758254    8.03808     0.0219    13.8155 0.0000e+00  -61.09833  -58.14367 1152257743 188.316493    33.9559       3840          8  0.000e+00
     51.736    -0.8267   2.758263    -0.8252   2.758301    8.03795     0.0112    13.8155 0.0000e+00  -61.09833  -58.14367 1152257743 188.316493    33.9543       3841          8  0.000e+00
     51.802    -0.8272   2.758263    -0.8253   2.758324    8.03811     0.0219    13.8155 0.0000e+00  -61.09833  -58.14367 1152257743 188.316494    33.9549       3842          8  0.000e+00
     51.669    -0.8263   2.758269    -0.8252   2.758330    8.03780     0.0219    13.8155 0.0000e+00  -61.09833  -58.14367 1152257743 188.316494    33.9540       3843          8  0.000e+00
     51.802    -0.8263   2.758279    -0.8254   2.758341    8.03324     0.0112    13.8155 0.0000e+00  -61.09833  -58.14367 1152257743 188.316495    33.9540       3844          8  0.000e+00
     51.659    -0.8261   2.758286    -0.8249   2.758353    8.03775    -0.0211    13.8155 0.0000e+00  -61.09833  -58.14367 1152257743 188.316495    33.9540       3845          8  0.000e+00
     51.736    -0.8255   2.758289    -0.8247   2.758335    8.03773     0.0112    13.8155 0.0000e+00  -61.09833  -58.14367 1152257743 188.316495    33.9533       3846          8  0.000e+00
     51.736    -0.8250   2.758289    -0.8252   2.758364    8.03766     0.0112    13.8155 0.0000e+00  -61.09833  -58.14367 1152257743 188.316496    33.9528       3847          8  0.000e+00
     51.669    -0.8255   2.758286    -0.8245   2.758341    8.03766     0.0112    13.8155 0.0000e+00  -61.09833  -58.14367 1152257743 188.316496    33.9533       3848          8  0.000e+00
     51.669    -0.8253   2.758322    -0.8253   2.758341    8.03761     0.0327    13.8155 0.0000e+00  -61.09833  -58.14367 1152257743 188.316497    33.9536       3849          8  0.000e+00
     51.736    -0.8252   2.758299    -0.8249   2.758353    8.03769     0.0434    13.8155 0.0000e+00  -61.09833  -58.14367 1152257743 188.316497    33.9532       3850          8  0.000e+00
     51.669    -0.8252   2.758306    -0.8246   2.758376    8.03760     0.0434    13.8155 0.0000e+00  -61.09833  -58.14367 1152257743 188.316498    33.9532       3851          8  0.000e+00
     51.593    -0.8250   2.758329    -0.8245   2.758434    8.03747     0.0327    13.8155 0.0000e+00  -61.09833  -58.14367 1152257743 188.316498    33.9534       3852          8  0.000e+00
     51.669    -0.8247   2.758329    -0.8241   2.758422    8.03751    -0.0104    13.8155 0.0000e+00  -61.09833  -58.14367 1152257743 188.316499    33.9530       3853          8  0.000e+00
     51.669    -0.8246   2.758348    -0.8242   2.758428    8.03747    -0.0534    13.8155 0.0000e+00  -61.09833  -58.14367 1152257743 188.316499    33.9531       3854          8  0.000e+00
     51.593    -0.8242   2.758371    -0.8243   2.758428    8.03731     0.0004    13.8155 0.0000e+00  -61.09833  -58.14367 1152257743 188.316500    33.9531       3855          8  0.000e+00
     51.593    -0.8242   2.758394    -0.8242   2.758451    8.03730     0.0219    13.8155 0.0000e+00  -61.09833  -58.14367 1152257743 188.316500    33.9534       3856          8  0.000e+00
     51.593    -0.8242   2.758394    -0.8244   2.758474    8.03730     0.0542    13.8155 0.0000e+00  -61.09833  -58.14367 1152257743 188.316501    33.9534       3857          8  0.000e+00
     51.593    -0.8246   2.758398    -0.8248   2.758463    8.03735     0.0434    13.8155 0.0000e+00  -61.09833  -58.14367 1152257743 188.316501    33.9538       3858          8  0.000e+00
     51.526    -0.8242   2.758381    -0.8239   2.758497    8.03723     0.0542    13.8155 0.0000e+00  -61.09833  -58.14367 1152257743 188.316502    33.9533       3859          8  0.000e+00
     51.526    -0.8244   2.758328    -0.8234   2.758509    8.03730    -0.0104    13.8155 0.0000e+00  -61.09833  -58.14367 1152257744 188.316502    33.9528       3860          8  0.000e+00
     51.526    -0.8242   2.758322    -0.8241   2.758526    8.03728    -0.0319    13.8155 0.0000e+00  -61.09833  -58.14367 1152257744 188.316503    33.9525       3861          8  0.000e+00
     51.526    -0.8244   2.758381    -0.8237   2.758520    8.03726    -0.0104    13.8155 0.0000e+00  -61.09833  -58.14367 1152257744 188.316503    33.9535       3862          8  0.000e+00
     51.526    -0.8242   2.758401    -0.8234   2.758509    8.03722    -0.0211    13.8155 0.0000e+00  -61.09833  -58.14367 1152257744 188.316504    33.9536       3863          8  0.000e+00
     51.450    -0.8241   2.758381    -0.8237   2.758474    8.03712     0.0112    13.8155 0.0000e+00  -61.09833  -58.14367 1152257744 188.316504    33.9532       3864          8  0.000e+00
     51.526    -0.8242   2.758394    -0.8236   2.758497    8.03722     0.0219    13.8155 0.0000e+00  -61.09833  -58.14367 1152257744 188.316505    33.9535       3865          8  0.000e+00
     51.450    -0.8241   2.758394    -0.8235   2.758491    8.03711     0.0112    13.8155 0.0000e+00  -61.09833  -58.14367 1152257744 188.316505    33.9534       3866          8  0.000e+00
     51.450    -0.8242   2.758397    -0.8237   2.758486    8.03713     0.0542    13.8155 0.0000e+00  -61.09833  -58.14367 1152257744 188.316506    33.9536       3867          8  0.000e+00
     51.383    -0.8241   2.758417    -0.8238   2.758480    8.03702     0.0327    13.8155 0.0000e+00  -61.09833  -58.14367 1152257744 188.316506    33.9537       3868          8  0.000e+00
     51.450    -0.8240   2.758388    -0.8232   2.758480    8.03711     0.0112    13.8155 0.0000e+00  -61.09833  -58.14367 1152257744 188.316507    33.9532       3869          8  0.000e+00
     51.383    -0.8241   2.758424    -0.8232   2.758445    8.03702     0.0004    13.8155 0.0000e+00  -61.09833  -58.14367 1152257744 188.316507    33.9538       3870          8  0.000e+00
     51.383    -0.8242   2.758411    -0.8228   2.758451    8.03705     0.0004    13.8155 0.0000e+00  -61.09833  -58.14367 1152257744 188.316508    33.9538       3871          8  0.000e+00
     51.316    -0.8240   2.758381    -0.8231   2.758457    8.03695    -0.0319    13.8155 0.0000e+00  -61.09833  -58.14367 1152257744 188.316508    33.9531       3872          8  0.000e+00
     51.383    -0.8244   2.758394    -0.8235   2.758434    8.03709     0.0112    13.8155 0.0000e+00  -61.09833  -58.14367 1152257744 188.316508    33.9538       3873          8  0.000e+00
     51.316    -0.8241   2.758368    -0.8231   2.758468    8.03698     0.0542    13.8155 0.0000e+00  -61.09833  -58.14367 1152257744 188.316509    33.9531       3874          8  0.000e+00
     51.316    -0.8246   2.758351    -0.8228   2.758445    8.03707     0.0112    13.8155 0.0000e+00  -61.09833  -58.14367 1152257744 188.316509    33.9534       3875          8  0.000e+00
     51.316    -0.8247   2.758355    -0.8231   2.758468    8.03710     0.0434    13.8155 0.0000e+00  -61.09833  -58.14367 1152257744 188.316510    33.9536       3876          8  0.000e+00
     51.240    -0.8246   2.758305    -0.8234   2.758445    8.03702     0.0219    13.8155 0.0000e+00  -61.09833  -58.14367 1152257744 188.316510    33.9528       3877          8  0.000e+00
     51.307    -0.8241   2.758305    -0.8234   2.758434    8.03702    -0.0104    13.8155 0.0000e+00  -61.09833  -58.14367 1152257744 188.316511    33.9522       3878          8  0.000e+00
     51.240    -0.8242   2.758256    -0.8234   2.758451    8.03701     0.0112    13.8155 0.0000e+00  -61.09833  -58.14367 1152257744 188.316511    33.9518       3879          8  0.000e+00
     51.240    -0.8242   2.758227    -0.8231   2.758422    8.03703     0.0219    13.8155 0.0000e+00  -61.09833  -58.14367 1152257744 188.316512    33.9514       3880          8  0.000e+00
     52.366    -0.8205   2.758542    -0.8211   2.758457    8.03274     0.0757    13.8155 0.0000e+00  -61.09833  -58.14367 1152257749 188.316562    33.9507       3983          9  0.000e+00
     52.299    -0.8210   2.758565    -0.8221   2.758422    8.03744     0.0757    13.8155 0.0000e+00  -61.09833  -58.14367 1152257749 188.316562    33.9516       3984          9  0.000e+00
     52.299    -0.8210   2.758546    -0.8220   2.758428    8.03745     0.0650    13.8155 0.0000e+00  -61.09833  -58.14367 1152257749 188.316563    33.9514       3985          9  0.000e+00
     52.366    -0.8208   2.758529    -0.8220   2.758451    8.03752     0.0542    13.8155 0.0000e+00  -61.09833  -58.14367 1152257749 188.316563    33.9510       3986          9  0.000e+00
     52.366    -0.8210   2.758516    -0.8219   2.758474    8.03755     0.0112    13.8155 0.0000e+00  -61.09833  -58.14367 1152257749 188.316563    33.9509       3987          9  0.000e+00
     52.366    -0.8210   2.758529    -0.8211   2.758486    8.03284     0.0004    13.8155 0.0000e+00  -61.09833  -58.14367 1152257749 188.316564    33.9511       3988          9  0.000e+00
     52.366    -0.8216   2.758516    -0.8213   2.758503    8.03295     0.0327    13.8155 0.0000e+00  -61.09833  -58.14367 1152257749 188.316564    33.9516       3989          9  0.000e+00
     52.433    -0.8213   2.758493    -0.8222   2.758474    8.03299     0.0542    13.8155 0.0000e+00  -61.09833  -58.14367 1152257749 188.316565    33.9509       3990          9  0.000e+00
     52.366    -0.8218   2.758450    -0.8223   2.758457    8.03302     0.0434    13.8155 0.0000e+00  -61.09833  -58.14367 1152257749 188.316565    33.9509       3991          9  0.000e+00
     52.433    -0.8221   2.758411    -0.8218   2.758474    8.03788     0.0112    13.8155 0.0000e+00  -61.09833  -58.14367 1152257749 188.316566    33.9507       3992          9  0.000e+00
     52.433    -0.8227   2.758381    -0.8216   2.758521    8.03800     0.0327    13.8155 0.0000e+00  -61.09833  -58.14367 1152257749 188.316566    33.9510       3993          9  0.000e+00
     52.433    -0.8223   2.758362    -0.8216   2.758573    8.03794     0.0434    13.8155 0.0000e+00  -61.09833  -58.14367 1152257749 188.316567    33.9502       3994          9  0.000e+00
     52.433    -0.8229   2.758319    -0.8219   2.758532    8.03807     0.0219    13.8155 0.0000e+00  -61.09833  -58.14367 1152257749 188.316567    33.9503       3995          9  0.000e+00
     52.433    -0.8235   2.758309    -0.8216   2.758515    8.03818     0.0327    13.8155 0.0000e+00  -61.09833  -58.14367 1152257749 188.316568    33.9509       3996          9  0.000e+00
     52.433    -0.8238   2.758329    -0.8211   2.758509    8.03821     0.0219    13.8155 0.0000e+00  -61.09833  -58.14367 1152257749 188.316568    33.9515       3997          9  0.000e+00
     52.433    -0.8242   2.758365    -0.8210   2.758526    8.03354     0.0542    13.8155 0.0000e+00  -61.09833  -58.14367 1152257749 188.316569    33.9524       3998          9  0.000e+00
     52.433    -0.8232   2.758444    -0.8208   2.758555    8.03803     0.0219    13.8155 0.0000e+00  -61.09833  -58.14367 1152257749 188.316569    33.9524       3999          9  0.000e+00
     52.433    -0.8221   2.758496    -0.8205   2.758642    8.03311     0.0112    13.8155 0.0000e+00  -61.09833  -58.14367 1152257749 188.316570    33.9519       4000          9  0.000e+00
     52.433    -0.8218   2.758526    -0.8205   2.758671    8.03304     0.0327    13.8155 0.0000e+00  -61.09833  -58.14367 1152257749 188.316570    33.9519       4001          9  0.000e+00
     52.433    -0.8216   2.758565    -0.8203   2.758683    8.03769     0.0434    13.8155 0.0000e+00  -61.09833  -58.14367 1152257749 188.316571    33.9523       4002          9  0.000e+00
     52.433    -0.8210   2.758578    -0.8200   2.758711    8.03287     0.0327    13.8155 0.0000e+00  -61.09833  -58.14367 1152257750 188.316571    33.9517       4003          9  0.000e+00
     52.433    -0.8212   2.758588    -0.8204   2.758683    8.03289     0.0004    13.8155 0.0000e+00  -61.09833  -58.14367 1152257750 188.316572    33.9521       4004          9  0.000e+00
     52.433    -0.8210   2.758598    -0.8203   2.758625    8.03286     0.0004    13.8155 0.0000e+00  -61.09833  -58.14367 1152257750 188.316572    33.9520       4005          9  0.000e+00
     52.433    -0.8207   2.758618    -0.8205   2.758613    8.03280     0.0219    13.8155 0.0000e+00  -61.09833  -58.14367 1152257750 188.316573    33.9520       4006          9  0.000e+00
     52.366    -0.8202   2.758703    -0.8200   2.758654    8.03729    -0.0211    13.8155 0.0000e+00  -61.09833  -58.14367 1152257750 188.316573    33.9526       4007          9  0.000e+00
     52.433    -0.8195   2.758710    -0.8202   2.758648    8.03724    -0.0104    13.8155 0.0000e+00  -61.09833  -58.14367 1152257750 188.316574    33.9518       4008          9  0.000e+00
     52.366    -0.8195   2.758743    -0.8202   2.758665    8.03714     0.0112    13.8155 0.0000e+00  -61.09833  -58.14367 1152257750 188.316574    33.9523       4009          9  0.000e+00
     52.366    -0.8199   2.758707    -0.8202   2.758665    8.03724     0.0327    13.8155 0.0000e+00  -61.09833  -58.14367 1152257750 188.316575    33.9523       4010          9  0.000e+00
     52.366    -0.8198   2.758621    -0.8196   2.758688    8.03727     0.0219    13.8155 0.0000e+00  -61.09833  -58.14367 1152257750 188.316575    33.9510       4011          9  0.000e+00
     52.366    -0.8205   2.758611    -0.8197   2.758700    8.03269     0.0112    13.8155 0.0000e+00  -61.09833  -58.14367 1152257750 188.316576    33.9516       4012          9  0.000e+00
     52.299    -0.8202   2.758621    -0.8194   2.758711    8.03257    -0.0104    13.8155 0.0000e+00  -61.09833  -58.14367 1152257750 188.316576    33.9516       4013          9  0.000e+00
     52.366    -0.8201   2.758624    -0.8196   2.758717    8.03262     0.0219    13.8155 0.0000e+00  -61.09833  -58.14367 1152257750 188.316576    33.9514       4014          9  0.000e+00
     52.299    -0.8204   2.758605    -0.8197   2.758717    8.03731     0.0004    13.8155 0.0000e+00  -61.09833  -58.14367 1152257750 188.316577    33.9515       4015          9  0.000e+00
