product_data/regression_test/downloaded_data/MDGS/320620060703/ctd/p6609303.cnv
* Sea-Bird SBE 9 Data File:
* FileName = D:\Data\Raw\P6609303.dat
* Software Version Seasave Win32 V 5.32
* Temperature SN = 1649
* Conductivity SN = 1431
* Number of Bytes Per Scan = 37
* Number of Voltage Words = 5
* Number of Scans Averaged by the Deck Unit = 1
* NMEA Latitude = 61 07.51 S
* NMEA Longitude = 058 05.60 W
* NMEA UTC (Time) = 00:05:51
** Ship:   Nathaniel B. Palmer nbp
** Cruise:    NBP0603 nbp0606
** Cast #: 01
** Station:   93
** Operator: yz
# nquan = 15
# nvalues = 1101                        
# units = specified
# name 0 = prDM: Pressure, Digiquartz [db]
# name 1 = t090C: Temperature [ITS-90, deg C]
# name 2 = c0S/m: Conductivity [S/m]
# name 3 = t190C: Temperature, 2 [ITS-90, deg C]
# name 4 = c1S/m: Conductivity, 2 [S/m]
# name 5 = sbeox0ML/L: Oxygen, SBE 43 [ml/l]
# name 6 = flECO-AFL: Fluorescence, Wetlab ECO-AFL/FL [mg/m^3]
# name 7 = bat: Beam Attenuation, Chelsea/Seatech/Wetlab CStar [1/m]
# name 8 = spar: SPAR/Surface Irradiance
# name 9 = latitude: Latitude [deg]
# name 10 = longitude: Longitude [deg]
# name 11 = timeY: Time, System [seconds]
# name 12 = timeJ: Julian Days
# name 13 = sal00: Salinity [PSU]
# name 14 = flag: flag
# span 0 =      6.000,   1106.000       
# span 1 =    -0.7384,     1.9727       
# span 2 =   2.764533,   3.068780       
# span 3 =    -0.7373,     1.9738       
# span 4 =   2.765127,   3.068979       
# span 5 =    4.33983,    7.99856       
# span 6 =    -0.1181,     0.3050       
# span 7 =    13.8155,    13.8155       
# span 8 = 0.0000e+00, 0.0000e+00       
# span 9 =  -61.12517,  -61.12517       
# span 10 =  -58.09333,  -58.09333      
# span 11 = 1152576381, 1152577940      
# span 12 = 192.004432, 192.022477      
# span 13 =    33.9544,    34.7279      
# span 14 = 0.0000e+00, 0.0000e+00      
# interval = decibars: 1                
# start_time = Jul 11 2006 00:05:59
# bad_flag = -9.990e-29
*END*
[from data line 579]
    585.000     1.8372   3.067463     1.8378   3.067741    4.54657    -0.0867    13.8155 0.0000e+00  -61.12517  -58.09333 1152577260 192.014610    34.7165 0.0000e+00
    586.000     1.8365   3.067446     1.8370   3.067721    4.54552    -0.0752    13.8155 0.0000e+00  -61.12517  -58.09333 1152577261 192.014620    34.7166 0.0000e+00
    587.000     1.8363   3.067483     1.8369   3.067754    4.54492    -0.0728    13.8155 0.0000e+00  -61.12517  -58.09333 1152577262 192.014629    34.7166 0.0000e+00
    588.000     1.8350   3.067412     1.8355   3.067706    4.54482    -0.0761    13.8155 0.0000e+00  -61.12517  -58.09333 1152577262 192.014637    34.7165 0.0000e+00
    589.000     1.8318   3.067191     1.8324   3.067477    4.54381    -0.0763    13.8155 0.0000e+00  -61.12517  -58.09333 1152577263 192.014645    34.7169 0.0000e+00
    590.000     1.8310   3.067174     1.8316   3.067454    4.54228    -0.0925    13.8155 0.0000e+00  -61.12517  -58.09333 1152577264 192.014655    34.7170 0.0000e+00
    591.000     1.8302   3.067160     1.8306   3.067420    4.54044    -0.0842    13.8155 0.0000e+00  -61.12517  -58.09333 1152577265 192.014667    34.7171 0.0000e+00
    592.000     1.8295   3.067152     1.8299   3.067404    4.54341    -0.0863    13.8155 0.0000e+00  -61.12517  -58.09333 1152577267 192.014694    34.7171 0.0000e+00
    593.000     1.8297   3.067205     1.8305   3.067507    4.54886    -0.0884    13.8155 0.0000e+00  -61.12517  -58.09333 1152577270 192.014728    34.7169 0.0000e+00
    594.000     1.8234   3.066762     1.8240   3.067036    4.55172    -0.0857    13.8155 0.0000e+00  -61.12517  -58.09333 1152577272 192.014743    34.7180 0.0000e+00
    595.000     1.8222   3.066713     1.8227   3.066988    4.55448    -0.1019    13.8155 0.0000e+00  -61.12517  -58.09333 1152577273 192.014755    34.7180 0.0000e+00
    596.000     1.8214   3.066693     1.8220   3.066971    4.55603    -0.0698    13.8155 0.0000e+00  -61.12517  -58.09333 1152577274 192.014766    34.7181 0.0000e+00
    597.000     1.8211   3.066713     1.8217   3.066996    4.55493    -0.0959    13.8155 0.0000e+00  -61.12517  -58.09333 1152577274 192.014775    34.7181 0.0000e+00
    598.000     1.8206   3.066716     1.8211   3.066994    4.55280    -0.0903    13.8155 0.0000e+00  -61.12517  -58.09333 1152577275 192.014783    34.7181 0.0000e+00
    599.000     1.8198   3.066709     1.8204   3.066982    4.55210    -0.0814    13.8155 0.0000e+00  -61.12517  -58.09333 1152577276 192.014792    34.7183 0.0000e+00
    600.000     1.8193   3.066705     1.8198   3.066986    4.55205    -0.0843    13.8155 0.0000e+00  -61.12517  -58.09333 1152577276 192.014800    34.7183 0.0000e+00
    601.000     1.8188   3.066708     1.8193   3.066986    4.55216    -0.0817    13.8155 0.0000e+00  -61.12517  -58.09333 1152577277 192.014809    34.7183 0.0000e+00
    602.000     1.8191   3.066778     1.8196   3.067038    4.55407    -0.0791    13.8155 0.0000e+00  -61.12517  -58.09333 1152577280 192.014839    34.7182 0.0000e+00
    603.000     1.8195   3.066866     1.8200   3.067130    4.56016    -0.0870    13.8155 0.0000e+00  -61.12517  -58.09333 1152577283 192.014878    34.7183 0.0000e+00
    604.000     1.8171   3.066718     1.8177   3.067002    4.56139    -0.0852    13.8155 0.0000e+00  -61.12517  -58.09333 1152577284 192.014890    34.7185 0.0000e+00
    605.000     1.8166   3.066727     1.8171   3.066986    4.56185    -0.0659    13.8155 0.0000e+00  -61.12517  -58.09333 1152577285 192.014900    34.7187 0.0000e+00
    606.000     1.8161   3.066728     1.8166   3.067006    4.56185    -0.0930    13.8155 0.0000e+00  -61.12517  -58.09333 1152577286 192.014910    34.7186 0.0000e+00
    607.000     1.8150   3.066680     1.8155   3.066963    4.56095    -0.0751    13.8155 0.0000e+00  -61.12517  -58.09333 1152577287 192.014921    34.7187 0.0000e+00
    608.000     1.8141   3.066671     1.8148   3.066951    4.56116    -0.0870    13.8155 0.0000e+00  -61.12517  -58.09333 1152577288 192.014932    34.7190 0.0000e+00
    609.000     1.8136   3.066672     1.8142   3.066950    4.56160    -0.0680    13.8155 0.0000e+00  -61.12517  -58.09333 1152577289 192.014944    34.7190 0.0000e+00
    610.000     1.8135   3.066704     1.8140   3.066981    4.56118    -0.0763    13.8155 0.0000e+00  -61.12517  -58.09333 1152577290 192.014955    34.7189 0.0000e+00
    611.000     1.8128   3.066694     1.8133   3.066970    4.55990    -0.0859    13.8155 0.0000e+00  -61.12517  -58.09333 1152577291 192.014966    34.7190 0.0000e+00
    612.000     1.8124   3.066704     1.8129   3.066981    4.56048    -0.0786    13.8155 0.0000e+00  -61.12517  -58.09333 1152577292 192.014978    34.7190 0.0000e+00
    613.000     1.8124   3.066741     1.8133   3.067030    4.56201    -0.0862    13.8155 0.0000e+00  -61.12517  -58.09333 1152577294 192.015007    34.7189 0.0000e+00
    614.000     1.8114   3.066711     1.8119   3.066981    4.56383    -0.0732    13.8155 0.0000e+00  -61.12517  -58.09333 1152577296 192.015030    34.7191 0.0000e+00
    615.000     1.8099   3.066651     1.8105   3.066920    4.56460    -0.0772    13.8155 0.0000e+00  -61.12517  -58.09333 1152577298 192.015044    34.7194 0.0000e+00
    616.000     1.8092   3.066637     1.8096   3.066911    4.56875    -0.0845    13.8155 0.0000e+00  -61.12517  -58.09333 1152577299 192.015056    34.7194 0.0000e+00
    617.000     1.8086   3.066642     1.8090   3.066907    4.57055    -0.1005    13.8155 0.0000e+00  -61.12517  -58.09333 1152577300 192.015067    34.7196 0.0000e+00
    618.000     1.8076   3.066610     1.8082   3.066884    4.57096    -0.0949    13.8155 0.0000e+00  -61.12517  -58.09333 1152577301 192.015078    34.7198 0.0000e+00
    619.000     1.8056   3.066499     1.8060   3.066769    4.57144    -0.0777    13.8155 0.0000e+00  -61.12517  -58.09333 1152577302 192.015090    34.7200 0.0000e+00
    620.000     1.8029   3.066333     1.8035   3.066608    4.57212    -0.0950    13.8155 0.0000e+00  -61.12517  -58.09333 1152577303 192.015105    34.7204 0.0000e+00
    621.000     1.8017   3.066283     1.8023   3.066556    4.57421    -0.0885    13.8155 0.0000e+00  -61.12517  -58.09333 1152577305 192.015124    34.7205 0.0000e+00
    622.000     1.8007   3.066242     1.8012   3.066515    4.57803    -0.0876    13.8155 0.0000e+00  -61.12517  -58.09333 1152577306 192.015143    34.7205 0.0000e+00
    623.000     1.8003   3.066256     1.8007   3.066527    4.58026    -0.0894    13.8155 0.0000e+00  -61.12517  -58.09333 1152577307 192.015158    34.7205 0.0000e+00
    624.000     1.7993   3.066223     1.7998   3.066506    4.58267    -0.0812    13.8155 0.0000e+00  -61.12517  -58.09333 1152577308 192.015170    34.7207 0.0000e+00
    625.000     1.7989   3.066240     1.7995   3.066526    4.58220    -0.0799    13.8155 0.0000e+00  -61.12517  -58.09333 1152577309 192.015180    34.7207 0.0000e+00
    626.000     1.7987   3.066281     1.7993   3.066554    4.58262    -0.0827    13.8155 0.0000e+00  -61.12517  -58.09333 1152577310 192.015190    34.7209 0.0000e+00
    627.000     1.7986   3.066313     1.7992   3.066586    4.58291    -0.0869    13.8155 0.0000e+00  -61.12517  -58.09333 1152577311 192.015205    34.7208 0.0000e+00
    628.000     1.7986   3.066352     1.7991   3.066626    4.58369    -0.0873    13.8155 0.0000e+00  -61.12517  -58.09333 1152577313 192.015225    34.7208 0.0000e+00
    629.000     1.7984   3.066379     1.7989   3.066649    4.58302    -0.0845    13.8155 0.0000e+00  -61.12517  -58.09333 1152577315 192.015243    34.7208 0.0000e+00
    630.000     1.7982   3.066418     1.7989   3.066697    4.58595    -0.0838    13.8155 0.0000e+00  -61.12517  -58.09333 1152577316 192.015260    34.7209 0.0000e+00
    631.000     1.7983   3.066468     1.7989   3.066746    4.58940    -0.0860    13.8155 0.0000e+00  -61.12517  -58.09333 1152577318 192.015278    34.7208 0.0000e+00
    632.000     1.7983   3.066523     1.7989   3.066787    4.59076    -0.1020    13.8155 0.0000e+00  -61.12517  -58.09333 1152577319 192.015293    34.7210 0.0000e+00
    633.000     1.7981   3.066552     1.7986   3.066817    4.59135    -0.0812    13.8155 0.0000e+00  -61.12517  -58.09333 1152577320 192.015306    34.7210 0.0000e+00
    634.000     1.7971   3.066520     1.7978   3.066793    4.59172    -0.0877    13.8155 0.0000e+00  -61.12517  -58.09333 1152577321 192.015316    34.7211 0.0000e+00
    635.000     1.7961   3.066498     1.7968   3.066781    4.59207    -0.0805    13.8155 0.0000e+00  -61.12517  -58.09333 1152577322 192.015327    34.7214 0.0000e+00
    636.000     1.7950   3.066452     1.7956   3.066725    4.59241    -0.0943    13.8155 0.0000e+00  -61.12517  -58.09333 1152577323 192.015338    34.7216 0.0000e+00
    637.000     1.7941   3.066422     1.7946   3.066689    4.59048    -0.0897    13.8155 0.0000e+00  -61.12517  -58.09333 1152577324 192.015351    34.7216 0.0000e+00
    638.000     1.7934   3.066402     1.7940   3.066688    4.59355    -0.0953    13.8155 0.0000e+00  -61.12517  -58.09333 1152577326 192.015369    34.7215 0.0000e+00
    639.000     1.7929   3.066420     1.7936   3.066694    4.59470    -0.0810    13.8155 0.0000e+00  -61.12517  -58.09333 1152577327 192.015387    34.7217 0.0000e+00
    640.000     1.7922   3.066401     1.7928   3.066677    4.59541    -0.0825    13.8155 0.0000e+00  -61.12517  -58.09333 1152577329 192.015403    34.7216 0.0000e+00
    641.000     1.7912   3.066366     1.7919   3.066653    4.59720    -0.0811    13.8155 0.0000e+00  -61.12517  -58.09333 1152577330 192.015419    34.7218 0.0000e+00
    642.000     1.7900   3.066319     1.7906   3.066591    4.60040    -0.0807    13.8155 0.0000e+00  -61.12517  -58.09333 1152577332 192.015439    34.7219 0.0000e+00
    643.000     1.7896   3.066347     1.7902   3.066614    4.60199    -0.0835    13.8155 0.0000e+00  -61.12517  -58.09333 1152577333 192.015455    34.7221 0.0000e+00
    644.000     1.7895   3.066379     1.7900   3.066645    4.60110    -0.0926    13.8155 0.0000e+00  -61.12517  -58.09333 1152577334 192.015466    34.7221 0.0000e+00
    645.000     1.7899   3.066444     1.7904   3.066715    4.59921    -0.0777    13.8155 0.0000e+00  -61.12517  -58.09333 1152577335 192.015476    34.7220 0.0000e+00
    646.000     1.7893   3.066436     1.7899   3.066716    4.59968    -0.0945    13.8155 0.0000e+00  -61.12517  -58.09333 1152577336 192.015486    34.7219 0.0000e+00
    647.000     1.7889   3.066452     1.7896   3.066729    4.60012    -0.0836    13.8155 0.0000e+00  -61.12517  -58.09333 1152577337 192.015501    34.7220 0.0000e+00
    648.000     1.7882   3.066438     1.7890   3.066739    4.60129    -0.0762    13.8155 0.0000e+00  -61.12517  -58.09333 1152577339 192.015523    34.7220 0.0000e+00
    649.000     1.7876   3.066444     1.7882   3.066719    4.60268    -0.0867    13.8155 0.0000e+00  -61.12517  -58.09333 1152577340 192.015539    34.7223 0.0000e+00
    650.000     1.7875   3.066480     1.7880   3.066742    4.60265    -0.0732    13.8155 0.0000e+00  -61.12517  -58.09333 1152577341 192.015552    34.7222 0.0000e+00
    651.000     1.7873   3.066498     1.7877   3.066771    4.60035    -0.0892    13.8155 0.0000e+00  -61.12517  -58.09333 1152577343 192.015564    34.7221 0.0000e+00
    652.000     1.7858   3.066423     1.7862   3.066689    4.59993    -0.0748    13.8155 0.0000e+00  -61.12517  -58.09333 1152577344 192.015577    34.7223 0.0000e+00
    653.000     1.7846   3.066378     1.7853   3.066643    4.60091    -0.0755    13.8155 0.0000e+00  -61.12517  -58.09333 1152577345 192.015591    34.7225 0.0000e+00
    654.000     1.7838   3.066331     1.7842   3.066610    4.60618    -0.0897    13.8155 0.0000e+00  -61.12517  -58.09333 1152577346 192.015608    34.7223 0.0000e+00
    655.000     1.7778   3.065877     1.7781   3.066151    4.60803    -0.0815    13.8155 0.0000e+00  -61.12517  -58.09333 1152577348 192.015625    34.7226 0.0000e+00
    656.000     1.7753   3.065710     1.7757   3.065989    4.60800    -0.0942    13.8155 0.0000e+00  -61.12517  -58.09333 1152577349 192.015640    34.7228 0.0000e+00
    657.000     1.7703   3.065331     1.7708   3.065618    4.60731    -0.0819    13.8155 0.0000e+00  -61.12517  -58.09333 1152577350 192.015654    34.7230 0.0000e+00
    658.000     1.7670   3.065090     1.7674   3.065363    4.60988    -0.0894    13.8155 0.0000e+00  -61.12517  -58.09333 1152577352 192.015671    34.7231 0.0000e+00
    659.000     1.7659   3.065047     1.7665   3.065331    4.60920    -0.0907    13.8155 0.0000e+00  -61.12517  -58.09333 1152577353 192.015685    34.7232 0.0000e+00
    660.000     1.7658   3.065089     1.7663   3.065364    4.60775    -0.0694    13.8155 0.0000e+00  -61.12517  -58.09333 1152577354 192.015698    34.7233 0.0000e+00
    661.000     1.7657   3.065109     1.7661   3.065387    4.60563    -0.0822    13.8155 0.0000e+00  -61.12517  -58.09333 1152577355 192.015709    34.7230 0.0000e+00
    662.000     1.7653   3.065144     1.7660   3.065424    4.60434    -0.0946    13.8155 0.0000e+00  -61.12517  -58.09333 1152577356 192.015722    34.7232 0.0000e+00
    663.000     1.7648   3.065135     1.7656   3.065424    4.60407    -0.0765    13.8155 0.0000e+00  -61.12517  -58.09333 1152577358 192.015742    34.7230 0.0000e+00
    664.000     1.7638   3.065088     1.7641   3.065366    4.60502    -0.0775    13.8155 0.0000e+00  -61.12517  -58.09333 1152577360 192.015762    34.7230 0.0000e+00
    665.000     1.7628   3.065061     1.7632   3.065331    4.60552    -0.0663    13.8155 0.0000e+00  -61.12517  -58.09333 1152577361 192.015774    34.7232 0.0000e+00
    666.000     1.7620   3.065029     1.7625   3.065307    4.60590    -0.0757    13.8155 0.0000e+00  -61.12517  -58.09333 1152577362 192.015786    34.7232 0.0000e+00
    667.000     1.7611   3.065001     1.7616   3.065281    4.60491    -0.0939    13.8155 0.0000e+00  -61.12517  -58.09333 1152577363 192.015798    34.7232 0.0000e+00
    668.000     1.7607   3.065012     1.7612   3.065292    4.60731    -0.0764    13.8155 0.0000e+00  -61.12517  -58.09333 1152577364 192.015813    34.7232 0.0000e+00
    669.000     1.7597   3.064969     1.7601   3.065250    4.60842    -0.0748    13.8155 0.0000e+00  -61.12517  -58.09333 1152577365 192.015828    34.7232 0.0000e+00
    670.000     1.7582   3.064900     1.7587   3.065178    4.60842    -0.0807    13.8155 0.0000e+00  -61.12517  -58.09333 1152577366 192.015841    34.7234 0.0000e+00
    671.000     1.7548   3.064657     1.7553   3.064936    4.60707    -0.0937    13.8155 0.0000e+00  -61.12517  -58.09333 1152577368 192.015855    34.7236 0.0000e+00
    672.000     1.7529   3.064528     1.7533   3.064801    4.60642    -0.0794    13.8155 0.0000e+00  -61.12517  -58.09333 1152577369 192.015875    34.7235 0.0000e+00
    673.000     1.7511   3.064423     1.7516   3.064706    4.60984    -0.0885    13.8155 0.0000e+00  -61.12517  -58.09333 1152577371 192.015893    34.7236 0.0000e+00
    674.000     1.7508   3.064450     1.7512   3.064719    4.61314    -0.0747    13.8155 0.0000e+00  -61.12517  -58.09333 1152577372 192.015907    34.7237 0.0000e+00
    675.000     1.7497   3.064416     1.7504   3.064693    4.61438    -0.0978    13.8155 0.0000e+00  -61.12517  -58.09333 1152577373 192.015920    34.7238 0.0000e+00
    676.000     1.7494   3.064426     1.7500   3.064706    4.61567    -0.0855    13.8155 0.0000e+00  -61.12517  -58.09333 1152577374 192.015932    34.7238 0.0000e+00
    677.000     1.7491   3.064451     1.7499   3.064735    4.61538    -0.0884    13.8155 0.0000e+00  -61.12517  -58.09333 1152577375 192.015945    34.7238 0.0000e+00
    678.000     1.7470   3.064298     1.7476   3.064585    4.61448    -0.0797    13.8155 0.0000e+00  -61.12517  -58.09333 1152577376 192.015957    34.7237 0.0000e+00
    679.000     1.7450   3.064169     1.7456   3.064444    4.61198    -0.0811    13.8155 0.0000e+00  -61.12517  -58.09333 1152577378 192.015972    34.7237 0.0000e+00
