product_data/regression_test/downloaded_data/MDGS/320620060703/ctd/p6607201.cnv
* Sea-Bird SBE 9 Data File:
* FileName = D:\Data\Raw\p6607201.dat
* Software Version Seasave Win32 V 5.32
* Temperature SN = 1649
* Conductivity SN = 1431
* Number of Bytes Per Scan = 37
* Number of Voltage Words = 5
* Number of Scans Averaged by the Deck Unit = 1
* NMEA Latitude = 62 12.88 S
* NMEA Longitude = 058 07.66 W
* NMEA UTC (Time) = 05:07:40
** Ship:   Nathaniel B. Palmer 
** Cruise:    NBP0606 
# nquan = 15
# nvalues = 580                         
# units = specified
# name 0 = prDM: Pressure, Digiquartz [db]
# name 1 = t090C: Temperature [ITS-90, deg C]
# name 2 = c0S/m: Conductivity [S/m]
# name 3 = t190C: Temperature, 2 [ITS-90, deg C]
# name 4 = c1S/m: Conductivity, 2 [S/m]
# name 5 = sbeox0ML/L: Oxygen, SBE 43 [ml/l]
# name 6 = flECO-AFL: Fluorescence, Wetlab ECO-AFL/FL [mg/m^3]
# name 7 = bat: Beam Attenuation, Chelsea/Seatech/Wetlab CStar [1/m]
# name 8 = spar: SPAR/Surface Irradiance
# name 9 = latitude: Latitude [deg]
# name 10 = longitude: Longitude [deg]
# name 11 = timeY: Time, System [seconds]
# name 12 = timeJ: Julian Days
# name 13 = sal00: Salinity [PSU]
# name 14 = flag: flag
# span 0 =      2.000,    581.000       
# span 1 =    -1.1645,     0.2498       
# span 2 =   2.766766,   2.914438       
# span 3 =    -1.1609,     0.2503       
# span 4 =   2.767200,   2.914316       
# span 5 =    5.82867,    7.52417       
# span 6 =    -0.1080,     0.0199       
# span 7 =    13.8155,    13.8155       
# span 8 = 0.0000e+00, 0.0000e+00       
# span 9 =  -62.21467,  -62.21467       
# span 10 =  -58.12767,  -58.12767      
# span 11 = 1152335289, 1152336222      
# span 12 = 189.214009, 189.224809      
# span 13 =    34.2217,    34.5386      
# span 14 = 0.0000e+00, 0.0000e+00      
# interval = decibars: 1                
# start_time = Jul 08 2006 05:07:47
# bad_flag = -9.990e-29
*END*
[from data line 482]
    484.000     0.0709   2.893742     0.0719   2.893666    6.05858    -0.0701    13.8155 0.0000e+00  -62.21467  -58.12767 1152336030 189.222582    34.4950 0.0000e+00
    485.000     0.0725   2.893974     0.0730   2.893832    6.05377    -0.0847    13.8155 0.0000e+00  -62.21467  -58.12767 1152336031 189.222599    34.4958 0.0000e+00
    486.000     0.0753   2.894349     0.0767   2.894327    6.04695    -0.0694    13.8155 0.0000e+00  -62.21467  -58.12767 1152336032 189.222613    34.4970 0.0000e+00
    487.000     0.0783   2.894753     0.0800   2.894770    6.03987    -0.0831    13.8155 0.0000e+00  -62.21467  -58.12767 1152336033 189.222626    34.4984 0.0000e+00
    488.000     0.0815   2.895249     0.0825   2.895173    6.03436    -0.0824    13.8155 0.0000e+00  -62.21467  -58.12767 1152336035 189.222639    34.5007 0.0000e+00
    489.000     0.0817   2.895309     0.0823   2.895203    6.03165    -0.0669    13.8155 0.0000e+00  -62.21467  -58.12767 1152336036 189.222654    34.5008 0.0000e+00
    490.000     0.0820   2.895394     0.0824   2.895273    6.02649    -0.0938    13.8155 0.0000e+00  -62.21467  -58.12767 1152336037 189.222668    34.5010 0.0000e+00
    491.000     0.0874   2.896019     0.0883   2.895917    6.02226    -0.0698    13.8155 0.0000e+00  -62.21467  -58.12767 1152336038 189.222683    34.5025 0.0000e+00
    492.000     0.0837   2.895721     0.0838   2.895569    6.02032    -0.0753    13.8155 0.0000e+00  -62.21467  -58.12767 1152336040 189.222703    34.5024 0.0000e+00
    493.000     0.0851   2.895889     0.0856   2.895756    6.02042    -0.0782    13.8155 0.0000e+00  -62.21467  -58.12767 1152336042 189.222721    34.5024 0.0000e+00
    494.000     0.0851   2.895902     0.0863   2.895861    6.01744    -0.0635    13.8155 0.0000e+00  -62.21467  -58.12767 1152336043 189.222732    34.5020 0.0000e+00
    495.000     0.0855   2.895973     0.0862   2.895898    6.01691    -0.0806    13.8155 0.0000e+00  -62.21467  -58.12767 1152336043 189.222743    34.5021 0.0000e+00
    496.000     0.0841   2.895914     0.0873   2.896052    6.01640    -0.0783    13.8155 0.0000e+00  -62.21467  -58.12767 1152336044 189.222754    34.5023 0.0000e+00
    497.000     0.0872   2.896261     0.0884   2.896205    6.01632    -0.0897    13.8155 0.0000e+00  -62.21467  -58.12767 1152336046 189.222771    34.5027 0.0000e+00
    498.000     0.0876   2.896339     0.0893   2.896354    6.01215    -0.0781    13.8155 0.0000e+00  -62.21467  -58.12767 1152336048 189.222791    34.5027 0.0000e+00
    499.000     0.0854   2.896196     0.0882   2.896238    6.01135    -0.0804    13.8155 0.0000e+00  -62.21467  -58.12767 1152336049 189.222806    34.5029 0.0000e+00
    500.000     0.0844   2.896278     0.0843   2.896059    6.00748    -0.0876    13.8155 0.0000e+00  -62.21467  -58.12767 1152336050 189.222820    34.5044 0.0000e+00
    501.000     0.0909   2.896997     0.0907   2.896779    6.00797    -0.0832    13.8155 0.0000e+00  -62.21467  -58.12767 1152336051 189.222836    34.5059 0.0000e+00
    502.000     0.0853   2.896487     0.0852   2.896380    6.01112    -0.0854    13.8155 0.0000e+00  -62.21467  -58.12767 1152336053 189.222853    34.5049 0.0000e+00
    503.000     0.0834   2.896402     0.0829   2.896171    6.00881    -0.0857    13.8155 0.0000e+00  -62.21467  -58.12767 1152336054 189.222866    34.5057 0.0000e+00
    504.000     0.0908   2.897115     0.0898   2.896868    6.00799    -0.0696    13.8155 0.0000e+00  -62.21467  -58.12767 1152336055 189.222877    34.5058 0.0000e+00
    505.000     0.0887   2.896969     0.0886   2.896794    6.00672    -0.0861    13.8155 0.0000e+00  -62.21467  -58.12767 1152336056 189.222888    34.5058 0.0000e+00
    506.000     0.0862   2.896777     0.0874   2.896734    6.00395    -0.0824    13.8155 0.0000e+00  -62.21467  -58.12767 1152336057 189.222903    34.5055 0.0000e+00
    507.000     0.0954   2.897686     0.0963   2.897618    6.00053    -0.0841    13.8155 0.0000e+00  -62.21467  -58.12767 1152336059 189.222925    34.5064 0.0000e+00
    508.000     0.0924   2.897469     0.0917   2.897262    6.00002    -0.0869    13.8155 0.0000e+00  -62.21467  -58.12767 1152336060 189.222939    34.5064 0.0000e+00
    509.000     0.0921   2.897477     0.0938   2.897481    5.99772    -0.0857    13.8155 0.0000e+00  -62.21467  -58.12767 1152336061 189.222950    34.5064 0.0000e+00
    510.000     0.0988   2.898149     0.1015   2.898226    5.99704    -0.0894    13.8155 0.0000e+00  -62.21467  -58.12767 1152336062 189.222962    34.5069 0.0000e+00
    511.000     0.1040   2.898684     0.1048   2.898602    5.99637    -0.0759    13.8155 0.0000e+00  -62.21467  -58.12767 1152336064 189.222983    34.5075 0.0000e+00
    512.000     0.1040   2.898738     0.1047   2.898647    5.99259    -0.0837    13.8155 0.0000e+00  -62.21467  -58.12767 1152336066 189.223005    34.5076 0.0000e+00
    513.000     0.1028   2.898660     0.1022   2.898464    5.99224    -0.0789    13.8155 0.0000e+00  -62.21467  -58.12767 1152336067 189.223016    34.5073 0.0000e+00
    514.000     0.1032   2.898758     0.1044   2.898712    5.99206    -0.0927    13.8155 0.0000e+00  -62.21467  -58.12767 1152336068 189.223026    34.5077 0.0000e+00
    515.000     0.1039   2.898868     0.1045   2.898802    5.98591    -0.0804    13.8155 0.0000e+00  -62.21467  -58.12767 1152336069 189.223036    34.5078 0.0000e+00
    516.000     0.1348   2.902020     0.1291   2.901195    5.97417    -0.0820    13.8155 0.0000e+00  -62.21467  -58.12767 1152336070 189.223052    34.5120 0.0000e+00
    517.000     0.1526   2.903718     0.1512   2.903417    5.95956    -0.0647    13.8155 0.0000e+00  -62.21467  -58.12767 1152336072 189.223075    34.5147 0.0000e+00
    518.000     0.1553   2.904048     0.1575   2.904080    5.95272    -0.0792    13.8155 0.0000e+00  -62.21467  -58.12767 1152336074 189.223089    34.5155 0.0000e+00
    519.000     0.1562   2.904180     0.1536   2.903789    5.94732    -0.0847    13.8155 0.0000e+00  -62.21467  -58.12767 1152336074 189.223100    34.5158 0.0000e+00
    520.000     0.1577   2.904362     0.1574   2.904166    5.94052    -0.0832    13.8155 0.0000e+00  -62.21467  -58.12767 1152336076 189.223115    34.5160 0.0000e+00
    521.000     0.1592   2.904573     0.1605   2.904515    5.93193    -0.0891    13.8155 0.0000e+00  -62.21467  -58.12767 1152336077 189.223134    34.5166 0.0000e+00
    522.000     0.1573   2.904441     0.1566   2.904189    5.92867    -0.0824    13.8155 0.0000e+00  -62.21467  -58.12767 1152336079 189.223149    34.5167 0.0000e+00
    523.000     0.1653   2.905284     0.1686   2.905439    5.92319    -0.0870    13.8155 0.0000e+00  -62.21467  -58.12767 1152336080 189.223161    34.5182 0.0000e+00
    524.000     0.1789   2.906698     0.1770   2.906247    5.91506    -0.0814    13.8155 0.0000e+00  -62.21467  -58.12767 1152336081 189.223172    34.5211 0.0000e+00
    525.000     0.2097   2.909680     0.2104   2.909519    5.90203    -0.0867    13.8155 0.0000e+00  -62.21467  -58.12767 1152336082 189.223188    34.5240 0.0000e+00
    526.000     0.2184   2.910558     0.2207   2.910579    5.89035    -0.0859    13.8155 0.0000e+00  -62.21467  -58.12767 1152336084 189.223208    34.5253 0.0000e+00
    527.000     0.2193   2.910698     0.2222   2.910775    5.88320    -0.0989    13.8155 0.0000e+00  -62.21467  -58.12767 1152336085 189.223222    34.5258 0.0000e+00
    528.000     0.2290   2.911691     0.2337   2.911928    5.87502    -0.1061    13.8155 0.0000e+00  -62.21467  -58.12767 1152336086 189.223234    34.5274 0.0000e+00
    529.000     0.2458   2.913361     0.2471   2.913270    5.86747    -0.0938    13.8155 0.0000e+00  -62.21467  -58.12767 1152336087 189.223248    34.5295 0.0000e+00
    530.000     0.2435   2.913172     0.2439   2.913029    5.85870    -0.0769    13.8155 0.0000e+00  -62.21467  -58.12767 1152336089 189.223269    34.5294 0.0000e+00
    531.000     0.2411   2.913078     0.2419   2.912945    5.85576    -0.0840    13.8155 0.0000e+00  -62.21467  -58.12767 1152336090 189.223287    34.5307 0.0000e+00
    532.000     0.2428   2.913264     0.2443   2.913231    5.85001    -0.0907    13.8155 0.0000e+00  -62.21467  -58.12767 1152336091 189.223299    34.5308 0.0000e+00
    533.000     0.2468   2.913778     0.2475   2.913636    5.84295    -0.0900    13.8155 0.0000e+00  -62.21467  -58.12767 1152336092 189.223309    34.5326 0.0000e+00
    534.000     0.2498   2.914373     0.2503   2.914230    5.83881    -0.1080    13.8155 0.0000e+00  -62.21467  -58.12767 1152336093 189.223319    34.5364 0.0000e+00
    535.000     0.2498   2.914438     0.2503   2.914316    5.83404    -0.0846    13.8155 0.0000e+00  -62.21467  -58.12767 1152336094 189.223333    34.5367 0.0000e+00
    536.000     0.2455   2.914175     0.2461   2.914066    5.82924    -0.0910    13.8155 0.0000e+00  -62.21467  -58.12767 1152336096 189.223357    34.5378 0.0000e+00
    537.000     0.2426   2.913989     0.2429   2.913853    5.82938    -0.0787    13.8155 0.0000e+00  -62.21467  -58.12767 1152336098 189.223378    34.5381 0.0000e+00
    538.000     0.2382   2.913661     0.2381   2.913483    5.82867    -0.0817    13.8155 0.0000e+00  -62.21467  -58.12767 1152336099 189.223392    34.5384 0.0000e+00
    539.000     0.2385   2.913716     0.2384   2.913548    5.82936    -0.0919    13.8155 0.0000e+00  -62.21467  -58.12767 1152336100 189.223404    34.5383 0.0000e+00
    540.000     0.2343   2.913401     0.2358   2.913392    5.82951    -0.0826    13.8155 0.0000e+00  -62.21467  -58.12767 1152336101 189.223416    34.5383 0.0000e+00
    541.000     0.2336   2.913404     0.2330   2.913201    5.83106    -0.0905    13.8155 0.0000e+00  -62.21467  -58.12767 1152336102 189.223427    34.5385 0.0000e+00
    542.000     0.2329   2.913377     0.2307   2.913052    5.83404    -0.0971    13.8155 0.0000e+00  -62.21467  -58.12767 1152336103 189.223439    34.5384 0.0000e+00
    543.000     0.2251   2.912749     0.2260   2.912680    5.83594    -0.0831    13.8155 0.0000e+00  -62.21467  -58.12767 1152336105 189.223455    34.5386 0.0000e+00
    544.000     0.2182   2.912174     0.2135   2.911663    5.84166    -0.0948    13.8155 0.0000e+00  -62.21467  -58.12767 1152336107 189.223476    34.5382 0.0000e+00
    545.000     0.1984   2.910514     0.1984   2.910391    5.84827    -0.0909    13.8155 0.0000e+00  -62.21467  -58.12767 1152336108 189.223493    34.5385 0.0000e+00
    546.000     0.1912   2.909910     0.1887   2.909582    5.85244    -0.0921    13.8155 0.0000e+00  -62.21467  -58.12767 1152336109 189.223507    34.5382 0.0000e+00
    547.000     0.1842   2.909344     0.1851   2.909333    5.85459    -0.0889    13.8155 0.0000e+00  -62.21467  -58.12767 1152336111 189.223522    34.5379 0.0000e+00
    548.000     0.1713   2.908295     0.1740   2.908404    5.85860    -0.1018    13.8155 0.0000e+00  -62.21467  -58.12767 1152336112 189.223536    34.5384 0.0000e+00
    549.000     0.1733   2.908506     0.1745   2.908485    5.86092    -0.0843    13.8155 0.0000e+00  -62.21467  -58.12767 1152336113 189.223549    34.5379 0.0000e+00
    550.000     0.1671   2.908012     0.1681   2.907962    5.86389    -0.0818    13.8155 0.0000e+00  -62.21467  -58.12767 1152336114 189.223561    34.5379 0.0000e+00
    551.000     0.1647   2.907824     0.1653   2.907781    5.86825    -0.0901    13.8155 0.0000e+00  -62.21467  -58.12767 1152336115 189.223575    34.5375 0.0000e+00
    552.000     0.1559   2.907136     0.1576   2.907134    5.87102    -0.0886    13.8155 0.0000e+00  -62.21467  -58.12767 1152336117 189.223593    34.5379 0.0000e+00
    553.000     0.1539   2.906967     0.1535   2.906824    5.87839    -0.0933    13.8155 0.0000e+00  -62.21467  -58.12767 1152336118 189.223610    34.5370 0.0000e+00
    554.000     0.1346   2.905309     0.1355   2.905317    5.88715    -0.0929    13.8155 0.0000e+00  -62.21467  -58.12767 1152336119 189.223624    34.5366 0.0000e+00
    555.000     0.1293   2.904907     0.1294   2.904826    5.89141    -0.0842    13.8155 0.0000e+00  -62.21467  -58.12767 1152336120 189.223636    34.5368 0.0000e+00
    556.000     0.1327   2.905268     0.1292   2.904840    5.89996    -0.0835    13.8155 0.0000e+00  -62.21467  -58.12767 1152336122 189.223649    34.5369 0.0000e+00
    557.000     0.1248   2.904590     0.1217   2.904205    5.90168    -0.0920    13.8155 0.0000e+00  -62.21467  -58.12767 1152336123 189.223667    34.5361 0.0000e+00
    558.000     0.1109   2.903362     0.1083   2.903147    5.91289    -0.0951    13.8155 0.0000e+00  -62.21467  -58.12767 1152336125 189.223684    34.5361 0.0000e+00
    559.000     0.0518   2.898282     0.0543   2.898497    5.92186    -0.0938    13.8155 0.0000e+00  -62.21467  -58.12767 1152336126 189.223697    34.5355 0.0000e+00
    560.000     0.0419   2.897472     0.0437   2.897567    5.92800    -0.1011    13.8155 0.0000e+00  -62.21467  -58.12767 1152336127 189.223709    34.5356 0.0000e+00
    561.000     0.0478   2.898014     0.0462   2.897793    5.93452    -0.0866    13.8155 0.0000e+00  -62.21467  -58.12767 1152336128 189.223723    34.5348 0.0000e+00
    562.000     0.0358   2.897038     0.0380   2.897141    5.94290    -0.0871    13.8155 0.0000e+00  -62.21467  -58.12767 1152336130 189.223742    34.5347 0.0000e+00
    563.000     0.0362   2.897124     0.0357   2.896998    5.95170    -0.0896    13.8155 0.0000e+00  -62.21467  -58.12767 1152336131 189.223762    34.5343 0.0000e+00
    564.000     0.0301   2.896647     0.0292   2.896492    5.95395    -0.0983    13.8155 0.0000e+00  -62.21467  -58.12767 1152336133 189.223775    34.5343 0.0000e+00
    565.000     0.0369   2.897300     0.0395   2.897410    5.95432    -0.0913    13.8155 0.0000e+00  -62.21467  -58.12767 1152336134 189.223787    34.5342 0.0000e+00
    566.000     0.0421   2.897803     0.0425   2.897723    5.95621    -0.0884    13.8155 0.0000e+00  -62.21467  -58.12767 1152336136 189.223812    34.5340 0.0000e+00
    567.000     0.0371   2.897433     0.0393   2.897517    5.95917    -0.0973    13.8155 0.0000e+00  -62.21467  -58.12767 1152336139 189.223846    34.5340 0.0000e+00
    568.000     0.0338   2.897187     0.0368   2.897327    5.95850    -0.0937    13.8155 0.0000e+00  -62.21467  -58.12767 1152336140 189.223863    34.5339 0.0000e+00
    569.000     0.0379   2.897593     0.0384   2.897512    5.95951    -0.0957    13.8155 0.0000e+00  -62.21467  -58.12767 1152336142 189.223888    34.5338 0.0000e+00
    570.000     0.0347   2.897352     0.0337   2.897172    5.95929    -0.0921    13.8155 0.0000e+00  -62.21467  -58.12767 1152336144 189.223909    34.5336 0.0000e+00
    571.000     0.0337   2.897311     0.0330   2.897157    5.95893    -0.0931    13.8155 0.0000e+00  -62.21467  -58.12767 1152336145 189.223924    34.5336 0.0000e+00
    572.000     0.0105   2.895302     0.0101   2.895168    5.96825    -0.0892    13.8155 0.0000e+00  -62.21467  -58.12767 1152336147 189.223948    34.5330 0.0000e+00
    573.000     0.0118   2.895515     0.0077   2.895045    5.97612    -0.1018    13.8155 0.0000e+00  -62.21467  -58.12767 1152336151 189.223985    34.5334 0.0000e+00
    574.000    -0.0055   2.894023    -0.0080   2.893731    5.98163    -0.0890    13.8155 0.0000e+00  -62.21467  -58.12767 1152336152 189.224006    34.5329 0.0000e+00
    575.000    -0.0061   2.894034    -0.0072   2.893833    5.98118    -0.0945    13.8155 0.0000e+00  -62.21467  -58.12767 1152336154 189.224024    34.5332 0.0000e+00
    576.000    -0.0244   2.892429    -0.0260   2.892156    5.98956    -0.0912    13.8155 0.0000e+00  -62.21467  -58.12767 1152336157 189.224059    34.5319 0.0000e+00
    577.000    -0.0359   2.891506    -0.0365   2.891341    5.99643    -0.1010    13.8155 0.0000e+00  -62.21467  -58.12767 1152336160 189.224093    34.5321 0.0000e+00
    578.000    -0.0297   2.892097    -0.0313   2.891851    5.99629    -0.0952    13.8155 0.0000e+00  -62.21467  -58.12767 1152336162 189.224122    34.5319 0.0000e+00
    579.000    -0.0399   2.891247    -0.0394   2.891185    6.00266    -0.0926    13.8155 0.0000e+00  -62.21467  -58.12767 1152336166 189.224160    34.5318 0.0000e+00
