product_data/regression_test/downloaded_data/MDGS/320620060703/ctd/p6607501.ros
* Sea-Bird SBE 9 Data File:
* FileName = D:\Data\Raw\p6607501.dat
* Software Version Seasave Win32 V 5.32
* Temperature SN = 1649
* Conductivity SN = 1431
* Number of Bytes Per Scan = 37
* Number of Voltage Words = 5
* Number of Scans Averaged by the Deck Unit = 1
* NMEA Latitude = 62 15.77 S
* NMEA Longitude = 058 05.80 W
* NMEA UTC (Time) = 13:33:07
** Ship:   Nathaniel B. Palmer 
** Cruise:    NBP0606 
# nquan = 17
# nvalues = 1176                    
# units = specified
# name 0 = prDM: Pressure, Digiquartz [db]
# name 1 = t090C: Temperature [ITS-90, deg C]
# name 2 = c0S/m: Conductivity [S/m]
# name 3 = t190C: Temperature, 2 [ITS-90, deg C]
# name 4 = c1S/m: Conductivity, 2 [S/m]
# name 5 = sbeox0ML/L: Oxygen, SBE 43 [ml/l]
# name 6 = flECO-AFL: Fluorescence, Wetlab ECO-AFL/FL [mg/m^3]
# name 7 = bat: Beam Attenuation, Chelsea/Seatech/Wetlab CStar [1/m]
# name 8 = spar: SPAR/Surface Irradiance
# name 9 = latitude: Latitude [deg]
# name 10 = longitude: Longitude [deg]
# name 11 = timeY: Time, System [seconds]
# name 12 = timeJ: Julian Days
# name 13 = sal00: Salinity [PSU]
# name 14 = scan: scan number
# name 15 = nbf: number of bottles fired
# name 16 = flag:  0.000e+00
# interval = seconds: 0.0416667                   
# start_time = Jul 08 2006 13:33:15
*END*
[from data line 171]
    749.744    -0.6822   2.845158    -0.6830   2.845093    6.37562    -0.1072    13.8155 3.3118e+01  -62.26283  -58.09667 1152369552 189.610580    34.5412      95019          4  0.000e+00
    749.744    -0.6827   2.845215    -0.6830   2.845064    6.37565    -0.1502    13.8155 3.3118e+01  -62.26283  -58.09667 1152369552 189.610580    34.5425      95020          4  0.000e+00
    749.744    -0.6828   2.845155    -0.6829   2.845070    6.37570    -0.1395    13.8155 3.3118e+01  -62.26283  -58.09667 1152369552 189.610581    34.5419      95021          4  0.000e+00
    749.744    -0.6827   2.845175    -0.6833   2.845093    6.37567    -0.1180    13.8155 3.3118e+01  -62.26283  -58.09667 1152369552 189.610581    34.5419      95022          4  0.000e+00
    749.812    -0.6825   2.845112    -0.6830   2.845082    6.37575    -0.0857    13.8155 3.3118e+01  -62.26283  -58.09667 1152369552 189.610582    34.5409      95023          4  0.000e+00
    749.822    -0.6825   2.845165    -0.6826   2.845094    6.37572    -0.1072    13.8155 3.3118e+01  -62.26283  -58.09667 1152369552 189.610582    34.5416      95024          4  0.000e+00
    749.812    -0.6828   2.845162    -0.6826   2.845105    6.38089    -0.0749    13.8155 3.3118e+01  -62.26283  -58.09667 1152369552 189.610583    34.5419      95025          4  0.000e+00
    749.812    -0.6828   2.845145    -0.6829   2.845099    6.38090    -0.1072    13.8155 3.3118e+01  -62.26283  -58.09667 1152369552 189.610583    34.5417      95026          4  0.000e+00
    749.879    -0.6828   2.845152    -0.6823   2.845099    6.37583    -0.1287    13.8155 3.3118e+01  -62.26283  -58.09667 1152369553 189.610584    34.5417      95027          4  0.000e+00
    749.879    -0.6828   2.845145    -0.6827   2.845117    6.37583    -0.1610    13.8155 3.3118e+01  -62.26283  -58.09667 1152369553 189.610584    34.5416      95028          4  0.000e+00
    749.879    -0.6828   2.845115    -0.6824   2.845105    6.37585    -0.1610    13.8155 3.3118e+01  -62.26283  -58.09667 1152369553 189.610584    34.5412      95029          4  0.000e+00
    749.957    -0.6832   2.845125    -0.6824   2.845129    6.37595    -0.1395    13.8155 3.3118e+01  -62.26283  -58.09667 1152369553 189.610585    34.5417      95030          4  0.000e+00
    749.957    -0.6832   2.845159    -0.6826   2.845129    6.37593    -0.1395    13.8155 3.3118e+01  -62.26283  -58.09667 1152369553 189.610585    34.5421      95031          4  0.000e+00
    749.880    -0.6833   2.845139    -0.6824   2.845129    6.37589    -0.1395    13.8155 3.3118e+01  -62.26283  -58.09667 1152369553 189.610586    34.5421      95032          4  0.000e+00
    750.024    -0.6828   2.845159    -0.6827   2.845088    6.38108    -0.1180    13.8155 3.3118e+01  -62.26283  -58.09667 1152369553 189.610586    34.5417      95033          4  0.000e+00
    749.966    -0.6825   2.845159    -0.6827   2.845076    6.38099    -0.1072    13.8155 3.3118e+01  -62.26283  -58.09667 1152369553 189.610587    34.5414      95034          4  0.000e+00
    750.024    -0.6832   2.845165    -0.6821   2.845123    6.38112    -0.1287    13.8155 3.3118e+01  -62.26283  -58.09667 1152369553 189.610587    34.5422      95035          4  0.000e+00
    750.024    -0.6832   2.845159    -0.6824   2.845105    6.37599    -0.1502    13.8155 3.3118e+01  -62.26283  -58.09667 1152369553 189.610588    34.5421      95036          4  0.000e+00
    750.024    -0.6828   2.845165    -0.6824   2.845117    6.37595    -0.1180    13.8155 3.3118e+01  -62.26283  -58.09667 1152369553 189.610588    34.5418      95037          4  0.000e+00
    750.024    -0.6830   2.845172    -0.6821   2.845129    6.37596    -0.1072    13.8155 3.3118e+01  -62.26283  -58.09667 1152369553 189.610589    34.5421      95038          4  0.000e+00
    750.101    -0.6828   2.845135    -0.6826   2.845111    6.37603    -0.1395    13.8155 3.1170e+01  -62.26283  -58.09667 1152369553 189.610589    34.5414      95039          4  0.000e+00
    750.101    -0.6825   2.845179    -0.6826   2.845146    6.37596    -0.1180    13.8155 3.3118e+01  -62.26283  -58.09667 1152369553 189.610590    34.5416      95040          4  0.000e+00
    750.101    -0.6830   2.845175    -0.6821   2.845135    6.37603    -0.1395    13.8155 3.3118e+01  -62.26283  -58.09667 1152369553 189.610590    34.5421      95041          4  0.000e+00
    750.101    -0.6828   2.845159    -0.6824   2.845129    6.37602    -0.1718    13.8155 3.3118e+01  -62.26283  -58.09667 1152369553 189.610591    34.5417      95042          4  0.000e+00
    750.101    -0.6825   2.845182    -0.6820   2.845146    6.38109    -0.1502    13.8155 3.3118e+01  -62.26283  -58.09667 1152369553 189.610591    34.5416      95043          4  0.000e+00
    499.173    -0.5252   2.844726    -0.5205   2.844363    6.34511    -0.1395    13.8155 3.5067e+01  -62.26283  -58.09667 1152369927 189.614913    34.5068     104005          5  0.000e+00
    499.144    -0.5237   2.844696    -0.5223   2.844298    6.34490    -0.1180    13.8155 3.3118e+01  -62.26283  -58.09667 1152369927 189.614914    34.5047     104006          5  0.000e+00
    499.096    -0.5209   2.844709    -0.5225   2.844257    6.34448    -0.0964    13.8155 3.5067e+01  -62.26283  -58.09667 1152369927 189.614914    34.5017     104007          5  0.000e+00
    499.096    -0.5175   2.844779    -0.5214   2.844310    6.34400    -0.1180    13.8155 3.5067e+01  -62.26283  -58.09667 1152369927 189.614915    34.4988     104008          5  0.000e+00
    499.067    -0.5167   2.844892    -0.5177   2.844409    6.34380    -0.1180    13.8155 3.5067e+01  -62.26283  -58.09667 1152369927 189.614915    34.4994     104009          5  0.000e+00
    499.096    -0.5142   2.845089    -0.5105   2.844585    6.34339    -0.1072    13.8155 3.5067e+01  -62.26283  -58.09667 1152369927 189.614916    34.4993     104010          5  0.000e+00
    499.067    -0.5088   2.845099    -0.5052   2.844831    6.34266    -0.0642    13.8155 3.5067e+01  -62.26283  -58.09667 1152369927 189.614916    34.4933     104011          5  0.000e+00
    499.029    -0.5101   2.844992    -0.5073   2.844953    6.34285    -0.0964    13.8155 3.5067e+01  -62.26283  -58.09667 1152369927 189.614917    34.4933     104012          5  0.000e+00
    499.029    -0.5119   2.844899    -0.5095   2.845012    6.34314    -0.1180    13.8155 3.5067e+01  -62.26283  -58.09667 1152369927 189.614917    34.4941     104013          5  0.000e+00
    499.067    -0.5153   2.844922    -0.5099   2.845035    6.34361    -0.1395    13.8155 3.5067e+01  -62.26283  -58.09667 1152369927 189.614918    34.4983     104014          5  0.000e+00
    499.029    -0.5175   2.844959    -0.5084   2.845076    6.34383    -0.1502    13.8155 3.5067e+01  -62.26283  -58.09667 1152369927 189.614918    34.5012     104015          5  0.000e+00
    499.029    -0.5155   2.844979    -0.5078   2.845106    6.34356    -0.1502    13.8155 3.5067e+01  -62.26283  -58.09667 1152369927 189.614918    34.4992     104016          5  0.000e+00
    499.067    -0.5146   2.845025    -0.5085   2.845129    6.34345    -0.1180    13.8155 3.5067e+01  -62.26283  -58.09667 1152369927 189.614919    34.4988     104017          5  0.000e+00
    498.952    -0.5141   2.844999    -0.5101   2.845053    6.34330    -0.1180    13.8155 3.5067e+01  -62.26283  -58.09667 1152369927 189.614919    34.4980     104018          5  0.000e+00
    499.029    -0.5155   2.844869    -0.5099   2.845035    6.34362    -0.1395    13.8155 3.5067e+01  -62.26283  -58.09667 1152369927 189.614920    34.4977     104019          5  0.000e+00
    499.000    -0.5178   2.844782    -0.5104   2.845012    6.34395    -0.1287    13.8155 3.5067e+01  -62.26283  -58.09667 1152369927 189.614920    34.4992     104020          5  0.000e+00
    499.029    -0.5181   2.844742    -0.5123   2.845106    6.34404    -0.1180    13.8155 3.5067e+01  -62.26283  -58.09667 1152369927 189.614921    34.4990     104021          5  0.000e+00
    498.952    -0.5177   2.844756    -0.5154   2.845299    6.34391    -0.1395    13.8155 3.5067e+01  -62.26283  -58.09667 1152369927 189.614921    34.4987     104022          5  0.000e+00
    499.000    -0.5180   2.844726    -0.5118   2.845515    6.34401    -0.1287    13.8155 3.5067e+01  -62.26283  -58.09667 1152369927 189.614922    34.4987     104023          5  0.000e+00
    498.952    -0.5163   2.844699    -0.5081   2.845761    6.34376    -0.0749    13.8155 3.5067e+01  -62.26283  -58.09667 1152369927 189.614922    34.4964     104024          5  0.000e+00
    499.029    -0.5172   2.844672    -0.5045   2.845954    6.34396    -0.1287    13.8155 3.5067e+01  -62.26283  -58.09667 1152369928 189.614923    34.4970     104025          5  0.000e+00
    498.933    -0.5180   2.844586    -0.5010   2.845960    6.34403    -0.1180    13.8155 3.5067e+01  -62.26283  -58.09667 1152369928 189.614923    34.4968     104026          5  0.000e+00
    498.952    -0.5194   2.844569    -0.5030   2.846024    6.34424    -0.1287    13.8155 3.5067e+01  -62.26283  -58.09667 1152369928 189.614924    34.4982     104027          5  0.000e+00
    498.952    -0.5186   2.844526    -0.5027   2.846088    6.34416    -0.1180    13.8155 3.5067e+01  -62.26283  -58.09667 1152369928 189.614924    34.4967     104028          5  0.000e+00
    499.000    -0.5190   2.844456    -0.5020   2.846124    6.34430    -0.1180    13.8155 3.3118e+01  -62.26283  -58.09667 1152369928 189.614925    34.4962     104029          5  0.000e+00
    498.952    -0.5206   2.844389    -0.5008   2.846124    6.34450    -0.1287    13.8155 3.3118e+01  -62.26283  -58.09667 1152369928 189.614925    34.4972     104030          5  0.000e+00
    498.885    -0.5207   2.844386    -0.5021   2.846153    6.34446    -0.1180    13.8155 3.3118e+01  -62.26283  -58.09667 1152369928 189.614926    34.4973     104031          5  0.000e+00
    498.933    -0.5189   2.844396    -0.5023   2.846165    6.34426    -0.1072    13.8155 3.5067e+01  -62.26283  -58.09667 1152369928 189.614926    34.4953     104032          5  0.000e+00
    498.952    -0.5180   2.844416    -0.5010   2.846200    6.34414    -0.1072    13.8155 3.5067e+01  -62.26283  -58.09667 1152369928 189.614927    34.4945     104033          5  0.000e+00
    498.885    -0.5186   2.844382    -0.4996   2.846176    6.34418    -0.1180    13.8155 3.5067e+01  -62.26283  -58.09667 1152369928 189.614927    34.4948     104034          5  0.000e+00
    498.933    -0.5203   2.844409    -0.4992   2.846182    6.34443    -0.1072    13.8155 3.5067e+01  -62.26283  -58.09667 1152369928 189.614928    34.4971     104035          5  0.000e+00
    498.952    -0.5209   2.844432    -0.4995   2.846200    6.34452    -0.0857    13.8155 3.5067e+01  -62.26283  -58.09667 1152369928 189.614928    34.4981     104036          5  0.000e+00
    498.885    -0.5211   2.844459    -0.4990   2.846229    6.34446    -0.0749    13.8155 3.5067e+01  -62.26283  -58.09667 1152369928 189.614929    34.4987     104037          5  0.000e+00
    498.856    -0.5212   2.844429    -0.4975   2.846322    6.34447    -0.1180    13.8155 3.5067e+01  -62.26283  -58.09667 1152369928 189.614929    34.4984     104038          5  0.000e+00
    498.885    -0.5218   2.844456    -0.4953   2.846369    6.34457    -0.1287    13.8155 3.5067e+01  -62.26283  -58.09667 1152369928 189.614930    34.4995     104039          5  0.000e+00
    498.885    -0.5228   2.844429    -0.4953   2.846393    6.34470    -0.1072    13.8155 3.5067e+01  -62.26283  -58.09667 1152369928 189.614930    34.5002     104040          5  0.000e+00
    498.933    -0.5231   2.844402    -0.4949   2.846475    6.34480    -0.1180    13.8155 3.5067e+01  -62.26283  -58.09667 1152369928 189.614931    34.5002     104041          5  0.000e+00
    498.885    -0.5203   2.844392    -0.4952   2.846527    6.34440    -0.1718    13.8155 3.5067e+01  -62.26283  -58.09667 1152369928 189.614931    34.4969     104042          5  0.000e+00
    498.856    -0.5178   2.844346    -0.4947   2.846475    6.34407    -0.1718    13.8155 3.5067e+01  -62.26283  -58.09667 1152369928 189.614932    34.4934     104043          5  0.000e+00
    498.818    -0.5181   2.844362    -0.4952   2.846516    6.34408    -0.1395    13.8155 3.5067e+01  -62.26283  -58.09667 1152369928 189.614932    34.4941     104044          5  0.000e+00
    498.885    -0.5194   2.844336    -0.4952   2.846475    6.34431    -0.1072    13.8155 3.5067e+01  -62.26283  -58.09667 1152369928 189.614932    34.4951     104045          5  0.000e+00
    498.857    -0.5192   2.844346    -0.4952   2.846475    6.34426    -0.0857    13.8155 3.5067e+01  -62.26283  -58.09667 1152369928 189.614933    34.4951     104046          5  0.000e+00
    498.818    -0.5192   2.844362    -0.4955   2.846475    6.34421    -0.1395    13.8155 3.5067e+01  -62.26283  -58.09667 1152369928 189.614933    34.4953     104047          5  0.000e+00
    498.818    -0.5201   2.844389    -0.4964   2.846480    6.34433    -0.1287    13.8155 3.5067e+01  -62.26283  -58.09667 1152369928 189.614934    34.4967     104048          5  0.000e+00
    498.857    -0.5212   2.844392    -0.4962   2.846486    6.34450    -0.1180    13.8155 3.5067e+01  -62.26283  -58.09667 1152369928 189.614934    34.4980     104049          5  0.000e+00
    498.818    -0.5222   2.844412    -0.4958   2.846545    6.34951    -0.1287    13.8155 3.5067e+01  -62.26283  -58.09667 1152369929 189.614935    34.4993     104050          5  0.000e+00
    498.818    -0.5223   2.844399    -0.4961   2.846545    6.34460    -0.1395    13.8155 3.5067e+01  -62.26283  -58.09667 1152369929 189.614935    34.4993     104051          5  0.000e+00
    498.789    -0.5220   2.844412    -0.4956   2.846574    6.34947    -0.0964    13.8155 3.5067e+01  -62.26283  -58.09667 1152369929 189.614936    34.4991     104052          5  0.000e+00
    498.818    -0.5220   2.844422    -0.4952   2.846627    6.34949    -0.1072    13.8155 3.5067e+01  -62.26283  -58.09667 1152369929 189.614936    34.4993     104053          5  0.000e+00
    499.290    -0.5141   2.845135    -0.5107   2.845363    6.34846    -0.1180    13.8155 3.5067e+01  -62.26283  -58.09667 1152369934 189.614994    34.4996     104173          6  0.000e+00
    499.242    -0.5133   2.845235    -0.5125   2.845158    6.34826    -0.1072    13.8155 3.5067e+01  -62.26283  -58.09667 1152369934 189.614995    34.5001     104174          6  0.000e+00
    499.242    -0.5120   2.845292    -0.5131   2.845094    6.34806    -0.1395    13.8155 3.5067e+01  -62.26283  -58.09667 1152369934 189.614995    34.4994     104175          6  0.000e+00
    499.146    -0.5113   2.845362    -0.5091   2.845328    6.34784    -0.1180    13.8155 3.3118e+01  -62.26283  -58.09667 1152369934 189.614996    34.4996     104176          6  0.000e+00
    499.242    -0.5115   2.845322    -0.4955   2.846258    6.35291    -0.0857    13.8155 3.3118e+01  -62.26283  -58.09667 1152369934 189.614996    34.4992     104177          6  0.000e+00
    499.310    -0.5126   2.845222    -0.4835   2.847423    6.34823    -0.0857    13.8155 3.5067e+01  -62.26283  -58.09667 1152369934 189.614997    34.4990     104178          6  0.000e+00
    499.290    -0.5127   2.845292    -0.4750   2.848230    6.34819    -0.0964    13.8155 3.5067e+01  -62.26283  -58.09667 1152369934 189.614997    34.5001     104179          6  0.000e+00
    499.310    -0.5098   2.845622    -0.4698   2.848616    6.34763    -0.1180    13.8155 3.5067e+01  -62.26283  -58.09667 1152369934 189.614998    34.5012     104180          6  0.000e+00
    499.310    -0.5069   2.845882    -0.4690   2.848728    6.35204    -0.1180    13.8155 3.5067e+01  -62.26283  -58.09667 1152369934 189.614998    34.5014     104181          6  0.000e+00
    499.290    -0.5034   2.845948    -0.4698   2.848663    6.34659    -0.0964    13.8155 3.5067e+01  -62.26283  -58.09667 1152369934 189.614999    34.4984     104182          6  0.000e+00
