product_data/regression_test/downloaded_data/MDGS/320620060703/ctd/p6607601.ros
* Sea-Bird SBE 9 Data File:
* FileName = D:\Data\Raw\p6607601.dat
* Software Version Seasave Win32 V 5.32
* Temperature SN = 1649
* Conductivity SN = 1431
* Number of Bytes Per Scan = 37
* Number of Voltage Words = 5
* Number of Scans Averaged by the Deck Unit = 1
* NMEA Latitude = 62 16.73 S
* NMEA Longitude = 058 05.18 W
* NMEA UTC (Time) = 15:51:28
** Ship:   Nathaniel B. Palmer 
** Cruise:    NBP0606 
# nquan = 17
# nvalues = 1176                    
# units = specified
# name 0 = prDM: Pressure, Digiquartz [db]
# name 1 = t090C: Temperature [ITS-90, deg C]
# name 2 = c0S/m: Conductivity [S/m]
# name 3 = t190C: Temperature, 2 [ITS-90, deg C]
# name 4 = c1S/m: Conductivity, 2 [S/m]
# name 5 = sbeox0ML/L: Oxygen, SBE 43 [ml/l]
# name 6 = flECO-AFL: Fluorescence, Wetlab ECO-AFL/FL [mg/m^3]
# name 7 = bat: Beam Attenuation, Chelsea/Seatech/Wetlab CStar [1/m]
# name 8 = spar: SPAR/Surface Irradiance
# name 9 = latitude: Latitude [deg]
# name 10 = longitude: Longitude [deg]
# name 11 = timeY: Time, System [seconds]
# name 12 = timeJ: Julian Days
# name 13 = sal00: Salinity [PSU]
# name 14 = scan: scan number
# name 15 = nbf: number of bottles fired
# name 16 = flag:  0.000e+00
# interval = seconds: 0.0416667                   
# start_time = Jul 08 2006 15:51:36
*END*
[from data line 341]
    454.126    -0.5896   2.835420    -0.5883   2.835471    2.43155    -0.1072    13.8155 3.8963e+00  -62.27883  -58.08633 1152377765 189.705633    34.4819      92898          7  0.000e+00
    454.126    -0.5894   2.835453    -0.5882   2.835459    2.43154    -0.1072    13.8155 3.8963e+00  -62.27883  -58.08633 1152377765 189.705634    34.4822      92899          7  0.000e+00
    454.203    -0.5898   2.835460    -0.5889   2.835424    2.43158    -0.1395    13.8155 0.0000e+00  -62.27883  -58.08633 1152377765 189.705639    34.4826      92909          8  0.000e+00
    454.193    -0.5889   2.835446    -0.5889   2.835424    2.42661    -0.0857    13.8155 0.0000e+00  -62.27883  -58.08633 1152377765 189.705639    34.4815      92910          8  0.000e+00
    454.193    -0.5892   2.835460    -0.5880   2.835448    2.43154    -0.1502    13.8155 0.0000e+00  -62.27883  -58.08633 1152377766 189.705639    34.4819      92911          8  0.000e+00
    454.193    -0.5889   2.835500    -0.5891   2.835453    2.43152    -0.1287    13.8155 0.0000e+00  -62.27883  -58.08633 1152377766 189.705640    34.4822      92912          8  0.000e+00
    454.270    -0.5892   2.835460    -0.5897   2.835395    2.42665    -0.1287    13.8155 0.0000e+00  -62.27883  -58.08633 1152377766 189.705640    34.4820      92913          8  0.000e+00
    454.193    -0.5904   2.835373    -0.5900   2.835348    2.43164    -0.1072    13.8155 0.0000e+00  -62.27883  -58.08633 1152377766 189.705641    34.4822      92914          8  0.000e+00
    454.126    -0.5914   2.835283    -0.5909   2.835325    2.43170    -0.1287    13.8155 0.0000e+00  -62.27883  -58.08633 1152377766 189.705641    34.4822      92915          8  0.000e+00
    454.337    -0.5914   2.835243    -0.5911   2.835319    2.43178    -0.1287    13.8155 0.0000e+00  -62.27883  -58.08633 1152377766 189.705642    34.4815      92916          8  0.000e+00
    454.270    -0.5919   2.835204    -0.5912   2.835302    2.42688    -0.1395    13.8155 0.0000e+00  -62.27883  -58.08633 1152377766 189.705642    34.4816      92917          8  0.000e+00
    454.203    -0.5919   2.835194    -0.5915   2.835278    2.42686    -0.1287    13.8155 0.0000e+00  -62.27883  -58.08633 1152377766 189.705643    34.4814      92918          8  0.000e+00
    454.270    -0.5922   2.835210    -0.5909   2.835284    2.43182    -0.0857    13.8155 0.0000e+00  -62.27883  -58.08633 1152377766 189.705643    34.4820      92919          8  0.000e+00
    454.193    -0.5927   2.835197    -0.5906   2.835313    2.43182    -0.1287    13.8155 0.0000e+00  -62.27883  -58.08633 1152377766 189.705644    34.4824      92920          8  0.000e+00
    454.270    -0.5925   2.835174    -0.5903   2.835319    2.43184    -0.1825    13.8155 0.0000e+00  -62.27883  -58.08633 1152377766 189.705644    34.4818      92921          8  0.000e+00
    454.270    -0.5919   2.835204    -0.5903   2.835319    2.43180    -0.1395    13.8155 0.0000e+00  -62.27883  -58.08633 1152377766 189.705645    34.4816      92922          8  0.000e+00
    454.193    -0.5922   2.835233    -0.5900   2.835337    2.42686    -0.1180    13.8155 0.0000e+00  -62.27883  -58.08633 1152377766 189.705645    34.4823      92923          8  0.000e+00
    454.270    -0.5919   2.835257    -0.5899   2.835348    2.43179    -0.1180    13.8155 0.0000e+00  -62.27883  -58.08633 1152377766 189.705646    34.4823      92924          8  0.000e+00
    454.193    -0.5913   2.835280    -0.5906   2.835343    2.43172    -0.1395    13.8155 0.0000e+00  -62.27883  -58.08633 1152377766 189.705646    34.4820      92925          8  0.000e+00
    454.270    -0.5909   2.835300    -0.5916   2.835226    2.43172    -0.1825    13.8155 0.0000e+00  -62.27883  -58.08633 1152377766 189.705647    34.4818      92926          8  0.000e+00
    454.193    -0.5910   2.835290    -0.5922   2.835202    2.43170    -0.1395    13.8155 0.0000e+00  -62.27883  -58.08633 1152377766 189.705647    34.4817      92927          8  0.000e+00
    454.203    -0.5908   2.835337    -0.5929   2.835115    2.43168    -0.1072    13.8155 0.0000e+00  -62.27883  -58.08633 1152377766 189.705648    34.4821      92928          8  0.000e+00
    454.193    -0.5905   2.835317    -0.5929   2.835074    2.43166    -0.1180    13.8155 0.0000e+00  -62.27883  -58.08633 1152377766 189.705648    34.4815      92929          8  0.000e+00
    454.193    -0.5913   2.835340    -0.5929   2.835056    2.43171    -0.1287    13.8155 0.0000e+00  -62.27883  -58.08633 1152377766 189.705649    34.4828      92930          8  0.000e+00
    454.270    -0.5908   2.835333    -0.5920   2.835126    2.43170    -0.1502    13.8155 0.0000e+00  -62.27883  -58.08633 1152377766 189.705649    34.4820      92931          8  0.000e+00
    454.126    -0.5906   2.835297    -0.5915   2.835161    2.43165    -0.1180    13.8155 0.0000e+00  -62.27883  -58.08633 1152377766 189.705650    34.4815      92932          8  0.000e+00
    454.193    -0.5905   2.835317    -0.5920   2.835196    2.42674    -0.1072    13.8155 0.0000e+00  -62.27883  -58.08633 1152377766 189.705650    34.4816      92933          8  0.000e+00
    454.193    -0.5905   2.835310    -0.5920   2.835191    2.43166    -0.1287    13.8155 0.0000e+00  -62.27883  -58.08633 1152377766 189.705651    34.4814      92934          8  0.000e+00
    454.126    -0.5910   2.835307    -0.5922   2.835185    2.43167    -0.0964    13.8155 0.0000e+00  -62.27883  -58.08633 1152377767 189.705651    34.4820      92935          8  0.000e+00
    454.126    -0.5908   2.835273    -0.5909   2.835150    2.43167    -0.0857    13.8155 0.0000e+00  -62.27883  -58.08633 1152377767 189.705652    34.4813      92936          8  0.000e+00
    454.136    -0.5909   2.835293    -0.5912   2.835150    2.43167    -0.1072    13.8155 0.0000e+00  -62.27883  -58.08633 1152377767 189.705652    34.4818      92937          8  0.000e+00
    454.126    -0.5910   2.835290    -0.5911   2.835161    2.43167    -0.0857    13.8155 0.0000e+00  -62.27883  -58.08633 1152377767 189.705652    34.4818      92938          8  0.000e+00
    454.126    -0.5914   2.835233    -0.5914   2.835179    2.43171    -0.1072    13.8155 0.0000e+00  -62.27883  -58.08633 1152377767 189.705653    34.4815      92939          8  0.000e+00
    454.050    -0.5916   2.835233    -0.5920   2.835167    2.43170    -0.1072    13.8155 0.0000e+00  -62.27883  -58.08633 1152377767 189.705653    34.4817      92940          8  0.000e+00
    454.126    -0.5916   2.835257    -0.5920   2.835179    2.43172    -0.0857    13.8155 0.0000e+00  -62.27883  -58.08633 1152377767 189.705654    34.4821      92941          8  0.000e+00
    454.050    -0.5920   2.835227    -0.5920   2.835150    2.43173    -0.1072    13.8155 0.0000e+00  -62.27883  -58.08633 1152377767 189.705654    34.4821      92942          8  0.000e+00
    453.982    -0.5918   2.835217    -0.5925   2.835155    2.43169    -0.1718    13.8155 0.0000e+00  -62.27883  -58.08633 1152377767 189.705655    34.4818      92943          8  0.000e+00
    454.050    -0.5917   2.835217    -0.5918   2.835156    2.42679    -0.1502    13.8155 0.0000e+00  -62.27883  -58.08633 1152377767 189.705655    34.4817      92944          8  0.000e+00
    453.982    -0.5919   2.835250    -0.5912   2.835202    2.42677    -0.1287    13.8155 0.0000e+00  -62.27883  -58.08633 1152377767 189.705656    34.4823      92945          8  0.000e+00
    453.992    -0.5921   2.835227    -0.5909   2.835231    2.43171    -0.1180    13.8155 0.0000e+00  -62.27883  -58.08633 1152377767 189.705656    34.4822      92946          8  0.000e+00
    453.982    -0.5917   2.835217    -0.5908   2.835261    2.43169    -0.1287    13.8155 0.0000e+00  -62.27883  -58.08633 1152377767 189.705657    34.4817      92947          8  0.000e+00
    453.983    -0.5920   2.835233    -0.5900   2.835267    2.43170    -0.1180    13.8155 0.0000e+00  -62.27883  -58.08633 1152377767 189.705657    34.4823      92948          8  0.000e+00
    453.915    -0.5916   2.835220    -0.5902   2.835266    2.43166    -0.0857    13.8155 0.0000e+00  -62.27883  -58.08633 1152377767 189.705658    34.4817      92949          8  0.000e+00
    453.915    -0.5916   2.835197    -0.5905   2.835243    2.43166    -0.0964    13.8155 0.0000e+00  -62.27883  -58.08633 1152377767 189.705658    34.4813      92950          8  0.000e+00
    453.915    -0.5917   2.835243    -0.5911   2.835237    2.43166    -0.1610    13.8155 0.0000e+00  -62.27883  -58.08633 1152377767 189.705659    34.4821      92951          8  0.000e+00
    453.839    -0.5915   2.835280    -0.5905   2.835214    2.43161    -0.1395    13.8155 0.0000e+00  -62.27883  -58.08633 1152377767 189.705659    34.4823      92952          8  0.000e+00
    453.915    -0.5913   2.835287    -0.5905   2.835255    2.43162    -0.1287    13.8155 0.0000e+00  -62.27883  -58.08633 1152377767 189.705660    34.4822      92953          8  0.000e+00
    453.772    -0.5905   2.835287    -0.5911   2.835266    2.43153    -0.1072    13.8155 0.0000e+00  -62.27883  -58.08633 1152377767 189.705660    34.4814      92954          8  0.000e+00
    453.858    -0.5911   2.835250    -0.5906   2.835231    2.43160    -0.1287    13.8155 0.0000e+00  -62.27883  -58.08633 1152377767 189.705661    34.4815      92955          8  0.000e+00
    453.772    -0.5906   2.835290    -0.5909   2.835231    2.43153    -0.1395    13.8155 0.0000e+00  -62.27883  -58.08633 1152377767 189.705661    34.4816      92956          8  0.000e+00
    453.772    -0.5908   2.835273    -0.5908   2.835220    2.43155    -0.1287    13.8155 0.0000e+00  -62.27883  -58.08633 1152377767 189.705662    34.4816      92957          8  0.000e+00
    354.405    -1.4212   2.754852    -1.4257   2.754570    2.58346    -0.1072    13.8155 1.9481e+00  -62.27883  -58.08633 1152377950 189.707776    34.3963      97341          9  0.000e+00
    354.472    -1.4215   2.754901    -1.4259   2.754506    2.58349    -0.1180    13.8155 1.9481e+00  -62.27883  -58.08633 1152377950 189.707776    34.3973      97342          9  0.000e+00
    354.462    -1.4208   2.754865    -1.4260   2.754489    2.58345    -0.0749    13.8155 1.9481e+00  -62.27883  -58.08633 1152377950 189.707777    34.3959      97343          9  0.000e+00
    354.405    -1.4214   2.754849    -1.4261   2.754489    2.58347    -0.0749    13.8155 1.9481e+00  -62.27883  -58.08633 1152377950 189.707777    34.3964      97344          9  0.000e+00
    354.405    -1.4218   2.754849    -1.4261   2.754471    2.58350    -0.0857    13.8155 1.9481e+00  -62.27883  -58.08633 1152377950 189.707778    34.3970      97345          9  0.000e+00
    354.472    -1.4209   2.754865    -1.4258   2.754483    2.58346    -0.0857    13.8155 1.9481e+00  -62.27883  -58.08633 1152377950 189.707778    34.3961      97346          9  0.000e+00
    354.405    -1.4200   2.754938    -1.4258   2.754546    2.58335    -0.0749    13.8155 1.9481e+00  -62.27883  -58.08633 1152377950 189.707779    34.3961      97347          9  0.000e+00
    354.472    -1.4200   2.754993    -1.4243   2.754587    2.58337    -0.1072    13.8155 1.9481e+00  -62.27883  -58.08633 1152377950 189.707779    34.3968      97348          9  0.000e+00
    354.395    -1.4201   2.755020    -1.4240   2.754622    2.58334    -0.1610    13.8155 1.9481e+00  -62.27883  -58.08633 1152377950 189.707780    34.3974      97349          9  0.000e+00
    354.472    -1.4203   2.754957    -1.4237   2.754662    2.58835    -0.1610    13.8155 1.9481e+00  -62.27883  -58.08633 1152377951 189.707780    34.3966      97350          9  0.000e+00
    354.405    -1.4208   2.754869    -1.4244   2.754633    2.58342    -0.1072    13.8155 1.9481e+00  -62.27883  -58.08633 1152377951 189.707781    34.3960      97351          9  0.000e+00
    354.405    -1.4208   2.754832    -1.4254   2.754622    2.58343    -0.1072    13.8155 1.9481e+00  -62.27883  -58.08633 1152377951 189.707781    34.3955      97352          9  0.000e+00
    354.472    -1.4208   2.754859    -1.4258   2.754587    2.58345    -0.1180    13.8155 1.9481e+00  -62.27883  -58.08633 1152377951 189.707782    34.3958      97353          9  0.000e+00
    354.395    -1.4218   2.754839    -1.4258   2.754570    2.58350    -0.1072    13.8155 1.9481e+00  -62.27883  -58.08633 1152377951 189.707782    34.3968      97354          9  0.000e+00
    354.472    -1.4217   2.754809    -1.4261   2.754506    2.58352    -0.1287    13.8155 1.9481e+00  -62.27883  -58.08633 1152377951 189.707783    34.3962      97355          9  0.000e+00
    354.405    -1.4206   2.754888    -1.4264   2.754309    2.58341    -0.1395    13.8155 1.9481e+00  -62.27883  -58.08633 1152377951 189.707783    34.3961      97356          9  0.000e+00
    354.472    -1.4206   2.754918    -1.4306   2.754003    2.58342    -0.1072    13.8155 1.9481e+00  -62.27883  -58.08633 1152377951 189.707784    34.3965      97357          9  0.000e+00
    354.405    -1.4211   2.754967    -1.4382   2.753610    2.58838    -0.1180    13.8155 1.9481e+00  -62.27883  -58.08633 1152377951 189.707784    34.3977      97358          9  0.000e+00
    354.462    -1.4201   2.754964    -1.4431   2.753252    2.58338    -0.1610    13.8155 1.9481e+00  -62.27883  -58.08633 1152377951 189.707785    34.3966      97359          9  0.000e+00
    354.405    -1.4205   2.754977    -1.4419   2.753171    2.58834    -0.1072    13.8155 1.9481e+00  -62.27883  -58.08633 1152377951 189.707785    34.3971      97360          9  0.000e+00
    354.472    -1.4206   2.755003    -1.4400   2.753223    2.58340    -0.1287    13.8155 1.9481e+00  -62.27883  -58.08633 1152377951 189.707785    34.3976      97361          9  0.000e+00
    354.472    -1.4198   2.754970    -1.4382   2.753344    2.58336    -0.1180    13.8155 3.8963e+00  -62.27883  -58.08633 1152377951 189.707786    34.3963      97362          9  0.000e+00
    354.405    -1.4191   2.754977    -1.4365   2.753419    2.58328    -0.1180    13.8155 3.8963e+00  -62.27883  -58.08633 1152377951 189.707786    34.3955      97363          9  0.000e+00
    354.462    -1.4180   2.754983    -1.4356   2.753489    2.58323    -0.1072    13.8155 1.9481e+00  -62.27883  -58.08633 1152377951 189.707787    34.3944      97364          9  0.000e+00
    354.405    -1.4181   2.754964    -1.4344   2.753593    2.58322    -0.0964    13.8155 3.8963e+00  -62.27883  -58.08633 1152377951 189.707787    34.3943      97365          9  0.000e+00
    354.472    -1.4183   2.754961    -1.4340   2.753650    2.58326    -0.0749    13.8155 3.8963e+00  -62.27883  -58.08633 1152377951 189.707788    34.3944      97366          9  0.000e+00
    354.405    -1.4189   2.754993    -1.4333   2.753685    2.58823    -0.1180    13.8155 3.8963e+00  -62.27883  -58.08633 1152377951 189.707788    34.3956      97367          9  0.000e+00
    354.472    -1.4192   2.755006    -1.4344   2.753656    2.58827    -0.1287    13.8155 5.8444e+00  -62.27883  -58.08633 1152377951 189.707789    34.3961      97368          9  0.000e+00
    354.395    -1.4197   2.755006    -1.4349   2.753627    2.58331    -0.1180    13.8155 3.8963e+00  -62.27883  -58.08633 1152377951 189.707789    34.3967      97369          9  0.000e+00
    354.472    -1.4194   2.755036    -1.4356   2.753570    2.58331    -0.1072    13.8155 3.8963e+00  -62.27883  -58.08633 1152377951 189.707790    34.3967      97370          9  0.000e+00
    354.405    -1.4189   2.755066    -1.4362   2.753558    2.58325    -0.0749    13.8155 3.8963e+00  -62.27883  -58.08633 1152377951 189.707790    34.3966      97371          9  0.000e+00
    354.472    -1.4197   2.755036    -1.4384   2.753367    2.58333    -0.0642    13.8155 3.8963e+00  -62.27883  -58.08633 1152377951 189.707791    34.3970      97372          9  0.000e+00
    354.405    -1.4199   2.755043    -1.4402   2.753084    2.58828    -0.1072    13.8155 3.8963e+00  -62.27883  -58.08633 1152377951 189.707791    34.3974      97373          9  0.000e+00
