product_data/regression_test/downloaded_data/MDGS/320620060703/ctd/p6609305.cnv
* Sea-Bird SBE 9 Data File:
* FileName = D:\Data\Raw\P6609305.dat
* Software Version Seasave Win32 V 5.32
* Temperature SN = 1649
* Conductivity SN = 1431
* Number of Bytes Per Scan = 37
* Number of Voltage Words = 5
* Number of Scans Averaged by the Deck Unit = 1
* NMEA Latitude = 61 07.50 S
* NMEA Longitude = 058 05.51 W
* NMEA UTC (Time) = 03:13:55
** Ship:   Nathaniel B. Palmer nbp
** Cruise:    NBP0603 nbp0606
** Cast #: 05
** Station:   93
** Operator: db
# nquan = 15
# nvalues = 298                         
# units = specified
# name 0 = prDM: Pressure, Digiquartz [db]
# name 1 = t090C: Temperature [ITS-90, deg C]
# name 2 = c0S/m: Conductivity [S/m]
# name 3 = t190C: Temperature, 2 [ITS-90, deg C]
# name 4 = c1S/m: Conductivity, 2 [S/m]
# name 5 = sbeox0ML/L: Oxygen, SBE 43 [ml/l]
# name 6 = flECO-AFL: Fluorescence, Wetlab ECO-AFL/FL [mg/m^3]
# name 7 = bat: Beam Attenuation, Chelsea/Seatech/Wetlab CStar [1/m]
# name 8 = spar: SPAR/Surface Irradiance
# name 9 = latitude: Latitude [deg]
# name 10 = longitude: Longitude [deg]
# name 11 = timeY: Time, System [seconds]
# name 12 = timeJ: Julian Days
# name 13 = sal00: Salinity [PSU]
# name 14 = flag: flag
# span 0 =      8.000,    305.000       
# span 1 =    -0.7930,     1.9462       
# span 2 =   2.758477,   3.059280       
# span 3 =    -0.7939,     1.9474       
# span 4 =   2.759218,   3.059521       
# span 5 =    4.33771,    8.02653       
# span 6 =    -0.0789,     0.2450       
# span 7 =    13.8155,    13.8155       
# span 8 = 0.0000e+00, 0.0000e+00       
# span 9 =  -61.12500,  -61.12500       
# span 10 =  -58.09183,  -58.09183      
# span 11 = 1152587645, 1152588131      
# span 12 = 192.134785, 192.140418      
# span 13 =    33.9449,    34.6550      
# span 14 = 0.0000e+00, 0.0000e+00      
# interval = decibars: 1                
# start_time = Jul 11 2006 03:14:03
# bad_flag = -9.990e-29
*END*
[from data line 193]
    201.000     1.3643   2.994175     1.3673   2.994294    4.94206     0.0591    13.8155 0.0000e+00  -61.12500  -58.09183 1152588000 192.138907    34.5199 0.0000e+00
    202.000     1.4262   3.000300     1.4291   3.000257    4.91128     0.0590    13.8155 0.0000e+00  -61.12500  -58.09183 1152588001 192.138918    34.5285 0.0000e+00
    203.000     1.4615   3.003609     1.4635   3.003722    4.86311     0.0567    13.8155 0.0000e+00  -61.12500  -58.09183 1152588003 192.138935    34.5310 0.0000e+00
    204.000     1.3970   2.997299     1.4013   2.997788    4.82361     0.0217    13.8155 0.0000e+00  -61.12500  -58.09183 1152588006 192.138974    34.5259 0.0000e+00
    205.000     1.4769   3.005184     1.4793   3.005292    4.78185     0.0175    13.8155 0.0000e+00  -61.12500  -58.09183 1152588008 192.138995    34.5363 0.0000e+00
    206.000     1.4949   3.006967     1.4972   3.007195    4.75566     0.0064    13.8155 0.0000e+00  -61.12500  -58.09183 1152588009 192.139005    34.5382 0.0000e+00
    207.000     1.5179   3.009515     1.5215   3.009620    4.73083     0.0170    13.8155 0.0000e+00  -61.12500  -58.09183 1152588009 192.139014    34.5457 0.0000e+00
    208.000     1.5544   3.013009     1.5578   3.013214    4.70473     0.0108    13.8155 0.0000e+00  -61.12500  -58.09183 1152588010 192.139023    34.5480 0.0000e+00
    209.000     1.5992   3.017491     1.6028   3.017575    4.67633    -0.0073    13.8155 0.0000e+00  -61.12500  -58.09183 1152588011 192.139032    34.5546 0.0000e+00
    210.000     1.6284   3.020351     1.6299   3.020421    4.63967     0.0002    13.8155 0.0000e+00  -61.12500  -58.09183 1152588012 192.139047    34.5578 0.0000e+00
    211.000     1.6383   3.021382     1.6393   3.021405    4.60893     0.0083    13.8155 0.0000e+00  -61.12500  -58.09183 1152588014 192.139064    34.5603 0.0000e+00
    212.000     1.6576   3.023300     1.6615   3.023562    4.57871    -0.0105    13.8155 0.0000e+00  -61.12500  -58.09183 1152588015 192.139079    34.5633 0.0000e+00
    213.000     1.6941   3.026941     1.6992   3.027248    4.55518    -0.0088    13.8155 0.0000e+00  -61.12500  -58.09183 1152588016 192.139091    34.5687 0.0000e+00
    214.000     1.7232   3.029757     1.7255   3.029924    4.53671    -0.0268    13.8155 0.0000e+00  -61.12500  -58.09183 1152588017 192.139103    34.5710 0.0000e+00
    215.000     1.7293   3.030413     1.7311   3.030495    4.51147    -0.0162    13.8155 0.0000e+00  -61.12500  -58.09183 1152588018 192.139115    34.5729 0.0000e+00
    216.000     1.7461   3.031991     1.7533   3.032655    4.48426    -0.0230    13.8155 0.0000e+00  -61.12500  -58.09183 1152588020 192.139140    34.5745 0.0000e+00
    217.000     1.7430   3.031796     1.7573   3.033154    4.46554    -0.0208    13.8155 0.0000e+00  -61.12500  -58.09183 1152588023 192.139175    34.5765 0.0000e+00
    218.000     1.7614   3.033614     1.7631   3.033783    4.46182    -0.0239    13.8155 0.0000e+00  -61.12500  -58.09183 1152588024 192.139185    34.5784 0.0000e+00
    219.000     1.7673   3.034241     1.7690   3.034408    4.45829    -0.0202    13.8155 0.0000e+00  -61.12500  -58.09183 1152588025 192.139194    34.5794 0.0000e+00
    220.000     1.7622   3.033756     1.7633   3.033963    4.45586    -0.0261    13.8155 0.0000e+00  -61.12500  -58.09183 1152588026 192.139202    34.5783 0.0000e+00
    221.000     1.7501   3.032734     1.7515   3.032957    4.45392    -0.0251    13.8155 0.0000e+00  -61.12500  -58.09183 1152588026 192.139209    34.5789 0.0000e+00
    222.000     1.7562   3.033531     1.7585   3.033706    4.45057    -0.0125    13.8155 0.0000e+00  -61.12500  -58.09183 1152588027 192.139217    34.5822 0.0000e+00
    223.000     1.7643   3.034371     1.7661   3.034562    4.44687    -0.0414    13.8155 0.0000e+00  -61.12500  -58.09183 1152588028 192.139225    34.5828 0.0000e+00
    224.000     1.7644   3.034429     1.7662   3.034635    4.44585    -0.0398    13.8155 0.0000e+00  -61.12500  -58.09183 1152588028 192.139234    34.5831 0.0000e+00
    225.000     1.7621   3.034305     1.7637   3.034523    4.44592    -0.0309    13.8155 0.0000e+00  -61.12500  -58.09183 1152588029 192.139247    34.5837 0.0000e+00
    226.000     1.7563   3.033764     1.7582   3.034028    4.44692    -0.0313    13.8155 0.0000e+00  -61.12500  -58.09183 1152588032 192.139278    34.5832 0.0000e+00
    227.000     1.7519   3.033298     1.7539   3.033507    4.45159    -0.0437    13.8155 0.0000e+00  -61.12500  -58.09183 1152588036 192.139329    34.5821 0.0000e+00
    228.000     1.7433   3.032824     1.7455   3.033070    4.44953    -0.0311    13.8155 0.0000e+00  -61.12500  -58.09183 1152588037 192.139336    34.5855 0.0000e+00
    229.000     1.7499   3.033634     1.7520   3.033848    4.44807    -0.0480    13.8155 0.0000e+00  -61.12500  -58.09183 1152588038 192.139343    34.5878 0.0000e+00
    230.000     1.7623   3.034890     1.7642   3.035082    4.44359    -0.0228    13.8155 0.0000e+00  -61.12500  -58.09183 1152588038 192.139349    34.5891 0.0000e+00
    231.000     1.7693   3.035574     1.7706   3.035764    4.43818    -0.0495    13.8155 0.0000e+00  -61.12500  -58.09183 1152588039 192.139356    34.5892 0.0000e+00
    232.000     1.7831   3.037125     1.7846   3.037239    4.43175    -0.0386    13.8155 0.0000e+00  -61.12500  -58.09183 1152588039 192.139363    34.5933 0.0000e+00
    233.000     1.7981   3.038558     1.7991   3.038747    4.42681    -0.0457    13.8155 0.0000e+00  -61.12500  -58.09183 1152588040 192.139369    34.5933 0.0000e+00
    234.000     1.8033   3.039196     1.8045   3.039371    4.42179    -0.0272    13.8155 0.0000e+00  -61.12500  -58.09183 1152588041 192.139376    34.5952 0.0000e+00
    235.000     1.7954   3.038400     1.7992   3.038914    4.41449    -0.0363    13.8155 0.0000e+00  -61.12500  -58.09183 1152588043 192.139403    34.5936 0.0000e+00
    236.000     1.7901   3.037984     1.7956   3.038510    4.40552    -0.0408    13.8155 0.0000e+00  -61.12500  -58.09183 1152588046 192.139445    34.5945 0.0000e+00
    237.000     1.8274   3.041941     1.8295   3.042146    4.39741    -0.0515    13.8155 0.0000e+00  -61.12500  -58.09183 1152588048 192.139461    34.6017 0.0000e+00
    238.000     1.8302   3.042280     1.8318   3.042483    4.39238    -0.0495    13.8155 0.0000e+00  -61.12500  -58.09183 1152588049 192.139473    34.6023 0.0000e+00
    239.000     1.8293   3.042241     1.8309   3.042470    4.38685    -0.0469    13.8155 0.0000e+00  -61.12500  -58.09183 1152588050 192.139483    34.6025 0.0000e+00
    240.000     1.8308   3.042480     1.8323   3.042690    4.38567    -0.0555    13.8155 0.0000e+00  -61.12500  -58.09183 1152588051 192.139494    34.6033 0.0000e+00
    241.000     1.8333   3.042894     1.8351   3.043108    4.38765    -0.0614    13.8155 0.0000e+00  -61.12500  -58.09183 1152588052 192.139503    34.6054 0.0000e+00
    242.000     1.8233   3.041994     1.8250   3.042290    4.39066    -0.0440    13.8155 0.0000e+00  -61.12500  -58.09183 1152588052 192.139514    34.6044 0.0000e+00
    243.000     1.8166   3.041450     1.8183   3.041692    4.39015    -0.0385    13.8155 0.0000e+00  -61.12500  -58.09183 1152588053 192.139525    34.6049 0.0000e+00
    244.000     1.8178   3.041636     1.8194   3.041851    4.38973    -0.0432    13.8155 0.0000e+00  -61.12500  -58.09183 1152588054 192.139537    34.6055 0.0000e+00
    245.000     1.8242   3.042310     1.8255   3.042509    4.38891    -0.0415    13.8155 0.0000e+00  -61.12500  -58.09183 1152588055 192.139550    34.6061 0.0000e+00
    246.000     1.8222   3.042180     1.8239   3.042419    4.38377    -0.0507    13.8155 0.0000e+00  -61.12500  -58.09183 1152588057 192.139563    34.6062 0.0000e+00
    247.000     1.8337   3.043373     1.8356   3.043602    4.37999    -0.0454    13.8155 0.0000e+00  -61.12500  -58.09183 1152588058 192.139582    34.6079 0.0000e+00
    248.000     1.8364   3.043682     1.8380   3.043905    4.37855    -0.0520    13.8155 0.0000e+00  -61.12500  -58.09183 1152588060 192.139607    34.6083 0.0000e+00
    249.000     1.8320   3.043348     1.8334   3.043576    4.38012    -0.0546    13.8155 0.0000e+00  -61.12500  -58.09183 1152588063 192.139636    34.6085 0.0000e+00
    250.000     1.8331   3.043616     1.8358   3.043904    4.37664    -0.0256    13.8155 0.0000e+00  -61.12500  -58.09183 1152588064 192.139650    34.6105 0.0000e+00
    251.000     1.8525   3.045597     1.8537   3.045788    4.37401    -0.0427    13.8155 0.0000e+00  -61.12500  -58.09183 1152588065 192.139659    34.6127 0.0000e+00
    252.000     1.8449   3.044984     1.8465   3.045217    4.36994    -0.0399    13.8155 0.0000e+00  -61.12500  -58.09183 1152588066 192.139667    34.6132 0.0000e+00
    253.000     1.8558   3.046188     1.8578   3.046366    4.36476    -0.0398    13.8155 0.0000e+00  -61.12500  -58.09183 1152588066 192.139675    34.6158 0.0000e+00
    254.000     1.8683   3.047418     1.8704   3.047653    4.36115    -0.0563    13.8155 0.0000e+00  -61.12500  -58.09183 1152588067 192.139683    34.6166 0.0000e+00
    255.000     1.8782   3.048462     1.8800   3.048677    4.35627    -0.0519    13.8155 0.0000e+00  -61.12500  -58.09183 1152588068 192.139695    34.6181 0.0000e+00
    256.000     1.8844   3.049136     1.8863   3.049371    4.35170    -0.0560    13.8155 0.0000e+00  -61.12500  -58.09183 1152588070 192.139716    34.6192 0.0000e+00
    257.000     1.8929   3.050144     1.8948   3.050377    4.34985    -0.0532    13.8155 0.0000e+00  -61.12500  -58.09183 1152588071 192.139733    34.6221 0.0000e+00
    258.000     1.9005   3.051035     1.9023   3.051261    4.34686    -0.0489    13.8155 0.0000e+00  -61.12500  -58.09183 1152588073 192.139750    34.6244 0.0000e+00
    259.000     1.9049   3.051567     1.9063   3.051787    4.34681    -0.0566    13.8155 0.0000e+00  -61.12500  -58.09183 1152588075 192.139770    34.6258 0.0000e+00
    260.000     1.8976   3.050974     1.8990   3.051215    4.34594    -0.0531    13.8155 0.0000e+00  -61.12500  -58.09183 1152588076 192.139788    34.6261 0.0000e+00
    261.000     1.8936   3.050707     1.8953   3.050951    4.34501    -0.0639    13.8155 0.0000e+00  -61.12500  -58.09183 1152588077 192.139800    34.6267 0.0000e+00
    262.000     1.8934   3.050733     1.8949   3.050976    4.34390    -0.0499    13.8155 0.0000e+00  -61.12500  -58.09183 1152588078 192.139810    34.6267 0.0000e+00
    263.000     1.8931   3.050776     1.8945   3.051016    4.34095    -0.0434    13.8155 0.0000e+00  -61.12500  -58.09183 1152588079 192.139820    34.6271 0.0000e+00
    264.000     1.8937   3.050931     1.8952   3.051162    4.34049    -0.0694    13.8155 0.0000e+00  -61.12500  -58.09183 1152588080 192.139829    34.6278 0.0000e+00
    265.000     1.8933   3.050946     1.8947   3.051200    4.34003    -0.0465    13.8155 0.0000e+00  -61.12500  -58.09183 1152588081 192.139840    34.6279 0.0000e+00
    266.000     1.8896   3.050649     1.8912   3.050926    4.33989    -0.0517    13.8155 0.0000e+00  -61.12500  -58.09183 1152588082 192.139852    34.6278 0.0000e+00
    267.000     1.8885   3.050574     1.8898   3.050816    4.34320    -0.0545    13.8155 0.0000e+00  -61.12500  -58.09183 1152588084 192.139884    34.6277 0.0000e+00
    268.000     1.8891   3.050724     1.8903   3.050973    4.34818    -0.0618    13.8155 0.0000e+00  -61.12500  -58.09183 1152588088 192.139923    34.6283 0.0000e+00
    269.000     1.8861   3.050584     1.8875   3.050841    4.34844    -0.0551    13.8155 0.0000e+00  -61.12500  -58.09183 1152588088 192.139931    34.6293 0.0000e+00
    270.000     1.8874   3.050894     1.8890   3.051149    4.34550    -0.0523    13.8155 0.0000e+00  -61.12500  -58.09183 1152588089 192.139938    34.6314 0.0000e+00
    271.000     1.8921   3.051460     1.8932   3.051691    4.34277    -0.0655    13.8155 0.0000e+00  -61.12500  -58.09183 1152588090 192.139944    34.6327 0.0000e+00
    272.000     1.8975   3.052141     1.8987   3.052371    4.34082    -0.0412    13.8155 0.0000e+00  -61.12500  -58.09183 1152588090 192.139951    34.6345 0.0000e+00
    273.000     1.8983   3.052259     1.8993   3.052503    4.34061    -0.0490    13.8155 0.0000e+00  -61.12500  -58.09183 1152588091 192.139958    34.6345 0.0000e+00
    274.000     1.8969   3.052225     1.8977   3.052479    4.33981    -0.0462    13.8155 0.0000e+00  -61.12500  -58.09183 1152588091 192.139964    34.6351 0.0000e+00
    275.000     1.8961   3.052182     1.8974   3.052464    4.34018    -0.0482    13.8155 0.0000e+00  -61.12500  -58.09183 1152588093 192.139985    34.6349 0.0000e+00
    276.000     1.8962   3.052251     1.8977   3.052501    4.34007    -0.0579    13.8155 0.0000e+00  -61.12500  -58.09183 1152588097 192.140024    34.6351 0.0000e+00
    277.000     1.8987   3.052621     1.8995   3.052766    4.34006    -0.0538    13.8155 0.0000e+00  -61.12500  -58.09183 1152588098 192.140039    34.6365 0.0000e+00
    278.000     1.9049   3.053397     1.9065   3.053630    4.33998    -0.0626    13.8155 0.0000e+00  -61.12500  -58.09183 1152588099 192.140057    34.6386 0.0000e+00
    279.000     1.9105   3.054040     1.9119   3.054260    4.34154    -0.0614    13.8155 0.0000e+00  -61.12500  -58.09183 1152588101 192.140072    34.6399 0.0000e+00
    280.000     1.9152   3.054563     1.9165   3.054774    4.34489    -0.0495    13.8155 0.0000e+00  -61.12500  -58.09183 1152588102 192.140083    34.6407 0.0000e+00
    281.000     1.9191   3.055028     1.9200   3.055180    4.34641    -0.0697    13.8155 0.0000e+00  -61.12500  -58.09183 1152588102 192.140093    34.6418 0.0000e+00
    282.000     1.9254   3.055730     1.9270   3.055955    4.34597    -0.0567    13.8155 0.0000e+00  -61.12500  -58.09183 1152588103 192.140101    34.6429 0.0000e+00
    283.000     1.9296   3.056208     1.9309   3.056431    4.34628    -0.0514    13.8155 0.0000e+00  -61.12500  -58.09183 1152588104 192.140109    34.6436 0.0000e+00
    284.000     1.9298   3.056264     1.9312   3.056513    4.34421    -0.0679    13.8155 0.0000e+00  -61.12500  -58.09183 1152588104 192.140116    34.6436 0.0000e+00
    285.000     1.9311   3.056476     1.9326   3.056702    4.34232    -0.0713    13.8155 0.0000e+00  -61.12500  -58.09183 1152588105 192.140124    34.6442 0.0000e+00
    286.000     1.9331   3.056724     1.9345   3.056946    4.34246    -0.0461    13.8155 0.0000e+00  -61.12500  -58.09183 1152588106 192.140132    34.6446 0.0000e+00
    287.000     1.9336   3.056814     1.9351   3.057051    4.33995    -0.0690    13.8155 0.0000e+00  -61.12500  -58.09183 1152588107 192.140145    34.6447 0.0000e+00
    288.000     1.9242   3.055813     1.9302   3.056573    4.34300    -0.0588    13.8155 0.0000e+00  -61.12500  -58.09183 1152588113 192.140219    34.6425 0.0000e+00
    289.000     1.9318   3.056769     1.9328   3.056936    4.34485    -0.0504    13.8155 0.0000e+00  -61.12500  -58.09183 1152588114 192.140226    34.6456 0.0000e+00
    290.000     1.9365   3.057314     1.9379   3.057556    4.34567    -0.0536    13.8155 0.0000e+00  -61.12500  -58.09183 1152588115 192.140233    34.6463 0.0000e+00
    291.000     1.9394   3.057698     1.9410   3.057947    4.34430    -0.0678    13.8155 0.0000e+00  -61.12500  -58.09183 1152588115 192.140241    34.6475 0.0000e+00
    292.000     1.9429   3.058114     1.9443   3.058351    4.34252    -0.0642    13.8155 0.0000e+00  -61.12500  -58.09183 1152588116 192.140248    34.6481 0.0000e+00
    293.000     1.9440   3.058257     1.9453   3.058504    4.34184    -0.0789    13.8155 0.0000e+00  -61.12500  -58.09183 1152588116 192.140255    34.6481 0.0000e+00
    294.000     1.9457   3.058490     1.9472   3.058753    4.34130    -0.0630    13.8155 0.0000e+00  -61.12500  -58.09183 1152588117 192.140261    34.6487 0.0000e+00
    295.000     1.9462   3.058587     1.9474   3.058833    4.34027    -0.0591    13.8155 0.0000e+00  -61.12500  -58.09183 1152588118 192.140268    34.6487 0.0000e+00
    296.000     1.9460   3.058609     1.9472   3.058851    4.33795    -0.0705    13.8155 0.0000e+00  -61.12500  -58.09183 1152588118 192.140275    34.6487 0.0000e+00
