product_data/regression_test/downloaded_data/MDGS/320620060703/ctd/p6607104.cnv
* Sea-Bird SBE 9 Data File:
* FileName = D:\Data\Raw\p6607104.dat
* Software Version Seasave Win32 V 5.32
* Temperature SN = 1649
* Conductivity SN = 1431
* Number of Bytes Per Scan = 37
* Number of Voltage Words = 5
* Number of Scans Averaged by the Deck Unit = 1
* NMEA Latitude = 62 11.90 S
* NMEA Longitude = 058 08.28 W
* NMEA UTC (Time) = 03:24:18
** Ship:   Nathaniel B. Palmer 
** Cruise:    NBP0603 
** Cast #: 
** Station:   
** Operator: 
# nquan = 15
# nvalues = 187                         
# units = specified
# name 0 = prDM: Pressure, Digiquartz [db]
# name 1 = t090C: Temperature [ITS-90, deg C]
# name 2 = c0S/m: Conductivity [S/m]
# name 3 = t190C: Temperature, 2 [ITS-90, deg C]
# name 4 = c1S/m: Conductivity, 2 [S/m]
# name 5 = sbeox0ML/L: Oxygen, SBE 43 [ml/l]
# name 6 = flECO-AFL: Fluorescence, Wetlab ECO-AFL/FL [mg/m^3]
# name 7 = bat: Beam Attenuation, Chelsea/Seatech/Wetlab CStar [1/m]
# name 8 = spar: SPAR/Surface Irradiance
# name 9 = latitude: Latitude [deg]
# name 10 = longitude: Longitude [deg]
# name 11 = timeY: Time, System [seconds]
# name 12 = timeJ: Julian Days
# name 13 = sal00: Salinity [PSU]
# name 14 = flag: flag
# span 0 =      1.000,    187.000       
# span 1 =    -0.7445,    -0.5316       
# span 2 =   2.785519,   2.800339       
# span 3 =    -0.7436,    -0.5380       
# span 4 =   2.785754,   2.799315       
# span 5 =    7.50730,    7.62962       
# span 6 =    31.9541,    33.0502       
# span 7 =    13.8155,    13.8155       
# span 8 = 0.0000e+00, 0.0000e+00       
# span 9 =  -62.19833,  -62.19833       
# span 10 =  -58.13800,  -58.13800      
# span 11 = 1152329067, 1152329646      
# span 12 = 189.141962, 189.148690      
# span 13 =    34.2096,    34.2283      
# span 14 = 0.0000e+00, 0.0000e+00      
# interval = decibars: 1                
# start_time = Jul 08 2006 03:24:26
# bad_flag = -9.990e-29
*END*
      1.000    -0.6582   2.788918    -0.6567   2.789129    7.62962    31.9724    13.8155 0.0000e+00  -62.19833  -58.13800 1152329067 189.141962    34.2117 0.0000e+00
      2.000    -0.6835   2.786734    -0.6833   2.787076    7.62839    31.9541    13.8155 0.0000e+00  -62.19833  -58.13800 1152329068 189.142010    34.2096 0.0000e+00
      3.000    -0.6987   2.785523    -0.6989   2.785777    7.62501    31.9978    13.8155 0.0000e+00  -62.19833  -58.13800 1152329080 189.142150    34.2100 0.0000e+00
      4.000    -0.6998   2.785536    -0.6995   2.785766    7.62274    32.0048    13.8155 0.0000e+00  -62.19833  -58.13800 1152329087 189.142230    34.2105 0.0000e+00
      5.000    -0.7004   2.785519    -0.7002   2.785754    7.61959    31.9891    13.8155 0.0000e+00  -62.19833  -58.13800 1152329089 189.142251    34.2102 0.0000e+00
      6.000    -0.6915   2.786305    -0.6962   2.786088    7.60218    32.0195    13.8155 0.0000e+00  -62.19833  -58.13800 1152329092 189.142289    34.2096 0.0000e+00
      7.000    -0.6006   2.794227    -0.5966   2.794444    7.62875    32.0256    13.8155 0.0000e+00  -62.19833  -58.13800 1152329095 189.142323    34.2113 0.0000e+00
      8.000    -0.5316   2.800339    -0.5380   2.799315    7.61791    32.0298    13.8155 0.0000e+00  -62.19833  -58.13800 1152329098 189.142358    34.2132 0.0000e+00
      9.000    -0.5774   2.796100    -0.6070   2.793789    7.62160    32.0456    13.8155 0.0000e+00  -62.19833  -58.13800 1152329101 189.142391    34.2102 0.0000e+00
     10.000    -0.6831   2.787117    -0.6995   2.786190    7.60855    32.0281    13.8155 0.0000e+00  -62.19833  -58.13800 1152329105 189.142432    34.2108 0.0000e+00
     11.000    -0.6967   2.786122    -0.6974   2.786299    7.61645    32.0448    13.8155 0.0000e+00  -62.19833  -58.13800 1152329107 189.142461    34.2123 0.0000e+00
     12.000    -0.6970   2.786191    -0.6966   2.786427    7.61813    32.0580    13.8155 0.0000e+00  -62.19833  -58.13800 1152329111 189.142502    34.2122 0.0000e+00
     13.000    -0.6963   2.786332    -0.6958   2.786567    7.61699    32.0593    13.8155 0.0000e+00  -62.19833  -58.13800 1152329114 189.142537    34.2122 0.0000e+00
     14.000    -0.6950   2.786559    -0.6941   2.786815    7.61380    32.0607    13.8155 0.0000e+00  -62.19833  -58.13800 1152329116 189.142566    34.2129 0.0000e+00
     15.000    -0.6972   2.786356    -0.6968   2.786557    7.61521    32.0715    13.8155 0.0000e+00  -62.19833  -58.13800 1152329119 189.142602    34.2119 0.0000e+00
     16.000    -0.6970   2.786426    -0.6964   2.786645    7.62021    32.0723    13.8155 0.0000e+00  -62.19833  -58.13800 1152329123 189.142647    34.2118 0.0000e+00
     17.000    -0.6974   2.786433    -0.6968   2.786635    7.61831    32.0769    13.8155 0.0000e+00  -62.19833  -58.13800 1152329125 189.142669    34.2117 0.0000e+00
     18.000    -0.6941   2.786892    -0.6936   2.787066    7.61719    32.1110    13.8155 0.0000e+00  -62.19833  -58.13800 1152329128 189.142706    34.2134 0.0000e+00
     19.000    -0.6951   2.786795    -0.6964   2.786777    7.61682    32.1030    13.8155 0.0000e+00  -62.19833  -58.13800 1152329132 189.142744    34.2126 0.0000e+00
     20.000    -0.6971   2.786627    -0.6958   2.786889    7.61817    32.1075    13.8155 0.0000e+00  -62.19833  -58.13800 1152329135 189.142782    34.2120 0.0000e+00
     21.000    -0.6944   2.786996    -0.6931   2.787251    7.60851    32.1084    13.8155 0.0000e+00  -62.19833  -58.13800 1152329137 189.142810    34.2133 0.0000e+00
     22.000    -0.6911   2.787444    -0.6900   2.787668    7.59887    32.1195    13.8155 0.0000e+00  -62.19833  -58.13800 1152329140 189.142840    34.2148 0.0000e+00
     23.000    -0.6907   2.787524    -0.6898   2.787738    7.59519    32.1258    13.8155 0.0000e+00  -62.19833  -58.13800 1152329144 189.142889    34.2149 0.0000e+00
     24.000    -0.6908   2.787520    -0.6902   2.787724    7.59623    32.1454    13.8155 0.0000e+00  -62.19833  -58.13800 1152329147 189.142916    34.2152 0.0000e+00
     25.000    -0.6880   2.787951    -0.6883   2.788008    7.59199    32.1275    13.8155 0.0000e+00  -62.19833  -58.13800 1152329149 189.142945    34.2164 0.0000e+00
     26.000    -0.6881   2.787986    -0.6879   2.788106    7.58431    32.1414    13.8155 0.0000e+00  -62.19833  -58.13800 1152329152 189.142980    34.2163 0.0000e+00
     27.000    -0.6856   2.788341    -0.6848   2.788498    7.57481    32.1490    13.8155 0.0000e+00  -62.19833  -58.13800 1152329156 189.143024    34.2178 0.0000e+00
     28.000    -0.6834   2.788651    -0.6822   2.788861    7.57126    32.1513    13.8155 0.0000e+00  -62.19833  -58.13800 1152329159 189.143055    34.2187 0.0000e+00
     29.000    -0.6845   2.788568    -0.6833   2.788772    7.57201    32.1603    13.8155 0.0000e+00  -62.19833  -58.13800 1152329161 189.143081    34.2183 0.0000e+00
     30.000    -0.6846   2.788621    -0.6837   2.788761    7.56974    32.1682    13.8155 0.0000e+00  -62.19833  -58.13800 1152329164 189.143122    34.2185 0.0000e+00
     31.000    -0.6851   2.788587    -0.6841   2.788762    7.57432    32.1725    13.8155 0.0000e+00  -62.19833  -58.13800 1152329167 189.143159    34.2180 0.0000e+00
     32.000    -0.6856   2.788588    -0.6843   2.788803    7.57586    32.1717    13.8155 0.0000e+00  -62.19833  -58.13800 1152329170 189.143193    34.2180 0.0000e+00
     33.000    -0.6858   2.788624    -0.6849   2.788782    7.57103    32.1826    13.8155 0.0000e+00  -62.19833  -58.13800 1152329173 189.143223    34.2181 0.0000e+00
     34.000    -0.6860   2.788670    -0.6850   2.788833    7.56954    32.1888    13.8155 0.0000e+00  -62.19833  -58.13800 1152329176 189.143255    34.2183 0.0000e+00
     35.000    -0.6855   2.788785    -0.6846   2.788940    7.57038    32.2048    13.8155 0.0000e+00  -62.19833  -58.13800 1152329180 189.143302    34.2187 0.0000e+00
     36.000    -0.6845   2.788996    -0.6837   2.789118    7.56401    32.1967    13.8155 0.0000e+00  -62.19833  -58.13800 1152329182 189.143327    34.2197 0.0000e+00
     37.000    -0.6848   2.788992    -0.6836   2.789170    7.56634    32.2050    13.8155 0.0000e+00  -62.19833  -58.13800 1152329185 189.143358    34.2194 0.0000e+00
     38.000    -0.6847   2.789056    -0.6836   2.789209    7.56927    32.2185    13.8155 0.0000e+00  -62.19833  -58.13800 1152329188 189.143396    34.2196 0.0000e+00
     39.000    -0.6836   2.789249    -0.6828   2.789368    7.56273    32.2332    13.8155 0.0000e+00  -62.19833  -58.13800 1152329191 189.143429    34.2203 0.0000e+00
     40.000    -0.6835   2.789327    -0.6823   2.789465    7.55553    32.2319    13.8155 0.0000e+00  -62.19833  -58.13800 1152329194 189.143467    34.2206 0.0000e+00
     41.000    -0.6845   2.789248    -0.6834   2.789384    7.55899    32.2341    13.8155 0.0000e+00  -62.19833  -58.13800 1152329197 189.143502    34.2200 0.0000e+00
     42.000    -0.6849   2.789227    -0.6840   2.789340    7.56015    32.2340    13.8155 0.0000e+00  -62.19833  -58.13800 1152329199 189.143528    34.2197 0.0000e+00
     43.000    -0.6849   2.789291    -0.6838   2.789422    7.55990    32.2499    13.8155 0.0000e+00  -62.19833  -58.13800 1152329203 189.143564    34.2199 0.0000e+00
     44.000    -0.6835   2.789487    -0.6824   2.789631    7.55541    32.2540    13.8155 0.0000e+00  -62.19833  -58.13800 1152329206 189.143606    34.2203 0.0000e+00
     45.000    -0.6833   2.789566    -0.6821   2.789712    7.55584    32.2589    13.8155 0.0000e+00  -62.19833  -58.13800 1152329208 189.143633    34.2205 0.0000e+00
     46.000    -0.6832   2.789631    -0.6821   2.789759    7.55777    32.2612    13.8155 0.0000e+00  -62.19833  -58.13800 1152329212 189.143669    34.2207 0.0000e+00
     47.000    -0.6833   2.789673    -0.6821   2.789806    7.55368    32.2734    13.8155 0.0000e+00  -62.19833  -58.13800 1152329214 189.143696    34.2207 0.0000e+00
     48.000    -0.6832   2.789730    -0.6821   2.789853    7.55440    32.2887    13.8155 0.0000e+00  -62.19833  -58.13800 1152329218 189.143746    34.2207 0.0000e+00
     49.000    -0.6832   2.789781    -0.6822   2.789894    7.55660    32.2777    13.8155 0.0000e+00  -62.19833  -58.13800 1152329220 189.143766    34.2208 0.0000e+00
     50.000    -0.6834   2.789825    -0.6822   2.789940    7.55761    32.2828    13.8155 0.0000e+00  -62.19833  -58.13800 1152329223 189.143805    34.2210 0.0000e+00
     51.000    -0.6833   2.789883    -0.6821   2.789995    7.55685    32.2803    13.8155 0.0000e+00  -62.19833  -58.13800 1152329226 189.143836    34.2210 0.0000e+00
     52.000    -0.6833   2.789924    -0.6820   2.790033    7.55633    32.2929    13.8155 0.0000e+00  -62.19833  -58.13800 1152329229 189.143868    34.2210 0.0000e+00
     53.000    -0.6826   2.790049    -0.6813   2.790175    7.55100    32.2996    13.8155 0.0000e+00  -62.19833  -58.13800 1152329232 189.143909    34.2213 0.0000e+00
     54.000    -0.6821   2.790166    -0.6808   2.790285    7.55488    32.3151    13.8155 0.0000e+00  -62.19833  -58.13800 1152329235 189.143938    34.2216 0.0000e+00
     55.000    -0.6819   2.790231    -0.6805   2.790349    7.55625    32.3103    13.8155 0.0000e+00  -62.19833  -58.13800 1152329238 189.143977    34.2217 0.0000e+00
     56.000    -0.6816   2.790306    -0.6804   2.790410    7.55314    32.3254    13.8155 0.0000e+00  -62.19833  -58.13800 1152329240 189.143999    34.2218 0.0000e+00
     57.000    -0.6820   2.790310    -0.6807   2.790415    7.55238    32.3508    13.8155 0.0000e+00  -62.19833  -58.13800 1152329244 189.144047    34.2216 0.0000e+00
     58.000    -0.6826   2.790306    -0.6814   2.790408    7.55028    32.3247    13.8155 0.0000e+00  -62.19833  -58.13800 1152329247 189.144079    34.2216 0.0000e+00
     59.000    -0.6826   2.790356    -0.6815   2.790458    7.55201    32.3404    13.8155 0.0000e+00  -62.19833  -58.13800 1152329249 189.144105    34.2218 0.0000e+00
     60.000    -0.6828   2.790376    -0.6816   2.790467    7.55151    32.3422    13.8155 0.0000e+00  -62.19833  -58.13800 1152329252 189.144133    34.2216 0.0000e+00
     61.000    -0.6827   2.790439    -0.6813   2.790549    7.54848    32.3561    13.8155 0.0000e+00  -62.19833  -58.13800 1152329256 189.144187    34.2218 0.0000e+00
     62.000    -0.6821   2.790558    -0.6809   2.790637    7.54886    32.3641    13.8155 0.0000e+00  -62.19833  -58.13800 1152329258 189.144209    34.2220 0.0000e+00
     63.000    -0.6813   2.790696    -0.6794   2.790873    7.54696    32.3666    13.8155 0.0000e+00  -62.19833  -58.13800 1152329261 189.144236    34.2223 0.0000e+00
     64.000    -0.6793   2.791022    -0.6779   2.791114    7.54131    32.3766    13.8155 0.0000e+00  -62.19833  -58.13800 1152329264 189.144271    34.2239 0.0000e+00
     65.000    -0.6798   2.790962    -0.6784   2.791066    7.54534    32.3739    13.8155 0.0000e+00  -62.19833  -58.13800 1152329267 189.144316    34.2230 0.0000e+00
     66.000    -0.6798   2.791017    -0.6785   2.791113    7.54378    32.3857    13.8155 0.0000e+00  -62.19833  -58.13800 1152329270 189.144348    34.2232 0.0000e+00
     67.000    -0.6795   2.791134    -0.6781   2.791238    7.54392    32.3858    13.8155 0.0000e+00  -62.19833  -58.13800 1152329272 189.144369    34.2237 0.0000e+00
     68.000    -0.6793   2.791233    -0.6779   2.791323    7.53952    32.3959    13.8155 0.0000e+00  -62.19833  -58.13800 1152329275 189.144402    34.2242 0.0000e+00
     69.000    -0.6785   2.791374    -0.6771   2.791480    7.52914    32.3987    13.8155 0.0000e+00  -62.19833  -58.13800 1152329279 189.144454    34.2246 0.0000e+00
     70.000    -0.6787   2.791433    -0.6775   2.791519    7.52384    32.4036    13.8155 0.0000e+00  -62.19833  -58.13800 1152329282 189.144480    34.2249 0.0000e+00
     71.000    -0.6783   2.791549    -0.6771   2.791618    7.52021    32.3846    13.8155 0.0000e+00  -62.19833  -58.13800 1152329283 189.144500    34.2255 0.0000e+00
     72.000    -0.6781   2.791610    -0.6769   2.791678    7.52265    32.4190    13.8155 0.0000e+00  -62.19833  -58.13800 1152329288 189.144547    34.2255 0.0000e+00
     73.000    -0.6775   2.791694    -0.6762   2.791771    7.51961    32.4219    13.8155 0.0000e+00  -62.19833  -58.13800 1152329290 189.144582    34.2253 0.0000e+00
     74.000    -0.6783   2.791680    -0.6769   2.791771    7.51765    32.4270    13.8155 0.0000e+00  -62.19833  -58.13800 1152329293 189.144606    34.2255 0.0000e+00
     75.000    -0.6777   2.791791    -0.6764   2.791861    7.51908    32.4355    13.8155 0.0000e+00  -62.19833  -58.13800 1152329296 189.144646    34.2256 0.0000e+00
     76.000    -0.6770   2.791926    -0.6757   2.792001    7.51950    32.4339    13.8155 0.0000e+00  -62.19833  -58.13800 1152329299 189.144680    34.2260 0.0000e+00
     77.000    -0.6769   2.791974    -0.6757   2.792035    7.52276    32.4806    13.8155 0.0000e+00  -62.19833  -58.13800 1152329301 189.144708    34.2260 0.0000e+00
     78.000    -0.6775   2.791965    -0.6767   2.792010    7.51836    32.4461    13.8155 0.0000e+00  -62.19833  -58.13800 1152329305 189.144748    34.2259 0.0000e+00
     79.000    -0.6776   2.792022    -0.6766   2.792062    7.51444    32.4534    13.8155 0.0000e+00  -62.19833  -58.13800 1152329308 189.144781    34.2262 0.0000e+00
     80.000    -0.6781   2.792025    -0.6768   2.792095    7.52098    32.4637    13.8155 0.0000e+00  -62.19833  -58.13800 1152329310 189.144811    34.2262 0.0000e+00
     81.000    -0.6772   2.792161    -0.6759   2.792217    7.52057    32.4708    13.8155 0.0000e+00  -62.19833  -58.13800 1152329313 189.144844    34.2264 0.0000e+00
     82.000    -0.6775   2.792168    -0.6763   2.792222    7.52089    32.4809    13.8155 0.0000e+00  -62.19833  -58.13800 1152329318 189.144900    34.2261 0.0000e+00
     83.000    -0.6775   2.792137    -0.6763   2.792195    7.52543    32.4829    13.8155 0.0000e+00  -62.19833  -58.13800 1152329320 189.144921    34.2251 0.0000e+00
     84.000    -0.6780   2.792142    -0.6770   2.792170    7.52942    32.4863    13.8155 0.0000e+00  -62.19833  -58.13800 1152329323 189.144958    34.2252 0.0000e+00
     85.000    -0.6782   2.792190    -0.6769   2.792246    7.53245    32.4864    13.8155 0.0000e+00  -62.19833  -58.13800 1152329327 189.145000    34.2254 0.0000e+00
     86.000    -0.6784   2.792253    -0.6770   2.792309    7.52828    32.4948    13.8155 0.0000e+00  -62.19833  -58.13800 1152329330 189.145036    34.2259 0.0000e+00
     87.000    -0.6784   2.792290    -0.6773   2.792317    7.52491    32.5020    13.8155 0.0000e+00  -62.19833  -58.13800 1152329332 189.145068    34.2257 0.0000e+00
     88.000    -0.6798   2.792247    -0.6779   2.792371    7.51854    32.4955    13.8155 0.0000e+00  -62.19833  -58.13800 1152329336 189.145111    34.2262 0.0000e+00
     89.000    -0.6812   2.792211    -0.6802   2.792241    7.51937    32.5110    13.8155 0.0000e+00  -62.19833  -58.13800 1152329339 189.145140    34.2267 0.0000e+00
     90.000    -0.6821   2.792180    -0.6816   2.792181    7.51351    32.5153    13.8155 0.0000e+00  -62.19833  -58.13800 1152329343 189.145191    34.2267 0.0000e+00
     91.000    -0.6857   2.791961    -0.6843   2.792015    7.51652    32.5174    13.8155 0.0000e+00  -62.19833  -58.13800 1152329344 189.145206    34.2273 0.0000e+00
     92.000    -0.6859   2.791996    -0.6850   2.792016    7.51843    32.5342    13.8155 0.0000e+00  -62.19833  -58.13800 1152329348 189.145250    34.2273 0.0000e+00
     93.000    -0.6866   2.791991    -0.6852   2.792043    7.51636    32.5396    13.8155 0.0000e+00  -62.19833  -58.13800 1152329352 189.145290    34.2273 0.0000e+00
     94.000    -0.6876   2.791972    -0.6863   2.792010    7.51240    32.5382    13.8155 0.0000e+00  -62.19833  -58.13800 1152329356 189.145323    34.2276 0.0000e+00
     95.000    -0.6876   2.792029    -0.6865   2.792055    7.51692    32.5512    13.8155 0.0000e+00  -62.19833  -58.13800 1152329358 189.145355    34.2278 0.0000e+00
     96.000    -0.6866   2.792152    -0.6855   2.792176    7.51309    32.5582    13.8155 0.0000e+00  -62.19833  -58.13800 1152329361 189.145395    34.2277 0.0000e+00
