product_data/regression_test/downloaded_data/MDGS/320620060703/ctd/p6609101.ros
* Sea-Bird SBE 9 Data File:
* FileName = D:\Data\Raw\P6609101.dat
* Software Version Seasave Win32 V 5.32
* Temperature SN = 1649
* Conductivity SN = 1431
* Number of Bytes Per Scan = 37
* Number of Voltage Words = 5
* Number of Scans Averaged by the Deck Unit = 1
* NMEA Latitude = 61 18.65 S
* NMEA Longitude = 057 57.06 W
* NMEA UTC (Time) = 17:20:17
** Ship:   Nathaniel B. Palmer 
** Cruise:    NBP0603 p0606
** Cast #: 01
** Station:   91
** Operator: yz
# nquan = 17
# nvalues = 1176                    
# units = specified
# name 0 = prDM: Pressure, Digiquartz [db]
# name 1 = t090C: Temperature [ITS-90, deg C]
# name 2 = c0S/m: Conductivity [S/m]
# name 3 = t190C: Temperature, 2 [ITS-90, deg C]
# name 4 = c1S/m: Conductivity, 2 [S/m]
# name 5 = sbeox0ML/L: Oxygen, SBE 43 [ml/l]
# name 6 = flECO-AFL: Fluorescence, Wetlab ECO-AFL/FL [mg/m^3]
# name 7 = bat: Beam Attenuation, Chelsea/Seatech/Wetlab CStar [1/m]
# name 8 = spar: SPAR/Surface Irradiance
# name 9 = latitude: Latitude [deg]
# name 10 = longitude: Longitude [deg]
# name 11 = timeY: Time, System [seconds]
# name 12 = timeJ: Julian Days
# name 13 = sal00: Salinity [PSU]
# name 14 = scan: scan number
# name 15 = nbf: number of bottles fired
# name 16 = flag:  0.000e+00
# interval = seconds: 0.0416667                   
# start_time = Jul 10 2006 17:20:25
*END*
[from data line 256]
    497.791     1.7191   3.052774     1.7205   3.053074    4.52472    -0.1072    13.8155 2.7274e+01  -61.31083  -57.95100 1152555654 191.764537    34.7099      87145          6  0.000e+00
    497.724     1.7197   3.052774     1.7202   3.053074    4.52461    -0.1072    13.8155 2.7274e+01  -61.31083  -57.95100 1152555654 191.764538    34.7092      87146          6  0.000e+00
    497.628     1.7197   3.052798     1.7206   3.053032    4.52455    -0.1180    13.8155 2.7274e+01  -61.31083  -57.95100 1152555654 191.764538    34.7096      87147          6  0.000e+00
    497.647     1.7195   3.052798     1.7198   3.053020    4.52458    -0.1395    13.8155 2.7274e+01  -61.31083  -57.95100 1152555654 191.764538    34.7098      87148          6  0.000e+00
    497.580     1.7197   3.052767     1.7200   3.053038    4.52453    -0.0964    13.8155 2.7274e+01  -61.31083  -57.95100 1152555654 191.764539    34.7092      87149          6  0.000e+00
    497.484     1.7195   3.052750     1.7201   3.053044    4.52449    -0.0749    13.8155 2.7274e+01  -61.31083  -57.95100 1152555654 191.764539    34.7093      87150          6  0.000e+00
    497.513     1.7202   3.052781     1.7203   3.053086    4.52444    -0.0534    13.8155 2.7274e+01  -61.31083  -57.95100 1152555654 191.764540    34.7090      87151          6  0.000e+00
    497.436     1.7200   3.052785     1.7211   3.053086    4.52441    -0.0749    13.8155 2.7274e+01  -61.31083  -57.95100 1152555654 191.764540    34.7092      87152          6  0.000e+00
    497.417     1.7199   3.052754     1.7211   3.053098    4.52442    -0.0749    13.8155 2.7274e+01  -61.31083  -57.95100 1152555654 191.764541    34.7090      87153          6  0.000e+00
    497.369     1.7200   3.052809     1.7214   3.053104    4.52435    -0.0534    13.8155 2.7274e+01  -61.31083  -57.95100 1152555654 191.764541    34.7096      87154          6  0.000e+00
    497.292     1.7202   3.052802     1.7222   3.053146    4.52429    -0.0642    13.8155 2.7274e+01  -61.31083  -57.95100 1152555654 191.764542    34.7094      87155          6  0.000e+00
    497.292     1.7203   3.052785     1.7222   3.053158    4.52428    -0.1180    13.8155 2.7274e+01  -61.31083  -57.95100 1152555654 191.764542    34.7090      87156          6  0.000e+00
    497.273     1.7204   3.052846     1.7223   3.053140    4.52425    -0.0857    13.8155 2.7274e+01  -61.31083  -57.95100 1152555654 191.764543    34.7097      87157          6  0.000e+00
    497.225     1.7206   3.052822     1.7222   3.053152    4.51953    -0.0964    13.8155 2.9222e+01  -61.31083  -57.95100 1152555654 191.764543    34.7091      87158          6  0.000e+00
    497.225     1.7205   3.052870     1.7222   3.053182    4.51952    -0.1395    13.8155 2.7274e+01  -61.31083  -57.95100 1152555654 191.764544    34.7099      87159          6  0.000e+00
    497.129     1.7211   3.052846     1.7223   3.053188    4.52409    -0.1180    13.8155 2.7274e+01  -61.31083  -57.95100 1152555655 191.764544    34.7090      87160          6  0.000e+00
    497.158     1.7210   3.052860     1.7223   3.053194    4.52411    -0.0749    13.8155 2.9222e+01  -61.31083  -57.95100 1152555655 191.764545    34.7093      87161          6  0.000e+00
    497.158     1.7213   3.052860     1.7220   3.053164    4.52408    -0.0964    13.8155 2.7274e+01  -61.31083  -57.95100 1152555655 191.764545    34.7090      87162          6  0.000e+00
    497.129     1.7211   3.052826     1.7226   3.053140    4.52409    -0.0749    13.8155 2.7274e+01  -61.31083  -57.95100 1152555655 191.764546    34.7087      87163          6  0.000e+00
    497.081     1.7203   3.052809     1.7217   3.053134    4.52414    -0.0749    13.8155 2.9222e+01  -61.31083  -57.95100 1152555655 191.764546    34.7094      87164          6  0.000e+00
    497.081     1.7205   3.052778     1.7208   3.053116    4.52414    -0.0857    13.8155 2.7274e+01  -61.31083  -57.95100 1152555655 191.764547    34.7088      87165          6  0.000e+00
    497.062     1.7205   3.052815     1.7213   3.053080    4.52412    -0.0534    13.8155 2.7274e+01  -61.31083  -57.95100 1152555655 191.764547    34.7093      87166          6  0.000e+00
    497.014     1.7208   3.052802     1.7208   3.053074    4.52406    -0.0749    13.8155 2.7274e+01  -61.31083  -57.95100 1152555655 191.764548    34.7088      87167          6  0.000e+00
    497.081     1.7206   3.052784     1.7211   3.053074    4.52412    -0.0964    13.8155 2.7274e+01  -61.31083  -57.95100 1152555655 191.764548    34.7087      87168          6  0.000e+00
    496.985     1.7205   3.052826     1.7210   3.053098    4.52406    -0.0534    13.8155 2.7274e+01  -61.31083  -57.95100 1152555655 191.764549    34.7094      87169          6  0.000e+00
    497.081     1.7208   3.052853     1.7211   3.053128    4.52408    -0.0749    13.8155 2.7274e+01  -61.31083  -57.95100 1152555655 191.764549    34.7094      87170          6  0.000e+00
    497.014     1.7205   3.052867     1.7217   3.053134    4.52407    -0.0964    13.8155 2.7274e+01  -61.31083  -57.95100 1152555655 191.764550    34.7100      87171          6  0.000e+00
    496.985     1.7209   3.052850     1.7211   3.053110    4.52401    -0.0857    13.8155 2.7274e+01  -61.31083  -57.95100 1152555655 191.764550    34.7093      87172          6  0.000e+00
    496.947     1.7210   3.052888     1.7211   3.053104    4.51930    -0.0534    13.8155 2.7274e+01  -61.31083  -57.95100 1152555655 191.764551    34.7097      87173          6  0.000e+00
    497.158     1.7209   3.052894     1.7217   3.053164    4.52410    -0.0534    13.8155 2.7274e+01  -61.31083  -57.95100 1152555655 191.764551    34.7098      87174          6  0.000e+00
    496.986     1.7214   3.052884     1.7216   3.053170    4.52395    -0.0534    13.8155 2.7274e+01  -61.31083  -57.95100 1152555655 191.764552    34.7092      87175          6  0.000e+00
    497.082     1.7211   3.052850     1.7217   3.053158    4.52406    -0.0749    13.8155 2.7274e+01  -61.31083  -57.95100 1152555655 191.764552    34.7091      87176          6  0.000e+00
    497.014     1.7212   3.052853     1.7224   3.053140    4.52401    -0.0857    13.8155 2.7274e+01  -61.31083  -57.95100 1152555655 191.764552    34.7091      87177          6  0.000e+00
    497.062     1.7208   3.052867     1.7216   3.053152    4.52406    -0.0534    13.8155 2.7274e+01  -61.31083  -57.95100 1152555655 191.764553    34.7096      87178          6  0.000e+00
    497.014     1.7206   3.052877     1.7217   3.053158    4.52405    -0.0749    13.8155 2.7274e+01  -61.31083  -57.95100 1152555655 191.764553    34.7100      87179          6  0.000e+00
    497.082     1.7209   3.052815     1.7211   3.053158    4.52408    -0.0642    13.8155 2.7274e+01  -61.31083  -57.95100 1152555655 191.764554    34.7088      87180          6  0.000e+00
    497.062     1.7202   3.052839     1.7213   3.053074    4.52413    -0.0319    13.8155 2.7274e+01  -61.31083  -57.95100 1152555655 191.764554    34.7099      87181          6  0.000e+00
    497.082     1.7202   3.052791     1.7205   3.053044    4.52416    -0.0426    13.8155 2.7274e+01  -61.31083  -57.95100 1152555655 191.764555    34.7093      87182          6  0.000e+00
    450.886     1.7573   3.052863     1.7582   3.053186    4.46860    -0.1180    13.8155 2.3378e+01  -61.31083  -57.95100 1152555774 191.765922    34.6957      90016          7  0.000e+00
    451.020     1.7576   3.052857     1.7583   3.053186    4.46866    -0.1180    13.8155 2.3378e+01  -61.31083  -57.95100 1152555774 191.765922    34.6952      90017          7  0.000e+00
    450.886     1.7573   3.052826     1.7581   3.053132    4.46862    -0.1610    13.8155 2.3378e+01  -61.31083  -57.95100 1152555774 191.765923    34.6952      90018          7  0.000e+00
    450.963     1.7573   3.052863     1.7582   3.053162    4.46865    -0.1180    13.8155 2.3378e+01  -61.31083  -57.95100 1152555774 191.765923    34.6956      90019          7  0.000e+00
    450.953     1.7576   3.052870     1.7584   3.053156    4.46861    -0.1180    13.8155 2.3378e+01  -61.31083  -57.95100 1152555774 191.765924    34.6954      90020          7  0.000e+00
    451.020     1.7576   3.052877     1.7582   3.053168    4.46401    -0.0749    13.8155 2.3378e+01  -61.31083  -57.95100 1152555774 191.765924    34.6955      90021          7  0.000e+00
    451.020     1.7576   3.052870     1.7584   3.053174    4.46401    -0.0534    13.8155 2.3378e+01  -61.31083  -57.95100 1152555774 191.765924    34.6954      90022          7  0.000e+00
    451.020     1.7569   3.052819     1.7584   3.053150    4.46873    -0.0642    13.8155 2.3378e+01  -61.31083  -57.95100 1152555774 191.765925    34.6954      90023          7  0.000e+00
    451.020     1.7569   3.052822     1.7582   3.053168    4.46873    -0.0857    13.8155 2.3378e+01  -61.31083  -57.95100 1152555774 191.765925    34.6955      90024          7  0.000e+00
    451.097     1.7573   3.052839     1.7583   3.053132    4.46874    -0.0964    13.8155 2.3378e+01  -61.31083  -57.95100 1152555774 191.765926    34.6953      90025          7  0.000e+00
    451.097     1.7569   3.052853     1.7579   3.053138    4.46877    -0.0534    13.8155 2.3378e+01  -61.31083  -57.95100 1152555774 191.765926    34.6958      90026          7  0.000e+00
    451.097     1.7568   3.052846     1.7581   3.053144    4.46878    -0.0964    13.8155 2.3378e+01  -61.31083  -57.95100 1152555774 191.765927    34.6959      90027          7  0.000e+00
    451.174     1.7571   3.052812     1.7578   3.053144    4.46881    -0.0749    13.8155 2.3378e+01  -61.31083  -57.95100 1152555774 191.765927    34.6951      90028          7  0.000e+00
    451.232     1.7568   3.052850     1.7581   3.053144    4.46886    -0.1180    13.8155 2.3378e+01  -61.31083  -57.95100 1152555774 191.765928    34.6958      90029          7  0.000e+00
    451.164     1.7574   3.052857     1.7578   3.053126    4.46412    -0.0964    13.8155 2.3378e+01  -61.31083  -57.95100 1152555774 191.765928    34.6953      90030          7  0.000e+00
    451.232     1.7576   3.052846     1.7578   3.053138    4.46879    -0.0749    13.8155 2.3378e+01  -61.31083  -57.95100 1152555774 191.765929    34.6949      90031          7  0.000e+00
    451.232     1.7573   3.052870     1.7576   3.053144    4.46881    -0.0534    13.8155 2.3378e+01  -61.31083  -57.95100 1152555774 191.765929    34.6956      90032          7  0.000e+00
    451.232     1.7580   3.052870     1.7576   3.053126    4.46410    -0.0534    13.8155 2.3378e+01  -61.31083  -57.95100 1152555774 191.765930    34.6947      90033          7  0.000e+00
    451.308     1.7576   3.052877     1.7575   3.053120    4.46883    -0.0642    13.8155 2.3378e+01  -61.31083  -57.95100 1152555774 191.765930    34.6953      90034          7  0.000e+00
    451.308     1.7569   3.052870     1.7578   3.053096    4.46889    -0.0964    13.8155 2.3378e+01  -61.31083  -57.95100 1152555774 191.765931    34.6959      90035          7  0.000e+00
    451.308     1.7569   3.052857     1.7576   3.053114    4.46890    -0.0642    13.8155 2.3378e+01  -61.31083  -57.95100 1152555774 191.765931    34.6957      90036          7  0.000e+00
    451.385     1.7563   3.052826     1.7575   3.053138    4.46901    -0.0426    13.8155 2.3378e+01  -61.31083  -57.95100 1152555774 191.765932    34.6960      90037          7  0.000e+00
    451.376     1.7569   3.052846     1.7573   3.053126    4.46894    -0.0534    13.8155 2.3378e+01  -61.31083  -57.95100 1152555774 191.765932    34.6956      90038          7  0.000e+00
    451.376     1.7568   3.052826     1.7580   3.053096    4.46896    -0.0964    13.8155 2.1430e+01  -61.31083  -57.95100 1152555775 191.765933    34.6955      90039          7  0.000e+00
    451.452     1.7571   3.052846     1.7574   3.053132    4.46897    -0.1287    13.8155 2.3378e+01  -61.31083  -57.95100 1152555775 191.765933    34.6953      90040          7  0.000e+00
    451.376     1.7569   3.052864     1.7579   3.053126    4.46893    -0.0964    13.8155 2.3378e+01  -61.31083  -57.95100 1152555775 191.765934    34.6958      90041          7  0.000e+00
    451.452     1.7566   3.052836     1.7572   3.053102    4.46902    -0.0749    13.8155 2.3378e+01  -61.31083  -57.95100 1152555775 191.765934    34.6957      90042          7  0.000e+00
    451.520     1.7571   3.052819     1.7579   3.053132    4.46903    -0.0857    13.8155 2.3378e+01  -61.31083  -57.95100 1152555775 191.765935    34.6950      90043          7  0.000e+00
    451.453     1.7576   3.052846     1.7578   3.053126    4.46893    -0.0964    13.8155 2.5326e+01  -61.31083  -57.95100 1152555775 191.765935    34.6948      90044          7  0.000e+00
    451.520     1.7569   3.052846     1.7581   3.053139    4.46439    -0.0857    13.8155 2.5326e+01  -61.31083  -57.95100 1152555775 191.765936    34.6955      90045          7  0.000e+00
    451.520     1.7569   3.052833     1.7582   3.053145    4.46440    -0.1072    13.8155 2.5326e+01  -61.31083  -57.95100 1152555775 191.765936    34.6953      90046          7  0.000e+00
    451.529     1.7571   3.052829     1.7582   3.053145    4.46903    -0.1180    13.8155 2.5326e+01  -61.31083  -57.95100 1152555775 191.765937    34.6951      90047          7  0.000e+00
    451.587     1.7571   3.052840     1.7584   3.053145    4.46442    -0.1287    13.8155 2.5326e+01  -61.31083  -57.95100 1152555775 191.765937    34.6952      90048          7  0.000e+00
    451.520     1.7568   3.052853     1.7578   3.053145    4.46904    -0.1180    13.8155 2.5326e+01  -61.31083  -57.95100 1152555775 191.765937    34.6957      90049          7  0.000e+00
    451.587     1.7573   3.052826     1.7578   3.053127    4.46905    -0.0857    13.8155 2.7274e+01  -61.31083  -57.95100 1152555775 191.765938    34.6948      90050          7  0.000e+00
    451.587     1.7573   3.052846     1.7575   3.053121    4.46904    -0.1180    13.8155 2.5326e+01  -61.31083  -57.95100 1152555775 191.765938    34.6951      90051          7  0.000e+00
    451.587     1.7569   3.052846     1.7579   3.053102    4.46907    -0.0964    13.8155 2.5326e+01  -61.31083  -57.95100 1152555775 191.765939    34.6954      90052          7  0.000e+00
    451.587     1.7566   3.052853     1.7579   3.053115    4.46910    -0.0534    13.8155 2.7274e+01  -61.31083  -57.95100 1152555775 191.765939    34.6959      90053          7  0.000e+00
    451.587     1.7566   3.052846     1.7577   3.053121    4.46910    -0.0534    13.8155 2.7274e+01  -61.31083  -57.95100 1152555775 191.765940    34.6958      90054          7  0.000e+00
    451.587     1.7566   3.052853     1.7578   3.053121    4.46910    -0.0857    13.8155 2.7274e+01  -61.31083  -57.95100 1152555775 191.765940    34.6959      90055          7  0.000e+00
    451.606     1.7565   3.052826     1.7577   3.053121    4.46914    -0.0642    13.8155 2.7274e+01  -61.31083  -57.95100 1152555775 191.765941    34.6957      90056          7  0.000e+00
    451.587     1.7565   3.052826     1.7576   3.053121    4.46912    -0.0534    13.8155 2.7274e+01  -61.31083  -57.95100 1152555775 191.765941    34.6957      90057          7  0.000e+00
    451.587     1.7571   3.052819     1.7584   3.053121    4.46443    -0.0642    13.8155 2.7274e+01  -61.31083  -57.95100 1152555775 191.765942    34.6949      90058          7  0.000e+00
    451.587     1.7566   3.052809     1.7578   3.053163    4.46448    -0.0642    13.8155 2.7274e+01  -61.31083  -57.95100 1152555775 191.765942    34.6953      90059          7  0.000e+00
    451.587     1.7566   3.052816     1.7579   3.053139    4.46447    -0.0857    13.8155 2.7274e+01  -61.31083  -57.95100 1152555775 191.765943    34.6954      90060          7  0.000e+00
    451.587     1.7566   3.052826     1.7581   3.053139    4.46911    -0.1180    13.8155 2.7274e+01  -61.31083  -57.95100 1152555775 191.765943    34.6955      90061          7  0.000e+00
