product_data/regression_test/downloaded_data/MDGS/320620060703/ctd/p6609304.ros
* Sea-Bird SBE 9 Data File:
* FileName = D:\Data\Raw\P6609304.dat
* Software Version Seasave Win32 V 5.32
* Temperature SN = 1649
* Conductivity SN = 1431
* Number of Bytes Per Scan = 37
* Number of Voltage Words = 5
* Number of Scans Averaged by the Deck Unit = 1
* NMEA Latitude = 61 07.50 S
* NMEA Longitude = 058 05.51 W
* NMEA UTC (Time) = 02:17:40
** Ship:   Nathaniel B. Palmer nbp
** Cruise:    NBP0603 nbp0606
** Cast #: 01
** Station:   93
** Operator: yz
# nquan = 17
# nvalues = 1176                    
# units = specified
# name 0 = prDM: Pressure, Digiquartz [db]
# name 1 = t090C: Temperature [ITS-90, deg C]
# name 2 = c0S/m: Conductivity [S/m]
# name 3 = t190C: Temperature, 2 [ITS-90, deg C]
# name 4 = c1S/m: Conductivity, 2 [S/m]
# name 5 = sbeox0ML/L: Oxygen, SBE 43 [ml/l]
# name 6 = flECO-AFL: Fluorescence, Wetlab ECO-AFL/FL [mg/m^3]
# name 7 = bat: Beam Attenuation, Chelsea/Seatech/Wetlab CStar [1/m]
# name 8 = spar: SPAR/Surface Irradiance
# name 9 = latitude: Latitude [deg]
# name 10 = longitude: Longitude [deg]
# name 11 = timeY: Time, System [seconds]
# name 12 = timeJ: Julian Days
# name 13 = sal00: Salinity [PSU]
# name 14 = scan: scan number
# name 15 = nbf: number of bottles fired
# name 16 = flag:  0.000e+00
# interval = seconds: 0.0416667                   
# start_time = Jul 11 2006 02:17:48
*END*
[from data line 852]
    300.034     1.9331   3.057479     1.9338   3.057754    4.33136    -0.0534    13.8155 0.0000e+00  -61.12500  -58.09183 1152584899 192.103028    34.6468      15208         18  0.000e+00
    300.063     1.9325   3.057431     1.9337   3.057742    4.33145    -0.0642    13.8155 0.0000e+00  -61.12500  -58.09183 1152584899 192.103029    34.6468      15209         18  0.000e+00
    300.034     1.9331   3.057459     1.9339   3.057748    4.33137    -0.0964    13.8155 0.0000e+00  -61.12500  -58.09183 1152584899 192.103029    34.6466      15210         18  0.000e+00
    300.111     1.9330   3.057486     1.9341   3.057730    4.33141    -0.1287    13.8155 0.0000e+00  -61.12500  -58.09183 1152584899 192.103030    34.6469      15211         18  0.000e+00
    300.034     1.9331   3.057528     1.9343   3.057760    4.33134    -0.1180    13.8155 0.0000e+00  -61.12500  -58.09183 1152584900 192.103030    34.6474      15212         18  0.000e+00
    300.063     1.9329   3.057503     1.9344   3.057754    4.33138    -0.0319    13.8155 0.0000e+00  -61.12500  -58.09183 1152584900 192.103030    34.6473      15213         18  0.000e+00
    300.111     1.9328   3.057476     1.9343   3.057754    4.33596    -0.0426    13.8155 0.0000e+00  -61.12500  -58.09183 1152584900 192.103031    34.6471      15214         18  0.000e+00
    300.034     1.9334   3.057469     1.9339   3.057784    4.33586    -0.0426    13.8155 0.0000e+00  -61.12500  -58.09183 1152584900 192.103031    34.6463      15215         18  0.000e+00
    300.063     1.9329   3.057486     1.9336   3.057742    4.33591    -0.0642    13.8155 0.0000e+00  -61.12500  -58.09183 1152584900 192.103032    34.6471      15216         18  0.000e+00
    300.034     1.9329   3.057476     1.9347   3.057760    4.33137    -0.0534    13.8155 0.0000e+00  -61.12500  -58.09183 1152584900 192.103032    34.6469      15217         18  0.000e+00
    300.111     1.9331   3.057486     1.9345   3.057778    4.33140    -0.0749    13.8155 0.0000e+00  -61.12500  -58.09183 1152584900 192.103033    34.6469      15218         18  0.000e+00
    300.063     1.9331   3.057510     1.9346   3.057760    4.33137    -0.0534    13.8155 0.0000e+00  -61.12500  -58.09183 1152584900 192.103033    34.6472      15219         18  0.000e+00
    300.034     1.9331   3.057483     1.9336   3.057766    4.33136    -0.0534    13.8155 0.0000e+00  -61.12500  -58.09183 1152584900 192.103034    34.6469      15220         18  0.000e+00
    300.034     1.9329   3.057524     1.9343   3.057778    4.33588    -0.0749    13.8155 0.0000e+00  -61.12500  -58.09183 1152584900 192.103034    34.6475      15221         18  0.000e+00
    300.063     1.9324   3.057486     1.9342   3.057760    4.33143    -0.0964    13.8155 0.0000e+00  -61.12500  -58.09183 1152584900 192.103035    34.6476      15222         18  0.000e+00
    300.111     1.9328   3.057469     1.9339   3.057742    4.33596    -0.1072    13.8155 0.0000e+00  -61.12500  -58.09183 1152584900 192.103035    34.6470      15223         18  0.000e+00
    300.034     1.9328   3.057490     1.9337   3.057772    4.33138    -0.0642    13.8155 0.0000e+00  -61.12500  -58.09183 1152584900 192.103036    34.6473      15224         18  0.000e+00
    300.034     1.9334   3.057476     1.9339   3.057760    4.33586    -0.0642    13.8155 0.0000e+00  -61.12500  -58.09183 1152584900 192.103036    34.6464      15225         18  0.000e+00
    300.063     1.9326   3.057486     1.9339   3.057766    4.33594    -0.0426    13.8155 0.0000e+00  -61.12500  -58.09183 1152584900 192.103037    34.6474      15226         18  0.000e+00
    300.034     1.9332   3.057476     1.9341   3.057736    4.33135    -0.0642    13.8155 0.0000e+00  -61.12500  -58.09183 1152584900 192.103037    34.6466      15227         18  0.000e+00
    300.034     1.9331   3.057469     1.9341   3.057736    4.33589    -0.0642    13.8155 0.0000e+00  -61.12500  -58.09183 1152584900 192.103038    34.6467      15228         18  0.000e+00
    300.063     1.9329   3.057503     1.9341   3.057688    4.33591    -0.0534    13.8155 0.0000e+00  -61.12500  -58.09183 1152584900 192.103038    34.6473      15229         18  0.000e+00
    300.034     1.9329   3.057500     1.9341   3.057772    4.33136    -0.0534    13.8155 0.0000e+00  -61.12500  -58.09183 1152584900 192.103039    34.6472      15230         18  0.000e+00
    300.034     1.9332   3.057510     1.9341   3.057796    4.33586    -0.0319    13.8155 0.0000e+00  -61.12500  -58.09183 1152584900 192.103039    34.6470      15231         18  0.000e+00
    299.996     1.9329   3.057479     1.9339   3.057760    4.33135    -0.0534    13.8155 0.0000e+00  -61.12500  -58.09183 1152584900 192.103040    34.6470      15232         18  0.000e+00
    300.034     1.9332   3.057469     1.9339   3.057730    4.33588    -0.0857    13.8155 0.0000e+00  -61.12500  -58.09183 1152584900 192.103040    34.6465      15233         18  0.000e+00
    300.034     1.9329   3.057490     1.9339   3.057736    4.33590    -0.0857    13.8155 0.0000e+00  -61.12500  -58.09183 1152584900 192.103041    34.6471      15234         18  0.000e+00
    300.034     1.9324   3.057455     1.9339   3.057724    4.33595    -0.0964    13.8155 0.0000e+00  -61.12500  -58.09183 1152584901 192.103041    34.6472      15235         18  0.000e+00
    299.996     1.9334   3.057497     1.9341   3.057712    4.33583    -0.0642    13.8155 0.0000e+00  -61.12500  -58.09183 1152584901 192.103042    34.6467      15236         18  0.000e+00
    299.967     1.9332   3.057483     1.9341   3.057742    4.33583    -0.0642    13.8155 0.0000e+00  -61.12500  -58.09183 1152584901 192.103042    34.6467      15237         18  0.000e+00
    300.742     1.9335   3.057566     1.9344   3.057809    4.33624    -0.0749    13.8155 0.0000e+00  -61.12500  -58.09183 1152584905 192.103098    34.6470      15352         19  0.000e+00
    300.742     1.9337   3.057603     1.9342   3.057809    4.33621    -0.0642    13.8155 0.0000e+00  -61.12500  -58.09183 1152584905 192.103098    34.6473      15353         19  0.000e+00
    300.838     1.9337   3.057576     1.9344   3.057845    4.33175    -0.0749    13.8155 0.0000e+00  -61.12500  -58.09183 1152584905 192.103098    34.6469      15354         19  0.000e+00
    300.885     1.9334   3.057566     1.9341   3.057839    4.33634    -0.0749    13.8155 0.0000e+00  -61.12500  -58.09183 1152584906 192.103099    34.6471      15355         19  0.000e+00
    300.742     1.9332   3.057548     1.9347   3.057815    4.33627    -0.0964    13.8155 0.0000e+00  -61.12500  -58.09183 1152584906 192.103099    34.6471      15356         19  0.000e+00
    300.905     1.9337   3.057559     1.9345   3.057821    4.33180    -0.1180    13.8155 0.0000e+00  -61.12500  -58.09183 1152584906 192.103100    34.6466      15357         19  0.000e+00
    300.809     1.9337   3.057566     1.9347   3.057809    4.33627    -0.0749    13.8155 0.0000e+00  -61.12500  -58.09183 1152584906 192.103100    34.6468      15358         19  0.000e+00
    300.885     1.9335   3.057603     1.9341   3.057845    4.33631    -0.0749    13.8155 0.0000e+00  -61.12500  -58.09183 1152584906 192.103101    34.6474      15359         19  0.000e+00
    300.838     1.9337   3.057597     1.9341   3.057821    4.33627    -0.0534    13.8155 0.0000e+00  -61.12500  -58.09183 1152584906 192.103101    34.6472      15360         19  0.000e+00
    300.885     1.9332   3.057573     1.9345   3.057791    4.33635    -0.0642    13.8155 0.0000e+00  -61.12500  -58.09183 1152584906 192.103102    34.6473      15361         19  0.000e+00
    300.809     1.9337   3.057566     1.9344   3.057791    4.33627    -0.0964    13.8155 0.0000e+00  -61.12500  -58.09183 1152584906 192.103102    34.6468      15362         19  0.000e+00
    300.905     1.9334   3.057545     1.9341   3.057803    4.33636    -0.0964    13.8155 0.0000e+00  -61.12500  -58.09183 1152584906 192.103103    34.6468      15363         19  0.000e+00
    300.885     1.9332   3.057576     1.9344   3.057809    4.33635    -0.1072    13.8155 0.0000e+00  -61.12500  -58.09183 1152584906 192.103103    34.6474      15364         19  0.000e+00
    300.809     1.9334   3.057555     1.9343   3.057821    4.33630    -0.1072    13.8155 0.0000e+00  -61.12500  -58.09183 1152584906 192.103104    34.6470      15365         19  0.000e+00
    300.905     1.9331   3.057542     1.9347   3.057809    4.33639    -0.0534    13.8155 0.0000e+00  -61.12500  -58.09183 1152584906 192.103104    34.6471      15366         19  0.000e+00
    300.809     1.9334   3.057559     1.9347   3.057809    4.33629    -0.0749    13.8155 0.0000e+00  -61.12500  -58.09183 1152584906 192.103105    34.6470      15367         19  0.000e+00
    300.885     1.9339   3.057566     1.9342   3.057797    4.33630    -0.0964    13.8155 0.0000e+00  -61.12500  -58.09183 1152584906 192.103105    34.6466      15368         19  0.000e+00
    300.809     1.9339   3.057548     1.9347   3.057803    4.33626    -0.0964    13.8155 0.0000e+00  -61.12500  -58.09183 1152584906 192.103106    34.6464      15369         19  0.000e+00
    300.905     1.9334   3.057559     1.9350   3.057863    4.33635    -0.0964    13.8155 0.0000e+00  -61.12500  -58.09183 1152584906 192.103106    34.6470      15370         19  0.000e+00
    300.809     1.9334   3.057566     1.9343   3.057827    4.33629    -0.0534    13.8155 0.0000e+00  -61.12500  -58.09183 1152584906 192.103107    34.6471      15371         19  0.000e+00
    300.885     1.9335   3.057603     1.9339   3.057827    4.33631    -0.0857    13.8155 0.0000e+00  -61.12500  -58.09183 1152584906 192.103107    34.6474      15372         19  0.000e+00
    300.770     1.9332   3.057576     1.9347   3.057827    4.33628    -0.0857    13.8155 0.0000e+00  -61.12500  -58.09183 1152584906 192.103108    34.6474      15373         19  0.000e+00
    300.885     1.9337   3.057566     1.9346   3.057833    4.33631    -0.0964    13.8155 0.0000e+00  -61.12500  -58.09183 1152584906 192.103108    34.6467      15374         19  0.000e+00
    300.809     1.9335   3.057586     1.9345   3.057815    4.33627    -0.0857    13.8155 0.0000e+00  -61.12500  -58.09183 1152584906 192.103109    34.6472      15375         19  0.000e+00
    300.770     1.9337   3.057572     1.9341   3.057778    4.33171    -0.0964    13.8155 0.0000e+00  -61.12500  -58.09183 1152584906 192.103109    34.6469      15376         19  0.000e+00
    300.809     1.9332   3.057583     1.9342   3.057778    4.33630    -0.0964    13.8155 0.0000e+00  -61.12500  -58.09183 1152584906 192.103110    34.6475      15377         19  0.000e+00
    300.809     1.9329   3.057572     1.9344   3.057821    4.33633    -0.0749    13.8155 0.0000e+00  -61.12500  -58.09183 1152584906 192.103110    34.6477      15378         19  0.000e+00
    300.770     1.9337   3.057548     1.9347   3.057827    4.33625    -0.0857    13.8155 0.0000e+00  -61.12500  -58.09183 1152584906 192.103111    34.6466      15379         19  0.000e+00
    300.742     1.9334   3.057559     1.9344   3.057809    4.33625    -0.0964    13.8155 0.0000e+00  -61.12500  -58.09183 1152584907 192.103111    34.6471      15380         19  0.000e+00
    300.742     1.9335   3.057566     1.9342   3.057778    4.33624    -0.1395    13.8155 0.0000e+00  -61.12500  -58.09183 1152584907 192.103111    34.6470      15381         19  0.000e+00
    300.770     1.9337   3.057548     1.9342   3.057797    4.33172    -0.1180    13.8155 0.0000e+00  -61.12500  -58.09183 1152584907 192.103112    34.6466      15382         19  0.000e+00
    300.742     1.9332   3.057559     1.9349   3.057827    4.33174    -0.0857    13.8155 0.0000e+00  -61.12500  -58.09183 1152584907 192.103112    34.6472      15383         19  0.000e+00
    300.675     1.9340   3.057545     1.9345   3.057827    4.33616    -0.0857    13.8155 0.0000e+00  -61.12500  -58.09183 1152584907 192.103113    34.6462      15384         19  0.000e+00
    300.694     1.9335   3.057542     1.9344   3.057790    4.33622    -0.0857    13.8155 0.0000e+00  -61.12500  -58.09183 1152584907 192.103113    34.6467      15385         19  0.000e+00
    300.675     1.9334   3.057541     1.9347   3.057802    4.33622    -0.0426    13.8155 0.0000e+00  -61.12500  -58.09183 1152584907 192.103114    34.6469      15386         19  0.000e+00
    300.675     1.9337   3.057541     1.9341   3.057796    4.33167    -0.0534    13.8155 0.0000e+00  -61.12500  -58.09183 1152584907 192.103114    34.6466      15387         19  0.000e+00
    300.694     1.9329   3.057542     1.9344   3.057784    4.33627    -0.1072    13.8155 0.0000e+00  -61.12500  -58.09183 1152584907 192.103115    34.6474      15388         19  0.000e+00
    300.598     1.9335   3.057576     1.9344   3.057772    4.33615    -0.1287    13.8155 0.0000e+00  -61.12500  -58.09183 1152584907 192.103115    34.6472      15389         19  0.000e+00
    300.675     1.9334   3.057569     1.9342   3.057796    4.33621    -0.1180    13.8155 0.0000e+00  -61.12500  -58.09183 1152584907 192.103116    34.6472      15390         19  0.000e+00
    300.598     1.9337   3.057545     1.9339   3.057766    4.33615    -0.0964    13.8155 0.0000e+00  -61.12500  -58.09183 1152584907 192.103116    34.6466      15391         19  0.000e+00
    300.560     1.9337   3.057562     1.9343   3.057808    4.33612    -0.0749    13.8155 0.0000e+00  -61.12500  -58.09183 1152584907 192.103117    34.6469      15392         19  0.000e+00
    300.598     1.9332   3.057548     1.9342   3.057790    4.33166    -0.1072    13.8155 0.0000e+00  -61.12500  -58.09183 1152584907 192.103117    34.6472      15393         19  0.000e+00
    300.531     1.9334   3.057559     1.9338   3.057760    4.33160    -0.0857    13.8155 0.0000e+00  -61.12500  -58.09183 1152584907 192.103118    34.6472      15394         19  0.000e+00
    300.483     1.9332   3.057514     1.9344   3.057784    4.33160    -0.0534    13.8155 0.0000e+00  -61.12500  -58.09183 1152584907 192.103118    34.6468      15395         19  0.000e+00
    300.531     1.9335   3.057528     1.9344   3.057784    4.33613    -0.0857    13.8155 0.0000e+00  -61.12500  -58.09183 1152584907 192.103119    34.6466      15396         19  0.000e+00
    300.531     1.9334   3.057541     1.9342   3.057784    4.33613    -0.1072    13.8155 0.0000e+00  -61.12500  -58.09183 1152584907 192.103119    34.6470      15397         19  0.000e+00
    300.416     1.9332   3.057521     1.9339   3.057790    4.33609    -0.0857    13.8155 0.0000e+00  -61.12500  -58.09183 1152584907 192.103120    34.6470      15398         19  0.000e+00
    300.454     1.9339   3.057500     1.9344   3.057784    4.33606    -0.0534    13.8155 0.0000e+00  -61.12500  -58.09183 1152584907 192.103120    34.6460      15399         19  0.000e+00
    300.454     1.9335   3.057528     1.9344   3.057772    4.33608    -0.0426    13.8155 0.0000e+00  -61.12500  -58.09183 1152584907 192.103121    34.6467      15400         19  0.000e+00
    300.272     1.9334   3.057504     1.9344   3.057778    4.33146    -0.0211    13.8155 0.0000e+00  -61.12500  -58.09183 1152584913 192.103183    34.6466      15530         20  0.000e+00
    300.243     1.9332   3.057493     1.9336   3.057790    4.33147    -0.0426    13.8155 0.0000e+00  -61.12500  -58.09183 1152584913 192.103184    34.6467      15531         20  0.000e+00
    300.176     1.9331   3.057493     1.9341   3.057742    4.33144    -0.0426    13.8155 0.0000e+00  -61.12500  -58.09183 1152584913 192.103184    34.6469      15532         20  0.000e+00
    300.205     1.9332   3.057476     1.9336   3.057766    4.33145    -0.0319    13.8155 0.0000e+00  -61.12500  -58.09183 1152584913 192.103185    34.6465      15533         20  0.000e+00
    300.243     1.9335   3.057469     1.9337   3.057790    4.33145    -0.0534    13.8155 0.0000e+00  -61.12500  -58.09183 1152584913 192.103185    34.6461      15534         20  0.000e+00
