product_data/regression_test/downloaded_data/MDGS/320620060703/ctd/p6609310.ros
* Sea-Bird SBE 9 Data File:
* FileName = D:\Data\Raw\p6609310.dat
* Software Version Seasave Win32 V 5.32
* Temperature SN = 1649
* Conductivity SN = 1431
* Number of Bytes Per Scan = 37
* Number of Voltage Words = 5
* Number of Scans Averaged by the Deck Unit = 1
* NMEA Latitude = 61 07.49 S
* NMEA Longitude = 058 05.61 W
* NMEA UTC (Time) = 09:04:34
** Ship:   Nathaniel B. Palmer nbp
** Cruise:    NBP0606 nbp0606
# nquan = 17
# nvalues = 1176                    
# units = specified
# name 0 = prDM: Pressure, Digiquartz [db]
# name 1 = t090C: Temperature [ITS-90, deg C]
# name 2 = c0S/m: Conductivity [S/m]
# name 3 = t190C: Temperature, 2 [ITS-90, deg C]
# name 4 = c1S/m: Conductivity, 2 [S/m]
# name 5 = sbeox0ML/L: Oxygen, SBE 43 [ml/l]
# name 6 = flECO-AFL: Fluorescence, Wetlab ECO-AFL/FL [mg/m^3]
# name 7 = bat: Beam Attenuation, Chelsea/Seatech/Wetlab CStar [1/m]
# name 8 = spar: SPAR/Surface Irradiance
# name 9 = latitude: Latitude [deg]
# name 10 = longitude: Longitude [deg]
# name 11 = timeY: Time, System [seconds]
# name 12 = timeJ: Julian Days
# name 13 = sal00: Salinity [PSU]
# name 14 = scan: scan number
# name 15 = nbf: number of bottles fired
# name 16 = flag:  0.000e+00
# interval = seconds: 0.0416667                   
# start_time = Jul 11 2006 09:04:41
*END*
[from data line 86]
   2000.549     0.7771   3.035074     0.7775   3.035385    4.39814    -0.1180    13.8155 0.0000e+00  -61.12483  -58.09350 1152611462 192.410462    34.7088      66790          2  0.000e+00
   2000.618     0.7771   3.035101     0.7766   3.035331    4.43330    -0.1072    13.8155 0.0000e+00  -61.12483  -58.09350 1152611462 192.410462    34.7091      66791          2  0.000e+00
   2000.618     0.7768   3.035047     0.7764   3.035277    4.46261    -0.1287    13.8155 0.0000e+00  -61.12483  -58.09350 1152611462 192.410462    34.7087      66792          2  0.000e+00
   2000.696     0.7766   3.035019     0.7760   3.035265    4.46855    -0.1287    13.8155 0.0000e+00  -61.12483  -58.09350 1152611462 192.410463    34.7086      66793          2  0.000e+00
   2000.765     0.7757   3.035019     0.7755   3.035217    4.45698    -0.1180    13.8155 0.0000e+00  -61.12483  -58.09350 1152611462 192.410463    34.7096      66794          2  0.000e+00
   2000.726     0.7754   3.034968     0.7753   3.035205    4.45115    -0.0857    13.8155 0.0000e+00  -61.12483  -58.09350 1152611462 192.410464    34.7093      66795          2  0.000e+00
   2000.765     0.7752   3.034930     0.7758   3.035205    4.45706    -0.1180    13.8155 0.0000e+00  -61.12483  -58.09350 1152611462 192.410464    34.7089      66796          2  0.000e+00
   2000.844     0.7743   3.034851     0.7755   3.035223    4.46893    -0.1180    13.8155 0.0000e+00  -61.12483  -58.09350 1152611462 192.410465    34.7088      66797          2  0.000e+00
   2000.844     0.7741   3.034862     0.7755   3.035193    4.46309    -0.1072    13.8155 0.0000e+00  -61.12483  -58.09350 1152611462 192.410465    34.7092      66798          2  0.000e+00
   2000.844     0.7740   3.034875     0.7752   3.035181    4.46896    -0.1395    13.8155 0.0000e+00  -61.12483  -58.09350 1152611462 192.410466    34.7096      66799          2  0.000e+00
   2000.912     0.7740   3.034824     0.7748   3.035181    4.46902    -0.1072    13.8155 0.0000e+00  -61.12483  -58.09350 1152611462 192.410466    34.7089      66800          2  0.000e+00
   2000.912     0.7743   3.034820     0.7746   3.035134    4.46899    -0.1072    13.8155 0.0000e+00  -61.12483  -58.09350 1152611463 192.410467    34.7085      66801          2  0.000e+00
   1999.737     0.7771   3.035053     0.7766   3.035277    4.76055    -0.0642    13.8155 0.0000e+00  -61.12483  -58.09350 1152611468 192.410530    34.7089      66931          3  0.000e+00
   1999.953     0.7768   3.035043     0.7769   3.035271    4.76659    -0.0749    13.8155 0.0000e+00  -61.12483  -58.09350 1152611468 192.410530    34.7091      66932          3  0.000e+00
   1999.806     0.7771   3.035043     0.7766   3.035301    4.77231    -0.0857    13.8155 0.0000e+00  -61.12483  -58.09350 1152611468 192.410530    34.7088      66933          3  0.000e+00
   1999.620     0.7766   3.035063     0.7766   3.035277    4.76638    -0.1502    13.8155 0.0000e+00  -61.12483  -58.09350 1152611468 192.410531    34.7097      66934          3  0.000e+00
   1999.884     0.7773   3.035050     0.7766   3.035241    4.76063    -0.1287    13.8155 0.0000e+00  -61.12483  -58.09350 1152611468 192.410531    34.7086      66935          3  0.000e+00
   1999.590     0.7768   3.035043     0.7766   3.035253    4.74879    -0.0749    13.8155 0.0000e+00  -61.12483  -58.09350 1152611468 192.410532    34.7093      66936          3  0.000e+00
   1999.590     0.7772   3.035046     0.7766   3.035241    4.73704    -0.0426    13.8155 0.0000e+00  -61.12483  -58.09350 1152611468 192.410532    34.7088      66937          3  0.000e+00
   1999.590     0.7774   3.035043     0.7765   3.035235    4.73117    -0.0857    13.8155 0.0000e+00  -61.12483  -58.09350 1152611468 192.410533    34.7086      66938          3  0.000e+00
   1999.512     0.7771   3.035029     0.7761   3.035211    4.72530    -0.1072    13.8155 0.0000e+00  -61.12483  -58.09350 1152611468 192.410533    34.7088      66939          3  0.000e+00
   1999.473     0.7770   3.035002     0.7761   3.035223    4.72529    -0.1395    13.8155 0.0000e+00  -61.12483  -58.09350 1152611468 192.410534    34.7085      66940          3  0.000e+00
   1999.443     0.7771   3.035012     0.7763   3.035235    4.73112    -0.0964    13.8155 0.0000e+00  -61.12483  -58.09350 1152611468 192.410534    34.7086      66941          3  0.000e+00
   1999.365     0.7764   3.035022     0.7763   3.035235    4.72527    -0.0857    13.8155 0.0000e+00  -61.12483  -58.09350 1152611468 192.410535    34.7095      66942          3  0.000e+00
   1999.296     0.7766   3.035036     0.7766   3.035193    4.73106    -0.1072    13.8155 0.0000e+00  -61.12483  -58.09350 1152611468 192.410535    34.7095      66943          3  0.000e+00
   1999.296     0.7767   3.035009     0.7766   3.035199    4.74277    -0.0534    13.8155 0.0000e+00  -61.12483  -58.09350 1152611468 192.410536    34.7091      66944          3  0.000e+00
   1999.218     0.7768   3.034995     0.7763   3.035187    4.74857    -0.0534    13.8155 0.0000e+00  -61.12483  -58.09350 1152611469 192.410536    34.7089      66945          3  0.000e+00
   1999.179     0.7769   3.034995     0.7765   3.035217    4.75438    -0.0642    13.8155 0.0000e+00  -61.12483  -58.09350 1152611469 192.410537    34.7087      66946          3  0.000e+00
   1999.149     0.7761   3.035036     0.7764   3.035211    4.74857    -0.0534    13.8155 0.0000e+00  -61.12483  -58.09350 1152611469 192.410537    34.7101      66947          3  0.000e+00
   1999.149     0.7767   3.035008     0.7764   3.035223    4.73097    -0.1072    13.8155 0.0000e+00  -61.12483  -58.09350 1152611469 192.410538    34.7092      66948          3  0.000e+00
   1999.002     0.7766   3.035015     0.7766   3.035235    4.70161    -0.1287    13.8155 0.0000e+00  -61.12483  -58.09350 1152611469 192.410538    34.7094      66949          3  0.000e+00
   1999.002     0.7763   3.035002     0.7764   3.035211    4.68994    -0.0857    13.8155 0.0000e+00  -61.12483  -58.09350 1152611469 192.410539    34.7095      66950          3  0.000e+00
   1999.002     0.7772   3.035012     0.7764   3.035187    4.69570    -0.0857    13.8155 0.0000e+00  -61.12483  -58.09350 1152611469 192.410539    34.7087      66951          3  0.000e+00
   1998.885     0.7771   3.035002     0.7765   3.035199    4.70149    -0.1072    13.8155 0.0000e+00  -61.12483  -58.09350 1152611469 192.410540    34.7087      66952          3  0.000e+00
   1998.855     0.7767   3.035012     0.7766   3.035205    4.71907    -0.1287    13.8155 0.0000e+00  -61.12483  -58.09350 1152611469 192.410540    34.7093      66953          3  0.000e+00
   1998.777     0.7768   3.034981     0.7766   3.035205    4.73658    -0.1180    13.8155 0.0000e+00  -61.12483  -58.09350 1152611469 192.410541    34.7089      66954          3  0.000e+00
   1998.777     0.7763   3.034991     0.7766   3.035187    4.75418    -0.0964    13.8155 0.0000e+00  -61.12483  -58.09350 1152611469 192.410541    34.7095      66955          3  0.000e+00
   1998.708     0.7764   3.034977     0.7766   3.035199    4.75412    -0.1072    13.8155 0.0000e+00  -61.12483  -58.09350 1152611469 192.410542    34.7092      66956          3  0.000e+00
   1998.630     0.7768   3.034971     0.7769   3.035205    4.74818    -0.1502    13.8155 0.0000e+00  -61.12483  -58.09350 1152611469 192.410542    34.7088      66957          3  0.000e+00
   1998.590     0.7766   3.034988     0.7765   3.035187    4.72476    -0.1287    13.8155 0.0000e+00  -61.12483  -58.09350 1152611469 192.410543    34.7092      66958          3  0.000e+00
   1998.551     0.7766   3.035029     0.7764   3.035181    4.70716    -0.0964    13.8155 0.0000e+00  -61.12483  -58.09350 1152611469 192.410543    34.7098      66959          3  0.000e+00
   1998.551     0.7771   3.035008     0.7764   3.035181    4.68957    -0.0964    13.8155 0.0000e+00  -61.12483  -58.09350 1152611469 192.410543    34.7090      66960          3  0.000e+00
   1998.483     0.7769   3.035012     0.7762   3.035181    4.68954    -0.1502    13.8155 0.0000e+00  -61.12483  -58.09350 1152611469 192.410544    34.7093      66961          3  0.000e+00
   1998.404     0.7767   3.034967     0.7764   3.035199    4.69538    -0.1287    13.8155 0.0000e+00  -61.12483  -58.09350 1152611469 192.410544    34.7090      66962          3  0.000e+00
   1998.404     0.7771   3.034981     0.7766   3.035187    4.67778    -0.0749    13.8155 0.0000e+00  -61.12483  -58.09350 1152611469 192.410545    34.7087      66963          3  0.000e+00
   1998.296     0.7768   3.034995     0.7763   3.035181    4.64848    -0.1072    13.8155 0.0000e+00  -61.12483  -58.09350 1152611469 192.410545    34.7093      66964          3  0.000e+00
   1998.336     0.7766   3.034960     0.7767   3.035181    4.63682    -0.1287    13.8155 0.0000e+00  -61.12483  -58.09350 1152611469 192.410546    34.7090      66965          3  0.000e+00
   1998.189     0.7767   3.034964     0.7766   3.035199    4.63087    -0.1072    13.8155 0.0000e+00  -61.12483  -58.09350 1152611469 192.410546    34.7091      66966          3  0.000e+00
   1998.189     0.7763   3.034936     0.7769   3.035205    4.63092    -0.0964    13.8155 0.0000e+00  -61.12483  -58.09350 1152611469 192.410547    34.7091      66967          3  0.000e+00
   1998.189     0.7764   3.034940     0.7767   3.035223    4.63676    -0.0749    13.8155 0.0000e+00  -61.12483  -58.09350 1152611469 192.410547    34.7090      66968          3  0.000e+00
   1998.071     0.7763   3.034926     0.7769   3.035211    4.61329    -0.0749    13.8155 0.0000e+00  -61.12483  -58.09350 1152611470 192.410548    34.7091      66969          3  0.000e+00
   1998.110     0.7764   3.034905     0.7771   3.035205    4.58406    -0.1072    13.8155 0.0000e+00  -61.12483  -58.09350 1152611470 192.410548    34.7087      66970          3  0.000e+00
   1997.963     0.7763   3.034916     0.7772   3.035205    4.58397    -0.1180    13.8155 0.0000e+00  -61.12483  -58.09350 1152611470 192.410549    34.7090      66971          3  0.000e+00
   1998.042     0.7761   3.034943     0.7774   3.035223    4.61328    -0.1180    13.8155 0.0000e+00  -61.12483  -58.09350 1152611470 192.410549    34.7095      66972          3  0.000e+00
   1997.895     0.7764   3.034909     0.7774   3.035235    4.64243    -0.1180    13.8155 0.0000e+00  -61.12483  -58.09350 1152611470 192.410550    34.7088      66973          3  0.000e+00
   1997.895     0.7763   3.034916     0.7772   3.035235    4.64244    -0.1180    13.8155 0.0000e+00  -61.12483  -58.09350 1152611470 192.410550    34.7090      66974          3  0.000e+00
   1997.855     0.7764   3.034943     0.7775   3.035235    4.63070    -0.1180    13.8155 0.0000e+00  -61.12483  -58.09350 1152611470 192.410551    34.7093      66975          3  0.000e+00
   1997.816     0.7769   3.034964     0.7777   3.035234    4.65987    -0.0534    13.8155 0.0000e+00  -61.12483  -58.09350 1152611470 192.410551    34.7090      66976          3  0.000e+00
   1997.816     0.7766   3.034933     0.7775   3.035211    4.71258    -0.0857    13.8155 0.0000e+00  -61.12483  -58.09350 1152611470 192.410552    34.7089      66977          3  0.000e+00
   1997.669     0.7766   3.034922     0.7771   3.035222    4.75345    -0.1502    13.8155 0.0000e+00  -61.12483  -58.09350 1152611470 192.410552    34.7089      66978          3  0.000e+00
   1997.748     0.7768   3.034940     0.7770   3.035234    4.76517    -0.1072    13.8155 0.0000e+00  -61.12483  -58.09350 1152611470 192.410553    34.7088      66979          3  0.000e+00
   2000.328     0.7752   3.034968     0.7760   3.035235    5.03046    -0.0749    13.8155 0.0000e+00  -61.12483  -58.09350 1152611475 192.410613    34.7096      67104          4  0.000e+00
   2000.435     0.7758   3.034954     0.7760   3.035211    5.02462    -0.0857    13.8155 0.0000e+00  -61.12483  -58.09350 1152611475 192.410613    34.7087      67105          4  0.000e+00
   2000.328     0.7754   3.034985     0.7759   3.035223    5.03629    -0.1072    13.8155 0.0000e+00  -61.12483  -58.09350 1152611475 192.410614    34.7097      67106          4  0.000e+00
   2000.553     0.7759   3.034995     0.7757   3.035211    5.04809    -0.0749    13.8155 0.0000e+00  -61.12483  -58.09350 1152611475 192.410614    34.7091      67107          4  0.000e+00
   2000.475     0.7760   3.034995     0.7758   3.035247    5.05974    -0.1180    13.8155 0.0000e+00  -61.12483  -58.09350 1152611475 192.410615    34.7091      67108          4  0.000e+00
   2000.553     0.7752   3.034978     0.7757   3.035265    5.06574    -0.1502    13.8155 0.0000e+00  -61.12483  -58.09350 1152611475 192.410615    34.7096      67109          4  0.000e+00
   2000.553     0.7752   3.034971     0.7760   3.035241    5.07159    -0.1502    13.8155 0.0000e+00  -61.12483  -58.09350 1152611475 192.410616    34.7096      67110          4  0.000e+00
   2000.622     0.7754   3.034971     0.7755   3.035235    5.07747    -0.0964    13.8155 0.0000e+00  -61.12483  -58.09350 1152611475 192.410616    34.7093      67111          4  0.000e+00
   2000.661     0.7755   3.035026     0.7755   3.035211    5.08332    -0.1072    13.8155 0.0000e+00  -61.12483  -58.09350 1152611475 192.410617    34.7099      67112          4  0.000e+00
   2000.700     0.7754   3.035023     0.7753   3.035223    5.08922    -0.0857    13.8155 0.0000e+00  -61.12483  -58.09350 1152611475 192.410617    34.7100      67113          4  0.000e+00
   2000.700     0.7761   3.035023     0.7758   3.035235    5.09499    -0.1180    13.8155 0.0000e+00  -61.12483  -58.09350 1152611476 192.410618    34.7091      67114          4  0.000e+00
   2000.847     0.7755   3.035019     0.7755   3.035253    5.10102    -0.1287    13.8155 0.0000e+00  -61.12483  -58.09350 1152611476 192.410618    34.7097      67115          4  0.000e+00
   2000.769     0.7756   3.035023     0.7755   3.035265    5.10681    -0.1072    13.8155 0.0000e+00  -61.12483  -58.09350 1152611476 192.410619    34.7097      67116          4  0.000e+00
   2000.847     0.7752   3.035002     0.7755   3.035217    5.10691    -0.0964    13.8155 0.0000e+00  -61.12483  -58.09350 1152611476 192.410619    34.7098      67117          4  0.000e+00
   2000.916     0.7754   3.034975     0.7749   3.035205    5.10696    -0.0857    13.8155 0.0000e+00  -61.12483  -58.09350 1152611476 192.410620    34.7093      67118          4  0.000e+00
   2000.877     0.7755   3.034971     0.7747   3.035187    5.10691    -0.0964    13.8155 0.0000e+00  -61.12483  -58.09350 1152611476 192.410620    34.7091      67119          4  0.000e+00
   2000.994     0.7756   3.034971     0.7743   3.035158    5.10699    -0.0964    13.8155 0.0000e+00  -61.12483  -58.09350 1152611476 192.410621    34.7089      67120          4  0.000e+00
   2000.916     0.7750   3.034971     0.7751   3.035169    5.10114    -0.0642    13.8155 0.0000e+00  -61.12483  -58.09350 1152611476 192.410621    34.7096      67121          4  0.000e+00
   2000.916     0.7752   3.034971     0.7746   3.035199    5.10112    -0.1072    13.8155 0.0000e+00  -61.12483  -58.09350 1152611476 192.410622    34.7094      67122          4  0.000e+00
   2001.141     0.7752   3.034971     0.7753   3.035206    5.10714    -0.1180    13.8155 0.0000e+00  -61.12483  -58.09350 1152611476 192.410622    34.7093      67123          4  0.000e+00
   2001.063     0.7752   3.035012     0.7753   3.035188    5.11292    -0.0749    13.8155 0.0000e+00  -61.12483  -58.09350 1152611476 192.410623    34.7098      67124          4  0.000e+00
   2001.142     0.7751   3.035002     0.7757   3.035217    5.11299    -0.0964    13.8155 0.0000e+00  -61.12483  -58.09350 1152611476 192.410623    34.7097      67125          4  0.000e+00
   2001.102     0.7755   3.034995     0.7755   3.035235    5.11877    -0.0964    13.8155 0.0000e+00  -61.12483  -58.09350 1152611476 192.410624    34.7092      67126          4  0.000e+00
