product_data/regression_test/downloaded_data/MDGS/320620060703/ctd/p6607104.ros
* Sea-Bird SBE 9 Data File:
* FileName = D:\Data\Raw\p6607104.dat
* Software Version Seasave Win32 V 5.32
* Temperature SN = 1649
* Conductivity SN = 1431
* Number of Bytes Per Scan = 37
* Number of Voltage Words = 5
* Number of Scans Averaged by the Deck Unit = 1
* NMEA Latitude = 62 11.90 S
* NMEA Longitude = 058 08.28 W
* NMEA UTC (Time) = 03:24:18
** Ship:   Nathaniel B. Palmer 
** Cruise:    NBP0603 
** Cast #: 
** Station:   
** Operator: 
# nquan = 17
# nvalues = 1176                    
# units = specified
# name 0 = prDM: Pressure, Digiquartz [db]
# name 1 = t090C: Temperature [ITS-90, deg C]
# name 2 = c0S/m: Conductivity [S/m]
# name 3 = t190C: Temperature, 2 [ITS-90, deg C]
# name 4 = c1S/m: Conductivity, 2 [S/m]
# name 5 = sbeox0ML/L: Oxygen, SBE 43 [ml/l]
# name 6 = flECO-AFL: Fluorescence, Wetlab ECO-AFL/FL [mg/m^3]
# name 7 = bat: Beam Attenuation, Chelsea/Seatech/Wetlab CStar [1/m]
# name 8 = spar: SPAR/Surface Irradiance
# name 9 = latitude: Latitude [deg]
# name 10 = longitude: Longitude [deg]
# name 11 = timeY: Time, System [seconds]
# name 12 = timeJ: Julian Days
# name 13 = sal00: Salinity [PSU]
# name 14 = scan: scan number
# name 15 = nbf: number of bottles fired
# name 16 = flag:  0.000e+00
# interval = seconds: 0.0416667                   
# start_time = Jul 08 2006 03:24:26
*END*
[from data line 852]
     39.122    -0.6944   2.788718    -0.6926   2.788750    7.52214    33.5380    13.8155 0.0000e+00  -62.19833  -58.13800 1152330514 189.158738    34.2253      34776         18  0.000e+00
     39.122    -0.6943   2.788735    -0.6922   2.788774    7.52211    33.5595    13.8155 0.0000e+00  -62.19833  -58.13800 1152330514 189.158738    34.2254      34777         18  0.000e+00
     39.046    -0.6941   2.788731    -0.6924   2.788773    7.52201    33.6026    13.8155 0.0000e+00  -62.19833  -58.13800 1152330514 189.158739    34.2252      34778         18  0.000e+00
     39.122    -0.6940   2.788722    -0.6922   2.788750    7.52207    33.5703    13.8155 0.0000e+00  -62.19833  -58.13800 1152330514 189.158739    34.2249      34779         18  0.000e+00
     39.055    -0.6941   2.788698    -0.6926   2.788739    7.52204    33.5380    13.8155 0.0000e+00  -62.19833  -58.13800 1152330514 189.158740    34.2247      34780         18  0.000e+00
     39.055    -0.6946   2.788721    -0.6924   2.788773    7.52209    33.4950    13.8155 0.0000e+00  -62.19833  -58.13800 1152330514 189.158740    34.2256      34781         18  0.000e+00
     39.055    -0.6940   2.788738    -0.6921   2.788733    7.52199    33.5165    13.8155 0.0000e+00  -62.19833  -58.13800 1152330514 189.158741    34.2252      34782         18  0.000e+00
     39.055    -0.6940   2.788741    -0.6919   2.788739    7.52666    33.5165    13.8155 0.0000e+00  -62.19833  -58.13800 1152330514 189.158741    34.2252      34783         18  0.000e+00
     39.055    -0.6941   2.788741    -0.6916   2.788739    7.52668    33.5380    13.8155 0.0000e+00  -62.19833  -58.13800 1152330514 189.158742    34.2253      34784         18  0.000e+00
     39.055    -0.6941   2.788731    -0.6926   2.788773    7.52202    33.5488    13.8155 0.0000e+00  -62.19833  -58.13800 1152330514 189.158742    34.2252      34785         18  0.000e+00
     38.989    -0.6943   2.788738    -0.6916   2.788733    7.52197    33.5703    13.8155 0.0000e+00  -62.19833  -58.13800 1152330514 189.158743    34.2255      34786         18  0.000e+00
     38.979    -0.6943   2.788721    -0.6915   2.788750    7.52197    33.5595    13.8155 0.0000e+00  -62.19833  -58.13800 1152330514 189.158743    34.2253      34787         18  0.000e+00
     38.989    -0.6938   2.788735    -0.6924   2.788733    7.52190    33.5165    13.8155 0.0000e+00  -62.19833  -58.13800 1152330514 189.158744    34.2250      34788         18  0.000e+00
     38.989    -0.6938   2.788715    -0.6924   2.788756    7.52191    33.5273    13.8155 0.0000e+00  -62.19833  -58.13800 1152330514 189.158744    34.2247      34789         18  0.000e+00
     38.989    -0.6933   2.788731    -0.6919   2.788768    7.52183    33.5273    13.8155 0.0000e+00  -62.19833  -58.13800 1152330514 189.158745    34.2244      34790         18  0.000e+00
     38.912    -0.6937   2.788754    -0.6929   2.788744    7.52178    33.5057    13.8155 0.0000e+00  -62.19833  -58.13800 1152330514 189.158745    34.2251      34791         18  0.000e+00
     38.989    -0.6937   2.788738    -0.6926   2.788762    7.52188    33.4950    13.8155 0.0000e+00  -62.19833  -58.13800 1152330514 189.158746    34.2249      34792         18  0.000e+00
     38.912    -0.6935   2.788738    -0.6930   2.788744    7.52644    33.5595    13.8155 0.0000e+00  -62.19833  -58.13800 1152330514 189.158746    34.2247      34793         18  0.000e+00
     38.912    -0.6935   2.788721    -0.6922   2.788739    7.52646    33.5165    13.8155 0.0000e+00  -62.19833  -58.13800 1152330514 189.158747    34.2245      34794         18  0.000e+00
     38.912    -0.6937   2.788748    -0.6924   2.788756    7.52646    33.5380    13.8155 0.0000e+00  -62.19833  -58.13800 1152330514 189.158747    34.2250      34795         18  0.000e+00
     38.912    -0.6935   2.788738    -0.6922   2.788744    7.52177    33.5811    13.8155 0.0000e+00  -62.19833  -58.13800 1152330514 189.158748    34.2247      34796         18  0.000e+00
     38.846    -0.6940   2.788721    -0.6924   2.788744    7.52646    33.5595    13.8155 0.0000e+00  -62.19833  -58.13800 1152330514 189.158748    34.2251      34797         18  0.000e+00
     38.912    -0.6941   2.788735    -0.6924   2.788739    7.52186    33.5595    13.8155 0.0000e+00  -62.19833  -58.13800 1152330514 189.158749    34.2253      34798         18  0.000e+00
     38.846    -0.6943   2.788721    -0.6933   2.788739    7.52183    33.5380    13.8155 0.0000e+00  -62.19833  -58.13800 1152330515 189.158749    34.2254      34799         18  0.000e+00
     38.846    -0.6941   2.788741    -0.6929   2.788756    7.52179    33.5380    13.8155 0.0000e+00  -62.19833  -58.13800 1152330515 189.158750    34.2255      34800         18  0.000e+00
     38.846    -0.6943   2.788725    -0.6930   2.788750    7.52183    33.5595    13.8155 0.0000e+00  -62.19833  -58.13800 1152330515 189.158750    34.2255      34801         18  0.000e+00
     38.846    -0.6940   2.788748    -0.6924   2.788762    7.52176    33.5380    13.8155 0.0000e+00  -62.19833  -58.13800 1152330515 189.158750    34.2254      34802         18  0.000e+00
     38.846    -0.6944   2.788738    -0.6927   2.788744    7.52184    33.5165    13.8155 0.0000e+00  -62.19833  -58.13800 1152330515 189.158751    34.2258      34803         18  0.000e+00
     38.836    -0.6944   2.788721    -0.6926   2.788773    7.52651    33.5273    13.8155 0.0000e+00  -62.19833  -58.13800 1152330515 189.158751    34.2256      34804         18  0.000e+00
     38.769    -0.6943   2.788748    -0.6926   2.788750    7.52173    33.5165    13.8155 0.0000e+00  -62.19833  -58.13800 1152330515 189.158752    34.2258      34805         18  0.000e+00
     29.950    -0.6886   2.788524    -0.6878   2.788504    7.54913    33.5811    13.8155 0.0000e+00  -62.19833  -58.13800 1152330565 189.159335    34.2217      36014         19  0.000e+00
     29.750    -0.6887   2.788514    -0.6876   2.788504    7.55362    33.6241    13.8155 0.0000e+00  -62.19833  -58.13800 1152330565 189.159335    34.2219      36015         19  0.000e+00
     29.959    -0.6889   2.788537    -0.6875   2.788498    7.54918    33.6133    13.8155 0.0000e+00  -62.19833  -58.13800 1152330565 189.159336    34.2223      36016         19  0.000e+00
     29.959    -0.6892   2.788521    -0.6883   2.788481    7.54924    33.5811    13.8155 0.0000e+00  -62.19833  -58.13800 1152330565 189.159336    34.2224      36017         19  0.000e+00
     29.874    -0.6883   2.788494    -0.6875   2.788492    7.54903    33.6026    13.8155 0.0000e+00  -62.19833  -58.13800 1152330565 189.159337    34.2211      36018         19  0.000e+00
     29.883    -0.6884   2.788481    -0.6880   2.788498    7.54907    33.6026    13.8155 0.0000e+00  -62.19833  -58.13800 1152330565 189.159337    34.2210      36019         19  0.000e+00
     29.883    -0.6889   2.788521    -0.6878   2.788475    7.54911    33.5811    13.8155 0.0000e+00  -62.19833  -58.13800 1152330565 189.159338    34.2221      36020         19  0.000e+00
     29.807    -0.6886   2.788501    -0.6878   2.788457    7.54899    33.5703    13.8155 0.0000e+00  -62.19833  -58.13800 1152330565 189.159338    34.2215      36021         19  0.000e+00
     29.883    -0.6890   2.788524    -0.6881   2.788486    7.54913    33.5811    13.8155 0.0000e+00  -62.19833  -58.13800 1152330565 189.159339    34.2223      36022         19  0.000e+00
     29.816    -0.6890   2.788527    -0.6881   2.788475    7.54906    33.5595    13.8155 0.0000e+00  -62.19833  -58.13800 1152330566 189.159339    34.2224      36023         19  0.000e+00
     29.883    -0.6886   2.788514    -0.6884   2.788469    7.54907    33.5811    13.8155 0.0000e+00  -62.19833  -58.13800 1152330566 189.159340    34.2216      36024         19  0.000e+00
     29.807    -0.6881   2.788544    -0.6880   2.788486    7.54890    33.5811    13.8155 0.0000e+00  -62.19833  -58.13800 1152330566 189.159340    34.2216      36025         19  0.000e+00
     29.816    -0.6887   2.788508    -0.6880   2.788481    7.54903    33.5703    13.8155 0.0000e+00  -62.19833  -58.13800 1152330566 189.159341    34.2218      36026         19  0.000e+00
     29.816    -0.6886   2.788514    -0.6884   2.788515    7.54900    33.5380    13.8155 0.0000e+00  -62.19833  -58.13800 1152330566 189.159341    34.2217      36027         19  0.000e+00
     29.816    -0.6887   2.788498    -0.6875   2.788481    7.54903    33.5595    13.8155 0.0000e+00  -62.19833  -58.13800 1152330566 189.159342    34.2217      36028         19  0.000e+00
     29.807    -0.6884   2.788508    -0.6883   2.788469    7.54897    33.6026    13.8155 0.0000e+00  -62.19833  -58.13800 1152330566 189.159342    34.2215      36029         19  0.000e+00
     29.816    -0.6883   2.788521    -0.6881   2.788510    7.54895    33.6456    13.8155 0.0000e+00  -62.19833  -58.13800 1152330566 189.159343    34.2215      36030         19  0.000e+00
     29.816    -0.6884   2.788534    -0.6881   2.788492    7.54896    33.6241    13.8155 0.0000e+00  -62.19833  -58.13800 1152330566 189.159343    34.2218      36031         19  0.000e+00
     29.807    -0.6886   2.788518    -0.6880   2.788469    7.54898    33.5811    13.8155 0.0000e+00  -62.19833  -58.13800 1152330566 189.159344    34.2217      36032         19  0.000e+00
     29.750    -0.6884   2.788514    -0.6881   2.788486    7.54890    33.5811    13.8155 0.0000e+00  -62.19833  -58.13800 1152330566 189.159344    34.2216      36033         19  0.000e+00
     29.816    -0.6886   2.788504    -0.6881   2.788475    7.54900    33.5811    13.8155 0.0000e+00  -62.19833  -58.13800 1152330566 189.159345    34.2216      36034         19  0.000e+00
     29.816    -0.6890   2.788527    -0.6880   2.788457    7.54906    33.5595    13.8155 0.0000e+00  -62.19833  -58.13800 1152330566 189.159345    34.2224      36035         19  0.000e+00
     29.740    -0.6884   2.788537    -0.6876   2.788510    7.54888    33.5703    13.8155 0.0000e+00  -62.19833  -58.13800 1152330566 189.159346    34.2219      36036         19  0.000e+00
     29.816    -0.6890   2.788511    -0.6878   2.788481    7.54907    33.5811    13.8155 0.0000e+00  -62.19833  -58.13800 1152330566 189.159346    34.2222      36037         19  0.000e+00
     29.750    -0.6887   2.788511    -0.6884   2.788486    7.54895    33.5595    13.8155 0.0000e+00  -62.19833  -58.13800 1152330566 189.159347    34.2219      36038         19  0.000e+00
     29.750    -0.6886   2.788514    -0.6876   2.788498    7.54893    33.5595    13.8155 0.0000e+00  -62.19833  -58.13800 1152330566 189.159347    34.2217      36039         19  0.000e+00
     29.807    -0.6889   2.788531    -0.6881   2.788481    7.55369    33.5595    13.8155 0.0000e+00  -62.19833  -58.13800 1152330566 189.159348    34.2223      36040         19  0.000e+00
     29.750    -0.6887   2.788527    -0.6878   2.788452    7.54894    33.5595    13.8155 0.0000e+00  -62.19833  -58.13800 1152330566 189.159348    34.2221      36041         19  0.000e+00
     29.817    -0.6887   2.788514    -0.6883   2.788481    7.54902    33.5811    13.8155 0.0000e+00  -62.19833  -58.13800 1152330566 189.159348    34.2219      36042         19  0.000e+00
     29.740    -0.6887   2.788514    -0.6881   2.788498    7.54894    33.5918    13.8155 0.0000e+00  -62.19833  -58.13800 1152330566 189.159349    34.2219      36043         19  0.000e+00
     29.750    -0.6886   2.788521    -0.6884   2.788481    7.54892    33.5703    13.8155 0.0000e+00  -62.19833  -58.13800 1152330566 189.159349    34.2218      36044         19  0.000e+00
     29.817    -0.6883   2.788514    -0.6881   2.788469    7.54895    33.5703    13.8155 0.0000e+00  -62.19833  -58.13800 1152330566 189.159350    34.2214      36045         19  0.000e+00
     29.750    -0.6886   2.788494    -0.6880   2.788486    7.54894    33.5380    13.8155 0.0000e+00  -62.19833  -58.13800 1152330566 189.159350    34.2215      36046         19  0.000e+00
     29.740    -0.6886   2.788508    -0.6880   2.788475    7.55359    33.5595    13.8155 0.0000e+00  -62.19833  -58.13800 1152330567 189.159351    34.2216      36047         19  0.000e+00
     29.750    -0.6886   2.788521    -0.6883   2.788469    7.54892    33.5811    13.8155 0.0000e+00  -62.19833  -58.13800 1152330567 189.159351    34.2218      36048         19  0.000e+00
     29.817    -0.6887   2.788534    -0.6880   2.788457    7.54901    33.6241    13.8155 0.0000e+00  -62.19833  -58.13800 1152330567 189.159352    34.2222      36049         19  0.000e+00
     29.750    -0.6887   2.788518    -0.6876   2.788463    7.54895    33.5918    13.8155 0.0000e+00  -62.19833  -58.13800 1152330567 189.159352    34.2220      36050         19  0.000e+00
     29.740    -0.6889   2.788488    -0.6881   2.788469    7.54899    33.5703    13.8155 0.0000e+00  -62.19833  -58.13800 1152330567 189.159353    34.2218      36051         19  0.000e+00
     29.750    -0.6884   2.788504    -0.6878   2.788486    7.54891    33.5703    13.8155 0.0000e+00  -62.19833  -58.13800 1152330567 189.159353    34.2214      36052         19  0.000e+00
     29.750    -0.6883   2.788514    -0.6878   2.788457    7.54888    33.5918    13.8155 0.0000e+00  -62.19833  -58.13800 1152330567 189.159354    34.2214      36053         19  0.000e+00
     29.740    -0.6883   2.788531    -0.6884   2.788492    7.54886    33.5595    13.8155 0.0000e+00  -62.19833  -58.13800 1152330567 189.159354    34.2216      36054         19  0.000e+00
     29.750    -0.6884   2.788527    -0.6878   2.788498    7.54889    33.5488    13.8155 0.0000e+00  -62.19833  -58.13800 1152330567 189.159355    34.2217      36055         19  0.000e+00
     29.817    -0.6883   2.788514    -0.6880   2.788475    7.54895    33.5380    13.8155 0.0000e+00  -62.19833  -58.13800 1152330567 189.159355    34.2214      36056         19  0.000e+00
     29.750    -0.6884   2.788514    -0.6880   2.788486    7.55357    33.5595    13.8155 0.0000e+00  -62.19833  -58.13800 1152330567 189.159356    34.2216      36057         19  0.000e+00
     29.740    -0.6886   2.788504    -0.6884   2.788463    7.55359    33.5595    13.8155 0.0000e+00  -62.19833  -58.13800 1152330567 189.159356    34.2216      36058         19  0.000e+00
     29.750    -0.6886   2.788511    -0.6886   2.788486    7.54893    33.5165    13.8155 0.0000e+00  -62.19833  -58.13800 1152330567 189.159357    34.2217      36059         19  0.000e+00
     29.750    -0.6889   2.788531    -0.6883   2.788498    7.54896    33.5380    13.8155 0.0000e+00  -62.19833  -58.13800 1152330567 189.159357    34.2223      36060         19  0.000e+00
     29.750    -0.6884   2.788518    -0.6880   2.788475    7.54890    33.5380    13.8155 0.0000e+00  -62.19833  -58.13800 1152330567 189.159358    34.2216      36061         19  0.000e+00
     29.807    -0.6887   2.788504    -0.6881   2.788469    7.54902    33.5380    13.8155 0.0000e+00  -62.19833  -58.13800 1152330567 189.159358    34.2218      36062         19  0.000e+00
     28.979    -0.6873   2.788464    -0.6873   2.788463    7.54796    33.5595    13.8155 0.0000e+00  -62.19833  -58.13800 1152330572 189.159409    34.2201      36168         20  0.000e+00
     28.979    -0.6881   2.788451    -0.6872   2.788434    7.54809    33.5595    13.8155 0.0000e+00  -62.19833  -58.13800 1152330572 189.159410    34.2208      36169         20  0.000e+00
     28.826    -0.6875   2.788438    -0.6876   2.788480    7.54785    33.5595    13.8155 0.0000e+00  -62.19833  -58.13800 1152330572 189.159410    34.2201      36170         20  0.000e+00
     29.045    -0.6880   2.788458    -0.6872   2.788434    7.54813    33.5380    13.8155 0.0000e+00  -62.19833  -58.13800 1152330572 189.159411    34.2207      36171         20  0.000e+00
     28.836    -0.6884   2.788468    -0.6870   2.788434    7.54798    33.5595    13.8155 0.0000e+00  -62.19833  -58.13800 1152330572 189.159411    34.2215      36172         20  0.000e+00
