product_data/regression_test/downloaded_data/MDGS/320620060703/ctd/p6607201.cnv
* Sea-Bird SBE 9 Data File:
* FileName = D:\Data\Raw\p6607201.dat
* Software Version Seasave Win32 V 5.32
* Temperature SN = 1649
* Conductivity SN = 1431
* Number of Bytes Per Scan = 37
* Number of Voltage Words = 5
* Number of Scans Averaged by the Deck Unit = 1
* NMEA Latitude = 62 12.88 S
* NMEA Longitude = 058 07.66 W
* NMEA UTC (Time) = 05:07:40
** Ship:   Nathaniel B. Palmer 
** Cruise:    NBP0606 
# nquan = 15
# nvalues = 580                         
# units = specified
# name 0 = prDM: Pressure, Digiquartz [db]
# name 1 = t090C: Temperature [ITS-90, deg C]
# name 2 = c0S/m: Conductivity [S/m]
# name 3 = t190C: Temperature, 2 [ITS-90, deg C]
# name 4 = c1S/m: Conductivity, 2 [S/m]
# name 5 = sbeox0ML/L: Oxygen, SBE 43 [ml/l]
# name 6 = flECO-AFL: Fluorescence, Wetlab ECO-AFL/FL [mg/m^3]
# name 7 = bat: Beam Attenuation, Chelsea/Seatech/Wetlab CStar [1/m]
# name 8 = spar: SPAR/Surface Irradiance
# name 9 = latitude: Latitude [deg]
# name 10 = longitude: Longitude [deg]
# name 11 = timeY: Time, System [seconds]
# name 12 = timeJ: Julian Days
# name 13 = sal00: Salinity [PSU]
# name 14 = flag: flag
# span 0 =      2.000,    581.000       
# span 1 =    -1.1645,     0.2498       
# span 2 =   2.766766,   2.914438       
# span 3 =    -1.1609,     0.2503       
# span 4 =   2.767200,   2.914316       
# span 5 =    5.82867,    7.52417       
# span 6 =    -0.1080,     0.0199       
# span 7 =    13.8155,    13.8155       
# span 8 = 0.0000e+00, 0.0000e+00       
# span 9 =  -62.21467,  -62.21467       
# span 10 =  -58.12767,  -58.12767      
# span 11 = 1152335289, 1152336222      
# span 12 = 189.214009, 189.224809      
# span 13 =    34.2217,    34.5386      
# span 14 = 0.0000e+00, 0.0000e+00      
# interval = decibars: 1                
# start_time = Jul 08 2006 05:07:47
# bad_flag = -9.990e-29
*END*
[from data line 386]
    388.000    -0.0478   2.876531    -0.0466   2.876461    6.23585    -0.0686    13.8155 0.0000e+00  -62.21467  -58.12767 1152335907 189.221167    34.4581 0.0000e+00
    389.000    -0.0368   2.877730    -0.0356   2.877639    6.23119    -0.0799    13.8155 0.0000e+00  -62.21467  -58.12767 1152335908 189.221178    34.4607 0.0000e+00
    390.000    -0.0323   2.878267    -0.0321   2.878099    6.22421    -0.0551    13.8155 0.0000e+00  -62.21467  -58.12767 1152335909 189.221189    34.4620 0.0000e+00
    391.000    -0.0325   2.878347    -0.0321   2.878204    6.22052    -0.0639    13.8155 0.0000e+00  -62.21467  -58.12767 1152335911 189.221206    34.4628 0.0000e+00
    392.000    -0.0431   2.877475    -0.0444   2.877237    6.22225    -0.0639    13.8155 0.0000e+00  -62.21467  -58.12767 1152335912 189.221225    34.4628 0.0000e+00
    393.000    -0.0514   2.876790    -0.0511   2.876662    6.22217    -0.0614    13.8155 0.0000e+00  -62.21467  -58.12767 1152335914 189.221240    34.4630 0.0000e+00
    394.000    -0.0557   2.876438    -0.0560   2.876287    6.22503    -0.0704    13.8155 0.0000e+00  -62.21467  -58.12767 1152335915 189.221252    34.4625 0.0000e+00
    395.000    -0.0767   2.874667    -0.0762   2.874620    6.22485    -0.0703    13.8155 0.0000e+00  -62.21467  -58.12767 1152335916 189.221265    34.4627 0.0000e+00
    396.000    -0.1058   2.872224    -0.1067   2.872063    6.23576    -0.0621    13.8155 0.0000e+00  -62.21467  -58.12767 1152335917 189.221282    34.4631 0.0000e+00
    397.000    -0.1305   2.870089    -0.1205   2.870853    6.24349    -0.0633    13.8155 0.0000e+00  -62.21467  -58.12767 1152335919 189.221301    34.4626 0.0000e+00
    398.000    -0.1221   2.870928    -0.1356   2.869566    6.24392    -0.0526    13.8155 0.0000e+00  -62.21467  -58.12767 1152335920 189.221315    34.4634 0.0000e+00
    399.000    -0.1137   2.871672    -0.1140   2.871516    6.24814    -0.0476    13.8155 0.0000e+00  -62.21467  -58.12767 1152335921 189.221326    34.4624 0.0000e+00
    400.000    -0.1381   2.869554    -0.1370   2.869594    6.25230    -0.0795    13.8155 0.0000e+00  -62.21467  -58.12767 1152335922 189.221338    34.4618 0.0000e+00
    401.000    -0.1362   2.869808    -0.1339   2.869866    6.25521    -0.0603    13.8155 0.0000e+00  -62.21467  -58.12767 1152335923 189.221354    34.4623 0.0000e+00
    402.000    -0.1333   2.870114    -0.1313   2.870169    6.25469    -0.0823    13.8155 0.0000e+00  -62.21467  -58.12767 1152335925 189.221373    34.4622 0.0000e+00
    403.000    -0.1226   2.871121    -0.1206   2.871148    6.25586    -0.0621    13.8155 0.0000e+00  -62.21467  -58.12767 1152335926 189.221388    34.4622 0.0000e+00
    404.000    -0.1279   2.870700    -0.1276   2.870604    6.25620    -0.0680    13.8155 0.0000e+00  -62.21467  -58.12767 1152335927 189.221401    34.4621 0.0000e+00
    405.000    -0.1279   2.870755    -0.1280   2.870595    6.26064    -0.0626    13.8155 0.0000e+00  -62.21467  -58.12767 1152335929 189.221415    34.4622 0.0000e+00
    406.000    -0.1227   2.871262    -0.1228   2.871122    6.25976    -0.0701    13.8155 0.0000e+00  -62.21467  -58.12767 1152335930 189.221430    34.4623 0.0000e+00
    407.000    -0.1251   2.871109    -0.1248   2.870976    6.26059    -0.0617    13.8155 0.0000e+00  -62.21467  -58.12767 1152335931 189.221445    34.4622 0.0000e+00
    408.000    -0.1504   2.868863    -0.1558   2.868607    6.26537    -0.0643    13.8155 0.0000e+00  -62.21467  -58.12767 1152335932 189.221459    34.4610 0.0000e+00
    409.000    -0.1638   2.867740    -0.1625   2.867738    6.26866    -0.0651    13.8155 0.0000e+00  -62.21467  -58.12767 1152335934 189.221473    34.4610 0.0000e+00
    410.000    -0.1624   2.867902    -0.1615   2.867862    6.27270    -0.0540    13.8155 0.0000e+00  -62.21467  -58.12767 1152335935 189.221490    34.4608 0.0000e+00
    411.000    -0.1680   2.867445    -0.1678   2.867345    6.27364    -0.0717    13.8155 0.0000e+00  -62.21467  -58.12767 1152335937 189.221506    34.4604 0.0000e+00
    412.000    -0.1660   2.867726    -0.1671   2.867488    6.27342    -0.0606    13.8155 0.0000e+00  -62.21467  -58.12767 1152335938 189.221521    34.4611 0.0000e+00
    413.000    -0.1677   2.867620    -0.1684   2.867427    6.27783    -0.0524    13.8155 0.0000e+00  -62.21467  -58.12767 1152335939 189.221534    34.4609 0.0000e+00
    414.000    -0.1707   2.867415    -0.1689   2.867416    6.27782    -0.0531    13.8155 0.0000e+00  -62.21467  -58.12767 1152335940 189.221547    34.4611 0.0000e+00
    415.000    -0.1573   2.868811    -0.1551   2.868832    6.27523    -0.0499    13.8155 0.0000e+00  -62.21467  -58.12767 1152335941 189.221563    34.4634 0.0000e+00
    416.000    -0.1575   2.868861    -0.1580   2.868694    6.27121    -0.0683    13.8155 0.0000e+00  -62.21467  -58.12767 1152335943 189.221578    34.4634 0.0000e+00
    417.000    -0.1643   2.868280    -0.1643   2.868164    6.27074    -0.0833    13.8155 0.0000e+00  -62.21467  -58.12767 1152335944 189.221592    34.4631 0.0000e+00
    418.000    -0.1635   2.868409    -0.1607   2.868521    6.26623    -0.0572    13.8155 0.0000e+00  -62.21467  -58.12767 1152335945 189.221605    34.4633 0.0000e+00
    419.000    -0.1559   2.869152    -0.1564   2.868932    6.26550    -0.0729    13.8155 0.0000e+00  -62.21467  -58.12767 1152335946 189.221620    34.4638 0.0000e+00
    420.000    -0.1553   2.869243    -0.1530   2.869277    6.26670    -0.0686    13.8155 0.0000e+00  -62.21467  -58.12767 1152335948 189.221638    34.4635 0.0000e+00
    421.000    -0.1611   2.868779    -0.1607   2.868694    6.26543    -0.0567    13.8155 0.0000e+00  -62.21467  -58.12767 1152335949 189.221655    34.4635 0.0000e+00
    422.000    -0.1618   2.868785    -0.1592   2.868884    6.26737    -0.0611    13.8155 0.0000e+00  -62.21467  -58.12767 1152335951 189.221669    34.4639 0.0000e+00
    423.000    -0.1633   2.868701    -0.1628   2.868623    6.26730    -0.0539    13.8155 0.0000e+00  -62.21467  -58.12767 1152335952 189.221683    34.4637 0.0000e+00
    424.000    -0.1552   2.869497    -0.1549   2.869414    6.26764    -0.0657    13.8155 0.0000e+00  -62.21467  -58.12767 1152335953 189.221696    34.4646 0.0000e+00
    425.000    -0.1609   2.868990    -0.1624   2.868796    6.26744    -0.0634    13.8155 0.0000e+00  -62.21467  -58.12767 1152335954 189.221709    34.4635 0.0000e+00
    426.000    -0.1737   2.867920    -0.1729   2.867887    6.26706    -0.0767    13.8155 0.0000e+00  -62.21467  -58.12767 1152335955 189.221724    34.4636 0.0000e+00
    427.000    -0.1744   2.867904    -0.1738   2.867822    6.26750    -0.0594    13.8155 0.0000e+00  -62.21467  -58.12767 1152335957 189.221740    34.4635 0.0000e+00
    428.000    -0.1702   2.868327    -0.1707   2.868161    6.26098    -0.0826    13.8155 0.0000e+00  -62.21467  -58.12767 1152335958 189.221759    34.4636 0.0000e+00
    429.000    -0.1648   2.868882    -0.1650   2.868730    6.26227    -0.0799    13.8155 0.0000e+00  -62.21467  -58.12767 1152335960 189.221774    34.4643 0.0000e+00
    430.000    -0.1571   2.869634    -0.1600   2.869196    6.26103    -0.0641    13.8155 0.0000e+00  -62.21467  -58.12767 1152335961 189.221786    34.4646 0.0000e+00
    431.000    -0.1601   2.869418    -0.1580   2.869466    6.25824    -0.0741    13.8155 0.0000e+00  -62.21467  -58.12767 1152335962 189.221798    34.4646 0.0000e+00
    432.000    -0.1366   2.871686    -0.1345   2.871673    6.25180    -0.0856    13.8155 0.0000e+00  -62.21467  -58.12767 1152335963 189.221809    34.4674 0.0000e+00
    433.000    -0.1214   2.873117    -0.1217   2.872916    6.24267    -0.0657    13.8155 0.0000e+00  -62.21467  -58.12767 1152335964 189.221823    34.4680 0.0000e+00
    434.000    -0.1217   2.873144    -0.1221   2.872951    6.23786    -0.0702    13.8155 0.0000e+00  -62.21467  -58.12767 1152335966 189.221842    34.4682 0.0000e+00
    435.000    -0.1203   2.873308    -0.1187   2.873305    6.23359    -0.0781    13.8155 0.0000e+00  -62.21467  -58.12767 1152335967 189.221861    34.4684 0.0000e+00
    436.000    -0.1165   2.873716    -0.1170   2.873519    6.22714    -0.0826    13.8155 0.0000e+00  -62.21467  -58.12767 1152335969 189.221876    34.4690 0.0000e+00
    437.000    -0.1269   2.872766    -0.1282   2.872562    6.22846    -0.0838    13.8155 0.0000e+00  -62.21467  -58.12767 1152335970 189.221890    34.4676 0.0000e+00
    438.000    -0.1445   2.871203    -0.1422   2.871269    6.23008    -0.0628    13.8155 0.0000e+00  -62.21467  -58.12767 1152335971 189.221905    34.4669 0.0000e+00
    439.000    -0.1325   2.872403    -0.1331   2.872152    6.22467    -0.0668    13.8155 0.0000e+00  -62.21467  -58.12767 1152335972 189.221919    34.4689 0.0000e+00
    440.000    -0.0930   2.876175    -0.1032   2.875826    6.21544    -0.0717    13.8155 0.0000e+00  -62.21467  -58.12767 1152335973 189.221931    34.4717 0.0000e+00
    441.000    -0.0664   2.878662    -0.0629   2.878754    6.20727    -0.0847    13.8155 0.0000e+00  -62.21467  -58.12767 1152335974 189.221943    34.4743 0.0000e+00
    442.000    -0.0500   2.880234    -0.0465   2.880325    6.20076    -0.0698    13.8155 0.0000e+00  -62.21467  -58.12767 1152335975 189.221955    34.4756 0.0000e+00
    443.000    -0.0487   2.880384    -0.0502   2.880078    6.18677    -0.0626    13.8155 0.0000e+00  -62.21467  -58.12767 1152335977 189.221971    34.4758 0.0000e+00
    444.000    -0.0583   2.879495    -0.0607   2.879173    6.18626    -0.0754    13.8155 0.0000e+00  -62.21467  -58.12767 1152335978 189.221990    34.4748 0.0000e+00
    445.000    -0.0845   2.877116    -0.0836   2.877080    6.18862    -0.0780    13.8155 0.0000e+00  -62.21467  -58.12767 1152335980 189.222008    34.4734 0.0000e+00
    446.000    -0.0606   2.879351    -0.0612   2.879165    6.18431    -0.0697    13.8155 0.0000e+00  -62.21467  -58.12767 1152335981 189.222025    34.4747 0.0000e+00
    447.000    -0.0599   2.879497    -0.0597   2.879357    6.18194    -0.0746    13.8155 0.0000e+00  -62.21467  -58.12767 1152335983 189.222040    34.4756 0.0000e+00
    448.000    -0.0563   2.879880    -0.0561   2.879707    6.18244    -0.0726    13.8155 0.0000e+00  -62.21467  -58.12767 1152335984 189.222052    34.4758 0.0000e+00
    449.000    -0.0711   2.878473    -0.0622   2.879268    6.18207    -0.0669    13.8155 0.0000e+00  -62.21467  -58.12767 1152335985 189.222063    34.4736 0.0000e+00
    450.000    -0.0767   2.878121    -0.0671   2.878717    6.18074    -0.0666    13.8155 0.0000e+00  -62.21467  -58.12767 1152335986 189.222073    34.4754 0.0000e+00
    451.000    -0.0712   2.878581    -0.0696   2.878541    6.18410    -0.0782    13.8155 0.0000e+00  -62.21467  -58.12767 1152335986 189.222084    34.4742 0.0000e+00
    452.000    -0.0710   2.878625    -0.0703   2.878580    6.18132    -0.0645    13.8155 0.0000e+00  -62.21467  -58.12767 1152335988 189.222103    34.4741 0.0000e+00
    453.000    -0.0568   2.880027    -0.0554   2.879964    6.18492    -0.0728    13.8155 0.0000e+00  -62.21467  -58.12767 1152335990 189.222128    34.4758 0.0000e+00
    454.000    -0.0636   2.879443    -0.0557   2.880015    6.18218    -0.0815    13.8155 0.0000e+00  -62.21467  -58.12767 1152335992 189.222142    34.4752 0.0000e+00
    455.000    -0.0477   2.881020    -0.0359   2.881862    6.17423    -0.0914    13.8155 0.0000e+00  -62.21467  -58.12767 1152335992 189.222153    34.4776 0.0000e+00
    456.000    -0.0209   2.883528    -0.0184   2.883569    6.16990    -0.0815    13.8155 0.0000e+00  -62.21467  -58.12767 1152335994 189.222165    34.4789 0.0000e+00
    457.000    -0.0306   2.882662    -0.0300   2.882570    6.16648    -0.0766    13.8155 0.0000e+00  -62.21467  -58.12767 1152335996 189.222179    34.4783 0.0000e+00
    458.000    -0.0367   2.882141    -0.0371   2.881960    6.16563    -0.0882    13.8155 0.0000e+00  -62.21467  -58.12767 1152335996 189.222195    34.4779 0.0000e+00
    459.000    -0.0348   2.882347    -0.0356   2.882126    6.16102    -0.0723    13.8155 0.0000e+00  -62.21467  -58.12767 1152335997 189.222210    34.4780 0.0000e+00
    460.000    -0.0297   2.882830    -0.0296   2.882703    6.15756    -0.0674    13.8155 0.0000e+00  -62.21467  -58.12767 1152335999 189.222225    34.4783 0.0000e+00
    461.000    -0.0314   2.882741    -0.0286   2.882849    6.15968    -0.0781    13.8155 0.0000e+00  -62.21467  -58.12767 1152336000 189.222240    34.4783 0.0000e+00
    462.000    -0.0371   2.882271    -0.0337   2.882415    6.15919    -0.0804    13.8155 0.0000e+00  -62.21467  -58.12767 1152336001 189.222257    34.4783 0.0000e+00
    463.000    -0.0207   2.883855    -0.0178   2.883939    6.15712    -0.0616    13.8155 0.0000e+00  -62.21467  -58.12767 1152336003 189.222271    34.4798 0.0000e+00
    464.000    -0.0142   2.884508    -0.0136   2.884391    6.15726    -0.0672    13.8155 0.0000e+00  -62.21467  -58.12767 1152336004 189.222283    34.4804 0.0000e+00
    465.000    -0.0292   2.883103    -0.0297   2.882982    6.15836    -0.0879    13.8155 0.0000e+00  -62.21467  -58.12767 1152336005 189.222297    34.4783 0.0000e+00
    466.000    -0.0384   2.882292    -0.0388   2.882140    6.16070    -0.0777    13.8155 0.0000e+00  -62.21467  -58.12767 1152336006 189.222313    34.4778 0.0000e+00
    467.000    -0.0478   2.881465    -0.0450   2.881564    6.16439    -0.0657    13.8155 0.0000e+00  -62.21467  -58.12767 1152336008 189.222329    34.4772 0.0000e+00
    468.000    -0.0504   2.881238    -0.0471   2.881463    6.16598    -0.0715    13.8155 0.0000e+00  -62.21467  -58.12767 1152336009 189.222344    34.4763 0.0000e+00
    469.000    -0.0509   2.881259    -0.0484   2.881345    6.16497    -0.0756    13.8155 0.0000e+00  -62.21467  -58.12767 1152336010 189.222360    34.4767 0.0000e+00
    470.000    -0.0462   2.881741    -0.0434   2.881813    6.16002    -0.0798    13.8155 0.0000e+00  -62.21467  -58.12767 1152336012 189.222377    34.4772 0.0000e+00
    471.000    -0.0480   2.881611    -0.0521   2.881102    6.15735    -0.0863    13.8155 0.0000e+00  -62.21467  -58.12767 1152336013 189.222391    34.4767 0.0000e+00
    472.000    -0.0373   2.882708    -0.0279   2.883357    6.15350    -0.0717    13.8155 0.0000e+00  -62.21467  -58.12767 1152336014 189.222402    34.4784 0.0000e+00
    473.000    -0.0178   2.884585    -0.0190   2.884314    6.14302    -0.0737    13.8155 0.0000e+00  -62.21467  -58.12767 1152336015 189.222412    34.4792 0.0000e+00
    474.000     0.0266   2.888807     0.0187   2.887890    6.13033    -0.0595    13.8155 0.0000e+00  -62.21467  -58.12767 1152336016 189.222426    34.4848 0.0000e+00
    475.000     0.0532   2.891281     0.0354   2.889580    6.11219    -0.0779    13.8155 0.0000e+00  -62.21467  -58.12767 1152336018 189.222448    34.4859 0.0000e+00
    476.000     0.0608   2.892107     0.0619   2.892020    6.09712    -0.0728    13.8155 0.0000e+00  -62.21467  -58.12767 1152336020 189.222467    34.4880 0.0000e+00
    477.000     0.0571   2.891825     0.0578   2.891708    6.09214    -0.0832    13.8155 0.0000e+00  -62.21467  -58.12767 1152336021 189.222481    34.4883 0.0000e+00
    478.000     0.0575   2.891914     0.0592   2.891909    6.08597    -0.0879    13.8155 0.0000e+00  -62.21467  -58.12767 1152336022 189.222492    34.4887 0.0000e+00
    479.000     0.0623   2.892422     0.0653   2.892512    6.08197    -0.0783    13.8155 0.0000e+00  -62.21467  -58.12767 1152336023 189.222505    34.4896 0.0000e+00
    480.000     0.0688   2.893054     0.0686   2.892857    6.07760    -0.0879    13.8155 0.0000e+00  -62.21467  -58.12767 1152336025 189.222520    34.4900 0.0000e+00
    481.000     0.0693   2.893153     0.0699   2.893042    6.07420    -0.0796    13.8155 0.0000e+00  -62.21467  -58.12767 1152336026 189.222535    34.4903 0.0000e+00
    482.000     0.0698   2.893308     0.0706   2.893217    6.06866    -0.0719    13.8155 0.0000e+00  -62.21467  -58.12767 1152336027 189.222549    34.4913 0.0000e+00
