product_data/regression_test/downloaded_data/MDGS/320620060703/ctd/p6609304.ros
* Sea-Bird SBE 9 Data File:
* FileName = D:\Data\Raw\P6609304.dat
* Software Version Seasave Win32 V 5.32
* Temperature SN = 1649
* Conductivity SN = 1431
* Number of Bytes Per Scan = 37
* Number of Voltage Words = 5
* Number of Scans Averaged by the Deck Unit = 1
* NMEA Latitude = 61 07.50 S
* NMEA Longitude = 058 05.51 W
* NMEA UTC (Time) = 02:17:40
** Ship:   Nathaniel B. Palmer nbp
** Cruise:    NBP0603 nbp0606
** Cast #: 01
** Station:   93
** Operator: yz
# nquan = 17
# nvalues = 1176                    
# units = specified
# name 0 = prDM: Pressure, Digiquartz [db]
# name 1 = t090C: Temperature [ITS-90, deg C]
# name 2 = c0S/m: Conductivity [S/m]
# name 3 = t190C: Temperature, 2 [ITS-90, deg C]
# name 4 = c1S/m: Conductivity, 2 [S/m]
# name 5 = sbeox0ML/L: Oxygen, SBE 43 [ml/l]
# name 6 = flECO-AFL: Fluorescence, Wetlab ECO-AFL/FL [mg/m^3]
# name 7 = bat: Beam Attenuation, Chelsea/Seatech/Wetlab CStar [1/m]
# name 8 = spar: SPAR/Surface Irradiance
# name 9 = latitude: Latitude [deg]
# name 10 = longitude: Longitude [deg]
# name 11 = timeY: Time, System [seconds]
# name 12 = timeJ: Julian Days
# name 13 = sal00: Salinity [PSU]
# name 14 = scan: scan number
# name 15 = nbf: number of bottles fired
# name 16 = flag:  0.000e+00
# interval = seconds: 0.0416667                   
# start_time = Jul 11 2006 02:17:48
*END*
[from data line 426]
    300.961     1.9340   3.057621     1.9349   3.057839    4.33631    -0.0857    13.8155 0.0000e+00  -61.12500  -58.09183 1152584834 192.102272    34.6470      13640          9  0.000e+00
    300.990     1.9335   3.057638     1.9353   3.057851    4.33636    -0.0964    13.8155 0.0000e+00  -61.12500  -58.09183 1152584834 192.102272    34.6478      13641          9  0.000e+00
    300.961     1.9339   3.057624     1.9352   3.057887    4.33632    -0.0857    13.8155 0.0000e+00  -61.12500  -58.09183 1152584834 192.102273    34.6473      13642          9  0.000e+00
    301.028     1.9334   3.057617     1.9352   3.057845    4.33188    -0.0534    13.8155 0.0000e+00  -61.12500  -58.09183 1152584834 192.102273    34.6476      13643          9  0.000e+00
    300.914     1.9339   3.057617     1.9350   3.057857    4.33629    -0.0642    13.8155 0.0000e+00  -61.12500  -58.09183 1152584834 192.102274    34.6472      13644          9  0.000e+00
    301.028     1.9335   3.057617     1.9353   3.057845    4.33187    -0.1072    13.8155 0.0000e+00  -61.12500  -58.09183 1152584834 192.102274    34.6475      13645          9  0.000e+00
    300.961     1.9339   3.057617     1.9345   3.057827    4.33632    -0.1180    13.8155 0.0000e+00  -61.12500  -58.09183 1152584834 192.102275    34.6472      13646          9  0.000e+00
    300.914     1.9340   3.057634     1.9347   3.057857    4.33627    -0.0964    13.8155 0.0000e+00  -61.12500  -58.09183 1152584834 192.102275    34.6472      13647          9  0.000e+00
    301.028     1.9346   3.057621     1.9350   3.057845    4.33629    -0.0964    13.8155 0.0000e+00  -61.12500  -58.09183 1152584834 192.102276    34.6463      13648          9  0.000e+00
    300.961     1.9342   3.057669     1.9349   3.057875    4.33628    -0.0426    13.8155 0.0000e+00  -61.12500  -58.09183 1152584834 192.102276    34.6475      13649          9  0.000e+00
    300.990     1.9340   3.057652     1.9347   3.057827    4.33631    -0.0426    13.8155 0.0000e+00  -61.12500  -58.09183 1152584834 192.102277    34.6474      13650          9  0.000e+00
    300.961     1.9340   3.057621     1.9347   3.057851    4.33631    -0.0749    13.8155 0.0000e+00  -61.12500  -58.09183 1152584834 192.102277    34.6470      13651          9  0.000e+00
    300.961     1.9342   3.057617     1.9347   3.057857    4.33630    -0.1072    13.8155 0.0000e+00  -61.12500  -58.09183 1152584835 192.102278    34.6468      13652          9  0.000e+00
    300.990     1.9342   3.057634     1.9347   3.057863    4.33178    -0.1072    13.8155 0.0000e+00  -61.12500  -58.09183 1152584835 192.102278    34.6470      13653          9  0.000e+00
    300.961     1.9339   3.057621     1.9347   3.057857    4.33179    -0.0749    13.8155 0.0000e+00  -61.12500  -58.09183 1152584835 192.102279    34.6472      13654          9  0.000e+00
    299.573     1.9339   3.057496     1.9344   3.057772    4.33100    -0.0964    13.8155 0.0000e+00  -61.12500  -58.09183 1152584839 192.102329    34.6464      13759         10  0.000e+00
    299.621     1.9332   3.057472     1.9346   3.057778    4.33563    -0.0964    13.8155 0.0000e+00  -61.12500  -58.09183 1152584839 192.102330    34.6468      13760         10  0.000e+00
    299.410     1.9335   3.057507     1.9345   3.057760    4.33546    -0.0104    13.8155 0.0000e+00  -61.12500  -58.09183 1152584839 192.102330    34.6470      13761         10  0.000e+00
    299.506     1.9331   3.057479     1.9343   3.057742    4.33104     0.0004    13.8155 0.0000e+00  -61.12500  -58.09183 1152584839 192.102331    34.6471      13762         10  0.000e+00
    299.554     1.9335   3.057503     1.9344   3.057748    4.33102     0.0004    13.8155 0.0000e+00  -61.12500  -58.09183 1152584839 192.102331    34.6469      13763         10  0.000e+00
    299.477     1.9335   3.057517     1.9341   3.057784    4.33097    -0.0104    13.8155 0.0000e+00  -61.12500  -58.09183 1152584839 192.102332    34.6471      13764         10  0.000e+00
    299.410     1.9337   3.057462     1.9352   3.057760    4.33093    -0.0749    13.8155 0.0000e+00  -61.12500  -58.09183 1152584839 192.102332    34.6463      13765         10  0.000e+00
    299.362     1.9331   3.057479     1.9344   3.057754    4.33096    -0.1072    13.8155 0.0000e+00  -61.12500  -58.09183 1152584839 192.102333    34.6472      13766         10  0.000e+00
    299.410     1.9335   3.057476     1.9342   3.057742    4.33094    -0.1072    13.8155 0.0000e+00  -61.12500  -58.09183 1152584839 192.102333    34.6466      13767         10  0.000e+00
    299.333     1.9334   3.057469     1.9344   3.057748    4.33091    -0.0857    13.8155 0.0000e+00  -61.12500  -58.09183 1152584839 192.102334    34.6467      13768         10  0.000e+00
    299.295     1.9331   3.057469     1.9344   3.057712    4.33545    -0.0964    13.8155 0.0000e+00  -61.12500  -58.09183 1152584839 192.102334    34.6471      13769         10  0.000e+00
    299.333     1.9326   3.057469     1.9342   3.057730    4.33098    -0.1072    13.8155 0.0000e+00  -61.12500  -58.09183 1152584839 192.102335    34.6476      13770         10  0.000e+00
    299.266     1.9329   3.057469     1.9343   3.057724    4.33091    -0.1072    13.8155 0.0000e+00  -61.12500  -58.09183 1152584839 192.102335    34.6473      13771         10  0.000e+00
    299.266     1.9337   3.057452     1.9347   3.057706    4.33085    -0.1072    13.8155 0.0000e+00  -61.12500  -58.09183 1152584840 192.102336    34.6462      13772         10  0.000e+00
    299.228     1.9332   3.057479     1.9343   3.057706    4.33086    -0.0749    13.8155 0.0000e+00  -61.12500  -58.09183 1152584840 192.102336    34.6471      13773         10  0.000e+00
    299.199     1.9334   3.057476     1.9345   3.057742    4.33083    -0.0426    13.8155 0.0000e+00  -61.12500  -58.09183 1152584840 192.102337    34.6469      13774         10  0.000e+00
    299.266     1.9332   3.057486     1.9344   3.057700    4.33088    -0.0857    13.8155 0.0000e+00  -61.12500  -58.09183 1152584840 192.102337    34.6472      13775         10  0.000e+00
    299.152     1.9334   3.057510     1.9339   3.057712    4.33079    -0.0857    13.8155 0.0000e+00  -61.12500  -58.09183 1152584840 192.102337    34.6474      13776         10  0.000e+00
    299.123     1.9334   3.057465     1.9345   3.057682    4.33079    -0.0642    13.8155 0.0000e+00  -61.12500  -58.09183 1152584840 192.102338    34.6468      13777         10  0.000e+00
    299.123     1.9331   3.057500     1.9341   3.057724    4.33080    -0.0642    13.8155 0.0000e+00  -61.12500  -58.09183 1152584840 192.102338    34.6476      13778         10  0.000e+00
    299.123     1.9332   3.057479     1.9342   3.057688    4.33080    -0.0857    13.8155 0.0000e+00  -61.12500  -58.09183 1152584840 192.102339    34.6472      13779         10  0.000e+00
    299.085     1.9332   3.057431     1.9343   3.057706    4.33079    -0.0749    13.8155 0.0000e+00  -61.12500  -58.09183 1152584840 192.102339    34.6466      13780         10  0.000e+00
    299.056     1.9332   3.057476     1.9344   3.057712    4.33076    -0.0749    13.8155 0.0000e+00  -61.12500  -58.09183 1152584840 192.102340    34.6472      13781         10  0.000e+00
    299.056     1.9334   3.057455     1.9344   3.057700    4.33075    -0.0426    13.8155 0.0000e+00  -61.12500  -58.09183 1152584840 192.102340    34.6467      13782         10  0.000e+00
    299.085     1.9331   3.057496     1.9341   3.057682    4.33078    -0.0104    13.8155 0.0000e+00  -61.12500  -58.09183 1152584840 192.102341    34.6476      13783         10  0.000e+00
    298.989     1.9331   3.057465     1.9339   3.057694    4.33074    -0.0319    13.8155 0.0000e+00  -61.12500  -58.09183 1152584840 192.102341    34.6473      13784         10  0.000e+00
    298.989     1.9329   3.057462     1.9344   3.057700    4.33075    -0.0534    13.8155 0.0000e+00  -61.12500  -58.09183 1152584840 192.102342    34.6474      13785         10  0.000e+00
    298.989     1.9332   3.057448     1.9339   3.057682    4.33525    -0.0642    13.8155 0.0000e+00  -61.12500  -58.09183 1152584840 192.102342    34.6469      13786         10  0.000e+00
    299.018     1.9331   3.057465     1.9342   3.057712    4.33528    -0.0964    13.8155 0.0000e+00  -61.12500  -58.09183 1152584840 192.102343    34.6472      13787         10  0.000e+00
    298.912     1.9332   3.057486     1.9342   3.057706    4.33519    -0.0749    13.8155 0.0000e+00  -61.12500  -58.09183 1152584840 192.102343    34.6474      13788         10  0.000e+00
    298.989     1.9328   3.057438     1.9339   3.057682    4.33530    -0.0319    13.8155 0.0000e+00  -61.12500  -58.09183 1152584840 192.102344    34.6472      13789         10  0.000e+00
    298.941     1.9324   3.057438     1.9337   3.057712    4.33530    -0.0749    13.8155 0.0000e+00  -61.12500  -58.09183 1152584840 192.102344    34.6476      13790         10  0.000e+00
    298.912     1.9328   3.057465     1.9341   3.057706    4.33072    -0.0857    13.8155 0.0000e+00  -61.12500  -58.09183 1152584840 192.102345    34.6476      13791         10  0.000e+00
    298.912     1.9334   3.057452     1.9341   3.057682    4.33067    -0.0104    13.8155 0.0000e+00  -61.12500  -58.09183 1152584840 192.102345    34.6468      13792         10  0.000e+00
    298.845     1.9329   3.057445     1.9339   3.057694    4.33520    -0.0211    13.8155 0.0000e+00  -61.12500  -58.09183 1152584840 192.102346    34.6472      13793         10  0.000e+00
    298.941     1.9332   3.057445     1.9344   3.057682    4.33523    -0.0642    13.8155 0.0000e+00  -61.12500  -58.09183 1152584840 192.102346    34.6468      13794         10  0.000e+00
    298.845     1.9328   3.057462     1.9338   3.057670    4.33068    -0.0857    13.8155 0.0000e+00  -61.12500  -58.09183 1152584840 192.102347    34.6476      13795         10  0.000e+00
    298.845     1.9332   3.057486     1.9341   3.057688    4.33515    -0.0749    13.8155 0.0000e+00  -61.12500  -58.09183 1152584841 192.102347    34.6474      13796         10  0.000e+00
    298.874     1.9331   3.057476     1.9342   3.057664    4.33066    -0.0642    13.8155 0.0000e+00  -61.12500  -58.09183 1152584841 192.102348    34.6474      13797         10  0.000e+00
    298.845     1.9334   3.057452     1.9338   3.057640    4.33515    -0.0642    13.8155 0.0000e+00  -61.12500  -58.09183 1152584841 192.102348    34.6468      13798         10  0.000e+00
    298.845     1.9332   3.057445     1.9339   3.057658    4.33064    -0.1180    13.8155 0.0000e+00  -61.12500  -58.09183 1152584841 192.102349    34.6469      13799         10  0.000e+00
    298.845     1.9331   3.057445     1.9343   3.057676    4.33066    -0.1072    13.8155 0.0000e+00  -61.12500  -58.09183 1152584841 192.102349    34.6471      13800         10  0.000e+00
    298.797     1.9332   3.057427     1.9339   3.057646    4.33515    -0.0534    13.8155 0.0000e+00  -61.12500  -58.09183 1152584841 192.102350    34.6467      13801         10  0.000e+00
    298.845     1.9331   3.057403     1.9339   3.057652    4.33520    -0.0104    13.8155 0.0000e+00  -61.12500  -58.09183 1152584841 192.102350    34.6466      13802         10  0.000e+00
    298.845     1.9331   3.057448     1.9341   3.057664    4.33518    -0.0534    13.8155 0.0000e+00  -61.12500  -58.09183 1152584841 192.102351    34.6471      13803         10  0.000e+00
    298.797     1.9337   3.057469     1.9333   3.057670    4.33509    -0.0749    13.8155 0.0000e+00  -61.12500  -58.09183 1152584841 192.102351    34.6467      13804         10  0.000e+00
    298.769     1.9331   3.057452     1.9336   3.057676    4.33514    -0.0857    13.8155 0.0000e+00  -61.12500  -58.09183 1152584841 192.102351    34.6472      13805         10  0.000e+00
    298.845     1.9331   3.057445     1.9337   3.057670    4.33518    -0.0857    13.8155 0.0000e+00  -61.12500  -58.09183 1152584841 192.102352    34.6471      13806         10  0.000e+00
    298.769     1.9331   3.057445     1.9336   3.057670    4.33514    -0.1180    13.8155 0.0000e+00  -61.12500  -58.09183 1152584841 192.102352    34.6471      13807         10  0.000e+00
    300.424     1.9334   3.057610     1.9360   3.057929    4.33152    -0.1072    13.8155 0.0000e+00  -61.12500  -58.09183 1152584845 192.102399    34.6479      13903         11  0.000e+00
    300.539     1.9337   3.057634     1.9356   3.057899    4.33608    -0.0964    13.8155 0.0000e+00  -61.12500  -58.09183 1152584845 192.102399    34.6478      13904         11  0.000e+00
    300.539     1.9337   3.057603     1.9357   3.057935    4.33156    -0.0642    13.8155 0.0000e+00  -61.12500  -58.09183 1152584845 192.102400    34.6474      13905         11  0.000e+00
    300.539     1.9340   3.057610     1.9353   3.057965    4.33153    -0.0642    13.8155 0.0000e+00  -61.12500  -58.09183 1152584845 192.102400    34.6471      13906         11  0.000e+00
    300.491     1.9339   3.057634     1.9353   3.057917    4.33151    -0.0534    13.8155 0.0000e+00  -61.12500  -58.09183 1152584845 192.102401    34.6476      13907         11  0.000e+00
    300.682     1.9342   3.057662     1.9350   3.057875    4.33158    -0.0319    13.8155 0.0000e+00  -61.12500  -58.09183 1152584845 192.102401    34.6476      13908         11  0.000e+00
    300.682     1.9345   3.057648     1.9349   3.057881    4.33156    -0.1072    13.8155 0.0000e+00  -61.12500  -58.09183 1152584845 192.102402    34.6470      13909         11  0.000e+00
    300.635     1.9346   3.057658     1.9350   3.057893    4.33152    -0.1287    13.8155 0.0000e+00  -61.12500  -58.09183 1152584845 192.102402    34.6470      13910         11  0.000e+00
    300.682     1.9339   3.057627     1.9352   3.057875    4.33162    -0.0749    13.8155 0.0000e+00  -61.12500  -58.09183 1152584845 192.102403    34.6475      13911         11  0.000e+00
    300.682     1.9337   3.057617     1.9349   3.057881    4.33617    -0.0857    13.8155 0.0000e+00  -61.12500  -58.09183 1152584845 192.102403    34.6475      13912         11  0.000e+00
    300.702     1.9340   3.057617     1.9345   3.057869    4.33162    -0.0642    13.8155 0.0000e+00  -61.12500  -58.09183 1152584845 192.102404    34.6471      13913         11  0.000e+00
    300.816     1.9342   3.057634     1.9349   3.057857    4.33168    -0.0534    13.8155 0.0000e+00  -61.12500  -58.09183 1152584845 192.102404    34.6471      13914         11  0.000e+00
    300.749     1.9340   3.057662     1.9347   3.057905    4.33164    -0.0749    13.8155 0.0000e+00  -61.12500  -58.09183 1152584845 192.102405    34.6477      13915         11  0.000e+00
    300.778     1.9342   3.057648     1.9349   3.057881    4.33165    -0.0749    13.8155 0.0000e+00  -61.12500  -58.09183 1152584846 192.102405    34.6473      13916         11  0.000e+00
    300.816     1.9340   3.057621     1.9350   3.057881    4.33169    -0.0964    13.8155 0.0000e+00  -61.12500  -58.09183 1152584846 192.102405    34.6471      13917         11  0.000e+00
    300.893     1.9339   3.057617     1.9355   3.057893    4.33175    -0.0857    13.8155 0.0000e+00  -61.12500  -58.09183 1152584846 192.102406    34.6472      13918         11  0.000e+00
    300.845     1.9345   3.057669     1.9352   3.057899    4.33165    -0.1072    13.8155 0.0000e+00  -61.12500  -58.09183 1152584846 192.102406    34.6472      13919         11  0.000e+00
    300.893     1.9343   3.057669     1.9349   3.057887    4.33170    -0.1180    13.8155 0.0000e+00  -61.12500  -58.09183 1152584846 192.102407    34.6474      13920         11  0.000e+00
    300.960     1.9340   3.057628     1.9348   3.057911    4.33178    -0.1395    13.8155 0.0000e+00  -61.12500  -58.09183 1152584846 192.102407    34.6471      13921         11  0.000e+00
    300.912     1.9340   3.057638     1.9350   3.057923    4.33174    -0.1180    13.8155 0.0000e+00  -61.12500  -58.09183 1152584846 192.102408    34.6473      13922         11  0.000e+00
