product_data/regression_test/downloaded_data/MDGS/320620060703/ctd/p6609305.cnv
* Sea-Bird SBE 9 Data File:
* FileName = D:\Data\Raw\P6609305.dat
* Software Version Seasave Win32 V 5.32
* Temperature SN = 1649
* Conductivity SN = 1431
* Number of Bytes Per Scan = 37
* Number of Voltage Words = 5
* Number of Scans Averaged by the Deck Unit = 1
* NMEA Latitude = 61 07.50 S
* NMEA Longitude = 058 05.51 W
* NMEA UTC (Time) = 03:13:55
** Ship:   Nathaniel B. Palmer nbp
** Cruise:    NBP0603 nbp0606
** Cast #: 05
** Station:   93
** Operator: db
# nquan = 15
# nvalues = 298                         
# units = specified
# name 0 = prDM: Pressure, Digiquartz [db]
# name 1 = t090C: Temperature [ITS-90, deg C]
# name 2 = c0S/m: Conductivity [S/m]
# name 3 = t190C: Temperature, 2 [ITS-90, deg C]
# name 4 = c1S/m: Conductivity, 2 [S/m]
# name 5 = sbeox0ML/L: Oxygen, SBE 43 [ml/l]
# name 6 = flECO-AFL: Fluorescence, Wetlab ECO-AFL/FL [mg/m^3]
# name 7 = bat: Beam Attenuation, Chelsea/Seatech/Wetlab CStar [1/m]
# name 8 = spar: SPAR/Surface Irradiance
# name 9 = latitude: Latitude [deg]
# name 10 = longitude: Longitude [deg]
# name 11 = timeY: Time, System [seconds]
# name 12 = timeJ: Julian Days
# name 13 = sal00: Salinity [PSU]
# name 14 = flag: flag
# span 0 =      8.000,    305.000       
# span 1 =    -0.7930,     1.9462       
# span 2 =   2.758477,   3.059280       
# span 3 =    -0.7939,     1.9474       
# span 4 =   2.759218,   3.059521       
# span 5 =    4.33771,    8.02653       
# span 6 =    -0.0789,     0.2450       
# span 7 =    13.8155,    13.8155       
# span 8 = 0.0000e+00, 0.0000e+00       
# span 9 =  -61.12500,  -61.12500       
# span 10 =  -58.09183,  -58.09183      
# span 11 = 1152587645, 1152588131      
# span 12 = 192.134785, 192.140418      
# span 13 =    33.9449,    34.6550      
# span 14 = 0.0000e+00, 0.0000e+00      
# interval = decibars: 1                
# start_time = Jul 11 2006 03:14:03
# bad_flag = -9.990e-29
*END*
      8.000    -0.7920   2.758477    -0.7926   2.759303    7.96103     0.1978    13.8155 0.0000e+00  -61.12500  -58.09183 1152587645 192.134785    33.9453 0.0000e+00
      9.000    -0.7914   2.758568    -0.7939   2.759218    7.96091     0.2171    13.8155 0.0000e+00  -61.12500  -58.09183 1152587648 192.134827    33.9452 0.0000e+00
     10.000    -0.7901   2.758710    -0.7916   2.759413    7.96316     0.2299    13.8155 0.0000e+00  -61.12500  -58.09183 1152587652 192.134877    33.9451 0.0000e+00
     11.000    -0.7908   2.758704    -0.7927   2.759333    7.96809     0.2193    13.8155 0.0000e+00  -61.12500  -58.09183 1152587661 192.134980    33.9452 0.0000e+00
     12.000    -0.7876   2.759001    -0.7894   2.759639    7.96850     0.2297    13.8155 0.0000e+00  -61.12500  -58.09183 1152587664 192.135016    33.9449 0.0000e+00
     13.000    -0.7921   2.758697    -0.7928   2.759406    7.97040     0.2144    13.8155 0.0000e+00  -61.12500  -58.09183 1152587672 192.135107    33.9454 0.0000e+00
     14.000    -0.7908   2.758852    -0.7908   2.759580    7.97025     0.2306    13.8155 0.0000e+00  -61.12500  -58.09183 1152587676 192.135157    33.9454 0.0000e+00
     15.000    -0.7922   2.758803    -0.7911   2.759602    7.98263     0.2330    13.8155 0.0000e+00  -61.12500  -58.09183 1152587684 192.135254    33.9456 0.0000e+00
     16.000    -0.7930   2.758780    -0.7932   2.759457    7.98456     0.2429    13.8155 0.0000e+00  -61.12500  -58.09183 1152587689 192.135310    33.9456 0.0000e+00
     17.000    -0.7928   2.758875    -0.7929   2.759532    7.98681     0.2410    13.8155 0.0000e+00  -61.12500  -58.09183 1152587697 192.135400    33.9460 0.0000e+00
     18.000    -0.7901   2.759139    -0.7904   2.759764    7.98591     0.2450    13.8155 0.0000e+00  -61.12500  -58.09183 1152587701 192.135441    33.9458 0.0000e+00
     19.000    -0.7884   2.759341    -0.7885   2.759975    7.99094     0.2165    13.8155 0.0000e+00  -61.12500  -58.09183 1152587705 192.135487    33.9460 0.0000e+00
     20.000    -0.7879   2.759423    -0.7880   2.760054    7.99199     0.2334    13.8155 0.0000e+00  -61.12500  -58.09183 1152587706 192.135502    33.9459 0.0000e+00
     21.000    -0.7875   2.759503    -0.7878   2.760125    7.99209     0.2362    13.8155 0.0000e+00  -61.12500  -58.09183 1152587707 192.135518    33.9460 0.0000e+00
     22.000    -0.7876   2.759540    -0.7877   2.760160    7.99304     0.2423    13.8155 0.0000e+00  -61.12500  -58.09183 1152587709 192.135543    33.9459 0.0000e+00
     23.000    -0.7876   2.759592    -0.7878   2.760197    8.00118     0.2412    13.8155 0.0000e+00  -61.12500  -58.09183 1152587714 192.135595    33.9461 0.0000e+00
     24.000    -0.7876   2.759666    -0.7876   2.760282    8.00210     0.2239    13.8155 0.0000e+00  -61.12500  -58.09183 1152587716 192.135617    33.9465 0.0000e+00
     25.000    -0.7876   2.759699    -0.7877   2.760319    8.00183     0.2127    13.8155 0.0000e+00  -61.12500  -58.09183 1152587717 192.135629    33.9463 0.0000e+00
     26.000    -0.7875   2.759743    -0.7875   2.760367    8.00132     0.2064    13.8155 0.0000e+00  -61.12500  -58.09183 1152587718 192.135640    33.9461 0.0000e+00
     27.000    -0.7876   2.759789    -0.7877   2.760387    8.00180     0.2272    13.8155 0.0000e+00  -61.12500  -58.09183 1152587719 192.135652    33.9463 0.0000e+00
     28.000    -0.7869   2.759905    -0.7870   2.760500    8.01080     0.2317    13.8155 0.0000e+00  -61.12500  -58.09183 1152587724 192.135709    33.9465 0.0000e+00
     29.000    -0.7877   2.759891    -0.7879   2.760482    8.01514     0.2236    13.8155 0.0000e+00  -61.12500  -58.09183 1152587727 192.135741    33.9466 0.0000e+00
     30.000    -0.7878   2.759929    -0.7880   2.760502    8.01335     0.2077    13.8155 0.0000e+00  -61.12500  -58.09183 1152587727 192.135752    33.9467 0.0000e+00
     31.000    -0.7881   2.759948    -0.7884   2.760503    8.01395     0.2147    13.8155 0.0000e+00  -61.12500  -58.09183 1152587729 192.135764    33.9466 0.0000e+00
     32.000    -0.7877   2.760030    -0.7879   2.760591    8.01502     0.2219    13.8155 0.0000e+00  -61.12500  -58.09183 1152587730 192.135784    33.9466 0.0000e+00
     33.000    -0.7886   2.759995    -0.7887   2.760567    8.01568     0.2273    13.8155 0.0000e+00  -61.12500  -58.09183 1152587733 192.135819    33.9465 0.0000e+00
     34.000    -0.7895   2.759968    -0.7892   2.760556    8.02163     0.2302    13.8155 0.0000e+00  -61.12500  -58.09183 1152587736 192.135850    33.9466 0.0000e+00
     35.000    -0.7893   2.760037    -0.7889   2.760624    8.02432     0.2207    13.8155 0.0000e+00  -61.12500  -58.09183 1152587739 192.135881    33.9467 0.0000e+00
     36.000    -0.7890   2.760114    -0.7888   2.760681    8.02598     0.2173    13.8155 0.0000e+00  -61.12500  -58.09183 1152587741 192.135910    33.9468 0.0000e+00
     37.000    -0.7891   2.760150    -0.7888   2.760736    8.02653     0.2121    13.8155 0.0000e+00  -61.12500  -58.09183 1152587743 192.135928    33.9467 0.0000e+00
     38.000    -0.7898   2.760149    -0.7896   2.760708    8.02468     0.2045    13.8155 0.0000e+00  -61.12500  -58.09183 1152587744 192.135943    33.9469 0.0000e+00
     39.000    -0.7899   2.760194    -0.7896   2.760756    8.01778     0.2193    13.8155 0.0000e+00  -61.12500  -58.09183 1152587745 192.135958    33.9470 0.0000e+00
     40.000    -0.7893   2.760278    -0.7890   2.760843    8.01174     0.2368    13.8155 0.0000e+00  -61.12500  -58.09183 1152587749 192.136001    33.9468 0.0000e+00
     41.000    -0.7899   2.760285    -0.7895   2.760846    8.01007     0.2133    13.8155 0.0000e+00  -61.12500  -58.09183 1152587752 192.136034    33.9470 0.0000e+00
     42.000    -0.7896   2.760367    -0.7890   2.760939    8.01225     0.2019    13.8155 0.0000e+00  -61.12500  -58.09183 1152587754 192.136054    33.9471 0.0000e+00
     43.000    -0.7900   2.760373    -0.7897   2.760930    8.01217     0.2171    13.8155 0.0000e+00  -61.12500  -58.09183 1152587755 192.136068    33.9470 0.0000e+00
     44.000    -0.7901   2.760416    -0.7897   2.760974    8.01036     0.2231    13.8155 0.0000e+00  -61.12500  -58.09183 1152587756 192.136086    33.9471 0.0000e+00
     45.000    -0.7898   2.760500    -0.7892   2.761059    8.00945     0.2180    13.8155 0.0000e+00  -61.12500  -58.09183 1152587760 192.136134    33.9472 0.0000e+00
     46.000    -0.7882   2.760708    -0.7878   2.761241    8.00901     0.2175    13.8155 0.0000e+00  -61.12500  -58.09183 1152587762 192.136146    33.9477 0.0000e+00
     47.000    -0.7881   2.760749    -0.7875   2.761311    8.00926     0.2093    13.8155 0.0000e+00  -61.12500  -58.09183 1152587763 192.136159    33.9474 0.0000e+00
     48.000    -0.7889   2.760717    -0.7883   2.761271    8.01173     0.2432    13.8155 0.0000e+00  -61.12500  -58.09183 1152587765 192.136187    33.9473 0.0000e+00
     49.000    -0.7896   2.760714    -0.7889   2.761252    8.01365     0.2267    13.8155 0.0000e+00  -61.12500  -58.09183 1152587769 192.136238    33.9475 0.0000e+00
     50.000    -0.7893   2.760787    -0.7887   2.761316    8.01181     0.2149    13.8155 0.0000e+00  -61.12500  -58.09183 1152587771 192.136253    33.9475 0.0000e+00
     51.000    -0.7880   2.760975    -0.7874   2.761494    8.00912     0.2243    13.8155 0.0000e+00  -61.12500  -58.09183 1152587772 192.136271    33.9479 0.0000e+00
     52.000    -0.7860   2.761227    -0.7855   2.761750    8.00932     0.2258    13.8155 0.0000e+00  -61.12500  -58.09183 1152587774 192.136292    33.9484 0.0000e+00
     53.000    -0.7863   2.761223    -0.7853   2.761805    8.00895     0.2130    13.8155 0.0000e+00  -61.12500  -58.09183 1152587775 192.136305    33.9481 0.0000e+00
     54.000    -0.7877   2.761119    -0.7869   2.761670    8.00698     0.2189    13.8155 0.0000e+00  -61.12500  -58.09183 1152587776 192.136318    33.9477 0.0000e+00
     55.000    -0.7880   2.761160    -0.7874   2.761666    8.01491     0.2252    13.8155 0.0000e+00  -61.12500  -58.09183 1152587781 192.136371    33.9480 0.0000e+00
     56.000    -0.7870   2.761295    -0.7866   2.761800    8.02138     0.2178    13.8155 0.0000e+00  -61.12500  -58.09183 1152587784 192.136404    33.9481 0.0000e+00
     57.000    -0.7867   2.761388    -0.7860   2.761903    8.01814     0.2170    13.8155 0.0000e+00  -61.12500  -58.09183 1152587786 192.136424    33.9484 0.0000e+00
     58.000    -0.7846   2.761680    -0.7841   2.762167    8.01366     0.2067    13.8155 0.0000e+00  -61.12500  -58.09183 1152587787 192.136442    33.9493 0.0000e+00
     59.000    -0.7851   2.761672    -0.7843   2.762203    8.01108     0.2067    13.8155 0.0000e+00  -61.12500  -58.09183 1152587788 192.136454    33.9491 0.0000e+00
     60.000    -0.7853   2.761691    -0.7836   2.762314    8.01003     0.2274    13.8155 0.0000e+00  -61.12500  -58.09183 1152587789 192.136467    33.9490 0.0000e+00
     61.000    -0.7814   2.762141    -0.7802   2.762690    8.00629     0.2381    13.8155 0.0000e+00  -61.12500  -58.09183 1152587793 192.136509    33.9501 0.0000e+00
     62.000    -0.7821   2.762140    -0.7794   2.762821    8.00459     0.2258    13.8155 0.0000e+00  -61.12500  -58.09183 1152587797 192.136557    33.9503 0.0000e+00
     63.000    -0.7779   2.762621    -0.7768   2.763142    8.00017     0.2125    13.8155 0.0000e+00  -61.12500  -58.09183 1152587798 192.136572    33.9513 0.0000e+00
     64.000    -0.7757   2.762888    -0.7759   2.763282    7.99618     0.2226    13.8155 0.0000e+00  -61.12500  -58.09183 1152587800 192.136588    33.9518 0.0000e+00
     65.000    -0.7738   2.763152    -0.7731   2.763622    7.99753     0.2038    13.8155 0.0000e+00  -61.12500  -58.09183 1152587801 192.136606    33.9526 0.0000e+00
     66.000    -0.7723   2.763343    -0.7706   2.763920    7.99374     0.2036    13.8155 0.0000e+00  -61.12500  -58.09183 1152587803 192.136626    33.9529 0.0000e+00
     67.000    -0.7706   2.763567    -0.7684   2.764205    7.98759     0.2340    13.8155 0.0000e+00  -61.12500  -58.09183 1152587806 192.136655    33.9534 0.0000e+00
     68.000    -0.7636   2.764406    -0.7623   2.764873    7.98228     0.1963    13.8155 0.0000e+00  -61.12500  -58.09183 1152587809 192.136695    33.9558 0.0000e+00
     69.000    -0.7603   2.764773    -0.7591   2.765274    7.98158     0.2131    13.8155 0.0000e+00  -61.12500  -58.09183 1152587811 192.136714    33.9567 0.0000e+00
     70.000    -0.7589   2.764959    -0.7575   2.765492    7.97469     0.2246    13.8155 0.0000e+00  -61.12500  -58.09183 1152587813 192.136741    33.9572 0.0000e+00
     71.000    -0.7584   2.765065    -0.7572   2.765586    7.97375     0.2158    13.8155 0.0000e+00  -61.12500  -58.09183 1152587815 192.136765    33.9575 0.0000e+00
     72.000    -0.7568   2.765290    -0.7552   2.765860    7.97345     0.1936    13.8155 0.0000e+00  -61.12500  -58.09183 1152587817 192.136786    33.9581 0.0000e+00
     73.000    -0.7544   2.765618    -0.7534   2.766091    7.97392     0.1942    13.8155 0.0000e+00  -61.12500  -58.09183 1152587818 192.136802    33.9592 0.0000e+00
     74.000    -0.7533   2.765776    -0.7524   2.766242    7.97389     0.2202    13.8155 0.0000e+00  -61.12500  -58.09183 1152587821 192.136829    33.9595 0.0000e+00
     75.000    -0.7523   2.765932    -0.7513   2.766422    7.97187     0.1952    13.8155 0.0000e+00  -61.12500  -58.09183 1152587824 192.136869    33.9600 0.0000e+00
     76.000    -0.7480   2.766453    -0.7465   2.766962    7.97237     0.2056    13.8155 0.0000e+00  -61.12500  -58.09183 1152587825 192.136880    33.9615 0.0000e+00
     77.000    -0.7446   2.766841    -0.7438   2.767289    7.96787     0.2097    13.8155 0.0000e+00  -61.12500  -58.09183 1152587826 192.136894    33.9621 0.0000e+00
     78.000    -0.7463   2.766702    -0.7451   2.767208    7.96144     0.2246    13.8155 0.0000e+00  -61.12500  -58.09183 1152587830 192.136943    33.9617 0.0000e+00
     79.000    -0.7437   2.767031    -0.7425   2.767507    7.96271     0.2153    13.8155 0.0000e+00  -61.12500  -58.09183 1152587832 192.136965    33.9626 0.0000e+00
     80.000    -0.7429   2.767157    -0.7419   2.767623    7.96422     0.2201    13.8155 0.0000e+00  -61.12500  -58.09183 1152587835 192.136993    33.9629 0.0000e+00
     81.000    -0.7428   2.767223    -0.7417   2.767694    7.96203     0.1933    13.8155 0.0000e+00  -61.12500  -58.09183 1152587836 192.137008    33.9630 0.0000e+00
     82.000    -0.7424   2.767304    -0.7413   2.767768    7.95448     0.2130    13.8155 0.0000e+00  -61.12500  -58.09183 1152587837 192.137021    33.9631 0.0000e+00
     83.000    -0.7425   2.767328    -0.7416   2.767783    7.95088     0.2156    13.8155 0.0000e+00  -61.12500  -58.09183 1152587839 192.137040    33.9629 0.0000e+00
     84.000    -0.7422   2.767409    -0.7407   2.767907    7.95076     0.2136    13.8155 0.0000e+00  -61.12500  -58.09183 1152587841 192.137071    33.9631 0.0000e+00
     85.000    -0.7413   2.767556    -0.7399   2.768038    7.95186     0.2140    13.8155 0.0000e+00  -61.12500  -58.09183 1152587845 192.137114    33.9634 0.0000e+00
     86.000    -0.7394   2.767808    -0.7380   2.768278    7.95219     0.1778    13.8155 0.0000e+00  -61.12500  -58.09183 1152587849 192.137153    33.9640 0.0000e+00
     87.000    -0.7317   2.768753    -0.7279   2.769330    7.94838     0.1926    13.8155 0.0000e+00  -61.12500  -58.09183 1152587849 192.137164    33.9662 0.0000e+00
     88.000    -0.7273   2.769098    -0.7263   2.769556    7.94398     0.1988    13.8155 0.0000e+00  -61.12500  -58.09183 1152587850 192.137174    33.9664 0.0000e+00
     89.000    -0.7272   2.769158    -0.7262   2.769599    7.93748     0.1938    13.8155 0.0000e+00  -61.12500  -58.09183 1152587851 192.137187    33.9665 0.0000e+00
     90.000    -0.7263   2.769298    -0.7252   2.769743    7.93297     0.2021    13.8155 0.0000e+00  -61.12500  -58.09183 1152587853 192.137204    33.9668 0.0000e+00
     91.000    -0.7258   2.769379    -0.7246   2.769838    7.92859     0.2143    13.8155 0.0000e+00  -61.12500  -58.09183 1152587857 192.137251    33.9668 0.0000e+00
     92.000    -0.7217   2.769885    -0.7202   2.770347    7.92144     0.2079    13.8155 0.0000e+00  -61.12500  -58.09183 1152587860 192.137289    33.9684 0.0000e+00
     93.000    -0.7174   2.770353    -0.7162   2.770787    7.92091     0.1989    13.8155 0.0000e+00  -61.12500  -58.09183 1152587862 192.137310    33.9692 0.0000e+00
     94.000    -0.7151   2.770630    -0.7133   2.771103    7.91552     0.1924    13.8155 0.0000e+00  -61.12500  -58.09183 1152587864 192.137329    33.9698 0.0000e+00
     95.000    -0.6923   2.772958    -0.6904   2.773371    7.89756     0.1931    13.8155 0.0000e+00  -61.12500  -58.09183 1152587865 192.137344    33.9746 0.0000e+00
     96.000    -0.6801   2.774183    -0.6778   2.774683    7.86876     0.2085    13.8155 0.0000e+00  -61.12500  -58.09183 1152587867 192.137364    33.9763 0.0000e+00
     97.000    -0.6386   2.778504    -0.6309   2.779377    7.81007     0.1943    13.8155 0.0000e+00  -61.12500  -58.09183 1152587870 192.137396    33.9873 0.0000e+00
     98.000    -0.5510   2.787421    -0.5488   2.787910    7.73538     0.1849    13.8155 0.0000e+00  -61.12500  -58.09183 1152587872 192.137421    34.0069 0.0000e+00
     99.000    -0.5152   2.791412    -0.5038   2.792504    7.65241     0.1817    13.8155 0.0000e+00  -61.12500  -58.09183 1152587874 192.137446    34.0231 0.0000e+00
    100.000    -0.3861   2.804700    -0.3863   2.804774    7.56875     0.1727    13.8155 0.0000e+00  -61.12500  -58.09183 1152587876 192.137466    34.0480 0.0000e+00
    101.000    -0.3779   2.805612    -0.3756   2.805982    7.51850     0.1782    13.8155 0.0000e+00  -61.12500  -58.09183 1152587877 192.137484    34.0517 0.0000e+00
    102.000    -0.3757   2.805894    -0.3752   2.806105    7.46874     0.1931    13.8155 0.0000e+00  -61.12500  -58.09183 1152587879 192.137500    34.0534 0.0000e+00
    103.000    -0.3510   2.808699    -0.3487   2.809063    7.47631     0.1490    13.8155 0.0000e+00  -61.12500  -58.09183 1152587880 192.137513    34.0629 0.0000e+00
