product_data/regression_test/downloaded_data/MDGS/320620060703/ctd/p6609303.cnv
* Sea-Bird SBE 9 Data File:
* FileName = D:\Data\Raw\P6609303.dat
* Software Version Seasave Win32 V 5.32
* Temperature SN = 1649
* Conductivity SN = 1431
* Number of Bytes Per Scan = 37
* Number of Voltage Words = 5
* Number of Scans Averaged by the Deck Unit = 1
* NMEA Latitude = 61 07.51 S
* NMEA Longitude = 058 05.60 W
* NMEA UTC (Time) = 00:05:51
** Ship:   Nathaniel B. Palmer nbp
** Cruise:    NBP0603 nbp0606
** Cast #: 01
** Station:   93
** Operator: yz
# nquan = 15
# nvalues = 1101                        
# units = specified
# name 0 = prDM: Pressure, Digiquartz [db]
# name 1 = t090C: Temperature [ITS-90, deg C]
# name 2 = c0S/m: Conductivity [S/m]
# name 3 = t190C: Temperature, 2 [ITS-90, deg C]
# name 4 = c1S/m: Conductivity, 2 [S/m]
# name 5 = sbeox0ML/L: Oxygen, SBE 43 [ml/l]
# name 6 = flECO-AFL: Fluorescence, Wetlab ECO-AFL/FL [mg/m^3]
# name 7 = bat: Beam Attenuation, Chelsea/Seatech/Wetlab CStar [1/m]
# name 8 = spar: SPAR/Surface Irradiance
# name 9 = latitude: Latitude [deg]
# name 10 = longitude: Longitude [deg]
# name 11 = timeY: Time, System [seconds]
# name 12 = timeJ: Julian Days
# name 13 = sal00: Salinity [PSU]
# name 14 = flag: flag
# span 0 =      6.000,   1106.000       
# span 1 =    -0.7384,     1.9727       
# span 2 =   2.764533,   3.068780       
# span 3 =    -0.7373,     1.9738       
# span 4 =   2.765127,   3.068979       
# span 5 =    4.33983,    7.99856       
# span 6 =    -0.1181,     0.3050       
# span 7 =    13.8155,    13.8155       
# span 8 = 0.0000e+00, 0.0000e+00       
# span 9 =  -61.12517,  -61.12517       
# span 10 =  -58.09333,  -58.09333      
# span 11 = 1152576381, 1152577940      
# span 12 = 192.004432, 192.022477      
# span 13 =    33.9544,    34.7279      
# span 14 = 0.0000e+00, 0.0000e+00      
# interval = decibars: 1                
# start_time = Jul 11 2006 00:05:59
# bad_flag = -9.990e-29
*END*
[from data line 772]
    778.000     1.6424   3.059911     1.6429   3.060207    4.68791    -0.1008    13.8155 0.0000e+00  -61.12517  -58.09333 1152577506 192.017451    34.7275 0.0000e+00
    779.000     1.6418   3.059900     1.6421   3.060188    4.68756    -0.0647    13.8155 0.0000e+00  -61.12517  -58.09333 1152577506 192.017458    34.7275 0.0000e+00
    780.000     1.6395   3.059737     1.6397   3.060023    4.68705    -0.0805    13.8155 0.0000e+00  -61.12517  -58.09333 1152577507 192.017465    34.7274 0.0000e+00
    781.000     1.6366   3.059536     1.6368   3.059823    4.68551    -0.0674    13.8155 0.0000e+00  -61.12517  -58.09333 1152577507 192.017473    34.7276 0.0000e+00
    782.000     1.6357   3.059513     1.6358   3.059760    4.68494    -0.0904    13.8155 0.0000e+00  -61.12517  -58.09333 1152577509 192.017489    34.7278 0.0000e+00
    783.000     1.6364   3.059613     1.6375   3.059961    4.68851    -0.0827    13.8155 0.0000e+00  -61.12517  -58.09333 1152577513 192.017540    34.7274 0.0000e+00
    784.000     1.6334   3.059413     1.6341   3.059707    4.68943    -0.0793    13.8155 0.0000e+00  -61.12517  -58.09333 1152577514 192.017549    34.7279 0.0000e+00
    785.000     1.6332   3.059445     1.6339   3.059734    4.68867    -0.0858    13.8155 0.0000e+00  -61.12517  -58.09333 1152577515 192.017558    34.7278 0.0000e+00
    786.000     1.6335   3.059489     1.6340   3.059778    4.68894    -0.0875    13.8155 0.0000e+00  -61.12517  -58.09333 1152577516 192.017567    34.7276 0.0000e+00
    787.000     1.6339   3.059579     1.6344   3.059847    4.68939    -0.0839    13.8155 0.0000e+00  -61.12517  -58.09333 1152577517 192.017578    34.7276 0.0000e+00
    788.000     1.6329   3.059524     1.6333   3.059799    4.68980    -0.0889    13.8155 0.0000e+00  -61.12517  -58.09333 1152577518 192.017592    34.7275 0.0000e+00
    789.000     1.6304   3.059344     1.6309   3.059615    4.69031    -0.0910    13.8155 0.0000e+00  -61.12517  -58.09333 1152577519 192.017607    34.7274 0.0000e+00
    790.000     1.6282   3.059179     1.6287   3.059460    4.69130    -0.0907    13.8155 0.0000e+00  -61.12517  -58.09333 1152577520 192.017621    34.7273 0.0000e+00
    791.000     1.6274   3.059149     1.6279   3.059434    4.69389    -0.0886    13.8155 0.0000e+00  -61.12517  -58.09333 1152577522 192.017642    34.7272 0.0000e+00
    792.000     1.6268   3.059145     1.6274   3.059430    4.69652    -0.0943    13.8155 0.0000e+00  -61.12517  -58.09333 1152577524 192.017662    34.7272 0.0000e+00
    793.000     1.6269   3.059203     1.6273   3.059476    4.69856    -0.0824    13.8155 0.0000e+00  -61.12517  -58.09333 1152577525 192.017676    34.7273 0.0000e+00
    794.000     1.6268   3.059242     1.6274   3.059525    4.69768    -0.0891    13.8155 0.0000e+00  -61.12517  -58.09333 1152577526 192.017689    34.7273 0.0000e+00
    795.000     1.6268   3.059283     1.6273   3.059564    4.69766    -0.0838    13.8155 0.0000e+00  -61.12517  -58.09333 1152577527 192.017700    34.7273 0.0000e+00
    796.000     1.6261   3.059278     1.6266   3.059554    4.69525    -0.0931    13.8155 0.0000e+00  -61.12517  -58.09333 1152577528 192.017712    34.7274 0.0000e+00
    797.000     1.6249   3.059209     1.6255   3.059498    4.69575    -0.0836    13.8155 0.0000e+00  -61.12517  -58.09333 1152577529 192.017724    34.7273 0.0000e+00
    798.000     1.6254   3.059285     1.6258   3.059559    4.69672    -0.0912    13.8155 0.0000e+00  -61.12517  -58.09333 1152577531 192.017744    34.7271 0.0000e+00
    799.000     1.6242   3.059240     1.6248   3.059513    4.69762    -0.0925    13.8155 0.0000e+00  -61.12517  -58.09333 1152577533 192.017766    34.7273 0.0000e+00
    800.000     1.6238   3.059251     1.6244   3.059530    4.69815    -0.0942    13.8155 0.0000e+00  -61.12517  -58.09333 1152577534 192.017779    34.7273 0.0000e+00
    801.000     1.6240   3.059321     1.6246   3.059595    4.69870    -0.0760    13.8155 0.0000e+00  -61.12517  -58.09333 1152577535 192.017791    34.7274 0.0000e+00
    802.000     1.6243   3.059379     1.6249   3.059663    4.69968    -0.0845    13.8155 0.0000e+00  -61.12517  -58.09333 1152577536 192.017805    34.7272 0.0000e+00
    803.000     1.6239   3.059392     1.6245   3.059666    4.70226    -0.0860    13.8155 0.0000e+00  -61.12517  -58.09333 1152577538 192.017822    34.7273 0.0000e+00
    804.000     1.6238   3.059422     1.6243   3.059705    4.70310    -0.1061    13.8155 0.0000e+00  -61.12517  -58.09333 1152577539 192.017838    34.7272 0.0000e+00
    805.000     1.6234   3.059438     1.6239   3.059705    4.70348    -0.0775    13.8155 0.0000e+00  -61.12517  -58.09333 1152577540 192.017851    34.7273 0.0000e+00
    806.000     1.6221   3.059364     1.6227   3.059650    4.70507    -0.0861    13.8155 0.0000e+00  -61.12517  -58.09333 1152577541 192.017863    34.7273 0.0000e+00
    807.000     1.6198   3.059223     1.6207   3.059529    4.70671    -0.0859    13.8155 0.0000e+00  -61.12517  -58.09333 1152577542 192.017876    34.7275 0.0000e+00
    808.000     1.6189   3.059186     1.6194   3.059465    4.70872    -0.0743    13.8155 0.0000e+00  -61.12517  -58.09333 1152577543 192.017890    34.7275 0.0000e+00
    809.000     1.6179   3.059145     1.6186   3.059438    4.70915    -0.0831    13.8155 0.0000e+00  -61.12517  -58.09333 1152577545 192.017904    34.7275 0.0000e+00
    810.000     1.6169   3.059090     1.6173   3.059366    4.70955    -0.0999    13.8155 0.0000e+00  -61.12517  -58.09333 1152577546 192.017919    34.7274 0.0000e+00
    811.000     1.6159   3.059055     1.6164   3.059329    4.71068    -0.0922    13.8155 0.0000e+00  -61.12517  -58.09333 1152577548 192.017940    34.7274 0.0000e+00
    812.000     1.6158   3.059102     1.6164   3.059369    4.71349    -0.0845    13.8155 0.0000e+00  -61.12517  -58.09333 1152577550 192.017969    34.7276 0.0000e+00
    813.000     1.6157   3.059147     1.6164   3.059445    4.71583    -0.0918    13.8155 0.0000e+00  -61.12517  -58.09333 1152577551 192.017982    34.7276 0.0000e+00
    814.000     1.6153   3.059155     1.6160   3.059453    4.71419    -0.0902    13.8155 0.0000e+00  -61.12517  -58.09333 1152577552 192.017992    34.7276 0.0000e+00
    815.000     1.6152   3.059179     1.6156   3.059463    4.71374    -0.0888    13.8155 0.0000e+00  -61.12517  -58.09333 1152577553 192.018001    34.7275 0.0000e+00
    816.000     1.6146   3.059169     1.6151   3.059451    4.71373    -0.0908    13.8155 0.0000e+00  -61.12517  -58.09333 1152577554 192.018009    34.7276 0.0000e+00
    817.000     1.6146   3.059218     1.6150   3.059487    4.71172    -0.0829    13.8155 0.0000e+00  -61.12517  -58.09333 1152577554 192.018017    34.7275 0.0000e+00
    818.000     1.6143   3.059228     1.6147   3.059497    4.70957    -0.0875    13.8155 0.0000e+00  -61.12517  -58.09333 1152577555 192.018027    34.7275 0.0000e+00
    819.000     1.6142   3.059263     1.6150   3.059559    4.70943    -0.0933    13.8155 0.0000e+00  -61.12517  -58.09333 1152577558 192.018055    34.7275 0.0000e+00
    820.000     1.6132   3.059218     1.6137   3.059495    4.71177    -0.0963    13.8155 0.0000e+00  -61.12517  -58.09333 1152577560 192.018077    34.7275 0.0000e+00
    821.000     1.6118   3.059132     1.6122   3.059411    4.71278    -0.1095    13.8155 0.0000e+00  -61.12517  -58.09333 1152577561 192.018091    34.7274 0.0000e+00
    822.000     1.6111   3.059124     1.6116   3.059400    4.71573    -0.0917    13.8155 0.0000e+00  -61.12517  -58.09333 1152577563 192.018113    34.7274 0.0000e+00
    823.000     1.6106   3.059138     1.6111   3.059413    4.72012    -0.0964    13.8155 0.0000e+00  -61.12517  -58.09333 1152577564 192.018132    34.7276 0.0000e+00
    824.000     1.6095   3.059085     1.6100   3.059358    4.72083    -0.0905    13.8155 0.0000e+00  -61.12517  -58.09333 1152577565 192.018142    34.7276 0.0000e+00
    825.000     1.6087   3.059054     1.6091   3.059329    4.71984    -0.0912    13.8155 0.0000e+00  -61.12517  -58.09333 1152577566 192.018152    34.7276 0.0000e+00
    826.000     1.6075   3.058993     1.6079   3.059267    4.71983    -0.0857    13.8155 0.0000e+00  -61.12517  -58.09333 1152577567 192.018160    34.7276 0.0000e+00
    827.000     1.6066   3.058952     1.6071   3.059231    4.71871    -0.0873    13.8155 0.0000e+00  -61.12517  -58.09333 1152577568 192.018170    34.7275 0.0000e+00
    828.000     1.6060   3.058943     1.6066   3.059231    4.71968    -0.0808    13.8155 0.0000e+00  -61.12517  -58.09333 1152577569 192.018185    34.7275 0.0000e+00
    829.000     1.6036   3.058773     1.6040   3.059054    4.72134    -0.0902    13.8155 0.0000e+00  -61.12517  -58.09333 1152577570 192.018202    34.7275 0.0000e+00
    830.000     1.6018   3.058668     1.6024   3.058955    4.72144    -0.1000    13.8155 0.0000e+00  -61.12517  -58.09333 1152577572 192.018215    34.7276 0.0000e+00
    831.000     1.6004   3.058585     1.6009   3.058868    4.72031    -0.0889    13.8155 0.0000e+00  -61.12517  -58.09333 1152577573 192.018229    34.7276 0.0000e+00
    832.000     1.6004   3.058632     1.6009   3.058909    4.72086    -0.0986    13.8155 0.0000e+00  -61.12517  -58.09333 1152577574 192.018248    34.7275 0.0000e+00
    833.000     1.6003   3.058665     1.6008   3.058939    4.72273    -0.0843    13.8155 0.0000e+00  -61.12517  -58.09333 1152577577 192.018282    34.7274 0.0000e+00
    834.000     1.6003   3.058726     1.6010   3.059003    4.72523    -0.1036    13.8155 0.0000e+00  -61.12517  -58.09333 1152577580 192.018309    34.7277 0.0000e+00
    835.000     1.6000   3.058730     1.6005   3.059021    4.72694    -0.0788    13.8155 0.0000e+00  -61.12517  -58.09333 1152577580 192.018318    34.7275 0.0000e+00
    836.000     1.5994   3.058725     1.5999   3.059015    4.72710    -0.0973    13.8155 0.0000e+00  -61.12517  -58.09333 1152577581 192.018326    34.7275 0.0000e+00
    837.000     1.5989   3.058726     1.5993   3.059016    4.72704    -0.0868    13.8155 0.0000e+00  -61.12517  -58.09333 1152577582 192.018333    34.7275 0.0000e+00
    838.000     1.5984   3.058714     1.5986   3.058998    4.72618    -0.0753    13.8155 0.0000e+00  -61.12517  -58.09333 1152577582 192.018340    34.7274 0.0000e+00
    839.000     1.5971   3.058632     1.5974   3.058923    4.72465    -0.0938    13.8155 0.0000e+00  -61.12517  -58.09333 1152577583 192.018347    34.7273 0.0000e+00
    840.000     1.5957   3.058570     1.5961   3.058857    4.72358    -0.0866    13.8155 0.0000e+00  -61.12517  -58.09333 1152577584 192.018354    34.7275 0.0000e+00
    841.000     1.5936   3.058407     1.5940   3.058707    4.72204    -0.0784    13.8155 0.0000e+00  -61.12517  -58.09333 1152577584 192.018361    34.7272 0.0000e+00
    842.000     1.5915   3.058291     1.5913   3.058529    4.72496    -0.0916    13.8155 0.0000e+00  -61.12517  -58.09333 1152577587 192.018388    34.7275 0.0000e+00
    843.000     1.5942   3.058577     1.5932   3.058758    4.73306    -0.0911    13.8155 0.0000e+00  -61.12517  -58.09333 1152577592 192.018447    34.7276 0.0000e+00
    844.000     1.5911   3.058331     1.5911   3.058609    4.73281    -0.0911    13.8155 0.0000e+00  -61.12517  -58.09333 1152577592 192.018455    34.7273 0.0000e+00
    845.000     1.5851   3.057870     1.5854   3.058158    4.73195    -0.1101    13.8155 0.0000e+00  -61.12517  -58.09333 1152577593 192.018462    34.7277 0.0000e+00
    846.000     1.5837   3.057804     1.5838   3.058066    4.72910    -0.0919    13.8155 0.0000e+00  -61.12517  -58.09333 1152577594 192.018469    34.7279 0.0000e+00
    847.000     1.5832   3.057778     1.5834   3.058050    4.72785    -0.0714    13.8155 0.0000e+00  -61.12517  -58.09333 1152577594 192.018476    34.7276 0.0000e+00
    848.000     1.5829   3.057800     1.5832   3.058079    4.72690    -0.0819    13.8155 0.0000e+00  -61.12517  -58.09333 1152577595 192.018483    34.7275 0.0000e+00
    849.000     1.5826   3.057831     1.5832   3.058119    4.72629    -0.0815    13.8155 0.0000e+00  -61.12517  -58.09333 1152577595 192.018491    34.7277 0.0000e+00
    850.000     1.5825   3.057866     1.5830   3.058142    4.72648    -0.0853    13.8155 0.0000e+00  -61.12517  -58.09333 1152577596 192.018501    34.7278 0.0000e+00
    851.000     1.5869   3.058293     1.5873   3.058554    4.72974    -0.0864    13.8155 0.0000e+00  -61.12517  -58.09333 1152577599 192.018535    34.7274 0.0000e+00
    852.000     1.5866   3.058316     1.5863   3.058554    4.73278    -0.0936    13.8155 0.0000e+00  -61.12517  -58.09333 1152577602 192.018572    34.7274 0.0000e+00
    853.000     1.5821   3.057971     1.5824   3.058249    4.73413    -0.0871    13.8155 0.0000e+00  -61.12517  -58.09333 1152577603 192.018580    34.7278 0.0000e+00
    854.000     1.5813   3.057935     1.5815   3.058213    4.73390    -0.0813    13.8155 0.0000e+00  -61.12517  -58.09333 1152577604 192.018588    34.7276 0.0000e+00
    855.000     1.5804   3.057905     1.5806   3.058163    4.73489    -0.0873    13.8155 0.0000e+00  -61.12517  -58.09333 1152577605 192.018597    34.7277 0.0000e+00
    856.000     1.5789   3.057811     1.5793   3.058085    4.73450    -0.0911    13.8155 0.0000e+00  -61.12517  -58.09333 1152577606 192.018608    34.7275 0.0000e+00
    857.000     1.5773   3.057708     1.5777   3.057980    4.73535    -0.0930    13.8155 0.0000e+00  -61.12517  -58.09333 1152577608 192.018631    34.7275 0.0000e+00
    858.000     1.5771   3.057742     1.5775   3.058016    4.73731    -0.0964    13.8155 0.0000e+00  -61.12517  -58.09333 1152577609 192.018650    34.7275 0.0000e+00
    859.000     1.5765   3.057731     1.5771   3.058008    4.73629    -0.0913    13.8155 0.0000e+00  -61.12517  -58.09333 1152577610 192.018663    34.7275 0.0000e+00
    860.000     1.5758   3.057720     1.5763   3.058005    4.73359    -0.0900    13.8155 0.0000e+00  -61.12517  -58.09333 1152577611 192.018675    34.7275 0.0000e+00
    861.000     1.5747   3.057673     1.5754   3.057958    4.73388    -0.0921    13.8155 0.0000e+00  -61.12517  -58.09333 1152577612 192.018688    34.7276 0.0000e+00
    862.000     1.5737   3.057618     1.5741   3.057895    4.73467    -0.0888    13.8155 0.0000e+00  -61.12517  -58.09333 1152577614 192.018706    34.7275 0.0000e+00
    863.000     1.5731   3.057619     1.5736   3.057893    4.73487    -0.0930    13.8155 0.0000e+00  -61.12517  -58.09333 1152577615 192.018722    34.7276 0.0000e+00
    864.000     1.5729   3.057646     1.5734   3.057913    4.73593    -0.0940    13.8155 0.0000e+00  -61.12517  -58.09333 1152577617 192.018735    34.7276 0.0000e+00
    865.000     1.5725   3.057645     1.5729   3.057918    4.73659    -0.0907    13.8155 0.0000e+00  -61.12517  -58.09333 1152577618 192.018748    34.7275 0.0000e+00
    866.000     1.5722   3.057659     1.5726   3.057937    4.73765    -0.0886    13.8155 0.0000e+00  -61.12517  -58.09333 1152577619 192.018764    34.7274 0.0000e+00
    867.000     1.5717   3.057674     1.5723   3.057959    4.73689    -0.0806    13.8155 0.0000e+00  -61.12517  -58.09333 1152577621 192.018781    34.7275 0.0000e+00
    868.000     1.5711   3.057660     1.5716   3.057942    4.73528    -0.0897    13.8155 0.0000e+00  -61.12517  -58.09333 1152577622 192.018795    34.7275 0.0000e+00
    869.000     1.5704   3.057650     1.5708   3.057925    4.73442    -0.0979    13.8155 0.0000e+00  -61.12517  -58.09333 1152577623 192.018808    34.7275 0.0000e+00
    870.000     1.5694   3.057598     1.5697   3.057871    4.73762    -0.1056    13.8155 0.0000e+00  -61.12517  -58.09333 1152577624 192.018823    34.7275 0.0000e+00
    871.000     1.5690   3.057611     1.5695   3.057887    4.74206    -0.0850    13.8155 0.0000e+00  -61.12517  -58.09333 1152577626 192.018845    34.7275 0.0000e+00
    872.000     1.5689   3.057651     1.5694   3.057931    4.74267    -0.0839    13.8155 0.0000e+00  -61.12517  -58.09333 1152577627 192.018861    34.7276 0.0000e+00
