product_data/regression_test/downloaded_data/MDGS/320620060703/ctd/p6608202.ros
* Sea-Bird SBE 9 Data File:
* FileName = D:\Data\Raw\P6608202.dat
* Software Version Seasave Win32 V 5.32
* Temperature SN = 1649
* Conductivity SN = 1431
* Number of Bytes Per Scan = 37
* Number of Voltage Words = 5
* Number of Scans Averaged by the Deck Unit = 1
* NMEA Latitude = 61 50.03 S
* NMEA Longitude = 057 33.91 W
* NMEA UTC (Time) = 21:27:11
** Ship:   Nathaniel B. Palmer 
** Cruise:    NBP0603 p0606
** Cast #: 02
** Station:   81
** Operator: 
# nquan = 17
# nvalues = 1175                    
# units = specified
# name 0 = prDM: Pressure, Digiquartz [db]
# name 1 = t090C: Temperature [ITS-90, deg C]
# name 2 = c0S/m: Conductivity [S/m]
# name 3 = t190C: Temperature, 2 [ITS-90, deg C]
# name 4 = c1S/m: Conductivity, 2 [S/m]
# name 5 = sbeox0ML/L: Oxygen, SBE 43 [ml/l]
# name 6 = flECO-AFL: Fluorescence, Wetlab ECO-AFL/FL [mg/m^3]
# name 7 = bat: Beam Attenuation, Chelsea/Seatech/Wetlab CStar [1/m]
# name 8 = spar: SPAR/Surface Irradiance
# name 9 = latitude: Latitude [deg]
# name 10 = longitude: Longitude [deg]
# name 11 = timeY: Time, System [seconds]
# name 12 = timeJ: Julian Days
# name 13 = sal00: Salinity [PSU]
# name 14 = scan: scan number
# name 15 = nbf: number of bottles fired
# name 16 = flag:  0.000e+00
# interval = seconds: 0.0416667                   
# start_time = Jul 09 2006 21:27:18
*END*
[from data line 1022]
     19.479    -0.6906   2.786223    -0.6913   2.786353    7.67056     0.0112    13.8155 0.0000e+00  -61.83383  -57.56517 1152481723 190.908842    34.1994      30863         21  0.000e+00
     19.498    -0.6900   2.786233    -0.6920   2.786318    7.67048     0.0757    13.8155 0.0000e+00  -61.83383  -57.56517 1152481723 190.908842    34.1988      30864         21  0.000e+00
     19.479    -0.6900   2.786247    -0.6912   2.786353    7.67045     0.0972    13.8155 0.0000e+00  -61.83383  -57.56517 1152481723 190.908843    34.1990      30865         21  0.000e+00
     19.498    -0.6901   2.786223    -0.6912   2.786353    7.67051     0.0972    13.8155 0.0000e+00  -61.83383  -57.56517 1152481723 190.908843    34.1989      30866         21  0.000e+00
     19.479    -0.6906   2.786210    -0.6909   2.786365    7.67057     0.1080    13.8155 0.0000e+00  -61.83383  -57.56517 1152481723 190.908844    34.1993      30867         21  0.000e+00
     19.431    -0.6907   2.786210    -0.6918   2.786388    7.67055     0.1188    13.8155 0.0000e+00  -61.83383  -57.56517 1152481723 190.908844    34.1994      30868         21  0.000e+00
     19.412    -0.6913   2.786177    -0.6900   2.786469    7.67064     0.0757    13.8155 0.0000e+00  -61.83383  -57.56517 1152481724 190.908854    34.1997      30889         22  0.000e+00
     19.708    -0.6912   2.786237    -0.6907   2.786469    7.67555     0.0972    13.8155 0.0000e+00  -61.83383  -57.56517 1152481724 190.908855    34.2002      30890         22  0.000e+00
     19.270    -0.6904   2.786256    -0.6898   2.786469    7.67495     0.0757    13.8155 0.0000e+00  -61.83383  -57.56517 1152481724 190.908855    34.1998      30891         22  0.000e+00
     19.498    -0.6901   2.786253    -0.6898   2.786457    7.67515     0.0650    13.8155 0.0000e+00  -61.83383  -57.56517 1152481724 190.908856    34.1993      30892         22  0.000e+00
     19.498    -0.6898   2.786233    -0.6903   2.786469    7.67512     0.0542    13.8155 0.0000e+00  -61.83383  -57.56517 1152481724 190.908856    34.1987      30893         22  0.000e+00
     19.413    -0.6900   2.786233    -0.6909   2.786457    7.67505     0.0972    13.8155 0.0000e+00  -61.83383  -57.56517 1152481724 190.908857    34.1989      30894         22  0.000e+00
     19.498    -0.6904   2.786230    -0.6907   2.786428    7.67055     0.0757    13.8155 0.0000e+00  -61.83383  -57.56517 1152481724 190.908857    34.1993      30895         22  0.000e+00
     19.346    -0.6904   2.786233    -0.6912   2.786417    7.67505     0.0542    13.8155 0.0000e+00  -61.83383  -57.56517 1152481724 190.908858    34.1995      30896         22  0.000e+00
     19.575    -0.6901   2.786247    -0.6913   2.786399    7.67524     0.0757    13.8155 0.0000e+00  -61.83383  -57.56517 1152481724 190.908858    34.1991      30897         22  0.000e+00
     19.479    -0.6900   2.786303    -0.6907   2.786399    7.67507     0.0757    13.8155 0.0000e+00  -61.83383  -57.56517 1152481724 190.908859    34.1998      30898         22  0.000e+00
     19.498    -0.6901   2.786290    -0.6909   2.786399    7.67513     0.0542    13.8155 0.0000e+00  -61.83383  -57.56517 1152481724 190.908859    34.1998      30899         22  0.000e+00
     19.479    -0.6900   2.786309    -0.6909   2.786417    7.67507     0.0757    13.8155 0.0000e+00  -61.83383  -57.56517 1152481724 190.908859    34.1999      30900         22  0.000e+00
     19.498    -0.6900   2.786290    -0.6910   2.786423    7.67510     0.0865    13.8155 0.0000e+00  -61.83383  -57.56517 1152481724 190.908860    34.1996      30901         22  0.000e+00
     19.413    -0.6898   2.786293    -0.6910   2.786417    7.67498     0.1188    13.8155 0.0000e+00  -61.83383  -57.56517 1152481724 190.908860    34.1995      30902         22  0.000e+00
     19.498    -0.6901   2.786280    -0.6909   2.786399    7.67513     0.1618    13.8155 0.0000e+00  -61.83383  -57.56517 1152481724 190.908861    34.1996      30903         22  0.000e+00
     19.432    -0.6900   2.786263    -0.6904   2.786417    7.67506     0.1080    13.8155 0.0000e+00  -61.83383  -57.56517 1152481724 190.908861    34.1993      30904         22  0.000e+00
     19.479    -0.6896   2.786289    -0.6906   2.786423    7.67503     0.0972    13.8155 0.0000e+00  -61.83383  -57.56517 1152481724 190.908862    34.1993      30905         22  0.000e+00
     19.498    -0.6898   2.786283    -0.6901   2.786405    7.67508     0.1403    13.8155 0.0000e+00  -61.83383  -57.56517 1152481724 190.908862    34.1993      30906         22  0.000e+00
     19.479    -0.6896   2.786260    -0.6903   2.786417    7.67506     0.1403    13.8155 0.0000e+00  -61.83383  -57.56517 1152481724 190.908863    34.1989      30907         22  0.000e+00
     19.432    -0.6896   2.786270    -0.6906   2.786440    7.67500     0.1403    13.8155 0.0000e+00  -61.83383  -57.56517 1152481724 190.908863    34.1990      30908         22  0.000e+00
     19.479    -0.6895   2.786276    -0.6906   2.786446    7.67503     0.1188    13.8155 0.0000e+00  -61.83383  -57.56517 1152481724 190.908864    34.1989      30909         22  0.000e+00
     19.432    -0.6898   2.786276    -0.6904   2.786446    7.67502     0.0757    13.8155 0.0000e+00  -61.83383  -57.56517 1152481725 190.908864    34.1993      30910         22  0.000e+00
     19.479    -0.6901   2.786296    -0.6904   2.786452    7.67510     0.0650    13.8155 0.0000e+00  -61.83383  -57.56517 1152481725 190.908865    34.1999      30911         22  0.000e+00
     19.432    -0.6901   2.786299    -0.6901   2.786486    7.67505     0.0542    13.8155 0.0000e+00  -61.83383  -57.56517 1152481725 190.908865    34.1999      30912         22  0.000e+00
     19.413    -0.6901   2.786299    -0.6898   2.786504    7.67503     0.0757    13.8155 0.0000e+00  -61.83383  -57.56517 1152481725 190.908866    34.2000      30913         22  0.000e+00
     19.498    -0.6901   2.786250    -0.6896   2.786481    7.67515     0.0542    13.8155 0.0000e+00  -61.83383  -57.56517 1152481725 190.908866    34.1992      30914         22  0.000e+00
     19.432    -0.6900   2.786283    -0.6896   2.786469    7.67504     0.0327    13.8155 0.0000e+00  -61.83383  -57.56517 1152481725 190.908867    34.1996      30915         22  0.000e+00
     19.413    -0.6895   2.786299    -0.6895   2.786469    7.67493     0.0650    13.8155 0.0000e+00  -61.83383  -57.56517 1152481725 190.908867    34.1993      30916         22  0.000e+00
     19.432    -0.6903   2.786263    -0.6900   2.786475    7.67510     0.0972    13.8155 0.0000e+00  -61.83383  -57.56517 1152481725 190.908868    34.1996      30917         22  0.000e+00
     19.413    -0.6900   2.786270    -0.6901   2.786475    7.67503     0.0972    13.8155 0.0000e+00  -61.83383  -57.56517 1152481725 190.908868    34.1994      30918         22  0.000e+00
     19.432    -0.6900   2.786263    -0.6900   2.786457    7.67505     0.1188    13.8155 0.0000e+00  -61.83383  -57.56517 1152481725 190.908869    34.1993      30919         22  0.000e+00
     19.413    -0.6895   2.786253    -0.6904   2.786469    7.67497     0.0972    13.8155 0.0000e+00  -61.83383  -57.56517 1152481725 190.908869    34.1987      30920         22  0.000e+00
     19.432    -0.6901   2.786270    -0.6906   2.786452    7.67507     0.0434    13.8155 0.0000e+00  -61.83383  -57.56517 1152481725 190.908870    34.1995      30921         22  0.000e+00
     19.413    -0.6904   2.786227    -0.6906   2.786463    7.67513     0.0757    13.8155 0.0000e+00  -61.83383  -57.56517 1152481725 190.908870    34.1993      30922         22  0.000e+00
     19.432    -0.6904   2.786243    -0.6904   2.786475    7.67514     0.1188    13.8155 0.0000e+00  -61.83383  -57.56517 1152481725 190.908871    34.1995      30923         22  0.000e+00
     19.365    -0.6906   2.786240    -0.6900   2.786475    7.67509     0.0865    13.8155 0.0000e+00  -61.83383  -57.56517 1152481725 190.908871    34.1997      30924         22  0.000e+00
     19.413    -0.6898   2.786217    -0.6903   2.786475    7.67504     0.0865    13.8155 0.0000e+00  -61.83383  -57.56517 1152481725 190.908872    34.1985      30925         22  0.000e+00
     19.432    -0.6908   2.786240    -0.6901   2.786457    7.67519     0.0757    13.8155 0.0000e+00  -61.83383  -57.56517 1152481725 190.908872    34.1999      30926         22  0.000e+00
     19.346    -0.6904   2.786223    -0.6901   2.786446    7.67506     0.1188    13.8155 0.0000e+00  -61.83383  -57.56517 1152481725 190.908872    34.1993      30927         22  0.000e+00
     19.432    -0.6904   2.786223    -0.6910   2.786463    7.67515     0.1295    13.8155 0.0000e+00  -61.83383  -57.56517 1152481725 190.908873    34.1993      30928         22  0.000e+00
     19.346    -0.6904   2.786217    -0.6903   2.786417    7.67506     0.0865    13.8155 0.0000e+00  -61.83383  -57.56517 1152481725 190.908873    34.1992      30929         22  0.000e+00
     19.432    -0.6906   2.786210    -0.6903   2.786417    7.67518     0.0757    13.8155 0.0000e+00  -61.83383  -57.56517 1152481725 190.908874    34.1993      30930         22  0.000e+00
     19.346    -0.6906   2.786190    -0.6900   2.786423    7.67511     0.0972    13.8155 0.0000e+00  -61.83383  -57.56517 1152481725 190.908874    34.1991      30931         22  0.000e+00
     19.365    -0.6911   2.786187    -0.6900   2.786440    7.67520     0.0972    13.8155 0.0000e+00  -61.83383  -57.56517 1152481725 190.908875    34.1995      30932         22  0.000e+00
     19.346    -0.6911   2.786204    -0.6904   2.786423    7.67517     0.0865    13.8155 0.0000e+00  -61.83383  -57.56517 1152481725 190.908875    34.1998      30933         22  0.000e+00
     19.365    -0.6907   2.786194    -0.6903   2.786417    7.67515     0.0972    13.8155 0.0000e+00  -61.83383  -57.56517 1152481725 190.908876    34.1993      30934         22  0.000e+00
     19.365    -0.6909   2.786204    -0.6901   2.786440    7.67516     0.0972    13.8155 0.0000e+00  -61.83383  -57.56517 1152481726 190.908876    34.1996      30935         22  0.000e+00
     19.346    -0.6909   2.786240    -0.6906   2.786428    7.67512     0.1188    13.8155 0.0000e+00  -61.83383  -57.56517 1152481726 190.908877    34.2001      30936         22  0.000e+00
     19.365    -0.6906   2.786204    -0.6900   2.786440    7.67511     0.1403    13.8155 0.0000e+00  -61.83383  -57.56517 1152481726 190.908877    34.1992      30937         22  0.000e+00
     10.389    -0.6948   2.785369    -0.6945   2.785608    7.68538     0.1188    13.8155 0.0000e+00  -61.83383  -57.56517 1152481776 190.909457    34.1983      32139         23  0.000e+00
     10.417    -0.6948   2.785373    -0.6947   2.785602    7.68541     0.1403    13.8155 0.0000e+00  -61.83383  -57.56517 1152481776 190.909457    34.1983      32140         23  0.000e+00
     10.455    -0.6949   2.785379    -0.6944   2.785619    7.68081     0.1080    13.8155 0.0000e+00  -61.83383  -57.56517 1152481776 190.909458    34.1985      32141         23  0.000e+00
     10.532    -0.6952   2.785396    -0.6943   2.785642    7.68093     0.0757    13.8155 0.0000e+00  -61.83383  -57.56517 1152481776 190.909458    34.1990      32142         23  0.000e+00
     10.417    -0.6954   2.785353    -0.6945   2.785613    7.68087     0.0972    13.8155 0.0000e+00  -61.83383  -57.56517 1152481776 190.909459    34.1988      32143         23  0.000e+00
     10.532    -0.6949   2.785386    -0.6946   2.785637    7.68089     0.0972    13.8155 0.0000e+00  -61.83383  -57.56517 1152481776 190.909459    34.1986      32144         23  0.000e+00
     10.417    -0.6954   2.785419    -0.6947   2.785631    7.68081     0.0757    13.8155 0.0000e+00  -61.83383  -57.56517 1152481776 190.909460    34.1996      32145         23  0.000e+00
     10.455    -0.6951   2.785409    -0.6949   2.785625    7.68082     0.0972    13.8155 0.0000e+00  -61.83383  -57.56517 1152481776 190.909460    34.1991      32146         23  0.000e+00
     10.455    -0.6946   2.785366    -0.6945   2.785625    7.68078     0.1188    13.8155 0.0000e+00  -61.83383  -57.56517 1152481776 190.909461    34.1980      32147         23  0.000e+00
     10.417    -0.6952   2.785356    -0.6946   2.785625    7.68084     0.0972    13.8155 0.0000e+00  -61.83383  -57.56517 1152481776 190.909461    34.1986      32148         23  0.000e+00
     10.532    -0.6944   2.785373    -0.6947   2.785625    7.68083     0.1188    13.8155 0.0000e+00  -61.83383  -57.56517 1152481776 190.909462    34.1979      32149         23  0.000e+00
     10.417    -0.6948   2.785346    -0.6949   2.785642    7.68543     0.1188    13.8155 0.0000e+00  -61.83383  -57.56517 1152481776 190.909462    34.1979      32150         23  0.000e+00
     10.455    -0.6951   2.785350    -0.6947   2.785613    7.68552     0.1188    13.8155 0.0000e+00  -61.83383  -57.56517 1152481776 190.909463    34.1983      32151         23  0.000e+00
     10.389    -0.6953   2.785340    -0.6944   2.785579    7.68548     0.1080    13.8155 0.0000e+00  -61.83383  -57.56517 1152481776 190.909463    34.1984      32152         23  0.000e+00
     10.484    -0.6951   2.785337    -0.6948   2.785590    7.68556     0.1188    13.8155 0.0000e+00  -61.83383  -57.56517 1152481776 190.909464    34.1981      32153         23  0.000e+00
     10.456    -0.6954   2.785366    -0.6950   2.785602    7.68089     0.1188    13.8155 0.0000e+00  -61.83383  -57.56517 1152481776 190.909464    34.1989      32154         23  0.000e+00
     10.417    -0.6951   2.785330    -0.6950   2.785579    7.68083     0.0757    13.8155 0.0000e+00  -61.83383  -57.56517 1152481776 190.909465    34.1981      32155         23  0.000e+00
     10.456    -0.6952   2.785343    -0.6952   2.785590    7.68554     0.0972    13.8155 0.0000e+00  -61.83383  -57.56517 1152481776 190.909465    34.1984      32156         23  0.000e+00
     10.389    -0.6953   2.785340    -0.6950   2.785579    7.68548     0.1403    13.8155 0.0000e+00  -61.83383  -57.56517 1152481776 190.909466    34.1984      32157         23  0.000e+00
     10.484    -0.6952   2.785317    -0.6947   2.785573    7.68559     0.1833    13.8155 0.0000e+00  -61.83383  -57.56517 1152481777 190.909466    34.1980      32158         23  0.000e+00
     10.389    -0.6955   2.785313    -0.6950   2.785573    7.68089     0.1618    13.8155 0.0000e+00  -61.83383  -57.56517 1152481777 190.909467    34.1984      32159         23  0.000e+00
     10.484    -0.6954   2.785294    -0.6953   2.785573    7.68098     0.1080    13.8155 0.0000e+00  -61.83383  -57.56517 1152481777 190.909467    34.1979      32160         23  0.000e+00
     10.389    -0.6954   2.785307    -0.6948   2.785549    7.68087     0.0757    13.8155 0.0000e+00  -61.83383  -57.56517 1152481777 190.909468    34.1982      32161         23  0.000e+00
     10.456    -0.6955   2.785297    -0.6959   2.785544    7.68563     0.0434    13.8155 0.0000e+00  -61.83383  -57.56517 1152481777 190.909468    34.1981      32162         23  0.000e+00
     10.417    -0.6958   2.785307    -0.6955   2.785561    7.68097     0.0650    13.8155 0.0000e+00  -61.83383  -57.56517 1152481777 190.909469    34.1986      32163         23  0.000e+00
     10.456    -0.6957   2.785280    -0.6950   2.785550    7.68100     0.0972    13.8155 0.0000e+00  -61.83383  -57.56517 1152481777 190.909469    34.1981      32164         23  0.000e+00
     10.417    -0.6954   2.785320    -0.6956   2.785544    7.68089     0.0865    13.8155 0.0000e+00  -61.83383  -57.56517 1152481777 190.909470    34.1983      32165         23  0.000e+00
     10.389    -0.6960   2.785287    -0.6953   2.785544    7.68098     0.1188    13.8155 0.0000e+00  -61.83383  -57.56517 1152481777 190.909470    34.1986      32166         23  0.000e+00
     10.389    -0.6960   2.785300    -0.6955   2.785526    7.68097     0.0972    13.8155 0.0000e+00  -61.83383  -57.56517 1152481777 190.909470    34.1987      32167         23  0.000e+00
