product_data/regression_test/downloaded_data/MDGS/320620060703/ctd/p6609309.ros
* Sea-Bird SBE 9 Data File:
* FileName = D:\Data\Raw\p6609309.dat
* Software Version Seasave Win32 V 5.32
* Temperature SN = 1649
* Conductivity SN = 1431
* Number of Bytes Per Scan = 37
* Number of Voltage Words = 5
* Number of Scans Averaged by the Deck Unit = 1
* NMEA Latitude = 61 07.49 S
* NMEA Longitude = 058 05.62 W
* NMEA UTC (Time) = 07:46:35
** Ship:   Nathaniel B. Palmer nbp
** Cruise:    NBP0606 nbp0606
# nquan = 17
# nvalues = 1176                    
# units = specified
# name 0 = prDM: Pressure, Digiquartz [db]
# name 1 = t090C: Temperature [ITS-90, deg C]
# name 2 = c0S/m: Conductivity [S/m]
# name 3 = t190C: Temperature, 2 [ITS-90, deg C]
# name 4 = c1S/m: Conductivity, 2 [S/m]
# name 5 = sbeox0ML/L: Oxygen, SBE 43 [ml/l]
# name 6 = flECO-AFL: Fluorescence, Wetlab ECO-AFL/FL [mg/m^3]
# name 7 = bat: Beam Attenuation, Chelsea/Seatech/Wetlab CStar [1/m]
# name 8 = spar: SPAR/Surface Irradiance
# name 9 = latitude: Latitude [deg]
# name 10 = longitude: Longitude [deg]
# name 11 = timeY: Time, System [seconds]
# name 12 = timeJ: Julian Days
# name 13 = sal00: Salinity [PSU]
# name 14 = scan: scan number
# name 15 = nbf: number of bottles fired
# name 16 = flag:  0.000e+00
# interval = seconds: 0.0416667                   
# start_time = Jul 11 2006 07:46:43
*END*
[from data line 766]
   1001.396     1.4325   3.051265     1.4336   3.051573    4.80105    -0.1180    13.8155 0.0000e+00  -61.12483  -58.09367 1152605734 192.344162    34.7254      41583         16  0.000e+00
   1001.280     1.4329   3.051240     1.4333   3.051585    4.80094    -0.0964    13.8155 0.0000e+00  -61.12483  -58.09367 1152605734 192.344162    34.7246      41584         16  0.000e+00
   1001.328     1.4334   3.051299     1.4336   3.051597    4.80593    -0.0857    13.8155 0.0000e+00  -61.12483  -58.09367 1152605734 192.344163    34.7248      41585         16  0.000e+00
   1001.328     1.4326   3.051278     1.4333   3.051591    4.80098    -0.0964    13.8155 0.0000e+00  -61.12483  -58.09367 1152605734 192.344163    34.7254      41586         16  0.000e+00
   1001.328     1.4329   3.051268     1.4333   3.051555    4.80599    -0.1072    13.8155 0.0000e+00  -61.12483  -58.09367 1152605734 192.344164    34.7249      41587         16  0.000e+00
   1001.251     1.4323   3.051251     1.4335   3.051579    4.80601    -0.0857    13.8155 0.0000e+00  -61.12483  -58.09367 1152605734 192.344164    34.7254      41588         16  0.000e+00
   1001.280     1.4328   3.051278     1.4333   3.051597    4.80597    -0.0964    13.8155 0.0000e+00  -61.12483  -58.09367 1152605734 192.344165    34.7253      41589         16  0.000e+00
   1001.251     1.4328   3.051258     1.4338   3.051591    4.80596    -0.0749    13.8155 0.0000e+00  -61.12483  -58.09367 1152605734 192.344165    34.7250      41590         16  0.000e+00
   1001.251     1.4328   3.051258     1.4333   3.051555    4.80596    -0.0749    13.8155 0.0000e+00  -61.12483  -58.09367 1152605734 192.344166    34.7250      41591         16  0.000e+00
   1001.183     1.4334   3.051268     1.4334   3.051567    4.80585    -0.0857    13.8155 0.0000e+00  -61.12483  -58.09367 1152605734 192.344166    34.7245      41592         16  0.000e+00
   1001.251     1.4329   3.051251     1.4330   3.051603    4.80595    -0.0964    13.8155 0.0000e+00  -61.12483  -58.09367 1152605734 192.344167    34.7248      41593         16  0.000e+00
   1001.251     1.4326   3.051240     1.4334   3.051561    4.80095    -0.1180    13.8155 0.0000e+00  -61.12483  -58.09367 1152605734 192.344167    34.7250      41594         16  0.000e+00
   1001.202     1.4328   3.051261     1.4336   3.051531    4.80592    -0.1072    13.8155 0.0000e+00  -61.12483  -58.09367 1152605734 192.344168    34.7251      41595         16  0.000e+00
   1001.183     1.4326   3.051264     1.4339   3.051567    4.80593    -0.0534    13.8155 0.0000e+00  -61.12483  -58.09367 1152605735 192.344168    34.7253      41596         16  0.000e+00
   1001.183     1.4326   3.051251     1.4331   3.051561    4.80593    -0.0749    13.8155 0.0000e+00  -61.12483  -58.09367 1152605735 192.344169    34.7251      41597         16  0.000e+00
   1001.183     1.4325   3.051264     1.4336   3.051549    4.80594    -0.0749    13.8155 0.0000e+00  -61.12483  -58.09367 1152605735 192.344169    34.7255      41598         16  0.000e+00
   1001.251     1.4329   3.051265     1.4335   3.051579    4.80594    -0.0749    13.8155 0.0000e+00  -61.12483  -58.09367 1152605735 192.344170    34.7249      41599         16  0.000e+00
   1001.135     1.4326   3.051285     1.4333   3.051555    4.80589    -0.0749    13.8155 0.0000e+00  -61.12483  -58.09367 1152605735 192.344170    34.7257      41600         16  0.000e+00
   1001.329     1.4325   3.051275     1.4333   3.051573    4.80100    -0.0964    13.8155 0.0000e+00  -61.12483  -58.09367 1152605741 192.344240    34.7255      41746         17  0.000e+00
   1001.251     1.4326   3.051251     1.4331   3.051543    4.80094    -0.0534    13.8155 0.0000e+00  -61.12483  -58.09367 1152605741 192.344241    34.7251      41747         17  0.000e+00
   1001.184     1.4329   3.051223     1.4331   3.051567    4.80088    -0.0749    13.8155 0.0000e+00  -61.12483  -58.09367 1152605741 192.344241    34.7245      41748         17  0.000e+00
   1001.329     1.4328   3.051275     1.4333   3.051585    4.80097    -0.0964    13.8155 0.0000e+00  -61.12483  -58.09367 1152605741 192.344242    34.7252      41749         17  0.000e+00
   1001.203     1.4323   3.051258     1.4328   3.051579    4.79590    -0.1072    13.8155 0.0000e+00  -61.12483  -58.09367 1152605741 192.344242    34.7256      41750         17  0.000e+00
   1001.329     1.4325   3.051258     1.4331   3.051561    4.80101    -0.0749    13.8155 0.0000e+00  -61.12483  -58.09367 1152605741 192.344243    34.7253      41751         17  0.000e+00
   1001.251     1.4323   3.051285     1.4334   3.051549    4.79593    -0.0749    13.8155 0.0000e+00  -61.12483  -58.09367 1152605741 192.344243    34.7259      41752         17  0.000e+00
   1001.329     1.4326   3.051289     1.4331   3.051531    4.80098    -0.0964    13.8155 0.0000e+00  -61.12483  -58.09367 1152605741 192.344244    34.7255      41753         17  0.000e+00
   1001.251     1.4328   3.051275     1.4333   3.051543    4.80092    -0.1287    13.8155 0.0000e+00  -61.12483  -58.09367 1152605741 192.344244    34.7252      41754         17  0.000e+00
   1001.329     1.4331   3.051306     1.4336   3.051585    4.80093    -0.1287    13.8155 0.0000e+00  -61.12483  -58.09367 1152605741 192.344245    34.7252      41755         17  0.000e+00
   1001.280     1.4326   3.051313     1.4335   3.051591    4.80094    -0.1502    13.8155 0.0000e+00  -61.12483  -58.09367 1152605741 192.344245    34.7259      41756         17  0.000e+00
   1001.251     1.4329   3.051299     1.4336   3.051555    4.80089    -0.1072    13.8155 0.0000e+00  -61.12483  -58.09367 1152605741 192.344246    34.7254      41757         17  0.000e+00
   1001.329     1.4328   3.051289     1.4333   3.051579    4.80096    -0.0857    13.8155 0.0000e+00  -61.12483  -58.09367 1152605741 192.344246    34.7254      41758         17  0.000e+00
   1001.251     1.4329   3.051292     1.4335   3.051579    4.80090    -0.0749    13.8155 0.0000e+00  -61.12483  -58.09367 1152605741 192.344247    34.7253      41759         17  0.000e+00
   1001.251     1.4328   3.051333     1.4333   3.051603    4.80089    -0.0749    13.8155 0.0000e+00  -61.12483  -58.09367 1152605741 192.344247    34.7260      41760         17  0.000e+00
   1001.348     1.4329   3.051285     1.4333   3.051603    4.80096    -0.1287    13.8155 0.0000e+00  -61.12483  -58.09367 1152605741 192.344248    34.7252      41761         17  0.000e+00
   1001.251     1.4326   3.051285     1.4330   3.051591    4.80093    -0.1395    13.8155 0.0000e+00  -61.12483  -58.09367 1152605741 192.344248    34.7255      41762         17  0.000e+00
   1001.329     1.4333   3.051289     1.4333   3.051555    4.80092    -0.1072    13.8155 0.0000e+00  -61.12483  -58.09367 1152605741 192.344249    34.7248      41763         17  0.000e+00
   1001.329     1.4329   3.051292     1.4333   3.051579    4.80095    -0.0857    13.8155 0.0000e+00  -61.12483  -58.09367 1152605742 192.344249    34.7253      41764         17  0.000e+00
   1001.329     1.4331   3.051275     1.4338   3.051579    4.80094    -0.0642    13.8155 0.0000e+00  -61.12483  -58.09367 1152605742 192.344250    34.7249      41765         17  0.000e+00
   1001.251     1.4326   3.051265     1.4330   3.051561    4.80094    -0.0319    13.8155 0.0000e+00  -61.12483  -58.09367 1152605742 192.344250    34.7253      41766         17  0.000e+00
   1001.348     1.4331   3.051268     1.4335   3.051573    4.80096    -0.0319    13.8155 0.0000e+00  -61.12483  -58.09367 1152605742 192.344251    34.7248      41767         17  0.000e+00
   1001.329     1.4328   3.051302     1.4335   3.051579    4.80096    -0.0319    13.8155 0.0000e+00  -61.12483  -58.09367 1152605742 192.344251    34.7255      41768         17  0.000e+00
   1001.329     1.4325   3.051299     1.4333   3.051585    4.80099    -0.0534    13.8155 0.0000e+00  -61.12483  -58.09367 1152605742 192.344252    34.7258      41769         17  0.000e+00
   1001.329     1.4328   3.051295     1.4335   3.051597    4.80096    -0.1287    13.8155 0.0000e+00  -61.12483  -58.09367 1152605742 192.344252    34.7254      41770         17  0.000e+00
   1001.397     1.4325   3.051271     1.4333   3.051591    4.80105    -0.1180    13.8155 0.0000e+00  -61.12483  -58.09367 1152605742 192.344253    34.7254      41771         17  0.000e+00
   1001.329     1.4329   3.051285     1.4331   3.051579    4.80095    -0.0642    13.8155 0.0000e+00  -61.12483  -58.09367 1152605742 192.344253    34.7252      41772         17  0.000e+00
   1001.348     1.4331   3.051326     1.4336   3.051585    4.80093    -0.0319    13.8155 0.0000e+00  -61.12483  -58.09367 1152605742 192.344253    34.7255      41773         17  0.000e+00
   1001.397     1.4329   3.051285     1.4330   3.051579    4.80100    -0.0964    13.8155 0.0000e+00  -61.12483  -58.09367 1152605742 192.344254    34.7251      41774         17  0.000e+00
   1001.329     1.4329   3.051289     1.4335   3.051603    4.80095    -0.1072    13.8155 0.0000e+00  -61.12483  -58.09367 1152605742 192.344254    34.7252      41775         17  0.000e+00
   1001.397     1.4334   3.051306     1.4333   3.051603    4.80094    -0.0534    13.8155 0.0000e+00  -61.12483  -58.09367 1152605742 192.344255    34.7249      41776         17  0.000e+00
   1001.397     1.4329   3.051316     1.4331   3.051567    4.80098    -0.0749    13.8155 0.0000e+00  -61.12483  -58.09367 1152605742 192.344255    34.7255      41777         17  0.000e+00
   1001.426     1.4333   3.051295     1.4333   3.051573    4.80098    -0.1180    13.8155 0.0000e+00  -61.12483  -58.09367 1152605742 192.344256    34.7249      41778         17  0.000e+00
   1001.397     1.4333   3.051292     1.4336   3.051561    4.80096    -0.0749    13.8155 0.0000e+00  -61.12483  -58.09367 1152605742 192.344256    34.7248      41779         17  0.000e+00
   1001.397     1.4331   3.051275     1.4334   3.051591    4.80098    -0.0534    13.8155 0.0000e+00  -61.12483  -58.09367 1152605742 192.344257    34.7248      41780         17  0.000e+00
   1001.474     1.4329   3.051282     1.4338   3.051603    4.80105    -0.0534    13.8155 0.0000e+00  -61.12483  -58.09367 1152605742 192.344257    34.7250      41781         17  0.000e+00
   1001.397     1.4329   3.051292     1.4335   3.051591    4.80099    -0.0749    13.8155 0.0000e+00  -61.12483  -58.09367 1152605742 192.344258    34.7252      41782         17  0.000e+00
   1001.474     1.4325   3.051289     1.4331   3.051597    4.80109    -0.0749    13.8155 0.0000e+00  -61.12483  -58.09367 1152605742 192.344258    34.7256      41783         17  0.000e+00
   1001.426     1.4327   3.051292     1.4338   3.051609    4.80103    -0.0534    13.8155 0.0000e+00  -61.12483  -58.09367 1152605742 192.344259    34.7254      41784         17  0.000e+00
   1001.474     1.4329   3.051295     1.4333   3.051585    4.80104    -0.0642    13.8155 0.0000e+00  -61.12483  -58.09367 1152605742 192.344259    34.7252      41785         17  0.000e+00
   1001.474     1.4328   3.051306     1.4335   3.051603    4.80105    -0.0642    13.8155 0.0000e+00  -61.12483  -58.09367 1152605742 192.344260    34.7255      41786         17  0.000e+00
   1001.542     1.4329   3.051299     1.4336   3.051603    4.80109    -0.0964    13.8155 0.0000e+00  -61.12483  -58.09367 1152605742 192.344260    34.7252      41787         17  0.000e+00
   1001.474     1.4328   3.051289     1.4334   3.051609    4.80106    -0.1180    13.8155 0.0000e+00  -61.12483  -58.09367 1152605743 192.344261    34.7253      41788         17  0.000e+00
   1001.493     1.4329   3.051275     1.4336   3.051603    4.80106    -0.0964    13.8155 0.0000e+00  -61.12483  -58.09367 1152605743 192.344261    34.7249      41789         17  0.000e+00
   1001.542     1.4329   3.051289     1.4335   3.051609    4.80109    -0.0749    13.8155 0.0000e+00  -61.12483  -58.09367 1152605743 192.344262    34.7251      41790         17  0.000e+00
   1001.542     1.4326   3.051306     1.4336   3.051585    4.80111    -0.0642    13.8155 0.0000e+00  -61.12483  -58.09367 1152605743 192.344262    34.7256      41791         17  0.000e+00
   1001.542     1.4329   3.051282     1.4333   3.051603    4.80109    -0.0964    13.8155 0.0000e+00  -61.12483  -58.09367 1152605743 192.344263    34.7250      41792         17  0.000e+00
   1001.542     1.4328   3.051282     1.4333   3.051603    4.80111    -0.0749    13.8155 0.0000e+00  -61.12483  -58.09367 1152605743 192.344263    34.7252      41793         17  0.000e+00
   1001.561     1.4326   3.051309     1.4334   3.051603    4.80113    -0.0749    13.8155 0.0000e+00  -61.12483  -58.09367 1152605743 192.344264    34.7257      41794         17  0.000e+00
   1001.543     1.4331   3.051292     1.4336   3.051633    4.80107    -0.0964    13.8155 0.0000e+00  -61.12483  -58.09367 1152605749 192.344332    34.7250      41935         18  0.000e+00
   1001.398     1.4334   3.051306     1.4339   3.051615    4.80094    -0.0964    13.8155 0.0000e+00  -61.12483  -58.09367 1152605749 192.344332    34.7249      41936         18  0.000e+00
   1001.398     1.4329   3.051282     1.4333   3.051627    4.80100    -0.1072    13.8155 0.0000e+00  -61.12483  -58.09367 1152605749 192.344333    34.7251      41937         18  0.000e+00
   1001.398     1.4334   3.051289     1.4338   3.051615    4.80095    -0.0964    13.8155 0.0000e+00  -61.12483  -58.09367 1152605749 192.344333    34.7247      41938         18  0.000e+00
   1001.350     1.4333   3.051271     1.4339   3.051585    4.80094    -0.0964    13.8155 0.0000e+00  -61.12483  -58.09367 1152605749 192.344334    34.7246      41939         18  0.000e+00
   1001.185     1.4328   3.051268     1.4338   3.051603    4.80088    -0.0964    13.8155 0.0000e+00  -61.12483  -58.09367 1152605749 192.344334    34.7252      41940         18  0.000e+00
   1001.475     1.4333   3.051302     1.4336   3.051603    4.80101    -0.1180    13.8155 0.0000e+00  -61.12483  -58.09367 1152605749 192.344334    34.7249      41941         18  0.000e+00
   1001.185     1.4329   3.051299     1.4336   3.051609    4.80085    -0.1180    13.8155 0.0000e+00  -61.12483  -58.09367 1152605749 192.344335    34.7254      41942         18  0.000e+00
   1001.253     1.4329   3.051275     1.4340   3.051585    4.80090    -0.0964    13.8155 0.0000e+00  -61.12483  -58.09367 1152605749 192.344335    34.7251      41943         18  0.000e+00
   1001.253     1.4333   3.051282     1.4336   3.051585    4.80087    -0.0426    13.8155 0.0000e+00  -61.12483  -58.09367 1152605749 192.344336    34.7248      41944         18  0.000e+00
   1001.137     1.4334   3.051292     1.4335   3.051597    4.80077    -0.0426    13.8155 0.0000e+00  -61.12483  -58.09367 1152605749 192.344336    34.7248      41945         18  0.000e+00
   1001.185     1.4333   3.051289     1.4339   3.051585    4.80082    -0.0749    13.8155 0.0000e+00  -61.12483  -58.09367 1152605749 192.344337    34.7249      41946         18  0.000e+00
   1001.185     1.4329   3.051275     1.4336   3.051603    4.80086    -0.0534    13.8155 0.0000e+00  -61.12483  -58.09367 1152605749 192.344337    34.7251      41947         18  0.000e+00
   1001.040     1.4334   3.051271     1.4339   3.051603    4.80072    -0.0426    13.8155 0.0000e+00  -61.12483  -58.09367 1152605749 192.344338    34.7247      41948         18  0.000e+00
   1001.118     1.4329   3.051264     1.4338   3.051567    4.80082    -0.1395    13.8155 0.0000e+00  -61.12483  -58.09367 1152605749 192.344338    34.7250      41949         18  0.000e+00
   1000.992     1.4334   3.051268     1.4336   3.051591    4.80069    -0.1180    13.8155 0.0000e+00  -61.12483  -58.09367 1152605749 192.344339    34.7246      41950         18  0.000e+00
   1001.040     1.4328   3.051251     1.4338   3.051567    4.80079    -0.0426    13.8155 0.0000e+00  -61.12483  -58.09367 1152605749 192.344339    34.7250      41951         18  0.000e+00
   1000.973     1.4333   3.051240     1.4338   3.051591    4.80070    -0.0749    13.8155 0.0000e+00  -61.12483  -58.09367 1152605749 192.344340    34.7244      41952         18  0.000e+00
