product_data/regression_test/downloaded_data/MDGS/320620060703/ctd/p6609305.ros
* Sea-Bird SBE 9 Data File:
* FileName = D:\Data\Raw\P6609305.dat
* Software Version Seasave Win32 V 5.32
* Temperature SN = 1649
* Conductivity SN = 1431
* Number of Bytes Per Scan = 37
* Number of Voltage Words = 5
* Number of Scans Averaged by the Deck Unit = 1
* NMEA Latitude = 61 07.50 S
* NMEA Longitude = 058 05.51 W
* NMEA UTC (Time) = 03:13:55
** Ship:   Nathaniel B. Palmer nbp
** Cruise:    NBP0603 nbp0606
** Cast #: 05
** Station:   93
** Operator: db
# nquan = 17
# nvalues = 1176                    
# units = specified
# name 0 = prDM: Pressure, Digiquartz [db]
# name 1 = t090C: Temperature [ITS-90, deg C]
# name 2 = c0S/m: Conductivity [S/m]
# name 3 = t190C: Temperature, 2 [ITS-90, deg C]
# name 4 = c1S/m: Conductivity, 2 [S/m]
# name 5 = sbeox0ML/L: Oxygen, SBE 43 [ml/l]
# name 6 = flECO-AFL: Fluorescence, Wetlab ECO-AFL/FL [mg/m^3]
# name 7 = bat: Beam Attenuation, Chelsea/Seatech/Wetlab CStar [1/m]
# name 8 = spar: SPAR/Surface Irradiance
# name 9 = latitude: Latitude [deg]
# name 10 = longitude: Longitude [deg]
# name 11 = timeY: Time, System [seconds]
# name 12 = timeJ: Julian Days
# name 13 = sal00: Salinity [PSU]
# name 14 = scan: scan number
# name 15 = nbf: number of bottles fired
# name 16 = flag:  0.000e+00
# interval = seconds: 0.0416667                   
# start_time = Jul 11 2006 03:14:03
*END*
[from data line 511]
    302.349     1.9376   3.058560     1.9386   3.058837    4.34554    -0.0426    13.8155 0.0000e+00  -61.12500  -58.09183 1152588244 192.141734    34.6541      14468         11  0.000e+00
    302.301     1.9370   3.058522     1.9375   3.058801    4.34105    -0.0104    13.8155 0.0000e+00  -61.12500  -58.09183 1152588244 192.141734    34.6543      14469         11  0.000e+00
    302.416     1.9364   3.058457     1.9377   3.058801    4.34120    -0.0534    13.8155 0.0000e+00  -61.12500  -58.09183 1152588244 192.141735    34.6541      14470         11  0.000e+00
    302.416     1.9361   3.058443     1.9378   3.058758    4.34123    -0.0642    13.8155 0.0000e+00  -61.12500  -58.09183 1152588244 192.141735    34.6543      14471         11  0.000e+00
    302.368     1.9361   3.058495     1.9381   3.058825    4.34118    -0.0534    13.8155 0.0000e+00  -61.12500  -58.09183 1152588244 192.141736    34.6550      14472         11  0.000e+00
    302.416     1.9365   3.058512     1.9386   3.058879    4.34116    -0.0534    13.8155 0.0000e+00  -61.12500  -58.09183 1152588244 192.141736    34.6546      14473         11  0.000e+00
    302.483     1.9367   3.058529     1.9394   3.058951    4.34118    -0.0857    13.8155 0.0000e+00  -61.12500  -58.09183 1152588244 192.141737    34.6546      14474         11  0.000e+00
    302.445     1.9373   3.058539     1.9398   3.058993    4.34110    -0.0534    13.8155 0.0000e+00  -61.12500  -58.09183 1152588245 192.141737    34.6541      14475         11  0.000e+00
    302.483     1.9371   3.058536     1.9400   3.059017    4.34567    -0.0426    13.8155 0.0000e+00  -61.12500  -58.09183 1152588245 192.141738    34.6543      14476         11  0.000e+00
    302.483     1.9373   3.058515     1.9397   3.059029    4.34113    -0.0857    13.8155 0.0000e+00  -61.12500  -58.09183 1152588245 192.141738    34.6538      14477         11  0.000e+00
    302.445     1.9370   3.058567     1.9397   3.059005    4.34565    -0.0964    13.8155 0.0000e+00  -61.12500  -58.09183 1152588245 192.141739    34.6548      14478         11  0.000e+00
    302.560     1.9375   3.058588     1.9394   3.058957    4.34567    -0.0964    13.8155 0.0000e+00  -61.12500  -58.09183 1152588245 192.141739    34.6545      14479         11  0.000e+00
    302.483     1.9372   3.058605     1.9399   3.058987    4.34111    -0.0749    13.8155 0.0000e+00  -61.12500  -58.09183 1152588245 192.141739    34.6551      14480         11  0.000e+00
    302.512     1.9372   3.058612     1.9398   3.059017    4.34113    -0.0642    13.8155 0.0000e+00  -61.12500  -58.09183 1152588245 192.141740    34.6552      14481         11  0.000e+00
    302.560     1.9375   3.058591     1.9397   3.059005    4.34114    -0.0211    13.8155 0.0000e+00  -61.12500  -58.09183 1152588245 192.141740    34.6545      14482         11  0.000e+00
    302.560     1.9367   3.058588     1.9403   3.059089    4.34574    -0.0426    13.8155 0.0000e+00  -61.12500  -58.09183 1152588245 192.141741    34.6553      14483         11  0.000e+00
    302.512     1.9365   3.058567     1.9411   3.059107    4.34573    -0.0642    13.8155 0.0000e+00  -61.12500  -58.09183 1152588245 192.141741    34.6553      14484         11  0.000e+00
    302.560     1.9364   3.058560     1.9413   3.059131    4.34125     0.0004    13.8155 0.0000e+00  -61.12500  -58.09183 1152588245 192.141742    34.6553      14485         11  0.000e+00
    302.560     1.9362   3.058560     1.9416   3.059143    4.34126    -0.0211    13.8155 0.0000e+00  -61.12500  -58.09183 1152588245 192.141742    34.6555      14486         11  0.000e+00
    302.588     1.9364   3.058564     1.9417   3.059179    4.34126    -0.0534    13.8155 0.0000e+00  -61.12500  -58.09183 1152588245 192.141743    34.6554      14487         11  0.000e+00
    302.560     1.9365   3.058560     1.9420   3.059215    4.34123    -0.0534    13.8155 0.0000e+00  -61.12500  -58.09183 1152588245 192.141743    34.6552      14488         11  0.000e+00
    302.627     1.9372   3.058539     1.9420   3.059227    4.34122    -0.0534    13.8155 0.0000e+00  -61.12500  -58.09183 1152588245 192.141744    34.6542      14489         11  0.000e+00
    302.588     1.9373   3.058574     1.9419   3.059221    4.34570    -0.0426    13.8155 0.0000e+00  -61.12500  -58.09183 1152588245 192.141744    34.6545      14490         11  0.000e+00
    302.560     1.9375   3.058588     1.9419   3.059221    4.34114    -0.0104    13.8155 0.0000e+00  -61.12500  -58.09183 1152588245 192.141745    34.6545      14491         11  0.000e+00
    302.588     1.9376   3.058567     1.9413   3.059161    4.34115    -0.0534    13.8155 0.0000e+00  -61.12500  -58.09183 1152588245 192.141745    34.6540      14492         11  0.000e+00
    302.627     1.9378   3.058615     1.9411   3.059179    4.34114    -0.0642    13.8155 0.0000e+00  -61.12500  -58.09183 1152588245 192.141746    34.6544      14493         11  0.000e+00
    302.560     1.9380   3.058598     1.9408   3.059137    4.34109    -0.0426    13.8155 0.0000e+00  -61.12500  -58.09183 1152588245 192.141746    34.6541      14494         11  0.000e+00
    302.588     1.9376   3.058588     1.9406   3.059137    4.34114    -0.0642    13.8155 0.0000e+00  -61.12500  -58.09183 1152588245 192.141747    34.6543      14495         11  0.000e+00
    300.252     1.9399   3.058642     1.9405   3.058890    4.34857    -0.0426    13.8155 0.0000e+00  -61.12500  -58.09183 1152588252 192.141822    34.6539      14652         12  0.000e+00
    300.300     1.9400   3.058669     1.9408   3.058908    4.34405    -0.0426    13.8155 0.0000e+00  -61.12500  -58.09183 1152588252 192.141823    34.6540      14653         12  0.000e+00
    300.223     1.9400   3.058700     1.9409   3.058932    4.34399    -0.0964    13.8155 0.0000e+00  -61.12500  -58.09183 1152588252 192.141823    34.6545      14654         12  0.000e+00
    300.300     1.9402   3.058676     1.9406   3.058938    4.34856    -0.0749    13.8155 0.0000e+00  -61.12500  -58.09183 1152588252 192.141824    34.6539      14655         12  0.000e+00
    300.252     1.9399   3.058697     1.9406   3.058926    4.34855    -0.0857    13.8155 0.0000e+00  -61.12500  -58.09183 1152588252 192.141824    34.6546      14656         12  0.000e+00
    300.223     1.9403   3.058687     1.9410   3.058932    4.34397    -0.0749    13.8155 0.0000e+00  -61.12500  -58.09183 1152588252 192.141825    34.6540      14657         12  0.000e+00
    300.367     1.9400   3.058663     1.9409   3.058938    4.34409    -0.0857    13.8155 0.0000e+00  -61.12500  -58.09183 1152588252 192.141825    34.6539      14658         12  0.000e+00
    300.328     1.9400   3.058680     1.9413   3.058944    4.34406    -0.0534    13.8155 0.0000e+00  -61.12500  -58.09183 1152588252 192.141826    34.6541      14659         12  0.000e+00
    300.300     1.9395   3.058683     1.9411   3.058962    4.34408    -0.0426    13.8155 0.0000e+00  -61.12500  -58.09183 1152588252 192.141826    34.6547      14660         12  0.000e+00
    300.300     1.9402   3.058700     1.9413   3.058950    4.34402    -0.0211    13.8155 0.0000e+00  -61.12500  -58.09183 1152588252 192.141827    34.6542      14661         12  0.000e+00
    300.395     1.9403   3.058687     1.9416   3.058944    4.34407    -0.0534    13.8155 0.0000e+00  -61.12500  -58.09183 1152588252 192.141827    34.6539      14662         12  0.000e+00
    300.367     1.9402   3.058649     1.9414   3.058938    4.34408    -0.0642    13.8155 0.0000e+00  -61.12500  -58.09183 1152588252 192.141828    34.6536      14663         12  0.000e+00
    300.367     1.9400   3.058635     1.9409   3.058962    4.34410    -0.0211    13.8155 0.0000e+00  -61.12500  -58.09183 1152588252 192.141828    34.6536      14664         12  0.000e+00
    300.367     1.9397   3.058652     1.9408   3.058950    4.34412    -0.0211    13.8155 0.0000e+00  -61.12500  -58.09183 1152588252 192.141829    34.6541      14665         12  0.000e+00
    300.395     1.9400   3.058659     1.9414   3.058938    4.34411    -0.0642    13.8155 0.0000e+00  -61.12500  -58.09183 1152588252 192.141829    34.6538      14666         12  0.000e+00
    300.367     1.9403   3.058642     1.9406   3.058902    4.34407    -0.0964    13.8155 0.0000e+00  -61.12500  -58.09183 1152588253 192.141830    34.6533      14667         12  0.000e+00
    300.443     1.9393   3.058618     1.9414   3.058926    4.34422    -0.0211    13.8155 0.0000e+00  -61.12500  -58.09183 1152588253 192.141830    34.6541      14668         12  0.000e+00
    300.462     1.9392   3.058628     1.9405   3.058896    4.34423     0.0004    13.8155 0.0000e+00  -61.12500  -58.09183 1152588253 192.141831    34.6543      14669         12  0.000e+00
    300.443     1.9391   3.058614     1.9403   3.058866    4.34424    -0.0534    13.8155 0.0000e+00  -61.12500  -58.09183 1152588253 192.141831    34.6543      14670         12  0.000e+00
    300.443     1.9399   3.058632     1.9406   3.058878    4.34416    -0.0642    13.8155 0.0000e+00  -61.12500  -58.09183 1152588253 192.141832    34.6537      14671         12  0.000e+00
    300.539     1.9392   3.058635     1.9411   3.058902    4.34428    -0.0426    13.8155 0.0000e+00  -61.12500  -58.09183 1152588253 192.141832    34.6543      14672         12  0.000e+00
    300.510     1.9397   3.058652     1.9406   3.058914    4.34421    -0.0534    13.8155 0.0000e+00  -61.12500  -58.09183 1152588253 192.141833    34.6541      14673         12  0.000e+00
    300.510     1.9394   3.058659     1.9408   3.058920    4.34424    -0.1072    13.8155 0.0000e+00  -61.12500  -58.09183 1152588253 192.141833    34.6545      14674         12  0.000e+00
    300.510     1.9391   3.058659     1.9408   3.058932    4.34426    -0.1072    13.8155 0.0000e+00  -61.12500  -58.09183 1152588253 192.141834    34.6548      14675         12  0.000e+00
    300.606     1.9397   3.058680     1.9408   3.058938    4.34426    -0.0426    13.8155 0.0000e+00  -61.12500  -58.09183 1152588253 192.141834    34.6544      14676         12  0.000e+00
    300.577     1.9399   3.058666     1.9414   3.058962    4.34423    -0.0319    13.8155 0.0000e+00  -61.12500  -58.09183 1152588253 192.141834    34.6540      14677         12  0.000e+00
    300.577     1.9402   3.058711     1.9411   3.058944    4.34419    -0.0749    13.8155 0.0000e+00  -61.12500  -58.09183 1152588253 192.141835    34.6542      14678         12  0.000e+00
    300.606     1.9395   3.058731     1.9414   3.058962    4.34425    -0.1180    13.8155 0.0000e+00  -61.12500  -58.09183 1152588253 192.141835    34.6551      14679         12  0.000e+00
    300.654     1.9400   3.058701     1.9413   3.059010    4.34425    -0.1072    13.8155 0.0000e+00  -61.12500  -58.09183 1152588253 192.141836    34.6542      14680         12  0.000e+00
    300.654     1.9400   3.058701     1.9413   3.059022    4.33972    -0.1072    13.8155 0.0000e+00  -61.12500  -58.09183 1152588253 192.141836    34.6542      14681         12  0.000e+00
    300.606     1.9400   3.058707     1.9414   3.059004    4.33969    -0.1180    13.8155 0.0000e+00  -61.12500  -58.09183 1152588253 192.141837    34.6543      14682         12  0.000e+00
    300.721     1.9400   3.058687     1.9417   3.059004    4.33977    -0.0749    13.8155 0.0000e+00  -61.12500  -58.09183 1152588253 192.141837    34.6540      14683         12  0.000e+00
    300.721     1.9400   3.058725     1.9414   3.059040    4.34428     0.0004    13.8155 0.0000e+00  -61.12500  -58.09183 1152588253 192.141838    34.6545      14684         12  0.000e+00
    300.683     1.9397   3.058714     1.9416   3.058992    4.34429     0.0004    13.8155 0.0000e+00  -61.12500  -58.09183 1152588253 192.141838    34.6547      14685         12  0.000e+00
    300.788     1.9400   3.058707     1.9414   3.058992    4.34433    -0.0426    13.8155 0.0000e+00  -61.12500  -58.09183 1152588253 192.141839    34.6542      14686         12  0.000e+00
    300.721     1.9395   3.058687     1.9414   3.058998    4.34434    -0.0426    13.8155 0.0000e+00  -61.12500  -58.09183 1152588253 192.141839    34.6545      14687         12  0.000e+00
    300.817     1.9397   3.058687     1.9413   3.058998    4.34438    -0.0642    13.8155 0.0000e+00  -61.12500  -58.09183 1152588253 192.141840    34.6543      14688         12  0.000e+00
    300.788     1.9395   3.058701     1.9409   3.058980    4.34437    -0.0642    13.8155 0.0000e+00  -61.12500  -58.09183 1152588253 192.141840    34.6547      14689         12  0.000e+00
    300.864     1.9403   3.058725     1.9411   3.058992    4.33981    -0.0534    13.8155 0.0000e+00  -61.12500  -58.09183 1152588253 192.141841    34.6541      14690         12  0.000e+00
    300.864     1.9399   3.058732     1.9414   3.058998    4.33985    -0.0426    13.8155 0.0000e+00  -61.12500  -58.09183 1152588254 192.141841    34.6547      14691         12  0.000e+00
    300.893     1.9402   3.058718     1.9408   3.058980    4.33985    -0.0534    13.8155 0.0000e+00  -61.12500  -58.09183 1152588254 192.141842    34.6541      14692         12  0.000e+00
    300.864     1.9398   3.058725     1.9409   3.058992    4.33986    -0.0534    13.8155 0.0000e+00  -61.12500  -58.09183 1152588254 192.141842    34.6547      14693         12  0.000e+00
    300.931     1.9397   3.058732     1.9410   3.058998    4.33991    -0.0319    13.8155 0.0000e+00  -61.12500  -58.09183 1152588254 192.141843    34.6548      14694         12  0.000e+00
    300.960     1.9400   3.058732     1.9414   3.059004    4.34442    -0.0319    13.8155 0.0000e+00  -61.12500  -58.09183 1152588254 192.141843    34.6544      14695         12  0.000e+00
    300.931     1.9402   3.058752     1.9414   3.058998    4.34438    -0.0426    13.8155 0.0000e+00  -61.12500  -58.09183 1152588254 192.141844    34.6545      14696         12  0.000e+00
    301.008     1.9397   3.058701     1.9408   3.058998    4.34449    -0.0749    13.8155 0.0000e+00  -61.12500  -58.09183 1152588254 192.141844    34.6544      14697         12  0.000e+00
    300.960     1.9399   3.058701     1.9414   3.059004    4.33992    -0.0749    13.8155 0.0000e+00  -61.12500  -58.09183 1152588254 192.141845    34.6542      14698         12  0.000e+00
    301.075     1.9403   3.058725     1.9414   3.059041    4.33994    -0.0749    13.8155 0.0000e+00  -61.12500  -58.09183 1152588254 192.141845    34.6540      14699         12  0.000e+00
    301.075     1.9403   3.058718     1.9417   3.058992    4.33994    -0.0426    13.8155 0.0000e+00  -61.12500  -58.09183 1152588254 192.141846    34.6539      14700         12  0.000e+00
    301.218     1.9395   3.058670     1.9405   3.058920    4.34012    -0.0857    13.8155 0.0000e+00  -61.12500  -58.09183 1152588262 192.141934    34.6540      14884         13  0.000e+00
    301.141     1.9395   3.058677     1.9401   3.058908    4.34007    -0.1072    13.8155 0.0000e+00  -61.12500  -58.09183 1152588262 192.141935    34.6542      14885         13  0.000e+00
    301.237     1.9397   3.058687     1.9402   3.058914    4.33558    -0.0749    13.8155 0.0000e+00  -61.12500  -58.09183 1152588262 192.141935    34.6541      14886         13  0.000e+00
    301.074     1.9395   3.058683     1.9406   3.058920    4.34002    -0.0426    13.8155 0.0000e+00  -61.12500  -58.09183 1152588262 192.141936    34.6543      14887         13  0.000e+00
    301.141     1.9400   3.058701     1.9405   3.058932    4.34002    -0.0534    13.8155 0.0000e+00  -61.12500  -58.09183 1152588262 192.141936    34.6539      14888         13  0.000e+00
    301.237     1.9399   3.058670     1.9408   3.058920    4.34010    -0.0426    13.8155 0.0000e+00  -61.12500  -58.09183 1152588262 192.141937    34.6537      14889         13  0.000e+00
    301.007     1.9397   3.058642     1.9408   3.058938    4.33999    -0.0211    13.8155 0.0000e+00  -61.12500  -58.09183 1152588262 192.141937    34.6536      14890         13  0.000e+00
