product_data/regression_test/downloaded_data/MDGS/320620060703/ctd/p6609303.cnv
* Sea-Bird SBE 9 Data File:
* FileName = D:\Data\Raw\P6609303.dat
* Software Version Seasave Win32 V 5.32
* Temperature SN = 1649
* Conductivity SN = 1431
* Number of Bytes Per Scan = 37
* Number of Voltage Words = 5
* Number of Scans Averaged by the Deck Unit = 1
* NMEA Latitude = 61 07.51 S
* NMEA Longitude = 058 05.60 W
* NMEA UTC (Time) = 00:05:51
** Ship:   Nathaniel B. Palmer nbp
** Cruise:    NBP0603 nbp0606
** Cast #: 01
** Station:   93
** Operator: yz
# nquan = 15
# nvalues = 1101                        
# units = specified
# name 0 = prDM: Pressure, Digiquartz [db]
# name 1 = t090C: Temperature [ITS-90, deg C]
# name 2 = c0S/m: Conductivity [S/m]
# name 3 = t190C: Temperature, 2 [ITS-90, deg C]
# name 4 = c1S/m: Conductivity, 2 [S/m]
# name 5 = sbeox0ML/L: Oxygen, SBE 43 [ml/l]
# name 6 = flECO-AFL: Fluorescence, Wetlab ECO-AFL/FL [mg/m^3]
# name 7 = bat: Beam Attenuation, Chelsea/Seatech/Wetlab CStar [1/m]
# name 8 = spar: SPAR/Surface Irradiance
# name 9 = latitude: Latitude [deg]
# name 10 = longitude: Longitude [deg]
# name 11 = timeY: Time, System [seconds]
# name 12 = timeJ: Julian Days
# name 13 = sal00: Salinity [PSU]
# name 14 = flag: flag
# span 0 =      6.000,   1106.000       
# span 1 =    -0.7384,     1.9727       
# span 2 =   2.764533,   3.068780       
# span 3 =    -0.7373,     1.9738       
# span 4 =   2.765127,   3.068979       
# span 5 =    4.33983,    7.99856       
# span 6 =    -0.1181,     0.3050       
# span 7 =    13.8155,    13.8155       
# span 8 = 0.0000e+00, 0.0000e+00       
# span 9 =  -61.12517,  -61.12517       
# span 10 =  -58.09333,  -58.09333      
# span 11 = 1152576381, 1152577940      
# span 12 = 192.004432, 192.022477      
# span 13 =    33.9544,    34.7279      
# span 14 = 0.0000e+00, 0.0000e+00      
# interval = decibars: 1                
# start_time = Jul 11 2006 00:05:59
# bad_flag = -9.990e-29
*END*
[from data line 386]
    392.000     1.8804   3.059040     1.8815   3.059313    4.39921    -0.0837    13.8155 0.0000e+00  -61.12517  -58.09333 1152577013 192.011751    34.6720 0.0000e+00
    393.000     1.8805   3.059094     1.8815   3.059351    4.39747    -0.0756    13.8155 0.0000e+00  -61.12517  -58.09333 1152577014 192.011761    34.6720 0.0000e+00
    394.000     1.8814   3.059243     1.8824   3.059505    4.39600    -0.0766    13.8155 0.0000e+00  -61.12517  -58.09333 1152577015 192.011775    34.6723 0.0000e+00
    395.000     1.8816   3.059310     1.8825   3.059570    4.39837    -0.0733    13.8155 0.0000e+00  -61.12517  -58.09333 1152577019 192.011824    34.6723 0.0000e+00
    396.000     1.8846   3.059726     1.8860   3.060005    4.40189    -0.0863    13.8155 0.0000e+00  -61.12517  -58.09333 1152577021 192.011837    34.6738 0.0000e+00
    397.000     1.8913   3.060515     1.8919   3.060760    4.40197    -0.0634    13.8155 0.0000e+00  -61.12517  -58.09333 1152577021 192.011845    34.6756 0.0000e+00
    398.000     1.8936   3.060845     1.8944   3.061093    4.40190    -0.0813    13.8155 0.0000e+00  -61.12517  -58.09333 1152577022 192.011853    34.6764 0.0000e+00
    399.000     1.8941   3.060927     1.8948   3.061179    4.40265    -0.0779    13.8155 0.0000e+00  -61.12517  -58.09333 1152577023 192.011860    34.6764 0.0000e+00
    400.000     1.8922   3.060778     1.8927   3.061037    4.40124    -0.0746    13.8155 0.0000e+00  -61.12517  -58.09333 1152577023 192.011867    34.6761 0.0000e+00
    401.000     1.8902   3.060636     1.8908   3.060893    4.39981    -0.0623    13.8155 0.0000e+00  -61.12517  -58.09333 1152577024 192.011875    34.6760 0.0000e+00
    402.000     1.8807   3.059849     1.8813   3.060103    4.40073    -0.0832    13.8155 0.0000e+00  -61.12517  -58.09333 1152577025 192.011891    34.6761 0.0000e+00
    403.000     1.8757   3.059453     1.8764   3.059706    4.40370    -0.0766    13.8155 0.0000e+00  -61.12517  -58.09333 1152577027 192.011914    34.6762 0.0000e+00
    404.000     1.8741   3.059347     1.8748   3.059603    4.40489    -0.0834    13.8155 0.0000e+00  -61.12517  -58.09333 1152577029 192.011932    34.6762 0.0000e+00
    405.000     1.8760   3.059601     1.8769   3.059871    4.40804    -0.0849    13.8155 0.0000e+00  -61.12517  -58.09333 1152577031 192.011952    34.6766 0.0000e+00
    406.000     1.8874   3.060678     1.8899   3.061196    4.41053    -0.0722    13.8155 0.0000e+00  -61.12517  -58.09333 1152577033 192.011975    34.6784 0.0000e+00
    407.000     1.9102   3.063212     1.9125   3.063504    4.41227    -0.0586    13.8155 0.0000e+00  -61.12517  -58.09333 1152577034 192.011988    34.6826 0.0000e+00
    408.000     1.9152   3.063746     1.9160   3.063971    4.41299    -0.0797    13.8155 0.0000e+00  -61.12517  -58.09333 1152577035 192.011999    34.6829 0.0000e+00
    409.000     1.9146   3.063753     1.9153   3.063985    4.41374    -0.0821    13.8155 0.0000e+00  -61.12517  -58.09333 1152577035 192.012008    34.6832 0.0000e+00
    410.000     1.9143   3.063775     1.9151   3.064010    4.41272    -0.0800    13.8155 0.0000e+00  -61.12517  -58.09333 1152577036 192.012017    34.6833 0.0000e+00
    411.000     1.9128   3.063686     1.9135   3.063938    4.41230    -0.0889    13.8155 0.0000e+00  -61.12517  -58.09333 1152577037 192.012028    34.6834 0.0000e+00
    412.000     1.9098   3.063483     1.9104   3.063712    4.41242    -0.0871    13.8155 0.0000e+00  -61.12517  -58.09333 1152577038 192.012041    34.6837 0.0000e+00
    413.000     1.9076   3.063333     1.9084   3.063576    4.41304    -0.0756    13.8155 0.0000e+00  -61.12517  -58.09333 1152577039 192.012056    34.6838 0.0000e+00
    414.000     1.9073   3.063354     1.9083   3.063603    4.41493    -0.0727    13.8155 0.0000e+00  -61.12517  -58.09333 1152577041 192.012073    34.6840 0.0000e+00
    415.000     1.9075   3.063425     1.9084   3.063678    4.41151    -0.0694    13.8155 0.0000e+00  -61.12517  -58.09333 1152577043 192.012097    34.6841 0.0000e+00
    416.000     1.9063   3.063391     1.9069   3.063639    4.41201    -0.0833    13.8155 0.0000e+00  -61.12517  -58.09333 1152577044 192.012113    34.6844 0.0000e+00
    417.000     1.9035   3.063187     1.9043   3.063449    4.41327    -0.0750    13.8155 0.0000e+00  -61.12517  -58.09333 1152577046 192.012127    34.6846 0.0000e+00
    418.000     1.9099   3.063903     1.9111   3.064166    4.41331    -0.0839    13.8155 0.0000e+00  -61.12517  -58.09333 1152577047 192.012143    34.6860 0.0000e+00
    419.000     1.9189   3.064865     1.9197   3.065095    4.41640    -0.0845    13.8155 0.0000e+00  -61.12517  -58.09333 1152577048 192.012159    34.6873 0.0000e+00
    420.000     1.9204   3.065092     1.9211   3.065331    4.41790    -0.0652    13.8155 0.0000e+00  -61.12517  -58.09333 1152577049 192.012171    34.6878 0.0000e+00
    421.000     1.9194   3.065077     1.9201   3.065316    4.41989    -0.0753    13.8155 0.0000e+00  -61.12517  -58.09333 1152577050 192.012181    34.6882 0.0000e+00
    422.000     1.9175   3.064962     1.9183   3.065219    4.41939    -0.0804    13.8155 0.0000e+00  -61.12517  -58.09333 1152577051 192.012193    34.6884 0.0000e+00
    423.000     1.9155   3.064846     1.9164   3.065103    4.41831    -0.0758    13.8155 0.0000e+00  -61.12517  -58.09333 1152577052 192.012206    34.6887 0.0000e+00
    424.000     1.9156   3.064910     1.9164   3.065163    4.41597    -0.0739    13.8155 0.0000e+00  -61.12517  -58.09333 1152577054 192.012219    34.6888 0.0000e+00
    425.000     1.9159   3.064995     1.9167   3.065249    4.41615    -0.0609    13.8155 0.0000e+00  -61.12517  -58.09333 1152577054 192.012230    34.6890 0.0000e+00
    426.000     1.9161   3.065064     1.9169   3.065307    4.41669    -0.0760    13.8155 0.0000e+00  -61.12517  -58.09333 1152577055 192.012242    34.6892 0.0000e+00
    427.000     1.9161   3.065106     1.9168   3.065359    4.42243    -0.0734    13.8155 0.0000e+00  -61.12517  -58.09333 1152577060 192.012287    34.6891 0.0000e+00
    428.000     1.9164   3.065214     1.9172   3.065472    4.42250    -0.0842    13.8155 0.0000e+00  -61.12517  -58.09333 1152577060 192.012297    34.6897 0.0000e+00
    429.000     1.9168   3.065328     1.9176   3.065583    4.42219    -0.0705    13.8155 0.0000e+00  -61.12517  -58.09333 1152577061 192.012306    34.6901 0.0000e+00
    430.000     1.9173   3.065438     1.9181   3.065694    4.42008    -0.0866    13.8155 0.0000e+00  -61.12517  -58.09333 1152577062 192.012313    34.6903 0.0000e+00
    431.000     1.9176   3.065499     1.9183   3.065754    4.42033    -0.0826    13.8155 0.0000e+00  -61.12517  -58.09333 1152577062 192.012321    34.6902 0.0000e+00
    432.000     1.9171   3.065505     1.9180   3.065765    4.41916    -0.0805    13.8155 0.0000e+00  -61.12517  -58.09333 1152577063 192.012331    34.6902 0.0000e+00
    433.000     1.9173   3.065594     1.9181   3.065844    4.41763    -0.0729    13.8155 0.0000e+00  -61.12517  -58.09333 1152577065 192.012350    34.6906 0.0000e+00
    434.000     1.9176   3.065666     1.9184   3.065921    4.41768    -0.0679    13.8155 0.0000e+00  -61.12517  -58.09333 1152577067 192.012370    34.6906 0.0000e+00
    435.000     1.9178   3.065746     1.9187   3.066001    4.41987    -0.0752    13.8155 0.0000e+00  -61.12517  -58.09333 1152577068 192.012385    34.6909 0.0000e+00
    436.000     1.9178   3.065795     1.9186   3.066045    4.42305    -0.0695    13.8155 0.0000e+00  -61.12517  -58.09333 1152577069 192.012401    34.6909 0.0000e+00
    437.000     1.9178   3.065852     1.9185   3.066109    4.42351    -0.0887    13.8155 0.0000e+00  -61.12517  -58.09333 1152577071 192.012416    34.6910 0.0000e+00
    438.000     1.9180   3.065926     1.9188   3.066179    4.42079    -0.0801    13.8155 0.0000e+00  -61.12517  -58.09333 1152577072 192.012429    34.6912 0.0000e+00
    439.000     1.9181   3.065972     1.9188   3.066237    4.42048    -0.0761    13.8155 0.0000e+00  -61.12517  -58.09333 1152577073 192.012440    34.6911 0.0000e+00
    440.000     1.9183   3.066042     1.9190   3.066302    4.42076    -0.0837    13.8155 0.0000e+00  -61.12517  -58.09333 1152577074 192.012452    34.6911 0.0000e+00
    441.000     1.9184   3.066101     1.9192   3.066362    4.42115    -0.0821    13.8155 0.0000e+00  -61.12517  -58.09333 1152577075 192.012467    34.6913 0.0000e+00
    442.000     1.9186   3.066178     1.9194   3.066432    4.42174    -0.0724    13.8155 0.0000e+00  -61.12517  -58.09333 1152577076 192.012484    34.6914 0.0000e+00
    443.000     1.9188   3.066243     1.9197   3.066497    4.42219    -0.0710    13.8155 0.0000e+00  -61.12517  -58.09333 1152577078 192.012506    34.6914 0.0000e+00
    444.000     1.9191   3.066321     1.9200   3.066579    4.42474    -0.0734    13.8155 0.0000e+00  -61.12517  -58.09333 1152577080 192.012526    34.6915 0.0000e+00
    445.000     1.9193   3.066398     1.9201   3.066659    4.42720    -0.0749    13.8155 0.0000e+00  -61.12517  -58.09333 1152577081 192.012539    34.6917 0.0000e+00
    446.000     1.9193   3.066450     1.9201   3.066706    4.42580    -0.0845    13.8155 0.0000e+00  -61.12517  -58.09333 1152577082 192.012549    34.6918 0.0000e+00
    447.000     1.9197   3.066562     1.9205   3.066820    4.42567    -0.0873    13.8155 0.0000e+00  -61.12517  -58.09333 1152577083 192.012558    34.6922 0.0000e+00
    448.000     1.9202   3.066676     1.9210   3.066944    4.42542    -0.0700    13.8155 0.0000e+00  -61.12517  -58.09333 1152577084 192.012566    34.6925 0.0000e+00
    449.000     1.9209   3.066800     1.9216   3.067054    4.42520    -0.0796    13.8155 0.0000e+00  -61.12517  -58.09333 1152577084 192.012574    34.6928 0.0000e+00
    450.000     1.9210   3.066885     1.9215   3.067148    4.42508    -0.0773    13.8155 0.0000e+00  -61.12517  -58.09333 1152577085 192.012582    34.6932 0.0000e+00
    451.000     1.9202   3.066890     1.9209   3.067146    4.42520    -0.0744    13.8155 0.0000e+00  -61.12517  -58.09333 1152577086 192.012592    34.6935 0.0000e+00
    452.000     1.9202   3.066895     1.9210   3.067165    4.43035    -0.0772    13.8155 0.0000e+00  -61.12517  -58.09333 1152577091 192.012654    34.6931 0.0000e+00
    453.000     1.9194   3.066952     1.9203   3.067215    4.43228    -0.0840    13.8155 0.0000e+00  -61.12517  -58.09333 1152577092 192.012669    34.6941 0.0000e+00
    454.000     1.9187   3.066953     1.9192   3.067201    4.43485    -0.0666    13.8155 0.0000e+00  -61.12517  -58.09333 1152577093 192.012677    34.6943 0.0000e+00
    455.000     1.9175   3.066891     1.9181   3.067152    4.43388    -0.0830    13.8155 0.0000e+00  -61.12517  -58.09333 1152577094 192.012684    34.6943 0.0000e+00
    456.000     1.9166   3.066857     1.9172   3.067123    4.43123    -0.0767    13.8155 0.0000e+00  -61.12517  -58.09333 1152577094 192.012691    34.6945 0.0000e+00
    457.000     1.9160   3.066873     1.9167   3.067137    4.42820    -0.0753    13.8155 0.0000e+00  -61.12517  -58.09333 1152577095 192.012698    34.6947 0.0000e+00
    458.000     1.9160   3.066904     1.9166   3.067169    4.42687    -0.0961    13.8155 0.0000e+00  -61.12517  -58.09333 1152577096 192.012705    34.6945 0.0000e+00
    459.000     1.9154   3.066903     1.9160   3.067164    4.42506    -0.0788    13.8155 0.0000e+00  -61.12517  -58.09333 1152577096 192.012713    34.6946 0.0000e+00
    460.000     1.9145   3.066872     1.9151   3.067136    4.42246    -0.0791    13.8155 0.0000e+00  -61.12517  -58.09333 1152577097 192.012721    34.6947 0.0000e+00
    461.000     1.9164   3.067076     1.9164   3.067285    4.42570    -0.0838    13.8155 0.0000e+00  -61.12517  -58.09333 1152577101 192.012766    34.6945 0.0000e+00
    462.000     1.9140   3.066941     1.9151   3.067233    4.42690    -0.0812    13.8155 0.0000e+00  -61.12517  -58.09333 1152577103 192.012794    34.6948 0.0000e+00
    463.000     1.9102   3.066684     1.9113   3.066977    4.43149    -0.0816    13.8155 0.0000e+00  -61.12517  -58.09333 1152577105 192.012809    34.6953 0.0000e+00
    464.000     1.9082   3.066576     1.9090   3.066842    4.43769    -0.0865    13.8155 0.0000e+00  -61.12517  -58.09333 1152577106 192.012825    34.6956 0.0000e+00
    465.000     1.9083   3.066640     1.9090   3.066908    4.44331    -0.0806    13.8155 0.0000e+00  -61.12517  -58.09333 1152577107 192.012837    34.6957 0.0000e+00
    466.000     1.9085   3.066705     1.9092   3.066973    4.44337    -0.1061    13.8155 0.0000e+00  -61.12517  -58.09333 1152577108 192.012846    34.6957 0.0000e+00
    467.000     1.9085   3.066752     1.9092   3.067015    4.44067    -0.1025    13.8155 0.0000e+00  -61.12517  -58.09333 1152577109 192.012854    34.6957 0.0000e+00
    468.000     1.9084   3.066795     1.9089   3.067055    4.43888    -0.0759    13.8155 0.0000e+00  -61.12517  -58.09333 1152577109 192.012862    34.6958 0.0000e+00
    469.000     1.9082   3.066823     1.9087   3.067091    4.43789    -0.0734    13.8155 0.0000e+00  -61.12517  -58.09333 1152577110 192.012869    34.6959 0.0000e+00
    470.000     1.9067   3.066787     1.9074   3.067052    4.43840    -0.0904    13.8155 0.0000e+00  -61.12517  -58.09333 1152577110 192.012876    34.6965 0.0000e+00
    471.000     1.9048   3.066700     1.9055   3.066962    4.43912    -0.0824    13.8155 0.0000e+00  -61.12517  -58.09333 1152577111 192.012888    34.6969 0.0000e+00
    472.000     1.9069   3.066892     1.9073   3.067118    4.44000    -0.0853    13.8155 0.0000e+00  -61.12517  -58.09333 1152577116 192.012936    34.6964 0.0000e+00
    473.000     1.9064   3.066920     1.9072   3.067191    4.44257    -0.0848    13.8155 0.0000e+00  -61.12517  -58.09333 1152577118 192.012960    34.6967 0.0000e+00
    474.000     1.9035   3.066803     1.9042   3.067063    4.44353    -0.0838    13.8155 0.0000e+00  -61.12517  -58.09333 1152577119 192.012973    34.6980 0.0000e+00
    475.000     1.9033   3.066838     1.9039   3.067103    4.44408    -0.0953    13.8155 0.0000e+00  -61.12517  -58.09333 1152577120 192.012985    34.6980 0.0000e+00
    476.000     1.9033   3.066888     1.9038   3.067152    4.44563    -0.0776    13.8155 0.0000e+00  -61.12517  -58.09333 1152577121 192.012994    34.6981 0.0000e+00
    477.000     1.9032   3.066936     1.9038   3.067193    4.44727    -0.0907    13.8155 0.0000e+00  -61.12517  -58.09333 1152577121 192.013004    34.6982 0.0000e+00
    478.000     1.9029   3.066979     1.9036   3.067233    4.45050    -0.0623    13.8155 0.0000e+00  -61.12517  -58.09333 1152577122 192.013013    34.6985 0.0000e+00
    479.000     1.9018   3.066957     1.9026   3.067220    4.45084    -0.0706    13.8155 0.0000e+00  -61.12517  -58.09333 1152577123 192.013022    34.6989 0.0000e+00
    480.000     1.9018   3.066998     1.9024   3.067257    4.44786    -0.0657    13.8155 0.0000e+00  -61.12517  -58.09333 1152577124 192.013032    34.6989 0.0000e+00
    481.000     1.9023   3.067103     1.9030   3.067379    4.44645    -0.0717    13.8155 0.0000e+00  -61.12517  -58.09333 1152577125 192.013041    34.6991 0.0000e+00
    482.000     1.9025   3.067178     1.9033   3.067437    4.44645    -0.0751    13.8155 0.0000e+00  -61.12517  -58.09333 1152577126 192.013053    34.6991 0.0000e+00
    483.000     1.9026   3.067219     1.9034   3.067481    4.44815    -0.0736    13.8155 0.0000e+00  -61.12517  -58.09333 1152577129 192.013095    34.6990 0.0000e+00
    484.000     1.9025   3.067273     1.9032   3.067539    4.45343    -0.0851    13.8155 0.0000e+00  -61.12517  -58.09333 1152577133 192.013137    34.6992 0.0000e+00
    485.000     1.9023   3.067361     1.9029   3.067619    4.45728    -0.0807    13.8155 0.0000e+00  -61.12517  -58.09333 1152577134 192.013145    34.7000 0.0000e+00
    486.000     1.9020   3.067416     1.9026   3.067693    4.45835    -0.0708    13.8155 0.0000e+00  -61.12517  -58.09333 1152577134 192.013153    34.7004 0.0000e+00
