product_data/regression_test/downloaded_data/MDGS/320620060703/ctd/p6609309.ros
* Sea-Bird SBE 9 Data File:
* FileName = D:\Data\Raw\p6609309.dat
* Software Version Seasave Win32 V 5.32
* Temperature SN = 1649
* Conductivity SN = 1431
* Number of Bytes Per Scan = 37
* Number of Voltage Words = 5
* Number of Scans Averaged by the Deck Unit = 1
* NMEA Latitude = 61 07.49 S
* NMEA Longitude = 058 05.62 W
* NMEA UTC (Time) = 07:46:35
** Ship:   Nathaniel B. Palmer nbp
** Cruise:    NBP0606 nbp0606
# nquan = 17
# nvalues = 1176                    
# units = specified
# name 0 = prDM: Pressure, Digiquartz [db]
# name 1 = t090C: Temperature [ITS-90, deg C]
# name 2 = c0S/m: Conductivity [S/m]
# name 3 = t190C: Temperature, 2 [ITS-90, deg C]
# name 4 = c1S/m: Conductivity, 2 [S/m]
# name 5 = sbeox0ML/L: Oxygen, SBE 43 [ml/l]
# name 6 = flECO-AFL: Fluorescence, Wetlab ECO-AFL/FL [mg/m^3]
# name 7 = bat: Beam Attenuation, Chelsea/Seatech/Wetlab CStar [1/m]
# name 8 = spar: SPAR/Surface Irradiance
# name 9 = latitude: Latitude [deg]
# name 10 = longitude: Longitude [deg]
# name 11 = timeY: Time, System [seconds]
# name 12 = timeJ: Julian Days
# name 13 = sal00: Salinity [PSU]
# name 14 = scan: scan number
# name 15 = nbf: number of bottles fired
# name 16 = flag:  0.000e+00
# interval = seconds: 0.0416667                   
# start_time = Jul 11 2006 07:46:43
*END*
[from data line 596]
   1001.179     1.4334   3.051330     1.4342   3.051669    4.80582    -0.0749    13.8155 0.0000e+00  -61.12483  -58.09367 1152605708 192.343858    34.7253      40953         13  0.000e+00
   1001.198     1.4334   3.051344     1.4341   3.051639    4.80583    -0.0749    13.8155 0.0000e+00  -61.12483  -58.09367 1152605708 192.343859    34.7255      40954         13  0.000e+00
   1001.179     1.4336   3.051319     1.4339   3.051651    4.80581    -0.0749    13.8155 0.0000e+00  -61.12483  -58.09367 1152605708 192.343859    34.7250      40955         13  0.000e+00
   1001.179     1.4339   3.051354     1.4344   3.051693    4.80576    -0.0534    13.8155 0.0000e+00  -61.12483  -58.09367 1152605708 192.343859    34.7251      40956         13  0.000e+00
   1001.246     1.4340   3.051350     1.4338   3.051669    4.80580    -0.0749    13.8155 0.0000e+00  -61.12483  -58.09367 1152605708 192.343860    34.7249      40957         13  0.000e+00
   1001.179     1.4337   3.051337     1.4341   3.051645    4.80578    -0.0964    13.8155 0.0000e+00  -61.12483  -58.09367 1152605708 192.343860    34.7250      40958         13  0.000e+00
   1001.198     1.4334   3.051344     1.4345   3.051657    4.80583    -0.1180    13.8155 0.0000e+00  -61.12483  -58.09367 1152605708 192.343861    34.7255      40959         13  0.000e+00
   1001.247     1.4334   3.051357     1.4338   3.051645    4.80585    -0.0534    13.8155 0.0000e+00  -61.12483  -58.09367 1152605708 192.343861    34.7256      40960         13  0.000e+00
   1001.179     1.4336   3.051368     1.4339   3.051633    4.80579    -0.0749    13.8155 0.0000e+00  -61.12483  -58.09367 1152605708 192.343862    34.7256      40961         13  0.000e+00
   1001.247     1.4333   3.051330     1.4340   3.051639    4.80588    -0.1072    13.8155 0.0000e+00  -61.12483  -58.09367 1152605708 192.343862    34.7254      40962         13  0.000e+00
   1001.247     1.4336   3.051368     1.4341   3.051657    4.80583    -0.1287    13.8155 0.0000e+00  -61.12483  -58.09367 1152605708 192.343863    34.7256      40963         13  0.000e+00
   1001.247     1.4334   3.051354     1.4340   3.051645    4.80585    -0.1395    13.8155 0.0000e+00  -61.12483  -58.09367 1152605708 192.343863    34.7256      40964         13  0.000e+00
   1001.276     1.4334   3.051319     1.4339   3.051675    4.80589    -0.0749    13.8155 0.0000e+00  -61.12483  -58.09367 1152605708 192.343864    34.7251      40965         13  0.000e+00
   1001.247     1.4339   3.051392     1.4342   3.051675    4.80579    -0.0749    13.8155 0.0000e+00  -61.12483  -58.09367 1152605708 192.343864    34.7255      40966         13  0.000e+00
   1001.247     1.4334   3.051381     1.4339   3.051639    4.80584    -0.1180    13.8155 0.0000e+00  -61.12483  -58.09367 1152605708 192.343865    34.7259      40967         13  0.000e+00
   1001.324     1.4336   3.051326     1.4339   3.051651    4.80590    -0.0749    13.8155 0.0000e+00  -61.12483  -58.09367 1152605708 192.343865    34.7250      40968         13  0.000e+00
   1001.247     1.4334   3.051354     1.4341   3.051645    4.80585    -0.0964    13.8155 0.0000e+00  -61.12483  -58.09367 1152605708 192.343866    34.7256      40969         13  0.000e+00
   1001.343     1.4334   3.051361     1.4340   3.051675    4.80088    -0.0749    13.8155 0.0000e+00  -61.12483  -58.09367 1152605708 192.343866    34.7256      40970         13  0.000e+00
   1001.324     1.4331   3.051330     1.4339   3.051651    4.80595    -0.0964    13.8155 0.0000e+00  -61.12483  -58.09367 1152605708 192.343867    34.7255      40971         13  0.000e+00
   1001.324     1.4334   3.051319     1.4341   3.051633    4.80592    -0.1287    13.8155 0.0000e+00  -61.12483  -58.09367 1152605709 192.343867    34.7251      40972         13  0.000e+00
   1001.324     1.4336   3.051350     1.4339   3.051639    4.80589    -0.0749    13.8155 0.0000e+00  -61.12483  -58.09367 1152605709 192.343868    34.7253      40973         13  0.000e+00
   1001.324     1.4332   3.051309     1.4342   3.051633    4.80595    -0.0211    13.8155 0.0000e+00  -61.12483  -58.09367 1152605709 192.343868    34.7252      40974         13  0.000e+00
   1001.324     1.4333   3.051344     1.4338   3.051615    4.80592    -0.0642    13.8155 0.0000e+00  -61.12483  -58.09367 1152605709 192.343869    34.7255      40975         13  0.000e+00
   1001.421     1.4329   3.051350     1.4342   3.051651    4.80602    -0.1395    13.8155 0.0000e+00  -61.12483  -58.09367 1152605709 192.343869    34.7259      40976         13  0.000e+00
   1001.324     1.4329   3.051364     1.4342   3.051669    4.80595    -0.1072    13.8155 0.0000e+00  -61.12483  -58.09367 1152605709 192.343870    34.7262      40977         13  0.000e+00
   1001.392     1.4336   3.051309     1.4342   3.051663    4.80595    -0.1180    13.8155 0.0000e+00  -61.12483  -58.09367 1152605709 192.343870    34.7247      40978         13  0.000e+00
   1001.392     1.4333   3.051292     1.4341   3.051645    4.80599    -0.0857    13.8155 0.0000e+00  -61.12483  -58.09367 1152605709 192.343871    34.7249      40979         13  0.000e+00
   1001.469     1.4329   3.051306     1.4339   3.051657    4.80607    -0.0642    13.8155 0.0000e+00  -61.12483  -58.09367 1152605709 192.343871    34.7253      40980         13  0.000e+00
   1001.421     1.4331   3.051299     1.4345   3.051669    4.80602    -0.0857    13.8155 0.0000e+00  -61.12483  -58.09367 1152605709 192.343872    34.7251      40981         13  0.000e+00
   1001.392     1.4329   3.051295     1.4345   3.051681    4.80602    -0.0857    13.8155 0.0000e+00  -61.12483  -58.09367 1152605709 192.343872    34.7253      40982         13  0.000e+00
   1001.469     1.4328   3.051289     1.4341   3.051669    4.80609    -0.0857    13.8155 0.0000e+00  -61.12483  -58.09367 1152605709 192.343872    34.7253      40983         13  0.000e+00
   1001.469     1.4328   3.051292     1.4342   3.051645    4.80609    -0.0534    13.8155 0.0000e+00  -61.12483  -58.09367 1152605709 192.343873    34.7253      40984         13  0.000e+00
   1001.469     1.4329   3.051326     1.4344   3.051657    4.80606    -0.0319    13.8155 0.0000e+00  -61.12483  -58.09367 1152605709 192.343873    34.7256      40985         13  0.000e+00
   1001.469     1.4331   3.051323     1.4340   3.051693    4.80605    -0.0534    13.8155 0.0000e+00  -61.12483  -58.09367 1152605709 192.343874    34.7254      40986         13  0.000e+00
   1001.488     1.4325   3.051320     1.4342   3.051669    4.80612    -0.0426    13.8155 0.0000e+00  -61.12483  -58.09367 1152605709 192.343874    34.7260      40987         13  0.000e+00
   1001.469     1.4331   3.051313     1.4341   3.051645    4.80605    -0.0749    13.8155 0.0000e+00  -61.12483  -58.09367 1152605709 192.343875    34.7253      40988         13  0.000e+00
   1001.537     1.4329   3.051316     1.4338   3.051633    4.80611    -0.0749    13.8155 0.0000e+00  -61.12483  -58.09367 1152605709 192.343875    34.7254      40989         13  0.000e+00
   1001.537     1.4326   3.051330     1.4342   3.051615    4.80614    -0.0534    13.8155 0.0000e+00  -61.12483  -58.09367 1152605709 192.343876    34.7259      40990         13  0.000e+00
   1001.469     1.4329   3.051323     1.4342   3.051651    4.80606    -0.0534    13.8155 0.0000e+00  -61.12483  -58.09367 1152605709 192.343876    34.7256      40991         13  0.000e+00
   1001.556     1.4331   3.051320     1.4342   3.051645    4.80611    -0.0534    13.8155 0.0000e+00  -61.12483  -58.09367 1152605709 192.343877    34.7254      40992         13  0.000e+00
   1001.537     1.4328   3.051330     1.4342   3.051633    4.80612    -0.0964    13.8155 0.0000e+00  -61.12483  -58.09367 1152605709 192.343877    34.7258      40993         13  0.000e+00
   1001.180     1.4329   3.051299     1.4339   3.051597    4.80085    -0.1072    13.8155 0.0000e+00  -61.12483  -58.09367 1152605715 192.343946    34.7254      41136         14  0.000e+00
   1001.180     1.4333   3.051333     1.4336   3.051609    4.80080    -0.0749    13.8155 0.0000e+00  -61.12483  -58.09367 1152605715 192.343947    34.7255      41137         14  0.000e+00
   1001.277     1.4333   3.051319     1.4339   3.051627    4.80087    -0.0749    13.8155 0.0000e+00  -61.12483  -58.09367 1152605715 192.343947    34.7253      41138         14  0.000e+00
   1001.180     1.4333   3.051337     1.4338   3.051609    4.80080    -0.0749    13.8155 0.0000e+00  -61.12483  -58.09367 1152605715 192.343948    34.7255      41139         14  0.000e+00
   1001.325     1.4336   3.051319     1.4333   3.051591    4.80087    -0.0749    13.8155 0.0000e+00  -61.12483  -58.09367 1152605716 192.343948    34.7249      41140         14  0.000e+00
   1001.248     1.4334   3.051337     1.4331   3.051579    4.80586    -0.0642    13.8155 0.0000e+00  -61.12483  -58.09367 1152605716 192.343949    34.7253      41141         14  0.000e+00
   1001.325     1.4331   3.051364     1.4331   3.051585    4.80090    -0.0534    13.8155 0.0000e+00  -61.12483  -58.09367 1152605716 192.343949    34.7260      41142         14  0.000e+00
   1001.344     1.4336   3.051344     1.4333   3.051579    4.80087    -0.0534    13.8155 0.0000e+00  -61.12483  -58.09367 1152605716 192.343950    34.7252      41143         14  0.000e+00
   1001.325     1.4334   3.051361     1.4331   3.051603    4.80087    -0.0964    13.8155 0.0000e+00  -61.12483  -58.09367 1152605716 192.343950    34.7256      41144         14  0.000e+00
   1001.393     1.4338   3.051361     1.4334   3.051627    4.80087    -0.0749    13.8155 0.0000e+00  -61.12483  -58.09367 1152605716 192.343951    34.7251      41145         14  0.000e+00
   1001.470     1.4337   3.051350     1.4339   3.051663    4.80094    -0.0857    13.8155 0.0000e+00  -61.12483  -58.09367 1152605716 192.343951    34.7250      41146         14  0.000e+00
   1001.470     1.4333   3.051326     1.4335   3.051639    4.80099    -0.1287    13.8155 0.0000e+00  -61.12483  -58.09367 1152605716 192.343952    34.7252      41147         14  0.000e+00
   1001.470     1.4334   3.051330     1.4339   3.051639    4.80098    -0.1287    13.8155 0.0000e+00  -61.12483  -58.09367 1152605716 192.343952    34.7251      41148         14  0.000e+00
   1001.489     1.4331   3.051323     1.4333   3.051633    4.80103    -0.1072    13.8155 0.0000e+00  -61.12483  -58.09367 1152605716 192.343953    34.7254      41149         14  0.000e+00
   1001.538     1.4333   3.051330     1.4336   3.051597    4.80104    -0.0749    13.8155 0.0000e+00  -61.12483  -58.09367 1152605716 192.343953    34.7252      41150         14  0.000e+00
   1001.538     1.4334   3.051323     1.4338   3.051645    4.80103    -0.0642    13.8155 0.0000e+00  -61.12483  -58.09367 1152605716 192.343954    34.7250      41151         14  0.000e+00
   1001.615     1.4329   3.051282     1.4331   3.051597    4.80114    -0.0534    13.8155 0.0000e+00  -61.12483  -58.09367 1152605716 192.343954    34.7250      41152         14  0.000e+00
   1001.683     1.4326   3.051265     1.4328   3.051585    4.80123    -0.0319    13.8155 0.0000e+00  -61.12483  -58.09367 1152605716 192.343954    34.7250      41153         14  0.000e+00
   1001.635     1.4326   3.051213     1.4336   3.051555    4.80121    -0.0534    13.8155 0.0000e+00  -61.12483  -58.09367 1152605716 192.343955    34.7244      41154         14  0.000e+00
   1001.683     1.4325   3.051265     1.4331   3.051555    4.80124    -0.0749    13.8155 0.0000e+00  -61.12483  -58.09367 1152605716 192.343955    34.7252      41155         14  0.000e+00
   1001.760     1.4322   3.051258     1.4330   3.051573    4.80133    -0.0749    13.8155 0.0000e+00  -61.12483  -58.09367 1152605716 192.343956    34.7254      41156         14  0.000e+00
   1001.760     1.4320   3.051247     1.4328   3.051561    4.80134    -0.0964    13.8155 0.0000e+00  -61.12483  -58.09367 1152605716 192.343956    34.7255      41157         14  0.000e+00
   1001.760     1.4323   3.051278     1.4328   3.051549    4.80634    -0.1072    13.8155 0.0000e+00  -61.12483  -58.09367 1152605716 192.343957    34.7255      41158         14  0.000e+00
   1001.828     1.4325   3.051330     1.4325   3.051579    4.80131    -0.1180    13.8155 0.0000e+00  -61.12483  -58.09367 1152605716 192.343957    34.7259      41159         14  0.000e+00
   1001.847     1.4325   3.051320     1.4328   3.051579    4.80636    -0.0749    13.8155 0.0000e+00  -61.12483  -58.09367 1152605716 192.343958    34.7258      41160         14  0.000e+00
   1001.896     1.4328   3.051337     1.4328   3.051561    4.80636    -0.0964    13.8155 0.0000e+00  -61.12483  -58.09367 1152605716 192.343958    34.7257      41161         14  0.000e+00
   1001.896     1.4325   3.051306     1.4330   3.051573    4.80640    -0.1072    13.8155 0.0000e+00  -61.12483  -58.09367 1152605716 192.343959    34.7256      41162         14  0.000e+00
   1001.973     1.4324   3.051272     1.4324   3.051561    4.80647    -0.0749    13.8155 0.0000e+00  -61.12483  -58.09367 1152605716 192.343959    34.7252      41163         14  0.000e+00
   1001.973     1.4326   3.051285     1.4324   3.051549    4.80141    -0.0319    13.8155 0.0000e+00  -61.12483  -58.09367 1152605716 192.343960    34.7251      41164         14  0.000e+00
   1002.060     1.4323   3.051258     1.4325   3.051549    4.80151    -0.0534    13.8155 0.0000e+00  -61.12483  -58.09367 1152605717 192.343960    34.7251      41165         14  0.000e+00
   1002.041     1.4323   3.051296     1.4325   3.051555    4.80148    -0.0749    13.8155 0.0000e+00  -61.12483  -58.09367 1152605717 192.343961    34.7256      41166         14  0.000e+00
   1002.118     1.4319   3.051261     1.4331   3.051549    4.80159    -0.0964    13.8155 0.0000e+00  -61.12483  -58.09367 1152605717 192.343961    34.7256      41167         14  0.000e+00
   1002.118     1.4316   3.051224     1.4322   3.051555    4.80164    -0.0964    13.8155 0.0000e+00  -61.12483  -58.09367 1152605717 192.343962    34.7255      41168         14  0.000e+00
   1002.118     1.4317   3.051186     1.4322   3.051525    4.80668    -0.0642    13.8155 0.0000e+00  -61.12483  -58.09367 1152605717 192.343962    34.7248      41169         14  0.000e+00
   1002.205     1.4314   3.051193     1.4319   3.051507    4.80173    -0.0749    13.8155 0.0000e+00  -61.12483  -58.09367 1152605717 192.343963    34.7252      41170         14  0.000e+00
   1002.263     1.4311   3.051175     1.4321   3.051489    4.80180    -0.0857    13.8155 0.0000e+00  -61.12483  -58.09367 1152605717 192.343963    34.7253      41171         14  0.000e+00
   1002.263     1.4311   3.051138     1.4324   3.051477    4.80182    -0.0964    13.8155 0.0000e+00  -61.12483  -58.09367 1152605717 192.343964    34.7248      41172         14  0.000e+00
   1002.263     1.4309   3.051121     1.4314   3.051465    4.80184    -0.0749    13.8155 0.0000e+00  -61.12483  -58.09367 1152605717 192.343964    34.7248      41173         14  0.000e+00
   1002.331     1.4306   3.051141     1.4313   3.051429    4.80694    -0.0857    13.8155 0.0000e+00  -61.12483  -58.09367 1152605717 192.343965    34.7254      41174         14  0.000e+00
   1002.350     1.4301   3.051114     1.4309   3.051405    4.80702    -0.0964    13.8155 0.0000e+00  -61.12483  -58.09367 1152605717 192.343965    34.7255      41175         14  0.000e+00
   1002.398     1.4304   3.051134     1.4309   3.051405    4.80197    -0.0642    13.8155 0.0000e+00  -61.12483  -58.09367 1152605717 192.343966    34.7254      41176         14  0.000e+00
   1002.398     1.4303   3.051093     1.4307   3.051411    4.80201    -0.0749    13.8155 0.0000e+00  -61.12483  -58.09367 1152605717 192.343966    34.7251      41177         14  0.000e+00
   1002.476     1.4300   3.051072     1.4303   3.051381    4.80210    -0.0534    13.8155 0.0000e+00  -61.12483  -58.09367 1152605717 192.343967    34.7251      41178         14  0.000e+00
