product_data/regression_test/downloaded_data/MDGS/320620060703/ctd/p6609307.ros
* Sea-Bird SBE 9 Data File:
* FileName = D:\Data\Raw\p6609307.dat
* Software Version Seasave Win32 V 5.32
* Temperature SN = 1649
* Conductivity SN = 1431
* Number of Bytes Per Scan = 37
* Number of Voltage Words = 5
* Number of Scans Averaged by the Deck Unit = 1
* NMEA Latitude = 61 07.50 S
* NMEA Longitude = 058 05.51 W
* NMEA UTC (Time) = 04:57:22
** Ship:   Nathaniel B. Palmer nbp
** Cruise:    NBP0606 nbp0606
# nquan = 17
# nvalues = 1176                    
# units = specified
# name 0 = prDM: Pressure, Digiquartz [db]
# name 1 = t090C: Temperature [ITS-90, deg C]
# name 2 = c0S/m: Conductivity [S/m]
# name 3 = t190C: Temperature, 2 [ITS-90, deg C]
# name 4 = c1S/m: Conductivity, 2 [S/m]
# name 5 = sbeox0ML/L: Oxygen, SBE 43 [ml/l]
# name 6 = flECO-AFL: Fluorescence, Wetlab ECO-AFL/FL [mg/m^3]
# name 7 = bat: Beam Attenuation, Chelsea/Seatech/Wetlab CStar [1/m]
# name 8 = spar: SPAR/Surface Irradiance
# name 9 = latitude: Latitude [deg]
# name 10 = longitude: Longitude [deg]
# name 11 = timeY: Time, System [seconds]
# name 12 = timeJ: Julian Days
# name 13 = sal00: Salinity [PSU]
# name 14 = scan: scan number
# name 15 = nbf: number of bottles fired
# name 16 = flag:  0.000e+00
# interval = seconds: 0.0416667                   
# start_time = Jul 11 2006 04:57:29
*END*
[from data line 256]
    499.662     1.8667   3.065746     1.8675   3.066032    4.49793    -0.1072    13.8155 0.0000e+00  -61.12500  -58.09183 1152594657 192.215956    34.7104      19431          6  0.000e+00
    499.758     1.8669   3.065773     1.8670   3.066062    4.49796    -0.0534    13.8155 0.0000e+00  -61.12500  -58.09183 1152594657 192.215956    34.7104      19432          6  0.000e+00
    499.691     1.8667   3.065746     1.8678   3.066014    4.49794    -0.0426    13.8155 0.0000e+00  -61.12500  -58.09183 1152594657 192.215957    34.7103      19433          6  0.000e+00
    499.729     1.8665   3.065735     1.8672   3.066032    4.49799    -0.0426    13.8155 0.0000e+00  -61.12500  -58.09183 1152594657 192.215957    34.7104      19434          6  0.000e+00
    499.691     1.8665   3.065753     1.8677   3.066050    4.49796    -0.0319    13.8155 0.0000e+00  -61.12500  -58.09183 1152594657 192.215958    34.7106      19435          6  0.000e+00
    499.614     1.8665   3.065759     1.8677   3.066050    4.49791     0.0112    13.8155 0.0000e+00  -61.12500  -58.09183 1152594657 192.215958    34.7107      19436          6  0.000e+00
    499.691     1.8667   3.065739     1.8667   3.066050    4.49795    -0.0426    13.8155 0.0000e+00  -61.12500  -58.09183 1152594657 192.215959    34.7102      19437          6  0.000e+00
    499.662     1.8665   3.065753     1.8673   3.066068    4.49794    -0.0749    13.8155 0.0000e+00  -61.12500  -58.09183 1152594657 192.215959    34.7106      19438          6  0.000e+00
    499.691     1.8664   3.065756     1.8677   3.066032    4.49331    -0.0749    13.8155 0.0000e+00  -61.12500  -58.09183 1152594658 192.215960    34.7108      19439          6  0.000e+00
    499.691     1.8662   3.065777     1.8670   3.066038    4.49797    -0.1180    13.8155 0.0000e+00  -61.12500  -58.09183 1152594658 192.215960    34.7112      19440          6  0.000e+00
    499.662     1.8661   3.065766     1.8670   3.066032    4.49798    -0.1072    13.8155 0.0000e+00  -61.12500  -58.09183 1152594658 192.215961    34.7113      19441          6  0.000e+00
    499.691     1.8665   3.065739     1.8670   3.066044    4.49796    -0.0642    13.8155 0.0000e+00  -61.12500  -58.09183 1152594658 192.215961    34.7104      19442          6  0.000e+00
    499.614     1.8667   3.065753     1.8673   3.066050    4.49789    -0.0319    13.8155 0.0000e+00  -61.12500  -58.09183 1152594658 192.215962    34.7104      19443          6  0.000e+00
    499.662     1.8669   3.065759     1.8677   3.066032    4.49791    -0.0319    13.8155 0.0000e+00  -61.12500  -58.09183 1152594658 192.215962    34.7103      19444          6  0.000e+00
    499.547     1.8664   3.065759     1.8672   3.066044    4.49788    -0.0749    13.8155 0.0000e+00  -61.12500  -58.09183 1152594658 192.215963    34.7109      19445          6  0.000e+00
    499.758     1.8664   3.065760     1.8672   3.066026    4.49801    -0.0534    13.8155 0.0000e+00  -61.12500  -58.09183 1152594658 192.215963    34.7108      19446          6  0.000e+00
    499.662     1.8672   3.065759     1.8673   3.066020    4.49788    -0.1072    13.8155 0.0000e+00  -61.12500  -58.09183 1152594658 192.215964    34.7100      19447          6  0.000e+00
    499.614     1.8669   3.065759     1.8675   3.066044    4.49322    -0.1610    13.8155 0.0000e+00  -61.12500  -58.09183 1152594658 192.215964    34.7103      19448          6  0.000e+00
    499.614     1.8670   3.065759     1.8672   3.066050    4.49786    -0.1395    13.8155 0.0000e+00  -61.12500  -58.09183 1152594658 192.215965    34.7102      19449          6  0.000e+00
    499.662     1.8669   3.065756     1.8675   3.066050    4.49791    -0.1072    13.8155 0.0000e+00  -61.12500  -58.09183 1152594658 192.215965    34.7103      19450          6  0.000e+00
    499.614     1.8667   3.065756     1.8672   3.066068    4.49789    -0.0964    13.8155 0.0000e+00  -61.12500  -58.09183 1152594658 192.215965    34.7105      19451          6  0.000e+00
    499.614     1.8665   3.065759     1.8675   3.066056    4.49791    -0.0642    13.8155 0.0000e+00  -61.12500  -58.09183 1152594658 192.215966    34.7107      19452          6  0.000e+00
    499.662     1.8662   3.065780     1.8677   3.066050    4.49796    -0.0534    13.8155 0.0000e+00  -61.12500  -58.09183 1152594658 192.215966    34.7113      19453          6  0.000e+00
    499.614     1.8664   3.065728     1.8669   3.066050    4.49793    -0.0642    13.8155 0.0000e+00  -61.12500  -58.09183 1152594658 192.215967    34.7105      19454          6  0.000e+00
    499.614     1.8669   3.065728     1.8675   3.066050    4.49789    -0.1072    13.8155 0.0000e+00  -61.12500  -58.09183 1152594658 192.215967    34.7100      19455          6  0.000e+00
    499.595     1.8661   3.065773     1.8673   3.066068    4.49793    -0.1502    13.8155 0.0000e+00  -61.12500  -58.09183 1152594658 192.215968    34.7114      19456          6  0.000e+00
    499.614     1.8662   3.065766     1.8675   3.066038    4.49793    -0.1180    13.8155 0.0000e+00  -61.12500  -58.09183 1152594658 192.215968    34.7112      19457          6  0.000e+00
    499.614     1.8664   3.065759     1.8673   3.066026    4.49792    -0.0749    13.8155 0.0000e+00  -61.12500  -58.09183 1152594658 192.215969    34.7109      19458          6  0.000e+00
    499.662     1.8662   3.065759     1.8672   3.066044    4.49797    -0.0642    13.8155 0.0000e+00  -61.12500  -58.09183 1152594658 192.215969    34.7110      19459          6  0.000e+00
    499.547     1.8665   3.065759     1.8677   3.066068    4.49786    -0.0534    13.8155 0.0000e+00  -61.12500  -58.09183 1152594658 192.215970    34.7107      19460          6  0.000e+00
    499.614     1.8664   3.065756     1.8677   3.066056    4.49792    -0.0426    13.8155 0.0000e+00  -61.12500  -58.09183 1152594658 192.215970    34.7108      19461          6  0.000e+00
    499.595     1.8669   3.065739     1.8672   3.066050    4.49787    -0.0749    13.8155 0.0000e+00  -61.12500  -58.09183 1152594659 192.215971    34.7101      19462          6  0.000e+00
    499.614     1.8662   3.065735     1.8680   3.066032    4.49794    -0.0534    13.8155 0.0000e+00  -61.12500  -58.09183 1152594659 192.215971    34.7107      19463          6  0.000e+00
    499.614     1.8665   3.065753     1.8678   3.066062    4.49791    -0.0749    13.8155 0.0000e+00  -61.12500  -58.09183 1152594659 192.215972    34.7106      19464          6  0.000e+00
    499.595     1.8665   3.065739     1.8673   3.066038    4.49790    -0.0857    13.8155 0.0000e+00  -61.12500  -58.09183 1152594659 192.215972    34.7105      19465          6  0.000e+00
    499.547     1.8667   3.065735     1.8673   3.066026    4.49786    -0.0964    13.8155 0.0000e+00  -61.12500  -58.09183 1152594659 192.215973    34.7103      19466          6  0.000e+00
    499.614     1.8665   3.065773     1.8677   3.066044    4.49790    -0.0964    13.8155 0.0000e+00  -61.12500  -58.09183 1152594659 192.215973    34.7109      19467          6  0.000e+00
    499.595     1.8664   3.065746     1.8677   3.066032    4.49791    -0.0857    13.8155 0.0000e+00  -61.12500  -58.09183 1152594659 192.215974    34.7107      19468          6  0.000e+00
    499.825     1.8659   3.065711     1.8670   3.066014    4.49811    -0.0642    13.8155 0.0000e+00  -61.12500  -58.09183 1152594665 192.216043    34.7106      19611          7  0.000e+00
    499.825     1.8662   3.065691     1.8667   3.066002    4.49809    -0.1072    13.8155 0.0000e+00  -61.12500  -58.09183 1152594665 192.216043    34.7101      19612          7  0.000e+00
    499.873     1.8658   3.065704     1.8669   3.066014    4.49816    -0.1180    13.8155 0.0000e+00  -61.12500  -58.09183 1152594665 192.216044    34.7107      19613          7  0.000e+00
    499.825     1.8661   3.065711     1.8670   3.066038    4.49810    -0.1072    13.8155 0.0000e+00  -61.12500  -58.09183 1152594665 192.216044    34.7105      19614          7  0.000e+00
    499.825     1.8659   3.065673     1.8669   3.066008    4.49813    -0.0964    13.8155 0.0000e+00  -61.12500  -58.09183 1152594665 192.216045    34.7102      19615          7  0.000e+00
    499.950     1.8659   3.065680     1.8669   3.066032    4.49820    -0.0319    13.8155 0.0000e+00  -61.12500  -58.09183 1152594665 192.216045    34.7102      19616          7  0.000e+00
    499.902     1.8661   3.065722     1.8666   3.065984    4.49814    -0.0964    13.8155 0.0000e+00  -61.12500  -58.09183 1152594665 192.216046    34.7106      19617          7  0.000e+00
    499.969     1.8662   3.065715     1.8677   3.066008    4.49817    -0.1395    13.8155 0.0000e+00  -61.12500  -58.09183 1152594665 192.216046    34.7103      19618          7  0.000e+00
    499.950     1.8665   3.065729     1.8667   3.066026    4.49813    -0.1180    13.8155 0.0000e+00  -61.12500  -58.09183 1152594665 192.216046    34.7101      19619          7  0.000e+00
    499.969     1.8661   3.065732     1.8670   3.066020    4.49818    -0.0642    13.8155 0.0000e+00  -61.12500  -58.09183 1152594665 192.216047    34.7107      19620          7  0.000e+00
    500.046     1.8662   3.065715     1.8675   3.066020    4.49822    -0.0642    13.8155 0.0000e+00  -61.12500  -58.09183 1152594665 192.216047    34.7102      19621          7  0.000e+00
    500.017     1.8662   3.065711     1.8667   3.066026    4.49820    -0.0964    13.8155 0.0000e+00  -61.12500  -58.09183 1152594665 192.216048    34.7102      19622          7  0.000e+00
    500.046     1.8661   3.065711     1.8667   3.066026    4.49824    -0.1072    13.8155 0.0000e+00  -61.12500  -58.09183 1152594665 192.216048    34.7104      19623          7  0.000e+00
    500.046     1.8665   3.065729     1.8673   3.066026    4.49819    -0.0749    13.8155 0.0000e+00  -61.12500  -58.09183 1152594665 192.216049    34.7101      19624          7  0.000e+00
    500.017     1.8661   3.065753     1.8664   3.066002    4.49821    -0.0534    13.8155 0.0000e+00  -61.12500  -58.09183 1152594665 192.216049    34.7109      19625          7  0.000e+00
    500.113     1.8662   3.065705     1.8669   3.066014    4.49827    -0.0426    13.8155 0.0000e+00  -61.12500  -58.09183 1152594665 192.216050    34.7101      19626          7  0.000e+00
    500.113     1.8661   3.065739     1.8669   3.066002    4.49827    -0.0534    13.8155 0.0000e+00  -61.12500  -58.09183 1152594665 192.216050    34.7107      19627          7  0.000e+00
    500.161     1.8667   3.065722     1.8672   3.066014    4.49825    -0.0857    13.8155 0.0000e+00  -61.12500  -58.09183 1152594665 192.216051    34.7098      19628          7  0.000e+00
    500.113     1.8662   3.065711     1.8669   3.066044    4.49826    -0.0642    13.8155 0.0000e+00  -61.12500  -58.09183 1152594665 192.216051    34.7102      19629          7  0.000e+00
    500.113     1.8662   3.065729     1.8670   3.066050    4.49826    -0.0104    13.8155 0.0000e+00  -61.12500  -58.09183 1152594665 192.216052    34.7104      19630          7  0.000e+00
    500.161     1.8662   3.065715     1.8667   3.066032    4.49829    -0.0642    13.8155 0.0000e+00  -61.12500  -58.09183 1152594666 192.216052    34.7102      19631          7  0.000e+00
    500.180     1.8661   3.065746     1.8670   3.066026    4.49831    -0.0857    13.8155 0.0000e+00  -61.12500  -58.09183 1152594666 192.216053    34.7107      19632          7  0.000e+00
    500.180     1.8664   3.065780     1.8672   3.066044    4.49827    -0.1072    13.8155 0.0000e+00  -61.12500  -58.09183 1152594666 192.216053    34.7108      19633          7  0.000e+00
    500.161     1.8661   3.065729     1.8669   3.066050    4.49830    -0.0857    13.8155 0.0000e+00  -61.12500  -58.09183 1152594666 192.216054    34.7105      19634          7  0.000e+00
    500.180     1.8662   3.065691     1.8675   3.066050    4.49832    -0.0857    13.8155 0.0000e+00  -61.12500  -58.09183 1152594666 192.216054    34.7099      19635          7  0.000e+00
    500.180     1.8662   3.065705     1.8670   3.066050    4.49831    -0.0857    13.8155 0.0000e+00  -61.12500  -58.09183 1152594666 192.216055    34.7100      19636          7  0.000e+00
    500.257     1.8669   3.065729     1.8672   3.066068    4.49829    -0.0749    13.8155 0.0000e+00  -61.12500  -58.09183 1152594666 192.216055    34.7096      19637          7  0.000e+00
    500.228     1.8661   3.065715     1.8673   3.066056    4.49835    -0.0426    13.8155 0.0000e+00  -61.12500  -58.09183 1152594666 192.216056    34.7103      19638          7  0.000e+00
    500.180     1.8658   3.065767     1.8675   3.066008    4.49833    -0.0642    13.8155 0.0000e+00  -61.12500  -58.09183 1152594666 192.216056    34.7113      19639          7  0.000e+00
    500.257     1.8661   3.065767     1.8667   3.066050    4.49835    -0.0642    13.8155 0.0000e+00  -61.12500  -58.09183 1152594666 192.216057    34.7110      19640          7  0.000e+00
    500.228     1.8661   3.065739     1.8672   3.066074    4.49834    -0.0857    13.8155 0.0000e+00  -61.12500  -58.09183 1152594666 192.216057    34.7106      19641          7  0.000e+00
    500.257     1.8662   3.065753     1.8670   3.066080    4.49834    -0.1072    13.8155 0.0000e+00  -61.12500  -58.09183 1152594666 192.216058    34.7106      19642          7  0.000e+00
    500.180     1.8664   3.065739     1.8670   3.066056    4.49828    -0.0857    13.8155 0.0000e+00  -61.12500  -58.09183 1152594666 192.216058    34.7103      19643          7  0.000e+00
    500.228     1.8664   3.065715     1.8669   3.066032    4.49832    -0.0749    13.8155 0.0000e+00  -61.12500  -58.09183 1152594666 192.216059    34.7099      19644          7  0.000e+00
    500.257     1.8667   3.065746     1.8670   3.066044    4.49830    -0.0857    13.8155 0.0000e+00  -61.12500  -58.09183 1152594666 192.216059    34.7100      19645          7  0.000e+00
    500.257     1.8667   3.065780     1.8672   3.066050    4.49829    -0.0642    13.8155 0.0000e+00  -61.12500  -58.09183 1152594666 192.216060    34.7105      19646          7  0.000e+00
    500.228     1.8665   3.065746     1.8670   3.066026    4.49829    -0.0642    13.8155 0.0000e+00  -61.12500  -58.09183 1152594666 192.216060    34.7102      19647          7  0.000e+00
    500.257     1.8664   3.065753     1.8669   3.066038    4.49832    -0.0749    13.8155 0.0000e+00  -61.12500  -58.09183 1152594666 192.216060    34.7104      19648          7  0.000e+00
    500.257     1.8662   3.065780     1.8670   3.066050    4.49833    -0.0426    13.8155 0.0000e+00  -61.12500  -58.09183 1152594666 192.216061    34.7109      19649          7  0.000e+00
    500.228     1.8664   3.065787     1.8670   3.066032    4.49829    -0.0211    13.8155 0.0000e+00  -61.12500  -58.09183 1152594666 192.216061    34.7109      19650          7  0.000e+00
    500.257     1.8665   3.065767     1.8672   3.066026    4.49831    -0.0534    13.8155 0.0000e+00  -61.12500  -58.09183 1152594666 192.216062    34.7105      19651          7  0.000e+00
    500.257     1.8664   3.065739     1.8669   3.066062    4.49833    -0.0426    13.8155 0.0000e+00  -61.12500  -58.09183 1152594666 192.216062    34.7102      19652          7  0.000e+00
    500.228     1.8664   3.065736     1.8673   3.066038    4.49831    -0.0749    13.8155 0.0000e+00  -61.12500  -58.09183 1152594666 192.216063    34.7102      19653          7  0.000e+00
    500.257     1.8662   3.065770     1.8673   3.066020    4.49833    -0.0642    13.8155 0.0000e+00  -61.12500  -58.09183 1152594666 192.216063    34.7108      19654          7  0.000e+00
    500.257     1.8665   3.065746     1.8672   3.066020    4.49831    -0.0534    13.8155 0.0000e+00  -61.12500  -58.09183 1152594667 192.216064    34.7102      19655          7  0.000e+00
    500.257     1.8662   3.065753     1.8672   3.066044    4.49834    -0.0319    13.8155 0.0000e+00  -61.12500  -58.09183 1152594667 192.216064    34.7106      19656          7  0.000e+00
