product_data/regression_test/downloaded_data/MDGS/320620060703/ctd/p6607104.ros
* Sea-Bird SBE 9 Data File:
* FileName = D:\Data\Raw\p6607104.dat
* Software Version Seasave Win32 V 5.32
* Temperature SN = 1649
* Conductivity SN = 1431
* Number of Bytes Per Scan = 37
* Number of Voltage Words = 5
* Number of Scans Averaged by the Deck Unit = 1
* NMEA Latitude = 62 11.90 S
* NMEA Longitude = 058 08.28 W
* NMEA UTC (Time) = 03:24:18
** Ship:   Nathaniel B. Palmer 
** Cruise:    NBP0603 
** Cast #: 
** Station:   
** Operator: 
# nquan = 17
# nvalues = 1176                    
# units = specified
# name 0 = prDM: Pressure, Digiquartz [db]
# name 1 = t090C: Temperature [ITS-90, deg C]
# name 2 = c0S/m: Conductivity [S/m]
# name 3 = t190C: Temperature, 2 [ITS-90, deg C]
# name 4 = c1S/m: Conductivity, 2 [S/m]
# name 5 = sbeox0ML/L: Oxygen, SBE 43 [ml/l]
# name 6 = flECO-AFL: Fluorescence, Wetlab ECO-AFL/FL [mg/m^3]
# name 7 = bat: Beam Attenuation, Chelsea/Seatech/Wetlab CStar [1/m]
# name 8 = spar: SPAR/Surface Irradiance
# name 9 = latitude: Latitude [deg]
# name 10 = longitude: Longitude [deg]
# name 11 = timeY: Time, System [seconds]
# name 12 = timeJ: Julian Days
# name 13 = sal00: Salinity [PSU]
# name 14 = scan: scan number
# name 15 = nbf: number of bottles fired
# name 16 = flag:  0.000e+00
# interval = seconds: 0.0416667                   
# start_time = Jul 08 2006 03:24:26
*END*
[from data line 1107]
      9.602    -0.6915   2.787073    -0.6912   2.787047    7.57112    33.6241    13.8155 0.0000e+00  -62.19833  -58.13800 1152330680 189.160659    34.2181      38759         23  0.000e+00
      9.650    -0.6914   2.787030    -0.6909   2.787070    7.57118    33.6026    13.8155 0.0000e+00  -62.19833  -58.13800 1152330680 189.160659    34.2173      38760         23  0.000e+00
      9.602    -0.6915   2.787046    -0.6909   2.787059    7.57113    33.6026    13.8155 0.0000e+00  -62.19833  -58.13800 1152330680 189.160660    34.2178      38761         23  0.000e+00
      9.650    -0.6917   2.787073    -0.6907   2.787035    7.57119    33.5918    13.8155 0.0000e+00  -62.19833  -58.13800 1152330680 189.160660    34.2183      38762         23  0.000e+00
      9.583    -0.6915   2.787066    -0.6910   2.787047    7.57110    33.6456    13.8155 0.0000e+00  -62.19833  -58.13800 1152330680 189.160661    34.2180      38763         23  0.000e+00
      9.602    -0.6912   2.787089    -0.6907   2.787018    7.57106    33.6994    13.8155 0.0000e+00  -62.19833  -58.13800 1152330680 189.160661    34.2180      38764         23  0.000e+00
      9.583    -0.6917   2.787082    -0.6912   2.787018    7.57112    33.6349    13.8155 0.0000e+00  -62.19833  -58.13800 1152330680 189.160662    34.2185      38765         23  0.000e+00
      9.650    -0.6915   2.787066    -0.6912   2.787024    7.57117    33.5918    13.8155 0.0000e+00  -62.19833  -58.13800 1152330680 189.160662    34.2180      38766         23  0.000e+00
      9.602    -0.6917   2.787056    -0.6909   2.787012    7.57115    33.5811    13.8155 0.0000e+00  -62.19833  -58.13800 1152330680 189.160663    34.2181      38767         23  0.000e+00
      9.583    -0.6915   2.787086    -0.6912   2.787006    7.57109    33.5595    13.8155 0.0000e+00  -62.19833  -58.13800 1152330680 189.160663    34.2183      38768         23  0.000e+00
      9.602    -0.6913   2.787069    -0.6909   2.787041    7.57575    33.5811    13.8155 0.0000e+00  -62.19833  -58.13800 1152330680 189.160664    34.2179      38769         23  0.000e+00
      9.583    -0.6914   2.787056    -0.6910   2.787035    7.57109    33.5811    13.8155 0.0000e+00  -62.19833  -58.13800 1152330680 189.160664    34.2177      38770         23  0.000e+00
      9.583    -0.6917   2.787106    -0.6910   2.787047    7.57109    33.6026    13.8155 0.0000e+00  -62.19833  -58.13800 1152330680 189.160665    34.2187      38771         23  0.000e+00
      9.602    -0.6911   2.787076    -0.6912   2.787035    7.57104    33.6133    13.8155 0.0000e+00  -62.19833  -58.13800 1152330680 189.160665    34.2176      38772         23  0.000e+00
      9.583    -0.6912   2.787073    -0.6907   2.787070    7.58036    33.5595    13.8155 0.0000e+00  -62.19833  -58.13800 1152330680 189.160666    34.2178      38773         23  0.000e+00
      9.602    -0.6915   2.787066    -0.6907   2.787041    7.57578    33.5703    13.8155 0.0000e+00  -62.19833  -58.13800 1152330680 189.160666    34.2180      38774         23  0.000e+00
      9.583    -0.6912   2.787089    -0.6912   2.787012    7.57104    33.5703    13.8155 0.0000e+00  -62.19833  -58.13800 1152330680 189.160666    34.2180      38775         23  0.000e+00
      9.583    -0.6920   2.787066    -0.6910   2.787024    7.57117    33.5595    13.8155 0.0000e+00  -62.19833  -58.13800 1152330680 189.160667    34.2186      38776         23  0.000e+00
      9.602    -0.6913   2.787076    -0.6910   2.787001    7.57574    33.5811    13.8155 0.0000e+00  -62.19833  -58.13800 1152330680 189.160667    34.2180      38777         23  0.000e+00
      9.583    -0.6915   2.787063    -0.6913   2.787018    7.57576    33.5703    13.8155 0.0000e+00  -62.19833  -58.13800 1152330680 189.160668    34.2180      38778         23  0.000e+00
      8.955    -0.6913   2.787003    -0.6916   2.786954    7.57977    33.5273    13.8155 0.0000e+00  -62.19833  -58.13800 1152330685 189.160724    34.2174      38894         24  0.000e+00
      8.974    -0.6912   2.787000    -0.6909   2.786931    7.57977    33.5057    13.8155 0.0000e+00  -62.19833  -58.13800 1152330685 189.160724    34.2172      38895         24  0.000e+00
      8.879    -0.6912   2.786973    -0.6918   2.786942    7.57968    33.5595    13.8155 0.0000e+00  -62.19833  -58.13800 1152330685 189.160725    34.2169      38896         24  0.000e+00
      8.955    -0.6917   2.786987    -0.6920   2.786925    7.57983    33.6026    13.8155 0.0000e+00  -62.19833  -58.13800 1152330685 189.160725    34.2175      38897         24  0.000e+00
      8.907    -0.6912   2.786987    -0.6916   2.786919    7.57971    33.6026    13.8155 0.0000e+00  -62.19833  -58.13800 1152330685 189.160726    34.2170      38898         24  0.000e+00
      8.955    -0.6915   2.786970    -0.6918   2.786925    7.57982    33.5811    13.8155 0.0000e+00  -62.19833  -58.13800 1152330685 189.160726    34.2172      38899         24  0.000e+00
      8.879    -0.6915   2.786987    -0.6916   2.786907    7.57972    33.5918    13.8155 0.0000e+00  -62.19833  -58.13800 1152330685 189.160727    34.2174      38900         24  0.000e+00
      8.841    -0.6917   2.786973    -0.6918   2.786936    7.57971    33.5811    13.8155 0.0000e+00  -62.19833  -58.13800 1152330685 189.160727    34.2174      38901         24  0.000e+00
      8.879    -0.6912   2.786930    -0.6915   2.786925    7.57971    33.5811    13.8155 0.0000e+00  -62.19833  -58.13800 1152330685 189.160728    34.2163      38902         24  0.000e+00
      8.841    -0.6918   2.786940    -0.6918   2.786942    7.58442    33.6241    13.8155 0.0000e+00  -62.19833  -58.13800 1152330686 189.160728    34.2172      38903         24  0.000e+00
      8.879    -0.6920   2.786960    -0.6915   2.786931    7.58447    33.6349    13.8155 0.0000e+00  -62.19833  -58.13800 1152330686 189.160729    34.2176      38904         24  0.000e+00
      8.812    -0.6912   2.786980    -0.6913   2.786960    7.57961    33.6133    13.8155 0.0000e+00  -62.19833  -58.13800 1152330686 189.160729    34.2170      38905         24  0.000e+00
      8.841    -0.6920   2.786977    -0.6913   2.786936    7.57976    33.6456    13.8155 0.0000e+00  -62.19833  -58.13800 1152330686 189.160730    34.2178      38906         24  0.000e+00
      8.812    -0.6920   2.786983    -0.6916   2.786925    7.57972    33.6026    13.8155 0.0000e+00  -62.19833  -58.13800 1152330686 189.160730    34.2179      38907         24  0.000e+00
      8.745    -0.6915   2.786957    -0.6918   2.786960    7.57960    33.6026    13.8155 0.0000e+00  -62.19833  -58.13800 1152330686 189.160731    34.2171      38908         24  0.000e+00
      8.841    -0.6920   2.786960    -0.6921   2.786919    7.57978    33.6026    13.8155 0.0000e+00  -62.19833  -58.13800 1152330686 189.160731    34.2176      38909         24  0.000e+00
      8.745    -0.6917   2.786947    -0.6918   2.786919    7.57963    33.5918    13.8155 0.0000e+00  -62.19833  -58.13800 1152330686 189.160732    34.2171      38910         24  0.000e+00
      8.745    -0.6917   2.786947    -0.6920   2.786907    7.57963    33.5811    13.8155 0.0000e+00  -62.19833  -58.13800 1152330686 189.160732    34.2171      38911         24  0.000e+00
      8.765    -0.6917   2.786977    -0.6916   2.786919    7.57963    33.5811    13.8155 0.0000e+00  -62.19833  -58.13800 1152330686 189.160733    34.2175      38912         24  0.000e+00
      8.746    -0.6917   2.786937    -0.6913   2.786942    7.57964    33.5918    13.8155 0.0000e+00  -62.19833  -58.13800 1152330686 189.160733    34.2170      38913         24  0.000e+00
      8.698    -0.6923   2.786977    -0.6918   2.786902    7.58431    33.6133    13.8155 0.0000e+00  -62.19833  -58.13800 1152330686 189.160734    34.2183      38914         24  0.000e+00
      8.669    -0.6920   2.786986    -0.6919   2.786936    7.58423    33.6456    13.8155 0.0000e+00  -62.19833  -58.13800 1152330686 189.160734    34.2181      38915         24  0.000e+00
      8.669    -0.6920   2.786986    -0.6915   2.786954    7.58423    33.6456    13.8155 0.0000e+00  -62.19833  -58.13800 1152330686 189.160734    34.2181      38916         24  0.000e+00
      8.698    -0.6913   2.786957    -0.6916   2.786954    7.58418    33.5703    13.8155 0.0000e+00  -62.19833  -58.13800 1152330686 189.160735    34.2169      38917         24  0.000e+00
      8.669    -0.6917   2.786944    -0.6918   2.786931    7.58421    33.5811    13.8155 0.0000e+00  -62.19833  -58.13800 1152330686 189.160735    34.2171      38918         24  0.000e+00
      8.669    -0.6919   2.786960    -0.6918   2.786942    7.58423    33.6026    13.8155 0.0000e+00  -62.19833  -58.13800 1152330686 189.160736    34.2176      38919         24  0.000e+00
      8.631    -0.6918   2.786970    -0.6916   2.786925    7.58418    33.6026    13.8155 0.0000e+00  -62.19833  -58.13800 1152330686 189.160736    34.2177      38920         24  0.000e+00
      8.669    -0.6923   2.786967    -0.6915   2.786902    7.58429    33.6026    13.8155 0.0000e+00  -62.19833  -58.13800 1152330686 189.160737    34.2182      38921         24  0.000e+00
      8.631    -0.6918   2.786937    -0.6916   2.786936    7.58420    33.6026    13.8155 0.0000e+00  -62.19833  -58.13800 1152330686 189.160737    34.2173      38922         24  0.000e+00
      8.603    -0.6923   2.786920    -0.6916   2.786913    7.58425    33.5811    13.8155 0.0000e+00  -62.19833  -58.13800 1152330686 189.160738    34.2176      38923         24  0.000e+00
      8.603    -0.6923   2.786970    -0.6920   2.786919    7.58422    33.5488    13.8155 0.0000e+00  -62.19833  -58.13800 1152330686 189.160738    34.2183      38924         24  0.000e+00
      8.555    -0.6917   2.786957    -0.6913   2.786936    7.58408    33.5918    13.8155 0.0000e+00  -62.19833  -58.13800 1152330686 189.160739    34.2174      38925         24  0.000e+00
      8.603    -0.6918   2.786944    -0.6920   2.786925    7.58416    33.5918    13.8155 0.0000e+00  -62.19833  -58.13800 1152330686 189.160739    34.2174      38926         24  0.000e+00
      8.603    -0.6920   2.786973    -0.6921   2.786942    7.58416    33.6026    13.8155 0.0000e+00  -62.19833  -58.13800 1152330687 189.160740    34.2179      38927         24  0.000e+00
      8.488    -0.6918   2.786940    -0.6913   2.786913    7.58405    33.5380    13.8155 0.0000e+00  -62.19833  -58.13800 1152330687 189.160740    34.2174      38928         24  0.000e+00
      8.536    -0.6922   2.786937    -0.6919   2.786919    7.58415    33.5380    13.8155 0.0000e+00  -62.19833  -58.13800 1152330687 189.160741    34.2177      38929         24  0.000e+00
      8.536    -0.6918   2.786944    -0.6916   2.786907    7.58409    33.5918    13.8155 0.0000e+00  -62.19833  -58.13800 1152330687 189.160741    34.2174      38930         24  0.000e+00
      8.555    -0.6918   2.786947    -0.6916   2.786913    7.58411    33.5595    13.8155 0.0000e+00  -62.19833  -58.13800 1152330687 189.160742    34.2174      38931         24  0.000e+00
      8.536    -0.6924   2.786927    -0.6921   2.786919    7.58420    33.5380    13.8155 0.0000e+00  -62.19833  -58.13800 1152330687 189.160742    34.2179      38932         24  0.000e+00
      8.488    -0.6920   2.786940    -0.6916   2.786925    7.58407    33.5703    13.8155 0.0000e+00  -62.19833  -58.13800 1152330687 189.160743    34.2175      38933         24  0.000e+00
      8.460    -0.6922   2.786944    -0.6915   2.786942    7.58406    33.5811    13.8155 0.0000e+00  -62.19833  -58.13800 1152330687 189.160743    34.2178      38934         24  0.000e+00
      8.460    -0.6924   2.786924    -0.6920   2.786954    7.57946    33.6026    13.8155 0.0000e+00  -62.19833  -58.13800 1152330687 189.160744    34.2179      38935         24  0.000e+00
      8.488    -0.6920   2.786940    -0.6921   2.786931    7.58407    33.6133    13.8155 0.0000e+00  -62.19833  -58.13800 1152330687 189.160744    34.2175      38936         24  0.000e+00
      8.460    -0.6924   2.786944    -0.6921   2.786896    7.58410    33.5918    13.8155 0.0000e+00  -62.19833  -58.13800 1152330687 189.160745    34.2181      38937         24  0.000e+00
      8.460    -0.6917   2.786924    -0.6919   2.786896    7.58400    33.5811    13.8155 0.0000e+00  -62.19833  -58.13800 1152330687 189.160745    34.2170      38938         24  0.000e+00
      8.422    -0.6922   2.786924    -0.6920   2.786902    7.58404    33.6026    13.8155 0.0000e+00  -62.19833  -58.13800 1152330687 189.160746    34.2176      38939         24  0.000e+00
      8.460    -0.6924   2.786937    -0.6915   2.786902    7.58411    33.6026    13.8155 0.0000e+00  -62.19833  -58.13800 1152330687 189.160746    34.2180      38940         24  0.000e+00
      8.393    -0.6923   2.786960    -0.6916   2.786901    7.58400    33.5703    13.8155 0.0000e+00  -62.19833  -58.13800 1152330687 189.160747    34.2182      38941         24  0.000e+00
      8.422    -0.6921   2.786904    -0.6918   2.786902    7.58404    33.5811    13.8155 0.0000e+00  -62.19833  -58.13800 1152330687 189.160747    34.2173      38942         24  0.000e+00
