product_data/regression_test/downloaded_data/MDGS/320620060703/ctd/p6607601.cnv
* Sea-Bird SBE 9 Data File:
* FileName = D:\Data\Raw\p6607601.dat
* Software Version Seasave Win32 V 5.32
* Temperature SN = 1649
* Conductivity SN = 1431
* Number of Bytes Per Scan = 37
* Number of Voltage Words = 5
* Number of Scans Averaged by the Deck Unit = 1
* NMEA Latitude = 62 16.73 S
* NMEA Longitude = 058 05.18 W
* NMEA UTC (Time) = 15:51:28
** Ship:   Nathaniel B. Palmer 
** Cruise:    NBP0606 
# nquan = 15
# nvalues = 1420                        
# units = specified
# name 0 = prDM: Pressure, Digiquartz [db]
# name 1 = t090C: Temperature [ITS-90, deg C]
# name 2 = c0S/m: Conductivity [S/m]
# name 3 = t190C: Temperature, 2 [ITS-90, deg C]
# name 4 = c1S/m: Conductivity, 2 [S/m]
# name 5 = sbeox0ML/L: Oxygen, SBE 43 [ml/l]
# name 6 = flECO-AFL: Fluorescence, Wetlab ECO-AFL/FL [mg/m^3]
# name 7 = bat: Beam Attenuation, Chelsea/Seatech/Wetlab CStar [1/m]
# name 8 = spar: SPAR/Surface Irradiance
# name 9 = latitude: Latitude [deg]
# name 10 = longitude: Longitude [deg]
# name 11 = timeY: Time, System [seconds]
# name 12 = timeJ: Julian Days
# name 13 = sal00: Salinity [PSU]
# name 14 = flag: flag
# span 0 =      2.000,   1421.000       
# span 1 =    -1.5458,    -0.2847       
# span 2 =   2.638382,   2.852152       
# span 3 =    -1.5456,    -0.2849       
# span 4 =   2.739116,   2.852047       
# span 5 =    6.29068,    7.57885       
# span 6 =    -0.1476,     0.1305       
# span 7 =    13.8155,    13.8155       
# span 8 = 4.0285e+00, 3.0433e+01       
# span 9 =  -62.27883,  -62.27883       
# span 10 =  -58.08633,  -58.08633      
# span 11 = 1152373904, 1152376336      
# span 12 = 189.660941, 189.689094      
# span 13 =    32.0099,    34.5508      
# span 14 = 0.0000e+00, 0.0000e+00      
# interval = decibars: 1                
# start_time = Jul 08 2006 15:51:36
# bad_flag = -9.990e-29
*END*
[from data line 579]
    581.000    -0.6197   2.841625    -0.6193   2.841558    6.45650    -0.1166    13.8155 2.3371e+01  -62.27883  -58.08633 1152375032 189.673998    34.5233 0.0000e+00
    582.000    -0.6196   2.841669    -0.6191   2.841628    6.45567    -0.1093    13.8155 2.2389e+01  -62.27883  -58.08633 1152375033 189.674012    34.5231 0.0000e+00
    583.000    -0.6198   2.841700    -0.6194   2.841645    6.45684    -0.1115    13.8155 2.1239e+01  -62.27883  -58.08633 1152375034 189.674026    34.5233 0.0000e+00
    584.000    -0.6196   2.841761    -0.6194   2.841702    6.45746    -0.1107    13.8155 2.2170e+01  -62.27883  -58.08633 1152375035 189.674041    34.5233 0.0000e+00
    585.000    -0.6211   2.841680    -0.6216   2.841565    6.45850    -0.1033    13.8155 2.3334e+01  -62.27883  -58.08633 1152375037 189.674056    34.5232 0.0000e+00
    586.000    -0.6250   2.841442    -0.6246   2.841388    6.46008    -0.1202    13.8155 2.3363e+01  -62.27883  -58.08633 1152375039 189.674080    34.5240 0.0000e+00
    587.000    -0.6254   2.841469    -0.6251   2.841408    6.46107    -0.1267    13.8155 2.2196e+01  -62.27883  -58.08633 1152375041 189.674105    34.5242 0.0000e+00
    588.000    -0.6281   2.841319    -0.6281   2.841240    6.46046    -0.1070    13.8155 2.3458e+01  -62.27883  -58.08633 1152375042 189.674122    34.5246 0.0000e+00
    589.000    -0.6294   2.841271    -0.6290   2.841217    6.45868    -0.1151    13.8155 2.3777e+01  -62.27883  -58.08633 1152375044 189.674137    34.5249 0.0000e+00
    590.000    -0.6295   2.841314    -0.6291   2.841250    6.45557    -0.1182    13.8155 2.3405e+01  -62.27883  -58.08633 1152375045 189.674150    34.5249 0.0000e+00
    591.000    -0.6293   2.841371    -0.6289   2.841310    6.45530    -0.1183    13.8155 2.3378e+01  -62.27883  -58.08633 1152375046 189.674165    34.5248 0.0000e+00
    592.000    -0.6294   2.841409    -0.6289   2.841360    6.45659    -0.1289    13.8155 2.3541e+01  -62.27883  -58.08633 1152375048 189.674184    34.5249 0.0000e+00
    593.000    -0.6294   2.841454    -0.6294   2.841375    6.45696    -0.1200    13.8155 2.3288e+01  -62.27883  -58.08633 1152375049 189.674203    34.5249 0.0000e+00
    594.000    -0.6300   2.841452    -0.6296   2.841395    6.45786    -0.1290    13.8155 2.2276e+01  -62.27883  -58.08633 1152375051 189.674221    34.5249 0.0000e+00
    595.000    -0.6300   2.841498    -0.6297   2.841431    6.45691    -0.1290    13.8155 2.3374e+01  -62.27883  -58.08633 1152375052 189.674238    34.5249 0.0000e+00
    596.000    -0.6312   2.841449    -0.6307   2.841394    6.45591    -0.1079    13.8155 2.3378e+01  -62.27883  -58.08633 1152375054 189.674258    34.5250 0.0000e+00
    597.000    -0.6320   2.841434    -0.6315   2.841382    6.45740    -0.1067    13.8155 2.3378e+01  -62.27883  -58.08633 1152375056 189.674280    34.5251 0.0000e+00
    598.000    -0.6305   2.841600    -0.6298   2.841553    6.45722    -0.1151    13.8155 2.3314e+01  -62.27883  -58.08633 1152375058 189.674298    34.5250 0.0000e+00
    599.000    -0.6316   2.841554    -0.6311   2.841515    6.45776    -0.1192    13.8155 2.4286e+01  -62.27883  -58.08633 1152375059 189.674311    34.5251 0.0000e+00
    600.000    -0.6323   2.841555    -0.6320   2.841492    6.45829    -0.1124    13.8155 2.4353e+01  -62.27883  -58.08633 1152375060 189.674324    34.5252 0.0000e+00
    601.000    -0.6322   2.841602    -0.6319   2.841531    6.45624    -0.1249    13.8155 2.3995e+01  -62.27883  -58.08633 1152375061 189.674338    34.5252 0.0000e+00
    602.000    -0.6324   2.841632    -0.6320   2.841570    6.45588    -0.1253    13.8155 2.3377e+01  -62.27883  -58.08633 1152375063 189.674358    34.5252 0.0000e+00
    603.000    -0.6327   2.841658    -0.6327   2.841569    6.45557    -0.1225    13.8155 2.3344e+01  -62.27883  -58.08633 1152375065 189.674381    34.5253 0.0000e+00
    604.000    -0.6330   2.841679    -0.6328   2.841608    6.45207    -0.1134    13.8155 2.3992e+01  -62.27883  -58.08633 1152375066 189.674400    34.5254 0.0000e+00
    605.000    -0.6331   2.841726    -0.6327   2.841663    6.44994    -0.1142    13.8155 2.4144e+01  -62.27883  -58.08633 1152375068 189.674420    34.5254 0.0000e+00
    606.000    -0.6329   2.841779    -0.6327   2.841709    6.44906    -0.1205    13.8155 2.3566e+01  -62.27883  -58.08633 1152375070 189.674436    34.5254 0.0000e+00
    607.000    -0.6330   2.841833    -0.6327   2.841785    6.44965    -0.1166    13.8155 2.3954e+01  -62.27883  -58.08633 1152375071 189.674451    34.5256 0.0000e+00
    608.000    -0.6336   2.841853    -0.6331   2.841798    6.45050    -0.1182    13.8155 2.3867e+01  -62.27883  -58.08633 1152375072 189.674468    34.5259 0.0000e+00
    609.000    -0.6337   2.841896    -0.6333   2.841838    6.45092    -0.1083    13.8155 2.3433e+01  -62.27883  -58.08633 1152375074 189.674486    34.5261 0.0000e+00
    610.000    -0.6333   2.841963    -0.6328   2.841912    6.44881    -0.1130    13.8155 2.4925e+01  -62.27883  -58.08633 1152375075 189.674502    34.5258 0.0000e+00
    611.000    -0.6328   2.842072    -0.6327   2.841992    6.44107    -0.1205    13.8155 2.4532e+01  -62.27883  -58.08633 1152375076 189.674517    34.5262 0.0000e+00
    612.000    -0.6313   2.842320    -0.6309   2.842265    6.43432    -0.1142    13.8155 2.3421e+01  -62.27883  -58.08633 1152375078 189.674537    34.5272 0.0000e+00
    613.000    -0.6308   2.842425    -0.6305   2.842370    6.43299    -0.1164    13.8155 -9.990e-29  -62.27883  -58.08633 1152375080 189.674561    34.5274 0.0000e+00
    614.000    -0.6307   2.842493    -0.6304   2.842428    6.43002    -0.1309    13.8155 2.3378e+01  -62.27883  -58.08633 1152375082 189.674578    34.5276 0.0000e+00
    615.000    -0.6303   2.842578    -0.6301   2.842506    6.42938    -0.1166    13.8155 2.3378e+01  -62.27883  -58.08633 1152375083 189.674591    34.5277 0.0000e+00
    616.000    -0.6304   2.842622    -0.6301   2.842559    6.42698    -0.1165    13.8155 2.3378e+01  -62.27883  -58.08633 1152375084 189.674607    34.5278 0.0000e+00
    617.000    -0.6300   2.842727    -0.6297   2.842637    6.42348    -0.1105    13.8155 2.3378e+01  -62.27883  -58.08633 1152375086 189.674627    34.5281 0.0000e+00
    618.000    -0.6295   2.842815    -0.6292   2.842752    6.41858    -0.1186    13.8155 -9.990e-29  -62.27883  -58.08633 1152375088 189.674646    34.5282 0.0000e+00
    619.000    -0.6295   2.842867    -0.6291   2.842802    6.41624    -0.1119    13.8155 -9.990e-29  -62.27883  -58.08633 1152375089 189.674662    34.5283 0.0000e+00
    620.000    -0.6292   2.842949    -0.6289   2.842888    6.41509    -0.1167    13.8155 2.3378e+01  -62.27883  -58.08633 1152375090 189.674678    34.5284 0.0000e+00
    621.000    -0.6289   2.843019    -0.6287   2.842959    6.41546    -0.1219    13.8155 2.3378e+01  -62.27883  -58.08633 1152375092 189.674695    34.5285 0.0000e+00
    622.000    -0.6289   2.843075    -0.6285   2.843021    6.41595    -0.1305    13.8155 2.3378e+01  -62.27883  -58.08633 1152375093 189.674712    34.5287 0.0000e+00
    623.000    -0.6289   2.843110    -0.6284   2.843067    6.41424    -0.1130    13.8155 2.3378e+01  -62.27883  -58.08633 1152375095 189.674729    34.5285 0.0000e+00
    624.000    -0.6289   2.843148    -0.6285   2.843092    6.41366    -0.1158    13.8155 2.3378e+01  -62.27883  -58.08633 1152375097 189.674750    34.5284 0.0000e+00
    625.000    -0.6278   2.843317    -0.6274   2.843246    6.41228    -0.1258    13.8155 2.4237e+01  -62.27883  -58.08633 1152375099 189.674774    34.5288 0.0000e+00
    626.000    -0.6273   2.843402    -0.6269   2.843344    6.40966    -0.1251    13.8155 2.3234e+01  -62.27883  -58.08633 1152375100 189.674791    34.5288 0.0000e+00
    627.000    -0.6268   2.843507    -0.6267   2.843426    6.40672    -0.1149    13.8155 2.3228e+01  -62.27883  -58.08633 1152375101 189.674804    34.5290 0.0000e+00
    628.000    -0.6269   2.843563    -0.6265   2.843501    6.40588    -0.1094    13.8155 2.3592e+01  -62.27883  -58.08633 1152375102 189.674817    34.5293 0.0000e+00
    629.000    -0.6272   2.843580    -0.6268   2.843520    6.40498    -0.1226    13.8155 2.3701e+01  -62.27883  -58.08633 1152375104 189.674833    34.5293 0.0000e+00
    630.000    -0.6272   2.843627    -0.6269   2.843560    6.40393    -0.1197    13.8155 2.2214e+01  -62.27883  -58.08633 1152375106 189.674855    34.5293 0.0000e+00
    631.000    -0.6271   2.843690    -0.6268   2.843614    6.40462    -0.1205    13.8155 2.1460e+01  -62.27883  -58.08633 1152375107 189.674873    34.5294 0.0000e+00
    632.000    -0.6269   2.843745    -0.6266   2.843691    6.40255    -0.1124    13.8155 2.2100e+01  -62.27883  -58.08633 1152375109 189.674889    34.5293 0.0000e+00
    633.000    -0.6262   2.843869    -0.6260   2.843810    6.40082    -0.1179    13.8155 2.1671e+01  -62.27883  -58.08633 1152375110 189.674907    34.5297 0.0000e+00
    634.000    -0.6265   2.843929    -0.6263   2.843858    6.39564    -0.1214    13.8155 2.1413e+01  -62.27883  -58.08633 1152375112 189.674931    34.5302 0.0000e+00
    635.000    -0.6273   2.843921    -0.6270   2.843850    6.39396    -0.1244    13.8155 2.0399e+01  -62.27883  -58.08633 1152375114 189.674950    34.5304 0.0000e+00
    636.000    -0.6281   2.843911    -0.6277   2.843854    6.39477    -0.1109    13.8155 2.1683e+01  -62.27883  -58.08633 1152375115 189.674964    34.5306 0.0000e+00
    637.000    -0.6290   2.843891    -0.6287   2.843826    6.39286    -0.1290    13.8155 2.2370e+01  -62.27883  -58.08633 1152375116 189.674976    34.5308 0.0000e+00
    638.000    -0.6299   2.843861    -0.6297   2.843803    6.38963    -0.1235    13.8155 2.1372e+01  -62.27883  -58.08633 1152375117 189.674989    34.5309 0.0000e+00
    639.000    -0.6300   2.843903    -0.6298   2.843828    6.38814    -0.1237    13.8155 2.2480e+01  -62.27883  -58.08633 1152375119 189.675007    34.5309 0.0000e+00
    640.000    -0.6298   2.843962    -0.6295   2.843896    6.38711    -0.1193    13.8155 2.1252e+01  -62.27883  -58.08633 1152375121 189.675036    34.5309 0.0000e+00
    641.000    -0.6299   2.844004    -0.6296   2.843939    6.38837    -0.1197    13.8155 2.2018e+01  -62.27883  -58.08633 1152375123 189.675058    34.5309 0.0000e+00
    642.000    -0.6300   2.844046    -0.6296   2.843987    6.38904    -0.1238    13.8155 2.1418e+01  -62.27883  -58.08633 1152375125 189.675072    34.5310 0.0000e+00
    643.000    -0.6302   2.844074    -0.6300   2.844011    6.38957    -0.1170    13.8155 2.0488e+01  -62.27883  -58.08633 1152375126 189.675085    34.5311 0.0000e+00
    644.000    -0.6304   2.844099    -0.6304   2.844019    6.39016    -0.1155    13.8155 2.2607e+01  -62.27883  -58.08633 1152375127 189.675097    34.5310 0.0000e+00
    645.000    -0.6310   2.844107    -0.6307   2.844044    6.39063    -0.1215    13.8155 2.3464e+01  -62.27883  -58.08633 1152375128 189.675113    34.5312 0.0000e+00
    646.000    -0.6313   2.844124    -0.6310   2.844060    6.38975    -0.1192    13.8155 2.1076e+01  -62.27883  -58.08633 1152375130 189.675134    34.5312 0.0000e+00
    647.000    -0.6315   2.844153    -0.6313   2.844091    6.38839    -0.1247    13.8155 2.2242e+01  -62.27883  -58.08633 1152375132 189.675154    34.5312 0.0000e+00
    648.000    -0.6314   2.844211    -0.6311   2.844145    6.38913    -0.1261    13.8155 2.0986e+01  -62.27883  -58.08633 1152375134 189.675177    34.5312 0.0000e+00
    649.000    -0.6315   2.844249    -0.6312   2.844186    6.38965    -0.1199    13.8155 2.2560e+01  -62.27883  -58.08633 1152375135 189.675194    34.5314 0.0000e+00
    650.000    -0.6316   2.844285    -0.6313   2.844214    6.39037    -0.1237    13.8155 2.1661e+01  -62.27883  -58.08633 1152375136 189.675208    34.5313 0.0000e+00
    651.000    -0.6318   2.844310    -0.6315   2.844253    6.39104    -0.1222    13.8155 2.1322e+01  -62.27883  -58.08633 1152375137 189.675221    34.5313 0.0000e+00
    652.000    -0.6315   2.844375    -0.6311   2.844314    6.39173    -0.1269    13.8155 2.3753e+01  -62.27883  -58.08633 1152375139 189.675244    34.5312 0.0000e+00
    653.000    -0.6315   2.844424    -0.6312   2.844366    6.39179    -0.1155    13.8155 2.1979e+01  -62.27883  -58.08633 1152375141 189.675265    34.5312 0.0000e+00
    654.000    -0.6319   2.844431    -0.6317   2.844366    6.39042    -0.1223    13.8155 2.2832e+01  -62.27883  -58.08633 1152375142 189.675278    34.5312 0.0000e+00
    655.000    -0.6322   2.844449    -0.6320   2.844390    6.38914    -0.1275    13.8155 2.3195e+01  -62.27883  -58.08633 1152375143 189.675289    34.5312 0.0000e+00
    656.000    -0.6325   2.844467    -0.6320   2.844418    6.38989    -0.1238    13.8155 2.2990e+01  -62.27883  -58.08633 1152375145 189.675304    34.5312 0.0000e+00
    657.000    -0.6324   2.844522    -0.6320   2.844469    6.39093    -0.1124    13.8155 2.3858e+01  -62.27883  -58.08633 1152375148 189.675338    34.5312 0.0000e+00
    658.000    -0.6326   2.844546    -0.6325   2.844481    6.39149    -0.1236    13.8155 2.0153e+01  -62.27883  -58.08633 1152375149 189.675358    34.5312 0.0000e+00
    659.000    -0.6332   2.844544    -0.6329   2.844486    6.39186    -0.1187    13.8155 2.2945e+01  -62.27883  -58.08633 1152375150 189.675370    34.5312 0.0000e+00
    660.000    -0.6337   2.844540    -0.6335   2.844487    6.39266    -0.1200    13.8155 2.4863e+01  -62.27883  -58.08633 1152375151 189.675382    34.5312 0.0000e+00
    661.000    -0.6338   2.844583    -0.6335   2.844519    6.39194    -0.1249    13.8155 2.3972e+01  -62.27883  -58.08633 1152375152 189.675395    34.5313 0.0000e+00
    662.000    -0.6343   2.844587    -0.6339   2.844532    6.39398    -0.1175    13.8155 2.3451e+01  -62.27883  -58.08633 1152375154 189.675415    34.5313 0.0000e+00
    663.000    -0.6344   2.844631    -0.6341   2.844563    6.39481    -0.1149    13.8155 2.2471e+01  -62.27883  -58.08633 1152375156 189.675442    34.5314 0.0000e+00
    664.000    -0.6346   2.844656    -0.6345   2.844584    6.39567    -0.1213    13.8155 2.1340e+01  -62.27883  -58.08633 1152375158 189.675459    34.5314 0.0000e+00
    665.000    -0.6353   2.844655    -0.6351   2.844593    6.39602    -0.1257    13.8155 2.2691e+01  -62.27883  -58.08633 1152375159 189.675472    34.5315 0.0000e+00
    666.000    -0.6368   2.844573    -0.6366   2.844512    6.39620    -0.1289    13.8155 2.2727e+01  -62.27883  -58.08633 1152375160 189.675487    34.5316 0.0000e+00
    667.000    -0.6376   2.844562    -0.6374   2.844489    6.39822    -0.1256    13.8155 2.1501e+01  -62.27883  -58.08633 1152375162 189.675505    34.5317 0.0000e+00
    668.000    -0.6409   2.844310    -0.6415   2.844184    6.39996    -0.1125    13.8155 2.3599e+01  -62.27883  -58.08633 1152375164 189.675526    34.5317 0.0000e+00
    669.000    -0.6453   2.843982    -0.6451   2.843917    6.40229    -0.1159    13.8155 2.0617e+01  -62.27883  -58.08633 1152375165 189.675544    34.5316 0.0000e+00
    670.000    -0.6506   2.843555    -0.6509   2.843460    6.40539    -0.1036    13.8155 2.2487e+01  -62.27883  -58.08633 1152375167 189.675560    34.5314 0.0000e+00
    671.000    -0.6531   2.843390    -0.6521   2.843390    6.40916    -0.1290    13.8155 2.2335e+01  -62.27883  -58.08633 1152375168 189.675576    34.5315 0.0000e+00
    672.000    -0.6556   2.843225    -0.6556   2.843140    6.41344    -0.1219    13.8155 2.0999e+01  -62.27883  -58.08633 1152375169 189.675591    34.5315 0.0000e+00
    673.000    -0.6573   2.843114    -0.6574   2.843031    6.41621    -0.1134    13.8155 2.3136e+01  -62.27883  -58.08633 1152375171 189.675609    34.5314 0.0000e+00
    674.000    -0.6578   2.843121    -0.6576   2.843060    6.41774    -0.1286    13.8155 2.0860e+01  -62.27883  -58.08633 1152375173 189.675634    34.5314 0.0000e+00
    675.000    -0.6585   2.843117    -0.6589   2.843010    6.41836    -0.1301    13.8155 2.2847e+01  -62.27883  -58.08633 1152375175 189.675653    34.5314 0.0000e+00
