product_data/regression_test/downloaded_data/MDGS/320620060703/ctd/p6606205.ros
* Sea-Bird SBE 9 Data File:
* FileName = D:\Data\Raw\p6606205.dat
* Software Version Seasave Win32 V 5.32
* Temperature SN = 1649
* Conductivity SN = 1431
* Number of Bytes Per Scan = 37
* Number of Voltage Words = 5
* Number of Scans Averaged by the Deck Unit = 1
* NMEA Latitude = 61 05.73 S
* NMEA Longitude = 058 08.04 W
* NMEA UTC (Time) = 08:40:48
** Ship:   Nathaniel B. Palmer 
** Cruise:    NBP0606 
# nquan = 17
# nvalues = 1176                    
# units = specified
# name 0 = prDM: Pressure, Digiquartz [db]
# name 1 = t090C: Temperature [ITS-90, deg C]
# name 2 = c0S/m: Conductivity [S/m]
# name 3 = t190C: Temperature, 2 [ITS-90, deg C]
# name 4 = c1S/m: Conductivity, 2 [S/m]
# name 5 = sbeox0ML/L: Oxygen, SBE 43 [ml/l]
# name 6 = flECO-AFL: Fluorescence, Wetlab ECO-AFL/FL [mg/m^3]
# name 7 = bat: Beam Attenuation, Chelsea/Seatech/Wetlab CStar [1/m]
# name 8 = spar: SPAR/Surface Irradiance
# name 9 = latitude: Latitude [deg]
# name 10 = longitude: Longitude [deg]
# name 11 = timeY: Time, System [seconds]
# name 12 = timeJ: Julian Days
# name 13 = sal00: Salinity [PSU]
# name 14 = scan: scan number
# name 15 = nbf: number of bottles fired
# name 16 = flag:  0.000e+00
# interval = seconds: 0.0416667                   
# start_time = Jul 07 2006 08:40:56
*END*
[from data line 256]
    153.626     0.8712   2.938210     0.8759   2.938470    5.54686    -0.0319    13.8155 0.0000e+00  -61.09550  -58.13400 1152261930 188.364954    34.3799       6626          6  0.000e+00
    153.617     0.8716   2.938338     0.8762   2.938559    5.54676    -0.0642    13.8155 0.0000e+00  -61.09550  -58.13400 1152261930 188.364955    34.3812       6627          6  0.000e+00
    153.693     0.8734   2.938531     0.8763   2.938607    5.54652    -0.0857    13.8155 0.0000e+00  -61.09550  -58.13400 1152261930 188.364955    34.3816       6628          6  0.000e+00
    153.617     0.8747   2.938706     0.8773   2.938719    5.54623    -0.0534    13.8155 0.0000e+00  -61.09550  -58.13400 1152261930 188.364956    34.3825       6629          6  0.000e+00
    153.693     0.8762   2.938852     0.8788   2.938790    5.55061    -0.0426    13.8155 0.0000e+00  -61.09550  -58.13400 1152261930 188.364956    34.3826       6630          6  0.000e+00
    153.693     0.8792   2.938922     0.8788   2.938849    5.54568    -0.0534    13.8155 0.0000e+00  -61.09550  -58.13400 1152261931 188.364957    34.3803       6631          6  0.000e+00
    153.760     0.8775   2.938740     0.8790   2.938879    5.54601    -0.0319    13.8155 0.0000e+00  -61.09550  -58.13400 1152261931 188.364957    34.3798       6632          6  0.000e+00
    153.760     0.8756   2.938517     0.8801   2.938991    5.54633    -0.0211    13.8155 0.0000e+00  -61.09550  -58.13400 1152261931 188.364958    34.3790       6633          6  0.000e+00
    153.760     0.8744   2.938341     0.8815   2.939051    5.54655    -0.0857    13.8155 0.0000e+00  -61.09550  -58.13400 1152261931 188.364958    34.3781       6634          6  0.000e+00
    153.770     0.8731   2.938213     0.8807   2.938991    5.54676    -0.0642    13.8155 0.0000e+00  -61.09550  -58.13400 1152261931 188.364959    34.3778       6635          6  0.000e+00
    153.827     0.8714   2.938081     0.8816   2.938932    5.54706    -0.0857    13.8155 0.0000e+00  -61.09550  -58.13400 1152261931 188.364959    34.3780       6636          6  0.000e+00
    153.760     0.8700   2.937993     0.8807   2.938891    5.54721    -0.0749    13.8155 0.0000e+00  -61.09550  -58.13400 1152261931 188.364959    34.3784       6637          6  0.000e+00
    153.827     0.8695   2.938010     0.8782   2.938701    5.54731    -0.0426    13.8155 0.0000e+00  -61.09550  -58.13400 1152261931 188.364960    34.3791       6638          6  0.000e+00
    153.827     0.8697   2.938054     0.8771   2.938542    5.54727    -0.0642    13.8155 0.0000e+00  -61.09550  -58.13400 1152261931 188.364960    34.3795       6639          6  0.000e+00
    153.837     0.8698   2.938051     0.8770   2.938524    5.54726    -0.0426    13.8155 0.0000e+00  -61.09550  -58.13400 1152261931 188.364961    34.3793       6640          6  0.000e+00
    153.827     0.8692   2.938078     0.8774   2.938619    5.55187    -0.0211    13.8155 0.0000e+00  -61.09550  -58.13400 1152261931 188.364961    34.3803       6641          6  0.000e+00
    153.827     0.8700   2.938058     0.8782   2.938749    5.54723     0.0112    13.8155 0.0000e+00  -61.09550  -58.13400 1152261931 188.364962    34.3792       6642          6  0.000e+00
    153.827     0.8697   2.938061     0.8801   2.938920    5.54726     0.0219    13.8155 0.0000e+00  -61.09550  -58.13400 1152261931 188.364962    34.3796       6643          6  0.000e+00
    153.903     0.8695   2.938085     0.8816   2.939074    5.54733    -0.0104    13.8155 0.0000e+00  -61.09550  -58.13400 1152261931 188.364963    34.3800       6644          6  0.000e+00
    153.836     0.8698   2.938142     0.8839   2.939228    5.54721    -0.0104    13.8155 0.0000e+00  -61.09550  -58.13400 1152261931 188.364963    34.3804       6645          6  0.000e+00
    153.903     0.8704   2.938162     0.8849   2.939376    5.55175    -0.0319    13.8155 0.0000e+00  -61.09550  -58.13400 1152261931 188.364964    34.3800       6646          6  0.000e+00
    153.760     0.8709   2.938267     0.8856   2.939501    5.55153    -0.0426    13.8155 0.0000e+00  -61.09550  -58.13400 1152261931 188.364964    34.3809       6647          6  0.000e+00
    153.970     0.8719   2.938477     0.8860   2.939584    5.55149    -0.0426    13.8155 0.0000e+00  -61.09550  -58.13400 1152261931 188.364965    34.3825       6648          6  0.000e+00
    153.903     0.8733   2.938696     0.8872   2.939649    5.55117    -0.0211    13.8155 0.0000e+00  -61.09550  -58.13400 1152261931 188.364965    34.3838       6649          6  0.000e+00
    153.836     0.8748   2.938852     0.8872   2.939678    5.55087     0.0219    13.8155 0.0000e+00  -61.09550  -58.13400 1152261931 188.364966    34.3841       6650          6  0.000e+00
    153.903     0.8758   2.938939     0.8872   2.939714    5.55078    -0.0534    13.8155 0.0000e+00  -61.09550  -58.13400 1152261931 188.364966    34.3842       6651          6  0.000e+00
    153.903     0.8775   2.939081     0.8880   2.939714    5.55051    -0.0426    13.8155 0.0000e+00  -61.09550  -58.13400 1152261931 188.364967    34.3841       6652          6  0.000e+00
    153.827     0.8787   2.939210     0.8881   2.939737    5.55025    -0.0426    13.8155 0.0000e+00  -61.09550  -58.13400 1152261931 188.364967    34.3844       6653          6  0.000e+00
    153.903     0.8806   2.939382     0.8878   2.939708    5.54546    -0.0642    13.8155 0.0000e+00  -61.09550  -58.13400 1152261931 188.364968    34.3845       6654          6  0.000e+00
    153.827     0.8822   2.939463     0.8872   2.939607    5.54519    -0.0857    13.8155 0.0000e+00  -61.09550  -58.13400 1152261932 188.364968    34.3839       6655          6  0.000e+00
    153.903     0.8836   2.939507     0.8858   2.939518    5.54507    -0.0964    13.8155 0.0000e+00  -61.09550  -58.13400 1152261932 188.364969    34.3828       6656          6  0.000e+00
    153.827     0.8845   2.939487     0.8855   2.939495    5.54491    -0.0749    13.8155 0.0000e+00  -61.09550  -58.13400 1152261932 188.364969    34.3816       6657          6  0.000e+00
    153.903     0.8850   2.939527     0.8843   2.939394    5.54490    -0.0211    13.8155 0.0000e+00  -61.09550  -58.13400 1152261932 188.364970    34.3816       6658          6  0.000e+00
    153.836     0.8853   2.939510     0.8804   2.939133    5.54482     0.0004    13.8155 0.0000e+00  -61.09550  -58.13400 1152261932 188.364970    34.3810       6659          6  0.000e+00
    153.827     0.8850   2.939429     0.8781   2.938843    5.54489     0.0004    13.8155 0.0000e+00  -61.09550  -58.13400 1152261932 188.364971    34.3803       6660          6  0.000e+00
    153.827     0.8850   2.939369     0.8777   2.938695    5.54492    -0.0319    13.8155 0.0000e+00  -61.09550  -58.13400 1152261932 188.364971    34.3796       6661          6  0.000e+00
    153.760     0.8839   2.939304     0.8768   2.938648    5.54502    -0.0534    13.8155 0.0000e+00  -61.09550  -58.13400 1152261932 188.364972    34.3800       6662          6  0.000e+00
    153.827     0.8831   2.939267     0.8763   2.938624    5.54974    -0.0857    13.8155 0.0000e+00  -61.09550  -58.13400 1152261932 188.364972    34.3803       6663          6  0.000e+00
    153.062     0.8663   2.937780     0.8684   2.937766    5.53806    -0.0534    13.8155 0.0000e+00  -61.09550  -58.13400 1152261936 188.365024    34.3801       6770          7  0.000e+00
    153.339     0.8667   2.937736     0.8681   2.937760    5.54281    -0.0319    13.8155 0.0000e+00  -61.09550  -58.13400 1152261936 188.365024    34.3790       6771          7  0.000e+00
    153.196     0.8669   2.937804     0.8684   2.937742    5.54265    -0.0749    13.8155 0.0000e+00  -61.09550  -58.13400 1152261936 188.365025    34.3797       6772          7  0.000e+00
    153.272     0.8665   2.937763     0.8681   2.937736    5.54277    -0.0426    13.8155 0.0000e+00  -61.09550  -58.13400 1152261936 188.365025    34.3795       6773          7  0.000e+00
    153.196     0.8665   2.937706     0.8680   2.937689    5.54274    -0.0319    13.8155 0.0000e+00  -61.09550  -58.13400 1152261936 188.365026    34.3789       6774          7  0.000e+00
    153.272     0.8662   2.937726     0.8677   2.937677    5.54282    -0.0534    13.8155 0.0000e+00  -61.09550  -58.13400 1152261937 188.365026    34.3794       6775          7  0.000e+00
    153.272     0.8664   2.937669     0.8675   2.937695    5.54283    -0.0642    13.8155 0.0000e+00  -61.09550  -58.13400 1152261937 188.365027    34.3785       6776          7  0.000e+00
    153.339     0.8662   2.937665     0.8677   2.937707    5.54290    -0.0642    13.8155 0.0000e+00  -61.09550  -58.13400 1152261937 188.365027    34.3786       6777          7  0.000e+00
    153.272     0.8656   2.937689     0.8680   2.937683    5.54291    -0.0534    13.8155 0.0000e+00  -61.09550  -58.13400 1152261937 188.365027    34.3797       6778          7  0.000e+00
    153.339     0.8662   2.937676     0.8675   2.937677    5.54290    -0.0426    13.8155 0.0000e+00  -61.09550  -58.13400 1152261937 188.365028    34.3787       6779          7  0.000e+00
    153.349     0.8662   2.937723     0.8675   2.937653    5.54288     0.0004    13.8155 0.0000e+00  -61.09550  -58.13400 1152261937 188.365028    34.3793       6780          7  0.000e+00
    153.339     0.8669   2.937723     0.8677   2.937665    5.54280    -0.0211    13.8155 0.0000e+00  -61.09550  -58.13400 1152261937 188.365029    34.3786       6781          7  0.000e+00
    153.406     0.8663   2.937733     0.8680   2.937713    5.54291    -0.1072    13.8155 0.0000e+00  -61.09550  -58.13400 1152261937 188.365029    34.3793       6782          7  0.000e+00
    153.339     0.8665   2.937723     0.8680   2.937713    5.54284    -0.1287    13.8155 0.0000e+00  -61.09550  -58.13400 1152261937 188.365030    34.3790       6783          7  0.000e+00
    153.416     0.8667   2.937733     0.8686   2.937724    5.54287    -0.0642    13.8155 0.0000e+00  -61.09550  -58.13400 1152261937 188.365030    34.3789       6784          7  0.000e+00
    153.339     0.8670   2.937740     0.8684   2.937730    5.54278    -0.0426    13.8155 0.0000e+00  -61.09550  -58.13400 1152261937 188.365031    34.3787       6785          7  0.000e+00
    153.406     0.8665   2.937689     0.8684   2.937730    5.54291    -0.0426    13.8155 0.0000e+00  -61.09550  -58.13400 1152261937 188.365031    34.3785       6786          7  0.000e+00
    153.406     0.8661   2.937689     0.8681   2.937713    5.54296    -0.0319    13.8155 0.0000e+00  -61.09550  -58.13400 1152261937 188.365032    34.3790       6787          7  0.000e+00
    153.406     0.8659   2.937659     0.8681   2.937683    5.53843    -0.0319    13.8155 0.0000e+00  -61.09550  -58.13400 1152261937 188.365032    34.3788       6788          7  0.000e+00
    153.416     0.8659   2.937666     0.8678   2.937695    5.53843    -0.0319    13.8155 0.0000e+00  -61.09550  -58.13400 1152261937 188.365033    34.3789       6789          7  0.000e+00
    153.482     0.8662   2.937706     0.8677   2.937707    5.54300    -0.0534    13.8155 0.0000e+00  -61.09550  -58.13400 1152261937 188.365033    34.3790       6790          7  0.000e+00
    153.406     0.8664   2.937720     0.8678   2.937642    5.54291    -0.0211    13.8155 0.0000e+00  -61.09550  -58.13400 1152261937 188.365034    34.3790       6791          7  0.000e+00
    153.406     0.8659   2.937733     0.8678   2.937683    5.54295    -0.0426    13.8155 0.0000e+00  -61.09550  -58.13400 1152261937 188.365034    34.3797       6792          7  0.000e+00
    153.416     0.8663   2.937706     0.8678   2.937683    5.53837    -0.0319    13.8155 0.0000e+00  -61.09550  -58.13400 1152261937 188.365035    34.3789       6793          7  0.000e+00
    153.482     0.8659   2.937696     0.8680   2.937659    5.54303    -0.0426    13.8155 0.0000e+00  -61.09550  -58.13400 1152261937 188.365035    34.3792       6794          7  0.000e+00
    153.406     0.8664   2.937726     0.8678   2.937671    5.54290    -0.0319    13.8155 0.0000e+00  -61.09550  -58.13400 1152261937 188.365036    34.3791       6795          7  0.000e+00
    153.482     0.8662   2.937723     0.8676   2.937695    5.54298    -0.0749    13.8155 0.0000e+00  -61.09550  -58.13400 1152261937 188.365036    34.3792       6796          7  0.000e+00
    153.406     0.8659   2.937713     0.8677   2.937707    5.54297    -0.0749    13.8155 0.0000e+00  -61.09550  -58.13400 1152261937 188.365037    34.3795       6797          7  0.000e+00
    153.415     0.8662   2.937716     0.8681   2.937725    5.53837    -0.0642    13.8155 0.0000e+00  -61.09550  -58.13400 1152261937 188.365037    34.3792       6798          7  0.000e+00
    153.482     0.8667   2.937720     0.8686   2.937689    5.54293    -0.0426    13.8155 0.0000e+00  -61.09550  -58.13400 1152261937 188.365038    34.3787       6799          7  0.000e+00
    153.406     0.8664   2.937699     0.8683   2.937719    5.54292    -0.0642    13.8155 0.0000e+00  -61.09550  -58.13400 1152261938 188.365038    34.3788       6800          7  0.000e+00
    153.406     0.8663   2.937713     0.8683   2.937736    5.54292    -0.0426    13.8155 0.0000e+00  -61.09550  -58.13400 1152261938 188.365039    34.3790       6801          7  0.000e+00
    153.482     0.8662   2.937733     0.8677   2.937713    5.54298    -0.0211    13.8155 0.0000e+00  -61.09550  -58.13400 1152261938 188.365039    34.3794       6802          7  0.000e+00
    153.406     0.8670   2.937706     0.8683   2.937724    5.54285    -0.0319    13.8155 0.0000e+00  -61.09550  -58.13400 1152261938 188.365040    34.3782       6803          7  0.000e+00
    153.406     0.8667   2.937713     0.8678   2.937713    5.54288    -0.0426    13.8155 0.0000e+00  -61.09550  -58.13400 1152261938 188.365040    34.3786       6804          7  0.000e+00
    153.406     0.8668   2.937787     0.8680   2.937724    5.54283    -0.0642    13.8155 0.0000e+00  -61.09550  -58.13400 1152261938 188.365041    34.3795       6805          7  0.000e+00
    153.406     0.8669   2.937791     0.8676   2.937671    5.54282    -0.0642    13.8155 0.0000e+00  -61.09550  -58.13400 1152261938 188.365041    34.3794       6806          7  0.000e+00
    153.415     0.8672   2.937787     0.8681   2.937707    5.54280     0.0112    13.8155 0.0000e+00  -61.09550  -58.13400 1152261938 188.365041    34.3790       6807          7  0.000e+00
    153.406     0.8673   2.937804     0.8677   2.937713    5.53820    -0.0104    13.8155 0.0000e+00  -61.09550  -58.13400 1152261938 188.365042    34.3791       6808          7  0.000e+00
    153.339     0.8671   2.937774     0.8677   2.937707    5.54275    -0.0749    13.8155 0.0000e+00  -61.09550  -58.13400 1152261938 188.365042    34.3790       6809          7  0.000e+00
    153.406     0.8670   2.937780     0.8681   2.937683    5.54281    -0.0749    13.8155 0.0000e+00  -61.09550  -58.13400 1152261938 188.365043    34.3791       6810          7  0.000e+00
    153.349     0.8672   2.937767     0.8680   2.937695    5.54275    -0.0211    13.8155 0.0000e+00  -61.09550  -58.13400 1152261938 188.365043    34.3788       6811          7  0.000e+00
    153.339     0.8667   2.937743     0.8680   2.937683    5.53825    -0.0426    13.8155 0.0000e+00  -61.09550  -58.13400 1152261938 188.365044    34.3790       6812          7  0.000e+00
    153.339     0.8663   2.937774     0.8678   2.937677    5.53827    -0.0426    13.8155 0.0000e+00  -61.09550  -58.13400 1152261938 188.365044    34.3798       6813          7  0.000e+00
    153.406     0.8665   2.937750     0.8681   2.937695    5.54288    -0.0749    13.8155 0.0000e+00  -61.09550  -58.13400 1152261938 188.365045    34.3793       6814          7  0.000e+00
    153.272     0.8664   2.937740     0.8681   2.937707    5.54280    -0.0964    13.8155 0.0000e+00  -61.09550  -58.13400 1152261938 188.365045    34.3794       6815          7  0.000e+00
