product_data/regression_test/downloaded_data/MDGS/320620060703/ctd/p6607803.cnv
* Sea-Bird SBE 9 Data File:
* FileName = D:\Data\Raw\P6607803.dat
* Software Version Seasave Win32 V 5.32
* Temperature SN = 1649
* Conductivity SN = 1431
* Number of Bytes Per Scan = 37
* Number of Voltage Words = 5
* Number of Scans Averaged by the Deck Unit = 1
* NMEA Latitude = 62 18.67 S
* NMEA Longitude = 058 03.91 W
* NMEA UTC (Time) = 00:15:32
** Ship:   Nathaniel B. Palmer 
** Cruise:    NBP0603 
** Cast #: 
** Station:   
** Operator: 
# nquan = 15
# nvalues = 1397                        
# units = specified
# name 0 = prDM: Pressure, Digiquartz [db]
# name 1 = t090C: Temperature [ITS-90, deg C]
# name 2 = c0S/m: Conductivity [S/m]
# name 3 = t190C: Temperature, 2 [ITS-90, deg C]
# name 4 = c1S/m: Conductivity, 2 [S/m]
# name 5 = sbeox0ML/L: Oxygen, SBE 43 [ml/l]
# name 6 = flECO-AFL: Fluorescence, Wetlab ECO-AFL/FL [mg/m^3]
# name 7 = bat: Beam Attenuation, Chelsea/Seatech/Wetlab CStar [1/m]
# name 8 = spar: SPAR/Surface Irradiance
# name 9 = latitude: Latitude [deg]
# name 10 = longitude: Longitude [deg]
# name 11 = timeY: Time, System [seconds]
# name 12 = timeJ: Julian Days
# name 13 = sal00: Salinity [PSU]
# name 14 = flag: flag
# span 0 =      1.000,   1397.000       
# span 1 =    -1.7966,    -0.3856       
# span 2 =   2.700100,   2.849091       
# span 3 =    -1.7939,    -0.3836       
# span 4 =   2.700400,   2.848482       
# span 5 =    6.27278,    7.93631       
# span 6 =    -0.1510,     0.2116       
# span 7 =    13.8155,    13.8155       
# span 8 = -2.619e-02, 1.8287e+00       
# span 9 =  -62.31117,  -62.31117       
# span 10 =  -58.06517,  -58.06517      
# span 11 = 1152404137, 1152406031      
# span 12 = 190.010849, 190.032792      
# span 13 =    34.1714,    34.5444      
# span 14 = 0.0000e+00, 0.0000e+00      
# interval = decibars: 1                
# start_time = Jul 09 2006 00:15:40
# bad_flag = -9.990e-29
*END*
[from data line 97]
     98.000    -1.6820   2.709905    -1.6795   2.709795    7.77949     0.1168    13.8155 0.0000e+00  -62.31117  -58.06517 1152404327 190.013071    34.2352 0.0000e+00
     99.000    -1.6775   2.710647    -1.6751   2.710648    7.76201     0.1062    13.8155 0.0000e+00  -62.31117  -58.06517 1152404328 190.013083    34.2395 0.0000e+00
    100.000    -1.6768   2.710834    -1.6743   2.710921    7.74927     0.1097    13.8155 0.0000e+00  -62.31117  -58.06517 1152404329 190.013097    34.2407 0.0000e+00
    101.000    -1.6752   2.711097    -1.6729   2.711182    7.73677     0.1105    13.8155 0.0000e+00  -62.31117  -58.06517 1152404331 190.013112    34.2420 0.0000e+00
    102.000    -1.6692   2.711855    -1.6671   2.711751    7.72081     0.1094    13.8155 0.0000e+00  -62.31117  -58.06517 1152404332 190.013127    34.2450 0.0000e+00
    103.000    -1.6631   2.712638    -1.6608   2.712629    7.70465     0.1106    13.8155 0.0000e+00  -62.31117  -58.06517 1152404333 190.013141    34.2481 0.0000e+00
    104.000    -1.6610   2.712942    -1.6585   2.713052    7.69517     0.1017    13.8155 0.0000e+00  -62.31117  -58.06517 1152404334 190.013156    34.2492 0.0000e+00
    105.000    -1.6603   2.713087    -1.6578   2.713223    7.68864     0.1253    13.8155 0.0000e+00  -62.31117  -58.06517 1152404336 190.013174    34.2500 0.0000e+00
    106.000    -1.6555   2.713782    -1.6536   2.713795    7.68003     0.1099    13.8155 0.0000e+00  -62.31117  -58.06517 1152404338 190.013191    34.2534 0.0000e+00
    107.000    -1.6507   2.714407    -1.6502   2.714194    7.67107     0.0929    13.8155 0.0000e+00  -62.31117  -58.06517 1152404339 190.013206    34.2561 0.0000e+00
    108.000    -1.6471   2.714887    -1.6447   2.714995    7.65984     0.1078    13.8155 0.0000e+00  -62.31117  -58.06517 1152404340 190.013218    34.2577 0.0000e+00
    109.000    -1.6436   2.715388    -1.6413   2.715344    7.64990     0.1025    13.8155 0.0000e+00  -62.31117  -58.06517 1152404341 190.013230    34.2602 0.0000e+00
    110.000    -1.6392   2.715911    -1.6365   2.716034    7.64203     0.0978    13.8155 0.0000e+00  -62.31117  -58.06517 1152404342 190.013242    34.2616 0.0000e+00
    111.000    -1.6385   2.716032    -1.6365   2.716152    7.63651     0.1070    13.8155 0.0000e+00  -62.31117  -58.06517 1152404343 190.013258    34.2619 0.0000e+00
    112.000    -1.6364   2.716326    -1.6339   2.716431    7.62872     0.0970    13.8155 0.0000e+00  -62.31117  -58.06517 1152404345 190.013275    34.2630 0.0000e+00
    113.000    -1.6333   2.716703    -1.6310   2.716825    7.62069     0.0941    13.8155 0.0000e+00  -62.31117  -58.06517 1152404346 190.013292    34.2640 0.0000e+00
    114.000    -1.6327   2.716789    -1.6302   2.716960    7.61494     0.1005    13.8155 0.0000e+00  -62.31117  -58.06517 1152404348 190.013310    34.2640 0.0000e+00
    115.000    -1.6345   2.716782    -1.6319   2.717006    7.61124     0.0973    13.8155 0.0000e+00  -62.31117  -58.06517 1152404349 190.013326    34.2654 0.0000e+00
    116.000    -1.6381   2.716581    -1.6362   2.716806    7.61206     0.0914    13.8155 0.0000e+00  -62.31117  -58.06517 1152404350 190.013339    34.2664 0.0000e+00
    117.000    -1.6340   2.716985    -1.6304   2.717235    7.61346     0.1004    13.8155 0.0000e+00  -62.31117  -58.06517 1152404351 190.013352    34.2666 0.0000e+00
    118.000    -1.6350   2.716972    -1.6331   2.717116    7.60587     0.0922    13.8155 0.0000e+00  -62.31117  -58.06517 1152404352 190.013364    34.2670 0.0000e+00
    119.000    -1.6293   2.717552    -1.6270   2.717581    7.59762     0.0863    13.8155 0.0000e+00  -62.31117  -58.06517 1152404353 190.013376    34.2678 0.0000e+00
    120.000    -1.6311   2.717717    -1.6275   2.718114    7.59087     0.0927    13.8155 0.0000e+00  -62.31117  -58.06517 1152404355 190.013389    34.2684 0.0000e+00
    121.000    -1.6510   2.716000    -1.6460   2.716623    7.58673     0.1043    13.8155 0.0000e+00  -62.31117  -58.06517 1152404356 190.013405    34.2706 0.0000e+00
    122.000    -1.6605   2.715232    -1.6554   2.715898    7.58531     0.0804    13.8155 0.0000e+00  -62.31117  -58.06517 1152404358 190.013426    34.2704 0.0000e+00
    123.000    -1.6648   2.714917    -1.6622   2.715311    7.58653     0.0854    13.8155 0.0000e+00  -62.31117  -58.06517 1152404360 190.013447    34.2704 0.0000e+00
    124.000    -1.6647   2.714974    -1.6620   2.715338    7.58813     0.0820    13.8155 0.0000e+00  -62.31117  -58.06517 1152404361 190.013460    34.2703 0.0000e+00
    125.000    -1.6645   2.715020    -1.6618   2.715416    7.58678     0.0787    13.8155 0.0000e+00  -62.31117  -58.06517 1152404362 190.013470    34.2701 0.0000e+00
    126.000    -1.6628   2.715230    -1.6601   2.715538    7.58443     0.0886    13.8155 0.0000e+00  -62.31117  -58.06517 1152404363 190.013481    34.2703 0.0000e+00
    127.000    -1.6623   2.715325    -1.6601   2.715628    7.58705     0.0836    13.8155 0.0000e+00  -62.31117  -58.06517 1152404364 190.013494    34.2703 0.0000e+00
    128.000    -1.6659   2.715058    -1.6639   2.715404    7.58987     0.0991    13.8155 0.0000e+00  -62.31117  -58.06517 1152404365 190.013512    34.2702 0.0000e+00
    129.000    -1.6659   2.715114    -1.6629   2.715446    7.59036     0.0869    13.8155 0.0000e+00  -62.31117  -58.06517 1152404367 190.013529    34.2703 0.0000e+00
    130.000    -1.6679   2.714990    -1.6660   2.715386    7.59117     0.0866    13.8155 0.0000e+00  -62.31117  -58.06517 1152404368 190.013544    34.2702 0.0000e+00
    131.000    -1.6752   2.714472    -1.6727   2.714861    7.59265     0.0974    13.8155 0.0000e+00  -62.31117  -58.06517 1152404369 190.013559    34.2710 0.0000e+00
    132.000    -1.6754   2.714517    -1.6728   2.714871    7.59699     0.1050    13.8155 0.0000e+00  -62.31117  -58.06517 1152404371 190.013575    34.2711 0.0000e+00
    133.000    -1.6752   2.714578    -1.6726   2.714918    7.59525     0.0938    13.8155 0.0000e+00  -62.31117  -58.06517 1152404372 190.013590    34.2710 0.0000e+00
    134.000    -1.6754   2.714599    -1.6728   2.714968    7.59033     0.0839    13.8155 0.0000e+00  -62.31117  -58.06517 1152404373 190.013603    34.2708 0.0000e+00
    135.000    -1.6781   2.714439    -1.6754   2.714858    7.58992     0.0911    13.8155 0.0000e+00  -62.31117  -58.06517 1152404374 190.013617    34.2710 0.0000e+00
    136.000    -1.6865   2.713866    -1.6848   2.714277    7.59462     0.0911    13.8155 0.0000e+00  -62.31117  -58.06517 1152404376 190.013633    34.2725 0.0000e+00
    137.000    -1.6912   2.713573    -1.6889   2.713989    7.59243     0.0949    13.8155 0.0000e+00  -62.31117  -58.06517 1152404377 190.013650    34.2732 0.0000e+00
    138.000    -1.6941   2.713392    -1.6915   2.713859    7.59573     0.0816    13.8155 0.0000e+00  -62.31117  -58.06517 1152404378 190.013664    34.2733 0.0000e+00
    139.000    -1.7309   2.710288    -1.7264   2.711817    7.59701     0.0727    13.8155 0.0000e+00  -62.31117  -58.06517 1152404379 190.013675    34.2735 0.0000e+00
    140.000    -1.7591   2.708204    -1.7560   2.709192    7.59976     0.0780    13.8155 0.0000e+00  -62.31117  -58.06517 1152404380 190.013686    34.2769 0.0000e+00
    141.000    -1.7654   2.707743    -1.7617   2.708561    7.60414     0.0918    13.8155 0.0000e+00  -62.31117  -58.06517 1152404382 190.013702    34.2767 0.0000e+00
    142.000    -1.7771   2.706864    -1.7742   2.707609    7.61369     0.1026    13.8155 0.0000e+00  -62.31117  -58.06517 1152404384 190.013725    34.2772 0.0000e+00
    143.000    -1.7835   2.706416    -1.7809   2.707063    7.61164     0.0856    13.8155 0.0000e+00  -62.31117  -58.06517 1152404386 190.013744    34.2775 0.0000e+00
    144.000    -1.7869   2.706200    -1.7838   2.706864    7.61221     0.0923    13.8155 0.0000e+00  -62.31117  -58.06517 1152404390 190.013757    34.2776 0.0000e+00
    145.000    -1.7926   2.705795    -1.7896   2.706499    7.61365     0.0863    13.8155 0.0000e+00  -62.31117  -58.06517 1152404390 190.013768    34.2779 0.0000e+00
    146.000    -1.7966   2.705558    -1.7939   2.706185    7.61628     0.1002    13.8155 0.0000e+00  -62.31117  -58.06517 1152404390 190.013780    34.2784 0.0000e+00
    147.000    -1.7824   2.706940    -1.7798   2.707070    7.61696     0.0927    13.8155 0.0000e+00  -62.31117  -58.06517 1152404390 190.013793    34.2803 0.0000e+00
    148.000    -1.7624   2.708736    -1.7607   2.708866    7.60855     0.1011    13.8155 0.0000e+00  -62.31117  -58.06517 1152404391 190.013807    34.2806 0.0000e+00
    149.000    -1.7414   2.710666    -1.7406   2.710549    7.59402     0.0850    13.8155 0.0000e+00  -62.31117  -58.06517 1152404392 190.013824    34.2820 0.0000e+00
    150.000    -1.7399   2.710837    -1.7392   2.710996    7.58360     0.0833    13.8155 0.0000e+00  -62.31117  -58.06517 1152404394 190.013842    34.2819 0.0000e+00
    151.000    -1.7304   2.711787    -1.7297   2.711689    7.57524     0.0743    13.8155 0.0000e+00  -62.31117  -58.06517 1152404395 190.013858    34.2835 0.0000e+00
    152.000    -1.7141   2.713347    -1.7108   2.713255    7.56466     0.0926    13.8155 0.0000e+00  -62.31117  -58.06517 1152404396 190.013871    34.2852 0.0000e+00
    153.000    -1.6986   2.714743    -1.6965   2.714735    7.55853     0.1010    13.8155 0.0000e+00  -62.31117  -58.06517 1152404397 190.013884    34.2857 0.0000e+00
    154.000    -1.6975   2.714888    -1.6953   2.715006    7.55203     0.0937    13.8155 0.0000e+00  -62.31117  -58.06517 1152404399 190.013899    34.2861 0.0000e+00
    155.000    -1.6945   2.715218    -1.6918   2.715365    7.54075     0.0974    13.8155 0.0000e+00  -62.31117  -58.06517 1152404400 190.013918    34.2868 0.0000e+00
    156.000    -1.6885   2.715920    -1.6857   2.716085    7.53098     0.0991    13.8155 0.0000e+00  -62.31117  -58.06517 1152404402 190.013936    34.2889 0.0000e+00
    157.000    -1.6948   2.715446    -1.6921   2.715752    7.52552     0.0916    13.8155 0.0000e+00  -62.31117  -58.06517 1152404403 190.013950    34.2893 0.0000e+00
    158.000    -1.6963   2.715373    -1.6936   2.715638    7.52216     0.0896    13.8155 0.0000e+00  -62.31117  -58.06517 1152404404 190.013962    34.2896 0.0000e+00
    159.000    -1.6953   2.715496    -1.6930   2.715722    7.51986     0.0947    13.8155 0.0000e+00  -62.31117  -58.06517 1152404405 190.013975    34.2895 0.0000e+00
    160.000    -1.6957   2.715507    -1.6940   2.715720    7.51919     0.0975    13.8155 0.0000e+00  -62.31117  -58.06517 1152404406 190.013988    34.2897 0.0000e+00
    161.000    -1.6977   2.715413    -1.6950   2.715709    7.51842     0.1083    13.8155 0.0000e+00  -62.31117  -58.06517 1152404408 190.014003    34.2901 0.0000e+00
    162.000    -1.6990   2.715369    -1.6965   2.715646    7.51620     0.1010    13.8155 0.0000e+00  -62.31117  -58.06517 1152404409 190.014020    34.2904 0.0000e+00
    163.000    -1.6992   2.715396    -1.6969   2.715673    7.51733     0.1186    13.8155 0.0000e+00  -62.31117  -58.06517 1152404411 190.014038    34.2905 0.0000e+00
    164.000    -1.6995   2.715425    -1.6974   2.715696    7.51676     0.0938    13.8155 0.0000e+00  -62.31117  -58.06517 1152404412 190.014056    34.2906 0.0000e+00
    165.000    -1.7005   2.715426    -1.6983   2.715707    7.51695     0.0813    13.8155 0.0000e+00  -62.31117  -58.06517 1152404413 190.014070    34.2913 0.0000e+00
    166.000    -1.7006   2.715452    -1.6985   2.715738    7.51958     0.0890    13.8155 0.0000e+00  -62.31117  -58.06517 1152404415 190.014083    34.2911 0.0000e+00
    167.000    -1.7019   2.715429    -1.6998   2.715722    7.52080     0.0940    13.8155 0.0000e+00  -62.31117  -58.06517 1152404416 190.014096    34.2916 0.0000e+00
    168.000    -1.7034   2.715405    -1.7012   2.715675    7.51869     0.0883    13.8155 0.0000e+00  -62.31117  -58.06517 1152404417 190.014109    34.2926 0.0000e+00
    169.000    -1.7018   2.715681    -1.6995   2.715937    7.51586     0.0855    13.8155 0.0000e+00  -62.31117  -58.06517 1152404418 190.014125    34.2939 0.0000e+00
    170.000    -1.7019   2.715842    -1.6996   2.716094    7.50605     0.0740    13.8155 0.0000e+00  -62.31117  -58.06517 1152404420 190.014143    34.2955 0.0000e+00
    171.000    -1.7011   2.716267    -1.6990   2.716451    7.49687     0.0851    13.8155 0.0000e+00  -62.31117  -58.06517 1152404421 190.014159    34.2999 0.0000e+00
    172.000    -1.7007   2.716427    -1.6983   2.716686    7.49009     0.0835    13.8155 0.0000e+00  -62.31117  -58.06517 1152404422 190.014172    34.3009 0.0000e+00
    173.000    -1.7006   2.716496    -1.6982   2.716768    7.48332     0.0714    13.8155 0.0000e+00  -62.31117  -58.06517 1152404423 190.014184    34.3013 0.0000e+00
    174.000    -1.7001   2.716595    -1.6976   2.716873    7.47901     0.0822    13.8155 0.0000e+00  -62.31117  -58.06517 1152404425 190.014200    34.3014 0.0000e+00
    175.000    -1.6955   2.717080    -1.6935   2.717251    7.47438     0.0897    13.8155 0.0000e+00  -62.31117  -58.06517 1152404427 190.014223    34.3020 0.0000e+00
    176.000    -1.6909   2.717628    -1.6887   2.717792    7.47121     0.0913    13.8155 0.0000e+00  -62.31117  -58.06517 1152404428 190.014240    34.3037 0.0000e+00
    177.000    -1.6901   2.717817    -1.6879   2.718015    7.46826     0.0936    13.8155 0.0000e+00  -62.31117  -58.06517 1152404429 190.014250    34.3046 0.0000e+00
    178.000    -1.6904   2.717835    -1.6882   2.718084    7.46559     0.0914    13.8155 0.0000e+00  -62.31117  -58.06517 1152404430 190.014260    34.3046 0.0000e+00
    179.000    -1.6904   2.717891    -1.6882   2.718144    7.46217     0.1197    13.8155 0.0000e+00  -62.31117  -58.06517 1152404431 190.014271    34.3048 0.0000e+00
    180.000    -1.6903   2.717951    -1.6880   2.718209    7.45946     0.1142    13.8155 0.0000e+00  -62.31117  -58.06517 1152404432 190.014289    34.3049 0.0000e+00
    181.000    -1.6889   2.718131    -1.6867   2.718376    7.45871     0.1165    13.8155 0.0000e+00  -62.31117  -58.06517 1152404434 190.014311    34.3052 0.0000e+00
    182.000    -1.6885   2.718232    -1.6862   2.718471    7.45879     0.1176    13.8155 0.0000e+00  -62.31117  -58.06517 1152404435 190.014325    34.3055 0.0000e+00
    183.000    -1.6886   2.718253    -1.6864   2.718531    7.45967     0.1212    13.8155 0.0000e+00  -62.31117  -58.06517 1152404436 190.014337    34.3053 0.0000e+00
    184.000    -1.6886   2.718309    -1.6864   2.718569    7.46039     0.1280    13.8155 0.0000e+00  -62.31117  -58.06517 1152404438 190.014351    34.3055 0.0000e+00
    185.000    -1.6865   2.718546    -1.6845   2.718744    7.46020     0.1322    13.8155 0.0000e+00  -62.31117  -58.06517 1152404439 190.014369    34.3057 0.0000e+00
    186.000    -1.6856   2.718663    -1.6838   2.718890    7.45746     0.1253    13.8155 0.0000e+00  -62.31117  -58.06517 1152404441 190.014388    34.3056 0.0000e+00
    187.000    -1.6845   2.718823    -1.6827   2.719033    7.45528     0.1356    13.8155 0.0000e+00  -62.31117  -58.06517 1152404442 190.014403    34.3059 0.0000e+00
    188.000    -1.6856   2.718746    -1.6837   2.719005    7.45577     0.1624    13.8155 0.0000e+00  -62.31117  -58.06517 1152404443 190.014415    34.3056 0.0000e+00
    189.000    -1.6862   2.718753    -1.6837   2.719039    7.45325     0.1516    13.8155 0.0000e+00  -62.31117  -58.06517 1152404444 190.014426    34.3057 0.0000e+00
    190.000    -1.6801   2.719376    -1.6788   2.719408    7.45059     0.1544    13.8155 0.0000e+00  -62.31117  -58.06517 1152404445 190.014437    34.3067 0.0000e+00
    191.000    -1.6752   2.719848    -1.6743   2.719896    7.44674     0.1900    13.8155 0.0000e+00  -62.31117  -58.06517 1152404446 190.014452    34.3067 0.0000e+00
    192.000    -1.6713   2.720251    -1.6671   2.720549    7.44237     0.2116    13.8155 0.0000e+00  -62.31117  -58.06517 1152404448 190.014473    34.3071 0.0000e+00
