product_data/regression_test/downloaded_data/MDGS/320620060703/ctd/p6609609.ros
* Sea-Bird SBE 9 Data File:
* FileName = D:\Data\Raw\p6609609.dat
* Software Version Seasave Win32 V 5.32
* Temperature SN = 1649
* Conductivity SN = 1431
* Number of Bytes Per Scan = 37
* Number of Voltage Words = 5
* Number of Scans Averaged by the Deck Unit = 1
* NMEA Latitude = 60 45.06 S
* NMEA Longitude = 058 22.44 W
* NMEA UTC (Time) = 01:40:12
** Ship:   Nathaniel B. Palmer 
** Cruise:    NBP0606 
# nquan = 17
# nvalues = 1176                    
# units = specified
# name 0 = prDM: Pressure, Digiquartz [db]
# name 1 = t090C: Temperature [ITS-90, deg C]
# name 2 = c0S/m: Conductivity [S/m]
# name 3 = t190C: Temperature, 2 [ITS-90, deg C]
# name 4 = c1S/m: Conductivity, 2 [S/m]
# name 5 = sbeox0ML/L: Oxygen, SBE 43 [ml/l]
# name 6 = flECO-AFL: Fluorescence, Wetlab ECO-AFL/FL [mg/m^3]
# name 7 = bat: Beam Attenuation, Chelsea/Seatech/Wetlab CStar [1/m]
# name 8 = spar: SPAR/Surface Irradiance
# name 9 = latitude: Latitude [deg]
# name 10 = longitude: Longitude [deg]
# name 11 = timeY: Time, System [seconds]
# name 12 = timeJ: Julian Days
# name 13 = sal00: Salinity [PSU]
# name 14 = scan: scan number
# name 15 = nbf: number of bottles fired
# name 16 = flag:  0.000e+00
# interval = seconds: 0.0416667                   
# start_time = Jul 12 2006 01:40:20
*END*
[from data line 256]
     29.572    -0.8041   2.753851    -0.8065   2.754542    8.10670     0.1188    13.8155 0.0000e+00  -60.75100  -58.37400 1152668467 193.070243    33.8828       1177          6  0.000e+00
     29.649    -0.8036   2.753868    -0.8065   2.754548    8.10669     0.1188    13.8155 0.0000e+00  -60.75100  -58.37400 1152668467 193.070244    33.8824       1178          6  0.000e+00
     29.582    -0.8041   2.753838    -0.8067   2.754554    8.10672     0.1618    13.8155 0.0000e+00  -60.75100  -58.37400 1152668467 193.070244    33.8826       1179          6  0.000e+00
     29.639    -0.8040   2.753877    -0.8065   2.754559    8.10673     0.1510    13.8155 0.0000e+00  -60.75100  -58.37400 1152668467 193.070245    33.8830       1180          6  0.000e+00
     29.649    -0.8040   2.753861    -0.8064   2.754577    8.10675     0.1618    13.8155 0.0000e+00  -60.75100  -58.37400 1152668467 193.070245    33.8827       1181          6  0.000e+00
     29.582    -0.8038   2.753868    -0.8059   2.754582    8.10664     0.1618    13.8155 0.0000e+00  -60.75100  -58.37400 1152668467 193.070245    33.8827       1182          6  0.000e+00
     29.649    -0.8038   2.753874    -0.8062   2.754559    8.10671     0.2048    13.8155 0.0000e+00  -60.75100  -58.37400 1152668467 193.070246    33.8827       1183          6  0.000e+00
     29.639    -0.8038   2.753874    -0.8065   2.754542    8.10670     0.1726    13.8155 0.0000e+00  -60.75100  -58.37400 1152668467 193.070246    33.8827       1184          6  0.000e+00
     29.582    -0.8040   2.753891    -0.8068   2.754530    8.10665     0.1833    13.8155 0.0000e+00  -60.75100  -58.37400 1152668468 193.070247    33.8832       1185          6  0.000e+00
     29.649    -0.8040   2.753877    -0.8070   2.754490    8.10674     0.1833    13.8155 0.0000e+00  -60.75100  -58.37400 1152668468 193.070247    33.8830       1186          6  0.000e+00
     29.639    -0.8035   2.753874    -0.8070   2.754496    8.10665     0.1726    13.8155 0.0000e+00  -60.75100  -58.37400 1152668468 193.070248    33.8824       1187          6  0.000e+00
     29.649    -0.8038   2.753838    -0.8068   2.754507    8.10674     0.1510    13.8155 0.0000e+00  -60.75100  -58.37400 1152668468 193.070248    33.8822       1188          6  0.000e+00
     29.649    -0.8041   2.753845    -0.8071   2.754502    8.10679     0.1618    13.8155 0.0000e+00  -60.75100  -58.37400 1152668468 193.070249    33.8827       1189          6  0.000e+00
     29.649    -0.8047   2.753818    -0.8074   2.754461    8.10690     0.1726    13.8155 0.0000e+00  -60.75100  -58.37400 1152668468 193.070249    33.8830       1190          6  0.000e+00
     29.639    -0.8047   2.753808    -0.8081   2.754467    8.10690     0.1510    13.8155 0.0000e+00  -60.75100  -58.37400 1152668468 193.070250    33.8829       1191          6  0.000e+00
     29.649    -0.8046   2.753772    -0.8074   2.754461    8.10692     0.1618    13.8155 0.0000e+00  -60.75100  -58.37400 1152668468 193.070250    33.8822       1192          6  0.000e+00
     29.582    -0.8049   2.753779    -0.8084   2.754409    8.10689     0.1941    13.8155 0.0000e+00  -60.75100  -58.37400 1152668468 193.070251    33.8827       1193          6  0.000e+00
     29.639    -0.8043   2.753786    -0.8079   2.754432    8.10684     0.2263    13.8155 0.0000e+00  -60.75100  -58.37400 1152668468 193.070251    33.8820       1194          6  0.000e+00
     29.649    -0.8044   2.753815    -0.8076   2.754438    8.10686     0.1833    13.8155 0.0000e+00  -60.75100  -58.37400 1152668468 193.070252    33.8826       1195          6  0.000e+00
     29.649    -0.8047   2.753795    -0.8074   2.754444    8.10692     0.1726    13.8155 0.0000e+00  -60.75100  -58.37400 1152668468 193.070252    33.8827       1196          6  0.000e+00
     29.649    -0.8046   2.753766    -0.8079   2.754467    8.10692     0.1941    13.8155 0.0000e+00  -60.75100  -58.37400 1152668468 193.070253    33.8821       1197          6  0.000e+00
     29.639    -0.8049   2.753779    -0.8074   2.754496    8.10695     0.2048    13.8155 0.0000e+00  -60.75100  -58.37400 1152668468 193.070253    33.8827       1198          6  0.000e+00
     29.649    -0.8051   2.753786    -0.8073   2.754490    8.10698     0.1726    13.8155 0.0000e+00  -60.75100  -58.37400 1152668468 193.070254    33.8829       1199          6  0.000e+00
     29.649    -0.8052   2.753786    -0.8076   2.754455    8.10701     0.1510    13.8155 0.0000e+00  -60.75100  -58.37400 1152668468 193.070254    33.8831       1200          6  0.000e+00
     29.639    -0.8052   2.753766    -0.8073   2.754467    8.10701     0.1403    13.8155 0.0000e+00  -60.75100  -58.37400 1152668468 193.070255    33.8828       1201          6  0.000e+00
     29.649    -0.8060   2.753694    -0.8074   2.754478    8.10720     0.1403    13.8155 0.0000e+00  -60.75100  -58.37400 1152668468 193.070255    33.8827       1202          6  0.000e+00
     29.649    -0.8057   2.753690    -0.8074   2.754461    8.10715     0.1618    13.8155 0.0000e+00  -60.75100  -58.37400 1152668468 193.070256    33.8823       1203          6  0.000e+00
     29.649    -0.8065   2.753677    -0.8074   2.754473    8.10729     0.2156    13.8155 0.0000e+00  -60.75100  -58.37400 1152668468 193.070256    33.8830       1204          6  0.000e+00
     29.639    -0.8063   2.753690    -0.8070   2.754455    8.10724     0.1618    13.8155 0.0000e+00  -60.75100  -58.37400 1152668468 193.070257    33.8830       1205          6  0.000e+00
     29.582    -0.8061   2.753677    -0.8070   2.754484    8.10716     0.1726    13.8155 0.0000e+00  -60.75100  -58.37400 1152668468 193.070257    33.8827       1206          6  0.000e+00
     29.649    -0.8061   2.753690    -0.8071   2.754507    8.10723     0.1726    13.8155 0.0000e+00  -60.75100  -58.37400 1152668468 193.070258    33.8828       1207          6  0.000e+00
     29.639    -0.8063   2.753661    -0.8074   2.754525    8.10726     0.1510    13.8155 0.0000e+00  -60.75100  -58.37400 1152668468 193.070258    33.8826       1208          6  0.000e+00
     29.649    -0.8064   2.753684    -0.8068   2.754530    8.10728     0.1833    13.8155 0.0000e+00  -60.75100  -58.37400 1152668468 193.070258    33.8831       1209          6  0.000e+00
     29.649    -0.8061   2.753697    -0.8068   2.754490    8.10722     0.1726    13.8155 0.0000e+00  -60.75100  -58.37400 1152668469 193.070259    33.8829       1210          6  0.000e+00
     29.649    -0.8060   2.753677    -0.8076   2.754525    8.10721     0.1618    13.8155 0.0000e+00  -60.75100  -58.37400 1152668469 193.070259    33.8825       1211          6  0.000e+00
     29.639    -0.8060   2.753707    -0.8070   2.754490    8.10718     0.1833    13.8155 0.0000e+00  -60.75100  -58.37400 1152668469 193.070260    33.8829       1212          6  0.000e+00
     29.649    -0.8058   2.753720    -0.8071   2.754513    8.10715     0.1618    13.8155 0.0000e+00  -60.75100  -58.37400 1152668469 193.070260    33.8829       1213          6  0.000e+00
     29.582    -0.8058   2.753733    -0.8073   2.754513    8.10707     0.1618    13.8155 0.0000e+00  -60.75100  -58.37400 1152668469 193.070261    33.8831       1214          6  0.000e+00
     30.069    -0.8066   2.753661    -0.8078   2.754461    8.10311     0.1618    13.8155 0.0000e+00  -60.75100  -58.37400 1152668474 193.070320    33.8827       1337          7  0.000e+00
     30.069    -0.8067   2.753667    -0.8078   2.754473    8.10313     0.2263    13.8155 0.0000e+00  -60.75100  -58.37400 1152668474 193.070321    33.8830       1338          7  0.000e+00
     29.993    -0.8072   2.753654    -0.8076   2.754455    8.10313     0.2048    13.8155 0.0000e+00  -60.75100  -58.37400 1152668474 193.070321    33.8834       1339          7  0.000e+00
     30.069    -0.8069   2.753651    -0.8079   2.754450    8.10317     0.2371    13.8155 0.0000e+00  -60.75100  -58.37400 1152668474 193.070322    33.8829       1340          7  0.000e+00
     30.069    -0.8067   2.753635    -0.8078   2.754479    8.10315     0.2048    13.8155 0.0000e+00  -60.75100  -58.37400 1152668474 193.070322    33.8825       1341          7  0.000e+00
     30.060    -0.8072   2.753612    -0.8084   2.754438    8.10324     0.1833    13.8155 0.0000e+00  -60.75100  -58.37400 1152668474 193.070323    33.8828       1342          7  0.000e+00
     30.069    -0.8069   2.753658    -0.8079   2.754438    8.10316     0.1726    13.8155 0.0000e+00  -60.75100  -58.37400 1152668474 193.070323    33.8830       1343          7  0.000e+00
     30.002    -0.8070   2.753654    -0.8078   2.754450    8.10311     0.2156    13.8155 0.0000e+00  -60.75100  -58.37400 1152668474 193.070324    33.8831       1344          7  0.000e+00
     30.069    -0.8072   2.753618    -0.8082   2.754479    8.10324     0.2048    13.8155 0.0000e+00  -60.75100  -58.37400 1152668474 193.070324    33.8828       1345          7  0.000e+00
     30.126    -0.8071   2.753638    -0.8078   2.754438    8.10326     0.1941    13.8155 0.0000e+00  -60.75100  -58.37400 1152668474 193.070325    33.8829       1346          7  0.000e+00
     30.002    -0.8071   2.753635    -0.8078   2.754461    8.10313     0.1941    13.8155 0.0000e+00  -60.75100  -58.37400 1152668474 193.070325    33.8829       1347          7  0.000e+00
     30.069    -0.8069   2.753644    -0.8077   2.754461    8.10317     0.1833    13.8155 0.0000e+00  -60.75100  -58.37400 1152668474 193.070326    33.8828       1348          7  0.000e+00
     30.069    -0.8067   2.753651    -0.8078   2.754473    8.10314     0.1726    13.8155 0.0000e+00  -60.75100  -58.37400 1152668474 193.070326    33.8827       1349          7  0.000e+00
     30.126    -0.8069   2.753651    -0.8076   2.754455    8.10323     0.1833    13.8155 0.0000e+00  -60.75100  -58.37400 1152668474 193.070326    33.8829       1350          7  0.000e+00
     30.069    -0.8072   2.753651    -0.8078   2.754427    8.10321     0.1618    13.8155 0.0000e+00  -60.75100  -58.37400 1152668474 193.070327    33.8833       1351          7  0.000e+00
     30.069    -0.8069   2.753635    -0.8082   2.754473    8.10318     0.1510    13.8155 0.0000e+00  -60.75100  -58.37400 1152668474 193.070327    33.8827       1352          7  0.000e+00
     30.060    -0.8069   2.753681    -0.8081   2.754455    8.10313     0.1833    13.8155 0.0000e+00  -60.75100  -58.37400 1152668474 193.070328    33.8833       1353          7  0.000e+00
     30.069    -0.8067   2.753661    -0.8079   2.754450    8.10313     0.2156    13.8155 0.0000e+00  -60.75100  -58.37400 1152668475 193.070328    33.8829       1354          7  0.000e+00
     30.069    -0.8069   2.753635    -0.8079   2.754450    8.10318     0.2156    13.8155 0.0000e+00  -60.75100  -58.37400 1152668475 193.070329    33.8827       1355          7  0.000e+00
     30.069    -0.8067   2.753661    -0.8079   2.754455    8.10313     0.1833    13.8155 0.0000e+00  -60.75100  -58.37400 1152668475 193.070329    33.8829       1356          7  0.000e+00
     30.060    -0.8069   2.753654    -0.8079   2.754450    8.10315     0.1726    13.8155 0.0000e+00  -60.75100  -58.37400 1152668475 193.070330    33.8830       1357          7  0.000e+00
     30.069    -0.8074   2.753651    -0.8079   2.754450    8.10324     0.1295    13.8155 0.0000e+00  -60.75100  -58.37400 1152668475 193.070330    33.8834       1358          7  0.000e+00
     30.069    -0.8069   2.753635    -0.8078   2.754467    8.10318     0.1618    13.8155 0.0000e+00  -60.75100  -58.37400 1152668475 193.070331    33.8827       1359          7  0.000e+00
     30.060    -0.8066   2.753644    -0.8077   2.754484    8.10311     0.1941    13.8155 0.0000e+00  -60.75100  -58.37400 1152668475 193.070331    33.8825       1360          7  0.000e+00
     30.069    -0.8069   2.753651    -0.8076   2.754438    8.10317     0.1941    13.8155 0.0000e+00  -60.75100  -58.37400 1152668475 193.070332    33.8829       1361          7  0.000e+00
     30.069    -0.8067   2.753635    -0.8076   2.754461    8.10315     0.2048    13.8155 0.0000e+00  -60.75100  -58.37400 1152668475 193.070332    33.8825       1362          7  0.000e+00
     30.069    -0.8069   2.753644    -0.8081   2.754455    8.10317     0.1618    13.8155 0.0000e+00  -60.75100  -58.37400 1152668475 193.070333    33.8828       1363          7  0.000e+00
     30.060    -0.8070   2.753635    -0.8079   2.754479    8.10319     0.1618    13.8155 0.0000e+00  -60.75100  -58.37400 1152668475 193.070333    33.8828       1364          7  0.000e+00
     30.069    -0.8066   2.753644    -0.8078   2.754479    8.10312     0.1833    13.8155 0.0000e+00  -60.75100  -58.37400 1152668475 193.070334    33.8825       1365          7  0.000e+00
     30.003    -0.8074   2.753635    -0.8074   2.754479    8.10318     0.1941    13.8155 0.0000e+00  -60.75100  -58.37400 1152668475 193.070334    33.8833       1366          7  0.000e+00
     30.069    -0.8067   2.753631    -0.8082   2.754455    8.10315     0.1833    13.8155 0.0000e+00  -60.75100  -58.37400 1152668475 193.070335    33.8825       1367          7  0.000e+00
     30.060    -0.8066   2.753644    -0.8076   2.754479    8.10311     0.1618    13.8155 0.0000e+00  -60.75100  -58.37400 1152668475 193.070335    33.8825       1368          7  0.000e+00
     30.003    -0.8072   2.753635    -0.8078   2.754438    8.10315     0.1618    13.8155 0.0000e+00  -60.75100  -58.37400 1152668475 193.070336    33.8831       1369          7  0.000e+00
     30.069    -0.8065   2.753644    -0.8074   2.754438    8.10310     0.1833    13.8155 0.0000e+00  -60.75100  -58.37400 1152668475 193.070336    33.8823       1370          7  0.000e+00
     29.993    -0.8069   2.753651    -0.8076   2.754455    8.10308     0.1941    13.8155 0.0000e+00  -60.75100  -58.37400 1152668475 193.070337    33.8829       1371          7  0.000e+00
     30.069    -0.8069   2.753667    -0.8077   2.754473    8.10315     0.1941    13.8155 0.0000e+00  -60.75100  -58.37400 1152668475 193.070337    33.8832       1372          7  0.000e+00
     30.003    -0.8067   2.753625    -0.8071   2.754479    8.10308     0.1726    13.8155 0.0000e+00  -60.75100  -58.37400 1152668475 193.070338    33.8824       1373          7  0.000e+00
     30.003    -0.8067   2.753658    -0.8074   2.754455    8.10306     0.1726    13.8155 0.0000e+00  -60.75100  -58.37400 1152668475 193.070338    33.8829       1374          7  0.000e+00
     30.060    -0.8066   2.753654    -0.8074   2.754455    8.10310     0.1833    13.8155 0.0000e+00  -60.75100  -58.37400 1152668475 193.070339    33.8826       1375          7  0.000e+00
     30.003    -0.8069   2.753667    -0.8074   2.754450    8.10308     0.2156    13.8155 0.0000e+00  -60.75100  -58.37400 1152668475 193.070339    33.8832       1376          7  0.000e+00
     30.003    -0.8067   2.753654    -0.8070   2.754467    8.10306     0.1941    13.8155 0.0000e+00  -60.75100  -58.37400 1152668475 193.070340    33.8828       1377          7  0.000e+00
     29.993    -0.8067   2.753684    -0.8076   2.754479    8.10303     0.1833    13.8155 0.0000e+00  -60.75100  -58.37400 1152668476 193.070340    33.8832       1378          7  0.000e+00
     30.003    -0.8066   2.753677    -0.8074   2.754484    8.10302     0.1941    13.8155 0.0000e+00  -60.75100  -58.37400 1152668476 193.070340    33.8830       1379          7  0.000e+00
     30.003    -0.8067   2.753674    -0.8078   2.754479    8.10305     0.2156    13.8155 0.0000e+00  -60.75100  -58.37400 1152668476 193.070341    33.8831       1380          7  0.000e+00
     29.936    -0.8069   2.753723    -0.8076   2.754455    8.10296     0.1618    13.8155 0.0000e+00  -60.75100  -58.37400 1152668476 193.070341    33.8840       1381          7  0.000e+00
     29.993    -0.8061   2.753740    -0.8079   2.754467    8.10289     0.2263    13.8155 0.0000e+00  -60.75100  -58.37400 1152668476 193.070342    33.8833       1382          7  0.000e+00
