product_data/regression_test/downloaded_data/MDGS/320620060703/ctd/p6606205.ros
* Sea-Bird SBE 9 Data File:
* FileName = D:\Data\Raw\p6606205.dat
* Software Version Seasave Win32 V 5.32
* Temperature SN = 1649
* Conductivity SN = 1431
* Number of Bytes Per Scan = 37
* Number of Voltage Words = 5
* Number of Scans Averaged by the Deck Unit = 1
* NMEA Latitude = 61 05.73 S
* NMEA Longitude = 058 08.04 W
* NMEA UTC (Time) = 08:40:48
** Ship:   Nathaniel B. Palmer 
** Cruise:    NBP0606 
# nquan = 17
# nvalues = 1176                    
# units = specified
# name 0 = prDM: Pressure, Digiquartz [db]
# name 1 = t090C: Temperature [ITS-90, deg C]
# name 2 = c0S/m: Conductivity [S/m]
# name 3 = t190C: Temperature, 2 [ITS-90, deg C]
# name 4 = c1S/m: Conductivity, 2 [S/m]
# name 5 = sbeox0ML/L: Oxygen, SBE 43 [ml/l]
# name 6 = flECO-AFL: Fluorescence, Wetlab ECO-AFL/FL [mg/m^3]
# name 7 = bat: Beam Attenuation, Chelsea/Seatech/Wetlab CStar [1/m]
# name 8 = spar: SPAR/Surface Irradiance
# name 9 = latitude: Latitude [deg]
# name 10 = longitude: Longitude [deg]
# name 11 = timeY: Time, System [seconds]
# name 12 = timeJ: Julian Days
# name 13 = sal00: Salinity [PSU]
# name 14 = scan: scan number
# name 15 = nbf: number of bottles fired
# name 16 = flag:  0.000e+00
# interval = seconds: 0.0416667                   
# start_time = Jul 07 2006 08:40:56
*END*
[from data line 171]
    152.146     0.8631   2.937290     0.8667   2.937464    5.54707    -0.0534    13.8155 0.0000e+00  -61.09550  -58.13400 1152261918 188.364809    34.3779       6324          4  0.000e+00
    152.146     0.8627   2.937331     0.8664   2.937458    5.54710    -0.0749    13.8155 0.0000e+00  -61.09550  -58.13400 1152261918 188.364809    34.3788       6325          4  0.000e+00
    152.146     0.8631   2.937307     0.8669   2.937476    5.54707    -0.0749    13.8155 0.0000e+00  -61.09550  -58.13400 1152261918 188.364810    34.3781       6326          4  0.000e+00
    152.146     0.8633   2.937297     0.8666   2.937440    5.54706    -0.0534    13.8155 0.0000e+00  -61.09550  -58.13400 1152261918 188.364810    34.3778       6327          4  0.000e+00
    152.146     0.8637   2.937398     0.8669   2.937446    5.54695    -0.0534    13.8155 0.0000e+00  -61.09550  -58.13400 1152261918 188.364810    34.3786       6328          4  0.000e+00
    152.213     0.8640   2.937435     0.8660   2.937493    5.54696    -0.0749    13.8155 0.0000e+00  -61.09550  -58.13400 1152261918 188.364811    34.3787       6329          4  0.000e+00
    152.223     0.8640   2.937452     0.8669   2.937493    5.54695    -0.0749    13.8155 0.0000e+00  -61.09550  -58.13400 1152261918 188.364811    34.3789       6330          4  0.000e+00
    152.146     0.8644   2.937459     0.8661   2.937505    5.54685    -0.0534    13.8155 0.0000e+00  -61.09550  -58.13400 1152261918 188.364812    34.3787       6331          4  0.000e+00
    152.289     0.8644   2.937473     0.8664   2.937446    5.54696    -0.0642    13.8155 0.0000e+00  -61.09550  -58.13400 1152261918 188.364812    34.3788       6332          4  0.000e+00
    152.213     0.8645   2.937462     0.8670   2.937470    5.55145    -0.0964    13.8155 0.0000e+00  -61.09550  -58.13400 1152261918 188.364813    34.3786       6333          4  0.000e+00
    152.223     0.8647   2.937459     0.8664   2.937481    5.54688    -0.0964    13.8155 0.0000e+00  -61.09550  -58.13400 1152261918 188.364813    34.3783       6334          4  0.000e+00
    152.289     0.8648   2.937459     0.8664   2.937464    5.54691    -0.0319    13.8155 0.0000e+00  -61.09550  -58.13400 1152261918 188.364814    34.3781       6335          4  0.000e+00
    152.289     0.8640   2.937422     0.8660   2.937458    5.54702    -0.0426    13.8155 0.0000e+00  -61.09550  -58.13400 1152261918 188.364814    34.3785       6336          4  0.000e+00
    152.289     0.8640   2.937361     0.8661   2.937458    5.54705    -0.1180    13.8155 0.0000e+00  -61.09550  -58.13400 1152261918 188.364815    34.3777       6337          4  0.000e+00
    152.366     0.8630   2.937324     0.8666   2.937476    5.54725    -0.0749    13.8155 0.0000e+00  -61.09550  -58.13400 1152261918 188.364815    34.3784       6338          4  0.000e+00
    152.289     0.8631   2.937321     0.8663   2.937482    5.54717    -0.0211    13.8155 0.0000e+00  -61.09550  -58.13400 1152261918 188.364816    34.3782       6339          4  0.000e+00
    152.356     0.8634   2.937338     0.8664   2.937499    5.54718    -0.0534    13.8155 0.0000e+00  -61.09550  -58.13400 1152261918 188.364816    34.3781       6340          4  0.000e+00
    152.423     0.8631   2.937344     0.8663   2.937470    5.55182    -0.0964    13.8155 0.0000e+00  -61.09550  -58.13400 1152261918 188.364817    34.3784       6341          4  0.000e+00
    152.366     0.8633   2.937375     0.8664   2.937458    5.55175    -0.1287    13.8155 0.0000e+00  -61.09550  -58.13400 1152261918 188.364817    34.3787       6342          4  0.000e+00
    152.423     0.8634   2.937405     0.8667   2.937476    5.55176    -0.0857    13.8155 0.0000e+00  -61.09550  -58.13400 1152261918 188.364818    34.3788       6343          4  0.000e+00
    152.423     0.8639   2.937429     0.8661   2.937487    5.55170    -0.0319    13.8155 0.0000e+00  -61.09550  -58.13400 1152261919 188.364818    34.3787       6344          4  0.000e+00
    152.423     0.8636   2.937398     0.8664   2.937505    5.54718    -0.0319    13.8155 0.0000e+00  -61.09550  -58.13400 1152261919 188.364819    34.3786       6345          4  0.000e+00
    152.500     0.8637   2.937439     0.8663   2.937511    5.54721    -0.0426    13.8155 0.0000e+00  -61.09550  -58.13400 1152261919 188.364819    34.3789       6346          4  0.000e+00
    152.500     0.8639   2.937476     0.8663   2.937511    5.54717    -0.0319    13.8155 0.0000e+00  -61.09550  -58.13400 1152261919 188.364820    34.3792       6347          4  0.000e+00
    152.500     0.8645   2.937517     0.8663   2.937529    5.54709    -0.0964    13.8155 0.0000e+00  -61.09550  -58.13400 1152261919 188.364820    34.3791       6348          4  0.000e+00
    153.273     0.8647   2.937534     0.8665   2.937511    5.54765    -0.0534    13.8155 0.0000e+00  -61.09550  -58.13400 1152261923 188.364871    34.3786       6453          5  0.000e+00
    153.197     0.8651   2.937530     0.8666   2.937529    5.54754    -0.0749    13.8155 0.0000e+00  -61.09550  -58.13400 1152261923 188.364871    34.3781       6454          5  0.000e+00
    153.273     0.8648   2.937547     0.8663   2.937494    5.54763    -0.0642    13.8155 0.0000e+00  -61.09550  -58.13400 1152261923 188.364872    34.3786       6455          5  0.000e+00
    153.273     0.8648   2.937571     0.8666   2.937523    5.54762    -0.0319    13.8155 0.0000e+00  -61.09550  -58.13400 1152261923 188.364872    34.3790       6456          5  0.000e+00
    153.130     0.8653   2.937594     0.8664   2.937517    5.54744    -0.0534    13.8155 0.0000e+00  -61.09550  -58.13400 1152261923 188.364873    34.3788       6457          5  0.000e+00
    153.273     0.8654   2.937601     0.8661   2.937511    5.54753    -0.0426    13.8155 0.0000e+00  -61.09550  -58.13400 1152261923 188.364873    34.3786       6458          5  0.000e+00
    153.197     0.8656   2.937594     0.8664   2.937511    5.54746    -0.0534    13.8155 0.0000e+00  -61.09550  -58.13400 1152261923 188.364874    34.3784       6459          5  0.000e+00
    153.197     0.8659   2.937652     0.8664   2.937529    5.54740    -0.0426    13.8155 0.0000e+00  -61.09550  -58.13400 1152261923 188.364874    34.3789       6460          5  0.000e+00
    153.197     0.8658   2.937601     0.8666   2.937517    5.54744    -0.0642    13.8155 0.0000e+00  -61.09550  -58.13400 1152261923 188.364875    34.3784       6461          5  0.000e+00
    153.206     0.8650   2.937578     0.8665   2.937529    5.54754    -0.0857    13.8155 0.0000e+00  -61.09550  -58.13400 1152261923 188.364875    34.3789       6462          5  0.000e+00
    153.197     0.8653   2.937611     0.8663   2.937559    5.54748    -0.0534    13.8155 0.0000e+00  -61.09550  -58.13400 1152261923 188.364876    34.3790       6463          5  0.000e+00
    153.273     0.8654   2.937588     0.8664   2.937523    5.54754    -0.0534    13.8155 0.0000e+00  -61.09550  -58.13400 1152261924 188.364876    34.3785       6464          5  0.000e+00
    153.197     0.8651   2.937595     0.8664   2.937529    5.54751    -0.0857    13.8155 0.0000e+00  -61.09550  -58.13400 1152261924 188.364877    34.3789       6465          5  0.000e+00
    153.197     0.8654   2.937635     0.8663   2.937541    5.54746    -0.0749    13.8155 0.0000e+00  -61.09550  -58.13400 1152261924 188.364877    34.3791       6466          5  0.000e+00
    153.206     0.8659   2.937649     0.8666   2.937517    5.54740    -0.0749    13.8155 0.0000e+00  -61.09550  -58.13400 1152261924 188.364878    34.3788       6467          5  0.000e+00
    153.273     0.8657   2.937628     0.8666   2.937511    5.54749    -0.0964    13.8155 0.0000e+00  -61.09550  -58.13400 1152261924 188.364878    34.3787       6468          5  0.000e+00
    153.197     0.8654   2.937625     0.8664   2.937529    5.54746    -0.1072    13.8155 0.0000e+00  -61.09550  -58.13400 1152261924 188.364878    34.3790       6469          5  0.000e+00
    153.197     0.8654   2.937625     0.8664   2.937517    5.54746    -0.0534    13.8155 0.0000e+00  -61.09550  -58.13400 1152261924 188.364879    34.3790       6470          5  0.000e+00
    153.206     0.8656   2.937605     0.8665   2.937511    5.54746    -0.0426    13.8155 0.0000e+00  -61.09550  -58.13400 1152261924 188.364879    34.3785       6471          5  0.000e+00
    153.197     0.8657   2.937618     0.8664   2.937529    5.54743    -0.0534    13.8155 0.0000e+00  -61.09550  -58.13400 1152261924 188.364880    34.3786       6472          5  0.000e+00
    153.273     0.8653   2.937605     0.8666   2.937541    5.54755    -0.0749    13.8155 0.0000e+00  -61.09550  -58.13400 1152261924 188.364880    34.3788       6473          5  0.000e+00
    153.197     0.8656   2.937601     0.8666   2.937517    5.54745    -0.0534    13.8155 0.0000e+00  -61.09550  -58.13400 1152261924 188.364881    34.3785       6474          5  0.000e+00
    153.197     0.8656   2.937601     0.8666   2.937511    5.54745    -0.0211    13.8155 0.0000e+00  -61.09550  -58.13400 1152261924 188.364881    34.3785       6475          5  0.000e+00
    153.206     0.8654   2.937564     0.8661   2.937511    5.54750    -0.0319    13.8155 0.0000e+00  -61.09550  -58.13400 1152261924 188.364882    34.3782       6476          5  0.000e+00
    153.197     0.8653   2.937588     0.8661   2.937511    5.54750    -0.0426    13.8155 0.0000e+00  -61.09550  -58.13400 1152261924 188.364882    34.3787       6477          5  0.000e+00
    153.197     0.8654   2.937601     0.8660   2.937529    5.54747    -0.0749    13.8155 0.0000e+00  -61.09550  -58.13400 1152261924 188.364883    34.3787       6478          5  0.000e+00
    153.273     0.8656   2.937581     0.8663   2.937517    5.54752    -0.0749    13.8155 0.0000e+00  -61.09550  -58.13400 1152261924 188.364883    34.3782       6479          5  0.000e+00
    153.206     0.8656   2.937628     0.8659   2.937511    5.54745    -0.0426    13.8155 0.0000e+00  -61.09550  -58.13400 1152261924 188.364884    34.3789       6480          5  0.000e+00
    153.197     0.8654   2.937611     0.8663   2.937529    5.54747    -0.0534    13.8155 0.0000e+00  -61.09550  -58.13400 1152261924 188.364884    34.3788       6481          5  0.000e+00
    153.197     0.8654   2.937618     0.8664   2.937500    5.54746    -0.0104    13.8155 0.0000e+00  -61.09550  -58.13400 1152261924 188.364885    34.3789       6482          5  0.000e+00
    153.130     0.8654   2.937625     0.8660   2.937482    5.54741    -0.0319    13.8155 0.0000e+00  -61.09550  -58.13400 1152261924 188.364885    34.3791       6483          5  0.000e+00
    153.197     0.8653   2.937625     0.8664   2.937523    5.54748    -0.0749    13.8155 0.0000e+00  -61.09550  -58.13400 1152261924 188.364886    34.3792       6484          5  0.000e+00
    153.206     0.8659   2.937642     0.8663   2.937541    5.54741    -0.0749    13.8155 0.0000e+00  -61.09550  -58.13400 1152261924 188.364886    34.3787       6485          5  0.000e+00
    153.197     0.8656   2.937649     0.8664   2.937517    5.55199    -0.0319    13.8155 0.0000e+00  -61.09550  -58.13400 1152261924 188.364887    34.3791       6486          5  0.000e+00
    153.197     0.8656   2.937665     0.8663   2.937511    5.54743    -0.0319    13.8155 0.0000e+00  -61.09550  -58.13400 1152261925 188.364887    34.3794       6487          5  0.000e+00
    153.197     0.8656   2.937672     0.8661   2.937511    5.55198    -0.0857    13.8155 0.0000e+00  -61.09550  -58.13400 1152261925 188.364888    34.3794       6488          5  0.000e+00
    153.139     0.8662   2.937652     0.8667   2.937511    5.54732    -0.1072    13.8155 0.0000e+00  -61.09550  -58.13400 1152261925 188.364888    34.3785       6489          5  0.000e+00
    153.197     0.8661   2.937716     0.8661   2.937511    5.54735    -0.0749    13.8155 0.0000e+00  -61.09550  -58.13400 1152261925 188.364889    34.3795       6490          5  0.000e+00
    153.197     0.8662   2.937689     0.8667   2.937529    5.54735    -0.0964    13.8155 0.0000e+00  -61.09550  -58.13400 1152261925 188.364889    34.3790       6491          5  0.000e+00
    153.130     0.8659   2.937672     0.8666   2.937541    5.54733    -0.0749    13.8155 0.0000e+00  -61.09550  -58.13400 1152261925 188.364890    34.3791       6492          5  0.000e+00
    153.197     0.8661   2.937652     0.8664   2.937541    5.54738    -0.0642    13.8155 0.0000e+00  -61.09550  -58.13400 1152261925 188.364890    34.3786       6493          5  0.000e+00
    153.139     0.8656   2.937611     0.8664   2.937476    5.54741    -0.0319    13.8155 0.0000e+00  -61.09550  -58.13400 1152261925 188.364891    34.3787       6494          5  0.000e+00
    153.197     0.8654   2.937635     0.8666   2.937535    5.54746    -0.0534    13.8155 0.0000e+00  -61.09550  -58.13400 1152261925 188.364891    34.3792       6495          5  0.000e+00
    153.130     0.8653   2.937628     0.8667   2.937547    5.54742    -0.0964    13.8155 0.0000e+00  -61.09550  -58.13400 1152261925 188.364891    34.3792       6496          5  0.000e+00
    153.130     0.8648   2.937605     0.8667   2.937541    5.54749    -0.0857    13.8155 0.0000e+00  -61.09550  -58.13400 1152261925 188.364892    34.3795       6497          5  0.000e+00
    153.139     0.8654   2.937618     0.8667   2.937541    5.55198    -0.0749    13.8155 0.0000e+00  -61.09550  -58.13400 1152261925 188.364892    34.3789       6498          5  0.000e+00
    153.197     0.8659   2.937605     0.8661   2.937499    5.54742    -0.0534    13.8155 0.0000e+00  -61.09550  -58.13400 1152261925 188.364893    34.3783       6499          5  0.000e+00
    153.063     0.8661   2.937652     0.8666   2.937482    5.54727    -0.0319    13.8155 0.0000e+00  -61.09550  -58.13400 1152261925 188.364893    34.3787       6500          5  0.000e+00
    153.130     0.8654   2.937635     0.8667   2.937523    5.54740    -0.0211    13.8155 0.0000e+00  -61.09550  -58.13400 1152261925 188.364894    34.3792       6501          5  0.000e+00
    153.340     0.8698   2.938041     0.8711   2.938109    5.54688    -0.0857    13.8155 0.0000e+00  -61.09550  -58.13400 1152261930 188.364949    34.3794       6615          6  0.000e+00
    153.483     0.8698   2.937970     0.8700   2.937985    5.54702    -0.0319    13.8155 0.0000e+00  -61.09550  -58.13400 1152261930 188.364949    34.3784       6616          6  0.000e+00
    153.416     0.8697   2.937970     0.8694   2.937890    5.54699    -0.0642    13.8155 0.0000e+00  -61.09550  -58.13400 1152261930 188.364950    34.3786       6617          6  0.000e+00
    153.407     0.8700   2.938169     0.8694   2.937831    5.54686    -0.0642    13.8155 0.0000e+00  -61.09550  -58.13400 1152261930 188.364950    34.3809       6618          6  0.000e+00
    153.483     0.8726   2.938405     0.8689   2.937813    5.54650    -0.0642    13.8155 0.0000e+00  -61.09550  -58.13400 1152261930 188.364951    34.3810       6619          6  0.000e+00
    153.550     0.8739   2.938554     0.8701   2.937855    5.54634    -0.0964    13.8155 0.0000e+00  -61.09550  -58.13400 1152261930 188.364951    34.3815       6620          6  0.000e+00
    153.483     0.8747   2.938547     0.8719   2.938015    5.54620    -0.0534    13.8155 0.0000e+00  -61.09550  -58.13400 1152261930 188.364952    34.3805       6621          6  0.000e+00
    153.550     0.8744   2.938500     0.8737   2.938186    5.54631    -0.0426    13.8155 0.0000e+00  -61.09550  -58.13400 1152261930 188.364952    34.3803       6622          6  0.000e+00
    153.550     0.8736   2.938402     0.8751   2.938269    5.54645    -0.0319    13.8155 0.0000e+00  -61.09550  -58.13400 1152261930 188.364953    34.3799       6623          6  0.000e+00
    153.617     0.8731   2.938284     0.8751   2.938305    5.54661    -0.0534    13.8155 0.0000e+00  -61.09550  -58.13400 1152261930 188.364953    34.3788       6624          6  0.000e+00
