product_data/regression_test/downloaded_data/MDGS/320620060703/ctd/p6609609.ros
* Sea-Bird SBE 9 Data File:
* FileName = D:\Data\Raw\p6609609.dat
* Software Version Seasave Win32 V 5.32
* Temperature SN = 1649
* Conductivity SN = 1431
* Number of Bytes Per Scan = 37
* Number of Voltage Words = 5
* Number of Scans Averaged by the Deck Unit = 1
* NMEA Latitude = 60 45.06 S
* NMEA Longitude = 058 22.44 W
* NMEA UTC (Time) = 01:40:12
** Ship:   Nathaniel B. Palmer 
** Cruise:    NBP0606 
# nquan = 17
# nvalues = 1176                    
# units = specified
# name 0 = prDM: Pressure, Digiquartz [db]
# name 1 = t090C: Temperature [ITS-90, deg C]
# name 2 = c0S/m: Conductivity [S/m]
# name 3 = t190C: Temperature, 2 [ITS-90, deg C]
# name 4 = c1S/m: Conductivity, 2 [S/m]
# name 5 = sbeox0ML/L: Oxygen, SBE 43 [ml/l]
# name 6 = flECO-AFL: Fluorescence, Wetlab ECO-AFL/FL [mg/m^3]
# name 7 = bat: Beam Attenuation, Chelsea/Seatech/Wetlab CStar [1/m]
# name 8 = spar: SPAR/Surface Irradiance
# name 9 = latitude: Latitude [deg]
# name 10 = longitude: Longitude [deg]
# name 11 = timeY: Time, System [seconds]
# name 12 = timeJ: Julian Days
# name 13 = sal00: Salinity [PSU]
# name 14 = scan: scan number
# name 15 = nbf: number of bottles fired
# name 16 = flag:  0.000e+00
# interval = seconds: 0.0416667                   
# start_time = Jul 12 2006 01:40:20
*END*
     29.511    -0.8055   2.753723    -0.8073   2.754577    8.11164     0.1833    13.8155 0.0000e+00  -60.75100  -58.37400 1152668439 193.069920    33.8827        507          1  0.000e+00
     29.435    -0.8057   2.753720    -0.8076   2.754582    8.11158     0.1510    13.8155 0.0000e+00  -60.75100  -58.37400 1152668439 193.069920    33.8829        508          1  0.000e+00
     29.568    -0.8058   2.753700    -0.8071   2.754600    8.11177     0.1510    13.8155 0.0000e+00  -60.75100  -58.37400 1152668439 193.069921    33.8827        509          1  0.000e+00
     29.511    -0.8055   2.753726    -0.8071   2.754571    8.11163     0.1618    13.8155 0.0000e+00  -60.75100  -58.37400 1152668439 193.069921    33.8827        510          1  0.000e+00
     29.511    -0.8060   2.753690    -0.8073   2.754594    8.11174     0.1618    13.8155 0.0000e+00  -60.75100  -58.37400 1152668439 193.069922    33.8828        511          1  0.000e+00
     29.568    -0.8055   2.753690    -0.8070   2.754588    8.10703     0.1403    13.8155 0.0000e+00  -60.75100  -58.37400 1152668439 193.069922    33.8822        512          1  0.000e+00
     29.511    -0.8057   2.753697    -0.8068   2.754559    8.11168     0.1833    13.8155 0.0000e+00  -60.75100  -58.37400 1152668439 193.069923    33.8825        513          1  0.000e+00
     29.511    -0.8057   2.753697    -0.8071   2.754519    8.11168     0.1941    13.8155 0.0000e+00  -60.75100  -58.37400 1152668440 193.069923    33.8825        514          1  0.000e+00
     29.511    -0.8057   2.753677    -0.8065   2.754542    8.11170     0.1941    13.8155 0.0000e+00  -60.75100  -58.37400 1152668440 193.069924    33.8822        515          1  0.000e+00
     29.492    -0.8057   2.753690    -0.8071   2.754571    8.11167     0.1833    13.8155 0.0000e+00  -60.75100  -58.37400 1152668440 193.069924    33.8824        516          1  0.000e+00
     29.511    -0.8058   2.753677    -0.8068   2.754606    8.11172     0.1403    13.8155 0.0000e+00  -60.75100  -58.37400 1152668440 193.069925    33.8824        517          1  0.000e+00
     29.435    -0.8051   2.753690    -0.8073   2.754588    8.11150     0.1403    13.8155 0.0000e+00  -60.75100  -58.37400 1152668440 193.069925    33.8818        518          1  0.000e+00
     29.492    -0.8057   2.753677    -0.8071   2.754600    8.11167     0.1833    13.8155 0.0000e+00  -60.75100  -58.37400 1152668440 193.069926    33.8822        519          1  0.000e+00
     29.511    -0.8057   2.753707    -0.8071   2.754588    8.11168     0.1510    13.8155 0.0000e+00  -60.75100  -58.37400 1152668440 193.069926    33.8826        520          1  0.000e+00
     29.435    -0.8057   2.753733    -0.8064   2.754588    8.11157     0.1188    13.8155 0.0000e+00  -60.75100  -58.37400 1152668440 193.069927    33.8830        521          1  0.000e+00
     29.511    -0.8054   2.753723    -0.8068   2.754600    8.11161     0.1618    13.8155 0.0000e+00  -60.75100  -58.37400 1152668440 193.069927    33.8825        522          1  0.000e+00
     29.425    -0.8051   2.753733    -0.8070   2.754588    8.11146     0.1833    13.8155 0.0000e+00  -60.75100  -58.37400 1152668440 193.069928    33.8823        523          1  0.000e+00
     29.511    -0.8055   2.753723    -0.8068   2.754617    8.11164     0.2048    13.8155 0.0000e+00  -60.75100  -58.37400 1152668440 193.069928    33.8827        524          1  0.000e+00
     29.435    -0.8051   2.753733    -0.8068   2.754617    8.10678     0.1833    13.8155 0.0000e+00  -60.75100  -58.37400 1152668440 193.069929    33.8823        525          1  0.000e+00
     29.425    -0.8052   2.753739    -0.8068   2.754606    8.11148     0.1618    13.8155 0.0000e+00  -60.75100  -58.37400 1152668440 193.069929    33.8826        526          1  0.000e+00
     29.511    -0.8051   2.753739    -0.8071   2.754640    8.11155     0.1941    13.8155 0.0000e+00  -60.75100  -58.37400 1152668440 193.069930    33.8824        527          1  0.000e+00
     29.435    -0.8052   2.753739    -0.8067   2.754640    8.11149     0.2479    13.8155 0.0000e+00  -60.75100  -58.37400 1152668440 193.069930    33.8826        528          1  0.000e+00
     29.435    -0.8054   2.753707    -0.8070   2.754600    8.11154     0.2048    13.8155 0.0000e+00  -60.75100  -58.37400 1152668440 193.069931    33.8823        529          1  0.000e+00
     29.425    -0.8051   2.753713    -0.8071   2.754559    8.11147     0.1833    13.8155 0.0000e+00  -60.75100  -58.37400 1152668440 193.069931    33.8821        530          1  0.000e+00
     29.435    -0.8057   2.753733    -0.8068   2.754588    8.11157     0.1510    13.8155 0.0000e+00  -60.75100  -58.37400 1152668440 193.069932    33.8830        531          1  0.000e+00
     29.435    -0.8055   2.753723    -0.8068   2.754594    8.11155     0.1188    13.8155 0.0000e+00  -60.75100  -58.37400 1152668440 193.069932    33.8827        532          1  0.000e+00
     29.425    -0.8052   2.753720    -0.8076   2.754559    8.11150     0.1188    13.8155 0.0000e+00  -60.75100  -58.37400 1152668440 193.069932    33.8824        533          1  0.000e+00
     29.435    -0.8054   2.753700    -0.8076   2.754554    8.11155     0.1618    13.8155 0.0000e+00  -60.75100  -58.37400 1152668440 193.069933    33.8822        534          1  0.000e+00
     29.368    -0.8055   2.753713    -0.8074   2.754536    8.11148     0.2263    13.8155 0.0000e+00  -60.75100  -58.37400 1152668440 193.069933    33.8826        535          1  0.000e+00
     29.435    -0.8054   2.753720    -0.8076   2.754577    8.11153     0.2263    13.8155 0.0000e+00  -60.75100  -58.37400 1152668440 193.069934    33.8825        536          1  0.000e+00
     29.425    -0.8060   2.753700    -0.8071   2.754542    8.11163     0.1618    13.8155 0.0000e+00  -60.75100  -58.37400 1152668440 193.069934    33.8829        537          1  0.000e+00
     29.368    -0.8052   2.753713    -0.8071   2.754565    8.11144     0.1618    13.8155 0.0000e+00  -60.75100  -58.37400 1152668441 193.069935    33.8823        538          1  0.000e+00
     29.435    -0.8055   2.753749    -0.8079   2.754559    8.11153     0.1510    13.8155 0.0000e+00  -60.75100  -58.37400 1152668441 193.069935    33.8831        539          1  0.000e+00
     29.359    -0.8054   2.753730    -0.8073   2.754559    8.11144     0.1726    13.8155 0.0000e+00  -60.75100  -58.37400 1152668441 193.069936    33.8827        540          1  0.000e+00
     29.435    -0.8051   2.753700    -0.8071   2.754536    8.11149     0.1726    13.8155 0.0000e+00  -60.75100  -58.37400 1152668441 193.069936    33.8819        541          1  0.000e+00
     29.368    -0.8051   2.753746    -0.8077   2.754548    8.11138     0.1295    13.8155 0.0000e+00  -60.75100  -58.37400 1152668441 193.069937    33.8825        542          1  0.000e+00
     29.435    -0.8054   2.753743    -0.8070   2.754571    8.11620     0.0865    13.8155 0.0000e+00  -60.75100  -58.37400 1152668441 193.069937    33.8828        543          1  0.000e+00
     29.359    -0.8055   2.753723    -0.8076   2.754565    8.11146     0.1080    13.8155 0.0000e+00  -60.75100  -58.37400 1152668441 193.069938    33.8828        544          1  0.000e+00
     29.435    -0.8051   2.753733    -0.8071   2.754554    8.11147     0.1403    13.8155 0.0000e+00  -60.75100  -58.37400 1152668441 193.069938    33.8823        545          1  0.000e+00
     29.368    -0.8055   2.753739    -0.8070   2.754536    8.11615     0.1080    13.8155 0.0000e+00  -60.75100  -58.37400 1152668441 193.069939    33.8830        546          1  0.000e+00
     29.359    -0.8049   2.753739    -0.8074   2.754548    8.11135     0.0865    13.8155 0.0000e+00  -60.75100  -58.37400 1152668441 193.069939    33.8823        547          1  0.000e+00
     29.435    -0.8051   2.753723    -0.8073   2.754542    8.11148     0.1080    13.8155 0.0000e+00  -60.75100  -58.37400 1152668441 193.069940    33.8822        548          1  0.000e+00
     29.368    -0.8051   2.753733    -0.8073   2.754548    8.11139     0.1726    13.8155 0.0000e+00  -60.75100  -58.37400 1152668441 193.069940    33.8824        549          1  0.000e+00
     29.368    -0.8057   2.753707    -0.8067   2.754553    8.11620     0.1726    13.8155 0.0000e+00  -60.75100  -58.37400 1152668441 193.069941    33.8827        550          1  0.000e+00
     29.426    -0.8058   2.753697    -0.8068   2.754542    8.11630     0.1403    13.8155 0.0000e+00  -60.75100  -58.37400 1152668441 193.069941    33.8827        551          1  0.000e+00
     29.368    -0.8054   2.753697    -0.8070   2.754588    8.11147     0.1295    13.8155 0.0000e+00  -60.75100  -58.37400 1152668441 193.069942    33.8822        552          1  0.000e+00
     29.368    -0.8058   2.753677    -0.8073   2.754588    8.11625     0.2156    13.8155 0.0000e+00  -60.75100  -58.37400 1152668441 193.069942    33.8825        553          1  0.000e+00
     29.426    -0.8055   2.753674    -0.8070   2.754582    8.11627     0.2586    13.8155 0.0000e+00  -60.75100  -58.37400 1152668441 193.069943    33.8821        554          1  0.000e+00
     29.368    -0.8058   2.753690    -0.8070   2.754588    8.11624     0.2263    13.8155 0.0000e+00  -60.75100  -58.37400 1152668441 193.069943    33.8827        555          1  0.000e+00
     29.998    -0.8069   2.753585    -0.8087   2.754450    8.11721     0.1080    13.8155 0.0000e+00  -60.75100  -58.37400 1152668445 193.069985    33.8821        641          2  0.000e+00
     30.055    -0.8078   2.753585    -0.8087   2.754450    8.11742     0.1295    13.8155 0.0000e+00  -60.75100  -58.37400 1152668445 193.069985    33.8831        642          2  0.000e+00
     30.065    -0.8072   2.753585    -0.8085   2.754438    8.11734     0.1510    13.8155 0.0000e+00  -60.75100  -58.37400 1152668445 193.069986    33.8824        643          2  0.000e+00
     30.065    -0.8072   2.753585    -0.8087   2.754467    8.11734     0.1726    13.8155 0.0000e+00  -60.75100  -58.37400 1152668445 193.069986    33.8824        644          2  0.000e+00
     30.065    -0.8071   2.753585    -0.8087   2.754432    8.11731     0.1833    13.8155 0.0000e+00  -60.75100  -58.37400 1152668445 193.069986    33.8822        645          2  0.000e+00
     29.989    -0.8075   2.753602    -0.8084   2.754438    8.11259     0.1403    13.8155 0.0000e+00  -60.75100  -58.37400 1152668445 193.069987    33.8830        646          2  0.000e+00
     30.065    -0.8080   2.753625    -0.8087   2.754455    8.11742     0.1188    13.8155 0.0000e+00  -60.75100  -58.37400 1152668445 193.069987    33.8837        647          2  0.000e+00
     30.141    -0.8067   2.753595    -0.8087   2.754427    8.11734     0.1510    13.8155 0.0000e+00  -60.75100  -58.37400 1152668445 193.069988    33.8819        648          2  0.000e+00
     30.055    -0.8071   2.753602    -0.8088   2.754438    8.11729     0.1618    13.8155 0.0000e+00  -60.75100  -58.37400 1152668445 193.069988    33.8824        649          2  0.000e+00
     30.065    -0.8071   2.753572    -0.8087   2.754450    8.11732     0.1726    13.8155 0.0000e+00  -60.75100  -58.37400 1152668445 193.069989    33.8820        650          2  0.000e+00
     30.141    -0.8071   2.753595    -0.8084   2.754455    8.11739     0.1618    13.8155 0.0000e+00  -60.75100  -58.37400 1152668445 193.069989    33.8823        651          2  0.000e+00
     30.065    -0.8071   2.753589    -0.8085   2.754427    8.11731     0.1941    13.8155 0.0000e+00  -60.75100  -58.37400 1152668445 193.069990    33.8822        652          2  0.000e+00
     30.055    -0.8069   2.753585    -0.8085   2.754421    8.11258     0.1403    13.8155 0.0000e+00  -60.75100  -58.37400 1152668445 193.069990    33.8820        653          2  0.000e+00
     30.141    -0.8071   2.753602    -0.8085   2.754432    8.11738     0.1403    13.8155 0.0000e+00  -60.75100  -58.37400 1152668445 193.069991    33.8824        654          2  0.000e+00
     30.065    -0.8072   2.753608    -0.8087   2.754444    8.11732     0.1726    13.8155 0.0000e+00  -60.75100  -58.37400 1152668445 193.069991    33.8827        655          2  0.000e+00
     30.122    -0.8069   2.753608    -0.8085   2.754450    8.11733     0.1941    13.8155 0.0000e+00  -60.75100  -58.37400 1152668445 193.069992    33.8823        656          2  0.000e+00
     30.065    -0.8072   2.753572    -0.8085   2.754450    8.11266     0.2156    13.8155 0.0000e+00  -60.75100  -58.37400 1152668445 193.069992    33.8822        657          2  0.000e+00
     30.141    -0.8074   2.753595    -0.8084   2.754438    8.11275     0.1618    13.8155 0.0000e+00  -60.75100  -58.37400 1152668446 193.069993    33.8826        658          2  0.000e+00
     30.141    -0.8071   2.753589    -0.8085   2.754467    8.11270     0.1726    13.8155 0.0000e+00  -60.75100  -58.37400 1152668446 193.069993    33.8822        659          2  0.000e+00
     30.122    -0.8070   2.753618    -0.8082   2.754455    8.11265     0.1833    13.8155 0.0000e+00  -60.75100  -58.37400 1152668446 193.069994    33.8826        660          2  0.000e+00
     30.141    -0.8071   2.753595    -0.8087   2.754467    8.11739     0.1833    13.8155 0.0000e+00  -60.75100  -58.37400 1152668446 193.069994    33.8823        661          2  0.000e+00
     30.065    -0.8069   2.753566    -0.8085   2.754484    8.11730     0.1726    13.8155 0.0000e+00  -60.75100  -58.37400 1152668446 193.069995    33.8818        662          2  0.000e+00
     30.141    -0.8069   2.753612    -0.8084   2.754455    8.11735     0.1618    13.8155 0.0000e+00  -60.75100  -58.37400 1152668446 193.069995    33.8824        663          2  0.000e+00
     30.198    -0.8066   2.753612    -0.8085   2.754450    8.11267     0.1510    13.8155 0.0000e+00  -60.75100  -58.37400 1152668446 193.069996    33.8820        664          2  0.000e+00
     30.141    -0.8066   2.753589    -0.8084   2.754450    8.11263     0.1618    13.8155 0.0000e+00  -60.75100  -58.37400 1152668446 193.069996    33.8817        665          2  0.000e+00
     30.141    -0.8067   2.753618    -0.8088   2.754479    8.11263     0.1295    13.8155 0.0000e+00  -60.75100  -58.37400 1152668446 193.069997    33.8822        666          2  0.000e+00
     30.122    -0.8067   2.753631    -0.8080   2.754455    8.11260     0.1188    13.8155 0.0000e+00  -60.75100  -58.37400 1152668446 193.069997    33.8824        667          2  0.000e+00
     30.141    -0.8071   2.753595    -0.8085   2.754450    8.11270     0.1510    13.8155 0.0000e+00  -60.75100  -58.37400 1152668446 193.069998    33.8823        668          2  0.000e+00
     30.141    -0.8067   2.753618    -0.8081   2.754467    8.11263     0.1618    13.8155 0.0000e+00  -60.75100  -58.37400 1152668446 193.069998    33.8822        669          2  0.000e+00
     30.208    -0.8067   2.753595    -0.8087   2.754461    8.11272     0.1618    13.8155 0.0000e+00  -60.75100  -58.37400 1152668446 193.069999    33.8819        670          2  0.000e+00
     30.122    -0.8071   2.753602    -0.8084   2.754473    8.11267     0.1726    13.8155 0.0000e+00  -60.75100  -58.37400 1152668446 193.069999    33.8824        671          2  0.000e+00
     30.065    -0.8072   2.753625    -0.8082   2.754455    8.11262     0.2048    13.8155 0.0000e+00  -60.75100  -58.37400 1152668446 193.070000    33.8829        672          2  0.000e+00
     30.275    -0.8066   2.753612    -0.8082   2.754450    8.11276     0.2048    13.8155 0.0000e+00  -60.75100  -58.37400 1152668446 193.070000    33.8819        673          2  0.000e+00
     30.141    -0.8071   2.753589    -0.8088   2.754479    8.11270     0.1941    13.8155 0.0000e+00  -60.75100  -58.37400 1152668446 193.070000    33.8822        674          2  0.000e+00
     30.198    -0.8069   2.753602    -0.8082   2.754496    8.11273     0.1726    13.8155 0.0000e+00  -60.75100  -58.37400 1152668446 193.070001    33.8822        675          2  0.000e+00
     30.208    -0.8069   2.753608    -0.8084   2.754438    8.11274     0.0972    13.8155 0.0000e+00  -60.75100  -58.37400 1152668446 193.070001    33.8823        676          2  0.000e+00
