product_data/regression_test/downloaded_data/MDGS/320620060703/ctd/p6606202.ros
* Sea-Bird SBE 9 Data File:
* FileName = D:\Data\Raw\p6606202.dat
* Software Version Seasave Win32 V 5.32
* Temperature SN = 1649
* Conductivity SN = 1431
* Number of Bytes Per Scan = 37
* Number of Voltage Words = 5
* Number of Scans Averaged by the Deck Unit = 1
* NMEA Latitude = 61 05.98 S
* NMEA Longitude = 058 08.84 W
* NMEA UTC (Time) = 06:55:41
** Ship:   Nathaniel B. Palmer 
** Cruise:    NBP0603 
** Cast #: 
** Station:   
** Operator: 
# nquan = 17
# nvalues = 1176                    
# units = specified
# name 0 = prDM: Pressure, Digiquartz [db]
# name 1 = t090C: Temperature [ITS-90, deg C]
# name 2 = c0S/m: Conductivity [S/m]
# name 3 = t190C: Temperature, 2 [ITS-90, deg C]
# name 4 = c1S/m: Conductivity, 2 [S/m]
# name 5 = sbeox0ML/L: Oxygen, SBE 43 [ml/l]
# name 6 = flECO-AFL: Fluorescence, Wetlab ECO-AFL/FL [mg/m^3]
# name 7 = bat: Beam Attenuation, Chelsea/Seatech/Wetlab CStar [1/m]
# name 8 = spar: SPAR/Surface Irradiance
# name 9 = latitude: Latitude [deg]
# name 10 = longitude: Longitude [deg]
# name 11 = timeY: Time, System [seconds]
# name 12 = timeJ: Julian Days
# name 13 = sal00: Salinity [PSU]
# name 14 = scan: scan number
# name 15 = nbf: number of bottles fired
# name 16 = flag:  0.000e+00
# interval = seconds: 0.0416667                   
# start_time = Jul 07 2006 06:55:49
*END*
[from data line 171]
     50.925    -0.8051   2.757799    -0.8053   2.757774    8.05744     0.0972    13.8155 0.0000e+00  -61.09967  -58.14733 1152255491 188.290423    33.9242       3446          4  0.000e+00
     50.858    -0.8047   2.757802    -0.8050   2.757774    8.05261     0.0542    13.8155 0.0000e+00  -61.09967  -58.14733 1152255491 188.290423    33.9239       3447          4  0.000e+00
     50.858    -0.8047   2.757832    -0.8053   2.757791    8.05259     0.0434    13.8155 0.0000e+00  -61.09967  -58.14733 1152255491 188.290424    33.9243       3448          4  0.000e+00
     50.858    -0.8051   2.757796    -0.8055   2.757780    8.05737     0.0434    13.8155 0.0000e+00  -61.09967  -58.14733 1152255491 188.290424    33.9242       3449          4  0.000e+00
     50.858    -0.8052   2.757779    -0.8049   2.757774    8.05741     0.0434    13.8155 0.0000e+00  -61.09967  -58.14733 1152255491 188.290425    33.9241       3450          4  0.000e+00
     50.858    -0.8052   2.757809    -0.8056   2.757791    8.05739     0.0434    13.8155 0.0000e+00  -61.09967  -58.14733 1152255491 188.290425    33.9245       3451          4  0.000e+00
     50.792    -0.8052   2.757822    -0.8050   2.757780    8.05730     0.0972    13.8155 0.0000e+00  -61.09967  -58.14733 1152255491 188.290426    33.9247       3452          4  0.000e+00
     50.858    -0.8049   2.757825    -0.8050   2.757791    8.05732     0.0650    13.8155 0.0000e+00  -61.09967  -58.14733 1152255491 188.290426    33.9244       3453          4  0.000e+00
     50.858    -0.8052   2.757806    -0.8050   2.757780    8.05739     0.0434    13.8155 0.0000e+00  -61.09967  -58.14733 1152255491 188.290427    33.9245       3454          4  0.000e+00
     50.858    -0.8051   2.757802    -0.8052   2.757791    8.05736     0.0434    13.8155 0.0000e+00  -61.09967  -58.14733 1152255491 188.290427    33.9242       3455          4  0.000e+00
     50.792    -0.8052   2.757799    -0.8053   2.757780    8.05732     0.0865    13.8155 0.0000e+00  -61.09967  -58.14733 1152255491 188.290428    33.9244       3456          4  0.000e+00
     50.858    -0.8047   2.757819    -0.8051   2.757774    8.05730     0.1188    13.8155 0.0000e+00  -61.09967  -58.14733 1152255491 188.290428    33.9241       3457          4  0.000e+00
     50.858    -0.8047   2.757806    -0.8055   2.757774    8.05731     0.0757    13.8155 0.0000e+00  -61.09967  -58.14733 1152255491 188.290429    33.9239       3458          4  0.000e+00
     50.792    -0.8047   2.757783    -0.8052   2.757774    8.05725     0.0972    13.8155 0.0000e+00  -61.09967  -58.14733 1152255491 188.290429    33.9237       3459          4  0.000e+00
     50.859    -0.8052   2.757779    -0.8053   2.757774    8.05741     0.1080    13.8155 0.0000e+00  -61.09967  -58.14733 1152255491 188.290430    33.9241       3460          4  0.000e+00
     50.792    -0.8054   2.757809    -0.8047   2.757791    8.05733     0.1080    13.8155 0.0000e+00  -61.09967  -58.14733 1152255491 188.290430    33.9247       3461          4  0.000e+00
     50.859    -0.8052   2.757806    -0.8052   2.757797    8.05739     0.0650    13.8155 0.0000e+00  -61.09967  -58.14733 1152255491 188.290431    33.9245       3462          4  0.000e+00
     50.792    -0.8052   2.757819    -0.8049   2.757780    8.05730     0.0219    13.8155 0.0000e+00  -61.09967  -58.14733 1152255491 188.290431    33.9247       3463          4  0.000e+00
     50.859    -0.8047   2.757806    -0.8051   2.757774    8.05731     0.0650    13.8155 0.0000e+00  -61.09967  -58.14733 1152255492 188.290432    33.9239       3464          4  0.000e+00
     50.792    -0.8052   2.757819    -0.8050   2.757791    8.05730     0.0650    13.8155 0.0000e+00  -61.09967  -58.14733 1152255492 188.290432    33.9247       3465          4  0.000e+00
     50.782    -0.8052   2.757819    -0.8049   2.757803    8.05259     0.0757    13.8155 0.0000e+00  -61.09967  -58.14733 1152255492 188.290433    33.9247       3466          4  0.000e+00
     50.859    -0.8051   2.757806    -0.8045   2.757797    8.05736     0.0650    13.8155 0.0000e+00  -61.09967  -58.14733 1152255492 188.290433    33.9243       3467          4  0.000e+00
     50.792    -0.8052   2.757783    -0.8047   2.757797    8.05263     0.0650    13.8155 0.0000e+00  -61.09967  -58.14733 1152255492 188.290434    33.9242       3468          4  0.000e+00
     50.859    -0.8054   2.757812    -0.8047   2.757762    8.05741     0.0757    13.8155 0.0000e+00  -61.09967  -58.14733 1152255492 188.290434    33.9247       3469          4  0.000e+00
     50.792    -0.8051   2.757806    -0.8042   2.757785    8.05729     0.0650    13.8155 0.0000e+00  -61.09967  -58.14733 1152255492 188.290435    33.9243       3470          4  0.000e+00
     51.213    -0.8055   2.757796    -0.8045   2.757797    8.05314     0.0327    13.8155 0.0000e+00  -61.09967  -58.14733 1152255498 188.290503    33.9245       3612          5  0.000e+00
     51.070    -0.8049   2.757747    -0.8049   2.757780    8.05292     0.0219    13.8155 0.0000e+00  -61.09967  -58.14733 1152255498 188.290503    33.9232       3613          5  0.000e+00
     51.070    -0.8054   2.757750    -0.8045   2.757791    8.05299     0.0650    13.8155 0.0000e+00  -61.09967  -58.14733 1152255498 188.290504    33.9238       3614          5  0.000e+00
     51.003    -0.8051   2.757756    -0.8047   2.757780    8.05286     0.0650    13.8155 0.0000e+00  -61.09967  -58.14733 1152255498 188.290504    33.9235       3615          5  0.000e+00
     51.003    -0.8052   2.757773    -0.8047   2.757791    8.05287     0.0434    13.8155 0.0000e+00  -61.09967  -58.14733 1152255498 188.290505    33.9239       3616          5  0.000e+00
     51.003    -0.8049   2.757746    -0.8044   2.757762    8.05284     0.0757    13.8155 0.0000e+00  -61.09967  -58.14733 1152255498 188.290505    33.9232       3617          5  0.000e+00
     51.003    -0.8051   2.757766    -0.8048   2.757786    8.05285     0.0972    13.8155 0.0000e+00  -61.09967  -58.14733 1152255498 188.290506    33.9237       3618          5  0.000e+00
     51.003    -0.8049   2.757776    -0.8047   2.757757    8.05282     0.0650    13.8155 0.0000e+00  -61.09967  -58.14733 1152255498 188.290506    33.9236       3619          5  0.000e+00
     50.927    -0.8051   2.757760    -0.8049   2.757786    8.05277     0.0542    13.8155 0.0000e+00  -61.09967  -58.14733 1152255498 188.290507    33.9236       3620          5  0.000e+00
     50.927    -0.8051   2.757789    -0.8047   2.757780    8.05275     0.0650    13.8155 0.0000e+00  -61.09967  -58.14733 1152255498 188.290507    33.9240       3621          5  0.000e+00
     50.927    -0.8052   2.757802    -0.8041   2.757774    8.05276     0.0650    13.8155 0.0000e+00  -61.09967  -58.14733 1152255498 188.290508    33.9244       3622          5  0.000e+00
     50.927    -0.8049   2.757783    -0.8047   2.757774    8.05273     0.0542    13.8155 0.0000e+00  -61.09967  -58.14733 1152255498 188.290508    33.9238       3623          5  0.000e+00
     50.860    -0.8051   2.757760    -0.8045   2.757774    8.05269     0.0757    13.8155 0.0000e+00  -61.09967  -58.14733 1152255498 188.290509    33.9237       3624          5  0.000e+00
     50.860    -0.8052   2.757773    -0.8047   2.757791    8.05271     0.0434    13.8155 0.0000e+00  -61.09967  -58.14733 1152255498 188.290509    33.9240       3625          5  0.000e+00
     50.927    -0.8051   2.757760    -0.8047   2.757780    8.05277     0.0327    13.8155 0.0000e+00  -61.09967  -58.14733 1152255498 188.290510    33.9236       3626          5  0.000e+00
     50.793    -0.8047   2.757773    -0.8042   2.757774    8.05256     0.0112    13.8155 0.0000e+00  -61.09967  -58.14733 1152255498 188.290510    33.9235       3627          5  0.000e+00
     50.860    -0.8052   2.757776    -0.8047   2.757791    8.05271     0.0434    13.8155 0.0000e+00  -61.09967  -58.14733 1152255498 188.290511    33.9241       3628          5  0.000e+00
     50.793    -0.8051   2.757760    -0.8042   2.757780    8.05262     0.0757    13.8155 0.0000e+00  -61.09967  -58.14733 1152255498 188.290511    33.9237       3629          5  0.000e+00
     50.793    -0.8049   2.757756    -0.8042   2.757757    8.05260     0.0757    13.8155 0.0000e+00  -61.09967  -58.14733 1152255498 188.290512    33.9235       3630          5  0.000e+00
     50.793    -0.8054   2.757773    -0.8045   2.757768    8.05266     0.0757    13.8155 0.0000e+00  -61.09967  -58.14733 1152255498 188.290512    33.9242       3631          5  0.000e+00
     50.717    -0.8054   2.757779    -0.8048   2.757774    8.05727     0.0972    13.8155 0.0000e+00  -61.09967  -58.14733 1152255499 188.290513    33.9244       3632          5  0.000e+00
     50.793    -0.8047   2.757776    -0.8047   2.757774    8.05256     0.0542    13.8155 0.0000e+00  -61.09967  -58.14733 1152255499 188.290513    33.9236       3633          5  0.000e+00
     50.717    -0.8054   2.757776    -0.8047   2.757774    8.05257     0.0434    13.8155 0.0000e+00  -61.09967  -58.14733 1152255499 188.290514    33.9243       3634          5  0.000e+00
     50.717    -0.8054   2.757779    -0.8052   2.757774    8.05257     0.0650    13.8155 0.0000e+00  -61.09967  -58.14733 1152255499 188.290514    33.9244       3635          5  0.000e+00
     50.650    -0.8051   2.757779    -0.8044   2.757751    8.05244     0.0327    13.8155 0.0000e+00  -61.09967  -58.14733 1152255499 188.290515    33.9241       3636          5  0.000e+00
     50.574    -0.8052   2.757760    -0.8044   2.757745    8.05240     0.0542    13.8155 0.0000e+00  -61.09967  -58.14733 1152255499 188.290515    33.9240       3637          5  0.000e+00
     50.793    -0.8049   2.757786    -0.8045   2.757751    8.05258     0.0434    13.8155 0.0000e+00  -61.09967  -58.14733 1152255499 188.290516    33.9239       3638          5  0.000e+00
     50.574    -0.8052   2.757766    -0.8051   2.757768    8.05239     0.0112    13.8155 0.0000e+00  -61.09967  -58.14733 1152255499 188.290516    33.9241       3639          5  0.000e+00
     50.650    -0.8052   2.757740    -0.8047   2.757774    8.05250     0.0112    13.8155 0.0000e+00  -61.09967  -58.14733 1152255499 188.290516    33.9237       3640          5  0.000e+00
     50.574    -0.8054   2.757786    -0.8044   2.757757    8.05240     0.0650    13.8155 0.0000e+00  -61.09967  -58.14733 1152255499 188.290517    33.9245       3641          5  0.000e+00
     50.650    -0.8055   2.757753    -0.8044   2.757745    8.05254     0.0757    13.8155 0.0000e+00  -61.09967  -58.14733 1152255499 188.290517    33.9242       3642          5  0.000e+00
     50.574    -0.8049   2.757746    -0.8047   2.757745    8.05236     0.0972    13.8155 0.0000e+00  -61.09967  -58.14733 1152255499 188.290518    33.9235       3643          5  0.000e+00
     50.507    -0.8052   2.757753    -0.8050   2.757768    8.05233     0.0542    13.8155 0.0000e+00  -61.09967  -58.14733 1152255499 188.290518    33.9240       3644          5  0.000e+00
     50.574    -0.8047   2.757789    -0.8051   2.757774    8.05230     0.0542    13.8155 0.0000e+00  -61.09967  -58.14733 1152255499 188.290519    33.9239       3645          5  0.000e+00
     50.507    -0.8051   2.757766    -0.8044   2.757756    8.05229     0.0542    13.8155 0.0000e+00  -61.09967  -58.14733 1152255499 188.290519    33.9240       3646          5  0.000e+00
     50.507    -0.8055   2.757773    -0.8055   2.757745    8.05236     0.0542    13.8155 0.0000e+00  -61.09967  -58.14733 1152255499 188.290520    33.9246       3647          5  0.000e+00
     50.507    -0.8051   2.757776    -0.8049   2.757745    8.05229     0.0650    13.8155 0.0000e+00  -61.09967  -58.14733 1152255499 188.290520    33.9241       3648          5  0.000e+00
     50.441    -0.8058   2.757759    -0.8052   2.757785    8.05235     0.0434    13.8155 0.0000e+00  -61.09967  -58.14733 1152255499 188.290521    33.9248       3649          5  0.000e+00
     50.507    -0.8049   2.757789    -0.8050   2.757780    8.05225     0.0542    13.8155 0.0000e+00  -61.09967  -58.14733 1152255499 188.290521    33.9241       3650          5  0.000e+00
     50.441    -0.8051   2.757766    -0.8052   2.757756    8.05222     0.0327    13.8155 0.0000e+00  -61.09967  -58.14733 1152255499 188.290522    33.9240       3651          5  0.000e+00
     50.441    -0.8051   2.757773    -0.8050   2.757728    8.05221     0.0004    13.8155 0.0000e+00  -61.09967  -58.14733 1152255499 188.290522    33.9241       3652          5  0.000e+00
     50.441    -0.8052   2.757779    -0.8047   2.757756    8.05224     0.0112    13.8155 0.0000e+00  -61.09967  -58.14733 1152255499 188.290523    33.9244       3653          5  0.000e+00
     50.364    -0.8052   2.757759    -0.8050   2.757756    8.05217     0.0434    13.8155 0.0000e+00  -61.09967  -58.14733 1152255499 188.290523    33.9242       3654          5  0.000e+00
     50.441    -0.8049   2.757773    -0.8053   2.757768    8.05219     0.0434    13.8155 0.0000e+00  -61.09967  -58.14733 1152255499 188.290524    33.9239       3655          5  0.000e+00
     50.364    -0.8051   2.757779    -0.8052   2.757751    8.05212     0.0972    13.8155 0.0000e+00  -61.09967  -58.14733 1152255500 188.290524    33.9242       3656          5  0.000e+00
     50.364    -0.8051   2.757779    -0.8049   2.757728    8.05212     0.0434    13.8155 0.0000e+00  -61.09967  -58.14733 1152255500 188.290525    33.9242       3657          5  0.000e+00
     50.364    -0.8047   2.757779    -0.8050   2.757756    8.05207     0.0327    13.8155 0.0000e+00  -61.09967  -58.14733 1152255500 188.290525    33.9239       3658          5  0.000e+00
     50.364    -0.8055   2.757776    -0.8051   2.757751    8.05220     0.0112    13.8155 0.0000e+00  -61.09967  -58.14733 1152255500 188.290526    33.9247       3659          5  0.000e+00
     50.364    -0.8049   2.757759    -0.8050   2.757745    8.05212     0.0542    13.8155 0.0000e+00  -61.09967  -58.14733 1152255500 188.290526    33.9238       3660          5  0.000e+00
     51.348    -0.8052   2.757789    -0.8049   2.757797    8.04854     0.0434    13.8155 0.0000e+00  -61.09967  -58.14733 1152255503 188.290569    33.9240       3749          6  0.000e+00
     51.214    -0.8051   2.757809    -0.8049   2.757762    8.04835     0.0650    13.8155 0.0000e+00  -61.09967  -58.14733 1152255503 188.290570    33.9241       3750          6  0.000e+00
     51.281    -0.8052   2.757770    -0.8047   2.757751    8.04848     0.0542    13.8155 0.0000e+00  -61.09967  -58.14733 1152255503 188.290570    33.9237       3751          6  0.000e+00
     51.138    -0.8049   2.757756    -0.8049   2.757768    8.04828     0.0219    13.8155 0.0000e+00  -61.09967  -58.14733 1152255504 188.290571    33.9233       3752          6  0.000e+00
     51.281    -0.8052   2.757756    -0.8047   2.757757    8.04849     0.0112    13.8155 0.0000e+00  -61.09967  -58.14733 1152255504 188.290571    33.9236       3753          6  0.000e+00
     51.281    -0.8055   2.757773    -0.8045   2.757768    8.04853     0.0219    13.8155 0.0000e+00  -61.09967  -58.14733 1152255504 188.290571    33.9241       3754          6  0.000e+00
     51.214    -0.8051   2.757796    -0.8049   2.757791    8.04836     0.0757    13.8155 0.0000e+00  -61.09967  -58.14733 1152255504 188.290572    33.9239       3755          6  0.000e+00
     51.214    -0.8051   2.757783    -0.8042   2.757780    8.04837     0.0865    13.8155 0.0000e+00  -61.09967  -58.14733 1152255504 188.290572    33.9238       3756          6  0.000e+00
     51.214    -0.8052   2.757796    -0.8049   2.757774    8.04838     0.0542    13.8155 0.0000e+00  -61.09967  -58.14733 1152255504 188.290573    33.9241       3757          6  0.000e+00
     51.281    -0.8049   2.757802    -0.8045   2.757774    8.04841     0.0434    13.8155 0.0000e+00  -61.09967  -58.14733 1152255504 188.290573    33.9238       3758          6  0.000e+00
