product_data/regression_test/downloaded_data/MDGS/320620060703/ctd/p6609306.ros
* Sea-Bird SBE 9 Data File:
* FileName = D:\Data\Raw\p6609306.dat
* Software Version Seasave Win32 V 5.32
* Temperature SN = 1649
* Conductivity SN = 1431
* Number of Bytes Per Scan = 37
* Number of Voltage Words = 5
* Number of Scans Averaged by the Deck Unit = 1
* NMEA Latitude = 61 07.50 S
* NMEA Longitude = 058 05.51 W
* NMEA UTC (Time) = 04:04:44
** Ship:   Nathaniel B. Palmer nbp
** Cruise:    NBP0606 nbp0606
# nquan = 17
# nvalues = 1176                    
# units = specified
# name 0 = prDM: Pressure, Digiquartz [db]
# name 1 = t090C: Temperature [ITS-90, deg C]
# name 2 = c0S/m: Conductivity [S/m]
# name 3 = t190C: Temperature, 2 [ITS-90, deg C]
# name 4 = c1S/m: Conductivity, 2 [S/m]
# name 5 = sbeox0ML/L: Oxygen, SBE 43 [ml/l]
# name 6 = flECO-AFL: Fluorescence, Wetlab ECO-AFL/FL [mg/m^3]
# name 7 = bat: Beam Attenuation, Chelsea/Seatech/Wetlab CStar [1/m]
# name 8 = spar: SPAR/Surface Irradiance
# name 9 = latitude: Latitude [deg]
# name 10 = longitude: Longitude [deg]
# name 11 = timeY: Time, System [seconds]
# name 12 = timeJ: Julian Days
# name 13 = sal00: Salinity [PSU]
# name 14 = scan: scan number
# name 15 = nbf: number of bottles fired
# name 16 = flag:  0.000e+00
# interval = seconds: 0.0416667                   
# start_time = Jul 11 2006 04:04:51
*END*
[from data line 1107]
    500.666     1.8766   3.066686     1.8769   3.067019    4.49728    -0.0426    13.8155 0.0000e+00  -61.12500  -58.09183 1152591636 192.180995    34.7107      22728         23  0.000e+00
    500.810     1.8765   3.066720     1.8775   3.066995    4.49737    -0.0749    13.8155 0.0000e+00  -61.12500  -58.09183 1152591636 192.180995    34.7112      22729         23  0.000e+00
    500.858     1.8766   3.066714     1.8773   3.066989    4.49739    -0.0857    13.8155 0.0000e+00  -61.12500  -58.09183 1152591637 192.180996    34.7110      22730         23  0.000e+00
    500.810     1.8765   3.066727     1.8775   3.067007    4.49737    -0.0426    13.8155 0.0000e+00  -61.12500  -58.09183 1152591637 192.180996    34.7113      22731         23  0.000e+00
    500.877     1.8768   3.066751     1.8772   3.067037    4.49737    -0.0534    13.8155 0.0000e+00  -61.12500  -58.09183 1152591637 192.180997    34.7113      22732         23  0.000e+00
    500.992     1.8766   3.066738     1.8774   3.067025    4.49747    -0.0642    13.8155 0.0000e+00  -61.12500  -58.09183 1152591637 192.180997    34.7112      22733         23  0.000e+00
    500.954     1.8768   3.066751     1.8772   3.067037    4.49742    -0.0642    13.8155 0.0000e+00  -61.12500  -58.09183 1152591637 192.180998    34.7112      22734         23  0.000e+00
    501.021     1.8765   3.066734     1.8775   3.067025    4.49750    -0.0534    13.8155 0.0000e+00  -61.12500  -58.09183 1152591637 192.180998    34.7113      22735         23  0.000e+00
    501.021     1.8766   3.066714     1.8773   3.067061    4.49749    -0.0857    13.8155 0.0000e+00  -61.12500  -58.09183 1152591637 192.180999    34.7109      22736         23  0.000e+00
    501.069     1.8768   3.066727     1.8773   3.067079    4.49750    -0.1072    13.8155 0.0000e+00  -61.12500  -58.09183 1152591637 192.180999    34.7108      22737         23  0.000e+00
    501.088     1.8761   3.066752     1.8775   3.067079    4.49756    -0.0857    13.8155 0.0000e+00  -61.12500  -58.09183 1152591637 192.181000    34.7118      22738         23  0.000e+00
    501.165     1.8769   3.066758     1.8775   3.067055    4.49754    -0.1072    13.8155 0.0000e+00  -61.12500  -58.09183 1152591637 192.181000    34.7110      22739         23  0.000e+00
    501.136     1.8763   3.066721     1.8777   3.067001    4.49759    -0.1180    13.8155 0.0000e+00  -61.12500  -58.09183 1152591637 192.181001    34.7112      22740         23  0.000e+00
    501.232     1.8760   3.066727     1.8775   3.067007    4.49768    -0.1395    13.8155 0.0000e+00  -61.12500  -58.09183 1152591637 192.181001    34.7116      22741         23  0.000e+00
    501.232     1.8766   3.066710     1.8773   3.067037    4.49763    -0.0857    13.8155 0.0000e+00  -61.12500  -58.09183 1152591637 192.181002    34.7107      22742         23  0.000e+00
    501.309     1.8765   3.066745     1.8773   3.067001    4.49767    -0.0749    13.8155 0.0000e+00  -61.12500  -58.09183 1152591637 192.181002    34.7113      22743         23  0.000e+00
    501.280     1.8766   3.066721     1.8773   3.066989    4.49765    -0.1072    13.8155 0.0000e+00  -61.12500  -58.09183 1152591637 192.181003    34.7108      22744         23  0.000e+00
    501.309     1.8765   3.066745     1.8773   3.067031    4.49767    -0.1072    13.8155 0.0000e+00  -61.12500  -58.09183 1152591637 192.181003    34.7113      22745         23  0.000e+00
    501.376     1.8765   3.066759     1.8772   3.067001    4.49771    -0.0534    13.8155 0.0000e+00  -61.12500  -58.09183 1152591637 192.181004    34.7114      22746         23  0.000e+00
    501.424     1.8768   3.066738     1.8772   3.066989    4.49772    -0.0642    13.8155 0.0000e+00  -61.12500  -58.09183 1152591637 192.181004    34.7108      22747         23  0.000e+00
    500.523     1.8763   3.066655     1.8772   3.066965    4.49258    -0.0857    13.8155 0.0000e+00  -61.12500  -58.09183 1152591643 192.181070    34.7108      22883         24  0.000e+00
    500.523     1.8766   3.066676     1.8775   3.066941    4.49254    -0.1180    13.8155 0.0000e+00  -61.12500  -58.09183 1152591643 192.181070    34.7107      22884         24  0.000e+00
    500.571     1.8760   3.066665     1.8769   3.066911    4.49263    -0.1395    13.8155 0.0000e+00  -61.12500  -58.09183 1152591643 192.181071    34.7112      22885         24  0.000e+00
    500.600     1.8761   3.066662     1.8773   3.066947    4.49264    -0.1287    13.8155 0.0000e+00  -61.12500  -58.09183 1152591643 192.181071    34.7110      22886         24  0.000e+00
    500.523     1.8758   3.066679     1.8770   3.066941    4.49727    -0.1502    13.8155 0.0000e+00  -61.12500  -58.09183 1152591643 192.181072    34.7116      22887         24  0.000e+00
    500.456     1.8765   3.066686     1.8769   3.066911    4.49251    -0.1610    13.8155 0.0000e+00  -61.12500  -58.09183 1152591643 192.181072    34.7110      22888         24  0.000e+00
    500.504     1.8761   3.066631     1.8767   3.066923    4.49724    -0.1072    13.8155 0.0000e+00  -61.12500  -58.09183 1152591643 192.181073    34.7106      22889         24  0.000e+00
    500.456     1.8763   3.066648     1.8767   3.066935    4.49719    -0.0749    13.8155 0.0000e+00  -61.12500  -58.09183 1152591643 192.181073    34.7107      22890         24  0.000e+00
    500.456     1.8761   3.066655     1.8767   3.066911    4.49721    -0.0857    13.8155 0.0000e+00  -61.12500  -58.09183 1152591643 192.181073    34.7110      22891         24  0.000e+00
    500.427     1.8765   3.066624     1.8765   3.066923    4.49251    -0.0534    13.8155 0.0000e+00  -61.12500  -58.09183 1152591643 192.181074    34.7102      22892         24  0.000e+00
    500.379     1.8765   3.066648     1.8769   3.066935    4.49247    -0.1072    13.8155 0.0000e+00  -61.12500  -58.09183 1152591643 192.181074    34.7106      22893         24  0.000e+00
    500.379     1.8761   3.066624     1.8770   3.066911    4.49251    -0.0857    13.8155 0.0000e+00  -61.12500  -58.09183 1152591643 192.181075    34.7106      22894         24  0.000e+00
    500.283     1.8763   3.066614     1.8766   3.066904    4.49710    -0.0426    13.8155 0.0000e+00  -61.12500  -58.09183 1152591643 192.181075    34.7104      22895         24  0.000e+00
    500.379     1.8765   3.066648     1.8764   3.066904    4.49247    -0.0104    13.8155 0.0000e+00  -61.12500  -58.09183 1152591643 192.181076    34.7106      22896         24  0.000e+00
    500.312     1.8761   3.066662     1.8764   3.066904    4.49246    -0.0426    13.8155 0.0000e+00  -61.12500  -58.09183 1152591643 192.181076    34.7111      22897         24  0.000e+00
    500.312     1.8761   3.066655     1.8761   3.066880    4.49246    -0.0426    13.8155 0.0000e+00  -61.12500  -58.09183 1152591643 192.181077    34.7111      22898         24  0.000e+00
    500.283     1.8760   3.066641     1.8766   3.066892    4.49712    -0.0749    13.8155 0.0000e+00  -61.12500  -58.09183 1152591644 192.181077    34.7111      22899         24  0.000e+00
    500.245     1.8763   3.066638     1.8761   3.066880    4.49707    -0.0749    13.8155 0.0000e+00  -61.12500  -58.09183 1152591644 192.181078    34.7107      22900         24  0.000e+00
    500.245     1.8758   3.066655     1.8764   3.066892    4.49710    -0.1072    13.8155 0.0000e+00  -61.12500  -58.09183 1152591644 192.181078    34.7114      22901         24  0.000e+00
    500.216     1.8760   3.066641     1.8762   3.066880    4.49707    -0.0857    13.8155 0.0000e+00  -61.12500  -58.09183 1152591644 192.181079    34.7111      22902         24  0.000e+00
    500.168     1.8765   3.066617     1.8768   3.066874    4.49235    -0.0857    13.8155 0.0000e+00  -61.12500  -58.09183 1152591644 192.181079    34.7103      22903         24  0.000e+00
    500.168     1.8765   3.066593     1.8767   3.066856    4.49236    -0.0857    13.8155 0.0000e+00  -61.12500  -58.09183 1152591644 192.181080    34.7100      22904         24  0.000e+00
    500.216     1.8755   3.066624     1.8766   3.066868    4.49247    -0.0749    13.8155 0.0000e+00  -61.12500  -58.09183 1152591644 192.181080    34.7114      22905         24  0.000e+00
    500.101     1.8761   3.066614     1.8762   3.066856    4.49234    -0.0534    13.8155 0.0000e+00  -61.12500  -58.09183 1152591644 192.181081    34.7107      22906         24  0.000e+00
    500.101     1.8760   3.066610     1.8764   3.066886    4.49236    -0.0534    13.8155 0.0000e+00  -61.12500  -58.09183 1152591644 192.181081    34.7108      22907         24  0.000e+00
    500.149     1.8763   3.066576     1.8764   3.066862    4.49237    -0.0642    13.8155 0.0000e+00  -61.12500  -58.09183 1152591644 192.181082    34.7100      22908         24  0.000e+00
    500.033     1.8758   3.066600     1.8766   3.066850    4.49234    -0.0857    13.8155 0.0000e+00  -61.12500  -58.09183 1152591644 192.181082    34.7109      22909         24  0.000e+00
    500.101     1.8758   3.066593     1.8764   3.066868    4.49704    -0.0426    13.8155 0.0000e+00  -61.12500  -58.09183 1152591644 192.181083    34.7107      22910         24  0.000e+00
    500.072     1.8755   3.066607     1.8767   3.066856    4.49239    -0.0857    13.8155 0.0000e+00  -61.12500  -58.09183 1152591644 192.181083    34.7113      22911         24  0.000e+00
    500.033     1.8757   3.066576     1.8762   3.066868    4.49702    -0.0857    13.8155 0.0000e+00  -61.12500  -58.09183 1152591644 192.181084    34.7107      22912         24  0.000e+00
    499.957     1.8758   3.066565     1.8761   3.066856    4.49696    -0.0749    13.8155 0.0000e+00  -61.12500  -58.09183 1152591644 192.181084    34.7105      22913         24  0.000e+00
    500.033     1.8755   3.066596     1.8763   3.066826    4.49237    -0.0642    13.8155 0.0000e+00  -61.12500  -58.09183 1152591644 192.181085    34.7112      22914         24  0.000e+00
    499.928     1.8758   3.066576     1.8764   3.066856    4.49228    -0.0642    13.8155 0.0000e+00  -61.12500  -58.09183 1152591644 192.181085    34.7106      22915         24  0.000e+00
    499.957     1.8758   3.066600     1.8762   3.066856    4.49229    -0.0211    13.8155 0.0000e+00  -61.12500  -58.09183 1152591644 192.181086    34.7109      22916         24  0.000e+00
    499.957     1.8757   3.066593     1.8761   3.066868    4.49696    -0.0319    13.8155 0.0000e+00  -61.12500  -58.09183 1152591644 192.181086    34.7110      22917         24  0.000e+00
    499.928     1.8765   3.066589     1.8761   3.066832    4.49687    -0.0749    13.8155 0.0000e+00  -61.12500  -58.09183 1152591644 192.181087    34.7101      22918         24  0.000e+00
    499.889     1.8758   3.066589     1.8766   3.066838    4.49691    -0.0964    13.8155 0.0000e+00  -61.12500  -58.09183 1152591644 192.181087    34.7108      22919         24  0.000e+00
    499.889     1.8758   3.066589     1.8764   3.066850    4.49691    -0.0749    13.8155 0.0000e+00  -61.12500  -58.09183 1152591644 192.181087    34.7108      22920         24  0.000e+00
    499.861     1.8758   3.066589     1.8762   3.066826    4.49689    -0.0642    13.8155 0.0000e+00  -61.12500  -58.09183 1152591644 192.181088    34.7108      22921         24  0.000e+00
    499.889     1.8757   3.066600     1.8764   3.066820    4.49226    -0.0749    13.8155 0.0000e+00  -61.12500  -58.09183 1152591645 192.181088    34.7111      22922         24  0.000e+00
    499.889     1.8757   3.066593     1.8766   3.066820    4.49226    -0.1287    13.8155 0.0000e+00  -61.12500  -58.09183 1152591645 192.181089    34.7110      22923         24  0.000e+00
    499.793     1.8754   3.066589     1.8759   3.066838    4.49223    -0.1395    13.8155 0.0000e+00  -61.12500  -58.09183 1152591645 192.181089    34.7114      22924         24  0.000e+00
    499.813     1.8757   3.066589     1.8762   3.066826    4.49222    -0.0642    13.8155 0.0000e+00  -61.12500  -58.09183 1152591645 192.181090    34.7110      22925         24  0.000e+00
    499.813     1.8758   3.066607     1.8757   3.066820    4.49219    -0.0534    13.8155 0.0000e+00  -61.12500  -58.09183 1152591645 192.181090    34.7111      22926         24  0.000e+00
    499.793     1.8758   3.066576     1.8761   3.066838    4.49685    -0.0964    13.8155 0.0000e+00  -61.12500  -58.09183 1152591645 192.181091    34.7107      22927         24  0.000e+00
    499.813     1.8761   3.066582     1.8762   3.066868    4.49683    -0.1072    13.8155 0.0000e+00  -61.12500  -58.09183 1152591645 192.181091    34.7104      22928         24  0.000e+00
    499.745     1.8754   3.066582     1.8762   3.066832    4.49686    -0.1180    13.8155 0.0000e+00  -61.12500  -58.09183 1152591645 192.181092    34.7113      22929         24  0.000e+00
    499.793     1.8761   3.066569     1.8762   3.066838    4.49217    -0.0857    13.8155 0.0000e+00  -61.12500  -58.09183 1152591645 192.181092    34.7103      22930         24  0.000e+00
    499.745     1.8755   3.066565     1.8761   3.066850    4.49686    -0.0857    13.8155 0.0000e+00  -61.12500  -58.09183 1152591645 192.181093    34.7109      22931         24  0.000e+00
