product_data/regression_test/downloaded_data/MDGS/320620060703/ctd/p6606206.ros
* Sea-Bird SBE 9 Data File:
* FileName = D:\Data\Raw\p6606206.dat
* Software Version Seasave Win32 V 5.32
* Temperature SN = 1649
* Conductivity SN = 1431
* Number of Bytes Per Scan = 37
* Number of Voltage Words = 5
* Number of Scans Averaged by the Deck Unit = 1
* NMEA Latitude = 61 05.83 S
* NMEA Longitude = 058 07.01 W
* NMEA UTC (Time) = 09:19:48
** Ship:   Nathaniel B. Palmer 
** Cruise:    NBP0606 
# nquan = 17
# nvalues = 1176                    
# units = specified
# name 0 = prDM: Pressure, Digiquartz [db]
# name 1 = t090C: Temperature [ITS-90, deg C]
# name 2 = c0S/m: Conductivity [S/m]
# name 3 = t190C: Temperature, 2 [ITS-90, deg C]
# name 4 = c1S/m: Conductivity, 2 [S/m]
# name 5 = sbeox0ML/L: Oxygen, SBE 43 [ml/l]
# name 6 = flECO-AFL: Fluorescence, Wetlab ECO-AFL/FL [mg/m^3]
# name 7 = bat: Beam Attenuation, Chelsea/Seatech/Wetlab CStar [1/m]
# name 8 = spar: SPAR/Surface Irradiance
# name 9 = latitude: Latitude [deg]
# name 10 = longitude: Longitude [deg]
# name 11 = timeY: Time, System [seconds]
# name 12 = timeJ: Julian Days
# name 13 = sal00: Salinity [PSU]
# name 14 = scan: scan number
# name 15 = nbf: number of bottles fired
# name 16 = flag:  0.000e+00
# interval = seconds: 0.0416667                   
# start_time = Jul 07 2006 09:19:56
*END*
[from data line 341]
    301.934     1.9265   3.055719     1.9278   3.055604    4.33826    -0.0211    13.8155 0.0000e+00  -61.09717  -58.11683 1152264461 188.394243    34.6309      11199          7  0.000e+00
    301.905     1.9266   3.055754     1.9273   3.055580    4.34275     0.0112    13.8155 0.0000e+00  -61.09717  -58.11683 1152264461 188.394243    34.6312      11200          7  0.000e+00
    301.274     1.9260   3.055675     1.9270   3.055574    4.33792    -0.0319    13.8155 0.0000e+00  -61.09717  -58.11683 1152264465 188.394293    34.6312      11303          8  0.000e+00
    301.369     1.9262   3.055675     1.9276   3.055592    4.33797    -0.0104    13.8155 0.0000e+00  -61.09717  -58.11683 1152264465 188.394293    34.6310      11304          8  0.000e+00
    301.341     1.9263   3.055675     1.9275   3.055580    4.33794     0.0112    13.8155 0.0000e+00  -61.09717  -58.11683 1152264465 188.394294    34.6308      11305          8  0.000e+00
    301.274     1.9262   3.055678     1.9273   3.055574    4.33791     0.0004    13.8155 0.0000e+00  -61.09717  -58.11683 1152264465 188.394294    34.6311      11306          8  0.000e+00
    301.369     1.9263   3.055692     1.9272   3.055574    4.33795    -0.0104    13.8155 0.0000e+00  -61.09717  -58.11683 1152264465 188.394295    34.6310      11307          8  0.000e+00
    301.341     1.9266   3.055719     1.9270   3.055592    4.33789    -0.0426    13.8155 0.0000e+00  -61.09717  -58.11683 1152264465 188.394295    34.6310      11308          8  0.000e+00
    301.341     1.9263   3.055685     1.9274   3.055580    4.33793    -0.0426    13.8155 0.0000e+00  -61.09717  -58.11683 1152264465 188.394296    34.6310      11309          8  0.000e+00
    301.302     1.9263   3.055695     1.9270   3.055556    4.33791    -0.0211    13.8155 0.0000e+00  -61.09717  -58.11683 1152264465 188.394296    34.6311      11310          8  0.000e+00
    301.341     1.9262   3.055681     1.9273   3.055568    4.33795    -0.0319    13.8155 0.0000e+00  -61.09717  -58.11683 1152264465 188.394297    34.6311      11311          8  0.000e+00
    301.341     1.9260   3.055675     1.9274   3.055574    4.33796    -0.0534    13.8155 0.0000e+00  -61.09717  -58.11683 1152264465 188.394297    34.6312      11312          8  0.000e+00
    301.341     1.9260   3.055657     1.9272   3.055574    4.33797    -0.0426    13.8155 0.0000e+00  -61.09717  -58.11683 1152264465 188.394298    34.6310      11313          8  0.000e+00
    301.369     1.9263   3.055671     1.9276   3.055550    4.33796    -0.0211    13.8155 0.0000e+00  -61.09717  -58.11683 1152264465 188.394298    34.6308      11314          8  0.000e+00
    301.274     1.9260   3.055657     1.9272   3.055568    4.33793    -0.0211    13.8155 0.0000e+00  -61.09717  -58.11683 1152264466 188.394299    34.6310      11315          8  0.000e+00
    301.417     1.9260   3.055671     1.9272   3.055574    4.33801    -0.0319    13.8155 0.0000e+00  -61.09717  -58.11683 1152264466 188.394299    34.6311      11316          8  0.000e+00
    301.302     1.9262   3.055675     1.9274   3.055574    4.33793    -0.0534    13.8155 0.0000e+00  -61.09717  -58.11683 1152264466 188.394300    34.6310      11317          8  0.000e+00
    301.341     1.9263   3.055657     1.9272   3.055592    4.33794    -0.0857    13.8155 0.0000e+00  -61.09717  -58.11683 1152264466 188.394300    34.6306      11318          8  0.000e+00
    301.417     1.9265   3.055671     1.9269   3.055580    4.33797    -0.0534    13.8155 0.0000e+00  -61.09717  -58.11683 1152264466 188.394301    34.6306      11319          8  0.000e+00
    301.341     1.9263   3.055692     1.9270   3.055532    4.33793    -0.0319    13.8155 0.0000e+00  -61.09717  -58.11683 1152264466 188.394301    34.6311      11320          8  0.000e+00
    301.369     1.9263   3.055681     1.9273   3.055556    4.33795    -0.0319    13.8155 0.0000e+00  -61.09717  -58.11683 1152264466 188.394302    34.6309      11321          8  0.000e+00
    301.341     1.9262   3.055675     1.9272   3.055574    4.33342    -0.0426    13.8155 0.0000e+00  -61.09717  -58.11683 1152264466 188.394302    34.6310      11322          8  0.000e+00
    301.417     1.9258   3.055695     1.9270   3.055550    4.33802    -0.0426    13.8155 0.0000e+00  -61.09717  -58.11683 1152264466 188.394303    34.6316      11323          8  0.000e+00
    301.369     1.9260   3.055702     1.9271   3.055562    4.33797    -0.0319    13.8155 0.0000e+00  -61.09717  -58.11683 1152264466 188.394303    34.6315      11324          8  0.000e+00
    301.341     1.9260   3.055661     1.9273   3.055574    4.33797    -0.0426    13.8155 0.0000e+00  -61.09717  -58.11683 1152264466 188.394304    34.6310      11325          8  0.000e+00
    301.417     1.9258   3.055651     1.9270   3.055550    4.33803    -0.0104    13.8155 0.0000e+00  -61.09717  -58.11683 1152264466 188.394304    34.6310      11326          8  0.000e+00
    301.369     1.9265   3.055706     1.9276   3.055568    4.33793    -0.0104    13.8155 0.0000e+00  -61.09717  -58.11683 1152264466 188.394305    34.6310      11327          8  0.000e+00
    301.417     1.9257   3.055668     1.9270   3.055592    4.33804    -0.0534    13.8155 0.0000e+00  -61.09717  -58.11683 1152264466 188.394305    34.6314      11328          8  0.000e+00
    301.417     1.9262   3.055671     1.9274   3.055580    4.33800    -0.0642    13.8155 0.0000e+00  -61.09717  -58.11683 1152264466 188.394306    34.6309      11329          8  0.000e+00
    301.417     1.9260   3.055675     1.9272   3.055574    4.33801    -0.0426    13.8155 0.0000e+00  -61.09717  -58.11683 1152264466 188.394306    34.6311      11330          8  0.000e+00
    301.369     1.9260   3.055695     1.9273   3.055574    4.33797    -0.0534    13.8155 0.0000e+00  -61.09717  -58.11683 1152264466 188.394307    34.6314      11331          8  0.000e+00
    301.417     1.9255   3.055681     1.9271   3.055532    4.33805    -0.0319    13.8155 0.0000e+00  -61.09717  -58.11683 1152264466 188.394307    34.6317      11332          8  0.000e+00
    301.417     1.9260   3.055637     1.9270   3.055574    4.33802    -0.0319    13.8155 0.0000e+00  -61.09717  -58.11683 1152264466 188.394307    34.6307      11333          8  0.000e+00
    301.436     1.9263   3.055699     1.9268   3.055562    4.33799     0.0004    13.8155 0.0000e+00  -61.09717  -58.11683 1152264466 188.394308    34.6311      11334          8  0.000e+00
    301.417     1.9258   3.055685     1.9276   3.055586    4.33802     0.0219    13.8155 0.0000e+00  -61.09717  -58.11683 1152264466 188.394308    34.6314      11335          8  0.000e+00
    301.484     1.9262   3.055657     1.9275   3.055562    4.33804    -0.0319    13.8155 0.0000e+00  -61.09717  -58.11683 1152264466 188.394309    34.6307      11336          8  0.000e+00
    301.417     1.9260   3.055654     1.9269   3.055586    4.33802    -0.0642    13.8155 0.0000e+00  -61.09717  -58.11683 1152264466 188.394309    34.6309      11337          8  0.000e+00
    301.436     1.9262   3.055685     1.9275   3.055580    4.33800    -0.0319    13.8155 0.0000e+00  -61.09717  -58.11683 1152264466 188.394310    34.6311      11338          8  0.000e+00
    301.484     1.9254   3.055682     1.9271   3.055574    4.33811     0.0112    13.8155 0.0000e+00  -61.09717  -58.11683 1152264467 188.394310    34.6319      11339          8  0.000e+00
    301.484     1.9260   3.055695     1.9276   3.055574    4.33804    -0.0211    13.8155 0.0000e+00  -61.09717  -58.11683 1152264467 188.394311    34.6314      11340          8  0.000e+00
    301.436     1.9258   3.055681     1.9270   3.055574    4.33803    -0.0104    13.8155 0.0000e+00  -61.09717  -58.11683 1152264467 188.394311    34.6314      11341          8  0.000e+00
    301.484     1.9257   3.055657     1.9269   3.055592    4.33808    -0.0104    13.8155 0.0000e+00  -61.09717  -58.11683 1152264467 188.394312    34.6312      11342          8  0.000e+00
    301.484     1.9258   3.055685     1.9273   3.055598    4.33806     0.0004    13.8155 0.0000e+00  -61.09717  -58.11683 1152264467 188.394312    34.6314      11343          8  0.000e+00
    301.513     1.9266   3.055699     1.9271   3.055580    4.33800     0.0112    13.8155 0.0000e+00  -61.09717  -58.11683 1152264467 188.394313    34.6307      11344          8  0.000e+00
    301.484     1.9263   3.055702     1.9268   3.055592    4.34254    -0.0211    13.8155 0.0000e+00  -61.09717  -58.11683 1152264467 188.394313    34.6311      11345          8  0.000e+00
    301.551     1.9260   3.055699     1.9272   3.055580    4.34261    -0.0534    13.8155 0.0000e+00  -61.09717  -58.11683 1152264467 188.394314    34.6314      11346          8  0.000e+00
    301.484     1.9260   3.055682     1.9269   3.055550    4.34258    -0.0426    13.8155 0.0000e+00  -61.09717  -58.11683 1152264467 188.394314    34.6312      11347          8  0.000e+00
    301.513     1.9257   3.055692     1.9270   3.055568    4.33809    -0.0534    13.8155 0.0000e+00  -61.09717  -58.11683 1152264467 188.394315    34.6316      11348          8  0.000e+00
    301.551     1.9262   3.055682     1.9269   3.055550    4.33807    -0.0642    13.8155 0.0000e+00  -61.09717  -58.11683 1152264467 188.394315    34.6310      11349          8  0.000e+00
    301.551     1.9260   3.055695     1.9270   3.055544    4.33808    -0.0749    13.8155 0.0000e+00  -61.09717  -58.11683 1152264467 188.394316    34.6313      11350          8  0.000e+00
    301.580     1.9264   3.055699     1.9272   3.055568    4.33807    -0.0426    13.8155 0.0000e+00  -61.09717  -58.11683 1152264467 188.394316    34.6310      11351          8  0.000e+00
    302.145     1.9263   3.055706     1.9275   3.055610    4.33388    -0.0534    13.8155 0.0000e+00  -61.09717  -58.11683 1152264472 188.394371    34.6308      11464          9  0.000e+00
    302.049     1.9268   3.055699     1.9276   3.055598    4.33378    -0.0319    13.8155 0.0000e+00  -61.09717  -58.11683 1152264472 188.394371    34.6302      11465          9  0.000e+00
    302.049     1.9269   3.055719     1.9272   3.055580    4.33829    -0.0534    13.8155 0.0000e+00  -61.09717  -58.11683 1152264472 188.394372    34.6303      11466          9  0.000e+00
    302.049     1.9265   3.055757     1.9275   3.055592    4.33832    -0.0534    13.8155 0.0000e+00  -61.09717  -58.11683 1152264472 188.394372    34.6313      11467          9  0.000e+00
    301.934     1.9266   3.055719     1.9276   3.055598    4.33825    -0.0319    13.8155 0.0000e+00  -61.09717  -58.11683 1152264472 188.394373    34.6307      11468          9  0.000e+00
    302.116     1.9265   3.055716     1.9275   3.055622    4.33838     0.0112    13.8155 0.0000e+00  -61.09717  -58.11683 1152264472 188.394373    34.6307      11469          9  0.000e+00
    301.905     1.9262   3.055706     1.9276   3.055604    4.33375     0.0434    13.8155 0.0000e+00  -61.09717  -58.11683 1152264472 188.394374    34.6311      11470          9  0.000e+00
    301.934     1.9266   3.055682     1.9276   3.055598    4.33373     0.0112    13.8155 0.0000e+00  -61.09717  -58.11683 1152264472 188.394374    34.6302      11471          9  0.000e+00
    301.905     1.9265   3.055692     1.9277   3.055598    4.33373     0.0434    13.8155 0.0000e+00  -61.09717  -58.11683 1152264472 188.394375    34.6306      11472          9  0.000e+00
    301.905     1.9271   3.055737     1.9275   3.055580    4.33365     0.0004    13.8155 0.0000e+00  -61.09717  -58.11683 1152264472 188.394375    34.6304      11473          9  0.000e+00
    301.867     1.9266   3.055747     1.9275   3.055616    4.33367    -0.0211    13.8155 0.0000e+00  -61.09717  -58.11683 1152264472 188.394375    34.6311      11474          9  0.000e+00
    301.838     1.9266   3.055730     1.9272   3.055610    4.33366    -0.0319    13.8155 0.0000e+00  -61.09717  -58.11683 1152264472 188.394376    34.6309      11475          9  0.000e+00
    301.762     1.9266   3.055743     1.9273   3.055598    4.33361    -0.0642    13.8155 0.0000e+00  -61.09717  -58.11683 1152264472 188.394376    34.6311      11476          9  0.000e+00
    301.762     1.9269   3.055730     1.9277   3.055598    4.33358    -0.0534    13.8155 0.0000e+00  -61.09717  -58.11683 1152264472 188.394377    34.6306      11477          9  0.000e+00
    301.723     1.9265   3.055743     1.9273   3.055622    4.33360    -0.0642    13.8155 0.0000e+00  -61.09717  -58.11683 1152264472 188.394377    34.6313      11478          9  0.000e+00
    301.695     1.9265   3.055678     1.9276   3.055586    4.33361    -0.0426    13.8155 0.0000e+00  -61.09717  -58.11683 1152264472 188.394378    34.6305      11479          9  0.000e+00
    301.695     1.9266   3.055706     1.9279   3.055592    4.33358    -0.0319    13.8155 0.0000e+00  -61.09717  -58.11683 1152264472 188.394378    34.6307      11480          9  0.000e+00
    301.656     1.9266   3.055743     1.9275   3.055598    4.33354    -0.0211    13.8155 0.0000e+00  -61.09717  -58.11683 1152264472 188.394379    34.6312      11481          9  0.000e+00
    301.628     1.9265   3.055730     1.9280   3.055616    4.33355    -0.0211    13.8155 0.0000e+00  -61.09717  -58.11683 1152264473 188.394379    34.6312      11482          9  0.000e+00
    301.628     1.9266   3.055723     1.9273   3.055610    4.33806    -0.0319    13.8155 0.0000e+00  -61.09717  -58.11683 1152264473 188.394380    34.6309      11483          9  0.000e+00
    301.513     1.9264   3.055706     1.9275   3.055598    4.33350    -0.0211    13.8155 0.0000e+00  -61.09717  -58.11683 1152264473 188.394380    34.6311      11484          9  0.000e+00
    301.551     1.9266   3.055699     1.9277   3.055580    4.33350    -0.0534    13.8155 0.0000e+00  -61.09717  -58.11683 1152264473 188.394381    34.6307      11485          9  0.000e+00
    301.484     1.9266   3.055699     1.9276   3.055574    4.33346    -0.0642    13.8155 0.0000e+00  -61.09717  -58.11683 1152264473 188.394381    34.6307      11486          9  0.000e+00
    301.484     1.9263   3.055719     1.9274   3.055574    4.33348    -0.0319    13.8155 0.0000e+00  -61.09717  -58.11683 1152264473 188.394382    34.6313      11487          9  0.000e+00
    301.436     1.9263   3.055685     1.9275   3.055592    4.33346    -0.0426    13.8155 0.0000e+00  -61.09717  -58.11683 1152264473 188.394382    34.6309      11488          9  0.000e+00
    301.417     1.9262   3.055675     1.9272   3.055556    4.33347    -0.0534    13.8155 0.0000e+00  -61.09717  -58.11683 1152264473 188.394383    34.6310      11489          9  0.000e+00
    301.341     1.9262   3.055692     1.9272   3.055568    4.33341    -0.0426    13.8155 0.0000e+00  -61.09717  -58.11683 1152264473 188.394383    34.6312      11490          9  0.000e+00
    301.369     1.9263   3.055699     1.9273   3.055550    4.33342    -0.0642    13.8155 0.0000e+00  -61.09717  -58.11683 1152264473 188.394384    34.6311      11491          9  0.000e+00
    301.341     1.9265   3.055702     1.9276   3.055568    4.33338    -0.0642    13.8155 0.0000e+00  -61.09717  -58.11683 1152264473 188.394384    34.6310      11492          9  0.000e+00
    301.274     1.9263   3.055699     1.9275   3.055574    4.33336    -0.0749    13.8155 0.0000e+00  -61.09717  -58.11683 1152264473 188.394385    34.6312      11493          9  0.000e+00
    301.226     1.9266   3.055681     1.9276   3.055574    4.33331    -0.0534    13.8155 0.0000e+00  -61.09717  -58.11683 1152264473 188.394385    34.6306      11494          9  0.000e+00
    301.130     1.9263   3.055657     1.9274   3.055550    4.33782    -0.0426    13.8155 0.0000e+00  -61.09717  -58.11683 1152264473 188.394386    34.6307      11495          9  0.000e+00
    301.274     1.9263   3.055650     1.9272   3.055544    4.33338    -0.0211    13.8155 0.0000e+00  -61.09717  -58.11683 1152264473 188.394386    34.6306      11496          9  0.000e+00
