product_data/regression_test/downloaded_data/MDGS/320620060703/ctd/p6607501.ros
* Sea-Bird SBE 9 Data File:
* FileName = D:\Data\Raw\p6607501.dat
* Software Version Seasave Win32 V 5.32
* Temperature SN = 1649
* Conductivity SN = 1431
* Number of Bytes Per Scan = 37
* Number of Voltage Words = 5
* Number of Scans Averaged by the Deck Unit = 1
* NMEA Latitude = 62 15.77 S
* NMEA Longitude = 058 05.80 W
* NMEA UTC (Time) = 13:33:07
** Ship:   Nathaniel B. Palmer 
** Cruise:    NBP0606 
# nquan = 17
# nvalues = 1176                    
# units = specified
# name 0 = prDM: Pressure, Digiquartz [db]
# name 1 = t090C: Temperature [ITS-90, deg C]
# name 2 = c0S/m: Conductivity [S/m]
# name 3 = t190C: Temperature, 2 [ITS-90, deg C]
# name 4 = c1S/m: Conductivity, 2 [S/m]
# name 5 = sbeox0ML/L: Oxygen, SBE 43 [ml/l]
# name 6 = flECO-AFL: Fluorescence, Wetlab ECO-AFL/FL [mg/m^3]
# name 7 = bat: Beam Attenuation, Chelsea/Seatech/Wetlab CStar [1/m]
# name 8 = spar: SPAR/Surface Irradiance
# name 9 = latitude: Latitude [deg]
# name 10 = longitude: Longitude [deg]
# name 11 = timeY: Time, System [seconds]
# name 12 = timeJ: Julian Days
# name 13 = sal00: Salinity [PSU]
# name 14 = scan: scan number
# name 15 = nbf: number of bottles fired
# name 16 = flag:  0.000e+00
# interval = seconds: 0.0416667                   
# start_time = Jul 08 2006 13:33:15
*END*
[from data line 596]
    250.028    -0.7417   2.805119    -0.7381   2.805317    6.86655    -0.1395    13.8155 3.7015e+01  -62.26283  -58.09667 1152370425 189.620684    34.3705     115971         13  0.000e+00
    249.961    -0.7423   2.805070    -0.7390   2.805189    6.86659    -0.1718    13.8155 3.7015e+01  -62.26283  -58.09667 1152370425 189.620684    34.3705     115972         13  0.000e+00
    250.028    -0.7427   2.804984    -0.7398   2.805067    6.86676    -0.1072    13.8155 3.7015e+01  -62.26283  -58.09667 1152370425 189.620685    34.3697     115973         13  0.000e+00
    250.028    -0.7439   2.804858    -0.7397   2.805026    6.86221    -0.0964    13.8155 3.7015e+01  -62.26283  -58.09667 1152370425 189.620685    34.3694     115974         13  0.000e+00
    250.105    -0.7457   2.804788    -0.7391   2.805078    6.86258    -0.1395    13.8155 3.7015e+01  -62.26283  -58.09667 1152370425 189.620686    34.3705     115975         13  0.000e+00
    250.028    -0.7480   2.804749    -0.7381   2.805235    6.86766    -0.0964    13.8155 3.7015e+01  -62.26283  -58.09667 1152370425 189.620686    34.3726     115976         13  0.000e+00
    250.105    -0.7473   2.804888    -0.7370   2.805410    6.86755    -0.0749    13.8155 3.7015e+01  -62.26283  -58.09667 1152370426 189.620687    34.3736     115977         13  0.000e+00
    250.095    -0.7440   2.805143    -0.7361   2.805480    6.86691    -0.1287    13.8155 3.8963e+01  -62.26283  -58.09667 1152370426 189.620687    34.3733     115978         13  0.000e+00
    250.105    -0.7399   2.805480    -0.7341   2.805550    6.86613    -0.1610    13.8155 4.0911e+01  -62.26283  -58.09667 1152370426 189.620688    34.3732     115979         13  0.000e+00
    250.172    -0.7371   2.805653    -0.7332   2.805672    6.86570    -0.1933    13.8155 4.0911e+01  -62.26283  -58.09667 1152370426 189.620688    34.3723     115980         13  0.000e+00
    250.172    -0.7359   2.805732    -0.7322   2.805794    6.86549    -0.1395    13.8155 4.0911e+01  -62.26283  -58.09667 1152370426 189.620689    34.3721     115981         13  0.000e+00
    250.105    -0.7337   2.805917    -0.7318   2.805835    6.86500    -0.0749    13.8155 4.0911e+01  -62.26283  -58.09667 1152370426 189.620689    34.3721     115982         13  0.000e+00
    250.239    -0.7325   2.805990    -0.7321   2.805858    6.86491    -0.0534    13.8155 4.0911e+01  -62.26283  -58.09667 1152370426 189.620690    34.3717     115983         13  0.000e+00
    250.172    -0.7314   2.805997    -0.7321   2.805812    6.86468    -0.0749    13.8155 4.0911e+01  -62.26283  -58.09667 1152370426 189.620690    34.3705     115984         13  0.000e+00
    250.172    -0.7313   2.806030    -0.7332   2.805748    6.86465    -0.0857    13.8155 3.8963e+01  -62.26283  -58.09667 1152370426 189.620691    34.3708     115985         13  0.000e+00
    250.248    -0.7315   2.805957    -0.7345   2.805672    6.86480    -0.1287    13.8155 3.8963e+01  -62.26283  -58.09667 1152370426 189.620691    34.3701     115986         13  0.000e+00
    250.248    -0.7325   2.805894    -0.7339   2.805707    6.86978    -0.1180    13.8155 4.0911e+01  -62.26283  -58.09667 1152370426 189.620692    34.3703     115987         13  0.000e+00
    250.239    -0.7332   2.805798    -0.7307   2.805911    6.86512    -0.1072    13.8155 4.0911e+01  -62.26283  -58.09667 1152370426 189.620692    34.3698     115988         13  0.000e+00
    250.248    -0.7337   2.805838    -0.7237   2.806231    6.86518    -0.1072    13.8155 4.0911e+01  -62.26283  -58.09667 1152370426 189.620693    34.3710     115989         13  0.000e+00
    250.306    -0.7319   2.806030    -0.7198   2.806539    6.86486    -0.1502    13.8155 4.0911e+01  -62.26283  -58.09667 1152370426 189.620693    34.3714     115990         13  0.000e+00
    250.315    -0.7306   2.806066    -0.7172   2.806743    6.86467    -0.1502    13.8155 4.0911e+01  -62.26283  -58.09667 1152370426 189.620693    34.3705     115991         13  0.000e+00
    250.306    -0.7311   2.806030    -0.7200   2.806696    6.86475    -0.1502    13.8155 4.0911e+01  -62.26283  -58.09667 1152370426 189.620694    34.3705     115992         13  0.000e+00
    250.315    -0.7317   2.805984    -0.7239   2.806487    6.86487    -0.1180    13.8155 4.0911e+01  -62.26283  -58.09667 1152370426 189.620694    34.3706     115993         13  0.000e+00
    250.382    -0.7326   2.805941    -0.7253   2.806359    6.86509    -0.1502    13.8155 4.0911e+01  -62.26283  -58.09667 1152370426 189.620695    34.3710     115994         13  0.000e+00
    250.306    -0.7325   2.805911    -0.7262   2.806300    6.86502    -0.1610    13.8155 4.0911e+01  -62.26283  -58.09667 1152370426 189.620695    34.3705     115995         13  0.000e+00
    250.382    -0.7330   2.806007    -0.7281   2.806172    6.86510    -0.1180    13.8155 4.0911e+01  -62.26283  -58.09667 1152370426 189.620696    34.3723     115996         13  0.000e+00
    250.382    -0.7319   2.806073    -0.7293   2.806114    6.86971    -0.0964    13.8155 4.0911e+01  -62.26283  -58.09667 1152370426 189.620696    34.3720     115997         13  0.000e+00
    250.459    -0.7300   2.806305    -0.7287   2.806161    6.86457    -0.0426    13.8155 4.0911e+01  -62.26283  -58.09667 1152370426 189.620697    34.3729     115998         13  0.000e+00
    250.382    -0.7279   2.806513    -0.7276   2.806300    6.86406    -0.0642    13.8155 4.0911e+01  -62.26283  -58.09667 1152370426 189.620697    34.3733     115999         13  0.000e+00
    250.459    -0.7258   2.806643    -0.7278   2.806260    6.86377    -0.1072    13.8155 4.0911e+01  -62.26283  -58.09667 1152370426 189.620698    34.3727     116000         13  0.000e+00
    250.449    -0.7251   2.806636    -0.7304   2.806091    6.86366    -0.0964    13.8155 4.0911e+01  -62.26283  -58.09667 1152370426 189.620698    34.3718     116001         13  0.000e+00
    250.382    -0.7259   2.806474    -0.7355   2.805672    6.86381    -0.1180    13.8155 3.8963e+01  -62.26283  -58.09667 1152370427 189.620699    34.3705     116002         13  0.000e+00
    250.526    -0.7282   2.806252    -0.7391   2.805247    6.86441    -0.1395    13.8155 4.0911e+01  -62.26283  -58.09667 1152370427 189.620699    34.3701     116003         13  0.000e+00
    250.449    -0.7299   2.806113    -0.7414   2.805043    6.86466    -0.1502    13.8155 4.0911e+01  -62.26283  -58.09667 1152370427 189.620700    34.3701     116004         13  0.000e+00
    250.459    -0.7307   2.806053    -0.7426   2.804962    6.86482    -0.1395    13.8155 4.0911e+01  -62.26283  -58.09667 1152370427 189.620700    34.3702     116005         13  0.000e+00
    250.516    -0.7315   2.806073    -0.7428   2.805014    6.86499    -0.1395    13.8155 4.0911e+01  -62.26283  -58.09667 1152370427 189.620701    34.3715     116006         13  0.000e+00
    250.526    -0.7314   2.806000    -0.7428   2.805078    6.86502    -0.1287    13.8155 4.0911e+01  -62.26283  -58.09667 1152370427 189.620701    34.3704     116007         13  0.000e+00
    250.516    -0.7336   2.805722    -0.7427   2.805043    6.86549    -0.0857    13.8155 4.0911e+01  -62.26283  -58.09667 1152370427 189.620702    34.3690     116008         13  0.000e+00
    250.526    -0.7372   2.805418    -0.7437   2.804974    6.86620    -0.0964    13.8155 3.8963e+01  -62.26283  -58.09667 1152370427 189.620702    34.3690     116009         13  0.000e+00
    250.526    -0.7391   2.805308    -0.7446   2.804840    6.86654    -0.1072    13.8155 3.8963e+01  -62.26283  -58.09667 1152370427 189.620703    34.3698     116010         13  0.000e+00
    250.593    -0.7404   2.805318    -0.7456   2.804770    6.86678    -0.1180    13.8155 4.0911e+01  -62.26283  -58.09667 1152370427 189.620703    34.3713     116011         13  0.000e+00
    250.174    -0.7674   2.803673    -0.7299   2.806219    6.81826    -0.1395    13.8155 4.0911e+01  -62.26283  -58.09667 1152370434 189.620781    34.3800     116172         14  0.000e+00
    250.107    -0.7655   2.803762    -0.7291   2.806231    6.81788    -0.1072    13.8155 4.0911e+01  -62.26283  -58.09667 1152370434 189.620781    34.3791     116173         14  0.000e+00
    250.097    -0.7604   2.803829    -0.7288   2.806231    6.81712    -0.1072    13.8155 4.0911e+01  -62.26283  -58.09667 1152370434 189.620782    34.3742     116174         14  0.000e+00
    250.174    -0.7605   2.804070    -0.7296   2.806219    6.81704    -0.1395    13.8155 4.0911e+01  -62.26283  -58.09667 1152370434 189.620782    34.3775     116175         14  0.000e+00
    250.107    -0.7558   2.804573    -0.7301   2.806190    6.81601    -0.1502    13.8155 4.0911e+01  -62.26283  -58.09667 1152370434 189.620783    34.3790     116176         14  0.000e+00
    250.174    -0.7482   2.805235    -0.7307   2.806114    6.81460    -0.0857    13.8155 4.0911e+01  -62.26283  -58.09667 1152370434 189.620783    34.3793     116177         14  0.000e+00
    250.174    -0.7404   2.805765    -0.7311   2.806103    6.81318    -0.0426    13.8155 4.0911e+01  -62.26283  -58.09667 1152370434 189.620784    34.3776     116178         14  0.000e+00
    250.174    -0.7357   2.806004    -0.7313   2.806044    6.81239     0.0112    13.8155 3.8963e+01  -62.26283  -58.09667 1152370434 189.620784    34.3755     116179         14  0.000e+00
    250.174    -0.7336   2.806073    -0.7314   2.806039    6.81206    -0.0104    13.8155 3.8963e+01  -62.26283  -58.09667 1152370434 189.620785    34.3741     116180         14  0.000e+00
    250.174    -0.7322   2.806103    -0.7321   2.805951    6.81184    -0.0749    13.8155 4.0911e+01  -62.26283  -58.09667 1152370434 189.620785    34.3728     116181         14  0.000e+00
    250.250    -0.7319   2.806109    -0.7347   2.805736    6.81187    -0.1395    13.8155 4.0911e+01  -62.26283  -58.09667 1152370434 189.620786    34.3725     116182         14  0.000e+00
    250.174    -0.7306   2.806023    -0.7373   2.805439    6.81167    -0.0964    13.8155 4.0911e+01  -62.26283  -58.09667 1152370434 189.620786    34.3700     116183         14  0.000e+00
    250.241    -0.7311   2.806030    -0.7408   2.805189    6.81180    -0.0964    13.8155 4.0911e+01  -62.26283  -58.09667 1152370434 189.620787    34.3706     116184         14  0.000e+00
    250.174    -0.7331   2.805941    -0.7430   2.805003    6.80726    -0.0964    13.8155 4.0911e+01  -62.26283  -58.09667 1152370434 189.620787    34.3717     116185         14  0.000e+00
    250.241    -0.7369   2.805702    -0.7460   2.804782    6.80801    -0.0319    13.8155 4.0911e+01  -62.26283  -58.09667 1152370434 189.620788    34.3728     116186         14  0.000e+00
    250.251    -0.7390   2.805451    -0.7460   2.804729    6.80846    -0.0642    13.8155 4.0911e+01  -62.26283  -58.09667 1152370434 189.620788    34.3718     116187         14  0.000e+00
    250.097    -0.7408   2.805321    -0.7464   2.804787    6.80865    -0.1180    13.8155 4.0911e+01  -62.26283  -58.09667 1152370434 189.620788    34.3721     116188         14  0.000e+00
    250.318    -0.7424   2.805232    -0.7459   2.804881    6.80914    -0.1180    13.8155 4.0911e+01  -62.26283  -58.09667 1152370434 189.620789    34.3726     116189         14  0.000e+00
    250.251    -0.7438   2.805209    -0.7433   2.805096    6.81408    -0.1072    13.8155 4.0911e+01  -62.26283  -58.09667 1152370434 189.620789    34.3738     116190         14  0.000e+00
    250.241    -0.7428   2.805242    -0.7399   2.805369    6.81391    -0.0964    13.8155 4.0911e+01  -62.26283  -58.09667 1152370434 189.620790    34.3732     116191         14  0.000e+00
    250.251    -0.7410   2.805235    -0.7382   2.805678    6.81368    -0.0964    13.8155 4.0911e+01  -62.26283  -58.09667 1152370434 189.620790    34.3710     116192         14  0.000e+00
    250.241    -0.7412   2.805282    -0.7350   2.805887    6.80886    -0.1180    13.8155 4.0911e+01  -62.26283  -58.09667 1152370435 189.620791    34.3719     116193         14  0.000e+00
    250.251    -0.7417   2.805216    -0.7341   2.805963    6.80899    -0.1180    13.8155 4.0911e+01  -62.26283  -58.09667 1152370435 189.620791    34.3716     116194         14  0.000e+00
    250.241    -0.7414   2.805047    -0.7332   2.806050    6.81384    -0.1287    13.8155 4.0911e+01  -62.26283  -58.09667 1152370435 189.620792    34.3689     116195         14  0.000e+00
    250.251    -0.7434   2.804855    -0.7316   2.806132    6.81426    -0.1072    13.8155 4.0911e+01  -62.26283  -58.09667 1152370435 189.620792    34.3687     116196         14  0.000e+00
    250.251    -0.7438   2.804888    -0.7310   2.806196    6.80948    -0.0857    13.8155 4.0911e+01  -62.26283  -58.09667 1152370435 189.620793    34.3696     116197         14  0.000e+00
    250.241    -0.7419   2.805186    -0.7310   2.806172    6.81383    -0.1072    13.8155 4.0911e+01  -62.26283  -58.09667 1152370435 189.620793    34.3714     116198         14  0.000e+00
    250.251    -0.7400   2.805358    -0.7310   2.806178    6.81346    -0.1180    13.8155 3.8963e+01  -62.26283  -58.09667 1152370435 189.620794    34.3715     116199         14  0.000e+00
    250.241    -0.7407   2.805186    -0.7310   2.806138    6.81366    -0.1072    13.8155 3.8963e+01  -62.26283  -58.09667 1152370435 189.620794    34.3700     116200         14  0.000e+00
    250.251    -0.7421   2.805103    -0.7314   2.806126    6.81392    -0.0749    13.8155 4.0911e+01  -62.26283  -58.09667 1152370435 189.620795    34.3706     116201         14  0.000e+00
    250.241    -0.7434   2.805063    -0.7316   2.806114    6.81412    -0.0642    13.8155 4.0911e+01  -62.26283  -58.09667 1152370435 189.620795    34.3715     116202         14  0.000e+00
    250.251    -0.7437   2.805000    -0.7313   2.806120    6.80939    -0.0426    13.8155 3.8963e+01  -62.26283  -58.09667 1152370435 189.620796    34.3710     116203         14  0.000e+00
    250.251    -0.7449   2.804984    -0.7318   2.806091    6.81437    -0.0964    13.8155 3.8963e+01  -62.26283  -58.09667 1152370435 189.620796    34.3720     116204         14  0.000e+00
    250.241    -0.7449   2.804997    -0.7318   2.806097    6.80956    -0.1180    13.8155 3.8963e+01  -62.26283  -58.09667 1152370435 189.620797    34.3723     116205         14  0.000e+00
    250.251    -0.7459   2.804937    -0.7311   2.806085    6.80974    -0.1180    13.8155 4.0911e+01  -62.26283  -58.09667 1152370435 189.620797    34.3726     116206         14  0.000e+00
    250.174    -0.7476   2.804898    -0.7311   2.806091    6.80992    -0.0964    13.8155 4.0911e+01  -62.26283  -58.09667 1152370435 189.620798    34.3740     116207         14  0.000e+00
    250.251    -0.7481   2.804792    -0.7311   2.806143    6.81494    -0.0749    13.8155 4.0911e+01  -62.26283  -58.09667 1152370435 189.620798    34.3731     116208         14  0.000e+00
    250.174    -0.7497   2.804656    -0.7310   2.806097    6.81518    -0.0642    13.8155 3.8963e+01  -62.26283  -58.09667 1152370435 189.620799    34.3732     116209         14  0.000e+00
    250.251    -0.7503   2.804557    -0.7324   2.806010    6.81539    -0.0857    13.8155 3.8963e+01  -62.26283  -58.09667 1152370435 189.620799    34.3724     116210         14  0.000e+00
    250.174    -0.7507   2.804517    -0.7332   2.805876    6.81540    -0.0964    13.8155 3.8963e+01  -62.26283  -58.09667 1152370435 189.620800    34.3724     116211         14  0.000e+00
    250.174    -0.7516   2.804630    -0.7345   2.805759    6.81546    -0.1287    13.8155 3.8963e+01  -62.26283  -58.09667 1152370435 189.620800    34.3750     116212         14  0.000e+00
    250.174    -0.7486   2.805010    -0.7364   2.805701    6.81481    -0.0964    13.8155 4.0911e+01  -62.26283  -58.09667 1152370435 189.620801    34.3768     116213         14  0.000e+00
    250.174    -0.7419   2.805404    -0.7373   2.805660    6.81363    -0.0857    13.8155 4.0911e+01  -62.26283  -58.09667 1152370435 189.620801    34.3744     116214         14  0.000e+00
