product_data/regression_test/downloaded_data/MDGS/320620060703/ctd/p6609308.cnv
* Sea-Bird SBE 9 Data File:
* FileName = D:\Data\Raw\p6609308.dat
* Software Version Seasave Win32 V 5.32
* Temperature SN = 1649
* Conductivity SN = 1431
* Number of Bytes Per Scan = 37
* Number of Voltage Words = 5
* Number of Scans Averaged by the Deck Unit = 1
* NMEA Latitude = 61 07.50 S
* NMEA Longitude = 058 05.51 W
* NMEA UTC (Time) = 05:51:48
** Ship:   Nathaniel B. Palmer nbp
** Cruise:    NBP0606 nbp0606
# nquan = 15
# nvalues = 743                         
# units = specified
# name 0 = prDM: Pressure, Digiquartz [db]
# name 1 = t090C: Temperature [ITS-90, deg C]
# name 2 = c0S/m: Conductivity [S/m]
# name 3 = t190C: Temperature, 2 [ITS-90, deg C]
# name 4 = c1S/m: Conductivity, 2 [S/m]
# name 5 = sbeox0ML/L: Oxygen, SBE 43 [ml/l]
# name 6 = flECO-AFL: Fluorescence, Wetlab ECO-AFL/FL [mg/m^3]
# name 7 = bat: Beam Attenuation, Chelsea/Seatech/Wetlab CStar [1/m]
# name 8 = spar: SPAR/Surface Irradiance
# name 9 = latitude: Latitude [deg]
# name 10 = longitude: Longitude [deg]
# name 11 = timeY: Time, System [seconds]
# name 12 = timeJ: Julian Days
# name 13 = sal00: Salinity [PSU]
# name 14 = flag: flag
# span 0 =     11.000,    753.000       
# span 1 =    -0.7878,     1.9826       
# span 2 =   2.756617,   3.088368       
# span 3 =    -0.7906,     1.9837       
# span 4 =   2.758114,   3.067169       
# span 5 =    4.32475,    7.99918       
# span 6 =    -0.1022,     0.2678       
# span 7 =    13.8155,    13.8155       
# span 8 = 0.0000e+00, 0.0000e+00       
# span 9 =  -61.12500,  -61.12500       
# span 10 =  -58.09183,  -58.09183      
# span 11 = 1152597109, 1152598459      
# span 12 = 192.244341, 192.259956      
# span 13 =    33.9118,    38.3913      
# span 14 = 0.0000e+00, 0.0000e+00      
# interval = decibars: 1                
# start_time = Jul 11 2006 05:51:56
# bad_flag = -9.990e-29
*END*
[from data line 290]
    301.000     1.9800   3.062099     1.9813   3.062369    4.33174    -0.0564    13.8155 0.0000e+00  -61.12500  -58.09183 1152597676 192.250898    34.6525 0.0000e+00
    302.000     1.9809   3.062239     1.9823   3.062517    4.33095    -0.0702    13.8155 0.0000e+00  -61.12500  -58.09183 1152597677 192.250912    34.6527 0.0000e+00
    303.000     1.9817   3.062373     1.9830   3.062649    4.33041    -0.0710    13.8155 0.0000e+00  -61.12500  -58.09183 1152597679 192.250931    34.6530 0.0000e+00
    304.000     1.9818   3.062427     1.9830   3.062710    4.32933    -0.0621    13.8155 0.0000e+00  -61.12500  -58.09183 1152597680 192.250947    34.6531 0.0000e+00
    305.000     1.9814   3.062455     1.9828   3.062735    4.33029    -0.0667    13.8155 0.0000e+00  -61.12500  -58.09183 1152597681 192.250961    34.6533 0.0000e+00
    306.000     1.9826   3.062631     1.9837   3.062904    4.33163    -0.0575    13.8155 0.0000e+00  -61.12500  -58.09183 1152597683 192.250978    34.6537 0.0000e+00
    307.000     1.9808   3.062532     1.9819   3.062804    4.33226    -0.0556    13.8155 0.0000e+00  -61.12500  -58.09183 1152597684 192.250999    34.6539 0.0000e+00
    308.000     1.9755   3.062109     1.9766   3.062405    4.33099    -0.0589    13.8155 0.0000e+00  -61.12500  -58.09183 1152597686 192.251015    34.6540 0.0000e+00
    309.000     1.9727   3.061942     1.9739   3.062235    4.32963    -0.0629    13.8155 0.0000e+00  -61.12500  -58.09183 1152597687 192.251028    34.6546 0.0000e+00
    310.000     1.9695   3.061725     1.9707   3.062027    4.32989    -0.0479    13.8155 0.0000e+00  -61.12500  -58.09183 1152597688 192.251039    34.6547 0.0000e+00
    311.000     1.9735   3.062209     1.9751   3.062508    4.33315    -0.0765    13.8155 0.0000e+00  -61.12500  -58.09183 1152597689 192.251055    34.6559 0.0000e+00
    312.000     1.9779   3.062708     1.9791   3.062988    4.33644    -0.0798    13.8155 0.0000e+00  -61.12500  -58.09183 1152597691 192.251074    34.6566 0.0000e+00
    313.000     1.9784   3.062818     1.9797   3.063106    4.34085    -0.0563    13.8155 0.0000e+00  -61.12500  -58.09183 1152597692 192.251091    34.6568 0.0000e+00
    314.000     1.9773   3.062781     1.9786   3.063083    4.34209    -0.0653    13.8155 0.0000e+00  -61.12500  -58.09183 1152597694 192.251105    34.6570 0.0000e+00
    315.000     1.9770   3.062819     1.9781   3.063109    4.34214    -0.0572    13.8155 0.0000e+00  -61.12500  -58.09183 1152597695 192.251118    34.6573 0.0000e+00
    316.000     1.9738   3.062580     1.9748   3.062864    4.34407    -0.0622    13.8155 0.0000e+00  -61.12500  -58.09183 1152597696 192.251131    34.6573 0.0000e+00
    317.000     1.9711   3.062409     1.9721   3.062702    4.34460    -0.0623    13.8155 0.0000e+00  -61.12500  -58.09183 1152597697 192.251143    34.6576 0.0000e+00
    318.000     1.9672   3.062172     1.9681   3.062468    4.34107    -0.0637    13.8155 0.0000e+00  -61.12500  -58.09183 1152597698 192.251155    34.6584 0.0000e+00
    319.000     1.9598   3.061584     1.9609   3.061892    4.34355    -0.0708    13.8155 0.0000e+00  -61.12500  -58.09183 1152597699 192.251168    34.6587 0.0000e+00
    320.000     1.9543   3.061155     1.9555   3.061471    4.34529    -0.0655    13.8155 0.0000e+00  -61.12500  -58.09183 1152597701 192.251185    34.6589 0.0000e+00
    321.000     1.9597   3.061673     1.9588   3.061799    4.34384    -0.0571    13.8155 0.0000e+00  -61.12500  -58.09183 1152597704 192.251222    34.6587 0.0000e+00
    322.000     1.9516   3.061113     1.9521   3.061388    4.34616    -0.0690    13.8155 0.0000e+00  -61.12500  -58.09183 1152597705 192.251239    34.6599 0.0000e+00
    323.000     1.9447   3.060559     1.9457   3.060855    4.34912    -0.0723    13.8155 0.0000e+00  -61.12500  -58.09183 1152597706 192.251251    34.6602 0.0000e+00
    324.000     1.9403   3.060251     1.9414   3.060555    4.35216    -0.0699    13.8155 0.0000e+00  -61.12500  -58.09183 1152597707 192.251261    34.6608 0.0000e+00
    325.000     1.9384   3.060161     1.9394   3.060478    4.35350    -0.0605    13.8155 0.0000e+00  -61.12500  -58.09183 1152597708 192.251271    34.6610 0.0000e+00
    326.000     1.9363   3.060038     1.9375   3.060354    4.35301    -0.0637    13.8155 0.0000e+00  -61.12500  -58.09183 1152597709 192.251280    34.6613 0.0000e+00
    327.000     1.9363   3.060082     1.9370   3.060382    4.35282    -0.0718    13.8155 0.0000e+00  -61.12500  -58.09183 1152597709 192.251288    34.6612 0.0000e+00
    328.000     1.9329   3.059843     1.9338   3.060146    4.35301    -0.0546    13.8155 0.0000e+00  -61.12500  -58.09183 1152597710 192.251297    34.6615 0.0000e+00
    329.000     1.9321   3.059854     1.9332   3.060158    4.35462    -0.0705    13.8155 0.0000e+00  -61.12500  -58.09183 1152597711 192.251310    34.6618 0.0000e+00
    330.000     1.9336   3.060037     1.9343   3.060292    4.35425    -0.0733    13.8155 0.0000e+00  -61.12500  -58.09183 1152597714 192.251344    34.6616 0.0000e+00
    331.000     1.9329   3.060038     1.9334   3.060295    4.35522    -0.0837    13.8155 0.0000e+00  -61.12500  -58.09183 1152597716 192.251369    34.6617 0.0000e+00
    332.000     1.9310   3.060065     1.9322   3.060363    4.35570    -0.0708    13.8155 0.0000e+00  -61.12500  -58.09183 1152597717 192.251382    34.6637 0.0000e+00
    333.000     1.9306   3.060080     1.9316   3.060366    4.35687    -0.0693    13.8155 0.0000e+00  -61.12500  -58.09183 1152597718 192.251393    34.6637 0.0000e+00
    334.000     1.9292   3.060013     1.9302   3.060293    4.35747    -0.0709    13.8155 0.0000e+00  -61.12500  -58.09183 1152597719 192.251404    34.6638 0.0000e+00
    335.000     1.9290   3.060039     1.9302   3.060339    4.35968    -0.0741    13.8155 0.0000e+00  -61.12500  -58.09183 1152597720 192.251416    34.6637 0.0000e+00
    336.000     1.9304   3.060207     1.9316   3.060516    4.36118    -0.0657    13.8155 0.0000e+00  -61.12500  -58.09183 1152597722 192.251430    34.6640 0.0000e+00
    337.000     1.9315   3.060403     1.9329   3.060720    4.36038    -0.0602    13.8155 0.0000e+00  -61.12500  -58.09183 1152597723 192.251446    34.6643 0.0000e+00
    338.000     1.9322   3.060524     1.9333   3.060800    4.36305    -0.0562    13.8155 0.0000e+00  -61.12500  -58.09183 1152597725 192.251464    34.6645 0.0000e+00
    339.000     1.9320   3.060550     1.9325   3.060790    4.36410    -0.0772    13.8155 0.0000e+00  -61.12500  -58.09183 1152597726 192.251477    34.6645 0.0000e+00
    340.000     1.9321   3.060609     1.9333   3.060928    4.36232    -0.0769    13.8155 0.0000e+00  -61.12500  -58.09183 1152597727 192.251487    34.6645 0.0000e+00
    341.000     1.9306   3.060520     1.9315   3.060824    4.36250    -0.0560    13.8155 0.0000e+00  -61.12500  -58.09183 1152597727 192.251497    34.6645 0.0000e+00
    342.000     1.9284   3.060410     1.9296   3.060718    4.36197    -0.0574    13.8155 0.0000e+00  -61.12500  -58.09183 1152597728 192.251506    34.6650 0.0000e+00
    343.000     1.9254   3.060227     1.9263   3.060524    4.36211    -0.0727    13.8155 0.0000e+00  -61.12500  -58.09183 1152597729 192.251519    34.6655 0.0000e+00
    344.000     1.9242   3.060177     1.9249   3.060434    4.36208    -0.0708    13.8155 0.0000e+00  -61.12500  -58.09183 1152597731 192.251542    34.6656 0.0000e+00
    345.000     1.9294   3.060626     1.9289   3.060800    4.36222    -0.0678    13.8155 0.0000e+00  -61.12500  -58.09183 1152597735 192.251581    34.6648 0.0000e+00
    346.000     1.9201   3.059964     1.9205   3.060241    4.36716    -0.0730    13.8155 0.0000e+00  -61.12500  -58.09183 1152597736 192.251600    34.6663 0.0000e+00
    347.000     1.9195   3.059992     1.9205   3.060298    4.36753    -0.0572    13.8155 0.0000e+00  -61.12500  -58.09183 1152597737 192.251610    34.6668 0.0000e+00
    348.000     1.9184   3.059946     1.9194   3.060265    4.36582    -0.0893    13.8155 0.0000e+00  -61.12500  -58.09183 1152597738 192.251619    34.6669 0.0000e+00
    349.000     1.9178   3.059954     1.9188   3.060255    4.36482    -0.0719    13.8155 0.0000e+00  -61.12500  -58.09183 1152597739 192.251627    34.6671 0.0000e+00
    350.000     1.9171   3.059936     1.9181   3.060249    4.36447    -0.0789    13.8155 0.0000e+00  -61.12500  -58.09183 1152597739 192.251634    34.6671 0.0000e+00
    351.000     1.9166   3.059977     1.9176   3.060276    4.36430    -0.0846    13.8155 0.0000e+00  -61.12500  -58.09183 1152597740 192.251642    34.6675 0.0000e+00
    352.000     1.9179   3.060211     1.9190   3.060519    4.36446    -0.0825    13.8155 0.0000e+00  -61.12500  -58.09183 1152597741 192.251652    34.6684 0.0000e+00
    353.000     1.9186   3.060345     1.9196   3.060634    4.36458    -0.0655    13.8155 0.0000e+00  -61.12500  -58.09183 1152597742 192.251666    34.6687 0.0000e+00
    354.000     1.9195   3.060483     1.9206   3.060782    4.36446    -0.0691    13.8155 0.0000e+00  -61.12500  -58.09183 1152597743 192.251682    34.6689 0.0000e+00
    355.000     1.9211   3.060711     1.9223   3.061008    4.36731    -0.0826    13.8155 0.0000e+00  -61.12500  -58.09183 1152597745 192.251703    34.6693 0.0000e+00
    356.000     1.9203   3.060659     1.9222   3.061046    4.36989    -0.0698    13.8155 0.0000e+00  -61.12500  -58.09183 1152597748 192.251737    34.6690 0.0000e+00
    357.000     1.9240   3.061147     1.9252   3.061440    4.37455    -0.0648    13.8155 0.0000e+00  -61.12500  -58.09183 1152597750 192.251758    34.6704 0.0000e+00
    358.000     1.9253   3.061370     1.9263   3.061653    4.37607    -0.0675    13.8155 0.0000e+00  -61.12500  -58.09183 1152597751 192.251772    34.6712 0.0000e+00
    359.000     1.9250   3.061413     1.9263   3.061713    4.37683    -0.0506    13.8155 0.0000e+00  -61.12500  -58.09183 1152597752 192.251783    34.6715 0.0000e+00
    360.000     1.9208   3.061043     1.9213   3.061344    4.37719    -0.0588    13.8155 0.0000e+00  -61.12500  -58.09183 1152597753 192.251792    34.6708 0.0000e+00
    361.000     1.9134   3.060438     1.9140   3.060744    4.37744    -0.0746    13.8155 0.0000e+00  -61.12500  -58.09183 1152597754 192.251801    34.6711 0.0000e+00
    362.000     1.9095   3.060139     1.9098   3.060371    4.37773    -0.0791    13.8155 0.0000e+00  -61.12500  -58.09183 1152597754 192.251809    34.6711 0.0000e+00
    363.000     1.9072   3.059977     1.9077   3.060253    4.37779    -0.0672    13.8155 0.0000e+00  -61.12500  -58.09183 1152597755 192.251818    34.6711 0.0000e+00
    364.000     1.9038   3.059752     1.9049   3.060061    4.37397    -0.0837    13.8155 0.0000e+00  -61.12500  -58.09183 1152597756 192.251827    34.6715 0.0000e+00
    365.000     1.9027   3.059715     1.9038   3.060018    4.37380    -0.0755    13.8155 0.0000e+00  -61.12500  -58.09183 1152597757 192.251841    34.6716 0.0000e+00
    366.000     1.9021   3.059697     1.9031   3.060000    4.37312    -0.0738    13.8155 0.0000e+00  -61.12500  -58.09183 1152597759 192.251863    34.6714 0.0000e+00
    367.000     1.9018   3.059725     1.9023   3.059987    4.37331    -0.0694    13.8155 0.0000e+00  -61.12500  -58.09183 1152597762 192.251897    34.6714 0.0000e+00
    368.000     1.8986   3.059513     1.8994   3.059817    4.37748    -0.0838    13.8155 0.0000e+00  -61.12500  -58.09183 1152597764 192.251915    34.6718 0.0000e+00
    369.000     1.8967   3.059420     1.8977   3.059730    4.37742    -0.0740    13.8155 0.0000e+00  -61.12500  -58.09183 1152597765 192.251928    34.6722 0.0000e+00
    370.000     1.8965   3.059466     1.8975   3.059772    4.37923    -0.0620    13.8155 0.0000e+00  -61.12500  -58.09183 1152597766 192.251940    34.6723 0.0000e+00
    371.000     1.8948   3.059390     1.8960   3.059719    4.37902    -0.0651    13.8155 0.0000e+00  -61.12500  -58.09183 1152597767 192.251952    34.6727 0.0000e+00
    372.000     1.8941   3.059386     1.8949   3.059685    4.37689    -0.0823    13.8155 0.0000e+00  -61.12500  -58.09183 1152597768 192.251964    34.6728 0.0000e+00
    373.000     1.8922   3.059285     1.8933   3.059598    4.37664    -0.0645    13.8155 0.0000e+00  -61.12500  -58.09183 1152597769 192.251975    34.6730 0.0000e+00
    374.000     1.8929   3.059417     1.8939   3.059706    4.37681    -0.0743    13.8155 0.0000e+00  -61.12500  -58.09183 1152597770 192.251985    34.6734 0.0000e+00
    375.000     1.8943   3.059612     1.8953   3.059911    4.37669    -0.0766    13.8155 0.0000e+00  -61.12500  -58.09183 1152597770 192.251995    34.6736 0.0000e+00
    376.000     1.8933   3.059626     1.8941   3.059936    4.37642    -0.0566    13.8155 0.0000e+00  -61.12500  -58.09183 1152597771 192.252005    34.6744 0.0000e+00
    377.000     1.8927   3.059670     1.8936   3.059964    4.37617    -0.0686    13.8155 0.0000e+00  -61.12500  -58.09183 1152597772 192.252015    34.6750 0.0000e+00
    378.000     1.8926   3.059722     1.8937   3.060022    4.37805    -0.0704    13.8155 0.0000e+00  -61.12500  -58.09183 1152597775 192.252042    34.6751 0.0000e+00
    379.000     1.8932   3.059797     1.8941   3.060107    4.38595    -0.0706    13.8155 0.0000e+00  -61.12500  -58.09183 1152597779 192.252096    34.6748 0.0000e+00
    380.000     1.8929   3.059894     1.8937   3.060191    4.38547    -0.0803    13.8155 0.0000e+00  -61.12500  -58.09183 1152597780 192.252103    34.6759 0.0000e+00
    381.000     1.8926   3.060018     1.8935   3.060329    4.38328    -0.0663    13.8155 0.0000e+00  -61.12500  -58.09183 1152597780 192.252110    34.6771 0.0000e+00
    382.000     1.8936   3.060204     1.8945   3.060505    4.38168    -0.0601    13.8155 0.0000e+00  -61.12500  -58.09183 1152597781 192.252117    34.6777 0.0000e+00
    383.000     1.8949   3.060379     1.8955   3.060679    4.38180    -0.0733    13.8155 0.0000e+00  -61.12500  -58.09183 1152597782 192.252124    34.6780 0.0000e+00
    384.000     1.8951   3.060459     1.8956   3.060758    4.38113    -0.0756    13.8155 0.0000e+00  -61.12500  -58.09183 1152597782 192.252130    34.6781 0.0000e+00
    385.000     1.8955   3.060541     1.8956   3.060832    4.38100    -0.0798    13.8155 0.0000e+00  -61.12500  -58.09183 1152597783 192.252136    34.6781 0.0000e+00
    386.000     1.8955   3.060595     1.8959   3.060892    4.37956    -0.0703    13.8155 0.0000e+00  -61.12500  -58.09183 1152597783 192.252144    34.6782 0.0000e+00
    387.000     1.8950   3.060644     1.8961   3.060950    4.38025    -0.0636    13.8155 0.0000e+00  -61.12500  -58.09183 1152597786 192.252172    34.6788 0.0000e+00
    388.000     1.8948   3.060637     1.8957   3.060928    4.38775    -0.0811    13.8155 0.0000e+00  -61.12500  -58.09183 1152597791 192.252238    34.6785 0.0000e+00
    389.000     1.8954   3.060838     1.8963   3.061134    4.38733    -0.1022    13.8155 0.0000e+00  -61.12500  -58.09183 1152597792 192.252244    34.6798 0.0000e+00
    390.000     1.8956   3.060912     1.8965   3.061221    4.38698    -0.0635    13.8155 0.0000e+00  -61.12500  -58.09183 1152597793 192.252252    34.6799 0.0000e+00
    391.000     1.8955   3.060962     1.8964   3.061273    4.38492    -0.0674    13.8155 0.0000e+00  -61.12500  -58.09183 1152597793 192.252259    34.6801 0.0000e+00
    392.000     1.8953   3.060987     1.8960   3.061293    4.38227    -0.0705    13.8155 0.0000e+00  -61.12500  -58.09183 1152597794 192.252266    34.6800 0.0000e+00
    393.000     1.8952   3.061009     1.8956   3.061311    4.38213    -0.0667    13.8155 0.0000e+00  -61.12500  -58.09183 1152597794 192.252272    34.6799 0.0000e+00
    394.000     1.8943   3.061026     1.8947   3.061324    4.38271    -0.0796    13.8155 0.0000e+00  -61.12500  -58.09183 1152597795 192.252279    34.6805 0.0000e+00
    395.000     1.8940   3.061077     1.8942   3.061360    4.38213    -0.0911    13.8155 0.0000e+00  -61.12500  -58.09183 1152597796 192.252285    34.6809 0.0000e+00
