product_data/regression_test/downloaded_data/MDGS/320620060703/ctd/p6609003.ros
* Sea-Bird SBE 9 Data File:
* FileName = D:\Data\Raw\P6609003.dat
* Software Version Seasave Win32 V 5.32
* Temperature SN = 1649
* Conductivity SN = 1431
* Number of Bytes Per Scan = 37
* Number of Voltage Words = 5
* Number of Scans Averaged by the Deck Unit = 1
* NMEA Latitude = 61 22.54 S
* NMEA Longitude = 057 54.34 W
* NMEA UTC (Time) = 13:28:01
** Ship:   Nathaniel B. Palmer 
** Cruise:    NBP0603 p0606
** Cast #: 03
** Station:   90
** Operator: rdd
# nquan = 17
# nvalues = 1176                    
# units = specified
# name 0 = prDM: Pressure, Digiquartz [db]
# name 1 = t090C: Temperature [ITS-90, deg C]
# name 2 = c0S/m: Conductivity [S/m]
# name 3 = t190C: Temperature, 2 [ITS-90, deg C]
# name 4 = c1S/m: Conductivity, 2 [S/m]
# name 5 = sbeox0ML/L: Oxygen, SBE 43 [ml/l]
# name 6 = flECO-AFL: Fluorescence, Wetlab ECO-AFL/FL [mg/m^3]
# name 7 = bat: Beam Attenuation, Chelsea/Seatech/Wetlab CStar [1/m]
# name 8 = spar: SPAR/Surface Irradiance
# name 9 = latitude: Latitude [deg]
# name 10 = longitude: Longitude [deg]
# name 11 = timeY: Time, System [seconds]
# name 12 = timeJ: Julian Days
# name 13 = sal00: Salinity [PSU]
# name 14 = scan: scan number
# name 15 = nbf: number of bottles fired
# name 16 = flag:  0.000e+00
# interval = seconds: 0.0416667                   
# start_time = Jul 10 2006 13:28:09
*END*
[from data line 681]
    250.511    -0.0325   2.869168    -0.0324   2.869431    6.26230    -0.0964    13.8155 6.6237e+01  -61.37567  -57.90567 1152541838 191.604619    34.4261      90003         14  0.000e+00
    250.520    -0.0324   2.869178    -0.0323   2.869372    6.26229    -0.0749    13.8155 6.6237e+01  -61.37567  -57.90567 1152541838 191.604620    34.4262      90004         14  0.000e+00
    250.511    -0.0327   2.869161    -0.0332   2.869302    6.26232    -0.0749    13.8155 6.6237e+01  -61.37567  -57.90567 1152541838 191.604620    34.4262      90005         14  0.000e+00
    250.444    -0.0324   2.869168    -0.0341   2.869255    6.26222    -0.0534    13.8155 6.6237e+01  -61.37567  -57.90567 1152541838 191.604620    34.4260      90006         14  0.000e+00
    250.511    -0.0324   2.869194    -0.0341   2.869231    6.26228    -0.0749    13.8155 6.6237e+01  -61.37567  -57.90567 1152541838 191.604621    34.4264      90007         14  0.000e+00
    198.167    -0.2933   2.838129    -0.2918   2.838566    6.64066    -0.1180    13.8155 6.8185e+01  -61.37567  -57.90567 1152541934 191.605730    34.3383      92307         15  0.000e+00
    198.062    -0.2942   2.838066    -0.2921   2.838578    6.64073    -0.0964    13.8155 6.8185e+01  -61.37567  -57.90567 1152541934 191.605731    34.3386      92308         15  0.000e+00
    198.091    -0.2937   2.838136    -0.2923   2.838537    6.64065    -0.0426    13.8155 6.8185e+01  -61.37567  -57.90567 1152541934 191.605731    34.3390      92309         15  0.000e+00
    198.129    -0.2933   2.838216    -0.2921   2.838525    6.64057    -0.0534    13.8155 6.6237e+01  -61.37567  -57.90567 1152541934 191.605732    34.3395      92310         15  0.000e+00
    198.091    -0.2928   2.838149    -0.2924   2.838549    6.64052    -0.0964    13.8155 6.8185e+01  -61.37567  -57.90567 1152541934 191.605732    34.3381      92311         15  0.000e+00
    198.024    -0.2942   2.837999    -0.2926   2.838467    6.64073    -0.0964    13.8155 6.8185e+01  -61.37567  -57.90567 1152541934 191.605733    34.3377      92312         15  0.000e+00
    198.129    -0.2953   2.837886    -0.2932   2.838426    6.64577    -0.1180    13.8155 6.8185e+01  -61.37567  -57.90567 1152541934 191.605733    34.3374      92313         15  0.000e+00
    198.024    -0.2958   2.837833    -0.2934   2.838397    6.64104    -0.1180    13.8155 6.8185e+01  -61.37567  -57.90567 1152541934 191.605734    34.3373      92314         15  0.000e+00
    198.129    -0.2959   2.837826    -0.2934   2.838373    6.64116    -0.0642    13.8155 6.8185e+01  -61.37567  -57.90567 1152541934 191.605734    34.3373      92315         15  0.000e+00
    198.024    -0.2962   2.837859    -0.2935   2.838344    6.64109    -0.0534    13.8155 6.8185e+01  -61.37567  -57.90567 1152541934 191.605734    34.3381      92316         15  0.000e+00
    198.062    -0.2955   2.837939    -0.2934   2.838397    6.64097    -0.0319    13.8155 6.8185e+01  -61.37567  -57.90567 1152541934 191.605735    34.3383      92317         15  0.000e+00
    198.024    -0.2948   2.837979    -0.2926   2.838461    6.64083    -0.0319    13.8155 6.8185e+01  -61.37567  -57.90567 1152541934 191.605735    34.3382      92318         15  0.000e+00
    198.091    -0.2944   2.838036    -0.2917   2.838531    6.64080    -0.0749    13.8155 6.8185e+01  -61.37567  -57.90567 1152541934 191.605736    34.3384      92319         15  0.000e+00
    198.062    -0.2942   2.838152    -0.2912   2.838531    6.64540    -0.1072    13.8155 6.8185e+01  -61.37567  -57.90567 1152541934 191.605736    34.3397      92320         15  0.000e+00
    198.024    -0.2927   2.838282    -0.2909   2.838613    6.64036    -0.0964    13.8155 6.8185e+01  -61.37567  -57.90567 1152541934 191.605737    34.3398      92321         15  0.000e+00
    198.063    -0.2920   2.838355    -0.2901   2.838654    6.64026    -0.0749    13.8155 6.8185e+01  -61.37567  -57.90567 1152541934 191.605737    34.3400      92322         15  0.000e+00
    198.091    -0.2917   2.838389    -0.2906   2.838706    6.64495    -0.0426    13.8155 6.8185e+01  -61.37567  -57.90567 1152541934 191.605738    34.3401      92323         15  0.000e+00
    198.024    -0.2908   2.838515    -0.2906   2.838736    6.64469    -0.0534    13.8155 6.8185e+01  -61.37567  -57.90567 1152541934 191.605738    34.3407      92324         15  0.000e+00
    197.996    -0.2899   2.838655    -0.2903   2.838700    6.63973    -0.0749    13.8155 6.8185e+01  -61.37567  -57.90567 1152541934 191.605739    34.3416      92325         15  0.000e+00
    198.024    -0.2897   2.838568    -0.2903   2.838689    6.63978    -0.1180    13.8155 6.8185e+01  -61.37567  -57.90567 1152541934 191.605739    34.3402      92326         15  0.000e+00
    198.063    -0.2902   2.838452    -0.2898   2.838689    6.64468    -0.0964    13.8155 6.8185e+01  -61.37567  -57.90567 1152541934 191.605740    34.3392      92327         15  0.000e+00
    198.091    -0.2899   2.838468    -0.2900   2.838730    6.64465    -0.0857    13.8155 6.8185e+01  -61.37567  -57.90567 1152541935 191.605740    34.3391      92328         15  0.000e+00
    198.063    -0.2894   2.838585    -0.2891   2.838858    6.64449    -0.0964    13.8155 6.8185e+01  -61.37567  -57.90567 1152541935 191.605741    34.3401      92329         15  0.000e+00
    198.091    -0.2891   2.838572    -0.2875   2.838981    6.64449    -0.1072    13.8155 7.0133e+01  -61.37567  -57.90567 1152541935 191.605741    34.3396      92330         15  0.000e+00
    198.091    -0.2900   2.838432    -0.2863   2.839034    6.64469    -0.0749    13.8155 6.8185e+01  -61.37567  -57.90567 1152541935 191.605742    34.3387      92331         15  0.000e+00
    198.130    -0.2914   2.838412    -0.2858   2.839116    6.64493    -0.0534    13.8155 6.8185e+01  -61.37567  -57.90567 1152541935 191.605742    34.3400      92332         15  0.000e+00
    198.091    -0.2899   2.838528    -0.2857   2.839145    6.64462    -0.0964    13.8155 6.8185e+01  -61.37567  -57.90567 1152541935 191.605743    34.3399      92333         15  0.000e+00
    198.206    -0.2895   2.838588    -0.2863   2.839092    6.64464    -0.0749    13.8155 6.8185e+01  -61.37567  -57.90567 1152541935 191.605743    34.3402      92334         15  0.000e+00
    198.168    -0.2891   2.838578    -0.2867   2.839022    6.64455    -0.0964    13.8155 6.8185e+01  -61.37567  -57.90567 1152541935 191.605744    34.3396      92335         15  0.000e+00
    198.235    -0.2895   2.838505    -0.2877   2.838934    6.64472    -0.0964    13.8155 6.8185e+01  -61.37567  -57.90567 1152541935 191.605744    34.3391      92336         15  0.000e+00
    198.206    -0.2905   2.838415    -0.2880   2.838858    6.64488    -0.0749    13.8155 6.8185e+01  -61.37567  -57.90567 1152541935 191.605745    34.3390      92337         15  0.000e+00
    198.302    -0.2909   2.838325    -0.2892   2.838741    6.64508    -0.0749    13.8155 6.8185e+01  -61.37567  -57.90567 1152541935 191.605745    34.3382      92338         15  0.000e+00
    198.273    -0.2922   2.838279    -0.2906   2.838636    6.64525    -0.0749    13.8155 6.8185e+01  -61.37567  -57.90567 1152541935 191.605746    34.3390      92339         15  0.000e+00
    198.302    -0.2919   2.838482    -0.2915   2.838566    6.64511    -0.0749    13.8155 6.8185e+01  -61.37567  -57.90567 1152541935 191.605746    34.3414      92340         15  0.000e+00
    198.350    -0.2902   2.838845    -0.2911   2.838607    6.64943    -0.0857    13.8155 6.8185e+01  -61.37567  -57.90567 1152541935 191.605747    34.3443      92341         15  0.000e+00
    198.378    -0.2869   2.839161    -0.2917   2.838595    6.64410    -0.0964    13.8155 6.8185e+01  -61.37567  -57.90567 1152541935 191.605747    34.3448      92342         15  0.000e+00
    198.445    -0.2849   2.839337    -0.2920   2.838578    6.64379    -0.0749    13.8155 6.8185e+01  -61.37567  -57.90567 1152541935 191.605747    34.3448      92343         15  0.000e+00
    198.417    -0.2835   2.839344    -0.2912   2.838665    6.64829    -0.0749    13.8155 6.8185e+01  -61.37567  -57.90567 1152541935 191.605748    34.3434      92344         15  0.000e+00
    198.445    -0.2840   2.839310    -0.2903   2.838788    6.64840    -0.0964    13.8155 6.8185e+01  -61.37567  -57.90567 1152541935 191.605748    34.3434      92345         15  0.000e+00
    198.560    -0.2840   2.839354    -0.2886   2.838964    6.64848    -0.0964    13.8155 6.8185e+01  -61.37567  -57.90567 1152541935 191.605749    34.3440      92346         15  0.000e+00
    198.512    -0.2827   2.839457    -0.2861   2.839297    6.64821    -0.0749    13.8155 6.8185e+01  -61.37567  -57.90567 1152541935 191.605749    34.3439      92347         15  0.000e+00
    198.512    -0.2818   2.839504    -0.2834   2.839607    6.64806    -0.0534    13.8155 6.8185e+01  -61.37567  -57.90567 1152541935 191.605750    34.3435      92348         15  0.000e+00
    198.627    -0.2813   2.839500    -0.2818   2.839700    6.64810    -0.0857    13.8155 6.8185e+01  -61.37567  -57.90567 1152541935 191.605750    34.3429      92349         15  0.000e+00
    198.656    -0.2819   2.839507    -0.2814   2.839759    6.64820    -0.0749    13.8155 6.8185e+01  -61.37567  -57.90567 1152541935 191.605751    34.3436      92350         15  0.000e+00
    198.627    -0.2810   2.839540    -0.2814   2.839805    6.64803    -0.0319    13.8155 7.0133e+01  -61.37567  -57.90567 1152541935 191.605751    34.3430      92351         15  0.000e+00
    198.799    -0.2805   2.839640    -0.2812   2.839835    6.64807    -0.0534    13.8155 6.8185e+01  -61.37567  -57.90567 1152541936 191.605752    34.3438      92352         15  0.000e+00
    198.732    -0.2804   2.839640    -0.2807   2.839829    6.64799    -0.0749    13.8155 6.8185e+01  -61.37567  -57.90567 1152541936 191.605752    34.3437      92353         15  0.000e+00
    198.770    -0.2805   2.839640    -0.2809   2.839794    6.64804    -0.1072    13.8155 6.8185e+01  -61.37567  -57.90567 1152541936 191.605753    34.3438      92354         15  0.000e+00
    198.866    -0.2805   2.839560    -0.2809   2.839735    6.64818    -0.0964    13.8155 6.8185e+01  -61.37567  -57.90567 1152541936 191.605753    34.3426      92355         15  0.000e+00
    200.177    -0.2717   2.840459    -0.2704   2.840934    6.67127    -0.0964    13.8155 7.0133e+01  -61.37567  -57.90567 1152541939 191.605796    34.3439      92444         16  0.000e+00
    200.416    -0.2725   2.840406    -0.2704   2.840981    6.67163    -0.1180    13.8155 7.0133e+01  -61.37567  -57.90567 1152541939 191.605797    34.3439      92445         16  0.000e+00
    200.206    -0.2732   2.840293    -0.2709   2.840928    6.67161    -0.1180    13.8155 7.0133e+01  -61.37567  -57.90567 1152541939 191.605797    34.3434      92446         16  0.000e+00
    200.244    -0.2742   2.840213    -0.2706   2.840887    6.67182    -0.0964    13.8155 7.0133e+01  -61.37567  -57.90567 1152541939 191.605798    34.3434      92447         16  0.000e+00
    200.349    -0.2748   2.840037    -0.2712   2.840887    6.67211    -0.0749    13.8155 6.8185e+01  -61.37567  -57.90567 1152541940 191.605798    34.3416      92448         16  0.000e+00
    200.206    -0.2759   2.839917    -0.2709   2.840899    6.66748    -0.0749    13.8155 7.0133e+01  -61.37567  -57.90567 1152541940 191.605799    34.3414      92449         16  0.000e+00
    200.177    -0.2770   2.839860    -0.2717   2.840829    6.66762    -0.0964    13.8155 7.0133e+01  -61.37567  -57.90567 1152541940 191.605799    34.3418      92450         16  0.000e+00
    200.206    -0.2774   2.839820    -0.2715   2.840747    6.66774    -0.0964    13.8155 7.0133e+01  -61.37567  -57.90567 1152541940 191.605800    34.3418      92451         16  0.000e+00
    200.177    -0.2781   2.839824    -0.2729   2.840700    6.66779    -0.1502    13.8155 7.0133e+01  -61.37567  -57.90567 1152541940 191.605800    34.3426      92452         16  0.000e+00
    200.139    -0.2782   2.839794    -0.2727   2.840618    6.67252    -0.1610    13.8155 7.0133e+01  -61.37567  -57.90567 1152541940 191.605801    34.3424      92453         16  0.000e+00
    200.139    -0.2782   2.839784    -0.2734   2.840531    6.67252    -0.1287    13.8155 7.0133e+01  -61.37567  -57.90567 1152541940 191.605801    34.3422      92454         16  0.000e+00
    200.110    -0.2787   2.839784    -0.2740   2.840501    6.67257    -0.0857    13.8155 6.8185e+01  -61.37567  -57.90567 1152541940 191.605802    34.3428      92455         16  0.000e+00
    200.062    -0.2785   2.839804    -0.2735   2.840484    6.66776    -0.0534    13.8155 6.8185e+01  -61.37567  -57.90567 1152541940 191.605802    34.3429      92456         16  0.000e+00
    200.110    -0.2787   2.839807    -0.2741   2.840466    6.67255    -0.0749    13.8155 6.8185e+01  -61.37567  -57.90567 1152541940 191.605802    34.3431      92457         16  0.000e+00
    200.062    -0.2785   2.839807    -0.2746   2.840408    6.67248    -0.0964    13.8155 6.8185e+01  -61.37567  -57.90567 1152541940 191.605803    34.3429      92458         16  0.000e+00
    200.062    -0.2779   2.839820    -0.2748   2.840320    6.67239    -0.0749    13.8155 7.0133e+01  -61.37567  -57.90567 1152541940 191.605803    34.3424      92459         16  0.000e+00
    200.034    -0.2770   2.839883    -0.2760   2.840297    6.67220    -0.0749    13.8155 7.0133e+01  -61.37567  -57.90567 1152541940 191.605804    34.3422      92460         16  0.000e+00
    199.929    -0.2772   2.839897    -0.2760   2.840268    6.66740    -0.0964    13.8155 7.0133e+01  -61.37567  -57.90567 1152541940 191.605804    34.3427      92461         16  0.000e+00
    199.996    -0.2774   2.839877    -0.2758   2.840244    6.66751    -0.0964    13.8155 7.0133e+01  -61.37567  -57.90567 1152541940 191.605805    34.3427      92462         16  0.000e+00
    199.967    -0.2776   2.839837    -0.2763   2.840221    6.67225    -0.0964    13.8155 7.0133e+01  -61.37567  -57.90567 1152541940 191.605805    34.3424      92463         16  0.000e+00
    199.996    -0.2777   2.839797    -0.2767   2.840203    6.66760    -0.0964    13.8155 6.8185e+01  -61.37567  -57.90567 1152541940 191.605806    34.3420      92464         16  0.000e+00
    199.900    -0.2781   2.839783    -0.2775   2.840151    6.67228    -0.1395    13.8155 7.0133e+01  -61.37567  -57.90567 1152541940 191.605806    34.3422      92465         16  0.000e+00
    199.929    -0.2782   2.839800    -0.2783   2.840092    6.67232    -0.1180    13.8155 6.8185e+01  -61.37567  -57.90567 1152541940 191.605807    34.3426      92466         16  0.000e+00
    199.852    -0.2777   2.839787    -0.2789   2.840028    6.66747    -0.0964    13.8155 7.0133e+01  -61.37567  -57.90567 1152541940 191.605807    34.3419      92467         16  0.000e+00
    199.900    -0.2786   2.839680    -0.2781   2.840004    6.66769    -0.0642    13.8155 7.0133e+01  -61.37567  -57.90567 1152541940 191.605808    34.3414      92468         16  0.000e+00
    199.852    -0.2801   2.839567    -0.2786   2.840004    6.67264    -0.0749    13.8155 7.0133e+01  -61.37567  -57.90567 1152541940 191.605808    34.3416      92469         16  0.000e+00
    199.824    -0.2815   2.839427    -0.2787   2.840010    6.67289    -0.0964    13.8155 7.0133e+01  -61.37567  -57.90567 1152541940 191.605809    34.3414      92470         16  0.000e+00
    199.852    -0.2818   2.839344    -0.2794   2.839964    6.67301    -0.1180    13.8155 6.8185e+01  -61.37567  -57.90567 1152541940 191.605809    34.3406      92471         16  0.000e+00
    199.786    -0.2832   2.839327    -0.2795   2.839905    6.67314    -0.0964    13.8155 7.0133e+01  -61.37567  -57.90567 1152541941 191.605810    34.3420      92472         16  0.000e+00
    199.757    -0.2826   2.839334    -0.2795   2.839858    6.67303    -0.0964    13.8155 7.0133e+01  -61.37567  -57.90567 1152541941 191.605810    34.3414      92473         16  0.000e+00
