product_data/regression_test/downloaded_data/MDGS/320620060703/ctd/p6609101.ros
* Sea-Bird SBE 9 Data File:
* FileName = D:\Data\Raw\P6609101.dat
* Software Version Seasave Win32 V 5.32
* Temperature SN = 1649
* Conductivity SN = 1431
* Number of Bytes Per Scan = 37
* Number of Voltage Words = 5
* Number of Scans Averaged by the Deck Unit = 1
* NMEA Latitude = 61 18.65 S
* NMEA Longitude = 057 57.06 W
* NMEA UTC (Time) = 17:20:17
** Ship:   Nathaniel B. Palmer 
** Cruise:    NBP0603 p0606
** Cast #: 01
** Station:   91
** Operator: yz
# nquan = 17
# nvalues = 1176                    
# units = specified
# name 0 = prDM: Pressure, Digiquartz [db]
# name 1 = t090C: Temperature [ITS-90, deg C]
# name 2 = c0S/m: Conductivity [S/m]
# name 3 = t190C: Temperature, 2 [ITS-90, deg C]
# name 4 = c1S/m: Conductivity, 2 [S/m]
# name 5 = sbeox0ML/L: Oxygen, SBE 43 [ml/l]
# name 6 = flECO-AFL: Fluorescence, Wetlab ECO-AFL/FL [mg/m^3]
# name 7 = bat: Beam Attenuation, Chelsea/Seatech/Wetlab CStar [1/m]
# name 8 = spar: SPAR/Surface Irradiance
# name 9 = latitude: Latitude [deg]
# name 10 = longitude: Longitude [deg]
# name 11 = timeY: Time, System [seconds]
# name 12 = timeJ: Julian Days
# name 13 = sal00: Salinity [PSU]
# name 14 = scan: scan number
# name 15 = nbf: number of bottles fired
# name 16 = flag:  0.000e+00
# interval = seconds: 0.0416667                   
# start_time = Jul 10 2006 17:20:25
*END*
[from data line 341]
    451.587     1.7573   3.052853     1.7578   3.053145    4.46904    -0.1287    13.8155 2.7274e+01  -61.31083  -57.95100 1152555775 191.765944    34.6952      90063          7  0.000e+00
    451.520     1.7577   3.052864     1.7576   3.053126    4.46895    -0.1180    13.8155 2.7274e+01  -61.31083  -57.95100 1152555776 191.765945    34.6948      90064          7  0.000e+00
    449.181     1.7574   3.052770     1.7574   3.053090    4.46757    -0.0749    13.8155 2.5326e+01  -61.31083  -57.95100 1152555779 191.765986    34.6953      90150          8  0.000e+00
    449.181     1.7576   3.052760     1.7581   3.053072    4.46755    -0.0642    13.8155 2.5326e+01  -61.31083  -57.95100 1152555779 191.765987    34.6950      90151          8  0.000e+00
    449.124     1.7569   3.052746     1.7581   3.053036    4.46758    -0.0426    13.8155 2.5326e+01  -61.31083  -57.95100 1152555779 191.765987    34.6955      90152          8  0.000e+00
    449.181     1.7571   3.052753     1.7582   3.053054    4.46760    -0.0857    13.8155 2.5326e+01  -61.31083  -57.95100 1152555779 191.765988    34.6954      90153          8  0.000e+00
    449.114     1.7574   3.052746     1.7584   3.053084    4.46290    -0.1072    13.8155 2.5326e+01  -61.31083  -57.95100 1152555779 191.765988    34.6951      90154          8  0.000e+00
    449.181     1.7569   3.052753     1.7581   3.053090    4.46298    -0.0964    13.8155 2.5326e+01  -61.31083  -57.95100 1152555779 191.765989    34.6956      90155          8  0.000e+00
    449.114     1.7573   3.052767     1.7578   3.053042    4.46754    -0.0749    13.8155 2.5326e+01  -61.31083  -57.95100 1152555779 191.765989    34.6955      90156          8  0.000e+00
    449.181     1.7574   3.052777     1.7583   3.053054    4.46756    -0.0964    13.8155 2.5326e+01  -61.31083  -57.95100 1152555779 191.765990    34.6954      90157          8  0.000e+00
    449.181     1.7571   3.052770     1.7582   3.053060    4.46759    -0.0749    13.8155 2.5326e+01  -61.31083  -57.95100 1152555779 191.765990    34.6957      90158          8  0.000e+00
    449.124     1.7571   3.052777     1.7579   3.053060    4.46756    -0.0426    13.8155 2.5326e+01  -61.31083  -57.95100 1152555780 191.765991    34.6958      90159          8  0.000e+00
    449.181     1.7573   3.052780     1.7583   3.053060    4.46758    -0.0749    13.8155 2.3378e+01  -61.31083  -57.95100 1152555780 191.765991    34.6956      90160          8  0.000e+00
    449.181     1.7574   3.052753     1.7579   3.053060    4.46757    -0.0749    13.8155 2.5326e+01  -61.31083  -57.95100 1152555780 191.765992    34.6951      90161          8  0.000e+00
    449.114     1.7573   3.052770     1.7579   3.053060    4.46754    -0.0642    13.8155 2.5326e+01  -61.31083  -57.95100 1152555780 191.765992    34.6955      90162          8  0.000e+00
    449.182     1.7571   3.052791     1.7578   3.053060    4.46759    -0.0964    13.8155 2.5326e+01  -61.31083  -57.95100 1152555780 191.765992    34.6959      90163          8  0.000e+00
    449.182     1.7571   3.052746     1.7578   3.053060    4.46297    -0.0964    13.8155 2.5326e+01  -61.31083  -57.95100 1152555780 191.765993    34.6954      90164          8  0.000e+00
    449.182     1.7569   3.052760     1.7583   3.053042    4.46298    -0.0749    13.8155 2.5326e+01  -61.31083  -57.95100 1152555780 191.765993    34.6957      90165          8  0.000e+00
    449.191     1.7574   3.052760     1.7578   3.053072    4.46758    -0.0319    13.8155 2.5326e+01  -61.31083  -57.95100 1152555780 191.765994    34.6952      90166          8  0.000e+00
    449.182     1.7574   3.052767     1.7574   3.053048    4.46757    -0.1072    13.8155 2.5326e+01  -61.31083  -57.95100 1152555780 191.765994    34.6953      90167          8  0.000e+00
    449.182     1.7574   3.052811     1.7584   3.053054    4.46755    -0.1072    13.8155 2.5326e+01  -61.31083  -57.95100 1152555780 191.765995    34.6958      90168          8  0.000e+00
    449.182     1.7577   3.052767     1.7579   3.053060    4.46754    -0.1180    13.8155 2.5326e+01  -61.31083  -57.95100 1152555780 191.765995    34.6949      90169          8  0.000e+00
    449.258     1.7574   3.052770     1.7579   3.053084    4.46761    -0.0642    13.8155 2.5326e+01  -61.31083  -57.95100 1152555780 191.765996    34.6953      90170          8  0.000e+00
    449.258     1.7573   3.052770     1.7575   3.053072    4.46763    -0.0319    13.8155 2.5326e+01  -61.31083  -57.95100 1152555780 191.765996    34.6954      90171          8  0.000e+00
    449.191     1.7574   3.052777     1.7581   3.053060    4.46757    -0.0534    13.8155 2.5326e+01  -61.31083  -57.95100 1152555780 191.765997    34.6954      90172          8  0.000e+00
    449.258     1.7576   3.052770     1.7576   3.053042    4.46760    -0.1072    13.8155 2.3378e+01  -61.31083  -57.95100 1152555780 191.765997    34.6951      90173          8  0.000e+00
    449.258     1.7574   3.052794     1.7581   3.053078    4.46760    -0.1180    13.8155 2.5326e+01  -61.31083  -57.95100 1152555780 191.765998    34.6956      90174          8  0.000e+00
    449.258     1.7574   3.052832     1.7581   3.053066    4.46759    -0.0964    13.8155 2.3378e+01  -61.31083  -57.95100 1152555780 191.765998    34.6961      90175          8  0.000e+00
    449.258     1.7576   3.052811     1.7578   3.053042    4.46758    -0.0857    13.8155 2.3378e+01  -61.31083  -57.95100 1152555780 191.765999    34.6956      90176          8  0.000e+00
    449.259     1.7579   3.052794     1.7580   3.053054    4.46756    -0.0857    13.8155 2.5326e+01  -61.31083  -57.95100 1152555780 191.765999    34.6950      90177          8  0.000e+00
    449.326     1.7579   3.052801     1.7578   3.053060    4.46760    -0.0534    13.8155 2.5326e+01  -61.31083  -57.95100 1152555780 191.766000    34.6951      90178          8  0.000e+00
    449.268     1.7576   3.052794     1.7580   3.053036    4.46760    -0.0749    13.8155 2.5326e+01  -61.31083  -57.95100 1152555780 191.766000    34.6954      90179          8  0.000e+00
    449.326     1.7573   3.052784     1.7579   3.053054    4.46766    -0.1180    13.8155 2.5326e+01  -61.31083  -57.95100 1152555780 191.766001    34.6955      90180          8  0.000e+00
    449.326     1.7577   3.052815     1.7581   3.053084    4.46761    -0.0964    13.8155 2.5326e+01  -61.31083  -57.95100 1152555780 191.766001    34.6954      90181          8  0.000e+00
    449.326     1.7576   3.052839     1.7580   3.053072    4.46761    -0.0749    13.8155 2.5326e+01  -61.31083  -57.95100 1152555780 191.766002    34.6959      90182          8  0.000e+00
    449.326     1.7577   3.052794     1.7576   3.053060    4.46762    -0.0964    13.8155 2.3378e+01  -61.31083  -57.95100 1152555780 191.766002    34.6952      90183          8  0.000e+00
    449.393     1.7576   3.052825     1.7579   3.053060    4.46766    -0.1072    13.8155 2.3378e+01  -61.31083  -57.95100 1152555781 191.766003    34.6957      90184          8  0.000e+00
    449.393     1.7582   3.052794     1.7581   3.053084    4.46761    -0.0534    13.8155 2.3378e+01  -61.31083  -57.95100 1152555781 191.766003    34.6946      90185          8  0.000e+00
    449.335     1.7576   3.052808     1.7576   3.053072    4.46763    -0.0426    13.8155 2.3378e+01  -61.31083  -57.95100 1152555781 191.766004    34.6955      90186          8  0.000e+00
    449.393     1.7579   3.052808     1.7582   3.053084    4.46764    -0.0749    13.8155 2.3378e+01  -61.31083  -57.95100 1152555781 191.766004    34.6951      90187          8  0.000e+00
    449.393     1.7582   3.052794     1.7580   3.053090    4.46761    -0.0749    13.8155 2.3378e+01  -61.31083  -57.95100 1152555781 191.766005    34.6946      90188          8  0.000e+00
    449.470     1.7579   3.052801     1.7579   3.053066    4.46769    -0.0534    13.8155 2.3378e+01  -61.31083  -57.95100 1152555781 191.766005    34.6950      90189          8  0.000e+00
    449.393     1.7579   3.052832     1.7582   3.053084    4.46763    -0.0857    13.8155 2.3378e+01  -61.31083  -57.95100 1152555781 191.766005    34.6954      90190          8  0.000e+00
    449.470     1.7576   3.052832     1.7581   3.053066    4.46771    -0.0964    13.8155 2.3378e+01  -61.31083  -57.95100 1152555781 191.766006    34.6958      90191          8  0.000e+00
    449.470     1.7579   3.052818     1.7581   3.053108    4.46304    -0.0964    13.8155 2.3378e+01  -61.31083  -57.95100 1152555781 191.766006    34.6952      90192          8  0.000e+00
    449.479     1.7576   3.052787     1.7584   3.053096    4.46773    -0.0749    13.8155 2.3378e+01  -61.31083  -57.95100 1152555781 191.766007    34.6952      90193          8  0.000e+00
    449.537     1.7577   3.052791     1.7586   3.053072    4.46775    -0.0534    13.8155 2.3378e+01  -61.31083  -57.95100 1152555781 191.766007    34.6950      90194          8  0.000e+00
    449.470     1.7574   3.052818     1.7581   3.053102    4.46773    -0.0964    13.8155 2.3378e+01  -61.31083  -57.95100 1152555781 191.766008    34.6958      90195          8  0.000e+00
    449.537     1.7574   3.052801     1.7581   3.053102    4.46777    -0.1180    13.8155 2.3378e+01  -61.31083  -57.95100 1152555781 191.766008    34.6955      90196          8  0.000e+00
    449.537     1.7574   3.052818     1.7581   3.053090    4.46777    -0.0642    13.8155 2.3378e+01  -61.31083  -57.95100 1152555781 191.766009    34.6957      90197          8  0.000e+00
    449.537     1.7573   3.052801     1.7578   3.053114    4.46779    -0.0534    13.8155 2.3378e+01  -61.31083  -57.95100 1152555781 191.766009    34.6957      90198          8  0.000e+00
    351.353     1.8244   3.051215     1.8234   3.051313    4.37896    -0.0534    13.8155 2.5326e+01  -61.31083  -57.95100 1152555941 191.767865    34.6578      94046          9  0.000e+00
    351.429     1.8243   3.051236     1.8234   3.051295    4.37901    -0.0857    13.8155 2.5326e+01  -61.31083  -57.95100 1152555942 191.767866    34.6581      94047          9  0.000e+00
    351.286     1.8244   3.051208     1.8240   3.051307    4.37892    -0.1072    13.8155 2.5326e+01  -61.31083  -57.95100 1152555942 191.767866    34.6577      94048          9  0.000e+00
    351.420     1.8244   3.051164     1.8238   3.051343    4.38359    -0.0534    13.8155 2.5326e+01  -61.31083  -57.95100 1152555942 191.767867    34.6571      94049          9  0.000e+00
    351.353     1.8240   3.051164     1.8240   3.051337    4.38359    -0.0319    13.8155 2.5326e+01  -61.31083  -57.95100 1152555942 191.767867    34.6576      94050          9  0.000e+00
    351.429     1.8240   3.051136     1.8238   3.051349    4.37908    -0.0642    13.8155 2.5326e+01  -61.31083  -57.95100 1152555942 191.767867    34.6572      94051          9  0.000e+00
    351.353     1.8235   3.051119     1.8237   3.051319    4.38365    -0.0534    13.8155 2.5326e+01  -61.31083  -57.95100 1152555942 191.767868    34.6576      94052          9  0.000e+00
    351.353     1.8234   3.051143     1.8235   3.051343    4.37909    -0.0749    13.8155 2.5326e+01  -61.31083  -57.95100 1152555942 191.767868    34.6580      94053          9  0.000e+00
    351.420     1.8235   3.051133     1.8234   3.051307    4.37912    -0.0749    13.8155 2.5326e+01  -61.31083  -57.95100 1152555942 191.767869    34.6577      94054          9  0.000e+00
    351.353     1.8238   3.051136     1.8234   3.051283    4.37905    -0.0857    13.8155 2.5326e+01  -61.31083  -57.95100 1152555942 191.767869    34.6575      94055          9  0.000e+00
    351.430     1.8238   3.051074     1.8232   3.051289    4.38369    -0.1072    13.8155 2.5326e+01  -61.31083  -57.95100 1152555942 191.767870    34.6566      94056          9  0.000e+00
    351.353     1.8235   3.051102     1.8237   3.051283    4.37909    -0.1072    13.8155 2.5326e+01  -61.31083  -57.95100 1152555942 191.767870    34.6574      94057          9  0.000e+00
    351.353     1.8238   3.051122     1.8235   3.051313    4.37905    -0.0749    13.8155 2.5326e+01  -61.31083  -57.95100 1152555942 191.767871    34.6573      94058          9  0.000e+00
    351.420     1.8233   3.051088     1.8234   3.051313    4.37915    -0.0642    13.8155 2.5326e+01  -61.31083  -57.95100 1152555942 191.767871    34.6573      94059          9  0.000e+00
    351.353     1.8235   3.051109     1.8237   3.051319    4.37909    -0.0749    13.8155 2.5326e+01  -61.31083  -57.95100 1152555942 191.767872    34.6575      94060          9  0.000e+00
    351.353     1.8234   3.051067     1.8237   3.051331    4.37911    -0.0964    13.8155 2.5326e+01  -61.31083  -57.95100 1152555942 191.767872    34.6571      94061          9  0.000e+00
    351.353     1.8236   3.051064     1.8237   3.051391    4.37909    -0.1287    13.8155 2.5326e+01  -61.31083  -57.95100 1152555942 191.767873    34.6567      94062          9  0.000e+00
    351.353     1.8235   3.051040     1.8243   3.051373    4.37911    -0.1287    13.8155 2.5326e+01  -61.31083  -57.95100 1152555942 191.767873    34.6566      94063          9  0.000e+00
    351.343     1.8235   3.051064     1.8242   3.051397    4.37909    -0.1180    13.8155 2.5326e+01  -61.31083  -57.95100 1152555942 191.767874    34.6569      94064          9  0.000e+00
    351.353     1.8230   3.051071     1.8248   3.051415    4.37914    -0.0749    13.8155 2.5326e+01  -61.31083  -57.95100 1152555942 191.767874    34.6575      94065          9  0.000e+00
    351.353     1.8230   3.051040     1.8245   3.051409    4.37916    -0.0857    13.8155 2.5326e+01  -61.31083  -57.95100 1152555942 191.767875    34.6571      94066          9  0.000e+00
    351.286     1.8235   3.051112     1.8245   3.051427    4.37904    -0.1180    13.8155 2.5326e+01  -61.31083  -57.95100 1152555942 191.767875    34.6575      94067          9  0.000e+00
    351.353     1.8235   3.051074     1.8245   3.051421    4.37910    -0.1180    13.8155 2.5326e+01  -61.31083  -57.95100 1152555942 191.767876    34.6570      94068          9  0.000e+00
    351.277     1.8238   3.051071     1.8246   3.051433    4.37903    -0.0964    13.8155 2.3378e+01  -61.31083  -57.95100 1152555942 191.767876    34.6567      94069          9  0.000e+00
    351.286     1.8238   3.051126     1.8242   3.051421    4.38358    -0.0749    13.8155 2.5326e+01  -61.31083  -57.95100 1152555943 191.767877    34.6573      94070          9  0.000e+00
    351.286     1.8240   3.051150     1.8245   3.051409    4.37899    -0.0964    13.8155 2.5326e+01  -61.31083  -57.95100 1152555943 191.767877    34.6575      94071          9  0.000e+00
    351.286     1.8234   3.051164     1.8245   3.051439    4.38361    -0.0749    13.8155 2.3378e+01  -61.31083  -57.95100 1152555943 191.767878    34.6583      94072          9  0.000e+00
    351.219     1.8236   3.051115     1.8245   3.051439    4.37899    -0.0749    13.8155 2.5326e+01  -61.31083  -57.95100 1152555943 191.767878    34.6575      94073          9  0.000e+00
    351.286     1.8235   3.051119     1.8240   3.051403    4.37904    -0.0749    13.8155 2.5326e+01  -61.31083  -57.95100 1152555943 191.767879    34.6576      94074          9  0.000e+00
    351.210     1.8237   3.051157     1.8240   3.051403    4.37896    -0.0319    13.8155 2.3378e+01  -61.31083  -57.95100 1152555943 191.767879    34.6579      94075          9  0.000e+00
    351.219     1.8240   3.051136     1.8242   3.051415    4.37895    -0.0749    13.8155 2.3378e+01  -61.31083  -57.95100 1152555943 191.767880    34.6574      94076          9  0.000e+00
    351.143     1.8240   3.051136     1.8246   3.051391    4.38348    -0.0964    13.8155 2.3378e+01  -61.31083  -57.95100 1152555943 191.767880    34.6574      94077          9  0.000e+00
    351.219     1.8238   3.051129     1.8246   3.050965    4.37897    -0.0964    13.8155 2.5326e+01  -61.31083  -57.95100 1152555943 191.767880    34.6574      94078          9  0.000e+00
