product_data/regression_test/downloaded_data/MDGS/320620060703/ctd/p6607104.ros
* Sea-Bird SBE 9 Data File:
* FileName = D:\Data\Raw\p6607104.dat
* Software Version Seasave Win32 V 5.32
* Temperature SN = 1649
* Conductivity SN = 1431
* Number of Bytes Per Scan = 37
* Number of Voltage Words = 5
* Number of Scans Averaged by the Deck Unit = 1
* NMEA Latitude = 62 11.90 S
* NMEA Longitude = 058 08.28 W
* NMEA UTC (Time) = 03:24:18
** Ship:   Nathaniel B. Palmer 
** Cruise:    NBP0603 
** Cast #: 
** Station:   
** Operator: 
# nquan = 17
# nvalues = 1176                    
# units = specified
# name 0 = prDM: Pressure, Digiquartz [db]
# name 1 = t090C: Temperature [ITS-90, deg C]
# name 2 = c0S/m: Conductivity [S/m]
# name 3 = t190C: Temperature, 2 [ITS-90, deg C]
# name 4 = c1S/m: Conductivity, 2 [S/m]
# name 5 = sbeox0ML/L: Oxygen, SBE 43 [ml/l]
# name 6 = flECO-AFL: Fluorescence, Wetlab ECO-AFL/FL [mg/m^3]
# name 7 = bat: Beam Attenuation, Chelsea/Seatech/Wetlab CStar [1/m]
# name 8 = spar: SPAR/Surface Irradiance
# name 9 = latitude: Latitude [deg]
# name 10 = longitude: Longitude [deg]
# name 11 = timeY: Time, System [seconds]
# name 12 = timeJ: Julian Days
# name 13 = sal00: Salinity [PSU]
# name 14 = scan: scan number
# name 15 = nbf: number of bottles fired
# name 16 = flag:  0.000e+00
# interval = seconds: 0.0416667                   
# start_time = Jul 08 2006 03:24:26
*END*
    180.132    -0.7428   2.791158    -0.7415   2.791158    7.55776    33.1292    13.8155 0.0000e+00  -62.19833  -58.13800 1152329704 189.149369    34.2259      15348          1  0.000e+00
    180.171    -0.7431   2.791171    -0.7422   2.791146    7.56259    33.1184    13.8155 0.0000e+00  -62.19833  -58.13800 1152329704 189.149369    34.2263      15349          1  0.000e+00
    180.343    -0.7430   2.791187    -0.7421   2.791123    7.56275    33.0754    13.8155 0.0000e+00  -62.19833  -58.13800 1152329704 189.149370    34.2263      15350          1  0.000e+00
    180.132    -0.7424   2.791194    -0.7418   2.791152    7.56244    33.0754    13.8155 0.0000e+00  -62.19833  -58.13800 1152329704 189.149370    34.2259      15351          1  0.000e+00
    180.199    -0.7428   2.791161    -0.7422   2.791129    7.56260    33.1399    13.8155 0.0000e+00  -62.19833  -58.13800 1152329704 189.149371    34.2259      15352          1  0.000e+00
    180.237    -0.7431   2.791164    -0.7425   2.791135    7.56267    33.1292    13.8155 0.0000e+00  -62.19833  -58.13800 1152329704 189.149371    34.2262      15353          1  0.000e+00
    180.199    -0.7427   2.791154    -0.7424   2.791123    7.56257    33.0754    13.8155 0.0000e+00  -62.19833  -58.13800 1152329704 189.149372    34.2256      15354          1  0.000e+00
    180.056    -0.7424   2.791164    -0.7428   2.791117    7.56238    33.1076    13.8155 0.0000e+00  -62.19833  -58.13800 1152329704 189.149372    34.2256      15355          1  0.000e+00
    180.171    -0.7425   2.791171    -0.7425   2.791094    7.55774    33.0969    13.8155 0.0000e+00  -62.19833  -58.13800 1152329704 189.149373    34.2257      15356          1  0.000e+00
    180.199    -0.7428   2.791171    -0.7423   2.791106    7.55781    33.0969    13.8155 0.0000e+00  -62.19833  -58.13800 1152329704 189.149373    34.2259      15357          1  0.000e+00
    180.056    -0.7425   2.791171    -0.7430   2.791117    7.55762    33.1076    13.8155 0.0000e+00  -62.19833  -58.13800 1152329705 189.149374    34.2258      15358          1  0.000e+00
    180.199    -0.7424   2.791154    -0.7422   2.791094    7.55777    33.1184    13.8155 0.0000e+00  -62.19833  -58.13800 1152329705 189.149374    34.2254      15359          1  0.000e+00
    180.104    -0.7422   2.791164    -0.7425   2.791106    7.55763    33.1399    13.8155 0.0000e+00  -62.19833  -58.13800 1152329705 189.149375    34.2253      15360          1  0.000e+00
    180.132    -0.7428   2.791171    -0.7425   2.791135    7.55774    33.1507    13.8155 0.0000e+00  -62.19833  -58.13800 1152329705 189.149375    34.2260      15361          1  0.000e+00
    180.132    -0.7422   2.791151    -0.7422   2.791123    7.56244    33.0861    13.8155 0.0000e+00  -62.19833  -58.13800 1152329705 189.149375    34.2251      15362          1  0.000e+00
    180.104    -0.7424   2.791131    -0.7424   2.791077    7.55769    33.0861    13.8155 0.0000e+00  -62.19833  -58.13800 1152329705 189.149376    34.2251      15363          1  0.000e+00
    180.056    -0.7427   2.791177    -0.7427   2.791082    7.56241    33.1076    13.8155 0.0000e+00  -62.19833  -58.13800 1152329705 189.149376    34.2260      15364          1  0.000e+00
    180.132    -0.7429   2.791161    -0.7428   2.791088    7.56254    33.1184    13.8155 0.0000e+00  -62.19833  -58.13800 1152329705 189.149377    34.2260      15365          1  0.000e+00
    180.027    -0.7425   2.791164    -0.7422   2.791088    7.56236    33.0861    13.8155 0.0000e+00  -62.19833  -58.13800 1152329705 189.149377    34.2257      15366          1  0.000e+00
    180.132    -0.7426   2.791154    -0.7424   2.791088    7.55773    33.1076    13.8155 0.0000e+00  -62.19833  -58.13800 1152329705 189.149378    34.2256      15367          1  0.000e+00
    180.056    -0.7422   2.791148    -0.7425   2.791088    7.55759    33.1184    13.8155 0.0000e+00  -62.19833  -58.13800 1152329705 189.149378    34.2251      15368          1  0.000e+00
    180.056    -0.7425   2.791164    -0.7421   2.791088    7.55763    33.1184    13.8155 0.0000e+00  -62.19833  -58.13800 1152329705 189.149379    34.2257      15369          1  0.000e+00
    180.027    -0.7426   2.791154    -0.7424   2.791106    7.55762    33.1292    13.8155 0.0000e+00  -62.19833  -58.13800 1152329705 189.149379    34.2257      15370          1  0.000e+00
    180.056    -0.7427   2.791164    -0.7422   2.791077    7.56242    33.1076    13.8155 0.0000e+00  -62.19833  -58.13800 1152329705 189.149380    34.2258      15371          1  0.000e+00
    179.989    -0.7426   2.791171    -0.7422   2.791100    7.56233    33.1399    13.8155 0.0000e+00  -62.19833  -58.13800 1152329705 189.149380    34.2259      15372          1  0.000e+00
    180.027    -0.7425   2.791138    -0.7425   2.791117    7.56238    33.0861    13.8155 0.0000e+00  -62.19833  -58.13800 1152329705 189.149381    34.2253      15373          1  0.000e+00
    180.056    -0.7423   2.791144    -0.7422   2.791094    7.56237    33.0646    13.8155 0.0000e+00  -62.19833  -58.13800 1152329705 189.149381    34.2251      15374          1  0.000e+00
    179.989    -0.7425   2.791164    -0.7425   2.791088    7.56232    33.0969    13.8155 0.0000e+00  -62.19833  -58.13800 1152329705 189.149382    34.2257      15375          1  0.000e+00
    180.056    -0.7424   2.791171    -0.7419   2.791106    7.56238    33.0861    13.8155 0.0000e+00  -62.19833  -58.13800 1152329705 189.149382    34.2257      15376          1  0.000e+00
    179.960    -0.7425   2.791171    -0.7427   2.791117    7.56229    33.1292    13.8155 0.0000e+00  -62.19833  -58.13800 1152329705 189.149383    34.2258      15377          1  0.000e+00
    179.989    -0.7428   2.791171    -0.7425   2.791135    7.56235    33.1507    13.8155 0.0000e+00  -62.19833  -58.13800 1152329705 189.149383    34.2261      15378          1  0.000e+00
    179.989    -0.7421   2.791154    -0.7425   2.791123    7.56226    33.1076    13.8155 0.0000e+00  -62.19833  -58.13800 1152329705 189.149384    34.2251      15379          1  0.000e+00
    179.894    -0.7426   2.791151    -0.7426   2.791135    7.55748    33.0969    13.8155 0.0000e+00  -62.19833  -58.13800 1152329705 189.149384    34.2257      15380          1  0.000e+00
    180.056    -0.7425   2.791164    -0.7418   2.791141    7.55763    33.0754    13.8155 0.0000e+00  -62.19833  -58.13800 1152329705 189.149385    34.2257      15381          1  0.000e+00
    179.989    -0.7426   2.791171    -0.7422   2.791123    7.55756    33.1399    13.8155 0.0000e+00  -62.19833  -58.13800 1152329706 189.149385    34.2259      15382          1  0.000e+00
    179.913    -0.7425   2.791121    -0.7424   2.791117    7.56227    33.1292    13.8155 0.0000e+00  -62.19833  -58.13800 1152329706 189.149386    34.2252      15383          1  0.000e+00
    180.027    -0.7428   2.791138    -0.7421   2.791094    7.56242    33.0861    13.8155 0.0000e+00  -62.19833  -58.13800 1152329706 189.149386    34.2256      15384          1  0.000e+00
    179.913    -0.7424   2.791181    -0.7419   2.791106    7.56221    33.0431    13.8155 0.0000e+00  -62.19833  -58.13800 1152329706 189.149387    34.2258      15385          1  0.000e+00
    179.913    -0.7421   2.791161    -0.7418   2.791117    7.56219    33.1076    13.8155 0.0000e+00  -62.19833  -58.13800 1152329706 189.149387    34.2253      15386          1  0.000e+00
    179.960    -0.7428   2.791131    -0.7418   2.791117    7.56236    33.0969    13.8155 0.0000e+00  -62.19833  -58.13800 1152329706 189.149388    34.2256      15387          1  0.000e+00
    179.913    -0.7424   2.791144    -0.7424   2.791094    7.56224    33.1076    13.8155 0.0000e+00  -62.19833  -58.13800 1152329706 189.149388    34.2254      15388          1  0.000e+00
    179.913    -0.7430   2.791151    -0.7420   2.791106    7.56232    33.1184    13.8155 0.0000e+00  -62.19833  -58.13800 1152329706 189.149389    34.2261      15389          1  0.000e+00
    179.894    -0.7428   2.791151    -0.7418   2.791077    7.55750    33.1076    13.8155 0.0000e+00  -62.19833  -58.13800 1152329706 189.149389    34.2259      15390          1  0.000e+00
    179.913    -0.7425   2.791151    -0.7424   2.791100    7.56225    33.0861    13.8155 0.0000e+00  -62.19833  -58.13800 1152329706 189.149389    34.2256      15391          1  0.000e+00
    179.913    -0.7424   2.791151    -0.7416   2.791117    7.56224    33.1399    13.8155 0.0000e+00  -62.19833  -58.13800 1152329706 189.149390    34.2255      15392          1  0.000e+00
    179.913    -0.7430   2.791131    -0.7419   2.791117    7.56234    33.1292    13.8155 0.0000e+00  -62.19833  -58.13800 1152329706 189.149390    34.2258      15393          1  0.000e+00
    179.894    -0.7428   2.791141    -0.7419   2.791117    7.56227    33.0969    13.8155 0.0000e+00  -62.19833  -58.13800 1152329706 189.149391    34.2257      15394          1  0.000e+00
    179.846    -0.7425   2.791131    -0.7424   2.791094    7.56220    33.0646    13.8155 0.0000e+00  -62.19833  -58.13800 1152329706 189.149391    34.2254      15395          1  0.000e+00
    179.913    -0.7429   2.791157    -0.7425   2.791088    7.56231    33.0646    13.8155 0.0000e+00  -62.19833  -58.13800 1152329706 189.149392    34.2261      15396          1  0.000e+00
    179.703    -0.7424   2.791154    -0.7421   2.791158    7.56202    33.1399    13.8155 0.0000e+00  -62.19833  -58.13800 1152329708 189.149409    34.2257      15431          2  0.000e+00
    179.817    -0.7430   2.791111    -0.7416   2.791106    7.56225    33.1184    13.8155 0.0000e+00  -62.19833  -58.13800 1152329708 189.149409    34.2256      15432          2  0.000e+00
    179.779    -0.7423   2.791138    -0.7418   2.791123    7.56209    33.0538    13.8155 0.0000e+00  -62.19833  -58.13800 1152329708 189.149410    34.2252      15433          2  0.000e+00
    179.703    -0.7425   2.791151    -0.7419   2.791140    7.56203    33.0646    13.8155 0.0000e+00  -62.19833  -58.13800 1152329708 189.149410    34.2257      15434          2  0.000e+00
    179.750    -0.7431   2.791151    -0.7421   2.791123    7.56216    33.1292    13.8155 0.0000e+00  -62.19833  -58.13800 1152329708 189.149411    34.2263      15435          2  0.000e+00
    179.779    -0.7430   2.791151    -0.7413   2.791117    7.56218    33.1076    13.8155 0.0000e+00  -62.19833  -58.13800 1152329708 189.149411    34.2262      15436          2  0.000e+00
    179.779    -0.7426   2.791131    -0.7419   2.791117    7.56214    33.0754    13.8155 0.0000e+00  -62.19833  -58.13800 1152329708 189.149412    34.2255      15437          2  0.000e+00
    179.703    -0.7424   2.791124    -0.7424   2.791117    7.56203    33.0969    13.8155 0.0000e+00  -62.19833  -58.13800 1152329708 189.149412    34.2252      15438          2  0.000e+00
    179.750    -0.7428   2.791144    -0.7422   2.791094    7.56212    33.1184    13.8155 0.0000e+00  -62.19833  -58.13800 1152329708 189.149413    34.2258      15439          2  0.000e+00
    179.779    -0.7424   2.791151    -0.7428   2.791088    7.56209    33.1184    13.8155 0.0000e+00  -62.19833  -58.13800 1152329708 189.149413    34.2255      15440          2  0.000e+00
    179.703    -0.7424   2.791151    -0.7428   2.791071    7.56201    33.1076    13.8155 0.0000e+00  -62.19833  -58.13800 1152329708 189.149414    34.2255      15441          2  0.000e+00
    179.750    -0.7426   2.791181    -0.7434   2.791024    7.56207    33.1184    13.8155 0.0000e+00  -62.19833  -58.13800 1152329708 189.149414    34.2262      15442          2  0.000e+00
    179.703    -0.7428   2.791144    -0.7428   2.791030    7.56208    33.1614    13.8155 0.0000e+00  -62.19833  -58.13800 1152329708 189.149415    34.2260      15443          2  0.000e+00
    179.779    -0.7429   2.791141    -0.7428   2.791036    7.56218    33.1292    13.8155 0.0000e+00  -62.19833  -58.13800 1152329708 189.149415    34.2260      15444          2  0.000e+00
    179.703    -0.7424   2.791148    -0.7433   2.791036    7.56201    33.1076    13.8155 0.0000e+00  -62.19833  -58.13800 1152329708 189.149416    34.2255      15445          2  0.000e+00
    179.750    -0.7428   2.791164    -0.7431   2.791036    7.56211    33.1184    13.8155 0.0000e+00  -62.19833  -58.13800 1152329708 189.149416    34.2261      15446          2  0.000e+00
    179.703    -0.7425   2.791187    -0.7428   2.791018    7.56201    33.0969    13.8155 0.0000e+00  -62.19833  -58.13800 1152329708 189.149416    34.2262      15447          2  0.000e+00
    179.703    -0.7429   2.791144    -0.7429   2.791030    7.56210    33.0861    13.8155 0.0000e+00  -62.19833  -58.13800 1152329708 189.149417    34.2261      15448          2  0.000e+00
    179.750    -0.7427   2.791128    -0.7431   2.791036    7.56212    33.0969    13.8155 0.0000e+00  -62.19833  -58.13800 1152329708 189.149417    34.2255      15449          2  0.000e+00
    179.703    -0.7429   2.791157    -0.7433   2.791036    7.56209    33.1184    13.8155 0.0000e+00  -62.19833  -58.13800 1152329708 189.149418    34.2263      15450          2  0.000e+00
    179.703    -0.7428   2.791134    -0.7428   2.791036    7.56209    33.0646    13.8155 0.0000e+00  -62.19833  -58.13800 1152329708 189.149418    34.2258      15451          2  0.000e+00
    179.636    -0.7424   2.791144    -0.7431   2.791036    7.56195    33.1076    13.8155 0.0000e+00  -62.19833  -58.13800 1152329708 189.149419    34.2256      15452          2  0.000e+00
    179.750    -0.7427   2.791181    -0.7428   2.791036    7.56208    33.0861    13.8155 0.0000e+00  -62.19833  -58.13800 1152329708 189.149419    34.2262      15453          2  0.000e+00
    179.636    -0.7429   2.791161    -0.7431   2.791018    7.56202    33.1076    13.8155 0.0000e+00  -62.19833  -58.13800 1152329709 189.149420    34.2263      15454          2  0.000e+00
    179.703    -0.7428   2.791131    -0.7433   2.791013    7.56209    33.1184    13.8155 0.0000e+00  -62.19833  -58.13800 1152329709 189.149420    34.2258      15455          2  0.000e+00
    179.684    -0.7426   2.791144    -0.7428   2.791013    7.56203    33.1076    13.8155 0.0000e+00  -62.19833  -58.13800 1152329709 189.149421    34.2257      15456          2  0.000e+00
    179.703    -0.7430   2.791111    -0.7428   2.791030    7.56213    33.1076    13.8155 0.0000e+00  -62.19833  -58.13800 1152329709 189.149421    34.2257      15457          2  0.000e+00
    179.636    -0.7426   2.791121    -0.7428   2.791036    7.56200    33.1292    13.8155 0.0000e+00  -62.19833  -58.13800 1152329709 189.149422    34.2254      15458          2  0.000e+00
    179.636    -0.7422   2.791128    -0.7428   2.791018    7.56193    33.0861    13.8155 0.0000e+00  -62.19833  -58.13800 1152329709 189.149422    34.2251      15459          2  0.000e+00
    179.684    -0.7429   2.791128    -0.7430   2.791030    7.56209    33.0646    13.8155 0.0000e+00  -62.19833  -58.13800 1152329709 189.149423    34.2259      15460          2  0.000e+00
    179.636    -0.7427   2.791157    -0.7426   2.791036    7.56198    33.0861    13.8155 0.0000e+00  -62.19833  -58.13800 1152329709 189.149423    34.2260      15461          2  0.000e+00
    179.636    -0.7429   2.791138    -0.7431   2.791018    7.56203    33.1076    13.8155 0.0000e+00  -62.19833  -58.13800 1152329709 189.149424    34.2260      15462          2  0.000e+00
    179.607    -0.7425   2.791124    -0.7434   2.791013    7.56195    33.0646    13.8155 0.0000e+00  -62.19833  -58.13800 1152329709 189.149424    34.2254      15463          2  0.000e+00
    179.636    -0.7428   2.791108    -0.7431   2.791030    7.56203    33.0969    13.8155 0.0000e+00  -62.19833  -58.13800 1152329709 189.149425    34.2254      15464          2  0.000e+00
    179.636    -0.7432   2.791138    -0.7433   2.791018    7.56207    33.1076    13.8155 0.0000e+00  -62.19833  -58.13800 1152329709 189.149425    34.2263      15465          2  0.000e+00
    179.569    -0.7429   2.791114    -0.7429   2.791030    7.56198    33.1076    13.8155 0.0000e+00  -62.19833  -58.13800 1152329709 189.149426    34.2258      15466          2  0.000e+00
