product_data/regression_test/downloaded_data/MDGS/320620060703/ctd/p6609309.ros
* Sea-Bird SBE 9 Data File:
* FileName = D:\Data\Raw\p6609309.dat
* Software Version Seasave Win32 V 5.32
* Temperature SN = 1649
* Conductivity SN = 1431
* Number of Bytes Per Scan = 37
* Number of Voltage Words = 5
* Number of Scans Averaged by the Deck Unit = 1
* NMEA Latitude = 61 07.49 S
* NMEA Longitude = 058 05.62 W
* NMEA UTC (Time) = 07:46:35
** Ship:   Nathaniel B. Palmer nbp
** Cruise:    NBP0606 nbp0606
# nquan = 17
# nvalues = 1176                    
# units = specified
# name 0 = prDM: Pressure, Digiquartz [db]
# name 1 = t090C: Temperature [ITS-90, deg C]
# name 2 = c0S/m: Conductivity [S/m]
# name 3 = t190C: Temperature, 2 [ITS-90, deg C]
# name 4 = c1S/m: Conductivity, 2 [S/m]
# name 5 = sbeox0ML/L: Oxygen, SBE 43 [ml/l]
# name 6 = flECO-AFL: Fluorescence, Wetlab ECO-AFL/FL [mg/m^3]
# name 7 = bat: Beam Attenuation, Chelsea/Seatech/Wetlab CStar [1/m]
# name 8 = spar: SPAR/Surface Irradiance
# name 9 = latitude: Latitude [deg]
# name 10 = longitude: Longitude [deg]
# name 11 = timeY: Time, System [seconds]
# name 12 = timeJ: Julian Days
# name 13 = sal00: Salinity [PSU]
# name 14 = scan: scan number
# name 15 = nbf: number of bottles fired
# name 16 = flag:  0.000e+00
# interval = seconds: 0.0416667                   
# start_time = Jul 11 2006 07:46:43
*END*
[from data line 1107]
   1002.275     1.4331   3.051337     1.4331   3.051651    4.80658    -0.0857    13.8155 0.0000e+00  -61.12483  -58.09367 1152605791 192.344827    34.7251      42962         23  0.000e+00
   1002.555     1.4331   3.051344     1.4331   3.051657    4.80676    -0.0964    13.8155 0.0000e+00  -61.12483  -58.09367 1152605791 192.344827    34.7251      42963         23  0.000e+00
   1002.487     1.4334   3.051337     1.4335   3.051645    4.80669    -0.0857    13.8155 0.0000e+00  -61.12483  -58.09367 1152605792 192.344828    34.7247      42964         23  0.000e+00
   1002.652     1.4329   3.051306     1.4336   3.051609    4.80686    -0.1395    13.8155 0.0000e+00  -61.12483  -58.09367 1152605792 192.344828    34.7247      42965         23  0.000e+00
   1002.633     1.4328   3.051296     1.4335   3.051609    4.80686    -0.1287    13.8155 0.0000e+00  -61.12483  -58.09367 1152605792 192.344829    34.7247      42966         23  0.000e+00
   1002.778     1.4325   3.051306     1.4328   3.051603    4.80699    -0.0964    13.8155 0.0000e+00  -61.12483  -58.09367 1152605792 192.344829    34.7251      42967         23  0.000e+00
   1002.778     1.4328   3.051337     1.4327   3.051609    4.80694    -0.0749    13.8155 0.0000e+00  -61.12483  -58.09367 1152605792 192.344830    34.7252      42968         23  0.000e+00
   1002.923     1.4325   3.051320     1.4327   3.051627    4.80708    -0.0749    13.8155 0.0000e+00  -61.12483  -58.09367 1152605792 192.344830    34.7252      42969         23  0.000e+00
   1002.797     1.4323   3.051282     1.4324   3.051609    4.80703    -0.1180    13.8155 0.0000e+00  -61.12483  -58.09367 1152605792 192.344831    34.7250      42970         23  0.000e+00
   1003.203     1.4325   3.051272     1.4324   3.051567    4.80728    -0.1180    13.8155 0.0000e+00  -61.12483  -58.09367 1152605792 192.344831    34.7245      42971         23  0.000e+00
   1003.203     1.4322   3.051303     1.4324   3.051573    4.80730    -0.0857    13.8155 0.0000e+00  -61.12483  -58.09367 1152605792 192.344832    34.7252      42972         23  0.000e+00
   1003.135     1.4326   3.051299     1.4324   3.051585    4.80721    -0.0534    13.8155 0.0000e+00  -61.12483  -58.09367 1152605792 192.344832    34.7247      42973         23  0.000e+00
   1003.348     1.4328   3.051327     1.4325   3.051579    4.80733    -0.0642    13.8155 0.0000e+00  -61.12483  -58.09367 1152605792 192.344833    34.7247      42974         23  0.000e+00
   1003.300     1.4323   3.051286     1.4319   3.051543    4.80736    -0.0857    13.8155 0.0000e+00  -61.12483  -58.09367 1152605792 192.344833    34.7248      42975         23  0.000e+00
   1003.348     1.4319   3.051217     1.4317   3.051567    4.80747    -0.0642    13.8155 0.0000e+00  -61.12483  -58.09367 1152605792 192.344834    34.7244      42976         23  0.000e+00
   1003.706     1.4316   3.051210     1.4313   3.051525    4.80774    -0.0319    13.8155 0.0000e+00  -61.12483  -58.09367 1152605792 192.344834    34.7244      42977         23  0.000e+00
   1003.493     1.4316   3.051203     1.4313   3.051513    4.80760    -0.0749    13.8155 0.0000e+00  -61.12483  -58.09367 1152605792 192.344835    34.7245      42978         23  0.000e+00
   1003.657     1.4312   3.051210     1.4311   3.051507    4.80774    -0.1072    13.8155 0.0000e+00  -61.12483  -58.09367 1152605792 192.344835    34.7248      42979         23  0.000e+00
   1003.851     1.4309   3.051221     1.4313   3.051471    4.80790    -0.1287    13.8155 0.0000e+00  -61.12483  -58.09367 1152605792 192.344836    34.7252      42980         23  0.000e+00
   1003.706     1.4312   3.051186     1.4309   3.051471    4.80778    -0.0964    13.8155 0.0000e+00  -61.12483  -58.09367 1152605792 192.344836    34.7245      42981         23  0.000e+00
    999.472     1.4336   3.051274     1.4339   3.051536    4.79966    -0.1180    13.8155 0.0000e+00  -61.12483  -58.09367 1152605798 192.344905    34.7253      43123         24  0.000e+00
    999.492     1.4329   3.051250     1.4339   3.051536    4.79974    -0.1072    13.8155 0.0000e+00  -61.12483  -58.09367 1152605798 192.344905    34.7257      43124         24  0.000e+00
    999.472     1.4333   3.051240     1.4339   3.051512    4.79970    -0.0642    13.8155 0.0000e+00  -61.12483  -58.09367 1152605798 192.344905    34.7252      43125         24  0.000e+00
    999.540     1.4333   3.051209     1.4336   3.051536    4.79976    -0.0642    13.8155 0.0000e+00  -61.12483  -58.09367 1152605798 192.344906    34.7248      43126         24  0.000e+00
    999.472     1.4331   3.051209     1.4336   3.051578    4.79973    -0.1287    13.8155 0.0000e+00  -61.12483  -58.09367 1152605798 192.344906    34.7250      43127         24  0.000e+00
    999.472     1.4332   3.051257     1.4333   3.051554    4.79970    -0.0964    13.8155 0.0000e+00  -61.12483  -58.09367 1152605798 192.344907    34.7256      43128         24  0.000e+00
    999.608     1.4329   3.051233     1.4338   3.051530    4.79983    -0.0534    13.8155 0.0000e+00  -61.12483  -58.09367 1152605798 192.344907    34.7254      43129         24  0.000e+00
    999.559     1.4331   3.051233     1.4338   3.051542    4.79978    -0.1180    13.8155 0.0000e+00  -61.12483  -58.09367 1152605798 192.344908    34.7253      43130         24  0.000e+00
    999.608     1.4329   3.051261     1.4336   3.051530    4.79981    -0.1180    13.8155 0.0000e+00  -61.12483  -58.09367 1152605799 192.344908    34.7258      43131         24  0.000e+00
    999.608     1.4336   3.051250     1.4338   3.051542    4.80479    -0.0857    13.8155 0.0000e+00  -61.12483  -58.09367 1152605799 192.344909    34.7250      43132         24  0.000e+00
    999.608     1.4334   3.051278     1.4339   3.051554    4.79976    -0.0534    13.8155 0.0000e+00  -61.12483  -58.09367 1152605799 192.344909    34.7255      43133         24  0.000e+00
    999.608     1.4336   3.051274     1.4338   3.051572    4.79975    -0.0749    13.8155 0.0000e+00  -61.12483  -58.09367 1152605799 192.344910    34.7253      43134         24  0.000e+00
    999.540     1.4334   3.051264     1.4338   3.051578    4.79972    -0.0534    13.8155 0.0000e+00  -61.12483  -58.09367 1152605799 192.344910    34.7254      43135         24  0.000e+00
    999.830     1.4333   3.051233     1.4336   3.051560    4.79491    -0.0534    13.8155 0.0000e+00  -61.12483  -58.09367 1152605799 192.344911    34.7250      43136         24  0.000e+00
    999.704     1.4334   3.051223     1.4341   3.051572    4.79985    -0.0857    13.8155 0.0000e+00  -61.12483  -58.09367 1152605799 192.344911    34.7247      43137         24  0.000e+00
    999.753     1.4326   3.051216     1.4331   3.051584    4.79996    -0.1180    13.8155 0.0000e+00  -61.12483  -58.09367 1152605799 192.344912    34.7255      43138         24  0.000e+00
    999.753     1.4326   3.051237     1.4340   3.051578    4.80498    -0.0857    13.8155 0.0000e+00  -61.12483  -58.09367 1152605799 192.344912    34.7257      43139         24  0.000e+00
    999.830     1.4329   3.051240     1.4336   3.051584    4.80500    -0.1072    13.8155 0.0000e+00  -61.12483  -58.09367 1152605799 192.344913    34.7254      43140         24  0.000e+00
    999.830     1.4329   3.051261     1.4335   3.051578    4.79996    -0.0964    13.8155 0.0000e+00  -61.12483  -58.09367 1152605799 192.344913    34.7257      43141         24  0.000e+00
    999.830     1.4331   3.051233     1.4334   3.051560    4.79996    -0.1180    13.8155 0.0000e+00  -61.12483  -58.09367 1152605799 192.344914    34.7251      43142         24  0.000e+00
    999.830     1.4328   3.051233     1.4336   3.051548    4.79999    -0.0964    13.8155 0.0000e+00  -61.12483  -58.09367 1152605799 192.344914    34.7255      43143         24  0.000e+00
    999.917     1.4331   3.051261     1.4339   3.051578    4.80000    -0.0964    13.8155 0.0000e+00  -61.12483  -58.09367 1152605799 192.344915    34.7254      43144         24  0.000e+00
    999.975     1.4328   3.051264     1.4334   3.051596    4.80007    -0.0964    13.8155 0.0000e+00  -61.12483  -58.09367 1152605799 192.344915    34.7258      43145         24  0.000e+00
    999.975     1.4332   3.051268     1.4336   3.051590    4.80003    -0.0964    13.8155 0.0000e+00  -61.12483  -58.09367 1152605799 192.344916    34.7254      43146         24  0.000e+00
    999.975     1.4329   3.051271     1.4336   3.051554    4.80005    -0.0964    13.8155 0.0000e+00  -61.12483  -58.09367 1152605799 192.344916    34.7257      43147         24  0.000e+00
   1000.111     1.4334   3.051264     1.4342   3.051566    4.80010    -0.1072    13.8155 0.0000e+00  -61.12483  -58.09367 1152605799 192.344917    34.7250      43148         24  0.000e+00
   1000.043     1.4336   3.051285     1.4339   3.051560    4.80003    -0.0964    13.8155 0.0000e+00  -61.12483  -58.09367 1152605799 192.344917    34.7252      43149         24  0.000e+00
   1000.140     1.4331   3.051288     1.4339   3.051590    4.80014    -0.0857    13.8155 0.0000e+00  -61.12483  -58.09367 1152605799 192.344918    34.7257      43150         24  0.000e+00
   1000.188     1.4337   3.051309     1.4335   3.051548    4.80010    -0.0964    13.8155 0.0000e+00  -61.12483  -58.09367 1152605799 192.344918    34.7252      43151         24  0.000e+00
   1000.188     1.4334   3.051319     1.4336   3.051566    4.80013    -0.0857    13.8155 0.0000e+00  -61.12483  -58.09367 1152605799 192.344918    34.7257      43152         24  0.000e+00
   1000.188     1.4334   3.051350     1.4331   3.051584    4.80012    -0.0749    13.8155 0.0000e+00  -61.12483  -58.09367 1152605799 192.344919    34.7261      43153         24  0.000e+00
   1000.333     1.4334   3.051292     1.4336   3.051579    4.80024    -0.0857    13.8155 0.0000e+00  -61.12483  -58.09367 1152605799 192.344919    34.7253      43154         24  0.000e+00
   1000.333     1.4334   3.051302     1.4336   3.051585    4.80023    -0.0749    13.8155 0.0000e+00  -61.12483  -58.09367 1152605799 192.344920    34.7254      43155         24  0.000e+00
   1000.352     1.4336   3.051281     1.4338   3.051579    4.80024    -0.0964    13.8155 0.0000e+00  -61.12483  -58.09367 1152605800 192.344920    34.7250      43156         24  0.000e+00
   1000.333     1.4333   3.051250     1.4336   3.051561    4.79523    -0.0104    13.8155 0.0000e+00  -61.12483  -58.09367 1152605800 192.344921    34.7249      43157         24  0.000e+00
   1000.333     1.4334   3.051295     1.4335   3.051573    4.80024    -0.0426    13.8155 0.0000e+00  -61.12483  -58.09367 1152605800 192.344921    34.7253      43158         24  0.000e+00
   1000.546     1.4333   3.051261     1.4331   3.051543    4.80041    -0.0534    13.8155 0.0000e+00  -61.12483  -58.09367 1152605800 192.344922    34.7249      43159         24  0.000e+00
   1000.478     1.4331   3.051295     1.4335   3.051543    4.80540    -0.0642    13.8155 0.0000e+00  -61.12483  -58.09367 1152605800 192.344922    34.7256      43160         24  0.000e+00
   1000.478     1.4329   3.051261     1.4331   3.051567    4.80039    -0.0749    13.8155 0.0000e+00  -61.12483  -58.09367 1152605800 192.344923    34.7253      43161         24  0.000e+00
   1000.642     1.4333   3.051264     1.4335   3.051561    4.80047    -0.0642    13.8155 0.0000e+00  -61.12483  -58.09367 1152605800 192.344923    34.7249      43162         24  0.000e+00
   1000.623     1.4327   3.051264     1.4335   3.051591    4.80051    -0.0749    13.8155 0.0000e+00  -61.12483  -58.09367 1152605800 192.344924    34.7255      43163         24  0.000e+00
   1000.623     1.4329   3.051251     1.4338   3.051567    4.80049    -0.0857    13.8155 0.0000e+00  -61.12483  -58.09367 1152605800 192.344924    34.7251      43164         24  0.000e+00
   1000.691     1.4326   3.051240     1.4327   3.051573    4.80057    -0.0857    13.8155 0.0000e+00  -61.12483  -58.09367 1152605800 192.344925    34.7253      43165         24  0.000e+00
   1000.758     1.4325   3.051261     1.4330   3.051561    4.80566    -0.0426    13.8155 0.0000e+00  -61.12483  -58.09367 1152605800 192.344925    34.7257      43166         24  0.000e+00
   1000.758     1.4331   3.051251     1.4328   3.051525    4.80057    -0.0104    13.8155 0.0000e+00  -61.12483  -58.09367 1152605800 192.344926    34.7249      43167         24  0.000e+00
   1000.787     1.4325   3.051223     1.4328   3.051549    4.80569    -0.0749    13.8155 0.0000e+00  -61.12483  -58.09367 1152605800 192.344926    34.7252      43168         24  0.000e+00
   1000.903     1.4322   3.051220     1.4328   3.051525    4.80581    -0.0642    13.8155 0.0000e+00  -61.12483  -58.09367 1152605800 192.344927    34.7254      43169         24  0.000e+00
   1000.903     1.4322   3.051216     1.4330   3.051549    4.80077    -0.0426    13.8155 0.0000e+00  -61.12483  -58.09367 1152605800 192.344927    34.7254      43170         24  0.000e+00
   1000.903     1.4326   3.051220     1.4330   3.051549    4.80072    -0.0749    13.8155 0.0000e+00  -61.12483  -58.09367 1152605800 192.344928    34.7249      43171         24  0.000e+00
