product_data/regression_test/downloaded_data/MDGS/320620060703/ctd/p6607601.cnv
* Sea-Bird SBE 9 Data File:
* FileName = D:\Data\Raw\p6607601.dat
* Software Version Seasave Win32 V 5.32
* Temperature SN = 1649
* Conductivity SN = 1431
* Number of Bytes Per Scan = 37
* Number of Voltage Words = 5
* Number of Scans Averaged by the Deck Unit = 1
* NMEA Latitude = 62 16.73 S
* NMEA Longitude = 058 05.18 W
* NMEA UTC (Time) = 15:51:28
** Ship:   Nathaniel B. Palmer 
** Cruise:    NBP0606 
# nquan = 15
# nvalues = 1420                        
# units = specified
# name 0 = prDM: Pressure, Digiquartz [db]
# name 1 = t090C: Temperature [ITS-90, deg C]
# name 2 = c0S/m: Conductivity [S/m]
# name 3 = t190C: Temperature, 2 [ITS-90, deg C]
# name 4 = c1S/m: Conductivity, 2 [S/m]
# name 5 = sbeox0ML/L: Oxygen, SBE 43 [ml/l]
# name 6 = flECO-AFL: Fluorescence, Wetlab ECO-AFL/FL [mg/m^3]
# name 7 = bat: Beam Attenuation, Chelsea/Seatech/Wetlab CStar [1/m]
# name 8 = spar: SPAR/Surface Irradiance
# name 9 = latitude: Latitude [deg]
# name 10 = longitude: Longitude [deg]
# name 11 = timeY: Time, System [seconds]
# name 12 = timeJ: Julian Days
# name 13 = sal00: Salinity [PSU]
# name 14 = flag: flag
# span 0 =      2.000,   1421.000       
# span 1 =    -1.5458,    -0.2847       
# span 2 =   2.638382,   2.852152       
# span 3 =    -1.5456,    -0.2849       
# span 4 =   2.739116,   2.852047       
# span 5 =    6.29068,    7.57885       
# span 6 =    -0.1476,     0.1305       
# span 7 =    13.8155,    13.8155       
# span 8 = 4.0285e+00, 3.0433e+01       
# span 9 =  -62.27883,  -62.27883       
# span 10 =  -58.08633,  -58.08633      
# span 11 = 1152373904, 1152376336      
# span 12 = 189.660941, 189.689094      
# span 13 =    32.0099,    34.5508      
# span 14 = 0.0000e+00, 0.0000e+00      
# interval = decibars: 1                
# start_time = Jul 08 2006 15:51:36
# bad_flag = -9.990e-29
*END*
[from data line 1350]
   1352.000    -1.2303   2.825109    -1.2300   2.825010    6.91479    -0.1267    13.8155 7.1984e+00  -62.27883  -58.08633 1152376217 189.687712    34.5424 0.0000e+00
   1353.000    -1.2301   2.825167    -1.2298   2.825073    6.91563    -0.1195    13.8155 6.5417e+00  -62.27883  -58.08633 1152376218 189.687732    34.5424 0.0000e+00
   1354.000    -1.2302   2.825208    -1.2300   2.825103    6.91585    -0.1281    13.8155 5.8771e+00  -62.27883  -58.08633 1152376220 189.687753    34.5425 0.0000e+00
   1355.000    -1.2301   2.825270    -1.2297   2.825168    6.91544    -0.1131    13.8155 6.1872e+00  -62.27883  -58.08633 1152376222 189.687770    34.5427 0.0000e+00
   1356.000    -1.2291   2.825387    -1.2287   2.825306    6.91351    -0.1264    13.8155 8.1095e+00  -62.27883  -58.08633 1152376223 189.687788    34.5425 0.0000e+00
   1357.000    -1.2293   2.825434    -1.2290   2.825336    6.91391    -0.1296    13.8155 6.3389e+00  -62.27883  -58.08633 1152376225 189.687808    34.5428 0.0000e+00
   1358.000    -1.2294   2.825476    -1.2290   2.825389    6.91506    -0.1296    13.8155 8.1057e+00  -62.27883  -58.08633 1152376227 189.687827    34.5430 0.0000e+00
   1359.000    -1.2295   2.825501    -1.2291   2.825413    6.91546    -0.1357    13.8155 6.4606e+00  -62.27883  -58.08633 1152376228 189.687844    34.5428 0.0000e+00
   1360.000    -1.2295   2.825554    -1.2292   2.825461    6.91165    -0.1120    13.8155 6.3034e+00  -62.27883  -58.08633 1152376229 189.687860    34.5430 0.0000e+00
   1361.000    -1.2296   2.825578    -1.2296   2.825460    6.91362    -0.1292    13.8155 7.7479e+00  -62.27883  -58.08633 1152376231 189.687877    34.5428 0.0000e+00
   1362.000    -1.2311   2.825491    -1.2309   2.825390    6.91723    -0.1257    13.8155 6.5451e+00  -62.27883  -58.08633 1152376232 189.687895    34.5428 0.0000e+00
   1363.000    -1.2311   2.825555    -1.2304   2.825479    6.91746    -0.1268    13.8155 6.5363e+00  -62.27883  -58.08633 1152376234 189.687919    34.5431 0.0000e+00
   1364.000    -1.2317   2.825532    -1.2317   2.825419    6.91740    -0.1323    13.8155 6.7171e+00  -62.27883  -58.08633 1152376236 189.687940    34.5429 0.0000e+00
   1365.000    -1.2323   2.825525    -1.2318   2.825455    6.92029    -0.1476    13.8155 7.8108e+00  -62.27883  -58.08633 1152376238 189.687956    34.5430 0.0000e+00
   1366.000    -1.2326   2.825543    -1.2323   2.825454    6.92335    -0.1168    13.8155 7.6288e+00  -62.27883  -58.08633 1152376239 189.687972    34.5430 0.0000e+00
   1367.000    -1.2328   2.825561    -1.2323   2.825489    6.92505    -0.1342    13.8155 6.3170e+00  -62.27883  -58.08633 1152376240 189.687988    34.5428 0.0000e+00
   1368.000    -1.2336   2.825531    -1.2336   2.825432    6.92369    -0.1212    13.8155 7.2066e+00  -62.27883  -58.08633 1152376242 189.688006    34.5428 0.0000e+00
   1369.000    -1.2353   2.825441    -1.2353   2.825329    6.92246    -0.1316    13.8155 7.0163e+00  -62.27883  -58.08633 1152376244 189.688025    34.5430 0.0000e+00
   1370.000    -1.2369   2.825341    -1.2370   2.825242    6.92586    -0.1330    13.8155 6.0982e+00  -62.27883  -58.08633 1152376245 189.688042    34.5429 0.0000e+00
   1371.000    -1.2371   2.825394    -1.2367   2.825288    6.92833    -0.1324    13.8155 8.4723e+00  -62.27883  -58.08633 1152376247 189.688057    34.5433 0.0000e+00
   1372.000    -1.2369   2.825439    -1.2366   2.825340    6.93425    -0.1226    13.8155 6.4174e+00  -62.27883  -58.08633 1152376249 189.688081    34.5430 0.0000e+00
   1373.000    -1.2370   2.825483    -1.2367   2.825392    6.93411    -0.1111    13.8155 7.9045e+00  -62.27883  -58.08633 1152376251 189.688111    34.5431 0.0000e+00
   1374.000    -1.2368   2.825542    -1.2366   2.825440    6.93294    -0.1191    13.8155 5.4907e+00  -62.27883  -58.08633 1152376252 189.688125    34.5432 0.0000e+00
   1375.000    -1.2366   2.825606    -1.2362   2.825512    6.93329    -0.1175    13.8155 6.3166e+00  -62.27883  -58.08633 1152376253 189.688136    34.5432 0.0000e+00
   1376.000    -1.2364   2.825578    -1.2361   2.825572    6.93336    -0.1247    13.8155 9.0253e+00  -62.27883  -58.08633 1152376254 189.688146    34.5420 0.0000e+00
   1377.000    -1.2362   2.825704    -1.2358   2.825621    6.93360    -0.1281    13.8155 8.5083e+00  -62.27883  -58.08633 1152376255 189.688156    34.5429 0.0000e+00
   1378.000    -1.2364   2.824893    -1.2361   2.825635    6.93677    -0.1244    13.8155 6.2487e+00  -62.27883  -58.08633 1152376257 189.688182    34.5315 0.0000e+00
   1379.000    -1.2364   2.824206    -1.2361   2.825682    6.94366    -0.1161    13.8155 5.9944e+00  -62.27883  -58.08633 1152376261 189.688219    34.5217 0.0000e+00
   1380.000    -1.2365   2.824294    -1.2362   2.825720    6.94437    -0.1220    13.8155 6.5250e+00  -62.27883  -58.08633 1152376262 189.688234    34.5224 0.0000e+00
   1381.000    -1.2364   2.824435    -1.2362   2.825768    6.94501    -0.1382    13.8155 7.3538e+00  -62.27883  -58.08633 1152376263 189.688247    34.5236 0.0000e+00
   1382.000    -1.2366   2.824469    -1.2363   2.825790    6.94548    -0.1212    13.8155 7.3253e+00  -62.27883  -58.08633 1152376264 189.688260    34.5237 0.0000e+00
   1383.000    -1.2369   2.824491    -1.2363   2.825838    6.94550    -0.1241    13.8155 5.5977e+00  -62.27883  -58.08633 1152376265 189.688272    34.5239 0.0000e+00
   1384.000    -1.2370   2.824516    -1.2370   2.825819    6.94183    -0.1335    13.8155 5.5717e+00  -62.27883  -58.08633 1152376266 189.688288    34.5237 0.0000e+00
   1385.000    -1.2381   2.824478    -1.2380   2.825785    6.94169    -0.1233    13.8155 6.8068e+00  -62.27883  -58.08633 1152376269 189.688314    34.5239 0.0000e+00
   1386.000    -1.2378   2.824551    -1.2375   2.825859    6.94274    -0.1295    13.8155 7.4117e+00  -62.27883  -58.08633 1152376270 189.688334    34.5239 0.0000e+00
   1387.000    -1.2380   2.824574    -1.2376   2.825899    6.94517    -0.1258    13.8155 7.3354e+00  -62.27883  -58.08633 1152376272 189.688351    34.5240 0.0000e+00
   1388.000    -1.2407   2.824350    -1.2412   2.825656    6.94685    -0.1276    13.8155 8.4409e+00  -62.27883  -58.08633 1152376273 189.688368    34.5236 0.0000e+00
   1389.000    -1.2430   2.824222    -1.2432   2.825506    6.94851    -0.1211    13.8155 7.0895e+00  -62.27883  -58.08633 1152376275 189.688388    34.5239 0.0000e+00
   1390.000    -1.2438   2.824202    -1.2436   2.825517    6.94954    -0.1278    13.8155 7.4912e+00  -62.27883  -58.08633 1152376277 189.688406    34.5239 0.0000e+00
   1391.000    -1.2448   2.824161    -1.2446   2.825474    6.95437    -0.1228    13.8155 6.8435e+00  -62.27883  -58.08633 1152376278 189.688420    34.5240 0.0000e+00
   1392.000    -1.2452   2.824164    -1.2450   2.825484    6.95583    -0.1253    13.8155 5.5503e+00  -62.27883  -58.08633 1152376279 189.688433    34.5238 0.0000e+00
   1393.000    -1.2459   2.824150    -1.2457   2.825465    6.95641    -0.1258    13.8155 6.5632e+00  -62.27883  -58.08633 1152376280 189.688448    34.5239 0.0000e+00
   1394.000    -1.2461   2.824181    -1.2457   2.825500    6.95703    -0.1254    13.8155 6.2932e+00  -62.27883  -58.08633 1152376283 189.688476    34.5239 0.0000e+00
   1395.000    -1.2463   2.824216    -1.2462   2.825509    6.95912    -0.1161    13.8155 6.9761e+00  -62.27883  -58.08633 1152376285 189.688504    34.5240 0.0000e+00
   1396.000    -1.2470   2.824200    -1.2467   2.825511    6.96131    -0.1080    13.8155 5.2375e+00  -62.27883  -58.08633 1152376286 189.688517    34.5240 0.0000e+00
   1397.000    -1.2480   2.824139    -1.2480   2.825449    6.96174    -0.1305    13.8155 6.4439e+00  -62.27883  -58.08633 1152376287 189.688528    34.5238 0.0000e+00
   1398.000    -1.2494   2.824076    -1.2493   2.825377    6.96212    -0.1201    13.8155 7.6102e+00  -62.27883  -58.08633 1152376288 189.688539    34.5240 0.0000e+00
   1399.000    -1.2497   2.824054    -1.2496   2.825378    6.96348    -0.1247    13.8155 7.9631e+00  -62.27883  -58.08633 1152376290 189.688555    34.5234 0.0000e+00
   1400.000    -1.2497   2.824023    -1.2494   2.825448    6.96252    -0.1361    13.8155 6.0708e+00  -62.27883  -58.08633 1152376293 189.688591    34.5224 0.0000e+00
   1401.000    -1.2511   2.824050    -1.2510   2.825360    6.96056    -0.1185    13.8155 5.6144e+00  -62.27883  -58.08633 1152376294 189.688604    34.5238 0.0000e+00
   1402.000    -1.2515   2.824081    -1.2512   2.825382    6.96016    -0.1274    13.8155 5.1521e+00  -62.27883  -58.08633 1152376295 189.688617    34.5242 0.0000e+00
   1403.000    -1.2516   2.824111    -1.2511   2.825433    6.95695    -0.1258    13.8155 7.7047e+00  -62.27883  -58.08633 1152376296 189.688631    34.5240 0.0000e+00
   1404.000    -1.2517   2.824151    -1.2514   2.825447    6.95504    -0.1319    13.8155 7.2724e+00  -62.27883  -58.08633 1152376298 189.688653    34.5241 0.0000e+00
   1405.000    -1.2521   2.824148    -1.2517   2.825460    6.95333    -0.1390    13.8155 6.4452e+00  -62.27883  -58.08633 1152376300 189.688675    34.5240 0.0000e+00
   1406.000    -1.2523   2.824174    -1.2519   2.825488    6.95410    -0.1262    13.8155 7.2063e+00  -62.27883  -58.08633 1152376301 189.688691    34.5240 0.0000e+00
   1407.000    -1.2523   2.824226    -1.2519   2.825533    6.95473    -0.1213    13.8155 5.2606e+00  -62.27883  -58.08633 1152376303 189.688705    34.5241 0.0000e+00
   1408.000    -1.2525   2.824248    -1.2521   2.825556    6.95534    -0.1207    13.8155 6.6210e+00  -62.27883  -58.08633 1152376304 189.688721    34.5240 0.0000e+00
   1409.000    -1.2525   2.824290    -1.2521   2.825599    6.95640    -0.1291    13.8155 7.0705e+00  -62.27883  -58.08633 1152376306 189.688740    34.5241 0.0000e+00
   1410.000    -1.2525   2.824346    -1.2519   2.825665    6.95755    -0.1235    13.8155 7.0308e+00  -62.27883  -58.08633 1152376307 189.688761    34.5242 0.0000e+00
   1411.000    -1.2516   2.824449    -1.2514   2.825741    6.95830    -0.1235    13.8155 8.1591e+00  -62.27883  -58.08633 1152376309 189.688780    34.5240 0.0000e+00
   1412.000    -1.2517   2.824491    -1.2512   2.825792    6.95899    -0.1156    13.8155 5.7345e+00  -62.27883  -58.08633 1152376310 189.688796    34.5241 0.0000e+00
   1413.000    -1.2516   2.824535    -1.2512   2.825839    6.95940    -0.1207    13.8155 6.9944e+00  -62.27883  -58.08633 1152376312 189.688813    34.5240 0.0000e+00
   1414.000    -1.2518   2.824560    -1.2513   2.825872    6.95998    -0.1338    13.8155 5.7249e+00  -62.27883  -58.08633 1152376314 189.688837    34.5240 0.0000e+00
   1415.000    -1.2519   2.824612    -1.2512   2.825931    6.95811    -0.1216    13.8155 6.4737e+00  -62.27883  -58.08633 1152376316 189.688856    34.5242 0.0000e+00
   1416.000    -1.2516   2.824678    -1.2511   2.825977    6.95866    -0.1318    13.8155 -9.990e-29  -62.27883  -58.08633 1152376317 189.688869    34.5243 0.0000e+00
   1417.000    -1.2523   2.824627    -1.2524   2.825917    6.95947    -0.1400    13.8155 -9.990e-29  -62.27883  -58.08633 1152376318 189.688881    34.5238 0.0000e+00
   1418.000    -1.2538   2.824555    -1.2536   2.825855    6.95960    -0.1289    13.8155 -9.990e-29  -62.27883  -58.08633 1152376319 189.688896    34.5240 0.0000e+00
   1419.000    -1.2551   2.824482    -1.2551   2.825768    7.00015    -0.1251    13.8155 -9.990e-29  -62.27883  -58.08633 1152376321 189.688922    34.5239 0.0000e+00
   1420.000    -1.2554   2.778238    -1.2550   2.825813    7.00677    -0.1278    13.8155 4.3334e+00  -62.27883  -58.08633 1152376325 189.688968    33.9005 0.0000e+00
   1421.000    -1.2496   2.638382    -1.2493   2.826308    6.83765    -0.1082    13.8155 6.4877e+00  -62.27883  -58.08633 1152376336 189.689094    32.0099 0.0000e+00
