product_data/regression_test/downloaded_data/MDGS/320620060703/ctd/p6609305.ros
* Sea-Bird SBE 9 Data File:
* FileName = D:\Data\Raw\P6609305.dat
* Software Version Seasave Win32 V 5.32
* Temperature SN = 1649
* Conductivity SN = 1431
* Number of Bytes Per Scan = 37
* Number of Voltage Words = 5
* Number of Scans Averaged by the Deck Unit = 1
* NMEA Latitude = 61 07.50 S
* NMEA Longitude = 058 05.51 W
* NMEA UTC (Time) = 03:13:55
** Ship:   Nathaniel B. Palmer nbp
** Cruise:    NBP0603 nbp0606
** Cast #: 05
** Station:   93
** Operator: db
# nquan = 17
# nvalues = 1176                    
# units = specified
# name 0 = prDM: Pressure, Digiquartz [db]
# name 1 = t090C: Temperature [ITS-90, deg C]
# name 2 = c0S/m: Conductivity [S/m]
# name 3 = t190C: Temperature, 2 [ITS-90, deg C]
# name 4 = c1S/m: Conductivity, 2 [S/m]
# name 5 = sbeox0ML/L: Oxygen, SBE 43 [ml/l]
# name 6 = flECO-AFL: Fluorescence, Wetlab ECO-AFL/FL [mg/m^3]
# name 7 = bat: Beam Attenuation, Chelsea/Seatech/Wetlab CStar [1/m]
# name 8 = spar: SPAR/Surface Irradiance
# name 9 = latitude: Latitude [deg]
# name 10 = longitude: Longitude [deg]
# name 11 = timeY: Time, System [seconds]
# name 12 = timeJ: Julian Days
# name 13 = sal00: Salinity [PSU]
# name 14 = scan: scan number
# name 15 = nbf: number of bottles fired
# name 16 = flag:  0.000e+00
# interval = seconds: 0.0416667                   
# start_time = Jul 11 2006 03:14:03
*END*
[from data line 256]
    301.498     1.9402   3.058804     1.9417   3.059077    4.34471    -0.0426    13.8155 0.0000e+00  -61.12500  -58.09183 1152588207 192.141301    34.6549      13571          6  0.000e+00
    301.575     1.9403   3.058783     1.9416   3.059059    4.34475    -0.0319    13.8155 0.0000e+00  -61.12500  -58.09183 1152588207 192.141302    34.6544      13572          6  0.000e+00
    301.527     1.9406   3.058780     1.9414   3.059053    4.34469    -0.0749    13.8155 0.0000e+00  -61.12500  -58.09183 1152588207 192.141302    34.6540      13573          6  0.000e+00
    301.498     1.9410   3.058783     1.9417   3.059059    4.34012    -0.0857    13.8155 0.0000e+00  -61.12500  -58.09183 1152588207 192.141303    34.6538      13574          6  0.000e+00
    301.575     1.9402   3.058797     1.9419   3.059077    4.34475    -0.0857    13.8155 0.0000e+00  -61.12500  -58.09183 1152588207 192.141303    34.6547      13575          6  0.000e+00
    301.527     1.9406   3.058766     1.9422   3.059083    4.34470    -0.0426    13.8155 0.0000e+00  -61.12500  -58.09183 1152588207 192.141304    34.6539      13576          6  0.000e+00
    301.575     1.9406   3.058807     1.9423   3.059065    4.34471    -0.0534    13.8155 0.0000e+00  -61.12500  -58.09183 1152588207 192.141304    34.6543      13577          6  0.000e+00
    301.575     1.9411   3.058776     1.9417   3.059077    4.34468    -0.0857    13.8155 0.0000e+00  -61.12500  -58.09183 1152588207 192.141304    34.6534      13578          6  0.000e+00
    301.575     1.9405   3.058794     1.9422   3.059083    4.34473    -0.0749    13.8155 0.0000e+00  -61.12500  -58.09183 1152588207 192.141305    34.6544      13579          6  0.000e+00
    301.527     1.9406   3.058821     1.9419   3.059089    4.34468    -0.0857    13.8155 0.0000e+00  -61.12500  -58.09183 1152588207 192.141305    34.6545      13580          6  0.000e+00
    301.575     1.9408   3.058807     1.9420   3.059101    4.34470    -0.0642    13.8155 0.0000e+00  -61.12500  -58.09183 1152588207 192.141306    34.6542      13581          6  0.000e+00
    301.575     1.9405   3.058804     1.9425   3.059089    4.34473    -0.0642    13.8155 0.0000e+00  -61.12500  -58.09183 1152588207 192.141306    34.6545      13582          6  0.000e+00
    301.594     1.9410   3.058825     1.9416   3.059107    4.34016    -0.0749    13.8155 0.0000e+00  -61.12500  -58.09183 1152588207 192.141307    34.6542      13583          6  0.000e+00
    301.575     1.9408   3.058811     1.9419   3.059089    4.34470    -0.0534    13.8155 0.0000e+00  -61.12500  -58.09183 1152588207 192.141307    34.6542      13584          6  0.000e+00
    301.642     1.9406   3.058821     1.9423   3.059107    4.34475    -0.0426    13.8155 0.0000e+00  -61.12500  -58.09183 1152588207 192.141308    34.6545      13585          6  0.000e+00
    301.594     1.9408   3.058828     1.9427   3.059119    4.34470    -0.1072    13.8155 0.0000e+00  -61.12500  -58.09183 1152588207 192.141308    34.6544      13586          6  0.000e+00
    301.575     1.9408   3.058814     1.9425   3.059107    4.34470    -0.1072    13.8155 0.0000e+00  -61.12500  -58.09183 1152588208 192.141309    34.6543      13587          6  0.000e+00
    301.642     1.9403   3.058787     1.9425   3.059113    4.34479    -0.0749    13.8155 0.0000e+00  -61.12500  -58.09183 1152588208 192.141309    34.6544      13588          6  0.000e+00
    301.594     1.9408   3.058814     1.9426   3.059119    4.34471    -0.0534    13.8155 0.0000e+00  -61.12500  -58.09183 1152588208 192.141310    34.6543      13589          6  0.000e+00
    301.642     1.9405   3.058828     1.9424   3.059107    4.34476    -0.0534    13.8155 0.0000e+00  -61.12500  -58.09183 1152588208 192.141310    34.6547      13590          6  0.000e+00
    301.642     1.9410   3.058797     1.9419   3.059113    4.34473    -0.0857    13.8155 0.0000e+00  -61.12500  -58.09183 1152588208 192.141311    34.6538      13591          6  0.000e+00
    301.594     1.9408   3.058797     1.9419   3.059095    4.34471    -0.0642    13.8155 0.0000e+00  -61.12500  -58.09183 1152588208 192.141311    34.6541      13592          6  0.000e+00
    301.642     1.9408   3.058804     1.9420   3.059083    4.34474    -0.0749    13.8155 0.0000e+00  -61.12500  -58.09183 1152588208 192.141312    34.6541      13593          6  0.000e+00
    301.709     1.9406   3.058783     1.9424   3.059065    4.34480    -0.1072    13.8155 0.0000e+00  -61.12500  -58.09183 1152588208 192.141312    34.6540      13594          6  0.000e+00
    301.671     1.9410   3.058821     1.9422   3.059059    4.34474    -0.1072    13.8155 0.0000e+00  -61.12500  -58.09183 1152588208 192.141313    34.6541      13595          6  0.000e+00
    301.642     1.9407   3.058794     1.9420   3.059077    4.34475    -0.0857    13.8155 0.0000e+00  -61.12500  -58.09183 1152588208 192.141313    34.6541      13596          6  0.000e+00
    301.642     1.9408   3.058831     1.9420   3.059083    4.34473    -0.0534    13.8155 0.0000e+00  -61.12500  -58.09183 1152588208 192.141314    34.6545      13597          6  0.000e+00
    301.738     1.9411   3.058797     1.9413   3.059065    4.34477    -0.0426    13.8155 0.0000e+00  -61.12500  -58.09183 1152588208 192.141314    34.6536      13598          6  0.000e+00
    301.642     1.9410   3.058801     1.9420   3.059077    4.34473    -0.0534    13.8155 0.0000e+00  -61.12500  -58.09183 1152588208 192.141315    34.6539      13599          6  0.000e+00
    301.709     1.9408   3.058804     1.9417   3.059065    4.34478    -0.0534    13.8155 0.0000e+00  -61.12500  -58.09183 1152588208 192.141315    34.6541      13600          6  0.000e+00
    301.738     1.9400   3.058804     1.9417   3.059077    4.34034    -0.0642    13.8155 0.0000e+00  -61.12500  -58.09183 1152588208 192.141316    34.6549      13601          6  0.000e+00
    301.709     1.9405   3.058821     1.9419   3.059101    4.34480    -0.0426    13.8155 0.0000e+00  -61.12500  -58.09183 1152588208 192.141316    34.6546      13602          6  0.000e+00
    301.709     1.9406   3.058828     1.9420   3.059089    4.34478    -0.0964    13.8155 0.0000e+00  -61.12500  -58.09183 1152588208 192.141317    34.6545      13603          6  0.000e+00
    301.738     1.9410   3.058814     1.9420   3.059107    4.34478    -0.1072    13.8155 0.0000e+00  -61.12500  -58.09183 1152588208 192.141317    34.6540      13604          6  0.000e+00
    301.785     1.9410   3.058804     1.9422   3.059089    4.34481    -0.0857    13.8155 0.0000e+00  -61.12500  -58.09183 1152588208 192.141318    34.6539      13605          6  0.000e+00
    301.709     1.9410   3.058783     1.9420   3.059083    4.34477    -0.0964    13.8155 0.0000e+00  -61.12500  -58.09183 1152588208 192.141318    34.6536      13606          6  0.000e+00
    301.805     1.9403   3.058797     1.9413   3.059065    4.34488    -0.0642    13.8155 0.0000e+00  -61.12500  -58.09183 1152588208 192.141318    34.6544      13607          6  0.000e+00
    301.709     1.9408   3.058807     1.9417   3.059095    4.34478    -0.0749    13.8155 0.0000e+00  -61.12500  -58.09183 1152588208 192.141319    34.6541      13608          6  0.000e+00
    301.641     1.9413   3.058845     1.9424   3.059083    4.34468    -0.0534    13.8155 0.0000e+00  -61.12500  -58.09183 1152588214 192.141380    34.6541      13734          7  0.000e+00
    301.641     1.9414   3.058852     1.9420   3.059083    4.34467    -0.0104    13.8155 0.0000e+00  -61.12500  -58.09183 1152588214 192.141380    34.6540      13735          7  0.000e+00
    301.593     1.9414   3.058838     1.9423   3.059089    4.34464    -0.0534    13.8155 0.0000e+00  -61.12500  -58.09183 1152588214 192.141381    34.6539      13736          7  0.000e+00
    301.574     1.9416   3.058828     1.9425   3.059083    4.34009    -0.0642    13.8155 0.0000e+00  -61.12500  -58.09183 1152588214 192.141381    34.6536      13737          7  0.000e+00
    301.574     1.9416   3.058807     1.9425   3.059107    4.34010    -0.1072    13.8155 0.0000e+00  -61.12500  -58.09183 1152588214 192.141382    34.6533      13738          7  0.000e+00
    301.526     1.9413   3.058804     1.9424   3.059071    4.34010    -0.1072    13.8155 0.0000e+00  -61.12500  -58.09183 1152588214 192.141382    34.6536      13739          7  0.000e+00
    301.498     1.9413   3.058807     1.9422   3.059077    4.34008    -0.0642    13.8155 0.0000e+00  -61.12500  -58.09183 1152588214 192.141383    34.6537      13740          7  0.000e+00
    301.431     1.9414   3.058804     1.9424   3.059083    4.34003    -0.0319    13.8155 0.0000e+00  -61.12500  -58.09183 1152588214 192.141383    34.6535      13741          7  0.000e+00
    301.526     1.9413   3.058821     1.9422   3.059089    4.34009    -0.0426    13.8155 0.0000e+00  -61.12500  -58.09183 1152588214 192.141384    34.6539      13742          7  0.000e+00
    301.354     1.9411   3.058828     1.9425   3.059083    4.34000    -0.0534    13.8155 0.0000e+00  -61.12500  -58.09183 1152588214 192.141384    34.6542      13743          7  0.000e+00
    301.431     1.9413   3.058831     1.9422   3.059083    4.34003    -0.0426    13.8155 0.0000e+00  -61.12500  -58.09183 1152588214 192.141385    34.6540      13744          7  0.000e+00
    301.383     1.9414   3.058828     1.9424   3.059041    4.33999    -0.0964    13.8155 0.0000e+00  -61.12500  -58.09183 1152588214 192.141385    34.6539      13745          7  0.000e+00
    301.354     1.9411   3.058790     1.9423   3.059023    4.34001    -0.0964    13.8155 0.0000e+00  -61.12500  -58.09183 1152588214 192.141386    34.6537      13746          7  0.000e+00
    301.287     1.9411   3.058814     1.9424   3.059071    4.33996    -0.0534    13.8155 0.0000e+00  -61.12500  -58.09183 1152588214 192.141386    34.6541      13747          7  0.000e+00
    301.316     1.9411   3.058807     1.9417   3.059023    4.33998    -0.0319    13.8155 0.0000e+00  -61.12500  -58.09183 1152588214 192.141386    34.6540      13748          7  0.000e+00
    301.287     1.9411   3.058807     1.9420   3.059017    4.34449    -0.0426    13.8155 0.0000e+00  -61.12500  -58.09183 1152588214 192.141387    34.6540      13749          7  0.000e+00
    301.287     1.9411   3.058787     1.9414   3.059023    4.33997    -0.0534    13.8155 0.0000e+00  -61.12500  -58.09183 1152588214 192.141387    34.6537      13750          7  0.000e+00
    301.239     1.9416   3.058780     1.9420   3.059011    4.34443    -0.0749    13.8155 0.0000e+00  -61.12500  -58.09183 1152588214 192.141388    34.6532      13751          7  0.000e+00
    301.220     1.9414   3.058780     1.9420   3.059017    4.34444    -0.0749    13.8155 0.0000e+00  -61.12500  -58.09183 1152588214 192.141388    34.6534      13752          7  0.000e+00
    301.220     1.9415   3.058783     1.9416   3.058986    4.33990    -0.0534    13.8155 0.0000e+00  -61.12500  -58.09183 1152588214 192.141389    34.6533      13753          7  0.000e+00
    301.143     1.9408   3.058780     1.9419   3.059035    4.33992    -0.0749    13.8155 0.0000e+00  -61.12500  -58.09183 1152588214 192.141389    34.6541      13754          7  0.000e+00
    301.105     1.9411   3.058797     1.9419   3.059029    4.34439    -0.0749    13.8155 0.0000e+00  -61.12500  -58.09183 1152588215 192.141390    34.6540      13755          7  0.000e+00
    301.143     1.9411   3.058783     1.9419   3.059004    4.34442    -0.0749    13.8155 0.0000e+00  -61.12500  -58.09183 1152588215 192.141390    34.6538      13756          7  0.000e+00
    301.076     1.9408   3.058783     1.9419   3.059004    4.34441    -0.1072    13.8155 0.0000e+00  -61.12500  -58.09183 1152588215 192.141391    34.6542      13757          7  0.000e+00
    301.105     1.9408   3.058745     1.9420   3.059041    4.34444    -0.1395    13.8155 0.0000e+00  -61.12500  -58.09183 1152588215 192.141391    34.6537      13758          7  0.000e+00
    301.076     1.9411   3.058766     1.9420   3.059016    4.34438    -0.1502    13.8155 0.0000e+00  -61.12500  -58.09183 1152588215 192.141392    34.6536      13759          7  0.000e+00
    301.009     1.9411   3.058759     1.9417   3.059004    4.33982    -0.1287    13.8155 0.0000e+00  -61.12500  -58.09183 1152588215 192.141392    34.6536      13760          7  0.000e+00
    301.028     1.9411   3.058742     1.9419   3.058998    4.33984    -0.0749    13.8155 0.0000e+00  -61.12500  -58.09183 1152588215 192.141393    34.6533      13761          7  0.000e+00
    301.009     1.9413   3.058769     1.9416   3.058998    4.33980    -0.0426    13.8155 0.0000e+00  -61.12500  -58.09183 1152588215 192.141393    34.6535      13762          7  0.000e+00
    301.009     1.9410   3.058797     1.9414   3.058980    4.33982    -0.0104    13.8155 0.0000e+00  -61.12500  -58.09183 1152588215 192.141394    34.6542      13763          7  0.000e+00
    300.961     1.9408   3.058766     1.9416   3.058968    4.33982    -0.0534    13.8155 0.0000e+00  -61.12500  -58.09183 1152588215 192.141394    34.6540      13764          7  0.000e+00
    300.933     1.9410   3.058742     1.9413   3.058968    4.33979    -0.0749    13.8155 0.0000e+00  -61.12500  -58.09183 1152588215 192.141395    34.6536      13765          7  0.000e+00
    300.933     1.9408   3.058769     1.9409   3.058932    4.33980    -0.0964    13.8155 0.0000e+00  -61.12500  -58.09183 1152588215 192.141395    34.6541      13766          7  0.000e+00
    300.894     1.9406   3.058759     1.9416   3.058932    4.33979    -0.0642    13.8155 0.0000e+00  -61.12500  -58.09183 1152588215 192.141396    34.6541      13767          7  0.000e+00
    300.933     1.9408   3.058756     1.9414   3.058986    4.33980    -0.0534    13.8155 0.0000e+00  -61.12500  -58.09183 1152588215 192.141396    34.6539      13768          7  0.000e+00
    300.866     1.9408   3.058773     1.9414   3.058956    4.34428    -0.0534    13.8155 0.0000e+00  -61.12500  -58.09183 1152588215 192.141397    34.6542      13769          7  0.000e+00
    300.866     1.9410   3.058749     1.9417   3.058980    4.34428    -0.0534    13.8155 0.0000e+00  -61.12500  -58.09183 1152588215 192.141397    34.6537      13770          7  0.000e+00
    300.894     1.9408   3.058769     1.9419   3.058980    4.34430    -0.1180    13.8155 0.0000e+00  -61.12500  -58.09183 1152588215 192.141398    34.6541      13771          7  0.000e+00
    300.789     1.9408   3.058780     1.9417   3.058992    4.34423    -0.1072    13.8155 0.0000e+00  -61.12500  -58.09183 1152588215 192.141398    34.6543      13772          7  0.000e+00
    300.866     1.9410   3.058759     1.9411   3.059016    4.33975    -0.0426    13.8155 0.0000e+00  -61.12500  -58.09183 1152588215 192.141399    34.6538      13773          7  0.000e+00
    300.751     1.9407   3.058776     1.9413   3.058986    4.33969    -0.0642    13.8155 0.0000e+00  -61.12500  -58.09183 1152588215 192.141399    34.6544      13774          7  0.000e+00
    300.866     1.9406   3.058762     1.9419   3.058974    4.33977    -0.0642    13.8155 0.0000e+00  -61.12500  -58.09183 1152588215 192.141399    34.6542      13775          7  0.000e+00
    300.789     1.9405   3.058773     1.9413   3.058944    4.34426    -0.0749    13.8155 0.0000e+00  -61.12500  -58.09183 1152588215 192.141400    34.6545      13776          7  0.000e+00
    300.751     1.9408   3.058725     1.9410   3.058962    4.34423    -0.0749    13.8155 0.0000e+00  -61.12500  -58.09183 1152588215 192.141400    34.6536      13777          7  0.000e+00
    300.722     1.9403   3.058766     1.9414   3.058974    4.33971    -0.0642    13.8155 0.0000e+00  -61.12500  -58.09183 1152588215 192.141401    34.6547      13778          7  0.000e+00
    300.789     1.9405   3.058745     1.9411   3.058944    4.34427    -0.0749    13.8155 0.0000e+00  -61.12500  -58.09183 1152588216 192.141401    34.6542      13779          7  0.000e+00
