product_data/regression_test/downloaded_data/MDGS/320620060703/ctd/p6607401.ros
* Sea-Bird SBE 9 Data File:
* FileName = D:\Data\Raw\p6607401.dat
* Software Version Seasave Win32 V 5.32
* Temperature SN = 1649
* Conductivity SN = 1431
* Number of Bytes Per Scan = 37
* Number of Voltage Words = 5
* Number of Scans Averaged by the Deck Unit = 1
* NMEA Latitude = 62 14.82 S
* NMEA Longitude = 058 06.36 W
* NMEA UTC (Time) = 10:56:46
** Ship:   Nathaniel B. Palmer 
** Cruise:    NBP0606 
# nquan = 17
# nvalues = 1176                    
# units = specified
# name 0 = prDM: Pressure, Digiquartz [db]
# name 1 = t090C: Temperature [ITS-90, deg C]
# name 2 = c0S/m: Conductivity [S/m]
# name 3 = t190C: Temperature, 2 [ITS-90, deg C]
# name 4 = c1S/m: Conductivity, 2 [S/m]
# name 5 = sbeox0ML/L: Oxygen, SBE 43 [ml/l]
# name 6 = flECO-AFL: Fluorescence, Wetlab ECO-AFL/FL [mg/m^3]
# name 7 = bat: Beam Attenuation, Chelsea/Seatech/Wetlab CStar [1/m]
# name 8 = spar: SPAR/Surface Irradiance
# name 9 = latitude: Latitude [deg]
# name 10 = longitude: Longitude [deg]
# name 11 = timeY: Time, System [seconds]
# name 12 = timeJ: Julian Days
# name 13 = sal00: Salinity [PSU]
# name 14 = scan: scan number
# name 15 = nbf: number of bottles fired
# name 16 = flag:  0.000e+00
# interval = seconds: 0.0416667                   
# start_time = Jul 08 2006 10:56:54
*END*
    999.704    -0.8314   2.844002    -0.8317   2.843911    6.53171    -0.1287    13.8155 0.0000e+00  -62.24700  -58.10600 1152358561 189.483360    34.5481      56360          1  0.000e+00
    999.559    -0.8314   2.844045    -0.8315   2.843905    6.53155    -0.1395    13.8155 0.0000e+00  -62.24700  -58.10600 1152358561 189.483360    34.5487      56361          1  0.000e+00
    999.849    -0.8312   2.844025    -0.8319   2.843905    6.53181    -0.0964    13.8155 0.0000e+00  -62.24700  -58.10600 1152358561 189.483361    34.5481      56362          1  0.000e+00
    999.588    -0.8311   2.844015    -0.8320   2.843905    6.53155    -0.1072    13.8155 0.0000e+00  -62.24700  -58.10600 1152358561 189.483361    34.5479      56363          1  0.000e+00
    999.637    -0.8312   2.844025    -0.8318   2.843929    6.53161    -0.1933    13.8155 0.0000e+00  -62.24700  -58.10600 1152358561 189.483362    34.5482      56364          1  0.000e+00
    999.637    -0.8311   2.844019    -0.8315   2.843911    6.53160    -0.1610    13.8155 0.0000e+00  -62.24700  -58.10600 1152358561 189.483362    34.5480      56365          1  0.000e+00
    999.704    -0.8309   2.844062    -0.8315   2.843905    6.53161    -0.1180    13.8155 0.0000e+00  -62.24700  -58.10600 1152358561 189.483363    34.5483      56366          1  0.000e+00
    999.559    -0.8306   2.844029    -0.8318   2.843923    6.53146    -0.1180    13.8155 0.0000e+00  -62.24700  -58.10600 1152358561 189.483363    34.5476      56367          1  0.000e+00
    999.637    -0.8307   2.844045    -0.8321   2.843894    6.53154    -0.1395    13.8155 0.0000e+00  -62.24700  -58.10600 1152358561 189.483364    34.5480      56368          1  0.000e+00
    999.656    -0.8309   2.844055    -0.8315   2.843917    6.53157    -0.1395    13.8155 0.0000e+00  -62.24700  -58.10600 1152358561 189.483364    34.5483      56369          1  0.000e+00
    999.637    -0.8307   2.844042    -0.8314   2.843911    6.53154    -0.1610    13.8155 0.0000e+00  -62.24700  -58.10600 1152358561 189.483365    34.5479      56370          1  0.000e+00
    999.559    -0.8306   2.844049    -0.8315   2.843905    6.53145    -0.1395    13.8155 0.0000e+00  -62.24700  -58.10600 1152358561 189.483365    34.5479      56371          1  0.000e+00
    999.637    -0.8305   2.844055    -0.8316   2.843905    6.53149    -0.1072    13.8155 0.0000e+00  -62.24700  -58.10600 1152358561 189.483366    34.5478      56372          1  0.000e+00
    999.559    -0.8307   2.844072    -0.8315   2.843888    6.53145    -0.1180    13.8155 0.0000e+00  -62.24700  -58.10600 1152358561 189.483366    34.5484      56373          1  0.000e+00
    999.637    -0.8306   2.844062    -0.8317   2.843899    6.53151    -0.1610    13.8155 0.0000e+00  -62.24700  -58.10600 1152358561 189.483367    34.5480      56374          1  0.000e+00
    999.588    -0.8306   2.844072    -0.8313   2.843905    6.53146    -0.1825    13.8155 0.0000e+00  -62.24700  -58.10600 1152358561 189.483367    34.5482      56375          1  0.000e+00
    999.560    -0.8306   2.844062    -0.8321   2.843929    6.53144    -0.1610    13.8155 0.0000e+00  -62.24700  -58.10600 1152358561 189.483368    34.5481      56376          1  0.000e+00
    999.637    -0.8303   2.844042    -0.8318   2.843911    6.52615    -0.1287    13.8155 0.0000e+00  -62.24700  -58.10600 1152358561 189.483368    34.5474      56377          1  0.000e+00
    999.560    -0.8309   2.844049    -0.8321   2.843905    6.53149    -0.0964    13.8155 0.0000e+00  -62.24700  -58.10600 1152358561 189.483369    34.5482      56378          1  0.000e+00
    999.560    -0.8305   2.844042    -0.8317   2.843888    6.53143    -0.1395    13.8155 0.0000e+00  -62.24700  -58.10600 1152358561 189.483369    34.5476      56379          1  0.000e+00
    999.560    -0.8305   2.844049    -0.8318   2.843923    6.52610    -0.1502    13.8155 0.0000e+00  -62.24700  -58.10600 1152358561 189.483370    34.5477      56380          1  0.000e+00
    999.589    -0.8307   2.844075    -0.8318   2.843911    6.53148    -0.1180    13.8155 0.0000e+00  -62.24700  -58.10600 1152358561 189.483370    34.5484      56381          1  0.000e+00
    999.560    -0.8309   2.844062    -0.8319   2.843905    6.53148    -0.0857    13.8155 0.0000e+00  -62.24700  -58.10600 1152358561 189.483370    34.5484      56382          1  0.000e+00
    999.560    -0.8305   2.844042    -0.8320   2.843923    6.53143    -0.1072    13.8155 0.0000e+00  -62.24700  -58.10600 1152358561 189.483371    34.5476      56383          1  0.000e+00
    999.560    -0.8307   2.844019    -0.8315   2.843917    6.53148    -0.1395    13.8155 0.0000e+00  -62.24700  -58.10600 1152358561 189.483371    34.5476      56384          1  0.000e+00
    999.560    -0.8306   2.844025    -0.8319   2.843929    6.53146    -0.1395    13.8155 0.0000e+00  -62.24700  -58.10600 1152358562 189.483372    34.5476      56385          1  0.000e+00
    999.492    -0.8311   2.844052    -0.8320   2.843934    6.53145    -0.1395    13.8155 0.0000e+00  -62.24700  -58.10600 1152358562 189.483372    34.5485      56386          1  0.000e+00
    999.560    -0.8306   2.844055    -0.8317   2.843893    6.53144    -0.0964    13.8155 0.0000e+00  -62.24700  -58.10600 1152358562 189.483373    34.5480      56387          1  0.000e+00
    999.589    -0.8307   2.844042    -0.8316   2.843940    6.53150    -0.1180    13.8155 0.0000e+00  -62.24700  -58.10600 1152358562 189.483373    34.5479      56388          1  0.000e+00
    999.560    -0.8314   2.844069    -0.8317   2.843917    6.53154    -0.1395    13.8155 0.0000e+00  -62.24700  -58.10600 1152358562 189.483374    34.5490      56389          1  0.000e+00
    999.492    -0.8306   2.844049    -0.8323   2.843905    6.53138    -0.1610    13.8155 0.0000e+00  -62.24700  -58.10600 1152358562 189.483374    34.5479      56390          1  0.000e+00
    999.560    -0.8308   2.844019    -0.8318   2.843923    6.53149    -0.1610    13.8155 0.0000e+00  -62.24700  -58.10600 1152358562 189.483375    34.5477      56391          1  0.000e+00
    999.560    -0.8309   2.844025    -0.8318   2.843917    6.53150    -0.1395    13.8155 0.0000e+00  -62.24700  -58.10600 1152358562 189.483375    34.5479      56392          1  0.000e+00
    999.560    -0.8312   2.844002    -0.8320   2.843905    6.53156    -0.1287    13.8155 0.0000e+00  -62.24700  -58.10600 1152358562 189.483376    34.5479      56393          1  0.000e+00
    999.512    -0.8311   2.844055    -0.8317   2.843905    6.53146    -0.1180    13.8155 0.0000e+00  -62.24700  -58.10600 1152358562 189.483376    34.5485      56394          1  0.000e+00
    999.560    -0.8305   2.844029    -0.8318   2.843923    6.53144    -0.1395    13.8155 0.0000e+00  -62.24700  -58.10600 1152358562 189.483377    34.5475      56395          1  0.000e+00
    999.560    -0.8312   2.844025    -0.8317   2.843917    6.53154    -0.1395    13.8155 0.0000e+00  -62.24700  -58.10600 1152358562 189.483377    34.5483      56396          1  0.000e+00
    999.560    -0.8311   2.844052    -0.8315   2.843946    6.53151    -0.0964    13.8155 0.0000e+00  -62.24700  -58.10600 1152358562 189.483378    34.5485      56397          1  0.000e+00
    999.492    -0.8309   2.844042    -0.8315   2.843940    6.53143    -0.1180    13.8155 0.0000e+00  -62.24700  -58.10600 1152358562 189.483378    34.5482      56398          1  0.000e+00
    999.560    -0.8311   2.844049    -0.8309   2.843934    6.53151    -0.1502    13.8155 0.0000e+00  -62.24700  -58.10600 1152358562 189.483379    34.5484      56399          1  0.000e+00
    999.589    -0.8311   2.844042    -0.8314   2.843952    6.53154    -0.1610    13.8155 0.0000e+00  -62.24700  -58.10600 1152358562 189.483379    34.5483      56400          1  0.000e+00
    999.560    -0.8306   2.844032    -0.8310   2.843958    6.53146    -0.1395    13.8155 0.0000e+00  -62.24700  -58.10600 1152358562 189.483380    34.5477      56401          1  0.000e+00
    999.560    -0.8311   2.844052    -0.8311   2.843958    6.53151    -0.1180    13.8155 0.0000e+00  -62.24700  -58.10600 1152358562 189.483380    34.5485      56402          1  0.000e+00
    999.560    -0.8309   2.844042    -0.8311   2.843940    6.53149    -0.1610    13.8155 0.0000e+00  -62.24700  -58.10600 1152358562 189.483381    34.5482      56403          1  0.000e+00
    999.560    -0.8305   2.844049    -0.8312   2.843952    6.53143    -0.1610    13.8155 0.0000e+00  -62.24700  -58.10600 1152358562 189.483381    34.5477      56404          1  0.000e+00
    999.560    -0.8306   2.844042    -0.8311   2.843981    6.53145    -0.1180    13.8155 0.0000e+00  -62.24700  -58.10600 1152358562 189.483382    34.5478      56405          1  0.000e+00
    999.512    -0.8309   2.844032    -0.8312   2.843964    6.53146    -0.0749    13.8155 0.0000e+00  -62.24700  -58.10600 1152358562 189.483382    34.5480      56406          1  0.000e+00
    999.560    -0.8307   2.844019    -0.8309   2.843975    6.53148    -0.0964    13.8155 0.0000e+00  -62.24700  -58.10600 1152358562 189.483383    34.5476      56407          1  0.000e+00
    999.637    -0.8307   2.844025    -0.8315   2.843964    6.53155    -0.1395    13.8155 0.0000e+00  -62.24700  -58.10600 1152358562 189.483383    34.5477      56408          1  0.000e+00
    999.932    -0.8317   2.843975    -0.8318   2.843940    6.53198    -0.1395    13.8155 0.0000e+00  -62.24700  -58.10600 1152358572 189.483498    34.5479      56646          2  0.000e+00
    999.932    -0.8317   2.843989    -0.8315   2.843917    6.52664    -0.1180    13.8155 0.0000e+00  -62.24700  -58.10600 1152358572 189.483498    34.5481      56647          2  0.000e+00
   1000.077    -0.8320   2.843985    -0.8318   2.843905    6.52681    -0.1072    13.8155 0.0000e+00  -62.24700  -58.10600 1152358572 189.483499    34.5483      56648          2  0.000e+00
   1000.000    -0.8322   2.843955    -0.8319   2.843905    6.53211    -0.1395    13.8155 0.0000e+00  -62.24700  -58.10600 1152358573 189.483499    34.5481      56649          2  0.000e+00
    999.952    -0.8318   2.843962    -0.8321   2.843888    6.53202    -0.1718    13.8155 0.0000e+00  -62.24700  -58.10600 1152358573 189.483500    34.5479      56650          2  0.000e+00
    999.855    -0.8318   2.843979    -0.8320   2.843899    6.52660    -0.1610    13.8155 0.0000e+00  -62.24700  -58.10600 1152358573 189.483500    34.5482      56651          2  0.000e+00
    999.932    -0.8314   2.843935    -0.8322   2.843929    6.52663    -0.1610    13.8155 0.0000e+00  -62.24700  -58.10600 1152358573 189.483501    34.5470      56652          2  0.000e+00
    999.932    -0.8315   2.843952    -0.8317   2.843935    6.52664    -0.1072    13.8155 0.0000e+00  -62.24700  -58.10600 1152358573 189.483501    34.5474      56653          2  0.000e+00
    999.932    -0.8315   2.843985    -0.8320   2.843935    6.53195    -0.0749    13.8155 0.0000e+00  -62.24700  -58.10600 1152358573 189.483502    34.5479      56654          2  0.000e+00
    999.932    -0.8322   2.843985    -0.8316   2.843911    6.53203    -0.0964    13.8155 0.0000e+00  -62.24700  -58.10600 1152358573 189.483502    34.5486      56655          2  0.000e+00
    999.874    -0.8318   2.843955    -0.8323   2.843888    6.52663    -0.1610    13.8155 0.0000e+00  -62.24700  -58.10600 1152358573 189.483503    34.5479      56656          2  0.000e+00
    999.855    -0.8320   2.843925    -0.8320   2.843899    6.52665    -0.1610    13.8155 0.0000e+00  -62.24700  -58.10600 1152358573 189.483503    34.5476      56657          2  0.000e+00
    999.933    -0.8320   2.843969    -0.8324   2.843905    6.52669    -0.1610    13.8155 0.0000e+00  -62.24700  -58.10600 1152358573 189.483504    34.5482      56658          2  0.000e+00
    999.855    -0.8320   2.843989    -0.8317   2.843905    6.52661    -0.1180    13.8155 0.0000e+00  -62.24700  -58.10600 1152358573 189.483504    34.5485      56659          2  0.000e+00
    999.933    -0.8320   2.843972    -0.8323   2.843946    6.53202    -0.1180    13.8155 0.0000e+00  -62.24700  -58.10600 1152358573 189.483505    34.5482      56660          2  0.000e+00
    999.855    -0.8323   2.843949    -0.8320   2.843899    6.53201    -0.1395    13.8155 0.0000e+00  -62.24700  -58.10600 1152358573 189.483505    34.5483      56661          2  0.000e+00
    999.875    -0.8320   2.843975    -0.8316   2.843899    6.53196    -0.1180    13.8155 0.0000e+00  -62.24700  -58.10600 1152358573 189.483505    34.5483      56662          2  0.000e+00
    999.855    -0.8317   2.843955    -0.8318   2.843923    6.53192    -0.1395    13.8155 0.0000e+00  -62.24700  -58.10600 1152358573 189.483506    34.5477      56663          2  0.000e+00
    999.933    -0.8318   2.843979    -0.8321   2.843917    6.52667    -0.1180    13.8155 0.0000e+00  -62.24700  -58.10600 1152358573 189.483506    34.5481      56664          2  0.000e+00
    999.855    -0.8320   2.843952    -0.8319   2.843905    6.52663    -0.0964    13.8155 0.0000e+00  -62.24700  -58.10600 1152358573 189.483507    34.5480      56665          2  0.000e+00
    999.855    -0.8320   2.843962    -0.8315   2.843905    6.53195    -0.1180    13.8155 0.0000e+00  -62.24700  -58.10600 1152358573 189.483507    34.5481      56666          2  0.000e+00
    999.855    -0.8322   2.843999    -0.8321   2.843923    6.53196    -0.1395    13.8155 0.0000e+00  -62.24700  -58.10600 1152358573 189.483508    34.5488      56667          2  0.000e+00
    999.807    -0.8315   2.843979    -0.8318   2.843917    6.53184    -0.1395    13.8155 0.0000e+00  -62.24700  -58.10600 1152358573 189.483508    34.5479      56668          2  0.000e+00
    999.855    -0.8318   2.843979    -0.8317   2.843946    6.52660    -0.1395    13.8155 0.0000e+00  -62.24700  -58.10600 1152358573 189.483509    34.5482      56669          2  0.000e+00
    999.855    -0.8322   2.843972    -0.8320   2.843899    6.52665    -0.1180    13.8155 0.0000e+00  -62.24700  -58.10600 1152358573 189.483509    34.5484      56670          2  0.000e+00
    999.788    -0.8315   2.843969    -0.8316   2.843917    6.52650    -0.1180    13.8155 0.0000e+00  -62.24700  -58.10600 1152358573 189.483510    34.5477      56671          2  0.000e+00
    999.856    -0.8317   2.843999    -0.8318   2.843935    6.52657    -0.1610    13.8155 0.0000e+00  -62.24700  -58.10600 1152358574 189.483510    34.5483      56672          2  0.000e+00
    999.788    -0.8315   2.843979    -0.8320   2.843935    6.52649    -0.1395    13.8155 0.0000e+00  -62.24700  -58.10600 1152358574 189.483511    34.5479      56673          2  0.000e+00
    999.856    -0.8315   2.843979    -0.8316   2.843911    6.53188    -0.0964    13.8155 0.0000e+00  -62.24700  -58.10600 1152358574 189.483511    34.5478      56674          2  0.000e+00
    999.807    -0.8314   2.843972    -0.8320   2.843905    6.53182    -0.1072    13.8155 0.0000e+00  -62.24700  -58.10600 1152358574 189.483512    34.5476      56675          2  0.000e+00
    999.788    -0.8320   2.843985    -0.8318   2.843905    6.53188    -0.1395    13.8155 0.0000e+00  -62.24700  -58.10600 1152358574 189.483512    34.5485      56676          2  0.000e+00
    999.788    -0.8312   2.843952    -0.8314   2.843929    6.53179    -0.1180    13.8155 0.0000e+00  -62.24700  -58.10600 1152358574 189.483513    34.5471      56677          2  0.000e+00
    999.856    -0.8318   2.843979    -0.8321   2.843911    6.52660    -0.1180    13.8155 0.0000e+00  -62.24700  -58.10600 1152358574 189.483513    34.5482      56678          2  0.000e+00
    999.788    -0.8318   2.843985    -0.8318   2.843923    6.52653    -0.1180    13.8155 0.0000e+00  -62.24700  -58.10600 1152358574 189.483514    34.5483      56679          2  0.000e+00
    999.788    -0.8320   2.843989    -0.8317   2.843935    6.52655    -0.1395    13.8155 0.0000e+00  -62.24700  -58.10600 1152358574 189.483514    34.5485      56680          2  0.000e+00
    999.740    -0.8320   2.843985    -0.8316   2.843894    6.52651    -0.0964    13.8155 0.0000e+00  -62.24700  -58.10600 1152358574 189.483515    34.5485      56681          2  0.000e+00
