product_data/regression_test/downloaded_data/MDGS/320620060703/ctd/p6608402.ros
* Sea-Bird SBE 9 Data File:
* FileName = D:\Data\Raw\P6608402.dat
* Software Version Seasave Win32 V 5.32
* Temperature SN = 1649
* Conductivity SN = 1431
* Number of Bytes Per Scan = 37
* Number of Voltage Words = 5
* Number of Scans Averaged by the Deck Unit = 1
* NMEA Latitude = 61 43.32 S
* NMEA Longitude = 057 38.91 W
* NMEA UTC (Time) = 01:24:49
** Ship:   Nathaniel B. Palmer 
** Cruise:    NBP0603 p0606
** Cast #: 02
** Station:   84
** Operator: 
# nquan = 17
# nvalues = 1168                    
# units = specified
# name 0 = prDM: Pressure, Digiquartz [db]
# name 1 = t090C: Temperature [ITS-90, deg C]
# name 2 = c0S/m: Conductivity [S/m]
# name 3 = t190C: Temperature, 2 [ITS-90, deg C]
# name 4 = c1S/m: Conductivity, 2 [S/m]
# name 5 = sbeox0ML/L: Oxygen, SBE 43 [ml/l]
# name 6 = flECO-AFL: Fluorescence, Wetlab ECO-AFL/FL [mg/m^3]
# name 7 = bat: Beam Attenuation, Chelsea/Seatech/Wetlab CStar [1/m]
# name 8 = spar: SPAR/Surface Irradiance
# name 9 = latitude: Latitude [deg]
# name 10 = longitude: Longitude [deg]
# name 11 = timeY: Time, System [seconds]
# name 12 = timeJ: Julian Days
# name 13 = sal00: Salinity [PSU]
# name 14 = scan: scan number
# name 15 = nbf: number of bottles fired
# name 16 = flag:  0.000e+00
# interval = seconds: 0.0416667                   
# start_time = Jul 10 2006 01:24:57
*END*
[from data line 1107]
      9.978    -0.8829   2.765559    -0.8828   2.765847    7.83104     0.1188    13.8155 0.0000e+00  -61.72200  -57.64850 1152495965 191.073686    34.1430      30469         23  0.000e+00
      9.902    -0.8832   2.765575    -0.8829   2.765853    7.83099     0.1403    13.8155 0.0000e+00  -61.72200  -57.64850 1152495965 191.073687    34.1436      30470         23  0.000e+00
     10.006    -0.8832   2.765572    -0.8830   2.765865    7.83110     0.1618    13.8155 0.0000e+00  -61.72200  -57.64850 1152495965 191.073687    34.1435      30471         23  0.000e+00
      9.902    -0.8835   2.765599    -0.8828   2.765859    7.83102     0.1726    13.8155 0.0000e+00  -61.72200  -57.64850 1152495965 191.073688    34.1443      30472         23  0.000e+00
      9.978    -0.8832   2.765595    -0.8831   2.765836    7.83574     0.1295    13.8155 0.0000e+00  -61.72200  -57.64850 1152495965 191.073688    34.1439      30473         23  0.000e+00
      9.930    -0.8833   2.765569    -0.8827   2.765842    7.83105     0.1188    13.8155 0.0000e+00  -61.72200  -57.64850 1152495965 191.073689    34.1437      30474         23  0.000e+00
      9.978    -0.8832   2.765562    -0.8829   2.765853    7.83108     0.1188    13.8155 0.0000e+00  -61.72200  -57.64850 1152495965 191.073689    34.1434      30475         23  0.000e+00
      9.978    -0.8830   2.765582    -0.8826   2.765824    7.83104     0.1295    13.8155 0.0000e+00  -61.72200  -57.64850 1152495965 191.073690    34.1435      30476         23  0.000e+00
      9.930    -0.8827   2.765602    -0.8824   2.765847    7.83093     0.1188    13.8155 0.0000e+00  -61.72200  -57.64850 1152495965 191.073690    34.1434      30477         23  0.000e+00
      9.978    -0.8830   2.765595    -0.8829   2.765836    7.83103     0.1403    13.8155 0.0000e+00  -61.72200  -57.64850 1152495965 191.073691    34.1436      30478         23  0.000e+00
     10.007    -0.8833   2.765585    -0.8827   2.765818    7.83112     0.1510    13.8155 0.0000e+00  -61.72200  -57.64850 1152495965 191.073691    34.1439      30479         23  0.000e+00
      9.978    -0.8827   2.765566    -0.8826   2.765847    7.83101     0.1403    13.8155 0.0000e+00  -61.72200  -57.64850 1152495965 191.073692    34.1429      30480         23  0.000e+00
      9.978    -0.8830   2.765599    -0.8828   2.765824    7.83103     0.1295    13.8155 0.0000e+00  -61.72200  -57.64850 1152495966 191.073694    34.1437      30484         24  0.000e+00
     10.007    -0.8833   2.765622    -0.8826   2.765830    7.83109     0.1833    13.8155 0.0000e+00  -61.72200  -57.64850 1152495966 191.073694    34.1443      30485         24  0.000e+00
      9.978    -0.8830   2.765582    -0.8831   2.765842    7.83104     0.1618    13.8155 0.0000e+00  -61.72200  -57.64850 1152495966 191.073695    34.1435      30486         24  0.000e+00
     10.121    -0.8835   2.765562    -0.8828   2.765830    7.83129     0.1295    13.8155 0.0000e+00  -61.72200  -57.64850 1152495966 191.073695    34.1437      30487         24  0.000e+00
     10.007    -0.8832   2.765566    -0.8831   2.765842    7.83111     0.0972    13.8155 0.0000e+00  -61.72200  -57.64850 1152495966 191.073696    34.1434      30488         24  0.000e+00
     10.045    -0.8827   2.765599    -0.8833   2.765853    7.83106     0.0972    13.8155 0.0000e+00  -61.72200  -57.64850 1152495966 191.073696    34.1433      30489         24  0.000e+00
     10.073    -0.8832   2.765612    -0.8829   2.765836    7.83115     0.1188    13.8155 0.0000e+00  -61.72200  -57.64850 1152495966 191.073696    34.1440      30490         24  0.000e+00
     10.121    -0.8827   2.765625    -0.8826   2.765859    7.83112     0.1295    13.8155 0.0000e+00  -61.72200  -57.64850 1152495966 191.073697    34.1436      30491         24  0.000e+00
     10.045    -0.8833   2.765595    -0.8836   2.765836    7.83115     0.1510    13.8155 0.0000e+00  -61.72200  -57.64850 1152495966 191.073697    34.1440      30492         24  0.000e+00
     10.073    -0.8833   2.765572    -0.8834   2.765818    7.83120     0.1726    13.8155 0.0000e+00  -61.72200  -57.64850 1152495966 191.073698    34.1436      30493         24  0.000e+00
     10.121    -0.8832   2.765599    -0.8832   2.765824    7.83122     0.1080    13.8155 0.0000e+00  -61.72200  -57.64850 1152495966 191.073698    34.1438      30494         24  0.000e+00
     10.045    -0.8828   2.765612    -0.8830   2.765859    7.83107     0.1295    13.8155 0.0000e+00  -61.72200  -57.64850 1152495966 191.073699    34.1437      30495         24  0.000e+00
     10.140    -0.8832   2.765608    -0.8828   2.765836    7.83122     0.1403    13.8155 0.0000e+00  -61.72200  -57.64850 1152495966 191.073699    34.1439      30496         24  0.000e+00
     10.121    -0.8832   2.765608    -0.8830   2.765847    7.83120     0.1510    13.8155 0.0000e+00  -61.72200  -57.64850 1152495966 191.073700    34.1439      30497         24  0.000e+00
     10.121    -0.8832   2.765595    -0.8829   2.765847    7.83122     0.1403    13.8155 0.0000e+00  -61.72200  -57.64850 1152495966 191.073700    34.1438      30498         24  0.000e+00
     10.140    -0.8830   2.765602    -0.8831   2.765853    7.83120     0.1080    13.8155 0.0000e+00  -61.72200  -57.64850 1152495966 191.073701    34.1436      30499         24  0.000e+00
     10.121    -0.8827   2.765595    -0.8828   2.765807    7.83114     0.1080    13.8155 0.0000e+00  -61.72200  -57.64850 1152495966 191.073701    34.1432      30500         24  0.000e+00
     10.217    -0.8835   2.765602    -0.8828   2.765818    7.83136     0.1188    13.8155 0.0000e+00  -61.72200  -57.64850 1152495966 191.073702    34.1441      30501         24  0.000e+00
     10.121    -0.8832   2.765595    -0.8831   2.765842    7.83121     0.1188    13.8155 0.0000e+00  -61.72200  -57.64850 1152495966 191.073702    34.1437      30502         24  0.000e+00
     10.188    -0.8835   2.765602    -0.8829   2.765830    7.83133     0.1510    13.8155 0.0000e+00  -61.72200  -57.64850 1152495966 191.073703    34.1442      30503         24  0.000e+00
     10.140    -0.8835   2.765589    -0.8828   2.765830    7.83129     0.1618    13.8155 0.0000e+00  -61.72200  -57.64850 1152495966 191.073703    34.1440      30504         24  0.000e+00
     10.188    -0.8833   2.765589    -0.8827   2.765859    7.83132     0.1618    13.8155 0.0000e+00  -61.72200  -57.64850 1152495967 191.073704    34.1438      30505         24  0.000e+00
     10.255    -0.8830   2.765585    -0.8831   2.765859    7.83134     0.1618    13.8155 0.0000e+00  -61.72200  -57.64850 1152495967 191.073704    34.1433      30506         24  0.000e+00
     10.217    -0.8828   2.765589    -0.8830   2.765847    7.83127     0.1403    13.8155 0.0000e+00  -61.72200  -57.64850 1152495967 191.073705    34.1432      30507         24  0.000e+00
     10.188    -0.8826   2.765585    -0.8828   2.765853    7.83120     0.0865    13.8155 0.0000e+00  -61.72200  -57.64850 1152495967 191.073705    34.1429      30508         24  0.000e+00
     10.283    -0.8836   2.765585    -0.8825   2.765836    7.82679     0.1188    13.8155 0.0000e+00  -61.72200  -57.64850 1152495967 191.073706    34.1440      30509         24  0.000e+00
     10.255    -0.8828   2.765605    -0.8827   2.765842    7.83130     0.1295    13.8155 0.0000e+00  -61.72200  -57.64850 1152495967 191.073706    34.1434      30510         24  0.000e+00
     10.255    -0.8833   2.765576    -0.8828   2.765853    7.83140     0.1188    13.8155 0.0000e+00  -61.72200  -57.64850 1152495967 191.073707    34.1436      30511         24  0.000e+00
     10.217    -0.8832   2.765602    -0.8828   2.765847    7.83132     0.1080    13.8155 0.0000e+00  -61.72200  -57.64850 1152495967 191.073707    34.1438      30512         24  0.000e+00
     10.255    -0.8832   2.765592    -0.8827   2.765853    7.83136     0.0865    13.8155 0.0000e+00  -61.72200  -57.64850 1152495967 191.073708    34.1436      30513         24  0.000e+00
     10.331    -0.8833   2.765572    -0.8831   2.765824    7.83148     0.1188    13.8155 0.0000e+00  -61.72200  -57.64850 1152495967 191.073708    34.1435      30514         24  0.000e+00
     10.284    -0.8830   2.765612    -0.8827   2.765847    7.83135     0.1510    13.8155 0.0000e+00  -61.72200  -57.64850 1152495967 191.073709    34.1437      30515         24  0.000e+00
     10.331    -0.8829   2.765612    -0.8826   2.765859    7.83139     0.1295    13.8155 0.0000e+00  -61.72200  -57.64850 1152495967 191.073709    34.1435      30516         24  0.000e+00
     10.255    -0.8835   2.765628    -0.8825   2.765847    7.83138     0.1403    13.8155 0.0000e+00  -61.72200  -57.64850 1152495967 191.073709    34.1445      30517         24  0.000e+00
     10.074    -0.8830   2.765562    -0.8827   2.765830    7.83116     0.1510    13.8155 0.0000e+00  -61.72200  -57.64850 1152495967 191.073710    34.1431      30518         24  0.000e+00
     10.398    -0.8833   2.765595    -0.8831   2.765859    7.83154     0.1618    13.8155 0.0000e+00  -61.72200  -57.64850 1152495967 191.073710    34.1438      30519         24  0.000e+00
     10.493    -0.8830   2.765609    -0.8827   2.765836    7.82690     0.1403    13.8155 0.0000e+00  -61.72200  -57.64850 1152495967 191.073711    34.1435      30520         24  0.000e+00
     10.331    -0.8838   2.765609    -0.8828   2.765830    7.83153     0.1618    13.8155 0.0000e+00  -61.72200  -57.64850 1152495967 191.073711    34.1445      30521         24  0.000e+00
     10.398    -0.8833   2.765595    -0.8826   2.765859    7.83154     0.1618    13.8155 0.0000e+00  -61.72200  -57.64850 1152495967 191.073712    34.1437      30522         24  0.000e+00
     10.350    -0.8837   2.765602    -0.8828   2.765859    7.82685     0.1726    13.8155 0.0000e+00  -61.72200  -57.64850 1152495967 191.073712    34.1443      30523         24  0.000e+00
     10.331    -0.8832   2.765579    -0.8828   2.765824    7.83145     0.1618    13.8155 0.0000e+00  -61.72200  -57.64850 1152495967 191.073713    34.1434      30524         24  0.000e+00
     10.398    -0.8832   2.765599    -0.8827   2.765865    7.82683     0.1510    13.8155 0.0000e+00  -61.72200  -57.64850 1152495967 191.073713    34.1436      30525         24  0.000e+00
     10.351    -0.8833   2.765579    -0.8832   2.765894    7.83150     0.1833    13.8155 0.0000e+00  -61.72200  -57.64850 1152495967 191.073714    34.1436      30526         24  0.000e+00
     10.398    -0.8836   2.765599    -0.8829   2.765882    7.83158     0.1726    13.8155 0.0000e+00  -61.72200  -57.64850 1152495967 191.073714    34.1441      30527         24  0.000e+00
     10.427    -0.8828   2.765622    -0.8827   2.765842    7.83148     0.1833    13.8155 0.0000e+00  -61.72200  -57.64850 1152495967 191.073715    34.1436      30528         24  0.000e+00
     10.398    -0.8833   2.765599    -0.8829   2.765842    7.83154     0.1726    13.8155 0.0000e+00  -61.72200  -57.64850 1152495968 191.073715    34.1438      30529         24  0.000e+00
     10.398    -0.8833   2.765602    -0.8826   2.765853    7.83154     0.1403    13.8155 0.0000e+00  -61.72200  -57.64850 1152495968 191.073716    34.1439      30530         24  0.000e+00
     10.351    -0.8825   2.765579    -0.8824   2.765888    7.83138     0.1295    13.8155 0.0000e+00  -61.72200  -57.64850 1152495968 191.073716    34.1427      30531         24  0.000e+00
     10.465    -0.8835   2.765579    -0.8828   2.765847    7.83165     0.1188    13.8155 0.0000e+00  -61.72200  -57.64850 1152495968 191.073717    34.1437      30532         24  0.000e+00
