product_data/regression_test/downloaded_data/MDGS/320620060703/ctd/p6609311.ros
* Sea-Bird SBE 9 Data File:
* FileName = D:\Data\Raw\p6609311.dat
* Software Version Seasave Win32 V 5.32
* Temperature SN = 1649
* Conductivity SN = 1431
* Number of Bytes Per Scan = 37
* Number of Voltage Words = 5
* Number of Scans Averaged by the Deck Unit = 1
* NMEA Latitude = 61 07.50 S
* NMEA Longitude = 058 05.61 W
* NMEA UTC (Time) = 11:04:14
** Ship:   Nathaniel B. Palmer nbp
** Cruise:    NBP0606 nbp0606
# nquan = 17
# nvalues = 1176                    
# units = specified
# name 0 = prDM: Pressure, Digiquartz [db]
# name 1 = t090C: Temperature [ITS-90, deg C]
# name 2 = c0S/m: Conductivity [S/m]
# name 3 = t190C: Temperature, 2 [ITS-90, deg C]
# name 4 = c1S/m: Conductivity, 2 [S/m]
# name 5 = sbeox0ML/L: Oxygen, SBE 43 [ml/l]
# name 6 = flECO-AFL: Fluorescence, Wetlab ECO-AFL/FL [mg/m^3]
# name 7 = bat: Beam Attenuation, Chelsea/Seatech/Wetlab CStar [1/m]
# name 8 = spar: SPAR/Surface Irradiance
# name 9 = latitude: Latitude [deg]
# name 10 = longitude: Longitude [deg]
# name 11 = timeY: Time, System [seconds]
# name 12 = timeJ: Julian Days
# name 13 = sal00: Salinity [PSU]
# name 14 = scan: scan number
# name 15 = nbf: number of bottles fired
# name 16 = flag:  0.000e+00
# interval = seconds: 0.0416667                   
# start_time = Jul 11 2006 11:04:21
*END*
[from data line 86]
   2999.876     0.5013   3.049442     0.5015   3.049692    1.52751    -0.0964    13.8155 0.0000e+00  -61.12500  -58.09350 1152619890 192.508001    34.6992      96727          2  0.000e+00
   2999.886     0.5008   3.049442     0.5016   3.049692    1.52754    -0.0749    13.8155 0.0000e+00  -61.12500  -58.09350 1152619890 192.508001    34.6997      96728          2  0.000e+00
   2999.876     0.5013   3.049459     0.5016   3.049698    1.52751    -0.0534    13.8155 0.0000e+00  -61.12500  -58.09350 1152619890 192.508002    34.6994      96729          2  0.000e+00
   2999.876     0.5012   3.049466     0.5012   3.049716    1.52751    -0.1072    13.8155 0.0000e+00  -61.12500  -58.09350 1152619890 192.508002    34.6995      96730          2  0.000e+00
   2999.955     0.5013   3.049466     0.5013   3.049704    1.52753    -0.1072    13.8155 0.0000e+00  -61.12500  -58.09350 1152619890 192.508003    34.6994      96731          2  0.000e+00
   2999.945     0.5013   3.049445     0.5019   3.049698    1.52753    -0.1287    13.8155 0.0000e+00  -61.12500  -58.09350 1152619890 192.508003    34.6992      96732          2  0.000e+00
   2999.945     0.5011   3.049459     0.5012   3.049692    1.52754    -0.1180    13.8155 0.0000e+00  -61.12500  -58.09350 1152619890 192.508003    34.6996      96733          2  0.000e+00
   2999.955     0.5013   3.049466     0.5016   3.049716    1.52753    -0.0964    13.8155 0.0000e+00  -61.12500  -58.09350 1152619890 192.508004    34.6994      96734          2  0.000e+00
   3000.025     0.5011   3.049445     0.5015   3.049698    1.52755    -0.1395    13.8155 0.0000e+00  -61.12500  -58.09350 1152619890 192.508004    34.6993      96735          2  0.000e+00
   3000.025     0.5011   3.049442     0.5018   3.049716    1.52756    -0.1395    13.8155 0.0000e+00  -61.12500  -58.09350 1152619890 192.508005    34.6993      96736          2  0.000e+00
   3000.035     0.5011   3.049442     0.5013   3.049704    1.52756    -0.0642    13.8155 0.0000e+00  -61.12500  -58.09350 1152619890 192.508005    34.6993      96737          2  0.000e+00
   3000.104     0.5010   3.049459     0.5013   3.049716    1.52758    -0.0642    13.8155 0.0000e+00  -61.12500  -58.09350 1152619890 192.508006    34.6996      96738          2  0.000e+00
   3001.914     0.5014   3.049484     0.5012   3.049740    1.52793    -0.1395    13.8155 0.0000e+00  -61.12500  -58.09350 1152619895 192.508064    34.6986      96858          3  0.000e+00
   3001.924     0.5013   3.049508     0.5015   3.049746    1.52794    -0.1180    13.8155 0.0000e+00  -61.12500  -58.09350 1152619895 192.508064    34.6990      96859          3  0.000e+00
   3001.845     0.5009   3.049494     0.5012   3.049728    1.52794    -0.1395    13.8155 0.0000e+00  -61.12500  -58.09350 1152619895 192.508065    34.6993      96860          3  0.000e+00
   3001.845     0.5010   3.049525     0.5018   3.049728    1.52794    -0.1072    13.8155 0.0000e+00  -61.12500  -58.09350 1152619895 192.508065    34.6996      96861          3  0.000e+00
   3001.845     0.5011   3.049501     0.5016   3.049698    1.52793    -0.0749    13.8155 0.0000e+00  -61.12500  -58.09350 1152619895 192.508066    34.6991      96862          3  0.000e+00
   3001.696     0.5009   3.049470     0.5016   3.049734    1.52791    -0.0964    13.8155 0.0000e+00  -61.12500  -58.09350 1152619895 192.508066    34.6990      96863          3  0.000e+00
   3001.915     0.5011   3.049484     0.5018   3.049746    1.52795    -0.1072    13.8155 0.0000e+00  -61.12500  -58.09350 1152619895 192.508067    34.6989      96864          3  0.000e+00
   3001.775     0.5016   3.049491     0.5016   3.049728    1.52789    -0.0857    13.8155 0.0000e+00  -61.12500  -58.09350 1152619895 192.508067    34.6985      96865          3  0.000e+00
   3001.696     0.5012   3.049525     0.5021   3.049728    1.52789    -0.0642    13.8155 0.0000e+00  -61.12500  -58.09350 1152619895 192.508068    34.6994      96866          3  0.000e+00
   3001.696     0.5019   3.049501     0.5015   3.049764    1.52786    -0.1502    13.8155 0.0000e+00  -61.12500  -58.09350 1152619895 192.508068    34.6984      96867          3  0.000e+00
   3001.696     0.5017   3.049525     0.5016   3.049758    1.52786    -0.1395    13.8155 0.0000e+00  -61.12500  -58.09350 1152619896 192.508069    34.6989      96868          3  0.000e+00
   3001.616     0.5014   3.049518     0.5012   3.049770    1.52786    -0.0964    13.8155 0.0000e+00  -61.12500  -58.09350 1152619896 192.508069    34.6992      96869          3  0.000e+00
   3001.696     0.5011   3.049494     0.5015   3.049740    1.52790    -0.0749    13.8155 0.0000e+00  -61.12500  -58.09350 1152619896 192.508070    34.6991      96870          3  0.000e+00
   3001.547     0.5017   3.049490     0.5019   3.049746    1.52784    -0.1287    13.8155 0.0000e+00  -61.12500  -58.09350 1152619896 192.508070    34.6985      96871          3  0.000e+00
   3001.616     0.5014   3.049508     0.5015   3.049746    1.52786    -0.1502    13.8155 0.0000e+00  -61.12500  -58.09350 1152619896 192.508071    34.6990      96872          3  0.000e+00
   3001.537     0.5014   3.049460     0.5013   3.049710    1.52785    -0.1180    13.8155 0.0000e+00  -61.12500  -58.09350 1152619896 192.508071    34.6984      96873          3  0.000e+00
   3001.547     0.5017   3.049477     0.5018   3.049734    1.52784    -0.0964    13.8155 0.0000e+00  -61.12500  -58.09350 1152619896 192.508071    34.6983      96874          3  0.000e+00
   3001.467     0.5010   3.049490     0.5019   3.049746    1.52786    -0.1072    13.8155 0.0000e+00  -61.12500  -58.09350 1152619896 192.508072    34.6993      96875          3  0.000e+00
   3001.467     0.5016   3.049490     0.5021   3.049752    1.52783    -0.1395    13.8155 0.0000e+00  -61.12500  -58.09350 1152619896 192.508072    34.6987      96876          3  0.000e+00
   3001.398     0.5014   3.049508     0.5021   3.049746    1.52782    -0.1610    13.8155 0.0000e+00  -61.12500  -58.09350 1152619896 192.508073    34.6991      96877          3  0.000e+00
   3001.467     0.5013   3.049494     0.5019   3.049746    1.52784    -0.1395    13.8155 0.0000e+00  -61.12500  -58.09350 1152619896 192.508073    34.6991      96878          3  0.000e+00
   3001.308     0.5015   3.049508     0.5022   3.049752    1.52779    -0.1287    13.8155 0.0000e+00  -61.12500  -58.09350 1152619896 192.508074    34.6990      96879          3  0.000e+00
   3001.398     0.5016   3.049514     0.5016   3.049770    1.52781    -0.1395    13.8155 0.0000e+00  -61.12500  -58.09350 1152619896 192.508074    34.6990      96880          3  0.000e+00
   3001.308     0.5016   3.049494     0.5019   3.049758    1.52779    -0.0964    13.8155 0.0000e+00  -61.12500  -58.09350 1152619896 192.508075    34.6988      96881          3  0.000e+00
   3001.318     0.5012   3.049470     0.5013   3.049746    1.52782    -0.0749    13.8155 0.0000e+00  -61.12500  -58.09350 1152619896 192.508075    34.6989      96882          3  0.000e+00
   3001.239     0.5017   3.049484     0.5019   3.049770    1.52777    -0.0964    13.8155 0.0000e+00  -61.12500  -58.09350 1152619896 192.508076    34.6985      96883          3  0.000e+00
   3001.239     0.5014   3.049490     0.5018   3.049758    1.52779    -0.1072    13.8155 0.0000e+00  -61.12500  -58.09350 1152619896 192.508076    34.6990      96884          3  0.000e+00
   3001.249     0.5015   3.049525     0.5021   3.049746    1.52778    -0.1072    13.8155 0.0000e+00  -61.12500  -58.09350 1152619896 192.508077    34.6993      96885          3  0.000e+00
   3001.159     0.5016   3.049501     0.5018   3.049746    1.52776    -0.1180    13.8155 0.0000e+00  -61.12500  -58.09350 1152619896 192.508077    34.6990      96886          3  0.000e+00
   3001.159     0.5017   3.049470     0.5019   3.049746    1.52776    -0.1180    13.8155 0.0000e+00  -61.12500  -58.09350 1152619896 192.508078    34.6984      96887          3  0.000e+00
   3001.090     0.5011   3.049501     0.5021   3.049728    1.52777    -0.1395    13.8155 0.0000e+00  -61.12500  -58.09350 1152619896 192.508078    34.6995      96888          3  0.000e+00
   3001.159     0.5017   3.049514     0.5019   3.049728    1.52775    -0.1180    13.8155 0.0000e+00  -61.12500  -58.09350 1152619896 192.508079    34.6990      96889          3  0.000e+00
   3001.010     0.5018   3.049494     0.5019   3.049722    1.52772    -0.1287    13.8155 0.0000e+00  -61.12500  -58.09350 1152619896 192.508079    34.6987      96890          3  0.000e+00
   3001.090     0.5016   3.049525     0.5019   3.049722    1.52774    -0.1287    13.8155 0.0000e+00  -61.12500  -58.09350 1152619897 192.508080    34.6993      96891          3  0.000e+00
   3001.010     0.5014   3.049501     0.5019   3.049740    1.52774    -0.1072    13.8155 0.0000e+00  -61.12500  -58.09350 1152619897 192.508080    34.6992      96892          3  0.000e+00
   3001.010     0.5011   3.049490     0.5016   3.049746    1.52776    -0.0857    13.8155 0.0000e+00  -61.12500  -58.09350 1152619897 192.508081    34.6994      96893          3  0.000e+00
   3000.941     0.5016   3.049490     0.5021   3.049734    1.52772    -0.0964    13.8155 0.0000e+00  -61.12500  -58.09350 1152619897 192.508081    34.6989      96894          3  0.000e+00
   3000.931     0.5016   3.049490     0.5016   3.049722    1.52771    -0.1287    13.8155 0.0000e+00  -61.12500  -58.09350 1152619897 192.508082    34.6989      96895          3  0.000e+00
   3000.931     0.5018   3.049490     0.5016   3.049740    1.52770    -0.1287    13.8155 0.0000e+00  -61.12500  -58.09350 1152619897 192.508082    34.6987      96896          3  0.000e+00
   3000.871     0.5017   3.049470     0.5018   3.049746    1.52770    -0.1502    13.8155 0.0000e+00  -61.12500  -58.09350 1152619897 192.508083    34.6985      96897          3  0.000e+00
   3000.861     0.5016   3.049501     0.5019   3.049728    1.52770    -0.1180    13.8155 0.0000e+00  -61.12500  -58.09350 1152619897 192.508083    34.6991      96898          3  0.000e+00
   3000.861     0.5017   3.049477     0.5018   3.049746    1.52769    -0.0857    13.8155 0.0000e+00  -61.12500  -58.09350 1152619897 192.508084    34.6987      96899          3  0.000e+00
   3000.791     0.5013   3.049466     0.5016   3.049746    1.52770    -0.1180    13.8155 0.0000e+00  -61.12500  -58.09350 1152619897 192.508084    34.6990      96900          3  0.000e+00
   3000.782     0.5014   3.049483     0.5016   3.049728    1.52769    -0.0749    13.8155 0.0000e+00  -61.12500  -58.09350 1152619897 192.508084    34.6991      96901          3  0.000e+00
   3000.712     0.5019   3.049470     0.5022   3.049740    1.52765    -0.0857    13.8155 0.0000e+00  -61.12500  -58.09350 1152619897 192.508085    34.6984      96902          3  0.000e+00
   3000.791     0.5014   3.049483     0.5023   3.049710    1.52769    -0.0964    13.8155 0.0000e+00  -61.12500  -58.09350 1152619897 192.508085    34.6991      96903          3  0.000e+00
   3000.712     0.5015   3.049470     0.5016   3.049716    1.52767    -0.1072    13.8155 0.0000e+00  -61.12500  -58.09350 1152619897 192.508086    34.6988      96904          3  0.000e+00
   3000.632     0.5011   3.049446     0.5019   3.049722    1.52768    -0.1180    13.8155 0.0000e+00  -61.12500  -58.09350 1152619897 192.508086    34.6990      96905          3  0.000e+00
   3000.712     0.5010   3.049476     0.5016   3.049722    1.52770    -0.1180    13.8155 0.0000e+00  -61.12500  -58.09350 1152619897 192.508087    34.6995      96906          3  0.000e+00
   3002.144     0.5010   3.049477     0.5015   3.049704    1.52800    -0.0857    13.8155 0.0000e+00  -61.12500  -58.09350 1152619902 192.508144    34.6989      97025          4  0.000e+00
   3002.074     0.5011   3.049491     0.5010   3.049716    1.52798    -0.0857    13.8155 0.0000e+00  -61.12500  -58.09350 1152619902 192.508145    34.6989      97026          4  0.000e+00
   3002.074     0.5008   3.049453     0.5012   3.049698    1.52800    -0.1180    13.8155 0.0000e+00  -61.12500  -58.09350 1152619902 192.508145    34.6988      97027          4  0.000e+00
   3002.005     0.5008   3.049422     0.5010   3.049716    1.52799    -0.0857    13.8155 0.0000e+00  -61.12500  -58.09350 1152619902 192.508146    34.6984      97028          4  0.000e+00
   3002.144     0.5006   3.049419     0.5010   3.049722    1.52803    -0.1072    13.8155 0.0000e+00  -61.12500  -58.09350 1152619902 192.508146    34.6985      97029          4  0.000e+00
   3002.074     0.5007   3.049453     0.5010   3.049722    1.52801    -0.1180    13.8155 0.0000e+00  -61.12500  -58.09350 1152619902 192.508147    34.6989      97030          4  0.000e+00
   3002.074     0.5006   3.049467     0.5012   3.049704    1.52801    -0.0749    13.8155 0.0000e+00  -61.12500  -58.09350 1152619902 192.508147    34.6992      97031          4  0.000e+00
   3002.144     0.5011   3.049446     0.5007   3.049692    1.52800    -0.1072    13.8155 0.0000e+00  -61.12500  -58.09350 1152619902 192.508148    34.6983      97032          4  0.000e+00
   3002.074     0.5003   3.049443     0.5007   3.049716    1.52803    -0.1502    13.8155 0.0000e+00  -61.12500  -58.09350 1152619902 192.508148    34.6991      97033          4  0.000e+00
   3002.074     0.5005   3.049422     0.5010   3.049698    1.52802    -0.1395    13.8155 0.0000e+00  -61.12500  -58.09350 1152619902 192.508149    34.6987      97034          4  0.000e+00
   3002.144     0.5002   3.049436     0.5012   3.049716    1.52805    -0.0857    13.8155 0.0000e+00  -61.12500  -58.09350 1152619902 192.508149    34.6992      97035          4  0.000e+00
   3002.074     0.5005   3.049460     0.5007   3.049704    1.52802    -0.1180    13.8155 0.0000e+00  -61.12500  -58.09350 1152619903 192.508150    34.6992      97036          4  0.000e+00
   3002.074     0.5005   3.049446     0.5005   3.049692    1.52802    -0.0964    13.8155 0.0000e+00  -61.12500  -58.09350 1152619903 192.508150    34.6990      97037          4  0.000e+00
   3002.144     0.5008   3.049443     0.5007   3.049692    1.52802    -0.1072    13.8155 0.0000e+00  -61.12500  -58.09350 1152619903 192.508151    34.6986      97038          4  0.000e+00
   3002.074     0.5001   3.049460     0.5013   3.049716    1.52804    -0.1287    13.8155 0.0000e+00  -61.12500  -58.09350 1152619903 192.508151    34.6996      97039          4  0.000e+00
   3002.074     0.5005   3.049446     0.5009   3.049704    1.52802    -0.1395    13.8155 0.0000e+00  -61.12500  -58.09350 1152619903 192.508152    34.6990      97040          4  0.000e+00
   3002.144     0.5005   3.049443     0.5013   3.049734    1.52804    -0.1072    13.8155 0.0000e+00  -61.12500  -58.09350 1152619903 192.508152    34.6989      97041          4  0.000e+00
   3002.074     0.5003   3.049460     0.5013   3.049704    1.52803    -0.1072    13.8155 0.0000e+00  -61.12500  -58.09350 1152619903 192.508152    34.6994      97042          4  0.000e+00
   3002.074     0.5003   3.049429     0.5015   3.049716    1.52803    -0.0642    13.8155 0.0000e+00  -61.12500  -58.09350 1152619903 192.508153    34.6990      97043          4  0.000e+00
   3002.074     0.5007   3.049453     0.5018   3.049740    1.52801    -0.0857    13.8155 0.0000e+00  -61.12500  -58.09350 1152619903 192.508153    34.6989      97044          4  0.000e+00
   3002.074     0.5003   3.049484     0.5015   3.049728    1.52803    -0.1072    13.8155 0.0000e+00  -61.12500  -58.09350 1152619903 192.508154    34.6997      97045          4  0.000e+00
   3002.074     0.5007   3.049470     0.5010   3.049680    1.52801    -0.1180    13.8155 0.0000e+00  -61.12500  -58.09350 1152619903 192.508154    34.6991      97046          4  0.000e+00
   3002.074     0.5005   3.049467     0.5013   3.049746    1.52802    -0.0857    13.8155 0.0000e+00  -61.12500  -58.09350 1152619903 192.508155    34.6993      97047          4  0.000e+00
