product_data/regression_test/downloaded_data/MDGS/320620060703/ctd/p6609306.ros
* Sea-Bird SBE 9 Data File:
* FileName = D:\Data\Raw\p6609306.dat
* Software Version Seasave Win32 V 5.32
* Temperature SN = 1649
* Conductivity SN = 1431
* Number of Bytes Per Scan = 37
* Number of Voltage Words = 5
* Number of Scans Averaged by the Deck Unit = 1
* NMEA Latitude = 61 07.50 S
* NMEA Longitude = 058 05.51 W
* NMEA UTC (Time) = 04:04:44
** Ship:   Nathaniel B. Palmer nbp
** Cruise:    NBP0606 nbp0606
# nquan = 17
# nvalues = 1176                    
# units = specified
# name 0 = prDM: Pressure, Digiquartz [db]
# name 1 = t090C: Temperature [ITS-90, deg C]
# name 2 = c0S/m: Conductivity [S/m]
# name 3 = t190C: Temperature, 2 [ITS-90, deg C]
# name 4 = c1S/m: Conductivity, 2 [S/m]
# name 5 = sbeox0ML/L: Oxygen, SBE 43 [ml/l]
# name 6 = flECO-AFL: Fluorescence, Wetlab ECO-AFL/FL [mg/m^3]
# name 7 = bat: Beam Attenuation, Chelsea/Seatech/Wetlab CStar [1/m]
# name 8 = spar: SPAR/Surface Irradiance
# name 9 = latitude: Latitude [deg]
# name 10 = longitude: Longitude [deg]
# name 11 = timeY: Time, System [seconds]
# name 12 = timeJ: Julian Days
# name 13 = sal00: Salinity [PSU]
# name 14 = scan: scan number
# name 15 = nbf: number of bottles fired
# name 16 = flag:  0.000e+00
# interval = seconds: 0.0416667                   
# start_time = Jul 11 2006 04:04:51
*END*
[from data line 681]
    500.308     1.8760   3.066641     1.8768   3.066886    4.50179    -0.0319    13.8155 0.0000e+00  -61.12500  -58.09183 1152591576 192.180292    34.7111      21270         14  0.000e+00
    500.308     1.8761   3.066624     1.8766   3.066917    4.50644    -0.0642    13.8155 0.0000e+00  -61.12500  -58.09183 1152591576 192.180292    34.7107      21271         14  0.000e+00
    500.279     1.8760   3.066607     1.8762   3.066910    4.50644    -0.0857    13.8155 0.0000e+00  -61.12500  -58.09183 1152591576 192.180293    34.7106      21272         14  0.000e+00
    500.241     1.8760   3.066610     1.8764   3.066904    4.50642    -0.0319    13.8155 0.0000e+00  -61.12500  -58.09183 1152591576 192.180293    34.7107      21273         14  0.000e+00
    500.308     1.8761   3.066576     1.8766   3.066904    4.50646    -0.0211    13.8155 0.0000e+00  -61.12500  -58.09183 1152591576 192.180294    34.7101      21274         14  0.000e+00
    500.664     1.8750   3.066572     1.8773   3.066935    4.50213    -0.0749    13.8155 0.0000e+00  -61.12500  -58.09183 1152591581 192.180346    34.7110      21383         15  0.000e+00
    500.779     1.8750   3.066569     1.8768   3.066935    4.50686    -0.0534    13.8155 0.0000e+00  -61.12500  -58.09183 1152591581 192.180347    34.7109      21384         15  0.000e+00
    500.731     1.8754   3.066583     1.8766   3.066971    4.50213    -0.0642    13.8155 0.0000e+00  -61.12500  -58.09183 1152591581 192.180347    34.7108      21385         15  0.000e+00
    500.731     1.8754   3.066624     1.8766   3.066923    4.50677    -0.0534    13.8155 0.0000e+00  -61.12500  -58.09183 1152591581 192.180348    34.7113      21386         15  0.000e+00
    500.856     1.8760   3.066617     1.8769   3.066965    4.50214    -0.0857    13.8155 0.0000e+00  -61.12500  -58.09183 1152591581 192.180348    34.7105      21387         15  0.000e+00
    500.875     1.8757   3.066614     1.8764   3.066947    4.50684    -0.0964    13.8155 0.0000e+00  -61.12500  -58.09183 1152591581 192.180349    34.7107      21388         15  0.000e+00
    500.875     1.8755   3.066631     1.8767   3.066953    4.50219    -0.0749    13.8155 0.0000e+00  -61.12500  -58.09183 1152591581 192.180349    34.7111      21389         15  0.000e+00
    500.923     1.8758   3.066672     1.8769   3.066965    4.50218    -0.0642    13.8155 0.0000e+00  -61.12500  -58.09183 1152591581 192.180350    34.7113      21390         15  0.000e+00
    500.952     1.8760   3.066679     1.8769   3.066965    4.50218    -0.0426    13.8155 0.0000e+00  -61.12500  -58.09183 1152591581 192.180350    34.7112      21391         15  0.000e+00
    501.019     1.8763   3.066648     1.8772   3.066941    4.50220    -0.0642    13.8155 0.0000e+00  -61.12500  -58.09183 1152591581 192.180351    34.7104      21392         15  0.000e+00
    501.019     1.8758   3.066672     1.8772   3.066935    4.50224    -0.0534    13.8155 0.0000e+00  -61.12500  -58.09183 1152591581 192.180351    34.7112      21393         15  0.000e+00
    501.067     1.8760   3.066665     1.8764   3.066935    4.50226    -0.1072    13.8155 0.0000e+00  -61.12500  -58.09183 1152591581 192.180352    34.7109      21394         15  0.000e+00
    501.086     1.8761   3.066679     1.8767   3.066953    4.50225    -0.0964    13.8155 0.0000e+00  -61.12500  -58.09183 1152591581 192.180352    34.7109      21395         15  0.000e+00
    501.163     1.8758   3.066665     1.8764   3.066941    4.50233    -0.0749    13.8155 0.0000e+00  -61.12500  -58.09183 1152591581 192.180353    34.7110      21396         15  0.000e+00
    501.134     1.8757   3.066679     1.8764   3.066935    4.50232    -0.0534    13.8155 0.0000e+00  -61.12500  -58.09183 1152591581 192.180353    34.7114      21397         15  0.000e+00
    501.230     1.8761   3.066648     1.8761   3.066911    4.50235    -0.0534    13.8155 0.0000e+00  -61.12500  -58.09183 1152591581 192.180353    34.7105      21398         15  0.000e+00
    501.230     1.8758   3.066648     1.8762   3.066923    4.50238    -0.0211    13.8155 0.0000e+00  -61.12500  -58.09183 1152591581 192.180354    34.7108      21399         15  0.000e+00
    501.307     1.8757   3.066697     1.8762   3.066911    4.50242    -0.0642    13.8155 0.0000e+00  -61.12500  -58.09183 1152591581 192.180354    34.7115      21400         15  0.000e+00
    501.278     1.8760   3.066672     1.8769   3.066947    4.50238    -0.0857    13.8155 0.0000e+00  -61.12500  -58.09183 1152591581 192.180355    34.7109      21401         15  0.000e+00
    501.374     1.8758   3.066662     1.8766   3.066965    4.50246    -0.0749    13.8155 0.0000e+00  -61.12500  -58.09183 1152591581 192.180355    34.7109      21402         15  0.000e+00
    501.374     1.8757   3.066679     1.8764   3.066965    4.50247    -0.0642    13.8155 0.0000e+00  -61.12500  -58.09183 1152591581 192.180356    34.7113      21403         15  0.000e+00
    501.422     1.8758   3.066666     1.8770   3.066983    4.50249    -0.0749    13.8155 0.0000e+00  -61.12500  -58.09183 1152591581 192.180356    34.7109      21404         15  0.000e+00
    501.441     1.8758   3.066697     1.8769   3.066947    4.50249    -0.0534    13.8155 0.0000e+00  -61.12500  -58.09183 1152591581 192.180357    34.7113      21405         15  0.000e+00
    501.441     1.8761   3.066686     1.8768   3.066953    4.50247    -0.0534    13.8155 0.0000e+00  -61.12500  -58.09183 1152591581 192.180357    34.7108      21406         15  0.000e+00
    501.489     1.8758   3.066683     1.8769   3.066983    4.50253    -0.0534    13.8155 0.0000e+00  -61.12500  -58.09183 1152591582 192.180358    34.7111      21407         15  0.000e+00
    501.585     1.8760   3.066686     1.8767   3.066971    4.50257    -0.0534    13.8155 0.0000e+00  -61.12500  -58.09183 1152591582 192.180358    34.7109      21408         15  0.000e+00
    501.518     1.8758   3.066666     1.8767   3.066965    4.50255    -0.0319    13.8155 0.0000e+00  -61.12500  -58.09183 1152591582 192.180359    34.7108      21409         15  0.000e+00
    501.585     1.8757   3.066714     1.8764   3.066965    4.50259    -0.0426    13.8155 0.0000e+00  -61.12500  -58.09183 1152591582 192.180359    34.7116      21410         15  0.000e+00
    501.634     1.8758   3.066679     1.8766   3.066983    4.50262    -0.0749    13.8155 0.0000e+00  -61.12500  -58.09183 1152591582 192.180360    34.7110      21411         15  0.000e+00
    501.653     1.8766   3.066714     1.8766   3.066989    4.50254    -0.0749    13.8155 0.0000e+00  -61.12500  -58.09183 1152591582 192.180360    34.7105      21412         15  0.000e+00
    501.586     1.8760   3.066697     1.8766   3.066989    4.50256    -0.0642    13.8155 0.0000e+00  -61.12500  -58.09183 1152591582 192.180361    34.7110      21413         15  0.000e+00
    501.778     1.8761   3.066717     1.8762   3.066989    4.50266    -0.0642    13.8155 0.0000e+00  -61.12500  -58.09183 1152591582 192.180361    34.7110      21414         15  0.000e+00
    501.730     1.8758   3.066697     1.8766   3.066947    4.50267    -0.1180    13.8155 0.0000e+00  -61.12500  -58.09183 1152591582 192.180362    34.7111      21415         15  0.000e+00
    501.797     1.8760   3.066704     1.8769   3.066953    4.50269    -0.0749    13.8155 0.0000e+00  -61.12500  -58.09183 1152591582 192.180362    34.7110      21416         15  0.000e+00
    501.730     1.8761   3.066728     1.8765   3.067001    4.50263    -0.0104    13.8155 0.0000e+00  -61.12500  -58.09183 1152591582 192.180363    34.7112      21417         15  0.000e+00
    501.845     1.8765   3.066679     1.8767   3.066995    4.50269    -0.0426    13.8155 0.0000e+00  -61.12500  -58.09183 1152591582 192.180363    34.7101      21418         15  0.000e+00
    501.797     1.8758   3.066714     1.8767   3.066989    4.50271    -0.0964    13.8155 0.0000e+00  -61.12500  -58.09183 1152591582 192.180364    34.7113      21419         15  0.000e+00
    501.874     1.8765   3.066735     1.8769   3.066971    4.50269    -0.0857    13.8155 0.0000e+00  -61.12500  -58.09183 1152591582 192.180364    34.7108      21420         15  0.000e+00
    501.778     1.8763   3.066710     1.8767   3.066983    4.50265    -0.0749    13.8155 0.0000e+00  -61.12500  -58.09183 1152591582 192.180365    34.7108      21421         15  0.000e+00
    501.941     1.8761   3.066707     1.8766   3.066989    4.50277    -0.0964    13.8155 0.0000e+00  -61.12500  -58.09183 1152591582 192.180365    34.7108      21422         15  0.000e+00
    501.874     1.8763   3.066710     1.8770   3.067007    4.50271    -0.0749    13.8155 0.0000e+00  -61.12500  -58.09183 1152591582 192.180366    34.7107      21423         15  0.000e+00
    501.874     1.8755   3.066673     1.8767   3.066995    4.50280    -0.0426    13.8155 0.0000e+00  -61.12500  -58.09183 1152591582 192.180366    34.7111      21424         15  0.000e+00
    501.922     1.8758   3.066697     1.8770   3.066971    4.50279    -0.0642    13.8155 0.0000e+00  -61.12500  -58.09183 1152591582 192.180367    34.7110      21425         15  0.000e+00
    501.941     1.8755   3.066690     1.8770   3.066965    4.50284    -0.0857    13.8155 0.0000e+00  -61.12500  -58.09183 1152591582 192.180367    34.7113      21426         15  0.000e+00
    501.941     1.8761   3.066686     1.8766   3.066983    4.50278    -0.0642    13.8155 0.0000e+00  -61.12500  -58.09183 1152591582 192.180367    34.7105      21427         15  0.000e+00
    501.941     1.8760   3.066721     1.8768   3.066989    4.50278    -0.0749    13.8155 0.0000e+00  -61.12500  -58.09183 1152591582 192.180368    34.7112      21428         15  0.000e+00
    501.922     1.8758   3.066710     1.8766   3.067007    4.50278    -0.0642    13.8155 0.0000e+00  -61.12500  -58.09183 1152591582 192.180368    34.7112      21429         15  0.000e+00
    501.941     1.8758   3.066690     1.8769   3.066995    4.50280    -0.0749    13.8155 0.0000e+00  -61.12500  -58.09183 1152591583 192.180369    34.7109      21430         15  0.000e+00
    501.941     1.8765   3.066704     1.8769   3.066989    4.50274    -0.0964    13.8155 0.0000e+00  -61.12500  -58.09183 1152591583 192.180369    34.7104      21431         15  0.000e+00
    500.453     1.8749   3.066559     1.8761   3.066838    4.50201    -0.0534    13.8155 0.0000e+00  -61.12500  -58.09183 1152591587 192.180421    34.7111      21538         16  0.000e+00
    500.568     1.8755   3.066583     1.8759   3.066868    4.50202    -0.0534    13.8155 0.0000e+00  -61.12500  -58.09183 1152591587 192.180421    34.7107      21539         16  0.000e+00
    500.597     1.8750   3.066569     1.8764   3.066856    4.50209    -0.1072    13.8155 0.0000e+00  -61.12500  -58.09183 1152591587 192.180422    34.7110      21540         16  0.000e+00
    500.597     1.8750   3.066565     1.8758   3.066850    4.50209    -0.1180    13.8155 0.0000e+00  -61.12500  -58.09183 1152591587 192.180422    34.7110      21541         16  0.000e+00
    500.501     1.8757   3.066583     1.8766   3.066868    4.49730    -0.0534    13.8155 0.0000e+00  -61.12500  -58.09183 1152591587 192.180423    34.7106      21542         16  0.000e+00
    500.597     1.8755   3.066583     1.8762   3.066856    4.50204    -0.0749    13.8155 0.0000e+00  -61.12500  -58.09183 1152591587 192.180423    34.7107      21543         16  0.000e+00
    500.597     1.8755   3.066569     1.8762   3.066868    4.50204    -0.0964    13.8155 0.0000e+00  -61.12500  -58.09183 1152591587 192.180424    34.7105      21544         16  0.000e+00
    500.501     1.8755   3.066565     1.8764   3.066874    4.50198    -0.1072    13.8155 0.0000e+00  -61.12500  -58.09183 1152591587 192.180424    34.7105      21545         16  0.000e+00
    500.597     1.8750   3.066583     1.8761   3.066832    4.50208    -0.0319    13.8155 0.0000e+00  -61.12500  -58.09183 1152591587 192.180425    34.7112      21546         16  0.000e+00
    500.453     1.8755   3.066607     1.8758   3.066838    4.50194    -0.0534    13.8155 0.0000e+00  -61.12500  -58.09183 1152591587 192.180425    34.7111      21547         16  0.000e+00
    500.597     1.8754   3.066559     1.8762   3.066887    4.50206    -0.0964    13.8155 0.0000e+00  -61.12500  -58.09183 1152591587 192.180426    34.7105      21548         16  0.000e+00
    500.501     1.8754   3.066559     1.8761   3.066862    4.50200    -0.1072    13.8155 0.0000e+00  -61.12500  -58.09183 1152591587 192.180426    34.7106      21549         16  0.000e+00
    500.521     1.8755   3.066565     1.8762   3.066850    4.50200    -0.0749    13.8155 0.0000e+00  -61.12500  -58.09183 1152591588 192.180427    34.7105      21550         16  0.000e+00
    500.521     1.8754   3.066596     1.8759   3.066850    4.49734    -0.0426    13.8155 0.0000e+00  -61.12500  -58.09183 1152591588 192.180427    34.7111      21551         16  0.000e+00
    500.501     1.8757   3.066576     1.8761   3.066850    4.49731    -0.0319    13.8155 0.0000e+00  -61.12500  -58.09183 1152591588 192.180428    34.7105      21552         16  0.000e+00
    500.521     1.8754   3.066583     1.8759   3.066850    4.49734    -0.0426    13.8155 0.0000e+00  -61.12500  -58.09183 1152591588 192.180428    34.7109      21553         16  0.000e+00
    500.453     1.8757   3.066534     1.8762   3.066850    4.49729    -0.0964    13.8155 0.0000e+00  -61.12500  -58.09183 1152591588 192.180429    34.7100      21554         16  0.000e+00
    500.501     1.8757   3.066552     1.8759   3.066826    4.50197    -0.0857    13.8155 0.0000e+00  -61.12500  -58.09183 1152591588 192.180429    34.7102      21555         16  0.000e+00
    500.521     1.8754   3.066583     1.8761   3.066838    4.50200    -0.0857    13.8155 0.0000e+00  -61.12500  -58.09183 1152591588 192.180430    34.7109      21556         16  0.000e+00
    500.453     1.8754   3.066607     1.8758   3.066850    4.50195    -0.0857    13.8155 0.0000e+00  -61.12500  -58.09183 1152591588 192.180430    34.7112      21557         16  0.000e+00
    500.521     1.8755   3.066576     1.8759   3.066826    4.50199    -0.0857    13.8155 0.0000e+00  -61.12500  -58.09183 1152591588 192.180431    34.7106      21558         16  0.000e+00
    500.425     1.8754   3.066576     1.8764   3.066796    4.50194    -0.0749    13.8155 0.0000e+00  -61.12500  -58.09183 1152591588 192.180431    34.7108      21559         16  0.000e+00
    500.521     1.8757   3.066552     1.8759   3.066850    4.50199    -0.1072    13.8155 0.0000e+00  -61.12500  -58.09183 1152591588 192.180432    34.7102      21560         16  0.000e+00
    500.453     1.8754   3.066541     1.8761   3.066856    4.49732    -0.1072    13.8155 0.0000e+00  -61.12500  -58.09183 1152591588 192.180432    34.7104      21561         16  0.000e+00
    500.425     1.8752   3.066559     1.8759   3.066850    4.49731    -0.1287    13.8155 0.0000e+00  -61.12500  -58.09183 1152591588 192.180433    34.7108      21562         16  0.000e+00
    500.453     1.8754   3.066565     1.8759   3.066886    4.49731    -0.0749    13.8155 0.0000e+00  -61.12500  -58.09183 1152591588 192.180433    34.7107      21563         16  0.000e+00
    500.453     1.8752   3.066600     1.8759   3.066838    4.50197    -0.0749    13.8155 0.0000e+00  -61.12500  -58.09183 1152591588 192.180434    34.7113      21564         16  0.000e+00
    500.501     1.8755   3.066559     1.8762   3.066838    4.50199    -0.0749    13.8155 0.0000e+00  -61.12500  -58.09183 1152591588 192.180434    34.7104      21565         16  0.000e+00
    500.453     1.8750   3.066559     1.8762   3.066850    4.50200    -0.0749    13.8155 0.0000e+00  -61.12500  -58.09183 1152591588 192.180435    34.7110      21566         16  0.000e+00
    500.453     1.8754   3.066559     1.8764   3.066868    4.49731    -0.1287    13.8155 0.0000e+00  -61.12500  -58.09183 1152591588 192.180435    34.7106      21567         16  0.000e+00
