product_data/regression_test/downloaded_data/MDGS/320620060703/ctd/p6606202.ros
* Sea-Bird SBE 9 Data File:
* FileName = D:\Data\Raw\p6606202.dat
* Software Version Seasave Win32 V 5.32
* Temperature SN = 1649
* Conductivity SN = 1431
* Number of Bytes Per Scan = 37
* Number of Voltage Words = 5
* Number of Scans Averaged by the Deck Unit = 1
* NMEA Latitude = 61 05.98 S
* NMEA Longitude = 058 08.84 W
* NMEA UTC (Time) = 06:55:41
** Ship:   Nathaniel B. Palmer 
** Cruise:    NBP0603 
** Cast #: 
** Station:   
** Operator: 
# nquan = 17
# nvalues = 1176                    
# units = specified
# name 0 = prDM: Pressure, Digiquartz [db]
# name 1 = t090C: Temperature [ITS-90, deg C]
# name 2 = c0S/m: Conductivity [S/m]
# name 3 = t190C: Temperature, 2 [ITS-90, deg C]
# name 4 = c1S/m: Conductivity, 2 [S/m]
# name 5 = sbeox0ML/L: Oxygen, SBE 43 [ml/l]
# name 6 = flECO-AFL: Fluorescence, Wetlab ECO-AFL/FL [mg/m^3]
# name 7 = bat: Beam Attenuation, Chelsea/Seatech/Wetlab CStar [1/m]
# name 8 = spar: SPAR/Surface Irradiance
# name 9 = latitude: Latitude [deg]
# name 10 = longitude: Longitude [deg]
# name 11 = timeY: Time, System [seconds]
# name 12 = timeJ: Julian Days
# name 13 = sal00: Salinity [PSU]
# name 14 = scan: scan number
# name 15 = nbf: number of bottles fired
# name 16 = flag:  0.000e+00
# interval = seconds: 0.0416667                   
# start_time = Jul 07 2006 06:55:49
*END*
[from data line 1107]
     49.845    -0.8017   2.757983    -0.8008   2.757947    8.04614     0.0112    13.8155 0.0000e+00  -61.09967  -58.14733 1152255646 188.292221    33.9235       7175         23  0.000e+00
     49.845    -0.8015   2.757979    -0.8005   2.757970    8.04612     0.0112    13.8155 0.0000e+00  -61.09967  -58.14733 1152255646 188.292222    33.9233       7176         23  0.000e+00
     49.845    -0.8017   2.757979    -0.8012   2.757941    8.04614     0.0434    13.8155 0.0000e+00  -61.09967  -58.14733 1152255646 188.292222    33.9234       7177         23  0.000e+00
     49.912    -0.8017   2.757973    -0.8008   2.757947    8.04622     0.0865    13.8155 0.0000e+00  -61.09967  -58.14733 1152255646 188.292223    33.9233       7178         23  0.000e+00
     49.912    -0.8017   2.757993    -0.8011   2.757976    8.04621     0.0542    13.8155 0.0000e+00  -61.09967  -58.14733 1152255646 188.292223    33.9236       7179         23  0.000e+00
     49.912    -0.8017   2.758002    -0.8007   2.757959    8.04620    -0.0104    13.8155 0.0000e+00  -61.09967  -58.14733 1152255646 188.292224    33.9237       7180         23  0.000e+00
     49.979    -0.8013   2.757983    -0.8010   2.757953    8.04624     0.0004    13.8155 0.0000e+00  -61.09967  -58.14733 1152255646 188.292224    33.9231       7181         23  0.000e+00
     49.979    -0.8020   2.758009    -0.8007   2.757953    8.04632     0.0219    13.8155 0.0000e+00  -61.09967  -58.14733 1152255646 188.292225    33.9241       7182         23  0.000e+00
     49.979    -0.8013   2.758019    -0.8010   2.757936    8.04621     0.0327    13.8155 0.0000e+00  -61.09967  -58.14733 1152255646 188.292225    33.9235       7183         23  0.000e+00
     50.055    -0.8013   2.757989    -0.8008   2.757936    8.04632     0.0327    13.8155 0.0000e+00  -61.09967  -58.14733 1152255647 188.292226    33.9231       7184         23  0.000e+00
     50.055    -0.8012   2.758009    -0.8013   2.757947    8.04628     0.0327    13.8155 0.0000e+00  -61.09967  -58.14733 1152255647 188.292226    33.9232       7185         23  0.000e+00
     50.122    -0.8018   2.757989    -0.8007   2.757953    8.04647    -0.0211    13.8155 0.0000e+00  -61.09967  -58.14733 1152255647 188.292227    33.9236       7186         23  0.000e+00
     50.055    -0.8015   2.757989    -0.8004   2.757959    8.04634    -0.0104    13.8155 0.0000e+00  -61.09967  -58.14733 1152255647 188.292227    33.9233       7187         23  0.000e+00
     50.189    -0.8018   2.757999    -0.8012   2.757976    8.04654     0.0219    13.8155 0.0000e+00  -61.09967  -58.14733 1152255647 188.292228    33.9237       7188         23  0.000e+00
     50.122    -0.8015   2.758003    -0.8005   2.757982    8.04641     0.0112    13.8155 0.0000e+00  -61.09967  -58.14733 1152255647 188.292228    33.9234       7189         23  0.000e+00
     50.189    -0.8012   2.758003    -0.8010   2.757947    8.04644     0.0650    13.8155 0.0000e+00  -61.09967  -58.14733 1152255647 188.292228    33.9230       7190         23  0.000e+00
     50.189    -0.8018   2.758003    -0.8008   2.757988    8.04654     0.0650    13.8155 0.0000e+00  -61.09967  -58.14733 1152255647 188.292229    33.9237       7191         23  0.000e+00
     50.265    -0.8017   2.758032    -0.8012   2.757970    8.04658     0.0650    13.8155 0.0000e+00  -61.09967  -58.14733 1152255647 188.292229    33.9239       7192         23  0.000e+00
     50.265    -0.8017   2.758012    -0.8012   2.757959    8.04659     0.0542    13.8155 0.0000e+00  -61.09967  -58.14733 1152255647 188.292230    33.9236       7193         23  0.000e+00
     50.265    -0.8012   2.758016    -0.8012   2.757953    8.04651     0.0327    13.8155 0.0000e+00  -61.09967  -58.14733 1152255647 188.292230    33.9232       7194         23  0.000e+00
     51.106    -0.8012   2.758065    -0.8008   2.757994    8.04742     0.0865    13.8155 0.0000e+00  -61.09967  -58.14733 1152255651 188.292281    33.9233       7298         24  0.000e+00
     51.172    -0.8009   2.758049    -0.8008   2.757988    8.04746     0.0865    13.8155 0.0000e+00  -61.09967  -58.14733 1152255651 188.292281    33.9227       7299         24  0.000e+00
     51.039    -0.8012   2.758026    -0.8008   2.758023    8.04737     0.0542    13.8155 0.0000e+00  -61.09967  -58.14733 1152255651 188.292282    33.9228       7300         24  0.000e+00
     51.173    -0.8012   2.758039    -0.8005   2.758000    8.04751     0.0219    13.8155 0.0000e+00  -61.09967  -58.14733 1152255651 188.292282    33.9229       7301         24  0.000e+00
     51.106    -0.8013   2.758042    -0.8007   2.758023    8.04746     0.0542    13.8155 0.0000e+00  -61.09967  -58.14733 1152255651 188.292283    33.9232       7302         24  0.000e+00
     51.106    -0.8013   2.758062    -0.8007   2.758000    8.04744     0.0865    13.8155 0.0000e+00  -61.09967  -58.14733 1152255651 188.292283    33.9234       7303         24  0.000e+00
     51.039    -0.8013   2.758019    -0.8008   2.758005    8.04740     0.0542    13.8155 0.0000e+00  -61.09967  -58.14733 1152255652 188.292283    33.9229       7304         24  0.000e+00
     51.106    -0.8013   2.758016    -0.8008   2.757988    8.04748     0.0327    13.8155 0.0000e+00  -61.09967  -58.14733 1152255652 188.292284    33.9228       7305         24  0.000e+00
     51.106    -0.8010   2.758023    -0.8010   2.757982    8.04742     0.0327    13.8155 0.0000e+00  -61.09967  -58.14733 1152255652 188.292284    33.9225       7306         24  0.000e+00
     51.039    -0.8015   2.758036    -0.8008   2.757999    8.04741     0.0004    13.8155 0.0000e+00  -61.09967  -58.14733 1152255652 188.292285    33.9233       7307         24  0.000e+00
     51.106    -0.8010   2.758062    -0.8007   2.757971    8.04739     0.0112    13.8155 0.0000e+00  -61.09967  -58.14733 1152255652 188.292285    33.9231       7308         24  0.000e+00
     51.039    -0.8015   2.758032    -0.8010   2.757994    8.04741     0.0434    13.8155 0.0000e+00  -61.09967  -58.14733 1152255652 188.292286    33.9232       7309         24  0.000e+00
     51.039    -0.8017   2.758055    -0.8007   2.758028    8.05213     0.0219    13.8155 0.0000e+00  -61.09967  -58.14733 1152255652 188.292286    33.9237       7310         24  0.000e+00
     51.039    -0.8012   2.758049    -0.8007   2.757999    8.04736     0.0542    13.8155 0.0000e+00  -61.09967  -58.14733 1152255652 188.292287    33.9231       7311         24  0.000e+00
     51.039    -0.8013   2.758026    -0.8008   2.758023    8.04740    -0.0104    13.8155 0.0000e+00  -61.09967  -58.14733 1152255652 188.292287    33.9230       7312         24  0.000e+00
     51.039    -0.8012   2.758055    -0.8012   2.757971    8.04735    -0.0104    13.8155 0.0000e+00  -61.09967  -58.14733 1152255652 188.292288    33.9232       7313         24  0.000e+00
     51.039    -0.8010   2.758069    -0.8008   2.757994    8.04731     0.0327    13.8155 0.0000e+00  -61.09967  -58.14733 1152255652 188.292288    33.9232       7314         24  0.000e+00
     50.963    -0.8012   2.758049    -0.8007   2.757994    8.04727     0.0219    13.8155 0.0000e+00  -61.09967  -58.14733 1152255652 188.292289    33.9232       7315         24  0.000e+00
     51.039    -0.8013   2.758055    -0.8007   2.757982    8.04737     0.0004    13.8155 0.0000e+00  -61.09967  -58.14733 1152255652 188.292289    33.9234       7316         24  0.000e+00
     50.963    -0.8013   2.758049    -0.8007   2.757999    8.04729     0.0219    13.8155 0.0000e+00  -61.09967  -58.14733 1152255652 188.292290    33.9233       7317         24  0.000e+00
     50.963    -0.8010   2.758026    -0.8008   2.758005    8.04726     0.0434    13.8155 0.0000e+00  -61.09967  -58.14733 1152255652 188.292290    33.9227       7318         24  0.000e+00
     50.963    -0.8012   2.758055    -0.8007   2.757988    8.04727     0.0327    13.8155 0.0000e+00  -61.09967  -58.14733 1152255652 188.292291    33.9233       7319         24  0.000e+00
     51.030    -0.8013   2.758049    -0.8012   2.758005    8.05207     0.0219    13.8155 0.0000e+00  -61.09967  -58.14733 1152255652 188.292291    33.9233       7320         24  0.000e+00
     50.896    -0.8012   2.758055    -0.8007   2.757965    8.05189     0.0112    13.8155 0.0000e+00  -61.09967  -58.14733 1152255652 188.292292    33.9233       7321         24  0.000e+00
     50.963    -0.8010   2.758016    -0.8013   2.757953    8.05197     0.0542    13.8155 0.0000e+00  -61.09967  -58.14733 1152255652 188.292292    33.9225       7322         24  0.000e+00
     50.963    -0.8015   2.758016    -0.8008   2.757959    8.04734     0.0327    13.8155 0.0000e+00  -61.09967  -58.14733 1152255652 188.292293    33.9231       7323         24  0.000e+00
     50.896    -0.8013   2.758022    -0.8013   2.758011    8.04724     0.0219    13.8155 0.0000e+00  -61.09967  -58.14733 1152255652 188.292293    33.9230       7324         24  0.000e+00
     50.963    -0.8010   2.758022    -0.8004   2.757976    8.04726     0.0219    13.8155 0.0000e+00  -61.09967  -58.14733 1152255652 188.292294    33.9226       7325         24  0.000e+00
     50.896    -0.8010   2.758052    -0.8004   2.757959    8.04717     0.0219    13.8155 0.0000e+00  -61.09967  -58.14733 1152255652 188.292294    33.9231       7326         24  0.000e+00
     50.896    -0.8009   2.758049    -0.8010   2.758011    8.04715     0.0650    13.8155 0.0000e+00  -61.09967  -58.14733 1152255652 188.292295    33.9229       7327         24  0.000e+00
     50.896    -0.8010   2.758026    -0.8007   2.757999    8.04719     0.0004    13.8155 0.0000e+00  -61.09967  -58.14733 1152255653 188.292295    33.9227       7328         24  0.000e+00
     50.830    -0.8013   2.758006    -0.8002   2.757999    8.05188    -0.0211    13.8155 0.0000e+00  -61.09967  -58.14733 1152255653 188.292296    33.9228       7329         24  0.000e+00
     50.896    -0.8009   2.758032    -0.8011   2.757971    8.05186     0.0219    13.8155 0.0000e+00  -61.09967  -58.14733 1152255653 188.292296    33.9226       7330         24  0.000e+00
     50.896    -0.8012   2.758026    -0.8010   2.757942    8.05192     0.0434    13.8155 0.0000e+00  -61.09967  -58.14733 1152255653 188.292296    33.9229       7331         24  0.000e+00
     50.830    -0.8009   2.758039    -0.8013   2.757988    8.04708     0.0434    13.8155 0.0000e+00  -61.09967  -58.14733 1152255653 188.292297    33.9228       7332         24  0.000e+00
     50.830    -0.8015   2.758045    -0.8005   2.757988    8.04717     0.0434    13.8155 0.0000e+00  -61.09967  -58.14733 1152255653 188.292297    33.9235       7333         24  0.000e+00
     50.830    -0.8017   2.758045    -0.8008   2.757965    8.04720     0.0434    13.8155 0.0000e+00  -61.09967  -58.14733 1152255653 188.292298    33.9237       7334         24  0.000e+00
     50.820    -0.8017   2.758026    -0.8007   2.757953    8.04720     0.0112    13.8155 0.0000e+00  -61.09967  -58.14733 1152255653 188.292298    33.9235       7335         24  0.000e+00
     50.830    -0.8013   2.758036    -0.8005   2.757994    8.04715     0.0112    13.8155 0.0000e+00  -61.09967  -58.14733 1152255653 188.292299    33.9232       7336         24  0.000e+00
     50.830    -0.8017   2.758013    -0.8012   2.757994    8.04722     0.0219    13.8155 0.0000e+00  -61.09967  -58.14733 1152255653 188.292299    33.9233       7337         24  0.000e+00
     50.753    -0.8012   2.758016    -0.8013   2.757982    8.04706     0.0650    13.8155 0.0000e+00  -61.09967  -58.14733 1152255653 188.292300    33.9229       7338         24  0.000e+00
     50.753    -0.8012   2.758006    -0.8007   2.757982    8.04707     0.1080    13.8155 0.0000e+00  -61.09967  -58.14733 1152255653 188.292300    33.9227       7339         24  0.000e+00
     50.830    -0.8019   2.757996    -0.8005   2.757988    8.04728     0.1080    13.8155 0.0000e+00  -61.09967  -58.14733 1152255653 188.292301    33.9234       7340         24  0.000e+00
     50.687    -0.8012   2.758032    -0.8010   2.757982    8.04697     0.0757    13.8155 0.0000e+00  -61.09967  -58.14733 1152255653 188.292301    33.9231       7341         24  0.000e+00
     50.753    -0.8013   2.758013    -0.8010   2.757965    8.05179     0.0542    13.8155 0.0000e+00  -61.09967  -58.14733 1152255653 188.292302    33.9230       7342         24  0.000e+00
     50.753    -0.8018   2.758016    -0.8005   2.757976    8.05186     0.0327    13.8155 0.0000e+00  -61.09967  -58.14733 1152255653 188.292302    33.9235       7343         24  0.000e+00
     50.687    -0.8013   2.758022    -0.8010   2.757965    8.05171     0.0434    13.8155 0.0000e+00  -61.09967  -58.14733 1152255653 188.292303    33.9232       7344         24  0.000e+00
     50.753    -0.8012   2.758003    -0.8010   2.757976    8.04707     0.0004    13.8155 0.0000e+00  -61.09967  -58.14733 1152255653 188.292303    33.9227       7345         24  0.000e+00
     50.687    -0.8013   2.757999    -0.8008   2.757959    8.04702     0.0112    13.8155 0.0000e+00  -61.09967  -58.14733 1152255653 188.292304    33.9228       7346         24  0.000e+00
