product_data/regression_test/downloaded_data/MDGS/320620060703/ctd/p6607201.cnv
* Sea-Bird SBE 9 Data File:
* FileName = D:\Data\Raw\p6607201.dat
* Software Version Seasave Win32 V 5.32
* Temperature SN = 1649
* Conductivity SN = 1431
* Number of Bytes Per Scan = 37
* Number of Voltage Words = 5
* Number of Scans Averaged by the Deck Unit = 1
* NMEA Latitude = 62 12.88 S
* NMEA Longitude = 058 07.66 W
* NMEA UTC (Time) = 05:07:40
** Ship:   Nathaniel B. Palmer 
** Cruise:    NBP0606 
# nquan = 15
# nvalues = 580                         
# units = specified
# name 0 = prDM: Pressure, Digiquartz [db]
# name 1 = t090C: Temperature [ITS-90, deg C]
# name 2 = c0S/m: Conductivity [S/m]
# name 3 = t190C: Temperature, 2 [ITS-90, deg C]
# name 4 = c1S/m: Conductivity, 2 [S/m]
# name 5 = sbeox0ML/L: Oxygen, SBE 43 [ml/l]
# name 6 = flECO-AFL: Fluorescence, Wetlab ECO-AFL/FL [mg/m^3]
# name 7 = bat: Beam Attenuation, Chelsea/Seatech/Wetlab CStar [1/m]
# name 8 = spar: SPAR/Surface Irradiance
# name 9 = latitude: Latitude [deg]
# name 10 = longitude: Longitude [deg]
# name 11 = timeY: Time, System [seconds]
# name 12 = timeJ: Julian Days
# name 13 = sal00: Salinity [PSU]
# name 14 = flag: flag
# span 0 =      2.000,    581.000       
# span 1 =    -1.1645,     0.2498       
# span 2 =   2.766766,   2.914438       
# span 3 =    -1.1609,     0.2503       
# span 4 =   2.767200,   2.914316       
# span 5 =    5.82867,    7.52417       
# span 6 =    -0.1080,     0.0199       
# span 7 =    13.8155,    13.8155       
# span 8 = 0.0000e+00, 0.0000e+00       
# span 9 =  -62.21467,  -62.21467       
# span 10 =  -58.12767,  -58.12767      
# span 11 = 1152335289, 1152336222      
# span 12 = 189.214009, 189.224809      
# span 13 =    34.2217,    34.5386      
# span 14 = 0.0000e+00, 0.0000e+00      
# interval = decibars: 1                
# start_time = Jul 08 2006 05:07:47
# bad_flag = -9.990e-29
*END*
[from data line 193]
    195.000    -0.4345   2.823122    -0.4322   2.823195    7.03290     0.0134    13.8155 0.0000e+00  -62.21467  -58.12767 1152335661 189.218320    34.2983 0.0000e+00
    196.000    -0.4311   2.823493    -0.4295   2.823498    7.02424     0.0199    13.8155 0.0000e+00  -62.21467  -58.12767 1152335662 189.218333    34.2987 0.0000e+00
    197.000    -0.4233   2.824325    -0.4231   2.824188    7.02044     0.0054    13.8155 0.0000e+00  -62.21467  -58.12767 1152335664 189.218348    34.3004 0.0000e+00
    198.000    -0.4230   2.824401    -0.4217   2.824400    7.01440     0.0070    13.8155 0.0000e+00  -62.21467  -58.12767 1152335665 189.218363    34.3005 0.0000e+00
    199.000    -0.4140   2.825369    -0.4104   2.825549    7.00214     0.0100    13.8155 0.0000e+00  -62.21467  -58.12767 1152335666 189.218378    34.3028 0.0000e+00
    200.000    -0.3972   2.827024    -0.3966   2.826931    6.98650     0.0019    13.8155 0.0000e+00  -62.21467  -58.12767 1152335668 189.218395    34.3047 0.0000e+00
    201.000    -0.3978   2.827068    -0.3977   2.826934    6.97485     0.0003    13.8155 0.0000e+00  -62.21467  -58.12767 1152335669 189.218414    34.3057 0.0000e+00
    202.000    -0.4005   2.826994    -0.3997   2.826943    6.96755    -0.0052    13.8155 0.0000e+00  -62.21467  -58.12767 1152335671 189.218431    34.3072 0.0000e+00
    203.000    -0.4021   2.826930    -0.4010   2.826903    6.96386     0.0166    13.8155 0.0000e+00  -62.21467  -58.12767 1152335672 189.218442    34.3077 0.0000e+00
    204.000    -0.4026   2.826959    -0.4018   2.826901    6.95846     0.0120    13.8155 0.0000e+00  -62.21467  -58.12767 1152335673 189.218452    34.3082 0.0000e+00
    205.000    -0.4032   2.826967    -0.4023   2.826911    6.95659     0.0073    13.8155 0.0000e+00  -62.21467  -58.12767 1152335674 189.218462    34.3084 0.0000e+00
    206.000    -0.4049   2.826855    -0.4040   2.826816    6.95390     0.0129    13.8155 0.0000e+00  -62.21467  -58.12767 1152335675 189.218477    34.3083 0.0000e+00
    207.000    -0.4090   2.826532    -0.4088   2.826442    6.95097     0.0053    13.8155 0.0000e+00  -62.21467  -58.12767 1152335677 189.218500    34.3082 0.0000e+00
    208.000    -0.4127   2.826331    -0.4116   2.826306    6.95382    -0.0021    13.8155 0.0000e+00  -62.21467  -58.12767 1152335678 189.218518    34.3092 0.0000e+00
    209.000    -0.4112   2.826525    -0.4103   2.826476    6.95439     0.0107    13.8155 0.0000e+00  -62.21467  -58.12767 1152335680 189.218532    34.3095 0.0000e+00
    210.000    -0.4091   2.826761    -0.4091   2.826648    6.95405    -0.0074    13.8155 0.0000e+00  -62.21467  -58.12767 1152335681 189.218544    34.3096 0.0000e+00
    211.000    -0.4129   2.826460    -0.4114   2.826411    6.95473     0.0033    13.8155 0.0000e+00  -62.21467  -58.12767 1152335682 189.218557    34.3099 0.0000e+00
    212.000    -0.4228   2.825641    -0.4217   2.825655    6.95195    -0.0073    13.8155 0.0000e+00  -62.21467  -58.12767 1152335683 189.218571    34.3091 0.0000e+00
    213.000    -0.4203   2.826042    -0.4196   2.825970    6.94858    -0.0114    13.8155 0.0000e+00  -62.21467  -58.12767 1152335684 189.218588    34.3111 0.0000e+00
    214.000    -0.4192   2.826216    -0.4182   2.826190    6.94182    -0.0162    13.8155 0.0000e+00  -62.21467  -58.12767 1152335686 189.218604    34.3114 0.0000e+00
    215.000    -0.4177   2.826425    -0.4173   2.826313    6.93340    -0.0075    13.8155 0.0000e+00  -62.21467  -58.12767 1152335688 189.218619    34.3120 0.0000e+00
    216.000    -0.4166   2.826789    -0.4157   2.826765    6.92433    -0.0184    13.8155 0.0000e+00  -62.21467  -58.12767 1152335688 189.218633    34.3149 0.0000e+00
    217.000    -0.4166   2.827039    -0.4155   2.827000    6.91745    -0.0233    13.8155 0.0000e+00  -62.21467  -58.12767 1152335689 189.218647    34.3176 0.0000e+00
    218.000    -0.4149   2.827301    -0.4138   2.827275    6.91413    -0.0209    13.8155 0.0000e+00  -62.21467  -58.12767 1152335691 189.218664    34.3185 0.0000e+00
    219.000    -0.4144   2.827400    -0.4137   2.827353    6.90993    -0.0255    13.8155 0.0000e+00  -62.21467  -58.12767 1152335692 189.218681    34.3186 0.0000e+00
    220.000    -0.4227   2.826862    -0.4208   2.826898    6.90510    -0.0257    13.8155 0.0000e+00  -62.21467  -58.12767 1152335694 189.218695    34.3195 0.0000e+00
    221.000    -0.4501   2.824476    -0.4460   2.824832    6.90740    -0.0440    13.8155 0.0000e+00  -62.21467  -58.12767 1152335695 189.218706    34.3196 0.0000e+00
    222.000    -0.4719   2.822682    -0.4737   2.822498    6.91229    -0.0288    13.8155 0.0000e+00  -62.21467  -58.12767 1152335696 189.218717    34.3199 0.0000e+00
    223.000    -0.4971   2.820572    -0.4970   2.820537    6.91651    -0.0136    13.8155 0.0000e+00  -62.21467  -58.12767 1152335697 189.218730    34.3200 0.0000e+00
    224.000    -0.5084   2.819669    -0.5079   2.819633    6.92367    -0.0218    13.8155 0.0000e+00  -62.21467  -58.12767 1152335699 189.218753    34.3201 0.0000e+00
    225.000    -0.5195   2.818758    -0.5196   2.818712    6.92948    -0.0186    13.8155 0.0000e+00  -62.21467  -58.12767 1152335700 189.218772    34.3198 0.0000e+00
    226.000    -0.5240   2.818443    -0.5236   2.818397    6.93154    -0.0377    13.8155 0.0000e+00  -62.21467  -58.12767 1152335701 189.218784    34.3200 0.0000e+00
    227.000    -0.5233   2.818547    -0.5224   2.818540    6.93505    -0.0202    13.8155 0.0000e+00  -62.21467  -58.12767 1152335702 189.218795    34.3196 0.0000e+00
    228.000    -0.5266   2.818311    -0.5253   2.818354    6.93988    -0.0377    13.8155 0.0000e+00  -62.21467  -58.12767 1152335703 189.218809    34.3193 0.0000e+00
    229.000    -0.5386   2.817363    -0.5374   2.817384    6.94536    -0.0226    13.8155 0.0000e+00  -62.21467  -58.12767 1152335705 189.218827    34.3197 0.0000e+00
    230.000    -0.5392   2.817396    -0.5381   2.817410    6.94401    -0.0144    13.8155 0.0000e+00  -62.21467  -58.12767 1152335706 189.218843    34.3200 0.0000e+00
    231.000    -0.5402   2.817358    -0.5396   2.817352    6.94580    -0.0113    13.8155 0.0000e+00  -62.21467  -58.12767 1152335707 189.218854    34.3199 0.0000e+00
    232.000    -0.5446   2.817046    -0.5438   2.817050    6.94823    -0.0266    13.8155 0.0000e+00  -62.21467  -58.12767 1152335708 189.218866    34.3198 0.0000e+00
    233.000    -0.5513   2.816560    -0.5503   2.816561    6.95220    -0.0221    13.8155 0.0000e+00  -62.21467  -58.12767 1152335710 189.218885    34.3204 0.0000e+00
    234.000    -0.5539   2.816381    -0.5546   2.816261    6.95917    -0.0242    13.8155 0.0000e+00  -62.21467  -58.12767 1152335712 189.218908    34.3200 0.0000e+00
    235.000    -0.5638   2.815602    -0.5639   2.815551    6.96019    -0.0065    13.8155 0.0000e+00  -62.21467  -58.12767 1152335713 189.218920    34.3203 0.0000e+00
    236.000    -0.5734   2.814866    -0.5718   2.814952    6.95947    -0.0205    13.8155 0.0000e+00  -62.21467  -58.12767 1152335714 189.218930    34.3209 0.0000e+00
    237.000    -0.5752   2.814788    -0.5748   2.814745    6.96225    -0.0254    13.8155 0.0000e+00  -62.21467  -58.12767 1152335715 189.218940    34.3212 0.0000e+00
    238.000    -0.5800   2.814423    -0.5801   2.814347    6.96382    -0.0170    13.8155 0.0000e+00  -62.21467  -58.12767 1152335716 189.218955    34.3210 0.0000e+00
    239.000    -0.5869   2.813896    -0.5865   2.813866    6.96466    -0.0068    13.8155 0.0000e+00  -62.21467  -58.12767 1152335718 189.218974    34.3212 0.0000e+00
    240.000    -0.6028   2.812616    -0.6016   2.812692    6.96603    -0.0096    13.8155 0.0000e+00  -62.21467  -58.12767 1152335719 189.218989    34.3214 0.0000e+00
    241.000    -0.6175   2.811447    -0.6166   2.811473    6.96866    -0.0164    13.8155 0.0000e+00  -62.21467  -58.12767 1152335720 189.219003    34.3222 0.0000e+00
    242.000    -0.6189   2.811378    -0.6189   2.811318    6.97197    -0.0211    13.8155 0.0000e+00  -62.21467  -58.12767 1152335722 189.219020    34.3220 0.0000e+00
    243.000    -0.6223   2.811147    -0.6222   2.811102    6.98033    -0.0244    13.8155 0.0000e+00  -62.21467  -58.12767 1152335724 189.219040    34.3219 0.0000e+00
    244.000    -0.6256   2.810962    -0.6247   2.810966    6.98545    -0.0150    13.8155 0.0000e+00  -62.21467  -58.12767 1152335725 189.219054    34.3225 0.0000e+00
    245.000    -0.6242   2.811168    -0.6230   2.811186    6.98377    -0.0337    13.8155 0.0000e+00  -62.21467  -58.12767 1152335726 189.219064    34.3228 0.0000e+00
    246.000    -0.6232   2.811301    -0.6224   2.811300    6.98262    -0.0063    13.8155 0.0000e+00  -62.21467  -58.12767 1152335726 189.219073    34.3228 0.0000e+00
    247.000    -0.6247   2.811246    -0.6248   2.811183    6.98280    -0.0099    13.8155 0.0000e+00  -62.21467  -58.12767 1152335727 189.219083    34.3230 0.0000e+00
    248.000    -0.6328   2.810634    -0.6324   2.810599    6.98438    -0.0037    13.8155 0.0000e+00  -62.21467  -58.12767 1152335729 189.219102    34.3234 0.0000e+00
    249.000    -0.6408   2.809993    -0.6403   2.809971    6.98614    -0.0068    13.8155 0.0000e+00  -62.21467  -58.12767 1152335731 189.219125    34.3230 0.0000e+00
    250.000    -0.6593   2.808468    -0.6569   2.808631    6.98624     0.0046    13.8155 0.0000e+00  -62.21467  -58.12767 1152335732 189.219138    34.3234 0.0000e+00
    251.000    -0.6668   2.807873    -0.6648   2.807994    6.98686     0.0028    13.8155 0.0000e+00  -62.21467  -58.12767 1152335733 189.219150    34.3234 0.0000e+00
    252.000    -0.6700   2.807645    -0.6675   2.807790    6.99213    -0.0085    13.8155 0.0000e+00  -62.21467  -58.12767 1152335734 189.219165    34.3232 0.0000e+00
    253.000    -0.6723   2.807514    -0.6707   2.807572    7.00477    -0.0092    13.8155 0.0000e+00  -62.21467  -58.12767 1152335736 189.219188    34.3232 0.0000e+00
    254.000    -0.6757   2.807244    -0.6762   2.807152    7.00773    -0.0185    13.8155 0.0000e+00  -62.21467  -58.12767 1152335738 189.219202    34.3227 0.0000e+00
    255.000    -0.6841   2.806546    -0.6820   2.806692    6.99997    -0.0088    13.8155 0.0000e+00  -62.21467  -58.12767 1152335738 189.219212    34.3223 0.0000e+00
    256.000    -0.6981   2.805273    -0.6938   2.805708    7.00678     0.0036    13.8155 0.0000e+00  -62.21467  -58.12767 1152335739 189.219220    34.3210 0.0000e+00
    257.000    -0.7391   2.801798    -0.7386   2.801926    7.02213    -0.0029    13.8155 0.0000e+00  -62.21467  -58.12767 1152335740 189.219229    34.3206 0.0000e+00
    258.000    -0.7568   2.800395    -0.7570   2.800335    7.02914    -0.0059    13.8155 0.0000e+00  -62.21467  -58.12767 1152335741 189.219246    34.3216 0.0000e+00
    259.000    -0.7152   2.803970    -0.7249   2.803013    7.02660    -0.0061    13.8155 0.0000e+00  -62.21467  -58.12767 1152335744 189.219274    34.3204 0.0000e+00
    260.000    -0.7765   2.798817    -0.7755   2.798893    7.02620    -0.0068    13.8155 0.0000e+00  -62.21467  -58.12767 1152335745 189.219288    34.3210 0.0000e+00
    261.000    -0.7781   2.798701    -0.7776   2.798702    7.02935    -0.0088    13.8155 0.0000e+00  -62.21467  -58.12767 1152335746 189.219301    34.3204 0.0000e+00
    262.000    -0.7650   2.799992    -0.7632   2.800049    7.04546    -0.0135    13.8155 0.0000e+00  -62.21467  -58.12767 1152335748 189.219318    34.3217 0.0000e+00
    263.000    -0.7420   2.802116    -0.7367   2.802480    7.03336    -0.0189    13.8155 0.0000e+00  -62.21467  -58.12767 1152335749 189.219334    34.3229 0.0000e+00
    264.000    -0.6989   2.806111    -0.6973   2.806053    7.02195    -0.0171    13.8155 0.0000e+00  -62.21467  -58.12767 1152335750 189.219346    34.3261 0.0000e+00
    265.000    -0.7220   2.803960    -0.7237   2.803990    7.01743    -0.0199    13.8155 0.0000e+00  -62.21467  -58.12767 1152335751 189.219355    34.3215 0.0000e+00
    266.000    -0.7897   2.798247    -0.7894   2.798347    7.02538    -0.0076    13.8155 0.0000e+00  -62.21467  -58.12767 1152335751 189.219364    34.3237 0.0000e+00
    267.000    -0.8141   2.796233    -0.8136   2.796283    7.04000    -0.0263    13.8155 0.0000e+00  -62.21467  -58.12767 1152335753 189.219379    34.3243 0.0000e+00
    268.000    -0.7701   2.799990    -0.7810   2.799037    7.04136    -0.0204    13.8155 0.0000e+00  -62.21467  -58.12767 1152335755 189.219411    34.3226 0.0000e+00
    269.000    -0.8283   2.795169    -0.8287   2.795197    7.04382     0.0014    13.8155 0.0000e+00  -62.21467  -58.12767 1152335757 189.219428    34.3242 0.0000e+00
    270.000    -0.8424   2.794044    -0.8433   2.793973    7.05052    -0.0275    13.8155 0.0000e+00  -62.21467  -58.12767 1152335758 189.219440    34.3248 0.0000e+00
    271.000    -0.8528   2.793233    -0.8520   2.793270    7.05707    -0.0167    13.8155 0.0000e+00  -62.21467  -58.12767 1152335759 189.219450    34.3252 0.0000e+00
    272.000    -0.8547   2.793137    -0.8540   2.793163    7.05990    -0.0151    13.8155 0.0000e+00  -62.21467  -58.12767 1152335760 189.219460    34.3254 0.0000e+00
    273.000    -0.8557   2.793139    -0.8543   2.793221    7.06290    -0.0159    13.8155 0.0000e+00  -62.21467  -58.12767 1152335761 189.219472    34.3257 0.0000e+00
    274.000    -0.8577   2.793053    -0.8580   2.793038    7.06919    -0.0107    13.8155 0.0000e+00  -62.21467  -58.12767 1152335762 189.219486    34.3256 0.0000e+00
    275.000    -0.8880   2.790507    -0.8868   2.790603    7.07666    -0.0152    13.8155 0.0000e+00  -62.21467  -58.12767 1152335764 189.219505    34.3256 0.0000e+00
    276.000    -0.9165   2.788009    -0.9156   2.788139    7.09478    -0.0108    13.8155 0.0000e+00  -62.21467  -58.12767 1152335765 189.219523    34.3235 0.0000e+00
    277.000    -0.9594   2.784359    -0.9568   2.784606    7.11735    -0.0190    13.8155 0.0000e+00  -62.21467  -58.12767 1152335767 189.219538    34.3233 0.0000e+00
    278.000    -0.9877   2.781928    -0.9853   2.782177    7.12196    -0.0068    13.8155 0.0000e+00  -62.21467  -58.12767 1152335768 189.219552    34.3223 0.0000e+00
    279.000    -1.0376   2.777583    -1.0372   2.777789    7.13494    -0.0040    13.8155 0.0000e+00  -62.21467  -58.12767 1152335769 189.219566    34.3197 0.0000e+00
    280.000    -1.1081   2.771475    -1.1215   2.770565    7.15683    -0.0074    13.8155 0.0000e+00  -62.21467  -58.12767 1152335770 189.219582    34.3178 0.0000e+00
    281.000    -1.1645   2.766766    -1.1609   2.767200    7.17338    -0.0044    13.8155 0.0000e+00  -62.21467  -58.12767 1152335772 189.219596    34.3184 0.0000e+00
    282.000    -1.1432   2.768802    -1.1429   2.768795    7.18231     0.0019    13.8155 0.0000e+00  -62.21467  -58.12767 1152335773 189.219609    34.3200 0.0000e+00
    283.000    -1.1357   2.769513    -1.1361   2.769478    7.18713    -0.0095    13.8155 0.0000e+00  -62.21467  -58.12767 1152335774 189.219623    34.3191 0.0000e+00
    284.000    -1.1364   2.769545    -1.1332   2.769852    7.18956    -0.0103    13.8155 0.0000e+00  -62.21467  -58.12767 1152335775 189.219638    34.3189 0.0000e+00
    285.000    -1.1388   2.769404    -1.1382   2.769449    7.19299    -0.0073    13.8155 0.0000e+00  -62.21467  -58.12767 1152335777 189.219655    34.3187 0.0000e+00
    286.000    -1.1201   2.771160    -1.1219   2.770956    7.18991    -0.0094    13.8155 0.0000e+00  -62.21467  -58.12767 1152335778 189.219669    34.3199 0.0000e+00
    287.000    -1.1068   2.772431    -1.1173   2.771413    7.18395    -0.0100    13.8155 0.0000e+00  -62.21467  -58.12767 1152335779 189.219683    34.3211 0.0000e+00
    288.000    -1.0897   2.774029    -1.0904   2.773884    7.17639    -0.0046    13.8155 0.0000e+00  -62.21467  -58.12767 1152335780 189.219697    34.3213 0.0000e+00
    289.000    -1.0927   2.773781    -1.0893   2.774069    7.17388    -0.0188    13.8155 0.0000e+00  -62.21467  -58.12767 1152335782 189.219712    34.3208 0.0000e+00
    290.000    -1.0854   2.774609    -1.0822   2.774832    7.16393     0.0031    13.8155 0.0000e+00  -62.21467  -58.12767 1152335783 189.219729    34.3229 0.0000e+00
