product_data/regression_test/downloaded_data/MDGS/320620060703/ctd/p6609310.ros
* Sea-Bird SBE 9 Data File:
* FileName = D:\Data\Raw\p6609310.dat
* Software Version Seasave Win32 V 5.32
* Temperature SN = 1649
* Conductivity SN = 1431
* Number of Bytes Per Scan = 37
* Number of Voltage Words = 5
* Number of Scans Averaged by the Deck Unit = 1
* NMEA Latitude = 61 07.49 S
* NMEA Longitude = 058 05.61 W
* NMEA UTC (Time) = 09:04:34
** Ship:   Nathaniel B. Palmer nbp
** Cruise:    NBP0606 nbp0606
# nquan = 17
# nvalues = 1176                    
# units = specified
# name 0 = prDM: Pressure, Digiquartz [db]
# name 1 = t090C: Temperature [ITS-90, deg C]
# name 2 = c0S/m: Conductivity [S/m]
# name 3 = t190C: Temperature, 2 [ITS-90, deg C]
# name 4 = c1S/m: Conductivity, 2 [S/m]
# name 5 = sbeox0ML/L: Oxygen, SBE 43 [ml/l]
# name 6 = flECO-AFL: Fluorescence, Wetlab ECO-AFL/FL [mg/m^3]
# name 7 = bat: Beam Attenuation, Chelsea/Seatech/Wetlab CStar [1/m]
# name 8 = spar: SPAR/Surface Irradiance
# name 9 = latitude: Latitude [deg]
# name 10 = longitude: Longitude [deg]
# name 11 = timeY: Time, System [seconds]
# name 12 = timeJ: Julian Days
# name 13 = sal00: Salinity [PSU]
# name 14 = scan: scan number
# name 15 = nbf: number of bottles fired
# name 16 = flag:  0.000e+00
# interval = seconds: 0.0416667                   
# start_time = Jul 11 2006 09:04:41
*END*
[from data line 1022]
   1999.259     0.7735   3.034789     0.7746   3.035013    5.19388    -0.1502    13.8155 0.0000e+00  -61.12483  -58.09350 1152611617 192.412250    34.7098      70498         21  0.000e+00
   1999.259     0.7734   3.034782     0.7746   3.035025    5.19974    -0.1072    13.8155 0.0000e+00  -61.12483  -58.09350 1152611617 192.412250    34.7098      70499         21  0.000e+00
   1999.337     0.7736   3.034762     0.7744   3.035055    5.19978    -0.0857    13.8155 0.0000e+00  -61.12483  -58.09350 1152611617 192.412251    34.7092      70500         21  0.000e+00
   1999.259     0.7740   3.034810     0.7744   3.035043    5.19381    -0.1072    13.8155 0.0000e+00  -61.12483  -58.09350 1152611617 192.412251    34.7095      70501         21  0.000e+00
   1999.298     0.7736   3.034775     0.7746   3.035055    5.19975    -0.1502    13.8155 0.0000e+00  -61.12483  -58.09350 1152611617 192.412252    34.7094      70502         21  0.000e+00
   1999.337     0.7736   3.034755     0.7741   3.035043    5.19394    -0.1395    13.8155 0.0000e+00  -61.12483  -58.09350 1152611617 192.412252    34.7092      70503         21  0.000e+00
   1999.337     0.7735   3.034772     0.7743   3.035037    5.19394    -0.1502    13.8155 0.0000e+00  -61.12483  -58.09350 1152611617 192.412253    34.7095      70504         21  0.000e+00
   2000.741     0.7707   3.034587     0.7719   3.034876    5.19535    -0.0642    13.8155 0.0000e+00  -61.12483  -58.09350 1152611623 192.412327    34.7095      70659         22  0.000e+00
   2000.594     0.7707   3.034594     0.7708   3.034822    5.20109    -0.0319    13.8155 0.0000e+00  -61.12483  -58.09350 1152611623 192.412328    34.7097      70660         22  0.000e+00
   2000.662     0.7707   3.034550     0.7700   3.034768    5.19531    -0.1072    13.8155 0.0000e+00  -61.12483  -58.09350 1152611623 192.412328    34.7091      70661         22  0.000e+00
   2000.741     0.7706   3.034522     0.7691   3.034666    5.19538    -0.1287    13.8155 0.0000e+00  -61.12483  -58.09350 1152611623 192.412329    34.7088      70662         22  0.000e+00
   2000.741     0.7704   3.034495     0.7685   3.034660    5.19542    -0.1072    13.8155 0.0000e+00  -61.12483  -58.09350 1152611623 192.412329    34.7087      70663         22  0.000e+00
   2000.702     0.7693   3.034416     0.7683   3.034606    5.19555    -0.0857    13.8155 0.0000e+00  -61.12483  -58.09350 1152611624 192.412330    34.7089      70664         22  0.000e+00
   2000.663     0.7686   3.034392     0.7682   3.034606    5.19561    -0.0857    13.8155 0.0000e+00  -61.12483  -58.09350 1152611624 192.412330    34.7093      70665         22  0.000e+00
   2000.810     0.7683   3.034320     0.7679   3.034570    5.19578    -0.0964    13.8155 0.0000e+00  -61.12483  -58.09350 1152611624 192.412331    34.7087      70666         22  0.000e+00
   2000.741     0.7678   3.034296     0.7682   3.034558    5.19579    -0.1072    13.8155 0.0000e+00  -61.12483  -58.09350 1152611624 192.412331    34.7089      70667         22  0.000e+00
   2000.741     0.7676   3.034296     0.7681   3.034576    5.19582    -0.0857    13.8155 0.0000e+00  -61.12483  -58.09350 1152611624 192.412332    34.7092      70668         22  0.000e+00
   2000.810     0.7678   3.034317     0.7681   3.034588    5.19583    -0.0534    13.8155 0.0000e+00  -61.12483  -58.09350 1152611624 192.412332    34.7092      70669         22  0.000e+00
   2000.810     0.7677   3.034303     0.7681   3.034564    5.19586    -0.0964    13.8155 0.0000e+00  -61.12483  -58.09350 1152611624 192.412333    34.7091      70670         22  0.000e+00
   2000.849     0.7675   3.034279     0.7680   3.034576    5.19591    -0.1287    13.8155 0.0000e+00  -61.12483  -58.09350 1152611624 192.412333    34.7090      70671         22  0.000e+00
   2000.810     0.7677   3.034289     0.7676   3.034564    5.19586    -0.1180    13.8155 0.0000e+00  -61.12483  -58.09350 1152611624 192.412334    34.7090      70672         22  0.000e+00
   2000.810     0.7670   3.034313     0.7682   3.034594    5.19593    -0.1072    13.8155 0.0000e+00  -61.12483  -58.09350 1152611624 192.412334    34.7100      70673         22  0.000e+00
   2000.810     0.7671   3.034286     0.7677   3.034570    5.19593    -0.1180    13.8155 0.0000e+00  -61.12483  -58.09350 1152611624 192.412335    34.7096      70674         22  0.000e+00
   2000.888     0.7675   3.034272     0.7677   3.034558    5.19595    -0.0964    13.8155 0.0000e+00  -61.12483  -58.09350 1152611624 192.412335    34.7089      70675         22  0.000e+00
   2000.888     0.7680   3.034327     0.7681   3.034558    5.19587    -0.1502    13.8155 0.0000e+00  -61.12483  -58.09350 1152611624 192.412336    34.7091      70676         22  0.000e+00
   2000.810     0.7682   3.034399     0.7677   3.034558    5.19576    -0.1395    13.8155 0.0000e+00  -61.12483  -58.09350 1152611624 192.412336    34.7098      70677         22  0.000e+00
   2000.888     0.7688   3.034416     0.7686   3.034558    5.20159    -0.1395    13.8155 0.0000e+00  -61.12483  -58.09350 1152611624 192.412337    34.7093      70678         22  0.000e+00
   2000.849     0.7690   3.034457     0.7684   3.034576    5.20152    -0.1395    13.8155 0.0000e+00  -61.12483  -58.09350 1152611624 192.412337    34.7096      70679         22  0.000e+00
   2000.888     0.7691   3.034447     0.7687   3.034564    5.19569    -0.0964    13.8155 0.0000e+00  -61.12483  -58.09350 1152611624 192.412337    34.7094      70680         22  0.000e+00
   2000.888     0.7691   3.034406     0.7682   3.034558    5.19571    -0.0857    13.8155 0.0000e+00  -61.12483  -58.09350 1152611624 192.412338    34.7089      70681         22  0.000e+00
   2000.888     0.7688   3.034409     0.7685   3.034594    5.19574    -0.1072    13.8155 0.0000e+00  -61.12483  -58.09350 1152611624 192.412338    34.7093      70682         22  0.000e+00
   2000.888     0.7690   3.034416     0.7677   3.034594    5.19572    -0.0857    13.8155 0.0000e+00  -61.12483  -58.09350 1152611624 192.412339    34.7092      70683         22  0.000e+00
   2000.888     0.7690   3.034399     0.7684   3.034588    5.19572    -0.0749    13.8155 0.0000e+00  -61.12483  -58.09350 1152611624 192.412339    34.7089      70684         22  0.000e+00
   2000.888     0.7686   3.034371     0.7678   3.034564    5.19578    -0.0964    13.8155 0.0000e+00  -61.12483  -58.09350 1152611624 192.412340    34.7090      70685         22  0.000e+00
   2000.849     0.7686   3.034351     0.7684   3.034594    5.19576    -0.0964    13.8155 0.0000e+00  -61.12483  -58.09350 1152611624 192.412340    34.7087      70686         22  0.000e+00
   2000.888     0.7685   3.034344     0.7684   3.034570    5.19581    -0.1072    13.8155 0.0000e+00  -61.12483  -58.09350 1152611624 192.412341    34.7088      70687         22  0.000e+00
   2000.888     0.7678   3.034327     0.7678   3.034576    5.19589    -0.1072    13.8155 0.0000e+00  -61.12483  -58.09350 1152611625 192.412341    34.7093      70688         22  0.000e+00
   2000.888     0.7682   3.034303     0.7687   3.034564    5.19586    -0.0857    13.8155 0.0000e+00  -61.12483  -58.09350 1152611625 192.412342    34.7086      70689         22  0.000e+00
   2000.810     0.7675   3.034313     0.7679   3.034558    5.19587    -0.1072    13.8155 0.0000e+00  -61.12483  -58.09350 1152611625 192.412342    34.7095      70690         22  0.000e+00
   2000.888     0.7674   3.034320     0.7681   3.034618    5.19594    -0.1287    13.8155 0.0000e+00  -61.12483  -58.09350 1152611625 192.412343    34.7097      70691         22  0.000e+00
   2000.810     0.7675   3.034320     0.7683   3.034618    5.19587    -0.1610    13.8155 0.0000e+00  -61.12483  -58.09350 1152611625 192.412343    34.7095      70692         22  0.000e+00
   2000.918     0.7674   3.034286     0.7682   3.034594    5.19598    -0.1287    13.8155 0.0000e+00  -61.12483  -58.09350 1152611625 192.412344    34.7092      70693         22  0.000e+00
   2000.810     0.7672   3.034306     0.7685   3.034606    5.19591    -0.1072    13.8155 0.0000e+00  -61.12483  -58.09350 1152611625 192.412344    34.7097      70694         22  0.000e+00
   2000.810     0.7678   3.034303     0.7680   3.034594    5.19584    -0.0964    13.8155 0.0000e+00  -61.12483  -58.09350 1152611625 192.412345    34.7090      70695         22  0.000e+00
   2000.810     0.7678   3.034296     0.7693   3.034624    5.19585    -0.0857    13.8155 0.0000e+00  -61.12483  -58.09350 1152611625 192.412345    34.7089      70696         22  0.000e+00
   2000.810     0.7678   3.034330     0.7693   3.034684    5.19583    -0.0857    13.8155 0.0000e+00  -61.12483  -58.09350 1152611625 192.412346    34.7093      70697         22  0.000e+00
   2000.741     0.7680   3.034365     0.7698   3.034720    5.19574    -0.1072    13.8155 0.0000e+00  -61.12483  -58.09350 1152611625 192.412346    34.7096      70698         22  0.000e+00
   2000.810     0.7685   3.034351     0.7705   3.034744    5.19575    -0.0964    13.8155 0.0000e+00  -61.12483  -58.09350 1152611625 192.412347    34.7089      70699         22  0.000e+00
   2000.771     0.7683   3.034382     0.7704   3.034756    5.19572    -0.0749    13.8155 0.0000e+00  -61.12483  -58.09350 1152611625 192.412347    34.7095      70700         22  0.000e+00
   2000.741     0.7684   3.034375     0.7715   3.034792    5.19569    -0.1287    13.8155 0.0000e+00  -61.12483  -58.09350 1152611625 192.412348    34.7093      70701         22  0.000e+00
   2000.810     0.7688   3.034368     0.7723   3.034828    5.19570    -0.1072    13.8155 0.0000e+00  -61.12483  -58.09350 1152611625 192.412348    34.7088      70702         22  0.000e+00
   2000.663     0.7690   3.034423     0.7726   3.034858    5.19556    -0.0534    13.8155 0.0000e+00  -61.12483  -58.09350 1152611625 192.412349    34.7094      70703         22  0.000e+00
   2000.741     0.7693   3.034419     0.7726   3.034906    5.19558    -0.0964    13.8155 0.0000e+00  -61.12483  -58.09350 1152611625 192.412349    34.7089      70704         22  0.000e+00
   2000.663     0.7693   3.034416     0.7726   3.034882    5.19552    -0.0964    13.8155 0.0000e+00  -61.12483  -58.09350 1152611625 192.412350    34.7089      70705         22  0.000e+00
   2000.663     0.7696   3.034450     0.7730   3.034888    5.19547    -0.1180    13.8155 0.0000e+00  -61.12483  -58.09350 1152611625 192.412350    34.7090      70706         22  0.000e+00
   2000.702     0.7697   3.034485     0.7727   3.034900    5.19548    -0.1287    13.8155 0.0000e+00  -61.12483  -58.09350 1152611625 192.412351    34.7094      70707         22  0.000e+00
   2000.145     0.7724   3.034628     0.7730   3.034936    5.20056    -0.0749    13.8155 0.0000e+00  -61.12483  -58.09350 1152611632 192.412430    34.7085      70872         23  0.000e+00
   2000.185     0.7719   3.034683     0.7726   3.034924    5.19477    -0.0857    13.8155 0.0000e+00  -61.12483  -58.09350 1152611632 192.412431    34.7097      70873         23  0.000e+00
   2000.145     0.7721   3.034666     0.7727   3.034924    5.19473    -0.0749    13.8155 0.0000e+00  -61.12483  -58.09350 1152611632 192.412431    34.7093      70874         23  0.000e+00
   2000.302     0.7723   3.034697     0.7726   3.034942    5.20065    -0.0964    13.8155 0.0000e+00  -61.12483  -58.09350 1152611632 192.412432    34.7094      70875         23  0.000e+00
   2000.302     0.7725   3.034724     0.7734   3.034972    5.20061    -0.1287    13.8155 0.0000e+00  -61.12483  -58.09350 1152611632 192.412432    34.7095      70876         23  0.000e+00
   2000.224     0.7725   3.034697     0.7732   3.035002    5.19472    -0.1180    13.8155 0.0000e+00  -61.12483  -58.09350 1152611632 192.412432    34.7092      70877         23  0.000e+00
   2000.302     0.7727   3.034717     0.7738   3.035008    5.19475    -0.1180    13.8155 0.0000e+00  -61.12483  -58.09350 1152611632 192.412433    34.7092      70878         23  0.000e+00
   2000.371     0.7725   3.034731     0.7739   3.035008    5.19481    -0.0857    13.8155 0.0000e+00  -61.12483  -58.09350 1152611632 192.412433    34.7095      70879         23  0.000e+00
   2000.332     0.7726   3.034697     0.7735   3.035049    5.20064    -0.0964    13.8155 0.0000e+00  -61.12483  -58.09350 1152611632 192.412434    34.7090      70880         23  0.000e+00
   2000.371     0.7727   3.034700     0.7739   3.035043    5.20066    -0.1072    13.8155 0.0000e+00  -61.12483  -58.09350 1152611633 192.412434    34.7090      70881         23  0.000e+00
   2000.371     0.7729   3.034707     0.7735   3.035055    5.20064    -0.1072    13.8155 0.0000e+00  -61.12483  -58.09350 1152611633 192.412435    34.7089      70882         23  0.000e+00
   2000.371     0.7732   3.034741     0.7735   3.035043    5.20059    -0.1180    13.8155 0.0000e+00  -61.12483  -58.09350 1152611633 192.412435    34.7090      70883         23  0.000e+00
   2000.450     0.7726   3.034704     0.7743   3.035038    5.20072    -0.0857    13.8155 0.0000e+00  -61.12483  -58.09350 1152611633 192.412436    34.7090      70884         23  0.000e+00
   2000.450     0.7725   3.034680     0.7737   3.035056    5.20074    -0.1072    13.8155 0.0000e+00  -61.12483  -58.09350 1152611633 192.412436    34.7088      70885         23  0.000e+00
   2000.450     0.7724   3.034659     0.7738   3.035067    5.20077    -0.0857    13.8155 0.0000e+00  -61.12483  -58.09350 1152611633 192.412437    34.7087      70886         23  0.000e+00
   2000.410     0.7724   3.034697     0.7743   3.035020    5.20072    -0.0857    13.8155 0.0000e+00  -61.12483  -58.09350 1152611633 192.412437    34.7092      70887         23  0.000e+00
   2000.518     0.7722   3.034724     0.7739   3.035050    5.20080    -0.1072    13.8155 0.0000e+00  -61.12483  -58.09350 1152611633 192.412438    34.7097      70888         23  0.000e+00
   2000.450     0.7725   3.034714     0.7741   3.035067    5.20073    -0.1395    13.8155 0.0000e+00  -61.12483  -58.09350 1152611633 192.412438    34.7093      70889         23  0.000e+00
   2000.450     0.7722   3.034724     0.7738   3.035044    5.20075    -0.1395    13.8155 0.0000e+00  -61.12483  -58.09350 1152611633 192.412439    34.7097      70890         23  0.000e+00
   2000.518     0.7725   3.034731     0.7737   3.035014    5.20077    -0.1395    13.8155 0.0000e+00  -61.12483  -58.09350 1152611633 192.412439    34.7094      70891         23  0.000e+00
   2000.450     0.7729   3.034731     0.7736   3.035050    5.20068    -0.1395    13.8155 0.0000e+00  -61.12483  -58.09350 1152611633 192.412440    34.7091      70892         23  0.000e+00
   2000.479     0.7732   3.034731     0.7735   3.035044    5.20067    -0.1072    13.8155 0.0000e+00  -61.12483  -58.09350 1152611633 192.412440    34.7088      70893         23  0.000e+00
   2000.450     0.7728   3.034714     0.7740   3.035056    5.20070    -0.0749    13.8155 0.0000e+00  -61.12483  -58.09350 1152611633 192.412441    34.7090      70894         23  0.000e+00
   2000.518     0.7729   3.034762     0.7736   3.035044    5.20072    -0.0642    13.8155 0.0000e+00  -61.12483  -58.09350 1152611633 192.412441    34.7095      70895         23  0.000e+00
   2000.450     0.7727   3.034759     0.7739   3.035056    5.20069    -0.0534    13.8155 0.0000e+00  -61.12483  -58.09350 1152611633 192.412442    34.7097      70896         23  0.000e+00
   2000.450     0.7732   3.034738     0.7742   3.035044    5.19479    -0.1072    13.8155 0.0000e+00  -61.12483  -58.09350 1152611633 192.412442    34.7089      70897         23  0.000e+00
   2000.450     0.7729   3.034748     0.7739   3.035038    5.19482    -0.1718    13.8155 0.0000e+00  -61.12483  -58.09350 1152611633 192.412443    34.7094      70898         23  0.000e+00
   2000.518     0.7734   3.034793     0.7741   3.035038    5.20064    -0.1610    13.8155 0.0000e+00  -61.12483  -58.09350 1152611633 192.412443    34.7093      70899         23  0.000e+00
