product_data/regression_test/downloaded_data/MDGS/320620060703/ctd/p6607601.ros
* Sea-Bird SBE 9 Data File:
* FileName = D:\Data\Raw\p6607601.dat
* Software Version Seasave Win32 V 5.32
* Temperature SN = 1649
* Conductivity SN = 1431
* Number of Bytes Per Scan = 37
* Number of Voltage Words = 5
* Number of Scans Averaged by the Deck Unit = 1
* NMEA Latitude = 62 16.73 S
* NMEA Longitude = 058 05.18 W
* NMEA UTC (Time) = 15:51:28
** Ship:   Nathaniel B. Palmer 
** Cruise:    NBP0606 
# nquan = 17
# nvalues = 1176                    
# units = specified
# name 0 = prDM: Pressure, Digiquartz [db]
# name 1 = t090C: Temperature [ITS-90, deg C]
# name 2 = c0S/m: Conductivity [S/m]
# name 3 = t190C: Temperature, 2 [ITS-90, deg C]
# name 4 = c1S/m: Conductivity, 2 [S/m]
# name 5 = sbeox0ML/L: Oxygen, SBE 43 [ml/l]
# name 6 = flECO-AFL: Fluorescence, Wetlab ECO-AFL/FL [mg/m^3]
# name 7 = bat: Beam Attenuation, Chelsea/Seatech/Wetlab CStar [1/m]
# name 8 = spar: SPAR/Surface Irradiance
# name 9 = latitude: Latitude [deg]
# name 10 = longitude: Longitude [deg]
# name 11 = timeY: Time, System [seconds]
# name 12 = timeJ: Julian Days
# name 13 = sal00: Salinity [PSU]
# name 14 = scan: scan number
# name 15 = nbf: number of bottles fired
# name 16 = flag:  0.000e+00
# interval = seconds: 0.0416667                   
# start_time = Jul 08 2006 15:51:36
*END*
[from data line 1022]
     50.575    -1.1372   2.757003    -1.1335   2.757199    3.01123    -0.1072    13.8155 1.9481e+00  -62.27883  -58.08633 1152378909 189.718868    34.2906     120342         21  0.000e+00
     50.575    -1.1373   2.757003    -1.1339   2.757199    3.01124    -0.0964    13.8155 1.9481e+00  -62.27883  -58.08633 1152378909 189.718869    34.2907     120343         21  0.000e+00
     50.575    -1.1364   2.757007    -1.1338   2.757175    3.01117    -0.0642    13.8155 1.9481e+00  -62.27883  -58.08633 1152378909 189.718869    34.2897     120344         21  0.000e+00
     50.508    -1.1370   2.756971    -1.1343   2.757129    3.01120    -0.0749    13.8155 3.8963e+00  -62.27883  -58.08633 1152378909 189.718870    34.2900     120345         21  0.000e+00
     50.508    -1.1368   2.756994    -1.1349   2.757118    3.01118    -0.0426    13.8155 3.8963e+00  -62.27883  -58.08633 1152378909 189.718870    34.2900     120346         21  0.000e+00
     50.508    -1.1367   2.756987    -1.1344   2.757100    3.01117    -0.0534    13.8155 3.8963e+00  -62.27883  -58.08633 1152378909 189.718871    34.2898     120347         21  0.000e+00
     50.432    -1.1362   2.757017    -1.1345   2.757094    3.01110    -0.0749    13.8155 1.9481e+00  -62.27883  -58.08633 1152378909 189.718871    34.2897     120348         21  0.000e+00
     50.079    -1.1333   2.757177    -1.1352   2.757065    3.01069     0.0112    13.8155 1.9481e+00  -62.27883  -58.08633 1152378909 189.718878    34.2888     120362         22  0.000e+00
     50.432    -1.1334   2.757178    -1.1345   2.757083    3.01084    -0.0426    13.8155 1.9481e+00  -62.27883  -58.08633 1152378909 189.718878    34.2887     120363         22  0.000e+00
     50.012    -1.1341   2.757148    -1.1347   2.757094    3.01073    -0.0749    13.8155 1.9481e+00  -62.27883  -58.08633 1152378909 189.718879    34.2893     120364         22  0.000e+00
     50.156    -1.1342   2.757138    -1.1350   2.757071    3.01080    -0.0534    13.8155 1.9481e+00  -62.27883  -58.08633 1152378910 189.718879    34.2893     120365         22  0.000e+00
     50.079    -1.1341   2.757122    -1.1349   2.757065    3.01077    -0.0749    13.8155 1.9481e+00  -62.27883  -58.08633 1152378910 189.718880    34.2890     120366         22  0.000e+00
     50.012    -1.1339   2.757131    -1.1349   2.757048    3.01072    -0.0964    13.8155 1.9481e+00  -62.27883  -58.08633 1152378910 189.718880    34.2889     120367         22  0.000e+00
     50.156    -1.1336   2.757154    -1.1353   2.757042    3.01075    -0.0319    13.8155 1.9481e+00  -62.27883  -58.08633 1152378910 189.718881    34.2888     120368         22  0.000e+00
     50.012    -1.1334   2.757177    -1.1350   2.757060    3.01067     0.0219    13.8155 1.9481e+00  -62.27883  -58.08633 1152378910 189.718881    34.2889     120369         22  0.000e+00
     50.079    -1.1336   2.757164    -1.1353   2.757048    3.01072    -0.0319    13.8155 1.9481e+00  -62.27883  -58.08633 1152378910 189.718882    34.2890     120370         22  0.000e+00
     50.012    -1.1342   2.757112    -1.1353   2.757060    3.01075    -0.0749    13.8155 1.9481e+00  -62.27883  -58.08633 1152378910 189.718882    34.2890     120371         22  0.000e+00
     49.946    -1.1348   2.757112    -1.1349   2.757065    3.01076    -0.0534    13.8155 1.9481e+00  -62.27883  -58.08633 1152378910 189.718883    34.2897     120372         22  0.000e+00
     49.946    -1.1349   2.757099    -1.1352   2.757002    3.01077    -0.0534    13.8155 1.9481e+00  -62.27883  -58.08633 1152378910 189.718883    34.2896     120373         22  0.000e+00
     49.946    -1.1353   2.757092    -1.1359   2.756984    3.00608    -0.0749    13.8155 1.9481e+00  -62.27883  -58.08633 1152378910 189.718884    34.2900     120374         22  0.000e+00
     49.946    -1.1358   2.757046    -1.1358   2.756984    3.01085    -0.0642    13.8155 1.9481e+00  -62.27883  -58.08633 1152378910 189.718884    34.2899     120375         22  0.000e+00
     49.869    -1.1358   2.756977    -1.1362   2.756967    3.01084    -0.0642    13.8155 1.9481e+00  -62.27883  -58.08633 1152378910 189.718885    34.2891     120376         22  0.000e+00
     49.869    -1.1366   2.756961    -1.1370   2.756921    3.01090    -0.0642    13.8155 1.9481e+00  -62.27883  -58.08633 1152378910 189.718885    34.2897     120377         22  0.000e+00
     49.869    -1.1370   2.756944    -1.1370   2.756886    3.01094    -0.0426    13.8155 1.9481e+00  -62.27883  -58.08633 1152378910 189.718886    34.2900     120378         22  0.000e+00
     49.803    -1.1369   2.756921    -1.1371   2.756880    3.01091    -0.0211    13.8155 1.9481e+00  -62.27883  -58.08633 1152378910 189.718886    34.2896     120379         22  0.000e+00
     49.803    -1.1372   2.756931    -1.1370   2.756880    3.01093    -0.0534    13.8155 1.9481e+00  -62.27883  -58.08633 1152378910 189.718886    34.2900     120380         22  0.000e+00
     49.803    -1.1367   2.756938    -1.1367   2.756880    3.01089    -0.0857    13.8155 1.9481e+00  -62.27883  -58.08633 1152378910 189.718887    34.2896     120381         22  0.000e+00
     49.803    -1.1369   2.756921    -1.1368   2.756880    3.01091    -0.0857    13.8155 1.9481e+00  -62.27883  -58.08633 1152378910 189.718887    34.2895     120382         22  0.000e+00
     49.736    -1.1363   2.756918    -1.1370   2.756863    3.00611    -0.0426    13.8155 1.9481e+00  -62.27883  -58.08633 1152378910 189.718888    34.2889     120383         22  0.000e+00
     49.736    -1.1362   2.756934    -1.1372   2.756892    3.01083    -0.0426    13.8155 1.9481e+00  -62.27883  -58.08633 1152378910 189.718888    34.2890     120384         22  0.000e+00
     49.736    -1.1372   2.756941    -1.1375   2.756869    3.01090    -0.0642    13.8155 1.9481e+00  -62.27883  -58.08633 1152378910 189.718889    34.2902     120385         22  0.000e+00
     49.660    -1.1368   2.756970    -1.1375   2.756857    3.01083    -0.0211    13.8155 1.9481e+00  -62.27883  -58.08633 1152378910 189.718889    34.2902     120386         22  0.000e+00
     49.660    -1.1367   2.756983    -1.1378   2.756857    3.01082    -0.0104    13.8155 1.9481e+00  -62.27883  -58.08633 1152378910 189.718890    34.2903     120387         22  0.000e+00
     49.660    -1.1361   2.756983    -1.1373   2.756834    3.01077    -0.0104    13.8155 1.9481e+00  -62.27883  -58.08633 1152378910 189.718890    34.2896     120388         22  0.000e+00
     49.526    -1.1364   2.757000    -1.1379   2.756828    3.01073    -0.0749    13.8155 1.9481e+00  -62.27883  -58.08633 1152378911 189.718891    34.2902     120389         22  0.000e+00
     49.736    -1.1355   2.756987    -1.1378   2.756846    3.01076    -0.0964    13.8155 1.9481e+00  -62.27883  -58.08633 1152378911 189.718891    34.2889     120390         22  0.000e+00
     49.593    -1.1361   2.757000    -1.1376   2.756834    3.01074    -0.0319    13.8155 1.9481e+00  -62.27883  -58.08633 1152378911 189.718892    34.2899     120391         22  0.000e+00
     49.526    -1.1358   2.757006    -1.1375   2.756811    3.01069    -0.0319    13.8155 1.9481e+00  -62.27883  -58.08633 1152378911 189.718892    34.2896     120392         22  0.000e+00
     49.593    -1.1358   2.757020    -1.1371   2.756782    3.01072    -0.0749    13.8155 1.9481e+00  -62.27883  -58.08633 1152378911 189.718893    34.2898     120393         22  0.000e+00
     49.526    -1.1355   2.756993    -1.1378   2.756811    3.01067    -0.0749    13.8155 1.9481e+00  -62.27883  -58.08633 1152378911 189.718893    34.2891     120394         22  0.000e+00
     49.526    -1.1356   2.757016    -1.1371   2.756828    3.00594    -0.0642    13.8155 1.9481e+00  -62.27883  -58.08633 1152378911 189.718894    34.2896     120395         22  0.000e+00
     49.526    -1.1360   2.756993    -1.1368   2.756846    3.01071    -0.0534    13.8155 1.9481e+00  -62.27883  -58.08633 1152378911 189.718894    34.2897     120396         22  0.000e+00
     49.450    -1.1358   2.756964    -1.1368   2.756857    3.01067    -0.0857    13.8155 1.9481e+00  -62.27883  -58.08633 1152378911 189.718895    34.2891     120397         22  0.000e+00
     49.450    -1.1362   2.756928    -1.1370   2.756834    3.01071    -0.0426    13.8155 1.9481e+00  -62.27883  -58.08633 1152378911 189.718895    34.2891     120398         22  0.000e+00
     49.450    -1.1362   2.756947    -1.1371   2.756863    3.01071    -0.0319    13.8155 1.9481e+00  -62.27883  -58.08633 1152378911 189.718896    34.2894     120399         22  0.000e+00
     49.383    -1.1369   2.756911    -1.1368   2.756880    3.01074    -0.0534    13.8155 1.9481e+00  -62.27883  -58.08633 1152378911 189.718896    34.2897     120400         22  0.000e+00
     49.450    -1.1372   2.756928    -1.1363   2.756880    3.01078    -0.0642    13.8155 1.9481e+00  -62.27883  -58.08633 1152378911 189.718897    34.2902     120401         22  0.000e+00
     49.383    -1.1370   2.756888    -1.1367   2.756898    3.01075    -0.0426    13.8155 1.9481e+00  -62.27883  -58.08633 1152378911 189.718897    34.2895     120402         22  0.000e+00
     49.383    -1.1377   2.756872    -1.1365   2.756886    3.01081    -0.0319    13.8155 1.9481e+00  -62.27883  -58.08633 1152378911 189.718898    34.2901     120403         22  0.000e+00
     49.383    -1.1384   2.756803    -1.1367   2.756880    3.01088    -0.0104    13.8155 1.9481e+00  -62.27883  -58.08633 1152378911 189.718898    34.2899     120404         22  0.000e+00
     49.316    -1.1386   2.756750    -1.1364   2.756915    3.01088    -0.0104    13.8155 1.9481e+00  -62.27883  -58.08633 1152378911 189.718899    34.2894     120405         22  0.000e+00
     49.383    -1.1389   2.756740    -1.1365   2.756915    3.00620    -0.0749    13.8155 1.9481e+00  -62.27883  -58.08633 1152378911 189.718899    34.2896     120406         22  0.000e+00
     49.316    -1.1392   2.756704    -1.1359   2.756886    3.00621    -0.0964    13.8155 1.9481e+00  -62.27883  -58.08633 1152378911 189.718899    34.2896     120407         22  0.000e+00
     49.316    -1.1409   2.756645    -1.1362   2.756898    3.01107    -0.0319    13.8155 1.9481e+00  -62.27883  -58.08633 1152378911 189.718900    34.2906     120408         22  0.000e+00
     49.240    -1.1412   2.756609    -1.1368   2.756869    3.01108    -0.0319    13.8155 1.9481e+00  -62.27883  -58.08633 1152378911 189.718900    34.2906     120409         22  0.000e+00
     49.316    -1.1412   2.756589    -1.1367   2.756892    3.01111    -0.0749    13.8155 1.9481e+00  -62.27883  -58.08633 1152378911 189.718901    34.2902     120410         22  0.000e+00
     10.262    -1.6343   2.711728    -1.6324   2.711894    3.06310    -0.0534    13.8155 5.8444e+00  -62.27883  -58.08633 1152379063 189.720659    34.2623     124056         23  0.000e+00
     10.300    -1.6343   2.711709    -1.6324   2.711871    3.06313    -0.0426    13.8155 5.8444e+00  -62.27883  -58.08633 1152379063 189.720660    34.2621     124057         23  0.000e+00
     10.300    -1.6337   2.711761    -1.6317   2.711883    3.06306    -0.0211    13.8155 5.8444e+00  -62.27883  -58.08633 1152379063 189.720660    34.2620     124058         23  0.000e+00
     10.262    -1.6330   2.711803    -1.6315   2.711906    3.06298    -0.0426    13.8155 5.8444e+00  -62.27883  -58.08633 1152379063 189.720661    34.2618     124059         23  0.000e+00
     10.300    -1.6327   2.711829    -1.6320   2.711894    3.06297    -0.0104    13.8155 5.8444e+00  -62.27883  -58.08633 1152379063 189.720661    34.2619     124060         23  0.000e+00
     10.233    -1.6319   2.711934    -1.6306   2.711969    3.06285     0.0219    13.8155 5.8444e+00  -62.27883  -58.08633 1152379064 189.720662    34.2624     124061         23  0.000e+00
     10.262    -1.6310   2.711947    -1.6291   2.712032    3.06279     0.0112    13.8155 5.8444e+00  -62.27883  -58.08633 1152379064 189.720662    34.2616     124062         23  0.000e+00
     10.300    -1.6314   2.711943    -1.6294   2.712084    3.06284    -0.0642    13.8155 5.8444e+00  -62.27883  -58.08633 1152379064 189.720663    34.2620     124063         23  0.000e+00
     10.233    -1.6315   2.711927    -1.6300   2.712118    3.06282    -0.0749    13.8155 3.8963e+00  -62.27883  -58.08633 1152379064 189.720663    34.2619     124064         23  0.000e+00
     10.262    -1.6302   2.711953    -1.6294   2.712107    3.06273    -0.0534    13.8155 3.8963e+00  -62.27883  -58.08633 1152379064 189.720664    34.2607     124065         23  0.000e+00
     10.300    -1.6306   2.712015    -1.6291   2.712118    3.06275    -0.0534    13.8155 3.8963e+00  -62.27883  -58.08633 1152379064 189.720664    34.2620     124066         23  0.000e+00
     10.233    -1.6303   2.712048    -1.6295   2.712084    3.06270    -0.0642    13.8155 5.8444e+00  -62.27883  -58.08633 1152379064 189.720665    34.2622     124067         23  0.000e+00
     10.262    -1.6293   2.712084    -1.6295   2.712072    3.06263    -0.0211    13.8155 5.8444e+00  -62.27883  -58.08633 1152379064 189.720665    34.2616     124068         23  0.000e+00
     10.233    -1.6294   2.712097    -1.6294   2.712072    3.06261    -0.0211    13.8155 3.8963e+00  -62.27883  -58.08633 1152379064 189.720666    34.2618     124069         23  0.000e+00
     10.233    -1.6284   2.712106    -1.6294   2.712072    3.06254    -0.0426    13.8155 3.8963e+00  -62.27883  -58.08633 1152379064 189.720666    34.2608     124070         23  0.000e+00
     10.119    -1.6286   2.712116    -1.6286   2.712107    3.06250    -0.0426    13.8155 3.8963e+00  -62.27883  -58.08633 1152379064 189.720666    34.2613     124071         23  0.000e+00
     10.300    -1.6290   2.712149    -1.6287   2.712158    3.06260    -0.0534    13.8155 5.8444e+00  -62.27883  -58.08633 1152379064 189.720667    34.2621     124072         23  0.000e+00
     10.233    -1.6274   2.712243    -1.6283   2.712135    3.06242    -0.0642    13.8155 5.8444e+00  -62.27883  -58.08633 1152379064 189.720667    34.2616     124073         23  0.000e+00
     10.262    -1.6261   2.712322    -1.6275   2.712181    3.06231    -0.0534    13.8155 5.8444e+00  -62.27883  -58.08633 1152379064 189.720668    34.2611     124074         23  0.000e+00
     10.233    -1.6262   2.712354    -1.6272   2.712256    3.06230    -0.0534    13.8155 5.8444e+00  -62.27883  -58.08633 1152379064 189.720668    34.2617     124075         23  0.000e+00
     10.233    -1.6256   2.712374    -1.6269   2.712354    3.06225    -0.0964    13.8155 3.8963e+00  -62.27883  -58.08633 1152379064 189.720669    34.2613     124076         23  0.000e+00
     10.186    -1.6255   2.712380    -1.6257   2.712440    3.06222    -0.1072    13.8155 3.8963e+00  -62.27883  -58.08633 1152379064 189.720669    34.2613     124077         23  0.000e+00
     10.233    -1.6263   2.712429    -1.6252   2.712463    3.06229    -0.0749    13.8155 3.8963e+00  -62.27883  -58.08633 1152379064 189.720670    34.2629     124078         23  0.000e+00
     10.157    -1.6261   2.712429    -1.6269   2.712383    3.06224    -0.0426    13.8155 3.8963e+00  -62.27883  -58.08633 1152379064 189.720670    34.2627     124079         23  0.000e+00
     10.186    -1.6257   2.712426    -1.6285   2.712319    3.06222    -0.0642    13.8155 3.8963e+00  -62.27883  -58.08633 1152379064 189.720671    34.2622     124080         23  0.000e+00
     10.233    -1.6258   2.712426    -1.6275   2.712325    3.06225    -0.0857    13.8155 3.8963e+00  -62.27883  -58.08633 1152379064 189.720671    34.2622     124081         23  0.000e+00
     10.233    -1.6261   2.712358    -1.6262   2.712429    3.06229    -0.1072    13.8155 3.8963e+00  -62.27883  -58.08633 1152379064 189.720672    34.2616     124082         23  0.000e+00
     10.186    -1.6269   2.712354    -1.6263   2.712446    3.06233    -0.1072    13.8155 3.8963e+00  -62.27883  -58.08633 1152379064 189.720672    34.2625     124083         23  0.000e+00
