product_data/regression_test/downloaded_data/MDGS/320620060703/ctd/p6607501.ros
* Sea-Bird SBE 9 Data File:
* FileName = D:\Data\Raw\p6607501.dat
* Software Version Seasave Win32 V 5.32
* Temperature SN = 1649
* Conductivity SN = 1431
* Number of Bytes Per Scan = 37
* Number of Voltage Words = 5
* Number of Scans Averaged by the Deck Unit = 1
* NMEA Latitude = 62 15.77 S
* NMEA Longitude = 058 05.80 W
* NMEA UTC (Time) = 13:33:07
** Ship:   Nathaniel B. Palmer 
** Cruise:    NBP0606 
# nquan = 17
# nvalues = 1176                    
# units = specified
# name 0 = prDM: Pressure, Digiquartz [db]
# name 1 = t090C: Temperature [ITS-90, deg C]
# name 2 = c0S/m: Conductivity [S/m]
# name 3 = t190C: Temperature, 2 [ITS-90, deg C]
# name 4 = c1S/m: Conductivity, 2 [S/m]
# name 5 = sbeox0ML/L: Oxygen, SBE 43 [ml/l]
# name 6 = flECO-AFL: Fluorescence, Wetlab ECO-AFL/FL [mg/m^3]
# name 7 = bat: Beam Attenuation, Chelsea/Seatech/Wetlab CStar [1/m]
# name 8 = spar: SPAR/Surface Irradiance
# name 9 = latitude: Latitude [deg]
# name 10 = longitude: Longitude [deg]
# name 11 = timeY: Time, System [seconds]
# name 12 = timeJ: Julian Days
# name 13 = sal00: Salinity [PSU]
# name 14 = scan: scan number
# name 15 = nbf: number of bottles fired
# name 16 = flag:  0.000e+00
# interval = seconds: 0.0416667                   
# start_time = Jul 08 2006 13:33:15
*END*
[from data line 256]
    499.310    -0.4997   2.846365    -0.4720   2.848552    6.34588    -0.1180    13.8155 3.5067e+01  -62.26283  -58.09667 1152369934 189.615000    34.4997     104184          6  0.000e+00
    499.425    -0.4905   2.847071    -0.4704   2.848569    6.34932    -0.1287    13.8155 3.5067e+01  -62.26283  -58.09667 1152369934 189.615000    34.4988     104185          6  0.000e+00
    499.387    -0.4893   2.847028    -0.4698   2.848605    6.34915    -0.1610    13.8155 3.5067e+01  -62.26283  -58.09667 1152369934 189.615000    34.4968     104186          6  0.000e+00
    499.387    -0.4930   2.846771    -0.4686   2.848628    6.34979    -0.1610    13.8155 3.5067e+01  -62.26283  -58.09667 1152369934 189.615001    34.4976     104187          6  0.000e+00
    499.425    -0.4907   2.847054    -0.4683   2.848698    6.34935    -0.0964    13.8155 3.5067e+01  -62.26283  -58.09667 1152369934 189.615001    34.4987     104188          6  0.000e+00
    499.454    -0.4853   2.847641    -0.4683   2.848722    6.34339    -0.1072    13.8155 3.5067e+01  -62.26283  -58.09667 1152369934 189.615002    34.5004     104189          6  0.000e+00
    499.454    -0.4786   2.848111    -0.4696   2.848657    6.34719    -0.0749    13.8155 3.5067e+01  -62.26283  -58.09667 1152369934 189.615002    34.4992     104190          6  0.000e+00
    499.425    -0.4744   2.848404    -0.4678   2.848780    6.34644    -0.1287    13.8155 3.5067e+01  -62.26283  -58.09667 1152369934 189.615003    34.4984     104191          6  0.000e+00
    499.531    -0.4730   2.848531    -0.4669   2.848926    6.34628    -0.1180    13.8155 3.5067e+01  -62.26283  -58.09667 1152369934 189.615003    34.4985     104192          6  0.000e+00
    499.454    -0.4716   2.848591    -0.4658   2.849020    6.34600    -0.1072    13.8155 3.5067e+01  -62.26283  -58.09667 1152369934 189.615004    34.4977     104193          6  0.000e+00
    499.569    -0.4713   2.848634    -0.4641   2.849078    6.34603    -0.1072    13.8155 3.5067e+01  -62.26283  -58.09667 1152369935 189.615004    34.4979     104194          6  0.000e+00
    499.531    -0.4705   2.848681    -0.4660   2.849014    6.34587    -0.1287    13.8155 3.5067e+01  -62.26283  -58.09667 1152369935 189.615005    34.4976     104195          6  0.000e+00
    499.531    -0.4698   2.848777    -0.4666   2.848967    6.34572    -0.1072    13.8155 3.5067e+01  -62.26283  -58.09667 1152369935 189.615005    34.4981     104196          6  0.000e+00
    499.502    -0.4682   2.848941    -0.4653   2.848979    6.34046    -0.0964    13.8155 3.5067e+01  -62.26283  -58.09667 1152369935 189.615006    34.4985     104197          6  0.000e+00
    499.598    -0.4663   2.849021    -0.4672   2.848885    6.34025    -0.0642    13.8155 3.5067e+01  -62.26283  -58.09667 1152369935 189.615006    34.4974     104198          6  0.000e+00
    499.598    -0.4665   2.849034    -0.4670   2.848915    6.34520    -0.0642    13.8155 3.5067e+01  -62.26283  -58.09667 1152369935 189.615007    34.4978     104199          6  0.000e+00
    499.569    -0.4667   2.848964    -0.4647   2.849055    6.34525    -0.1072    13.8155 3.3118e+01  -62.26283  -58.09667 1152369935 189.615007    34.4971     104200          6  0.000e+00
    499.598    -0.4690   2.848804    -0.4629   2.849237    6.34566    -0.1395    13.8155 3.3118e+01  -62.26283  -58.09667 1152369935 189.615008    34.4975     104201          6  0.000e+00
    499.598    -0.4713   2.848727    -0.4612   2.849365    6.34601    -0.1072    13.8155 3.5067e+01  -62.26283  -58.09667 1152369935 189.615008    34.4991     104202          6  0.000e+00
    499.646    -0.4736   2.848734    -0.4606   2.849453    6.34635    -0.0857    13.8155 3.5067e+01  -62.26283  -58.09667 1152369935 189.615009    34.5018     104203          6  0.000e+00
    499.665    -0.4724   2.848941    -0.4627   2.849354    6.34608    -0.0857    13.8155 3.5067e+01  -62.26283  -58.09667 1152369935 189.615009    34.5031     104204          6  0.000e+00
    499.598    -0.4663   2.849371    -0.4642   2.849231    6.34498    -0.0857    13.8155 3.5067e+01  -62.26283  -58.09667 1152369935 189.615010    34.5021     104205          6  0.000e+00
    499.646    -0.4614   2.849661    -0.4627   2.849242    6.34421    -0.1180    13.8155 3.5067e+01  -62.26283  -58.09667 1152369935 189.615010    34.5003     104206          6  0.000e+00
    499.665    -0.4609   2.849494    -0.4644   2.849219    6.34427    -0.1502    13.8155 3.5067e+01  -62.26283  -58.09667 1152369935 189.615011    34.4976     104207          6  0.000e+00
    499.665    -0.4657   2.849097    -0.4644   2.849143    6.34512    -0.0964    13.8155 3.5067e+01  -62.26283  -58.09667 1152369935 189.615011    34.4977     104208          6  0.000e+00
    499.713    -0.4702   2.848784    -0.4663   2.848985    6.34593    -0.1180    13.8155 3.5067e+01  -62.26283  -58.09667 1152369935 189.615012    34.4986     104209          6  0.000e+00
    499.665    -0.4702   2.848677    -0.4712   2.848669    6.34595    -0.1072    13.8155 3.5067e+01  -62.26283  -58.09667 1152369935 189.615012    34.4972     104210          6  0.000e+00
    499.665    -0.4696   2.848667    -0.4758   2.848382    6.34588    -0.1502    13.8155 3.5067e+01  -62.26283  -58.09667 1152369935 189.615013    34.4963     104211          6  0.000e+00
    499.713    -0.4696   2.848584    -0.4742   2.848318    6.34597    -0.1718    13.8155 3.3118e+01  -62.26283  -58.09667 1152369935 189.615013    34.4952     104212          6  0.000e+00
    499.742    -0.4712   2.848434    -0.4706   2.848476    6.34629    -0.1287    13.8155 3.5067e+01  -62.26283  -58.09667 1152369935 189.615014    34.4949     104213          6  0.000e+00
    499.665    -0.4727   2.848377    -0.4692   2.848692    6.34645    -0.1502    13.8155 3.5067e+01  -62.26283  -58.09667 1152369935 189.615014    34.4960     104214          6  0.000e+00
    499.713    -0.4754   2.848341    -0.4707   2.848763    6.34686    -0.1395    13.8155 3.5067e+01  -62.26283  -58.09667 1152369935 189.615014    34.4985     104215          6  0.000e+00
    499.742    -0.4757   2.848378    -0.4715   2.848692    6.34690    -0.0857    13.8155 3.5067e+01  -62.26283  -58.09667 1152369935 189.615015    34.4993     104216          6  0.000e+00
    499.742    -0.4749   2.848448    -0.4720   2.848604    6.34676    -0.0964    13.8155 3.5067e+01  -62.26283  -58.09667 1152369935 189.615015    34.4993     104217          6  0.000e+00
    499.713    -0.4744   2.848448    -0.4705   2.848523    6.35161    -0.1287    13.8155 3.5067e+01  -62.26283  -58.09667 1152369936 189.615016    34.4988     104218          6  0.000e+00
    499.742    -0.4735   2.848491    -0.4709   2.848523    6.34655    -0.1502    13.8155 3.5067e+01  -62.26283  -58.09667 1152369936 189.615016    34.4983     104219          6  0.000e+00
    499.742    -0.4732   2.848511    -0.4710   2.848487    6.34650    -0.1072    13.8155 3.5067e+01  -62.26283  -58.09667 1152369936 189.615017    34.4982     104220          6  0.000e+00
    499.713    -0.4732   2.848508    -0.4712   2.848435    6.34648    -0.0964    13.8155 3.5067e+01  -62.26283  -58.09667 1152369936 189.615017    34.4982     104221          6  0.000e+00
    450.108    -0.3284   2.858413    -0.3178   2.859184    6.23939    -0.1610    13.8155 3.7015e+01  -62.26283  -58.09667 1152370029 189.616098    34.4966     106462          7  0.000e+00
    450.098    -0.3290   2.858383    -0.3167   2.859202    6.23947    -0.1180    13.8155 3.7015e+01  -62.26283  -58.09667 1152370029 189.616099    34.4968     106463          7  0.000e+00
    450.098    -0.3290   2.858397    -0.3155   2.859266    6.24435    -0.0964    13.8155 3.7015e+01  -62.26283  -58.09667 1152370029 189.616099    34.4970     106464          7  0.000e+00
    450.031    -0.3288   2.858473    -0.3159   2.859307    6.24423    -0.1072    13.8155 3.7015e+01  -62.26283  -58.09667 1152370029 189.616100    34.4979     106465          7  0.000e+00
    450.098    -0.3280   2.858477    -0.3169   2.859296    6.24419    -0.1180    13.8155 3.7015e+01  -62.26283  -58.09667 1152370029 189.616100    34.4971     106466          7  0.000e+00
    450.098    -0.3276   2.858453    -0.3178   2.859202    6.24414    -0.1287    13.8155 3.7015e+01  -62.26283  -58.09667 1152370029 189.616101    34.4962     106467          7  0.000e+00
    450.041    -0.3285   2.858380    -0.3191   2.859178    6.23937    -0.1395    13.8155 3.7015e+01  -62.26283  -58.09667 1152370029 189.616101    34.4963     106468          7  0.000e+00
    450.098    -0.3291   2.858203    -0.3192   2.859178    6.23960    -0.1610    13.8155 3.7015e+01  -62.26283  -58.09667 1152370029 189.616101    34.4946     106469          7  0.000e+00
    450.031    -0.3335   2.857959    -0.3191   2.859219    6.24023    -0.1395    13.8155 3.7015e+01  -62.26283  -58.09667 1152370029 189.616102    34.4963     106470          7  0.000e+00
    450.098    -0.3355   2.857933    -0.3194   2.859214    6.24545    -0.1395    13.8155 3.7015e+01  -62.26283  -58.09667 1152370029 189.616102    34.4982     106471          7  0.000e+00
    450.031    -0.3342   2.858046    -0.3206   2.859167    6.24028    -0.1395    13.8155 3.7015e+01  -62.26283  -58.09667 1152370029 189.616103    34.4984     106472          7  0.000e+00
    450.108    -0.3322   2.858116    -0.3206   2.859108    6.24005    -0.1395    13.8155 3.7015e+01  -62.26283  -58.09667 1152370029 189.616103    34.4970     106473          7  0.000e+00
    450.031    -0.3300   2.858026    -0.3198   2.859143    6.23976    -0.1825    13.8155 3.7015e+01  -62.26283  -58.09667 1152370030 189.616104    34.4933     106474          7  0.000e+00
    450.098    -0.3313   2.857853    -0.3183   2.859196    6.24007    -0.1610    13.8155 3.7015e+01  -62.26283  -58.09667 1152370030 189.616104    34.4924     106475          7  0.000e+00
    450.098    -0.3363   2.857619    -0.3175   2.859243    6.24084    -0.1072    13.8155 3.7015e+01  -62.26283  -58.09667 1152370030 189.616105    34.4949     106476          7  0.000e+00
    450.031    -0.3411   2.857419    -0.3198   2.859137    6.24151    -0.1180    13.8155 3.7015e+01  -62.26283  -58.09667 1152370030 189.616105    34.4977     106477          7  0.000e+00
    450.098    -0.3423   2.857322    -0.3247   2.858827    6.24179    -0.1287    13.8155 3.7015e+01  -62.26283  -58.09667 1152370030 189.616106    34.4978     106478          7  0.000e+00
    450.041    -0.3406   2.857529    -0.3257   2.858651    6.24140    -0.1610    13.8155 3.7015e+01  -62.26283  -58.09667 1152370030 189.616106    34.4986     106479          7  0.000e+00
    450.098    -0.3321   2.858220    -0.3252   2.858610    6.23997    -0.1610    13.8155 3.5067e+01  -62.26283  -58.09667 1152370030 189.616107    34.4982     106480          7  0.000e+00
    450.098    -0.3245   2.858804    -0.3235   2.858692    6.23866    -0.1718    13.8155 3.5067e+01  -62.26283  -58.09667 1152370030 189.616107    34.4974     106481          7  0.000e+00
    450.098    -0.3203   2.858981    -0.3197   2.858897    6.23803    -0.1395    13.8155 3.5067e+01  -62.26283  -58.09667 1152370030 189.616108    34.4950     106482          7  0.000e+00
    450.031    -0.3193   2.858790    -0.3175   2.859143    6.23796    -0.1180    13.8155 3.5067e+01  -62.26283  -58.09667 1152370030 189.616108    34.4915     106483          7  0.000e+00
    450.098    -0.3217   2.858584    -0.3162   2.859366    6.23843    -0.0857    13.8155 3.5067e+01  -62.26283  -58.09667 1152370030 189.616109    34.4913     106484          7  0.000e+00
    450.108    -0.3209   2.858540    -0.3143   2.859565    6.23836    -0.0642    13.8155 3.5067e+01  -62.26283  -58.09667 1152370030 189.616109    34.4898     106485          7  0.000e+00
    450.098    -0.3237   2.858263    -0.3123   2.859694    6.23887    -0.1072    13.8155 3.5067e+01  -62.26283  -58.09667 1152370030 189.616110    34.4893     106486          7  0.000e+00
    450.098    -0.3300   2.857746    -0.3124   2.859700    6.23998    -0.1718    13.8155 3.5067e+01  -62.26283  -58.09667 1152370030 189.616110    34.4896     106487          7  0.000e+00
    450.098    -0.3330   2.857449    -0.3140   2.859571    6.24052    -0.1180    13.8155 3.5067e+01  -62.26283  -58.09667 1152370030 189.616111    34.4890     106488          7  0.000e+00
    450.098    -0.3363   2.857345    -0.3147   2.859425    6.24100    -0.0964    13.8155 3.5067e+01  -62.26283  -58.09667 1152370030 189.616111    34.4913     106489          7  0.000e+00
    450.098    -0.3380   2.857362    -0.3141   2.859378    6.24121    -0.1610    13.8155 3.5067e+01  -62.26283  -58.09667 1152370030 189.616112    34.4934     106490          7  0.000e+00
    450.108    -0.3373   2.857355    -0.3128   2.859407    6.24114    -0.1718    13.8155 3.5067e+01  -62.26283  -58.09667 1152370030 189.616112    34.4926     106491          7  0.000e+00
    450.175    -0.3387   2.857302    -0.3192   2.859173    6.24141    -0.1718    13.8155 3.5067e+01  -62.26283  -58.09667 1152370030 189.616113    34.4934     106492          7  0.000e+00
    450.099    -0.3398   2.857285    -0.3249   2.858774    6.24149    -0.1180    13.8155 3.5067e+01  -62.26283  -58.09667 1152370030 189.616113    34.4945     106493          7  0.000e+00
    450.175    -0.3398   2.857265    -0.3275   2.858563    6.24157    -0.0749    13.8155 3.5067e+01  -62.26283  -58.09667 1152370030 189.616114    34.4942     106494          7  0.000e+00
    450.099    -0.3403   2.857208    -0.3240   2.858674    6.24160    -0.1072    13.8155 3.5067e+01  -62.26283  -58.09667 1152370030 189.616114    34.4940     106495          7  0.000e+00
    450.175    -0.3404   2.857192    -0.3215   2.858962    6.24169    -0.1180    13.8155 3.5067e+01  -62.26283  -58.09667 1152370030 189.616114    34.4939     106496          7  0.000e+00
    450.108    -0.3417   2.857172    -0.3235   2.859026    6.24180    -0.1180    13.8155 3.5067e+01  -62.26283  -58.09667 1152370030 189.616115    34.4951     106497          7  0.000e+00
    450.175    -0.3425   2.857098    -0.3201   2.858809    6.24200    -0.1610    13.8155 3.5067e+01  -62.26283  -58.09667 1152370031 189.616115    34.4949     106498          7  0.000e+00
    450.175    -0.3456   2.856855    -0.3185   2.858686    6.24254    -0.1287    13.8155 3.5067e+01  -62.26283  -58.09667 1152370031 189.616116    34.4952     106499          7  0.000e+00
    450.175    -0.3491   2.856558    -0.3238   2.858768    6.24316    -0.0964    13.8155 3.5067e+01  -62.26283  -58.09667 1152370031 189.616116    34.4952     106500          7  0.000e+00
    450.175    -0.3494   2.856448    -0.3221   2.858868    6.24326    -0.0964    13.8155 3.5067e+01  -62.26283  -58.09667 1152370031 189.616117    34.4941     106501          7  0.000e+00
    450.185    -0.3490   2.856401    -0.3181   2.858839    6.24324    -0.1610    13.8155 3.7015e+01  -62.26283  -58.09667 1152370031 189.616117    34.4929     106502          7  0.000e+00
    450.175    -0.3500   2.856391    -0.3194   2.858827    6.24336    -0.1610    13.8155 3.7015e+01  -62.26283  -58.09667 1152370031 189.616118    34.4940     106503          7  0.000e+00
    450.243    -0.3508   2.856374    -0.3194   2.858745    6.23865    -0.1180    13.8155 3.5067e+01  -62.26283  -58.09667 1152370031 189.616118    34.4946     106504          7  0.000e+00
    450.175    -0.3519   2.856421    -0.3226   2.858581    6.23870    -0.1287    13.8155 3.5067e+01  -62.26283  -58.09667 1152370031 189.616119    34.4965     106505          7  0.000e+00
    450.243    -0.3522   2.856591    -0.3253   2.858323    6.23870    -0.1933    13.8155 3.7015e+01  -62.26283  -58.09667 1152370031 189.616119    34.4991     106506          7  0.000e+00
    450.175    -0.3514   2.856644    -0.3269   2.858188    6.24340    -0.1610    13.8155 3.7015e+01  -62.26283  -58.09667 1152370031 189.616120    34.4989     106507          7  0.000e+00
