product_data/regression_test/downloaded_data/MDGS/320620060703/ctd/p6618406.ros
* Sea-Bird SBE 9 Data File:
* FileName = D:\Data\Raw\p6618406.dat
* Software Version Seasave Win32 V 5.32
* Temperature SN = 1649
* Conductivity SN = 1431
* Number of Bytes Per Scan = 37
* Number of Voltage Words = 5
* Number of Scans Averaged by the Deck Unit = 1
* NMEA Latitude = 60 36.35 S
* NMEA Longitude = 053 52.18 W
* NMEA UTC (Time) = 18:27:14
** Ship:   Nathaniel B. Palmer 
** Cruise:    NBP0606 
# nquan = 17
# nvalues = 1176                    
# units = specified
# name 0 = prDM: Pressure, Digiquartz [db]
# name 1 = t090C: Temperature [ITS-90, deg C]
# name 2 = c0S/m: Conductivity [S/m]
# name 3 = t190C: Temperature, 2 [ITS-90, deg C]
# name 4 = c1S/m: Conductivity, 2 [S/m]
# name 5 = sbeox0ML/L: Oxygen, SBE 43 [ml/l]
# name 6 = flECO-AFL: Fluorescence, Wetlab ECO-AFL/FL [mg/m^3]
# name 7 = bat: Beam Attenuation, Chelsea/Seatech/Wetlab CStar [1/m]
# name 8 = spar: SPAR/Surface Irradiance
# name 9 = latitude: Latitude [deg]
# name 10 = longitude: Longitude [deg]
# name 11 = timeY: Time, System [seconds]
# name 12 = timeJ: Julian Days
# name 13 = sal00: Salinity [PSU]
# name 14 = scan: scan number
# name 15 = nbf: number of bottles fired
# name 16 = flag:  0.000e+00
# interval = seconds: 0.0416667                   
# start_time = Jul 22 2006 18:27:22
*END*
[from data line 171]
    300.553     0.2927   2.906579     0.2910   2.906677    5.83364    -0.0964    13.8155 0.0000e+00  -60.60583  -53.86967 1153595273 203.797160    34.5247      58383          4  0.000e+00
    300.553     0.2920   2.906512     0.2904   2.906647    5.83376    -0.0964    13.8155 0.0000e+00  -60.60583  -53.86967 1153595273 203.797160    34.5246      58384          4  0.000e+00
    300.582     0.2911   2.906562     0.2904   2.906642    5.83385    -0.0964    13.8155 0.0000e+00  -60.60583  -53.86967 1153595273 203.797160    34.5262      58385          4  0.000e+00
    300.553     0.2920   2.906512     0.2912   2.906695    5.83376    -0.0749    13.8155 0.0000e+00  -60.60583  -53.86967 1153595273 203.797161    34.5246      58386          4  0.000e+00
    300.620     0.2915   2.906387     0.2912   2.906742    5.83394    -0.0749    13.8155 0.0000e+00  -60.60583  -53.86967 1153595273 203.797161    34.5236      58387          4  0.000e+00
    300.582     0.2910   2.906330     0.2914   2.906724    5.83400    -0.0319    13.8155 0.0000e+00  -60.60583  -53.86967 1153595273 203.797162    34.5234      58388          4  0.000e+00
    300.620     0.2909   2.906394     0.2916   2.906742    5.83400    -0.0104    13.8155 0.0000e+00  -60.60583  -53.86967 1153595273 203.797162    34.5243      58389          4  0.000e+00
    300.620     0.2918   2.906613     0.2916   2.906771    5.83379    -0.0319    13.8155 0.0000e+00  -60.60583  -53.86967 1153595273 203.797163    34.5262      58390          4  0.000e+00
    300.620     0.2939   2.907006     0.2921   2.906818    5.83333    -0.0642    13.8155 0.0000e+00  -60.60583  -53.86967 1153595273 203.797163    34.5290      58391          4  0.000e+00
    300.725     0.2969   2.907309     0.2926   2.906854    5.83290    -0.0749    13.8155 0.0000e+00  -60.60583  -53.86967 1153595273 203.797164    34.5295      58392          4  0.000e+00
    300.620     0.2983   2.907161     0.2929   2.906877    5.83272    -0.0857    13.8155 0.0000e+00  -60.60583  -53.86967 1153595273 203.797164    34.5260      58393          4  0.000e+00
    300.697     0.2960   2.906834     0.2931   2.906866    5.83323    -0.1180    13.8155 0.0000e+00  -60.60583  -53.86967 1153595273 203.797165    34.5243      58394          4  0.000e+00
    300.725     0.2941   2.906848     0.2924   2.906818    5.83347    -0.1180    13.8155 0.0000e+00  -60.60583  -53.86967 1153595273 203.797165    34.5266      58395          4  0.000e+00
    300.697     0.2954   2.907023     0.2914   2.906759    5.83320    -0.0749    13.8155 0.0000e+00  -60.60583  -53.86967 1153595273 203.797166    34.5274      58396          4  0.000e+00
    300.764     0.2952   2.906875     0.2904   2.906730    5.83336    -0.0857    13.8155 0.0000e+00  -60.60583  -53.86967 1153595273 203.797166    34.5257      58397          4  0.000e+00
    300.725     0.2937   2.906626     0.2907   2.906677    5.83364    -0.0749    13.8155 0.0000e+00  -60.60583  -53.86967 1153595273 203.797167    34.5241      58398          4  0.000e+00
    300.764     0.2924   2.906471     0.2909   2.906683    5.83390    -0.1180    13.8155 0.0000e+00  -60.60583  -53.86967 1153595274 203.797167    34.5235      58399          4  0.000e+00
    300.764     0.2921   2.906444     0.2902   2.906671    5.83395    -0.0964    13.8155 0.0000e+00  -60.60583  -53.86967 1153595274 203.797168    34.5235      58400          4  0.000e+00
    300.793     0.2919   2.906424     0.2903   2.906647    5.83401    -0.0749    13.8155 0.0000e+00  -60.60583  -53.86967 1153595274 203.797168    34.5235      58401          4  0.000e+00
    300.764     0.2916   2.906475     0.2909   2.906677    5.83399    -0.0964    13.8155 0.0000e+00  -60.60583  -53.86967 1153595274 203.797169    34.5245      58402          4  0.000e+00
    300.840     0.2915   2.906488     0.2912   2.906695    5.83877    -0.1072    13.8155 0.0000e+00  -60.60583  -53.86967 1153595274 203.797169    34.5247      58403          4  0.000e+00
    300.860     0.2911   2.906407     0.2914   2.906712    5.83888    -0.0749    13.8155 0.0000e+00  -60.60583  -53.86967 1153595274 203.797170    34.5240      58404          4  0.000e+00
    300.840     0.2911   2.906354     0.2912   2.906718    5.83890    -0.1180    13.8155 0.0000e+00  -60.60583  -53.86967 1153595274 203.797170    34.5234      58405          4  0.000e+00
    300.840     0.2908   2.906300     0.2912   2.906742    5.83895    -0.0964    13.8155 0.0000e+00  -60.60583  -53.86967 1153595274 203.797171    34.5230      58406          4  0.000e+00
    300.860     0.2906   2.906313     0.2933   2.906872    5.83428    -0.0964    13.8155 0.0000e+00  -60.60583  -53.86967 1153595274 203.797171    34.5234      58407          4  0.000e+00
    199.504    -0.0395   2.867569    -0.0396   2.867932    6.28548    -0.1072    13.8155 0.0000e+00  -60.60583  -53.86967 1153595433 203.799019    34.4436      62238          5  0.000e+00
    199.580    -0.0385   2.867599    -0.0387   2.867979    6.28540    -0.1395    13.8155 0.0000e+00  -60.60583  -53.86967 1153595433 203.799019    34.4428      62239          5  0.000e+00
    199.475    -0.0389   2.867632    -0.0384   2.868014    6.28534    -0.1502    13.8155 0.0000e+00  -60.60583  -53.86967 1153595433 203.799020    34.4437      62240          5  0.000e+00
    199.437    -0.0387   2.867652    -0.0384   2.868026    6.28058    -0.1395    13.8155 0.0000e+00  -60.60583  -53.86967 1153595434 203.799020    34.4438      62241          5  0.000e+00
    199.475    -0.0380   2.867646    -0.0384   2.868014    6.28052    -0.1395    13.8155 0.0000e+00  -60.60583  -53.86967 1153595434 203.799021    34.4429      62242          5  0.000e+00
    199.437    -0.0385   2.867652    -0.0379   2.867997    6.28525    -0.0749    13.8155 0.0000e+00  -60.60583  -53.86967 1153595434 203.799021    34.4436      62243          5  0.000e+00
    199.437    -0.0386   2.867636    -0.0381   2.867991    6.28526    -0.0534    13.8155 0.0000e+00  -60.60583  -53.86967 1153595434 203.799022    34.4434      62244          5  0.000e+00
    199.408    -0.0385   2.867656    -0.0382   2.868014    6.28053    -0.0534    13.8155 0.0000e+00  -60.60583  -53.86967 1153595434 203.799022    34.4437      62245          5  0.000e+00
    199.437    -0.0387   2.867689    -0.0385   2.867997    6.28056    -0.0749    13.8155 0.0000e+00  -60.60583  -53.86967 1153595434 203.799022    34.4443      62246          5  0.000e+00
    199.408    -0.0381   2.867656    -0.0384   2.868014    6.28516    -0.0964    13.8155 0.0000e+00  -60.60583  -53.86967 1153595434 203.799023    34.4432      62247          5  0.000e+00
    199.361    -0.0378   2.867632    -0.0384   2.868014    6.28510    -0.0964    13.8155 0.0000e+00  -60.60583  -53.86967 1153595434 203.799023    34.4426      62248          5  0.000e+00
    199.437    -0.0382   2.867632    -0.0381   2.867997    6.28522    -0.1180    13.8155 0.0000e+00  -60.60583  -53.86967 1153595434 203.799024    34.4430      62249          5  0.000e+00
    199.409    -0.0390   2.867639    -0.0381   2.867997    6.28060    -0.0964    13.8155 0.0000e+00  -60.60583  -53.86967 1153595434 203.799024    34.4440      62250          5  0.000e+00
    199.361    -0.0388   2.867652    -0.0376   2.868032    6.28053    -0.0964    13.8155 0.0000e+00  -60.60583  -53.86967 1153595434 203.799025    34.4440      62251          5  0.000e+00
    199.409    -0.0384   2.867662    -0.0381   2.868067    6.28520    -0.1180    13.8155 0.0000e+00  -60.60583  -53.86967 1153595434 203.799025    34.4436      62252          5  0.000e+00
    199.361    -0.0388   2.867656    -0.0381   2.868026    6.28522    -0.0749    13.8155 0.0000e+00  -60.60583  -53.86967 1153595434 203.799026    34.4440      62253          5  0.000e+00
    199.361    -0.0387   2.867602    -0.0378   2.867997    6.28523    -0.0534    13.8155 0.0000e+00  -60.60583  -53.86967 1153595434 203.799026    34.4432      62254          5  0.000e+00
    199.332    -0.0390   2.867592    -0.0378   2.868049    6.28525    -0.0749    13.8155 0.0000e+00  -60.60583  -53.86967 1153595434 203.799027    34.4434      62255          5  0.000e+00
    199.361    -0.0392   2.867606    -0.0372   2.868049    6.28060    -0.0964    13.8155 0.0000e+00  -60.60583  -53.86967 1153595434 203.799027    34.4438      62256          5  0.000e+00
    199.409    -0.0390   2.867579    -0.0373   2.868091    6.28064    -0.0749    13.8155 0.0000e+00  -60.60583  -53.86967 1153595434 203.799028    34.4432      62257          5  0.000e+00
    199.361    -0.0395   2.867562    -0.0367   2.868161    6.28535    -0.0749    13.8155 0.0000e+00  -60.60583  -53.86967 1153595434 203.799028    34.4435      62258          5  0.000e+00
    199.361    -0.0393   2.867552    -0.0367   2.868143    6.28534    -0.0642    13.8155 0.0000e+00  -60.60583  -53.86967 1153595434 203.799029    34.4432      62259          5  0.000e+00
    199.332    -0.0399   2.867592    -0.0368   2.868167    6.28537    -0.0319    13.8155 0.0000e+00  -60.60583  -53.86967 1153595434 203.799029    34.4445      62260          5  0.000e+00
    199.361    -0.0389   2.867676    -0.0364   2.868179    6.28052    -0.0534    13.8155 0.0000e+00  -60.60583  -53.86967 1153595434 203.799030    34.4444      62261          5  0.000e+00
    199.437    -0.0381   2.867723    -0.0359   2.868196    6.28515    -0.0319    13.8155 0.0000e+00  -60.60583  -53.86967 1153595434 203.799030    34.4440      62262          5  0.000e+00
    199.332    -0.0380   2.867759    -0.0361   2.868231    6.28502    -0.0319    13.8155 0.0000e+00  -60.60583  -53.86967 1153595434 203.799031    34.4444      62263          5  0.000e+00
    199.361    -0.0374   2.867759    -0.0353   2.868220    6.28029    -0.0964    13.8155 0.0000e+00  -60.60583  -53.86967 1153595435 203.799031    34.4439      62264          5  0.000e+00
    199.409    -0.0376   2.867783    -0.0351   2.868267    6.28035    -0.1287    13.8155 0.0000e+00  -60.60583  -53.86967 1153595435 203.799032    34.4444      62265          5  0.000e+00
    199.361    -0.0376   2.867756    -0.0348   2.868267    6.28500    -0.1180    13.8155 0.0000e+00  -60.60583  -53.86967 1153595435 203.799032    34.4440      62266          5  0.000e+00
    199.361    -0.0369   2.867769    -0.0354   2.868261    6.28021    -0.1180    13.8155 0.0000e+00  -60.60583  -53.86967 1153595435 203.799033    34.4433      62267          5  0.000e+00
    199.409    -0.0370   2.867806    -0.0358   2.868184    6.28494    -0.0964    13.8155 0.0000e+00  -60.60583  -53.86967 1153595435 203.799033    34.4439      62268          5  0.000e+00
    199.361    -0.0370   2.867806    -0.0370   2.868132    6.28490    -0.0642    13.8155 0.0000e+00  -60.60583  -53.86967 1153595435 203.799034    34.4440      62269          5  0.000e+00
    199.409    -0.0365   2.867776    -0.0374   2.868067    6.28021    -0.0534    13.8155 0.0000e+00  -60.60583  -53.86967 1153595435 203.799034    34.4430      62270          5  0.000e+00
    199.438    -0.0376   2.867716    -0.0381   2.868044    6.28041    -0.0211    13.8155 0.0000e+00  -60.60583  -53.86967 1153595435 203.799035    34.4435      62271          5  0.000e+00
    199.361    -0.0376   2.867672    -0.0376   2.868008    6.28505    -0.0534    13.8155 0.0000e+00  -60.60583  -53.86967 1153595435 203.799035    34.4429      62272          5  0.000e+00
    199.476    -0.0376   2.867743    -0.0379   2.868014    6.28512    -0.0319    13.8155 0.0000e+00  -60.60583  -53.86967 1153595435 203.799035    34.4438      62273          5  0.000e+00
    199.438    -0.0380   2.867709    -0.0381   2.868038    6.28514    -0.0319    13.8155 0.0000e+00  -60.60583  -53.86967 1153595435 203.799036    34.4437      62274          5  0.000e+00
    199.409    -0.0376   2.867679    -0.0376   2.868026    6.28509    -0.0534    13.8155 0.0000e+00  -60.60583  -53.86967 1153595435 203.799036    34.4429      62275          5  0.000e+00
    199.438    -0.0387   2.867642    -0.0378   2.868038    6.28528    -0.0857    13.8155 0.0000e+00  -60.60583  -53.86967 1153595435 203.799037    34.4437      62276          5  0.000e+00
    199.438    -0.0390   2.867639    -0.0378   2.868067    6.28532    -0.0749    13.8155 0.0000e+00  -60.60583  -53.86967 1153595435 203.799037    34.4440      62277          5  0.000e+00
    199.552    -0.0386   2.867652    -0.0372   2.868114    6.28066    -0.0534    13.8155 0.0000e+00  -60.60583  -53.86967 1153595435 203.799038    34.4436      62278          5  0.000e+00
    199.438    -0.0387   2.867646    -0.0372   2.868108    6.28527    -0.0426    13.8155 0.0000e+00  -60.60583  -53.86967 1153595435 203.799038    34.4437      62279          5  0.000e+00
    199.476    -0.0387   2.867669    -0.0365   2.868108    6.28530     0.0112    13.8155 0.0000e+00  -60.60583  -53.86967 1153595435 203.799039    34.4440      62280          5  0.000e+00
    199.505    -0.0379   2.867746    -0.0365   2.868179    6.28517    -0.0534    13.8155 0.0000e+00  -60.60583  -53.86967 1153595435 203.799039    34.4441      62281          5  0.000e+00
    199.505    -0.0372   2.867846    -0.0359   2.868184    6.28503    -0.0319    13.8155 0.0000e+00  -60.60583  -53.86967 1153595435 203.799040    34.4446      62282          5  0.000e+00
    199.552    -0.0360   2.867897    -0.0354   2.868196    6.28489    -0.0642    13.8155 0.0000e+00  -60.60583  -53.86967 1153595435 203.799040    34.4440      62283          5  0.000e+00
    199.581    -0.0355   2.867897    -0.0358   2.868249    6.28485    -0.0749    13.8155 0.0000e+00  -60.60583  -53.86967 1153595435 203.799041    34.4433      62284          5  0.000e+00
    199.552    -0.0354   2.867903    -0.0354   2.868237    6.28481    -0.1072    13.8155 0.0000e+00  -60.60583  -53.86967 1153595435 203.799041    34.4433      62285          5  0.000e+00
    199.581    -0.0359   2.867923    -0.0362   2.868196    6.28489    -0.1072    13.8155 0.0000e+00  -60.60583  -53.86967 1153595435 203.799042    34.4442      62286          5  0.000e+00
    150.910    -0.0474   2.862045    -0.0452   2.862640    6.39646    -0.0964    13.8155 1.9481e+00  -60.60583  -53.86967 1153595522 203.800048    34.4086      64372          6  0.000e+00
    150.910    -0.0469   2.862122    -0.0461   2.862464    6.39635    -0.0534    13.8155 3.8963e+00  -60.60583  -53.86967 1153595522 203.800048    34.4091      64373          6  0.000e+00
    150.977    -0.0468   2.862079    -0.0463   2.862459    6.39642    -0.0534    13.8155 3.8963e+00  -60.60583  -53.86967 1153595522 203.800049    34.4083      64374          6  0.000e+00
    150.977    -0.0474   2.862069    -0.0464   2.862494    6.39651    -0.0642    13.8155 3.8963e+00  -60.60583  -53.86967 1153595522 203.800049    34.4089      64375          6  0.000e+00
    150.920    -0.0473   2.862055    -0.0461   2.862505    6.39644    -0.1180    13.8155 3.8963e+00  -60.60583  -53.86967 1153595523 203.800050    34.4086      64376          6  0.000e+00
    151.053    -0.0474   2.862039    -0.0466   2.862435    6.39659    -0.1287    13.8155 3.8963e+00  -60.60583  -53.86967 1153595523 203.800050    34.4084      64377          6  0.000e+00
    150.977    -0.0473   2.861962    -0.0476   2.862400    6.39655    -0.0749    13.8155 3.8963e+00  -60.60583  -53.86967 1153595523 203.800051    34.4073      64378          6  0.000e+00
    151.054    -0.0479   2.861902    -0.0486   2.862294    6.39673    -0.0534    13.8155 3.8963e+00  -60.60583  -53.86967 1153595523 203.800051    34.4071      64379          6  0.000e+00
    151.054    -0.0483   2.861912    -0.0487   2.862242    6.39679    -0.0534    13.8155 3.8963e+00  -60.60583  -53.86967 1153595523 203.800052    34.4078      64380          6  0.000e+00
    150.977    -0.0489   2.861969    -0.0490   2.862206    6.39676    -0.0964    13.8155 3.8963e+00  -60.60583  -53.86967 1153595523 203.800052    34.4093      64381          6  0.000e+00
