product_data/regression_test/downloaded_data/MDGS/320620060703/ctd/p6615701.ros
* Sea-Bird SBE 9 Data File:
* FileName = D:\Data\Raw\p6615701.dat
* Software Version Seasave Win32 V 5.32
* Temperature SN = 1649
* Conductivity SN = 1431
* Number of Bytes Per Scan = 37
* Number of Voltage Words = 5
* Number of Scans Averaged by the Deck Unit = 1
* NMEA Latitude = 60 51.45 S
* NMEA Longitude = 056 03.54 W
* NMEA UTC (Time) = 01:08:55
** Ship:   Nathaniel B. Palmer 
** Cruise:    NBP0606 
# nquan = 17
# nvalues = 1156                    
# units = specified
# name 0 = prDM: Pressure, Digiquartz [db]
# name 1 = t090C: Temperature [ITS-90, deg C]
# name 2 = c0S/m: Conductivity [S/m]
# name 3 = t190C: Temperature, 2 [ITS-90, deg C]
# name 4 = c1S/m: Conductivity, 2 [S/m]
# name 5 = sbeox0ML/L: Oxygen, SBE 43 [ml/l]
# name 6 = flECO-AFL: Fluorescence, Wetlab ECO-AFL/FL [mg/m^3]
# name 7 = bat: Beam Attenuation, Chelsea/Seatech/Wetlab CStar [1/m]
# name 8 = spar: SPAR/Surface Irradiance
# name 9 = latitude: Latitude [deg]
# name 10 = longitude: Longitude [deg]
# name 11 = timeY: Time, System [seconds]
# name 12 = timeJ: Julian Days
# name 13 = sal00: Salinity [PSU]
# name 14 = scan: scan number
# name 15 = nbf: number of bottles fired
# name 16 = flag:  0.000e+00
# interval = seconds: 0.0416667                   
# start_time = Jul 19 2006 01:09:03
*END*
[from data line 937]
     30.560    -0.5964   2.801193    -0.5963   2.801574    7.28038     0.0972    13.8155 0.0000e+00  -60.85750  -56.05900 1153274238 200.081484    34.2881      69535         20  0.000e+00
     30.541    -0.5966   2.801220    -0.5958   2.801574    7.28037     0.1080    13.8155 0.0000e+00  -60.85750  -56.05900 1153274238 200.081485    34.2887      69536         20  0.000e+00
     30.560    -0.5965   2.801210    -0.5963   2.801574    7.28039     0.0865    13.8155 0.0000e+00  -60.85750  -56.05900 1153274239 200.081485    34.2885      69537         20  0.000e+00
     30.560    -0.5961   2.801217    -0.5961   2.801556    7.28032     0.1080    13.8155 0.0000e+00  -60.85750  -56.05900 1153274239 200.081486    34.2880      69538         20  0.000e+00
     30.560    -0.5963   2.801210    -0.5961   2.801585    7.28036     0.0865    13.8155 0.0000e+00  -60.85750  -56.05900 1153274239 200.081486    34.2882      69539         20  0.000e+00
     30.541    -0.5967   2.801207    -0.5960   2.801562    7.28506     0.0327    13.8155 0.0000e+00  -60.85750  -56.05900 1153274239 200.081487    34.2886      69540         20  0.000e+00
     30.560    -0.5964   2.801217    -0.5963   2.801551    7.28503     0.0650    13.8155 0.0000e+00  -60.85750  -56.05900 1153274239 200.081487    34.2884      69541         20  0.000e+00
     30.560    -0.5965   2.801210    -0.5963   2.801568    7.28505     0.1295    13.8155 0.0000e+00  -60.85750  -56.05900 1153274239 200.081488    34.2885      69542         20  0.000e+00
     30.541    -0.5967   2.801217    -0.5958   2.801574    7.28505     0.1726    13.8155 0.0000e+00  -60.85750  -56.05900 1153274239 200.081488    34.2888      69543         20  0.000e+00
     30.484    -0.5958   2.801226    -0.5961   2.801550    7.28485     0.1510    13.8155 0.0000e+00  -60.85750  -56.05900 1153274239 200.081489    34.2879      69544         20  0.000e+00
     30.560    -0.5962   2.801210    -0.5958   2.801545    7.28035     0.1188    13.8155 0.0000e+00  -60.85750  -56.05900 1153274239 200.081489    34.2881      69545         20  0.000e+00
     30.474    -0.5968   2.801217    -0.5960   2.801551    7.28035     0.1080    13.8155 0.0000e+00  -60.85750  -56.05900 1153274239 200.081490    34.2890      69546         20  0.000e+00
     30.560    -0.5963   2.801227    -0.5961   2.801568    7.28500     0.1080    13.8155 0.0000e+00  -60.85750  -56.05900 1153274239 200.081490    34.2884      69547         20  0.000e+00
     30.484    -0.5964   2.801210    -0.5965   2.801556    7.28495     0.0757    13.8155 0.0000e+00  -60.85750  -56.05900 1153274239 200.081491    34.2884      69548         20  0.000e+00
     30.474    -0.5964   2.801236    -0.5964   2.801568    7.28492     0.0542    13.8155 0.0000e+00  -60.85750  -56.05900 1153274239 200.081491    34.2887      69549         20  0.000e+00
     30.484    -0.5960   2.801233    -0.5961   2.801556    7.28487     0.0650    13.8155 0.0000e+00  -60.85750  -56.05900 1153274239 200.081492    34.2882      69550         20  0.000e+00
     30.560    -0.5962   2.801230    -0.5961   2.801585    7.28499     0.0650    13.8155 0.0000e+00  -60.85750  -56.05900 1153274239 200.081492    34.2884      69551         20  0.000e+00
     30.484    -0.5965   2.801240    -0.5958   2.801585    7.28495     0.0972    13.8155 0.0000e+00  -60.85750  -56.05900 1153274239 200.081493    34.2889      69552         20  0.000e+00
     30.475    -0.5964   2.801250    -0.5963   2.801556    7.28492     0.0865    13.8155 0.0000e+00  -60.85750  -56.05900 1153274239 200.081493    34.2889      69553         20  0.000e+00
     30.484    -0.5961   2.801217    -0.5961   2.801568    7.28025     0.1295    13.8155 0.0000e+00  -60.85750  -56.05900 1153274239 200.081494    34.2881      69554         20  0.000e+00
     30.484    -0.5964   2.801236    -0.5965   2.801556    7.28493     0.1080    13.8155 0.0000e+00  -60.85750  -56.05900 1153274239 200.081494    34.2887      69555         20  0.000e+00
     30.475    -0.5964   2.801217    -0.5961   2.801585    7.28494     0.0972    13.8155 0.0000e+00  -60.85750  -56.05900 1153274239 200.081495    34.2885      69556         20  0.000e+00
     30.484    -0.5967   2.801207    -0.5958   2.801585    7.28500     0.0757    13.8155 0.0000e+00  -60.85750  -56.05900 1153274239 200.081495    34.2887      69557         20  0.000e+00
     30.417    -0.5962   2.801236    -0.5963   2.801533    7.28484     0.0434    13.8155 0.0000e+00  -60.85750  -56.05900 1153274239 200.081495    34.2886      69558         20  0.000e+00
     30.475    -0.5963   2.801217    -0.5960   2.801556    7.28492     0.0542    13.8155 0.0000e+00  -60.85750  -56.05900 1153274239 200.081496    34.2883      69559         21  0.000e+00
     30.560    -0.5961   2.801223    -0.5962   2.801574    7.28497     0.0972    13.8155 0.0000e+00  -60.85750  -56.05900 1153274239 200.081496    34.2881      69560         21  0.000e+00
     30.417    -0.5964   2.801240    -0.5963   2.801574    7.28486     0.1080    13.8155 0.0000e+00  -60.85750  -56.05900 1153274239 200.081497    34.2888      69561         21  0.000e+00
     30.475    -0.5967   2.801217    -0.5963   2.801591    7.28033     0.1080    13.8155 0.0000e+00  -60.85750  -56.05900 1153274240 200.081497    34.2888      69562         21  0.000e+00
     30.484    -0.5964   2.801240    -0.5961   2.801580    7.28493     0.1080    13.8155 0.0000e+00  -60.85750  -56.05900 1153274240 200.081498    34.2888      69563         21  0.000e+00
     30.484    -0.5959   2.801230    -0.5961   2.801574    7.28487     0.1510    13.8155 0.0000e+00  -60.85750  -56.05900 1153274240 200.081498    34.2881      69564         21  0.000e+00
     30.408    -0.5963   2.801226    -0.5958   2.801556    7.28485     0.1726    13.8155 0.0000e+00  -60.85750  -56.05900 1153274240 200.081499    34.2885      69565         21  0.000e+00
     30.484    -0.5962   2.801230    -0.5963   2.801568    7.28491     0.0650    13.8155 0.0000e+00  -60.85750  -56.05900 1153274240 200.081499    34.2884      69566         21  0.000e+00
     30.484    -0.5964   2.801174    -0.5960   2.801556    7.28498     0.0650    13.8155 0.0000e+00  -60.85750  -56.05900 1153274240 200.081500    34.2879      69567         21  0.000e+00
     30.484    -0.5963   2.801227    -0.5957   2.801545    7.28492     0.0757    13.8155 0.0000e+00  -60.85750  -56.05900 1153274240 200.081500    34.2885      69568         21  0.000e+00
     30.475    -0.5962   2.801200    -0.5960   2.801568    7.28492     0.0865    13.8155 0.0000e+00  -60.85750  -56.05900 1153274240 200.081501    34.2880      69569         21  0.000e+00
     30.484    -0.5967   2.801193    -0.5963   2.801580    7.28501     0.0757    13.8155 0.0000e+00  -60.85750  -56.05900 1153274240 200.081501    34.2885      69570         21  0.000e+00
     30.418    -0.5961   2.801220    -0.5964   2.801550    7.28483     0.0650    13.8155 0.0000e+00  -60.85750  -56.05900 1153274240 200.081502    34.2882      69571         21  0.000e+00
     30.475    -0.5964   2.801193    -0.5963   2.801568    7.28495     0.1188    13.8155 0.0000e+00  -60.85750  -56.05900 1153274240 200.081502    34.2881      69572         21  0.000e+00
     30.484    -0.5963   2.801246    -0.5960   2.801574    7.28491     0.1403    13.8155 0.0000e+00  -60.85750  -56.05900 1153274240 200.081503    34.2887      69573         21  0.000e+00
     30.484    -0.5961   2.801220    -0.5961   2.801591    7.28490     0.0972    13.8155 0.0000e+00  -60.85750  -56.05900 1153274240 200.081503    34.2881      69574         21  0.000e+00
     30.475    -0.5962   2.801223    -0.5960   2.801580    7.28491     0.0650    13.8155 0.0000e+00  -60.85750  -56.05900 1153274240 200.081504    34.2883      69575         21  0.000e+00
     30.484    -0.5966   2.801190    -0.5958   2.801574    7.28499     0.0434    13.8155 0.0000e+00  -60.85750  -56.05900 1153274240 200.081504    34.2883      69576         21  0.000e+00
     30.418    -0.5964   2.801197    -0.5965   2.801556    7.28955     0.0112    13.8155 0.0000e+00  -60.85750  -56.05900 1153274240 200.081505    34.2882      69577         21  0.000e+00
     30.542    -0.5961   2.801223    -0.5963   2.801545    7.28495     0.0865    13.8155 0.0000e+00  -60.85750  -56.05900 1153274240 200.081505    34.2881      69578         21  0.000e+00
     30.418    -0.5960   2.801223    -0.5957   2.801568    7.28481     0.1403    13.8155 0.0000e+00  -60.85750  -56.05900 1153274240 200.081506    34.2881      69579         21  0.000e+00
     30.484    -0.5964   2.801210    -0.5960   2.801574    7.28495     0.1080    13.8155 0.0000e+00  -60.85750  -56.05900 1153274240 200.081506    34.2884      69580         21  0.000e+00
     30.484    -0.5967   2.801207    -0.5958   2.801556    7.28500     0.0757    13.8155 0.0000e+00  -60.85750  -56.05900 1153274240 200.081507    34.2887      69581         21  0.000e+00
     30.475    -0.5964   2.801200    -0.5959   2.801568    7.28961     0.0757    13.8155 0.0000e+00  -60.85750  -56.05900 1153274240 200.081507    34.2883      69582         21  0.000e+00
     30.484    -0.5967   2.801187    -0.5961   2.801556    7.28501     0.0650    13.8155 0.0000e+00  -60.85750  -56.05900 1153274240 200.081508    34.2884      69583         21  0.000e+00
     30.561    -0.5962   2.801200    -0.5963   2.801551    7.28501     0.0542    13.8155 0.0000e+00  -60.85750  -56.05900 1153274240 200.081508    34.2880      69584         21  0.000e+00
     30.475    -0.5964   2.801200    -0.5965   2.801585    7.28495     0.0434    13.8155 0.0000e+00  -60.85750  -56.05900 1153274241 200.081508    34.2883      69585         21  0.000e+00
     30.484    -0.5964   2.801203    -0.5961   2.801585    7.28496     0.0972    13.8155 0.0000e+00  -60.85750  -56.05900 1153274241 200.081509    34.2883      69586         21  0.000e+00
     30.484    -0.5967   2.801183    -0.5963   2.801551    7.28501     0.0972    13.8155 0.0000e+00  -60.85750  -56.05900 1153274241 200.081509    34.2884      69587         21  0.000e+00
     30.542    -0.5963   2.801217    -0.5965   2.801585    7.28964     0.0972    13.8155 0.0000e+00  -60.85750  -56.05900 1153274241 200.081510    34.2883      69588         21  0.000e+00
     30.484    -0.5965   2.801180    -0.5961   2.801562    7.28965     0.0972    13.8155 0.0000e+00  -60.85750  -56.05900 1153274241 200.081510    34.2881      69589         21  0.000e+00
     30.485    -0.5964   2.801190    -0.5963   2.801568    7.28962     0.0865    13.8155 0.0000e+00  -60.85750  -56.05900 1153274241 200.081511    34.2881      69590         21  0.000e+00
     30.542    -0.5967   2.801187    -0.5965   2.801591    7.28973     0.0865    13.8155 0.0000e+00  -60.85750  -56.05900 1153274241 200.081511    34.2884      69591         21  0.000e+00
     30.561    -0.5962   2.801217    -0.5963   2.801580    7.28965     0.0865    13.8155 0.0000e+00  -60.85750  -56.05900 1153274241 200.081512    34.2882      69592         21  0.000e+00
     30.485    -0.5964   2.801207    -0.5964   2.801574    7.28961     0.0542    13.8155 0.0000e+00  -60.85750  -56.05900 1153274241 200.081512    34.2883      69593         21  0.000e+00
     30.561    -0.5961   2.801187    -0.5963   2.801556    7.28966     0.0650    13.8155 0.0000e+00  -60.85750  -56.05900 1153274241 200.081513    34.2877      69594         21  0.000e+00
     30.542    -0.5967   2.801167    -0.5968   2.801527    7.28974     0.0972    13.8155 0.0000e+00  -60.85750  -56.05900 1153274241 200.081513    34.2881      69595         21  0.000e+00
     30.561    -0.5965   2.801190    -0.5963   2.801562    7.28972     0.1188    13.8155 0.0000e+00  -60.85750  -56.05900 1153274241 200.081514    34.2882      69596         21  0.000e+00
     30.561    -0.5961   2.801187    -0.5961   2.801574    7.28966     0.0865    13.8155 0.0000e+00  -60.85750  -56.05900 1153274241 200.081514    34.2877      69597         21  0.000e+00
     30.542    -0.5968   2.801200    -0.5960   2.801556    7.28974     0.0327    13.8155 0.0000e+00  -60.85750  -56.05900 1153274241 200.081515    34.2887      69598         21  0.000e+00
     30.561    -0.5966   2.801184    -0.5963   2.801545    7.28973     0.0434    13.8155 0.0000e+00  -60.85750  -56.05900 1153274241 200.081515    34.2881      69599         21  0.000e+00
     30.561    -0.5968   2.801167    -0.5961   2.801585    7.28978     0.0865    13.8155 0.0000e+00  -60.85750  -56.05900 1153274241 200.081516    34.2882      69600         21  0.000e+00
     30.542    -0.5968   2.801177    -0.5966   2.801562    7.28975     0.0865    13.8155 0.0000e+00  -60.85750  -56.05900 1153274241 200.081516    34.2884      69601         21  0.000e+00
     30.628    -0.5967   2.801213    -0.5963   2.801568    7.28980     0.0972    13.8155 0.0000e+00  -60.85750  -56.05900 1153274241 200.081517    34.2887      69602         21  0.000e+00
     30.561    -0.5965   2.801193    -0.5958   2.801556    7.28972     0.1403    13.8155 0.0000e+00  -60.85750  -56.05900 1153274241 200.081517    34.2882      69603         21  0.000e+00
     30.542    -0.5968   2.801184    -0.5965   2.801545    7.28975     0.1295    13.8155 0.0000e+00  -60.85750  -56.05900 1153274241 200.081518    34.2885      69604         21  0.000e+00
     30.628    -0.5964   2.801164    -0.5962   2.801545    7.28979     0.0757    13.8155 0.0000e+00  -60.85750  -56.05900 1153274241 200.081518    34.2877      69605         21  0.000e+00
     30.561    -0.5965   2.801177    -0.5965   2.801545    7.28973     0.0650    13.8155 0.0000e+00  -60.85750  -56.05900 1153274241 200.081519    34.2880      69606         21  0.000e+00
      9.835    -0.6094   2.798733    -0.6092   2.799114    7.33724     0.1510    13.8155 0.0000e+00  -60.85750  -56.05900 1153274339 200.082646    34.2825      71943         22  0.000e+00
      9.978    -0.6094   2.798747    -0.6092   2.799091    7.33737     0.0757    13.8155 0.0000e+00  -60.85750  -56.05900 1153274339 200.082646    34.2826      71944         22  0.000e+00
      9.787    -0.6094   2.798733    -0.6094   2.799114    7.33719     0.0542    13.8155 0.0000e+00  -60.85750  -56.05900 1153274339 200.082647    34.2826      71945         22  0.000e+00
     10.111    -0.6094   2.798730    -0.6092   2.799091    7.33752     0.0865    13.8155 0.0000e+00  -60.85750  -56.05900 1153274339 200.082647    34.2823      71946         22  0.000e+00
      9.835    -0.6094   2.798730    -0.6094   2.799114    7.33724     0.1080    13.8155 0.0000e+00  -60.85750  -56.05900 1153274339 200.082648    34.2825      71947         22  0.000e+00
      9.997    -0.6096   2.798747    -0.6094   2.799114    7.33742     0.1080    13.8155 0.0000e+00  -60.85750  -56.05900 1153274339 200.082648    34.2828      71948         22  0.000e+00
      9.978    -0.6093   2.798753    -0.6092   2.799120    7.33735     0.0972    13.8155 0.0000e+00  -60.85750  -56.05900 1153274339 200.082649    34.2825      71949         22  0.000e+00
      9.930    -0.6094   2.798717    -0.6091   2.799091    7.33734     0.0865    13.8155 0.0000e+00  -60.85750  -56.05900 1153274339 200.082649    34.2822      71950         22  0.000e+00
      9.978    -0.6097   2.798707    -0.6095   2.799097    7.33745     0.0650    13.8155 0.0000e+00  -60.85750  -56.05900 1153274339 200.082649    34.2824      71951         22  0.000e+00
      9.978    -0.6094   2.798740    -0.6089   2.799108    7.33738     0.0865    13.8155 0.0000e+00  -60.85750  -56.05900 1153274339 200.082650    34.2825      71952         22  0.000e+00
      9.997    -0.6097   2.798733    -0.6095   2.799103    7.33744     0.1188    13.8155 0.0000e+00  -60.85750  -56.05900 1153274339 200.082650    34.2828      71953         22  0.000e+00
      9.978    -0.6094   2.798747    -0.6092   2.799120    7.33737     0.1295    13.8155 0.0000e+00  -60.85750  -56.05900 1153274339 200.082651    34.2826      71954         22  0.000e+00
