product_data/regression_test/downloaded_data/MDGS/320620060703/ctd/p6618701.cnv
* Sea-Bird SBE 9 Data File:
* FileName = D:\Data\Raw\p6618701.dat
* Software Version Seasave Win32 V 5.32
* Temperature SN = 1649
* Conductivity SN = 1431
* Number of Bytes Per Scan = 37
* Number of Voltage Words = 5
* Number of Scans Averaged by the Deck Unit = 1
* NMEA Latitude = 60 48.00 S
* NMEA Longitude = 054 14.73 W
* NMEA UTC (Time) = 02:15:03
** Ship:   Nathaniel B. Palmer 
** Cruise:    NBP0606 
# nquan = 15
# nvalues = 2022                        
# units = specified
# name 0 = prDM: Pressure, Digiquartz [db]
# name 1 = t090C: Temperature [ITS-90, deg C]
# name 2 = c0S/m: Conductivity [S/m]
# name 3 = t190C: Temperature, 2 [ITS-90, deg C]
# name 4 = c1S/m: Conductivity, 2 [S/m]
# name 5 = sbeox0ML/L: Oxygen, SBE 43 [ml/l]
# name 6 = flECO-AFL: Fluorescence, Wetlab ECO-AFL/FL [mg/m^3]
# name 7 = bat: Beam Attenuation, Chelsea/Seatech/Wetlab CStar [1/m]
# name 8 = spar: SPAR/Surface Irradiance
# name 9 = latitude: Latitude [deg]
# name 10 = longitude: Longitude [deg]
# name 11 = timeY: Time, System [seconds]
# name 12 = timeJ: Julian Days
# name 13 = sal00: Salinity [PSU]
# name 14 = flag: flag
# span 0 =      4.000,   2025.000       
# span 1 =    -1.1336,     1.0695       
# span 2 =   2.741203,   3.014656       
# span 3 =    -1.1342,     1.0710       
# span 4 =   2.741811,   3.015036       
# span 5 =    5.03127,    7.82637       
# span 6 =    -0.1178,     0.3874       
# span 7 =    13.8155,    13.8155       
# span 8 = -9.505e-02, 1.8721e+00       
# span 9 =  -60.80000,  -60.80000       
# span 10 =  -54.24550,  -54.24550      
# span 11 = 1153620927, 1153623658      
# span 12 = 204.094087, 204.125689      
# span 13 =    34.0962,    34.7014      
# span 14 = 0.0000e+00, 0.0000e+00      
# interval = decibars: 1                
# start_time = Jul 23 2006 02:15:11
# bad_flag = -9.990e-29
*END*
[from data line 868]
    872.000     1.0287   3.008356     1.0303   3.008757    5.05678    -0.0862    13.8155 0.0000e+00  -60.80000  -54.24550 1153622108 204.107750    34.6954 0.0000e+00
    873.000     1.0251   3.008028     1.0246   3.008299    5.05831    -0.0951    13.8155 0.0000e+00  -60.80000  -54.24550 1153622109 204.107767    34.6946 0.0000e+00
    874.000     1.0178   3.007451     1.0157   3.007488    5.05797    -0.0759    13.8155 0.0000e+00  -60.80000  -54.24550 1153622111 204.107780    34.6953 0.0000e+00
    875.000     1.0311   3.008705     1.0314   3.009022    5.05805    -0.0844    13.8155 0.0000e+00  -60.80000  -54.24550 1153622111 204.107789    34.6953 0.0000e+00
    876.000     1.0249   3.008130     1.0234   3.008288    5.05827    -0.0914    13.8155 0.0000e+00  -60.80000  -54.24550 1153622112 204.107798    34.6945 0.0000e+00
    877.000     1.0245   3.008181     1.0261   3.008593    5.05905    -0.0998    13.8155 0.0000e+00  -60.80000  -54.24550 1153622113 204.107808    34.6954 0.0000e+00
    878.000     1.0212   3.007928     1.0195   3.008006    5.05744    -0.0908    13.8155 0.0000e+00  -60.80000  -54.24550 1153622115 204.107836    34.6948 0.0000e+00
    879.000     1.0197   3.007797     1.0202   3.008112    5.06083    -0.0857    13.8155 0.0000e+00  -60.80000  -54.24550 1153622118 204.107861    34.6946 0.0000e+00
    880.000     1.0225   3.008091     1.0230   3.008427    5.06372    -0.0933    13.8155 0.0000e+00  -60.80000  -54.24550 1153622119 204.107875    34.6944 0.0000e+00
    881.000     1.0134   3.007307     1.0143   3.007655    5.06371    -0.0913    13.8155 0.0000e+00  -60.80000  -54.24550 1153622120 204.107890    34.6943 0.0000e+00
    882.000     1.0244   3.008409     1.0240   3.008638    5.05956    -0.0884    13.8155 0.0000e+00  -60.80000  -54.24550 1153622121 204.107904    34.6954 0.0000e+00
    883.000     1.0238   3.008412     1.0254   3.008818    5.06102    -0.0957    13.8155 0.0000e+00  -60.80000  -54.24550 1153622122 204.107916    34.6955 0.0000e+00
    884.000     1.0243   3.008502     1.0243   3.008772    5.06210    -0.0730    13.8155 0.0000e+00  -60.80000  -54.24550 1153622123 204.107925    34.6956 0.0000e+00
    885.000     1.0217   3.008287     1.0231   3.008713    5.05946    -0.0863    13.8155 0.0000e+00  -60.80000  -54.24550 1153622124 204.107935    34.6951 0.0000e+00
    886.000     1.0278   3.008971     1.0339   3.009749    5.05479    -0.0869    13.8155 0.0000e+00  -60.80000  -54.24550 1153622125 204.107946    34.6968 0.0000e+00
    887.000     1.0487   3.010938     1.0515   3.011400    5.05498    -0.0905    13.8155 0.0000e+00  -60.80000  -54.24550 1153622127 204.107967    34.6973 0.0000e+00
    888.000     1.0317   3.009359     1.0320   3.009721    5.05765    -0.0820    13.8155 0.0000e+00  -60.80000  -54.24550 1153622129 204.107994    34.6959 0.0000e+00
    889.000     1.0307   3.009312     1.0309   3.009578    5.05814    -0.0816    13.8155 0.0000e+00  -60.80000  -54.24550 1153622130 204.108010    34.6967 0.0000e+00
    890.000     1.0334   3.009664     1.0365   3.010161    5.06038    -0.1090    13.8155 0.0000e+00  -60.80000  -54.24550 1153622131 204.108022    34.6972 0.0000e+00
    891.000     1.0227   3.008578     1.0194   3.008619    5.05735    -0.0920    13.8155 0.0000e+00  -60.80000  -54.24550 1153622132 204.108033    34.6943 0.0000e+00
    892.000     1.0197   3.008408     1.0177   3.008469    5.05719    -0.0918    13.8155 0.0000e+00  -60.80000  -54.24550 1153622133 204.108044    34.6955 0.0000e+00
    893.000     1.0254   3.008967     1.0237   3.009148    5.05862    -0.0900    13.8155 0.0000e+00  -60.80000  -54.24550 1153622135 204.108058    34.6952 0.0000e+00
    894.000     1.0142   3.007951     1.0169   3.008481    5.06071    -0.0854    13.8155 0.0000e+00  -60.80000  -54.24550 1153622136 204.108077    34.6946 0.0000e+00
    895.000     1.0125   3.007852     1.0091   3.007829    5.06042    -0.0887    13.8155 0.0000e+00  -60.80000  -54.24550 1153622138 204.108094    34.6945 0.0000e+00
    896.000     1.0057   3.007254     1.0042   3.007413    5.06333    -0.0940    13.8155 0.0000e+00  -60.80000  -54.24550 1153622139 204.108112    34.6940 0.0000e+00
    897.000     1.0015   3.006911     1.0003   3.007086    5.06431    -0.1015    13.8155 0.0000e+00  -60.80000  -54.24550 1153622140 204.108127    34.6937 0.0000e+00
    898.000     1.0026   3.007072     1.0030   3.007361    5.06107    -0.0873    13.8155 0.0000e+00  -60.80000  -54.24550 1153622142 204.108139    34.6939 0.0000e+00
    899.000     1.0324   3.010070     1.0420   3.011135    5.05746    -0.0908    13.8155 0.0000e+00  -60.80000  -54.24550 1153622142 204.108149    34.6990 0.0000e+00
    900.000     1.0506   3.011686     1.0488   3.011851    5.05389    -0.0963    13.8155 0.0000e+00  -60.80000  -54.24550 1153622143 204.108159    34.6969 0.0000e+00
    901.000     1.0512   3.011837     1.0481   3.011799    5.05073    -0.0910    13.8155 0.0000e+00  -60.80000  -54.24550 1153622144 204.108170    34.6984 0.0000e+00
    902.000     1.0509   3.011883     1.0515   3.012136    5.04929    -0.0936    13.8155 0.0000e+00  -60.80000  -54.24550 1153622146 204.108189    34.6987 0.0000e+00
    903.000     1.0421   3.011073     1.0426   3.011422    5.05395    -0.0760    13.8155 0.0000e+00  -60.80000  -54.24550 1153622149 204.108224    34.6979 0.0000e+00
    904.000     1.0323   3.010157     1.0308   3.010353    5.05493    -0.0880    13.8155 0.0000e+00  -60.80000  -54.24550 1153622150 204.108238    34.6968 0.0000e+00
    905.000     1.0207   3.009108     1.0266   3.009905    5.05599    -0.1067    13.8155 0.0000e+00  -60.80000  -54.24550 1153622151 204.108249    34.6953 0.0000e+00
    906.000     1.0381   3.010780     1.0364   3.010925    5.05700    -0.0934    13.8155 0.0000e+00  -60.80000  -54.24550 1153622152 204.108258    34.6967 0.0000e+00
    907.000     1.0158   3.008720     1.0152   3.008993    5.05871    -0.0865    13.8155 0.0000e+00  -60.80000  -54.24550 1153622153 204.108268    34.6954 0.0000e+00
    908.000     1.0145   3.008658     1.0159   3.009073    5.05855    -0.0873    13.8155 0.0000e+00  -60.80000  -54.24550 1153622154 204.108280    34.6956 0.0000e+00
    909.000     1.0173   3.008956     1.0177   3.009275    5.05750    -0.0854    13.8155 0.0000e+00  -60.80000  -54.24550 1153622155 204.108299    34.6955 0.0000e+00
    910.000     1.0203   3.009320     1.0197   3.009505    5.05773    -0.1008    13.8155 0.0000e+00  -60.80000  -54.24550 1153622157 204.108319    34.6962 0.0000e+00
    911.000     1.0208   3.009377     1.0237   3.009933    5.05527    -0.0888    13.8155 0.0000e+00  -60.80000  -54.24550 1153622158 204.108334    34.6956 0.0000e+00
    912.000     1.0184   3.009199     1.0210   3.009708    5.06097    -0.0886    13.8155 0.0000e+00  -60.80000  -54.24550 1153622160 204.108349    34.6955 0.0000e+00
    913.000     1.0141   3.008846     1.0158   3.009284    5.06413    -0.0931    13.8155 0.0000e+00  -60.80000  -54.24550 1153622161 204.108365    34.6954 0.0000e+00
    914.000     1.0386   3.011249     1.0376   3.011356    5.06196    -0.0892    13.8155 0.0000e+00  -60.80000  -54.24550 1153622162 204.108381    34.6980 0.0000e+00
    915.000     1.0408   3.011408     1.0413   3.011786    5.06267    -0.0807    13.8155 0.0000e+00  -60.80000  -54.24550 1153622164 204.108398    34.6958 0.0000e+00
    916.000     1.0011   3.007683     1.0171   3.009526    5.06211    -0.0880    13.8155 0.0000e+00  -60.80000  -54.24550 1153622165 204.108412    34.6935 0.0000e+00
    917.000     0.9992   3.007546     0.9988   3.007835    5.06428    -0.0911    13.8155 0.0000e+00  -60.80000  -54.24550 1153622166 204.108426    34.6935 0.0000e+00
    918.000     0.9950   3.007210     0.9970   3.007682    5.06508    -0.0835    13.8155 0.0000e+00  -60.80000  -54.24550 1153622168 204.108440    34.6933 0.0000e+00
    919.000     1.0399   3.011508     1.0359   3.011400    5.05971    -0.0780    13.8155 0.0000e+00  -60.80000  -54.24550 1153622169 204.108460    34.6970 0.0000e+00
    920.000     1.0650   3.013976     1.0610   3.013831    5.04611    -0.0866    13.8155 0.0000e+00  -60.80000  -54.24550 1153622171 204.108483    34.6993 0.0000e+00
    921.000     1.0548   3.013027     1.0524   3.013132    5.04469    -0.0795    13.8155 0.0000e+00  -60.80000  -54.24550 1153622173 204.108499    34.6981 0.0000e+00
    922.000     1.0504   3.012716     1.0507   3.012994    5.04447    -0.0841    13.8155 0.0000e+00  -60.80000  -54.24550 1153622174 204.108510    34.6991 0.0000e+00
    923.000     1.0337   3.011074     1.0398   3.011855    5.04287    -0.0863    13.8155 0.0000e+00  -60.80000  -54.24550 1153622174 204.108519    34.6959 0.0000e+00
    924.000     1.0595   3.013753     1.0611   3.014036    5.04122    -0.0795    13.8155 0.0000e+00  -60.80000  -54.24550 1153622175 204.108529    34.7014 0.0000e+00
    925.000     1.0695   3.014656     1.0710   3.015005    5.03570    -0.0863    13.8155 0.0000e+00  -60.80000  -54.24550 1153622176 204.108542    34.7008 0.0000e+00
    926.000     1.0677   3.014484     1.0703   3.015036    5.03168    -0.0885    13.8155 0.0000e+00  -60.80000  -54.24550 1153622178 204.108562    34.6998 0.0000e+00
    927.000     1.0558   3.013400     1.0559   3.013714    5.03127    -0.0798    13.8155 0.0000e+00  -60.80000  -54.24550 1153622180 204.108585    34.6994 0.0000e+00
    928.000     1.0649   3.014311     1.0656   3.014644    5.03375    -0.0884    13.8155 0.0000e+00  -60.80000  -54.24550 1153622182 204.108605    34.7001 0.0000e+00
    929.000     1.0573   3.013671     1.0534   3.013363    5.03354    -0.0850    13.8155 0.0000e+00  -60.80000  -54.24550 1153622183 204.108621    34.7001 0.0000e+00
    930.000     1.0580   3.013751     1.0572   3.014043    5.03524    -0.0844    13.8155 0.0000e+00  -60.80000  -54.24550 1153622184 204.108635    34.6997 0.0000e+00
    931.000     1.0566   3.013611     1.0361   3.012013    5.03821    -0.0794    13.8155 0.0000e+00  -60.80000  -54.24550 1153622185 204.108647    34.6986 0.0000e+00
    932.000     1.0391   3.012093     1.0363   3.012065    5.04159    -0.0882    13.8155 0.0000e+00  -60.80000  -54.24550 1153622187 204.108661    34.6990 0.0000e+00
    933.000     1.0346   3.011664     1.0358   3.012051    5.04520    -0.0779    13.8155 0.0000e+00  -60.80000  -54.24550 1153622188 204.108680    34.6978 0.0000e+00
    934.000     1.0334   3.011593     1.0343   3.011985    5.04993    -0.0804    13.8155 0.0000e+00  -60.80000  -54.24550 1153622190 204.108701    34.6976 0.0000e+00
    935.000     1.0218   3.010574     1.0199   3.010743    5.05495    -0.0963    13.8155 0.0000e+00  -60.80000  -54.24550 1153622191 204.108716    34.6972 0.0000e+00
    936.000     1.0214   3.010621     1.0210   3.010881    5.05494    -0.0948    13.8155 0.0000e+00  -60.80000  -54.24550 1153622192 204.108726    34.6977 0.0000e+00
    937.000     1.0194   3.010416     1.0155   3.010393    5.05582    -0.0792    13.8155 0.0000e+00  -60.80000  -54.24550 1153622193 204.108736    34.6965 0.0000e+00
    938.000     1.0204   3.010582     1.0192   3.010756    5.05737    -0.0834    13.8155 0.0000e+00  -60.80000  -54.24550 1153622194 204.108748    34.6970 0.0000e+00
    939.000     1.0191   3.010553     1.0189   3.010824    5.05926    -0.0850    13.8155 0.0000e+00  -60.80000  -54.24550 1153622196 204.108772    34.6973 0.0000e+00
    940.000     1.0194   3.010606     1.0238   3.011325    5.06488    -0.0912    13.8155 0.0000e+00  -60.80000  -54.24550 1153622199 204.108799    34.6969 0.0000e+00
    941.000     1.0129   3.010096     1.0188   3.010906    5.06492    -0.0797    13.8155 0.0000e+00  -60.80000  -54.24550 1153622200 204.108816    34.6974 0.0000e+00
    942.000     0.9927   3.008123     0.9908   3.008333    5.07107    -0.0858    13.8155 0.0000e+00  -60.80000  -54.24550 1153622201 204.108830    34.6939 0.0000e+00
    943.000     0.9812   3.007120     0.9813   3.007522    5.07935    -0.0815    13.8155 0.0000e+00  -60.80000  -54.24550 1153622202 204.108843    34.6933 0.0000e+00
    944.000     0.9598   3.005250     0.9605   3.005665    5.08136    -0.0927    13.8155 0.0000e+00  -60.80000  -54.24550 1153622203 204.108853    34.6937 0.0000e+00
    945.000     0.9703   3.006304     0.9704   3.006573    5.08152    -0.0799    13.8155 0.0000e+00  -60.80000  -54.24550 1153622204 204.108864    34.6945 0.0000e+00
    946.000     0.9768   3.006917     0.9771   3.007255    5.08341    -0.0823    13.8155 0.0000e+00  -60.80000  -54.24550 1153622205 204.108876    34.6940 0.0000e+00
    947.000     0.9530   3.004697     0.9507   3.004833    5.09053    -0.0817    13.8155 0.0000e+00  -60.80000  -54.24550 1153622207 204.108897    34.6917 0.0000e+00
    948.000     0.9461   3.004126     0.9477   3.004575    5.09991    -0.0859    13.8155 0.0000e+00  -60.80000  -54.24550 1153622209 204.108922    34.6914 0.0000e+00
    949.000     0.9476   3.004342     0.9474   3.004583    5.10107    -0.0865    13.8155 0.0000e+00  -60.80000  -54.24550 1153622211 204.108939    34.6918 0.0000e+00
    950.000     0.9544   3.005003     0.9516   3.005063    5.10241    -0.0889    13.8155 0.0000e+00  -60.80000  -54.24550 1153622212 204.108952    34.6917 0.0000e+00
    951.000     0.9415   3.003856     0.9383   3.003870    5.10492    -0.0925    13.8155 0.0000e+00  -60.80000  -54.24550 1153622213 204.108964    34.6910 0.0000e+00
    952.000     0.9370   3.003494     0.9377   3.003855    5.10685    -0.0913    13.8155 0.0000e+00  -60.80000  -54.24550 1153622214 204.108980    34.6908 0.0000e+00
    953.000     0.9384   3.003673     0.9385   3.003982    5.10658    -0.0859    13.8155 0.0000e+00  -60.80000  -54.24550 1153622216 204.108999    34.6908 0.0000e+00
    954.000     0.9367   3.003555     0.9361   3.003808    5.11034    -0.0849    13.8155 0.0000e+00  -60.80000  -54.24550 1153622217 204.109018    34.6905 0.0000e+00
    955.000     0.9345   3.003414     0.9352   3.003774    5.11309    -0.0810    13.8155 0.0000e+00  -60.80000  -54.24550 1153622219 204.109033    34.6906 0.0000e+00
    956.000     0.9344   3.003431     0.9346   3.003748    5.11494    -0.0885    13.8155 0.0000e+00  -60.80000  -54.24550 1153622220 204.109047    34.6902 0.0000e+00
    957.000     0.9343   3.003453     0.9344   3.003738    5.11375    -0.0924    13.8155 0.0000e+00  -60.80000  -54.24550 1153622221 204.109061    34.6900 0.0000e+00
    958.000     0.9327   3.003365     0.9325   3.003642    5.11306    -0.0793    13.8155 0.0000e+00  -60.80000  -54.24550 1153622222 204.109076    34.6903 0.0000e+00
    959.000     0.9375   3.003858     0.9361   3.004012    5.11221    -0.0953    13.8155 0.0000e+00  -60.80000  -54.24550 1153622224 204.109091    34.6904 0.0000e+00
    960.000     0.9336   3.003545     0.9343   3.003884    5.11278    -0.0778    13.8155 0.0000e+00  -60.80000  -54.24550 1153622225 204.109110    34.6902 0.0000e+00
    961.000     0.9292   3.003180     0.9299   3.003569    5.11590    -0.0815    13.8155 0.0000e+00  -60.80000  -54.24550 1153622227 204.109130    34.6899 0.0000e+00
    962.000     0.9254   3.002926     0.9257   3.003253    5.11598    -0.0858    13.8155 0.0000e+00  -60.80000  -54.24550 1153622229 204.109147    34.6904 0.0000e+00
    963.000     0.9247   3.002889     0.9257   3.003285    5.11647    -0.0884    13.8155 0.0000e+00  -60.80000  -54.24550 1153622230 204.109163    34.6900 0.0000e+00
    964.000     0.9249   3.002977     0.9269   3.003426    5.11635    -0.1052    13.8155 0.0000e+00  -60.80000  -54.24550 1153622232 204.109180    34.6904 0.0000e+00
    965.000     0.9291   3.003386     0.9286   3.003629    5.11710    -0.0691    13.8155 0.0000e+00  -60.80000  -54.24550 1153622233 204.109195    34.6903 0.0000e+00
    966.000     0.9369   3.004154     0.9371   3.004474    5.11736    -0.0814    13.8155 0.0000e+00  -60.80000  -54.24550 1153622234 204.109207    34.6905 0.0000e+00
