product_data/regression_test/downloaded_data/MDGS/320620060703/ctd/p6614901.ros
* Sea-Bird SBE 9 Data File:
* FileName = D:\Data\Raw\p6614901.dat
* Software Version Seasave Win32 V 5.32
* Temperature SN = 1649
* Conductivity SN = 1431
* Number of Bytes Per Scan = 37
* Number of Voltage Words = 5
* Number of Scans Averaged by the Deck Unit = 1
* NMEA Latitude = 60 34.28 S
* NMEA Longitude = 056 44.74 W
* NMEA UTC (Time) = 06:09:01
** Ship:   Nathaniel B. Palmer 
** Cruise:    NBP0606 
# nquan = 17
# nvalues = 1176                    
# units = specified
# name 0 = prDM: Pressure, Digiquartz [db]
# name 1 = t090C: Temperature [ITS-90, deg C]
# name 2 = c0S/m: Conductivity [S/m]
# name 3 = t190C: Temperature, 2 [ITS-90, deg C]
# name 4 = c1S/m: Conductivity, 2 [S/m]
# name 5 = sbeox0ML/L: Oxygen, SBE 43 [ml/l]
# name 6 = flECO-AFL: Fluorescence, Wetlab ECO-AFL/FL [mg/m^3]
# name 7 = bat: Beam Attenuation, Chelsea/Seatech/Wetlab CStar [1/m]
# name 8 = spar: SPAR/Surface Irradiance
# name 9 = latitude: Latitude [deg]
# name 10 = longitude: Longitude [deg]
# name 11 = timeY: Time, System [seconds]
# name 12 = timeJ: Julian Days
# name 13 = sal00: Salinity [PSU]
# name 14 = scan: scan number
# name 15 = nbf: number of bottles fired
# name 16 = flag:  0.000e+00
# interval = seconds: 0.0416667                   
# start_time = Jul 18 2006 06:09:09
*END*
[from data line 86]
    900.109     1.7152   3.071225     1.7150   3.071555    4.68858    -0.0642    13.8155 0.0000e+00  -60.57133  -56.74567 1153204540 199.274791    34.7229      38232          2  0.000e+00
    900.129     1.7151   3.071218     1.7147   3.071573    4.68860    -0.0426    13.8155 0.0000e+00  -60.57133  -56.74567 1153204540 199.274792    34.7228      38233          2  0.000e+00
    900.109     1.7154   3.071252     1.7147   3.071537    4.68854    -0.0211    13.8155 0.0000e+00  -60.57133  -56.74567 1153204540 199.274792    34.7229      38234          2  0.000e+00
    900.129     1.7151   3.071245     1.7147   3.071501    4.68859    -0.0534    13.8155 0.0000e+00  -60.57133  -56.74567 1153204540 199.274793    34.7231      38235          2  0.000e+00
    900.109     1.7156   3.071201     1.7146   3.071537    4.68854    -0.0857    13.8155 0.0000e+00  -60.57133  -56.74567 1153204540 199.274793    34.7220      38236          2  0.000e+00
    900.129     1.7158   3.071211     1.7145   3.071507    4.68854    -0.1180    13.8155 0.0000e+00  -60.57133  -56.74567 1153204540 199.274794    34.7220      38237          2  0.000e+00
    900.032     1.7156   3.071214     1.7150   3.071495    4.68849    -0.1180    13.8155 0.0000e+00  -60.57133  -56.74567 1153204540 199.274794    34.7223      38238          2  0.000e+00
    900.051     1.7151   3.071194     1.7150   3.071495    4.69349    -0.0749    13.8155 0.0000e+00  -60.57133  -56.74567 1153204540 199.274795    34.7225      38239          2  0.000e+00
    900.032     1.7152   3.071190     1.7147   3.071495    4.68854    -0.0534    13.8155 0.0000e+00  -60.57133  -56.74567 1153204541 199.274795    34.7225      38240          2  0.000e+00
    900.052     1.7153   3.071225     1.7148   3.071513    4.68853    -0.0749    13.8155 0.0000e+00  -60.57133  -56.74567 1153204541 199.274796    34.7227      38241          2  0.000e+00
    900.032     1.7151   3.071201     1.7148   3.071525    4.68854    -0.1180    13.8155 0.0000e+00  -60.57133  -56.74567 1153204541 199.274796    34.7226      38242          2  0.000e+00
    899.984     1.7156   3.071211     1.7152   3.071525    4.68846    -0.0964    13.8155 0.0000e+00  -60.57133  -56.74567 1153204541 199.274796    34.7222      38243          2  0.000e+00
    800.428     1.8527   3.078217     1.8530   3.078558    4.59867    -0.0749    13.8155 0.0000e+00  -60.57133  -56.74567 1153204710 199.276761    34.7150      42316          3  0.000e+00
    800.216     1.8530   3.078220     1.8532   3.078588    4.59851    -0.0534    13.8155 0.0000e+00  -60.57133  -56.74567 1153204710 199.276761    34.7149      42317          3  0.000e+00
    800.216     1.8530   3.078203     1.8528   3.078558    4.59851    -0.0642    13.8155 0.0000e+00  -60.57133  -56.74567 1153204710 199.276762    34.7146      42318          3  0.000e+00
    800.332     1.8528   3.078210     1.8527   3.078546    4.59860    -0.0964    13.8155 0.0000e+00  -60.57133  -56.74567 1153204710 199.276762    34.7148      42319          3  0.000e+00
    800.216     1.8524   3.078203     1.8528   3.078546    4.59857    -0.0964    13.8155 0.0000e+00  -60.57133  -56.74567 1153204710 199.276763    34.7153      42320          3  0.000e+00
    800.216     1.8525   3.078200     1.8527   3.078564    4.59857    -0.1180    13.8155 0.0000e+00  -60.57133  -56.74567 1153204710 199.276763    34.7151      42321          3  0.000e+00
    800.216     1.8526   3.078158     1.8525   3.078558    4.59857    -0.0642    13.8155 0.0000e+00  -60.57133  -56.74567 1153204711 199.276764    34.7145      42322          3  0.000e+00
    800.072     1.8528   3.078165     1.8528   3.078522    4.59846    -0.0749    13.8155 0.0000e+00  -60.57133  -56.74567 1153204711 199.276764    34.7144      42323          3  0.000e+00
    800.197     1.8519   3.078176     1.8530   3.078558    4.59861    -0.1072    13.8155 0.0000e+00  -60.57133  -56.74567 1153204711 199.276765    34.7154      42324          3  0.000e+00
    800.139     1.8517   3.078131     1.8528   3.078528    4.59862    -0.0964    13.8155 0.0000e+00  -60.57133  -56.74567 1153204711 199.276765    34.7152      42325          3  0.000e+00
    800.072     1.8524   3.078124     1.8528   3.078534    4.59851    -0.0749    13.8155 0.0000e+00  -60.57133  -56.74567 1153204711 199.276766    34.7144      42326          3  0.000e+00
    800.072     1.8516   3.078107     1.8528   3.078498    4.59860    -0.0749    13.8155 0.0000e+00  -60.57133  -56.74567 1153204711 199.276766    34.7151      42327          3  0.000e+00
    800.072     1.8524   3.078151     1.8527   3.078486    4.59365    -0.0964    13.8155 0.0000e+00  -60.57133  -56.74567 1153204711 199.276766    34.7147      42328          3  0.000e+00
    799.975     1.8517   3.078172     1.8525   3.078528    4.59850    -0.0749    13.8155 0.0000e+00  -60.57133  -56.74567 1153204711 199.276767    34.7158      42329          3  0.000e+00
    800.004     1.8521   3.078120     1.8525   3.078522    4.59850    -0.0642    13.8155 0.0000e+00  -60.57133  -56.74567 1153204711 199.276767    34.7147      42330          3  0.000e+00
    800.004     1.8514   3.078113     1.8527   3.078516    4.59857    -0.0964    13.8155 0.0000e+00  -60.57133  -56.74567 1153204711 199.276768    34.7154      42331          3  0.000e+00
    799.927     1.8518   3.078158     1.8524   3.078492    4.59846    -0.0857    13.8155 0.0000e+00  -60.57133  -56.74567 1153204711 199.276768    34.7155      42332          3  0.000e+00
    799.927     1.8517   3.078138     1.8524   3.078534    4.59848    -0.0534    13.8155 0.0000e+00  -60.57133  -56.74567 1153204711 199.276769    34.7154      42333          3  0.000e+00
    799.908     1.8521   3.078100     1.8519   3.078480    4.59844    -0.0749    13.8155 0.0000e+00  -60.57133  -56.74567 1153204711 199.276769    34.7145      42334          3  0.000e+00
    799.927     1.8516   3.078117     1.8521   3.078480    4.59849    -0.0749    13.8155 0.0000e+00  -60.57133  -56.74567 1153204711 199.276770    34.7152      42335          3  0.000e+00
    799.860     1.8517   3.078107     1.8522   3.078486    4.59845    -0.0749    13.8155 0.0000e+00  -60.57133  -56.74567 1153204711 199.276770    34.7150      42336          3  0.000e+00
    799.783     1.8516   3.078151     1.8524   3.078486    4.59839    -0.0964    13.8155 0.0000e+00  -60.57133  -56.74567 1153204711 199.276771    34.7157      42337          3  0.000e+00
    799.860     1.8520   3.078117     1.8517   3.078486    4.59841    -0.0964    13.8155 0.0000e+00  -60.57133  -56.74567 1153204711 199.276771    34.7148      42338          3  0.000e+00
    799.764     1.8519   3.078103     1.8519   3.078467    4.59837    -0.0749    13.8155 0.0000e+00  -60.57133  -56.74567 1153204711 199.276772    34.7148      42339          3  0.000e+00
    799.783     1.8517   3.078113     1.8517   3.078461    4.59840    -0.0964    13.8155 0.0000e+00  -60.57133  -56.74567 1153204711 199.276772    34.7151      42340          3  0.000e+00
    799.715     1.8515   3.078107     1.8519   3.078461    4.59838    -0.1287    13.8155 0.0000e+00  -60.57133  -56.74567 1153204711 199.276773    34.7154      42341          3  0.000e+00
    799.715     1.8517   3.078082     1.8520   3.078437    4.59836    -0.1072    13.8155 0.0000e+00  -60.57133  -56.74567 1153204711 199.276773    34.7148      42342          3  0.000e+00
    799.638     1.8516   3.078089     1.8516   3.078455    4.59832    -0.0749    13.8155 0.0000e+00  -60.57133  -56.74567 1153204711 199.276774    34.7150      42343          3  0.000e+00
    799.696     1.8519   3.078117     1.8522   3.078437    4.59833    -0.0964    13.8155 0.0000e+00  -60.57133  -56.74567 1153204711 199.276774    34.7151      42344          3  0.000e+00
    799.638     1.8515   3.078106     1.8519   3.078467    4.59833    -0.0964    13.8155 0.0000e+00  -60.57133  -56.74567 1153204711 199.276775    34.7154      42345          3  0.000e+00
    799.571     1.8517   3.078113     1.8521   3.078467    4.59826    -0.0534    13.8155 0.0000e+00  -60.57133  -56.74567 1153204712 199.276775    34.7152      42346          3  0.000e+00
    799.571     1.8518   3.078106     1.8522   3.078437    4.59826    -0.0319    13.8155 0.0000e+00  -60.57133  -56.74567 1153204712 199.276776    34.7151      42347          3  0.000e+00
    799.571     1.8516   3.078120     1.8522   3.078431    4.59827    -0.0319    13.8155 0.0000e+00  -60.57133  -56.74567 1153204712 199.276776    34.7155      42348          3  0.000e+00
    799.552     1.8519   3.078082     1.8516   3.078455    4.59824    -0.0534    13.8155 0.0000e+00  -60.57133  -56.74567 1153204712 199.276777    34.7146      42349          3  0.000e+00
    799.571     1.8516   3.078058     1.8517   3.078461    4.59830    -0.0319    13.8155 0.0000e+00  -60.57133  -56.74567 1153204712 199.276777    34.7147      42350          3  0.000e+00
    799.426     1.8516   3.078127     1.8524   3.078461    4.59817    -0.0211    13.8155 0.0000e+00  -60.57133  -56.74567 1153204712 199.276778    34.7156      42351          3  0.000e+00
    799.503     1.8517   3.078106     1.8521   3.078461    4.59822     0.0004    13.8155 0.0000e+00  -60.57133  -56.74567 1153204712 199.276778    34.7152      42352          3  0.000e+00
    799.426     1.8521   3.078082     1.8522   3.078461    4.59814     0.0112    13.8155 0.0000e+00  -60.57133  -56.74567 1153204712 199.276779    34.7145      42353          3  0.000e+00
    799.475     1.8516   3.078131     1.8521   3.078443    4.59821     0.0112    13.8155 0.0000e+00  -60.57133  -56.74567 1153204712 199.276779    34.7157      42354          3  0.000e+00
    799.426     1.8521   3.078124     1.8521   3.078431    4.59813    -0.0104    13.8155 0.0000e+00  -60.57133  -56.74567 1153204712 199.276780    34.7150      42355          3  0.000e+00
    799.359     1.8516   3.078141     1.8517   3.078449    4.59813    -0.0749    13.8155 0.0000e+00  -60.57133  -56.74567 1153204712 199.276780    34.7159      42356          3  0.000e+00
    799.359     1.8519   3.078113     1.8522   3.078437    4.59810    -0.0964    13.8155 0.0000e+00  -60.57133  -56.74567 1153204712 199.276780    34.7151      42357          3  0.000e+00
    799.330     1.8516   3.078113     1.8522   3.078449    4.59812    -0.0534    13.8155 0.0000e+00  -60.57133  -56.74567 1153204712 199.276781    34.7156      42358          3  0.000e+00
    799.359     1.8516   3.078086     1.8517   3.078443    4.59814    -0.0534    13.8155 0.0000e+00  -60.57133  -56.74567 1153204712 199.276781    34.7151      42359          3  0.000e+00
    799.359     1.8518   3.078079     1.8519   3.078431    4.59813    -0.0642    13.8155 0.0000e+00  -60.57133  -56.74567 1153204712 199.276782    34.7148      42360          3  0.000e+00
    799.282     1.8522   3.078106     1.8521   3.078467    4.59803    -0.0857    13.8155 0.0000e+00  -60.57133  -56.74567 1153204712 199.276782    34.7148      42361          3  0.000e+00
    799.282     1.8518   3.078124     1.8522   3.078467    4.60291    -0.0857    13.8155 0.0000e+00  -60.57133  -56.74567 1153204712 199.276783    34.7154      42362          3  0.000e+00
    799.330     1.8516   3.078106     1.8522   3.078479    4.60298    -0.0749    13.8155 0.0000e+00  -60.57133  -56.74567 1153204712 199.276783    34.7155      42363          3  0.000e+00
    799.214     1.8513   3.078075     1.8522   3.078467    4.59808    -0.0642    13.8155 0.0000e+00  -60.57133  -56.74567 1153204712 199.276784    34.7154      42364          3  0.000e+00
    699.618     1.9269   3.079360     1.9301   3.079913    4.52268    -0.0534    13.8155 0.0000e+00  -60.57133  -56.74567 1153204873 199.278642    34.7038      46218          4  0.000e+00
    699.618     1.9268   3.079325     1.9301   3.079956    4.52270    -0.0104    13.8155 0.0000e+00  -60.57133  -56.74567 1153204873 199.278643    34.7035      46219          4  0.000e+00
    699.618     1.9269   3.079332     1.9303   3.079949    4.52269    -0.0426    13.8155 0.0000e+00  -60.57133  -56.74567 1153204873 199.278643    34.7035      46220          4  0.000e+00
    699.541     1.9266   3.079284     1.9313   3.079962    4.52269    -0.0642    13.8155 0.0000e+00  -60.57133  -56.74567 1153204873 199.278644    34.7033      46221          4  0.000e+00
    699.541     1.9264   3.079297     1.9311   3.080034    4.52748    -0.0534    13.8155 0.0000e+00  -60.57133  -56.74567 1153204873 199.278644    34.7037      46222          4  0.000e+00
    699.638     1.9255   3.079277     1.9316   3.080076    4.52285    -0.0534    13.8155 0.0000e+00  -60.57133  -56.74567 1153204873 199.278645    34.7043      46223          4  0.000e+00
    699.474     1.9257   3.079284     1.9319   3.080106    4.52273    -0.0534    13.8155 0.0000e+00  -60.57133  -56.74567 1153204873 199.278645    34.7043      46224          4  0.000e+00
    699.618     1.9263   3.079304     1.9325   3.080130    4.52276    -0.0642    13.8155 0.0000e+00  -60.57133  -56.74567 1153204873 199.278646    34.7038      46225          4  0.000e+00
    699.397     1.9268   3.079370     1.9330   3.080124    4.52255    -0.0964    13.8155 0.0000e+00  -60.57133  -56.74567 1153204873 199.278646    34.7042      46226          4  0.000e+00
    699.619     1.9269   3.079370     1.9334   3.080118    4.52267    -0.0964    13.8155 0.0000e+00  -60.57133  -56.74567 1153204873 199.278647    34.7040      46227          4  0.000e+00
    699.542     1.9273   3.079401     1.9335   3.080136    4.52258    -0.0534    13.8155 0.0000e+00  -60.57133  -56.74567 1153204873 199.278647    34.7040      46228          4  0.000e+00
    699.474     1.9280   3.079429     1.9336   3.080160    4.52246    -0.0534    13.8155 0.0000e+00  -60.57133  -56.74567 1153204873 199.278648    34.7036      46229          4  0.000e+00
    699.474     1.9284   3.079456     1.9336   3.080172    4.52242    -0.0749    13.8155 0.0000e+00  -60.57133  -56.74567 1153204873 199.278648    34.7036      46230          4  0.000e+00
    699.474     1.9287   3.079515     1.9339   3.080148    4.52237    -0.0319    13.8155 0.0000e+00  -60.57133  -56.74567 1153204873 199.278649    34.7040      46231          4  0.000e+00
    699.493     1.9301   3.079642     1.9326   3.080160    4.52220    -0.0534    13.8155 0.0000e+00  -60.57133  -56.74567 1153204874 199.278649    34.7040      46232          4  0.000e+00
    699.474     1.9317   3.079698     1.9332   3.080130    4.52202    -0.0749    13.8155 0.0000e+00  -60.57133  -56.74567 1153204874 199.278650    34.7030      46233          4  0.000e+00
    699.474     1.9321   3.079725     1.9328   3.080136    4.52196    -0.0534    13.8155 0.0000e+00  -60.57133  -56.74567 1153204874 199.278650    34.7028      46234          4  0.000e+00
    699.397     1.9323   3.079749     1.9332   3.080124    4.52189    -0.0426    13.8155 0.0000e+00  -60.57133  -56.74567 1153204874 199.278651    34.7030      46235          4  0.000e+00
    699.474     1.9320   3.079698     1.9331   3.080112    4.52199    -0.0104    13.8155 0.0000e+00  -60.57133  -56.74567 1153204874 199.278651    34.7026      46236          4  0.000e+00
    699.474     1.9321   3.079677     1.9326   3.080130    4.52198    -0.0642    13.8155 0.0000e+00  -60.57133  -56.74567 1153204874 199.278652    34.7022      46237          4  0.000e+00
    699.397     1.9312   3.079642     1.9323   3.080100    4.52203    -0.1180    13.8155 0.0000e+00  -60.57133  -56.74567 1153204874 199.278652    34.7028      46238          4  0.000e+00
    699.474     1.9301   3.079611     1.9322   3.080064    4.52220    -0.0749    13.8155 0.0000e+00  -60.57133  -56.74567 1153204874 199.278653    34.7036      46239          4  0.000e+00
    699.397     1.9310   3.079642     1.9326   3.080076    4.52205    -0.0426    13.8155 0.0000e+00  -60.57133  -56.74567 1153204874 199.278653    34.7030      46240          4  0.000e+00
