product_data/regression_test/downloaded_data/MDGS/320620060703/ctd/p6618801.ros
* Sea-Bird SBE 9 Data File:
* FileName = D:\Data\Raw\p6618801.dat
* Software Version Seasave Win32 V 5.32
* Temperature SN = 1649
* Conductivity SN = 1431
* Number of Bytes Per Scan = 37
* Number of Voltage Words = 5
* Number of Scans Averaged by the Deck Unit = 1
* NMEA Latitude = 60 48.02 S
* NMEA Longitude = 054 26.19 W
* NMEA UTC (Time) = 04:49:31
** Ship:   Nathaniel B. Palmer 
** Cruise:    NBP0606 
# nquan = 17
# nvalues = 1176                    
# units = specified
# name 0 = prDM: Pressure, Digiquartz [db]
# name 1 = t090C: Temperature [ITS-90, deg C]
# name 2 = c0S/m: Conductivity [S/m]
# name 3 = t190C: Temperature, 2 [ITS-90, deg C]
# name 4 = c1S/m: Conductivity, 2 [S/m]
# name 5 = sbeox0ML/L: Oxygen, SBE 43 [ml/l]
# name 6 = flECO-AFL: Fluorescence, Wetlab ECO-AFL/FL [mg/m^3]
# name 7 = bat: Beam Attenuation, Chelsea/Seatech/Wetlab CStar [1/m]
# name 8 = spar: SPAR/Surface Irradiance
# name 9 = latitude: Latitude [deg]
# name 10 = longitude: Longitude [deg]
# name 11 = timeY: Time, System [seconds]
# name 12 = timeJ: Julian Days
# name 13 = sal00: Salinity [PSU]
# name 14 = scan: scan number
# name 15 = nbf: number of bottles fired
# name 16 = flag:  0.000e+00
# interval = seconds: 0.0416667                   
# start_time = Jul 23 2006 04:49:40
*END*
[from data line 171]
   2449.598    -0.0812   2.975378    -0.0819   2.975669    5.85798    -0.0857    13.8155 0.0000e+00  -60.80033  -54.43650 1153633477 204.239340    34.6568      79177          4  0.000e+00
   2449.618    -0.0817   2.975384    -0.0813   2.975663    5.85805    -0.0749    13.8155 0.0000e+00  -60.80033  -54.43650 1153633477 204.239341    34.6574      79178          4  0.000e+00
   2449.598    -0.0812   2.975357    -0.0811   2.975681    5.85800    -0.1287    13.8155 0.0000e+00  -60.80033  -54.43650 1153633477 204.239341    34.6566      79179          4  0.000e+00
   2449.667    -0.0815   2.975357    -0.0811   2.975669    5.85809    -0.1180    13.8155 0.0000e+00  -60.80033  -54.43650 1153633477 204.239342    34.6568      79180          4  0.000e+00
   2449.667    -0.0817   2.975395    -0.0816   2.975681    5.85809    -0.1072    13.8155 0.0000e+00  -60.80033  -54.43650 1153633477 204.239342    34.6575      79181          4  0.000e+00
   2449.687    -0.0815   2.975371    -0.0816   2.975687    5.85810    -0.1180    13.8155 0.0000e+00  -60.80033  -54.43650 1153633477 204.239343    34.6570      79182          4  0.000e+00
   2449.746    -0.0817   2.975371    -0.0811   2.975693    5.85181    -0.1502    13.8155 0.0000e+00  -60.80033  -54.43650 1153633477 204.239343    34.6572      79183          4  0.000e+00
   2449.746    -0.0813   2.975398    -0.0811   2.975663    5.85811    -0.1072    13.8155 0.0000e+00  -60.80033  -54.43650 1153633477 204.239344    34.6572      79184          4  0.000e+00
   2449.766    -0.0812   2.975408    -0.0813   2.975657    5.85810    -0.1287    13.8155 0.0000e+00  -60.80033  -54.43650 1153633477 204.239344    34.6571      79185          4  0.000e+00
   2449.815    -0.0814   2.975408    -0.0816   2.975663    5.85817    -0.1287    13.8155 0.0000e+00  -60.80033  -54.43650 1153633477 204.239345    34.6573      79186          4  0.000e+00
   2449.815    -0.0813   2.975398    -0.0813   2.975681    5.85817    -0.1180    13.8155 0.0000e+00  -60.80033  -54.43650 1153633477 204.239345    34.6571      79187          4  0.000e+00
   2449.815    -0.0817   2.975422    -0.0814   2.975687    5.85819    -0.1180    13.8155 0.0000e+00  -60.80033  -54.43650 1153633477 204.239346    34.6578      79188          4  0.000e+00
   2449.914    -0.0810   2.975432    -0.0816   2.975687    5.85184    -0.1502    13.8155 0.0000e+00  -60.80033  -54.43650 1153633477 204.239346    34.6572      79189          4  0.000e+00
   2449.746    -0.0814   2.975412    -0.0814   2.975669    5.85811    -0.1072    13.8155 0.0000e+00  -60.80033  -54.43650 1153633477 204.239347    34.6574      79190          4  0.000e+00
   2450.042    -0.0810   2.975425    -0.0814   2.975705    5.85830    -0.0964    13.8155 0.0000e+00  -60.80033  -54.43650 1153633477 204.239347    34.6570      79191          4  0.000e+00
   2449.914    -0.0815   2.975388    -0.0814   2.975693    5.85827    -0.0964    13.8155 0.0000e+00  -60.80033  -54.43650 1153633477 204.239348    34.6571      79192          4  0.000e+00
   2449.973    -0.0814   2.975398    -0.0816   2.975669    5.85830    -0.0857    13.8155 0.0000e+00  -60.80033  -54.43650 1153633477 204.239348    34.6571      79193          4  0.000e+00
   2449.973    -0.0813   2.975388    -0.0808   2.975639    5.85830    -0.1072    13.8155 0.0000e+00  -60.80033  -54.43650 1153633478 204.239348    34.6569      79194          4  0.000e+00
   2449.973    -0.0812   2.975364    -0.0816   2.975675    5.85829    -0.1072    13.8155 0.0000e+00  -60.80033  -54.43650 1153633478 204.239349    34.6564      79195          4  0.000e+00
   2450.062    -0.0813   2.975388    -0.0817   2.975669    5.85837    -0.1287    13.8155 0.0000e+00  -60.80033  -54.43650 1153633478 204.239349    34.6569      79196          4  0.000e+00
   2450.042    -0.0815   2.975351    -0.0816   2.975657    5.85840    -0.1072    13.8155 0.0000e+00  -60.80033  -54.43650 1153633478 204.239350    34.6566      79197          4  0.000e+00
   2450.042    -0.0813   2.975371    -0.0814   2.975657    5.85201    -0.1072    13.8155 0.0000e+00  -60.80033  -54.43650 1153633478 204.239350    34.6567      79198          4  0.000e+00
   2450.062    -0.0813   2.975402    -0.0816   2.975663    5.85837    -0.1180    13.8155 0.0000e+00  -60.80033  -54.43650 1153633478 204.239351    34.6570      79199          4  0.000e+00
   2450.121    -0.0812   2.975398    -0.0819   2.975639    5.85840    -0.1180    13.8155 0.0000e+00  -60.80033  -54.43650 1153633478 204.239351    34.6568      79200          4  0.000e+00
   2450.121    -0.0820   2.975351    -0.0816   2.975633    5.85852    -0.1502    13.8155 0.0000e+00  -60.80033  -54.43650 1153633478 204.239352    34.6570      79201          4  0.000e+00
   1000.476     0.4864   2.964631     0.4860   2.964925    5.34079    -0.1287    13.8155 0.0000e+00  -60.80033  -54.43650 1153635438 204.262034    34.6614     126235          5  0.000e+00
   1000.621     0.4860   2.964645     0.4865   2.964920    5.34093    -0.0642    13.8155 0.0000e+00  -60.80033  -54.43650 1153635438 204.262035    34.6619     126236          5  0.000e+00
   1000.476     0.4865   2.964614     0.4865   2.964937    5.34078    -0.0642    13.8155 0.0000e+00  -60.80033  -54.43650 1153635438 204.262035    34.6610     126237          5  0.000e+00
   1000.544     0.4861   2.964635     0.4863   2.964925    5.34087    -0.1287    13.8155 0.0000e+00  -60.80033  -54.43650 1153635438 204.262036    34.6616     126238          5  0.000e+00
   1000.621     0.4863   2.964614     0.4863   2.964937    5.34091    -0.1287    13.8155 0.0000e+00  -60.80033  -54.43650 1153635438 204.262036    34.6611     126239          5  0.000e+00
   1000.399     0.4862   2.964638     0.4866   2.964913    5.34075    -0.1180    13.8155 0.0000e+00  -60.80033  -54.43650 1153635438 204.262037    34.6617     126240          5  0.000e+00
   1000.708     0.4860   2.964652     0.4865   2.964937    5.34100    -0.1395    13.8155 0.0000e+00  -60.80033  -54.43650 1153635438 204.262037    34.6619     126241          5  0.000e+00
   1000.544     0.4864   2.964645     0.4861   2.964967    5.34084    -0.1287    13.8155 0.0000e+00  -60.80033  -54.43650 1153635438 204.262038    34.6615     126242          5  0.000e+00
   1000.544     0.4863   2.964665     0.4859   2.964955    5.34083    -0.1072    13.8155 0.0000e+00  -60.80033  -54.43650 1153635438 204.262038    34.6618     126243          5  0.000e+00
   1000.621     0.4862   2.964655     0.4868   2.964949    5.34091    -0.1072    13.8155 0.0000e+00  -60.80033  -54.43650 1153635438 204.262038    34.6618     126244          5  0.000e+00
   1000.621     0.4861   2.964631     0.4865   2.964925    5.34092    -0.1072    13.8155 0.0000e+00  -60.80033  -54.43650 1153635438 204.262039    34.6615     126245          5  0.000e+00
   1000.544     0.4861   2.964638     0.4868   2.964961    5.34087    -0.1180    13.8155 0.0000e+00  -60.80033  -54.43650 1153635438 204.262039    34.6618     126246          5  0.000e+00
   1000.689     0.4860   2.964648     0.4863   2.964979    5.34098    -0.1180    13.8155 0.0000e+00  -60.80033  -54.43650 1153635438 204.262040    34.6619     126247          5  0.000e+00
   1000.544     0.4864   2.964669     0.4862   2.964979    5.34082    -0.0964    13.8155 0.0000e+00  -60.80033  -54.43650 1153635438 204.262040    34.6618     126248          5  0.000e+00
   1000.640     0.4863   2.964652     0.4865   2.964979    5.34091    -0.1072    13.8155 0.0000e+00  -60.80033  -54.43650 1153635438 204.262041    34.6616     126249          5  0.000e+00
   1000.689     0.4858   2.964648     0.4863   2.964985    5.34100    -0.0857    13.8155 0.0000e+00  -60.80033  -54.43650 1153635438 204.262041    34.6621     126250          5  0.000e+00
   1000.621     0.4862   2.964652     0.4866   2.964937    5.34091    -0.0857    13.8155 0.0000e+00  -60.80033  -54.43650 1153635438 204.262042    34.6617     126251          5  0.000e+00
   1000.689     0.4857   2.964669     0.4860   2.964937    5.34101    -0.1180    13.8155 0.0000e+00  -60.80033  -54.43650 1153635438 204.262042    34.6625     126252          5  0.000e+00
   1000.621     0.4858   2.964686     0.4860   2.964967    5.34094    -0.0857    13.8155 0.0000e+00  -60.80033  -54.43650 1153635438 204.262043    34.6627     126253          5  0.000e+00
   1000.689     0.4863   2.964662     0.4871   2.964931    5.34094    -0.0749    13.8155 0.0000e+00  -60.80033  -54.43650 1153635438 204.262043    34.6617     126254          5  0.000e+00
   1000.689     0.4862   2.964669     0.4865   2.964961    5.34095    -0.1287    13.8155 0.0000e+00  -60.80033  -54.43650 1153635438 204.262044    34.6619     126255          5  0.000e+00
   1000.708     0.4865   2.964621     0.4863   2.964955    5.34096    -0.1287    13.8155 0.0000e+00  -60.80033  -54.43650 1153635439 204.262044    34.6610     126256          5  0.000e+00
   1000.689     0.4864   2.964669     0.4862   2.964949    5.34093    -0.0964    13.8155 0.0000e+00  -60.80033  -54.43650 1153635439 204.262045    34.6617     126257          5  0.000e+00
   1000.689     0.4861   2.964662     0.4863   2.964967    5.34096    -0.1180    13.8155 0.0000e+00  -60.80033  -54.43650 1153635439 204.262045    34.6619     126258          5  0.000e+00
   1000.757     0.4858   2.964652     0.4857   2.964955    5.34106    -0.1072    13.8155 0.0000e+00  -60.80033  -54.43650 1153635439 204.262046    34.6622     126259          5  0.000e+00
   1000.757     0.4863   2.964669     0.4863   2.964979    5.34099    -0.0642    13.8155 0.0000e+00  -60.80033  -54.43650 1153635439 204.262046    34.6618     126260          5  0.000e+00
   1000.689     0.4860   2.964652     0.4861   2.964979    5.34098    -0.1072    13.8155 0.0000e+00  -60.80033  -54.43650 1153635439 204.262047    34.6619     126261          5  0.000e+00
   1000.757     0.4861   2.964686     0.4866   2.964979    5.34101    -0.1287    13.8155 0.0000e+00  -60.80033  -54.43650 1153635439 204.262047    34.6623     126262          5  0.000e+00
   1000.834     0.4865   2.964679     0.4861   2.964979    5.34103    -0.0749    13.8155 0.0000e+00  -60.80033  -54.43650 1153635439 204.262048    34.6617     126263          5  0.000e+00
   1000.708     0.4861   2.964686     0.4863   2.964955    5.34097    -0.0964    13.8155 0.0000e+00  -60.80033  -54.43650 1153635439 204.262048    34.6623     126264          5  0.000e+00
   1000.834     0.4861   2.964662     0.4866   2.964967    5.34107    -0.1180    13.8155 0.0000e+00  -60.80033  -54.43650 1153635439 204.262049    34.6618     126265          5  0.000e+00
   1000.757     0.4864   2.964652     0.4865   2.964955    5.34099    -0.1287    13.8155 0.0000e+00  -60.80033  -54.43650 1153635439 204.262049    34.6615     126266          5  0.000e+00
   1000.834     0.4861   2.964652     0.4863   2.964967    5.34107    -0.1072    13.8155 0.0000e+00  -60.80033  -54.43650 1153635439 204.262050    34.6617     126267          5  0.000e+00
   1000.834     0.4864   2.964662     0.4858   2.964955    5.34104    -0.1180    13.8155 0.0000e+00  -60.80033  -54.43650 1153635439 204.262050    34.6616     126268          5  0.000e+00
   1000.834     0.4858   2.964655     0.4859   2.964949    5.34111    -0.1180    13.8155 0.0000e+00  -60.80033  -54.43650 1153635439 204.262051    34.6621     126269          5  0.000e+00
   1000.834     0.4861   2.964652     0.4863   2.964914    5.34108    -0.1180    13.8155 0.0000e+00  -60.80033  -54.43650 1153635439 204.262051    34.6618     126270          5  0.000e+00
   1000.853     0.4861   2.964669     0.4862   2.964979    5.34108    -0.1502    13.8155 0.0000e+00  -60.80033  -54.43650 1153635439 204.262052    34.6619     126271          5  0.000e+00
   1000.834     0.4865   2.964669     0.4860   2.964961    5.34103    -0.1072    13.8155 0.0000e+00  -60.80033  -54.43650 1153635439 204.262052    34.6616     126272          5  0.000e+00
   1000.902     0.4862   2.964689     0.4863   2.964949    5.34110    -0.0749    13.8155 0.0000e+00  -60.80033  -54.43650 1153635439 204.262052    34.6621     126273          5  0.000e+00
   1000.902     0.4861   2.964645     0.4859   2.964949    5.34113    -0.0749    13.8155 0.0000e+00  -60.80033  -54.43650 1153635439 204.262053    34.6616     126274          5  0.000e+00
   1000.902     0.4862   2.964662     0.4861   2.964949    5.34111    -0.0642    13.8155 0.0000e+00  -60.80033  -54.43650 1153635439 204.262053    34.6617     126275          5  0.000e+00
   1000.902     0.4858   2.964669     0.4865   2.964949    5.34115    -0.0534    13.8155 0.0000e+00  -60.80033  -54.43650 1153635439 204.262054    34.6622     126276          5  0.000e+00
   1000.902     0.4861   2.964638     0.4860   2.964949    5.34114    -0.0534    13.8155 0.0000e+00  -60.80033  -54.43650 1153635439 204.262054    34.6616     126277          5  0.000e+00
   1000.902     0.4861   2.964662     0.4863   2.964967    5.34112    -0.0426    13.8155 0.0000e+00  -60.80033  -54.43650 1153635439 204.262055    34.6618     126278          5  0.000e+00
   1000.998     0.4862   2.964669     0.4865   2.964955    5.34118    -0.0211    13.8155 0.0000e+00  -60.80033  -54.43650 1153635439 204.262055    34.6618     126279          5  0.000e+00
   1000.979     0.4860   2.964655     0.4861   2.964955    5.34119    -0.0426    13.8155 0.0000e+00  -60.80033  -54.43650 1153635440 204.262056    34.6618     126280          5  0.000e+00
   1000.902     0.4861   2.964652     0.4863   2.964949    5.34113    -0.0749    13.8155 0.0000e+00  -60.80033  -54.43650 1153635440 204.262056    34.6617     126281          5  0.000e+00
   1000.979     0.4861   2.964652     0.4863   2.964949    5.34118    -0.0749    13.8155 0.0000e+00  -60.80033  -54.43650 1153635440 204.262057    34.6616     126282          5  0.000e+00
   1000.902     0.4865   2.964645     0.4863   2.964908    5.34109    -0.0857    13.8155 0.0000e+00  -60.80033  -54.43650 1153635440 204.262057    34.6612     126283          5  0.000e+00
    800.316     0.4952   2.955800     0.4954   2.956070    5.35796    -0.0642    13.8155 0.0000e+00  -60.80033  -54.43650 1153635712 204.265208    34.6502     132817          6  0.000e+00
    800.413     0.4951   2.955797     0.4953   2.956052    5.35804    -0.1072    13.8155 0.0000e+00  -60.80033  -54.43650 1153635712 204.265209    34.6501     132818          6  0.000e+00
    800.335     0.4949   2.955780     0.4958   2.956082    5.35802    -0.1180    13.8155 0.0000e+00  -60.80033  -54.43650 1153635712 204.265209    34.6502     132819          6  0.000e+00
    800.335     0.4955   2.955807     0.4951   2.956082    5.35794    -0.0857    13.8155 0.0000e+00  -60.80033  -54.43650 1153635712 204.265210    34.6499     132820          6  0.000e+00
    800.316     0.4953   2.955784     0.4954   2.956070    5.35796    -0.0749    13.8155 0.0000e+00  -60.80033  -54.43650 1153635712 204.265210    34.6499     132821          6  0.000e+00
    800.335     0.4950   2.955773     0.4954   2.956111    5.35801    -0.0964    13.8155 0.0000e+00  -60.80033  -54.43650 1153635712 204.265211    34.6500     132822          6  0.000e+00
    800.268     0.4948   2.955807     0.4956   2.956082    5.35797    -0.0749    13.8155 0.0000e+00  -60.80033  -54.43650 1153635712 204.265211    34.6507     132823          6  0.000e+00
    800.336     0.4952   2.955800     0.4954   2.956088    5.35798    -0.0964    13.8155 0.0000e+00  -60.80033  -54.43650 1153635712 204.265212    34.6502     132824          6  0.000e+00
    800.316     0.4952   2.955797     0.4951   2.956076    5.35797    -0.1072    13.8155 0.0000e+00  -60.80033  -54.43650 1153635712 204.265212    34.6501     132825          6  0.000e+00
    800.268     0.4953   2.955814     0.4950   2.956070    5.35791    -0.0857    13.8155 0.0000e+00  -60.80033  -54.43650 1153635712 204.265213    34.6503     132826          6  0.000e+00
