product_data/regression_test/downloaded_data/MDGS/320620060703/ctd/p6615301.ros
* Sea-Bird SBE 9 Data File:
* FileName = D:\Data\Raw\p6615301.dat
* Software Version Seasave Win32 V 5.32
* Temperature SN = 1649
* Conductivity SN = 1431
* Number of Bytes Per Scan = 37
* Number of Voltage Words = 5
* Number of Scans Averaged by the Deck Unit = 1
* NMEA Latitude = 60 46.37 S
* NMEA Longitude = 056 15.68 W
* NMEA UTC (Time) = 16:25:35
** Ship:   Nathaniel B. Palmer 
** Cruise:    NBP0606 
# nquan = 17
# nvalues = 1173                    
# units = specified
# name 0 = prDM: Pressure, Digiquartz [db]
# name 1 = t090C: Temperature [ITS-90, deg C]
# name 2 = c0S/m: Conductivity [S/m]
# name 3 = t190C: Temperature, 2 [ITS-90, deg C]
# name 4 = c1S/m: Conductivity, 2 [S/m]
# name 5 = sbeox0ML/L: Oxygen, SBE 43 [ml/l]
# name 6 = flECO-AFL: Fluorescence, Wetlab ECO-AFL/FL [mg/m^3]
# name 7 = bat: Beam Attenuation, Chelsea/Seatech/Wetlab CStar [1/m]
# name 8 = spar: SPAR/Surface Irradiance
# name 9 = latitude: Latitude [deg]
# name 10 = longitude: Longitude [deg]
# name 11 = timeY: Time, System [seconds]
# name 12 = timeJ: Julian Days
# name 13 = sal00: Salinity [PSU]
# name 14 = scan: scan number
# name 15 = nbf: number of bottles fired
# name 16 = flag:  0.000e+00
# interval = seconds: 0.0416667                   
# start_time = Jul 18 2006 16:25:43
*END*
[from data line 852]
     49.883    -0.7391   2.787279    -0.7365   2.787929    7.47557     0.1188    13.8155 8.9615e+01  -60.77283  -56.26133 1153242993 199.719847    34.2498      73244         18  0.000e+00
     49.883    -0.7392   2.787318    -0.7368   2.787964    7.47087     0.0972    13.8155 8.9615e+01  -60.77283  -56.26133 1153242993 199.719848    34.2504      73245         18  0.000e+00
     49.883    -0.7393   2.787335    -0.7369   2.787952    7.47555     0.0542    13.8155 8.9615e+01  -60.77283  -56.26133 1153242993 199.719848    34.2508      73246         18  0.000e+00
     49.807    -0.7391   2.787288    -0.7373   2.787923    7.47548     0.0434    13.8155 8.9615e+01  -60.77283  -56.26133 1153242993 199.719849    34.2500      73247         18  0.000e+00
     49.807    -0.7389   2.787269    -0.7370   2.787917    7.47546     0.0542    13.8155 8.9615e+01  -60.77283  -56.26133 1153242993 199.719849    34.2495      73248         18  0.000e+00
     49.807    -0.7393   2.787282    -0.7365   2.787929    7.47551     0.0650    13.8155 8.9615e+01  -60.77283  -56.26133 1153242993 199.719850    34.2501      73249         18  0.000e+00
     49.740    -0.7396   2.787279    -0.7367   2.787917    7.47550     0.0865    13.8155 8.9615e+01  -60.77283  -56.26133 1153242994 199.719850    34.2505      73250         18  0.000e+00
     49.807    -0.7394   2.787252    -0.7367   2.787917    7.47556     0.0327    13.8155 8.7667e+01  -60.77283  -56.26133 1153242994 199.719851    34.2499      73251         18  0.000e+00
     49.673    -0.7398   2.787209    -0.7370   2.787917    7.47082     0.0327    13.8155 8.9615e+01  -60.77283  -56.26133 1153242994 199.719851    34.2498      73252         18  0.000e+00
     49.740    -0.7411   2.787153    -0.7370   2.787917    7.47581     0.0434    13.8155 8.9615e+01  -60.77283  -56.26133 1153242994 199.719851    34.2505      73253         18  0.000e+00
     49.673    -0.7411   2.787117    -0.7373   2.787906    7.47575     0.0757    13.8155 8.9615e+01  -60.77283  -56.26133 1153242994 199.719852    34.2500      73254         18  0.000e+00
     49.673    -0.7414   2.787047    -0.7378   2.787912    7.47586     0.0650    13.8155 8.9615e+01  -60.77283  -56.26133 1153242994 199.719852    34.2494      73255         18  0.000e+00
     49.597    -0.7417   2.786988    -0.7375   2.787836    7.47585     0.0542    13.8155 8.9615e+01  -60.77283  -56.26133 1153242994 199.719853    34.2490      73256         18  0.000e+00
     49.597    -0.7428   2.786958    -0.7379   2.787830    7.47137     0.0972    13.8155 8.9615e+01  -60.77283  -56.26133 1153242994 199.719853    34.2499      73257         18  0.000e+00
     49.673    -0.7421   2.786925    -0.7376   2.787795    7.47605     0.1080    13.8155 8.9615e+01  -60.77283  -56.26133 1153242994 199.719854    34.2486      73258         18  0.000e+00
     49.530    -0.7424   2.786925    -0.7384   2.787755    7.47125     0.1188    13.8155 8.9615e+01  -60.77283  -56.26133 1153242994 199.719854    34.2490      73259         18  0.000e+00
     49.597    -0.7429   2.786882    -0.7388   2.787697    7.47612     0.0972    13.8155 8.9615e+01  -60.77283  -56.26133 1153242994 199.719855    34.2490      73260         18  0.000e+00
     49.530    -0.7436   2.786869    -0.7394   2.787697    7.47616     0.0650    13.8155 8.9615e+01  -60.77283  -56.26133 1153242994 199.719855    34.2496      73261         18  0.000e+00
     49.530    -0.7438   2.786833    -0.7396   2.787621    7.47622     0.0650    13.8155 8.9615e+01  -60.77283  -56.26133 1153242994 199.719856    34.2494      73262         18  0.000e+00
     49.530    -0.7442   2.786820    -0.7401   2.787581    7.47160     0.1188    13.8155 8.9615e+01  -60.77283  -56.26133 1153242994 199.719856    34.2496      73263         18  0.000e+00
     49.454    -0.7443   2.786823    -0.7416   2.787523    7.47621     0.1295    13.8155 8.9615e+01  -60.77283  -56.26133 1153242994 199.719857    34.2498      73264         18  0.000e+00
     49.454    -0.7444   2.786820    -0.7418   2.787459    7.47154     0.0972    13.8155 8.9615e+01  -60.77283  -56.26133 1153242994 199.719857    34.2499      73265         18  0.000e+00
     49.454    -0.7443   2.786823    -0.7419   2.787459    7.47153     0.0542    13.8155 8.9615e+01  -60.77283  -56.26133 1153242994 199.719858    34.2498      73266         18  0.000e+00
     49.454    -0.7442   2.786820    -0.7419   2.787424    7.47620     0.0865    13.8155 8.9615e+01  -60.77283  -56.26133 1153242994 199.719858    34.2497      73267         18  0.000e+00
     49.454    -0.7440   2.786803    -0.7421   2.787395    7.47618     0.0327    13.8155 8.9615e+01  -60.77283  -56.26133 1153242994 199.719859    34.2492      73268         18  0.000e+00
     49.387    -0.7444   2.786803    -0.7428   2.787360    7.47149     0.0542    13.8155 8.9615e+01  -60.77283  -56.26133 1153242994 199.719859    34.2497      73269         18  0.000e+00
     49.454    -0.7438   2.786816    -0.7429   2.787354    7.47615     0.0865    13.8155 8.9615e+01  -60.77283  -56.26133 1153242994 199.719860    34.2492      73270         18  0.000e+00
     49.387    -0.7442   2.786803    -0.7434   2.787302    7.47615     0.0972    13.8155 8.9615e+01  -60.77283  -56.26133 1153242994 199.719860    34.2495      73271         18  0.000e+00
     49.387    -0.7443   2.786787    -0.7430   2.787337    7.48086     0.0757    13.8155 8.9615e+01  -60.77283  -56.26133 1153242994 199.719861    34.2494      73272         19  0.000e+00
     49.321    -0.7441   2.786810    -0.7436   2.787319    7.47605     0.0327    13.8155 8.9615e+01  -60.77283  -56.26133 1153242994 199.719861    34.2494      73273         19  0.000e+00
     49.454    -0.7440   2.786810    -0.7436   2.787325    7.47618     0.0542    13.8155 8.7667e+01  -60.77283  -56.26133 1153242994 199.719862    34.2493      73274         19  0.000e+00
     49.321    -0.7444   2.786800    -0.7434   2.787325    7.47610     0.0542    13.8155 8.7667e+01  -60.77283  -56.26133 1153242994 199.719862    34.2497      73275         19  0.000e+00
     49.321    -0.7442   2.786813    -0.7418   2.787389    7.47606     0.0542    13.8155 8.9615e+01  -60.77283  -56.26133 1153242994 199.719863    34.2496      73276         19  0.000e+00
     49.387    -0.7438   2.786823    -0.7431   2.787395    7.47606     0.0865    13.8155 8.9615e+01  -60.77283  -56.26133 1153242994 199.719863    34.2492      73277         19  0.000e+00
     49.321    -0.7442   2.786806    -0.7431   2.787348    7.47138     0.0650    13.8155 8.9615e+01  -60.77283  -56.26133 1153242995 199.719864    34.2495      73278         19  0.000e+00
     49.321    -0.7436   2.786800    -0.7440   2.787273    7.47599     0.0757    13.8155 8.9615e+01  -60.77283  -56.26133 1153242995 199.719864    34.2488      73279         19  0.000e+00
     49.321    -0.7441   2.786820    -0.7434   2.787226    7.47136     0.0542    13.8155 8.9615e+01  -60.77283  -56.26133 1153242995 199.719864    34.2496      73280         19  0.000e+00
     49.321    -0.7440   2.786787    -0.7441   2.787203    7.47605     0.0434    13.8155 8.9615e+01  -60.77283  -56.26133 1153242995 199.719865    34.2490      73281         19  0.000e+00
     49.244    -0.7438   2.786806    -0.7445   2.787203    7.47593     0.0757    13.8155 8.9615e+01  -60.77283  -56.26133 1153242995 199.719865    34.2491      73282         19  0.000e+00
     49.321    -0.7437   2.786823    -0.7445   2.787180    7.47130     0.0865    13.8155 8.9615e+01  -60.77283  -56.26133 1153242995 199.719866    34.2492      73283         19  0.000e+00
     49.321    -0.7444   2.786806    -0.7446   2.787174    7.47610     0.1188    13.8155 8.9615e+01  -60.77283  -56.26133 1153242995 199.719866    34.2498      73284         19  0.000e+00
     49.244    -0.7442   2.786803    -0.7444   2.787192    7.47130     0.0757    13.8155 8.9615e+01  -60.77283  -56.26133 1153242995 199.719867    34.2495      73285         19  0.000e+00
     49.321    -0.7444   2.786767    -0.7434   2.787255    7.47144     0.0112    13.8155 8.9615e+01  -60.77283  -56.26133 1153242995 199.719867    34.2492      73286         19  0.000e+00
     49.245    -0.7438   2.786786    -0.7431   2.787319    7.47127     0.0327    13.8155 8.9615e+01  -60.77283  -56.26133 1153242995 199.719868    34.2489      73287         19  0.000e+00
     49.321    -0.7444   2.786803    -0.7424   2.787389    7.47142     0.0327    13.8155 8.9615e+01  -60.77283  -56.26133 1153242995 199.719868    34.2497      73288         19  0.000e+00
     49.245    -0.7443   2.786816    -0.7417   2.787430    7.48069     0.0542    13.8155 8.9615e+01  -60.77283  -56.26133 1153242995 199.719869    34.2498      73289         19  0.000e+00
     49.245    -0.7441   2.786820    -0.7416   2.787476    7.48065     0.0972    13.8155 8.7667e+01  -60.77283  -56.26133 1153242995 199.719869    34.2496      73290         19  0.000e+00
     49.321    -0.7438   2.786823    -0.7414   2.787482    7.48069     0.1403    13.8155 8.9615e+01  -60.77283  -56.26133 1153242995 199.719870    34.2494      73291         19  0.000e+00
     49.245    -0.7438   2.786786    -0.7414   2.787488    7.47126     0.0972    13.8155 8.9615e+01  -60.77283  -56.26133 1153242995 199.719870    34.2488      73292         19  0.000e+00
     49.321    -0.7443   2.786780    -0.7414   2.787493    7.47611     0.0757    13.8155 8.9615e+01  -60.77283  -56.26133 1153242995 199.719871    34.2493      73293         19  0.000e+00
     49.245    -0.7442   2.786760    -0.7408   2.787511    7.47134     0.0650    13.8155 8.9615e+01  -60.77283  -56.26133 1153242995 199.719871    34.2490      73294         19  0.000e+00
     49.245    -0.7449   2.786770    -0.7411   2.787499    7.47613     0.0434    13.8155 8.9615e+01  -60.77283  -56.26133 1153242995 199.719872    34.2499      73295         19  0.000e+00
     49.321    -0.7444   2.786879    -0.7414   2.787505    7.47137     0.0757    13.8155 8.9615e+01  -60.77283  -56.26133 1153242995 199.719872    34.2507      73296         19  0.000e+00
     49.245    -0.7435   2.786975    -0.7413   2.787517    7.47578     0.1188    13.8155 8.9615e+01  -60.77283  -56.26133 1153242995 199.719873    34.2511      73297         19  0.000e+00
     49.321    -0.7428   2.786998    -0.7412   2.787482    7.47574     0.1403    13.8155 8.9615e+01  -60.77283  -56.26133 1153242995 199.719873    34.2506      73298         19  0.000e+00
     49.245    -0.7429   2.787004    -0.7413   2.787488    7.47566     0.1403    13.8155 8.7667e+01  -60.77283  -56.26133 1153242995 199.719874    34.2508      73299         19  0.000e+00
     49.321    -0.7425   2.786998    -0.7413   2.787511    7.47100     0.0972    13.8155 8.9615e+01  -60.77283  -56.26133 1153242995 199.719874    34.2502      73300         19  0.000e+00
     49.245    -0.7424   2.786981    -0.7414   2.787482    7.48029     0.0327    13.8155 8.9615e+01  -60.77283  -56.26133 1153242996 199.719875    34.2500      73301         19  0.000e+00
     49.245    -0.7425   2.786981    -0.7405   2.787557    7.48031     0.0327    13.8155 8.9615e+01  -60.77283  -56.26133 1153242996 199.719875    34.2501      73302         19  0.000e+00
     49.388    -0.7423   2.786995    -0.7401   2.787615    7.47573     0.0650    13.8155 8.9615e+01  -60.77283  -56.26133 1153242996 199.719876    34.2499      73303         19  0.000e+00
     49.245    -0.7425   2.787037    -0.7401   2.787604    7.47558     0.0757    13.8155 8.9615e+01  -60.77283  -56.26133 1153242996 199.719876    34.2508      73304         19  0.000e+00
     49.321    -0.7418   2.787011    -0.7404   2.787581    7.47089     0.1188    13.8155 8.9615e+01  -60.77283  -56.26133 1153242996 199.719877    34.2496      73305         19  0.000e+00
     49.321    -0.7424   2.787014    -0.7405   2.787552    7.47566     0.0650    13.8155 8.9615e+01  -60.77283  -56.26133 1153242996 199.719877    34.2503      73306         19  0.000e+00
     49.321    -0.7415   2.787110    -0.7407   2.787517    7.47078     0.0542    13.8155 8.9615e+01  -60.77283  -56.26133 1153242996 199.719878    34.2506      73307         19  0.000e+00
     49.321    -0.7410   2.787150    -0.7410   2.787534    7.47535     0.0650    13.8155 8.9615e+01  -60.77283  -56.26133 1153242996 199.719878    34.2505      73308         19  0.000e+00
     49.321    -0.7409   2.787173    -0.7407   2.787528    7.48001     0.0865    13.8155 8.9615e+01  -60.77283  -56.26133 1153242996 199.719878    34.2508      73309         19  0.000e+00
     49.321    -0.7407   2.787199    -0.7408   2.787522    7.47996     0.0650    13.8155 8.9615e+01  -60.77283  -56.26133 1153242996 199.719879    34.2509      73310         19  0.000e+00
     49.388    -0.7404   2.787199    -0.7411   2.787540    7.47062     0.0542    13.8155 8.9615e+01  -60.77283  -56.26133 1153242996 199.719879    34.2505      73311         19  0.000e+00
     49.321    -0.7410   2.787150    -0.7408   2.787517    7.47535     0.0327    13.8155 8.9615e+01  -60.77283  -56.26133 1153242996 199.719880    34.2505      73312         19  0.000e+00
     49.388    -0.7411   2.787103    -0.7405   2.787517    7.47078     0.0757    13.8155 8.9615e+01  -60.77283  -56.26133 1153242996 199.719880    34.2500      73313         19  0.000e+00
     49.321    -0.7413   2.787074    -0.7408   2.787540    7.47545     0.1080    13.8155 8.9615e+01  -60.77283  -56.26133 1153242996 199.719881    34.2499      73314         19  0.000e+00
     49.388    -0.7411   2.787084    -0.7406   2.787505    7.47081     0.1188    13.8155 8.9615e+01  -60.77283  -56.26133 1153242996 199.719881    34.2498      73315         19  0.000e+00
     49.388    -0.7415   2.787094    -0.7410   2.787511    7.48023     0.1188    13.8155 8.9615e+01  -60.77283  -56.26133 1153242996 199.719882    34.2503      73316         19  0.000e+00
     49.388    -0.7410   2.787074    -0.7411   2.787488    7.48016     0.1188    13.8155 8.9615e+01  -60.77283  -56.26133 1153242996 199.719882    34.2495      73317         19  0.000e+00
     49.388    -0.7415   2.787031    -0.7411   2.787488    7.48027     0.0542    13.8155 8.9615e+01  -60.77283  -56.26133 1153242996 199.719883    34.2495      73318         19  0.000e+00
     49.388    -0.7419   2.787011    -0.7409   2.787493    7.48034     0.0434    13.8155 8.9615e+01  -60.77283  -56.26133 1153242996 199.719883    34.2497      73319         19  0.000e+00
     30.304    -0.7166   2.785134    -0.7181   2.785543    7.53274     0.1295    13.8155 9.3511e+01  -60.77283  -56.26133 1153243110 199.721195    34.2074      76038         20  0.000e+00
     30.228    -0.7161   2.785157    -0.7181   2.785532    7.52791     0.1726    13.8155 9.3511e+01  -60.77283  -56.26133 1153243110 199.721195    34.2072      76039         20  0.000e+00
     30.371    -0.7156   2.785180    -0.7175   2.785543    7.53264     0.1403    13.8155 9.3511e+01  -60.77283  -56.26133 1153243110 199.721196    34.2069      76040         20  0.000e+00
     30.237    -0.7153   2.785200    -0.7176   2.785549    7.53244     0.0972    13.8155 9.3511e+01  -60.77283  -56.26133 1153243110 199.721196    34.2069      76041         20  0.000e+00
     30.304    -0.7147   2.785190    -0.7175   2.785532    7.53243     0.0865    13.8155 9.3511e+01  -60.77283  -56.26133 1153243110 199.721196    34.2060      76042         20  0.000e+00
     30.228    -0.7147   2.785167    -0.7178   2.785543    7.53236     0.1080    13.8155 9.3511e+01  -60.77283  -56.26133 1153243110 199.721197    34.2057      76043         20  0.000e+00
     30.161    -0.7149   2.785180    -0.7175   2.785509    7.53231     0.1618    13.8155 9.3511e+01  -60.77283  -56.26133 1153243110 199.721197    34.2062      76044         20  0.000e+00
     30.304    -0.7139   2.785217    -0.7178   2.785532    7.52295     0.1618    13.8155 9.1563e+01  -60.77283  -56.26133 1153243110 199.721198    34.2055      76045         20  0.000e+00
