product_data/regression_test/downloaded_data/MDGS/320620060703/ctd/p6617609.ros
* Sea-Bird SBE 9 Data File:
* FileName = D:\Data\Raw\p6617609.dat
* Software Version Seasave Win32 V 5.32
* Temperature SN = 1649
* Conductivity SN = 1431
* Number of Bytes Per Scan = 37
* Number of Voltage Words = 5
* Number of Scans Averaged by the Deck Unit = 1
* NMEA Latitude = 60 36.97 S
* NMEA Longitude = 054 43.19 W
* NMEA UTC (Time) = 12:39:49
** Ship:   Nathaniel B. Palmer 
** Cruise:    NBP0606 
# nquan = 17
# nvalues = 1176                    
# units = specified
# name 0 = prDM: Pressure, Digiquartz [db]
# name 1 = t090C: Temperature [ITS-90, deg C]
# name 2 = c0S/m: Conductivity [S/m]
# name 3 = t190C: Temperature, 2 [ITS-90, deg C]
# name 4 = c1S/m: Conductivity, 2 [S/m]
# name 5 = sbeox0ML/L: Oxygen, SBE 43 [ml/l]
# name 6 = flECO-AFL: Fluorescence, Wetlab ECO-AFL/FL [mg/m^3]
# name 7 = bat: Beam Attenuation, Chelsea/Seatech/Wetlab CStar [1/m]
# name 8 = spar: SPAR/Surface Irradiance
# name 9 = latitude: Latitude [deg]
# name 10 = longitude: Longitude [deg]
# name 11 = timeY: Time, System [seconds]
# name 12 = timeJ: Julian Days
# name 13 = sal00: Salinity [PSU]
# name 14 = scan: scan number
# name 15 = nbf: number of bottles fired
# name 16 = flag:  0.000e+00
# interval = seconds: 0.0416667                   
# start_time = Jul 21 2006 12:39:57
*END*
[from data line 766]
    299.681     1.2656   2.994078     1.2678   2.994462    4.95827    -0.0426    13.8155 1.5585e+01  -60.61617  -54.71983 1153486253 202.535359    34.5771      15793         16  0.000e+00
    299.997     1.2655   2.994037     1.2671   2.994451    4.95851    -0.0749    13.8155 1.5585e+01  -60.61617  -54.71983 1153486253 202.535359    34.5765      15794         16  0.000e+00
    299.901     1.2647   2.994010     1.2679   2.994486    4.95854    -0.0857    13.8155 1.5585e+01  -60.61617  -54.71983 1153486253 202.535360    34.5771      15795         16  0.000e+00
    299.758     1.2644   2.993956     1.2678   2.994486    4.95849    -0.0857    13.8155 1.5585e+01  -60.61617  -54.71983 1153486253 202.535360    34.5768      15796         16  0.000e+00
    299.825     1.2647   2.993935     1.2679   2.994463    4.95852    -0.0534    13.8155 1.5585e+01  -60.61617  -54.71983 1153486253 202.535361    34.5762      15797         16  0.000e+00
    299.719     1.2644   2.993881     1.2679   2.994492    4.95850    -0.0534    13.8155 1.5585e+01  -60.61617  -54.71983 1153486253 202.535361    34.5759      15798         16  0.000e+00
    299.825     1.2638   2.993864     1.2676   2.994463    4.95864    -0.0857    13.8155 1.5585e+01  -60.61617  -54.71983 1153486253 202.535362    34.5763      15799         16  0.000e+00
    299.681     1.2628   2.993809     1.2671   2.994451    4.95866    -0.1287    13.8155 1.5585e+01  -60.61617  -54.71983 1153486253 202.535362    34.5767      15800         16  0.000e+00
    299.719     1.2630   2.993809     1.2676   2.994451    4.95867    -0.1072    13.8155 1.5585e+01  -60.61617  -54.71983 1153486253 202.535363    34.5765      15801         16  0.000e+00
    299.681     1.2628   2.993782     1.2676   2.994427    4.95867    -0.0749    13.8155 1.5585e+01  -60.61617  -54.71983 1153486253 202.535363    34.5763      15802         16  0.000e+00
    299.681     1.2625   2.993768     1.2673   2.994421    4.95871    -0.0857    13.8155 1.5585e+01  -60.61617  -54.71983 1153486253 202.535364    34.5765      15803         16  0.000e+00
    299.681     1.2625   2.993768     1.2669   2.994403    4.95871    -0.1072    13.8155 1.5585e+01  -60.61617  -54.71983 1153486253 202.535364    34.5765      15804         16  0.000e+00
    299.643     1.2623   2.993734     1.2665   2.994373    4.95871    -0.1072    13.8155 1.5585e+01  -60.61617  -54.71983 1153486253 202.535365    34.5763      15805         16  0.000e+00
    299.614     1.2625   2.993720     1.2667   2.994325    4.95868    -0.0749    13.8155 1.5585e+01  -60.61617  -54.71983 1153486253 202.535365    34.5760      15806         16  0.000e+00
    299.614     1.2627   2.993720     1.2664   2.994313    4.95867    -0.0749    13.8155 1.5585e+01  -60.61617  -54.71983 1153486253 202.535366    34.5758      15807         16  0.000e+00
    299.547     1.2625   2.993741     1.2656   2.994290    4.95863    -0.1072    13.8155 1.5585e+01  -60.61617  -54.71983 1153486253 202.535366    34.5763      15808         16  0.000e+00
    299.576     1.2631   2.993761     1.2643   2.994206    4.95858    -0.0857    13.8155 1.5585e+01  -60.61617  -54.71983 1153486253 202.535367    34.5758      15809         16  0.000e+00
    299.547     1.2630   2.993748     1.2636   2.994170    4.95858    -0.0749    13.8155 1.5585e+01  -60.61617  -54.71983 1153486253 202.535367    34.5758      15810         16  0.000e+00
    300.388     1.2688   2.994307     1.2706   2.994820    4.96293    -0.0857    13.8155 1.5585e+01  -60.61617  -54.71983 1153486260 202.535444    34.5761      15970         17  0.000e+00
    300.465     1.2686   2.994310     1.2708   2.994791    4.96300    -0.0319    13.8155 1.5585e+01  -60.61617  -54.71983 1153486260 202.535445    34.5763      15971         17  0.000e+00
    300.206     1.2685   2.994317     1.2706   2.994802    4.96284    -0.0749    13.8155 1.5585e+01  -60.61617  -54.71983 1153486260 202.535445    34.5766      15972         17  0.000e+00
    300.245     1.2685   2.994279     1.2711   2.994791    4.96288    -0.0749    13.8155 1.5585e+01  -60.61617  -54.71983 1153486260 202.535446    34.5761      15973         17  0.000e+00
    300.245     1.2678   2.994252     1.2705   2.994826    4.96295    -0.0749    13.8155 1.5585e+01  -60.61617  -54.71983 1153486260 202.535446    34.5765      15974         17  0.000e+00
    300.245     1.2678   2.994228     1.2709   2.994779    4.96296    -0.0642    13.8155 1.5585e+01  -60.61617  -54.71983 1153486260 202.535447    34.5762      15975         17  0.000e+00
    300.350     1.2672   2.994222     1.2711   2.994797    4.96310    -0.0749    13.8155 1.5585e+01  -60.61617  -54.71983 1153486260 202.535447    34.5767      15976         17  0.000e+00
    300.178     1.2668   2.994170     1.2707   2.994791    4.96304    -0.0749    13.8155 1.5585e+01  -60.61617  -54.71983 1153486260 202.535448    34.5766      15977         17  0.000e+00
    300.178     1.2670   2.994167     1.2709   2.994785    4.96302    -0.1072    13.8155 1.5585e+01  -60.61617  -54.71983 1153486260 202.535448    34.5763      15978         17  0.000e+00
    300.273     1.2669   2.994174     1.2701   2.994767    4.96310    -0.1072    13.8155 1.5585e+01  -60.61617  -54.71983 1153486260 202.535448    34.5765      15979         17  0.000e+00
    300.178     1.2667   2.994174     1.2704   2.994737    4.96305    -0.0749    13.8155 1.5585e+01  -60.61617  -54.71983 1153486261 202.535449    34.5767      15980         17  0.000e+00
    300.178     1.2672   2.994208     1.2704   2.994779    4.96299    -0.0319    13.8155 1.5585e+01  -60.61617  -54.71983 1153486261 202.535449    34.5767      15981         17  0.000e+00
    300.178     1.2675   2.994221     1.2703   2.994808    4.95835    -0.0426    13.8155 1.3637e+01  -60.61617  -54.71983 1153486261 202.535450    34.5765      15982         17  0.000e+00
    300.139     1.2674   2.994221     1.2707   2.994791    4.95834    -0.0426    13.8155 1.3637e+01  -60.61617  -54.71983 1153486261 202.535450    34.5767      15983         17  0.000e+00
    300.111     1.2675   2.994221     1.2712   2.994802    4.96291    -0.0642    13.8155 1.5585e+01  -60.61617  -54.71983 1153486261 202.535451    34.5765      15984         17  0.000e+00
    300.178     1.2674   2.994201     1.2707   2.994791    4.96298    -0.0749    13.8155 1.5585e+01  -60.61617  -54.71983 1153486261 202.535451    34.5764      15985         17  0.000e+00
    300.111     1.2675   2.994160     1.2711   2.994767    4.96293    -0.0857    13.8155 1.5585e+01  -60.61617  -54.71983 1153486261 202.535452    34.5757      15986         17  0.000e+00
    300.063     1.2672   2.994204     1.2711   2.994761    4.95831    -0.1180    13.8155 1.5585e+01  -60.61617  -54.71983 1153486261 202.535452    34.5767      15987         17  0.000e+00
    300.111     1.2673   2.994204     1.2704   2.994737    4.95833    -0.1287    13.8155 1.5585e+01  -60.61617  -54.71983 1153486261 202.535453    34.5766      15988         17  0.000e+00
    300.034     1.2675   2.994198     1.2706   2.994767    4.95826    -0.1072    13.8155 1.5585e+01  -60.61617  -54.71983 1153486261 202.535453    34.5763      15989         17  0.000e+00
    300.111     1.2670   2.994198     1.2703   2.994767    4.95836    -0.0642    13.8155 1.5585e+01  -60.61617  -54.71983 1153486261 202.535454    34.5767      15990         17  0.000e+00
    300.063     1.2677   2.994232     1.2705   2.994796    4.95825    -0.0857    13.8155 1.5585e+01  -60.61617  -54.71983 1153486261 202.535454    34.5765      15991         17  0.000e+00
    300.034     1.2677   2.994208     1.2706   2.994773    4.95824    -0.1180    13.8155 1.5585e+01  -60.61617  -54.71983 1153486261 202.535455    34.5762      15992         17  0.000e+00
    300.034     1.2675   2.994198     1.2707   2.994779    4.96286    -0.1287    13.8155 1.5585e+01  -60.61617  -54.71983 1153486261 202.535455    34.5763      15993         17  0.000e+00
    299.996     1.2677   2.994181     1.2702   2.994790    4.95823    -0.0857    13.8155 1.5585e+01  -60.61617  -54.71983 1153486261 202.535456    34.5759      15994         17  0.000e+00
    300.034     1.2675   2.994208     1.2706   2.994785    4.96286    -0.0642    13.8155 1.5585e+01  -60.61617  -54.71983 1153486261 202.535456    34.5764      15995         17  0.000e+00
    299.967     1.2675   2.994204     1.2704   2.994785    4.96281    -0.0534    13.8155 1.5585e+01  -60.61617  -54.71983 1153486261 202.535457    34.5764      15996         17  0.000e+00
    300.034     1.2678   2.994181     1.2707   2.994785    4.95824    -0.0319    13.8155 1.5585e+01  -60.61617  -54.71983 1153486261 202.535457    34.5757      15997         17  0.000e+00
    299.996     1.2670   2.994191     1.2707   2.994785    4.95828    -0.0319    13.8155 1.5585e+01  -60.61617  -54.71983 1153486261 202.535458    34.5767      15998         17  0.000e+00
    299.967     1.2677   2.994160     1.2705   2.994767    4.95822    -0.0426    13.8155 1.5585e+01  -60.61617  -54.71983 1153486261 202.535458    34.5757      15999         17  0.000e+00
    299.967     1.2671   2.994150     1.2703   2.994761    4.95827    -0.0642    13.8155 1.5585e+01  -60.61617  -54.71983 1153486261 202.535459    34.5761      16000         17  0.000e+00
    299.967     1.2677   2.994133     1.2700   2.994737    4.95823    -0.0642    13.8155 1.5585e+01  -60.61617  -54.71983 1153486261 202.535459    34.5753      16001         17  0.000e+00
    299.996     1.2672   2.994160     1.2702   2.994749    4.95828    -0.0534    13.8155 1.5585e+01  -60.61617  -54.71983 1153486261 202.535460    34.5761      16002         17  0.000e+00
    299.967     1.2669   2.994140     1.2703   2.994737    4.96291    -0.0749    13.8155 1.5585e+01  -60.61617  -54.71983 1153486262 202.535460    34.5763      16003         17  0.000e+00
    299.967     1.2667   2.994089     1.2704   2.994749    4.95834    -0.1072    13.8155 1.7533e+01  -60.61617  -54.71983 1153486262 202.535461    34.5758      16004         17  0.000e+00
    299.900     1.2667   2.994112     1.2702   2.994713    4.95828    -0.0857    13.8155 1.7533e+01  -60.61617  -54.71983 1153486262 202.535461    34.5761      16005         17  0.000e+00
    299.996     1.2661   2.994126     1.2701   2.994719    4.95841    -0.0642    13.8155 1.5585e+01  -60.61617  -54.71983 1153486262 202.535462    34.5769      16006         17  0.000e+00
    299.967     1.2663   2.994089     1.2700   2.994713    4.95839    -0.0749    13.8155 1.5585e+01  -60.61617  -54.71983 1153486262 202.535462    34.5763      16007         17  0.000e+00
    299.967     1.2656   2.994095     1.2695   2.994725    4.95845    -0.0534    13.8155 1.5585e+01  -60.61617  -54.71983 1153486262 202.535462    34.5771      16008         17  0.000e+00
    299.929     1.2663   2.994085     1.2695   2.994689    4.95836    -0.1180    13.8155 1.5585e+01  -60.61617  -54.71983 1153486262 202.535463    34.5763      16009         17  0.000e+00
    299.967     1.2666   2.994095     1.2693   2.994677    4.95835    -0.0749    13.8155 1.7533e+01  -60.61617  -54.71983 1153486262 202.535463    34.5760      16010         17  0.000e+00
    299.967     1.2663   2.994082     1.2695   2.994677    4.95839    -0.0211    13.8155 1.7533e+01  -60.61617  -54.71983 1153486262 202.535464    34.5762      16011         17  0.000e+00
    299.967     1.2659   2.994078     1.2696   2.994677    4.95843    -0.0319    13.8155 1.7533e+01  -60.61617  -54.71983 1153486262 202.535464    34.5766      16012         17  0.000e+00
    299.996     1.2667   2.994150     1.2696   2.994695    4.95833    -0.0426    13.8155 1.7533e+01  -60.61617  -54.71983 1153486262 202.535465    34.5765      16013         17  0.000e+00
    299.967     1.2669   2.994174     1.2700   2.994701    4.95829    -0.0749    13.8155 1.5585e+01  -60.61617  -54.71983 1153486262 202.535465    34.5767      16014         17  0.000e+00
    299.967     1.2670   2.994191     1.2701   2.994743    4.95827    -0.0642    13.8155 1.5585e+01  -60.61617  -54.71983 1153486262 202.535466    34.5767      16015         17  0.000e+00
    299.967     1.2677   2.994252     1.2702   2.994779    4.95818    -0.0319    13.8155 1.5585e+01  -60.61617  -54.71983 1153486262 202.535466    34.5768      16016         17  0.000e+00
    299.996     1.2674   2.994232     1.2707   2.994785    4.95824    -0.0319    13.8155 1.5585e+01  -60.61617  -54.71983 1153486262 202.535467    34.5769      16017         17  0.000e+00
    299.967     1.2675   2.994273     1.2704   2.994785    4.95818    -0.0534    13.8155 1.5585e+01  -60.61617  -54.71983 1153486262 202.535467    34.5773      16018         17  0.000e+00
    299.114     1.2645   2.993935     1.2668   2.994373    4.95804    -0.0642    13.8155 1.7533e+01  -60.61617  -54.71983 1153486268 202.535538    34.5767      16164         18  0.000e+00
    299.258     1.2650   2.993969     1.2684   2.994480    4.95808    -0.0642    13.8155 1.7533e+01  -60.61617  -54.71983 1153486268 202.535538    34.5766      16165         18  0.000e+00
    299.191     1.2655   2.993983     1.2690   2.994546    4.95798    -0.0534    13.8155 1.7533e+01  -60.61617  -54.71983 1153486268 202.535539    34.5762      16166         18  0.000e+00
    299.219     1.2653   2.993966     1.2695   2.994647    4.95342    -0.0642    13.8155 1.7533e+01  -60.61617  -54.71983 1153486268 202.535539    34.5762      16167         18  0.000e+00
    299.191     1.2658   2.993993     1.2700   2.994713    4.95334    -0.0749    13.8155 1.7533e+01  -60.61617  -54.71983 1153486268 202.535540    34.5760      16168         18  0.000e+00
    299.258     1.2656   2.994061     1.2703   2.994766    4.95338    -0.0426    13.8155 1.7533e+01  -60.61617  -54.71983 1153486268 202.535540    34.5771      16169         18  0.000e+00
    299.191     1.2664   2.994112     1.2705   2.994743    4.95323    -0.0426    13.8155 1.7533e+01  -60.61617  -54.71983 1153486268 202.535541    34.5769      16170         18  0.000e+00
    299.286     1.2666   2.994126     1.2704   2.994713    4.95327    -0.0642    13.8155 1.7533e+01  -60.61617  -54.71983 1153486269 202.535541    34.5768      16171         18  0.000e+00
    299.258     1.2666   2.994075     1.2698   2.994701    4.95327    -0.0857    13.8155 1.7533e+01  -60.61617  -54.71983 1153486269 202.535542    34.5762      16172         18  0.000e+00
    299.258     1.2661   2.994017     1.2691   2.994635    4.95334    -0.0857    13.8155 1.7533e+01  -60.61617  -54.71983 1153486269 202.535542    34.5760      16173         18  0.000e+00
    299.363     1.2659   2.994041     1.2692   2.994635    4.95342    -0.1395    13.8155 1.7533e+01  -60.61617  -54.71983 1153486269 202.535543    34.5764      16174         18  0.000e+00
    299.258     1.2664   2.994017     1.2693   2.994665    4.95792    -0.1395    13.8155 1.7533e+01  -60.61617  -54.71983 1153486269 202.535543    34.5756      16175         18  0.000e+00
    299.334     1.2656   2.994027     1.2698   2.994695    4.95804    -0.0857    13.8155 1.5585e+01  -60.61617  -54.71983 1153486269 202.535543    34.5766      16176         18  0.000e+00
    299.334     1.2661   2.994064     1.2703   2.994760    4.95798    -0.0642    13.8155 1.5585e+01  -60.61617  -54.71983 1153486269 202.535544    34.5765      16177         18  0.000e+00
    299.363     1.2661   2.994041     1.2708   2.994784    4.95341    -0.0534    13.8155 1.5585e+01  -60.61617  -54.71983 1153486269 202.535544    34.5762      16178         18  0.000e+00
    299.401     1.2652   2.993959     1.2706   2.994784    4.95356    -0.0857    13.8155 1.7533e+01  -60.61617  -54.71983 1153486269 202.535545    34.5762      16179         18  0.000e+00
    299.334     1.2653   2.993863     1.2704   2.994766    4.95814    -0.0749    13.8155 1.7533e+01  -60.61617  -54.71983 1153486269 202.535545    34.5748      16180         18  0.000e+00
    299.401     1.2649   2.993874     1.2705   2.994761    4.95822    -0.0426    13.8155 1.5585e+01  -60.61617  -54.71983 1153486269 202.535546    34.5753      16181         18  0.000e+00
