product_data/regression_test/downloaded_data/MDGS/320620060703/ctd/p6618601.cnv
* Sea-Bird SBE 9 Data File:
* FileName = D:\Data\Raw\p6618601.dat
* Software Version Seasave Win32 V 5.32
* Temperature SN = 1649
* Conductivity SN = 1431
* Number of Bytes Per Scan = 37
* Number of Voltage Words = 5
* Number of Scans Averaged by the Deck Unit = 1
* NMEA Latitude = 60 48.00 S
* NMEA Longitude = 054 03.34 W
* NMEA UTC (Time) = 00:01:20
** Ship:   Nathaniel B. Palmer 
** Cruise:    NBP0606 
# nquan = 15
# nvalues = 1239                        
# units = specified
# name 0 = prDM: Pressure, Digiquartz [db]
# name 1 = t090C: Temperature [ITS-90, deg C]
# name 2 = c0S/m: Conductivity [S/m]
# name 3 = t190C: Temperature, 2 [ITS-90, deg C]
# name 4 = c1S/m: Conductivity, 2 [S/m]
# name 5 = sbeox0ML/L: Oxygen, SBE 43 [ml/l]
# name 6 = flECO-AFL: Fluorescence, Wetlab ECO-AFL/FL [mg/m^3]
# name 7 = bat: Beam Attenuation, Chelsea/Seatech/Wetlab CStar [1/m]
# name 8 = spar: SPAR/Surface Irradiance
# name 9 = latitude: Latitude [deg]
# name 10 = longitude: Longitude [deg]
# name 11 = timeY: Time, System [seconds]
# name 12 = timeJ: Julian Days
# name 13 = sal00: Salinity [PSU]
# name 14 = flag: flag
# span 0 =      2.000,   1240.000       
# span 1 =    -0.9684,     0.9177       
# span 2 =   2.767994,   2.975976       
# span 3 =    -0.9696,     0.9182       
# span 4 =   2.768540,   2.975886       
# span 5 =    5.21030,    7.49328       
# span 6 =    -0.1115,     0.5250       
# span 7 =    13.8155,    13.8155       
# span 8 = -7.527e-02, 9.1521e-01       
# span 9 =  -60.80000,  -60.80000       
# span 10 =  -54.05567,  -54.05567      
# span 11 = 1153612897, 1153614758      
# span 12 = 204.001147, 204.022678      
# span 13 =    34.2739,    34.6850      
# span 14 = 0.0000e+00, 0.0000e+00      
# interval = decibars: 1                
# start_time = Jul 23 2006 00:01:28
# bad_flag = -9.990e-29
*END*
[from data line 868]
    870.000     0.5372   2.963245     0.5374   2.963543    5.34501    -0.0889    13.8155 0.0000e+00  -60.80000  -54.05567 1153614128 204.015393    34.6604 0.0000e+00
    871.000     0.5373   2.963268     0.5374   2.963553    5.34651    -0.0921    13.8155 0.0000e+00  -60.80000  -54.05567 1153614129 204.015405    34.6601 0.0000e+00
    872.000     0.5372   2.963331     0.5373   2.963628    5.34521    -0.0795    13.8155 0.0000e+00  -60.80000  -54.05567 1153614130 204.015418    34.6604 0.0000e+00
    873.000     0.5373   2.963395     0.5373   2.963682    5.34624    -0.0821    13.8155 0.0000e+00  -60.80000  -54.05567 1153614132 204.015434    34.6606 0.0000e+00
    874.000     0.5372   2.963442     0.5373   2.963740    5.34625    -0.1024    13.8155 0.0000e+00  -60.80000  -54.05567 1153614133 204.015451    34.6607 0.0000e+00
    875.000     0.5374   2.963482     0.5374   2.963785    5.34713    -0.1001    13.8155 0.0000e+00  -60.80000  -54.05567 1153614135 204.015468    34.6605 0.0000e+00
    876.000     0.5375   2.963540     0.5374   2.963829    5.34792    -0.0881    13.8155 0.0000e+00  -60.80000  -54.05567 1153614136 204.015487    34.6606 0.0000e+00
    877.000     0.5373   2.963590     0.5375   2.963883    5.34545    -0.0965    13.8155 0.0000e+00  -60.80000  -54.05567 1153614138 204.015502    34.6608 0.0000e+00
    878.000     0.5375   2.963636     0.5374   2.963933    5.34494    -0.0806    13.8155 0.0000e+00  -60.80000  -54.05567 1153614139 204.015515    34.6606 0.0000e+00
    879.000     0.5374   2.963681     0.5375   2.963976    5.34438    -0.0809    13.8155 0.0000e+00  -60.80000  -54.05567 1153614140 204.015529    34.6607 0.0000e+00
    880.000     0.5375   2.963734     0.5376   2.964028    5.34624    -0.0895    13.8155 0.0000e+00  -60.80000  -54.05567 1153614141 204.015543    34.6608 0.0000e+00
    881.000     0.5375   2.963790     0.5376   2.964086    5.34654    -0.0819    13.8155 0.0000e+00  -60.80000  -54.05567 1153614142 204.015555    34.6610 0.0000e+00
    882.000     0.5376   2.963838     0.5377   2.964136    5.34683    -0.0836    13.8155 0.0000e+00  -60.80000  -54.05567 1153614143 204.015566    34.6608 0.0000e+00
    883.000     0.5376   2.963885     0.5376   2.964182    5.34728    -0.0900    13.8155 0.0000e+00  -60.80000  -54.05567 1153614144 204.015577    34.6609 0.0000e+00
    884.000     0.5377   2.963921     0.5378   2.964224    5.34422    -0.0816    13.8155 0.0000e+00  -60.80000  -54.05567 1153614145 204.015591    34.6607 0.0000e+00
    885.000     0.5378   2.963981     0.5378   2.964271    5.34349    -0.0926    13.8155 0.0000e+00  -60.80000  -54.05567 1153614147 204.015616    34.6608 0.0000e+00
    886.000     0.5375   2.964021     0.5376   2.964320    5.34192    -0.0876    13.8155 0.0000e+00  -60.80000  -54.05567 1153614149 204.015633    34.6611 0.0000e+00
    887.000     0.5377   2.964075     0.5377   2.964367    5.34248    -0.0872    13.8155 0.0000e+00  -60.80000  -54.05567 1153614150 204.015645    34.6610 0.0000e+00
    888.000     0.5377   2.964125     0.5376   2.964419    5.34213    -0.0934    13.8155 0.0000e+00  -60.80000  -54.05567 1153614151 204.015657    34.6612 0.0000e+00
    889.000     0.5375   2.964191     0.5376   2.964491    5.34198    -0.0909    13.8155 0.0000e+00  -60.80000  -54.05567 1153614152 204.015673    34.6616 0.0000e+00
    890.000     0.5376   2.964368     0.5376   2.964689    5.34259    -0.0765    13.8155 0.0000e+00  -60.80000  -54.05567 1153614154 204.015691    34.6633 0.0000e+00
    891.000     0.5376   2.964419     0.5376   2.964715    5.34280    -0.0950    13.8155 0.0000e+00  -60.80000  -54.05567 1153614155 204.015704    34.6633 0.0000e+00
    892.000     0.5379   2.964502     0.5379   2.964778    5.34065    -0.0707    13.8155 0.0000e+00  -60.80000  -54.05567 1153614156 204.015716    34.6635 0.0000e+00
    893.000     0.5381   2.964547     0.5381   2.964853    5.33976    -0.0819    13.8155 0.0000e+00  -60.80000  -54.05567 1153614157 204.015727    34.6633 0.0000e+00
    894.000     0.5381   2.964573     0.5380   2.964863    5.33973    -0.0838    13.8155 0.0000e+00  -60.80000  -54.05567 1153614158 204.015740    34.6630 0.0000e+00
    895.000     0.5379   2.964616     0.5380   2.964908    5.33954    -0.0890    13.8155 0.0000e+00  -60.80000  -54.05567 1153614159 204.015755    34.6633 0.0000e+00
    896.000     0.5380   2.964627     0.5380   2.964913    5.33677    -0.0954    13.8155 0.0000e+00  -60.80000  -54.05567 1153614161 204.015770    34.6627 0.0000e+00
    897.000     0.5382   2.964724     0.5382   2.965022    5.33663    -0.0953    13.8155 0.0000e+00  -60.80000  -54.05567 1153614162 204.015788    34.6633 0.0000e+00
    898.000     0.5383   2.964827     0.5384   2.965123    5.33428    -0.0901    13.8155 0.0000e+00  -60.80000  -54.05567 1153614164 204.015805    34.6638 0.0000e+00
    899.000     0.5383   2.964845     0.5381   2.965139    5.33447    -0.0887    13.8155 0.0000e+00  -60.80000  -54.05567 1153614165 204.015823    34.6636 0.0000e+00
    900.000     0.5379   2.964869     0.5379   2.965160    5.33514    -0.0946    13.8155 0.0000e+00  -60.80000  -54.05567 1153614167 204.015838    34.6637 0.0000e+00
    901.000     0.5382   2.964934     0.5381   2.965243    5.33567    -0.0860    13.8155 0.0000e+00  -60.80000  -54.05567 1153614168 204.015851    34.6637 0.0000e+00
    902.000     0.5379   2.964973     0.5381   2.965294    5.33613    -0.0925    13.8155 0.0000e+00  -60.80000  -54.05567 1153614169 204.015862    34.6640 0.0000e+00
    903.000     0.5378   2.965029     0.5381   2.965342    5.33665    -0.0795    13.8155 0.0000e+00  -60.80000  -54.05567 1153614170 204.015874    34.6642 0.0000e+00
    904.000     0.5378   2.965064     0.5377   2.965355    5.33741    -0.0907    13.8155 0.0000e+00  -60.80000  -54.05567 1153614171 204.015888    34.6642 0.0000e+00
    905.000     0.5380   2.965122     0.5381   2.965426    5.33500    -0.0897    13.8155 0.0000e+00  -60.80000  -54.05567 1153614172 204.015904    34.6641 0.0000e+00
    906.000     0.5380   2.965165     0.5380   2.965467    5.33381    -0.0836    13.8155 0.0000e+00  -60.80000  -54.05567 1153614174 204.015920    34.6640 0.0000e+00
    907.000     0.5377   2.965194     0.5378   2.965488    5.33455    -0.0848    13.8155 0.0000e+00  -60.80000  -54.05567 1153614175 204.015935    34.6642 0.0000e+00
    908.000     0.5380   2.965253     0.5378   2.965537    5.33566    -0.0849    13.8155 0.0000e+00  -60.80000  -54.05567 1153614176 204.015951    34.6640 0.0000e+00
    909.000     0.5388   2.965369     0.5387   2.965657    5.33654    -0.0940    13.8155 0.0000e+00  -60.80000  -54.05567 1153614178 204.015968    34.6641 0.0000e+00
    910.000     0.5388   2.965419     0.5387   2.965702    5.33704    -0.0940    13.8155 0.0000e+00  -60.80000  -54.05567 1153614179 204.015981    34.6642 0.0000e+00
    911.000     0.5380   2.965382     0.5380   2.965672    5.33696    -0.1076    13.8155 0.0000e+00  -60.80000  -54.05567 1153614180 204.015993    34.6641 0.0000e+00
    912.000     0.5375   2.965382     0.5378   2.965696    5.33620    -0.0882    13.8155 0.0000e+00  -60.80000  -54.05567 1153614181 204.016004    34.6640 0.0000e+00
    913.000     0.5377   2.965432     0.5378   2.965739    5.33361    -0.0907    13.8155 0.0000e+00  -60.80000  -54.05567 1153614182 204.016017    34.6639 0.0000e+00
    914.000     0.5378   2.965479     0.5376   2.965756    5.33407    -0.0912    13.8155 0.0000e+00  -60.80000  -54.05567 1153614184 204.016036    34.6638 0.0000e+00
    915.000     0.5377   2.965524     0.5379   2.965823    5.33514    -0.0918    13.8155 0.0000e+00  -60.80000  -54.05567 1153614186 204.016058    34.6639 0.0000e+00
    916.000     0.5379   2.965584     0.5380   2.965874    5.33457    -0.0826    13.8155 0.0000e+00  -60.80000  -54.05567 1153614187 204.016076    34.6640 0.0000e+00
    917.000     0.5381   2.965646     0.5382   2.965948    5.33269    -0.0893    13.8155 0.0000e+00  -60.80000  -54.05567 1153614188 204.016090    34.6640 0.0000e+00
    918.000     0.5378   2.965664     0.5377   2.965952    5.33385    -0.0763    13.8155 0.0000e+00  -60.80000  -54.05567 1153614189 204.016100    34.6640 0.0000e+00
    919.000     0.5376   2.965686     0.5373   2.965947    5.33539    -0.1011    13.8155 0.0000e+00  -60.80000  -54.05567 1153614190 204.016111    34.6640 0.0000e+00
    920.000     0.5372   2.965687     0.5373   2.965987    5.33496    -0.0971    13.8155 0.0000e+00  -60.80000  -54.05567 1153614191 204.016121    34.6638 0.0000e+00
    921.000     0.5373   2.965743     0.5375   2.966048    5.33528    -0.0886    13.8155 0.0000e+00  -60.80000  -54.05567 1153614192 204.016133    34.6639 0.0000e+00
    922.000     0.5376   2.965799     0.5377   2.966108    5.33543    -0.0955    13.8155 0.0000e+00  -60.80000  -54.05567 1153614193 204.016148    34.6636 0.0000e+00
    923.000     0.5380   2.965869     0.5380   2.966165    5.33717    -0.0948    13.8155 0.0000e+00  -60.80000  -54.05567 1153614195 204.016168    34.6636 0.0000e+00
    924.000     0.5381   2.965921     0.5381   2.966220    5.33759    -0.0816    13.8155 0.0000e+00  -60.80000  -54.05567 1153614197 204.016189    34.6636 0.0000e+00
    925.000     0.5380   2.965955     0.5380   2.966252    5.33824    -0.0948    13.8155 0.0000e+00  -60.80000  -54.05567 1153614198 204.016205    34.6636 0.0000e+00
    926.000     0.5379   2.966001     0.5380   2.966301    5.33814    -0.0925    13.8155 0.0000e+00  -60.80000  -54.05567 1153614199 204.016219    34.6637 0.0000e+00
    927.000     0.5380   2.966060     0.5379   2.966344    5.33697    -0.0936    13.8155 0.0000e+00  -60.80000  -54.05567 1153614201 204.016231    34.6638 0.0000e+00
    928.000     0.5380   2.966090     0.5381   2.966399    5.33698    -0.0806    13.8155 0.0000e+00  -60.80000  -54.05567 1153614202 204.016244    34.6636 0.0000e+00
    929.000     0.5380   2.966133     0.5383   2.966440    5.33806    -0.0977    13.8155 0.0000e+00  -60.80000  -54.05567 1153614203 204.016257    34.6636 0.0000e+00
    930.000     0.5382   2.966194     0.5383   2.966495    5.33925    -0.0938    13.8155 0.0000e+00  -60.80000  -54.05567 1153614204 204.016272    34.6637 0.0000e+00
    931.000     0.5378   2.966197     0.5384   2.966543    5.33997    -0.1042    13.8155 0.0000e+00  -60.80000  -54.05567 1153614205 204.016286    34.6635 0.0000e+00
    932.000     0.5385   2.966304     0.5385   2.966593    5.33919    -0.1025    13.8155 0.0000e+00  -60.80000  -54.05567 1153614207 204.016302    34.6636 0.0000e+00
    933.000     0.5383   2.966317     0.5384   2.966613    5.33988    -0.0893    13.8155 0.0000e+00  -60.80000  -54.05567 1153614208 204.016318    34.6634 0.0000e+00
    934.000     0.5385   2.966388     0.5385   2.966685    5.33913    -0.0899    13.8155 0.0000e+00  -60.80000  -54.05567 1153614209 204.016333    34.6636 0.0000e+00
    935.000     0.5386   2.966442     0.5386   2.966740    5.33882    -0.0994    13.8155 0.0000e+00  -60.80000  -54.05567 1153614210 204.016346    34.6636 0.0000e+00
    936.000     0.5391   2.966536     0.5389   2.966813    5.33905    -0.0903    13.8155 0.0000e+00  -60.80000  -54.05567 1153614212 204.016360    34.6637 0.0000e+00
    937.000     0.5409   2.966781     0.5417   2.967139    5.33991    -0.0994    13.8155 0.0000e+00  -60.80000  -54.05567 1153614213 204.016376    34.6643 0.0000e+00
    938.000     0.5429   2.967016     0.5430   2.967324    5.33707    -0.0815    13.8155 0.0000e+00  -60.80000  -54.05567 1153614215 204.016395    34.6644 0.0000e+00
    939.000     0.5436   2.967128     0.5437   2.967427    5.33626    -0.0913    13.8155 0.0000e+00  -60.80000  -54.05567 1153614216 204.016411    34.6646 0.0000e+00
    940.000     0.5413   2.966977     0.5416   2.967298    5.33632    -0.0930    13.8155 0.0000e+00  -60.80000  -54.05567 1153614217 204.016424    34.6647 0.0000e+00
    941.000     0.5417   2.967068     0.5421   2.967404    5.33471    -0.0993    13.8155 0.0000e+00  -60.80000  -54.05567 1153614218 204.016436    34.6650 0.0000e+00
    942.000     0.5441   2.967358     0.5445   2.967690    5.33331    -0.0968    13.8155 0.0000e+00  -60.80000  -54.05567 1153614219 204.016450    34.6653 0.0000e+00
    943.000     0.5443   2.967430     0.5444   2.967720    5.33384    -0.0838    13.8155 0.0000e+00  -60.80000  -54.05567 1153614221 204.016466    34.6654 0.0000e+00
    944.000     0.5441   2.967454     0.5442   2.967754    5.33437    -0.0749    13.8155 0.0000e+00  -60.80000  -54.05567 1153614222 204.016481    34.6655 0.0000e+00
    945.000     0.5445   2.967530     0.5445   2.967830    5.33522    -0.0801    13.8155 0.0000e+00  -60.80000  -54.05567 1153614223 204.016495    34.6654 0.0000e+00
    946.000     0.5442   2.967530     0.5448   2.967875    5.33513    -0.0891    13.8155 0.0000e+00  -60.80000  -54.05567 1153614225 204.016512    34.6652 0.0000e+00
    947.000     0.5446   2.967635     0.5445   2.967908    5.33517    -0.0804    13.8155 0.0000e+00  -60.80000  -54.05567 1153614227 204.016532    34.6655 0.0000e+00
    948.000     0.5427   2.967513     0.5428   2.967804    5.33575    -0.0930    13.8155 0.0000e+00  -60.80000  -54.05567 1153614228 204.016548    34.6656 0.0000e+00
    949.000     0.5429   2.967580     0.5429   2.967862    5.33502    -0.0949    13.8155 0.0000e+00  -60.80000  -54.05567 1153614229 204.016559    34.6657 0.0000e+00
    950.000     0.5430   2.967629     0.5430   2.967915    5.33479    -0.0870    13.8155 0.0000e+00  -60.80000  -54.05567 1153614230 204.016569    34.6657 0.0000e+00
    951.000     0.5439   2.967762     0.5439   2.968042    5.33378    -0.0877    13.8155 0.0000e+00  -60.80000  -54.05567 1153614231 204.016579    34.6657 0.0000e+00
    952.000     0.5442   2.967817     0.5442   2.968101    5.33383    -0.0955    13.8155 0.0000e+00  -60.80000  -54.05567 1153614232 204.016591    34.6656 0.0000e+00
    953.000     0.5454   2.967961     0.5454   2.968250    5.33526    -0.0948    13.8155 0.0000e+00  -60.80000  -54.05567 1153614233 204.016612    34.6655 0.0000e+00
    954.000     0.5456   2.968059     0.5457   2.968353    5.33485    -0.0952    13.8155 0.0000e+00  -60.80000  -54.05567 1153614235 204.016633    34.6660 0.0000e+00
    955.000     0.5455   2.968109     0.5455   2.968412    5.33405    -0.0924    13.8155 0.0000e+00  -60.80000  -54.05567 1153614237 204.016648    34.6662 0.0000e+00
    956.000     0.5459   2.968176     0.5459   2.968464    5.33423    -0.0839    13.8155 0.0000e+00  -60.80000  -54.05567 1153614238 204.016661    34.6661 0.0000e+00
    957.000     0.5454   2.968196     0.5456   2.968493    5.33269    -0.0850    13.8155 0.0000e+00  -60.80000  -54.05567 1153614239 204.016673    34.6663 0.0000e+00
    958.000     0.5461   2.968294     0.5462   2.968578    5.32953    -0.0955    13.8155 0.0000e+00  -60.80000  -54.05567 1153614240 204.016686    34.6662 0.0000e+00
    959.000     0.5465   2.968338     0.5465   2.968625    5.32910    -0.1115    13.8155 0.0000e+00  -60.80000  -54.05567 1153614241 204.016698    34.6659 0.0000e+00
    960.000     0.5463   2.968384     0.5463   2.968683    5.32785    -0.0976    13.8155 0.0000e+00  -60.80000  -54.05567 1153614242 204.016710    34.6661 0.0000e+00
    961.000     0.5465   2.968463     0.5465   2.968756    5.32797    -0.0947    13.8155 0.0000e+00  -60.80000  -54.05567 1153614243 204.016724    34.6663 0.0000e+00
    962.000     0.5467   2.968510     0.5466   2.968802    5.32927    -0.0817    13.8155 0.0000e+00  -60.80000  -54.05567 1153614245 204.016742    34.6661 0.0000e+00
    963.000     0.5469   2.968564     0.5469   2.968867    5.33184    -0.0769    13.8155 0.0000e+00  -60.80000  -54.05567 1153614246 204.016761    34.6660 0.0000e+00
    964.000     0.5469   2.968633     0.5470   2.968925    5.33288    -0.1019    13.8155 0.0000e+00  -60.80000  -54.05567 1153614248 204.016774    34.6664 0.0000e+00
