product_data/regression_test/downloaded_data/MDGS/320620060703/ctd/p6615701.cnv
* Sea-Bird SBE 9 Data File:
* FileName = D:\Data\Raw\p6615701.dat
* Software Version Seasave Win32 V 5.32
* Temperature SN = 1649
* Conductivity SN = 1431
* Number of Bytes Per Scan = 37
* Number of Voltage Words = 5
* Number of Scans Averaged by the Deck Unit = 1
* NMEA Latitude = 60 51.45 S
* NMEA Longitude = 056 03.54 W
* NMEA UTC (Time) = 01:08:55
** Ship:   Nathaniel B. Palmer 
** Cruise:    NBP0606 
# nquan = 15
# nvalues = 979                         
# units = specified
# name 0 = prDM: Pressure, Digiquartz [db]
# name 1 = t090C: Temperature [ITS-90, deg C]
# name 2 = c0S/m: Conductivity [S/m]
# name 3 = t190C: Temperature, 2 [ITS-90, deg C]
# name 4 = c1S/m: Conductivity, 2 [S/m]
# name 5 = sbeox0ML/L: Oxygen, SBE 43 [ml/l]
# name 6 = flECO-AFL: Fluorescence, Wetlab ECO-AFL/FL [mg/m^3]
# name 7 = bat: Beam Attenuation, Chelsea/Seatech/Wetlab CStar [1/m]
# name 8 = spar: SPAR/Surface Irradiance
# name 9 = latitude: Latitude [deg]
# name 10 = longitude: Longitude [deg]
# name 11 = timeY: Time, System [seconds]
# name 12 = timeJ: Julian Days
# name 13 = sal00: Salinity [PSU]
# name 14 = flag: flag
# span 0 =     22.000,   1000.000       
# span 1 =    -0.8594,     0.8450       
# span 2 =   2.786953,   2.994378       
# span 3 =    -0.8591,     0.8439       
# span 4 =   2.787353,   2.994459       
# span 5 =    5.27565,    7.35930       
# span 6 =    -0.1153,     0.0869       
# span 7 =    13.8155,    13.8155       
# span 8 = 0.0000e+00, 0.0000e+00       
# span 9 =  -60.85750,  -60.85750       
# span 10 =  -56.05900,  -56.05900      
# span 11 = 1153271337, 1153272698      
# span 12 = 200.047902, 200.063656      
# span 13 =    34.2848,    34.6650      
# span 14 = 0.0000e+00, 0.0000e+00      
# interval = decibars: 1                
# start_time = Jul 19 2006 01:09:03
# bad_flag = -9.990e-29
*END*
[from data line 386]
    408.000    -0.4208   2.847337    -0.4200   2.847742    6.37383    -0.0857    13.8155 0.0000e+00  -60.85750  -56.05900 1153271945 200.054938    34.4783 0.0000e+00
    409.000    -0.4192   2.847543    -0.4186   2.847928    6.37160    -0.0876    13.8155 0.0000e+00  -60.85750  -56.05900 1153271946 200.054954    34.4785 0.0000e+00
    410.000    -0.4194   2.847574    -0.4189   2.847950    6.37130    -0.0887    13.8155 0.0000e+00  -60.85750  -56.05900 1153271947 200.054966    34.4786 0.0000e+00
    411.000    -0.4193   2.847623    -0.4188   2.848001    6.37000    -0.1005    13.8155 0.0000e+00  -60.85750  -56.05900 1153271948 200.054977    34.4785 0.0000e+00
    412.000    -0.4174   2.847859    -0.4170   2.848229    6.36806    -0.0962    13.8155 0.0000e+00  -60.85750  -56.05900 1153271949 200.054987    34.4790 0.0000e+00
    413.000    -0.4165   2.847988    -0.4163   2.848335    6.36556    -0.0808    13.8155 0.0000e+00  -60.85750  -56.05900 1153271950 200.054998    34.4791 0.0000e+00
    414.000    -0.4162   2.848050    -0.4158   2.848421    6.36212    -0.0871    13.8155 0.0000e+00  -60.85750  -56.05900 1153271951 200.055010    34.4790 0.0000e+00
    415.000    -0.4146   2.848249    -0.4140   2.848641    6.35932    -0.0929    13.8155 0.0000e+00  -60.85750  -56.05900 1153271953 200.055029    34.4791 0.0000e+00
    416.000    -0.4132   2.848422    -0.4132   2.848757    6.35889    -0.0801    13.8155 0.0000e+00  -60.85750  -56.05900 1153271954 200.055049    34.4794 0.0000e+00
    417.000    -0.4098   2.848786    -0.4102   2.849072    6.36116    -0.0898    13.8155 0.0000e+00  -60.85750  -56.05900 1153271956 200.055069    34.4796 0.0000e+00
    418.000    -0.4093   2.848864    -0.4091   2.849222    6.36328    -0.0940    13.8155 0.0000e+00  -60.85750  -56.05900 1153271958 200.055086    34.4796 0.0000e+00
    419.000    -0.4090   2.848932    -0.4089   2.849293    6.36511    -0.0959    13.8155 0.0000e+00  -60.85750  -56.05900 1153271959 200.055098    34.4796 0.0000e+00
    420.000    -0.4087   2.849017    -0.4087   2.849361    6.36438    -0.1054    13.8155 0.0000e+00  -60.85750  -56.05900 1153271959 200.055107    34.4797 0.0000e+00
    421.000    -0.4083   2.849082    -0.4082   2.849436    6.36527    -0.0958    13.8155 0.0000e+00  -60.85750  -56.05900 1153271960 200.055116    34.4796 0.0000e+00
    422.000    -0.4082   2.849126    -0.4082   2.849480    6.36608    -0.0919    13.8155 0.0000e+00  -60.85750  -56.05900 1153271961 200.055124    34.4795 0.0000e+00
    423.000    -0.4075   2.849256    -0.4071   2.849634    6.36429    -0.0837    13.8155 0.0000e+00  -60.85750  -56.05900 1153271962 200.055140    34.4798 0.0000e+00
    424.000    -0.4073   2.849310    -0.4072   2.849656    6.36105    -0.0921    13.8155 0.0000e+00  -60.85750  -56.05900 1153271965 200.055172    34.4798 0.0000e+00
    425.000    -0.4054   2.849549    -0.4053   2.849906    6.35900    -0.0906    13.8155 0.0000e+00  -60.85750  -56.05900 1153271967 200.055190    34.4802 0.0000e+00
    426.000    -0.4057   2.849581    -0.4056   2.849924    6.35967    -0.0825    13.8155 0.0000e+00  -60.85750  -56.05900 1153271968 200.055202    34.4803 0.0000e+00
    427.000    -0.4056   2.849634    -0.4053   2.849998    6.36027    -0.0818    13.8155 0.0000e+00  -60.85750  -56.05900 1153271969 200.055213    34.4803 0.0000e+00
    428.000    -0.4054   2.849689    -0.4052   2.850042    6.36066    -0.0924    13.8155 0.0000e+00  -60.85750  -56.05900 1153271969 200.055222    34.4802 0.0000e+00
    429.000    -0.4053   2.849747    -0.4055   2.850089    6.35901    -0.0855    13.8155 0.0000e+00  -60.85750  -56.05900 1153271970 200.055231    34.4803 0.0000e+00
    430.000    -0.4062   2.849732    -0.4066   2.850030    6.35595    -0.0893    13.8155 0.0000e+00  -60.85750  -56.05900 1153271971 200.055242    34.4806 0.0000e+00
    431.000    -0.4064   2.849759    -0.4067   2.850066    6.35642    -0.0818    13.8155 0.0000e+00  -60.85750  -56.05900 1153271972 200.055256    34.4805 0.0000e+00
    432.000    -0.4056   2.849853    -0.4055   2.850193    6.35747    -0.0891    13.8155 0.0000e+00  -60.85750  -56.05900 1153271974 200.055277    34.4805 0.0000e+00
    433.000    -0.4036   2.850090    -0.4038   2.850391    6.35572    -0.0743    13.8155 0.0000e+00  -60.85750  -56.05900 1153271976 200.055300    34.4805 0.0000e+00
    434.000    -0.4010   2.850380    -0.4011   2.850708    6.35452    -0.0842    13.8155 0.0000e+00  -60.85750  -56.05900 1153271978 200.055316    34.4809 0.0000e+00
    435.000    -0.4021   2.850314    -0.4017   2.850695    6.35445    -0.0793    13.8155 0.0000e+00  -60.85750  -56.05900 1153271979 200.055331    34.4806 0.0000e+00
    436.000    -0.4034   2.850256    -0.4024   2.850668    6.35600    -0.0877    13.8155 0.0000e+00  -60.85750  -56.05900 1153271980 200.055346    34.4809 0.0000e+00
    437.000    -0.4034   2.850290    -0.4031   2.850667    6.35518    -0.0997    13.8155 0.0000e+00  -60.85750  -56.05900 1153271981 200.055358    34.4808 0.0000e+00
    438.000    -0.3985   2.850839    -0.4006   2.850932    6.35253    -0.0846    13.8155 0.0000e+00  -60.85750  -56.05900 1153271982 200.055368    34.4819 0.0000e+00
    439.000    -0.3914   2.851533    -0.3913   2.851839    6.35069    -0.0910    13.8155 0.0000e+00  -60.85750  -56.05900 1153271983 200.055377    34.4822 0.0000e+00
    440.000    -0.3902   2.851676    -0.3903   2.851999    6.34697    -0.0816    13.8155 0.0000e+00  -60.85750  -56.05900 1153271984 200.055386    34.4822 0.0000e+00
    441.000    -0.3873   2.851998    -0.3871   2.852350    6.34476    -0.0936    13.8155 0.0000e+00  -60.85750  -56.05900 1153271985 200.055398    34.4826 0.0000e+00
    442.000    -0.3875   2.852030    -0.3891   2.852176    6.34012    -0.0863    13.8155 0.0000e+00  -60.85750  -56.05900 1153271987 200.055431    34.4827 0.0000e+00
    443.000    -0.3831   2.852486    -0.3828   2.852819    6.34009    -0.0805    13.8155 0.0000e+00  -60.85750  -56.05900 1153271989 200.055450    34.4831 0.0000e+00
    444.000    -0.3825   2.852587    -0.3833   2.852855    6.34170    -0.0985    13.8155 0.0000e+00  -60.85750  -56.05900 1153271990 200.055462    34.4833 0.0000e+00
    445.000    -0.3831   2.852588    -0.3818   2.853044    6.34036    -0.0982    13.8155 0.0000e+00  -60.85750  -56.05900 1153271991 200.055474    34.4835 0.0000e+00
    446.000    -0.3797   2.852966    -0.3795   2.853316    6.33693    -0.0734    13.8155 0.0000e+00  -60.85750  -56.05900 1153271992 200.055485    34.4840 0.0000e+00
    447.000    -0.3770   2.853325    -0.3765   2.853664    6.33292    -0.0876    13.8155 0.0000e+00  -60.85750  -56.05900 1153271993 200.055496    34.4853 0.0000e+00
    448.000    -0.3636   2.854712    -0.3638   2.854982    6.32636    -0.0939    13.8155 0.0000e+00  -60.85750  -56.05900 1153271994 200.055507    34.4876 0.0000e+00
    449.000    -0.3587   2.855220    -0.3590   2.855495    6.32254    -0.0892    13.8155 0.0000e+00  -60.85750  -56.05900 1153271995 200.055521    34.4881 0.0000e+00
    450.000    -0.3568   2.855457    -0.3565   2.855810    6.31961    -0.0951    13.8155 0.0000e+00  -60.85750  -56.05900 1153271997 200.055547    34.4886 0.0000e+00
    451.000    -0.3567   2.855534    -0.3565   2.855869    6.31666    -0.1003    13.8155 0.0000e+00  -60.85750  -56.05900 1153271999 200.055565    34.4891 0.0000e+00
    452.000    -0.3565   2.855595    -0.3564   2.855928    6.31313    -0.1004    13.8155 0.0000e+00  -60.85750  -56.05900 1153272000 200.055576    34.4892 0.0000e+00
    453.000    -0.3561   2.855686    -0.3560   2.856029    6.31248    -0.0673    13.8155 0.0000e+00  -60.85750  -56.05900 1153272001 200.055586    34.4894 0.0000e+00
    454.000    -0.3561   2.855749    -0.3559   2.856086    6.31003    -0.0866    13.8155 0.0000e+00  -60.85750  -56.05900 1153272002 200.055598    34.4897 0.0000e+00
    455.000    -0.3566   2.855761    -0.3565   2.856103    6.30746    -0.0769    13.8155 0.0000e+00  -60.85750  -56.05900 1153272003 200.055615    34.4898 0.0000e+00
    456.000    -0.3559   2.855884    -0.3557   2.856232    6.30820    -0.1004    13.8155 0.0000e+00  -60.85750  -56.05900 1153272005 200.055630    34.4902 0.0000e+00
    457.000    -0.3554   2.855997    -0.3553   2.856334    6.30690    -0.0828    13.8155 0.0000e+00  -60.85750  -56.05900 1153272006 200.055642    34.4905 0.0000e+00
    458.000    -0.3558   2.856044    -0.3557   2.856385    6.30520    -0.0888    13.8155 0.0000e+00  -60.85750  -56.05900 1153272007 200.055654    34.4911 0.0000e+00
    459.000    -0.3559   2.856064    -0.3559   2.856401    6.30474    -0.0945    13.8155 0.0000e+00  -60.85750  -56.05900 1153272009 200.055674    34.4909 0.0000e+00
    460.000    -0.3572   2.856010    -0.3571   2.856369    6.30437    -0.0845    13.8155 0.0000e+00  -60.85750  -56.05900 1153272011 200.055699    34.4912 0.0000e+00
    461.000    -0.3570   2.856081    -0.3573   2.856400    6.30456    -0.0951    13.8155 0.0000e+00  -60.85750  -56.05900 1153272012 200.055711    34.4913 0.0000e+00
    462.000    -0.3576   2.856074    -0.3576   2.856424    6.30197    -0.0720    13.8155 0.0000e+00  -60.85750  -56.05900 1153272012 200.055720    34.4912 0.0000e+00
    463.000    -0.3571   2.856156    -0.3572   2.856499    6.30151    -0.0967    13.8155 0.0000e+00  -60.85750  -56.05900 1153272013 200.055729    34.4912 0.0000e+00
    464.000    -0.3571   2.856201    -0.3571   2.856545    6.30033    -0.0869    13.8155 0.0000e+00  -60.85750  -56.05900 1153272014 200.055739    34.4912 0.0000e+00
    465.000    -0.3589   2.856096    -0.3583   2.856487    6.30044    -0.0911    13.8155 0.0000e+00  -60.85750  -56.05900 1153272016 200.055758    34.4913 0.0000e+00
    466.000    -0.3599   2.856044    -0.3594   2.856436    6.29939    -0.1035    13.8155 0.0000e+00  -60.85750  -56.05900 1153272018 200.055779    34.4911 0.0000e+00
    467.000    -0.3625   2.855870    -0.3627   2.856212    6.29998    -0.0885    13.8155 0.0000e+00  -60.85750  -56.05900 1153272019 200.055796    34.4912 0.0000e+00
    468.000    -0.3635   2.855833    -0.3641   2.856138    6.30232    -0.0793    13.8155 0.0000e+00  -60.85750  -56.05900 1153272020 200.055812    34.4912 0.0000e+00
    469.000    -0.3644   2.855819    -0.3642   2.856161    6.30396    -0.0885    13.8155 0.0000e+00  -60.85750  -56.05900 1153272022 200.055828    34.4915 0.0000e+00
    470.000    -0.3634   2.855951    -0.3632   2.856318    6.30371    -0.0811    13.8155 0.0000e+00  -60.85750  -56.05900 1153272023 200.055840    34.4916 0.0000e+00
    471.000    -0.3608   2.856264    -0.3606   2.856624    6.30019    -0.0861    13.8155 0.0000e+00  -60.85750  -56.05900 1153272024 200.055851    34.4921 0.0000e+00
    472.000    -0.3605   2.856336    -0.3606   2.856671    6.29783    -0.0894    13.8155 0.0000e+00  -60.85750  -56.05900 1153272025 200.055860    34.4920 0.0000e+00
    473.000    -0.3604   2.856405    -0.3601   2.856761    6.29579    -0.0838    13.8155 0.0000e+00  -60.85750  -56.05900 1153272026 200.055874    34.4922 0.0000e+00
    474.000    -0.3602   2.856457    -0.3602   2.856791    6.29607    -0.0868    13.8155 0.0000e+00  -60.85750  -56.05900 1153272028 200.055900    34.4921 0.0000e+00
    475.000    -0.3602   2.856511    -0.3602   2.856853    6.29877    -0.0928    13.8155 0.0000e+00  -60.85750  -56.05900 1153272030 200.055919    34.4922 0.0000e+00
    476.000    -0.3602   2.856553    -0.3601   2.856903    6.29976    -0.0961    13.8155 0.0000e+00  -60.85750  -56.05900 1153272031 200.055932    34.4922 0.0000e+00
    477.000    -0.3597   2.856643    -0.3596   2.856979    6.29999    -0.1016    13.8155 0.0000e+00  -60.85750  -56.05900 1153272032 200.055945    34.4922 0.0000e+00
    478.000    -0.3609   2.856593    -0.3610   2.856922    6.30154    -0.0966    13.8155 0.0000e+00  -60.85750  -56.05900 1153272033 200.055959    34.4923 0.0000e+00
    479.000    -0.3614   2.856597    -0.3614   2.856938    6.30196    -0.0826    13.8155 0.0000e+00  -60.85750  -56.05900 1153272034 200.055973    34.4924 0.0000e+00
    480.000    -0.3613   2.856658    -0.3611   2.857016    6.30284    -0.1011    13.8155 0.0000e+00  -60.85750  -56.05900 1153272035 200.055985    34.4926 0.0000e+00
    481.000    -0.3609   2.856728    -0.3608   2.857076    6.30187    -0.0934    13.8155 0.0000e+00  -60.85750  -56.05900 1153272036 200.055996    34.4924 0.0000e+00
    482.000    -0.3610   2.856758    -0.3609   2.857117    6.30033    -0.0981    13.8155 0.0000e+00  -60.85750  -56.05900 1153272037 200.056006    34.4922 0.0000e+00
    483.000    -0.3616   2.856745    -0.3613   2.857125    6.30019    -0.0857    13.8155 0.0000e+00  -60.85750  -56.05900 1153272038 200.056018    34.4922 0.0000e+00
    484.000    -0.3617   2.856809    -0.3616   2.857147    6.30476    -0.0883    13.8155 0.0000e+00  -60.85750  -56.05900 1153272042 200.056059    34.4925 0.0000e+00
    485.000    -0.3633   2.856709    -0.3632   2.857086    6.30856    -0.1051    13.8155 0.0000e+00  -60.85750  -56.05900 1153272043 200.056077    34.4924 0.0000e+00
    486.000    -0.3670   2.856478    -0.3672   2.856825    6.31042    -0.0969    13.8155 0.0000e+00  -60.85750  -56.05900 1153272044 200.056085    34.4930 0.0000e+00
    487.000    -0.3672   2.856508    -0.3676   2.856849    6.30904    -0.0790    13.8155 0.0000e+00  -60.85750  -56.05900 1153272045 200.056093    34.4931 0.0000e+00
    488.000    -0.3681   2.856455    -0.3683   2.856808    6.30849    -0.0890    13.8155 0.0000e+00  -60.85750  -56.05900 1153272045 200.056101    34.4928 0.0000e+00
    489.000    -0.3683   2.856497    -0.3686   2.856839    6.30832    -0.1038    13.8155 0.0000e+00  -60.85750  -56.05900 1153272046 200.056109    34.4930 0.0000e+00
    490.000    -0.3686   2.856518    -0.3687   2.856875    6.30754    -0.0884    13.8155 0.0000e+00  -60.85750  -56.05900 1153272047 200.056122    34.4930 0.0000e+00
    491.000    -0.3720   2.856270    -0.3725   2.856570    6.30766    -0.0934    13.8155 0.0000e+00  -60.85750  -56.05900 1153272050 200.056150    34.4930 0.0000e+00
    492.000    -0.3725   2.856273    -0.3726   2.856612    6.30516    -0.0880    13.8155 0.0000e+00  -60.85750  -56.05900 1153272052 200.056173    34.4930 0.0000e+00
    493.000    -0.3722   2.856345    -0.3727   2.856660    6.30588    -0.0877    13.8155 0.0000e+00  -60.85750  -56.05900 1153272053 200.056187    34.4930 0.0000e+00
    494.000    -0.3720   2.856406    -0.3722   2.856748    6.30369    -0.0846    13.8155 0.0000e+00  -60.85750  -56.05900 1153272054 200.056198    34.4930 0.0000e+00
    495.000    -0.3717   2.856487    -0.3716   2.856848    6.30306    -0.0928    13.8155 0.0000e+00  -60.85750  -56.05900 1153272055 200.056209    34.4931 0.0000e+00
    496.000    -0.3703   2.856667    -0.3700   2.857030    6.30228    -0.0999    13.8155 0.0000e+00  -60.85750  -56.05900 1153272056 200.056222    34.4932 0.0000e+00
    497.000    -0.3699   2.856743    -0.3700   2.857080    6.30234    -0.0912    13.8155 0.0000e+00  -60.85750  -56.05900 1153272057 200.056236    34.4932 0.0000e+00
    498.000    -0.3705   2.856746    -0.3702   2.857107    6.30481    -0.0845    13.8155 0.0000e+00  -60.85750  -56.05900 1153272058 200.056250    34.4933 0.0000e+00
    499.000    -0.3719   2.856658    -0.3720   2.856984    6.30622    -0.0928    13.8155 0.0000e+00  -60.85750  -56.05900 1153272059 200.056263    34.4931 0.0000e+00
    500.000    -0.3716   2.856734    -0.3716   2.857069    6.30689    -0.1011    13.8155 0.0000e+00  -60.85750  -56.05900 1153272061 200.056282    34.4932 0.0000e+00
    501.000    -0.3728   2.856666    -0.3721   2.857071    6.30610    -0.0736    13.8155 0.0000e+00  -60.85750  -56.05900 1153272063 200.056303    34.4930 0.0000e+00
    502.000    -0.3741   2.856588    -0.3746   2.856904    6.30640    -0.0817    13.8155 0.0000e+00  -60.85750  -56.05900 1153272064 200.056317    34.4929 0.0000e+00
