product_data/regression_test/downloaded_data/MDGS/320620060703/ctd/p6617613.ros
* Sea-Bird SBE 9 Data File:
* FileName = D:\Data\Raw\p6617613.dat
* Software Version Seasave Win32 V 5.32
* Temperature SN = 1649
* Conductivity SN = 1431
* Number of Bytes Per Scan = 37
* Number of Voltage Words = 5
* Number of Scans Averaged by the Deck Unit = 1
* NMEA Latitude = 60 37.00 S
* NMEA Longitude = 054 43.23 W
* NMEA UTC (Time) = 16:30:53
** Ship:   Nathaniel B. Palmer 
** Cruise:    NBP0606 
# nquan = 17
# nvalues = 1176                    
# units = specified
# name 0 = prDM: Pressure, Digiquartz [db]
# name 1 = t090C: Temperature [ITS-90, deg C]
# name 2 = c0S/m: Conductivity [S/m]
# name 3 = t190C: Temperature, 2 [ITS-90, deg C]
# name 4 = c1S/m: Conductivity, 2 [S/m]
# name 5 = sbeox0ML/L: Oxygen, SBE 43 [ml/l]
# name 6 = flECO-AFL: Fluorescence, Wetlab ECO-AFL/FL [mg/m^3]
# name 7 = bat: Beam Attenuation, Chelsea/Seatech/Wetlab CStar [1/m]
# name 8 = spar: SPAR/Surface Irradiance
# name 9 = latitude: Latitude [deg]
# name 10 = longitude: Longitude [deg]
# name 11 = timeY: Time, System [seconds]
# name 12 = timeJ: Julian Days
# name 13 = sal00: Salinity [PSU]
# name 14 = scan: scan number
# name 15 = nbf: number of bottles fired
# name 16 = flag:  0.000e+00
# interval = seconds: 0.0416667                   
# start_time = Jul 21 2006 16:31:01
*END*
[from data line 1022]
    424.561     0.3085   2.914151     0.3062   2.914304    5.82854    -0.1180    13.8155 5.2600e+01  -60.61667  -54.72050 1153500432 202.699459    34.5330      23335         21  0.000e+00
    424.551     0.3086   2.914161     0.3061   2.914280    5.82851    -0.0964    13.8155 5.2600e+01  -60.61667  -54.72050 1153500432 202.699459    34.5329      23336         21  0.000e+00
    424.551     0.3091   2.914235     0.3049   2.914209    5.82363    -0.1180    13.8155 5.2600e+01  -60.61667  -54.72050 1153500432 202.699460    34.5334      23337         21  0.000e+00
    424.561     0.3094   2.914238     0.3044   2.914156    5.82839    -0.0749    13.8155 5.2600e+01  -60.61667  -54.72050 1153500432 202.699460    34.5331      23338         21  0.000e+00
    424.551     0.3094   2.914235     0.3042   2.914097    5.82838    -0.0749    13.8155 5.0652e+01  -60.61667  -54.72050 1153500432 202.699461    34.5330      23339         21  0.000e+00
    424.561     0.3088   2.914252     0.3046   2.914085    5.82845    -0.1072    13.8155 5.0652e+01  -60.61667  -54.72050 1153500432 202.699461    34.5339      23340         21  0.000e+00
    424.618     0.3089   2.914238     0.3043   2.914144    5.82849    -0.1180    13.8155 5.0652e+01  -60.61667  -54.72050 1153500432 202.699462    34.5336      23341         21  0.000e+00
    424.340     0.3029   2.913615     0.3020   2.913832    5.83410    -0.1072    13.8155 5.0652e+01  -60.61667  -54.72050 1153500442 202.699574    34.5323      23573         22  0.000e+00
    423.985     0.3031   2.913629     0.3014   2.913820    5.83377    -0.1180    13.8155 5.0652e+01  -60.61667  -54.72050 1153500442 202.699574    34.5324      23574         22  0.000e+00
    424.331     0.3029   2.913578     0.3014   2.913790    5.83411    -0.1180    13.8155 5.0652e+01  -60.61667  -54.72050 1153500442 202.699575    34.5319      23575         22  0.000e+00
    423.995     0.3020   2.913534     0.3014   2.913784    5.83396    -0.0964    13.8155 5.0652e+01  -60.61667  -54.72050 1153500442 202.699575    34.5324      23576         22  0.000e+00
    424.196     0.3022   2.913534     0.3012   2.913784    5.83410    -0.0426    13.8155 5.0652e+01  -60.61667  -54.72050 1153500442 202.699576    34.5321      23577         22  0.000e+00
    424.129     0.3013   2.913501     0.3008   2.913761    5.83418    -0.0857    13.8155 5.2600e+01  -60.61667  -54.72050 1153500442 202.699576    34.5327      23578         22  0.000e+00
    424.120     0.3018   2.913508     0.3009   2.913772    5.83411    -0.0857    13.8155 5.2600e+01  -60.61667  -54.72050 1153500442 202.699577    34.5323      23579         22  0.000e+00
    424.120     0.3008   2.913548     0.3008   2.913784    5.83420    -0.0857    13.8155 5.0652e+01  -60.61667  -54.72050 1153500442 202.699577    34.5339      23580         22  0.000e+00
    424.129     0.3011   2.913481     0.3007   2.913761    5.83420    -0.0749    13.8155 5.2600e+01  -60.61667  -54.72050 1153500442 202.699578    34.5326      23581         22  0.000e+00
    424.120     0.3014   2.913534     0.3008   2.913772    5.83413    -0.0426    13.8155 5.0652e+01  -60.61667  -54.72050 1153500442 202.699578    34.5330      23582         22  0.000e+00
    424.129     0.3024   2.913541     0.3009   2.913761    5.83403    -0.0534    13.8155 5.0652e+01  -60.61667  -54.72050 1153500442 202.699579    34.5320      23583         22  0.000e+00
    424.053     0.3022   2.913518     0.3008   2.913755    5.83400    -0.1072    13.8155 5.0652e+01  -60.61667  -54.72050 1153500442 202.699579    34.5320      23584         22  0.000e+00
    424.120     0.3018   2.913531     0.3005   2.913755    5.83410    -0.1180    13.8155 5.0652e+01  -60.61667  -54.72050 1153500442 202.699579    34.5326      23585         22  0.000e+00
    424.129     0.3007   2.913528     0.3003   2.913713    5.83424    -0.0426    13.8155 5.0652e+01  -60.61667  -54.72050 1153500442 202.699580    34.5338      23586         22  0.000e+00
    424.053     0.3005   2.913481     0.3008   2.913719    5.83422    -0.0319    13.8155 5.0652e+01  -60.61667  -54.72050 1153500442 202.699580    34.5334      23587         22  0.000e+00
    424.120     0.3007   2.913430     0.3004   2.913708    5.83428    -0.0426    13.8155 5.0652e+01  -60.61667  -54.72050 1153500442 202.699581    34.5325      23588         22  0.000e+00
    424.062     0.3002   2.913437     0.3008   2.913702    5.83429    -0.0857    13.8155 5.0652e+01  -60.61667  -54.72050 1153500443 202.699581    34.5332      23589         22  0.000e+00
    424.120     0.3008   2.913444     0.3004   2.913702    5.83425    -0.0964    13.8155 5.0652e+01  -60.61667  -54.72050 1153500443 202.699582    34.5325      23590         22  0.000e+00
    424.129     0.3010   2.913423     0.3002   2.913719    5.83425    -0.0534    13.8155 5.0652e+01  -60.61667  -54.72050 1153500443 202.699582    34.5321      23591         22  0.000e+00
    424.053     0.3007   2.913410     0.3003   2.913708    5.83423    -0.0319    13.8155 5.2600e+01  -60.61667  -54.72050 1153500443 202.699583    34.5322      23592         22  0.000e+00
    424.120     0.3005   2.913433     0.3005   2.913702    5.83430    -0.0857    13.8155 5.0652e+01  -60.61667  -54.72050 1153500443 202.699583    34.5327      23593         22  0.000e+00
    424.129     0.3008   2.913423     0.3001   2.913678    5.83427    -0.0964    13.8155 5.0652e+01  -60.61667  -54.72050 1153500443 202.699584    34.5322      23594         22  0.000e+00
    424.120     0.3007   2.913420     0.3002   2.913690    5.83429    -0.0749    13.8155 5.0652e+01  -60.61667  -54.72050 1153500443 202.699584    34.5324      23595         22  0.000e+00
    424.053     0.3005   2.913386     0.3001   2.913702    5.83426    -0.0426    13.8155 5.0652e+01  -60.61667  -54.72050 1153500443 202.699585    34.5321      23596         22  0.000e+00
    424.129     0.3008   2.913417     0.3006   2.913702    5.83428    -0.0857    13.8155 5.0652e+01  -60.61667  -54.72050 1153500443 202.699585    34.5322      23597         22  0.000e+00
    424.120     0.3005   2.913403     0.3002   2.913702    5.83431    -0.1072    13.8155 5.0652e+01  -60.61667  -54.72050 1153500443 202.699586    34.5323      23598         22  0.000e+00
    424.129     0.3005   2.913413     0.3000   2.913684    5.83432    -0.0857    13.8155 5.0652e+01  -60.61667  -54.72050 1153500443 202.699586    34.5325      23599         22  0.000e+00
    424.120     0.3005   2.913386     0.3003   2.913696    5.83432    -0.1072    13.8155 5.0652e+01  -60.61667  -54.72050 1153500443 202.699587    34.5321      23600         22  0.000e+00
    424.120     0.3008   2.913390     0.3004   2.913719    5.83428    -0.1072    13.8155 5.0652e+01  -60.61667  -54.72050 1153500443 202.699587    34.5318      23601         22  0.000e+00
    424.129     0.3008   2.913390     0.3008   2.913690    5.83429    -0.0534    13.8155 5.0652e+01  -60.61667  -54.72050 1153500443 202.699588    34.5318      23602         22  0.000e+00
    424.120     0.3003   2.913393     0.3001   2.913672    5.83434    -0.0104    13.8155 5.0652e+01  -60.61667  -54.72050 1153500443 202.699588    34.5324      23603         22  0.000e+00
    424.206     0.3005   2.913413     0.3005   2.913672    5.83438    -0.0749    13.8155 5.0652e+01  -60.61667  -54.72050 1153500443 202.699589    34.5324      23604         22  0.000e+00
    424.120     0.3005   2.913400     0.3001   2.913672    5.83432    -0.1287    13.8155 5.0652e+01  -60.61667  -54.72050 1153500443 202.699589    34.5323      23605         22  0.000e+00
    424.196     0.3002   2.913396     0.3000   2.913672    5.83441    -0.1072    13.8155 5.0652e+01  -60.61667  -54.72050 1153500443 202.699590    34.5325      23606         22  0.000e+00
    424.129     0.3007   2.913390     0.3000   2.913654    5.83431    -0.0749    13.8155 5.0652e+01  -60.61667  -54.72050 1153500443 202.699590    34.5320      23607         22  0.000e+00
    424.196     0.3010   2.913430     0.3002   2.913684    5.83910    -0.0964    13.8155 5.0652e+01  -60.61667  -54.72050 1153500443 202.699591    34.5321      23608         22  0.000e+00
    424.196     0.3010   2.913444     0.3002   2.913684    5.83429    -0.0964    13.8155 5.0652e+01  -60.61667  -54.72050 1153500443 202.699591    34.5323      23609         22  0.000e+00
    424.129     0.3007   2.913444     0.3004   2.913713    5.83428    -0.1287    13.8155 5.0652e+01  -60.61667  -54.72050 1153500443 202.699592    34.5327      23610         22  0.000e+00
    424.264     0.3011   2.913477     0.3002   2.913731    5.83431    -0.1287    13.8155 5.0652e+01  -60.61667  -54.72050 1153500443 202.699592    34.5325      23611         22  0.000e+00
    424.206     0.3010   2.913447     0.3006   2.913708    5.83430    -0.0857    13.8155 5.0652e+01  -60.61667  -54.72050 1153500443 202.699592    34.5323      23612         22  0.000e+00
    424.196     0.3010   2.913474     0.2996   2.913678    5.83428    -0.0749    13.8155 5.0652e+01  -60.61667  -54.72050 1153500444 202.699593    34.5327      23613         22  0.000e+00
    424.196     0.3008   2.913454     0.2997   2.913672    5.83431    -0.0964    13.8155 4.8704e+01  -60.61667  -54.72050 1153500444 202.699593    34.5326      23614         22  0.000e+00
    424.206     0.3010   2.913477     0.2994   2.913631    5.83428    -0.0964    13.8155 5.0652e+01  -60.61667  -54.72050 1153500444 202.699594    34.5327      23615         22  0.000e+00
    424.264     0.3016   2.913524     0.2995   2.913654    5.83424    -0.1072    13.8155 5.0652e+01  -60.61667  -54.72050 1153500444 202.699594    34.5326      23616         22  0.000e+00
    424.273     0.3016   2.913538     0.2997   2.913690    5.83423    -0.0749    13.8155 5.0652e+01  -60.61667  -54.72050 1153500444 202.699595    34.5328      23617         22  0.000e+00
    424.264     0.3016   2.913511     0.2997   2.913660    5.83424    -0.0642    13.8155 5.0652e+01  -60.61667  -54.72050 1153500444 202.699595    34.5324      23618         22  0.000e+00
    424.264     0.3010   2.913528     0.3003   2.913649    5.83431    -0.0964    13.8155 5.0652e+01  -60.61667  -54.72050 1153500444 202.699596    34.5333      23619         22  0.000e+00
    424.206     0.3017   2.913572     0.3000   2.913708    5.83415    -0.1395    13.8155 5.0652e+01  -60.61667  -54.72050 1153500444 202.699596    34.5331      23620         22  0.000e+00
    424.331     0.3027   2.913636     0.3000   2.913708    5.83890    -0.1502    13.8155 5.0652e+01  -60.61667  -54.72050 1153500444 202.699597    34.5328      23621         22  0.000e+00
    424.839     0.3031   2.913679     0.3037   2.913973    5.83444    -0.1180    13.8155 5.0652e+01  -60.61667  -54.72050 1153500447 202.699634    34.5326      23699         23  0.000e+00
    424.830     0.3035   2.913710     0.3034   2.913903    5.83437    -0.0857    13.8155 5.0652e+01  -60.61667  -54.72050 1153500447 202.699635    34.5326      23700         23  0.000e+00
    424.763     0.3031   2.913703     0.3034   2.913891    5.83436    -0.0857    13.8155 5.0652e+01  -60.61667  -54.72050 1153500447 202.699635    34.5329      23701         23  0.000e+00
    424.839     0.3035   2.913663     0.3035   2.913849    5.83441    -0.0642    13.8155 5.0652e+01  -60.61667  -54.72050 1153500447 202.699636    34.5320      23702         23  0.000e+00
    424.906     0.3038   2.913703     0.3034   2.913897    5.83441    -0.0534    13.8155 5.0652e+01  -60.61667  -54.72050 1153500447 202.699636    34.5321      23703         23  0.000e+00
    424.839     0.3030   2.913733     0.3034   2.913879    5.83443    -0.0426    13.8155 5.0652e+01  -60.61667  -54.72050 1153500447 202.699637    34.5334      23704         23  0.000e+00
    424.830     0.3030   2.913673     0.3030   2.913867    5.83925     0.0004    13.8155 5.0652e+01  -60.61667  -54.72050 1153500447 202.699637    34.5327      23705         23  0.000e+00
    424.906     0.3022   2.913632     0.3019   2.913826    5.83942     0.0004    13.8155 5.0652e+01  -60.61667  -54.72050 1153500447 202.699638    34.5329      23706         23  0.000e+00
    424.839     0.3031   2.913629     0.3007   2.913790    5.83446     0.0004    13.8155 5.0652e+01  -60.61667  -54.72050 1153500447 202.699638    34.5319      23707         23  0.000e+00
    424.906     0.3030   2.913612     0.3000   2.913720    5.83454    -0.0534    13.8155 5.0652e+01  -60.61667  -54.72050 1153500447 202.699639    34.5318      23708         23  0.000e+00
    424.916     0.3022   2.913599     0.2998   2.913678    5.83465    -0.0857    13.8155 5.0652e+01  -60.61667  -54.72050 1153500448 202.699639    34.5325      23709         23  0.000e+00
    424.906     0.3016   2.913535     0.2994   2.913655    5.83475    -0.1072    13.8155 5.0652e+01  -60.61667  -54.72050 1153500448 202.699640    34.5323      23710         23  0.000e+00
    424.974     0.3013   2.913515     0.3001   2.913649    5.83485    -0.1072    13.8155 5.0652e+01  -60.61667  -54.72050 1153500448 202.699640    34.5324      23711         23  0.000e+00
    424.916     0.3016   2.913494     0.2989   2.913666    5.83478    -0.0964    13.8155 5.0652e+01  -60.61667  -54.72050 1153500448 202.699641    34.5318      23712         23  0.000e+00
    424.906     0.3010   2.913454     0.2994   2.913672    5.83487    -0.1180    13.8155 5.0652e+01  -60.61667  -54.72050 1153500448 202.699641    34.5320      23713         23  0.000e+00
    424.983     0.3007   2.913471     0.2997   2.913690    5.83975    -0.1072    13.8155 5.0652e+01  -60.61667  -54.72050 1153500448 202.699642    34.5325      23714         23  0.000e+00
    424.974     0.3007   2.913434     0.3001   2.913720    5.83976    -0.1395    13.8155 5.0652e+01  -60.61667  -54.72050 1153500448 202.699642    34.5320      23715         23  0.000e+00
    424.974     0.3007   2.913437     0.2996   2.913684    5.83497    -0.1287    13.8155 5.0652e+01  -60.61667  -54.72050 1153500448 202.699643    34.5321      23716         23  0.000e+00
    424.983     0.3001   2.913393     0.2997   2.913672    5.83986    -0.1180    13.8155 5.0652e+01  -60.61667  -54.72050 1153500448 202.699643    34.5322      23717         23  0.000e+00
    424.974     0.2999   2.913356     0.2994   2.913672    5.83510    -0.0642    13.8155 5.0652e+01  -60.61667  -54.72050 1153500448 202.699644    34.5319      23718         23  0.000e+00
    424.983     0.2996   2.913333     0.3000   2.913696    5.83995    -0.0319    13.8155 5.0652e+01  -60.61667  -54.72050 1153500448 202.699644    34.5319      23719         23  0.000e+00
    425.041     0.2997   2.913339     0.2990   2.913702    5.83998    -0.0642    13.8155 5.0652e+01  -60.61667  -54.72050 1153500448 202.699645    34.5318      23720         23  0.000e+00
    425.041     0.2996   2.913366     0.2991   2.913720    5.83998    -0.0964    13.8155 5.0652e+01  -60.61667  -54.72050 1153500448 202.699645    34.5323      23721         23  0.000e+00
    424.983     0.2988   2.913356     0.2997   2.913708    5.84004    -0.1072    13.8155 5.0652e+01  -60.61667  -54.72050 1153500448 202.699646    34.5331      23722         23  0.000e+00
    425.118     0.2991   2.913333     0.2992   2.913661    5.83532    -0.0857    13.8155 5.0652e+01  -60.61667  -54.72050 1153500448 202.699646    34.5323      23723         23  0.000e+00
    425.050     0.2999   2.913363     0.2995   2.913684    5.83516    -0.0857    13.8155 5.0652e+01  -60.61667  -54.72050 1153500448 202.699647    34.5320      23724         23  0.000e+00
    425.041     0.2994   2.913366     0.2992   2.913678    5.84000    -0.0749    13.8155 5.0652e+01  -60.61667  -54.72050 1153500448 202.699647    34.5325      23725         23  0.000e+00
    425.118     0.2994   2.913356     0.2994   2.913690    5.84007    -0.0642    13.8155 5.0652e+01  -60.61667  -54.72050 1153500448 202.699647    34.5324      23726         23  0.000e+00
