product_data/regression_test/downloaded_data/MDGS/320620060703/ctd/p6611101.cnv
* Sea-Bird SBE 9 Data File:
* FileName = D:\Data\Raw\p6611101.dat
* Software Version Seasave Win32 V 5.32
* Temperature SN = 1649
* Conductivity SN = 1431
* Number of Bytes Per Scan = 37
* Number of Voltage Words = 5
* Number of Scans Averaged by the Deck Unit = 1
* NMEA Latitude = 61 24.96 S
* NMEA Longitude = 054 52.52 W
* NMEA UTC (Time) = 04:45:09
** Ship:   Nathaniel B. Palmer 
** Cruise:    NBP0606 
# nquan = 15
# nvalues = 891                         
# units = specified
# name 0 = prDM: Pressure, Digiquartz [db]
# name 1 = t090C: Temperature [ITS-90, deg C]
# name 2 = c0S/m: Conductivity [S/m]
# name 3 = t190C: Temperature, 2 [ITS-90, deg C]
# name 4 = c1S/m: Conductivity, 2 [S/m]
# name 5 = sbeox0ML/L: Oxygen, SBE 43 [ml/l]
# name 6 = flECO-AFL: Fluorescence, Wetlab ECO-AFL/FL [mg/m^3]
# name 7 = bat: Beam Attenuation, Chelsea/Seatech/Wetlab CStar [1/m]
# name 8 = spar: SPAR/Surface Irradiance
# name 9 = latitude: Latitude [deg]
# name 10 = longitude: Longitude [deg]
# name 11 = timeY: Time, System [seconds]
# name 12 = timeJ: Julian Days
# name 13 = sal00: Salinity [PSU]
# name 14 = flag: flag
# span 0 =     13.000,    903.000       
# span 1 =    -0.9196,    -0.1942       
# span 2 =   2.768866,   2.860668       
# span 3 =    -0.9210,    -0.1930       
# span 4 =   2.769749,   2.861170       
# span 5 =    6.30700,    7.50181       
# span 6 =    -0.1157,     0.1370       
# span 7 =    13.8155,    13.8155       
# span 8 = 0.0000e+00, 0.0000e+00       
# span 9 =  -61.41600,  -61.41600       
# span 10 =  -54.87533,  -54.87533      
# span 11 = 1152852335, 1152853668      
# span 12 = 195.198337, 195.213768      
# span 13 =    34.2271,    34.5273      
# span 14 = 0.0000e+00, 0.0000e+00      
# interval = decibars: 1                
# start_time = Jul 14 2006 04:45:16
# bad_flag = -9.990e-29
*END*
[from data line 97]
    110.000    -0.7617   2.788980    -0.7618   2.789457    7.27793     0.0918    13.8155 0.0000e+00  -61.41600  -54.87533 1152852602 195.201437    34.2614 0.0000e+00
    111.000    -0.7586   2.789349    -0.7571   2.789964    7.27770     0.0901    13.8155 0.0000e+00  -61.41600  -54.87533 1152852607 195.201486    34.2621 0.0000e+00
    112.000    -0.7528   2.790127    -0.7514   2.790700    7.26633     0.0831    13.8155 0.0000e+00  -61.41600  -54.87533 1152852608 195.201503    34.2654 0.0000e+00
    113.000    -0.7712   2.788724    -0.7723   2.789225    7.26035     0.0788    13.8155 0.0000e+00  -61.41600  -54.87533 1152852610 195.201523    34.2667 0.0000e+00
    114.000    -0.8027   2.786119    -0.8018   2.786688    7.26203     0.0814    13.8155 0.0000e+00  -61.41600  -54.87533 1152852613 195.201555    34.2676 0.0000e+00
    115.000    -0.8042   2.786049    -0.8028   2.786670    7.25933     0.0860    13.8155 0.0000e+00  -61.41600  -54.87533 1152852616 195.201597    34.2673 0.0000e+00
    116.000    -0.8220   2.784582    -0.8208   2.785224    7.25807     0.0813    13.8155 0.0000e+00  -61.41600  -54.87533 1152852617 195.201612    34.2673 0.0000e+00
    117.000    -0.8310   2.783886    -0.8290   2.784542    7.25783     0.0844    13.8155 0.0000e+00  -61.41600  -54.87533 1152852619 195.201624    34.2677 0.0000e+00
    118.000    -0.8323   2.783822    -0.8306   2.784450    7.26544     0.0876    13.8155 0.0000e+00  -61.41600  -54.87533 1152852620 195.201644    34.2676 0.0000e+00
    119.000    -0.8374   2.783445    -0.8371   2.783964    7.27134     0.0772    13.8155 0.0000e+00  -61.41600  -54.87533 1152852623 195.201672    34.2673 0.0000e+00
    120.000    -0.8408   2.783200    -0.8391   2.783832    7.27207     0.0755    13.8155 0.0000e+00  -61.41600  -54.87533 1152852624 195.201684    34.2673 0.0000e+00
    121.000    -0.8415   2.783166    -0.8404   2.783748    7.27424     0.0935    13.8155 0.0000e+00  -61.41600  -54.87533 1152852625 195.201693    34.2669 0.0000e+00
    122.000    -0.8443   2.782976    -0.8435   2.783538    7.27545     0.0905    13.8155 0.0000e+00  -61.41600  -54.87533 1152852625 195.201705    34.2669 0.0000e+00
    123.000    -0.8450   2.782985    -0.8450   2.783437    7.27299     0.0884    13.8155 0.0000e+00  -61.41600  -54.87533 1152852629 195.201744    34.2670 0.0000e+00
    124.000    -0.8476   2.782837    -0.8464   2.783412    7.27262     0.0819    13.8155 0.0000e+00  -61.41600  -54.87533 1152852631 195.201769    34.2671 0.0000e+00
    125.000    -0.8462   2.783016    -0.8453   2.783553    7.26873     0.0973    13.8155 0.0000e+00  -61.41600  -54.87533 1152852632 195.201779    34.2674 0.0000e+00
    126.000    -0.8422   2.783614    -0.8406   2.784237    7.26557     0.0876    13.8155 0.0000e+00  -61.41600  -54.87533 1152852633 195.201789    34.2703 0.0000e+00
    127.000    -0.8409   2.783901    -0.8400   2.784445    7.26113     0.0920    13.8155 0.0000e+00  -61.41600  -54.87533 1152852634 195.201800    34.2718 0.0000e+00
    128.000    -0.8425   2.783745    -0.8414   2.784299    7.25617     0.0935    13.8155 0.0000e+00  -61.41600  -54.87533 1152852636 195.201830    34.2708 0.0000e+00
    129.000    -0.8431   2.783771    -0.8417   2.784384    7.24345     0.0741    13.8155 0.0000e+00  -61.41600  -54.87533 1152852640 195.201873    34.2713 0.0000e+00
    130.000    -0.8319   2.785325    -0.8292   2.785962    7.22825     0.0671    13.8155 0.0000e+00  -61.41600  -54.87533 1152852641 195.201888    34.2790 0.0000e+00
    131.000    -0.8175   2.786926    -0.8163   2.787450    7.21208     0.0717    13.8155 0.0000e+00  -61.41600  -54.87533 1152852642 195.201900    34.2830 0.0000e+00
    132.000    -0.8120   2.787550    -0.8108   2.788092    7.19918     0.0738    13.8155 0.0000e+00  -61.41600  -54.87533 1152852643 195.201913    34.2846 0.0000e+00
    133.000    -0.8095   2.787861    -0.8080   2.788433    7.18432     0.0535    13.8155 0.0000e+00  -61.41600  -54.87533 1152852645 195.201928    34.2853 0.0000e+00
    134.000    -0.8089   2.787980    -0.8077   2.788518    7.17189     0.0531    13.8155 0.0000e+00  -61.41600  -54.87533 1152852646 195.201947    34.2857 0.0000e+00
    135.000    -0.8047   2.788456    -0.8024   2.789094    7.15697     0.0595    13.8155 0.0000e+00  -61.41600  -54.87533 1152852649 195.201971    34.2869 0.0000e+00
    136.000    -0.7949   2.789515    -0.7941   2.789993    7.14065     0.0522    13.8155 0.0000e+00  -61.41600  -54.87533 1152852650 195.201992    34.2894 0.0000e+00
    137.000    -0.7789   2.791243    -0.7771   2.791758    7.12718     0.0521    13.8155 0.0000e+00  -61.41600  -54.87533 1152852652 195.202006    34.2937 0.0000e+00
    138.000    -0.7657   2.792614    -0.7642   2.793108    7.11676     0.0525    13.8155 0.0000e+00  -61.41600  -54.87533 1152852653 195.202018    34.2962 0.0000e+00
    139.000    -0.7583   2.793381    -0.7569   2.793903    7.10449     0.0474    13.8155 0.0000e+00  -61.41600  -54.87533 1152852654 195.202036    34.2976 0.0000e+00
    140.000    -0.7533   2.793912    -0.7514   2.794485    7.08625     0.0286    13.8155 0.0000e+00  -61.41600  -54.87533 1152852657 195.202069    34.2989 0.0000e+00
    141.000    -0.7451   2.794779    -0.7444   2.795219    7.07958     0.0328    13.8155 0.0000e+00  -61.41600  -54.87533 1152852659 195.202088    34.3005 0.0000e+00
    142.000    -0.7442   2.794904    -0.7433   2.795398    7.07689     0.0406    13.8155 0.0000e+00  -61.41600  -54.87533 1152852660 195.202101    34.3007 0.0000e+00
    143.000    -0.7439   2.794981    -0.7428   2.795491    7.07491     0.0519    13.8155 0.0000e+00  -61.41600  -54.87533 1152852661 195.202113    34.3009 0.0000e+00
    144.000    -0.7426   2.795143    -0.7416   2.795647    7.07080     0.0514    13.8155 0.0000e+00  -61.41600  -54.87533 1152852662 195.202124    34.3011 0.0000e+00
    145.000    -0.7392   2.795539    -0.7382   2.796029    7.06637     0.0827    13.8155 0.0000e+00  -61.41600  -54.87533 1152852663 195.202137    34.3020 0.0000e+00
    146.000    -0.7388   2.795609    -0.7382   2.796081    7.06089     0.1015    13.8155 0.0000e+00  -61.41600  -54.87533 1152852665 195.202160    34.3020 0.0000e+00
    147.000    -0.7364   2.795909    -0.7365   2.796282    7.06145     0.1310    13.8155 0.0000e+00  -61.41600  -54.87533 1152852667 195.202184    34.3028 0.0000e+00
    148.000    -0.7364   2.795944    -0.7350   2.796480    7.05884     0.1147    13.8155 0.0000e+00  -61.41600  -54.87533 1152852668 195.202199    34.3027 0.0000e+00
    149.000    -0.7370   2.795946    -0.7358   2.796465    7.05749     0.0980    13.8155 0.0000e+00  -61.41600  -54.87533 1152852669 195.202212    34.3029 0.0000e+00
    150.000    -0.7367   2.796009    -0.7356   2.796524    7.05514     0.1012    13.8155 0.0000e+00  -61.41600  -54.87533 1152852671 195.202236    34.3029 0.0000e+00
    151.000    -0.7357   2.796168    -0.7341   2.796733    7.05772     0.0773    13.8155 0.0000e+00  -61.41600  -54.87533 1152852674 195.202261    34.3034 0.0000e+00
    152.000    -0.7328   2.796523    -0.7315   2.797050    7.05403     0.0706    13.8155 0.0000e+00  -61.41600  -54.87533 1152852675 195.202272    34.3042 0.0000e+00
    153.000    -0.7271   2.797210    -0.7235   2.797886    7.04559     0.0765    13.8155 0.0000e+00  -61.41600  -54.87533 1152852675 195.202280    34.3067 0.0000e+00
    154.000    -0.7157   2.798343    -0.7147   2.798796    7.03865     0.0915    13.8155 0.0000e+00  -61.41600  -54.87533 1152852676 195.202287    34.3079 0.0000e+00
    155.000    -0.7052   2.799451    -0.7042   2.799908    7.03468     0.0705    13.8155 0.0000e+00  -61.41600  -54.87533 1152852676 195.202294    34.3099 0.0000e+00
    156.000    -0.7080   2.799155    -0.7087   2.799520    7.03140     0.0624    13.8155 0.0000e+00  -61.41600  -54.87533 1152852678 195.202318    34.3087 0.0000e+00
    157.000    -0.7135   2.798712    -0.7128   2.799146    7.02225     0.0351    13.8155 0.0000e+00  -61.41600  -54.87533 1152852683 195.202367    34.3091 0.0000e+00
    158.000    -0.7091   2.799149    -0.7065   2.799835    7.01884     0.0205    13.8155 0.0000e+00  -61.41600  -54.87533 1152852683 195.202376    34.3090 0.0000e+00
    159.000    -0.7029   2.799864    -0.7029   2.800230    7.01472     0.0158    13.8155 0.0000e+00  -61.41600  -54.87533 1152852684 195.202385    34.3109 0.0000e+00
    160.000    -0.6953   2.800693    -0.6920   2.801339    7.01263     0.0224    13.8155 0.0000e+00  -61.41600  -54.87533 1152852685 195.202396    34.3128 0.0000e+00
    161.000    -0.6784   2.802382    -0.6773   2.802846    7.00252     0.0232    13.8155 0.0000e+00  -61.41600  -54.87533 1152852686 195.202408    34.3154 0.0000e+00
    162.000    -0.6736   2.802913    -0.6715   2.803485    6.99196     0.0227    13.8155 0.0000e+00  -61.41600  -54.87533 1152852687 195.202422    34.3164 0.0000e+00
    163.000    -0.6825   2.802040    -0.6774   2.802975    6.98558     0.0139    13.8155 0.0000e+00  -61.41600  -54.87533 1152852690 195.202451    34.3145 0.0000e+00
    164.000    -0.6800   2.802412    -0.6723   2.803506    6.98271     0.0122    13.8155 0.0000e+00  -61.41600  -54.87533 1152852693 195.202481    34.3167 0.0000e+00
    165.000    -0.6456   2.805857    -0.6433   2.806386    6.97101     0.0104    13.8155 0.0000e+00  -61.41600  -54.87533 1152852694 195.202493    34.3223 0.0000e+00
    166.000    -0.6379   2.806610    -0.6369   2.807064    6.95977    -0.0079    13.8155 0.0000e+00  -61.41600  -54.87533 1152852694 195.202502    34.3229 0.0000e+00
    167.000    -0.6352   2.806919    -0.6332   2.807486    6.95092     0.0064    13.8155 0.0000e+00  -61.41600  -54.87533 1152852695 195.202510    34.3235 0.0000e+00
    168.000    -0.6296   2.807506    -0.6280   2.808009    6.94222    -0.0238    13.8155 0.0000e+00  -61.41600  -54.87533 1152852696 195.202517    34.3244 0.0000e+00
    169.000    -0.6252   2.807951    -0.6238   2.808461    6.93826    -0.0192    13.8155 0.0000e+00  -61.41600  -54.87533 1152852696 195.202525    34.3248 0.0000e+00
    170.000    -0.6299   2.807550    -0.6277   2.808118    6.93615    -0.0141    13.8155 0.0000e+00  -61.41600  -54.87533 1152852699 195.202557    34.3246 0.0000e+00
    171.000    -0.6298   2.807636    -0.6280   2.808165    6.93412    -0.0043    13.8155 0.0000e+00  -61.41600  -54.87533 1152852702 195.202591    34.3255 0.0000e+00
    172.000    -0.6256   2.808051    -0.6239   2.808591    6.93116    -0.0228    13.8155 0.0000e+00  -61.41600  -54.87533 1152852703 195.202598    34.3257 0.0000e+00
    173.000    -0.6252   2.808128    -0.6206   2.808971    6.92743    -0.0297    13.8155 0.0000e+00  -61.41600  -54.87533 1152852703 195.202606    34.3255 0.0000e+00
    174.000    -0.6272   2.807955    -0.6269   2.808428    6.92555    -0.0355    13.8155 0.0000e+00  -61.41600  -54.87533 1152852704 195.202613    34.3248 0.0000e+00
    175.000    -0.6299   2.807785    -0.6272   2.808427    6.92521    -0.0211    13.8155 0.0000e+00  -61.41600  -54.87533 1152852706 195.202636    34.3254 0.0000e+00
    176.000    -0.6286   2.807942    -0.6273   2.808452    6.92299    -0.0343    13.8155 0.0000e+00  -61.41600  -54.87533 1152852709 195.202673    34.3254 0.0000e+00
    177.000    -0.6276   2.808103    -0.6265   2.808612    6.92234    -0.0245    13.8155 0.0000e+00  -61.41600  -54.87533 1152852710 195.202682    34.3258 0.0000e+00
    178.000    -0.6186   2.809074    -0.6183   2.809434    6.91708    -0.0318    13.8155 0.0000e+00  -61.41600  -54.87533 1152852711 195.202692    34.3282 0.0000e+00
    179.000    -0.6121   2.809755    -0.6102   2.810260    6.90771    -0.0183    13.8155 0.0000e+00  -61.41600  -54.87533 1152852712 195.202702    34.3291 0.0000e+00
    180.000    -0.5978   2.811215    -0.5976   2.811569    6.89461    -0.0234    13.8155 0.0000e+00  -61.41600  -54.87533 1152852713 195.202722    34.3316 0.0000e+00
    181.000    -0.5963   2.811415    -0.5940   2.812013    6.88411    -0.0373    13.8155 0.0000e+00  -61.41600  -54.87533 1152852716 195.202750    34.3321 0.0000e+00
    182.000    -0.5947   2.811617    -0.5936   2.812071    6.88177    -0.0189    13.8155 0.0000e+00  -61.41600  -54.87533 1152852717 195.202762    34.3326 0.0000e+00
    183.000    -0.5773   2.813382    -0.5760   2.813791    6.87602    -0.0521    13.8155 0.0000e+00  -61.41600  -54.87533 1152852718 195.202771    34.3358 0.0000e+00
    184.000    -0.5609   2.815074    -0.5591   2.815516    6.85603    -0.0356    13.8155 0.0000e+00  -61.41600  -54.87533 1152852719 195.202781    34.3390 0.0000e+00
    185.000    -0.5468   2.816465    -0.5421   2.817357    6.84204    -0.0298    13.8155 0.0000e+00  -61.41600  -54.87533 1152852721 195.202805    34.3407 0.0000e+00
    186.000    -0.5334   2.818055    -0.5144   2.819854    6.81762    -0.0463    13.8155 0.0000e+00  -61.41600  -54.87533 1152852723 195.202832    34.3477 0.0000e+00
    187.000    -0.4841   2.822985    -0.4819   2.823480    6.80311    -0.0414    13.8155 0.0000e+00  -61.41600  -54.87533 1152852724 195.202842    34.3549 0.0000e+00
    188.000    -0.4801   2.823442    -0.4786   2.823920    6.79016    -0.0330    13.8155 0.0000e+00  -61.41600  -54.87533 1152852724 195.202850    34.3560 0.0000e+00
    189.000    -0.4783   2.823688    -0.4771   2.824139    6.77745    -0.0243    13.8155 0.0000e+00  -61.41600  -54.87533 1152852725 195.202858    34.3568 0.0000e+00
    190.000    -0.4740   2.824199    -0.4727   2.824648    6.76805    -0.0209    13.8155 0.0000e+00  -61.41600  -54.87533 1152852726 195.202866    34.3585 0.0000e+00
    191.000    -0.4726   2.824366    -0.4717   2.824793    6.75231    -0.0300    13.8155 0.0000e+00  -61.41600  -54.87533 1152852728 195.202892    34.3590 0.0000e+00
    192.000    -0.4769   2.823956    -0.4705   2.824919    6.73258    -0.0387    13.8155 0.0000e+00  -61.41600  -54.87533 1152852732 195.202933    34.3589 0.0000e+00
    193.000    -0.4396   2.827834    -0.4295   2.829027    6.72168    -0.0545    13.8155 0.0000e+00  -61.41600  -54.87533 1152852733 195.202943    34.3673 0.0000e+00
    194.000    -0.4270   2.829074    -0.4255   2.829531    6.71293    -0.0423    13.8155 0.0000e+00  -61.41600  -54.87533 1152852733 195.202952    34.3684 0.0000e+00
    195.000    -0.4225   2.829559    -0.4212   2.830000    6.70395    -0.0317    13.8155 0.0000e+00  -61.41600  -54.87533 1152852734 195.202960    34.3693 0.0000e+00
    196.000    -0.4169   2.830161    -0.4166   2.830525    6.69618    -0.0392    13.8155 0.0000e+00  -61.41600  -54.87533 1152852735 195.202967    34.3703 0.0000e+00
    197.000    -0.4135   2.830606    -0.4126   2.831010    6.68834    -0.0316    13.8155 0.0000e+00  -61.41600  -54.87533 1152852735 195.202974    34.3721 0.0000e+00
    198.000    -0.4115   2.830865    -0.4074   2.831589    6.67559    -0.0301    13.8155 0.0000e+00  -61.41600  -54.87533 1152852737 195.202993    34.3729 0.0000e+00
    199.000    -0.4187   2.830113    -0.4168   2.830665    6.66582    -0.0383    13.8155 0.0000e+00  -61.41600  -54.87533 1152852740 195.203031    34.3712 0.0000e+00
    200.000    -0.4161   2.830427    -0.4143   2.830925    6.66033    -0.0355    13.8155 0.0000e+00  -61.41600  -54.87533 1152852741 195.203043    34.3721 0.0000e+00
    201.000    -0.4007   2.832182    -0.3988   2.832672    6.65674    -0.0364    13.8155 0.0000e+00  -61.41600  -54.87533 1152852742 195.203054    34.3774 0.0000e+00
    202.000    -0.3948   2.832910    -0.3937   2.833363    6.65122    -0.0358    13.8155 0.0000e+00  -61.41600  -54.87533 1152852743 195.203064    34.3795 0.0000e+00
    203.000    -0.3945   2.833000    -0.3932   2.833457    6.64439    -0.0394    13.8155 0.0000e+00  -61.41600  -54.87533 1152852744 195.203075    34.3799 0.0000e+00
    204.000    -0.3938   2.833109    -0.3928   2.833542    6.63925    -0.0334    13.8155 0.0000e+00  -61.41600  -54.87533 1152852745 195.203089    34.3801 0.0000e+00
