product_data/regression_test/downloaded_data/MDGS/320620060703/ctd/p6619505.ros
* Sea-Bird SBE 9 Data File:
* FileName = D:\Data\Raw\p6619505.dat
* Software Version Seasave Win32 V 5.32
* Temperature SN = 1649
* Conductivity SN = 1431
* Number of Bytes Per Scan = 37
* Number of Voltage Words = 5
* Number of Scans Averaged by the Deck Unit = 1
* NMEA Latitude = 60 45.25 S
* NMEA Longitude = 056 54.10 W
* NMEA UTC (Time) = 18:24:37
** Ship:   Nathaniel B. Palmer 
** Cruise:    NBP0606 
# nquan = 17
# nvalues = 1176                    
# units = specified
# name 0 = prDM: Pressure, Digiquartz [db]
# name 1 = t090C: Temperature [ITS-90, deg C]
# name 2 = c0S/m: Conductivity [S/m]
# name 3 = t190C: Temperature, 2 [ITS-90, deg C]
# name 4 = c1S/m: Conductivity, 2 [S/m]
# name 5 = sbeox0ML/L: Oxygen, SBE 43 [ml/l]
# name 6 = flECO-AFL: Fluorescence, Wetlab ECO-AFL/FL [mg/m^3]
# name 7 = bat: Beam Attenuation, Chelsea/Seatech/Wetlab CStar [1/m]
# name 8 = spar: SPAR/Surface Irradiance
# name 9 = latitude: Latitude [deg]
# name 10 = longitude: Longitude [deg]
# name 11 = timeY: Time, System [seconds]
# name 12 = timeJ: Julian Days
# name 13 = sal00: Salinity [PSU]
# name 14 = scan: scan number
# name 15 = nbf: number of bottles fired
# name 16 = flag:  0.000e+00
# interval = seconds: 0.0416667                   
# start_time = Jul 24 2006 18:24:45
*END*
[from data line 766]
     21.319    -0.8417   2.749043    -0.8427   2.749374    8.08363     0.1188    13.8155 3.1170e+01  -60.75417  -56.90167 1153768898 205.806702    33.8650      81939         16  0.000e+00
     21.395    -0.8421   2.749033    -0.8428   2.749368    8.08377     0.1295    13.8155 2.9222e+01  -60.75417  -56.90167 1153768898 205.806703    33.8652      81940         16  0.000e+00
     21.376    -0.8421   2.749027    -0.8427   2.749386    8.08376     0.1833    13.8155 3.1170e+01  -60.75417  -56.90167 1153768898 205.806703    33.8651      81941         16  0.000e+00
     21.395    -0.8413   2.749060    -0.8423   2.749414    8.08363     0.1618    13.8155 2.9222e+01  -60.75417  -56.90167 1153768898 205.806704    33.8647      81942         16  0.000e+00
     21.443    -0.8421   2.749040    -0.8422   2.749380    8.08382     0.1618    13.8155 3.1170e+01  -60.75417  -56.90167 1153768898 205.806704    33.8652      81943         16  0.000e+00
     21.395    -0.8419   2.749010    -0.8424   2.749409    8.08376     0.1833    13.8155 2.9222e+01  -60.75417  -56.90167 1153768898 205.806705    33.8647      81944         16  0.000e+00
     21.462    -0.8417   2.748987    -0.8427   2.749391    8.08383     0.2156    13.8155 2.9222e+01  -60.75417  -56.90167 1153768898 205.806705    33.8642      81945         16  0.000e+00
     21.443    -0.8421   2.748984    -0.8426   2.749391    8.08386     0.2263    13.8155 2.9222e+01  -60.75417  -56.90167 1153768898 205.806706    33.8645      81946         16  0.000e+00
     21.462    -0.8422   2.749001    -0.8426   2.749397    8.08390     0.1941    13.8155 3.1170e+01  -60.75417  -56.90167 1153768898 205.806706    33.8648      81947         16  0.000e+00
     21.443    -0.8425   2.748971    -0.8424   2.749374    8.08395     0.1618    13.8155 3.1170e+01  -60.75417  -56.90167 1153768898 205.806707    33.8648      81948         16  0.000e+00
     21.462    -0.8427   2.748978    -0.8435   2.749368    8.08399     0.1403    13.8155 3.1170e+01  -60.75417  -56.90167 1153768898 205.806707    33.8651      81949         16  0.000e+00
     21.509    -0.8430   2.748964    -0.8432   2.749368    8.08410     0.1403    13.8155 3.1170e+01  -60.75417  -56.90167 1153768898 205.806708    33.8652      81950         16  0.000e+00
     21.462    -0.8428   2.748978    -0.8428   2.749368    8.08401     0.1403    13.8155 3.1170e+01  -60.75417  -56.90167 1153768898 205.806708    33.8652      81951         16  0.000e+00
     21.529    -0.8430   2.748951    -0.8427   2.749386    8.08413     0.1618    13.8155 3.1170e+01  -60.75417  -56.90167 1153768898 205.806709    33.8650      81952         16  0.000e+00
     21.443    -0.8433   2.748955    -0.8428   2.749397    8.08408     0.1833    13.8155 3.1170e+01  -60.75417  -56.90167 1153768898 205.806709    33.8655      81953         16  0.000e+00
     21.529    -0.8430   2.748961    -0.8433   2.749345    8.08413     0.1403    13.8155 2.9222e+01  -60.75417  -56.90167 1153768898 205.806710    33.8651      81954         16  0.000e+00
     21.509    -0.8427   2.748978    -0.8435   2.749339    8.08405     0.1080    13.8155 2.9222e+01  -60.75417  -56.90167 1153768898 205.806710    33.8651      81955         16  0.000e+00
     21.529    -0.8430   2.748951    -0.8430   2.749322    8.08413     0.1295    13.8155 2.9222e+01  -60.75417  -56.90167 1153768898 205.806711    33.8650      81956         16  0.000e+00
     20.395    -0.8410   2.749089    -0.8398   2.749460    8.08712     0.2048    13.8155 3.1170e+01  -60.75417  -56.90167 1153768902 205.806754    33.8653      82046         17  0.000e+00
     20.204    -0.8406   2.749059    -0.8402   2.749472    8.08688     0.1726    13.8155 3.1170e+01  -60.75417  -56.90167 1153768902 205.806754    33.8647      82047         17  0.000e+00
     20.395    -0.8410   2.749066    -0.8405   2.749478    8.08245     0.1833    13.8155 3.1170e+01  -60.75417  -56.90167 1153768902 205.806755    33.8650      82048         17  0.000e+00
     20.338    -0.8406   2.749053    -0.8404   2.749455    8.08234     0.1941    13.8155 3.1170e+01  -60.75417  -56.90167 1153768902 205.806755    33.8645      82049         17  0.000e+00
     20.395    -0.8408   2.749049    -0.8405   2.749483    8.08244     0.1726    13.8155 3.1170e+01  -60.75417  -56.90167 1153768902 205.806756    33.8646      82050         17  0.000e+00
     20.338    -0.8408   2.749049    -0.8407   2.749483    8.08237     0.1941    13.8155 2.9222e+01  -60.75417  -56.90167 1153768902 205.806756    33.8647      82051         17  0.000e+00
     20.338    -0.8405   2.749066    -0.8404   2.749455    8.08700     0.2048    13.8155 2.9222e+01  -60.75417  -56.90167 1153768902 205.806757    33.8645      82052         17  0.000e+00
     20.319    -0.8406   2.749089    -0.8409   2.749449    8.08698     0.2586    13.8155 2.9222e+01  -60.75417  -56.90167 1153768903 205.806757    33.8650      82053         17  0.000e+00
     20.338    -0.8405   2.749059    -0.8410   2.749466    8.08700     0.1833    13.8155 2.9222e+01  -60.75417  -56.90167 1153768903 205.806758    33.8644      82054         17  0.000e+00
     20.319    -0.8408   2.749082    -0.8409   2.749443    8.08701     0.2048    13.8155 3.1170e+01  -60.75417  -56.90167 1153768903 205.806758    33.8651      82055         17  0.000e+00
     20.338    -0.8408   2.749059    -0.8413   2.749443    8.08236     0.2156    13.8155 2.9222e+01  -60.75417  -56.90167 1153768903 205.806759    33.8648      82056         17  0.000e+00
     20.319    -0.8404   2.749049    -0.8410   2.749431    8.09166     0.2048    13.8155 2.9222e+01  -60.75417  -56.90167 1153768903 205.806759    33.8641      82057         17  0.000e+00
     20.338    -0.8404   2.749066    -0.8420   2.749379    8.09166     0.1941    13.8155 2.9222e+01  -60.75417  -56.90167 1153768903 205.806760    33.8644      82058         17  0.000e+00
     20.319    -0.8399   2.749089    -0.8424   2.749385    8.09155     0.1726    13.8155 2.9222e+01  -60.75417  -56.90167 1153768903 205.806760    33.8641      82059         17  0.000e+00
     20.338    -0.8405   2.749076    -0.8424   2.749374    8.08230     0.1510    13.8155 2.9222e+01  -60.75417  -56.90167 1153768903 205.806761    33.8647      82060         17  0.000e+00
     20.338    -0.8406   2.749072    -0.8420   2.749368    8.08702     0.1403    13.8155 3.1170e+01  -60.75417  -56.90167 1153768903 205.806761    33.8648      82061         17  0.000e+00
     20.395    -0.8406   2.749053    -0.8419   2.749385    8.09179     0.1618    13.8155 2.9222e+01  -60.75417  -56.90167 1153768903 205.806762    33.8645      82062         17  0.000e+00
     20.338    -0.8405   2.749066    -0.8421   2.749356    8.08700     0.1833    13.8155 2.9222e+01  -60.75417  -56.90167 1153768903 205.806762    33.8645      82063         17  0.000e+00
     20.319    -0.8411   2.749053    -0.8426   2.749391    8.08708     0.1618    13.8155 2.9222e+01  -60.75417  -56.90167 1153768903 205.806763    33.8650      82064         17  0.000e+00
     20.414    -0.8411   2.749017    -0.8421   2.749374    8.09191     0.1726    13.8155 3.1170e+01  -60.75417  -56.90167 1153768903 205.806763    33.8645      82065         17  0.000e+00
     20.395    -0.8416   2.748971    -0.8426   2.749368    8.09200     0.1726    13.8155 2.9222e+01  -60.75417  -56.90167 1153768903 205.806764    33.8644      82066         17  0.000e+00
     20.338    -0.8417   2.748941    -0.8427   2.749351    8.08729     0.1833    13.8155 3.1170e+01  -60.75417  -56.90167 1153768903 205.806764    33.8642      82067         17  0.000e+00
     20.414    -0.8425   2.748954    -0.8424   2.749379    8.09218     0.1833    13.8155 3.1170e+01  -60.75417  -56.90167 1153768903 205.806765    33.8652      82068         17  0.000e+00
     20.395    -0.8427   2.748961    -0.8427   2.749374    8.08749     0.1833    13.8155 2.9222e+01  -60.75417  -56.90167 1153768903 205.806765    33.8655      82069         17  0.000e+00
     20.414    -0.8427   2.748944    -0.8425   2.749368    8.08283     0.1726    13.8155 2.9222e+01  -60.75417  -56.90167 1153768903 205.806766    33.8653      82070         17  0.000e+00
     20.395    -0.8427   2.748971    -0.8423   2.749351    8.08748     0.1403    13.8155 2.7274e+01  -60.75417  -56.90167 1153768903 205.806766    33.8656      82071         17  0.000e+00
     20.481    -0.8423   2.748964    -0.8424   2.749351    8.08284     0.2048    13.8155 2.7274e+01  -60.75417  -56.90167 1153768903 205.806766    33.8651      82072         17  0.000e+00
     20.395    -0.8427   2.748961    -0.8422   2.749362    8.08280     0.2048    13.8155 2.9222e+01  -60.75417  -56.90167 1153768903 205.806767    33.8655      82073         17  0.000e+00
     20.481    -0.8425   2.748961    -0.8426   2.749368    8.09225     0.1510    13.8155 2.7274e+01  -60.75417  -56.90167 1153768903 205.806767    33.8653      82074         17  0.000e+00
     20.414    -0.8428   2.748925    -0.8428   2.749327    8.09226     0.1403    13.8155 2.9222e+01  -60.75417  -56.90167 1153768903 205.806768    33.8652      82075         17  0.000e+00
     20.538    -0.8425   2.748935    -0.8427   2.749333    8.08765     0.1726    13.8155 2.7274e+01  -60.75417  -56.90167 1153768903 205.806768    33.8649      82076         17  0.000e+00
     20.481    -0.8431   2.748954    -0.8427   2.749345    8.08297     0.1618    13.8155 2.7274e+01  -60.75417  -56.90167 1153768904 205.806769    33.8659      82077         17  0.000e+00
     20.462    -0.8430   2.748912    -0.8433   2.749345    8.08765     0.1833    13.8155 2.7274e+01  -60.75417  -56.90167 1153768904 205.806769    33.8651      82078         17  0.000e+00
     20.481    -0.8428   2.748925    -0.8427   2.749345    8.08295     0.1833    13.8155 2.9222e+01  -60.75417  -56.90167 1153768904 205.806770    33.8651      82079         17  0.000e+00
     20.538    -0.8428   2.748954    -0.8430   2.749345    8.08299     0.1833    13.8155 2.9222e+01  -60.75417  -56.90167 1153768904 205.806770    33.8655      82080         17  0.000e+00
     20.548    -0.8431   2.748928    -0.8424   2.749328    8.08776     0.1726    13.8155 2.9222e+01  -60.75417  -56.90167 1153768904 205.806771    33.8655      82081         17  0.000e+00
     20.481    -0.8425   2.748918    -0.8432   2.749339    8.08760     0.1833    13.8155 2.9222e+01  -60.75417  -56.90167 1153768904 205.806771    33.8647      82082         17  0.000e+00
     20.605    -0.8433   2.748931    -0.8427   2.749322    8.08785     0.1833    13.8155 2.9222e+01  -60.75417  -56.90167 1153768904 205.806772    33.8657      82083         17  0.000e+00
     20.548    -0.8430   2.748954    -0.8430   2.749351    8.08772     0.2048    13.8155 2.7274e+01  -60.75417  -56.90167 1153768904 205.806772    33.8657      82084         17  0.000e+00
     20.605    -0.8431   2.748961    -0.8426   2.749385    8.08780     0.2263    13.8155 2.7274e+01  -60.75417  -56.90167 1153768904 205.806773    33.8659      82085         17  0.000e+00
     20.548    -0.8427   2.748945    -0.8422   2.749356    8.08767     0.1833    13.8155 2.7274e+01  -60.75417  -56.90167 1153768904 205.806773    33.8652      82086         17  0.000e+00
     20.605    -0.8428   2.748954    -0.8423   2.749380    8.09245     0.1403    13.8155 2.7274e+01  -60.75417  -56.90167 1153768904 205.806774    33.8655      82087         17  0.000e+00
     20.624    -0.8433   2.748961    -0.8416   2.749414    8.09254     0.1403    13.8155 2.9222e+01  -60.75417  -56.90167 1153768904 205.806774    33.8661      82088         17  0.000e+00
     20.624    -0.8430   2.748961    -0.8416   2.749449    8.09249     0.1833    13.8155 2.7274e+01  -60.75417  -56.90167 1153768904 205.806775    33.8657      82089         17  0.000e+00
     20.672    -0.8425   2.748977    -0.8412   2.749449    8.09246     0.1618    13.8155 2.7274e+01  -60.75417  -56.90167 1153768904 205.806775    33.8654      82090         17  0.000e+00
     20.624    -0.8427   2.748964    -0.8407   2.749466    8.08774     0.1188    13.8155 2.7274e+01  -60.75417  -56.90167 1153768904 205.806776    33.8654      82091         17  0.000e+00
     20.672    -0.8428   2.748961    -0.8408   2.749478    8.09252     0.1510    13.8155 2.7274e+01  -60.75417  -56.90167 1153768904 205.806776    33.8655      82092         17  0.000e+00
     20.691    -0.8428   2.748994    -0.8405   2.749478    8.08783     0.2048    13.8155 2.9222e+01  -60.75417  -56.90167 1153768904 205.806777    33.8659      82093         17  0.000e+00
     20.748    -0.8423   2.748971    -0.8405   2.749478    8.08783     0.2048    13.8155 2.9222e+01  -60.75417  -56.90167 1153768904 205.806777    33.8650      82094         17  0.000e+00
     14.796    -0.8389   2.748959    -0.8393   2.749320    8.08996     0.2156    13.8155 2.9222e+01  -60.75417  -56.90167 1153768929 205.807063    33.8648      82687         18  0.000e+00
     14.939    -0.8385   2.748927    -0.8390   2.749338    8.09007     0.1941    13.8155 2.9222e+01  -60.75417  -56.90167 1153768929 205.807064    33.8637      82688         18  0.000e+00
     14.891    -0.8385   2.748946    -0.8385   2.749320    8.09000     0.1833    13.8155 2.9222e+01  -60.75417  -56.90167 1153768929 205.807064    33.8640      82689         18  0.000e+00
     14.796    -0.8382   2.748940    -0.8392   2.749314    8.08985     0.2263    13.8155 2.9222e+01  -60.75417  -56.90167 1153768929 205.807065    33.8636      82690         18  0.000e+00
     14.891    -0.8385   2.748936    -0.8386   2.749349    8.09001     0.2371    13.8155 2.9222e+01  -60.75417  -56.90167 1153768929 205.807065    33.8639      82691         18  0.000e+00
     14.863    -0.8388   2.748940    -0.8391   2.749286    8.09003     0.2048    13.8155 2.9222e+01  -60.75417  -56.90167 1153768929 205.807065    33.8643      82692         18  0.000e+00
     14.891    -0.8386   2.748953    -0.8392   2.749297    8.09002     0.1618    13.8155 2.9222e+01  -60.75417  -56.90167 1153768929 205.807066    33.8643      82693         18  0.000e+00
     14.863    -0.8385   2.748959    -0.8386   2.749297    8.08996     0.1510    13.8155 2.9222e+01  -60.75417  -56.90167 1153768929 205.807066    33.8642      82694         18  0.000e+00
     14.891    -0.8385   2.748943    -0.8385   2.749309    8.09001     0.1403    13.8155 2.9222e+01  -60.75417  -56.90167 1153768929 205.807067    33.8640      82695         18  0.000e+00
     14.796    -0.8388   2.748920    -0.8389   2.749303    8.08997     0.1510    13.8155 2.9222e+01  -60.75417  -56.90167 1153768929 205.807067    33.8641      82696         18  0.000e+00
     14.891    -0.8383   2.748933    -0.8387   2.749291    8.08999     0.1403    13.8155 2.9222e+01  -60.75417  -56.90167 1153768929 205.807068    33.8637      82697         18  0.000e+00
     14.796    -0.8386   2.748953    -0.8390   2.749326    8.09460     0.1618    13.8155 2.9222e+01  -60.75417  -56.90167 1153768929 205.807068    33.8643      82698         18  0.000e+00
     14.748    -0.8383   2.748943    -0.8392   2.749320    8.08982     0.1403    13.8155 2.9222e+01  -60.75417  -56.90167 1153768929 205.807069    33.8639      82699         18  0.000e+00
     14.796    -0.8385   2.748920    -0.8388   2.749332    8.08992     0.1403    13.8155 2.9222e+01  -60.75417  -56.90167 1153768930 205.807069    33.8637      82700         18  0.000e+00
     14.815    -0.8385   2.748946    -0.8390   2.749303    8.08992     0.1188    13.8155 2.9222e+01  -60.75417  -56.90167 1153768930 205.807070    33.8641      82701         18  0.000e+00
     14.729    -0.8380   2.748976    -0.8387   2.749309    8.08973     0.0757    13.8155 2.9222e+01  -60.75417  -56.90167 1153768930 205.807070    33.8640      82702         18  0.000e+00
     14.672    -0.8383   2.748949    -0.8390   2.749314    8.09442     0.1188    13.8155 2.9222e+01  -60.75417  -56.90167 1153768930 205.807071    33.8640      82703         18  0.000e+00
     14.729    -0.8383   2.748953    -0.8390   2.749297    8.09448     0.1403    13.8155 2.9222e+01  -60.75417  -56.90167 1153768930 205.807071    33.8640      82704         18  0.000e+00
