product_data/regression_test/downloaded_data/MDGS/320620060703/ctd/p6615901.ros
* Sea-Bird SBE 9 Data File:
* FileName = D:\Data\Raw\p6615901.dat
* Software Version Seasave Win32 V 5.32
* Temperature SN = 1649
* Conductivity SN = 1431
* Number of Bytes Per Scan = 37
* Number of Voltage Words = 5
* Number of Scans Averaged by the Deck Unit = 1
* NMEA Latitude = 60 53.99 S
* NMEA Longitude = 055 57.20 W
* NMEA UTC (Time) = 05:26:27
** Ship:   Nathaniel B. Palmer 
** Cruise:    NBP0606 
# nquan = 17
# nvalues = 1176                    
# units = specified
# name 0 = prDM: Pressure, Digiquartz [db]
# name 1 = t090C: Temperature [ITS-90, deg C]
# name 2 = c0S/m: Conductivity [S/m]
# name 3 = t190C: Temperature, 2 [ITS-90, deg C]
# name 4 = c1S/m: Conductivity, 2 [S/m]
# name 5 = sbeox0ML/L: Oxygen, SBE 43 [ml/l]
# name 6 = flECO-AFL: Fluorescence, Wetlab ECO-AFL/FL [mg/m^3]
# name 7 = bat: Beam Attenuation, Chelsea/Seatech/Wetlab CStar [1/m]
# name 8 = spar: SPAR/Surface Irradiance
# name 9 = latitude: Latitude [deg]
# name 10 = longitude: Longitude [deg]
# name 11 = timeY: Time, System [seconds]
# name 12 = timeJ: Julian Days
# name 13 = sal00: Salinity [PSU]
# name 14 = scan: scan number
# name 15 = nbf: number of bottles fired
# name 16 = flag:  0.000e+00
# interval = seconds: 0.0416667                   
# start_time = Jul 19 2006 05:26:34
*END*
[from data line 86]
    499.852    -0.4071   2.852151    -0.3970   2.853545    6.34575    -0.0749    13.8155 0.0000e+00  -60.89983  -55.95333 1153287848 200.239001    34.4721      25337          2  0.000e+00
    499.833    -0.4060   2.852181    -0.3990   2.853451    6.34064    -0.1072    13.8155 0.0000e+00  -60.89983  -55.95333 1153287848 200.239001    34.4713      25338          2  0.000e+00
    499.852    -0.4044   2.852118    -0.4006   2.853352    6.34049    -0.0964    13.8155 0.0000e+00  -60.89983  -55.95333 1153287848 200.239002    34.4687      25339          2  0.000e+00
    499.852    -0.4047   2.852004    -0.3986   2.853311    6.34553    -0.0534    13.8155 0.0000e+00  -60.89983  -55.95333 1153287848 200.239002    34.4675      25340          2  0.000e+00
    499.852    -0.4047   2.851924    -0.3981   2.853405    6.34558    -0.0642    13.8155 0.0000e+00  -60.89983  -55.95333 1153287848 200.239003    34.4664      25341          2  0.000e+00
    499.833    -0.4052   2.851838    -0.3987   2.853498    6.34567    -0.0857    13.8155 0.0000e+00  -60.89983  -55.95333 1153287848 200.239003    34.4658      25342          2  0.000e+00
    499.785    -0.4046   2.851714    -0.3974   2.853498    6.34562    -0.0426    13.8155 0.0000e+00  -60.89983  -55.95333 1153287849 200.239004    34.4635      25343          2  0.000e+00
    499.785    -0.4046   2.851578    -0.3992   2.853387    6.34570    -0.0749    13.8155 0.0000e+00  -60.89983  -55.95333 1153287849 200.239004    34.4617      25344          2  0.000e+00
    499.833    -0.4057   2.851544    -0.4018   2.853317    6.34590    -0.1072    13.8155 0.0000e+00  -60.89983  -55.95333 1153287849 200.239005    34.4624      25345          2  0.000e+00
    499.785    -0.4071   2.851611    -0.4043   2.853264    6.34600    -0.0534    13.8155 0.0000e+00  -60.89983  -55.95333 1153287849 200.239005    34.4649      25346          2  0.000e+00
    499.785    -0.4084   2.851684    -0.4054   2.853229    6.34614    -0.0319    13.8155 0.0000e+00  -60.89983  -55.95333 1153287849 200.239006    34.4675      25347          2  0.000e+00
    499.756    -0.4082   2.851771    -0.4037   2.853282    6.35588    -0.0534    13.8155 0.0000e+00  -60.89983  -55.95333 1153287849 200.239006    34.4683      25348          2  0.000e+00
    449.658    -0.5434   2.835714    -0.5440   2.835995    6.54991    -0.0964    13.8155 0.0000e+00  -60.89983  -55.95333 1153287943 200.240101    34.4363      27619          3  0.000e+00
    449.859    -0.5438   2.835681    -0.5443   2.835966    6.55017    -0.0749    13.8155 0.0000e+00  -60.89983  -55.95333 1153287943 200.240102    34.4362      27620          3  0.000e+00
    449.581    -0.5442   2.835651    -0.5440   2.835984    6.54999    -0.0964    13.8155 0.0000e+00  -60.89983  -55.95333 1153287943 200.240102    34.4364      27621          3  0.000e+00
    449.716    -0.5445   2.835648    -0.5441   2.835966    6.55015    -0.0857    13.8155 0.0000e+00  -60.89983  -55.95333 1153287943 200.240103    34.4365      27622          3  0.000e+00
    449.648    -0.5446   2.835628    -0.5442   2.835943    6.55012    -0.1180    13.8155 0.0000e+00  -60.89983  -55.95333 1153287944 200.240103    34.4365      27623          3  0.000e+00
    449.716    -0.5447   2.835571    -0.5443   2.835954    6.55513    -0.1287    13.8155 0.0000e+00  -60.89983  -55.95333 1153287944 200.240104    34.4357      27624          3  0.000e+00
    449.725    -0.5452   2.835485    -0.5444   2.835943    6.55036    -0.0857    13.8155 0.0000e+00  -60.89983  -55.95333 1153287944 200.240104    34.4352      27625          3  0.000e+00
    449.716    -0.5460   2.835395    -0.5451   2.835873    6.55050    -0.1180    13.8155 0.0000e+00  -60.89983  -55.95333 1153287944 200.240105    34.4349      27626          3  0.000e+00
    449.648    -0.5472   2.835305    -0.5461   2.835878    6.55065    -0.1072    13.8155 0.0000e+00  -60.89983  -55.95333 1153287944 200.240105    34.4350      27627          3  0.000e+00
    449.716    -0.5480   2.835195    -0.5472   2.835838    6.55089    -0.0964    13.8155 0.0000e+00  -60.89983  -55.95333 1153287944 200.240106    34.4345      27628          3  0.000e+00
    449.716    -0.5488   2.835099    -0.5469   2.835808    6.55105    -0.0857    13.8155 0.0000e+00  -60.89983  -55.95333 1153287944 200.240106    34.4341      27629          3  0.000e+00
    449.792    -0.5495   2.835095    -0.5467   2.835843    6.55122    -0.0749    13.8155 0.0000e+00  -60.89983  -55.95333 1153287944 200.240107    34.4348      27630          3  0.000e+00
    449.725    -0.5500   2.835066    -0.5456   2.835878    6.55125    -0.1180    13.8155 0.0000e+00  -60.89983  -55.95333 1153287944 200.240107    34.4350      27631          3  0.000e+00
    449.716    -0.5503   2.835022    -0.5454   2.835867    6.55130    -0.1180    13.8155 0.0000e+00  -60.89983  -55.95333 1153287944 200.240108    34.4347      27632          3  0.000e+00
    449.716    -0.5502   2.835012    -0.5455   2.835832    6.55621    -0.0534    13.8155 0.0000e+00  -60.89983  -55.95333 1153287944 200.240108    34.4345      27633          3  0.000e+00
    449.792    -0.5506   2.835012    -0.5451   2.835826    6.55143    -0.0534    13.8155 0.0000e+00  -60.89983  -55.95333 1153287944 200.240109    34.4350      27634          3  0.000e+00
    449.792    -0.5509   2.835026    -0.5461   2.835785    6.55145    -0.0534    13.8155 0.0000e+00  -60.89983  -55.95333 1153287944 200.240109    34.4354      27635          3  0.000e+00
    449.716    -0.5511   2.834962    -0.5462   2.835773    6.55145    -0.1180    13.8155 0.0000e+00  -60.89983  -55.95333 1153287944 200.240109    34.4349      27636          3  0.000e+00
    449.792    -0.5514   2.834976    -0.5457   2.835797    6.55154    -0.1180    13.8155 0.0000e+00  -60.89983  -55.95333 1153287944 200.240110    34.4353      27637          3  0.000e+00
    449.802    -0.5509   2.835019    -0.5453   2.835803    6.55147    -0.0534    13.8155 0.0000e+00  -60.89983  -55.95333 1153287944 200.240110    34.4354      27638          3  0.000e+00
    449.792    -0.5502   2.834999    -0.5462   2.835779    6.55137    -0.0749    13.8155 0.0000e+00  -60.89983  -55.95333 1153287944 200.240111    34.4342      27639          3  0.000e+00
    449.860    -0.5507   2.835072    -0.5466   2.835756    6.55146    -0.1180    13.8155 0.0000e+00  -60.89983  -55.95333 1153287944 200.240111    34.4358      27640          3  0.000e+00
    449.792    -0.5509   2.835202    -0.5469   2.835727    6.55135    -0.0857    13.8155 0.0000e+00  -60.89983  -55.95333 1153287944 200.240112    34.4378      27641          3  0.000e+00
    449.860    -0.5496   2.835338    -0.5479   2.835686    6.55116    -0.0534    13.8155 0.0000e+00  -60.89983  -55.95333 1153287944 200.240112    34.4382      27642          3  0.000e+00
    449.860    -0.5477   2.835405    -0.5472   2.835668    6.55086    -0.1287    13.8155 0.0000e+00  -60.89983  -55.95333 1153287944 200.240113    34.4369      27643          3  0.000e+00
    449.869    -0.5472   2.835385    -0.5472   2.835686    6.55082    -0.1072    13.8155 0.0000e+00  -60.89983  -55.95333 1153287944 200.240113    34.4361      27644          3  0.000e+00
    449.860    -0.5470   2.835355    -0.5474   2.835656    6.55079    -0.0749    13.8155 0.0000e+00  -60.89983  -55.95333 1153287944 200.240114    34.4354      27645          3  0.000e+00
    449.860    -0.5477   2.835401    -0.5473   2.835639    6.55086    -0.0642    13.8155 0.0000e+00  -60.89983  -55.95333 1153287944 200.240114    34.4368      27646          3  0.000e+00
    449.860    -0.5472   2.835348    -0.5475   2.835662    6.55083    -0.0749    13.8155 0.0000e+00  -60.89983  -55.95333 1153287945 200.240115    34.4356      27647          3  0.000e+00
    449.936    -0.5475   2.835328    -0.5472   2.835686    6.55094    -0.0857    13.8155 0.0000e+00  -60.89983  -55.95333 1153287945 200.240115    34.4355      27648          3  0.000e+00
    449.936    -0.5474   2.835328    -0.5472   2.835692    6.55093    -0.0749    13.8155 0.0000e+00  -60.89983  -55.95333 1153287945 200.240116    34.4354      27649          3  0.000e+00
    449.860    -0.5472   2.835295    -0.5465   2.835732    6.55085    -0.0534    13.8155 0.0000e+00  -60.89983  -55.95333 1153287945 200.240116    34.4348      27650          3  0.000e+00
    449.946    -0.5486   2.835145    -0.5458   2.835767    6.55121    -0.0964    13.8155 0.0000e+00  -60.89983  -55.95333 1153287945 200.240117    34.4344      27651          3  0.000e+00
    449.936    -0.5497   2.835066    -0.5462   2.835773    6.55140    -0.0857    13.8155 0.0000e+00  -60.89983  -55.95333 1153287945 200.240117    34.4345      27652          3  0.000e+00
    450.004    -0.5504   2.835089    -0.5463   2.835756    6.55154    -0.0857    13.8155 0.0000e+00  -60.89983  -55.95333 1153287945 200.240118    34.4356      27653          3  0.000e+00
    449.936    -0.5500   2.835185    -0.5463   2.835750    6.55137    -0.1180    13.8155 0.0000e+00  -60.89983  -55.95333 1153287945 200.240118    34.4365      27654          3  0.000e+00
    450.004    -0.5484   2.835282    -0.5466   2.835732    6.55116    -0.0964    13.8155 0.0000e+00  -60.89983  -55.95333 1153287945 200.240119    34.4359      27655          3  0.000e+00
    450.004    -0.5480   2.835355    -0.5479   2.835656    6.55106    -0.0534    13.8155 0.0000e+00  -60.89983  -55.95333 1153287945 200.240119    34.4365      27656          3  0.000e+00
    449.946    -0.5476   2.835288    -0.5494   2.835540    6.55099    -0.0642    13.8155 0.0000e+00  -60.89983  -55.95333 1153287945 200.240120    34.4351      27657          3  0.000e+00
    450.004    -0.5484   2.835242    -0.5508   2.835440    6.55118    -0.0642    13.8155 0.0000e+00  -60.89983  -55.95333 1153287945 200.240120    34.4354      27658          3  0.000e+00
    450.004    -0.5492   2.835239    -0.5510   2.835405    6.55129    -0.1287    13.8155 0.0000e+00  -60.89983  -55.95333 1153287945 200.240121    34.4363      27659          3  0.000e+00
    450.071    -0.5488   2.835255    -0.5495   2.835475    6.55128    -0.1287    13.8155 0.0000e+00  -60.89983  -55.95333 1153287945 200.240121    34.4360      27660          3  0.000e+00
    450.004    -0.5482   2.835242    -0.5489   2.835528    6.55116    -0.1072    13.8155 0.0000e+00  -60.89983  -55.95333 1153287945 200.240122    34.4352      27661          3  0.000e+00
    450.071    -0.5478   2.835272    -0.5495   2.835458    6.55115    -0.0642    13.8155 0.0000e+00  -60.89983  -55.95333 1153287945 200.240122    34.4351      27662          3  0.000e+00
    450.071    -0.5478   2.835285    -0.5511   2.835347    6.55113    -0.0857    13.8155 0.0000e+00  -60.89983  -55.95333 1153287945 200.240122    34.4352      27663          3  0.000e+00
    450.013    -0.5474   2.835265    -0.5527   2.835283    6.55104    -0.1072    13.8155 0.0000e+00  -60.89983  -55.95333 1153287945 200.240123    34.4345      27664          3  0.000e+00
    450.071    -0.5478   2.835278    -0.5529   2.835201    6.55114    -0.1180    13.8155 0.0000e+00  -60.89983  -55.95333 1153287945 200.240123    34.4352      27665          3  0.000e+00
    450.071    -0.5478   2.835265    -0.5528   2.835207    6.55114    -0.0857    13.8155 0.0000e+00  -60.89983  -55.95333 1153287945 200.240124    34.4350      27666          3  0.000e+00
    450.071    -0.5474   2.835292    -0.5521   2.835230    6.55107    -0.0534    13.8155 0.0000e+00  -60.89983  -55.95333 1153287945 200.240124    34.4349      27667          3  0.000e+00
    400.392    -0.5799   2.829746    -0.5788   2.830188    6.59178    -0.0426    13.8155 0.0000e+00  -60.89983  -55.95333 1153288035 200.241168    34.4271      29830          4  0.000e+00
    400.527    -0.5793   2.829736    -0.5794   2.830171    6.59671    -0.0319    13.8155 0.0000e+00  -60.89983  -55.95333 1153288036 200.241168    34.4263      29831          4  0.000e+00
    400.392    -0.5797   2.829736    -0.5787   2.830182    6.59665    -0.0857    13.8155 0.0000e+00  -60.89983  -55.95333 1153288036 200.241168    34.4268      29832          4  0.000e+00
    400.459    -0.5795   2.829739    -0.5788   2.830171    6.59667    -0.0964    13.8155 0.0000e+00  -60.89983  -55.95333 1153288036 200.241169    34.4266      29833          4  0.000e+00
    400.527    -0.5797   2.829752    -0.5788   2.830182    6.59188    -0.0857    13.8155 0.0000e+00  -60.89983  -55.95333 1153288036 200.241169    34.4270      29834          4  0.000e+00
    400.459    -0.5792   2.829792    -0.5788   2.830176    6.59171    -0.0749    13.8155 0.0000e+00  -60.89983  -55.95333 1153288036 200.241170    34.4269      29835          4  0.000e+00
    400.527    -0.5788   2.829855    -0.5785   2.830188    6.59169    -0.0749    13.8155 0.0000e+00  -60.89983  -55.95333 1153288036 200.241170    34.4274      29836          4  0.000e+00
    400.527    -0.5783   2.829859    -0.5786   2.830211    6.59162    -0.0211    13.8155 0.0000e+00  -60.89983  -55.95333 1153288036 200.241171    34.4268      29837          4  0.000e+00
    400.460    -0.5781   2.829849    -0.5782   2.830200    6.59153    -0.0642    13.8155 0.0000e+00  -60.89983  -55.95333 1153288036 200.241171    34.4264      29838          4  0.000e+00
    400.527    -0.5785   2.829882    -0.5782   2.830229    6.59163    -0.1072    13.8155 0.0000e+00  -60.89983  -55.95333 1153288036 200.241172    34.4273      29839          4  0.000e+00
    400.527    -0.5782   2.829875    -0.5779   2.830246    6.59160    -0.0857    13.8155 0.0000e+00  -60.89983  -55.95333 1153288036 200.241172    34.4269      29840          4  0.000e+00
    400.527    -0.5785   2.829859    -0.5785   2.830223    6.59164    -0.0319    13.8155 0.0000e+00  -60.89983  -55.95333 1153288036 200.241173    34.4270      29841          4  0.000e+00
    400.527    -0.5787   2.829849    -0.5783   2.830235    6.59168    -0.0534    13.8155 0.0000e+00  -60.89983  -55.95333 1153288036 200.241173    34.4271      29842          4  0.000e+00
    400.603    -0.5783   2.829865    -0.5780   2.830206    6.59169    -0.1395    13.8155 0.0000e+00  -60.89983  -55.95333 1153288036 200.241174    34.4269      29843          4  0.000e+00
    400.527    -0.5787   2.829822    -0.5780   2.830211    6.59169    -0.1502    13.8155 0.0000e+00  -60.89983  -55.95333 1153288036 200.241174    34.4268      29844          4  0.000e+00
    400.603    -0.5785   2.829842    -0.5782   2.830217    6.58684    -0.1180    13.8155 0.0000e+00  -60.89983  -55.95333 1153288036 200.241175    34.4268      29845          4  0.000e+00
    400.527    -0.5792   2.829865    -0.5782   2.830176    6.59174    -0.0964    13.8155 0.0000e+00  -60.89983  -55.95333 1153288036 200.241175    34.4280      29846          4  0.000e+00
    400.555    -0.5788   2.829836    -0.5787   2.830200    6.59173    -0.0426    13.8155 0.0000e+00  -60.89983  -55.95333 1153288036 200.241176    34.4271      29847          4  0.000e+00
    400.603    -0.5791   2.829842    -0.5788   2.830200    6.59181    -0.0319    13.8155 0.0000e+00  -60.89983  -55.95333 1153288036 200.241176    34.4274      29848          4  0.000e+00
    400.603    -0.5792   2.829836    -0.5785   2.830194    6.59182    -0.0749    13.8155 0.0000e+00  -60.89983  -55.95333 1153288036 200.241177    34.4274      29849          4  0.000e+00
    400.603    -0.5791   2.829842    -0.5783   2.830235    6.59181    -0.1395    13.8155 0.0000e+00  -60.89983  -55.95333 1153288036 200.241177    34.4274      29850          4  0.000e+00
    400.603    -0.5795   2.829849    -0.5786   2.830223    6.59185    -0.1287    13.8155 0.0000e+00  -60.89983  -55.95333 1153288036 200.241178    34.4279      29851          4  0.000e+00
    400.603    -0.5785   2.829799    -0.5786   2.830235    6.59175    -0.0857    13.8155 0.0000e+00  -60.89983  -55.95333 1153288036 200.241178    34.4261      29852          4  0.000e+00
