product_data/regression_test/downloaded_data/MDGS/320620060703/ctd/p6614601.ros
* Sea-Bird SBE 9 Data File:
* FileName = D:\Data\Raw\p6614601.dat
* Software Version Seasave Win32 V 5.32
* Temperature SN = 1649
* Conductivity SN = 1431
* Number of Bytes Per Scan = 37
* Number of Voltage Words = 5
* Number of Scans Averaged by the Deck Unit = 1
* NMEA Latitude = 60 16.55 S
* NMEA Longitude = 057 27.03 W
* NMEA UTC (Time) = 17:19:00
** Ship:   Nathaniel B. Palmer 
** Cruise:    NBP0606 
# nquan = 17
# nvalues = 1155                    
# units = specified
# name 0 = prDM: Pressure, Digiquartz [db]
# name 1 = t090C: Temperature [ITS-90, deg C]
# name 2 = c0S/m: Conductivity [S/m]
# name 3 = t190C: Temperature, 2 [ITS-90, deg C]
# name 4 = c1S/m: Conductivity, 2 [S/m]
# name 5 = sbeox0ML/L: Oxygen, SBE 43 [ml/l]
# name 6 = flECO-AFL: Fluorescence, Wetlab ECO-AFL/FL [mg/m^3]
# name 7 = bat: Beam Attenuation, Chelsea/Seatech/Wetlab CStar [1/m]
# name 8 = spar: SPAR/Surface Irradiance
# name 9 = latitude: Latitude [deg]
# name 10 = longitude: Longitude [deg]
# name 11 = timeY: Time, System [seconds]
# name 12 = timeJ: Julian Days
# name 13 = sal00: Salinity [PSU]
# name 14 = scan: scan number
# name 15 = nbf: number of bottles fired
# name 16 = flag:  0.000e+00
# interval = seconds: 0.0416667                   
# start_time = Jul 17 2006 17:19:09
*END*
[from data line 1107]
     10.475    -0.7162   2.759263    -0.7154   2.743497    7.96892     0.1833    13.8155 5.4548e+01  -60.27583  -57.45050 1153159774 198.756673    33.8692      72663         24  0.000e+00
     10.475    -0.7159   2.759263    -0.7155   2.743543    7.96887     0.1833    13.8155 5.4548e+01  -60.27583  -57.45050 1153159774 198.756674    33.8688      72664         24  0.000e+00
     10.437    -0.7159   2.759290    -0.7151   2.743526    7.96882     0.1833    13.8155 5.4548e+01  -60.27583  -57.45050 1153159774 198.756674    33.8692      72665         24  0.000e+00
     10.409    -0.7158   2.759263    -0.7152   2.743515    7.96878     0.1510    13.8155 5.4548e+01  -60.27583  -57.45050 1153159774 198.756675    33.8687      72666         24  0.000e+00
     10.504    -0.7155   2.759270    -0.7153   2.743549    7.96883     0.1188    13.8155 5.2600e+01  -60.27583  -57.45050 1153159774 198.756675    33.8684      72667         24  0.000e+00
     10.409    -0.7162   2.759286    -0.7154   2.743526    7.96883     0.0972    13.8155 5.4548e+01  -60.27583  -57.45050 1153159775 198.756676    33.8695      72668         24  0.000e+00
     10.475    -0.7156   2.759280    -0.7152   2.743515    7.96882     0.1188    13.8155 5.4548e+01  -60.27583  -57.45050 1153159775 198.756676    33.8687      72669         24  0.000e+00
     10.437    -0.7157   2.759257    -0.7150   2.743532    7.96881     0.2048    13.8155 5.2600e+01  -60.27583  -57.45050 1153159775 198.756677    33.8686      72670         24  0.000e+00
     10.552    -0.7161   2.759247    -0.7154   2.743538    7.96900     0.2479    13.8155 5.2600e+01  -60.27583  -57.45050 1153159775 198.756677    33.8687      72671         24  0.000e+00
     10.437    -0.7159   2.759237    -0.7155   2.743520    7.96886     0.2048    13.8155 5.2600e+01  -60.27583  -57.45050 1153159775 198.756678    33.8685      72672         24  0.000e+00
     10.475    -0.7164   2.759234    -0.7148   2.743515    7.96897     0.1833    13.8155 5.2600e+01  -60.27583  -57.45050 1153159775 198.756678    33.8689      72673         24  0.000e+00
     10.475    -0.7162   2.759247    -0.7150   2.743532    7.96894     0.1618    13.8155 5.2600e+01  -60.27583  -57.45050 1153159775 198.756679    33.8689      72674         24  0.000e+00
     10.504    -0.7161   2.759247    -0.7153   2.743520    7.96894     0.2156    13.8155 5.4548e+01  -60.27583  -57.45050 1153159775 198.756679    33.8687      72675         24  0.000e+00
     10.475    -0.7164   2.759267    -0.7152   2.743520    7.96895     0.2048    13.8155 5.4548e+01  -60.27583  -57.45050 1153159775 198.756680    33.8694      72676         24  0.000e+00
     10.475    -0.7162   2.759227    -0.7153   2.743555    7.96895     0.1833    13.8155 5.4548e+01  -60.27583  -57.45050 1153159775 198.756680    33.8687      72677         24  0.000e+00
     10.504    -0.7165   2.759227    -0.7153   2.743567    7.96903     0.1295    13.8155 5.4548e+01  -60.27583  -57.45050 1153159775 198.756681    33.8690      72678         24  0.000e+00
     10.552    -0.7167   2.759244    -0.7152   2.743567    7.96910     0.1295    13.8155 5.4548e+01  -60.27583  -57.45050 1153159775 198.756681    33.8694      72679         24  0.000e+00
     10.504    -0.7158   2.759237    -0.7150   2.743543    7.96890     0.1403    13.8155 5.4548e+01  -60.27583  -57.45050 1153159775 198.756682    33.8683      72680         24  0.000e+00
     10.409    -0.7162   2.759247    -0.7154   2.743555    7.96886     0.1618    13.8155 5.4548e+01  -60.27583  -57.45050 1153159775 198.756682    33.8690      72681         24  0.000e+00
     10.618    -0.7164   2.759237    -0.7152   2.743544    7.96913     0.1618    13.8155 5.4548e+01  -60.27583  -57.45050 1153159775 198.756683    33.8689      72682         24  0.000e+00
     10.571    -0.7164   2.759257    -0.7155   2.743538    7.96906     0.1833    13.8155 5.2600e+01  -60.27583  -57.45050 1153159775 198.756683    33.8692      72683         24  0.000e+00
     10.476    -0.7165   2.759257    -0.7152   2.743555    7.96897     0.2371    13.8155 5.2600e+01  -60.27583  -57.45050 1153159775 198.756684    33.8694      72684         24  0.000e+00
     10.571    -0.7161   2.759253    -0.7147   2.743567    7.96901     0.2263    13.8155 5.4548e+01  -60.27583  -57.45050 1153159775 198.756684    33.8688      72685         24  0.000e+00
     10.552    -0.7159   2.759263    -0.7149   2.743567    7.96896     0.2371    13.8155 5.4548e+01  -60.27583  -57.45050 1153159775 198.756685    33.8688      72686         24  0.000e+00
     10.552    -0.7159   2.759306    -0.7152   2.743526    7.96893     0.2048    13.8155 5.4548e+01  -60.27583  -57.45050 1153159775 198.756685    33.8693      72687         24  0.000e+00
     10.571    -0.7150   2.759303    -0.7150   2.743549    7.96880     0.1618    13.8155 5.4548e+01  -60.27583  -57.45050 1153159775 198.756685    33.8683      72688         24  0.000e+00
     10.552    -0.7150   2.759316    -0.7148   2.743567    7.96877     0.1618    13.8155 5.4548e+01  -60.27583  -57.45050 1153159775 198.756686    33.8684      72689         24  0.000e+00
     10.619    -0.7156   2.759332    -0.7150   2.743543    7.96893     0.1833    13.8155 5.4548e+01  -60.27583  -57.45050 1153159775 198.756686    33.8693      72690         24  0.000e+00
     10.571    -0.7155   2.759339    -0.7153   2.743538    7.96886     0.1833    13.8155 5.4548e+01  -60.27583  -57.45050 1153159775 198.756687    33.8693      72691         24  0.000e+00
     10.552    -0.7158   2.759342    -0.7151   2.743538    7.96888     0.2048    13.8155 5.4548e+01  -60.27583  -57.45050 1153159776 198.756687    33.8697      72692         24  0.000e+00
     10.647    -0.7153   2.759342    -0.7150   2.743555    7.96891     0.2371    13.8155 5.4548e+01  -60.27583  -57.45050 1153159776 198.756688    33.8691      72693         24  0.000e+00
     10.552    -0.7149   2.759336    -0.7148   2.743567    7.96874     0.1941    13.8155 5.4548e+01  -60.27583  -57.45050 1153159776 198.756688    33.8685      72694         24  0.000e+00
     10.619    -0.7153   2.759339    -0.7149   2.743567    7.96888     0.1833    13.8155 5.4548e+01  -60.27583  -57.45050 1153159776 198.756689    33.8691      72695         24  0.000e+00
     10.647    -0.7150   2.759326    -0.7152   2.743567    7.96887     0.1510    13.8155 5.4548e+01  -60.27583  -57.45050 1153159776 198.756689    33.8685      72696         24  0.000e+00
     10.619    -0.7155   2.759332    -0.7151   2.743543    7.96891     0.1510    13.8155 5.4548e+01  -60.27583  -57.45050 1153159776 198.756690    33.8691      72697         24  0.000e+00
     10.571    -0.7153   2.759326    -0.7147   2.743590    7.96884     0.1833    13.8155 5.4548e+01  -60.27583  -57.45050 1153159776 198.756690    33.8689      72698         24  0.000e+00
     10.686    -0.7150   2.759352    -0.7145   2.743590    7.96890     0.1941    13.8155 5.4548e+01  -60.27583  -57.45050 1153159776 198.756691    33.8689      72699         24  0.000e+00
     10.619    -0.7151   2.759365    -0.7149   2.743607    7.96883     0.1833    13.8155 5.4548e+01  -60.27583  -57.45050 1153159776 198.756691    33.8692      72700         24  0.000e+00
     10.647    -0.7149   2.759326    -0.7146   2.743619    7.96885     0.2048    13.8155 5.4548e+01  -60.27583  -57.45050 1153159776 198.756692    33.8684      72701         24  0.000e+00
     10.619    -0.7152   2.759352    -0.7148   2.743595    7.96885     0.1618    13.8155 5.4548e+01  -60.27583  -57.45050 1153159776 198.756692    33.8691      72702         24  0.000e+00
     10.714    -0.7150   2.759332    -0.7147   2.743590    7.96894     0.1295    13.8155 5.4548e+01  -60.27583  -57.45050 1153159776 198.756693    33.8685      72703         24  0.000e+00
     10.619    -0.7153   2.759332    -0.7149   2.743549    7.96889     0.1510    13.8155 5.4548e+01  -60.27583  -57.45050 1153159776 198.756693    33.8690      72704         24  0.000e+00
     10.686    -0.7153   2.759306    -0.7149   2.743538    7.96898     0.1833    13.8155 5.4548e+01  -60.27583  -57.45050 1153159776 198.756694    33.8686      72705         24  0.000e+00
     10.714    -0.7153   2.759316    -0.7152   2.743595    7.96900     0.1188    13.8155 5.4548e+01  -60.27583  -57.45050 1153159776 198.756694    33.8687      72706         24  0.000e+00
     10.686    -0.7150   2.759352    -0.7143   2.743578    7.96890     0.1403    13.8155 5.2600e+01  -60.27583  -57.45050 1153159776 198.756695    33.8689      72707         24  0.000e+00
     10.686    -0.7147   2.759355    -0.7142   2.743584    7.96885     0.1833    13.8155 5.2600e+01  -60.27583  -57.45050 1153159776 198.756695    33.8686      72708         24  0.000e+00
     10.648    -0.7147   2.759345    -0.7150   2.743590    7.96881     0.1403    13.8155 5.4548e+01  -60.27583  -57.45050 1153159776 198.756696    33.8684      72709         24  0.000e+00
     10.762    -0.7152   2.759309    -0.7148   2.743590    7.96904     0.1618    13.8155 5.4548e+01  -60.27583  -57.45050 1153159776 198.756696    33.8684      72710         24  0.000e+00
