product_data/regression_test/downloaded_data/MDGS/320620060703/ctd/p6619707.ros
* Sea-Bird SBE 9 Data File:
* FileName = D:\Data\Raw\p6619707.dat
* Software Version Seasave Win32 V 5.32
* Temperature SN = 1649
* Conductivity SN = 1431
* Number of Bytes Per Scan = 37
* Number of Voltage Words = 5
* Number of Scans Averaged by the Deck Unit = 1
* NMEA Latitude = 60 44.99 S
* NMEA Longitude = 058 22.50 W
* NMEA UTC (Time) = 17:29:23
** Ship:   Nathaniel B. Palmer 
** Cruise:    NBP0606 
# nquan = 17
# nvalues = 1176                    
# units = specified
# name 0 = prDM: Pressure, Digiquartz [db]
# name 1 = t090C: Temperature [ITS-90, deg C]
# name 2 = c0S/m: Conductivity [S/m]
# name 3 = t190C: Temperature, 2 [ITS-90, deg C]
# name 4 = c1S/m: Conductivity, 2 [S/m]
# name 5 = sbeox0ML/L: Oxygen, SBE 43 [ml/l]
# name 6 = flECO-AFL: Fluorescence, Wetlab ECO-AFL/FL [mg/m^3]
# name 7 = bat: Beam Attenuation, Chelsea/Seatech/Wetlab CStar [1/m]
# name 8 = spar: SPAR/Surface Irradiance
# name 9 = latitude: Latitude [deg]
# name 10 = longitude: Longitude [deg]
# name 11 = timeY: Time, System [seconds]
# name 12 = timeJ: Julian Days
# name 13 = sal00: Salinity [PSU]
# name 14 = scan: scan number
# name 15 = nbf: number of bottles fired
# name 16 = flag:  0.000e+00
# interval = seconds: 0.0416667                   
# start_time = Jul 25 2006 17:29:31
*END*
[from data line 937]
     30.241    -1.0098   2.734847    -1.0099   2.735215    8.21188     0.1833    13.8155 4.3249e+02  -60.74983  -58.37500 1153850365 206.749616    33.8556      43101         20  0.000e+00
     30.308    -1.0100   2.734853    -1.0096   2.735226    8.21198     0.1833    13.8155 4.3249e+02  -60.74983  -58.37500 1153850365 206.749617    33.8558      43102         20  0.000e+00
     30.241    -1.0098   2.734867    -1.0100   2.735244    8.21186     0.1510    13.8155 4.3249e+02  -60.74983  -58.37500 1153850365 206.749617    33.8559      43103         20  0.000e+00
     30.241    -1.0100   2.734857    -1.0100   2.735209    8.21190     0.1510    13.8155 4.3054e+02  -60.74983  -58.37500 1153850365 206.749618    33.8559      43104         20  0.000e+00
     30.241    -1.0097   2.734853    -1.0099   2.735232    8.21656     0.1618    13.8155 4.3054e+02  -60.74983  -58.37500 1153850365 206.749618    33.8555      43105         20  0.000e+00
     30.232    -1.0100   2.734853    -1.0096   2.735232    8.21189     0.1941    13.8155 4.3249e+02  -60.74983  -58.37500 1153850365 206.749619    33.8559      43106         20  0.000e+00
     30.241    -1.0098   2.734867    -1.0099   2.735226    8.21186     0.2371    13.8155 4.3249e+02  -60.74983  -58.37500 1153850365 206.749619    33.8559      43107         20  0.000e+00
     30.318    -1.0101   2.734857    -1.0097   2.735244    8.20729     0.1726    13.8155 4.3249e+02  -60.74983  -58.37500 1153850365 206.749620    33.8560      43108         20  0.000e+00
     30.175    -1.0097   2.734867    -1.0099   2.735232    8.21176     0.1833    13.8155 4.3249e+02  -60.74983  -58.37500 1153850365 206.749620    33.8557      43109         20  0.000e+00
     30.308    -1.0100   2.734840    -1.0102   2.735244    8.21199     0.1833    13.8155 4.3249e+02  -60.74983  -58.37500 1153850365 206.749620    33.8557      43110         20  0.000e+00
     30.241    -1.0098   2.734847    -1.0099   2.735209    8.20716     0.1833    13.8155 4.3249e+02  -60.74983  -58.37500 1153850365 206.749621    33.8556      43111         20  0.000e+00
     30.241    -1.0100   2.734883    -1.0100   2.735198    8.21188     0.2048    13.8155 4.3249e+02  -60.74983  -58.37500 1153850365 206.749621    33.8563      43112         20  0.000e+00
     30.318    -1.0098   2.734847    -1.0100   2.735215    8.20725     0.2048    13.8155 4.3249e+02  -60.74983  -58.37500 1153850365 206.749622    33.8556      43113         20  0.000e+00
     30.232    -1.0103   2.734847    -1.0100   2.735226    8.20722     0.2263    13.8155 4.3249e+02  -60.74983  -58.37500 1153850366 206.749622    33.8561      43114         20  0.000e+00
     30.318    -1.0101   2.734853    -1.0099   2.735226    8.20729     0.2263    13.8155 4.3249e+02  -60.74983  -58.37500 1153850366 206.749623    33.8560      43115         20  0.000e+00
     30.241    -1.0097   2.734853    -1.0096   2.735226    8.20713     0.2048    13.8155 4.3249e+02  -60.74983  -58.37500 1153850366 206.749623    33.8555      43116         20  0.000e+00
     30.308    -1.0100   2.734867    -1.0096   2.735203    8.21197     0.2263    13.8155 4.3249e+02  -60.74983  -58.37500 1153850366 206.749624    33.8560      43117         20  0.000e+00
     30.318    -1.0100   2.734824    -1.0100   2.735198    8.21201     0.2156    13.8155 4.3249e+02  -60.74983  -58.37500 1153850366 206.749624    33.8554      43118         20  0.000e+00
     30.318    -1.0100   2.734857    -1.0096   2.735232    8.21198     0.1726    13.8155 4.3249e+02  -60.74983  -58.37500 1153850366 206.749625    33.8559      43119         20  0.000e+00
     30.318    -1.0100   2.734857    -1.0100   2.735232    8.21198     0.1833    13.8155 4.3249e+02  -60.74983  -58.37500 1153850366 206.749625    33.8559      43120         20  0.000e+00
     30.308    -1.0097   2.734870    -1.0100   2.735244    8.20719     0.2263    13.8155 4.3249e+02  -60.74983  -58.37500 1153850366 206.749626    33.8557      43121         20  0.000e+00
     30.318    -1.0098   2.734857    -1.0097   2.735232    8.21196     0.2479    13.8155 4.3249e+02  -60.74983  -58.37500 1153850366 206.749626    33.8557      43122         20  0.000e+00
     30.318    -1.0100   2.734853    -1.0097   2.735226    8.20727     0.2263    13.8155 4.3249e+02  -60.74983  -58.37500 1153850366 206.749627    33.8558      43123         20  0.000e+00
     30.384    -1.0098   2.734853    -1.0103   2.735203    8.20732     0.2263    13.8155 4.3249e+02  -60.74983  -58.37500 1153850366 206.749627    33.8556      43124         20  0.000e+00
     30.308    -1.0101   2.734867    -1.0094   2.735215    8.20727     0.1941    13.8155 4.3249e+02  -60.74983  -58.37500 1153850366 206.749628    33.8562      43125         20  0.000e+00
     30.384    -1.0097   2.734857    -1.0097   2.735203    8.20729     0.1295    13.8155 4.3249e+02  -60.74983  -58.37500 1153850366 206.749628    33.8555      43126         20  0.000e+00
     30.384    -1.0101   2.734867    -1.0094   2.735232    8.20736     0.1618    13.8155 4.3249e+02  -60.74983  -58.37500 1153850366 206.749629    33.8561      43127         20  0.000e+00
     30.384    -1.0101   2.734857    -1.0096   2.735232    8.20737     0.1726    13.8155 4.3054e+02  -60.74983  -58.37500 1153850366 206.749629    33.8560      43128         20  0.000e+00
     30.375    -1.0103   2.734883    -1.0094   2.735203    8.21208     0.1833    13.8155 4.3054e+02  -60.74983  -58.37500 1153850366 206.749630    33.8565      43129         20  0.000e+00
     30.451    -1.0097   2.734876    -1.0099   2.735255    8.20735     0.1941    13.8155 4.3249e+02  -60.74983  -58.37500 1153850366 206.749630    33.8557      43130         20  0.000e+00
     30.384    -1.0100   2.734873    -1.0097   2.735255    8.21205     0.1833    13.8155 4.3249e+02  -60.74983  -58.37500 1153850366 206.749631    33.8561      43131         20  0.000e+00
     30.451    -1.0098   2.734873    -1.0097   2.735232    8.21681     0.1941    13.8155 4.3249e+02  -60.74983  -58.37500 1153850366 206.749631    33.8558      43132         20  0.000e+00
     30.441    -1.0100   2.734840    -1.0094   2.735244    8.21214     0.1941    13.8155 4.3249e+02  -60.74983  -58.37500 1153850366 206.749632    33.8556      43133         20  0.000e+00
     30.451    -1.0095   2.734880    -1.0096   2.735232    8.20733     0.1403    13.8155 4.3249e+02  -60.74983  -58.37500 1153850366 206.749632    33.8556      43134         20  0.000e+00
     30.451    -1.0095   2.734847    -1.0096   2.735244    8.20735     0.1403    13.8155 4.3249e+02  -60.74983  -58.37500 1153850366 206.749633    33.8551      43135         20  0.000e+00
     30.451    -1.0098   2.734860    -1.0100   2.735232    8.21211     0.1403    13.8155 4.3249e+02  -60.74983  -58.37500 1153850366 206.749633    33.8556      43136         20  0.000e+00
     30.518    -1.0097   2.734906    -1.0100   2.735227    8.21684     0.1618    13.8155 4.3249e+02  -60.74983  -58.37500 1153850367 206.749633    33.8561      43137         20  0.000e+00
     30.527    -1.0100   2.734886    -1.0097   2.735261    8.20748     0.2048    13.8155 4.3249e+02  -60.74983  -58.37500 1153850367 206.749634    33.8562      43138         20  0.000e+00
     30.527    -1.0100   2.734857    -1.0097   2.735238    8.20751     0.2263    13.8155 4.3249e+02  -60.74983  -58.37500 1153850367 206.749634    33.8558      43139         20  0.000e+00
     30.518    -1.0100   2.734867    -1.0094   2.735227    8.20749     0.2156    13.8155 4.3249e+02  -60.74983  -58.37500 1153850367 206.749635    33.8559      43140         20  0.000e+00
     30.527    -1.0100   2.734873    -1.0100   2.735227    8.20749     0.2479    13.8155 4.3249e+02  -60.74983  -58.37500 1153850367 206.749635    33.8560      43141         20  0.000e+00
     30.527    -1.0098   2.734873    -1.0099   2.735227    8.20747     0.2371    13.8155 4.3249e+02  -60.74983  -58.37500 1153850367 206.749636    33.8558      43142         20  0.000e+00
     30.594    -1.0098   2.734890    -1.0102   2.735203    8.20753     0.2263    13.8155 4.3249e+02  -60.74983  -58.37500 1153850367 206.749636    33.8560      43143         20  0.000e+00
      9.918    -1.0177   2.733179    -1.0178   2.733578    8.21476     0.1403    13.8155 4.2275e+02  -60.74983  -58.37500 1153850409 206.750126    33.8544      44158         21  0.000e+00
      9.842    -1.0180   2.733188    -1.0177   2.733567    8.21472     0.1188    13.8155 4.2470e+02  -60.74983  -58.37500 1153850409 206.750126    33.8549      44159         21  0.000e+00
     10.013    -1.0179   2.733195    -1.0175   2.733549    8.21488     0.1188    13.8155 4.2470e+02  -60.74983  -58.37500 1153850409 206.750127    33.8548      44160         21  0.000e+00
      9.842    -1.0179   2.733179    -1.0180   2.733584    8.21470     0.1295    13.8155 4.2275e+02  -60.74983  -58.37500 1153850409 206.750127    33.8546      44161         21  0.000e+00
      9.985    -1.0175   2.733205    -1.0178   2.733555    8.21479     0.1403    13.8155 4.2470e+02  -60.74983  -58.37500 1153850409 206.750128    33.8546      44162         21  0.000e+00
      9.804    -1.0177   2.733169    -1.0178   2.733543    8.21464     0.1726    13.8155 4.2470e+02  -60.74983  -58.37500 1153850409 206.750128    33.8543      44163         21  0.000e+00
      9.842    -1.0177   2.733182    -1.0179   2.733526    8.21467     0.1403    13.8155 4.2275e+02  -60.74983  -58.37500 1153850409 206.750129    33.8545      44164         21  0.000e+00
      9.870    -1.0179   2.733179    -1.0175   2.733538    8.21473     0.1833    13.8155 4.2470e+02  -60.74983  -58.37500 1153850409 206.750129    33.8546      44165         21  0.000e+00
      9.842    -1.0181   2.733188    -1.0179   2.733544    8.21474     0.1618    13.8155 4.2275e+02  -60.74983  -58.37500 1153850409 206.750130    33.8551      44166         21  0.000e+00
      9.775    -1.0183   2.733146    -1.0178   2.733526    8.21473     0.1618    13.8155 4.2275e+02  -60.74983  -58.37500 1153850409 206.750130    33.8548      44167         21  0.000e+00
      9.804    -1.0181   2.733162    -1.0179   2.733515    8.21472     0.1403    13.8155 4.2275e+02  -60.74983  -58.37500 1153850409 206.750131    33.8548      44168         21  0.000e+00
      9.775    -1.0180   2.733175    -1.0177   2.733555    8.20995     0.1618    13.8155 4.2275e+02  -60.74983  -58.37500 1153850410 206.750131    33.8548      44169         21  0.000e+00
      9.804    -1.0180   2.733156    -1.0175   2.733555    8.20999     0.1295    13.8155 4.2275e+02  -60.74983  -58.37500 1153850410 206.750132    33.8545      44170         21  0.000e+00
      9.775    -1.0181   2.733182    -1.0173   2.733543    8.21467     0.1618    13.8155 4.2275e+02  -60.74983  -58.37500 1153850410 206.750132    33.8551      44171         21  0.000e+00
      9.708    -1.0183   2.733179    -1.0175   2.733543    8.21462     0.1941    13.8155 4.2080e+02  -60.74983  -58.37500 1153850410 206.750133    33.8552      44172         21  0.000e+00
      9.804    -1.0178   2.733175    -1.0182   2.733567    8.21465     0.1080    13.8155 4.2080e+02  -60.74983  -58.37500 1153850410 206.750133    33.8546      44173         21  0.000e+00
      9.708    -1.0180   2.733175    -1.0178   2.733549    8.21457     0.0972    13.8155 4.2080e+02  -60.74983  -58.37500 1153850410 206.750134    33.8548      44174         21  0.000e+00
      9.728    -1.0183   2.733156    -1.0180   2.733543    8.21466     0.0972    13.8155 4.2080e+02  -60.74983  -58.37500 1153850410 206.750134    33.8549      44175         21  0.000e+00
      9.708    -1.0180   2.733169    -1.0177   2.733549    8.21458     0.0757    13.8155 4.2275e+02  -60.74983  -58.37500 1153850410 206.750135    33.8548      44176         21  0.000e+00
      9.775    -1.0183   2.733139    -1.0172   2.733543    8.21473     0.0650    13.8155 4.2275e+02  -60.74983  -58.37500 1153850410 206.750135    33.8547      44177         21  0.000e+00
      9.661    -1.0183   2.733146    -1.0176   2.733543    8.21459     0.0972    13.8155 4.2275e+02  -60.74983  -58.37500 1153850410 206.750136    33.8548      44178         21  0.000e+00
      9.708    -1.0181   2.733169    -1.0177   2.733549    8.21460     0.1403    13.8155 4.2275e+02  -60.74983  -58.37500 1153850410 206.750136    33.8549      44179         21  0.000e+00
      9.708    -1.0181   2.733139    -1.0177   2.733543    8.21463     0.1403    13.8155 4.2080e+02  -60.74983  -58.37500 1153850410 206.750136    33.8545      44180         21  0.000e+00
      9.661    -1.0180   2.733146    -1.0176   2.733561    8.21454     0.1188    13.8155 4.2275e+02  -60.74983  -58.37500 1153850410 206.750137    33.8545      44181         21  0.000e+00
      9.708    -1.0183   2.733152    -1.0178   2.733555    8.20994     0.1510    13.8155 4.2080e+02  -60.74983  -58.37500 1153850410 206.750137    33.8549      44182         21  0.000e+00
      9.661    -1.0177   2.733201    -1.0174   2.733561    8.21445     0.1941    13.8155 4.2080e+02  -60.74983  -58.37500 1153850410 206.750138    33.8549      44183         21  0.000e+00
      9.632    -1.0171   2.733169    -1.0177   2.733549    8.21434     0.1833    13.8155 4.2275e+02  -60.74983  -58.37500 1153850410 206.750138    33.8538      44184         21  0.000e+00
      9.632    -1.0175   2.733182    -1.0175   2.733601    8.21441     0.2048    13.8155 4.2275e+02  -60.74983  -58.37500 1153850410 206.750139    33.8545      44185         21  0.000e+00
      9.661    -1.0175   2.733195    -1.0177   2.733578    8.21443     0.1510    13.8155 4.2080e+02  -60.74983  -58.37500 1153850410 206.750139    33.8546      44186         21  0.000e+00
      9.632    -1.0177   2.733195    -1.0171   2.733567    8.21442     0.1403    13.8155 4.2275e+02  -60.74983  -58.37500 1153850410 206.750140    33.8548      44187         21  0.000e+00
      9.661    -1.0174   2.733211    -1.0176   2.733555    8.21439     0.1726    13.8155 4.2275e+02  -60.74983  -58.37500 1153850410 206.750140    33.8547      44188         21  0.000e+00
      9.632    -1.0175   2.733185    -1.0175   2.733561    8.20970     0.1618    13.8155 4.2275e+02  -60.74983  -58.37500 1153850410 206.750141    33.8545      44189         21  0.000e+00
      9.632    -1.0175   2.733156    -1.0180   2.733590    8.21443     0.1295    13.8155 4.2080e+02  -60.74983  -58.37500 1153850410 206.750141    33.8541      44190         21  0.000e+00
      9.594    -1.0177   2.733201    -1.0179   2.733578    8.20967     0.1295    13.8155 4.1690e+02  -60.74983  -58.37500 1153850410 206.750142    33.8549      44191         21  0.000e+00
      9.632    -1.0179   2.733169    -1.0174   2.733572    8.20976     0.1295    13.8155 4.1690e+02  -60.74983  -58.37500 1153850410 206.750142    33.8546      44192         21  0.000e+00
      9.632    -1.0174   2.733169    -1.0176   2.733567    8.20969     0.2048    13.8155 4.1690e+02  -60.74983  -58.37500 1153850411 206.750143    33.8541      44193         21  0.000e+00
      9.594    -1.0179   2.733188    -1.0175   2.733567    8.20970     0.1833    13.8155 4.1690e+02  -60.74983  -58.37500 1153850411 206.750143    33.8549      44194         21  0.000e+00
      9.632    -1.0171   2.733195    -1.0174   2.733590    8.20962     0.1726    13.8155 4.1690e+02  -60.74983  -58.37500 1153850411 206.750144    33.8541      44195         21  0.000e+00
      9.594    -1.0169   2.733224    -1.0175   2.733572    8.21423     0.1188    13.8155 4.1690e+02  -60.74983  -58.37500 1153850411 206.750144    33.8544      44196         21  0.000e+00
      9.632    -1.0175   2.733221    -1.0171   2.733567    8.20967     0.1080    13.8155 4.1496e+02  -60.74983  -58.37500 1153850411 206.750145    33.8550      44197         21  0.000e+00
      9.632    -1.0172   2.733234    -1.0168   2.733590    8.20961     0.1941    13.8155 4.1496e+02  -60.74983  -58.37500 1153850411 206.750145    33.8548      44198         21  0.000e+00
