product_data/regression_test/downloaded_data/MDGS/320620060703/ctd/p6619305.cnv
* Sea-Bird SBE 9 Data File:
* FileName = D:\Data\Raw\p6619305.dat
* Software Version Seasave Win32 V 5.32
* Temperature SN = 1649
* Conductivity SN = 1431
* Number of Bytes Per Scan = 37
* Number of Voltage Words = 5
* Number of Scans Averaged by the Deck Unit = 1
* NMEA Latitude = 60 47.92 S
* NMEA Longitude = 055 23.15 W
* NMEA UTC (Time) = 23:08:25
** Ship:   Nathaniel B. Palmer 
** Cruise:    NBP0606 
# nquan = 15
# nvalues = 1000                        
# units = specified
# name 0 = prDM: Pressure, Digiquartz [db]
# name 1 = t090C: Temperature [ITS-90, deg C]
# name 2 = c0S/m: Conductivity [S/m]
# name 3 = t190C: Temperature, 2 [ITS-90, deg C]
# name 4 = c1S/m: Conductivity, 2 [S/m]
# name 5 = sbeox0ML/L: Oxygen, SBE 43 [ml/l]
# name 6 = flECO-AFL: Fluorescence, Wetlab ECO-AFL/FL [mg/m^3]
# name 7 = bat: Beam Attenuation, Chelsea/Seatech/Wetlab CStar [1/m]
# name 8 = spar: SPAR/Surface Irradiance
# name 9 = latitude: Latitude [deg]
# name 10 = longitude: Longitude [deg]
# name 11 = timeY: Time, System [seconds]
# name 12 = timeJ: Julian Days
# name 13 = sal00: Salinity [PSU]
# name 14 = flag: flag
# span 0 =      2.000,   1001.000       
# span 1 =    -0.9091,     0.5980       
# span 2 =   2.774332,   2.974318       
# span 3 =    -0.9107,     0.5984       
# span 4 =   2.775057,   2.974580       
# span 5 =    5.35349,    7.39382       
# span 6 =    -0.1108,     0.7528       
# span 7 =    13.8155,    13.8155       
# span 8 = 0.0000e+00, 0.0000e+00       
# span 9 =  -60.79867,  -60.79867       
# span 10 =  -55.38583,  -55.38583      
# span 11 = 1153696114, 1153697573      
# span 12 = 204.964296, 204.981195      
# span 13 =    34.2931,    34.6625      
# span 14 = 0.0000e+00, 0.0000e+00      
# interval = decibars: 1                
# start_time = Jul 23 2006 23:08:34
# bad_flag = -9.990e-29
*END*
[from data line 772]
    774.000     0.2032   2.925260     0.2030   2.925492    5.75445    -0.0754    13.8155 0.0000e+00  -60.79867  -55.38583 1153697245 204.977397    34.5923 0.0000e+00
    775.000     0.2052   2.925511     0.2043   2.925658    5.75381    -0.0791    13.8155 0.0000e+00  -60.79867  -55.38583 1153697247 204.977418    34.5928 0.0000e+00
    776.000     0.2058   2.925617     0.2058   2.925852    5.75143    -0.0717    13.8155 0.0000e+00  -60.79867  -55.38583 1153697249 204.977435    34.5930 0.0000e+00
    777.000     0.2138   2.926399     0.2163   2.926899    5.74835    -0.0911    13.8155 0.0000e+00  -60.79867  -55.38583 1153697250 204.977448    34.5947 0.0000e+00
    778.000     0.2110   2.926180     0.2132   2.926667    5.74704    -0.0767    13.8155 0.0000e+00  -60.79867  -55.38583 1153697251 204.977460    34.5933 0.0000e+00
    779.000     0.2168   2.926817     0.2168   2.927056    5.74601    -0.0726    13.8155 0.0000e+00  -60.79867  -55.38583 1153697252 204.977472    34.5946 0.0000e+00
    780.000     0.2319   2.928307     0.2260   2.928032    5.73967    -0.0786    13.8155 0.0000e+00  -60.79867  -55.38583 1153697253 204.977490    34.5962 0.0000e+00
    781.000     0.2362   2.928804     0.2379   2.929149    5.73614    -0.0808    13.8155 0.0000e+00  -60.79867  -55.38583 1153697255 204.977510    34.5975 0.0000e+00
    782.000     0.2209   2.927274     0.2223   2.927778    5.73751    -0.0796    13.8155 0.0000e+00  -60.79867  -55.38583 1153697256 204.977522    34.5942 0.0000e+00
    783.000     0.2196   2.927248     0.2178   2.927342    5.73486    -0.0899    13.8155 0.0000e+00  -60.79867  -55.38583 1153697257 204.977534    34.5951 0.0000e+00
    784.000     0.2161   2.926972     0.2185   2.927428    5.73892    -0.0856    13.8155 0.0000e+00  -60.79867  -55.38583 1153697258 204.977547    34.5951 0.0000e+00
    785.000     0.2163   2.927006     0.2171   2.927351    5.74245    -0.0790    13.8155 0.0000e+00  -60.79867  -55.38583 1153697259 204.977561    34.5944 0.0000e+00
    786.000     0.2143   2.926875     0.2164   2.927316    5.73552    -0.0683    13.8155 0.0000e+00  -60.79867  -55.38583 1153697261 204.977573    34.5947 0.0000e+00
    787.000     0.2219   2.927633     0.2206   2.927742    5.72396    -0.0852    13.8155 0.0000e+00  -60.79867  -55.38583 1153697262 204.977586    34.5957 0.0000e+00
    788.000     0.2205   2.927531     0.2212   2.927845    5.72503    -0.0768    13.8155 0.0000e+00  -60.79867  -55.38583 1153697263 204.977603    34.5948 0.0000e+00
    789.000     0.2757   2.933050     0.2970   2.935157    5.70238    -0.0719    13.8155 0.0000e+00  -60.79867  -55.38583 1153697265 204.977630    34.6042 0.0000e+00
    790.000     0.3274   2.937968     0.3302   2.938410    5.68555    -0.0665    13.8155 0.0000e+00  -60.79867  -55.38583 1153697267 204.977645    34.6080 0.0000e+00
    791.000     0.3319   2.938475     0.3315   2.938621    5.67274    -0.0854    13.8155 0.0000e+00  -60.79867  -55.38583 1153697268 204.977656    34.6093 0.0000e+00
    792.000     0.3373   2.939052     0.3376   2.939239    5.66492    -0.0893    13.8155 0.0000e+00  -60.79867  -55.38583 1153697269 204.977667    34.6104 0.0000e+00
    793.000     0.3387   2.939187     0.3410   2.939645    5.65749    -0.0909    13.8155 0.0000e+00  -60.79867  -55.38583 1153697270 204.977678    34.6101 0.0000e+00
    794.000     0.3394   2.939316     0.3406   2.939622    5.65230    -0.0629    13.8155 0.0000e+00  -60.79867  -55.38583 1153697271 204.977691    34.6107 0.0000e+00
    795.000     0.3329   2.938684     0.3329   2.938940    5.64609    -0.0730    13.8155 0.0000e+00  -60.79867  -55.38583 1153697272 204.977706    34.6096 0.0000e+00
    796.000     0.3269   2.938178     0.3269   2.938367    5.64245    -0.0859    13.8155 0.0000e+00  -60.79867  -55.38583 1153697273 204.977721    34.6098 0.0000e+00
    797.000     0.3312   2.938601     0.3320   2.938906    5.63996    -0.0843    13.8155 0.0000e+00  -60.79867  -55.38583 1153697274 204.977734    34.6100 0.0000e+00
    798.000     0.3342   2.938927     0.3344   2.939161    5.63036    -0.0798    13.8155 0.0000e+00  -60.79867  -55.38583 1153697276 204.977748    34.6103 0.0000e+00
    799.000     0.3356   2.939090     0.3364   2.939394    5.62798    -0.0848    13.8155 0.0000e+00  -60.79867  -55.38583 1153697278 204.977774    34.6105 0.0000e+00
    800.000     0.3528   2.940936     0.3584   2.941511    5.62140    -0.0928    13.8155 0.0000e+00  -60.79867  -55.38583 1153697280 204.977795    34.6153 0.0000e+00
    801.000     0.3834   2.943788     0.3801   2.943693    5.61677    -0.0843    13.8155 0.0000e+00  -60.79867  -55.38583 1153697281 204.977807    34.6158 0.0000e+00
    802.000     0.3735   2.942922     0.3761   2.943411    5.61096    -0.0721    13.8155 0.0000e+00  -60.79867  -55.38583 1153697281 204.977816    34.6160 0.0000e+00
    803.000     0.3917   2.944756     0.3918   2.944922    5.60241    -0.0700    13.8155 0.0000e+00  -60.79867  -55.38583 1153697282 204.977826    34.6188 0.0000e+00
    804.000     0.3963   2.945231     0.3968   2.945455    5.59378    -0.0789    13.8155 0.0000e+00  -60.79867  -55.38583 1153697283 204.977838    34.6191 0.0000e+00
    805.000     0.3963   2.945266     0.3987   2.945673    5.58411    -0.0946    13.8155 0.0000e+00  -60.79867  -55.38583 1153697285 204.977855    34.6193 0.0000e+00
    806.000     0.3960   2.945269     0.3982   2.945782    5.57462    -0.0764    13.8155 0.0000e+00  -60.79867  -55.38583 1153697286 204.977870    34.6199 0.0000e+00
    807.000     0.4221   2.948076     0.4224   2.948276    5.56534    -0.0793    13.8155 0.0000e+00  -60.79867  -55.38583 1153697287 204.977883    34.6258 0.0000e+00
    808.000     0.4250   2.948398     0.4256   2.948636    5.55626    -0.0801    13.8155 0.0000e+00  -60.79867  -55.38583 1153697288 204.977897    34.6260 0.0000e+00
    809.000     0.4271   2.948591     0.4266   2.948783    5.55027    -0.0881    13.8155 0.0000e+00  -60.79867  -55.38583 1153697290 204.977918    34.6259 0.0000e+00
    810.000     0.4232   2.948313     0.4239   2.948591    5.54841    -0.0882    13.8155 0.0000e+00  -60.79867  -55.38583 1153697292 204.977938    34.6265 0.0000e+00
    811.000     0.4238   2.948394     0.4242   2.948658    5.54602    -0.0823    13.8155 0.0000e+00  -60.79867  -55.38583 1153697293 204.977952    34.6265 0.0000e+00
    812.000     0.4255   2.948573     0.4258   2.948835    5.54500    -0.0718    13.8155 0.0000e+00  -60.79867  -55.38583 1153697294 204.977963    34.6265 0.0000e+00
    813.000     0.4252   2.948583     0.4257   2.948859    5.54264    -0.0789    13.8155 0.0000e+00  -60.79867  -55.38583 1153697295 204.977975    34.6265 0.0000e+00
    814.000     0.4264   2.948728     0.4267   2.948989    5.54002    -0.0861    13.8155 0.0000e+00  -60.79867  -55.38583 1153697296 204.977989    34.6266 0.0000e+00
    815.000     0.4261   2.948741     0.4262   2.948989    5.53950    -0.0779    13.8155 0.0000e+00  -60.79867  -55.38583 1153697298 204.978006    34.6265 0.0000e+00
    816.000     0.4271   2.948892     0.4272   2.949108    5.54061    -0.0804    13.8155 0.0000e+00  -60.79867  -55.38583 1153697299 204.978023    34.6268 0.0000e+00
    817.000     0.4287   2.949056     0.4290   2.949316    5.53994    -0.0969    13.8155 0.0000e+00  -60.79867  -55.38583 1153697300 204.978035    34.6267 0.0000e+00
    818.000     0.4293   2.949155     0.4299   2.949434    5.54039    -0.0879    13.8155 0.0000e+00  -60.79867  -55.38583 1153697301 204.978046    34.6268 0.0000e+00
    819.000     0.4289   2.949158     0.4291   2.949418    5.54097    -0.0925    13.8155 0.0000e+00  -60.79867  -55.38583 1153697302 204.978060    34.6267 0.0000e+00
    820.000     0.4268   2.949021     0.4274   2.949302    5.54175    -0.0771    13.8155 0.0000e+00  -60.79867  -55.38583 1153697304 204.978081    34.6268 0.0000e+00
    821.000     0.4261   2.948997     0.4267   2.949290    5.54340    -0.0824    13.8155 0.0000e+00  -60.79867  -55.38583 1153697306 204.978100    34.6268 0.0000e+00
    822.000     0.4268   2.949101     0.4271   2.949368    5.54337    -0.0946    13.8155 0.0000e+00  -60.79867  -55.38583 1153697307 204.978116    34.6268 0.0000e+00
    823.000     0.4271   2.949160     0.4271   2.949409    5.54444    -0.0891    13.8155 0.0000e+00  -60.79867  -55.38583 1153697309 204.978129    34.6267 0.0000e+00
    824.000     0.4258   2.949084     0.4260   2.949358    5.54207    -0.0838    13.8155 0.0000e+00  -60.79867  -55.38583 1153697309 204.978140    34.6266 0.0000e+00
    825.000     0.4245   2.949039     0.4244   2.949263    5.54120    -0.0807    13.8155 0.0000e+00  -60.79867  -55.38583 1153697310 204.978151    34.6270 0.0000e+00
    826.000     0.4252   2.949116     0.4257   2.949414    5.54137    -0.0661    13.8155 0.0000e+00  -60.79867  -55.38583 1153697312 204.978165    34.6266 0.0000e+00
    827.000     0.4244   2.949099     0.4248   2.949381    5.54087    -0.0835    13.8155 0.0000e+00  -60.79867  -55.38583 1153697313 204.978181    34.6267 0.0000e+00
    828.000     0.4253   2.949225     0.4258   2.949511    5.53907    -0.0921    13.8155 0.0000e+00  -60.79867  -55.38583 1153697314 204.978195    34.6268 0.0000e+00
    829.000     0.4254   2.949263     0.4256   2.949526    5.53971    -0.0848    13.8155 0.0000e+00  -60.79867  -55.38583 1153697315 204.978209    34.6265 0.0000e+00
    830.000     0.4250   2.949275     0.4251   2.949550    5.54182    -0.0801    13.8155 0.0000e+00  -60.79867  -55.38583 1153697317 204.978225    34.6266 0.0000e+00
    831.000     0.4244   2.949279     0.4242   2.949527    5.54274    -0.0886    13.8155 0.0000e+00  -60.79867  -55.38583 1153697319 204.978246    34.6267 0.0000e+00
    832.000     0.4248   2.949360     0.4257   2.949669    5.54208    -0.0849    13.8155 0.0000e+00  -60.79867  -55.38583 1153697320 204.978262    34.6269 0.0000e+00
    833.000     0.4256   2.949467     0.4262   2.949779    5.54201    -0.0846    13.8155 0.0000e+00  -60.79867  -55.38583 1153697321 204.978273    34.6268 0.0000e+00
    834.000     0.4257   2.949512     0.4260   2.949793    5.54184    -0.0840    13.8155 0.0000e+00  -60.79867  -55.38583 1153697322 204.978283    34.6266 0.0000e+00
    835.000     0.4250   2.949498     0.4256   2.949792    5.54279    -0.0847    13.8155 0.0000e+00  -60.79867  -55.38583 1153697323 204.978300    34.6266 0.0000e+00
    836.000     0.4228   2.949350     0.4235   2.949681    5.54360    -0.0756    13.8155 0.0000e+00  -60.79867  -55.38583 1153697325 204.978320    34.6267 0.0000e+00
    837.000     0.4189   2.949071     0.4193   2.949377    5.54270    -0.0892    13.8155 0.0000e+00  -60.79867  -55.38583 1153697326 204.978332    34.6269 0.0000e+00
    838.000     0.4185   2.949085     0.4168   2.949209    5.54136    -0.0929    13.8155 0.0000e+00  -60.79867  -55.38583 1153697327 204.978343    34.6270 0.0000e+00
    839.000     0.4168   2.948984     0.4183   2.949350    5.54069    -0.0814    13.8155 0.0000e+00  -60.79867  -55.38583 1153697328 204.978354    34.6270 0.0000e+00
    840.000     0.4166   2.949027     0.4177   2.949391    5.53976    -0.0793    13.8155 0.0000e+00  -60.79867  -55.38583 1153697330 204.978374    34.6272 0.0000e+00
    841.000     0.4211   2.949547     0.4204   2.949727    5.53796    -0.0833    13.8155 0.0000e+00  -60.79867  -55.38583 1153697332 204.978399    34.6283 0.0000e+00
    842.000     0.4239   2.949898     0.4247   2.950215    5.53627    -0.0811    13.8155 0.0000e+00  -60.79867  -55.38583 1153697333 204.978411    34.6290 0.0000e+00
    843.000     0.4230   2.949822     0.4232   2.950092    5.53229    -0.0944    13.8155 0.0000e+00  -60.79867  -55.38583 1153697334 204.978421    34.6285 0.0000e+00
    844.000     0.4239   2.949940     0.4240   2.950213    5.53023    -0.0936    13.8155 0.0000e+00  -60.79867  -55.38583 1153697335 204.978431    34.6284 0.0000e+00
    845.000     0.4242   2.950021     0.4243   2.950289    5.52987    -0.0891    13.8155 0.0000e+00  -60.79867  -55.38583 1153697336 204.978442    34.6286 0.0000e+00
    846.000     0.4249   2.950146     0.4248   2.950371    5.53113    -0.0847    13.8155 0.0000e+00  -60.79867  -55.38583 1153697338 204.978466    34.6289 0.0000e+00
    847.000     0.4250   2.950211     0.4249   2.950444    5.53174    -0.0852    13.8155 0.0000e+00  -60.79867  -55.38583 1153697339 204.978486    34.6291 0.0000e+00
    848.000     0.4281   2.950607     0.4286   2.950878    5.52858    -0.0967    13.8155 0.0000e+00  -60.79867  -55.38583 1153697340 204.978498    34.6301 0.0000e+00
    849.000     0.4315   2.950997     0.4311   2.951190    5.52730    -0.0918    13.8155 0.0000e+00  -60.79867  -55.38583 1153697341 204.978509    34.6308 0.0000e+00
    850.000     0.4309   2.950971     0.4310   2.951235    5.52549    -0.0921    13.8155 0.0000e+00  -60.79867  -55.38583 1153697342 204.978521    34.6306 0.0000e+00
    851.000     0.4325   2.951190     0.4320   2.951369    5.52324    -0.0945    13.8155 0.0000e+00  -60.79867  -55.38583 1153697343 204.978533    34.6310 0.0000e+00
    852.000     0.4347   2.951465     0.4417   2.952408    5.52117    -0.0835    13.8155 0.0000e+00  -60.79867  -55.38583 1153697345 204.978549    34.6316 0.0000e+00
    853.000     0.4433   2.952406     0.4463   2.952910    5.51691    -0.0792    13.8155 0.0000e+00  -60.79867  -55.38583 1153697347 204.978569    34.6335 0.0000e+00
    854.000     0.4523   2.953384     0.4509   2.953462    5.50990    -0.0949    13.8155 0.0000e+00  -60.79867  -55.38583 1153697348 204.978586    34.6354 0.0000e+00
    855.000     0.4523   2.953421     0.4526   2.953688    5.50751    -0.0915    13.8155 0.0000e+00  -60.79867  -55.38583 1153697349 204.978599    34.6354 0.0000e+00
    856.000     0.4518   2.953400     0.4510   2.953590    5.50332    -0.0855    13.8155 0.0000e+00  -60.79867  -55.38583 1153697350 204.978612    34.6352 0.0000e+00
    857.000     0.4503   2.953298     0.4506   2.953567    5.50241    -0.0851    13.8155 0.0000e+00  -60.79867  -55.38583 1153697352 204.978629    34.6351 0.0000e+00
    858.000     0.4498   2.953284     0.4498   2.953531    5.50011    -0.0903    13.8155 0.0000e+00  -60.79867  -55.38583 1153697353 204.978644    34.6350 0.0000e+00
    859.000     0.4570   2.954134     0.4541   2.953923    5.49685    -0.0722    13.8155 0.0000e+00  -60.79867  -55.38583 1153697354 204.978656    34.6371 0.0000e+00
    860.000     0.4680   2.955222     0.4674   2.955385    5.49171    -0.0952    13.8155 0.0000e+00  -60.79867  -55.38583 1153697355 204.978667    34.6383 0.0000e+00
    861.000     0.4701   2.955492     0.4702   2.955713    5.48889    -0.0907    13.8155 0.0000e+00  -60.79867  -55.38583 1153697356 204.978678    34.6388 0.0000e+00
    862.000     0.4705   2.955562     0.4722   2.955958    5.48461    -0.0902    13.8155 0.0000e+00  -60.79867  -55.38583 1153697357 204.978692    34.6389 0.0000e+00
    863.000     0.4708   2.955613     0.4721   2.956000    5.48084    -0.0926    13.8155 0.0000e+00  -60.79867  -55.38583 1153697359 204.978713    34.6388 0.0000e+00
    864.000     0.4719   2.955779     0.4719   2.956018    5.47583    -0.0875    13.8155 0.0000e+00  -60.79867  -55.38583 1153697361 204.978736    34.6392 0.0000e+00
    865.000     0.4761   2.956262     0.4763   2.956497    5.47355    -0.0788    13.8155 0.0000e+00  -60.79867  -55.38583 1153697362 204.978753    34.6402 0.0000e+00
    866.000     0.4806   2.956730     0.4802   2.956944    5.46866    -0.0875    13.8155 0.0000e+00  -60.79867  -55.38583 1153697364 204.978765    34.6406 0.0000e+00
    867.000     0.4882   2.957569     0.4874   2.957672    5.46460    -0.0837    13.8155 0.0000e+00  -60.79867  -55.38583 1153697364 204.978776    34.6425 0.0000e+00
    868.000     0.5032   2.959083     0.5024   2.959179    5.45889    -0.0881    13.8155 0.0000e+00  -60.79867  -55.38583 1153697365 204.978786    34.6444 0.0000e+00
