product_data/regression_test/downloaded_data/MDGS/320620060703/ctd/p6617304.ros
* Sea-Bird SBE 9 Data File:
* FileName = D:\Data\Raw\p6617304.dat
* Software Version Seasave Win32 V 5.32
* Temperature SN = 1649
* Conductivity SN = 1431
* Number of Bytes Per Scan = 37
* Number of Voltage Words = 5
* Number of Scans Averaged by the Deck Unit = 1
* NMEA Latitude = 60 36.97 S
* NMEA Longitude = 054 59.78 W
* NMEA UTC (Time) = 20:32:07
** Ship:   Nathaniel B. Palmer 
** Cruise:    NBP0606 
# nquan = 17
# nvalues = 1176                    
# units = specified
# name 0 = prDM: Pressure, Digiquartz [db]
# name 1 = t090C: Temperature [ITS-90, deg C]
# name 2 = c0S/m: Conductivity [S/m]
# name 3 = t190C: Temperature, 2 [ITS-90, deg C]
# name 4 = c1S/m: Conductivity, 2 [S/m]
# name 5 = sbeox0ML/L: Oxygen, SBE 43 [ml/l]
# name 6 = flECO-AFL: Fluorescence, Wetlab ECO-AFL/FL [mg/m^3]
# name 7 = bat: Beam Attenuation, Chelsea/Seatech/Wetlab CStar [1/m]
# name 8 = spar: SPAR/Surface Irradiance
# name 9 = latitude: Latitude [deg]
# name 10 = longitude: Longitude [deg]
# name 11 = timeY: Time, System [seconds]
# name 12 = timeJ: Julian Days
# name 13 = sal00: Salinity [PSU]
# name 14 = scan: scan number
# name 15 = nbf: number of bottles fired
# name 16 = flag:  0.000e+00
# interval = seconds: 0.0416667                   
# start_time = Jul 20 2006 20:32:15
*END*
[from data line 766]
     48.484    -0.7710   2.779788    -0.7728   2.780083    7.57789     0.1941    13.8155 0.0000e+00  -60.61617  -54.99633 1153428966 201.872315    34.1853      34394         16  0.000e+00
     48.484    -0.7711   2.779755    -0.7725   2.780071    7.57793     0.1833    13.8155 0.0000e+00  -60.61617  -54.99633 1153428966 201.872316    34.1850      34395         16  0.000e+00
     48.551    -0.7716   2.779900    -0.7717   2.780147    7.57797     0.1833    13.8155 0.0000e+00  -60.61617  -54.99633 1153428966 201.872316    34.1874      34396         16  0.000e+00
     48.484    -0.7702   2.779970    -0.7706   2.780234    7.57764     0.2048    13.8155 0.0000e+00  -60.61617  -54.99633 1153428966 201.872317    34.1869      34397         16  0.000e+00
     48.627    -0.7701   2.780029    -0.7700   2.780332    7.57773     0.2156    13.8155 0.0000e+00  -60.61617  -54.99633 1153428966 201.872317    34.1874      34398         16  0.000e+00
     48.551    -0.7695   2.780055    -0.7695   2.780361    7.57755     0.1833    13.8155 0.0000e+00  -60.61617  -54.99633 1153428966 201.872318    34.1873      34399         16  0.000e+00
     48.627    -0.7699   2.780016    -0.7694   2.780361    7.57771     0.1618    13.8155 0.0000e+00  -60.61617  -54.99633 1153428966 201.872318    34.1871      34400         16  0.000e+00
     48.627    -0.7697   2.780032    -0.7694   2.780437    7.57768     0.1941    13.8155 0.0000e+00  -60.61617  -54.99633 1153428966 201.872319    34.1871      34401         16  0.000e+00
     48.627    -0.7689   2.780138    -0.7682   2.780524    7.57748     0.2263    13.8155 0.0000e+00  -60.61617  -54.99633 1153428966 201.872319    34.1877      34402         16  0.000e+00
     48.694    -0.7677   2.780194    -0.7676   2.780605    7.57733     0.2694    13.8155 0.0000e+00  -60.61617  -54.99633 1153428967 201.872320    34.1870      34403         16  0.000e+00
     48.694    -0.7676   2.780184    -0.7676   2.780605    7.57731     0.2156    13.8155 0.0000e+00  -60.61617  -54.99633 1153428967 201.872320    34.1867      34404         16  0.000e+00
     48.694    -0.7680   2.780161    -0.7680   2.780518    7.57740     0.1833    13.8155 0.0000e+00  -60.61617  -54.99633 1153428967 201.872321    34.1869      34405         16  0.000e+00
     48.761    -0.7677   2.780135    -0.7691   2.780373    7.57744     0.1403    13.8155 0.0000e+00  -60.61617  -54.99633 1153428967 201.872321    34.1862      34406         16  0.000e+00
     48.761    -0.7685   2.780065    -0.7711   2.780234    7.58229     0.1726    13.8155 0.0000e+00  -60.61617  -54.99633 1153428967 201.872322    34.1861      34407         16  0.000e+00
     48.837    -0.7693   2.779943    -0.7723   2.780118    7.57789     0.2048    13.8155 0.0000e+00  -60.61617  -54.99633 1153428967 201.872322    34.1853      34408         16  0.000e+00
     48.837    -0.7699   2.779838    -0.7729   2.780037    7.57806     0.1833    13.8155 0.0000e+00  -60.61617  -54.99633 1153428967 201.872323    34.1845      34409         16  0.000e+00
     48.904    -0.7716   2.779871    -0.7739   2.779996    7.57836     0.1833    13.8155 0.0000e+00  -60.61617  -54.99633 1153428967 201.872323    34.1868      34410         16  0.000e+00
     48.904    -0.7696   2.780494    -0.7743   2.779950    7.57762     0.1833    13.8155 0.0000e+00  -60.61617  -54.99633 1153428967 201.872323    34.1931      34411         16  0.000e+00
     50.869    -0.7274   2.784308    -0.7295   2.784435    7.60811     0.1833    13.8155 0.0000e+00  -60.61617  -54.99633 1153428969 201.872354    34.1957      34474         17  0.000e+00
     50.659    -0.7265   2.784400    -0.7308   2.784284    7.60299     0.1510    13.8155 0.0000e+00  -60.61617  -54.99633 1153428970 201.872354    34.1960      34475         17  0.000e+00
     50.869    -0.7258   2.784463    -0.7313   2.784237    7.60776     0.1833    13.8155 0.0000e+00  -60.61617  -54.99633 1153428970 201.872355    34.1960      34476         17  0.000e+00
     50.793    -0.7257   2.784506    -0.7319   2.784168    7.60763     0.2263    13.8155 0.0000e+00  -60.61617  -54.99633 1153428970 201.872355    34.1965      34477         17  0.000e+00
     50.793    -0.7255   2.784318    -0.7335   2.783970    7.60773     0.2694    13.8155 0.0000e+00  -60.61617  -54.99633 1153428970 201.872356    34.1937      34478         17  0.000e+00
     50.936    -0.7286   2.783678    -0.7385   2.783593    7.60881     0.2694    13.8155 0.0000e+00  -60.61617  -54.99633 1153428970 201.872356    34.1885      34479         17  0.000e+00
     50.793    -0.7360   2.782820    -0.7419   2.783268    7.61039     0.2694    13.8155 0.0000e+00  -60.61617  -54.99633 1153428970 201.872357    34.1854      34480         17  0.000e+00
     50.793    -0.7418   2.782342    -0.7422   2.783112    7.61161     0.2263    13.8155 0.0000e+00  -60.61617  -54.99633 1153428970 201.872357    34.1855      34481         17  0.000e+00
     50.869    -0.7458   2.782210    -0.7428   2.783106    7.61707     0.1833    13.8155 0.0000e+00  -60.61617  -54.99633 1153428970 201.872358    34.1881      34482         17  0.000e+00
     50.869    -0.7473   2.782164    -0.7427   2.783135    7.61733     0.1618    13.8155 0.0000e+00  -60.61617  -54.99633 1153428970 201.872358    34.1891      34483         17  0.000e+00
     50.869    -0.7482   2.782081    -0.7413   2.783286    7.61754     0.1833    13.8155 0.0000e+00  -60.61617  -54.99633 1153428970 201.872359    34.1891      34484         17  0.000e+00
     50.869    -0.7485   2.782197    -0.7396   2.783506    7.61750     0.2048    13.8155 0.0000e+00  -60.61617  -54.99633 1153428970 201.872359    34.1910      34485         17  0.000e+00
     50.936    -0.7481   2.782322    -0.7400   2.783529    7.61742     0.2048    13.8155 0.0000e+00  -60.61617  -54.99633 1153428970 201.872360    34.1922      34486         17  0.000e+00
     50.869    -0.7469   2.782470    -0.7428   2.783274    7.61707     0.2263    13.8155 0.0000e+00  -60.61617  -54.99633 1153428970 201.872360    34.1929      34487         17  0.000e+00
     50.869    -0.7453   2.782540    -0.7484   2.782793    7.61677     0.2048    13.8155 0.0000e+00  -60.61617  -54.99633 1153428970 201.872361    34.1920      34488         17  0.000e+00
     50.936    -0.7445   2.782566    -0.7504   2.782444    7.61669     0.1833    13.8155 0.0000e+00  -60.61617  -54.99633 1153428970 201.872361    34.1914      34489         17  0.000e+00
     50.860    -0.7447   2.782559    -0.7496   2.782381    7.61665     0.1618    13.8155 0.0000e+00  -60.61617  -54.99633 1153428970 201.872362    34.1916      34490         17  0.000e+00
     50.869    -0.7454   2.782566    -0.7488   2.782456    7.61676     0.1941    13.8155 0.0000e+00  -60.61617  -54.99633 1153428970 201.872362    34.1925      34491         17  0.000e+00
     50.936    -0.7456   2.782592    -0.7484   2.782439    7.61685     0.2263    13.8155 0.0000e+00  -60.61617  -54.99633 1153428970 201.872363    34.1931      34492         17  0.000e+00
     50.870    -0.7453   2.782612    -0.7467   2.782549    7.61671     0.2048    13.8155 0.0000e+00  -60.61617  -54.99633 1153428970 201.872363    34.1929      34493         17  0.000e+00
     50.936    -0.7449   2.782632    -0.7457   2.782729    7.61670     0.2263    13.8155 0.0000e+00  -60.61617  -54.99633 1153428970 201.872364    34.1927      34494         17  0.000e+00
     50.870    -0.7448   2.782609    -0.7457   2.782810    7.62132     0.2694    13.8155 0.0000e+00  -60.61617  -54.99633 1153428970 201.872364    34.1923      34495         17  0.000e+00
     50.936    -0.7464   2.782411    -0.7459   2.782804    7.62178     0.2586    13.8155 0.0000e+00  -60.61617  -54.99633 1153428970 201.872364    34.1914      34496         17  0.000e+00
     50.870    -0.7494   2.782289    -0.7456   2.782816    7.61757     0.2694    13.8155 0.0000e+00  -60.61617  -54.99633 1153428970 201.872365    34.1933      34497         17  0.000e+00
     50.870    -0.7506   2.782259    -0.7450   2.782926    7.61777     0.2479    13.8155 0.0000e+00  -60.61617  -54.99633 1153428970 201.872365    34.1942      34498         17  0.000e+00
     50.870    -0.7501   2.782467    -0.7433   2.783077    7.61754     0.2479    13.8155 0.0000e+00  -60.61617  -54.99633 1153428971 201.872366    34.1964      34499         17  0.000e+00
     50.870    -0.7473   2.782681    -0.7414   2.783234    7.62166     0.2371    13.8155 0.0000e+00  -60.61617  -54.99633 1153428971 201.872366    34.1962      34500         17  0.000e+00
     50.870    -0.7451   2.782744    -0.7405   2.783355    7.62128     0.2371    13.8155 0.0000e+00  -60.61617  -54.99633 1153428971 201.872367    34.1945      34501         17  0.000e+00
     50.936    -0.7439   2.782771    -0.7398   2.783419    7.62115     0.2263    13.8155 0.0000e+00  -60.61617  -54.99633 1153428971 201.872367    34.1935      34502         17  0.000e+00
     50.793    -0.7437   2.782741    -0.7402   2.783396    7.62099     0.2263    13.8155 0.0000e+00  -60.61617  -54.99633 1153428971 201.872368    34.1930      34503         17  0.000e+00
     50.870    -0.7432   2.782751    -0.7408   2.783321    7.62098     0.2048    13.8155 0.0000e+00  -60.61617  -54.99633 1153428971 201.872368    34.1924      34504         17  0.000e+00
     50.870    -0.7435   2.782787    -0.7405   2.783280    7.62101     0.2156    13.8155 0.0000e+00  -60.61617  -54.99633 1153428971 201.872369    34.1934      34505         17  0.000e+00
     50.870    -0.7434   2.782784    -0.7433   2.783239    7.62100     0.2263    13.8155 0.0000e+00  -60.61617  -54.99633 1153428971 201.872369    34.1932      34506         17  0.000e+00
     50.793    -0.7431   2.782774    -0.7447   2.783164    7.62087     0.2263    13.8155 0.0000e+00  -60.61617  -54.99633 1153428971 201.872370    34.1927      34507         17  0.000e+00
     50.870    -0.7422   2.782790    -0.7454   2.783199    7.62081     0.2479    13.8155 0.0000e+00  -60.61617  -54.99633 1153428971 201.872370    34.1919      34508         17  0.000e+00
     50.793    -0.7426   2.782817    -0.7473   2.783141    7.62077     0.2694    13.8155 0.0000e+00  -60.61617  -54.99633 1153428971 201.872371    34.1928      34509         17  0.000e+00
     50.793    -0.7421   2.782820    -0.7472   2.783117    7.62068     0.2263    13.8155 0.0000e+00  -60.61617  -54.99633 1153428971 201.872371    34.1922      34510         17  0.000e+00
     50.793    -0.7423   2.782807    -0.7462   2.783135    7.62073     0.1941    13.8155 0.0000e+00  -60.61617  -54.99633 1153428971 201.872372    34.1923      34511         17  0.000e+00
     50.727    -0.7416   2.782846    -0.7454   2.783286    7.62052     0.1833    13.8155 0.0000e+00  -60.61617  -54.99633 1153428971 201.872372    34.1921      34512         17  0.000e+00
     50.794    -0.7410   2.782902    -0.7436   2.783425    7.62046     0.1941    13.8155 0.0000e+00  -60.61617  -54.99633 1153428971 201.872373    34.1921      34513         17  0.000e+00
     50.794    -0.7404   2.782975    -0.7407   2.783558    7.62032     0.2048    13.8155 0.0000e+00  -60.61617  -54.99633 1153428971 201.872373    34.1924      34514         17  0.000e+00
     50.727    -0.7399   2.782998    -0.7390   2.783674    7.62016     0.1618    13.8155 0.0000e+00  -60.61617  -54.99633 1153428971 201.872374    34.1922      34515         17  0.000e+00
     50.727    -0.7398   2.783084    -0.7375   2.783721    7.62008     0.1833    13.8155 0.0000e+00  -60.61617  -54.99633 1153428971 201.872374    34.1933      34516         17  0.000e+00
     50.727    -0.7401   2.783127    -0.7372   2.783744    7.62009     0.1618    13.8155 0.0000e+00  -60.61617  -54.99633 1153428971 201.872375    34.1941      34517         17  0.000e+00
     50.727    -0.7398   2.783117    -0.7372   2.783715    7.62006     0.1618    13.8155 0.0000e+00  -60.61617  -54.99633 1153428971 201.872375    34.1937      34518         17  0.000e+00
     50.660    -0.7388   2.783110    -0.7365   2.783686    7.61984     0.1188    13.8155 0.0000e+00  -60.61617  -54.99633 1153428971 201.872376    34.1925      34519         17  0.000e+00
     50.727    -0.7384   2.783213    -0.7349   2.783773    7.61978     0.1403    13.8155 0.0000e+00  -60.61617  -54.99633 1153428971 201.872376    34.1934      34520         17  0.000e+00
     50.660    -0.7380   2.783246    -0.7335   2.783907    7.61963     0.1726    13.8155 0.0000e+00  -60.61617  -54.99633 1153428971 201.872377    34.1935      34521         17  0.000e+00
     50.660    -0.7372   2.783265    -0.7332   2.783959    7.61948     0.1403    13.8155 0.0000e+00  -60.61617  -54.99633 1153428971 201.872377    34.1928      34522         17  0.000e+00
     50.517    -0.7380   2.783206    -0.7319   2.784150    7.61950     0.1618    13.8155 0.0000e+00  -60.61617  -54.99633 1153428972 201.872381    34.1930      34530         18  0.000e+00
     50.450    -0.7372   2.783292    -0.7316   2.784208    7.61924     0.1403    13.8155 0.0000e+00  -60.61617  -54.99633 1153428972 201.872381    34.1933      34531         18  0.000e+00
     50.584    -0.7360   2.783427    -0.7319   2.784231    7.61911     0.1833    13.8155 0.0000e+00  -60.61617  -54.99633 1153428972 201.872382    34.1937      34532         18  0.000e+00
     50.517    -0.7353   2.783486    -0.7318   2.784231    7.61889     0.2048    13.8155 0.0000e+00  -60.61617  -54.99633 1153428972 201.872382    34.1937      34533         18  0.000e+00
     50.451    -0.7348   2.783542    -0.7318   2.784191    7.61870     0.2263    13.8155 0.0000e+00  -60.61617  -54.99633 1153428972 201.872383    34.1940      34534         18  0.000e+00
     50.451    -0.7345   2.783575    -0.7313   2.784197    7.61864     0.2263    13.8155 0.0000e+00  -60.61617  -54.99633 1153428972 201.872383    34.1941      34535         18  0.000e+00
     50.517    -0.7340   2.783645    -0.7314   2.784237    7.61858     0.2263    13.8155 0.0000e+00  -60.61617  -54.99633 1153428972 201.872384    34.1944      34536         18  0.000e+00
     50.374    -0.7336   2.783754    -0.7316   2.784255    7.61828     0.2263    13.8155 0.0000e+00  -60.61617  -54.99633 1153428972 201.872384    34.1955      34537         18  0.000e+00
     50.451    -0.7324   2.783780    -0.7311   2.784255    7.61817     0.2263    13.8155 0.0000e+00  -60.61617  -54.99633 1153428972 201.872385    34.1944      34538         18  0.000e+00
     50.374    -0.7330   2.783697    -0.7316   2.784237    7.61823     0.2371    13.8155 0.0000e+00  -60.61617  -54.99633 1153428972 201.872385    34.1940      34539         18  0.000e+00
     50.374    -0.7336   2.783635    -0.7316   2.784214    7.61838     0.2156    13.8155 0.0000e+00  -60.61617  -54.99633 1153428972 201.872386    34.1939      34540         18  0.000e+00
     50.451    -0.7336   2.783589    -0.7319   2.784202    7.61848     0.2479    13.8155 0.0000e+00  -60.61617  -54.99633 1153428972 201.872386    34.1932      34541         18  0.000e+00
     50.308    -0.7338   2.783565    -0.7314   2.784185    7.61838     0.2694    13.8155 0.0000e+00  -60.61617  -54.99633 1153428972 201.872387    34.1932      34542         18  0.000e+00
     50.374    -0.7343   2.783542    -0.7322   2.784214    7.61855     0.2263    13.8155 0.0000e+00  -60.61617  -54.99633 1153428972 201.872387    34.1935      34543         18  0.000e+00
     50.308    -0.7357   2.783453    -0.7322   2.784191    7.61875     0.1833    13.8155 0.0000e+00  -60.61617  -54.99633 1153428972 201.872388    34.1939      34544         18  0.000e+00
     50.308    -0.7370   2.783338    -0.7322   2.784156    7.61904     0.2263    13.8155 0.0000e+00  -60.61617  -54.99633 1153428972 201.872388    34.1938      34545         18  0.000e+00
     50.308    -0.7374   2.783282    -0.7336   2.784110    7.61914     0.2694    13.8155 0.0000e+00  -60.61617  -54.99633 1153428972 201.872389    34.1935      34546         18  0.000e+00
     50.308    -0.7375   2.783232    -0.7344   2.784017    7.61918     0.2479    13.8155 0.0000e+00  -60.61617  -54.99633 1153428972 201.872389    34.1929      34547         18  0.000e+00
