product_data/regression_test/downloaded_data/MDGS/320620060703/ctd/p6619707.ros
* Sea-Bird SBE 9 Data File:
* FileName = D:\Data\Raw\p6619707.dat
* Software Version Seasave Win32 V 5.32
* Temperature SN = 1649
* Conductivity SN = 1431
* Number of Bytes Per Scan = 37
* Number of Voltage Words = 5
* Number of Scans Averaged by the Deck Unit = 1
* NMEA Latitude = 60 44.99 S
* NMEA Longitude = 058 22.50 W
* NMEA UTC (Time) = 17:29:23
** Ship:   Nathaniel B. Palmer 
** Cruise:    NBP0606 
# nquan = 17
# nvalues = 1176                    
# units = specified
# name 0 = prDM: Pressure, Digiquartz [db]
# name 1 = t090C: Temperature [ITS-90, deg C]
# name 2 = c0S/m: Conductivity [S/m]
# name 3 = t190C: Temperature, 2 [ITS-90, deg C]
# name 4 = c1S/m: Conductivity, 2 [S/m]
# name 5 = sbeox0ML/L: Oxygen, SBE 43 [ml/l]
# name 6 = flECO-AFL: Fluorescence, Wetlab ECO-AFL/FL [mg/m^3]
# name 7 = bat: Beam Attenuation, Chelsea/Seatech/Wetlab CStar [1/m]
# name 8 = spar: SPAR/Surface Irradiance
# name 9 = latitude: Latitude [deg]
# name 10 = longitude: Longitude [deg]
# name 11 = timeY: Time, System [seconds]
# name 12 = timeJ: Julian Days
# name 13 = sal00: Salinity [PSU]
# name 14 = scan: scan number
# name 15 = nbf: number of bottles fired
# name 16 = flag:  0.000e+00
# interval = seconds: 0.0416667                   
# start_time = Jul 25 2006 17:29:31
*END*
[from data line 86]
    300.478     2.1099   3.064542     2.1110   3.064943    4.43523    -0.0642    13.8155 2.6884e+02  -60.74983  -58.37500 1153849180 206.735901    34.5423      14661          2  0.000e+00
    300.449     2.1098   3.064569     2.1113   3.064937    4.43521    -0.0749    13.8155 2.6884e+02  -60.74983  -58.37500 1153849180 206.735901    34.5428      14662          2  0.000e+00
    300.382     2.1096   3.064525     2.1112   3.064907    4.43520    -0.0642    13.8155 2.6884e+02  -60.74983  -58.37500 1153849180 206.735902    34.5425      14663          2  0.000e+00
    300.402     2.1098   3.064507     2.1109   3.064907    4.43069    -0.0426    13.8155 2.6884e+02  -60.74983  -58.37500 1153849180 206.735902    34.5421      14664          2  0.000e+00
    300.382     2.1102   3.064487     2.1109   3.064913    4.43516    -0.0426    13.8155 2.6884e+02  -60.74983  -58.37500 1153849180 206.735903    34.5413      14665          2  0.000e+00
    300.382     2.1099   3.064518     2.1109   3.064889    4.43518    -0.0104    13.8155 2.6884e+02  -60.74983  -58.37500 1153849180 206.735903    34.5421      14666          2  0.000e+00
    300.335     2.1098   3.064511     2.1111   3.064901    4.43516    -0.0319    13.8155 2.7079e+02  -60.74983  -58.37500 1153849180 206.735904    34.5422      14667          2  0.000e+00
    300.239     2.1101   3.064525     2.1112   3.064913    4.43507    -0.0211    13.8155 2.7079e+02  -60.74983  -58.37500 1153849180 206.735904    34.5421      14668          2  0.000e+00
    300.306     2.1098   3.064531     2.1109   3.064876    4.43063    -0.0426    13.8155 2.7079e+02  -60.74983  -58.37500 1153849180 206.735905    34.5424      14669          2  0.000e+00
    300.191     2.1105   3.064549     2.1110   3.064876    4.43048    -0.0964    13.8155 2.7079e+02  -60.74983  -58.37500 1153849180 206.735905    34.5419      14670          2  0.000e+00
    300.239     2.1098   3.064535     2.1109   3.064901    4.43510    -0.0534    13.8155 2.7079e+02  -60.74983  -58.37500 1153849180 206.735906    34.5425      14671          2  0.000e+00
    300.172     2.1098   3.064531     2.1109   3.064913    4.43506     0.0112    13.8155 2.7079e+02  -60.74983  -58.37500 1153849180 206.735906    34.5425      14672          2  0.000e+00
    300.946     2.1110   3.064755     2.1117   3.065021    4.43534    -0.0534    13.8155 2.7079e+02  -60.74983  -58.37500 1153849185 206.735965    34.5435      14795          3  0.000e+00
    300.965     2.1109   3.064721     2.1114   3.065021    4.43537    -0.0319    13.8155 2.7079e+02  -60.74983  -58.37500 1153849186 206.735966    34.5432      14796          3  0.000e+00
    300.946     2.1104   3.064738     2.1117   3.065039    4.43540    -0.0319    13.8155 2.7274e+02  -60.74983  -58.37500 1153849186 206.735966    34.5440      14797          3  0.000e+00
    300.870     2.1109   3.064714     2.1113   3.065045    4.43532    -0.0534    13.8155 2.7274e+02  -60.74983  -58.37500 1153849186 206.735967    34.5432      14798          3  0.000e+00
    300.965     2.1112   3.064704     2.1118   3.065069    4.43535    -0.0857    13.8155 2.7274e+02  -60.74983  -58.37500 1153849186 206.735967    34.5427      14799          3  0.000e+00
    301.013     2.1109   3.064738     2.1119   3.065033    4.43089    -0.0964    13.8155 2.7274e+02  -60.74983  -58.37500 1153849186 206.735968    34.5434      14800          3  0.000e+00
    300.946     2.1109   3.064714     2.1112   3.065039    4.43085    -0.0749    13.8155 2.7274e+02  -60.74983  -58.37500 1153849186 206.735968    34.5432      14801          3  0.000e+00
    300.965     2.1105   3.064738     2.1116   3.065027    4.43089    -0.0534    13.8155 2.7274e+02  -60.74983  -58.37500 1153849186 206.735969    34.5438      14802          3  0.000e+00
    300.946     2.1109   3.064714     2.1117   3.065057    4.43085    -0.0534    13.8155 2.7274e+02  -60.74983  -58.37500 1153849186 206.735969    34.5432      14803          3  0.000e+00
    300.946     2.1107   3.064704     2.1118   3.065057    4.43538    -0.0642    13.8155 2.7274e+02  -60.74983  -58.37500 1153849186 206.735970    34.5432      14804          3  0.000e+00
    300.965     2.1109   3.064738     2.1116   3.065051    4.43536    -0.0642    13.8155 2.7274e+02  -60.74983  -58.37500 1153849186 206.735970    34.5434      14805          3  0.000e+00
    301.013     2.1107   3.064714     2.1118   3.065027    4.43542    -0.0211    13.8155 2.7274e+02  -60.74983  -58.37500 1153849186 206.735971    34.5433      14806          3  0.000e+00
    300.965     2.1109   3.064721     2.1113   3.065039    4.43537    -0.0534    13.8155 2.7274e+02  -60.74983  -58.37500 1153849186 206.735971    34.5432      14807          3  0.000e+00
    300.946     2.1102   3.064728     2.1110   3.065021    4.43542    -0.0426    13.8155 2.7274e+02  -60.74983  -58.37500 1153849186 206.735972    34.5440      14808          3  0.000e+00
    301.013     2.1109   3.064728     2.1113   3.065039    4.43540    -0.0534    13.8155 2.7274e+02  -60.74983  -58.37500 1153849186 206.735972    34.5433      14809          3  0.000e+00
    300.965     2.1109   3.064728     2.1114   3.065051    4.43537    -0.0534    13.8155 2.7274e+02  -60.74983  -58.37500 1153849186 206.735973    34.5433      14810          3  0.000e+00
    301.013     2.1109   3.064690     2.1111   3.065051    4.43090    -0.0534    13.8155 2.7274e+02  -60.74983  -58.37500 1153849186 206.735973    34.5428      14811          3  0.000e+00
    300.946     2.1110   3.064731     2.1114   3.065069    4.43535    -0.0964    13.8155 2.7274e+02  -60.74983  -58.37500 1153849186 206.735974    34.5432      14812          3  0.000e+00
    300.965     2.1109   3.064731     2.1114   3.065033    4.43086    -0.0749    13.8155 2.7274e+02  -60.74983  -58.37500 1153849186 206.735974    34.5434      14813          3  0.000e+00
    301.013     2.1105   3.064707     2.1117   3.065039    4.43544    -0.0642    13.8155 2.7274e+02  -60.74983  -58.37500 1153849186 206.735975    34.5434      14814          3  0.000e+00
    300.946     2.1102   3.064738     2.1115   3.065045    4.43541    -0.0857    13.8155 2.7274e+02  -60.74983  -58.37500 1153849186 206.735975    34.5442      14815          3  0.000e+00
    301.042     2.1112   3.064714     2.1114   3.065027    4.43540    -0.0534    13.8155 2.7274e+02  -60.74983  -58.37500 1153849186 206.735976    34.5428      14816          3  0.000e+00
    300.946     2.1107   3.064738     2.1117   3.065039    4.43537    -0.0426    13.8155 2.7274e+02  -60.74983  -58.37500 1153849186 206.735976    34.5437      14817          3  0.000e+00
    301.013     2.1109   3.064752     2.1117   3.065051    4.43088    -0.0319    13.8155 2.7274e+02  -60.74983  -58.37500 1153849186 206.735977    34.5436      14818          3  0.000e+00
    300.965     2.1107   3.064731     2.1112   3.065027    4.43087    -0.0534    13.8155 2.7079e+02  -60.74983  -58.37500 1153849187 206.735977    34.5436      14819          3  0.000e+00
    301.013     2.1107   3.064762     2.1117   3.065039    4.43089    -0.0534    13.8155 2.7079e+02  -60.74983  -58.37500 1153849187 206.735978    34.5439      14820          3  0.000e+00
    300.946     2.1107   3.064738     2.1110   3.065045    4.43086    -0.0642    13.8155 2.7079e+02  -60.74983  -58.37500 1153849187 206.735978    34.5437      14821          3  0.000e+00
    301.042     2.1109   3.064690     2.1117   3.065051    4.43092    -0.0319    13.8155 2.7274e+02  -60.74983  -58.37500 1153849187 206.735978    34.5428      14822          3  0.000e+00
    300.946     2.1112   3.064714     2.1117   3.065027    4.43083     0.0219    13.8155 2.7274e+02  -60.74983  -58.37500 1153849187 206.735979    34.5428      14823          3  0.000e+00
    301.013     2.1107   3.064707     2.1120   3.065039    4.43091     0.0327    13.8155 2.7274e+02  -60.74983  -58.37500 1153849187 206.735979    34.5432      14824          3  0.000e+00
    300.965     2.1110   3.064738     2.1114   3.065027    4.43084    -0.0104    13.8155 2.7274e+02  -60.74983  -58.37500 1153849187 206.735980    34.5433      14825          3  0.000e+00
    301.013     2.1105   3.064697     2.1114   3.065015    4.43093    -0.0642    13.8155 2.7274e+02  -60.74983  -58.37500 1153849187 206.735980    34.5433      14826          3  0.000e+00
    300.946     2.1109   3.064714     2.1116   3.065039    4.43085    -0.1072    13.8155 2.7274e+02  -60.74983  -58.37500 1153849187 206.735981    34.5432      14827          3  0.000e+00
    301.042     2.1104   3.064690     2.1115   3.065051    4.43096    -0.0534    13.8155 2.7274e+02  -60.74983  -58.37500 1153849187 206.735981    34.5433      14828          3  0.000e+00
    300.946     2.1105   3.064752     2.1116   3.065027    4.43538    -0.0319    13.8155 2.7274e+02  -60.74983  -58.37500 1153849187 206.735982    34.5440      14829          3  0.000e+00
    301.042     2.1104   3.064738     2.1114   3.065039    4.43546    -0.0104    13.8155 2.7274e+02  -60.74983  -58.37500 1153849187 206.735982    34.5439      14830          3  0.000e+00
    300.946     2.1110   3.064707     2.1116   3.065051    4.43084    -0.0319    13.8155 2.7274e+02  -60.74983  -58.37500 1153849187 206.735983    34.5429      14831          3  0.000e+00
    301.013     2.1109   3.064721     2.1115   3.065069    4.43089    -0.0426    13.8155 2.7274e+02  -60.74983  -58.37500 1153849187 206.735983    34.5432      14832          3  0.000e+00
    300.965     2.1105   3.064707     2.1113   3.065057    4.43090    -0.0534    13.8155 2.7274e+02  -60.74983  -58.37500 1153849187 206.735984    34.5434      14833          3  0.000e+00
    300.946     2.1107   3.064704     2.1117   3.065009    4.43087    -0.0319    13.8155 2.7274e+02  -60.74983  -58.37500 1153849187 206.735984    34.5432      14834          3  0.000e+00
    301.013     2.1104   3.064738     2.1114   3.065015    4.43093    -0.0749    13.8155 2.7274e+02  -60.74983  -58.37500 1153849187 206.735985    34.5439      14835          3  0.000e+00
    301.042     2.1109   3.064769     2.1116   3.065021    4.43089    -0.0534    13.8155 2.7274e+02  -60.74983  -58.37500 1153849187 206.735985    34.5438      14836          3  0.000e+00
    300.946     2.1105   3.064738     2.1117   3.065039    4.43539    -0.0319    13.8155 2.7469e+02  -60.74983  -58.37500 1153849187 206.735986    34.5438      14837          3  0.000e+00
    301.013     2.1102   3.064745     2.1111   3.065045    4.43094     0.0004    13.8155 2.7469e+02  -60.74983  -58.37500 1153849187 206.735986    34.5442      14838          3  0.000e+00
    301.042     2.1112   3.064731     2.1123   3.065069    4.43088     0.0112    13.8155 2.7469e+02  -60.74983  -58.37500 1153849187 206.735987    34.5430      14839          3  0.000e+00
    300.946     2.1112   3.064745     2.1114   3.065033    4.43081    -0.0426    13.8155 2.7469e+02  -60.74983  -58.37500 1153849187 206.735987    34.5432      14840          3  0.000e+00
    301.013     2.1109   3.064731     2.1120   3.065039    4.43089    -0.0319    13.8155 2.7469e+02  -60.74983  -58.37500 1153849187 206.735988    34.5434      14841          3  0.000e+00
    300.965     2.1110   3.064707     2.1117   3.065051    4.43085    -0.0104    13.8155 2.7469e+02  -60.74983  -58.37500 1153849187 206.735988    34.5429      14842          3  0.000e+00
    301.013     2.1107   3.064721     2.1115   3.065051    4.43090    -0.0319    13.8155 2.7274e+02  -60.74983  -58.37500 1153849188 206.735989    34.5433      14843          3  0.000e+00
    300.237     2.1098   3.064556     2.1103   3.064895    4.44862    -0.0319    13.8155 2.8053e+02  -60.74983  -58.37500 1153849192 206.736046    34.5428      14961          4  0.000e+00
    300.122     2.1096   3.064555     2.1106   3.064864    4.46210    -0.0104    13.8155 2.8053e+02  -60.74983  -58.37500 1153849192 206.736046    34.5430      14962          4  0.000e+00
    300.094     2.1098   3.064576     2.1106   3.064852    4.45755    -0.0642    13.8155 2.8053e+02  -60.74983  -58.37500 1153849193 206.736046    34.5431      14963          4  0.000e+00
    300.027     2.1099   3.064562     2.1103   3.064852    4.44848    -0.0964    13.8155 2.8053e+02  -60.74983  -58.37500 1153849193 206.736047    34.5428      14964          4  0.000e+00
    300.122     2.1101   3.064555     2.1103   3.064852    4.44401    -0.0642    13.8155 2.7858e+02  -60.74983  -58.37500 1153849193 206.736047    34.5424      14965          4  0.000e+00
    299.950     2.1099   3.064576     2.1104   3.064822    4.44391    -0.0534    13.8155 2.7858e+02  -60.74983  -58.37500 1153849193 206.736048    34.5431      14966          4  0.000e+00
    300.027     2.1099   3.064583     2.1102   3.064816    4.44396    -0.0964    13.8155 2.8053e+02  -60.74983  -58.37500 1153849193 206.736048    34.5431      14967          4  0.000e+00
    299.979     2.1098   3.064542     2.1099   3.064804    4.44396    -0.0964    13.8155 2.8053e+02  -60.74983  -58.37500 1153849193 206.736049    34.5428      14968          4  0.000e+00
    300.027     2.1099   3.064569     2.1098   3.064798    4.44396    -0.0642    13.8155 2.8053e+02  -60.74983  -58.37500 1153849193 206.736049    34.5429      14969          4  0.000e+00
    300.027     2.1098   3.064542     2.1103   3.064798    4.44399    -0.0642    13.8155 2.8053e+02  -60.74983  -58.37500 1153849193 206.736050    34.5427      14970          4  0.000e+00
    299.979     2.1098   3.064511     2.1098   3.064798    4.44397    -0.0426    13.8155 2.8053e+02  -60.74983  -58.37500 1153849193 206.736050    34.5424      14971          4  0.000e+00
    299.950     2.1096   3.064524     2.1104   3.064786    4.44396    -0.0319    13.8155 2.8053e+02  -60.74983  -58.37500 1153849193 206.736051    34.5427      14972          4  0.000e+00
    300.094     2.1098   3.064531     2.1098   3.064792    4.44403    -0.0534    13.8155 2.8053e+02  -60.74983  -58.37500 1153849193 206.736051    34.5426      14973          4  0.000e+00
    299.979     2.1098   3.064549     2.1099   3.064774    4.44395    -0.0211    13.8155 2.8053e+02  -60.74983  -58.37500 1153849193 206.736052    34.5428      14974          4  0.000e+00
    299.950     2.1098   3.064535     2.1102   3.064768    4.44394    -0.0426    13.8155 2.8053e+02  -60.74983  -58.37500 1153849193 206.736052    34.5427      14975          4  0.000e+00
    300.027     2.1091   3.064531     2.1097   3.064744    4.44405    -0.0749    13.8155 2.8053e+02  -60.74983  -58.37500 1153849193 206.736053    34.5433      14976          4  0.000e+00
    299.979     2.1098   3.064549     2.1096   3.064756    4.44395    -0.0426    13.8155 2.8053e+02  -60.74983  -58.37500 1153849193 206.736053    34.5428      14977          4  0.000e+00
    300.026     2.1099   3.064555     2.1097   3.064756    4.44397    -0.0319    13.8155 2.8053e+02  -60.74983  -58.37500 1153849193 206.736054    34.5428      14978          4  0.000e+00
    300.026     2.1099   3.064593     2.1098   3.064786    4.44396    -0.0749    13.8155 2.8053e+02  -60.74983  -58.37500 1153849193 206.736054    34.5432      14979          4  0.000e+00
    299.979     2.1104   3.064607     2.1105   3.064774    4.44388    -0.0749    13.8155 2.8053e+02  -60.74983  -58.37500 1153849193 206.736055    34.5429      14980          4  0.000e+00
    300.026     2.1099   3.064607     2.1101   3.064804    4.44395    -0.0426    13.8155 2.8053e+02  -60.74983  -58.37500 1153849193 206.736055    34.5434      14981          4  0.000e+00
    299.950     2.1102   3.064624     2.1103   3.064804    4.44387    -0.0642    13.8155 2.8248e+02  -60.74983  -58.37500 1153849193 206.736056    34.5433      14982          4  0.000e+00
    299.979     2.1101   3.064631     2.1098   3.064786    4.44390    -0.0749    13.8155 2.8248e+02  -60.74983  -58.37500 1153849193 206.736056    34.5435      14983          4  0.000e+00
