product_data/regression_test/downloaded_data/MDGS/320620060703/ctd/p6619505.ros
* Sea-Bird SBE 9 Data File:
* FileName = D:\Data\Raw\p6619505.dat
* Software Version Seasave Win32 V 5.32
* Temperature SN = 1649
* Conductivity SN = 1431
* Number of Bytes Per Scan = 37
* Number of Voltage Words = 5
* Number of Scans Averaged by the Deck Unit = 1
* NMEA Latitude = 60 45.25 S
* NMEA Longitude = 056 54.10 W
* NMEA UTC (Time) = 18:24:37
** Ship:   Nathaniel B. Palmer 
** Cruise:    NBP0606 
# nquan = 17
# nvalues = 1176                    
# units = specified
# name 0 = prDM: Pressure, Digiquartz [db]
# name 1 = t090C: Temperature [ITS-90, deg C]
# name 2 = c0S/m: Conductivity [S/m]
# name 3 = t190C: Temperature, 2 [ITS-90, deg C]
# name 4 = c1S/m: Conductivity, 2 [S/m]
# name 5 = sbeox0ML/L: Oxygen, SBE 43 [ml/l]
# name 6 = flECO-AFL: Fluorescence, Wetlab ECO-AFL/FL [mg/m^3]
# name 7 = bat: Beam Attenuation, Chelsea/Seatech/Wetlab CStar [1/m]
# name 8 = spar: SPAR/Surface Irradiance
# name 9 = latitude: Latitude [deg]
# name 10 = longitude: Longitude [deg]
# name 11 = timeY: Time, System [seconds]
# name 12 = timeJ: Julian Days
# name 13 = sal00: Salinity [PSU]
# name 14 = scan: scan number
# name 15 = nbf: number of bottles fired
# name 16 = flag:  0.000e+00
# interval = seconds: 0.0416667                   
# start_time = Jul 24 2006 18:24:45
*END*
[from data line 256]
    149.626     1.5367   2.993184     1.5389   2.992992    5.14382    -0.0964    13.8155 3.7015e+01  -60.75417  -56.90167 1153768592 205.803160    34.3548      74594          6  0.000e+00
    149.559     1.5411   2.993481     1.5426   2.993320    5.13870    -0.1072    13.8155 3.5067e+01  -60.75417  -56.90167 1153768592 205.803161    34.3538      74595          6  0.000e+00
    149.626     1.5463   2.993637     1.5452   2.993582    5.14263    -0.0964    13.8155 3.7015e+01  -60.75417  -56.90167 1153768592 205.803161    34.3501      74596          6  0.000e+00
    149.559     1.5485   2.993780     1.5465   2.993755    5.14229    -0.0749    13.8155 3.7015e+01  -60.75417  -56.90167 1153768592 205.803162    34.3495      74597          6  0.000e+00
    149.626     1.5499   2.993944     1.5498   2.993701    5.14213    -0.0964    13.8155 3.5067e+01  -60.75417  -56.90167 1153768592 205.803162    34.3500      74598          6  0.000e+00
    149.636     1.5516   2.994090     1.5498   2.993612    5.13741    -0.0749    13.8155 3.5067e+01  -60.75417  -56.90167 1153768592 205.803163    34.3500      74599          6  0.000e+00
    149.559     1.5532   2.994145     1.5507   2.993677    5.13716    -0.0426    13.8155 3.5067e+01  -60.75417  -56.90167 1153768592 205.803163    34.3490      74600          6  0.000e+00
    149.559     1.5540   2.994203     1.5510   2.993856    5.14154    -0.0642    13.8155 3.5067e+01  -60.75417  -56.90167 1153768592 205.803164    34.3488      74601          6  0.000e+00
    149.626     1.5549   2.994223     1.5518   2.994089    5.13700    -0.0964    13.8155 3.5067e+01  -60.75417  -56.90167 1153768592 205.803164    34.3481      74602          6  0.000e+00
    149.559     1.5546   2.994223     1.5530   2.994280    5.14147    -0.0964    13.8155 3.5067e+01  -60.75417  -56.90167 1153768592 205.803165    34.3485      74603          6  0.000e+00
    149.636     1.5554   2.994223     1.5543   2.994423    5.14144    -0.1072    13.8155 3.7015e+01  -60.75417  -56.90167 1153768592 205.803165    34.3476      74604          6  0.000e+00
    149.626     1.5553   2.994152     1.5554   2.994518    5.14148    -0.1180    13.8155 3.7015e+01  -60.75417  -56.90167 1153768592 205.803166    34.3468      74605          6  0.000e+00
    149.559     1.5544   2.994002     1.5550   2.994542    5.14159    -0.1395    13.8155 3.5067e+01  -60.75417  -56.90167 1153768592 205.803166    34.3458      74606          6  0.000e+00
    149.626     1.5530   2.993852     1.5557   2.994560    5.14184    -0.1395    13.8155 3.5067e+01  -60.75417  -56.90167 1153768592 205.803166    34.3454      74607          6  0.000e+00
    149.559     1.5519   2.993855     1.5552   2.994530    5.14191    -0.1180    13.8155 3.5067e+01  -60.75417  -56.90167 1153768592 205.803167    34.3467      74608          6  0.000e+00
    149.626     1.5515   2.993794     1.5533   2.994369    5.13754    -0.0426    13.8155 3.5067e+01  -60.75417  -56.90167 1153768592 205.803167    34.3464      74609          6  0.000e+00
    149.559     1.5510   2.993770     1.5515   2.994172    5.14204    -0.0426    13.8155 3.5067e+01  -60.75417  -56.90167 1153768592 205.803168    34.3466      74610          6  0.000e+00
    149.626     1.5513   2.993913     1.5504   2.993999    5.14199    -0.0749    13.8155 3.5067e+01  -60.75417  -56.90167 1153768592 205.803168    34.3481      74611          6  0.000e+00
    149.636     1.5522   2.994087     1.5496   2.993856    5.14183    -0.0964    13.8155 3.5067e+01  -60.75417  -56.90167 1153768592 205.803169    34.3493      74612          6  0.000e+00
    149.559     1.5533   2.994199     1.5496   2.993922    5.14161    -0.1072    13.8155 3.5067e+01  -60.75417  -56.90167 1153768592 205.803169    34.3495      74613          6  0.000e+00
    149.626     1.5543   2.994189     1.5501   2.993958    5.14156    -0.1180    13.8155 3.5067e+01  -60.75417  -56.90167 1153768593 205.803170    34.3483      74614          6  0.000e+00
    149.626     1.5546   2.994158     1.5493   2.993892    5.14155    -0.1072    13.8155 3.5067e+01  -60.75417  -56.90167 1153768593 205.803170    34.3476      74615          6  0.000e+00
    149.626     1.5543   2.994169     1.5491   2.993767    5.14158    -0.0426    13.8155 3.5067e+01  -60.75417  -56.90167 1153768593 205.803171    34.3481      74616          6  0.000e+00
    149.636     1.5546   2.994210     1.5484   2.993689    5.14153    -0.0534    13.8155 3.5067e+01  -60.75417  -56.90167 1153768593 205.803171    34.3482      74617          6  0.000e+00
    149.626     1.5547   2.994172     1.5479   2.993636    5.14153    -0.1072    13.8155 3.5067e+01  -60.75417  -56.90167 1153768593 205.803172    34.3477      74618          6  0.000e+00
    149.626     1.5546   2.994186     1.5457   2.993534    5.14153    -0.0964    13.8155 3.5067e+01  -60.75417  -56.90167 1153768593 205.803172    34.3479      74619          6  0.000e+00
    149.626     1.5547   2.994199     1.5421   2.993338    5.14151    -0.0534    13.8155 3.5067e+01  -60.75417  -56.90167 1153768593 205.803173    34.3480      74620          6  0.000e+00
    149.636     1.5554   2.994199     1.5393   2.993057    5.14146    -0.0534    13.8155 3.5067e+01  -60.75417  -56.90167 1153768593 205.803173    34.3473      74621          6  0.000e+00
    149.626     1.5548   2.994216     1.5376   2.992789    5.14150    -0.0534    13.8155 3.5067e+01  -60.75417  -56.90167 1153768593 205.803174    34.3481      74622          6  0.000e+00
    149.626     1.5554   2.994186     1.5347   2.992491    5.14145    -0.0964    13.8155 3.5067e+01  -60.75417  -56.90167 1153768593 205.803174    34.3471      74623          6  0.000e+00
    149.626     1.5547   2.994176     1.5323   2.992271    5.14152    -0.0857    13.8155 3.5067e+01  -60.75417  -56.90167 1153768593 205.803175    34.3477      74624          6  0.000e+00
    149.703     1.5544   2.994104     1.5325   2.992116    5.14164    -0.0534    13.8155 3.5067e+01  -60.75417  -56.90167 1153768593 205.803175    34.3470      74625          6  0.000e+00
    149.636     1.5543   2.994060     1.5359   2.992187    5.13715    -0.1072    13.8155 3.5067e+01  -60.75417  -56.90167 1153768593 205.803176    34.3467      74626          6  0.000e+00
    149.626     1.5539   2.994056     1.5376   2.992473    5.14167    -0.1287    13.8155 3.5067e+01  -60.75417  -56.90167 1153768593 205.803176    34.3471      74627          6  0.000e+00
    149.703     1.5540   2.994073     1.5362   2.992730    5.14170    -0.1072    13.8155 3.5067e+01  -60.75417  -56.90167 1153768593 205.803177    34.3472      74628          6  0.000e+00
    149.626     1.5543   2.994097     1.5393   2.992908    5.14161    -0.0964    13.8155 3.7015e+01  -60.75417  -56.90167 1153768593 205.803177    34.3472      74629          6  0.000e+00
    149.703     1.5540   2.994141     1.5431   2.992950    5.14167    -0.0749    13.8155 3.7015e+01  -60.75417  -56.90167 1153768593 205.803178    34.3480      74630          6  0.000e+00
    149.703     1.5545   2.994135     1.5407   2.992861    5.14162    -0.0749    13.8155 3.7015e+01  -60.75417  -56.90167 1153768593 205.803178    34.3474      74631          6  0.000e+00
    150.820     1.4620   2.984653     1.4632   2.985117    5.15167    -0.1180    13.8155 3.7015e+01  -60.75417  -56.90167 1153768598 205.803229    34.3274      74736          7  0.000e+00
    150.820     1.4622   2.984670     1.4631   2.985111    5.15165    -0.0749    13.8155 3.7015e+01  -60.75417  -56.90167 1153768598 205.803229    34.3274      74737          7  0.000e+00
    150.897     1.4631   2.984694     1.4628   2.985069    5.15159    -0.0749    13.8155 3.7015e+01  -60.75417  -56.90167 1153768598 205.803230    34.3266      74738          7  0.000e+00
    150.897     1.4620   2.984629     1.4628   2.985093    5.15174    -0.0749    13.8155 3.7015e+01  -60.75417  -56.90167 1153768598 205.803230    34.3270      74739          7  0.000e+00
    150.830     1.4623   2.984657     1.4629   2.985111    5.15614    -0.0749    13.8155 3.7015e+01  -60.75417  -56.90167 1153768598 205.803231    34.3271      74740          7  0.000e+00
    150.964     1.4626   2.984640     1.4631   2.985093    5.15621    -0.0749    13.8155 3.7015e+01  -60.75417  -56.90167 1153768598 205.803231    34.3264      74741          7  0.000e+00
    150.897     1.4623   2.984663     1.4626   2.985087    5.15619    -0.0642    13.8155 3.7015e+01  -60.75417  -56.90167 1153768598 205.803232    34.3271      74742          7  0.000e+00
    150.964     1.4625   2.984640     1.4625   2.985039    5.15173    -0.0642    13.8155 3.7015e+01  -60.75417  -56.90167 1153768598 205.803232    34.3266      74743          7  0.000e+00
    150.964     1.4623   2.984646     1.4626   2.985045    5.15624    -0.0749    13.8155 3.7015e+01  -60.75417  -56.90167 1153768598 205.803233    34.3269      74744          7  0.000e+00
    150.973     1.4620   2.984616     1.4628   2.985033    5.15630    -0.0964    13.8155 3.7015e+01  -60.75417  -56.90167 1153768598 205.803233    34.3268      74745          7  0.000e+00
    150.964     1.4620   2.984623     1.4632   2.985063    5.15629    -0.0964    13.8155 3.7015e+01  -60.75417  -56.90167 1153768598 205.803234    34.3269      74746          7  0.000e+00
    151.030     1.4623   2.984646     1.4623   2.984974    5.15629    -0.0534    13.8155 3.7015e+01  -60.75417  -56.90167 1153768598 205.803234    34.3268      74747          7  0.000e+00
    151.030     1.4618   2.984670     1.4612   2.984938    5.15633    -0.0319    13.8155 3.7015e+01  -60.75417  -56.90167 1153768598 205.803234    34.3277      74748          7  0.000e+00
    151.030     1.4625   2.984694     1.4612   2.984855    5.15625    -0.0534    13.8155 3.7015e+01  -60.75417  -56.90167 1153768598 205.803235    34.3273      74749          7  0.000e+00
    151.040     1.4628   2.984680     1.4605   2.984813    5.15623    -0.1180    13.8155 3.7015e+01  -60.75417  -56.90167 1153768598 205.803235    34.3267      74750          7  0.000e+00
    151.030     1.4623   2.984623     1.4601   2.984801    5.15630    -0.0749    13.8155 3.7015e+01  -60.75417  -56.90167 1153768598 205.803236    34.3265      74751          7  0.000e+00
    151.107     1.4620   2.984551     1.4600   2.984783    5.15642    -0.0426    13.8155 3.7015e+01  -60.75417  -56.90167 1153768598 205.803236    34.3259      74752          7  0.000e+00
    151.107     1.4619   2.984623     1.4604   2.984813    5.15640    -0.0319    13.8155 3.7015e+01  -60.75417  -56.90167 1153768598 205.803237    34.3270      74753          7  0.000e+00
    151.107     1.4615   2.984599     1.4606   2.984831    5.15645    -0.0534    13.8155 3.7015e+01  -60.75417  -56.90167 1153768598 205.803237    34.3270      74754          7  0.000e+00
    151.107     1.4619   2.984599     1.4617   2.984890    5.16091    -0.0642    13.8155 3.7015e+01  -60.75417  -56.90167 1153768598 205.803238    34.3267      74755          7  0.000e+00
    151.107     1.4620   2.984623     1.4625   2.984980    5.16089    -0.1072    13.8155 3.5067e+01  -60.75417  -56.90167 1153768598 205.803238    34.3268      74756          7  0.000e+00
    151.174     1.4623   2.984630     1.4623   2.985057    5.15640    -0.0857    13.8155 3.5067e+01  -60.75417  -56.90167 1153768598 205.803239    34.3265      74757          7  0.000e+00
    151.174     1.4622   2.984630     1.4628   2.985081    5.15642    -0.0749    13.8155 3.5067e+01  -60.75417  -56.90167 1153768599 205.803239    34.3267      74758          7  0.000e+00
    151.174     1.4623   2.984647     1.4626   2.985039    5.16089    -0.0749    13.8155 3.5067e+01  -60.75417  -56.90167 1153768599 205.803240    34.3267      74759          7  0.000e+00
    151.183     1.4617   2.984599     1.4617   2.984938    5.16098    -0.0964    13.8155 3.5067e+01  -60.75417  -56.90167 1153768599 205.803240    34.3268      74760          7  0.000e+00
    151.174     1.4617   2.984561     1.4621   2.984956    5.16100    -0.0857    13.8155 3.7015e+01  -60.75417  -56.90167 1153768599 205.803241    34.3264      74761          7  0.000e+00
    151.174     1.4612   2.984558     1.4626   2.985009    5.16104    -0.1072    13.8155 3.7015e+01  -60.75417  -56.90167 1153768599 205.803241    34.3268      74762          7  0.000e+00
    151.241     1.4614   2.984538     1.4629   2.985045    5.16108    -0.0964    13.8155 3.7015e+01  -60.75417  -56.90167 1153768599 205.803242    34.3263      74763          7  0.000e+00
    151.174     1.4614   2.984551     1.4628   2.985051    5.16103    -0.0534    13.8155 3.5067e+01  -60.75417  -56.90167 1153768599 205.803242    34.3265      74764          7  0.000e+00
    151.250     1.4614   2.984521     1.4628   2.985057    5.16560    -0.0642    13.8155 3.5067e+01  -60.75417  -56.90167 1153768599 205.803243    34.3261      74765          7  0.000e+00
    151.174     1.4614   2.984544     1.4628   2.985051    5.16553    -0.0426    13.8155 3.7015e+01  -60.75417  -56.90167 1153768599 205.803243    34.3265      74766          7  0.000e+00
    151.241     1.4612   2.984538     1.4631   2.985075    5.16560    -0.0964    13.8155 3.7015e+01  -60.75417  -56.90167 1153768599 205.803244    34.3265      74767          7  0.000e+00
    151.241     1.4615   2.984585     1.4626   2.985063    5.16555    -0.1072    13.8155 3.5067e+01  -60.75417  -56.90167 1153768599 205.803244    34.3268      74768          7  0.000e+00
    151.241     1.4623   2.984640     1.4631   2.985075    5.16544    -0.0534    13.8155 3.7015e+01  -60.75417  -56.90167 1153768599 205.803245    34.3266      74769          7  0.000e+00
    151.250     1.4625   2.984670     1.4629   2.985081    5.16542    -0.0534    13.8155 3.5067e+01  -60.75417  -56.90167 1153768599 205.803245    34.3268      74770          7  0.000e+00
    151.241     1.4622   2.984677     1.4629   2.985146    5.16544    -0.0534    13.8155 3.5067e+01  -60.75417  -56.90167 1153768599 205.803246    34.3273      74771          7  0.000e+00
    151.241     1.4626   2.984677     1.4631   2.985081    5.16989    -0.0534    13.8155 3.7015e+01  -60.75417  -56.90167 1153768599 205.803246    34.3267      74772          7  0.000e+00
    151.317     1.4626   2.984694     1.4634   2.985093    5.16993    -0.0749    13.8155 3.7015e+01  -60.75417  -56.90167 1153768599 205.803247    34.3269      74773          7  0.000e+00
    151.241     1.4631   2.984701     1.4637   2.985111    5.16983    -0.1180    13.8155 3.7015e+01  -60.75417  -56.90167 1153768599 205.803247    34.3266      74774          7  0.000e+00
    151.250     1.4628   2.984664     1.4634   2.985111    5.16988    -0.1180    13.8155 3.7015e+01  -60.75417  -56.90167 1153768599 205.803247    34.3264      74775          7  0.000e+00
    151.241     1.4625   2.984633     1.4633   2.985093    5.16992    -0.0642    13.8155 3.7015e+01  -60.75417  -56.90167 1153768599 205.803248    34.3264      74776          7  0.000e+00
    151.317     1.4625   2.984664     1.4638   2.985081    5.17446    -0.0857    13.8155 3.7015e+01  -60.75417  -56.90167 1153768599 205.803248    34.3267      74777          7  0.000e+00
    151.241     1.4628   2.984623     1.4636   2.985081    5.17439    -0.1180    13.8155 3.7015e+01  -60.75417  -56.90167 1153768599 205.803249    34.3259      74778          7  0.000e+00
    151.241     1.4628   2.984623     1.4634   2.985063    5.17439    -0.1180    13.8155 3.7015e+01  -60.75417  -56.90167 1153768599 205.803249    34.3259      74779          7  0.000e+00
    151.317     1.4622   2.984609     1.4634   2.985075    5.17452    -0.0749    13.8155 3.7015e+01  -60.75417  -56.90167 1153768599 205.803250    34.3264      74780          7  0.000e+00
    151.241     1.4622   2.984568     1.4629   2.985063    5.17448    -0.0964    13.8155 3.7015e+01  -60.75417  -56.90167 1153768600 205.803250    34.3259      74781          7  0.000e+00
