product_data/regression_test/downloaded_data/MDGS/320620060703/ctd/p6615701.ros
* Sea-Bird SBE 9 Data File:
* FileName = D:\Data\Raw\p6615701.dat
* Software Version Seasave Win32 V 5.32
* Temperature SN = 1649
* Conductivity SN = 1431
* Number of Bytes Per Scan = 37
* Number of Voltage Words = 5
* Number of Scans Averaged by the Deck Unit = 1
* NMEA Latitude = 60 51.45 S
* NMEA Longitude = 056 03.54 W
* NMEA UTC (Time) = 01:08:55
** Ship:   Nathaniel B. Palmer 
** Cruise:    NBP0606 
# nquan = 17
# nvalues = 1156                    
# units = specified
# name 0 = prDM: Pressure, Digiquartz [db]
# name 1 = t090C: Temperature [ITS-90, deg C]
# name 2 = c0S/m: Conductivity [S/m]
# name 3 = t190C: Temperature, 2 [ITS-90, deg C]
# name 4 = c1S/m: Conductivity, 2 [S/m]
# name 5 = sbeox0ML/L: Oxygen, SBE 43 [ml/l]
# name 6 = flECO-AFL: Fluorescence, Wetlab ECO-AFL/FL [mg/m^3]
# name 7 = bat: Beam Attenuation, Chelsea/Seatech/Wetlab CStar [1/m]
# name 8 = spar: SPAR/Surface Irradiance
# name 9 = latitude: Latitude [deg]
# name 10 = longitude: Longitude [deg]
# name 11 = timeY: Time, System [seconds]
# name 12 = timeJ: Julian Days
# name 13 = sal00: Salinity [PSU]
# name 14 = scan: scan number
# name 15 = nbf: number of bottles fired
# name 16 = flag:  0.000e+00
# interval = seconds: 0.0416667                   
# start_time = Jul 19 2006 01:09:03
*END*
[from data line 766]
     74.956    -0.5976   2.805498    -0.6003   2.805484    7.05126     0.0112    13.8155 0.0000e+00  -60.85750  -56.05900 1153274124 200.080165    34.3201      66799         16  0.000e+00
     74.899    -0.5973   2.805462    -0.6015   2.805426    7.04650     0.0112    13.8155 0.0000e+00  -60.85750  -56.05900 1153274124 200.080165    34.3192      66800         16  0.000e+00
     74.956    -0.5975   2.805485    -0.6015   2.805420    7.04657    -0.0104    13.8155 0.0000e+00  -60.85750  -56.05900 1153274124 200.080166    34.3197      66801         16  0.000e+00
     74.975    -0.5973   2.805478    -0.6017   2.805408    7.04657    -0.0211    13.8155 0.0000e+00  -60.85750  -56.05900 1153274125 200.080166    34.3194      66802         16  0.000e+00
     74.975    -0.5973   2.805492    -0.6021   2.805432    7.04656     0.0112    13.8155 0.0000e+00  -60.85750  -56.05900 1153274125 200.080167    34.3196      66803         16  0.000e+00
     74.956    -0.5965   2.805482    -0.6013   2.805525    7.04643     0.0112    13.8155 0.0000e+00  -60.85750  -56.05900 1153274125 200.080167    34.3186      66804         16  0.000e+00
     74.975    -0.5970   2.805492    -0.5988   2.805693    7.04652     0.0542    13.8155 0.0000e+00  -60.85750  -56.05900 1153274125 200.080168    34.3192      66805         16  0.000e+00
     74.956    -0.5967   2.805515    -0.5972   2.805810    7.04644     0.0434    13.8155 0.0000e+00  -60.85750  -56.05900 1153274125 200.080168    34.3192      66806         16  0.000e+00
     74.975    -0.5975   2.805521    -0.5969   2.805880    7.04656    -0.0104    13.8155 0.0000e+00  -60.85750  -56.05900 1153274125 200.080169    34.3202      66807         16  0.000e+00
     74.956    -0.5966   2.805588    -0.5968   2.805897    7.04637    -0.0319    13.8155 0.0000e+00  -60.85750  -56.05900 1153274125 200.080169    34.3200      66808         16  0.000e+00
     74.975    -0.5962   2.805611    -0.5968   2.805885    7.04632    -0.0426    13.8155 0.0000e+00  -60.85750  -56.05900 1153274125 200.080170    34.3199      66809         16  0.000e+00
     75.023    -0.5961   2.805594    -0.5946   2.805990    7.04636    -0.0104    13.8155 0.0000e+00  -60.85750  -56.05900 1153274125 200.080170    34.3195      66810         16  0.000e+00
     75.042    -0.5960   2.805654    -0.5946   2.806066    7.04633     0.0219    13.8155 0.0000e+00  -60.85750  -56.05900 1153274125 200.080171    34.3202      66811         16  0.000e+00
     74.975    -0.5951   2.805697    -0.5941   2.806118    7.04612     0.0112    13.8155 0.0000e+00  -60.85750  -56.05900 1153274125 200.080171    34.3199      66812         16  0.000e+00
     75.090    -0.5950   2.805717    -0.5945   2.806107    7.04619     0.0219    13.8155 0.0000e+00  -60.85750  -56.05900 1153274125 200.080172    34.3199      66813         17  0.000e+00
     74.976    -0.5947   2.805740    -0.5945   2.806066    7.04603     0.0219    13.8155 0.0000e+00  -60.85750  -56.05900 1153274125 200.080172    34.3200      66814         17  0.000e+00
     75.090    -0.5953   2.805727    -0.5939   2.806060    7.04623     0.0004    13.8155 0.0000e+00  -60.85750  -56.05900 1153274125 200.080173    34.3204      66815         17  0.000e+00
     75.042    -0.5950   2.805704    -0.5943   2.806072    7.04616    -0.0104    13.8155 0.0000e+00  -60.85750  -56.05900 1153274125 200.080173    34.3198      66816         17  0.000e+00
     75.090    -0.5951   2.805733    -0.5940   2.806060    7.04621    -0.0426    13.8155 0.0000e+00  -60.85750  -56.05900 1153274125 200.080174    34.3203      66817         17  0.000e+00
     75.109    -0.5943   2.805776    -0.5940   2.806112    7.04608    -0.0211    13.8155 0.0000e+00  -60.85750  -56.05900 1153274125 200.080174    34.3200      66818         17  0.000e+00
     75.090    -0.5947   2.805687    -0.5940   2.806130    7.04618     0.0327    13.8155 0.0000e+00  -60.85750  -56.05900 1153274125 200.080175    34.3192      66819         17  0.000e+00
     75.109    -0.5953   2.805637    -0.5935   2.806130    7.04631     0.0650    13.8155 0.0000e+00  -60.85750  -56.05900 1153274125 200.080175    34.3192      66820         17  0.000e+00
     75.166    -0.5951   2.805614    -0.5940   2.806136    7.04636     0.0112    13.8155 0.0000e+00  -60.85750  -56.05900 1153274125 200.080176    34.3187      66821         17  0.000e+00
     75.109    -0.5952   2.805611    -0.5941   2.806095    7.04631    -0.0211    13.8155 0.0000e+00  -60.85750  -56.05900 1153274125 200.080176    34.3187      66822         17  0.000e+00
     75.186    -0.5958   2.805627    -0.5949   2.806078    7.04645    -0.0749    13.8155 0.0000e+00  -60.85750  -56.05900 1153274125 200.080177    34.3195      66823         17  0.000e+00
     75.167    -0.5961   2.805684    -0.5946   2.806078    7.04644    -0.0211    13.8155 0.0000e+00  -60.85750  -56.05900 1153274125 200.080177    34.3206      66824         17  0.000e+00
     75.186    -0.5950   2.805767    -0.5948   2.806066    7.04626     0.0434    13.8155 0.0000e+00  -60.85750  -56.05900 1153274125 200.080177    34.3205      66825         17  0.000e+00
     75.233    -0.5941   2.805839    -0.5945   2.806113    7.04612    -0.0319    13.8155 0.0000e+00  -60.85750  -56.05900 1153274125 200.080178    34.3204      66826         17  0.000e+00
     75.252    -0.5941   2.805790    -0.5943   2.806130    7.04618    -0.0211    13.8155 0.0000e+00  -60.85750  -56.05900 1153274126 200.080178    34.3197      66827         17  0.000e+00
     75.233    -0.5944   2.805786    -0.5946   2.806095    7.04621    -0.0104    13.8155 0.0000e+00  -60.85750  -56.05900 1153274126 200.080179    34.3201      66828         17  0.000e+00
     75.319    -0.5948   2.805793    -0.5945   2.806101    7.04635    -0.0104    13.8155 0.0000e+00  -60.85750  -56.05900 1153274126 200.080179    34.3206      66829         17  0.000e+00
     75.300    -0.5943   2.805790    -0.5941   2.806142    7.04626     0.0112    13.8155 0.0000e+00  -60.85750  -56.05900 1153274126 200.080180    34.3200      66830         17  0.000e+00
     75.319    -0.5949   2.805806    -0.5946   2.806118    7.04634     0.0004    13.8155 0.0000e+00  -60.85750  -56.05900 1153274126 200.080180    34.3208      66831         17  0.000e+00
     75.300    -0.5942   2.805793    -0.5957   2.806049    7.04624     0.0004    13.8155 0.0000e+00  -60.85750  -56.05900 1153274126 200.080181    34.3199      66832         17  0.000e+00
     75.396    -0.5945   2.805773    -0.5960   2.806019    7.04640    -0.0319    13.8155 0.0000e+00  -60.85750  -56.05900 1153274126 200.080181    34.3200      66833         17  0.000e+00
     75.319    -0.5942   2.805820    -0.5958   2.806002    7.04156    -0.0534    13.8155 0.0000e+00  -60.85750  -56.05900 1153274126 200.080182    34.3203      66834         17  0.000e+00
     75.443    -0.5933   2.805869    -0.5954   2.806002    7.04152     0.0004    13.8155 0.0000e+00  -60.85750  -56.05900 1153274126 200.080182    34.3198      66835         17  0.000e+00
     75.396    -0.5927   2.805965    -0.5951   2.806083    7.04133     0.0004    13.8155 0.0000e+00  -60.85750  -56.05900 1153274126 200.080183    34.3205      66836         17  0.000e+00
     75.443    -0.5923   2.805926    -0.5941   2.806142    7.04135     0.0219    13.8155 0.0000e+00  -60.85750  -56.05900 1153274126 200.080183    34.3195      66837         17  0.000e+00
     75.463    -0.5934   2.805783    -0.5934   2.806177    7.04630     0.0327    13.8155 0.0000e+00  -60.85750  -56.05900 1153274126 200.080184    34.3188      66838         17  0.000e+00
     75.443    -0.5950   2.805644    -0.5937   2.806206    7.04191     0.0219    13.8155 0.0000e+00  -60.85750  -56.05900 1153274126 200.080184    34.3187      66839         17  0.000e+00
     75.529    -0.5961   2.805661    -0.5937   2.806188    7.04213     0.0004    13.8155 0.0000e+00  -60.85750  -56.05900 1153274126 200.080185    34.3201      66840         17  0.000e+00
     75.510    -0.5958   2.805730    -0.5935   2.806182    7.04202     0.0219    13.8155 0.0000e+00  -60.85750  -56.05900 1153274126 200.080185    34.3207      66841         17  0.000e+00
     75.529    -0.5949   2.805727    -0.5934   2.806229    7.04192     0.0650    13.8155 0.0000e+00  -60.85750  -56.05900 1153274126 200.080186    34.3196      66842         17  0.000e+00
     75.510    -0.5951   2.805724    -0.5929   2.806299    7.04194     0.0004    13.8155 0.0000e+00  -60.85750  -56.05900 1153274126 200.080186    34.3199      66843         17  0.000e+00
     75.606    -0.5947   2.805806    -0.5922   2.806316    7.04660    -0.0319    13.8155 0.0000e+00  -60.85750  -56.05900 1153274126 200.080187    34.3204      66844         17  0.000e+00
     75.587    -0.5949   2.805853    -0.5921   2.806299    7.04189    -0.0211    13.8155 0.0000e+00  -60.85750  -56.05900 1153274126 200.080187    34.3213      66845         17  0.000e+00
     75.606    -0.5941   2.805859    -0.5926   2.806258    7.04180    -0.0104    13.8155 0.0000e+00  -60.85750  -56.05900 1153274126 200.080188    34.3205      66846         17  0.000e+00
     75.673    -0.5944   2.805823    -0.5937   2.806217    7.04193     0.0004    13.8155 0.0000e+00  -60.85750  -56.05900 1153274126 200.080188    34.3203      66847         17  0.000e+00
     75.654    -0.5939   2.805813    -0.5941   2.806153    7.04185     0.0327    13.8155 0.0000e+00  -60.85750  -56.05900 1153274126 200.080189    34.3196      66848         17  0.000e+00
     75.673    -0.5948   2.805743    -0.5946   2.806136    7.04205     0.0004    13.8155 0.0000e+00  -60.85750  -56.05900 1153274126 200.080189    34.3197      66849         17  0.000e+00
     75.720    -0.5953   2.805704    -0.5949   2.806095    7.04219    -0.0319    13.8155 0.0000e+00  -60.85750  -56.05900 1153274127 200.080190    34.3197      66850         17  0.000e+00
     75.673    -0.5951   2.805717    -0.5951   2.806054    7.04211    -0.0534    13.8155 0.0000e+00  -60.85750  -56.05900 1153274127 200.080190    34.3197      66851         17  0.000e+00
     75.720    -0.5948   2.805740    -0.5948   2.806095    7.04209    -0.0534    13.8155 0.0000e+00  -60.85750  -56.05900 1153274127 200.080190    34.3197      66852         17  0.000e+00
     75.749    -0.5953   2.805727    -0.5954   2.806072    7.04220    -0.0211    13.8155 0.0000e+00  -60.85750  -56.05900 1153274127 200.080191    34.3200      66853         17  0.000e+00
     75.797    -0.5948   2.805724    -0.5951   2.806072    7.04218    -0.0104    13.8155 0.0000e+00  -60.85750  -56.05900 1153274127 200.080191    34.3194      66854         17  0.000e+00
     75.749    -0.5950   2.805687    -0.5953   2.806060    7.04218    -0.0104    13.8155 0.0000e+00  -60.85750  -56.05900 1153274127 200.080192    34.3191      66855         17  0.000e+00
     75.797    -0.5953   2.805661    -0.5954   2.806060    7.04697     0.0219    13.8155 0.0000e+00  -60.85750  -56.05900 1153274127 200.080192    34.3191      66856         17  0.000e+00
     75.816    -0.5954   2.805657    -0.5952   2.806025    7.04701    -0.0104    13.8155 0.0000e+00  -60.85750  -56.05900 1153274127 200.080193    34.3192      66857         17  0.000e+00
     75.797    -0.5954   2.805638    -0.5952   2.806002    7.04700     0.0004    13.8155 0.0000e+00  -60.85750  -56.05900 1153274127 200.080193    34.3189      66858         17  0.000e+00
     75.883    -0.5956   2.805634    -0.5960   2.806002    7.04712     0.0112    13.8155 0.0000e+00  -60.85750  -56.05900 1153274127 200.080194    34.3190      66859         17  0.000e+00
     75.797    -0.5959   2.805634    -0.5955   2.806002    7.04239     0.0004    13.8155 0.0000e+00  -60.85750  -56.05900 1153274127 200.080194    34.3194      66860         17  0.000e+00
     50.867    -0.6554   2.798397    -0.6580   2.798428    7.16663     0.0434    13.8155 0.0000e+00  -60.85750  -56.05900 1153274184 200.080850    34.3047      68220         18  0.000e+00
     51.000    -0.6553   2.798404    -0.6579   2.798422    7.16674     0.0219    13.8155 0.0000e+00  -60.85750  -56.05900 1153274184 200.080851    34.3045      68221         18  0.000e+00
     50.933    -0.6556   2.798351    -0.6576   2.798428    7.16675     0.0004    13.8155 0.0000e+00  -60.85750  -56.05900 1153274184 200.080851    34.3042      68222         18  0.000e+00
     50.933    -0.6562   2.798232    -0.6570   2.798486    7.16225     0.0542    13.8155 0.0000e+00  -60.85750  -56.05900 1153274184 200.080852    34.3033      68223         18  0.000e+00
     50.790    -0.6570   2.798183    -0.6568   2.798527    7.16225     0.0865    13.8155 0.0000e+00  -60.85750  -56.05900 1153274184 200.080852    34.3036      68224         18  0.000e+00
     51.000    -0.6571   2.798159    -0.6565   2.798550    7.16717     0.0542    13.8155 0.0000e+00  -60.85750  -56.05900 1153274184 200.080853    34.3033      68225         18  0.000e+00
     50.867    -0.6573   2.798156    -0.6565   2.798556    7.16706     0.0327    13.8155 0.0000e+00  -60.85750  -56.05900 1153274184 200.080853    34.3035      68226         18  0.000e+00
     50.934    -0.6573   2.798189    -0.6556   2.798573    7.16711     0.0434    13.8155 0.0000e+00  -60.85750  -56.05900 1153274184 200.080854    34.3040      68227         18  0.000e+00
     51.000    -0.6573   2.798216    -0.6558   2.798585    7.16716     0.0972    13.8155 0.0000e+00  -60.85750  -56.05900 1153274184 200.080854    34.3043      68228         18  0.000e+00
     50.934    -0.6578   2.798292    -0.6550   2.798625    7.16710     0.0650    13.8155 0.0000e+00  -60.85750  -56.05900 1153274184 200.080855    34.3059      68229         18  0.000e+00
     51.000    -0.6567   2.798381    -0.6554   2.798660    7.16696     0.0434    13.8155 0.0000e+00  -60.85750  -56.05900 1153274184 200.080855    34.3058      68230         18  0.000e+00
     50.934    -0.6554   2.798421    -0.6545   2.798660    7.16669     0.0004    13.8155 0.0000e+00  -60.85750  -56.05900 1153274184 200.080856    34.3050      68231         18  0.000e+00
     51.000    -0.6545   2.798441    -0.6539   2.798730    7.16193     0.0327    13.8155 0.0000e+00  -60.85750  -56.05900 1153274184 200.080856    34.3041      68232         18  0.000e+00
     50.934    -0.6540   2.798464    -0.6534   2.798742    7.16645     0.0219    13.8155 0.0000e+00  -60.85750  -56.05900 1153274184 200.080856    34.3040      68233         18  0.000e+00
     51.000    -0.6537   2.798450    -0.6530   2.798765    7.16649     0.0219    13.8155 0.0000e+00  -60.85750  -56.05900 1153274184 200.080857    34.3034      68234         18  0.000e+00
     51.000    -0.6534   2.798431    -0.6530   2.798788    7.16646     0.0327    13.8155 0.0000e+00  -60.85750  -56.05900 1153274184 200.080857    34.3028      68235         18  0.000e+00
     51.000    -0.6536   2.798407    -0.6525   2.798800    7.16649     0.0434    13.8155 0.0000e+00  -60.85750  -56.05900 1153274184 200.080858    34.3026      68236         18  0.000e+00
     51.000    -0.6536   2.798404    -0.6528   2.798794    7.16649     0.0542    13.8155 0.0000e+00  -60.85750  -56.05900 1153274184 200.080858    34.3026      68237         18  0.000e+00
     51.000    -0.6540   2.798421    -0.6528   2.798777    7.16655     0.0972    13.8155 0.0000e+00  -60.85750  -56.05900 1153274184 200.080859    34.3033      68238         18  0.000e+00
     51.000    -0.6536   2.798407    -0.6530   2.798812    7.16649     0.0434    13.8155 0.0000e+00  -60.85750  -56.05900 1153274184 200.080859    34.3026      68239         18  0.000e+00
     51.000    -0.6533   2.798404    -0.6528   2.798823    7.16645     0.0004    13.8155 0.0000e+00  -60.85750  -56.05900 1153274184 200.080860    34.3022      68240         18  0.000e+00
     51.077    -0.6531   2.798388    -0.6531   2.798800    7.16652     0.0542    13.8155 0.0000e+00  -60.85750  -56.05900 1153274184 200.080860    34.3018      68241         18  0.000e+00
     51.000    -0.6534   2.798431    -0.6527   2.798800    7.16646     0.0434    13.8155 0.0000e+00  -60.85750  -56.05900 1153274185 200.080861    34.3028      68242         18  0.000e+00
