product_data/regression_test/downloaded_data/MDGS/320620060703/ctd/p6618904.ros
* Sea-Bird SBE 9 Data File:
* FileName = D:\Data\Raw\p6618904.dat
* Software Version Seasave Win32 V 5.32
* Temperature SN = 1649
* Conductivity SN = 1431
* Number of Bytes Per Scan = 37
* Number of Voltage Words = 5
* Number of Scans Averaged by the Deck Unit = 1
* NMEA Latitude = 60 48.00 S
* NMEA Longitude = 054 37.53 W
* NMEA UTC (Time) = 10:33:37
** Ship:   Nathaniel B. Palmer 
** Cruise:    NBP0606 
# nquan = 17
# nvalues = 1176                    
# units = specified
# name 0 = prDM: Pressure, Digiquartz [db]
# name 1 = t090C: Temperature [ITS-90, deg C]
# name 2 = c0S/m: Conductivity [S/m]
# name 3 = t190C: Temperature, 2 [ITS-90, deg C]
# name 4 = c1S/m: Conductivity, 2 [S/m]
# name 5 = sbeox0ML/L: Oxygen, SBE 43 [ml/l]
# name 6 = flECO-AFL: Fluorescence, Wetlab ECO-AFL/FL [mg/m^3]
# name 7 = bat: Beam Attenuation, Chelsea/Seatech/Wetlab CStar [1/m]
# name 8 = spar: SPAR/Surface Irradiance
# name 9 = latitude: Latitude [deg]
# name 10 = longitude: Longitude [deg]
# name 11 = timeY: Time, System [seconds]
# name 12 = timeJ: Julian Days
# name 13 = sal00: Salinity [PSU]
# name 14 = scan: scan number
# name 15 = nbf: number of bottles fired
# name 16 = flag:  0.000e+00
# interval = seconds: 0.0416667                   
# start_time = Jul 23 2006 10:33:44
*END*
[from data line 511]
     74.449    -0.9504   2.774220    -0.9500   2.774560    7.44301    -0.0534    13.8155 0.0000e+00  -60.80000  -54.62550 1153653909 204.475821    34.2975      74088         11  0.000e+00
     74.354    -0.9507   2.774239    -0.9506   2.774571    7.43821    -0.0749    13.8155 0.0000e+00  -60.80000  -54.62550 1153653910 204.475822    34.2982      74089         11  0.000e+00
     74.449    -0.9509   2.774233    -0.9509   2.774560    7.43834    -0.0749    13.8155 0.0000e+00  -60.80000  -54.62550 1153653910 204.475822    34.2982      74090         11  0.000e+00
     74.354    -0.9506   2.774229    -0.9505   2.774606    7.43820    -0.0534    13.8155 0.0000e+00  -60.80000  -54.62550 1153653910 204.475823    34.2979      74091         11  0.000e+00
     74.449    -0.9504   2.774246    -0.9508   2.774595    7.44298     0.0219    13.8155 0.0000e+00  -60.80000  -54.62550 1153653910 204.475823    34.2978      74092         11  0.000e+00
     74.354    -0.9501   2.774253    -0.9503   2.774577    7.44284    -0.0211    13.8155 0.0000e+00  -60.80000  -54.62550 1153653910 204.475824    34.2976      74093         11  0.000e+00
     74.383    -0.9506   2.774253    -0.9508   2.774577    7.44294    -0.0211    13.8155 0.0000e+00  -60.80000  -54.62550 1153653910 204.475824    34.2981      74094         11  0.000e+00
     74.383    -0.9504   2.774253    -0.9506   2.774577    7.44291    -0.0642    13.8155 0.0000e+00  -60.80000  -54.62550 1153653910 204.475825    34.2980      74095         11  0.000e+00
     74.430    -0.9504   2.774253    -0.9501   2.774595    7.44296    -0.0319    13.8155 0.0000e+00  -60.80000  -54.62550 1153653910 204.475825    34.2979      74096         11  0.000e+00
     74.383    -0.9506   2.774233    -0.9503   2.774589    7.44295     0.0112    13.8155 0.0000e+00  -60.80000  -54.62550 1153653910 204.475826    34.2979      74097         11  0.000e+00
     74.354    -0.9509   2.774246    -0.9503   2.774577    7.43823     0.0327    13.8155 0.0000e+00  -60.80000  -54.62550 1153653910 204.475826    34.2984      74098         11  0.000e+00
     74.383    -0.9506   2.774243    -0.9506   2.774560    7.43822     0.0327    13.8155 0.0000e+00  -60.80000  -54.62550 1153653910 204.475827    34.2980      74099         11  0.000e+00
     74.354    -0.9506   2.774233    -0.9506   2.774589    7.43820     0.0219    13.8155 0.0000e+00  -60.80000  -54.62550 1153653910 204.475827    34.2979      74100         11  0.000e+00
     74.383    -0.9503   2.774229    -0.9503   2.774606    7.44291    -0.0426    13.8155 0.0000e+00  -60.80000  -54.62550 1153653910 204.475828    34.2975      74101         11  0.000e+00
     74.354    -0.9506   2.774246    -0.9505   2.774566    7.44291    -0.0426    13.8155 0.0000e+00  -60.80000  -54.62550 1153653910 204.475828    34.2981      74102         11  0.000e+00
     74.383    -0.9504   2.774220    -0.9507   2.774571    7.44294    -0.0426    13.8155 0.0000e+00  -60.80000  -54.62550 1153653910 204.475829    34.2975      74103         11  0.000e+00
     74.354    -0.9506   2.774239    -0.9503   2.774577    7.44292    -0.0104    13.8155 0.0000e+00  -60.80000  -54.62550 1153653910 204.475829    34.2980      74104         11  0.000e+00
     74.383    -0.9501   2.774233    -0.9508   2.774560    7.44288    -0.0211    13.8155 0.0000e+00  -60.80000  -54.62550 1153653910 204.475829    34.2974      74105         11  0.000e+00
     74.354    -0.9504   2.774229    -0.9506   2.774571    7.44290    -0.0319    13.8155 0.0000e+00  -60.80000  -54.62550 1153653910 204.475830    34.2977      74106         11  0.000e+00
     74.383    -0.9504   2.774229    -0.9509   2.774577    7.43820    -0.0104    13.8155 0.0000e+00  -60.80000  -54.62550 1153653910 204.475830    34.2976      74107         11  0.000e+00
     74.354    -0.9504   2.774262    -0.9505   2.774577    7.43815    -0.0211    13.8155 0.0000e+00  -60.80000  -54.62550 1153653910 204.475831    34.2981      74108         11  0.000e+00
     74.307    -0.9504   2.774256    -0.9501   2.774577    7.44283    -0.0211    13.8155 0.0000e+00  -60.80000  -54.62550 1153653910 204.475831    34.2980      74109         11  0.000e+00
     74.354    -0.9506   2.774233    -0.9508   2.774560    7.44292     0.0004    13.8155 0.0000e+00  -60.80000  -54.62550 1153653910 204.475832    34.2979      74110         11  0.000e+00
     74.383    -0.9504   2.774246    -0.9505   2.774589    7.44292    -0.0104    13.8155 0.0000e+00  -60.80000  -54.62550 1153653910 204.475832    34.2979      74111         11  0.000e+00
     74.354    -0.9504   2.774253    -0.9503   2.774583    7.44288     0.0112    13.8155 0.0000e+00  -60.80000  -54.62550 1153653910 204.475833    34.2980      74112         11  0.000e+00
     74.383    -0.9503   2.774269    -0.9505   2.774560    7.43815     0.0219    13.8155 0.0000e+00  -60.80000  -54.62550 1153653911 204.475833    34.2980      74113         11  0.000e+00
     74.354    -0.9504   2.774239    -0.9509   2.774554    7.43817     0.0112    13.8155 0.0000e+00  -60.80000  -54.62550 1153653911 204.475834    34.2978      74114         11  0.000e+00
     74.383    -0.9504   2.774246    -0.9505   2.774571    7.43819     0.0004    13.8155 0.0000e+00  -60.80000  -54.62550 1153653911 204.475834    34.2979      74115         11  0.000e+00
     49.929    -0.7359   2.790099    -0.7402   2.790025    7.28116    -0.0104    13.8155 0.0000e+00  -60.80000  -54.62550 1153653988 204.476726    34.2843      75964         12  0.000e+00
     50.148    -0.7360   2.790089    -0.7399   2.790060    7.28141     0.0327    13.8155 0.0000e+00  -60.80000  -54.62550 1153653988 204.476726    34.2842      75965         12  0.000e+00
     49.939    -0.7356   2.790135    -0.7395   2.790112    7.28111     0.0219    13.8155 0.0000e+00  -60.80000  -54.62550 1153653988 204.476727    34.2845      75966         12  0.000e+00
     50.072    -0.7348   2.790168    -0.7391   2.790107    7.28110    -0.0104    13.8155 0.0000e+00  -60.80000  -54.62550 1153653988 204.476727    34.2839      75967         12  0.000e+00
     49.939    -0.7350   2.790185    -0.7402   2.790078    7.28098     0.0112    13.8155 0.0000e+00  -60.80000  -54.62550 1153653988 204.476728    34.2845      75968         12  0.000e+00
     50.072    -0.7353   2.790128    -0.7414   2.789991    7.28119     0.0112    13.8155 0.0000e+00  -60.80000  -54.62550 1153653988 204.476728    34.2839      75969         12  0.000e+00
     50.072    -0.7358   2.790006    -0.7430   2.789944    7.28135     0.0219    13.8155 0.0000e+00  -60.80000  -54.62550 1153653988 204.476729    34.2829      75970         12  0.000e+00
     50.006    -0.7376   2.789924    -0.7430   2.789938    7.28161     0.0219    13.8155 0.0000e+00  -60.80000  -54.62550 1153653988 204.476729    34.2838      75971         12  0.000e+00
     50.072    -0.7373   2.789917    -0.7434   2.789921    7.28164    -0.0319    13.8155 0.0000e+00  -60.80000  -54.62550 1153653988 204.476730    34.2834      75972         12  0.000e+00
     50.072    -0.7376   2.789927    -0.7425   2.789950    7.28167     0.0112    13.8155 0.0000e+00  -60.80000  -54.62550 1153653988 204.476730    34.2838      75973         12  0.000e+00
     50.072    -0.7372   2.789996    -0.7419   2.789985    7.28157     0.0327    13.8155 0.0000e+00  -60.80000  -54.62550 1153653988 204.476731    34.2843      75974         12  0.000e+00
     50.149    -0.7363   2.790033    -0.7402   2.790072    7.28150     0.0219    13.8155 0.0000e+00  -60.80000  -54.62550 1153653988 204.476731    34.2838      75975         12  0.000e+00
     50.072    -0.7359   2.790089    -0.7388   2.790159    7.28131     0.0004    13.8155 0.0000e+00  -60.80000  -54.62550 1153653988 204.476732    34.2841      75976         12  0.000e+00
     50.149    -0.7356   2.790052    -0.7385   2.790200    7.28138    -0.0211    13.8155 0.0000e+00  -60.80000  -54.62550 1153653988 204.476732    34.2833      75977         12  0.000e+00
     50.072    -0.7353   2.790056    -0.7375   2.790223    7.28124     0.0004    13.8155 0.0000e+00  -60.80000  -54.62550 1153653988 204.476733    34.2829      75978         12  0.000e+00
     50.149    -0.7355   2.790062    -0.7372   2.790229    7.28135    -0.0319    13.8155 0.0000e+00  -60.80000  -54.62550 1153653988 204.476733    34.2833      75979         12  0.000e+00
     50.149    -0.7362   2.789993    -0.7369   2.790229    7.28150     0.0004    13.8155 0.0000e+00  -60.80000  -54.62550 1153653988 204.476734    34.2831      75980         12  0.000e+00
     50.149    -0.7381   2.789924    -0.7367   2.790252    7.27714    -0.0319    13.8155 0.0000e+00  -60.80000  -54.62550 1153653988 204.476734    34.2843      75981         12  0.000e+00
     50.216    -0.7384   2.789884    -0.7353   2.790357    7.27727    -0.0104    13.8155 0.0000e+00  -60.80000  -54.62550 1153653988 204.476735    34.2841      75982         12  0.000e+00
     50.149    -0.7394   2.789778    -0.7335   2.790490    7.28211     0.0219    13.8155 0.0000e+00  -60.80000  -54.62550 1153653988 204.476735    34.2838      75983         12  0.000e+00
     50.216    -0.7405   2.789646    -0.7319   2.790600    7.28243     0.0004    13.8155 0.0000e+00  -60.80000  -54.62550 1153653989 204.476736    34.2833      75984         12  0.000e+00
     50.216    -0.7415   2.789580    -0.7316   2.790647    7.28731    -0.0211    13.8155 0.0000e+00  -60.80000  -54.62550 1153653989 204.476736    34.2835      75985         12  0.000e+00
     50.216    -0.7422   2.789630    -0.7321   2.790612    7.28738    -0.0319    13.8155 0.0000e+00  -60.80000  -54.62550 1153653989 204.476737    34.2850      75986         12  0.000e+00
     50.216    -0.7402   2.789894    -0.7339   2.790479    7.28690     0.0327    13.8155 0.0000e+00  -60.80000  -54.62550 1153653989 204.476737    34.2863      75987         12  0.000e+00
     50.282    -0.7370   2.790092    -0.7370   2.790339    7.28169     0.0112    13.8155 0.0000e+00  -60.80000  -54.62550 1153653989 204.476738    34.2853      75988         12  0.000e+00
     50.282    -0.7350   2.790112    -0.7388   2.790188    7.28138    -0.0104    13.8155 0.0000e+00  -60.80000  -54.62550 1153653989 204.476738    34.2833      75989         12  0.000e+00
     50.282    -0.7361   2.790056    -0.7410   2.790031    7.28158     0.0112    13.8155 0.0000e+00  -60.80000  -54.62550 1153653989 204.476739    34.2838      75990         12  0.000e+00
     50.282    -0.7360   2.789934    -0.7428   2.789933    7.28165     0.0219    13.8155 0.0000e+00  -60.80000  -54.62550 1153653989 204.476739    34.2820      75991         12  0.000e+00
     50.349    -0.7376   2.789735    -0.7414   2.790008    7.28677     0.0650    13.8155 0.0000e+00  -60.80000  -54.62550 1153653989 204.476739    34.2811      75992         12  0.000e+00
     50.282    -0.7397   2.789580    -0.7383   2.790165    7.28712     0.0434    13.8155 0.0000e+00  -60.80000  -54.62550 1153653989 204.476740    34.2815      75993         12  0.000e+00
     50.426    -0.7412   2.789580    -0.7367   2.790322    7.28748     0.0219    13.8155 0.0000e+00  -60.80000  -54.62550 1153653989 204.476740    34.2830      75994         12  0.000e+00
     50.359    -0.7416   2.789653    -0.7352   2.790420    7.28742     0.0112    13.8155 0.0000e+00  -60.80000  -54.62550 1153653989 204.476741    34.2845      75995         12  0.000e+00
     50.359    -0.7414   2.789716    -0.7322   2.790618    7.28734     0.0327    13.8155 0.0000e+00  -60.80000  -54.62550 1153653989 204.476741    34.2851      75996         12  0.000e+00
     50.426    -0.7405   2.789808    -0.7279   2.790903    7.28722     0.0434    13.8155 0.0000e+00  -60.80000  -54.62550 1153653989 204.476742    34.2853      75997         12  0.000e+00
     50.426    -0.7396   2.789957    -0.7241   2.791170    7.28700     0.0004    13.8155 0.0000e+00  -60.80000  -54.62550 1153653989 204.476742    34.2864      75998         12  0.000e+00
     50.426    -0.7371   2.790013    -0.7213   2.791338    7.28190    -0.0211    13.8155 0.0000e+00  -60.80000  -54.62550 1153653989 204.476743    34.2843      75999         12  0.000e+00
     50.426    -0.7379   2.789947    -0.7201   2.791431    7.28675     0.0004    13.8155 0.0000e+00  -60.80000  -54.62550 1153653989 204.476743    34.2843      76000         12  0.000e+00
     50.492    -0.7384   2.789874    -0.7193   2.791472    7.28694     0.0112    13.8155 0.0000e+00  -60.80000  -54.62550 1153653989 204.476744    34.2838      76001         12  0.000e+00
     50.492    -0.7393   2.789812    -0.7187   2.791501    7.28711     0.0004    13.8155 0.0000e+00  -60.80000  -54.62550 1153653989 204.476744    34.2839      76002         12  0.000e+00
     50.492    -0.7411   2.789825    -0.7206   2.791402    7.28736    -0.0104    13.8155 0.0000e+00  -60.80000  -54.62550 1153653989 204.476745    34.2862      76003         12  0.000e+00
     50.569    -0.7399   2.789838    -0.7213   2.791332    7.28726    -0.0104    13.8155 0.0000e+00  -60.80000  -54.62550 1153653989 204.476745    34.2850      76004         12  0.000e+00
     50.492    -0.7392   2.789868    -0.7223   2.791298    7.28706    -0.0211    13.8155 0.0000e+00  -60.80000  -54.62550 1153653989 204.476746    34.2846      76005         12  0.000e+00
     50.569    -0.7380   2.789897    -0.7238   2.791170    7.28695    -0.0319    13.8155 0.0000e+00  -60.80000  -54.62550 1153653989 204.476746    34.2837      76006         12  0.000e+00
     50.569    -0.7372   2.789957    -0.7256   2.791054    7.28678    -0.0104    13.8155 0.0000e+00  -60.80000  -54.62550 1153653989 204.476747    34.2835      76007         12  0.000e+00
     50.569    -0.7377   2.789973    -0.7264   2.790966    7.28685    -0.0104    13.8155 0.0000e+00  -60.80000  -54.62550 1153653990 204.476747    34.2843      76008         12  0.000e+00
     50.636    -0.7358   2.790254    -0.7279   2.790885    7.28644    -0.0104    13.8155 0.0000e+00  -60.80000  -54.62550 1153653990 204.476748    34.2859      76009         12  0.000e+00
     50.636    -0.7309   2.790555    -0.7281   2.790885    7.28553     0.0112    13.8155 0.0000e+00  -60.80000  -54.62550 1153653990 204.476748    34.2845      76010         12  0.000e+00
     50.569    -0.7275   2.790740    -0.7259   2.790995    7.28484    -0.0104    13.8155 0.0000e+00  -60.80000  -54.62550 1153653990 204.476749    34.2831      76011         12  0.000e+00
     50.702    -0.7260   2.790796    -0.7232   2.791170    7.28471    -0.0104    13.8155 0.0000e+00  -60.80000  -54.62550 1153653990 204.476749    34.2821      76012         12  0.000e+00
     50.495    -0.7209   2.791146    -0.7177   2.791669    7.28820     0.0650    13.8155 0.0000e+00  -60.80000  -54.62550 1153653995 204.476816    34.2811      76151         13  0.000e+00
     50.428    -0.7203   2.791159    -0.7175   2.791692    7.28803     0.0542    13.8155 0.0000e+00  -60.80000  -54.62550 1153653995 204.476817    34.2806      76152         13  0.000e+00
     50.495    -0.7201   2.791209    -0.7170   2.791710    7.28805     0.0219    13.8155 0.0000e+00  -60.80000  -54.62550 1153653996 204.476817    34.2811      76153         13  0.000e+00
     50.495    -0.7199   2.791209    -0.7171   2.791774    7.28802     0.0112    13.8155 0.0000e+00  -60.80000  -54.62550 1153653996 204.476818    34.2809      76154         13  0.000e+00
     50.428    -0.7200   2.791202    -0.7164   2.791780    7.28796     0.0004    13.8155 0.0000e+00  -60.80000  -54.62550 1153653996 204.476818    34.2809      76155         13  0.000e+00
     50.495    -0.7198   2.791222    -0.7161   2.791791    7.28799     0.0650    13.8155 0.0000e+00  -60.80000  -54.62550 1153653996 204.476819    34.2809      76156         13  0.000e+00
     50.571    -0.7199   2.791228    -0.7166   2.791797    7.28808     0.0112    13.8155 0.0000e+00  -60.80000  -54.62550 1153653996 204.476819    34.2811      76157         13  0.000e+00
