product_data/regression_test/downloaded_data/MDGS/320620060703/ctd/p6617304.ros
* Sea-Bird SBE 9 Data File:
* FileName = D:\Data\Raw\p6617304.dat
* Software Version Seasave Win32 V 5.32
* Temperature SN = 1649
* Conductivity SN = 1431
* Number of Bytes Per Scan = 37
* Number of Voltage Words = 5
* Number of Scans Averaged by the Deck Unit = 1
* NMEA Latitude = 60 36.97 S
* NMEA Longitude = 054 59.78 W
* NMEA UTC (Time) = 20:32:07
** Ship:   Nathaniel B. Palmer 
** Cruise:    NBP0606 
# nquan = 17
# nvalues = 1176                    
# units = specified
# name 0 = prDM: Pressure, Digiquartz [db]
# name 1 = t090C: Temperature [ITS-90, deg C]
# name 2 = c0S/m: Conductivity [S/m]
# name 3 = t190C: Temperature, 2 [ITS-90, deg C]
# name 4 = c1S/m: Conductivity, 2 [S/m]
# name 5 = sbeox0ML/L: Oxygen, SBE 43 [ml/l]
# name 6 = flECO-AFL: Fluorescence, Wetlab ECO-AFL/FL [mg/m^3]
# name 7 = bat: Beam Attenuation, Chelsea/Seatech/Wetlab CStar [1/m]
# name 8 = spar: SPAR/Surface Irradiance
# name 9 = latitude: Latitude [deg]
# name 10 = longitude: Longitude [deg]
# name 11 = timeY: Time, System [seconds]
# name 12 = timeJ: Julian Days
# name 13 = sal00: Salinity [PSU]
# name 14 = scan: scan number
# name 15 = nbf: number of bottles fired
# name 16 = flag:  0.000e+00
# interval = seconds: 0.0416667                   
# start_time = Jul 20 2006 20:32:15
*END*
[from data line 341]
    151.610     0.9100   2.948516     0.8937   2.946881    5.46312    -0.1180    13.8155 0.0000e+00  -60.61617  -54.99633 1153428687 201.869087    34.4714      27700          7  0.000e+00
    151.753     0.9159   2.948695     0.8793   2.945790    5.46249    -0.1287    13.8155 0.0000e+00  -60.61617  -54.99633 1153428687 201.869088    34.4670      27701          7  0.000e+00
    150.284     0.8892   2.945958     0.8872   2.946217    5.46107    -0.0964    13.8155 0.0000e+00  -60.61617  -54.99633 1153428693 201.869151    34.4622      27833          8  0.000e+00
    150.360     0.8887   2.945937     0.8886   2.946282    5.46119    -0.0964    13.8155 0.0000e+00  -60.61617  -54.99633 1153428693 201.869152    34.4624      27834          8  0.000e+00
    150.284     0.8891   2.945931     0.8889   2.946341    5.46111    -0.0964    13.8155 0.0000e+00  -60.61617  -54.99633 1153428693 201.869152    34.4620      27835          8  0.000e+00
    150.284     0.8883   2.945839     0.8894   2.946383    5.46124    -0.1072    13.8155 0.0000e+00  -60.61617  -54.99633 1153428693 201.869153    34.4617      27836          8  0.000e+00
    150.284     0.8870   2.945778     0.8903   2.946424    5.46140    -0.0749    13.8155 0.0000e+00  -60.61617  -54.99633 1153428693 201.869153    34.4623      27837          8  0.000e+00
    150.284     0.8861   2.945728     0.8914   2.946537    5.46153    -0.0426    13.8155 0.0000e+00  -60.61617  -54.99633 1153428693 201.869154    34.4627      27838          8  0.000e+00
    150.284     0.8853   2.945633     0.8918   2.946578    5.46166    -0.0534    13.8155 0.0000e+00  -60.61617  -54.99633 1153428693 201.869154    34.4623      27839          8  0.000e+00
    150.284     0.8844   2.945548     0.8925   2.946673    5.45725    -0.0534    13.8155 0.0000e+00  -60.61617  -54.99633 1153428693 201.869155    34.4622      27840          8  0.000e+00
    150.284     0.8833   2.945531     0.8931   2.946721    5.46193    -0.0749    13.8155 0.0000e+00  -60.61617  -54.99633 1153428693 201.869155    34.4632      27841          8  0.000e+00
    150.284     0.8826   2.945498     0.8929   2.946750    5.46202    -0.1180    13.8155 0.0000e+00  -60.61617  -54.99633 1153428693 201.869156    34.4635      27842          8  0.000e+00
    150.284     0.8828   2.945538     0.8931   2.946721    5.46198    -0.0749    13.8155 0.0000e+00  -60.61617  -54.99633 1153428693 201.869156    34.4638      27843          8  0.000e+00
    150.284     0.8839   2.945589     0.8922   2.946655    5.46184    -0.0857    13.8155 0.0000e+00  -60.61617  -54.99633 1153428693 201.869157    34.4633      27844          8  0.000e+00
    150.284     0.8844   2.945640     0.8909   2.946608    5.46176    -0.0749    13.8155 0.0000e+00  -60.61617  -54.99633 1153428693 201.869157    34.4634      27845          8  0.000e+00
    150.208     0.8849   2.945613     0.8900   2.946507    5.46166    -0.0749    13.8155 0.0000e+00  -60.61617  -54.99633 1153428693 201.869158    34.4626      27846          8  0.000e+00
    150.284     0.8845   2.945619     0.8887   2.946383    5.46175    -0.1395    13.8155 0.0000e+00  -60.61617  -54.99633 1153428693 201.869158    34.4630      27847          8  0.000e+00
    150.284     0.8844   2.945592     0.8891   2.946329    5.46178    -0.1180    13.8155 0.0000e+00  -60.61617  -54.99633 1153428693 201.869158    34.4628      27848          8  0.000e+00
    150.284     0.8844   2.945579     0.8897   2.946377    5.46179    -0.1395    13.8155 0.0000e+00  -60.61617  -54.99633 1153428693 201.869159    34.4626      27849          8  0.000e+00
    150.284     0.8839   2.945599     0.8896   2.946401    5.46183    -0.0964    13.8155 0.0000e+00  -60.61617  -54.99633 1153428694 201.869159    34.4634      27850          8  0.000e+00
    150.284     0.8845   2.945670     0.8895   2.946436    5.46173    -0.0642    13.8155 0.0000e+00  -60.61617  -54.99633 1153428694 201.869160    34.4636      27851          8  0.000e+00
    150.284     0.8850   2.945674     0.8900   2.946454    5.46168    -0.0642    13.8155 0.0000e+00  -60.61617  -54.99633 1153428694 201.869160    34.4632      27852          8  0.000e+00
    150.284     0.8855   2.945690     0.8905   2.946501    5.46161    -0.0964    13.8155 0.0000e+00  -60.61617  -54.99633 1153428694 201.869161    34.4628      27853          8  0.000e+00
    150.284     0.8864   2.945782     0.8911   2.946525    5.45691    -0.0749    13.8155 0.0000e+00  -60.61617  -54.99633 1153428694 201.869161    34.4630      27854          8  0.000e+00
    150.284     0.8875   2.945883     0.8908   2.946495    5.46130    -0.0534    13.8155 0.0000e+00  -60.61617  -54.99633 1153428694 201.869162    34.4631      27855          8  0.000e+00
    150.284     0.8891   2.945907     0.8908   2.946495    5.46112    -0.0534    13.8155 0.0000e+00  -60.61617  -54.99633 1153428694 201.869162    34.4617      27856          8  0.000e+00
    150.284     0.8891   2.945924     0.8906   2.946531    5.46111    -0.0749    13.8155 0.0000e+00  -60.61617  -54.99633 1153428694 201.869163    34.4619      27857          8  0.000e+00
    150.284     0.8887   2.945968     0.8912   2.946543    5.46112    -0.0426    13.8155 0.0000e+00  -60.61617  -54.99633 1153428694 201.869163    34.4628      27858          8  0.000e+00
    150.284     0.8892   2.946066     0.8917   2.946531    5.46102    -0.0534    13.8155 0.0000e+00  -60.61617  -54.99633 1153428694 201.869164    34.4636      27859          8  0.000e+00
    150.284     0.8908   2.946289     0.8909   2.946537    5.46074    -0.0964    13.8155 0.0000e+00  -60.61617  -54.99633 1153428694 201.869164    34.4647      27860          8  0.000e+00
    150.351     0.8924   2.946458     0.8911   2.946531    5.46054    -0.0534    13.8155 0.0000e+00  -60.61617  -54.99633 1153428694 201.869165    34.4651      27861          8  0.000e+00
    150.284     0.8936   2.946563     0.8918   2.946537    5.46030    -0.0426    13.8155 0.0000e+00  -60.61617  -54.99633 1153428694 201.869165    34.4651      27862          8  0.000e+00
    150.351     0.8952   2.946729     0.8909   2.946478    5.46010    -0.0319    13.8155 0.0000e+00  -60.61617  -54.99633 1153428694 201.869166    34.4655      27863          8  0.000e+00
    150.284     0.8964   2.946776     0.8905   2.946406    5.45534    -0.0534    13.8155 0.0000e+00  -60.61617  -54.99633 1153428694 201.869166    34.4648      27864          8  0.000e+00
    150.361     0.8969   2.946651     0.8903   2.946377    5.45541    -0.0749    13.8155 0.0000e+00  -60.61617  -54.99633 1153428694 201.869167    34.4626      27865          8  0.000e+00
    150.284     0.8956   2.946560     0.8881   2.946199    5.46008    -0.0534    13.8155 0.0000e+00  -60.61617  -54.99633 1153428694 201.869167    34.4628      27866          8  0.000e+00
    150.351     0.8945   2.946452     0.8855   2.945962    5.46030    -0.0211    13.8155 0.0000e+00  -60.61617  -54.99633 1153428694 201.869168    34.4626      27867          8  0.000e+00
    150.284     0.8938   2.946404     0.8841   2.945826    5.46036    -0.0534    13.8155 0.0000e+00  -60.61617  -54.99633 1153428694 201.869168    34.4629      27868          8  0.000e+00
    150.361     0.8925   2.946222     0.8836   2.945826    5.45609    -0.0964    13.8155 0.0000e+00  -60.61617  -54.99633 1153428694 201.869169    34.4619      27869          8  0.000e+00
    150.351     0.8908   2.946022     0.8830   2.945849    5.46092    -0.0964    13.8155 0.0000e+00  -60.61617  -54.99633 1153428694 201.869169    34.4612      27870          8  0.000e+00
    150.351     0.8882   2.945853     0.8847   2.945926    5.45674    -0.0749    13.8155 0.0000e+00  -60.61617  -54.99633 1153428694 201.869170    34.4619      27871          8  0.000e+00
    150.351     0.8861   2.945741     0.8864   2.946128    5.45702    -0.0749    13.8155 0.0000e+00  -60.61617  -54.99633 1153428694 201.869170    34.4628      27872          8  0.000e+00
    150.351     0.8866   2.945755     0.8864   2.946258    5.45696    -0.1072    13.8155 0.0000e+00  -60.61617  -54.99633 1153428695 201.869171    34.4624      27873          8  0.000e+00
    150.361     0.8863   2.945728     0.8866   2.946229    5.45701    -0.1072    13.8155 0.0000e+00  -60.61617  -54.99633 1153428695 201.869171    34.4624      27874          8  0.000e+00
    150.351     0.8861   2.945805     0.8885   2.946377    5.45699    -0.0964    13.8155 0.0000e+00  -60.61617  -54.99633 1153428695 201.869171    34.4636      27875          8  0.000e+00
    150.351     0.8864   2.945927     0.8891   2.946466    5.45690    -0.0749    13.8155 0.0000e+00  -60.61617  -54.99633 1153428695 201.869172    34.4649      27876          8  0.000e+00
    150.418     0.8880   2.946025     0.8877   2.946460    5.45673    -0.0964    13.8155 0.0000e+00  -60.61617  -54.99633 1153428695 201.869172    34.4643      27877          8  0.000e+00
    150.361     0.8881   2.946066     0.8877   2.946448    5.45665    -0.1072    13.8155 0.0000e+00  -60.61617  -54.99633 1153428695 201.869173    34.4647      27878          8  0.000e+00
    150.351     0.8892   2.946161     0.8863   2.946329    5.45647    -0.0534    13.8155 0.0000e+00  -60.61617  -54.99633 1153428695 201.869173    34.4647      27879          8  0.000e+00
    150.418     0.8903   2.946205     0.8858   2.946187    5.45638    -0.0534    13.8155 0.0000e+00  -60.61617  -54.99633 1153428695 201.869174    34.4641      27880          8  0.000e+00
    150.351     0.8909   2.946211     0.8864   2.946146    5.45626    -0.0426    13.8155 0.0000e+00  -60.61617  -54.99633 1153428695 201.869174    34.4635      27881          8  0.000e+00
    150.352     0.8847   2.945765     0.8787   2.945601    5.45261    -0.0964    13.8155 0.0000e+00  -60.61617  -54.99633 1153428696 201.869185    34.4646      27902          9  0.000e+00
    150.419     0.8856   2.945799     0.8785   2.945524    5.45254    -0.1395    13.8155 0.0000e+00  -60.61617  -54.99633 1153428696 201.869185    34.4640      27903          9  0.000e+00
    150.352     0.8861   2.945812     0.8798   2.945559    5.45243    -0.0749    13.8155 0.0000e+00  -60.61617  -54.99633 1153428696 201.869185    34.4637      27904          9  0.000e+00
    150.428     0.8859   2.945812     0.8799   2.945583    5.45250    -0.0319    13.8155 0.0000e+00  -60.61617  -54.99633 1153428696 201.869186    34.4638      27905          9  0.000e+00
    150.285     0.8855   2.945741     0.8799   2.945624    5.45704    -0.0426    13.8155 0.0000e+00  -60.61617  -54.99633 1153428696 201.869186    34.4635      27906          9  0.000e+00
    150.419     0.8853   2.945755     0.8808   2.945601    5.45259    -0.0749    13.8155 0.0000e+00  -60.61617  -54.99633 1153428696 201.869187    34.4638      27907          9  0.000e+00
    150.352     0.8850   2.945765     0.8799   2.945577    5.45257    -0.1180    13.8155 0.0000e+00  -60.61617  -54.99633 1153428696 201.869187    34.4643      27908          9  0.000e+00
    150.352     0.8850   2.945711     0.8790   2.945535    5.45260    -0.0749    13.8155 0.0000e+00  -60.61617  -54.99633 1153428696 201.869188    34.4636      27909          9  0.000e+00
    150.361     0.8850   2.945694     0.8791   2.945470    5.45261    -0.0642    13.8155 0.0000e+00  -60.61617  -54.99633 1153428696 201.869188    34.4634      27910          9  0.000e+00
    150.285     0.8859   2.945748     0.8805   2.945482    5.45243    -0.0534    13.8155 0.0000e+00  -60.61617  -54.99633 1153428696 201.869189    34.4631      27911          9  0.000e+00
    150.419     0.8859   2.945799     0.8813   2.945565    5.45250    -0.0534    13.8155 0.0000e+00  -60.61617  -54.99633 1153428696 201.869189    34.4636      27912          9  0.000e+00
    150.285     0.8867   2.945866     0.8829   2.945660    5.45228    -0.0749    13.8155 0.0000e+00  -60.61617  -54.99633 1153428696 201.869190    34.4638      27913          9  0.000e+00
    150.285     0.8870   2.945866     0.8827   2.945737    5.45225    -0.0642    13.8155 0.0000e+00  -60.61617  -54.99633 1153428696 201.869190    34.4634      27914          9  0.000e+00
    150.352     0.8875   2.945897     0.8835   2.945743    5.45223    -0.0534    13.8155 0.0000e+00  -60.61617  -54.99633 1153428696 201.869191    34.4632      27915          9  0.000e+00
    150.352     0.8870   2.945870     0.8807   2.945701    5.44774    -0.0319    13.8155 0.0000e+00  -60.61617  -54.99633 1153428696 201.869191    34.4634      27916          9  0.000e+00
    150.285     0.8872   2.945876     0.8782   2.945524    5.44767    -0.0534    13.8155 0.0000e+00  -60.61617  -54.99633 1153428696 201.869192    34.4634      27917          9  0.000e+00
    150.285     0.8870   2.945849     0.8788   2.945387    5.45226    -0.0534    13.8155 0.0000e+00  -60.61617  -54.99633 1153428696 201.869192    34.4632      27918          9  0.000e+00
    150.285     0.8867   2.945836     0.8796   2.945281    5.45230    -0.0426    13.8155 0.0000e+00  -60.61617  -54.99633 1153428696 201.869193    34.4633      27919          9  0.000e+00
    150.285     0.8872   2.945802     0.8782   2.945269    5.44771    -0.0319    13.8155 0.0000e+00  -60.61617  -54.99633 1153428696 201.869193    34.4624      27920          9  0.000e+00
    150.285     0.8863   2.945772     0.8787   2.945281    5.44782    -0.0534    13.8155 0.0000e+00  -60.61617  -54.99633 1153428696 201.869194    34.4630      27921          9  0.000e+00
    150.285     0.8861   2.945728     0.8788   2.945275    5.44786    -0.0534    13.8155 0.0000e+00  -60.61617  -54.99633 1153428697 201.869194    34.4627      27922          9  0.000e+00
    150.285     0.8856   2.945755     0.8790   2.945310    5.44790    -0.0534    13.8155 0.0000e+00  -60.61617  -54.99633 1153428697 201.869195    34.4635      27923          9  0.000e+00
    150.285     0.8855   2.945728     0.8788   2.945334    5.44793    -0.0534    13.8155 0.0000e+00  -60.61617  -54.99633 1153428697 201.869195    34.4633      27924          9  0.000e+00
    150.209     0.8856   2.945680     0.8781   2.945352    5.44788    -0.0104    13.8155 0.0000e+00  -60.61617  -54.99633 1153428697 201.869196    34.4626      27925          9  0.000e+00
    150.285     0.8839   2.945640     0.8774   2.945340    5.44815     0.0004    13.8155 0.0000e+00  -60.61617  -54.99633 1153428697 201.869196    34.4639      27926          9  0.000e+00
    150.285     0.8831   2.945677     0.8765   2.945287    5.44821    -0.0749    13.8155 0.0000e+00  -60.61617  -54.99633 1153428697 201.869197    34.4653      27927          9  0.000e+00
    150.209     0.8840   2.945765     0.8732   2.945156    5.44346    -0.1395    13.8155 0.0000e+00  -60.61617  -54.99633 1153428697 201.869197    34.4654      27928          9  0.000e+00
    150.209     0.8847   2.945772     0.8740   2.944943    5.44794    -0.1180    13.8155 0.0000e+00  -60.61617  -54.99633 1153428697 201.869198    34.4648      27929          9  0.000e+00
    150.285     0.8840   2.945711     0.8731   2.944801    5.44810    -0.0426    13.8155 0.0000e+00  -60.61617  -54.99633 1153428697 201.869198    34.4647      27930          9  0.000e+00
    150.209     0.8837   2.945714     0.8731   2.944783    5.44807    -0.0319    13.8155 0.0000e+00  -60.61617  -54.99633 1153428697 201.869198    34.4651      27931          9  0.000e+00
    150.285     0.8844   2.945717     0.8743   2.944860    5.44806    -0.0964    13.8155 0.0000e+00  -60.61617  -54.99633 1153428697 201.869199    34.4644      27932          9  0.000e+00
    150.209     0.8845   2.945663     0.8760   2.944913    5.44801    -0.0857    13.8155 0.0000e+00  -60.61617  -54.99633 1153428697 201.869199    34.4636      27933          9  0.000e+00
    150.209     0.8842   2.945562     0.8757   2.944978    5.44353    -0.0749    13.8155 0.0000e+00  -60.61617  -54.99633 1153428697 201.869200    34.4626      27934          9  0.000e+00
