product_data/regression_test/downloaded_data/MDGS/320620060703/ctd/p6617201.ros
* Sea-Bird SBE 9 Data File:
* FileName = D:\Data\Raw\p6617201.dat
* Software Version Seasave Win32 V 5.32
* Temperature SN = 1649
* Conductivity SN = 1431
* Number of Bytes Per Scan = 37
* Number of Voltage Words = 5
* Number of Scans Averaged by the Deck Unit = 1
* NMEA Latitude = 60 36.98 S
* NMEA Longitude = 055 11.63 W
* NMEA UTC (Time) = 16:04:08
** Ship:   Nathaniel B. Palmer 
** Cruise:    NBP0606 
# nquan = 17
# nvalues = 1167                    
# units = specified
# name 0 = prDM: Pressure, Digiquartz [db]
# name 1 = t090C: Temperature [ITS-90, deg C]
# name 2 = c0S/m: Conductivity [S/m]
# name 3 = t190C: Temperature, 2 [ITS-90, deg C]
# name 4 = c1S/m: Conductivity, 2 [S/m]
# name 5 = sbeox0ML/L: Oxygen, SBE 43 [ml/l]
# name 6 = flECO-AFL: Fluorescence, Wetlab ECO-AFL/FL [mg/m^3]
# name 7 = bat: Beam Attenuation, Chelsea/Seatech/Wetlab CStar [1/m]
# name 8 = spar: SPAR/Surface Irradiance
# name 9 = latitude: Latitude [deg]
# name 10 = longitude: Longitude [deg]
# name 11 = timeY: Time, System [seconds]
# name 12 = timeJ: Julian Days
# name 13 = sal00: Salinity [PSU]
# name 14 = scan: scan number
# name 15 = nbf: number of bottles fired
# name 16 = flag:  0.000e+00
# interval = seconds: 0.0416667                   
# start_time = Jul 20 2006 16:04:16
*END*
[from data line 596]
     99.945    -0.5601   2.805574    -0.5585   2.806183    7.26764     0.0219    13.8155 2.5910e+02  -60.61633  -55.19383 1153414690 201.707083    34.2631      77664         13  0.000e+00
    100.012    -0.5602   2.805571    -0.5583   2.806189    7.26773     0.0112    13.8155 2.5910e+02  -60.61633  -55.19383 1153414690 201.707083    34.2631      77665         13  0.000e+00
     99.945    -0.5607   2.805554    -0.5584   2.806154    7.26775    -0.0104    13.8155 2.5910e+02  -60.61633  -55.19383 1153414690 201.707084    34.2635      77666         13  0.000e+00
    100.012    -0.5607   2.805581    -0.5577   2.806154    7.26779    -0.0104    13.8155 2.5910e+02  -60.61633  -55.19383 1153414690 201.707084    34.2638      77667         13  0.000e+00
     99.945    -0.5605   2.805561    -0.5579   2.806183    7.25833    -0.0104    13.8155 2.5910e+02  -60.61633  -55.19383 1153414690 201.707085    34.2634      77668         13  0.000e+00
     99.869    -0.5607   2.805564    -0.5576   2.806212    7.25827     0.0112    13.8155 2.5910e+02  -60.61633  -55.19383 1153414690 201.707085    34.2637      77669         13  0.000e+00
     99.945    -0.5602   2.805591    -0.5575   2.806224    7.25826     0.0219    13.8155 2.5910e+02  -60.61633  -55.19383 1153414690 201.707086    34.2635      77670         13  0.000e+00
     99.945    -0.5602   2.805577    -0.5577   2.806235    7.26766     0.0327    13.8155 2.5716e+02  -60.61633  -55.19383 1153414690 201.707086    34.2633      77671         13  0.000e+00
     99.869    -0.5604   2.805604    -0.5574   2.806247    7.26759    -0.0104    13.8155 2.5910e+02  -60.61633  -55.19383 1153414690 201.707087    34.2638      77672         13  0.000e+00
     99.869    -0.5596   2.805584    -0.5575   2.806229    7.26280    -0.0534    13.8155 2.5910e+02  -60.61633  -55.19383 1153414690 201.707087    34.2627      77673         13  0.000e+00
     99.907    -0.5599   2.805624    -0.5580   2.806218    7.26755    -0.0104    13.8155 2.5910e+02  -60.61633  -55.19383 1153414690 201.707088    34.2636      77674         13  0.000e+00
     99.869    -0.5592   2.805621    -0.5574   2.806183    7.25801     0.0219    13.8155 2.5910e+02  -60.61633  -55.19383 1153414690 201.707088    34.2627      77675         13  0.000e+00
     99.869    -0.5594   2.805617    -0.5584   2.806148    7.25806    -0.0104    13.8155 2.5910e+02  -60.61633  -55.19383 1153414690 201.707089    34.2630      77676         13  0.000e+00
     99.869    -0.5593   2.805617    -0.5591   2.806125    7.25803    -0.0319    13.8155 2.5910e+02  -60.61633  -55.19383 1153414691 201.707089    34.2628      77677         13  0.000e+00
     99.802    -0.5599   2.805617    -0.5594   2.806049    7.26275    -0.0104    13.8155 2.5910e+02  -60.61633  -55.19383 1153414691 201.707090    34.2635      77678         13  0.000e+00
     99.869    -0.5601   2.805601    -0.5593   2.806008    7.26755     0.0112    13.8155 2.5910e+02  -60.61633  -55.19383 1153414691 201.707090    34.2635      77679         13  0.000e+00
     99.802    -0.5596   2.805611    -0.5590   2.806008    7.26271     0.0112    13.8155 2.5910e+02  -60.61633  -55.19383 1153414691 201.707091    34.2631      77680         13  0.000e+00
     99.802    -0.5599   2.805617    -0.5591   2.806043    7.25806    -0.0104    13.8155 2.5910e+02  -60.61633  -55.19383 1153414691 201.707091    34.2636      77681         13  0.000e+00
     99.869    -0.5602   2.805634    -0.5581   2.806078    7.25816     0.0112    13.8155 2.5910e+02  -60.61633  -55.19383 1153414691 201.707092    34.2641      77682         13  0.000e+00
     99.802    -0.5596   2.805707    -0.5585   2.806148    7.26734     0.0327    13.8155 2.5910e+02  -60.61633  -55.19383 1153414691 201.707092    34.2644      77683         13  0.000e+00
     99.774    -0.5601   2.805697    -0.5580   2.806148    7.25800     0.0327    13.8155 2.5910e+02  -60.61633  -55.19383 1153414691 201.707092    34.2648      77684         13  0.000e+00
     99.803    -0.5596   2.805683    -0.5575   2.806177    7.25796    -0.0104    13.8155 2.5910e+02  -60.61633  -55.19383 1153414691 201.707093    34.2641      77685         13  0.000e+00
     99.803    -0.5592   2.805667    -0.5580   2.806171    7.25791    -0.0104    13.8155 2.5910e+02  -60.61633  -55.19383 1153414691 201.707093    34.2634      77686         13  0.000e+00
     99.803    -0.5593   2.805664    -0.5577   2.806130    7.25793     0.0004    13.8155 2.5910e+02  -60.61633  -55.19383 1153414691 201.707094    34.2634      77687         13  0.000e+00
     99.803    -0.5592   2.805713    -0.5577   2.806171    7.25788    -0.0104    13.8155 2.5910e+02  -60.61633  -55.19383 1153414691 201.707094    34.2640      77688         13  0.000e+00
     99.736    -0.5584   2.805710    -0.5579   2.806189    7.26240    -0.0104    13.8155 2.5716e+02  -60.61633  -55.19383 1153414691 201.707095    34.2631      77689         13  0.000e+00
     99.803    -0.5582   2.805707    -0.5579   2.806154    7.25775     0.0004    13.8155 2.5716e+02  -60.61633  -55.19383 1153414691 201.707095    34.2628      77690         13  0.000e+00
     99.736    -0.5582   2.805690    -0.5574   2.806154    7.25769     0.0112    13.8155 2.5716e+02  -60.61633  -55.19383 1153414691 201.707096    34.2626      77691         13  0.000e+00
     99.803    -0.5587   2.805700    -0.5579   2.806125    7.26721     0.0004    13.8155 2.5716e+02  -60.61633  -55.19383 1153414691 201.707096    34.2633      77692         13  0.000e+00
     99.803    -0.5584   2.805690    -0.5576   2.806136    7.25779    -0.0104    13.8155 2.5716e+02  -60.61633  -55.19383 1153414691 201.707097    34.2628      77693         13  0.000e+00
     99.698    -0.5587   2.805700    -0.5568   2.806159    7.25771    -0.0211    13.8155 2.5716e+02  -60.61633  -55.19383 1153414691 201.707097    34.2633      77694         13  0.000e+00
     99.803    -0.5587   2.805707    -0.5571   2.806224    7.25782     0.0112    13.8155 2.5521e+02  -60.61633  -55.19383 1153414691 201.707098    34.2633      77695         13  0.000e+00
     99.736    -0.5593   2.805690    -0.5562   2.806288    7.26724    -0.0319    13.8155 2.5521e+02  -60.61633  -55.19383 1153414691 201.707098    34.2638      77696         13  0.000e+00
     99.803    -0.5585   2.805717    -0.5557   2.806363    7.26718    -0.0319    13.8155 2.5716e+02  -60.61633  -55.19383 1153414691 201.707099    34.2633      77697         13  0.000e+00
     99.736    -0.5587   2.805713    -0.5555   2.806375    7.25774     0.0112    13.8155 2.5716e+02  -60.61633  -55.19383 1153414691 201.707099    34.2635      77698         13  0.000e+00
     99.736    -0.5584   2.805707    -0.5554   2.806381    7.25770     0.0112    13.8155 2.5716e+02  -60.61633  -55.19383 1153414691 201.707100    34.2630      77699         13  0.000e+00
     99.803    -0.5582   2.805707    -0.5556   2.806387    7.25775     0.0112    13.8155 2.5716e+02  -60.61633  -55.19383 1153414691 201.707100    34.2628      77700         13  0.000e+00
     99.736    -0.5587   2.805723    -0.5555   2.806387    7.26713     0.0327    13.8155 2.5716e+02  -60.61633  -55.19383 1153414692 201.707101    34.2636      77701         13  0.000e+00
     99.803    -0.5582   2.805730    -0.5557   2.806398    7.25773    -0.0104    13.8155 2.5716e+02  -60.61633  -55.19383 1153414692 201.707101    34.2631      77702         13  0.000e+00
     99.736    -0.5582   2.805763    -0.5551   2.806427    7.25764    -0.0534    13.8155 2.5716e+02  -60.61633  -55.19383 1153414692 201.707102    34.2636      77703         13  0.000e+00
     99.774    -0.5584   2.805726    -0.5549   2.806456    7.26243    -0.0642    13.8155 2.5716e+02  -60.61633  -55.19383 1153414692 201.707102    34.2633      77704         13  0.000e+00
    101.770    -0.5588   2.805830    -0.5583   2.806259    7.26914    -0.0319    13.8155 2.5521e+02  -60.61633  -55.19383 1153414695 201.707137    34.2640      77776         14  0.000e+00
    101.770    -0.5593   2.805810    -0.5583   2.806253    7.27391    -0.0104    13.8155 2.5521e+02  -60.61633  -55.19383 1153414695 201.707137    34.2642      77777         14  0.000e+00
    101.837    -0.5596   2.805780    -0.5587   2.806271    7.27405    -0.0104    13.8155 2.5521e+02  -60.61633  -55.19383 1153414695 201.707138    34.2642      77778         14  0.000e+00
    101.913    -0.5593   2.805826    -0.5585   2.806294    7.26935     0.0112    13.8155 2.5521e+02  -60.61633  -55.19383 1153414695 201.707138    34.2643      77779         14  0.000e+00
    101.913    -0.5596   2.805793    -0.5579   2.806317    7.26942    -0.0426    13.8155 2.5521e+02  -60.61633  -55.19383 1153414695 201.707139    34.2643      77780         14  0.000e+00
    102.047    -0.5598   2.805777    -0.5585   2.806306    7.26489    -0.0534    13.8155 2.5521e+02  -60.61633  -55.19383 1153414695 201.707139    34.2641      77781         14  0.000e+00
    102.047    -0.5599   2.805790    -0.5591   2.806306    7.26960    -0.0211    13.8155 2.5521e+02  -60.61633  -55.19383 1153414695 201.707140    34.2645      77782         14  0.000e+00
    102.047    -0.5594   2.805846    -0.5591   2.806294    7.26950     0.0004    13.8155 2.5521e+02  -60.61633  -55.19383 1153414695 201.707140    34.2647      77783         14  0.000e+00
    102.123    -0.5594   2.805816    -0.5591   2.806300    7.26959     0.0112    13.8155 2.5521e+02  -60.61633  -55.19383 1153414695 201.707141    34.2643      77784         14  0.000e+00
    102.190    -0.5601   2.805711    -0.5590   2.806282    7.26513     0.0004    13.8155 2.5521e+02  -60.61633  -55.19383 1153414695 201.707141    34.2635      77785         14  0.000e+00
    102.257    -0.5611   2.805684    -0.5593   2.806259    7.27006    -0.0211    13.8155 2.5521e+02  -60.61633  -55.19383 1153414695 201.707142    34.2643      77786         14  0.000e+00
    102.257    -0.5613   2.805803    -0.5603   2.806183    7.27001    -0.0319    13.8155 2.5521e+02  -60.61633  -55.19383 1153414695 201.707142    34.2661      77787         14  0.000e+00
    102.333    -0.5602   2.805823    -0.5597   2.806248    7.26991    -0.0211    13.8155 2.5521e+02  -60.61633  -55.19383 1153414695 201.707143    34.2651      77788         14  0.000e+00
    102.372    -0.5594   2.805836    -0.5585   2.806358    7.26983    -0.0104    13.8155 2.5521e+02  -60.61633  -55.19383 1153414695 201.707143    34.2644      77789         14  0.000e+00
    102.400    -0.5591   2.805876    -0.5590   2.806440    7.26979     0.0327    13.8155 2.5521e+02  -60.61633  -55.19383 1153414695 201.707144    34.2645      77790         14  0.000e+00
    102.467    -0.5593   2.805853    -0.5585   2.806480    7.26990     0.0327    13.8155 2.5521e+02  -60.61633  -55.19383 1153414695 201.707144    34.2644      77791         14  0.000e+00
    102.543    -0.5599   2.805860    -0.5579   2.806509    7.26536     0.0327    13.8155 2.5521e+02  -60.61633  -55.19383 1153414695 201.707145    34.2651      77792         14  0.000e+00
    102.543    -0.5591   2.805883    -0.5579   2.806574    7.26993    -0.0319    13.8155 2.5521e+02  -60.61633  -55.19383 1153414695 201.707145    34.2646      77793         14  0.000e+00
    102.610    -0.5588   2.805919    -0.5582   2.806527    7.27463    -0.0426    13.8155 2.5521e+02  -60.61633  -55.19383 1153414695 201.707146    34.2647      77794         14  0.000e+00
    102.677    -0.5584   2.805933    -0.5582   2.806492    7.26992    -0.0104    13.8155 2.5521e+02  -60.61633  -55.19383 1153414695 201.707146    34.2643      77795         14  0.000e+00
    102.677    -0.5585   2.806082    -0.5583   2.806492    7.26515     0.0112    13.8155 2.5521e+02  -60.61633  -55.19383 1153414695 201.707147    34.2665      77796         14  0.000e+00
    102.820    -0.5557   2.806303    -0.5584   2.806440    7.26473     0.0004    13.8155 2.5521e+02  -60.61633  -55.19383 1153414696 201.707147    34.2662      77797         14  0.000e+00
    102.754    -0.5540   2.806429    -0.5586   2.806411    7.26434    -0.0104    13.8155 2.5521e+02  -60.61633  -55.19383 1153414696 201.707147    34.2660      77798         14  0.000e+00
    102.897    -0.5536   2.806350    -0.5579   2.806411    7.26916     0.0004    13.8155 2.5521e+02  -60.61633  -55.19383 1153414696 201.707148    34.2643      77799         14  0.000e+00
    102.820    -0.5554   2.806214    -0.5573   2.806486    7.26944    -0.0426    13.8155 2.5521e+02  -60.61633  -55.19383 1153414696 201.707148    34.2646      77800         14  0.000e+00
    102.964    -0.5562   2.806161    -0.5543   2.806707    7.26974    -0.0534    13.8155 2.5521e+02  -60.61633  -55.19383 1153414696 201.707149    34.2647      77801         14  0.000e+00
    102.964    -0.5566   2.806125    -0.5526   2.806917    7.26513    -0.0319    13.8155 2.5521e+02  -60.61633  -55.19383 1153414696 201.707149    34.2647      77802         14  0.000e+00
    102.964    -0.5559   2.806350    -0.5522   2.806969    7.26957     0.0004    13.8155 2.5521e+02  -60.61633  -55.19383 1153414696 201.707150    34.2669      77803         14  0.000e+00
    103.030    -0.5537   2.806562    -0.5531   2.806905    7.25978     0.0112    13.8155 2.5521e+02  -60.61633  -55.19383 1153414696 201.707150    34.2672      77804         14  0.000e+00
    103.107    -0.5527   2.806658    -0.5526   2.806905    7.27373     0.0004    13.8155 2.5521e+02  -60.61633  -55.19383 1153414696 201.707151    34.2673      77805         14  0.000e+00
    103.107    -0.5523   2.806641    -0.5535   2.806853    7.27370    -0.0104    13.8155 2.5521e+02  -60.61633  -55.19383 1153414696 201.707151    34.2667      77806         14  0.000e+00
    103.107    -0.5531   2.806562    -0.5543   2.806777    7.26916    -0.0319    13.8155 2.5521e+02  -60.61633  -55.19383 1153414696 201.707152    34.2665      77807         14  0.000e+00
    103.174    -0.5539   2.806489    -0.5551   2.806673    7.27409    -0.0319    13.8155 2.5521e+02  -60.61633  -55.19383 1153414696 201.707152    34.2664      77808         14  0.000e+00
    103.174    -0.5538   2.806472    -0.5562   2.806626    7.27409    -0.0534    13.8155 2.5521e+02  -60.61633  -55.19383 1153414696 201.707153    34.2661      77809         14  0.000e+00
    103.212    -0.5545   2.806575    -0.5566   2.806626    7.26947    -0.0426    13.8155 2.5326e+02  -60.61633  -55.19383 1153414696 201.707153    34.2682      77810         14  0.000e+00
    103.241    -0.5536   2.806625    -0.5566   2.806603    7.26933    -0.0104    13.8155 2.5326e+02  -60.61633  -55.19383 1153414696 201.707154    34.2678      77811         14  0.000e+00
    103.241    -0.5532   2.806698    -0.5570   2.806591    7.27392    -0.0104    13.8155 2.5326e+02  -60.61633  -55.19383 1153414696 201.707154    34.2684      77812         14  0.000e+00
    103.241    -0.5522   2.806721    -0.5574   2.806632    7.26906     0.0112    13.8155 2.5326e+02  -60.61633  -55.19383 1153414696 201.707155    34.2676      77813         14  0.000e+00
    103.241    -0.5521   2.806737    -0.5568   2.806609    7.27374    -0.0319    13.8155 2.5326e+02  -60.61633  -55.19383 1153414696 201.707155    34.2677      77814         14  0.000e+00
    103.317    -0.5520   2.806724    -0.5570   2.806597    7.27381    -0.0426    13.8155 2.5326e+02  -60.61633  -55.19383 1153414696 201.707156    34.2674      77815         14  0.000e+00
    103.241    -0.5521   2.806671    -0.5574   2.806591    7.26909    -0.0319    13.8155 2.5326e+02  -60.61633  -55.19383 1153414696 201.707156    34.2668      77816         14  0.000e+00
    103.317    -0.5523   2.806618    -0.5571   2.806591    7.27393     0.0004    13.8155 2.5326e+02  -60.61633  -55.19383 1153414696 201.707157    34.2663      77817         14  0.000e+00
    103.317    -0.5525   2.806608    -0.5569   2.806597    7.27395     0.0112    13.8155 2.5326e+02  -60.61633  -55.19383 1153414696 201.707157    34.2663      77818         14  0.000e+00
