product_data/regression_test/downloaded_data/MDGS/320620060703/ctd/p6618601.cnv
* Sea-Bird SBE 9 Data File:
* FileName = D:\Data\Raw\p6618601.dat
* Software Version Seasave Win32 V 5.32
* Temperature SN = 1649
* Conductivity SN = 1431
* Number of Bytes Per Scan = 37
* Number of Voltage Words = 5
* Number of Scans Averaged by the Deck Unit = 1
* NMEA Latitude = 60 48.00 S
* NMEA Longitude = 054 03.34 W
* NMEA UTC (Time) = 00:01:20
** Ship:   Nathaniel B. Palmer 
** Cruise:    NBP0606 
# nquan = 15
# nvalues = 1239                        
# units = specified
# name 0 = prDM: Pressure, Digiquartz [db]
# name 1 = t090C: Temperature [ITS-90, deg C]
# name 2 = c0S/m: Conductivity [S/m]
# name 3 = t190C: Temperature, 2 [ITS-90, deg C]
# name 4 = c1S/m: Conductivity, 2 [S/m]
# name 5 = sbeox0ML/L: Oxygen, SBE 43 [ml/l]
# name 6 = flECO-AFL: Fluorescence, Wetlab ECO-AFL/FL [mg/m^3]
# name 7 = bat: Beam Attenuation, Chelsea/Seatech/Wetlab CStar [1/m]
# name 8 = spar: SPAR/Surface Irradiance
# name 9 = latitude: Latitude [deg]
# name 10 = longitude: Longitude [deg]
# name 11 = timeY: Time, System [seconds]
# name 12 = timeJ: Julian Days
# name 13 = sal00: Salinity [PSU]
# name 14 = flag: flag
# span 0 =      2.000,   1240.000       
# span 1 =    -0.9684,     0.9177       
# span 2 =   2.767994,   2.975976       
# span 3 =    -0.9696,     0.9182       
# span 4 =   2.768540,   2.975886       
# span 5 =    5.21030,    7.49328       
# span 6 =    -0.1115,     0.5250       
# span 7 =    13.8155,    13.8155       
# span 8 = -7.527e-02, 9.1521e-01       
# span 9 =  -60.80000,  -60.80000       
# span 10 =  -54.05567,  -54.05567      
# span 11 = 1153612897, 1153614758      
# span 12 = 204.001147, 204.022678      
# span 13 =    34.2739,    34.6850      
# span 14 = 0.0000e+00, 0.0000e+00      
# interval = decibars: 1                
# start_time = Jul 23 2006 00:01:28
# bad_flag = -9.990e-29
*END*
[from data line 1061]
   1063.000     0.5145   2.970636     0.5144   2.970930    5.33101    -0.0891    13.8155 0.0000e+00  -60.80000  -54.05567 1153614374 204.018239    34.6730 0.0000e+00
   1064.000     0.5127   2.970556     0.5127   2.970854    5.33066    -0.0871    13.8155 0.0000e+00  -60.80000  -54.05567 1153614375 204.018251    34.6734 0.0000e+00
   1065.000     0.5062   2.970140     0.5063   2.970441    5.33009    -0.1029    13.8155 0.0000e+00  -60.80000  -54.05567 1153614376 204.018264    34.6748 0.0000e+00
   1066.000     0.5026   2.969917     0.5019   2.970153    5.32894    -0.0995    13.8155 0.0000e+00  -60.80000  -54.05567 1153614377 204.018278    34.6755 0.0000e+00
   1067.000     0.5014   2.969873     0.5025   2.970241    5.32981    -0.0945    13.8155 0.0000e+00  -60.80000  -54.05567 1153614379 204.018299    34.6757 0.0000e+00
   1068.000     0.5006   2.969887     0.5008   2.970204    5.32805    -0.0966    13.8155 0.0000e+00  -60.80000  -54.05567 1153614381 204.018319    34.6761 0.0000e+00
   1069.000     0.5037   2.970160     0.5032   2.970419    5.32741    -0.0948    13.8155 0.0000e+00  -60.80000  -54.05567 1153614382 204.018334    34.6755 0.0000e+00
   1070.000     0.5041   2.970228     0.5040   2.970519    5.32710    -0.0928    13.8155 0.0000e+00  -60.80000  -54.05567 1153614383 204.018349    34.6754 0.0000e+00
   1071.000     0.5031   2.970202     0.5028   2.970482    5.32639    -0.0869    13.8155 0.0000e+00  -60.80000  -54.05567 1153614385 204.018367    34.6756 0.0000e+00
   1072.000     0.5014   2.970140     0.5011   2.970410    5.32613    -0.0858    13.8155 0.0000e+00  -60.80000  -54.05567 1153614387 204.018386    34.6761 0.0000e+00
   1073.000     0.5036   2.970345     0.5032   2.970601    5.32646    -0.0817    13.8155 0.0000e+00  -60.80000  -54.05567 1153614388 204.018400    34.6758 0.0000e+00
   1074.000     0.5078   2.970647     0.5065   2.970869    5.32662    -0.0836    13.8155 0.0000e+00  -60.80000  -54.05567 1153614389 204.018410    34.6742 0.0000e+00
   1075.000     0.5031   2.970373     0.5023   2.970649    5.32680    -0.0970    13.8155 0.0000e+00  -60.80000  -54.05567 1153614390 204.018420    34.6755 0.0000e+00
   1076.000     0.4978   2.970087     0.4977   2.970383    5.32344    -0.0894    13.8155 0.0000e+00  -60.80000  -54.05567 1153614390 204.018431    34.6774 0.0000e+00
   1077.000     0.4971   2.970084     0.4973   2.970393    5.32268    -0.0898    13.8155 0.0000e+00  -60.80000  -54.05567 1153614392 204.018450    34.6775 0.0000e+00
   1078.000     0.4978   2.970184     0.4979   2.970477    5.32308    -0.0938    13.8155 0.0000e+00  -60.80000  -54.05567 1153614395 204.018478    34.6773 0.0000e+00
   1079.000     0.4987   2.970294     0.4993   2.970627    5.32356    -0.0939    13.8155 0.0000e+00  -60.80000  -54.05567 1153614396 204.018494    34.6772 0.0000e+00
   1080.000     0.5009   2.970498     0.5009   2.970785    5.32477    -0.1005    13.8155 0.0000e+00  -60.80000  -54.05567 1153614397 204.018509    34.6768 0.0000e+00
   1081.000     0.5027   2.970671     0.5028   2.970963    5.32431    -0.0743    13.8155 0.0000e+00  -60.80000  -54.05567 1153614399 204.018524    34.6764 0.0000e+00
   1082.000     0.5026   2.970705     0.5023   2.970979    5.32404    -0.1032    13.8155 0.0000e+00  -60.80000  -54.05567 1153614400 204.018538    34.6764 0.0000e+00
   1083.000     0.5003   2.970586     0.4998   2.970855    5.32408    -0.0879    13.8155 0.0000e+00  -60.80000  -54.05567 1153614401 204.018549    34.6769 0.0000e+00
   1084.000     0.4973   2.970423     0.4970   2.970712    5.32237    -0.0917    13.8155 0.0000e+00  -60.80000  -54.05567 1153614402 204.018559    34.6776 0.0000e+00
   1085.000     0.4997   2.970622     0.4992   2.970873    5.32207    -0.0895    13.8155 0.0000e+00  -60.80000  -54.05567 1153614403 204.018570    34.6770 0.0000e+00
   1086.000     0.5027   2.970883     0.5031   2.971193    5.32200    -0.0911    13.8155 0.0000e+00  -60.80000  -54.05567 1153614405 204.018596    34.6763 0.0000e+00
   1087.000     0.5023   2.970888     0.5021   2.971168    5.32063    -0.0878    13.8155 0.0000e+00  -60.80000  -54.05567 1153614407 204.018618    34.6764 0.0000e+00
   1088.000     0.5031   2.970979     0.5029   2.971277    5.32055    -0.0841    13.8155 0.0000e+00  -60.80000  -54.05567 1153614408 204.018633    34.6761 0.0000e+00
   1089.000     0.5021   2.970975     0.5021   2.971270    5.32109    -0.0981    13.8155 0.0000e+00  -60.80000  -54.05567 1153614409 204.018644    34.6765 0.0000e+00
   1090.000     0.5026   2.971042     0.5026   2.971343    5.32155    -0.1026    13.8155 0.0000e+00  -60.80000  -54.05567 1153614410 204.018656    34.6763 0.0000e+00
   1091.000     0.5025   2.971067     0.5025   2.971367    5.32212    -0.0881    13.8155 0.0000e+00  -60.80000  -54.05567 1153614411 204.018671    34.6762 0.0000e+00
   1092.000     0.5027   2.971131     0.5026   2.971419    5.32285    -0.0894    13.8155 0.0000e+00  -60.80000  -54.05567 1153614413 204.018688    34.6763 0.0000e+00
   1093.000     0.5028   2.971177     0.5027   2.971465    5.32365    -0.0952    13.8155 0.0000e+00  -60.80000  -54.05567 1153614414 204.018704    34.6762 0.0000e+00
   1094.000     0.5035   2.971262     0.5033   2.971548    5.32432    -0.0863    13.8155 0.0000e+00  -60.80000  -54.05567 1153614416 204.018721    34.6760 0.0000e+00
   1095.000     0.5032   2.971302     0.5035   2.971611    5.32568    -0.0873    13.8155 0.0000e+00  -60.80000  -54.05567 1153614417 204.018739    34.6762 0.0000e+00
   1096.000     0.5022   2.971288     0.5024   2.971596    5.32616    -0.0926    13.8155 0.0000e+00  -60.80000  -54.05567 1153614419 204.018757    34.6767 0.0000e+00
   1097.000     0.5025   2.971348     0.5025   2.971645    5.32652    -0.0883    13.8155 0.0000e+00  -60.80000  -54.05567 1153614420 204.018774    34.6765 0.0000e+00
   1098.000     0.4996   2.971215     0.4995   2.971516    5.32491    -0.1000    13.8155 0.0000e+00  -60.80000  -54.05567 1153614421 204.018787    34.6776 0.0000e+00
   1099.000     0.4997   2.971272     0.4998   2.971582    5.32432    -0.1051    13.8155 0.0000e+00  -60.80000  -54.05567 1153614422 204.018798    34.6777 0.0000e+00
   1100.000     0.4996   2.971319     0.4997   2.971614    5.32420    -0.1056    13.8155 0.0000e+00  -60.80000  -54.05567 1153614423 204.018808    34.6778 0.0000e+00
   1101.000     0.4997   2.971354     0.4991   2.971620    5.32277    -0.0994    13.8155 0.0000e+00  -60.80000  -54.05567 1153614424 204.018821    34.6776 0.0000e+00
   1102.000     0.4997   2.971393     0.4994   2.971667    5.32030    -0.0907    13.8155 0.0000e+00  -60.80000  -54.05567 1153614426 204.018841    34.6775 0.0000e+00
   1103.000     0.4985   2.971366     0.4977   2.971618    5.32148    -0.0878    13.8155 0.0000e+00  -60.80000  -54.05567 1153614428 204.018865    34.6779 0.0000e+00
   1104.000     0.5017   2.971613     0.5021   2.971944    5.32192    -0.0930    13.8155 0.0000e+00  -60.80000  -54.05567 1153614430 204.018889    34.6770 0.0000e+00
   1105.000     0.5016   2.971661     0.5017   2.971968    5.32381    -0.0960    13.8155 0.0000e+00  -60.80000  -54.05567 1153614432 204.018907    34.6771 0.0000e+00
   1106.000     0.4995   2.971578     0.4990   2.971845    5.32406    -0.0977    13.8155 0.0000e+00  -60.80000  -54.05567 1153614433 204.018918    34.6779 0.0000e+00
   1107.000     0.5014   2.971783     0.5023   2.972121    5.32398    -0.1009    13.8155 0.0000e+00  -60.80000  -54.05567 1153614433 204.018927    34.6779 0.0000e+00
   1108.000     0.5038   2.971961     0.5037   2.972254    5.32426    -0.0958    13.8155 0.0000e+00  -60.80000  -54.05567 1153614434 204.018935    34.6768 0.0000e+00
   1109.000     0.5043   2.972036     0.5040   2.972313    5.32480    -0.0915    13.8155 0.0000e+00  -60.80000  -54.05567 1153614435 204.018943    34.6766 0.0000e+00
   1110.000     0.5028   2.971962     0.5026   2.972258    5.32521    -0.0849    13.8155 0.0000e+00  -60.80000  -54.05567 1153614436 204.018953    34.6768 0.0000e+00
   1111.000     0.4999   2.971824     0.4992   2.972056    5.32289    -0.0909    13.8155 0.0000e+00  -60.80000  -54.05567 1153614438 204.018980    34.6778 0.0000e+00
   1112.000     0.4979   2.971732     0.4981   2.972027    5.32178    -0.0976    13.8155 0.0000e+00  -60.80000  -54.05567 1153614440 204.019006    34.6784 0.0000e+00
   1113.000     0.4969   2.971713     0.4968   2.972006    5.32323    -0.0939    13.8155 0.0000e+00  -60.80000  -54.05567 1153614441 204.019020    34.6787 0.0000e+00
   1114.000     0.4965   2.971729     0.4968   2.972045    5.32315    -0.0980    13.8155 0.0000e+00  -60.80000  -54.05567 1153614443 204.019033    34.6787 0.0000e+00
   1115.000     0.4987   2.971911     0.4992   2.972236    5.32400    -0.0865    13.8155 0.0000e+00  -60.80000  -54.05567 1153614444 204.019050    34.6780 0.0000e+00
   1116.000     0.4989   2.971972     0.4979   2.972210    5.32468    -0.0862    13.8155 0.0000e+00  -60.80000  -54.05567 1153614445 204.019065    34.6781 0.0000e+00
   1117.000     0.5010   2.972180     0.5020   2.972519    5.32478    -0.0799    13.8155 0.0000e+00  -60.80000  -54.05567 1153614446 204.019077    34.6779 0.0000e+00
   1118.000     0.5053   2.972489     0.5056   2.972798    5.32497    -0.1016    13.8155 0.0000e+00  -60.80000  -54.05567 1153614447 204.019087    34.6763 0.0000e+00
   1119.000     0.5083   2.972715     0.5078   2.972969    5.32548    -0.0957    13.8155 0.0000e+00  -60.80000  -54.05567 1153614448 204.019097    34.6752 0.0000e+00
   1120.000     0.5077   2.972719     0.5082   2.973043    5.32590    -0.0939    13.8155 0.0000e+00  -60.80000  -54.05567 1153614449 204.019111    34.6755 0.0000e+00
   1121.000     0.5071   2.972732     0.5073   2.973038    5.32789    -0.0880    13.8155 0.0000e+00  -60.80000  -54.05567 1153614452 204.019145    34.6759 0.0000e+00
   1122.000     0.5071   2.972755     0.5072   2.973073    5.32917    -0.0835    13.8155 0.0000e+00  -60.80000  -54.05567 1153614454 204.019163    34.6757 0.0000e+00
   1123.000     0.5065   2.972778     0.5062   2.973053    5.32829    -0.1035    13.8155 0.0000e+00  -60.80000  -54.05567 1153614455 204.019174    34.6760 0.0000e+00
   1124.000     0.5065   2.972820     0.5061   2.973105    5.32770    -0.0764    13.8155 0.0000e+00  -60.80000  -54.05567 1153614456 204.019184    34.6761 0.0000e+00
   1125.000     0.5063   2.972848     0.5061   2.973123    5.32849    -0.0907    13.8155 0.0000e+00  -60.80000  -54.05567 1153614456 204.019194    34.6762 0.0000e+00
   1126.000     0.5069   2.972927     0.5060   2.973158    5.32787    -0.0959    13.8155 0.0000e+00  -60.80000  -54.05567 1153614458 204.019209    34.6759 0.0000e+00
   1127.000     0.5064   2.972933     0.5062   2.973211    5.32748    -0.0915    13.8155 0.0000e+00  -60.80000  -54.05567 1153614460 204.019231    34.6760 0.0000e+00
   1128.000     0.5054   2.972919     0.5062   2.973267    5.32808    -0.0881    13.8155 0.0000e+00  -60.80000  -54.05567 1153614461 204.019249    34.6764 0.0000e+00
   1129.000     0.5033   2.972822     0.5025   2.973082    5.32612    -0.0895    13.8155 0.0000e+00  -60.80000  -54.05567 1153614463 204.019265    34.6770 0.0000e+00
   1130.000     0.4999   2.972651     0.4997   2.972943    5.32546    -0.0853    13.8155 0.0000e+00  -60.80000  -54.05567 1153614464 204.019280    34.6780 0.0000e+00
   1131.000     0.4983   2.972590     0.4983   2.972880    5.32523    -0.0870    13.8155 0.0000e+00  -60.80000  -54.05567 1153614465 204.019294    34.6786 0.0000e+00
   1132.000     0.4984   2.972654     0.4984   2.972941    5.32554    -0.0934    13.8155 0.0000e+00  -60.80000  -54.05567 1153614466 204.019306    34.6787 0.0000e+00
   1133.000     0.4987   2.972716     0.4988   2.973009    5.32415    -0.1086    13.8155 0.0000e+00  -60.80000  -54.05567 1153614467 204.019318    34.6785 0.0000e+00
   1134.000     0.4986   2.972746     0.4985   2.973039    5.32235    -0.0934    13.8155 0.0000e+00  -60.80000  -54.05567 1153614468 204.019334    34.6784 0.0000e+00
   1135.000     0.4987   2.972801     0.4987   2.973101    5.32304    -0.0955    13.8155 0.0000e+00  -60.80000  -54.05567 1153614471 204.019359    34.6785 0.0000e+00
   1136.000     0.4992   2.972877     0.4989   2.973156    5.32391    -0.0927    13.8155 0.0000e+00  -60.80000  -54.05567 1153614472 204.019379    34.6783 0.0000e+00
   1137.000     0.4992   2.972917     0.4988   2.973191    5.32383    -0.0990    13.8155 0.0000e+00  -60.80000  -54.05567 1153614474 204.019394    34.6783 0.0000e+00
   1138.000     0.4993   2.972973     0.4992   2.973267    5.32466    -0.0799    13.8155 0.0000e+00  -60.80000  -54.05567 1153614475 204.019409    34.6783 0.0000e+00
   1139.000     0.4996   2.973039     0.4997   2.973339    5.32467    -0.0879    13.8155 0.0000e+00  -60.80000  -54.05567 1153614476 204.019422    34.6784 0.0000e+00
   1140.000     0.4995   2.973080     0.4998   2.973397    5.32515    -0.0983    13.8155 0.0000e+00  -60.80000  -54.05567 1153614477 204.019434    34.6784 0.0000e+00
   1141.000     0.4985   2.973048     0.4978   2.973301    5.32224    -0.0955    13.8155 0.0000e+00  -60.80000  -54.05567 1153614478 204.019444    34.6785 0.0000e+00
   1142.000     0.4988   2.973099     0.4985   2.973373    5.32251    -0.0952    13.8155 0.0000e+00  -60.80000  -54.05567 1153614479 204.019457    34.6783 0.0000e+00
   1143.000     0.4974   2.973035     0.4970   2.973305    5.32382    -0.0914    13.8155 0.0000e+00  -60.80000  -54.05567 1153614481 204.019481    34.6785 0.0000e+00
   1144.000     0.4973   2.973070     0.4969   2.973352    5.32550    -0.0962    13.8155 0.0000e+00  -60.80000  -54.05567 1153614483 204.019502    34.6786 0.0000e+00
   1145.000     0.4973   2.973120     0.4972   2.973424    5.32481    -0.0925    13.8155 0.0000e+00  -60.80000  -54.05567 1153614484 204.019517    34.6786 0.0000e+00
   1146.000     0.4979   2.973207     0.4978   2.973503    5.32264    -0.0892    13.8155 0.0000e+00  -60.80000  -54.05567 1153614485 204.019530    34.6786 0.0000e+00
   1147.000     0.4987   2.973303     0.4992   2.973642    5.32305    -0.0859    13.8155 0.0000e+00  -60.80000  -54.05567 1153614487 204.019548    34.6783 0.0000e+00
   1148.000     0.5001   2.973458     0.5003   2.973765    5.32490    -0.1009    13.8155 0.0000e+00  -60.80000  -54.05567 1153614489 204.019568    34.6781 0.0000e+00
   1149.000     0.4998   2.973479     0.4997   2.973771    5.32566    -0.0897    13.8155 0.0000e+00  -60.80000  -54.05567 1153614490 204.019583    34.6782 0.0000e+00
   1150.000     0.4998   2.973520     0.4997   2.973815    5.32361    -0.0928    13.8155 0.0000e+00  -60.80000  -54.05567 1153614491 204.019595    34.6781 0.0000e+00
   1151.000     0.5000   2.973585     0.4999   2.973883    5.32388    -0.0860    13.8155 0.0000e+00  -60.80000  -54.05567 1153614492 204.019606    34.6782 0.0000e+00
   1152.000     0.5000   2.973626     0.4999   2.973911    5.32412    -0.0904    13.8155 0.0000e+00  -60.80000  -54.05567 1153614493 204.019618    34.6782 0.0000e+00
   1153.000     0.5002   2.973677     0.5001   2.973970    5.32460    -0.0973    13.8155 0.0000e+00  -60.80000  -54.05567 1153614494 204.019633    34.6781 0.0000e+00
   1154.000     0.5002   2.973720     0.5003   2.974027    5.32371    -0.0821    13.8155 0.0000e+00  -60.80000  -54.05567 1153614496 204.019650    34.6782 0.0000e+00
   1155.000     0.5027   2.973933     0.5025   2.974216    5.32198    -0.0982    13.8155 0.0000e+00  -60.80000  -54.05567 1153614497 204.019667    34.6775 0.0000e+00
   1156.000     0.5021   2.973933     0.5019   2.974224    5.32382    -0.0902    13.8155 0.0000e+00  -60.80000  -54.05567 1153614500 204.019693    34.6776 0.0000e+00
   1157.000     0.5035   2.974084     0.5032   2.974366    5.32829    -0.0905    13.8155 0.0000e+00  -60.80000  -54.05567 1153614502 204.019716    34.6774 0.0000e+00
