product_data/regression_test/downloaded_data/MDGS/320620060703/ctd/p6612101.ros
* Sea-Bird SBE 9 Data File:
* FileName = D:\Data\Raw\p6612101.dat
* Software Version Seasave Win32 V 5.32
* Temperature SN = 1649
* Conductivity SN = 1431
* Number of Bytes Per Scan = 37
* Number of Voltage Words = 5
* Number of Scans Averaged by the Deck Unit = 1
* NMEA Latitude = 61 11.19 S
* NMEA Longitude = 054 32.47 W
* NMEA UTC (Time) = 01:29:36
** Ship:   Nathaniel B. Palmer 
** Cruise:    NBP0606 
# nquan = 17
# nvalues = 1146                    
# units = specified
# name 0 = prDM: Pressure, Digiquartz [db]
# name 1 = t090C: Temperature [ITS-90, deg C]
# name 2 = c0S/m: Conductivity [S/m]
# name 3 = t190C: Temperature, 2 [ITS-90, deg C]
# name 4 = c1S/m: Conductivity, 2 [S/m]
# name 5 = sbeox0ML/L: Oxygen, SBE 43 [ml/l]
# name 6 = flECO-AFL: Fluorescence, Wetlab ECO-AFL/FL [mg/m^3]
# name 7 = bat: Beam Attenuation, Chelsea/Seatech/Wetlab CStar [1/m]
# name 8 = spar: SPAR/Surface Irradiance
# name 9 = latitude: Latitude [deg]
# name 10 = longitude: Longitude [deg]
# name 11 = timeY: Time, System [seconds]
# name 12 = timeJ: Julian Days
# name 13 = sal00: Salinity [PSU]
# name 14 = scan: scan number
# name 15 = nbf: number of bottles fired
# name 16 = flag:  0.000e+00
# interval = seconds: 0.0416667                   
# start_time = Jul 15 2006 01:29:44
*END*
[from data line 681]
     99.471    -0.9133   2.771805    -0.9136   2.772144    7.62146    -0.0534    13.8155 0.0000e+00  -61.18650  -54.54117 1152928935 196.084916    34.2066      46867         15  0.000e+00
     99.261    -0.9128   2.771775    -0.9136   2.772126    7.62593    -0.0642    13.8155 0.0000e+00  -61.18650  -54.54117 1152928935 196.084917    34.2058      46868         15  0.000e+00
     99.547    -0.9131   2.771782    -0.9140   2.772144    7.62627    -0.0211    13.8155 0.0000e+00  -61.18650  -54.54117 1152928935 196.084917    34.2061      46869         15  0.000e+00
     99.404    -0.9128   2.771788    -0.9138   2.772155    7.62133    -0.0104    13.8155 0.0000e+00  -61.18650  -54.54117 1152928935 196.084918    34.2059      46870         15  0.000e+00
     99.299    -0.9131   2.771768    -0.9133   2.772167    7.62128    -0.0104    13.8155 0.0000e+00  -61.18650  -54.54117 1152928935 196.084918    34.2061      46871         15  0.000e+00
     99.328    -0.9129   2.771765    -0.9136   2.772138    7.62129    -0.0426    13.8155 0.0000e+00  -61.18650  -54.54117 1152928935 196.084918    34.2058      46872         15  0.000e+00
     99.328    -0.9131   2.771782    -0.9136   2.772167    7.62130    -0.0749    13.8155 0.0000e+00  -61.18650  -54.54117 1152928935 196.084919    34.2062      46873         15  0.000e+00
     99.261    -0.9133   2.771788    -0.9135   2.772161    7.62125    -0.0642    13.8155 0.0000e+00  -61.18650  -54.54117 1152928935 196.084919    34.2065      46874         15  0.000e+00
     99.261    -0.9131   2.771772    -0.9133   2.772167    7.62597    -0.0749    13.8155 0.0000e+00  -61.18650  -54.54117 1152928936 196.084920    34.2061      46875         15  0.000e+00
     99.261    -0.9131   2.771765    -0.9130   2.772155    7.62598    -0.0426    13.8155 0.0000e+00  -61.18650  -54.54117 1152928936 196.084920    34.2061      46876         15  0.000e+00
     99.194    -0.9133   2.771782    -0.9131   2.772173    7.62592    -0.0319    13.8155 0.0000e+00  -61.18650  -54.54117 1152928936 196.084921    34.2065      46877         15  0.000e+00
     99.194    -0.9129   2.771735    -0.9127   2.772161    7.62591    -0.0211    13.8155 0.0000e+00  -61.18650  -54.54117 1152928936 196.084921    34.2055      46878         15  0.000e+00
     99.194    -0.9134   2.771735    -0.9130   2.772173    7.62124    -0.0534    13.8155 0.0000e+00  -61.18650  -54.54117 1152928936 196.084922    34.2060      46879         15  0.000e+00
     99.156    -0.9131   2.771759    -0.9132   2.772132    7.62113    -0.0642    13.8155 0.0000e+00  -61.18650  -54.54117 1152928936 196.084922    34.2060      46880         15  0.000e+00
     99.118    -0.9131   2.771729    -0.9131   2.772207    7.62112    -0.0319    13.8155 0.0000e+00  -61.18650  -54.54117 1152928936 196.084923    34.2057      46881         15  0.000e+00
     99.118    -0.9133   2.771719    -0.9133   2.772173    7.62115    -0.0426    13.8155 0.0000e+00  -61.18650  -54.54117 1152928936 196.084923    34.2057      46882         15  0.000e+00
     99.051    -0.9134   2.771739    -0.9133   2.772155    7.62108    -0.0426    13.8155 0.0000e+00  -61.18650  -54.54117 1152928936 196.084924    34.2062      46883         15  0.000e+00
     99.118    -0.9131   2.771759    -0.9132   2.772167    7.62109    -0.0319    13.8155 0.0000e+00  -61.18650  -54.54117 1152928936 196.084924    34.2060      46884         15  0.000e+00
     98.984    -0.9129   2.771765    -0.9132   2.772178    7.62092    -0.0534    13.8155 0.0000e+00  -61.18650  -54.54117 1152928936 196.084925    34.2060      46885         15  0.000e+00
     99.051    -0.9131   2.771745    -0.9126   2.772161    7.62103    -0.0319    13.8155 0.0000e+00  -61.18650  -54.54117 1152928936 196.084925    34.2059      46886         15  0.000e+00
     99.051    -0.9131   2.771722    -0.9127   2.772155    7.62105    -0.0211    13.8155 0.0000e+00  -61.18650  -54.54117 1152928936 196.084926    34.2056      46887         15  0.000e+00
     98.984    -0.9134   2.771735    -0.9132   2.772144    7.62102     0.0004    13.8155 0.0000e+00  -61.18650  -54.54117 1152928936 196.084926    34.2062      46888         15  0.000e+00
     98.946    -0.9133   2.771742    -0.9129   2.772149    7.62095    -0.0319    13.8155 0.0000e+00  -61.18650  -54.54117 1152928936 196.084927    34.2061      46889         15  0.000e+00
     98.841    -0.9134   2.771742    -0.9135   2.772132    7.62086    -0.0534    13.8155 0.0000e+00  -61.18650  -54.54117 1152928936 196.084927    34.2063      46890         15  0.000e+00
     99.051    -0.9128   2.771742    -0.9128   2.772144    7.62099    -0.0534    13.8155 0.0000e+00  -61.18650  -54.54117 1152928936 196.084928    34.2055      46891         15  0.000e+00
     98.908    -0.9131   2.771742    -0.9135   2.772144    7.62089    -0.0319    13.8155 0.0000e+00  -61.18650  -54.54117 1152928936 196.084928    34.2060      46892         15  0.000e+00
     98.908    -0.9133   2.771742    -0.9136   2.772126    7.62565    -0.0426    13.8155 0.0000e+00  -61.18650  -54.54117 1152928936 196.084929    34.2061      46893         15  0.000e+00
     98.841    -0.9133   2.771722    -0.9130   2.772126    7.62559    -0.0857    13.8155 0.0000e+00  -61.18650  -54.54117 1152928936 196.084929    34.2059      46894         15  0.000e+00
     98.908    -0.9131   2.771752    -0.9129   2.772144    7.62087    -0.0534    13.8155 0.0000e+00  -61.18650  -54.54117 1152928936 196.084930    34.2061      46895         15  0.000e+00
     98.841    -0.9137   2.771729    -0.9128   2.772167    7.62092    -0.0211    13.8155 0.0000e+00  -61.18650  -54.54117 1152928936 196.084930    34.2065      46896         15  0.000e+00
     98.841    -0.9129   2.771719    -0.9133   2.772138    7.62081    -0.0426    13.8155 0.0000e+00  -61.18650  -54.54117 1152928936 196.084931    34.2055      46897         15  0.000e+00
     98.813    -0.9134   2.771719    -0.9129   2.772144    7.62085    -0.0319    13.8155 0.0000e+00  -61.18650  -54.54117 1152928936 196.084931    34.2060      46898         15  0.000e+00
     98.841    -0.9134   2.771719    -0.9129   2.772155    7.62088     0.0219    13.8155 0.0000e+00  -61.18650  -54.54117 1152928937 196.084932    34.2060      46899         15  0.000e+00
     98.774    -0.9134   2.771702    -0.9128   2.772167    7.62082     0.0327    13.8155 0.0000e+00  -61.18650  -54.54117 1152928937 196.084932    34.2058      46900         15  0.000e+00
     98.841    -0.9134   2.771732    -0.9130   2.772120    7.62087    -0.0104    13.8155 0.0000e+00  -61.18650  -54.54117 1152928937 196.084932    34.2062      46901         15  0.000e+00
     98.775    -0.9131   2.771742    -0.9130   2.772138    7.62074    -0.0104    13.8155 0.0000e+00  -61.18650  -54.54117 1152928937 196.084933    34.2060      46902         15  0.000e+00
     98.841    -0.9134   2.771709    -0.9135   2.772155    7.62088     0.0112    13.8155 0.0000e+00  -61.18650  -54.54117 1152928937 196.084933    34.2059      46903         15  0.000e+00
     98.631    -0.9134   2.771729    -0.9132   2.772126    7.62065    -0.0426    13.8155 0.0000e+00  -61.18650  -54.54117 1152928937 196.084934    34.2063      46904         15  0.000e+00
     98.698    -0.9137   2.771722    -0.9134   2.772120    7.62077    -0.0534    13.8155 0.0000e+00  -61.18650  -54.54117 1152928937 196.084934    34.2065      46905         16  0.000e+00
     98.670    -0.9134   2.771719    -0.9136   2.772144    7.62543     0.0004    13.8155 0.0000e+00  -61.18650  -54.54117 1152928937 196.084935    34.2061      46906         16  0.000e+00
     98.698    -0.9136   2.771686    -0.9136   2.772115    7.62077     0.0542    13.8155 0.0000e+00  -61.18650  -54.54117 1152928937 196.084935    34.2059      46907         16  0.000e+00
     98.698    -0.9128   2.771676    -0.9135   2.772115    7.62066     0.0112    13.8155 0.0000e+00  -61.18650  -54.54117 1152928937 196.084936    34.2048      46908         16  0.000e+00
     98.698    -0.9136   2.771693    -0.9138   2.772144    7.62076    -0.0319    13.8155 0.0000e+00  -61.18650  -54.54117 1152928937 196.084936    34.2059      46909         16  0.000e+00
     98.631    -0.9137   2.771699    -0.9134   2.772115    7.62072    -0.0319    13.8155 0.0000e+00  -61.18650  -54.54117 1152928937 196.084937    34.2063      46910         16  0.000e+00
     98.631    -0.9136   2.771699    -0.9132   2.772120    7.62069    -0.0104    13.8155 0.0000e+00  -61.18650  -54.54117 1152928937 196.084937    34.2061      46911         16  0.000e+00
     98.631    -0.9136   2.771712    -0.9136   2.772126    7.62542     0.0004    13.8155 0.0000e+00  -61.18650  -54.54117 1152928937 196.084938    34.2063      46912         16  0.000e+00
     98.565    -0.9128   2.771702    -0.9135   2.772138    7.62050     0.0004    13.8155 0.0000e+00  -61.18650  -54.54117 1152928937 196.084938    34.2053      46913         16  0.000e+00
     98.565    -0.9131   2.771712    -0.9129   2.772126    7.62054     0.0004    13.8155 0.0000e+00  -61.18650  -54.54117 1152928937 196.084939    34.2058      46914         16  0.000e+00
     98.603    -0.9134   2.771702    -0.9133   2.772144    7.62063     0.0219    13.8155 0.0000e+00  -61.18650  -54.54117 1152928937 196.084939    34.2060      46915         16  0.000e+00
     98.565    -0.9134   2.771699    -0.9132   2.772132    7.62533    -0.0211    13.8155 0.0000e+00  -61.18650  -54.54117 1152928937 196.084940    34.2059      46916         16  0.000e+00
     98.565    -0.9133   2.771712    -0.9136   2.772138    7.62530    -0.0319    13.8155 0.0000e+00  -61.18650  -54.54117 1152928937 196.084940    34.2059      46917         16  0.000e+00
     98.488    -0.9131   2.771706    -0.9136   2.772126    7.62520    -0.0104    13.8155 0.0000e+00  -61.18650  -54.54117 1152928937 196.084941    34.2057      46918         16  0.000e+00
     98.488    -0.9134   2.771732    -0.9135   2.772144    7.62523     0.0112    13.8155 0.0000e+00  -61.18650  -54.54117 1152928937 196.084941    34.2064      46919         16  0.000e+00
     98.488    -0.9134   2.771709    -0.9133   2.772115    7.62051    -0.0426    13.8155 0.0000e+00  -61.18650  -54.54117 1152928937 196.084942    34.2061      46920         16  0.000e+00
     98.488    -0.9131   2.771712    -0.9133   2.772132    7.62046    -0.0319    13.8155 0.0000e+00  -61.18650  -54.54117 1152928937 196.084942    34.2058      46921         16  0.000e+00
     98.488    -0.9134   2.771702    -0.9132   2.772109    7.62051     0.0112    13.8155 0.0000e+00  -61.18650  -54.54117 1152928937 196.084943    34.2060      46922         16  0.000e+00
     98.460    -0.9136   2.771712    -0.9133   2.772120    7.62050     0.0327    13.8155 0.0000e+00  -61.18650  -54.54117 1152928937 196.084943    34.2064      46923         16  0.000e+00
     98.422    -0.9133   2.771719    -0.9134   2.772144    7.62515     0.0112    13.8155 0.0000e+00  -61.18650  -54.54117 1152928938 196.084944    34.2061      46924         16  0.000e+00
     98.488    -0.9137   2.771719    -0.9132   2.772103    7.62055     0.0112    13.8155 0.0000e+00  -61.18650  -54.54117 1152928938 196.084944    34.2066      46925         16  0.000e+00
     98.422    -0.9133   2.771719    -0.9133   2.772138    7.62041    -0.0104    13.8155 0.0000e+00  -61.18650  -54.54117 1152928938 196.084945    34.2061      46926         16  0.000e+00
     98.422    -0.9134   2.771706    -0.9133   2.772115    7.62044    -0.0211    13.8155 0.0000e+00  -61.18650  -54.54117 1152928938 196.084945    34.2061      46927         16  0.000e+00
     98.355    -0.9134   2.771699    -0.9130   2.772138    7.62037    -0.0104    13.8155 0.0000e+00  -61.18650  -54.54117 1152928938 196.084946    34.2061      46928         16  0.000e+00
     98.422    -0.9131   2.771712    -0.9137   2.772144    7.62512     0.0219    13.8155 0.0000e+00  -61.18650  -54.54117 1152928938 196.084946    34.2058      46929         16  0.000e+00
     98.355    -0.9134   2.771669    -0.9132   2.772149    7.62039    -0.0319    13.8155 0.0000e+00  -61.18650  -54.54117 1152928938 196.084946    34.2057      46930         16  0.000e+00
     98.384    -0.9131   2.771702    -0.9135   2.772115    7.62035    -0.0749    13.8155 0.0000e+00  -61.18650  -54.54117 1152928938 196.084947    34.2057      46931         16  0.000e+00
     98.355    -0.9129   2.771702    -0.9132   2.772103    7.62030    -0.0749    13.8155 0.0000e+00  -61.18650  -54.54117 1152928938 196.084947    34.2056      46932         16  0.000e+00
     98.355    -0.9128   2.771712    -0.9136   2.772091    7.62027    -0.0857    13.8155 0.0000e+00  -61.18650  -54.54117 1152928938 196.084948    34.2055      46933         16  0.000e+00
     98.355    -0.9134   2.771719    -0.9137   2.772097    7.62036    -0.0534    13.8155 0.0000e+00  -61.18650  -54.54117 1152928938 196.084948    34.2063      46934         16  0.000e+00
     98.279    -0.9131   2.771686    -0.9135   2.772103    7.62025    -0.0211    13.8155 0.0000e+00  -61.18650  -54.54117 1152928938 196.084949    34.2056      46935         16  0.000e+00
     98.355    -0.9133   2.771676    -0.9136   2.772103    7.62511    -0.0104    13.8155 0.0000e+00  -61.18650  -54.54117 1152928938 196.084949    34.2056      46936         16  0.000e+00
     98.279    -0.9134   2.771692    -0.9136   2.772091    7.62030    -0.0534    13.8155 0.0000e+00  -61.18650  -54.54117 1152928938 196.084950    34.2060      46937         16  0.000e+00
     98.279    -0.9134   2.771663    -0.9132   2.772097    7.62032    -0.0749    13.8155 0.0000e+00  -61.18650  -54.54117 1152928938 196.084950    34.2056      46938         16  0.000e+00
     98.250    -0.9134   2.771702    -0.9136   2.772080    7.62026    -0.0642    13.8155 0.0000e+00  -61.18650  -54.54117 1152928938 196.084951    34.2062      46939         16  0.000e+00
     98.212    -0.9134   2.771702    -0.9136   2.772109    7.62022    -0.0104    13.8155 0.0000e+00  -61.18650  -54.54117 1152928938 196.084951    34.2062      46940         16  0.000e+00
     98.279    -0.9133   2.771712    -0.9132   2.772120    7.62026     0.0112    13.8155 0.0000e+00  -61.18650  -54.54117 1152928938 196.084952    34.2061      46941         16  0.000e+00
     98.212    -0.9133   2.771702    -0.9138   2.772103    7.62493     0.0327    13.8155 0.0000e+00  -61.18650  -54.54117 1152928938 196.084952    34.2060      46942         16  0.000e+00
     98.212    -0.9129   2.771699    -0.9136   2.772080    7.62489     0.0219    13.8155 0.0000e+00  -61.18650  -54.54117 1152928938 196.084953    34.2056      46943         16  0.000e+00
     98.212    -0.9134   2.771719    -0.9136   2.772074    7.62495     0.0004    13.8155 0.0000e+00  -61.18650  -54.54117 1152928938 196.084953    34.2064      46944         16  0.000e+00
     98.136    -0.9133   2.771686    -0.9141   2.772074    7.62487    -0.0534    13.8155 0.0000e+00  -61.18650  -54.54117 1152928938 196.084954    34.2059      46945         16  0.000e+00
     98.212    -0.9137   2.771676    -0.9138   2.772086    7.62502    -0.0534    13.8155 0.0000e+00  -61.18650  -54.54117 1152928938 196.084954    34.2062      46946         16  0.000e+00
     98.174    -0.9139   2.771692    -0.9140   2.772039    7.62500    -0.0319    13.8155 0.0000e+00  -61.18650  -54.54117 1152928939 196.084955    34.2066      46947         16  0.000e+00
     98.136    -0.9134   2.771699    -0.9135   2.772057    7.62488     0.0004    13.8155 0.0000e+00  -61.18650  -54.54117 1152928939 196.084955    34.2062      46948         16  0.000e+00
     98.136    -0.9136   2.771712    -0.9139   2.772074    7.62489     0.0327    13.8155 0.0000e+00  -61.18650  -54.54117 1152928939 196.084956    34.2065      46949         16  0.000e+00
     98.136    -0.9134   2.771686    -0.9135   2.772086    7.62489     0.0542    13.8155 0.0000e+00  -61.18650  -54.54117 1152928939 196.084956    34.2060      46950         16  0.000e+00
