product_data/regression_test/downloaded_data/MDGS/320620060703/ctd/p6617612.ros
* Sea-Bird SBE 9 Data File:
* FileName = D:\Data\Raw\p6617612.dat
* Software Version Seasave Win32 V 5.32
* Temperature SN = 1649
* Conductivity SN = 1431
* Number of Bytes Per Scan = 37
* Number of Voltage Words = 5
* Number of Scans Averaged by the Deck Unit = 1
* NMEA Latitude = 60 37.00 S
* NMEA Longitude = 054 43.23 W
* NMEA UTC (Time) = 15:44:17
** Ship:   Nathaniel B. Palmer 
** Cruise:    NBP0606 
# nquan = 17
# nvalues = 1176                    
# units = specified
# name 0 = prDM: Pressure, Digiquartz [db]
# name 1 = t090C: Temperature [ITS-90, deg C]
# name 2 = c0S/m: Conductivity [S/m]
# name 3 = t190C: Temperature, 2 [ITS-90, deg C]
# name 4 = c1S/m: Conductivity, 2 [S/m]
# name 5 = sbeox0ML/L: Oxygen, SBE 43 [ml/l]
# name 6 = flECO-AFL: Fluorescence, Wetlab ECO-AFL/FL [mg/m^3]
# name 7 = bat: Beam Attenuation, Chelsea/Seatech/Wetlab CStar [1/m]
# name 8 = spar: SPAR/Surface Irradiance
# name 9 = latitude: Latitude [deg]
# name 10 = longitude: Longitude [deg]
# name 11 = timeY: Time, System [seconds]
# name 12 = timeJ: Julian Days
# name 13 = sal00: Salinity [PSU]
# name 14 = scan: scan number
# name 15 = nbf: number of bottles fired
# name 16 = flag:  0.000e+00
# interval = seconds: 0.0416667                   
# start_time = Jul 21 2006 15:44:25
*END*
[from data line 937]
    396.086     0.3161   2.913590     0.3139   2.913706    5.82877    -0.0534    13.8155 6.0393e+01  -60.61667  -54.72050 1153497519 202.665747    34.5339      20535         20  0.000e+00
    396.153     0.3161   2.913550     0.3142   2.913723    5.82885    -0.0857    13.8155 6.0393e+01  -60.61667  -54.72050 1153497519 202.665748    34.5333      20536         20  0.000e+00
    396.125     0.3156   2.913493     0.3141   2.913723    5.82891    -0.1072    13.8155 6.0393e+01  -60.61667  -54.72050 1153497519 202.665748    34.5331      20537         20  0.000e+00
    396.153     0.3150   2.913429     0.3146   2.913782    5.82426    -0.0426    13.8155 6.0393e+01  -60.61667  -54.72050 1153497519 202.665749    34.5329      20538         20  0.000e+00
    396.153     0.3141   2.913392     0.3153   2.913824    5.82440    -0.0642    13.8155 6.0393e+01  -60.61667  -54.72050 1153497519 202.665749    34.5335      20539         20  0.000e+00
    396.230     0.3145   2.913432     0.3159   2.913830    5.82915    -0.0857    13.8155 6.0393e+01  -60.61667  -54.72050 1153497519 202.665750    34.5335      20540         20  0.000e+00
    396.153     0.3150   2.913560     0.3162   2.913889    5.82897    -0.1072    13.8155 6.0393e+01  -60.61667  -54.72050 1153497519 202.665750    34.5347      20541         20  0.000e+00
    396.230     0.3166   2.913668     0.3163   2.913912    5.82879    -0.0749    13.8155 6.0393e+01  -60.61667  -54.72050 1153497519 202.665751    34.5343      20542         20  0.000e+00
    396.230     0.3167   2.913708     0.3165   2.913912    5.82875    -0.0642    13.8155 6.0393e+01  -60.61667  -54.72050 1153497519 202.665751    34.5347      20543         20  0.000e+00
    396.230     0.3164   2.913611     0.3166   2.913889    5.82884    -0.1072    13.8155 6.0393e+01  -60.61667  -54.72050 1153497519 202.665752    34.5337      20544         20  0.000e+00
    396.230     0.3152   2.913557     0.3168   2.913948    5.82902    -0.1072    13.8155 6.0393e+01  -60.61667  -54.72050 1153497519 202.665752    34.5344      20545         20  0.000e+00
    396.230     0.3155   2.913580     0.3172   2.913965    5.82419    -0.0964    13.8155 6.0393e+01  -60.61667  -54.72050 1153497519 202.665753    34.5344      20546         20  0.000e+00
    396.297     0.3166   2.913752     0.3176   2.913965    5.82403    -0.1502    13.8155 6.0393e+01  -60.61667  -54.72050 1153497519 202.665753    34.5353      20547         20  0.000e+00
    396.230     0.3184   2.913809     0.3174   2.914007    5.82850    -0.1287    13.8155 6.0393e+01  -60.61667  -54.72050 1153497519 202.665754    34.5341      20548         20  0.000e+00
    396.269     0.3186   2.913826     0.3179   2.914060    5.82373    -0.0857    13.8155 6.0393e+01  -60.61667  -54.72050 1153497519 202.665754    34.5341      20549         20  0.000e+00
    396.297     0.3183   2.913742     0.3180   2.914036    5.82383    -0.0749    13.8155 6.0393e+01  -60.61667  -54.72050 1153497519 202.665755    34.5333      20550         20  0.000e+00
    396.297     0.3175   2.913705     0.3180   2.914060    5.82395    -0.0749    13.8155 6.0393e+01  -60.61667  -54.72050 1153497519 202.665755    34.5337      20551         20  0.000e+00
    396.297     0.3177   2.913695     0.3180   2.914060    5.82393    -0.0211    13.8155 6.0393e+01  -60.61667  -54.72050 1153497519 202.665756    34.5334      20552         20  0.000e+00
    396.297     0.3176   2.913692     0.3175   2.914071    5.82393    -0.0534    13.8155 6.0393e+01  -60.61667  -54.72050 1153497519 202.665756    34.5333      20553         20  0.000e+00
    396.364     0.3180   2.913725     0.3179   2.914036    5.82870    -0.0534    13.8155 6.0393e+01  -60.61667  -54.72050 1153497520 202.665757    34.5334      20554         20  0.000e+00
    396.297     0.3173   2.913718     0.3177   2.914042    5.82396    -0.0749    13.8155 6.0393e+01  -60.61667  -54.72050 1153497520 202.665757    34.5340      20555         20  0.000e+00
    396.364     0.3177   2.913715     0.3182   2.914048    5.82397    -0.0749    13.8155 6.0393e+01  -60.61667  -54.72050 1153497520 202.665758    34.5336      20556         20  0.000e+00
    396.297     0.3178   2.913725     0.3183   2.914066    5.82867    -0.0749    13.8155 6.0393e+01  -60.61667  -54.72050 1153497520 202.665758    34.5336      20557         20  0.000e+00
    396.364     0.3175   2.913681     0.3175   2.914095    5.82879    -0.0964    13.8155 6.0393e+01  -60.61667  -54.72050 1153497520 202.665759    34.5334      20558         20  0.000e+00
    396.364     0.3174   2.913702     0.3179   2.914083    5.82879    -0.1072    13.8155 6.0393e+01  -60.61667  -54.72050 1153497520 202.665759    34.5338      20559         20  0.000e+00
    396.364     0.3170   2.913732     0.3178   2.914036    5.82881    -0.0642    13.8155 6.0393e+01  -60.61667  -54.72050 1153497520 202.665760    34.5345      20560         20  0.000e+00
    396.412     0.3172   2.913702     0.3168   2.913977    5.82885    -0.0319    13.8155 6.0393e+01  -60.61667  -54.72050 1153497520 202.665760    34.5339      20561         20  0.000e+00
    396.365     0.3178   2.913692     0.3158   2.913965    5.82874    -0.0534    13.8155 6.0393e+01  -60.61667  -54.72050 1153497520 202.665761    34.5332      20562         20  0.000e+00
    396.365     0.3170   2.913668     0.3183   2.914089    5.82884    -0.0642    13.8155 6.0393e+01  -60.61667  -54.72050 1153497520 202.665761    34.5337      20563         20  0.000e+00
    396.365     0.3170   2.913681     0.3214   2.914290    5.82884    -0.0857    13.8155 6.0393e+01  -60.61667  -54.72050 1153497520 202.665761    34.5339      20564         20  0.000e+00
    396.441     0.3170   2.913638     0.3233   2.914514    5.82892    -0.0642    13.8155 6.0393e+01  -60.61667  -54.72050 1153497520 202.665762    34.5333      20565         20  0.000e+00
    396.365     0.3163   2.913604     0.3245   2.914650    5.82897    -0.0857    13.8155 6.0393e+01  -60.61667  -54.72050 1153497520 202.665762    34.5337      20566         20  0.000e+00
    396.441     0.3152   2.913631     0.3245   2.914656    5.82915    -0.0857    13.8155 6.0393e+01  -60.61667  -54.72050 1153497520 202.665763    34.5353      20567         20  0.000e+00
    396.365     0.3153   2.913638     0.3253   2.914709    5.82906    -0.0642    13.8155 6.0393e+01  -60.61667  -54.72050 1153497520 202.665763    34.5352      20568         20  0.000e+00
    396.441     0.3152   2.913641     0.3248   2.914715    5.82914    -0.1072    13.8155 6.0393e+01  -60.61667  -54.72050 1153497520 202.665764    34.5354      20569         20  0.000e+00
    396.441     0.3153   2.913611     0.3232   2.914603    5.82914    -0.0749    13.8155 6.0393e+01  -60.61667  -54.72050 1153497520 202.665764    34.5348      20570         20  0.000e+00
    396.441     0.3158   2.913580     0.3202   2.914384    5.82910    -0.0749    13.8155 6.0393e+01  -60.61667  -54.72050 1153497520 202.665765    34.5339      20571         20  0.000e+00
    396.365     0.3159   2.913594     0.3174   2.914184    5.82901    -0.1718    13.8155 6.0393e+01  -60.61667  -54.72050 1153497520 202.665765    34.5339      20572         20  0.000e+00
    396.441     0.3161   2.913530     0.3162   2.914048    5.82909    -0.1933    13.8155 6.0393e+01  -60.61667  -54.72050 1153497520 202.665766    34.5329      20573         20  0.000e+00
    396.480     0.3165   2.913517     0.3163   2.914024    5.82908    -0.1502    13.8155 6.0393e+01  -60.61667  -54.72050 1153497520 202.665766    34.5322      20574         20  0.000e+00
    396.441     0.3158   2.913510     0.3168   2.914024    5.82913    -0.1072    13.8155 6.0393e+01  -60.61667  -54.72050 1153497520 202.665767    34.5329      20575         20  0.000e+00
    396.441     0.3159   2.913486     0.3166   2.914024    5.82913    -0.0642    13.8155 6.0393e+01  -60.61667  -54.72050 1153497520 202.665767    34.5325      20576         20  0.000e+00
    396.441     0.3155   2.913517     0.3173   2.914024    5.82917    -0.0534    13.8155 6.0393e+01  -60.61667  -54.72050 1153497520 202.665768    34.5334      20577         20  0.000e+00
    396.021     0.3105   2.913028     0.3101   2.913346    5.82490    -0.0534    13.8155 6.0393e+01  -60.61667  -54.72050 1153497527 202.665842    34.5328      20730         21  0.000e+00
    395.877     0.3102   2.913032     0.3100   2.913340    5.82482    -0.0749    13.8155 6.0393e+01  -60.61667  -54.72050 1153497527 202.665842    34.5333      20731         21  0.000e+00
    395.944     0.3106   2.913038     0.3095   2.913357    5.82482    -0.0964    13.8155 6.0393e+01  -60.61667  -54.72050 1153497527 202.665842    34.5328      20732         21  0.000e+00
    395.944     0.3106   2.913059     0.3094   2.913322    5.82958    -0.0964    13.8155 6.0393e+01  -60.61667  -54.72050 1153497527 202.665843    34.5331      20733         21  0.000e+00
    395.944     0.3105   2.913065     0.3091   2.913310    5.82959    -0.1180    13.8155 6.0393e+01  -60.61667  -54.72050 1153497527 202.665843    34.5333      20734         21  0.000e+00
    395.915     0.3106   2.913028     0.3094   2.913269    5.82480    -0.1072    13.8155 6.0393e+01  -60.61667  -54.72050 1153497527 202.665844    34.5327      20735         21  0.000e+00
    395.944     0.3102   2.913028     0.3098   2.913257    5.82965    -0.0857    13.8155 6.0393e+01  -60.61667  -54.72050 1153497527 202.665844    34.5332      20736         21  0.000e+00
    395.877     0.3108   2.912985     0.3102   2.913292    5.82954    -0.0749    13.8155 6.0393e+01  -60.61667  -54.72050 1153497527 202.665845    34.5320      20737         21  0.000e+00
    395.877     0.3105   2.913022     0.3096   2.913269    5.82479    -0.0642    13.8155 6.0393e+01  -60.61667  -54.72050 1153497527 202.665845    34.5328      20738         21  0.000e+00
    395.877     0.3105   2.912971     0.3086   2.913233    5.82481    -0.0534    13.8155 6.0393e+01  -60.61667  -54.72050 1153497527 202.665846    34.5321      20739         21  0.000e+00
    395.877     0.3102   2.912948     0.3085   2.913227    5.82486    -0.1072    13.8155 6.0393e+01  -60.61667  -54.72050 1153497527 202.665846    34.5322      20740         21  0.000e+00
    395.877     0.3100   2.912937     0.3091   2.913227    5.82966    -0.1610    13.8155 6.0393e+01  -60.61667  -54.72050 1153497527 202.665847    34.5322      20741         21  0.000e+00
    395.877     0.3099   2.912944     0.3088   2.913227    5.82967    -0.1287    13.8155 6.0393e+01  -60.61667  -54.72050 1153497527 202.665847    34.5325      20742         21  0.000e+00
    395.800     0.3103   2.912947     0.3083   2.913227    5.82956    -0.1072    13.8155 6.2341e+01  -60.61667  -54.72050 1153497527 202.665848    34.5321      20743         21  0.000e+00
    395.800     0.3102   2.912964     0.3087   2.913204    5.82479    -0.0749    13.8155 6.2341e+01  -60.61667  -54.72050 1153497527 202.665848    34.5325      20744         21  0.000e+00
    395.800     0.3102   2.912910     0.3078   2.913198    5.82482    -0.0642    13.8155 6.2341e+01  -60.61667  -54.72050 1153497527 202.665849    34.5317      20745         21  0.000e+00
    395.848     0.3093   2.912863     0.3079   2.913133    5.82977    -0.1072    13.8155 6.0393e+01  -60.61667  -54.72050 1153497527 202.665849    34.5321      20746         21  0.000e+00
    395.800     0.3080   2.912786     0.3077   2.913133    5.82992    -0.1180    13.8155 6.2341e+01  -60.61667  -54.72050 1153497528 202.665850    34.5326      20747         21  0.000e+00
    395.733     0.3086   2.912796     0.3071   2.913127    5.82979    -0.0642    13.8155 6.0393e+01  -60.61667  -54.72050 1153497528 202.665850    34.5321      20748         21  0.000e+00
    395.800     0.3091   2.912809     0.3066   2.913098    5.82978    -0.0534    13.8155 6.0393e+01  -60.61667  -54.72050 1153497528 202.665851    34.5317      20749         21  0.000e+00
    395.733     0.3094   2.912799     0.3076   2.913092    5.82969    -0.1072    13.8155 6.0393e+01  -60.61667  -54.72050 1153497528 202.665851    34.5312      20750         21  0.000e+00
    395.733     0.3085   2.912873     0.3074   2.913092    5.82976    -0.1180    13.8155 6.0393e+01  -60.61667  -54.72050 1153497528 202.665852    34.5332      20751         21  0.000e+00
    395.733     0.3094   2.912900     0.3071   2.913092    5.82964    -0.0642    13.8155 6.0393e+01  -60.61667  -54.72050 1153497528 202.665852    34.5325      20752         21  0.000e+00
    395.733     0.3091   2.912934     0.3071   2.913068    5.82966    -0.0534    13.8155 6.2341e+01  -60.61667  -54.72050 1153497528 202.665853    34.5333      20753         21  0.000e+00
    395.733     0.3094   2.912927     0.3073   2.913062    5.82962    -0.0857    13.8155 6.0393e+01  -60.61667  -54.72050 1153497528 202.665853    34.5329      20754         21  0.000e+00
    395.666     0.3096   2.912934     0.3066   2.913062    5.82955    -0.0426    13.8155 6.2341e+01  -60.61667  -54.72050 1153497528 202.665854    34.5328      20755         21  0.000e+00
    395.666     0.3091   2.912927     0.3074   2.913062    5.82961    -0.0642    13.8155 6.0393e+01  -60.61667  -54.72050 1153497528 202.665854    34.5333      20756         21  0.000e+00
    395.704     0.3096   2.912974     0.3066   2.913045    5.82956    -0.0857    13.8155 6.2341e+01  -60.61667  -54.72050 1153497528 202.665855    34.5333      20757         21  0.000e+00
    395.666     0.3097   2.912958     0.3070   2.913056    5.82952    -0.0642    13.8155 6.0393e+01  -60.61667  -54.72050 1153497528 202.665855    34.5330      20758         21  0.000e+00
    395.666     0.3096   2.912904     0.3075   2.913062    5.82956    -0.0857    13.8155 6.0393e+01  -60.61667  -54.72050 1153497528 202.665856    34.5324      20759         21  0.000e+00
    395.666     0.3086   2.912863     0.3068   2.913021    5.82970    -0.1287    13.8155 6.0393e+01  -60.61667  -54.72050 1153497528 202.665856    34.5330      20760         21  0.000e+00
    395.589     0.3074   2.912766     0.3063   2.913009    5.82983    -0.1287    13.8155 6.0393e+01  -60.61667  -54.72050 1153497528 202.665856    34.5331      20761         21  0.000e+00
    395.589     0.3061   2.912634     0.3062   2.913009    5.83005    -0.0964    13.8155 6.0393e+01  -60.61667  -54.72050 1153497528 202.665857    34.5328      20762         21  0.000e+00
    395.666     0.3049   2.912456     0.3060   2.913027    5.83035    -0.0749    13.8155 6.0393e+01  -60.61667  -54.72050 1153497528 202.665857    34.5318      20763         21  0.000e+00
    395.589     0.3031   2.912315     0.3059   2.913015    5.83057    -0.0749    13.8155 6.0393e+01  -60.61667  -54.72050 1153497528 202.665858    34.5319      20764         21  0.000e+00
    395.589     0.3007   2.912153     0.3054   2.912986    5.83094    -0.0534    13.8155 6.0393e+01  -60.61667  -54.72050 1153497528 202.665858    34.5326      20765         21  0.000e+00
    395.522     0.2997   2.912076     0.3048   2.912962    5.83105    -0.0749    13.8155 6.0393e+01  -60.61667  -54.72050 1153497528 202.665859    34.5327      20766         21  0.000e+00
    395.589     0.2996   2.912045     0.3051   2.912909    5.83113    -0.1180    13.8155 6.0393e+01  -60.61667  -54.72050 1153497528 202.665859    34.5324      20767         21  0.000e+00
    395.561     0.3000   2.912032     0.3053   2.912897    5.83106    -0.0749    13.8155 6.0393e+01  -60.61667  -54.72050 1153497528 202.665860    34.5318      20768         21  0.000e+00
    395.522     0.2994   2.912002     0.3057   2.912897    5.83111    -0.0642    13.8155 6.0393e+01  -60.61667  -54.72050 1153497528 202.665860    34.5320      20769         21  0.000e+00
    395.522     0.2986   2.912012     0.3057   2.912897    5.83121    -0.0857    13.8155 6.0393e+01  -60.61667  -54.72050 1153497529 202.665861    34.5331      20770         21  0.000e+00
