product_data/regression_test/downloaded_data/MDGS/320620060703/ctd/p6618701.cnv
* Sea-Bird SBE 9 Data File:
* FileName = D:\Data\Raw\p6618701.dat
* Software Version Seasave Win32 V 5.32
* Temperature SN = 1649
* Conductivity SN = 1431
* Number of Bytes Per Scan = 37
* Number of Voltage Words = 5
* Number of Scans Averaged by the Deck Unit = 1
* NMEA Latitude = 60 48.00 S
* NMEA Longitude = 054 14.73 W
* NMEA UTC (Time) = 02:15:03
** Ship:   Nathaniel B. Palmer 
** Cruise:    NBP0606 
# nquan = 15
# nvalues = 2022                        
# units = specified
# name 0 = prDM: Pressure, Digiquartz [db]
# name 1 = t090C: Temperature [ITS-90, deg C]
# name 2 = c0S/m: Conductivity [S/m]
# name 3 = t190C: Temperature, 2 [ITS-90, deg C]
# name 4 = c1S/m: Conductivity, 2 [S/m]
# name 5 = sbeox0ML/L: Oxygen, SBE 43 [ml/l]
# name 6 = flECO-AFL: Fluorescence, Wetlab ECO-AFL/FL [mg/m^3]
# name 7 = bat: Beam Attenuation, Chelsea/Seatech/Wetlab CStar [1/m]
# name 8 = spar: SPAR/Surface Irradiance
# name 9 = latitude: Latitude [deg]
# name 10 = longitude: Longitude [deg]
# name 11 = timeY: Time, System [seconds]
# name 12 = timeJ: Julian Days
# name 13 = sal00: Salinity [PSU]
# name 14 = flag: flag
# span 0 =      4.000,   2025.000       
# span 1 =    -1.1336,     1.0695       
# span 2 =   2.741203,   3.014656       
# span 3 =    -1.1342,     1.0710       
# span 4 =   2.741811,   3.015036       
# span 5 =    5.03127,    7.82637       
# span 6 =    -0.1178,     0.3874       
# span 7 =    13.8155,    13.8155       
# span 8 = -9.505e-02, 1.8721e+00       
# span 9 =  -60.80000,  -60.80000       
# span 10 =  -54.24550,  -54.24550      
# span 11 = 1153620927, 1153623658      
# span 12 = 204.094087, 204.125689      
# span 13 =    34.0962,    34.7014      
# span 14 = 0.0000e+00, 0.0000e+00      
# interval = decibars: 1                
# start_time = Jul 23 2006 02:15:11
# bad_flag = -9.990e-29
*END*
[from data line 1735]
   1739.000     0.4075   2.989924     0.4073   2.990209    5.46666    -0.0928    13.8155 1.6473e+00  -60.80000  -54.24550 1153623184 204.120202    34.6734 0.0000e+00
   1740.000     0.4034   2.989621     0.4040   2.989978    5.47078    -0.0857    13.8155 6.3796e-02  -60.80000  -54.24550 1153623185 204.120217    34.6734 0.0000e+00
   1741.000     0.4050   2.989797     0.4031   2.989927    5.47043    -0.0935    13.8155 5.4703e-01  -60.80000  -54.24550 1153623186 204.120233    34.6733 0.0000e+00
   1742.000     0.4026   2.989637     0.4013   2.989798    5.46984    -0.1003    13.8155 6.7051e-01  -60.80000  -54.24550 1153623188 204.120247    34.6734 0.0000e+00
   1743.000     0.3863   2.988177     0.3829   2.988251    5.47365    -0.0912    13.8155 1.1033e+00  -60.80000  -54.24550 1153623189 204.120261    34.6725 0.0000e+00
   1744.000     0.3699   2.986763     0.3699   2.987112    5.47603    -0.0799    13.8155 6.3088e-01  -60.80000  -54.24550 1153623190 204.120275    34.6722 0.0000e+00
   1745.000     0.3687   2.986706     0.3684   2.986995    5.48156    -0.0918    13.8155 8.8900e-01  -60.80000  -54.24550 1153623191 204.120289    34.6722 0.0000e+00
   1746.000     0.3682   2.986698     0.3681   2.986995    5.48293    -0.0878    13.8155 5.7334e-01  -60.80000  -54.24550 1153623193 204.120304    34.6720 0.0000e+00
   1747.000     0.3694   2.986866     0.3693   2.987146    5.48468    -0.1030    13.8155 6.2880e-01  -60.80000  -54.24550 1153623194 204.120316    34.6722 0.0000e+00
   1748.000     0.3746   2.987367     0.3758   2.987782    5.48793    -0.0833    13.8155 1.3834e+00  -60.80000  -54.24550 1153623195 204.120328    34.6721 0.0000e+00
   1749.000     0.3730   2.987269     0.3727   2.987545    5.48610    -0.0917    13.8155 1.6632e+00  -60.80000  -54.24550 1153623196 204.120339    34.6721 0.0000e+00
   1750.000     0.3734   2.987357     0.3732   2.987635    5.48565    -0.0966    13.8155 5.4006e-01  -60.80000  -54.24550 1153623197 204.120351    34.6721 0.0000e+00
   1751.000     0.3744   2.987481     0.3733   2.987684    5.48496    -0.0910    13.8155 5.2731e-03  -60.80000  -54.24550 1153623198 204.120364    34.6721 0.0000e+00
   1752.000     0.3741   2.987523     0.3733   2.987736    5.48489    -0.0867    13.8155 1.3002e+00  -60.80000  -54.24550 1153623199 204.120381    34.6725 0.0000e+00
   1753.000     0.3751   2.987627     0.3750   2.987931    5.48662    -0.0989    13.8155 1.4622e+00  -60.80000  -54.24550 1153623201 204.120399    34.6720 0.0000e+00
   1754.000     0.3747   2.987666     0.3757   2.988027    5.48527    -0.0855    13.8155 7.9112e-01  -60.80000  -54.24550 1153623202 204.120416    34.6724 0.0000e+00
   1755.000     0.3814   2.988309     0.3811   2.988562    5.48409    -0.0884    13.8155 5.9099e-01  -60.80000  -54.24550 1153623203 204.120430    34.6726 0.0000e+00
   1756.000     0.3797   2.988190     0.3795   2.988479    5.48323    -0.0960    13.8155 2.5842e-01  -60.80000  -54.24550 1153623204 204.120441    34.6724 0.0000e+00
   1757.000     0.3779   2.988069     0.3790   2.988467    5.48236    -0.1044    13.8155 4.5469e-03  -60.80000  -54.24550 1153623205 204.120451    34.6724 0.0000e+00
   1758.000     0.3777   2.988107     0.3789   2.988492    5.48098    -0.0968    13.8155 5.0387e-01  -60.80000  -54.24550 1153623206 204.120462    34.6725 0.0000e+00
   1759.000     0.3811   2.988433     0.3790   2.988541    5.48026    -0.0914    13.8155 1.7786e+00  -60.80000  -54.24550 1153623207 204.120475    34.6723 0.0000e+00
   1760.000     0.3762   2.988041     0.3777   2.988429    5.48128    -0.0993    13.8155 1.2276e+00  -60.80000  -54.24550 1153623209 204.120493    34.6724 0.0000e+00
   1761.000     0.3776   2.988201     0.3767   2.988403    5.48306    -0.0910    13.8155 1.7000e+00  -60.80000  -54.24550 1153623210 204.120510    34.6725 0.0000e+00
   1762.000     0.3779   2.988273     0.3767   2.988456    5.48336    -0.0976    13.8155 1.1327e+00  -60.80000  -54.24550 1153623212 204.120524    34.6724 0.0000e+00
   1763.000     0.3795   2.988473     0.3791   2.988716    5.48388    -0.0970    13.8155 1.6201e+00  -60.80000  -54.24550 1153623213 204.120536    34.6726 0.0000e+00
   1764.000     0.3769   2.988271     0.3768   2.988559    5.48451    -0.1013    13.8155 1.8721e+00  -60.80000  -54.24550 1153623214 204.120548    34.6724 0.0000e+00
   1765.000     0.3731   2.987933     0.3728   2.988216    5.48485    -0.0837    13.8155 1.0095e+00  -60.80000  -54.24550 1153623215 204.120561    34.6718 0.0000e+00
   1766.000     0.3690   2.987642     0.3686   2.987924    5.48566    -0.1031    13.8155 8.4902e-01  -60.80000  -54.24550 1153623216 204.120575    34.6722 0.0000e+00
   1767.000     0.3696   2.987689     0.3694   2.987966    5.48625    -0.0944    13.8155 5.3551e-01  -60.80000  -54.24550 1153623217 204.120589    34.6715 0.0000e+00
   1768.000     0.3712   2.987851     0.3709   2.988104    5.48720    -0.1062    13.8155 1.2983e+00  -60.80000  -54.24550 1153623218 204.120603    34.6713 0.0000e+00
   1769.000     0.3721   2.987963     0.3716   2.988215    5.48831    -0.0944    13.8155 1.7559e+00  -60.80000  -54.24550 1153623220 204.120617    34.6711 0.0000e+00
   1770.000     0.3716   2.987954     0.3714   2.988238    5.48904    -0.0845    13.8155 1.0368e+00  -60.80000  -54.24550 1153623221 204.120632    34.6710 0.0000e+00
   1771.000     0.3722   2.988041     0.3724   2.988345    5.49031    -0.0951    13.8155 1.2337e+00  -60.80000  -54.24550 1153623222 204.120648    34.6709 0.0000e+00
   1772.000     0.3680   2.987702     0.3688   2.988098    5.49032    -0.0824    13.8155 5.3066e-01  -60.80000  -54.24550 1153623224 204.120661    34.6707 0.0000e+00
   1773.000     0.3699   2.987940     0.3701   2.988216    5.49065    -0.0948    13.8155 7.5631e-01  -60.80000  -54.24550 1153623224 204.120672    34.6712 0.0000e+00
   1774.000     0.3713   2.988071     0.3705   2.988308    5.49158    -0.1028    13.8155 1.8041e-01  -60.80000  -54.24550 1153623225 204.120683    34.6707 0.0000e+00
   1775.000     0.3684   2.987859     0.3689   2.988199    5.49242    -0.0968    13.8155 4.9904e-01  -60.80000  -54.24550 1153623226 204.120695    34.6707 0.0000e+00
   1776.000     0.3716   2.988198     0.3718   2.988489    5.49292    -0.0807    13.8155 1.5548e+00  -60.80000  -54.24550 1153623228 204.120711    34.6709 0.0000e+00
   1777.000     0.3717   2.988229     0.3716   2.988527    5.49443    -0.0951    13.8155 5.3616e-01  -60.80000  -54.24550 1153623230 204.120730    34.6707 0.0000e+00
   1778.000     0.3692   2.988059     0.3690   2.988332    5.49529    -0.1034    13.8155 1.5987e+00  -60.80000  -54.24550 1153623231 204.120745    34.6708 0.0000e+00
   1779.000     0.3723   2.988383     0.3726   2.988687    5.49573    -0.0956    13.8155 1.3233e+00  -60.80000  -54.24550 1153623232 204.120757    34.6710 0.0000e+00
   1780.000     0.3726   2.988448     0.3726   2.988742    5.49625    -0.1136    13.8155 8.7982e-01  -60.80000  -54.24550 1153623233 204.120767    34.6709 0.0000e+00
   1781.000     0.3714   2.988376     0.3715   2.988687    5.49674    -0.0890    13.8155 1.2695e+00  -60.80000  -54.24550 1153623234 204.120778    34.6708 0.0000e+00
   1782.000     0.3706   2.988349     0.3706   2.988638    5.49748    -0.0933    13.8155 8.7298e-01  -60.80000  -54.24550 1153623235 204.120790    34.6708 0.0000e+00
   1783.000     0.3718   2.988504     0.3719   2.988800    5.49653    -0.0991    13.8155 1.0852e+00  -60.80000  -54.24550 1153623236 204.120804    34.6710 0.0000e+00
   1784.000     0.3717   2.988524     0.3722   2.988863    5.49593    -0.0853    13.8155 2.6576e-02  -60.80000  -54.24550 1153623237 204.120820    34.6708 0.0000e+00
   1785.000     0.3708   2.988488     0.3723   2.988908    5.49597    -0.0930    13.8155 -7.871e-06  -60.80000  -54.24550 1153623239 204.120838    34.6708 0.0000e+00
   1786.000     0.3723   2.988661     0.3730   2.989032    5.49722    -0.0943    13.8155 2.3090e-27  -60.80000  -54.24550 1153623240 204.120855    34.6708 0.0000e+00
   1787.000     0.3647   2.988013     0.3639   2.988274    5.49809    -0.1010    13.8155 6.3554e-08  -60.80000  -54.24550 1153623241 204.120870    34.6706 0.0000e+00
   1788.000     0.3626   2.987888     0.3629   2.988211    5.49866    -0.0976    13.8155 2.5736e-01  -60.80000  -54.24550 1153623243 204.120881    34.6707 0.0000e+00
   1789.000     0.3608   2.987765     0.3611   2.988097    5.49946    -0.1015    13.8155 1.7340e+00  -60.80000  -54.24550 1153623243 204.120891    34.6705 0.0000e+00
   1790.000     0.3606   2.987784     0.3602   2.988054    5.49937    -0.0890    13.8155 1.4940e+00  -60.80000  -54.24550 1153623244 204.120901    34.6706 0.0000e+00
   1791.000     0.3608   2.987847     0.3607   2.988139    5.49986    -0.0898    13.8155 9.9538e-01  -60.80000  -54.24550 1153623245 204.120911    34.6706 0.0000e+00
   1792.000     0.3608   2.987876     0.3606   2.988165    5.50042    -0.0833    13.8155 1.2634e+00  -60.80000  -54.24550 1153623246 204.120924    34.6705 0.0000e+00
   1793.000     0.3606   2.987894     0.3607   2.988210    5.49986    -0.0860    13.8155 6.4401e-03  -60.80000  -54.24550 1153623248 204.120942    34.6704 0.0000e+00
   1794.000     0.3602   2.987918     0.3601   2.988195    5.49794    -0.0997    13.8155 1.5750e-09  -60.80000  -54.24550 1153623250 204.120962    34.6706 0.0000e+00
   1795.000     0.3603   2.987963     0.3601   2.988240    5.49690    -0.0750    13.8155 7.2703e-01  -60.80000  -54.24550 1153623251 204.120978    34.6705 0.0000e+00
   1796.000     0.3608   2.988045     0.3605   2.988317    5.49787    -0.0895    13.8155 1.2813e+00  -60.80000  -54.24550 1153623252 204.120991    34.6704 0.0000e+00
   1797.000     0.3603   2.988053     0.3605   2.988363    5.49809    -0.1092    13.8155 7.3425e-02  -60.80000  -54.24550 1153623253 204.121003    34.6705 0.0000e+00
   1798.000     0.3605   2.988122     0.3605   2.988417    5.49998    -0.0997    13.8155 6.8354e-01  -60.80000  -54.24550 1153623254 204.121013    34.6706 0.0000e+00
   1799.000     0.3627   2.988444     0.3618   2.988576    5.49980    -0.0965    13.8155 3.5203e-01  -60.80000  -54.24550 1153623255 204.121023    34.6712 0.0000e+00
   1800.000     0.3712   2.989161     0.3708   2.989419    5.49961    -0.0823    13.8155 3.4411e-01  -60.80000  -54.24550 1153623256 204.121033    34.6707 0.0000e+00
   1801.000     0.3719   2.989267     0.3714   2.989498    5.49944    -0.0840    13.8155 1.4052e+00  -60.80000  -54.24550 1153623257 204.121048    34.6709 0.0000e+00
   1802.000     0.3703   2.989139     0.3700   2.989413    5.49813    -0.0940    13.8155 -9.505e-02  -60.80000  -54.24550 1153623260 204.121078    34.6707 0.0000e+00
   1803.000     0.3679   2.988976     0.3679   2.989262    5.49946    -0.1089    13.8155 4.7019e-01  -60.80000  -54.24550 1153623261 204.121091    34.6708 0.0000e+00
   1804.000     0.3673   2.988952     0.3674   2.989270    5.50012    -0.0993    13.8155 5.2621e-01  -60.80000  -54.24550 1153623262 204.121102    34.6707 0.0000e+00
   1805.000     0.3665   2.988943     0.3659   2.989174    5.49786    -0.0901    13.8155 1.7579e+00  -60.80000  -54.24550 1153623263 204.121113    34.6708 0.0000e+00
   1806.000     0.3762   2.989882     0.3766   2.990175    5.49764    -0.0895    13.8155 1.6248e+00  -60.80000  -54.24550 1153623263 204.121124    34.6713 0.0000e+00
   1807.000     0.3774   2.990013     0.3764   2.990195    5.49760    -0.1009    13.8155 9.5220e-01  -60.80000  -54.24550 1153623265 204.121136    34.6713 0.0000e+00
   1808.000     0.3763   2.989944     0.3761   2.990211    5.49787    -0.1029    13.8155 5.8138e-01  -60.80000  -54.24550 1153623266 204.121150    34.6712 0.0000e+00
   1809.000     0.3760   2.989972     0.3760   2.990239    5.49745    -0.1071    13.8155 -2.718e-03  -60.80000  -54.24550 1153623267 204.121163    34.6715 0.0000e+00
   1810.000     0.3779   2.990176     0.3776   2.990432    5.49829    -0.0980    13.8155 6.4465e-01  -60.80000  -54.24550 1153623268 204.121176    34.6714 0.0000e+00
   1811.000     0.3777   2.990193     0.3771   2.990425    5.49595    -0.0994    13.8155 1.6278e+00  -60.80000  -54.24550 1153623269 204.121190    34.6713 0.0000e+00
   1812.000     0.3773   2.990201     0.3772   2.990460    5.49682    -0.0977    13.8155 3.2116e-01  -60.80000  -54.24550 1153623271 204.121208    34.6713 0.0000e+00
   1813.000     0.3741   2.989946     0.3745   2.990285    5.49825    -0.0959    13.8155 -1.360e-02  -60.80000  -54.24550 1153623272 204.121224    34.6712 0.0000e+00
   1814.000     0.3741   2.989984     0.3736   2.990225    5.49841    -0.0815    13.8155 -5.494e-14  -60.80000  -54.24550 1153623273 204.121236    34.6711 0.0000e+00
   1815.000     0.3740   2.990025     0.3740   2.990310    5.49818    -0.0907    13.8155 3.3880e-28  -60.80000  -54.24550 1153623274 204.121246    34.6712 0.0000e+00
   1816.000     0.3745   2.990103     0.3742   2.990371    5.49892    -0.0860    13.8155 9.7194e-18  -60.80000  -54.24550 1153623275 204.121255    34.6712 0.0000e+00
   1817.000     0.3743   2.990116     0.3739   2.990378    5.49943    -0.1088    13.8155 6.1680e-02  -60.80000  -54.24550 1153623276 204.121267    34.6711 0.0000e+00
   1818.000     0.3719   2.989940     0.3724   2.990300    5.50097    -0.0904    13.8155 9.0868e-01  -60.80000  -54.24550 1153623278 204.121295    34.6710 0.0000e+00
   1819.000     0.3715   2.989954     0.3718   2.990273    5.50167    -0.0811    13.8155 1.3620e-01  -60.80000  -54.24550 1153623280 204.121314    34.6711 0.0000e+00
   1820.000     0.3700   2.989853     0.3692   2.990075    5.50252    -0.1047    13.8155 -2.450e-03  -60.80000  -54.24550 1153623281 204.121324    34.6709 0.0000e+00
   1821.000     0.3668   2.989588     0.3666   2.989865    5.50313    -0.0924    13.8155 2.2283e-08  -60.80000  -54.24550 1153623282 204.121334    34.6706 0.0000e+00
   1822.000     0.3672   2.989678     0.3666   2.989907    5.50515    -0.0853    13.8155 8.1473e-21  -60.80000  -54.24550 1153623282 204.121344    34.6709 0.0000e+00
   1823.000     0.3685   2.989823     0.3679   2.990070    5.50420    -0.0973    13.8155 1.4227e-35  -60.80000  -54.24550 1153623283 204.121353    34.6707 0.0000e+00
   1824.000     0.3622   2.989280     0.3616   2.989542    5.50419    -0.0930    13.8155 9.5375e-26  -60.80000  -54.24550 1153623284 204.121363    34.6702 0.0000e+00
   1825.000     0.3597   2.989113     0.3597   2.989401    5.50710    -0.0864    13.8155 4.1841e-10  -60.80000  -54.24550 1153623285 204.121376    34.6703 0.0000e+00
   1826.000     0.3561   2.988826     0.3558   2.989108    5.50786    -0.1010    13.8155 6.6891e-02  -60.80000  -54.24550 1153623287 204.121394    34.6701 0.0000e+00
   1827.000     0.3546   2.988762     0.3544   2.989033    5.51027    -0.0985    13.8155 -2.397e-03  -60.80000  -54.24550 1153623289 204.121415    34.6704 0.0000e+00
   1828.000     0.3539   2.988735     0.3539   2.989040    5.51153    -0.1066    13.8155 -2.502e-26  -60.80000  -54.24550 1153623290 204.121430    34.6704 0.0000e+00
   1829.000     0.3547   2.988855     0.3546   2.989149    5.51194    -0.0853    13.8155 4.2632e-12  -60.80000  -54.24550 1153623291 204.121443    34.6703 0.0000e+00
   1830.000     0.3524   2.988692     0.3527   2.989026    5.51239    -0.0836    13.8155 2.2991e-01  -60.80000  -54.24550 1153623292 204.121455    34.6703 0.0000e+00
   1831.000     0.3534   2.988847     0.3540   2.989171    5.51308    -0.0914    13.8155 3.4801e-03  -60.80000  -54.24550 1153623293 204.121468    34.6706 0.0000e+00
   1832.000     0.3550   2.989021     0.3555   2.989352    5.51273    -0.1027    13.8155 9.6842e-12  -60.80000  -54.24550 1153623294 204.121482    34.6705 0.0000e+00
   1833.000     0.3567   2.989224     0.3568   2.989520    5.51160    -0.0957    13.8155 1.1471e-29  -60.80000  -54.24550 1153623296 204.121497    34.6707 0.0000e+00
   1834.000     0.3587   2.989456     0.3583   2.989699    5.51117    -0.0907    13.8155 9.5281e-12  -60.80000  -54.24550 1153623297 204.121509    34.6708 0.0000e+00
