product_data/regression_test/downloaded_data/MDGS/320620060703/ctd/p6611201.cnv
* Sea-Bird SBE 9 Data File:
* FileName = D:\Data\Raw\p6611201.dat
* Software Version Seasave Win32 V 5.32
* Temperature SN = 1649
* Conductivity SN = 1431
* Number of Bytes Per Scan = 37
* Number of Voltage Words = 5
* Number of Scans Averaged by the Deck Unit = 1
* NMEA Latitude = 61 26.98 S
* NMEA Longitude = 054 52.56 W
* NMEA UTC (Time) = 06:14:49
** Ship:   Nathaniel B. Palmer 
** Cruise:    NBP0606 
# nquan = 15
# nvalues = 891                         
# units = specified
# name 0 = prDM: Pressure, Digiquartz [db]
# name 1 = t090C: Temperature [ITS-90, deg C]
# name 2 = c0S/m: Conductivity [S/m]
# name 3 = t190C: Temperature, 2 [ITS-90, deg C]
# name 4 = c1S/m: Conductivity, 2 [S/m]
# name 5 = sbeox0ML/L: Oxygen, SBE 43 [ml/l]
# name 6 = flECO-AFL: Fluorescence, Wetlab ECO-AFL/FL [mg/m^3]
# name 7 = bat: Beam Attenuation, Chelsea/Seatech/Wetlab CStar [1/m]
# name 8 = spar: SPAR/Surface Irradiance
# name 9 = latitude: Latitude [deg]
# name 10 = longitude: Longitude [deg]
# name 11 = timeY: Time, System [seconds]
# name 12 = timeJ: Julian Days
# name 13 = sal00: Salinity [PSU]
# name 14 = flag: flag
# span 0 =     12.000,    902.000       
# span 1 =    -1.1033,    -0.4229       
# span 2 =   2.750949,   2.854448       
# span 3 =    -1.1057,    -0.4224       
# span 4 =   2.751773,   2.854909       
# span 5 =    6.38409,    7.66393       
# span 6 =    -0.1201,     0.1225       
# span 7 =    13.8155,    13.8155       
# span 8 = 0.0000e+00, 0.0000e+00       
# span 9 =  -61.44967,  -61.44967       
# span 10 =  -54.87600,  -54.87600      
# span 11 = 1152857696, 1152859015      
# span 12 = 195.260388, 195.275660      
# span 13 =    34.1932,    34.5358      
# span 14 = 0.0000e+00, 0.0000e+00      
# interval = decibars: 1                
# start_time = Jul 14 2006 06:14:57
# bad_flag = -9.990e-29
*END*
[from data line 290]
    302.000    -0.4274   2.839379    -0.4267   2.839864    6.45095    -0.0682    13.8155 0.0000e+00  -61.44967  -54.87600 1152858172 195.265907    34.4433 0.0000e+00
    303.000    -0.4272   2.839470    -0.4263   2.839968    6.44999    -0.0744    13.8155 0.0000e+00  -61.44967  -54.87600 1152858173 195.265918    34.4437 0.0000e+00
    304.000    -0.4273   2.839520    -0.4263   2.840010    6.44912    -0.0695    13.8155 0.0000e+00  -61.44967  -54.87600 1152858175 195.265936    34.4438 0.0000e+00
    305.000    -0.4274   2.839569    -0.4264   2.840059    6.44994    -0.0693    13.8155 0.0000e+00  -61.44967  -54.87600 1152858176 195.265954    34.4441 0.0000e+00
    306.000    -0.4279   2.839565    -0.4269   2.840060    6.44952    -0.0500    13.8155 0.0000e+00  -61.44967  -54.87600 1152858177 195.265964    34.4440 0.0000e+00
    307.000    -0.4284   2.839561    -0.4275   2.840049    6.45056    -0.0483    13.8155 0.0000e+00  -61.44967  -54.87600 1152858178 195.265973    34.4439 0.0000e+00
    308.000    -0.4282   2.839617    -0.4273   2.840114    6.45085    -0.0721    13.8155 0.0000e+00  -61.44967  -54.87600 1152858179 195.265983    34.4438 0.0000e+00
    309.000    -0.4280   2.839689    -0.4269   2.840185    6.45271    -0.0647    13.8155 0.0000e+00  -61.44967  -54.87600 1152858182 195.266022    34.4440 0.0000e+00
    310.000    -0.4275   2.839846    -0.4265   2.840358    6.45346    -0.0803    13.8155 0.0000e+00  -61.44967  -54.87600 1152858184 195.266048    34.4450 0.0000e+00
    311.000    -0.4247   2.840547    -0.4238   2.841046    6.45028    -0.0815    13.8155 0.0000e+00  -61.44967  -54.87600 1152858185 195.266055    34.4505 0.0000e+00
    312.000    -0.4233   2.840981    -0.4225   2.841447    6.44641    -0.0800    13.8155 0.0000e+00  -61.44967  -54.87600 1152858186 195.266062    34.4541 0.0000e+00
    313.000    -0.4231   2.841084    -0.4224   2.841577    6.44033    -0.0708    13.8155 0.0000e+00  -61.44967  -54.87600 1152858186 195.266069    34.4546 0.0000e+00
    314.000    -0.4231   2.841187    -0.4226   2.841692    6.43487    -0.0779    13.8155 0.0000e+00  -61.44967  -54.87600 1152858187 195.266076    34.4553 0.0000e+00
    315.000    -0.4229   2.841267    -0.4228   2.841756    6.43118    -0.0660    13.8155 0.0000e+00  -61.44967  -54.87600 1152858187 195.266083    34.4556 0.0000e+00
    316.000    -0.4231   2.841414    -0.4230   2.841895    6.42797    -0.0597    13.8155 0.0000e+00  -61.44967  -54.87600 1152858188 195.266089    34.4573 0.0000e+00
    317.000    -0.4239   2.841382    -0.4233   2.841880    6.42685    -0.0659    13.8155 0.0000e+00  -61.44967  -54.87600 1152858191 195.266122    34.4571 0.0000e+00
    318.000    -0.4242   2.841233    -0.4236   2.841721    6.42837    -0.0426    13.8155 0.0000e+00  -61.44967  -54.87600 1152858195 195.266169    34.4544 0.0000e+00
    319.000    -0.4239   2.841490    -0.4234   2.841966    6.42388    -0.0619    13.8155 0.0000e+00  -61.44967  -54.87600 1152858195 195.266176    34.4575 0.0000e+00
    320.000    -0.4232   2.842020    -0.4229   2.842498    6.41725    -0.0643    13.8155 0.0000e+00  -61.44967  -54.87600 1152858196 195.266183    34.4631 0.0000e+00
    321.000    -0.4232   2.842106    -0.4229   2.842593    6.41015    -0.0499    13.8155 0.0000e+00  -61.44967  -54.87600 1152858197 195.266190    34.4635 0.0000e+00
    322.000    -0.4238   2.842183    -0.4234   2.842675    6.40586    -0.0533    13.8155 0.0000e+00  -61.44967  -54.87600 1152858197 195.266197    34.4648 0.0000e+00
    323.000    -0.4238   2.842268    -0.4237   2.842751    6.40385    -0.0491    13.8155 0.0000e+00  -61.44967  -54.87600 1152858198 195.266203    34.4654 0.0000e+00
    324.000    -0.4244   2.842294    -0.4239   2.842797    6.40249    -0.0616    13.8155 0.0000e+00  -61.44967  -54.87600 1152858198 195.266210    34.4658 0.0000e+00
    325.000    -0.4247   2.842208    -0.4242   2.842725    6.40567    -0.0761    13.8155 0.0000e+00  -61.44967  -54.87600 1152858201 195.266241    34.4643 0.0000e+00
    326.000    -0.4243   2.842276    -0.4237   2.842790    6.40799    -0.0728    13.8155 0.0000e+00  -61.44967  -54.87600 1152858205 195.266282    34.4642 0.0000e+00
    327.000    -0.4255   2.842358    -0.4247   2.842865    6.40444    -0.0654    13.8155 0.0000e+00  -61.44967  -54.87600 1152858205 195.266289    34.4660 0.0000e+00
    328.000    -0.4268   2.842354    -0.4269   2.842848    6.40380    -0.0652    13.8155 0.0000e+00  -61.44967  -54.87600 1152858206 195.266296    34.4668 0.0000e+00
    329.000    -0.4295   2.842341    -0.4298   2.842836    6.40185    -0.0697    13.8155 0.0000e+00  -61.44967  -54.87600 1152858206 195.266303    34.4693 0.0000e+00
    330.000    -0.4308   2.842374    -0.4307   2.842855    6.40407    -0.0849    13.8155 0.0000e+00  -61.44967  -54.87600 1152858207 195.266309    34.4706 0.0000e+00
    331.000    -0.4290   2.842450    -0.4289   2.842925    6.40371    -0.0753    13.8155 0.0000e+00  -61.44967  -54.87600 1152858209 195.266334    34.4688 0.0000e+00
    332.000    -0.4277   2.842523    -0.4281   2.843002    6.40112    -0.0652    13.8155 0.0000e+00  -61.44967  -54.87600 1152858212 195.266363    34.4677 0.0000e+00
    333.000    -0.4333   2.842452    -0.4326   2.842951    6.39993    -0.0636    13.8155 0.0000e+00  -61.44967  -54.87600 1152858212 195.266372    34.4727 0.0000e+00
    334.000    -0.4337   2.842488    -0.4329   2.842984    6.39976    -0.0502    13.8155 0.0000e+00  -61.44967  -54.87600 1152858213 195.266380    34.4730 0.0000e+00
    335.000    -0.4336   2.842528    -0.4328   2.843019    6.39922    -0.0701    13.8155 0.0000e+00  -61.44967  -54.87600 1152858214 195.266389    34.4727 0.0000e+00
    336.000    -0.4334   2.842577    -0.4326   2.843064    6.39873    -0.0745    13.8155 0.0000e+00  -61.44967  -54.87600 1152858215 195.266401    34.4726 0.0000e+00
    337.000    -0.4336   2.842615    -0.4325   2.843107    6.39971    -0.0659    13.8155 0.0000e+00  -61.44967  -54.87600 1152858217 195.266423    34.4726 0.0000e+00
    338.000    -0.4330   2.842686    -0.4322   2.843176    6.40094    -0.0763    13.8155 0.0000e+00  -61.44967  -54.87600 1152858219 195.266452    34.4723 0.0000e+00
    339.000    -0.4340   2.842695    -0.4330   2.843180    6.40181    -0.0712    13.8155 0.0000e+00  -61.44967  -54.87600 1152858221 195.266468    34.4729 0.0000e+00
    340.000    -0.4338   2.842754    -0.4329   2.843238    6.40222    -0.0573    13.8155 0.0000e+00  -61.44967  -54.87600 1152858222 195.266479    34.4729 0.0000e+00
    341.000    -0.4336   2.842815    -0.4328   2.843312    6.40236    -0.0633    13.8155 0.0000e+00  -61.44967  -54.87600 1152858223 195.266489    34.4729 0.0000e+00
    342.000    -0.4336   2.842867    -0.4327   2.843362    6.40255    -0.0739    13.8155 0.0000e+00  -61.44967  -54.87600 1152858223 195.266497    34.4729 0.0000e+00
    343.000    -0.4332   2.842928    -0.4326   2.843394    6.40244    -0.0727    13.8155 0.0000e+00  -61.44967  -54.87600 1152858224 195.266506    34.4727 0.0000e+00
    344.000    -0.4332   2.842985    -0.4324   2.843452    6.40073    -0.0738    13.8155 0.0000e+00  -61.44967  -54.87600 1152858225 195.266519    34.4728 0.0000e+00
    345.000    -0.4334   2.843005    -0.4325   2.843496    6.40050    -0.0679    13.8155 0.0000e+00  -61.44967  -54.87600 1152858228 195.266550    34.4727 0.0000e+00
    346.000    -0.4324   2.843137    -0.4312   2.843639    6.39857    -0.0705    13.8155 0.0000e+00  -61.44967  -54.87600 1152858229 195.266566    34.4727 0.0000e+00
    347.000    -0.4318   2.843218    -0.4312   2.843694    6.39664    -0.0846    13.8155 0.0000e+00  -61.44967  -54.87600 1152858230 195.266577    34.4726 0.0000e+00
    348.000    -0.4328   2.843195    -0.4322   2.843677    6.39445    -0.0593    13.8155 0.0000e+00  -61.44967  -54.87600 1152858231 195.266587    34.4727 0.0000e+00
    349.000    -0.4321   2.843333    -0.4313   2.843819    6.39523    -0.0710    13.8155 0.0000e+00  -61.44967  -54.87600 1152858232 195.266597    34.4731 0.0000e+00
    350.000    -0.4321   2.843387    -0.4312   2.843886    6.39665    -0.0763    13.8155 0.0000e+00  -61.44967  -54.87600 1152858233 195.266610    34.4733 0.0000e+00
    351.000    -0.4321   2.843438    -0.4312   2.843929    6.39670    -0.0699    13.8155 0.0000e+00  -61.44967  -54.87600 1152858235 195.266635    34.4734 0.0000e+00
    352.000    -0.4323   2.843518    -0.4315   2.844003    6.39848    -0.0685    13.8155 0.0000e+00  -61.44967  -54.87600 1152858238 195.266661    34.4741 0.0000e+00
    353.000    -0.4328   2.843559    -0.4318   2.844053    6.39863    -0.0855    13.8155 0.0000e+00  -61.44967  -54.87600 1152858238 195.266673    34.4746 0.0000e+00
    354.000    -0.4325   2.843623    -0.4319   2.844102    6.39739    -0.0606    13.8155 0.0000e+00  -61.44967  -54.87600 1152858239 195.266683    34.4745 0.0000e+00
    355.000    -0.4329   2.843644    -0.4321   2.844130    6.39640    -0.0637    13.8155 0.0000e+00  -61.44967  -54.87600 1152858240 195.266691    34.4746 0.0000e+00
    356.000    -0.4330   2.843676    -0.4326   2.844142    6.39530    -0.0848    13.8155 0.0000e+00  -61.44967  -54.87600 1152858241 195.266700    34.4745 0.0000e+00
    357.000    -0.4368   2.843530    -0.4362   2.844009    6.39170    -0.0699    13.8155 0.0000e+00  -61.44967  -54.87600 1152858242 195.266717    34.4765 0.0000e+00
    358.000    -0.4380   2.843527    -0.4371   2.844012    6.39032    -0.0746    13.8155 0.0000e+00  -61.44967  -54.87600 1152858244 195.266738    34.4771 0.0000e+00
    359.000    -0.4398   2.843480    -0.4391   2.843969    6.38993    -0.0730    13.8155 0.0000e+00  -61.44967  -54.87600 1152858245 195.266753    34.4780 0.0000e+00
    360.000    -0.4402   2.843507    -0.4394   2.843993    6.39022    -0.0560    13.8155 0.0000e+00  -61.44967  -54.87600 1152858246 195.266765    34.4783 0.0000e+00
    361.000    -0.4404   2.843543    -0.4396   2.844035    6.39023    -0.0635    13.8155 0.0000e+00  -61.44967  -54.87600 1152858247 195.266776    34.4784 0.0000e+00
    362.000    -0.4405   2.843591    -0.4397   2.844076    6.38873    -0.0726    13.8155 0.0000e+00  -61.44967  -54.87600 1152858249 195.266792    34.4785 0.0000e+00
    363.000    -0.4404   2.843646    -0.4397   2.844128    6.39345    -0.0652    13.8155 0.0000e+00  -61.44967  -54.87600 1152858251 195.266822    34.4784 0.0000e+00
    364.000    -0.4409   2.843691    -0.4400   2.844173    6.39661    -0.0702    13.8155 0.0000e+00  -61.44967  -54.87600 1152858253 195.266838    34.4789 0.0000e+00
    365.000    -0.4414   2.843708    -0.4406   2.844197    6.39763    -0.0534    13.8155 0.0000e+00  -61.44967  -54.87600 1152858254 195.266849    34.4791 0.0000e+00
    366.000    -0.4434   2.843633    -0.4427   2.844138    6.39743    -0.0580    13.8155 0.0000e+00  -61.44967  -54.87600 1152858254 195.266859    34.4799 0.0000e+00
    367.000    -0.4461   2.843534    -0.4454   2.844025    6.39783    -0.0706    13.8155 0.0000e+00  -61.44967  -54.87600 1152858255 195.266868    34.4810 0.0000e+00
    368.000    -0.4473   2.843489    -0.4467   2.843978    6.39650    -0.0789    13.8155 0.0000e+00  -61.44967  -54.87600 1152858256 195.266877    34.4813 0.0000e+00
    369.000    -0.4475   2.843523    -0.4465   2.844018    6.39425    -0.0688    13.8155 0.0000e+00  -61.44967  -54.87600 1152858257 195.266890    34.4813 0.0000e+00
    370.000    -0.4475   2.843547    -0.4470   2.844012    6.39154    -0.0707    13.8155 0.0000e+00  -61.44967  -54.87600 1152858259 195.266909    34.4810 0.0000e+00
    371.000    -0.4482   2.843543    -0.4476   2.844017    6.39046    -0.0717    13.8155 0.0000e+00  -61.44967  -54.87600 1152858261 195.266932    34.4811 0.0000e+00
    372.000    -0.4495   2.843511    -0.4488   2.843996    6.39294    -0.0705    13.8155 0.0000e+00  -61.44967  -54.87600 1152858263 195.266953    34.4815 0.0000e+00
    373.000    -0.4514   2.843432    -0.4508   2.843922    6.39520    -0.0630    13.8155 0.0000e+00  -61.44967  -54.87600 1152858264 195.266968    34.4821 0.0000e+00
    374.000    -0.4542   2.843309    -0.4536   2.843809    6.39382    -0.0743    13.8155 0.0000e+00  -61.44967  -54.87600 1152858265 195.266979    34.4830 0.0000e+00
    375.000    -0.4562   2.843229    -0.4557   2.843743    6.39255    -0.0641    13.8155 0.0000e+00  -61.44967  -54.87600 1152858266 195.266989    34.4837 0.0000e+00
    376.000    -0.4583   2.843177    -0.4576   2.843672    6.39250    -0.0789    13.8155 0.0000e+00  -61.44967  -54.87600 1152858267 195.267000    34.4848 0.0000e+00
    377.000    -0.4590   2.843214    -0.4584   2.843702    6.39317    -0.0808    13.8155 0.0000e+00  -61.44967  -54.87600 1152858268 195.267014    34.4854 0.0000e+00
    378.000    -0.4601   2.843267    -0.4594   2.843750    6.39524    -0.0738    13.8155 0.0000e+00  -61.44967  -54.87600 1152858270 195.267033    34.4868 0.0000e+00
    379.000    -0.4594   2.843417    -0.4583   2.843930    6.39525    -0.0688    13.8155 0.0000e+00  -61.44967  -54.87600 1152858271 195.267051    34.4873 0.0000e+00
    380.000    -0.4585   2.843631    -0.4577   2.844118    6.39005    -0.0731    13.8155 0.0000e+00  -61.44967  -54.87600 1152858272 195.267065    34.4884 0.0000e+00
    381.000    -0.4580   2.843706    -0.4574   2.844178    6.38595    -0.0701    13.8155 0.0000e+00  -61.44967  -54.87600 1152858274 195.267080    34.4883 0.0000e+00
    382.000    -0.4583   2.843740    -0.4576   2.844194    6.38409    -0.0776    13.8155 0.0000e+00  -61.44967  -54.87600 1152858275 195.267097    34.4884 0.0000e+00
    383.000    -0.4605   2.843623    -0.4597   2.844099    6.38492    -0.0653    13.8155 0.0000e+00  -61.44967  -54.87600 1152858276 195.267112    34.4888 0.0000e+00
    384.000    -0.4603   2.843668    -0.4597   2.844157    6.38522    -0.0640    13.8155 0.0000e+00  -61.44967  -54.87600 1152858277 195.267124    34.4886 0.0000e+00
    385.000    -0.4600   2.843715    -0.4592   2.844205    6.38598    -0.0869    13.8155 0.0000e+00  -61.44967  -54.87600 1152858278 195.267135    34.4882 0.0000e+00
    386.000    -0.4600   2.843762    -0.4592   2.844245    6.38772    -0.0689    13.8155 0.0000e+00  -61.44967  -54.87600 1152858279 195.267146    34.4882 0.0000e+00
    387.000    -0.4598   2.843813    -0.4589   2.844296    6.38516    -0.0707    13.8155 0.0000e+00  -61.44967  -54.87600 1152858281 195.267162    34.4880 0.0000e+00
    388.000    -0.4627   2.843644    -0.4624   2.844125    6.38890    -0.0773    13.8155 0.0000e+00  -61.44967  -54.87600 1152858283 195.267188    34.4885 0.0000e+00
    389.000    -0.4707   2.843200    -0.4691   2.843735    6.38833    -0.0676    13.8155 0.0000e+00  -61.44967  -54.87600 1152858284 195.267203    34.4913 0.0000e+00
    390.000    -0.4697   2.843306    -0.4691   2.843785    6.38797    -0.0661    13.8155 0.0000e+00  -61.44967  -54.87600 1152858285 195.267214    34.4909 0.0000e+00
    391.000    -0.4697   2.843350    -0.4690   2.843831    6.38991    -0.0833    13.8155 0.0000e+00  -61.44967  -54.87600 1152858286 195.267225    34.4908 0.0000e+00
    392.000    -0.4715   2.843258    -0.4704   2.843770    6.38992    -0.0722    13.8155 0.0000e+00  -61.44967  -54.87600 1152858287 195.267240    34.4911 0.0000e+00
    393.000    -0.4722   2.843265    -0.4713   2.843762    6.39125    -0.0665    13.8155 0.0000e+00  -61.44967  -54.87600 1152858289 195.267262    34.4913 0.0000e+00
    394.000    -0.4699   2.843472    -0.4693   2.843946    6.39192    -0.0622    13.8155 0.0000e+00  -61.44967  -54.87600 1152858291 195.267276    34.4908 0.0000e+00
    395.000    -0.4703   2.843484    -0.4695   2.843977    6.39187    -0.0844    13.8155 0.0000e+00  -61.44967  -54.87600 1152858291 195.267286    34.4907 0.0000e+00
    396.000    -0.4706   2.843506    -0.4698   2.844009    6.39223    -0.0925    13.8155 0.0000e+00  -61.44967  -54.87600 1152858292 195.267295    34.4909 0.0000e+00
