product_data/regression_test/downloaded_data/MDGS/320620060703/ctd/p6615301.ros
* Sea-Bird SBE 9 Data File:
* FileName = D:\Data\Raw\p6615301.dat
* Software Version Seasave Win32 V 5.32
* Temperature SN = 1649
* Conductivity SN = 1431
* Number of Bytes Per Scan = 37
* Number of Voltage Words = 5
* Number of Scans Averaged by the Deck Unit = 1
* NMEA Latitude = 60 46.37 S
* NMEA Longitude = 056 15.68 W
* NMEA UTC (Time) = 16:25:35
** Ship:   Nathaniel B. Palmer 
** Cruise:    NBP0606 
# nquan = 17
# nvalues = 1173                    
# units = specified
# name 0 = prDM: Pressure, Digiquartz [db]
# name 1 = t090C: Temperature [ITS-90, deg C]
# name 2 = c0S/m: Conductivity [S/m]
# name 3 = t190C: Temperature, 2 [ITS-90, deg C]
# name 4 = c1S/m: Conductivity, 2 [S/m]
# name 5 = sbeox0ML/L: Oxygen, SBE 43 [ml/l]
# name 6 = flECO-AFL: Fluorescence, Wetlab ECO-AFL/FL [mg/m^3]
# name 7 = bat: Beam Attenuation, Chelsea/Seatech/Wetlab CStar [1/m]
# name 8 = spar: SPAR/Surface Irradiance
# name 9 = latitude: Latitude [deg]
# name 10 = longitude: Longitude [deg]
# name 11 = timeY: Time, System [seconds]
# name 12 = timeJ: Julian Days
# name 13 = sal00: Salinity [PSU]
# name 14 = scan: scan number
# name 15 = nbf: number of bottles fired
# name 16 = flag:  0.000e+00
# interval = seconds: 0.0416667                   
# start_time = Jul 18 2006 16:25:43
*END*
[from data line 937]
     30.237    -0.7139   2.785266    -0.7174   2.785526    7.52285     0.1188    13.8155 9.3511e+01  -60.77283  -56.26133 1153243110 199.721199    34.2062      76047         20  0.000e+00
     30.161    -0.7136   2.785256    -0.7176   2.785526    7.53207     0.1403    13.8155 9.3511e+01  -60.77283  -56.26133 1153243110 199.721199    34.2058      76048         20  0.000e+00
     30.237    -0.7134   2.785269    -0.7167   2.785543    7.53211     0.1403    13.8155 9.3511e+01  -60.77283  -56.26133 1153243110 199.721200    34.2057      76049         20  0.000e+00
     30.151    -0.7133   2.785289    -0.7164   2.785567    7.53199     0.1188    13.8155 9.3511e+01  -60.77283  -56.26133 1153243110 199.721200    34.2059      76050         20  0.000e+00
     30.161    -0.7132   2.785296    -0.7161   2.785578    7.52730     0.1403    13.8155 9.3511e+01  -60.77283  -56.26133 1153243110 199.721201    34.2058      76051         20  0.000e+00
     30.161    -0.7128   2.785279    -0.7155   2.785555    7.52259     0.1618    13.8155 9.3511e+01  -60.77283  -56.26133 1153243110 199.721201    34.2052      76052         20  0.000e+00
     30.094    -0.7124   2.785256    -0.7163   2.785567    7.52714     0.1295    13.8155 9.3511e+01  -60.77283  -56.26133 1153243110 199.721202    34.2044      76053         20  0.000e+00
     30.151    -0.7128   2.785283    -0.7156   2.785538    7.52258     0.1188    13.8155 9.3511e+01  -60.77283  -56.26133 1153243110 199.721202    34.2053      76054         20  0.000e+00
     30.094    -0.7131   2.785279    -0.7152   2.785543    7.53191     0.0972    13.8155 9.3511e+01  -60.77283  -56.26133 1153243110 199.721203    34.2056      76055         20  0.000e+00
     30.094    -0.7130   2.785256    -0.7153   2.785567    7.53190     0.1403    13.8155 9.3511e+01  -60.77283  -56.26133 1153243110 199.721203    34.2051      76056         20  0.000e+00
     30.094    -0.7124   2.785266    -0.7156   2.785596    7.53181     0.1618    13.8155 9.3511e+01  -60.77283  -56.26133 1153243110 199.721204    34.2046      76057         20  0.000e+00
     30.085    -0.7125   2.785292    -0.7149   2.785625    7.52712     0.1618    13.8155 9.3511e+01  -60.77283  -56.26133 1153243110 199.721204    34.2051      76058         20  0.000e+00
     30.094    -0.7128   2.785312    -0.7147   2.785613    7.52250     0.1833    13.8155 9.3511e+01  -60.77283  -56.26133 1153243110 199.721205    34.2057      76059         20  0.000e+00
     30.028    -0.7124   2.785286    -0.7141   2.785625    7.53172     0.1618    13.8155 9.3511e+01  -60.77283  -56.26133 1153243110 199.721205    34.2049      76060         20  0.000e+00
     30.085    -0.7124   2.785289    -0.7141   2.785613    7.53178     0.1510    13.8155 9.3511e+01  -60.77283  -56.26133 1153243111 199.721206    34.2049      76061         20  0.000e+00
     30.028    -0.7126   2.785296    -0.7142   2.785625    7.53175     0.1618    13.8155 9.3511e+01  -60.77283  -56.26133 1153243111 199.721206    34.2053      76062         20  0.000e+00
     30.028    -0.7127   2.785296    -0.7138   2.785630    7.52709     0.1618    13.8155 9.3511e+01  -60.77283  -56.26133 1153243111 199.721207    34.2054      76063         20  0.000e+00
     29.951    -0.7124   2.785279    -0.7136   2.785613    7.52698     0.1403    13.8155 9.3511e+01  -60.77283  -56.26133 1153243111 199.721207    34.2048      76064         20  0.000e+00
     30.018    -0.7126   2.785289    -0.7138   2.785607    7.52708     0.1510    13.8155 9.3511e+01  -60.77283  -56.26133 1153243111 199.721208    34.2052      76065         20  0.000e+00
     30.028    -0.7125   2.785276    -0.7135   2.785642    7.52241     0.1618    13.8155 9.3511e+01  -60.77283  -56.26133 1153243111 199.721208    34.2049      76066         20  0.000e+00
     29.952    -0.7128   2.785273    -0.7139   2.785636    7.53172     0.1403    13.8155 9.3511e+01  -60.77283  -56.26133 1153243111 199.721209    34.2053      76067         20  0.000e+00
     29.952    -0.7130   2.785289    -0.7134   2.785630    7.53173     0.1618    13.8155 9.1563e+01  -60.77283  -56.26133 1153243111 199.721209    34.2056      76068         20  0.000e+00
     29.942    -0.7132   2.785279    -0.7141   2.785630    7.53175     0.1188    13.8155 9.1563e+01  -60.77283  -56.26133 1153243111 199.721209    34.2057      76069         20  0.000e+00
     29.952    -0.7128   2.785273    -0.7135   2.785648    7.52238     0.1403    13.8155 9.1563e+01  -60.77283  -56.26133 1153243111 199.721210    34.2053      76070         20  0.000e+00
     29.952    -0.7131   2.785256    -0.7135   2.785636    7.52243     0.1833    13.8155 9.1563e+01  -60.77283  -56.26133 1153243111 199.721210    34.2054      76071         20  0.000e+00
     29.942    -0.7135   2.785253    -0.7141   2.785648    7.53182     0.1833    13.8155 9.1563e+01  -60.77283  -56.26133 1153243111 199.721211    34.2057      76072         20  0.000e+00
     29.885    -0.7136   2.785253    -0.7143   2.785654    7.53178     0.0972    13.8155 9.1563e+01  -60.77283  -56.26133 1153243111 199.721211    34.2059      76073         20  0.000e+00
     29.952    -0.7136   2.785253    -0.7147   2.785636    7.53185     0.0542    13.8155 9.1563e+01  -60.77283  -56.26133 1153243111 199.721212    34.2058      76074         20  0.000e+00
     29.885    -0.7135   2.785253    -0.7142   2.785630    7.52709     0.1403    13.8155 9.1563e+01  -60.77283  -56.26133 1153243111 199.721212    34.2058      76075         20  0.000e+00
     29.875    -0.7136   2.785253    -0.7138   2.785613    7.53177     0.1618    13.8155 9.1563e+01  -60.77283  -56.26133 1153243111 199.721213    34.2059      76076         20  0.000e+00
     29.885    -0.7137   2.785253    -0.7135   2.785642    7.53180     0.1295    13.8155 9.1563e+01  -60.77283  -56.26133 1153243111 199.721213    34.2060      76077         20  0.000e+00
     29.885    -0.7143   2.785233    -0.7129   2.785636    7.53189     0.0327    13.8155 9.1563e+01  -60.77283  -56.26133 1153243111 199.721214    34.2064      76078         20  0.000e+00
     29.799    -0.7139   2.785230    -0.7130   2.785648    7.53175     0.0004    13.8155 9.1563e+01  -60.77283  -56.26133 1153243111 199.721214    34.2060      76079         20  0.000e+00
     29.885    -0.7141   2.785263    -0.7129   2.785613    7.53184     0.0112    13.8155 9.1563e+01  -60.77283  -56.26133 1153243111 199.721215    34.2065      76080         20  0.000e+00
     29.818    -0.7139   2.785240    -0.7135   2.785619    7.53177     0.1080    13.8155 9.1563e+01  -60.77283  -56.26133 1153243111 199.721215    34.2061      76081         20  0.000e+00
     29.818    -0.7144   2.785213    -0.7135   2.785613    7.53185     0.1403    13.8155 9.1563e+01  -60.77283  -56.26133 1153243111 199.721216    34.2063      76082         20  0.000e+00
     29.799    -0.7147   2.785223    -0.7140   2.785607    7.53188     0.1295    13.8155 9.3511e+01  -60.77283  -56.26133 1153243111 199.721216    34.2068      76083         20  0.000e+00
     29.818    -0.7151   2.785213    -0.7139   2.785584    7.53197     0.1188    13.8155 9.1563e+01  -60.77283  -56.26133 1153243111 199.721217    34.2071      76084         20  0.000e+00
     29.818    -0.7147   2.785223    -0.7149   2.785595    7.53190     0.1403    13.8155 9.1563e+01  -60.77283  -56.26133 1153243112 199.721217    34.2068      76085         20  0.000e+00
     29.742    -0.7152   2.785210    -0.7155   2.785584    7.53189     0.1295    13.8155 9.1563e+01  -60.77283  -56.26133 1153243112 199.721218    34.2072      76086         20  0.000e+00
     29.733    -0.7157   2.785174    -0.7164   2.785578    7.52732     0.1188    13.8155 9.1563e+01  -60.77283  -56.26133 1153243112 199.721218    34.2073      76087         21  0.000e+00
     29.885    -0.7159   2.785193    -0.7158   2.785596    7.52750     0.0972    13.8155 9.1563e+01  -60.77283  -56.26133 1153243112 199.721219    34.2077      76088         21  0.000e+00
     29.742    -0.7166   2.785174    -0.7157   2.785584    7.53213     0.0972    13.8155 9.1563e+01  -60.77283  -56.26133 1153243112 199.721219    34.2083      76089         21  0.000e+00
     29.733    -0.7157   2.785177    -0.7158   2.785555    7.53199     0.0972    13.8155 9.1563e+01  -60.77283  -56.26133 1153243112 199.721220    34.2074      76090         21  0.000e+00
     29.675    -0.7159   2.785183    -0.7158   2.785549    7.53196     0.1080    13.8155 9.1563e+01  -60.77283  -56.26133 1153243112 199.721220    34.2077      76091         21  0.000e+00
     29.675    -0.7162   2.785150    -0.7153   2.785590    7.53203     0.0972    13.8155 9.1563e+01  -60.77283  -56.26133 1153243112 199.721221    34.2076      76092         21  0.000e+00
     29.742    -0.7175   2.785141    -0.7150   2.785561    7.53229     0.1188    13.8155 9.1563e+01  -60.77283  -56.26133 1153243112 199.721221    34.2088      76093         21  0.000e+00
     29.666    -0.7169   2.785140    -0.7149   2.785590    7.53212     0.1403    13.8155 9.1563e+01  -60.77283  -56.26133 1153243112 199.721222    34.2082      76094         21  0.000e+00
     29.676    -0.7169   2.785157    -0.7167   2.785584    7.53212     0.1188    13.8155 9.1563e+01  -60.77283  -56.26133 1153243112 199.721222    34.2084      76095         21  0.000e+00
     29.742    -0.7175   2.785127    -0.7171   2.785537    7.53230     0.1188    13.8155 9.1563e+01  -60.77283  -56.26133 1153243112 199.721223    34.2087      76096         21  0.000e+00
     29.666    -0.7167   2.785117    -0.7164   2.785543    7.53211     0.0757    13.8155 9.1563e+01  -60.77283  -56.26133 1153243112 199.721223    34.2077      76097         21  0.000e+00
     29.609    -0.7175   2.785150    -0.7167   2.785549    7.53214     0.1188    13.8155 9.1563e+01  -60.77283  -56.26133 1153243112 199.721223    34.2091      76098         21  0.000e+00
     29.676    -0.7173   2.785127    -0.7184   2.785508    7.53221     0.1295    13.8155 9.1563e+01  -60.77283  -56.26133 1153243112 199.721224    34.2085      76099         21  0.000e+00
     29.609    -0.7172   2.785117    -0.7189   2.785497    7.53212     0.0972    13.8155 9.1563e+01  -60.77283  -56.26133 1153243112 199.721224    34.2083      76100         21  0.000e+00
     29.666    -0.7176   2.785117    -0.7192   2.785514    7.53225     0.1080    13.8155 9.1563e+01  -60.77283  -56.26133 1153243112 199.721225    34.2087      76101         21  0.000e+00
     29.609    -0.7172   2.785117    -0.7183   2.785526    7.53212     0.1188    13.8155 9.1563e+01  -60.77283  -56.26133 1153243112 199.721225    34.2083      76102         21  0.000e+00
     29.609    -0.7170   2.785117    -0.7172   2.785526    7.52742     0.0972    13.8155 9.1563e+01  -60.77283  -56.26133 1153243112 199.721226    34.2081      76103         21  0.000e+00
     29.609    -0.7168   2.785117    -0.7175   2.785543    7.52273     0.1618    13.8155 9.1563e+01  -60.77283  -56.26133 1153243112 199.721226    34.2079      76104         21  0.000e+00
     29.523    -0.7170   2.785117    -0.7180   2.785508    7.53201     0.1618    13.8155 9.1563e+01  -60.77283  -56.26133 1153243112 199.721227    34.2082      76105         21  0.000e+00
     29.609    -0.7170   2.785117    -0.7190   2.785514    7.53210     0.0972    13.8155 9.1563e+01  -60.77283  -56.26133 1153243112 199.721227    34.2081      76106         21  0.000e+00
     29.609    -0.7170   2.785117    -0.7194   2.785503    7.53210     0.1295    13.8155 9.1563e+01  -60.77283  -56.26133 1153243112 199.721228    34.2081      76107         21  0.000e+00
     29.523    -0.7172   2.785150    -0.7199   2.785479    7.53201     0.1188    13.8155 9.1563e+01  -60.77283  -56.26133 1153243112 199.721228    34.2088      76108         21  0.000e+00
     29.533    -0.7175   2.785114    -0.7199   2.785474    7.53209     0.0972    13.8155 9.1563e+01  -60.77283  -56.26133 1153243113 199.721229    34.2087      76109         21  0.000e+00
     29.533    -0.7176   2.785094    -0.7201   2.785491    7.53212     0.1403    13.8155 9.1563e+01  -60.77283  -56.26133 1153243113 199.721229    34.2085      76110         21  0.000e+00
     29.533    -0.7173   2.785111    -0.7202   2.785479    7.53207     0.1403    13.8155 9.1563e+01  -60.77283  -56.26133 1153243113 199.721230    34.2084      76111         21  0.000e+00
     29.523    -0.7178   2.785117    -0.7206   2.785508    7.52745     0.1403    13.8155 9.3511e+01  -60.77283  -56.26133 1153243113 199.721230    34.2090      76112         21  0.000e+00
     29.466    -0.7167   2.785117    -0.7211   2.785462    7.53190     0.1833    13.8155 9.3511e+01  -60.77283  -56.26133 1153243113 199.721231    34.2078      76113         21  0.000e+00
     29.533    -0.7173   2.785117    -0.7209   2.785462    7.53206     0.1833    13.8155 9.1563e+01  -60.77283  -56.26133 1153243113 199.721231    34.2085      76114         21  0.000e+00
     29.457    -0.7175   2.785117    -0.7206   2.785450    7.53201     0.1618    13.8155 9.1563e+01  -60.77283  -56.26133 1153243113 199.721232    34.2087      76115         21  0.000e+00
     29.533    -0.7173   2.785101    -0.7203   2.785445    7.53207     0.1510    13.8155 9.1563e+01  -60.77283  -56.26133 1153243113 199.721232    34.2083      76116         21  0.000e+00
     29.466    -0.7176   2.785127    -0.7202   2.785462    7.53203     0.0865    13.8155 9.1563e+01  -60.77283  -56.26133 1153243113 199.721233    34.2090      76117         21  0.000e+00
     29.399    -0.7175   2.785107    -0.7195   2.785491    7.52729     0.1080    13.8155 8.9615e+01  -60.77283  -56.26133 1153243113 199.721233    34.2086      76118         21  0.000e+00
     29.457    -0.7176   2.785127    -0.7197   2.785479    7.52735     0.1188    13.8155 9.1563e+01  -60.77283  -56.26133 1153243113 199.721234    34.2090      76119         21  0.000e+00
     29.466    -0.7172   2.785121    -0.7202   2.785474    7.53197     0.1403    13.8155 9.1563e+01  -60.77283  -56.26133 1153243113 199.721234    34.2084      76120         21  0.000e+00
     29.466    -0.7173   2.785117    -0.7196   2.785474    7.53199     0.1188    13.8155 9.1563e+01  -60.77283  -56.26133 1153243113 199.721235    34.2085      76121         21  0.000e+00
     29.380    -0.7176   2.785101    -0.7200   2.785450    7.53196     0.1510    13.8155 9.1563e+01  -60.77283  -56.26133 1153243113 199.721235    34.2087      76122         21  0.000e+00
     29.399    -0.7182   2.785094    -0.7195   2.785444    7.53208     0.1403    13.8155 9.1563e+01  -60.77283  -56.26133 1153243113 199.721236    34.2093      76123         21  0.000e+00
     29.466    -0.7180   2.785094    -0.7195   2.785445    7.52743     0.1295    13.8155 9.1563e+01  -60.77283  -56.26133 1153243113 199.721236    34.2089      76124         21  0.000e+00
     29.399    -0.7182   2.785094    -0.7193   2.785479    7.53208     0.1188    13.8155 9.1563e+01  -60.77283  -56.26133 1153243113 199.721236    34.2093      76125         21  0.000e+00
     29.380    -0.7184   2.785094    -0.7198   2.785456    7.52741     0.1188    13.8155 9.1563e+01  -60.77283  -56.26133 1153243113 199.721237    34.2095      76126         21  0.000e+00
     29.323    -0.7186   2.785078    -0.7198   2.785444    7.53206     0.1295    13.8155 9.1563e+01  -60.77283  -56.26133 1153243113 199.721237    34.2095      76127         21  0.000e+00
     29.400    -0.7186   2.785088    -0.7195   2.785462    7.53213     0.1403    13.8155 9.1563e+01  -60.77283  -56.26133 1153243113 199.721238    34.2096      76128         21  0.000e+00
     29.380    -0.7186   2.785061    -0.7195   2.785491    7.53213     0.1618    13.8155 9.1563e+01  -60.77283  -56.26133 1153243113 199.721238    34.2092      76129         21  0.000e+00
     29.400    -0.7186   2.785081    -0.7197   2.785479    7.52746     0.1403    13.8155 9.1563e+01  -60.77283  -56.26133 1153243113 199.721239    34.2095      76130         21  0.000e+00
