product_data/regression_test/downloaded_data/MDGS/320620060703/ctd/p6617705.cnv
* Sea-Bird SBE 9 Data File:
* FileName = D:\Data\Raw\p6617705.dat
* Software Version Seasave Win32 V 5.32
* Temperature SN = 1649
* Conductivity SN = 1431
* Number of Bytes Per Scan = 37
* Number of Voltage Words = 5
* Number of Scans Averaged by the Deck Unit = 1
* NMEA Latitude = 60 37.00 S
* NMEA Longitude = 054 37.45 W
* NMEA UTC (Time) = 20:25:33
** Ship:   Nathaniel B. Palmer 
** Cruise:    NBP0606 
# nquan = 15
# nvalues = 1001                        
# units = specified
# name 0 = prDM: Pressure, Digiquartz [db]
# name 1 = t090C: Temperature [ITS-90, deg C]
# name 2 = c0S/m: Conductivity [S/m]
# name 3 = t190C: Temperature, 2 [ITS-90, deg C]
# name 4 = c1S/m: Conductivity, 2 [S/m]
# name 5 = sbeox0ML/L: Oxygen, SBE 43 [ml/l]
# name 6 = flECO-AFL: Fluorescence, Wetlab ECO-AFL/FL [mg/m^3]
# name 7 = bat: Beam Attenuation, Chelsea/Seatech/Wetlab CStar [1/m]
# name 8 = spar: SPAR/Surface Irradiance
# name 9 = latitude: Latitude [deg]
# name 10 = longitude: Longitude [deg]
# name 11 = timeY: Time, System [seconds]
# name 12 = timeJ: Julian Days
# name 13 = sal00: Salinity [PSU]
# name 14 = flag: flag
# span 0 =      3.000,   1003.000       
# span 1 =    -0.6935,     1.8747       
# span 2 =   2.784640,   3.048887       
# span 3 =    -0.6936,     1.8752       
# span 4 =   2.785199,   3.049181       
# span 5 =    4.47303,    7.69618       
# span 6 =    -0.0968,     0.5898       
# span 7 =    13.8155,    13.8155       
# span 8 = 0.0000e+00, 0.0000e+00       
# span 9 =  -60.61667,  -60.61667       
# span 10 =  -54.62417,  -54.62417      
# span 11 = 1153513541, 1153515285      
# span 12 = 202.851164, 202.871370      
# span 13 =    34.1674,    34.7254      
# span 14 = 0.0000e+00, 0.0000e+00      
# interval = decibars: 1                
# start_time = Jul 21 2006 20:25:41
# bad_flag = -9.990e-29
*END*
[from data line 675]
    678.000     0.9248   2.987136     0.9249   2.987457    5.24279    -0.0567    13.8155 0.0000e+00  -60.61667  -54.62417 1153514592 202.863359    34.6472 0.0000e+00
    679.000     0.9247   2.987172     0.9252   2.987526    5.24265    -0.0746    13.8155 0.0000e+00  -60.61667  -54.62417 1153514593 202.863368    34.6473 0.0000e+00
    680.000     0.9280   2.987528     0.9271   2.987754    5.24137    -0.0600    13.8155 0.0000e+00  -60.61667  -54.62417 1153514595 202.863387    34.6477 0.0000e+00
    681.000     0.9267   2.987459     0.9281   2.987878    5.24042    -0.0801    13.8155 0.0000e+00  -60.61667  -54.62417 1153514597 202.863417    34.6478 0.0000e+00
    682.000     0.9312   2.987943     0.9313   2.988259    5.24072    -0.0714    13.8155 0.0000e+00  -60.61667  -54.62417 1153514599 202.863433    34.6484 0.0000e+00
    683.000     0.9335   2.988223     0.9335   2.988529    5.23913    -0.0782    13.8155 0.0000e+00  -60.61667  -54.62417 1153514600 202.863446    34.6488 0.0000e+00
    684.000     0.9339   2.988317     0.9343   2.988655    5.23668    -0.0794    13.8155 0.0000e+00  -60.61667  -54.62417 1153514601 202.863457    34.6490 0.0000e+00
    685.000     0.9344   2.988401     0.9346   2.988729    5.23314    -0.0855    13.8155 0.0000e+00  -60.61667  -54.62417 1153514602 202.863468    34.6491 0.0000e+00
    686.000     0.9346   2.988469     0.9349   2.988805    5.23296    -0.0832    13.8155 0.0000e+00  -60.61667  -54.62417 1153514603 202.863479    34.6492 0.0000e+00
    687.000     0.9347   2.988527     0.9350   2.988863    5.23267    -0.0830    13.8155 0.0000e+00  -60.61667  -54.62417 1153514604 202.863491    34.6492 0.0000e+00
    688.000     0.9347   2.988562     0.9350   2.988900    5.23174    -0.0659    13.8155 0.0000e+00  -60.61667  -54.62417 1153514605 202.863509    34.6491 0.0000e+00
    689.000     0.9352   2.988653     0.9355   2.988989    5.23187    -0.0649    13.8155 0.0000e+00  -60.61667  -54.62417 1153514607 202.863531    34.6492 0.0000e+00
    690.000     0.9355   2.988747     0.9359   2.989079    5.23140    -0.0837    13.8155 0.0000e+00  -60.61667  -54.62417 1153514609 202.863548    34.6495 0.0000e+00
    691.000     0.9357   2.988796     0.9361   2.989159    5.23164    -0.0550    13.8155 0.0000e+00  -60.61667  -54.62417 1153514610 202.863561    34.6494 0.0000e+00
    692.000     0.9356   2.988847     0.9361   2.989196    5.23185    -0.0648    13.8155 0.0000e+00  -60.61667  -54.62417 1153514611 202.863571    34.6497 0.0000e+00
    693.000     0.9361   2.988928     0.9362   2.989254    5.23234    -0.0596    13.8155 0.0000e+00  -60.61667  -54.62417 1153514612 202.863581    34.6495 0.0000e+00
    694.000     0.9360   2.988975     0.9365   2.989328    5.23176    -0.0713    13.8155 0.0000e+00  -60.61667  -54.62417 1153514613 202.863592    34.6497 0.0000e+00
    695.000     0.9372   2.989130     0.9376   2.989484    5.23178    -0.0736    13.8155 0.0000e+00  -60.61667  -54.62417 1153514614 202.863611    34.6498 0.0000e+00
    696.000     0.9376   2.989220     0.9378   2.989553    5.22960    -0.0741    13.8155 0.0000e+00  -60.61667  -54.62417 1153514616 202.863632    34.6500 0.0000e+00
    697.000     0.9372   2.989235     0.9376   2.989582    5.22866    -0.0683    13.8155 0.0000e+00  -60.61667  -54.62417 1153514617 202.863647    34.6501 0.0000e+00
    698.000     0.9377   2.989320     0.9381   2.989666    5.22856    -0.0758    13.8155 0.0000e+00  -60.61667  -54.62417 1153514619 202.863662    34.6501 0.0000e+00
    699.000     0.9394   2.989566     0.9400   2.989931    5.22869    -0.0764    13.8155 0.0000e+00  -60.61667  -54.62417 1153514620 202.863680    34.6507 0.0000e+00
    700.000     0.9402   2.989709     0.9406   2.990053    5.23313    -0.0702    13.8155 0.0000e+00  -60.61667  -54.62417 1153514622 202.863698    34.6510 0.0000e+00
    701.000     0.9370   2.989459     0.9370   2.989814    5.23189    -0.0675    13.8155 0.0000e+00  -60.61667  -54.62417 1153514623 202.863711    34.6508 0.0000e+00
    702.000     0.9312   2.988982     0.9325   2.989448    5.23440    -0.0644    13.8155 0.0000e+00  -60.61667  -54.62417 1153514624 202.863721    34.6509 0.0000e+00
    703.000     0.9312   2.989048     0.9307   2.989358    5.23611    -0.0750    13.8155 0.0000e+00  -60.61667  -54.62417 1153514625 202.863731    34.6510 0.0000e+00
    704.000     0.9186   2.987890     0.9175   2.988159    5.23791    -0.0611    13.8155 0.0000e+00  -60.61667  -54.62417 1153514625 202.863740    34.6500 0.0000e+00
    705.000     0.9046   2.986597     0.9078   2.987318    5.24460    -0.0555    13.8155 0.0000e+00  -60.61667  -54.62417 1153514626 202.863749    34.6484 0.0000e+00
    706.000     0.8982   2.986087     0.8985   2.986444    5.24773    -0.0683    13.8155 0.0000e+00  -60.61667  -54.62417 1153514627 202.863761    34.6488 0.0000e+00
    707.000     0.9073   2.986922     0.9055   2.987139    5.24583    -0.0690    13.8155 0.0000e+00  -60.61667  -54.62417 1153514630 202.863795    34.6483 0.0000e+00
    708.000     0.9144   2.987716     0.9156   2.988212    5.24875    -0.0642    13.8155 0.0000e+00  -60.61667  -54.62417 1153514633 202.863829    34.6495 0.0000e+00
    709.000     0.8900   2.985424     0.8913   2.985953    5.25274    -0.0671    13.8155 0.0000e+00  -60.61667  -54.62417 1153514634 202.863840    34.6474 0.0000e+00
    710.000     0.8938   2.985876     0.8900   2.985940    5.24695    -0.0581    13.8155 0.0000e+00  -60.61667  -54.62417 1153514635 202.863849    34.6472 0.0000e+00
    711.000     0.9335   2.990447     0.9373   2.992089    5.23867    -0.0556    13.8155 0.0000e+00  -60.61667  -54.62417 1153514636 202.863858    34.6566 0.0000e+00
    712.000     0.9893   2.995280     1.0007   2.996357    5.23324    -0.0784    13.8155 0.0000e+00  -60.61667  -54.62417 1153514636 202.863865    34.6598 0.0000e+00
    713.000     1.0064   2.996762     1.0166   2.997968    5.22561    -0.0758    13.8155 0.0000e+00  -60.61667  -54.62417 1153514637 202.863872    34.6583 0.0000e+00
    714.000     1.0055   2.996693     1.0033   2.996827    5.21909    -0.0565    13.8155 0.0000e+00  -60.61667  -54.62417 1153514637 202.863880    34.6577 0.0000e+00
    715.000     0.9988   2.996200     0.9957   2.996104    5.21626    -0.0680    13.8155 0.0000e+00  -60.61667  -54.62417 1153514638 202.863888    34.6594 0.0000e+00
    716.000     0.9982   2.996133     1.0047   2.997005    5.20485    -0.0698    13.8155 0.0000e+00  -60.61667  -54.62417 1153514640 202.863911    34.6588 0.0000e+00
    717.000     0.9682   2.993342     0.9836   2.994972    5.18863    -0.0643    13.8155 0.0000e+00  -60.61667  -54.62417 1153514645 202.863966    34.6573 0.0000e+00
    718.000     1.0268   2.999153     1.0138   2.997793    5.17335    -0.0643    13.8155 0.0000e+00  -60.61667  -54.62417 1153514646 202.863978    34.6659 0.0000e+00
    719.000     1.0760   3.003721     1.0785   3.004172    5.16607    -0.0651    13.8155 0.0000e+00  -60.61667  -54.62417 1153514647 202.863988    34.6667 0.0000e+00
    720.000     1.0777   3.003971     1.0792   3.004310    5.15802    -0.0918    13.8155 0.0000e+00  -60.61667  -54.62417 1153514647 202.863996    34.6679 0.0000e+00
    721.000     1.0823   3.004435     1.0819   3.004655    5.14974    -0.0511    13.8155 0.0000e+00  -60.61667  -54.62417 1153514648 202.864004    34.6682 0.0000e+00
    722.000     1.0976   3.005999     1.0963   3.006051    5.14124    -0.0637    13.8155 0.0000e+00  -60.61667  -54.62417 1153514649 202.864012    34.6708 0.0000e+00
    723.000     1.1051   3.006704     1.1083   3.007250    5.13578    -0.0704    13.8155 0.0000e+00  -60.61667  -54.62417 1153514649 202.864019    34.6708 0.0000e+00
    724.000     1.1299   3.009182     1.1279   3.009149    5.12898    -0.0686    13.8155 0.0000e+00  -60.61667  -54.62417 1153514650 202.864028    34.6742 0.0000e+00
    725.000     1.1106   3.007300     1.1159   3.008116    5.11324    -0.0730    13.8155 0.0000e+00  -60.61667  -54.62417 1153514653 202.864056    34.6720 0.0000e+00
    726.000     1.0978   3.006058     1.0925   3.005869    5.10346    -0.0705    13.8155 0.0000e+00  -60.61667  -54.62417 1153514656 202.864095    34.6710 0.0000e+00
    727.000     1.1279   3.009099     1.1284   3.009150    5.09906    -0.0810    13.8155 0.0000e+00  -60.61667  -54.62417 1153514657 202.864109    34.6756 0.0000e+00
    728.000     1.1519   3.011370     1.1481   3.011244    5.09523    -0.0685    13.8155 0.0000e+00  -60.61667  -54.62417 1153514658 202.864121    34.6766 0.0000e+00
    729.000     1.1432   3.010577     1.1424   3.010742    5.09070    -0.0506    13.8155 0.0000e+00  -60.61667  -54.62417 1153514659 202.864132    34.6762 0.0000e+00
    730.000     1.1375   3.009988     1.1368   3.010340    5.08766    -0.0660    13.8155 0.0000e+00  -60.61667  -54.62417 1153514660 202.864143    34.6744 0.0000e+00
    731.000     1.1280   3.009224     1.1293   3.009570    5.08627    -0.0838    13.8155 0.0000e+00  -60.61667  -54.62417 1153514661 202.864155    34.6755 0.0000e+00
    732.000     1.1213   3.008525     1.1170   3.008506    5.08655    -0.0727    13.8155 0.0000e+00  -60.61667  -54.62417 1153514662 202.864167    34.6732 0.0000e+00
    733.000     1.1141   3.007941     1.1154   3.008363    5.08346    -0.0785    13.8155 0.0000e+00  -60.61667  -54.62417 1153514663 202.864178    34.6738 0.0000e+00
    734.000     1.1521   3.011794     1.1607   3.012584    5.08315    -0.0840    13.8155 0.0000e+00  -60.61667  -54.62417 1153514664 202.864188    34.6802 0.0000e+00
    735.000     1.1672   3.013114     1.1703   3.013627    5.07329    -0.0696    13.8155 0.0000e+00  -60.61667  -54.62417 1153514665 202.864198    34.6787 0.0000e+00
    736.000     1.1990   3.016282     1.1984   3.016306    5.06123    -0.0742    13.8155 0.0000e+00  -60.61667  -54.62417 1153514666 202.864210    34.6830 0.0000e+00
    737.000     1.1525   3.011860     1.1651   3.013203    5.02578    -0.0634    13.8155 0.0000e+00  -60.61667  -54.62417 1153514671 202.864267    34.6796 0.0000e+00
    738.000     1.1715   3.013715     1.1843   3.014984    4.98787    -0.0770    13.8155 0.0000e+00  -60.61667  -54.62417 1153514672 202.864281    34.6790 0.0000e+00
    739.000     1.4523   3.040913     1.4520   3.040651    4.95927    -0.0525    13.8155 0.0000e+00  -60.61667  -54.62417 1153514673 202.864289    34.7104 0.0000e+00
    740.000     1.4580   3.041436     1.4574   3.041498    4.93553    -0.0890    13.8155 0.0000e+00  -60.61667  -54.62417 1153514673 202.864297    34.7080 0.0000e+00
    741.000     1.4521   3.040988     1.4507   3.040970    4.91545    -0.0721    13.8155 0.0000e+00  -60.61667  -54.62417 1153514674 202.864305    34.7095 0.0000e+00
    742.000     1.4519   3.040989     1.4510   3.041046    4.89578    -0.0694    13.8155 0.0000e+00  -60.61667  -54.62417 1153514675 202.864313    34.7099 0.0000e+00
    743.000     1.4598   3.041847     1.4592   3.041821    4.87638    -0.0841    13.8155 0.0000e+00  -60.61667  -54.62417 1153514676 202.864322    34.7123 0.0000e+00
    744.000     1.4740   3.043262     1.4781   3.043754    4.85955    -0.0673    13.8155 0.0000e+00  -60.61667  -54.62417 1153514677 202.864333    34.7146 0.0000e+00
    745.000     1.4836   3.044151     1.4839   3.044363    4.84619    -0.0552    13.8155 0.0000e+00  -60.61667  -54.62417 1153514678 202.864346    34.7150 0.0000e+00
    746.000     1.4692   3.042797     1.4692   3.042968    4.82621    -0.0711    13.8155 0.0000e+00  -60.61667  -54.62417 1153514680 202.864373    34.7152 0.0000e+00
    747.000     1.4621   3.042118     1.4682   3.042855    4.81621    -0.0659    13.8155 0.0000e+00  -60.61667  -54.62417 1153514683 202.864410    34.7158 0.0000e+00
    748.000     1.4819   3.044015     1.4816   3.044213    4.81274    -0.0688    13.8155 0.0000e+00  -60.61667  -54.62417 1153514684 202.864423    34.7168 0.0000e+00
    749.000     1.4797   3.043842     1.4800   3.044113    4.81364    -0.0850    13.8155 0.0000e+00  -60.61667  -54.62417 1153514685 202.864434    34.7169 0.0000e+00
    750.000     1.4818   3.044078     1.4809   3.044250    4.81004    -0.0665    13.8155 0.0000e+00  -60.61667  -54.62417 1153514686 202.864446    34.7171 0.0000e+00
    751.000     1.4799   3.043947     1.4822   3.044407    4.80574    -0.0618    13.8155 0.0000e+00  -60.61667  -54.62417 1153514687 202.864457    34.7174 0.0000e+00
    752.000     1.4918   3.045206     1.4910   3.045241    4.80221    -0.0577    13.8155 0.0000e+00  -60.61667  -54.62417 1153514688 202.864467    34.7199 0.0000e+00
    753.000     1.5049   3.046435     1.5056   3.046726    4.80163    -0.0689    13.8155 0.0000e+00  -60.61667  -54.62417 1153514689 202.864476    34.7198 0.0000e+00
    754.000     1.4976   3.045767     1.4999   3.046257    4.79765    -0.0677    13.8155 0.0000e+00  -60.61667  -54.62417 1153514690 202.864485    34.7191 0.0000e+00
    755.000     1.4987   3.046021     1.5000   3.046318    4.79293    -0.0719    13.8155 0.0000e+00  -60.61667  -54.62417 1153514691 202.864496    34.7212 0.0000e+00
    756.000     1.5055   3.046691     1.5071   3.047091    4.78706    -0.0692    13.8155 0.0000e+00  -60.61667  -54.62417 1153514693 202.864519    34.7216 0.0000e+00
    757.000     1.4986   3.046043     1.5018   3.046587    4.78428    -0.0735    13.8155 0.0000e+00  -60.61667  -54.62417 1153514696 202.864554    34.7212 0.0000e+00
    758.000     1.5123   3.047442     1.5139   3.047829    4.78103    -0.0758    13.8155 0.0000e+00  -60.61667  -54.62417 1153514697 202.864568    34.7228 0.0000e+00
    759.000     1.5140   3.047698     1.5184   3.048312    4.77787    -0.0635    13.8155 0.0000e+00  -60.61667  -54.62417 1153514698 202.864580    34.7239 0.0000e+00
    760.000     1.5219   3.048476     1.5221   3.048737    4.77601    -0.0687    13.8155 0.0000e+00  -60.61667  -54.62417 1153514699 202.864591    34.7242 0.0000e+00
    761.000     1.5247   3.048815     1.5248   3.049071    4.77291    -0.0710    13.8155 0.0000e+00  -60.61667  -54.62417 1153514700 202.864604    34.7248 0.0000e+00
    762.000     1.5250   3.048887     1.5254   3.049181    4.77252    -0.0719    13.8155 0.0000e+00  -60.61667  -54.62417 1153514701 202.864619    34.7250 0.0000e+00
    763.000     1.5233   3.048797     1.5234   3.049069    4.76975    -0.0819    13.8155 0.0000e+00  -60.61667  -54.62417 1153514703 202.864634    34.7254 0.0000e+00
    764.000     1.5215   3.048673     1.5214   3.048933    4.76824    -0.0687    13.8155 0.0000e+00  -60.61667  -54.62417 1153514704 202.864647    34.7254 0.0000e+00
    765.000     1.5175   3.048321     1.5169   3.048573    4.76966    -0.0623    13.8155 0.0000e+00  -60.61667  -54.62417 1153514705 202.864658    34.7248 0.0000e+00
    766.000     1.5068   3.047356     1.5077   3.047755    4.77326    -0.0778    13.8155 0.0000e+00  -60.61667  -54.62417 1153514706 202.864668    34.7242 0.0000e+00
    767.000     1.5029   3.047044     1.5039   3.047424    4.77663    -0.0759    13.8155 0.0000e+00  -60.61667  -54.62417 1153514707 202.864684    34.7241 0.0000e+00
    768.000     1.5130   3.048032     1.5106   3.048085    4.78635    -0.0739    13.8155 0.0000e+00  -60.61667  -54.62417 1153514710 202.864718    34.7246 0.0000e+00
    769.000     1.5012   3.046977     1.5005   3.047211    4.78660    -0.0778    13.8155 0.0000e+00  -60.61667  -54.62417 1153514711 202.864733    34.7240 0.0000e+00
    770.000     1.4990   3.046832     1.4988   3.047095    4.79119    -0.0651    13.8155 0.0000e+00  -60.61667  -54.62417 1153514712 202.864746    34.7242 0.0000e+00
    771.000     1.4882   3.046099     1.4932   3.046500    4.79680    -0.0798    13.8155 0.0000e+00  -60.61667  -54.62417 1153514713 202.864757    34.7234 0.0000e+00
    772.000     1.4304   3.040316     1.4301   3.040620    4.80227    -0.0766    13.8155 0.0000e+00  -60.61667  -54.62417 1153514714 202.864769    34.7194 0.0000e+00
    773.000     1.4309   3.040392     1.4340   3.041073    4.81183    -0.0632    13.8155 0.0000e+00  -60.61667  -54.62417 1153514715 202.864779    34.7174 0.0000e+00
