product_data/regression_test/downloaded_data/MDGS/320620060703/ctd/p6615403.ros
* Sea-Bird SBE 9 Data File:
* FileName = D:\Data\Raw\p6615403.dat
* Software Version Seasave Win32 V 5.32
* Temperature SN = 1649
* Conductivity SN = 1431
* Number of Bytes Per Scan = 37
* Number of Voltage Words = 5
* Number of Scans Averaged by the Deck Unit = 1
* NMEA Latitude = 60 47.74 S
* NMEA Longitude = 056 12.58 W
* NMEA UTC (Time) = 20:02:19
** Ship:   Nathaniel B. Palmer 
** Cruise:    NBP0606 
# nquan = 17
# nvalues = 192                     
# units = specified
# name 0 = prDM: Pressure, Digiquartz [db]
# name 1 = t090C: Temperature [ITS-90, deg C]
# name 2 = c0S/m: Conductivity [S/m]
# name 3 = t190C: Temperature, 2 [ITS-90, deg C]
# name 4 = c1S/m: Conductivity, 2 [S/m]
# name 5 = sbeox0ML/L: Oxygen, SBE 43 [ml/l]
# name 6 = flECO-AFL: Fluorescence, Wetlab ECO-AFL/FL [mg/m^3]
# name 7 = bat: Beam Attenuation, Chelsea/Seatech/Wetlab CStar [1/m]
# name 8 = spar: SPAR/Surface Irradiance
# name 9 = latitude: Latitude [deg]
# name 10 = longitude: Longitude [deg]
# name 11 = timeY: Time, System [seconds]
# name 12 = timeJ: Julian Days
# name 13 = sal00: Salinity [PSU]
# name 14 = scan: scan number
# name 15 = nbf: number of bottles fired
# name 16 = flag:  0.000e+00
# interval = seconds: 0.0416667                   
# start_time = Jul 18 2006 20:02:27
*END*
[from data line 171]
     10.366    -0.7482   2.786628    -0.7477   2.787007    7.43634     0.0112    13.8155 0.0000e+00  -60.79567  -56.20967 1153253559 199.842137    34.2760      14729          4  0.000e+00
     10.347    -0.7484   2.786614    -0.7477   2.786984    7.43635     0.0219    13.8155 0.0000e+00  -60.79567  -56.20967 1153253559 199.842138    34.2760      14730          4  0.000e+00
     10.347    -0.7481   2.786591    -0.7477   2.786990    7.43633     0.0650    13.8155 0.0000e+00  -60.79567  -56.20967 1153253559 199.842138    34.2754      14731          4  0.000e+00
     10.366    -0.7486   2.786588    -0.7479   2.787019    7.43643     0.0650    13.8155 0.0000e+00  -60.79567  -56.20967 1153253559 199.842139    34.2759      14732          4  0.000e+00
     10.271    -0.7479   2.786601    -0.7476   2.787013    7.43621     0.0219    13.8155 0.0000e+00  -60.79567  -56.20967 1153253559 199.842139    34.2754      14733          4  0.000e+00
     10.347    -0.7479   2.786608    -0.7482   2.787007    7.43628     0.0219    13.8155 0.0000e+00  -60.79567  -56.20967 1153253559 199.842140    34.2753      14734          4  0.000e+00
     10.300    -0.7482   2.786611    -0.7481   2.786984    7.43628     0.0542    13.8155 0.0000e+00  -60.79567  -56.20967 1153253559 199.842140    34.2758      14735          4  0.000e+00
     10.271    -0.7480   2.786624    -0.7477   2.786978    7.43622     0.0865    13.8155 0.0000e+00  -60.79567  -56.20967 1153253559 199.842141    34.2758      14736          4  0.000e+00
     10.300    -0.7476   2.786634    -0.7481   2.786990    7.43617     0.0757    13.8155 0.0000e+00  -60.79567  -56.20967 1153253559 199.842141    34.2754      14737          4  0.000e+00
     10.271    -0.7480   2.786631    -0.7477   2.787001    7.43621     0.0542    13.8155 0.0000e+00  -60.79567  -56.20967 1153253559 199.842142    34.2759      14738          4  0.000e+00
     10.271    -0.7482   2.786611    -0.7474   2.786984    7.43625     0.0972    13.8155 0.0000e+00  -60.79567  -56.20967 1153253559 199.842142    34.2759      14739          4  0.000e+00
     10.233    -0.7480   2.786611    -0.7476   2.786995    7.43153     0.0865    13.8155 0.0000e+00  -60.79567  -56.20967 1153253559 199.842143    34.2757      14740          4  0.000e+00
     10.204    -0.7479   2.786624    -0.7480   2.787024    7.43613     0.1080    13.8155 0.0000e+00  -60.79567  -56.20967 1153253559 199.842143    34.2757      14741          4  0.000e+00
     10.271    -0.7490   2.786598    -0.7482   2.787024    7.43171     0.1510    13.8155 0.0000e+00  -60.79567  -56.20967 1153253559 199.842144    34.2765      14742          4  0.000e+00
     10.157    -0.7479   2.786588    -0.7481   2.786990    7.43610     0.0865    13.8155 0.0000e+00  -60.79567  -56.20967 1153253559 199.842144    34.2752      14743          4  0.000e+00
     10.204    -0.7481   2.786601    -0.7479   2.786978    7.43151     0.0542    13.8155 0.0000e+00  -60.79567  -56.20967 1153253559 199.842145    34.2756      14744          4  0.000e+00
     10.204    -0.7477   2.786595    -0.7481   2.786978    7.43146     0.0542    13.8155 0.0000e+00  -60.79567  -56.20967 1153253559 199.842145    34.2751      14745          4  0.000e+00
     10.157    -0.7481   2.786601    -0.7478   2.786978    7.43146     0.0542    13.8155 0.0000e+00  -60.79567  -56.20967 1153253559 199.842146    34.2756      14746          4  0.000e+00
     10.204    -0.7480   2.786624    -0.7477   2.786978    7.43149     0.1080    13.8155 0.0000e+00  -60.79567  -56.20967 1153253559 199.842146    34.2759      14747          4  0.000e+00
     10.090    -0.7484   2.786618    -0.7479   2.786990    7.43142     0.1188    13.8155 0.0000e+00  -60.79567  -56.20967 1153253560 199.842147    34.2762      14748          4  0.000e+00
     10.138    -0.7479   2.786644    -0.7474   2.786978    7.43604     0.0757    13.8155 0.0000e+00  -60.79567  -56.20967 1153253560 199.842147    34.2760      14749          4  0.000e+00
