product_data/regression_test/downloaded_data/MDGS/320620060703/ctd/p6618601.ros
* Sea-Bird SBE 9 Data File:
* FileName = D:\Data\Raw\p6618601.dat
* Software Version Seasave Win32 V 5.32
* Temperature SN = 1649
* Conductivity SN = 1431
* Number of Bytes Per Scan = 37
* Number of Voltage Words = 5
* Number of Scans Averaged by the Deck Unit = 1
* NMEA Latitude = 60 48.00 S
* NMEA Longitude = 054 03.34 W
* NMEA UTC (Time) = 00:01:20
** Ship:   Nathaniel B. Palmer 
** Cruise:    NBP0606 
# nquan = 17
# nvalues = 1176                    
# units = specified
# name 0 = prDM: Pressure, Digiquartz [db]
# name 1 = t090C: Temperature [ITS-90, deg C]
# name 2 = c0S/m: Conductivity [S/m]
# name 3 = t190C: Temperature, 2 [ITS-90, deg C]
# name 4 = c1S/m: Conductivity, 2 [S/m]
# name 5 = sbeox0ML/L: Oxygen, SBE 43 [ml/l]
# name 6 = flECO-AFL: Fluorescence, Wetlab ECO-AFL/FL [mg/m^3]
# name 7 = bat: Beam Attenuation, Chelsea/Seatech/Wetlab CStar [1/m]
# name 8 = spar: SPAR/Surface Irradiance
# name 9 = latitude: Latitude [deg]
# name 10 = longitude: Longitude [deg]
# name 11 = timeY: Time, System [seconds]
# name 12 = timeJ: Julian Days
# name 13 = sal00: Salinity [PSU]
# name 14 = scan: scan number
# name 15 = nbf: number of bottles fired
# name 16 = flag:  0.000e+00
# interval = seconds: 0.0416667                   
# start_time = Jul 23 2006 00:01:28
*END*
[from data line 681]
    150.332    -0.8425   2.789710    -0.8430   2.790100    7.11430    -0.0642    13.8155 0.0000e+00  -60.80000  -54.05567 1153616389 204.041557    34.3379      84061         14  0.000e+00
    150.332    -0.8423   2.789723    -0.8428   2.790076    7.11426    -0.0749    13.8155 0.0000e+00  -60.80000  -54.05567 1153616389 204.041557    34.3379      84062         14  0.000e+00
    150.332    -0.8427   2.789714    -0.8429   2.790071    7.11431    -0.0857    13.8155 0.0000e+00  -60.80000  -54.05567 1153616389 204.041558    34.3381      84063         14  0.000e+00
    150.332    -0.8422   2.789710    -0.8424   2.790094    7.11425    -0.0104    13.8155 0.0000e+00  -60.80000  -54.05567 1153616389 204.041558    34.3375      84064         14  0.000e+00
    150.332    -0.8422   2.789704    -0.8428   2.790100    7.11426    -0.0426    13.8155 0.0000e+00  -60.80000  -54.05567 1153616389 204.041559    34.3374      84065         14  0.000e+00
    100.070    -0.9410   2.776401    -0.9402   2.776839    7.39560    -0.0104    13.8155 0.0000e+00  -60.80000  -54.05567 1153616470 204.042495    34.3005      86007         15  0.000e+00
    100.137    -0.9410   2.776414    -0.9403   2.776833    7.40039     0.0219    13.8155 0.0000e+00  -60.80000  -54.05567 1153616470 204.042496    34.3005      86008         15  0.000e+00
    100.070    -0.9413   2.776421    -0.9403   2.776839    7.40037     0.0112    13.8155 0.0000e+00  -60.80000  -54.05567 1153616470 204.042496    34.3011      86009         15  0.000e+00
    100.070    -0.9405   2.776421    -0.9403   2.776833    7.40025     0.0219    13.8155 0.0000e+00  -60.80000  -54.05567 1153616470 204.042497    34.3002      86010         15  0.000e+00
    100.070    -0.9415   2.776408    -0.9400   2.776851    7.40039     0.0112    13.8155 0.0000e+00  -60.80000  -54.05567 1153616470 204.042497    34.3010      86011         15  0.000e+00
    100.070    -0.9404   2.776401    -0.9403   2.776798    7.40024     0.0004    13.8155 0.0000e+00  -60.80000  -54.05567 1153616470 204.042498    34.2998      86012         15  0.000e+00
    100.004    -0.9408   2.776401    -0.9403   2.776856    7.40023     0.0004    13.8155 0.0000e+00  -60.80000  -54.05567 1153616470 204.042498    34.3003      86013         15  0.000e+00
    100.070    -0.9412   2.776382    -0.9402   2.776822    7.40037    -0.0319    13.8155 0.0000e+00  -60.80000  -54.05567 1153616470 204.042499    34.3004      86014         15  0.000e+00
    100.004    -0.9410   2.776395    -0.9406   2.776822    7.40026    -0.0749    13.8155 0.0000e+00  -60.80000  -54.05567 1153616470 204.042499    34.3004      86015         15  0.000e+00
    100.004    -0.9411   2.776381    -0.9405   2.776793    7.40030    -0.0749    13.8155 0.0000e+00  -60.80000  -54.05567 1153616470 204.042500    34.3003      86016         15  0.000e+00
     99.965    -0.9413   2.776378    -0.9410   2.776781    7.40029    -0.0749    13.8155 0.0000e+00  -60.80000  -54.05567 1153616470 204.042500    34.3006      86017         15  0.000e+00
    100.004    -0.9410   2.776378    -0.9410   2.776787    7.40028    -0.0857    13.8155 0.0000e+00  -60.80000  -54.05567 1153616470 204.042500    34.3001      86018         15  0.000e+00
    100.004    -0.9409   2.776428    -0.9408   2.776781    7.40022    -0.0319    13.8155 0.0000e+00  -60.80000  -54.05567 1153616470 204.042501    34.3007      86019         15  0.000e+00
     99.927    -0.9413   2.776378    -0.9410   2.776781    7.40024     0.0112    13.8155 0.0000e+00  -60.80000  -54.05567 1153616470 204.042501    34.3005      86020         15  0.000e+00
     99.927    -0.9410   2.776388    -0.9406   2.776735    7.40019     0.0219    13.8155 0.0000e+00  -60.80000  -54.05567 1153616470 204.042502    34.3003      86021         15  0.000e+00
     99.927    -0.9412   2.776401    -0.9410   2.776764    7.40021    -0.0211    13.8155 0.0000e+00  -60.80000  -54.05567 1153616470 204.042502    34.3007      86022         15  0.000e+00
     99.927    -0.9408   2.776381    -0.9408   2.776781    7.40017    -0.0319    13.8155 0.0000e+00  -60.80000  -54.05567 1153616470 204.042503    34.3000      86023         15  0.000e+00
     99.927    -0.9412   2.776395    -0.9410   2.776735    7.40022     0.0112    13.8155 0.0000e+00  -60.80000  -54.05567 1153616470 204.042503    34.3006      86024         15  0.000e+00
     99.861    -0.9405   2.776381    -0.9408   2.776740    7.40006     0.0112    13.8155 0.0000e+00  -60.80000  -54.05567 1153616470 204.042504    34.2997      86025         15  0.000e+00
     99.832    -0.9410   2.776378    -0.9417   2.776729    7.40010    -0.0426    13.8155 0.0000e+00  -60.80000  -54.05567 1153616470 204.042504    34.3002      86026         15  0.000e+00
     99.927    -0.9413   2.776395    -0.9413   2.776752    7.40024    -0.0857    13.8155 0.0000e+00  -60.80000  -54.05567 1153616471 204.042505    34.3008      86027         15  0.000e+00
     99.861    -0.9410   2.776385    -0.9410   2.776752    7.40012    -0.0857    13.8155 0.0000e+00  -60.80000  -54.05567 1153616471 204.042505    34.3003      86028         15  0.000e+00
     99.861    -0.9410   2.776395    -0.9411   2.776729    7.40012    -0.0749    13.8155 0.0000e+00  -60.80000  -54.05567 1153616471 204.042506    34.3005      86029         15  0.000e+00
     99.861    -0.9412   2.776401    -0.9410   2.776740    7.40014    -0.0534    13.8155 0.0000e+00  -60.80000  -54.05567 1153616471 204.042506    34.3008      86030         15  0.000e+00
     99.861    -0.9408   2.776401    -0.9411   2.776752    7.40009    -0.0104    13.8155 0.0000e+00  -60.80000  -54.05567 1153616471 204.042507    34.3003      86031         15  0.000e+00
     99.794    -0.9412   2.776381    -0.9413   2.776729    7.40483    -0.0426    13.8155 0.0000e+00  -60.80000  -54.05567 1153616471 204.042507    34.3005      86032         15  0.000e+00
     99.861    -0.9411   2.776378    -0.9411   2.776764    7.40489    -0.0426    13.8155 0.0000e+00  -60.80000  -54.05567 1153616471 204.042508    34.3004      86033         15  0.000e+00
     99.794    -0.9413   2.776378    -0.9410   2.776758    7.40484    -0.0211    13.8155 0.0000e+00  -60.80000  -54.05567 1153616471 204.042508    34.3006      86034         15  0.000e+00
     99.794    -0.9412   2.776358    -0.9408   2.776758    7.40484    -0.0426    13.8155 0.0000e+00  -60.80000  -54.05567 1153616471 204.042509    34.3002      86035         15  0.000e+00
     99.756    -0.9413   2.776355    -0.9414   2.776752    7.40482    -0.0964    13.8155 0.0000e+00  -60.80000  -54.05567 1153616471 204.042509    34.3003      86036         15  0.000e+00
     99.794    -0.9415   2.776342    -0.9410   2.776752    7.40490    -0.0964    13.8155 0.0000e+00  -60.80000  -54.05567 1153616471 204.042510    34.3004      86037         15  0.000e+00
     99.794    -0.9410   2.776348    -0.9410   2.776787    7.40482    -0.0426    13.8155 0.0000e+00  -60.80000  -54.05567 1153616471 204.042510    34.2999      86038         15  0.000e+00
     99.718    -0.9416   2.776335    -0.9408   2.776764    7.40484    -0.0211    13.8155 0.0000e+00  -60.80000  -54.05567 1153616471 204.042511    34.3004      86039         15  0.000e+00
     99.794    -0.9417   2.776365    -0.9406   2.776787    7.40491    -0.0534    13.8155 0.0000e+00  -60.80000  -54.05567 1153616471 204.042511    34.3008      86040         15  0.000e+00
     99.718    -0.9413   2.776329    -0.9413   2.776787    7.40480    -0.0211    13.8155 0.0000e+00  -60.80000  -54.05567 1153616471 204.042512    34.3000      86041         15  0.000e+00
     99.718    -0.9413   2.776362    -0.9408   2.776758    7.40478     0.0004    13.8155 0.0000e+00  -60.80000  -54.05567 1153616471 204.042512    34.3005      86042         15  0.000e+00
     99.718    -0.9411   2.776342    -0.9411   2.776769    7.40477     0.0004    13.8155 0.0000e+00  -60.80000  -54.05567 1153616471 204.042513    34.3000      86043         15  0.000e+00
     99.651    -0.9416   2.776348    -0.9405   2.776764    7.40476     0.0219    13.8155 0.0000e+00  -60.80000  -54.05567 1153616471 204.042513    34.3006      86044         15  0.000e+00
     99.718    -0.9417   2.776355    -0.9406   2.776775    7.40483     0.0112    13.8155 0.0000e+00  -60.80000  -54.05567 1153616471 204.042514    34.3008      86045         15  0.000e+00
     99.689    -0.9413   2.776372    -0.9410   2.776735    7.40474    -0.0104    13.8155 0.0000e+00  -60.80000  -54.05567 1153616471 204.042514    34.3006      86046         15  0.000e+00
     99.651    -0.9413   2.776342    -0.9408   2.776764    7.40473    -0.0104    13.8155 0.0000e+00  -60.80000  -54.05567 1153616471 204.042514    34.3003      86047         15  0.000e+00
     99.651    -0.9421   2.776332    -0.9408   2.776758    7.40958    -0.0319    13.8155 0.0000e+00  -60.80000  -54.05567 1153616471 204.042515    34.3009      86048         15  0.000e+00
     99.718    -0.9419   2.776348    -0.9414   2.776769    7.40962    -0.0426    13.8155 0.0000e+00  -60.80000  -54.05567 1153616471 204.042515    34.3010      86049         15  0.000e+00
     99.651    -0.9410   2.776355    -0.9410   2.776758    7.40468    -0.0211    13.8155 0.0000e+00  -60.80000  -54.05567 1153616471 204.042516    34.3001      86050         15  0.000e+00
     99.718    -0.9416   2.776335    -0.9411   2.776769    7.40484    -0.0319    13.8155 0.0000e+00  -60.80000  -54.05567 1153616471 204.042516    34.3004      86051         15  0.000e+00
     99.718    -0.9418   2.776332    -0.9408   2.776735    7.40487    -0.0104    13.8155 0.0000e+00  -60.80000  -54.05567 1153616472 204.042517    34.3006      86052         15  0.000e+00
     99.718    -0.9413   2.776332    -0.9406   2.776752    7.40480    -0.0426    13.8155 0.0000e+00  -60.80000  -54.05567 1153616472 204.042517    34.3001      86053         15  0.000e+00
     99.794    -0.9416   2.776368    -0.9408   2.776775    7.40963    -0.0104    13.8155 0.0000e+00  -60.80000  -54.05567 1153616472 204.042518    34.3008      86054         15  0.000e+00
     99.689    -0.9413   2.776342    -0.9410   2.776781    7.40951    -0.0319    13.8155 0.0000e+00  -60.80000  -54.05567 1153616472 204.042518    34.3002      86055         15  0.000e+00
    100.139    -0.9404   2.776438    -0.9410   2.776752    7.40976    -0.0642    13.8155 0.0000e+00  -60.80000  -54.05567 1153616475 204.042554    34.3001      86130         16  0.000e+00
    100.349    -0.9401   2.776388    -0.9413   2.776770    7.40997    -0.0749    13.8155 0.0000e+00  -60.80000  -54.05567 1153616475 204.042555    34.2991      86131         16  0.000e+00
    100.283    -0.9404   2.776415    -0.9413   2.776758    7.40992    -0.0857    13.8155 0.0000e+00  -60.80000  -54.05567 1153616475 204.042555    34.2997      86132         16  0.000e+00
    100.349    -0.9408   2.776421    -0.9410   2.776741    7.41005    -0.0534    13.8155 0.0000e+00  -60.80000  -54.05567 1153616475 204.042556    34.3003      86133         16  0.000e+00
    100.426    -0.9406   2.776405    -0.9413   2.776746    7.41011    -0.0426    13.8155 0.0000e+00  -60.80000  -54.05567 1153616475 204.042556    34.2998      86134         16  0.000e+00
    100.283    -0.9405   2.776365    -0.9413   2.776729    7.40998    -0.0426    13.8155 0.0000e+00  -60.80000  -54.05567 1153616475 204.042557    34.2993      86135         16  0.000e+00
    100.426    -0.9407   2.776355    -0.9411   2.776741    7.41017    -0.0426    13.8155 0.0000e+00  -60.80000  -54.05567 1153616475 204.042557    34.2993      86136         16  0.000e+00
    100.321    -0.9408   2.776355    -0.9411   2.776729    7.41007    -0.0534    13.8155 0.0000e+00  -60.80000  -54.05567 1153616475 204.042558    34.2994      86137         16  0.000e+00
    100.426    -0.9411   2.776388    -0.9414   2.776723    7.40546    -0.0642    13.8155 0.0000e+00  -60.80000  -54.05567 1153616475 204.042558    34.3002      86138         16  0.000e+00
    100.426    -0.9407   2.776382    -0.9406   2.776741    7.41015    -0.0534    13.8155 0.0000e+00  -60.80000  -54.05567 1153616475 204.042559    34.2996      86139         16  0.000e+00
    100.426    -0.9410   2.776359    -0.9413   2.776752    7.41020    -0.0104    13.8155 0.0000e+00  -60.80000  -54.05567 1153616475 204.042559    34.2996      86140         16  0.000e+00
    100.350    -0.9408   2.776375    -0.9411   2.776752    7.41009    -0.0319    13.8155 0.0000e+00  -60.80000  -54.05567 1153616475 204.042560    34.2997      86141         16  0.000e+00
    100.493    -0.9410   2.776342    -0.9410   2.776758    7.41029     0.0004    13.8155 0.0000e+00  -60.80000  -54.05567 1153616475 204.042560    34.2994      86142         16  0.000e+00
    100.426    -0.9415   2.776382    -0.9413   2.776729    7.41026     0.0327    13.8155 0.0000e+00  -60.80000  -54.05567 1153616475 204.042561    34.3004      86143         16  0.000e+00
    100.493    -0.9407   2.776401    -0.9408   2.776764    7.41020     0.0112    13.8155 0.0000e+00  -60.80000  -54.05567 1153616475 204.042561    34.2999      86144         16  0.000e+00
    100.426    -0.9408   2.776382    -0.9410   2.776781    7.41016    -0.0104    13.8155 0.0000e+00  -60.80000  -54.05567 1153616475 204.042562    34.2997      86145         16  0.000e+00
    100.493    -0.9407   2.776408    -0.9406   2.776781    7.41019     0.0004    13.8155 0.0000e+00  -60.80000  -54.05567 1153616475 204.042562    34.2999      86146         16  0.000e+00
    100.464    -0.9407   2.776405    -0.9406   2.776781    7.41017    -0.0319    13.8155 0.0000e+00  -60.80000  -54.05567 1153616475 204.042563    34.2999      86147         16  0.000e+00
    100.560    -0.9408   2.776415    -0.9405   2.776799    7.41028    -0.0749    13.8155 0.0000e+00  -60.80000  -54.05567 1153616476 204.042563    34.3001      86148         16  0.000e+00
    100.493    -0.9407   2.776392    -0.9410   2.776787    7.41021    -0.0642    13.8155 0.0000e+00  -60.80000  -54.05567 1153616476 204.042564    34.2997      86149         16  0.000e+00
    100.493    -0.9408   2.776428    -0.9411   2.776799    7.41020    -0.0211    13.8155 0.0000e+00  -60.80000  -54.05567 1153616476 204.042564    34.3003      86150         16  0.000e+00
    100.560    -0.9408   2.776444    -0.9408   2.776770    7.41026    -0.0749    13.8155 0.0000e+00  -60.80000  -54.05567 1153616476 204.042565    34.3005      86151         16  0.000e+00
    100.493    -0.9407   2.776411    -0.9408   2.776752    7.41020    -0.0534    13.8155 0.0000e+00  -60.80000  -54.05567 1153616476 204.042565    34.3000      86152         16  0.000e+00
    100.560    -0.9404   2.776415    -0.9408   2.776770    7.41021    -0.0319    13.8155 0.0000e+00  -60.80000  -54.05567 1153616476 204.042566    34.2996      86153         16  0.000e+00
    100.560    -0.9404   2.776421    -0.9411   2.776781    7.40547    -0.0426    13.8155 0.0000e+00  -60.80000  -54.05567 1153616476 204.042566    34.2997      86154         16  0.000e+00
    100.560    -0.9408   2.776438    -0.9408   2.776781    7.41026    -0.0211    13.8155 0.0000e+00  -60.80000  -54.05567 1153616476 204.042567    34.3004      86155         16  0.000e+00
    100.560    -0.9407   2.776411    -0.9406   2.776781    7.41026     0.0004    13.8155 0.0000e+00  -60.80000  -54.05567 1153616476 204.042567    34.2999      86156         16  0.000e+00
    100.560    -0.9407   2.776401    -0.9411   2.776758    7.41027    -0.0211    13.8155 0.0000e+00  -60.80000  -54.05567 1153616476 204.042568    34.2998      86157         16  0.000e+00
    100.636    -0.9405   2.776451    -0.9411   2.776770    7.41029    -0.0642    13.8155 0.0000e+00  -60.80000  -54.05567 1153616476 204.042568    34.3002      86158         16  0.000e+00
    100.531    -0.9407   2.776451    -0.9411   2.776746    7.41021    -0.0534    13.8155 0.0000e+00  -60.80000  -54.05567 1153616476 204.042568    34.3005      86159         16  0.000e+00
