product_data/regression_test/downloaded_data/MDGS/320620060703/ctd/p6611601.ros
* Sea-Bird SBE 9 Data File:
* FileName = D:\Data\Raw\p6611601.dat
* Software Version Seasave Win32 V 5.32
* Temperature SN = 1649
* Conductivity SN = 1431
* Number of Bytes Per Scan = 37
* Number of Voltage Words = 5
* Number of Scans Averaged by the Deck Unit = 1
* NMEA Latitude = 61 34.98 S
* NMEA Longitude = 054 52.49 W
* NMEA UTC (Time) = 12:09:00
** Ship:   Nathaniel B. Palmer 
** Cruise:    NBP0606 
# nquan = 17
# nvalues = 1176                    
# units = specified
# name 0 = prDM: Pressure, Digiquartz [db]
# name 1 = t090C: Temperature [ITS-90, deg C]
# name 2 = c0S/m: Conductivity [S/m]
# name 3 = t190C: Temperature, 2 [ITS-90, deg C]
# name 4 = c1S/m: Conductivity, 2 [S/m]
# name 5 = sbeox0ML/L: Oxygen, SBE 43 [ml/l]
# name 6 = flECO-AFL: Fluorescence, Wetlab ECO-AFL/FL [mg/m^3]
# name 7 = bat: Beam Attenuation, Chelsea/Seatech/Wetlab CStar [1/m]
# name 8 = spar: SPAR/Surface Irradiance
# name 9 = latitude: Latitude [deg]
# name 10 = longitude: Longitude [deg]
# name 11 = timeY: Time, System [seconds]
# name 12 = timeJ: Julian Days
# name 13 = sal00: Salinity [PSU]
# name 14 = scan: scan number
# name 15 = nbf: number of bottles fired
# name 16 = flag:  0.000e+00
# interval = seconds: 0.0416667                   
# start_time = Jul 14 2006 12:09:08
*END*
[from data line 256]
    500.410    -0.4921   2.846582    -0.4921   2.846984    6.47417    -0.1180    13.8155 1.5585e+01  -61.58300  -54.87483 1152881221 195.532674    34.4934      54601          6  0.000e+00
    500.439    -0.4922   2.846582    -0.4922   2.846990    6.47915    -0.0749    13.8155 1.5585e+01  -61.58300  -54.87483 1152881221 195.532674    34.4935      54602          6  0.000e+00
    500.439    -0.4924   2.846558    -0.4916   2.847013    6.47919    -0.0964    13.8155 1.5585e+01  -61.58300  -54.87483 1152881222 195.532675    34.4934      54603          6  0.000e+00
    500.410    -0.4922   2.846545    -0.4921   2.847001    6.47915    -0.0749    13.8155 1.5585e+01  -61.58300  -54.87483 1152881222 195.532675    34.4931      54604          6  0.000e+00
    500.439    -0.4924   2.846585    -0.4921   2.846996    6.47917    -0.1180    13.8155 1.5585e+01  -61.58300  -54.87483 1152881222 195.532676    34.4938      54605          6  0.000e+00
    500.439    -0.4924   2.846592    -0.4918   2.846996    6.47917    -0.1072    13.8155 1.5585e+01  -61.58300  -54.87483 1152881222 195.532676    34.4939      54606          6  0.000e+00
    500.439    -0.4924   2.846562    -0.4915   2.846996    6.47919    -0.0964    13.8155 1.5585e+01  -61.58300  -54.87483 1152881222 195.532677    34.4935      54607          6  0.000e+00
    500.410    -0.4921   2.846595    -0.4922   2.847013    6.47910    -0.1180    13.8155 1.5585e+01  -61.58300  -54.87483 1152881222 195.532677    34.4936      54608          6  0.000e+00
    500.439    -0.4920   2.846585    -0.4919   2.846984    6.47911    -0.0857    13.8155 1.5585e+01  -61.58300  -54.87483 1152881222 195.532677    34.4933      54609          6  0.000e+00
    500.439    -0.4922   2.846552    -0.4921   2.847007    6.47917    -0.0857    13.8155 1.5585e+01  -61.58300  -54.87483 1152881222 195.532678    34.4931      54610          6  0.000e+00
    500.487    -0.4920   2.846552    -0.4922   2.846984    6.47423    -0.0964    13.8155 1.5585e+01  -61.58300  -54.87483 1152881222 195.532678    34.4928      54611          6  0.000e+00
    500.439    -0.4921   2.846572    -0.4919   2.846990    6.47420    -0.0964    13.8155 1.5585e+01  -61.58300  -54.87483 1152881222 195.532679    34.4933      54612          6  0.000e+00
    500.439    -0.4922   2.846568    -0.4919   2.846996    6.47916    -0.1180    13.8155 1.5585e+01  -61.58300  -54.87483 1152881222 195.532679    34.4934      54613          6  0.000e+00
    500.487    -0.4920   2.846588    -0.4923   2.846990    6.47915    -0.1395    13.8155 1.5585e+01  -61.58300  -54.87483 1152881222 195.532680    34.4933      54614          6  0.000e+00
    500.439    -0.4922   2.846575    -0.4922   2.846990    6.47916    -0.1072    13.8155 1.5585e+01  -61.58300  -54.87483 1152881222 195.532680    34.4934      54615          6  0.000e+00
    500.439    -0.4924   2.846575    -0.4921   2.846996    6.47918    -0.1072    13.8155 1.5585e+01  -61.58300  -54.87483 1152881222 195.532681    34.4936      54616          6  0.000e+00
    500.439    -0.4922   2.846588    -0.4923   2.847013    6.47915    -0.0964    13.8155 1.5585e+01  -61.58300  -54.87483 1152881222 195.532681    34.4936      54617          6  0.000e+00
    500.487    -0.4922   2.846595    -0.4919   2.847001    6.47919    -0.0964    13.8155 1.5585e+01  -61.58300  -54.87483 1152881222 195.532682    34.4937      54618          6  0.000e+00
    500.506    -0.4921   2.846558    -0.4922   2.846996    6.47921    -0.0642    13.8155 1.5585e+01  -61.58300  -54.87483 1152881222 195.532682    34.4930      54619          6  0.000e+00
    500.439    -0.4921   2.846585    -0.4919   2.846996    6.47913    -0.0749    13.8155 1.5585e+01  -61.58300  -54.87483 1152881222 195.532683    34.4934      54620          6  0.000e+00
    500.487    -0.4922   2.846582    -0.4922   2.847013    6.47919    -0.1072    13.8155 1.3637e+01  -61.58300  -54.87483 1152881222 195.532683    34.4935      54621          6  0.000e+00
    500.506    -0.4924   2.846552    -0.4919   2.847001    6.47431    -0.1072    13.8155 1.3637e+01  -61.58300  -54.87483 1152881222 195.532684    34.4933      54622          6  0.000e+00
    500.439    -0.4922   2.846585    -0.4919   2.846996    6.47915    -0.0857    13.8155 1.5585e+01  -61.58300  -54.87483 1152881222 195.532684    34.4936      54623          6  0.000e+00
    500.554    -0.4921   2.846575    -0.4921   2.847013    6.47924    -0.0964    13.8155 1.5585e+01  -61.58300  -54.87483 1152881222 195.532685    34.4932      54624          6  0.000e+00
    500.439    -0.4916   2.846575    -0.4919   2.847001    6.47908    -0.1287    13.8155 1.5585e+01  -61.58300  -54.87483 1152881222 195.532685    34.4928      54625          6  0.000e+00
    500.506    -0.4920   2.846568    -0.4918   2.846996    6.47918    -0.0749    13.8155 1.5585e+01  -61.58300  -54.87483 1152881222 195.532686    34.4930      54626          6  0.000e+00
    500.555    -0.4924   2.846588    -0.4923   2.846990    6.47927    -0.0857    13.8155 1.5585e+01  -61.58300  -54.87483 1152881223 195.532686    34.4938      54627          6  0.000e+00
    500.507    -0.4920   2.846575    -0.4921   2.846990    6.47918    -0.0964    13.8155 1.5585e+01  -61.58300  -54.87483 1152881223 195.532687    34.4931      54628          6  0.000e+00
    500.507    -0.4924   2.846538    -0.4918   2.847013    6.47926    -0.1180    13.8155 1.5585e+01  -61.58300  -54.87483 1152881223 195.532687    34.4931      54629          6  0.000e+00
    500.507    -0.4921   2.846598    -0.4921   2.847001    6.47918    -0.0964    13.8155 1.5585e+01  -61.58300  -54.87483 1152881223 195.532688    34.4936      54630          6  0.000e+00
    500.555    -0.4920   2.846582    -0.4918   2.846996    6.47922    -0.0964    13.8155 1.5585e+01  -61.58300  -54.87483 1152881223 195.532688    34.4931      54631          6  0.000e+00
    500.507    -0.4922   2.846558    -0.4921   2.847013    6.47923    -0.0964    13.8155 1.5585e+01  -61.58300  -54.87483 1152881223 195.532689    34.4932      54632          6  0.000e+00
    500.583    -0.4921   2.846545    -0.4919   2.847001    6.47928    -0.0749    13.8155 1.5585e+01  -61.58300  -54.87483 1152881223 195.532689    34.4928      54633          6  0.000e+00
    500.555    -0.4921   2.846552    -0.4918   2.847013    6.47925    -0.0642    13.8155 1.5585e+01  -61.58300  -54.87483 1152881223 195.532690    34.4929      54634          6  0.000e+00
    500.507    -0.4920   2.846565    -0.4922   2.847001    6.47918    -0.0857    13.8155 1.5585e+01  -61.58300  -54.87483 1152881223 195.532690    34.4930      54635          6  0.000e+00
    500.583    -0.4924   2.846575    -0.4919   2.846996    6.47931    -0.1072    13.8155 1.5585e+01  -61.58300  -54.87483 1152881223 195.532690    34.4936      54636          6  0.000e+00
    500.622    -0.4924   2.846588    -0.4916   2.846978    6.47933    -0.1395    13.8155 1.5585e+01  -61.58300  -54.87483 1152881223 195.532691    34.4937      54637          6  0.000e+00
    500.507    -0.4921   2.846562    -0.4921   2.846990    6.47920    -0.1395    13.8155 1.5585e+01  -61.58300  -54.87483 1152881223 195.532691    34.4931      54638          6  0.000e+00
    400.538    -0.4555   2.842763    -0.4552   2.843195    6.56249    -0.1287    13.8155 1.7533e+01  -61.58300  -54.87483 1152881376 195.534465    34.4609      58316          7  0.000e+00
    400.605    -0.4555   2.842753    -0.4557   2.843201    6.56255    -0.1072    13.8155 1.9481e+01  -61.58300  -54.87483 1152881376 195.534466    34.4607      58317          7  0.000e+00
    400.605    -0.4553   2.842753    -0.4554   2.843183    6.56253    -0.0857    13.8155 1.9481e+01  -61.58300  -54.87483 1152881376 195.534466    34.4605      58318          7  0.000e+00
    400.538    -0.4561   2.842753    -0.4561   2.843177    6.56258    -0.1072    13.8155 1.9481e+01  -61.58300  -54.87483 1152881376 195.534467    34.4615      58319          7  0.000e+00
    400.538    -0.4566   2.842733    -0.4566   2.843154    6.56265    -0.1072    13.8155 1.7533e+01  -61.58300  -54.87483 1152881376 195.534467    34.4617      58320          7  0.000e+00
    400.538    -0.4564   2.842710    -0.4566   2.843183    6.56264    -0.1072    13.8155 1.7533e+01  -61.58300  -54.87483 1152881376 195.534468    34.4612      58321          7  0.000e+00
    400.461    -0.4567   2.842740    -0.4572   2.843201    6.56746    -0.1180    13.8155 1.7533e+01  -61.58300  -54.87483 1152881376 195.534468    34.4620      58322          7  0.000e+00
    400.538    -0.4575   2.842733    -0.4566   2.843183    6.56277    -0.1072    13.8155 1.7533e+01  -61.58300  -54.87483 1152881376 195.534469    34.4628      58323          7  0.000e+00
    400.461    -0.4579   2.842693    -0.4567   2.843177    6.56278    -0.0857    13.8155 1.7533e+01  -61.58300  -54.87483 1152881376 195.534469    34.4628      58324          7  0.000e+00
    400.538    -0.4586   2.842700    -0.4572   2.843154    6.56294    -0.1287    13.8155 1.7533e+01  -61.58300  -54.87483 1152881377 195.534470    34.4635      58325          7  0.000e+00
    400.462    -0.4581   2.842706    -0.4572   2.843189    6.56280    -0.1287    13.8155 1.7533e+01  -61.58300  -54.87483 1152881377 195.534470    34.4632      58326          7  0.000e+00
    400.462    -0.4581   2.842740    -0.4577   2.843160    6.56278    -0.1502    13.8155 1.9481e+01  -61.58300  -54.87483 1152881377 195.534470    34.4636      58327          7  0.000e+00
    400.394    -0.4584   2.842703    -0.4577   2.843166    6.56278    -0.1180    13.8155 1.7533e+01  -61.58300  -54.87483 1152881377 195.534471    34.4635      58328          7  0.000e+00
    400.462    -0.4586   2.842716    -0.4580   2.843177    6.56286    -0.1072    13.8155 1.7533e+01  -61.58300  -54.87483 1152881377 195.534471    34.4638      58329          7  0.000e+00
    400.462    -0.4586   2.842730    -0.4581   2.843154    6.56285    -0.0426    13.8155 1.7533e+01  -61.58300  -54.87483 1152881377 195.534472    34.4640      58330          7  0.000e+00
    400.394    -0.4586   2.842696    -0.4584   2.843148    6.56281    -0.0749    13.8155 1.7533e+01  -61.58300  -54.87483 1152881377 195.534472    34.4636      58331          7  0.000e+00
    400.394    -0.4578   2.842716    -0.4583   2.843148    6.56269    -0.1072    13.8155 1.7533e+01  -61.58300  -54.87483 1152881377 195.534473    34.4629      58332          7  0.000e+00
    400.395    -0.4584   2.842730    -0.4582   2.843148    6.56277    -0.1072    13.8155 1.7533e+01  -61.58300  -54.87483 1152881377 195.534473    34.4639      58333          7  0.000e+00
    400.395    -0.4584   2.842696    -0.4580   2.843148    6.56279    -0.1287    13.8155 1.7533e+01  -61.58300  -54.87483 1152881377 195.534474    34.4634      58334          7  0.000e+00
    400.318    -0.4584   2.842716    -0.4569   2.843130    6.56271    -0.1395    13.8155 1.9481e+01  -61.58300  -54.87483 1152881377 195.534474    34.4637      58335          7  0.000e+00
    400.395    -0.4589   2.842696    -0.4572   2.843142    6.56285    -0.1180    13.8155 1.7533e+01  -61.58300  -54.87483 1152881377 195.534475    34.4639      58336          7  0.000e+00
    400.318    -0.4584   2.842716    -0.4572   2.843148    6.56271    -0.1072    13.8155 1.7533e+01  -61.58300  -54.87483 1152881377 195.534475    34.4637      58337          7  0.000e+00
    400.318    -0.4581   2.842696    -0.4577   2.843148    6.56755    -0.1287    13.8155 1.7533e+01  -61.58300  -54.87483 1152881377 195.534476    34.4631      58338          7  0.000e+00
    400.318    -0.4580   2.842700    -0.4578   2.843148    6.56753    -0.1287    13.8155 1.7533e+01  -61.58300  -54.87483 1152881377 195.534476    34.4630      58339          7  0.000e+00
    400.318    -0.4578   2.842723    -0.4570   2.843148    6.56262    -0.1610    13.8155 1.9481e+01  -61.58300  -54.87483 1152881377 195.534477    34.4631      58340          7  0.000e+00
    400.251    -0.4577   2.842730    -0.4573   2.843148    6.56253    -0.1502    13.8155 1.9481e+01  -61.58300  -54.87483 1152881377 195.534477    34.4631      58341          7  0.000e+00
    400.251    -0.4578   2.842710    -0.4572   2.843165    6.56257    -0.0857    13.8155 1.9481e+01  -61.58300  -54.87483 1152881377 195.534478    34.4630      58342          7  0.000e+00
    400.318    -0.4578   2.842723    -0.4577   2.843154    6.56262    -0.1072    13.8155 1.9481e+01  -61.58300  -54.87483 1152881377 195.534478    34.4631      58343          7  0.000e+00
    400.184    -0.4580   2.842730    -0.4577   2.843130    6.56739    -0.1072    13.8155 1.7533e+01  -61.58300  -54.87483 1152881377 195.534479    34.4635      58344          7  0.000e+00
    400.251    -0.4580   2.842710    -0.4578   2.843142    6.56259    -0.0642    13.8155 1.7533e+01  -61.58300  -54.87483 1152881377 195.534479    34.4632      58345          7  0.000e+00
    400.251    -0.4581   2.842723    -0.4578   2.843107    6.56260    -0.0749    13.8155 1.7533e+01  -61.58300  -54.87483 1152881377 195.534480    34.4635      58346          7  0.000e+00
    400.184    -0.4578   2.842696    -0.4580   2.843130    6.56738    -0.1180    13.8155 1.7533e+01  -61.58300  -54.87483 1152881377 195.534480    34.4628      58347          7  0.000e+00
    400.184    -0.4578   2.842700    -0.4577   2.843130    6.56738    -0.1395    13.8155 1.9481e+01  -61.58300  -54.87483 1152881377 195.534481    34.4629      58348          7  0.000e+00
    400.184    -0.4572   2.842723    -0.4578   2.843124    6.56729    -0.0964    13.8155 1.9481e+01  -61.58300  -54.87483 1152881378 195.534481    34.4625      58349          7  0.000e+00
    400.184    -0.4581   2.842710    -0.4580   2.843125    6.56742    -0.0749    13.8155 1.7533e+01  -61.58300  -54.87483 1152881378 195.534482    34.4634      58350          7  0.000e+00
    400.184    -0.4575   2.842706    -0.4583   2.843125    6.56733    -0.0964    13.8155 1.9481e+01  -61.58300  -54.87483 1152881378 195.534482    34.4626      58351          7  0.000e+00
    400.107    -0.4572   2.842706    -0.4581   2.843124    6.56723    -0.1287    13.8155 1.9481e+01  -61.58300  -54.87483 1152881378 195.534483    34.4623      58352          7  0.000e+00
    400.107    -0.4572   2.842723    -0.4583   2.843124    6.56235    -0.1502    13.8155 1.7533e+01  -61.58300  -54.87483 1152881378 195.534483    34.4626      58353          7  0.000e+00
    400.107    -0.4572   2.842710    -0.4580   2.843124    6.56235    -0.0857    13.8155 1.7533e+01  -61.58300  -54.87483 1152881378 195.534484    34.4624      58354          7  0.000e+00
    400.107    -0.4578   2.842673    -0.4584   2.843124    6.56732    -0.0749    13.8155 1.7533e+01  -61.58300  -54.87483 1152881378 195.534484    34.4625      58355          7  0.000e+00
    400.107    -0.4581   2.842693    -0.4579   2.843142    6.56736    -0.1180    13.8155 1.9481e+01  -61.58300  -54.87483 1152881378 195.534484    34.4632      58356          7  0.000e+00
    400.107    -0.4583   2.842723    -0.4581   2.843165    6.56736    -0.0749    13.8155 1.9481e+01  -61.58300  -54.87483 1152881378 195.534485    34.4638      58357          7  0.000e+00
    400.040    -0.4588   2.842680    -0.4584   2.843136    6.56739    -0.0642    13.8155 1.9481e+01  -61.58300  -54.87483 1152881378 195.534485    34.4638      58358          7  0.000e+00
    400.107    -0.4584   2.842693    -0.4580   2.843101    6.56740    -0.0857    13.8155 1.9481e+01  -61.58300  -54.87483 1152881378 195.534486    34.4636      58359          7  0.000e+00
    400.040    -0.4583   2.842673    -0.4583   2.843113    6.56733    -0.0964    13.8155 1.9481e+01  -61.58300  -54.87483 1152881378 195.534486    34.4631      58360          7  0.000e+00
    400.040    -0.4583   2.842663    -0.4583   2.843124    6.56733    -0.1180    13.8155 1.9481e+01  -61.58300  -54.87483 1152881378 195.534487    34.4630      58361          7  0.000e+00
