product_data/regression_test/downloaded_data/MDGS/320620060703/ctd/p6617401.ros
* Sea-Bird SBE 9 Data File:
* FileName = D:\Data\Raw\p6617401.dat
* Software Version Seasave Win32 V 5.32
* Temperature SN = 1649
* Conductivity SN = 1431
* Number of Bytes Per Scan = 37
* Number of Voltage Words = 5
* Number of Scans Averaged by the Deck Unit = 1
* NMEA Latitude = 60 36.99 S
* NMEA Longitude = 054 54.62 W
* NMEA UTC (Time) = 23:13:02
** Ship:   Nathaniel B. Palmer 
** Cruise:    NBP0606 
# nquan = 17
# nvalues = 1176                    
# units = specified
# name 0 = prDM: Pressure, Digiquartz [db]
# name 1 = t090C: Temperature [ITS-90, deg C]
# name 2 = c0S/m: Conductivity [S/m]
# name 3 = t190C: Temperature, 2 [ITS-90, deg C]
# name 4 = c1S/m: Conductivity, 2 [S/m]
# name 5 = sbeox0ML/L: Oxygen, SBE 43 [ml/l]
# name 6 = flECO-AFL: Fluorescence, Wetlab ECO-AFL/FL [mg/m^3]
# name 7 = bat: Beam Attenuation, Chelsea/Seatech/Wetlab CStar [1/m]
# name 8 = spar: SPAR/Surface Irradiance
# name 9 = latitude: Latitude [deg]
# name 10 = longitude: Longitude [deg]
# name 11 = timeY: Time, System [seconds]
# name 12 = timeJ: Julian Days
# name 13 = sal00: Salinity [PSU]
# name 14 = scan: scan number
# name 15 = nbf: number of bottles fired
# name 16 = flag:  0.000e+00
# interval = seconds: 0.0416667                   
# start_time = Jul 20 2006 23:13:11
*END*
[from data line 596]
     99.332    -0.0721   2.852336    -0.0710   2.852771    6.61906    -0.0319    13.8155 0.0000e+00  -60.61650  -54.91033 1153440364 202.004239    34.3388      76208         13  0.000e+00
     99.265    -0.0720   2.852306    -0.0705   2.852794    6.61901    -0.0534    13.8155 0.0000e+00  -60.61650  -54.91033 1153440364 202.004240    34.3383      76209         13  0.000e+00
     99.265    -0.0717   2.852296    -0.0710   2.852747    6.61897    -0.0857    13.8155 0.0000e+00  -60.61650  -54.91033 1153440364 202.004240    34.3378      76210         13  0.000e+00
     99.189    -0.0715   2.852312    -0.0708   2.852747    6.62350    -0.0964    13.8155 0.0000e+00  -60.61650  -54.91033 1153440364 202.004241    34.3378      76211         13  0.000e+00
     99.160    -0.0725   2.852289    -0.0713   2.852777    6.62362    -0.0534    13.8155 0.0000e+00  -60.61650  -54.91033 1153440364 202.004241    34.3387      76212         13  0.000e+00
     99.189    -0.0717   2.852276    -0.0710   2.852742    6.62355    -0.0964    13.8155 0.0000e+00  -60.61650  -54.91033 1153440364 202.004242    34.3376      76213         13  0.000e+00
     99.122    -0.0719   2.852289    -0.0714   2.852730    6.62351    -0.0749    13.8155 0.0000e+00  -60.61650  -54.91033 1153440364 202.004242    34.3381      76214         13  0.000e+00
     99.122    -0.0719   2.852279    -0.0714   2.852747    6.61887    -0.0319    13.8155 0.0000e+00  -60.61650  -54.91033 1153440365 202.004243    34.3379      76215         13  0.000e+00
     99.055    -0.0717   2.852276    -0.0717   2.852759    6.62343     0.0112    13.8155 0.0000e+00  -60.61650  -54.91033 1153440365 202.004243    34.3377      76216         13  0.000e+00
     99.055    -0.0722   2.852255    -0.0716   2.852695    6.62351    -0.0104    13.8155 0.0000e+00  -60.61650  -54.91033 1153440365 202.004244    34.3380      76217         13  0.000e+00
     99.056    -0.0726   2.852252    -0.0716   2.852712    6.62356    -0.0534    13.8155 0.0000e+00  -60.61650  -54.91033 1153440365 202.004244    34.3384      76218         13  0.000e+00
     99.056    -0.0726   2.852239    -0.0713   2.852712    6.62357    -0.0426    13.8155 0.0000e+00  -60.61650  -54.91033 1153440365 202.004245    34.3383      76219         13  0.000e+00
     98.979    -0.0725   2.852265    -0.0717   2.852742    6.61884    -0.0534    13.8155 0.0000e+00  -60.61650  -54.91033 1153440365 202.004245    34.3386      76220         13  0.000e+00
     98.951    -0.0723   2.852289    -0.0717   2.852736    6.62340    -0.0104    13.8155 0.0000e+00  -60.61650  -54.91033 1153440365 202.004246    34.3386      76221         13  0.000e+00
     98.912    -0.0719   2.852329    -0.0716   2.852747    6.61865     0.0004    13.8155 0.0000e+00  -60.61650  -54.91033 1153440365 202.004246    34.3387      76222         13  0.000e+00
     98.979    -0.0716   2.852342    -0.0717   2.852736    6.61867     0.0004    13.8155 0.0000e+00  -60.61650  -54.91033 1153440365 202.004247    34.3385      76223         13  0.000e+00
     98.846    -0.0712   2.852292    -0.0719   2.852689    6.61853    -0.0319    13.8155 0.0000e+00  -60.61650  -54.91033 1153440365 202.004247    34.3375      76224         13  0.000e+00
     98.912    -0.0712   2.852315    -0.0716   2.852695    6.62321    -0.0534    13.8155 0.0000e+00  -60.61650  -54.91033 1153440365 202.004248    34.3378      76225         13  0.000e+00
     98.846    -0.0710   2.852339    -0.0713   2.852741    6.61847    -0.0104    13.8155 0.0000e+00  -60.61650  -54.91033 1153440365 202.004248    34.3379      76226         13  0.000e+00
     98.846    -0.0715   2.852342    -0.0714   2.852736    6.62317    -0.0104    13.8155 0.0000e+00  -60.61650  -54.91033 1153440365 202.004249    34.3385      76227         13  0.000e+00
     98.769    -0.0712   2.852359    -0.0710   2.852730    6.62305     0.0004    13.8155 0.0000e+00  -60.61650  -54.91033 1153440365 202.004249    34.3385      76228         13  0.000e+00
     98.769    -0.0713   2.852329    -0.0710   2.852771    6.62308    -0.0104    13.8155 0.0000e+00  -60.61650  -54.91033 1153440365 202.004250    34.3382      76229         13  0.000e+00
     98.808    -0.0712   2.852299    -0.0703   2.852765    6.61849    -0.0534    13.8155 0.0000e+00  -60.61650  -54.91033 1153440365 202.004250    34.3376      76230         13  0.000e+00
     98.703    -0.0712   2.852335    -0.0706   2.852777    6.61837    -0.0964    13.8155 0.0000e+00  -60.61650  -54.91033 1153440365 202.004251    34.3382      76231         13  0.000e+00
     98.703    -0.0715   2.852342    -0.0705   2.852788    6.62303    -0.0534    13.8155 0.0000e+00  -60.61650  -54.91033 1153440365 202.004251    34.3385      76232         13  0.000e+00
     98.703    -0.0707   2.852359    -0.0705   2.852765    6.62293    -0.0319    13.8155 0.0000e+00  -60.61650  -54.91033 1153440365 202.004252    34.3380      76233         13  0.000e+00
     98.703    -0.0707   2.852382    -0.0707   2.852794    6.62291    -0.0426    13.8155 0.0000e+00  -60.61650  -54.91033 1153440365 202.004252    34.3383      76234         13  0.000e+00
     98.636    -0.0707   2.852405    -0.0710   2.852794    6.62283    -0.0104    13.8155 0.0000e+00  -60.61650  -54.91033 1153440365 202.004253    34.3386      76235         13  0.000e+00
     98.703    -0.0703   2.852412    -0.0703   2.852765    6.62283     0.0327    13.8155 0.0000e+00  -60.61650  -54.91033 1153440365 202.004253    34.3382      76236         13  0.000e+00
     98.560    -0.0701   2.852429    -0.0706   2.852777    6.62266    -0.0319    13.8155 0.0000e+00  -60.61650  -54.91033 1153440365 202.004253    34.3382      76237         13  0.000e+00
     98.598    -0.0700   2.852422    -0.0707   2.852765    6.62269    -0.0534    13.8155 0.0000e+00  -60.61650  -54.91033 1153440365 202.004254    34.3380      76238         13  0.000e+00
     98.636    -0.0701   2.852462    -0.0705   2.852777    6.62272    -0.0319    13.8155 0.0000e+00  -60.61650  -54.91033 1153440366 202.004254    34.3387      76239         13  0.000e+00
     98.560    -0.0702   2.852429    -0.0706   2.852741    6.62268     0.0112    13.8155 0.0000e+00  -60.61650  -54.91033 1153440366 202.004255    34.3384      76240         13  0.000e+00
     98.560    -0.0706   2.852412    -0.0710   2.852771    6.62274    -0.0319    13.8155 0.0000e+00  -60.61650  -54.91033 1153440366 202.004255    34.3386      76241         13  0.000e+00
     98.560    -0.0705   2.852429    -0.0710   2.852806    6.62271    -0.0534    13.8155 0.0000e+00  -60.61650  -54.91033 1153440366 202.004256    34.3387      76242         13  0.000e+00
     98.493    -0.0702   2.852449    -0.0707   2.852771    6.62261    -0.0534    13.8155 0.0000e+00  -60.61650  -54.91033 1153440366 202.004256    34.3387      76243         13  0.000e+00
     98.560    -0.0703   2.852422    -0.0702   2.852794    6.61806    -0.0426    13.8155 0.0000e+00  -60.61650  -54.91033 1153440366 202.004257    34.3384      76244         13  0.000e+00
     98.493    -0.0705   2.852415    -0.0708   2.852794    6.62266    -0.0104    13.8155 0.0000e+00  -60.61650  -54.91033 1153440366 202.004257    34.3385      76245         13  0.000e+00
     98.493    -0.0702   2.852429    -0.0705   2.852788    6.61798     0.0112    13.8155 0.0000e+00  -60.61650  -54.91033 1153440366 202.004258    34.3384      76246         13  0.000e+00
     98.464    -0.0705   2.852415    -0.0702   2.852788    6.62263    -0.0104    13.8155 0.0000e+00  -60.61650  -54.91033 1153440366 202.004258    34.3385      76247         13  0.000e+00
     98.493    -0.0703   2.852392    -0.0706   2.852788    6.62265    -0.0426    13.8155 0.0000e+00  -60.61650  -54.91033 1153440366 202.004259    34.3380      76248         13  0.000e+00
     99.760    -0.0739   2.852119    -0.0731   2.852519    6.62446    -0.0319    13.8155 0.0000e+00  -60.61650  -54.91033 1153440385 202.004476    34.3376      76699         14  0.000e+00
     99.694    -0.0739   2.852132    -0.0737   2.852496    6.62440    -0.0319    13.8155 0.0000e+00  -60.61650  -54.91033 1153440385 202.004477    34.3379      76700         14  0.000e+00
     99.550    -0.0736   2.852139    -0.0739   2.852490    6.62421    -0.0211    13.8155 0.0000e+00  -60.61650  -54.91033 1153440385 202.004477    34.3377      76701         14  0.000e+00
     99.550    -0.0739   2.852139    -0.0737   2.852490    6.62425    -0.0534    13.8155 0.0000e+00  -60.61650  -54.91033 1153440385 202.004478    34.3380      76702         14  0.000e+00
     99.589    -0.0732   2.852169    -0.0736   2.852490    6.62418    -0.0642    13.8155 0.0000e+00  -60.61650  -54.91033 1153440385 202.004478    34.3376      76703         14  0.000e+00
     99.551    -0.0729   2.852216    -0.0736   2.852525    6.62408    -0.0749    13.8155 0.0000e+00  -60.61650  -54.91033 1153440385 202.004479    34.3380      76704         14  0.000e+00
     99.551    -0.0731   2.852219    -0.0737   2.852525    6.62410    -0.0642    13.8155 0.0000e+00  -60.61650  -54.91033 1153440385 202.004479    34.3382      76705         14  0.000e+00
     99.417    -0.0721   2.852206    -0.0736   2.852554    6.62385    -0.0534    13.8155 0.0000e+00  -60.61650  -54.91033 1153440385 202.004480    34.3370      76706         14  0.000e+00
     99.484    -0.0729   2.852186    -0.0734   2.852554    6.62404    -0.0104    13.8155 0.0000e+00  -60.61650  -54.91033 1153440385 202.004480    34.3376      76707         14  0.000e+00
     99.417    -0.0729   2.852199    -0.0734   2.852543    6.62397    -0.0211    13.8155 0.0000e+00  -60.61650  -54.91033 1153440385 202.004481    34.3379      76708         14  0.000e+00
     99.417    -0.0728   2.852222    -0.0736   2.852543    6.61931    -0.0319    13.8155 0.0000e+00  -60.61650  -54.91033 1153440385 202.004481    34.3381      76709         14  0.000e+00
     99.417    -0.0722   2.852246    -0.0731   2.852543    6.62384    -0.0749    13.8155 0.0000e+00  -60.61650  -54.91033 1153440385 202.004482    34.3376      76710         14  0.000e+00
     99.341    -0.0723   2.852252    -0.0731   2.852543    6.62379    -0.0749    13.8155 0.0000e+00  -60.61650  -54.91033 1153440385 202.004482    34.3379      76711         14  0.000e+00
     99.274    -0.0718   2.852292    -0.0734   2.852543    6.62363    -0.0642    13.8155 0.0000e+00  -60.61650  -54.91033 1153440385 202.004483    34.3379      76712         14  0.000e+00
     99.245    -0.0715   2.852296    -0.0730   2.852525    6.62357    -0.0319    13.8155 0.0000e+00  -60.61650  -54.91033 1153440385 202.004483    34.3377      76713         14  0.000e+00
     99.274    -0.0714   2.852296    -0.0730   2.852554    6.62357     0.0112    13.8155 0.0000e+00  -60.61650  -54.91033 1153440385 202.004484    34.3375      76714         14  0.000e+00
     99.198    -0.0715   2.852312    -0.0734   2.852548    6.62350    -0.0319    13.8155 0.0000e+00  -60.61650  -54.91033 1153440385 202.004484    34.3378      76715         14  0.000e+00
     99.131    -0.0714   2.852299    -0.0733   2.852525    6.62344    -0.0964    13.8155 0.0000e+00  -60.61650  -54.91033 1153440385 202.004484    34.3376      76716         14  0.000e+00
     99.198    -0.0715   2.852296    -0.0737   2.852537    6.62353    -0.1072    13.8155 0.0000e+00  -60.61650  -54.91033 1153440385 202.004485    34.3377      76717         14  0.000e+00
     99.064    -0.0711   2.852302    -0.0733   2.852525    6.62335    -0.0749    13.8155 0.0000e+00  -60.61650  -54.91033 1153440385 202.004485    34.3374      76718         14  0.000e+00
     99.131    -0.0714   2.852296    -0.0733   2.852537    6.62344    -0.0211    13.8155 0.0000e+00  -60.61650  -54.91033 1153440386 202.004486    34.3376      76719         14  0.000e+00
     98.988    -0.0715   2.852346    -0.0733   2.852542    6.62330    -0.0104    13.8155 0.0000e+00  -60.61650  -54.91033 1153440386 202.004486    34.3385      76720         14  0.000e+00
     99.064    -0.0715   2.852346    -0.0733   2.852560    6.62336    -0.0319    13.8155 0.0000e+00  -60.61650  -54.91033 1153440386 202.004487    34.3384      76721         14  0.000e+00
     98.959    -0.0717   2.852272    -0.0731   2.852531    6.62334    -0.0319    13.8155 0.0000e+00  -60.61650  -54.91033 1153440386 202.004487    34.3377      76722         14  0.000e+00
     98.988    -0.0717   2.852302    -0.0730   2.852554    6.62335    -0.0426    13.8155 0.0000e+00  -60.61650  -54.91033 1153440386 202.004488    34.3381      76723         14  0.000e+00
     98.921    -0.0715   2.852289    -0.0730   2.852548    6.62326     0.0219    13.8155 0.0000e+00  -60.61650  -54.91033 1153440386 202.004488    34.3377      76724         14  0.000e+00
     98.854    -0.0719   2.852242    -0.0725   2.852578    6.62328    -0.0104    13.8155 0.0000e+00  -60.61650  -54.91033 1153440386 202.004489    34.3376      76725         14  0.000e+00
     98.854    -0.0722   2.852262    -0.0725   2.852595    6.62331    -0.0534    13.8155 0.0000e+00  -60.61650  -54.91033 1153440386 202.004489    34.3382      76726         14  0.000e+00
     98.854    -0.0719   2.852255    -0.0723   2.852595    6.62328    -0.0534    13.8155 0.0000e+00  -60.61650  -54.91033 1153440386 202.004490    34.3378      76727         14  0.000e+00
     98.644    -0.0719   2.852252    -0.0724   2.852595    6.62308    -0.0749    13.8155 0.0000e+00  -60.61650  -54.91033 1153440386 202.004490    34.3378      76728         14  0.000e+00
     98.854    -0.0715   2.852269    -0.0723   2.852554    6.62323    -0.0857    13.8155 0.0000e+00  -60.61650  -54.91033 1153440386 202.004491    34.3376      76729         14  0.000e+00
     98.711    -0.0715   2.852289    -0.0723   2.852560    6.62307    -0.0642    13.8155 0.0000e+00  -60.61650  -54.91033 1153440386 202.004491    34.3378      76730         14  0.000e+00
     98.749    -0.0711   2.852335    -0.0722   2.852572    6.62302    -0.0104    13.8155 0.0000e+00  -60.61650  -54.91033 1153440386 202.004492    34.3380      76731         14  0.000e+00
     98.644    -0.0705   2.852342    -0.0720   2.852589    6.62284    -0.0426    13.8155 0.0000e+00  -60.61650  -54.91033 1153440386 202.004492    34.3375      76732         14  0.000e+00
     98.644    -0.0701   2.852359    -0.0720   2.852636    6.62278    -0.0426    13.8155 0.0000e+00  -60.61650  -54.91033 1153440386 202.004493    34.3372      76733         14  0.000e+00
     98.568    -0.0703   2.852345    -0.0714   2.852630    6.62275     0.0112    13.8155 0.0000e+00  -60.61650  -54.91033 1153440386 202.004493    34.3374      76734         14  0.000e+00
     98.568    -0.0706   2.852359    -0.0719   2.852642    6.62278    -0.0104    13.8155 0.0000e+00  -60.61650  -54.91033 1153440386 202.004494    34.3379      76735         14  0.000e+00
     98.568    -0.0705   2.852329    -0.0713   2.852654    6.62279     0.0112    13.8155 0.0000e+00  -60.61650  -54.91033 1153440386 202.004494    34.3374      76736         14  0.000e+00
     98.501    -0.0706   2.852325    -0.0713   2.852654    6.61811    -0.0211    13.8155 0.0000e+00  -60.61650  -54.91033 1153440386 202.004495    34.3375      76737         14  0.000e+00
     98.501    -0.0708   2.852339    -0.0716   2.852654    6.61813    -0.0104    13.8155 0.0000e+00  -60.61650  -54.91033 1153440386 202.004495    34.3379      76738         14  0.000e+00
     98.473    -0.0706   2.852342    -0.0716   2.852630    6.61807    -0.0319    13.8155 0.0000e+00  -60.61650  -54.91033 1153440386 202.004496    34.3377      76739         14  0.000e+00
     98.358    -0.0706   2.852322    -0.0716   2.852642    6.61798    -0.0534    13.8155 0.0000e+00  -60.61650  -54.91033 1153440386 202.004496    34.3375      76740         14  0.000e+00
     98.435    -0.0713   2.852335    -0.0717   2.852630    6.62277    -0.0319    13.8155 0.0000e+00  -60.61650  -54.91033 1153440386 202.004497    34.3384      76741         14  0.000e+00
