product_data/regression_test/downloaded_data/MDGS/320620060703/ctd/p6612101.ros
* Sea-Bird SBE 9 Data File:
* FileName = D:\Data\Raw\p6612101.dat
* Software Version Seasave Win32 V 5.32
* Temperature SN = 1649
* Conductivity SN = 1431
* Number of Bytes Per Scan = 37
* Number of Voltage Words = 5
* Number of Scans Averaged by the Deck Unit = 1
* NMEA Latitude = 61 11.19 S
* NMEA Longitude = 054 32.47 W
* NMEA UTC (Time) = 01:29:36
** Ship:   Nathaniel B. Palmer 
** Cruise:    NBP0606 
# nquan = 17
# nvalues = 1146                    
# units = specified
# name 0 = prDM: Pressure, Digiquartz [db]
# name 1 = t090C: Temperature [ITS-90, deg C]
# name 2 = c0S/m: Conductivity [S/m]
# name 3 = t190C: Temperature, 2 [ITS-90, deg C]
# name 4 = c1S/m: Conductivity, 2 [S/m]
# name 5 = sbeox0ML/L: Oxygen, SBE 43 [ml/l]
# name 6 = flECO-AFL: Fluorescence, Wetlab ECO-AFL/FL [mg/m^3]
# name 7 = bat: Beam Attenuation, Chelsea/Seatech/Wetlab CStar [1/m]
# name 8 = spar: SPAR/Surface Irradiance
# name 9 = latitude: Latitude [deg]
# name 10 = longitude: Longitude [deg]
# name 11 = timeY: Time, System [seconds]
# name 12 = timeJ: Julian Days
# name 13 = sal00: Salinity [PSU]
# name 14 = scan: scan number
# name 15 = nbf: number of bottles fired
# name 16 = flag:  0.000e+00
# interval = seconds: 0.0416667                   
# start_time = Jul 15 2006 01:29:44
*END*
[from data line 511]
    200.832    -0.4665   2.819028    -0.4776   2.818593    7.09591    -0.1072    13.8155 0.0000e+00  -61.18650  -54.54117 1152928620 196.081273    34.2763      39313         11  0.000e+00
    200.908    -0.4673   2.818961    -0.4790   2.818366    7.09614    -0.0534    13.8155 0.0000e+00  -61.18650  -54.54117 1152928620 196.081274    34.2763      39314         11  0.000e+00
    200.946    -0.4679   2.819061    -0.4801   2.818109    7.09620    -0.0642    13.8155 0.0000e+00  -61.18650  -54.54117 1152928620 196.081274    34.2783      39315         11  0.000e+00
    200.908    -0.4659   2.819253    -0.4806   2.817964    7.09575    -0.0749    13.8155 0.0000e+00  -61.18650  -54.54117 1152928621 196.081275    34.2786      39316         11  0.000e+00
    200.908    -0.4645   2.819356    -0.4810   2.817853    7.09548    -0.0426    13.8155 0.0000e+00  -61.18650  -54.54117 1152928621 196.081275    34.2784      39317         11  0.000e+00
    200.880    -0.4642   2.819220    -0.4833   2.817789    7.09550    -0.0319    13.8155 0.0000e+00  -61.18650  -54.54117 1152928621 196.081276    34.2763      39318         11  0.000e+00
    200.908    -0.4676   2.818590    -0.4813   2.817917    7.09643    -0.0534    13.8155 0.0000e+00  -61.18650  -54.54117 1152928621 196.081276    34.2716      39319         11  0.000e+00
    200.947    -0.4736   2.818026    -0.4786   2.818185    7.09769    -0.0426    13.8155 0.0000e+00  -61.18650  -54.54117 1152928621 196.081277    34.2709      39320         11  0.000e+00
    200.908    -0.4777   2.817697    -0.4766   2.818401    7.09845    -0.0534    13.8155 0.0000e+00  -61.18650  -54.54117 1152928621 196.081277    34.2710      39321         11  0.000e+00
    200.908    -0.4803   2.817528    -0.4753   2.818482    7.09893    -0.0319    13.8155 0.0000e+00  -61.18650  -54.54117 1152928621 196.081277    34.2717      39322         11  0.000e+00
    200.947    -0.4817   2.817419    -0.4745   2.818576    7.09924    -0.0104    13.8155 0.0000e+00  -61.18650  -54.54117 1152928621 196.081278    34.2718      39323         11  0.000e+00
    200.908    -0.4828   2.817369    -0.4755   2.818547    7.09939    -0.0104    13.8155 0.0000e+00  -61.18650  -54.54117 1152928621 196.081278    34.2724      39324         11  0.000e+00
    200.975    -0.4833   2.817379    -0.4801   2.818261    7.09951    -0.0534    13.8155 0.0000e+00  -61.18650  -54.54117 1152928621 196.081279    34.2730      39325         11  0.000e+00
    200.947    -0.4834   2.817366    -0.4821   2.817935    7.09952    -0.0534    13.8155 0.0000e+00  -61.18650  -54.54117 1152928621 196.081279    34.2730      39326         11  0.000e+00
    200.908    -0.4829   2.817445    -0.4819   2.817835    7.09936    -0.0534    13.8155 0.0000e+00  -61.18650  -54.54117 1152928621 196.081280    34.2736      39327         11  0.000e+00
    200.947    -0.4829   2.817439    -0.4819   2.817911    7.09940    -0.0104    13.8155 0.0000e+00  -61.18650  -54.54117 1152928621 196.081280    34.2735      39328         11  0.000e+00
    200.908    -0.4829   2.817445    -0.4818   2.818039    7.09936    -0.0534    13.8155 0.0000e+00  -61.18650  -54.54117 1152928621 196.081281    34.2736      39329         11  0.000e+00
    200.975    -0.4833   2.817452    -0.4807   2.818074    7.09947    -0.0319    13.8155 0.0000e+00  -61.18650  -54.54117 1152928621 196.081281    34.2740      39330         11  0.000e+00
    200.880    -0.4827   2.817459    -0.4795   2.818074    7.10403    -0.0749    13.8155 0.0000e+00  -61.18650  -54.54117 1152928621 196.081282    34.2735      39331         11  0.000e+00
    200.975    -0.4827   2.817472    -0.4790   2.818092    7.10412    -0.0211    13.8155 0.0000e+00  -61.18650  -54.54117 1152928621 196.081282    34.2736      39332         11  0.000e+00
    200.908    -0.4816   2.817455    -0.4801   2.818034    7.10391     0.0542    13.8155 0.0000e+00  -61.18650  -54.54117 1152928621 196.081283    34.2722      39333         11  0.000e+00
    200.947    -0.4819   2.817415    -0.4803   2.818016    7.09927     0.0327    13.8155 0.0000e+00  -61.18650  -54.54117 1152928621 196.081283    34.2720      39334         11  0.000e+00
    200.908    -0.4823   2.817372    -0.4804   2.818016    7.09932    -0.0104    13.8155 0.0000e+00  -61.18650  -54.54117 1152928621 196.081284    34.2719      39335         11  0.000e+00
    200.803    -0.4865   2.817021    -0.4863   2.817596    7.10004    -0.0534    13.8155 0.0000e+00  -61.18650  -54.54117 1152928622 196.081290    34.2720      39347         12  0.000e+00
    200.832    -0.4875   2.816948    -0.4863   2.817620    7.10501    -0.0749    13.8155 0.0000e+00  -61.18650  -54.54117 1152928622 196.081290    34.2720      39348         12  0.000e+00
    200.832    -0.4884   2.816964    -0.4861   2.817620    7.10513    -0.0211    13.8155 0.0000e+00  -61.18650  -54.54117 1152928622 196.081291    34.2733      39349         12  0.000e+00
    200.737    -0.4875   2.817044    -0.4853   2.817637    7.10485    -0.0211    13.8155 0.0000e+00  -61.18650  -54.54117 1152928622 196.081291    34.2734      39350         12  0.000e+00
    200.765    -0.4867   2.817187    -0.4860   2.817661    7.09992    -0.0319    13.8155 0.0000e+00  -61.18650  -54.54117 1152928622 196.081291    34.2744      39351         12  0.000e+00
    200.804    -0.4848   2.817276    -0.4855   2.817631    7.10438    -0.0857    13.8155 0.0000e+00  -61.18650  -54.54117 1152928622 196.081292    34.2735      39352         12  0.000e+00
    200.698    -0.4848   2.817243    -0.4858   2.817655    7.09955    -0.1072    13.8155 0.0000e+00  -61.18650  -54.54117 1152928622 196.081292    34.2731      39353         12  0.000e+00
    200.765    -0.4848   2.817250    -0.4847   2.817690    7.09961    -0.0857    13.8155 0.0000e+00  -61.18650  -54.54117 1152928622 196.081293    34.2731      39354         12  0.000e+00
    200.737    -0.4843   2.817505    -0.4836   2.817835    7.09935    -0.0857    13.8155 0.0000e+00  -61.18650  -54.54117 1152928622 196.081293    34.2761      39355         12  0.000e+00
    200.622    -0.4795   2.817979    -0.4806   2.818045    7.09824    -0.0964    13.8155 0.0000e+00  -61.18650  -54.54117 1152928622 196.081294    34.2771      39356         12  0.000e+00
    200.698    -0.4747   2.818411    -0.4772   2.818296    7.09735    -0.1072    13.8155 0.0000e+00  -61.18650  -54.54117 1152928622 196.081294    34.2774      39357         12  0.000e+00
    200.670    -0.4709   2.818752    -0.4730   2.818587    7.09655    -0.0857    13.8155 0.0000e+00  -61.18650  -54.54117 1152928622 196.081295    34.2776      39358         12  0.000e+00
    200.622    -0.4677   2.818931    -0.4689   2.818879    7.09594    -0.0749    13.8155 0.0000e+00  -61.18650  -54.54117 1152928622 196.081295    34.2766      39359         12  0.000e+00
    200.593    -0.4656   2.819054    -0.4654   2.819153    7.09552    -0.0749    13.8155 0.0000e+00  -61.18650  -54.54117 1152928622 196.081296    34.2758      39360         12  0.000e+00
    200.622    -0.4651   2.819164    -0.4643   2.819322    7.10016    -0.0534    13.8155 0.0000e+00  -61.18650  -54.54117 1152928622 196.081296    34.2767      39361         12  0.000e+00
    200.555    -0.4637   2.819243    -0.4637   2.819374    7.09985    -0.0964    13.8155 0.0000e+00  -61.18650  -54.54117 1152928622 196.081297    34.2762      39362         12  0.000e+00
    200.593    -0.4629   2.819326    -0.4637   2.819386    7.09497    -0.1072    13.8155 0.0000e+00  -61.18650  -54.54117 1152928622 196.081297    34.2764      39363         12  0.000e+00
    200.555    -0.4625   2.819369    -0.4631   2.819421    7.09959    -0.0749    13.8155 0.0000e+00  -61.18650  -54.54117 1152928622 196.081298    34.2765      39364         12  0.000e+00
    200.526    -0.4623   2.819389    -0.4621   2.819473    7.09477    -0.0104    13.8155 0.0000e+00  -61.18650  -54.54117 1152928623 196.081298    34.2766      39365         12  0.000e+00
    200.479    -0.4622   2.819359    -0.4620   2.819508    7.09473    -0.0104    13.8155 0.0000e+00  -61.18650  -54.54117 1152928623 196.081299    34.2761      39366         12  0.000e+00
    200.479    -0.4619   2.819366    -0.4621   2.819514    7.09468    -0.0534    13.8155 0.0000e+00  -61.18650  -54.54117 1152928623 196.081299    34.2758      39367         12  0.000e+00
    200.450    -0.4622   2.819409    -0.4624   2.819514    7.09941    -0.0534    13.8155 0.0000e+00  -61.18650  -54.54117 1152928623 196.081300    34.2768      39368         12  0.000e+00
    200.479    -0.4615   2.819436    -0.4631   2.819514    7.09934    -0.0749    13.8155 0.0000e+00  -61.18650  -54.54117 1152928623 196.081300    34.2764      39369         12  0.000e+00
    200.412    -0.4606   2.819422    -0.4638   2.819473    7.09915    -0.0749    13.8155 0.0000e+00  -61.18650  -54.54117 1152928623 196.081301    34.2752      39370         12  0.000e+00
    200.383    -0.4609   2.819469    -0.4644   2.819502    7.09913    -0.0534    13.8155 0.0000e+00  -61.18650  -54.54117 1152928623 196.081301    34.2762      39371         12  0.000e+00
    200.412    -0.4613   2.819485    -0.4635   2.819537    7.09920    -0.0534    13.8155 0.0000e+00  -61.18650  -54.54117 1152928623 196.081302    34.2768      39372         12  0.000e+00
    200.316    -0.4614   2.819485    -0.4628   2.819561    7.09912    -0.0642    13.8155 0.0000e+00  -61.18650  -54.54117 1152928623 196.081302    34.2770      39373         12  0.000e+00
    200.345    -0.4607   2.819519    -0.4624   2.819648    7.09903    -0.0642    13.8155 0.0000e+00  -61.18650  -54.54117 1152928623 196.081303    34.2767      39374         12  0.000e+00
    200.345    -0.4608   2.819532    -0.4624   2.819695    7.09903    -0.0857    13.8155 0.0000e+00  -61.18650  -54.54117 1152928623 196.081303    34.2769      39375         12  0.000e+00
    200.240    -0.4603   2.819479    -0.4621   2.819706    7.09890    -0.0857    13.8155 0.0000e+00  -61.18650  -54.54117 1152928623 196.081304    34.2757      39376         12  0.000e+00
    200.269    -0.4606   2.819449    -0.4614   2.819741    7.09899    -0.0857    13.8155 0.0000e+00  -61.18650  -54.54117 1152928623 196.081304    34.2757      39377         12  0.000e+00
    200.202    -0.4615   2.819426    -0.4614   2.819759    7.10381    -0.0749    13.8155 0.0000e+00  -61.18650  -54.54117 1152928623 196.081304    34.2764      39378         12  0.000e+00
    200.240    -0.4617   2.819383    -0.4631   2.819736    7.10391    -0.0857    13.8155 0.0000e+00  -61.18650  -54.54117 1152928623 196.081305    34.2760      39379         12  0.000e+00
    200.202    -0.4622   2.819323    -0.4654   2.819607    7.09922    -0.0749    13.8155 0.0000e+00  -61.18650  -54.54117 1152928623 196.081305    34.2758      39380         12  0.000e+00
    200.106    -0.4628   2.819273    -0.4670   2.819450    7.09925    -0.0426    13.8155 0.0000e+00  -61.18650  -54.54117 1152928623 196.081306    34.2759      39381         12  0.000e+00
    200.135    -0.4629   2.819276    -0.4680   2.819327    7.09930    -0.0642    13.8155 0.0000e+00  -61.18650  -54.54117 1152928623 196.081306    34.2761      39382         12  0.000e+00
    200.135    -0.4626   2.819263    -0.4672   2.819281    7.10400    -0.0426    13.8155 0.0000e+00  -61.18650  -54.54117 1152928623 196.081307    34.2755      39383         12  0.000e+00
    200.106    -0.4623   2.819240    -0.4667   2.819333    7.10396    -0.0642    13.8155 0.0000e+00  -61.18650  -54.54117 1152928623 196.081307    34.2749      39384         12  0.000e+00
    200.058    -0.4642   2.819117    -0.4660   2.819316    7.10425    -0.0534    13.8155 0.0000e+00  -61.18650  -54.54117 1152928623 196.081308    34.2754      39385         12  0.000e+00
    199.963    -0.4665   2.818928    -0.4663   2.819304    7.10461    -0.0749    13.8155 0.0000e+00  -61.18650  -54.54117 1152928623 196.081308    34.2755      39386         12  0.000e+00
    200.058    -0.4691   2.818722    -0.4663   2.819322    7.10522    -0.0857    13.8155 0.0000e+00  -61.18650  -54.54117 1152928623 196.081309    34.2757      39387         12  0.000e+00
    199.992    -0.4705   2.818520    -0.4673   2.819269    7.10548    -0.0642    13.8155 0.0000e+00  -61.18650  -54.54117 1152928623 196.081309    34.2746      39388         12  0.000e+00
    199.963    -0.4716   2.818347    -0.4676   2.819252    7.10572    -0.0749    13.8155 0.0000e+00  -61.18650  -54.54117 1152928624 196.081310    34.2735      39389         12  0.000e+00
    199.848    -0.4733   2.818158    -0.4686   2.819252    7.10597    -0.0319    13.8155 0.0000e+00  -61.18650  -54.54117 1152928624 196.081310    34.2729      39390         12  0.000e+00
    199.963    -0.4760   2.817976    -0.4683   2.819252    7.10659    -0.0534    13.8155 0.0000e+00  -61.18650  -54.54117 1152928624 196.081311    34.2734      39391         12  0.000e+00
    199.848    -0.4781   2.817860    -0.4680   2.819228    7.10685    -0.0642    13.8155 0.0000e+00  -61.18650  -54.54117 1152928624 196.081311    34.2744      39392         12  0.000e+00
    199.848    -0.4800   2.817647    -0.4684   2.819182    7.10726    -0.0642    13.8155 0.0000e+00  -61.18650  -54.54117 1152928624 196.081312    34.2736      39393         12  0.000e+00
    199.820    -0.4837   2.817279    -0.4701   2.819129    7.10801    -0.0426    13.8155 0.0000e+00  -61.18650  -54.54117 1152928624 196.081312    34.2729      39394         12  0.000e+00
    199.781    -0.4870   2.816875    -0.4733   2.818914    7.10869    -0.0534    13.8155 0.0000e+00  -61.18650  -54.54117 1152928624 196.081313    34.2712      39395         12  0.000e+00
    150.499    -0.8408   2.780703    -0.8427   2.780929    7.57735     0.0112    13.8155 0.0000e+00  -61.18650  -54.54117 1152928779 196.083104    34.2136      43109         13  0.000e+00
    150.489    -0.8410   2.780697    -0.8426   2.780934    7.57737     0.0112    13.8155 0.0000e+00  -61.18650  -54.54117 1152928779 196.083104    34.2137      43110         13  0.000e+00
    150.422    -0.8410   2.780713    -0.8433   2.780923    7.57729     0.0112    13.8155 0.0000e+00  -61.18650  -54.54117 1152928779 196.083105    34.2139      43111         13  0.000e+00
    150.422    -0.8404   2.780772    -0.8427   2.780934    7.57715    -0.0104    13.8155 0.0000e+00  -61.18650  -54.54117 1152928779 196.083105    34.2141      43112         13  0.000e+00
    150.422    -0.8399   2.780815    -0.8425   2.780963    7.57705    -0.0857    13.8155 0.0000e+00  -61.18650  -54.54117 1152928779 196.083106    34.2141      43113         13  0.000e+00
    150.346    -0.8397   2.780815    -0.8421   2.781027    7.57695    -0.0857    13.8155 0.0000e+00  -61.18650  -54.54117 1152928779 196.083106    34.2140      43114         13  0.000e+00
    150.556    -0.8391   2.780842    -0.8410   2.781126    7.57706    -0.0749    13.8155 0.0000e+00  -61.18650  -54.54117 1152928779 196.083107    34.2135      43115         13  0.000e+00
    150.422    -0.8400   2.780832    -0.8398   2.781213    7.57706    -0.0104    13.8155 0.0000e+00  -61.18650  -54.54117 1152928779 196.083107    34.2145      43116         13  0.000e+00
    150.346    -0.8402   2.780763    -0.8393   2.781253    7.57705    -0.0104    13.8155 0.0000e+00  -61.18650  -54.54117 1152928779 196.083108    34.2138      43117         13  0.000e+00
    150.422    -0.8406   2.780743    -0.8389   2.781265    7.57722    -0.0319    13.8155 0.0000e+00  -61.18650  -54.54117 1152928779 196.083108    34.2140      43118         13  0.000e+00
    150.422    -0.8413   2.780720    -0.8391   2.781265    7.57733    -0.0642    13.8155 0.0000e+00  -61.18650  -54.54117 1152928779 196.083109    34.2144      43119         13  0.000e+00
    150.346    -0.8410   2.780720    -0.8399   2.781242    7.57720    -0.0426    13.8155 0.0000e+00  -61.18650  -54.54117 1152928779 196.083109    34.2141      43120         13  0.000e+00
