product_data/regression_test/downloaded_data/MDGS/320620060703/ctd/p6619605.ros
* Sea-Bird SBE 9 Data File:
* FileName = D:\Data\Raw\p6619605.dat
* Software Version Seasave Win32 V 5.32
* Temperature SN = 1649
* Conductivity SN = 1431
* Number of Bytes Per Scan = 37
* Number of Voltage Words = 5
* Number of Scans Averaged by the Deck Unit = 1
* NMEA Latitude = 60 45.36 S
* NMEA Longitude = 057 33.03 W
* NMEA UTC (Time) = 03:23:55
** Ship:   Nathaniel B. Palmer 
** Cruise:    NBP0606 
# nquan = 17
# nvalues = 1176                    
# units = specified
# name 0 = prDM: Pressure, Digiquartz [db]
# name 1 = t090C: Temperature [ITS-90, deg C]
# name 2 = c0S/m: Conductivity [S/m]
# name 3 = t190C: Temperature, 2 [ITS-90, deg C]
# name 4 = c1S/m: Conductivity, 2 [S/m]
# name 5 = sbeox0ML/L: Oxygen, SBE 43 [ml/l]
# name 6 = flECO-AFL: Fluorescence, Wetlab ECO-AFL/FL [mg/m^3]
# name 7 = bat: Beam Attenuation, Chelsea/Seatech/Wetlab CStar [1/m]
# name 8 = spar: SPAR/Surface Irradiance
# name 9 = latitude: Latitude [deg]
# name 10 = longitude: Longitude [deg]
# name 11 = timeY: Time, System [seconds]
# name 12 = timeJ: Julian Days
# name 13 = sal00: Salinity [PSU]
# name 14 = scan: scan number
# name 15 = nbf: number of bottles fired
# name 16 = flag:  0.000e+00
# interval = seconds: 0.0416667                   
# start_time = Jul 25 2006 03:24:03
*END*
[from data line 596]
    748.429     1.8686   3.076991     1.8692   3.077398    4.51645    -0.1180    13.8155 0.0000e+00  -60.75600  -57.55050 1153804662 206.220651    34.7109     163710         13  0.000e+00
    748.352     1.8691   3.077060     1.8691   3.077368    4.51633    -0.1072    13.8155 0.0000e+00  -60.75600  -57.55050 1153804662 206.220651    34.7113     163711         13  0.000e+00
    748.429     1.8688   3.077077     1.8686   3.077356    4.51640    -0.1072    13.8155 0.0000e+00  -60.75600  -57.55050 1153804662 206.220652    34.7118     163712         13  0.000e+00
    748.372     1.8689   3.077067     1.8692   3.077398    4.51635    -0.1072    13.8155 0.0000e+00  -60.75600  -57.55050 1153804662 206.220652    34.7116     163713         13  0.000e+00
    748.352     1.8694   3.077098     1.8692   3.077398    4.52110    -0.1072    13.8155 0.0000e+00  -60.75600  -57.55050 1153804662 206.220652    34.7114     163714         13  0.000e+00
    748.352     1.8694   3.077101     1.8694   3.077362    4.51628    -0.0749    13.8155 0.0000e+00  -60.75600  -57.55050 1153804662 206.220653    34.7115     163715         13  0.000e+00
    748.353     1.8691   3.077108     1.8689   3.077398    4.52113    -0.0749    13.8155 0.0000e+00  -60.75600  -57.55050 1153804662 206.220653    34.7119     163716         13  0.000e+00
    748.430     1.8699   3.077091     1.8695   3.077434    4.52111    -0.0534    13.8155 0.0000e+00  -60.75600  -57.55050 1153804662 206.220654    34.7108     163717         13  0.000e+00
    748.353     1.8700   3.077115     1.8697   3.077398    4.51622    -0.0964    13.8155 0.0000e+00  -60.75600  -57.55050 1153804662 206.220654    34.7109     163718         13  0.000e+00
    748.430     1.8695   3.077077     1.8695   3.077428    4.51633    -0.0964    13.8155 0.0000e+00  -60.75600  -57.55050 1153804662 206.220655    34.7110     163719         13  0.000e+00
    748.430     1.8696   3.077091     1.8700   3.077446    4.51632    -0.0426    13.8155 0.0000e+00  -60.75600  -57.55050 1153804662 206.220655    34.7111     163720         13  0.000e+00
    748.430     1.8692   3.077108     1.8697   3.077446    4.51634    -0.0749    13.8155 0.0000e+00  -60.75600  -57.55050 1153804662 206.220656    34.7117     163721         13  0.000e+00
    748.430     1.8689   3.077091     1.8697   3.077464    4.51638    -0.1072    13.8155 0.0000e+00  -60.75600  -57.55050 1153804662 206.220656    34.7118     163722         13  0.000e+00
    748.430     1.8696   3.077077     1.8697   3.077452    4.51632    -0.1180    13.8155 0.0000e+00  -60.75600  -57.55050 1153804662 206.220657    34.7109     163723         13  0.000e+00
    748.439     1.8697   3.077119     1.8698   3.077464    4.51630    -0.1072    13.8155 0.0000e+00  -60.75600  -57.55050 1153804662 206.220657    34.7113     163724         13  0.000e+00
    748.497     1.8692   3.077115     1.8697   3.077452    4.51638    -0.0964    13.8155 0.0000e+00  -60.75600  -57.55050 1153804662 206.220658    34.7117     163725         13  0.000e+00
    748.430     1.8696   3.077084     1.8697   3.077428    4.51632    -0.0964    13.8155 0.0000e+00  -60.75600  -57.55050 1153804663 206.220658    34.7110     163726         13  0.000e+00
    748.497     1.8695   3.077101     1.8695   3.077416    4.51636    -0.0749    13.8155 0.0000e+00  -60.75600  -57.55050 1153804663 206.220659    34.7112     163727         13  0.000e+00
    748.497     1.8697   3.077101     1.8692   3.077416    4.51634    -0.0964    13.8155 0.0000e+00  -60.75600  -57.55050 1153804663 206.220659    34.7110     163728         13  0.000e+00
    748.497     1.8695   3.077108     1.8694   3.077392    4.51636    -0.0964    13.8155 0.0000e+00  -60.75600  -57.55050 1153804663 206.220660    34.7113     163729         13  0.000e+00
    748.497     1.8694   3.077129     1.8695   3.077428    4.51636    -0.0319    13.8155 0.0000e+00  -60.75600  -57.55050 1153804663 206.220660    34.7117     163730         13  0.000e+00
    748.574     1.8694   3.077108     1.8689   3.077398    4.52123    -0.0104    13.8155 0.0000e+00  -60.75600  -57.55050 1153804663 206.220661    34.7114     163731         13  0.000e+00
    748.497     1.8694   3.077091     1.8695   3.077416    4.52119    -0.0426    13.8155 0.0000e+00  -60.75600  -57.55050 1153804663 206.220661    34.7113     163732         13  0.000e+00
    748.574     1.8697   3.077105     1.8695   3.077416    4.51639    -0.0426    13.8155 0.0000e+00  -60.75600  -57.55050 1153804663 206.220662    34.7110     163733         13  0.000e+00
    748.574     1.8699   3.077084     1.8697   3.077434    4.51638    -0.0534    13.8155 0.0000e+00  -60.75600  -57.55050 1153804663 206.220662    34.7106     163734         13  0.000e+00
    748.497     1.8700   3.077119     1.8697   3.077446    4.51631    -0.0857    13.8155 0.0000e+00  -60.75600  -57.55050 1153804663 206.220663    34.7109     163735         13  0.000e+00
    748.584     1.8692   3.077108     1.8697   3.077464    4.52126    -0.0964    13.8155 0.0000e+00  -60.75600  -57.55050 1153804663 206.220663    34.7116     163736         13  0.000e+00
    748.642     1.8698   3.077143     1.8694   3.077470    4.51641    -0.0534    13.8155 0.0000e+00  -60.75600  -57.55050 1153804663 206.220664    34.7113     163737         13  0.000e+00
    748.575     1.8692   3.077139     1.8697   3.077452    4.51642    -0.0319    13.8155 0.0000e+00  -60.75600  -57.55050 1153804663 206.220664    34.7120     163738         13  0.000e+00
    748.575     1.8697   3.077108     1.8692   3.077428    4.51639    -0.0749    13.8155 0.0000e+00  -60.75600  -57.55050 1153804663 206.220665    34.7111     163739         13  0.000e+00
    748.642     1.8695   3.077163     1.8692   3.077374    4.51643    -0.0964    13.8155 0.0000e+00  -60.75600  -57.55050 1153804663 206.220665    34.7119     163740         13  0.000e+00
    748.575     1.8691   3.077112     1.8689   3.077356    4.51645    -0.0857    13.8155 0.0000e+00  -60.75600  -57.55050 1153804663 206.220666    34.7118     163741         13  0.000e+00
    748.642     1.8694   3.077132     1.8686   3.077398    4.51645    -0.0964    13.8155 0.0000e+00  -60.75600  -57.55050 1153804663 206.220666    34.7117     163742         13  0.000e+00
    748.642     1.8694   3.077101     1.8689   3.077392    4.51647    -0.0964    13.8155 0.0000e+00  -60.75600  -57.55050 1153804663 206.220666    34.7113     163743         13  0.000e+00
    748.642     1.8694   3.077060     1.8691   3.077386    4.52129    -0.0319    13.8155 0.0000e+00  -60.75600  -57.55050 1153804663 206.220667    34.7108     163744         13  0.000e+00
    748.642     1.8692   3.077132     1.8685   3.077368    4.51647    -0.0534    13.8155 0.0000e+00  -60.75600  -57.55050 1153804663 206.220667    34.7119     163745         13  0.000e+00
    748.710     1.8688   3.077088     1.8694   3.077380    4.52139    -0.0642    13.8155 0.0000e+00  -60.75600  -57.55050 1153804663 206.220668    34.7118     163746         13  0.000e+00
    748.642     1.8692   3.077053     1.8691   3.077386    4.52131    -0.0642    13.8155 0.0000e+00  -60.75600  -57.55050 1153804663 206.220668    34.7109     163747         13  0.000e+00
    748.729     1.8692   3.077094     1.8685   3.077428    4.51654    -0.0749    13.8155 0.0000e+00  -60.75600  -57.55050 1153804663 206.220669    34.7113     163748         13  0.000e+00
    748.642     1.8691   3.077091     1.8690   3.077422    4.51650    -0.0857    13.8155 0.0000e+00  -60.75600  -57.55050 1153804664 206.220669    34.7115     163749         13  0.000e+00
    748.710     1.8691   3.077043     1.8685   3.077368    4.51656    -0.0749    13.8155 0.0000e+00  -60.75600  -57.55050 1153804664 206.220670    34.7109     163750         13  0.000e+00
    399.660     1.9048   3.056412     1.8875   3.055122    4.33950    -0.0749    13.8155 0.0000e+00  -60.75600  -57.55050 1153805090 206.225599    34.6079     173972         14  0.000e+00
    399.593     1.9043   3.056408     1.8872   3.055080    4.33491    -0.0964    13.8155 0.0000e+00  -60.75600  -57.55050 1153805090 206.225600    34.6085     173973         14  0.000e+00
    399.804     1.9035   3.056298     1.8872   3.055086    4.33515    -0.1180    13.8155 0.0000e+00  -60.75600  -57.55050 1153805090 206.225600    34.6078     173974         14  0.000e+00
    399.593     1.9028   3.056243     1.8880   3.055092    4.33511    -0.1395    13.8155 0.0000e+00  -60.75600  -57.55050 1153805090 206.225601    34.6080     173975         14  0.000e+00
    399.593     1.9021   3.056126     1.8894   3.055152    4.33521    -0.1072    13.8155 0.0000e+00  -60.75600  -57.55050 1153805090 206.225601    34.6073     173976         14  0.000e+00
    399.593     1.9007   3.055999     1.8905   3.055194    4.33539    -0.0964    13.8155 0.0000e+00  -60.75600  -57.55050 1153805090 206.225602    34.6073     173977         14  0.000e+00
    399.516     1.8993   3.055879     1.8911   3.055242    4.33551    -0.0749    13.8155 0.0000e+00  -60.75600  -57.55050 1153805090 206.225602    34.6074     173978         14  0.000e+00
    399.593     1.8979   3.055793     1.8906   3.055260    4.34031    -0.0857    13.8155 0.0000e+00  -60.75600  -57.55050 1153805090 206.225603    34.6078     173979         14  0.000e+00
    399.516     1.8986   3.055848     1.8909   3.055260    4.33558    -0.1072    13.8155 0.0000e+00  -60.75600  -57.55050 1153805090 206.225603    34.6077     173980         14  0.000e+00
    399.516     1.8990   3.055927     1.8919   3.055302    4.33552    -0.0857    13.8155 0.0000e+00  -60.75600  -57.55050 1153805090 206.225604    34.6083     173981         14  0.000e+00
    399.516     1.8997   3.056054     1.8919   3.055362    4.33541    -0.0534    13.8155 0.0000e+00  -60.75600  -57.55050 1153805090 206.225604    34.6090     173982         14  0.000e+00
    399.516     1.9007   3.056071     1.8914   3.055398    4.33532    -0.0749    13.8155 0.0000e+00  -60.75600  -57.55050 1153805090 206.225605    34.6082     173983         14  0.000e+00
    399.449     1.9005   3.056085     1.8911   3.055446    4.33988    -0.1180    13.8155 0.0000e+00  -60.75600  -57.55050 1153805090 206.225605    34.6086     173984         14  0.000e+00
    399.516     1.9006   3.056020     1.8915   3.055434    4.33993    -0.0964    13.8155 0.0000e+00  -60.75600  -57.55050 1153805090 206.225606    34.6077     173985         14  0.000e+00
    399.516     1.9002   3.055903     1.8911   3.055386    4.34001    -0.0426    13.8155 0.0000e+00  -60.75600  -57.55050 1153805090 206.225606    34.6066     173986         14  0.000e+00
    399.516     1.8999   3.055910     1.8899   3.055332    4.33544    -0.0642    13.8155 0.0000e+00  -60.75600  -57.55050 1153805090 206.225607    34.6071     173987         14  0.000e+00
    399.449     1.9002   3.055996     1.8898   3.055248    4.33534    -0.1180    13.8155 0.0000e+00  -60.75600  -57.55050 1153805090 206.225607    34.6078     173988         14  0.000e+00
    399.516     1.9005   3.055927     1.8901   3.055272    4.33538    -0.0964    13.8155 0.0000e+00  -60.75600  -57.55050 1153805090 206.225608    34.6066     173989         14  0.000e+00
    399.516     1.9000   3.055879     1.8914   3.055434    4.33545    -0.0749    13.8155 0.0000e+00  -60.75600  -57.55050 1153805090 206.225608    34.6066     173990         14  0.000e+00
    399.516     1.9004   3.055999     1.8933   3.055597    4.33537    -0.0749    13.8155 0.0000e+00  -60.75600  -57.55050 1153805090 206.225609    34.6077     173991         14  0.000e+00
    399.516     1.9008   3.056137     1.8938   3.055651    4.33528    -0.0964    13.8155 0.0000e+00  -60.75600  -57.55050 1153805090 206.225609    34.6089     173992         14  0.000e+00
    399.516     1.9018   3.056181     1.8940   3.055675    4.33977    -0.0964    13.8155 0.0000e+00  -60.75600  -57.55050 1153805090 206.225610    34.6084     173993         14  0.000e+00
    399.593     1.9022   3.056154     1.8972   3.055921    4.33519    -0.1072    13.8155 0.0000e+00  -60.75600  -57.55050 1153805090 206.225610    34.6075     173994         14  0.000e+00
    399.517     1.9021   3.056161     1.9005   3.056275    4.33515    -0.0964    13.8155 0.0000e+00  -60.75600  -57.55050 1153805090 206.225611    34.6078     173995         14  0.000e+00
    399.593     1.9027   3.056164     1.9025   3.056522    4.33515    -0.0749    13.8155 0.0000e+00  -60.75600  -57.55050 1153805091 206.225611    34.6072     173996         14  0.000e+00
    399.593     1.9030   3.056185     1.9028   3.056588    4.33970    -0.0964    13.8155 0.0000e+00  -60.75600  -57.55050 1153805091 206.225611    34.6070     173997         14  0.000e+00
    399.593     1.9021   3.055972     1.9022   3.056528    4.33527    -0.0964    13.8155 0.0000e+00  -60.75600  -57.55050 1153805091 206.225612    34.6054     173998         14  0.000e+00
    399.593     1.9001   3.055879     1.9015   3.056450    4.33549    -0.0749    13.8155 0.0000e+00  -60.75600  -57.55050 1153805091 206.225612    34.6064     173999         14  0.000e+00
    399.660     1.8999   3.056037     1.9001   3.056294    4.34008    -0.0857    13.8155 0.0000e+00  -60.75600  -57.55050 1153805091 206.225613    34.6086     174000         14  0.000e+00
    399.660     1.9006   3.056071     1.8992   3.056173    4.33541    -0.1180    13.8155 0.0000e+00  -60.75600  -57.55050 1153805091 206.225613    34.6082     174001         14  0.000e+00
    399.660     1.9010   3.056195     1.8975   3.055987    4.33533    -0.1180    13.8155 0.0000e+00  -60.75600  -57.55050 1153805091 206.225614    34.6093     174002         14  0.000e+00
    399.593     1.9024   3.056364     1.8961   3.055813    4.33510    -0.0319    13.8155 0.0000e+00  -60.75600  -57.55050 1153805091 206.225614    34.6100     174003         14  0.000e+00
    399.737     1.9037   3.056388     1.8947   3.055711    4.33506    -0.0642    13.8155 0.0000e+00  -60.75600  -57.55050 1153805091 206.225615    34.6088     174004         14  0.000e+00
    399.660     1.9037   3.056329     1.8955   3.055705    4.33963    -0.0749    13.8155 0.0000e+00  -60.75600  -57.55050 1153805091 206.225615    34.6081     174005         14  0.000e+00
    399.737     1.9040   3.056219     1.8964   3.055843    4.33969    -0.0642    13.8155 0.0000e+00  -60.75600  -57.55050 1153805091 206.225616    34.6064     174006         14  0.000e+00
    399.737     1.9012   3.056006     1.8981   3.056053    4.34001    -0.0964    13.8155 0.0000e+00  -60.75600  -57.55050 1153805091 206.225616    34.6067     174007         14  0.000e+00
    399.737     1.9008   3.055910     1.8983   3.056155    4.34009    -0.0857    13.8155 0.0000e+00  -60.75600  -57.55050 1153805091 206.225617    34.6059     174008         14  0.000e+00
    399.737     1.9004   3.055879     1.8990   3.056167    4.34014    -0.0426    13.8155 0.0000e+00  -60.75600  -57.55050 1153805091 206.225617    34.6060     174009         14  0.000e+00
    399.737     1.8997   3.055766     1.8978   3.056101    4.33564    -0.0749    13.8155 0.0000e+00  -60.75600  -57.55050 1153805091 206.225618    34.6053     174010         14  0.000e+00
    399.804     1.8988   3.055545     1.8975   3.055999    4.33585    -0.0964    13.8155 0.0000e+00  -60.75600  -57.55050 1153805091 206.225618    34.6035     174011         14  0.000e+00
    399.804     1.8959   3.055374     1.8951   3.055819    4.33617    -0.0642    13.8155 0.0000e+00  -60.75600  -57.55050 1153805091 206.225619    34.6045     174012         14  0.000e+00
    399.804     1.8944   3.055250     1.8928   3.055579    4.33635    -0.0857    13.8155 0.0000e+00  -60.75600  -57.55050 1153805091 206.225619    34.6046     174013         14  0.000e+00
    399.737     1.8931   3.055164     1.8908   3.055362    4.33646    -0.1072    13.8155 0.0000e+00  -60.75600  -57.55050 1153805091 206.225620    34.6050     174014         14  0.000e+00
