product_data/regression_test/downloaded_data/MDGS/320620060703/ctd/p6611001.cnv
* Sea-Bird SBE 9 Data File:
* FileName = D:\Data\Raw\p6611001.dat
* Software Version Seasave Win32 V 5.32
* Temperature SN = 1649
* Conductivity SN = 1431
* Number of Bytes Per Scan = 37
* Number of Voltage Words = 5
* Number of Scans Averaged by the Deck Unit = 1
* NMEA Latitude = 61 23.01 S
* NMEA Longitude = 054 52.52 W
* NMEA UTC (Time) = 03:20:47
** Ship:   Nathaniel B. Palmer 
** Cruise:    NBP0606 
# nquan = 15
# nvalues = 907                         
# units = specified
# name 0 = prDM: Pressure, Digiquartz [db]
# name 1 = t090C: Temperature [ITS-90, deg C]
# name 2 = c0S/m: Conductivity [S/m]
# name 3 = t190C: Temperature, 2 [ITS-90, deg C]
# name 4 = c1S/m: Conductivity, 2 [S/m]
# name 5 = sbeox0ML/L: Oxygen, SBE 43 [ml/l]
# name 6 = flECO-AFL: Fluorescence, Wetlab ECO-AFL/FL [mg/m^3]
# name 7 = bat: Beam Attenuation, Chelsea/Seatech/Wetlab CStar [1/m]
# name 8 = spar: SPAR/Surface Irradiance
# name 9 = latitude: Latitude [deg]
# name 10 = longitude: Longitude [deg]
# name 11 = timeY: Time, System [seconds]
# name 12 = timeJ: Julian Days
# name 13 = sal00: Salinity [PSU]
# name 14 = flag: flag
# span 0 =      1.000,    907.000       
# span 1 =    -1.0792,     0.4723       
# span 2 =   2.753716,   2.920563       
# span 3 =    -1.0766,     0.4729       
# span 4 =   2.754640,   2.920883       
# span 5 =    5.78942,    7.62030       
# span 6 =    -0.1194,     0.1258       
# span 7 =    13.8155,    13.8155       
# span 8 = 0.0000e+00, 0.0000e+00       
# span 9 =  -61.38350,  -61.38350       
# span 10 =  -54.87533,  -54.87533      
# span 11 = 1152847252, 1152848571      
# span 12 = 195.139500, 195.154777      
# span 13 =    34.2106,    34.5356      
# span 14 = 0.0000e+00, 0.0000e+00      
# interval = decibars: 1                
# start_time = Jul 14 2006 03:20:55
# bad_flag = -9.990e-29
*END*
      1.000    -1.0792   2.753716    -1.0766   2.754640    7.58903     0.0916    13.8155 0.0000e+00  -61.38350  -54.87533 1152847252 195.139500    34.2106 0.0000e+00
      2.000    -1.0685   2.754670    -1.0689   2.755402    7.60457     0.1052    13.8155 0.0000e+00  -61.38350  -54.87533 1152847262 195.139627    34.2107 0.0000e+00
      3.000    -1.0724   2.754341    -1.0754   2.754876    7.61386     0.0931    13.8155 0.0000e+00  -61.38350  -54.87533 1152847273 195.139756    34.2108 0.0000e+00
      4.000    -1.0701   2.754667    -1.0672   2.755625    7.61387     0.0897    13.8155 0.0000e+00  -61.38350  -54.87533 1152847275 195.139780    34.2114 0.0000e+00
      5.000    -1.0478   2.756672    -1.0514   2.756995    7.61285     0.0860    13.8155 0.0000e+00  -61.38350  -54.87533 1152847278 195.139814    34.2120 0.0000e+00
      6.000    -1.0197   2.759264    -1.0176   2.760101    7.60384     0.0861    13.8155 0.0000e+00  -61.38350  -54.87533 1152847280 195.139837    34.2142 0.0000e+00
      7.000    -1.0246   2.758847    -1.0380   2.758441    7.61010     0.0736    13.8155 0.0000e+00  -61.38350  -54.87533 1152847281 195.139852    34.2135 0.0000e+00
      8.000    -1.0536   2.756315    -1.0544   2.756908    7.62030     0.0822    13.8155 0.0000e+00  -61.38350  -54.87533 1152847284 195.139884    34.2125 0.0000e+00
      9.000    -1.0438   2.757260    -1.0439   2.757875    7.61635     0.0864    13.8155 0.0000e+00  -61.38350  -54.87533 1152847287 195.139916    34.2137 0.0000e+00
     10.000    -1.0279   2.758678    -1.0292   2.759303    7.58371     0.0884    13.8155 0.0000e+00  -61.38350  -54.87533 1152847289 195.139940    34.2133 0.0000e+00
     11.000    -1.0252   2.759090    -1.0182   2.760177    7.58579     0.0862    13.8155 0.0000e+00  -61.38350  -54.87533 1152847291 195.139959    34.2160 0.0000e+00
     12.000    -0.9523   2.765795    -0.9451   2.766543    7.56154     0.0722    13.8155 0.0000e+00  -61.38350  -54.87533 1152847292 195.139977    34.2226 0.0000e+00
     13.000    -0.8271   2.777045    -0.8287   2.777401    7.52446     0.0783    13.8155 0.0000e+00  -61.38350  -54.87533 1152847294 195.139998    34.2281 0.0000e+00
     14.000    -0.8125   2.778397    -0.8122   2.778991    7.48278     0.0829    13.8155 0.0000e+00  -61.38350  -54.87533 1152847297 195.140030    34.2307 0.0000e+00
     15.000    -0.8092   2.778724    -0.8090   2.779313    7.46267     0.0806    13.8155 0.0000e+00  -61.38350  -54.87533 1152847299 195.140062    34.2321 0.0000e+00
     16.000    -0.8062   2.779040    -0.8049   2.779727    7.45739     0.0776    13.8155 0.0000e+00  -61.38350  -54.87533 1152847301 195.140081    34.2331 0.0000e+00
     17.000    -0.7891   2.780648    -0.7895   2.781154    7.44853     0.0863    13.8155 0.0000e+00  -61.38350  -54.87533 1152847303 195.140098    34.2347 0.0000e+00
     18.000    -0.7808   2.781458    -0.7787   2.782183    7.43770     0.0821    13.8155 0.0000e+00  -61.38350  -54.87533 1152847304 195.140119    34.2359 0.0000e+00
     19.000    -0.7657   2.782882    -0.7651   2.783508    7.42590     0.0792    13.8155 0.0000e+00  -61.38350  -54.87533 1152847307 195.140143    34.2375 0.0000e+00
     20.000    -0.7678   2.782700    -0.7678   2.783295    7.41792     0.0810    13.8155 0.0000e+00  -61.38350  -54.87533 1152847309 195.140167    34.2375 0.0000e+00
     21.000    -0.7663   2.782880    -0.7662   2.783479    7.42453     0.0777    13.8155 0.0000e+00  -61.38350  -54.87533 1152847312 195.140205    34.2381 0.0000e+00
     22.000    -0.7632   2.783228    -0.7634   2.783779    7.42491     0.0714    13.8155 0.0000e+00  -61.38350  -54.87533 1152847313 195.140223    34.2388 0.0000e+00
     23.000    -0.7605   2.783530    -0.7599   2.784140    7.42157     0.0718    13.8155 0.0000e+00  -61.38350  -54.87533 1152847315 195.140236    34.2393 0.0000e+00
     24.000    -0.7615   2.783468    -0.7607   2.784130    7.41496     0.0833    13.8155 0.0000e+00  -61.38350  -54.87533 1152847316 195.140257    34.2390 0.0000e+00
     25.000    -0.7605   2.783605    -0.7588   2.784323    7.40868     0.0759    13.8155 0.0000e+00  -61.38350  -54.87533 1152847319 195.140289    34.2395 0.0000e+00
     26.000    -0.7518   2.784464    -0.7506   2.785148    7.40734     0.0816    13.8155 0.0000e+00  -61.38350  -54.87533 1152847321 195.140311    34.2404 0.0000e+00
     27.000    -0.7493   2.784753    -0.7488   2.785374    7.40794     0.0770    13.8155 0.0000e+00  -61.38350  -54.87533 1152847323 195.140334    34.2409 0.0000e+00
     28.000    -0.7481   2.784907    -0.7477   2.785525    7.40674     0.0764    13.8155 0.0000e+00  -61.38350  -54.87533 1152847325 195.140357    34.2411 0.0000e+00
     29.000    -0.7476   2.784997    -0.7469   2.785631    7.40608     0.0807    13.8155 0.0000e+00  -61.38350  -54.87533 1152847327 195.140380    34.2412 0.0000e+00
     30.000    -0.7427   2.785495    -0.7416   2.786157    7.39988     0.0705    13.8155 0.0000e+00  -61.38350  -54.87533 1152847330 195.140409    34.2418 0.0000e+00
     31.000    -0.7405   2.785745    -0.7409   2.786283    7.40104     0.0682    13.8155 0.0000e+00  -61.38350  -54.87533 1152847332 195.140432    34.2420 0.0000e+00
     32.000    -0.7369   2.786134    -0.7354   2.786868    7.39906     0.0746    13.8155 0.0000e+00  -61.38350  -54.87533 1152847333 195.140448    34.2429 0.0000e+00
     33.000    -0.7345   2.786398    -0.7349   2.786924    7.39568     0.0695    13.8155 0.0000e+00  -61.38350  -54.87533 1152847335 195.140469    34.2428 0.0000e+00
     34.000    -0.7290   2.786956    -0.7274   2.787654    7.39148     0.0832    13.8155 0.0000e+00  -61.38350  -54.87533 1152847337 195.140502    34.2435 0.0000e+00
     35.000    -0.7134   2.788465    -0.7099   2.789298    7.38024     0.0651    13.8155 0.0000e+00  -61.38350  -54.87533 1152847339 195.140524    34.2450 0.0000e+00
     36.000    -0.6969   2.790014    -0.6984   2.790424    7.37043     0.0652    13.8155 0.0000e+00  -61.38350  -54.87533 1152847341 195.140547    34.2465 0.0000e+00
     37.000    -0.6864   2.791042    -0.6858   2.791596    7.35981     0.0589    13.8155 0.0000e+00  -61.38350  -54.87533 1152847344 195.140573    34.2479 0.0000e+00
     38.000    -0.6830   2.791387    -0.6824   2.791970    7.35592     0.0687    13.8155 0.0000e+00  -61.38350  -54.87533 1152847345 195.140591    34.2482 0.0000e+00
     39.000    -0.6799   2.791715    -0.6776   2.792457    7.35146     0.0648    13.8155 0.0000e+00  -61.38350  -54.87533 1152847347 195.140610    34.2486 0.0000e+00
     40.000    -0.6764   2.792075    -0.6768   2.792556    7.34294     0.0746    13.8155 0.0000e+00  -61.38350  -54.87533 1152847349 195.140640    34.2490 0.0000e+00
     41.000    -0.6738   2.792370    -0.6736   2.792910    7.34185     0.0724    13.8155 0.0000e+00  -61.38350  -54.87533 1152847352 195.140669    34.2496 0.0000e+00
     42.000    -0.6720   2.792569    -0.6714   2.793152    7.34248     0.0564    13.8155 0.0000e+00  -61.38350  -54.87533 1152847354 195.140687    34.2497 0.0000e+00
     43.000    -0.6674   2.793034    -0.6665   2.793634    7.34034     0.0642    13.8155 0.0000e+00  -61.38350  -54.87533 1152847355 195.140704    34.2502 0.0000e+00
     44.000    -0.6643   2.793363    -0.6639   2.793916    7.33738     0.0711    13.8155 0.0000e+00  -61.38350  -54.87533 1152847358 195.140733    34.2505 0.0000e+00
     45.000    -0.6629   2.793546    -0.6628   2.794068    7.33410     0.0694    13.8155 0.0000e+00  -61.38350  -54.87533 1152847360 195.140763    34.2509 0.0000e+00
     46.000    -0.6604   2.793823    -0.6596   2.794407    7.33284     0.0578    13.8155 0.0000e+00  -61.38350  -54.87533 1152847361 195.140777    34.2511 0.0000e+00
     47.000    -0.6579   2.794104    -0.6555   2.794828    7.32574     0.0764    13.8155 0.0000e+00  -61.38350  -54.87533 1152847363 195.140796    34.2515 0.0000e+00
     48.000    -0.6484   2.795027    -0.6471   2.795642    7.31713     0.0783    13.8155 0.0000e+00  -61.38350  -54.87533 1152847366 195.140836    34.2525 0.0000e+00
     49.000    -0.6352   2.796304    -0.6344   2.796862    7.31530     0.0604    13.8155 0.0000e+00  -61.38350  -54.87533 1152847369 195.140861    34.2539 0.0000e+00
     50.000    -0.6267   2.797175    -0.6251   2.797790    7.31051     0.0561    13.8155 0.0000e+00  -61.38350  -54.87533 1152847370 195.140875    34.2554 0.0000e+00
     51.000    -0.6174   2.798099    -0.6167   2.798651    7.30450     0.0599    13.8155 0.0000e+00  -61.38350  -54.87533 1152847371 195.140890    34.2565 0.0000e+00
     52.000    -0.6152   2.798339    -0.6146   2.798890    7.29466     0.0641    13.8155 0.0000e+00  -61.38350  -54.87533 1152847373 195.140912    34.2566 0.0000e+00
     53.000    -0.6105   2.798824    -0.6087   2.799470    7.27571     0.0722    13.8155 0.0000e+00  -61.38350  -54.87533 1152847376 195.140947    34.2575 0.0000e+00
     54.000    -0.5753   2.802218    -0.5736   2.802746    7.25337     0.0724    13.8155 0.0000e+00  -61.38350  -54.87533 1152847379 195.140977    34.2623 0.0000e+00
     55.000    -0.5277   2.806713    -0.5261   2.807256    7.22875     0.0631    13.8155 0.0000e+00  -61.38350  -54.87533 1152847380 195.140996    34.2670 0.0000e+00
     56.000    -0.5156   2.807896    -0.5146   2.808411    7.20891     0.0541    13.8155 0.0000e+00  -61.38350  -54.87533 1152847382 195.141014    34.2686 0.0000e+00
     57.000    -0.5049   2.808942    -0.5037   2.809486    7.18904     0.0632    13.8155 0.0000e+00  -61.38350  -54.87533 1152847384 195.141038    34.2703 0.0000e+00
     58.000    -0.4918   2.810237    -0.4905   2.810792    7.16874     0.0559    13.8155 0.0000e+00  -61.38350  -54.87533 1152847386 195.141064    34.2726 0.0000e+00
     59.000    -0.4879   2.810691    -0.4869   2.811229    7.15957     0.0647    13.8155 0.0000e+00  -61.38350  -54.87533 1152847388 195.141082    34.2738 0.0000e+00
     60.000    -0.4833   2.811181    -0.4826   2.811696    7.14857     0.0704    13.8155 0.0000e+00  -61.38350  -54.87533 1152847389 195.141103    34.2749 0.0000e+00
     61.000    -0.4802   2.811525    -0.4785   2.812124    7.12922     0.0695    13.8155 0.0000e+00  -61.38350  -54.87533 1152847394 195.141153    34.2760 0.0000e+00
     62.000    -0.4480   2.814834    -0.4469   2.815211    7.11133     0.0786    13.8155 0.0000e+00  -61.38350  -54.87533 1152847395 195.141164    34.2826 0.0000e+00
     63.000    -0.4193   2.817660    -0.4174   2.818195    7.09331     0.0574    13.8155 0.0000e+00  -61.38350  -54.87533 1152847396 195.141177    34.2870 0.0000e+00
     64.000    -0.4083   2.818773    -0.4073   2.819288    7.07072     0.0655    13.8155 0.0000e+00  -61.38350  -54.87533 1152847397 195.141193    34.2887 0.0000e+00
     65.000    -0.4055   2.819088    -0.4041   2.819645    7.05236     0.0627    13.8155 0.0000e+00  -61.38350  -54.87533 1152847399 195.141218    34.2897 0.0000e+00
     66.000    -0.4003   2.819594    -0.4008   2.819989    7.03235     0.0647    13.8155 0.0000e+00  -61.38350  -54.87533 1152847404 195.141268    34.2908 0.0000e+00
     67.000    -0.3992   2.819762    -0.3976   2.820329    7.02645     0.0584    13.8155 0.0000e+00  -61.38350  -54.87533 1152847405 195.141283    34.2914 0.0000e+00
     68.000    -0.3909   2.820545    -0.3898   2.821078    7.02515     0.0505    13.8155 0.0000e+00  -61.38350  -54.87533 1152847406 195.141294    34.2918 0.0000e+00
     69.000    -0.3858   2.821084    -0.3849   2.821598    7.02354     0.0509    13.8155 0.0000e+00  -61.38350  -54.87533 1152847407 195.141306    34.2925 0.0000e+00
     70.000    -0.3860   2.821106    -0.3832   2.821803    7.01814     0.0756    13.8155 0.0000e+00  -61.38350  -54.87533 1152847410 195.141346    34.2929 0.0000e+00
     71.000    -0.3790   2.821837    -0.3777   2.822376    7.00888     0.0720    13.8155 0.0000e+00  -61.38350  -54.87533 1152847413 195.141380    34.2941 0.0000e+00
     72.000    -0.3690   2.822888    -0.3674   2.823412    7.00059     0.0582    13.8155 0.0000e+00  -61.38350  -54.87533 1152847414 195.141391    34.2964 0.0000e+00
     73.000    -0.3543   2.824428    -0.3530   2.824930    6.98946     0.0551    13.8155 0.0000e+00  -61.38350  -54.87533 1152847415 195.141404    34.2993 0.0000e+00
     74.000    -0.3477   2.825152    -0.3444   2.825894    6.97302     0.0739    13.8155 0.0000e+00  -61.38350  -54.87533 1152847418 195.141436    34.3010 0.0000e+00
     75.000    -0.3422   2.825768    -0.3411   2.826285    6.95789     0.0714    13.8155 0.0000e+00  -61.38350  -54.87533 1152847421 195.141469    34.3026 0.0000e+00
     76.000    -0.3390   2.826155    -0.3381   2.826657    6.95092     0.0663    13.8155 0.0000e+00  -61.38350  -54.87533 1152847423 195.141487    34.3037 0.0000e+00
     77.000    -0.3387   2.826239    -0.3378   2.826752    6.94802     0.0687    13.8155 0.0000e+00  -61.38350  -54.87533 1152847425 195.141511    34.3040 0.0000e+00
     78.000    -0.3378   2.826390    -0.3367   2.826929    6.94220     0.0698    13.8155 0.0000e+00  -61.38350  -54.87533 1152847427 195.141532    34.3045 0.0000e+00
     79.000    -0.3365   2.826581    -0.3356   2.827094    6.93894     0.0615    13.8155 0.0000e+00  -61.38350  -54.87533 1152847428 195.141545    34.3051 0.0000e+00
     80.000    -0.3356   2.826707    -0.3350   2.827201    6.94096     0.0581    13.8155 0.0000e+00  -61.38350  -54.87533 1152847430 195.141569    34.3053 0.0000e+00
     81.000    -0.3338   2.826966    -0.3329   2.827465    6.94184     0.0705    13.8155 0.0000e+00  -61.38350  -54.87533 1152847434 195.141623    34.3061 0.0000e+00
     82.000    -0.3320   2.827257    -0.3313   2.827743    6.93697     0.0683    13.8155 0.0000e+00  -61.38350  -54.87533 1152847436 195.141636    34.3074 0.0000e+00
     83.000    -0.3346   2.827128    -0.3340   2.827621    6.93317     0.0618    13.8155 0.0000e+00  -61.38350  -54.87533 1152847437 195.141647    34.3080 0.0000e+00
     84.000    -0.3381   2.826929    -0.3372   2.827446    6.93080     0.0753    13.8155 0.0000e+00  -61.38350  -54.87533 1152847438 195.141660    34.3088 0.0000e+00
     85.000    -0.3402   2.826799    -0.3397   2.827296    6.92823     0.0838    13.8155 0.0000e+00  -61.38350  -54.87533 1152847440 195.141683    34.3090 0.0000e+00
     86.000    -0.3438   2.826600    -0.3435   2.827083    6.92398     0.0757    13.8155 0.0000e+00  -61.38350  -54.87533 1152847442 195.141710    34.3098 0.0000e+00
     87.000    -0.3443   2.826700    -0.3438   2.827183    6.91601     0.0831    13.8155 0.0000e+00  -61.38350  -54.87533 1152847446 195.141756    34.3111 0.0000e+00
     88.000    -0.3590   2.825516    -0.3602   2.825925    6.91791     0.0750    13.8155 0.0000e+00  -61.38350  -54.87533 1152847448 195.141778    34.3114 0.0000e+00
     89.000    -0.3805   2.823838    -0.3829   2.824185    6.91898     0.0748    13.8155 0.0000e+00  -61.38350  -54.87533 1152847449 195.141792    34.3136 0.0000e+00
     90.000    -0.3885   2.823294    -0.3875   2.823832    6.92084     0.0787    13.8155 0.0000e+00  -61.38350  -54.87533 1152847450 195.141809    34.3146 0.0000e+00
     91.000    -0.3968   2.822636    -0.3971   2.823111    6.91642     0.0777    13.8155 0.0000e+00  -61.38350  -54.87533 1152847452 195.141825    34.3145 0.0000e+00
     92.000    -0.4090   2.821686    -0.4088   2.822179    6.91632     0.0804    13.8155 0.0000e+00  -61.38350  -54.87533 1152847453 195.141842    34.3151 0.0000e+00
     93.000    -0.4159   2.821173    -0.4157   2.821637    6.90951     0.0942    13.8155 0.0000e+00  -61.38350  -54.87533 1152847457 195.141885    34.3150 0.0000e+00
     94.000    -0.4126   2.821758    -0.4097   2.822419    6.90100     0.0811    13.8155 0.0000e+00  -61.38350  -54.87533 1152847460 195.141922    34.3184 0.0000e+00
     95.000    -0.3739   2.825512    -0.3727   2.825969    6.88715     0.0993    13.8155 0.0000e+00  -61.38350  -54.87533 1152847462 195.141938    34.3231 0.0000e+00
     96.000    -0.3595   2.826914    -0.3568   2.827515    6.87074     0.0910    13.8155 0.0000e+00  -61.38350  -54.87533 1152847463 195.141951    34.3246 0.0000e+00
