product_data/regression_test/downloaded_data/MDGS/320620060703/ctd/p6611001.cnv
* Sea-Bird SBE 9 Data File:
* FileName = D:\Data\Raw\p6611001.dat
* Software Version Seasave Win32 V 5.32
* Temperature SN = 1649
* Conductivity SN = 1431
* Number of Bytes Per Scan = 37
* Number of Voltage Words = 5
* Number of Scans Averaged by the Deck Unit = 1
* NMEA Latitude = 61 23.01 S
* NMEA Longitude = 054 52.52 W
* NMEA UTC (Time) = 03:20:47
** Ship:   Nathaniel B. Palmer 
** Cruise:    NBP0606 
# nquan = 15
# nvalues = 907                         
# units = specified
# name 0 = prDM: Pressure, Digiquartz [db]
# name 1 = t090C: Temperature [ITS-90, deg C]
# name 2 = c0S/m: Conductivity [S/m]
# name 3 = t190C: Temperature, 2 [ITS-90, deg C]
# name 4 = c1S/m: Conductivity, 2 [S/m]
# name 5 = sbeox0ML/L: Oxygen, SBE 43 [ml/l]
# name 6 = flECO-AFL: Fluorescence, Wetlab ECO-AFL/FL [mg/m^3]
# name 7 = bat: Beam Attenuation, Chelsea/Seatech/Wetlab CStar [1/m]
# name 8 = spar: SPAR/Surface Irradiance
# name 9 = latitude: Latitude [deg]
# name 10 = longitude: Longitude [deg]
# name 11 = timeY: Time, System [seconds]
# name 12 = timeJ: Julian Days
# name 13 = sal00: Salinity [PSU]
# name 14 = flag: flag
# span 0 =      1.000,    907.000       
# span 1 =    -1.0792,     0.4723       
# span 2 =   2.753716,   2.920563       
# span 3 =    -1.0766,     0.4729       
# span 4 =   2.754640,   2.920883       
# span 5 =    5.78942,    7.62030       
# span 6 =    -0.1194,     0.1258       
# span 7 =    13.8155,    13.8155       
# span 8 = 0.0000e+00, 0.0000e+00       
# span 9 =  -61.38350,  -61.38350       
# span 10 =  -54.87533,  -54.87533      
# span 11 = 1152847252, 1152848571      
# span 12 = 195.139500, 195.154777      
# span 13 =    34.2106,    34.5356      
# span 14 = 0.0000e+00, 0.0000e+00      
# interval = decibars: 1                
# start_time = Jul 14 2006 03:20:55
# bad_flag = -9.990e-29
*END*
[from data line 482]
    483.000    -0.0034   2.888951    -0.0044   2.889275    6.06882    -0.0697    13.8155 0.0000e+00  -61.38350  -54.87533 1152847994 195.148096    34.5168 0.0000e+00
    484.000    -0.0047   2.888910    -0.0001   2.889723    6.06771    -0.0805    13.8155 0.0000e+00  -61.38350  -54.87533 1152847996 195.148118    34.5170 0.0000e+00
    485.000    -0.0027   2.889112    -0.0025   2.889606    6.07604    -0.0715    13.8155 0.0000e+00  -61.38350  -54.87533 1152847997 195.148132    34.5166 0.0000e+00
    486.000    -0.0570   2.884074    -0.0603   2.884594    6.08864    -0.0823    13.8155 0.0000e+00  -61.38350  -54.87533 1152847998 195.148143    34.5107 0.0000e+00
    487.000    -0.1148   2.879136    -0.1132   2.879841    6.10008    -0.0887    13.8155 0.0000e+00  -61.38350  -54.87533 1152847999 195.148154    34.5129 0.0000e+00
    488.000    -0.1153   2.879133    -0.1139   2.879740    6.11378    -0.0696    13.8155 0.0000e+00  -61.38350  -54.87533 1152848000 195.148169    34.5121 0.0000e+00
    489.000    -0.1274   2.878082    -0.1267   2.878659    6.13022    -0.0790    13.8155 0.0000e+00  -61.38350  -54.87533 1152848002 195.148187    34.5111 0.0000e+00
    490.000    -0.1452   2.876560    -0.1429   2.877280    6.14144    -0.0883    13.8155 0.0000e+00  -61.38350  -54.87533 1152848003 195.148201    34.5104 0.0000e+00
    491.000    -0.1497   2.876253    -0.1499   2.876705    6.14656    -0.0706    13.8155 0.0000e+00  -61.38350  -54.87533 1152848004 195.148213    34.5106 0.0000e+00
    492.000    -0.1503   2.876243    -0.1492   2.876799    6.15257    -0.0793    13.8155 0.0000e+00  -61.38350  -54.87533 1152848005 195.148225    34.5103 0.0000e+00
    493.000    -0.1519   2.876144    -0.1527   2.876563    6.15829    -0.0839    13.8155 0.0000e+00  -61.38350  -54.87533 1152848006 195.148240    34.5100 0.0000e+00
    494.000    -0.1592   2.875599    -0.1593   2.876049    6.16354    -0.0812    13.8155 0.0000e+00  -61.38350  -54.87533 1152848008 195.148257    34.5102 0.0000e+00
    495.000    -0.1593   2.875665    -0.1594   2.876101    6.16757    -0.0814    13.8155 0.0000e+00  -61.38350  -54.87533 1152848009 195.148272    34.5102 0.0000e+00
    496.000    -0.1589   2.875758    -0.1594   2.876164    6.17090    -0.0890    13.8155 0.0000e+00  -61.38350  -54.87533 1152848010 195.148285    34.5101 0.0000e+00
    497.000    -0.1592   2.875763    -0.1590   2.876239    6.17237    -0.0731    13.8155 0.0000e+00  -61.38350  -54.87533 1152848011 195.148299    34.5098 0.0000e+00
    498.000    -0.1681   2.875041    -0.1676   2.875552    6.17936    -0.0907    13.8155 0.0000e+00  -61.38350  -54.87533 1152848013 195.148313    34.5096 0.0000e+00
    499.000    -0.1856   2.873527    -0.1857   2.874011    6.18532    -0.0714    13.8155 0.0000e+00  -61.38350  -54.87533 1152848014 195.148330    34.5088 0.0000e+00
    500.000    -0.1919   2.873014    -0.1918   2.873500    6.19159    -0.0865    13.8155 0.0000e+00  -61.38350  -54.87533 1152848015 195.148347    34.5087 0.0000e+00
    501.000    -0.2049   2.871892    -0.2056   2.872366    6.19652    -0.0636    13.8155 0.0000e+00  -61.38350  -54.87533 1152848017 195.148359    34.5077 0.0000e+00
    502.000    -0.2167   2.870931    -0.2144   2.871623    6.20154    -0.0744    13.8155 0.0000e+00  -61.38350  -54.87533 1152848017 195.148370    34.5081 0.0000e+00
    503.000    -0.2185   2.870831    -0.2181   2.871333    6.20349    -0.0880    13.8155 0.0000e+00  -61.38350  -54.87533 1152848018 195.148381    34.5080 0.0000e+00
    504.000    -0.2183   2.870902    -0.2179   2.871381    6.20648    -0.0755    13.8155 0.0000e+00  -61.38350  -54.87533 1152848020 195.148396    34.5080 0.0000e+00
    505.000    -0.2182   2.870953    -0.2186   2.871382    6.21027    -0.0665    13.8155 0.0000e+00  -61.38350  -54.87533 1152848021 195.148415    34.5075 0.0000e+00
    506.000    -0.2194   2.870900    -0.2191   2.871391    6.21089    -0.0860    13.8155 0.0000e+00  -61.38350  -54.87533 1152848023 195.148430    34.5074 0.0000e+00
    507.000    -0.2199   2.870903    -0.2198   2.871366    6.21011    -0.0828    13.8155 0.0000e+00  -61.38350  -54.87533 1152848024 195.148444    34.5073 0.0000e+00
    508.000    -0.2209   2.870868    -0.2208   2.871320    6.21320    -0.0876    13.8155 0.0000e+00  -61.38350  -54.87533 1152848025 195.148458    34.5073 0.0000e+00
    509.000    -0.2217   2.870853    -0.2214   2.871325    6.21547    -0.0976    13.8155 0.0000e+00  -61.38350  -54.87533 1152848026 195.148475    34.5073 0.0000e+00
    510.000    -0.2199   2.871078    -0.2200   2.871486    6.21673    -0.0856    13.8155 0.0000e+00  -61.38350  -54.87533 1152848028 195.148488    34.5076 0.0000e+00
    511.000    -0.2186   2.871215    -0.2184   2.871688    6.21607    -0.0689    13.8155 0.0000e+00  -61.38350  -54.87533 1152848029 195.148499    34.5072 0.0000e+00
    512.000    -0.2189   2.871235    -0.2188   2.871689    6.21334    -0.0825    13.8155 0.0000e+00  -61.38350  -54.87533 1152848030 195.148511    34.5072 0.0000e+00
    513.000    -0.2199   2.871198    -0.2200   2.871644    6.21235    -0.0835    13.8155 0.0000e+00  -61.38350  -54.87533 1152848031 195.148525    34.5073 0.0000e+00
    514.000    -0.2208   2.871174    -0.2206   2.871628    6.21375    -0.0802    13.8155 0.0000e+00  -61.38350  -54.87533 1152848032 195.148542    34.5072 0.0000e+00
    515.000    -0.2201   2.871281    -0.2195   2.871758    6.21283    -0.0850    13.8155 0.0000e+00  -61.38350  -54.87533 1152848034 195.148556    34.5073 0.0000e+00
    516.000    -0.2150   2.871756    -0.2146   2.872232    6.21331    -0.0907    13.8155 0.0000e+00  -61.38350  -54.87533 1152848035 195.148568    34.5071 0.0000e+00
    517.000    -0.2139   2.871909    -0.2139   2.872336    6.21243    -0.0894    13.8155 0.0000e+00  -61.38350  -54.87533 1152848036 195.148583    34.5072 0.0000e+00
    518.000    -0.2147   2.871875    -0.2139   2.872390    6.21788    -0.0834    13.8155 0.0000e+00  -61.38350  -54.87533 1152848038 195.148604    34.5071 0.0000e+00
    519.000    -0.2229   2.871203    -0.2236   2.871597    6.21987    -0.0935    13.8155 0.0000e+00  -61.38350  -54.87533 1152848039 195.148622    34.5069 0.0000e+00
    520.000    -0.2241   2.871151    -0.2242   2.871587    6.22058    -0.0889    13.8155 0.0000e+00  -61.38350  -54.87533 1152848040 195.148635    34.5072 0.0000e+00
    521.000    -0.2239   2.871209    -0.2239   2.871654    6.22114    -0.0929    13.8155 0.0000e+00  -61.38350  -54.87533 1152848041 195.148644    34.5070 0.0000e+00
    522.000    -0.2240   2.871243    -0.2238   2.871693    6.22133    -0.0809    13.8155 0.0000e+00  -61.38350  -54.87533 1152848042 195.148653    34.5070 0.0000e+00
    523.000    -0.2254   2.871146    -0.2254   2.871604    6.22049    -0.0846    13.8155 0.0000e+00  -61.38350  -54.87533 1152848043 195.148661    34.5067 0.0000e+00
    524.000    -0.2263   2.871130    -0.2256   2.871627    6.21983    -0.0838    13.8155 0.0000e+00  -61.38350  -54.87533 1152848043 195.148671    34.5069 0.0000e+00
    525.000    -0.2272   2.871112    -0.2268   2.871573    6.21906    -0.0808    13.8155 0.0000e+00  -61.38350  -54.87533 1152848046 195.148700    34.5070 0.0000e+00
    526.000    -0.2279   2.871073    -0.2280   2.871521    6.22123    -0.0620    13.8155 0.0000e+00  -61.38350  -54.87533 1152848048 195.148725    34.5067 0.0000e+00
    527.000    -0.2342   2.870576    -0.2338   2.871057    6.22108    -0.0639    13.8155 0.0000e+00  -61.38350  -54.87533 1152848049 195.148736    34.5067 0.0000e+00
    528.000    -0.2326   2.870776    -0.2327   2.871183    6.22206    -0.0692    13.8155 0.0000e+00  -61.38350  -54.87533 1152848050 195.148745    34.5070 0.0000e+00
    529.000    -0.2299   2.871043    -0.2301   2.871446    6.22327    -0.0684    13.8155 0.0000e+00  -61.38350  -54.87533 1152848051 195.148756    34.5068 0.0000e+00
    530.000    -0.2320   2.870896    -0.2311   2.871426    6.22400    -0.0761    13.8155 0.0000e+00  -61.38350  -54.87533 1152848052 195.148769    34.5066 0.0000e+00
    531.000    -0.2347   2.870734    -0.2343   2.871191    6.22432    -0.0734    13.8155 0.0000e+00  -61.38350  -54.87533 1152848053 195.148784    34.5070 0.0000e+00
    532.000    -0.2305   2.871140    -0.2300   2.871604    6.22450    -0.0776    13.8155 0.0000e+00  -61.38350  -54.87533 1152848054 195.148795    34.5069 0.0000e+00
    533.000    -0.2316   2.871077    -0.2314   2.871536    6.22396    -0.0688    13.8155 0.0000e+00  -61.38350  -54.87533 1152848055 195.148806    34.5068 0.0000e+00
    534.000    -0.2307   2.871203    -0.2303   2.871681    6.22220    -0.0786    13.8155 0.0000e+00  -61.38350  -54.87533 1152848056 195.148820    34.5068 0.0000e+00
    535.000    -0.2306   2.871261    -0.2310   2.871661    6.21970    -0.0920    13.8155 0.0000e+00  -61.38350  -54.87533 1152848058 195.148845    34.5068 0.0000e+00
    536.000    -0.2301   2.871365    -0.2298   2.871813    6.22324    -0.0817    13.8155 0.0000e+00  -61.38350  -54.87533 1152848060 195.148865    34.5069 0.0000e+00
    537.000    -0.2305   2.871376    -0.2305   2.871821    6.22500    -0.0852    13.8155 0.0000e+00  -61.38350  -54.87533 1152848061 195.148877    34.5070 0.0000e+00
    538.000    -0.2318   2.871319    -0.2319   2.871764    6.22495    -0.0735    13.8155 0.0000e+00  -61.38350  -54.87533 1152848062 195.148887    34.5071 0.0000e+00
    539.000    -0.2320   2.871345    -0.2320   2.871794    6.22299    -0.0734    13.8155 0.0000e+00  -61.38350  -54.87533 1152848063 195.148896    34.5071 0.0000e+00
    540.000    -0.2322   2.871381    -0.2320   2.871829    6.22143    -0.0718    13.8155 0.0000e+00  -61.38350  -54.87533 1152848064 195.148908    34.5072 0.0000e+00
    541.000    -0.2321   2.871433    -0.2315   2.871915    6.22278    -0.0756    13.8155 0.0000e+00  -61.38350  -54.87533 1152848065 195.148927    34.5073 0.0000e+00
    542.000    -0.2299   2.871681    -0.2302   2.872074    6.22356    -0.0901    13.8155 0.0000e+00  -61.38350  -54.87533 1152848067 195.148945    34.5073 0.0000e+00
    543.000    -0.2297   2.871731    -0.2296   2.872175    6.22437    -0.0813    13.8155 0.0000e+00  -61.38350  -54.87533 1152848068 195.148958    34.5073 0.0000e+00
    544.000    -0.2294   2.871800    -0.2294   2.872238    6.22358    -0.0737    13.8155 0.0000e+00  -61.38350  -54.87533 1152848069 195.148971    34.5072 0.0000e+00
    545.000    -0.2276   2.872017    -0.2276   2.872439    6.22088    -0.0799    13.8155 0.0000e+00  -61.38350  -54.87533 1152848070 195.148983    34.5075 0.0000e+00
    546.000    -0.2262   2.872184    -0.2259   2.872642    6.22168    -0.0937    13.8155 0.0000e+00  -61.38350  -54.87533 1152848071 195.148995    34.5074 0.0000e+00
    547.000    -0.2267   2.872205    -0.2264   2.872650    6.22055    -0.0816    13.8155 0.0000e+00  -61.38350  -54.87533 1152848072 195.149009    34.5076 0.0000e+00
    548.000    -0.2277   2.872150    -0.2276   2.872592    6.21927    -0.0875    13.8155 0.0000e+00  -61.38350  -54.87533 1152848074 195.149024    34.5076 0.0000e+00
    549.000    -0.2285   2.872130    -0.2284   2.872572    6.22051    -0.0853    13.8155 0.0000e+00  -61.38350  -54.87533 1152848075 195.149039    34.5076 0.0000e+00
    550.000    -0.2316   2.871905    -0.2312   2.872383    6.22263    -0.0913    13.8155 0.0000e+00  -61.38350  -54.87533 1152848077 195.149057    34.5075 0.0000e+00
    551.000    -0.2344   2.871716    -0.2341   2.872170    6.22666    -0.0820    13.8155 0.0000e+00  -61.38350  -54.87533 1152848078 195.149076    34.5078 0.0000e+00
    552.000    -0.2396   2.871307    -0.2397   2.871753    6.23030    -0.0832    13.8155 0.0000e+00  -61.38350  -54.87533 1152848080 195.149091    34.5076 0.0000e+00
    553.000    -0.2427   2.871092    -0.2425   2.871558    6.23129    -0.1019    13.8155 0.0000e+00  -61.38350  -54.87533 1152848081 195.149103    34.5078 0.0000e+00
    554.000    -0.2431   2.871113    -0.2429   2.871555    6.23173    -0.0846    13.8155 0.0000e+00  -61.38350  -54.87533 1152848082 195.149114    34.5079 0.0000e+00
    555.000    -0.2432   2.871158    -0.2428   2.871621    6.23241    -0.0721    13.8155 0.0000e+00  -61.38350  -54.87533 1152848082 195.149125    34.5081 0.0000e+00
    556.000    -0.2432   2.871198    -0.2431   2.871652    6.23192    -0.0797    13.8155 0.0000e+00  -61.38350  -54.87533 1152848083 195.149134    34.5079 0.0000e+00
    557.000    -0.2437   2.871200    -0.2434   2.871647    6.23087    -0.0891    13.8155 0.0000e+00  -61.38350  -54.87533 1152848084 195.149146    34.5079 0.0000e+00
    558.000    -0.2447   2.871153    -0.2443   2.871617    6.23005    -0.0754    13.8155 0.0000e+00  -61.38350  -54.87533 1152848086 195.149163    34.5077 0.0000e+00
    559.000    -0.2452   2.871160    -0.2457   2.871548    6.23502    -0.0805    13.8155 0.0000e+00  -61.38350  -54.87533 1152848089 195.149195    34.5077 0.0000e+00
    560.000    -0.2469   2.871076    -0.2466   2.871525    6.23579    -0.0694    13.8155 0.0000e+00  -61.38350  -54.87533 1152848090 195.149210    34.5080 0.0000e+00
    561.000    -0.2506   2.870796    -0.2505   2.871263    6.23566    -0.0754    13.8155 0.0000e+00  -61.38350  -54.87533 1152848091 195.149221    34.5079 0.0000e+00
    562.000    -0.2522   2.870716    -0.2523   2.871149    6.23545    -0.0967    13.8155 0.0000e+00  -61.38350  -54.87533 1152848092 195.149229    34.5081 0.0000e+00
    563.000    -0.2547   2.870529    -0.2550   2.870961    6.23529    -0.0774    13.8155 0.0000e+00  -61.38350  -54.87533 1152848092 195.149238    34.5079 0.0000e+00
    564.000    -0.2556   2.870503    -0.2549   2.871011    6.23534    -0.0911    13.8155 0.0000e+00  -61.38350  -54.87533 1152848093 195.149247    34.5081 0.0000e+00
    565.000    -0.2556   2.870558    -0.2561   2.870952    6.23583    -0.0806    13.8155 0.0000e+00  -61.38350  -54.87533 1152848094 195.149258    34.5081 0.0000e+00
    566.000    -0.2563   2.870538    -0.2559   2.871001    6.24085    -0.0693    13.8155 0.0000e+00  -61.38350  -54.87533 1152848096 195.149282    34.5079 0.0000e+00
    567.000    -0.2563   2.870562    -0.2554   2.871108    6.25014    -0.0818    13.8155 0.0000e+00  -61.38350  -54.87533 1152848099 195.149313    34.5075 0.0000e+00
    568.000    -0.2819   2.868326    -0.2832   2.868747    6.25382    -0.0976    13.8155 0.0000e+00  -61.38350  -54.87533 1152848100 195.149324    34.5067 0.0000e+00
    569.000    -0.2918   2.867513    -0.2930   2.867894    6.25353    -0.0929    13.8155 0.0000e+00  -61.38350  -54.87533 1152848100 195.149332    34.5068 0.0000e+00
    570.000    -0.3008   2.866738    -0.2985   2.867468    6.25745    -0.1070    13.8155 0.0000e+00  -61.38350  -54.87533 1152848101 195.149340    34.5062 0.0000e+00
    571.000    -0.3146   2.865548    -0.3142   2.866143    6.26110    -0.0700    13.8155 0.0000e+00  -61.38350  -54.87533 1152848102 195.149348    34.5053 0.0000e+00
    572.000    -0.3291   2.864449    -0.3291   2.864941    6.26675    -0.0817    13.8155 0.0000e+00  -61.38350  -54.87533 1152848102 195.149356    34.5073 0.0000e+00
    573.000    -0.3200   2.865289    -0.3228   2.865473    6.27705    -0.0823    13.8155 0.0000e+00  -61.38350  -54.87533 1152848105 195.149383    34.5068 0.0000e+00
    574.000    -0.3221   2.865134    -0.3221   2.865679    6.28578    -0.0862    13.8155 0.0000e+00  -61.38350  -54.87533 1152848107 195.149407    34.5070 0.0000e+00
    575.000    -0.3616   2.861941    -0.3640   2.862248    6.29170    -0.0835    13.8155 0.0000e+00  -61.38350  -54.87533 1152848108 195.149418    34.5085 0.0000e+00
    576.000    -0.3665   2.861599    -0.3663   2.862098    6.29735    -0.0822    13.8155 0.0000e+00  -61.38350  -54.87533 1152848109 195.149428    34.5091 0.0000e+00
    577.000    -0.3658   2.861702    -0.3657   2.862184    6.29961    -0.0829    13.8155 0.0000e+00  -61.38350  -54.87533 1152848110 195.149439    34.5089 0.0000e+00
    578.000    -0.3688   2.861493    -0.3680   2.862016    6.30093    -0.0932    13.8155 0.0000e+00  -61.38350  -54.87533 1152848111 195.149453    34.5087 0.0000e+00
