product_data/regression_test/downloaded_data/MDGS/320620060703/ctd/p6618406.ros
* Sea-Bird SBE 9 Data File:
* FileName = D:\Data\Raw\p6618406.dat
* Software Version Seasave Win32 V 5.32
* Temperature SN = 1649
* Conductivity SN = 1431
* Number of Bytes Per Scan = 37
* Number of Voltage Words = 5
* Number of Scans Averaged by the Deck Unit = 1
* NMEA Latitude = 60 36.35 S
* NMEA Longitude = 053 52.18 W
* NMEA UTC (Time) = 18:27:14
** Ship:   Nathaniel B. Palmer 
** Cruise:    NBP0606 
# nquan = 17
# nvalues = 1176                    
# units = specified
# name 0 = prDM: Pressure, Digiquartz [db]
# name 1 = t090C: Temperature [ITS-90, deg C]
# name 2 = c0S/m: Conductivity [S/m]
# name 3 = t190C: Temperature, 2 [ITS-90, deg C]
# name 4 = c1S/m: Conductivity, 2 [S/m]
# name 5 = sbeox0ML/L: Oxygen, SBE 43 [ml/l]
# name 6 = flECO-AFL: Fluorescence, Wetlab ECO-AFL/FL [mg/m^3]
# name 7 = bat: Beam Attenuation, Chelsea/Seatech/Wetlab CStar [1/m]
# name 8 = spar: SPAR/Surface Irradiance
# name 9 = latitude: Latitude [deg]
# name 10 = longitude: Longitude [deg]
# name 11 = timeY: Time, System [seconds]
# name 12 = timeJ: Julian Days
# name 13 = sal00: Salinity [PSU]
# name 14 = scan: scan number
# name 15 = nbf: number of bottles fired
# name 16 = flag:  0.000e+00
# interval = seconds: 0.0416667                   
# start_time = Jul 22 2006 18:27:22
*END*
[from data line 681]
     35.758    -0.7395   2.789880    -0.7454   2.789464    7.23009     0.1080    13.8155 0.0000e+00  -60.60583  -53.86967 1153595823 203.803530    34.2943      71592         14  0.000e+00
     35.749    -0.7394   2.789860    -0.7457   2.789505    7.23008     0.0972    13.8155 0.0000e+00  -60.60583  -53.86967 1153595823 203.803530    34.2940      71593         14  0.000e+00
     35.682    -0.7396   2.789837    -0.7456   2.789569    7.23006     0.1080    13.8155 0.0000e+00  -60.60583  -53.86967 1153595823 203.803531    34.2940      71594         14  0.000e+00
     35.758    -0.7397   2.789884    -0.7445   2.789609    7.23012     0.0865    13.8155 0.0000e+00  -60.60583  -53.86967 1153595823 203.803531    34.2946      71595         14  0.000e+00
     35.682    -0.7386   2.789953    -0.7436   2.789615    7.22983     0.0972    13.8155 0.0000e+00  -60.60583  -53.86967 1153595823 203.803532    34.2943      71596         14  0.000e+00
     35.121    -0.7501   2.788757    -0.7502   2.789063    7.23640     0.1295    13.8155 1.9481e+00  -60.60583  -53.86967 1153595826 203.803558    34.2915      71650         15  0.000e+00
     35.130    -0.7501   2.788711    -0.7493   2.789087    7.24112     0.1188    13.8155 1.9481e+00  -60.60583  -53.86967 1153595826 203.803558    34.2909      71651         15  0.000e+00
     35.054    -0.7501   2.788675    -0.7488   2.789104    7.24107     0.1080    13.8155 1.9481e+00  -60.60583  -53.86967 1153595826 203.803559    34.2904      71652         15  0.000e+00
     35.130    -0.7499   2.788747    -0.7490   2.789092    7.23640     0.0972    13.8155 1.9481e+00  -60.60583  -53.86967 1153595826 203.803559    34.2912      71653         15  0.000e+00
     35.054    -0.7497   2.788764    -0.7501   2.789040    7.24096     0.0757    13.8155 1.9481e+00  -60.60583  -53.86967 1153595826 203.803560    34.2913      71654         15  0.000e+00
     35.121    -0.7496   2.788777    -0.7501   2.789057    7.24100     0.0972    13.8155 1.9481e+00  -60.60583  -53.86967 1153595826 203.803560    34.2913      71655         15  0.000e+00
     35.054    -0.7494   2.788810    -0.7504   2.789057    7.24089     0.0757    13.8155 1.9481e+00  -60.60583  -53.86967 1153595826 203.803560    34.2915      71656         15  0.000e+00
     35.054    -0.7492   2.788827    -0.7498   2.789075    7.23616     0.0865    13.8155 1.9481e+00  -60.60583  -53.86967 1153595826 203.803561    34.2915      71657         15  0.000e+00
     35.054    -0.7494   2.788810    -0.7496   2.789087    7.23153     0.1188    13.8155 1.9481e+00  -60.60583  -53.86967 1153595826 203.803561    34.2915      71658         15  0.000e+00
     34.987    -0.7488   2.788787    -0.7499   2.789110    7.24075     0.1080    13.8155 1.9481e+00  -60.60583  -53.86967 1153595826 203.803562    34.2906      71659         15  0.000e+00
     35.044    -0.7488   2.788794    -0.7498   2.789052    7.24080     0.0972    13.8155 1.9481e+00  -60.60583  -53.86967 1153595826 203.803562    34.2906      71660         15  0.000e+00
     35.054    -0.7496   2.788837    -0.7500   2.789011    7.23622     0.1080    13.8155 1.9481e+00  -60.60583  -53.86967 1153595826 203.803563    34.2921      71661         15  0.000e+00
     34.987    -0.7486   2.788850    -0.7502   2.788965    7.24067     0.1188    13.8155 1.9481e+00  -60.60583  -53.86967 1153595826 203.803563    34.2911      71662         15  0.000e+00
     34.987    -0.7479   2.788866    -0.7502   2.788970    7.24055     0.1618    13.8155 0.0000e+00  -60.60583  -53.86967 1153595826 203.803564    34.2906      71663         15  0.000e+00
     35.054    -0.7476   2.788883    -0.7504   2.788941    7.24057     0.1941    13.8155 0.0000e+00  -60.60583  -53.86967 1153595826 203.803564    34.2905      71664         15  0.000e+00
     34.978    -0.7485   2.788909    -0.7498   2.788924    7.24061     0.1080    13.8155 1.9481e+00  -60.60583  -53.86967 1153595826 203.803565    34.2919      71665         15  0.000e+00
     34.987    -0.7482   2.788919    -0.7507   2.788924    7.24057     0.0972    13.8155 1.9481e+00  -60.60583  -53.86967 1153595826 203.803565    34.2917      71666         15  0.000e+00
     34.987    -0.7477   2.788919    -0.7507   2.788941    7.23582     0.0972    13.8155 1.9481e+00  -60.60583  -53.86967 1153595826 203.803566    34.2911      71667         15  0.000e+00
     34.911    -0.7471   2.788843    -0.7505   2.788953    7.24039     0.0972    13.8155 1.9481e+00  -60.60583  -53.86967 1153595826 203.803566    34.2895      71668         15  0.000e+00
     34.987    -0.7474   2.788827    -0.7504   2.788930    7.23116     0.0972    13.8155 1.9481e+00  -60.60583  -53.86967 1153595826 203.803567    34.2895      71669         15  0.000e+00
     34.978    -0.7473   2.788761    -0.7505   2.788959    7.24054     0.1295    13.8155 1.9481e+00  -60.60583  -53.86967 1153595826 203.803567    34.2885      71670         15  0.000e+00
     34.911    -0.7477   2.788731    -0.7508   2.788935    7.24055     0.1618    13.8155 1.9481e+00  -60.60583  -53.86967 1153595827 203.803568    34.2886      71671         15  0.000e+00
     34.987    -0.7487   2.788721    -0.7517   2.788889    7.24077     0.1403    13.8155 1.9481e+00  -60.60583  -53.86967 1153595827 203.803568    34.2895      71672         15  0.000e+00
     34.911    -0.7493   2.788718    -0.7516   2.788872    7.24078     0.1188    13.8155 1.9481e+00  -60.60583  -53.86967 1153595827 203.803569    34.2902      71673         15  0.000e+00
     34.988    -0.7493   2.788718    -0.7516   2.788831    7.24554     0.1295    13.8155 1.9481e+00  -60.60583  -53.86967 1153595827 203.803569    34.2902      71674         15  0.000e+00
     34.911    -0.7488   2.788675    -0.7516   2.788854    7.24074     0.0757    13.8155 1.9481e+00  -60.60583  -53.86967 1153595827 203.803570    34.2891      71675         15  0.000e+00
     34.911    -0.7495   2.788635    -0.7519   2.788831    7.24087     0.0434    13.8155 1.9481e+00  -60.60583  -53.86967 1153595827 203.803570    34.2893      71676         15  0.000e+00
     34.911    -0.7501   2.788642    -0.7518   2.788825    7.23627     0.1188    13.8155 1.9481e+00  -60.60583  -53.86967 1153595827 203.803571    34.2901      71677         15  0.000e+00
     34.911    -0.7498   2.788638    -0.7513   2.788837    7.24091     0.1403    13.8155 1.9481e+00  -60.60583  -53.86967 1153595827 203.803571    34.2897      71678         15  0.000e+00
     34.911    -0.7502   2.788628    -0.7513   2.788843    7.24098     0.1188    13.8155 1.9481e+00  -60.60583  -53.86967 1153595827 203.803572    34.2900      71679         15  0.000e+00
     34.911    -0.7504   2.788628    -0.7514   2.788843    7.24101     0.1295    13.8155 1.9481e+00  -60.60583  -53.86967 1153595827 203.803572    34.2903      71680         15  0.000e+00
     34.911    -0.7504   2.788609    -0.7511   2.788848    7.24101     0.1403    13.8155 1.9481e+00  -60.60583  -53.86967 1153595827 203.803573    34.2900      71681         15  0.000e+00
     34.911    -0.7503   2.788628    -0.7513   2.788866    7.24098     0.1403    13.8155 0.0000e+00  -60.60583  -53.86967 1153595827 203.803573    34.2901      71682         15  0.000e+00
     34.911    -0.7504   2.788595    -0.7510   2.788848    7.23635     0.1403    13.8155 0.0000e+00  -60.60583  -53.86967 1153595827 203.803573    34.2898      71683         15  0.000e+00
     34.911    -0.7506   2.788615    -0.7515   2.788843    7.23636     0.1188    13.8155 0.0000e+00  -60.60583  -53.86967 1153595827 203.803574    34.2903      71684         15  0.000e+00
     34.911    -0.7505   2.788592    -0.7513   2.788831    7.24105     0.0972    13.8155 1.9481e+00  -60.60583  -53.86967 1153595827 203.803574    34.2899      71685         15  0.000e+00
     34.845    -0.7507   2.788592    -0.7511   2.788837    7.23165     0.0757    13.8155 0.0000e+00  -60.60583  -53.86967 1153595827 203.803575    34.2901      71686         15  0.000e+00
     34.911    -0.7504   2.788586    -0.7508   2.788883    7.24103     0.1080    13.8155 0.0000e+00  -60.60583  -53.86967 1153595827 203.803575    34.2897      71687         15  0.000e+00
     34.911    -0.7502   2.788582    -0.7514   2.788837    7.23166     0.0757    13.8155 0.0000e+00  -60.60583  -53.86967 1153595827 203.803576    34.2894      71688         15  0.000e+00
     34.911    -0.7503   2.788609    -0.7511   2.788854    7.24100     0.0972    13.8155 0.0000e+00  -60.60583  -53.86967 1153595827 203.803576    34.2898      71689         15  0.000e+00
     34.835    -0.7507   2.788625    -0.7517   2.788854    7.24097     0.1080    13.8155 0.0000e+00  -60.60583  -53.86967 1153595827 203.803577    34.2906      71690         15  0.000e+00
     34.912    -0.7504   2.788609    -0.7516   2.788843    7.24102     0.1080    13.8155 0.0000e+00  -60.60583  -53.86967 1153595827 203.803577    34.2900      71691         15  0.000e+00
     34.912    -0.7504   2.788605    -0.7519   2.788825    7.24102     0.0757    13.8155 0.0000e+00  -60.60583  -53.86967 1153595827 203.803578    34.2899      71692         15  0.000e+00
     34.845    -0.7498   2.788628    -0.7519   2.788796    7.24553     0.0865    13.8155 0.0000e+00  -60.60583  -53.86967 1153595827 203.803578    34.2896      71693         15  0.000e+00
     34.912    -0.7496   2.788628    -0.7524   2.788773    7.24089     0.1188    13.8155 0.0000e+00  -60.60583  -53.86967 1153595827 203.803579    34.2894      71694         15  0.000e+00
     34.912    -0.7498   2.788609    -0.7525   2.788744    7.24093     0.1618    13.8155 0.0000e+00  -60.60583  -53.86967 1153595828 203.803579    34.2893      71695         15  0.000e+00
     34.845    -0.7501   2.788595    -0.7530   2.788697    7.23624     0.1618    13.8155 0.0000e+00  -60.60583  -53.86967 1153595828 203.803580    34.2895      71696         15  0.000e+00
     34.912    -0.7506   2.788566    -0.7533   2.788663    7.24107     0.1618    13.8155 0.0000e+00  -60.60583  -53.86967 1153595828 203.803580    34.2896      71697         15  0.000e+00
     34.912    -0.7507   2.788576    -0.7534   2.788639    7.24108     0.2048    13.8155 0.0000e+00  -60.60583  -53.86967 1153595828 203.803581    34.2899      71698         15  0.000e+00
     20.073    -0.8012   2.783060    -0.8002   2.783510    7.30726     0.1080    13.8155 0.0000e+00  -60.60583  -53.86967 1153595885 203.804243    34.2818      73071         16  0.000e+00
     19.949    -0.8010   2.783073    -0.8008   2.783487    7.31178     0.1188    13.8155 0.0000e+00  -60.60583  -53.86967 1153595885 203.804243    34.2818      73072         16  0.000e+00
     20.006    -0.8013   2.783083    -0.8005   2.783499    7.30720     0.1403    13.8155 0.0000e+00  -60.60583  -53.86967 1153595885 203.804244    34.2823      73073         16  0.000e+00
     19.882    -0.8013   2.783047    -0.8004   2.783464    7.31177     0.1618    13.8155 0.0000e+00  -60.60583  -53.86967 1153595885 203.804244    34.2819      73074         16  0.000e+00
     19.816    -0.8017   2.783056    -0.8012   2.783452    7.30707     0.1403    13.8155 0.0000e+00  -60.60583  -53.86967 1153595885 203.804245    34.2824      73075         16  0.000e+00
     19.930    -0.8017   2.783043    -0.8018   2.783411    7.31187     0.0865    13.8155 0.0000e+00  -60.60583  -53.86967 1153595885 203.804245    34.2822      73076         16  0.000e+00
     19.816    -0.8017   2.783056    -0.8013   2.783382    7.31174     0.1403    13.8155 0.0000e+00  -60.60583  -53.86967 1153595885 203.804246    34.2824      73077         16  0.000e+00
     19.863    -0.8009   2.783056    -0.8013   2.783417    7.31168     0.1833    13.8155 0.0000e+00  -60.60583  -53.86967 1153595885 203.804246    34.2815      73078         16  0.000e+00
     19.816    -0.8012   2.783056    -0.8018   2.783406    7.31168     0.1833    13.8155 0.0000e+00  -60.60583  -53.86967 1153595885 203.804247    34.2819      73079         16  0.000e+00
     19.720    -0.8012   2.783010    -0.8024   2.783342    7.31161     0.1510    13.8155 0.0000e+00  -60.60583  -53.86967 1153595885 203.804247    34.2813      73080         16  0.000e+00
     19.739    -0.8018   2.782941    -0.8024   2.783301    7.30710     0.1188    13.8155 0.0000e+00  -60.60583  -53.86967 1153595885 203.804248    34.2811      73081         16  0.000e+00
     19.720    -0.8024   2.782895    -0.8022   2.783313    7.31187     0.1510    13.8155 0.0000e+00  -60.60583  -53.86967 1153595885 203.804248    34.2811      73082         16  0.000e+00
     19.739    -0.8032   2.782862    -0.8029   2.783324    7.31203     0.1618    13.8155 0.0000e+00  -60.60583  -53.86967 1153595885 203.804249    34.2816      73083         16  0.000e+00
     19.654    -0.8040   2.782842    -0.8033   2.783237    7.31207     0.1726    13.8155 0.0000e+00  -60.60583  -53.86967 1153595885 203.804249    34.2822      73084         16  0.000e+00
     19.673    -0.8041   2.782783    -0.8044   2.783133    7.31215     0.1726    13.8155 0.0000e+00  -60.60583  -53.86967 1153595885 203.804250    34.2816      73085         16  0.000e+00
     19.606    -0.8043   2.782766    -0.8041   2.783069    7.30744     0.2156    13.8155 0.0000e+00  -60.60583  -53.86967 1153595885 203.804250    34.2816      73086         16  0.000e+00
     19.654    -0.8044   2.782736    -0.8065   2.782918    7.31221     0.1941    13.8155 0.0000e+00  -60.60583  -53.86967 1153595886 203.804251    34.2813      73087         16  0.000e+00
     19.530    -0.8043   2.782756    -0.8078   2.782732    7.30737     0.1726    13.8155 0.0000e+00  -60.60583  -53.86967 1153595886 203.804251    34.2815      73088         16  0.000e+00
     19.511    -0.8044   2.782753    -0.8090   2.782605    7.30738     0.1403    13.8155 0.0000e+00  -60.60583  -53.86967 1153595886 203.804252    34.2817      73089         16  0.000e+00
     19.530    -0.8047   2.782730    -0.8090   2.782582    7.31213     0.1618    13.8155 0.0000e+00  -60.60583  -53.86967 1153595886 203.804252    34.2817      73090         16  0.000e+00
     19.511    -0.8044   2.782726    -0.8096   2.782541    7.30740     0.1833    13.8155 0.0000e+00  -60.60583  -53.86967 1153595886 203.804253    34.2813      73091         16  0.000e+00
     19.530    -0.8047   2.782654    -0.8116   2.782390    7.30751     0.1510    13.8155 0.0000e+00  -60.60583  -53.86967 1153595886 203.804253    34.2806      73092         16  0.000e+00
     19.444    -0.8054   2.782664    -0.8148   2.782181    7.31218     0.1188    13.8155 0.0000e+00  -60.60583  -53.86967 1153595886 203.804253    34.2815      73093         16  0.000e+00
     19.530    -0.8049   2.782730    -0.8170   2.782019    7.30280     0.0972    13.8155 0.0000e+00  -60.60583  -53.86967 1153595886 203.804254    34.2818      73094         16  0.000e+00
     19.444    -0.8047   2.782759    -0.8190   2.781874    7.30735     0.1295    13.8155 0.0000e+00  -60.60583  -53.86967 1153595886 203.804254    34.2821      73095         16  0.000e+00
     19.530    -0.8043   2.782806    -0.8217   2.781659    7.31201     0.1618    13.8155 0.0000e+00  -60.60583  -53.86967 1153595886 203.804255    34.2822      73096         16  0.000e+00
     19.511    -0.8040   2.782845    -0.8228   2.781462    7.30725     0.1618    13.8155 0.0000e+00  -60.60583  -53.86967 1153595886 203.804255    34.2824      73097         16  0.000e+00
     19.530    -0.8040   2.782858    -0.8197   2.781653    7.31193     0.1295    13.8155 0.0000e+00  -60.60583  -53.86967 1153595886 203.804256    34.2825      73098         16  0.000e+00
     19.587    -0.8037   2.782839    -0.8139   2.782170    7.31196     0.1403    13.8155 0.0000e+00  -60.60583  -53.86967 1153595886 203.804256    34.2819      73099         16  0.000e+00
     19.463    -0.8046   2.782872    -0.8144   2.782390    7.31194     0.1188    13.8155 0.0000e+00  -60.60583  -53.86967 1153595886 203.804257    34.2834      73100         16  0.000e+00
