product_data/regression_test/downloaded_data/MDGS/320620060703/ctd/p6617601.ros
* Sea-Bird SBE 9 Data File:
* FileName = D:\Data\Raw\p6617601.dat
* Software Version Seasave Win32 V 5.32
* Temperature SN = 1649
* Conductivity SN = 1431
* Number of Bytes Per Scan = 37
* Number of Voltage Words = 5
* Number of Scans Averaged by the Deck Unit = 1
* NMEA Latitude = 60 36.97 S
* NMEA Longitude = 054 43.19 W
* NMEA UTC (Time) = 04:16:14
** Ship:   Nathaniel B. Palmer 
** Cruise:    NBP0606 
# nquan = 17
# nvalues = 1176                    
# units = specified
# name 0 = prDM: Pressure, Digiquartz [db]
# name 1 = t090C: Temperature [ITS-90, deg C]
# name 2 = c0S/m: Conductivity [S/m]
# name 3 = t190C: Temperature, 2 [ITS-90, deg C]
# name 4 = c1S/m: Conductivity, 2 [S/m]
# name 5 = sbeox0ML/L: Oxygen, SBE 43 [ml/l]
# name 6 = flECO-AFL: Fluorescence, Wetlab ECO-AFL/FL [mg/m^3]
# name 7 = bat: Beam Attenuation, Chelsea/Seatech/Wetlab CStar [1/m]
# name 8 = spar: SPAR/Surface Irradiance
# name 9 = latitude: Latitude [deg]
# name 10 = longitude: Longitude [deg]
# name 11 = timeY: Time, System [seconds]
# name 12 = timeJ: Julian Days
# name 13 = sal00: Salinity [PSU]
# name 14 = scan: scan number
# name 15 = nbf: number of bottles fired
# name 16 = flag:  0.000e+00
# interval = seconds: 0.0416667                   
# start_time = Jul 21 2006 04:16:22
*END*
[from data line 256]
   3001.895    -0.0471   2.999393    -0.0473   2.999658    1.89323    -0.1610    13.8155 0.0000e+00  -60.61617  -54.71983 1153459560 202.226411    34.6571     100318          6  0.000e+00
   3001.895    -0.0471   2.999410    -0.0472   2.999658    1.89323    -0.0964    13.8155 0.0000e+00  -60.61617  -54.71983 1153459560 202.226411    34.6573     100319          6  0.000e+00
   3001.974    -0.0472   2.999434    -0.0475   2.999640    1.89326    -0.0964    13.8155 0.0000e+00  -60.61617  -54.71983 1153459560 202.226412    34.6578     100320          6  0.000e+00
   3001.965    -0.0474   2.999420    -0.0469   2.999652    1.89327    -0.0749    13.8155 0.0000e+00  -60.61617  -54.71983 1153459560 202.226412    34.6578     100321          6  0.000e+00
   3001.975    -0.0472   2.999417    -0.0469   2.999640    1.89326    -0.1072    13.8155 0.0000e+00  -60.61617  -54.71983 1153459560 202.226413    34.6575     100322          6  0.000e+00
   3002.044    -0.0470   2.999397    -0.0470   2.999652    1.88642    -0.1395    13.8155 0.0000e+00  -60.61617  -54.71983 1153459560 202.226413    34.6569     100323          6  0.000e+00
   3002.044    -0.0472   2.999410    -0.0470   2.999640    1.88644    -0.1395    13.8155 0.0000e+00  -60.61617  -54.71983 1153459560 202.226413    34.6574     100324          6  0.000e+00
   3002.124    -0.0470   2.999451    -0.0478   2.999634    1.88643    -0.1072    13.8155 0.0000e+00  -60.61617  -54.71983 1153459561 202.226414    34.6576     100325          6  0.000e+00
   3002.114    -0.0468   2.999403    -0.0470   2.999652    1.88643    -0.0534    13.8155 0.0000e+00  -60.61617  -54.71983 1153459561 202.226414    34.6568     100326          6  0.000e+00
   3002.114    -0.0471   2.999407    -0.0475   2.999676    1.88645    -0.0534    13.8155 0.0000e+00  -60.61617  -54.71983 1153459561 202.226415    34.6572     100327          6  0.000e+00
   3002.203    -0.0469   2.999434    -0.0472   2.999664    1.88646    -0.0857    13.8155 0.0000e+00  -60.61617  -54.71983 1153459561 202.226415    34.6573     100328          6  0.000e+00
   3002.193    -0.0468   2.999420    -0.0470   2.999658    1.88645    -0.0964    13.8155 0.0000e+00  -60.61617  -54.71983 1153459561 202.226416    34.6570     100329          6  0.000e+00
   3002.203    -0.0471   2.999434    -0.0470   2.999676    1.89331    -0.1395    13.8155 0.0000e+00  -60.61617  -54.71983 1153459561 202.226416    34.6575     100330          6  0.000e+00
   3002.273    -0.0471   2.999441    -0.0473   2.999664    1.89332    -0.1395    13.8155 0.0000e+00  -60.61617  -54.71983 1153459561 202.226417    34.6576     100331          6  0.000e+00
   3002.273    -0.0465   2.999441    -0.0467   2.999676    1.89328    -0.1180    13.8155 0.0000e+00  -60.61617  -54.71983 1153459561 202.226417    34.6569     100332          6  0.000e+00
   3002.353    -0.0471   2.999421    -0.0473   2.999688    1.89335    -0.1180    13.8155 0.0000e+00  -60.61617  -54.71983 1153459561 202.226418    34.6573     100333          6  0.000e+00
   3002.343    -0.0470   2.999397    -0.0467   2.999706    1.89334    -0.0964    13.8155 0.0000e+00  -60.61617  -54.71983 1153459561 202.226418    34.6568     100334          6  0.000e+00
   3002.422    -0.0471   2.999427    -0.0469   2.999694    1.89336    -0.0857    13.8155 0.0000e+00  -60.61617  -54.71983 1153459561 202.226419    34.6573     100335          6  0.000e+00
   3002.422    -0.0466   2.999434    -0.0470   2.999688    1.89334    -0.1180    13.8155 0.0000e+00  -60.61617  -54.71983 1153459561 202.226419    34.6569     100336          6  0.000e+00
   3002.422    -0.0471   2.999421    -0.0470   2.999706    1.89337    -0.1287    13.8155 0.0000e+00  -60.61617  -54.71983 1153459561 202.226420    34.6572     100337          6  0.000e+00
   3002.422    -0.0470   2.999434    -0.0467   2.999694    1.89335    -0.1180    13.8155 0.0000e+00  -60.61617  -54.71983 1153459561 202.226420    34.6572     100338          6  0.000e+00
   3002.502    -0.0469   2.999458    -0.0467   2.999688    1.90021    -0.0964    13.8155 0.0000e+00  -60.61617  -54.71983 1153459561 202.226421    34.6575     100339          6  0.000e+00
   3002.581    -0.0470   2.999410    -0.0467   2.999706    1.90024    -0.0857    13.8155 0.0000e+00  -60.61617  -54.71983 1153459561 202.226421    34.6569     100340          6  0.000e+00
   3002.502    -0.0468   2.999410    -0.0472   2.999670    1.90021    -0.0964    13.8155 0.0000e+00  -60.61617  -54.71983 1153459561 202.226422    34.6567     100341          6  0.000e+00
   3002.651    -0.0474   2.999397    -0.0468   2.999676    1.90713    -0.1287    13.8155 0.0000e+00  -60.61617  -54.71983 1153459561 202.226422    34.6571     100342          6  0.000e+00
   3002.581    -0.0471   2.999427    -0.0469   2.999688    1.91393    -0.1610    13.8155 0.0000e+00  -60.61617  -54.71983 1153459561 202.226423    34.6572     100343          6  0.000e+00
   3002.651    -0.0468   2.999441    -0.0470   2.999706    1.91393    -0.1395    13.8155 0.0000e+00  -60.61617  -54.71983 1153459561 202.226423    34.6570     100344          6  0.000e+00
   3002.651    -0.0466   2.999441    -0.0472   2.999694    1.91392    -0.1287    13.8155 0.0000e+00  -60.61617  -54.71983 1153459561 202.226424    34.6568     100345          6  0.000e+00
   3002.651    -0.0470   2.999458    -0.0467   2.999706    1.91393    -0.1180    13.8155 0.0000e+00  -60.61617  -54.71983 1153459561 202.226424    34.6574     100346          6  0.000e+00
   3002.731    -0.0468   2.999458    -0.0472   2.999694    1.91394    -0.1072    13.8155 0.0000e+00  -60.61617  -54.71983 1153459561 202.226425    34.6572     100347          6  0.000e+00
   3002.800    -0.0468   2.999462    -0.0473   2.999664    1.91396    -0.1072    13.8155 0.0000e+00  -60.61617  -54.71983 1153459561 202.226425    34.6572     100348          6  0.000e+00
   3002.721    -0.0466   2.999427    -0.0473   2.999700    1.91394    -0.0964    13.8155 0.0000e+00  -60.61617  -54.71983 1153459561 202.226426    34.6566     100349          6  0.000e+00
   3002.800    -0.0473   2.999434    -0.0467   2.999718    1.90716    -0.0534    13.8155 0.0000e+00  -60.61617  -54.71983 1153459562 202.226426    34.6574     100350          6  0.000e+00
   3002.800    -0.0465   2.999458    -0.0469   2.999718    1.90710    -0.0426    13.8155 0.0000e+00  -60.61617  -54.71983 1153459562 202.226427    34.6568     100351          6  0.000e+00
   3002.800    -0.0473   2.999427    -0.0469   2.999694    1.90716    -0.0964    13.8155 0.0000e+00  -60.61617  -54.71983 1153459562 202.226427    34.6573     100352          6  0.000e+00
   3002.880    -0.0466   2.999434    -0.0470   2.999688    1.90714    -0.0749    13.8155 0.0000e+00  -60.61617  -54.71983 1153459562 202.226427    34.6567     100353          6  0.000e+00
   3002.880    -0.0471   2.999458    -0.0472   2.999724    1.90716    -0.0749    13.8155 0.0000e+00  -60.61617  -54.71983 1153459562 202.226428    34.6575     100354          6  0.000e+00
   3002.959    -0.0469   2.999482    -0.0470   2.999724    1.90717    -0.1072    13.8155 0.0000e+00  -60.61617  -54.71983 1153459562 202.226428    34.6576     100355          6  0.000e+00
   3000.000    -0.0471   2.999321    -0.0473   2.999586    1.89275    -0.0964    13.8155 0.0000e+00  -60.61617  -54.71983 1153459566 202.226482    34.6571     100466          7  0.000e+00
   3000.010    -0.0468   2.999321    -0.0469   2.999592    1.89273    -0.1180    13.8155 0.0000e+00  -60.61617  -54.71983 1153459566 202.226482    34.6568     100467          7  0.000e+00
   3000.000    -0.0472   2.999321    -0.0472   2.999604    1.88592    -0.1287    13.8155 0.0000e+00  -60.61617  -54.71983 1153459566 202.226483    34.6573     100468          7  0.000e+00
   3000.000    -0.0471   2.999338    -0.0472   2.999580    1.87907    -0.1180    13.8155 0.0000e+00  -60.61617  -54.71983 1153459566 202.226483    34.6573     100469          7  0.000e+00
   3000.010    -0.0472   2.999321    -0.0469   2.999556    1.87908    -0.1180    13.8155 0.0000e+00  -60.61617  -54.71983 1153459567 202.226484    34.6573     100470          7  0.000e+00
   2999.931    -0.0468   2.999318    -0.0465   2.999550    1.87904    -0.0964    13.8155 0.0000e+00  -60.61617  -54.71983 1153459567 202.226484    34.6568     100471          7  0.000e+00
   2999.931    -0.0469   2.999321    -0.0470   2.999568    1.89272    -0.1610    13.8155 0.0000e+00  -60.61617  -54.71983 1153459567 202.226485    34.6570     100472          7  0.000e+00
   2999.931    -0.0473   2.999321    -0.0473   2.999616    1.89958    -0.1610    13.8155 0.0000e+00  -60.61617  -54.71983 1153459567 202.226485    34.6573     100473          7  0.000e+00
   2999.931    -0.0472   2.999321    -0.0464   2.999610    1.89958    -0.1180    13.8155 0.0000e+00  -60.61617  -54.71983 1153459567 202.226486    34.6573     100474          7  0.000e+00
   3000.000    -0.0472   2.999300    -0.0470   2.999580    1.89960    -0.1180    13.8155 0.0000e+00  -60.61617  -54.71983 1153459567 202.226486    34.6570     100475          7  0.000e+00
   2999.931    -0.0474   2.999331    -0.0470   2.999592    1.89959    -0.1287    13.8155 0.0000e+00  -60.61617  -54.71983 1153459567 202.226487    34.6576     100476          7  0.000e+00
   2999.931    -0.0468   2.999362    -0.0475   2.999622    1.89954    -0.1072    13.8155 0.0000e+00  -60.61617  -54.71983 1153459567 202.226487    34.6573     100477          7  0.000e+00
   2999.931    -0.0471   2.999331    -0.0472   2.999568    1.89957    -0.1180    13.8155 0.0000e+00  -60.61617  -54.71983 1153459567 202.226488    34.6573     100478          7  0.000e+00
   2999.931    -0.0474   2.999321    -0.0473   2.999610    1.89959    -0.1180    13.8155 0.0000e+00  -60.61617  -54.71983 1153459567 202.226488    34.6575     100479          7  0.000e+00
   2999.931    -0.0468   2.999331    -0.0467   2.999610    1.89955    -0.0857    13.8155 0.0000e+00  -60.61617  -54.71983 1153459567 202.226489    34.6569     100480          7  0.000e+00
   3000.011    -0.0472   2.999307    -0.0469   2.999604    1.90644    -0.0426    13.8155 0.0000e+00  -60.61617  -54.71983 1153459567 202.226489    34.6571     100481          7  0.000e+00
   2999.931    -0.0470   2.999297    -0.0472   2.999580    1.90640    -0.0534    13.8155 0.0000e+00  -60.61617  -54.71983 1153459567 202.226490    34.6567     100482          7  0.000e+00
   3000.001    -0.0476   2.999297    -0.0470   2.999592    1.90646    -0.1180    13.8155 0.0000e+00  -60.61617  -54.71983 1153459567 202.226490    34.6573     100483          7  0.000e+00
   2999.931    -0.0470   2.999297    -0.0473   2.999580    1.90640    -0.1395    13.8155 0.0000e+00  -60.61617  -54.71983 1153459567 202.226491    34.6567     100484          7  0.000e+00
   3000.001    -0.0476   2.999348    -0.0475   2.999592    1.90645    -0.1180    13.8155 0.0000e+00  -60.61617  -54.71983 1153459567 202.226491    34.6580     100485          7  0.000e+00
   3000.080    -0.0476   2.999331    -0.0475   2.999604    1.90647    -0.1180    13.8155 0.0000e+00  -60.61617  -54.71983 1153459567 202.226492    34.6577     100486          7  0.000e+00
   3000.011    -0.0472   2.999338    -0.0473   2.999562    1.91327    -0.1180    13.8155 0.0000e+00  -60.61617  -54.71983 1153459567 202.226492    34.6575     100487          7  0.000e+00
   3000.001    -0.0471   2.999307    -0.0472   2.999586    1.91327    -0.1180    13.8155 0.0000e+00  -60.61617  -54.71983 1153459567 202.226493    34.6569     100488          7  0.000e+00
   3000.090    -0.0476   2.999345    -0.0469   2.999580    1.91331    -0.0964    13.8155 0.0000e+00  -60.61617  -54.71983 1153459567 202.226493    34.6579     100489          7  0.000e+00
   3000.080    -0.0471   2.999331    -0.0473   2.999592    1.92012    -0.1072    13.8155 0.0000e+00  -60.61617  -54.71983 1153459567 202.226494    34.6572     100490          7  0.000e+00
   3000.150    -0.0471   2.999338    -0.0475   2.999580    1.92014    -0.1395    13.8155 0.0000e+00  -60.61617  -54.71983 1153459567 202.226494    34.6573     100491          7  0.000e+00
   3000.090    -0.0468   2.999345    -0.0470   2.999592    1.92010    -0.1502    13.8155 0.0000e+00  -60.61617  -54.71983 1153459567 202.226495    34.6570     100492          7  0.000e+00
   3000.150    -0.0472   2.999345    -0.0472   2.999622    1.92015    -0.1395    13.8155 0.0000e+00  -60.61617  -54.71983 1153459567 202.226495    34.6575     100493          7  0.000e+00
   3000.230    -0.0474   2.999345    -0.0475   2.999634    1.92018    -0.1395    13.8155 0.0000e+00  -60.61617  -54.71983 1153459568 202.226495    34.6576     100494          7  0.000e+00
   3000.160    -0.0469   2.999307    -0.0470   2.999586    1.92014    -0.0964    13.8155 0.0000e+00  -60.61617  -54.71983 1153459568 202.226496    34.6567     100495          7  0.000e+00
   3000.230    -0.0469   2.999314    -0.0467   2.999610    1.92015    -0.1072    13.8155 0.0000e+00  -60.61617  -54.71983 1153459568 202.226496    34.6567     100496          7  0.000e+00
   3000.309    -0.0476   2.999355    -0.0470   2.999610    1.91337    -0.1395    13.8155 0.0000e+00  -60.61617  -54.71983 1153459568 202.226497    34.6579     100497          7  0.000e+00
   3000.240    -0.0468   2.999331    -0.0472   2.999580    1.91331    -0.1502    13.8155 0.0000e+00  -60.61617  -54.71983 1153459568 202.226497    34.6568     100498          7  0.000e+00
   3000.379    -0.0476   2.999369    -0.0473   2.999592    1.91339    -0.0964    13.8155 0.0000e+00  -60.61617  -54.71983 1153459568 202.226498    34.6581     100499          7  0.000e+00
   3000.389    -0.0471   2.999355    -0.0470   2.999622    1.91336    -0.0964    13.8155 0.0000e+00  -60.61617  -54.71983 1153459568 202.226498    34.6574     100500          7  0.000e+00
   3000.379    -0.0473   2.999362    -0.0470   2.999586    1.91337    -0.1395    13.8155 0.0000e+00  -60.61617  -54.71983 1153459568 202.226499    34.6576     100501          7  0.000e+00
   3000.458    -0.0472   2.999348    -0.0470   2.999592    1.90655    -0.1287    13.8155 0.0000e+00  -60.61617  -54.71983 1153459568 202.226499    34.6574     100502          7  0.000e+00
   3000.468    -0.0470   2.999345    -0.0469   2.999604    1.90654    -0.1180    13.8155 0.0000e+00  -60.61617  -54.71983 1153459568 202.226500    34.6570     100503          7  0.000e+00
   3000.458    -0.0476   2.999362    -0.0468   2.999640    1.90657    -0.1180    13.8155 0.0000e+00  -60.61617  -54.71983 1153459568 202.226500    34.6579     100504          7  0.000e+00
   3000.538    -0.0471   2.999386    -0.0470   2.999640    1.90656    -0.1395    13.8155 0.0000e+00  -60.61617  -54.71983 1153459568 202.226501    34.6577     100505          7  0.000e+00
   3000.618    -0.0469   2.999372    -0.0470   2.999634    1.91341    -0.1072    13.8155 0.0000e+00  -60.61617  -54.71983 1153459568 202.226501    34.6573     100506          7  0.000e+00
   3000.608    -0.0476   2.999331    -0.0470   2.999634    1.91345    -0.0749    13.8155 0.0000e+00  -60.61617  -54.71983 1153459568 202.226502    34.6575     100507          7  0.000e+00
   3000.687    -0.0471   2.999355    -0.0473   2.999634    1.91344    -0.0749    13.8155 0.0000e+00  -60.61617  -54.71983 1153459568 202.226502    34.6572     100508          7  0.000e+00
   3000.687    -0.0474   2.999379    -0.0470   2.999634    1.91346    -0.1395    13.8155 0.0000e+00  -60.61617  -54.71983 1153459568 202.226503    34.6579     100509          7  0.000e+00
   3000.757    -0.0472   2.999372    -0.0472   2.999652    1.91346    -0.1825    13.8155 0.0000e+00  -60.61617  -54.71983 1153459568 202.226503    34.6576     100510          7  0.000e+00
   3000.687    -0.0468   2.999386    -0.0470   2.999640    1.92025    -0.1395    13.8155 0.0000e+00  -60.61617  -54.71983 1153459568 202.226504    34.6573     100511          7  0.000e+00
