product_data/regression_test/downloaded_data/MDGS/320620060703/ctd/p6612101.cnv
* Sea-Bird SBE 9 Data File:
* FileName = D:\Data\Raw\p6612101.dat
* Software Version Seasave Win32 V 5.32
* Temperature SN = 1649
* Conductivity SN = 1431
* Number of Bytes Per Scan = 37
* Number of Voltage Words = 5
* Number of Scans Averaged by the Deck Unit = 1
* NMEA Latitude = 61 11.19 S
* NMEA Longitude = 054 32.47 W
* NMEA UTC (Time) = 01:29:36
** Ship:   Nathaniel B. Palmer 
** Cruise:    NBP0606 
# nquan = 15
# nvalues = 599                         
# units = specified
# name 0 = prDM: Pressure, Digiquartz [db]
# name 1 = t090C: Temperature [ITS-90, deg C]
# name 2 = c0S/m: Conductivity [S/m]
# name 3 = t190C: Temperature, 2 [ITS-90, deg C]
# name 4 = c1S/m: Conductivity, 2 [S/m]
# name 5 = sbeox0ML/L: Oxygen, SBE 43 [ml/l]
# name 6 = flECO-AFL: Fluorescence, Wetlab ECO-AFL/FL [mg/m^3]
# name 7 = bat: Beam Attenuation, Chelsea/Seatech/Wetlab CStar [1/m]
# name 8 = spar: SPAR/Surface Irradiance
# name 9 = latitude: Latitude [deg]
# name 10 = longitude: Longitude [deg]
# name 11 = timeY: Time, System [seconds]
# name 12 = timeJ: Julian Days
# name 13 = sal00: Salinity [PSU]
# name 14 = flag: flag
# span 0 =      3.000,    601.000       
# span 1 =    -0.9350,    -0.0298       
# span 2 =   2.765272,   2.876498       
# span 3 =    -0.9352,    -0.0276       
# span 4 =   2.765998,   2.876901       
# span 5 =    6.25396,    7.68854       
# span 6 =    -0.0876,     0.2229       
# span 7 =    13.8155,    13.8155       
# span 8 = 0.0000e+00, 0.0000e+00       
# span 9 =  -61.18650,  -61.18650       
# span 10 =  -54.54117,  -54.54117      
# span 11 = 1152926985, 1152927969      
# span 12 = 196.062344, 196.073727      
# span 13 =    34.1993,    34.5183      
# span 14 = 0.0000e+00, 0.0000e+00      
# interval = decibars: 1                
# start_time = Jul 15 2006 01:29:44
# bad_flag = -9.990e-29
*END*
[from data line 386]
    389.000    -0.0627   2.875157    -0.0623   2.875554    6.28111    -0.0432    13.8155 0.0000e+00  -61.18650  -54.54117 1152927573 196.069156    34.4566 0.0000e+00
    390.000    -0.0620   2.875279    -0.0606   2.875724    6.27734    -0.0503    13.8155 0.0000e+00  -61.18650  -54.54117 1152927574 196.069166    34.4569 0.0000e+00
    391.000    -0.0619   2.875341    -0.0613   2.875764    6.27449    -0.0467    13.8155 0.0000e+00  -61.18650  -54.54117 1152927575 196.069175    34.4570 0.0000e+00
    392.000    -0.0626   2.875470    -0.0624   2.875803    6.27408    -0.0362    13.8155 0.0000e+00  -61.18650  -54.54117 1152927576 196.069184    34.4590 0.0000e+00
    393.000    -0.0565   2.876498    -0.0555   2.876901    6.26705    -0.0557    13.8155 0.0000e+00  -61.18650  -54.54117 1152927577 196.069196    34.4649 0.0000e+00
    394.000    -0.0597   2.876338    -0.0591   2.876729    6.25869    -0.0539    13.8155 0.0000e+00  -61.18650  -54.54117 1152927579 196.069214    34.4658 0.0000e+00
    395.000    -0.0725   2.875356    -0.0730   2.875716    6.25421    -0.0583    13.8155 0.0000e+00  -61.18650  -54.54117 1152927580 196.069232    34.4668 0.0000e+00
    396.000    -0.0829   2.874540    -0.0833   2.874891    6.25396    -0.0588    13.8155 0.0000e+00  -61.18650  -54.54117 1152927581 196.069244    34.4674 0.0000e+00
    397.000    -0.0907   2.873892    -0.0931   2.874112    6.25712    -0.0386    13.8155 0.0000e+00  -61.18650  -54.54117 1152927582 196.069255    34.4672 0.0000e+00
    398.000    -0.0956   2.873542    -0.0949   2.873983    6.25869    -0.0599    13.8155 0.0000e+00  -61.18650  -54.54117 1152927583 196.069266    34.4676 0.0000e+00
    399.000    -0.0972   2.873460    -0.0966   2.873874    6.25874    -0.0570    13.8155 0.0000e+00  -61.18650  -54.54117 1152927584 196.069281    34.4676 0.0000e+00
    400.000    -0.0942   2.873759    -0.0913   2.874357    6.25817    -0.0530    13.8155 0.0000e+00  -61.18650  -54.54117 1152927586 196.069307    34.4673 0.0000e+00
    401.000    -0.0865   2.874478    -0.0857   2.874864    6.25721    -0.0445    13.8155 0.0000e+00  -61.18650  -54.54117 1152927588 196.069325    34.4672 0.0000e+00
    402.000    -0.0842   2.874698    -0.0835   2.875127    6.25792    -0.0546    13.8155 0.0000e+00  -61.18650  -54.54117 1152927589 196.069337    34.4668 0.0000e+00
    403.000    -0.0851   2.874682    -0.0844   2.875092    6.25647    -0.0443    13.8155 0.0000e+00  -61.18650  -54.54117 1152927590 196.069349    34.4670 0.0000e+00
    404.000    -0.0851   2.874733    -0.0839   2.875185    6.25566    -0.0547    13.8155 0.0000e+00  -61.18650  -54.54117 1152927591 196.069360    34.4671 0.0000e+00
    405.000    -0.0860   2.874710    -0.0852   2.875111    6.25643    -0.0625    13.8155 0.0000e+00  -61.18650  -54.54117 1152927592 196.069373    34.4672 0.0000e+00
    406.000    -0.0848   2.874857    -0.0845   2.875217    6.25723    -0.0578    13.8155 0.0000e+00  -61.18650  -54.54117 1152927593 196.069386    34.4671 0.0000e+00
    407.000    -0.0851   2.874856    -0.0852   2.875198    6.25970    -0.0527    13.8155 0.0000e+00  -61.18650  -54.54117 1152927594 196.069399    34.4670 0.0000e+00
    408.000    -0.0872   2.874731    -0.0867   2.875123    6.26038    -0.0487    13.8155 0.0000e+00  -61.18650  -54.54117 1152927596 196.069413    34.4670 0.0000e+00
    409.000    -0.0868   2.874819    -0.0859   2.875236    6.26201    -0.0623    13.8155 0.0000e+00  -61.18650  -54.54117 1152927597 196.069429    34.4672 0.0000e+00
    410.000    -0.0860   2.874918    -0.0852   2.875337    6.25989    -0.0366    13.8155 0.0000e+00  -61.18650  -54.54117 1152927598 196.069444    34.4670 0.0000e+00
    411.000    -0.0863   2.874938    -0.0851   2.875398    6.25699    -0.0517    13.8155 0.0000e+00  -61.18650  -54.54117 1152927599 196.069456    34.4669 0.0000e+00
    412.000    -0.0886   2.874803    -0.0869   2.875301    6.25841    -0.0565    13.8155 0.0000e+00  -61.18650  -54.54117 1152927600 196.069468    34.4671 0.0000e+00
    413.000    -0.0895   2.874763    -0.0888   2.875166    6.26001    -0.0545    13.8155 0.0000e+00  -61.18650  -54.54117 1152927602 196.069486    34.4671 0.0000e+00
    414.000    -0.0891   2.874837    -0.0875   2.875319    6.26215    -0.0456    13.8155 0.0000e+00  -61.18650  -54.54117 1152927604 196.069511    34.4671 0.0000e+00
    415.000    -0.0981   2.874261    -0.1007   2.874489    6.26311    -0.0463    13.8155 0.0000e+00  -61.18650  -54.54117 1152927605 196.069525    34.4690 0.0000e+00
    416.000    -0.1031   2.873980    -0.1026   2.874362    6.26290    -0.0562    13.8155 0.0000e+00  -61.18650  -54.54117 1152927606 196.069536    34.4706 0.0000e+00
    417.000    -0.1044   2.873882    -0.1035   2.874314    6.26369    -0.0495    13.8155 0.0000e+00  -61.18650  -54.54117 1152927607 196.069546    34.4702 0.0000e+00
    418.000    -0.1054   2.873865    -0.1046   2.874296    6.26523    -0.0352    13.8155 0.0000e+00  -61.18650  -54.54117 1152927608 196.069557    34.4704 0.0000e+00
    419.000    -0.1069   2.873820    -0.1065   2.874223    6.26595    -0.0450    13.8155 0.0000e+00  -61.18650  -54.54117 1152927609 196.069571    34.4708 0.0000e+00
    420.000    -0.1021   2.874243    -0.1004   2.874705    6.26668    -0.0561    13.8155 0.0000e+00  -61.18650  -54.54117 1152927610 196.069584    34.4703 0.0000e+00
    421.000    -0.1012   2.874366    -0.1000   2.874817    6.26673    -0.0614    13.8155 0.0000e+00  -61.18650  -54.54117 1152927612 196.069596    34.4702 0.0000e+00
    422.000    -0.1023   2.874321    -0.1019   2.874728    6.26560    -0.0617    13.8155 0.0000e+00  -61.18650  -54.54117 1152927613 196.069608    34.4702 0.0000e+00
    423.000    -0.1044   2.874204    -0.1042   2.874585    6.26429    -0.0487    13.8155 0.0000e+00  -61.18650  -54.54117 1152927614 196.069621    34.4705 0.0000e+00
    424.000    -0.1050   2.874214    -0.1048   2.874588    6.26609    -0.0568    13.8155 0.0000e+00  -61.18650  -54.54117 1152927616 196.069646    34.4708 0.0000e+00
    425.000    -0.1078   2.874031    -0.1077   2.874424    6.27039    -0.0570    13.8155 0.0000e+00  -61.18650  -54.54117 1152927618 196.069667    34.4709 0.0000e+00
    426.000    -0.1087   2.874004    -0.1085   2.874386    6.26916    -0.0631    13.8155 0.0000e+00  -61.18650  -54.54117 1152927619 196.069679    34.4710 0.0000e+00
    427.000    -0.1107   2.873907    -0.1089   2.874392    6.26808    -0.0582    13.8155 0.0000e+00  -61.18650  -54.54117 1152927620 196.069690    34.4713 0.0000e+00
    428.000    -0.1098   2.873991    -0.1132   2.874135    6.26530    -0.0595    13.8155 0.0000e+00  -61.18650  -54.54117 1152927621 196.069700    34.4709 0.0000e+00
    429.000    -0.1123   2.873869    -0.1139   2.874117    6.26452    -0.0677    13.8155 0.0000e+00  -61.18650  -54.54117 1152927622 196.069713    34.4714 0.0000e+00
    430.000    -0.1128   2.873873    -0.1109   2.874367    6.26269    -0.0578    13.8155 0.0000e+00  -61.18650  -54.54117 1152927623 196.069731    34.4715 0.0000e+00
    431.000    -0.1148   2.873775    -0.1139   2.874201    6.26431    -0.0462    13.8155 0.0000e+00  -61.18650  -54.54117 1152927625 196.069750    34.4718 0.0000e+00
    432.000    -0.1141   2.873877    -0.1143   2.874228    6.26506    -0.0598    13.8155 0.0000e+00  -61.18650  -54.54117 1152927626 196.069762    34.4718 0.0000e+00
    433.000    -0.1154   2.873800    -0.1157   2.874149    6.26526    -0.0587    13.8155 0.0000e+00  -61.18650  -54.54117 1152927627 196.069772    34.4716 0.0000e+00
    434.000    -0.1162   2.873796    -0.1147   2.874281    6.26526    -0.0471    13.8155 0.0000e+00  -61.18650  -54.54117 1152927628 196.069782    34.4719 0.0000e+00
    435.000    -0.1149   2.873934    -0.1153   2.874275    6.26690    -0.0486    13.8155 0.0000e+00  -61.18650  -54.54117 1152927628 196.069791    34.4716 0.0000e+00
    436.000    -0.1165   2.873857    -0.1150   2.874343    6.26650    -0.0491    13.8155 0.0000e+00  -61.18650  -54.54117 1152927629 196.069802    34.4718 0.0000e+00
    437.000    -0.1163   2.873923    -0.1147   2.874410    6.26749    -0.0557    13.8155 0.0000e+00  -61.18650  -54.54117 1152927631 196.069823    34.4719 0.0000e+00
    438.000    -0.1152   2.874058    -0.1138   2.874521    6.27133    -0.0471    13.8155 0.0000e+00  -61.18650  -54.54117 1152927634 196.069851    34.4717 0.0000e+00
    439.000    -0.1165   2.874007    -0.1160   2.874427    6.27356    -0.0667    13.8155 0.0000e+00  -61.18650  -54.54117 1152927635 196.069868    34.4720 0.0000e+00
    440.000    -0.1168   2.874025    -0.1157   2.874466    6.27475    -0.0721    13.8155 0.0000e+00  -61.18650  -54.54117 1152927636 196.069882    34.4719 0.0000e+00
    441.000    -0.1273   2.873216    -0.1223   2.873995    6.27677    -0.0564    13.8155 0.0000e+00  -61.18650  -54.54117 1152927637 196.069894    34.4727 0.0000e+00
    442.000    -0.1276   2.873236    -0.1215   2.874104    6.27746    -0.0450    13.8155 0.0000e+00  -61.18650  -54.54117 1152927638 196.069905    34.4726 0.0000e+00
    443.000    -0.1330   2.872857    -0.1320   2.873321    6.27825    -0.0471    13.8155 0.0000e+00  -61.18650  -54.54117 1152927639 196.069916    34.4733 0.0000e+00
    444.000    -0.1338   2.872841    -0.1325   2.873311    6.27625    -0.0379    13.8155 0.0000e+00  -61.18650  -54.54117 1152927640 196.069926    34.4733 0.0000e+00
    445.000    -0.1326   2.872981    -0.1314   2.873435    6.27601    -0.0614    13.8155 0.0000e+00  -61.18650  -54.54117 1152927641 196.069937    34.4731 0.0000e+00
    446.000    -0.1341   2.872884    -0.1334   2.873320    6.27619    -0.0604    13.8155 0.0000e+00  -61.18650  -54.54117 1152927642 196.069949    34.4730 0.0000e+00
    447.000    -0.1339   2.872950    -0.1334   2.873347    6.27595    -0.0577    13.8155 0.0000e+00  -61.18650  -54.54117 1152927644 196.069971    34.4729 0.0000e+00
    448.000    -0.1344   2.872973    -0.1340   2.873368    6.28000    -0.0590    13.8155 0.0000e+00  -61.18650  -54.54117 1152927646 196.069998    34.4731 0.0000e+00
    449.000    -0.1365   2.872846    -0.1356   2.873280    6.27938    -0.0582    13.8155 0.0000e+00  -61.18650  -54.54117 1152927647 196.070011    34.4732 0.0000e+00
    450.000    -0.1368   2.872872    -0.1369   2.873259    6.27703    -0.0566    13.8155 0.0000e+00  -61.18650  -54.54117 1152927648 196.070020    34.4733 0.0000e+00
    451.000    -0.1382   2.872799    -0.1377   2.873229    6.27580    -0.0624    13.8155 0.0000e+00  -61.18650  -54.54117 1152927649 196.070028    34.4734 0.0000e+00
    452.000    -0.1421   2.872555    -0.1412   2.873006    6.27638    -0.0442    13.8155 0.0000e+00  -61.18650  -54.54117 1152927650 196.070036    34.4739 0.0000e+00
    453.000    -0.1473   2.872253    -0.1463   2.872685    6.27628    -0.0491    13.8155 0.0000e+00  -61.18650  -54.54117 1152927651 196.070054    34.4754 0.0000e+00
    454.000    -0.1430   2.872602    -0.1445   2.872876    6.27448    -0.0674    13.8155 0.0000e+00  -61.18650  -54.54117 1152927654 196.070084    34.4742 0.0000e+00
    455.000    -0.1490   2.872219    -0.1484   2.872643    6.27583    -0.0730    13.8155 0.0000e+00  -61.18650  -54.54117 1152927655 196.070098    34.4754 0.0000e+00
    456.000    -0.1486   2.872302    -0.1484   2.872703    6.27720    -0.0628    13.8155 0.0000e+00  -61.18650  -54.54117 1152927656 196.070109    34.4755 0.0000e+00
    457.000    -0.1479   2.872390    -0.1472   2.872811    6.27704    -0.0554    13.8155 0.0000e+00  -61.18650  -54.54117 1152927657 196.070119    34.4753 0.0000e+00
    458.000    -0.1471   2.872494    -0.1459   2.872941    6.27758    -0.0507    13.8155 0.0000e+00  -61.18650  -54.54117 1152927658 196.070129    34.4750 0.0000e+00
    459.000    -0.1473   2.872528    -0.1468   2.872937    6.27723    -0.0479    13.8155 0.0000e+00  -61.18650  -54.54117 1152927658 196.070140    34.4752 0.0000e+00
    460.000    -0.1464   2.872627    -0.1457   2.873046    6.27581    -0.0537    13.8155 0.0000e+00  -61.18650  -54.54117 1152927660 196.070155    34.4748 0.0000e+00
    461.000    -0.1477   2.872587    -0.1470   2.873002    6.27815    -0.0496    13.8155 0.0000e+00  -61.18650  -54.54117 1152927662 196.070175    34.4751 0.0000e+00
    462.000    -0.1500   2.872484    -0.1490   2.872925    6.27945    -0.0713    13.8155 0.0000e+00  -61.18650  -54.54117 1152927663 196.070190    34.4758 0.0000e+00
    463.000    -0.1502   2.872517    -0.1495   2.872931    6.28000    -0.0553    13.8155 0.0000e+00  -61.18650  -54.54117 1152927664 196.070201    34.4759 0.0000e+00
    464.000    -0.1494   2.872606    -0.1487   2.873017    6.27862    -0.0536    13.8155 0.0000e+00  -61.18650  -54.54117 1152927665 196.070212    34.4755 0.0000e+00
    465.000    -0.1497   2.872627    -0.1492   2.873027    6.28053    -0.0610    13.8155 0.0000e+00  -61.18650  -54.54117 1152927667 196.070234    34.4755 0.0000e+00
    466.000    -0.1498   2.872674    -0.1495   2.873063    6.28356    -0.0670    13.8155 0.0000e+00  -61.18650  -54.54117 1152927669 196.070261    34.4756 0.0000e+00
    467.000    -0.1517   2.872598    -0.1514   2.873011    6.28406    -0.0533    13.8155 0.0000e+00  -61.18650  -54.54117 1152927670 196.070272    34.4763 0.0000e+00
    468.000    -0.1526   2.872589    -0.1520   2.873027    6.28442    -0.0750    13.8155 0.0000e+00  -61.18650  -54.54117 1152927671 196.070282    34.4765 0.0000e+00
    469.000    -0.1532   2.872594    -0.1527   2.873018    6.28405    -0.0577    13.8155 0.0000e+00  -61.18650  -54.54117 1152927672 196.070290    34.4766 0.0000e+00
    470.000    -0.1540   2.872577    -0.1529   2.873017    6.28193    -0.0700    13.8155 0.0000e+00  -61.18650  -54.54117 1152927672 196.070299    34.4768 0.0000e+00
    471.000    -0.1530   2.872698    -0.1518   2.873159    6.28101    -0.0641    13.8155 0.0000e+00  -61.18650  -54.54117 1152927673 196.070308    34.4766 0.0000e+00
    472.000    -0.1496   2.872979    -0.1487   2.873408    6.28430    -0.0528    13.8155 0.0000e+00  -61.18650  -54.54117 1152927674 196.070323    34.4758 0.0000e+00
    473.000    -0.1490   2.873072    -0.1483   2.873490    6.28070    -0.0518    13.8155 0.0000e+00  -61.18650  -54.54117 1152927676 196.070345    34.4758 0.0000e+00
    474.000    -0.1846   2.870409    -0.1870   2.870694    6.28450    -0.0541    13.8155 0.0000e+00  -61.18650  -54.54117 1152927678 196.070368    34.4818 0.0000e+00
    475.000    -0.2106   2.868567    -0.2107   2.868997    6.28834    -0.0580    13.8155 0.0000e+00  -61.18650  -54.54117 1152927680 196.070385    34.4857 0.0000e+00
    476.000    -0.2182   2.868089    -0.2176   2.868548    6.28765    -0.0737    13.8155 0.0000e+00  -61.18650  -54.54117 1152927681 196.070399    34.4874 0.0000e+00
    477.000    -0.2205   2.867971    -0.2204   2.868371    6.29095    -0.0473    13.8155 0.0000e+00  -61.18650  -54.54117 1152927682 196.070411    34.4876 0.0000e+00
    478.000    -0.2254   2.867640    -0.2232   2.868209    6.29274    -0.0578    13.8155 0.0000e+00  -61.18650  -54.54117 1152927683 196.070425    34.4880 0.0000e+00
    479.000    -0.2322   2.867175    -0.2315   2.867634    6.29341    -0.0609    13.8155 0.0000e+00  -61.18650  -54.54117 1152927684 196.070439    34.4890 0.0000e+00
    480.000    -0.2348   2.867059    -0.2337   2.867524    6.29398    -0.0649    13.8155 0.0000e+00  -61.18650  -54.54117 1152927685 196.070451    34.4896 0.0000e+00
    481.000    -0.2457   2.866286    -0.2473   2.866637    6.29400    -0.0494    13.8155 0.0000e+00  -61.18650  -54.54117 1152927686 196.070461    34.4910 0.0000e+00
    482.000    -0.2522   2.865925    -0.2524   2.866338    6.29342    -0.0626    13.8155 0.0000e+00  -61.18650  -54.54117 1152927687 196.070471    34.4933 0.0000e+00
    483.000    -0.2525   2.866013    -0.2525   2.866396    6.29044    -0.0526    13.8155 0.0000e+00  -61.18650  -54.54117 1152927688 196.070484    34.4939 0.0000e+00
