product_data/regression_test/downloaded_data/MDGS/320620060703/ctd/p6619505.ros
* Sea-Bird SBE 9 Data File:
* FileName = D:\Data\Raw\p6619505.dat
* Software Version Seasave Win32 V 5.32
* Temperature SN = 1649
* Conductivity SN = 1431
* Number of Bytes Per Scan = 37
* Number of Voltage Words = 5
* Number of Scans Averaged by the Deck Unit = 1
* NMEA Latitude = 60 45.25 S
* NMEA Longitude = 056 54.10 W
* NMEA UTC (Time) = 18:24:37
** Ship:   Nathaniel B. Palmer 
** Cruise:    NBP0606 
# nquan = 17
# nvalues = 1176                    
# units = specified
# name 0 = prDM: Pressure, Digiquartz [db]
# name 1 = t090C: Temperature [ITS-90, deg C]
# name 2 = c0S/m: Conductivity [S/m]
# name 3 = t190C: Temperature, 2 [ITS-90, deg C]
# name 4 = c1S/m: Conductivity, 2 [S/m]
# name 5 = sbeox0ML/L: Oxygen, SBE 43 [ml/l]
# name 6 = flECO-AFL: Fluorescence, Wetlab ECO-AFL/FL [mg/m^3]
# name 7 = bat: Beam Attenuation, Chelsea/Seatech/Wetlab CStar [1/m]
# name 8 = spar: SPAR/Surface Irradiance
# name 9 = latitude: Latitude [deg]
# name 10 = longitude: Longitude [deg]
# name 11 = timeY: Time, System [seconds]
# name 12 = timeJ: Julian Days
# name 13 = sal00: Salinity [PSU]
# name 14 = scan: scan number
# name 15 = nbf: number of bottles fired
# name 16 = flag:  0.000e+00
# interval = seconds: 0.0416667                   
# start_time = Jul 24 2006 18:24:45
*END*
[from data line 937]
      9.827    -0.8352   2.748948    -0.8345   2.749348    8.08846     0.1618    13.8155 2.7274e+01  -60.75417  -56.90167 1153768960 205.807422    33.8635      83431         20  0.000e+00
      9.779    -0.8354   2.748968    -0.8349   2.749359    8.09310     0.1833    13.8155 2.7274e+01  -60.75417  -56.90167 1153768960 205.807422    33.8640      83432         20  0.000e+00
      9.760    -0.8351   2.748961    -0.8348   2.749382    8.09303     0.2156    13.8155 2.7274e+01  -60.75417  -56.90167 1153768960 205.807423    33.8635      83433         20  0.000e+00
      9.713    -0.8354   2.748974    -0.8351   2.749371    8.08834     0.2371    13.8155 2.7274e+01  -60.75417  -56.90167 1153768960 205.807423    33.8641      83434         20  0.000e+00
      9.684    -0.8351   2.748961    -0.8351   2.749348    8.09295     0.1833    13.8155 2.7274e+01  -60.75417  -56.90167 1153768960 205.807424    33.8636      83435         20  0.000e+00
      9.760    -0.8354   2.748974    -0.8349   2.749400    8.08839     0.1833    13.8155 2.7274e+01  -60.75417  -56.90167 1153768960 205.807424    33.8641      83436         20  0.000e+00
      9.646    -0.8354   2.748948    -0.8350   2.749348    8.08828     0.2156    13.8155 2.7274e+01  -60.75417  -56.90167 1153768960 205.807425    33.8638      83437         20  0.000e+00
      9.684    -0.8351   2.748951    -0.8351   2.749377    8.08827     0.1833    13.8155 2.5326e+01  -60.75417  -56.90167 1153768960 205.807425    33.8635      83438         20  0.000e+00
      9.684    -0.8354   2.748958    -0.8354   2.749353    8.09300     0.1618    13.8155 2.5326e+01  -60.75417  -56.90167 1153768960 205.807426    33.8639      83439         20  0.000e+00
      9.646    -0.8355   2.748958    -0.8354   2.749377    8.09298     0.1618    13.8155 2.5326e+01  -60.75417  -56.90167 1153768960 205.807426    33.8641      83440         20  0.000e+00
      9.617    -0.8355   2.748958    -0.8351   2.749371    8.08827     0.1618    13.8155 2.7274e+01  -60.75417  -56.90167 1153768960 205.807427    33.8641      83441         20  0.000e+00
      9.646    -0.8357   2.748958    -0.8352   2.749348    8.08832     0.1941    13.8155 2.5326e+01  -60.75417  -56.90167 1153768960 205.807427    33.8643      83442         20  0.000e+00
      9.617    -0.8352   2.748958    -0.8352   2.749359    8.08822     0.1618    13.8155 2.7274e+01  -60.75417  -56.90167 1153768960 205.807428    33.8638      83443         20  0.000e+00
      9.617    -0.8354   2.748958    -0.8354   2.749348    8.09293     0.1618    13.8155 2.5326e+01  -60.75417  -56.90167 1153768960 205.807428    33.8640      83444         20  0.000e+00
      9.570    -0.8351   2.748958    -0.8352   2.749359    8.09282     0.1833    13.8155 2.5326e+01  -60.75417  -56.90167 1153768961 205.807429    33.8637      83445         20  0.000e+00
      9.618    -0.8359   2.748938    -0.8352   2.749353    8.08833     0.2048    13.8155 2.7274e+01  -60.75417  -56.90167 1153768961 205.807429    33.8642      83446         20  0.000e+00
      9.570    -0.8351   2.748951    -0.8348   2.749342    8.08814     0.1833    13.8155 2.5326e+01  -60.75417  -56.90167 1153768961 205.807430    33.8636      83447         20  0.000e+00
      9.551    -0.8354   2.748942    -0.8352   2.749342    8.08818     0.1726    13.8155 2.5326e+01  -60.75417  -56.90167 1153768961 205.807430    33.8638      83448         20  0.000e+00
      9.551    -0.8357   2.748951    -0.8352   2.749319    8.08822     0.1510    13.8155 2.7274e+01  -60.75417  -56.90167 1153768961 205.807431    33.8643      83449         20  0.000e+00
      9.503    -0.8360   2.748938    -0.8351   2.749330    8.09291     0.1618    13.8155 2.7274e+01  -60.75417  -56.90167 1153768961 205.807431    33.8645      83450         20  0.000e+00
      9.551    -0.8354   2.748919    -0.8355   2.749342    8.09288     0.1941    13.8155 2.7274e+01  -60.75417  -56.90167 1153768961 205.807432    33.8635      83451         20  0.000e+00
      9.551    -0.8360   2.748915    -0.8351   2.749342    8.09298     0.2156    13.8155 2.7274e+01  -60.75417  -56.90167 1153768961 205.807432    33.8641      83452         20  0.000e+00
      9.503    -0.8355   2.748915    -0.8356   2.749319    8.08817     0.2048    13.8155 2.5326e+01  -60.75417  -56.90167 1153768961 205.807432    33.8636      83453         20  0.000e+00
      9.475    -0.8359   2.748945    -0.8354   2.749342    8.09285     0.1833    13.8155 2.5326e+01  -60.75417  -56.90167 1153768961 205.807433    33.8644      83454         20  0.000e+00
      9.503    -0.8359   2.748925    -0.8352   2.749319    8.09290     0.1833    13.8155 2.7274e+01  -60.75417  -56.90167 1153768961 205.807433    33.8641      83455         20  0.000e+00
      9.475    -0.8357   2.748965    -0.8359   2.749313    8.08812     0.1403    13.8155 2.7274e+01  -60.75417  -56.90167 1153768961 205.807434    33.8645      83456         20  0.000e+00
      9.475    -0.8359   2.748948    -0.8352   2.749313    8.08816     0.1295    13.8155 2.5326e+01  -60.75417  -56.90167 1153768961 205.807434    33.8645      83457         20  0.000e+00
      9.503    -0.8359   2.748919    -0.8354   2.749330    8.08822     0.1403    13.8155 2.7274e+01  -60.75417  -56.90167 1153768961 205.807435    33.8640      83458         20  0.000e+00
      9.475    -0.8359   2.748896    -0.8357   2.749319    8.09289     0.1618    13.8155 2.7274e+01  -60.75417  -56.90167 1153768961 205.807435    33.8637      83459         20  0.000e+00
      9.437    -0.8354   2.748942    -0.8358   2.749296    8.09273     0.1833    13.8155 2.7274e+01  -60.75417  -56.90167 1153768961 205.807436    33.8639      83460         20  0.000e+00
      9.475    -0.8355   2.748942    -0.8355   2.749325    8.08812     0.2048    13.8155 2.7274e+01  -60.75417  -56.90167 1153768961 205.807436    33.8640      83461         20  0.000e+00
      9.408    -0.8360   2.748902    -0.8356   2.749301    8.08815     0.1941    13.8155 2.5326e+01  -60.75417  -56.90167 1153768961 205.807437    33.8640      83462         20  0.000e+00
      9.437    -0.8359   2.748922    -0.8355   2.749313    8.08814     0.1295    13.8155 2.5326e+01  -60.75417  -56.90167 1153768961 205.807437    33.8641      83463         20  0.000e+00
      9.475    -0.8355   2.748935    -0.8357   2.749313    8.08812     0.1618    13.8155 2.5326e+01  -60.75417  -56.90167 1153768961 205.807438    33.8639      83464         20  0.000e+00
      9.408    -0.8359   2.748938    -0.8359   2.749313    8.08810     0.1941    13.8155 2.7274e+01  -60.75417  -56.90167 1153768961 205.807438    33.8644      83465         20  0.000e+00
      9.437    -0.8359   2.748938    -0.8358   2.749330    8.08813     0.2048    13.8155 2.7274e+01  -60.75417  -56.90167 1153768961 205.807439    33.8643      83466         20  0.000e+00
      9.408    -0.8355   2.748935    -0.8355   2.749319    8.08805     0.1618    13.8155 2.7274e+01  -60.75417  -56.90167 1153768961 205.807439    33.8640      83467         20  0.000e+00
      9.437    -0.8354   2.748919    -0.8356   2.749313    8.08807     0.1510    13.8155 2.5326e+01  -60.75417  -56.90167 1153768961 205.807440    33.8636      83468         20  0.000e+00
      9.408    -0.8360   2.748945    -0.8363   2.749296    8.08811     0.1403    13.8155 2.5326e+01  -60.75417  -56.90167 1153768962 205.807440    33.8646      83469         20  0.000e+00
      9.408    -0.8354   2.748958    -0.8358   2.749325    8.08801     0.1618    13.8155 2.5326e+01  -60.75417  -56.90167 1153768962 205.807441    33.8641      83470         20  0.000e+00
      9.360    -0.8355   2.748938    -0.8359   2.749325    8.08799     0.2048    13.8155 2.5326e+01  -60.75417  -56.90167 1153768962 205.807441    33.8640      83471         20  0.000e+00
      9.408    -0.8360   2.748935    -0.8355   2.749296    8.08812     0.2479    13.8155 2.5326e+01  -60.75417  -56.90167 1153768962 205.807442    33.8645      83472         20  0.000e+00
      9.408    -0.8357   2.748951    -0.8361   2.749307    8.08806     0.2371    13.8155 2.5326e+01  -60.75417  -56.90167 1153768962 205.807442    33.8643      83473         20  0.000e+00
     10.629    -0.8342   2.749070    -0.8340   2.749492    8.08910     0.2263    13.8155 2.7274e+01  -60.75417  -56.90167 1153768967 205.807500    33.8635      83592         21  0.000e+00
     10.600    -0.8342   2.749037    -0.8336   2.749498    8.08909     0.1941    13.8155 2.7274e+01  -60.75417  -56.90167 1153768967 205.807500    33.8630      83593         21  0.000e+00
     10.600    -0.8342   2.749057    -0.8338   2.749533    8.08908     0.1726    13.8155 2.7274e+01  -60.75417  -56.90167 1153768967 205.807500    33.8633      83594         21  0.000e+00
     10.696    -0.8343   2.749050    -0.8340   2.749510    8.08921     0.1833    13.8155 2.7274e+01  -60.75417  -56.90167 1153768967 205.807501    33.8633      83595         21  0.000e+00
     10.667    -0.8345   2.749047    -0.8341   2.749533    8.08921     0.1618    13.8155 2.7274e+01  -60.75417  -56.90167 1153768967 205.807501    33.8635      83596         21  0.000e+00
     10.762    -0.8348   2.749113    -0.8340   2.749492    8.08931     0.1618    13.8155 2.7274e+01  -60.75417  -56.90167 1153768967 205.807502    33.8647      83597         21  0.000e+00
     10.600    -0.8348   2.749116    -0.8340   2.749498    8.08913     0.1618    13.8155 2.7274e+01  -60.75417  -56.90167 1153768967 205.807502    33.8648      83598         21  0.000e+00
     10.743    -0.8343   2.749129    -0.8341   2.749498    8.08921     0.1188    13.8155 2.7274e+01  -60.75417  -56.90167 1153768967 205.807503    33.8644      83599         21  0.000e+00
     10.762    -0.8346   2.749103    -0.8343   2.749516    8.08930     0.1618    13.8155 2.7274e+01  -60.75417  -56.90167 1153768967 205.807503    33.8644      83600         21  0.000e+00
     10.667    -0.8342   2.749090    -0.8337   2.749544    8.08913     0.1941    13.8155 2.7274e+01  -60.75417  -56.90167 1153768967 205.807504    33.8637      83601         21  0.000e+00
     10.762    -0.8343   2.749090    -0.8342   2.749533    8.08457     0.2263    13.8155 2.7274e+01  -60.75417  -56.90167 1153768967 205.807504    33.8638      83602         21  0.000e+00
     10.667    -0.8345   2.749093    -0.8340   2.749504    8.08917     0.1941    13.8155 2.7274e+01  -60.75417  -56.90167 1153768967 205.807505    33.8641      83603         21  0.000e+00
     10.810    -0.8342   2.749093    -0.8338   2.749516    8.08929     0.1080    13.8155 2.7274e+01  -60.75417  -56.90167 1153768967 205.807505    33.8637      83604         21  0.000e+00
     10.762    -0.8342   2.749122    -0.8345   2.749464    8.08921     0.1188    13.8155 2.7274e+01  -60.75417  -56.90167 1153768967 205.807506    33.8641      83605         21  0.000e+00
     10.743    -0.8345   2.749135    -0.8341   2.749469    8.08922     0.1833    13.8155 2.7274e+01  -60.75417  -56.90167 1153768967 205.807506    33.8646      83606         21  0.000e+00
     10.762    -0.8345   2.749116    -0.8344   2.749516    8.08926     0.2048    13.8155 2.7274e+01  -60.75417  -56.90167 1153768967 205.807507    33.8643      83607         21  0.000e+00
     10.743    -0.8342   2.749112    -0.8344   2.749504    8.08920     0.1618    13.8155 2.5326e+01  -60.75417  -56.90167 1153768967 205.807507    33.8640      83608         21  0.000e+00
     10.743    -0.8343   2.749112    -0.8345   2.749458    8.08454     0.1941    13.8155 2.5326e+01  -60.75417  -56.90167 1153768967 205.807508    33.8641      83609         21  0.000e+00
     10.762    -0.8345   2.749113    -0.8348   2.749446    8.08926     0.1833    13.8155 2.7274e+01  -60.75417  -56.90167 1153768967 205.807508    33.8643      83610         21  0.000e+00
     10.743    -0.8342   2.749096    -0.8344   2.749464    8.08921     0.1941    13.8155 2.7274e+01  -60.75417  -56.90167 1153768967 205.807509    33.8638      83611         21  0.000e+00
     10.762    -0.8342   2.749106    -0.8347   2.749452    8.08922     0.2048    13.8155 2.7274e+01  -60.75417  -56.90167 1153768968 205.807509    33.8639      83612         21  0.000e+00
     10.810    -0.8348   2.749080    -0.8349   2.749429    8.08939     0.2048    13.8155 2.7274e+01  -60.75417  -56.90167 1153768968 205.807510    33.8642      83613         21  0.000e+00
     10.743    -0.8345   2.749070    -0.8344   2.749446    8.08927     0.2048    13.8155 2.5326e+01  -60.75417  -56.90167 1153768968 205.807510    33.8637      83614         21  0.000e+00
     10.762    -0.8345   2.749070    -0.8345   2.749469    8.08461     0.2156    13.8155 2.7274e+01  -60.75417  -56.90167 1153768968 205.807511    33.8637      83615         21  0.000e+00
     10.743    -0.8346   2.749070    -0.8349   2.749475    8.08930     0.2371    13.8155 2.7274e+01  -60.75417  -56.90167 1153768968 205.807511    33.8639      83616         21  0.000e+00
     10.762    -0.8348   2.749099    -0.8349   2.749435    8.08464     0.2909    13.8155 2.7274e+01  -60.75417  -56.90167 1153768968 205.807512    33.8645      83617         21  0.000e+00
     10.743    -0.8346   2.749080    -0.8345   2.749440    8.08461     0.2909    13.8155 2.7274e+01  -60.75417  -56.90167 1153768968 205.807512    33.8641      83618         21  0.000e+00
     10.810    -0.8345   2.749050    -0.8346   2.749446    8.08468     0.2048    13.8155 2.7274e+01  -60.75417  -56.90167 1153768968 205.807513    33.8634      83619         21  0.000e+00
     10.696    -0.8348   2.749047    -0.8343   2.749464    8.08929     0.2048    13.8155 2.7274e+01  -60.75417  -56.90167 1153768968 205.807513    33.8638      83620         21  0.000e+00
     10.743    -0.8348   2.749047    -0.8344   2.749475    8.08466     0.1833    13.8155 2.7274e+01  -60.75417  -56.90167 1153768968 205.807514    33.8638      83621         21  0.000e+00
     10.763    -0.8346   2.749027    -0.8344   2.749435    8.08936     0.1618    13.8155 2.7274e+01  -60.75417  -56.90167 1153768968 205.807514    33.8633      83622         21  0.000e+00
     10.743    -0.8348   2.749057    -0.8346   2.749446    8.08934     0.1403    13.8155 2.7274e+01  -60.75417  -56.90167 1153768968 205.807514    33.8639      83623         21  0.000e+00
     10.743    -0.8349   2.749086    -0.8347   2.749446    8.08934     0.1618    13.8155 2.7274e+01  -60.75417  -56.90167 1153768968 205.807515    33.8645      83624         21  0.000e+00
     10.696    -0.8351   2.749073    -0.8346   2.749429    8.08932     0.1403    13.8155 2.7274e+01  -60.75417  -56.90167 1153768968 205.807515    33.8645      83625         21  0.000e+00
     10.743    -0.8345   2.749070    -0.8348   2.749458    8.08927     0.1403    13.8155 2.7274e+01  -60.75417  -56.90167 1153768968 205.807516    33.8637      83626         21  0.000e+00
     10.696    -0.8348   2.749083    -0.8348   2.749452    8.08458     0.1618    13.8155 2.7274e+01  -60.75417  -56.90167 1153768968 205.807516    33.8643      83627         21  0.000e+00
     10.744    -0.8348   2.749040    -0.8348   2.749464    8.08466     0.1618    13.8155 2.7274e+01  -60.75417  -56.90167 1153768968 205.807517    33.8637      83628         21  0.000e+00
     10.667    -0.8349   2.749040    -0.8349   2.749452    8.08928     0.1618    13.8155 2.7274e+01  -60.75417  -56.90167 1153768968 205.807517    33.8639      83629         21  0.000e+00
     10.696    -0.8348   2.749063    -0.8347   2.749464    8.08928     0.1188    13.8155 2.7274e+01  -60.75417  -56.90167 1153768968 205.807518    33.8640      83630         21  0.000e+00
     10.667    -0.8345   2.749050    -0.8344   2.749458    8.08920     0.0972    13.8155 2.7274e+01  -60.75417  -56.90167 1153768968 205.807518    33.8635      83631         21  0.000e+00
     10.696    -0.8351   2.749047    -0.8348   2.749446    8.08934     0.1188    13.8155 2.5326e+01  -60.75417  -56.90167 1153768968 205.807519    33.8642      83632         21  0.000e+00
