product_data/regression_test/downloaded_data/MDGS/320620060703/ctd/p6611001.cnv
* Sea-Bird SBE 9 Data File:
* FileName = D:\Data\Raw\p6611001.dat
* Software Version Seasave Win32 V 5.32
* Temperature SN = 1649
* Conductivity SN = 1431
* Number of Bytes Per Scan = 37
* Number of Voltage Words = 5
* Number of Scans Averaged by the Deck Unit = 1
* NMEA Latitude = 61 23.01 S
* NMEA Longitude = 054 52.52 W
* NMEA UTC (Time) = 03:20:47
** Ship:   Nathaniel B. Palmer 
** Cruise:    NBP0606 
# nquan = 15
# nvalues = 907                         
# units = specified
# name 0 = prDM: Pressure, Digiquartz [db]
# name 1 = t090C: Temperature [ITS-90, deg C]
# name 2 = c0S/m: Conductivity [S/m]
# name 3 = t190C: Temperature, 2 [ITS-90, deg C]
# name 4 = c1S/m: Conductivity, 2 [S/m]
# name 5 = sbeox0ML/L: Oxygen, SBE 43 [ml/l]
# name 6 = flECO-AFL: Fluorescence, Wetlab ECO-AFL/FL [mg/m^3]
# name 7 = bat: Beam Attenuation, Chelsea/Seatech/Wetlab CStar [1/m]
# name 8 = spar: SPAR/Surface Irradiance
# name 9 = latitude: Latitude [deg]
# name 10 = longitude: Longitude [deg]
# name 11 = timeY: Time, System [seconds]
# name 12 = timeJ: Julian Days
# name 13 = sal00: Salinity [PSU]
# name 14 = flag: flag
# span 0 =      1.000,    907.000       
# span 1 =    -1.0792,     0.4723       
# span 2 =   2.753716,   2.920563       
# span 3 =    -1.0766,     0.4729       
# span 4 =   2.754640,   2.920883       
# span 5 =    5.78942,    7.62030       
# span 6 =    -0.1194,     0.1258       
# span 7 =    13.8155,    13.8155       
# span 8 = 0.0000e+00, 0.0000e+00       
# span 9 =  -61.38350,  -61.38350       
# span 10 =  -54.87533,  -54.87533      
# span 11 = 1152847252, 1152848571      
# span 12 = 195.139500, 195.154777      
# span 13 =    34.2106,    34.5356      
# span 14 = 0.0000e+00, 0.0000e+00      
# interval = decibars: 1                
# start_time = Jul 14 2006 03:20:55
# bad_flag = -9.990e-29
*END*
[from data line 772]
    773.000    -0.6063   2.851685    -0.6061   2.852127    6.42906    -0.0841    13.8155 0.0000e+00  -61.38350  -54.87533 1152848351 195.152226    34.5291 0.0000e+00
    774.000    -0.6064   2.851728    -0.6062   2.852166    6.42758    -0.1041    13.8155 0.0000e+00  -61.38350  -54.87533 1152848352 195.152239    34.5291 0.0000e+00
    775.000    -0.6064   2.851775    -0.6063   2.852206    6.42822    -0.0994    13.8155 0.0000e+00  -61.38350  -54.87533 1152848353 195.152252    34.5291 0.0000e+00
    776.000    -0.6067   2.851799    -0.6065   2.852242    6.42860    -0.0953    13.8155 0.0000e+00  -61.38350  -54.87533 1152848354 195.152267    34.5292 0.0000e+00
    777.000    -0.6068   2.851832    -0.6067   2.852275    6.42870    -0.0944    13.8155 0.0000e+00  -61.38350  -54.87533 1152848356 195.152285    34.5293 0.0000e+00
    778.000    -0.6068   2.851881    -0.6066   2.852324    6.42633    -0.0865    13.8155 0.0000e+00  -61.38350  -54.87533 1152848357 195.152300    34.5293 0.0000e+00
    779.000    -0.6068   2.851932    -0.6067   2.852368    6.42679    -0.0806    13.8155 0.0000e+00  -61.38350  -54.87533 1152848358 195.152311    34.5294 0.0000e+00
    780.000    -0.6063   2.852005    -0.6061   2.852444    6.42664    -0.0954    13.8155 0.0000e+00  -61.38350  -54.87533 1152848359 195.152321    34.5292 0.0000e+00
    781.000    -0.6059   2.852075    -0.6059   2.852500    6.42249    -0.0853    13.8155 0.0000e+00  -61.38350  -54.87533 1152848360 195.152331    34.5291 0.0000e+00
    782.000    -0.6060   2.852109    -0.6058   2.852547    6.42092    -0.0841    13.8155 0.0000e+00  -61.38350  -54.87533 1152848361 195.152346    34.5290 0.0000e+00
    783.000    -0.6059   2.852156    -0.6058   2.852590    6.41982    -0.0967    13.8155 0.0000e+00  -61.38350  -54.87533 1152848363 195.152367    34.5291 0.0000e+00
    784.000    -0.6061   2.852199    -0.6059   2.852629    6.42236    -0.1044    13.8155 0.0000e+00  -61.38350  -54.87533 1152848364 195.152387    34.5292 0.0000e+00
    785.000    -0.6060   2.852242    -0.6058   2.852681    6.42349    -0.0873    13.8155 0.0000e+00  -61.38350  -54.87533 1152848366 195.152403    34.5291 0.0000e+00
    786.000    -0.6060   2.852292    -0.6059   2.852727    6.42576    -0.0980    13.8155 0.0000e+00  -61.38350  -54.87533 1152848367 195.152416    34.5292 0.0000e+00
    787.000    -0.6061   2.852344    -0.6058   2.852775    6.42748    -0.0778    13.8155 0.0000e+00  -61.38350  -54.87533 1152848368 195.152427    34.5294 0.0000e+00
    788.000    -0.6060   2.852385    -0.6058   2.852821    6.42650    -0.1025    13.8155 0.0000e+00  -61.38350  -54.87533 1152848369 195.152437    34.5292 0.0000e+00
    789.000    -0.6059   2.852427    -0.6057   2.852867    6.42282    -0.0939    13.8155 0.0000e+00  -61.38350  -54.87533 1152848370 195.152450    34.5291 0.0000e+00
    790.000    -0.6059   2.852472    -0.6057   2.852903    6.42080    -0.0908    13.8155 0.0000e+00  -61.38350  -54.87533 1152848371 195.152466    34.5292 0.0000e+00
    791.000    -0.6059   2.852522    -0.6057   2.852946    6.42202    -0.0959    13.8155 0.0000e+00  -61.38350  -54.87533 1152848373 195.152485    34.5292 0.0000e+00
    792.000    -0.6057   2.852579    -0.6055   2.853017    6.42548    -0.1114    13.8155 0.0000e+00  -61.38350  -54.87533 1152848374 195.152500    34.5291 0.0000e+00
    793.000    -0.6058   2.852624    -0.6056   2.853065    6.42719    -0.1059    13.8155 0.0000e+00  -61.38350  -54.87533 1152848375 195.152512    34.5292 0.0000e+00
    794.000    -0.6055   2.852671    -0.6054   2.853104    6.42859    -0.1019    13.8155 0.0000e+00  -61.38350  -54.87533 1152848376 195.152523    34.5291 0.0000e+00
    795.000    -0.6057   2.852711    -0.6056   2.853135    6.42767    -0.1132    13.8155 0.0000e+00  -61.38350  -54.87533 1152848377 195.152534    34.5291 0.0000e+00
    796.000    -0.6056   2.852761    -0.6054   2.853196    6.42656    -0.1021    13.8155 0.0000e+00  -61.38350  -54.87533 1152848378 195.152548    34.5291 0.0000e+00
    797.000    -0.6054   2.852817    -0.6053   2.853249    6.42731    -0.0894    13.8155 0.0000e+00  -61.38350  -54.87533 1152848380 195.152569    34.5290 0.0000e+00
    798.000    -0.6075   2.852706    -0.6074   2.853147    6.42837    -0.0853    13.8155 0.0000e+00  -61.38350  -54.87533 1152848382 195.152586    34.5294 0.0000e+00
    799.000    -0.6085   2.852685    -0.6086   2.853089    6.42951    -0.1023    13.8155 0.0000e+00  -61.38350  -54.87533 1152848383 195.152600    34.5297 0.0000e+00
    800.000    -0.6091   2.852665    -0.6089   2.853115    6.43006    -0.1052    13.8155 0.0000e+00  -61.38350  -54.87533 1152848384 195.152614    34.5295 0.0000e+00
    801.000    -0.6093   2.852708    -0.6091   2.853148    6.43082    -0.0938    13.8155 0.0000e+00  -61.38350  -54.87533 1152848385 195.152627    34.5297 0.0000e+00
    802.000    -0.6089   2.852774    -0.6091   2.853195    6.43157    -0.0921    13.8155 0.0000e+00  -61.38350  -54.87533 1152848386 195.152640    34.5296 0.0000e+00
    803.000    -0.6091   2.852805    -0.6090   2.853239    6.43249    -0.0998    13.8155 0.0000e+00  -61.38350  -54.87533 1152848387 195.152654    34.5296 0.0000e+00
    804.000    -0.6090   2.852863    -0.6088   2.853291    6.43353    -0.0957    13.8155 0.0000e+00  -61.38350  -54.87533 1152848389 195.152669    34.5297 0.0000e+00
    805.000    -0.6087   2.852928    -0.6087   2.853358    6.43370    -0.0917    13.8155 0.0000e+00  -61.38350  -54.87533 1152848390 195.152684    34.5297 0.0000e+00
    806.000    -0.6087   2.852972    -0.6085   2.853413    6.43460    -0.1059    13.8155 0.0000e+00  -61.38350  -54.87533 1152848391 195.152698    34.5296 0.0000e+00
    807.000    -0.6087   2.853007    -0.6088   2.853441    6.43433    -0.0952    13.8155 0.0000e+00  -61.38350  -54.87533 1152848392 195.152710    34.5295 0.0000e+00
    808.000    -0.6087   2.853062    -0.6087   2.853491    6.43330    -0.0966    13.8155 0.0000e+00  -61.38350  -54.87533 1152848393 195.152723    34.5297 0.0000e+00
    809.000    -0.6083   2.853133    -0.6083   2.853555    6.43489    -0.0856    13.8155 0.0000e+00  -61.38350  -54.87533 1152848394 195.152736    34.5296 0.0000e+00
    810.000    -0.6085   2.853172    -0.6084   2.853599    6.43299    -0.0931    13.8155 0.0000e+00  -61.38350  -54.87533 1152848396 195.152750    34.5297 0.0000e+00
    811.000    -0.6086   2.853202    -0.6086   2.853628    6.43377    -0.0966    13.8155 0.0000e+00  -61.38350  -54.87533 1152848397 195.152768    34.5296 0.0000e+00
    812.000    -0.6091   2.853202    -0.6091   2.853628    6.43549    -0.0969    13.8155 0.0000e+00  -61.38350  -54.87533 1152848399 195.152791    34.5296 0.0000e+00
    813.000    -0.6090   2.853258    -0.6088   2.853695    6.43685    -0.1013    13.8155 0.0000e+00  -61.38350  -54.87533 1152848401 195.152809    34.5297 0.0000e+00
    814.000    -0.6085   2.853331    -0.6085   2.853774    6.43758    -0.0772    13.8155 0.0000e+00  -61.38350  -54.87533 1152848402 195.152820    34.5295 0.0000e+00
    815.000    -0.6083   2.853401    -0.6082   2.853841    6.43728    -0.0997    13.8155 0.0000e+00  -61.38350  -54.87533 1152848403 195.152829    34.5296 0.0000e+00
    816.000    -0.6086   2.853416    -0.6085   2.853847    6.43854    -0.0950    13.8155 0.0000e+00  -61.38350  -54.87533 1152848403 195.152838    34.5295 0.0000e+00
    817.000    -0.6087   2.853444    -0.6088   2.853869    6.43660    -0.1012    13.8155 0.0000e+00  -61.38350  -54.87533 1152848404 195.152847    34.5295 0.0000e+00
    818.000    -0.6091   2.853455    -0.6090   2.853891    6.43500    -0.1006    13.8155 0.0000e+00  -61.38350  -54.87533 1152848405 195.152859    34.5295 0.0000e+00
    819.000    -0.6094   2.853483    -0.6093   2.853916    6.43553    -0.0932    13.8155 0.0000e+00  -61.38350  -54.87533 1152848407 195.152882    34.5297 0.0000e+00
    820.000    -0.6090   2.853555    -0.6091   2.853987    6.43276    -0.0881    13.8155 0.0000e+00  -61.38350  -54.87533 1152848409 195.152898    34.5295 0.0000e+00
    821.000    -0.6092   2.853586    -0.6090   2.854027    6.43304    -0.0939    13.8155 0.0000e+00  -61.38350  -54.87533 1152848410 195.152912    34.5295 0.0000e+00
    822.000    -0.6092   2.853634    -0.6090   2.854065    6.43348    -0.0984    13.8155 0.0000e+00  -61.38350  -54.87533 1152848411 195.152929    34.5297 0.0000e+00
    823.000    -0.6089   2.853704    -0.6088   2.854142    6.43450    -0.0988    13.8155 0.0000e+00  -61.38350  -54.87533 1152848413 195.152949    34.5296 0.0000e+00
    824.000    -0.6089   2.853757    -0.6089   2.854180    6.43530    -0.1062    13.8155 0.0000e+00  -61.38350  -54.87533 1152848414 195.152963    34.5297 0.0000e+00
    825.000    -0.6086   2.853817    -0.6086   2.854230    6.43623    -0.0952    13.8155 0.0000e+00  -61.38350  -54.87533 1152848415 195.152974    34.5297 0.0000e+00
    826.000    -0.6084   2.853883    -0.6083   2.854326    6.43584    -0.0837    13.8155 0.0000e+00  -61.38350  -54.87533 1152848416 195.152985    34.5298 0.0000e+00
    827.000    -0.6086   2.853914    -0.6086   2.854331    6.43586    -0.1031    13.8155 0.0000e+00  -61.38350  -54.87533 1152848417 195.152997    34.5298 0.0000e+00
    828.000    -0.6088   2.853931    -0.6085   2.854372    6.43635    -0.0913    13.8155 0.0000e+00  -61.38350  -54.87533 1152848418 195.153008    34.5297 0.0000e+00
    829.000    -0.6088   2.853962    -0.6089   2.854390    6.43435    -0.0958    13.8155 0.0000e+00  -61.38350  -54.87533 1152848419 195.153019    34.5295 0.0000e+00
    830.000    -0.6086   2.854025    -0.6086   2.854446    6.43180    -0.0870    13.8155 0.0000e+00  -61.38350  -54.87533 1152848420 195.153031    34.5296 0.0000e+00
    831.000    -0.6086   2.854059    -0.6086   2.854488    6.42966    -0.0895    13.8155 0.0000e+00  -61.38350  -54.87533 1152848421 195.153046    34.5295 0.0000e+00
    832.000    -0.6085   2.854111    -0.6084   2.854541    6.43306    -0.1037    13.8155 0.0000e+00  -61.38350  -54.87533 1152848424 195.153080    34.5294 0.0000e+00
    833.000    -0.6086   2.854168    -0.6084   2.854607    6.43516    -0.0964    13.8155 0.0000e+00  -61.38350  -54.87533 1152848426 195.153105    34.5296 0.0000e+00
    834.000    -0.6088   2.854192    -0.6088   2.854632    6.43548    -0.1014    13.8155 0.0000e+00  -61.38350  -54.87533 1152848427 195.153115    34.5296 0.0000e+00
    835.000    -0.6088   2.854244    -0.6089   2.854672    6.43552    -0.0952    13.8155 0.0000e+00  -61.38350  -54.87533 1152848428 195.153123    34.5297 0.0000e+00
    836.000    -0.6089   2.854273    -0.6091   2.854696    6.43603    -0.1077    13.8155 0.0000e+00  -61.38350  -54.87533 1152848429 195.153130    34.5297 0.0000e+00
    837.000    -0.6086   2.854329    -0.6088   2.854758    6.43621    -0.0824    13.8155 0.0000e+00  -61.38350  -54.87533 1152848429 195.153137    34.5295 0.0000e+00
    838.000    -0.6081   2.854401    -0.6083   2.854830    6.43614    -0.1034    13.8155 0.0000e+00  -61.38350  -54.87533 1152848430 195.153144    34.5292 0.0000e+00
    839.000    -0.6085   2.854419    -0.6084   2.854852    6.43605    -0.0959    13.8155 0.0000e+00  -61.38350  -54.87533 1152848431 195.153152    34.5294 0.0000e+00
    840.000    -0.6089   2.854447    -0.6087   2.854881    6.43321    -0.0950    13.8155 0.0000e+00  -61.38350  -54.87533 1152848433 195.153177    34.5297 0.0000e+00
    841.000    -0.6095   2.854465    -0.6095   2.854880    6.43381    -0.0775    13.8155 0.0000e+00  -61.38350  -54.87533 1152848435 195.153206    34.5300 0.0000e+00
    842.000    -0.6101   2.854465    -0.6100   2.854890    6.43285    -0.0965    13.8155 0.0000e+00  -61.38350  -54.87533 1152848436 195.153220    34.5301 0.0000e+00
    843.000    -0.6102   2.854502    -0.6100   2.854934    6.43370    -0.1023    13.8155 0.0000e+00  -61.38350  -54.87533 1152848437 195.153233    34.5301 0.0000e+00
    844.000    -0.6100   2.854556    -0.6099   2.854977    6.43441    -0.1021    13.8155 0.0000e+00  -61.38350  -54.87533 1152848439 195.153246    34.5300 0.0000e+00
    845.000    -0.6097   2.854624    -0.6096   2.855048    6.43691    -0.1041    13.8155 0.0000e+00  -61.38350  -54.87533 1152848440 195.153261    34.5299 0.0000e+00
    846.000    -0.6098   2.854664    -0.6095   2.855109    6.43985    -0.1002    13.8155 0.0000e+00  -61.38350  -54.87533 1152848441 195.153275    34.5301 0.0000e+00
    847.000    -0.6094   2.854732    -0.6096   2.855146    6.44058    -0.0981    13.8155 0.0000e+00  -61.38350  -54.87533 1152848442 195.153287    34.5299 0.0000e+00
    848.000    -0.6098   2.854750    -0.6096   2.855191    6.44080    -0.0977    13.8155 0.0000e+00  -61.38350  -54.87533 1152848443 195.153297    34.5300 0.0000e+00
    849.000    -0.6105   2.854730    -0.6105   2.855158    6.43818    -0.0981    13.8155 0.0000e+00  -61.38350  -54.87533 1152848444 195.153306    34.5300 0.0000e+00
    850.000    -0.6106   2.854781    -0.6105   2.855210    6.43697    -0.1054    13.8155 0.0000e+00  -61.38350  -54.87533 1152848445 195.153315    34.5302 0.0000e+00
    851.000    -0.6107   2.854807    -0.6106   2.855231    6.43649    -0.0923    13.8155 0.0000e+00  -61.38350  -54.87533 1152848445 195.153326    34.5301 0.0000e+00
    852.000    -0.6106   2.854872    -0.6105   2.855303    6.43518    -0.1087    13.8155 0.0000e+00  -61.38350  -54.87533 1152848449 195.153366    34.5303 0.0000e+00
    853.000    -0.6107   2.854906    -0.6105   2.855337    6.43754    -0.1021    13.8155 0.0000e+00  -61.38350  -54.87533 1152848450 195.153383    34.5303 0.0000e+00
    854.000    -0.6111   2.854920    -0.6109   2.855357    6.43706    -0.1092    13.8155 0.0000e+00  -61.38350  -54.87533 1152848451 195.153395    34.5303 0.0000e+00
    855.000    -0.6113   2.854947    -0.6113   2.855379    6.43801    -0.0941    13.8155 0.0000e+00  -61.38350  -54.87533 1152848453 195.153407    34.5303 0.0000e+00
    856.000    -0.6117   2.854972    -0.6116   2.855398    6.43875    -0.0978    13.8155 0.0000e+00  -61.38350  -54.87533 1152848454 195.153420    34.5306 0.0000e+00
    857.000    -0.6118   2.855007    -0.6118   2.855444    6.43888    -0.0914    13.8155 0.0000e+00  -61.38350  -54.87533 1152848455 195.153431    34.5305 0.0000e+00
    858.000    -0.6124   2.855003    -0.6124   2.855438    6.43732    -0.0998    13.8155 0.0000e+00  -61.38350  -54.87533 1152848455 195.153441    34.5306 0.0000e+00
    859.000    -0.6127   2.855035    -0.6127   2.855477    6.43547    -0.0957    13.8155 0.0000e+00  -61.38350  -54.87533 1152848456 195.153451    34.5307 0.0000e+00
    860.000    -0.6128   2.855068    -0.6129   2.855501    6.43521    -0.0954    13.8155 0.0000e+00  -61.38350  -54.87533 1152848457 195.153461    34.5307 0.0000e+00
    861.000    -0.6129   2.855112    -0.6128   2.855540    6.43497    -0.0933    13.8155 0.0000e+00  -61.38350  -54.87533 1152848458 195.153472    34.5308 0.0000e+00
    862.000    -0.6128   2.855159    -0.6126   2.855590    6.43446    -0.0944    13.8155 0.0000e+00  -61.38350  -54.87533 1152848460 195.153492    34.5308 0.0000e+00
    863.000    -0.6128   2.855202    -0.6128   2.855622    6.43486    -0.0987    13.8155 0.0000e+00  -61.38350  -54.87533 1152848463 195.153524    34.5307 0.0000e+00
    864.000    -0.6132   2.855222    -0.6132   2.855639    6.43656    -0.0847    13.8155 0.0000e+00  -61.38350  -54.87533 1152848465 195.153547    34.5308 0.0000e+00
    865.000    -0.6135   2.855252    -0.6134   2.855682    6.43863    -0.1013    13.8155 0.0000e+00  -61.38350  -54.87533 1152848466 195.153560    34.5310 0.0000e+00
    866.000    -0.6133   2.855299    -0.6133   2.855736    6.43992    -0.0959    13.8155 0.0000e+00  -61.38350  -54.87533 1152848467 195.153569    34.5309 0.0000e+00
    867.000    -0.6134   2.855342    -0.6134   2.855785    6.43994    -0.1030    13.8155 0.0000e+00  -61.38350  -54.87533 1152848467 195.153577    34.5309 0.0000e+00
