product_data/regression_test/downloaded_data/MDGS/320620060703/ctd/p6617613.cnv
* Sea-Bird SBE 9 Data File:
* FileName = D:\Data\Raw\p6617613.dat
* Software Version Seasave Win32 V 5.32
* Temperature SN = 1649
* Conductivity SN = 1431
* Number of Bytes Per Scan = 37
* Number of Voltage Words = 5
* Number of Scans Averaged by the Deck Unit = 1
* NMEA Latitude = 60 37.00 S
* NMEA Longitude = 054 43.23 W
* NMEA UTC (Time) = 16:30:53
** Ship:   Nathaniel B. Palmer 
** Cruise:    NBP0606 
# nquan = 15
# nvalues = 449                         
# units = specified
# name 0 = prDM: Pressure, Digiquartz [db]
# name 1 = t090C: Temperature [ITS-90, deg C]
# name 2 = c0S/m: Conductivity [S/m]
# name 3 = t190C: Temperature, 2 [ITS-90, deg C]
# name 4 = c1S/m: Conductivity, 2 [S/m]
# name 5 = sbeox0ML/L: Oxygen, SBE 43 [ml/l]
# name 6 = flECO-AFL: Fluorescence, Wetlab ECO-AFL/FL [mg/m^3]
# name 7 = bat: Beam Attenuation, Chelsea/Seatech/Wetlab CStar [1/m]
# name 8 = spar: SPAR/Surface Irradiance
# name 9 = latitude: Latitude [deg]
# name 10 = longitude: Longitude [deg]
# name 11 = timeY: Time, System [seconds]
# name 12 = timeJ: Julian Days
# name 13 = sal00: Salinity [PSU]
# name 14 = flag: flag
# span 0 =      3.000,    451.000       
# span 1 =    -0.7706,     1.3781       
# span 2 =   2.773031,   2.994495       
# span 3 =    -0.7705,     1.3796       
# span 4 =   2.773832,   2.994654       
# span 5 =    4.90616,    7.67981       
# span 6 =    -0.1003,     0.2880       
# span 7 =    13.8155,    13.8155       
# span 8 = 4.8094e+01, 5.5402e+01       
# span 9 =  -60.61667,  -60.61667       
# span 10 =  -54.72050,  -54.72050      
# span 11 = 1153499461, 1153500164      
# span 12 = 202.688198, 202.696358      
# span 13 =    34.1214,    34.5457      
# span 14 = 0.0000e+00, 0.0000e+00      
# interval = decibars: 1                
# start_time = Jul 21 2006 16:31:01
# bad_flag = -9.990e-29
*END*
[from data line 290]
    293.000     0.5389   2.925577     0.5417   2.926605    5.56378    -0.0681    13.8155 5.2712e+01  -60.61667  -54.72050 1153499876 202.693028    34.5117 0.0000e+00
    294.000     0.5021   2.922366     0.5030   2.923048    5.59555    -0.0730    13.8155 5.2228e+01  -60.61667  -54.72050 1153499877 202.693037    34.5108 0.0000e+00
    295.000     0.4654   2.919120     0.4605   2.919112    5.65025    -0.0779    13.8155 5.1276e+01  -60.61667  -54.72050 1153499879 202.693053    34.5085 0.0000e+00
    296.000     0.5204   2.924432     0.4979   2.922481    5.70483    -0.0738    13.8155 5.1623e+01  -60.61667  -54.72050 1153499882 202.693089    34.5108 0.0000e+00
    297.000     0.4203   2.915026     0.4253   2.916310    5.72775    -0.0730    13.8155 5.1717e+01  -60.61667  -54.72050 1153499883 202.693101    34.5005 0.0000e+00
    298.000     0.4069   2.913980     0.4093   2.914732    5.74647    -0.0784    13.8155 5.2665e+01  -60.61667  -54.72050 1153499883 202.693111    34.5017 0.0000e+00
    299.000     0.3821   2.911803     0.3829   2.912388    5.75943    -0.0820    13.8155 5.2225e+01  -60.61667  -54.72050 1153499884 202.693120    34.5006 0.0000e+00
    300.000     0.3745   2.911191     0.3753   2.911701    5.77138    -0.0809    13.8155 5.0776e+01  -60.61667  -54.72050 1153499885 202.693129    34.5003 0.0000e+00
    301.000     0.3743   2.911255     0.3751   2.911747    5.78300    -0.0710    13.8155 5.1782e+01  -60.61667  -54.72050 1153499886 202.693143    34.4997 0.0000e+00
    302.000     0.3725   2.911165     0.3734   2.911649    5.79410    -0.0816    13.8155 5.0643e+01  -60.61667  -54.72050 1153499888 202.693161    34.4991 0.0000e+00
    303.000     0.3769   2.911660     0.3776   2.912103    5.80237    -0.0719    13.8155 5.1812e+01  -60.61667  -54.72050 1153499889 202.693177    34.4991 0.0000e+00
    304.000     0.3779   2.911838     0.3789   2.912307    5.80676    -0.0757    13.8155 5.1311e+01  -60.61667  -54.72050 1153499890 202.693192    34.4992 0.0000e+00
    305.000     0.3847   2.912588     0.3853   2.913007    5.81009    -0.0767    13.8155 5.1999e+01  -60.61667  -54.72050 1153499892 202.693209    34.5001 0.0000e+00
    306.000     0.3842   2.912705     0.3848   2.913138    5.81427    -0.0875    13.8155 5.2570e+01  -60.61667  -54.72050 1153499893 202.693225    34.5011 0.0000e+00
    307.000     0.3851   2.912882     0.3868   2.913408    5.81387    -0.0867    13.8155 5.0982e+01  -60.61667  -54.72050 1153499894 202.693237    34.5015 0.0000e+00
    308.000     0.3803   2.912626     0.3819   2.913097    5.81820    -0.0682    13.8155 5.1908e+01  -60.61667  -54.72050 1153499895 202.693248    34.5031 0.0000e+00
    309.000     0.3704   2.911780     0.3695   2.912210    5.82428    -0.0676    13.8155 5.2361e+01  -60.61667  -54.72050 1153499896 202.693260    34.5020 0.0000e+00
    310.000     0.3429   2.909435     0.3426   2.909839    5.83491    -0.0737    13.8155 5.2271e+01  -60.61667  -54.72050 1153499898 202.693273    34.5024 0.0000e+00
    311.000     0.3343   2.908691     0.3342   2.909088    5.84053    -0.0733    13.8155 5.1594e+01  -60.61667  -54.72050 1153499899 202.693288    34.5018 0.0000e+00
    312.000     0.3328   2.908603     0.3322   2.908928    5.84465    -0.0775    13.8155 5.1225e+01  -60.61667  -54.72050 1153499900 202.693303    34.5014 0.0000e+00
    313.000     0.3216   2.907625     0.3218   2.908048    5.85557    -0.0769    13.8155 5.2168e+01  -60.61667  -54.72050 1153499902 202.693321    34.5003 0.0000e+00
    314.000     0.3099   2.906636     0.3101   2.907047    5.86815    -0.0784    13.8155 5.1805e+01  -60.61667  -54.72050 1153499903 202.693341    34.4998 0.0000e+00
    315.000     0.3026   2.906029     0.3030   2.906477    5.87376    -0.0689    13.8155 5.0629e+01  -60.61667  -54.72050 1153499905 202.693355    34.4995 0.0000e+00
    316.000     0.2965   2.905517     0.2964   2.905919    5.87813    -0.0588    13.8155 5.1173e+01  -60.61667  -54.72050 1153499905 202.693365    34.4990 0.0000e+00
    317.000     0.2875   2.904730     0.2871   2.905133    5.88310    -0.0714    13.8155 5.1333e+01  -60.61667  -54.72050 1153499906 202.693374    34.4981 0.0000e+00
    318.000     0.2827   2.904396     0.2815   2.904664    5.88891    -0.0809    13.8155 5.0865e+01  -60.61667  -54.72050 1153499907 202.693384    34.4986 0.0000e+00
    319.000     0.2851   2.904679     0.2845   2.904974    5.89313    -0.0748    13.8155 5.1350e+01  -60.61667  -54.72050 1153499908 202.693396    34.4988 0.0000e+00
    320.000     0.2849   2.904698     0.2841   2.904992    5.90097    -0.0691    13.8155 5.2311e+01  -60.61667  -54.72050 1153499910 202.693420    34.4982 0.0000e+00
    321.000     0.2765   2.903980     0.2764   2.904361    5.91228    -0.0832    13.8155 5.1468e+01  -60.61667  -54.72050 1153499912 202.693442    34.4976 0.0000e+00
    322.000     0.2667   2.903146     0.2660   2.903495    5.91645    -0.0695    13.8155 5.2607e+01  -60.61667  -54.72050 1153499913 202.693454    34.4971 0.0000e+00
    323.000     0.2561   2.902228     0.2558   2.902628    5.92557    -0.0604    13.8155 5.2345e+01  -60.61667  -54.72050 1153499914 202.693464    34.4965 0.0000e+00
    324.000     0.2484   2.901567     0.2472   2.901875    5.93262    -0.0742    13.8155 5.2091e+01  -60.61667  -54.72050 1153499915 202.693474    34.4959 0.0000e+00
    325.000     0.2296   2.899933     0.2300   2.900406    5.93855    -0.0657    13.8155 5.1953e+01  -60.61667  -54.72050 1153499916 202.693488    34.4953 0.0000e+00
    326.000     0.2236   2.899432     0.2227   2.899786    5.95110    -0.0687    13.8155 5.2411e+01  -60.61667  -54.72050 1153499917 202.693503    34.4947 0.0000e+00
    327.000     0.1996   2.897291     0.1961   2.897477    5.96878    -0.0683    13.8155 5.2534e+01  -60.61667  -54.72050 1153499919 202.693517    34.4931 0.0000e+00
    328.000     0.1826   2.895828     0.1844   2.896423    5.98105    -0.0777    13.8155 5.2598e+01  -60.61667  -54.72050 1153499920 202.693531    34.4928 0.0000e+00
    329.000     0.1679   2.894542     0.1686   2.895052    5.99833    -0.0781    13.8155 5.1958e+01  -60.61667  -54.72050 1153499922 202.693551    34.4917 0.0000e+00
    330.000     0.1417   2.892213     0.1403   2.892556    6.01670    -0.0766    13.8155 5.2616e+01  -60.61667  -54.72050 1153499923 202.693570    34.4898 0.0000e+00
    331.000     0.1318   2.891389     0.1317   2.891810    6.02889    -0.0695    13.8155 5.2600e+01  -60.61667  -54.72050 1153499924 202.693585    34.4896 0.0000e+00
    332.000     0.1208   2.890428     0.1206   2.890875    6.03886    -0.0773    13.8155 5.2600e+01  -60.61667  -54.72050 1153499925 202.693597    34.4885 0.0000e+00
    333.000     0.1135   2.889872     0.1142   2.890341    6.04682    -0.0818    13.8155 5.2324e+01  -60.61667  -54.72050 1153499926 202.693607    34.4890 0.0000e+00
    334.000     0.1086   2.889488     0.1091   2.889978    6.05241    -0.0622    13.8155 5.2308e+01  -60.61667  -54.72050 1153499927 202.693616    34.4889 0.0000e+00
    335.000     0.1057   2.889378     0.1065   2.889833    6.05714    -0.0511    13.8155 5.0755e+01  -60.61667  -54.72050 1153499928 202.693627    34.4898 0.0000e+00
    336.000     0.1074   2.889585     0.1083   2.890048    6.06136    -0.0914    13.8155 5.1292e+01  -60.61667  -54.72050 1153499929 202.693638    34.4896 0.0000e+00
    337.000     0.1075   2.889664     0.1082   2.890100    6.06379    -0.0689    13.8155 5.1300e+01  -60.61667  -54.72050 1153499931 202.693656    34.4895 0.0000e+00
    338.000     0.1079   2.889751     0.1087   2.890206    6.06850    -0.0817    13.8155 5.1592e+01  -60.61667  -54.72050 1153499933 202.693683    34.4892 0.0000e+00
    339.000     0.1073   2.889795     0.1078   2.890215    6.06879    -0.0829    13.8155 5.1548e+01  -60.61667  -54.72050 1153499935 202.693701    34.4894 0.0000e+00
    340.000     0.1008   2.889219     0.1008   2.889660    6.06918    -0.0784    13.8155 5.2253e+01  -60.61667  -54.72050 1153499936 202.693714    34.4891 0.0000e+00
    341.000     0.0987   2.889149     0.0989   2.889558    6.06969    -0.0823    13.8155 5.1980e+01  -60.61667  -54.72050 1153499937 202.693724    34.4898 0.0000e+00
    342.000     0.0986   2.889240     0.0992   2.889667    6.07101    -0.0835    13.8155 5.2333e+01  -60.61667  -54.72050 1153499937 202.693735    34.4903 0.0000e+00
    343.000     0.0961   2.889081     0.0965   2.889509    6.07374    -0.0692    13.8155 5.2375e+01  -60.61667  -54.72050 1153499938 202.693746    34.4903 0.0000e+00
    344.000     0.0945   2.889037     0.0951   2.889457    6.07501    -0.0856    13.8155 5.2092e+01  -60.61667  -54.72050 1153499940 202.693759    34.4909 0.0000e+00
    345.000     0.0954   2.889183     0.0959   2.889594    6.07450    -0.0819    13.8155 5.2446e+01  -60.61667  -54.72050 1153499941 202.693772    34.4912 0.0000e+00
    346.000     0.0962   2.889324     0.0968   2.889733    6.07185    -0.0821    13.8155 5.1744e+01  -60.61667  -54.72050 1153499942 202.693783    34.4914 0.0000e+00
    347.000     0.0970   2.889458     0.0970   2.889804    6.06905    -0.0808    13.8155 5.1869e+01  -60.61667  -54.72050 1153499942 202.693794    34.4916 0.0000e+00
    348.000     0.0989   2.889678     0.1026   2.890392    6.06692    -0.0895    13.8155 5.2006e+01  -60.61667  -54.72050 1153499945 202.693820    34.4916 0.0000e+00
    349.000     0.1024   2.890123     0.1039   2.890525    6.06701    -0.0826    13.8155 5.1825e+01  -60.61667  -54.72050 1153499947 202.693852    34.4929 0.0000e+00
    350.000     0.1111   2.891014     0.1116   2.891393    6.06439    -0.0710    13.8155 5.1102e+01  -60.61667  -54.72050 1153499948 202.693860    34.4940 0.0000e+00
    351.000     0.1134   2.891273     0.1138   2.891664    6.06276    -0.0825    13.8155 5.2490e+01  -60.61667  -54.72050 1153499949 202.693868    34.4940 0.0000e+00
    352.000     0.1142   2.891394     0.1145   2.891784    6.06169    -0.0811    13.8155 5.2386e+01  -60.61667  -54.72050 1153499950 202.693875    34.4942 0.0000e+00
    353.000     0.1147   2.891501     0.1151   2.891889    6.06066    -0.0788    13.8155 5.1721e+01  -60.61667  -54.72050 1153499950 202.693884    34.4944 0.0000e+00
    354.000     0.1144   2.891538     0.1150   2.891932    6.05721    -0.0707    13.8155 5.1234e+01  -60.61667  -54.72050 1153499952 202.693902    34.4946 0.0000e+00
    355.000     0.1140   2.891533     0.1146   2.891931    6.05529    -0.0706    13.8155 5.1225e+01  -60.61667  -54.72050 1153499953 202.693918    34.4945 0.0000e+00
    356.000     0.1138   2.891556     0.1142   2.891954    6.05336    -0.0867    13.8155 5.1303e+01  -60.61667  -54.72050 1153499954 202.693929    34.4945 0.0000e+00
    357.000     0.1134   2.891543     0.1137   2.891926    6.05160    -0.0743    13.8155 5.2842e+01  -60.61667  -54.72050 1153499955 202.693939    34.4942 0.0000e+00
    358.000     0.1129   2.891531     0.1134   2.891917    6.05150    -0.0795    13.8155 5.2174e+01  -60.61667  -54.72050 1153499957 202.693960    34.4940 0.0000e+00
    359.000     0.1135   2.891644     0.1142   2.892045    6.05539    -0.0798    13.8155 -9.990e-29  -60.61667  -54.72050 1153499960 202.693995    34.4943 0.0000e+00
    360.000     0.1149   2.891845     0.1146   2.892132    6.05502    -0.0904    13.8155 -9.990e-29  -60.61667  -54.72050 1153499961 202.694005    34.4947 0.0000e+00
    361.000     0.1172   2.892128     0.1176   2.892503    6.05393    -0.0782    13.8155 -9.990e-29  -60.61667  -54.72050 1153499962 202.694014    34.4952 0.0000e+00
    362.000     0.1190   2.892343     0.1195   2.892737    6.05047    -0.0731    13.8155 -9.990e-29  -60.61667  -54.72050 1153499962 202.694022    34.4954 0.0000e+00
    363.000     0.1224   2.892756     0.1220   2.893037    6.04745    -0.0575    13.8155 -9.990e-29  -60.61667  -54.72050 1153499963 202.694031    34.4964 0.0000e+00
    364.000     0.1273   2.893340     0.1279   2.893682    6.04646    -0.0735    13.8155 5.0772e+01  -60.61667  -54.72050 1153499964 202.694040    34.4980 0.0000e+00
    365.000     0.1331   2.894010     0.1337   2.894386    6.04202    -0.0595    13.8155 5.0655e+01  -60.61667  -54.72050 1153499965 202.694052    34.4994 0.0000e+00
    366.000     0.1358   2.894361     0.1367   2.894758    6.03549    -0.0758    13.8155 5.0652e+01  -60.61667  -54.72050 1153499966 202.694066    34.5004 0.0000e+00
    367.000     0.1382   2.894667     0.1390   2.895071    6.03072    -0.0760    13.8155 5.0652e+01  -60.61667  -54.72050 1153499967 202.694082    34.5011 0.0000e+00
    368.000     0.1405   2.894959     0.1408   2.895331    6.02457    -0.0771    13.8155 5.0652e+01  -60.61667  -54.72050 1153499970 202.694111    34.5019 0.0000e+00
    369.000     0.1431   2.895288     0.1454   2.895915    6.02034    -0.0625    13.8155 5.0652e+01  -60.61667  -54.72050 1153499972 202.694133    34.5040 0.0000e+00
    370.000     0.1489   2.896097     0.1495   2.896456    6.01720    -0.0770    13.8155 5.0541e+01  -60.61667  -54.72050 1153499973 202.694144    34.5059 0.0000e+00
    371.000     0.1498   2.896203     0.1499   2.896549    6.01624    -0.0739    13.8155 5.0322e+01  -60.61667  -54.72050 1153499974 202.694153    34.5059 0.0000e+00
    372.000     0.1499   2.896255     0.1504   2.896639    6.01262    -0.0824    13.8155 4.9300e+01  -60.61667  -54.72050 1153499974 202.694161    34.5061 0.0000e+00
    373.000     0.1489   2.896236     0.1494   2.896620    6.00893    -0.0881    13.8155 5.0072e+01  -60.61667  -54.72050 1153499975 202.694171    34.5064 0.0000e+00
    374.000     0.1484   2.896254     0.1490   2.896636    6.00526    -0.0781    13.8155 4.9567e+01  -60.61667  -54.72050 1153499976 202.694187    34.5066 0.0000e+00
    375.000     0.1488   2.896330     0.1495   2.896712    6.00229    -0.0849    13.8155 5.0192e+01  -60.61667  -54.72050 1153499978 202.694206    34.5066 0.0000e+00
    376.000     0.1480   2.896299     0.1487   2.896707    6.00092    -0.0851    13.8155 5.0318e+01  -60.61667  -54.72050 1153499979 202.694220    34.5067 0.0000e+00
    377.000     0.1453   2.896125     0.1458   2.896521    5.99755    -0.0866    13.8155 4.9218e+01  -60.61667  -54.72050 1153499980 202.694233    34.5069 0.0000e+00
    378.000     0.1458   2.896313     0.1465   2.896690    5.99801    -0.0793    13.8155 5.0220e+01  -60.61667  -54.72050 1153499982 202.694246    34.5083 0.0000e+00
    379.000     0.1500   2.896749     0.1509   2.897167    5.99401    -0.0782    13.8155 5.0133e+01  -60.61667  -54.72050 1153499983 202.694262    34.5086 0.0000e+00
    380.000     0.1508   2.896880     0.1515   2.897280    5.99316    -0.0855    13.8155 5.0356e+01  -60.61667  -54.72050 1153499985 202.694280    34.5089 0.0000e+00
    381.000     0.1507   2.896919     0.1514   2.897312    5.99360    -0.0567    13.8155 5.0299e+01  -60.61667  -54.72050 1153499986 202.694295    34.5089 0.0000e+00
    382.000     0.1514   2.897025     0.1518   2.897403    5.99152    -0.0724    13.8155 5.0328e+01  -60.61667  -54.72050 1153499987 202.694307    34.5090 0.0000e+00
    383.000     0.1615   2.898077     0.1620   2.898383    5.98585    -0.0808    13.8155 5.0343e+01  -60.61667  -54.72050 1153499988 202.694319    34.5108 0.0000e+00
    384.000     0.1656   2.898486     0.1666   2.898897    5.98361    -0.0789    13.8155 4.9242e+01  -60.61667  -54.72050 1153499989 202.694331    34.5106 0.0000e+00
    385.000     0.1657   2.898549     0.1664   2.898934    5.98027    -0.0749    13.8155 5.0089e+01  -60.61667  -54.72050 1153499990 202.694346    34.5109 0.0000e+00
    386.000     0.1685   2.898862     0.1694   2.899266    5.97768    -0.0781    13.8155 5.0435e+01  -60.61667  -54.72050 1153499992 202.694363    34.5112 0.0000e+00
    387.000     0.1716   2.899214     0.1716   2.899515    5.97736    -0.0772    13.8155 5.0657e+01  -60.61667  -54.72050 1153499993 202.694383    34.5118 0.0000e+00
