product_data/regression_test/downloaded_data/MDGS/320620060703/ctd/p6617613.ros
* Sea-Bird SBE 9 Data File:
* FileName = D:\Data\Raw\p6617613.dat
* Software Version Seasave Win32 V 5.32
* Temperature SN = 1649
* Conductivity SN = 1431
* Number of Bytes Per Scan = 37
* Number of Voltage Words = 5
* Number of Scans Averaged by the Deck Unit = 1
* NMEA Latitude = 60 37.00 S
* NMEA Longitude = 054 43.23 W
* NMEA UTC (Time) = 16:30:53
** Ship:   Nathaniel B. Palmer 
** Cruise:    NBP0606 
# nquan = 17
# nvalues = 1176                    
# units = specified
# name 0 = prDM: Pressure, Digiquartz [db]
# name 1 = t090C: Temperature [ITS-90, deg C]
# name 2 = c0S/m: Conductivity [S/m]
# name 3 = t190C: Temperature, 2 [ITS-90, deg C]
# name 4 = c1S/m: Conductivity, 2 [S/m]
# name 5 = sbeox0ML/L: Oxygen, SBE 43 [ml/l]
# name 6 = flECO-AFL: Fluorescence, Wetlab ECO-AFL/FL [mg/m^3]
# name 7 = bat: Beam Attenuation, Chelsea/Seatech/Wetlab CStar [1/m]
# name 8 = spar: SPAR/Surface Irradiance
# name 9 = latitude: Latitude [deg]
# name 10 = longitude: Longitude [deg]
# name 11 = timeY: Time, System [seconds]
# name 12 = timeJ: Julian Days
# name 13 = sal00: Salinity [PSU]
# name 14 = scan: scan number
# name 15 = nbf: number of bottles fired
# name 16 = flag:  0.000e+00
# interval = seconds: 0.0416667                   
# start_time = Jul 21 2006 16:31:01
*END*
[from data line 852]
    424.905     0.3152   2.914790     0.3163   2.915183    5.82770    -0.1072    13.8155 5.4548e+01  -60.61667  -54.72050 1153500402 202.699110    34.5337      22611         18  0.000e+00
    424.829     0.3156   2.914794     0.3160   2.915177    5.82758    -0.0534    13.8155 5.4548e+01  -60.61667  -54.72050 1153500402 202.699110    34.5332      22612         18  0.000e+00
    424.915     0.3152   2.914757     0.3160   2.915195    5.82772    -0.0749    13.8155 5.4548e+01  -60.61667  -54.72050 1153500402 202.699111    34.5332      22613         18  0.000e+00
    424.829     0.3153   2.914763     0.3160   2.915189    5.82763    -0.0857    13.8155 5.2600e+01  -60.61667  -54.72050 1153500402 202.699111    34.5332      22614         18  0.000e+00
    424.838     0.3152   2.914750     0.3160   2.915160    5.82766    -0.1180    13.8155 5.2600e+01  -60.61667  -54.72050 1153500402 202.699112    34.5332      22615         18  0.000e+00
    424.829     0.3152   2.914747     0.3157   2.915154    5.82287    -0.1072    13.8155 5.0652e+01  -60.61667  -54.72050 1153500402 202.699112    34.5331      22616         18  0.000e+00
    424.762     0.3148   2.914723     0.3158   2.915130    5.82765    -0.0642    13.8155 5.2600e+01  -60.61667  -54.72050 1153500402 202.699113    34.5332      22617         18  0.000e+00
    424.771     0.3148   2.914736     0.3162   2.915171    5.82765    -0.0534    13.8155 5.2600e+01  -60.61667  -54.72050 1153500402 202.699113    34.5334      22618         18  0.000e+00
    424.762     0.3147   2.914726     0.3160   2.915160    5.82767    -0.0426    13.8155 5.4548e+01  -60.61667  -54.72050 1153500402 202.699114    34.5334      22619         18  0.000e+00
    424.771     0.3148   2.914703     0.3156   2.915130    5.82767    -0.0426    13.8155 5.2600e+01  -60.61667  -54.72050 1153500402 202.699114    34.5329      22620         18  0.000e+00
    424.762     0.3145   2.914750     0.3157   2.915124    5.82767    -0.0319    13.8155 5.2600e+01  -60.61667  -54.72050 1153500402 202.699115    34.5339      22621         18  0.000e+00
    424.762     0.3147   2.914750     0.3152   2.915130    5.82766    -0.0534    13.8155 5.2600e+01  -60.61667  -54.72050 1153500402 202.699115    34.5337      22622         18  0.000e+00
    424.694     0.3147   2.914726     0.3156   2.915124    5.82761    -0.0749    13.8155 5.2600e+01  -60.61667  -54.72050 1153500402 202.699116    34.5334      22623         18  0.000e+00
    424.685     0.3147   2.914723     0.3156   2.915124    5.82282    -0.1180    13.8155 5.2600e+01  -60.61667  -54.72050 1153500402 202.699116    34.5334      22624         18  0.000e+00
    424.685     0.3147   2.914716     0.3159   2.915124    5.82761    -0.1395    13.8155 5.2600e+01  -60.61667  -54.72050 1153500402 202.699117    34.5333      22625         18  0.000e+00
    424.627     0.3145   2.914757     0.3156   2.915106    5.82756    -0.1287    13.8155 5.2600e+01  -60.61667  -54.72050 1153500402 202.699117    34.5341      22626         18  0.000e+00
    424.618     0.3152   2.914733     0.3154   2.915118    5.82749    -0.1072    13.8155 5.2600e+01  -60.61667  -54.72050 1153500402 202.699117    34.5331      22627         18  0.000e+00
    424.627     0.3148   2.914740     0.3156   2.915142    5.82753    -0.0964    13.8155 5.2600e+01  -60.61667  -54.72050 1153500402 202.699118    34.5335      22628         18  0.000e+00
    424.618     0.3144   2.914726     0.3156   2.915130    5.82759    -0.1180    13.8155 5.2600e+01  -60.61667  -54.72050 1153500402 202.699118    34.5338      22629         18  0.000e+00
    424.618     0.3147   2.914723     0.3148   2.915130    5.82756    -0.0857    13.8155 5.2600e+01  -60.61667  -54.72050 1153500403 202.699119    34.5335      22630         18  0.000e+00
    424.560     0.3145   2.914703     0.3158   2.915106    5.82754    -0.0857    13.8155 5.2600e+01  -60.61667  -54.72050 1153500403 202.699119    34.5334      22631         18  0.000e+00
    424.551     0.3144   2.914716     0.3157   2.915077    5.82754    -0.1072    13.8155 5.2600e+01  -60.61667  -54.72050 1153500403 202.699120    34.5337      22632         18  0.000e+00
    424.560     0.3144   2.914683     0.3156   2.915095    5.82757    -0.1072    13.8155 5.4548e+01  -60.61667  -54.72050 1153500403 202.699120    34.5333      22633         18  0.000e+00
    424.551     0.3144   2.914689     0.3159   2.915077    5.82755    -0.0642    13.8155 5.2600e+01  -60.61667  -54.72050 1153500403 202.699121    34.5334      22634         18  0.000e+00
    424.474     0.3147   2.914716     0.3153   2.915089    5.82744    -0.0642    13.8155 5.2600e+01  -60.61667  -54.72050 1153500403 202.699121    34.5335      22635         18  0.000e+00
    424.560     0.3150   2.914703     0.3154   2.915136    5.82269    -0.0534    13.8155 5.2600e+01  -60.61667  -54.72050 1153500403 202.699122    34.5329      22636         18  0.000e+00
    424.407     0.3148   2.914699     0.3155   2.915095    5.82259    -0.0749    13.8155 5.2600e+01  -60.61667  -54.72050 1153500403 202.699122    34.5331      22637         18  0.000e+00
    424.484     0.3144   2.914699     0.3154   2.915130    5.82270    -0.1072    13.8155 5.2600e+01  -60.61667  -54.72050 1153500403 202.699123    34.5336      22638         18  0.000e+00
    424.474     0.3142   2.914699     0.3159   2.915130    5.82271    -0.1395    13.8155 5.2600e+01  -60.61667  -54.72050 1153500403 202.699123    34.5338      22639         18  0.000e+00
    424.407     0.3150   2.914699     0.3155   2.915124    5.82257    -0.1395    13.8155 5.0652e+01  -60.61667  -54.72050 1153500403 202.699124    34.5329      22640         18  0.000e+00
    425.194     0.3111   2.914444     0.3120   2.914788    5.82380    -0.0749    13.8155 5.4548e+01  -60.61667  -54.72050 1153500408 202.699186    34.5335      22770         19  0.000e+00
    425.251     0.3114   2.914444     0.3121   2.914794    5.81901    -0.0642    13.8155 5.4548e+01  -60.61667  -54.72050 1153500408 202.699187    34.5331      22771         19  0.000e+00
    425.328     0.3116   2.914457     0.3120   2.914776    5.82385    -0.0964    13.8155 5.4548e+01  -60.61667  -54.72050 1153500408 202.699187    34.5331      22772         19  0.000e+00
    425.194     0.3125   2.914501     0.3122   2.914788    5.81881    -0.1287    13.8155 5.4548e+01  -60.61667  -54.72050 1153500409 202.699188    34.5327      22773         19  0.000e+00
    425.251     0.3119   2.914494     0.3123   2.914794    5.82373    -0.1180    13.8155 5.4548e+01  -60.61667  -54.72050 1153500409 202.699188    34.5332      22774         19  0.000e+00
    425.194     0.3122   2.914491     0.3122   2.914811    5.81885    -0.0749    13.8155 5.4548e+01  -60.61667  -54.72050 1153500409 202.699189    34.5329      22775         19  0.000e+00
    425.184     0.3120   2.914525     0.3122   2.914806    5.81885    -0.0749    13.8155 5.4548e+01  -60.61667  -54.72050 1153500409 202.699189    34.5335      22776         19  0.000e+00
    425.184     0.3119   2.914484     0.3121   2.914817    5.82368    -0.0534    13.8155 5.4548e+01  -60.61667  -54.72050 1153500409 202.699190    34.5331      22777         19  0.000e+00
    425.194     0.3122   2.914484     0.3119   2.914823    5.81886    -0.0534    13.8155 5.2600e+01  -60.61667  -54.72050 1153500409 202.699190    34.5328      22778         19  0.000e+00
    425.184     0.3120   2.914538     0.3120   2.914823    5.82363    -0.0749    13.8155 5.0652e+01  -60.61667  -54.72050 1153500409 202.699191    34.5337      22779         19  0.000e+00
    425.127     0.3125   2.914524     0.3126   2.914847    5.82354    -0.0749    13.8155 5.0652e+01  -60.61667  -54.72050 1153500409 202.699191    34.5330      22780         19  0.000e+00
    425.117     0.3120   2.914494     0.3125   2.914829    5.82360    -0.0426    13.8155 5.0652e+01  -60.61667  -54.72050 1153500409 202.699192    34.5331      22781         19  0.000e+00
    425.184     0.3127   2.914508     0.3124   2.914800    5.82357    -0.0426    13.8155 5.0652e+01  -60.61667  -54.72050 1153500409 202.699192    34.5326      22782         19  0.000e+00
    425.127     0.3125   2.914494     0.3126   2.914841    5.81876    -0.0426    13.8155 5.0652e+01  -60.61667  -54.72050 1153500409 202.699193    34.5326      22783         19  0.000e+00
    425.117     0.3120   2.914541     0.3129   2.914853    5.82357    -0.0964    13.8155 5.0652e+01  -60.61667  -54.72050 1153500409 202.699193    34.5337      22784         19  0.000e+00
    425.050     0.3120   2.914508     0.3128   2.914870    5.82354    -0.1180    13.8155 5.0652e+01  -60.61667  -54.72050 1153500409 202.699194    34.5333      22785         19  0.000e+00
    425.040     0.3122   2.914521     0.3127   2.914876    5.82351    -0.1072    13.8155 5.0652e+01  -60.61667  -54.72050 1153500409 202.699194    34.5334      22786         19  0.000e+00
    425.117     0.3120   2.914518     0.3126   2.914900    5.81879    -0.0857    13.8155 5.0652e+01  -60.61667  -54.72050 1153500409 202.699195    34.5334      22787         19  0.000e+00
    425.050     0.3120   2.914514     0.3135   2.914906    5.82353    -0.0964    13.8155 5.0652e+01  -60.61667  -54.72050 1153500409 202.699195    34.5334      22788         19  0.000e+00
    425.040     0.3124   2.914548     0.3131   2.914924    5.82347    -0.0857    13.8155 5.0652e+01  -60.61667  -54.72050 1153500409 202.699196    34.5335      22789         19  0.000e+00
    424.983     0.3128   2.914561     0.3138   2.914900    5.82336    -0.0749    13.8155 5.0652e+01  -60.61667  -54.72050 1153500409 202.699196    34.5332      22790         19  0.000e+00
    425.040     0.3128   2.914524     0.3134   2.914924    5.82343    -0.0857    13.8155 5.0652e+01  -60.61667  -54.72050 1153500409 202.699197    34.5327      22791         19  0.000e+00
    424.973     0.3130   2.914548     0.3136   2.914953    5.82334    -0.1072    13.8155 5.0652e+01  -60.61667  -54.72050 1153500409 202.699197    34.5329      22792         19  0.000e+00
    424.983     0.3124   2.914521     0.3139   2.914941    5.82344    -0.1180    13.8155 5.0652e+01  -60.61667  -54.72050 1153500409 202.699198    34.5332      22793         19  0.000e+00
    424.973     0.3128   2.914548     0.3137   2.914935    5.82336    -0.0857    13.8155 5.0652e+01  -60.61667  -54.72050 1153500409 202.699198    34.5330      22794         19  0.000e+00
    424.983     0.3130   2.914541     0.3139   2.914953    5.81856    -0.1180    13.8155 5.0652e+01  -60.61667  -54.72050 1153500409 202.699198    34.5328      22795         19  0.000e+00
    424.906     0.3132   2.914555     0.3143   2.914977    5.82327    -0.1180    13.8155 5.0652e+01  -60.61667  -54.72050 1153500409 202.699199    34.5328      22796         19  0.000e+00
    424.973     0.3128   2.914578     0.3141   2.914965    5.82335    -0.0964    13.8155 5.0652e+01  -60.61667  -54.72050 1153500410 202.699199    34.5335      22797         19  0.000e+00
    424.916     0.3130   2.914585     0.3136   2.914965    5.82328    -0.0642    13.8155 5.0652e+01  -60.61667  -54.72050 1153500410 202.699200    34.5334      22798         19  0.000e+00
    424.906     0.3128   2.914598     0.3141   2.914959    5.82328    -0.0534    13.8155 5.0652e+01  -60.61667  -54.72050 1153500410 202.699200    34.5337      22799         19  0.000e+00
    424.916     0.3128   2.914565     0.3146   2.915000    5.82331    -0.0319    13.8155 5.0652e+01  -60.61667  -54.72050 1153500410 202.699201    34.5333      22800         19  0.000e+00
    424.829     0.3128   2.914609     0.3138   2.914971    5.82321    -0.0534    13.8155 5.0652e+01  -60.61667  -54.72050 1153500410 202.699201    34.5339      22801         19  0.000e+00
    424.906     0.3136   2.914609     0.3146   2.914983    5.82318    -0.0857    13.8155 5.0652e+01  -60.61667  -54.72050 1153500410 202.699202    34.5330      22802         19  0.000e+00
    424.839     0.3133   2.914605     0.3143   2.915030    5.82317    -0.0964    13.8155 5.2600e+01  -60.61667  -54.72050 1153500410 202.699202    34.5334      22803         19  0.000e+00
    424.829     0.3136   2.914639     0.3145   2.915042    5.82311    -0.0534    13.8155 5.4548e+01  -60.61667  -54.72050 1153500410 202.699203    34.5335      22804         19  0.000e+00
    424.839     0.3138   2.914652     0.3145   2.915024    5.82788    -0.0534    13.8155 5.4548e+01  -60.61667  -54.72050 1153500410 202.699203    34.5334      22805         19  0.000e+00
    424.829     0.3141   2.914602     0.3146   2.914994    5.82307    -0.0749    13.8155 5.4548e+01  -60.61667  -54.72050 1153500410 202.699204    34.5325      22806         19  0.000e+00
    424.829     0.3138   2.914585     0.3143   2.914988    5.82311    -0.0857    13.8155 5.4548e+01  -60.61667  -54.72050 1153500410 202.699204    34.5326      22807         19  0.000e+00
    424.772     0.3134   2.914595     0.3141   2.914988    5.82310    -0.0749    13.8155 5.4548e+01  -60.61667  -54.72050 1153500410 202.699205    34.5331      22808         19  0.000e+00
    424.762     0.3130   2.914588     0.3142   2.914971    5.82315    -0.0534    13.8155 5.2600e+01  -60.61667  -54.72050 1153500410 202.699205    34.5335      22809         19  0.000e+00
    424.772     0.3128   2.914598     0.3136   2.914941    5.82317    -0.1072    13.8155 5.2600e+01  -60.61667  -54.72050 1153500410 202.699206    34.5338      22810         19  0.000e+00
    424.829     0.3136   2.914622     0.3125   2.914935    5.82312    -0.1180    13.8155 5.2600e+01  -60.61667  -54.72050 1153500410 202.699206    34.5332      22811         19  0.000e+00
    424.762     0.3135   2.914609     0.3130   2.914870    5.82788    -0.1287    13.8155 5.2600e+01  -60.61667  -54.72050 1153500410 202.699207    34.5333      22812         19  0.000e+00
    424.695     0.3136   2.914622     0.3126   2.914876    5.82780    -0.1180    13.8155 5.4548e+01  -60.61667  -54.72050 1153500410 202.699207    34.5333      22813         19  0.000e+00
    424.762     0.3136   2.914629     0.3129   2.914859    5.82785    -0.0964    13.8155 5.4548e+01  -60.61667  -54.72050 1153500410 202.699208    34.5334      22814         19  0.000e+00
    424.772     0.3137   2.914625     0.3128   2.914829    5.82784    -0.0857    13.8155 5.4548e+01  -60.61667  -54.72050 1153500410 202.699208    34.5332      22815         19  0.000e+00
    424.685     0.3138   2.914625     0.3126   2.914823    5.82777    -0.0749    13.8155 5.4548e+01  -60.61667  -54.72050 1153500410 202.699209    34.5332      22816         19  0.000e+00
    424.618     0.3137   2.914609     0.3125   2.914847    5.82773    -0.1180    13.8155 5.4548e+01  -60.61667  -54.72050 1153500410 202.699209    34.5330      22817         19  0.000e+00
    424.839     0.3133   2.914588     0.3125   2.914829    5.82797    -0.0857    13.8155 5.4548e+01  -60.61667  -54.72050 1153500410 202.699210    34.5331      22818         19  0.000e+00
    424.685     0.3116   2.914467     0.3118   2.914794    5.82811    -0.0857    13.8155 5.0652e+01  -60.61667  -54.72050 1153500419 202.699304    34.5336      23014         20  0.000e+00
    424.695     0.3117   2.914447     0.3119   2.914794    5.82811    -0.0964    13.8155 5.0652e+01  -60.61667  -54.72050 1153500419 202.699305    34.5331      23015         20  0.000e+00
    424.685     0.3116   2.914423     0.3119   2.914835    5.82813    -0.0857    13.8155 5.0652e+01  -60.61667  -54.72050 1153500419 202.699305    34.5330      23016         20  0.000e+00
    424.772     0.3119   2.914430     0.3122   2.914817    5.82816    -0.0857    13.8155 5.0652e+01  -60.61667  -54.72050 1153500419 202.699306    34.5327      23017         20  0.000e+00
    424.618     0.3113   2.914386     0.3124   2.914817    5.82814    -0.0642    13.8155 5.0652e+01  -60.61667  -54.72050 1153500419 202.699306    34.5329      23018         20  0.000e+00
