product_data/regression_test/downloaded_data/MDGS/320620060703/ctd/p6614901.ros
* Sea-Bird SBE 9 Data File:
* FileName = D:\Data\Raw\p6614901.dat
* Software Version Seasave Win32 V 5.32
* Temperature SN = 1649
* Conductivity SN = 1431
* Number of Bytes Per Scan = 37
* Number of Voltage Words = 5
* Number of Scans Averaged by the Deck Unit = 1
* NMEA Latitude = 60 34.28 S
* NMEA Longitude = 056 44.74 W
* NMEA UTC (Time) = 06:09:01
** Ship:   Nathaniel B. Palmer 
** Cruise:    NBP0606 
# nquan = 17
# nvalues = 1176                    
# units = specified
# name 0 = prDM: Pressure, Digiquartz [db]
# name 1 = t090C: Temperature [ITS-90, deg C]
# name 2 = c0S/m: Conductivity [S/m]
# name 3 = t190C: Temperature, 2 [ITS-90, deg C]
# name 4 = c1S/m: Conductivity, 2 [S/m]
# name 5 = sbeox0ML/L: Oxygen, SBE 43 [ml/l]
# name 6 = flECO-AFL: Fluorescence, Wetlab ECO-AFL/FL [mg/m^3]
# name 7 = bat: Beam Attenuation, Chelsea/Seatech/Wetlab CStar [1/m]
# name 8 = spar: SPAR/Surface Irradiance
# name 9 = latitude: Latitude [deg]
# name 10 = longitude: Longitude [deg]
# name 11 = timeY: Time, System [seconds]
# name 12 = timeJ: Julian Days
# name 13 = sal00: Salinity [PSU]
# name 14 = scan: scan number
# name 15 = nbf: number of bottles fired
# name 16 = flag:  0.000e+00
# interval = seconds: 0.0416667                   
# start_time = Jul 18 2006 06:09:09
*END*
[from data line 937]
     29.892    -0.7780   2.756775    -0.7777   2.757207    7.95530     0.1833    13.8155 0.0000e+00  -60.57133  -56.74567 1153206224 199.294278    33.8928      78640         20  0.000e+00
     29.892    -0.7776   2.756791    -0.7777   2.757173    7.95524     0.1618    13.8155 0.0000e+00  -60.57133  -56.74567 1153206224 199.294279    33.8927      78641         20  0.000e+00
     29.883    -0.7776   2.756814    -0.7778   2.757161    7.95520     0.1618    13.8155 0.0000e+00  -60.57133  -56.74567 1153206224 199.294279    33.8929      78642         20  0.000e+00
     29.892    -0.7773   2.756771    -0.7778   2.757178    7.95520     0.1833    13.8155 0.0000e+00  -60.57133  -56.74567 1153206224 199.294280    33.8921      78643         20  0.000e+00
     29.825    -0.7775   2.756755    -0.7777   2.757167    7.95516     0.2048    13.8155 0.0000e+00  -60.57133  -56.74567 1153206224 199.294280    33.8920      78644         20  0.000e+00
     29.883    -0.7785   2.756719    -0.7774   2.757178    7.95073     0.2048    13.8155 0.0000e+00  -60.57133  -56.74567 1153206224 199.294280    33.8927      78645         20  0.000e+00
     29.825    -0.7792   2.756709    -0.7774   2.757167    7.95078     0.1403    13.8155 0.0000e+00  -60.57133  -56.74567 1153206224 199.294281    33.8934      78646         20  0.000e+00
     29.749    -0.7793   2.756709    -0.7771   2.757161    7.95541     0.1295    13.8155 0.0000e+00  -60.57133  -56.74567 1153206224 199.294281    33.8936      78647         20  0.000e+00
     29.826    -0.7791   2.756709    -0.7778   2.757178    7.95546     0.1403    13.8155 0.0000e+00  -60.57133  -56.74567 1153206224 199.294282    33.8933      78648         20  0.000e+00
     29.740    -0.7778   2.756742    -0.7774   2.757190    7.95513     0.1188    13.8155 0.0000e+00  -60.57133  -56.74567 1153206224 199.294282    33.8923      78649         20  0.000e+00
     29.749    -0.7778   2.756755    -0.7780   2.757190    7.95513     0.0757    13.8155 0.0000e+00  -60.57133  -56.74567 1153206224 199.294283    33.8924      78650         20  0.000e+00
     29.749    -0.7783   2.756768    -0.7772   2.757167    7.95521     0.1618    13.8155 0.0000e+00  -60.57133  -56.74567 1153206224 199.294283    33.8932      78651         20  0.000e+00
     29.673    -0.7781   2.756758    -0.7774   2.757196    7.95509     0.1833    13.8155 0.0000e+00  -60.57133  -56.74567 1153206224 199.294284    33.8929      78652         20  0.000e+00
     29.683    -0.7780   2.756755    -0.7774   2.757155    7.95508     0.1403    13.8155 0.0000e+00  -60.57133  -56.74567 1153206224 199.294284    33.8927      78653         20  0.000e+00
     29.683    -0.7781   2.756768    -0.7775   2.757172    7.95509     0.1403    13.8155 0.0000e+00  -60.57133  -56.74567 1153206224 199.294285    33.8930      78654         20  0.000e+00
     29.616    -0.7777   2.756775    -0.7772   2.757167    7.95496     0.1188    13.8155 0.0000e+00  -60.57133  -56.74567 1153206225 199.294285    33.8927      78655         20  0.000e+00
     29.673    -0.7781   2.756791    -0.7775   2.757161    7.95507     0.1403    13.8155 0.0000e+00  -60.57133  -56.74567 1153206225 199.294286    33.8933      78656         20  0.000e+00
     29.616    -0.7782   2.756765    -0.7777   2.757144    7.95505     0.2048    13.8155 0.0000e+00  -60.57133  -56.74567 1153206225 199.294286    33.8932      78657         20  0.000e+00
     29.616    -0.7783   2.756735    -0.7772   2.757172    7.95508     0.1833    13.8155 0.0000e+00  -60.57133  -56.74567 1153206225 199.294287    33.8929      78658         20  0.000e+00
     29.597    -0.7784   2.756761    -0.7782   2.757126    7.95505     0.1618    13.8155 0.0000e+00  -60.57133  -56.74567 1153206225 199.294287    33.8933      78659         20  0.000e+00
     29.540    -0.7782   2.756742    -0.7782   2.757167    7.95498     0.1188    13.8155 0.0000e+00  -60.57133  -56.74567 1153206225 199.294288    33.8929      78660         20  0.000e+00
     29.540    -0.7782   2.756732    -0.7785   2.757126    7.95498     0.1188    13.8155 0.0000e+00  -60.57133  -56.74567 1153206225 199.294288    33.8927      78661         20  0.000e+00
     29.540    -0.7786   2.756732    -0.7783   2.757126    7.95504     0.1618    13.8155 0.0000e+00  -60.57133  -56.74567 1153206225 199.294289    33.8931      78662         20  0.000e+00
     29.463    -0.7781   2.756712    -0.7788   2.757115    7.95489     0.1403    13.8155 0.0000e+00  -60.57133  -56.74567 1153206225 199.294289    33.8924      78663         20  0.000e+00
     29.540    -0.7787   2.756742    -0.7789   2.757091    7.95504     0.1403    13.8155 0.0000e+00  -60.57133  -56.74567 1153206225 199.294290    33.8934      78664         20  0.000e+00
     29.473    -0.7789   2.756719    -0.7785   2.757120    7.95502     0.1618    13.8155 0.0000e+00  -60.57133  -56.74567 1153206225 199.294290    33.8933      78665         20  0.000e+00
     29.464    -0.7790   2.756725    -0.7782   2.757138    7.95503     0.1403    13.8155 0.0000e+00  -60.57133  -56.74567 1153206225 199.294291    33.8936      78666         20  0.000e+00
     29.397    -0.7788   2.756696    -0.7780   2.757138    7.95495     0.1618    13.8155 0.0000e+00  -60.57133  -56.74567 1153206225 199.294291    33.8930      78667         20  0.000e+00
     29.473    -0.7789   2.756719    -0.7780   2.757138    7.95033     0.1618    13.8155 0.0000e+00  -60.57133  -56.74567 1153206225 199.294292    33.8933      78668         20  0.000e+00
     29.387    -0.7793   2.756696    -0.7783   2.757155    7.95033     0.1403    13.8155 0.0000e+00  -60.57133  -56.74567 1153206225 199.294292    33.8936      78669         20  0.000e+00
     29.397    -0.7784   2.756686    -0.7778   2.757161    7.95489     0.2048    13.8155 0.0000e+00  -60.57133  -56.74567 1153206225 199.294293    33.8924      78670         20  0.000e+00
     29.397    -0.7791   2.756702    -0.7785   2.757161    7.95030     0.1941    13.8155 0.0000e+00  -60.57133  -56.74567 1153206225 199.294293    33.8934      78671         20  0.000e+00
     29.330    -0.7789   2.756689    -0.7782   2.757143    7.95489     0.1618    13.8155 0.0000e+00  -60.57133  -56.74567 1153206225 199.294293    33.8930      78672         20  0.000e+00
     29.387    -0.7790   2.756669    -0.7788   2.757115    7.95030     0.1941    13.8155 0.0000e+00  -60.57133  -56.74567 1153206225 199.294294    33.8929      78673         20  0.000e+00
     29.330    -0.7802   2.756646    -0.7789   2.757126    7.95044     0.1833    13.8155 0.0000e+00  -60.57133  -56.74567 1153206225 199.294294    33.8939      78674         20  0.000e+00
     29.330    -0.7797   2.756623    -0.7785   2.757138    7.95506     0.1726    13.8155 0.0000e+00  -60.57133  -56.74567 1153206225 199.294295    33.8930      78675         20  0.000e+00
     29.321    -0.7804   2.756669    -0.7783   2.757097    7.95045     0.1941    13.8155 0.0000e+00  -60.57133  -56.74567 1153206225 199.294295    33.8945      78676         20  0.000e+00
     29.330    -0.7805   2.756653    -0.7785   2.757103    7.95517     0.2156    13.8155 0.0000e+00  -60.57133  -56.74567 1153206225 199.294296    33.8944      78677         20  0.000e+00
     29.330    -0.7806   2.756607    -0.7778   2.757143    7.95053     0.1833    13.8155 0.0000e+00  -60.57133  -56.74567 1153206225 199.294296    33.8938      78678         20  0.000e+00
     29.263    -0.7814   2.756613    -0.7780   2.757120    7.95526     0.1618    13.8155 0.0000e+00  -60.57133  -56.74567 1153206225 199.294297    33.8948      78679         20  0.000e+00
     29.254    -0.7811   2.756636    -0.7780   2.757109    7.95520     0.1618    13.8155 0.0000e+00  -60.57133  -56.74567 1153206226 199.294297    33.8949      78680         20  0.000e+00
     29.330    -0.7812   2.756594    -0.7780   2.757126    7.95533     0.2048    13.8155 0.0000e+00  -60.57133  -56.74567 1153206226 199.294298    33.8944      78681         20  0.000e+00
     29.264    -0.7817   2.756590    -0.7782   2.757138    7.95533     0.1833    13.8155 0.0000e+00  -60.57133  -56.74567 1153206226 199.294298    33.8949      78682         20  0.000e+00
     30.031    -0.7689   2.757241    -0.7695   2.757589    7.96305     0.1833    13.8155 0.0000e+00  -60.57133  -56.74567 1153206261 199.294703    33.8889      79522         21  0.000e+00
     30.183    -0.7693   2.757258    -0.7694   2.757583    7.96326     0.1833    13.8155 0.0000e+00  -60.57133  -56.74567 1153206261 199.294704    33.8894      79523         21  0.000e+00
     30.116    -0.7683   2.757264    -0.7700   2.757583    7.96303     0.1618    13.8155 0.0000e+00  -60.57133  -56.74567 1153206261 199.294704    33.8885      79524         21  0.000e+00
     30.174    -0.7688   2.757244    -0.7700   2.757600    7.96318     0.1833    13.8155 0.0000e+00  -60.57133  -56.74567 1153206261 199.294705    33.8887      79525         21  0.000e+00
     30.116    -0.7688   2.757238    -0.7702   2.757572    7.96313     0.1403    13.8155 0.0000e+00  -60.57133  -56.74567 1153206261 199.294705    33.8887      79526         21  0.000e+00
     30.050    -0.7691   2.757241    -0.7706   2.757537    7.96310     0.1403    13.8155 0.0000e+00  -60.57133  -56.74567 1153206261 199.294706    33.8891      79527         21  0.000e+00
     30.050    -0.7695   2.757208    -0.7711   2.757566    7.96319     0.1618    13.8155 0.0000e+00  -60.57133  -56.74567 1153206261 199.294706    33.8891      79528         21  0.000e+00
     30.031    -0.7693   2.757248    -0.7705   2.757566    7.96310     0.1618    13.8155 0.0000e+00  -60.57133  -56.74567 1153206261 199.294707    33.8894      79529         21  0.000e+00
     30.050    -0.7689   2.757244    -0.7702   2.757577    7.96307     0.1403    13.8155 0.0000e+00  -60.57133  -56.74567 1153206261 199.294707    33.8889      79530         21  0.000e+00
     30.050    -0.7694   2.757238    -0.7694   2.757583    7.96315     0.1295    13.8155 0.0000e+00  -60.57133  -56.74567 1153206261 199.294708    33.8894      79531         21  0.000e+00
     29.964    -0.7696   2.757241    -0.7697   2.757583    7.96308     0.1618    13.8155 0.0000e+00  -60.57133  -56.74567 1153206261 199.294708    33.8897      79532         21  0.000e+00
     29.973    -0.7693   2.757208    -0.7697   2.757600    7.96306     0.1403    13.8155 0.0000e+00  -60.57133  -56.74567 1153206261 199.294709    33.8888      79533         21  0.000e+00
     29.973    -0.7690   2.757212    -0.7691   2.757589    7.96301     0.1726    13.8155 0.0000e+00  -60.57133  -56.74567 1153206261 199.294709    33.8886      79534         21  0.000e+00
     29.974    -0.7696   2.757218    -0.7689   2.757600    7.95842     0.1833    13.8155 0.0000e+00  -60.57133  -56.74567 1153206261 199.294710    33.8894      79535         21  0.000e+00
     29.964    -0.7695   2.757231    -0.7691   2.757647    7.96308     0.1403    13.8155 0.0000e+00  -60.57133  -56.74567 1153206261 199.294710    33.8895      79536         21  0.000e+00
     29.907    -0.7697   2.757208    -0.7691   2.757641    7.96306     0.1188    13.8155 0.0000e+00  -60.57133  -56.74567 1153206261 199.294711    33.8894      79537         21  0.000e+00
     29.907    -0.7697   2.757212    -0.7689   2.757635    7.96306     0.1618    13.8155 0.0000e+00  -60.57133  -56.74567 1153206261 199.294711    33.8895      79538         21  0.000e+00
     29.907    -0.7694   2.757185    -0.7685   2.757635    7.96303     0.2048    13.8155 0.0000e+00  -60.57133  -56.74567 1153206261 199.294712    33.8887      79539         21  0.000e+00
     29.821    -0.7696   2.757205    -0.7688   2.757635    7.96295     0.1510    13.8155 0.0000e+00  -60.57133  -56.74567 1153206261 199.294712    33.8893      79540         21  0.000e+00
     29.840    -0.7693   2.757185    -0.7686   2.757612    7.96293     0.1080    13.8155 0.0000e+00  -60.57133  -56.74567 1153206261 199.294713    33.8886      79541         21  0.000e+00
     29.840    -0.7696   2.757156    -0.7689   2.757647    7.96301     0.1188    13.8155 0.0000e+00  -60.57133  -56.74567 1153206261 199.294713    33.8886      79542         21  0.000e+00
     29.821    -0.7702   2.757169    -0.7685   2.757623    7.96307     0.2048    13.8155 0.0000e+00  -60.57133  -56.74567 1153206262 199.294714    33.8895      79543         21  0.000e+00
     29.840    -0.7700   2.757175    -0.7688   2.757629    7.96306     0.1833    13.8155 0.0000e+00  -60.57133  -56.74567 1153206262 199.294714    33.8894      79544         21  0.000e+00
     29.764    -0.7705   2.757139    -0.7686   2.757635    7.96308     0.1510    13.8155 0.0000e+00  -60.57133  -56.74567 1153206262 199.294715    33.8895      79545         21  0.000e+00
     29.764    -0.7704   2.757146    -0.7688   2.757652    7.96305     0.1403    13.8155 0.0000e+00  -60.57133  -56.74567 1153206262 199.294715    33.8894      79546         21  0.000e+00
     29.754    -0.7708   2.757152    -0.7688   2.757641    7.96310     0.1188    13.8155 0.0000e+00  -60.57133  -56.74567 1153206262 199.294715    33.8899      79547         21  0.000e+00
     29.697    -0.7707   2.757149    -0.7694   2.757635    7.96302     0.1188    13.8155 0.0000e+00  -60.57133  -56.74567 1153206262 199.294716    33.8898      79548         21  0.000e+00
     29.631    -0.7707   2.757119    -0.7692   2.757595    7.96297     0.1403    13.8155 0.0000e+00  -60.57133  -56.74567 1153206262 199.294716    33.8894      79549         21  0.000e+00
     29.821    -0.7716   2.757074    -0.7702   2.757600    7.96336     0.1403    13.8155 0.0000e+00  -60.57133  -56.74567 1153206262 199.294717    33.8897      79550         21  0.000e+00
     29.631    -0.7725   2.757044    -0.7700   2.757571    7.96801     0.1618    13.8155 0.0000e+00  -60.57133  -56.74567 1153206262 199.294717    33.8905      79551         21  0.000e+00
     29.697    -0.7727   2.757041    -0.7705   2.757554    7.96342     0.1188    13.8155 0.0000e+00  -60.57133  -56.74567 1153206262 199.294718    33.8906      79552         21  0.000e+00
     29.631    -0.7732   2.757073    -0.7711   2.757537    7.96342     0.0972    13.8155 0.0000e+00  -60.57133  -56.74567 1153206262 199.294718    33.8917      79553         21  0.000e+00
     29.612    -0.7738   2.757037    -0.7711   2.757490    7.96350     0.1080    13.8155 0.0000e+00  -60.57133  -56.74567 1153206262 199.294719    33.8918      79554         21  0.000e+00
     29.631    -0.7732   2.757018    -0.7714   2.757496    7.96344     0.1080    13.8155 0.0000e+00  -60.57133  -56.74567 1153206262 199.294719    33.8909      79555         21  0.000e+00
     29.554    -0.7739   2.757050    -0.7715   2.757502    7.96345     0.1295    13.8155 0.0000e+00  -60.57133  -56.74567 1153206262 199.294720    33.8922      79556         21  0.000e+00
     29.612    -0.7733   2.757031    -0.7717   2.757485    7.96343     0.1295    13.8155 0.0000e+00  -60.57133  -56.74567 1153206262 199.294720    33.8912      79557         21  0.000e+00
     29.554    -0.7734   2.757070    -0.7720   2.757496    7.96336     0.1295    13.8155 0.0000e+00  -60.57133  -56.74567 1153206262 199.294721    33.8919      79558         21  0.000e+00
     29.488    -0.7736   2.757037    -0.7729   2.757444    7.96334     0.1403    13.8155 0.0000e+00  -60.57133  -56.74567 1153206262 199.294721    33.8917      79559         21  0.000e+00
     29.554    -0.7734   2.757050    -0.7728   2.757444    7.96338     0.1403    13.8155 0.0000e+00  -60.57133  -56.74567 1153206262 199.294722    33.8917      79560         21  0.000e+00
     29.545    -0.7732   2.757077    -0.7731   2.757409    7.96332     0.1188    13.8155 0.0000e+00  -60.57133  -56.74567 1153206262 199.294722    33.8918      79561         21  0.000e+00
     29.488    -0.7733   2.757050    -0.7729   2.757398    7.96328     0.1403    13.8155 0.0000e+00  -60.57133  -56.74567 1153206262 199.294723    33.8916      79562         21  0.000e+00
