product_data/regression_test/downloaded_data/MDGS/320620060703/ctd/p6611301.ros
* Sea-Bird SBE 9 Data File:
* FileName = D:\Data\Raw\p6611301.dat
* Software Version Seasave Win32 V 5.32
* Temperature SN = 1649
* Conductivity SN = 1431
* Number of Bytes Per Scan = 37
* Number of Voltage Words = 5
* Number of Scans Averaged by the Deck Unit = 1
* NMEA Latitude = 61 29.01 S
* NMEA Longitude = 054 52.49 W
* NMEA UTC (Time) = 07:30:33
** Ship:   Nathaniel B. Palmer 
** Cruise:    NBP0606 
# nquan = 17
# nvalues = 1176                    
# units = specified
# name 0 = prDM: Pressure, Digiquartz [db]
# name 1 = t090C: Temperature [ITS-90, deg C]
# name 2 = c0S/m: Conductivity [S/m]
# name 3 = t190C: Temperature, 2 [ITS-90, deg C]
# name 4 = c1S/m: Conductivity, 2 [S/m]
# name 5 = sbeox0ML/L: Oxygen, SBE 43 [ml/l]
# name 6 = flECO-AFL: Fluorescence, Wetlab ECO-AFL/FL [mg/m^3]
# name 7 = bat: Beam Attenuation, Chelsea/Seatech/Wetlab CStar [1/m]
# name 8 = spar: SPAR/Surface Irradiance
# name 9 = latitude: Latitude [deg]
# name 10 = longitude: Longitude [deg]
# name 11 = timeY: Time, System [seconds]
# name 12 = timeJ: Julian Days
# name 13 = sal00: Salinity [PSU]
# name 14 = scan: scan number
# name 15 = nbf: number of bottles fired
# name 16 = flag:  0.000e+00
# interval = seconds: 0.0416667                   
# start_time = Jul 14 2006 07:30:41
*END*
[from data line 511]
    199.741    -0.5463   2.819586    -0.5447   2.820174    6.78261    -0.0964    13.8155 0.0000e+00  -61.48350  -54.87483 1152864749 195.342027    34.3747      60244         11  0.000e+00
    199.703    -0.5468   2.819569    -0.5453   2.820162    6.78266    -0.1287    13.8155 0.0000e+00  -61.48350  -54.87483 1152864749 195.342027    34.3751      60245         11  0.000e+00
    199.674    -0.5471   2.819556    -0.5452   2.820139    6.78268    -0.1180    13.8155 0.0000e+00  -61.48350  -54.87483 1152864749 195.342028    34.3752      60246         11  0.000e+00
    199.703    -0.5470   2.819556    -0.5456   2.820109    6.78269    -0.0749    13.8155 0.0000e+00  -61.48350  -54.87483 1152864749 195.342028    34.3751      60247         11  0.000e+00
    199.598    -0.5472   2.819536    -0.5457   2.820121    6.78264    -0.0642    13.8155 0.0000e+00  -61.48350  -54.87483 1152864749 195.342029    34.3752      60248         11  0.000e+00
    199.560    -0.5476   2.819499    -0.5456   2.820109    6.78267    -0.0426    13.8155 0.0000e+00  -61.48350  -54.87483 1152864749 195.342029    34.3751      60249         11  0.000e+00
    199.636    -0.5468   2.819519    -0.5454   2.820121    6.78263    -0.0534    13.8155 0.0000e+00  -61.48350  -54.87483 1152864749 195.342030    34.3745      60250         11  0.000e+00
    199.531    -0.5472   2.819513    -0.5462   2.820092    6.78259    -0.0964    13.8155 0.0000e+00  -61.48350  -54.87483 1152864749 195.342030    34.3749      60251         11  0.000e+00
    199.493    -0.5471   2.819473    -0.5460   2.820080    6.78256    -0.1180    13.8155 0.0000e+00  -61.48350  -54.87483 1152864749 195.342031    34.3742      60252         11  0.000e+00
    199.531    -0.5478   2.819496    -0.5460   2.820057    6.78268    -0.1072    13.8155 0.0000e+00  -61.48350  -54.87483 1152864749 195.342031    34.3753      60253         11  0.000e+00
    199.493    -0.5474   2.819476    -0.5469   2.820010    6.78260    -0.1072    13.8155 0.0000e+00  -61.48350  -54.87483 1152864749 195.342032    34.3746      60254         11  0.000e+00
    199.388    -0.5473   2.819446    -0.5466   2.820016    6.78251    -0.1502    13.8155 0.0000e+00  -61.48350  -54.87483 1152864749 195.342032    34.3742      60255         11  0.000e+00
    199.426    -0.5482   2.819473    -0.5469   2.820004    6.78264    -0.1287    13.8155 0.0000e+00  -61.48350  -54.87483 1152864749 195.342033    34.3755      60256         11  0.000e+00
    199.464    -0.5478   2.819453    -0.5470   2.819999    6.78265    -0.1072    13.8155 0.0000e+00  -61.48350  -54.87483 1152864749 195.342033    34.3748      60257         11  0.000e+00
    199.349    -0.5479   2.819443    -0.5474   2.819981    6.78256    -0.1287    13.8155 0.0000e+00  -61.48350  -54.87483 1152864749 195.342034    34.3749      60258         11  0.000e+00
    199.349    -0.5477   2.819456    -0.5469   2.819993    6.78252    -0.0426    13.8155 0.0000e+00  -61.48350  -54.87483 1152864749 195.342034    34.3748      60259         11  0.000e+00
    199.321    -0.5476   2.819463    -0.5468   2.819981    6.78247    -0.0319    13.8155 0.0000e+00  -61.48350  -54.87483 1152864750 195.342035    34.3747      60260         11  0.000e+00
    199.283    -0.5478   2.819429    -0.5465   2.819975    6.78248    -0.0642    13.8155 0.0000e+00  -61.48350  -54.87483 1152864750 195.342035    34.3746      60261         11  0.000e+00
    199.321    -0.5480   2.819453    -0.5466   2.819993    6.78254    -0.0642    13.8155 0.0000e+00  -61.48350  -54.87483 1152864750 195.342036    34.3751      60262         11  0.000e+00
    199.206    -0.5478   2.819429    -0.5466   2.819998    6.78241    -0.0749    13.8155 0.0000e+00  -61.48350  -54.87483 1152864750 195.342036    34.3746      60263         11  0.000e+00
    199.254    -0.5480   2.819383    -0.5466   2.820057    6.78252    -0.0857    13.8155 0.0000e+00  -61.48350  -54.87483 1152864750 195.342037    34.3742      60264         11  0.000e+00
    199.206    -0.5485   2.819337    -0.5473   2.820016    6.78256    -0.1072    13.8155 0.0000e+00  -61.48350  -54.87483 1152864750 195.342037    34.3742      60265         11  0.000e+00
    199.206    -0.5487   2.819310    -0.5472   2.819958    6.78261    -0.0857    13.8155 0.0000e+00  -61.48350  -54.87483 1152864750 195.342038    34.3741      60266         11  0.000e+00
    199.177    -0.5492   2.819290    -0.5472   2.819923    6.78267    -0.0642    13.8155 0.0000e+00  -61.48350  -54.87483 1152864750 195.342038    34.3744      60267         11  0.000e+00
    199.139    -0.5493   2.819283    -0.5475   2.819917    6.78265    -0.0749    13.8155 0.0000e+00  -61.48350  -54.87483 1152864750 195.342038    34.3745      60268         11  0.000e+00
    199.177    -0.5486   2.819247    -0.5471   2.819899    6.78261    -0.1180    13.8155 0.0000e+00  -61.48350  -54.87483 1152864750 195.342039    34.3731      60269         11  0.000e+00
    199.139    -0.5492   2.819254    -0.5473   2.819894    6.78266    -0.0857    13.8155 0.0000e+00  -61.48350  -54.87483 1152864750 195.342039    34.3740      60270         11  0.000e+00
    199.111    -0.5496   2.819260    -0.5474   2.819894    6.78268    -0.1072    13.8155 0.0000e+00  -61.48350  -54.87483 1152864750 195.342040    34.3745      60271         11  0.000e+00
    199.533    -0.5540   2.818686    -0.5569   2.818903    6.79830    -0.1072    13.8155 0.0000e+00  -61.48350  -54.87483 1152864761 195.342162    34.3715      60524         12  0.000e+00
    199.638    -0.5545   2.818620    -0.5577   2.818838    6.80327    -0.1180    13.8155 0.0000e+00  -61.48350  -54.87483 1152864761 195.342162    34.3711      60525         12  0.000e+00
    199.390    -0.5553   2.818620    -0.5581   2.818757    6.79838    -0.1180    13.8155 0.0000e+00  -61.48350  -54.87483 1152864761 195.342163    34.3721      60526         12  0.000e+00
    199.428    -0.5554   2.818607    -0.5586   2.818698    6.79844    -0.1287    13.8155 0.0000e+00  -61.48350  -54.87483 1152864761 195.342163    34.3721      60527         12  0.000e+00
    199.466    -0.5553   2.818570    -0.5583   2.818704    6.79849    -0.1502    13.8155 0.0000e+00  -61.48350  -54.87483 1152864761 195.342164    34.3714      60528         12  0.000e+00
    199.428    -0.5555   2.818564    -0.5582   2.818733    6.79849    -0.1502    13.8155 0.0000e+00  -61.48350  -54.87483 1152864761 195.342164    34.3716      60529         12  0.000e+00
    199.351    -0.5559   2.818527    -0.5574   2.818757    6.79849    -0.0534    13.8155 0.0000e+00  -61.48350  -54.87483 1152864761 195.342165    34.3716      60530         12  0.000e+00
    199.390    -0.5565   2.818444    -0.5582   2.818768    6.80342    -0.0426    13.8155 0.0000e+00  -61.48350  -54.87483 1152864761 195.342165    34.3712      60531         12  0.000e+00
    199.284    -0.5573   2.818404    -0.5579   2.818786    6.80344    -0.0749    13.8155 0.0000e+00  -61.48350  -54.87483 1152864761 195.342166    34.3715      60532         12  0.000e+00
    199.323    -0.5573   2.818401    -0.5577   2.818815    6.80349    -0.1287    13.8155 0.0000e+00  -61.48350  -54.87483 1152864761 195.342166    34.3715      60533         12  0.000e+00
    199.284    -0.5576   2.818404    -0.5577   2.818803    6.80349    -0.1072    13.8155 0.0000e+00  -61.48350  -54.87483 1152864761 195.342167    34.3719      60534         12  0.000e+00
    199.256    -0.5576   2.818384    -0.5582   2.818774    6.79872    -0.1072    13.8155 0.0000e+00  -61.48350  -54.87483 1152864761 195.342167    34.3717      60535         12  0.000e+00
    199.285    -0.5576   2.818411    -0.5583   2.818728    6.79873    -0.1072    13.8155 0.0000e+00  -61.48350  -54.87483 1152864761 195.342168    34.3720      60536         12  0.000e+00
    199.179    -0.5567   2.818441    -0.5586   2.818693    6.79848    -0.1287    13.8155 0.0000e+00  -61.48350  -54.87483 1152864761 195.342168    34.3714      60537         12  0.000e+00
    199.141    -0.5568   2.818464    -0.5587   2.818669    6.80321    -0.0964    13.8155 0.0000e+00  -61.48350  -54.87483 1152864761 195.342169    34.3719      60538         12  0.000e+00
    199.208    -0.5570   2.818501    -0.5585   2.818681    6.80327    -0.0857    13.8155 0.0000e+00  -61.48350  -54.87483 1152864761 195.342169    34.3725      60539         12  0.000e+00
    199.112    -0.5567   2.818534    -0.5586   2.818722    6.80312    -0.1072    13.8155 0.0000e+00  -61.48350  -54.87483 1152864761 195.342170    34.3727      60540         12  0.000e+00
    199.141    -0.5563   2.818554    -0.5585   2.818722    6.79833    -0.1502    13.8155 0.0000e+00  -61.48350  -54.87483 1152864761 195.342170    34.3726      60541         12  0.000e+00
    199.112    -0.5565   2.818540    -0.5585   2.818716    6.79834    -0.1395    13.8155 0.0000e+00  -61.48350  -54.87483 1152864761 195.342171    34.3726      60542         12  0.000e+00
    199.074    -0.5560   2.818537    -0.5585   2.818716    6.79823    -0.0857    13.8155 0.0000e+00  -61.48350  -54.87483 1152864761 195.342171    34.3720      60543         12  0.000e+00
    199.036    -0.5563   2.818487    -0.5579   2.818774    6.79828    -0.0857    13.8155 0.0000e+00  -61.48350  -54.87483 1152864761 195.342172    34.3718      60544         12  0.000e+00
    198.998    -0.5565   2.818474    -0.5567   2.818891    6.79827    -0.0857    13.8155 0.0000e+00  -61.48350  -54.87483 1152864761 195.342172    34.3718      60545         12  0.000e+00
    199.036    -0.5571   2.818401    -0.5557   2.818967    6.79844    -0.1072    13.8155 0.0000e+00  -61.48350  -54.87483 1152864761 195.342173    34.3715      60546         12  0.000e+00
    198.998    -0.5576   2.818378    -0.5557   2.819019    6.80324    -0.1287    13.8155 0.0000e+00  -61.48350  -54.87483 1152864761 195.342173    34.3717      60547         12  0.000e+00
    198.998    -0.5574   2.818358    -0.5549   2.819054    6.79847    -0.0857    13.8155 0.0000e+00  -61.48350  -54.87483 1152864762 195.342174    34.3712      60548         12  0.000e+00
    198.969    -0.5576   2.818338    -0.5553   2.819077    6.80323    -0.1072    13.8155 0.0000e+00  -61.48350  -54.87483 1152864762 195.342174    34.3712      60549         12  0.000e+00
    198.931    -0.5574   2.818364    -0.5546   2.819089    6.80315    -0.1072    13.8155 0.0000e+00  -61.48350  -54.87483 1152864762 195.342174    34.3714      60550         12  0.000e+00
    198.969    -0.5576   2.818368    -0.5555   2.819048    6.80322    -0.0964    13.8155 0.0000e+00  -61.48350  -54.87483 1152864762 195.342175    34.3716      60551         12  0.000e+00
    198.931    -0.5571   2.818354    -0.5553   2.818996    6.80312    -0.1072    13.8155 0.0000e+00  -61.48350  -54.87483 1152864762 195.342175    34.3709      60552         12  0.000e+00
    198.902    -0.5582   2.818371    -0.5563   2.818967    6.80323    -0.1395    13.8155 0.0000e+00  -61.48350  -54.87483 1152864762 195.342176    34.3724      60553         12  0.000e+00
    198.931    -0.5574   2.818378    -0.5568   2.818914    6.80315    -0.0642    13.8155 0.0000e+00  -61.48350  -54.87483 1152864762 195.342176    34.3716      60554         12  0.000e+00
    198.902    -0.5569   2.818378    -0.5569   2.818879    6.80306    -0.0319    13.8155 0.0000e+00  -61.48350  -54.87483 1152864762 195.342177    34.3710      60555         12  0.000e+00
    198.864    -0.5568   2.818451    -0.5573   2.818873    6.80296    -0.0534    13.8155 0.0000e+00  -61.48350  -54.87483 1152864762 195.342177    34.3719      60556         12  0.000e+00
    198.931    -0.5569   2.818437    -0.5576   2.818815    6.80305    -0.0642    13.8155 0.0000e+00  -61.48350  -54.87483 1152864762 195.342178    34.3718      60557         12  0.000e+00
    198.826    -0.5570   2.818424    -0.5580   2.818797    6.80296    -0.1072    13.8155 0.0000e+00  -61.48350  -54.87483 1152864762 195.342178    34.3717      60558         12  0.000e+00
    198.864    -0.5569   2.818404    -0.5580   2.818751    6.80300    -0.1072    13.8155 0.0000e+00  -61.48350  -54.87483 1152864762 195.342179    34.3714      60559         12  0.000e+00
    198.902    -0.5578   2.818381    -0.5585   2.818739    6.80316    -0.0964    13.8155 0.0000e+00  -61.48350  -54.87483 1152864762 195.342179    34.3720      60560         12  0.000e+00
    198.864    -0.5571   2.818378    -0.5594   2.818681    6.80304    -0.0964    13.8155 0.0000e+00  -61.48350  -54.87483 1152864762 195.342180    34.3713      60561         12  0.000e+00
    198.826    -0.5579   2.818368    -0.5596   2.818599    6.80312    -0.1072    13.8155 0.0000e+00  -61.48350  -54.87483 1152864762 195.342180    34.3720      60562         12  0.000e+00
    198.864    -0.5578   2.818354    -0.5604   2.818541    6.80314    -0.1180    13.8155 0.0000e+00  -61.48350  -54.87483 1152864762 195.342181    34.3717      60563         12  0.000e+00
    198.826    -0.5577   2.818338    -0.5605   2.818529    6.80311    -0.1180    13.8155 0.0000e+00  -61.48350  -54.87483 1152864762 195.342181    34.3714      60564         12  0.000e+00
    198.864    -0.5576   2.818384    -0.5605   2.818483    6.80311    -0.0749    13.8155 0.0000e+00  -61.48350  -54.87483 1152864762 195.342182    34.3719      60565         12  0.000e+00
    198.864    -0.5574   2.818364    -0.5611   2.818453    6.80309    -0.0642    13.8155 0.0000e+00  -61.48350  -54.87483 1152864762 195.342182    34.3714      60566         12  0.000e+00
    198.826    -0.5574   2.818361    -0.5607   2.818424    6.80306    -0.0749    13.8155 0.0000e+00  -61.48350  -54.87483 1152864762 195.342183    34.3714      60567         12  0.000e+00
    198.864    -0.5579   2.818325    -0.5610   2.818453    6.80318    -0.0534    13.8155 0.0000e+00  -61.48350  -54.87483 1152864762 195.342183    34.3714      60568         12  0.000e+00
    198.826    -0.5585   2.818328    -0.5608   2.818488    6.80323    -0.0534    13.8155 0.0000e+00  -61.48350  -54.87483 1152864762 195.342184    34.3722      60569         12  0.000e+00
    198.864    -0.5582   2.818315    -0.5605   2.818523    6.80323    -0.0857    13.8155 0.0000e+00  -61.48350  -54.87483 1152864762 195.342184    34.3716      60570         12  0.000e+00
    198.902    -0.5580   2.818258    -0.5600   2.818506    6.80328    -0.1180    13.8155 0.0000e+00  -61.48350  -54.87483 1152864762 195.342185    34.3707      60571         12  0.000e+00
    198.864    -0.5581   2.818291    -0.5600   2.818535    6.80323    -0.1180    13.8155 0.0000e+00  -61.48350  -54.87483 1152864763 195.342185    34.3712      60572         12  0.000e+00
    150.107    -0.6818   2.802510    -0.6801   2.803160    6.99730    -0.0426    13.8155 0.0000e+00  -61.48350  -54.87483 1152864900 195.343779    34.3286      63877         13  0.000e+00
    150.031    -0.6813   2.802553    -0.6800   2.803154    6.99713    -0.0426    13.8155 0.0000e+00  -61.48350  -54.87483 1152864900 195.343779    34.3288      63878         13  0.000e+00
    149.964    -0.6811   2.802517    -0.6799   2.803171    7.00180    -0.0426    13.8155 0.0000e+00  -61.48350  -54.87483 1152864900 195.343780    34.3281      63879         13  0.000e+00
    149.964    -0.6825   2.802490    -0.6798   2.803195    6.99728    -0.0642    13.8155 0.0000e+00  -61.48350  -54.87483 1152864900 195.343780    34.3293      63880         13  0.000e+00
    150.107    -0.6827   2.802447    -0.6795   2.803189    6.99747    -0.0964    13.8155 0.0000e+00  -61.48350  -54.87483 1152864900 195.343781    34.3288      63881         13  0.000e+00
    149.821    -0.6828   2.802374    -0.6796   2.803218    6.99726    -0.1180    13.8155 0.0000e+00  -61.48350  -54.87483 1152864900 195.343781    34.3282      63882         13  0.000e+00
    149.964    -0.6825   2.802345    -0.6795   2.803212    6.99737    -0.0857    13.8155 0.0000e+00  -61.48350  -54.87483 1152864901 195.343782    34.3274      63883         13  0.000e+00
