product_data/regression_test/downloaded_data/MDGS/320620060703/ctd/p6618001.ros
* Sea-Bird SBE 9 Data File:
* FileName = D:\Data\Raw\p6618001.dat
* Software Version Seasave Win32 V 5.32
* Temperature SN = 1649
* Conductivity SN = 1431
* Number of Bytes Per Scan = 37
* Number of Voltage Words = 5
* Number of Scans Averaged by the Deck Unit = 1
* NMEA Latitude = 60 36.98 S
* NMEA Longitude = 054 20.46 W
* NMEA UTC (Time) = 04:50:41
** Ship:   Nathaniel B. Palmer 
** Cruise:    NBP0606 
# nquan = 17
# nvalues = 1176                    
# units = specified
# name 0 = prDM: Pressure, Digiquartz [db]
# name 1 = t090C: Temperature [ITS-90, deg C]
# name 2 = c0S/m: Conductivity [S/m]
# name 3 = t190C: Temperature, 2 [ITS-90, deg C]
# name 4 = c1S/m: Conductivity, 2 [S/m]
# name 5 = sbeox0ML/L: Oxygen, SBE 43 [ml/l]
# name 6 = flECO-AFL: Fluorescence, Wetlab ECO-AFL/FL [mg/m^3]
# name 7 = bat: Beam Attenuation, Chelsea/Seatech/Wetlab CStar [1/m]
# name 8 = spar: SPAR/Surface Irradiance
# name 9 = latitude: Latitude [deg]
# name 10 = longitude: Longitude [deg]
# name 11 = timeY: Time, System [seconds]
# name 12 = timeJ: Julian Days
# name 13 = sal00: Salinity [PSU]
# name 14 = scan: scan number
# name 15 = nbf: number of bottles fired
# name 16 = flag:  0.000e+00
# interval = seconds: 0.0416667                   
# start_time = Jul 22 2006 04:50:49
*END*
[from data line 511]
    250.381     0.2285   2.894339     0.2259   2.894491    6.01815    -0.0857    13.8155 0.0000e+00  -60.61633  -54.34100 1153546429 203.231837    34.4658      61962         11  0.000e+00
    250.515     0.2292   2.894490     0.2258   2.894409    6.01809    -0.0534    13.8155 0.0000e+00  -60.61633  -54.34100 1153546429 203.231837    34.4668      61963         11  0.000e+00
    250.525     0.2306   2.894537     0.2267   2.894520    6.01790    -0.0211    13.8155 0.0000e+00  -60.61633  -54.34100 1153546429 203.231838    34.4658      61964         11  0.000e+00
    250.525     0.2298   2.894413     0.2266   2.894562    6.01806    -0.0534    13.8155 0.0000e+00  -60.61633  -54.34100 1153546429 203.231838    34.4651      61965         11  0.000e+00
    250.515     0.2291   2.894393     0.2259   2.894515    6.01816    -0.0642    13.8155 0.0000e+00  -60.61633  -54.34100 1153546429 203.231839    34.4657      61966         11  0.000e+00
    250.592     0.2302   2.894608     0.2275   2.894562    6.01797    -0.0104    13.8155 0.0000e+00  -60.61633  -54.34100 1153546429 203.231839    34.4673      61967         11  0.000e+00
    250.659     0.2320   2.894866     0.2289   2.894709    6.01766    -0.0534    13.8155 0.0000e+00  -60.61633  -54.34100 1153546429 203.231840    34.4685      61968         11  0.000e+00
    250.659     0.2344   2.894947     0.2300   2.894833    6.01733    -0.0857    13.8155 0.0000e+00  -60.61633  -54.34100 1153546429 203.231840    34.4670      61969         11  0.000e+00
    250.659     0.2348   2.894883     0.2307   2.894880    6.01731    -0.1180    13.8155 0.0000e+00  -60.61633  -54.34100 1153546429 203.231841    34.4656      61970         11  0.000e+00
    250.735     0.2345   2.894859     0.2300   2.894868    6.01742    -0.1072    13.8155 0.0000e+00  -60.61633  -54.34100 1153546429 203.231841    34.4656      61971         11  0.000e+00
    250.726     0.2339   2.894735     0.2298   2.894862    6.01756    -0.0642    13.8155 0.0000e+00  -60.61633  -54.34100 1153546429 203.231842    34.4647      61972         11  0.000e+00
    250.802     0.2327   2.894557     0.2309   2.894862    6.02256    -0.0534    13.8155 0.0000e+00  -60.61633  -54.34100 1153546429 203.231842    34.4637      61973         11  0.000e+00
    250.793     0.2313   2.894514     0.2312   2.894962    6.02275    -0.0964    13.8155 0.0000e+00  -60.61633  -54.34100 1153546429 203.231843    34.4647      61974         11  0.000e+00
    250.802     0.2316   2.894635     0.2321   2.895074    6.02265    -0.0964    13.8155 0.0000e+00  -60.61633  -54.34100 1153546429 203.231843    34.4659      61975         11  0.000e+00
    250.869     0.2320   2.894655     0.2312   2.895062    6.02264    -0.0964    13.8155 0.0000e+00  -60.61633  -54.34100 1153546429 203.231844    34.4656      61976         11  0.000e+00
    250.869     0.2325   2.894823     0.2331   2.895151    6.02719    -0.0642    13.8155 0.0000e+00  -60.61633  -54.34100 1153546429 203.231844    34.4673      61977         11  0.000e+00
    250.936     0.2348   2.895286     0.2344   2.895309    6.02202    -0.0749    13.8155 0.0000e+00  -60.61633  -54.34100 1153546429 203.231845    34.4707      61978         11  0.000e+00
    251.013     0.2400   2.895712     0.2357   2.895410    6.02123    -0.0749    13.8155 0.0000e+00  -60.61633  -54.34100 1153546429 203.231845    34.4706      61979         11  0.000e+00
    250.936     0.2428   2.895843     0.2368   2.895451    6.02075    -0.0964    13.8155 0.0000e+00  -60.61633  -54.34100 1153546429 203.231846    34.4692      61980         11  0.000e+00
    251.013     0.2447   2.896152     0.2364   2.895439    6.02042    -0.1287    13.8155 0.0000e+00  -60.61633  -54.34100 1153546429 203.231846    34.4711      61981         11  0.000e+00
    251.080     0.2492   2.896508     0.2380   2.895557    6.01973    -0.0749    13.8155 0.0000e+00  -60.61633  -54.34100 1153546429 203.231847    34.4706      61982         11  0.000e+00
    251.089     0.2521   2.896733     0.2405   2.895739    6.02395    -0.0426    13.8155 0.0000e+00  -60.61633  -54.34100 1153546429 203.231847    34.4703      61983         11  0.000e+00
    251.080     0.2542   2.896760     0.2414   2.895910    6.01899    -0.0964    13.8155 0.0000e+00  -60.61633  -54.34100 1153546429 203.231848    34.4684      61984         11  0.000e+00
    251.156     0.2542   2.896652     0.2426   2.896010    6.01911    -0.0964    13.8155 0.0000e+00  -60.61633  -54.34100 1153546430 203.231848    34.4669      61985         11  0.000e+00
    251.156     0.2531   2.896515     0.2448   2.896257    6.02401    -0.1395    13.8155 0.0000e+00  -60.61633  -54.34100 1153546430 203.231848    34.4664      61986         11  0.000e+00
    251.147     0.2530   2.896548     0.2521   2.896805    6.01931    -0.0964    13.8155 0.0000e+00  -60.61633  -54.34100 1153546430 203.231849    34.4669      61987         11  0.000e+00
    251.223     0.2526   2.896518     0.2589   2.897388    6.01943    -0.0749    13.8155 0.0000e+00  -60.61633  -54.34100 1153546430 203.231849    34.4669      61988         11  0.000e+00
    251.214     0.2520   2.896484     0.2626   2.897800    6.02421    -0.0534    13.8155 0.0000e+00  -60.61633  -54.34100 1153546430 203.231850    34.4671      61989         11  0.000e+00
    200.246    -0.4474   2.828301    -0.4511   2.828416    6.72146    -0.0319    13.8155 0.0000e+00  -60.61633  -54.34100 1153546533 203.233049    34.3796      64475         12  0.000e+00
    200.275    -0.4471   2.828265    -0.4509   2.828416    6.71672    -0.1072    13.8155 0.0000e+00  -60.61633  -54.34100 1153546533 203.233049    34.3787      64476         12  0.000e+00
    200.275    -0.4477   2.828288    -0.4501   2.828451    6.71679    -0.0749    13.8155 0.0000e+00  -60.61633  -54.34100 1153546533 203.233050    34.3797      64477         12  0.000e+00
    200.179    -0.4471   2.828281    -0.4497   2.828475    6.71662    -0.0749    13.8155 0.0000e+00  -60.61633  -54.34100 1153546533 203.233050    34.3790      64478         12  0.000e+00
    200.275    -0.4473   2.828328    -0.4495   2.828492    6.71670    -0.0749    13.8155 0.0000e+00  -60.61633  -54.34100 1153546533 203.233051    34.3797      64479         12  0.000e+00
    200.323    -0.4470   2.828344    -0.4490   2.828533    6.72143    -0.0749    13.8155 0.0000e+00  -60.61633  -54.34100 1153546533 203.233051    34.3796      64480         12  0.000e+00
    200.208    -0.4467   2.828328    -0.4489   2.828580    6.72130    -0.0642    13.8155 0.0000e+00  -60.61633  -54.34100 1153546534 203.233052    34.3791      64481         12  0.000e+00
    200.275    -0.4464   2.828354    -0.4484   2.828580    6.72130    -0.0319    13.8155 0.0000e+00  -60.61633  -54.34100 1153546534 203.233052    34.3790      64482         12  0.000e+00
    200.179    -0.4460   2.828368    -0.4478   2.828603    6.72116    -0.0319    13.8155 0.0000e+00  -60.61633  -54.34100 1153546534 203.233053    34.3789      64483         12  0.000e+00
    200.275    -0.4464   2.828401    -0.4475   2.828626    6.71653    -0.0426    13.8155 0.0000e+00  -60.61633  -54.34100 1153546534 203.233053    34.3797      64484         12  0.000e+00
    200.275    -0.4465   2.828414    -0.4478   2.828632    6.72129    -0.0749    13.8155 0.0000e+00  -60.61633  -54.34100 1153546534 203.233054    34.3800      64485         12  0.000e+00
    200.246    -0.4454   2.828394    -0.4475   2.828638    6.71638    -0.0749    13.8155 0.0000e+00  -60.61633  -54.34100 1153546534 203.233054    34.3785      64486         12  0.000e+00
    200.208    -0.4459   2.828408    -0.4469   2.828632    6.71640    -0.0749    13.8155 0.0000e+00  -60.61633  -54.34100 1153546534 203.233055    34.3792      64487         12  0.000e+00
    200.246    -0.4464   2.828428    -0.4469   2.828667    6.71649    -0.0749    13.8155 0.0000e+00  -60.61633  -54.34100 1153546534 203.233055    34.3800      64488         12  0.000e+00
    200.275    -0.4459   2.828454    -0.4472   2.828673    6.71643    -0.0749    13.8155 0.0000e+00  -60.61633  -54.34100 1153546534 203.233056    34.3798      64489         12  0.000e+00
    200.208    -0.4467   2.828391    -0.4477   2.828661    6.71652    -0.1180    13.8155 0.0000e+00  -60.61633  -54.34100 1153546534 203.233056    34.3799      64490         12  0.000e+00
    200.246    -0.4467   2.828418    -0.4475   2.828638    6.71654    -0.0749    13.8155 0.0000e+00  -60.61633  -54.34100 1153546534 203.233057    34.3803      64491         12  0.000e+00
    200.208    -0.4464   2.828401    -0.4475   2.828638    6.71647    -0.0642    13.8155 0.0000e+00  -60.61633  -54.34100 1153546534 203.233057    34.3797      64492         12  0.000e+00
    200.246    -0.4460   2.828408    -0.4472   2.828632    6.71646    -0.0749    13.8155 0.0000e+00  -60.61633  -54.34100 1153546534 203.233057    34.3794      64493         12  0.000e+00
    200.208    -0.4460   2.828428    -0.4472   2.828667    6.72115    -0.1072    13.8155 0.0000e+00  -60.61633  -54.34100 1153546534 203.233058    34.3797      64494         12  0.000e+00
    200.275    -0.4464   2.828401    -0.4472   2.828714    6.72127    -0.0857    13.8155 0.0000e+00  -60.61633  -54.34100 1153546534 203.233058    34.3797      64495         12  0.000e+00
    200.180    -0.4465   2.828321    -0.4477   2.828691    6.71651    -0.0964    13.8155 0.0000e+00  -60.61633  -54.34100 1153546534 203.233059    34.3788      64496         12  0.000e+00
    200.208    -0.4479   2.828212    -0.4472   2.828720    6.71680    -0.1072    13.8155 0.0000e+00  -60.61633  -54.34100 1153546534 203.233059    34.3789      64497         12  0.000e+00
    200.208    -0.4485   2.828135    -0.4474   2.828743    6.72167    -0.1180    13.8155 0.0000e+00  -60.61633  -54.34100 1153546534 203.233060    34.3786      64498         12  0.000e+00
    200.247    -0.4491   2.828069    -0.4474   2.828784    6.72183    -0.0857    13.8155 0.0000e+00  -60.61633  -54.34100 1153546534 203.233060    34.3784      64499         12  0.000e+00
    200.208    -0.4494   2.828119    -0.4471   2.828813    6.71706    -0.0749    13.8155 0.0000e+00  -60.61633  -54.34100 1153546534 203.233061    34.3794      64500         12  0.000e+00
    200.180    -0.4496   2.828105    -0.4461   2.828802    6.72181    -0.0964    13.8155 0.0000e+00  -60.61633  -54.34100 1153546534 203.233061    34.3794      64501         12  0.000e+00
    200.208    -0.4499   2.828095    -0.4458   2.828813    6.72189    -0.0642    13.8155 0.0000e+00  -60.61633  -54.34100 1153546534 203.233062    34.3796      64502         12  0.000e+00
    200.208    -0.4501   2.828112    -0.4461   2.828778    6.72189    -0.0642    13.8155 0.0000e+00  -60.61633  -54.34100 1153546534 203.233062    34.3800      64503         12  0.000e+00
    200.180    -0.4504   2.828135    -0.4460   2.828790    6.72190    -0.0749    13.8155 0.0000e+00  -60.61633  -54.34100 1153546534 203.233063    34.3807      64504         12  0.000e+00
    200.141    -0.4502   2.828172    -0.4455   2.828796    6.71707    -0.0964    13.8155 0.0000e+00  -60.61633  -54.34100 1153546535 203.233063    34.3810      64505         12  0.000e+00
    200.180    -0.4494   2.828202    -0.4451   2.828813    6.72173    -0.1287    13.8155 0.0000e+00  -60.61633  -54.34100 1153546535 203.233064    34.3805      64506         12  0.000e+00
    200.208    -0.4496   2.828208    -0.4448   2.828848    6.71703    -0.1610    13.8155 0.0000e+00  -60.61633  -54.34100 1153546535 203.233064    34.3808      64507         12  0.000e+00
    200.142    -0.4494   2.828192    -0.4448   2.828866    6.71696    -0.1180    13.8155 0.0000e+00  -60.61633  -54.34100 1153546535 203.233065    34.3804      64508         12  0.000e+00
    200.180    -0.4491   2.828185    -0.4457   2.828872    6.71695    -0.0534    13.8155 0.0000e+00  -60.61633  -54.34100 1153546535 203.233065    34.3800      64509         12  0.000e+00
    200.142    -0.4494   2.828185    -0.4455   2.828860    6.71696    -0.0534    13.8155 0.0000e+00  -60.61633  -54.34100 1153546535 203.233066    34.3803      64510         12  0.000e+00
    200.113    -0.4496   2.828218    -0.4461   2.828807    6.71694    -0.0964    13.8155 0.0000e+00  -60.61633  -54.34100 1153546535 203.233066    34.3810      64511         12  0.000e+00
    200.142    -0.4491   2.828315    -0.4461   2.828813    6.71684    -0.1180    13.8155 0.0000e+00  -60.61633  -54.34100 1153546535 203.233067    34.3817      64512         12  0.000e+00
    200.142    -0.4485   2.828394    -0.4465   2.828784    6.72145    -0.0749    13.8155 0.0000e+00  -60.61633  -54.34100 1153546535 203.233067    34.3821      64513         12  0.000e+00
    200.113    -0.4470   2.828497    -0.4466   2.828807    6.71640    -0.0749    13.8155 0.0000e+00  -60.61633  -54.34100 1153546535 203.233068    34.3817      64514         12  0.000e+00
    200.142    -0.4454   2.828627    -0.4460   2.828837    6.72088    -0.0642    13.8155 0.0000e+00  -60.61633  -54.34100 1153546535 203.233068    34.3817      64515         12  0.000e+00
    200.065    -0.4440   2.828733    -0.4457   2.828854    6.71581    -0.0964    13.8155 0.0000e+00  -60.61633  -54.34100 1153546535 203.233069    34.3816      64516         12  0.000e+00
    200.113    -0.4431   2.828753    -0.4458   2.828889    6.72046    -0.0964    13.8155 0.0000e+00  -60.61633  -54.34100 1153546535 203.233069    34.3808      64517         12  0.000e+00
    200.065    -0.4431   2.828753    -0.4451   2.828918    6.71568    -0.0749    13.8155 0.0000e+00  -60.61633  -54.34100 1153546535 203.233070    34.3808      64518         12  0.000e+00
    200.113    -0.4436   2.828683    -0.4451   2.828977    6.71583    -0.0964    13.8155 0.0000e+00  -60.61633  -54.34100 1153546535 203.233070    34.3804      64519         12  0.000e+00
    200.065    -0.4435   2.828713    -0.4449   2.828982    6.71576    -0.0964    13.8155 0.0000e+00  -60.61633  -54.34100 1153546535 203.233071    34.3808      64520         12  0.000e+00
    200.065    -0.4429   2.828693    -0.4443   2.828988    6.71569    -0.0534    13.8155 0.0000e+00  -60.61633  -54.34100 1153546535 203.233071    34.3798      64521         12  0.000e+00
    200.037    -0.4434   2.828720    -0.4441   2.829000    6.71571    -0.0534    13.8155 0.0000e+00  -60.61633  -54.34100 1153546535 203.233071    34.3808      64522         12  0.000e+00
    199.998    -0.4428   2.828713    -0.4446   2.828988    6.72034    -0.1180    13.8155 0.0000e+00  -60.61633  -54.34100 1153546535 203.233072    34.3800      64523         12  0.000e+00
    150.418    -0.2034   2.844528    -0.2085   2.843738    6.66988    -0.0749    13.8155 0.0000e+00  -60.61633  -54.34100 1153546623 203.234092    34.3515      66639         13  0.000e+00
    150.341    -0.2014   2.844624    -0.2088   2.843873    6.66948    -0.0426    13.8155 0.0000e+00  -60.61633  -54.34100 1153546624 203.234093    34.3506      66640         13  0.000e+00
    150.351    -0.2001   2.844671    -0.2077   2.844054    6.66929    -0.0964    13.8155 0.0000e+00  -60.61633  -54.34100 1153546624 203.234093    34.3498      66641         13  0.000e+00
    150.341    -0.1988   2.844581    -0.2060   2.844119    6.66915    -0.1395    13.8155 0.0000e+00  -60.61633  -54.34100 1153546624 203.234094    34.3471      66642         13  0.000e+00
    150.275    -0.1981   2.844458    -0.2058   2.844183    6.66907    -0.1072    13.8155 0.0000e+00  -60.61633  -54.34100 1153546624 203.234094    34.3447      66643         13  0.000e+00
    150.418    -0.1991   2.844401    -0.2068   2.844241    6.66937    -0.0319    13.8155 0.0000e+00  -60.61633  -54.34100 1153546624 203.234095    34.3450      66644         13  0.000e+00
    150.341    -0.1997   2.844401    -0.2057   2.844364    6.66938     0.0112    13.8155 0.0000e+00  -60.61633  -54.34100 1153546624 203.234095    34.3457      66645         13  0.000e+00
