product_data/regression_test/downloaded_data/MDGS/320620060703/ctd/p6618601.cnv
* Sea-Bird SBE 9 Data File:
* FileName = D:\Data\Raw\p6618601.dat
* Software Version Seasave Win32 V 5.32
* Temperature SN = 1649
* Conductivity SN = 1431
* Number of Bytes Per Scan = 37
* Number of Voltage Words = 5
* Number of Scans Averaged by the Deck Unit = 1
* NMEA Latitude = 60 48.00 S
* NMEA Longitude = 054 03.34 W
* NMEA UTC (Time) = 00:01:20
** Ship:   Nathaniel B. Palmer 
** Cruise:    NBP0606 
# nquan = 15
# nvalues = 1239                        
# units = specified
# name 0 = prDM: Pressure, Digiquartz [db]
# name 1 = t090C: Temperature [ITS-90, deg C]
# name 2 = c0S/m: Conductivity [S/m]
# name 3 = t190C: Temperature, 2 [ITS-90, deg C]
# name 4 = c1S/m: Conductivity, 2 [S/m]
# name 5 = sbeox0ML/L: Oxygen, SBE 43 [ml/l]
# name 6 = flECO-AFL: Fluorescence, Wetlab ECO-AFL/FL [mg/m^3]
# name 7 = bat: Beam Attenuation, Chelsea/Seatech/Wetlab CStar [1/m]
# name 8 = spar: SPAR/Surface Irradiance
# name 9 = latitude: Latitude [deg]
# name 10 = longitude: Longitude [deg]
# name 11 = timeY: Time, System [seconds]
# name 12 = timeJ: Julian Days
# name 13 = sal00: Salinity [PSU]
# name 14 = flag: flag
# span 0 =      2.000,   1240.000       
# span 1 =    -0.9684,     0.9177       
# span 2 =   2.767994,   2.975976       
# span 3 =    -0.9696,     0.9182       
# span 4 =   2.768540,   2.975886       
# span 5 =    5.21030,    7.49328       
# span 6 =    -0.1115,     0.5250       
# span 7 =    13.8155,    13.8155       
# span 8 = -7.527e-02, 9.1521e-01       
# span 9 =  -60.80000,  -60.80000       
# span 10 =  -54.05567,  -54.05567      
# span 11 = 1153612897, 1153614758      
# span 12 = 204.001147, 204.022678      
# span 13 =    34.2739,    34.6850      
# span 14 = 0.0000e+00, 0.0000e+00      
# interval = decibars: 1                
# start_time = Jul 23 2006 00:01:28
# bad_flag = -9.990e-29
*END*
[from data line 1157]
   1159.000     0.5036   2.974181     0.5035   2.974477    5.32908    -0.0982    13.8155 0.0000e+00  -60.80000  -54.05567 1153614503 204.019738    34.6775 0.0000e+00
   1160.000     0.5037   2.974232     0.5033   2.974511    5.32921    -0.0922    13.8155 0.0000e+00  -60.80000  -54.05567 1153614504 204.019747    34.6775 0.0000e+00
   1161.000     0.5043   2.974312     0.5041   2.974598    5.32842    -0.0860    13.8155 0.0000e+00  -60.80000  -54.05567 1153614505 204.019758    34.6773 0.0000e+00
   1162.000     0.5043   2.974350     0.5037   2.974601    5.32878    -0.0898    13.8155 0.0000e+00  -60.80000  -54.05567 1153614507 204.019777    34.6772 0.0000e+00
   1163.000     0.4949   2.973700     0.4937   2.973919    5.32772    -0.0881    13.8155 0.0000e+00  -60.80000  -54.05567 1153614512 204.019838    34.6790 0.0000e+00
   1164.000     0.4945   2.973695     0.4953   2.974065    5.32760    -0.0848    13.8155 0.0000e+00  -60.80000  -54.05567 1153614514 204.019855    34.6788 0.0000e+00
   1165.000     0.4973   2.973970     0.4971   2.974255    5.32757    -0.0845    13.8155 0.0000e+00  -60.80000  -54.05567 1153614515 204.019869    34.6786 0.0000e+00
   1166.000     0.4984   2.974097     0.4982   2.974382    5.32641    -0.0952    13.8155 0.0000e+00  -60.80000  -54.05567 1153614517 204.019890    34.6783 0.0000e+00
   1167.000     0.4993   2.974200     0.4989   2.974472    5.32483    -0.0938    13.8155 0.0000e+00  -60.80000  -54.05567 1153614520 204.019934    34.6782 0.0000e+00
   1168.000     0.4968   2.974068     0.4958   2.974297    5.32561    -0.0918    13.8155 0.0000e+00  -60.80000  -54.05567 1153614522 204.019955    34.6787 0.0000e+00
   1169.000     0.4971   2.974133     0.4973   2.974434    5.32631    -0.1021    13.8155 0.0000e+00  -60.80000  -54.05567 1153614524 204.019975    34.6786 0.0000e+00
   1170.000     0.4948   2.974000     0.4937   2.974229    5.32197    -0.0956    13.8155 0.0000e+00  -60.80000  -54.05567 1153614526 204.019997    34.6789 0.0000e+00
   1171.000     0.4761   2.972640     0.4736   2.972793    5.32166    -0.0899    13.8155 0.0000e+00  -60.80000  -54.05567 1153614528 204.020020    34.6820 0.0000e+00
   1172.000     0.4668   2.972006     0.4660   2.972308    5.31741    -0.1002    13.8155 0.0000e+00  -60.80000  -54.05567 1153614531 204.020057    34.6838 0.0000e+00
   1173.000     0.4621   2.971699     0.4620   2.972004    5.31416    -0.0970    13.8155 0.0000e+00  -60.80000  -54.05567 1153614533 204.020084    34.6844 0.0000e+00
   1174.000     0.4638   2.971867     0.4637   2.972177    5.31358    -0.0888    13.8155 0.0000e+00  -60.80000  -54.05567 1153614535 204.020102    34.6839 0.0000e+00
   1175.000     0.4619   2.971784     0.4616   2.972071    5.31407    -0.0928    13.8155 0.0000e+00  -60.80000  -54.05567 1153614537 204.020128    34.6843 0.0000e+00
   1176.000     0.4615   2.971805     0.4612   2.972091    5.31099    -0.0907    13.8155 0.0000e+00  -60.80000  -54.05567 1153614540 204.020157    34.6843 0.0000e+00
   1177.000     0.4605   2.971770     0.4603   2.972062    5.31044    -0.0881    13.8155 0.0000e+00  -60.80000  -54.05567 1153614542 204.020183    34.6844 0.0000e+00
   1178.000     0.4593   2.971728     0.4591   2.972025    5.31143    -0.0989    13.8155 0.0000e+00  -60.80000  -54.05567 1153614544 204.020211    34.6846 0.0000e+00
   1179.000     0.4604   2.971867     0.4601   2.972151    5.31249    -0.0977    13.8155 0.0000e+00  -60.80000  -54.05567 1153614547 204.020238    34.6846 0.0000e+00
   1180.000     0.4598   2.971852     0.4596   2.972148    5.31296    -0.0971    13.8155 0.0000e+00  -60.80000  -54.05567 1153614549 204.020262    34.6845 0.0000e+00
   1181.000     0.4597   2.971888     0.4594   2.972176    5.31294    -0.0942    13.8155 0.0000e+00  -60.80000  -54.05567 1153614550 204.020280    34.6845 0.0000e+00
   1182.000     0.4594   2.971921     0.4593   2.972208    5.31554    -0.0893    13.8155 0.0000e+00  -60.80000  -54.05567 1153614554 204.020319    34.6847 0.0000e+00
   1183.000     0.4603   2.972033     0.4601   2.972320    5.31578    -0.1007    13.8155 0.0000e+00  -60.80000  -54.05567 1153614557 204.020357    34.6846 0.0000e+00
   1184.000     0.4628   2.972285     0.4628   2.972600    5.31572    -0.0936    13.8155 0.0000e+00  -60.80000  -54.05567 1153614558 204.020372    34.6845 0.0000e+00
   1185.000     0.4625   2.972298     0.4641   2.972740    5.31629    -0.0871    13.8155 0.0000e+00  -60.80000  -54.05567 1153614560 204.020390    34.6843 0.0000e+00
   1186.000     0.4631   2.972398     0.4632   2.972702    5.31331    -0.0858    13.8155 0.0000e+00  -60.80000  -54.05567 1153614562 204.020411    34.6844 0.0000e+00
   1187.000     0.4620   2.972352     0.4626   2.972715    5.31234    -0.0863    13.8155 0.0000e+00  -60.80000  -54.05567 1153614564 204.020433    34.6845 0.0000e+00
   1188.000     0.4542   2.971726     0.4534   2.971970    5.31462    -0.0936    13.8155 0.0000e+00  -60.80000  -54.05567 1153614569 204.020492    34.6847 0.0000e+00
   1189.000     0.4533   2.971705     0.4522   2.971925    5.31354    -0.0944    13.8155 0.0000e+00  -60.80000  -54.05567 1153614571 204.020515    34.6849 0.0000e+00
   1190.000     0.4494   2.971397     0.4489   2.971684    5.31546    -0.0971    13.8155 0.0000e+00  -60.80000  -54.05567 1153614572 204.020530    34.6848 0.0000e+00
   1191.000     0.4485   2.971381     0.4483   2.971675    5.31613    -0.0919    13.8155 1.0473e-15  -60.80000  -54.05567 1153614573 204.020545    34.6850 0.0000e+00
   1192.000     0.4506   2.971601     0.4506   2.971909    5.31624    -0.0919    13.8155 7.5137e-02  -60.80000  -54.05567 1153614576 204.020574    34.6848 0.0000e+00
   1193.000     0.4523   2.971785     0.4519   2.972065    5.31480    -0.0903    13.8155 -4.460e-03  -60.80000  -54.05567 1153614580 204.020619    34.6847 0.0000e+00
   1194.000     0.4563   2.972180     0.4565   2.972501    5.31304    -0.0884    13.8155 7.4312e-02  -60.80000  -54.05567 1153614581 204.020635    34.6847 0.0000e+00
   1195.000     0.4516   2.971807     0.4509   2.972070    5.31350    -0.0945    13.8155 4.9414e-03  -60.80000  -54.05567 1153614583 204.020657    34.6847 0.0000e+00
   1196.000     0.4531   2.971976     0.4518   2.972172    5.31474    -0.1080    13.8155 1.1827e-01  -60.80000  -54.05567 1153614586 204.020693    34.6845 0.0000e+00
   1197.000     0.4545   2.972144     0.4541   2.972415    5.31222    -0.0907    13.8155 1.7627e-03  -60.80000  -54.05567 1153614589 204.020724    34.6846 0.0000e+00
   1198.000     0.4517   2.971944     0.4517   2.972262    5.31314    -0.0985    13.8155 5.2732e-07  -60.80000  -54.05567 1153614591 204.020750    34.6846 0.0000e+00
   1199.000     0.4531   2.972112     0.4533   2.972446    5.31368    -0.0941    13.8155 4.2997e-01  -60.80000  -54.05567 1153614592 204.020767    34.6847 0.0000e+00
   1200.000     0.4511   2.971976     0.4512   2.972300    5.31364    -0.0999    13.8155 9.1521e-01  -60.80000  -54.05567 1153614594 204.020783    34.6847 0.0000e+00
   1201.000     0.4516   2.972092     0.4518   2.972397    5.31723    -0.0891    13.8155 -7.527e-02  -60.80000  -54.05567 1153614598 204.020832    34.6849 0.0000e+00
   1202.000     0.4556   2.972463     0.4553   2.972752    5.31790    -0.0960    13.8155 7.4535e-02  -60.80000  -54.05567 1153614601 204.020861    34.6848 0.0000e+00
   1203.000     0.4568   2.972616     0.4566   2.972900    5.31723    -0.0842    13.8155 1.5740e-03  -60.80000  -54.05567 1153614602 204.020879    34.6847 0.0000e+00
   1204.000     0.4560   2.972578     0.4556   2.972850    5.31584    -0.0868    13.8155 1.6091e-13  -60.80000  -54.05567 1153614604 204.020901    34.6846 0.0000e+00
   1205.000     0.4559   2.972614     0.4559   2.972921    5.31197    -0.0996    13.8155 1.8090e-02  -60.80000  -54.05567 1153614608 204.020942    34.6848 0.0000e+00
   1206.000     0.4552   2.972588     0.4551   2.972888    5.31161    -0.0937    13.8155 -1.768e-04  -60.80000  -54.05567 1153614610 204.020968    34.6846 0.0000e+00
   1207.000     0.4534   2.972472     0.4532   2.972767    5.31231    -0.0981    13.8155 2.2983e-02  -60.80000  -54.05567 1153614612 204.020989    34.6847 0.0000e+00
   1208.000     0.4529   2.972471     0.4526   2.972758    5.31253    -0.1004    13.8155 2.1880e-01  -60.80000  -54.05567 1153614614 204.021012    34.6847 0.0000e+00
   1209.000     0.4514   2.972398     0.4512   2.972691    5.31529    -0.0981    13.8155 9.6015e-03  -60.80000  -54.05567 1153614616 204.021044    34.6848 0.0000e+00
   1210.000     0.4516   2.972456     0.4514   2.972748    5.31751    -0.0881    13.8155 0.0000e+00  -60.80000  -54.05567 1153614620 204.021085    34.6848 0.0000e+00
   1211.000     0.4515   2.972492     0.4513   2.972781    5.31902    -0.0911    13.8155 0.0000e+00  -60.80000  -54.05567 1153614621 204.021102    34.6848 0.0000e+00
   1212.000     0.4517   2.972551     0.4514   2.972833    5.31885    -0.0883    13.8155 0.0000e+00  -60.80000  -54.05567 1153614623 204.021120    34.6847 0.0000e+00
   1213.000     0.4519   2.972610     0.4514   2.972879    5.31610    -0.1006    13.8155 0.0000e+00  -60.80000  -54.05567 1153614625 204.021147    34.6848 0.0000e+00
   1214.000     0.4518   2.972645     0.4514   2.972913    5.31668    -0.0943    13.8155 0.0000e+00  -60.80000  -54.05567 1153614628 204.021176    34.6847 0.0000e+00
   1215.000     0.4521   2.972709     0.4518   2.972998    5.31895    -0.0865    13.8155 0.0000e+00  -60.80000  -54.05567 1153614632 204.021222    34.6847 0.0000e+00
   1216.000     0.4525   2.972780     0.4522   2.973071    5.31936    -0.0941    13.8155 0.0000e+00  -60.80000  -54.05567 1153614633 204.021241    34.6846 0.0000e+00
   1217.000     0.4505   2.972653     0.4495   2.972890    5.31946    -0.0901    13.8155 0.0000e+00  -60.80000  -54.05567 1153614635 204.021258    34.6847 0.0000e+00
   1218.000     0.4492   2.972597     0.4491   2.972898    5.31966    -0.0954    13.8155 0.0000e+00  -60.80000  -54.05567 1153614637 204.021279    34.6849 0.0000e+00
   1219.000     0.4497   2.972676     0.4495   2.972979    5.32071    -0.0863    13.8155 0.0000e+00  -60.80000  -54.05567 1153614641 204.021330    34.6848 0.0000e+00
   1220.000     0.4495   2.972705     0.4498   2.973045    5.32149    -0.0910    13.8155 0.0000e+00  -60.80000  -54.05567 1153614643 204.021358    34.6848 0.0000e+00
   1221.000     0.4550   2.973221     0.4552   2.973533    5.32044    -0.0870    13.8155 0.0000e+00  -60.80000  -54.05567 1153614645 204.021373    34.6847 0.0000e+00
   1222.000     0.4564   2.973373     0.4562   2.973653    5.31971    -0.0981    13.8155 0.0000e+00  -60.80000  -54.05567 1153614646 204.021388    34.6844 0.0000e+00
   1223.000     0.4563   2.973401     0.4561   2.973688    5.31934    -0.0994    13.8155 0.0000e+00  -60.80000  -54.05567 1153614650 204.021440    34.6844 0.0000e+00
   1224.000     0.4546   2.973296     0.4545   2.973596    5.31866    -0.0952    13.8155 0.0000e+00  -60.80000  -54.05567 1153614655 204.021488    34.6845 0.0000e+00
   1225.000     0.4544   2.973331     0.4547   2.973649    5.31827    -0.1026    13.8155 0.0000e+00  -60.80000  -54.05567 1153614656 204.021503    34.6847 0.0000e+00
   1226.000     0.4558   2.973486     0.4557   2.973780    5.31753    -0.0895    13.8155 0.0000e+00  -60.80000  -54.05567 1153614660 204.021552    34.6845 0.0000e+00
   1227.000     0.4565   2.973605     0.4567   2.973909    5.31724    -0.0993    13.8155 0.0000e+00  -60.80000  -54.05567 1153614671 204.021681    34.6847 0.0000e+00
   1228.000     0.4584   2.973788     0.4580   2.974053    5.31557    -0.0998    13.8155 0.0000e+00  -60.80000  -54.05567 1153614676 204.021738    34.6844 0.0000e+00
   1229.000     0.4529   2.973366     0.4523   2.973635    5.32197    -0.1015    13.8155 0.0000e+00  -60.80000  -54.05567 1153614684 204.021831    34.6847 0.0000e+00
   1230.000     0.4506   2.973230     0.4504   2.973502    5.32147    -0.0934    13.8155 0.0000e+00  -60.80000  -54.05567 1153614688 204.021871    34.6850 0.0000e+00
   1231.000     0.4598   2.974038     0.4596   2.974323    5.32134    -0.0987    13.8155 0.0000e+00  -60.80000  -54.05567 1153614698 204.021992    34.6844 0.0000e+00
   1232.000     0.4591   2.974014     0.4590   2.974307    5.32111    -0.1074    13.8155 0.0000e+00  -60.80000  -54.05567 1153614701 204.022023    34.6844 0.0000e+00
   1233.000     0.4578   2.973940     0.4576   2.974209    5.31873    -0.0959    13.8155 0.0000e+00  -60.80000  -54.05567 1153614712 204.022146    34.6844 0.0000e+00
   1234.000     0.4586   2.974049     0.4586   2.974352    5.31949    -0.0975    13.8155 0.0000e+00  -60.80000  -54.05567 1153614716 204.022201    34.6844 0.0000e+00
   1235.000     0.4628   2.974439     0.4629   2.974738    5.31941    -0.0968    13.8155 0.0000e+00  -60.80000  -54.05567 1153614725 204.022302    34.6840 0.0000e+00
   1236.000     0.4627   2.974477     0.4628   2.974772    5.31965    -0.0929    13.8155 0.0000e+00  -60.80000  -54.05567 1153614730 204.022361    34.6841 0.0000e+00
   1237.000     0.4641   2.974615     0.4641   2.974932    5.31822    -0.0972    13.8155 0.0000e+00  -60.80000  -54.05567 1153614738 204.022457    34.6838 0.0000e+00
   1238.000     0.4633   2.974591     0.4633   2.974905    5.31786    -0.0941    13.8155 0.0000e+00  -60.80000  -54.05567 1153614743 204.022512    34.6840 0.0000e+00
   1239.000     0.4625   2.974583     0.4626   2.974894    5.32038    -0.0964    13.8155 0.0000e+00  -60.80000  -54.05567 1153614750 204.022589    34.6842 0.0000e+00
   1240.000     0.4613   2.974539     0.4619   2.974874    5.32236    -0.1108    13.8155 0.0000e+00  -60.80000  -54.05567 1153614758 204.022678    34.6844 0.0000e+00
