product_data/regression_test/downloaded_data/MDGS/320620060703/ctd/p6617610.ros
* Sea-Bird SBE 9 Data File:
* FileName = D:\Data\Raw\p6617610.dat
* Software Version Seasave Win32 V 5.32
* Temperature SN = 1649
* Conductivity SN = 1431
* Number of Bytes Per Scan = 37
* Number of Voltage Words = 5
* Number of Scans Averaged by the Deck Unit = 1
* NMEA Latitude = 60 37.00 S
* NMEA Longitude = 054 43.23 W
* NMEA UTC (Time) = 14:08:35
** Ship:   Nathaniel B. Palmer 
** Cruise:    NBP0606 
# nquan = 17
# nvalues = 1176                    
# units = specified
# name 0 = prDM: Pressure, Digiquartz [db]
# name 1 = t090C: Temperature [ITS-90, deg C]
# name 2 = c0S/m: Conductivity [S/m]
# name 3 = t190C: Temperature, 2 [ITS-90, deg C]
# name 4 = c1S/m: Conductivity, 2 [S/m]
# name 5 = sbeox0ML/L: Oxygen, SBE 43 [ml/l]
# name 6 = flECO-AFL: Fluorescence, Wetlab ECO-AFL/FL [mg/m^3]
# name 7 = bat: Beam Attenuation, Chelsea/Seatech/Wetlab CStar [1/m]
# name 8 = spar: SPAR/Surface Irradiance
# name 9 = latitude: Latitude [deg]
# name 10 = longitude: Longitude [deg]
# name 11 = timeY: Time, System [seconds]
# name 12 = timeJ: Julian Days
# name 13 = sal00: Salinity [PSU]
# name 14 = scan: scan number
# name 15 = nbf: number of bottles fired
# name 16 = flag:  0.000e+00
# interval = seconds: 0.0416667                   
# start_time = Jul 21 2006 14:08:43
*END*
[from data line 86]
    300.328     0.8295   2.953796     0.8478   2.955237    5.42084    -0.0642    13.8155 3.8963e+01  -60.61667  -54.72050 1153491435 202.595331    34.5414      12328          2  0.000e+00
    300.395     0.8302   2.953759     0.8457   2.955213    5.41619    -0.0857    13.8155 3.7015e+01  -60.61667  -54.72050 1153491435 202.595332    34.5402      12329          2  0.000e+00
    300.395     0.8308   2.953711     0.8452   2.955225    5.41614    -0.0642    13.8155 3.7015e+01  -60.61667  -54.72050 1153491435 202.595332    34.5389      12330          2  0.000e+00
    300.356     0.8311   2.953681     0.8457   2.955273    5.42075    -0.0211    13.8155 3.7015e+01  -60.61667  -54.72050 1153491435 202.595333    34.5382      12331          2  0.000e+00
    300.395     0.8297   2.953603     0.8475   2.955350    5.42096    -0.0104    13.8155 3.7015e+01  -60.61667  -54.72050 1153491435 202.595333    34.5387      12332          2  0.000e+00
    300.328     0.8290   2.953579     0.8495   2.955433    5.42100    -0.0319    13.8155 3.7015e+01  -60.61667  -54.72050 1153491435 202.595334    34.5392      12333          2  0.000e+00
    300.356     0.8295   2.953512     0.8509   2.955516    5.42100    -0.0534    13.8155 3.7015e+01  -60.61667  -54.72050 1153491435 202.595334    34.5377      12334          2  0.000e+00
    300.395     0.8295   2.953447     0.8508   2.955557    5.41641    -0.0749    13.8155 3.7015e+01  -60.61667  -54.72050 1153491435 202.595335    34.5369      12335          2  0.000e+00
    300.395     0.8295   2.953403     0.8512   2.955605    5.42108    -0.0426    13.8155 3.7015e+01  -60.61667  -54.72050 1153491435 202.595335    34.5363      12336          2  0.000e+00
    300.356     0.8292   2.953393     0.8509   2.955581    5.41644    -0.0319    13.8155 3.7015e+01  -60.61667  -54.72050 1153491436 202.595336    34.5366      12337          2  0.000e+00
    300.395     0.8294   2.953393     0.8509   2.955546    5.41644    -0.0534    13.8155 3.8963e+01  -60.61667  -54.72050 1153491436 202.595336    34.5363      12338          2  0.000e+00
    300.395     0.8289   2.953407     0.8506   2.955540    5.41649    -0.0857    13.8155 3.7015e+01  -60.61667  -54.72050 1153491436 202.595337    34.5371      12339          2  0.000e+00
    300.496     0.8236   2.952855     0.8289   2.953742    5.41276    -0.0319    13.8155 3.8963e+01  -60.61667  -54.72050 1153491442 202.595410    34.5358      12492          3  0.000e+00
    300.535     0.8250   2.952929     0.8282   2.953742    5.41260    -0.0534    13.8155 3.8963e+01  -60.61667  -54.72050 1153491442 202.595411    34.5351      12493          3  0.000e+00
    300.324     0.8253   2.952912     0.8269   2.953736    5.41241    -0.1287    13.8155 3.8963e+01  -60.61667  -54.72050 1153491442 202.595411    34.5347      12494          3  0.000e+00
    300.420     0.8254   2.952902     0.8272   2.953718    5.41248    -0.0749    13.8155 3.8963e+01  -60.61667  -54.72050 1153491442 202.595412    34.5344      12495          3  0.000e+00
    300.468     0.8247   2.952841     0.8278   2.953695    5.41728    -0.0104    13.8155 3.8963e+01  -60.61667  -54.72050 1153491442 202.595412    34.5344      12496          3  0.000e+00
    300.324     0.8242   2.952845     0.8283   2.953665    5.41257    -0.0211    13.8155 3.8963e+01  -60.61667  -54.72050 1153491442 202.595413    34.5351      12497          3  0.000e+00
    300.420     0.8242   2.952905     0.8288   2.953677    5.41726    -0.0319    13.8155 3.8963e+01  -60.61667  -54.72050 1153491442 202.595413    34.5357      12498          3  0.000e+00
    300.391     0.8240   2.952956     0.8300   2.953677    5.41724    -0.0211    13.8155 3.8963e+01  -60.61667  -54.72050 1153491442 202.595414    34.5366      12499          3  0.000e+00
    300.391     0.8261   2.953058     0.8305   2.953659    5.41696    -0.0534    13.8155 3.8963e+01  -60.61667  -54.72050 1153491442 202.595414    34.5357      12500          3  0.000e+00
    300.391     0.8286   2.953176     0.8300   2.953659    5.41663    -0.1072    13.8155 3.8963e+01  -60.61667  -54.72050 1153491442 202.595415    34.5344      12501          3  0.000e+00
    300.353     0.8298   2.953207     0.8293   2.953617    5.41645    -0.0857    13.8155 3.8963e+01  -60.61667  -54.72050 1153491442 202.595415    34.5335      12502          3  0.000e+00
    300.324     0.8311   2.953288     0.8293   2.953558    5.41626    -0.0642    13.8155 3.8963e+01  -60.61667  -54.72050 1153491442 202.595416    34.5332      12503          3  0.000e+00
    300.391     0.8328   2.953339     0.8295   2.953493    5.41144    -0.0426    13.8155 3.8963e+01  -60.61667  -54.72050 1153491442 202.595416    34.5319      12504          3  0.000e+00
    300.353     0.8345   2.953434     0.8294   2.953487    5.41583    -0.0104    13.8155 3.7015e+01  -60.61667  -54.72050 1153491443 202.595417    34.5312      12505          3  0.000e+00
    300.324     0.8355   2.953552     0.8285   2.953493    5.41565    -0.0426    13.8155 3.7015e+01  -60.61667  -54.72050 1153491443 202.595417    34.5317      12506          3  0.000e+00
    300.257     0.8361   2.953562     0.8278   2.953528    5.41553    -0.0534    13.8155 3.8963e+01  -60.61667  -54.72050 1153491443 202.595418    34.5312      12507          3  0.000e+00
    300.419     0.8338   2.953539     0.8278   2.953629    5.41591    -0.0642    13.8155 3.8963e+01  -60.61667  -54.72050 1153491443 202.595418    34.5334      12508          3  0.000e+00
    300.324     0.8298   2.953535     0.8289   2.953695    5.41627    -0.0426    13.8155 3.8963e+01  -60.61667  -54.72050 1153491443 202.595419    34.5377      12509          3  0.000e+00
    300.324     0.8267   2.953498     0.8305   2.953730    5.41664    -0.0426    13.8155 3.8963e+01  -60.61667  -54.72050 1153491443 202.595419    34.5407      12510          3  0.000e+00
    300.352     0.8269   2.953485     0.8333   2.953701    5.41664    -0.0104    13.8155 3.8963e+01  -60.61667  -54.72050 1153491443 202.595420    34.5403      12511          3  0.000e+00
    300.324     0.8278   2.953485     0.8364   2.953706    5.41652    -0.0642    13.8155 3.8963e+01  -60.61667  -54.72050 1153491443 202.595420    34.5393      12512          3  0.000e+00
    300.324     0.8278   2.953522     0.8378   2.953730    5.41650    -0.1072    13.8155 3.8963e+01  -60.61667  -54.72050 1153491443 202.595421    34.5398      12513          3  0.000e+00
    300.324     0.8273   2.953535     0.8382   2.953712    5.41655    -0.0857    13.8155 3.8963e+01  -60.61667  -54.72050 1153491443 202.595421    34.5405      12514          3  0.000e+00
    300.276     0.8284   2.953478     0.8373   2.953671    5.41642    -0.0319    13.8155 3.8963e+01  -60.61667  -54.72050 1153491443 202.595421    34.5386      12515          3  0.000e+00
    300.324     0.8298   2.953461     0.8365   2.953635    5.41631    -0.0319    13.8155 3.8963e+01  -60.61667  -54.72050 1153491443 202.595422    34.5368      12516          3  0.000e+00
    300.324     0.8300   2.953339     0.8350   2.953629    5.41635    -0.0211    13.8155 3.8963e+01  -60.61667  -54.72050 1153491443 202.595422    34.5350      12517          3  0.000e+00
    300.352     0.8290   2.953207     0.8351   2.953671    5.41654    -0.0426    13.8155 3.8963e+01  -60.61667  -54.72050 1153491443 202.595423    34.5344      12518          3  0.000e+00
    300.257     0.8277   2.953129     0.8358   2.953724    5.41665    -0.0857    13.8155 3.8963e+01  -60.61667  -54.72050 1153491443 202.595423    34.5349      12519          3  0.000e+00
    300.323     0.8254   2.953058     0.8350   2.953825    5.41698    -0.0642    13.8155 3.8963e+01  -60.61667  -54.72050 1153491443 202.595424    34.5364      12520          3  0.000e+00
    300.352     0.8249   2.953004     0.8323   2.953831    5.41710    -0.0319    13.8155 3.8963e+01  -60.61667  -54.72050 1153491443 202.595424    34.5364      12521          3  0.000e+00
    300.323     0.8240   2.952882     0.8302   2.953736    5.41722    -0.0104    13.8155 3.8963e+01  -60.61667  -54.72050 1153491443 202.595425    34.5357      12522          3  0.000e+00
    300.256     0.8255   2.952780     0.8303   2.953683    5.41706    -0.0426    13.8155 3.8963e+01  -60.61667  -54.72050 1153491443 202.595425    34.5328      12523          3  0.000e+00
    300.323     0.8261   2.952651     0.8286   2.953600    5.42176    -0.0534    13.8155 3.8963e+01  -60.61667  -54.72050 1153491443 202.595426    34.5305      12524          3  0.000e+00
    300.352     0.8241   2.952560     0.8278   2.953535    5.41739    -0.0534    13.8155 3.8963e+01  -60.61667  -54.72050 1153491443 202.595426    34.5315      12525          3  0.000e+00
    300.323     0.8215   2.952530     0.8249   2.953416    5.41767    -0.0426    13.8155 3.8963e+01  -60.61667  -54.72050 1153491443 202.595427    34.5340      12526          3  0.000e+00
    300.323     0.8202   2.952543     0.8226   2.953297    5.41781    -0.0534    13.8155 3.8963e+01  -60.61667  -54.72050 1153491443 202.595427    34.5356      12527          3  0.000e+00
    300.275     0.8195   2.952580     0.8238   2.953262    5.42248    -0.0749    13.8155 3.8963e+01  -60.61667  -54.72050 1153491443 202.595428    34.5369      12528          3  0.000e+00
    300.390     0.8185   2.952645     0.8266   2.953368    5.42265    -0.0857    13.8155 3.7015e+01  -60.61667  -54.72050 1153491444 202.595428    34.5388      12529          3  0.000e+00
    300.323     0.8189   2.952699     0.8274   2.953368    5.41788    -0.0642    13.8155 3.7015e+01  -60.61667  -54.72050 1153491444 202.595429    34.5391      12530          3  0.000e+00
    300.352     0.8235   2.952855     0.8255   2.953268    5.41732    -0.0749    13.8155 3.8963e+01  -60.61667  -54.72050 1153491444 202.595429    34.5360      12531          3  0.000e+00
    300.323     0.8259   2.952966     0.8270   2.953220    5.41698    -0.0534    13.8155 3.8963e+01  -60.61667  -54.72050 1153491444 202.595430    34.5347      12532          3  0.000e+00
    300.323     0.8284   2.953098     0.8283   2.953268    5.42129    -0.0964    13.8155 3.8963e+01  -60.61667  -54.72050 1153491444 202.595430    34.5336      12533          3  0.000e+00
    300.352     0.8283   2.953065     0.8299   2.953380    5.42134    -0.0426    13.8155 3.8963e+01  -60.61667  -54.72050 1153491444 202.595431    34.5334      12534          3  0.000e+00
    300.256     0.8250   2.952899     0.8291   2.953428    5.41706    -0.0211    13.8155 3.8963e+01  -60.61667  -54.72050 1153491444 202.595431    34.5349      12535          3  0.000e+00
    300.467     0.8226   2.952885     0.8268   2.953333    5.41749     0.0219    13.8155 3.8963e+01  -60.61667  -54.72050 1153491444 202.595432    34.5373      12536          3  0.000e+00
    300.390     0.8250   2.952987     0.8249   2.953107    5.42177    -0.0534    13.8155 3.8963e+01  -60.61667  -54.72050 1153491444 202.595432    34.5359      12537          3  0.000e+00
    300.352     0.8273   2.953139     0.8248   2.952977    5.42141    -0.0319    13.8155 3.8963e+01  -60.61667  -54.72050 1153491444 202.595433    34.5354      12538          3  0.000e+00
    300.390     0.8292   2.953214     0.8263   2.952882    5.42120     0.0219    13.8155 3.8963e+01  -60.61667  -54.72050 1153491444 202.595433    34.5342      12539          3  0.000e+00
    300.390     0.8302   2.953176     0.8239   2.952752    5.42111    -0.0211    13.8155 3.8963e+01  -60.61667  -54.72050 1153491444 202.595434    34.5327      12540          3  0.000e+00
    300.531     0.7872   2.949629     0.7619   2.947570    5.44626    -0.0211    13.8155 3.8963e+01  -60.61667  -54.72050 1153491449 202.595496    34.5344      12670          4  0.000e+00
    300.559     0.7866   2.949737     0.7603   2.947528    5.44630     0.0112    13.8155 3.8963e+01  -60.61667  -54.72050 1153491449 202.595497    34.5364      12671          4  0.000e+00
    300.531     0.7876   2.949798     0.7586   2.947416    5.44615    -0.0104    13.8155 3.8963e+01  -60.61667  -54.72050 1153491449 202.595497    34.5362      12672          4  0.000e+00
    300.531     0.7888   2.949838     0.7569   2.947303    5.45064    -0.0319    13.8155 3.8963e+01  -60.61667  -54.72050 1153491450 202.595498    34.5353      12673          4  0.000e+00
    300.492     0.7899   2.949811     0.7581   2.947244    5.45051    -0.0211    13.8155 3.8963e+01  -60.61667  -54.72050 1153491450 202.595498    34.5338      12674          4  0.000e+00
    300.464     0.7901   2.949788     0.7591   2.947309    5.45048    -0.0426    13.8155 3.7015e+01  -60.61667  -54.72050 1153491450 202.595499    34.5333      12675          4  0.000e+00
    300.464     0.7896   2.949723     0.7584   2.947345    5.45056    -0.0534    13.8155 3.7015e+01  -60.61667  -54.72050 1153491450 202.595499    34.5330      12676          4  0.000e+00
    300.416     0.7890   2.949625     0.7581   2.947357    5.45064    -0.0642    13.8155 3.7015e+01  -60.61667  -54.72050 1153491450 202.595500    34.5325      12677          4  0.000e+00
    300.387     0.7885   2.949412     0.7600   2.947463    5.45077    -0.0319    13.8155 3.8963e+01  -60.61667  -54.72050 1153491450 202.595500    34.5302      12678          4  0.000e+00
    300.464     0.7840   2.949057     0.7610   2.947534    5.45150    -0.0319    13.8155 3.8963e+01  -60.61667  -54.72050 1153491450 202.595501    34.5306      12679          4  0.000e+00
    300.349     0.7796   2.948779     0.7615   2.947528    5.45203    -0.0426    13.8155 3.8963e+01  -60.61667  -54.72050 1153491450 202.595501    34.5319      12680          4  0.000e+00
    300.387     0.7746   2.948600     0.7598   2.947404    5.45270    -0.0534    13.8155 3.8963e+01  -60.61667  -54.72050 1153491450 202.595502    34.5352      12681          4  0.000e+00
    300.320     0.7713   2.948502     0.7589   2.947250    5.45306    -0.0534    13.8155 3.8963e+01  -60.61667  -54.72050 1153491450 202.595502    34.5376      12682          4  0.000e+00
    300.320     0.7724   2.948505     0.7599   2.947262    5.45294    -0.0426    13.8155 3.8963e+01  -60.61667  -54.72050 1153491450 202.595503    34.5364      12683          4  0.000e+00
    300.349     0.7698   2.948420     0.7606   2.947351    5.45328    -0.0642    13.8155 3.8963e+01  -60.61667  -54.72050 1153491450 202.595503    34.5382      12684          4  0.000e+00
    300.253     0.7671   2.948234     0.7615   2.947404    5.45360    -0.0964    13.8155 3.8963e+01  -60.61667  -54.72050 1153491450 202.595503    34.5389      12685          4  0.000e+00
    300.253     0.7660   2.948109     0.7614   2.947452    5.45379    -0.0319    13.8155 3.8963e+01  -60.61667  -54.72050 1153491450 202.595504    34.5385      12686          4  0.000e+00
    300.272     0.7674   2.948177     0.7604   2.947398    5.45361    -0.0534    13.8155 3.8963e+01  -60.61667  -54.72050 1153491450 202.595504    34.5378      12687          4  0.000e+00
    300.253     0.7693   2.948258     0.7563   2.947238    5.45335    -0.0642    13.8155 3.8963e+01  -60.61667  -54.72050 1153491450 202.595505    34.5367      12688          4  0.000e+00
    300.176     0.7702   2.948275     0.7527   2.946983    5.45318    -0.0534    13.8155 3.8963e+01  -60.61667  -54.72050 1153491450 202.595505    34.5360      12689          4  0.000e+00
    300.205     0.7714   2.948329     0.7513   2.946758    5.45305    -0.0642    13.8155 3.8963e+01  -60.61667  -54.72050 1153491450 202.595506    34.5353      12690          4  0.000e+00
    300.176     0.7730   2.948437     0.7480   2.946574    5.45745    -0.0749    13.8155 3.8963e+01  -60.61667  -54.72050 1153491450 202.595506    34.5350      12691          4  0.000e+00
    300.176     0.7749   2.948674     0.7470   2.946396    5.45713    -0.0319    13.8155 3.8963e+01  -60.61667  -54.72050 1153491450 202.595507    34.5360      12692          4  0.000e+00
