product_data/regression_test/downloaded_data/MDGS/320620060703/ctd/p6618001.ros
* Sea-Bird SBE 9 Data File:
* FileName = D:\Data\Raw\p6618001.dat
* Software Version Seasave Win32 V 5.32
* Temperature SN = 1649
* Conductivity SN = 1431
* Number of Bytes Per Scan = 37
* Number of Voltage Words = 5
* Number of Scans Averaged by the Deck Unit = 1
* NMEA Latitude = 60 36.98 S
* NMEA Longitude = 054 20.46 W
* NMEA UTC (Time) = 04:50:41
** Ship:   Nathaniel B. Palmer 
** Cruise:    NBP0606 
# nquan = 17
# nvalues = 1176                    
# units = specified
# name 0 = prDM: Pressure, Digiquartz [db]
# name 1 = t090C: Temperature [ITS-90, deg C]
# name 2 = c0S/m: Conductivity [S/m]
# name 3 = t190C: Temperature, 2 [ITS-90, deg C]
# name 4 = c1S/m: Conductivity, 2 [S/m]
# name 5 = sbeox0ML/L: Oxygen, SBE 43 [ml/l]
# name 6 = flECO-AFL: Fluorescence, Wetlab ECO-AFL/FL [mg/m^3]
# name 7 = bat: Beam Attenuation, Chelsea/Seatech/Wetlab CStar [1/m]
# name 8 = spar: SPAR/Surface Irradiance
# name 9 = latitude: Latitude [deg]
# name 10 = longitude: Longitude [deg]
# name 11 = timeY: Time, System [seconds]
# name 12 = timeJ: Julian Days
# name 13 = sal00: Salinity [PSU]
# name 14 = scan: scan number
# name 15 = nbf: number of bottles fired
# name 16 = flag:  0.000e+00
# interval = seconds: 0.0416667                   
# start_time = Jul 22 2006 04:50:49
*END*
   1000.582     1.1584   3.026712     1.1581   3.027077    4.93956    -0.0642    13.8155 0.0000e+00  -60.61633  -54.34100 1153545240 203.218081    34.7155      33437          1  0.000e+00
   1000.582     1.1582   3.026753     1.1577   3.027089    4.93955    -0.0964    13.8155 0.0000e+00  -60.61633  -54.34100 1153545240 203.218081    34.7162      33438          1  0.000e+00
   1000.650     1.1584   3.026770     1.1579   3.027077    4.93958    -0.0426    13.8155 0.0000e+00  -60.61633  -54.34100 1153545240 203.218082    34.7162      33439          1  0.000e+00
   1000.602     1.1581   3.026753     1.1582   3.027083    4.93451    -0.0642    13.8155 0.0000e+00  -60.61633  -54.34100 1153545240 203.218082    34.7163      33440          1  0.000e+00
   1000.582     1.1580   3.026767     1.1579   3.027053    4.93956    -0.0964    13.8155 0.0000e+00  -60.61633  -54.34100 1153545240 203.218083    34.7166      33441          1  0.000e+00
   1000.582     1.1576   3.026770     1.1582   3.027059    4.93961    -0.0749    13.8155 0.0000e+00  -60.61633  -54.34100 1153545240 203.218083    34.7171      33442          1  0.000e+00
   1000.582     1.1578   3.026791     1.1581   3.027071    4.93958    -0.0964    13.8155 0.0000e+00  -60.61633  -54.34100 1153545240 203.218084    34.7172      33443          1  0.000e+00
   1000.582     1.1577   3.026760     1.1580   3.027071    4.93453    -0.1287    13.8155 0.0000e+00  -60.61633  -54.34100 1153545240 203.218084    34.7168      33444          1  0.000e+00
   1000.582     1.1575   3.026767     1.1581   3.027035    4.93456    -0.0857    13.8155 0.0000e+00  -60.61633  -54.34100 1153545240 203.218084    34.7172      33445          1  0.000e+00
   1000.602     1.1576   3.026787     1.1575   3.027083    4.93962    -0.0964    13.8155 0.0000e+00  -60.61633  -54.34100 1153545240 203.218085    34.7173      33446          1  0.000e+00
   1000.505     1.1575   3.026777     1.1577   3.027077    4.93957    -0.0749    13.8155 0.0000e+00  -60.61633  -54.34100 1153545240 203.218085    34.7174      33447          1  0.000e+00
   1000.583     1.1580   3.026791     1.1578   3.027029    4.93955    -0.0964    13.8155 0.0000e+00  -60.61633  -54.34100 1153545240 203.218086    34.7169      33448          1  0.000e+00
   1000.583     1.1582   3.026760     1.1578   3.027053    4.93955    -0.0534    13.8155 0.0000e+00  -60.61633  -54.34100 1153545240 203.218086    34.7163      33449          1  0.000e+00
   1000.583     1.1582   3.026746     1.1577   3.027059    4.93956    -0.0857    13.8155 0.0000e+00  -60.61633  -54.34100 1153545240 203.218087    34.7161      33450          1  0.000e+00
   1000.583     1.1585   3.026746     1.1579   3.027065    4.93446    -0.1180    13.8155 0.0000e+00  -60.61633  -54.34100 1153545241 203.218087    34.7158      33451          1  0.000e+00
   1000.525     1.1585   3.026750     1.1575   3.027071    4.93441    -0.1180    13.8155 0.0000e+00  -60.61633  -54.34100 1153545241 203.218088    34.7158      33452          1  0.000e+00
   1000.505     1.1585   3.026729     1.1580   3.027047    4.93441    -0.0857    13.8155 0.0000e+00  -60.61633  -54.34100 1153545241 203.218088    34.7156      33453          1  0.000e+00
   1000.583     1.1576   3.026743     1.1579   3.027059    4.93962    -0.0749    13.8155 0.0000e+00  -60.61633  -54.34100 1153545241 203.218089    34.7167      33454          1  0.000e+00
   1000.505     1.1579   3.026780     1.1581   3.027035    4.93446    -0.0749    13.8155 0.0000e+00  -60.61633  -54.34100 1153545241 203.218089    34.7170      33455          1  0.000e+00
   1000.583     1.1578   3.026743     1.1577   3.027083    4.93454    -0.0749    13.8155 0.0000e+00  -60.61633  -54.34100 1153545241 203.218090    34.7166      33456          1  0.000e+00
   1000.505     1.1580   3.026743     1.1579   3.027101    4.93952    -0.1072    13.8155 0.0000e+00  -60.61633  -54.34100 1153545241 203.218090    34.7163      33457          1  0.000e+00
   1000.525     1.1582   3.026729     1.1582   3.027101    4.93445    -0.0534    13.8155 0.0000e+00  -60.61633  -54.34100 1153545241 203.218091    34.7159      33458          1  0.000e+00
   1000.583     1.1582   3.026756     1.1585   3.027101    4.93449    -0.0749    13.8155 0.0000e+00  -60.61633  -54.34100 1153545241 203.218091    34.7163      33459          1  0.000e+00
   1000.505     1.1580   3.026791     1.1581   3.027089    4.93443    -0.0964    13.8155 0.0000e+00  -60.61633  -54.34100 1153545241 203.218092    34.7169      33460          1  0.000e+00
   1000.583     1.1584   3.026760     1.1578   3.027113    4.93447    -0.0426    13.8155 0.0000e+00  -60.61633  -54.34100 1153545241 203.218092    34.7161      33461          1  0.000e+00
   1000.505     1.1582   3.026784     1.1583   3.027107    4.93442    -0.0964    13.8155 0.0000e+00  -60.61633  -54.34100 1153545241 203.218093    34.7167      33462          1  0.000e+00
   1000.525     1.1585   3.026811     1.1582   3.027101    4.93439    -0.0964    13.8155 0.0000e+00  -60.61633  -54.34100 1153545241 203.218093    34.7166      33463          1  0.000e+00
   1000.583     1.1582   3.026784     1.1585   3.027101    4.93448    -0.0534    13.8155 0.0000e+00  -60.61633  -54.34100 1153545241 203.218094    34.7166      33464          1  0.000e+00
   1000.505     1.1582   3.026791     1.1582   3.027089    4.93441    -0.0211    13.8155 0.0000e+00  -60.61633  -54.34100 1153545241 203.218094    34.7167      33465          1  0.000e+00
   1000.583     1.1577   3.026798     1.1581   3.027095    4.93452    -0.0857    13.8155 0.0000e+00  -60.61633  -54.34100 1153545241 203.218095    34.7173      33466          1  0.000e+00
   1000.505     1.1579   3.026777     1.1584   3.027137    4.93445    -0.0857    13.8155 0.0000e+00  -60.61633  -54.34100 1153545241 203.218095    34.7169      33467          1  0.000e+00
   1000.583     1.1576   3.026791     1.1582   3.027113    4.93454    -0.0749    13.8155 0.0000e+00  -60.61633  -54.34100 1153545241 203.218096    34.7174      33468          1  0.000e+00
   1000.525     1.1580   3.026777     1.1578   3.027119    4.93952    -0.0534    13.8155 0.0000e+00  -60.61633  -54.34100 1153545241 203.218096    34.7167      33469          1  0.000e+00
   1000.583     1.1576   3.026791     1.1579   3.027095    4.93453    -0.0426    13.8155 0.0000e+00  -60.61633  -54.34100 1153545241 203.218097    34.7174      33470          1  0.000e+00
   1000.505     1.1580   3.026798     1.1583   3.027113    4.93443    -0.0749    13.8155 0.0000e+00  -60.61633  -54.34100 1153545241 203.218097    34.7170      33471          1  0.000e+00
   1000.583     1.1582   3.026811     1.1587   3.027107    4.93446    -0.0749    13.8155 0.0000e+00  -60.61633  -54.34100 1153545241 203.218098    34.7169      33472          1  0.000e+00
   1000.583     1.1585   3.026801     1.1582   3.027119    4.93443    -0.0749    13.8155 0.0000e+00  -60.61633  -54.34100 1153545241 203.218098    34.7165      33473          1  0.000e+00
   1000.583     1.1581   3.026777     1.1582   3.027095    4.93956    -0.0964    13.8155 0.0000e+00  -60.61633  -54.34100 1153545241 203.218098    34.7167      33474          1  0.000e+00
   1000.525     1.1580   3.026753     1.1581   3.027113    4.93446    -0.0749    13.8155 0.0000e+00  -60.61633  -54.34100 1153545242 203.218099    34.7164      33475          1  0.000e+00
   1000.583     1.1579   3.026780     1.1579   3.027125    4.93451    -0.0534    13.8155 0.0000e+00  -60.61633  -54.34100 1153545242 203.218099    34.7169      33476          1  0.000e+00
   1000.583     1.1582   3.026777     1.1583   3.027125    4.93448    -0.0642    13.8155 0.0000e+00  -60.61633  -54.34100 1153545242 203.218100    34.7165      33477          1  0.000e+00
   1000.583     1.1581   3.026791     1.1584   3.027125    4.93448    -0.0642    13.8155 0.0000e+00  -60.61633  -54.34100 1153545242 203.218100    34.7168      33478          1  0.000e+00
   1000.651     1.1579   3.026815     1.1582   3.027119    4.93961    -0.0642    13.8155 0.0000e+00  -60.61633  -54.34100 1153545242 203.218101    34.7173      33479          1  0.000e+00
   1000.583     1.1580   3.026852     1.1583   3.027119    4.93953    -0.0857    13.8155 0.0000e+00  -60.61633  -54.34100 1153545242 203.218101    34.7176      33480          1  0.000e+00
   1000.602     1.1582   3.026815     1.1582   3.027143    4.93447    -0.0642    13.8155 0.0000e+00  -60.61633  -54.34100 1153545242 203.218102    34.7169      33481          1  0.000e+00
   1000.651     1.1584   3.026798     1.1582   3.027131    4.93957    -0.0749    13.8155 0.0000e+00  -60.61633  -54.34100 1153545242 203.218102    34.7166      33482          1  0.000e+00
   1000.583     1.1581   3.026798     1.1582   3.027107    4.93955    -0.1072    13.8155 0.0000e+00  -60.61633  -54.34100 1153545242 203.218103    34.7169      33483          1  0.000e+00
   1000.651     1.1582   3.026811     1.1585   3.027131    4.93451    -0.0749    13.8155 0.0000e+00  -60.61633  -54.34100 1153545242 203.218103    34.7169      33484          1  0.000e+00
   1000.651     1.1579   3.026801     1.1590   3.027190    4.93961    -0.0857    13.8155 0.0000e+00  -60.61633  -54.34100 1153545242 203.218104    34.7171      33485          1  0.000e+00
    900.346     1.0208   3.008934     1.0211   3.009241    5.05337    -0.0857    13.8155 0.0000e+00  -60.61633  -54.34100 1153545392 203.219842    34.6959      37089          2  0.000e+00
    900.366     1.0211   3.008934     1.0209   3.009253    5.04833    -0.0964    13.8155 0.0000e+00  -60.61633  -54.34100 1153545392 203.219842    34.6955      37090          2  0.000e+00
    900.279     1.0208   3.008897     1.0212   3.009264    5.04833    -0.0749    13.8155 0.0000e+00  -60.61633  -54.34100 1153545392 203.219843    34.6955      37091          2  0.000e+00
    900.298     1.0207   3.008924     1.0212   3.009282    5.05335    -0.0319    13.8155 0.0000e+00  -60.61633  -54.34100 1153545392 203.219843    34.6959      37092          2  0.000e+00
    900.346     1.0213   3.008917     1.0208   3.009247    5.04831    -0.0749    13.8155 0.0000e+00  -60.61633  -54.34100 1153545392 203.219844    34.6951      37093          2  0.000e+00
    900.221     1.0209   3.008911     1.0212   3.009258    5.04826    -0.1180    13.8155 0.0000e+00  -60.61633  -54.34100 1153545392 203.219844    34.6955      37094          2  0.000e+00
    900.346     1.0211   3.008911     1.0209   3.009241    5.04833    -0.0749    13.8155 0.0000e+00  -60.61633  -54.34100 1153545392 203.219845    34.6952      37095          2  0.000e+00
    900.298     1.0204   3.008945     1.0209   3.009253    5.04836    -0.1180    13.8155 0.0000e+00  -60.61633  -54.34100 1153545392 203.219845    34.6965      37096          2  0.000e+00
    900.279     1.0209   3.008941     1.0211   3.009264    5.05331    -0.1287    13.8155 0.0000e+00  -60.61633  -54.34100 1153545392 203.219846    34.6958      37097          2  0.000e+00
    900.346     1.0208   3.008934     1.0214   3.009241    5.05337    -0.0964    13.8155 0.0000e+00  -60.61633  -54.34100 1153545393 203.219846    34.6958      37098          2  0.000e+00
    900.298     1.0213   3.008952     1.0210   3.009270    5.04826    -0.0749    13.8155 0.0000e+00  -60.61633  -54.34100 1153545393 203.219847    34.6955      37099          2  0.000e+00
    900.346     1.0211   3.008958     1.0209   3.009253    5.04832    -0.0749    13.8155 0.0000e+00  -60.61633  -54.34100 1153545393 203.219847    34.6959      37100          2  0.000e+00
    900.366     1.0213   3.008975     1.0212   3.009253    5.05331    -0.1072    13.8155 0.0000e+00  -60.61633  -54.34100 1153545393 203.219848    34.6958      37101          2  0.000e+00
    900.346     1.0208   3.008965     1.0212   3.009300    5.05335    -0.1395    13.8155 0.0000e+00  -60.61633  -54.34100 1153545393 203.219848    34.6962      37102          2  0.000e+00
    900.298     1.0212   3.008941     1.0209   3.009258    5.04827    -0.0964    13.8155 0.0000e+00  -60.61633  -54.34100 1153545393 203.219849    34.6955      37103          2  0.000e+00
    900.414     1.0213   3.008897     1.0212   3.009294    5.04836    -0.0319    13.8155 0.0000e+00  -60.61633  -54.34100 1153545393 203.219849    34.6948      37104          2  0.000e+00
    900.366     1.0204   3.008870     1.0213   3.009336    5.04844     0.0004    13.8155 0.0000e+00  -60.61633  -54.34100 1153545393 203.219850    34.6955      37105          2  0.000e+00
    900.346     1.0203   3.008880     1.0220   3.009366    5.04843    -0.0319    13.8155 0.0000e+00  -60.61633  -54.34100 1153545393 203.219850    34.6957      37106          2  0.000e+00
    900.443     1.0210   3.008996     1.0226   3.009420    5.05339    -0.0964    13.8155 0.0000e+00  -60.61633  -54.34100 1153545393 203.219851    34.6964      37107          2  0.000e+00
    900.414     1.0217   3.009122     1.0226   3.009450    5.05324    -0.0964    13.8155 0.0000e+00  -60.61633  -54.34100 1153545393 203.219851    34.6972      37108          2  0.000e+00
    900.443     1.0226   3.009153     1.0234   3.009474    5.05316    -0.1072    13.8155 0.0000e+00  -60.61633  -54.34100 1153545393 203.219851    34.6966      37109          2  0.000e+00
    900.414     1.0221   3.009150     1.0245   3.009551    5.04817    -0.0749    13.8155 0.0000e+00  -60.61633  -54.34100 1153545393 203.219852    34.6971      37110          2  0.000e+00
    900.443     1.0222   3.009331     1.0254   3.009611    5.04810    -0.0749    13.8155 0.0000e+00  -60.61633  -54.34100 1153545393 203.219852    34.6993      37111          2  0.000e+00
    900.491     1.0251   3.009495     1.0257   3.009730    5.04776    -0.0749    13.8155 0.0000e+00  -60.61633  -54.34100 1153545393 203.219853    34.6982      37112          2  0.000e+00
    900.511     1.0261   3.009570     1.0271   3.009808    5.04763    -0.0749    13.8155 0.0000e+00  -60.61633  -54.34100 1153545393 203.219853    34.6980      37113          2  0.000e+00
    900.491     1.0269   3.009600     1.0276   3.009904    5.04753    -0.0749    13.8155 0.0000e+00  -60.61633  -54.34100 1153545393 203.219854    34.6976      37114          2  0.000e+00
    900.511     1.0271   3.009549     1.0279   3.009892    5.04754    -0.1072    13.8155 0.0000e+00  -60.61633  -54.34100 1153545393 203.219854    34.6967      37115          2  0.000e+00
    900.559     1.0269   3.009532     1.0273   3.009898    5.05261    -0.1180    13.8155 0.0000e+00  -60.61633  -54.34100 1153545393 203.219855    34.6966      37116          2  0.000e+00
    900.511     1.0266   3.009549     1.0282   3.009928    5.05261    -0.1072    13.8155 0.0000e+00  -60.61633  -54.34100 1153545393 203.219855    34.6972      37117          2  0.000e+00
    900.559     1.0270   3.009577     1.0276   3.009934    5.05258    -0.0857    13.8155 0.0000e+00  -60.61633  -54.34100 1153545393 203.219856    34.6971      37118          2  0.000e+00
    900.588     1.0277   3.009583     1.0284   3.009934    5.04751    -0.0857    13.8155 0.0000e+00  -60.61633  -54.34100 1153545393 203.219856    34.6964      37119          2  0.000e+00
    900.636     1.0274   3.009508     1.0285   3.009934    5.04761    -0.0964    13.8155 0.0000e+00  -60.61633  -54.34100 1153545393 203.219857    34.6957      37120          2  0.000e+00
    900.588     1.0270   3.009484     1.0285   3.009934    5.05264    -0.1072    13.8155 0.0000e+00  -60.61633  -54.34100 1153545393 203.219857    34.6959      37121          2  0.000e+00
    900.636     1.0266   3.009447     1.0282   3.009934    5.04772    -0.1395    13.8155 0.0000e+00  -60.61633  -54.34100 1153545394 203.219858    34.6958      37122          2  0.000e+00
    900.656     1.0265   3.009419     1.0281   3.009934    5.05278    -0.0857    13.8155 0.0000e+00  -60.61633  -54.34100 1153545394 203.219858    34.6956      37123          2  0.000e+00
    900.704     1.0261   3.009447     1.0274   3.009850    5.04783    -0.1180    13.8155 0.0000e+00  -60.61633  -54.34100 1153545394 203.219859    34.6964      37124          2  0.000e+00
