product_data/regression_test/downloaded_data/MDGS/320620060703/ctd/p6618904.ros
* Sea-Bird SBE 9 Data File:
* FileName = D:\Data\Raw\p6618904.dat
* Software Version Seasave Win32 V 5.32
* Temperature SN = 1649
* Conductivity SN = 1431
* Number of Bytes Per Scan = 37
* Number of Voltage Words = 5
* Number of Scans Averaged by the Deck Unit = 1
* NMEA Latitude = 60 48.00 S
* NMEA Longitude = 054 37.53 W
* NMEA UTC (Time) = 10:33:37
** Ship:   Nathaniel B. Palmer 
** Cruise:    NBP0606 
# nquan = 17
# nvalues = 1176                    
# units = specified
# name 0 = prDM: Pressure, Digiquartz [db]
# name 1 = t090C: Temperature [ITS-90, deg C]
# name 2 = c0S/m: Conductivity [S/m]
# name 3 = t190C: Temperature, 2 [ITS-90, deg C]
# name 4 = c1S/m: Conductivity, 2 [S/m]
# name 5 = sbeox0ML/L: Oxygen, SBE 43 [ml/l]
# name 6 = flECO-AFL: Fluorescence, Wetlab ECO-AFL/FL [mg/m^3]
# name 7 = bat: Beam Attenuation, Chelsea/Seatech/Wetlab CStar [1/m]
# name 8 = spar: SPAR/Surface Irradiance
# name 9 = latitude: Latitude [deg]
# name 10 = longitude: Longitude [deg]
# name 11 = timeY: Time, System [seconds]
# name 12 = timeJ: Julian Days
# name 13 = sal00: Salinity [PSU]
# name 14 = scan: scan number
# name 15 = nbf: number of bottles fired
# name 16 = flag:  0.000e+00
# interval = seconds: 0.0416667                   
# start_time = Jul 23 2006 10:33:44
*END*
[from data line 341]
    150.158    -0.8032   2.793678    -0.7989   2.794387    7.02980    -0.0319    13.8155 0.0000e+00  -60.80000  -54.62550 1153653644 204.472753    34.3471      67726          7  0.000e+00
    150.158    -0.8032   2.793691    -0.7987   2.794363    7.02979    -0.0642    13.8155 0.0000e+00  -60.80000  -54.62550 1153653645 204.472754    34.3472      67727          7  0.000e+00
    100.251    -0.9210   2.778827    -0.9207   2.779147    7.31060    -0.1072    13.8155 0.0000e+00  -60.80000  -54.62550 1153653757 204.474051    34.3105      70417          8  0.000e+00
    100.251    -0.9208   2.778831    -0.9209   2.779170    7.31058    -0.0642    13.8155 0.0000e+00  -60.80000  -54.62550 1153653757 204.474051    34.3104      70418          8  0.000e+00
    100.117    -0.9213   2.778814    -0.9212   2.779147    7.31052    -0.0211    13.8155 0.0000e+00  -60.80000  -54.62550 1153653757 204.474052    34.3108      70419          8  0.000e+00
    100.117    -0.9208   2.778791    -0.9209   2.779153    7.31047    -0.0319    13.8155 0.0000e+00  -60.80000  -54.62550 1153653757 204.474052    34.3100      70420          8  0.000e+00
    100.117    -0.9211   2.778804    -0.9212   2.779158    7.31051    -0.0749    13.8155 0.0000e+00  -60.80000  -54.62550 1153653757 204.474053    34.3105      70421          8  0.000e+00
    100.184    -0.9213   2.778808    -0.9207   2.779158    7.31060    -0.0749    13.8155 0.0000e+00  -60.80000  -54.62550 1153653757 204.474053    34.3107      70422          8  0.000e+00
    100.184    -0.9211   2.778808    -0.9212   2.779141    7.31057    -0.0749    13.8155 0.0000e+00  -60.80000  -54.62550 1153653757 204.474054    34.3105      70423          8  0.000e+00
    100.117    -0.9208   2.778811    -0.9207   2.779170    7.31046    -0.0857    13.8155 0.0000e+00  -60.80000  -54.62550 1153653757 204.474054    34.3102      70424          8  0.000e+00
    100.155    -0.9208   2.778791    -0.9212   2.779164    7.31051    -0.1395    13.8155 0.0000e+00  -60.80000  -54.62550 1153653757 204.474055    34.3099      70425          8  0.000e+00
    100.117    -0.9210   2.778804    -0.9212   2.779158    7.31048    -0.1180    13.8155 0.0000e+00  -60.80000  -54.62550 1153653757 204.474055    34.3103      70426          8  0.000e+00
    100.117    -0.9208   2.778808    -0.9206   2.779141    7.31046    -0.0857    13.8155 0.0000e+00  -60.80000  -54.62550 1153653757 204.474056    34.3102      70427          8  0.000e+00
    100.117    -0.9208   2.778791    -0.9207   2.779170    7.31047    -0.0749    13.8155 0.0000e+00  -60.80000  -54.62550 1153653757 204.474056    34.3100      70428          8  0.000e+00
    100.117    -0.9207   2.778821    -0.9213   2.779164    7.31043    -0.1180    13.8155 0.0000e+00  -60.80000  -54.62550 1153653757 204.474057    34.3102      70429          8  0.000e+00
    100.117    -0.9212   2.778798    -0.9210   2.779158    7.31051    -0.1287    13.8155 0.0000e+00  -60.80000  -54.62550 1153653757 204.474057    34.3104      70430          8  0.000e+00
    100.041    -0.9208   2.778817    -0.9210   2.779176    7.31038    -0.1180    13.8155 0.0000e+00  -60.80000  -54.62550 1153653757 204.474058    34.3104      70431          8  0.000e+00
    100.117    -0.9208   2.778814    -0.9209   2.779187    7.31046    -0.0426    13.8155 0.0000e+00  -60.80000  -54.62550 1153653757 204.474058    34.3103      70432          8  0.000e+00
    100.041    -0.9213   2.778811    -0.9209   2.779147    7.31045     0.0112    13.8155 0.0000e+00  -60.80000  -54.62550 1153653757 204.474059    34.3108      70433          8  0.000e+00
    100.117    -0.9207   2.778811    -0.9209   2.779153    7.31044     0.0327    13.8155 0.0000e+00  -60.80000  -54.62550 1153653757 204.474059    34.3101      70434          8  0.000e+00
    100.041    -0.9211   2.778808    -0.9212   2.779158    7.30569    -0.0211    13.8155 0.0000e+00  -60.80000  -54.62550 1153653757 204.474060    34.3106      70435          8  0.000e+00
    100.041    -0.9210   2.778808    -0.9213   2.779176    7.31040    -0.0857    13.8155 0.0000e+00  -60.80000  -54.62550 1153653757 204.474060    34.3104      70436          8  0.000e+00
    100.041    -0.9211   2.778791    -0.9212   2.779147    7.31044    -0.0749    13.8155 0.0000e+00  -60.80000  -54.62550 1153653757 204.474061    34.3103      70437          8  0.000e+00
    100.012    -0.9212   2.778804    -0.9211   2.779153    7.31040    -0.0857    13.8155 0.0000e+00  -60.80000  -54.62550 1153653757 204.474061    34.3106      70438          8  0.000e+00
    100.041    -0.9210   2.778824    -0.9212   2.779158    7.31039    -0.0964    13.8155 0.0000e+00  -60.80000  -54.62550 1153653758 204.474062    34.3106      70439          8  0.000e+00
    100.041    -0.9212   2.778798    -0.9213   2.779141    7.31044    -0.0857    13.8155 0.0000e+00  -60.80000  -54.62550 1153653758 204.474062    34.3105      70440          8  0.000e+00
     99.974    -0.9205   2.778804    -0.9210   2.779135    7.31027    -0.0749    13.8155 0.0000e+00  -60.80000  -54.62550 1153653758 204.474063    34.3099      70441          8  0.000e+00
    100.041    -0.9210   2.778811    -0.9210   2.779153    7.31040    -0.0104    13.8155 0.0000e+00  -60.80000  -54.62550 1153653758 204.474063    34.3104      70442          8  0.000e+00
     99.974    -0.9208   2.778791    -0.9212   2.779118    7.31033    -0.0104    13.8155 0.0000e+00  -60.80000  -54.62550 1153653758 204.474063    34.3100      70443          8  0.000e+00
    100.041    -0.9213   2.778801    -0.9211   2.779141    7.31046    -0.0319    13.8155 0.0000e+00  -60.80000  -54.62550 1153653758 204.474064    34.3107      70444          8  0.000e+00
     99.974    -0.9207   2.778808    -0.9212   2.779158    7.31029    -0.0642    13.8155 0.0000e+00  -60.80000  -54.62550 1153653758 204.474064    34.3101      70445          8  0.000e+00
     99.974    -0.9208   2.778841    -0.9216   2.779158    7.31029    -0.0749    13.8155 0.0000e+00  -60.80000  -54.62550 1153653758 204.474065    34.3107      70446          8  0.000e+00
     99.974    -0.9210   2.778784    -0.9210   2.779141    7.31035    -0.0319    13.8155 0.0000e+00  -60.80000  -54.62550 1153653758 204.474065    34.3101      70447          8  0.000e+00
     99.974    -0.9210   2.778794    -0.9215   2.779153    7.31035    -0.0211    13.8155 0.0000e+00  -60.80000  -54.62550 1153653758 204.474066    34.3103      70448          8  0.000e+00
     99.974    -0.9210   2.778791    -0.9212   2.779141    7.31035    -0.0426    13.8155 0.0000e+00  -60.80000  -54.62550 1153653758 204.474066    34.3102      70449          8  0.000e+00
     99.974    -0.9207   2.778788    -0.9209   2.779153    7.31031    -0.0642    13.8155 0.0000e+00  -60.80000  -54.62550 1153653758 204.474067    34.3098      70450          8  0.000e+00
    100.012    -0.9208   2.778804    -0.9215   2.779118    7.31036    -0.0642    13.8155 0.0000e+00  -60.80000  -54.62550 1153653758 204.474067    34.3102      70451          8  0.000e+00
     99.908    -0.9210   2.778791    -0.9209   2.779141    7.31028    -0.0211    13.8155 0.0000e+00  -60.80000  -54.62550 1153653758 204.474068    34.3103      70452          8  0.000e+00
     99.974    -0.9211   2.778804    -0.9210   2.779141    7.31036    -0.0211    13.8155 0.0000e+00  -60.80000  -54.62550 1153653758 204.474068    34.3106      70453          8  0.000e+00
     99.974    -0.9208   2.778791    -0.9210   2.779153    7.31033    -0.0857    13.8155 0.0000e+00  -60.80000  -54.62550 1153653758 204.474069    34.3100      70454          8  0.000e+00
     99.974    -0.9211   2.778804    -0.9209   2.779141    7.31036    -0.0857    13.8155 0.0000e+00  -60.80000  -54.62550 1153653758 204.474069    34.3106      70455          8  0.000e+00
     99.908    -0.9212   2.778791    -0.9211   2.779135    7.31031    -0.0964    13.8155 0.0000e+00  -60.80000  -54.62550 1153653758 204.474070    34.3105      70456          8  0.000e+00
     99.974    -0.9218   2.778784    -0.9213   2.779153    7.31047    -0.0534    13.8155 0.0000e+00  -60.80000  -54.62550 1153653758 204.474070    34.3110      70457          8  0.000e+00
     99.908    -0.9212   2.778804    -0.9212   2.779141    7.31030    -0.0426    13.8155 0.0000e+00  -60.80000  -54.62550 1153653758 204.474071    34.3106      70458          8  0.000e+00
     99.974    -0.9211   2.778775    -0.9209   2.779170    7.31038    -0.0534    13.8155 0.0000e+00  -60.80000  -54.62550 1153653758 204.474071    34.3102      70459          8  0.000e+00
     99.908    -0.9207   2.778798    -0.9209   2.779147    7.31023    -0.0749    13.8155 0.0000e+00  -60.80000  -54.62550 1153653758 204.474072    34.3100      70460          8  0.000e+00
     99.974    -0.9210   2.778808    -0.9216   2.779135    7.31034    -0.0534    13.8155 0.0000e+00  -60.80000  -54.62550 1153653758 204.474072    34.3104      70461          8  0.000e+00
     99.908    -0.9210   2.778808    -0.9209   2.779170    7.31027    -0.0964    13.8155 0.0000e+00  -60.80000  -54.62550 1153653758 204.474073    34.3105      70462          8  0.000e+00
     99.975    -0.9211   2.778791    -0.9212   2.779124    7.31037    -0.0749    13.8155 0.0000e+00  -60.80000  -54.62550 1153653759 204.474073    34.3104      70463          8  0.000e+00
     99.946    -0.9210   2.778821    -0.9212   2.779141    7.31030    -0.0319    13.8155 0.0000e+00  -60.80000  -54.62550 1153653759 204.474074    34.3106      70464          8  0.000e+00
     99.908    -0.9212   2.778778    -0.9212   2.779118    7.30558    -0.0319    13.8155 0.0000e+00  -60.80000  -54.62550 1153653759 204.474074    34.3103      70465          8  0.000e+00
    100.541    -0.9207   2.778887    -0.9204   2.779303    7.31082    -0.0426    13.8155 0.0000e+00  -60.80000  -54.62550 1153653768 204.474182    34.3108      70689          9  0.000e+00
    100.465    -0.9210   2.778880    -0.9201   2.779274    7.31079    -0.0319    13.8155 0.0000e+00  -60.80000  -54.62550 1153653768 204.474183    34.3111      70690          9  0.000e+00
    100.465    -0.9204   2.778844    -0.9203   2.779280    7.31072    -0.0534    13.8155 0.0000e+00  -60.80000  -54.62550 1153653768 204.474183    34.3099      70691          9  0.000e+00
    100.398    -0.9207   2.778883    -0.9201   2.779228    7.31067    -0.0211    13.8155 0.0000e+00  -60.80000  -54.62550 1153653768 204.474184    34.3108      70692          9  0.000e+00
    100.465    -0.9202   2.778880    -0.9200   2.779245    7.31068    -0.0104    13.8155 0.0000e+00  -60.80000  -54.62550 1153653768 204.474184    34.3103      70693          9  0.000e+00
    100.465    -0.9207   2.778857    -0.9203   2.779245    7.31075    -0.0534    13.8155 0.0000e+00  -60.80000  -54.62550 1153653768 204.474185    34.3104      70694          9  0.000e+00
    100.398    -0.9208   2.778851    -0.9203   2.779257    7.31072    -0.0426    13.8155 0.0000e+00  -60.80000  -54.62550 1153653768 204.474185    34.3106      70695          9  0.000e+00
    100.465    -0.9207   2.778851    -0.9206   2.779280    7.31076    -0.0534    13.8155 0.0000e+00  -60.80000  -54.62550 1153653768 204.474185    34.3104      70696          9  0.000e+00
    100.369    -0.9205   2.778837    -0.9204   2.779269    7.31065    -0.0749    13.8155 0.0000e+00  -60.80000  -54.62550 1153653768 204.474186    34.3101      70697          9  0.000e+00
    100.398    -0.9201   2.778847    -0.9206   2.779263    7.30587    -0.0857    13.8155 0.0000e+00  -60.80000  -54.62550 1153653768 204.474186    34.3097      70698          9  0.000e+00
    100.398    -0.9204   2.778867    -0.9200   2.779245    7.31064    -0.0964    13.8155 0.0000e+00  -60.80000  -54.62550 1153653768 204.474187    34.3103      70699          9  0.000e+00
    100.398    -0.9207   2.778844    -0.9204   2.779216    7.31070    -0.1072    13.8155 0.0000e+00  -60.80000  -54.62550 1153653768 204.474187    34.3103      70700          9  0.000e+00
    100.398    -0.9207   2.778834    -0.9209   2.779228    7.31071    -0.0749    13.8155 0.0000e+00  -60.80000  -54.62550 1153653768 204.474188    34.3102      70701          9  0.000e+00
    100.331    -0.9208   2.778814    -0.9204   2.779240    7.31067    -0.0749    13.8155 0.0000e+00  -60.80000  -54.62550 1153653768 204.474188    34.3101      70702          9  0.000e+00
    100.331    -0.9208   2.778824    -0.9203   2.779216    7.31067    -0.0749    13.8155 0.0000e+00  -60.80000  -54.62550 1153653769 204.474189    34.3103      70703          9  0.000e+00
    100.255    -0.9207   2.778814    -0.9206   2.779228    7.31057    -0.1072    13.8155 0.0000e+00  -60.80000  -54.62550 1153653769 204.474189    34.3100      70704          9  0.000e+00
    100.398    -0.9207   2.778827    -0.9209   2.779199    7.31071    -0.1180    13.8155 0.0000e+00  -60.80000  -54.62550 1153653769 204.474190    34.3101      70705          9  0.000e+00
    100.331    -0.9207   2.778847    -0.9206   2.779205    7.31063    -0.0857    13.8155 0.0000e+00  -60.80000  -54.62550 1153653769 204.474190    34.3104      70706          9  0.000e+00
    100.255    -0.9205   2.778818    -0.9206   2.779187    7.31055    -0.0534    13.8155 0.0000e+00  -60.80000  -54.62550 1153653769 204.474191    34.3099      70707          9  0.000e+00
    100.331    -0.9210   2.778841    -0.9206   2.779199    7.31068    -0.1180    13.8155 0.0000e+00  -60.80000  -54.62550 1153653769 204.474191    34.3107      70708          9  0.000e+00
    100.255    -0.9210   2.778837    -0.9207   2.779193    7.31060    -0.1395    13.8155 0.0000e+00  -60.80000  -54.62550 1153653769 204.474192    34.3107      70709          9  0.000e+00
    100.188    -0.9205   2.778798    -0.9206   2.779164    7.31049    -0.0749    13.8155 0.0000e+00  -60.80000  -54.62550 1153653769 204.474192    34.3096      70710          9  0.000e+00
    100.226    -0.9208   2.778818    -0.9201   2.779176    7.31056    -0.0534    13.8155 0.0000e+00  -60.80000  -54.62550 1153653769 204.474193    34.3102      70711          9  0.000e+00
    100.255    -0.9208   2.778831    -0.9207   2.779187    7.31058    -0.0211    13.8155 0.0000e+00  -60.80000  -54.62550 1153653769 204.474193    34.3104      70712          9  0.000e+00
    100.188    -0.9201   2.778814    -0.9206   2.779205    7.31041    -0.0534    13.8155 0.0000e+00  -60.80000  -54.62550 1153653769 204.474194    34.3093      70713          9  0.000e+00
    100.121    -0.9208   2.778811    -0.9209   2.779193    7.31046    -0.0642    13.8155 0.0000e+00  -60.80000  -54.62550 1153653769 204.474194    34.3102      70714          9  0.000e+00
    100.188    -0.9210   2.778811    -0.9209   2.779187    7.31055    -0.0319    13.8155 0.0000e+00  -60.80000  -54.62550 1153653769 204.474195    34.3103      70715          9  0.000e+00
    100.121    -0.9204   2.778808    -0.9210   2.779187    7.31040    -0.0319    13.8155 0.0000e+00  -60.80000  -54.62550 1153653769 204.474195    34.3097      70716          9  0.000e+00
    100.121    -0.9208   2.778808    -0.9210   2.779147    7.31046    -0.0534    13.8155 0.0000e+00  -60.80000  -54.62550 1153653769 204.474196    34.3102      70717          9  0.000e+00
    100.045    -0.9204   2.778811    -0.9212   2.779135    7.30558    -0.0534    13.8155 0.0000e+00  -60.80000  -54.62550 1153653769 204.474196    34.3097      70718          9  0.000e+00
    100.121    -0.9207   2.778811    -0.9206   2.779153    7.30570    -0.0534    13.8155 0.0000e+00  -60.80000  -54.62550 1153653769 204.474197    34.3100      70719          9  0.000e+00
    100.045    -0.9208   2.778824    -0.9207   2.779158    7.31038    -0.0211    13.8155 0.0000e+00  -60.80000  -54.62550 1153653769 204.474197    34.3105      70720          9  0.000e+00
    100.045    -0.9208   2.778814    -0.9212   2.779176    7.30565    -0.0319    13.8155 0.0000e+00  -60.80000  -54.62550 1153653769 204.474198    34.3103      70721          9  0.000e+00
