product_data/regression_test/downloaded_data/MDGS/320620060703/ctd/p6617603.ros
* Sea-Bird SBE 9 Data File:
* FileName = D:\Data\Raw\p6617603.dat
* Software Version Seasave Win32 V 5.32
* Temperature SN = 1649
* Conductivity SN = 1431
* Number of Bytes Per Scan = 37
* Number of Voltage Words = 5
* Number of Scans Averaged by the Deck Unit = 1
* NMEA Latitude = 60 36.97 S
* NMEA Longitude = 054 43.19 W
* NMEA UTC (Time) = 07:01:18
** Ship:   Nathaniel B. Palmer 
** Cruise:    NBP0606 
# nquan = 17
# nvalues = 1176                    
# units = specified
# name 0 = prDM: Pressure, Digiquartz [db]
# name 1 = t090C: Temperature [ITS-90, deg C]
# name 2 = c0S/m: Conductivity [S/m]
# name 3 = t190C: Temperature, 2 [ITS-90, deg C]
# name 4 = c1S/m: Conductivity, 2 [S/m]
# name 5 = sbeox0ML/L: Oxygen, SBE 43 [ml/l]
# name 6 = flECO-AFL: Fluorescence, Wetlab ECO-AFL/FL [mg/m^3]
# name 7 = bat: Beam Attenuation, Chelsea/Seatech/Wetlab CStar [1/m]
# name 8 = spar: SPAR/Surface Irradiance
# name 9 = latitude: Latitude [deg]
# name 10 = longitude: Longitude [deg]
# name 11 = timeY: Time, System [seconds]
# name 12 = timeJ: Julian Days
# name 13 = sal00: Salinity [PSU]
# name 14 = scan: scan number
# name 15 = nbf: number of bottles fired
# name 16 = flag:  0.000e+00
# interval = seconds: 0.0416667                   
# start_time = Jul 21 2006 07:01:26
*END*
[from data line 341]
     50.152    -0.6275   2.792394    -0.6270   2.792853    7.56782     0.2263    13.8155 0.0000e+00  -60.61617  -54.71983 1153465478 202.294904    34.1923       4650          7  0.000e+00
     50.152    -0.6277   2.792305    -0.6263   2.792859    7.56792     0.2586    13.8155 0.0000e+00  -60.61617  -54.71983 1153465478 202.294905    34.1914       4651          7  0.000e+00
     50.228    -0.6297   2.792295    -0.6281   2.792807    7.56831     0.2694    13.8155 0.0000e+00  -60.61617  -54.71983 1153465486 202.294998    34.1935       4845          8  0.000e+00
     50.228    -0.6286   2.792301    -0.6275   2.792824    7.56814     0.2909    13.8155 0.0000e+00  -60.61617  -54.71983 1153465486 202.294999    34.1924       4846          8  0.000e+00
     50.361    -0.6285   2.792351    -0.6278   2.792795    7.56822     0.3017    13.8155 0.0000e+00  -60.61617  -54.71983 1153465486 202.294999    34.1928       4847          8  0.000e+00
     50.151    -0.6286   2.792351    -0.6274   2.792842    7.56802     0.2909    13.8155 0.0000e+00  -60.61617  -54.71983 1153465486 202.295000    34.1931       4848          8  0.000e+00
     50.228    -0.6285   2.792348    -0.6281   2.792813    7.56809     0.2801    13.8155 0.0000e+00  -60.61617  -54.71983 1153465486 202.295000    34.1929       4849          8  0.000e+00
     50.294    -0.6280   2.792377    -0.6280   2.792801    7.56806     0.2909    13.8155 0.0000e+00  -60.61617  -54.71983 1153465486 202.295000    34.1926       4850          8  0.000e+00
     50.228    -0.6283   2.792371    -0.6283   2.792790    7.56804     0.3017    13.8155 0.0000e+00  -60.61617  -54.71983 1153465486 202.295001    34.1929       4851          8  0.000e+00
     50.151    -0.6283   2.792387    -0.6284   2.792772    7.56795     0.2801    13.8155 0.0000e+00  -60.61617  -54.71983 1153465486 202.295001    34.1932       4852          8  0.000e+00
     50.228    -0.6282   2.792407    -0.6280   2.792755    7.56799     0.2909    13.8155 0.0000e+00  -60.61617  -54.71983 1153465486 202.295002    34.1932       4853          8  0.000e+00
     50.151    -0.6277   2.792394    -0.6284   2.792755    7.56785     0.2801    13.8155 0.0000e+00  -60.61617  -54.71983 1153465486 202.295002    34.1926       4854          8  0.000e+00
     50.151    -0.6278   2.792390    -0.6280   2.792766    7.56786     0.2801    13.8155 0.0000e+00  -60.61617  -54.71983 1153465486 202.295003    34.1926       4855          8  0.000e+00
     50.228    -0.6279   2.792390    -0.6281   2.792778    7.56796     0.3339    13.8155 0.0000e+00  -60.61617  -54.71983 1153465486 202.295003    34.1927       4856          8  0.000e+00
     50.084    -0.6279   2.792390    -0.6283   2.792784    7.56781     0.3447    13.8155 0.0000e+00  -60.61617  -54.71983 1153465486 202.295004    34.1928       4857          8  0.000e+00
     50.151    -0.6277   2.792390    -0.6279   2.792795    7.56785     0.3017    13.8155 0.0000e+00  -60.61617  -54.71983 1153465486 202.295004    34.1925       4858          8  0.000e+00
     50.151    -0.6279   2.792390    -0.6280   2.792784    7.56788     0.2371    13.8155 0.0000e+00  -60.61617  -54.71983 1153465486 202.295005    34.1927       4859          8  0.000e+00
     50.084    -0.6280   2.792390    -0.6283   2.792801    7.56783     0.2801    13.8155 0.0000e+00  -60.61617  -54.71983 1153465486 202.295005    34.1929       4860          8  0.000e+00
     50.151    -0.6278   2.792424    -0.6289   2.792778    7.56784     0.3339    13.8155 0.0000e+00  -60.61617  -54.71983 1153465486 202.295006    34.1931       4861          8  0.000e+00
     50.151    -0.6277   2.792384    -0.6286   2.792755    7.56786     0.3124    13.8155 0.0000e+00  -60.61617  -54.71983 1153465486 202.295006    34.1924       4862          8  0.000e+00
     50.084    -0.6279   2.792351    -0.6281   2.792789    7.56784     0.2801    13.8155 0.0000e+00  -60.61617  -54.71983 1153465486 202.295007    34.1922       4863          8  0.000e+00
     50.084    -0.6283   2.792377    -0.6283   2.792778    7.57256     0.2909    13.8155 0.0000e+00  -60.61617  -54.71983 1153465486 202.295007    34.1931       4864          8  0.000e+00
     50.084    -0.6280   2.792407    -0.6281   2.792778    7.57249     0.2694    13.8155 0.0000e+00  -60.61617  -54.71983 1153465486 202.295008    34.1932       4865          8  0.000e+00
     50.084    -0.6282   2.792377    -0.6281   2.792772    7.57254     0.2371    13.8155 0.0000e+00  -60.61617  -54.71983 1153465487 202.295008    34.1929       4866          8  0.000e+00
     50.084    -0.6284   2.792367    -0.6286   2.792795    7.57258     0.2909    13.8155 0.0000e+00  -60.61617  -54.71983 1153465487 202.295009    34.1930       4867          8  0.000e+00
     50.084    -0.6283   2.792367    -0.6279   2.792790    7.57257     0.3232    13.8155 0.0000e+00  -60.61617  -54.71983 1153465487 202.295009    34.1930       4868          8  0.000e+00
     50.084    -0.6280   2.792351    -0.6284   2.792772    7.57253     0.3447    13.8155 0.0000e+00  -60.61617  -54.71983 1153465487 202.295010    34.1924       4869          8  0.000e+00
     50.084    -0.6286   2.792348    -0.6283   2.792778    7.57263     0.3662    13.8155 0.0000e+00  -60.61617  -54.71983 1153465487 202.295010    34.1931       4870          8  0.000e+00
     50.084    -0.6285   2.792361    -0.6281   2.792784    7.57259     0.3447    13.8155 0.0000e+00  -60.61617  -54.71983 1153465487 202.295011    34.1931       4871          8  0.000e+00
     50.084    -0.6286   2.792351    -0.6281   2.792795    7.57263     0.2909    13.8155 0.0000e+00  -60.61617  -54.71983 1153465487 202.295011    34.1931       4872          8  0.000e+00
     50.084    -0.6282   2.792348    -0.6284   2.792766    7.57257     0.2909    13.8155 0.0000e+00  -60.61617  -54.71983 1153465487 202.295012    34.1926       4873          8  0.000e+00
     49.941    -0.6291   2.792347    -0.6280   2.792755    7.56787     0.3339    13.8155 0.0000e+00  -60.61617  -54.71983 1153465487 202.295012    34.1937       4874          8  0.000e+00
     50.151    -0.6285   2.792328    -0.6284   2.792749    7.56801     0.3124    13.8155 0.0000e+00  -60.61617  -54.71983 1153465487 202.295013    34.1926       4875          8  0.000e+00
     50.084    -0.6286   2.792341    -0.6286   2.792772    7.57263     0.3017    13.8155 0.0000e+00  -60.61617  -54.71983 1153465487 202.295013    34.1930       4876          8  0.000e+00
     50.084    -0.6282   2.792348    -0.6287   2.792760    7.56788     0.2801    13.8155 0.0000e+00  -60.61617  -54.71983 1153465487 202.295014    34.1925       4877          8  0.000e+00
     50.018    -0.6285   2.792361    -0.6287   2.792708    7.57252     0.3124    13.8155 0.0000e+00  -60.61617  -54.71983 1153465487 202.295014    34.1931       4878          8  0.000e+00
     50.084    -0.6287   2.792351    -0.6289   2.792697    7.57264     0.2909    13.8155 0.0000e+00  -60.61617  -54.71983 1153465487 202.295014    34.1932       4879          8  0.000e+00
     50.084    -0.6283   2.792348    -0.6286   2.792737    7.57258     0.3017    13.8155 0.0000e+00  -60.61617  -54.71983 1153465487 202.295015    34.1927       4880          8  0.000e+00
     50.084    -0.6283   2.792361    -0.6281   2.792749    7.57257     0.3124    13.8155 0.0000e+00  -60.61617  -54.71983 1153465487 202.295015    34.1929       4881          8  0.000e+00
     50.018    -0.6280   2.792351    -0.6277   2.792772    7.57246     0.2801    13.8155 0.0000e+00  -60.61617  -54.71983 1153465487 202.295016    34.1924       4882          8  0.000e+00
     50.084    -0.6283   2.792348    -0.6277   2.792801    7.57258     0.2909    13.8155 0.0000e+00  -60.61617  -54.71983 1153465487 202.295016    34.1927       4883          8  0.000e+00
     50.084    -0.6288   2.792348    -0.6278   2.792801    7.57265     0.3124    13.8155 0.0000e+00  -60.61617  -54.71983 1153465487 202.295017    34.1932       4884          8  0.000e+00
     50.084    -0.6286   2.792361    -0.6283   2.792824    7.57262     0.3017    13.8155 0.0000e+00  -60.61617  -54.71983 1153465487 202.295017    34.1932       4885          8  0.000e+00
     50.084    -0.6293   2.792334    -0.6280   2.792836    7.57274     0.2371    13.8155 0.0000e+00  -60.61617  -54.71983 1153465487 202.295018    34.1936       4886          8  0.000e+00
     50.084    -0.6292   2.792305    -0.6277   2.792848    7.57742     0.2586    13.8155 0.0000e+00  -60.61617  -54.71983 1153465487 202.295018    34.1932       4887          8  0.000e+00
     50.084    -0.6291   2.792301    -0.6276   2.792819    7.57273     0.2801    13.8155 0.0000e+00  -60.61617  -54.71983 1153465487 202.295019    34.1930       4888          8  0.000e+00
     50.084    -0.6294   2.792318    -0.6278   2.792807    7.57277     0.2694    13.8155 0.0000e+00  -60.61617  -54.71983 1153465487 202.295019    34.1935       4889          8  0.000e+00
     50.017    -0.6288   2.792324    -0.6281   2.792842    7.57260     0.2371    13.8155 0.0000e+00  -60.61617  -54.71983 1153465488 202.295020    34.1930       4890          8  0.000e+00
     50.227    -0.6290   2.792288    -0.6277   2.792819    7.57287     0.2801    13.8155 0.0000e+00  -60.61617  -54.71983 1153465488 202.295020    34.1925       4891          8  0.000e+00
     50.084    -0.6290   2.792295    -0.6273   2.792807    7.57272     0.2479    13.8155 0.0000e+00  -60.61617  -54.71983 1153465488 202.295021    34.1928       4892          8  0.000e+00
     50.151    -0.6291   2.792318    -0.6275   2.792824    7.57279     0.2586    13.8155 0.0000e+00  -60.61617  -54.71983 1153465488 202.295021    34.1931       4893          8  0.000e+00
     50.503    -0.6272   2.792490    -0.6252   2.793039    7.55874     0.2694    13.8155 0.0000e+00  -60.61617  -54.71983 1153465493 202.295087    34.1931       5029          9  0.000e+00
     50.503    -0.6274   2.792470    -0.6255   2.793039    7.55877     0.2694    13.8155 0.0000e+00  -60.61617  -54.71983 1153465493 202.295087    34.1930       5030          9  0.000e+00
     50.436    -0.6269   2.792457    -0.6253   2.793045    7.55864     0.2479    13.8155 0.0000e+00  -60.61617  -54.71983 1153465493 202.295088    34.1924       5031          9  0.000e+00
     50.360    -0.6277   2.792457    -0.6260   2.793028    7.55868     0.3017    13.8155 0.0000e+00  -60.61617  -54.71983 1153465493 202.295088    34.1933       5032          9  0.000e+00
     50.436    -0.6274   2.792473    -0.6255   2.793034    7.55870     0.3339    13.8155 0.0000e+00  -60.61617  -54.71983 1153465493 202.295089    34.1931       5033          9  0.000e+00
     50.436    -0.6276   2.792513    -0.6259   2.793045    7.55871     0.2801    13.8155 0.0000e+00  -60.61617  -54.71983 1153465493 202.295089    34.1939       5034          9  0.000e+00
     50.360    -0.6272   2.792490    -0.6257   2.793051    7.55859     0.3017    13.8155 0.0000e+00  -60.61617  -54.71983 1153465494 202.295090    34.1932       5035          9  0.000e+00
     50.360    -0.6274   2.792496    -0.6255   2.793039    7.55860     0.3017    13.8155 0.0000e+00  -60.61617  -54.71983 1153465494 202.295090    34.1935       5036          9  0.000e+00
     50.436    -0.6274   2.792467    -0.6253   2.793022    7.55871     0.3017    13.8155 0.0000e+00  -60.61617  -54.71983 1153465494 202.295091    34.1930       5037          9  0.000e+00
     50.360    -0.6271   2.792473    -0.6261   2.793039    7.55858     0.3017    13.8155 0.0000e+00  -60.61617  -54.71983 1153465494 202.295091    34.1928       5038          9  0.000e+00
     50.360    -0.6274   2.792496    -0.6252   2.793016    7.55860     0.3124    13.8155 0.0000e+00  -60.61617  -54.71983 1153465494 202.295092    34.1935       5039          9  0.000e+00
     50.360    -0.6273   2.792503    -0.6258   2.793039    7.55859     0.2909    13.8155 0.0000e+00  -60.61617  -54.71983 1153465494 202.295092    34.1935       5040          9  0.000e+00
     50.226    -0.6266   2.792503    -0.6255   2.793028    7.55834     0.3232    13.8155 0.0000e+00  -60.61617  -54.71983 1153465494 202.295093    34.1928       5041          9  0.000e+00
     50.436    -0.6274   2.792519    -0.6257   2.793057    7.55867     0.3447    13.8155 0.0000e+00  -60.61617  -54.71983 1153465494 202.295093    34.1937       5042          9  0.000e+00
     50.360    -0.6274   2.792506    -0.6261   2.793034    7.55860     0.3017    13.8155 0.0000e+00  -60.61617  -54.71983 1153465494 202.295094    34.1936       5043          9  0.000e+00
     50.293    -0.6269   2.792519    -0.6257   2.793039    7.55845     0.2801    13.8155 0.0000e+00  -60.61617  -54.71983 1153465494 202.295094    34.1933       5044          9  0.000e+00
     50.293    -0.6277   2.792490    -0.6258   2.793039    7.55859     0.2801    13.8155 0.0000e+00  -60.61617  -54.71983 1153465494 202.295095    34.1938       5045          9  0.000e+00
     50.360    -0.6273   2.792513    -0.6256   2.793045    7.55858     0.2801    13.8155 0.0000e+00  -60.61617  -54.71983 1153465494 202.295095    34.1936       5046          9  0.000e+00
     50.293    -0.6272   2.792506    -0.6253   2.793039    7.55851     0.3339    13.8155 0.0000e+00  -60.61617  -54.71983 1153465494 202.295095    34.1935       5047          9  0.000e+00
     50.226    -0.6272   2.792503    -0.6255   2.793045    7.55844     0.3447    13.8155 0.0000e+00  -60.61617  -54.71983 1153465494 202.295096    34.1935       5048          9  0.000e+00
     50.360    -0.6272   2.792503    -0.6255   2.793028    7.55858     0.3339    13.8155 0.0000e+00  -60.61617  -54.71983 1153465494 202.295096    34.1934       5049          9  0.000e+00
     50.293    -0.6269   2.792503    -0.6253   2.793057    7.55846     0.3124    13.8155 0.0000e+00  -60.61617  -54.71983 1153465494 202.295097    34.1931       5050          9  0.000e+00
     50.293    -0.6271   2.792519    -0.6257   2.793068    7.55848     0.3232    13.8155 0.0000e+00  -60.61617  -54.71983 1153465494 202.295097    34.1935       5051          9  0.000e+00
     50.293    -0.6268   2.792559    -0.6253   2.793034    7.55841     0.3124    13.8155 0.0000e+00  -60.61617  -54.71983 1153465494 202.295098    34.1938       5052          9  0.000e+00
     50.293    -0.6269   2.792536    -0.6257   2.793034    7.55844     0.3017    13.8155 0.0000e+00  -60.61617  -54.71983 1153465494 202.295098    34.1935       5053          9  0.000e+00
     50.293    -0.6266   2.792542    -0.6257   2.793045    7.55839     0.2909    13.8155 0.0000e+00  -60.61617  -54.71983 1153465494 202.295099    34.1933       5054          9  0.000e+00
     50.293    -0.6265   2.792562    -0.6258   2.793010    7.55835     0.2801    13.8155 0.0000e+00  -60.61617  -54.71983 1153465494 202.295099    34.1934       5055          9  0.000e+00
     50.293    -0.6268   2.792569    -0.6260   2.793028    7.55839     0.3232    13.8155 0.0000e+00  -60.61617  -54.71983 1153465494 202.295100    34.1938       5056          9  0.000e+00
     50.293    -0.6265   2.792536    -0.6258   2.792987    7.55837     0.3339    13.8155 0.0000e+00  -60.61617  -54.71983 1153465494 202.295100    34.1930       5057          9  0.000e+00
     50.293    -0.6271   2.792542    -0.6259   2.792987    7.55847     0.2801    13.8155 0.0000e+00  -60.61617  -54.71983 1153465494 202.295101    34.1939       5058          9  0.000e+00
     50.293    -0.6266   2.792549    -0.6261   2.793005    7.55838     0.2801    13.8155 0.0000e+00  -60.61617  -54.71983 1153465495 202.295101    34.1934       5059          9  0.000e+00
     50.293    -0.6265   2.792562    -0.6263   2.792975    7.55835     0.2909    13.8155 0.0000e+00  -60.61617  -54.71983 1153465495 202.295102    34.1934       5060          9  0.000e+00
     50.293    -0.6268   2.792552    -0.6261   2.792987    7.55840     0.2694    13.8155 0.0000e+00  -60.61617  -54.71983 1153465495 202.295102    34.1936       5061          9  0.000e+00
