product_data/regression_test/downloaded_data/MDGS/320620060703/ctd/p6615101.ros
* Sea-Bird SBE 9 Data File:
* FileName = D:\Data\Raw\p6615101.dat
* Software Version Seasave Win32 V 5.32
* Temperature SN = 1649
* Conductivity SN = 1431
* Number of Bytes Per Scan = 37
* Number of Voltage Words = 5
* Number of Scans Averaged by the Deck Unit = 1
* NMEA Latitude = 60 42.34 S
* NMEA Longitude = 056 25.56 W
* NMEA UTC (Time) = 11:36:17
** Ship:   Nathaniel B. Palmer 
** Cruise:    NBP0606 
# nquan = 17
# nvalues = 1176                    
# units = specified
# name 0 = prDM: Pressure, Digiquartz [db]
# name 1 = t090C: Temperature [ITS-90, deg C]
# name 2 = c0S/m: Conductivity [S/m]
# name 3 = t190C: Temperature, 2 [ITS-90, deg C]
# name 4 = c1S/m: Conductivity, 2 [S/m]
# name 5 = sbeox0ML/L: Oxygen, SBE 43 [ml/l]
# name 6 = flECO-AFL: Fluorescence, Wetlab ECO-AFL/FL [mg/m^3]
# name 7 = bat: Beam Attenuation, Chelsea/Seatech/Wetlab CStar [1/m]
# name 8 = spar: SPAR/Surface Irradiance
# name 9 = latitude: Latitude [deg]
# name 10 = longitude: Longitude [deg]
# name 11 = timeY: Time, System [seconds]
# name 12 = timeJ: Julian Days
# name 13 = sal00: Salinity [PSU]
# name 14 = scan: scan number
# name 15 = nbf: number of bottles fired
# name 16 = flag:  0.000e+00
# interval = seconds: 0.0416667                   
# start_time = Jul 18 2006 11:36:25
*END*
[from data line 681]
    100.082    -0.7668   2.772433    -0.7674   2.772838    7.73637    -0.0211    13.8155 7.7926e+00  -60.70567  -56.42600 1153225535 199.517789    34.0489      70848         14  0.000e+00
    100.082    -0.7668   2.772413    -0.7680   2.772780    7.73639     0.0004    13.8155 7.7926e+00  -60.70567  -56.42600 1153225535 199.517789    34.0487      70849         14  0.000e+00
     99.796    -0.7669   2.772390    -0.7685   2.772739    7.73612     0.0542    13.8155 7.7926e+00  -60.70567  -56.42600 1153225535 199.517790    34.0487      70850         14  0.000e+00
    100.359    -0.7671   2.772354    -0.7685   2.772728    7.73678     0.0434    13.8155 7.7926e+00  -60.70567  -56.42600 1153225535 199.517790    34.0480      70851         14  0.000e+00
    100.082    -0.7671   2.772344    -0.7686   2.772711    7.73649     0.0434    13.8155 7.7926e+00  -60.70567  -56.42600 1153225535 199.517791    34.0481      70852         14  0.000e+00
    100.083    -0.7671   2.772357    -0.7679   2.772850    7.74120     0.0757    13.8155 9.7407e+00  -60.70567  -56.42600 1153225541 199.517854    34.0482      70983         15  0.000e+00
    100.293    -0.7676   2.772347    -0.7674   2.772826    7.74151     0.0542    13.8155 9.7407e+00  -60.70567  -56.42600 1153225541 199.517854    34.0485      70984         15  0.000e+00
    100.150    -0.7668   2.772344    -0.7676   2.772826    7.74124     0.0542    13.8155 9.7407e+00  -60.70567  -56.42600 1153225541 199.517855    34.0477      70985         15  0.000e+00
    100.217    -0.7674   2.772364    -0.7671   2.772797    7.74139     0.0327    13.8155 9.7407e+00  -60.70567  -56.42600 1153225541 199.517855    34.0486      70986         15  0.000e+00
    100.150    -0.7673   2.772331    -0.7673   2.772786    7.74132     0.0112    13.8155 9.7407e+00  -60.70567  -56.42600 1153225541 199.517856    34.0480      70987         15  0.000e+00
    100.150    -0.7671   2.772337    -0.7674   2.772803    7.74129     0.0004    13.8155 9.7407e+00  -60.70567  -56.42600 1153225541 199.517856    34.0479      70988         15  0.000e+00
    100.150    -0.7676   2.772357    -0.7679   2.772815    7.74135    -0.0104    13.8155 9.7407e+00  -60.70567  -56.42600 1153225541 199.517857    34.0487      70989         15  0.000e+00
    100.150    -0.7676   2.772347    -0.7674   2.772826    7.74135     0.0112    13.8155 9.7407e+00  -60.70567  -56.42600 1153225541 199.517857    34.0486      70990         15  0.000e+00
    100.188    -0.7676   2.772324    -0.7673   2.772797    7.74141     0.0327    13.8155 9.7407e+00  -60.70567  -56.42600 1153225541 199.517858    34.0482      70991         15  0.000e+00
    100.083    -0.7672   2.772337    -0.7679   2.772786    7.74124     0.0327    13.8155 9.7407e+00  -60.70567  -56.42600 1153225541 199.517858    34.0481      70992         15  0.000e+00
    100.150    -0.7674   2.772324    -0.7680   2.772821    7.74135    -0.0104    13.8155 9.7407e+00  -60.70567  -56.42600 1153225541 199.517859    34.0481      70993         15  0.000e+00
    100.150    -0.7674   2.772370    -0.7677   2.772815    7.74131    -0.0104    13.8155 9.7407e+00  -60.70567  -56.42600 1153225541 199.517859    34.0487      70994         15  0.000e+00
    100.150    -0.7676   2.772337    -0.7674   2.772809    7.74136     0.0219    13.8155 9.7407e+00  -60.70567  -56.42600 1153225541 199.517860    34.0484      70995         15  0.000e+00
    100.083    -0.7673   2.772321    -0.7679   2.772774    7.74126     0.0972    13.8155 9.7407e+00  -60.70567  -56.42600 1153225541 199.517860    34.0479      70996         15  0.000e+00
    100.150    -0.7677   2.772301    -0.7679   2.772815    7.74141     0.0650    13.8155 9.7407e+00  -60.70567  -56.42600 1153225541 199.517861    34.0481      70997         15  0.000e+00
    100.150    -0.7676   2.772317    -0.7674   2.772838    7.74138    -0.0319    13.8155 9.7407e+00  -60.70567  -56.42600 1153225542 199.517861    34.0482      70998         15  0.000e+00
    100.083    -0.7673   2.772321    -0.7677   2.772832    7.74126    -0.0211    13.8155 9.7407e+00  -60.70567  -56.42600 1153225542 199.517862    34.0479      70999         15  0.000e+00
    100.083    -0.7678   2.772337    -0.7680   2.772797    7.74133     0.0219    13.8155 9.7407e+00  -60.70567  -56.42600 1153225542 199.517862    34.0488      71000         15  0.000e+00
    100.150    -0.7674   2.772344    -0.7677   2.772803    7.74133    -0.0104    13.8155 9.7407e+00  -60.70567  -56.42600 1153225542 199.517863    34.0484      71001         15  0.000e+00
    100.083    -0.7677   2.772344    -0.7677   2.772792    7.74131     0.0112    13.8155 9.7407e+00  -60.70567  -56.42600 1153225542 199.517863    34.0487      71002         15  0.000e+00
    100.083    -0.7677   2.772344    -0.7679   2.772803    7.74131     0.0004    13.8155 9.7407e+00  -60.70567  -56.42600 1153225542 199.517864    34.0488      71003         15  0.000e+00
    100.083    -0.7676   2.772344    -0.7677   2.772809    7.74128     0.0112    13.8155 7.7926e+00  -60.70567  -56.42600 1153225542 199.517864    34.0486      71004         15  0.000e+00
    100.121    -0.7676   2.772324    -0.7677   2.772792    7.74134     0.0219    13.8155 7.7926e+00  -60.70567  -56.42600 1153225542 199.517865    34.0483      71005         15  0.000e+00
    100.083    -0.7676   2.772301    -0.7677   2.772803    7.74132     0.0004    13.8155 7.7926e+00  -60.70567  -56.42600 1153225542 199.517865    34.0480      71006         15  0.000e+00
    100.083    -0.7674   2.772331    -0.7680   2.772792    7.74127    -0.0104    13.8155 9.7407e+00  -60.70567  -56.42600 1153225542 199.517866    34.0482      71007         15  0.000e+00
    100.007    -0.7671   2.772357    -0.7676   2.772803    7.74112     0.0219    13.8155 9.7407e+00  -60.70567  -56.42600 1153225542 199.517866    34.0482      71008         15  0.000e+00
    100.083    -0.7677   2.772347    -0.7682   2.772792    7.74131     0.0434    13.8155 9.7407e+00  -60.70567  -56.42600 1153225542 199.517867    34.0488      71009         15  0.000e+00
    100.083    -0.7676   2.772331    -0.7677   2.772803    7.74129     0.0434    13.8155 9.7407e+00  -60.70567  -56.42600 1153225542 199.517867    34.0484      71010         15  0.000e+00
    100.007    -0.7677   2.772337    -0.7676   2.772792    7.74123     0.0327    13.8155 9.7407e+00  -60.70567  -56.42600 1153225542 199.517867    34.0487      71011         15  0.000e+00
    100.083    -0.7677   2.772344    -0.7679   2.772803    7.74131     0.0434    13.8155 9.7407e+00  -60.70567  -56.42600 1153225542 199.517868    34.0488      71012         15  0.000e+00
    100.007    -0.7676   2.772324    -0.7674   2.772809    7.74122     0.0112    13.8155 9.7407e+00  -60.70567  -56.42600 1153225542 199.517868    34.0484      71013         15  0.000e+00
    100.083    -0.7677   2.772321    -0.7676   2.772792    7.74133    -0.0319    13.8155 9.7407e+00  -60.70567  -56.42600 1153225542 199.517869    34.0485      71014         15  0.000e+00
    100.007    -0.7676   2.772337    -0.7677   2.772821    7.74121    -0.0211    13.8155 9.7407e+00  -60.70567  -56.42600 1153225542 199.517869    34.0485      71015         15  0.000e+00
    100.083    -0.7677   2.772344    -0.7673   2.772821    7.74131     0.0112    13.8155 9.7407e+00  -60.70567  -56.42600 1153225542 199.517870    34.0487      71016         15  0.000e+00
    100.007    -0.7676   2.772324    -0.7669   2.772809    7.74122     0.0219    13.8155 9.7407e+00  -60.70567  -56.42600 1153225542 199.517870    34.0484      71017         15  0.000e+00
    100.007    -0.7678   2.772337    -0.7671   2.772809    7.74125     0.0327    13.8155 9.7407e+00  -60.70567  -56.42600 1153225542 199.517871    34.0489      71018         15  0.000e+00
     99.978    -0.7674   2.772324    -0.7677   2.772850    7.74116     0.0112    13.8155 9.7407e+00  -60.70567  -56.42600 1153225542 199.517871    34.0482      71019         15  0.000e+00
    100.083    -0.7671   2.772370    -0.7669   2.772826    7.74119     0.0327    13.8155 9.7407e+00  -60.70567  -56.42600 1153225542 199.517872    34.0484      71020         15  0.000e+00
     99.873    -0.7674   2.772337    -0.7673   2.772809    7.74104     0.0004    13.8155 9.7407e+00  -60.70567  -56.42600 1153225542 199.517872    34.0484      71021         15  0.000e+00
    100.083    -0.7674   2.772340    -0.7676   2.772826    7.74126     0.0327    13.8155 9.7407e+00  -60.70567  -56.42600 1153225543 199.517873    34.0484      71022         15  0.000e+00
    100.007    -0.7673   2.772393    -0.7676   2.772797    7.73640     0.0219    13.8155 9.7407e+00  -60.70567  -56.42600 1153225543 199.517873    34.0490      71023         15  0.000e+00
    100.007    -0.7674   2.772390    -0.7673   2.772821    7.74114     0.0327    13.8155 9.7407e+00  -60.70567  -56.42600 1153225543 199.517874    34.0491      71024         15  0.000e+00
    100.007    -0.7674   2.772387    -0.7669   2.772838    7.74115    -0.0104    13.8155 7.7926e+00  -60.70567  -56.42600 1153225543 199.517874    34.0490      71025         15  0.000e+00
     99.940    -0.7674   2.772354    -0.7674   2.772832    7.74110     0.0112    13.8155 9.7407e+00  -60.70567  -56.42600 1153225543 199.517875    34.0486      71026         15  0.000e+00
    100.007    -0.7670   2.772344    -0.7677   2.772832    7.74111     0.0327    13.8155 7.7926e+00  -60.70567  -56.42600 1153225543 199.517875    34.0479      71027         15  0.000e+00
     99.940    -0.7674   2.772373    -0.7668   2.772821    7.74109     0.0219    13.8155 7.7926e+00  -60.70567  -56.42600 1153225543 199.517876    34.0489      71028         15  0.000e+00
    100.007    -0.7671   2.772387    -0.7676   2.772850    7.74110     0.0542    13.8155 7.7926e+00  -60.70567  -56.42600 1153225543 199.517876    34.0487      71029         15  0.000e+00
     99.940    -0.7668   2.772354    -0.7671   2.772821    7.74101     0.0650    13.8155 7.7926e+00  -60.70567  -56.42600 1153225543 199.517877    34.0480      71030         15  0.000e+00
     99.940    -0.7668   2.772373    -0.7674   2.772809    7.74099     0.0757    13.8155 7.7926e+00  -60.70567  -56.42600 1153225543 199.517877    34.0482      71031         15  0.000e+00
     75.821    -0.7493   2.770717    -0.7474   2.771186    7.73236     0.0112    13.8155 7.7926e+00  -60.70567  -56.42600 1153225593 199.518451    34.0209      72221         16  0.000e+00
     75.916    -0.7484   2.770799    -0.7467   2.771255    7.73227     0.0219    13.8155 7.7926e+00  -60.70567  -56.42600 1153225593 199.518451    34.0210      72222         16  0.000e+00
     75.887    -0.7463   2.770872    -0.7452   2.771331    7.73187     0.0542    13.8155 9.7407e+00  -60.70567  -56.42600 1153225593 199.518452    34.0196      72223         16  0.000e+00
     75.916    -0.7459   2.770904    -0.7442   2.771406    7.73181     0.0219    13.8155 9.7407e+00  -60.70567  -56.42600 1153225593 199.518452    34.0196      72224         16  0.000e+00
     75.887    -0.7463   2.770891    -0.7433   2.771452    7.73185     0.0219    13.8155 9.7407e+00  -60.70567  -56.42600 1153225593 199.518453    34.0199      72225         16  0.000e+00
     75.840    -0.7464   2.770921    -0.7428   2.771464    7.73179     0.0327    13.8155 9.7407e+00  -60.70567  -56.42600 1153225593 199.518453    34.0204      72226         16  0.000e+00
     75.821    -0.7453   2.771016    -0.7429   2.771516    7.73153     0.0757    13.8155 9.7407e+00  -60.70567  -56.42600 1153225593 199.518454    34.0204      72227         16  0.000e+00
     75.916    -0.7445   2.771063    -0.7424   2.771487    7.73148     0.0650    13.8155 9.7407e+00  -60.70567  -56.42600 1153225593 199.518454    34.0202      72228         16  0.000e+00
     75.821    -0.7446   2.771082    -0.7430   2.771504    7.73138     0.0112    13.8155 9.7407e+00  -60.70567  -56.42600 1153225593 199.518455    34.0206      72229         16  0.000e+00
     75.840    -0.7441   2.771072    -0.7422   2.771516    7.73132     0.0004    13.8155 9.7407e+00  -60.70567  -56.42600 1153225593 199.518455    34.0199      72230         16  0.000e+00
     75.821    -0.7445   2.771135    -0.7408   2.771603    7.73132     0.0112    13.8155 9.7407e+00  -60.70567  -56.42600 1153225593 199.518456    34.0212      72231         16  0.000e+00
     75.773    -0.7439   2.771237    -0.7382   2.771701    7.73111     0.0219    13.8155 9.7407e+00  -60.70567  -56.42600 1153225593 199.518456    34.0219      72232         16  0.000e+00
     75.821    -0.7426   2.771365    -0.7367   2.771823    7.73087    -0.0104    13.8155 9.7407e+00  -60.70567  -56.42600 1153225593 199.518457    34.0222      72233         16  0.000e+00
     75.821    -0.7407   2.771418    -0.7364   2.771893    7.73053    -0.0319    13.8155 9.7407e+00  -60.70567  -56.42600 1153225593 199.518457    34.0207      72234         16  0.000e+00
     75.773    -0.7395   2.771425    -0.7358   2.771962    7.73029     0.0327    13.8155 9.7407e+00  -60.70567  -56.42600 1153225593 199.518458    34.0195      72235         16  0.000e+00
     75.754    -0.7399   2.771339    -0.7359   2.772003    7.73040     0.0327    13.8155 9.7407e+00  -60.70567  -56.42600 1153225593 199.518458    34.0188      72236         16  0.000e+00
     75.773    -0.7409   2.771277    -0.7362   2.771997    7.73062    -0.0104    13.8155 9.7407e+00  -60.70567  -56.42600 1153225593 199.518459    34.0191      72237         16  0.000e+00
     75.754    -0.7413   2.771283    -0.7359   2.771968    7.73065     0.0004    13.8155 9.7407e+00  -60.70567  -56.42600 1153225593 199.518459    34.0196      72238         16  0.000e+00
     75.773    -0.7410   2.771323    -0.7372   2.771933    7.73059     0.0434    13.8155 7.7926e+00  -60.70567  -56.42600 1153225593 199.518460    34.0198      72239         16  0.000e+00
     75.678    -0.7406   2.771385    -0.7374   2.771933    7.73510     0.0757    13.8155 7.7926e+00  -60.70567  -56.42600 1153225593 199.518460    34.0203      72240         16  0.000e+00
     75.773    -0.7402   2.771385    -0.7382   2.771893    7.73043     0.0112    13.8155 9.7407e+00  -60.70567  -56.42600 1153225593 199.518461    34.0198      72241         16  0.000e+00
     75.678    -0.7400   2.771379    -0.7384   2.771898    7.73029     0.0542    13.8155 7.7926e+00  -60.70567  -56.42600 1153225593 199.518461    34.0195      72242         16  0.000e+00
     75.773    -0.7396   2.771379    -0.7385   2.771858    7.73034     0.0542    13.8155 9.7407e+00  -60.70567  -56.42600 1153225593 199.518462    34.0190      72243         16  0.000e+00
     75.678    -0.7395   2.771379    -0.7383   2.771852    7.73022     0.0542    13.8155 7.7926e+00  -60.70567  -56.42600 1153225593 199.518462    34.0190      72244         16  0.000e+00
     75.773    -0.7391   2.771379    -0.7388   2.771835    7.73027     0.0542    13.8155 7.7926e+00  -60.70567  -56.42600 1153225593 199.518463    34.0185      72245         16  0.000e+00
     75.678    -0.7394   2.771395    -0.7379   2.771846    7.73019     0.0327    13.8155 7.7926e+00  -60.70567  -56.42600 1153225594 199.518463    34.0190      72246         16  0.000e+00
     75.706    -0.7394   2.771402    -0.7378   2.771829    7.73023     0.0219    13.8155 9.7407e+00  -60.70567  -56.42600 1153225594 199.518464    34.0192      72247         16  0.000e+00
     75.754    -0.7389   2.771431    -0.7380   2.771823    7.73017     0.0542    13.8155 7.7926e+00  -60.70567  -56.42600 1153225594 199.518464    34.0189      72248         16  0.000e+00
     75.706    -0.7390   2.771415    -0.7388   2.771829    7.73485     0.0542    13.8155 7.7926e+00  -60.70567  -56.42600 1153225594 199.518465    34.0188      72249         16  0.000e+00
     75.678    -0.7392   2.771418    -0.7402   2.771771    7.73485     0.0327    13.8155 9.7407e+00  -60.70567  -56.42600 1153225594 199.518465    34.0191      72250         16  0.000e+00
