product_data/regression_test/downloaded_data/MDGS/320620060703/ctd/p6617610.ros
* Sea-Bird SBE 9 Data File:
* FileName = D:\Data\Raw\p6617610.dat
* Software Version Seasave Win32 V 5.32
* Temperature SN = 1649
* Conductivity SN = 1431
* Number of Bytes Per Scan = 37
* Number of Voltage Words = 5
* Number of Scans Averaged by the Deck Unit = 1
* NMEA Latitude = 60 37.00 S
* NMEA Longitude = 054 43.23 W
* NMEA UTC (Time) = 14:08:35
** Ship:   Nathaniel B. Palmer 
** Cruise:    NBP0606 
# nquan = 17
# nvalues = 1176                    
# units = specified
# name 0 = prDM: Pressure, Digiquartz [db]
# name 1 = t090C: Temperature [ITS-90, deg C]
# name 2 = c0S/m: Conductivity [S/m]
# name 3 = t190C: Temperature, 2 [ITS-90, deg C]
# name 4 = c1S/m: Conductivity, 2 [S/m]
# name 5 = sbeox0ML/L: Oxygen, SBE 43 [ml/l]
# name 6 = flECO-AFL: Fluorescence, Wetlab ECO-AFL/FL [mg/m^3]
# name 7 = bat: Beam Attenuation, Chelsea/Seatech/Wetlab CStar [1/m]
# name 8 = spar: SPAR/Surface Irradiance
# name 9 = latitude: Latitude [deg]
# name 10 = longitude: Longitude [deg]
# name 11 = timeY: Time, System [seconds]
# name 12 = timeJ: Julian Days
# name 13 = sal00: Salinity [PSU]
# name 14 = scan: scan number
# name 15 = nbf: number of bottles fired
# name 16 = flag:  0.000e+00
# interval = seconds: 0.0416667                   
# start_time = Jul 21 2006 14:08:43
*END*
[from data line 426]
    300.367     0.7031   2.942366     0.7076   2.942588    5.48693    -0.0749    13.8155 3.8963e+01  -60.61667  -54.72050 1153491488 202.595944    34.5338      13598          9  0.000e+00
    300.396     0.7067   2.942494     0.7105   2.942783    5.48649    -0.0642    13.8155 3.8963e+01  -60.61667  -54.72050 1153491488 202.595944    34.5314      13599          9  0.000e+00
    300.367     0.7125   2.942525     0.7123   2.942937    5.48581    -0.0749    13.8155 3.7015e+01  -60.61667  -54.72050 1153491488 202.595945    34.5254      13600          9  0.000e+00
    300.367     0.7152   2.942609     0.7118   2.942866    5.48547    -0.1072    13.8155 3.7015e+01  -60.61667  -54.72050 1153491488 202.595945    34.5236      13601          9  0.000e+00
    300.367     0.7172   2.942653     0.7064   2.942771    5.48522    -0.0857    13.8155 3.7015e+01  -60.61667  -54.72050 1153491488 202.595946    34.5219      13602          9  0.000e+00
    300.329     0.7156   2.942731     0.7028   2.942629    5.48533    -0.0534    13.8155 3.8963e+01  -60.61667  -54.72050 1153491488 202.595946    34.5247      13603          9  0.000e+00
    300.367     0.7158   2.942853     0.7050   2.942611    5.48995    -0.0534    13.8155 3.8963e+01  -60.61667  -54.72050 1153491488 202.595947    34.5260      13604          9  0.000e+00
    300.300     0.7185   2.942998     0.7061   2.942599    5.48953    -0.0964    13.8155 3.8963e+01  -60.61667  -54.72050 1153491488 202.595947    34.5250      13605          9  0.000e+00
    300.329     0.7178   2.943056     0.7009   2.942398    5.48493    -0.0642    13.8155 3.8963e+01  -60.61667  -54.72050 1153491488 202.595948    34.5264      13606          9  0.000e+00
    300.367     0.7144   2.942775     0.6971   2.942048    5.48548    -0.0534    13.8155 3.8963e+01  -60.61667  -54.72050 1153491488 202.595948    34.5266      13607          9  0.000e+00
    300.300     0.7111   2.942359     0.6953   2.941764    5.48599    -0.0534    13.8155 3.8963e+01  -60.61667  -54.72050 1153491489 202.595949    34.5249      13608          9  0.000e+00
    300.252     0.7050   2.941994     0.6934   2.941604    5.48681    -0.0426    13.8155 3.8963e+01  -60.61667  -54.72050 1153491489 202.595949    34.5269      13609          9  0.000e+00
    300.300     0.7003   2.941784     0.6958   2.941646    5.48747    -0.0642    13.8155 3.8963e+01  -60.61667  -54.72050 1153491489 202.595950    34.5294      13610          9  0.000e+00
    300.300     0.6984   2.941676     0.6974   2.941699    5.48774    -0.0857    13.8155 3.8963e+01  -60.61667  -54.72050 1153491489 202.595950    34.5301      13611          9  0.000e+00
    300.233     0.6979   2.941653     0.6972   2.941746    5.48776    -0.0749    13.8155 3.8963e+01  -60.61667  -54.72050 1153491489 202.595951    34.5305      13612          9  0.000e+00
    300.441     0.6779   2.939645     0.6943   2.941249    5.53315    -0.0426    13.8155 3.7015e+01  -60.61667  -54.72050 1153491494 202.596015    34.5265      13746         10  0.000e+00
    300.508     0.6791   2.939760     0.6966   2.941415    5.53300    -0.1072    13.8155 3.7015e+01  -60.61667  -54.72050 1153491494 202.596016    34.5266      13747         10  0.000e+00
    300.537     0.6795   2.939834     0.6933   2.941202    5.53295    -0.0749    13.8155 3.7015e+01  -60.61667  -54.72050 1153491494 202.596016    34.5272      13748         10  0.000e+00
    300.441     0.6799   2.939777     0.6864   2.940610    5.53286    -0.0642    13.8155 3.8963e+01  -60.61667  -54.72050 1153491494 202.596017    34.5260      13749         10  0.000e+00
    300.575     0.6796   2.939699     0.6831   2.940260    5.53303    -0.1072    13.8155 3.8963e+01  -60.61667  -54.72050 1153491494 202.596017    34.5253      13750         10  0.000e+00
    300.508     0.6795   2.939787     0.6869   2.940444    5.53295    -0.1180    13.8155 3.8963e+01  -60.61667  -54.72050 1153491494 202.596018    34.5266      13751         10  0.000e+00
    300.537     0.6816   2.940122     0.6882   2.940704    5.53257    -0.0749    13.8155 3.8963e+01  -60.61667  -54.72050 1153491495 202.596018    34.5285      13752         10  0.000e+00
    300.575     0.6863   2.940541     0.6834   2.940438    5.53187    -0.0319    13.8155 3.8963e+01  -60.61667  -54.72050 1153491495 202.596019    34.5287      13753         10  0.000e+00
    300.575     0.6900   2.940818     0.6782   2.939988    5.53133    -0.0319    13.8155 3.8963e+01  -60.61667  -54.72050 1153491495 202.596019    34.5283      13754         10  0.000e+00
    300.604     0.6912   2.940858     0.6799   2.939917    5.53119    -0.0642    13.8155 3.8963e+01  -60.61667  -54.72050 1153491495 202.596019    34.5274      13755         10  0.000e+00
    300.652     0.6924   2.940835     0.6839   2.940290    5.53110    -0.0857    13.8155 3.8963e+01  -60.61667  -54.72050 1153491495 202.596020    34.5257      13756         10  0.000e+00
    300.652     0.6919   2.940740     0.6904   2.940900    5.53120    -0.0211    13.8155 3.8963e+01  -60.61667  -54.72050 1153491495 202.596020    34.5250      13757         10  0.000e+00
    300.680     0.6915   2.940608     0.6988   2.941587    5.53133    -0.0642    13.8155 3.8963e+01  -60.61667  -54.72050 1153491495 202.596021    34.5237      13758         10  0.000e+00
    300.652     0.6896   2.940503     0.7081   2.942380    5.53158    -0.0749    13.8155 3.8963e+01  -60.61667  -54.72050 1153491495 202.596021    34.5245      13759         10  0.000e+00
    300.718     0.6885   2.940460     0.7118   2.942795    5.53178    -0.0319    13.8155 3.8963e+01  -60.61667  -54.72050 1153491495 202.596022    34.5251      13760         10  0.000e+00
    300.680     0.6889   2.940456     0.7079   2.942570    5.53171    -0.0211    13.8155 3.8963e+01  -60.61667  -54.72050 1153491495 202.596022    34.5247      13761         10  0.000e+00
    300.718     0.6891   2.940507     0.7033   2.942126    5.53168    -0.0534    13.8155 3.8963e+01  -60.61667  -54.72050 1153491495 202.596023    34.5251      13762         10  0.000e+00
    300.718     0.6893   2.940402     0.7003   2.941776    5.53172    -0.0319    13.8155 3.8963e+01  -60.61667  -54.72050 1153491495 202.596023    34.5235      13763         10  0.000e+00
    300.795     0.6870   2.940203     0.6941   2.941356    5.53213     0.0004    13.8155 3.8963e+01  -60.61667  -54.72050 1153491495 202.596024    34.5235      13764         10  0.000e+00
    300.747     0.6853   2.940149     0.6904   2.940918    5.53698     0.0219    13.8155 3.8963e+01  -60.61667  -54.72050 1153491495 202.596024    34.5247      13765         10  0.000e+00
    300.795     0.6859   2.940395     0.6848   2.940479    5.53216    -0.0319    13.8155 3.8963e+01  -60.61667  -54.72050 1153491495 202.596025    34.5272      13766         10  0.000e+00
    300.795     0.6887   2.940531     0.6791   2.939988    5.53178    -0.0426    13.8155 3.8963e+01  -60.61667  -54.72050 1153491495 202.596025    34.5258      13767         10  0.000e+00
    300.814     0.6889   2.940497     0.6739   2.939538    5.53179    -0.0211    13.8155 3.8963e+01  -60.61667  -54.72050 1153491495 202.596026    34.5252      13768         10  0.000e+00
    300.862     0.6894   2.940727     0.6711   2.939260    5.53165    -0.0426    13.8155 3.8963e+01  -60.61667  -54.72050 1153491495 202.596026    34.5275      13769         10  0.000e+00
    300.862     0.6943   2.941531     0.6694   2.939082    5.53071    -0.0426    13.8155 3.8963e+01  -60.61667  -54.72050 1153491495 202.596027    34.5325      13770         10  0.000e+00
    300.814     0.7027   2.942424     0.6715   2.939188    5.52930    -0.0426    13.8155 3.7015e+01  -60.61667  -54.72050 1153491495 202.596027    34.5348      13771         10  0.000e+00
    300.862     0.7105   2.943019     0.6760   2.939544    5.52817    -0.0211    13.8155 3.7015e+01  -60.61667  -54.72050 1153491495 202.596028    34.5338      13772         10  0.000e+00
    300.929     0.7157   2.943293     0.6768   2.939751    5.53218     0.0219    13.8155 3.8963e+01  -60.61667  -54.72050 1153491495 202.596028    34.5316      13773         10  0.000e+00
    300.890     0.7183   2.943096     0.6780   2.939905    5.53195    -0.0211    13.8155 3.8963e+01  -60.61667  -54.72050 1153491495 202.596029    34.5261      13774         10  0.000e+00
    300.929     0.7149   2.942396     0.6839   2.940266    5.53270    -0.0104    13.8155 3.8963e+01  -60.61667  -54.72050 1153491495 202.596029    34.5208      13775         10  0.000e+00
    300.929     0.7064   2.941551     0.6873   2.940610    5.53406     0.0004    13.8155 3.8963e+01  -60.61667  -54.72050 1153491496 202.596030    34.5192      13776         10  0.000e+00
    300.890     0.6993   2.941081     0.6886   2.940805    5.53506     0.0004    13.8155 3.8963e+01  -60.61667  -54.72050 1153491496 202.596030    34.5211      13777         10  0.000e+00
    301.005     0.6966   2.940906     0.6887   2.940823    5.53554    -0.0211    13.8155 3.8963e+01  -60.61667  -54.72050 1153491496 202.596031    34.5218      13778         10  0.000e+00
    300.929     0.6935   2.940754     0.6884   2.940764    5.53590     0.0219    13.8155 3.8963e+01  -60.61667  -54.72050 1153491496 202.596031    34.5233      13779         10  0.000e+00
    300.957     0.6916   2.940571     0.6898   2.940799    5.53622    -0.0104    13.8155 3.8963e+01  -60.61667  -54.72050 1153491496 202.596032    34.5230      13780         10  0.000e+00
    301.005     0.6910   2.940490     0.6916   2.940924    5.53637    -0.0104    13.8155 3.8963e+01  -60.61667  -54.72050 1153491496 202.596032    34.5226      13781         10  0.000e+00
    301.005     0.6904   2.940497     0.6892   2.940894    5.53643    -0.0426    13.8155 3.8963e+01  -60.61667  -54.72050 1153491496 202.596033    34.5233      13782         10  0.000e+00
    301.024     0.6896   2.940504     0.6869   2.940734    5.53654    -0.0642    13.8155 3.8963e+01  -60.61667  -54.72050 1153491496 202.596033    34.5243      13783         10  0.000e+00
    301.072     0.6893   2.940520     0.6890   2.940781    5.53660    -0.0534    13.8155 3.8963e+01  -60.61667  -54.72050 1153491496 202.596033    34.5249      13784         10  0.000e+00
    301.005     0.6890   2.940591     0.6934   2.941089    5.54122    -0.0642    13.8155 3.8963e+01  -60.61667  -54.72050 1153491496 202.596034    34.5262      13785         10  0.000e+00
    301.072     0.6887   2.940602     0.6955   2.941403    5.54129    -0.0534    13.8155 3.8963e+01  -60.61667  -54.72050 1153491496 202.596034    34.5265      13786         10  0.000e+00
    301.024     0.6902   2.940825     0.6974   2.941664    5.54098    -0.0426    13.8155 3.8963e+01  -60.61667  -54.72050 1153491496 202.596035    34.5278      13787         10  0.000e+00
    301.072     0.6936   2.941271     0.7031   2.941942    5.54041    -0.0426    13.8155 3.8963e+01  -60.61667  -54.72050 1153491496 202.596035    34.5298      13788         10  0.000e+00
    301.072     0.7000   2.941731     0.7073   2.942155    5.53947    -0.0211    13.8155 3.8963e+01  -60.61667  -54.72050 1153491496 202.596036    34.5286      13789         10  0.000e+00
    301.101     0.7033   2.941856     0.7087   2.942221    5.53907    -0.0642    13.8155 3.8963e+01  -60.61667  -54.72050 1153491496 202.596036    34.5266      13790         10  0.000e+00
    301.072     0.7021   2.941646     0.7084   2.942286    5.53928    -0.0642    13.8155 3.8963e+01  -60.61667  -54.72050 1153491496 202.596037    34.5252      13791         10  0.000e+00
    301.072     0.6988   2.941349     0.7075   2.942292    5.53980    -0.0534    13.8155 3.8963e+01  -60.61667  -54.72050 1153491496 202.596037    34.5250      13792         10  0.000e+00
    301.168     0.6969   2.941169     0.7064   2.942238    5.54017    -0.0319    13.8155 3.8963e+01  -60.61667  -54.72050 1153491496 202.596038    34.5247      13793         10  0.000e+00
    301.072     0.6970   2.941224     0.7059   2.942167    5.54006    -0.0319    13.8155 3.8963e+01  -60.61667  -54.72050 1153491496 202.596038    34.5254      13794         10  0.000e+00
    299.729     0.7543   2.946045     0.7409   2.945040    5.53958    -0.0211    13.8155 3.7015e+01  -60.61667  -54.72050 1153491501 202.596098    34.5251      13918         11  0.000e+00
    299.873     0.7532   2.946021     0.7462   2.945217    5.53983     0.0219    13.8155 3.8963e+01  -60.61667  -54.72050 1153491501 202.596099    34.5259      13919         11  0.000e+00
    299.758     0.7521   2.945984     0.7525   2.945425    5.53988    -0.0211    13.8155 3.8963e+01  -60.61667  -54.72050 1153491501 202.596099    34.5267      13920         11  0.000e+00
    299.729     0.7514   2.945903     0.7518   2.945555    5.53997    -0.0749    13.8155 3.8963e+01  -60.61667  -54.72050 1153491502 202.596100    34.5264      13921         11  0.000e+00
    299.729     0.7513   2.945862     0.7490   2.945443    5.54000    -0.0749    13.8155 3.8963e+01  -60.61667  -54.72050 1153491502 202.596100    34.5260      13922         11  0.000e+00
    299.758     0.7516   2.945730     0.7469   2.945365    5.54005    -0.0749    13.8155 3.8963e+01  -60.61667  -54.72050 1153491502 202.596101    34.5239      13923         11  0.000e+00
    299.796     0.7508   2.945693     0.7448   2.945200    5.54019    -0.0749    13.8155 3.8963e+01  -60.61667  -54.72050 1153491502 202.596101    34.5243      13924         11  0.000e+00
    299.662     0.7499   2.945707     0.7401   2.945010    5.54018    -0.0642    13.8155 3.8963e+01  -60.61667  -54.72050 1153491502 202.596101    34.5256      13925         11  0.000e+00
    299.729     0.7490   2.945818     0.7372   2.944791    5.54029    -0.0642    13.8155 3.8963e+01  -60.61667  -54.72050 1153491502 202.596102    34.5280      13926         11  0.000e+00
    299.681     0.7488   2.945876     0.7355   2.944631    5.54024    -0.1072    13.8155 3.8963e+01  -60.61667  -54.72050 1153491502 202.596102    34.5290      13927         11  0.000e+00
    299.662     0.7491   2.945950     0.7323   2.944566    5.54015    -0.0964    13.8155 3.8963e+01  -60.61667  -54.72050 1153491502 202.596103    34.5296      13928         11  0.000e+00
    299.729     0.7488   2.945974     0.7325   2.944589    5.54023    -0.0534    13.8155 3.8963e+01  -60.61667  -54.72050 1153491502 202.596103    34.5302      13929         11  0.000e+00
    299.681     0.7492   2.945991     0.7355   2.944643    5.54013    -0.0211    13.8155 3.8963e+01  -60.61667  -54.72050 1153491502 202.596104    34.5300      13930         11  0.000e+00
    299.662     0.7506   2.945960     0.7358   2.944696    5.54464    -0.0211    13.8155 3.8963e+01  -60.61667  -54.72050 1153491502 202.596104    34.5280      13931         11  0.000e+00
    299.662     0.7511   2.946072     0.7344   2.944714    5.54453    -0.0319    13.8155 3.8963e+01  -60.61667  -54.72050 1153491502 202.596105    34.5289      13932         11  0.000e+00
    299.662     0.7514   2.946238     0.7339   2.944666    5.53975    -0.0534    13.8155 3.8963e+01  -60.61667  -54.72050 1153491502 202.596105    34.5307      13933         11  0.000e+00
    299.681     0.7519   2.946366     0.7364   2.944743    5.53965    -0.0319    13.8155 3.8963e+01  -60.61667  -54.72050 1153491502 202.596106    34.5319      13934         11  0.000e+00
    299.729     0.7533   2.946502     0.7395   2.944915    5.53946    -0.0104    13.8155 3.8963e+01  -60.61667  -54.72050 1153491502 202.596106    34.5320      13935         11  0.000e+00
    299.662     0.7550   2.946661     0.7401   2.945069    5.53914    -0.0426    13.8155 3.8963e+01  -60.61667  -54.72050 1153491502 202.596107    34.5322      13936         11  0.000e+00
    299.614     0.7550   2.946684     0.7415   2.945265    5.53910    -0.0319    13.8155 3.8963e+01  -60.61667  -54.72050 1153491502 202.596107    34.5326      13937         11  0.000e+00
