product_data/regression_test/downloaded_data/MDGS/320620060703/ctd/p6619305.cnv
* Sea-Bird SBE 9 Data File:
* FileName = D:\Data\Raw\p6619305.dat
* Software Version Seasave Win32 V 5.32
* Temperature SN = 1649
* Conductivity SN = 1431
* Number of Bytes Per Scan = 37
* Number of Voltage Words = 5
* Number of Scans Averaged by the Deck Unit = 1
* NMEA Latitude = 60 47.92 S
* NMEA Longitude = 055 23.15 W
* NMEA UTC (Time) = 23:08:25
** Ship:   Nathaniel B. Palmer 
** Cruise:    NBP0606 
# nquan = 15
# nvalues = 1000                        
# units = specified
# name 0 = prDM: Pressure, Digiquartz [db]
# name 1 = t090C: Temperature [ITS-90, deg C]
# name 2 = c0S/m: Conductivity [S/m]
# name 3 = t190C: Temperature, 2 [ITS-90, deg C]
# name 4 = c1S/m: Conductivity, 2 [S/m]
# name 5 = sbeox0ML/L: Oxygen, SBE 43 [ml/l]
# name 6 = flECO-AFL: Fluorescence, Wetlab ECO-AFL/FL [mg/m^3]
# name 7 = bat: Beam Attenuation, Chelsea/Seatech/Wetlab CStar [1/m]
# name 8 = spar: SPAR/Surface Irradiance
# name 9 = latitude: Latitude [deg]
# name 10 = longitude: Longitude [deg]
# name 11 = timeY: Time, System [seconds]
# name 12 = timeJ: Julian Days
# name 13 = sal00: Salinity [PSU]
# name 14 = flag: flag
# span 0 =      2.000,   1001.000       
# span 1 =    -0.9091,     0.5980       
# span 2 =   2.774332,   2.974318       
# span 3 =    -0.9107,     0.5984       
# span 4 =   2.775057,   2.974580       
# span 5 =    5.35349,    7.39382       
# span 6 =    -0.1108,     0.7528       
# span 7 =    13.8155,    13.8155       
# span 8 = 0.0000e+00, 0.0000e+00       
# span 9 =  -60.79867,  -60.79867       
# span 10 =  -55.38583,  -55.38583      
# span 11 = 1153696114, 1153697573      
# span 12 = 204.964296, 204.981195      
# span 13 =    34.2931,    34.6625      
# span 14 = 0.0000e+00, 0.0000e+00      
# interval = decibars: 1                
# start_time = Jul 23 2006 23:08:34
# bad_flag = -9.990e-29
*END*
[from data line 675]
    677.000    -0.0690   2.895300    -0.0689   2.895553    5.98708    -0.0823    13.8155 0.0000e+00  -60.79867  -55.38583 1153697122 204.975976    34.5592 0.0000e+00
    678.000    -0.0692   2.895300    -0.0681   2.895667    5.98537    -0.0742    13.8155 0.0000e+00  -60.79867  -55.38583 1153697124 204.975991    34.5591 0.0000e+00
    679.000    -0.0685   2.895410    -0.0682   2.895695    5.98458    -0.0947    13.8155 0.0000e+00  -60.79867  -55.38583 1153697125 204.976008    34.5592 0.0000e+00
    680.000    -0.0703   2.895276    -0.0687   2.895708    5.98401    -0.0888    13.8155 0.0000e+00  -60.79867  -55.38583 1153697126 204.976021    34.5590 0.0000e+00
    681.000    -0.0700   2.895382    -0.0692   2.895704    5.98131    -0.0734    13.8155 0.0000e+00  -60.79867  -55.38583 1153697127 204.976031    34.5594 0.0000e+00
    682.000    -0.0700   2.895405    -0.0697   2.895694    5.98000    -0.0892    13.8155 0.0000e+00  -60.79867  -55.38583 1153697128 204.976041    34.5592 0.0000e+00
    683.000    -0.0704   2.895420    -0.0699   2.895716    5.97849    -0.0815    13.8155 0.0000e+00  -60.79867  -55.38583 1153697129 204.976055    34.5593 0.0000e+00
    684.000    -0.0733   2.895221    -0.0719   2.895581    5.98232    -0.0721    13.8155 0.0000e+00  -60.79867  -55.38583 1153697132 204.976081    34.5596 0.0000e+00
    685.000    -0.0671   2.895876    -0.0670   2.896050    5.98031    -0.0682    13.8155 0.0000e+00  -60.79867  -55.38583 1153697133 204.976096    34.5606 0.0000e+00
    686.000    -0.0546   2.897084    -0.0572   2.897074    5.97781    -0.0776    13.8155 0.0000e+00  -60.79867  -55.38583 1153697134 204.976107    34.5617 0.0000e+00
    687.000    -0.0516   2.897411    -0.0537   2.897445    5.97266    -0.0650    13.8155 0.0000e+00  -60.79867  -55.38583 1153697135 204.976116    34.5617 0.0000e+00
    688.000    -0.0503   2.897577    -0.0498   2.897847    5.97137    -0.0638    13.8155 0.0000e+00  -60.79867  -55.38583 1153697136 204.976128    34.5619 0.0000e+00
    689.000    -0.0508   2.897566    -0.0519   2.897711    5.96827    -0.0817    13.8155 0.0000e+00  -60.79867  -55.38583 1153697138 204.976154    34.5619 0.0000e+00
    690.000    -0.0513   2.897581    -0.0505   2.897913    5.97011    -0.0707    13.8155 0.0000e+00  -60.79867  -55.38583 1153697139 204.976172    34.5623 0.0000e+00
    691.000    -0.0522   2.897514    -0.0514   2.897859    5.97064    -0.0904    13.8155 0.0000e+00  -60.79867  -55.38583 1153697140 204.976184    34.5617 0.0000e+00
    692.000    -0.0544   2.897406    -0.0540   2.897670    5.96873    -0.0745    13.8155 0.0000e+00  -60.79867  -55.38583 1153697141 204.976195    34.5625 0.0000e+00
    693.000    -0.0531   2.897517    -0.0523   2.897913    5.96651    -0.0701    13.8155 0.0000e+00  -60.79867  -55.38583 1153697142 204.976206    34.5616 0.0000e+00
    694.000    -0.0597   2.896992    -0.0601   2.897218    5.96534    -0.0746    13.8155 0.0000e+00  -60.79867  -55.38583 1153697143 204.976217    34.5619 0.0000e+00
    695.000    -0.0577   2.897214    -0.0592   2.897329    5.96325    -0.0782    13.8155 0.0000e+00  -60.79867  -55.38583 1153697145 204.976235    34.5620 0.0000e+00
    696.000    -0.0585   2.897178    -0.0596   2.897325    5.96774    -0.0755    13.8155 0.0000e+00  -60.79867  -55.38583 1153697147 204.976261    34.5618 0.0000e+00
    697.000    -0.0597   2.897113    -0.0599   2.897364    5.96618    -0.0770    13.8155 0.0000e+00  -60.79867  -55.38583 1153697148 204.976274    34.5616 0.0000e+00
    698.000    -0.0572   2.897316    -0.0573   2.897625    5.96577    -0.0659    13.8155 0.0000e+00  -60.79867  -55.38583 1153697149 204.976285    34.5624 0.0000e+00
    699.000    -0.0487   2.898247    -0.0487   2.898477    5.96804    -0.0659    13.8155 0.0000e+00  -60.79867  -55.38583 1153697150 204.976296    34.5630 0.0000e+00
    700.000    -0.0520   2.897993    -0.0458   2.898795    5.97045    -0.0719    13.8155 0.0000e+00  -60.79867  -55.38583 1153697151 204.976310    34.5626 0.0000e+00
    701.000    -0.0457   2.898649    -0.0450   2.898938    5.96778    -0.0721    13.8155 0.0000e+00  -60.79867  -55.38583 1153697153 204.976327    34.5639 0.0000e+00
    702.000    -0.0489   2.898328    -0.0500   2.898517    5.96460    -0.0898    13.8155 0.0000e+00  -60.79867  -55.38583 1153697154 204.976341    34.5623 0.0000e+00
    703.000    -0.0564   2.897704    -0.0589   2.897720    5.97371    -0.0783    13.8155 0.0000e+00  -60.79867  -55.38583 1153697155 204.976354    34.5625 0.0000e+00
    704.000    -0.0668   2.896810    -0.0544   2.898220    5.97256    -0.0845    13.8155 0.0000e+00  -60.79867  -55.38583 1153697156 204.976367    34.5620 0.0000e+00
    705.000    -0.0603   2.897448    -0.0593   2.897783    5.97441    -0.0665    13.8155 0.0000e+00  -60.79867  -55.38583 1153697158 204.976383    34.5623 0.0000e+00
    706.000    -0.0741   2.896091    -0.0819   2.895730    5.98123    -0.0818    13.8155 0.0000e+00  -60.79867  -55.38583 1153697159 204.976400    34.5592 0.0000e+00
    707.000    -0.0988   2.893887    -0.0979   2.894248    5.98701    -0.0793    13.8155 0.0000e+00  -60.79867  -55.38583 1153697160 204.976415    34.5584 0.0000e+00
    708.000    -0.0939   2.894380    -0.0936   2.894677    5.98861    -0.0721    13.8155 0.0000e+00  -60.79867  -55.38583 1153697161 204.976428    34.5585 0.0000e+00
    709.000    -0.0962   2.894210    -0.0946   2.894640    5.98981    -0.0760    13.8155 0.0000e+00  -60.79867  -55.38583 1153697163 204.976441    34.5581 0.0000e+00
    710.000    -0.0933   2.894524    -0.0911   2.894989    5.99133    -0.0730    13.8155 0.0000e+00  -60.79867  -55.38583 1153697164 204.976460    34.5583 0.0000e+00
    711.000    -0.0899   2.894916    -0.0885   2.895266    5.99095    -0.0835    13.8155 0.0000e+00  -60.79867  -55.38583 1153697166 204.976477    34.5591 0.0000e+00
    712.000    -0.0639   2.897405    -0.0617   2.897745    5.99132    -0.0644    13.8155 0.0000e+00  -60.79867  -55.38583 1153697167 204.976489    34.5611 0.0000e+00
    713.000    -0.0674   2.897161    -0.0623   2.897843    5.98793    -0.0784    13.8155 0.0000e+00  -60.79867  -55.38583 1153697168 204.976500    34.5615 0.0000e+00
    714.000    -0.0595   2.897894    -0.0513   2.898891    5.98403    -0.0824    13.8155 0.0000e+00  -60.79867  -55.38583 1153697169 204.976510    34.5614 0.0000e+00
    715.000    -0.0485   2.898977    -0.0478   2.899301    5.97832    -0.0774    13.8155 0.0000e+00  -60.79867  -55.38583 1153697170 204.976523    34.5624 0.0000e+00
    716.000    -0.0528   2.898600    -0.0554   2.898616    5.97489    -0.0820    13.8155 0.0000e+00  -60.79867  -55.38583 1153697171 204.976541    34.5620 0.0000e+00
    717.000    -0.0669   2.897305    -0.0639   2.897920    5.97548    -0.0654    13.8155 0.0000e+00  -60.79867  -55.38583 1153697173 204.976564    34.5605 0.0000e+00
    718.000    -0.0668   2.897422    -0.0648   2.897834    5.96718    -0.0721    13.8155 0.0000e+00  -60.79867  -55.38583 1153697175 204.976581    34.5616 0.0000e+00
    719.000    -0.0556   2.898480    -0.0576   2.898542    5.97208    -0.0691    13.8155 0.0000e+00  -60.79867  -55.38583 1153697176 204.976593    34.5620 0.0000e+00
    720.000    -0.0556   2.898493    -0.0579   2.898601    5.97372    -0.0847    13.8155 0.0000e+00  -60.79867  -55.38583 1153697177 204.976603    34.5615 0.0000e+00
    721.000    -0.0755   2.896690    -0.0751   2.897043    5.97256    -0.0825    13.8155 0.0000e+00  -60.79867  -55.38583 1153697178 204.976614    34.5601 0.0000e+00
    722.000    -0.0455   2.899676    -0.0477   2.899563    5.96604    -0.0840    13.8155 0.0000e+00  -60.79867  -55.38583 1153697179 204.976627    34.5652 0.0000e+00
    723.000    -0.0197   2.901945    -0.0252   2.901763    5.95999    -0.0753    13.8155 0.0000e+00  -60.79867  -55.38583 1153697180 204.976644    34.5637 0.0000e+00
    724.000    -0.0313   2.901006    -0.0396   2.900399    5.95557    -0.0731    13.8155 0.0000e+00  -60.79867  -55.38583 1153697182 204.976663    34.5653 0.0000e+00
    725.000    -0.0413   2.899979    -0.0368   2.900882    5.95316    -0.0813    13.8155 0.0000e+00  -60.79867  -55.38583 1153697183 204.976681    34.5617 0.0000e+00
    726.000    -0.0508   2.899268    -0.0502   2.899549    5.94906    -0.0822    13.8155 0.0000e+00  -60.79867  -55.38583 1153697185 204.976694    34.5635 0.0000e+00
    727.000    -0.0309   2.901200    -0.0412   2.900398    5.94853    -0.0849    13.8155 0.0000e+00  -60.79867  -55.38583 1153697186 204.976706    34.5635 0.0000e+00
    728.000    -0.0315   2.901149    -0.0320   2.901359    5.94529    -0.0685    13.8155 0.0000e+00  -60.79867  -55.38583 1153697187 204.976719    34.5647 0.0000e+00
    729.000    -0.0145   2.902828    -0.0102   2.903417    5.93969    -0.0827    13.8155 0.0000e+00  -60.79867  -55.38583 1153697188 204.976736    34.5670 0.0000e+00
    730.000     0.0018   2.904413     0.0038   2.904768    5.93701    -0.0673    13.8155 0.0000e+00  -60.79867  -55.38583 1153697189 204.976750    34.5686 0.0000e+00
    731.000     0.0065   2.904881     0.0068   2.905177    5.92815    -0.0676    13.8155 0.0000e+00  -60.79867  -55.38583 1153697190 204.976761    34.5688 0.0000e+00
    732.000     0.0129   2.905544     0.0115   2.905617    5.92039    -0.0693    13.8155 0.0000e+00  -60.79867  -55.38583 1153697191 204.976774    34.5701 0.0000e+00
    733.000     0.0052   2.904825     0.0013   2.904756    5.91241    -0.0722    13.8155 0.0000e+00  -60.79867  -55.38583 1153697193 204.976795    34.5687 0.0000e+00
    734.000     0.0170   2.906043     0.0177   2.906215    5.90644    -0.0817    13.8155 0.0000e+00  -60.79867  -55.38583 1153697195 204.976815    34.5714 0.0000e+00
    735.000     0.0493   2.909023     0.0458   2.908848    5.90116    -0.0897    13.8155 0.0000e+00  -60.79867  -55.38583 1153697196 204.976828    34.5729 0.0000e+00
    736.000     0.0787   2.911942     0.0840   2.912437    5.88499    -0.0848    13.8155 0.0000e+00  -60.79867  -55.38583 1153697197 204.976839    34.5775 0.0000e+00
    737.000     0.1060   2.914400     0.1138   2.915298    5.87209    -0.0821    13.8155 0.0000e+00  -60.79867  -55.38583 1153697198 204.976851    34.5774 0.0000e+00
    738.000     0.1186   2.915692     0.1266   2.916616    5.86661    -0.0685    13.8155 0.0000e+00  -60.79867  -55.38583 1153697199 204.976865    34.5795 0.0000e+00
    739.000     0.0849   2.912553     0.0840   2.912787    5.84793    -0.0830    13.8155 0.0000e+00  -60.79867  -55.38583 1153697201 204.976882    34.5769 0.0000e+00
    740.000     0.1200   2.915986     0.1204   2.916124    5.85076    -0.0778    13.8155 0.0000e+00  -60.79867  -55.38583 1153697202 204.976895    34.5820 0.0000e+00
    741.000     0.1081   2.914786     0.1032   2.914650    5.84905    -0.0803    13.8155 0.0000e+00  -60.79867  -55.38583 1153697203 204.976906    34.5789 0.0000e+00
    742.000     0.0970   2.913892     0.1039   2.914898    5.83871    -0.0790    13.8155 0.0000e+00  -60.79867  -55.38583 1153697204 204.976917    34.5798 0.0000e+00
    743.000     0.1410   2.918059     0.1430   2.918383    5.82448    -0.0776    13.8155 0.0000e+00  -60.79867  -55.38583 1153697206 204.976945    34.5838 0.0000e+00
    744.000     0.1392   2.918047     0.1419   2.918303    5.81749    -0.0748    13.8155 0.0000e+00  -60.79867  -55.38583 1153697209 204.976971    34.5865 0.0000e+00
    745.000     0.1645   2.920253     0.1657   2.920660    5.80902    -0.0651    13.8155 0.0000e+00  -60.79867  -55.38583 1153697209 204.976982    34.5846 0.0000e+00
    746.000     0.1684   2.920877     0.1725   2.921318    5.80245    -0.0746    13.8155 0.0000e+00  -60.79867  -55.38583 1153697210 204.976990    34.5892 0.0000e+00
    747.000     0.1871   2.922526     0.1872   2.922838    5.79651    -0.0882    13.8155 0.0000e+00  -60.79867  -55.38583 1153697211 204.976998    34.5877 0.0000e+00
    748.000     0.1783   2.921821     0.1782   2.922053    5.79410    -0.0776    13.8155 0.0000e+00  -60.79867  -55.38583 1153697211 204.977005    34.5888 0.0000e+00
    749.000     0.1653   2.920518     0.1657   2.920817    5.79175    -0.0724    13.8155 0.0000e+00  -60.79867  -55.38583 1153697212 204.977017    34.5860 0.0000e+00
    750.000     0.1652   2.920541     0.1673   2.920926    5.78816    -0.0675    13.8155 0.0000e+00  -60.79867  -55.38583 1153697215 204.977046    34.5865 0.0000e+00
    751.000     0.1761   2.921626     0.1761   2.921813    5.78569    -0.0906    13.8155 0.0000e+00  -60.79867  -55.38583 1153697216 204.977058    34.5874 0.0000e+00
    752.000     0.1846   2.922479     0.1831   2.922529    5.78725    -0.0898    13.8155 0.0000e+00  -60.79867  -55.38583 1153697217 204.977070    34.5886 0.0000e+00
    753.000     0.1773   2.921782     0.1775   2.922033    5.78107    -0.0705    13.8155 0.0000e+00  -60.79867  -55.38583 1153697219 204.977087    34.5875 0.0000e+00
    754.000     0.1824   2.922302     0.1819   2.922533    5.78165    -0.0900    13.8155 0.0000e+00  -60.79867  -55.38583 1153697220 204.977110    34.5877 0.0000e+00
    755.000     0.1663   2.920854     0.1666   2.921128    5.77968    -0.0801    13.8155 0.0000e+00  -60.79867  -55.38583 1153697221 204.977122    34.5871 0.0000e+00
    756.000     0.1786   2.922160     0.1772   2.922146    5.77697    -0.0626    13.8155 0.0000e+00  -60.79867  -55.38583 1153697222 204.977131    34.5901 0.0000e+00
    757.000     0.1865   2.922812     0.1855   2.923042    5.77246    -0.0676    13.8155 0.0000e+00  -60.79867  -55.38583 1153697223 204.977140    34.5881 0.0000e+00
    758.000     0.1967   2.923950     0.1958   2.924024    5.77133    -0.0817    13.8155 0.0000e+00  -60.79867  -55.38583 1153697224 204.977148    34.5914 0.0000e+00
    759.000     0.1915   2.923431     0.1943   2.923928    5.77192    -0.0746    13.8155 0.0000e+00  -60.79867  -55.38583 1153697225 204.977165    34.5898 0.0000e+00
    760.000     0.1842   2.922757     0.1776   2.922400    5.77216    -0.0749    13.8155 0.0000e+00  -60.79867  -55.38583 1153697228 204.977198    34.5887 0.0000e+00
    761.000     0.1653   2.921044     0.1651   2.921264    5.77541    -0.0807    13.8155 0.0000e+00  -60.79867  -55.38583 1153697229 204.977214    34.5879 0.0000e+00
    762.000     0.1669   2.921222     0.1670   2.921471    5.77635    -0.0737    13.8155 0.0000e+00  -60.79867  -55.38583 1153697230 204.977226    34.5877 0.0000e+00
    763.000     0.1726   2.921783     0.1743   2.922238    5.77551    -0.0706    13.8155 0.0000e+00  -60.79867  -55.38583 1153697231 204.977236    34.5877 0.0000e+00
    764.000     0.1862   2.923224     0.1842   2.923189    5.77321    -0.0748    13.8155 0.0000e+00  -60.79867  -55.38583 1153697232 204.977245    34.5904 0.0000e+00
    765.000     0.1943   2.923989     0.1959   2.924372    5.77200    -0.0753    13.8155 0.0000e+00  -60.79867  -55.38583 1153697233 204.977256    34.5907 0.0000e+00
    766.000     0.2002   2.924625     0.2013   2.924938    5.76733    -0.0778    13.8155 0.0000e+00  -60.79867  -55.38583 1153697234 204.977271    34.5918 0.0000e+00
    767.000     0.2022   2.924843     0.2007   2.924944    5.76113    -0.0748    13.8155 0.0000e+00  -60.79867  -55.38583 1153697237 204.977300    34.5917 0.0000e+00
    768.000     0.1924   2.923961     0.1925   2.924209    5.76345    -0.0775    13.8155 0.0000e+00  -60.79867  -55.38583 1153697238 204.977318    34.5911 0.0000e+00
    769.000     0.1744   2.922160     0.1785   2.922921    5.76681    -0.0874    13.8155 0.0000e+00  -60.79867  -55.38583 1153697240 204.977331    34.5872 0.0000e+00
    770.000     0.1693   2.921892     0.1718   2.922339    5.76763    -0.0793    13.8155 0.0000e+00  -60.79867  -55.38583 1153697241 204.977343    34.5898 0.0000e+00
    771.000     0.1899   2.923806     0.1921   2.924242    5.76480    -0.0951    13.8155 0.0000e+00  -60.79867  -55.38583 1153697242 204.977354    34.5902 0.0000e+00
    772.000     0.2008   2.924945     0.2014   2.925213    5.76304    -0.0857    13.8155 0.0000e+00  -60.79867  -55.38583 1153697242 204.977365    34.5921 0.0000e+00
