product_data/regression_test/downloaded_data/MDGS/320620060703/ctd/p6618601.ros
* Sea-Bird SBE 9 Data File:
* FileName = D:\Data\Raw\p6618601.dat
* Software Version Seasave Win32 V 5.32
* Temperature SN = 1649
* Conductivity SN = 1431
* Number of Bytes Per Scan = 37
* Number of Voltage Words = 5
* Number of Scans Averaged by the Deck Unit = 1
* NMEA Latitude = 60 48.00 S
* NMEA Longitude = 054 03.34 W
* NMEA UTC (Time) = 00:01:20
** Ship:   Nathaniel B. Palmer 
** Cruise:    NBP0606 
# nquan = 17
# nvalues = 1176                    
# units = specified
# name 0 = prDM: Pressure, Digiquartz [db]
# name 1 = t090C: Temperature [ITS-90, deg C]
# name 2 = c0S/m: Conductivity [S/m]
# name 3 = t190C: Temperature, 2 [ITS-90, deg C]
# name 4 = c1S/m: Conductivity, 2 [S/m]
# name 5 = sbeox0ML/L: Oxygen, SBE 43 [ml/l]
# name 6 = flECO-AFL: Fluorescence, Wetlab ECO-AFL/FL [mg/m^3]
# name 7 = bat: Beam Attenuation, Chelsea/Seatech/Wetlab CStar [1/m]
# name 8 = spar: SPAR/Surface Irradiance
# name 9 = latitude: Latitude [deg]
# name 10 = longitude: Longitude [deg]
# name 11 = timeY: Time, System [seconds]
# name 12 = timeJ: Julian Days
# name 13 = sal00: Salinity [PSU]
# name 14 = scan: scan number
# name 15 = nbf: number of bottles fired
# name 16 = flag:  0.000e+00
# interval = seconds: 0.0416667                   
# start_time = Jul 23 2006 00:01:28
*END*
[from data line 511]
    198.499    -0.0024   2.872240    -0.0028   2.872486    6.16009    -0.0319    13.8155 0.0000e+00  -60.80000  -54.05567 1153616284 204.040345    34.4643      81549         11  0.000e+00
    198.432    -0.0027   2.872257    -0.0027   2.872498    6.16006    -0.1072    13.8155 0.0000e+00  -60.80000  -54.05567 1153616284 204.040346    34.4649      81550         11  0.000e+00
    198.394    -0.0019   2.872297    -0.0025   2.872503    6.15992    -0.1072    13.8155 0.0000e+00  -60.80000  -54.05567 1153616284 204.040346    34.4646      81551         11  0.000e+00
    198.355    -0.0015   2.872290    -0.0028   2.872480    6.15983    -0.1072    13.8155 0.0000e+00  -60.80000  -54.05567 1153616284 204.040347    34.4640      81552         11  0.000e+00
    198.394    -0.0013   2.872267    -0.0031   2.872492    6.15985    -0.1072    13.8155 0.0000e+00  -60.80000  -54.05567 1153616284 204.040347    34.4635      81553         11  0.000e+00
    198.355    -0.0024   2.872177    -0.0030   2.872521    6.16000    -0.0426    13.8155 0.0000e+00  -60.80000  -54.05567 1153616284 204.040348    34.4636      81554         11  0.000e+00
    198.432    -0.0021   2.872150    -0.0031   2.872486    6.16005    -0.0319    13.8155 0.0000e+00  -60.80000  -54.05567 1153616284 204.040348    34.4628      81555         11  0.000e+00
    198.327    -0.0028   2.872163    -0.0028   2.872474    6.16005    -0.0211    13.8155 0.0000e+00  -60.80000  -54.05567 1153616284 204.040349    34.4639      81556         11  0.000e+00
    198.432    -0.0032   2.872170    -0.0031   2.872515    6.16017    -0.0749    13.8155 0.0000e+00  -60.80000  -54.05567 1153616284 204.040349    34.4643      81557         11  0.000e+00
    198.394    -0.0025   2.872153    -0.0033   2.872515    6.16007    -0.1395    13.8155 0.0000e+00  -60.80000  -54.05567 1153616284 204.040350    34.4634      81558         11  0.000e+00
    198.356    -0.0028   2.872150    -0.0027   2.872544    6.16008    -0.1287    13.8155 0.0000e+00  -60.80000  -54.05567 1153616284 204.040350    34.4637      81559         11  0.000e+00
    198.327    -0.0032   2.872150    -0.0034   2.872498    6.16009    -0.0534    13.8155 0.0000e+00  -60.80000  -54.05567 1153616284 204.040351    34.4641      81560         11  0.000e+00
    198.432    -0.0033   2.872130    -0.0033   2.872474    6.16021    -0.0534    13.8155 0.0000e+00  -60.80000  -54.05567 1153616284 204.040351    34.4639      81561         11  0.000e+00
    198.432    -0.0032   2.872126    -0.0031   2.872474    6.16020    -0.0319    13.8155 0.0000e+00  -60.80000  -54.05567 1153616284 204.040352    34.4637      81562         11  0.000e+00
    198.394    -0.0028   2.872156    -0.0034   2.872439    6.16011    -0.0749    13.8155 0.0000e+00  -60.80000  -54.05567 1153616284 204.040352    34.4638      81563         11  0.000e+00
    198.432    -0.0033   2.872187    -0.0037   2.872445    6.16018    -0.0857    13.8155 0.0000e+00  -60.80000  -54.05567 1153616285 204.040353    34.4647      81564         11  0.000e+00
    198.327    -0.0025   2.872177    -0.0036   2.872433    6.16000    -0.1180    13.8155 0.0000e+00  -60.80000  -54.05567 1153616285 204.040353    34.4637      81565         11  0.000e+00
    198.432    -0.0024   2.872187    -0.0036   2.872421    6.16007    -0.1395    13.8155 0.0000e+00  -60.80000  -54.05567 1153616285 204.040353    34.4637      81566         11  0.000e+00
    198.470    -0.0022   2.872160    -0.0038   2.872404    6.16010    -0.1395    13.8155 0.0000e+00  -60.80000  -54.05567 1153616285 204.040354    34.4631      81567         11  0.000e+00
    198.432    -0.0027   2.872096    -0.0037   2.872398    6.16016    -0.1180    13.8155 0.0000e+00  -60.80000  -54.05567 1153616285 204.040354    34.4628      81568         11  0.000e+00
    198.432    -0.0033   2.872080    -0.0044   2.872310    6.16024    -0.1180    13.8155 0.0000e+00  -60.80000  -54.05567 1153616285 204.040355    34.4633      81569         11  0.000e+00
    198.470    -0.0036   2.872080    -0.0046   2.872304    6.16031    -0.0534    13.8155 0.0000e+00  -60.80000  -54.05567 1153616285 204.040355    34.4636      81570         11  0.000e+00
    198.432    -0.0046   2.872059    -0.0047   2.872333    6.16041    -0.0426    13.8155 0.0000e+00  -60.80000  -54.05567 1153616285 204.040356    34.4644      81571         11  0.000e+00
    198.394    -0.0040   2.872036    -0.0045   2.872321    6.16031    -0.0534    13.8155 0.0000e+00  -60.80000  -54.05567 1153616285 204.040356    34.4635      81572         11  0.000e+00
    198.432    -0.0047   2.872033    -0.0047   2.872351    6.16044    -0.1072    13.8155 0.0000e+00  -60.80000  -54.05567 1153616285 204.040357    34.4642      81573         11  0.000e+00
    198.432    -0.0038   2.872033    -0.0051   2.872368    6.16033    -0.0749    13.8155 0.0000e+00  -60.80000  -54.05567 1153616285 204.040357    34.4632      81574         11  0.000e+00
    198.471    -0.0041   2.872049    -0.0050   2.872327    6.16039    -0.1072    13.8155 0.0000e+00  -60.80000  -54.05567 1153616285 204.040358    34.4637      81575         11  0.000e+00
    198.432    -0.0042   2.872106    -0.0050   2.872316    6.16034    -0.0642    13.8155 0.0000e+00  -60.80000  -54.05567 1153616285 204.040358    34.4647      81576         11  0.000e+00
    200.050    -0.0086   2.871712    -0.0091   2.871999    6.15780    -0.0964    13.8155 0.0000e+00  -60.80000  -54.05567 1153616290 204.040419    34.4634      81702         12  0.000e+00
    199.878    -0.0089   2.871712    -0.0089   2.872034    6.15770    -0.0534    13.8155 0.0000e+00  -60.80000  -54.05567 1153616290 204.040420    34.4639      81703         12  0.000e+00
    200.050    -0.0088   2.871712    -0.0090   2.872023    6.15782    -0.0749    13.8155 0.0000e+00  -60.80000  -54.05567 1153616290 204.040420    34.4636      81704         12  0.000e+00
    199.907    -0.0089   2.871782    -0.0093   2.872017    6.15768    -0.1072    13.8155 0.0000e+00  -60.80000  -54.05567 1153616290 204.040421    34.4648      81705         12  0.000e+00
    199.878    -0.0078   2.871873    -0.0088   2.871993    6.15747    -0.0749    13.8155 0.0000e+00  -60.80000  -54.05567 1153616290 204.040421    34.4647      81706         12  0.000e+00
    199.974    -0.0072   2.871946    -0.0087   2.872046    6.15744    -0.1072    13.8155 0.0000e+00  -60.80000  -54.05567 1153616290 204.040421    34.4650      81707         12  0.000e+00
    199.945    -0.0064   2.871996    -0.0079   2.872087    6.15728    -0.1072    13.8155 0.0000e+00  -60.80000  -54.05567 1153616291 204.040422    34.4648      81708         12  0.000e+00
    199.907    -0.0063   2.871939    -0.0076   2.872134    6.15727    -0.0857    13.8155 0.0000e+00  -60.80000  -54.05567 1153616291 204.040422    34.4639      81709         12  0.000e+00
    199.907    -0.0063   2.871883    -0.0078   2.872152    6.15729    -0.0749    13.8155 0.0000e+00  -60.80000  -54.05567 1153616291 204.040423    34.4631      81710         12  0.000e+00
    199.878    -0.0072   2.871853    -0.0075   2.872193    6.15741    -0.1072    13.8155 0.0000e+00  -60.80000  -54.05567 1153616291 204.040423    34.4638      81711         12  0.000e+00
    199.907    -0.0072   2.871866    -0.0073   2.872204    6.15742    -0.0642    13.8155 0.0000e+00  -60.80000  -54.05567 1153616291 204.040424    34.4640      81712         12  0.000e+00
    199.878    -0.0070   2.871873    -0.0069   2.872204    6.15737    -0.0426    13.8155 0.0000e+00  -60.80000  -54.05567 1153616291 204.040424    34.4639      81713         12  0.000e+00
    199.907    -0.0066   2.871889    -0.0065   2.872204    6.15733    -0.0211    13.8155 0.0000e+00  -60.80000  -54.05567 1153616291 204.040425    34.4636      81714         12  0.000e+00
    199.907    -0.0067   2.871913    -0.0058   2.872263    6.15734    -0.0534    13.8155 0.0000e+00  -60.80000  -54.05567 1153616291 204.040425    34.4640      81715         12  0.000e+00
    199.811    -0.0064   2.871919    -0.0053   2.872269    6.15721    -0.0642    13.8155 0.0000e+00  -60.80000  -54.05567 1153616291 204.040426    34.4638      81716         12  0.000e+00
    199.840    -0.0063   2.871953    -0.0059   2.872281    6.15720    -0.0642    13.8155 0.0000e+00  -60.80000  -54.05567 1153616291 204.040426    34.4641      81717         12  0.000e+00
    199.878    -0.0060   2.871983    -0.0047   2.872328    6.15718    -0.0749    13.8155 0.0000e+00  -60.80000  -54.05567 1153616291 204.040427    34.4641      81718         12  0.000e+00
    199.840    -0.0060   2.872020    -0.0034   2.872422    6.15712    -0.0857    13.8155 0.0000e+00  -60.80000  -54.05567 1153616291 204.040427    34.4646      81719         12  0.000e+00
    199.840    -0.0055   2.872050    -0.0034   2.872492    6.15705    -0.0749    13.8155 0.0000e+00  -60.80000  -54.05567 1153616291 204.040428    34.4645      81720         12  0.000e+00
    199.811    -0.0047   2.872090    -0.0031   2.872504    6.15691    -0.0426    13.8155 0.0000e+00  -60.80000  -54.05567 1153616291 204.040428    34.4642      81721         12  0.000e+00
    199.840    -0.0053   2.872083    -0.0030   2.872504    6.15701    -0.0426    13.8155 0.0000e+00  -60.80000  -54.05567 1153616291 204.040429    34.4648      81722         12  0.000e+00
    199.811    -0.0050   2.872080    -0.0033   2.872527    6.15695    -0.1072    13.8155 0.0000e+00  -60.80000  -54.05567 1153616291 204.040429    34.4644      81723         12  0.000e+00
    199.764    -0.0044   2.872130    -0.0030   2.872510    6.15680    -0.0534    13.8155 0.0000e+00  -60.80000  -54.05567 1153616291 204.040430    34.4644      81724         12  0.000e+00
    199.764    -0.0036   2.872184    -0.0025   2.872545    6.15668    -0.0426    13.8155 0.0000e+00  -60.80000  -54.05567 1153616291 204.040430    34.4642      81725         12  0.000e+00
    199.811    -0.0033   2.872247    -0.0018   2.872598    6.15664    -0.0319    13.8155 0.0000e+00  -60.80000  -54.05567 1153616291 204.040431    34.4647      81726         12  0.000e+00
    199.764    -0.0028   2.872314    -0.0014   2.872651    6.15650    -0.0426    13.8155 0.0000e+00  -60.80000  -54.05567 1153616291 204.040431    34.4650      81727         12  0.000e+00
    199.811    -0.0016   2.872331    -0.0008   2.872668    6.15170    -0.0857    13.8155 0.0000e+00  -60.80000  -54.05567 1153616291 204.040432    34.4639      81728         12  0.000e+00
    199.764    -0.0018   2.872314    -0.0007   2.872651    6.15169    -0.0964    13.8155 0.0000e+00  -60.80000  -54.05567 1153616291 204.040432    34.4639      81729         12  0.000e+00
    199.764    -0.0015   2.872361    -0.0010   2.872680    6.15162    -0.0857    13.8155 0.0000e+00  -60.80000  -54.05567 1153616291 204.040433    34.4641      81730         12  0.000e+00
    199.735    -0.0014   2.872327    -0.0005   2.872715    6.15161    -0.0426    13.8155 0.0000e+00  -60.80000  -54.05567 1153616291 204.040433    34.4637      81731         12  0.000e+00
    199.764    -0.0015   2.872341    -0.0011   2.872721    6.15632    -0.0642    13.8155 0.0000e+00  -60.80000  -54.05567 1153616291 204.040434    34.4639      81732         12  0.000e+00
    199.735    -0.0016   2.872404    -0.0007   2.872721    6.15159    -0.0642    13.8155 0.0000e+00  -60.80000  -54.05567 1153616292 204.040434    34.4649      81733         12  0.000e+00
    199.764    -0.0005   2.872404    -0.0013   2.872721    6.15148    -0.0426    13.8155 0.0000e+00  -60.80000  -54.05567 1153616292 204.040435    34.4636      81734         12  0.000e+00
    199.697    -0.0005   2.872451    -0.0005   2.872721    6.15139    -0.0749    13.8155 0.0000e+00  -60.80000  -54.05567 1153616292 204.040435    34.4643      81735         12  0.000e+00
    199.735    -0.0004   2.872505    -0.0005   2.872721    6.15138    -0.0749    13.8155 0.0000e+00  -60.80000  -54.05567 1153616292 204.040435    34.4648      81736         12  0.000e+00
    199.697     0.0004   2.872568    -0.0013   2.872697    6.15122    -0.0642    13.8155 0.0000e+00  -60.80000  -54.05567 1153616292 204.040436    34.4648      81737         12  0.000e+00
    199.735     0.0018   2.872565    -0.0013   2.872633    6.15108    -0.1072    13.8155 0.0000e+00  -60.80000  -54.05567 1153616292 204.040436    34.4632      81738         12  0.000e+00
    199.697     0.0017   2.872562    -0.0018   2.872592    6.15106    -0.0749    13.8155 0.0000e+00  -60.80000  -54.05567 1153616292 204.040437    34.4633      81739         12  0.000e+00
    199.697     0.0013   2.872612    -0.0019   2.872604    6.15108    -0.0426    13.8155 0.0000e+00  -60.80000  -54.05567 1153616292 204.040437    34.4644      81740         12  0.000e+00
    199.668     0.0018   2.872578    -0.0024   2.872633    6.15570    -0.0534    13.8155 0.0000e+00  -60.80000  -54.05567 1153616292 204.040438    34.4634      81741         12  0.000e+00
    199.697     0.0015   2.872528    -0.0014   2.872639    6.15579    -0.0857    13.8155 0.0000e+00  -60.80000  -54.05567 1153616292 204.040438    34.4631      81742         12  0.000e+00
    199.668     0.0014   2.872515    -0.0013   2.872621    6.15579    -0.1287    13.8155 0.0000e+00  -60.80000  -54.05567 1153616292 204.040439    34.4630      81743         12  0.000e+00
    199.697     0.0010   2.872515    -0.0019   2.872592    6.15586    -0.0857    13.8155 0.0000e+00  -60.80000  -54.05567 1153616292 204.040439    34.4634      81744         12  0.000e+00
    199.697     0.0012   2.872498    -0.0024   2.872586    6.15584    -0.0749    13.8155 0.0000e+00  -60.80000  -54.05567 1153616292 204.040440    34.4630      81745         12  0.000e+00
    199.668     0.0007   2.872475    -0.0027   2.872562    6.15121    -0.1180    13.8155 0.0000e+00  -60.80000  -54.05567 1153616292 204.040440    34.4633      81746         12  0.000e+00
    199.697     0.0004   2.872451    -0.0028   2.872539    6.15128    -0.0964    13.8155 0.0000e+00  -60.80000  -54.05567 1153616292 204.040441    34.4632      81747         12  0.000e+00
    199.668     0.0004   2.872431    -0.0028   2.872592    6.15127    -0.0642    13.8155 0.0000e+00  -60.80000  -54.05567 1153616292 204.040441    34.4630      81748         12  0.000e+00
    199.630    -0.0005   2.872388    -0.0025   2.872568    6.15137    -0.1072    13.8155 0.0000e+00  -60.80000  -54.05567 1153616292 204.040442    34.4635      81749         12  0.000e+00
    199.697    -0.0007   2.872358    -0.0022   2.872574    6.15147    -0.0964    13.8155 0.0000e+00  -60.80000  -54.05567 1153616292 204.040442    34.4633      81750         12  0.000e+00
    149.908    -0.8405   2.789905    -0.8407   2.790291    7.10870    -0.0749    13.8155 0.0000e+00  -60.80000  -54.05567 1153616379 204.041440    34.3385      83820         13  0.000e+00
    149.908    -0.8406   2.789908    -0.8402   2.790285    7.10872    -0.0749    13.8155 0.0000e+00  -60.80000  -54.05567 1153616379 204.041441    34.3387      83821         13  0.000e+00
    149.908    -0.8410   2.789862    -0.8408   2.790303    7.10879    -0.0749    13.8155 0.0000e+00  -60.80000  -54.05567 1153616379 204.041441    34.3384      83822         13  0.000e+00
    149.831    -0.8413   2.789846    -0.8410   2.790297    7.10402    -0.0211    13.8155 0.0000e+00  -60.80000  -54.05567 1153616379 204.041442    34.3386      83823         13  0.000e+00
    149.841    -0.8411   2.789839    -0.8411   2.790262    7.10401    -0.0319    13.8155 0.0000e+00  -60.80000  -54.05567 1153616379 204.041442    34.3383      83824         13  0.000e+00
    149.832    -0.8419   2.789842    -0.8412   2.790239    7.10886    -0.0534    13.8155 0.0000e+00  -60.80000  -54.05567 1153616379 204.041443    34.3393      83825         13  0.000e+00
    149.765    -0.8419   2.789809    -0.8415   2.790233    7.10882    -0.0534    13.8155 0.0000e+00  -60.80000  -54.05567 1153616379 204.041443    34.3389      83826         13  0.000e+00
