product_data/regression_test/downloaded_data/MDGS/320620060703/ctd/p6619305.cnv
* Sea-Bird SBE 9 Data File:
* FileName = D:\Data\Raw\p6619305.dat
* Software Version Seasave Win32 V 5.32
* Temperature SN = 1649
* Conductivity SN = 1431
* Number of Bytes Per Scan = 37
* Number of Voltage Words = 5
* Number of Scans Averaged by the Deck Unit = 1
* NMEA Latitude = 60 47.92 S
* NMEA Longitude = 055 23.15 W
* NMEA UTC (Time) = 23:08:25
** Ship:   Nathaniel B. Palmer 
** Cruise:    NBP0606 
# nquan = 15
# nvalues = 1000                        
# units = specified
# name 0 = prDM: Pressure, Digiquartz [db]
# name 1 = t090C: Temperature [ITS-90, deg C]
# name 2 = c0S/m: Conductivity [S/m]
# name 3 = t190C: Temperature, 2 [ITS-90, deg C]
# name 4 = c1S/m: Conductivity, 2 [S/m]
# name 5 = sbeox0ML/L: Oxygen, SBE 43 [ml/l]
# name 6 = flECO-AFL: Fluorescence, Wetlab ECO-AFL/FL [mg/m^3]
# name 7 = bat: Beam Attenuation, Chelsea/Seatech/Wetlab CStar [1/m]
# name 8 = spar: SPAR/Surface Irradiance
# name 9 = latitude: Latitude [deg]
# name 10 = longitude: Longitude [deg]
# name 11 = timeY: Time, System [seconds]
# name 12 = timeJ: Julian Days
# name 13 = sal00: Salinity [PSU]
# name 14 = flag: flag
# span 0 =      2.000,   1001.000       
# span 1 =    -0.9091,     0.5980       
# span 2 =   2.774332,   2.974318       
# span 3 =    -0.9107,     0.5984       
# span 4 =   2.775057,   2.974580       
# span 5 =    5.35349,    7.39382       
# span 6 =    -0.1108,     0.7528       
# span 7 =    13.8155,    13.8155       
# span 8 = 0.0000e+00, 0.0000e+00       
# span 9 =  -60.79867,  -60.79867       
# span 10 =  -55.38583,  -55.38583      
# span 11 = 1153696114, 1153697573      
# span 12 = 204.964296, 204.981195      
# span 13 =    34.2931,    34.6625      
# span 14 = 0.0000e+00, 0.0000e+00      
# interval = decibars: 1                
# start_time = Jul 23 2006 23:08:34
# bad_flag = -9.990e-29
*END*
[from data line 964]
    966.000     0.5885   2.971749     0.5886   2.972026    5.36592    -0.0954    13.8155 0.0000e+00  -60.79867  -55.38583 1153697492 204.980249    34.6594 0.0000e+00
    967.000     0.5875   2.971705     0.5878   2.971992    5.36726    -0.0956    13.8155 0.0000e+00  -60.79867  -55.38583 1153697493 204.980264    34.6594 0.0000e+00
    968.000     0.5890   2.971876     0.5885   2.972095    5.36843    -0.0878    13.8155 0.0000e+00  -60.79867  -55.38583 1153697495 204.980290    34.6594 0.0000e+00
    969.000     0.5893   2.971959     0.5887   2.972167    5.36889    -0.0958    13.8155 0.0000e+00  -60.79867  -55.38583 1153697497 204.980308    34.6595 0.0000e+00
    970.000     0.5893   2.972002     0.5890   2.972239    5.36675    -0.0948    13.8155 0.0000e+00  -60.79867  -55.38583 1153697499 204.980334    34.6595 0.0000e+00
    971.000     0.5889   2.972014     0.5891   2.972293    5.36838    -0.0746    13.8155 0.0000e+00  -60.79867  -55.38583 1153697502 204.980372    34.6596 0.0000e+00
    972.000     0.5885   2.972001     0.5887   2.972299    5.36806    -0.0923    13.8155 0.0000e+00  -60.79867  -55.38583 1153697503 204.980381    34.6593 0.0000e+00
    973.000     0.5879   2.971993     0.5873   2.972235    5.36802    -0.1042    13.8155 0.0000e+00  -60.79867  -55.38583 1153697504 204.980391    34.6593 0.0000e+00
    974.000     0.5861   2.971888     0.5864   2.972171    5.36805    -0.0935    13.8155 0.0000e+00  -60.79867  -55.38583 1153697506 204.980415    34.6595 0.0000e+00
    975.000     0.5881   2.972104     0.5876   2.972328    5.36784    -0.1016    13.8155 0.0000e+00  -60.79867  -55.38583 1153697510 204.980458    34.6594 0.0000e+00
    976.000     0.5849   2.971869     0.5850   2.972150    5.36721    -0.0848    13.8155 0.0000e+00  -60.79867  -55.38583 1153697511 204.980470    34.6595 0.0000e+00
    977.000     0.5850   2.971913     0.5852   2.972203    5.36793    -0.0939    13.8155 0.0000e+00  -60.79867  -55.38583 1153697512 204.980485    34.6594 0.0000e+00
    978.000     0.5833   2.971807     0.5836   2.972098    5.36942    -0.0794    13.8155 0.0000e+00  -60.79867  -55.38583 1153697515 204.980514    34.6593 0.0000e+00
    979.000     0.5839   2.971922     0.5839   2.972188    5.36908    -0.1036    13.8155 0.0000e+00  -60.79867  -55.38583 1153697517 204.980545    34.6595 0.0000e+00
    980.000     0.5835   2.971928     0.5836   2.972205    5.36948    -0.0924    13.8155 0.0000e+00  -60.79867  -55.38583 1153697519 204.980561    34.6595 0.0000e+00
    981.000     0.5831   2.971932     0.5831   2.972202    5.36992    -0.0913    13.8155 0.0000e+00  -60.79867  -55.38583 1153697520 204.980579    34.6594 0.0000e+00
    982.000     0.5826   2.971927     0.5828   2.972212    5.37076    -0.0905    13.8155 0.0000e+00  -60.79867  -55.38583 1153697523 204.980609    34.6593 0.0000e+00
    983.000     0.5834   2.972030     0.5841   2.972375    5.36979    -0.0936    13.8155 0.0000e+00  -60.79867  -55.38583 1153697525 204.980637    34.6593 0.0000e+00
    984.000     0.5839   2.972151     0.5842   2.972453    5.36466    -0.0828    13.8155 0.0000e+00  -60.79867  -55.38583 1153697527 204.980659    34.6596 0.0000e+00
    985.000     0.5831   2.972104     0.5830   2.972371    5.36428    -0.0904    13.8155 0.0000e+00  -60.79867  -55.38583 1153697529 204.980678    34.6595 0.0000e+00
    986.000     0.5851   2.972354     0.5855   2.972654    5.36234    -0.0960    13.8155 0.0000e+00  -60.79867  -55.38583 1153697530 204.980698    34.6598 0.0000e+00
    987.000     0.5882   2.972713     0.5886   2.973021    5.36289    -0.0882    13.8155 0.0000e+00  -60.79867  -55.38583 1153697532 204.980718    34.6603 0.0000e+00
    988.000     0.5896   2.972899     0.5899   2.973183    5.36384    -0.0940    13.8155 0.0000e+00  -60.79867  -55.38583 1153697535 204.980749    34.6606 0.0000e+00
    989.000     0.5897   2.972949     0.5896   2.973183    5.36462    -0.0938    13.8155 0.0000e+00  -60.79867  -55.38583 1153697537 204.980776    34.6607 0.0000e+00
    990.000     0.5902   2.973037     0.5896   2.973241    5.36495    -0.0894    13.8155 0.0000e+00  -60.79867  -55.38583 1153697539 204.980795    34.6606 0.0000e+00
    991.000     0.5917   2.973245     0.5916   2.973498    5.36514    -0.0892    13.8155 0.0000e+00  -60.79867  -55.38583 1153697541 204.980816    34.6612 0.0000e+00
    992.000     0.5915   2.973258     0.5927   2.973647    5.36140    -0.0848    13.8155 0.0000e+00  -60.79867  -55.38583 1153697544 204.980853    34.6610 0.0000e+00
    993.000     0.5949   2.973646     0.5952   2.973948    5.35604    -0.0999    13.8155 0.0000e+00  -60.79867  -55.38583 1153697547 204.980888    34.6616 0.0000e+00
    994.000     0.5943   2.973623     0.5947   2.973930    5.35646    -0.0945    13.8155 0.0000e+00  -60.79867  -55.38583 1153697550 204.980918    34.6615 0.0000e+00
    995.000     0.5963   2.973875     0.5967   2.974170    5.35672    -0.0907    13.8155 0.0000e+00  -60.79867  -55.38583 1153697552 204.980952    34.6619 0.0000e+00
    996.000     0.5965   2.973947     0.5968   2.974241    5.35450    -0.0849    13.8155 0.0000e+00  -60.79867  -55.38583 1153697557 204.981002    34.6621 0.0000e+00
    997.000     0.5964   2.973960     0.5963   2.974221    5.35349    -0.0870    13.8155 0.0000e+00  -60.79867  -55.38583 1153697559 204.981033    34.6619 0.0000e+00
    998.000     0.5966   2.974033     0.5967   2.974306    5.35383    -0.0943    13.8155 0.0000e+00  -60.79867  -55.38583 1153697562 204.981059    34.6621 0.0000e+00
    999.000     0.5971   2.974124     0.5975   2.974429    5.35470    -0.0961    13.8155 0.0000e+00  -60.79867  -55.38583 1153697566 204.981103    34.6622 0.0000e+00
   1000.000     0.5980   2.974278     0.5984   2.974580    5.35490    -0.0874    13.8155 0.0000e+00  -60.79867  -55.38583 1153697569 204.981142    34.6625 0.0000e+00
   1001.000     0.5980   2.974318     0.5976   2.974535    5.35486    -0.1023    13.8155 0.0000e+00  -60.79867  -55.38583 1153697573 204.981195    34.6625 0.0000e+00
