product_data/regression_test/downloaded_data/MDGS/320620060703/ctd/p6617612.ros
* Sea-Bird SBE 9 Data File:
* FileName = D:\Data\Raw\p6617612.dat
* Software Version Seasave Win32 V 5.32
* Temperature SN = 1649
* Conductivity SN = 1431
* Number of Bytes Per Scan = 37
* Number of Voltage Words = 5
* Number of Scans Averaged by the Deck Unit = 1
* NMEA Latitude = 60 37.00 S
* NMEA Longitude = 054 43.23 W
* NMEA UTC (Time) = 15:44:17
** Ship:   Nathaniel B. Palmer 
** Cruise:    NBP0606 
# nquan = 17
# nvalues = 1176                    
# units = specified
# name 0 = prDM: Pressure, Digiquartz [db]
# name 1 = t090C: Temperature [ITS-90, deg C]
# name 2 = c0S/m: Conductivity [S/m]
# name 3 = t190C: Temperature, 2 [ITS-90, deg C]
# name 4 = c1S/m: Conductivity, 2 [S/m]
# name 5 = sbeox0ML/L: Oxygen, SBE 43 [ml/l]
# name 6 = flECO-AFL: Fluorescence, Wetlab ECO-AFL/FL [mg/m^3]
# name 7 = bat: Beam Attenuation, Chelsea/Seatech/Wetlab CStar [1/m]
# name 8 = spar: SPAR/Surface Irradiance
# name 9 = latitude: Latitude [deg]
# name 10 = longitude: Longitude [deg]
# name 11 = timeY: Time, System [seconds]
# name 12 = timeJ: Julian Days
# name 13 = sal00: Salinity [PSU]
# name 14 = scan: scan number
# name 15 = nbf: number of bottles fired
# name 16 = flag:  0.000e+00
# interval = seconds: 0.0416667                   
# start_time = Jul 21 2006 15:44:25
*END*
[from data line 511]
    396.709     0.3313   2.915058     0.3321   2.915423    5.81716    -0.0749    13.8155 6.0393e+01  -60.61667  -54.72050 1153497449 202.664945    34.5357      18871         11  0.000e+00
    396.709     0.3313   2.914988     0.3313   2.915400    5.81721    -0.0749    13.8155 6.0393e+01  -60.61667  -54.72050 1153497449 202.664946    34.5349      18872         11  0.000e+00
    396.680     0.3304   2.914900     0.3321   2.915358    5.81733    -0.0749    13.8155 6.0393e+01  -60.61667  -54.72050 1153497449 202.664946    34.5347      18873         11  0.000e+00
    396.709     0.3304   2.914927     0.3319   2.915382    5.81734    -0.0857    13.8155 6.0393e+01  -60.61667  -54.72050 1153497449 202.664946    34.5350      18874         11  0.000e+00
    396.641     0.3300   2.914860     0.3325   2.915429    5.81737    -0.0964    13.8155 6.0393e+01  -60.61667  -54.72050 1153497450 202.664947    34.5346      18875         11  0.000e+00
    396.574     0.3293   2.914846     0.3319   2.915405    5.81740    -0.0857    13.8155 6.0393e+01  -60.61667  -54.72050 1153497450 202.664947    34.5353      18876         11  0.000e+00
    396.641     0.3295   2.914853     0.3313   2.915376    5.81743    -0.0857    13.8155 6.0393e+01  -60.61667  -54.72050 1153497450 202.664948    34.5351      18877         11  0.000e+00
    396.574     0.3294   2.914904     0.3316   2.915340    5.81736    -0.1072    13.8155 5.8444e+01  -60.61667  -54.72050 1153497450 202.664948    34.5359      18878         11  0.000e+00
    396.498     0.3296   2.914836     0.3310   2.915293    5.81254    -0.0857    13.8155 6.0393e+01  -60.61667  -54.72050 1153497450 202.664949    34.5348      18879         11  0.000e+00
    396.574     0.3294   2.914718     0.3308   2.915281    5.81269    -0.1502    13.8155 6.0393e+01  -60.61667  -54.72050 1153497450 202.664949    34.5335      18880         11  0.000e+00
    396.498     0.3281   2.914638     0.3307   2.915281    5.81760    -0.1718    13.8155 6.0393e+01  -60.61667  -54.72050 1153497450 202.664950    34.5340      18881         11  0.000e+00
    396.431     0.3273   2.914563     0.3313   2.915281    5.81768    -0.1180    13.8155 6.0393e+01  -60.61667  -54.72050 1153497450 202.664950    34.5339      18882         11  0.000e+00
    396.498     0.3263   2.914516     0.3313   2.915281    5.81787    -0.0749    13.8155 6.0393e+01  -60.61667  -54.72050 1153497450 202.664951    34.5344      18883         11  0.000e+00
    396.431     0.3260   2.914452     0.3302   2.915258    5.81788    -0.0211    13.8155 6.0393e+01  -60.61667  -54.72050 1153497450 202.664951    34.5339      18884         11  0.000e+00
    396.354     0.3253   2.914469     0.3297   2.915199    5.81789    -0.0319    13.8155 6.0393e+01  -60.61667  -54.72050 1153497450 202.664952    34.5349      18885         11  0.000e+00
    396.469     0.3254   2.914483     0.3298   2.915169    5.81797    -0.0319    13.8155 6.0393e+01  -60.61667  -54.72050 1153497450 202.664952    34.5349      18886         11  0.000e+00
    396.287     0.3256   2.914533     0.3293   2.915128    5.81778    -0.0642    13.8155 6.0393e+01  -60.61667  -54.72050 1153497450 202.664953    34.5355      18887         11  0.000e+00
    396.354     0.3264   2.914533     0.3291   2.915122    5.81296    -0.0642    13.8155 6.0393e+01  -60.61667  -54.72050 1153497450 202.664953    34.5345      18888         11  0.000e+00
    396.354     0.3265   2.914560     0.3284   2.915057    5.81293    -0.0964    13.8155 6.0393e+01  -60.61667  -54.72050 1153497450 202.664954    34.5348      18889         11  0.000e+00
    396.287     0.3267   2.914540     0.3282   2.915033    5.81765    -0.1180    13.8155 6.0393e+01  -60.61667  -54.72050 1153497450 202.664954    34.5344      18890         11  0.000e+00
    396.220     0.3255   2.914422     0.3284   2.915075    5.81779    -0.0964    13.8155 6.0393e+01  -60.61667  -54.72050 1153497450 202.664955    34.5342      18891         11  0.000e+00
    396.287     0.3250   2.914355     0.3288   2.915075    5.81794    -0.0642    13.8155 6.0393e+01  -60.61667  -54.72050 1153497450 202.664955    34.5339      18892         11  0.000e+00
    396.220     0.3242   2.914358     0.3297   2.915122    5.81320    -0.0642    13.8155 6.0393e+01  -60.61667  -54.72050 1153497450 202.664956    34.5348      18893         11  0.000e+00
    396.220     0.3246   2.914348     0.3305   2.915163    5.81316    -0.0534    13.8155 6.0393e+01  -60.61667  -54.72050 1153497450 202.664956    34.5342      18894         11  0.000e+00
    396.143     0.3242   2.914345     0.3301   2.915187    5.81315    -0.1072    13.8155 5.8444e+01  -60.61667  -54.72050 1153497450 202.664957    34.5347      18895         11  0.000e+00
    396.143     0.3244   2.914355     0.3296   2.915122    5.81312    -0.1072    13.8155 5.8444e+01  -60.61667  -54.72050 1153497450 202.664957    34.5346      18896         11  0.000e+00
    396.143     0.3253   2.914432     0.3282   2.914986    5.81298    -0.0749    13.8155 5.8444e+01  -60.61667  -54.72050 1153497450 202.664958    34.5346      18897         11  0.000e+00
    396.047     0.3254   2.914476     0.3281   2.914951    5.81286    -0.0749    13.8155 5.8444e+01  -60.61667  -54.72050 1153497450 202.664958    34.5351      18898         11  0.000e+00
    396.010     0.3228   2.914334     0.3273   2.914933    5.82275    -0.0749    13.8155 6.0393e+01  -60.61667  -54.72050 1153497457 202.665031    34.5362      19049         12  0.000e+00
    396.010     0.3237   2.914415     0.3277   2.914927    5.82260    -0.1287    13.8155 6.0393e+01  -60.61667  -54.72050 1153497457 202.665031    34.5362      19050         12  0.000e+00
    396.010     0.3250   2.914469     0.3274   2.914945    5.82243    -0.1072    13.8155 6.2341e+01  -60.61667  -54.72050 1153497457 202.665032    34.5355      19051         12  0.000e+00
    396.010     0.3255   2.914483     0.3274   2.914951    5.82236    -0.0534    13.8155 6.2341e+01  -60.61667  -54.72050 1153497457 202.665032    34.5351      19052         12  0.000e+00
    395.933     0.3260   2.914446     0.3276   2.914951    5.82225    -0.0749    13.8155 6.2341e+01  -60.61667  -54.72050 1153497457 202.665033    34.5341      19053         12  0.000e+00
    396.010     0.3259   2.914469     0.3281   2.914974    5.81754    -0.0749    13.8155 6.2341e+01  -60.61667  -54.72050 1153497457 202.665033    34.5344      19054         12  0.000e+00
    395.972     0.3262   2.914442     0.3271   2.914939    5.81749    -0.0857    13.8155 6.2341e+01  -60.61667  -54.72050 1153497457 202.665034    34.5338      19055         12  0.000e+00
    396.010     0.3262   2.914486     0.3268   2.914904    5.82227    -0.1395    13.8155 6.2341e+01  -60.61667  -54.72050 1153497457 202.665034    34.5344      19056         12  0.000e+00
    396.010     0.3266   2.914486     0.3268   2.914915    5.82223    -0.1180    13.8155 6.2341e+01  -60.61667  -54.72050 1153497457 202.665035    34.5339      19057         12  0.000e+00
    395.933     0.3268   2.914483     0.3270   2.914927    5.82214    -0.1072    13.8155 6.2341e+01  -60.61667  -54.72050 1153497457 202.665035    34.5337      19058         12  0.000e+00
    396.077     0.3267   2.914533     0.3271   2.914904    5.81748    -0.1072    13.8155 6.0393e+01  -60.61667  -54.72050 1153497457 202.665036    34.5344      19059         12  0.000e+00
    396.010     0.3264   2.914533     0.3271   2.914915    5.81745    -0.0964    13.8155 6.2341e+01  -60.61667  -54.72050 1153497457 202.665036    34.5347      19060         12  0.000e+00
    396.010     0.3265   2.914493     0.3265   2.914909    5.81746    -0.1072    13.8155 6.0393e+01  -60.61667  -54.72050 1153497457 202.665037    34.5341      19061         12  0.000e+00
    396.010     0.3263   2.914513     0.3265   2.914874    5.81748    -0.0749    13.8155 6.0393e+01  -60.61667  -54.72050 1153497457 202.665037    34.5346      19062         12  0.000e+00
    396.010     0.3263   2.914543     0.3270   2.914868    5.82223    -0.0426    13.8155 6.0393e+01  -60.61667  -54.72050 1153497457 202.665038    34.5349      19063         12  0.000e+00
    396.010     0.3262   2.914570     0.3279   2.914886    5.82223    -0.0642    13.8155 6.0393e+01  -60.61667  -54.72050 1153497457 202.665038    34.5355      19064         12  0.000e+00
    396.010     0.3270   2.914644     0.3267   2.914880    5.82209    -0.1610    13.8155 6.2341e+01  -60.61667  -54.72050 1153497457 202.665039    34.5355      19065         12  0.000e+00
    396.048     0.3274   2.914718     0.3262   2.914850    5.82204    -0.1610    13.8155 6.0393e+01  -60.61667  -54.72050 1153497457 202.665039    34.5360      19066         12  0.000e+00
    396.010     0.3281   2.914738     0.3254   2.914797    5.82192    -0.1180    13.8155 6.0393e+01  -60.61667  -54.72050 1153497457 202.665040    34.5356      19067         12  0.000e+00
    396.010     0.3286   2.914823     0.3260   2.914785    5.82182    -0.0319    13.8155 6.0393e+01  -60.61667  -54.72050 1153497458 202.665040    34.5361      19068         12  0.000e+00
    396.010     0.3293   2.914853     0.3265   2.914856    5.82172    -0.0426    13.8155 6.0393e+01  -60.61667  -54.72050 1153497458 202.665041    34.5357      19069         12  0.000e+00
    396.077     0.3297   2.914883     0.3265   2.914868    5.82171    -0.1072    13.8155 6.2341e+01  -60.61667  -54.72050 1153497458 202.665041    34.5356      19070         12  0.000e+00
    396.010     0.3299   2.914917     0.3262   2.914850    5.82161    -0.0857    13.8155 6.0393e+01  -60.61667  -54.72050 1153497458 202.665041    34.5358      19071         12  0.000e+00
    396.077     0.3298   2.914887     0.3257   2.914809    5.82170    -0.0749    13.8155 6.0393e+01  -60.61667  -54.72050 1153497458 202.665042    34.5356      19072         12  0.000e+00
    396.010     0.3302   2.914910     0.3259   2.914785    5.82159    -0.1072    13.8155 6.0393e+01  -60.61667  -54.72050 1153497458 202.665042    34.5355      19073         12  0.000e+00
    396.077     0.3301   2.914887     0.3263   2.914827    5.82166    -0.0964    13.8155 6.0393e+01  -60.61667  -54.72050 1153497458 202.665043    34.5352      19074         12  0.000e+00
    396.077     0.3299   2.914877     0.3274   2.914880    5.81691    -0.1180    13.8155 6.2341e+01  -60.61667  -54.72050 1153497458 202.665043    34.5353      19075         12  0.000e+00
    396.077     0.3298   2.914877     0.3282   2.914945    5.82169    -0.1072    13.8155 6.0393e+01  -60.61667  -54.72050 1153497458 202.665044    34.5354      19076         12  0.000e+00
    396.077     0.3296   2.914843     0.3287   2.915016    5.82174    -0.1072    13.8155 6.0393e+01  -60.61667  -54.72050 1153497458 202.665044    34.5352      19077         12  0.000e+00
    396.048     0.3293   2.914863     0.3293   2.915075    5.82174    -0.1072    13.8155 6.2341e+01  -60.61667  -54.72050 1153497458 202.665045    34.5358      19078         12  0.000e+00
    396.077     0.3300   2.914823     0.3297   2.915128    5.82170    -0.0964    13.8155 6.2341e+01  -60.61667  -54.72050 1153497458 202.665045    34.5345      19079         12  0.000e+00
    396.077     0.3301   2.914772     0.3302   2.915187    5.81695    -0.0749    13.8155 6.0393e+01  -60.61667  -54.72050 1153497458 202.665046    34.5337      19080         12  0.000e+00
    396.077     0.3291   2.914762     0.3308   2.915258    5.81707    -0.0642    13.8155 6.0393e+01  -60.61667  -54.72050 1153497458 202.665046    34.5346      19081         12  0.000e+00
    396.144     0.3292   2.914742     0.3308   2.915281    5.81712    -0.0857    13.8155 6.0393e+01  -60.61667  -54.72050 1153497458 202.665047    34.5342      19082         12  0.000e+00
    396.077     0.3291   2.914738     0.3310   2.915281    5.82185    -0.0749    13.8155 6.0393e+01  -60.61667  -54.72050 1153497458 202.665047    34.5343      19083         12  0.000e+00
    396.144     0.3284   2.914738     0.3308   2.915258    5.82199    -0.0642    13.8155 6.0393e+01  -60.61667  -54.72050 1153497458 202.665048    34.5351      19084         12  0.000e+00
    396.077     0.3287   2.914738     0.3311   2.915293    5.82190    -0.0964    13.8155 6.0393e+01  -60.61667  -54.72050 1153497458 202.665048    34.5348      19085         12  0.000e+00
    396.144     0.3284   2.914715     0.3299   2.915287    5.82201    -0.0964    13.8155 6.0393e+01  -60.61667  -54.72050 1153497458 202.665049    34.5348      19086         12  0.000e+00
    396.077     0.3286   2.914728     0.3302   2.915222    5.82192    -0.1287    13.8155 6.0393e+01  -60.61667  -54.72050 1153497458 202.665049    34.5348      19087         12  0.000e+00
    396.144     0.3287   2.914772     0.3308   2.915258    5.82194    -0.1180    13.8155 6.0393e+01  -60.61667  -54.72050 1153497458 202.665050    34.5352      19088         12  0.000e+00
    396.144     0.3288   2.914749     0.3313   2.915281    5.82194    -0.0749    13.8155 6.0393e+01  -60.61667  -54.72050 1153497458 202.665050    34.5348      19089         12  0.000e+00
    396.192     0.3281   2.914738     0.3316   2.915317    5.82206    -0.0749    13.8155 6.2341e+01  -60.61667  -54.72050 1153497458 202.665051    34.5354      19090         12  0.000e+00
    396.144     0.3288   2.914701     0.3324   2.915382    5.82196    -0.0642    13.8155 6.2341e+01  -60.61667  -54.72050 1153497459 202.665051    34.5342      19091         12  0.000e+00
    396.144     0.3282   2.914779     0.3325   2.915453    5.82199    -0.0749    13.8155 6.2341e+01  -60.61667  -54.72050 1153497459 202.665052    34.5359      19092         12  0.000e+00
    396.144     0.3286   2.914772     0.3333   2.915453    5.81718    -0.0642    13.8155 6.2341e+01  -60.61667  -54.72050 1153497459 202.665052    34.5353      19093         12  0.000e+00
    396.221     0.3294   2.914772     0.3324   2.915447    5.82191    -0.0857    13.8155 6.2341e+01  -60.61667  -54.72050 1153497459 202.665053    34.5343      19094         12  0.000e+00
    396.145     0.3291   2.914819     0.3313   2.915346    5.82187    -0.0642    13.8155 6.2341e+01  -60.61667  -54.72050 1153497459 202.665053    34.5354      19095         12  0.000e+00
    396.221     0.3294   2.914833     0.3305   2.915287    5.81711    -0.0642    13.8155 6.0393e+01  -60.61667  -54.72050 1153497459 202.665054    34.5351      19096         12  0.000e+00
    396.145     0.3294   2.914779     0.3319   2.915340    5.82185    -0.0534    13.8155 6.0393e+01  -60.61667  -54.72050 1153497459 202.665054    34.5345      19097         12  0.000e+00
    396.222     0.3270   2.914600     0.3257   2.914868    5.81752    -0.1502    13.8155 6.2341e+01  -60.61667  -54.72050 1153497464 202.665116    34.5349      19226         13  0.000e+00
    396.146     0.3274   2.914597     0.3251   2.914850    5.81741    -0.1502    13.8155 6.2341e+01  -60.61667  -54.72050 1153497464 202.665117    34.5343      19227         13  0.000e+00
    396.222     0.3267   2.914547     0.3260   2.914868    5.81758    -0.1610    13.8155 6.2341e+01  -60.61667  -54.72050 1153497464 202.665117    34.5344      19228         13  0.000e+00
    396.193     0.3265   2.914530     0.3256   2.914868    5.81759    -0.0964    13.8155 6.2341e+01  -60.61667  -54.72050 1153497464 202.665118    34.5345      19229         13  0.000e+00
    396.146     0.3263   2.914506     0.3265   2.914868    5.81758    -0.0857    13.8155 6.2341e+01  -60.61667  -54.72050 1153497464 202.665118    34.5344      19230         13  0.000e+00
    396.222     0.3263   2.914557     0.3279   2.914850    5.81286    -0.0749    13.8155 6.2341e+01  -60.61667  -54.72050 1153497464 202.665119    34.5351      19231         13  0.000e+00
    396.078     0.3270   2.914557     0.3279   2.914904    5.81743    -0.1180    13.8155 6.2341e+01  -60.61667  -54.72050 1153497464 202.665119    34.5344      19232         13  0.000e+00
