product_data/regression_test/downloaded_data/MDGS/320620060703/ctd/p6615901.ros
* Sea-Bird SBE 9 Data File:
* FileName = D:\Data\Raw\p6615901.dat
* Software Version Seasave Win32 V 5.32
* Temperature SN = 1649
* Conductivity SN = 1431
* Number of Bytes Per Scan = 37
* Number of Voltage Words = 5
* Number of Scans Averaged by the Deck Unit = 1
* NMEA Latitude = 60 53.99 S
* NMEA Longitude = 055 57.20 W
* NMEA UTC (Time) = 05:26:27
** Ship:   Nathaniel B. Palmer 
** Cruise:    NBP0606 
# nquan = 17
# nvalues = 1176                    
# units = specified
# name 0 = prDM: Pressure, Digiquartz [db]
# name 1 = t090C: Temperature [ITS-90, deg C]
# name 2 = c0S/m: Conductivity [S/m]
# name 3 = t190C: Temperature, 2 [ITS-90, deg C]
# name 4 = c1S/m: Conductivity, 2 [S/m]
# name 5 = sbeox0ML/L: Oxygen, SBE 43 [ml/l]
# name 6 = flECO-AFL: Fluorescence, Wetlab ECO-AFL/FL [mg/m^3]
# name 7 = bat: Beam Attenuation, Chelsea/Seatech/Wetlab CStar [1/m]
# name 8 = spar: SPAR/Surface Irradiance
# name 9 = latitude: Latitude [deg]
# name 10 = longitude: Longitude [deg]
# name 11 = timeY: Time, System [seconds]
# name 12 = timeJ: Julian Days
# name 13 = sal00: Salinity [PSU]
# name 14 = scan: scan number
# name 15 = nbf: number of bottles fired
# name 16 = flag:  0.000e+00
# interval = seconds: 0.0416667                   
# start_time = Jul 19 2006 05:26:34
*END*
[from data line 596]
    150.535    -0.6192   2.807155    -0.6180   2.807547    7.13258    -0.1072    13.8155 0.0000e+00  -60.89983  -55.95333 1153288581 200.247486    34.3201      42931         13  0.000e+00
    150.535    -0.6184   2.807161    -0.6184   2.807559    7.13247    -0.0964    13.8155 0.0000e+00  -60.89983  -55.95333 1153288581 200.247486    34.3193      42932         13  0.000e+00
    150.459    -0.6190   2.807095    -0.6183   2.807530    7.13253    -0.0211    13.8155 0.0000e+00  -60.89983  -55.95333 1153288582 200.247486    34.3192      42933         13  0.000e+00
    150.602    -0.6196   2.807055    -0.6184   2.807513    7.13277     0.0219    13.8155 0.0000e+00  -60.89983  -55.95333 1153288582 200.247487    34.3192      42934         13  0.000e+00
    150.535    -0.6195   2.807098    -0.6185   2.807553    7.13266    -0.0426    13.8155 0.0000e+00  -60.89983  -55.95333 1153288582 200.247487    34.3197      42935         13  0.000e+00
    150.602    -0.6193   2.807082    -0.6184   2.807588    7.13272    -0.0964    13.8155 0.0000e+00  -60.89983  -55.95333 1153288582 200.247488    34.3192      42936         13  0.000e+00
    150.669    -0.6193   2.807122    -0.6177   2.807577    7.13276    -0.0426    13.8155 0.0000e+00  -60.89983  -55.95333 1153288582 200.247488    34.3197      42937         13  0.000e+00
    150.602    -0.6193   2.807138    -0.6177   2.807588    7.13267    -0.0426    13.8155 0.0000e+00  -60.89983  -55.95333 1153288582 200.247489    34.3199      42938         13  0.000e+00
    150.678    -0.6190   2.807155    -0.6183   2.807594    7.13270    -0.0749    13.8155 0.0000e+00  -60.89983  -55.95333 1153288582 200.247489    34.3199      42939         13  0.000e+00
    150.669    -0.6185   2.807194    -0.6184   2.807577    7.13260    -0.0964    13.8155 0.0000e+00  -60.89983  -55.95333 1153288582 200.247490    34.3198      42940         13  0.000e+00
    150.745    -0.6187   2.807191    -0.6180   2.807588    7.13270    -0.0857    13.8155 0.0000e+00  -60.89983  -55.95333 1153288582 200.247490    34.3199      42941         13  0.000e+00
    150.745    -0.6184   2.807201    -0.6181   2.807594    7.13265    -0.0857    13.8155 0.0000e+00  -60.89983  -55.95333 1153288582 200.247491    34.3197      42942         13  0.000e+00
    150.745    -0.6188   2.807237    -0.6183   2.807553    7.13268    -0.0534    13.8155 0.0000e+00  -60.89983  -55.95333 1153288582 200.247491    34.3207      42943         13  0.000e+00
    150.812    -0.6189   2.807221    -0.6183   2.807542    7.13277    -0.0426    13.8155 0.0000e+00  -60.89983  -55.95333 1153288582 200.247492    34.3205      42944         13  0.000e+00
    150.812    -0.6189   2.807155    -0.6191   2.807524    7.13281    -0.0749    13.8155 0.0000e+00  -60.89983  -55.95333 1153288582 200.247492    34.3196      42945         13  0.000e+00
    150.812    -0.6190   2.807158    -0.6191   2.807495    7.13283    -0.0534    13.8155 0.0000e+00  -60.89983  -55.95333 1153288582 200.247493    34.3198      42946         13  0.000e+00
    150.889    -0.6189   2.807145    -0.6186   2.807507    7.13289    -0.0319    13.8155 0.0000e+00  -60.89983  -55.95333 1153288582 200.247493    34.3194      42947         13  0.000e+00
    150.812    -0.6191   2.807171    -0.6186   2.807495    7.13284    -0.0104    13.8155 0.0000e+00  -60.89983  -55.95333 1153288582 200.247494    34.3201      42948         13  0.000e+00
    150.956    -0.6183   2.807151    -0.6181   2.807548    7.13287    -0.0426    13.8155 0.0000e+00  -60.89983  -55.95333 1153288582 200.247494    34.3188      42949         13  0.000e+00
    150.889    -0.6184   2.807155    -0.6180   2.807606    7.13282    -0.0857    13.8155 0.0000e+00  -60.89983  -55.95333 1153288582 200.247495    34.3190      42950         13  0.000e+00
    150.956    -0.6189   2.807161    -0.6186   2.807582    7.13295    -0.0857    13.8155 0.0000e+00  -60.89983  -55.95333 1153288582 200.247495    34.3196      42951         13  0.000e+00
    150.956    -0.6180   2.807181    -0.6194   2.807489    7.13282    -0.0857    13.8155 0.0000e+00  -60.89983  -55.95333 1153288582 200.247496    34.3189      42952         13  0.000e+00
    150.956    -0.6181   2.807251    -0.6197   2.807443    7.13278    -0.0426    13.8155 0.0000e+00  -60.89983  -55.95333 1153288582 200.247496    34.3199      42953         13  0.000e+00
    151.022    -0.6183   2.807241    -0.6200   2.807414    7.13288    -0.0534    13.8155 0.0000e+00  -60.89983  -55.95333 1153288582 200.247497    34.3199      42954         13  0.000e+00
    151.032    -0.6181   2.807228    -0.6195   2.807425    7.13287    -0.0857    13.8155 0.0000e+00  -60.89983  -55.95333 1153288582 200.247497    34.3195      42955         13  0.000e+00
    151.023    -0.6183   2.807244    -0.6192   2.807495    7.13288    -0.1072    13.8155 0.0000e+00  -60.89983  -55.95333 1153288582 200.247498    34.3200      42956         13  0.000e+00
    151.023    -0.6183   2.807234    -0.6186   2.807553    7.13289    -0.1502    13.8155 0.0000e+00  -60.89983  -55.95333 1153288582 200.247498    34.3199      42957         13  0.000e+00
    151.099    -0.6181   2.807261    -0.6179   2.807623    7.13292    -0.0964    13.8155 0.0000e+00  -60.89983  -55.95333 1153288583 200.247499    34.3200      42958         13  0.000e+00
    151.099    -0.6181   2.807254    -0.6172   2.807647    7.13292    -0.0749    13.8155 0.0000e+00  -60.89983  -55.95333 1153288583 200.247499    34.3199      42959         13  0.000e+00
    151.099    -0.6178   2.807271    -0.6171   2.807670    7.13760    -0.0211    13.8155 0.0000e+00  -60.89983  -55.95333 1153288583 200.247500    34.3197      42960         13  0.000e+00
    151.099    -0.6179   2.807274    -0.6172   2.807693    7.13288    -0.0749    13.8155 0.0000e+00  -60.89983  -55.95333 1153288583 200.247500    34.3199      42961         13  0.000e+00
    151.166    -0.6178   2.807254    -0.6166   2.807722    7.13767    -0.0749    13.8155 0.0000e+00  -60.89983  -55.95333 1153288583 200.247500    34.3195      42962         13  0.000e+00
    151.166    -0.6179   2.807271    -0.6167   2.807728    7.13769    -0.0534    13.8155 0.0000e+00  -60.89983  -55.95333 1153288583 200.247501    34.3199      42963         13  0.000e+00
    151.175    -0.6178   2.807324    -0.6166   2.807728    7.13764    -0.0211    13.8155 0.0000e+00  -60.89983  -55.95333 1153288583 200.247501    34.3204      42964         13  0.000e+00
    151.166    -0.6173   2.807327    -0.6175   2.807670    7.13756    -0.0426    13.8155 0.0000e+00  -60.89983  -55.95333 1153288583 200.247502    34.3199      42965         13  0.000e+00
    151.166    -0.6173   2.807320    -0.6180   2.807582    7.13282    -0.0426    13.8155 0.0000e+00  -60.89983  -55.95333 1153288583 200.247502    34.3198      42966         13  0.000e+00
    151.166    -0.6175   2.807320    -0.6184   2.807548    7.13759    -0.0534    13.8155 0.0000e+00  -60.89983  -55.95333 1153288583 200.247503    34.3200      42967         13  0.000e+00
    151.176    -0.6172   2.807304    -0.6184   2.807542    7.13756    -0.0534    13.8155 0.0000e+00  -60.89983  -55.95333 1153288583 200.247503    34.3194      42968         13  0.000e+00
    151.233    -0.6172   2.807261    -0.6181   2.807542    7.13292    -0.0319    13.8155 0.0000e+00  -60.89983  -55.95333 1153288583 200.247504    34.3188      42969         13  0.000e+00
    151.166    -0.6170   2.807267    -0.6175   2.807577    7.13282    -0.0749    13.8155 0.0000e+00  -60.89983  -55.95333 1153288583 200.247504    34.3187      42970         13  0.000e+00
    151.233    -0.6176   2.807274    -0.6174   2.807612    7.13297    -0.0642    13.8155 0.0000e+00  -60.89983  -55.95333 1153288583 200.247505    34.3195      42971         13  0.000e+00
    100.413    -0.6982   2.797012    -0.6981   2.797430    7.32230    -0.0319    13.8155 0.0000e+00  -60.89983  -55.95333 1153288683 200.248661    34.3038      45369         14  0.000e+00
    100.270    -0.6985   2.797042    -0.6984   2.797412    7.32216    -0.0426    13.8155 0.0000e+00  -60.89983  -55.95333 1153288683 200.248662    34.3045      45370         14  0.000e+00
    100.375    -0.6985   2.797012    -0.6982   2.797424    7.32229    -0.0211    13.8155 0.0000e+00  -60.89983  -55.95333 1153288683 200.248662    34.3041      45371         14  0.000e+00
    100.337    -0.6985   2.797002    -0.6987   2.797412    7.32226    -0.0211    13.8155 0.0000e+00  -60.89983  -55.95333 1153288683 200.248663    34.3040      45372         14  0.000e+00
    100.337    -0.6985   2.797039    -0.6984   2.797401    7.32224    -0.0319    13.8155 0.0000e+00  -60.89983  -55.95333 1153288683 200.248663    34.3045      45373         14  0.000e+00
    100.337    -0.6980   2.797012    -0.6981   2.797401    7.32218    -0.0749    13.8155 0.0000e+00  -60.89983  -55.95333 1153288683 200.248664    34.3036      45374         14  0.000e+00
    100.337    -0.6983   2.797002    -0.6981   2.797401    7.32224     0.0004    13.8155 0.0000e+00  -60.89983  -55.95333 1153288683 200.248664    34.3038      45375         14  0.000e+00
    100.270    -0.6983   2.797019    -0.6984   2.797401    7.31745    -0.0104    13.8155 0.0000e+00  -60.89983  -55.95333 1153288683 200.248665    34.3041      45376         14  0.000e+00
    100.337    -0.6985   2.797042    -0.6981   2.797383    7.32223    -0.0319    13.8155 0.0000e+00  -60.89983  -55.95333 1153288683 200.248665    34.3045      45377         14  0.000e+00
    100.337    -0.6985   2.796996    -0.6982   2.797395    7.32227    -0.0534    13.8155 0.0000e+00  -60.89983  -55.95333 1153288683 200.248666    34.3039      45378         14  0.000e+00
    100.337    -0.6988   2.796996    -0.6987   2.797424    7.32231    -0.0319    13.8155 0.0000e+00  -60.89983  -55.95333 1153288683 200.248666    34.3042      45379         14  0.000e+00
    100.337    -0.6985   2.797006    -0.6978   2.797412    7.32226    -0.0104    13.8155 0.0000e+00  -60.89983  -55.95333 1153288683 200.248667    34.3040      45380         14  0.000e+00
    100.308    -0.6986   2.797002    -0.6981   2.797401    7.32225     0.0112    13.8155 0.0000e+00  -60.89983  -55.95333 1153288683 200.248667    34.3042      45381         14  0.000e+00
    100.270    -0.6984   2.797019    -0.6979   2.797418    7.32217     0.0004    13.8155 0.0000e+00  -60.89983  -55.95333 1153288684 200.248668    34.3041      45382         14  0.000e+00
    100.270    -0.6986   2.797006    -0.6981   2.797412    7.32221     0.0004    13.8155 0.0000e+00  -60.89983  -55.95333 1153288684 200.248668    34.3042      45383         14  0.000e+00
    100.337    -0.6989   2.797002    -0.6985   2.797424    7.32233    -0.0319    13.8155 0.0000e+00  -60.89983  -55.95333 1153288684 200.248668    34.3045      45384         14  0.000e+00
    100.270    -0.6980   2.797002    -0.6978   2.797412    7.32212    -0.0319    13.8155 0.0000e+00  -60.89983  -55.95333 1153288684 200.248669    34.3035      45385         14  0.000e+00
    100.270    -0.6984   2.797035    -0.6978   2.797424    7.31744    -0.0319    13.8155 0.0000e+00  -60.89983  -55.95333 1153288684 200.248669    34.3043      45386         14  0.000e+00
    100.270    -0.6986   2.797049    -0.6979   2.797447    7.32218     0.0112    13.8155 0.0000e+00  -60.89983  -55.95333 1153288684 200.248670    34.3048      45387         14  0.000e+00
    100.194    -0.6983   2.797019    -0.6979   2.797436    7.32208     0.0004    13.8155 0.0000e+00  -60.89983  -55.95333 1153288684 200.248670    34.3041      45388         14  0.000e+00
    100.270    -0.6983   2.797019    -0.6981   2.797412    7.32216    -0.0104    13.8155 0.0000e+00  -60.89983  -55.95333 1153288684 200.248671    34.3041      45389         14  0.000e+00
    100.241    -0.6987   2.797006    -0.6981   2.797401    7.32219     0.0004    13.8155 0.0000e+00  -60.89983  -55.95333 1153288684 200.248671    34.3043      45390         14  0.000e+00
    100.270    -0.6986   2.797002    -0.6981   2.797418    7.32222    -0.0211    13.8155 0.0000e+00  -60.89983  -55.95333 1153288684 200.248672    34.3042      45391         14  0.000e+00
    100.194    -0.6983   2.797035    -0.6981   2.797406    7.32207    -0.0319    13.8155 0.0000e+00  -60.89983  -55.95333 1153288684 200.248672    34.3043      45392         14  0.000e+00
    100.194    -0.6983   2.797012    -0.6976   2.797383    7.32208    -0.0211    13.8155 0.0000e+00  -60.89983  -55.95333 1153288684 200.248673    34.3040      45393         14  0.000e+00
    100.194    -0.6985   2.797002    -0.6981   2.797412    7.32211    -0.0319    13.8155 0.0000e+00  -60.89983  -55.95333 1153288684 200.248673    34.3040      45394         14  0.000e+00
    100.194    -0.6984   2.796989    -0.6979   2.797430    7.31740    -0.0426    13.8155 0.0000e+00  -60.89983  -55.95333 1153288684 200.248674    34.3038      45395         14  0.000e+00
    100.194    -0.6986   2.797016    -0.6976   2.797430    7.31742    -0.0104    13.8155 0.0000e+00  -60.89983  -55.95333 1153288684 200.248674    34.3044      45396         14  0.000e+00
    100.127    -0.6991   2.797006    -0.6979   2.797430    7.31742    -0.0426    13.8155 0.0000e+00  -60.89983  -55.95333 1153288684 200.248675    34.3048      45397         14  0.000e+00
    100.194    -0.6991   2.796982    -0.6979   2.797430    7.31751    -0.0642    13.8155 0.0000e+00  -60.89983  -55.95333 1153288684 200.248675    34.3045      45398         14  0.000e+00
    100.127    -0.6988   2.796979    -0.6981   2.797430    7.32211    -0.0319    13.8155 0.0000e+00  -60.89983  -55.95333 1153288684 200.248676    34.3042      45399         14  0.000e+00
    100.165    -0.6983   2.797045    -0.6979   2.797412    7.32203    -0.0319    13.8155 0.0000e+00  -60.89983  -55.95333 1153288684 200.248676    34.3045      45400         14  0.000e+00
    100.127    -0.6985   2.797019    -0.6979   2.797424    7.31732    -0.0319    13.8155 0.0000e+00  -60.89983  -55.95333 1153288684 200.248677    34.3043      45401         14  0.000e+00
    100.127    -0.6986   2.797019    -0.6978   2.797412    7.31735    -0.0319    13.8155 0.0000e+00  -60.89983  -55.95333 1153288684 200.248677    34.3045      45402         14  0.000e+00
    100.127    -0.6979   2.797029    -0.6978   2.797424    7.31724    -0.0104    13.8155 0.0000e+00  -60.89983  -55.95333 1153288684 200.248678    34.3038      45403         14  0.000e+00
    100.060    -0.6979   2.797042    -0.6979   2.797412    7.32186    -0.0104    13.8155 0.0000e+00  -60.89983  -55.95333 1153288684 200.248678    34.3040      45404         14  0.000e+00
    100.127    -0.6980   2.797029    -0.6979   2.797424    7.31725    -0.0319    13.8155 0.0000e+00  -60.89983  -55.95333 1153288684 200.248679    34.3039      45405         14  0.000e+00
    100.060    -0.6980   2.797025    -0.6982   2.797412    7.31718    -0.0642    13.8155 0.0000e+00  -60.89983  -55.95333 1153288685 200.248679    34.3039      45406         14  0.000e+00
    100.060    -0.6981   2.797006    -0.6973   2.797401    7.31722    -0.0319    13.8155 0.0000e+00  -60.89983  -55.95333 1153288685 200.248680    34.3038      45407         14  0.000e+00
    100.060    -0.6982   2.797019    -0.6976   2.797441    7.31722     0.0112    13.8155 0.0000e+00  -60.89983  -55.95333 1153288685 200.248680    34.3041      45408         14  0.000e+00
    100.098    -0.6980   2.797042    -0.6974   2.797412    7.31721    -0.0319    13.8155 0.0000e+00  -60.89983  -55.95333 1153288685 200.248681    34.3041      45409         14  0.000e+00
    100.060    -0.6980   2.797049    -0.6979   2.797418    7.32188    -0.0211    13.8155 0.0000e+00  -60.89983  -55.95333 1153288685 200.248681    34.3042      45410         14  0.000e+00
     99.984    -0.6975   2.797082    -0.6978   2.797447    7.32171    -0.0426    13.8155 0.0000e+00  -60.89983  -55.95333 1153288685 200.248682    34.3042      45411         14  0.000e+00
