product_data/regression_test/downloaded_data/MDGS/320620060703/ctd/p6612101.cnv
* Sea-Bird SBE 9 Data File:
* FileName = D:\Data\Raw\p6612101.dat
* Software Version Seasave Win32 V 5.32
* Temperature SN = 1649
* Conductivity SN = 1431
* Number of Bytes Per Scan = 37
* Number of Voltage Words = 5
* Number of Scans Averaged by the Deck Unit = 1
* NMEA Latitude = 61 11.19 S
* NMEA Longitude = 054 32.47 W
* NMEA UTC (Time) = 01:29:36
** Ship:   Nathaniel B. Palmer 
** Cruise:    NBP0606 
# nquan = 15
# nvalues = 599                         
# units = specified
# name 0 = prDM: Pressure, Digiquartz [db]
# name 1 = t090C: Temperature [ITS-90, deg C]
# name 2 = c0S/m: Conductivity [S/m]
# name 3 = t190C: Temperature, 2 [ITS-90, deg C]
# name 4 = c1S/m: Conductivity, 2 [S/m]
# name 5 = sbeox0ML/L: Oxygen, SBE 43 [ml/l]
# name 6 = flECO-AFL: Fluorescence, Wetlab ECO-AFL/FL [mg/m^3]
# name 7 = bat: Beam Attenuation, Chelsea/Seatech/Wetlab CStar [1/m]
# name 8 = spar: SPAR/Surface Irradiance
# name 9 = latitude: Latitude [deg]
# name 10 = longitude: Longitude [deg]
# name 11 = timeY: Time, System [seconds]
# name 12 = timeJ: Julian Days
# name 13 = sal00: Salinity [PSU]
# name 14 = flag: flag
# span 0 =      3.000,    601.000       
# span 1 =    -0.9350,    -0.0298       
# span 2 =   2.765272,   2.876498       
# span 3 =    -0.9352,    -0.0276       
# span 4 =   2.765998,   2.876901       
# span 5 =    6.25396,    7.68854       
# span 6 =    -0.0876,     0.2229       
# span 7 =    13.8155,    13.8155       
# span 8 = 0.0000e+00, 0.0000e+00       
# span 9 =  -61.18650,  -61.18650       
# span 10 =  -54.54117,  -54.54117      
# span 11 = 1152926985, 1152927969      
# span 12 = 196.062344, 196.073727      
# span 13 =    34.1993,    34.5183      
# span 14 = 0.0000e+00, 0.0000e+00      
# interval = decibars: 1                
# start_time = Jul 15 2006 01:29:44
# bad_flag = -9.990e-29
*END*
[from data line 482]
    485.000    -0.2526   2.866120    -0.2521   2.866543    6.28817    -0.0478    13.8155 0.0000e+00  -61.18650  -54.54117 1152927692 196.070529    34.4937 0.0000e+00
    486.000    -0.2528   2.866164    -0.2524   2.866600    6.28661    -0.0662    13.8155 0.0000e+00  -61.18650  -54.54117 1152927693 196.070544    34.4938 0.0000e+00
    487.000    -0.2539   2.866126    -0.2535   2.866551    6.28523    -0.0525    13.8155 0.0000e+00  -61.18650  -54.54117 1152927694 196.070556    34.4939 0.0000e+00
    488.000    -0.2539   2.866179    -0.2530   2.866640    6.28315    -0.0543    13.8155 0.0000e+00  -61.18650  -54.54117 1152927695 196.070568    34.4938 0.0000e+00
    489.000    -0.2542   2.866201    -0.2539   2.866628    6.28377    -0.0536    13.8155 0.0000e+00  -61.18650  -54.54117 1152927697 196.070583    34.4939 0.0000e+00
    490.000    -0.2542   2.866254    -0.2537   2.866686    6.28729    -0.0546    13.8155 0.0000e+00  -61.18650  -54.54117 1152927698 196.070599    34.4939 0.0000e+00
    491.000    -0.2542   2.866302    -0.2537   2.866725    6.28607    -0.0562    13.8155 0.0000e+00  -61.18650  -54.54117 1152927699 196.070611    34.4939 0.0000e+00
    492.000    -0.2541   2.866365    -0.2531   2.866825    6.28441    -0.0421    13.8155 0.0000e+00  -61.18650  -54.54117 1152927700 196.070622    34.4939 0.0000e+00
    493.000    -0.2538   2.866431    -0.2533   2.866858    6.28543    -0.0688    13.8155 0.0000e+00  -61.18650  -54.54117 1152927701 196.070634    34.4938 0.0000e+00
    494.000    -0.2536   2.866488    -0.2536   2.866875    6.29017    -0.0683    13.8155 0.0000e+00  -61.18650  -54.54117 1152927702 196.070648    34.4938 0.0000e+00
    495.000    -0.2551   2.866458    -0.2542   2.866894    6.29360    -0.0608    13.8155 0.0000e+00  -61.18650  -54.54117 1152927704 196.070666    34.4944 0.0000e+00
    496.000    -0.2553   2.866485    -0.2552   2.866888    6.29575    -0.0563    13.8155 0.0000e+00  -61.18650  -54.54117 1152927706 196.070684    34.4944 0.0000e+00
    497.000    -0.2579   2.866385    -0.2575   2.866796    6.29357    -0.0568    13.8155 0.0000e+00  -61.18650  -54.54117 1152927707 196.070698    34.4954 0.0000e+00
    498.000    -0.2619   2.866160    -0.2617   2.866566    6.29203    -0.0625    13.8155 0.0000e+00  -61.18650  -54.54117 1152927708 196.070712    34.4964 0.0000e+00
    499.000    -0.2765   2.865151    -0.2754   2.865643    6.28890    -0.0498    13.8155 0.0000e+00  -61.18650  -54.54117 1152927709 196.070727    34.4992 0.0000e+00
    500.000    -0.2894   2.864246    -0.2894   2.864669    6.28645    -0.0628    13.8155 0.0000e+00  -61.18650  -54.54117 1152927711 196.070743    34.5015 0.0000e+00
    501.000    -0.2960   2.863794    -0.2959   2.864227    6.28520    -0.0571    13.8155 0.0000e+00  -61.18650  -54.54117 1152927712 196.070756    34.5025 0.0000e+00
    502.000    -0.2999   2.863571    -0.2996   2.864006    6.28314    -0.0550    13.8155 0.0000e+00  -61.18650  -54.54117 1152927713 196.070767    34.5033 0.0000e+00
    503.000    -0.3022   2.863469    -0.3016   2.863910    6.28438    -0.0669    13.8155 0.0000e+00  -61.18650  -54.54117 1152927714 196.070781    34.5038 0.0000e+00
    504.000    -0.3024   2.863510    -0.3018   2.863937    6.28837    -0.0614    13.8155 0.0000e+00  -61.18650  -54.54117 1152927715 196.070799    34.5038 0.0000e+00
    505.000    -0.3032   2.863512    -0.3029   2.863926    6.29088    -0.0692    13.8155 0.0000e+00  -61.18650  -54.54117 1152927717 196.070813    34.5040 0.0000e+00
    506.000    -0.3038   2.863511    -0.3033   2.863951    6.29321    -0.0570    13.8155 0.0000e+00  -61.18650  -54.54117 1152927718 196.070825    34.5040 0.0000e+00
    507.000    -0.3048   2.863489    -0.3041   2.863935    6.29405    -0.0720    13.8155 0.0000e+00  -61.18650  -54.54117 1152927719 196.070835    34.5042 0.0000e+00
    508.000    -0.3050   2.863509    -0.3045   2.863945    6.29233    -0.0635    13.8155 0.0000e+00  -61.18650  -54.54117 1152927720 196.070847    34.5041 0.0000e+00
    509.000    -0.3027   2.863800    -0.3020   2.864237    6.29229    -0.0703    13.8155 0.0000e+00  -61.18650  -54.54117 1152927721 196.070866    34.5046 0.0000e+00
    510.000    -0.3023   2.863882    -0.3014   2.864350    6.29384    -0.0560    13.8155 0.0000e+00  -61.18650  -54.54117 1152927723 196.070886    34.5045 0.0000e+00
    511.000    -0.3017   2.863995    -0.3018   2.864368    6.29144    -0.0486    13.8155 0.0000e+00  -61.18650  -54.54117 1152927724 196.070902    34.5046 0.0000e+00
    512.000    -0.3158   2.862962    -0.3229   2.862913    6.29196    -0.0543    13.8155 0.0000e+00  -61.18650  -54.54117 1152927726 196.070916    34.5063 0.0000e+00
    513.000    -0.3424   2.861045    -0.3439   2.861391    6.29037    -0.0577    13.8155 0.0000e+00  -61.18650  -54.54117 1152927727 196.070929    34.5112 0.0000e+00
    514.000    -0.3445   2.860949    -0.3455   2.861294    6.29415    -0.0599    13.8155 0.0000e+00  -61.18650  -54.54117 1152927728 196.070944    34.5116 0.0000e+00
    515.000    -0.3460   2.860913    -0.3481   2.861160    6.29532    -0.0741    13.8155 0.0000e+00  -61.18650  -54.54117 1152927729 196.070960    34.5122 0.0000e+00
    516.000    -0.3446   2.861041    -0.3444   2.861458    6.29411    -0.0715    13.8155 0.0000e+00  -61.18650  -54.54117 1152927731 196.070973    34.5114 0.0000e+00
    517.000    -0.3456   2.861060    -0.3446   2.861521    6.29282    -0.0460    13.8155 0.0000e+00  -61.18650  -54.54117 1152927731 196.070985    34.5121 0.0000e+00
    518.000    -0.3442   2.861204    -0.3440   2.861630    6.29258    -0.0644    13.8155 0.0000e+00  -61.18650  -54.54117 1152927732 196.070997    34.5118 0.0000e+00
    519.000    -0.3452   2.861194    -0.3445   2.861637    6.29279    -0.0643    13.8155 0.0000e+00  -61.18650  -54.54117 1152927734 196.071010    34.5120 0.0000e+00
    520.000    -0.3454   2.861220    -0.3449   2.861649    6.29225    -0.0678    13.8155 0.0000e+00  -61.18650  -54.54117 1152927735 196.071023    34.5119 0.0000e+00
    521.000    -0.3450   2.861302    -0.3444   2.861732    6.29045    -0.0425    13.8155 0.0000e+00  -61.18650  -54.54117 1152927736 196.071035    34.5119 0.0000e+00
    522.000    -0.3442   2.861395    -0.3438   2.861810    6.29311    -0.0742    13.8155 0.0000e+00  -61.18650  -54.54117 1152927737 196.071050    34.5116 0.0000e+00
    523.000    -0.3438   2.861481    -0.3433   2.861903    6.29542    -0.0636    13.8155 0.0000e+00  -61.18650  -54.54117 1152927740 196.071081    34.5115 0.0000e+00
    524.000    -0.3433   2.861563    -0.3431   2.861967    6.29578    -0.0575    13.8155 0.0000e+00  -61.18650  -54.54117 1152927742 196.071102    34.5115 0.0000e+00
    525.000    -0.3433   2.861611    -0.3429   2.862021    6.29401    -0.0630    13.8155 0.0000e+00  -61.18650  -54.54117 1152927743 196.071113    34.5114 0.0000e+00
    526.000    -0.3437   2.861626    -0.3432   2.862059    6.28990    -0.0594    13.8155 0.0000e+00  -61.18650  -54.54117 1152927743 196.071122    34.5115 0.0000e+00
    527.000    -0.3437   2.861693    -0.3435   2.862125    6.28727    -0.0540    13.8155 0.0000e+00  -61.18650  -54.54117 1152927744 196.071130    34.5118 0.0000e+00
    528.000    -0.3335   2.862551    -0.3319   2.863061    6.28571    -0.0631    13.8155 0.0000e+00  -61.18650  -54.54117 1152927745 196.071139    34.5106 0.0000e+00
    529.000    -0.3341   2.862551    -0.3343   2.862916    6.28495    -0.0620    13.8155 0.0000e+00  -61.18650  -54.54117 1152927747 196.071166    34.5110 0.0000e+00
    530.000    -0.3346   2.862530    -0.3335   2.862994    6.27978    -0.0655    13.8155 0.0000e+00  -61.18650  -54.54117 1152927751 196.071214    34.5108 0.0000e+00
    531.000    -0.3337   2.862628    -0.3336   2.863014    6.27714    -0.0673    13.8155 0.0000e+00  -61.18650  -54.54117 1152927755 196.071253    34.5103 0.0000e+00
    532.000    -0.3321   2.862818    -0.3317   2.863225    6.27940    -0.0599    13.8155 0.0000e+00  -61.18650  -54.54117 1152927757 196.071281    34.5106 0.0000e+00
    533.000    -0.3301   2.863047    -0.3295   2.863472    6.28631    -0.0597    13.8155 0.0000e+00  -61.18650  -54.54117 1152927760 196.071310    34.5107 0.0000e+00
    534.000    -0.3320   2.862932    -0.3322   2.863301    6.28770    -0.0676    13.8155 0.0000e+00  -61.18650  -54.54117 1152927762 196.071337    34.5108 0.0000e+00
    535.000    -0.3343   2.862834    -0.3337   2.863247    6.28341    -0.0628    13.8155 0.0000e+00  -61.18650  -54.54117 1152927765 196.071378    34.5115 0.0000e+00
    536.000    -0.3317   2.863074    -0.3307   2.863526    6.28673    -0.0625    13.8155 0.0000e+00  -61.18650  -54.54117 1152927770 196.071429    34.5111 0.0000e+00
    537.000    -0.3278   2.863459    -0.3270   2.863889    6.28219    -0.0665    13.8155 0.0000e+00  -61.18650  -54.54117 1152927772 196.071448    34.5112 0.0000e+00
    538.000    -0.3270   2.863567    -0.3271   2.863927    6.27883    -0.0644    13.8155 0.0000e+00  -61.18650  -54.54117 1152927774 196.071475    34.5111 0.0000e+00
    539.000    -0.3260   2.863687    -0.3240   2.864211    6.27606    -0.0604    13.8155 0.0000e+00  -61.18650  -54.54117 1152927777 196.071515    34.5110 0.0000e+00
    540.000    -0.3089   2.865160    -0.3104   2.865362    6.27548    -0.0633    13.8155 0.0000e+00  -61.18650  -54.54117 1152927780 196.071542    34.5102 0.0000e+00
    541.000    -0.3244   2.863841    -0.3216   2.864480    6.28343    -0.0577    13.8155 0.0000e+00  -61.18650  -54.54117 1152927785 196.071605    34.5103 0.0000e+00
    542.000    -0.3336   2.863097    -0.3334   2.863516    6.28949    -0.0642    13.8155 0.0000e+00  -61.18650  -54.54117 1152927787 196.071622    34.5103 0.0000e+00
    543.000    -0.3347   2.863069    -0.3338   2.863533    6.29037    -0.0614    13.8155 0.0000e+00  -61.18650  -54.54117 1152927789 196.071653    34.5107 0.0000e+00
    544.000    -0.3344   2.863154    -0.3338   2.863562    6.28839    -0.0768    13.8155 0.0000e+00  -61.18650  -54.54117 1152927792 196.071684    34.5108 0.0000e+00
    545.000    -0.3367   2.863024    -0.3362   2.863442    6.28626    -0.0687    13.8155 0.0000e+00  -61.18650  -54.54117 1152927795 196.071720    34.5110 0.0000e+00
    546.000    -0.3473   2.862376    -0.3467   2.862799    6.28361    -0.0736    13.8155 0.0000e+00  -61.18650  -54.54117 1152927800 196.071776    34.5139 0.0000e+00
    547.000    -0.3511   2.862149    -0.3504   2.862594    6.28435    -0.0725    13.8155 0.0000e+00  -61.18650  -54.54117 1152927802 196.071805    34.5146 0.0000e+00
    548.000    -0.3532   2.862038    -0.3537   2.862390    6.28734    -0.0608    13.8155 0.0000e+00  -61.18650  -54.54117 1152927804 196.071820    34.5149 0.0000e+00
    549.000    -0.3528   2.862110    -0.3529   2.862477    6.28653    -0.0632    13.8155 0.0000e+00  -61.18650  -54.54117 1152927806 196.071846    34.5147 0.0000e+00
    550.000    -0.3544   2.862030    -0.3539   2.862462    6.28195    -0.0648    13.8155 0.0000e+00  -61.18650  -54.54117 1152927813 196.071930    34.5148 0.0000e+00
    551.000    -0.3588   2.861717    -0.3585   2.862141    6.28324    -0.0789    13.8155 0.0000e+00  -61.18650  -54.54117 1152927815 196.071945    34.5149 0.0000e+00
    552.000    -0.3624   2.861483    -0.3618   2.861919    6.28321    -0.0736    13.8155 0.0000e+00  -61.18650  -54.54117 1152927816 196.071962    34.5155 0.0000e+00
    553.000    -0.3633   2.861451    -0.3631   2.861853    6.28276    -0.0764    13.8155 0.0000e+00  -61.18650  -54.54117 1152927817 196.071980    34.5154 0.0000e+00
    554.000    -0.3653   2.861334    -0.3648   2.861761    6.28346    -0.0671    13.8155 0.0000e+00  -61.18650  -54.54117 1152927823 196.072044    34.5154 0.0000e+00
    555.000    -0.3677   2.861182    -0.3675   2.861583    6.28240    -0.0707    13.8155 0.0000e+00  -61.18650  -54.54117 1152927826 196.072082    34.5155 0.0000e+00
    556.000    -0.3702   2.861028    -0.3699   2.861440    6.28326    -0.0753    13.8155 0.0000e+00  -61.18650  -54.54117 1152927829 196.072116    34.5157 0.0000e+00
    557.000    -0.3716   2.860977    -0.3707   2.861424    6.28579    -0.0764    13.8155 0.0000e+00  -61.18650  -54.54117 1152927831 196.072132    34.5160 0.0000e+00
    558.000    -0.3725   2.860949    -0.3721   2.861353    6.28348    -0.0711    13.8155 0.0000e+00  -61.18650  -54.54117 1152927835 196.072179    34.5160 0.0000e+00
    559.000    -0.3764   2.860682    -0.3766   2.861058    6.28298    -0.0656    13.8155 0.0000e+00  -61.18650  -54.54117 1152927837 196.072211    34.5163 0.0000e+00
    560.000    -0.3778   2.860627    -0.3775   2.861029    6.28162    -0.0774    13.8155 0.0000e+00  -61.18650  -54.54117 1152927839 196.072228    34.5165 0.0000e+00
    561.000    -0.3795   2.860537    -0.3791   2.860970    6.28884    -0.0562    13.8155 0.0000e+00  -61.18650  -54.54117 1152927845 196.072296    34.5167 0.0000e+00
    562.000    -0.3823   2.860366    -0.3829   2.860725    6.28730    -0.0684    13.8155 0.0000e+00  -61.18650  -54.54117 1152927846 196.072314    34.5169 0.0000e+00
    563.000    -0.3844   2.860249    -0.3844   2.860632    6.28596    -0.0715    13.8155 0.0000e+00  -61.18650  -54.54117 1152927848 196.072333    34.5172 0.0000e+00
    564.000    -0.3850   2.860247    -0.3849   2.860636    6.28665    -0.0749    13.8155 0.0000e+00  -61.18650  -54.54117 1152927852 196.072377    34.5172 0.0000e+00
    565.000    -0.3858   2.860227    -0.3857   2.860617    6.28861    -0.0648    13.8155 0.0000e+00  -61.18650  -54.54117 1152927856 196.072425    34.5172 0.0000e+00
    566.000    -0.3882   2.860080    -0.3881   2.860479    6.28596    -0.0724    13.8155 0.0000e+00  -61.18650  -54.54117 1152927859 196.072460    34.5174 0.0000e+00
    567.000    -0.3884   2.860113    -0.3877   2.860551    6.28483    -0.0647    13.8155 0.0000e+00  -61.18650  -54.54117 1152927860 196.072476    34.5174 0.0000e+00
    568.000    -0.3889   2.860118    -0.3887   2.860519    6.28467    -0.0617    13.8155 0.0000e+00  -61.18650  -54.54117 1152927863 196.072509    34.5174 0.0000e+00
    569.000    -0.3928   2.859851    -0.3932   2.860222    6.28506    -0.0624    13.8155 0.0000e+00  -61.18650  -54.54117 1152927867 196.072558    34.5177 0.0000e+00
    570.000    -0.3971   2.859549    -0.3968   2.859962    6.28518    -0.0794    13.8155 0.0000e+00  -61.18650  -54.54117 1152927869 196.072579    34.5181 0.0000e+00
    571.000    -0.3975   2.859569    -0.3973   2.859964    6.28541    -0.0720    13.8155 0.0000e+00  -61.18650  -54.54117 1152927874 196.072633    34.5181 0.0000e+00
    572.000    -0.3980   2.859575    -0.3975   2.859992    6.28609    -0.0749    13.8155 0.0000e+00  -61.18650  -54.54117 1152927876 196.072657    34.5181 0.0000e+00
    573.000    -0.3979   2.859628    -0.3975   2.860036    6.28701    -0.0636    13.8155 0.0000e+00  -61.18650  -54.54117 1152927879 196.072691    34.5180 0.0000e+00
    574.000    -0.3980   2.859663    -0.3977   2.860066    6.28850    -0.0726    13.8155 0.0000e+00  -61.18650  -54.54117 1152927882 196.072724    34.5180 0.0000e+00
    575.000    -0.3986   2.859656    -0.3982   2.860065    6.29195    -0.0722    13.8155 0.0000e+00  -61.18650  -54.54117 1152927885 196.072760    34.5180 0.0000e+00
    576.000    -0.3987   2.859686    -0.3984   2.860089    6.28948    -0.0744    13.8155 0.0000e+00  -61.18650  -54.54117 1152927888 196.072794    34.5179 0.0000e+00
    577.000    -0.3976   2.859832    -0.3972   2.860237    6.29064    -0.0658    13.8155 0.0000e+00  -61.18650  -54.54117 1152927892 196.072840    34.5180 0.0000e+00
    578.000    -0.3970   2.859923    -0.3964   2.860343    6.29117    -0.0810    13.8155 0.0000e+00  -61.18650  -54.54117 1152927894 196.072864    34.5179 0.0000e+00
    579.000    -0.3968   2.859985    -0.3965   2.860391    6.28809    -0.0762    13.8155 0.0000e+00  -61.18650  -54.54117 1152927896 196.072889    34.5179 0.0000e+00
    580.000    -0.3969   2.860019    -0.3966   2.860424    6.28392    -0.0709    13.8155 0.0000e+00  -61.18650  -54.54117 1152927900 196.072938    34.5179 0.0000e+00
