product_data/regression_test/downloaded_data/MDGS/320620060703/ctd/p6618801.ros
* Sea-Bird SBE 9 Data File:
* FileName = D:\Data\Raw\p6618801.dat
* Software Version Seasave Win32 V 5.32
* Temperature SN = 1649
* Conductivity SN = 1431
* Number of Bytes Per Scan = 37
* Number of Voltage Words = 5
* Number of Scans Averaged by the Deck Unit = 1
* NMEA Latitude = 60 48.02 S
* NMEA Longitude = 054 26.19 W
* NMEA UTC (Time) = 04:49:31
** Ship:   Nathaniel B. Palmer 
** Cruise:    NBP0606 
# nquan = 17
# nvalues = 1176                    
# units = specified
# name 0 = prDM: Pressure, Digiquartz [db]
# name 1 = t090C: Temperature [ITS-90, deg C]
# name 2 = c0S/m: Conductivity [S/m]
# name 3 = t190C: Temperature, 2 [ITS-90, deg C]
# name 4 = c1S/m: Conductivity, 2 [S/m]
# name 5 = sbeox0ML/L: Oxygen, SBE 43 [ml/l]
# name 6 = flECO-AFL: Fluorescence, Wetlab ECO-AFL/FL [mg/m^3]
# name 7 = bat: Beam Attenuation, Chelsea/Seatech/Wetlab CStar [1/m]
# name 8 = spar: SPAR/Surface Irradiance
# name 9 = latitude: Latitude [deg]
# name 10 = longitude: Longitude [deg]
# name 11 = timeY: Time, System [seconds]
# name 12 = timeJ: Julian Days
# name 13 = sal00: Salinity [PSU]
# name 14 = scan: scan number
# name 15 = nbf: number of bottles fired
# name 16 = flag:  0.000e+00
# interval = seconds: 0.0416667                   
# start_time = Jul 23 2006 04:49:40
*END*
[from data line 852]
     75.059    -0.4513   2.817783    -0.4500   2.818198    6.94810    -0.0426    13.8155 0.0000e+00  -60.80033  -54.43650 1153636835 204.278210    34.3196     159778         18  0.000e+00
     75.078    -0.4510   2.817796    -0.4501   2.818198    6.94807    -0.0426    13.8155 0.0000e+00  -60.80033  -54.43650 1153636835 204.278211    34.3195     159779         18  0.000e+00
     75.126    -0.4513   2.817822    -0.4503   2.818198    6.94814    -0.0426    13.8155 0.0000e+00  -60.80033  -54.43650 1153636835 204.278211    34.3201     159780         18  0.000e+00
     75.078    -0.4507   2.817826    -0.4501   2.818198    6.94801    -0.0534    13.8155 0.0000e+00  -60.80033  -54.43650 1153636835 204.278212    34.3195     159781         18  0.000e+00
     75.078    -0.4508   2.817826    -0.4509   2.818198    6.94803    -0.0319    13.8155 0.0000e+00  -60.80033  -54.43650 1153636835 204.278212    34.3197     159782         18  0.000e+00
     75.059    -0.4507   2.817826    -0.4504   2.818157    6.94799    -0.0319    13.8155 0.0000e+00  -60.80033  -54.43650 1153636835 204.278213    34.3195     159783         18  0.000e+00
     75.078    -0.4507   2.817806    -0.4511   2.818163    6.94802    -0.0426    13.8155 0.0000e+00  -60.80033  -54.43650 1153636835 204.278213    34.3192     159784         18  0.000e+00
     75.126    -0.4507   2.817819    -0.4514   2.818151    6.94806    -0.0857    13.8155 0.0000e+00  -60.80033  -54.43650 1153636835 204.278214    34.3194     159785         18  0.000e+00
     75.078    -0.4501   2.817796    -0.4517   2.818104    6.94794    -0.1395    13.8155 0.0000e+00  -60.80033  -54.43650 1153636836 204.278214    34.3184     159786         18  0.000e+00
     75.059    -0.4507   2.817799    -0.4515   2.818093    6.94800    -0.1395    13.8155 0.0000e+00  -60.80033  -54.43650 1153636836 204.278215    34.3191     159787         18  0.000e+00
     75.078    -0.4513   2.817819    -0.4518   2.818069    6.94810    -0.0964    13.8155 0.0000e+00  -60.80033  -54.43650 1153636836 204.278215    34.3201     159788         18  0.000e+00
     75.059    -0.4510   2.817789    -0.4520   2.818098    6.94806    -0.0749    13.8155 0.0000e+00  -60.80033  -54.43650 1153636836 204.278216    34.3194     159789         18  0.000e+00
     75.078    -0.4508   2.817759    -0.4512   2.818116    6.94807    -0.0211    13.8155 0.0000e+00  -60.80033  -54.43650 1153636836 204.278216    34.3188     159790         18  0.000e+00
     75.078    -0.4513   2.817773    -0.4514   2.818116    6.94813     0.0112    13.8155 0.0000e+00  -60.80033  -54.43650 1153636836 204.278217    34.3195     159791         18  0.000e+00
     75.126    -0.4512   2.817759    -0.4512   2.818133    6.94816    -0.0211    13.8155 0.0000e+00  -60.80033  -54.43650 1153636836 204.278217    34.3191     159792         18  0.000e+00
     75.078    -0.4514   2.817779    -0.4511   2.818163    6.94814    -0.0426    13.8155 0.0000e+00  -60.80033  -54.43650 1153636836 204.278218    34.3197     159793         18  0.000e+00
     75.059    -0.4516   2.817779    -0.4512   2.818151    6.94815    -0.0534    13.8155 0.0000e+00  -60.80033  -54.43650 1153636836 204.278218    34.3199     159794         18  0.000e+00
     75.078    -0.4513   2.817779    -0.4511   2.818163    6.94812    -0.0534    13.8155 0.0000e+00  -60.80033  -54.43650 1153636836 204.278219    34.3196     159795         18  0.000e+00
     75.059    -0.4516   2.817813    -0.4511   2.818151    6.94813    -0.0642    13.8155 0.0000e+00  -60.80033  -54.43650 1153636836 204.278219    34.3204     159796         18  0.000e+00
     75.078    -0.4513   2.817773    -0.4512   2.818104    6.94813    -0.0319    13.8155 0.0000e+00  -60.80033  -54.43650 1153636836 204.278220    34.3195     159797         18  0.000e+00
     75.059    -0.4518   2.817806    -0.4518   2.818069    6.94816    -0.0211    13.8155 0.0000e+00  -60.80033  -54.43650 1153636836 204.278220    34.3205     159798         18  0.000e+00
     75.078    -0.4514   2.817829    -0.4520   2.818081    6.94811    -0.0319    13.8155 0.0000e+00  -60.80033  -54.43650 1153636836 204.278220    34.3204     159799         18  0.000e+00
     75.078    -0.4508   2.817826    -0.4520   2.818052    6.94803    -0.0534    13.8155 0.0000e+00  -60.80033  -54.43650 1153636836 204.278221    34.3197     159800         18  0.000e+00
     75.126    -0.4507   2.817826    -0.4521   2.818040    6.94806    -0.0642    13.8155 0.0000e+00  -60.80033  -54.43650 1153636836 204.278221    34.3195     159801         18  0.000e+00
     75.011    -0.4508   2.817806    -0.4518   2.818040    6.94798    -0.0749    13.8155 0.0000e+00  -60.80033  -54.43650 1153636836 204.278222    34.3194     159802         18  0.000e+00
     75.126    -0.4510   2.817832    -0.4518   2.818081    6.94810    -0.0426    13.8155 0.0000e+00  -60.80033  -54.43650 1153636836 204.278222    34.3199     159803         18  0.000e+00
     75.078    -0.4502   2.817829    -0.4520   2.818069    6.94794    -0.0534    13.8155 0.0000e+00  -60.80033  -54.43650 1153636836 204.278223    34.3190     159804         18  0.000e+00
     75.059    -0.4508   2.817789    -0.4518   2.818081    6.94804    -0.0642    13.8155 0.0000e+00  -60.80033  -54.43650 1153636836 204.278223    34.3192     159805         18  0.000e+00
     75.078    -0.4515   2.817716    -0.4515   2.818093    6.94819    -0.0642    13.8155 0.0000e+00  -60.80033  -54.43650 1153636836 204.278224    34.3189     159806         18  0.000e+00
     75.059    -0.4526   2.817723    -0.4514   2.818110    6.94832    -0.0211    13.8155 0.0000e+00  -60.80033  -54.43650 1153636836 204.278224    34.3202     159807         18  0.000e+00
     50.053    -0.5088   2.809853    -0.5143   2.809528    7.07671     0.0004    13.8155 0.0000e+00  -60.80033  -54.43650 1153636897 204.278928    34.2935     161267         19  0.000e+00
     50.053    -0.5090   2.809800    -0.5137   2.809575    7.07677    -0.0319    13.8155 0.0000e+00  -60.80033  -54.43650 1153636897 204.278929    34.2930     161268         19  0.000e+00
     50.053    -0.5088   2.809820    -0.5145   2.809592    7.07674    -0.0426    13.8155 0.0000e+00  -60.80033  -54.43650 1153636897 204.278929    34.2931     161269         19  0.000e+00
     49.977    -0.5088   2.809909    -0.5153   2.809534    7.07659     0.0112    13.8155 0.0000e+00  -60.80033  -54.43650 1153636897 204.278930    34.2942     161270         19  0.000e+00
     50.053    -0.5070   2.810045    -0.5168   2.809435    7.07633     0.0542    13.8155 0.0000e+00  -60.80033  -54.43650 1153636897 204.278930    34.2940     161271         19  0.000e+00
     49.977    -0.5070   2.809942    -0.5179   2.809248    7.07632    -0.0104    13.8155 0.0000e+00  -60.80033  -54.43650 1153636897 204.278931    34.2927     161272         19  0.000e+00
     49.910    -0.5078   2.809763    -0.5172   2.809196    7.07648    -0.0104    13.8155 0.0000e+00  -60.80033  -54.43650 1153636897 204.278931    34.2912     161273         19  0.000e+00
     49.910    -0.5088   2.809575    -0.5179   2.809173    7.07676     0.0004    13.8155 0.0000e+00  -60.80033  -54.43650 1153636898 204.278932    34.2899     161274         19  0.000e+00
     49.910    -0.5093   2.809217    -0.5186   2.809085    7.07705     0.0112    13.8155 0.0000e+00  -60.80033  -54.43650 1153636898 204.278932    34.2856     161275         19  0.000e+00
     49.910    -0.5133   2.808859    -0.5189   2.809062    7.07786     0.0004    13.8155 0.0000e+00  -60.80033  -54.43650 1153636898 204.278933    34.2853     161276         19  0.000e+00
     49.834    -0.5176   2.808654    -0.5191   2.809062    7.07853    -0.0319    13.8155 0.0000e+00  -60.80033  -54.43650 1153636898 204.278933    34.2875     161277         19  0.000e+00
     49.834    -0.5198   2.808538    -0.5195   2.808957    7.07892    -0.0104    13.8155 0.0000e+00  -60.80033  -54.43650 1153636898 204.278934    34.2884     161278         19  0.000e+00
     49.767    -0.5217   2.808471    -0.5206   2.808841    7.07916    -0.0319    13.8155 0.0000e+00  -60.80033  -54.43650 1153636898 204.278934    34.2897     161279         19  0.000e+00
     49.767    -0.5223   2.808339    -0.5217   2.808800    7.07933    -0.0426    13.8155 0.0000e+00  -60.80033  -54.43650 1153636898 204.278935    34.2886     161280         19  0.000e+00
     49.767    -0.5231   2.808187    -0.5234   2.808713    7.07954    -0.0534    13.8155 0.0000e+00  -60.80033  -54.43650 1153636898 204.278935    34.2874     161281         19  0.000e+00
     49.700    -0.5246   2.808061    -0.5245   2.808602    7.07978    -0.0749    13.8155 0.0000e+00  -60.80033  -54.43650 1153636898 204.278936    34.2875     161282         19  0.000e+00
     49.700    -0.5265   2.808014    -0.5245   2.808521    7.08007    -0.0104    13.8155 0.0000e+00  -60.80033  -54.43650 1153636898 204.278936    34.2890     161283         19  0.000e+00
     49.700    -0.5263   2.808014    -0.5246   2.808457    7.08005     0.0004    13.8155 0.0000e+00  -60.80033  -54.43650 1153636898 204.278937    34.2888     161284         19  0.000e+00
     49.624    -0.5256   2.808044    -0.5254   2.808445    7.07984     0.0327    13.8155 0.0000e+00  -60.80033  -54.43650 1153636898 204.278937    34.2884     161285         19  0.000e+00
     49.624    -0.5248   2.808124    -0.5254   2.808486    7.07968     0.0327    13.8155 0.0000e+00  -60.80033  -54.43650 1153636898 204.278938    34.2886     161286         19  0.000e+00
     49.557    -0.5243   2.808216    -0.5239   2.808556    7.07949     0.0434    13.8155 0.0000e+00  -60.80033  -54.43650 1153636898 204.278938    34.2893     161287         19  0.000e+00
     49.624    -0.5242   2.808352    -0.5218   2.808678    7.08410     0.0219    13.8155 0.0000e+00  -60.80033  -54.43650 1153636898 204.278939    34.2909     161288         19  0.000e+00
     49.557    -0.5242   2.808458    -0.5212   2.808835    7.07931    -0.0211    13.8155 0.0000e+00  -60.80033  -54.43650 1153636898 204.278939    34.2924     161289         19  0.000e+00
     49.557    -0.5223   2.808770    -0.5204   2.808934    7.07884     0.0219    13.8155 0.0000e+00  -60.80033  -54.43650 1153636898 204.278940    34.2945     161290         19  0.000e+00
     49.557    -0.5187   2.809025    -0.5208   2.808911    7.08283     0.0434    13.8155 0.0000e+00  -60.80033  -54.43650 1153636898 204.278940    34.2939     161291         19  0.000e+00
     49.624    -0.5178   2.809137    -0.5209   2.808957    7.07803     0.0219    13.8155 0.0000e+00  -60.80033  -54.43650 1153636898 204.278940    34.2943     161292         19  0.000e+00
     49.557    -0.5164   2.809256    -0.5206   2.809016    7.08235     0.0004    13.8155 0.0000e+00  -60.80033  -54.43650 1153636898 204.278941    34.2944     161293         19  0.000e+00
     49.624    -0.5150   2.809197    -0.5229   2.808934    7.08225    -0.0211    13.8155 0.0000e+00  -60.80033  -54.43650 1153636898 204.278941    34.2919     161294         19  0.000e+00
     49.557    -0.5157   2.809041    -0.5242   2.808858    7.08238    -0.0426    13.8155 0.0000e+00  -60.80033  -54.43650 1153636898 204.278942    34.2906     161295         19  0.000e+00
     49.624    -0.5147   2.809001    -0.5260   2.808666    7.08234    -0.0211    13.8155 0.0000e+00  -60.80033  -54.43650 1153636898 204.278942    34.2890     161296         19  0.000e+00
     49.624    -0.5153   2.809031    -0.5263   2.808486    7.08241    -0.0319    13.8155 0.0000e+00  -60.80033  -54.43650 1153636898 204.278943    34.2901     161297         19  0.000e+00
     49.624    -0.5180   2.809035    -0.5269   2.808364    7.08278    -0.0319    13.8155 0.0000e+00  -60.80033  -54.43650 1153636898 204.278943    34.2931     161298         19  0.000e+00
     49.624    -0.5176   2.808922    -0.5277   2.808398    7.08280     0.0219    13.8155 0.0000e+00  -60.80033  -54.43650 1153636899 204.278944    34.2912     161299         19  0.000e+00
     49.624    -0.5166   2.808836    -0.5265   2.808521    7.08271     0.0004    13.8155 0.0000e+00  -60.80033  -54.43650 1153636899 204.278944    34.2889     161300         19  0.000e+00
     49.624    -0.5153   2.808809    -0.5252   2.808672    7.08255    -0.0534    13.8155 0.0000e+00  -60.80033  -54.43650 1153636899 204.278945    34.2871     161301         19  0.000e+00
     49.624    -0.5166   2.808766    -0.5248   2.808748    7.08275    -0.0426    13.8155 0.0000e+00  -60.80033  -54.43650 1153636899 204.278945    34.2879     161302         19  0.000e+00
     49.557    -0.5191   2.808716    -0.5249   2.808707    7.08307    -0.0319    13.8155 0.0000e+00  -60.80033  -54.43650 1153636899 204.278946    34.2901     161303         19  0.000e+00
     49.557    -0.5198   2.808637    -0.5240   2.808690    7.08323    -0.0104    13.8155 0.0000e+00  -60.80033  -54.43650 1153636899 204.278946    34.2899     161304         19  0.000e+00
     49.557    -0.5203   2.808607    -0.5229   2.808643    7.08332     0.0112    13.8155 0.0000e+00  -60.80033  -54.43650 1153636899 204.278947    34.2900     161305         19  0.000e+00
     49.490    -0.5201   2.808581    -0.5236   2.808614    7.08325    -0.0104    13.8155 0.0000e+00  -60.80033  -54.43650 1153636899 204.278947    34.2896     161306         19  0.000e+00
     49.414    -0.5200   2.808521    -0.5223   2.808625    7.08319    -0.0104    13.8155 0.0000e+00  -60.80033  -54.43650 1153636899 204.278948    34.2886     161307         19  0.000e+00
     49.490    -0.5212   2.808458    -0.5209   2.808695    7.08348    -0.0319    13.8155 0.0000e+00  -60.80033  -54.43650 1153636899 204.278948    34.2891     161308         19  0.000e+00
     49.490    -0.5218   2.808405    -0.5188   2.808771    7.08361    -0.0319    13.8155 0.0000e+00  -60.80033  -54.43650 1153636899 204.278949    34.2891     161309         19  0.000e+00
     49.347    -0.5225   2.808375    -0.5165   2.808870    7.08357     0.0004    13.8155 0.0000e+00  -60.80033  -54.43650 1153636899 204.278949    34.2895     161310         19  0.000e+00
     49.414    -0.5228   2.808292    -0.5163   2.808882    7.08374     0.0327    13.8155 0.0000e+00  -60.80033  -54.43650 1153636899 204.278950    34.2887     161311         19  0.000e+00
     49.414    -0.5232   2.808173    -0.5194   2.808789    7.08388    -0.0104    13.8155 0.0000e+00  -60.80033  -54.43650 1153636899 204.278950    34.2876     161312         19  0.000e+00
     49.414    -0.5246   2.808077    -0.5245   2.808567    7.08414    -0.0534    13.8155 0.0000e+00  -60.80033  -54.43650 1153636899 204.278951    34.2879     161313         19  0.000e+00
     49.414    -0.5263   2.808004    -0.5288   2.808317    7.08443    -0.0211    13.8155 0.0000e+00  -60.80033  -54.43650 1153636899 204.278951    34.2888     161314         19  0.000e+00
     49.414    -0.5262   2.807925    -0.5300   2.808038    7.08446     0.0112    13.8155 0.0000e+00  -60.80033  -54.43650 1153636899 204.278952    34.2876     161315         19  0.000e+00
     50.121    -0.5380   2.806865    -0.5372   2.807310    7.12946     0.0004    13.8155 0.0000e+00  -60.80033  -54.43650 1153636909 204.279061    34.2862     161541         20  0.000e+00
     50.188    -0.5386   2.806832    -0.5369   2.807281    7.12965    -0.0104    13.8155 0.0000e+00  -60.80033  -54.43650 1153636909 204.279061    34.2865     161542         20  0.000e+00
     50.264    -0.5382   2.806836    -0.5372   2.807293    7.12967    -0.0319    13.8155 0.0000e+00  -60.80033  -54.43650 1153636909 204.279062    34.2861     161543         20  0.000e+00
     50.264    -0.5382   2.806822    -0.5377   2.807258    7.12968    -0.0104    13.8155 0.0000e+00  -60.80033  -54.43650 1153636909 204.279062    34.2859     161544         20  0.000e+00
     50.121    -0.5389   2.806835    -0.5377   2.807264    7.12496    -0.0104    13.8155 0.0000e+00  -60.80033  -54.43650 1153636909 204.279062    34.2869     161545         20  0.000e+00
