product_data/regression_test/downloaded_data/MDGS/320620060703/ctd/p6611501.ros
* Sea-Bird SBE 9 Data File:
* FileName = D:\Data\Raw\p6611501.dat
* Software Version Seasave Win32 V 5.32
* Temperature SN = 1649
* Conductivity SN = 1431
* Number of Bytes Per Scan = 37
* Number of Voltage Words = 5
* Number of Scans Averaged by the Deck Unit = 1
* NMEA Latitude = 61 33.00 S
* NMEA Longitude = 054 52.51 W
* NMEA UTC (Time) = 10:29:23
** Ship:   Nathaniel B. Palmer 
** Cruise:    NBP0606 
# nquan = 17
# nvalues = 49                      
# units = specified
# name 0 = prDM: Pressure, Digiquartz [db]
# name 1 = t090C: Temperature [ITS-90, deg C]
# name 2 = c0S/m: Conductivity [S/m]
# name 3 = t190C: Temperature, 2 [ITS-90, deg C]
# name 4 = c1S/m: Conductivity, 2 [S/m]
# name 5 = sbeox0ML/L: Oxygen, SBE 43 [ml/l]
# name 6 = flECO-AFL: Fluorescence, Wetlab ECO-AFL/FL [mg/m^3]
# name 7 = bat: Beam Attenuation, Chelsea/Seatech/Wetlab CStar [1/m]
# name 8 = spar: SPAR/Surface Irradiance
# name 9 = latitude: Latitude [deg]
# name 10 = longitude: Longitude [deg]
# name 11 = timeY: Time, System [seconds]
# name 12 = timeJ: Julian Days
# name 13 = sal00: Salinity [PSU]
# name 14 = scan: scan number
# name 15 = nbf: number of bottles fired
# name 16 = flag:  0.000e+00
# interval = seconds: 0.0416667                   
# start_time = Jul 14 2006 10:29:31
*END*
     10.726    -1.5051   2.715832    -1.5093   2.715900    7.90588     0.0434    13.8155 0.0000e+00  -61.55000  -54.87517 1152875767 195.469550    34.1702      67156          1  0.000e+00
     10.612    -1.5061   2.715751    -1.5099   2.715900    7.90599     0.1080    13.8155 0.0000e+00  -61.55000  -54.87517 1152875767 195.469551    34.1704      67157          1  0.000e+00
     10.726    -1.5052   2.715724    -1.5093   2.715900    7.90598     0.0757    13.8155 0.0000e+00  -61.55000  -54.87517 1152875767 195.469551    34.1688      67158          1  0.000e+00
     10.583    -1.5046   2.715724    -1.5082   2.715975    7.90573     0.0434    13.8155 0.0000e+00  -61.55000  -54.87517 1152875767 195.469552    34.1683      67159          1  0.000e+00
     10.612    -1.5040   2.715708    -1.5071   2.716004    7.90567     0.0650    13.8155 0.0000e+00  -61.55000  -54.87517 1152875767 195.469552    34.1673      67160          1  0.000e+00
     10.650    -1.5041   2.715718    -1.5076   2.716027    7.90573     0.0434    13.8155 0.0000e+00  -61.55000  -54.87517 1152875768 195.469552    34.1676      67161          1  0.000e+00
     10.650    -1.5049   2.715675    -1.5079   2.716027    7.90589     0.0542    13.8155 0.0000e+00  -61.55000  -54.87517 1152875768 195.469553    34.1679      67162          1  0.000e+00
     10.612    -1.5056   2.715640    -1.5060   2.716102    7.90599     0.1188    13.8155 0.0000e+00  -61.55000  -54.87517 1152875768 195.469553    34.1683      67163          1  0.000e+00
     10.650    -1.5074   2.715636    -1.5050   2.716188    7.90631     0.0865    13.8155 0.0000e+00  -61.55000  -54.87517 1152875768 195.469554    34.1702      67164          1  0.000e+00
     10.583    -1.5063   2.715636    -1.5046   2.716245    7.90606     0.0757    13.8155 0.0000e+00  -61.55000  -54.87517 1152875768 195.469554    34.1690      67165          1  0.000e+00
     10.612    -1.5060   2.715702    -1.5054   2.716245    7.90600     0.0650    13.8155 0.0000e+00  -61.55000  -54.87517 1152875768 195.469555    34.1695      67166          1  0.000e+00
     10.583    -1.5053   2.715790    -1.5059   2.716205    7.90580     0.0542    13.8155 0.0000e+00  -61.55000  -54.87517 1152875768 195.469555    34.1700      67167          1  0.000e+00
     10.583    -1.5046   2.715813    -1.5050   2.716228    7.90566     0.0542    13.8155 0.0000e+00  -61.55000  -54.87517 1152875768 195.469556    34.1695      67168          1  0.000e+00
     10.612    -1.5046   2.715829    -1.5041   2.716314    7.91043     0.0650    13.8155 0.0000e+00  -61.55000  -54.87517 1152875768 195.469556    34.1697      67169          1  0.000e+00
     10.583    -1.5045   2.715848    -1.5042   2.716395    7.90561     0.0757    13.8155 0.0000e+00  -61.55000  -54.87517 1152875768 195.469557    34.1698      67170          1  0.000e+00
     10.583    -1.5052   2.715773    -1.5034   2.716452    7.91054     0.0542    13.8155 0.0000e+00  -61.55000  -54.87517 1152875768 195.469557    34.1696      67171          1  0.000e+00
     10.536    -1.5058   2.715679    -1.5039   2.716401    7.90590     0.0757    13.8155 0.0000e+00  -61.55000  -54.87517 1152875768 195.469558    34.1690      67172          1  0.000e+00
     10.583    -1.5063   2.715640    -1.5047   2.716349    7.90606     0.0542    13.8155 0.0000e+00  -61.55000  -54.87517 1152875768 195.469558    34.1690      67173          1  0.000e+00
     10.517    -1.5066   2.715600    -1.5047   2.716303    7.90607     0.0219    13.8155 0.0000e+00  -61.55000  -54.87517 1152875768 195.469559    34.1689      67174          1  0.000e+00
     10.536    -1.5072   2.715610    -1.5045   2.716326    7.90618    -0.0104    13.8155 0.0000e+00  -61.55000  -54.87517 1152875768 195.469559    34.1697      67175          1  0.000e+00
     10.517    -1.5073   2.715532    -1.5050   2.716263    7.90624     0.0219    13.8155 0.0000e+00  -61.55000  -54.87517 1152875768 195.469560    34.1688      67176          1  0.000e+00
     10.517    -1.5081   2.715506    -1.5050   2.716314    7.90639     0.0972    13.8155 0.0000e+00  -61.55000  -54.87517 1152875768 195.469560    34.1693      67177          1  0.000e+00
     10.536    -1.5086   2.715506    -1.5048   2.716326    7.90648     0.0650    13.8155 0.0000e+00  -61.55000  -54.87517 1152875768 195.469561    34.1699      67178          1  0.000e+00
     10.517    -1.5091   2.715522    -1.5056   2.716314    7.90652     0.0327    13.8155 0.0000e+00  -61.55000  -54.87517 1152875768 195.469561    34.1706      67179          1  0.000e+00
     10.517    -1.5091   2.715509    -1.5064   2.716234    7.90653     0.0112    13.8155 0.0000e+00  -61.55000  -54.87517 1152875768 195.469562    34.1705      67180          1  0.000e+00
     10.469    -1.5084   2.715506    -1.5086   2.716130    7.90638     0.0542    13.8155 0.0000e+00  -61.55000  -54.87517 1152875768 195.469562    34.1697      67181          1  0.000e+00
     10.517    -1.5085   2.715522    -1.5082   2.716044    7.90643     0.0757    13.8155 0.0000e+00  -61.55000  -54.87517 1152875768 195.469563    34.1699      67182          1  0.000e+00
     10.440    -1.5086   2.715545    -1.5089   2.715992    7.90635     0.0004    13.8155 0.0000e+00  -61.55000  -54.87517 1152875768 195.469563    34.1705      67183          1  0.000e+00
     10.469    -1.5060   2.715613    -1.5089   2.715958    7.90591    -0.0319    13.8155 0.0000e+00  -61.55000  -54.87517 1152875768 195.469564    34.1684      67184          1  0.000e+00
     10.517    -1.5051   2.715685    -1.5091   2.715929    7.90576     0.0112    13.8155 0.0000e+00  -61.55000  -54.87517 1152875769 195.469564    34.1683      67185          1  0.000e+00
     10.469    -1.5047   2.715685    -1.5102   2.715883    7.90565     0.0219    13.8155 0.0000e+00  -61.55000  -54.87517 1152875769 195.469565    34.1679      67186          1  0.000e+00
     10.440    -1.5055   2.715711    -1.5107   2.715814    7.90573     0.0650    13.8155 0.0000e+00  -61.55000  -54.87517 1152875769 195.469565    34.1692      67187          1  0.000e+00
     10.440    -1.5049   2.715757    -1.5114   2.715797    7.90560     0.0972    13.8155 0.0000e+00  -61.55000  -54.87517 1152875769 195.469565    34.1692      67188          1  0.000e+00
     10.469    -1.5055   2.715734    -1.5108   2.715780    7.90574     0.0650    13.8155 0.0000e+00  -61.55000  -54.87517 1152875769 195.469566    34.1695      67189          1  0.000e+00
     10.440    -1.5055   2.715675    -1.5116   2.715791    7.90575     0.0865    13.8155 0.0000e+00  -61.55000  -54.87517 1152875769 195.469566    34.1687      67190          1  0.000e+00
     10.374    -1.5058   2.715675    -1.5111   2.715774    7.90573     0.0757    13.8155 0.0000e+00  -61.55000  -54.87517 1152875769 195.469567    34.1691      67191          1  0.000e+00
     10.469    -1.5069   2.715662    -1.5106   2.715866    7.90602     0.0650    13.8155 0.0000e+00  -61.55000  -54.87517 1152875769 195.469567    34.1701      67192          1  0.000e+00
     10.374    -1.5077   2.715578    -1.5099   2.715877    7.90610     0.0542    13.8155 0.0000e+00  -61.55000  -54.87517 1152875769 195.469568    34.1699      67193          1  0.000e+00
     10.441    -1.5081   2.715548    -1.5099   2.715906    7.90627     0.1080    13.8155 0.0000e+00  -61.55000  -54.87517 1152875769 195.469568    34.1700      67194          1  0.000e+00
     10.402    -1.5075   2.715548    -1.5094   2.715969    7.90612     0.1510    13.8155 0.0000e+00  -61.55000  -54.87517 1152875769 195.469569    34.1692      67195          1  0.000e+00
     10.374    -1.5074   2.715551    -1.5076   2.716038    7.90607     0.1403    13.8155 0.0000e+00  -61.55000  -54.87517 1152875769 195.469569    34.1692      67196          1  0.000e+00
     10.374    -1.5080   2.715532    -1.5075   2.716033    7.91094     0.1080    13.8155 0.0000e+00  -61.55000  -54.87517 1152875769 195.469570    34.1696      67197          1  0.000e+00
     10.326    -1.5088   2.715480    -1.5080   2.715987    7.90630     0.0650    13.8155 0.0000e+00  -61.55000  -54.87517 1152875769 195.469570    34.1698      67198          1  0.000e+00
     10.374    -1.5103   2.715362    -1.5089   2.715935    7.90668     0.0434    13.8155 0.0000e+00  -61.55000  -54.87517 1152875769 195.469571    34.1699      67199          1  0.000e+00
     10.374    -1.5118   2.715313    -1.5098   2.715941    7.90696     0.0327    13.8155 0.0000e+00  -61.55000  -54.87517 1152875769 195.469571    34.1709      67200          1  0.000e+00
     10.326    -1.5115   2.715225    -1.5097   2.715918    7.90693     0.0757    13.8155 0.0000e+00  -61.55000  -54.87517 1152875769 195.469572    34.1695      67201          1  0.000e+00
     10.374    -1.5123   2.715199    -1.5097   2.715877    7.90713     0.0972    13.8155 0.0000e+00  -61.55000  -54.87517 1152875769 195.469572    34.1700      67202          1  0.000e+00
     10.307    -1.5125   2.715199    -1.5098   2.715872    7.90708     0.0757    13.8155 0.0000e+00  -61.55000  -54.87517 1152875769 195.469573    34.1702      67203          1  0.000e+00
     10.326    -1.5123   2.715215    -1.5106   2.715854    7.90706     0.0650    13.8155 0.0000e+00  -61.55000  -54.87517 1152875769 195.469573    34.1702      67204          1  0.000e+00
