product_data/regression_test/downloaded_data/MDGS/320620060703/ctd/p6619901.ros
* Sea-Bird SBE 9 Data File:
* FileName = D:\Data\Raw\p6619901.dat
* Software Version Seasave Win32 V 5.32
* Temperature SN = 1649
* Conductivity SN = 1431
* Number of Bytes Per Scan = 37
* Number of Voltage Words = 5
* Number of Scans Averaged by the Deck Unit = 1
* NMEA Latitude = 62 59.55 S
* NMEA Longitude = 062 15.19 W
* NMEA UTC (Time) = 06:52:39
** Ship:   Nathaniel B. Palmer 
** Cruise:    NBP0606 
# nquan = 17
# nvalues = 1176                    
# units = specified
# name 0 = prDM: Pressure, Digiquartz [db]
# name 1 = t090C: Temperature [ITS-90, deg C]
# name 2 = c0S/m: Conductivity [S/m]
# name 3 = t190C: Temperature, 2 [ITS-90, deg C]
# name 4 = c1S/m: Conductivity, 2 [S/m]
# name 5 = sbeox0ML/L: Oxygen, SBE 43 [ml/l]
# name 6 = flECO-AFL: Fluorescence, Wetlab ECO-AFL/FL [mg/m^3]
# name 7 = bat: Beam Attenuation, Chelsea/Seatech/Wetlab CStar [1/m]
# name 8 = spar: SPAR/Surface Irradiance
# name 9 = latitude: Latitude [deg]
# name 10 = longitude: Longitude [deg]
# name 11 = timeY: Time, System [seconds]
# name 12 = timeJ: Julian Days
# name 13 = sal00: Salinity [PSU]
# name 14 = scan: scan number
# name 15 = nbf: number of bottles fired
# name 16 = flag:  0.000e+00
# interval = seconds: 0.0416667                   
# start_time = Jul 27 2006 06:52:46
*END*
[from data line 596]
     50.316    -0.7642   2.779888    -0.7646   2.780228    7.51306    -0.0894    13.8155 0.0000e+00  -62.99250  -62.25317 1153985646 208.315362    34.1778      59552         13  0.000e+00
     50.383    -0.7640   2.779891    -0.7644   2.780246    7.51310    -0.1004    13.8155 0.0000e+00  -62.99250  -62.25317 1153985646 208.315363    34.1776      59553         13  0.000e+00
     50.383    -0.7643   2.779907    -0.7642   2.780234    7.51313    -0.0343    13.8155 0.0000e+00  -62.99250  -62.25317 1153985646 208.315363    34.1782      59554         13  0.000e+00
     50.316    -0.7642   2.779891    -0.7640   2.780246    7.51305    -0.0123    13.8155 0.0000e+00  -62.99250  -62.25317 1153985646 208.315364    34.1778      59555         13  0.000e+00
     50.383    -0.7640   2.779888    -0.7642   2.780257    7.51310     0.0097    13.8155 0.0000e+00  -62.99250  -62.25317 1153985646 208.315364    34.1776      59556         13  0.000e+00
     50.383    -0.7638   2.779871    -0.7639   2.780275    7.51309     0.0428    13.8155 0.0000e+00  -62.99250  -62.25317 1153985646 208.315365    34.1772      59557         13  0.000e+00
     50.316    -0.7643   2.779878    -0.7642   2.780263    7.51308     0.0318    13.8155 0.0000e+00  -62.99250  -62.25317 1153985646 208.315365    34.1778      59558         13  0.000e+00
     50.383    -0.7642   2.779888    -0.7639   2.780257    7.51313    -0.0343    13.8155 0.0000e+00  -62.99250  -62.25317 1153985646 208.315366    34.1778      59559         13  0.000e+00
     50.316    -0.7645   2.779871    -0.7640   2.780275    7.51312    -0.0343    13.8155 0.0000e+00  -62.99250  -62.25317 1153985646 208.315366    34.1779      59560         13  0.000e+00
     50.383    -0.7645   2.779884    -0.7639   2.780281    7.51317    -0.0123    13.8155 0.0000e+00  -62.99250  -62.25317 1153985646 208.315367    34.1780      59561         13  0.000e+00
     50.250    -0.7643   2.779868    -0.7640   2.780263    7.51302     0.0097    13.8155 0.0000e+00  -62.99250  -62.25317 1153985646 208.315367    34.1777      59562         13  0.000e+00
     50.459    -0.7646   2.779865    -0.7642   2.780275    7.51329     0.0318    13.8155 0.0000e+00  -62.99250  -62.25317 1153985646 208.315367    34.1779      59563         13  0.000e+00
     50.316    -0.7648   2.779848    -0.7641   2.780263    7.51317    -0.0123    13.8155 0.0000e+00  -62.99250  -62.25317 1153985646 208.315368    34.1779      59564         13  0.000e+00
     50.383    -0.7646   2.779888    -0.7642   2.780275    7.51320    -0.1004    13.8155 0.0000e+00  -62.99250  -62.25317 1153985646 208.315368    34.1783      59565         13  0.000e+00
     50.316    -0.7645   2.779894    -0.7639   2.780281    7.51309    -0.0784    13.8155 0.0000e+00  -62.99250  -62.25317 1153985647 208.315369    34.1782      59566         13  0.000e+00
     50.383    -0.7646   2.779855    -0.7639   2.780281    7.51322     0.0097    13.8155 0.0000e+00  -62.99250  -62.25317 1153985647 208.315369    34.1778      59567         13  0.000e+00
     50.316    -0.7643   2.779845    -0.7646   2.780281    7.51311     0.0758    13.8155 0.0000e+00  -62.99250  -62.25317 1153985647 208.315370    34.1774      59568         13  0.000e+00
     50.316    -0.7648   2.779838    -0.7640   2.780263    7.51318     0.0207    13.8155 0.0000e+00  -62.99250  -62.25317 1153985647 208.315370    34.1778      59569         13  0.000e+00
     50.316    -0.7648   2.779858    -0.7642   2.780275    7.51317    -0.0564    13.8155 0.0000e+00  -62.99250  -62.25317 1153985647 208.315371    34.1781      59570         13  0.000e+00
     50.316    -0.7641   2.779848    -0.7642   2.780263    7.51308    -0.0564    13.8155 0.0000e+00  -62.99250  -62.25317 1153985647 208.315371    34.1772      59571         13  0.000e+00
     50.316    -0.7648   2.779838    -0.7639   2.780275    7.51318     0.0318    13.8155 0.0000e+00  -62.99250  -62.25317 1153985647 208.315372    34.1778      59572         13  0.000e+00
     50.316    -0.7646   2.779858    -0.7642   2.780263    7.51315     0.0318    13.8155 0.0000e+00  -62.99250  -62.25317 1153985647 208.315372    34.1779      59573         13  0.000e+00
     50.316    -0.7643   2.779832    -0.7637   2.780292    7.51312    -0.0013    13.8155 0.0000e+00  -62.99250  -62.25317 1153985647 208.315373    34.1772      59574         13  0.000e+00
     50.317    -0.7648   2.779851    -0.7636   2.780310    7.51317    -0.0343    13.8155 0.0000e+00  -62.99250  -62.25317 1153985647 208.315373    34.1780      59575         13  0.000e+00
     50.317    -0.7646   2.779832    -0.7639   2.780310    7.51316    -0.0343    13.8155 0.0000e+00  -62.99250  -62.25317 1153985647 208.315374    34.1776      59576         13  0.000e+00
     50.240    -0.7651   2.779789    -0.7627   2.780310    7.51318    -0.1004    13.8155 0.0000e+00  -62.99250  -62.25317 1153985647 208.315374    34.1775      59577         13  0.000e+00
     50.317    -0.7643   2.779861    -0.7636   2.780286    7.51779    -0.0233    13.8155 0.0000e+00  -62.99250  -62.25317 1153985647 208.315375    34.1776      59578         13  0.000e+00
     50.250    -0.7648   2.779868    -0.7636   2.780280    7.51309     0.0318    13.8155 0.0000e+00  -62.99250  -62.25317 1153985647 208.315375    34.1783      59579         13  0.000e+00
     50.317    -0.7645   2.779832    -0.7639   2.780298    7.51783    -0.0123    13.8155 0.0000e+00  -62.99250  -62.25317 1153985647 208.315376    34.1774      59580         13  0.000e+00
     50.250    -0.7646   2.779822    -0.7640   2.780286    7.51779    -0.0784    13.8155 0.0000e+00  -62.99250  -62.25317 1153985647 208.315376    34.1775      59581         13  0.000e+00
     50.250    -0.7645   2.779832    -0.7637   2.780321    7.51307    -0.0784    13.8155 0.0000e+00  -62.99250  -62.25317 1153985647 208.315377    34.1774      59582         13  0.000e+00
     50.250    -0.7645   2.779858    -0.7637   2.780275    7.51775    -0.0454    13.8155 0.0000e+00  -62.99250  -62.25317 1153985647 208.315377    34.1778      59583         13  0.000e+00
     50.250    -0.7646   2.779848    -0.7640   2.780275    7.51777     0.0207    13.8155 0.0000e+00  -62.99250  -62.25317 1153985647 208.315378    34.1778      59584         13  0.000e+00
     50.250    -0.7651   2.779845    -0.7636   2.780263    7.51785     0.0758    13.8155 0.0000e+00  -62.99250  -62.25317 1153985647 208.315378    34.1783      59585         13  0.000e+00
     50.250    -0.7645   2.779838    -0.7640   2.780257    7.51306    -0.0013    13.8155 0.0000e+00  -62.99250  -62.25317 1153985647 208.315379    34.1775      59586         13  0.000e+00
     50.250    -0.7645   2.779825    -0.7639   2.780257    7.51308    -0.0233    13.8155 0.0000e+00  -62.99250  -62.25317 1153985647 208.315379    34.1773      59587         13  0.000e+00
     50.250    -0.7646   2.779855    -0.7642   2.780257    7.51308    -0.0123    13.8155 0.0000e+00  -62.99250  -62.25317 1153985647 208.315380    34.1779      59588         13  0.000e+00
     50.174    -0.7646   2.779878    -0.7642   2.780257    7.51298    -0.0784    13.8155 0.0000e+00  -62.99250  -62.25317 1153985648 208.315380    34.1783      59589         13  0.000e+00
     50.250    -0.7651   2.779835    -0.7639   2.780257    7.51785    -0.0674    13.8155 0.0000e+00  -62.99250  -62.25317 1153985648 208.315380    34.1782      59590         13  0.000e+00
     50.174    -0.7645   2.779871    -0.7642   2.780275    7.51296     0.0207    13.8155 0.0000e+00  -62.99250  -62.25317 1153985648 208.315381    34.1780      59591         13  0.000e+00
     50.250    -0.7643   2.779855    -0.7639   2.780280    7.51303     0.0318    13.8155 0.0000e+00  -62.99250  -62.25317 1153985648 208.315381    34.1776      59592         13  0.000e+00
     35.196    -0.7837   2.777144    -0.7832   2.777580    7.53956     0.0097    13.8155 0.0000e+00  -62.99250  -62.25317 1153985683 208.315795    34.1721      60450         14  0.000e+00
     35.196    -0.7832   2.777141    -0.7829   2.777597    7.53481    -0.0564    13.8155 0.0000e+00  -62.99250  -62.25317 1153985683 208.315796    34.1716      60451         14  0.000e+00
     35.186    -0.7837   2.777141    -0.7831   2.777586    7.53488    -0.0343    13.8155 0.0000e+00  -62.99250  -62.25317 1153985683 208.315796    34.1722      60452         14  0.000e+00
     35.120    -0.7837   2.777124    -0.7835   2.777557    7.53481    -0.0013    13.8155 0.0000e+00  -62.99250  -62.25317 1153985684 208.315797    34.1719      60453         14  0.000e+00
     35.196    -0.7837   2.777118    -0.7832   2.777568    7.53958     0.0207    13.8155 0.0000e+00  -62.99250  -62.25317 1153985684 208.315797    34.1718      60454         14  0.000e+00
     35.196    -0.7833   2.777151    -0.7832   2.777528    7.53481     0.0318    13.8155 0.0000e+00  -62.99250  -62.25317 1153985684 208.315798    34.1718      60455         14  0.000e+00
     35.186    -0.7837   2.777128    -0.7834   2.777539    7.53488     0.0097    13.8155 0.0000e+00  -62.99250  -62.25317 1153985684 208.315798    34.1719      60456         14  0.000e+00
     35.120    -0.7841   2.777134    -0.7837   2.777510    7.53488     0.0207    13.8155 0.0000e+00  -62.99250  -62.25317 1153985684 208.315799    34.1726      60457         14  0.000e+00
     35.196    -0.7837   2.777121    -0.7838   2.777499    7.53490     0.0318    13.8155 0.0000e+00  -62.99250  -62.25317 1153985684 208.315799    34.1718      60458         14  0.000e+00
     35.196    -0.7837   2.777134    -0.7837   2.777499    7.53958    -0.0123    13.8155 0.0000e+00  -62.99250  -62.25317 1153985684 208.315800    34.1721      60459         14  0.000e+00
     35.196    -0.7837   2.777157    -0.7840   2.777499    7.53487    -0.0123    13.8155 0.0000e+00  -62.99250  -62.25317 1153985684 208.315800    34.1723      60460         14  0.000e+00
     35.110    -0.7840   2.777144    -0.7840   2.777499    7.53484    -0.0233    13.8155 0.0000e+00  -62.99250  -62.25317 1153985684 208.315801    34.1725      60461         14  0.000e+00
     35.196    -0.7837   2.777141    -0.7840   2.777499    7.53488    -0.0123    13.8155 0.0000e+00  -62.99250  -62.25317 1153985684 208.315801    34.1721      60462         14  0.000e+00
     35.120    -0.7837   2.777157    -0.7838   2.777481    7.53480     0.0207    13.8155 0.0000e+00  -62.99250  -62.25317 1153985684 208.315802    34.1724      60463         14  0.000e+00
     35.196    -0.7838   2.777177    -0.7841   2.777493    7.53488     0.0318    13.8155 0.0000e+00  -62.99250  -62.25317 1153985684 208.315802    34.1727      60464         14  0.000e+00
     35.196    -0.7831   2.777167    -0.7838   2.777481    7.53477     0.0868    13.8155 0.0000e+00  -62.99250  -62.25317 1153985684 208.315802    34.1717      60465         14  0.000e+00
     35.110    -0.7831   2.777164    -0.7840   2.777464    7.53469     0.0207    13.8155 0.0000e+00  -62.99250  -62.25317 1153985684 208.315803    34.1718      60466         14  0.000e+00
     35.196    -0.7832   2.777193    -0.7843   2.777470    7.53946    -0.0674    13.8155 0.0000e+00  -62.99250  -62.25317 1153985684 208.315803    34.1723      60467         14  0.000e+00
     35.120    -0.7829   2.777187    -0.7841   2.777452    7.53465    -0.0123    13.8155 0.0000e+00  -62.99250  -62.25317 1153985684 208.315804    34.1719      60468         14  0.000e+00
     35.120    -0.7834   2.777167    -0.7838   2.777464    7.53474     0.0097    13.8155 0.0000e+00  -62.99250  -62.25317 1153985684 208.315804    34.1721      60469         14  0.000e+00
     35.110    -0.7836   2.777164    -0.7841   2.777476    7.53476     0.0538    13.8155 0.0000e+00  -62.99250  -62.25317 1153985684 208.315805    34.1724      60470         14  0.000e+00
     35.196    -0.7834   2.777144    -0.7841   2.777452    7.53483     0.0868    13.8155 0.0000e+00  -62.99250  -62.25317 1153985684 208.315805    34.1718      60471         14  0.000e+00
     35.120    -0.7835   2.777157    -0.7845   2.777464    7.53477    -0.0454    13.8155 0.0000e+00  -62.99250  -62.25317 1153985684 208.315806    34.1722      60472         14  0.000e+00
     35.120    -0.7835   2.777164    -0.7845   2.777476    7.53475    -0.0784    13.8155 0.0000e+00  -62.99250  -62.25317 1153985684 208.315806    34.1722      60473         14  0.000e+00
     35.120    -0.7838   2.777144    -0.7841   2.777476    7.53482    -0.0894    13.8155 0.0000e+00  -62.99250  -62.25317 1153985684 208.315807    34.1723      60474         14  0.000e+00
     35.110    -0.7834   2.777121    -0.7838   2.777493    7.53476    -0.0564    13.8155 0.0000e+00  -62.99250  -62.25317 1153985684 208.315807    34.1715      60475         14  0.000e+00
     35.120    -0.7838   2.777118    -0.7843   2.777458    7.53484    -0.0123    13.8155 0.0000e+00  -62.99250  -62.25317 1153985685 208.315808    34.1720      60476         14  0.000e+00
     35.120    -0.7835   2.777134    -0.7838   2.777499    7.53477    -0.0233    13.8155 0.0000e+00  -62.99250  -62.25317 1153985685 208.315808    34.1718      60477         14  0.000e+00
     35.053    -0.7841   2.777104    -0.7835   2.777499    7.53483    -0.0123    13.8155 0.0000e+00  -62.99250  -62.25317 1153985685 208.315809    34.1722      60478         14  0.000e+00
     35.120    -0.7840   2.777095    -0.7845   2.777458    7.53488     0.0318    13.8155 0.0000e+00  -62.99250  -62.25317 1153985685 208.315809    34.1719      60479         14  0.000e+00
     35.110    -0.7837   2.777128    -0.7838   2.777429    7.53481     0.0648    13.8155 0.0000e+00  -62.99250  -62.25317 1153985685 208.315810    34.1720      60480         14  0.000e+00
     35.120    -0.7838   2.777141    -0.7843   2.777458    7.53951     0.0538    13.8155 0.0000e+00  -62.99250  -62.25317 1153985685 208.315810    34.1723      60481         14  0.000e+00
     35.053    -0.7834   2.777121    -0.7840   2.777452    7.53938    -0.0343    13.8155 0.0000e+00  -62.99250  -62.25317 1153985685 208.315811    34.1716      60482         14  0.000e+00
     35.120    -0.7840   2.777167    -0.7837   2.777464    7.53951     0.0318    13.8155 0.0000e+00  -62.99250  -62.25317 1153985685 208.315811    34.1729      60483         14  0.000e+00
     35.120    -0.7835   2.777151    -0.7838   2.777476    7.53476     0.0979    13.8155 0.0000e+00  -62.99250  -62.25317 1153985685 208.315812    34.1720      60484         14  0.000e+00
     35.110    -0.7835   2.777174    -0.7840   2.777476    7.53475     0.0758    13.8155 0.0000e+00  -62.99250  -62.25317 1153985685 208.315812    34.1724      60485         14  0.000e+00
     35.053    -0.7835   2.777167    -0.7843   2.777476    7.53469    -0.0233    13.8155 0.0000e+00  -62.99250  -62.25317 1153985685 208.315813    34.1724      60486         14  0.000e+00
     35.120    -0.7836   2.777128    -0.7837   2.777493    7.53480    -0.0564    13.8155 0.0000e+00  -62.99250  -62.25317 1153985685 208.315813    34.1719      60487         14  0.000e+00
     35.053    -0.7832   2.777134    -0.7838   2.777493    7.53935    -0.0233    13.8155 0.0000e+00  -62.99250  -62.25317 1153985685 208.315814    34.1716      60488         14  0.000e+00
     35.111    -0.7840   2.777157    -0.7837   2.777476    7.53483    -0.0784    13.8155 0.0000e+00  -62.99250  -62.25317 1153985685 208.315814    34.1727      60489         14  0.000e+00
     35.120    -0.7840   2.777128    -0.7834   2.777476    7.53954    -0.0894    13.8155 0.0000e+00  -62.99250  -62.25317 1153985685 208.315815    34.1723      60490         14  0.000e+00
     35.053    -0.7842   2.777118    -0.7840   2.777476    7.53483     0.0428    13.8155 0.0000e+00  -62.99250  -62.25317 1153985685 208.315815    34.1725      60491         14  0.000e+00
     35.053    -0.7840   2.777085    -0.7843   2.777476    7.53482     0.0318    13.8155 0.0000e+00  -62.99250  -62.25317 1153985685 208.315815    34.1718      60492         14  0.000e+00
