product_data/regression_test/downloaded_data/MDGS/320620060703/ctd/p6617605.ros
* Sea-Bird SBE 9 Data File:
* FileName = D:\Data\Raw\p6617605.dat
* Software Version Seasave Win32 V 5.32
* Temperature SN = 1649
* Conductivity SN = 1431
* Number of Bytes Per Scan = 37
* Number of Voltage Words = 5
* Number of Scans Averaged by the Deck Unit = 1
* NMEA Latitude = 60 36.97 S
* NMEA Longitude = 054 43.19 W
* NMEA UTC (Time) = 08:06:33
** Ship:   Nathaniel B. Palmer 
** Cruise:    NBP0606 
# nquan = 17
# nvalues = 1176                    
# units = specified
# name 0 = prDM: Pressure, Digiquartz [db]
# name 1 = t090C: Temperature [ITS-90, deg C]
# name 2 = c0S/m: Conductivity [S/m]
# name 3 = t190C: Temperature, 2 [ITS-90, deg C]
# name 4 = c1S/m: Conductivity, 2 [S/m]
# name 5 = sbeox0ML/L: Oxygen, SBE 43 [ml/l]
# name 6 = flECO-AFL: Fluorescence, Wetlab ECO-AFL/FL [mg/m^3]
# name 7 = bat: Beam Attenuation, Chelsea/Seatech/Wetlab CStar [1/m]
# name 8 = spar: SPAR/Surface Irradiance
# name 9 = latitude: Latitude [deg]
# name 10 = longitude: Longitude [deg]
# name 11 = timeY: Time, System [seconds]
# name 12 = timeJ: Julian Days
# name 13 = sal00: Salinity [PSU]
# name 14 = scan: scan number
# name 15 = nbf: number of bottles fired
# name 16 = flag:  0.000e+00
# interval = seconds: 0.0416667                   
# start_time = Jul 21 2006 08:06:42
*END*
[from data line 681]
   2000.375     0.3854   2.999606     0.3853   2.999957    5.42587    -0.1395    13.8155 0.0000e+00  -60.61617  -54.71983 1153472145 202.372078    34.6853      70694         14  0.000e+00
   2000.335     0.3849   2.999548     0.3857   2.999933    5.42592    -0.0857    13.8155 0.0000e+00  -60.61617  -54.71983 1153472145 202.372079    34.6851      70695         14  0.000e+00
   2000.375     0.3854   2.999582     0.3855   2.999927    5.42588    -0.1072    13.8155 0.0000e+00  -60.61617  -54.71983 1153472145 202.372079    34.6850      70696         14  0.000e+00
   2000.375     0.3852   2.999582     0.3853   2.999945    5.42590    -0.1287    13.8155 0.0000e+00  -60.61617  -54.71983 1153472145 202.372079    34.6851      70697         14  0.000e+00
   2000.375     0.3855   2.999589     0.3860   2.999951    5.42586    -0.1287    13.8155 0.0000e+00  -60.61617  -54.71983 1153472146 202.372080    34.6849      70698         14  0.000e+00
   2000.523     0.3855   2.999579     0.3855   2.999945    5.42597    -0.1287    13.8155 0.0000e+00  -60.61617  -54.71983 1153472152 202.372160    34.6847      70863         15  0.000e+00
   2000.592     0.3851   2.999613     0.3855   2.999975    5.42607    -0.1180    13.8155 0.0000e+00  -60.61617  -54.71983 1153472152 202.372160    34.6856      70864         15  0.000e+00
   2000.592     0.3854   2.999644     0.3855   2.999963    5.42602    -0.1180    13.8155 0.0000e+00  -60.61617  -54.71983 1153472152 202.372160    34.6856      70865         15  0.000e+00
   2000.592     0.3857   2.999650     0.3858   2.999993    5.42598    -0.1072    13.8155 0.0000e+00  -60.61617  -54.71983 1153472152 202.372161    34.6854      70866         15  0.000e+00
   2000.699     0.3849   2.999651     0.3856   2.999987    5.42615    -0.1395    13.8155 0.0000e+00  -60.61617  -54.71983 1153472152 202.372161    34.6862      70867         15  0.000e+00
   2000.670     0.3859   2.999610     0.3857   2.999963    5.42603    -0.1180    13.8155 0.0000e+00  -60.61617  -54.71983 1153472152 202.372162    34.6846      70868         15  0.000e+00
   2000.739     0.3859   2.999637     0.3860   2.999957    5.42607    -0.0857    13.8155 0.0000e+00  -60.61617  -54.71983 1153472152 202.372162    34.6849      70869         15  0.000e+00
   2000.739     0.3851   2.999685     0.3857   2.999957    5.42614    -0.0642    13.8155 0.0000e+00  -60.61617  -54.71983 1153472153 202.372163    34.6864      70870         15  0.000e+00
   2000.739     0.3860   2.999678     0.3858   2.999993    5.42604    -0.0749    13.8155 0.0000e+00  -60.61617  -54.71983 1153472153 202.372163    34.6853      70871         15  0.000e+00
   2000.817     0.3860   2.999674     0.3860   3.000011    5.42610    -0.1072    13.8155 0.0000e+00  -60.61617  -54.71983 1153472153 202.372164    34.6852      70872         15  0.000e+00
   2000.925     0.3859   2.999637     0.3863   2.999993    5.42621    -0.1180    13.8155 0.0000e+00  -60.61617  -54.71983 1153472153 202.372164    34.6849      70873         15  0.000e+00
   2000.817     0.3862   2.999644     0.3860   2.999987    5.42609    -0.0749    13.8155 0.0000e+00  -60.61617  -54.71983 1153472153 202.372165    34.6847      70874         15  0.000e+00
   2000.886     0.3859   2.999668     0.3858   2.999963    5.42617    -0.1072    13.8155 0.0000e+00  -60.61617  -54.71983 1153472153 202.372165    34.6853      70875         15  0.000e+00
   2000.964     0.3855   2.999637     0.3855   2.999957    5.42628    -0.1180    13.8155 0.0000e+00  -60.61617  -54.71983 1153472153 202.372166    34.6852      70876         15  0.000e+00
   2000.964     0.3859   2.999678     0.3863   2.999993    5.42622    -0.0749    13.8155 0.0000e+00  -60.61617  -54.71983 1153472153 202.372166    34.6854      70877         15  0.000e+00
   2000.964     0.3857   2.999678     0.3863   3.000011    5.43215    -0.1072    13.8155 0.0000e+00  -60.61617  -54.71983 1153472153 202.372167    34.6855      70878         15  0.000e+00
   2001.033     0.3857   2.999654     0.3861   2.999993    5.43222    -0.1287    13.8155 0.0000e+00  -60.61617  -54.71983 1153472153 202.372167    34.6852      70879         15  0.000e+00
   2000.994     0.3857   2.999651     0.3858   2.999987    5.43219    -0.0857    13.8155 0.0000e+00  -60.61617  -54.71983 1153472153 202.372168    34.6852      70880         15  0.000e+00
   2001.111     0.3857   2.999630     0.3860   3.000005    5.43229    -0.1180    13.8155 0.0000e+00  -60.61617  -54.71983 1153472153 202.372168    34.6849      70881         15  0.000e+00
   2001.111     0.3857   2.999620     0.3858   3.000011    5.42638    -0.1180    13.8155 0.0000e+00  -60.61617  -54.71983 1153472153 202.372169    34.6847      70882         15  0.000e+00
   2001.111     0.3849   2.999640     0.3863   3.000029    5.42646    -0.0749    13.8155 0.0000e+00  -60.61617  -54.71983 1153472153 202.372169    34.6859      70883         15  0.000e+00
   2001.111     0.3854   2.999651     0.3861   3.000017    5.43231    -0.0749    13.8155 0.0000e+00  -60.61617  -54.71983 1153472153 202.372170    34.6855      70884         15  0.000e+00
   2001.190     0.3857   2.999613     0.3858   3.000011    5.43235    -0.1395    13.8155 0.0000e+00  -60.61617  -54.71983 1153472153 202.372170    34.6846      70885         15  0.000e+00
   2001.190     0.3852   2.999620     0.3861   2.999993    5.43240    -0.1072    13.8155 0.0000e+00  -60.61617  -54.71983 1153472153 202.372171    34.6852      70886         15  0.000e+00
   2001.151     0.3852   2.999678     0.3858   2.999981    5.43235    -0.0749    13.8155 0.0000e+00  -60.61617  -54.71983 1153472153 202.372171    34.6859      70887         15  0.000e+00
   2001.258     0.3854   2.999661     0.3857   2.999999    5.42651    -0.1072    13.8155 0.0000e+00  -60.61617  -54.71983 1153472153 202.372172    34.6855      70888         15  0.000e+00
   2001.258     0.3859   2.999685     0.3863   2.999993    5.43235    -0.1072    13.8155 0.0000e+00  -60.61617  -54.71983 1153472153 202.372172    34.6853      70889         15  0.000e+00
   2001.258     0.3857   2.999698     0.3858   3.000005    5.42645    -0.0857    13.8155 0.0000e+00  -60.61617  -54.71983 1153472153 202.372173    34.6857      70890         15  0.000e+00
   2001.259     0.3857   2.999698     0.3858   3.000011    5.42645    -0.0964    13.8155 0.0000e+00  -60.61617  -54.71983 1153472153 202.372173    34.6857      70891         15  0.000e+00
   2001.259     0.3857   2.999698     0.3861   3.000011    5.43237    -0.1072    13.8155 0.0000e+00  -60.61617  -54.71983 1153472153 202.372174    34.6857      70892         15  0.000e+00
   2001.298     0.3859   2.999678     0.3860   2.999993    5.43239    -0.1287    13.8155 0.0000e+00  -60.61617  -54.71983 1153472153 202.372174    34.6852      70893         15  0.000e+00
   2001.337     0.3859   2.999654     0.3861   2.999987    5.42651    -0.1287    13.8155 0.0000e+00  -60.61617  -54.71983 1153472154 202.372174    34.6849      70894         15  0.000e+00
   2001.337     0.3857   2.999722     0.3857   3.000005    5.42650    -0.1287    13.8155 0.0000e+00  -60.61617  -54.71983 1153472154 202.372175    34.6859      70895         15  0.000e+00
   2001.337     0.3857   2.999705     0.3855   3.000011    5.42651    -0.1072    13.8155 0.0000e+00  -60.61617  -54.71983 1153472154 202.372175    34.6857      70896         15  0.000e+00
   2001.337     0.3857   2.999678     0.3857   3.000011    5.43243    -0.0964    13.8155 1.9481e+00  -60.61617  -54.71983 1153472154 202.372176    34.6854      70897         15  0.000e+00
   2001.337     0.3860   2.999675     0.3860   2.999969    5.43240    -0.0642    13.8155 0.0000e+00  -60.61617  -54.71983 1153472154 202.372176    34.6850      70898         15  0.000e+00
   2001.406     0.3855   2.999675     0.3852   2.999993    5.43250    -0.1180    13.8155 0.0000e+00  -60.61617  -54.71983 1153472154 202.372177    34.6854      70899         15  0.000e+00
   2001.366     0.3859   2.999637     0.3857   2.999993    5.43246    -0.1395    13.8155 0.0000e+00  -60.61617  -54.71983 1153472154 202.372177    34.6846      70900         15  0.000e+00
   2001.337     0.3855   2.999678     0.3855   2.999963    5.42654    -0.1287    13.8155 0.0000e+00  -60.61617  -54.71983 1153472154 202.372178    34.6855      70901         15  0.000e+00
   2001.337     0.3860   2.999661     0.3857   2.999993    5.42650    -0.0857    13.8155 0.0000e+00  -60.61617  -54.71983 1153472154 202.372178    34.6848      70902         15  0.000e+00
   2001.406     0.3860   2.999668     0.3857   2.999993    5.43246    -0.0749    13.8155 0.0000e+00  -60.61617  -54.71983 1153472154 202.372179    34.6848      70903         15  0.000e+00
   2001.337     0.3859   2.999692     0.3858   3.000005    5.42650    -0.1072    13.8155 0.0000e+00  -60.61617  -54.71983 1153472154 202.372179    34.6853      70904         15  0.000e+00
   2001.337     0.3859   2.999678     0.3857   2.999993    5.42650    -0.1072    13.8155 0.0000e+00  -60.61617  -54.71983 1153472154 202.372180    34.6852      70905         15  0.000e+00
   2001.406     0.3859   2.999654     0.3857   3.000005    5.42657    -0.1072    13.8155 0.0000e+00  -60.61617  -54.71983 1153472154 202.372180    34.6848      70906         15  0.000e+00
   2001.298     0.3857   2.999668     0.3857   2.999963    5.42650    -0.1072    13.8155 0.0000e+00  -60.61617  -54.71983 1153472154 202.372181    34.6852      70907         15  0.000e+00
   2001.406     0.3859   2.999654     0.3861   2.999952    5.43248    -0.0642    13.8155 0.0000e+00  -60.61617  -54.71983 1153472154 202.372181    34.6848      70908         15  0.000e+00
   2001.337     0.3861   2.999685     0.3860   2.999975    5.43238    -0.1072    13.8155 0.0000e+00  -60.61617  -54.71983 1153472154 202.372182    34.6849      70909         15  0.000e+00
   2001.337     0.3862   2.999675     0.3853   2.999987    5.42647    -0.1072    13.8155 0.0000e+00  -60.61617  -54.71983 1153472154 202.372182    34.6848      70910         15  0.000e+00
   2001.337     0.3855   2.999637     0.3858   2.999987    5.42656    -0.0749    13.8155 0.0000e+00  -60.61617  -54.71983 1153472154 202.372183    34.6850      70911         15  0.000e+00
   1999.338     0.3855   2.999578     0.3857   2.999903    5.42508    -0.1395    13.8155 0.0000e+00  -60.61617  -54.71983 1153472161 202.372259    34.6853      71069         16  0.000e+00
   1999.446     0.3852   2.999558     0.3858   2.999903    5.42521    -0.1180    13.8155 0.0000e+00  -60.61617  -54.71983 1153472161 202.372259    34.6853      71070         16  0.000e+00
   1999.269     0.3857   2.999555     0.3858   2.999915    5.42503    -0.0857    13.8155 0.0000e+00  -60.61617  -54.71983 1153472161 202.372260    34.6848      71071         16  0.000e+00
   1999.338     0.3855   2.999555     0.3863   2.999885    5.42510    -0.1180    13.8155 0.0000e+00  -60.61617  -54.71983 1153472161 202.372260    34.6850      71072         16  0.000e+00
   1999.338     0.3854   2.999572     0.3858   2.999891    5.42511    -0.1072    13.8155 0.0000e+00  -60.61617  -54.71983 1153472161 202.372261    34.6854      71073         16  0.000e+00
   1999.338     0.3854   2.999572     0.3858   2.999879    5.42511    -0.1072    13.8155 0.0000e+00  -60.61617  -54.71983 1153472161 202.372261    34.6854      71074         16  0.000e+00
   1999.151     0.3852   2.999592     0.3855   2.999909    5.43089    -0.1287    13.8155 0.0000e+00  -60.61617  -54.71983 1153472161 202.372262    34.6859      71075         16  0.000e+00
   1999.416     0.3851   2.999582     0.3857   2.999909    5.42520    -0.1395    13.8155 0.0000e+00  -60.61617  -54.71983 1153472161 202.372262    34.6858      71076         16  0.000e+00
   1999.269     0.3852   2.999558     0.3853   2.999903    5.42508    -0.1180    13.8155 0.0000e+00  -60.61617  -54.71983 1153472161 202.372263    34.6854      71077         16  0.000e+00
   1999.269     0.3854   2.999555     0.3857   2.999903    5.42506    -0.0964    13.8155 0.0000e+00  -60.61617  -54.71983 1153472161 202.372263    34.6852      71078         16  0.000e+00
   1999.269     0.3852   2.999555     0.3853   2.999903    5.42508    -0.1180    13.8155 0.0000e+00  -60.61617  -54.71983 1153472161 202.372264    34.6853      71079         16  0.000e+00
   1999.338     0.3852   2.999572     0.3852   2.999939    5.42512    -0.0857    13.8155 0.0000e+00  -60.61617  -54.71983 1153472161 202.372264    34.6855      71080         16  0.000e+00
   1999.230     0.3849   2.999558     0.3855   2.999915    5.42509    -0.0964    13.8155 0.0000e+00  -60.61617  -54.71983 1153472161 202.372265    34.6858      71081         16  0.000e+00
   1999.269     0.3852   2.999555     0.3855   2.999903    5.42508    -0.0964    13.8155 0.0000e+00  -60.61617  -54.71983 1153472161 202.372265    34.6853      71082         16  0.000e+00
   1999.269     0.3852   2.999572     0.3852   2.999903    5.42507    -0.1072    13.8155 0.0000e+00  -60.61617  -54.71983 1153472161 202.372266    34.6856      71083         16  0.000e+00
   1999.269     0.3849   2.999541     0.3858   2.999903    5.42513    -0.1180    13.8155 0.0000e+00  -60.61617  -54.71983 1153472161 202.372266    34.6855      71084         16  0.000e+00
   1999.269     0.3854   2.999531     0.3858   2.999921    5.42508    -0.0964    13.8155 0.0000e+00  -60.61617  -54.71983 1153472162 202.372267    34.6849      71085         16  0.000e+00
   1999.151     0.3852   2.999548     0.3857   2.999927    5.42500    -0.1287    13.8155 0.0000e+00  -60.61617  -54.71983 1153472162 202.372267    34.6853      71086         16  0.000e+00
   1999.338     0.3851   2.999531     0.3855   2.999909    5.42516    -0.1395    13.8155 0.0000e+00  -60.61617  -54.71983 1153472162 202.372268    34.6852      71087         16  0.000e+00
   1999.269     0.3854   2.999565     0.3858   2.999903    5.42506    -0.1395    13.8155 0.0000e+00  -60.61617  -54.71983 1153472162 202.372268    34.6853      71088         16  0.000e+00
   1999.269     0.3854   2.999578     0.3858   2.999921    5.42505    -0.1287    13.8155 0.0000e+00  -60.61617  -54.71983 1153472162 202.372269    34.6855      71089         16  0.000e+00
   1999.269     0.3851   2.999541     0.3855   2.999909    5.42511    -0.1395    13.8155 0.0000e+00  -60.61617  -54.71983 1153472162 202.372269    34.6853      71090         16  0.000e+00
   1999.269     0.3855   2.999548     0.3858   2.999903    5.42505    -0.1180    13.8155 0.0000e+00  -60.61617  -54.71983 1153472162 202.372269    34.6849      71091         16  0.000e+00
   1999.298     0.3848   2.999572     0.3858   2.999939    5.42515    -0.0642    13.8155 0.0000e+00  -60.61617  -54.71983 1153472162 202.372270    34.6861      71092         16  0.000e+00
   1999.269     0.3849   2.999558     0.3855   2.999915    5.42512    -0.0534    13.8155 0.0000e+00  -60.61617  -54.71983 1153472162 202.372270    34.6858      71093         16  0.000e+00
   1999.338     0.3851   2.999572     0.3857   2.999921    5.42514    -0.0426    13.8155 0.0000e+00  -60.61617  -54.71983 1153472162 202.372271    34.6857      71094         16  0.000e+00
   1999.269     0.3852   2.999578     0.3855   2.999909    5.42507    -0.0749    13.8155 0.0000e+00  -60.61617  -54.71983 1153472162 202.372271    34.6856      71095         16  0.000e+00
   1999.338     0.3855   2.999578     0.3858   2.999921    5.42508    -0.0642    13.8155 0.0000e+00  -60.61617  -54.71983 1153472162 202.372272    34.6853      71096         16  0.000e+00
   1999.338     0.3852   2.999578     0.3858   2.999927    5.42512    -0.1180    13.8155 0.0000e+00  -60.61617  -54.71983 1153472162 202.372272    34.6856      71097         16  0.000e+00
   1999.377     0.3860   2.999578     0.3858   2.999945    5.42506    -0.0964    13.8155 0.0000e+00  -60.61617  -54.71983 1153472162 202.372273    34.6847      71098         16  0.000e+00
