product_data/regression_test/downloaded_data/MDGS/320620060703/ctd/p6610801.cnv
* Sea-Bird SBE 9 Data File:
* FileName = D:\Data\Raw\p6610801.dat
* Software Version Seasave Win32 V 5.32
* Temperature SN = 1649
* Conductivity SN = 1431
* Number of Bytes Per Scan = 37
* Number of Voltage Words = 5
* Number of Scans Averaged by the Deck Unit = 1
* NMEA Latitude = 61 14.98 S
* NMEA Longitude = 054 52.52 W
* NMEA UTC (Time) = 00:10:24
** Ship:   Nathaniel B. Palmer 
** Cruise:    NBP0606 
# nquan = 15
# nvalues = 94                          
# units = specified
# name 0 = prDM: Pressure, Digiquartz [db]
# name 1 = t090C: Temperature [ITS-90, deg C]
# name 2 = c0S/m: Conductivity [S/m]
# name 3 = t190C: Temperature, 2 [ITS-90, deg C]
# name 4 = c1S/m: Conductivity, 2 [S/m]
# name 5 = sbeox0ML/L: Oxygen, SBE 43 [ml/l]
# name 6 = flECO-AFL: Fluorescence, Wetlab ECO-AFL/FL [mg/m^3]
# name 7 = bat: Beam Attenuation, Chelsea/Seatech/Wetlab CStar [1/m]
# name 8 = spar: SPAR/Surface Irradiance
# name 9 = latitude: Latitude [deg]
# name 10 = longitude: Longitude [deg]
# name 11 = timeY: Time, System [seconds]
# name 12 = timeJ: Julian Days
# name 13 = sal00: Salinity [PSU]
# name 14 = flag: flag
# span 0 =      9.000,    102.000       
# span 1 =    -0.6225,    -0.4382       
# span 2 =   2.794572,   2.819751       
# span 3 =    -0.6208,    -0.4370       
# span 4 =   2.795198,   2.820194       
# span 5 =    7.12795,    7.39657       
# span 6 =     0.0532,     0.1449       
# span 7 =    13.8155,    13.8155       
# span 8 = 0.0000e+00, 0.0000e+00       
# span 9 =  -61.24967,  -61.24967       
# span 10 =  -54.87533,  -54.87533      
# span 11 = 1152835794, 1152836195      
# span 12 = 195.006888, 195.011537      
# span 13 =    34.2404,    34.3162      
# span 14 = 0.0000e+00, 0.0000e+00      
# interval = decibars: 1                
# start_time = Jul 14 2006 00:10:31
# bad_flag = -9.990e-29
*END*
      9.000    -0.6165   2.794983    -0.6173   2.795525    7.38378     0.0965    13.8155 0.0000e+00  -61.24967  -54.87533 1152835794 195.006888    34.2409 0.0000e+00
     10.000    -0.6225   2.794572    -0.6208   2.795198    7.38269     0.0686    13.8155 0.0000e+00  -61.24967  -54.87533 1152835922 195.008379    34.2404 0.0000e+00
     11.000    -0.6106   2.795754    -0.6103   2.796196    7.37862     0.0676    13.8155 0.0000e+00  -61.24967  -54.87533 1152835940 195.008588    34.2425 0.0000e+00
     12.000    -0.6189   2.794975    -0.6181   2.795524    7.37625     0.0820    13.8155 0.0000e+00  -61.24967  -54.87533 1152835945 195.008646    34.2412 0.0000e+00
     13.000    -0.6180   2.795122    -0.6171   2.795650    7.37671     0.0819    13.8155 0.0000e+00  -61.24967  -54.87533 1152835951 195.008716    34.2416 0.0000e+00
     14.000    -0.6069   2.796242    -0.6068   2.796678    7.37214     0.0764    13.8155 0.0000e+00  -61.24967  -54.87533 1152835956 195.008772    34.2432 0.0000e+00
     15.000    -0.6132   2.795671    -0.6115   2.796251    7.37234     0.0857    13.8155 0.0000e+00  -61.24967  -54.87533 1152835962 195.008838    34.2423 0.0000e+00
     16.000    -0.6197   2.795095    -0.6195   2.795556    7.37524     0.0711    13.8155 0.0000e+00  -61.24967  -54.87533 1152835969 195.008917    34.2414 0.0000e+00
     17.000    -0.6049   2.796605    -0.6046   2.797056    7.37001     0.0708    13.8155 0.0000e+00  -61.24967  -54.87533 1152835973 195.008967    34.2440 0.0000e+00
     18.000    -0.6062   2.796508    -0.6061   2.796944    7.36867     0.0803    13.8155 0.0000e+00  -61.24967  -54.87533 1152835980 195.009045    34.2437 0.0000e+00
     19.000    -0.6172   2.795490    -0.6166   2.795952    7.37291     0.0797    13.8155 0.0000e+00  -61.24967  -54.87533 1152835985 195.009099    34.2422 0.0000e+00
     20.000    -0.6146   2.795800    -0.6125   2.796434    7.37278     0.0686    13.8155 0.0000e+00  -61.24967  -54.87533 1152835991 195.009169    34.2425 0.0000e+00
     21.000    -0.6208   2.795215    -0.6203   2.795700    7.37848     0.0666    13.8155 0.0000e+00  -61.24967  -54.87533 1152835995 195.009223    34.2413 0.0000e+00
     22.000    -0.6199   2.795351    -0.6191   2.795843    7.38087     0.0780    13.8155 0.0000e+00  -61.24967  -54.87533 1152836002 195.009304    34.2412 0.0000e+00
     23.000    -0.6195   2.795444    -0.6189   2.795913    7.37910     0.0759    13.8155 0.0000e+00  -61.24967  -54.87533 1152836006 195.009351    34.2413 0.0000e+00
     24.000    -0.6196   2.795476    -0.6187   2.795980    7.37941     0.0701    13.8155 0.0000e+00  -61.24967  -54.87533 1152836013 195.009431    34.2414 0.0000e+00
     25.000    -0.6145   2.796033    -0.6144   2.796445    7.37435     0.0795    13.8155 0.0000e+00  -61.24967  -54.87533 1152836018 195.009481    34.2423 0.0000e+00
     26.000    -0.6067   2.796855    -0.6062   2.797289    7.37258     0.0705    13.8155 0.0000e+00  -61.24967  -54.87533 1152836023 195.009547    34.2439 0.0000e+00
     27.000    -0.6063   2.796926    -0.6068   2.797266    7.37580     0.0684    13.8155 0.0000e+00  -61.24967  -54.87533 1152836029 195.009609    34.2439 0.0000e+00
     28.000    -0.6041   2.797213    -0.6034   2.797686    7.37640     0.0593    13.8155 0.0000e+00  -61.24967  -54.87533 1152836031 195.009639    34.2445 0.0000e+00
     29.000    -0.6045   2.797224    -0.6040   2.797664    7.37458     0.0640    13.8155 0.0000e+00  -61.24967  -54.87533 1152836033 195.009662    34.2446 0.0000e+00
     30.000    -0.6024   2.797503    -0.6024   2.797890    7.36958     0.0646    13.8155 0.0000e+00  -61.24967  -54.87533 1152836036 195.009692    34.2454 0.0000e+00
     31.000    -0.5994   2.797908    -0.5989   2.798347    7.36933     0.0693    13.8155 0.0000e+00  -61.24967  -54.87533 1152836038 195.009717    34.2467 0.0000e+00
     32.000    -0.5989   2.798013    -0.5977   2.798521    7.37050     0.0665    13.8155 0.0000e+00  -61.24967  -54.87533 1152836040 195.009746    34.2469 0.0000e+00
     33.000    -0.5991   2.798031    -0.5988   2.798463    7.37027     0.0640    13.8155 0.0000e+00  -61.24967  -54.87533 1152836042 195.009766    34.2469 0.0000e+00
     34.000    -0.5991   2.798134    -0.5972   2.798745    7.37018     0.0647    13.8155 0.0000e+00  -61.24967  -54.87533 1152836043 195.009782    34.2477 0.0000e+00
     35.000    -0.5967   2.798526    -0.5957   2.799072    7.36441     0.0706    13.8155 0.0000e+00  -61.24967  -54.87533 1152836046 195.009808    34.2496 0.0000e+00
     36.000    -0.5948   2.799032    -0.5938   2.799442    7.36186     0.0691    13.8155 0.0000e+00  -61.24967  -54.87533 1152836048 195.009837    34.2537 0.0000e+00
     37.000    -0.5946   2.799759    -0.5938   2.800228    7.36327     0.0604    13.8155 0.0000e+00  -61.24967  -54.87533 1152836050 195.009862    34.2626 0.0000e+00
     38.000    -0.6010   2.799487    -0.6011   2.799933    7.36910     0.0628    13.8155 0.0000e+00  -61.24967  -54.87533 1152836053 195.009887    34.2657 0.0000e+00
     39.000    -0.6103   2.799126    -0.6100   2.799578    7.37699     0.0536    13.8155 0.0000e+00  -61.24967  -54.87533 1152836054 195.009905    34.2710 0.0000e+00
     40.000    -0.6127   2.799063    -0.6119   2.799537    7.38515     0.0603    13.8155 0.0000e+00  -61.24967  -54.87533 1152836056 195.009924    34.2724 0.0000e+00
     41.000    -0.6117   2.799178    -0.6111   2.799630    7.38381     0.0681    13.8155 0.0000e+00  -61.24967  -54.87533 1152836059 195.009961    34.2719 0.0000e+00
     42.000    -0.6159   2.798990    -0.6153   2.799446    7.38356     0.0657    13.8155 0.0000e+00  -61.24967  -54.87533 1152836061 195.009984    34.2736 0.0000e+00
     43.000    -0.6173   2.798985    -0.6167   2.799442    7.38470     0.0729    13.8155 0.0000e+00  -61.24967  -54.87533 1152836063 195.010003    34.2745 0.0000e+00
     44.000    -0.6192   2.798892    -0.6185   2.799350    7.38939     0.0630    13.8155 0.0000e+00  -61.24967  -54.87533 1152836064 195.010022    34.2748 0.0000e+00
     45.000    -0.6201   2.798860    -0.6194   2.799325    7.39524     0.0745    13.8155 0.0000e+00  -61.24967  -54.87533 1152836067 195.010051    34.2747 0.0000e+00
     46.000    -0.6201   2.798908    -0.6195   2.799359    7.39657     0.0565    13.8155 0.0000e+00  -61.24967  -54.87533 1152836069 195.010078    34.2748 0.0000e+00
     47.000    -0.6211   2.798885    -0.6204   2.799349    7.39569     0.0729    13.8155 0.0000e+00  -61.24967  -54.87533 1152836071 195.010097    34.2749 0.0000e+00
     48.000    -0.6202   2.799050    -0.6194   2.799521    7.39352     0.0682    13.8155 0.0000e+00  -61.24967  -54.87533 1152836073 195.010121    34.2754 0.0000e+00
     49.000    -0.6180   2.799370    -0.6171   2.799849    7.38919     0.0630    13.8155 0.0000e+00  -61.24967  -54.87533 1152836075 195.010148    34.2766 0.0000e+00
     50.000    -0.6164   2.799599    -0.6154   2.800088    7.38503     0.0598    13.8155 0.0000e+00  -61.24967  -54.87533 1152836077 195.010169    34.2772 0.0000e+00
     51.000    -0.6145   2.799855    -0.6136   2.800326    7.38497     0.0681    13.8155 0.0000e+00  -61.24967  -54.87533 1152836079 195.010188    34.2778 0.0000e+00
     52.000    -0.6130   2.800052    -0.6123   2.800510    7.38246     0.0762    13.8155 0.0000e+00  -61.24967  -54.87533 1152836082 195.010222    34.2782 0.0000e+00
     53.000    -0.6106   2.800375    -0.6099   2.800824    7.37903     0.0659    13.8155 0.0000e+00  -61.24967  -54.87533 1152836084 195.010247    34.2791 0.0000e+00
     54.000    -0.6108   2.800392    -0.6108   2.800775    7.37809     0.0609    13.8155 0.0000e+00  -61.24967  -54.87533 1152836085 195.010262    34.2789 0.0000e+00
     55.000    -0.6079   2.800759    -0.6070   2.801217    7.37830     0.0677    13.8155 0.0000e+00  -61.24967  -54.87533 1152836087 195.010281    34.2799 0.0000e+00
     56.000    -0.6067   2.800928    -0.6057   2.801397    7.37799     0.0654    13.8155 0.0000e+00  -61.24967  -54.87533 1152836089 195.010311    34.2802 0.0000e+00
     57.000    -0.6034   2.801319    -0.6022   2.801805    7.37348     0.0589    13.8155 0.0000e+00  -61.24967  -54.87533 1152836092 195.010340    34.2812 0.0000e+00
     58.000    -0.6006   2.801649    -0.6000   2.802086    7.37268     0.0572    13.8155 0.0000e+00  -61.24967  -54.87533 1152836094 195.010361    34.2818 0.0000e+00
     59.000    -0.6005   2.801708    -0.5997   2.802160    7.36670     0.0654    13.8155 0.0000e+00  -61.24967  -54.87533 1152836095 195.010381    34.2818 0.0000e+00
     60.000    -0.6002   2.801789    -0.5996   2.802228    7.36464     0.0710    13.8155 0.0000e+00  -61.24967  -54.87533 1152836098 195.010409    34.2820 0.0000e+00
     61.000    -0.5990   2.801972    -0.5982   2.802420    7.36592     0.0544    13.8155 0.0000e+00  -61.24967  -54.87533 1152836100 195.010434    34.2825 0.0000e+00
     62.000    -0.5968   2.802232    -0.5962   2.802661    7.36140     0.0532    13.8155 0.0000e+00  -61.24967  -54.87533 1152836101 195.010453    34.2830 0.0000e+00
     63.000    -0.5929   2.802700    -0.5922   2.803127    7.35610     0.0690    13.8155 0.0000e+00  -61.24967  -54.87533 1152836103 195.010475    34.2841 0.0000e+00
     64.000    -0.5915   2.802886    -0.5908   2.803324    7.35536     0.0712    13.8155 0.0000e+00  -61.24967  -54.87533 1152836106 195.010502    34.2844 0.0000e+00
     65.000    -0.5887   2.803210    -0.5881   2.803646    7.35572     0.0679    13.8155 0.0000e+00  -61.24967  -54.87533 1152836108 195.010527    34.2850 0.0000e+00
     66.000    -0.5857   2.803559    -0.5848   2.804010    7.35311     0.0767    13.8155 0.0000e+00  -61.24967  -54.87533 1152836110 195.010553    34.2857 0.0000e+00
     67.000    -0.5826   2.803914    -0.5815   2.804390    7.34968     0.0777    13.8155 0.0000e+00  -61.24967  -54.87533 1152836112 195.010579    34.2863 0.0000e+00
     68.000    -0.5768   2.804583    -0.5748   2.805096    7.33898     0.0673    13.8155 0.0000e+00  -61.24967  -54.87533 1152836114 195.010596    34.2882 0.0000e+00
     69.000    -0.5583   2.806463    -0.5583   2.806789    7.32386     0.0763    13.8155 0.0000e+00  -61.24967  -54.87533 1152836116 195.010616    34.2913 0.0000e+00
     70.000    -0.5508   2.807238    -0.5483   2.807837    7.30599     0.0750    13.8155 0.0000e+00  -61.24967  -54.87533 1152836118 195.010647    34.2927 0.0000e+00
     71.000    -0.5408   2.808301    -0.5398   2.808726    7.29364     0.0601    13.8155 0.0000e+00  -61.24967  -54.87533 1152836120 195.010671    34.2950 0.0000e+00
     72.000    -0.5337   2.809032    -0.5326   2.809483    7.28612     0.0651    13.8155 0.0000e+00  -61.24967  -54.87533 1152836122 195.010689    34.2962 0.0000e+00
     73.000    -0.5322   2.809210    -0.5317   2.809616    7.27821     0.0757    13.8155 0.0000e+00  -61.24967  -54.87533 1152836124 195.010717    34.2964 0.0000e+00
     74.000    -0.5309   2.809398    -0.5296   2.809864    7.27249     0.0656    13.8155 0.0000e+00  -61.24967  -54.87533 1152836127 195.010744    34.2971 0.0000e+00
     75.000    -0.5256   2.809970    -0.5243   2.810442    7.27035     0.0635    13.8155 0.0000e+00  -61.24967  -54.87533 1152836128 195.010761    34.2980 0.0000e+00
     76.000    -0.5232   2.810235    -0.5226   2.810645    7.26713     0.0642    13.8155 0.0000e+00  -61.24967  -54.87533 1152836130 195.010786    34.2984 0.0000e+00
     77.000    -0.5207   2.810527    -0.5199   2.810959    7.26246     0.0852    13.8155 0.0000e+00  -61.24967  -54.87533 1152836133 195.010821    34.2991 0.0000e+00
     78.000    -0.5171   2.810934    -0.5164   2.811362    7.26074     0.0781    13.8155 0.0000e+00  -61.24967  -54.87533 1152836135 195.010837    34.2997 0.0000e+00
     79.000    -0.5165   2.811034    -0.5159   2.811449    7.25823     0.0847    13.8155 0.0000e+00  -61.24967  -54.87533 1152836136 195.010851    34.2998 0.0000e+00
     80.000    -0.5104   2.811671    -0.5091   2.812179    7.24921     0.0837    13.8155 0.0000e+00  -61.24967  -54.87533 1152836138 195.010877    34.3009 0.0000e+00
     81.000    -0.5095   2.811885    -0.5038   2.812744    7.23650     0.0763    13.8155 0.0000e+00  -61.24967  -54.87533 1152836141 195.010915    34.3021 0.0000e+00
     82.000    -0.4666   2.816142    -0.4650   2.816563    7.21559     0.0768    13.8155 0.0000e+00  -61.24967  -54.87533 1152836143 195.010933    34.3091 0.0000e+00
     83.000    -0.4633   2.816489    -0.4625   2.816895    7.19900     0.0791    13.8155 0.0000e+00  -61.24967  -54.87533 1152836145 195.010952    34.3095 0.0000e+00
     84.000    -0.4631   2.816552    -0.4611   2.817095    7.18233     0.0646    13.8155 0.0000e+00  -61.24967  -54.87533 1152836147 195.010975    34.3098 0.0000e+00
     85.000    -0.4602   2.816914    -0.4595   2.817308    7.17358     0.0810    13.8155 0.0000e+00  -61.24967  -54.87533 1152836149 195.011001    34.3110 0.0000e+00
     86.000    -0.4597   2.817008    -0.4582   2.817507    7.17002     0.0762    13.8155 0.0000e+00  -61.24967  -54.87533 1152836151 195.011026    34.3114 0.0000e+00
     87.000    -0.4568   2.817346    -0.4567   2.817705    7.16502     0.0834    13.8155 0.0000e+00  -61.24967  -54.87533 1152836153 195.011049    34.3121 0.0000e+00
     88.000    -0.4539   2.817678    -0.4525   2.818165    7.15838     0.0890    13.8155 0.0000e+00  -61.24967  -54.87533 1152836155 195.011071    34.3128 0.0000e+00
     89.000    -0.4486   2.818260    -0.4473   2.818727    7.15257     0.0848    13.8155 0.0000e+00  -61.24967  -54.87533 1152836157 195.011096    34.3139 0.0000e+00
     90.000    -0.4452   2.818648    -0.4466   2.818848    7.14910     0.0823    13.8155 0.0000e+00  -61.24967  -54.87533 1152836159 195.011123    34.3147 0.0000e+00
     91.000    -0.4548   2.817714    -0.4510   2.818441    7.15247     0.0764    13.8155 0.0000e+00  -61.24967  -54.87533 1152836161 195.011142    34.3126 0.0000e+00
     92.000    -0.4537   2.817882    -0.4534   2.818258    7.15470     0.0693    13.8155 0.0000e+00  -61.24967  -54.87533 1152836163 195.011165    34.3131 0.0000e+00
     93.000    -0.4520   2.818096    -0.4516   2.818487    7.15418     0.0828    13.8155 0.0000e+00  -61.24967  -54.87533 1152836166 195.011196    34.3135 0.0000e+00
     94.000    -0.4534   2.818020    -0.4538   2.818318    7.14760     0.0710    13.8155 0.0000e+00  -61.24967  -54.87533 1152836167 195.011214    34.3134 0.0000e+00
     95.000    -0.4491   2.818501    -0.4486   2.818892    7.14502     0.0590    13.8155 0.0000e+00  -61.24967  -54.87533 1152836169 195.011233    34.3143 0.0000e+00
     96.000    -0.4456   2.818888    -0.4453   2.819264    7.14122     0.0929    13.8155 0.0000e+00  -61.24967  -54.87533 1152836172 195.011264    34.3149 0.0000e+00
     97.000    -0.4416   2.819342    -0.4402   2.819812    7.13778     0.0823    13.8155 0.0000e+00  -61.24967  -54.87533 1152836174 195.011291    34.3158 0.0000e+00
     98.000    -0.4403   2.819516    -0.4404   2.819848    7.13735     0.0848    13.8155 0.0000e+00  -61.24967  -54.87533 1152836175 195.011307    34.3161 0.0000e+00
     99.000    -0.4382   2.819751    -0.4370   2.820194    7.13479     0.0873    13.8155 0.0000e+00  -61.24967  -54.87533 1152836177 195.011328    34.3162 0.0000e+00
    100.000    -0.4421   2.819424    -0.4414   2.819867    7.13785     0.1042    13.8155 0.0000e+00  -61.24967  -54.87533 1152836180 195.011358    34.3157 0.0000e+00
    101.000    -0.4422   2.819467    -0.4414   2.819891    7.13643     0.0943    13.8155 0.0000e+00  -61.24967  -54.87533 1152836183 195.011401    34.3160 0.0000e+00
    102.000    -0.4430   2.819428    -0.4420   2.819875    7.12795     0.1449    13.8155 0.0000e+00  -61.24967  -54.87533 1152836195 195.011537    34.3157 0.0000e+00
