product_data/regression_test/downloaded_data/MDGS/320620060703/ctd/p6617613.ros
* Sea-Bird SBE 9 Data File:
* FileName = D:\Data\Raw\p6617613.dat
* Software Version Seasave Win32 V 5.32
* Temperature SN = 1649
* Conductivity SN = 1431
* Number of Bytes Per Scan = 37
* Number of Voltage Words = 5
* Number of Scans Averaged by the Deck Unit = 1
* NMEA Latitude = 60 37.00 S
* NMEA Longitude = 054 43.23 W
* NMEA UTC (Time) = 16:30:53
** Ship:   Nathaniel B. Palmer 
** Cruise:    NBP0606 
# nquan = 17
# nvalues = 1176                    
# units = specified
# name 0 = prDM: Pressure, Digiquartz [db]
# name 1 = t090C: Temperature [ITS-90, deg C]
# name 2 = c0S/m: Conductivity [S/m]
# name 3 = t190C: Temperature, 2 [ITS-90, deg C]
# name 4 = c1S/m: Conductivity, 2 [S/m]
# name 5 = sbeox0ML/L: Oxygen, SBE 43 [ml/l]
# name 6 = flECO-AFL: Fluorescence, Wetlab ECO-AFL/FL [mg/m^3]
# name 7 = bat: Beam Attenuation, Chelsea/Seatech/Wetlab CStar [1/m]
# name 8 = spar: SPAR/Surface Irradiance
# name 9 = latitude: Latitude [deg]
# name 10 = longitude: Longitude [deg]
# name 11 = timeY: Time, System [seconds]
# name 12 = timeJ: Julian Days
# name 13 = sal00: Salinity [PSU]
# name 14 = scan: scan number
# name 15 = nbf: number of bottles fired
# name 16 = flag:  0.000e+00
# interval = seconds: 0.0416667                   
# start_time = Jul 21 2006 16:31:01
*END*
[from data line 937]
    424.695     0.3113   2.914413     0.3122   2.914805    5.82818    -0.0534    13.8155 5.0652e+01  -60.61667  -54.72050 1153500419 202.699307    34.5332      23020         20  0.000e+00
    424.685     0.3116   2.914400     0.3126   2.914800    5.82815    -0.0104    13.8155 5.0652e+01  -60.61667  -54.72050 1153500419 202.699307    34.5327      23021         20  0.000e+00
    424.695     0.3114   2.914413     0.3121   2.914817    5.82816    -0.0534    13.8155 5.0652e+01  -60.61667  -54.72050 1153500419 202.699308    34.5330      23022         20  0.000e+00
    424.685     0.3114   2.914400     0.3122   2.914800    5.82816    -0.0642    13.8155 5.0652e+01  -60.61667  -54.72050 1153500419 202.699308    34.5328      23023         20  0.000e+00
    424.685     0.3116   2.914407     0.3121   2.914817    5.82814    -0.0642    13.8155 5.0652e+01  -60.61667  -54.72050 1153500419 202.699309    34.5328      23024         20  0.000e+00
    424.628     0.3109   2.914400     0.3120   2.914823    5.82817    -0.0964    13.8155 5.0652e+01  -60.61667  -54.72050 1153500419 202.699309    34.5334      23025         20  0.000e+00
    424.685     0.3113   2.914376     0.3126   2.914823    5.82820    -0.1287    13.8155 5.0652e+01  -60.61667  -54.72050 1153500419 202.699310    34.5327      23026         20  0.000e+00
    424.695     0.3116   2.914423     0.3126   2.914823    5.82814    -0.1072    13.8155 5.0652e+01  -60.61667  -54.72050 1153500419 202.699310    34.5330      23027         20  0.000e+00
    424.618     0.3108   2.914460     0.3120   2.914823    5.82815    -0.1502    13.8155 5.0652e+01  -60.61667  -54.72050 1153500419 202.699311    34.5344      23028         20  0.000e+00
    424.685     0.3113   2.914430     0.3126   2.914823    5.82817    -0.1395    13.8155 5.0652e+01  -60.61667  -54.72050 1153500419 202.699311    34.5334      23029         20  0.000e+00
    424.628     0.3111   2.914420     0.3123   2.914800    5.82814    -0.0857    13.8155 5.0652e+01  -60.61667  -54.72050 1153500419 202.699312    34.5335      23030         20  0.000e+00
    424.685     0.3117   2.914413     0.3126   2.914800    5.82812    -0.1072    13.8155 5.0652e+01  -60.61667  -54.72050 1153500419 202.699312    34.5327      23031         20  0.000e+00
    424.628     0.3113   2.914433     0.3122   2.914841    5.82812    -0.0534    13.8155 5.0652e+01  -60.61667  -54.72050 1153500419 202.699313    34.5335      23032         20  0.000e+00
    424.685     0.3117   2.914444     0.3121   2.914829    5.82810    -0.0211    13.8155 5.0652e+01  -60.61667  -54.72050 1153500419 202.699313    34.5331      23033         20  0.000e+00
    424.618     0.3114   2.914444     0.3128   2.914800    5.82809    -0.0642    13.8155 5.0652e+01  -60.61667  -54.72050 1153500419 202.699314    34.5335      23034         20  0.000e+00
    424.695     0.3114   2.914477     0.3127   2.914800    5.82813    -0.0749    13.8155 5.0652e+01  -60.61667  -54.72050 1153500419 202.699314    34.5338      23035         20  0.000e+00
    424.618     0.3113   2.914454     0.3125   2.914817    5.82810    -0.0749    13.8155 5.0652e+01  -60.61667  -54.72050 1153500419 202.699315    34.5338      23036         20  0.000e+00
    424.685     0.3113   2.914444     0.3126   2.914823    5.82816    -0.0642    13.8155 5.0652e+01  -60.61667  -54.72050 1153500420 202.699315    34.5336      23037         20  0.000e+00
    424.628     0.3111   2.914420     0.3123   2.914823    5.82814    -0.0964    13.8155 5.0652e+01  -60.61667  -54.72050 1153500420 202.699316    34.5335      23038         20  0.000e+00
    424.685     0.3109   2.914471     0.3118   2.914823    5.82818    -0.0642    13.8155 5.0652e+01  -60.61667  -54.72050 1153500420 202.699316    34.5343      23039         20  0.000e+00
    424.628     0.3111   2.914437     0.3120   2.914800    5.82813    -0.0426    13.8155 5.0652e+01  -60.61667  -54.72050 1153500420 202.699317    34.5337      23040         20  0.000e+00
    424.685     0.3113   2.914437     0.3119   2.914794    5.82816    -0.0642    13.8155 5.0652e+01  -60.61667  -54.72050 1153500420 202.699317    34.5335      23041         20  0.000e+00
    424.685     0.3116   2.914460     0.3119   2.914800    5.82812    -0.1180    13.8155 5.0652e+01  -60.61667  -54.72050 1153500420 202.699318    34.5335      23042         20  0.000e+00
    424.628     0.3114   2.914447     0.3120   2.914776    5.82809    -0.1180    13.8155 5.0652e+01  -60.61667  -54.72050 1153500420 202.699318    34.5335      23043         20  0.000e+00
    424.685     0.3117   2.914444     0.3118   2.914770    5.83290    -0.1180    13.8155 5.0652e+01  -60.61667  -54.72050 1153500420 202.699319    34.5331      23044         20  0.000e+00
    424.695     0.3117   2.914454     0.3120   2.914805    5.83290    -0.1610    13.8155 5.0652e+01  -60.61667  -54.72050 1153500420 202.699319    34.5332      23045         20  0.000e+00
    424.685     0.3119   2.914447     0.3122   2.914847    5.83288    -0.1180    13.8155 5.2600e+01  -60.61667  -54.72050 1153500420 202.699320    34.5330      23046         20  0.000e+00
    424.551     0.3116   2.914444     0.3131   2.914894    5.82802    -0.1287    13.8155 5.4548e+01  -60.61667  -54.72050 1153500420 202.699320    34.5333      23047         20  0.000e+00
    424.772     0.3119   2.914444     0.3136   2.914924    5.82816    -0.0857    13.8155 5.4548e+01  -60.61667  -54.72050 1153500420 202.699321    34.5329      23048         20  0.000e+00
    424.762     0.3113   2.914460     0.3134   2.914971    5.82821    -0.0749    13.8155 5.4548e+01  -60.61667  -54.72050 1153500420 202.699321    34.5338      23049         20  0.000e+00
    424.695     0.3116   2.914430     0.3135   2.914971    5.82814    -0.0534    13.8155 5.4548e+01  -60.61667  -54.72050 1153500420 202.699321    34.5331      23050         20  0.000e+00
    424.685     0.3111   2.914437     0.3137   2.914959    5.82818    -0.0534    13.8155 5.4548e+01  -60.61667  -54.72050 1153500420 202.699322    34.5337      23051         20  0.000e+00
    424.685     0.3113   2.914437     0.3144   2.914941    5.82816    -0.1072    13.8155 5.2600e+01  -60.61667  -54.72050 1153500420 202.699322    34.5335      23052         20  0.000e+00
    424.772     0.3116   2.914457     0.3139   2.914977    5.82819    -0.1072    13.8155 5.2600e+01  -60.61667  -54.72050 1153500420 202.699323    34.5334      23053         20  0.000e+00
    424.685     0.3109   2.914447     0.3144   2.915012    5.82820    -0.0749    13.8155 5.2600e+01  -60.61667  -54.72050 1153500420 202.699323    34.5340      23054         20  0.000e+00
    424.772     0.3116   2.914494     0.3146   2.915036    5.83296    -0.0642    13.8155 5.2600e+01  -60.61667  -54.72050 1153500420 202.699324    34.5339      23055         20  0.000e+00
    424.762     0.3117   2.914494     0.3151   2.915042    5.82814    -0.0426    13.8155 5.4548e+01  -60.61667  -54.72050 1153500420 202.699324    34.5337      23056         20  0.000e+00
    424.762     0.3117   2.914471     0.3150   2.915065    5.83294    -0.0426    13.8155 5.4548e+01  -60.61667  -54.72050 1153500420 202.699325    34.5334      23057         20  0.000e+00
    424.695     0.3116   2.914484     0.3146   2.915071    5.82811    -0.0749    13.8155 5.4548e+01  -60.61667  -54.72050 1153500420 202.699325    34.5338      23058         20  0.000e+00
    424.829     0.3120   2.914484     0.3147   2.915071    5.83295    -0.0749    13.8155 5.4548e+01  -60.61667  -54.72050 1153500420 202.699326    34.5332      23059         20  0.000e+00
    424.772     0.3120   2.914487     0.3145   2.915047    5.83291    -0.0642    13.8155 5.4548e+01  -60.61667  -54.72050 1153500420 202.699326    34.5332      23060         20  0.000e+00
    424.762     0.3120   2.914508     0.3149   2.915024    5.83289    -0.0642    13.8155 5.4548e+01  -60.61667  -54.72050 1153500421 202.699327    34.5335      23061         20  0.000e+00
    424.829     0.3114   2.914514     0.3145   2.915036    5.82822    -0.1072    13.8155 5.4548e+01  -60.61667  -54.72050 1153500421 202.699327    34.5343      23062         20  0.000e+00
    424.407     0.3113   2.914400     0.3074   2.914439    5.82796    -0.0642    13.8155 5.0652e+01  -60.61667  -54.72050 1153500430 202.699439    34.5332      23293         21  0.000e+00
    424.417     0.3113   2.914396     0.3075   2.914422    5.82797    -0.0964    13.8155 5.0652e+01  -60.61667  -54.72050 1153500430 202.699439    34.5331      23294         21  0.000e+00
    424.407     0.3117   2.914390     0.3078   2.914434    5.82791    -0.0749    13.8155 5.0652e+01  -60.61667  -54.72050 1153500430 202.699440    34.5325      23295         21  0.000e+00
    424.407     0.3116   2.914393     0.3075   2.914404    5.82793    -0.0426    13.8155 5.0652e+01  -60.61667  -54.72050 1153500430 202.699440    34.5328      23296         21  0.000e+00
    424.340     0.3108   2.914363     0.3076   2.914410    5.82798    -0.0749    13.8155 5.0652e+01  -60.61667  -54.72050 1153500430 202.699441    34.5333      23297         21  0.000e+00
    424.407     0.3111   2.914366     0.3072   2.914434    5.82799    -0.1180    13.8155 5.0652e+01  -60.61667  -54.72050 1153500430 202.699441    34.5329      23298         21  0.000e+00
    424.206     0.3111   2.914373     0.3084   2.914439    5.82783    -0.1180    13.8155 5.0652e+01  -60.61667  -54.72050 1153500430 202.699442    34.5331      23299         21  0.000e+00
    424.551     0.3114   2.914339     0.3083   2.914404    5.82809    -0.0642    13.8155 5.0652e+01  -60.61667  -54.72050 1153500430 202.699442    34.5321      23300         21  0.000e+00
    424.407     0.3111   2.914359     0.3079   2.914410    5.83279    -0.0857    13.8155 5.0652e+01  -60.61667  -54.72050 1153500431 202.699443    34.5328      23301         21  0.000e+00
    424.340     0.3113   2.914349     0.3077   2.914433    5.83272    -0.1072    13.8155 5.0652e+01  -60.61667  -54.72050 1153500431 202.699443    34.5326      23302         21  0.000e+00
    424.407     0.3106   2.914363     0.3084   2.914439    5.83284    -0.0964    13.8155 5.0652e+01  -60.61667  -54.72050 1153500431 202.699443    34.5334      23303         21  0.000e+00
    424.340     0.3100   2.914356     0.3078   2.914439    5.83287    -0.0964    13.8155 5.0652e+01  -60.61667  -54.72050 1153500431 202.699444    34.5340      23304         21  0.000e+00
    424.407     0.3105   2.914332     0.3079   2.914422    5.82808    -0.0749    13.8155 5.0652e+01  -60.61667  -54.72050 1153500431 202.699444    34.5332      23305         21  0.000e+00
    424.407     0.3106   2.914309     0.3077   2.914416    5.82808    -0.0857    13.8155 5.0652e+01  -60.61667  -54.72050 1153500431 202.699445    34.5327      23306         21  0.000e+00
    424.340     0.3102   2.914356     0.3073   2.914416    5.82805    -0.0319    13.8155 5.0652e+01  -60.61667  -54.72050 1153500431 202.699445    34.5339      23307         21  0.000e+00
    424.407     0.3106   2.914356     0.3074   2.914351    5.82806    -0.0534    13.8155 5.0652e+01  -60.61667  -54.72050 1153500431 202.699446    34.5333      23308         21  0.000e+00
    424.407     0.3105   2.914363     0.3071   2.914351    5.83286    -0.1180    13.8155 5.0652e+01  -60.61667  -54.72050 1153500431 202.699446    34.5336      23309         21  0.000e+00
    424.340     0.3106   2.914356     0.3075   2.914357    5.83279    -0.1502    13.8155 5.0652e+01  -60.61667  -54.72050 1153500431 202.699447    34.5334      23310         21  0.000e+00
    424.407     0.3109   2.914366     0.3076   2.914357    5.83280    -0.1502    13.8155 5.0652e+01  -60.61667  -54.72050 1153500431 202.699447    34.5331      23311         21  0.000e+00
    424.340     0.3109   2.914356     0.3080   2.914357    5.82796    -0.0964    13.8155 5.0652e+01  -60.61667  -54.72050 1153500431 202.699448    34.5330      23312         21  0.000e+00
    424.407     0.3117   2.914383     0.3078   2.914374    5.82791    -0.0857    13.8155 5.0652e+01  -60.61667  -54.72050 1153500431 202.699448    34.5324      23313         21  0.000e+00
    424.407     0.3111   2.914363     0.3075   2.914386    5.82799    -0.0749    13.8155 5.2600e+01  -60.61667  -54.72050 1153500431 202.699449    34.5329      23314         21  0.000e+00
    424.417     0.3114   2.914353     0.3074   2.914363    5.83276    -0.0534    13.8155 5.2600e+01  -60.61667  -54.72050 1153500431 202.699449    34.5324      23315         21  0.000e+00
    424.407     0.3108   2.914363     0.3072   2.914374    5.83282    -0.0749    13.8155 5.2600e+01  -60.61667  -54.72050 1153500431 202.699450    34.5332      23316         21  0.000e+00
    424.417     0.3106   2.914356     0.3074   2.914386    5.82806    -0.1287    13.8155 5.2600e+01  -60.61667  -54.72050 1153500431 202.699450    34.5333      23317         21  0.000e+00
    424.407     0.3109   2.914366     0.3072   2.914345    5.82801    -0.0857    13.8155 5.2600e+01  -60.61667  -54.72050 1153500431 202.699451    34.5331      23318         21  0.000e+00
    424.407     0.3108   2.914390     0.3068   2.914369    5.82802    -0.0642    13.8155 5.2600e+01  -60.61667  -54.72050 1153500431 202.699451    34.5336      23319         21  0.000e+00
    424.417     0.3111   2.914363     0.3066   2.914345    5.82800    -0.0642    13.8155 5.2600e+01  -60.61667  -54.72050 1153500431 202.699452    34.5329      23320         21  0.000e+00
    424.407     0.3105   2.914332     0.3062   2.914315    5.83288    -0.0426    13.8155 5.0652e+01  -60.61667  -54.72050 1153500431 202.699452    34.5332      23321         21  0.000e+00
    424.407     0.3103   2.914305     0.3066   2.914304    5.82812    -0.0319    13.8155 5.0652e+01  -60.61667  -54.72050 1153500431 202.699453    34.5330      23322         21  0.000e+00
    424.417     0.3106   2.914268     0.3064   2.914304    5.82811    -0.0319    13.8155 5.2600e+01  -60.61667  -54.72050 1153500431 202.699453    34.5322      23323         21  0.000e+00
    424.474     0.3097   2.914221     0.3063   2.914286    5.82829    -0.0319    13.8155 5.2600e+01  -60.61667  -54.72050 1153500431 202.699454    34.5326      23324         21  0.000e+00
    424.417     0.3091   2.914157     0.3062   2.914298    5.82835    -0.0534    13.8155 5.2600e+01  -60.61667  -54.72050 1153500431 202.699454    34.5324      23325         21  0.000e+00
    424.474     0.3091   2.914120     0.3068   2.914280    5.82842    -0.1072    13.8155 5.2600e+01  -60.61667  -54.72050 1153500432 202.699455    34.5319      23326         21  0.000e+00
    424.474     0.3085   2.914117     0.3070   2.914316    5.82849    -0.0964    13.8155 5.2600e+01  -60.61667  -54.72050 1153500432 202.699455    34.5326      23327         21  0.000e+00
    424.417     0.3082   2.914134     0.3066   2.914333    5.82847    -0.1287    13.8155 5.2600e+01  -60.61667  -54.72050 1153500432 202.699456    34.5332      23328         21  0.000e+00
    424.474     0.3083   2.914134     0.3062   2.914310    5.82850    -0.1180    13.8155 5.2600e+01  -60.61667  -54.72050 1153500432 202.699456    34.5330      23329         21  0.000e+00
    424.484     0.3080   2.914120     0.3068   2.914321    5.82855    -0.1072    13.8155 5.2600e+01  -60.61667  -54.72050 1153500432 202.699457    34.5332      23330         21  0.000e+00
    424.474     0.3083   2.914134     0.3073   2.914333    5.82850    -0.0534    13.8155 5.2600e+01  -60.61667  -54.72050 1153500432 202.699457    34.5330      23331         21  0.000e+00
    424.551     0.3080   2.914141     0.3075   2.914351    5.82860    -0.0534    13.8155 5.2600e+01  -60.61667  -54.72050 1153500432 202.699457    34.5334      23332         21  0.000e+00
    424.484     0.3080   2.914141     0.3070   2.914375    5.82854    -0.0964    13.8155 5.2600e+01  -60.61667  -54.72050 1153500432 202.699458    34.5334      23333         21  0.000e+00
