product_data/regression_test/downloaded_data/MDGS/320620060703/ctd/p6615901.ros
* Sea-Bird SBE 9 Data File:
* FileName = D:\Data\Raw\p6615901.dat
* Software Version Seasave Win32 V 5.32
* Temperature SN = 1649
* Conductivity SN = 1431
* Number of Bytes Per Scan = 37
* Number of Voltage Words = 5
* Number of Scans Averaged by the Deck Unit = 1
* NMEA Latitude = 60 53.99 S
* NMEA Longitude = 055 57.20 W
* NMEA UTC (Time) = 05:26:27
** Ship:   Nathaniel B. Palmer 
** Cruise:    NBP0606 
# nquan = 17
# nvalues = 1176                    
# units = specified
# name 0 = prDM: Pressure, Digiquartz [db]
# name 1 = t090C: Temperature [ITS-90, deg C]
# name 2 = c0S/m: Conductivity [S/m]
# name 3 = t190C: Temperature, 2 [ITS-90, deg C]
# name 4 = c1S/m: Conductivity, 2 [S/m]
# name 5 = sbeox0ML/L: Oxygen, SBE 43 [ml/l]
# name 6 = flECO-AFL: Fluorescence, Wetlab ECO-AFL/FL [mg/m^3]
# name 7 = bat: Beam Attenuation, Chelsea/Seatech/Wetlab CStar [1/m]
# name 8 = spar: SPAR/Surface Irradiance
# name 9 = latitude: Latitude [deg]
# name 10 = longitude: Longitude [deg]
# name 11 = timeY: Time, System [seconds]
# name 12 = timeJ: Julian Days
# name 13 = sal00: Salinity [PSU]
# name 14 = scan: scan number
# name 15 = nbf: number of bottles fired
# name 16 = flag:  0.000e+00
# interval = seconds: 0.0416667                   
# start_time = Jul 19 2006 05:26:34
*END*
    600.266    -0.2070   2.877426    -0.2065   2.877784    6.13552    -0.1072    13.8155 0.0000e+00  -60.89983  -55.95333 1153287691 200.237183    34.5234      21568          1  0.000e+00
    600.285    -0.2068   2.877433    -0.2063   2.877790    6.13551    -0.1180    13.8155 0.0000e+00  -60.89983  -55.95333 1153287691 200.237184    34.5233      21569          1  0.000e+00
    600.333    -0.2069   2.877446    -0.2063   2.877807    6.13555    -0.1072    13.8155 0.0000e+00  -60.89983  -55.95333 1153287691 200.237184    34.5235      21570          1  0.000e+00
    600.218    -0.2068   2.877453    -0.2062   2.877796    6.13047    -0.1072    13.8155 0.0000e+00  -60.89983  -55.95333 1153287691 200.237185    34.5236      21571          1  0.000e+00
    600.333    -0.2072   2.877403    -0.2063   2.877772    6.13064    -0.0211    13.8155 0.0000e+00  -60.89983  -55.95333 1153287691 200.237185    34.5233      21572          1  0.000e+00
    600.410    -0.2073   2.877403    -0.2071   2.877719    6.13073     0.0004    13.8155 0.0000e+00  -60.89983  -55.95333 1153287691 200.237186    34.5234      21573          1  0.000e+00
    600.285    -0.2072   2.877373    -0.2075   2.877666    6.13062    -0.0857    13.8155 0.0000e+00  -60.89983  -55.95333 1153287691 200.237186    34.5229      21574          1  0.000e+00
    600.410    -0.2078   2.877363    -0.2082   2.877655    6.13081    -0.1180    13.8155 0.0000e+00  -60.89983  -55.95333 1153287691 200.237187    34.5234      21575          1  0.000e+00
    600.429    -0.2074   2.877363    -0.2075   2.877655    6.13078    -0.1072    13.8155 0.0000e+00  -60.89983  -55.95333 1153287692 200.237187    34.5230      21576          1  0.000e+00
    600.410    -0.2078   2.877343    -0.2074   2.877672    6.13082    -0.0534    13.8155 0.0000e+00  -60.89983  -55.95333 1153287692 200.237187    34.5231      21577          1  0.000e+00
    600.410    -0.2079   2.877379    -0.2072   2.877684    6.13082    -0.0426    13.8155 0.0000e+00  -60.89983  -55.95333 1153287692 200.237188    34.5238      21578          1  0.000e+00
    600.506    -0.2079   2.877353    -0.2071   2.877684    6.13092    -0.0964    13.8155 0.0000e+00  -60.89983  -55.95333 1153287692 200.237188    34.5234      21579          1  0.000e+00
    600.477    -0.2078   2.877339    -0.2074   2.877702    6.13088    -0.0964    13.8155 0.0000e+00  -60.89983  -55.95333 1153287692 200.237189    34.5230      21580          1  0.000e+00
    600.429    -0.2078   2.877319    -0.2071   2.877708    6.13085    -0.0857    13.8155 0.0000e+00  -60.89983  -55.95333 1153287692 200.237189    34.5228      21581          1  0.000e+00
    600.554    -0.2076   2.877349    -0.2076   2.877666    6.13092    -0.0749    13.8155 0.0000e+00  -60.89983  -55.95333 1153287692 200.237190    34.5229      21582          1  0.000e+00
    600.554    -0.2078   2.877379    -0.2079   2.877672    6.13092    -0.1072    13.8155 0.0000e+00  -60.89983  -55.95333 1153287692 200.237190    34.5235      21583          1  0.000e+00
    600.574    -0.2082   2.877349    -0.2074   2.877661    6.13101    -0.0749    13.8155 0.0000e+00  -60.89983  -55.95333 1153287692 200.237191    34.5236      21584          1  0.000e+00
    600.622    -0.2081   2.877356    -0.2079   2.877637    6.13103    -0.0534    13.8155 0.0000e+00  -60.89983  -55.95333 1153287692 200.237191    34.5235      21585          1  0.000e+00
    600.641    -0.2073   2.877363    -0.2077   2.877649    6.13095    -0.0642    13.8155 0.0000e+00  -60.89983  -55.95333 1153287692 200.237192    34.5227      21586          1  0.000e+00
    600.689    -0.2079   2.877380    -0.2080   2.877655    6.13106    -0.1180    13.8155 0.0000e+00  -60.89983  -55.95333 1153287692 200.237192    34.5236      21587          1  0.000e+00
    600.689    -0.2078   2.877366    -0.2080   2.877672    6.13104    -0.0749    13.8155 0.0000e+00  -60.89983  -55.95333 1153287692 200.237193    34.5233      21588          1  0.000e+00
    600.718    -0.2079   2.877380    -0.2078   2.877702    6.13108    -0.1072    13.8155 0.0000e+00  -60.89983  -55.95333 1153287692 200.237193    34.5236      21589          1  0.000e+00
    600.766    -0.2078   2.877349    -0.2079   2.877690    6.13112    -0.1072    13.8155 0.0000e+00  -60.89983  -55.95333 1153287692 200.237194    34.5230      21590          1  0.000e+00
    600.785    -0.2078   2.877356    -0.2080   2.877684    6.13113    -0.1180    13.8155 0.0000e+00  -60.89983  -55.95333 1153287692 200.237194    34.5231      21591          1  0.000e+00
    600.766    -0.2081   2.877380    -0.2080   2.877684    6.13114    -0.0642    13.8155 0.0000e+00  -60.89983  -55.95333 1153287692 200.237195    34.5237      21592          1  0.000e+00
    600.910    -0.2073   2.877333    -0.2083   2.877684    6.13119    -0.0211    13.8155 0.0000e+00  -60.89983  -55.95333 1153287692 200.237195    34.5222      21593          1  0.000e+00
    600.862    -0.2082   2.877333    -0.2078   2.877684    6.13127    -0.0426    13.8155 0.0000e+00  -60.89983  -55.95333 1153287692 200.237196    34.5233      21594          1  0.000e+00
    600.910    -0.2082   2.877339    -0.2076   2.877684    6.13131    -0.0642    13.8155 0.0000e+00  -60.89983  -55.95333 1153287692 200.237196    34.5233      21595          1  0.000e+00
    600.929    -0.2079   2.877309    -0.2071   2.877719    6.13130    -0.0534    13.8155 0.0000e+00  -60.89983  -55.95333 1153287692 200.237197    34.5225      21596          1  0.000e+00
    601.045    -0.2084   2.877329    -0.2074   2.877714    6.13145    -0.0749    13.8155 0.0000e+00  -60.89983  -55.95333 1153287692 200.237197    34.5233      21597          1  0.000e+00
    600.997    -0.2087   2.877356    -0.2077   2.877690    6.13143    -0.0749    13.8155 0.0000e+00  -60.89983  -55.95333 1153287692 200.237198    34.5240      21598          1  0.000e+00
    601.045    -0.2082   2.877380    -0.2080   2.877684    6.13140    -0.0857    13.8155 0.0000e+00  -60.89983  -55.95333 1153287692 200.237198    34.5238      21599          1  0.000e+00
    601.122    -0.2087   2.877350    -0.2085   2.877661    6.13154    -0.1072    13.8155 0.0000e+00  -60.89983  -55.95333 1153287693 200.237199    34.5238      21600          1  0.000e+00
    601.141    -0.2076   2.877390    -0.2086   2.877655    6.13140    -0.1180    13.8155 0.0000e+00  -60.89983  -55.95333 1153287693 200.237199    34.5231      21601          1  0.000e+00
    601.122    -0.2076   2.877427    -0.2083   2.877655    6.13136    -0.0857    13.8155 0.0000e+00  -60.89983  -55.95333 1153287693 200.237200    34.5236      21602          1  0.000e+00
    601.218    -0.2073   2.877534    -0.2072   2.877714    6.13134    -0.0319    13.8155 0.0000e+00  -60.89983  -55.95333 1153287693 200.237200    34.5247      21603          1  0.000e+00
    601.266    -0.2062   2.877671    -0.2061   2.877878    6.13117    -0.0749    13.8155 0.0000e+00  -60.89983  -55.95333 1153287693 200.237201    34.5252      21604          1  0.000e+00
    601.266    -0.2053   2.877725    -0.2055   2.877943    6.13102    -0.0426    13.8155 0.0000e+00  -60.89983  -55.95333 1153287693 200.237201    34.5249      21605          1  0.000e+00
    601.352    -0.2042   2.877711    -0.2049   2.877972    6.13097    -0.0426    13.8155 0.0000e+00  -60.89983  -55.95333 1153287693 200.237201    34.5234      21606          1  0.000e+00
    601.333    -0.2053   2.877671    -0.2055   2.877984    6.13111    -0.0642    13.8155 0.0000e+00  -60.89983  -55.95333 1153287693 200.237202    34.5241      21607          1  0.000e+00
    601.429    -0.2051   2.877591    -0.2052   2.877937    6.13122    -0.0749    13.8155 0.0000e+00  -60.89983  -55.95333 1153287693 200.237202    34.5228      21608          1  0.000e+00
    601.477    -0.2056   2.877604    -0.2048   2.877925    6.13131    -0.0749    13.8155 0.0000e+00  -60.89983  -55.95333 1153287693 200.237203    34.5235      21609          1  0.000e+00
    601.477    -0.2057   2.877597    -0.2052   2.877966    6.13133    -0.0857    13.8155 0.0000e+00  -60.89983  -55.95333 1153287693 200.237203    34.5236      21610          1  0.000e+00
    601.497    -0.2056   2.877614    -0.2051   2.877937    6.13132    -0.0534    13.8155 0.0000e+00  -60.89983  -55.95333 1153287693 200.237204    34.5236      21611          1  0.000e+00
    601.545    -0.2057   2.877601    -0.2055   2.877925    6.13139    -0.0426    13.8155 0.0000e+00  -60.89983  -55.95333 1153287693 200.237204    34.5236      21612          1  0.000e+00
    601.574    -0.2058   2.877594    -0.2057   2.877884    6.13142    -0.0749    13.8155 0.0000e+00  -60.89983  -55.95333 1153287693 200.237205    34.5235      21613          1  0.000e+00
    601.689    -0.2061   2.877611    -0.2060   2.877890    6.13154    -0.1072    13.8155 0.0000e+00  -60.89983  -55.95333 1153287693 200.237205    34.5240      21614          1  0.000e+00
    601.641    -0.2055   2.877648    -0.2065   2.877855    6.13141    -0.1072    13.8155 0.0000e+00  -60.89983  -55.95333 1153287693 200.237206    34.5238      21615          1  0.000e+00
    601.689    -0.2061   2.877611    -0.2060   2.877884    6.13155    -0.0642    13.8155 0.0000e+00  -60.89983  -55.95333 1153287693 200.237206    34.5240      21616          1  0.000e+00
    500.207    -0.4468   2.849397    -0.3647   2.856873    6.35283    -0.0642    13.8155 0.0000e+00  -60.89983  -55.95333 1153287847 200.238983    34.4800      25300          2  0.000e+00
    500.284    -0.4468   2.849307    -0.3635   2.856896    6.35295    -0.0857    13.8155 0.0000e+00  -60.89983  -55.95333 1153287847 200.238983    34.4787      25301          2  0.000e+00
    500.255    -0.4456   2.849317    -0.3662   2.856814    6.34783    -0.0857    13.8155 0.0000e+00  -60.89983  -55.95333 1153287847 200.238984    34.4775      25302          2  0.000e+00
    500.207    -0.4415   2.849347    -0.3715   2.856738    6.34724    -0.1072    13.8155 0.0000e+00  -60.89983  -55.95333 1153287847 200.238984    34.4733      25303          2  0.000e+00
    500.207    -0.4386   2.849437    -0.3722   2.856691    6.35174    -0.0749    13.8155 0.0000e+00  -60.89983  -55.95333 1153287847 200.238985    34.4713      25304          2  0.000e+00
    500.188    -0.4356   2.849537    -0.3721   2.856638    6.34635    -0.0642    13.8155 0.0000e+00  -60.89983  -55.95333 1153287847 200.238985    34.4692      25305          2  0.000e+00
    500.284    -0.4341   2.849561    -0.3698   2.856462    6.34622    -0.0642    13.8155 0.0000e+00  -60.89983  -55.95333 1153287847 200.238986    34.4677      25306          2  0.000e+00
    500.207    -0.4335   2.849644    -0.3684   2.856287    6.34602    -0.0534    13.8155 0.0000e+00  -60.89983  -55.95333 1153287847 200.238986    34.4682      25307          2  0.000e+00
    500.140    -0.4324   2.849757    -0.3685   2.856187    6.34576    -0.0534    13.8155 0.0000e+00  -60.89983  -55.95333 1153287847 200.238987    34.4686      25308          2  0.000e+00
    500.188    -0.4302   2.849767    -0.3664   2.856287    6.34551    -0.0964    13.8155 0.0000e+00  -60.89983  -55.95333 1153287847 200.238987    34.4662      25309          2  0.000e+00
    500.207    -0.4282   2.849744    -0.3664   2.856468    6.34527    -0.1072    13.8155 0.0000e+00  -60.89983  -55.95333 1153287847 200.238988    34.4636      25310          2  0.000e+00
    500.140    -0.4276   2.849811    -0.3661   2.856679    6.34510    -0.1072    13.8155 0.0000e+00  -60.89983  -55.95333 1153287847 200.238988    34.4639      25311          2  0.000e+00
    500.111    -0.4263   2.849954    -0.3641   2.856884    6.34482    -0.0857    13.8155 0.0000e+00  -60.89983  -55.95333 1153287847 200.238989    34.4643      25312          2  0.000e+00
    500.140    -0.4262   2.850164    -0.3621   2.856943    6.34471    -0.0749    13.8155 0.0000e+00  -60.89983  -55.95333 1153287847 200.238989    34.4669      25313          2  0.000e+00
    500.140    -0.4252   2.850357    -0.3647   2.856767    6.34447    -0.0749    13.8155 0.0000e+00  -60.89983  -55.95333 1153287847 200.238990    34.4684      25314          2  0.000e+00
    500.111    -0.4229   2.850471    -0.3698   2.856421    6.34408    -0.0857    13.8155 0.0000e+00  -60.89983  -55.95333 1153287847 200.238990    34.4674      25315          2  0.000e+00
    500.140    -0.4202   2.850494    -0.3702   2.855959    6.34375    -0.0964    13.8155 0.0000e+00  -60.89983  -55.95333 1153287847 200.238991    34.4647      25316          2  0.000e+00
    500.073    -0.4200   2.850544    -0.3719   2.855472    6.34363    -0.0749    13.8155 0.0000e+00  -60.89983  -55.95333 1153287847 200.238991    34.4652      25317          2  0.000e+00
    500.073    -0.4202   2.850734    -0.3772   2.855127    6.34355    -0.1072    13.8155 0.0000e+00  -60.89983  -55.95333 1153287847 200.238992    34.4679      25318          2  0.000e+00
    500.044    -0.4201   2.851064    -0.3804   2.854951    6.34331    -0.0749    13.8155 0.0000e+00  -60.89983  -55.95333 1153287848 200.238992    34.4722      25319          2  0.000e+00
    500.073    -0.4193   2.851374    -0.3837   2.854816    6.34305    -0.0857    13.8155 0.0000e+00  -60.89983  -55.95333 1153287848 200.238993    34.4754      25320          2  0.000e+00
    500.073    -0.4148   2.851604    -0.3853   2.854623    6.34234    -0.1072    13.8155 0.0000e+00  -60.89983  -55.95333 1153287848 200.238993    34.4734      25321          2  0.000e+00
    500.044    -0.4108   2.851778    -0.3881   2.854348    6.33676    -0.0857    13.8155 0.0000e+00  -60.89983  -55.95333 1153287848 200.238994    34.4712      25322          2  0.000e+00
    499.996    -0.4061   2.851958    -0.3903   2.854090    6.34586    -0.1072    13.8155 0.0000e+00  -60.89983  -55.95333 1153287848 200.238994    34.4684      25323          2  0.000e+00
    499.996    -0.4038   2.852085    -0.3910   2.853949    6.33563    -0.0642    13.8155 0.0000e+00  -60.89983  -55.95333 1153287848 200.238995    34.4674      25324          2  0.000e+00
    499.977    -0.4029   2.852078    -0.3898   2.853902    6.34043    -0.1072    13.8155 0.0000e+00  -60.89983  -55.95333 1153287848 200.238995    34.4663      25325          2  0.000e+00
    499.996    -0.4035   2.851928    -0.3906   2.853937    6.34061    -0.1287    13.8155 0.0000e+00  -60.89983  -55.95333 1153287848 200.238995    34.4650      25326          2  0.000e+00
    499.996    -0.4054   2.851814    -0.3926   2.853891    6.34585    -0.0749    13.8155 0.0000e+00  -60.89983  -55.95333 1153287848 200.238996    34.4656      25327          2  0.000e+00
    499.929    -0.4055   2.851728    -0.3949   2.853809    6.33600    -0.0749    13.8155 0.0000e+00  -60.89983  -55.95333 1153287848 200.238996    34.4646      25328          2  0.000e+00
    499.977    -0.4070   2.851614    -0.3938   2.853750    6.34617    -0.1180    13.8155 0.0000e+00  -60.89983  -55.95333 1153287848 200.238997    34.4648      25329          2  0.000e+00
    499.929    -0.4080   2.851501    -0.3903   2.853856    6.34138    -0.0749    13.8155 0.0000e+00  -60.89983  -55.95333 1153287848 200.238997    34.4644      25330          2  0.000e+00
    499.929    -0.4109   2.851508    -0.3887   2.854020    6.33683    -0.0534    13.8155 0.0000e+00  -60.89983  -55.95333 1153287848 200.238998    34.4678      25331          2  0.000e+00
    499.900    -0.4123   2.851551    -0.3877   2.854160    6.34682    -0.0211    13.8155 0.0000e+00  -60.89983  -55.95333 1153287848 200.238998    34.4700      25332          2  0.000e+00
    499.929    -0.4126   2.851651    -0.3868   2.854271    6.34683    -0.0426    13.8155 0.0000e+00  -60.89983  -55.95333 1153287848 200.238999    34.4717      25333          2  0.000e+00
    499.929    -0.4114   2.851751    -0.3877   2.854219    6.34168    -0.0534    13.8155 0.0000e+00  -60.89983  -55.95333 1153287848 200.238999    34.4716      25334          2  0.000e+00
    499.900    -0.4098   2.851908    -0.3895   2.854090    6.34629    -0.0534    13.8155 0.0000e+00  -60.89983  -55.95333 1153287848 200.239000    34.4720      25335          2  0.000e+00
