product_data/regression_test/downloaded_data/MDGS/320620060703/ctd/p6617606.ros
* Sea-Bird SBE 9 Data File:
* FileName = D:\Data\Raw\p6617606.dat
* Software Version Seasave Win32 V 5.32
* Temperature SN = 1649
* Conductivity SN = 1431
* Number of Bytes Per Scan = 37
* Number of Voltage Words = 5
* Number of Scans Averaged by the Deck Unit = 1
* NMEA Latitude = 60 36.97 S
* NMEA Longitude = 054 43.19 W
* NMEA UTC (Time) = 10:02:35
** Ship:   Nathaniel B. Palmer 
** Cruise:    NBP0606 
# nquan = 17
# nvalues = 1176                    
# units = specified
# name 0 = prDM: Pressure, Digiquartz [db]
# name 1 = t090C: Temperature [ITS-90, deg C]
# name 2 = c0S/m: Conductivity [S/m]
# name 3 = t190C: Temperature, 2 [ITS-90, deg C]
# name 4 = c1S/m: Conductivity, 2 [S/m]
# name 5 = sbeox0ML/L: Oxygen, SBE 43 [ml/l]
# name 6 = flECO-AFL: Fluorescence, Wetlab ECO-AFL/FL [mg/m^3]
# name 7 = bat: Beam Attenuation, Chelsea/Seatech/Wetlab CStar [1/m]
# name 8 = spar: SPAR/Surface Irradiance
# name 9 = latitude: Latitude [deg]
# name 10 = longitude: Longitude [deg]
# name 11 = timeY: Time, System [seconds]
# name 12 = timeJ: Julian Days
# name 13 = sal00: Salinity [PSU]
# name 14 = scan: scan number
# name 15 = nbf: number of bottles fired
# name 16 = flag:  0.000e+00
# interval = seconds: 0.0416667                   
# start_time = Jul 21 2006 10:02:43
*END*
[from data line 171]
    151.092    -0.0160   2.859955     0.0525   2.867684    6.42643    -0.0104    13.8155 0.0000e+00  -60.61617  -54.71983 1153476547 202.423021    34.3455       9265          4  0.000e+00
    151.159    -0.0220   2.859834     0.0511   2.867549    6.42732     0.0112    13.8155 0.0000e+00  -60.61617  -54.71983 1153476547 202.423021    34.3505       9266          4  0.000e+00
    151.225    -0.0233   2.860155     0.0524   2.867637    6.42736    -0.0534    13.8155 0.0000e+00  -60.61617  -54.71983 1153476547 202.423022    34.3562       9267          4  0.000e+00
    151.225    -0.0206   2.860813     0.0531   2.867719    6.42663    -0.0749    13.8155 0.0000e+00  -60.61617  -54.71983 1153476547 202.423022    34.3619       9268          4  0.000e+00
    151.302    -0.0158   2.861324     0.0528   2.867690    6.42578    -0.0319    13.8155 0.0000e+00  -60.61617  -54.71983 1153476547 202.423023    34.3632       9269          4  0.000e+00
    151.369    -0.0162   2.860512     0.0514   2.867555    6.42638     0.0112    13.8155 0.0000e+00  -60.61617  -54.71983 1153476548 202.423023    34.3529       9270          4  0.000e+00
    151.369    -0.0286   2.858993     0.0382   2.866787    6.42886    -0.0104    13.8155 0.0000e+00  -60.61617  -54.71983 1153476548 202.423024    34.3467       9271          4  0.000e+00
    151.436    -0.0393   2.857888     0.0248   2.865467    6.43095    -0.0426    13.8155 0.0000e+00  -60.61617  -54.71983 1153476548 202.423024    34.3440       9272          4  0.000e+00
    151.445    -0.0468   2.857932     0.0163   2.864394    6.43190    -0.1180    13.8155 0.0000e+00  -60.61617  -54.71983 1153476548 202.423025    34.3530       9273          4  0.000e+00
    151.512    -0.0366   2.860105     0.0163   2.864077    6.42938    -0.0642    13.8155 0.0000e+00  -60.61617  -54.71983 1153476548 202.423025    34.3704       9274          4  0.000e+00
    151.579    -0.0145   2.861568     0.0262   2.864868    6.42573     0.0004    13.8155 0.0000e+00  -60.61617  -54.71983 1153476548 202.423026    34.3649       9275          4  0.000e+00
    151.579    -0.0089   2.861571     0.0339   2.865907    6.42500    -0.0104    13.8155 0.0000e+00  -60.61617  -54.71983 1153476548 202.423026    34.3587       9276          4  0.000e+00
    151.646    -0.0067   2.861668     0.0368   2.866388    6.42473    -0.0534    13.8155 0.0000e+00  -60.61617  -54.71983 1153476548 202.423027    34.3574       9277          4  0.000e+00
    151.646    -0.0038   2.862145     0.0408   2.866605    6.42407    -0.0319    13.8155 0.0000e+00  -60.61617  -54.71983 1153476548 202.423027    34.3605       9278          4  0.000e+00
    151.722     0.0027   2.862990     0.0465   2.867056    6.42280    -0.0211    13.8155 0.0000e+00  -60.61617  -54.71983 1153476548 202.423028    34.3643       9279          4  0.000e+00
    151.722     0.0097   2.863341     0.0516   2.867496    6.42170    -0.0426    13.8155 0.0000e+00  -60.61617  -54.71983 1153476548 202.423028    34.3611       9280          4  0.000e+00
    151.722     0.0115   2.863224     0.0551   2.867743    6.42153    -0.0319    13.8155 0.0000e+00  -60.61617  -54.71983 1153476548 202.423029    34.3575       9281          4  0.000e+00
    151.789     0.0104   2.863041     0.0545   2.867707    6.42185    -0.0426    13.8155 0.0000e+00  -60.61617  -54.71983 1153476548 202.423029    34.3564       9282          4  0.000e+00
    151.789     0.0077   2.862580     0.0476   2.867273    6.42246    -0.0319    13.8155 0.0000e+00  -60.61617  -54.71983 1153476548 202.423030    34.3532       9283          4  0.000e+00
    151.789     0.0020   2.862119     0.0433   2.866792    6.42347    -0.0534    13.8155 0.0000e+00  -60.61617  -54.71983 1153476548 202.423030    34.3536       9284          4  0.000e+00
    151.856    -0.0020   2.862145     0.0413   2.866534    6.42403    -0.0319    13.8155 0.0000e+00  -60.61617  -54.71983 1153476548 202.423030    34.3584       9285          4  0.000e+00
    151.856    -0.0047   2.862516     0.0389   2.866347    6.42416    -0.0211    13.8155 0.0000e+00  -60.61617  -54.71983 1153476548 202.423031    34.3663       9286          4  0.000e+00
    151.856    -0.0026   2.863435     0.0320   2.865854    6.42335    -0.0211    13.8155 0.0000e+00  -60.61617  -54.71983 1153476548 202.423031    34.3761       9287          4  0.000e+00
    151.865     0.0094   2.864307     0.0308   2.865478    6.42130    -0.0426    13.8155 0.0000e+00  -60.61617  -54.71983 1153476548 202.423032    34.3742       9288          4  0.000e+00
    151.856     0.0177   2.864574     0.0315   2.865584    6.41542    -0.0211    13.8155 0.0000e+00  -60.61617  -54.71983 1153476548 202.423032    34.3685       9289          4  0.000e+00
    149.897     0.0488   2.867043     0.0559   2.867947    6.39893    -0.0211    13.8155 0.0000e+00  -60.61617  -54.71983 1153476554 202.423096    34.3674       9421          5  0.000e+00
    149.887     0.0488   2.867023     0.0561   2.867971    6.39894    -0.0534    13.8155 0.0000e+00  -60.61617  -54.71983 1153476554 202.423097    34.3672       9422          5  0.000e+00
    149.887     0.0489   2.867073     0.0559   2.868017    6.39889    -0.0642    13.8155 0.0000e+00  -60.61617  -54.71983 1153476554 202.423097    34.3676       9423          5  0.000e+00
    149.963     0.0505   2.867130     0.0568   2.868053    6.39872    -0.0749    13.8155 0.0000e+00  -60.61617  -54.71983 1153476554 202.423098    34.3666       9424          5  0.000e+00
    149.820     0.0508   2.867137     0.0568   2.868076    6.39855    -0.0319    13.8155 0.0000e+00  -60.61617  -54.71983 1153476554 202.423098    34.3665       9425          5  0.000e+00
    149.963     0.0505   2.867157     0.0568   2.868064    6.39871    -0.0104    13.8155 0.0000e+00  -60.61617  -54.71983 1153476554 202.423098    34.3670       9426          5  0.000e+00
    149.963     0.0509   2.867160     0.0567   2.868041    6.39864     0.0004    13.8155 0.0000e+00  -60.61617  -54.71983 1153476554 202.423099    34.3665       9427          5  0.000e+00
    149.897     0.0506   2.867026     0.0561   2.868029    6.39870    -0.0104    13.8155 0.0000e+00  -60.61617  -54.71983 1153476554 202.423099    34.3651       9428          5  0.000e+00
    149.963     0.0489   2.866806     0.0565   2.868053    6.39911     0.0004    13.8155 0.0000e+00  -60.61617  -54.71983 1153476554 202.423100    34.3641       9429          5  0.000e+00
    149.963     0.0467   2.866816     0.0568   2.868035    6.39938     0.0112    13.8155 0.0000e+00  -60.61617  -54.71983 1153476554 202.423100    34.3666       9430          5  0.000e+00
    149.963     0.0474   2.867153     0.0568   2.868076    6.39911     0.0434    13.8155 0.0000e+00  -60.61617  -54.71983 1153476554 202.423101    34.3704       9431          5  0.000e+00
    149.963     0.0503   2.867474     0.0562   2.868006    6.39389     0.0327    13.8155 0.0000e+00  -60.61617  -54.71983 1153476554 202.423101    34.3713       9432          5  0.000e+00
    150.030     0.0539   2.867608     0.0561   2.867959    6.39341    -0.0104    13.8155 0.0000e+00  -60.61617  -54.71983 1153476554 202.423102    34.3691       9433          5  0.000e+00
    150.030     0.0545   2.867655     0.0547   2.867871    6.39331    -0.0642    13.8155 0.0000e+00  -60.61617  -54.71983 1153476554 202.423102    34.3690       9434          5  0.000e+00
    149.963     0.0545   2.867635     0.0548   2.867841    6.39326    -0.0964    13.8155 0.0000e+00  -60.61617  -54.71983 1153476554 202.423103    34.3688       9435          5  0.000e+00
    150.097     0.0551   2.867638     0.0544   2.867824    6.39795    -0.0642    13.8155 0.0000e+00  -60.61617  -54.71983 1153476554 202.423103    34.3680       9436          5  0.000e+00
    150.030     0.0550   2.867621     0.0524   2.867730    6.39791    -0.0749    13.8155 0.0000e+00  -60.61617  -54.71983 1153476554 202.423104    34.3680       9437          5  0.000e+00
    150.030     0.0550   2.867538     0.0513   2.867624    6.39332    -0.0426    13.8155 0.0000e+00  -60.61617  -54.71983 1153476555 202.423104    34.3669       9438          5  0.000e+00
    150.107     0.0541   2.867521     0.0502   2.867554    6.39351    -0.0319    13.8155 0.0000e+00  -60.61617  -54.71983 1153476555 202.423105    34.3677       9439          5  0.000e+00
    150.097     0.0536   2.867361     0.0500   2.867525    6.39366    -0.0104    13.8155 0.0000e+00  -60.61617  -54.71983 1153476555 202.423105    34.3661       9440          5  0.000e+00
    150.097     0.0528   2.867160     0.0508   2.867460    6.39387    -0.0534    13.8155 0.0000e+00  -60.61617  -54.71983 1153476555 202.423106    34.3643       9441          5  0.000e+00
    150.107     0.0503   2.867016     0.0502   2.867454    6.39428    -0.0426    13.8155 0.0000e+00  -60.61617  -54.71983 1153476555 202.423106    34.3652       9442          5  0.000e+00
    150.097     0.0488   2.867030     0.0499   2.867425    6.39447     0.0004    13.8155 0.0000e+00  -60.61617  -54.71983 1153476555 202.423107    34.3671       9443          5  0.000e+00
    150.173     0.0486   2.867097     0.0508   2.867484    6.39451     0.0112    13.8155 0.0000e+00  -60.61617  -54.71983 1153476555 202.423107    34.3681       9444          5  0.000e+00
    150.097     0.0492   2.867066     0.0508   2.867560    6.39438    -0.0211    13.8155 0.0000e+00  -60.61617  -54.71983 1153476555 202.423108    34.3671       9445          5  0.000e+00
    150.173     0.0492   2.867013     0.0507   2.867548    6.39448    -0.0642    13.8155 0.0000e+00  -60.61617  -54.71983 1153476555 202.423108    34.3663       9446          5  0.000e+00
    150.173     0.0486   2.866990     0.0504   2.867484    6.39458    -0.0319    13.8155 0.0000e+00  -60.61617  -54.71983 1153476555 202.423109    34.3667       9447          5  0.000e+00
    150.173     0.0491   2.866996     0.0507   2.867402    6.39451    -0.0211    13.8155 0.0000e+00  -60.61617  -54.71983 1153476555 202.423109    34.3663       9448          5  0.000e+00
    150.240     0.0484   2.866936     0.0502   2.867402    6.39004    -0.0319    13.8155 0.0000e+00  -60.61617  -54.71983 1153476555 202.423110    34.3662       9449          5  0.000e+00
    150.173     0.0477   2.866856     0.0497   2.867372    6.39477    -0.0426    13.8155 0.0000e+00  -60.61617  -54.71983 1153476555 202.423110    34.3660       9450          5  0.000e+00
    150.240     0.0477   2.866802     0.0496   2.867355    6.39021    -0.0211    13.8155 0.0000e+00  -60.61617  -54.71983 1153476555 202.423111    34.3652       9451          5  0.000e+00
    150.173     0.0474   2.866712     0.0508   2.867419    6.39024    -0.0319    13.8155 0.0000e+00  -60.61617  -54.71983 1153476555 202.423111    34.3644       9452          5  0.000e+00
    150.240     0.0458   2.866575     0.0507   2.867495    6.39524    -0.0211    13.8155 0.0000e+00  -60.61617  -54.71983 1153476555 202.423111    34.3643       9453          5  0.000e+00
    150.240     0.0446   2.866475     0.0507   2.867537    6.39545    -0.0211    13.8155 0.0000e+00  -60.61617  -54.71983 1153476555 202.423112    34.3644       9454          5  0.000e+00
    150.240     0.0425   2.866415     0.0514   2.867583    6.39109    -0.0426    13.8155 0.0000e+00  -60.61617  -54.71983 1153476555 202.423112    34.3659       9455          5  0.000e+00
    150.240     0.0424   2.866355     0.0522   2.867636    6.39580    -0.0319    13.8155 0.0000e+00  -60.61617  -54.71983 1153476555 202.423113    34.3653       9456          5  0.000e+00
    150.240     0.0414   2.866388     0.0519   2.867654    6.39125    -0.0319    13.8155 0.0000e+00  -60.61617  -54.71983 1153476555 202.423113    34.3668       9457          5  0.000e+00
    150.307     0.0417   2.866408     0.0517   2.867589    6.39126    -0.0534    13.8155 0.0000e+00  -60.61617  -54.71983 1153476555 202.423114    34.3666       9458          5  0.000e+00
    150.240     0.0425   2.866508     0.0511   2.867513    6.39104    -0.0426    13.8155 0.0000e+00  -60.61617  -54.71983 1153476555 202.423114    34.3671       9459          5  0.000e+00
    150.317     0.0444   2.866528     0.0502   2.867407    6.39086    -0.0642    13.8155 0.0000e+00  -60.61617  -54.71983 1153476555 202.423115    34.3652       9460          5  0.000e+00
    150.240     0.0452   2.866605     0.0494   2.867361    6.39065    -0.0857    13.8155 0.0000e+00  -60.61617  -54.71983 1153476555 202.423115    34.3654       9461          5  0.000e+00
    150.307     0.0455   2.866706     0.0488   2.867419    6.39061    -0.0534    13.8155 0.0000e+00  -60.61617  -54.71983 1153476555 202.423116    34.3664       9462          5  0.000e+00
    150.240     0.0459   2.866759     0.0485   2.867454    6.39046    -0.0534    13.8155 0.0000e+00  -60.61617  -54.71983 1153476556 202.423116    34.3666       9463          5  0.000e+00
    150.383     0.0466   2.866722     0.0483   2.867443    6.39053    -0.0642    13.8155 0.0000e+00  -60.61617  -54.71983 1153476556 202.423117    34.3653       9464          5  0.000e+00
    150.307     0.0463   2.866752     0.0476   2.867460    6.39048    -0.0749    13.8155 0.0000e+00  -60.61617  -54.71983 1153476556 202.423117    34.3661       9465          5  0.000e+00
    150.307     0.0471   2.866736     0.0486   2.867460    6.39039    -0.0857    13.8155 0.0000e+00  -60.61617  -54.71983 1153476556 202.423118    34.3650       9466          5  0.000e+00
    150.317     0.0453   2.866659     0.0500   2.867460    6.39066    -0.0319    13.8155 0.0000e+00  -60.61617  -54.71983 1153476556 202.423118    34.3659       9467          5  0.000e+00
    150.307     0.0452   2.866669     0.0499   2.867460    6.39067    -0.0104    13.8155 0.0000e+00  -60.61617  -54.71983 1153476556 202.423119    34.3662       9468          5  0.000e+00
    150.307     0.0453   2.866719     0.0500   2.867443    6.39062    -0.0642    13.8155 0.0000e+00  -60.61617  -54.71983 1153476556 202.423119    34.3667       9469          5  0.000e+00
    151.223     0.0377   2.866121     0.0454   2.867097    6.36948     0.0004    13.8155 0.0000e+00  -60.61617  -54.71983 1153476561 202.423184    34.3668       9603          6  0.000e+00
    151.290     0.0366   2.866285     0.0465   2.867050    6.36959     0.0327    13.8155 0.0000e+00  -60.61617  -54.71983 1153476561 202.423184    34.3702       9604          6  0.000e+00
    151.223     0.0387   2.866495     0.0445   2.866950    6.36915     0.0219    13.8155 0.0000e+00  -60.61617  -54.71983 1153476561 202.423185    34.3707       9605          6  0.000e+00
    151.300     0.0407   2.866579     0.0416   2.866798    6.36891     0.0434    13.8155 0.0000e+00  -60.61617  -54.71983 1153476561 202.423185    34.3695       9606          6  0.000e+00
    151.223     0.0413   2.866592     0.0392   2.866698    6.36876     0.0219    13.8155 0.0000e+00  -60.61617  -54.71983 1153476562 202.423186    34.3690       9607          6  0.000e+00
    151.366     0.0405   2.866656     0.0382   2.866657    6.36895    -0.0211    13.8155 0.0000e+00  -60.61617  -54.71983 1153476562 202.423186    34.3707       9608          6  0.000e+00
    151.233     0.0417   2.866713     0.0391   2.866633    6.36864    -0.0319    13.8155 0.0000e+00  -60.61617  -54.71983 1153476562 202.423187    34.3701       9609          6  0.000e+00
    151.290     0.0442   2.866659     0.0428   2.866751    6.36840     0.0004    13.8155 0.0000e+00  -60.61617  -54.71983 1153476562 202.423187    34.3666       9610          6  0.000e+00
    151.290     0.0449   2.866702     0.0451   2.866886    6.36829     0.0112    13.8155 0.0000e+00  -60.61617  -54.71983 1153476562 202.423188    34.3664       9611          6  0.000e+00
    151.290     0.0458   2.866816     0.0448   2.866938    6.36811     0.0112    13.8155 0.0000e+00  -60.61617  -54.71983 1153476562 202.423188    34.3669       9612          6  0.000e+00
