product_data/regression_test/downloaded_data/MDGS/320620060703/ctd/p6617605.ros
* Sea-Bird SBE 9 Data File:
* FileName = D:\Data\Raw\p6617605.dat
* Software Version Seasave Win32 V 5.32
* Temperature SN = 1649
* Conductivity SN = 1431
* Number of Bytes Per Scan = 37
* Number of Voltage Words = 5
* Number of Scans Averaged by the Deck Unit = 1
* NMEA Latitude = 60 36.97 S
* NMEA Longitude = 054 43.19 W
* NMEA UTC (Time) = 08:06:33
** Ship:   Nathaniel B. Palmer 
** Cruise:    NBP0606 
# nquan = 17
# nvalues = 1176                    
# units = specified
# name 0 = prDM: Pressure, Digiquartz [db]
# name 1 = t090C: Temperature [ITS-90, deg C]
# name 2 = c0S/m: Conductivity [S/m]
# name 3 = t190C: Temperature, 2 [ITS-90, deg C]
# name 4 = c1S/m: Conductivity, 2 [S/m]
# name 5 = sbeox0ML/L: Oxygen, SBE 43 [ml/l]
# name 6 = flECO-AFL: Fluorescence, Wetlab ECO-AFL/FL [mg/m^3]
# name 7 = bat: Beam Attenuation, Chelsea/Seatech/Wetlab CStar [1/m]
# name 8 = spar: SPAR/Surface Irradiance
# name 9 = latitude: Latitude [deg]
# name 10 = longitude: Longitude [deg]
# name 11 = timeY: Time, System [seconds]
# name 12 = timeJ: Julian Days
# name 13 = sal00: Salinity [PSU]
# name 14 = scan: scan number
# name 15 = nbf: number of bottles fired
# name 16 = flag:  0.000e+00
# interval = seconds: 0.0416667                   
# start_time = Jul 21 2006 08:06:42
*END*
[from data line 86]
   2001.391     0.3879   2.999883     0.3888   3.000268    5.43212    -0.1072    13.8155 0.0000e+00  -60.61617  -54.71983 1153472037 202.370828    34.6856      68102          2  0.000e+00
   2001.323     0.3882   2.999852     0.3891   3.000244    5.42614    -0.0857    13.8155 0.0000e+00  -60.61617  -54.71983 1153472037 202.370829    34.6849      68103          2  0.000e+00
   2001.323     0.3882   2.999876     0.3887   3.000256    5.43204    -0.1287    13.8155 0.0000e+00  -60.61617  -54.71983 1153472037 202.370829    34.6852      68104          2  0.000e+00
   2001.244     0.3882   2.999865     0.3889   3.000244    5.43199    -0.1287    13.8155 0.0000e+00  -60.61617  -54.71983 1153472037 202.370829    34.6851      68105          2  0.000e+00
   2001.284     0.3882   2.999879     0.3891   3.000256    5.43201    -0.1287    13.8155 0.0000e+00  -60.61617  -54.71983 1153472038 202.370830    34.6852      68106          2  0.000e+00
   2001.244     0.3886   2.999869     0.3888   3.000244    5.43193    -0.1072    13.8155 0.0000e+00  -60.61617  -54.71983 1153472038 202.370830    34.6846      68107          2  0.000e+00
   2001.176     0.3880   2.999845     0.3884   3.000214    5.43196    -0.1072    13.8155 0.0000e+00  -60.61617  -54.71983 1153472038 202.370831    34.6850      68108          2  0.000e+00
   2001.244     0.3890   2.999876     0.3886   3.000226    5.43189    -0.0749    13.8155 0.0000e+00  -60.61617  -54.71983 1153472038 202.370831    34.6843      68109          2  0.000e+00
   2001.176     0.3885   2.999906     0.3888   3.000214    5.43187    -0.0749    13.8155 0.0000e+00  -60.61617  -54.71983 1153472038 202.370832    34.6853      68110          2  0.000e+00
   2001.176     0.3885   2.999859     0.3891   3.000208    5.43190    -0.0749    13.8155 0.0000e+00  -60.61617  -54.71983 1153472038 202.370832    34.6847      68111          2  0.000e+00
   2001.097     0.3885   2.999876     0.3888   3.000226    5.42592    -0.1072    13.8155 0.0000e+00  -60.61617  -54.71983 1153472038 202.370833    34.6849      68112          2  0.000e+00
   2001.136     0.3883   2.999906     0.3886   3.000184    5.42595    -0.1287    13.8155 0.0000e+00  -60.61617  -54.71983 1153472038 202.370833    34.6855      68113          2  0.000e+00
   2000.215     0.3880   2.999797     0.3882   3.000100    5.42535    -0.1072    13.8155 0.0000e+00  -60.61617  -54.71983 1153472045 202.370920    34.6849      68293          3  0.000e+00
   2000.215     0.3879   2.999773     0.3880   3.000094    5.42538    -0.0749    13.8155 0.0000e+00  -60.61617  -54.71983 1153472045 202.370921    34.6848      68294          3  0.000e+00
   2000.215     0.3879   2.999800     0.3877   3.000112    5.42537    -0.0749    13.8155 0.0000e+00  -60.61617  -54.71983 1153472045 202.370921    34.6851      68295          3  0.000e+00
   2000.136     0.3880   2.999759     0.3877   3.000100    5.42531    -0.0964    13.8155 0.0000e+00  -60.61617  -54.71983 1153472045 202.370922    34.6844      68296          3  0.000e+00
   2000.136     0.3874   2.999746     0.3878   3.000112    5.42539    -0.1395    13.8155 0.0000e+00  -60.61617  -54.71983 1153472046 202.370922    34.6850      68297          3  0.000e+00
   2000.176     0.3874   2.999763     0.3881   3.000100    5.42541    -0.1287    13.8155 0.0000e+00  -60.61617  -54.71983 1153472046 202.370923    34.6852      68298          3  0.000e+00
   2000.136     0.3874   2.999749     0.3878   3.000136    5.42539    -0.0319    13.8155 0.0000e+00  -60.61617  -54.71983 1153472046 202.370923    34.6850      68299          3  0.000e+00
   2000.136     0.3872   2.999763     0.3878   3.000154    5.42540    -0.0534    13.8155 0.0000e+00  -60.61617  -54.71983 1153472046 202.370924    34.6854      68300          3  0.000e+00
   2000.136     0.3869   2.999732     0.3874   3.000130    5.42545    -0.1395    13.8155 0.0000e+00  -60.61617  -54.71983 1153472046 202.370924    34.6853      68301          3  0.000e+00
   2000.068     0.3872   2.999739     0.3877   3.000124    5.42536    -0.1287    13.8155 0.0000e+00  -60.61617  -54.71983 1153472046 202.370924    34.6851      68302          3  0.000e+00
   2000.068     0.3871   2.999746     0.3874   3.000124    5.42537    -0.0749    13.8155 0.0000e+00  -60.61617  -54.71983 1153472046 202.370925    34.6853      68303          3  0.000e+00
   2000.097     0.3866   2.999746     0.3872   3.000124    5.42545    -0.0642    13.8155 0.0000e+00  -60.61617  -54.71983 1153472046 202.370925    34.6858      68304          3  0.000e+00
   2000.068     0.3875   2.999763     0.3874   3.000100    5.42531    -0.1180    13.8155 0.0000e+00  -60.61617  -54.71983 1153472046 202.370926    34.6851      68305          3  0.000e+00
   2000.068     0.3872   2.999787     0.3877   3.000076    5.42534    -0.0749    13.8155 0.0000e+00  -60.61617  -54.71983 1153472046 202.370926    34.6857      68306          3  0.000e+00
   1999.989     0.3869   2.999773     0.3877   3.000070    5.42532    -0.1072    13.8155 0.0000e+00  -60.61617  -54.71983 1153472046 202.370927    34.6859      68307          3  0.000e+00
   2000.068     0.3874   2.999732     0.3874   3.000070    5.42534    -0.1395    13.8155 0.0000e+00  -60.61617  -54.71983 1153472046 202.370927    34.6848      68308          3  0.000e+00
   1999.989     0.3869   2.999756     0.3874   3.000088    5.42533    -0.1395    13.8155 0.0000e+00  -60.61617  -54.71983 1153472046 202.370928    34.6857      68309          3  0.000e+00
   2000.029     0.3874   2.999780     0.3872   3.000076    5.42529    -0.1180    13.8155 0.0000e+00  -60.61617  -54.71983 1153472046 202.370928    34.6854      68310          3  0.000e+00
   1999.989     0.3869   2.999773     0.3872   3.000070    5.43123    -0.0642    13.8155 0.0000e+00  -60.61617  -54.71983 1153472046 202.370929    34.6859      68311          3  0.000e+00
   1999.989     0.3871   2.999787     0.3877   3.000088    5.42529    -0.0642    13.8155 0.0000e+00  -60.61617  -54.71983 1153472046 202.370929    34.6859      68312          3  0.000e+00
   2000.068     0.3872   2.999773     0.3878   3.000094    5.43125    -0.1072    13.8155 0.0000e+00  -60.61617  -54.71983 1153472046 202.370930    34.6855      68313          3  0.000e+00
   1999.989     0.3877   2.999770     0.3872   3.000088    5.42523    -0.1287    13.8155 0.0000e+00  -60.61617  -54.71983 1153472046 202.370930    34.6850      68314          3  0.000e+00
   1999.989     0.3877   2.999770     0.3871   3.000070    5.42523    -0.1287    13.8155 0.0000e+00  -60.61617  -54.71983 1153472046 202.370931    34.6850      68315          3  0.000e+00
   1999.950     0.3875   2.999749     0.3875   3.000070    5.42523    -0.1395    13.8155 0.0000e+00  -60.61617  -54.71983 1153472046 202.370931    34.6849      68316          3  0.000e+00
   1999.989     0.3877   2.999780     0.3874   3.000070    5.42522    -0.1395    13.8155 0.0000e+00  -60.61617  -54.71983 1153472046 202.370932    34.6851      68317          3  0.000e+00
   1999.989     0.3875   2.999756     0.3871   3.000047    5.42526    -0.1502    13.8155 0.0000e+00  -60.61617  -54.71983 1153472046 202.370932    34.6850      68318          3  0.000e+00
   1999.921     0.3875   2.999763     0.3869   3.000058    5.42520    -0.1287    13.8155 0.0000e+00  -60.61617  -54.71983 1153472046 202.370933    34.6851      68319          3  0.000e+00
   1999.989     0.3869   2.999770     0.3874   3.000088    5.42532    -0.0964    13.8155 0.0000e+00  -60.61617  -54.71983 1153472046 202.370933    34.6859      68320          3  0.000e+00
   1999.989     0.3875   2.999749     0.3874   3.000076    5.42526    -0.0642    13.8155 0.0000e+00  -60.61617  -54.71983 1153472046 202.370934    34.6849      68321          3  0.000e+00
   1999.950     0.3874   2.999763     0.3871   3.000070    5.42524    -0.0857    13.8155 0.0000e+00  -60.61617  -54.71983 1153472047 202.370934    34.6853      68322          3  0.000e+00
   1999.989     0.3874   2.999770     0.3872   3.000070    5.43118    -0.0642    13.8155 0.0000e+00  -60.61617  -54.71983 1153472047 202.370935    34.6853      68323          3  0.000e+00
   1999.921     0.3869   2.999770     0.3877   3.000047    5.42527    -0.0534    13.8155 0.0000e+00  -60.61617  -54.71983 1153472047 202.370935    34.6859      68324          3  0.000e+00
   1999.989     0.3877   2.999763     0.3872   3.000041    5.42523    -0.0857    13.8155 0.0000e+00  -60.61617  -54.71983 1153472047 202.370936    34.6849      68325          3  0.000e+00
   1999.989     0.3875   2.999766     0.3872   3.000059    5.42525    -0.1072    13.8155 0.0000e+00  -60.61617  -54.71983 1153472047 202.370936    34.6851      68326          3  0.000e+00
   1999.921     0.3874   2.999749     0.3875   3.000070    5.42522    -0.0749    13.8155 0.0000e+00  -60.61617  -54.71983 1153472047 202.370937    34.6851      68327          3  0.000e+00
   2000.029     0.3869   2.999763     0.3875   3.000070    5.42535    -0.0642    13.8155 0.0000e+00  -60.61617  -54.71983 1153472047 202.370937    34.6858      68328          3  0.000e+00
   1999.921     0.3872   2.999770     0.3872   3.000088    5.42523    -0.1180    13.8155 0.0000e+00  -60.61617  -54.71983 1153472047 202.370938    34.6856      68329          3  0.000e+00
   1999.989     0.3874   2.999749     0.3875   3.000076    5.42528    -0.1072    13.8155 0.0000e+00  -60.61617  -54.71983 1153472047 202.370938    34.6851      68330          3  0.000e+00
   1999.989     0.3880   2.999780     0.3877   3.000070    5.42519    -0.1072    13.8155 0.0000e+00  -60.61617  -54.71983 1153472047 202.370938    34.6848      68331          3  0.000e+00
   1999.989     0.3875   2.999756     0.3872   3.000088    5.42526    -0.1072    13.8155 0.0000e+00  -60.61617  -54.71983 1153472047 202.370939    34.6850      68332          3  0.000e+00
   1999.989     0.3877   2.999780     0.3878   3.000130    5.42522    -0.1072    13.8155 0.0000e+00  -60.61617  -54.71983 1153472047 202.370939    34.6851      68333          3  0.000e+00
   2000.029     0.3875   2.999773     0.3875   3.000088    5.42528    -0.0964    13.8155 0.0000e+00  -60.61617  -54.71983 1153472047 202.370940    34.6852      68334          3  0.000e+00
   1999.989     0.3875   2.999749     0.3872   3.000047    5.42526    -0.1287    13.8155 0.0000e+00  -60.61617  -54.71983 1153472047 202.370940    34.6849      68335          3  0.000e+00
   1999.989     0.3880   2.999797     0.3871   3.000058    5.42518    -0.1287    13.8155 0.0000e+00  -60.61617  -54.71983 1153472047 202.370941    34.6850      68336          3  0.000e+00
   1999.989     0.3874   2.999780     0.3871   3.000047    5.42526    -0.1395    13.8155 0.0000e+00  -60.61617  -54.71983 1153472047 202.370941    34.6855      68337          3  0.000e+00
   2000.068     0.3877   2.999770     0.3874   3.000059    5.42529    -0.1072    13.8155 0.0000e+00  -60.61617  -54.71983 1153472047 202.370942    34.6850      68338          3  0.000e+00
   1999.989     0.3875   2.999770     0.3869   3.000023    5.42525    -0.1072    13.8155 0.0000e+00  -60.61617  -54.71983 1153472047 202.370942    34.6852      68339          3  0.000e+00
   2000.097     0.3877   2.999780     0.3869   3.000070    5.42531    -0.0857    13.8155 0.0000e+00  -60.61617  -54.71983 1153472047 202.370943    34.6851      68340          3  0.000e+00
   1999.989     0.3871   2.999756     0.3871   3.000053    5.42531    -0.0534    13.8155 0.0000e+00  -60.61617  -54.71983 1153472047 202.370943    34.6855      68341          3  0.000e+00
   2001.324     0.3848   2.999559     0.3849   2.999892    5.42668    -0.0857    13.8155 0.0000e+00  -60.61617  -54.71983 1153472055 202.371027    34.6849      68515          4  0.000e+00
   2001.393     0.3851   2.999589     0.3847   2.999904    5.42668    -0.0749    13.8155 0.0000e+00  -60.61617  -54.71983 1153472055 202.371028    34.6849      68516          4  0.000e+00
   2001.324     0.3846   2.999548     0.3846   2.999880    5.42670    -0.1072    13.8155 0.0000e+00  -60.61617  -54.71983 1153472055 202.371028    34.6849      68517          4  0.000e+00
   2001.353     0.3848   2.999548     0.3843   2.999892    5.42671    -0.1072    13.8155 0.0000e+00  -60.61617  -54.71983 1153472055 202.371029    34.6847      68518          4  0.000e+00
   2001.393     0.3844   2.999589     0.3843   2.999880    5.42675    -0.0534    13.8155 0.0000e+00  -60.61617  -54.71983 1153472055 202.371029    34.6856      68519          4  0.000e+00
   2001.393     0.3841   2.999583     0.3846   2.999892    5.42679    -0.1072    13.8155 0.0000e+00  -60.61617  -54.71983 1153472055 202.371030    34.6858      68520          4  0.000e+00
   2001.324     0.3844   2.999579     0.3846   2.999922    5.42671    -0.1718    13.8155 0.0000e+00  -60.61617  -54.71983 1153472055 202.371030    34.6855      68521          4  0.000e+00
   2001.393     0.3848   2.999559     0.3849   2.999910    5.42082    -0.1072    13.8155 0.0000e+00  -60.61617  -54.71983 1153472055 202.371031    34.6848      68522          4  0.000e+00
   2001.324     0.3844   2.999572     0.3847   2.999904    5.42671    -0.0857    13.8155 0.0000e+00  -60.61617  -54.71983 1153472055 202.371031    34.6854      68523          4  0.000e+00
   2001.245     0.3848   2.999579     0.3847   2.999922    5.42661    -0.0749    13.8155 0.0000e+00  -60.61617  -54.71983 1153472055 202.371032    34.6852      68524          4  0.000e+00
   2001.353     0.3847   2.999579     0.3850   2.999910    5.42669    -0.0857    13.8155 0.0000e+00  -60.61617  -54.71983 1153472055 202.371032    34.6851      68525          4  0.000e+00
   2001.324     0.3852   2.999596     0.3849   2.999904    5.42661    -0.0534    13.8155 0.0000e+00  -60.61617  -54.71983 1153472055 202.371033    34.6848      68526          4  0.000e+00
   2001.246     0.3852   2.999579     0.3847   2.999922    5.42655    -0.0319    13.8155 0.0000e+00  -60.61617  -54.71983 1153472055 202.371033    34.6846      68527          4  0.000e+00
   2001.324     0.3852   2.999576     0.3853   2.999910    5.42070    -0.1072    13.8155 0.0000e+00  -60.61617  -54.71983 1153472055 202.371033    34.6845      68528          4  0.000e+00
   2001.246     0.3852   2.999613     0.3853   2.999916    5.42063    -0.1180    13.8155 0.0000e+00  -60.61617  -54.71983 1153472055 202.371034    34.6851      68529          4  0.000e+00
   2001.246     0.3846   2.999606     0.3849   2.999922    5.42071    -0.0749    13.8155 0.0000e+00  -60.61617  -54.71983 1153472055 202.371034    34.6857      68530          4  0.000e+00
   2001.246     0.3854   2.999654     0.3857   2.999928    5.42650    -0.0749    13.8155 0.0000e+00  -60.61617  -54.71983 1153472055 202.371035    34.6854      68531          4  0.000e+00
   2001.206     0.3855   2.999637     0.3855   2.999969    5.42646    -0.1180    13.8155 0.0000e+00  -60.61617  -54.71983 1153472055 202.371035    34.6851      68532          4  0.000e+00
   2001.177     0.3855   2.999644     0.3858   2.999940    5.42644    -0.1072    13.8155 0.0000e+00  -60.61617  -54.71983 1153472055 202.371036    34.6852      68533          4  0.000e+00
   2001.246     0.3857   2.999668     0.3857   2.999928    5.42646    -0.1072    13.8155 0.0000e+00  -60.61617  -54.71983 1153472055 202.371036    34.6853      68534          4  0.000e+00
   2001.177     0.3855   2.999654     0.3852   2.999945    5.42643    -0.1287    13.8155 0.0000e+00  -60.61617  -54.71983 1153472055 202.371037    34.6853      68535          4  0.000e+00
   2001.177     0.3859   2.999630     0.3857   2.999975    5.42641    -0.1180    13.8155 0.0000e+00  -60.61617  -54.71983 1153472055 202.371037    34.6846      68536          4  0.000e+00
   2001.098     0.3854   2.999661     0.3858   2.999987    5.42639    -0.1180    13.8155 0.0000e+00  -60.61617  -54.71983 1153472056 202.371038    34.6856      68537          4  0.000e+00
