product_data/regression_test/downloaded_data/MDGS/320620060703/ctd/p6611301.ros
* Sea-Bird SBE 9 Data File:
* FileName = D:\Data\Raw\p6611301.dat
* Software Version Seasave Win32 V 5.32
* Temperature SN = 1649
* Conductivity SN = 1431
* Number of Bytes Per Scan = 37
* Number of Voltage Words = 5
* Number of Scans Averaged by the Deck Unit = 1
* NMEA Latitude = 61 29.01 S
* NMEA Longitude = 054 52.49 W
* NMEA UTC (Time) = 07:30:33
** Ship:   Nathaniel B. Palmer 
** Cruise:    NBP0606 
# nquan = 17
# nvalues = 1176                    
# units = specified
# name 0 = prDM: Pressure, Digiquartz [db]
# name 1 = t090C: Temperature [ITS-90, deg C]
# name 2 = c0S/m: Conductivity [S/m]
# name 3 = t190C: Temperature, 2 [ITS-90, deg C]
# name 4 = c1S/m: Conductivity, 2 [S/m]
# name 5 = sbeox0ML/L: Oxygen, SBE 43 [ml/l]
# name 6 = flECO-AFL: Fluorescence, Wetlab ECO-AFL/FL [mg/m^3]
# name 7 = bat: Beam Attenuation, Chelsea/Seatech/Wetlab CStar [1/m]
# name 8 = spar: SPAR/Surface Irradiance
# name 9 = latitude: Latitude [deg]
# name 10 = longitude: Longitude [deg]
# name 11 = timeY: Time, System [seconds]
# name 12 = timeJ: Julian Days
# name 13 = sal00: Salinity [PSU]
# name 14 = scan: scan number
# name 15 = nbf: number of bottles fired
# name 16 = flag:  0.000e+00
# interval = seconds: 0.0416667                   
# start_time = Jul 14 2006 07:30:41
*END*
[from data line 937]
     49.866    -1.5311   2.715823    -1.5233   2.716791    7.91986     0.0757    13.8155 0.0000e+00  -61.48350  -54.87483 1152865248 195.347801    34.1750      72217         20  0.000e+00
     49.866    -1.5314   2.715803    -1.5233   2.716773    7.91992     0.0542    13.8155 0.0000e+00  -61.48350  -54.87483 1152865248 195.347801    34.1751      72218         20  0.000e+00
     49.800    -1.5313   2.715816    -1.5231   2.716785    7.91981     0.0434    13.8155 0.0000e+00  -61.48350  -54.87483 1152865248 195.347802    34.1752      72219         20  0.000e+00
     49.866    -1.5310   2.715839    -1.5230   2.716773    7.91982     0.0650    13.8155 0.0000e+00  -61.48350  -54.87483 1152865248 195.347802    34.1751      72220         20  0.000e+00
     49.800    -1.5312   2.715826    -1.5227   2.716768    7.91980     0.0865    13.8155 0.0000e+00  -61.48350  -54.87483 1152865248 195.347803    34.1753      72221         20  0.000e+00
     49.800    -1.5314   2.715836    -1.5225   2.716750    7.91982     0.1080    13.8155 0.0000e+00  -61.48350  -54.87483 1152865248 195.347803    34.1756      72222         20  0.000e+00
     49.800    -1.5311   2.715826    -1.5231   2.716762    7.91978     0.1080    13.8155 0.0000e+00  -61.48350  -54.87483 1152865248 195.347804    34.1751      72223         20  0.000e+00
     49.800    -1.5314   2.715823    -1.5228   2.716727    7.91983     0.0865    13.8155 0.0000e+00  -61.48350  -54.87483 1152865248 195.347804    34.1754      72224         20  0.000e+00
     49.800    -1.5314   2.715823    -1.5234   2.716773    7.91983     0.0865    13.8155 0.0000e+00  -61.48350  -54.87483 1152865248 195.347805    34.1754      72225         20  0.000e+00
     49.800    -1.5314   2.715803    -1.5233   2.716773    7.91985     0.0650    13.8155 0.0000e+00  -61.48350  -54.87483 1152865248 195.347805    34.1752      72226         20  0.000e+00
     49.733    -1.5319   2.715816    -1.5234   2.716750    7.91984     0.0757    13.8155 0.0000e+00  -61.48350  -54.87483 1152865248 195.347806    34.1759      72227         20  0.000e+00
     49.800    -1.5322   2.715803    -1.5233   2.716722    7.91997     0.0757    13.8155 0.0000e+00  -61.48350  -54.87483 1152865248 195.347806    34.1760      72228         20  0.000e+00
     49.800    -1.5317   2.715800    -1.5233   2.716733    7.91990     0.0650    13.8155 0.0000e+00  -61.48350  -54.87483 1152865248 195.347807    34.1754      72229         20  0.000e+00
     49.733    -1.5319   2.715849    -1.5234   2.716762    7.91981     0.0865    13.8155 0.0000e+00  -61.48350  -54.87483 1152865248 195.347807    34.1764      72230         20  0.000e+00
     49.800    -1.5316   2.715797    -1.5231   2.716750    7.91509     0.0542    13.8155 0.0000e+00  -61.48350  -54.87483 1152865248 195.347808    34.1752      72231         20  0.000e+00
     49.800    -1.5322   2.715777    -1.5236   2.716745    7.91999     0.0650    13.8155 0.0000e+00  -61.48350  -54.87483 1152865248 195.347808    34.1757      72232         20  0.000e+00
     49.733    -1.5319   2.715745    -1.5233   2.716745    7.91989     0.1080    13.8155 0.0000e+00  -61.48350  -54.87483 1152865248 195.347809    34.1749      72233         20  0.000e+00
     49.800    -1.5322   2.715751    -1.5233   2.716722    7.92001     0.0865    13.8155 0.0000e+00  -61.48350  -54.87483 1152865248 195.347809    34.1753      72234         20  0.000e+00
     49.733    -1.5322   2.715774    -1.5234   2.716716    7.91514     0.0757    13.8155 0.0000e+00  -61.48350  -54.87483 1152865248 195.347810    34.1757      72235         20  0.000e+00
     49.800    -1.5322   2.715781    -1.5234   2.716733    7.91999     0.0757    13.8155 0.0000e+00  -61.48350  -54.87483 1152865248 195.347810    34.1757      72236         20  0.000e+00
     49.800    -1.5320   2.715745    -1.5234   2.716722    7.91999     0.1403    13.8155 0.0000e+00  -61.48350  -54.87483 1152865248 195.347811    34.1750      72237         20  0.000e+00
     49.800    -1.5320   2.715768    -1.5233   2.716739    7.91997     0.1403    13.8155 0.0000e+00  -61.48350  -54.87483 1152865249 195.347811    34.1754      72238         20  0.000e+00
     49.800    -1.5320   2.715781    -1.5234   2.716745    7.91996     0.1295    13.8155 0.0000e+00  -61.48350  -54.87483 1152865249 195.347812    34.1755      72239         20  0.000e+00
     49.800    -1.5320   2.715810    -1.5234   2.716745    7.91994     0.0972    13.8155 0.0000e+00  -61.48350  -54.87483 1152865249 195.347812    34.1760      72240         20  0.000e+00
     49.800    -1.5317   2.715790    -1.5237   2.716745    7.91991     0.1188    13.8155 0.0000e+00  -61.48350  -54.87483 1152865249 195.347813    34.1753      72241         20  0.000e+00
     49.800    -1.5319   2.715810    -1.5234   2.716762    7.91992     0.1080    13.8155 0.0000e+00  -61.48350  -54.87483 1152865249 195.347813    34.1758      72242         20  0.000e+00
     49.800    -1.5317   2.715790    -1.5236   2.716733    7.91991     0.0650    13.8155 0.0000e+00  -61.48350  -54.87483 1152865249 195.347813    34.1753      72243         20  0.000e+00
     49.800    -1.5316   2.715761    -1.5239   2.716716    7.91990     0.0865    13.8155 0.0000e+00  -61.48350  -54.87483 1152865249 195.347814    34.1747      72244         20  0.000e+00
     49.867    -1.5325   2.715774    -1.5240   2.716750    7.92012     0.0542    13.8155 0.0000e+00  -61.48350  -54.87483 1152865249 195.347814    34.1759      72245         20  0.000e+00
     49.867    -1.5320   2.715794    -1.5240   2.716727    7.92003     0.0650    13.8155 0.0000e+00  -61.48350  -54.87483 1152865249 195.347815    34.1757      72246         20  0.000e+00
     49.800    -1.5317   2.715816    -1.5239   2.716733    7.91989     0.0004    13.8155 0.0000e+00  -61.48350  -54.87483 1152865249 195.347815    34.1757      72247         20  0.000e+00
     49.867    -1.5316   2.715839    -1.5239   2.716727    7.91992     0.0219    13.8155 0.0000e+00  -61.48350  -54.87483 1152865249 195.347816    34.1758      72248         20  0.000e+00
     49.867    -1.5317   2.715810    -1.5239   2.716756    7.91996     0.0219    13.8155 0.0000e+00  -61.48350  -54.87483 1152865249 195.347816    34.1755      72249         20  0.000e+00
     49.943    -1.5319   2.715800    -1.5242   2.716751    7.92008     0.0650    13.8155 0.0000e+00  -61.48350  -54.87483 1152865249 195.347817    34.1756      72250         20  0.000e+00
     49.867    -1.5319   2.715784    -1.5242   2.716762    7.92001     0.1188    13.8155 0.0000e+00  -61.48350  -54.87483 1152865249 195.347817    34.1754      72251         20  0.000e+00
     49.943    -1.5320   2.715745    -1.5240   2.716751    7.92015     0.0542    13.8155 0.0000e+00  -61.48350  -54.87483 1152865249 195.347818    34.1750      72252         20  0.000e+00
     49.867    -1.5323   2.715735    -1.5240   2.716745    7.92012     0.0327    13.8155 0.0000e+00  -61.48350  -54.87483 1152865249 195.347818    34.1752      72253         20  0.000e+00
     50.010    -1.5326   2.715719    -1.5239   2.716762    7.92034     0.0112    13.8155 0.0000e+00  -61.48350  -54.87483 1152865249 195.347819    34.1753      72254         20  0.000e+00
     49.943    -1.5331   2.715679    -1.5243   2.716768    7.92037     0.0219    13.8155 0.0000e+00  -61.48350  -54.87483 1152865249 195.347819    34.1753      72255         20  0.000e+00
     50.010    -1.5330   2.715670    -1.5245   2.716785    7.92043     0.0542    13.8155 0.0000e+00  -61.48350  -54.87483 1152865249 195.347820    34.1749      72256         20  0.000e+00
     50.010    -1.5331   2.715686    -1.5240   2.716774    7.92044     0.0327    13.8155 0.0000e+00  -61.48350  -54.87483 1152865249 195.347820    34.1753      72257         20  0.000e+00
     49.943    -1.5336   2.715673    -1.5245   2.716751    7.91567     0.0327    13.8155 0.0000e+00  -61.48350  -54.87483 1152865249 195.347821    34.1757      72258         20  0.000e+00
     50.086    -1.5333   2.715702    -1.5240   2.716762    7.92054     0.0004    13.8155 0.0000e+00  -61.48350  -54.87483 1152865249 195.347821    34.1757      72259         20  0.000e+00
     24.781    -1.5776   2.710616    -1.5788   2.710960    7.93698     0.0542    13.8155 0.0000e+00  -61.48350  -54.87483 1152865325 195.348693    34.1722      74066         21  0.000e+00
     24.943    -1.5775   2.710596    -1.5791   2.710978    7.93716     0.0542    13.8155 0.0000e+00  -61.48350  -54.87483 1152865325 195.348693    34.1717      74067         21  0.000e+00
     24.800    -1.5779   2.710593    -1.5787   2.711001    7.93707     0.0542    13.8155 0.0000e+00  -61.48350  -54.87483 1152865325 195.348694    34.1723      74068         21  0.000e+00
     24.781    -1.5778   2.710609    -1.5789   2.710972    7.93702     0.0542    13.8155 0.0000e+00  -61.48350  -54.87483 1152865325 195.348694    34.1723      74069         21  0.000e+00
     24.800    -1.5781   2.710596    -1.5791   2.710960    7.93710     0.0434    13.8155 0.0000e+00  -61.48350  -54.87483 1152865325 195.348695    34.1725      74070         21  0.000e+00
     24.714    -1.5773   2.710599    -1.5791   2.710978    7.93688     0.0650    13.8155 0.0000e+00  -61.48350  -54.87483 1152865325 195.348695    34.1717      74071         21  0.000e+00
     24.876    -1.5773   2.710642    -1.5790   2.710966    7.93702     0.1080    13.8155 0.0000e+00  -61.48350  -54.87483 1152865325 195.348696    34.1722      74072         21  0.000e+00
     24.666    -1.5768   2.710626    -1.5786   2.710995    7.93673     0.0865    13.8155 0.0000e+00  -61.48350  -54.87483 1152865325 195.348696    34.1716      74073         21  0.000e+00
     24.781    -1.5775   2.710616    -1.5790   2.710989    7.93696     0.0542    13.8155 0.0000e+00  -61.48350  -54.87483 1152865325 195.348696    34.1721      74074         21  0.000e+00
     24.800    -1.5779   2.710567    -1.5788   2.710983    7.93709     0.0542    13.8155 0.0000e+00  -61.48350  -54.87483 1152865325 195.348697    34.1719      74075         21  0.000e+00
     24.714    -1.5778   2.710551    -1.5788   2.710983    7.93699     0.0972    13.8155 0.0000e+00  -61.48350  -54.87483 1152865325 195.348697    34.1716      74076         21  0.000e+00
     24.733    -1.5781   2.710551    -1.5790   2.710983    7.93706     0.0972    13.8155 0.0000e+00  -61.48350  -54.87483 1152865325 195.348698    34.1719      74077         21  0.000e+00
     24.714    -1.5779   2.710505    -1.5791   2.710966    7.93705     0.0757    13.8155 0.0000e+00  -61.48350  -54.87483 1152865325 195.348698    34.1711      74078         21  0.000e+00
     24.733    -1.5788   2.710453    -1.5786   2.710978    7.93725     0.0650    13.8155 0.0000e+00  -61.48350  -54.87483 1152865325 195.348699    34.1714      74079         21  0.000e+00
     24.733    -1.5796   2.710423    -1.5796   2.710983    7.93740     0.0542    13.8155 0.0000e+00  -61.48350  -54.87483 1152865325 195.348699    34.1719      74080         21  0.000e+00
     24.647    -1.5801   2.710384    -1.5790   2.711001    7.93741     0.0219    13.8155 0.0000e+00  -61.48350  -54.87483 1152865325 195.348700    34.1719      74081         21  0.000e+00
     24.733    -1.5798   2.710342    -1.5788   2.710972    7.93749     0.0327    13.8155 0.0000e+00  -61.48350  -54.87483 1152865325 195.348700    34.1709      74082         21  0.000e+00
     24.647    -1.5810   2.710299    -1.5788   2.710995    7.93763     0.0219    13.8155 0.0000e+00  -61.48350  -54.87483 1152865325 195.348701    34.1719      74083         21  0.000e+00
     24.666    -1.5825   2.710192    -1.5791   2.710989    7.93797     0.0972    13.8155 0.0000e+00  -61.48350  -54.87483 1152865325 195.348701    34.1721      74084         21  0.000e+00
     24.666    -1.5836   2.710143    -1.5790   2.710983    7.93818     0.1080    13.8155 0.0000e+00  -61.48350  -54.87483 1152865325 195.348702    34.1726      74085         21  0.000e+00
     24.647    -1.5845   2.710087    -1.5794   2.711001    7.93835     0.0972    13.8155 0.0000e+00  -61.48350  -54.87483 1152865326 195.348702    34.1729      74086         21  0.000e+00
     24.666    -1.5845   2.710003    -1.5793   2.711012    7.93844     0.0972    13.8155 0.0000e+00  -61.48350  -54.87483 1152865326 195.348703    34.1718      74087         21  0.000e+00
     24.647    -1.5867   2.709849    -1.5788   2.710989    7.93889     0.0542    13.8155 0.0000e+00  -61.48350  -54.87483 1152865326 195.348703    34.1722      74088         21  0.000e+00
     24.590    -1.5904   2.709562    -1.5794   2.711001    7.93963     0.0434    13.8155 0.0000e+00  -61.48350  -54.87483 1152865326 195.348704    34.1724      74089         21  0.000e+00
     24.647    -1.5928   2.709315    -1.5789   2.711012    7.94028     0.0327    13.8155 0.0000e+00  -61.48350  -54.87483 1152865326 195.348704    34.1718      74090         21  0.000e+00
     24.590    -1.5944   2.709214    -1.5788   2.711012    7.94054     0.0542    13.8155 0.0000e+00  -61.48350  -54.87483 1152865326 195.348705    34.1722      74091         21  0.000e+00
     24.590    -1.5954   2.709129    -1.5788   2.711012    7.94077     0.0650    13.8155 0.0000e+00  -61.48350  -54.87483 1152865326 195.348705    34.1722      74092         21  0.000e+00
     24.571    -1.5965   2.709060    -1.5792   2.710989    7.94098     0.0972    13.8155 0.0000e+00  -61.48350  -54.87483 1152865326 195.348706    34.1725      74093         21  0.000e+00
     24.523    -1.5974   2.709028    -1.5788   2.711001    7.94110     0.0650    13.8155 0.0000e+00  -61.48350  -54.87483 1152865326 195.348706    34.1732      74094         21  0.000e+00
     24.571    -1.5980   2.708956    -1.5793   2.711030    7.94130     0.0757    13.8155 0.0000e+00  -61.48350  -54.87483 1152865326 195.348707    34.1728      74095         21  0.000e+00
     24.590    -1.5979   2.708936    -1.5789   2.711018    7.94132     0.1080    13.8155 0.0000e+00  -61.48350  -54.87483 1152865326 195.348707    34.1724      74096         21  0.000e+00
     24.523    -1.5976   2.708936    -1.5788   2.711012    7.94120     0.0865    13.8155 0.0000e+00  -61.48350  -54.87483 1152865326 195.348708    34.1721      74097         21  0.000e+00
     24.504    -1.5976   2.708936    -1.5791   2.711012    7.94118     0.0650    13.8155 0.0000e+00  -61.48350  -54.87483 1152865326 195.348708    34.1721      74098         21  0.000e+00
     24.523    -1.5980   2.708901    -1.5791   2.710989    7.94129     0.0865    13.8155 0.0000e+00  -61.48350  -54.87483 1152865326 195.348709    34.1721      74099         21  0.000e+00
     24.504    -1.5979   2.708907    -1.5789   2.711018    7.94124     0.0650    13.8155 0.0000e+00  -61.48350  -54.87483 1152865326 195.348709    34.1720      74100         21  0.000e+00
     24.523    -1.5979   2.708943    -1.5790   2.711018    7.94124     0.1080    13.8155 0.0000e+00  -61.48350  -54.87483 1152865326 195.348709    34.1725      74101         21  0.000e+00
     24.504    -1.5976   2.708972    -1.5793   2.710989    7.94114     0.1080    13.8155 0.0000e+00  -61.48350  -54.87483 1152865326 195.348710    34.1725      74102         21  0.000e+00
     24.447    -1.5970   2.708998    -1.5792   2.711041    7.94097     0.0865    13.8155 0.0000e+00  -61.48350  -54.87483 1152865326 195.348710    34.1723      74103         21  0.000e+00
     24.523    -1.5967   2.709083    -1.5790   2.711024    7.94093     0.0865    13.8155 0.0000e+00  -61.48350  -54.87483 1152865326 195.348711    34.1731      74104         21  0.000e+00
     24.438    -1.5957   2.709109    -1.5787   2.711012    7.94067     0.0972    13.8155 0.0000e+00  -61.48350  -54.87483 1152865326 195.348711    34.1724      74105         21  0.000e+00
     24.447    -1.5955   2.709060    -1.5794   2.710989    7.94069     0.1403    13.8155 0.0000e+00  -61.48350  -54.87483 1152865326 195.348712    34.1715      74106         21  0.000e+00
