product_data/regression_test/downloaded_data/MDGS/320620060703/ctd/p6618601.ros
* Sea-Bird SBE 9 Data File:
* FileName = D:\Data\Raw\p6618601.dat
* Software Version Seasave Win32 V 5.32
* Temperature SN = 1649
* Conductivity SN = 1431
* Number of Bytes Per Scan = 37
* Number of Voltage Words = 5
* Number of Scans Averaged by the Deck Unit = 1
* NMEA Latitude = 60 48.00 S
* NMEA Longitude = 054 03.34 W
* NMEA UTC (Time) = 00:01:20
** Ship:   Nathaniel B. Palmer 
** Cruise:    NBP0606 
# nquan = 17
# nvalues = 1176                    
# units = specified
# name 0 = prDM: Pressure, Digiquartz [db]
# name 1 = t090C: Temperature [ITS-90, deg C]
# name 2 = c0S/m: Conductivity [S/m]
# name 3 = t190C: Temperature, 2 [ITS-90, deg C]
# name 4 = c1S/m: Conductivity, 2 [S/m]
# name 5 = sbeox0ML/L: Oxygen, SBE 43 [ml/l]
# name 6 = flECO-AFL: Fluorescence, Wetlab ECO-AFL/FL [mg/m^3]
# name 7 = bat: Beam Attenuation, Chelsea/Seatech/Wetlab CStar [1/m]
# name 8 = spar: SPAR/Surface Irradiance
# name 9 = latitude: Latitude [deg]
# name 10 = longitude: Longitude [deg]
# name 11 = timeY: Time, System [seconds]
# name 12 = timeJ: Julian Days
# name 13 = sal00: Salinity [PSU]
# name 14 = scan: scan number
# name 15 = nbf: number of bottles fired
# name 16 = flag:  0.000e+00
# interval = seconds: 0.0416667                   
# start_time = Jul 23 2006 00:01:28
*END*
[from data line 1022]
     30.122    -0.8562   2.777852    -0.8567   2.778171    7.47439     0.1510    13.8155 0.0000e+00  -60.80000  -54.05567 1153616659 204.044682    34.2673      90542         21  0.000e+00
     30.112    -0.8563   2.777796    -0.8573   2.778205    7.46975     0.1833    13.8155 0.0000e+00  -60.80000  -54.05567 1153616659 204.044683    34.2666      90543         21  0.000e+00
     30.046    -0.8567   2.777786    -0.8561   2.778211    7.46976     0.1941    13.8155 0.0000e+00  -60.80000  -54.05567 1153616659 204.044683    34.2671      90544         21  0.000e+00
     30.122    -0.8570   2.777836    -0.8563   2.778211    7.46985     0.1833    13.8155 0.0000e+00  -60.80000  -54.05567 1153616659 204.044684    34.2681      90545         21  0.000e+00
     30.036    -0.8572   2.777819    -0.8567   2.778194    7.46979     0.1726    13.8155 0.0000e+00  -60.80000  -54.05567 1153616659 204.044684    34.2680      90546         21  0.000e+00
     30.046    -0.8570   2.777839    -0.8571   2.778165    7.46977     0.2156    13.8155 0.0000e+00  -60.80000  -54.05567 1153616659 204.044685    34.2681      90547         21  0.000e+00
     30.046    -0.8566   2.777885    -0.8571   2.778176    7.46967     0.2048    13.8155 0.0000e+00  -60.80000  -54.05567 1153616659 204.044685    34.2682      90548         21  0.000e+00
     30.190    -0.8580   2.777737    -0.8585   2.777991    7.47013     0.2048    13.8155 0.0000e+00  -60.80000  -54.05567 1153616661 204.044706    34.2677      90592         22  0.000e+00
     30.333    -0.8581   2.777724    -0.8590   2.778020    7.47030     0.1618    13.8155 0.0000e+00  -60.80000  -54.05567 1153616661 204.044707    34.2676      90593         22  0.000e+00
     30.247    -0.8585   2.777671    -0.8586   2.778049    7.47031     0.1510    13.8155 0.0000e+00  -60.80000  -54.05567 1153616661 204.044707    34.2674      90594         22  0.000e+00
     30.256    -0.8583   2.777684    -0.8581   2.778072    7.47028     0.1941    13.8155 0.0000e+00  -60.80000  -54.05567 1153616661 204.044708    34.2673      90595         22  0.000e+00
     30.333    -0.8586   2.777677    -0.8580   2.778084    7.47041     0.1833    13.8155 0.0000e+00  -60.80000  -54.05567 1153616661 204.044708    34.2675      90596         22  0.000e+00
     30.323    -0.8587   2.777691    -0.8580   2.778061    7.47041     0.1618    13.8155 0.0000e+00  -60.80000  -54.05567 1153616661 204.044709    34.2679      90597         22  0.000e+00
     30.256    -0.8589   2.777697    -0.8581   2.778072    7.47036     0.1726    13.8155 0.0000e+00  -60.80000  -54.05567 1153616661 204.044709    34.2682      90598         22  0.000e+00
     30.256    -0.8589   2.777697    -0.8583   2.778084    7.47036     0.1295    13.8155 0.0000e+00  -60.80000  -54.05567 1153616661 204.044710    34.2682      90599         22  0.000e+00
     30.400    -0.8584   2.777697    -0.8587   2.778061    7.47044     0.1403    13.8155 0.0000e+00  -60.80000  -54.05567 1153616661 204.044710    34.2676      90600         22  0.000e+00
     30.323    -0.8583   2.777747    -0.8580   2.778055    7.47031     0.1726    13.8155 0.0000e+00  -60.80000  -54.05567 1153616661 204.044711    34.2682      90601         22  0.000e+00
     30.333    -0.8581   2.777730    -0.8587   2.778072    7.47030     0.1510    13.8155 0.0000e+00  -60.80000  -54.05567 1153616661 204.044711    34.2677      90602         22  0.000e+00
     30.333    -0.8580   2.777750    -0.8582   2.778061    7.47027     0.1510    13.8155 0.0000e+00  -60.80000  -54.05567 1153616661 204.044712    34.2678      90603         22  0.000e+00
     30.323    -0.8583   2.777714    -0.8585   2.778066    7.47033     0.2048    13.8155 0.0000e+00  -60.80000  -54.05567 1153616661 204.044712    34.2677      90604         22  0.000e+00
     30.333    -0.8581   2.777714    -0.8577   2.778078    7.46563     0.2156    13.8155 0.0000e+00  -60.80000  -54.05567 1153616661 204.044713    34.2675      90605         22  0.000e+00
     30.333    -0.8583   2.777750    -0.8579   2.778101    7.47031     0.2048    13.8155 0.0000e+00  -60.80000  -54.05567 1153616661 204.044713    34.2682      90606         22  0.000e+00
     30.400    -0.8587   2.777780    -0.8577   2.778107    7.47043     0.1618    13.8155 0.0000e+00  -60.80000  -54.05567 1153616661 204.044714    34.2691      90607         22  0.000e+00
     30.323    -0.8579   2.777786    -0.8571   2.778107    7.47022     0.1833    13.8155 0.0000e+00  -60.80000  -54.05567 1153616661 204.044714    34.2682      90608         22  0.000e+00
     30.333    -0.8577   2.777766    -0.8577   2.778124    7.47021     0.1726    13.8155 0.0000e+00  -60.80000  -54.05567 1153616661 204.044715    34.2677      90609         22  0.000e+00
     30.333    -0.8580   2.777747    -0.8574   2.778153    7.47027     0.1941    13.8155 0.0000e+00  -60.80000  -54.05567 1153616661 204.044715    34.2678      90610         22  0.000e+00
     30.390    -0.8580   2.777743    -0.8574   2.778159    7.47033     0.2156    13.8155 0.0000e+00  -60.80000  -54.05567 1153616662 204.044715    34.2677      90611         22  0.000e+00
     30.333    -0.8581   2.777743    -0.8573   2.778119    7.47029     0.2263    13.8155 0.0000e+00  -60.80000  -54.05567 1153616662 204.044716    34.2679      90612         22  0.000e+00
     30.333    -0.8578   2.777743    -0.8576   2.778107    7.47025     0.1833    13.8155 0.0000e+00  -60.80000  -54.05567 1153616662 204.044716    34.2676      90613         22  0.000e+00
     30.333    -0.8580   2.777757    -0.8574   2.778124    7.47026     0.1510    13.8155 0.0000e+00  -60.80000  -54.05567 1153616662 204.044717    34.2679      90614         22  0.000e+00
     30.390    -0.8577   2.777747    -0.8577   2.778136    7.47029     0.1510    13.8155 0.0000e+00  -60.80000  -54.05567 1153616662 204.044717    34.2675      90615         22  0.000e+00
     30.333    -0.8580   2.777773    -0.8573   2.778113    7.47025     0.1726    13.8155 0.0000e+00  -60.80000  -54.05567 1153616662 204.044718    34.2681      90616         22  0.000e+00
     30.400    -0.8581   2.777766    -0.8573   2.778177    7.47034     0.1941    13.8155 0.0000e+00  -60.80000  -54.05567 1153616662 204.044718    34.2682      90617         22  0.000e+00
     30.390    -0.8580   2.777796    -0.8566   2.778153    7.47029     0.1833    13.8155 0.0000e+00  -60.80000  -54.05567 1153616662 204.044719    34.2684      90618         22  0.000e+00
     30.333    -0.8580   2.777773    -0.8565   2.778188    7.47025     0.1403    13.8155 0.0000e+00  -60.80000  -54.05567 1153616662 204.044719    34.2681      90619         22  0.000e+00
     30.400    -0.8578   2.777763    -0.8566   2.778229    7.46562     0.1618    13.8155 0.0000e+00  -60.80000  -54.05567 1153616662 204.044720    34.2678      90620         22  0.000e+00
     30.333    -0.8578   2.777747    -0.8567   2.778217    7.47025     0.2048    13.8155 0.0000e+00  -60.80000  -54.05567 1153616662 204.044720    34.2676      90621         22  0.000e+00
     30.390    -0.8580   2.777773    -0.8562   2.778229    7.47031     0.1618    13.8155 0.0000e+00  -60.80000  -54.05567 1153616662 204.044721    34.2681      90622         22  0.000e+00
     30.400    -0.8576   2.777803    -0.8565   2.778217    7.47024     0.1188    13.8155 0.0000e+00  -60.80000  -54.05567 1153616662 204.044721    34.2680      90623         22  0.000e+00
     30.400    -0.8570   2.777826    -0.8564   2.778229    7.47014     0.1295    13.8155 0.0000e+00  -60.80000  -54.05567 1153616662 204.044722    34.2677      90624         22  0.000e+00
     30.390    -0.8570   2.777832    -0.8565   2.778217    7.47013     0.1188    13.8155 0.0000e+00  -60.80000  -54.05567 1153616662 204.044722    34.2678      90625         22  0.000e+00
     30.400    -0.8567   2.777846    -0.8564   2.778194    7.47008     0.1726    13.8155 0.0000e+00  -60.80000  -54.05567 1153616662 204.044723    34.2677      90626         22  0.000e+00
     30.400    -0.8569   2.777836    -0.8566   2.778206    7.47011     0.2048    13.8155 0.0000e+00  -60.80000  -54.05567 1153616662 204.044723    34.2677      90627         22  0.000e+00
     30.324    -0.8569   2.777882    -0.8565   2.778211    7.47000     0.2263    13.8155 0.0000e+00  -60.80000  -54.05567 1153616662 204.044724    34.2684      90628         22  0.000e+00
     30.476    -0.8566   2.777915    -0.8560   2.778229    7.47009     0.2263    13.8155 0.0000e+00  -60.80000  -54.05567 1153616662 204.044724    34.2684      90629         22  0.000e+00
     30.333    -0.8568   2.777885    -0.8562   2.778240    7.46999     0.2048    13.8155 0.0000e+00  -60.80000  -54.05567 1153616662 204.044725    34.2683      90630         22  0.000e+00
     30.400    -0.8564   2.777892    -0.8559   2.778293    7.47000     0.1510    13.8155 0.0000e+00  -60.80000  -54.05567 1153616662 204.044725    34.2679      90631         22  0.000e+00
     30.391    -0.8567   2.777898    -0.8556   2.778298    7.47004     0.1833    13.8155 0.0000e+00  -60.80000  -54.05567 1153616662 204.044726    34.2684      90632         22  0.000e+00
     30.400    -0.8569   2.777849    -0.8553   2.778310    7.47010     0.2156    13.8155 0.0000e+00  -60.80000  -54.05567 1153616662 204.044726    34.2679      90633         22  0.000e+00
     30.400    -0.8567   2.777862    -0.8551   2.778298    7.47007     0.1618    13.8155 0.0000e+00  -60.80000  -54.05567 1153616662 204.044727    34.2679      90634         22  0.000e+00
     30.391    -0.8570   2.777875    -0.8558   2.778293    7.47010     0.1941    13.8155 0.0000e+00  -60.80000  -54.05567 1153616663 204.044727    34.2684      90635         22  0.000e+00
     30.400    -0.8564   2.777855    -0.8557   2.778275    7.47003     0.1941    13.8155 0.0000e+00  -60.80000  -54.05567 1153616663 204.044728    34.2674      90636         22  0.000e+00
     30.334    -0.8567   2.777836    -0.8561   2.778287    7.47002     0.1618    13.8155 0.0000e+00  -60.80000  -54.05567 1153616663 204.044728    34.2676      90637         22  0.000e+00
     30.477    -0.8566   2.777862    -0.8559   2.778275    7.47014     0.1403    13.8155 0.0000e+00  -60.80000  -54.05567 1153616663 204.044728    34.2677      90638         22  0.000e+00
     30.391    -0.8564   2.777892    -0.8559   2.778223    7.46999     0.1618    13.8155 0.0000e+00  -60.80000  -54.05567 1153616663 204.044729    34.2679      90639         22  0.000e+00
     30.400    -0.8561   2.777879    -0.8563   2.778252    7.46997     0.1618    13.8155 0.0000e+00  -60.80000  -54.05567 1153616663 204.044729    34.2674      90640         22  0.000e+00
     11.071    -1.0040   2.759503    -1.0030   2.759923    7.62100     0.1833    13.8155 0.0000e+00  -60.80000  -54.05567 1153616716 204.045350    34.1975      91927         23  0.000e+00
     10.956    -1.0032   2.759512    -1.0024   2.759917    7.62544     0.2371    13.8155 0.0000e+00  -60.80000  -54.05567 1153616716 204.045351    34.1968      91928         23  0.000e+00
     11.071    -1.0033   2.759486    -1.0023   2.759963    7.62560     0.2371    13.8155 0.0000e+00  -60.80000  -54.05567 1153616716 204.045351    34.1965      91929         23  0.000e+00
     11.071    -1.0035   2.759480    -1.0025   2.759946    7.62564     0.2263    13.8155 0.0000e+00  -60.80000  -54.05567 1153616717 204.045352    34.1966      91930         23  0.000e+00
     11.099    -1.0035   2.759539    -1.0024   2.759969    7.62093     0.2048    13.8155 0.0000e+00  -60.80000  -54.05567 1153616717 204.045352    34.1974      91931         23  0.000e+00
     11.071    -1.0038   2.759516    -1.0018   2.759981    7.62565     0.2263    13.8155 0.0000e+00  -60.80000  -54.05567 1153616717 204.045353    34.1975      91932         23  0.000e+00
     11.033    -1.0035   2.759516    -1.0020   2.759986    7.62557     0.2048    13.8155 0.0000e+00  -60.80000  -54.05567 1153616717 204.045353    34.1971      91933         23  0.000e+00
     11.071    -1.0035   2.759539    -1.0021   2.760004    7.62559     0.1510    13.8155 0.0000e+00  -60.80000  -54.05567 1153616717 204.045353    34.1974      91934         23  0.000e+00
     11.071    -1.0026   2.759585    -1.0022   2.759992    7.62542     0.1403    13.8155 0.0000e+00  -60.80000  -54.05567 1153616717 204.045354    34.1970      91935         23  0.000e+00
     11.033    -1.0030   2.759575    -1.0023   2.759980    7.62546     0.1833    13.8155 0.0000e+00  -60.80000  -54.05567 1153616717 204.045354    34.1974      91936         23  0.000e+00
     11.071    -1.0030   2.759568    -1.0022   2.759986    7.63019     0.2048    13.8155 0.0000e+00  -60.80000  -54.05567 1153616717 204.045355    34.1973      91937         23  0.000e+00
     11.004    -1.0032   2.759578    -1.0019   2.759980    7.62545     0.2371    13.8155 0.0000e+00  -60.80000  -54.05567 1153616717 204.045355    34.1977      91938         23  0.000e+00
     11.033    -1.0030   2.759588    -1.0022   2.759980    7.62545     0.2694    13.8155 0.0000e+00  -60.80000  -54.05567 1153616717 204.045356    34.1976      91939         23  0.000e+00
     11.004    -1.0026   2.759591    -1.0019   2.760009    7.63004     0.2371    13.8155 0.0000e+00  -60.80000  -54.05567 1153616717 204.045356    34.1971      91940         23  0.000e+00
     11.033    -1.0027   2.759621    -1.0018   2.759969    7.63007     0.2479    13.8155 0.0000e+00  -60.80000  -54.05567 1153616717 204.045357    34.1977      91941         23  0.000e+00
     11.004    -1.0024   2.759624    -1.0022   2.760004    7.62999     0.2263    13.8155 0.0000e+00  -60.80000  -54.05567 1153616717 204.045357    34.1974      91942         23  0.000e+00
     11.071    -1.0022   2.759664    -1.0015   2.760073    7.63001     0.2156    13.8155 0.0000e+00  -60.80000  -54.05567 1153616717 204.045358    34.1977      91943         23  0.000e+00
     10.957    -1.0022   2.759660    -1.0016   2.760090    7.62989     0.1726    13.8155 0.0000e+00  -60.80000  -54.05567 1153616717 204.045358    34.1978      91944         23  0.000e+00
     11.004    -1.0019   2.759680    -1.0017   2.760073    7.62988     0.1618    13.8155 0.0000e+00  -60.80000  -54.05567 1153616717 204.045359    34.1976      91945         23  0.000e+00
     11.033    -1.0015   2.759713    -1.0021   2.760061    7.62981     0.2156    13.8155 0.0000e+00  -60.80000  -54.05567 1153616717 204.045359    34.1975      91946         23  0.000e+00
     10.938    -1.0016   2.759739    -1.0018   2.760050    7.62971     0.1941    13.8155 0.0000e+00  -60.80000  -54.05567 1153616717 204.045360    34.1981      91947         23  0.000e+00
     11.004    -1.0018   2.759746    -1.0017   2.760015    7.63450     0.2156    13.8155 0.0000e+00  -60.80000  -54.05567 1153616717 204.045360    34.1984      91948         23  0.000e+00
     10.957    -1.0012   2.759720    -1.0015   2.760038    7.62968     0.2801    13.8155 0.0000e+00  -60.80000  -54.05567 1153616717 204.045361    34.1973      91949         23  0.000e+00
     11.004    -1.0010   2.759687    -1.0015   2.760056    7.62973     0.2801    13.8155 0.0000e+00  -60.80000  -54.05567 1153616717 204.045361    34.1967      91950         23  0.000e+00
     10.938    -1.0012   2.759746    -1.0012   2.760096    7.63433     0.2801    13.8155 0.0000e+00  -60.80000  -54.05567 1153616717 204.045362    34.1977      91951         23  0.000e+00
     10.890    -1.0014   2.759759    -1.0005   2.760079    7.62962     0.2263    13.8155 0.0000e+00  -60.80000  -54.05567 1153616717 204.045362    34.1982      91952         23  0.000e+00
     10.938    -1.0005   2.759798    -1.0003   2.760177    7.63420     0.2371    13.8155 0.0000e+00  -60.80000  -54.05567 1153616717 204.045363    34.1977      91953         23  0.000e+00
     10.957    -1.0009   2.759844    -0.9995   2.760223    7.63424     0.2479    13.8155 0.0000e+00  -60.80000  -54.05567 1153616718 204.045363    34.1987      91954         23  0.000e+00
