product_data/regression_test/downloaded_data/MDGS/320620060703/ctd/p6611601.ros
* Sea-Bird SBE 9 Data File:
* FileName = D:\Data\Raw\p6611601.dat
* Software Version Seasave Win32 V 5.32
* Temperature SN = 1649
* Conductivity SN = 1431
* Number of Bytes Per Scan = 37
* Number of Voltage Words = 5
* Number of Scans Averaged by the Deck Unit = 1
* NMEA Latitude = 61 34.98 S
* NMEA Longitude = 054 52.49 W
* NMEA UTC (Time) = 12:09:00
** Ship:   Nathaniel B. Palmer 
** Cruise:    NBP0606 
# nquan = 17
# nvalues = 1176                    
# units = specified
# name 0 = prDM: Pressure, Digiquartz [db]
# name 1 = t090C: Temperature [ITS-90, deg C]
# name 2 = c0S/m: Conductivity [S/m]
# name 3 = t190C: Temperature, 2 [ITS-90, deg C]
# name 4 = c1S/m: Conductivity, 2 [S/m]
# name 5 = sbeox0ML/L: Oxygen, SBE 43 [ml/l]
# name 6 = flECO-AFL: Fluorescence, Wetlab ECO-AFL/FL [mg/m^3]
# name 7 = bat: Beam Attenuation, Chelsea/Seatech/Wetlab CStar [1/m]
# name 8 = spar: SPAR/Surface Irradiance
# name 9 = latitude: Latitude [deg]
# name 10 = longitude: Longitude [deg]
# name 11 = timeY: Time, System [seconds]
# name 12 = timeJ: Julian Days
# name 13 = sal00: Salinity [PSU]
# name 14 = scan: scan number
# name 15 = nbf: number of bottles fired
# name 16 = flag:  0.000e+00
# interval = seconds: 0.0416667                   
# start_time = Jul 14 2006 12:09:08
*END*
[from data line 1107]
      8.739    -1.6579   2.703034    -1.6579   2.703461    7.96178     0.0434    13.8155 3.3118e+01  -61.58300  -54.87483 1152882316 195.545349    34.1695      80885         23  0.000e+00
      8.710    -1.6579   2.703031    -1.6582   2.703449    7.96175     0.0327    13.8155 3.3118e+01  -61.58300  -54.87483 1152882317 195.545350    34.1694      80886         23  0.000e+00
      8.710    -1.6578   2.703018    -1.6585   2.703449    7.96175     0.0327    13.8155 3.3118e+01  -61.58300  -54.87483 1152882317 195.545350    34.1692      80887         23  0.000e+00
      8.739    -1.6579   2.703024    -1.6583   2.703466    7.96179     0.0757    13.8155 3.3118e+01  -61.58300  -54.87483 1152882317 195.545351    34.1693      80888         23  0.000e+00
      8.710    -1.6579   2.703050    -1.6578   2.703455    7.96173     0.0757    13.8155 3.3118e+01  -61.58300  -54.87483 1152882317 195.545351    34.1697      80889         23  0.000e+00
      8.644    -1.6584   2.703040    -1.6584   2.703455    7.96176     0.0327    13.8155 3.1170e+01  -61.58300  -54.87483 1152882317 195.545352    34.1703      80890         23  0.000e+00
      8.672    -1.6580   2.703063    -1.6588   2.703472    7.96171     0.0434    13.8155 3.1170e+01  -61.58300  -54.87483 1152882317 195.545352    34.1701      80891         23  0.000e+00
      8.710    -1.6578   2.703076    -1.6582   2.703478    7.96171     0.1080    13.8155 3.3118e+01  -61.58300  -54.87483 1152882317 195.545353    34.1700      80892         23  0.000e+00
      8.644    -1.6576   2.703060    -1.6580   2.703495    7.96160     0.1188    13.8155 3.3118e+01  -61.58300  -54.87483 1152882317 195.545353    34.1696      80893         23  0.000e+00
      8.672    -1.6576   2.703073    -1.6578   2.703501    7.95686     0.0650    13.8155 3.3118e+01  -61.58300  -54.87483 1152882317 195.545353    34.1697      80894         23  0.000e+00
      8.644    -1.6577   2.703089    -1.6578   2.703501    7.95683     0.0219    13.8155 3.3118e+01  -61.58300  -54.87483 1152882317 195.545354    34.1701      80895         23  0.000e+00
      8.644    -1.6574   2.703066    -1.6580   2.703530    7.96157     0.0434    13.8155 3.3118e+01  -61.58300  -54.87483 1152882317 195.545354    34.1694      80896         23  0.000e+00
      8.644    -1.6572   2.703086    -1.6578   2.703530    7.96153     0.0112    13.8155 3.3118e+01  -61.58300  -54.87483 1152882317 195.545355    34.1695      80897         23  0.000e+00
      8.606    -1.6580   2.703066    -1.6578   2.703530    7.96162     0.0219    13.8155 3.3118e+01  -61.58300  -54.87483 1152882317 195.545355    34.1701      80898         23  0.000e+00
      8.644    -1.6576   2.703053    -1.6580   2.703489    7.96161     0.0757    13.8155 3.3118e+01  -61.58300  -54.87483 1152882317 195.545356    34.1695      80899         23  0.000e+00
      8.644    -1.6575   2.703053    -1.6572   2.703495    7.96160     0.0757    13.8155 3.3118e+01  -61.58300  -54.87483 1152882317 195.545356    34.1694      80900         23  0.000e+00
      8.672    -1.6577   2.703066    -1.6580   2.703501    7.96166     0.0972    13.8155 3.3118e+01  -61.58300  -54.87483 1152882317 195.545357    34.1698      80901         23  0.000e+00
      8.644    -1.6580   2.703060    -1.6576   2.703489    7.96168     0.1080    13.8155 3.3118e+01  -61.58300  -54.87483 1152882317 195.545357    34.1701      80902         23  0.000e+00
      8.644    -1.6580   2.703037    -1.6576   2.703478    7.96169     0.0650    13.8155 3.3118e+01  -61.58300  -54.87483 1152882317 195.545358    34.1697      80903         23  0.000e+00
      8.606    -1.6580   2.703050    -1.6579   2.703455    7.96165     0.0112    13.8155 3.3118e+01  -61.58300  -54.87483 1152882317 195.545358    34.1700      80904         23  0.000e+00
      9.277    -1.6552   2.703249    -1.6561   2.703645    7.95702     0.0327    13.8155 3.3118e+01  -61.58300  -54.87483 1152882330 195.545509    34.1691      81217         24  0.000e+00
      9.306    -1.6552   2.703236    -1.6560   2.703639    7.95705     0.0327    13.8155 3.3118e+01  -61.58300  -54.87483 1152882330 195.545510    34.1689      81218         24  0.000e+00
      9.277    -1.6557   2.703259    -1.6567   2.703633    7.95708     0.0327    13.8155 3.3118e+01  -61.58300  -54.87483 1152882330 195.545510    34.1698      81219         24  0.000e+00
      9.210    -1.6554   2.703259    -1.6564   2.703650    7.95696     0.0434    13.8155 3.3118e+01  -61.58300  -54.87483 1152882330 195.545511    34.1694      81220         24  0.000e+00
      9.239    -1.6557   2.703249    -1.6565   2.703639    7.95705     0.0327    13.8155 3.3118e+01  -61.58300  -54.87483 1152882330 195.545511    34.1697      81221         24  0.000e+00
      9.277    -1.6556   2.703252    -1.6564   2.703667    7.96184     0.0434    13.8155 3.3118e+01  -61.58300  -54.87483 1152882331 195.545512    34.1695      81222         24  0.000e+00
      9.210    -1.6560   2.703184    -1.6565   2.703644    7.96188     0.0434    13.8155 3.3118e+01  -61.58300  -54.87483 1152882331 195.545512    34.1691      81223         24  0.000e+00
      9.163    -1.6562   2.703213    -1.6558   2.703679    7.96184     0.0542    13.8155 3.3118e+01  -61.58300  -54.87483 1152882331 195.545513    34.1697      81224         24  0.000e+00
      9.210    -1.6560   2.703210    -1.6559   2.703685    7.95710     0.0650    13.8155 3.3118e+01  -61.58300  -54.87483 1152882331 195.545513    34.1695      81225         24  0.000e+00
      9.134    -1.6555   2.703223    -1.6550   2.703685    7.96170     0.0757    13.8155 3.3118e+01  -61.58300  -54.87483 1152882331 195.545514    34.1692      81226         24  0.000e+00
      9.163    -1.6557   2.703226    -1.6556   2.703685    7.96175     0.0219    13.8155 3.3118e+01  -61.58300  -54.87483 1152882331 195.545514    34.1694      81227         24  0.000e+00
      9.210    -1.6557   2.703262    -1.6551   2.703702    7.96177     0.0219    13.8155 3.3118e+01  -61.58300  -54.87483 1152882331 195.545515    34.1698      81228         24  0.000e+00
      9.134    -1.6552   2.703269    -1.6555   2.703696    7.96161     0.0542    13.8155 3.3118e+01  -61.58300  -54.87483 1152882331 195.545515    34.1695      81229         24  0.000e+00
      9.096    -1.6552   2.703239    -1.6553   2.703708    7.96159     0.0542    13.8155 3.1170e+01  -61.58300  -54.87483 1152882331 195.545516    34.1691      81230         24  0.000e+00
      9.067    -1.6555   2.703226    -1.6558   2.703690    7.95685     0.0219    13.8155 3.1170e+01  -61.58300  -54.87483 1152882331 195.545516    34.1692      81231         24  0.000e+00
      9.134    -1.6556   2.703197    -1.6555   2.703685    7.96172     0.0219    13.8155 3.3118e+01  -61.58300  -54.87483 1152882331 195.545516    34.1688      81232         24  0.000e+00
      9.096    -1.6552   2.703203    -1.6556   2.703667    7.96162     0.0434    13.8155 3.3118e+01  -61.58300  -54.87483 1152882331 195.545517    34.1686      81233         24  0.000e+00
      9.067    -1.6555   2.703220    -1.6561   2.703639    7.96162     0.0650    13.8155 3.3118e+01  -61.58300  -54.87483 1152882331 195.545517    34.1692      81234         24  0.000e+00
      9.067    -1.6559   2.703229    -1.6551   2.703696    7.96167     0.0757    13.8155 3.3118e+01  -61.58300  -54.87483 1152882331 195.545518    34.1697      81235         24  0.000e+00
      9.029    -1.6563   2.703210    -1.6556   2.703673    7.96171     0.0865    13.8155 3.3118e+01  -61.58300  -54.87483 1152882331 195.545518    34.1699      81236         24  0.000e+00
      9.001    -1.6557   2.703190    -1.6558   2.703679    7.96160     0.0542    13.8155 3.3118e+01  -61.58300  -54.87483 1152882331 195.545519    34.1690      81237         24  0.000e+00
      9.068    -1.6560   2.703197    -1.6550   2.703685    7.96172     0.0650    13.8155 3.3118e+01  -61.58300  -54.87483 1152882331 195.545519    34.1694      81238         24  0.000e+00
      8.953    -1.6560   2.703223    -1.6553   2.703719    7.96157     0.0434    13.8155 3.3118e+01  -61.58300  -54.87483 1152882331 195.545520    34.1698      81239         24  0.000e+00
      9.001    -1.6557   2.703210    -1.6543   2.703754    7.96159     0.0004    13.8155 3.3118e+01  -61.58300  -54.87483 1152882331 195.545520    34.1693      81240         24  0.000e+00
      9.001    -1.6551   2.703242    -1.6543   2.703765    7.96146     0.0542    13.8155 3.3118e+01  -61.58300  -54.87483 1152882331 195.545521    34.1690      81241         24  0.000e+00
      8.953    -1.6554   2.703216    -1.6539   2.703782    7.96148     0.0757    13.8155 3.3118e+01  -61.58300  -54.87483 1152882331 195.545521    34.1690      81242         24  0.000e+00
      8.925    -1.6554   2.703223    -1.6535   2.703822    7.96144     0.0434    13.8155 3.3118e+01  -61.58300  -54.87483 1152882331 195.545522    34.1692      81243         24  0.000e+00
      9.001    -1.6557   2.703210    -1.6538   2.703799    7.96158     0.0327    13.8155 3.3118e+01  -61.58300  -54.87483 1152882331 195.545522    34.1692      81244         24  0.000e+00
      8.887    -1.6559   2.703207    -1.6533   2.703822    7.96149     0.0434    13.8155 3.3118e+01  -61.58300  -54.87483 1152882331 195.545523    34.1695      81245         24  0.000e+00
      8.925    -1.6554   2.703203    -1.6539   2.703782    7.96146    -0.0104    13.8155 3.3118e+01  -61.58300  -54.87483 1152882332 195.545523    34.1689      81246         24  0.000e+00
      8.925    -1.6554   2.703242    -1.6547   2.703765    7.96142     0.0004    13.8155 3.3118e+01  -61.58300  -54.87483 1152882332 195.545524    34.1694      81247         24  0.000e+00
      8.887    -1.6552   2.703265    -1.6544   2.703782    7.96134     0.0112    13.8155 3.3118e+01  -61.58300  -54.87483 1152882332 195.545524    34.1696      81248         24  0.000e+00
      8.925    -1.6552   2.703288    -1.6543   2.703788    7.96136    -0.0104    13.8155 3.3118e+01  -61.58300  -54.87483 1152882332 195.545525    34.1698      81249         24  0.000e+00
      8.858    -1.6548   2.703308    -1.6538   2.703771    7.96121     0.0004    13.8155 3.3118e+01  -61.58300  -54.87483 1152882332 195.545525    34.1697      81250         24  0.000e+00
      8.887    -1.6549   2.703334    -1.6538   2.703799    7.96124    -0.0426    13.8155 3.3118e+01  -61.58300  -54.87483 1152882332 195.545526    34.1702      81251         24  0.000e+00
      8.858    -1.6542   2.703350    -1.6536   2.703834    7.96107    -0.0104    13.8155 3.3118e+01  -61.58300  -54.87483 1152882332 195.545526    34.1695      81252         24  0.000e+00
      8.858    -1.6534   2.703376    -1.6535   2.703805    7.96093     0.0434    13.8155 3.3118e+01  -61.58300  -54.87483 1152882332 195.545527    34.1690      81253         24  0.000e+00
      8.820    -1.6537   2.703395    -1.6533   2.703851    7.96092     0.0650    13.8155 3.1170e+01  -61.58300  -54.87483 1152882332 195.545527    34.1696      81254         24  0.000e+00
      8.858    -1.6531   2.703402    -1.6530   2.703845    7.96086     0.0434    13.8155 3.1170e+01  -61.58300  -54.87483 1152882332 195.545528    34.1690      81255         24  0.000e+00
      8.791    -1.6533   2.703399    -1.6529   2.703874    7.96558     0.0434    13.8155 3.3118e+01  -61.58300  -54.87483 1152882332 195.545528    34.1692      81256         24  0.000e+00
      8.887    -1.6535   2.703389    -1.6529   2.703851    7.96574     0.0327    13.8155 3.3118e+01  -61.58300  -54.87483 1152882332 195.545529    34.1693      81257         24  0.000e+00
      8.791    -1.6534   2.703395    -1.6535   2.703874    7.96561    -0.0104    13.8155 3.3118e+01  -61.58300  -54.87483 1152882332 195.545529    34.1693      81258         24  0.000e+00
      8.791    -1.6540   2.703402    -1.6532   2.703880    7.96570     0.0327    13.8155 3.3118e+01  -61.58300  -54.87483 1152882332 195.545530    34.1701      81259         24  0.000e+00
      8.858    -1.6533   2.703366    -1.6536   2.703868    7.96568     0.0757    13.8155 3.3118e+01  -61.58300  -54.87483 1152882332 195.545530    34.1687      81260         24  0.000e+00
      8.744    -1.6535   2.703392    -1.6532   2.703845    7.96558     0.0972    13.8155 3.3118e+01  -61.58300  -54.87483 1152882332 195.545530    34.1695      81261         24  0.000e+00
      8.791    -1.6532   2.703386    -1.6535   2.703840    7.96559     0.0650    13.8155 3.3118e+01  -61.58300  -54.87483 1152882332 195.545531    34.1690      81262         24  0.000e+00
      8.792    -1.6535   2.703415    -1.6538   2.703874    7.96562     0.0542    13.8155 3.3118e+01  -61.58300  -54.87483 1152882332 195.545531    34.1698      81263         24  0.000e+00
      8.820    -1.6540   2.703422    -1.6533   2.703851    7.96572     0.0650    13.8155 3.3118e+01  -61.58300  -54.87483 1152882332 195.545532    34.1704      81264         24  0.000e+00
      8.792    -1.6534   2.703409    -1.6535   2.703845    7.96559     0.0112    13.8155 3.3118e+01  -61.58300  -54.87483 1152882332 195.545532    34.1695      81265         24  0.000e+00
