product_data/regression_test/downloaded_data/MDGS/320620060703/ctd/p6619505.ros
* Sea-Bird SBE 9 Data File:
* FileName = D:\Data\Raw\p6619505.dat
* Software Version Seasave Win32 V 5.32
* Temperature SN = 1649
* Conductivity SN = 1431
* Number of Bytes Per Scan = 37
* Number of Voltage Words = 5
* Number of Scans Averaged by the Deck Unit = 1
* NMEA Latitude = 60 45.25 S
* NMEA Longitude = 056 54.10 W
* NMEA UTC (Time) = 18:24:37
** Ship:   Nathaniel B. Palmer 
** Cruise:    NBP0606 
# nquan = 17
# nvalues = 1176                    
# units = specified
# name 0 = prDM: Pressure, Digiquartz [db]
# name 1 = t090C: Temperature [ITS-90, deg C]
# name 2 = c0S/m: Conductivity [S/m]
# name 3 = t190C: Temperature, 2 [ITS-90, deg C]
# name 4 = c1S/m: Conductivity, 2 [S/m]
# name 5 = sbeox0ML/L: Oxygen, SBE 43 [ml/l]
# name 6 = flECO-AFL: Fluorescence, Wetlab ECO-AFL/FL [mg/m^3]
# name 7 = bat: Beam Attenuation, Chelsea/Seatech/Wetlab CStar [1/m]
# name 8 = spar: SPAR/Surface Irradiance
# name 9 = latitude: Latitude [deg]
# name 10 = longitude: Longitude [deg]
# name 11 = timeY: Time, System [seconds]
# name 12 = timeJ: Julian Days
# name 13 = sal00: Salinity [PSU]
# name 14 = scan: scan number
# name 15 = nbf: number of bottles fired
# name 16 = flag:  0.000e+00
# interval = seconds: 0.0416667                   
# start_time = Jul 24 2006 18:24:45
*END*
[from data line 511]
     75.607    -0.8918   2.751644    -0.8925   2.752145    7.84371     0.0327    13.8155 3.3118e+01  -60.75417  -56.90167 1153768760 205.805110    33.9230      78638         11  0.000e+00
     75.655    -0.8915   2.751674    -0.8932   2.752127    7.84369     0.0219    13.8155 3.3118e+01  -60.75417  -56.90167 1153768760 205.805111    33.9231      78639         11  0.000e+00
     75.607    -0.8919   2.751562    -0.8935   2.752058    7.84377     0.0327    13.8155 3.3118e+01  -60.75417  -56.90167 1153768760 205.805111    33.9220      78640         11  0.000e+00
     75.588    -0.8927   2.751418    -0.8941   2.752018    7.84400     0.0542    13.8155 3.3118e+01  -60.75417  -56.90167 1153768760 205.805112    33.9210      78641         11  0.000e+00
     75.541    -0.8937   2.751385    -0.8946   2.752012    7.84412     0.0757    13.8155 3.3118e+01  -60.75417  -56.90167 1153768760 205.805112    33.9217      78642         11  0.000e+00
     75.588    -0.8940   2.751434    -0.8935   2.751994    7.84419     0.0650    13.8155 3.3118e+01  -60.75417  -56.90167 1153768760 205.805113    33.9227      78643         11  0.000e+00
     75.541    -0.8927   2.751684    -0.8949   2.751966    7.84375     0.0542    13.8155 3.3118e+01  -60.75417  -56.90167 1153768760 205.805113    33.9247      78644         11  0.000e+00
     75.522    -0.8904   2.752028    -0.8949   2.751942    7.84311     0.0112    13.8155 3.3118e+01  -60.75417  -56.90167 1153768760 205.805114    33.9268      78645         11  0.000e+00
     75.541    -0.8846   2.752731    -0.8952   2.751937    7.84643    -0.0426    13.8155 3.1170e+01  -60.75417  -56.90167 1153768761 205.805114    33.9297      78646         11  0.000e+00
     75.522    -0.8767   2.753266    -0.8940   2.751971    7.84005     0.0112    13.8155 3.3118e+01  -60.75417  -56.90167 1153768761 205.805115    33.9281      78647         11  0.000e+00
     75.474    -0.8756   2.753128    -0.8932   2.752006    7.84465     0.0112    13.8155 3.1170e+01  -60.75417  -56.90167 1153768761 205.805115    33.9250      78648         11  0.000e+00
     75.445    -0.8793   2.752761    -0.8932   2.752017    7.84547    -0.0426    13.8155 3.1170e+01  -60.75417  -56.90167 1153768761 205.805116    33.9242      78649         11  0.000e+00
     75.474    -0.8805   2.752767    -0.8932   2.752052    7.84569    -0.0319    13.8155 3.3118e+01  -60.75417  -56.90167 1153768761 205.805116    33.9257      78650         11  0.000e+00
     75.445    -0.8757   2.753217    -0.8928   2.752087    7.84458     0.0112    13.8155 3.3118e+01  -60.75417  -56.90167 1153768761 205.805117    33.9264      78651         11  0.000e+00
     75.398    -0.8702   2.753670    -0.8911   2.752168    7.84332     0.0004    13.8155 3.3118e+01  -60.75417  -56.90167 1153768761 205.805117    33.9263      78652         11  0.000e+00
     75.379    -0.8672   2.753956    -0.8892   2.752335    7.84263    -0.0104    13.8155 3.3118e+01  -60.75417  -56.90167 1153768761 205.805118    33.9269      78653         11  0.000e+00
     75.398    -0.8632   2.754435    -0.8865   2.752503    7.84167    -0.0749    13.8155 3.3118e+01  -60.75417  -56.90167 1153768761 205.805118    33.9289      78654         11  0.000e+00
     75.379    -0.8570   2.754823    -0.8828   2.752757    7.84039    -0.0104    13.8155 3.3118e+01  -60.75417  -56.90167 1153768761 205.805119    33.9272      78655         11  0.000e+00
     75.331    -0.8542   2.754954    -0.8756   2.753127    7.83979     0.0219    13.8155 3.3118e+01  -60.75417  -56.90167 1153768761 205.805119    33.9258      78656         11  0.000e+00
     75.379    -0.8530   2.755118    -0.8694   2.753630    7.84427     0.0434    13.8155 3.3118e+01  -60.75417  -56.90167 1153768761 205.805120    33.9267      78657         11  0.000e+00
     75.331    -0.8510   2.755519    -0.8651   2.754086    7.84361     0.0434    13.8155 3.3118e+01  -60.75417  -56.90167 1153768761 205.805120    33.9299      78658         11  0.000e+00
     75.312    -0.8476   2.755867    -0.8635   2.754352    7.84280     0.0112    13.8155 3.3118e+01  -60.75417  -56.90167 1153768761 205.805121    33.9308      78659         11  0.000e+00
     75.264    -0.8447   2.756061    -0.8614   2.754572    7.84687     0.0112    13.8155 3.3118e+01  -60.75417  -56.90167 1153768761 205.805121    33.9301      78660         11  0.000e+00
     75.312    -0.8437   2.756015    -0.8620   2.754739    7.84209     0.0542    13.8155 3.3118e+01  -60.75417  -56.90167 1153768761 205.805122    33.9284      78661         11  0.000e+00
     75.264    -0.8439   2.755956    -0.8647   2.754757    7.84210     0.0327    13.8155 3.3118e+01  -60.75417  -56.90167 1153768761 205.805122    33.9278      78662         11  0.000e+00
     75.236    -0.8434   2.755962    -0.8638   2.754647    7.84671     0.0219    13.8155 3.3118e+01  -60.75417  -56.90167 1153768761 205.805122    33.9274      78663         11  0.000e+00
     75.264    -0.8434   2.755867    -0.8639   2.754566    7.84682    -0.0104    13.8155 3.3118e+01  -60.75417  -56.90167 1153768761 205.805123    33.9261      78664         11  0.000e+00
     75.169    -0.8448   2.755785    -0.8634   2.754560    7.84699    -0.0211    13.8155 3.3118e+01  -60.75417  -56.90167 1153768761 205.805123    33.9266      78665         11  0.000e+00
     50.161    -0.8643   2.748575    -0.8657   2.749087    8.03535     0.0972    13.8155 2.5326e+01  -60.75417  -56.90167 1153768811 205.805694    33.8662      79848         12  0.000e+00
     50.161    -0.8652   2.748536    -0.8646   2.749070    8.03553     0.1188    13.8155 2.5326e+01  -60.75417  -56.90167 1153768811 205.805694    33.8666      79849         12  0.000e+00
     50.094    -0.8662   2.748460    -0.8665   2.749081    8.03567     0.1080    13.8155 2.5326e+01  -60.75417  -56.90167 1153768811 205.805695    33.8667      79850         12  0.000e+00
     50.028    -0.8677   2.748404    -0.8687   2.749006    8.04059     0.1403    13.8155 2.5326e+01  -60.75417  -56.90167 1153768811 205.805695    33.8677      79851         12  0.000e+00
     50.094    -0.8691   2.748427    -0.8697   2.748925    8.04087     0.1295    13.8155 2.5326e+01  -60.75417  -56.90167 1153768811 205.805696    33.8696      79852         12  0.000e+00
     50.094    -0.8685   2.748503    -0.8692   2.748873    8.03600     0.1188    13.8155 2.5326e+01  -60.75417  -56.90167 1153768811 205.805696    33.8699      79853         12  0.000e+00
     50.028    -0.8674   2.748526    -0.8694   2.748816    8.04044     0.1941    13.8155 2.5326e+01  -60.75417  -56.90167 1153768811 205.805697    33.8690      79854         12  0.000e+00
     50.028    -0.8666   2.748559    -0.8704   2.748781    8.04030     0.1941    13.8155 2.5326e+01  -60.75417  -56.90167 1153768811 205.805697    33.8686      79855         12  0.000e+00
     50.028    -0.8662   2.748552    -0.8717   2.748752    8.04023     0.1403    13.8155 2.5326e+01  -60.75417  -56.90167 1153768811 205.805698    33.8680      79856         12  0.000e+00
     50.028    -0.8657   2.748546    -0.8716   2.748764    8.04016     0.1080    13.8155 2.5326e+01  -60.75417  -56.90167 1153768811 205.805698    33.8674      79857         12  0.000e+00
     50.028    -0.8663   2.748532    -0.8705   2.748810    8.04027     0.1188    13.8155 2.5326e+01  -60.75417  -56.90167 1153768811 205.805699    33.8679      79858         12  0.000e+00
     50.028    -0.8663   2.748493    -0.8695   2.748827    8.04029     0.1618    13.8155 2.5326e+01  -60.75417  -56.90167 1153768811 205.805699    33.8673      79859         12  0.000e+00
     49.951    -0.8674   2.748496    -0.8696   2.748844    8.04039     0.1403    13.8155 2.5326e+01  -60.75417  -56.90167 1153768811 205.805700    33.8687      79860         12  0.000e+00
     49.951    -0.8679   2.748454    -0.8695   2.748810    8.04050     0.1188    13.8155 2.5326e+01  -60.75417  -56.90167 1153768811 205.805700    33.8687      79861         12  0.000e+00
     50.028    -0.8689   2.748355    -0.8708   2.748781    8.04083     0.1295    13.8155 2.5326e+01  -60.75417  -56.90167 1153768811 205.805701    33.8685      79862         12  0.000e+00
     49.951    -0.8694   2.748329    -0.8722   2.748758    8.04083     0.1188    13.8155 2.5326e+01  -60.75417  -56.90167 1153768811 205.805701    33.8687      79863         12  0.000e+00
     49.951    -0.8700   2.748290    -0.8735   2.748746    8.04096     0.1618    13.8155 2.5326e+01  -60.75417  -56.90167 1153768811 205.805702    33.8688      79864         12  0.000e+00
     49.951    -0.8710   2.748283    -0.8734   2.748729    8.04583     0.1403    13.8155 2.5326e+01  -60.75417  -56.90167 1153768811 205.805702    33.8698      79865         12  0.000e+00
     49.951    -0.8713   2.748299    -0.8735   2.748700    8.04587     0.1188    13.8155 2.5326e+01  -60.75417  -56.90167 1153768811 205.805703    33.8704      79866         12  0.000e+00
     49.951    -0.8713   2.748290    -0.8722   2.748729    8.04116     0.1618    13.8155 2.5326e+01  -60.75417  -56.90167 1153768811 205.805703    33.8702      79867         12  0.000e+00
     49.885    -0.8708   2.748345    -0.8700   2.748781    8.04569     0.1833    13.8155 2.7274e+01  -60.75417  -56.90167 1153768811 205.805704    33.8705      79868         12  0.000e+00
     49.951    -0.8700   2.748388    -0.8685   2.748879    8.04560     0.1403    13.8155 2.5326e+01  -60.75417  -56.90167 1153768812 205.805704    33.8702      79869         12  0.000e+00
     49.885    -0.8700   2.748345    -0.8680   2.748943    8.04556     0.1188    13.8155 2.5326e+01  -60.75417  -56.90167 1153768812 205.805705    33.8697      79870         12  0.000e+00
     49.951    -0.8697   2.748362    -0.8673   2.748977    8.04557     0.1080    13.8155 2.5326e+01  -60.75417  -56.90167 1153768812 205.805705    33.8695      79871         12  0.000e+00
     49.885    -0.8699   2.748385    -0.8675   2.748983    8.04550     0.1295    13.8155 2.5326e+01  -60.75417  -56.90167 1153768812 205.805706    33.8700      79872         12  0.000e+00
     49.885    -0.8705   2.748362    -0.8683   2.748972    8.04562     0.1403    13.8155 2.5326e+01  -60.75417  -56.90167 1153768812 205.805706    33.8704      79873         12  0.000e+00
     49.951    -0.8708   2.748303    -0.8709   2.748839    8.04579     0.1403    13.8155 2.5326e+01  -60.75417  -56.90167 1153768812 205.805707    33.8699      79874         12  0.000e+00
     49.885    -0.8710   2.748280    -0.8731   2.748660    8.04576     0.1726    13.8155 2.5326e+01  -60.75417  -56.90167 1153768812 205.805707    33.8698      79875         12  0.000e+00
     49.885    -0.8702   2.748349    -0.8739   2.748596    8.04558     0.1618    13.8155 2.5326e+01  -60.75417  -56.90167 1153768812 205.805707    33.8699      79876         12  0.000e+00
     49.951    -0.8697   2.748375    -0.8732   2.748648    8.04556     0.1510    13.8155 2.5326e+01  -60.75417  -56.90167 1153768812 205.805708    33.8697      79877         12  0.000e+00
     49.885    -0.8697   2.748404    -0.8719   2.748689    8.04547     0.1833    13.8155 2.5326e+01  -60.75417  -56.90167 1153768812 205.805708    33.8701      79878         12  0.000e+00
     49.951    -0.8688   2.748447    -0.8707   2.748729    8.04536     0.1618    13.8155 2.7274e+01  -60.75417  -56.90167 1153768812 205.805709    33.8696      79879         12  0.000e+00
     49.818    -0.8688   2.748427    -0.8708   2.748746    8.04523     0.1510    13.8155 2.7274e+01  -60.75417  -56.90167 1153768812 205.805709    33.8694      79880         12  0.000e+00
     49.951    -0.8694   2.748332    -0.8726   2.748689    8.04554     0.1833    13.8155 2.7274e+01  -60.75417  -56.90167 1153768812 205.805710    33.8687      79881         12  0.000e+00
     49.951    -0.8708   2.748273    -0.8731   2.748585    8.04582     0.1403    13.8155 2.7274e+01  -60.75417  -56.90167 1153768812 205.805710    33.8695      79882         12  0.000e+00
     49.885    -0.8716   2.748273    -0.8727   2.748573    8.04586     0.1080    13.8155 2.7274e+01  -60.75417  -56.90167 1153768812 205.805711    33.8704      79883         12  0.000e+00
     49.951    -0.8714   2.748332    -0.8737   2.748561    8.04586     0.0972    13.8155 2.7274e+01  -60.75417  -56.90167 1153768812 205.805711    33.8710      79884         12  0.000e+00
     49.885    -0.8696   2.748401    -0.8744   2.748521    8.04545     0.1618    13.8155 2.9222e+01  -60.75417  -56.90167 1153768812 205.805712    33.8699      79885         12  0.000e+00
     49.885    -0.8693   2.748378    -0.8746   2.748509    8.04541     0.1833    13.8155 2.9222e+01  -60.75417  -56.90167 1153768812 205.805712    33.8692      79886         12  0.000e+00
     49.952    -0.8696   2.748421    -0.8765   2.748452    8.05022     0.1941    13.8155 3.1170e+01  -60.75417  -56.90167 1153768812 205.805713    33.8701      79887         12  0.000e+00
     49.885    -0.8688   2.748519    -0.8768   2.748452    8.04994     0.0972    13.8155 2.9222e+01  -60.75417  -56.90167 1153768812 205.805713    33.8706      79888         12  0.000e+00
     49.885    -0.8678   2.748532    -0.8748   2.748533    8.05449     0.1188    13.8155 2.9222e+01  -60.75417  -56.90167 1153768812 205.805714    33.8697      79889         12  0.000e+00
     49.952    -0.8680   2.748460    -0.8732   2.748660    8.04994     0.1618    13.8155 2.9222e+01  -60.75417  -56.90167 1153768812 205.805714    33.8689      79890         12  0.000e+00
     49.885    -0.8689   2.748388    -0.8722   2.748694    8.05007     0.1618    13.8155 2.9222e+01  -60.75417  -56.90167 1153768812 205.805715    33.8690      79891         12  0.000e+00
     49.952    -0.8691   2.748424    -0.8712   2.748729    8.05485     0.1295    13.8155 2.9222e+01  -60.75417  -56.90167 1153768812 205.805715    33.8696      79892         12  0.000e+00
     50.028    -0.8691   2.748421    -0.8707   2.748798    8.05494     0.1080    13.8155 2.9222e+01  -60.75417  -56.90167 1153768813 205.805716    33.8696      79893         12  0.000e+00
     49.952    -0.8689   2.748414    -0.8697   2.748821    8.05483     0.0972    13.8155 2.9222e+01  -60.75417  -56.90167 1153768813 205.805716    33.8693      79894         12  0.000e+00
     50.028    -0.8693   2.748398    -0.8711   2.748723    8.05498     0.1295    13.8155 2.9222e+01  -60.75417  -56.90167 1153768813 205.805717    33.8694      79895         12  0.000e+00
     50.028    -0.8688   2.748477    -0.8745   2.748515    8.05485     0.1403    13.8155 2.9222e+01  -60.75417  -56.90167 1153768813 205.805717    33.8700      79896         12  0.000e+00
     50.581    -0.8921   2.746974    -0.8926   2.747303    8.07450     0.1618    13.8155 3.1170e+01  -60.75417  -56.90167 1153768815 205.805741    33.8755      79945         13  0.000e+00
     50.514    -0.8920   2.746997    -0.8954   2.747239    8.07438     0.1726    13.8155 3.1170e+01  -60.75417  -56.90167 1153768815 205.805741    33.8756      79946         13  0.000e+00
     50.724    -0.8905   2.747030    -0.8971   2.747262    8.07435     0.0972    13.8155 3.1170e+01  -60.75417  -56.90167 1153768815 205.805742    33.8743      79947         13  0.000e+00
     50.581    -0.8898   2.747096    -0.8964   2.747216    8.07403     0.1403    13.8155 3.1170e+01  -60.75417  -56.90167 1153768815 205.805742    33.8745      79948         13  0.000e+00
     50.581    -0.8901   2.747132    -0.8971   2.747158    8.07406     0.1833    13.8155 3.1170e+01  -60.75417  -56.90167 1153768815 205.805743    33.8753      79949         13  0.000e+00
     50.658    -0.8903   2.747129    -0.8980   2.747124    8.07418     0.1080    13.8155 3.1170e+01  -60.75417  -56.90167 1153768815 205.805743    33.8755      79950         13  0.000e+00
     50.581    -0.8892   2.747135    -0.8985   2.747077    8.07391     0.0972    13.8155 3.1170e+01  -60.75417  -56.90167 1153768815 205.805744    33.8743      79951         13  0.000e+00
