product_data/regression_test/downloaded_data/MDGS/320620060703/ctd/p6615301.ros
* Sea-Bird SBE 9 Data File:
* FileName = D:\Data\Raw\p6615301.dat
* Software Version Seasave Win32 V 5.32
* Temperature SN = 1649
* Conductivity SN = 1431
* Number of Bytes Per Scan = 37
* Number of Voltage Words = 5
* Number of Scans Averaged by the Deck Unit = 1
* NMEA Latitude = 60 46.37 S
* NMEA Longitude = 056 15.68 W
* NMEA UTC (Time) = 16:25:35
** Ship:   Nathaniel B. Palmer 
** Cruise:    NBP0606 
# nquan = 17
# nvalues = 1173                    
# units = specified
# name 0 = prDM: Pressure, Digiquartz [db]
# name 1 = t090C: Temperature [ITS-90, deg C]
# name 2 = c0S/m: Conductivity [S/m]
# name 3 = t190C: Temperature, 2 [ITS-90, deg C]
# name 4 = c1S/m: Conductivity, 2 [S/m]
# name 5 = sbeox0ML/L: Oxygen, SBE 43 [ml/l]
# name 6 = flECO-AFL: Fluorescence, Wetlab ECO-AFL/FL [mg/m^3]
# name 7 = bat: Beam Attenuation, Chelsea/Seatech/Wetlab CStar [1/m]
# name 8 = spar: SPAR/Surface Irradiance
# name 9 = latitude: Latitude [deg]
# name 10 = longitude: Longitude [deg]
# name 11 = timeY: Time, System [seconds]
# name 12 = timeJ: Julian Days
# name 13 = sal00: Salinity [PSU]
# name 14 = scan: scan number
# name 15 = nbf: number of bottles fired
# name 16 = flag:  0.000e+00
# interval = seconds: 0.0416667                   
# start_time = Jul 18 2006 16:25:43
*END*
[from data line 511]
    250.121    -0.3724   2.836191    -0.3735   2.836588    6.74837    -0.1180    13.8155 8.7667e+01  -60.77283  -56.26133 1153242599 199.715285    34.3701      63785         11  0.000e+00
    250.111    -0.3727   2.836088    -0.3731   2.836617    6.74847    -0.0964    13.8155 8.7667e+01  -60.77283  -56.26133 1153242599 199.715286    34.3690      63786         11  0.000e+00
    250.054    -0.3733   2.835998    -0.3730   2.836652    6.74856    -0.0749    13.8155 8.7667e+01  -60.77283  -56.26133 1153242599 199.715286    34.3686      63787         11  0.000e+00
    250.044    -0.3741   2.835941    -0.3724   2.836682    6.74869    -0.0749    13.8155 8.7667e+01  -60.77283  -56.26133 1153242599 199.715287    34.3687      63788         11  0.000e+00
    250.054    -0.3746   2.835881    -0.3721   2.836687    6.74880    -0.0642    13.8155 8.7667e+01  -60.77283  -56.26133 1153242599 199.715287    34.3684      63789         11  0.000e+00
    250.045    -0.3749   2.835828    -0.3719   2.836670    6.74887    -0.0749    13.8155 8.7667e+01  -60.77283  -56.26133 1153242599 199.715288    34.3681      63790         11  0.000e+00
    249.978    -0.3748   2.835815    -0.3716   2.836682    6.74881    -0.0749    13.8155 8.7667e+01  -60.77283  -56.26133 1153242599 199.715288    34.3679      63791         11  0.000e+00
    249.968    -0.3747   2.835901    -0.3716   2.836647    6.74873    -0.0534    13.8155 8.7667e+01  -60.77283  -56.26133 1153242599 199.715289    34.3689      63792         11  0.000e+00
    249.978    -0.3747   2.835881    -0.3722   2.836670    6.74875    -0.0426    13.8155 8.7667e+01  -60.77283  -56.26133 1153242599 199.715289    34.3686      63793         11  0.000e+00
    249.911    -0.3752   2.835828    -0.3721   2.836687    6.74878    -0.0319    13.8155 8.7667e+01  -60.77283  -56.26133 1153242599 199.715290    34.3685      63794         11  0.000e+00
    249.968    -0.3761   2.835732    -0.3715   2.836687    6.74902    -0.0534    13.8155 8.7667e+01  -60.77283  -56.26133 1153242599 199.715290    34.3682      63795         11  0.000e+00
    249.767    -0.3773   2.835635    -0.3718   2.836705    6.74906    -0.0534    13.8155 8.7667e+01  -60.77283  -56.26133 1153242599 199.715291    34.3684      63796         11  0.000e+00
    249.968    -0.3786   2.835562    -0.3716   2.836693    6.74947    -0.0642    13.8155 8.7667e+01  -60.77283  -56.26133 1153242599 199.715291    34.3688      63797         11  0.000e+00
    249.911    -0.3790   2.835495    -0.3727   2.836629    6.74951    -0.0534    13.8155 8.7667e+01  -60.77283  -56.26133 1153242600 199.715292    34.3684      63798         11  0.000e+00
    249.834    -0.3797   2.835479    -0.3729   2.836629    6.74954    -0.0964    13.8155 8.7667e+01  -60.77283  -56.26133 1153242600 199.715292    34.3690      63799         11  0.000e+00
    249.834    -0.3792   2.835509    -0.3739   2.836571    6.74469    -0.1072    13.8155 8.7667e+01  -60.77283  -56.26133 1153242600 199.715293    34.3688      63800         11  0.000e+00
    249.834    -0.3790   2.835522    -0.3739   2.836489    6.74466    -0.0749    13.8155 8.7667e+01  -60.77283  -56.26133 1153242600 199.715293    34.3688      63801         11  0.000e+00
    249.767    -0.3798   2.835539    -0.3756   2.836413    6.74469    -0.0426    13.8155 8.7667e+01  -60.77283  -56.26133 1153242600 199.715294    34.3700      63802         11  0.000e+00
    249.834    -0.3794   2.835545    -0.3767   2.836308    6.74945    -0.0319    13.8155 8.7667e+01  -60.77283  -56.26133 1153242600 199.715294    34.3695      63803         11  0.000e+00
    249.700    -0.3788   2.835545    -0.3775   2.836226    6.74448    -0.0749    13.8155 8.7667e+01  -60.77283  -56.26133 1153242600 199.715295    34.3689      63804         11  0.000e+00
    249.758    -0.3787   2.835578    -0.3774   2.836202    6.74451    -0.1180    13.8155 8.7667e+01  -60.77283  -56.26133 1153242600 199.715295    34.3692      63805         11  0.000e+00
    249.767    -0.3792   2.835592    -0.3779   2.836167    6.74457    -0.0964    13.8155 8.7667e+01  -60.77283  -56.26133 1153242600 199.715296    34.3699      63806         11  0.000e+00
    249.691    -0.3792   2.835608    -0.3769   2.836156    6.74450    -0.0319    13.8155 8.7667e+01  -60.77283  -56.26133 1153242600 199.715296    34.3703      63807         11  0.000e+00
    249.700    -0.3784   2.835665    -0.3771   2.836150    6.74436    -0.0534    13.8155 8.7667e+01  -60.77283  -56.26133 1153242600 199.715297    34.3701      63808         11  0.000e+00
    249.691    -0.3788   2.835682    -0.3772   2.836150    6.74439    -0.0534    13.8155 8.7667e+01  -60.77283  -56.26133 1153242600 199.715297    34.3707      63809         11  0.000e+00
    249.624    -0.3786   2.835682    -0.3764   2.836126    6.74430    -0.0749    13.8155 8.7667e+01  -60.77283  -56.26133 1153242600 199.715298    34.3705      63810         11  0.000e+00
    249.624    -0.3784   2.835698    -0.3767   2.836062    6.74427    -0.0534    13.8155 8.7667e+01  -60.77283  -56.26133 1153242600 199.715298    34.3706      63811         11  0.000e+00
    249.624    -0.3781   2.835788    -0.3781   2.836021    6.74417    -0.0642    13.8155 8.7667e+01  -60.77283  -56.26133 1153242600 199.715299    34.3714      63812         11  0.000e+00
    200.920    -0.4657   2.823618    -0.4657   2.824040    6.89832    -0.0749    13.8155 8.1822e+01  -60.77283  -56.26133 1153242674 199.716158    34.3370      65595         12  0.000e+00
    201.035    -0.4656   2.823678    -0.4658   2.824046    6.89837    -0.0534    13.8155 8.1822e+01  -60.77283  -56.26133 1153242674 199.716159    34.3376      65596         12  0.000e+00
    200.853    -0.4649   2.823721    -0.4664   2.824046    6.89807    -0.0211    13.8155 8.1822e+01  -60.77283  -56.26133 1153242674 199.716159    34.3375      65597         12  0.000e+00
    200.987    -0.4647   2.823704    -0.4666   2.824046    6.89818    -0.0534    13.8155 8.1822e+01  -60.77283  -56.26133 1153242674 199.716160    34.3369      65598         12  0.000e+00
    200.968    -0.4650   2.823721    -0.4660   2.824063    6.90294    -0.0749    13.8155 8.1822e+01  -60.77283  -56.26133 1153242675 199.716160    34.3375      65599         12  0.000e+00
    200.987    -0.4648   2.823671    -0.4655   2.824052    6.90296    -0.0642    13.8155 8.1822e+01  -60.77283  -56.26133 1153242675 199.716161    34.3366      65600         12  0.000e+00
    200.987    -0.4656   2.823678    -0.4661   2.824046    6.90307    -0.0749    13.8155 8.1822e+01  -60.77283  -56.26133 1153242675 199.716161    34.3376      65601         12  0.000e+00
    200.968    -0.4653   2.823678    -0.4662   2.824046    6.90301    -0.1180    13.8155 8.1822e+01  -60.77283  -56.26133 1153242675 199.716162    34.3373      65602         12  0.000e+00
    200.987    -0.4657   2.823655    -0.4658   2.824046    6.90310    -0.0749    13.8155 8.1822e+01  -60.77283  -56.26133 1153242675 199.716162    34.3375      65603         12  0.000e+00
    201.064    -0.4661   2.823641    -0.4654   2.824063    6.90323    -0.0964    13.8155 8.1822e+01  -60.77283  -56.26133 1153242675 199.716163    34.3376      65604         12  0.000e+00
    200.968    -0.4657   2.823698    -0.4649   2.824087    6.89831    -0.0749    13.8155 8.1822e+01  -60.77283  -56.26133 1153242675 199.716163    34.3381      65605         12  0.000e+00
    201.064    -0.4651   2.823744    -0.4654   2.824098    6.89829    -0.0749    13.8155 8.1822e+01  -60.77283  -56.26133 1153242675 199.716164    34.3379      65606         12  0.000e+00
    201.035    -0.4640   2.823814    -0.4651   2.824098    6.90281    -0.0426    13.8155 8.1822e+01  -60.77283  -56.26133 1153242675 199.716164    34.3376      65607         12  0.000e+00
    201.064    -0.4638   2.823841    -0.4658   2.824081    6.90279    -0.0642    13.8155 7.9874e+01  -60.77283  -56.26133 1153242675 199.716165    34.3377      65608         12  0.000e+00
    201.064    -0.4639   2.823884    -0.4656   2.824069    6.90277    -0.1180    13.8155 7.9874e+01  -60.77283  -56.26133 1153242675 199.716165    34.3384      65609         12  0.000e+00
    201.035    -0.4639   2.823841    -0.4660   2.824104    6.90277    -0.0749    13.8155 7.9874e+01  -60.77283  -56.26133 1153242675 199.716166    34.3378      65610         12  0.000e+00
    201.064    -0.4639   2.823831    -0.4655   2.824122    6.89806    -0.0319    13.8155 7.9874e+01  -60.77283  -56.26133 1153242675 199.716166    34.3377      65611         12  0.000e+00
    201.131    -0.4639   2.823857    -0.4657   2.824122    6.89811    -0.0749    13.8155 7.9874e+01  -60.77283  -56.26133 1153242675 199.716167    34.3380      65612         12  0.000e+00
    201.035    -0.4643   2.823841    -0.4649   2.824104    6.90284    -0.1180    13.8155 7.9874e+01  -60.77283  -56.26133 1153242675 199.716167    34.3383      65613         12  0.000e+00
    201.131    -0.4636   2.823864    -0.4655   2.824075    6.90281    -0.1287    13.8155 7.9874e+01  -60.77283  -56.26133 1153242675 199.716168    34.3377      65614         12  0.000e+00
    201.131    -0.4636   2.823867    -0.4657   2.824069    6.90280    -0.0749    13.8155 7.9874e+01  -60.77283  -56.26133 1153242675 199.716168    34.3378      65615         12  0.000e+00
    201.102    -0.4636   2.823841    -0.4660   2.824028    6.90279    -0.0534    13.8155 7.9874e+01  -60.77283  -56.26133 1153242675 199.716168    34.3374      65616         12  0.000e+00
    201.131    -0.4642   2.823807    -0.4657   2.824040    6.90293    -0.0534    13.8155 7.9874e+01  -60.77283  -56.26133 1153242675 199.716169    34.3377      65617         12  0.000e+00
    201.131    -0.4651   2.823771    -0.4661   2.823999    6.89833    -0.0319    13.8155 7.9874e+01  -60.77283  -56.26133 1153242675 199.716169    34.3382      65618         12  0.000e+00
    201.179    -0.4645   2.823774    -0.4663   2.824028    6.90304    -0.0104    13.8155 7.7926e+01  -60.77283  -56.26133 1153242675 199.716170    34.3375      65619         12  0.000e+00
    201.207    -0.4651   2.823698    -0.4660   2.823982    6.90320    -0.0534    13.8155 7.7926e+01  -60.77283  -56.26133 1153242675 199.716170    34.3372      65620         12  0.000e+00
    201.131    -0.4654   2.823648    -0.4660   2.823982    6.90320    -0.0749    13.8155 7.9874e+01  -60.77283  -56.26133 1153242675 199.716171    34.3369      65621         12  0.000e+00
    201.246    -0.4659   2.823665    -0.4664   2.824034    6.90337    -0.0534    13.8155 7.9874e+01  -60.77283  -56.26133 1153242676 199.716171    34.3376      65622         12  0.000e+00
    201.131    -0.4659   2.823655    -0.4663   2.824046    6.90326    -0.0319    13.8155 7.9874e+01  -60.77283  -56.26133 1153242676 199.716172    34.3375      65623         12  0.000e+00
    201.274    -0.4657   2.823641    -0.4656   2.824046    6.90339    -0.0104    13.8155 7.9874e+01  -60.77283  -56.26133 1153242676 199.716172    34.3371      65624         12  0.000e+00
    201.179    -0.4654   2.823665    -0.4658   2.824046    6.90324    -0.0319    13.8155 7.9874e+01  -60.77283  -56.26133 1153242676 199.716173    34.3371      65625         12  0.000e+00
    201.274    -0.4661   2.823665    -0.4655   2.824081    6.90342    -0.0964    13.8155 7.9874e+01  -60.77283  -56.26133 1153242676 199.716173    34.3378      65626         12  0.000e+00
    201.246    -0.4653   2.823671    -0.4660   2.824063    6.90328    -0.1395    13.8155 7.9874e+01  -60.77283  -56.26133 1153242676 199.716174    34.3370      65627         12  0.000e+00
    201.207    -0.4656   2.823665    -0.4655   2.824087    6.90329    -0.1395    13.8155 7.9874e+01  -60.77283  -56.26133 1153242676 199.716174    34.3373      65628         12  0.000e+00
    201.274    -0.4651   2.823635    -0.4655   2.824058    6.90330    -0.0749    13.8155 7.9874e+01  -60.77283  -56.26133 1153242676 199.716175    34.3362      65629         12  0.000e+00
    201.246    -0.4651   2.823655    -0.4651   2.824098    6.90326    -0.0426    13.8155 7.9874e+01  -60.77283  -56.26133 1153242676 199.716175    34.3366      65630         12  0.000e+00
    201.274    -0.4656   2.823655    -0.4654   2.824104    6.90336    -0.0749    13.8155 7.9874e+01  -60.77283  -56.26133 1153242676 199.716176    34.3371      65631         12  0.000e+00
    201.274    -0.4657   2.823602    -0.4652   2.824081    6.90341    -0.0749    13.8155 7.9874e+01  -60.77283  -56.26133 1153242676 199.716176    34.3366      65632         12  0.000e+00
    201.313    -0.4662   2.823625    -0.4658   2.824052    6.90350    -0.0749    13.8155 7.9874e+01  -60.77283  -56.26133 1153242676 199.716177    34.3374      65633         12  0.000e+00
    201.341    -0.4662   2.823612    -0.4657   2.824063    6.90354    -0.0749    13.8155 7.9874e+01  -60.77283  -56.26133 1153242676 199.716177    34.3372      65634         12  0.000e+00
    201.274    -0.4662   2.823582    -0.4655   2.824052    6.90824    -0.0534    13.8155 7.9874e+01  -60.77283  -56.26133 1153242676 199.716178    34.3368      65635         12  0.000e+00
    201.313    -0.4667   2.823545    -0.4660   2.824046    6.90836    -0.0964    13.8155 7.9874e+01  -60.77283  -56.26133 1153242676 199.716178    34.3368      65636         12  0.000e+00
    201.341    -0.4668   2.823529    -0.4658   2.824046    6.90842    -0.1072    13.8155 7.9874e+01  -60.77283  -56.26133 1153242676 199.716179    34.3368      65637         12  0.000e+00
    201.341    -0.4663   2.823552    -0.4652   2.824046    6.90359    -0.0749    13.8155 7.9874e+01  -60.77283  -56.26133 1153242676 199.716179    34.3365      65638         12  0.000e+00
    201.313    -0.4663   2.823578    -0.4659   2.823999    6.90829    -0.0426    13.8155 7.9874e+01  -60.77283  -56.26133 1153242676 199.716180    34.3369      65639         12  0.000e+00
    201.341    -0.4663   2.823575    -0.4657   2.824046    6.90358    -0.0749    13.8155 7.9874e+01  -60.77283  -56.26133 1153242676 199.716180    34.3369      65640         12  0.000e+00
    201.341    -0.4660   2.823582    -0.4655   2.824093    6.90352    -0.0749    13.8155 7.9874e+01  -60.77283  -56.26133 1153242676 199.716181    34.3365      65641         12  0.000e+00
    201.389    -0.4662   2.823595    -0.4646   2.824139    6.90834    -0.0642    13.8155 7.9874e+01  -60.77283  -56.26133 1153242676 199.716181    34.3369      65642         12  0.000e+00
    201.341    -0.4665   2.823588    -0.4643   2.824186    6.90834    -0.0749    13.8155 7.7926e+01  -60.77283  -56.26133 1153242676 199.716182    34.3372      65643         12  0.000e+00
    150.492    -0.7108   2.796659    -0.7062   2.797507    7.33294    -0.0319    13.8155 7.7926e+01  -60.77283  -56.26133 1153242771 199.717272    34.2823      67904         13  0.000e+00
    150.425    -0.7107   2.796662    -0.7057   2.797542    7.33285    -0.0211    13.8155 7.7926e+01  -60.77283  -56.26133 1153242771 199.717272    34.2822      67905         13  0.000e+00
    150.434    -0.7113   2.796692    -0.7056   2.797589    7.33292    -0.0104    13.8155 7.7926e+01  -60.77283  -56.26133 1153242771 199.717273    34.2833      67906         13  0.000e+00
    150.425    -0.7112   2.796718    -0.7053   2.797641    7.33288    -0.0426    13.8155 7.7926e+01  -60.77283  -56.26133 1153242771 199.717273    34.2835      67907         13  0.000e+00
    150.492    -0.7110   2.796755    -0.7042   2.797751    7.33290    -0.0964    13.8155 7.7926e+01  -60.77283  -56.26133 1153242771 199.717274    34.2838      67908         13  0.000e+00
    150.425    -0.7089   2.796953    -0.7036   2.797850    7.33239    -0.0964    13.8155 7.7926e+01  -60.77283  -56.26133 1153242771 199.717274    34.2842      67909         13  0.000e+00
    150.434    -0.7070   2.797115    -0.7037   2.797844    7.33200    -0.0749    13.8155 7.7926e+01  -60.77283  -56.26133 1153242771 199.717275    34.2841      67910         13  0.000e+00
