product_data/regression_test/downloaded_data/MDGS/320620060703/ctd/p6615701.cnv
* Sea-Bird SBE 9 Data File:
* FileName = D:\Data\Raw\p6615701.dat
* Software Version Seasave Win32 V 5.32
* Temperature SN = 1649
* Conductivity SN = 1431
* Number of Bytes Per Scan = 37
* Number of Voltage Words = 5
* Number of Scans Averaged by the Deck Unit = 1
* NMEA Latitude = 60 51.45 S
* NMEA Longitude = 056 03.54 W
* NMEA UTC (Time) = 01:08:55
** Ship:   Nathaniel B. Palmer 
** Cruise:    NBP0606 
# nquan = 15
# nvalues = 979                         
# units = specified
# name 0 = prDM: Pressure, Digiquartz [db]
# name 1 = t090C: Temperature [ITS-90, deg C]
# name 2 = c0S/m: Conductivity [S/m]
# name 3 = t190C: Temperature, 2 [ITS-90, deg C]
# name 4 = c1S/m: Conductivity, 2 [S/m]
# name 5 = sbeox0ML/L: Oxygen, SBE 43 [ml/l]
# name 6 = flECO-AFL: Fluorescence, Wetlab ECO-AFL/FL [mg/m^3]
# name 7 = bat: Beam Attenuation, Chelsea/Seatech/Wetlab CStar [1/m]
# name 8 = spar: SPAR/Surface Irradiance
# name 9 = latitude: Latitude [deg]
# name 10 = longitude: Longitude [deg]
# name 11 = timeY: Time, System [seconds]
# name 12 = timeJ: Julian Days
# name 13 = sal00: Salinity [PSU]
# name 14 = flag: flag
# span 0 =     22.000,   1000.000       
# span 1 =    -0.8594,     0.8450       
# span 2 =   2.786953,   2.994378       
# span 3 =    -0.8591,     0.8439       
# span 4 =   2.787353,   2.994459       
# span 5 =    5.27565,    7.35930       
# span 6 =    -0.1153,     0.0869       
# span 7 =    13.8155,    13.8155       
# span 8 = 0.0000e+00, 0.0000e+00       
# span 9 =  -60.85750,  -60.85750       
# span 10 =  -56.05900,  -56.05900      
# span 11 = 1153271337, 1153272698      
# span 12 = 200.047902, 200.063656      
# span 13 =    34.2848,    34.6650      
# span 14 = 0.0000e+00, 0.0000e+00      
# interval = decibars: 1                
# start_time = Jul 19 2006 01:09:03
# bad_flag = -9.990e-29
*END*
[from data line 868]
    890.000     0.1194   2.921812     0.1157   2.921888    5.81545    -0.0950    13.8155 0.0000e+00  -60.85750  -56.05900 1153272552 200.061964    34.5770 0.0000e+00
    891.000     0.1092   2.920904     0.1099   2.921373    5.82566    -0.1024    13.8155 0.0000e+00  -60.85750  -56.05900 1153272553 200.061975    34.5767 0.0000e+00
    892.000     0.1064   2.920729     0.1072   2.921165    5.84274    -0.0979    13.8155 0.0000e+00  -60.85750  -56.05900 1153272555 200.061999    34.5762 0.0000e+00
    893.000     0.1074   2.920879     0.1070   2.921210    5.85152    -0.0971    13.8155 0.0000e+00  -60.85750  -56.05900 1153272557 200.062019    34.5761 0.0000e+00
    894.000     0.1075   2.920930     0.1048   2.921073    5.85250    -0.1014    13.8155 0.0000e+00  -60.85750  -56.05900 1153272558 200.062029    34.5758 0.0000e+00
    895.000     0.1034   2.920590     0.1030   2.920962    5.85467    -0.1118    13.8155 0.0000e+00  -60.85750  -56.05900 1153272558 200.062038    34.5752 0.0000e+00
    896.000     0.0934   2.919741     0.0922   2.920011    5.86136    -0.0870    13.8155 0.0000e+00  -60.85750  -56.05900 1153272559 200.062049    34.5749 0.0000e+00
    897.000     0.0760   2.918227     0.0778   2.918772    5.86894    -0.0983    13.8155 0.0000e+00  -60.85750  -56.05900 1153272561 200.062070    34.5740 0.0000e+00
    898.000     0.0694   2.917671     0.0688   2.917988    5.87051    -0.0890    13.8155 0.0000e+00  -60.85750  -56.05900 1153272563 200.062089    34.5734 0.0000e+00
    899.000     0.0582   2.916645     0.0544   2.916765    5.87159    -0.0997    13.8155 0.0000e+00  -60.85750  -56.05900 1153272564 200.062100    34.5717 0.0000e+00
    900.000     0.0512   2.916102     0.0509   2.916458    5.87647    -0.0830    13.8155 0.0000e+00  -60.85750  -56.05900 1153272564 200.062109    34.5721 0.0000e+00
    901.000     0.0513   2.916143     0.0512   2.916510    5.87463    -0.0859    13.8155 0.0000e+00  -60.85750  -56.05900 1153272565 200.062119    34.5718 0.0000e+00
    902.000     0.0727   2.918359     0.0850   2.919710    5.87287    -0.1054    13.8155 0.0000e+00  -60.85750  -56.05900 1153272566 200.062134    34.5759 0.0000e+00
    903.000     0.1114   2.922040     0.1141   2.922637    5.86576    -0.0963    13.8155 0.0000e+00  -60.85750  -56.05900 1153272568 200.062155    34.5785 0.0000e+00
    904.000     0.1130   2.922257     0.1177   2.922950    5.86160    -0.0928    13.8155 0.0000e+00  -60.85750  -56.05900 1153272570 200.062170    34.5792 0.0000e+00
    905.000     0.1059   2.921615     0.1085   2.922223    5.85530    -0.0863    13.8155 0.0000e+00  -60.85750  -56.05900 1153272571 200.062184    34.5782 0.0000e+00
    906.000     0.1002   2.921135     0.0994   2.921382    5.85800    -0.0941    13.8155 0.0000e+00  -60.85750  -56.05900 1153272572 200.062197    34.5781 0.0000e+00
    907.000     0.1091   2.922006     0.1092   2.922348    5.85125    -0.1123    13.8155 0.0000e+00  -60.85750  -56.05900 1153272573 200.062209    34.5787 0.0000e+00
    908.000     0.0928   2.920443     0.0950   2.921059    5.84733    -0.0977    13.8155 0.0000e+00  -60.85750  -56.05900 1153272574 200.062220    34.5768 0.0000e+00
    909.000     0.1086   2.922120     0.1092   2.922370    5.84918    -0.0954    13.8155 0.0000e+00  -60.85750  -56.05900 1153272575 200.062232    34.5801 0.0000e+00
    910.000     0.0947   2.920662     0.0968   2.921369    5.84937    -0.0891    13.8155 0.0000e+00  -60.85750  -56.05900 1153272576 200.062245    34.5755 0.0000e+00
    911.000     0.1108   2.922428     0.1135   2.922798    5.84840    -0.0916    13.8155 0.0000e+00  -60.85750  -56.05900 1153272578 200.062263    34.5803 0.0000e+00
    912.000     0.1279   2.924109     0.1296   2.924541    5.84150    -0.0905    13.8155 0.0000e+00  -60.85750  -56.05900 1153272579 200.062281    34.5813 0.0000e+00
    913.000     0.1328   2.924494     0.1328   2.924815    5.83696    -0.1153    13.8155 0.0000e+00  -60.85750  -56.05900 1153272580 200.062295    34.5810 0.0000e+00
    914.000     0.1317   2.924433     0.1330   2.924899    5.84246    -0.0886    13.8155 0.0000e+00  -60.85750  -56.05900 1153272581 200.062307    34.5809 0.0000e+00
    915.000     0.1278   2.924111     0.1294   2.924608    5.84137    -0.0941    13.8155 0.0000e+00  -60.85750  -56.05900 1153272583 200.062320    34.5806 0.0000e+00
    916.000     0.1310   2.924484     0.1305   2.924766    5.82674    -0.0893    13.8155 0.0000e+00  -60.85750  -56.05900 1153272584 200.062340    34.5815 0.0000e+00
    917.000     0.1149   2.922920     0.0905   2.921175    5.83385    -0.0977    13.8155 0.0000e+00  -60.85750  -56.05900 1153272586 200.062355    34.5781 0.0000e+00
    918.000     0.0691   2.918684     0.0681   2.919117    5.84776    -0.0959    13.8155 0.0000e+00  -60.85750  -56.05900 1153272586 200.062365    34.5771 0.0000e+00
    919.000     0.0623   2.918344     0.0871   2.920940    5.84919    -0.0901    13.8155 0.0000e+00  -60.85750  -56.05900 1153272587 200.062373    34.5791 0.0000e+00
    920.000     0.1063   2.922458     0.0869   2.920957    5.84009    -0.0934    13.8155 0.0000e+00  -60.85750  -56.05900 1153272588 200.062380    34.5809 0.0000e+00
    921.000     0.1147   2.923442     0.1412   2.926115    5.82642    -0.1082    13.8155 0.0000e+00  -60.85750  -56.05900 1153272589 200.062388    34.5845 0.0000e+00
    922.000     0.1675   2.928492     0.1824   2.929978    5.80315    -0.0982    13.8155 0.0000e+00  -60.85750  -56.05900 1153272591 200.062414    34.5897 0.0000e+00
    923.000     0.1693   2.928991     0.1978   2.931370    5.78750    -0.0900    13.8155 0.0000e+00  -60.85750  -56.05900 1153272593 200.062445    34.5891 0.0000e+00
    924.000     0.2901   2.940259     0.2942   2.940588    5.77184    -0.0940    13.8155 0.0000e+00  -60.85750  -56.05900 1153272594 200.062453    34.6009 0.0000e+00
    925.000     0.2951   2.940567     0.2947   2.940802    5.75952    -0.1002    13.8155 0.0000e+00  -60.85750  -56.05900 1153272595 200.062460    34.5988 0.0000e+00
    926.000     0.2939   2.940521     0.2940   2.940784    5.74688    -0.0823    13.8155 0.0000e+00  -60.85750  -56.05900 1153272595 200.062469    34.5994 0.0000e+00
    927.000     0.2894   2.940148     0.2896   2.940426    5.72724    -0.0940    13.8155 0.0000e+00  -60.85750  -56.05900 1153272597 200.062485    34.6001 0.0000e+00
    928.000     0.3059   2.941792     0.3073   2.942101    5.71044    -0.0835    13.8155 0.0000e+00  -60.85750  -56.05900 1153272598 200.062502    34.6031 0.0000e+00
    929.000     0.3178   2.942928     0.3190   2.943272    5.70014    -0.1009    13.8155 0.0000e+00  -60.85750  -56.05900 1153272599 200.062513    34.6041 0.0000e+00
    930.000     0.3285   2.943971     0.3317   2.944480    5.69146    -0.0970    13.8155 0.0000e+00  -60.85750  -56.05900 1153272600 200.062525    34.6051 0.0000e+00
    931.000     0.3355   2.944652     0.3414   2.945463    5.68032    -0.0951    13.8155 0.0000e+00  -60.85750  -56.05900 1153272603 200.062551    34.6062 0.0000e+00
    932.000     0.3332   2.944428     0.3317   2.944605    5.67177    -0.1071    13.8155 0.0000e+00  -60.85750  -56.05900 1153272604 200.062569    34.6056 0.0000e+00
    933.000     0.3358   2.944825     0.3354   2.944954    5.66543    -0.1020    13.8155 0.0000e+00  -60.85750  -56.05900 1153272605 200.062578    34.6082 0.0000e+00
    934.000     0.3511   2.946201     0.3468   2.946107    5.66496    -0.1054    13.8155 0.0000e+00  -60.85750  -56.05900 1153272606 200.062588    34.6078 0.0000e+00
    935.000     0.3408   2.945218     0.3389   2.945423    5.66451    -0.0967    13.8155 0.0000e+00  -60.85750  -56.05900 1153272607 200.062598    34.6060 0.0000e+00
    936.000     0.3279   2.944128     0.3330   2.944819    5.65754    -0.0948    13.8155 0.0000e+00  -60.85750  -56.05900 1153272608 200.062610    34.6068 0.0000e+00
    937.000     0.3663   2.947809     0.3734   2.948683    5.65256    -0.1008    13.8155 0.0000e+00  -60.85750  -56.05900 1153272609 200.062627    34.6106 0.0000e+00
    938.000     0.3793   2.949048     0.3802   2.949399    5.64330    -0.0966    13.8155 0.0000e+00  -60.85750  -56.05900 1153272610 200.062640    34.6112 0.0000e+00
    939.000     0.3797   2.949156     0.3833   2.949727    5.63306    -0.0875    13.8155 0.0000e+00  -60.85750  -56.05900 1153272611 200.062653    34.6119 0.0000e+00
    940.000     0.4080   2.951851     0.4054   2.951855    5.62692    -0.0917    13.8155 0.0000e+00  -60.85750  -56.05900 1153272613 200.062667    34.6144 0.0000e+00
    941.000     0.3885   2.950028     0.3917   2.950614    5.62060    -0.1011    13.8155 0.0000e+00  -60.85750  -56.05900 1153272614 200.062685    34.6129 0.0000e+00
    942.000     0.4128   2.952386     0.4091   2.952287    5.61224    -0.1015    13.8155 0.0000e+00  -60.85750  -56.05900 1153272616 200.062703    34.6155 0.0000e+00
    943.000     0.4158   2.952719     0.4160   2.952999    5.60762    -0.0992    13.8155 0.0000e+00  -60.85750  -56.05900 1153272617 200.062718    34.6161 0.0000e+00
    944.000     0.4182   2.952944     0.4176   2.953190    5.58909    -0.0999    13.8155 0.0000e+00  -60.85750  -56.05900 1153272618 200.062730    34.6157 0.0000e+00
    945.000     0.4416   2.955330     0.4413   2.955431    5.58479    -0.1003    13.8155 0.0000e+00  -60.85750  -56.05900 1153272619 200.062743    34.6203 0.0000e+00
    946.000     0.4409   2.955217     0.4408   2.955483    5.57539    -0.1092    13.8155 0.0000e+00  -60.85750  -56.05900 1153272620 200.062755    34.6189 0.0000e+00
    947.000     0.4398   2.955117     0.4369   2.955175    5.56572    -0.1070    13.8155 0.0000e+00  -60.85750  -56.05900 1153272621 200.062766    34.6182 0.0000e+00
    948.000     0.4599   2.957308     0.4697   2.958155    5.56514    -0.0892    13.8155 0.0000e+00  -60.85750  -56.05900 1153272622 200.062776    34.6248 0.0000e+00
    949.000     0.5102   2.961846     0.5104   2.962179    5.54714    -0.1008    13.8155 0.0000e+00  -60.85750  -56.05900 1153272623 200.062786    34.6242 0.0000e+00
    950.000     0.5487   2.965656     0.5354   2.964530    5.52491    -0.0934    13.8155 0.0000e+00  -60.85750  -56.05900 1153272625 200.062805    34.6305 0.0000e+00
    951.000     0.5344   2.964292     0.5350   2.964663    5.50840    -0.1085    13.8155 0.0000e+00  -60.85750  -56.05900 1153272627 200.062830    34.6307 0.0000e+00
    952.000     0.5530   2.966073     0.5532   2.966373    5.50142    -0.0832    13.8155 0.0000e+00  -60.85750  -56.05900 1153272628 200.062841    34.6306 0.0000e+00
    953.000     0.5573   2.966580     0.5574   2.966795    5.47329    -0.1034    13.8155 0.0000e+00  -60.85750  -56.05900 1153272629 200.062852    34.6324 0.0000e+00
    954.000     0.5692   2.967759     0.5698   2.967943    5.46232    -0.0978    13.8155 0.0000e+00  -60.85750  -56.05900 1153272630 200.062864    34.6339 0.0000e+00
    955.000     0.5920   2.969829     0.5906   2.969975    5.44788    -0.0952    13.8155 0.0000e+00  -60.85750  -56.05900 1153272632 200.062887    34.6342 0.0000e+00
    956.000     0.6837   2.979403     0.6909   2.979322    5.40955    -0.0979    13.8155 0.0000e+00  -60.85750  -56.05900 1153272633 200.062901    34.6521 0.0000e+00
    957.000     0.8007   2.989925     0.7970   2.989635    5.38562    -0.0930    13.8155 0.0000e+00  -60.85750  -56.05900 1153272634 200.062911    34.6556 0.0000e+00
    958.000     0.8277   2.992631     0.8301   2.992912    5.36406    -0.0909    13.8155 0.0000e+00  -60.85750  -56.05900 1153272634 200.062919    34.6601 0.0000e+00
    959.000     0.8315   2.992984     0.8308   2.993061    5.34622    -0.0948    13.8155 0.0000e+00  -60.85750  -56.05900 1153272635 200.062927    34.6601 0.0000e+00
    960.000     0.8363   2.993512     0.8346   2.993466    5.32587    -0.1005    13.8155 0.0000e+00  -60.85750  -56.05900 1153272636 200.062936    34.6620 0.0000e+00
    961.000     0.8450   2.994378     0.8439   2.994459    5.29048    -0.0882    13.8155 0.0000e+00  -60.85750  -56.05900 1153272638 200.062966    34.6645 0.0000e+00
    962.000     0.8306   2.993038     0.8326   2.993434    5.27924    -0.1112    13.8155 0.0000e+00  -60.85750  -56.05900 1153272640 200.062986    34.6645 0.0000e+00
    963.000     0.8309   2.993097     0.8305   2.993300    5.28063    -0.1078    13.8155 0.0000e+00  -60.85750  -56.05900 1153272641 200.063000    34.6647 0.0000e+00
    964.000     0.8251   2.992581     0.8273   2.993028    5.27705    -0.0829    13.8155 0.0000e+00  -60.85750  -56.05900 1153272642 200.063012    34.6645 0.0000e+00
    965.000     0.8227   2.992394     0.8250   2.992858    5.27565    -0.0935    13.8155 0.0000e+00  -60.85750  -56.05900 1153272643 200.063024    34.6646 0.0000e+00
    966.000     0.8256   2.992701     0.8298   2.993351    5.27720    -0.0939    13.8155 0.0000e+00  -60.85750  -56.05900 1153272644 200.063034    34.6650 0.0000e+00
    967.000     0.8197   2.992148     0.8219   2.992641    5.27764    -0.1035    13.8155 0.0000e+00  -60.85750  -56.05900 1153272645 200.063044    34.6642 0.0000e+00
    968.000     0.7896   2.989292     0.7901   2.989724    5.28166    -0.1081    13.8155 0.0000e+00  -60.85750  -56.05900 1153272646 200.063054    34.6611 0.0000e+00
    969.000     0.7891   2.989327     0.7891   2.989595    5.28452    -0.0968    13.8155 0.0000e+00  -60.85750  -56.05900 1153272647 200.063068    34.6618 0.0000e+00
    970.000     0.7761   2.988136     0.7745   2.988278    5.29151    -0.1049    13.8155 0.0000e+00  -60.85750  -56.05900 1153272649 200.063091    34.6607 0.0000e+00
    971.000     0.7736   2.987940     0.7741   2.988266    5.29631    -0.0973    13.8155 0.0000e+00  -60.85750  -56.05900 1153272651 200.063108    34.6606 0.0000e+00
    972.000     0.7804   2.988643     0.7811   2.988953    5.29752    -0.1070    13.8155 0.0000e+00  -60.85750  -56.05900 1153272652 200.063123    34.6615 0.0000e+00
    973.000     0.7816   2.988789     0.7816   2.989082    5.29721    -0.0974    13.8155 0.0000e+00  -60.85750  -56.05900 1153272653 200.063136    34.6613 0.0000e+00
    974.000     0.7828   2.988968     0.7821   2.989164    5.29826    -0.1013    13.8155 0.0000e+00  -60.85750  -56.05900 1153272654 200.063148    34.6617 0.0000e+00
    975.000     0.7863   2.989351     0.7852   2.989493    5.29592    -0.0931    13.8155 0.0000e+00  -60.85750  -56.05900 1153272655 200.063161    34.6620 0.0000e+00
    976.000     0.7887   2.989630     0.7885   2.989852    5.29375    -0.0896    13.8155 0.0000e+00  -60.85750  -56.05900 1153272657 200.063174    34.6624 0.0000e+00
    977.000     0.7924   2.990019     0.7936   2.990392    5.29442    -0.0996    13.8155 0.0000e+00  -60.85750  -56.05900 1153272658 200.063188    34.6626 0.0000e+00
    978.000     0.7893   2.989761     0.7887   2.989986    5.29351    -0.0976    13.8155 0.0000e+00  -60.85750  -56.05900 1153272659 200.063201    34.6623 0.0000e+00
    979.000     0.7857   2.989453     0.7870   2.989871    5.29167    -0.0826    13.8155 0.0000e+00  -60.85750  -56.05900 1153272660 200.063213    34.6620 0.0000e+00
    980.000     0.7802   2.988980     0.7782   2.989092    5.29414    -0.1048    13.8155 0.0000e+00  -60.85750  -56.05900 1153272661 200.063226    34.6616 0.0000e+00
    981.000     0.7690   2.987929     0.7616   2.987563    5.29906    -0.0947    13.8155 0.0000e+00  -60.85750  -56.05900 1153272662 200.063241    34.6601 0.0000e+00
    982.000     0.7589   2.987040     0.7595   2.987372    5.30406    -0.0960    13.8155 0.0000e+00  -60.85750  -56.05900 1153272664 200.063258    34.6596 0.0000e+00
    983.000     0.7641   2.987594     0.7664   2.988071    5.30658    -0.1018    13.8155 0.0000e+00  -60.85750  -56.05900 1153272665 200.063272    34.6603 0.0000e+00
    984.000     0.7621   2.987417     0.7648   2.987998    5.30766    -0.0915    13.8155 0.0000e+00  -60.85750  -56.05900 1153272666 200.063285    34.6595 0.0000e+00
