product_data/regression_test/downloaded_data/MDGS/320620060703/ctd/p6611301.ros
* Sea-Bird SBE 9 Data File:
* FileName = D:\Data\Raw\p6611301.dat
* Software Version Seasave Win32 V 5.32
* Temperature SN = 1649
* Conductivity SN = 1431
* Number of Bytes Per Scan = 37
* Number of Voltage Words = 5
* Number of Scans Averaged by the Deck Unit = 1
* NMEA Latitude = 61 29.01 S
* NMEA Longitude = 054 52.49 W
* NMEA UTC (Time) = 07:30:33
** Ship:   Nathaniel B. Palmer 
** Cruise:    NBP0606 
# nquan = 17
# nvalues = 1176                    
# units = specified
# name 0 = prDM: Pressure, Digiquartz [db]
# name 1 = t090C: Temperature [ITS-90, deg C]
# name 2 = c0S/m: Conductivity [S/m]
# name 3 = t190C: Temperature, 2 [ITS-90, deg C]
# name 4 = c1S/m: Conductivity, 2 [S/m]
# name 5 = sbeox0ML/L: Oxygen, SBE 43 [ml/l]
# name 6 = flECO-AFL: Fluorescence, Wetlab ECO-AFL/FL [mg/m^3]
# name 7 = bat: Beam Attenuation, Chelsea/Seatech/Wetlab CStar [1/m]
# name 8 = spar: SPAR/Surface Irradiance
# name 9 = latitude: Latitude [deg]
# name 10 = longitude: Longitude [deg]
# name 11 = timeY: Time, System [seconds]
# name 12 = timeJ: Julian Days
# name 13 = sal00: Salinity [PSU]
# name 14 = scan: scan number
# name 15 = nbf: number of bottles fired
# name 16 = flag:  0.000e+00
# interval = seconds: 0.0416667                   
# start_time = Jul 14 2006 07:30:41
*END*
[from data line 171]
    699.316    -0.6162   2.847550    -0.6158   2.847993    6.40753    -0.0857    13.8155 0.0000e+00  -61.48350  -54.87483 1152863836 195.331466    34.5284      38344          4  0.000e+00
    699.316    -0.6159   2.847540    -0.6163   2.847975    6.40749    -0.1180    13.8155 0.0000e+00  -61.48350  -54.87483 1152863836 195.331466    34.5279      38345          4  0.000e+00
    699.335    -0.6158   2.847570    -0.6158   2.848005    6.41256    -0.1287    13.8155 0.0000e+00  -61.48350  -54.87483 1152863836 195.331467    34.5281      38346          4  0.000e+00
    699.383    -0.6162   2.847570    -0.6163   2.848040    6.40757    -0.1502    13.8155 0.0000e+00  -61.48350  -54.87483 1152863836 195.331467    34.5286      38347          4  0.000e+00
    699.316    -0.6165   2.847583    -0.6158   2.848028    6.41264    -0.1072    13.8155 0.0000e+00  -61.48350  -54.87483 1152863836 195.331467    34.5292      38348          4  0.000e+00
    699.383    -0.6165   2.847550    -0.6152   2.848040    6.41272    -0.0749    13.8155 0.0000e+00  -61.48350  -54.87483 1152863837 195.331468    34.5287      38349          4  0.000e+00
    699.383    -0.6164   2.847557    -0.6158   2.848022    6.41270    -0.0964    13.8155 0.0000e+00  -61.48350  -54.87483 1152863837 195.331468    34.5286      38350          4  0.000e+00
    699.316    -0.6159   2.847593    -0.6160   2.847999    6.41255    -0.1072    13.8155 0.0000e+00  -61.48350  -54.87483 1152863837 195.331469    34.5286      38351          4  0.000e+00
    699.383    -0.6164   2.847593    -0.6154   2.848052    6.41267    -0.1502    13.8155 0.0000e+00  -61.48350  -54.87483 1152863837 195.331469    34.5291      38352          4  0.000e+00
    699.383    -0.6159   2.847590    -0.6155   2.848075    6.41261    -0.1502    13.8155 0.0000e+00  -61.48350  -54.87483 1152863837 195.331470    34.5285      38353          4  0.000e+00
    699.383    -0.6161   2.847580    -0.6158   2.848034    6.41264    -0.1395    13.8155 0.0000e+00  -61.48350  -54.87483 1152863837 195.331470    34.5286      38354          4  0.000e+00
    699.383    -0.6161   2.847600    -0.6155   2.848057    6.41263    -0.1610    13.8155 0.0000e+00  -61.48350  -54.87483 1152863837 195.331471    34.5288      38355          4  0.000e+00
    699.383    -0.6157   2.847587    -0.6160   2.848075    6.41259    -0.1287    13.8155 0.0000e+00  -61.48350  -54.87483 1152863837 195.331471    34.5282      38356          4  0.000e+00
    699.451    -0.6159   2.847587    -0.6158   2.848052    6.41267    -0.0857    13.8155 0.0000e+00  -61.48350  -54.87483 1152863837 195.331472    34.5284      38357          4  0.000e+00
    699.451    -0.6161   2.847603    -0.6151   2.848046    6.40760    -0.0534    13.8155 0.0000e+00  -61.48350  -54.87483 1152863837 195.331472    34.5288      38358          4  0.000e+00
    699.383    -0.6162   2.847603    -0.6158   2.848046    6.41265    -0.0211    13.8155 0.0000e+00  -61.48350  -54.87483 1152863837 195.331473    34.5290      38359          4  0.000e+00
    699.451    -0.6160   2.847593    -0.6152   2.848028    6.41268    -0.0426    13.8155 0.0000e+00  -61.48350  -54.87483 1152863837 195.331473    34.5286      38360          4  0.000e+00
    699.451    -0.6165   2.847580    -0.6154   2.848040    6.41276    -0.0857    13.8155 0.0000e+00  -61.48350  -54.87483 1152863837 195.331474    34.5290      38361          4  0.000e+00
    699.528    -0.6162   2.847587    -0.6155   2.848046    6.41278    -0.1287    13.8155 0.0000e+00  -61.48350  -54.87483 1152863837 195.331474    34.5287      38362          4  0.000e+00
    699.528    -0.6161   2.847590    -0.6157   2.848063    6.41276    -0.1287    13.8155 0.0000e+00  -61.48350  -54.87483 1152863837 195.331475    34.5286      38363          4  0.000e+00
    699.451    -0.6167   2.847580    -0.6157   2.848052    6.41278    -0.1502    13.8155 0.0000e+00  -61.48350  -54.87483 1152863837 195.331475    34.5292      38364          4  0.000e+00
    699.528    -0.6159   2.847587    -0.6155   2.848046    6.40765    -0.1395    13.8155 0.0000e+00  -61.48350  -54.87483 1152863837 195.331476    34.5284      38365          4  0.000e+00
    699.528    -0.6159   2.847600    -0.6154   2.848063    6.41273    -0.1072    13.8155 0.0000e+00  -61.48350  -54.87483 1152863837 195.331476    34.5286      38366          4  0.000e+00
    699.624    -0.6161   2.847573    -0.6155   2.848075    6.41286    -0.1287    13.8155 0.0000e+00  -61.48350  -54.87483 1152863837 195.331477    34.5283      38367          4  0.000e+00
    699.528    -0.6160   2.847583    -0.6158   2.848075    6.41276    -0.1180    13.8155 0.0000e+00  -61.48350  -54.87483 1152863837 195.331477    34.5285      38368          4  0.000e+00
    499.224    -0.5545   2.842944    -0.5522   2.843515    6.38463    -0.0749    13.8155 0.0000e+00  -61.48350  -54.87483 1152864157 195.335176    34.5160      46038          5  0.000e+00
    499.330    -0.5540   2.842927    -0.5516   2.843544    6.38466    -0.0964    13.8155 0.0000e+00  -61.48350  -54.87483 1152864157 195.335177    34.5152      46039          5  0.000e+00
    499.186    -0.5551   2.842934    -0.5516   2.843533    6.38468    -0.1502    13.8155 0.0000e+00  -61.48350  -54.87483 1152864157 195.335177    34.5166      46040          5  0.000e+00
    499.224    -0.5541   2.842921    -0.5522   2.843544    6.38459    -0.1502    13.8155 0.0000e+00  -61.48350  -54.87483 1152864157 195.335177    34.5153      46041          5  0.000e+00
    499.253    -0.5542   2.842934    -0.5513   2.843550    6.38462    -0.1502    13.8155 0.0000e+00  -61.48350  -54.87483 1152864157 195.335178    34.5155      46042          5  0.000e+00
    499.186    -0.5540   2.842974    -0.5519   2.843515    6.38451    -0.1502    13.8155 0.0000e+00  -61.48350  -54.87483 1152864157 195.335178    34.5159      46043          5  0.000e+00
    499.224    -0.5536   2.843001    -0.5517   2.843521    6.38447    -0.1610    13.8155 0.0000e+00  -61.48350  -54.87483 1152864157 195.335179    34.5157      46044          5  0.000e+00
    499.109    -0.5531   2.842991    -0.5516   2.843562    6.37937    -0.1072    13.8155 0.0000e+00  -61.48350  -54.87483 1152864157 195.335179    34.5151      46045          5  0.000e+00
    499.157    -0.5531   2.842987    -0.5516   2.843556    6.38435    -0.1395    13.8155 0.0000e+00  -61.48350  -54.87483 1152864157 195.335180    34.5150      46046          5  0.000e+00
    499.186    -0.5534   2.843017    -0.5514   2.843550    6.38441    -0.1072    13.8155 0.0000e+00  -61.48350  -54.87483 1152864157 195.335180    34.5158      46047          5  0.000e+00
    499.109    -0.5531   2.843014    -0.5519   2.843550    6.38429    -0.0857    13.8155 0.0000e+00  -61.48350  -54.87483 1152864157 195.335181    34.5154      46048          5  0.000e+00
    499.157    -0.5527   2.843024    -0.5502   2.843609    6.38428    -0.0642    13.8155 0.0000e+00  -61.48350  -54.87483 1152864157 195.335181    34.5150      46049          5  0.000e+00
    499.186    -0.5525   2.843014    -0.5502   2.843714    6.38429    -0.0642    13.8155 0.0000e+00  -61.48350  -54.87483 1152864157 195.335182    34.5147      46050          5  0.000e+00
    499.109    -0.5531   2.842991    -0.5501   2.843725    6.37936    -0.0534    13.8155 0.0000e+00  -61.48350  -54.87483 1152864158 195.335182    34.5151      46051          5  0.000e+00
    499.090    -0.5539   2.843001    -0.5497   2.843755    6.37945    -0.1072    13.8155 0.0000e+00  -61.48350  -54.87483 1152864158 195.335183    34.5162      46052          5  0.000e+00
    499.109    -0.5535   2.842991    -0.5483   2.843766    6.38437    -0.1072    13.8155 0.0000e+00  -61.48350  -54.87483 1152864158 195.335183    34.5156      46053          5  0.000e+00
    499.109    -0.5533   2.842987    -0.5478   2.843784    6.38433    -0.1180    13.8155 0.0000e+00  -61.48350  -54.87483 1152864158 195.335184    34.5153      46054          5  0.000e+00
    499.090    -0.5537   2.843037    -0.5480   2.843796    6.38435    -0.0964    13.8155 0.0000e+00  -61.48350  -54.87483 1152864158 195.335184    34.5165      46055          5  0.000e+00
    499.042    -0.5532   2.843004    -0.5483   2.843755    6.38426    -0.0749    13.8155 0.0000e+00  -61.48350  -54.87483 1152864158 195.335185    34.5155      46056          5  0.000e+00
    499.109    -0.5540   2.842951    -0.5488   2.843720    6.38446    -0.0642    13.8155 0.0000e+00  -61.48350  -54.87483 1152864158 195.335185    34.5156      46057          5  0.000e+00
    499.090    -0.5543   2.842957    -0.5480   2.843772    6.38447    -0.0749    13.8155 0.0000e+00  -61.48350  -54.87483 1152864158 195.335186    34.5161      46058          5  0.000e+00
    499.042    -0.5543   2.842964    -0.5475   2.843813    6.38443    -0.0749    13.8155 0.0000e+00  -61.48350  -54.87483 1152864158 195.335186    34.5162      46059          5  0.000e+00
    499.109    -0.5541   2.842944    -0.5477   2.843860    6.38448    -0.1072    13.8155 0.0000e+00  -61.48350  -54.87483 1152864158 195.335187    34.5157      46060          5  0.000e+00
    499.090    -0.5543   2.842921    -0.5480   2.843854    6.38450    -0.1395    13.8155 0.0000e+00  -61.48350  -54.87483 1152864158 195.335187    34.5156      46061          5  0.000e+00
    499.042    -0.5539   2.842947    -0.5461   2.843907    6.38438    -0.1180    13.8155 0.0000e+00  -61.48350  -54.87483 1152864158 195.335188    34.5155      46062          5  0.000e+00
    499.042    -0.5541   2.842927    -0.5454   2.843971    6.38443    -0.0857    13.8155 0.0000e+00  -61.48350  -54.87483 1152864158 195.335188    34.5155      46063          5  0.000e+00
    499.090    -0.5542   2.842934    -0.5450   2.844006    6.38447    -0.1180    13.8155 0.0000e+00  -61.48350  -54.87483 1152864158 195.335189    34.5156      46064          5  0.000e+00
    499.109    -0.5541   2.842941    -0.5457   2.843948    6.38448    -0.1072    13.8155 0.0000e+00  -61.48350  -54.87483 1152864158 195.335189    34.5156      46065          5  0.000e+00
    499.042    -0.5542   2.842957    -0.5462   2.843930    6.38442    -0.1180    13.8155 0.0000e+00  -61.48350  -54.87483 1152864158 195.335190    34.5160      46066          5  0.000e+00
    499.090    -0.5536   2.842944    -0.5473   2.843848    6.38438    -0.1287    13.8155 0.0000e+00  -61.48350  -54.87483 1152864158 195.335190    34.5150      46067          5  0.000e+00
    499.042    -0.5538   2.843040    -0.5477   2.843819    6.38432    -0.0964    13.8155 0.0000e+00  -61.48350  -54.87483 1152864158 195.335190    34.5167      46068          5  0.000e+00
    499.042    -0.5531   2.843127    -0.5476   2.843778    6.38417    -0.1072    13.8155 0.0000e+00  -61.48350  -54.87483 1152864158 195.335191    34.5170      46069          5  0.000e+00
    499.090    -0.5526   2.843127    -0.5485   2.843784    6.38415    -0.1502    13.8155 0.0000e+00  -61.48350  -54.87483 1152864158 195.335191    34.5164      46070          5  0.000e+00
    499.109    -0.5519   2.843140    -0.5492   2.843737    6.38406    -0.1287    13.8155 0.0000e+00  -61.48350  -54.87483 1152864158 195.335192    34.5158      46071          5  0.000e+00
    499.042    -0.5512   2.843214    -0.5486   2.843755    6.38388    -0.0964    13.8155 0.0000e+00  -61.48350  -54.87483 1152864158 195.335192    34.5161      46072          5  0.000e+00
    499.090    -0.5509   2.843184    -0.5480   2.843766    6.38389    -0.0964    13.8155 0.0000e+00  -61.48350  -54.87483 1152864158 195.335193    34.5152      46073          5  0.000e+00
    499.109    -0.5512   2.843097    -0.5485   2.843801    6.38401    -0.0749    13.8155 0.0000e+00  -61.48350  -54.87483 1152864158 195.335193    34.5145      46074          5  0.000e+00
    499.090    -0.5526   2.843057    -0.5489   2.843784    6.37924    -0.1287    13.8155 0.0000e+00  -61.48350  -54.87483 1152864159 195.335194    34.5155      46075          5  0.000e+00
    499.109    -0.5523   2.843070    -0.5502   2.843702    6.37922    -0.1395    13.8155 0.0000e+00  -61.48350  -54.87483 1152864159 195.335194    34.5153      46076          5  0.000e+00
    499.109    -0.5523   2.843040    -0.5515   2.843626    6.38418    -0.0964    13.8155 0.0000e+00  -61.48350  -54.87483 1152864159 195.335195    34.5149      46077          5  0.000e+00
    499.090    -0.5529   2.842994    -0.5520   2.843562    6.38427    -0.1072    13.8155 0.0000e+00  -61.48350  -54.87483 1152864159 195.335195    34.5150      46078          5  0.000e+00
    499.186    -0.5536   2.842914    -0.5509   2.843591    6.38449    -0.1072    13.8155 0.0000e+00  -61.48350  -54.87483 1152864159 195.335196    34.5146      46079          5  0.000e+00
    499.109    -0.5549   2.842877    -0.5512   2.843609    6.38462    -0.1395    13.8155 0.0000e+00  -61.48350  -54.87483 1152864159 195.335196    34.5157      46080          5  0.000e+00
    499.157    -0.5557   2.842834    -0.5512   2.843585    6.38479    -0.1502    13.8155 0.0000e+00  -61.48350  -54.87483 1152864159 195.335197    34.5160      46081          5  0.000e+00
    499.109    -0.5552   2.842894    -0.5516   2.843597    6.38465    -0.1072    13.8155 0.0000e+00  -61.48350  -54.87483 1152864159 195.335197    34.5163      46082          5  0.000e+00
    499.186    -0.5548   2.842897    -0.5522   2.843562    6.38466    -0.0857    13.8155 0.0000e+00  -61.48350  -54.87483 1152864159 195.335198    34.5158      46083          5  0.000e+00
    499.225    -0.5550   2.842911    -0.5519   2.843550    6.38471    -0.0857    13.8155 0.0000e+00  -61.48350  -54.87483 1152864159 195.335198    34.5161      46084          5  0.000e+00
    499.186    -0.5545   2.842967    -0.5520   2.843532    6.38457    -0.0964    13.8155 0.0000e+00  -61.48350  -54.87483 1152864159 195.335199    34.5163      46085          5  0.000e+00
    499.186    -0.5539   2.843017    -0.5522   2.843486    6.38447    -0.0964    13.8155 0.0000e+00  -61.48350  -54.87483 1152864159 195.335199    34.5163      46086          5  0.000e+00
    500.532    -0.5523   2.843207    -0.5515   2.843650    6.38040    -0.1287    13.8155 0.0000e+00  -61.48350  -54.87483 1152864170 195.335330    34.5163      46357          6  0.000e+00
    500.513    -0.5517   2.843214    -0.5519   2.843638    6.38030    -0.1180    13.8155 0.0000e+00  -61.48350  -54.87483 1152864170 195.335330    34.5157      46358          6  0.000e+00
    500.609    -0.5517   2.843194    -0.5512   2.843656    6.38039    -0.0749    13.8155 0.0000e+00  -61.48350  -54.87483 1152864170 195.335331    34.5154      46359          6  0.000e+00
    500.532    -0.5517   2.843207    -0.5513   2.843638    6.38032    -0.1287    13.8155 0.0000e+00  -61.48350  -54.87483 1152864170 195.335331    34.5156      46360          6  0.000e+00
    500.465    -0.5517   2.843177    -0.5514   2.843650    6.38028    -0.1072    13.8155 0.0000e+00  -61.48350  -54.87483 1152864170 195.335332    34.5152      46361          6  0.000e+00
    500.647    -0.5515   2.843201    -0.5512   2.843662    6.38040    -0.1072    13.8155 0.0000e+00  -61.48350  -54.87483 1152864171 195.335332    34.5152      46362          6  0.000e+00
    500.609    -0.5516   2.843194    -0.5513   2.843621    6.38038    -0.0964    13.8155 0.0000e+00  -61.48350  -54.87483 1152864171 195.335333    34.5152      46363          6  0.000e+00
    500.532    -0.5520   2.843204    -0.5516   2.843644    6.38036    -0.0964    13.8155 0.0000e+00  -61.48350  -54.87483 1152864171 195.335333    34.5159      46364          6  0.000e+00
    500.513    -0.5522   2.843194    -0.5508   2.843679    6.38037    -0.0749    13.8155 0.0000e+00  -61.48350  -54.87483 1152864171 195.335334    34.5160      46365          6  0.000e+00
    500.532    -0.5519   2.843204    -0.5513   2.843644    6.38034    -0.1072    13.8155 0.0000e+00  -61.48350  -54.87483 1152864171 195.335334    34.5158      46366          6  0.000e+00
