product_data/regression_test/downloaded_data/MDGS/320620060703/ctd/p6617705.cnv
* Sea-Bird SBE 9 Data File:
* FileName = D:\Data\Raw\p6617705.dat
* Software Version Seasave Win32 V 5.32
* Temperature SN = 1649
* Conductivity SN = 1431
* Number of Bytes Per Scan = 37
* Number of Voltage Words = 5
* Number of Scans Averaged by the Deck Unit = 1
* NMEA Latitude = 60 37.00 S
* NMEA Longitude = 054 37.45 W
* NMEA UTC (Time) = 20:25:33
** Ship:   Nathaniel B. Palmer 
** Cruise:    NBP0606 
# nquan = 15
# nvalues = 1001                        
# units = specified
# name 0 = prDM: Pressure, Digiquartz [db]
# name 1 = t090C: Temperature [ITS-90, deg C]
# name 2 = c0S/m: Conductivity [S/m]
# name 3 = t190C: Temperature, 2 [ITS-90, deg C]
# name 4 = c1S/m: Conductivity, 2 [S/m]
# name 5 = sbeox0ML/L: Oxygen, SBE 43 [ml/l]
# name 6 = flECO-AFL: Fluorescence, Wetlab ECO-AFL/FL [mg/m^3]
# name 7 = bat: Beam Attenuation, Chelsea/Seatech/Wetlab CStar [1/m]
# name 8 = spar: SPAR/Surface Irradiance
# name 9 = latitude: Latitude [deg]
# name 10 = longitude: Longitude [deg]
# name 11 = timeY: Time, System [seconds]
# name 12 = timeJ: Julian Days
# name 13 = sal00: Salinity [PSU]
# name 14 = flag: flag
# span 0 =      3.000,   1003.000       
# span 1 =    -0.6935,     1.8747       
# span 2 =   2.784640,   3.048887       
# span 3 =    -0.6936,     1.8752       
# span 4 =   2.785199,   3.049181       
# span 5 =    4.47303,    7.69618       
# span 6 =    -0.0968,     0.5898       
# span 7 =    13.8155,    13.8155       
# span 8 = 0.0000e+00, 0.0000e+00       
# span 9 =  -60.61667,  -60.61667       
# span 10 =  -54.62417,  -54.62417      
# span 11 = 1153513541, 1153515285      
# span 12 = 202.851164, 202.871370      
# span 13 =    34.1674,    34.7254      
# span 14 = 0.0000e+00, 0.0000e+00      
# interval = decibars: 1                
# start_time = Jul 21 2006 20:25:41
# bad_flag = -9.990e-29
*END*
[from data line 772]
    775.000     1.4138   3.038887     1.4129   3.039090    4.83396    -0.0772    13.8155 0.0000e+00  -60.61667  -54.62417 1153514718 202.864808    34.7163 0.0000e+00
    776.000     1.4250   3.039858     1.4254   3.040455    4.84456    -0.0711    13.8155 0.0000e+00  -60.61667  -54.62417 1153514720 202.864838    34.7146 0.0000e+00
    777.000     1.3614   3.033984     1.3553   3.033839    4.85359    -0.0646    13.8155 0.0000e+00  -60.61667  -54.62417 1153514721 202.864851    34.7113 0.0000e+00
    778.000     1.3676   3.034635     1.3696   3.035104    4.86002    -0.0785    13.8155 0.0000e+00  -60.61667  -54.62417 1153514722 202.864862    34.7118 0.0000e+00
    779.000     1.3632   3.034172     1.3634   3.034566    4.86330    -0.0676    13.8155 0.0000e+00  -60.61667  -54.62417 1153514723 202.864872    34.7098 0.0000e+00
    780.000     1.3689   3.034830     1.3694   3.035198    4.86537    -0.0718    13.8155 0.0000e+00  -60.61667  -54.62417 1153514724 202.864884    34.7110 0.0000e+00
    781.000     1.3715   3.035149     1.3716   3.035446    4.86782    -0.0756    13.8155 0.0000e+00  -60.61667  -54.62417 1153514726 202.864901    34.7112 0.0000e+00
    782.000     1.3721   3.035242     1.3707   3.035413    4.88277    -0.0725    13.8155 0.0000e+00  -60.61667  -54.62417 1153514728 202.864924    34.7108 0.0000e+00
    783.000     1.3688   3.034994     1.3707   3.035471    4.88665    -0.0733    13.8155 0.0000e+00  -60.61667  -54.62417 1153514729 202.864941    34.7107 0.0000e+00
    784.000     1.3757   3.035806     1.3672   3.035210    4.89134    -0.0740    13.8155 0.0000e+00  -60.61667  -54.62417 1153514730 202.864953    34.7113 0.0000e+00
    785.000     1.3433   3.032600     1.3348   3.032140    4.89581    -0.0683    13.8155 0.0000e+00  -60.61667  -54.62417 1153514731 202.864962    34.7081 0.0000e+00
    786.000     1.3115   3.029432     1.3123   3.030152    4.90257    -0.0768    13.8155 0.0000e+00  -60.61667  -54.62417 1153514732 202.864971    34.7019 0.0000e+00
    787.000     1.2787   3.026479     1.2835   3.027444    4.91118    -0.0731    13.8155 0.0000e+00  -60.61667  -54.62417 1153514732 202.864979    34.7015 0.0000e+00
    788.000     1.2585   3.024611     1.2585   3.025076    4.92294    -0.0736    13.8155 0.0000e+00  -60.61667  -54.62417 1153514733 202.864990    34.6996 0.0000e+00
    789.000     1.2777   3.026633     1.2913   3.028029    4.94145    -0.0635    13.8155 0.0000e+00  -60.61667  -54.62417 1153514737 202.865037    34.7018 0.0000e+00
    790.000     1.2569   3.024615     1.2785   3.027202    4.94936    -0.0668    13.8155 0.0000e+00  -60.61667  -54.62417 1153514739 202.865053    34.6991 0.0000e+00
    791.000     1.2264   3.021832     1.2259   3.022160    4.95776    -0.0692    13.8155 0.0000e+00  -60.61667  -54.62417 1153514740 202.865066    34.6973 0.0000e+00
    792.000     1.2289   3.022106     1.2292   3.022480    4.96199    -0.0645    13.8155 0.0000e+00  -60.61667  -54.62417 1153514741 202.865077    34.6970 0.0000e+00
    793.000     1.2289   3.022149     1.2292   3.022517    4.96479    -0.0491    13.8155 0.0000e+00  -60.61667  -54.62417 1153514742 202.865086    34.6968 0.0000e+00
    794.000     1.2286   3.022162     1.2285   3.022500    4.96866    -0.0714    13.8155 0.0000e+00  -60.61667  -54.62417 1153514742 202.865095    34.6965 0.0000e+00
    795.000     1.2273   3.022141     1.2269   3.022385    4.96997    -0.0808    13.8155 0.0000e+00  -60.61667  -54.62417 1153514743 202.865105    34.6964 0.0000e+00
    796.000     1.2235   3.021774     1.2234   3.022111    4.97243    -0.0733    13.8155 0.0000e+00  -60.61667  -54.62417 1153514744 202.865116    34.6959 0.0000e+00
    797.000     1.2242   3.021901     1.2239   3.022213    4.97497    -0.0742    13.8155 0.0000e+00  -60.61667  -54.62417 1153514746 202.865139    34.6959 0.0000e+00
    798.000     1.2279   3.022317     1.2281   3.022641    4.97621    -0.0798    13.8155 0.0000e+00  -60.61667  -54.62417 1153514749 202.865175    34.6960 0.0000e+00
    799.000     1.2269   3.022287     1.2272   3.022652    4.97688    -0.0661    13.8155 0.0000e+00  -60.61667  -54.62417 1153514751 202.865195    34.6960 0.0000e+00
    800.000     1.2279   3.022460     1.2284   3.022805    4.97703    -0.0587    13.8155 0.0000e+00  -60.61667  -54.62417 1153514752 202.865207    34.6967 0.0000e+00
    801.000     1.2339   3.023099     1.2346   3.023458    4.97583    -0.0702    13.8155 0.0000e+00  -60.61667  -54.62417 1153514753 202.865216    34.6974 0.0000e+00
    802.000     1.2390   3.023618     1.2393   3.023958    4.97313    -0.0767    13.8155 0.0000e+00  -60.61667  -54.62417 1153514754 202.865224    34.6975 0.0000e+00
    803.000     1.2400   3.023751     1.2403   3.024099    4.97265    -0.0743    13.8155 0.0000e+00  -60.61667  -54.62417 1153514754 202.865234    34.6975 0.0000e+00
    804.000     1.2409   3.023896     1.2412   3.024229    4.96860    -0.0714    13.8155 0.0000e+00  -60.61667  -54.62417 1153514756 202.865248    34.6978 0.0000e+00
    805.000     1.2436   3.024220     1.2440   3.024561    4.96534    -0.0681    13.8155 0.0000e+00  -60.61667  -54.62417 1153514757 202.865268    34.6983 0.0000e+00
    806.000     1.2440   3.024286     1.2444   3.024649    4.96342    -0.0749    13.8155 0.0000e+00  -60.61667  -54.62417 1153514759 202.865286    34.6982 0.0000e+00
    807.000     1.2439   3.024330     1.2433   3.024591    4.96334    -0.0741    13.8155 0.0000e+00  -60.61667  -54.62417 1153514761 202.865306    34.6982 0.0000e+00
    808.000     1.2400   3.023987     1.2380   3.024136    4.96802    -0.0732    13.8155 0.0000e+00  -60.61667  -54.62417 1153514762 202.865327    34.6977 0.0000e+00
    809.000     1.2314   3.023223     1.2317   3.023598    4.97343    -0.0797    13.8155 0.0000e+00  -60.61667  -54.62417 1153514764 202.865343    34.6974 0.0000e+00
    810.000     1.2319   3.023295     1.2268   3.023163    4.97742    -0.0853    13.8155 0.0000e+00  -60.61667  -54.62417 1153514765 202.865357    34.6970 0.0000e+00
    811.000     1.2201   3.022195     1.2190   3.022464    4.98173    -0.0752    13.8155 0.0000e+00  -60.61667  -54.62417 1153514766 202.865369    34.6955 0.0000e+00
    812.000     1.2138   3.021677     1.2142   3.022045    4.98643    -0.0804    13.8155 0.0000e+00  -60.61667  -54.62417 1153514767 202.865381    34.6956 0.0000e+00
    813.000     1.2042   3.020750     1.2027   3.021048    4.98766    -0.0808    13.8155 0.0000e+00  -60.61667  -54.62417 1153514768 202.865393    34.6938 0.0000e+00
    814.000     1.1960   3.020062     1.1962   3.020424    4.98983    -0.0828    13.8155 0.0000e+00  -60.61667  -54.62417 1153514769 202.865405    34.6939 0.0000e+00
    815.000     1.1953   3.020030     1.1945   3.020305    4.99103    -0.0791    13.8155 0.0000e+00  -60.61667  -54.62417 1153514771 202.865423    34.6935 0.0000e+00
    816.000     1.1926   3.019859     1.1935   3.020236    4.99308    -0.0704    13.8155 0.0000e+00  -60.61667  -54.62417 1153514773 202.865455    34.6936 0.0000e+00
    817.000     1.2020   3.020853     1.2097   3.021848    4.99227    -0.0838    13.8155 0.0000e+00  -60.61667  -54.62417 1153514775 202.865477    34.6953 0.0000e+00
    818.000     1.2463   3.025252     1.2471   3.025456    4.98760    -0.0814    13.8155 0.0000e+00  -60.61667  -54.62417 1153514776 202.865489    34.7005 0.0000e+00
    819.000     1.2514   3.025708     1.2521   3.026066    4.98213    -0.0858    13.8155 0.0000e+00  -60.61667  -54.62417 1153514777 202.865498    34.6998 0.0000e+00
    820.000     1.2532   3.025909     1.2530   3.026221    4.97833    -0.0826    13.8155 0.0000e+00  -60.61667  -54.62417 1153514778 202.865507    34.6997 0.0000e+00
    821.000     1.2510   3.025744     1.2507   3.026034    4.97460    -0.0728    13.8155 0.0000e+00  -60.61667  -54.62417 1153514779 202.865515    34.6997 0.0000e+00
    822.000     1.2422   3.024945     1.2438   3.025441    4.97367    -0.0682    13.8155 0.0000e+00  -60.61667  -54.62417 1153514780 202.865526    34.6990 0.0000e+00
    823.000     1.2381   3.024639     1.2383   3.024968    4.97084    -0.0821    13.8155 0.0000e+00  -60.61667  -54.62417 1153514781 202.865544    34.6994 0.0000e+00
    824.000     1.2468   3.025487     1.2468   3.025798    4.96570    -0.0800    13.8155 0.0000e+00  -60.61667  -54.62417 1153514784 202.865581    34.6998 0.0000e+00
    825.000     1.2376   3.024683     1.2379   3.025035    4.97009    -0.0688    13.8155 0.0000e+00  -60.61667  -54.62417 1153514786 202.865598    34.6997 0.0000e+00
    826.000     1.2369   3.024660     1.2370   3.025005    4.97063    -0.0861    13.8155 0.0000e+00  -60.61667  -54.62417 1153514787 202.865609    34.6996 0.0000e+00
    827.000     1.2367   3.024685     1.2370   3.025034    4.97112    -0.0636    13.8155 0.0000e+00  -60.61667  -54.62417 1153514788 202.865620    34.6997 0.0000e+00
    828.000     1.2356   3.024637     1.2358   3.024975    4.97153    -0.0743    13.8155 0.0000e+00  -60.61667  -54.62417 1153514789 202.865632    34.6997 0.0000e+00
    829.000     1.2347   3.024610     1.2350   3.024947    4.97228    -0.0721    13.8155 0.0000e+00  -60.61667  -54.62417 1153514790 202.865646    34.6998 0.0000e+00
    830.000     1.2343   3.024614     1.2347   3.024966    4.97263    -0.0800    13.8155 0.0000e+00  -60.61667  -54.62417 1153514791 202.865660    34.6998 0.0000e+00
    831.000     1.2344   3.024664     1.2348   3.025022    4.97025    -0.0875    13.8155 0.0000e+00  -60.61667  -54.62417 1153514793 202.865675    34.6998 0.0000e+00
    832.000     1.2338   3.024651     1.2343   3.025019    4.96871    -0.0799    13.8155 0.0000e+00  -60.61667  -54.62417 1153514794 202.865694    34.6996 0.0000e+00
    833.000     1.2336   3.024691     1.2339   3.025028    4.96945    -0.0739    13.8155 0.0000e+00  -60.61667  -54.62417 1153514796 202.865712    34.6998 0.0000e+00
    834.000     1.2342   3.024785     1.2345   3.025123    4.96993    -0.0698    13.8155 0.0000e+00  -60.61667  -54.62417 1153514797 202.865730    34.6998 0.0000e+00
    835.000     1.2333   3.024742     1.2335   3.025088    4.96675    -0.0820    13.8155 0.0000e+00  -60.61667  -54.62417 1153514800 202.865756    34.6997 0.0000e+00
    836.000     1.2332   3.024804     1.2336   3.025140    4.96677    -0.0776    13.8155 0.0000e+00  -60.61667  -54.62417 1153514801 202.865772    34.7001 0.0000e+00
    837.000     1.2352   3.025033     1.2352   3.025352    4.96490    -0.0790    13.8155 0.0000e+00  -60.61667  -54.62417 1153514802 202.865782    34.7002 0.0000e+00
    838.000     1.2380   3.025372     1.2384   3.025717    4.96212    -0.0863    13.8155 0.0000e+00  -60.61667  -54.62417 1153514802 202.865790    34.7008 0.0000e+00
    839.000     1.2552   3.027183     1.2524   3.027094    4.96078    -0.0708    13.8155 0.0000e+00  -60.61667  -54.62417 1153514803 202.865798    34.7043 0.0000e+00
    840.000     1.2651   3.028114     1.2609   3.027932    4.95574    -0.0758    13.8155 0.0000e+00  -60.61667  -54.62417 1153514804 202.865808    34.7041 0.0000e+00
    841.000     1.2802   3.029629     1.2827   3.030109    4.94542    -0.0858    13.8155 0.0000e+00  -60.61667  -54.62417 1153514806 202.865827    34.7058 0.0000e+00
    842.000     1.2946   3.031059     1.2965   3.031507    4.93435    -0.0787    13.8155 0.0000e+00  -60.61667  -54.62417 1153514808 202.865848    34.7073 0.0000e+00
    843.000     1.3106   3.032641     1.3119   3.033017    4.92145    -0.0793    13.8155 0.0000e+00  -60.61667  -54.62417 1153514809 202.865867    34.7091 0.0000e+00
    844.000     1.3117   3.032765     1.3117   3.033061    4.91672    -0.0730    13.8155 0.0000e+00  -60.61667  -54.62417 1153514811 202.865891    34.7092 0.0000e+00
    845.000     1.3299   3.034676     1.3325   3.035074    4.91173    -0.0776    13.8155 0.0000e+00  -60.61667  -54.62417 1153514813 202.865909    34.7131 0.0000e+00
    846.000     1.3536   3.036986     1.3557   3.037400    4.90133    -0.0720    13.8155 0.0000e+00  -60.61667  -54.62417 1153514814 202.865920    34.7150 0.0000e+00
    847.000     1.3778   3.039472     1.3790   3.039708    4.89481    -0.0871    13.8155 0.0000e+00  -60.61667  -54.62417 1153514815 202.865930    34.7192 0.0000e+00
    848.000     1.3846   3.040017     1.3821   3.040128    4.89030    -0.0798    13.8155 0.0000e+00  -60.61667  -54.62417 1153514815 202.865938    34.7171 0.0000e+00
    849.000     1.3520   3.036904     1.3460   3.036827    4.88708    -0.0720    13.8155 0.0000e+00  -60.61667  -54.62417 1153514816 202.865947    34.7140 0.0000e+00
    850.000     1.3282   3.034725     1.3247   3.034789    4.89017    -0.0765    13.8155 0.0000e+00  -60.61667  -54.62417 1153514817 202.865959    34.7131 0.0000e+00
    851.000     1.3329   3.035235     1.3276   3.034976    4.88680    -0.0839    13.8155 0.0000e+00  -60.61667  -54.62417 1153514819 202.865985    34.7142 0.0000e+00
    852.000     1.3451   3.036420     1.3387   3.036166    4.87814    -0.0805    13.8155 0.0000e+00  -60.61667  -54.62417 1153514822 202.866018    34.7152 0.0000e+00
    853.000     1.3598   3.038048     1.3613   3.038359    4.87344    -0.0886    13.8155 0.0000e+00  -60.61667  -54.62417 1153514824 202.866034    34.7190 0.0000e+00
    854.000     1.3717   3.039227     1.3718   3.039487    4.86975    -0.0898    13.8155 0.0000e+00  -60.61667  -54.62417 1153514825 202.866047    34.7198 0.0000e+00
    855.000     1.3765   3.039749     1.3766   3.040003    4.86567    -0.0690    13.8155 0.0000e+00  -60.61667  -54.62417 1153514826 202.866058    34.7206 0.0000e+00
    856.000     1.3873   3.040863     1.3881   3.041165    4.86080    -0.0910    13.8155 0.0000e+00  -60.61667  -54.62417 1153514827 202.866069    34.7221 0.0000e+00
    857.000     1.3928   3.041425     1.3922   3.041634    4.85724    -0.0831    13.8155 0.0000e+00  -60.61667  -54.62417 1153514828 202.866080    34.7225 0.0000e+00
    858.000     1.3874   3.040902     1.3888   3.041389    4.85575    -0.0737    13.8155 0.0000e+00  -60.61667  -54.62417 1153514829 202.866091    34.7214 0.0000e+00
    859.000     1.3750   3.039802     1.3754   3.040181    4.85486    -0.0755    13.8155 0.0000e+00  -60.61667  -54.62417 1153514829 202.866103    34.7211 0.0000e+00
    860.000     1.3705   3.039409     1.3711   3.039782    4.85533    -0.0809    13.8155 0.0000e+00  -60.61667  -54.62417 1153514831 202.866118    34.7209 0.0000e+00
    861.000     1.3623   3.038651     1.3609   3.038830    4.85848    -0.0840    13.8155 0.0000e+00  -60.61667  -54.62417 1153514833 202.866148    34.7200 0.0000e+00
    862.000     1.3616   3.038650     1.3614   3.038925    4.86024    -0.0819    13.8155 0.0000e+00  -60.61667  -54.62417 1153514836 202.866173    34.7203 0.0000e+00
    863.000     1.3640   3.038939     1.3649   3.039306    4.86080    -0.0873    13.8155 0.0000e+00  -60.61667  -54.62417 1153514837 202.866188    34.7207 0.0000e+00
    864.000     1.3659   3.039166     1.3663   3.039518    4.86179    -0.0656    13.8155 0.0000e+00  -60.61667  -54.62417 1153514838 202.866201    34.7209 0.0000e+00
    865.000     1.3652   3.039136     1.3656   3.039485    4.86079    -0.0585    13.8155 0.0000e+00  -60.61667  -54.62417 1153514839 202.866212    34.7207 0.0000e+00
    866.000     1.3652   3.039180     1.3655   3.039532    4.85924    -0.0849    13.8155 0.0000e+00  -60.61667  -54.62417 1153514840 202.866225    34.7207 0.0000e+00
    867.000     1.3653   3.039241     1.3662   3.039622    4.85948    -0.0775    13.8155 0.0000e+00  -60.61667  -54.62417 1153514841 202.866241    34.7209 0.0000e+00
    868.000     1.3661   3.039358     1.3662   3.039674    4.85920    -0.0895    13.8155 0.0000e+00  -60.61667  -54.62417 1153514843 202.866256    34.7208 0.0000e+00
    869.000     1.3667   3.039464     1.3668   3.039782    4.86018    -0.0880    13.8155 0.0000e+00  -60.61667  -54.62417 1153514844 202.866269    34.7210 0.0000e+00
