product_data/regression_test/downloaded_data/MDGS/320620060703/ctd/p6611601.ros
* Sea-Bird SBE 9 Data File:
* FileName = D:\Data\Raw\p6611601.dat
* Software Version Seasave Win32 V 5.32
* Temperature SN = 1649
* Conductivity SN = 1431
* Number of Bytes Per Scan = 37
* Number of Voltage Words = 5
* Number of Scans Averaged by the Deck Unit = 1
* NMEA Latitude = 61 34.98 S
* NMEA Longitude = 054 52.49 W
* NMEA UTC (Time) = 12:09:00
** Ship:   Nathaniel B. Palmer 
** Cruise:    NBP0606 
# nquan = 17
# nvalues = 1176                    
# units = specified
# name 0 = prDM: Pressure, Digiquartz [db]
# name 1 = t090C: Temperature [ITS-90, deg C]
# name 2 = c0S/m: Conductivity [S/m]
# name 3 = t190C: Temperature, 2 [ITS-90, deg C]
# name 4 = c1S/m: Conductivity, 2 [S/m]
# name 5 = sbeox0ML/L: Oxygen, SBE 43 [ml/l]
# name 6 = flECO-AFL: Fluorescence, Wetlab ECO-AFL/FL [mg/m^3]
# name 7 = bat: Beam Attenuation, Chelsea/Seatech/Wetlab CStar [1/m]
# name 8 = spar: SPAR/Surface Irradiance
# name 9 = latitude: Latitude [deg]
# name 10 = longitude: Longitude [deg]
# name 11 = timeY: Time, System [seconds]
# name 12 = timeJ: Julian Days
# name 13 = sal00: Salinity [PSU]
# name 14 = scan: scan number
# name 15 = nbf: number of bottles fired
# name 16 = flag:  0.000e+00
# interval = seconds: 0.0416667                   
# start_time = Jul 14 2006 12:09:08
*END*
[from data line 511]
    201.149    -0.6537   2.808884    -0.6558   2.808830    6.95801    -0.0642    13.8155 2.5326e+01  -61.58300  -54.87483 1152881741 195.538688    34.3515      67072         11  0.000e+00
    201.120    -0.6512   2.808934    -0.6519   2.809133    6.96237    -0.0749    13.8155 2.5326e+01  -61.58300  -54.87483 1152881741 195.538688    34.3493      67073         11  0.000e+00
    201.149    -0.6512   2.808851    -0.6508   2.809267    6.96245    -0.0857    13.8155 2.5326e+01  -61.58300  -54.87483 1152881741 195.538689    34.3482      67074         11  0.000e+00
    201.072    -0.6505   2.808818    -0.6514   2.809267    6.95752    -0.0964    13.8155 2.5326e+01  -61.58300  -54.87483 1152881741 195.538689    34.3469      67075         11  0.000e+00
    201.120    -0.6505   2.808798    -0.6538   2.809139    6.95758    -0.1072    13.8155 2.5326e+01  -61.58300  -54.87483 1152881741 195.538690    34.3466      67076         11  0.000e+00
    201.072    -0.6502   2.808715    -0.6548   2.809017    6.96231    -0.0642    13.8155 2.3378e+01  -61.58300  -54.87483 1152881741 195.538690    34.3452      67077         11  0.000e+00
    201.044    -0.6506   2.808649    -0.6556   2.808912    6.96239    -0.0964    13.8155 2.5326e+01  -61.58300  -54.87483 1152881741 195.538691    34.3448      67078         11  0.000e+00
    201.149    -0.6510   2.808603    -0.6556   2.808807    6.96257    -0.0857    13.8155 2.5326e+01  -61.58300  -54.87483 1152881741 195.538691    34.3445      67079         11  0.000e+00
    201.005    -0.6514   2.808609    -0.6558   2.808761    6.96249    -0.0857    13.8155 2.5326e+01  -61.58300  -54.87483 1152881741 195.538692    34.3452      67080         11  0.000e+00
    201.044    -0.6522   2.808619    -0.6562   2.808755    6.96263    -0.0964    13.8155 2.5326e+01  -61.58300  -54.87483 1152881741 195.538692    34.3462      67081         11  0.000e+00
    201.072    -0.6525   2.808599    -0.6551   2.808813    6.96748    -0.1180    13.8155 2.5326e+01  -61.58300  -54.87483 1152881741 195.538693    34.3463      67082         11  0.000e+00
    201.005    -0.6530   2.808573    -0.6545   2.808871    6.96750    -0.1287    13.8155 2.5326e+01  -61.58300  -54.87483 1152881741 195.538693    34.3465      67083         11  0.000e+00
    200.977    -0.6533   2.808470    -0.6542   2.808906    6.96758    -0.0964    13.8155 2.5326e+01  -61.58300  -54.87483 1152881741 195.538694    34.3454      67084         11  0.000e+00
    201.005    -0.6539   2.808401    -0.6533   2.808918    6.96774    -0.0426    13.8155 2.5326e+01  -61.58300  -54.87483 1152881742 195.538694    34.3452      67085         11  0.000e+00
    200.977    -0.6539   2.808457    -0.6536   2.808953    6.96767    -0.0426    13.8155 2.5326e+01  -61.58300  -54.87483 1152881742 195.538695    34.3460      67086         11  0.000e+00
    201.005    -0.6533   2.808520    -0.6533   2.808906    6.96757    -0.0857    13.8155 2.5326e+01  -61.58300  -54.87483 1152881742 195.538695    34.3461      67087         11  0.000e+00
    200.939    -0.6527   2.808576    -0.6542   2.808848    6.96739    -0.0642    13.8155 2.5326e+01  -61.58300  -54.87483 1152881742 195.538696    34.3462      67088         11  0.000e+00
    200.910    -0.6522   2.808659    -0.6543   2.808836    6.96724    -0.0534    13.8155 2.5326e+01  -61.58300  -54.87483 1152881742 195.538696    34.3468      67089         11  0.000e+00
    200.939    -0.6522   2.808732    -0.6542   2.808854    6.96722    -0.0642    13.8155 2.5326e+01  -61.58300  -54.87483 1152881742 195.538696    34.3478      67090         11  0.000e+00
    200.910    -0.6517   2.808738    -0.6533   2.808958    6.96712    -0.0749    13.8155 2.5326e+01  -61.58300  -54.87483 1152881742 195.538697    34.3474      67091         11  0.000e+00
    200.862    -0.6508   2.808762    -0.6528   2.809034    6.96693    -0.1395    13.8155 2.5326e+01  -61.58300  -54.87483 1152881742 195.538697    34.3466      67092         11  0.000e+00
    200.862    -0.6510   2.808738    -0.6527   2.809052    6.97174    -0.1287    13.8155 2.5326e+01  -61.58300  -54.87483 1152881742 195.538698    34.3465      67093         11  0.000e+00
    200.833    -0.6514   2.808732    -0.6524   2.809052    6.97178    -0.1072    13.8155 2.5326e+01  -61.58300  -54.87483 1152881742 195.538698    34.3470      67094         11  0.000e+00
    200.795    -0.6512   2.808729    -0.6519   2.809034    6.97172    -0.1072    13.8155 2.5326e+01  -61.58300  -54.87483 1152881742 195.538699    34.3468      67095         11  0.000e+00
    200.833    -0.6502   2.808676    -0.6527   2.808999    6.97164    -0.0749    13.8155 2.5326e+01  -61.58300  -54.87483 1152881742 195.538699    34.3448      67096         11  0.000e+00
    200.728    -0.6499   2.808709    -0.6527   2.809011    6.97147    -0.0964    13.8155 2.5326e+01  -61.58300  -54.87483 1152881742 195.538700    34.3450      67097         11  0.000e+00
    200.795    -0.6505   2.808629    -0.6531   2.808999    6.97167    -0.0857    13.8155 2.5326e+01  -61.58300  -54.87483 1152881742 195.538700    34.3445      67098         11  0.000e+00
    200.767    -0.6508   2.808609    -0.6540   2.808976    6.97170    -0.1072    13.8155 2.5326e+01  -61.58300  -54.87483 1152881742 195.538701    34.3446      67099         11  0.000e+00
    200.168    -0.6691   2.806910    -0.6647   2.807957    7.05110    -0.0749    13.8155 2.5326e+01  -61.58300  -54.87483 1152881756 195.538857    34.3428      67423         12  0.000e+00
    200.139    -0.6687   2.806907    -0.6637   2.807957    7.05103    -0.0642    13.8155 2.5326e+01  -61.58300  -54.87483 1152881756 195.538858    34.3424      67424         12  0.000e+00
    200.025    -0.6692   2.806923    -0.6627   2.807992    7.05097    -0.0964    13.8155 2.5326e+01  -61.58300  -54.87483 1152881756 195.538858    34.3432      67425         12  0.000e+00
    200.092    -0.6695   2.806927    -0.6632   2.808009    7.05107    -0.0857    13.8155 2.5326e+01  -61.58300  -54.87483 1152881756 195.538859    34.3435      67426         12  0.000e+00
    200.063    -0.6683   2.806927    -0.6634   2.807986    7.05088    -0.0964    13.8155 2.5326e+01  -61.58300  -54.87483 1152881756 195.538859    34.3422      67427         12  0.000e+00
    200.025    -0.6692   2.806927    -0.6631   2.807980    7.05097    -0.0642    13.8155 2.5326e+01  -61.58300  -54.87483 1152881756 195.538859    34.3433      67428         12  0.000e+00
    200.063    -0.6694   2.806927    -0.6638   2.807963    7.05103    -0.0642    13.8155 2.5326e+01  -61.58300  -54.87483 1152881756 195.538860    34.3435      67429         12  0.000e+00
    200.025    -0.6687   2.806993    -0.6645   2.807876    7.04609    -0.0642    13.8155 2.5326e+01  -61.58300  -54.87483 1152881756 195.538860    34.3437      67430         12  0.000e+00
    200.025    -0.6689   2.806986    -0.6656   2.807788    7.05089    -0.0857    13.8155 2.5326e+01  -61.58300  -54.87483 1152881756 195.538861    34.3438      67431         12  0.000e+00
    199.996    -0.6684   2.806956    -0.6677   2.807648    7.05081    -0.0964    13.8155 2.5326e+01  -61.58300  -54.87483 1152881756 195.538861    34.3428      67432         12  0.000e+00
    200.025    -0.6681   2.806970    -0.6690   2.807590    7.05079    -0.0857    13.8155 2.5326e+01  -61.58300  -54.87483 1152881756 195.538862    34.3427      67433         12  0.000e+00
    199.996    -0.6680   2.806990    -0.6694   2.807520    7.05073    -0.0749    13.8155 2.5326e+01  -61.58300  -54.87483 1152881756 195.538862    34.3428      67434         12  0.000e+00
    199.958    -0.6681   2.807009    -0.6695   2.807462    7.04593    -0.1072    13.8155 2.5326e+01  -61.58300  -54.87483 1152881756 195.538863    34.3432      67435         12  0.000e+00
    199.958    -0.6689   2.806999    -0.6696   2.807445    7.05082    -0.0857    13.8155 2.5326e+01  -61.58300  -54.87483 1152881756 195.538863    34.3440      67436         12  0.000e+00
    199.996    -0.6694   2.806943    -0.6697   2.807410    7.05096    -0.0857    13.8155 2.5326e+01  -61.58300  -54.87483 1152881756 195.538864    34.3437      67437         12  0.000e+00
    199.958    -0.6694   2.806943    -0.6696   2.807375    7.05092    -0.0749    13.8155 2.5326e+01  -61.58300  -54.87483 1152881756 195.538864    34.3437      67438         12  0.000e+00
    199.929    -0.6694   2.806950    -0.6697   2.807328    7.04612    -0.1072    13.8155 2.5326e+01  -61.58300  -54.87483 1152881756 195.538865    34.3439      67439         12  0.000e+00
    199.958    -0.6689   2.806933    -0.6692   2.807369    7.04609    -0.1180    13.8155 2.5326e+01  -61.58300  -54.87483 1152881756 195.538865    34.3431      67440         12  0.000e+00
    199.929    -0.6692   2.806910    -0.6693   2.807375    7.04611    -0.0749    13.8155 2.3378e+01  -61.58300  -54.87483 1152881756 195.538866    34.3431      67441         12  0.000e+00
    199.958    -0.6689   2.806887    -0.6686   2.807387    7.04612    -0.0749    13.8155 2.3378e+01  -61.58300  -54.87483 1152881756 195.538866    34.3425      67442         12  0.000e+00
    199.882    -0.6694   2.806900    -0.6686   2.807357    7.04610    -0.0964    13.8155 2.5326e+01  -61.58300  -54.87483 1152881756 195.538867    34.3432      67443         12  0.000e+00
    199.929    -0.6687   2.806887    -0.6685   2.807340    7.04607    -0.1287    13.8155 2.5326e+01  -61.58300  -54.87483 1152881756 195.538867    34.3423      67444         12  0.000e+00
    199.958    -0.6689   2.806884    -0.6685   2.807357    7.04612    -0.1180    13.8155 2.5326e+01  -61.58300  -54.87483 1152881757 195.538868    34.3424      67445         12  0.000e+00
    199.853    -0.6692   2.806834    -0.6689   2.807369    7.04609    -0.0857    13.8155 2.5326e+01  -61.58300  -54.87483 1152881757 195.538868    34.3421      67446         12  0.000e+00
    199.958    -0.6695   2.806867    -0.6688   2.807352    7.04622    -0.0534    13.8155 2.5326e+01  -61.58300  -54.87483 1152881757 195.538869    34.3429      67447         12  0.000e+00
    199.882    -0.6695   2.806864    -0.6691   2.807317    7.04615    -0.0857    13.8155 2.5326e+01  -61.58300  -54.87483 1152881757 195.538869    34.3429      67448         12  0.000e+00
    199.929    -0.6706   2.806844    -0.6694   2.807311    7.04636    -0.1072    13.8155 2.5326e+01  -61.58300  -54.87483 1152881757 195.538870    34.3438      67449         12  0.000e+00
    199.882    -0.6702   2.806821    -0.6696   2.807293    7.04627    -0.1502    13.8155 2.5326e+01  -61.58300  -54.87483 1152881757 195.538870    34.3430      67450         12  0.000e+00
    199.930    -0.6700   2.806797    -0.6691   2.807305    7.04630    -0.1072    13.8155 2.5326e+01  -61.58300  -54.87483 1152881757 195.538871    34.3425      67451         12  0.000e+00
    199.815    -0.6702   2.806811    -0.6692   2.807334    7.04621    -0.0642    13.8155 2.5326e+01  -61.58300  -54.87483 1152881757 195.538871    34.3429      67452         12  0.000e+00
    199.930    -0.6698   2.806831    -0.6690   2.807299    7.04626    -0.0642    13.8155 2.5326e+01  -61.58300  -54.87483 1152881757 195.538872    34.3428      67453         12  0.000e+00
    199.882    -0.6697   2.806804    -0.6692   2.807270    7.04621    -0.0964    13.8155 2.5326e+01  -61.58300  -54.87483 1152881757 195.538872    34.3422      67454         12  0.000e+00
    199.882    -0.6698   2.806774    -0.6691   2.807282    7.04624    -0.0642    13.8155 2.5326e+01  -61.58300  -54.87483 1152881757 195.538872    34.3420      67455         12  0.000e+00
    199.930    -0.6700   2.806771    -0.6690   2.807288    7.04632    -0.0964    13.8155 2.5326e+01  -61.58300  -54.87483 1152881757 195.538873    34.3421      67456         12  0.000e+00
    199.882    -0.6704   2.806754    -0.6696   2.807305    7.04635    -0.1072    13.8155 2.5326e+01  -61.58300  -54.87483 1152881757 195.538873    34.3425      67457         12  0.000e+00
    199.853    -0.6698   2.806764    -0.6692   2.807276    7.04623    -0.0534    13.8155 2.5326e+01  -61.58300  -54.87483 1152881757 195.538874    34.3419      67458         12  0.000e+00
    199.882    -0.6703   2.806738    -0.6695   2.807264    7.04634    -0.0211    13.8155 2.5326e+01  -61.58300  -54.87483 1152881757 195.538874    34.3421      67459         12  0.000e+00
    199.882    -0.6703   2.806741    -0.6694   2.807258    7.04634    -0.0642    13.8155 2.5326e+01  -61.58300  -54.87483 1152881757 195.538875    34.3421      67460         12  0.000e+00
    199.930    -0.6703   2.806748    -0.6699   2.807200    7.04638    -0.1072    13.8155 2.5326e+01  -61.58300  -54.87483 1152881757 195.538875    34.3422      67461         12  0.000e+00
    199.882    -0.6702   2.806748    -0.6698   2.807200    7.04631    -0.0534    13.8155 2.5326e+01  -61.58300  -54.87483 1152881757 195.538876    34.3420      67462         12  0.000e+00
    199.930    -0.6703   2.806731    -0.6699   2.807189    7.04639    -0.0857    13.8155 2.5326e+01  -61.58300  -54.87483 1152881757 195.538876    34.3419      67463         12  0.000e+00
    199.882    -0.6704   2.806744    -0.6699   2.807200    7.04636    -0.1072    13.8155 2.5326e+01  -61.58300  -54.87483 1152881757 195.538877    34.3423      67464         12  0.000e+00
    199.882    -0.6709   2.806698    -0.6700   2.807189    7.04169    -0.0857    13.8155 2.3378e+01  -61.58300  -54.87483 1152881757 195.538877    34.3422      67465         12  0.000e+00
    199.930    -0.6708   2.806695    -0.6702   2.807183    7.04648    -0.1072    13.8155 2.3378e+01  -61.58300  -54.87483 1152881757 195.538878    34.3420      67466         12  0.000e+00
    199.882    -0.6706   2.806685    -0.6696   2.807136    7.04642    -0.0857    13.8155 2.3378e+01  -61.58300  -54.87483 1152881757 195.538878    34.3417      67467         12  0.000e+00
    199.930    -0.6713   2.806695    -0.6705   2.807189    7.04656    -0.0749    13.8155 2.5326e+01  -61.58300  -54.87483 1152881758 195.538879    34.3426      67468         12  0.000e+00
    199.882    -0.6711   2.806718    -0.6703   2.807148    7.04646    -0.1072    13.8155 2.5326e+01  -61.58300  -54.87483 1152881758 195.538879    34.3427      67469         12  0.000e+00
    199.930    -0.6709   2.806691    -0.6713   2.807107    7.04651    -0.1072    13.8155 2.5326e+01  -61.58300  -54.87483 1152881758 195.538880    34.3421      67470         12  0.000e+00
    199.882    -0.6706   2.806645    -0.6711   2.807055    7.04645    -0.0857    13.8155 2.5326e+01  -61.58300  -54.87483 1152881758 195.538880    34.3412      67471         12  0.000e+00
    150.580    -0.9213   2.779154    -0.9239   2.779410    7.35709    -0.0749    13.8155 2.7274e+01  -61.58300  -54.87483 1152881866 195.540138    34.2840      70079         13  0.000e+00
    150.580    -0.9210   2.779167    -0.9235   2.779410    7.35703    -0.0319    13.8155 2.7274e+01  -61.58300  -54.87483 1152881866 195.540138    34.2838      70080         13  0.000e+00
    150.580    -0.9219   2.779128    -0.9241   2.779410    7.35719    -0.0211    13.8155 2.7274e+01  -61.58300  -54.87483 1152881866 195.540139    34.2843      70081         13  0.000e+00
    150.580    -0.9215   2.779111    -0.9233   2.779427    7.35714    -0.0642    13.8155 2.7274e+01  -61.58300  -54.87483 1152881866 195.540139    34.2836      70082         13  0.000e+00
    150.504    -0.9225   2.779095    -0.9239   2.779415    7.35723    -0.0642    13.8155 2.7274e+01  -61.58300  -54.87483 1152881867 195.540140    34.2846      70083         13  0.000e+00
    150.580    -0.9218   2.779108    -0.9242   2.779427    7.36195    -0.0964    13.8155 2.7274e+01  -61.58300  -54.87483 1152881867 195.540140    34.2839      70084         13  0.000e+00
    150.647    -0.9227   2.779075    -0.9244   2.779398    7.36218    -0.1180    13.8155 2.7274e+01  -61.58300  -54.87483 1152881867 195.540141    34.2844      70085         13  0.000e+00
