product_data/regression_test/downloaded_data/MDGS/320620060703/ctd/p6617606.ros
* Sea-Bird SBE 9 Data File:
* FileName = D:\Data\Raw\p6617606.dat
* Software Version Seasave Win32 V 5.32
* Temperature SN = 1649
* Conductivity SN = 1431
* Number of Bytes Per Scan = 37
* Number of Voltage Words = 5
* Number of Scans Averaged by the Deck Unit = 1
* NMEA Latitude = 60 36.97 S
* NMEA Longitude = 054 43.19 W
* NMEA UTC (Time) = 10:02:35
** Ship:   Nathaniel B. Palmer 
** Cruise:    NBP0606 
# nquan = 17
# nvalues = 1176                    
# units = specified
# name 0 = prDM: Pressure, Digiquartz [db]
# name 1 = t090C: Temperature [ITS-90, deg C]
# name 2 = c0S/m: Conductivity [S/m]
# name 3 = t190C: Temperature, 2 [ITS-90, deg C]
# name 4 = c1S/m: Conductivity, 2 [S/m]
# name 5 = sbeox0ML/L: Oxygen, SBE 43 [ml/l]
# name 6 = flECO-AFL: Fluorescence, Wetlab ECO-AFL/FL [mg/m^3]
# name 7 = bat: Beam Attenuation, Chelsea/Seatech/Wetlab CStar [1/m]
# name 8 = spar: SPAR/Surface Irradiance
# name 9 = latitude: Latitude [deg]
# name 10 = longitude: Longitude [deg]
# name 11 = timeY: Time, System [seconds]
# name 12 = timeJ: Julian Days
# name 13 = sal00: Salinity [PSU]
# name 14 = scan: scan number
# name 15 = nbf: number of bottles fired
# name 16 = flag:  0.000e+00
# interval = seconds: 0.0416667                   
# start_time = Jul 21 2006 10:02:43
*END*
[from data line 86]
    151.296     0.0231   2.863892     0.0562   2.867942    6.47515    -0.0534    13.8155 0.0000e+00  -60.61617  -54.71983 1153476529 202.422813    34.3536       8835          2  0.000e+00
    151.296     0.0170   2.863304     0.0544   2.867883    6.47163    -0.0749    13.8155 0.0000e+00  -60.61617  -54.71983 1153476529 202.422814    34.3527       8836          2  0.000e+00
    151.239     0.0087   2.862690     0.0522   2.867625    6.47302    -0.0749    13.8155 0.0000e+00  -60.61617  -54.71983 1153476529 202.422814    34.3540       8837          2  0.000e+00
    151.229     0.0010   2.862022     0.0479   2.867256    6.47440    -0.0534    13.8155 0.0000e+00  -60.61617  -54.71983 1153476530 202.422815    34.3537       8838          2  0.000e+00
    151.163    -0.0078   2.861227     0.0426   2.866775    6.47596    -0.0534    13.8155 0.0000e+00  -60.61617  -54.71983 1153476530 202.422815    34.3531       8839          2  0.000e+00
    151.162    -0.0126   2.860589     0.0354   2.866118    6.47695    -0.0319    13.8155 0.0000e+00  -60.61617  -54.71983 1153476530 202.422816    34.3501       8840          2  0.000e+00
    151.162    -0.0182   2.860225     0.0259   2.865232    6.47323    -0.0319    13.8155 0.0000e+00  -60.61617  -54.71983 1153476530 202.422816    34.3515       8841          2  0.000e+00
    151.162    -0.0220   2.860021     0.0218   2.864628    6.47384    -0.0319    13.8155 0.0000e+00  -60.61617  -54.71983 1153476530 202.422817    34.3530       8842          2  0.000e+00
    151.086    -0.0254   2.860125     0.0231   2.864558    6.47416    -0.0319    13.8155 0.0000e+00  -60.61617  -54.71983 1153476530 202.422817    34.3583       8843          2  0.000e+00
    151.096    -0.0223   2.860552     0.0201   2.864628    6.46884    -0.0104    13.8155 0.0000e+00  -60.61617  -54.71983 1153476530 202.422818    34.3604       8844          2  0.000e+00
    151.019    -0.0167   2.860813     0.0181   2.864522    6.46790    -0.0749    13.8155 0.0000e+00  -60.61617  -54.71983 1153476530 202.422818    34.3577       8845          2  0.000e+00
    151.019    -0.0145   2.860662     0.0222   2.864792    6.46770    -0.0749    13.8155 0.0000e+00  -60.61617  -54.71983 1153476530 202.422819    34.3532       8846          2  0.000e+00
    151.515     0.0385   2.865961     0.0516   2.867596    6.43490    -0.0534    13.8155 0.0000e+00  -60.61617  -54.71983 1153476538 202.422910    34.3636       9036          3  0.000e+00
    151.438     0.0375   2.866128     0.0491   2.867232    6.43486    -0.0534    13.8155 0.0000e+00  -60.61617  -54.71983 1153476538 202.422911    34.3670       9037          3  0.000e+00
    151.448     0.0372   2.866248     0.0463   2.866997    6.43484    -0.0426    13.8155 0.0000e+00  -60.61617  -54.71983 1153476538 202.422911    34.3689       9038          3  0.000e+00
    151.515     0.0380   2.866509     0.0445   2.866886    6.43464    -0.0211    13.8155 0.0000e+00  -60.61617  -54.71983 1153476538 202.422912    34.3714       9039          3  0.000e+00
    151.515     0.0419   2.866713     0.0445   2.866950    6.43402    -0.0426    13.8155 0.0000e+00  -60.61617  -54.71983 1153476538 202.422912    34.3697       9040          3  0.000e+00
    151.515     0.0433   2.866612     0.0434   2.866997    6.43390    -0.0319    13.8155 0.0000e+00  -60.61617  -54.71983 1153476538 202.422913    34.3669       9041          3  0.000e+00
    151.515     0.0422   2.866449     0.0453   2.867021    6.43414    -0.0534    13.8155 0.0000e+00  -60.61617  -54.71983 1153476538 202.422913    34.3659       9042          3  0.000e+00
    151.581     0.0385   2.866405     0.0454   2.867091    6.43471    -0.0642    13.8155 0.0000e+00  -60.61617  -54.71983 1153476538 202.422914    34.3695       9043          3  0.000e+00
    151.581     0.0400   2.866546     0.0428   2.866927    6.43442    -0.0749    13.8155 0.0000e+00  -60.61617  -54.71983 1153476538 202.422914    34.3696       9044          3  0.000e+00
    151.581     0.0421   2.866709     0.0389   2.866645    6.42941    -0.0426    13.8155 0.0000e+00  -60.61617  -54.71983 1153476538 202.422915    34.3695       9045          3  0.000e+00
    151.581     0.0453   2.866736     0.0394   2.866487    6.42898    -0.0426    13.8155 0.0000e+00  -60.61617  -54.71983 1153476538 202.422915    34.3662       9046          3  0.000e+00
    151.581     0.0453   2.866813     0.0391   2.866522    6.42893     0.0004    13.8155 0.0000e+00  -60.61617  -54.71983 1153476538 202.422916    34.3672       9047          3  0.000e+00
    151.581     0.0463   2.866860     0.0394   2.866522    6.42878     0.0112    13.8155 0.0000e+00  -60.61617  -54.71983 1153476538 202.422916    34.3668       9048          3  0.000e+00
    151.581     0.0456   2.866863     0.0402   2.866499    6.42886    -0.0211    13.8155 0.0000e+00  -60.61617  -54.71983 1153476538 202.422917    34.3675       9049          3  0.000e+00
    151.658     0.0464   2.866843     0.0402   2.866487    6.42884     0.0004    13.8155 0.0000e+00  -60.61617  -54.71983 1153476538 202.422917    34.3663       9050          3  0.000e+00
    151.581     0.0456   2.866759     0.0399   2.866528    6.42892    -0.0104    13.8155 0.0000e+00  -60.61617  -54.71983 1153476538 202.422918    34.3662       9051          3  0.000e+00
    151.648     0.0453   2.866709     0.0385   2.866399    6.42905    -0.0319    13.8155 0.0000e+00  -60.61617  -54.71983 1153476538 202.422918    34.3658       9052          3  0.000e+00
    151.648     0.0442   2.866689     0.0379   2.866229    6.42455    -0.0319    13.8155 0.0000e+00  -60.61617  -54.71983 1153476538 202.422919    34.3667       9053          3  0.000e+00
    151.658     0.0446   2.866696     0.0357   2.866070    6.42451    -0.0104    13.8155 0.0000e+00  -60.61617  -54.71983 1153476539 202.422919    34.3665       9054          3  0.000e+00
    151.581     0.0450   2.866723     0.0337   2.865906    6.42437    -0.0211    13.8155 0.0000e+00  -60.61617  -54.71983 1153476539 202.422920    34.3664       9055          3  0.000e+00
    151.648     0.0455   2.866743     0.0320   2.865801    6.42436    -0.0534    13.8155 0.0000e+00  -60.61617  -54.71983 1153476539 202.422920    34.3661       9056          3  0.000e+00
    151.725     0.0456   2.866790     0.0327   2.865865    6.42438    -0.0426    13.8155 0.0000e+00  -60.61617  -54.71983 1153476539 202.422921    34.3665       9057          3  0.000e+00
    151.581     0.0466   2.866776     0.0328   2.865971    6.42414    -0.0104    13.8155 0.0000e+00  -60.61617  -54.71983 1153476539 202.422921    34.3653       9058          3  0.000e+00
    151.648     0.0461   2.866736     0.0332   2.865982    6.42428    -0.0642    13.8155 0.0000e+00  -60.61617  -54.71983 1153476539 202.422921    34.3653       9059          3  0.000e+00
    151.648     0.0455   2.866713     0.0340   2.865994    6.42437    -0.0319    13.8155 0.0000e+00  -60.61617  -54.71983 1153476539 202.422922    34.3657       9060          3  0.000e+00
    151.658     0.0455   2.866789     0.0332   2.866000    6.41968    -0.0426    13.8155 0.0000e+00  -60.61617  -54.71983 1153476539 202.422922    34.3667       9061          3  0.000e+00
    151.648     0.0455   2.866786     0.0334   2.866000    6.41968    -0.0642    13.8155 0.0000e+00  -60.61617  -54.71983 1153476539 202.422923    34.3666       9062          3  0.000e+00
    151.648     0.0455   2.866703     0.0339   2.866082    6.41973    -0.0319    13.8155 0.0000e+00  -60.61617  -54.71983 1153476539 202.422923    34.3655       9063          3  0.000e+00
    151.648     0.0442   2.866666     0.0357   2.866111    6.41991     0.0219    13.8155 0.0000e+00  -60.61617  -54.71983 1153476539 202.422924    34.3664       9064          3  0.000e+00
    151.658     0.0435   2.866535     0.0362   2.866129    6.42009     0.0004    13.8155 0.0000e+00  -60.61617  -54.71983 1153476539 202.422924    34.3656       9065          3  0.000e+00
    151.648     0.0417   2.866378     0.0363   2.866117    6.42040    -0.0211    13.8155 0.0000e+00  -60.61617  -54.71983 1153476539 202.422925    34.3654       9066          3  0.000e+00
    151.648     0.0408   2.866198     0.0351   2.866006    6.42062    -0.0749    13.8155 0.0000e+00  -60.61617  -54.71983 1153476539 202.422925    34.3641       9067          3  0.000e+00
    151.581     0.0397   2.866104     0.0315   2.865836    6.42075    -0.0857    13.8155 0.0000e+00  -60.61617  -54.71983 1153476539 202.422926    34.3641       9068          3  0.000e+00
    151.658     0.0390   2.866051     0.0291   2.865642    6.42095    -0.0964    13.8155 0.0000e+00  -60.61617  -54.71983 1153476539 202.422926    34.3642       9069          3  0.000e+00
    151.648     0.0388   2.866091     0.0300   2.865630    6.41629    -0.0642    13.8155 0.0000e+00  -60.61617  -54.71983 1153476539 202.422927    34.3649       9070          3  0.000e+00
    151.581     0.0399   2.866228     0.0312   2.865754    6.42066    -0.0104    13.8155 0.0000e+00  -60.61617  -54.71983 1153476539 202.422927    34.3656       9071          3  0.000e+00
    151.581     0.0411   2.866375     0.0352   2.866006    6.42042    -0.0426    13.8155 0.0000e+00  -60.61617  -54.71983 1153476539 202.422928    34.3661       9072          3  0.000e+00
    151.658     0.0422   2.866472     0.0363   2.866223    6.41563    -0.0857    13.8155 0.0000e+00  -60.61617  -54.71983 1153476539 202.422928    34.3661       9073          3  0.000e+00
    151.581     0.0433   2.866586     0.0374   2.866287    6.41536    -0.0749    13.8155 0.0000e+00  -60.61617  -54.71983 1153476539 202.422929    34.3665       9074          3  0.000e+00
    151.581     0.0439   2.866646     0.0383   2.866317    6.41525    -0.0319    13.8155 0.0000e+00  -60.61617  -54.71983 1153476539 202.422929    34.3666       9075          3  0.000e+00
    151.581     0.0450   2.866672     0.0374   2.866281    6.41509    -0.0426    13.8155 0.0000e+00  -60.61617  -54.71983 1153476539 202.422930    34.3657       9076          3  0.000e+00
    151.581     0.0447   2.866599     0.0368   2.866270    6.41517    -0.0642    13.8155 0.0000e+00  -60.61617  -54.71983 1153476539 202.422930    34.3651       9077          3  0.000e+00
    151.581     0.0444   2.866549     0.0369   2.866270    6.41524    -0.0104    13.8155 0.0000e+00  -60.61617  -54.71983 1153476540 202.422931    34.3647       9078          3  0.000e+00
    151.514     0.0436   2.866529     0.0395   2.866352    6.41529     0.0004    13.8155 0.0000e+00  -60.61617  -54.71983 1153476540 202.422931    34.3654       9079          3  0.000e+00
    151.581     0.0436   2.866519     0.0416   2.866440    6.41536     0.0004    13.8155 0.0000e+00  -60.61617  -54.71983 1153476540 202.422932    34.3652       9080          3  0.000e+00
    151.514     0.0425   2.866439     0.0417   2.866540    6.41083    -0.0104    13.8155 0.0000e+00  -60.61617  -54.71983 1153476540 202.422932    34.3654       9081          3  0.000e+00
    151.514     0.0407   2.866335     0.0422   2.866628    6.41113    -0.0104    13.8155 0.0000e+00  -60.61617  -54.71983 1153476540 202.422933    34.3661       9082          3  0.000e+00
    151.514     0.0399   2.866195     0.0436   2.866692    6.41131    -0.0211    13.8155 0.0000e+00  -60.61617  -54.71983 1153476540 202.422933    34.3652       9083          3  0.000e+00
    151.514     0.0388   2.865894     0.0430   2.866704    6.41163    -0.0104    13.8155 0.0000e+00  -60.61617  -54.71983 1153476540 202.422934    34.3624       9084          3  0.000e+00
    150.032     0.0375   2.866161     0.0507   2.867460    6.40566    -0.0642    13.8155 0.0000e+00  -60.61617  -54.71983 1153476546 202.423009    34.3682       9241          4  0.000e+00
    149.965     0.0404   2.866695     0.0494   2.867360    6.40493    -0.0642    13.8155 0.0000e+00  -60.61617  -54.71983 1153476546 202.423010    34.3722       9242          4  0.000e+00
    149.965     0.0453   2.866943     0.0465   2.867096    6.39949    -0.0749    13.8155 0.0000e+00  -60.61617  -54.71983 1153476546 202.423010    34.3699       9243          4  0.000e+00
    150.032     0.0469   2.866739     0.0446   2.866862    6.40412    -0.0642    13.8155 0.0000e+00  -60.61617  -54.71983 1153476546 202.423011    34.3654       9244          4  0.000e+00
    150.098     0.0447   2.866485     0.0448   2.866850    6.40461    -0.0642    13.8155 0.0000e+00  -60.61617  -54.71983 1153476546 202.423011    34.3645       9245          4  0.000e+00
    150.032     0.0438   2.866448     0.0448   2.866868    6.40469    -0.0749    13.8155 0.0000e+00  -60.61617  -54.71983 1153476546 202.423012    34.3650       9246          4  0.000e+00
    150.242     0.0438   2.866485     0.0439   2.866809    6.40485    -0.0749    13.8155 0.0000e+00  -60.61617  -54.71983 1153476547 202.423012    34.3654       9247          4  0.000e+00
    150.242     0.0436   2.866585     0.0433   2.866762    6.40482    -0.0211    13.8155 0.0000e+00  -60.61617  -54.71983 1153476547 202.423013    34.3669       9248          4  0.000e+00
    150.309     0.0446   2.866799     0.0437   2.866821    6.40463    -0.0104    13.8155 0.0000e+00  -60.61617  -54.71983 1153476547 202.423013    34.3687       9249          4  0.000e+00
    150.242     0.0469   2.866953     0.0456   2.866979    6.40884    -0.0319    13.8155 0.0000e+00  -60.61617  -54.71983 1153476547 202.423014    34.3681       9250          4  0.000e+00
    150.528     0.0480   2.866976     0.0454   2.867050    6.40894    -0.0211    13.8155 0.0000e+00  -60.61617  -54.71983 1153476547 202.423014    34.3670       9251          4  0.000e+00
    150.385     0.0484   2.866976     0.0459   2.867138    6.40875    -0.0211    13.8155 0.0000e+00  -60.61617  -54.71983 1153476547 202.423015    34.3666       9252          4  0.000e+00
    150.528     0.0483   2.866966     0.0480   2.867284    6.40890    -0.0104    13.8155 0.0000e+00  -60.61617  -54.71983 1153476547 202.423015    34.3665       9253          4  0.000e+00
    150.595     0.0488   2.867057     0.0496   2.867449    6.40885    -0.0211    13.8155 0.0000e+00  -60.61617  -54.71983 1153476547 202.423016    34.3672       9254          4  0.000e+00
    150.595     0.0497   2.867164     0.0510   2.867507    6.40867    -0.0211    13.8155 0.0000e+00  -60.61617  -54.71983 1153476547 202.423016    34.3676       9255          4  0.000e+00
    150.595     0.0497   2.867113     0.0513   2.867560    6.41335    -0.1072    13.8155 0.0000e+00  -60.61617  -54.71983 1153476547 202.423016    34.3669       9256          4  0.000e+00
    150.738     0.0484   2.866749     0.0519   2.867630    6.41385    -0.0964    13.8155 0.0000e+00  -60.61617  -54.71983 1153476547 202.423017    34.3634       9257          4  0.000e+00
    150.738     0.0429   2.866117     0.0527   2.867695    6.41494    -0.0319    13.8155 0.0000e+00  -60.61617  -54.71983 1153476547 202.423017    34.3613       9258          4  0.000e+00
    150.805     0.0360   2.865569     0.0530   2.867748    6.41620    -0.0642    13.8155 0.0000e+00  -60.61617  -54.71983 1153476547 202.423018    34.3617       9259          4  0.000e+00
    150.872     0.0304   2.864667     0.0540   2.867801    6.41750    -0.0426    13.8155 0.0000e+00  -60.61617  -54.71983 1153476547 202.423018    34.3560       9260          4  0.000e+00
    150.882     0.0232   2.863738     0.0539   2.867836    6.41432    -0.0319    13.8155 0.0000e+00  -60.61617  -54.71983 1153476547 202.423019    34.3517       9261          4  0.000e+00
    150.948     0.0152   2.862883     0.0537   2.867795    6.42057    -0.0534    13.8155 0.0000e+00  -60.61617  -54.71983 1153476547 202.423019    34.3494       9262          4  0.000e+00
    151.015     0.0054   2.862085     0.0537   2.867789    6.41770    -0.0319    13.8155 0.0000e+00  -60.61617  -54.71983 1153476547 202.423020    34.3498       9263          4  0.000e+00
