product_data/regression_test/downloaded_data/MDGS/320620060703/ctd/p6617705.ros
* Sea-Bird SBE 9 Data File:
* FileName = D:\Data\Raw\p6617705.dat
* Software Version Seasave Win32 V 5.32
* Temperature SN = 1649
* Conductivity SN = 1431
* Number of Bytes Per Scan = 37
* Number of Voltage Words = 5
* Number of Scans Averaged by the Deck Unit = 1
* NMEA Latitude = 60 37.00 S
* NMEA Longitude = 054 37.45 W
* NMEA UTC (Time) = 20:25:33
** Ship:   Nathaniel B. Palmer 
** Cruise:    NBP0606 
# nquan = 17
# nvalues = 1176                    
# units = specified
# name 0 = prDM: Pressure, Digiquartz [db]
# name 1 = t090C: Temperature [ITS-90, deg C]
# name 2 = c0S/m: Conductivity [S/m]
# name 3 = t190C: Temperature, 2 [ITS-90, deg C]
# name 4 = c1S/m: Conductivity, 2 [S/m]
# name 5 = sbeox0ML/L: Oxygen, SBE 43 [ml/l]
# name 6 = flECO-AFL: Fluorescence, Wetlab ECO-AFL/FL [mg/m^3]
# name 7 = bat: Beam Attenuation, Chelsea/Seatech/Wetlab CStar [1/m]
# name 8 = spar: SPAR/Surface Irradiance
# name 9 = latitude: Latitude [deg]
# name 10 = longitude: Longitude [deg]
# name 11 = timeY: Time, System [seconds]
# name 12 = timeJ: Julian Days
# name 13 = sal00: Salinity [PSU]
# name 14 = scan: scan number
# name 15 = nbf: number of bottles fired
# name 16 = flag:  0.000e+00
# interval = seconds: 0.0416667                   
# start_time = Jul 21 2006 20:25:41
*END*
[from data line 852]
     75.003    -0.6154   2.795636    -0.6209   2.795580    7.45870     0.1188    13.8155 0.0000e+00  -60.61667  -54.62417 1153517144 202.892888    34.2071      86509         18  0.000e+00
     74.955    -0.6151   2.795656    -0.6209   2.795585    7.45860     0.1188    13.8155 0.0000e+00  -60.61667  -54.62417 1153517144 202.892888    34.2071      86510         18  0.000e+00
     74.936    -0.6158   2.795686    -0.6209   2.795585    7.45865     0.1295    13.8155 0.0000e+00  -60.61667  -54.62417 1153517144 202.892889    34.2082      86511         18  0.000e+00
     75.022    -0.6161   2.795643    -0.6212   2.795609    7.45882     0.1295    13.8155 0.0000e+00  -60.61667  -54.62417 1153517144 202.892889    34.2079      86512         18  0.000e+00
     74.936    -0.6158   2.795626    -0.6212   2.795574    7.45869     0.0650    13.8155 0.0000e+00  -60.61667  -54.62417 1153517144 202.892890    34.2074      86513         18  0.000e+00
     74.955    -0.6156   2.795692    -0.6207   2.795597    7.45864     0.0327    13.8155 0.0000e+00  -60.61667  -54.62417 1153517144 202.892890    34.2080      86514         18  0.000e+00
     75.003    -0.6150   2.795679    -0.6212   2.795597    7.46330     0.0972    13.8155 0.0000e+00  -60.61667  -54.62417 1153517144 202.892891    34.2072      86515         18  0.000e+00
     75.022    -0.6151   2.795600    -0.6207   2.795562    7.46339     0.0757    13.8155 0.0000e+00  -60.61667  -54.62417 1153517144 202.892891    34.2063      86516         18  0.000e+00
     74.936    -0.6164   2.795510    -0.6214   2.795516    7.46355     0.0865    13.8155 0.0000e+00  -60.61667  -54.62417 1153517144 202.892892    34.2065      86517         18  0.000e+00
     75.022    -0.6176   2.795431    -0.6215   2.795487    7.46387     0.0112    13.8155 0.0000e+00  -60.61667  -54.62417 1153517144 202.892892    34.2067      86518         18  0.000e+00
     75.003    -0.6179   2.795401    -0.6223   2.795434    7.46393     0.0327    13.8155 0.0000e+00  -60.61667  -54.62417 1153517144 202.892893    34.2068      86519         18  0.000e+00
     75.022    -0.6183   2.795332    -0.6226   2.795370    7.46404     0.0327    13.8155 0.0000e+00  -60.61667  -54.62417 1153517144 202.892893    34.2062      86520         18  0.000e+00
     75.003    -0.6189   2.795362    -0.6236   2.795324    7.46409     0.0542    13.8155 0.0000e+00  -60.61667  -54.62417 1153517144 202.892894    34.2073      86521         18  0.000e+00
     75.022    -0.6196   2.795309    -0.6234   2.795301    7.46426     0.0972    13.8155 0.0000e+00  -60.61667  -54.62417 1153517144 202.892894    34.2074      86522         18  0.000e+00
     75.003    -0.6193   2.795305    -0.6243   2.795277    7.46420     0.1618    13.8155 0.0000e+00  -60.61667  -54.62417 1153517144 202.892894    34.2070      86523         18  0.000e+00
     75.022    -0.6193   2.795276    -0.6238   2.795306    7.46424     0.0972    13.8155 0.0000e+00  -60.61667  -54.62417 1153517144 202.892895    34.2066      86524         18  0.000e+00
     75.003    -0.6192   2.795282    -0.6235   2.795318    7.46888     0.0327    13.8155 0.0000e+00  -60.61667  -54.62417 1153517144 202.892895    34.2066      86525         18  0.000e+00
     75.022    -0.6204   2.795203    -0.6237   2.795301    7.46914     0.0219    13.8155 0.0000e+00  -60.61667  -54.62417 1153517144 202.892896    34.2069      86526         18  0.000e+00
     75.003    -0.6204   2.795193    -0.6243   2.795248    7.46912     0.0327    13.8155 0.0000e+00  -60.61667  -54.62417 1153517144 202.892896    34.2067      86527         18  0.000e+00
     75.089    -0.6209   2.795163    -0.6240   2.795260    7.46931     0.0327    13.8155 0.0000e+00  -60.61667  -54.62417 1153517144 202.892897    34.2068      86528         18  0.000e+00
     75.003    -0.6214   2.795153    -0.6240   2.795289    7.46930     0.0757    13.8155 0.0000e+00  -60.61667  -54.62417 1153517144 202.892897    34.2073      86529         18  0.000e+00
     75.022    -0.6214   2.795137    -0.6243   2.795260    7.46933     0.0434    13.8155 0.0000e+00  -60.61667  -54.62417 1153517145 202.892898    34.2070      86530         18  0.000e+00
     75.070    -0.6223   2.795114    -0.6244   2.795237    7.46953     0.0327    13.8155 0.0000e+00  -60.61667  -54.62417 1153517145 202.892898    34.2077      86531         18  0.000e+00
     75.022    -0.6219   2.795058    -0.6247   2.795260    7.46946     0.0327    13.8155 0.0000e+00  -60.61667  -54.62417 1153517145 202.892899    34.2066      86532         18  0.000e+00
     75.070    -0.6221   2.795074    -0.6244   2.795289    7.47422     0.0219    13.8155 0.0000e+00  -60.61667  -54.62417 1153517145 202.892899    34.2070      86533         18  0.000e+00
     75.022    -0.6221   2.795038    -0.6240   2.795295    7.47420    -0.0104    13.8155 0.0000e+00  -60.61667  -54.62417 1153517145 202.892900    34.2066      86534         18  0.000e+00
     75.070    -0.6229   2.794985    -0.6226   2.795353    7.47440    -0.0104    13.8155 0.0000e+00  -60.61667  -54.62417 1153517145 202.892900    34.2067      86535         18  0.000e+00
     75.089    -0.6234   2.794955    -0.6210   2.795394    7.47451     0.0650    13.8155 0.0000e+00  -60.61667  -54.62417 1153517145 202.892901    34.2068      86536         18  0.000e+00
     75.070    -0.6236   2.794882    -0.6207   2.795417    7.46989     0.0757    13.8155 0.0000e+00  -60.61667  -54.62417 1153517145 202.892901    34.2061      86537         18  0.000e+00
     75.022    -0.6240   2.794879    -0.6217   2.795423    7.47459     0.0972    13.8155 0.0000e+00  -60.61667  -54.62417 1153517145 202.892902    34.2066      86538         18  0.000e+00
     75.310    -0.6131   2.795990    -0.6086   2.796829    7.52874     0.0112    13.8155 0.0000e+00  -60.61667  -54.62417 1153517154 202.893005    34.2091      86753         19  0.000e+00
     75.215    -0.6127   2.796056    -0.6081   2.796835    7.52853     0.0112    13.8155 0.0000e+00  -60.61667  -54.62417 1153517154 202.893006    34.2095      86754         19  0.000e+00
     75.310    -0.6122   2.796175    -0.6083   2.796818    7.52847     0.0327    13.8155 0.0000e+00  -60.61667  -54.62417 1153517154 202.893006    34.2105      86755         19  0.000e+00
     75.282    -0.6109   2.796224    -0.6083   2.796789    7.52822     0.0757    13.8155 0.0000e+00  -60.61667  -54.62417 1153517154 202.893007    34.2098      86756         19  0.000e+00
     75.310    -0.6102   2.796287    -0.6077   2.796818    7.52809     0.1188    13.8155 0.0000e+00  -60.61667  -54.62417 1153517154 202.893007    34.2097      86757         19  0.000e+00
     75.282    -0.6097   2.796301    -0.6069   2.796853    7.52799     0.0112    13.8155 0.0000e+00  -60.61667  -54.62417 1153517154 202.893008    34.2094      86758         19  0.000e+00
     75.310    -0.6091   2.796330    -0.6066   2.796940    7.52790     0.0112    13.8155 0.0000e+00  -60.61667  -54.62417 1153517154 202.893008    34.2091      86759         19  0.000e+00
     75.282    -0.6089   2.796324    -0.6066   2.796969    7.53254     0.0327    13.8155 0.0000e+00  -60.61667  -54.62417 1153517154 202.893009    34.2089      86760         19  0.000e+00
     75.310    -0.6086   2.796353    -0.6066   2.796986    7.52782     0.0542    13.8155 0.0000e+00  -60.61667  -54.62417 1153517154 202.893009    34.2089      86761         19  0.000e+00
     75.282    -0.6085   2.796383    -0.6064   2.796957    7.52774     0.0757    13.8155 0.0000e+00  -60.61667  -54.62417 1153517154 202.893010    34.2091      86762         19  0.000e+00
     75.310    -0.6083   2.796370    -0.6063   2.796980    7.52776     0.0542    13.8155 0.0000e+00  -60.61667  -54.62417 1153517154 202.893010    34.2088      86763         19  0.000e+00
     75.282    -0.6085   2.796330    -0.6061   2.797015    7.52778     0.0542    13.8155 0.0000e+00  -60.61667  -54.62417 1153517154 202.893011    34.2084      86764         19  0.000e+00
     75.310    -0.6083   2.796386    -0.6061   2.797004    7.52775     0.1188    13.8155 0.0000e+00  -60.61667  -54.62417 1153517154 202.893011    34.2090      86765         19  0.000e+00
     75.282    -0.6078   2.796426    -0.6058   2.797033    7.53231     0.0972    13.8155 0.0000e+00  -60.61667  -54.62417 1153517154 202.893012    34.2090      86766         19  0.000e+00
     75.234    -0.6080   2.796439    -0.6057   2.797050    7.52759     0.0757    13.8155 0.0000e+00  -60.61667  -54.62417 1153517154 202.893012    34.2094      86767         19  0.000e+00
     75.282    -0.6080   2.796453    -0.6054   2.797027    7.52763     0.0542    13.8155 0.0000e+00  -60.61667  -54.62417 1153517154 202.893013    34.2096      86768         19  0.000e+00
     75.310    -0.6080   2.796456    -0.6063   2.797004    7.52765     0.0757    13.8155 0.0000e+00  -60.61667  -54.62417 1153517154 202.893013    34.2096      86769         19  0.000e+00
     75.282    -0.6075   2.796436    -0.6064   2.796975    7.53225     0.0542    13.8155 0.0000e+00  -60.61667  -54.62417 1153517155 202.893014    34.2088      86770         19  0.000e+00
     75.234    -0.6077   2.796449    -0.6068   2.796928    7.53222     0.0327    13.8155 0.0000e+00  -60.61667  -54.62417 1153517155 202.893014    34.2092      86771         19  0.000e+00
     75.282    -0.6077   2.796420    -0.6060   2.796916    7.52760     0.0757    13.8155 0.0000e+00  -60.61667  -54.62417 1153517155 202.893015    34.2088      86772         19  0.000e+00
     75.234    -0.6077   2.796426    -0.6074   2.796876    7.52755     0.0542    13.8155 0.0000e+00  -60.61667  -54.62417 1153517155 202.893015    34.2089      86773         19  0.000e+00
     75.282    -0.6074   2.796449    -0.6088   2.796841    7.52753     0.0327    13.8155 0.0000e+00  -60.61667  -54.62417 1153517155 202.893016    34.2088      86774         19  0.000e+00
     75.234    -0.6071   2.796489    -0.6091   2.796818    7.53210     0.0542    13.8155 0.0000e+00  -60.61667  -54.62417 1153517155 202.893016    34.2090      86775         19  0.000e+00
     75.282    -0.6074   2.796489    -0.6084   2.796771    7.53219     0.0542    13.8155 0.0000e+00  -60.61667  -54.62417 1153517155 202.893016    34.2093      86776         19  0.000e+00
     75.234    -0.6069   2.796496    -0.6089   2.796696    7.53207     0.0327    13.8155 0.0000e+00  -60.61667  -54.62417 1153517155 202.893017    34.2089      86777         19  0.000e+00
     75.215    -0.6069   2.796515    -0.6100   2.796573    7.53204     0.0112    13.8155 0.0000e+00  -60.61667  -54.62417 1153517155 202.893017    34.2092      86778         19  0.000e+00
     75.234    -0.6066   2.796505    -0.6114   2.796480    7.53202    -0.0104    13.8155 0.0000e+00  -60.61667  -54.62417 1153517155 202.893018    34.2087      86779         19  0.000e+00
     75.215    -0.6071   2.796482    -0.6131   2.796405    7.53208     0.0327    13.8155 0.0000e+00  -60.61667  -54.62417 1153517155 202.893018    34.2089      86780         19  0.000e+00
     75.234    -0.6071   2.796426    -0.6147   2.796300    7.52745     0.0004    13.8155 0.0000e+00  -60.61667  -54.62417 1153517155 202.893019    34.2082      86781         19  0.000e+00
     75.215    -0.6080   2.796360    -0.6157   2.796196    7.52762    -0.0104    13.8155 0.0000e+00  -60.61667  -54.62417 1153517155 202.893019    34.2084      86782         19  0.000e+00
     75.234    -0.6083   2.796294    -0.6158   2.796172    7.53242     0.0112    13.8155 0.0000e+00  -60.61667  -54.62417 1153517155 202.893020    34.2078      86783         19  0.000e+00
     75.148    -0.6085   2.796307    -0.6163   2.796132    7.52765     0.0219    13.8155 0.0000e+00  -60.61667  -54.62417 1153517155 202.893020    34.2082      86784         19  0.000e+00
     75.234    -0.6089   2.796304    -0.6158   2.796120    7.53250     0.0434    13.8155 0.0000e+00  -60.61667  -54.62417 1153517155 202.893021    34.2086      86785         19  0.000e+00
     75.148    -0.6088   2.796271    -0.6157   2.796120    7.53242     0.0434    13.8155 0.0000e+00  -60.61667  -54.62417 1153517155 202.893021    34.2081      86786         19  0.000e+00
     75.234    -0.6096   2.796188    -0.6155   2.796138    7.53268     0.0327    13.8155 0.0000e+00  -60.61667  -54.62417 1153517155 202.893022    34.2078      86787         19  0.000e+00
     75.148    -0.6100   2.796165    -0.6160   2.796201    7.53267     0.0327    13.8155 0.0000e+00  -60.61667  -54.62417 1153517155 202.893022    34.2080      86788         19  0.000e+00
     75.167    -0.6107   2.796095    -0.6140   2.796324    7.53284     0.0542    13.8155 0.0000e+00  -60.61667  -54.62417 1153517155 202.893023    34.2078      86789         19  0.000e+00
     75.148    -0.6111   2.796105    -0.6121   2.796358    7.53288     0.0650    13.8155 0.0000e+00  -60.61667  -54.62417 1153517155 202.893023    34.2085      86790         19  0.000e+00
     75.167    -0.6109   2.796086    -0.6124   2.796417    7.53289     0.0865    13.8155 0.0000e+00  -60.61667  -54.62417 1153517155 202.893024    34.2080      86791         19  0.000e+00
     75.148    -0.6115   2.796056    -0.6115   2.796417    7.53298     0.0542    13.8155 0.0000e+00  -60.61667  -54.62417 1153517155 202.893024    34.2083      86792         19  0.000e+00
     75.091    -0.6119   2.795967    -0.6120   2.796428    7.53303     0.0112    13.8155 0.0000e+00  -60.61667  -54.62417 1153517155 202.893025    34.2075      86793         19  0.000e+00
     75.148    -0.6122   2.795854    -0.6112   2.796440    7.53322    -0.0104    13.8155 0.0000e+00  -60.61667  -54.62417 1153517156 202.893025    34.2063      86794         19  0.000e+00
     75.091    -0.6131   2.795778    -0.6112   2.796440    7.53335     0.0004    13.8155 0.0000e+00  -60.61667  -54.62417 1153517156 202.893026    34.2063      86795         19  0.000e+00
     75.148    -0.6142   2.795742    -0.6115   2.796399    7.53359    -0.0319    13.8155 0.0000e+00  -60.61667  -54.62417 1153517156 202.893026    34.2070      86796         19  0.000e+00
     75.091    -0.6138   2.795821    -0.6120   2.796382    7.53341    -0.0534    13.8155 0.0000e+00  -60.61667  -54.62417 1153517156 202.893027    34.2076      86797         19  0.000e+00
     75.072    -0.6133   2.795907    -0.6123   2.796364    7.53326    -0.0104    13.8155 0.0000e+00  -60.61667  -54.62417 1153517156 202.893027    34.2083      86798         19  0.000e+00
     75.091    -0.6139   2.795851    -0.6134   2.796335    7.53342     0.0219    13.8155 0.0000e+00  -60.61667  -54.62417 1153517156 202.893028    34.2082      86799         19  0.000e+00
     75.072    -0.6145   2.795656    -0.6132   2.796329    7.53362    -0.0104    13.8155 0.0000e+00  -60.61667  -54.62417 1153517156 202.893028    34.2062      86800         19  0.000e+00
     75.024    -0.6159   2.795636    -0.6132   2.796312    7.53380     0.0327    13.8155 0.0000e+00  -60.61667  -54.62417 1153517156 202.893029    34.2076      86801         19  0.000e+00
     50.632    -0.7314   2.782780    -0.7347   2.782891    7.63767     0.0650    13.8155 0.0000e+00  -60.61667  -54.62417 1153517217 202.893732    34.1797      88259         20  0.000e+00
     50.918    -0.7312   2.782797    -0.7341   2.782897    7.63793     0.0757    13.8155 0.0000e+00  -60.61667  -54.62417 1153517217 202.893732    34.1795      88260         20  0.000e+00
     50.499    -0.7309   2.782767    -0.7352   2.782885    7.64215     0.0434    13.8155 0.0000e+00  -60.61667  -54.62417 1153517217 202.893733    34.1791      88261         20  0.000e+00
     50.709    -0.7308   2.782737    -0.7345   2.782879    7.63769     0.0434    13.8155 0.0000e+00  -60.61667  -54.62417 1153517217 202.893733    34.1784      88262         20  0.000e+00
     50.566    -0.7312   2.782718    -0.7347   2.782879    7.64230     0.0757    13.8155 0.0000e+00  -60.61667  -54.62417 1153517217 202.893734    34.1787      88263         20  0.000e+00
