product_data/regression_test/downloaded_data/MDGS/320620060703/ctd/p6615701.ros
* Sea-Bird SBE 9 Data File:
* FileName = D:\Data\Raw\p6615701.dat
* Software Version Seasave Win32 V 5.32
* Temperature SN = 1649
* Conductivity SN = 1431
* Number of Bytes Per Scan = 37
* Number of Voltage Words = 5
* Number of Scans Averaged by the Deck Unit = 1
* NMEA Latitude = 60 51.45 S
* NMEA Longitude = 056 03.54 W
* NMEA UTC (Time) = 01:08:55
** Ship:   Nathaniel B. Palmer 
** Cruise:    NBP0606 
# nquan = 17
# nvalues = 1156                    
# units = specified
# name 0 = prDM: Pressure, Digiquartz [db]
# name 1 = t090C: Temperature [ITS-90, deg C]
# name 2 = c0S/m: Conductivity [S/m]
# name 3 = t190C: Temperature, 2 [ITS-90, deg C]
# name 4 = c1S/m: Conductivity, 2 [S/m]
# name 5 = sbeox0ML/L: Oxygen, SBE 43 [ml/l]
# name 6 = flECO-AFL: Fluorescence, Wetlab ECO-AFL/FL [mg/m^3]
# name 7 = bat: Beam Attenuation, Chelsea/Seatech/Wetlab CStar [1/m]
# name 8 = spar: SPAR/Surface Irradiance
# name 9 = latitude: Latitude [deg]
# name 10 = longitude: Longitude [deg]
# name 11 = timeY: Time, System [seconds]
# name 12 = timeJ: Julian Days
# name 13 = sal00: Salinity [PSU]
# name 14 = scan: scan number
# name 15 = nbf: number of bottles fired
# name 16 = flag:  0.000e+00
# interval = seconds: 0.0416667                   
# start_time = Jul 19 2006 01:09:03
*END*
[from data line 341]
    450.419    -0.3767   2.853975    -0.3758   2.854433    6.28262    -0.1072    13.8155 0.0000e+00  -60.85750  -56.05900 1153273538 200.073381    34.4918      52731          7  0.000e+00
    450.486    -0.3772   2.854022    -0.3759   2.854427    6.28272    -0.0857    13.8155 0.0000e+00  -60.85750  -56.05900 1153273538 200.073381    34.4929      52732          7  0.000e+00
    401.083    -0.3993   2.849023    -0.3956   2.849707    6.30372    -0.0534    13.8155 0.0000e+00  -60.85750  -56.05900 1153273613 200.074245    34.4808      54524          8  0.000e+00
    401.083    -0.3988   2.849030    -0.3949   2.849894    6.30366    -0.0857    13.8155 0.0000e+00  -60.85750  -56.05900 1153273613 200.074246    34.4803      54525          8  0.000e+00
    401.160    -0.3985   2.849047    -0.3935   2.849988    6.30367    -0.0964    13.8155 0.0000e+00  -60.85750  -56.05900 1153273613 200.074246    34.4801      54526          8  0.000e+00
    401.083    -0.3990   2.849083    -0.3929   2.850069    6.29878    -0.1072    13.8155 0.0000e+00  -60.85750  -56.05900 1153273613 200.074247    34.4813      54527          8  0.000e+00
    401.160    -0.3974   2.849543    -0.3924   2.850093    6.30324    -0.1287    13.8155 0.0000e+00  -60.85750  -56.05900 1153273613 200.074247    34.4855      54528          8  0.000e+00
    401.227    -0.3914   2.850050    -0.3926   2.850075    6.29737    -0.0857    13.8155 0.0000e+00  -60.85750  -56.05900 1153273613 200.074248    34.4855      54529          8  0.000e+00
    401.227    -0.3889   2.850307    -0.3925   2.850046    6.29690    -0.0642    13.8155 0.0000e+00  -60.85750  -56.05900 1153273613 200.074248    34.4861      54530          8  0.000e+00
    401.227    -0.3871   2.850403    -0.3923   2.850040    6.29661    -0.1180    13.8155 0.0000e+00  -60.85750  -56.05900 1153273613 200.074249    34.4853      54531          8  0.000e+00
    401.294    -0.3854   2.850453    -0.3910   2.850181    6.29643    -0.1502    13.8155 0.0000e+00  -60.85750  -56.05900 1153273613 200.074249    34.4841      54532          8  0.000e+00
    401.227    -0.3851   2.850467    -0.3908   2.850227    6.29632    -0.1287    13.8155 0.0000e+00  -60.85750  -56.05900 1153273613 200.074250    34.4839      54533          8  0.000e+00
    401.371    -0.3847   2.850347    -0.3921   2.850145    6.29646    -0.0857    13.8155 0.0000e+00  -60.85750  -56.05900 1153273613 200.074250    34.4818      54534          8  0.000e+00
    401.371    -0.3866   2.850017    -0.3932   2.850058    6.29690    -0.0534    13.8155 0.0000e+00  -60.85750  -56.05900 1153273613 200.074251    34.4795      54535          8  0.000e+00
    401.294    -0.3895   2.849987    -0.3934   2.850058    6.29722    -0.0964    13.8155 0.0000e+00  -60.85750  -56.05900 1153273613 200.074251    34.4824      54536          8  0.000e+00
    401.438    -0.3891   2.850080    -0.3928   2.850046    6.29724    -0.1180    13.8155 0.0000e+00  -60.85750  -56.05900 1153273614 200.074252    34.4832      54537          8  0.000e+00
    401.438    -0.3891   2.849980    -0.3927   2.850075    6.30216    -0.0857    13.8155 0.0000e+00  -60.85750  -56.05900 1153273614 200.074252    34.4818      54538          8  0.000e+00
    401.438    -0.3893   2.849960    -0.3923   2.850052    6.30220    -0.0857    13.8155 0.0000e+00  -60.85750  -56.05900 1153273614 200.074253    34.4818      54539          8  0.000e+00
    401.505    -0.3885   2.850153    -0.3920   2.850075    6.29718    -0.1395    13.8155 0.0000e+00  -60.85750  -56.05900 1153273614 200.074253    34.4834      54540          8  0.000e+00
    401.505    -0.3867   2.850317    -0.3917   2.850093    6.29686    -0.1287    13.8155 0.0000e+00  -60.85750  -56.05900 1153273614 200.074253    34.4836      54541          8  0.000e+00
    401.505    -0.3858   2.850387    -0.3918   2.850110    6.30157    -0.0857    13.8155 0.0000e+00  -60.85750  -56.05900 1153273614 200.074254    34.4835      54542          8  0.000e+00
    401.582    -0.3856   2.850414    -0.3913   2.850157    6.30159    -0.0749    13.8155 0.0000e+00  -60.85750  -56.05900 1153273614 200.074254    34.4836      54543          8  0.000e+00
    401.582    -0.3854   2.850387    -0.3917   2.850140    6.30158    -0.0749    13.8155 0.0000e+00  -60.85750  -56.05900 1153273614 200.074255    34.4830      54544          8  0.000e+00
    401.582    -0.3852   2.850407    -0.3918   2.850099    6.30153    -0.0857    13.8155 0.0000e+00  -60.85750  -56.05900 1153273614 200.074255    34.4830      54545          8  0.000e+00
    401.649    -0.3854   2.850370    -0.3929   2.850011    6.30164    -0.1180    13.8155 0.0000e+00  -60.85750  -56.05900 1153273614 200.074256    34.4827      54546          8  0.000e+00
    401.649    -0.3856   2.850283    -0.3935   2.849947    6.30172    -0.1180    13.8155 0.0000e+00  -60.85750  -56.05900 1153273614 200.074256    34.4818      54547          8  0.000e+00
    401.726    -0.3863   2.850140    -0.3935   2.849952    6.30197    -0.0857    13.8155 0.0000e+00  -60.85750  -56.05900 1153273614 200.074257    34.4806      54548          8  0.000e+00
    401.726    -0.3875   2.850033    -0.3924   2.849993    6.30217    -0.0964    13.8155 0.0000e+00  -60.85750  -56.05900 1153273614 200.074257    34.4805      54549          8  0.000e+00
    401.726    -0.3891   2.849960    -0.3925   2.849993    6.30243    -0.1180    13.8155 0.0000e+00  -60.85750  -56.05900 1153273614 200.074258    34.4814      54550          8  0.000e+00
    401.793    -0.3899   2.849890    -0.3946   2.849847    6.30262    -0.1180    13.8155 0.0000e+00  -60.85750  -56.05900 1153273614 200.074258    34.4813      54551          8  0.000e+00
    401.726    -0.3901   2.849803    -0.3963   2.849695    6.29779    -0.0857    13.8155 0.0000e+00  -60.85750  -56.05900 1153273614 200.074259    34.4804      54552          8  0.000e+00
    401.793    -0.3911   2.849783    -0.3972   2.849560    6.30285    -0.1610    13.8155 0.0000e+00  -60.85750  -56.05900 1153273614 200.074259    34.4813      54553          8  0.000e+00
    401.860    -0.3915   2.849800    -0.3981   2.849508    6.30295    -0.1395    13.8155 0.0000e+00  -60.85750  -56.05900 1153273614 200.074260    34.4819      54554          8  0.000e+00
    401.822    -0.3919   2.849617    -0.3980   2.849519    6.30307    -0.0857    13.8155 0.0000e+00  -60.85750  -56.05900 1153273614 200.074260    34.4799      54555          8  0.000e+00
    401.860    -0.3940   2.849383    -0.3986   2.849484    6.30351    -0.0642    13.8155 0.0000e+00  -60.85750  -56.05900 1153273614 200.074261    34.4791      54556          8  0.000e+00
    401.860    -0.3959   2.849257    -0.3995   2.849414    6.30383    -0.0642    13.8155 0.0000e+00  -60.85750  -56.05900 1153273614 200.074261    34.4796      54557          8  0.000e+00
    401.860    -0.3965   2.849253    -0.4001   2.849350    6.30391    -0.0534    13.8155 0.0000e+00  -60.85750  -56.05900 1153273614 200.074262    34.4802      54558          8  0.000e+00
    401.937    -0.3973   2.849170    -0.4006   2.849320    6.30412    -0.0211    13.8155 0.0000e+00  -60.85750  -56.05900 1153273614 200.074262    34.4799      54559          8  0.000e+00
    401.937    -0.3987   2.849090    -0.4009   2.849250    6.30435    -0.0426    13.8155 0.0000e+00  -60.85750  -56.05900 1153273614 200.074263    34.4805      54560          8  0.000e+00
    401.937    -0.3996   2.849057    -0.4008   2.849268    6.30448    -0.0964    13.8155 0.0000e+00  -60.85750  -56.05900 1153273615 200.074263    34.4810      54561          8  0.000e+00
    401.937    -0.3992   2.849054    -0.4011   2.849262    6.30443    -0.0642    13.8155 0.0000e+00  -60.85750  -56.05900 1153273615 200.074264    34.4805      54562          8  0.000e+00
    401.937    -0.3991   2.849054    -0.4004   2.849297    6.30443    -0.0749    13.8155 0.0000e+00  -60.85750  -56.05900 1153273615 200.074264    34.4805      54563          8  0.000e+00
    401.937    -0.3995   2.849054    -0.3997   2.849391    6.30447    -0.0642    13.8155 0.0000e+00  -60.85750  -56.05900 1153273615 200.074265    34.4809      54564          8  0.000e+00
    402.004    -0.4001   2.849087    -0.3986   2.849438    6.30459    -0.0534    13.8155 0.0000e+00  -60.85750  -56.05900 1153273615 200.074265    34.4819      54565          8  0.000e+00
    401.937    -0.3999   2.849030    -0.3969   2.849590    6.30454    -0.0749    13.8155 0.0000e+00  -60.85750  -56.05900 1153273615 200.074266    34.4811      54566          8  0.000e+00
    401.937    -0.3998   2.848937    -0.3956   2.849759    6.30458    -0.0534    13.8155 0.0000e+00  -60.85750  -56.05900 1153273615 200.074266    34.4796      54567          8  0.000e+00
    402.004    -0.3999   2.848967    -0.3949   2.849818    6.30464    -0.0749    13.8155 0.0000e+00  -60.85750  -56.05900 1153273615 200.074266    34.4802      54568          8  0.000e+00
    401.937    -0.4002   2.849037    -0.3952   2.849824    6.30944    -0.0749    13.8155 0.0000e+00  -60.85750  -56.05900 1153273615 200.074267    34.4815      54569          8  0.000e+00
    402.004    -0.3998   2.849104    -0.3955   2.849806    6.30454    -0.0426    13.8155 0.0000e+00  -60.85750  -56.05900 1153273615 200.074267    34.4818      54570          8  0.000e+00
    401.937    -0.3984   2.849190    -0.3955   2.849777    6.30911    -0.0211    13.8155 0.0000e+00  -60.85750  -56.05900 1153273615 200.074268    34.4814      54571          8  0.000e+00
    401.937    -0.3975   2.849264    -0.3951   2.849789    6.30896    -0.0642    13.8155 0.0000e+00  -60.85750  -56.05900 1153273615 200.074268    34.4814      54572          8  0.000e+00
    350.641    -0.4507   2.841537    -0.4501   2.841982    6.38175    -0.1180    13.8155 0.0000e+00  -60.85750  -56.05900 1153273681 200.075037    34.4692      56166          9  0.000e+00
    350.564    -0.4508   2.841564    -0.4497   2.841994    6.38169    -0.0964    13.8155 0.0000e+00  -60.85750  -56.05900 1153273681 200.075038    34.4698      56167          9  0.000e+00
    350.574    -0.4505   2.841614    -0.4500   2.842000    6.38163    -0.0534    13.8155 0.0000e+00  -60.85750  -56.05900 1153273681 200.075038    34.4701      56168          9  0.000e+00
    350.574    -0.4504   2.841587    -0.4498   2.842023    6.38163    -0.0534    13.8155 0.0000e+00  -60.85750  -56.05900 1153273682 200.075039    34.4695      56169          9  0.000e+00
    350.574    -0.4505   2.841577    -0.4497   2.842035    6.37682    -0.0426    13.8155 0.0000e+00  -60.85750  -56.05900 1153273682 200.075039    34.4696      56170          9  0.000e+00
    350.574    -0.4505   2.841597    -0.4498   2.842029    6.37680    -0.0534    13.8155 0.0000e+00  -60.85750  -56.05900 1153273682 200.075040    34.4698      56171          9  0.000e+00
    350.574    -0.4502   2.841617    -0.4498   2.842012    6.38159    -0.0749    13.8155 0.0000e+00  -60.85750  -56.05900 1153273682 200.075040    34.4698      56172          9  0.000e+00
    350.574    -0.4504   2.841674    -0.4501   2.842006    6.37674    -0.0749    13.8155 0.0000e+00  -60.85750  -56.05900 1153273682 200.075041    34.4707      56173          9  0.000e+00
    350.564    -0.4498   2.841674    -0.4494   2.842041    6.37665    -0.0857    13.8155 0.0000e+00  -60.85750  -56.05900 1153273682 200.075041    34.4700      56174          9  0.000e+00
    350.574    -0.4501   2.841634    -0.4495   2.842041    6.37672    -0.0749    13.8155 0.0000e+00  -60.85750  -56.05900 1153273682 200.075041    34.4698      56175          9  0.000e+00
    350.574    -0.4498   2.841640    -0.4492   2.842052    6.37668    -0.0211    13.8155 0.0000e+00  -60.85750  -56.05900 1153273682 200.075042    34.4695      56176          9  0.000e+00
    350.497    -0.4499   2.841664    -0.4494   2.842058    6.37662    -0.0426    13.8155 0.0000e+00  -60.85750  -56.05900 1153273682 200.075042    34.4701      56177          9  0.000e+00
    350.574    -0.4498   2.841670    -0.4494   2.842058    6.37666    -0.0642    13.8155 0.0000e+00  -60.85750  -56.05900 1153273682 200.075043    34.4700      56178          9  0.000e+00
    350.574    -0.4498   2.841650    -0.4492   2.842076    6.37667    -0.0857    13.8155 0.0000e+00  -60.85750  -56.05900 1153273682 200.075043    34.4697      56179          9  0.000e+00
    350.574    -0.4498   2.841664    -0.4495   2.842047    6.38150    -0.1072    13.8155 0.0000e+00  -60.85750  -56.05900 1153273682 200.075044    34.4699      56180          9  0.000e+00
    350.488    -0.4502   2.841670    -0.4494   2.842029    6.37664    -0.1072    13.8155 0.0000e+00  -60.85750  -56.05900 1153273682 200.075044    34.4705      56181          9  0.000e+00
    350.574    -0.4499   2.841684    -0.4495   2.842029    6.38151    -0.0857    13.8155 0.0000e+00  -60.85750  -56.05900 1153273682 200.075045    34.4703      56182          9  0.000e+00
    350.574    -0.4494   2.841674    -0.4495   2.842012    6.37662    -0.0857    13.8155 0.0000e+00  -60.85750  -56.05900 1153273682 200.075045    34.4696      56183          9  0.000e+00
    350.574    -0.4493   2.841650    -0.4497   2.842006    6.37661    -0.0857    13.8155 0.0000e+00  -60.85750  -56.05900 1153273682 200.075046    34.4692      56184          9  0.000e+00
    350.498    -0.4496   2.841610    -0.4495   2.842023    6.37661    -0.1072    13.8155 0.0000e+00  -60.85750  -56.05900 1153273682 200.075046    34.4690      56185          9  0.000e+00
    350.574    -0.4505   2.841601    -0.4497   2.842029    6.37680    -0.0964    13.8155 0.0000e+00  -60.85750  -56.05900 1153273682 200.075047    34.4699      56186          9  0.000e+00
    350.574    -0.4499   2.841601    -0.4497   2.842012    6.37672    -0.0964    13.8155 0.0000e+00  -60.85750  -56.05900 1153273682 200.075047    34.4692      56187          9  0.000e+00
    350.565    -0.4504   2.841601    -0.4500   2.842000    6.37677    -0.1072    13.8155 0.0000e+00  -60.85750  -56.05900 1153273682 200.075048    34.4697      56188          9  0.000e+00
    350.498    -0.4501   2.841650    -0.4500   2.842000    6.37665    -0.0964    13.8155 0.0000e+00  -60.85750  -56.05900 1153273682 200.075048    34.4701      56189          9  0.000e+00
    350.574    -0.4496   2.841670    -0.4503   2.842006    6.38148    -0.1287    13.8155 0.0000e+00  -60.85750  -56.05900 1153273682 200.075049    34.4698      56190          9  0.000e+00
    350.574    -0.4498   2.841670    -0.4495   2.842041    6.37666    -0.1072    13.8155 0.0000e+00  -60.85750  -56.05900 1153273682 200.075049    34.4700      56191          9  0.000e+00
    350.574    -0.4496   2.841684    -0.4492   2.842076    6.37663    -0.0857    13.8155 0.0000e+00  -60.85750  -56.05900 1153273682 200.075050    34.4700      56192          9  0.000e+00
    350.574    -0.4494   2.841710    -0.4484   2.842082    6.37660    -0.0749    13.8155 0.0000e+00  -60.85750  -56.05900 1153273683 200.075050    34.4701      56193          9  0.000e+00
    350.498    -0.4494   2.841680    -0.4487   2.842088    6.37655    -0.0857    13.8155 0.0000e+00  -60.85750  -56.05900 1153273683 200.075051    34.4698      56194          9  0.000e+00
    350.632    -0.4498   2.841650    -0.4487   2.842123    6.37672    -0.0749    13.8155 0.0000e+00  -60.85750  -56.05900 1153273683 200.075051    34.4696      56195          9  0.000e+00
    350.498    -0.4494   2.841697    -0.4487   2.842099    6.37654    -0.0857    13.8155 0.0000e+00  -60.85750  -56.05900 1153273683 200.075052    34.4700      56196          9  0.000e+00
    350.641    -0.4491   2.841697    -0.4487   2.842123    6.37662    -0.1072    13.8155 0.0000e+00  -60.85750  -56.05900 1153273683 200.075052    34.4696      56197          9  0.000e+00
    350.498    -0.4488   2.841760    -0.4487   2.842099    6.37642    -0.0749    13.8155 0.0000e+00  -60.85750  -56.05900 1153273683 200.075053    34.4702      56198          9  0.000e+00
