product_data/regression_test/downloaded_data/MDGS/320620060703/ctd/p6619605.ros
* Sea-Bird SBE 9 Data File:
* FileName = D:\Data\Raw\p6619605.dat
* Software Version Seasave Win32 V 5.32
* Temperature SN = 1649
* Conductivity SN = 1431
* Number of Bytes Per Scan = 37
* Number of Voltage Words = 5
* Number of Scans Averaged by the Deck Unit = 1
* NMEA Latitude = 60 45.36 S
* NMEA Longitude = 057 33.03 W
* NMEA UTC (Time) = 03:23:55
** Ship:   Nathaniel B. Palmer 
** Cruise:    NBP0606 
# nquan = 17
# nvalues = 1176                    
# units = specified
# name 0 = prDM: Pressure, Digiquartz [db]
# name 1 = t090C: Temperature [ITS-90, deg C]
# name 2 = c0S/m: Conductivity [S/m]
# name 3 = t190C: Temperature, 2 [ITS-90, deg C]
# name 4 = c1S/m: Conductivity, 2 [S/m]
# name 5 = sbeox0ML/L: Oxygen, SBE 43 [ml/l]
# name 6 = flECO-AFL: Fluorescence, Wetlab ECO-AFL/FL [mg/m^3]
# name 7 = bat: Beam Attenuation, Chelsea/Seatech/Wetlab CStar [1/m]
# name 8 = spar: SPAR/Surface Irradiance
# name 9 = latitude: Latitude [deg]
# name 10 = longitude: Longitude [deg]
# name 11 = timeY: Time, System [seconds]
# name 12 = timeJ: Julian Days
# name 13 = sal00: Salinity [PSU]
# name 14 = scan: scan number
# name 15 = nbf: number of bottles fired
# name 16 = flag:  0.000e+00
# interval = seconds: 0.0416667                   
# start_time = Jul 25 2006 03:24:03
*END*
[from data line 1022]
     20.055    -0.9617   2.738863    -0.9601   2.739405    8.05285     0.0650    13.8155 0.0000e+00  -60.75600  -57.55050 1153805690 206.232550    33.8625     188385         21  0.000e+00
     20.036    -0.9619   2.738889    -0.9600   2.739439    8.05283     0.0650    13.8155 0.0000e+00  -60.75600  -57.55050 1153805690 206.232551    33.8630     188386         21  0.000e+00
     20.055    -0.9617   2.738892    -0.9590   2.739474    8.05282     0.0865    13.8155 0.0000e+00  -60.75600  -57.55050 1153805690 206.232551    33.8628     188387         21  0.000e+00
     20.112    -0.9616   2.738931    -0.9593   2.739520    8.05283     0.1188    13.8155 0.0000e+00  -60.75600  -57.55050 1153805690 206.232552    33.8632     188388         21  0.000e+00
     20.055    -0.9611   2.738912    -0.9589   2.739514    8.05271     0.0757    13.8155 0.0000e+00  -60.75600  -57.55050 1153805690 206.232552    33.8624     188389         21  0.000e+00
     20.112    -0.9612   2.738941    -0.9587   2.739509    8.05277     0.0865    13.8155 0.0000e+00  -60.75600  -57.55050 1153805690 206.232553    33.8629     188390         21  0.000e+00
     20.055    -0.9602   2.739030    -0.9592   2.739509    8.05247     0.0972    13.8155 0.0000e+00  -60.75600  -57.55050 1153805690 206.232553    33.8630     188391         21  0.000e+00
     15.566    -0.9694   2.738056    -0.9687   2.738492    8.04966     0.0327    13.8155 0.0000e+00  -60.75600  -57.55050 1153805717 206.232857    33.8629     189021         22  0.000e+00
     15.242    -0.9690   2.738059    -0.9685   2.738486    8.05393     0.0112    13.8155 0.0000e+00  -60.75600  -57.55050 1153805717 206.232857    33.8627     189022         22  0.000e+00
     15.499    -0.9684   2.738160    -0.9696   2.738440    8.04934     0.0219    13.8155 0.0000e+00  -60.75600  -57.55050 1153805717 206.232858    33.8632     189023         22  0.000e+00
     15.375    -0.9676   2.738196    -0.9696   2.738411    8.05375     0.0327    13.8155 0.0000e+00  -60.75600  -57.55050 1153805717 206.232858    33.8629     189024         22  0.000e+00
     15.499    -0.9666   2.738255    -0.9678   2.738567    8.05369     0.0650    13.8155 0.0000e+00  -60.75600  -57.55050 1153805717 206.232859    33.8625     189025         22  0.000e+00
     15.451    -0.9665   2.738282    -0.9661   2.738734    8.04889     0.0434    13.8155 0.0000e+00  -60.75600  -57.55050 1153805717 206.232859    33.8628     189026         22  0.000e+00
     15.499    -0.9664   2.738285    -0.9653   2.738809    8.04892     0.0972    13.8155 0.0000e+00  -60.75600  -57.55050 1153805717 206.232860    33.8627     189027         22  0.000e+00
     15.423    -0.9660   2.738350    -0.9641   2.738936    8.04874     0.1295    13.8155 0.0000e+00  -60.75600  -57.55050 1153805717 206.232860    33.8632     189028         22  0.000e+00
     15.518    -0.9646   2.738472    -0.9607   2.739156    8.04852     0.1403    13.8155 0.0000e+00  -60.75600  -57.55050 1153805717 206.232861    33.8632     189029         22  0.000e+00
     15.423    -0.9636   2.738563    -0.9590   2.739294    8.04818     0.1080    13.8155 0.0000e+00  -60.75600  -57.55050 1153805717 206.232861    33.8634     189030         22  0.000e+00
     15.518    -0.9631   2.738524    -0.9609   2.739184    8.04824     0.0972    13.8155 0.0000e+00  -60.75600  -57.55050 1153805717 206.232862    33.8622     189031         22  0.000e+00
     15.499    -0.9634   2.738537    -0.9612   2.739121    8.04826     0.0650    13.8155 0.0000e+00  -60.75600  -57.55050 1153805717 206.232862    33.8628     189032         22  0.000e+00
     15.518    -0.9617   2.738763    -0.9592   2.739271    8.04783     0.0650    13.8155 0.0000e+00  -60.75600  -57.55050 1153805717 206.232863    33.8639     189033         22  0.000e+00
     15.499    -0.9596   2.738960    -0.9572   2.739398    8.04732     0.0972    13.8155 0.0000e+00  -60.75600  -57.55050 1153805717 206.232863    33.8642     189034         22  0.000e+00
     15.518    -0.9588   2.739058    -0.9561   2.739484    8.04714     0.1188    13.8155 0.0000e+00  -60.75600  -57.55050 1153805717 206.232864    33.8646     189035         22  0.000e+00
     15.499    -0.9572   2.739078    -0.9558   2.739542    8.04685     0.1188    13.8155 0.0000e+00  -60.75600  -57.55050 1153805717 206.232864    33.8632     189036         22  0.000e+00
     15.518    -0.9565   2.739084    -0.9560   2.739542    8.04675     0.1403    13.8155 0.0000e+00  -60.75600  -57.55050 1153805717 206.232865    33.8624     189037         22  0.000e+00
     15.566    -0.9562   2.739114    -0.9554   2.739571    8.04673     0.0972    13.8155 0.0000e+00  -60.75600  -57.55050 1153805717 206.232865    33.8624     189038         22  0.000e+00
     15.518    -0.9560   2.739104    -0.9552   2.739565    8.04666     0.0972    13.8155 0.0000e+00  -60.75600  -57.55050 1153805717 206.232866    33.8621     189039         22  0.000e+00
     15.566    -0.9566   2.739081    -0.9549   2.739611    8.04683     0.0757    13.8155 0.0000e+00  -60.75600  -57.55050 1153805717 206.232866    33.8625     189040         22  0.000e+00
     15.566    -0.9572   2.739068    -0.9550   2.739617    8.04693     0.0865    13.8155 0.0000e+00  -60.75600  -57.55050 1153805717 206.232867    33.8630     189041         22  0.000e+00
     15.518    -0.9569   2.739058    -0.9544   2.739611    8.04684     0.0219    13.8155 0.0000e+00  -60.75600  -57.55050 1153805717 206.232867    33.8625     189042         22  0.000e+00
     15.566    -0.9568   2.739071    -0.9543   2.739629    8.04686     0.0004    13.8155 0.0000e+00  -60.75600  -57.55050 1153805717 206.232867    33.8625     189043         22  0.000e+00
     15.585    -0.9569   2.739028    -0.9546   2.739657    8.04694     0.0434    13.8155 0.0000e+00  -60.75600  -57.55050 1153805718 206.232868    33.8621     189044         22  0.000e+00
     15.566    -0.9569   2.739068    -0.9543   2.739623    8.04689     0.0650    13.8155 0.0000e+00  -60.75600  -57.55050 1153805718 206.232868    33.8627     189045         22  0.000e+00
     15.585    -0.9566   2.739061    -0.9537   2.739709    8.04686     0.0865    13.8155 0.0000e+00  -60.75600  -57.55050 1153805718 206.232869    33.8622     189046         22  0.000e+00
     15.566    -0.9568   2.739071    -0.9541   2.739704    8.04686     0.0650    13.8155 0.0000e+00  -60.75600  -57.55050 1153805718 206.232869    33.8625     189047         22  0.000e+00
     15.585    -0.9565   2.739094    -0.9544   2.739669    8.04682     0.0757    13.8155 0.0000e+00  -60.75600  -57.55050 1153805718 206.232870    33.8625     189048         22  0.000e+00
     15.633    -0.9565   2.739091    -0.9546   2.739623    8.04687     0.1188    13.8155 0.0000e+00  -60.75600  -57.55050 1153805718 206.232870    33.8624     189049         22  0.000e+00
     15.585    -0.9566   2.739097    -0.9547   2.739611    8.04684     0.1080    13.8155 0.0000e+00  -60.75600  -57.55050 1153805718 206.232871    33.8627     189050         22  0.000e+00
     15.566    -0.9562   2.739117    -0.9547   2.739629    8.04673     0.1080    13.8155 0.0000e+00  -60.75600  -57.55050 1153805718 206.232871    33.8624     189051         22  0.000e+00
     15.566    -0.9560   2.739130    -0.9546   2.739698    8.04669     0.0972    13.8155 0.0000e+00  -60.75600  -57.55050 1153805718 206.232872    33.8625     189052         22  0.000e+00
     15.662    -0.9563   2.739156    -0.9540   2.739698    8.04683     0.1618    13.8155 0.0000e+00  -60.75600  -57.55050 1153805718 206.232872    33.8631     189053         22  0.000e+00
     15.566    -0.9558   2.739146    -0.9537   2.739692    8.04665     0.1188    13.8155 0.0000e+00  -60.75600  -57.55050 1153805718 206.232873    33.8625     189054         22  0.000e+00
     15.662    -0.9557   2.739143    -0.9546   2.739669    8.04674     0.0327    13.8155 0.0000e+00  -60.75600  -57.55050 1153805718 206.232873    33.8622     189055         22  0.000e+00
     15.566    -0.9558   2.739166    -0.9544   2.739646    8.04664     0.0542    13.8155 0.0000e+00  -60.75600  -57.55050 1153805718 206.232874    33.8628     189056         22  0.000e+00
     15.662    -0.9551   2.739166    -0.9544   2.739640    8.04662     0.0650    13.8155 0.0000e+00  -60.75600  -57.55050 1153805718 206.232874    33.8618     189057         22  0.000e+00
     15.633    -0.9558   2.739166    -0.9555   2.739617    8.04671     0.0542    13.8155 0.0000e+00  -60.75600  -57.55050 1153805718 206.232875    33.8627     189058         22  0.000e+00
     15.585    -0.9557   2.739146    -0.9572   2.739490    8.04665     0.0434    13.8155 0.0000e+00  -60.75600  -57.55050 1153805718 206.232875    33.8623     189059         22  0.000e+00
     15.633    -0.9554   2.739133    -0.9581   2.739352    8.04666     0.0865    13.8155 0.0000e+00  -60.75600  -57.55050 1153805718 206.232876    33.8617     189060         22  0.000e+00
     15.662    -0.9557   2.739124    -0.9578   2.739340    8.04675     0.0972    13.8155 0.0000e+00  -60.75600  -57.55050 1153805718 206.232876    33.8620     189061         22  0.000e+00
     15.633    -0.9563   2.739087    -0.9574   2.739409    8.04685     0.0865    13.8155 0.0000e+00  -60.75600  -57.55050 1153805718 206.232877    33.8622     189062         22  0.000e+00
     15.585    -0.9569   2.739002    -0.9567   2.739507    8.04696     0.0650    13.8155 0.0000e+00  -60.75600  -57.55050 1153805718 206.232877    33.8617     189063         22  0.000e+00
     15.633    -0.9580   2.738937    -0.9563   2.739536    8.04723     0.0434    13.8155 0.0000e+00  -60.75600  -57.55050 1153805718 206.232878    33.8620     189064         22  0.000e+00
     15.633    -0.9582   2.738940    -0.9559   2.739536    8.04726     0.0650    13.8155 0.0000e+00  -60.75600  -57.55050 1153805718 206.232878    33.8623     189065         22  0.000e+00
     15.662    -0.9581   2.738927    -0.9561   2.739531    8.04730     0.1403    13.8155 0.0000e+00  -60.75600  -57.55050 1153805718 206.232879    33.8620     189066         22  0.000e+00
     15.633    -0.9583   2.738947    -0.9560   2.739513    8.04728     0.1188    13.8155 0.0000e+00  -60.75600  -57.55050 1153805719 206.232879    33.8625     189067         22  0.000e+00
     15.662    -0.9580   2.738897    -0.9564   2.739507    8.04730     0.0865    13.8155 0.0000e+00  -60.75600  -57.55050 1153805719 206.232880    33.8615     189068         22  0.000e+00
     15.633    -0.9586   2.738861    -0.9567   2.739507    8.04739     0.0650    13.8155 0.0000e+00  -60.75600  -57.55050 1153805719 206.232880    33.8617     189069         22  0.000e+00
      9.905    -0.9675   2.737956    -0.9667   2.738347    8.05247     0.1295    13.8155 0.0000e+00  -60.75600  -57.55050 1153805743 206.233166    33.8629     189663         23  0.000e+00
      9.971    -0.9675   2.737953    -0.9667   2.738393    8.05255     0.1080    13.8155 0.0000e+00  -60.75600  -57.55050 1153805743 206.233167    33.8628     189664         23  0.000e+00
      9.857    -0.9673   2.737946    -0.9666   2.738410    8.05239     0.1080    13.8155 0.0000e+00  -60.75600  -57.55050 1153805743 206.233167    33.8626     189665         23  0.000e+00
      9.971    -0.9675   2.737982    -0.9664   2.738427    8.05253     0.0865    13.8155 0.0000e+00  -60.75600  -57.55050 1153805743 206.233168    33.8632     189666         23  0.000e+00
      9.828    -0.9673   2.737995    -0.9667   2.738433    8.05233     0.0865    13.8155 0.0000e+00  -60.75600  -57.55050 1153805744 206.233168    33.8633     189667         23  0.000e+00
      9.933    -0.9671   2.737962    -0.9667   2.738416    8.05245     0.1080    13.8155 0.0000e+00  -60.75600  -57.55050 1153805744 206.233169    33.8626     189668         23  0.000e+00
      9.905    -0.9675   2.737969    -0.9667   2.738422    8.05248     0.0865    13.8155 0.0000e+00  -60.75600  -57.55050 1153805744 206.233169    33.8632     189669         23  0.000e+00
      9.857    -0.9675   2.737966    -0.9665   2.738410    8.05241     0.0434    13.8155 0.0000e+00  -60.75600  -57.55050 1153805744 206.233170    33.8631     189670         23  0.000e+00
      9.905    -0.9670   2.738005    -0.9661   2.738427    8.05236     0.0757    13.8155 0.0000e+00  -60.75600  -57.55050 1153805744 206.233170    33.8630     189671         23  0.000e+00
      9.829    -0.9671   2.737985    -0.9659   2.738450    8.05231     0.0650    13.8155 0.0000e+00  -60.75600  -57.55050 1153805744 206.233171    33.8630     189672         23  0.000e+00
      9.857    -0.9669   2.737989    -0.9661   2.738462    8.05231     0.0757    13.8155 0.0000e+00  -60.75600  -57.55050 1153805744 206.233171    33.8628     189673         23  0.000e+00
      9.829    -0.9676   2.737946    -0.9659   2.738433    8.05242     0.0865    13.8155 0.0000e+00  -60.75600  -57.55050 1153805744 206.233172    33.8630     189674         23  0.000e+00
      9.829    -0.9671   2.737989    -0.9664   2.738450    8.05231     0.0757    13.8155 0.0000e+00  -60.75600  -57.55050 1153805744 206.233172    33.8630     189675         23  0.000e+00
      9.857    -0.9670   2.738015    -0.9658   2.738479    8.05230     0.0542    13.8155 0.0000e+00  -60.75600  -57.55050 1153805744 206.233173    33.8632     189676         23  0.000e+00
      9.829    -0.9668   2.738034    -0.9655   2.738485    8.04752     0.0650    13.8155 0.0000e+00  -60.75600  -57.55050 1153805744 206.233173    33.8633     189677         23  0.000e+00
      9.905    -0.9665   2.738054    -0.9656   2.738485    8.04755     0.0757    13.8155 0.0000e+00  -60.75600  -57.55050 1153805744 206.233174    33.8632     189678         23  0.000e+00
      9.791    -0.9665   2.738021    -0.9656   2.738479    8.04744     0.0865    13.8155 0.0000e+00  -60.75600  -57.55050 1153805744 206.233174    33.8628     189679         23  0.000e+00
      9.829    -0.9664   2.738031    -0.9658   2.738479    8.05215     0.0972    13.8155 0.0000e+00  -60.75600  -57.55050 1153805744 206.233175    33.8627     189680         23  0.000e+00
      9.857    -0.9665   2.737992    -0.9653   2.738485    8.05224     0.2156    13.8155 0.0000e+00  -60.75600  -57.55050 1153805744 206.233175    33.8623     189681         23  0.000e+00
      9.905    -0.9670   2.737975    -0.9655   2.738485    8.05238     0.2048    13.8155 0.0000e+00  -60.75600  -57.55050 1153805744 206.233176    33.8626     189682         23  0.000e+00
      9.829    -0.9668   2.738038    -0.9655   2.738502    8.05222     0.1188    13.8155 0.0000e+00  -60.75600  -57.55050 1153805744 206.233176    33.8633     189683         23  0.000e+00
      9.857    -0.9667   2.738038    -0.9653   2.738473    8.05223     0.0757    13.8155 0.0000e+00  -60.75600  -57.55050 1153805744 206.233177    33.8632     189684         23  0.000e+00
      9.829    -0.9668   2.738038    -0.9653   2.738491    8.05222     0.1510    13.8155 0.0000e+00  -60.75600  -57.55050 1153805744 206.233177    33.8633     189685         23  0.000e+00
      9.905    -0.9659   2.738021    -0.9659   2.738468    8.04747     0.1618    13.8155 0.0000e+00  -60.75600  -57.55050 1153805744 206.233178    33.8620     189686         23  0.000e+00
      9.857    -0.9665   2.738034    -0.9655   2.738479    8.04751     0.1295    13.8155 0.0000e+00  -60.75600  -57.55050 1153805744 206.233178    33.8629     189687         23  0.000e+00
      9.829    -0.9667   2.738067    -0.9653   2.738502    8.04748     0.0757    13.8155 0.0000e+00  -60.75600  -57.55050 1153805744 206.233179    33.8636     189688         23  0.000e+00
      9.829    -0.9663   2.738064    -0.9650   2.738514    8.04743     0.0972    13.8155 0.0000e+00  -60.75600  -57.55050 1153805744 206.233179    33.8631     189689         23  0.000e+00
      9.857    -0.9662   2.738044    -0.9656   2.738502    8.04746     0.1080    13.8155 0.0000e+00  -60.75600  -57.55050 1153805744 206.233179    33.8627     189690         23  0.000e+00
