product_data/regression_test/downloaded_data/MDGS/320620060703/ctd/p6619901.ros
* Sea-Bird SBE 9 Data File:
* FileName = D:\Data\Raw\p6619901.dat
* Software Version Seasave Win32 V 5.32
* Temperature SN = 1649
* Conductivity SN = 1431
* Number of Bytes Per Scan = 37
* Number of Voltage Words = 5
* Number of Scans Averaged by the Deck Unit = 1
* NMEA Latitude = 62 59.55 S
* NMEA Longitude = 062 15.19 W
* NMEA UTC (Time) = 06:52:39
** Ship:   Nathaniel B. Palmer 
** Cruise:    NBP0606 
# nquan = 17
# nvalues = 1176                    
# units = specified
# name 0 = prDM: Pressure, Digiquartz [db]
# name 1 = t090C: Temperature [ITS-90, deg C]
# name 2 = c0S/m: Conductivity [S/m]
# name 3 = t190C: Temperature, 2 [ITS-90, deg C]
# name 4 = c1S/m: Conductivity, 2 [S/m]
# name 5 = sbeox0ML/L: Oxygen, SBE 43 [ml/l]
# name 6 = flECO-AFL: Fluorescence, Wetlab ECO-AFL/FL [mg/m^3]
# name 7 = bat: Beam Attenuation, Chelsea/Seatech/Wetlab CStar [1/m]
# name 8 = spar: SPAR/Surface Irradiance
# name 9 = latitude: Latitude [deg]
# name 10 = longitude: Longitude [deg]
# name 11 = timeY: Time, System [seconds]
# name 12 = timeJ: Julian Days
# name 13 = sal00: Salinity [PSU]
# name 14 = scan: scan number
# name 15 = nbf: number of bottles fired
# name 16 = flag:  0.000e+00
# interval = seconds: 0.0416667                   
# start_time = Jul 27 2006 06:52:46
*END*
[from data line 511]
     75.240    -0.7555   2.781870    -0.7551   2.782225    7.50355    -0.0784    13.8155 0.0000e+00  -62.99250  -62.25317 1153985590 208.314713    34.1794      58206         11  0.000e+00
     75.259    -0.7559   2.781883    -0.7554   2.782225    7.50363    -0.0784    13.8155 0.0000e+00  -62.99250  -62.25317 1153985590 208.314714    34.1800      58207         11  0.000e+00
     75.240    -0.7550   2.781857    -0.7554   2.782242    7.50819    -0.0123    13.8155 0.0000e+00  -62.99250  -62.25317 1153985590 208.314714    34.1786      58208         11  0.000e+00
     75.259    -0.7556   2.781876    -0.7559   2.782230    7.50358     0.0318    13.8155 0.0000e+00  -62.99250  -62.25317 1153985590 208.314715    34.1796      58209         11  0.000e+00
     75.240    -0.7553   2.781903    -0.7556   2.782225    7.50350    -0.0123    13.8155 0.0000e+00  -62.99250  -62.25317 1153985590 208.314715    34.1796      58210         11  0.000e+00
     75.259    -0.7556   2.781880    -0.7551   2.782242    7.50358    -0.0564    13.8155 0.0000e+00  -62.99250  -62.25317 1153985590 208.314715    34.1796      58211         11  0.000e+00
     75.240    -0.7555   2.781883    -0.7556   2.782230    7.50354     0.0648    13.8155 0.0000e+00  -62.99250  -62.25317 1153985590 208.314716    34.1795      58212         11  0.000e+00
     75.259    -0.7555   2.781850    -0.7556   2.782242    7.50358     0.0758    13.8155 0.0000e+00  -62.99250  -62.25317 1153985590 208.314716    34.1791      58213         11  0.000e+00
     75.240    -0.7555   2.781830    -0.7557   2.782230    7.50828     0.0758    13.8155 0.0000e+00  -62.99250  -62.25317 1153985590 208.314717    34.1788      58214         11  0.000e+00
     75.260    -0.7549   2.781837    -0.7553   2.782225    7.50350    -0.0674    13.8155 0.0000e+00  -62.99250  -62.25317 1153985590 208.314717    34.1782      58215         11  0.000e+00
     75.240    -0.7552   2.781847    -0.7556   2.782225    7.50351    -0.1004    13.8155 0.0000e+00  -62.99250  -62.25317 1153985590 208.314718    34.1787      58216         11  0.000e+00
     75.260    -0.7555   2.781860    -0.7553   2.782225    7.50828    -0.0123    13.8155 0.0000e+00  -62.99250  -62.25317 1153985590 208.314718    34.1792      58217         11  0.000e+00
     75.240    -0.7555   2.781843    -0.7554   2.782242    7.50356     0.0097    13.8155 0.0000e+00  -62.99250  -62.25317 1153985590 208.314719    34.1790      58218         11  0.000e+00
     75.260    -0.7553   2.781830    -0.7559   2.782230    7.50828    -0.0233    13.8155 0.0000e+00  -62.99250  -62.25317 1153985590 208.314719    34.1786      58219         11  0.000e+00
     75.241    -0.7552   2.781837    -0.7557   2.782225    7.50352    -0.0343    13.8155 0.0000e+00  -62.99250  -62.25317 1153985590 208.314720    34.1785      58220         11  0.000e+00
     75.260    -0.7559   2.781847    -0.7559   2.782201    7.50365    -0.0343    13.8155 0.0000e+00  -62.99250  -62.25317 1153985591 208.314720    34.1795      58221         11  0.000e+00
     75.193    -0.7555   2.781827    -0.7559   2.782207    7.50824    -0.1114    13.8155 0.0000e+00  -62.99250  -62.25317 1153985591 208.314721    34.1788      58222         11  0.000e+00
     75.317    -0.7553   2.781850    -0.7554   2.782219    7.50832    -0.0343    13.8155 0.0000e+00  -62.99250  -62.25317 1153985591 208.314721    34.1788      58223         11  0.000e+00
     75.193    -0.7558   2.781853    -0.7555   2.782242    7.50826    -0.0674    13.8155 0.0000e+00  -62.99250  -62.25317 1153985591 208.314722    34.1795      58224         11  0.000e+00
     75.241    -0.7550   2.781893    -0.7559   2.782230    7.50817    -0.1004    13.8155 0.0000e+00  -62.99250  -62.25317 1153985591 208.314722    34.1791      58225         11  0.000e+00
     75.260    -0.7550   2.781880    -0.7557   2.782242    7.50819    -0.0343    13.8155 0.0000e+00  -62.99250  -62.25317 1153985591 208.314723    34.1789      58226         11  0.000e+00
     75.241    -0.7555   2.781863    -0.7556   2.782230    7.50826     0.0538    13.8155 0.0000e+00  -62.99250  -62.25317 1153985591 208.314723    34.1792      58227         11  0.000e+00
     75.260    -0.7556   2.781843    -0.7559   2.782242    7.50361     0.0758    13.8155 0.0000e+00  -62.99250  -62.25317 1153985591 208.314724    34.1791      58228         11  0.000e+00
     75.241    -0.7557   2.781863    -0.7556   2.782207    7.50358     0.0097    13.8155 0.0000e+00  -62.99250  -62.25317 1153985591 208.314724    34.1794      58229         11  0.000e+00
     75.260    -0.7558   2.781883    -0.7556   2.782196    7.50360     0.0207    13.8155 0.0000e+00  -62.99250  -62.25317 1153985591 208.314725    34.1799      58230         11  0.000e+00
     75.241    -0.7555   2.781867    -0.7558   2.782254    7.50355     0.0097    13.8155 0.0000e+00  -62.99250  -62.25317 1153985591 208.314725    34.1793      58231         11  0.000e+00
     75.260    -0.7556   2.781870    -0.7556   2.782254    7.50359     0.0318    13.8155 0.0000e+00  -62.99250  -62.25317 1153985591 208.314726    34.1795      58232         11  0.000e+00
     75.241    -0.7550   2.781847    -0.7556   2.782230    7.50349     0.0097    13.8155 0.0000e+00  -62.99250  -62.25317 1153985591 208.314726    34.1785      58233         11  0.000e+00
     50.312    -0.7612   2.780175    -0.7616   2.780547    7.51241     0.0428    13.8155 0.0000e+00  -62.99250  -62.25317 1153985635 208.315239    34.1783      59296         12  0.000e+00
     50.245    -0.7612   2.780142    -0.7614   2.780547    7.51236     0.0097    13.8155 0.0000e+00  -62.99250  -62.25317 1153985635 208.315239    34.1779      59297         12  0.000e+00
     50.312    -0.7611   2.780168    -0.7613   2.780524    7.51239    -0.0343    13.8155 0.0000e+00  -62.99250  -62.25317 1153985635 208.315240    34.1781      59298         12  0.000e+00
     50.245    -0.7614   2.780132    -0.7622   2.780536    7.51239    -0.0123    13.8155 0.0000e+00  -62.99250  -62.25317 1153985635 208.315240    34.1780      59299         12  0.000e+00
     50.312    -0.7618   2.780125    -0.7608   2.780507    7.51254     0.0538    13.8155 0.0000e+00  -62.99250  -62.25317 1153985635 208.315241    34.1784      59300         12  0.000e+00
     50.245    -0.7614   2.780148    -0.7617   2.780512    7.51238     0.0868    13.8155 0.0000e+00  -62.99250  -62.25317 1153985636 208.315241    34.1782      59301         12  0.000e+00
     50.312    -0.7618   2.780158    -0.7610   2.780559    7.51251     0.0207    13.8155 0.0000e+00  -62.99250  -62.25317 1153985636 208.315242    34.1788      59302         12  0.000e+00
     50.246    -0.7620   2.780138    -0.7617   2.780553    7.51248     0.0097    13.8155 0.0000e+00  -62.99250  -62.25317 1153985636 208.315242    34.1788      59303         12  0.000e+00
     50.246    -0.7618   2.780161    -0.7614   2.780547    7.51244    -0.0123    13.8155 0.0000e+00  -62.99250  -62.25317 1153985636 208.315243    34.1789      59304         12  0.000e+00
     50.246    -0.7615   2.780142    -0.7611   2.780565    7.51710    -0.0674    13.8155 0.0000e+00  -62.99250  -62.25317 1153985636 208.315243    34.1783      59305         12  0.000e+00
     50.246    -0.7617   2.780151    -0.7609   2.780553    7.51242    -0.0564    13.8155 0.0000e+00  -62.99250  -62.25317 1153985636 208.315244    34.1786      59306         12  0.000e+00
     50.246    -0.7618   2.780151    -0.7614   2.780547    7.51245    -0.0013    13.8155 0.0000e+00  -62.99250  -62.25317 1153985636 208.315244    34.1788      59307         12  0.000e+00
     50.169    -0.7617   2.780138    -0.7616   2.780524    7.51235     0.0318    13.8155 0.0000e+00  -62.99250  -62.25317 1153985636 208.315245    34.1785      59308         12  0.000e+00
     50.246    -0.7622   2.780135    -0.7617   2.780518    7.51251     0.0758    13.8155 0.0000e+00  -62.99250  -62.25317 1153985636 208.315245    34.1789      59309         12  0.000e+00
     50.169    -0.7614   2.780095    -0.7613   2.780536    7.51234     0.0538    13.8155 0.0000e+00  -62.99250  -62.25317 1153985636 208.315245    34.1775      59310         12  0.000e+00
     50.169    -0.7617   2.780105    -0.7613   2.780507    7.51237     0.0758    13.8155 0.0000e+00  -62.99250  -62.25317 1153985636 208.315246    34.1780      59311         12  0.000e+00
     50.246    -0.7618   2.780128    -0.7614   2.780512    7.51715    -0.0123    13.8155 0.0000e+00  -62.99250  -62.25317 1153985636 208.315246    34.1785      59312         12  0.000e+00
     50.169    -0.7617   2.780135    -0.7616   2.780518    7.51235    -0.0123    13.8155 0.0000e+00  -62.99250  -62.25317 1153985636 208.315247    34.1784      59313         12  0.000e+00
     50.103    -0.7618   2.780112    -0.7620   2.780478    7.51233    -0.0013    13.8155 0.0000e+00  -62.99250  -62.25317 1153985636 208.315247    34.1783      59314         12  0.000e+00
     50.236    -0.7617   2.780112    -0.7617   2.780483    7.51244     0.0097    13.8155 0.0000e+00  -62.99250  -62.25317 1153985636 208.315248    34.1781      59315         12  0.000e+00
     50.103    -0.7617   2.780128    -0.7617   2.780495    7.51229     0.0318    13.8155 0.0000e+00  -62.99250  -62.25317 1153985636 208.315248    34.1784      59316         12  0.000e+00
     50.169    -0.7614   2.780145    -0.7616   2.780495    7.51230    -0.0123    13.8155 0.0000e+00  -62.99250  -62.25317 1153985636 208.315249    34.1782      59317         12  0.000e+00
     50.103    -0.7618   2.780155    -0.7619   2.780495    7.51230    -0.0343    13.8155 0.0000e+00  -62.99250  -62.25317 1153985636 208.315249    34.1789      59318         12  0.000e+00
     50.103    -0.7615   2.780125    -0.7616   2.780495    7.51227    -0.1004    13.8155 0.0000e+00  -62.99250  -62.25317 1153985636 208.315250    34.1782      59319         12  0.000e+00
     50.103    -0.7615   2.780125    -0.7616   2.780495    7.51227    -0.1004    13.8155 0.0000e+00  -62.99250  -62.25317 1153985636 208.315250    34.1782      59320         12  0.000e+00
     50.103    -0.7620   2.780118    -0.7614   2.780512    7.51234    -0.1114    13.8155 0.0000e+00  -62.99250  -62.25317 1153985636 208.315251    34.1786      59321         12  0.000e+00
     50.036    -0.7617   2.780128    -0.7616   2.780518    7.51691    -0.0343    13.8155 0.0000e+00  -62.99250  -62.25317 1153985636 208.315251    34.1784      59322         12  0.000e+00
     50.103    -0.7618   2.780118    -0.7617   2.780518    7.51232     0.0097    13.8155 0.0000e+00  -62.99250  -62.25317 1153985636 208.315252    34.1784      59323         12  0.000e+00
     50.036    -0.7612   2.780105    -0.7617   2.780518    7.51217     0.0538    13.8155 0.0000e+00  -62.99250  -62.25317 1153985637 208.315252    34.1776      59324         12  0.000e+00
     50.103    -0.7620   2.780112    -0.7616   2.780536    7.51235    -0.0343    13.8155 0.0000e+00  -62.99250  -62.25317 1153985637 208.315253    34.1785      59325         12  0.000e+00
     50.036    -0.7617   2.780115    -0.7614   2.780524    7.51223    -0.0013    13.8155 0.0000e+00  -62.99250  -62.25317 1153985637 208.315253    34.1782      59326         12  0.000e+00
     50.103    -0.7620   2.780105    -0.7617   2.780501    7.51235     0.0207    13.8155 0.0000e+00  -62.99250  -62.25317 1153985637 208.315254    34.1784      59327         12  0.000e+00
     50.170    -0.7623   2.780125    -0.7613   2.780530    7.51715    -0.0123    13.8155 0.0000e+00  -62.99250  -62.25317 1153985637 208.315254    34.1790      59328         12  0.000e+00
     50.103    -0.7618   2.780151    -0.7614   2.780524    7.51230    -0.0343    13.8155 0.0000e+00  -62.99250  -62.25317 1153985637 208.315255    34.1789      59329         12  0.000e+00
     50.170    -0.7615   2.780168    -0.7614   2.780536    7.51231     0.0318    13.8155 0.0000e+00  -62.99250  -62.25317 1153985637 208.315255    34.1787      59330         12  0.000e+00
     50.170    -0.7615   2.780142    -0.7616   2.780547    7.51233     0.0318    13.8155 0.0000e+00  -62.99250  -62.25317 1153985637 208.315256    34.1783      59331         12  0.000e+00
     50.170    -0.7618   2.780135    -0.7613   2.780524    7.51238    -0.0013    13.8155 0.0000e+00  -62.99250  -62.25317 1153985637 208.315256    34.1786      59332         12  0.000e+00
     50.246    -0.7617   2.780151    -0.7616   2.780536    7.51711    -0.0233    13.8155 0.0000e+00  -62.99250  -62.25317 1153985637 208.315257    34.1786      59333         12  0.000e+00
     50.246    -0.7614   2.780168    -0.7613   2.780547    7.51706     0.0318    13.8155 0.0000e+00  -62.99250  -62.25317 1153985637 208.315257    34.1785      59334         12  0.000e+00
     50.246    -0.7618   2.780161    -0.7611   2.780565    7.51713     0.0538    13.8155 0.0000e+00  -62.99250  -62.25317 1153985637 208.315258    34.1789      59335         12  0.000e+00
     50.313    -0.7618   2.780138    -0.7614   2.780553    7.51722     0.0428    13.8155 0.0000e+00  -62.99250  -62.25317 1153985637 208.315258    34.1786      59336         12  0.000e+00
     50.313    -0.7617   2.780161    -0.7614   2.780524    7.51249     0.0097    13.8155 0.0000e+00  -62.99250  -62.25317 1153985637 208.315258    34.1787      59337         12  0.000e+00
     50.246    -0.7617   2.780142    -0.7617   2.780536    7.51243     0.0207    13.8155 0.0000e+00  -62.99250  -62.25317 1153985637 208.315259    34.1785      59338         12  0.000e+00
     50.313    -0.7622   2.780135    -0.7616   2.780565    7.51727     0.0318    13.8155 0.0000e+00  -62.99250  -62.25317 1153985637 208.315259    34.1789      59339         12  0.000e+00
     50.313    -0.7620   2.780145    -0.7617   2.780553    7.51723     0.0097    13.8155 0.0000e+00  -62.99250  -62.25317 1153985637 208.315260    34.1788      59340         12  0.000e+00
     50.313    -0.7618   2.780122    -0.7613   2.780524    7.51723    -0.0233    13.8155 0.0000e+00  -62.99250  -62.25317 1153985637 208.315260    34.1783      59341         12  0.000e+00
     50.313    -0.7615   2.780128    -0.7616   2.780518    7.51718    -0.0123    13.8155 0.0000e+00  -62.99250  -62.25317 1153985637 208.315261    34.1781      59342         12  0.000e+00
     50.313    -0.7618   2.780112    -0.7614   2.780518    7.51724    -0.0454    13.8155 0.0000e+00  -62.99250  -62.25317 1153985637 208.315261    34.1782      59343         12  0.000e+00
     50.313    -0.7625   2.780125    -0.7616   2.780501    7.51732    -0.0343    13.8155 0.0000e+00  -62.99250  -62.25317 1153985637 208.315262    34.1791      59344         12  0.000e+00
     50.316    -0.7642   2.779884    -0.7643   2.780246    7.51306    -0.0894    13.8155 0.0000e+00  -62.99250  -62.25317 1153985646 208.315358    34.1778      59544         13  0.000e+00
     50.383    -0.7643   2.779904    -0.7640   2.780217    7.51314    -0.0454    13.8155 0.0000e+00  -62.99250  -62.25317 1153985646 208.315359    34.1781      59545         13  0.000e+00
     50.316    -0.7640   2.779914    -0.7648   2.780205    7.51301    -0.0123    13.8155 0.0000e+00  -62.99250  -62.25317 1153985646 208.315359    34.1780      59546         13  0.000e+00
     50.316    -0.7635   2.779944    -0.7645   2.780240    7.51292    -0.0123    13.8155 0.0000e+00  -62.99250  -62.25317 1153985646 208.315360    34.1778      59547         13  0.000e+00
     50.383    -0.7637   2.779934    -0.7643   2.780194    7.51302    -0.0343    13.8155 0.0000e+00  -62.99250  -62.25317 1153985646 208.315360    34.1778      59548         13  0.000e+00
     50.316    -0.7640   2.779917    -0.7650   2.780211    7.51770    -0.0013    13.8155 0.0000e+00  -62.99250  -62.25317 1153985646 208.315361    34.1780      59549         13  0.000e+00
     50.316    -0.7638   2.779914    -0.7645   2.780246    7.51299     0.0207    13.8155 0.0000e+00  -62.99250  -62.25317 1153985646 208.315361    34.1778      59550         13  0.000e+00
