product_data/regression_test/downloaded_data/MDGS/320620060703/ctd/p6615403.ros
* Sea-Bird SBE 9 Data File:
* FileName = D:\Data\Raw\p6615403.dat
* Software Version Seasave Win32 V 5.32
* Temperature SN = 1649
* Conductivity SN = 1431
* Number of Bytes Per Scan = 37
* Number of Voltage Words = 5
* Number of Scans Averaged by the Deck Unit = 1
* NMEA Latitude = 60 47.74 S
* NMEA Longitude = 056 12.58 W
* NMEA UTC (Time) = 20:02:19
** Ship:   Nathaniel B. Palmer 
** Cruise:    NBP0606 
# nquan = 17
# nvalues = 192                     
# units = specified
# name 0 = prDM: Pressure, Digiquartz [db]
# name 1 = t090C: Temperature [ITS-90, deg C]
# name 2 = c0S/m: Conductivity [S/m]
# name 3 = t190C: Temperature, 2 [ITS-90, deg C]
# name 4 = c1S/m: Conductivity, 2 [S/m]
# name 5 = sbeox0ML/L: Oxygen, SBE 43 [ml/l]
# name 6 = flECO-AFL: Fluorescence, Wetlab ECO-AFL/FL [mg/m^3]
# name 7 = bat: Beam Attenuation, Chelsea/Seatech/Wetlab CStar [1/m]
# name 8 = spar: SPAR/Surface Irradiance
# name 9 = latitude: Latitude [deg]
# name 10 = longitude: Longitude [deg]
# name 11 = timeY: Time, System [seconds]
# name 12 = timeJ: Julian Days
# name 13 = sal00: Salinity [PSU]
# name 14 = scan: scan number
# name 15 = nbf: number of bottles fired
# name 16 = flag:  0.000e+00
# interval = seconds: 0.0416667                   
# start_time = Jul 18 2006 20:02:27
*END*
[from data line 86]
    200.405    -0.4221   2.827952    -0.4217   2.828311    6.87954    -0.0534    13.8155 0.0000e+00  -60.79567  -56.20967 1153253246 199.838519    34.3461       7226          2  0.000e+00
    200.443    -0.4221   2.827926    -0.4210   2.828276    6.87960    -0.0426    13.8155 0.0000e+00  -60.79567  -56.20967 1153253246 199.838519    34.3458       7227          2  0.000e+00
    200.328    -0.4221   2.827932    -0.4218   2.828299    6.87949    -0.0319    13.8155 0.0000e+00  -60.79567  -56.20967 1153253246 199.838520    34.3460       7228          2  0.000e+00
    200.405    -0.4222   2.827939    -0.4220   2.828224    6.87957    -0.0319    13.8155 0.0000e+00  -60.79567  -56.20967 1153253246 199.838520    34.3461       7229          2  0.000e+00
    200.376    -0.4220   2.827952    -0.4223   2.828188    6.87950    -0.0319    13.8155 0.0000e+00  -60.79567  -56.20967 1153253246 199.838521    34.3460       7230          2  0.000e+00
    200.405    -0.4220   2.827942    -0.4221   2.828177    6.87953     0.0112    13.8155 0.0000e+00  -60.79567  -56.20967 1153253246 199.838521    34.3459       7231          2  0.000e+00
    200.376    -0.4219   2.827939    -0.4221   2.828194    6.87950     0.0004    13.8155 0.0000e+00  -60.79567  -56.20967 1153253246 199.838522    34.3458       7232          2  0.000e+00
    200.328    -0.4216   2.827939    -0.4228   2.828171    6.87941    -0.0319    13.8155 0.0000e+00  -60.79567  -56.20967 1153253246 199.838522    34.3455       7233          2  0.000e+00
    200.405    -0.4218   2.827952    -0.4226   2.828188    6.87950    -0.0426    13.8155 0.0000e+00  -60.79567  -56.20967 1153253247 199.838523    34.3458       7234          2  0.000e+00
    200.299    -0.4218   2.827909    -0.4222   2.828200    6.87942    -0.0211    13.8155 0.0000e+00  -60.79567  -56.20967 1153253247 199.838523    34.3452       7235          2  0.000e+00
    200.405    -0.4227   2.827872    -0.4225   2.828229    6.87968     0.0004    13.8155 0.0000e+00  -60.79567  -56.20967 1153253247 199.838524    34.3458       7236          2  0.000e+00
    200.299    -0.4229   2.827849    -0.4220   2.828206    6.87962    -0.0319    13.8155 0.0000e+00  -60.79567  -56.20967 1153253247 199.838524    34.3457       7237          2  0.000e+00
     10.623    -0.7477   2.786654    -0.7474   2.787048    7.43185     0.0972    13.8155 0.0000e+00  -60.79567  -56.20967 1153253556 199.842102    34.2756      14656          3  0.000e+00
     10.785    -0.7481   2.786671    -0.7474   2.787054    7.43206     0.0650    13.8155 0.0000e+00  -60.79567  -56.20967 1153253556 199.842103    34.2762      14657          3  0.000e+00
     10.690    -0.7477   2.786664    -0.7479   2.787077    7.43192     0.0865    13.8155 0.0000e+00  -60.79567  -56.20967 1153253556 199.842103    34.2757      14658          3  0.000e+00
     10.719    -0.7482   2.786654    -0.7477   2.787042    7.43203     0.0757    13.8155 0.0000e+00  -60.79567  -56.20967 1153253556 199.842104    34.2762      14659          3  0.000e+00
     10.766    -0.7486   2.786684    -0.7476   2.787013    7.43212     0.0650    13.8155 0.0000e+00  -60.79567  -56.20967 1153253556 199.842104    34.2770      14660          3  0.000e+00
     10.690    -0.7479   2.786651    -0.7474   2.787025    7.43195     0.0650    13.8155 0.0000e+00  -60.79567  -56.20967 1153253556 199.842105    34.2758      14661          3  0.000e+00
     10.652    -0.7486   2.786648    -0.7478   2.787030    7.43202     0.0757    13.8155 0.0000e+00  -60.79567  -56.20967 1153253556 199.842105    34.2766      14662          3  0.000e+00
     10.690    -0.7478   2.786641    -0.7474   2.787025    7.43194     0.0757    13.8155 0.0000e+00  -60.79567  -56.20967 1153253556 199.842106    34.2755      14663          3  0.000e+00
     10.690    -0.7477   2.786648    -0.7477   2.787048    7.43193     0.0650    13.8155 0.0000e+00  -60.79567  -56.20967 1153253556 199.842106    34.2755      14664          3  0.000e+00
     10.652    -0.7484   2.786654    -0.7479   2.787059    7.43198     0.1618    13.8155 0.0000e+00  -60.79567  -56.20967 1153253556 199.842106    34.2764      14665          3  0.000e+00
     10.690    -0.7480   2.786641    -0.7479   2.787036    7.43198     0.1403    13.8155 0.0000e+00  -60.79567  -56.20967 1153253556 199.842107    34.2758      14666          3  0.000e+00
     10.652    -0.7479   2.786647    -0.7478   2.787030    7.43192     0.1080    13.8155 0.0000e+00  -60.79567  -56.20967 1153253556 199.842107    34.2758      14667          3  0.000e+00
     10.623    -0.7480   2.786657    -0.7481   2.787030    7.43190     0.1080    13.8155 0.0000e+00  -60.79567  -56.20967 1153253556 199.842108    34.2760      14668          3  0.000e+00
     10.690    -0.7479   2.786654    -0.7476   2.787001    7.43195     0.0865    13.8155 0.0000e+00  -60.79567  -56.20967 1153253556 199.842108    34.2758      14669          3  0.000e+00
     10.652    -0.7479   2.786671    -0.7476   2.787042    7.43189     0.0865    13.8155 0.0000e+00  -60.79567  -56.20967 1153253556 199.842109    34.2760      14670          3  0.000e+00
     10.623    -0.7479   2.786647    -0.7474   2.787036    7.43189     0.0865    13.8155 0.0000e+00  -60.79567  -56.20967 1153253556 199.842109    34.2758      14671          3  0.000e+00
     10.623    -0.7486   2.786647    -0.7478   2.787030    7.43199     0.1080    13.8155 0.0000e+00  -60.79567  -56.20967 1153253556 199.842110    34.2766      14672          3  0.000e+00
     10.652    -0.7479   2.786671    -0.7477   2.787030    7.43190     0.0542    13.8155 0.0000e+00  -60.79567  -56.20967 1153253556 199.842110    34.2761      14673          3  0.000e+00
     10.557    -0.7480   2.786664    -0.7477   2.787024    7.43182     0.0219    13.8155 0.0000e+00  -60.79567  -56.20967 1153253556 199.842111    34.2762      14674          3  0.000e+00
     10.652    -0.7482   2.786654    -0.7476   2.787025    7.43196     0.0757    13.8155 0.0000e+00  -60.79567  -56.20967 1153253556 199.842111    34.2762      14675          3  0.000e+00
     10.623    -0.7484   2.786657    -0.7476   2.787030    7.43194     0.0757    13.8155 0.0000e+00  -60.79567  -56.20967 1153253556 199.842112    34.2764      14676          3  0.000e+00
     10.623    -0.7481   2.786654    -0.7477   2.787030    7.43191     0.1188    13.8155 0.0000e+00  -60.79567  -56.20967 1153253557 199.842112    34.2761      14677          3  0.000e+00
     10.576    -0.7482   2.786671    -0.7477   2.787030    7.43186     0.1188    13.8155 0.0000e+00  -60.79567  -56.20967 1153253557 199.842113    34.2764      14678          3  0.000e+00
     10.623    -0.7479   2.786664    -0.7476   2.787048    7.43188     0.1295    13.8155 0.0000e+00  -60.79567  -56.20967 1153253557 199.842113    34.2760      14679          3  0.000e+00
     10.557    -0.7480   2.786654    -0.7479   2.787071    7.43183     0.0650    13.8155 0.0000e+00  -60.79567  -56.20967 1153253557 199.842114    34.2760      14680          3  0.000e+00
     10.652    -0.7482   2.786654    -0.7474   2.787025    7.43195     0.0865    13.8155 0.0000e+00  -60.79567  -56.20967 1153253557 199.842114    34.2761      14681          3  0.000e+00
     10.557    -0.7482   2.786641    -0.7474   2.787024    7.43187     0.0865    13.8155 0.0000e+00  -60.79567  -56.20967 1153253557 199.842115    34.2761      14682          3  0.000e+00
     10.576    -0.7486   2.786631    -0.7480   2.787048    7.43196     0.0865    13.8155 0.0000e+00  -60.79567  -56.20967 1153253557 199.842115    34.2764      14683          3  0.000e+00
     10.623    -0.7481   2.786651    -0.7473   2.787036    7.43657     0.0757    13.8155 0.0000e+00  -60.79567  -56.20967 1153253557 199.842116    34.2760      14684          3  0.000e+00
     10.557    -0.7480   2.786654    -0.7476   2.787030    7.43183     0.0542    13.8155 0.0000e+00  -60.79567  -56.20967 1153253557 199.842116    34.2760      14685          3  0.000e+00
     10.576    -0.7482   2.786634    -0.7476   2.787025    7.43655     0.0542    13.8155 0.0000e+00  -60.79567  -56.20967 1153253557 199.842117    34.2760      14686          3  0.000e+00
     10.557    -0.7476   2.786651    -0.7474   2.787048    7.43643     0.0650    13.8155 0.0000e+00  -60.79567  -56.20967 1153253557 199.842117    34.2755      14687          3  0.000e+00
     10.557    -0.7479   2.786654    -0.7475   2.787019    7.43181     0.0865    13.8155 0.0000e+00  -60.79567  -56.20967 1153253557 199.842118    34.2759      14688          3  0.000e+00
     10.576    -0.7484   2.786654    -0.7476   2.787007    7.43190     0.1188    13.8155 0.0000e+00  -60.79567  -56.20967 1153253557 199.842118    34.2764      14689          3  0.000e+00
     10.557    -0.7481   2.786641    -0.7481   2.787007    7.43185     0.0972    13.8155 0.0000e+00  -60.79567  -56.20967 1153253557 199.842119    34.2759      14690          3  0.000e+00
     10.576    -0.7480   2.786631    -0.7476   2.787019    7.43187     0.1080    13.8155 0.0000e+00  -60.79567  -56.20967 1153253557 199.842119    34.2757      14691          3  0.000e+00
     10.557    -0.7482   2.786651    -0.7473   2.787007    7.43186     0.0972    13.8155 0.0000e+00  -60.79567  -56.20967 1153253557 199.842120    34.2762      14692          3  0.000e+00
     10.557    -0.7482   2.786654    -0.7483   2.787024    7.43651     0.0650    13.8155 0.0000e+00  -60.79567  -56.20967 1153253557 199.842120    34.2762      14693          3  0.000e+00
     10.509    -0.7482   2.786618    -0.7479   2.787030    7.43650     0.0972    13.8155 0.0000e+00  -60.79567  -56.20967 1153253557 199.842120    34.2758      14694          3  0.000e+00
     10.557    -0.7485   2.786595    -0.7479   2.787030    7.43660     0.1080    13.8155 0.0000e+00  -60.79567  -56.20967 1153253557 199.842121    34.2758      14695          3  0.000e+00
     10.557    -0.7481   2.786621    -0.7476   2.786990    7.43652     0.1403    13.8155 0.0000e+00  -60.79567  -56.20967 1153253557 199.842121    34.2757      14696          3  0.000e+00
     10.576    -0.7484   2.786647    -0.7476   2.787030    7.43190     0.0865    13.8155 0.0000e+00  -60.79567  -56.20967 1153253557 199.842122    34.2763      14697          3  0.000e+00
     10.480    -0.7486   2.786624    -0.7479   2.787019    7.43185     0.0865    13.8155 0.0000e+00  -60.79567  -56.20967 1153253557 199.842122    34.2763      14698          3  0.000e+00
     10.480    -0.7484   2.786624    -0.7478   2.787007    7.43182     0.1080    13.8155 0.0000e+00  -60.79567  -56.20967 1153253557 199.842123    34.2760      14699          3  0.000e+00
     10.652    -0.7479   2.786618    -0.7477   2.787025    7.43194     0.0865    13.8155 0.0000e+00  -60.79567  -56.20967 1153253557 199.842123    34.2754      14700          3  0.000e+00
     10.414    -0.7484   2.786624    -0.7482   2.787030    7.43175     0.0972    13.8155 0.0000e+00  -60.79567  -56.20967 1153253558 199.842124    34.2761      14701          3  0.000e+00
     10.576    -0.7482   2.786581    -0.7476   2.787013    7.43193     0.1295    13.8155 0.0000e+00  -60.79567  -56.20967 1153253558 199.842124    34.2753      14702          4  0.000e+00
     10.414    -0.7484   2.786618    -0.7476   2.787019    7.43176     0.1080    13.8155 0.0000e+00  -60.79567  -56.20967 1153253558 199.842125    34.2760      14703          4  0.000e+00
     10.623    -0.7482   2.786631    -0.7477   2.786990    7.43195     0.0650    13.8155 0.0000e+00  -60.79567  -56.20967 1153253558 199.842125    34.2759      14704          4  0.000e+00
     10.509    -0.7482   2.786664    -0.7476   2.787013    7.43180     0.0757    13.8155 0.0000e+00  -60.79567  -56.20967 1153253558 199.842126    34.2764      14705          4  0.000e+00
     10.481    -0.7482   2.786611    -0.7476   2.787013    7.43181     0.0972    13.8155 0.0000e+00  -60.79567  -56.20967 1153253558 199.842126    34.2757      14706          4  0.000e+00
     10.481    -0.7482   2.786621    -0.7481   2.787024    7.43180     0.1188    13.8155 0.0000e+00  -60.79567  -56.20967 1153253558 199.842127    34.2758      14707          4  0.000e+00
     10.509    -0.7482   2.786618    -0.7481   2.787024    7.43184     0.0757    13.8155 0.0000e+00  -60.79567  -56.20967 1153253558 199.842127    34.2758      14708          4  0.000e+00
     10.557    -0.7480   2.786624    -0.7484   2.786990    7.43185     0.0865    13.8155 0.0000e+00  -60.79567  -56.20967 1153253558 199.842128    34.2756      14709          4  0.000e+00
     10.442    -0.7482   2.786647    -0.7481   2.786995    7.43175     0.0865    13.8155 0.0000e+00  -60.79567  -56.20967 1153253558 199.842128    34.2762      14710          4  0.000e+00
     10.481    -0.7484   2.786624    -0.7479   2.787007    7.43182     0.1080    13.8155 0.0000e+00  -60.79567  -56.20967 1153253558 199.842129    34.2760      14711          4  0.000e+00
     10.481    -0.7484   2.786608    -0.7477   2.787007    7.43183     0.1188    13.8155 0.0000e+00  -60.79567  -56.20967 1153253558 199.842129    34.2758      14712          4  0.000e+00
     10.509    -0.7482   2.786624    -0.7477   2.786984    7.43183     0.1403    13.8155 0.0000e+00  -60.79567  -56.20967 1153253558 199.842130    34.2759      14713          4  0.000e+00
     10.414    -0.7479   2.786618    -0.7482   2.786990    7.43168     0.0865    13.8155 0.0000e+00  -60.79567  -56.20967 1153253558 199.842130    34.2754      14714          4  0.000e+00
     10.481    -0.7484   2.786608    -0.7477   2.787001    7.43184     0.0219    13.8155 0.0000e+00  -60.79567  -56.20967 1153253558 199.842131    34.2759      14715          4  0.000e+00
     10.509    -0.7484   2.786611    -0.7482   2.787007    7.43186     0.0650    13.8155 0.0000e+00  -60.79567  -56.20967 1153253558 199.842131    34.2758      14716          4  0.000e+00
     10.414    -0.7484   2.786624    -0.7477   2.787024    7.43175     0.1403    13.8155 0.0000e+00  -60.79567  -56.20967 1153253558 199.842132    34.2761      14717          4  0.000e+00
     10.442    -0.7479   2.786611    -0.7482   2.787013    7.43172     0.1188    13.8155 0.0000e+00  -60.79567  -56.20967 1153253558 199.842132    34.2753      14718          4  0.000e+00
     10.481    -0.7478   2.786595    -0.7482   2.787007    7.43641     0.0972    13.8155 0.0000e+00  -60.79567  -56.20967 1153253558 199.842133    34.2750      14719          4  0.000e+00
     10.414    -0.7485   2.786621    -0.7475   2.786995    7.43643     0.0757    13.8155 0.0000e+00  -60.79567  -56.20967 1153253558 199.842133    34.2762      14720          4  0.000e+00
     10.442    -0.7487   2.786631    -0.7479   2.787001    7.43183     0.0865    13.8155 0.0000e+00  -60.79567  -56.20967 1153253558 199.842133    34.2765      14721          4  0.000e+00
     10.414    -0.7480   2.786618    -0.7481   2.787007    7.43171     0.0865    13.8155 0.0000e+00  -60.79567  -56.20967 1153253558 199.842134    34.2756      14722          4  0.000e+00
     10.414    -0.7481   2.786608    -0.7481   2.787024    7.43172     0.0434    13.8155 0.0000e+00  -60.79567  -56.20967 1153253558 199.842134    34.2756      14723          4  0.000e+00
     10.366    -0.7484   2.786611    -0.7477   2.787030    7.43171     0.0865    13.8155 0.0000e+00  -60.79567  -56.20967 1153253558 199.842135    34.2759      14724          4  0.000e+00
     10.414    -0.7484   2.786608    -0.7475   2.787001    7.43177     0.1188    13.8155 0.0000e+00  -60.79567  -56.20967 1153253559 199.842135    34.2759      14725          4  0.000e+00
     10.366    -0.7480   2.786608    -0.7476   2.786978    7.43167     0.0865    13.8155 0.0000e+00  -60.79567  -56.20967 1153253559 199.842136    34.2755      14726          4  0.000e+00
     10.414    -0.7482   2.786611    -0.7477   2.786995    7.43640     0.0757    13.8155 0.0000e+00  -60.79567  -56.20967 1153253559 199.842136    34.2758      14727          4  0.000e+00
