product_data/regression_test/downloaded_data/MDGS/320620060703/ctd/p6617613.cnv
* Sea-Bird SBE 9 Data File:
* FileName = D:\Data\Raw\p6617613.dat
* Software Version Seasave Win32 V 5.32
* Temperature SN = 1649
* Conductivity SN = 1431
* Number of Bytes Per Scan = 37
* Number of Voltage Words = 5
* Number of Scans Averaged by the Deck Unit = 1
* NMEA Latitude = 60 37.00 S
* NMEA Longitude = 054 43.23 W
* NMEA UTC (Time) = 16:30:53
** Ship:   Nathaniel B. Palmer 
** Cruise:    NBP0606 
# nquan = 15
# nvalues = 449                         
# units = specified
# name 0 = prDM: Pressure, Digiquartz [db]
# name 1 = t090C: Temperature [ITS-90, deg C]
# name 2 = c0S/m: Conductivity [S/m]
# name 3 = t190C: Temperature, 2 [ITS-90, deg C]
# name 4 = c1S/m: Conductivity, 2 [S/m]
# name 5 = sbeox0ML/L: Oxygen, SBE 43 [ml/l]
# name 6 = flECO-AFL: Fluorescence, Wetlab ECO-AFL/FL [mg/m^3]
# name 7 = bat: Beam Attenuation, Chelsea/Seatech/Wetlab CStar [1/m]
# name 8 = spar: SPAR/Surface Irradiance
# name 9 = latitude: Latitude [deg]
# name 10 = longitude: Longitude [deg]
# name 11 = timeY: Time, System [seconds]
# name 12 = timeJ: Julian Days
# name 13 = sal00: Salinity [PSU]
# name 14 = flag: flag
# span 0 =      3.000,    451.000       
# span 1 =    -0.7706,     1.3781       
# span 2 =   2.773031,   2.994495       
# span 3 =    -0.7705,     1.3796       
# span 4 =   2.773832,   2.994654       
# span 5 =    4.90616,    7.67981       
# span 6 =    -0.1003,     0.2880       
# span 7 =    13.8155,    13.8155       
# span 8 = 4.8094e+01, 5.5402e+01       
# span 9 =  -60.61667,  -60.61667       
# span 10 =  -54.72050,  -54.72050      
# span 11 = 1153499461, 1153500164      
# span 12 = 202.688198, 202.696358      
# span 13 =    34.1214,    34.5457      
# span 14 = 0.0000e+00, 0.0000e+00      
# interval = decibars: 1                
# start_time = Jul 21 2006 16:31:01
# bad_flag = -9.990e-29
*END*
      3.000    -0.7706   2.773031    -0.7697   2.773832    7.58210     0.2228    13.8155 -9.990e-29  -60.61667  -54.72050 1153499461 202.688198    34.1214 0.0000e+00
      4.000    -0.7655   2.773524    -0.7662   2.774209    7.60066     0.2044    13.8155 5.4847e+01  -60.61667  -54.72050 1153499464 202.688258    34.1218 0.0000e+00
      5.000    -0.7656   2.773544    -0.7667   2.774199    7.60322     0.2050    13.8155 5.5402e+01  -60.61667  -54.72050 1153499465 202.688268    34.1215 0.0000e+00
      6.000    -0.7676   2.773413    -0.7683   2.774095    7.60641     0.2064    13.8155 5.5071e+01  -60.61667  -54.72050 1153499467 202.688286    34.1216 0.0000e+00
      7.000    -0.7660   2.773596    -0.7666   2.774269    7.61282     0.2052    13.8155 5.4547e+01  -60.61667  -54.72050 1153499469 202.688318    34.1215 0.0000e+00
      8.000    -0.7665   2.773595    -0.7676   2.774229    7.62245     0.2224    13.8155 5.4548e+01  -60.61667  -54.72050 1153499471 202.688341    34.1215 0.0000e+00
      9.000    -0.7655   2.773724    -0.7660   2.774389    7.62575     0.1995    13.8155 5.4548e+01  -60.61667  -54.72050 1153499473 202.688360    34.1214 0.0000e+00
     10.000    -0.7675   2.773630    -0.7679   2.774305    7.63176     0.2002    13.8155 5.4548e+01  -60.61667  -54.72050 1153499474 202.688376    34.1218 0.0000e+00
     11.000    -0.7677   2.773641    -0.7681   2.774322    7.63517     0.1943    13.8155 5.4548e+01  -60.61667  -54.72050 1153499476 202.688393    34.1216 0.0000e+00
     12.000    -0.7681   2.773656    -0.7687   2.774326    7.63426     0.2017    13.8155 5.4548e+01  -60.61667  -54.72050 1153499477 202.688410    34.1217 0.0000e+00
     13.000    -0.7684   2.773674    -0.7688   2.774335    7.64098     0.2060    13.8155 5.4548e+01  -60.61667  -54.72050 1153499479 202.688431    34.1216 0.0000e+00
     14.000    -0.7688   2.773682    -0.7692   2.774344    7.65121     0.2055    13.8155 5.4548e+01  -60.61667  -54.72050 1153499482 202.688460    34.1215 0.0000e+00
     15.000    -0.7687   2.773755    -0.7692   2.774403    7.65332     0.1979    13.8155 5.4548e+01  -60.61667  -54.72050 1153499483 202.688480    34.1219 0.0000e+00
     16.000    -0.7695   2.773733    -0.7698   2.774403    7.65774     0.2072    13.8155 5.4548e+01  -60.61667  -54.72050 1153499485 202.688498    34.1217 0.0000e+00
     17.000    -0.7693   2.773806    -0.7698   2.774444    7.65907     0.2060    13.8155 5.4548e+01  -60.61667  -54.72050 1153499487 202.688518    34.1220 0.0000e+00
     18.000    -0.7693   2.773852    -0.7699   2.774494    7.66251     0.1991    13.8155 5.4548e+01  -60.61667  -54.72050 1153499488 202.688536    34.1220 0.0000e+00
     19.000    -0.7700   2.773839    -0.7705   2.774479    7.66913     0.1965    13.8155 5.3742e+01  -60.61667  -54.72050 1153499490 202.688552    34.1220 0.0000e+00
     20.000    -0.7680   2.774072    -0.7676   2.774787    7.66791     0.2189    13.8155 5.3948e+01  -60.61667  -54.72050 1153499492 202.688580    34.1222 0.0000e+00
     21.000    -0.7653   2.774396    -0.7656   2.775038    7.67483     0.2151    13.8155 5.3993e+01  -60.61667  -54.72050 1153499494 202.688607    34.1228 0.0000e+00
     22.000    -0.7662   2.774369    -0.7668   2.774975    7.67776     0.2053    13.8155 5.3988e+01  -60.61667  -54.72050 1153499495 202.688620    34.1228 0.0000e+00
     23.000    -0.7659   2.774468    -0.7661   2.775104    7.67890     0.2218    13.8155 5.2782e+01  -60.61667  -54.72050 1153499497 202.688635    34.1232 0.0000e+00
     24.000    -0.7661   2.774480    -0.7669   2.775063    7.67981     0.2282    13.8155 5.3026e+01  -60.61667  -54.72050 1153499499 202.688658    34.1230 0.0000e+00
     25.000    -0.7632   2.774817    -0.7629   2.775485    7.67444     0.2316    13.8155 5.4228e+01  -60.61667  -54.72050 1153499500 202.688678    34.1237 0.0000e+00
     26.000    -0.7627   2.774900    -0.7637   2.775456    7.67508     0.2487    13.8155 5.2727e+01  -60.61667  -54.72050 1153499502 202.688698    34.1235 0.0000e+00
     27.000    -0.7576   2.775440    -0.7576   2.776087    7.67372     0.2473    13.8155 5.2598e+01  -60.61667  -54.72050 1153499505 202.688726    34.1243 0.0000e+00
     28.000    -0.7571   2.775560    -0.7575   2.776165    7.67332     0.2413    13.8155 5.3057e+01  -60.61667  -54.72050 1153499506 202.688744    34.1249 0.0000e+00
     29.000    -0.7545   2.775864    -0.7518   2.776704    7.66545     0.2410    13.8155 5.2690e+01  -60.61667  -54.72050 1153499507 202.688758    34.1256 0.0000e+00
     30.000    -0.7180   2.779592    -0.7167   2.780233    7.64922     0.2537    13.8155 5.2910e+01  -60.61667  -54.72050 1153499509 202.688774    34.1332 0.0000e+00
     31.000    -0.6841   2.783277    -0.6808   2.784121    7.61579     0.2770    13.8155 5.2614e+01  -60.61667  -54.72050 1153499511 202.688799    34.1434 0.0000e+00
     32.000    -0.5956   2.792615    -0.5944   2.793253    7.54069     0.2614    13.8155 5.2492e+01  -60.61667  -54.72050 1153499513 202.688825    34.1678 0.0000e+00
     33.000    -0.4393   2.806839    -0.4366   2.807386    7.43675     0.2414    13.8155 5.2457e+01  -60.61667  -54.72050 1153499515 202.688848    34.1776 0.0000e+00
     34.000    -0.4195   2.808848    -0.4197   2.809338    7.36216     0.2427    13.8155 5.3776e+01  -60.61667  -54.72050 1153499517 202.688871    34.1825 0.0000e+00
     35.000    -0.4266   2.808302    -0.4259   2.808894    7.33881     0.2455    13.8155 5.2507e+01  -60.61667  -54.72050 1153499518 202.688884    34.1838 0.0000e+00
     36.000    -0.4288   2.808178    -0.4286   2.808718    7.32630     0.2304    13.8155 5.2600e+01  -60.61667  -54.72050 1153499519 202.688894    34.1847 0.0000e+00
     37.000    -0.4281   2.808299    -0.4277   2.808855    7.31499     0.2171    13.8155 5.2600e+01  -60.61667  -54.72050 1153499520 202.688905    34.1854 0.0000e+00
     38.000    -0.4286   2.808235    -0.4280   2.808823    7.30408     0.2518    13.8155 5.2600e+01  -60.61667  -54.72050 1153499523 202.688939    34.1858 0.0000e+00
     39.000    -0.4266   2.808469    -0.4254   2.809089    7.29580     0.2378    13.8155 5.2666e+01  -60.61667  -54.72050 1153499526 202.688975    34.1871 0.0000e+00
     40.000    -0.4304   2.808201    -0.4294   2.808843    7.30055     0.2435    13.8155 5.2622e+01  -60.61667  -54.72050 1153499527 202.688991    34.1874 0.0000e+00
     41.000    -0.4481   2.806789    -0.4484   2.807343    7.30819     0.2322    13.8155 5.1801e+01  -60.61667  -54.72050 1153499529 202.689006    34.1887 0.0000e+00
     42.000    -0.4550   2.806339    -0.4549   2.806914    7.31482     0.2292    13.8155 5.2394e+01  -60.61667  -54.72050 1153499530 202.689022    34.1902 0.0000e+00
     43.000    -0.4608   2.805897    -0.4600   2.806536    7.32255     0.2434    13.8155 5.2596e+01  -60.61667  -54.72050 1153499531 202.689038    34.1904 0.0000e+00
     44.000    -0.4638   2.805687    -0.4636   2.806280    7.33131     0.2472    13.8155 5.2600e+01  -60.61667  -54.72050 1153499533 202.689055    34.1905 0.0000e+00
     45.000    -0.4645   2.805707    -0.4639   2.806313    7.33601     0.2395    13.8155 5.2600e+01  -60.61667  -54.72050 1153499535 202.689079    34.1909 0.0000e+00
     46.000    -0.4659   2.805667    -0.4666   2.806157    7.34297     0.2399    13.8155 5.2600e+01  -60.61667  -54.72050 1153499538 202.689111    34.1913 0.0000e+00
     47.000    -0.4712   2.805273    -0.4712   2.805814    7.34399     0.2306    13.8155 5.2600e+01  -60.61667  -54.72050 1153499539 202.689129    34.1916 0.0000e+00
     48.000    -0.4699   2.805442    -0.4705   2.805935    7.34533     0.2315    13.8155 5.2600e+01  -60.61667  -54.72050 1153499541 202.689146    34.1916 0.0000e+00
     49.000    -0.4735   2.805202    -0.4732   2.805786    7.34778     0.2226    13.8155 5.2600e+01  -60.61667  -54.72050 1153499543 202.689165    34.1920 0.0000e+00
     50.000    -0.4721   2.805430    -0.4719   2.805988    7.34758     0.2322    13.8155 5.2600e+01  -60.61667  -54.72050 1153499544 202.689184    34.1927 0.0000e+00
     51.000    -0.4787   2.804928    -0.4785   2.805495    7.34757     0.2310    13.8155 5.2600e+01  -60.61667  -54.72050 1153499546 202.689203    34.1930 0.0000e+00
     52.000    -0.4809   2.804807    -0.4804   2.805380    7.34982     0.2359    13.8155 5.2468e+01  -60.61667  -54.72050 1153499547 202.689222    34.1932 0.0000e+00
     53.000    -0.4872   2.804297    -0.4873   2.804844    7.35187     0.2349    13.8155 5.3132e+01  -60.61667  -54.72050 1153499549 202.689242    34.1929 0.0000e+00
     54.000    -0.4954   2.803668    -0.4949   2.804252    7.35857     0.2262    13.8155 5.1891e+01  -60.61667  -54.72050 1153499551 202.689262    34.1933 0.0000e+00
     55.000    -0.4997   2.803367    -0.4994   2.803934    7.36723     0.2376    13.8155 5.1233e+01  -60.61667  -54.72050 1153499553 202.689282    34.1934 0.0000e+00
     56.000    -0.5034   2.803107    -0.5036   2.803616    7.37659     0.2472    13.8155 5.2424e+01  -60.61667  -54.72050 1153499555 202.689311    34.1934 0.0000e+00
     57.000    -0.5054   2.803004    -0.5050   2.803571    7.38320     0.2339    13.8155 5.2609e+01  -60.61667  -54.72050 1153499557 202.689333    34.1937 0.0000e+00
     58.000    -0.5047   2.803140    -0.5041   2.803710    7.37963     0.2466    13.8155 5.2600e+01  -60.61667  -54.72050 1153499558 202.689346    34.1941 0.0000e+00
     59.000    -0.5032   2.803362    -0.5027   2.803927    7.37455     0.2400    13.8155 5.2600e+01  -60.61667  -54.72050 1153499559 202.689361    34.1945 0.0000e+00
     60.000    -0.5059   2.803231    -0.5054   2.803796    7.36990     0.2371    13.8155 5.2356e+01  -60.61667  -54.72050 1153499561 202.689380    34.1953 0.0000e+00
     61.000    -0.5051   2.803375    -0.5046   2.803924    7.37086     0.2469    13.8155 5.1515e+01  -60.61667  -54.72050 1153499563 202.689399    34.1956 0.0000e+00
     62.000    -0.5021   2.803713    -0.5013   2.804295    7.36551     0.2470    13.8155 5.2389e+01  -60.61667  -54.72050 1153499565 202.689421    34.1960 0.0000e+00
     63.000    -0.4940   2.804540    -0.4931   2.805096    7.34957     0.2462    13.8155 5.2610e+01  -60.61667  -54.72050 1153499568 202.689458    34.1971 0.0000e+00
     64.000    -0.4801   2.805912    -0.4798   2.806385    7.33878     0.2340    13.8155 5.2600e+01  -60.61667  -54.72050 1153499569 202.689477    34.1989 0.0000e+00
     65.000    -0.4720   2.806746    -0.4706   2.807299    7.33095     0.2486    13.8155 5.2600e+01  -60.61667  -54.72050 1153499571 202.689491    34.2004 0.0000e+00
     66.000    -0.4642   2.807480    -0.4650   2.807894    7.32049     0.2374    13.8155 5.2600e+01  -60.61667  -54.72050 1153499572 202.689504    34.2005 0.0000e+00
     67.000    -0.4598   2.807968    -0.4589   2.808513    7.31300     0.2410    13.8155 5.2453e+01  -60.61667  -54.72050 1153499573 202.689518    34.2014 0.0000e+00
     68.000    -0.4577   2.808196    -0.4573   2.808711    7.30276     0.2441    13.8155 5.1718e+01  -60.61667  -54.72050 1153499574 202.689535    34.2016 0.0000e+00
     69.000    -0.4576   2.808247    -0.4570   2.808775    7.28897     0.2597    13.8155 5.2636e+01  -60.61667  -54.72050 1153499577 202.689563    34.2018 0.0000e+00
     70.000    -0.4525   2.808800    -0.4502   2.809461    7.28290     0.2506    13.8155 5.1519e+01  -60.61667  -54.72050 1153499579 202.689593    34.2028 0.0000e+00
     71.000    -0.4384   2.810216    -0.4383   2.810644    7.27799     0.2353    13.8155 5.2553e+01  -60.61667  -54.72050 1153499581 202.689612    34.2050 0.0000e+00
     72.000    -0.4327   2.810794    -0.4319   2.811328    7.27062     0.2505    13.8155 5.2599e+01  -60.61667  -54.72050 1153499583 202.689628    34.2058 0.0000e+00
     73.000    -0.4297   2.811129    -0.4292   2.811619    7.26542     0.2421    13.8155 5.2600e+01  -60.61667  -54.72050 1153499584 202.689647    34.2064 0.0000e+00
     74.000    -0.4276   2.811370    -0.4267   2.811912    7.26299     0.2536    13.8155 5.2600e+01  -60.61667  -54.72050 1153499586 202.689667    34.2068 0.0000e+00
     75.000    -0.4254   2.811627    -0.4250   2.812132    7.25938     0.2500    13.8155 5.2600e+01  -60.61667  -54.72050 1153499587 202.689683    34.2071 0.0000e+00
     76.000    -0.4242   2.811804    -0.4241   2.812252    7.25380     0.2366    13.8155 5.2180e+01  -60.61667  -54.72050 1153499588 202.689696    34.2075 0.0000e+00
     77.000    -0.4232   2.811935    -0.4222   2.812479    7.25082     0.2663    13.8155 5.1800e+01  -60.61667  -54.72050 1153499590 202.689716    34.2077 0.0000e+00
     78.000    -0.4216   2.812136    -0.4209   2.812646    7.24433     0.2768    13.8155 5.2480e+01  -60.61667  -54.72050 1153499594 202.689756    34.2081 0.0000e+00
     79.000    -0.4173   2.812612    -0.4166   2.813112    7.24361     0.2538    13.8155 5.1313e+01  -60.61667  -54.72050 1153499595 202.689774    34.2090 0.0000e+00
     80.000    -0.4105   2.813351    -0.4094   2.813864    7.23575     0.2617    13.8155 5.2430e+01  -60.61667  -54.72050 1153499596 202.689789    34.2106 0.0000e+00
     81.000    -0.3995   2.814507    -0.3985   2.815001    7.22913     0.2613    13.8155 5.2512e+01  -60.61667  -54.72050 1153499598 202.689803    34.2128 0.0000e+00
     82.000    -0.3959   2.814995    -0.3952   2.815498    7.22238     0.2616    13.8155 5.2429e+01  -60.61667  -54.72050 1153499599 202.689819    34.2146 0.0000e+00
     83.000    -0.3956   2.815131    -0.3950   2.815627    7.21446     0.2585    13.8155 5.1600e+01  -60.61667  -54.72050 1153499600 202.689836    34.2156 0.0000e+00
     84.000    -0.3986   2.814971    -0.3982   2.815460    7.22071     0.2713    13.8155 5.1731e+01  -60.61667  -54.72050 1153499603 202.689859    34.2165 0.0000e+00
     85.000    -0.4148   2.813635    -0.4173   2.813966    7.25786     0.2736    13.8155 5.1014e+01  -60.61667  -54.72050 1153499606 202.689900    34.2165 0.0000e+00
     86.000    -0.4796   2.808323    -0.4799   2.808866    7.30277     0.2539    13.8155 5.1255e+01  -60.61667  -54.72050 1153499608 202.689919    34.2198 0.0000e+00
     87.000    -0.5086   2.806136    -0.5066   2.806986    7.32369     0.2555    13.8155 5.2333e+01  -60.61667  -54.72050 1153499609 202.689929    34.2227 0.0000e+00
     88.000    -0.5376   2.803761    -0.5417   2.804030    7.34278     0.2342    13.8155 5.0688e+01  -60.61667  -54.72050 1153499609 202.689938    34.2240 0.0000e+00
     89.000    -0.5414   2.803474    -0.5431   2.803919    7.35681     0.2532    13.8155 5.1139e+01  -60.61667  -54.72050 1153499610 202.689947    34.2236 0.0000e+00
     90.000    -0.5443   2.803180    -0.5515   2.803239    7.38998     0.2871    13.8155 5.1952e+01  -60.61667  -54.72050 1153499613 202.689985    34.2210 0.0000e+00
     91.000    -0.5741   2.800962    -0.5728   2.801644    7.40031     0.2880    13.8155 5.2357e+01  -60.61667  -54.72050 1153499616 202.690017    34.2247 0.0000e+00
     92.000    -0.5473   2.803720    -0.5484   2.803994    7.39174     0.2739    13.8155 5.1587e+01  -60.61667  -54.72050 1153499617 202.690027    34.2302 0.0000e+00
     93.000    -0.5184   2.806498    -0.5150   2.807123    7.38088     0.2599    13.8155 5.0780e+01  -60.61667  -54.72050 1153499618 202.690041    34.2332 0.0000e+00
     94.000    -0.4951   2.808662    -0.4964   2.808944    7.36144     0.2456    13.8155 5.1778e+01  -60.61667  -54.72050 1153499620 202.690058    34.2343 0.0000e+00
     95.000    -0.4780   2.810344    -0.4816   2.810363    7.34048     0.2541    13.8155 5.0614e+01  -60.61667  -54.72050 1153499621 202.690075    34.2368 0.0000e+00
     96.000    -0.4746   2.810699    -0.4715   2.811401    7.29191     0.2535    13.8155 5.2118e+01  -60.61667  -54.72050 1153499625 202.690114    34.2367 0.0000e+00
     97.000    -0.4149   2.816492    -0.4125   2.816666    7.24072     0.2413    13.8155 5.2388e+01  -60.61667  -54.72050 1153499627 202.690141    34.2479 0.0000e+00
     98.000    -0.3546   2.822024    -0.3540   2.822407    7.20515     0.2191    13.8155 5.0725e+01  -60.61667  -54.72050 1153499628 202.690153    34.2492 0.0000e+00
