product_data/regression_test/downloaded_data/MDGS/320620060703/ctd/p6617705.ros
* Sea-Bird SBE 9 Data File:
* FileName = D:\Data\Raw\p6617705.dat
* Software Version Seasave Win32 V 5.32
* Temperature SN = 1649
* Conductivity SN = 1431
* Number of Bytes Per Scan = 37
* Number of Voltage Words = 5
* Number of Scans Averaged by the Deck Unit = 1
* NMEA Latitude = 60 37.00 S
* NMEA Longitude = 054 37.45 W
* NMEA UTC (Time) = 20:25:33
** Ship:   Nathaniel B. Palmer 
** Cruise:    NBP0606 
# nquan = 17
# nvalues = 1176                    
# units = specified
# name 0 = prDM: Pressure, Digiquartz [db]
# name 1 = t090C: Temperature [ITS-90, deg C]
# name 2 = c0S/m: Conductivity [S/m]
# name 3 = t190C: Temperature, 2 [ITS-90, deg C]
# name 4 = c1S/m: Conductivity, 2 [S/m]
# name 5 = sbeox0ML/L: Oxygen, SBE 43 [ml/l]
# name 6 = flECO-AFL: Fluorescence, Wetlab ECO-AFL/FL [mg/m^3]
# name 7 = bat: Beam Attenuation, Chelsea/Seatech/Wetlab CStar [1/m]
# name 8 = spar: SPAR/Surface Irradiance
# name 9 = latitude: Latitude [deg]
# name 10 = longitude: Longitude [deg]
# name 11 = timeY: Time, System [seconds]
# name 12 = timeJ: Julian Days
# name 13 = sal00: Salinity [PSU]
# name 14 = scan: scan number
# name 15 = nbf: number of bottles fired
# name 16 = flag:  0.000e+00
# interval = seconds: 0.0416667                   
# start_time = Jul 21 2006 20:25:41
*END*
[from data line 766]
    120.588    -0.4913   2.814887    -0.4943   2.815413    7.01386    -0.0534    13.8155 0.0000e+00  -60.61667  -54.62417 1153517014 202.891391    34.2979      83406         16  0.000e+00
    120.654    -0.4941   2.814698    -0.4949   2.815319    7.01914    -0.0534    13.8155 0.0000e+00  -60.61667  -54.62417 1153517014 202.891392    34.2985      83407         16  0.000e+00
    120.597    -0.4960   2.814552    -0.4959   2.815232    7.01474    -0.0749    13.8155 0.0000e+00  -60.61667  -54.62417 1153517015 202.891392    34.2986      83408         16  0.000e+00
    120.588    -0.4974   2.814396    -0.4964   2.815156    7.01973    -0.0749    13.8155 0.0000e+00  -60.61667  -54.62417 1153517015 202.891393    34.2981      83409         16  0.000e+00
    120.588    -0.5004   2.814224    -0.4982   2.814976    7.02027    -0.0319    13.8155 0.0000e+00  -60.61667  -54.62417 1153517015 202.891393    34.2992      83410         16  0.000e+00
    120.588    -0.5014   2.814230    -0.4996   2.814842    7.02041    -0.0104    13.8155 0.0000e+00  -60.61667  -54.62417 1153517015 202.891394    34.3005      83411         16  0.000e+00
    120.597    -0.5013   2.814247    -0.5006   2.814731    7.02039    -0.0104    13.8155 0.0000e+00  -60.61667  -54.62417 1153517015 202.891394    34.3005      83412         16  0.000e+00
    120.588    -0.5022   2.814197    -0.5004   2.814725    7.02524    -0.0534    13.8155 0.0000e+00  -60.61667  -54.62417 1153517015 202.891395    34.3009      83413         16  0.000e+00
    120.588    -0.5034   2.814210    -0.5007   2.814737    7.02540    -0.1395    13.8155 0.0000e+00  -60.61667  -54.62417 1153517015 202.891395    34.3025      83414         16  0.000e+00
    120.597    -0.5049   2.814137    -0.5012   2.814737    7.02568    -0.0749    13.8155 0.0000e+00  -60.61667  -54.62417 1153517015 202.891396    34.3032      83415         16  0.000e+00
    120.588    -0.5062   2.814025    -0.5008   2.814737    7.02592    -0.0534    13.8155 0.0000e+00  -60.61667  -54.62417 1153517015 202.891396    34.3032      83416         16  0.000e+00
    120.511    -0.5062   2.813862    -0.5011   2.814696    7.02595    -0.0749    13.8155 0.0000e+00  -60.61667  -54.62417 1153517015 202.891397    34.3010      83417         16  0.000e+00
    120.511    -0.5071   2.813799    -0.5006   2.814661    7.02611    -0.0642    13.8155 0.0000e+00  -60.61667  -54.62417 1153517015 202.891397    34.3011      83418         16  0.000e+00
    120.597    -0.5068   2.813759    -0.5001   2.814690    7.03089    -0.0964    13.8155 0.0000e+00  -60.61667  -54.62417 1153517015 202.891398    34.3003      83419         16  0.000e+00
    120.511    -0.5068   2.813733    -0.5005   2.814667    7.03082    -0.0964    13.8155 0.0000e+00  -60.61667  -54.62417 1153517015 202.891398    34.3000      83420         16  0.000e+00
    120.588    -0.5067   2.813627    -0.5017   2.814655    7.03094    -0.0749    13.8155 0.0000e+00  -60.61667  -54.62417 1153517015 202.891399    34.2983      83421         16  0.000e+00
    120.464    -0.5085   2.813388    -0.5021   2.814614    7.03124    -0.0534    13.8155 0.0000e+00  -60.61667  -54.62417 1153517015 202.891399    34.2973      83422         16  0.000e+00
    120.511    -0.5105   2.813183    -0.5028   2.814521    7.03170    -0.0319    13.8155 0.0000e+00  -60.61667  -54.62417 1153517015 202.891399    34.2968      83423         16  0.000e+00
    120.158    -0.4827   2.815977    -0.4879   2.815739    7.05849     0.0112    13.8155 0.0000e+00  -60.61667  -54.62417 1153517017 202.891419    34.3030      83464         17  0.000e+00
    119.882    -0.4839   2.815566    -0.4892   2.815762    7.06336    -0.0534    13.8155 0.0000e+00  -60.61667  -54.62417 1153517017 202.891420    34.2991      83465         17  0.000e+00
    119.968    -0.4842   2.815175    -0.4895   2.815645    7.05905    -0.0857    13.8155 0.0000e+00  -60.61667  -54.62417 1153517017 202.891420    34.2941      83466         17  0.000e+00
    119.948    -0.4898   2.814860    -0.4925   2.815535    7.06002    -0.0534    13.8155 0.0000e+00  -60.61667  -54.62417 1153517017 202.891421    34.2962      83467         17  0.000e+00
    119.948    -0.4901   2.814953    -0.4939   2.815471    7.06471    -0.0964    13.8155 0.0000e+00  -60.61667  -54.62417 1153517017 202.891421    34.2978      83468         17  0.000e+00
    119.882    -0.4884   2.815009    -0.4929   2.815494    7.06436    -0.1180    13.8155 0.0000e+00  -60.61667  -54.62417 1153517017 202.891422    34.2967      83469         17  0.000e+00
    120.034    -0.4909   2.815112    -0.4915   2.815547    7.06480    -0.0749    13.8155 0.0000e+00  -60.61667  -54.62417 1153517017 202.891422    34.3008      83470         17  0.000e+00
    119.815    -0.4903   2.815284    -0.4919   2.815541    7.06438    -0.0857    13.8155 0.0000e+00  -60.61667  -54.62417 1153517017 202.891423    34.3025      83471         17  0.000e+00
    119.882    -0.4905   2.815381    -0.4924   2.815477    7.06443    -0.0749    13.8155 0.0000e+00  -60.61667  -54.62417 1153517017 202.891423    34.3041      83472         17  0.000e+00
    119.882    -0.4901   2.815447    -0.4943   2.815395    7.06902    -0.0749    13.8155 0.0000e+00  -60.61667  -54.62417 1153517017 202.891424    34.3045      83473         17  0.000e+00
    119.824    -0.4891   2.815480    -0.4933   2.815436    7.06880    -0.0534    13.8155 0.0000e+00  -60.61667  -54.62417 1153517017 202.891424    34.3039      83474         17  0.000e+00
    119.815    -0.4885   2.815453    -0.4904   2.815477    7.06872    -0.1180    13.8155 0.0000e+00  -60.61667  -54.62417 1153517017 202.891425    34.3028      83475         17  0.000e+00
    119.815    -0.4905   2.815201    -0.4890   2.815581    7.06918    -0.1180    13.8155 0.0000e+00  -60.61667  -54.62417 1153517017 202.891425    34.3017      83476         17  0.000e+00
    119.739    -0.4929   2.815056    -0.4898   2.815616    7.06952    -0.0749    13.8155 0.0000e+00  -60.61667  -54.62417 1153517017 202.891426    34.3025      83477         17  0.000e+00
    119.758    -0.4929   2.814933    -0.4904   2.815599    7.07432    -0.0319    13.8155 0.0000e+00  -60.61667  -54.62417 1153517017 202.891426    34.3008      83478         17  0.000e+00
    119.815    -0.4943   2.814813    -0.4904   2.815546    7.07465    -0.0319    13.8155 0.0000e+00  -60.61667  -54.62417 1153517018 202.891427    34.3007      83479         17  0.000e+00
    119.672    -0.4957   2.814770    -0.4909   2.815494    7.07944    -0.0749    13.8155 0.0000e+00  -60.61667  -54.62417 1153517018 202.891427    34.3018      83480         17  0.000e+00
    119.739    -0.4955   2.814867    -0.4916   2.815424    7.07472    -0.0534    13.8155 0.0000e+00  -60.61667  -54.62417 1153517018 202.891427    34.3029      83481         17  0.000e+00
    119.691    -0.4924   2.815102    -0.4918   2.815360    7.07408    -0.0534    13.8155 0.0000e+00  -60.61667  -54.62417 1153517018 202.891428    34.3026      83482         17  0.000e+00
    119.672    -0.4873   2.815424    -0.4927   2.815331    7.07313    -0.0534    13.8155 0.0000e+00  -60.61667  -54.62417 1153517018 202.891428    34.3011      83483         17  0.000e+00
    119.672    -0.4834   2.815679    -0.4936   2.815226    7.07241    -0.0749    13.8155 0.0000e+00  -60.61667  -54.62417 1153517018 202.891429    34.3002      83484         17  0.000e+00
    119.615    -0.4828   2.815702    -0.4965   2.815051    7.07225    -0.0319    13.8155 0.0000e+00  -60.61667  -54.62417 1153517018 202.891429    34.2998      83485         17  0.000e+00
    119.605    -0.4834   2.815639    -0.4996   2.814841    7.07237    -0.0319    13.8155 0.0000e+00  -60.61667  -54.62417 1153517018 202.891430    34.2997      83486         17  0.000e+00
    119.605    -0.4836   2.815573    -0.5017   2.814666    7.07713    -0.0749    13.8155 0.0000e+00  -60.61667  -54.62417 1153517018 202.891430    34.2990      83487         17  0.000e+00
    119.605    -0.4851   2.815573    -0.5047   2.814468    7.07735    -0.0534    13.8155 0.0000e+00  -60.61667  -54.62417 1153517018 202.891431    34.3007      83488         17  0.000e+00
    119.548    -0.4853   2.815579    -0.5083   2.814189    7.07732    -0.0211    13.8155 0.0000e+00  -60.61667  -54.62417 1153517018 202.891431    34.3010      83489         17  0.000e+00
    119.605    -0.4870   2.815579    -0.5062   2.814037    7.07761    -0.0642    13.8155 0.0000e+00  -60.61667  -54.62417 1153517018 202.891432    34.3029      83490         17  0.000e+00
    119.529    -0.4877   2.815646    -0.5044   2.814171    7.08230    -0.0964    13.8155 0.0000e+00  -60.61667  -54.62417 1153517018 202.891432    34.3047      83491         17  0.000e+00
    119.529    -0.4853   2.815888    -0.5046   2.814288    7.08179    -0.0749    13.8155 0.0000e+00  -60.61667  -54.62417 1153517018 202.891433    34.3052      83492         17  0.000e+00
    119.481    -0.4795   2.816282    -0.5088   2.814264    7.08067    -0.0642    13.8155 0.0000e+00  -60.61667  -54.62417 1153517018 202.891433    34.3040      83493         17  0.000e+00
    119.462    -0.4750   2.816518    -0.5137   2.814008    7.07986    -0.0534    13.8155 0.0000e+00  -60.61667  -54.62417 1153517018 202.891434    34.3021      83494         17  0.000e+00
    119.462    -0.4768   2.816568    -0.5157   2.813752    7.08007    -0.0319    13.8155 0.0000e+00  -60.61667  -54.62417 1153517018 202.891434    34.3047      83495         17  0.000e+00
    119.462    -0.4741   2.816757    -0.5162   2.813513    7.08427    -0.0319    13.8155 0.0000e+00  -60.61667  -54.62417 1153517018 202.891435    34.3043      83496         17  0.000e+00
    119.405    -0.4657   2.817327    -0.5204   2.813250    7.08266    -0.0642    13.8155 0.0000e+00  -60.61667  -54.62417 1153517018 202.891435    34.3025      83497         17  0.000e+00
    119.462    -0.4541   2.818160    -0.5223   2.813064    7.08052    -0.0749    13.8155 0.0000e+00  -60.61667  -54.62417 1153517018 202.891436    34.3005      83498         17  0.000e+00
    119.395    -0.4508   2.818667    -0.5203   2.813023    7.07966    -0.0534    13.8155 0.0000e+00  -60.61667  -54.62417 1153517018 202.891436    34.3037      83499         17  0.000e+00
    119.395    -0.4462   2.818966    -0.5179   2.813105    7.07880    -0.0749    13.8155 0.0000e+00  -60.61667  -54.62417 1153517018 202.891437    34.3024      83500         17  0.000e+00
    119.405    -0.4419   2.819241    -0.5204   2.813070    7.07802    -0.0749    13.8155 0.0000e+00  -60.61667  -54.62417 1153517018 202.891437    34.3012      83501         17  0.000e+00
    119.319    -0.4395   2.819424    -0.5228   2.812889    7.07749    -0.0749    13.8155 0.0000e+00  -60.61667  -54.62417 1153517018 202.891438    34.3011      83502         17  0.000e+00
    119.395    -0.4366   2.819430    -0.5246   2.812778    7.07714    -0.0749    13.8155 0.0000e+00  -60.61667  -54.62417 1153517018 202.891438    34.2978      83503         17  0.000e+00
    119.319    -0.4370   2.819248    -0.5263   2.812697    7.07725    -0.0749    13.8155 0.0000e+00  -60.61667  -54.62417 1153517019 202.891439    34.2959      83504         17  0.000e+00
    119.271    -0.4392   2.819075    -0.5280   2.812615    7.07762    -0.0211    13.8155 0.0000e+00  -60.61667  -54.62417 1153517019 202.891439    34.2961      83505         17  0.000e+00
    119.319    -0.4405   2.819102    -0.5276   2.812598    7.08252    -0.0319    13.8155 0.0000e+00  -60.61667  -54.62417 1153517019 202.891440    34.2978      83506         17  0.000e+00
    119.319    -0.4404   2.819141    -0.5245   2.812720    7.08249    -0.0319    13.8155 0.0000e+00  -60.61667  -54.62417 1153517019 202.891440    34.2983      83507         17  0.000e+00
    119.252    -0.4421   2.819148    -0.5217   2.812959    7.08267    -0.0534    13.8155 0.0000e+00  -60.61667  -54.62417 1153517019 202.891440    34.3004      83508         17  0.000e+00
    119.271    -0.4437   2.819062    -0.5182   2.813303    7.08296    -0.0642    13.8155 0.0000e+00  -60.61667  -54.62417 1153517019 202.891441    34.3010      83509         17  0.000e+00
    119.252    -0.4476   2.818883    -0.5066   2.813839    7.08361    -0.1072    13.8155 0.0000e+00  -60.61667  -54.62417 1153517019 202.891441    34.3030      83510         17  0.000e+00
    119.252    -0.4498   2.818899    -0.4941   2.814509    7.08391    -0.0534    13.8155 0.0000e+00  -60.61667  -54.62417 1153517019 202.891442    34.3057      83511         17  0.000e+00
    119.271    -0.4510   2.819195    -0.4893   2.815202    7.08391    -0.0104    13.8155 0.0000e+00  -60.61667  -54.62417 1153517019 202.891442    34.3110      83512         17  0.000e+00
     74.955    -0.6201   2.795329    -0.6169   2.796155    7.45487     0.0112    13.8155 0.0000e+00  -60.61667  -54.62417 1153517143 202.892879    34.2082      86490         18  0.000e+00
     75.003    -0.6200   2.795335    -0.6177   2.796045    7.45491    -0.0104    13.8155 0.0000e+00  -60.61667  -54.62417 1153517143 202.892879    34.2082      86491         18  0.000e+00
     75.022    -0.6201   2.795348    -0.6184   2.795952    7.45493     0.0327    13.8155 0.0000e+00  -60.61667  -54.62417 1153517143 202.892880    34.2085      86492         18  0.000e+00
     74.936    -0.6189   2.795405    -0.6194   2.795888    7.45931     0.0112    13.8155 0.0000e+00  -60.61667  -54.62417 1153517143 202.892880    34.2079      86493         18  0.000e+00
     75.022    -0.6187   2.795454    -0.6192   2.795818    7.45934     0.0542    13.8155 0.0000e+00  -60.61667  -54.62417 1153517143 202.892880    34.2083      86494         18  0.000e+00
     74.936    -0.6179   2.795484    -0.6206   2.795754    7.45911     0.0542    13.8155 0.0000e+00  -60.61667  -54.62417 1153517143 202.892881    34.2079      86495         18  0.000e+00
     74.955    -0.6177   2.795491    -0.6210   2.795725    7.45909     0.0112    13.8155 0.0000e+00  -60.61667  -54.62417 1153517143 202.892881    34.2077      86496         18  0.000e+00
     75.003    -0.6183   2.795471    -0.6214   2.795655    7.45455     0.0327    13.8155 0.0000e+00  -60.61667  -54.62417 1153517143 202.892882    34.2081      86497         18  0.000e+00
     74.955    -0.6189   2.795517    -0.6223   2.795638    7.45456     0.0650    13.8155 0.0000e+00  -60.61667  -54.62417 1153517143 202.892882    34.2094      86498         18  0.000e+00
     75.003    -0.6185   2.795537    -0.6220   2.795638    7.45455     0.0972    13.8155 0.0000e+00  -60.61667  -54.62417 1153517143 202.892883    34.2093      86499         18  0.000e+00
     74.879    -0.6185   2.795537    -0.6220   2.795597    7.45911     0.0327    13.8155 0.0000e+00  -60.61667  -54.62417 1153517143 202.892883    34.2094      86500         18  0.000e+00
     75.003    -0.6188   2.795517    -0.6220   2.795603    7.45929     0.0327    13.8155 0.0000e+00  -60.61667  -54.62417 1153517143 202.892884    34.2093      86501         18  0.000e+00
     74.955    -0.6183   2.795563    -0.6221   2.795591    7.45913     0.0542    13.8155 0.0000e+00  -60.61667  -54.62417 1153517143 202.892884    34.2093      86502         18  0.000e+00
     75.003    -0.6175   2.795590    -0.6217   2.795568    7.45904     0.0972    13.8155 0.0000e+00  -60.61667  -54.62417 1153517143 202.892885    34.2088      86503         18  0.000e+00
     74.955    -0.6170   2.795666    -0.6220   2.795580    7.45887     0.0972    13.8155 0.0000e+00  -60.61667  -54.62417 1153517143 202.892885    34.2093      86504         18  0.000e+00
     74.936    -0.6173   2.795692    -0.6210   2.795603    7.45887     0.1403    13.8155 0.0000e+00  -60.61667  -54.62417 1153517144 202.892886    34.2100      86505         18  0.000e+00
     74.955    -0.6170   2.795692    -0.6209   2.795614    7.45885     0.0972    13.8155 0.0000e+00  -60.61667  -54.62417 1153517144 202.892886    34.2097      86506         18  0.000e+00
     75.003    -0.6167   2.795692    -0.6210   2.795568    7.45885     0.0542    13.8155 0.0000e+00  -60.61667  -54.62417 1153517144 202.892887    34.2093      86507         18  0.000e+00
