product_data/regression_test/downloaded_data/MDGS/320620060703/ctd/p6611001.cnv
* Sea-Bird SBE 9 Data File:
* FileName = D:\Data\Raw\p6611001.dat
* Software Version Seasave Win32 V 5.32
* Temperature SN = 1649
* Conductivity SN = 1431
* Number of Bytes Per Scan = 37
* Number of Voltage Words = 5
* Number of Scans Averaged by the Deck Unit = 1
* NMEA Latitude = 61 23.01 S
* NMEA Longitude = 054 52.52 W
* NMEA UTC (Time) = 03:20:47
** Ship:   Nathaniel B. Palmer 
** Cruise:    NBP0606 
# nquan = 15
# nvalues = 907                         
# units = specified
# name 0 = prDM: Pressure, Digiquartz [db]
# name 1 = t090C: Temperature [ITS-90, deg C]
# name 2 = c0S/m: Conductivity [S/m]
# name 3 = t190C: Temperature, 2 [ITS-90, deg C]
# name 4 = c1S/m: Conductivity, 2 [S/m]
# name 5 = sbeox0ML/L: Oxygen, SBE 43 [ml/l]
# name 6 = flECO-AFL: Fluorescence, Wetlab ECO-AFL/FL [mg/m^3]
# name 7 = bat: Beam Attenuation, Chelsea/Seatech/Wetlab CStar [1/m]
# name 8 = spar: SPAR/Surface Irradiance
# name 9 = latitude: Latitude [deg]
# name 10 = longitude: Longitude [deg]
# name 11 = timeY: Time, System [seconds]
# name 12 = timeJ: Julian Days
# name 13 = sal00: Salinity [PSU]
# name 14 = flag: flag
# span 0 =      1.000,    907.000       
# span 1 =    -1.0792,     0.4723       
# span 2 =   2.753716,   2.920563       
# span 3 =    -1.0766,     0.4729       
# span 4 =   2.754640,   2.920883       
# span 5 =    5.78942,    7.62030       
# span 6 =    -0.1194,     0.1258       
# span 7 =    13.8155,    13.8155       
# span 8 = 0.0000e+00, 0.0000e+00       
# span 9 =  -61.38350,  -61.38350       
# span 10 =  -54.87533,  -54.87533      
# span 11 = 1152847252, 1152848571      
# span 12 = 195.139500, 195.154777      
# span 13 =    34.2106,    34.5356      
# span 14 = 0.0000e+00, 0.0000e+00      
# interval = decibars: 1                
# start_time = Jul 14 2006 03:20:55
# bad_flag = -9.990e-29
*END*
[from data line 579]
    580.000    -0.3683   2.861630    -0.3683   2.862088    6.30341    -0.0876    13.8155 0.0000e+00  -61.38350  -54.87533 1152848114 195.149485    34.5082 0.0000e+00
    581.000    -0.3685   2.861672    -0.3683   2.862142    6.30483    -0.0624    13.8155 0.0000e+00  -61.38350  -54.87533 1152848115 195.149496    34.5083 0.0000e+00
    582.000    -0.3681   2.861763    -0.3677   2.862239    6.30564    -0.0804    13.8155 0.0000e+00  -61.38350  -54.87533 1152848116 195.149508    34.5082 0.0000e+00
    583.000    -0.3681   2.861814    -0.3678   2.862297    6.30648    -0.0873    13.8155 0.0000e+00  -61.38350  -54.87533 1152848117 195.149523    34.5082 0.0000e+00
    584.000    -0.3691   2.861776    -0.3693   2.862209    6.30746    -0.0894    13.8155 0.0000e+00  -61.38350  -54.87533 1152848119 195.149543    34.5082 0.0000e+00
    585.000    -0.3682   2.861913    -0.3681   2.862377    6.30912    -0.0844    13.8155 0.0000e+00  -61.38350  -54.87533 1152848120 195.149561    34.5082 0.0000e+00
    586.000    -0.3692   2.861883    -0.3691   2.862333    6.31101    -0.0796    13.8155 0.0000e+00  -61.38350  -54.87533 1152848121 195.149576    34.5083 0.0000e+00
    587.000    -0.3698   2.861868    -0.3698   2.862324    6.31099    -0.0874    13.8155 0.0000e+00  -61.38350  -54.87533 1152848123 195.149589    34.5082 0.0000e+00
    588.000    -0.3692   2.861975    -0.3691   2.862421    6.31103    -0.0817    13.8155 0.0000e+00  -61.38350  -54.87533 1152848124 195.149600    34.5083 0.0000e+00
    589.000    -0.3692   2.862004    -0.3688   2.862503    6.31365    -0.0864    13.8155 0.0000e+00  -61.38350  -54.87533 1152848124 195.149610    34.5079 0.0000e+00
    590.000    -0.3755   2.861508    -0.3753   2.862000    6.31431    -0.0937    13.8155 0.0000e+00  -61.38350  -54.87533 1152848125 195.149620    34.5081 0.0000e+00
    591.000    -0.3755   2.861566    -0.3756   2.862000    6.31481    -0.1011    13.8155 0.0000e+00  -61.38350  -54.87533 1152848126 195.149632    34.5082 0.0000e+00
    592.000    -0.3763   2.861540    -0.3766   2.861949    6.31616    -0.0843    13.8155 0.0000e+00  -61.38350  -54.87533 1152848128 195.149652    34.5081 0.0000e+00
    593.000    -0.3781   2.861426    -0.3785   2.861834    6.31800    -0.0805    13.8155 0.0000e+00  -61.38350  -54.87533 1152848130 195.149678    34.5081 0.0000e+00
    594.000    -0.3786   2.861438    -0.3783   2.861909    6.31908    -0.0853    13.8155 0.0000e+00  -61.38350  -54.87533 1152848132 195.149694    34.5081 0.0000e+00
    595.000    -0.3783   2.861533    -0.3784   2.861960    6.31918    -0.0905    13.8155 0.0000e+00  -61.38350  -54.87533 1152848133 195.149705    34.5084 0.0000e+00
    596.000    -0.3779   2.861618    -0.3779   2.862040    6.31712    -0.0746    13.8155 0.0000e+00  -61.38350  -54.87533 1152848133 195.149715    34.5085 0.0000e+00
    597.000    -0.3784   2.861597    -0.3784   2.862043    6.31614    -0.0944    13.8155 0.0000e+00  -61.38350  -54.87533 1152848134 195.149724    34.5082 0.0000e+00
    598.000    -0.3817   2.861366    -0.3816   2.861834    6.31645    -0.0772    13.8155 0.0000e+00  -61.38350  -54.87533 1152848135 195.149735    34.5082 0.0000e+00
    599.000    -0.3884   2.860868    -0.3883   2.861327    6.31729    -0.0888    13.8155 0.0000e+00  -61.38350  -54.87533 1152848136 195.149749    34.5088 0.0000e+00
    600.000    -0.3946   2.860388    -0.3951   2.860805    6.32129    -0.0852    13.8155 0.0000e+00  -61.38350  -54.87533 1152848138 195.149768    34.5088 0.0000e+00
    601.000    -0.4013   2.859878    -0.4014   2.860319    6.32620    -0.0908    13.8155 0.0000e+00  -61.38350  -54.87533 1152848140 195.149788    34.5092 0.0000e+00
    602.000    -0.4048   2.859633    -0.4046   2.860099    6.33143    -0.0869    13.8155 0.0000e+00  -61.38350  -54.87533 1152848141 195.149805    34.5093 0.0000e+00
    603.000    -0.4067   2.859522    -0.4058   2.860041    6.33382    -0.0838    13.8155 0.0000e+00  -61.38350  -54.87533 1152848142 195.149817    34.5093 0.0000e+00
    604.000    -0.4075   2.859504    -0.4075   2.859957    6.33387    -0.0885    13.8155 0.0000e+00  -61.38350  -54.87533 1152848143 195.149828    34.5093 0.0000e+00
    605.000    -0.4086   2.859466    -0.4084   2.859932    6.33216    -0.0767    13.8155 0.0000e+00  -61.38350  -54.87533 1152848144 195.149837    34.5094 0.0000e+00
    606.000    -0.4114   2.859260    -0.4117   2.859716    6.32960    -0.0884    13.8155 0.0000e+00  -61.38350  -54.87533 1152848145 195.149848    34.5092 0.0000e+00
    607.000    -0.4277   2.857931    -0.4287   2.858307    6.33396    -0.0955    13.8155 0.0000e+00  -61.38350  -54.87533 1152848147 195.149867    34.5096 0.0000e+00
    608.000    -0.4400   2.856915    -0.4386   2.857493    6.34104    -0.0888    13.8155 0.0000e+00  -61.38350  -54.87533 1152848149 195.149893    34.5097 0.0000e+00
    609.000    -0.4434   2.856679    -0.4438   2.857116    6.34692    -0.0849    13.8155 0.0000e+00  -61.38350  -54.87533 1152848150 195.149907    34.5096 0.0000e+00
    610.000    -0.4449   2.856598    -0.4450   2.857052    6.35067    -0.0774    13.8155 0.0000e+00  -61.38350  -54.87533 1152848151 195.149918    34.5096 0.0000e+00
    611.000    -0.4445   2.856675    -0.4444   2.857147    6.35356    -0.0874    13.8155 0.0000e+00  -61.38350  -54.87533 1152848152 195.149928    34.5095 0.0000e+00
    612.000    -0.4462   2.856573    -0.4458   2.857071    6.35642    -0.0796    13.8155 0.0000e+00  -61.38350  -54.87533 1152848153 195.149938    34.5093 0.0000e+00
    613.000    -0.4489   2.856383    -0.4490   2.856842    6.35881    -0.0986    13.8155 0.0000e+00  -61.38350  -54.87533 1152848154 195.149949    34.5093 0.0000e+00
    614.000    -0.4554   2.855860    -0.4560   2.856284    6.36010    -0.0946    13.8155 0.0000e+00  -61.38350  -54.87533 1152848155 195.149962    34.5092 0.0000e+00
    615.000    -0.4560   2.855867    -0.4566   2.856279    6.36268    -0.0937    13.8155 0.0000e+00  -61.38350  -54.87533 1152848157 195.149982    34.5091 0.0000e+00
    616.000    -0.4640   2.855205    -0.4645   2.855670    6.36755    -0.0930    13.8155 0.0000e+00  -61.38350  -54.87533 1152848159 195.150006    34.5092 0.0000e+00
    617.000    -0.4667   2.855065    -0.4665   2.855549    6.36762    -0.0944    13.8155 0.0000e+00  -61.38350  -54.87533 1152848160 195.150019    34.5094 0.0000e+00
    618.000    -0.4667   2.855104    -0.4665   2.855596    6.36752    -0.0763    13.8155 0.0000e+00  -61.38350  -54.87533 1152848161 195.150030    34.5092 0.0000e+00
    619.000    -0.4689   2.854968    -0.4685   2.855465    6.36741    -0.0861    13.8155 0.0000e+00  -61.38350  -54.87533 1152848162 195.150041    34.5093 0.0000e+00
    620.000    -0.4689   2.855016    -0.4680   2.855537    6.36775    -0.0948    13.8155 0.0000e+00  -61.38350  -54.87533 1152848163 195.150052    34.5092 0.0000e+00
    621.000    -0.4688   2.855079    -0.4682   2.855579    6.36877    -0.1056    13.8155 0.0000e+00  -61.38350  -54.87533 1152848164 195.150067    34.5093 0.0000e+00
    622.000    -0.4686   2.855133    -0.4684   2.855609    6.36991    -0.1040    13.8155 0.0000e+00  -61.38350  -54.87533 1152848165 195.150082    34.5092 0.0000e+00
    623.000    -0.4709   2.854983    -0.4707   2.855442    6.37106    -0.0902    13.8155 0.0000e+00  -61.38350  -54.87533 1152848166 195.150095    34.5091 0.0000e+00
    624.000    -0.4722   2.854937    -0.4721   2.855397    6.37183    -0.0964    13.8155 0.0000e+00  -61.38350  -54.87533 1152848167 195.150107    34.5093 0.0000e+00
    625.000    -0.4728   2.854923    -0.4728   2.855377    6.37605    -0.0870    13.8155 0.0000e+00  -61.38350  -54.87533 1152848169 195.150123    34.5092 0.0000e+00
    626.000    -0.4745   2.854839    -0.4743   2.855302    6.37791    -0.0856    13.8155 0.0000e+00  -61.38350  -54.87533 1152848171 195.150144    34.5094 0.0000e+00
    627.000    -0.4792   2.854489    -0.4792   2.854967    6.38256    -0.0787    13.8155 0.0000e+00  -61.38350  -54.87533 1152848172 195.150159    34.5095 0.0000e+00
    628.000    -0.4975   2.853091    -0.4973   2.853617    6.38558    -0.0833    13.8155 0.0000e+00  -61.38350  -54.87533 1152848173 195.150172    34.5112 0.0000e+00
    629.000    -0.5032   2.852714    -0.5044   2.853096    6.38852    -0.0649    13.8155 0.0000e+00  -61.38350  -54.87533 1152848174 195.150185    34.5123 0.0000e+00
    630.000    -0.5057   2.852558    -0.5053   2.853066    6.39027    -0.0826    13.8155 0.0000e+00  -61.38350  -54.87533 1152848175 195.150198    34.5123 0.0000e+00
    631.000    -0.5177   2.851677    -0.5171   2.852215    6.39134    -0.0826    13.8155 0.0000e+00  -61.38350  -54.87533 1152848176 195.150210    34.5138 0.0000e+00
    632.000    -0.5206   2.851517    -0.5212   2.851936    6.39245    -0.0866    13.8155 0.0000e+00  -61.38350  -54.87533 1152848177 195.150222    34.5143 0.0000e+00
    633.000    -0.5206   2.851551    -0.5212   2.851971    6.39359    -0.0822    13.8155 0.0000e+00  -61.38350  -54.87533 1152848178 195.150235    34.5141 0.0000e+00
    634.000    -0.5219   2.851499    -0.5227   2.851914    6.39405    -0.0950    13.8155 0.0000e+00  -61.38350  -54.87533 1152848180 195.150250    34.5141 0.0000e+00
    635.000    -0.5247   2.851335    -0.5253   2.851753    6.39431    -0.0898    13.8155 0.0000e+00  -61.38350  -54.87533 1152848181 195.150267    34.5144 0.0000e+00
    636.000    -0.5301   2.850981    -0.5301   2.851438    6.39658    -0.0816    13.8155 0.0000e+00  -61.38350  -54.87533 1152848183 195.150284    34.5151 0.0000e+00
    637.000    -0.5303   2.851020    -0.5303   2.851476    6.39735    -0.0818    13.8155 0.0000e+00  -61.38350  -54.87533 1152848184 195.150298    34.5152 0.0000e+00
    638.000    -0.5306   2.851038    -0.5305   2.851507    6.39815    -0.0790    13.8155 0.0000e+00  -61.38350  -54.87533 1152848185 195.150310    34.5151 0.0000e+00
    639.000    -0.5307   2.851080    -0.5306   2.851536    6.39943    -0.0859    13.8155 0.0000e+00  -61.38350  -54.87533 1152848186 195.150325    34.5151 0.0000e+00
    640.000    -0.5308   2.851121    -0.5307   2.851572    6.40069    -0.0896    13.8155 0.0000e+00  -61.38350  -54.87533 1152848188 195.150343    34.5151 0.0000e+00
    641.000    -0.5308   2.851178    -0.5306   2.851628    6.40176    -0.0958    13.8155 0.0000e+00  -61.38350  -54.87533 1152848189 195.150358    34.5151 0.0000e+00
    642.000    -0.5304   2.851244    -0.5302   2.851702    6.40217    -0.0824    13.8155 0.0000e+00  -61.38350  -54.87533 1152848190 195.150369    34.5151 0.0000e+00
    643.000    -0.5310   2.851239    -0.5313   2.851682    6.40356    -0.0973    13.8155 0.0000e+00  -61.38350  -54.87533 1152848191 195.150380    34.5150 0.0000e+00
    644.000    -0.5312   2.851281    -0.5312   2.851722    6.40418    -0.0829    13.8155 0.0000e+00  -61.38350  -54.87533 1152848192 195.150390    34.5152 0.0000e+00
    645.000    -0.5315   2.851288    -0.5313   2.851769    6.40472    -0.0843    13.8155 0.0000e+00  -61.38350  -54.87533 1152848193 195.150402    34.5150 0.0000e+00
    646.000    -0.5353   2.851055    -0.5340   2.851595    6.40613    -0.0874    13.8155 0.0000e+00  -61.38350  -54.87533 1152848194 195.150420    34.5157 0.0000e+00
    647.000    -0.5372   2.850955    -0.5371   2.851419    6.40907    -0.0870    13.8155 0.0000e+00  -61.38350  -54.87533 1152848196 195.150444    34.5159 0.0000e+00
    648.000    -0.5378   2.850968    -0.5375   2.851435    6.41120    -0.0906    13.8155 0.0000e+00  -61.38350  -54.87533 1152848198 195.150462    34.5161 0.0000e+00
    649.000    -0.5382   2.850982    -0.5385   2.851404    6.41323    -0.0787    13.8155 0.0000e+00  -61.38350  -54.87533 1152848199 195.150474    34.5161 0.0000e+00
    650.000    -0.5377   2.851059    -0.5374   2.851526    6.41097    -0.1061    13.8155 0.0000e+00  -61.38350  -54.87533 1152848200 195.150485    34.5159 0.0000e+00
    651.000    -0.5406   2.850890    -0.5408   2.851332    6.41195    -0.0767    13.8155 0.0000e+00  -61.38350  -54.87533 1152848201 195.150494    34.5164 0.0000e+00
    652.000    -0.5418   2.850850    -0.5419   2.851292    6.41044    -0.0916    13.8155 0.0000e+00  -61.38350  -54.87533 1152848202 195.150506    34.5166 0.0000e+00
    653.000    -0.5422   2.850860    -0.5422   2.851307    6.41160    -0.1019    13.8155 0.0000e+00  -61.38350  -54.87533 1152848203 195.150524    34.5166 0.0000e+00
    654.000    -0.5426   2.850868    -0.5424   2.851344    6.41295    -0.0862    13.8155 0.0000e+00  -61.38350  -54.87533 1152848205 195.150539    34.5166 0.0000e+00
    655.000    -0.5430   2.850890    -0.5432   2.851328    6.41127    -0.0755    13.8155 0.0000e+00  -61.38350  -54.87533 1152848206 195.150549    34.5167 0.0000e+00
    656.000    -0.5429   2.850939    -0.5429   2.851393    6.41103    -0.1021    13.8155 0.0000e+00  -61.38350  -54.87533 1152848206 195.150558    34.5166 0.0000e+00
    657.000    -0.5427   2.850993    -0.5428   2.851433    6.41289    -0.0850    13.8155 0.0000e+00  -61.38350  -54.87533 1152848207 195.150568    34.5165 0.0000e+00
    658.000    -0.5427   2.851064    -0.5427   2.851493    6.41457    -0.0835    13.8155 0.0000e+00  -61.38350  -54.87533 1152848211 195.150608    34.5167 0.0000e+00
    659.000    -0.5431   2.851066    -0.5432   2.851510    6.41590    -0.0875    13.8155 0.0000e+00  -61.38350  -54.87533 1152848212 195.150625    34.5167 0.0000e+00
    660.000    -0.5437   2.851064    -0.5438   2.851510    6.41643    -0.0998    13.8155 0.0000e+00  -61.38350  -54.87533 1152848213 195.150634    34.5167 0.0000e+00
    661.000    -0.5435   2.851119    -0.5435   2.851575    6.41668    -0.0941    13.8155 0.0000e+00  -61.38350  -54.87533 1152848214 195.150642    34.5167 0.0000e+00
    662.000    -0.5439   2.851129    -0.5437   2.851601    6.41687    -0.0858    13.8155 0.0000e+00  -61.38350  -54.87533 1152848214 195.150650    34.5167 0.0000e+00
    663.000    -0.5440   2.851181    -0.5439   2.851623    6.41729    -0.0800    13.8155 0.0000e+00  -61.38350  -54.87533 1152848215 195.150657    34.5169 0.0000e+00
    664.000    -0.5442   2.851198    -0.5443   2.851634    6.41775    -0.1051    13.8155 0.0000e+00  -61.38350  -54.87533 1152848216 195.150667    34.5168 0.0000e+00
    665.000    -0.5453   2.851163    -0.5452   2.851616    6.41754    -0.0992    13.8155 0.0000e+00  -61.38350  -54.87533 1152848217 195.150682    34.5170 0.0000e+00
    666.000    -0.5459   2.851158    -0.5460   2.851594    6.41745    -0.0913    13.8155 0.0000e+00  -61.38350  -54.87533 1152848219 195.150706    34.5170 0.0000e+00
    667.000    -0.5466   2.851161    -0.5468   2.851588    6.41845    -0.0761    13.8155 0.0000e+00  -61.38350  -54.87533 1152848221 195.150726    34.5172 0.0000e+00
    668.000    -0.5470   2.851169    -0.5469   2.851634    6.41732    -0.0933    13.8155 0.0000e+00  -61.38350  -54.87533 1152848222 195.150739    34.5172 0.0000e+00
    669.000    -0.5476   2.851173    -0.5472   2.851647    6.41631    -0.0945    13.8155 0.0000e+00  -61.38350  -54.87533 1152848223 195.150751    34.5173 0.0000e+00
    670.000    -0.5481   2.851189    -0.5479   2.851648    6.41840    -0.0920    13.8155 0.0000e+00  -61.38350  -54.87533 1152848224 195.150766    34.5175 0.0000e+00
    671.000    -0.5491   2.851170    -0.5490   2.851616    6.41948    -0.0945    13.8155 0.0000e+00  -61.38350  -54.87533 1152848226 195.150783    34.5178 0.0000e+00
    672.000    -0.5500   2.851152    -0.5498   2.851597    6.42175    -0.0876    13.8155 0.0000e+00  -61.38350  -54.87533 1152848227 195.150800    34.5179 0.0000e+00
    673.000    -0.5499   2.851200    -0.5497   2.851656    6.42312    -0.0913    13.8155 0.0000e+00  -61.38350  -54.87533 1152848228 195.150813    34.5179 0.0000e+00
    674.000    -0.5498   2.851261    -0.5496   2.851705    6.42311    -0.0989    13.8155 0.0000e+00  -61.38350  -54.87533 1152848229 195.150823    34.5180 0.0000e+00
