product_data/regression_test/downloaded_data/MDGS/320620060703/ctd/p6612101.ros
* Sea-Bird SBE 9 Data File:
* FileName = D:\Data\Raw\p6612101.dat
* Software Version Seasave Win32 V 5.32
* Temperature SN = 1649
* Conductivity SN = 1431
* Number of Bytes Per Scan = 37
* Number of Voltage Words = 5
* Number of Scans Averaged by the Deck Unit = 1
* NMEA Latitude = 61 11.19 S
* NMEA Longitude = 054 32.47 W
* NMEA UTC (Time) = 01:29:36
** Ship:   Nathaniel B. Palmer 
** Cruise:    NBP0606 
# nquan = 17
# nvalues = 1146                    
# units = specified
# name 0 = prDM: Pressure, Digiquartz [db]
# name 1 = t090C: Temperature [ITS-90, deg C]
# name 2 = c0S/m: Conductivity [S/m]
# name 3 = t190C: Temperature, 2 [ITS-90, deg C]
# name 4 = c1S/m: Conductivity, 2 [S/m]
# name 5 = sbeox0ML/L: Oxygen, SBE 43 [ml/l]
# name 6 = flECO-AFL: Fluorescence, Wetlab ECO-AFL/FL [mg/m^3]
# name 7 = bat: Beam Attenuation, Chelsea/Seatech/Wetlab CStar [1/m]
# name 8 = spar: SPAR/Surface Irradiance
# name 9 = latitude: Latitude [deg]
# name 10 = longitude: Longitude [deg]
# name 11 = timeY: Time, System [seconds]
# name 12 = timeJ: Julian Days
# name 13 = sal00: Salinity [PSU]
# name 14 = scan: scan number
# name 15 = nbf: number of bottles fired
# name 16 = flag:  0.000e+00
# interval = seconds: 0.0416667                   
# start_time = Jul 15 2006 01:29:44
*END*
[from data line 341]
    300.270    -0.0480   2.870335    -0.0486   2.870689    6.32138    -0.0426    13.8155 0.0000e+00  -61.18650  -54.54117 1152928379 196.078476    34.4291      33513          8  0.000e+00
    300.433    -0.0483   2.870302    -0.0482   2.870689    6.32158    -0.0319    13.8155 0.0000e+00  -61.18650  -54.54117 1152928379 196.078477    34.4289      33514          8  0.000e+00
    300.404    -0.0483   2.870329    -0.0486   2.870689    6.32154    -0.0857    13.8155 0.0000e+00  -61.18650  -54.54117 1152928379 196.078477    34.4293      33515          8  0.000e+00
    300.337    -0.0480   2.870342    -0.0487   2.870671    6.32144    -0.0426    13.8155 0.0000e+00  -61.18650  -54.54117 1152928379 196.078478    34.4292      33516          8  0.000e+00
    300.366    -0.0482   2.870339    -0.0486   2.870659    6.32148    -0.0534    13.8155 0.0000e+00  -61.18650  -54.54117 1152928379 196.078478    34.4293      33517          8  0.000e+00
    300.337    -0.0476   2.870322    -0.0486   2.870659    6.32139    -0.0749    13.8155 0.0000e+00  -61.18650  -54.54117 1152928379 196.078478    34.4284      33518          8  0.000e+00
    300.337    -0.0482   2.870318    -0.0490   2.870636    6.32147    -0.0749    13.8155 0.0000e+00  -61.18650  -54.54117 1152928379 196.078479    34.4290      33519          8  0.000e+00
    300.290    -0.0483   2.870298    -0.0483   2.870653    6.32146    -0.0104    13.8155 0.0000e+00  -61.18650  -54.54117 1152928379 196.078479    34.4290      33520          8  0.000e+00
    300.270    -0.0485   2.870308    -0.0487   2.870659    6.31670    -0.0319    13.8155 0.0000e+00  -61.18650  -54.54117 1152928379 196.078480    34.4293      33521          8  0.000e+00
    300.270    -0.0485   2.870282    -0.0485   2.870659    6.31671    -0.0857    13.8155 0.0000e+00  -61.18650  -54.54117 1152928379 196.078480    34.4289      33522          8  0.000e+00
    300.156    -0.0485   2.870288    -0.0486   2.870683    6.32137    -0.0857    13.8155 0.0000e+00  -61.18650  -54.54117 1152928379 196.078481    34.4291      33523          8  0.000e+00
    300.337    -0.0480   2.870292    -0.0484   2.870689    6.31671    -0.0749    13.8155 0.0000e+00  -61.18650  -54.54117 1152928379 196.078481    34.4285      33524          8  0.000e+00
    300.270    -0.0483   2.870312    -0.0484   2.870695    6.32144    -0.0319    13.8155 0.0000e+00  -61.18650  -54.54117 1152928379 196.078482    34.4292      33525          8  0.000e+00
    300.223    -0.0483   2.870318    -0.0484   2.870689    6.32139    -0.0426    13.8155 0.0000e+00  -61.18650  -54.54117 1152928379 196.078482    34.4293      33526          8  0.000e+00
    300.194    -0.0482   2.870318    -0.0488   2.870671    6.32134    -0.0749    13.8155 0.0000e+00  -61.18650  -54.54117 1152928379 196.078483    34.4291      33527          8  0.000e+00
    300.194    -0.0487   2.870298    -0.0486   2.870659    6.31666    -0.0964    13.8155 0.0000e+00  -61.18650  -54.54117 1152928379 196.078483    34.4294      33528          8  0.000e+00
    300.223    -0.0488   2.870258    -0.0489   2.870659    6.32148    -0.1395    13.8155 0.0000e+00  -61.18650  -54.54117 1152928379 196.078484    34.4290      33529          8  0.000e+00
    300.127    -0.0493   2.870248    -0.0482   2.870636    6.32146    -0.0749    13.8155 0.0000e+00  -61.18650  -54.54117 1152928379 196.078484    34.4294      33530          8  0.000e+00
    300.194    -0.0493   2.870248    -0.0487   2.870653    6.32152    -0.0534    13.8155 0.0000e+00  -61.18650  -54.54117 1152928379 196.078485    34.4294      33531          8  0.000e+00
    300.156    -0.0488   2.870245    -0.0490   2.870636    6.32143    -0.0642    13.8155 0.0000e+00  -61.18650  -54.54117 1152928379 196.078485    34.4289      33532          8  0.000e+00
    300.127    -0.0488   2.870265    -0.0487   2.870630    6.31664    -0.0534    13.8155 0.0000e+00  -61.18650  -54.54117 1152928380 196.078486    34.4291      33533          8  0.000e+00
    300.127    -0.0491   2.870272    -0.0487   2.870630    6.32143    -0.0426    13.8155 0.0000e+00  -61.18650  -54.54117 1152928380 196.078486    34.4296      33534          8  0.000e+00
    300.127    -0.0485   2.870268    -0.0489   2.870653    6.32135    -0.0534    13.8155 0.0000e+00  -61.18650  -54.54117 1152928380 196.078487    34.4288      33535          8  0.000e+00
    300.079    -0.0488   2.870268    -0.0493   2.870659    6.32135    -0.0749    13.8155 0.0000e+00  -61.18650  -54.54117 1152928380 196.078487    34.4292      33536          8  0.000e+00
    300.127    -0.0485   2.870272    -0.0489   2.870624    6.32135    -0.0749    13.8155 0.0000e+00  -61.18650  -54.54117 1152928380 196.078488    34.4289      33537          8  0.000e+00
    300.060    -0.0487   2.870288    -0.0490   2.870648    6.32130     0.0112    13.8155 0.0000e+00  -61.18650  -54.54117 1152928380 196.078488    34.4293      33538          8  0.000e+00
    300.079    -0.0483   2.870255    -0.0487   2.870642    6.32130    -0.0211    13.8155 0.0000e+00  -61.18650  -54.54117 1152928380 196.078489    34.4285      33539          8  0.000e+00
    300.127    -0.0488   2.870282    -0.0487   2.870630    6.31663    -0.0426    13.8155 0.0000e+00  -61.18650  -54.54117 1152928380 196.078489    34.4294      33540          8  0.000e+00
    300.060    -0.0489   2.870275    -0.0487   2.870653    6.31659    -0.0964    13.8155 0.0000e+00  -61.18650  -54.54117 1152928380 196.078490    34.4295      33541          8  0.000e+00
    300.012    -0.0490   2.870268    -0.0487   2.870636    6.32131    -0.1287    13.8155 0.0000e+00  -61.18650  -54.54117 1152928380 196.078490    34.4294      33542          8  0.000e+00
    300.060    -0.0489   2.870268    -0.0489   2.870612    6.31659    -0.1395    13.8155 0.0000e+00  -61.18650  -54.54117 1152928380 196.078491    34.4294      33543          8  0.000e+00
    300.060    -0.0491   2.870252    -0.0488   2.870648    6.31663    -0.0642    13.8155 0.0000e+00  -61.18650  -54.54117 1152928380 196.078491    34.4294      33544          8  0.000e+00
    300.012    -0.0491   2.870248    -0.0486   2.870659    6.31659    -0.0211    13.8155 0.0000e+00  -61.18650  -54.54117 1152928380 196.078492    34.4293      33545          8  0.000e+00
    300.060    -0.0491   2.870228    -0.0487   2.870636    6.31664    -0.0319    13.8155 0.0000e+00  -61.18650  -54.54117 1152928380 196.078492    34.4290      33546          8  0.000e+00
    300.060    -0.0488   2.870258    -0.0487   2.870630    6.31658    -0.0749    13.8155 0.0000e+00  -61.18650  -54.54117 1152928380 196.078492    34.4291      33547          8  0.000e+00
    300.012    -0.0491   2.870272    -0.0487   2.870630    6.31657    -0.0964    13.8155 0.0000e+00  -61.18650  -54.54117 1152928380 196.078493    34.4296      33548          8  0.000e+00
    299.984    -0.0485   2.870268    -0.0489   2.870630    6.32123    -0.0749    13.8155 0.0000e+00  -61.18650  -54.54117 1152928380 196.078493    34.4289      33549          8  0.000e+00
    299.984    -0.0488   2.870268    -0.0491   2.870630    6.31651    -0.0964    13.8155 0.0000e+00  -61.18650  -54.54117 1152928380 196.078494    34.4293      33550          8  0.000e+00
    300.012    -0.0488   2.870251    -0.0489   2.870630    6.31654    -0.0749    13.8155 0.0000e+00  -61.18650  -54.54117 1152928380 196.078494    34.4290      33551          8  0.000e+00
    300.060    -0.0493   2.870265    -0.0490   2.870630    6.31664    -0.0426    13.8155 0.0000e+00  -61.18650  -54.54117 1152928380 196.078495    34.4297      33552          8  0.000e+00
    299.984    -0.0489   2.870268    -0.0493   2.870612    6.31653    -0.0534    13.8155 0.0000e+00  -61.18650  -54.54117 1152928380 196.078495    34.4294      33553          8  0.000e+00
    299.984    -0.0488   2.870251    -0.0487   2.870648    6.31652    -0.0964    13.8155 0.0000e+00  -61.18650  -54.54117 1152928380 196.078496    34.4290      33554          8  0.000e+00
    300.012    -0.0491   2.870248    -0.0491   2.870624    6.31659    -0.0749    13.8155 0.0000e+00  -61.18650  -54.54117 1152928380 196.078496    34.4293      33555          8  0.000e+00
    299.984    -0.0489   2.870245    -0.0489   2.870624    6.32130    -0.0534    13.8155 0.0000e+00  -61.18650  -54.54117 1152928380 196.078497    34.4291      33556          8  0.000e+00
    299.984    -0.0487   2.870231    -0.0490   2.870630    6.32127    -0.1180    13.8155 0.0000e+00  -61.18650  -54.54117 1152928380 196.078497    34.4286      33557          8  0.000e+00
    299.945    -0.0488   2.870241    -0.0491   2.870612    6.32125    -0.0964    13.8155 0.0000e+00  -61.18650  -54.54117 1152928381 196.078498    34.4289      33558          8  0.000e+00
    250.649    -0.0617   2.863863    -0.0587   2.864826    6.38735    -0.0964    13.8155 0.0000e+00  -61.18650  -54.54117 1152928454 196.079346    34.3885      35316          9  0.000e+00
    250.649    -0.0629   2.863847    -0.0592   2.864837    6.38751    -0.0749    13.8155 0.0000e+00  -61.18650  -54.54117 1152928454 196.079346    34.3897      35317          9  0.000e+00
    250.582    -0.0625   2.863863    -0.0611   2.864779    6.38738    -0.0964    13.8155 0.0000e+00  -61.18650  -54.54117 1152928454 196.079347    34.3894      35318          9  0.000e+00
    250.573    -0.0627   2.863833    -0.0614   2.864656    6.38742    -0.0964    13.8155 0.0000e+00  -61.18650  -54.54117 1152928454 196.079347    34.3892      35319          9  0.000e+00
    250.582    -0.0625   2.863733    -0.0618   2.864538    6.38746    -0.0642    13.8155 0.0000e+00  -61.18650  -54.54117 1152928454 196.079348    34.3877      35320          9  0.000e+00
    250.573    -0.0633   2.863673    -0.0623   2.864497    6.38759    -0.0534    13.8155 0.0000e+00  -61.18650  -54.54117 1152928454 196.079348    34.3878      35321          9  0.000e+00
    250.582    -0.0637   2.863643    -0.0625   2.864444    6.39239    -0.1180    13.8155 0.0000e+00  -61.18650  -54.54117 1152928454 196.079348    34.3879      35322          9  0.000e+00
    250.506    -0.0639   2.863640    -0.0624   2.864450    6.39236    -0.0964    13.8155 0.0000e+00  -61.18650  -54.54117 1152928454 196.079349    34.3881      35323          9  0.000e+00
    250.582    -0.0644   2.863656    -0.0622   2.864439    6.39247    -0.0857    13.8155 0.0000e+00  -61.18650  -54.54117 1152928454 196.079349    34.3888      35324          9  0.000e+00
    250.506    -0.0649   2.863663    -0.0622   2.864450    6.39248    -0.0534    13.8155 0.0000e+00  -61.18650  -54.54117 1152928454 196.079350    34.3896      35325          9  0.000e+00
    250.515    -0.0645   2.863680    -0.0625   2.864456    6.39242    -0.0534    13.8155 0.0000e+00  -61.18650  -54.54117 1152928454 196.079350    34.3893      35326          9  0.000e+00
    250.515    -0.0647   2.863666    -0.0624   2.864480    6.39245    -0.0534    13.8155 0.0000e+00  -61.18650  -54.54117 1152928454 196.079351    34.3893      35327          9  0.000e+00
    250.429    -0.0643   2.863643    -0.0622   2.864509    6.39234    -0.0642    13.8155 0.0000e+00  -61.18650  -54.54117 1152928454 196.079351    34.3887      35328          9  0.000e+00
    250.515    -0.0641   2.863656    -0.0614   2.864532    6.39238    -0.0964    13.8155 0.0000e+00  -61.18650  -54.54117 1152928454 196.079352    34.3885      35329          9  0.000e+00
    250.429    -0.0645   2.863626    -0.0621   2.864562    6.39710    -0.0857    13.8155 0.0000e+00  -61.18650  -54.54117 1152928454 196.079352    34.3886      35330          9  0.000e+00
    250.515    -0.0644   2.863616    -0.0612   2.864585    6.39717    -0.0534    13.8155 0.0000e+00  -61.18650  -54.54117 1152928454 196.079353    34.3883      35331          9  0.000e+00
    250.429    -0.0645   2.863616    -0.0614   2.864591    6.39711    -0.0319    13.8155 0.0000e+00  -61.18650  -54.54117 1152928454 196.079353    34.3885      35332          9  0.000e+00
    250.372    -0.0646   2.863650    -0.0622   2.864538    6.39705    -0.0104    13.8155 0.0000e+00  -61.18650  -54.54117 1152928455 196.079354    34.3891      35333          9  0.000e+00
    250.429    -0.0648   2.863646    -0.0619   2.864532    6.39713    -0.0534    13.8155 0.0000e+00  -61.18650  -54.54117 1152928455 196.079354    34.3893      35334          9  0.000e+00
    250.439    -0.0643   2.863656    -0.0618   2.864521    6.39707    -0.0857    13.8155 0.0000e+00  -61.18650  -54.54117 1152928455 196.079355    34.3888      35335          9  0.000e+00
    250.362    -0.0645   2.863663    -0.0617   2.864532    6.40175    -0.0964    13.8155 0.0000e+00  -61.18650  -54.54117 1152928455 196.079355    34.3892      35336          9  0.000e+00
    250.439    -0.0639   2.863646    -0.0615   2.864579    6.40175    -0.0857    13.8155 0.0000e+00  -61.18650  -54.54117 1152928455 196.079356    34.3882      35337          9  0.000e+00
    250.362    -0.0643   2.863656    -0.0608   2.864650    6.40173    -0.0749    13.8155 0.0000e+00  -61.18650  -54.54117 1152928455 196.079356    34.3889      35338          9  0.000e+00
    250.372    -0.0645   2.863646    -0.0600   2.864697    6.40177    -0.0534    13.8155 0.0000e+00  -61.18650  -54.54117 1152928455 196.079357    34.3890      35339          9  0.000e+00
    250.295    -0.0642   2.863656    -0.0603   2.864702    6.40165    -0.0534    13.8155 0.0000e+00  -61.18650  -54.54117 1152928455 196.079357    34.3888      35340          9  0.000e+00
    250.372    -0.0648   2.863663    -0.0604   2.864679    6.40652    -0.0534    13.8155 0.0000e+00  -61.18650  -54.54117 1152928455 196.079358    34.3895      35341          9  0.000e+00
    250.362    -0.0641   2.863663    -0.0612   2.864638    6.40642    -0.0964    13.8155 0.0000e+00  -61.18650  -54.54117 1152928455 196.079358    34.3887      35342          9  0.000e+00
    250.295    -0.0642   2.863680    -0.0608   2.864644    6.40637    -0.0964    13.8155 0.0000e+00  -61.18650  -54.54117 1152928455 196.079359    34.3891      35343          9  0.000e+00
    250.296    -0.0645   2.863703    -0.0611   2.864667    6.40640    -0.0964    13.8155 0.0000e+00  -61.18650  -54.54117 1152928455 196.079359    34.3898      35344          9  0.000e+00
    250.296    -0.0641   2.863880    -0.0612   2.864673    6.40624    -0.0964    13.8155 0.0000e+00  -61.18650  -54.54117 1152928455 196.079360    34.3916      35345          9  0.000e+00
    250.296    -0.0623   2.864177    -0.0614   2.864656    6.40583    -0.0642    13.8155 0.0000e+00  -61.18650  -54.54117 1152928455 196.079360    34.3936      35346          9  0.000e+00
    250.219    -0.0605   2.864448    -0.0609   2.864603    6.40537    -0.0749    13.8155 0.0000e+00  -61.18650  -54.54117 1152928455 196.079361    34.3951      35347          9  0.000e+00
    250.229    -0.0593   2.864595    -0.0618   2.864597    6.40515    -0.0534    13.8155 0.0000e+00  -61.18650  -54.54117 1152928455 196.079361    34.3958      35348          9  0.000e+00
    250.296    -0.0600   2.864572    -0.0623   2.864532    6.40531    -0.0642    13.8155 0.0000e+00  -61.18650  -54.54117 1152928455 196.079361    34.3962      35349          9  0.000e+00
    250.229    -0.0602   2.864522    -0.0626   2.864450    6.41003    -0.0857    13.8155 0.0000e+00  -61.18650  -54.54117 1152928455 196.079362    34.3958      35350          9  0.000e+00
    250.152    -0.0600   2.864562    -0.0623   2.864415    6.40991    -0.1072    13.8155 0.0000e+00  -61.18650  -54.54117 1152928455 196.079362    34.3961      35351          9  0.000e+00
    250.229    -0.0597   2.864545    -0.0619   2.864380    6.40996    -0.0534    13.8155 0.0000e+00  -61.18650  -54.54117 1152928455 196.079363    34.3956      35352          9  0.000e+00
    250.219    -0.0593   2.864498    -0.0626   2.864374    6.40993    -0.0749    13.8155 0.0000e+00  -61.18650  -54.54117 1152928455 196.079363    34.3945      35353          9  0.000e+00
