product_data/regression_test/downloaded_data/MDGS/320620060703/ctd/p6617612.ros
* Sea-Bird SBE 9 Data File:
* FileName = D:\Data\Raw\p6617612.dat
* Software Version Seasave Win32 V 5.32
* Temperature SN = 1649
* Conductivity SN = 1431
* Number of Bytes Per Scan = 37
* Number of Voltage Words = 5
* Number of Scans Averaged by the Deck Unit = 1
* NMEA Latitude = 60 37.00 S
* NMEA Longitude = 054 43.23 W
* NMEA UTC (Time) = 15:44:17
** Ship:   Nathaniel B. Palmer 
** Cruise:    NBP0606 
# nquan = 17
# nvalues = 1176                    
# units = specified
# name 0 = prDM: Pressure, Digiquartz [db]
# name 1 = t090C: Temperature [ITS-90, deg C]
# name 2 = c0S/m: Conductivity [S/m]
# name 3 = t190C: Temperature, 2 [ITS-90, deg C]
# name 4 = c1S/m: Conductivity, 2 [S/m]
# name 5 = sbeox0ML/L: Oxygen, SBE 43 [ml/l]
# name 6 = flECO-AFL: Fluorescence, Wetlab ECO-AFL/FL [mg/m^3]
# name 7 = bat: Beam Attenuation, Chelsea/Seatech/Wetlab CStar [1/m]
# name 8 = spar: SPAR/Surface Irradiance
# name 9 = latitude: Latitude [deg]
# name 10 = longitude: Longitude [deg]
# name 11 = timeY: Time, System [seconds]
# name 12 = timeJ: Julian Days
# name 13 = sal00: Salinity [PSU]
# name 14 = scan: scan number
# name 15 = nbf: number of bottles fired
# name 16 = flag:  0.000e+00
# interval = seconds: 0.0416667                   
# start_time = Jul 21 2006 15:44:25
*END*
[from data line 171]
    396.567     0.3371   2.915540     0.3381   2.915972    5.81135    -0.0426    13.8155 6.0393e+01  -60.61667  -54.72050 1153497394 202.664300    34.5356      17534          4  0.000e+00
    396.490     0.3368   2.915533     0.3382   2.915943    5.81609    -0.0964    13.8155 6.0393e+01  -60.61667  -54.72050 1153497394 202.664301    34.5359      17535          4  0.000e+00
    396.490     0.3368   2.915530     0.3376   2.915943    5.81610    -0.0857    13.8155 6.0393e+01  -60.61667  -54.72050 1153497394 202.664301    34.5359      17536          4  0.000e+00
    396.538     0.3372   2.915547     0.3381   2.915937    5.81608    -0.1072    13.8155 6.0393e+01  -60.61667  -54.72050 1153497394 202.664302    34.5357      17537          4  0.000e+00
    396.490     0.3369   2.915516     0.3375   2.915919    5.81609    -0.0857    13.8155 6.0393e+01  -60.61667  -54.72050 1153497394 202.664302    34.5356      17538          4  0.000e+00
    396.423     0.3369   2.915506     0.3381   2.915931    5.81604    -0.0857    13.8155 6.0393e+01  -60.61667  -54.72050 1153497394 202.664303    34.5355      17539          4  0.000e+00
    396.490     0.3369   2.915523     0.3376   2.915925    5.81132    -0.0534    13.8155 6.0393e+01  -60.61667  -54.72050 1153497394 202.664303    34.5357      17540          4  0.000e+00
    396.423     0.3374   2.915526     0.3381   2.915931    5.81597    -0.0964    13.8155 6.0393e+01  -60.61667  -54.72050 1153497394 202.664304    34.5352      17541          4  0.000e+00
    396.423     0.3371   2.915563     0.3380   2.915919    5.81599    -0.0749    13.8155 6.0393e+01  -60.61667  -54.72050 1153497394 202.664304    34.5360      17542          4  0.000e+00
    396.423     0.3372   2.915557     0.3375   2.915913    5.81598    -0.0749    13.8155 6.0393e+01  -60.61667  -54.72050 1153497394 202.664305    34.5359      17543          4  0.000e+00
    396.423     0.3368   2.915499     0.3375   2.915895    5.81606    -0.0534    13.8155 6.0393e+01  -60.61667  -54.72050 1153497394 202.664305    34.5355      17544          4  0.000e+00
    396.423     0.3368   2.915483     0.3372   2.915907    5.81607    -0.0642    13.8155 6.0393e+01  -60.61667  -54.72050 1153497394 202.664306    34.5353      17545          4  0.000e+00
    396.346     0.3366   2.915462     0.3378   2.915889    5.81127    -0.0642    13.8155 6.0393e+01  -60.61667  -54.72050 1153497394 202.664306    34.5354      17546          4  0.000e+00
    396.346     0.3365   2.915459     0.3372   2.915901    5.81129    -0.0749    13.8155 6.0393e+01  -60.61667  -54.72050 1153497394 202.664307    34.5354      17547          4  0.000e+00
    396.423     0.3365   2.915459     0.3373   2.915860    5.81135    -0.0857    13.8155 6.0393e+01  -60.61667  -54.72050 1153497394 202.664307    34.5354      17548          4  0.000e+00
    396.346     0.3363   2.915476     0.3378   2.915872    5.81130    -0.0642    13.8155 6.0393e+01  -60.61667  -54.72050 1153497394 202.664307    34.5359      17549          4  0.000e+00
    396.317     0.3369   2.915446     0.3373   2.915901    5.81121    -0.0642    13.8155 6.0393e+01  -60.61667  -54.72050 1153497394 202.664308    34.5347      17550          4  0.000e+00
    396.279     0.3365   2.915469     0.3380   2.915889    5.81123    -0.0749    13.8155 6.0393e+01  -60.61667  -54.72050 1153497394 202.664308    34.5356      17551          4  0.000e+00
    396.346     0.3364   2.915442     0.3378   2.915866    5.81130    -0.1072    13.8155 6.0393e+01  -60.61667  -54.72050 1153497394 202.664309    34.5353      17552          4  0.000e+00
    396.279     0.3366   2.915452     0.3376   2.915878    5.81122    -0.1180    13.8155 6.0393e+01  -60.61667  -54.72050 1153497394 202.664309    34.5352      17553          4  0.000e+00
    396.279     0.3363   2.915476     0.3378   2.915901    5.81124    -0.0857    13.8155 6.0393e+01  -60.61667  -54.72050 1153497394 202.664310    34.5359      17554          4  0.000e+00
    396.279     0.3367   2.915446     0.3376   2.915931    5.81121    -0.0534    13.8155 6.0393e+01  -60.61667  -54.72050 1153497394 202.664310    34.5350      17555          4  0.000e+00
    396.212     0.3365   2.915452     0.3378   2.915919    5.81118    -0.0534    13.8155 6.0393e+01  -60.61667  -54.72050 1153497395 202.664311    34.5354      17556          4  0.000e+00
    396.279     0.3363   2.915476     0.3379   2.915895    5.81124    -0.0642    13.8155 6.0393e+01  -60.61667  -54.72050 1153497395 202.664311    34.5359      17557          4  0.000e+00
    396.279     0.3368   2.915462     0.3381   2.915925    5.81119    -0.0857    13.8155 6.0393e+01  -60.61667  -54.72050 1153497395 202.664312    34.5351      17558          4  0.000e+00
    396.347     0.3378   2.915590     0.3376   2.915937    5.81106    -0.0749    13.8155 5.8444e+01  -60.61667  -54.72050 1153497401 202.664389    34.5356      17718          5  0.000e+00
    396.213     0.3369   2.915597     0.3381   2.915919    5.81105    -0.0749    13.8155 5.8444e+01  -60.61667  -54.72050 1153497401 202.664389    34.5368      17719          5  0.000e+00
    396.280     0.3369   2.915580     0.3376   2.915913    5.81111    -0.1180    13.8155 5.8444e+01  -60.61667  -54.72050 1153497401 202.664390    34.5365      17720          5  0.000e+00
    396.213     0.3375   2.915574     0.3373   2.915878    5.81100    -0.1180    13.8155 5.8444e+01  -60.61667  -54.72050 1153497401 202.664390    34.5358      17721          5  0.000e+00
    396.280     0.3380   2.915590     0.3373   2.915901    5.81098    -0.0964    13.8155 5.8444e+01  -60.61667  -54.72050 1153497401 202.664391    34.5354      17722          5  0.000e+00
    396.213     0.3374   2.915563     0.3372   2.915913    5.81101    -0.0534    13.8155 5.8444e+01  -60.61667  -54.72050 1153497402 202.664391    34.5358      17723          5  0.000e+00
    396.280     0.3369   2.915570     0.3372   2.915889    5.81113    -0.0534    13.8155 5.8444e+01  -60.61667  -54.72050 1153497402 202.664392    34.5365      17724          5  0.000e+00
    396.213     0.3371   2.915523     0.3372   2.915889    5.81107    -0.1072    13.8155 5.8444e+01  -60.61667  -54.72050 1153497402 202.664392    34.5356      17725          5  0.000e+00
    396.252     0.3371   2.915540     0.3367   2.915883    5.81109    -0.1287    13.8155 5.8444e+01  -60.61667  -54.72050 1153497402 202.664393    34.5358      17726          5  0.000e+00
    396.213     0.3372   2.915533     0.3372   2.915860    5.81105    -0.1072    13.8155 5.8444e+01  -60.61667  -54.72050 1153497402 202.664393    34.5356      17727          5  0.000e+00
    396.280     0.3367   2.915510     0.3375   2.915872    5.81117    -0.0857    13.8155 6.0393e+01  -60.61667  -54.72050 1153497402 202.664394    34.5358      17728          5  0.000e+00
    396.213     0.3371   2.915523     0.3370   2.915848    5.81107    -0.1072    13.8155 6.2341e+01  -60.61667  -54.72050 1153497402 202.664394    34.5356      17729          5  0.000e+00
    396.213     0.3371   2.915510     0.3372   2.915895    5.81108    -0.1072    13.8155 6.0393e+01  -60.61667  -54.72050 1153497402 202.664395    34.5355      17730          5  0.000e+00
    396.213     0.3369   2.915540     0.3373   2.915889    5.81109    -0.1610    13.8155 6.0393e+01  -60.61667  -54.72050 1153497402 202.664395    34.5361      17731          5  0.000e+00
    396.213     0.3369   2.915553     0.3372   2.915883    5.81107    -0.1180    13.8155 6.0393e+01  -60.61667  -54.72050 1153497402 202.664396    34.5362      17732          5  0.000e+00
    396.213     0.3366   2.915550     0.3373   2.915889    5.81111    -0.0534    13.8155 6.0393e+01  -60.61667  -54.72050 1153497402 202.664396    34.5365      17733          5  0.000e+00
    396.137     0.3372   2.915550     0.3372   2.915883    5.81098    -0.0964    13.8155 6.0393e+01  -60.61667  -54.72050 1153497402 202.664397    34.5359      17734          5  0.000e+00
    396.213     0.3369   2.915553     0.3373   2.915901    5.81107    -0.1287    13.8155 6.0393e+01  -60.61667  -54.72050 1153497402 202.664397    34.5362      17735          5  0.000e+00
    396.213     0.3371   2.915516     0.3376   2.915913    5.81107    -0.1072    13.8155 6.0393e+01  -60.61667  -54.72050 1153497402 202.664398    34.5355      17736          5  0.000e+00
    396.137     0.3375   2.915506     0.3378   2.915937    5.81097    -0.0534    13.8155 6.0393e+01  -60.61667  -54.72050 1153497402 202.664398    34.5350      17737          5  0.000e+00
    396.185     0.3369   2.915540     0.3386   2.915960    5.81106    -0.0642    13.8155 6.2341e+01  -60.61667  -54.72050 1153497402 202.664399    34.5361      17738          5  0.000e+00
    396.137     0.3374   2.915570     0.3381   2.915942    5.81095    -0.1072    13.8155 6.0393e+01  -60.61667  -54.72050 1153497402 202.664399    34.5359      17739          5  0.000e+00
    396.137     0.3370   2.915577     0.3389   2.915978    5.81099    -0.0857    13.8155 6.0393e+01  -60.61667  -54.72050 1153497402 202.664400    34.5364      17740          5  0.000e+00
    396.213     0.3371   2.915557     0.3389   2.915972    5.81105    -0.0642    13.8155 6.0393e+01  -60.61667  -54.72050 1153497402 202.664400    34.5361      17741          5  0.000e+00
    396.137     0.3379   2.915604     0.3384   2.915996    5.81088    -0.1072    13.8155 6.0393e+01  -60.61667  -54.72050 1153497402 202.664401    34.5359      17742          5  0.000e+00
    396.070     0.3380   2.915600     0.3386   2.915936    5.81081    -0.1180    13.8155 6.0393e+01  -60.61667  -54.72050 1153497402 202.664401    34.5357      17743          5  0.000e+00
    396.137     0.3379   2.915597     0.3387   2.915931    5.81088    -0.0964    13.8155 6.0393e+01  -60.61667  -54.72050 1153497402 202.664402    34.5358      17744          5  0.000e+00
    396.137     0.3376   2.915631     0.3383   2.915978    5.81090    -0.0857    13.8155 6.0393e+01  -60.61667  -54.72050 1153497402 202.664402    34.5366      17745          5  0.000e+00
    396.137     0.3379   2.915594     0.3386   2.915942    5.81088    -0.1072    13.8155 6.0393e+01  -60.61667  -54.72050 1153497402 202.664402    34.5357      17746          5  0.000e+00
    396.070     0.3381   2.915577     0.3384   2.915931    5.81081    -0.0749    13.8155 6.0393e+01  -60.61667  -54.72050 1153497403 202.664403    34.5353      17747          5  0.000e+00
    396.070     0.3377   2.915590     0.3384   2.915936    5.81084    -0.0749    13.8155 6.0393e+01  -60.61667  -54.72050 1153497403 202.664403    34.5359      17748          5  0.000e+00
    396.137     0.3377   2.915563     0.3389   2.915919    5.81091    -0.1395    13.8155 6.2341e+01  -60.61667  -54.72050 1153497403 202.664404    34.5355      17749          5  0.000e+00
    396.041     0.3378   2.915553     0.3386   2.915936    5.81083    -0.1395    13.8155 6.0393e+01  -60.61667  -54.72050 1153497403 202.664404    34.5353      17750          5  0.000e+00
    396.070     0.3376   2.915570     0.3387   2.915936    5.81088    -0.0749    13.8155 6.0393e+01  -60.61667  -54.72050 1153497403 202.664405    34.5358      17751          5  0.000e+00
    396.070     0.3376   2.915577     0.3382   2.915954    5.81087    -0.0642    13.8155 6.0393e+01  -60.61667  -54.72050 1153497403 202.664405    34.5359      17752          5  0.000e+00
    396.070     0.3375   2.915540     0.3381   2.915925    5.81090    -0.0857    13.8155 6.0393e+01  -60.61667  -54.72050 1153497403 202.664406    34.5355      17753          5  0.000e+00
    396.003     0.3377   2.915530     0.3376   2.915936    5.81082    -0.1072    13.8155 5.8444e+01  -60.61667  -54.72050 1153497403 202.664406    34.5351      17754          5  0.000e+00
    396.070     0.3380   2.915509     0.3378   2.915936    5.81085    -0.1287    13.8155 5.8444e+01  -60.61667  -54.72050 1153497403 202.664407    34.5345      17755          5  0.000e+00
    396.070     0.3374   2.915503     0.3378   2.915895    5.81093    -0.1072    13.8155 5.8444e+01  -60.61667  -54.72050 1153497403 202.664407    34.5352      17756          5  0.000e+00
    396.003     0.3372   2.915540     0.3370   2.915901    5.81087    -0.0749    13.8155 6.0393e+01  -60.61667  -54.72050 1153497403 202.664408    34.5358      17757          5  0.000e+00
    396.003     0.3369   2.915553     0.3378   2.915936    5.81090    -0.0104    13.8155 5.8444e+01  -60.61667  -54.72050 1153497403 202.664408    34.5363      17758          5  0.000e+00
    396.003     0.3374   2.915553     0.3373   2.915895    5.81562    -0.0426    13.8155 5.8444e+01  -60.61667  -54.72050 1153497403 202.664409    34.5359      17759          5  0.000e+00
    396.003     0.3376   2.915570     0.3373   2.915883    5.81559    -0.0749    13.8155 5.6496e+01  -60.61667  -54.72050 1153497403 202.664409    34.5359      17760          5  0.000e+00
    395.964     0.3377   2.915577     0.3373   2.915919    5.81554    -0.0534    13.8155 5.8444e+01  -60.61667  -54.72050 1153497403 202.664410    34.5358      17761          5  0.000e+00
    396.003     0.3380   2.915557     0.3378   2.915925    5.81554    -0.0642    13.8155 5.8444e+01  -60.61667  -54.72050 1153497403 202.664410    34.5352      17762          5  0.000e+00
    395.926     0.3378   2.915533     0.3379   2.915913    5.81075    -0.0964    13.8155 5.8444e+01  -60.61667  -54.72050 1153497403 202.664411    34.5351      17763          5  0.000e+00
    396.003     0.3374   2.915530     0.3375   2.915866    5.81563    -0.1072    13.8155 5.8444e+01  -60.61667  -54.72050 1153497403 202.664411    34.5355      17764          5  0.000e+00
    395.926     0.3371   2.915546     0.3378   2.915872    5.81560    -0.0642    13.8155 5.8444e+01  -60.61667  -54.72050 1153497403 202.664412    34.5361      17765          5  0.000e+00
    395.926     0.3366   2.915533     0.3379   2.915889    5.81090    -0.0964    13.8155 5.8444e+01  -60.61667  -54.72050 1153497403 202.664412    34.5365      17766          5  0.000e+00
    396.492     0.3467   2.916405     0.3446   2.916515    5.80970    -0.0642    13.8155 6.0393e+01  -60.61667  -54.72050 1153497408 202.664468    34.5363      17881          6  0.000e+00
    396.636     0.3466   2.916392     0.3451   2.916533    5.80984    -0.0857    13.8155 6.0393e+01  -60.61667  -54.72050 1153497408 202.664468    34.5361      17882          6  0.000e+00
    396.492     0.3472   2.916368     0.3447   2.916556    5.80967    -0.0749    13.8155 6.2341e+01  -60.61667  -54.72050 1153497408 202.664469    34.5353      17883          6  0.000e+00
    396.569     0.3469   2.916331     0.3444   2.916533    5.80978    -0.0964    13.8155 6.2341e+01  -60.61667  -54.72050 1153497408 202.664469    34.5350      17884          6  0.000e+00
    396.569     0.3460   2.916230     0.3437   2.916491    5.80994    -0.1180    13.8155 6.2341e+01  -60.61667  -54.72050 1153497408 202.664470    34.5348      17885          6  0.000e+00
    396.636     0.3449   2.916133     0.3443   2.916503    5.81018    -0.0964    13.8155 6.0393e+01  -60.61667  -54.72050 1153497408 202.664470    34.5347      17886          6  0.000e+00
    396.569     0.3431   2.916092     0.3438   2.916515    5.81035    -0.0749    13.8155 6.2341e+01  -60.61667  -54.72050 1153497408 202.664470    34.5361      17887          6  0.000e+00
    396.569     0.3422   2.916052     0.3439   2.916545    5.81048    -0.0642    13.8155 6.0393e+01  -60.61667  -54.72050 1153497408 202.664471    34.5366      17888          6  0.000e+00
    396.569     0.3415   2.915988     0.3438   2.916521    5.81060    -0.0534    13.8155 6.0393e+01  -60.61667  -54.72050 1153497408 202.664471    34.5366      17889          6  0.000e+00
    396.607     0.3413   2.915968     0.3439   2.916515    5.81067    -0.0534    13.8155 6.2341e+01  -60.61667  -54.72050 1153497408 202.664472    34.5366      17890          6  0.000e+00
