product_data/regression_test/downloaded_data/MDGS/320620060703/ctd/p6617605.ros
* Sea-Bird SBE 9 Data File:
* FileName = D:\Data\Raw\p6617605.dat
* Software Version Seasave Win32 V 5.32
* Temperature SN = 1649
* Conductivity SN = 1431
* Number of Bytes Per Scan = 37
* Number of Voltage Words = 5
* Number of Scans Averaged by the Deck Unit = 1
* NMEA Latitude = 60 36.97 S
* NMEA Longitude = 054 43.19 W
* NMEA UTC (Time) = 08:06:33
** Ship:   Nathaniel B. Palmer 
** Cruise:    NBP0606 
# nquan = 17
# nvalues = 1176                    
# units = specified
# name 0 = prDM: Pressure, Digiquartz [db]
# name 1 = t090C: Temperature [ITS-90, deg C]
# name 2 = c0S/m: Conductivity [S/m]
# name 3 = t190C: Temperature, 2 [ITS-90, deg C]
# name 4 = c1S/m: Conductivity, 2 [S/m]
# name 5 = sbeox0ML/L: Oxygen, SBE 43 [ml/l]
# name 6 = flECO-AFL: Fluorescence, Wetlab ECO-AFL/FL [mg/m^3]
# name 7 = bat: Beam Attenuation, Chelsea/Seatech/Wetlab CStar [1/m]
# name 8 = spar: SPAR/Surface Irradiance
# name 9 = latitude: Latitude [deg]
# name 10 = longitude: Longitude [deg]
# name 11 = timeY: Time, System [seconds]
# name 12 = timeJ: Julian Days
# name 13 = sal00: Salinity [PSU]
# name 14 = scan: scan number
# name 15 = nbf: number of bottles fired
# name 16 = flag:  0.000e+00
# interval = seconds: 0.0416667                   
# start_time = Jul 21 2006 08:06:42
*END*
[from data line 596]
   2000.814     0.3855   2.999651     0.3857   2.999975    5.43207    -0.0749    13.8155 0.0000e+00  -60.61617  -54.71983 1153472135 202.371960    34.6854      70450         13  0.000e+00
   2000.814     0.3852   2.999613     0.3861   2.999981    5.42621    -0.0211    13.8155 0.0000e+00  -60.61617  -54.71983 1153472135 202.371961    34.6853      70451         13  0.000e+00
   2000.814     0.3857   2.999620     0.3858   2.999981    5.43207    -0.0211    13.8155 0.0000e+00  -60.61617  -54.71983 1153472135 202.371961    34.6849      70452         13  0.000e+00
   2000.775     0.3859   2.999589     0.3860   2.999987    5.42612    -0.0749    13.8155 0.0000e+00  -60.61617  -54.71983 1153472135 202.371962    34.6843      70453         13  0.000e+00
   2000.814     0.3852   2.999627     0.3861   2.999987    5.42621    -0.0642    13.8155 0.0000e+00  -60.61617  -54.71983 1153472135 202.371962    34.6855      70454         13  0.000e+00
   2000.883     0.3860   2.999613     0.3858   2.999987    5.42618    -0.0857    13.8155 0.0000e+00  -60.61617  -54.71983 1153472135 202.371963    34.6844      70455         13  0.000e+00
   2000.814     0.3854   2.999620     0.3858   2.999963    5.42619    -0.0964    13.8155 0.0000e+00  -60.61617  -54.71983 1153472135 202.371963    34.6852      70456         13  0.000e+00
   2000.883     0.3854   2.999644     0.3864   2.999993    5.42623    -0.1180    13.8155 0.0000e+00  -60.61617  -54.71983 1153472135 202.371964    34.6855      70457         13  0.000e+00
   2000.814     0.3854   2.999651     0.3861   2.999993    5.42618    -0.0964    13.8155 0.0000e+00  -60.61617  -54.71983 1153472136 202.371964    34.6856      70458         13  0.000e+00
   2000.844     0.3855   2.999651     0.3869   3.000005    5.43210    -0.0749    13.8155 0.0000e+00  -60.61617  -54.71983 1153472136 202.371965    34.6854      70459         13  0.000e+00
   2000.883     0.3849   2.999630     0.3864   3.000011    5.42630    -0.1180    13.8155 0.0000e+00  -60.61617  -54.71983 1153472136 202.371965    34.6858      70460         13  0.000e+00
   2000.814     0.3855   2.999589     0.3866   2.999993    5.42619    -0.1180    13.8155 0.0000e+00  -60.61617  -54.71983 1153472136 202.371966    34.6846      70461         13  0.000e+00
   2000.883     0.3855   2.999596     0.3863   3.000005    5.42624    -0.1180    13.8155 0.0000e+00  -60.61617  -54.71983 1153472136 202.371966    34.6847      70462         13  0.000e+00
   2000.814     0.3855   2.999637     0.3857   3.000011    5.42617    -0.1180    13.8155 0.0000e+00  -60.61617  -54.71983 1153472136 202.371967    34.6853      70463         13  0.000e+00
   2000.883     0.3855   2.999630     0.3860   2.999969    5.43213    -0.0857    13.8155 0.0000e+00  -60.61617  -54.71983 1153472136 202.371967    34.6851      70464         13  0.000e+00
   2000.814     0.3852   2.999627     0.3863   3.000017    5.43212    -0.0749    13.8155 0.0000e+00  -60.61617  -54.71983 1153472136 202.371968    34.6855      70465         13  0.000e+00
   2000.844     0.3855   2.999606     0.3864   2.999999    5.42620    -0.1072    13.8155 0.0000e+00  -60.61617  -54.71983 1153472136 202.371968    34.6848      70466         13  0.000e+00
   2000.814     0.3857   2.999637     0.3860   2.999987    5.42615    -0.1072    13.8155 0.0000e+00  -60.61617  -54.71983 1153472136 202.371969    34.6851      70467         13  0.000e+00
   2000.814     0.3854   2.999644     0.3860   2.999987    5.42618    -0.1180    13.8155 0.0000e+00  -60.61617  -54.71983 1153472136 202.371969    34.6855      70468         13  0.000e+00
   2000.814     0.3860   2.999630     0.3853   2.999939    5.42612    -0.1180    13.8155 0.0000e+00  -60.61617  -54.71983 1153472136 202.371970    34.6847      70469         13  0.000e+00
   2000.736     0.3855   2.999644     0.3858   2.999969    5.42610    -0.1072    13.8155 0.0000e+00  -60.61617  -54.71983 1153472136 202.371970    34.6854      70470         13  0.000e+00
   2000.814     0.3857   2.999668     0.3858   2.999981    5.42614    -0.0857    13.8155 0.0000e+00  -60.61617  -54.71983 1153472136 202.371970    34.6855      70471         13  0.000e+00
   2000.775     0.3860   2.999654     0.3866   2.999981    5.42608    -0.1072    13.8155 0.0000e+00  -60.61617  -54.71983 1153472136 202.371971    34.6850      70472         13  0.000e+00
   2000.736     0.3859   2.999630     0.3860   2.999939    5.42607    -0.1072    13.8155 0.0000e+00  -60.61617  -54.71983 1153472136 202.371971    34.6849      70473         13  0.000e+00
   2000.589     0.3857   2.999644     0.3861   2.999945    5.42598    -0.1072    13.8155 0.0000e+00  -60.61617  -54.71983 1153472136 202.371972    34.6853      70474         13  0.000e+00
   2000.814     0.3859   2.999613     0.3860   2.999957    5.42614    -0.0749    13.8155 0.0000e+00  -60.61617  -54.71983 1153472136 202.371972    34.6846      70475         13  0.000e+00
   2000.667     0.3855   2.999637     0.3860   2.999916    5.42606    -0.0534    13.8155 0.0000e+00  -60.61617  -54.71983 1153472136 202.371973    34.6853      70476         13  0.000e+00
   2000.667     0.3855   2.999613     0.3860   2.999939    5.42607    -0.0642    13.8155 0.0000e+00  -60.61617  -54.71983 1153472136 202.371973    34.6850      70477         13  0.000e+00
   2000.667     0.3854   2.999637     0.3860   2.999957    5.42608    -0.0749    13.8155 0.0000e+00  -60.61617  -54.71983 1153472136 202.371974    34.6855      70478         13  0.000e+00
   2000.628     0.3852   2.999650     0.3858   2.999933    5.42606    -0.0749    13.8155 0.0000e+00  -60.61617  -54.71983 1153472136 202.371974    34.6859      70479         13  0.000e+00
   2000.589     0.3859   2.999613     0.3861   2.999945    5.42597    -0.0749    13.8155 0.0000e+00  -60.61617  -54.71983 1153472136 202.371975    34.6847      70480         13  0.000e+00
   2000.589     0.3854   2.999596     0.3857   2.999957    5.42604    -0.0857    13.8155 0.0000e+00  -60.61617  -54.71983 1153472137 202.371975    34.6850      70481         13  0.000e+00
   2000.589     0.3857   2.999616     0.3860   2.999957    5.42599    -0.0964    13.8155 0.0000e+00  -60.61617  -54.71983 1153472137 202.371976    34.6849      70482         13  0.000e+00
   2000.520     0.3855   2.999627     0.3857   2.999957    5.42595    -0.0642    13.8155 0.0000e+00  -60.61617  -54.71983 1153472137 202.371976    34.6853      70483         13  0.000e+00
   2000.520     0.3854   2.999627     0.3860   2.999957    5.42597    -0.0211    13.8155 0.0000e+00  -60.61617  -54.71983 1153472137 202.371977    34.6855      70484         13  0.000e+00
   2000.550     0.3855   2.999627     0.3861   2.999957    5.42597    -0.0426    13.8155 0.0000e+00  -60.61617  -54.71983 1153472137 202.371977    34.6853      70485         13  0.000e+00
   2000.442     0.3854   2.999627     0.3861   2.999933    5.42591    -0.0964    13.8155 0.0000e+00  -60.61617  -54.71983 1153472137 202.371978    34.6855      70486         13  0.000e+00
   2000.442     0.3861   2.999627     0.3858   2.999927    5.42582    -0.1072    13.8155 0.0000e+00  -60.61617  -54.71983 1153472137 202.371978    34.6847      70487         13  0.000e+00
   2000.442     0.3855   2.999627     0.3860   2.999909    5.42589    -0.0642    13.8155 0.0000e+00  -60.61617  -54.71983 1153472137 202.371979    34.6853      70488         13  0.000e+00
   2000.442     0.3859   2.999627     0.3858   2.999939    5.42586    -0.0857    13.8155 0.0000e+00  -60.61617  -54.71983 1153472137 202.371979    34.6850      70489         13  0.000e+00
   2000.373     0.3852   2.999627     0.3860   2.999975    5.42588    -0.1287    13.8155 0.0000e+00  -60.61617  -54.71983 1153472137 202.371980    34.6857      70490         13  0.000e+00
   2000.296     0.3849   2.999565     0.3853   2.999927    5.42589    -0.1287    13.8155 0.0000e+00  -60.61617  -54.71983 1153472144 202.372057    34.6853      70650         14  0.000e+00
   2000.374     0.3851   2.999589     0.3852   2.999945    5.42591    -0.1072    13.8155 0.0000e+00  -60.61617  -54.71983 1153472144 202.372057    34.6854      70651         14  0.000e+00
   2000.404     0.3851   2.999582     0.3850   2.999933    5.42594    -0.0857    13.8155 0.0000e+00  -60.61617  -54.71983 1153472144 202.372058    34.6853      70652         14  0.000e+00
   2000.296     0.3854   2.999579     0.3853   2.999927    5.42582    -0.1072    13.8155 0.0000e+00  -60.61617  -54.71983 1153472144 202.372058    34.6850      70653         14  0.000e+00
   2000.374     0.3851   2.999579     0.3857   2.999927    5.42592    -0.0964    13.8155 0.0000e+00  -60.61617  -54.71983 1153472144 202.372059    34.6853      70654         14  0.000e+00
   2000.296     0.3851   2.999579     0.3854   2.999909    5.42586    -0.0749    13.8155 0.0000e+00  -60.61617  -54.71983 1153472144 202.372059    34.6853      70655         14  0.000e+00
   2000.374     0.3849   2.999596     0.3853   2.999939    5.42593    -0.0964    13.8155 0.0000e+00  -60.61617  -54.71983 1153472144 202.372060    34.6857      70656         14  0.000e+00
   2000.296     0.3854   2.999603     0.3853   2.999951    5.42581    -0.1287    13.8155 0.0000e+00  -60.61617  -54.71983 1153472144 202.372060    34.6853      70657         14  0.000e+00
   2000.227     0.3854   2.999613     0.3852   2.999915    5.42576    -0.0964    13.8155 0.0000e+00  -60.61617  -54.71983 1153472144 202.372061    34.6854      70658         14  0.000e+00
   2000.335     0.3851   2.999589     0.3860   2.999939    5.42589    -0.1287    13.8155 0.0000e+00  -60.61617  -54.71983 1153472144 202.372061    34.6854      70659         14  0.000e+00
   2000.296     0.3852   2.999596     0.3857   2.999915    5.42583    -0.1287    13.8155 0.0000e+00  -60.61617  -54.71983 1153472144 202.372062    34.6853      70660         14  0.000e+00
   2000.227     0.3851   2.999565     0.3853   2.999921    5.42582    -0.1072    13.8155 0.0000e+00  -60.61617  -54.71983 1153472144 202.372062    34.6852      70661         14  0.000e+00
   2000.227     0.3852   2.999572     0.3858   2.999909    5.42579    -0.1287    13.8155 0.0000e+00  -60.61617  -54.71983 1153472144 202.372063    34.6851      70662         14  0.000e+00
   2000.296     0.3854   2.999596     0.3857   2.999921    5.42582    -0.1180    13.8155 0.0000e+00  -60.61617  -54.71983 1153472144 202.372063    34.6852      70663         14  0.000e+00
   2000.227     0.3854   2.999565     0.3855   2.999927    5.42578    -0.1072    13.8155 0.0000e+00  -60.61617  -54.71983 1153472144 202.372064    34.6848      70664         14  0.000e+00
   2000.257     0.3852   2.999572     0.3855   2.999927    5.42581    -0.1072    13.8155 0.0000e+00  -60.61617  -54.71983 1153472144 202.372064    34.6850      70665         14  0.000e+00
   2000.227     0.3852   2.999579     0.3857   2.999909    5.42579    -0.1395    13.8155 0.0000e+00  -60.61617  -54.71983 1153472144 202.372065    34.6852      70666         14  0.000e+00
   2000.227     0.3854   2.999613     0.3857   2.999921    5.42576    -0.1502    13.8155 0.0000e+00  -60.61617  -54.71983 1153472144 202.372065    34.6854      70667         14  0.000e+00
   2000.296     0.3852   2.999606     0.3852   2.999909    5.42583    -0.1287    13.8155 0.0000e+00  -60.61617  -54.71983 1153472144 202.372065    34.6855      70668         14  0.000e+00
   2000.227     0.3855   2.999582     0.3857   2.999903    5.42575    -0.0964    13.8155 0.0000e+00  -60.61617  -54.71983 1153472144 202.372066    34.6849      70669         14  0.000e+00
   2000.227     0.3855   2.999596     0.3855   2.999939    5.42574    -0.1072    13.8155 0.0000e+00  -60.61617  -54.71983 1153472144 202.372066    34.6850      70670         14  0.000e+00
   2000.188     0.3849   2.999596     0.3853   2.999933    5.42579    -0.1072    13.8155 0.0000e+00  -60.61617  -54.71983 1153472144 202.372067    34.6858      70671         14  0.000e+00
   2000.227     0.3852   2.999565     0.3852   2.999909    5.42580    -0.1072    13.8155 0.0000e+00  -60.61617  -54.71983 1153472144 202.372067    34.6850      70672         14  0.000e+00
   2000.227     0.3851   2.999606     0.3853   2.999921    5.42580    -0.1072    13.8155 0.0000e+00  -60.61617  -54.71983 1153472144 202.372068    34.6857      70673         14  0.000e+00
   2000.296     0.3852   2.999606     0.3857   2.999927    5.42583    -0.1180    13.8155 0.0000e+00  -60.61617  -54.71983 1153472145 202.372068    34.6855      70674         14  0.000e+00
   2000.227     0.3854   2.999582     0.3852   2.999927    5.42577    -0.1180    13.8155 0.0000e+00  -60.61617  -54.71983 1153472145 202.372069    34.6850      70675         14  0.000e+00
   2000.227     0.3850   2.999579     0.3858   2.999909    5.42581    -0.0642    13.8155 0.0000e+00  -60.61617  -54.71983 1153472145 202.372069    34.6854      70676         14  0.000e+00
   2000.257     0.3852   2.999596     0.3855   2.999939    5.42580    -0.0319    13.8155 0.0000e+00  -60.61617  -54.71983 1153472145 202.372070    34.6854      70677         14  0.000e+00
   2000.227     0.3854   2.999565     0.3853   2.999933    5.42578    -0.0534    13.8155 0.0000e+00  -60.61617  -54.71983 1153472145 202.372070    34.6848      70678         14  0.000e+00
   2000.227     0.3852   2.999589     0.3852   2.999927    5.42578    -0.0534    13.8155 0.0000e+00  -60.61617  -54.71983 1153472145 202.372071    34.6853      70679         14  0.000e+00
   2000.227     0.3852   2.999603     0.3857   2.999927    5.42578    -0.0964    13.8155 0.0000e+00  -60.61617  -54.71983 1153472145 202.372071    34.6855      70680         14  0.000e+00
   2000.296     0.3849   2.999603     0.3853   2.999945    5.42587    -0.0749    13.8155 0.0000e+00  -60.61617  -54.71983 1153472145 202.372072    34.6858      70681         14  0.000e+00
   2000.227     0.3854   2.999620     0.3850   2.999957    5.42575    -0.1180    13.8155 0.0000e+00  -60.61617  -54.71983 1153472145 202.372072    34.6855      70682         14  0.000e+00
   2000.257     0.3854   2.999589     0.3857   2.999957    5.42579    -0.1287    13.8155 0.0000e+00  -60.61617  -54.71983 1153472145 202.372073    34.6851      70683         14  0.000e+00
   2000.296     0.3848   2.999589     0.3857   2.999915    5.42589    -0.0964    13.8155 0.0000e+00  -60.61617  -54.71983 1153472145 202.372073    34.6858      70684         14  0.000e+00
   2000.227     0.3855   2.999582     0.3853   2.999921    5.42575    -0.1180    13.8155 0.0000e+00  -60.61617  -54.71983 1153472145 202.372074    34.6849      70685         14  0.000e+00
   2000.296     0.3852   2.999596     0.3853   2.999945    5.42583    -0.1180    13.8155 0.0000e+00  -60.61617  -54.71983 1153472145 202.372074    34.6853      70686         14  0.000e+00
   2000.296     0.3852   2.999620     0.3852   2.999933    5.42582    -0.0857    13.8155 0.0000e+00  -60.61617  -54.71983 1153472145 202.372075    34.6856      70687         14  0.000e+00
   2000.296     0.3852   2.999606     0.3853   2.999927    5.42583    -0.0749    13.8155 0.0000e+00  -60.61617  -54.71983 1153472145 202.372075    34.6855      70688         14  0.000e+00
   2000.335     0.3851   2.999603     0.3857   2.999945    5.42588    -0.0857    13.8155 0.0000e+00  -60.61617  -54.71983 1153472145 202.372076    34.6856      70689         14  0.000e+00
   2000.296     0.3854   2.999565     0.3852   2.999975    5.42583    -0.0642    13.8155 0.0000e+00  -60.61617  -54.71983 1153472145 202.372076    34.6848      70690         14  0.000e+00
   2000.296     0.3852   2.999589     0.3858   2.999963    5.42584    -0.0749    13.8155 0.0000e+00  -60.61617  -54.71983 1153472145 202.372077    34.6852      70691         14  0.000e+00
   2000.375     0.3849   2.999603     0.3856   2.999933    5.42593    -0.1180    13.8155 0.0000e+00  -60.61617  -54.71983 1153472145 202.372077    34.6858      70692         14  0.000e+00
