product_data/regression_test/downloaded_data/MDGS/320620060703/ctd/p6617705.ros
* Sea-Bird SBE 9 Data File:
* FileName = D:\Data\Raw\p6617705.dat
* Software Version Seasave Win32 V 5.32
* Temperature SN = 1649
* Conductivity SN = 1431
* Number of Bytes Per Scan = 37
* Number of Voltage Words = 5
* Number of Scans Averaged by the Deck Unit = 1
* NMEA Latitude = 60 37.00 S
* NMEA Longitude = 054 37.45 W
* NMEA UTC (Time) = 20:25:33
** Ship:   Nathaniel B. Palmer 
** Cruise:    NBP0606 
# nquan = 17
# nvalues = 1176                    
# units = specified
# name 0 = prDM: Pressure, Digiquartz [db]
# name 1 = t090C: Temperature [ITS-90, deg C]
# name 2 = c0S/m: Conductivity [S/m]
# name 3 = t190C: Temperature, 2 [ITS-90, deg C]
# name 4 = c1S/m: Conductivity, 2 [S/m]
# name 5 = sbeox0ML/L: Oxygen, SBE 43 [ml/l]
# name 6 = flECO-AFL: Fluorescence, Wetlab ECO-AFL/FL [mg/m^3]
# name 7 = bat: Beam Attenuation, Chelsea/Seatech/Wetlab CStar [1/m]
# name 8 = spar: SPAR/Surface Irradiance
# name 9 = latitude: Latitude [deg]
# name 10 = longitude: Longitude [deg]
# name 11 = timeY: Time, System [seconds]
# name 12 = timeJ: Julian Days
# name 13 = sal00: Salinity [PSU]
# name 14 = scan: scan number
# name 15 = nbf: number of bottles fired
# name 16 = flag:  0.000e+00
# interval = seconds: 0.0416667                   
# start_time = Jul 21 2006 20:25:41
*END*
[from data line 1022]
     10.531    -0.7006   2.783129    -0.7019   2.783402    7.60886     0.0972    13.8155 0.0000e+00  -60.61667  -54.62417 1153517310 202.894811    34.1745      90497         21  0.000e+00
     10.503    -0.7004   2.783122    -0.7019   2.783425    7.60413     0.1188    13.8155 0.0000e+00  -60.61667  -54.62417 1153517310 202.894811    34.1741      90498         21  0.000e+00
     10.503    -0.7006   2.783135    -0.7012   2.783402    7.60416     0.0972    13.8155 0.0000e+00  -60.61667  -54.62417 1153517310 202.894812    34.1746      90499         21  0.000e+00
     10.598    -0.7006   2.783145    -0.7013   2.783454    7.60426     0.1188    13.8155 0.0000e+00  -60.61667  -54.62417 1153517310 202.894812    34.1747      90500         21  0.000e+00
     10.503    -0.7000   2.783129    -0.7012   2.783437    7.60407     0.1403    13.8155 0.0000e+00  -60.61667  -54.62417 1153517310 202.894813    34.1738      90501         21  0.000e+00
     10.598    -0.7008   2.783073    -0.7016   2.783460    7.60434     0.1188    13.8155 0.0000e+00  -60.61667  -54.62417 1153517310 202.894813    34.1739      90502         21  0.000e+00
     10.579    -0.7011   2.783089    -0.7019   2.783437    7.60435     0.0972    13.8155 0.0000e+00  -60.61667  -54.62417 1153517310 202.894814    34.1745      90503         21  0.000e+00
     10.161    -0.7034   2.782858    -0.7033   2.783257    7.59510     0.1295    13.8155 0.0000e+00  -60.61667  -54.62417 1153517314 202.894864    34.1742      90607         22  0.000e+00
     10.180    -0.7032   2.782855    -0.7029   2.783240    7.59509     0.1403    13.8155 0.0000e+00  -60.61667  -54.62417 1153517314 202.894864    34.1739      90608         22  0.000e+00
     10.084    -0.7037   2.782888    -0.7033   2.783240    7.59504     0.1188    13.8155 0.0000e+00  -60.61667  -54.62417 1153517315 202.894865    34.1750      90609         22  0.000e+00
     10.084    -0.7034   2.782885    -0.7030   2.783274    7.59500     0.0972    13.8155 0.0000e+00  -60.61667  -54.62417 1153517315 202.894865    34.1746      90610         22  0.000e+00
     10.180    -0.7037   2.782875    -0.7033   2.783269    7.59515     0.0865    13.8155 0.0000e+00  -60.61667  -54.62417 1153517315 202.894866    34.1747      90611         22  0.000e+00
     10.018    -0.7034   2.782855    -0.7033   2.783245    7.59495     0.0757    13.8155 0.0000e+00  -60.61667  -54.62417 1153517315 202.894866    34.1743      90612         22  0.000e+00
     10.180    -0.7037   2.782855    -0.7030   2.783240    7.59517     0.0972    13.8155 0.0000e+00  -60.61667  -54.62417 1153517315 202.894867    34.1745      90613         22  0.000e+00
     10.084    -0.7033   2.782852    -0.7031   2.783257    7.59500     0.1188    13.8155 0.0000e+00  -60.61667  -54.62417 1153517315 202.894867    34.1740      90614         22  0.000e+00
     10.084    -0.7038   2.782891    -0.7027   2.783263    7.59506     0.1403    13.8155 0.0000e+00  -60.61667  -54.62417 1153517315 202.894868    34.1751      90615         22  0.000e+00
     10.113    -0.7033   2.782881    -0.7030   2.783245    7.59967     0.1188    13.8155 0.0000e+00  -60.61667  -54.62417 1153517315 202.894868    34.1744      90616         22  0.000e+00
     10.161    -0.7031   2.782862    -0.7033   2.783257    7.59505     0.0757    13.8155 0.0000e+00  -60.61667  -54.62417 1153517315 202.894869    34.1739      90617         22  0.000e+00
     10.037    -0.7034   2.782852    -0.7031   2.783245    7.59498     0.1188    13.8155 0.0000e+00  -60.61667  -54.62417 1153517315 202.894869    34.1742      90618         22  0.000e+00
     10.085    -0.7032   2.782838    -0.7027   2.783257    7.59500     0.1618    13.8155 0.0000e+00  -60.61667  -54.62417 1153517315 202.894870    34.1737      90619         22  0.000e+00
     10.085    -0.7031   2.782865    -0.7033   2.783263    7.59497     0.1618    13.8155 0.0000e+00  -60.61667  -54.62417 1153517315 202.894870    34.1740      90620         22  0.000e+00
     10.037    -0.7033   2.782891    -0.7026   2.783263    7.59492     0.1295    13.8155 0.0000e+00  -60.61667  -54.62417 1153517315 202.894871    34.1746      90621         22  0.000e+00
     10.085    -0.7031   2.782885    -0.7030   2.783263    7.59496     0.1403    13.8155 0.0000e+00  -60.61667  -54.62417 1153517315 202.894871    34.1743      90622         22  0.000e+00
     10.037    -0.7037   2.782842    -0.7031   2.783245    7.59502     0.1188    13.8155 0.0000e+00  -60.61667  -54.62417 1153517315 202.894872    34.1743      90623         22  0.000e+00
     10.085    -0.7033   2.782885    -0.7032   2.783298    7.59498     0.1618    13.8155 0.0000e+00  -60.61667  -54.62417 1153517315 202.894872    34.1744      90624         22  0.000e+00
     10.018    -0.7029   2.782898    -0.7031   2.783257    7.59485     0.1833    13.8155 0.0000e+00  -60.61667  -54.62417 1153517315 202.894873    34.1743      90625         22  0.000e+00
     10.037    -0.7031   2.782885    -0.7029   2.783274    7.59491     0.1833    13.8155 0.0000e+00  -60.61667  -54.62417 1153517315 202.894873    34.1743      90626         22  0.000e+00
     10.085    -0.7030   2.782858    -0.7026   2.783228    7.59496     0.1726    13.8155 0.0000e+00  -60.61667  -54.62417 1153517315 202.894874    34.1738      90627         22  0.000e+00
     10.018    -0.7029   2.782885    -0.7033   2.783269    7.59486     0.2048    13.8155 0.0000e+00  -60.61667  -54.62417 1153517315 202.894874    34.1741      90628         22  0.000e+00
      9.970    -0.7033   2.782868    -0.7031   2.783251    7.59487     0.1618    13.8155 0.0000e+00  -60.61667  -54.62417 1153517315 202.894875    34.1743      90629         22  0.000e+00
     10.085    -0.7029   2.782868    -0.7027   2.783286    7.59494     0.1403    13.8155 0.0000e+00  -60.61667  -54.62417 1153517315 202.894875    34.1739      90630         22  0.000e+00
      9.970    -0.7030   2.782878    -0.7030   2.783269    7.59483     0.1403    13.8155 0.0000e+00  -60.61667  -54.62417 1153517315 202.894876    34.1742      90631         22  0.000e+00
     10.018    -0.7033   2.782875    -0.7030   2.783263    7.59491     0.0865    13.8155 0.0000e+00  -60.61667  -54.62417 1153517315 202.894876    34.1743      90632         22  0.000e+00
     10.018    -0.7029   2.782878    -0.7030   2.783303    7.59486     0.1188    13.8155 0.0000e+00  -60.61667  -54.62417 1153517316 202.894877    34.1740      90633         22  0.000e+00
      9.970    -0.7032   2.782875    -0.7025   2.783274    7.59486     0.1188    13.8155 0.0000e+00  -60.61667  -54.62417 1153517316 202.894877    34.1743      90634         22  0.000e+00
     10.018    -0.7029   2.782878    -0.7032   2.783280    7.59486     0.1403    13.8155 0.0000e+00  -60.61667  -54.62417 1153517316 202.894878    34.1740      90635         22  0.000e+00
      9.970    -0.7031   2.782875    -0.7031   2.783251    7.59484     0.1726    13.8155 0.0000e+00  -60.61667  -54.62417 1153517316 202.894878    34.1742      90636         22  0.000e+00
     10.018    -0.7029   2.782838    -0.7030   2.783240    7.59489     0.1188    13.8155 0.0000e+00  -60.61667  -54.62417 1153517316 202.894878    34.1735      90637         22  0.000e+00
      9.942    -0.7033   2.782868    -0.7030   2.783240    7.59485     0.1188    13.8155 0.0000e+00  -60.61667  -54.62417 1153517316 202.894879    34.1744      90638         22  0.000e+00
      9.970    -0.7029   2.782858    -0.7033   2.783274    7.59483     0.1295    13.8155 0.0000e+00  -60.61667  -54.62417 1153517316 202.894879    34.1738      90639         22  0.000e+00
      9.942    -0.7027   2.782855    -0.7031   2.783228    7.59010     0.1188    13.8155 0.0000e+00  -60.61667  -54.62417 1153517316 202.894880    34.1734      90640         22  0.000e+00
      9.970    -0.7033   2.782868    -0.7029   2.783245    7.59487     0.1188    13.8155 0.0000e+00  -60.61667  -54.62417 1153517316 202.894880    34.1743      90641         22  0.000e+00
      9.942    -0.7037   2.782862    -0.7035   2.783263    7.59490     0.1295    13.8155 0.0000e+00  -60.61667  -54.62417 1153517316 202.894881    34.1747      90642         22  0.000e+00
      9.942    -0.7031   2.782868    -0.7034   2.783263    7.59482     0.1295    13.8155 0.0000e+00  -60.61667  -54.62417 1153517316 202.894881    34.1741      90643         22  0.000e+00
      9.970    -0.7031   2.782855    -0.7032   2.783269    7.59020     0.1403    13.8155 0.0000e+00  -60.61667  -54.62417 1153517316 202.894882    34.1739      90644         22  0.000e+00
      9.942    -0.7036   2.782838    -0.7031   2.783263    7.59025     0.1080    13.8155 0.0000e+00  -60.61667  -54.62417 1153517316 202.894882    34.1743      90645         22  0.000e+00
      9.875    -0.7033   2.782845    -0.7033   2.783263    7.59480     0.0757    13.8155 0.0000e+00  -60.61667  -54.62417 1153517316 202.894883    34.1741      90646         22  0.000e+00
      9.970    -0.7031   2.782855    -0.7030   2.783263    7.59486     0.0972    13.8155 0.0000e+00  -60.61667  -54.62417 1153517316 202.894883    34.1739      90647         22  0.000e+00
      9.942    -0.7028   2.782888    -0.7027   2.783263    7.59475     0.0757    13.8155 0.0000e+00  -60.61667  -54.62417 1153517316 202.894884    34.1741      90648         22  0.000e+00
      9.904    -0.7034   2.782848    -0.7030   2.783263    7.59484     0.1403    13.8155 0.0000e+00  -60.61667  -54.62417 1153517316 202.894884    34.1743      90649         22  0.000e+00
      9.875    -0.7037   2.782829    -0.7033   2.783263    7.59486     0.1726    13.8155 0.0000e+00  -60.61667  -54.62417 1153517316 202.894885    34.1743      90650         22  0.000e+00
      9.942    -0.7034   2.782848    -0.7030   2.783263    7.59488     0.1188    13.8155 0.0000e+00  -60.61667  -54.62417 1153517316 202.894885    34.1742      90651         22  0.000e+00
      9.904    -0.7031   2.782868    -0.7033   2.783263    7.59478     0.1080    13.8155 0.0000e+00  -60.61667  -54.62417 1153517316 202.894886    34.1742      90652         22  0.000e+00
      9.875    -0.7033   2.782875    -0.7032   2.783245    7.59011     0.0650    13.8155 0.0000e+00  -60.61667  -54.62417 1153517316 202.894886    34.1744      90653         22  0.000e+00
      9.904    -0.7032   2.782878    -0.7031   2.783257    7.59478     0.0972    13.8155 0.0000e+00  -60.61667  -54.62417 1153517316 202.894887    34.1744      90654         22  0.000e+00
      9.875    -0.7031   2.782891    -0.7029   2.783263    7.59473     0.0865    13.8155 0.0000e+00  -60.61667  -54.62417 1153517316 202.894887    34.1745      90655         22  0.000e+00
     10.372    -0.7031   2.782852    -0.7028   2.783321    7.59528     0.1618    13.8155 0.0000e+00  -60.61667  -54.62417 1153517322 202.894954    34.1737      90794         23  0.000e+00
     10.506    -0.7043   2.782839    -0.7030   2.783321    7.60027     0.1618    13.8155 0.0000e+00  -60.61667  -54.62417 1153517322 202.894955    34.1747      90795         23  0.000e+00
     10.468    -0.7034   2.782845    -0.7024   2.783338    7.59544     0.1726    13.8155 0.0000e+00  -60.61667  -54.62417 1153517322 202.894955    34.1739      90796         23  0.000e+00
     10.506    -0.7034   2.782832    -0.7022   2.783344    7.60014     0.1188    13.8155 0.0000e+00  -60.61667  -54.62417 1153517322 202.894956    34.1737      90797         23  0.000e+00
     10.534    -0.7036   2.782868    -0.7018   2.783362    7.59551     0.0972    13.8155 0.0000e+00  -60.61667  -54.62417 1153517322 202.894956    34.1743      90798         23  0.000e+00
     10.506    -0.7037   2.782858    -0.7019   2.783408    7.60016     0.0542    13.8155 0.0000e+00  -60.61667  -54.62417 1153517322 202.894957    34.1743      90799         23  0.000e+00
     10.439    -0.7039   2.782839    -0.7022   2.783408    7.59548     0.0757    13.8155 0.0000e+00  -60.61667  -54.62417 1153517322 202.894957    34.1743      90800         23  0.000e+00
     10.468    -0.7036   2.782829    -0.7025   2.783356    7.60013     0.1188    13.8155 0.0000e+00  -60.61667  -54.62417 1153517323 202.894958    34.1738      90801         23  0.000e+00
     10.506    -0.7034   2.782848    -0.7022   2.783362    7.60013     0.0865    13.8155 0.0000e+00  -60.61667  -54.62417 1153517323 202.894958    34.1739      90802         23  0.000e+00
     10.534    -0.7035   2.782852    -0.7022   2.783373    7.60017     0.1080    13.8155 0.0000e+00  -60.61667  -54.62417 1153517323 202.894959    34.1740      90803         23  0.000e+00
     10.439    -0.7031   2.782855    -0.7024   2.783309    7.59535     0.1403    13.8155 0.0000e+00  -60.61667  -54.62417 1153517323 202.894959    34.1737      90804         23  0.000e+00
     10.439    -0.7031   2.782888    -0.7026   2.783309    7.59533     0.1188    13.8155 0.0000e+00  -60.61667  -54.62417 1153517323 202.894959    34.1741      90805         23  0.000e+00
     10.534    -0.7029   2.782878    -0.7026   2.783321    7.59541     0.1403    13.8155 0.0000e+00  -60.61667  -54.62417 1153517323 202.894960    34.1737      90806         23  0.000e+00
     10.439    -0.7027   2.782895    -0.7031   2.783298    7.59526     0.1403    13.8155 0.0000e+00  -60.61667  -54.62417 1153517323 202.894960    34.1737      90807         23  0.000e+00
     10.468    -0.7033   2.782865    -0.7027   2.783292    7.60005     0.1726    13.8155 0.0000e+00  -60.61667  -54.62417 1153517323 202.894961    34.1739      90808         23  0.000e+00
     10.506    -0.7031   2.782891    -0.7027   2.783309    7.60005     0.0972    13.8155 0.0000e+00  -60.61667  -54.62417 1153517323 202.894961    34.1741      90809         23  0.000e+00
     10.439    -0.7025   2.782881    -0.7026   2.783298    7.59990     0.0327    13.8155 0.0000e+00  -60.61667  -54.62417 1153517323 202.894962    34.1733      90810         23  0.000e+00
     10.468    -0.7030   2.782878    -0.7032   2.783269    7.60001     0.0542    13.8155 0.0000e+00  -60.61667  -54.62417 1153517323 202.894962    34.1739      90811         23  0.000e+00
     10.439    -0.7025   2.782858    -0.7030   2.783280    7.59525     0.0972    13.8155 0.0000e+00  -60.61667  -54.62417 1153517323 202.894963    34.1730      90812         23  0.000e+00
     10.468    -0.7033   2.782885    -0.7029   2.783269    7.60004     0.0650    13.8155 0.0000e+00  -60.61667  -54.62417 1153517323 202.894963    34.1742      90813         23  0.000e+00
     10.439    -0.7025   2.782885    -0.7031   2.783269    7.59524     0.0542    13.8155 0.0000e+00  -60.61667  -54.62417 1153517323 202.894964    34.1733      90814         23  0.000e+00
     10.439    -0.7032   2.782875    -0.7030   2.783286    7.60001     0.0542    13.8155 0.0000e+00  -60.61667  -54.62417 1153517323 202.894964    34.1740      90815         23  0.000e+00
     10.468    -0.7031   2.782878    -0.7031   2.783269    7.60002     0.0757    13.8155 0.0000e+00  -60.61667  -54.62417 1153517323 202.894965    34.1739      90816         23  0.000e+00
     10.439    -0.7029   2.782891    -0.7029   2.783263    7.59996     0.0972    13.8155 0.0000e+00  -60.61667  -54.62417 1153517323 202.894965    34.1739      90817         23  0.000e+00
     10.392    -0.7030   2.782885    -0.7028   2.783263    7.59993     0.1188    13.8155 0.0000e+00  -60.61667  -54.62417 1153517323 202.894966    34.1740      90818         23  0.000e+00
     10.439    -0.7033   2.782875    -0.7033   2.783263    7.60002     0.0972    13.8155 0.0000e+00  -60.61667  -54.62417 1153517323 202.894966    34.1741      90819         23  0.000e+00
     10.439    -0.7029   2.782862    -0.7029   2.783246    7.59998     0.1080    13.8155 0.0000e+00  -60.61667  -54.62417 1153517323 202.894967    34.1735      90820         23  0.000e+00
     10.392    -0.7031   2.782868    -0.7031   2.783240    7.59995     0.1188    13.8155 0.0000e+00  -60.61667  -54.62417 1153517323 202.894967    34.1739      90821         23  0.000e+00
