product_data/regression_test/downloaded_data/MDGS/320620060703/ctd/p6615701.cnv
* Sea-Bird SBE 9 Data File:
* FileName = D:\Data\Raw\p6615701.dat
* Software Version Seasave Win32 V 5.32
* Temperature SN = 1649
* Conductivity SN = 1431
* Number of Bytes Per Scan = 37
* Number of Voltage Words = 5
* Number of Scans Averaged by the Deck Unit = 1
* NMEA Latitude = 60 51.45 S
* NMEA Longitude = 056 03.54 W
* NMEA UTC (Time) = 01:08:55
** Ship:   Nathaniel B. Palmer 
** Cruise:    NBP0606 
# nquan = 15
# nvalues = 979                         
# units = specified
# name 0 = prDM: Pressure, Digiquartz [db]
# name 1 = t090C: Temperature [ITS-90, deg C]
# name 2 = c0S/m: Conductivity [S/m]
# name 3 = t190C: Temperature, 2 [ITS-90, deg C]
# name 4 = c1S/m: Conductivity, 2 [S/m]
# name 5 = sbeox0ML/L: Oxygen, SBE 43 [ml/l]
# name 6 = flECO-AFL: Fluorescence, Wetlab ECO-AFL/FL [mg/m^3]
# name 7 = bat: Beam Attenuation, Chelsea/Seatech/Wetlab CStar [1/m]
# name 8 = spar: SPAR/Surface Irradiance
# name 9 = latitude: Latitude [deg]
# name 10 = longitude: Longitude [deg]
# name 11 = timeY: Time, System [seconds]
# name 12 = timeJ: Julian Days
# name 13 = sal00: Salinity [PSU]
# name 14 = flag: flag
# span 0 =     22.000,   1000.000       
# span 1 =    -0.8594,     0.8450       
# span 2 =   2.786953,   2.994378       
# span 3 =    -0.8591,     0.8439       
# span 4 =   2.787353,   2.994459       
# span 5 =    5.27565,    7.35930       
# span 6 =    -0.1153,     0.0869       
# span 7 =    13.8155,    13.8155       
# span 8 = 0.0000e+00, 0.0000e+00       
# span 9 =  -60.85750,  -60.85750       
# span 10 =  -56.05900,  -56.05900      
# span 11 = 1153271337, 1153272698      
# span 12 = 200.047902, 200.063656      
# span 13 =    34.2848,    34.6650      
# span 14 = 0.0000e+00, 0.0000e+00      
# interval = decibars: 1                
# start_time = Jul 19 2006 01:09:03
# bad_flag = -9.990e-29
*END*
[from data line 97]
    119.000    -0.8320   2.787622    -0.8318   2.788067    7.17265     0.0829    13.8155 0.0000e+00  -60.85750  -56.05900 1153271580 200.050713    34.3203 0.0000e+00
    120.000    -0.8357   2.787343    -0.8349   2.787835    7.17980     0.0656    13.8155 0.0000e+00  -60.85750  -56.05900 1153271581 200.050727    34.3197 0.0000e+00
    121.000    -0.8355   2.787419    -0.8350   2.787871    7.18192     0.0664    13.8155 0.0000e+00  -60.85750  -56.05900 1153271582 200.050742    34.3195 0.0000e+00
    122.000    -0.8394   2.787140    -0.8388   2.787608    7.18268     0.0756    13.8155 0.0000e+00  -60.85750  -56.05900 1153271584 200.050759    34.3192 0.0000e+00
    123.000    -0.8420   2.786994    -0.8420   2.787400    7.18478     0.0583    13.8155 0.0000e+00  -60.85750  -56.05900 1153271586 200.050779    34.3192 0.0000e+00
    124.000    -0.8429   2.786992    -0.8426   2.787414    7.18889     0.0533    13.8155 0.0000e+00  -60.85750  -56.05900 1153271587 200.050797    34.3192 0.0000e+00
    125.000    -0.8425   2.787073    -0.8424   2.787487    7.18916     0.0635    13.8155 0.0000e+00  -60.85750  -56.05900 1153271588 200.050809    34.3191 0.0000e+00
    126.000    -0.8422   2.787162    -0.8420   2.787562    7.18765     0.0596    13.8155 0.0000e+00  -60.85750  -56.05900 1153271589 200.050818    34.3191 0.0000e+00
    127.000    -0.8433   2.787101    -0.8434   2.787517    7.18665     0.0613    13.8155 0.0000e+00  -60.85750  -56.05900 1153271590 200.050827    34.3189 0.0000e+00
    128.000    -0.8462   2.786953    -0.8460   2.787363    7.18764     0.0715    13.8155 0.0000e+00  -60.85750  -56.05900 1153271591 200.050839    34.3195 0.0000e+00
    129.000    -0.8467   2.786962    -0.8466   2.787353    7.18838     0.0562    13.8155 0.0000e+00  -60.85750  -56.05900 1153271592 200.050858    34.3194 0.0000e+00
    130.000    -0.8465   2.787043    -0.8463   2.787445    7.18924     0.0466    13.8155 0.0000e+00  -60.85750  -56.05900 1153271594 200.050880    34.3195 0.0000e+00
    131.000    -0.8464   2.787113    -0.8461   2.787517    7.18809     0.0536    13.8155 0.0000e+00  -60.85750  -56.05900 1153271596 200.050895    34.3195 0.0000e+00
    132.000    -0.8447   2.787433    -0.8444   2.787838    7.18371     0.0557    13.8155 0.0000e+00  -60.85750  -56.05900 1153271597 200.050908    34.3213 0.0000e+00
    133.000    -0.8426   2.787810    -0.8421   2.788218    7.18039     0.0584    13.8155 0.0000e+00  -60.85750  -56.05900 1153271598 200.050920    34.3232 0.0000e+00
    134.000    -0.8422   2.787893    -0.8420   2.788294    7.17434     0.0593    13.8155 0.0000e+00  -60.85750  -56.05900 1153271599 200.050933    34.3232 0.0000e+00
    135.000    -0.8437   2.787842    -0.8439   2.788227    7.16416     0.0635    13.8155 0.0000e+00  -60.85750  -56.05900 1153271600 200.050946    34.3236 0.0000e+00
    136.000    -0.8466   2.787708    -0.8461   2.788126    7.15554     0.0636    13.8155 0.0000e+00  -60.85750  -56.05900 1153271601 200.050958    34.3245 0.0000e+00
    137.000    -0.8519   2.787453    -0.8515   2.787860    7.14827     0.0489    13.8155 0.0000e+00  -60.85750  -56.05900 1153271602 200.050970    34.3265 0.0000e+00
    138.000    -0.8535   2.787398    -0.8536   2.787789    7.14105     0.0652    13.8155 0.0000e+00  -60.85750  -56.05900 1153271604 200.050988    34.3271 0.0000e+00
    139.000    -0.8576   2.787232    -0.8580   2.787583    7.13219     0.0589    13.8155 0.0000e+00  -60.85750  -56.05900 1153271606 200.051011    34.3288 0.0000e+00
    140.000    -0.8594   2.787182    -0.8591   2.787579    7.12446     0.0683    13.8155 0.0000e+00  -60.85750  -56.05900 1153271607 200.051025    34.3296 0.0000e+00
    141.000    -0.8587   2.787337    -0.8583   2.787729    7.11832     0.0511    13.8155 0.0000e+00  -60.85750  -56.05900 1153271608 200.051037    34.3302 0.0000e+00
    142.000    -0.8552   2.787772    -0.8543   2.788228    7.10984     0.0593    13.8155 0.0000e+00  -60.85750  -56.05900 1153271609 200.051049    34.3315 0.0000e+00
    143.000    -0.8503   2.788353    -0.8508   2.788669    7.09922     0.0752    13.8155 0.0000e+00  -60.85750  -56.05900 1153271610 200.051062    34.3330 0.0000e+00
    144.000    -0.8455   2.788950    -0.8445   2.789402    7.08731     0.0635    13.8155 0.0000e+00  -60.85750  -56.05900 1153271611 200.051077    34.3348 0.0000e+00
    145.000    -0.8429   2.789268    -0.8427   2.789649    7.07950     0.0593    13.8155 0.0000e+00  -60.85750  -56.05900 1153271613 200.051093    34.3355 0.0000e+00
    146.000    -0.8426   2.789361    -0.8423   2.789749    7.07645     0.0487    13.8155 0.0000e+00  -60.85750  -56.05900 1153271614 200.051107    34.3358 0.0000e+00
    147.000    -0.8409   2.789626    -0.8406   2.789999    7.07187     0.0407    13.8155 0.0000e+00  -60.85750  -56.05900 1153271615 200.051120    34.3368 0.0000e+00
    148.000    -0.8375   2.790047    -0.8372   2.790451    7.06825     0.0656    13.8155 0.0000e+00  -60.85750  -56.05900 1153271616 200.051132    34.3380 0.0000e+00
    149.000    -0.8384   2.789981    -0.8387   2.790311    7.06303     0.0722    13.8155 0.0000e+00  -60.85750  -56.05900 1153271617 200.051146    34.3374 0.0000e+00
    150.000    -0.8386   2.790014    -0.8381   2.790417    7.05664     0.0731    13.8155 0.0000e+00  -60.85750  -56.05900 1153271619 200.051162    34.3377 0.0000e+00
    151.000    -0.8362   2.790316    -0.8355   2.790754    7.04828     0.0800    13.8155 0.0000e+00  -60.85750  -56.05900 1153271620 200.051181    34.3383 0.0000e+00
    152.000    -0.8363   2.790352    -0.8365   2.790665    7.04692     0.0726    13.8155 0.0000e+00  -60.85750  -56.05900 1153271622 200.051200    34.3383 0.0000e+00
    153.000    -0.8360   2.790428    -0.8353   2.790876    7.04390     0.0728    13.8155 0.0000e+00  -60.85750  -56.05900 1153271623 200.051213    34.3384 0.0000e+00
    154.000    -0.8357   2.790504    -0.8358   2.790880    7.04258     0.0762    13.8155 0.0000e+00  -60.85750  -56.05900 1153271624 200.051223    34.3385 0.0000e+00
    155.000    -0.8340   2.790742    -0.8343   2.791063    7.04011     0.0796    13.8155 0.0000e+00  -60.85750  -56.05900 1153271625 200.051233    34.3391 0.0000e+00
    156.000    -0.8339   2.790777    -0.8340   2.791153    7.04177     0.0860    13.8155 0.0000e+00  -60.85750  -56.05900 1153271626 200.051245    34.3389 0.0000e+00
    157.000    -0.8339   2.790830    -0.8337   2.791215    7.04326     0.0646    13.8155 0.0000e+00  -60.85750  -56.05900 1153271627 200.051265    34.3390 0.0000e+00
    158.000    -0.8327   2.791010    -0.8331   2.791332    7.04133     0.0511    13.8155 0.0000e+00  -60.85750  -56.05900 1153271629 200.051284    34.3395 0.0000e+00
    159.000    -0.8320   2.791142    -0.8317   2.791525    7.03799     0.0596    13.8155 0.0000e+00  -60.85750  -56.05900 1153271630 200.051297    34.3398 0.0000e+00
    160.000    -0.8310   2.791312    -0.8306   2.791694    7.03567     0.0495    13.8155 0.0000e+00  -60.85750  -56.05900 1153271631 200.051310    34.3403 0.0000e+00
    161.000    -0.8318   2.791262    -0.8318   2.791625    7.03270     0.0510    13.8155 0.0000e+00  -60.85750  -56.05900 1153271633 200.051324    34.3401 0.0000e+00
    162.000    -0.8306   2.791457    -0.8305   2.791820    7.03024     0.0385    13.8155 0.0000e+00  -60.85750  -56.05900 1153271634 200.051340    34.3407 0.0000e+00
    163.000    -0.8293   2.791667    -0.8293   2.792010    7.02926     0.0406    13.8155 0.0000e+00  -60.85750  -56.05900 1153271635 200.051357    34.3414 0.0000e+00
    164.000    -0.8264   2.792041    -0.8249   2.792508    7.02596     0.0349    13.8155 0.0000e+00  -60.85750  -56.05900 1153271637 200.051371    34.3431 0.0000e+00
    165.000    -0.8170   2.793067    -0.8158   2.793535    7.02164     0.0195    13.8155 0.0000e+00  -60.85750  -56.05900 1153271638 200.051382    34.3448 0.0000e+00
    166.000    -0.8119   2.793634    -0.8106   2.794098    7.01455     0.0326    13.8155 0.0000e+00  -60.85750  -56.05900 1153271638 200.051392    34.3461 0.0000e+00
    167.000    -0.8133   2.793518    -0.8126   2.793954    7.00824     0.0232    13.8155 0.0000e+00  -60.85750  -56.05900 1153271640 200.051405    34.3455 0.0000e+00
    168.000    -0.8156   2.793338    -0.8158   2.793681    7.00184     0.0075    13.8155 0.0000e+00  -60.85750  -56.05900 1153271641 200.051424    34.3452 0.0000e+00
    169.000    -0.8109   2.793883    -0.8111   2.794201    6.99334     0.0053    13.8155 0.0000e+00  -60.85750  -56.05900 1153271643 200.051448    34.3467 0.0000e+00
    170.000    -0.8057   2.794506    -0.8050   2.794932    6.99144     0.0028    13.8155 0.0000e+00  -60.85750  -56.05900 1153271645 200.051464    34.3485 0.0000e+00
    171.000    -0.8068   2.794425    -0.8078   2.794692    6.98864    -0.0081    13.8155 0.0000e+00  -60.85750  -56.05900 1153271646 200.051476    34.3479 0.0000e+00
    172.000    -0.8084   2.794319    -0.8085   2.794672    6.98925    -0.0351    13.8155 0.0000e+00  -60.85750  -56.05900 1153271647 200.051487    34.3479 0.0000e+00
    173.000    -0.8083   2.794361    -0.8086   2.794691    6.98908    -0.0324    13.8155 0.0000e+00  -60.85750  -56.05900 1153271648 200.051498    34.3478 0.0000e+00
    174.000    -0.8090   2.794336    -0.8086   2.794744    6.98927    -0.0405    13.8155 0.0000e+00  -60.85750  -56.05900 1153271649 200.051510    34.3476 0.0000e+00
    175.000    -0.8106   2.794218    -0.8106   2.794576    6.99017    -0.0398    13.8155 0.0000e+00  -60.85750  -56.05900 1153271650 200.051522    34.3473 0.0000e+00
    176.000    -0.8107   2.794260    -0.8104   2.794638    6.98782    -0.0476    13.8155 0.0000e+00  -60.85750  -56.05900 1153271651 200.051535    34.3474 0.0000e+00
    177.000    -0.8070   2.794705    -0.8062   2.795122    6.98193    -0.0463    13.8155 0.0000e+00  -60.85750  -56.05900 1153271653 200.051557    34.3485 0.0000e+00
    178.000    -0.8071   2.794746    -0.8063   2.795156    6.98088    -0.0532    13.8155 0.0000e+00  -60.85750  -56.05900 1153271655 200.051586    34.3487 0.0000e+00
    179.000    -0.8019   2.795333    -0.8005   2.795837    6.97922    -0.0529    13.8155 0.0000e+00  -60.85750  -56.05900 1153271656 200.051599    34.3500 0.0000e+00
    180.000    -0.7974   2.795876    -0.7968   2.796284    6.97242    -0.0691    13.8155 0.0000e+00  -60.85750  -56.05900 1153271657 200.051608    34.3513 0.0000e+00
    181.000    -0.7948   2.796290    -0.7951   2.796529    6.96413    -0.0388    13.8155 0.0000e+00  -60.85750  -56.05900 1153271658 200.051616    34.3536 0.0000e+00
    182.000    -0.7831   2.797505    -0.7826   2.797895    6.95818    -0.0418    13.8155 0.0000e+00  -60.85750  -56.05900 1153271658 200.051624    34.3557 0.0000e+00
    183.000    -0.7794   2.797936    -0.7794   2.798268    6.95160    -0.0646    13.8155 0.0000e+00  -60.85750  -56.05900 1153271659 200.051632    34.3567 0.0000e+00
    184.000    -0.7798   2.797950    -0.7788   2.798399    6.94055    -0.0535    13.8155 0.0000e+00  -60.85750  -56.05900 1153271661 200.051651    34.3568 0.0000e+00
    185.000    -0.7815   2.797820    -0.7805   2.798240    6.92984    -0.0461    13.8155 0.0000e+00  -60.85750  -56.05900 1153271664 200.051682    34.3567 0.0000e+00
    186.000    -0.7738   2.798685    -0.7730   2.799102    6.93088    -0.0732    13.8155 0.0000e+00  -60.85750  -56.05900 1153271665 200.051698    34.3588 0.0000e+00
    187.000    -0.7734   2.798776    -0.7735   2.799107    6.92838    -0.0547    13.8155 0.0000e+00  -60.85750  -56.05900 1153271666 200.051711    34.3590 0.0000e+00
    188.000    -0.7704   2.799144    -0.7699   2.799514    6.92476    -0.0608    13.8155 0.0000e+00  -60.85750  -56.05900 1153271667 200.051723    34.3600 0.0000e+00
    189.000    -0.7689   2.799338    -0.7690   2.799665    6.92383    -0.0648    13.8155 0.0000e+00  -60.85750  -56.05900 1153271668 200.051735    34.3602 0.0000e+00
    190.000    -0.7694   2.799328    -0.7688   2.799729    6.92066    -0.0597    13.8155 0.0000e+00  -60.85750  -56.05900 1153271669 200.051746    34.3601 0.0000e+00
    191.000    -0.7679   2.799539    -0.7677   2.799903    6.92003    -0.0638    13.8155 0.0000e+00  -60.85750  -56.05900 1153271670 200.051756    34.3606 0.0000e+00
    192.000    -0.7678   2.799580    -0.7675   2.799962    6.91692    -0.0444    13.8155 0.0000e+00  -60.85750  -56.05900 1153271671 200.051768    34.3605 0.0000e+00
    193.000    -0.7669   2.799710    -0.7667   2.800081    6.91073    -0.0612    13.8155 0.0000e+00  -60.85750  -56.05900 1153271673 200.051788    34.3607 0.0000e+00
    194.000    -0.7669   2.799771    -0.7664   2.800154    6.90949    -0.0665    13.8155 0.0000e+00  -60.85750  -56.05900 1153271675 200.051812    34.3610 0.0000e+00
    195.000    -0.7653   2.800004    -0.7652   2.800355    6.90700    -0.0646    13.8155 0.0000e+00  -60.85750  -56.05900 1153271676 200.051824    34.3616 0.0000e+00
    196.000    -0.7623   2.800364    -0.7622   2.800694    6.90371    -0.0712    13.8155 0.0000e+00  -60.85750  -56.05900 1153271677 200.051836    34.3625 0.0000e+00
    197.000    -0.7604   2.800596    -0.7600   2.800970    6.90248    -0.0683    13.8155 0.0000e+00  -60.85750  -56.05900 1153271678 200.051849    34.3629 0.0000e+00
    198.000    -0.7591   2.800787    -0.7587   2.801170    6.90028    -0.0601    13.8155 0.0000e+00  -60.85750  -56.05900 1153271679 200.051866    34.3633 0.0000e+00
    199.000    -0.7549   2.801283    -0.7548   2.801625    6.89733    -0.0710    13.8155 0.0000e+00  -60.85750  -56.05900 1153271681 200.051882    34.3646 0.0000e+00
    200.000    -0.7529   2.801537    -0.7522   2.801940    6.89441    -0.0701    13.8155 0.0000e+00  -60.85750  -56.05900 1153271682 200.051894    34.3651 0.0000e+00
    201.000    -0.7509   2.801795    -0.7506   2.802160    6.89058    -0.0708    13.8155 0.0000e+00  -60.85750  -56.05900 1153271683 200.051905    34.3656 0.0000e+00
    202.000    -0.7512   2.801814    -0.7506   2.802206    6.88800    -0.0661    13.8155 0.0000e+00  -60.85750  -56.05900 1153271684 200.051918    34.3657 0.0000e+00
    203.000    -0.7505   2.801923    -0.7502   2.802288    6.88343    -0.0687    13.8155 0.0000e+00  -60.85750  -56.05900 1153271686 200.051937    34.3659 0.0000e+00
    204.000    -0.7486   2.802163    -0.7488   2.802495    6.87989    -0.0603    13.8155 0.0000e+00  -60.85750  -56.05900 1153271687 200.051956    34.3663 0.0000e+00
    205.000    -0.7475   2.802326    -0.7471   2.802705    6.87547    -0.0671    13.8155 0.0000e+00  -60.85750  -56.05900 1153271688 200.051970    34.3668 0.0000e+00
    206.000    -0.7376   2.803396    -0.7389   2.803601    6.87178    -0.0724    13.8155 0.0000e+00  -60.85750  -56.05900 1153271689 200.051983    34.3691 0.0000e+00
    207.000    -0.7352   2.803690    -0.7352   2.804033    6.86661    -0.0663    13.8155 0.0000e+00  -60.85750  -56.05900 1153271691 200.051997    34.3696 0.0000e+00
    208.000    -0.7321   2.804096    -0.7318   2.804417    6.85977    -0.0614    13.8155 0.0000e+00  -60.85750  -56.05900 1153271692 200.052011    34.3711 0.0000e+00
    209.000    -0.7265   2.804693    -0.7263   2.805034    6.85358    -0.0569    13.8155 0.0000e+00  -60.85750  -56.05900 1153271693 200.052023    34.3721 0.0000e+00
    210.000    -0.7217   2.805229    -0.7211   2.805605    6.84933    -0.0662    13.8155 0.0000e+00  -60.85750  -56.05900 1153271694 200.052035    34.3732 0.0000e+00
    211.000    -0.7200   2.805444    -0.7194   2.805835    6.84231    -0.0626    13.8155 0.0000e+00  -60.85750  -56.05900 1153271695 200.052051    34.3735 0.0000e+00
    212.000    -0.7147   2.806043    -0.7147   2.806358    6.83723    -0.0628    13.8155 0.0000e+00  -60.85750  -56.05900 1153271697 200.052072    34.3750 0.0000e+00
    213.000    -0.7133   2.806243    -0.7135   2.806525    6.83784    -0.0691    13.8155 0.0000e+00  -60.85750  -56.05900 1153271699 200.052089    34.3757 0.0000e+00
