product_data/regression_test/downloaded_data/MDGS/320620060703/ctd/p6619103.ros
* Sea-Bird SBE 9 Data File:
* FileName = D:\Data\Raw\p6619103.dat
* Software Version Seasave Win32 V 5.32
* Temperature SN = 1649
* Conductivity SN = 1431
* Number of Bytes Per Scan = 37
* Number of Voltage Words = 5
* Number of Scans Averaged by the Deck Unit = 1
* NMEA Latitude = 60 48.00 S
* NMEA Longitude = 055 00.25 W
* NMEA UTC (Time) = 16:10:00
** Ship:   Nathaniel B. Palmer 
** Cruise:    NBP0606 
# nquan = 17
# nvalues = 1176                    
# units = specified
# name 0 = prDM: Pressure, Digiquartz [db]
# name 1 = t090C: Temperature [ITS-90, deg C]
# name 2 = c0S/m: Conductivity [S/m]
# name 3 = t190C: Temperature, 2 [ITS-90, deg C]
# name 4 = c1S/m: Conductivity, 2 [S/m]
# name 5 = sbeox0ML/L: Oxygen, SBE 43 [ml/l]
# name 6 = flECO-AFL: Fluorescence, Wetlab ECO-AFL/FL [mg/m^3]
# name 7 = bat: Beam Attenuation, Chelsea/Seatech/Wetlab CStar [1/m]
# name 8 = spar: SPAR/Surface Irradiance
# name 9 = latitude: Latitude [deg]
# name 10 = longitude: Longitude [deg]
# name 11 = timeY: Time, System [seconds]
# name 12 = timeJ: Julian Days
# name 13 = sal00: Salinity [PSU]
# name 14 = scan: scan number
# name 15 = nbf: number of bottles fired
# name 16 = flag:  0.000e+00
# interval = seconds: 0.0416667                   
# start_time = Jul 23 2006 16:10:08
*END*
[from data line 256]
    500.949    -0.0019   2.892753    -0.0033   2.892950    5.89082    -0.0964    13.8155 2.2209e+02  -60.80000  -55.00417 1153673148 204.698502    34.5543      51423          6  0.000e+00
    500.920    -0.0021   2.892665    -0.0031   2.892873    5.90063    -0.0964    13.8155 2.2209e+02  -60.80000  -55.00417 1153673149 204.698503    34.5534      51424          6  0.000e+00
    500.949    -0.0030   2.892662    -0.0045   2.892844    5.89589    -0.0964    13.8155 2.2209e+02  -60.80000  -55.00417 1153673149 204.698503    34.5544      51425          6  0.000e+00
    500.949    -0.0015   2.892944    -0.0061   2.892832    5.89555    -0.0749    13.8155 2.2209e+02  -60.80000  -55.00417 1153673149 204.698504    34.5563      51426          6  0.000e+00
    500.920     0.0065   2.893555    -0.0059   2.892849    5.89911    -0.0749    13.8155 2.2209e+02  -60.80000  -55.00417 1153673149 204.698504    34.5554      51427          6  0.000e+00
    500.949     0.0146   2.894041    -0.0054   2.892938    5.89791    -0.1072    13.8155 2.2209e+02  -60.80000  -55.00417 1153673149 204.698505    34.5528      51428          6  0.000e+00
    500.949     0.0166   2.894108    -0.0045   2.892985    5.89275    -0.0749    13.8155 2.2209e+02  -60.80000  -55.00417 1153673149 204.698505    34.5515      51429          6  0.000e+00
    500.949     0.0136   2.893699    -0.0052   2.892908    5.89820    -0.0534    13.8155 2.2209e+02  -60.80000  -55.00417 1153673149 204.698505    34.5494      51430          6  0.000e+00
    500.920     0.0085   2.893098    -0.0062   2.892844    5.89912    -0.0749    13.8155 2.2209e+02  -60.80000  -55.00417 1153673149 204.698506    34.5472      51431          6  0.000e+00
    500.949     0.0014   2.892474    -0.0067   2.892767    5.90033    -0.1395    13.8155 2.2209e+02  -60.80000  -55.00417 1153673149 204.698506    34.5469      51432          6  0.000e+00
    500.949    -0.0028   2.892350    -0.0073   2.892708    5.90091    -0.1395    13.8155 2.2209e+02  -60.80000  -55.00417 1153673149 204.698507    34.5501      51433          6  0.000e+00
    500.872    -0.0010   2.892467    -0.0082   2.892620    5.90056    -0.0857    13.8155 2.2209e+02  -60.80000  -55.00417 1153673149 204.698507    34.5496      51434          6  0.000e+00
    500.920    -0.0007   2.892454    -0.0086   2.892585    5.90545    -0.0534    13.8155 2.2209e+02  -60.80000  -55.00417 1153673149 204.698508    34.5490      51435          6  0.000e+00
    500.949    -0.0016   2.892521    -0.0080   2.892644    5.90554    -0.0749    13.8155 2.2209e+02  -60.80000  -55.00417 1153673149 204.698508    34.5509      51436          6  0.000e+00
    500.873    -0.0018   2.892756    -0.0038   2.892891    5.90050    -0.0964    13.8155 2.2209e+02  -60.80000  -55.00417 1153673149 204.698509    34.5542      51437          6  0.000e+00
    500.873     0.0075   2.893679     0.0060   2.893438    5.89888    -0.1180    13.8155 2.2209e+02  -60.80000  -55.00417 1153673149 204.698509    34.5560      51438          6  0.000e+00
    500.853     0.0195   2.894723     0.0121   2.894044    5.89687    -0.1395    13.8155 2.2209e+02  -60.80000  -55.00417 1153673149 204.698510    34.5563      51439          6  0.000e+00
    500.873     0.0253   2.895394     0.0124   2.894374    5.89583    -0.1395    13.8155 2.2209e+02  -60.80000  -55.00417 1153673149 204.698510    34.5587      51440          6  0.000e+00
    500.873     0.0279   2.895636     0.0140   2.894545    5.90026    -0.0964    13.8155 2.2404e+02  -60.80000  -55.00417 1153673149 204.698511    34.5589      51441          6  0.000e+00
    500.873     0.0276   2.895689     0.0166   2.894698    5.90026    -0.0642    13.8155 2.2404e+02  -60.80000  -55.00417 1153673149 204.698511    34.5600      51442          6  0.000e+00
    500.786     0.0301   2.895726     0.0184   2.894863    5.89988    -0.0534    13.8155 2.2404e+02  -60.80000  -55.00417 1153673149 204.698512    34.5577      51443          6  0.000e+00
    500.805     0.0310   2.895548     0.0221   2.895045    5.89987    -0.0534    13.8155 2.2404e+02  -60.80000  -55.00417 1153673149 204.698512    34.5543      51444          6  0.000e+00
    500.805     0.0323   2.895085     0.0261   2.895151    5.89997    -0.0964    13.8155 2.2404e+02  -60.80000  -55.00417 1153673149 204.698513    34.5468      51445          6  0.000e+00
    500.786     0.0290   2.894588     0.0243   2.895192    5.90061    -0.1395    13.8155 2.2404e+02  -60.80000  -55.00417 1153673149 204.698513    34.5439      51446          6  0.000e+00
    500.805     0.0202   2.894226     0.0192   2.895122    5.90189    -0.1180    13.8155 2.2599e+02  -60.80000  -55.00417 1153673149 204.698514    34.5491      51447          6  0.000e+00
    500.738     0.0130   2.893988     0.0166   2.895033    5.90283    -0.0964    13.8155 2.2599e+02  -60.80000  -55.00417 1153673149 204.698514    34.5540      51448          6  0.000e+00
    500.738     0.0113   2.893937     0.0139   2.894951    5.90306    -0.1180    13.8155 2.2599e+02  -60.80000  -55.00417 1153673150 204.698515    34.5552      51449          6  0.000e+00
    500.642     0.0121   2.893954     0.0129   2.894845    5.90288    -0.1180    13.8155 2.2599e+02  -60.80000  -55.00417 1153673150 204.698515    34.5547      51450          6  0.000e+00
    500.738     0.0104   2.893961     0.0120   2.894821    5.90315    -0.1180    13.8155 2.2599e+02  -60.80000  -55.00417 1153673150 204.698516    34.5565      51451          6  0.000e+00
    500.662     0.0107   2.893977     0.0110   2.894780    5.90305    -0.0749    13.8155 2.2599e+02  -60.80000  -55.00417 1153673150 204.698516    34.5565      51452          6  0.000e+00
    500.594     0.0127   2.893984     0.0091   2.894686    5.90275    -0.0534    13.8155 2.2599e+02  -60.80000  -55.00417 1153673150 204.698517    34.5544      51453          6  0.000e+00
    500.642     0.0146   2.893914     0.0076   2.894574    5.90260    -0.0534    13.8155 2.2793e+02  -60.80000  -55.00417 1153673150 204.698517    34.5513      51454          6  0.000e+00
    500.662     0.0130   2.893890     0.0094   2.894462    5.90282    -0.0534    13.8155 2.2793e+02  -60.80000  -55.00417 1153673150 204.698518    34.5528      51455          6  0.000e+00
    500.594     0.0114   2.893890     0.0109   2.894480    5.90296    -0.0964    13.8155 2.2599e+02  -60.80000  -55.00417 1153673150 204.698518    34.5546      51456          6  0.000e+00
    500.594     0.0108   2.893994     0.0120   2.894515    5.90297    -0.0964    13.8155 2.2599e+02  -60.80000  -55.00417 1153673150 204.698519    34.5566      51457          6  0.000e+00
    500.566     0.0119   2.894081     0.0120   2.894604    5.90277    -0.1072    13.8155 2.2599e+02  -60.80000  -55.00417 1153673150 204.698519    34.5566      51458          6  0.000e+00
    500.594     0.0135   2.894269     0.0127   2.894692    5.90250    -0.0964    13.8155 2.2599e+02  -60.80000  -55.00417 1153673150 204.698519    34.5573      51459          6  0.000e+00
    500.595     0.0170   2.894796     0.0114   2.894668    5.90179    -0.1287    13.8155 2.2599e+02  -60.80000  -55.00417 1153673150 204.698520    34.5602      51460          6  0.000e+00
    450.823    -0.1065   2.879554    -0.1066   2.879880    6.03954    -0.0749    13.8155 2.0456e+02  -60.80000  -55.00417 1153673230 204.699449    34.5271      53386          7  0.000e+00
    450.823    -0.1065   2.879534    -0.1069   2.879880    6.03956    -0.0857    13.8155 2.0456e+02  -60.80000  -55.00417 1153673230 204.699449    34.5269      53387          7  0.000e+00
    450.824    -0.1072   2.879494    -0.1067   2.879875    6.03965    -0.1180    13.8155 2.0456e+02  -60.80000  -55.00417 1153673230 204.699450    34.5270      53388          7  0.000e+00
    450.747    -0.1079   2.879447    -0.1064   2.879927    6.03971    -0.1072    13.8155 2.0456e+02  -60.80000  -55.00417 1153673230 204.699450    34.5273      53389          7  0.000e+00
    450.824    -0.1076   2.879417    -0.1066   2.879945    6.03975    -0.0749    13.8155 2.0456e+02  -60.80000  -55.00417 1153673230 204.699451    34.5265      53390          7  0.000e+00
    450.824    -0.1078   2.879430    -0.1064   2.879963    6.03977    -0.0534    13.8155 2.0456e+02  -60.80000  -55.00417 1153673230 204.699451    34.5269      53391          7  0.000e+00
    450.747    -0.1081   2.879417    -0.1072   2.879933    6.03489    -0.0749    13.8155 2.0456e+02  -60.80000  -55.00417 1153673231 204.699452    34.5271      53392          7  0.000e+00
    450.766    -0.1076   2.879397    -0.1076   2.879886    6.03972    -0.0857    13.8155 2.0456e+02  -60.80000  -55.00417 1153673231 204.699452    34.5263      53393          7  0.000e+00
    450.747    -0.1079   2.879444    -0.1080   2.879845    6.03971    -0.0319    13.8155 2.0456e+02  -60.80000  -55.00417 1153673231 204.699453    34.5273      53394          7  0.000e+00
    450.747    -0.1082   2.879423    -0.1083   2.879839    6.03976    -0.0642    13.8155 2.0456e+02  -60.80000  -55.00417 1153673231 204.699453    34.5274      53395          7  0.000e+00
    450.747    -0.1078   2.879397    -0.1086   2.879816    6.03972    -0.0964    13.8155 2.0456e+02  -60.80000  -55.00417 1153673231 204.699454    34.5265      53396          7  0.000e+00
    450.747    -0.1079   2.879393    -0.1082   2.879757    6.03973    -0.1395    13.8155 2.0456e+02  -60.80000  -55.00417 1153673231 204.699454    34.5265      53397          7  0.000e+00
    450.747    -0.1076   2.879393    -0.1080   2.879751    6.03970    -0.0964    13.8155 2.0456e+02  -60.80000  -55.00417 1153673231 204.699455    34.5263      53398          7  0.000e+00
    450.747    -0.1082   2.879407    -0.1081   2.879734    6.03977    -0.0857    13.8155 2.0456e+02  -60.80000  -55.00417 1153673231 204.699455    34.5271      53399          7  0.000e+00
    450.680    -0.1082   2.879413    -0.1086   2.879728    6.03971    -0.0964    13.8155 2.0650e+02  -60.80000  -55.00417 1153673231 204.699456    34.5273      53400          7  0.000e+00
    450.680    -0.1079   2.879430    -0.1089   2.879692    6.03966    -0.0749    13.8155 2.0456e+02  -60.80000  -55.00417 1153673231 204.699456    34.5271      53401          7  0.000e+00
    450.546    -0.1081   2.879454    -0.1087   2.879739    6.03956    -0.0964    13.8155 2.0456e+02  -60.80000  -55.00417 1153673231 204.699457    34.5277      53402          7  0.000e+00
    450.747    -0.1079   2.879460    -0.1087   2.879775    6.03970    -0.1502    13.8155 2.0456e+02  -60.80000  -55.00417 1153673231 204.699457    34.5275      53403          7  0.000e+00
    450.680    -0.1078   2.879494    -0.1084   2.879804    6.03961    -0.0964    13.8155 2.0456e+02  -60.80000  -55.00417 1153673231 204.699457    34.5278      53404          7  0.000e+00
    450.613    -0.1077   2.879524    -0.1078   2.879816    6.04439    -0.0749    13.8155 2.0456e+02  -60.80000  -55.00417 1153673231 204.699458    34.5282      53405          7  0.000e+00
    450.680    -0.1070   2.879531    -0.1075   2.879851    6.03949    -0.0964    13.8155 2.0456e+02  -60.80000  -55.00417 1153673231 204.699458    34.5274      53406          7  0.000e+00
    450.613    -0.1069   2.879511    -0.1070   2.879880    6.03943    -0.1180    13.8155 2.0456e+02  -60.80000  -55.00417 1153673231 204.699459    34.5270      53407          7  0.000e+00
    450.536    -0.1067   2.879487    -0.1072   2.879910    6.04422    -0.0749    13.8155 2.0261e+02  -60.80000  -55.00417 1153673231 204.699459    34.5266      53408          7  0.000e+00
    450.613    -0.1069   2.879517    -0.1067   2.879904    6.04428    -0.0426    13.8155 2.0456e+02  -60.80000  -55.00417 1153673231 204.699460    34.5271      53409          7  0.000e+00
    450.546    -0.1073   2.879510    -0.1066   2.879916    6.04429    -0.0749    13.8155 2.0456e+02  -60.80000  -55.00417 1153673231 204.699460    34.5276      53410          7  0.000e+00
    450.536    -0.1076   2.879470    -0.1060   2.879922    6.04434    -0.0749    13.8155 2.0456e+02  -60.80000  -55.00417 1153673231 204.699461    34.5274      53411          7  0.000e+00
    450.536    -0.1086   2.879440    -0.1064   2.879939    6.04447    -0.1180    13.8155 2.0456e+02  -60.80000  -55.00417 1153673231 204.699461    34.5281      53412          7  0.000e+00
    450.536    -0.1083   2.879437    -0.1061   2.879910    6.04445    -0.1180    13.8155 2.0456e+02  -60.80000  -55.00417 1153673231 204.699462    34.5278      53413          7  0.000e+00
    450.469    -0.1087   2.879417    -0.1058   2.879957    6.04445    -0.0964    13.8155 2.0456e+02  -60.80000  -55.00417 1153673231 204.699462    34.5279      53414          7  0.000e+00
    450.469    -0.1078   2.879430    -0.1058   2.879951    6.04433    -0.0749    13.8155 2.0456e+02  -60.80000  -55.00417 1153673231 204.699463    34.5271      53415          7  0.000e+00
    450.469    -0.1081   2.879470    -0.1053   2.879963    6.04434    -0.1180    13.8155 2.0650e+02  -60.80000  -55.00417 1153673231 204.699463    34.5280      53416          7  0.000e+00
    450.469    -0.1079   2.879554    -0.1057   2.879974    6.04428    -0.1072    13.8155 2.0650e+02  -60.80000  -55.00417 1153673232 204.699464    34.5289      53417          7  0.000e+00
    450.392    -0.1072   2.879557    -0.1055   2.879980    6.04412    -0.1180    13.8155 2.0650e+02  -60.80000  -55.00417 1153673232 204.699464    34.5281      53418          7  0.000e+00
    450.411    -0.1064   2.879604    -0.1053   2.880039    6.04401    -0.1180    13.8155 2.0650e+02  -60.80000  -55.00417 1153673232 204.699465    34.5278      53419          7  0.000e+00
    450.392    -0.1063   2.879654    -0.1053   2.879992    6.04396    -0.1180    13.8155 2.0650e+02  -60.80000  -55.00417 1153673232 204.699465    34.5285      53420          7  0.000e+00
    450.325    -0.1055   2.879685    -0.1057   2.880033    6.04378    -0.0642    13.8155 2.0845e+02  -60.80000  -55.00417 1153673232 204.699466    34.5279      53421          7  0.000e+00
    450.325    -0.1051   2.879671    -0.1058   2.880021    6.04375    -0.0319    13.8155 2.0845e+02  -60.80000  -55.00417 1153673232 204.699466    34.5274      53422          7  0.000e+00
    450.325    -0.1048   2.879685    -0.1064   2.879939    6.04370    -0.0534    13.8155 2.0650e+02  -60.80000  -55.00417 1153673232 204.699467    34.5272      53423          7  0.000e+00
    450.258    -0.1058   2.879691    -0.1067   2.879921    6.04862    -0.1072    13.8155 2.0845e+02  -60.80000  -55.00417 1153673232 204.699467    34.5284      53424          7  0.000e+00
    450.258    -0.1059   2.879654    -0.1067   2.879898    6.04380    -0.1180    13.8155 2.0845e+02  -60.80000  -55.00417 1153673232 204.699468    34.5281      53425          7  0.000e+00
    450.258    -0.1058   2.879678    -0.1075   2.879874    6.04862    -0.0857    13.8155 2.0845e+02  -60.80000  -55.00417 1153673232 204.699468    34.5282      53426          7  0.000e+00
    450.191    -0.1052   2.879708    -0.1069   2.879886    6.04848    -0.0534    13.8155 2.1040e+02  -60.80000  -55.00417 1153673232 204.699469    34.5281      53427          7  0.000e+00
    450.258    -0.1053   2.879731    -0.1073   2.879869    6.04853    -0.0749    13.8155 2.1040e+02  -60.80000  -55.00417 1153673232 204.699469    34.5284      53428          7  0.000e+00
    450.181    -0.1048   2.879701    -0.1067   2.879904    6.04843    -0.0964    13.8155 2.1040e+02  -60.80000  -55.00417 1153673232 204.699470    34.5275      53429          7  0.000e+00
    450.181    -0.1050   2.879741    -0.1061   2.879921    6.04843    -0.0857    13.8155 2.1040e+02  -60.80000  -55.00417 1153673232 204.699470    34.5282      53430          7  0.000e+00
    450.114    -0.1048   2.879778    -0.1067   2.879939    6.04833    -0.0319    13.8155 2.1040e+02  -60.80000  -55.00417 1153673232 204.699470    34.5286      53431          7  0.000e+00
