product_data/regression_test/downloaded_data/MDGS/320620060703/ctd/p6611301.cnv
* Sea-Bird SBE 9 Data File:
* FileName = D:\Data\Raw\p6611301.dat
* Software Version Seasave Win32 V 5.32
* Temperature SN = 1649
* Conductivity SN = 1431
* Number of Bytes Per Scan = 37
* Number of Voltage Words = 5
* Number of Scans Averaged by the Deck Unit = 1
* NMEA Latitude = 61 29.01 S
* NMEA Longitude = 054 52.49 W
* NMEA UTC (Time) = 07:30:33
** Ship:   Nathaniel B. Palmer 
** Cruise:    NBP0606 
# nquan = 15
# nvalues = 891                         
# units = specified
# name 0 = prDM: Pressure, Digiquartz [db]
# name 1 = t090C: Temperature [ITS-90, deg C]
# name 2 = c0S/m: Conductivity [S/m]
# name 3 = t190C: Temperature, 2 [ITS-90, deg C]
# name 4 = c1S/m: Conductivity, 2 [S/m]
# name 5 = sbeox0ML/L: Oxygen, SBE 43 [ml/l]
# name 6 = flECO-AFL: Fluorescence, Wetlab ECO-AFL/FL [mg/m^3]
# name 7 = bat: Beam Attenuation, Chelsea/Seatech/Wetlab CStar [1/m]
# name 8 = spar: SPAR/Surface Irradiance
# name 9 = latitude: Latitude [deg]
# name 10 = longitude: Longitude [deg]
# name 11 = timeY: Time, System [seconds]
# name 12 = timeJ: Julian Days
# name 13 = sal00: Salinity [PSU]
# name 14 = flag: flag
# span 0 =     13.000,    903.000       
# span 1 =    -1.6016,    -0.4421       
# span 2 =   2.707696,   2.852734       
# span 3 =    -1.6025,    -0.4413       
# span 4 =   2.708626,   2.853204       
# span 5 =    6.39479,    7.98870       
# span 6 =    -0.1255,     0.1437       
# span 7 =    13.8155,    13.8155       
# span 8 = 0.0000e+00, 0.0000e+00       
# span 9 =  -61.48350,  -61.48350       
# span 10 =  -54.87483,  -54.87483      
# span 11 = 1152862242, 1152863486      
# span 12 = 195.313014, 195.327404      
# span 13 =    34.1652,    34.5397      
# span 14 = 0.0000e+00, 0.0000e+00      
# interval = decibars: 1                
# start_time = Jul 14 2006 07:30:41
# bad_flag = -9.990e-29
*END*
     13.000    -1.5927   2.708508    -1.5878   2.710018    7.93507     0.1067    13.8155 0.0000e+00  -61.48350  -54.87483 1152862242 195.313014    34.1683 0.0000e+00
     14.000    -1.5969   2.708075    -1.5986   2.708970    7.96036     0.1155    13.8155 0.0000e+00  -61.48350  -54.87483 1152862275 195.313394    34.1660 0.0000e+00
     15.000    -1.6016   2.707696    -1.6025   2.708626    7.96524     0.1270    13.8155 0.0000e+00  -61.48350  -54.87483 1152862285 195.313504    34.1656 0.0000e+00
     16.000    -1.5943   2.708390    -1.5930   2.709412    7.96676     0.1161    13.8155 0.0000e+00  -61.48350  -54.87483 1152862288 195.313538    34.1658 0.0000e+00
     17.000    -1.5751   2.710015    -1.5756   2.710917    7.96964     0.1163    13.8155 0.0000e+00  -61.48350  -54.87483 1152862289 195.313558    34.1652 0.0000e+00
     18.000    -1.5801   2.709651    -1.5795   2.710686    7.98199     0.1133    13.8155 0.0000e+00  -61.48350  -54.87483 1152862294 195.313615    34.1657 0.0000e+00
     19.000    -1.5922   2.708686    -1.5940   2.709491    7.98174     0.1099    13.8155 0.0000e+00  -61.48350  -54.87483 1152862296 195.313638    34.1662 0.0000e+00
     20.000    -1.5933   2.708630    -1.5937   2.709546    7.98335     0.1177    13.8155 0.0000e+00  -61.48350  -54.87483 1152862297 195.313651    34.1661 0.0000e+00
     21.000    -1.5938   2.708632    -1.5952   2.709496    7.98354     0.1261    13.8155 0.0000e+00  -61.48350  -54.87483 1152862299 195.313668    34.1660 0.0000e+00
     22.000    -1.5967   2.708446    -1.5982   2.709231    7.97747     0.1279    13.8155 0.0000e+00  -61.48350  -54.87483 1152862303 195.313713    34.1661 0.0000e+00
     23.000    -1.5913   2.708975    -1.5914   2.709829    7.98075     0.1181    13.8155 0.0000e+00  -61.48350  -54.87483 1152862304 195.313733    34.1666 0.0000e+00
     24.000    -1.5748   2.710389    -1.5770   2.711140    7.98463     0.1319    13.8155 0.0000e+00  -61.48350  -54.87483 1152862307 195.313770    34.1658 0.0000e+00
     25.000    -1.5866   2.709474    -1.5850   2.710509    7.98519     0.1234    13.8155 0.0000e+00  -61.48350  -54.87483 1152862310 195.313793    34.1666 0.0000e+00
     26.000    -1.5712   2.710852    -1.5761   2.711277    7.98467     0.0956    13.8155 0.0000e+00  -61.48350  -54.87483 1152862310 195.313804    34.1673 0.0000e+00
     27.000    -1.5730   2.710709    -1.5728   2.711604    7.98676     0.1116    13.8155 0.0000e+00  -61.48350  -54.87483 1152862311 195.313815    34.1664 0.0000e+00
     28.000    -1.5750   2.710586    -1.5749   2.711480    7.98567     0.1213    13.8155 0.0000e+00  -61.48350  -54.87483 1152862315 195.313857    34.1665 0.0000e+00
     29.000    -1.5865   2.709632    -1.5851   2.710669    7.98526     0.1079    13.8155 0.0000e+00  -61.48350  -54.87483 1152862318 195.313894    34.1662 0.0000e+00
     30.000    -1.5835   2.709981    -1.5842   2.710755    7.98808     0.1226    13.8155 0.0000e+00  -61.48350  -54.87483 1152862319 195.313908    34.1671 0.0000e+00
     31.000    -1.5793   2.710356    -1.5804   2.711122    7.98870     0.1197    13.8155 0.0000e+00  -61.48350  -54.87483 1152862321 195.313925    34.1666 0.0000e+00
     32.000    -1.5802   2.710334    -1.5809   2.711118    7.98844     0.1301    13.8155 0.0000e+00  -61.48350  -54.87483 1152862323 195.313948    34.1667 0.0000e+00
     33.000    -1.5776   2.710615    -1.5784   2.711378    7.98378     0.1185    13.8155 0.0000e+00  -61.48350  -54.87483 1152862327 195.313996    34.1669 0.0000e+00
     34.000    -1.5752   2.710870    -1.5777   2.711488    7.98421     0.0998    13.8155 0.0000e+00  -61.48350  -54.87483 1152862329 195.314013    34.1670 0.0000e+00
     35.000    -1.5777   2.710697    -1.5779   2.711517    7.98586     0.1092    13.8155 0.0000e+00  -61.48350  -54.87483 1152862330 195.314025    34.1669 0.0000e+00
     36.000    -1.5794   2.710608    -1.5795   2.711428    7.98488     0.1176    13.8155 0.0000e+00  -61.48350  -54.87483 1152862332 195.314058    34.1670 0.0000e+00
     37.000    -1.5771   2.710871    -1.5779   2.711602    7.98429     0.1238    13.8155 0.0000e+00  -61.48350  -54.87483 1152862335 195.314092    34.1674 0.0000e+00
     38.000    -1.5777   2.710852    -1.5789   2.711565    7.98590     0.1110    13.8155 0.0000e+00  -61.48350  -54.87483 1152862337 195.314106    34.1671 0.0000e+00
     39.000    -1.5732   2.711290    -1.5707   2.712298    7.98652     0.1310    13.8155 0.0000e+00  -61.48350  -54.87483 1152862338 195.314128    34.1674 0.0000e+00
     40.000    -1.5686   2.711739    -1.5687   2.712534    7.98609     0.1242    13.8155 0.0000e+00  -61.48350  -54.87483 1152862341 195.314161    34.1675 0.0000e+00
     41.000    -1.5701   2.711657    -1.5709   2.712392    7.98365     0.0995    13.8155 0.0000e+00  -61.48350  -54.87483 1152862343 195.314178    34.1676 0.0000e+00
     42.000    -1.5692   2.711791    -1.5694   2.712541    7.98434     0.1248    13.8155 0.0000e+00  -61.48350  -54.87483 1152862345 195.314209    34.1675 0.0000e+00
     43.000    -1.5684   2.711923    -1.5699   2.712572    7.98765     0.1212    13.8155 0.0000e+00  -61.48350  -54.87483 1152862348 195.314243    34.1682 0.0000e+00
     44.000    -1.5636   2.712374    -1.5635   2.713153    7.98567     0.1172    13.8155 0.0000e+00  -61.48350  -54.87483 1152862349 195.314253    34.1680 0.0000e+00
     45.000    -1.5617   2.712570    -1.5615   2.713352    7.98483     0.1100    13.8155 0.0000e+00  -61.48350  -54.87483 1152862350 195.314265    34.1678 0.0000e+00
     46.000    -1.5612   2.712693    -1.5606   2.713480    7.98848     0.1238    13.8155 0.0000e+00  -61.48350  -54.87483 1152862355 195.314323    34.1685 0.0000e+00
     47.000    -1.5624   2.712588    -1.5625   2.713387    7.98521     0.0942    13.8155 0.0000e+00  -61.48350  -54.87483 1152862357 195.314338    34.1677 0.0000e+00
     48.000    -1.5636   2.712555    -1.5639   2.713303    7.98429     0.0969    13.8155 0.0000e+00  -61.48350  -54.87483 1152862357 195.314346    34.1681 0.0000e+00
     49.000    -1.5632   2.712630    -1.5649   2.713250    7.98065     0.1235    13.8155 0.0000e+00  -61.48350  -54.87483 1152862358 195.314355    34.1682 0.0000e+00
     50.000    -1.5645   2.712569    -1.5652   2.713265    7.98444     0.1339    13.8155 0.0000e+00  -61.48350  -54.87483 1152862364 195.314418    34.1682 0.0000e+00
     51.000    -1.5645   2.712632    -1.5647   2.713374    7.98541     0.1019    13.8155 0.0000e+00  -61.48350  -54.87483 1152862366 195.314452    34.1684 0.0000e+00
     52.000    -1.5656   2.712603    -1.5668   2.713226    7.98179     0.1094    13.8155 0.0000e+00  -61.48350  -54.87483 1152862367 195.314460    34.1687 0.0000e+00
     53.000    -1.5625   2.712903    -1.5611   2.713752    7.98262     0.0944    13.8155 0.0000e+00  -61.48350  -54.87483 1152862368 195.314468    34.1686 0.0000e+00
     54.000    -1.5630   2.712895    -1.5631   2.713628    7.98332     0.1128    13.8155 0.0000e+00  -61.48350  -54.87483 1152862369 195.314477    34.1684 0.0000e+00
     55.000    -1.5645   2.712822    -1.5648   2.713517    7.98237     0.1184    13.8155 0.0000e+00  -61.48350  -54.87483 1152862372 195.314523    34.1684 0.0000e+00
     56.000    -1.5665   2.712722    -1.5668   2.713407    7.97953     0.1261    13.8155 0.0000e+00  -61.48350  -54.87483 1152862376 195.314562    34.1688 0.0000e+00
     57.000    -1.5691   2.712542    -1.5687   2.713286    7.98007     0.1095    13.8155 0.0000e+00  -61.48350  -54.87483 1152862377 195.314575    34.1687 0.0000e+00
     58.000    -1.5683   2.712669    -1.5684   2.713346    7.97951     0.1289    13.8155 0.0000e+00  -61.48350  -54.87483 1152862378 195.314587    34.1689 0.0000e+00
     59.000    -1.5646   2.713038    -1.5600   2.714107    7.98129     0.1098    13.8155 0.0000e+00  -61.48350  -54.87483 1152862379 195.314599    34.1694 0.0000e+00
     60.000    -1.5532   2.714074    -1.5523   2.714818    7.97742     0.1300    13.8155 0.0000e+00  -61.48350  -54.87483 1152862382 195.314633    34.1694 0.0000e+00
     61.000    -1.5509   2.714321    -1.5505   2.715038    7.97803     0.1328    13.8155 0.0000e+00  -61.48350  -54.87483 1152862386 195.314677    34.1695 0.0000e+00
     62.000    -1.5485   2.714591    -1.5486   2.715240    7.97879     0.1226    13.8155 0.0000e+00  -61.48350  -54.87483 1152862387 195.314691    34.1699 0.0000e+00
     63.000    -1.5367   2.715697    -1.5371   2.716302    7.97894     0.1159    13.8155 0.0000e+00  -61.48350  -54.87483 1152862388 195.314705    34.1707 0.0000e+00
     64.000    -1.5302   2.716370    -1.5301   2.716984    7.97662     0.1175    13.8155 0.0000e+00  -61.48350  -54.87483 1152862390 195.314720    34.1714 0.0000e+00
     65.000    -1.5265   2.716695    -1.5262   2.717386    7.97265     0.1162    13.8155 0.0000e+00  -61.48350  -54.87483 1152862391 195.314735    34.1714 0.0000e+00
     66.000    -1.5268   2.716714    -1.5259   2.717455    7.96935     0.1258    13.8155 0.0000e+00  -61.48350  -54.87483 1152862395 195.314777    34.1716 0.0000e+00
     67.000    -1.5265   2.716798    -1.5260   2.717502    7.97158     0.1095    13.8155 0.0000e+00  -61.48350  -54.87483 1152862397 195.314811    34.1720 0.0000e+00
     68.000    -1.5266   2.716828    -1.5262   2.717527    7.97004     0.1021    13.8155 0.0000e+00  -61.48350  -54.87483 1152862398 195.314818    34.1719 0.0000e+00
     69.000    -1.5272   2.716793    -1.5268   2.717496    7.96947     0.1221    13.8155 0.0000e+00  -61.48350  -54.87483 1152862399 195.314825    34.1715 0.0000e+00
     70.000    -1.5266   2.716916    -1.5259   2.717618    7.96726     0.1256    13.8155 0.0000e+00  -61.48350  -54.87483 1152862400 195.314845    34.1719 0.0000e+00
     71.000    -1.5263   2.716983    -1.5259   2.717660    7.96793     0.1404    13.8155 0.0000e+00  -61.48350  -54.87483 1152862404 195.314890    34.1720 0.0000e+00
     72.000    -1.5251   2.717156    -1.5243   2.717858    7.96434     0.1270    13.8155 0.0000e+00  -61.48350  -54.87483 1152862406 195.314915    34.1724 0.0000e+00
     73.000    -1.5235   2.717352    -1.5227   2.718052    7.96588     0.1179    13.8155 0.0000e+00  -61.48350  -54.87483 1152862408 195.314936    34.1726 0.0000e+00
     74.000    -1.5252   2.717249    -1.5243   2.717968    7.96732     0.1151    13.8155 0.0000e+00  -61.48350  -54.87483 1152862409 195.314949    34.1726 0.0000e+00
     75.000    -1.5242   2.717371    -1.5238   2.718053    7.96807     0.1030    13.8155 0.0000e+00  -61.48350  -54.87483 1152862410 195.314959    34.1725 0.0000e+00
     76.000    -1.5249   2.717360    -1.5242   2.718042    7.96503     0.1170    13.8155 0.0000e+00  -61.48350  -54.87483 1152862411 195.314971    34.1725 0.0000e+00
     77.000    -1.5244   2.717464    -1.5237   2.718131    7.97024     0.1211    13.8155 0.0000e+00  -61.48350  -54.87483 1152862416 195.315028    34.1727 0.0000e+00
     78.000    -1.5255   2.717399    -1.5246   2.718103    7.96942     0.1184    13.8155 0.0000e+00  -61.48350  -54.87483 1152862418 195.315047    34.1726 0.0000e+00
     79.000    -1.5202   2.717958    -1.5183   2.718712    7.96875     0.1299    13.8155 0.0000e+00  -61.48350  -54.87483 1152862419 195.315065    34.1736 0.0000e+00
     80.000    -1.5142   2.718549    -1.5133   2.719244    7.96496     0.1158    13.8155 0.0000e+00  -61.48350  -54.87483 1152862421 195.315078    34.1739 0.0000e+00
     81.000    -1.5112   2.718881    -1.5100   2.719587    7.96390     0.1106    13.8155 0.0000e+00  -61.48350  -54.87483 1152862421 195.315088    34.1744 0.0000e+00
     82.000    -1.5075   2.719265    -1.5071   2.719883    7.96122     0.1355    13.8155 0.0000e+00  -61.48350  -54.87483 1152862423 195.315105    34.1747 0.0000e+00
     83.000    -1.5116   2.718929    -1.5099   2.719659    7.95560     0.1341    13.8155 0.0000e+00  -61.48350  -54.87483 1152862428 195.315169    34.1745 0.0000e+00
     84.000    -1.4993   2.720137    -1.4973   2.720878    7.95097     0.1416    13.8155 0.0000e+00  -61.48350  -54.87483 1152862430 195.315182    34.1762 0.0000e+00
     85.000    -1.4961   2.720460    -1.4954   2.721103    7.94873     0.1230    13.8155 0.0000e+00  -61.48350  -54.87483 1152862430 195.315193    34.1763 0.0000e+00
     86.000    -1.4937   2.720732    -1.4930   2.721381    7.94498     0.1275    13.8155 0.0000e+00  -61.48350  -54.87483 1152862431 195.315203    34.1766 0.0000e+00
     87.000    -1.4922   2.720925    -1.4914   2.721570    7.94252     0.1361    13.8155 0.0000e+00  -61.48350  -54.87483 1152862432 195.315216    34.1769 0.0000e+00
     88.000    -1.4901   2.721156    -1.4890   2.721822    7.93668     0.1404    13.8155 0.0000e+00  -61.48350  -54.87483 1152862435 195.315247    34.1772 0.0000e+00
     89.000    -1.4847   2.721720    -1.4827   2.722446    7.93047     0.1244    13.8155 0.0000e+00  -61.48350  -54.87483 1152862438 195.315277    34.1782 0.0000e+00
     90.000    -1.4710   2.723074    -1.4683   2.723832    7.92496     0.1207    13.8155 0.0000e+00  -61.48350  -54.87483 1152862440 195.315299    34.1803 0.0000e+00
     91.000    -1.4507   2.725029    -1.4497   2.725617    7.91217     0.1124    13.8155 0.0000e+00  -61.48350  -54.87483 1152862441 195.315317    34.1830 0.0000e+00
     92.000    -1.4354   2.726502    -1.4349   2.727049    7.89878     0.1195    13.8155 0.0000e+00  -61.48350  -54.87483 1152862442 195.315332    34.1848 0.0000e+00
     93.000    -1.4276   2.727304    -1.4260   2.727934    7.88394     0.1154    13.8155 0.0000e+00  -61.48350  -54.87483 1152862444 195.315345    34.1863 0.0000e+00
     94.000    -1.4108   2.728928    -1.4090   2.729580    7.86833     0.1287    13.8155 0.0000e+00  -61.48350  -54.87483 1152862446 195.315367    34.1886 0.0000e+00
     95.000    -1.3821   2.731735    -1.3812   2.732256    7.84314     0.1270    13.8155 0.0000e+00  -61.48350  -54.87483 1152862448 195.315392    34.1936 0.0000e+00
     96.000    -1.3473   2.735065    -1.3482   2.735428    7.82360     0.1234    13.8155 0.0000e+00  -61.48350  -54.87483 1152862449 195.315405    34.1981 0.0000e+00
     97.000    -1.3400   2.735792    -1.3394   2.736314    7.80941     0.1190    13.8155 0.0000e+00  -61.48350  -54.87483 1152862450 195.315418    34.1993 0.0000e+00
     98.000    -1.3266   2.737104    -1.3231   2.737903    7.78652     0.1283    13.8155 0.0000e+00  -61.48350  -54.87483 1152862452 195.315447    34.2017 0.0000e+00
     99.000    -1.3160   2.738172    -1.3159   2.738664    7.76910     0.1249    13.8155 0.0000e+00  -61.48350  -54.87483 1152862455 195.315480    34.2042 0.0000e+00
    100.000    -1.3106   2.738737    -1.3096   2.739293    7.76482     0.1168    13.8155 0.0000e+00  -61.48350  -54.87483 1152862456 195.315490    34.2052 0.0000e+00
    101.000    -1.3055   2.739226    -1.3045   2.739824    7.76386     0.1224    13.8155 0.0000e+00  -61.48350  -54.87483 1152862457 195.315500    34.2054 0.0000e+00
    102.000    -1.3064   2.739197    -1.3048   2.739842    7.76005     0.1321    13.8155 0.0000e+00  -61.48350  -54.87483 1152862458 195.315513    34.2056 0.0000e+00
    103.000    -1.3031   2.739548    -1.3019   2.740166    7.75170     0.1437    13.8155 0.0000e+00  -61.48350  -54.87483 1152862460 195.315535    34.2064 0.0000e+00
    104.000    -1.3028   2.739607    -1.3018   2.740209    7.74823     0.1309    13.8155 0.0000e+00  -61.48350  -54.87483 1152862462 195.315558    34.2065 0.0000e+00
    105.000    -1.3046   2.739465    -1.3041   2.740026    7.74466     0.1263    13.8155 0.0000e+00  -61.48350  -54.87483 1152862464 195.315588    34.2063 0.0000e+00
    106.000    -1.3087   2.739110    -1.3079   2.739725    7.74122     0.1114    13.8155 0.0000e+00  -61.48350  -54.87483 1152862466 195.315608    34.2056 0.0000e+00
    107.000    -1.3093   2.739120    -1.3058   2.739939    7.73798     0.1258    13.8155 0.0000e+00  -61.48350  -54.87483 1152862467 195.315618    34.2062 0.0000e+00
    108.000    -1.3029   2.739747    -1.3019   2.740343    7.73437     0.1128    13.8155 0.0000e+00  -61.48350  -54.87483 1152862468 195.315628    34.2066 0.0000e+00
