product_data/regression_test/downloaded_data/MDGS/320620060703/ctd/p6617613.cnv
* Sea-Bird SBE 9 Data File:
* FileName = D:\Data\Raw\p6617613.dat
* Software Version Seasave Win32 V 5.32
* Temperature SN = 1649
* Conductivity SN = 1431
* Number of Bytes Per Scan = 37
* Number of Voltage Words = 5
* Number of Scans Averaged by the Deck Unit = 1
* NMEA Latitude = 60 37.00 S
* NMEA Longitude = 054 43.23 W
* NMEA UTC (Time) = 16:30:53
** Ship:   Nathaniel B. Palmer 
** Cruise:    NBP0606 
# nquan = 15
# nvalues = 449                         
# units = specified
# name 0 = prDM: Pressure, Digiquartz [db]
# name 1 = t090C: Temperature [ITS-90, deg C]
# name 2 = c0S/m: Conductivity [S/m]
# name 3 = t190C: Temperature, 2 [ITS-90, deg C]
# name 4 = c1S/m: Conductivity, 2 [S/m]
# name 5 = sbeox0ML/L: Oxygen, SBE 43 [ml/l]
# name 6 = flECO-AFL: Fluorescence, Wetlab ECO-AFL/FL [mg/m^3]
# name 7 = bat: Beam Attenuation, Chelsea/Seatech/Wetlab CStar [1/m]
# name 8 = spar: SPAR/Surface Irradiance
# name 9 = latitude: Latitude [deg]
# name 10 = longitude: Longitude [deg]
# name 11 = timeY: Time, System [seconds]
# name 12 = timeJ: Julian Days
# name 13 = sal00: Salinity [PSU]
# name 14 = flag: flag
# span 0 =      3.000,    451.000       
# span 1 =    -0.7706,     1.3781       
# span 2 =   2.773031,   2.994495       
# span 3 =    -0.7705,     1.3796       
# span 4 =   2.773832,   2.994654       
# span 5 =    4.90616,    7.67981       
# span 6 =    -0.1003,     0.2880       
# span 7 =    13.8155,    13.8155       
# span 8 = 4.8094e+01, 5.5402e+01       
# span 9 =  -60.61667,  -60.61667       
# span 10 =  -54.72050,  -54.72050      
# span 11 = 1153499461, 1153500164      
# span 12 = 202.688198, 202.696358      
# span 13 =    34.1214,    34.5457      
# span 14 = 0.0000e+00, 0.0000e+00      
# interval = decibars: 1                
# start_time = Jul 21 2006 16:31:01
# bad_flag = -9.990e-29
*END*
[from data line 193]
    196.000     1.1624   2.975017     1.1617   2.975681    5.07715    -0.0697    13.8155 4.9712e+01  -60.61667  -54.72050 1153499757 202.691647    34.5095 0.0000e+00
    197.000     1.0566   2.965444     1.0625   2.966568    5.12685    -0.0654    13.8155 4.9236e+01  -60.61667  -54.72050 1153499758 202.691659    34.5072 0.0000e+00
    198.000     1.0018   2.960347     1.0007   2.960864    5.18686    -0.0627    13.8155 4.9826e+01  -60.61667  -54.72050 1153499759 202.691673    34.5019 0.0000e+00
    199.000     0.9620   2.956767     0.9569   2.956809    5.25818    -0.0584    13.8155 -9.990e-29  -60.61667  -54.72050 1153499761 202.691688    34.4994 0.0000e+00
    200.000     0.9262   2.953572     0.9263   2.953978    5.30169    -0.0703    13.8155 -9.990e-29  -60.61667  -54.72050 1153499762 202.691705    34.4974 0.0000e+00
    201.000     0.8816   2.949452     0.8865   2.950519    5.36359    -0.0631    13.8155 -9.990e-29  -60.61667  -54.72050 1153499763 202.691719    34.4944 0.0000e+00
    202.000     0.7135   2.933716     0.7079   2.934168    5.41694    -0.0745    13.8155 5.0386e+01  -60.61667  -54.72050 1153499764 202.691731    34.4822 0.0000e+00
    203.000     0.6732   2.930413     0.6748   2.931072    5.45837    -0.0757    13.8155 4.9048e+01  -60.61667  -54.72050 1153499765 202.691743    34.4815 0.0000e+00
    204.000     0.6701   2.930164     0.6709   2.930714    5.49788    -0.0746    13.8155 4.9919e+01  -60.61667  -54.72050 1153499766 202.691757    34.4792 0.0000e+00
    205.000     0.6644   2.929741     0.6669   2.930411    5.52626    -0.0668    13.8155 4.9764e+01  -60.61667  -54.72050 1153499768 202.691773    34.4777 0.0000e+00
    206.000     0.6850   2.931824     0.6844   2.932008    5.54232    -0.0654    13.8155 4.9428e+01  -60.61667  -54.72050 1153499769 202.691787    34.4792 0.0000e+00
    207.000     0.6924   2.932505     0.6941   2.933044    5.54491    -0.0791    13.8155 5.0155e+01  -60.61667  -54.72050 1153499770 202.691800    34.4780 0.0000e+00
    208.000     0.6883   2.932227     0.6961   2.933296    5.55643    -0.0637    13.8155 5.0446e+01  -60.61667  -54.72050 1153499771 202.691814    34.4778 0.0000e+00
    209.000     0.6794   2.931494     0.6852   2.932434    5.56795    -0.0737    13.8155 -9.990e-29  -60.61667  -54.72050 1153499773 202.691835    34.4768 0.0000e+00
    210.000     0.6966   2.933192     0.6967   2.933469    5.58362    -0.0628    13.8155 -9.990e-29  -60.61667  -54.72050 1153499775 202.691853    34.4779 0.0000e+00
    211.000     0.6961   2.933095     0.6995   2.933844    5.58525    -0.0622    13.8155 -9.990e-29  -60.61667  -54.72050 1153499776 202.691864    34.4760 0.0000e+00
    212.000     0.6772   2.931473     0.6784   2.931959    5.59638    -0.0813    13.8155 -9.990e-29  -60.61667  -54.72050 1153499777 202.691875    34.4758 0.0000e+00
    213.000     0.6781   2.931623     0.6803   2.932163    5.61596    -0.0620    13.8155 -9.990e-29  -60.61667  -54.72050 1153499778 202.691886    34.4758 0.0000e+00
    214.000     0.6433   2.928314     0.6442   2.929021    5.63614    -0.0709    13.8155 -9.990e-29  -60.61667  -54.72050 1153499779 202.691898    34.4708 0.0000e+00
    215.000     0.6000   2.924565     0.5969   2.924670    5.66578    -0.0838    13.8155 4.9382e+01  -60.61667  -54.72050 1153499780 202.691913    34.4716 0.0000e+00
    216.000     0.5578   2.920513     0.5798   2.923201    5.71229    -0.0710    13.8155 5.0215e+01  -60.61667  -54.72050 1153499781 202.691927    34.4646 0.0000e+00
    217.000     0.4647   2.912148     0.4625   2.912572    5.75533    -0.0782    13.8155 5.0184e+01  -60.61667  -54.72050 1153499782 202.691942    34.4613 0.0000e+00
    218.000     0.4376   2.909760     0.4441   2.910811    5.80169    -0.0651    13.8155 5.0290e+01  -60.61667  -54.72050 1153499784 202.691960    34.4597 0.0000e+00
    219.000     0.3808   2.904560     0.3831   2.905474    5.84726    -0.0555    13.8155 -9.990e-29  -60.61667  -54.72050 1153499786 202.691979    34.4548 0.0000e+00
    220.000     0.3339   2.900440     0.3351   2.901083    5.87847    -0.0820    13.8155 -9.990e-29  -60.61667  -54.72050 1153499787 202.691993    34.4529 0.0000e+00
    221.000     0.3188   2.899129     0.3206   2.899808    5.90278    -0.0804    13.8155 -9.990e-29  -60.61667  -54.72050 1153499788 202.692005    34.4515 0.0000e+00
    222.000     0.3041   2.897937     0.3042   2.898409    5.91713    -0.0718    13.8155 -9.990e-29  -60.61667  -54.72050 1153499789 202.692017    34.4516 0.0000e+00
    223.000     0.3157   2.899189     0.3174   2.899682    5.92314    -0.0734    13.8155 -9.990e-29  -60.61667  -54.72050 1153499790 202.692029    34.4535 0.0000e+00
    224.000     0.3411   2.901699     0.3449   2.902287    5.92222    -0.0675    13.8155 -9.990e-29  -60.61667  -54.72050 1153499791 202.692042    34.4562 0.0000e+00
    225.000     0.3652   2.903932     0.3644   2.904244    5.91304    -0.0867    13.8155 -9.990e-29  -60.61667  -54.72050 1153499792 202.692056    34.4560 0.0000e+00
    226.000     0.3899   2.906369     0.3917   2.906834    5.90401    -0.0581    13.8155 5.0448e+01  -60.61667  -54.72050 1153499794 202.692071    34.4586 0.0000e+00
    227.000     0.3922   2.906588     0.3969   2.907366    5.89622    -0.0709    13.8155 5.0525e+01  -60.61667  -54.72050 1153499795 202.692090    34.4581 0.0000e+00
    228.000     0.3965   2.907080     0.3968   2.907433    5.89180    -0.0730    13.8155 4.9208e+01  -60.61667  -54.72050 1153499797 202.692110    34.4589 0.0000e+00
    229.000     0.3948   2.906947     0.3946   2.907330    5.89152    -0.0832    13.8155 5.0471e+01  -60.61667  -54.72050 1153499798 202.692122    34.4583 0.0000e+00
    230.000     0.3911   2.906686     0.3928   2.907173    5.89018    -0.0696    13.8155 5.0362e+01  -60.61667  -54.72050 1153499799 202.692132    34.4586 0.0000e+00
    231.000     0.3876   2.906387     0.3891   2.906905    5.88620    -0.0714    13.8155 5.0541e+01  -60.61667  -54.72050 1153499800 202.692141    34.4579 0.0000e+00
    232.000     0.3908   2.906764     0.3918   2.907178    5.88642    -0.0740    13.8155 4.9945e+01  -60.61667  -54.72050 1153499801 202.692150    34.4588 0.0000e+00
    233.000     0.3872   2.906450     0.3883   2.906913    5.89946    -0.0739    13.8155 4.9759e+01  -60.61667  -54.72050 1153499802 202.692162    34.4580 0.0000e+00
    234.000     0.3758   2.905471     0.3750   2.905735    5.90261    -0.0775    13.8155 5.0309e+01  -60.61667  -54.72050 1153499804 202.692191    34.4573 0.0000e+00
    235.000     0.3436   2.902439     0.3404   2.902745    5.89862    -0.0606    13.8155 5.0669e+01  -60.61667  -54.72050 1153499806 202.692215    34.4531 0.0000e+00
    236.000     0.3245   2.901000     0.3260   2.901447    5.90005    -0.0754    13.8155 -9.990e-29  -60.61667  -54.72050 1153499807 202.692226    34.4567 0.0000e+00
    237.000     0.3491   2.903394     0.3523   2.903927    5.89375    -0.0816    13.8155 -9.990e-29  -60.61667  -54.72050 1153499808 202.692237    34.4591 0.0000e+00
    238.000     0.3969   2.907959     0.4000   2.908358    5.86519    -0.0726    13.8155 -9.990e-29  -60.61667  -54.72050 1153499809 202.692249    34.4635 0.0000e+00
    239.000     0.4970   2.917746     0.5079   2.918286    5.82198    -0.0724    13.8155 5.1360e+01  -60.61667  -54.72050 1153499810 202.692261    34.4746 0.0000e+00
    240.000     0.5557   2.923184     0.5568   2.923377    5.78934    -0.0842    13.8155 5.1994e+01  -60.61667  -54.72050 1153499811 202.692273    34.4790 0.0000e+00
    241.000     0.5647   2.924172     0.5657   2.924517    5.76309    -0.0848    13.8155 5.0414e+01  -60.61667  -54.72050 1153499812 202.692284    34.4813 0.0000e+00
    242.000     0.5631   2.924156     0.5640   2.924475    5.74620    -0.0794    13.8155 5.0409e+01  -60.61667  -54.72050 1153499813 202.692295    34.4831 0.0000e+00
    243.000     0.5742   2.925306     0.5759   2.925664    5.72331    -0.0821    13.8155 5.0857e+01  -60.61667  -54.72050 1153499814 202.692308    34.4856 0.0000e+00
    244.000     0.5805   2.925941     0.5810   2.926269    5.71052    -0.0810    13.8155 -9.990e-29  -60.61667  -54.72050 1153499816 202.692325    34.4865 0.0000e+00
    245.000     0.5186   2.920266     0.5235   2.921024    5.71900    -0.0672    13.8155 -9.990e-29  -60.61667  -54.72050 1153499818 202.692354    34.4837 0.0000e+00
    246.000     0.5118   2.919664     0.5110   2.919914    5.72542    -0.0685    13.8155 -9.990e-29  -60.61667  -54.72050 1153499820 202.692378    34.4832 0.0000e+00
    247.000     0.5130   2.919815     0.5115   2.920002    5.72251    -0.0699    13.8155 -9.990e-29  -60.61667  -54.72050 1153499821 202.692390    34.4833 0.0000e+00
    248.000     0.5120   2.919809     0.5144   2.920291    5.72146    -0.0682    13.8155 -9.990e-29  -60.61667  -54.72050 1153499822 202.692399    34.4841 0.0000e+00
    249.000     0.5240   2.921022     0.5293   2.921724    5.71785    -0.0733    13.8155 -9.990e-29  -60.61667  -54.72050 1153499823 202.692407    34.4858 0.0000e+00
    250.000     0.5434   2.922784     0.5405   2.922905    5.71132    -0.0797    13.8155 -9.990e-29  -60.61667  -54.72050 1153499823 202.692415    34.4849 0.0000e+00
    251.000     0.5164   2.920587     0.5178   2.920956    5.70600    -0.0730    13.8155 -9.990e-29  -60.61667  -54.72050 1153499824 202.692422    34.4879 0.0000e+00
    252.000     0.5658   2.925292     0.5675   2.925572    5.69672    -0.0694    13.8155 -9.990e-29  -60.61667  -54.72050 1153499825 202.692432    34.4920 0.0000e+00
    253.000     0.5843   2.926987     0.5848   2.927295    5.68167    -0.0725    13.8155 -9.990e-29  -60.61667  -54.72050 1153499826 202.692450    34.4921 0.0000e+00
    254.000     0.5713   2.925844     0.5701   2.926096    5.67458    -0.0730    13.8155 -9.990e-29  -60.61667  -54.72050 1153499828 202.692471    34.4918 0.0000e+00
    255.000     0.5457   2.923569     0.5468   2.923957    5.67844    -0.0731    13.8155 -9.990e-29  -60.61667  -54.72050 1153499830 202.692497    34.4913 0.0000e+00
    256.000     0.5389   2.922979     0.5383   2.923262    5.68134    -0.0754    13.8155 -9.990e-29  -60.61667  -54.72050 1153499833 202.692524    34.4907 0.0000e+00
    257.000     0.5306   2.922297     0.5330   2.922856    5.68257    -0.0836    13.8155 -9.990e-29  -60.61667  -54.72050 1153499834 202.692535    34.4907 0.0000e+00
    258.000     0.5301   2.922412     0.5333   2.922949    5.67863    -0.0720    13.8155 -9.990e-29  -60.61667  -54.72050 1153499834 202.692543    34.4913 0.0000e+00
    259.000     0.5564   2.924923     0.5587   2.925349    5.67142    -0.0890    13.8155 -9.990e-29  -60.61667  -54.72050 1153499835 202.692551    34.4946 0.0000e+00
    260.000     0.5689   2.926091     0.5697   2.926441    5.66391    -0.0875    13.8155 -9.990e-29  -60.61667  -54.72050 1153499836 202.692559    34.4948 0.0000e+00
    261.000     0.5845   2.927678     0.5857   2.927936    5.65618    -0.0782    13.8155 -9.990e-29  -60.61667  -54.72050 1153499836 202.692567    34.4974 0.0000e+00
    262.000     0.6154   2.930562     0.6146   2.930690    5.64438    -0.0641    13.8155 -9.990e-29  -60.61667  -54.72050 1153499837 202.692578    34.4986 0.0000e+00
    263.000     0.6150   2.930579     0.6163   2.930982    5.62597    -0.0810    13.8155 5.0804e+01  -60.61667  -54.72050 1153499839 202.692596    34.4991 0.0000e+00
    264.000     0.6158   2.930723     0.6166   2.931076    5.61726    -0.0787    13.8155 5.1600e+01  -60.61667  -54.72050 1153499841 202.692618    34.4999 0.0000e+00
    265.000     0.6239   2.931669     0.6255   2.931878    5.60543    -0.0781    13.8155 5.1105e+01  -60.61667  -54.72050 1153499842 202.692636    34.5019 0.0000e+00
    266.000     0.6542   2.934449     0.6541   2.934660    5.59477    -0.0741    13.8155 5.1173e+01  -60.61667  -54.72050 1153499844 202.692651    34.5037 0.0000e+00
    267.000     0.6506   2.934226     0.6503   2.934494    5.58557    -0.0631    13.8155 5.0720e+01  -60.61667  -54.72050 1153499845 202.692668    34.5046 0.0000e+00
    268.000     0.6487   2.934122     0.6492   2.934442    5.57642    -0.0657    13.8155 5.3318e+01  -60.61667  -54.72050 1153499847 202.692688    34.5053 0.0000e+00
    269.000     0.6592   2.935196     0.6590   2.935398    5.56368    -0.0912    13.8155 -9.990e-29  -60.61667  -54.72050 1153499848 202.692701    34.5070 0.0000e+00
    270.000     0.6815   2.937416     0.6797   2.937338    5.54579    -0.0831    13.8155 -9.990e-29  -60.61667  -54.72050 1153499849 202.692711    34.5103 0.0000e+00
    271.000     0.7090   2.939991     0.7115   2.940370    5.53045    -0.0763    13.8155 -9.990e-29  -60.61667  -54.72050 1153499850 202.692719    34.5116 0.0000e+00
    272.000     0.7364   2.942740     0.7400   2.943093    5.51020    -0.0810    13.8155 -9.990e-29  -60.61667  -54.72050 1153499850 202.692727    34.5162 0.0000e+00
    273.000     0.7814   2.947029     0.7841   2.947378    5.49239    -0.0766    13.8155 5.1330e+01  -60.61667  -54.72050 1153499851 202.692735    34.5194 0.0000e+00
    274.000     0.7903   2.947942     0.8069   2.949573    5.45949    -0.0630    13.8155 5.0878e+01  -60.61667  -54.72050 1153499852 202.692747    34.5210 0.0000e+00
    275.000     0.8318   2.951869     0.8351   2.952321    5.41715    -0.0791    13.8155 5.2552e+01  -60.61667  -54.72050 1153499854 202.692771    34.5248 0.0000e+00
    276.000     0.8660   2.955339     0.8690   2.955451    5.37233    -0.0781    13.8155 5.1061e+01  -60.61667  -54.72050 1153499856 202.692793    34.5297 0.0000e+00
    277.000     0.9435   2.962432     0.9438   2.962574    5.34489    -0.0753    13.8155 5.1996e+01  -60.61667  -54.72050 1153499857 202.692807    34.5343 0.0000e+00
    278.000     0.9532   2.963417     0.9546   2.963670    5.32468    -0.0880    13.8155 5.2004e+01  -60.61667  -54.72050 1153499858 202.692821    34.5363 0.0000e+00
    279.000     0.9621   2.964319     0.9631   2.964578    5.30372    -0.0677    13.8155 5.1172e+01  -60.61667  -54.72050 1153499860 202.692844    34.5385 0.0000e+00
    280.000     0.9677   2.964893     0.9682   2.965147    5.29340    -0.0696    13.8155 5.1732e+01  -60.61667  -54.72050 1153499862 202.692863    34.5397 0.0000e+00
    281.000     0.9593   2.964139     0.9586   2.964372    5.28977    -0.0714    13.8155 5.1860e+01  -60.61667  -54.72050 1153499863 202.692874    34.5393 0.0000e+00
    282.000     0.9542   2.963774     0.9545   2.964019    5.28718    -0.0826    13.8155 5.1448e+01  -60.61667  -54.72050 1153499864 202.692882    34.5401 0.0000e+00
    283.000     0.9680   2.965118     0.9699   2.965497    5.28740    -0.0812    13.8155 5.1130e+01  -60.61667  -54.72050 1153499864 202.692890    34.5417 0.0000e+00
    284.000     0.9601   2.964310     0.9619   2.964794    5.28669    -0.0626    13.8155 5.1740e+01  -60.61667  -54.72050 1153499865 202.692897    34.5395 0.0000e+00
    285.000     0.9537   2.963822     0.9542   2.964131    5.28146    -0.0870    13.8155 5.1548e+01  -60.61667  -54.72050 1153499866 202.692905    34.5406 0.0000e+00
    286.000     0.9743   2.965862     0.9729   2.965886    5.27899    -0.0778    13.8155 5.1740e+01  -60.61667  -54.72050 1153499867 202.692916    34.5431 0.0000e+00
    287.000     0.9748   2.965888     0.9775   2.966396    5.30276    -0.0766    13.8155 5.1287e+01  -60.61667  -54.72050 1153499869 202.692947    34.5427 0.0000e+00
    288.000     0.9450   2.962981     0.9422   2.963313    5.35450    -0.0730    13.8155 5.1902e+01  -60.61667  -54.72050 1153499872 202.692975    34.5379 0.0000e+00
    289.000     0.7977   2.949609     0.8090   2.951054    5.41216    -0.0740    13.8155 5.2533e+01  -60.61667  -54.72050 1153499873 202.692990    34.5339 0.0000e+00
    290.000     0.7330   2.943121     0.7220   2.943253    5.46127    -0.0818    13.8155 5.0833e+01  -60.61667  -54.72050 1153499874 202.693002    34.5197 0.0000e+00
    291.000     0.6284   2.933880     0.6234   2.934133    5.50335    -0.0539    13.8155 5.2040e+01  -60.61667  -54.72050 1153499875 202.693011    34.5205 0.0000e+00
