product_data/regression_test/downloaded_data/MDGS/320620060703/ctd/p6619703.ros
* Sea-Bird SBE 9 Data File:
* FileName = D:\Data\Raw\p6619703.dat
* Software Version Seasave Win32 V 5.32
* Temperature SN = 1649
* Conductivity SN = 1431
* Number of Bytes Per Scan = 37
* Number of Voltage Words = 5
* Number of Scans Averaged by the Deck Unit = 1
* NMEA Latitude = 60 45.00 S
* NMEA Longitude = 058 22.50 W
* NMEA UTC (Time) = 10:38:44
** Ship:   Nathaniel B. Palmer 
** Cruise:    NBP0606 
# nquan = 17
# nvalues = 1176                    
# units = specified
# name 0 = prDM: Pressure, Digiquartz [db]
# name 1 = t090C: Temperature [ITS-90, deg C]
# name 2 = c0S/m: Conductivity [S/m]
# name 3 = t190C: Temperature, 2 [ITS-90, deg C]
# name 4 = c1S/m: Conductivity, 2 [S/m]
# name 5 = sbeox0ML/L: Oxygen, SBE 43 [ml/l]
# name 6 = flECO-AFL: Fluorescence, Wetlab ECO-AFL/FL [mg/m^3]
# name 7 = bat: Beam Attenuation, Chelsea/Seatech/Wetlab CStar [1/m]
# name 8 = spar: SPAR/Surface Irradiance
# name 9 = latitude: Latitude [deg]
# name 10 = longitude: Longitude [deg]
# name 11 = timeY: Time, System [seconds]
# name 12 = timeJ: Julian Days
# name 13 = sal00: Salinity [PSU]
# name 14 = scan: scan number
# name 15 = nbf: number of bottles fired
# name 16 = flag:  0.000e+00
# interval = seconds: 0.0416667                   
# start_time = Jul 25 2006 10:38:52
*END*
[from data line 511]
     75.624    -0.9936   2.738766    -0.9947   2.739189    8.15387     0.0972    13.8155 0.0000e+00  -60.75000  -58.37500 1153827082 206.480137    33.8625      75646         11  0.000e+00
     75.652    -0.9939   2.738776    -0.9950   2.739200    8.15869     0.0542    13.8155 0.0000e+00  -60.75000  -58.37500 1153827082 206.480138    33.8630      75647         11  0.000e+00
     75.624    -0.9936   2.738766    -0.9947   2.739212    8.15387     0.0757    13.8155 0.0000e+00  -60.75000  -58.37500 1153827082 206.480138    33.8625      75648         11  0.000e+00
     75.652    -0.9942   2.738737    -0.9950   2.739189    8.15402     0.1188    13.8155 0.0000e+00  -60.75000  -58.37500 1153827082 206.480139    33.8628      75649         11  0.000e+00
     75.624    -0.9941   2.738737    -0.9946   2.739200    8.15397     0.1080    13.8155 0.0000e+00  -60.75000  -58.37500 1153827082 206.480139    33.8626      75650         11  0.000e+00
     75.652    -0.9944   2.738740    -0.9950   2.739189    8.15405     0.0542    13.8155 0.0000e+00  -60.75000  -58.37500 1153827083 206.480140    33.8630      75651         11  0.000e+00
     75.624    -0.9945   2.738707    -0.9949   2.739200    8.15407     0.0219    13.8155 0.0000e+00  -60.75000  -58.37500 1153827083 206.480140    33.8628      75652         11  0.000e+00
     75.652    -0.9947   2.738737    -0.9950   2.739212    8.15410     0.0542    13.8155 0.0000e+00  -60.75000  -58.37500 1153827083 206.480141    33.8633      75653         11  0.000e+00
     75.624    -0.9945   2.738743    -0.9952   2.739189    8.15404     0.0972    13.8155 0.0000e+00  -60.75000  -58.37500 1153827083 206.480141    33.8633      75654         11  0.000e+00
     75.652    -0.9948   2.738723    -0.9947   2.739200    8.15414     0.0757    13.8155 0.0000e+00  -60.75000  -58.37500 1153827083 206.480142    33.8633      75655         11  0.000e+00
     75.490    -0.9947   2.738700    -0.9951   2.739229    8.15394     0.0542    13.8155 0.0000e+00  -60.75000  -58.37500 1153827083 206.480142    33.8629      75656         11  0.000e+00
     75.719    -0.9951   2.738707    -0.9947   2.739177    8.15427     0.0865    13.8155 0.0000e+00  -60.75000  -58.37500 1153827083 206.480143    33.8634      75657         11  0.000e+00
     75.624    -0.9953   2.738717    -0.9950   2.739160    8.15418     0.0972    13.8155 0.0000e+00  -60.75000  -58.37500 1153827083 206.480143    33.8638      75658         11  0.000e+00
     75.652    -0.9948   2.738733    -0.9947   2.739160    8.15413     0.0757    13.8155 0.0000e+00  -60.75000  -58.37500 1153827083 206.480144    33.8635      75659         11  0.000e+00
     75.624    -0.9947   2.738723    -0.9951   2.739160    8.15408     0.0327    13.8155 0.0000e+00  -60.75000  -58.37500 1153827083 206.480144    33.8632      75660         11  0.000e+00
     75.576    -0.9945   2.738759    -0.9952   2.739177    8.15397     0.0434    13.8155 0.0000e+00  -60.75000  -58.37500 1153827083 206.480145    33.8635      75661         11  0.000e+00
     75.624    -0.9947   2.738766    -0.9952   2.739200    8.15404     0.0542    13.8155 0.0000e+00  -60.75000  -58.37500 1153827083 206.480145    33.8637      75662         11  0.000e+00
     75.576    -0.9944   2.738730    -0.9949   2.739189    8.15397     0.0757    13.8155 0.0000e+00  -60.75000  -58.37500 1153827083 206.480146    33.8629      75663         11  0.000e+00
     75.624    -0.9948   2.738720    -0.9950   2.739183    8.15411     0.0865    13.8155 0.0000e+00  -60.75000  -58.37500 1153827083 206.480146    33.8633      75664         11  0.000e+00
     75.576    -0.9945   2.738759    -0.9946   2.739200    8.15397     0.0757    13.8155 0.0000e+00  -60.75000  -58.37500 1153827083 206.480147    33.8635      75665         11  0.000e+00
     75.557    -0.9936   2.738746    -0.9947   2.739212    8.15381     0.0542    13.8155 0.0000e+00  -60.75000  -58.37500 1153827083 206.480147    33.8623      75666         11  0.000e+00
     75.576    -0.9939   2.738740    -0.9945   2.739183    8.15389     0.0542    13.8155 0.0000e+00  -60.75000  -58.37500 1153827083 206.480148    33.8626      75667         11  0.000e+00
     75.557    -0.9939   2.738740    -0.9943   2.739241    8.15387     0.0327    13.8155 0.0000e+00  -60.75000  -58.37500 1153827083 206.480148    33.8626      75668         11  0.000e+00
     75.576    -0.9941   2.738730    -0.9940   2.739224    8.15392     0.0650    13.8155 0.0000e+00  -60.75000  -58.37500 1153827083 206.480149    33.8626      75669         11  0.000e+00
     75.557    -0.9948   2.738753    -0.9938   2.739229    8.15401     0.0542    13.8155 0.0000e+00  -60.75000  -58.37500 1153827083 206.480149    33.8638      75670         11  0.000e+00
     75.509    -0.9941   2.738743    -0.9938   2.739218    8.15383     0.0650    13.8155 0.0000e+00  -60.75000  -58.37500 1153827083 206.480149    33.8628      75671         11  0.000e+00
     75.557    -0.9942   2.738789    -0.9941   2.739229    8.15387     0.1080    13.8155 0.0000e+00  -60.75000  -58.37500 1153827083 206.480150    33.8636      75672         11  0.000e+00
     75.509    -0.9942   2.738782    -0.9937   2.739270    8.15383     0.0972    13.8155 0.0000e+00  -60.75000  -58.37500 1153827083 206.480150    33.8635      75673         11  0.000e+00
     74.784    -0.9855   2.739244    -0.9883   2.739662    8.16546     0.0757    13.8155 0.0000e+00  -60.75000  -58.37500 1153827089 206.480216    33.8605      75809         12  0.000e+00
     74.879    -0.9871   2.739188    -0.9883   2.739598    8.17061     0.0650    13.8155 0.0000e+00  -60.75000  -58.37500 1153827089 206.480217    33.8614      75810         12  0.000e+00
     74.860    -0.9885   2.739162    -0.9895   2.739535    8.17084     0.0542    13.8155 0.0000e+00  -60.75000  -58.37500 1153827089 206.480217    33.8626      75811         12  0.000e+00
     74.946    -0.9885   2.739149    -0.9897   2.739523    8.17095     0.0542    13.8155 0.0000e+00  -60.75000  -58.37500 1153827089 206.480217    33.8624      75812         12  0.000e+00
     74.860    -0.9885   2.739107    -0.9901   2.739523    8.17088     0.0112    13.8155 0.0000e+00  -60.75000  -58.37500 1153827089 206.480218    33.8619      75813         12  0.000e+00
     74.879    -0.9896   2.739025    -0.9900   2.739506    8.17114    -0.0104    13.8155 0.0000e+00  -60.75000  -58.37500 1153827089 206.480218    33.8620      75814         12  0.000e+00
     74.994    -0.9905   2.739005    -0.9899   2.739500    8.17144     0.0219    13.8155 0.0000e+00  -60.75000  -58.37500 1153827089 206.480219    33.8627      75815         12  0.000e+00
     74.946    -0.9907   2.739028    -0.9904   2.739477    8.17140     0.0757    13.8155 0.0000e+00  -60.75000  -58.37500 1153827089 206.480219    33.8632      75816         12  0.000e+00
     74.994    -0.9897   2.739061    -0.9907   2.739454    8.17127     0.0650    13.8155 0.0000e+00  -60.75000  -58.37500 1153827089 206.480220    33.8626      75817         12  0.000e+00
     75.013    -0.9900   2.739054    -0.9903   2.739466    8.17135     0.0542    13.8155 0.0000e+00  -60.75000  -58.37500 1153827090 206.480220    33.8628      75818         12  0.000e+00
     74.994    -0.9905   2.739051    -0.9910   2.739425    8.17140     0.0542    13.8155 0.0000e+00  -60.75000  -58.37500 1153827090 206.480221    33.8633      75819         12  0.000e+00
     75.089    -0.9903   2.739041    -0.9910   2.739414    8.17149     0.0434    13.8155 0.0000e+00  -60.75000  -58.37500 1153827090 206.480221    33.8629      75820         12  0.000e+00
     75.070    -0.9910   2.739012    -0.9910   2.739454    8.17160     0.0757    13.8155 0.0000e+00  -60.75000  -58.37500 1153827090 206.480222    33.8633      75821         12  0.000e+00
     75.089    -0.9908   2.738972    -0.9909   2.739431    8.17162     0.0650    13.8155 0.0000e+00  -60.75000  -58.37500 1153827090 206.480222    33.8625      75822         12  0.000e+00
     75.137    -0.9905   2.738976    -0.9911   2.739420    8.17163     0.0327    13.8155 0.0000e+00  -60.75000  -58.37500 1153827090 206.480223    33.8622      75823         12  0.000e+00
     75.156    -0.9910   2.738972    -0.9915   2.739420    8.17172     0.0327    13.8155 0.0000e+00  -60.75000  -58.37500 1153827090 206.480223    33.8627      75824         12  0.000e+00
     75.137    -0.9907   2.738962    -0.9917   2.739437    8.17166     0.0219    13.8155 0.0000e+00  -60.75000  -58.37500 1153827090 206.480224    33.8622      75825         12  0.000e+00
     75.232    -0.9910   2.738943    -0.9915   2.739408    8.17183     0.0327    13.8155 0.0000e+00  -60.75000  -58.37500 1153827090 206.480224    33.8622      75826         12  0.000e+00
     75.204    -0.9913   2.738969    -0.9921   2.739396    8.17183     0.0327    13.8155 0.0000e+00  -60.75000  -58.37500 1153827090 206.480225    33.8629      75827         12  0.000e+00
     75.232    -0.9914   2.738943    -0.9920   2.739396    8.17191     0.0327    13.8155 0.0000e+00  -60.75000  -58.37500 1153827090 206.480225    33.8627      75828         12  0.000e+00
     75.280    -0.9914   2.738936    -0.9924   2.739396    8.17197     0.0219    13.8155 0.0000e+00  -60.75000  -58.37500 1153827090 206.480226    33.8626      75829         12  0.000e+00
     75.299    -0.9919   2.738920    -0.9923   2.739373    8.17208     0.0112    13.8155 0.0000e+00  -60.75000  -58.37500 1153827090 206.480226    33.8629      75830         12  0.000e+00
     75.347    -0.9917   2.738907    -0.9924   2.739345    8.17212     0.0219    13.8155 0.0000e+00  -60.75000  -58.37500 1153827090 206.480227    33.8625      75831         12  0.000e+00
     75.299    -0.9919   2.738930    -0.9926   2.739356    8.17207     0.0219    13.8155 0.0000e+00  -60.75000  -58.37500 1153827090 206.480227    33.8630      75832         12  0.000e+00
     75.347    -0.9914   2.738920    -0.9932   2.739327    8.17206     0.0542    13.8155 0.0000e+00  -60.75000  -58.37500 1153827090 206.480228    33.8624      75833         12  0.000e+00
     75.366    -0.9924   2.738900    -0.9934   2.739316    8.17225     0.0542    13.8155 0.0000e+00  -60.75000  -58.37500 1153827090 206.480228    33.8631      75834         12  0.000e+00
     75.413    -0.9928   2.738871    -0.9941   2.739316    8.17240     0.0542    13.8155 0.0000e+00  -60.75000  -58.37500 1153827090 206.480229    33.8632      75835         12  0.000e+00
     75.442    -0.9931   2.738835    -0.9937   2.739275    8.17251     0.0542    13.8155 0.0000e+00  -60.75000  -58.37500 1153827090 206.480229    33.8631      75836         12  0.000e+00
     75.413    -0.9931   2.738828    -0.9938   2.739281    8.17248     0.0757    13.8155 0.0000e+00  -60.75000  -58.37500 1153827090 206.480230    33.8630      75837         12  0.000e+00
     75.509    -0.9941   2.738812    -0.9941   2.739287    8.17275     0.0219    13.8155 0.0000e+00  -60.75000  -58.37500 1153827090 206.480230    33.8637      75838         12  0.000e+00
     75.490    -0.9941   2.738799    -0.9941   2.739270    8.17274     0.0327    13.8155 0.0000e+00  -60.75000  -58.37500 1153827090 206.480231    33.8636      75839         12  0.000e+00
     75.509    -0.9937   2.738838    -0.9943   2.739264    8.17268     0.0542    13.8155 0.0000e+00  -60.75000  -58.37500 1153827090 206.480231    33.8637      75840         12  0.000e+00
     75.490    -0.9942   2.738832    -0.9947   2.739241    8.16800     0.0327    13.8155 0.0000e+00  -60.75000  -58.37500 1153827090 206.480231    33.8642      75841         12  0.000e+00
     75.576    -0.9942   2.738796    -0.9950   2.739235    8.17287     0.0542    13.8155 0.0000e+00  -60.75000  -58.37500 1153827090 206.480232    33.8636      75842         12  0.000e+00
     75.557    -0.9947   2.738776    -0.9949   2.739189    8.17293     0.0757    13.8155 0.0000e+00  -60.75000  -58.37500 1153827091 206.480232    33.8639      75843         12  0.000e+00
     75.576    -0.9950   2.738766    -0.9955   2.739200    8.17302     0.0757    13.8155 0.0000e+00  -60.75000  -58.37500 1153827091 206.480233    33.8641      75844         12  0.000e+00
     75.623    -0.9950   2.738714    -0.9955   2.739189    8.17311     0.0865    13.8155 0.0000e+00  -60.75000  -58.37500 1153827091 206.480233    33.8634      75845         12  0.000e+00
     75.652    -0.9953   2.738714    -0.9953   2.739183    8.17319     0.0542    13.8155 0.0000e+00  -60.75000  -58.37500 1153827091 206.480234    33.8637      75846         12  0.000e+00
     75.623    -0.9951   2.738727    -0.9960   2.739183    8.17312     0.0542    13.8155 0.0000e+00  -60.75000  -58.37500 1153827091 206.480234    33.8637      75847         12  0.000e+00
     75.700    -0.9948   2.738737    -0.9964   2.739125    8.17316     0.0972    13.8155 0.0000e+00  -60.75000  -58.37500 1153827091 206.480235    33.8635      75848         12  0.000e+00
     75.652    -0.9951   2.738723    -0.9965   2.739079    8.17316     0.1080    13.8155 0.0000e+00  -60.75000  -58.37500 1153827091 206.480235    33.8637      75849         12  0.000e+00
     75.700    -0.9953   2.738701    -0.9969   2.739114    8.16852     0.0542    13.8155 0.0000e+00  -60.75000  -58.37500 1153827091 206.480236    33.8635      75850         12  0.000e+00
     75.719    -0.9962   2.738687    -0.9964   2.739114    8.16870     0.0757    13.8155 0.0000e+00  -60.75000  -58.37500 1153827091 206.480236    33.8644      75851         12  0.000e+00
     75.766    -0.9964   2.738658    -0.9964   2.739108    8.17354     0.0650    13.8155 0.0000e+00  -60.75000  -58.37500 1153827091 206.480237    33.8641      75852         12  0.000e+00
     75.719    -0.9967   2.738635    -0.9973   2.739085    8.17356     0.0542    13.8155 0.0000e+00  -60.75000  -58.37500 1153827091 206.480237    33.8642      75853         12  0.000e+00
     75.766    -0.9965   2.738632    -0.9964   2.739079    8.17359     0.0327    13.8155 0.0000e+00  -60.75000  -58.37500 1153827091 206.480238    33.8639      75854         12  0.000e+00
     75.785    -0.9962   2.738622    -0.9966   2.739074    8.17357     0.0112    13.8155 0.0000e+00  -60.75000  -58.37500 1153827091 206.480238    33.8634      75855         12  0.000e+00
     75.766    -0.9967   2.738629    -0.9971   2.739056    8.17362     0.0757    13.8155 0.0000e+00  -60.75000  -58.37500 1153827091 206.480239    33.8640      75856         12  0.000e+00
     75.785    -0.9967   2.738632    -0.9972   2.739074    8.17364     0.1188    13.8155 0.0000e+00  -60.75000  -58.37500 1153827091 206.480239    33.8641      75857         12  0.000e+00
     50.262    -0.9489   2.741000    -0.9488   2.741455    8.17755     0.0865    13.8155 0.0000e+00  -60.75000  -58.37500 1153827176 206.481220    33.8583      77891         13  0.000e+00
     50.195    -0.9494   2.741007    -0.9492   2.741438    8.17755     0.1080    13.8155 0.0000e+00  -60.75000  -58.37500 1153827176 206.481221    33.8590      77892         13  0.000e+00
     50.195    -0.9490   2.740971    -0.9486   2.741449    8.17752     0.1188    13.8155 0.0000e+00  -60.75000  -58.37500 1153827176 206.481221    33.8581      77893         13  0.000e+00
     50.262    -0.9492   2.740994    -0.9486   2.741455    8.17760     0.0865    13.8155 0.0000e+00  -60.75000  -58.37500 1153827176 206.481222    33.8586      77894         13  0.000e+00
     50.195    -0.9489   2.740977    -0.9489   2.741438    8.17750     0.0542    13.8155 0.0000e+00  -60.75000  -58.37500 1153827176 206.481222    33.8581      77895         13  0.000e+00
     50.262    -0.9492   2.740997    -0.9488   2.741432    8.17288     0.0542    13.8155 0.0000e+00  -60.75000  -58.37500 1153827176 206.481223    33.8586      77896         13  0.000e+00
     50.195    -0.9487   2.741023    -0.9489   2.741449    8.17271     0.0650    13.8155 0.0000e+00  -60.75000  -58.37500 1153827176 206.481223    33.8585      77897         13  0.000e+00
