product_data/regression_test/downloaded_data/MDGS/320620060703/ctd/p6611301.cnv
* Sea-Bird SBE 9 Data File:
* FileName = D:\Data\Raw\p6611301.dat
* Software Version Seasave Win32 V 5.32
* Temperature SN = 1649
* Conductivity SN = 1431
* Number of Bytes Per Scan = 37
* Number of Voltage Words = 5
* Number of Scans Averaged by the Deck Unit = 1
* NMEA Latitude = 61 29.01 S
* NMEA Longitude = 054 52.49 W
* NMEA UTC (Time) = 07:30:33
** Ship:   Nathaniel B. Palmer 
** Cruise:    NBP0606 
# nquan = 15
# nvalues = 891                         
# units = specified
# name 0 = prDM: Pressure, Digiquartz [db]
# name 1 = t090C: Temperature [ITS-90, deg C]
# name 2 = c0S/m: Conductivity [S/m]
# name 3 = t190C: Temperature, 2 [ITS-90, deg C]
# name 4 = c1S/m: Conductivity, 2 [S/m]
# name 5 = sbeox0ML/L: Oxygen, SBE 43 [ml/l]
# name 6 = flECO-AFL: Fluorescence, Wetlab ECO-AFL/FL [mg/m^3]
# name 7 = bat: Beam Attenuation, Chelsea/Seatech/Wetlab CStar [1/m]
# name 8 = spar: SPAR/Surface Irradiance
# name 9 = latitude: Latitude [deg]
# name 10 = longitude: Longitude [deg]
# name 11 = timeY: Time, System [seconds]
# name 12 = timeJ: Julian Days
# name 13 = sal00: Salinity [PSU]
# name 14 = flag: flag
# span 0 =     13.000,    903.000       
# span 1 =    -1.6016,    -0.4421       
# span 2 =   2.707696,   2.852734       
# span 3 =    -1.6025,    -0.4413       
# span 4 =   2.708626,   2.853204       
# span 5 =    6.39479,    7.98870       
# span 6 =    -0.1255,     0.1437       
# span 7 =    13.8155,    13.8155       
# span 8 = 0.0000e+00, 0.0000e+00       
# span 9 =  -61.48350,  -61.48350       
# span 10 =  -54.87483,  -54.87483      
# span 11 = 1152862242, 1152863486      
# span 12 = 195.313014, 195.327404      
# span 13 =    34.1652,    34.5397      
# span 14 = 0.0000e+00, 0.0000e+00      
# interval = decibars: 1                
# start_time = Jul 14 2006 07:30:41
# bad_flag = -9.990e-29
*END*
[from data line 97]
    110.000    -1.3044   2.739708    -1.3015   2.740490    7.72438     0.1225    13.8155 0.0000e+00  -61.48350  -54.87483 1152862472 195.315673    34.2067 0.0000e+00
    111.000    -1.2958   2.740627    -1.2921   2.741418    7.72209     0.0913    13.8155 0.0000e+00  -61.48350  -54.87483 1152862474 195.315693    34.2088 0.0000e+00
    112.000    -1.2762   2.742657    -1.2662   2.743962    7.71473     0.0834    13.8155 0.0000e+00  -61.48350  -54.87483 1152862474 195.315704    34.2135 0.0000e+00
    113.000    -1.2367   2.746444    -1.2358   2.746930    7.70105     0.0859    13.8155 0.0000e+00  -61.48350  -54.87483 1152862475 195.315713    34.2182 0.0000e+00
    114.000    -1.2301   2.747103    -1.2288   2.747659    7.67575     0.1047    13.8155 0.0000e+00  -61.48350  -54.87483 1152862476 195.315727    34.2189 0.0000e+00
    115.000    -1.2458   2.745776    -1.2448   2.746250    7.65952     0.0919    13.8155 0.0000e+00  -61.48350  -54.87483 1152862480 195.315765    34.2186 0.0000e+00
    116.000    -1.1967   2.750527    -1.1972   2.750752    7.64628     0.0892    13.8155 0.0000e+00  -61.48350  -54.87483 1152862481 195.315776    34.2270 0.0000e+00
    117.000    -1.1450   2.755623    -1.1407   2.756291    7.62949     0.0786    13.8155 0.0000e+00  -61.48350  -54.87483 1152862481 195.315785    34.2356 0.0000e+00
    118.000    -1.1281   2.757265    -1.1262   2.757782    7.61564     0.0714    13.8155 0.0000e+00  -61.48350  -54.87483 1152862482 195.315793    34.2377 0.0000e+00
    119.000    -1.1214   2.757902    -1.1174   2.758684    7.59561     0.1031    13.8155 0.0000e+00  -61.48350  -54.87483 1152862483 195.315807    34.2382 0.0000e+00
    120.000    -1.1332   2.756787    -1.1365   2.756934    7.56633     0.1095    13.8155 0.0000e+00  -61.48350  -54.87483 1152862486 195.315843    34.2377 0.0000e+00
    121.000    -1.1058   2.759553    -1.1057   2.759907    7.55402     0.0813    13.8155 0.0000e+00  -61.48350  -54.87483 1152862487 195.315853    34.2430 0.0000e+00
    122.000    -1.0868   2.761465    -1.0848   2.762006    7.54563     0.0716    13.8155 0.0000e+00  -61.48350  -54.87483 1152862488 195.315862    34.2464 0.0000e+00
    123.000    -1.0812   2.761997    -1.0801   2.762522    7.53698     0.0943    13.8155 0.0000e+00  -61.48350  -54.87483 1152862489 195.315870    34.2464 0.0000e+00
    124.000    -1.0786   2.762273    -1.0775   2.762805    7.52570     0.0885    13.8155 0.0000e+00  -61.48350  -54.87483 1152862490 195.315878    34.2469 0.0000e+00
    125.000    -1.0644   2.763716    -1.0632   2.764222    7.51019     0.1015    13.8155 0.0000e+00  -61.48350  -54.87483 1152862491 195.315896    34.2500 0.0000e+00
    126.000    -1.0549   2.764695    -1.0526   2.765314    7.49357     0.1000    13.8155 0.0000e+00  -61.48350  -54.87483 1152862493 195.315922    34.2522 0.0000e+00
    127.000    -1.0363   2.766593    -1.0345   2.767086    7.47910     0.0777    13.8155 0.0000e+00  -61.48350  -54.87483 1152862494 195.315934    34.2564 0.0000e+00
    128.000    -1.0216   2.768011    -1.0200   2.768549    7.46982     0.0755    13.8155 0.0000e+00  -61.48350  -54.87483 1152862495 195.315944    34.2578 0.0000e+00
    129.000    -1.0181   2.768363    -1.0166   2.768916    7.45842     0.0770    13.8155 0.0000e+00  -61.48350  -54.87483 1152862496 195.315958    34.2582 0.0000e+00
    130.000    -1.0170   2.768512    -1.0148   2.769137    7.44412     0.0758    13.8155 0.0000e+00  -61.48350  -54.87483 1152862499 195.315987    34.2591 0.0000e+00
    131.000    -1.0095   2.769307    -1.0081   2.769840    7.44010     0.0658    13.8155 0.0000e+00  -61.48350  -54.87483 1152862500 195.316002    34.2610 0.0000e+00
    132.000    -1.0047   2.769801    -1.0040   2.770302    7.43210     0.0621    13.8155 0.0000e+00  -61.48350  -54.87483 1152862501 195.316011    34.2616 0.0000e+00
    133.000    -0.9959   2.770738    -0.9941   2.771268    7.42293     0.0312    13.8155 0.0000e+00  -61.48350  -54.87483 1152862502 195.316019    34.2638 0.0000e+00
    134.000    -0.9822   2.772089    -0.9809   2.772557    7.41364     0.0643    13.8155 0.0000e+00  -61.48350  -54.87483 1152862502 195.316027    34.2656 0.0000e+00
    135.000    -0.9707   2.773234    -0.9692   2.773731    7.40263     0.0611    13.8155 0.0000e+00  -61.48350  -54.87483 1152862503 195.316036    34.2673 0.0000e+00
    136.000    -0.9606   2.774233    -0.9591   2.774750    7.38894     0.0562    13.8155 0.0000e+00  -61.48350  -54.87483 1152862504 195.316050    34.2686 0.0000e+00
    137.000    -0.9433   2.775950    -0.9412   2.776491    7.36691     0.0610    13.8155 0.0000e+00  -61.48350  -54.87483 1152862506 195.316069    34.2718 0.0000e+00
    138.000    -0.9213   2.778152    -0.9191   2.778712    7.34406     0.0592    13.8155 0.0000e+00  -61.48350  -54.87483 1152862508 195.316089    34.2759 0.0000e+00
    139.000    -0.9120   2.779151    -0.9105   2.779670    7.33146     0.0457    13.8155 0.0000e+00  -61.48350  -54.87483 1152862509 195.316106    34.2783 0.0000e+00
    140.000    -0.9041   2.779994    -0.9024   2.780536    7.31833     0.0639    13.8155 0.0000e+00  -61.48350  -54.87483 1152862510 195.316121    34.2803 0.0000e+00
    141.000    -0.8941   2.781003    -0.8923   2.781549    7.30924     0.0547    13.8155 0.0000e+00  -61.48350  -54.87483 1152862512 195.316140    34.2821 0.0000e+00
    142.000    -0.8881   2.781674    -0.8870   2.782165    7.29753     0.0486    13.8155 0.0000e+00  -61.48350  -54.87483 1152862514 195.316156    34.2840 0.0000e+00
    143.000    -0.8759   2.782969    -0.8731   2.783553    7.28888     0.0454    13.8155 0.0000e+00  -61.48350  -54.87483 1152862514 195.316166    34.2873 0.0000e+00
    144.000    -0.8646   2.784047    -0.8633   2.784568    7.28003     0.0703    13.8155 0.0000e+00  -61.48350  -54.87483 1152862515 195.316175    34.2879 0.0000e+00
    145.000    -0.8639   2.784165    -0.8632   2.784628    7.27572     0.0512    13.8155 0.0000e+00  -61.48350  -54.87483 1152862516 195.316183    34.2883 0.0000e+00
    146.000    -0.8637   2.784224    -0.8626   2.784727    7.27082     0.0760    13.8155 0.0000e+00  -61.48350  -54.87483 1152862517 195.316191    34.2883 0.0000e+00
    147.000    -0.8501   2.785648    -0.8469   2.786254    7.26295     0.0858    13.8155 0.0000e+00  -61.48350  -54.87483 1152862517 195.316200    34.2918 0.0000e+00
    148.000    -0.8342   2.787226    -0.8298   2.787986    7.24654     0.1038    13.8155 0.0000e+00  -61.48350  -54.87483 1152862519 195.316215    34.2940 0.0000e+00
    149.000    -0.8306   2.787652    -0.8416   2.786908    7.21898     0.0744    13.8155 0.0000e+00  -61.48350  -54.87483 1152862524 195.316271    34.2961 0.0000e+00
    150.000    -0.8205   2.788845    -0.8168   2.789316    7.20789     0.0900    13.8155 0.0000e+00  -61.48350  -54.87483 1152862524 195.316279    34.3009 0.0000e+00
    151.000    -0.7913   2.791577    -0.7903   2.792031    7.19388     0.0845    13.8155 0.0000e+00  -61.48350  -54.87483 1152862525 195.316287    34.3021 0.0000e+00
    152.000    -0.7799   2.792875    -0.7790   2.793194    7.18090     0.0440    13.8155 0.0000e+00  -61.48350  -54.87483 1152862525 195.316294    34.3067 0.0000e+00
    153.000    -0.7619   2.794575    -0.7607   2.795042    7.17063     0.0919    13.8155 0.0000e+00  -61.48350  -54.87483 1152862526 195.316301    34.3077 0.0000e+00
    154.000    -0.7562   2.795169    -0.7554   2.795637    7.16145     0.0782    13.8155 0.0000e+00  -61.48350  -54.87483 1152862527 195.316308    34.3088 0.0000e+00
    155.000    -0.7477   2.796081    -0.7464   2.796563    7.15063     0.0827    13.8155 0.0000e+00  -61.48350  -54.87483 1152862527 195.316316    34.3108 0.0000e+00
    156.000    -0.7454   2.796364    -0.7438   2.796876    7.13552     0.0784    13.8155 0.0000e+00  -61.48350  -54.87483 1152862529 195.316330    34.3115 0.0000e+00
    157.000    -0.7437   2.796557    -0.7422   2.797069    7.11545     0.0729    13.8155 0.0000e+00  -61.48350  -54.87483 1152862531 195.316353    34.3122 0.0000e+00
    158.000    -0.7370   2.797275    -0.7353   2.797761    7.09651     0.0491    13.8155 0.0000e+00  -61.48350  -54.87483 1152862533 195.316379    34.3141 0.0000e+00
    159.000    -0.7170   2.799307    -0.7142   2.799876    7.08205     0.0335    13.8155 0.0000e+00  -61.48350  -54.87483 1152862534 195.316397    34.3182 0.0000e+00
    160.000    -0.7075   2.800278    -0.7059   2.800778    7.07090     0.0286    13.8155 0.0000e+00  -61.48350  -54.87483 1152862536 195.316412    34.3197 0.0000e+00
    161.000    -0.7018   2.800963    -0.6997   2.801460    7.05953     0.0270    13.8155 0.0000e+00  -61.48350  -54.87483 1152862537 195.316425    34.3221 0.0000e+00
    162.000    -0.6826   2.802986    -0.6804   2.803481    7.04850     0.0015    13.8155 0.0000e+00  -61.48350  -54.87483 1152862538 195.316436    34.3266 0.0000e+00
    163.000    -0.6752   2.803754    -0.6738   2.804229    7.04031     0.0039    13.8155 0.0000e+00  -61.48350  -54.87483 1152862539 195.316445    34.3280 0.0000e+00
    164.000    -0.6647   2.804948    -0.6633   2.805378    7.03029    -0.0029    13.8155 0.0000e+00  -61.48350  -54.87483 1152862539 195.316455    34.3315 0.0000e+00
    165.000    -0.6531   2.806196    -0.6503   2.806789    7.01880     0.0096    13.8155 0.0000e+00  -61.48350  -54.87483 1152862540 195.316467    34.3345 0.0000e+00
    166.000    -0.6413   2.807475    -0.6391   2.808018    6.99983    -0.0097    13.8155 0.0000e+00  -61.48350  -54.87483 1152862542 195.316483    34.3378 0.0000e+00
    167.000    -0.6327   2.808429    -0.6311   2.808911    6.98223    -0.0122    13.8155 0.0000e+00  -61.48350  -54.87483 1152862543 195.316502    34.3403 0.0000e+00
    168.000    -0.6310   2.808638    -0.6296   2.809123    6.97437    -0.0154    13.8155 0.0000e+00  -61.48350  -54.87483 1152862545 195.316517    34.3410 0.0000e+00
    169.000    -0.6293   2.808877    -0.6280   2.809338    6.97133    -0.0258    13.8155 0.0000e+00  -61.48350  -54.87483 1152862546 195.316532    34.3418 0.0000e+00
    170.000    -0.6269   2.809172    -0.6258   2.809636    6.96962    -0.0189    13.8155 0.0000e+00  -61.48350  -54.87483 1152862548 195.316553    34.3429 0.0000e+00
    171.000    -0.6267   2.809241    -0.6254   2.809741    6.96384    -0.0279    13.8155 0.0000e+00  -61.48350  -54.87483 1152862549 195.316569    34.3431 0.0000e+00
    172.000    -0.6251   2.809490    -0.6241   2.809933    6.96029    -0.0032    13.8155 0.0000e+00  -61.48350  -54.87483 1152862550 195.316579    34.3442 0.0000e+00
    173.000    -0.6233   2.809724    -0.6221   2.810199    6.95781    -0.0308    13.8155 0.0000e+00  -61.48350  -54.87483 1152862551 195.316587    34.3447 0.0000e+00
    174.000    -0.6220   2.809884    -0.6204   2.810411    6.95283    -0.0219    13.8155 0.0000e+00  -61.48350  -54.87483 1152862552 195.316598    34.3448 0.0000e+00
    175.000    -0.6209   2.810053    -0.6189   2.810623    6.94354    -0.0299    13.8155 0.0000e+00  -61.48350  -54.87483 1152862554 195.316623    34.3455 0.0000e+00
    176.000    -0.6151   2.810819    -0.6130   2.811330    6.93420    -0.0339    13.8155 0.0000e+00  -61.48350  -54.87483 1152862556 195.316642    34.3488 0.0000e+00
    177.000    -0.5994   2.812614    -0.5986   2.813000    6.92569    -0.0317    13.8155 0.0000e+00  -61.48350  -54.87483 1152862556 195.316652    34.3541 0.0000e+00
    178.000    -0.5919   2.813499    -0.5905   2.813975    6.91906    -0.0412    13.8155 0.0000e+00  -61.48350  -54.87483 1152862557 195.316660    34.3566 0.0000e+00
    179.000    -0.5879   2.813989    -0.5866   2.814457    6.91403    -0.0478    13.8155 0.0000e+00  -61.48350  -54.87483 1152862558 195.316668    34.3580 0.0000e+00
    180.000    -0.5864   2.814202    -0.5855   2.814636    6.90536    -0.0349    13.8155 0.0000e+00  -61.48350  -54.87483 1152862559 195.316687    34.3587 0.0000e+00
    181.000    -0.5897   2.813884    -0.5886   2.814330    6.89995    -0.0398    13.8155 0.0000e+00  -61.48350  -54.87483 1152862562 195.316718    34.3582 0.0000e+00
    182.000    -0.5845   2.814528    -0.5834   2.814982    6.89900    -0.0554    13.8155 0.0000e+00  -61.48350  -54.87483 1152862563 195.316728    34.3601 0.0000e+00
    183.000    -0.5826   2.814752    -0.5815   2.815226    6.89289    -0.0437    13.8155 0.0000e+00  -61.48350  -54.87483 1152862564 195.316736    34.3603 0.0000e+00
    184.000    -0.5817   2.814887    -0.5804   2.815387    6.88842    -0.0402    13.8155 0.0000e+00  -61.48350  -54.87483 1152862564 195.316744    34.3606 0.0000e+00
    185.000    -0.5773   2.815403    -0.5760   2.815871    6.88377    -0.0398    13.8155 0.0000e+00  -61.48350  -54.87483 1152862565 195.316753    34.3620 0.0000e+00
    186.000    -0.5769   2.815522    -0.5740   2.816174    6.87931    -0.0377    13.8155 0.0000e+00  -61.48350  -54.87483 1152862568 195.316785    34.3626 0.0000e+00
    187.000    -0.5749   2.815811    -0.5739   2.816212    6.87755    -0.0491    13.8155 0.0000e+00  -61.48350  -54.87483 1152862570 195.316805    34.3640 0.0000e+00
    188.000    -0.5699   2.816386    -0.5687   2.816857    6.87475    -0.0434    13.8155 0.0000e+00  -61.48350  -54.87483 1152862570 195.316814    34.3651 0.0000e+00
    189.000    -0.5687   2.816565    -0.5675   2.817038    6.87247    -0.0500    13.8155 0.0000e+00  -61.48350  -54.87483 1152862571 195.316822    34.3655 0.0000e+00
    190.000    -0.5678   2.816686    -0.5667   2.817160    6.87069    -0.0338    13.8155 0.0000e+00  -61.48350  -54.87483 1152862572 195.316830    34.3655 0.0000e+00
    191.000    -0.5673   2.816787    -0.5660   2.817271    6.87070    -0.0343    13.8155 0.0000e+00  -61.48350  -54.87483 1152862573 195.316840    34.3657 0.0000e+00
    192.000    -0.5670   2.816874    -0.5655   2.817388    6.86718    -0.0361    13.8155 0.0000e+00  -61.48350  -54.87483 1152862575 195.316864    34.3661 0.0000e+00
    193.000    -0.5656   2.817077    -0.5640   2.817608    6.86298    -0.0457    13.8155 0.0000e+00  -61.48350  -54.87483 1152862576 195.316884    34.3667 0.0000e+00
    194.000    -0.5630   2.817420    -0.5614   2.817935    6.85830    -0.0381    13.8155 0.0000e+00  -61.48350  -54.87483 1152862577 195.316896    34.3677 0.0000e+00
    195.000    -0.5612   2.817672    -0.5598   2.818164    6.85420    -0.0382    13.8155 0.0000e+00  -61.48350  -54.87483 1152862578 195.316908    34.3684 0.0000e+00
    196.000    -0.5588   2.817964    -0.5574   2.818451    6.84997    -0.0337    13.8155 0.0000e+00  -61.48350  -54.87483 1152862580 195.316920    34.3690 0.0000e+00
    197.000    -0.5569   2.818217    -0.5553   2.818719    6.84899    -0.0543    13.8155 0.0000e+00  -61.48350  -54.87483 1152862581 195.316934    34.3696 0.0000e+00
    198.000    -0.5543   2.818517    -0.5528   2.819029    6.84611    -0.0362    13.8155 0.0000e+00  -61.48350  -54.87483 1152862582 195.316949    34.3701 0.0000e+00
    199.000    -0.5510   2.818920    -0.5491   2.819462    6.83781    -0.0382    13.8155 0.0000e+00  -61.48350  -54.87483 1152862584 195.316968    34.3711 0.0000e+00
    200.000    -0.5468   2.819401    -0.5458   2.819861    6.83440    -0.0372    13.8155 0.0000e+00  -61.48350  -54.87483 1152862585 195.316987    34.3722 0.0000e+00
    201.000    -0.5462   2.819519    -0.5448   2.820018    6.83035    -0.0338    13.8155 0.0000e+00  -61.48350  -54.87483 1152862586 195.316999    34.3726 0.0000e+00
    202.000    -0.5440   2.819809    -0.5425   2.820307    6.82152    -0.0331    13.8155 0.0000e+00  -61.48350  -54.87483 1152862587 195.317009    34.3733 0.0000e+00
    203.000    -0.5338   2.821074    -0.5320   2.821545    6.81185    -0.0399    13.8155 0.0000e+00  -61.48350  -54.87483 1152862588 195.317019    34.3782 0.0000e+00
    204.000    -0.5248   2.822171    -0.5233   2.822663    6.80344    -0.0472    13.8155 0.0000e+00  -61.48350  -54.87483 1152862589 195.317029    34.3817 0.0000e+00
