product_data/regression_test/downloaded_data/MDGS/320620060703/ctd/p6619703.ros
* Sea-Bird SBE 9 Data File:
* FileName = D:\Data\Raw\p6619703.dat
* Software Version Seasave Win32 V 5.32
* Temperature SN = 1649
* Conductivity SN = 1431
* Number of Bytes Per Scan = 37
* Number of Voltage Words = 5
* Number of Scans Averaged by the Deck Unit = 1
* NMEA Latitude = 60 45.00 S
* NMEA Longitude = 058 22.50 W
* NMEA UTC (Time) = 10:38:44
** Ship:   Nathaniel B. Palmer 
** Cruise:    NBP0606 
# nquan = 17
# nvalues = 1176                    
# units = specified
# name 0 = prDM: Pressure, Digiquartz [db]
# name 1 = t090C: Temperature [ITS-90, deg C]
# name 2 = c0S/m: Conductivity [S/m]
# name 3 = t190C: Temperature, 2 [ITS-90, deg C]
# name 4 = c1S/m: Conductivity, 2 [S/m]
# name 5 = sbeox0ML/L: Oxygen, SBE 43 [ml/l]
# name 6 = flECO-AFL: Fluorescence, Wetlab ECO-AFL/FL [mg/m^3]
# name 7 = bat: Beam Attenuation, Chelsea/Seatech/Wetlab CStar [1/m]
# name 8 = spar: SPAR/Surface Irradiance
# name 9 = latitude: Latitude [deg]
# name 10 = longitude: Longitude [deg]
# name 11 = timeY: Time, System [seconds]
# name 12 = timeJ: Julian Days
# name 13 = sal00: Salinity [PSU]
# name 14 = scan: scan number
# name 15 = nbf: number of bottles fired
# name 16 = flag:  0.000e+00
# interval = seconds: 0.0416667                   
# start_time = Jul 25 2006 10:38:52
*END*
[from data line 681]
     49.070    -0.9500   2.740869    -0.9503   2.741282    8.17647     0.0972    13.8155 0.0000e+00  -60.75000  -58.37500 1153827187 206.481353    33.8585      78166         14  0.000e+00
     49.070    -0.9498   2.740856    -0.9497   2.741253    8.17645     0.0650    13.8155 0.0000e+00  -60.75000  -58.37500 1153827187 206.481353    33.8581      78167         14  0.000e+00
     49.003    -0.9498   2.740872    -0.9501   2.741247    8.17165     0.0434    13.8155 0.0000e+00  -60.75000  -58.37500 1153827187 206.481354    33.8584      78168         14  0.000e+00
     49.003    -0.9501   2.740876    -0.9501   2.741282    8.17641     0.0865    13.8155 0.0000e+00  -60.75000  -58.37500 1153827187 206.481354    33.8588      78169         14  0.000e+00
     48.927    -0.9500   2.740856    -0.9495   2.741299    8.17631     0.1080    13.8155 0.0000e+00  -60.75000  -58.37500 1153827187 206.481355    33.8584      78170         14  0.000e+00
     33.157    -0.9532   2.739862    -0.9529   2.740285    8.17380     0.0542    13.8155 0.0000e+00  -60.75000  -58.37500 1153827257 206.482159    33.8583      79838         15  0.000e+00
     33.377    -0.9535   2.739865    -0.9534   2.740291    8.17410     0.0327    13.8155 0.0000e+00  -60.75000  -58.37500 1153827257 206.482160    33.8586      79839         15  0.000e+00
     33.167    -0.9532   2.739872    -0.9531   2.740297    8.17381     0.0757    13.8155 0.0000e+00  -60.75000  -58.37500 1153827257 206.482160    33.8585      79840         15  0.000e+00
     33.234    -0.9537   2.739875    -0.9531   2.740297    8.17395     0.0972    13.8155 0.0000e+00  -60.75000  -58.37500 1153827257 206.482160    33.8590      79841         15  0.000e+00
     33.300    -0.9535   2.739859    -0.9534   2.740279    8.17402     0.0757    13.8155 0.0000e+00  -60.75000  -58.37500 1153827257 206.482161    33.8586      79842         15  0.000e+00
     33.310    -0.9541   2.739859    -0.9529   2.740291    8.17413     0.0542    13.8155 0.0000e+00  -60.75000  -58.37500 1153827257 206.482161    33.8592      79843         15  0.000e+00
     33.310    -0.9534   2.739872    -0.9535   2.740279    8.17400     0.0542    13.8155 0.0000e+00  -60.75000  -58.37500 1153827257 206.482162    33.8586      79844         15  0.000e+00
     33.310    -0.9537   2.739875    -0.9535   2.740274    8.17404     0.0327    13.8155 0.0000e+00  -60.75000  -58.37500 1153827257 206.482162    33.8589      79845         15  0.000e+00
     33.310    -0.9531   2.739865    -0.9534   2.740291    8.17395     0.0112    13.8155 0.0000e+00  -60.75000  -58.37500 1153827257 206.482163    33.8581      79846         15  0.000e+00
     33.300    -0.9534   2.739872    -0.9534   2.740279    8.17399     0.0327    13.8155 0.0000e+00  -60.75000  -58.37500 1153827257 206.482163    33.8586      79847         15  0.000e+00
     33.377    -0.9537   2.739859    -0.9534   2.740308    8.17413     0.0542    13.8155 0.0000e+00  -60.75000  -58.37500 1153827257 206.482164    33.8587      79848         15  0.000e+00
     33.310    -0.9535   2.739859    -0.9533   2.740302    8.17403     0.0757    13.8155 0.0000e+00  -60.75000  -58.37500 1153827257 206.482164    33.8585      79849         15  0.000e+00
     33.377    -0.9537   2.739872    -0.9534   2.740279    8.17412     0.1080    13.8155 0.0000e+00  -60.75000  -58.37500 1153827257 206.482165    33.8588      79850         15  0.000e+00
     33.377    -0.9537   2.739842    -0.9531   2.740291    8.17414     0.1188    13.8155 0.0000e+00  -60.75000  -58.37500 1153827257 206.482165    33.8584      79851         15  0.000e+00
     33.367    -0.9537   2.739839    -0.9531   2.740314    8.17413     0.0542    13.8155 0.0000e+00  -60.75000  -58.37500 1153827257 206.482166    33.8584      79852         15  0.000e+00
     33.443    -0.9538   2.739833    -0.9531   2.740303    8.17425     0.0757    13.8155 0.0000e+00  -60.75000  -58.37500 1153827258 206.482166    33.8585      79853         15  0.000e+00
     33.377    -0.9540   2.739849    -0.9531   2.740297    8.17419     0.0972    13.8155 0.0000e+00  -60.75000  -58.37500 1153827258 206.482167    33.8589      79854         15  0.000e+00
     33.443    -0.9540   2.739856    -0.9531   2.740297    8.17426     0.1295    13.8155 0.0000e+00  -60.75000  -58.37500 1153827258 206.482167    33.8589      79855         15  0.000e+00
     33.443    -0.9529   2.739859    -0.9535   2.740297    8.17408     0.1080    13.8155 0.0000e+00  -60.75000  -58.37500 1153827258 206.482168    33.8578      79856         15  0.000e+00
     33.510    -0.9534   2.739856    -0.9532   2.740297    8.17423     0.1188    13.8155 0.0000e+00  -60.75000  -58.37500 1153827258 206.482168    33.8582      79857         15  0.000e+00
     33.520    -0.9540   2.739856    -0.9534   2.740279    8.17435     0.1080    13.8155 0.0000e+00  -60.75000  -58.37500 1153827258 206.482169    33.8589      79858         15  0.000e+00
     33.520    -0.9540   2.739859    -0.9532   2.740291    8.17434     0.0757    13.8155 0.0000e+00  -60.75000  -58.37500 1153827258 206.482169    33.8589      79859         15  0.000e+00
     33.586    -0.9534   2.739872    -0.9534   2.740314    8.17431     0.0757    13.8155 0.0000e+00  -60.75000  -58.37500 1153827258 206.482170    33.8584      79860         15  0.000e+00
     33.520    -0.9535   2.739826    -0.9528   2.740326    8.17429     0.0650    13.8155 0.0000e+00  -60.75000  -58.37500 1153827258 206.482170    33.8580      79861         15  0.000e+00
     33.653    -0.9540   2.739865    -0.9532   2.740326    8.16978     0.0757    13.8155 0.0000e+00  -60.75000  -58.37500 1153827258 206.482171    33.8589      79862         15  0.000e+00
     33.586    -0.9535   2.739875    -0.9529   2.740303    8.16962     0.1188    13.8155 0.0000e+00  -60.75000  -58.37500 1153827258 206.482171    33.8586      79863         15  0.000e+00
     33.653    -0.9531   2.739875    -0.9537   2.740297    8.17433     0.0972    13.8155 0.0000e+00  -60.75000  -58.37500 1153827258 206.482172    33.8580      79864         15  0.000e+00
     33.653    -0.9534   2.739882    -0.9529   2.740314    8.17438     0.0650    13.8155 0.0000e+00  -60.75000  -58.37500 1153827258 206.482172    33.8585      79865         15  0.000e+00
     33.653    -0.9535   2.739862    -0.9528   2.740303    8.17442     0.0219    13.8155 0.0000e+00  -60.75000  -58.37500 1153827258 206.482173    33.8584      79866         15  0.000e+00
     33.729    -0.9537   2.739869    -0.9528   2.740314    8.17924     0.0219    13.8155 0.0000e+00  -60.75000  -58.37500 1153827258 206.482173    33.8586      79867         15  0.000e+00
     33.729    -0.9534   2.739915    -0.9529   2.740326    8.17444     0.0542    13.8155 0.0000e+00  -60.75000  -58.37500 1153827258 206.482174    33.8589      79868         15  0.000e+00
     33.729    -0.9534   2.739921    -0.9529   2.740326    8.16972     0.0972    13.8155 0.0000e+00  -60.75000  -58.37500 1153827258 206.482174    33.8590      79869         15  0.000e+00
     33.796    -0.9534   2.739885    -0.9532   2.740343    8.16982     0.1188    13.8155 0.0000e+00  -60.75000  -58.37500 1153827258 206.482174    33.8584      79870         15  0.000e+00
     33.786    -0.9532   2.739875    -0.9531   2.740308    8.16980     0.0972    13.8155 0.0000e+00  -60.75000  -58.37500 1153827258 206.482175    33.8581      79871         15  0.000e+00
     33.863    -0.9537   2.739866    -0.9534   2.740297    8.17468     0.0865    13.8155 0.0000e+00  -60.75000  -58.37500 1153827258 206.482175    33.8585      79872         15  0.000e+00
     33.863    -0.9534   2.739872    -0.9529   2.740314    8.17462     0.0650    13.8155 0.0000e+00  -60.75000  -58.37500 1153827258 206.482176    33.8582      79873         15  0.000e+00
     33.863    -0.9531   2.739924    -0.9535   2.740285    8.17453     0.0327    13.8155 0.0000e+00  -60.75000  -58.37500 1153827258 206.482176    33.8586      79874         15  0.000e+00
     33.939    -0.9532   2.739934    -0.9532   2.740291    8.17464     0.0434    13.8155 0.0000e+00  -60.75000  -58.37500 1153827258 206.482177    33.8588      79875         15  0.000e+00
     33.929    -0.9534   2.739905    -0.9537   2.740314    8.17467     0.0542    13.8155 0.0000e+00  -60.75000  -58.37500 1153827258 206.482177    33.8586      79876         15  0.000e+00
     33.939    -0.9531   2.739915    -0.9531   2.740303    8.16992     0.0542    13.8155 0.0000e+00  -60.75000  -58.37500 1153827259 206.482178    33.8584      79877         15  0.000e+00
     33.939    -0.9531   2.739941    -0.9531   2.740297    8.17461     0.0219    13.8155 0.0000e+00  -60.75000  -58.37500 1153827259 206.482178    33.8588      79878         15  0.000e+00
     34.006    -0.9532   2.739911    -0.9535   2.740297    8.17002     0.0542    13.8155 0.0000e+00  -60.75000  -58.37500 1153827259 206.482179    33.8585      79879         15  0.000e+00
     34.082    -0.9529   2.739879    -0.9531   2.740314    8.17008     0.0327    13.8155 0.0000e+00  -60.75000  -58.37500 1153827259 206.482179    33.8576      79880         15  0.000e+00
     33.996    -0.9532   2.739866    -0.9534   2.740285    8.17004    -0.0104    13.8155 0.0000e+00  -60.75000  -58.37500 1153827259 206.482180    33.8579      79881         15  0.000e+00
     34.082    -0.9540   2.739839    -0.9535   2.740308    8.17029     0.0112    13.8155 0.0000e+00  -60.75000  -58.37500 1153827259 206.482180    33.8583      79882         15  0.000e+00
     34.082    -0.9541   2.739849    -0.9535   2.740303    8.17502     0.0542    13.8155 0.0000e+00  -60.75000  -58.37500 1153827259 206.482181    33.8586      79883         15  0.000e+00
     34.149    -0.9540   2.739856    -0.9531   2.740314    8.17506     0.0757    13.8155 0.0000e+00  -60.75000  -58.37500 1153827259 206.482181    33.8585      79884         15  0.000e+00
     34.149    -0.9535   2.739826    -0.9534   2.740303    8.17501     0.0542    13.8155 0.0000e+00  -60.75000  -58.37500 1153827259 206.482182    33.8576      79885         15  0.000e+00
     34.139    -0.9537   2.739879    -0.9533   2.740297    8.17027     0.0542    13.8155 0.0000e+00  -60.75000  -58.37500 1153827259 206.482182    33.8585      79886         15  0.000e+00
     34.206    -0.9551   2.739774    -0.9546   2.740176    8.18008     0.1188    13.8155 0.0000e+00  -60.75000  -58.37500 1153827269 206.482297    33.8586      80125         16  0.000e+00
     34.149    -0.9546   2.739751    -0.9547   2.740130    8.17996     0.1080    13.8155 0.0000e+00  -60.75000  -58.37500 1153827269 206.482298    33.8578      80126         16  0.000e+00
     34.082    -0.9548   2.739761    -0.9555   2.740153    8.17990     0.1188    13.8155 0.0000e+00  -60.75000  -58.37500 1153827269 206.482298    33.8581      80127         16  0.000e+00
     34.215    -0.9549   2.739774    -0.9554   2.740147    8.18007     0.0757    13.8155 0.0000e+00  -60.75000  -58.37500 1153827269 206.482299    33.8584      80128         16  0.000e+00
     34.082    -0.9545   2.739767    -0.9549   2.740141    8.17513     0.0972    13.8155 0.0000e+00  -60.75000  -58.37500 1153827269 206.482299    33.8579      80129         16  0.000e+00
     34.082    -0.9548   2.739784    -0.9550   2.740141    8.17517     0.0650    13.8155 0.0000e+00  -60.75000  -58.37500 1153827269 206.482300    33.8584      80130         16  0.000e+00
     34.139    -0.9546   2.739771    -0.9549   2.740158    8.17522     0.0972    13.8155 0.0000e+00  -60.75000  -58.37500 1153827269 206.482300    33.8580      80131         16  0.000e+00
     34.149    -0.9548   2.739774    -0.9549   2.740130    8.17997     0.1726    13.8155 0.0000e+00  -60.75000  -58.37500 1153827269 206.482301    33.8583      80132         16  0.000e+00
     34.082    -0.9548   2.739787    -0.9550   2.740135    8.17517     0.1833    13.8155 0.0000e+00  -60.75000  -58.37500 1153827269 206.482301    33.8585      80133         16  0.000e+00
     34.149    -0.9543   2.739803    -0.9550   2.740141    8.17516     0.1188    13.8155 0.0000e+00  -60.75000  -58.37500 1153827269 206.482302    33.8581      80134         16  0.000e+00
     34.082    -0.9541   2.739816    -0.9547   2.740158    8.17504     0.0972    13.8155 0.0000e+00  -60.75000  -58.37500 1153827269 206.482302    33.8582      80135         16  0.000e+00
     34.139    -0.9543   2.739780    -0.9552   2.740130    8.17516     0.1403    13.8155 0.0000e+00  -60.75000  -58.37500 1153827269 206.482303    33.8578      80136         16  0.000e+00
     34.082    -0.9537   2.739784    -0.9554   2.740118    8.17970     0.1833    13.8155 0.0000e+00  -60.75000  -58.37500 1153827269 206.482303    33.8572      80137         16  0.000e+00
     34.082    -0.9543   2.739810    -0.9557   2.740135    8.17507     0.1833    13.8155 0.0000e+00  -60.75000  -58.37500 1153827269 206.482304    33.8583      80138         16  0.000e+00
     34.082    -0.9540   2.739830    -0.9557   2.740124    8.17972     0.1833    13.8155 0.0000e+00  -60.75000  -58.37500 1153827269 206.482304    33.8582      80139         16  0.000e+00
     34.082    -0.9540   2.739813    -0.9552   2.740118    8.17502     0.1403    13.8155 0.0000e+00  -60.75000  -58.37500 1153827269 206.482305    33.8580      80140         16  0.000e+00
     34.072    -0.9541   2.739793    -0.9554   2.740095    8.17976     0.0865    13.8155 0.0000e+00  -60.75000  -58.37500 1153827270 206.482305    33.8579      80141         16  0.000e+00
     34.082    -0.9541   2.739830    -0.9554   2.740124    8.17974     0.0650    13.8155 0.0000e+00  -60.75000  -58.37500 1153827270 206.482306    33.8584      80142         16  0.000e+00
     34.082    -0.9540   2.739833    -0.9552   2.740141    8.17972     0.1188    13.8155 0.0000e+00  -60.75000  -58.37500 1153827270 206.482306    33.8582      80143         16  0.000e+00
     34.082    -0.9541   2.739849    -0.9547   2.740141    8.17502     0.1403    13.8155 0.0000e+00  -60.75000  -58.37500 1153827270 206.482307    33.8586      80144         16  0.000e+00
     34.006    -0.9541   2.739810    -0.9554   2.740158    8.17967     0.1080    13.8155 0.0000e+00  -60.75000  -58.37500 1153827270 206.482307    33.8581      80145         16  0.000e+00
     34.072    -0.9541   2.739823    -0.9550   2.740147    8.17974     0.0972    13.8155 0.0000e+00  -60.75000  -58.37500 1153827270 206.482308    33.8583      80146         16  0.000e+00
     34.082    -0.9538   2.739800    -0.9554   2.740124    8.17971     0.0757    13.8155 0.0000e+00  -60.75000  -58.37500 1153827270 206.482308    33.8576      80147         16  0.000e+00
     34.082    -0.9543   2.739830    -0.9555   2.740118    8.17977     0.0542    13.8155 0.0000e+00  -60.75000  -58.37500 1153827270 206.482309    33.8585      80148         16  0.000e+00
     34.006    -0.9541   2.739816    -0.9550   2.740118    8.17967     0.1080    13.8155 0.0000e+00  -60.75000  -58.37500 1153827270 206.482309    33.8582      80149         16  0.000e+00
     34.082    -0.9540   2.739843    -0.9554   2.740118    8.17500     0.0757    13.8155 0.0000e+00  -60.75000  -58.37500 1153827270 206.482310    33.8584      80150         16  0.000e+00
     34.072    -0.9540   2.739826    -0.9557   2.740135    8.17971     0.0757    13.8155 0.0000e+00  -60.75000  -58.37500 1153827270 206.482310    33.8582      80151         16  0.000e+00
     34.006    -0.9541   2.739810    -0.9555   2.740158    8.17967     0.0972    13.8155 0.0000e+00  -60.75000  -58.37500 1153827270 206.482310    33.8581      80152         16  0.000e+00
     34.082    -0.9541   2.739843    -0.9558   2.740130    8.17973     0.0972    13.8155 0.0000e+00  -60.75000  -58.37500 1153827270 206.482311    33.8585      80153         16  0.000e+00
     34.006    -0.9541   2.739820    -0.9554   2.740118    8.17966     0.0757    13.8155 0.0000e+00  -60.75000  -58.37500 1153827270 206.482311    33.8583      80154         16  0.000e+00
