product_data/regression_test/downloaded_data/MDGS/320620060703/ctd/p6618601.ros
* Sea-Bird SBE 9 Data File:
* FileName = D:\Data\Raw\p6618601.dat
* Software Version Seasave Win32 V 5.32
* Temperature SN = 1649
* Conductivity SN = 1431
* Number of Bytes Per Scan = 37
* Number of Voltage Words = 5
* Number of Scans Averaged by the Deck Unit = 1
* NMEA Latitude = 60 48.00 S
* NMEA Longitude = 054 03.34 W
* NMEA UTC (Time) = 00:01:20
** Ship:   Nathaniel B. Palmer 
** Cruise:    NBP0606 
# nquan = 17
# nvalues = 1176                    
# units = specified
# name 0 = prDM: Pressure, Digiquartz [db]
# name 1 = t090C: Temperature [ITS-90, deg C]
# name 2 = c0S/m: Conductivity [S/m]
# name 3 = t190C: Temperature, 2 [ITS-90, deg C]
# name 4 = c1S/m: Conductivity, 2 [S/m]
# name 5 = sbeox0ML/L: Oxygen, SBE 43 [ml/l]
# name 6 = flECO-AFL: Fluorescence, Wetlab ECO-AFL/FL [mg/m^3]
# name 7 = bat: Beam Attenuation, Chelsea/Seatech/Wetlab CStar [1/m]
# name 8 = spar: SPAR/Surface Irradiance
# name 9 = latitude: Latitude [deg]
# name 10 = longitude: Longitude [deg]
# name 11 = timeY: Time, System [seconds]
# name 12 = timeJ: Julian Days
# name 13 = sal00: Salinity [PSU]
# name 14 = scan: scan number
# name 15 = nbf: number of bottles fired
# name 16 = flag:  0.000e+00
# interval = seconds: 0.0416667                   
# start_time = Jul 23 2006 00:01:28
*END*
[from data line 766]
    100.636    -0.9400   2.776477    -0.9413   2.776752    7.41020    -0.0426    13.8155 0.0000e+00  -60.80000  -54.05567 1153616476 204.042569    34.3000      86161         16  0.000e+00
    100.636    -0.9404   2.776438    -0.9411   2.776770    7.41028    -0.0534    13.8155 0.0000e+00  -60.80000  -54.05567 1153616476 204.042570    34.2999      86162         16  0.000e+00
    100.636    -0.9399   2.776490    -0.9406   2.776799    7.41017    -0.0534    13.8155 0.0000e+00  -60.80000  -54.05567 1153616476 204.042570    34.3000      86163         16  0.000e+00
    100.636    -0.9400   2.776513    -0.9405   2.776787    7.41016    -0.0104    13.8155 0.0000e+00  -60.80000  -54.05567 1153616476 204.042571    34.3004      86164         16  0.000e+00
    100.636    -0.9404   2.776477    -0.9402   2.776799    7.41024    -0.0426    13.8155 0.0000e+00  -60.80000  -54.05567 1153616476 204.042571    34.3004      86165         16  0.000e+00
    100.703    -0.9402   2.776487    -0.9406   2.776804    7.41028    -0.0319    13.8155 0.0000e+00  -60.80000  -54.05567 1153616476 204.042572    34.3003      86166         16  0.000e+00
    100.636    -0.9401   2.776438    -0.9402   2.776822    7.41024    -0.0426    13.8155 0.0000e+00  -60.80000  -54.05567 1153616476 204.042572    34.2996      86167         16  0.000e+00
    100.636    -0.9400   2.776421    -0.9406   2.776799    7.41024    -0.0104    13.8155 0.0000e+00  -60.80000  -54.05567 1153616476 204.042573    34.2992      86168         16  0.000e+00
    100.703    -0.9409   2.776421    -0.9405   2.776781    7.41043     0.0219    13.8155 0.0000e+00  -60.80000  -54.05567 1153616476 204.042573    34.3002      86169         16  0.000e+00
    100.675    -0.9408   2.776421    -0.9403   2.776816    7.41039    -0.0104    13.8155 0.0000e+00  -60.80000  -54.05567 1153616476 204.042574    34.3001      86170         16  0.000e+00
    100.703    -0.9407   2.776405    -0.9405   2.776810    7.41041    -0.0319    13.8155 0.0000e+00  -60.80000  -54.05567 1153616476 204.042574    34.2997      86171         16  0.000e+00
    100.636    -0.9407   2.776401    -0.9408   2.776804    7.41035     0.0004    13.8155 0.0000e+00  -60.80000  -54.05567 1153616477 204.042575    34.2998      86172         16  0.000e+00
    100.703    -0.9410   2.776431    -0.9408   2.776787    7.41044    -0.0319    13.8155 0.0000e+00  -60.80000  -54.05567 1153616477 204.042575    34.3004      86173         16  0.000e+00
    100.703    -0.9407   2.776444    -0.9408   2.776781    7.41039    -0.0642    13.8155 0.0000e+00  -60.80000  -54.05567 1153616477 204.042576    34.3003      86174         16  0.000e+00
    100.703    -0.9405   2.776431    -0.9410   2.776781    7.41037    -0.0749    13.8155 0.0000e+00  -60.80000  -54.05567 1153616477 204.042576    34.2999      86175         16  0.000e+00
    100.636    -0.9408   2.776438    -0.9411   2.776781    7.41034    -0.0534    13.8155 0.0000e+00  -60.80000  -54.05567 1153616477 204.042577    34.3004      86176         16  0.000e+00
    100.703    -0.9409   2.776425    -0.9410   2.776764    7.41043    -0.0426    13.8155 0.0000e+00  -60.80000  -54.05567 1153616477 204.042577    34.3002      86177         16  0.000e+00
    100.703    -0.9408   2.776405    -0.9408   2.776793    7.41043    -0.0426    13.8155 0.0000e+00  -60.80000  -54.05567 1153616477 204.042578    34.2999      86178         16  0.000e+00
     73.016    -0.9249   2.775646    -0.9247   2.776101    7.43670     0.0219    13.8155 0.0000e+00  -60.80000  -54.05567 1153616533 204.043224    34.2887      87518         17  0.000e+00
     72.968    -0.9247   2.775649    -0.9248   2.776049    7.43662     0.0542    13.8155 0.0000e+00  -60.80000  -54.05567 1153616533 204.043224    34.2885      87519         17  0.000e+00
     73.035    -0.9250   2.775639    -0.9248   2.776032    7.43675     0.0112    13.8155 0.0000e+00  -60.80000  -54.05567 1153616533 204.043225    34.2887      87520         17  0.000e+00
     72.949    -0.9250   2.775649    -0.9256   2.775997    7.43665     0.0112    13.8155 0.0000e+00  -60.80000  -54.05567 1153616533 204.043225    34.2889      87521         17  0.000e+00
     72.902    -0.9253   2.775623    -0.9252   2.775956    7.43667    -0.0104    13.8155 0.0000e+00  -60.80000  -54.05567 1153616533 204.043226    34.2890      87522         17  0.000e+00
     73.016    -0.9247   2.775679    -0.9252   2.775950    7.43665     0.0112    13.8155 0.0000e+00  -60.80000  -54.05567 1153616533 204.043226    34.2889      87523         17  0.000e+00
     72.759    -0.9247   2.775656    -0.9252   2.775985    7.43640    -0.0104    13.8155 0.0000e+00  -60.80000  -54.05567 1153616533 204.043227    34.2888      87524         17  0.000e+00
     73.159    -0.9252   2.775652    -0.9250   2.775962    7.43689     0.0004    13.8155 0.0000e+00  -60.80000  -54.05567 1153616533 204.043227    34.2890      87525         17  0.000e+00
     72.902    -0.9249   2.775623    -0.9252   2.775968    7.43660     0.0004    13.8155 0.0000e+00  -60.80000  -54.05567 1153616533 204.043228    34.2884      87526         17  0.000e+00
     73.016    -0.9255   2.775613    -0.9255   2.775956    7.43681     0.0219    13.8155 0.0000e+00  -60.80000  -54.05567 1153616533 204.043228    34.2889      87527         17  0.000e+00
     72.902    -0.9255   2.775642    -0.9252   2.775985    7.43668     0.0434    13.8155 0.0000e+00  -60.80000  -54.05567 1153616533 204.043229    34.2894      87528         17  0.000e+00
     72.969    -0.9259   2.775639    -0.9252   2.775968    7.43681     0.0219    13.8155 0.0000e+00  -60.80000  -54.05567 1153616533 204.043229    34.2898      87529         17  0.000e+00
     72.950    -0.9258   2.775583    -0.9255   2.775950    7.43682     0.0219    13.8155 0.0000e+00  -60.80000  -54.05567 1153616533 204.043230    34.2889      87530         17  0.000e+00
     72.902    -0.9253   2.775600    -0.9250   2.775968    7.43668     0.0112    13.8155 0.0000e+00  -60.80000  -54.05567 1153616533 204.043230    34.2886      87531         17  0.000e+00
     72.950    -0.9255   2.775613    -0.9252   2.775997    7.43675    -0.0104    13.8155 0.0000e+00  -60.80000  -54.05567 1153616533 204.043231    34.2890      87532         17  0.000e+00
     72.969    -0.9261   2.775593    -0.9252   2.776003    7.43687    -0.0104    13.8155 0.0000e+00  -60.80000  -54.05567 1153616533 204.043231    34.2894      87533         17  0.000e+00
     72.883    -0.9257   2.775606    -0.9253   2.775985    7.43671     0.0219    13.8155 0.0000e+00  -60.80000  -54.05567 1153616533 204.043232    34.2891      87534         17  0.000e+00
     72.969    -0.9258   2.775613    -0.9248   2.775997    7.43682     0.0004    13.8155 0.0000e+00  -60.80000  -54.05567 1153616533 204.043232    34.2893      87535         17  0.000e+00
     72.902    -0.9259   2.775629    -0.9244   2.775985    7.43675    -0.0211    13.8155 0.0000e+00  -60.80000  -54.05567 1153616533 204.043233    34.2897      87536         17  0.000e+00
     72.950    -0.9255   2.775623    -0.9247   2.775979    7.43674    -0.0319    13.8155 0.0000e+00  -60.80000  -54.05567 1153616533 204.043233    34.2891      87537         17  0.000e+00
     72.902    -0.9259   2.775646    -0.9253   2.775997    7.43674     0.0219    13.8155 0.0000e+00  -60.80000  -54.05567 1153616533 204.043234    34.2899      87538         17  0.000e+00
     72.883    -0.9247   2.775656    -0.9245   2.776003    7.43653     0.0650    13.8155 0.0000e+00  -60.80000  -54.05567 1153616533 204.043234    34.2887      87539         17  0.000e+00
     72.969    -0.9247   2.775623    -0.9245   2.776020    7.43664     0.0650    13.8155 0.0000e+00  -60.80000  -54.05567 1153616534 204.043234    34.2882      87540         17  0.000e+00
     72.883    -0.9247   2.775662    -0.9244   2.776032    7.43653     0.0542    13.8155 0.0000e+00  -60.80000  -54.05567 1153616534 204.043235    34.2888      87541         17  0.000e+00
     72.969    -0.9244   2.775646    -0.9250   2.776008    7.43658     0.0650    13.8155 0.0000e+00  -60.80000  -54.05567 1153616534 204.043235    34.2881      87542         17  0.000e+00
     72.883    -0.9244   2.775636    -0.9250   2.776020    7.43650     0.0650    13.8155 0.0000e+00  -60.80000  -54.05567 1153616534 204.043236    34.2881      87543         17  0.000e+00
     72.969    -0.9245   2.775636    -0.9247   2.776014    7.43661     0.0327    13.8155 0.0000e+00  -60.80000  -54.05567 1153616534 204.043236    34.2882      87544         17  0.000e+00
     72.902    -0.9249   2.775636    -0.9247   2.776026    7.43659     0.0112    13.8155 0.0000e+00  -60.80000  -54.05567 1153616534 204.043237    34.2886      87545         17  0.000e+00
     72.950    -0.9253   2.775616    -0.9247   2.776032    7.43672     0.0004    13.8155 0.0000e+00  -60.80000  -54.05567 1153616534 204.043237    34.2888      87546         17  0.000e+00
     72.969    -0.9257   2.775613    -0.9245   2.776049    7.43679     0.0004    13.8155 0.0000e+00  -60.80000  -54.05567 1153616534 204.043238    34.2891      87547         17  0.000e+00
     72.883    -0.9258   2.775613    -0.9248   2.776055    7.43672     0.0327    13.8155 0.0000e+00  -60.80000  -54.05567 1153616534 204.043238    34.2893      87548         17  0.000e+00
     72.969    -0.9257   2.775593    -0.9245   2.776072    7.43681     0.0327    13.8155 0.0000e+00  -60.80000  -54.05567 1153616534 204.043239    34.2889      87549         17  0.000e+00
     72.950    -0.9253   2.775610    -0.9246   2.776043    7.43673     0.0004    13.8155 0.0000e+00  -60.80000  -54.05567 1153616534 204.043239    34.2887      87550         17  0.000e+00
     72.969    -0.9255   2.775629    -0.9242   2.776014    7.43676     0.0112    13.8155 0.0000e+00  -60.80000  -54.05567 1153616534 204.043240    34.2892      87551         17  0.000e+00
     72.902    -0.9256   2.775600    -0.9248   2.776026    7.43673     0.0650    13.8155 0.0000e+00  -60.80000  -54.05567 1153616534 204.043240    34.2890      87552         17  0.000e+00
     72.950    -0.9255   2.775672    -0.9245   2.776008    7.43671     0.0327    13.8155 0.0000e+00  -60.80000  -54.05567 1153616534 204.043241    34.2898      87553         17  0.000e+00
     72.969    -0.9255   2.775702    -0.9252   2.775985    7.43198     0.0004    13.8155 0.0000e+00  -60.80000  -54.05567 1153616534 204.043241    34.2901      87554         17  0.000e+00
     72.950    -0.9244   2.775751    -0.9252   2.775997    7.43649     0.0219    13.8155 0.0000e+00  -60.80000  -54.05567 1153616534 204.043242    34.2896      87555         17  0.000e+00
     73.036    -0.9241   2.775735    -0.9248   2.776037    7.43654     0.0112    13.8155 0.0000e+00  -60.80000  -54.05567 1153616534 204.043242    34.2889      87556         17  0.000e+00
     72.950    -0.9240   2.775755    -0.9247   2.776037    7.43642     0.0327    13.8155 0.0000e+00  -60.80000  -54.05567 1153616534 204.043243    34.2891      87557         17  0.000e+00
     72.969    -0.9239   2.775748    -0.9244   2.776049    7.43644     0.0112    13.8155 0.0000e+00  -60.80000  -54.05567 1153616534 204.043243    34.2890      87558         17  0.000e+00
     73.017    -0.9240   2.775761    -0.9241   2.776061    7.43649    -0.0104    13.8155 0.0000e+00  -60.80000  -54.05567 1153616534 204.043244    34.2892      87559         17  0.000e+00
     72.969    -0.9238   2.775768    -0.9244   2.776037    7.43640     0.0327    13.8155 0.0000e+00  -60.80000  -54.05567 1153616534 204.043244    34.2891      87560         17  0.000e+00
     73.036    -0.9241   2.775784    -0.9244   2.776032    7.43651     0.0434    13.8155 0.0000e+00  -60.80000  -54.05567 1153616534 204.043245    34.2897      87561         17  0.000e+00
     72.950    -0.9239   2.775728    -0.9245   2.776066    7.43644     0.0972    13.8155 0.0000e+00  -60.80000  -54.05567 1153616534 204.043245    34.2887      87562         17  0.000e+00
     73.036    -0.9240   2.775735    -0.9248   2.776061    7.43652     0.0865    13.8155 0.0000e+00  -60.80000  -54.05567 1153616534 204.043246    34.2888      87563         17  0.000e+00
     73.017    -0.9238   2.775712    -0.9244   2.776055    7.43649     0.0542    13.8155 0.0000e+00  -60.80000  -54.05567 1153616535 204.043246    34.2883      87564         17  0.000e+00
     73.036    -0.9241   2.775732    -0.9245   2.776037    7.43655     0.0434    13.8155 0.0000e+00  -60.80000  -54.05567 1153616535 204.043247    34.2889      87565         17  0.000e+00
     73.017    -0.9242   2.775712    -0.9248   2.776037    7.43656     0.0542    13.8155 0.0000e+00  -60.80000  -54.05567 1153616535 204.043247    34.2888      87566         17  0.000e+00
     73.467    -0.9156   2.776499    -0.9141   2.776878    7.43047     0.0434    13.8155 0.0000e+00  -60.80000  -54.05567 1153616539 204.043300    34.2894      87675         18  0.000e+00
     73.305    -0.9153   2.776486    -0.9141   2.776878    7.43027     0.0650    13.8155 0.0000e+00  -60.80000  -54.05567 1153616539 204.043300    34.2890      87676         18  0.000e+00
     73.324    -0.9156   2.776483    -0.9139   2.776878    7.43033     0.0650    13.8155 0.0000e+00  -60.80000  -54.05567 1153616539 204.043301    34.2893      87677         18  0.000e+00
     73.448    -0.9150   2.776499    -0.9144   2.776878    7.43036     0.0219    13.8155 0.0000e+00  -60.80000  -54.05567 1153616539 204.043301    34.2887      87678         18  0.000e+00
     73.391    -0.9153   2.776506    -0.9146   2.776855    7.43034    -0.0319    13.8155 0.0000e+00  -60.80000  -54.05567 1153616539 204.043302    34.2892      87679         18  0.000e+00
     73.391    -0.9151   2.776536    -0.9149   2.776884    7.43029     0.0112    13.8155 0.0000e+00  -60.80000  -54.05567 1153616539 204.043302    34.2894      87680         18  0.000e+00
     73.372    -0.9153   2.776499    -0.9149   2.776843    7.43033     0.0219    13.8155 0.0000e+00  -60.80000  -54.05567 1153616539 204.043302    34.2891      87681         18  0.000e+00
     73.467    -0.9148   2.776532    -0.9149   2.776832    7.43033     0.0112    13.8155 0.0000e+00  -60.80000  -54.05567 1153616539 204.043303    34.2890      87682         18  0.000e+00
     73.305    -0.9150   2.776529    -0.9153   2.776803    7.43019     0.0112    13.8155 0.0000e+00  -60.80000  -54.05567 1153616539 204.043303    34.2892      87683         18  0.000e+00
     73.391    -0.9148   2.776526    -0.9164   2.776756    7.43026     0.0112    13.8155 0.0000e+00  -60.80000  -54.05567 1153616540 204.043304    34.2890      87684         18  0.000e+00
     73.448    -0.9145   2.776476    -0.9166   2.776722    7.42559     0.0219    13.8155 0.0000e+00  -60.80000  -54.05567 1153616540 204.043304    34.2879      87685         18  0.000e+00
     73.324    -0.9151   2.776509    -0.9169   2.776716    7.43024     0.0112    13.8155 0.0000e+00  -60.80000  -54.05567 1153616540 204.043305    34.2891      87686         18  0.000e+00
     73.448    -0.9153   2.776457    -0.9168   2.776698    7.43043     0.0434    13.8155 0.0000e+00  -60.80000  -54.05567 1153616540 204.043305    34.2885      87687         18  0.000e+00
     73.391    -0.9154   2.776453    -0.9172   2.776669    7.43040     0.0219    13.8155 0.0000e+00  -60.80000  -54.05567 1153616540 204.043306    34.2887      87688         18  0.000e+00
     73.325    -0.9159   2.776430    -0.9175   2.776646    7.43041    -0.0211    13.8155 0.0000e+00  -60.80000  -54.05567 1153616540 204.043306    34.2889      87689         18  0.000e+00
     73.449    -0.9156   2.776450    -0.9176   2.776640    7.43048     0.0112    13.8155 0.0000e+00  -60.80000  -54.05567 1153616540 204.043307    34.2887      87690         18  0.000e+00
     73.391    -0.9159   2.776410    -0.9176   2.776606    7.43050     0.0004    13.8155 0.0000e+00  -60.80000  -54.05567 1153616540 204.043307    34.2886      87691         18  0.000e+00
     73.372    -0.9159   2.776424    -0.9174   2.776606    7.43047     0.0327    13.8155 0.0000e+00  -60.80000  -54.05567 1153616540 204.043308    34.2888      87692         18  0.000e+00
