product_data/regression_test/downloaded_data/MDGS/320620060703/ctd/p6617705.cnv
* Sea-Bird SBE 9 Data File:
* FileName = D:\Data\Raw\p6617705.dat
* Software Version Seasave Win32 V 5.32
* Temperature SN = 1649
* Conductivity SN = 1431
* Number of Bytes Per Scan = 37
* Number of Voltage Words = 5
* Number of Scans Averaged by the Deck Unit = 1
* NMEA Latitude = 60 37.00 S
* NMEA Longitude = 054 37.45 W
* NMEA UTC (Time) = 20:25:33
** Ship:   Nathaniel B. Palmer 
** Cruise:    NBP0606 
# nquan = 15
# nvalues = 1001                        
# units = specified
# name 0 = prDM: Pressure, Digiquartz [db]
# name 1 = t090C: Temperature [ITS-90, deg C]
# name 2 = c0S/m: Conductivity [S/m]
# name 3 = t190C: Temperature, 2 [ITS-90, deg C]
# name 4 = c1S/m: Conductivity, 2 [S/m]
# name 5 = sbeox0ML/L: Oxygen, SBE 43 [ml/l]
# name 6 = flECO-AFL: Fluorescence, Wetlab ECO-AFL/FL [mg/m^3]
# name 7 = bat: Beam Attenuation, Chelsea/Seatech/Wetlab CStar [1/m]
# name 8 = spar: SPAR/Surface Irradiance
# name 9 = latitude: Latitude [deg]
# name 10 = longitude: Longitude [deg]
# name 11 = timeY: Time, System [seconds]
# name 12 = timeJ: Julian Days
# name 13 = sal00: Salinity [PSU]
# name 14 = flag: flag
# span 0 =      3.000,   1003.000       
# span 1 =    -0.6935,     1.8747       
# span 2 =   2.784640,   3.048887       
# span 3 =    -0.6936,     1.8752       
# span 4 =   2.785199,   3.049181       
# span 5 =    4.47303,    7.69618       
# span 6 =    -0.0968,     0.5898       
# span 7 =    13.8155,    13.8155       
# span 8 = 0.0000e+00, 0.0000e+00       
# span 9 =  -60.61667,  -60.61667       
# span 10 =  -54.62417,  -54.62417      
# span 11 = 1153513541, 1153515285      
# span 12 = 202.851164, 202.871370      
# span 13 =    34.1674,    34.7254      
# span 14 = 0.0000e+00, 0.0000e+00      
# interval = decibars: 1                
# start_time = Jul 21 2006 20:25:41
# bad_flag = -9.990e-29
*END*
      3.000    -0.6682   2.785013    -0.6676   2.785740    7.58522     0.3909    13.8155 0.0000e+00  -60.61667  -54.62417 1153513541 202.851164    34.1681 0.0000e+00
      4.000    -0.6724   2.784722    -0.6725   2.785383    7.58668     0.3876    13.8155 0.0000e+00  -60.61667  -54.62417 1153513541 202.851181    34.1682 0.0000e+00
      5.000    -0.6716   2.784825    -0.6708   2.785545    7.59335     0.3951    13.8155 0.0000e+00  -60.61667  -54.62417 1153513544 202.851227    34.1680 0.0000e+00
      6.000    -0.6715   2.784877    -0.6719   2.785485    7.60655     0.4053    13.8155 0.0000e+00  -60.61667  -54.62417 1153513550 202.851289    34.1680 0.0000e+00
      7.000    -0.6722   2.784857    -0.6721   2.785494    7.61146     0.3911    13.8155 0.0000e+00  -60.61667  -54.62417 1153513552 202.851316    34.1679 0.0000e+00
      8.000    -0.6711   2.784980    -0.6711   2.785623    7.61023     0.4148    13.8155 0.0000e+00  -60.61667  -54.62417 1153513556 202.851364    34.1677 0.0000e+00
      9.000    -0.6735   2.784828    -0.6732   2.785474    7.60983     0.4200    13.8155 0.0000e+00  -60.61667  -54.62417 1153513559 202.851395    34.1678 0.0000e+00
     10.000    -0.6729   2.784920    -0.6729   2.785535    7.61344     0.4118    13.8155 0.0000e+00  -60.61667  -54.62417 1153513562 202.851435    34.1677 0.0000e+00
     11.000    -0.6734   2.784926    -0.6733   2.785548    7.62051     0.4347    13.8155 0.0000e+00  -60.61667  -54.62417 1153513565 202.851464    34.1677 0.0000e+00
     12.000    -0.6732   2.784987    -0.6733   2.785589    7.63131     0.4174    13.8155 0.0000e+00  -60.61667  -54.62417 1153513569 202.851518    34.1676 0.0000e+00
     13.000    -0.6736   2.784987    -0.6736   2.785611    7.63055     0.4213    13.8155 0.0000e+00  -60.61667  -54.62417 1153513571 202.851538    34.1675 0.0000e+00
     14.000    -0.6730   2.785079    -0.6731   2.785689    7.63405     0.4324    13.8155 0.0000e+00  -60.61667  -54.62417 1153513573 202.851565    34.1675 0.0000e+00
     15.000    -0.6715   2.785251    -0.6714   2.785870    7.63257     0.4362    13.8155 0.0000e+00  -60.61667  -54.62417 1153513577 202.851611    34.1674 0.0000e+00
     16.000    -0.6715   2.785295    -0.6715   2.785904    7.62726     0.4347    13.8155 0.0000e+00  -60.61667  -54.62417 1153513581 202.851648    34.1674 0.0000e+00
     17.000    -0.6714   2.785365    -0.6715   2.785966    7.62806     0.4181    13.8155 0.0000e+00  -60.61667  -54.62417 1153513583 202.851678    34.1676 0.0000e+00
     18.000    -0.6719   2.785354    -0.6717   2.785981    7.63394     0.4354    13.8155 0.0000e+00  -60.61667  -54.62417 1153513587 202.851719    34.1674 0.0000e+00
     19.000    -0.6714   2.785447    -0.6721   2.785990    7.64089     0.3999    13.8155 0.0000e+00  -60.61667  -54.62417 1153513590 202.851752    34.1675 0.0000e+00
     20.000    -0.6718   2.785450    -0.6717   2.786061    7.64305     0.4308    13.8155 0.0000e+00  -60.61667  -54.62417 1153513592 202.851782    34.1674 0.0000e+00
     21.000    -0.6727   2.785447    -0.6730   2.786024    7.64314     0.4103    13.8155 0.0000e+00  -60.61667  -54.62417 1153513596 202.851830    34.1677 0.0000e+00
     22.000    -0.6755   2.785337    -0.6760   2.785912    7.64709     0.4233    13.8155 0.0000e+00  -60.61667  -54.62417 1153513598 202.851854    34.1689 0.0000e+00
     23.000    -0.6786   2.785293    -0.6785   2.785898    7.66296     0.4215    13.8155 0.0000e+00  -60.61667  -54.62417 1153513602 202.851901    34.1712 0.0000e+00
     24.000    -0.6834   2.785041    -0.6822   2.785717    7.67147     0.4151    13.8155 0.0000e+00  -60.61667  -54.62417 1153513605 202.851925    34.1727 0.0000e+00
     25.000    -0.6875   2.784856    -0.6875   2.785449    7.68128     0.4141    13.8155 0.0000e+00  -60.61667  -54.62417 1153513608 202.851963    34.1742 0.0000e+00
     26.000    -0.6878   2.784902    -0.6875   2.785501    7.68229     0.4148    13.8155 0.0000e+00  -60.61667  -54.62417 1153513611 202.851994    34.1744 0.0000e+00
     27.000    -0.6890   2.784894    -0.6890   2.785472    7.68574     0.4164    13.8155 0.0000e+00  -60.61667  -54.62417 1153513614 202.852034    34.1751 0.0000e+00
     28.000    -0.6924   2.784671    -0.6919   2.785290    7.68424     0.4057    13.8155 0.0000e+00  -60.61667  -54.62417 1153513618 202.852077    34.1754 0.0000e+00
     29.000    -0.6935   2.784640    -0.6936   2.785199    7.67997     0.4051    13.8155 0.0000e+00  -60.61667  -54.62417 1153513620 202.852106    34.1755 0.0000e+00
     30.000    -0.6933   2.784739    -0.6923   2.785371    7.68440     0.4009    13.8155 0.0000e+00  -60.61667  -54.62417 1153513623 202.852142    34.1760 0.0000e+00
     31.000    -0.6850   2.785505    -0.6832   2.786207    7.69154     0.4012    13.8155 0.0000e+00  -60.61667  -54.62417 1153513625 202.852163    34.1760 0.0000e+00
     32.000    -0.6837   2.785685    -0.6823   2.786337    7.69266     0.4155    13.8155 0.0000e+00  -60.61667  -54.62417 1153513630 202.852222    34.1764 0.0000e+00
     33.000    -0.6813   2.785940    -0.6800   2.786599    7.69245     0.3915    13.8155 0.0000e+00  -60.61667  -54.62417 1153513633 202.852251    34.1766 0.0000e+00
     34.000    -0.6809   2.786002    -0.6807   2.786586    7.69296     0.4022    13.8155 0.0000e+00  -60.61667  -54.62417 1153513635 202.852272    34.1763 0.0000e+00
     35.000    -0.6849   2.785705    -0.6841   2.786308    7.69153     0.4223    13.8155 0.0000e+00  -60.61667  -54.62417 1153513638 202.852317    34.1764 0.0000e+00
     36.000    -0.6838   2.785865    -0.6829   2.786468    7.68755     0.4051    13.8155 0.0000e+00  -60.61667  -54.62417 1153513642 202.852364    34.1766 0.0000e+00
     37.000    -0.6830   2.785974    -0.6823   2.786554    7.68471     0.3902    13.8155 0.0000e+00  -60.61667  -54.62417 1153513644 202.852384    34.1765 0.0000e+00
     38.000    -0.6823   2.786074    -0.6819   2.786632    7.68448     0.4084    13.8155 0.0000e+00  -60.61667  -54.62417 1153513647 202.852418    34.1764 0.0000e+00
     39.000    -0.6824   2.786117    -0.6821   2.786657    7.69242     0.3994    13.8155 0.0000e+00  -60.61667  -54.62417 1153513650 202.852452    34.1765 0.0000e+00
     40.000    -0.6838   2.786028    -0.6835   2.786565    7.69351     0.4212    13.8155 0.0000e+00  -60.61667  -54.62417 1153513654 202.852498    34.1763 0.0000e+00
     41.000    -0.6841   2.786044    -0.6833   2.786626    7.69257     0.4101    13.8155 0.0000e+00  -60.61667  -54.62417 1153513657 202.852537    34.1763 0.0000e+00
     42.000    -0.6839   2.786112    -0.6831   2.786676    7.69279     0.4099    13.8155 0.0000e+00  -60.61667  -54.62417 1153513661 202.852566    34.1764 0.0000e+00
     43.000    -0.6728   2.787157    -0.6702   2.787850    7.68998     0.4130    13.8155 0.0000e+00  -60.61667  -54.62417 1153513662 202.852589    34.1770 0.0000e+00
     44.000    -0.6714   2.787332    -0.6708   2.787874    7.68689     0.4251    13.8155 0.0000e+00  -60.61667  -54.62417 1153513664 202.852614    34.1772 0.0000e+00
     45.000    -0.6574   2.788757    -0.6569   2.789261    7.69330     0.4167    13.8155 0.0000e+00  -60.61667  -54.62417 1153513670 202.852687    34.1798 0.0000e+00
     46.000    -0.6573   2.788875    -0.6568   2.789379    7.69207     0.4278    13.8155 0.0000e+00  -60.61667  -54.62417 1153513672 202.852708    34.1808 0.0000e+00
     47.000    -0.6619   2.788688    -0.6608   2.789280    7.69113     0.4089    13.8155 0.0000e+00  -60.61667  -54.62417 1153513674 202.852728    34.1831 0.0000e+00
     48.000    -0.6597   2.788928    -0.6590   2.789457    7.69262     0.4245    13.8155 0.0000e+00  -60.61667  -54.62417 1153513677 202.852759    34.1831 0.0000e+00
     49.000    -0.6604   2.788925    -0.6592   2.789504    7.69183     0.4148    13.8155 0.0000e+00  -60.61667  -54.62417 1153513681 202.852815    34.1834 0.0000e+00
     50.000    -0.6577   2.789219    -0.6569   2.789756    7.68981     0.4311    13.8155 0.0000e+00  -60.61667  -54.62417 1153513684 202.852841    34.1837 0.0000e+00
     51.000    -0.6580   2.789234    -0.6568   2.789807    7.68534     0.4257    13.8155 0.0000e+00  -60.61667  -54.62417 1153513686 202.852871    34.1836 0.0000e+00
     52.000    -0.6569   2.789382    -0.6565   2.789874    7.68688     0.4338    13.8155 0.0000e+00  -60.61667  -54.62417 1153513690 202.852916    34.1837 0.0000e+00
     53.000    -0.6652   2.788687    -0.6653   2.789170    7.69456     0.4166    13.8155 0.0000e+00  -60.61667  -54.62417 1153513694 202.852965    34.1833 0.0000e+00
     54.000    -0.6666   2.788636    -0.6673   2.789006    7.69618     0.4323    13.8155 0.0000e+00  -60.61667  -54.62417 1153513696 202.852982    34.1837 0.0000e+00
     55.000    -0.6645   2.788884    -0.6632   2.789432    7.68993     0.4312    13.8155 0.0000e+00  -60.61667  -54.62417 1153513698 202.853004    34.1839 0.0000e+00
     56.000    -0.6644   2.788921    -0.6641   2.789402    7.68593     0.4517    13.8155 0.0000e+00  -60.61667  -54.62417 1153513701 202.853046    34.1836 0.0000e+00
     57.000    -0.6614   2.789291    -0.6615   2.789722    7.68363     0.4491    13.8155 0.0000e+00  -60.61667  -54.62417 1153513707 202.853106    34.1844 0.0000e+00
     58.000    -0.6695   2.788956    -0.6688   2.789430    7.68371     0.4392    13.8155 0.0000e+00  -60.61667  -54.62417 1153513709 202.853130    34.1888 0.0000e+00
     59.000    -0.6384   2.791860    -0.6427   2.791857    7.66948     0.4213    13.8155 0.0000e+00  -60.61667  -54.62417 1153513710 202.853149    34.1915 0.0000e+00
     60.000    -0.6218   2.793409    -0.6232   2.793694    7.65168     0.4599    13.8155 0.0000e+00  -60.61667  -54.62417 1153513714 202.853189    34.1926 0.0000e+00
     61.000    -0.6040   2.795063    -0.6049   2.795340    7.63443     0.4588    13.8155 0.0000e+00  -60.61667  -54.62417 1153513717 202.853232    34.1941 0.0000e+00
     62.000    -0.5973   2.795676    -0.5981   2.795982    7.62186     0.4544    13.8155 0.0000e+00  -60.61667  -54.62417 1153513720 202.853262    34.1941 0.0000e+00
     63.000    -0.6100   2.794582    -0.6081   2.795183    7.62362     0.4493    13.8155 0.0000e+00  -60.61667  -54.62417 1153513723 202.853297    34.1939 0.0000e+00
     64.000    -0.6118   2.794462    -0.6188   2.794302    7.62655     0.4677    13.8155 0.0000e+00  -60.61667  -54.62417 1153513726 202.853334    34.1937 0.0000e+00
     65.000    -0.6181   2.793984    -0.6153   2.794529    7.62769     0.4662    13.8155 0.0000e+00  -60.61667  -54.62417 1153513730 202.853377    34.1942 0.0000e+00
     66.000    -0.6235   2.793587    -0.6267   2.793723    7.63546     0.4559    13.8155 0.0000e+00  -60.61667  -54.62417 1153513734 202.853422    34.1945 0.0000e+00
     67.000    -0.6216   2.793759    -0.6243   2.793938    7.64578     0.4447    13.8155 0.0000e+00  -60.61667  -54.62417 1153513735 202.853434    34.1938 0.0000e+00
     68.000    -0.6244   2.793585    -0.6231   2.794097    7.64319     0.4468    13.8155 0.0000e+00  -60.61667  -54.62417 1153513736 202.853446    34.1940 0.0000e+00
     69.000    -0.6156   2.794324    -0.6131   2.795027    7.63139     0.4625    13.8155 0.0000e+00  -60.61667  -54.62417 1153513740 202.853493    34.1948 0.0000e+00
     70.000    -0.5727   2.798502    -0.5567   2.799974    7.59482     0.4682    13.8155 0.0000e+00  -60.61667  -54.62417 1153513745 202.853553    34.2001 0.0000e+00
     71.000    -0.5139   2.803743    -0.5140   2.804048    7.56262     0.4590    13.8155 0.0000e+00  -60.61667  -54.62417 1153513747 202.853570    34.2009 0.0000e+00
     72.000    -0.5117   2.804002    -0.5063   2.804843    7.53655     0.4603    13.8155 0.0000e+00  -60.61667  -54.62417 1153513749 202.853591    34.2023 0.0000e+00
     73.000    -0.5194   2.803372    -0.5140   2.804136    7.51071     0.4551    13.8155 0.0000e+00  -60.61667  -54.62417 1153513755 202.853663    34.2034 0.0000e+00
     74.000    -0.5010   2.805045    -0.4994   2.805520    7.50119     0.4587    13.8155 0.0000e+00  -60.61667  -54.62417 1153513757 202.853689    34.2040 0.0000e+00
     75.000    -0.4941   2.805743    -0.4924   2.806246    7.49362     0.4624    13.8155 0.0000e+00  -60.61667  -54.62417 1153513759 202.853709    34.2051 0.0000e+00
     76.000    -0.5272   2.803020    -0.5297   2.803224    7.50386     0.4925    13.8155 0.0000e+00  -60.61667  -54.62417 1153513763 202.853765    34.2063 0.0000e+00
     77.000    -0.5535   2.800752    -0.5498   2.801474    7.53063     0.4654    13.8155 0.0000e+00  -60.61667  -54.62417 1153513766 202.853797    34.2057 0.0000e+00
     78.000    -0.5848   2.798076    -0.5884   2.798270    7.55736     0.4664    13.8155 0.0000e+00  -60.61667  -54.62417 1153513768 202.853822    34.2050 0.0000e+00
     79.000    -0.5964   2.797165    -0.5954   2.797650    7.57209     0.4862    13.8155 0.0000e+00  -60.61667  -54.62417 1153513770 202.853845    34.2053 0.0000e+00
     80.000    -0.6073   2.796259    -0.6073   2.796704    7.59461     0.4984    13.8155 0.0000e+00  -60.61667  -54.62417 1153513775 202.853901    34.2042 0.0000e+00
     81.000    -0.6202   2.795201    -0.6201   2.795589    7.60973     0.4821    13.8155 0.0000e+00  -60.61667  -54.62417 1153513779 202.853948    34.2039 0.0000e+00
     82.000    -0.6245   2.794890    -0.6229   2.795428    7.60751     0.4761    13.8155 0.0000e+00  -60.61667  -54.62417 1153513781 202.853965    34.2039 0.0000e+00
     83.000    -0.6202   2.795317    -0.6231   2.795461    7.60941     0.4675    13.8155 0.0000e+00  -60.61667  -54.62417 1153513782 202.853980    34.2040 0.0000e+00
     84.000    -0.6221   2.795226    -0.6208   2.795696    7.60942     0.4799    13.8155 0.0000e+00  -60.61667  -54.62417 1153513787 202.854036    34.2039 0.0000e+00
     85.000    -0.6068   2.796854    -0.6041   2.797424    7.60110     0.4909    13.8155 0.0000e+00  -60.61667  -54.62417 1153513790 202.854067    34.2073 0.0000e+00
     86.000    -0.6002   2.797517    -0.5972   2.798158    7.59176     0.4927    13.8155 0.0000e+00  -60.61667  -54.62417 1153513792 202.854097    34.2081 0.0000e+00
     87.000    -0.6005   2.797564    -0.5977   2.798205    7.57860     0.4993    13.8155 0.0000e+00  -60.61667  -54.62417 1153513798 202.854159    34.2087 0.0000e+00
     88.000    -0.5948   2.798214    -0.5931   2.798697    7.57149     0.4661    13.8155 0.0000e+00  -60.61667  -54.62417 1153513800 202.854185    34.2103 0.0000e+00
     89.000    -0.5914   2.798581    -0.5907   2.798987    7.57053     0.4623    13.8155 0.0000e+00  -60.61667  -54.62417 1153513801 202.854203    34.2107 0.0000e+00
     90.000    -0.5885   2.798883    -0.5867   2.799389    7.56385     0.5327    13.8155 0.0000e+00  -60.61667  -54.62417 1153513804 202.854227    34.2109 0.0000e+00
     91.000    -0.5852   2.799250    -0.5845   2.799646    7.54810     0.5561    13.8155 0.0000e+00  -60.61667  -54.62417 1153513809 202.854294    34.2115 0.0000e+00
     92.000    -0.5830   2.799521    -0.5819   2.799950    7.55358     0.5378    13.8155 0.0000e+00  -60.61667  -54.62417 1153513812 202.854329    34.2121 0.0000e+00
     93.000    -0.5810   2.799752    -0.5796   2.800204    7.55270     0.5443    13.8155 0.0000e+00  -60.61667  -54.62417 1153513814 202.854345    34.2124 0.0000e+00
     94.000    -0.5759   2.800266    -0.5750   2.800677    7.54756     0.5485    13.8155 0.0000e+00  -60.61667  -54.62417 1153513815 202.854366    34.2128 0.0000e+00
     95.000    -0.5712   2.800803    -0.5674   2.801425    7.53319     0.4846    13.8155 0.0000e+00  -60.61667  -54.62417 1153513822 202.854440    34.2142 0.0000e+00
     96.000    -0.5599   2.801925    -0.5571   2.802488    7.52126     0.4913    13.8155 0.0000e+00  -60.61667  -54.62417 1153513823 202.854455    34.2157 0.0000e+00
     97.000    -0.5516   2.802793    -0.5470   2.803477    7.50793     0.5395    13.8155 0.0000e+00  -60.61667  -54.62417 1153513826 202.854487    34.2173 0.0000e+00
     98.000    -0.5368   2.804242    -0.5373   2.804528    7.49183     0.5095    13.8155 0.0000e+00  -60.61667  -54.62417 1153513829 202.854523    34.2192 0.0000e+00
