product_data/regression_test/downloaded_data/MDGS/320620060703/ctd/p6618601.cnv
* Sea-Bird SBE 9 Data File:
* FileName = D:\Data\Raw\p6618601.dat
* Software Version Seasave Win32 V 5.32
* Temperature SN = 1649
* Conductivity SN = 1431
* Number of Bytes Per Scan = 37
* Number of Voltage Words = 5
* Number of Scans Averaged by the Deck Unit = 1
* NMEA Latitude = 60 48.00 S
* NMEA Longitude = 054 03.34 W
* NMEA UTC (Time) = 00:01:20
** Ship:   Nathaniel B. Palmer 
** Cruise:    NBP0606 
# nquan = 15
# nvalues = 1239                        
# units = specified
# name 0 = prDM: Pressure, Digiquartz [db]
# name 1 = t090C: Temperature [ITS-90, deg C]
# name 2 = c0S/m: Conductivity [S/m]
# name 3 = t190C: Temperature, 2 [ITS-90, deg C]
# name 4 = c1S/m: Conductivity, 2 [S/m]
# name 5 = sbeox0ML/L: Oxygen, SBE 43 [ml/l]
# name 6 = flECO-AFL: Fluorescence, Wetlab ECO-AFL/FL [mg/m^3]
# name 7 = bat: Beam Attenuation, Chelsea/Seatech/Wetlab CStar [1/m]
# name 8 = spar: SPAR/Surface Irradiance
# name 9 = latitude: Latitude [deg]
# name 10 = longitude: Longitude [deg]
# name 11 = timeY: Time, System [seconds]
# name 12 = timeJ: Julian Days
# name 13 = sal00: Salinity [PSU]
# name 14 = flag: flag
# span 0 =      2.000,   1240.000       
# span 1 =    -0.9684,     0.9177       
# span 2 =   2.767994,   2.975976       
# span 3 =    -0.9696,     0.9182       
# span 4 =   2.768540,   2.975886       
# span 5 =    5.21030,    7.49328       
# span 6 =    -0.1115,     0.5250       
# span 7 =    13.8155,    13.8155       
# span 8 = -7.527e-02, 9.1521e-01       
# span 9 =  -60.80000,  -60.80000       
# span 10 =  -54.05567,  -54.05567      
# span 11 = 1153612897, 1153614758      
# span 12 = 204.001147, 204.022678      
# span 13 =    34.2739,    34.6850      
# span 14 = 0.0000e+00, 0.0000e+00      
# interval = decibars: 1                
# start_time = Jul 23 2006 00:01:28
# bad_flag = -9.990e-29
*END*
[from data line 675]
    677.000     0.7207   2.970776     0.7210   2.971087    5.24784    -0.0652    13.8155 0.0000e+00  -60.80000  -54.05567 1153613874 204.012454    34.6638 0.0000e+00
    678.000     0.7182   2.970583     0.7193   2.970958    5.24848    -0.0864    13.8155 0.0000e+00  -60.80000  -54.05567 1153613875 204.012464    34.6641 0.0000e+00
    679.000     0.7198   2.970754     0.7197   2.971039    5.24886    -0.0871    13.8155 0.0000e+00  -60.80000  -54.05567 1153613876 204.012476    34.6638 0.0000e+00
    680.000     0.7237   2.971143     0.7239   2.971445    5.24975    -0.0816    13.8155 0.0000e+00  -60.80000  -54.05567 1153613878 204.012493    34.6637 0.0000e+00
    681.000     0.7224   2.971020     0.7225   2.971317    5.24955    -0.0737    13.8155 0.0000e+00  -60.80000  -54.05567 1153613879 204.012513    34.6629 0.0000e+00
    682.000     0.7210   2.970946     0.7212   2.971252    5.24932    -0.1001    13.8155 0.0000e+00  -60.80000  -54.05567 1153613881 204.012529    34.6630 0.0000e+00
    683.000     0.7204   2.970949     0.7207   2.971271    5.25132    -0.0830    13.8155 0.0000e+00  -60.80000  -54.05567 1153613882 204.012543    34.6631 0.0000e+00
    684.000     0.7205   2.971008     0.7202   2.971262    5.25304    -0.0789    13.8155 0.0000e+00  -60.80000  -54.05567 1153613884 204.012562    34.6631 0.0000e+00
    685.000     0.7226   2.971232     0.7208   2.971378    5.25440    -0.0865    13.8155 0.0000e+00  -60.80000  -54.05567 1153613885 204.012581    34.6631 0.0000e+00
    686.000     0.7219   2.971228     0.7224   2.971564    5.25772    -0.0742    13.8155 0.0000e+00  -60.80000  -54.05567 1153613886 204.012594    34.6632 0.0000e+00
    687.000     0.7212   2.971162     0.7209   2.971456    5.25549    -0.0735    13.8155 0.0000e+00  -60.80000  -54.05567 1153613887 204.012605    34.6626 0.0000e+00
    688.000     0.7200   2.971132     0.7217   2.971565    5.25345    -0.0930    13.8155 0.0000e+00  -60.80000  -54.05567 1153613888 204.012615    34.6631 0.0000e+00
    689.000     0.7251   2.971634     0.7234   2.971781    5.25364    -0.0930    13.8155 0.0000e+00  -60.80000  -54.05567 1153613889 204.012626    34.6630 0.0000e+00
    690.000     0.7094   2.970187     0.7104   2.970613    5.25763    -0.0879    13.8155 0.0000e+00  -60.80000  -54.05567 1153613890 204.012639    34.6615 0.0000e+00
    691.000     0.7044   2.969789     0.7073   2.970324    5.26082    -0.0850    13.8155 0.0000e+00  -60.80000  -54.05567 1153613892 204.012658    34.6616 0.0000e+00
    692.000     0.7042   2.969801     0.7035   2.970043    5.26474    -0.0838    13.8155 0.0000e+00  -60.80000  -54.05567 1153613894 204.012679    34.6612 0.0000e+00
    693.000     0.6991   2.969375     0.6979   2.969550    5.27018    -0.0870    13.8155 0.0000e+00  -60.80000  -54.05567 1153613895 204.012697    34.6611 0.0000e+00
    694.000     0.6961   2.969112     0.6941   2.969253    5.27025    -0.0902    13.8155 0.0000e+00  -60.80000  -54.05567 1153613896 204.012710    34.6602 0.0000e+00
    695.000     0.7023   2.969813     0.7048   2.970291    5.26989    -0.0746    13.8155 0.0000e+00  -60.80000  -54.05567 1153613897 204.012722    34.6621 0.0000e+00
    696.000     0.7076   2.970276     0.7065   2.970506    5.27092    -0.0851    13.8155 0.0000e+00  -60.80000  -54.05567 1153613899 204.012736    34.6607 0.0000e+00
    697.000     0.6924   2.968899     0.6919   2.969159    5.27239    -0.0824    13.8155 0.0000e+00  -60.80000  -54.05567 1153613900 204.012752    34.6599 0.0000e+00
    698.000     0.6913   2.968858     0.6916   2.969184    5.27381    -0.0927    13.8155 0.0000e+00  -60.80000  -54.05567 1153613901 204.012767    34.6601 0.0000e+00
    699.000     0.6913   2.968908     0.6920   2.969259    5.27668    -0.0758    13.8155 0.0000e+00  -60.80000  -54.05567 1153613902 204.012780    34.6601 0.0000e+00
    700.000     0.6911   2.968941     0.6930   2.969411    5.27474    -0.0831    13.8155 0.0000e+00  -60.80000  -54.05567 1153613903 204.012792    34.6603 0.0000e+00
    701.000     0.6924   2.969087     0.6951   2.969629    5.27329    -0.0914    13.8155 0.0000e+00  -60.80000  -54.05567 1153613905 204.012805    34.6598 0.0000e+00
    702.000     0.6973   2.969600     0.6980   2.969931    5.27280    -0.0797    13.8155 0.0000e+00  -60.80000  -54.05567 1153613906 204.012822    34.6604 0.0000e+00
    703.000     0.6905   2.968998     0.6924   2.969497    5.27360    -0.0853    13.8155 0.0000e+00  -60.80000  -54.05567 1153613908 204.012841    34.6596 0.0000e+00
    704.000     0.6824   2.968302     0.6805   2.968440    5.27764    -0.0816    13.8155 0.0000e+00  -60.80000  -54.05567 1153613909 204.012859    34.6592 0.0000e+00
    705.000     0.6691   2.967161     0.6660   2.967222    5.28282    -0.0871    13.8155 0.0000e+00  -60.80000  -54.05567 1153613911 204.012875    34.6589 0.0000e+00
    706.000     0.6641   2.966800     0.6641   2.967079    5.28721    -0.0897    13.8155 0.0000e+00  -60.80000  -54.05567 1153613912 204.012888    34.6596 0.0000e+00
    707.000     0.6698   2.967307     0.6686   2.967497    5.29094    -0.0835    13.8155 0.0000e+00  -60.80000  -54.05567 1153613913 204.012901    34.6588 0.0000e+00
    708.000     0.6737   2.967730     0.6726   2.967897    5.29087    -0.0794    13.8155 0.0000e+00  -60.80000  -54.05567 1153613914 204.012913    34.6592 0.0000e+00
    709.000     0.6676   2.967195     0.6677   2.967530    5.29256    -0.0880    13.8155 0.0000e+00  -60.80000  -54.05567 1153613915 204.012925    34.6585 0.0000e+00
    710.000     0.6618   2.966734     0.6613   2.966999    5.29327    -0.0801    13.8155 0.0000e+00  -60.80000  -54.05567 1153613916 204.012938    34.6586 0.0000e+00
    711.000     0.6408   2.964881     0.6392   2.965161    5.29786    -0.0791    13.8155 0.0000e+00  -60.80000  -54.05567 1153613917 204.012953    34.6577 0.0000e+00
    712.000     0.6392   2.964827     0.6363   2.964887    5.30005    -0.0854    13.8155 0.0000e+00  -60.80000  -54.05567 1153613919 204.012969    34.6582 0.0000e+00
    713.000     0.6365   2.964637     0.6357   2.964827    5.30346    -0.0871    13.8155 0.0000e+00  -60.80000  -54.05567 1153613920 204.012987    34.6583 0.0000e+00
    714.000     0.6164   2.962842     0.6142   2.963066    5.30844    -0.0837    13.8155 0.0000e+00  -60.80000  -54.05567 1153613922 204.013008    34.6569 0.0000e+00
    715.000     0.6035   2.961814     0.6062   2.962391    5.31141    -0.0923    13.8155 0.0000e+00  -60.80000  -54.05567 1153613924 204.013026    34.6578 0.0000e+00
    716.000     0.5971   2.961283     0.5973   2.961643    5.31348    -0.0835    13.8155 0.0000e+00  -60.80000  -54.05567 1153613925 204.013039    34.6574 0.0000e+00
    717.000     0.5928   2.960967     0.5933   2.961357    5.31364    -0.0833    13.8155 0.0000e+00  -60.80000  -54.05567 1153613926 204.013049    34.6575 0.0000e+00
    718.000     0.5971   2.961424     0.5983   2.961820    5.31407    -0.0831    13.8155 0.0000e+00  -60.80000  -54.05567 1153613927 204.013059    34.6579 0.0000e+00
    719.000     0.5979   2.961517     0.5975   2.961805    5.31429    -0.0880    13.8155 0.0000e+00  -60.80000  -54.05567 1153613927 204.013070    34.6573 0.0000e+00
    720.000     0.6014   2.961879     0.6031   2.962272    5.31255    -0.0786    13.8155 0.0000e+00  -60.80000  -54.05567 1153613929 204.013085    34.6574 0.0000e+00
    721.000     0.6062   2.962340     0.6075   2.962773    5.31292    -0.0813    13.8155 0.0000e+00  -60.80000  -54.05567 1153613930 204.013104    34.6572 0.0000e+00
    722.000     0.6070   2.962460     0.6073   2.962797    5.31279    -0.0884    13.8155 0.0000e+00  -60.80000  -54.05567 1153613932 204.013121    34.6571 0.0000e+00
    723.000     0.6066   2.962467     0.6071   2.962812    5.31362    -0.0837    13.8155 0.0000e+00  -60.80000  -54.05567 1153613933 204.013137    34.6570 0.0000e+00
    724.000     0.6051   2.962377     0.6052   2.962707    5.31470    -0.0963    13.8155 0.0000e+00  -60.80000  -54.05567 1153613935 204.013153    34.6570 0.0000e+00
    725.000     0.6046   2.962386     0.6044   2.962671    5.31544    -0.0761    13.8155 0.0000e+00  -60.80000  -54.05567 1153613936 204.013168    34.6571 0.0000e+00
    726.000     0.6012   2.962127     0.6019   2.962500    5.31625    -0.0801    13.8155 0.0000e+00  -60.80000  -54.05567 1153613937 204.013182    34.6570 0.0000e+00
    727.000     0.6006   2.962119     0.6006   2.962433    5.31697    -0.1010    13.8155 0.0000e+00  -60.80000  -54.05567 1153613938 204.013195    34.6570 0.0000e+00
    728.000     0.5986   2.961993     0.5979   2.962251    5.31774    -0.0868    13.8155 0.0000e+00  -60.80000  -54.05567 1153613939 204.013209    34.6570 0.0000e+00
    729.000     0.5987   2.962041     0.5988   2.962357    5.31676    -0.0909    13.8155 0.0000e+00  -60.80000  -54.05567 1153613941 204.013224    34.6568 0.0000e+00
    730.000     0.5974   2.961984     0.5979   2.962316    5.31547    -0.0873    13.8155 0.0000e+00  -60.80000  -54.05567 1153613942 204.013239    34.6570 0.0000e+00
    731.000     0.5975   2.962023     0.5979   2.962363    5.31446    -0.0956    13.8155 0.0000e+00  -60.80000  -54.05567 1153613943 204.013252    34.6568 0.0000e+00
    732.000     0.5975   2.962093     0.5977   2.962393    5.31522    -0.0804    13.8155 0.0000e+00  -60.80000  -54.05567 1153613944 204.013267    34.6571 0.0000e+00
    733.000     0.6020   2.962537     0.6015   2.962774    5.31674    -0.0942    13.8155 0.0000e+00  -60.80000  -54.05567 1153613946 204.013282    34.6571 0.0000e+00
    734.000     0.6002   2.962415     0.6000   2.962688    5.31843    -0.0822    13.8155 0.0000e+00  -60.80000  -54.05567 1153613947 204.013300    34.6570 0.0000e+00
    735.000     0.5985   2.962283     0.5998   2.962723    5.31858    -0.0763    13.8155 0.0000e+00  -60.80000  -54.05567 1153613949 204.013317    34.6567 0.0000e+00
    736.000     0.5968   2.962184     0.5973   2.962532    5.31989    -0.0874    13.8155 0.0000e+00  -60.80000  -54.05567 1153613950 204.013333    34.6567 0.0000e+00
    737.000     0.5968   2.962230     0.5968   2.962525    5.32357    -0.0845    13.8155 0.0000e+00  -60.80000  -54.05567 1153613951 204.013348    34.6567 0.0000e+00
    738.000     0.5947   2.962072     0.5947   2.962365    5.32582    -0.0867    13.8155 0.0000e+00  -60.80000  -54.05567 1153613952 204.013360    34.6565 0.0000e+00
    739.000     0.5964   2.962288     0.5965   2.962590    5.32755    -0.0806    13.8155 0.0000e+00  -60.80000  -54.05567 1153613953 204.013372    34.6568 0.0000e+00
    740.000     0.5955   2.962201     0.5966   2.962621    5.32810    -0.0849    13.8155 0.0000e+00  -60.80000  -54.05567 1153613954 204.013384    34.6560 0.0000e+00
    741.000     0.5869   2.961484     0.5870   2.961785    5.33077    -0.0759    13.8155 0.0000e+00  -60.80000  -54.05567 1153613956 204.013396    34.6560 0.0000e+00
    742.000     0.5781   2.960733     0.5769   2.960958    5.33156    -0.0894    13.8155 0.0000e+00  -60.80000  -54.05567 1153613957 204.013412    34.6559 0.0000e+00
    743.000     0.5684   2.959924     0.5683   2.960226    5.33244    -0.0886    13.8155 0.0000e+00  -60.80000  -54.05567 1153613959 204.013431    34.6556 0.0000e+00
    744.000     0.5689   2.960004     0.5684   2.960269    5.33337    -0.0758    13.8155 0.0000e+00  -60.80000  -54.05567 1153613960 204.013449    34.6555 0.0000e+00
    745.000     0.5691   2.960069     0.5693   2.960392    5.33437    -0.0876    13.8155 0.0000e+00  -60.80000  -54.05567 1153613962 204.013466    34.6554 0.0000e+00
    746.000     0.5690   2.960118     0.5691   2.960433    5.33630    -0.0894    13.8155 0.0000e+00  -60.80000  -54.05567 1153613963 204.013482    34.6554 0.0000e+00
    747.000     0.5692   2.960191     0.5692   2.960495    5.33840    -0.0864    13.8155 0.0000e+00  -60.80000  -54.05567 1153613964 204.013495    34.6555 0.0000e+00
    748.000     0.5704   2.960330     0.5705   2.960644    5.33686    -0.0916    13.8155 0.0000e+00  -60.80000  -54.05567 1153613965 204.013506    34.6554 0.0000e+00
    749.000     0.5711   2.960435     0.5712   2.960751    5.33589    -0.0969    13.8155 0.0000e+00  -60.80000  -54.05567 1153613966 204.013516    34.6553 0.0000e+00
    750.000     0.5709   2.960457     0.5711   2.960778    5.33688    -0.0892    13.8155 0.0000e+00  -60.80000  -54.05567 1153613967 204.013527    34.6552 0.0000e+00
    751.000     0.5710   2.960508     0.5712   2.960830    5.33782    -0.0793    13.8155 0.0000e+00  -60.80000  -54.05567 1153613969 204.013554    34.6553 0.0000e+00
    752.000     0.5672   2.960232     0.5672   2.960536    5.33923    -0.0740    13.8155 0.0000e+00  -60.80000  -54.05567 1153613972 204.013581    34.6552 0.0000e+00
    753.000     0.5642   2.959995     0.5638   2.960285    5.33997    -0.0891    13.8155 0.0000e+00  -60.80000  -54.05567 1153613972 204.013592    34.6551 0.0000e+00
    754.000     0.5618   2.959835     0.5613   2.960092    5.33933    -0.0710    13.8155 0.0000e+00  -60.80000  -54.05567 1153613973 204.013602    34.6550 0.0000e+00
    755.000     0.5708   2.960689     0.5701   2.960925    5.33904    -0.0868    13.8155 0.0000e+00  -60.80000  -54.05567 1153613974 204.013612    34.6551 0.0000e+00
    756.000     0.5708   2.960719     0.5702   2.960965    5.33902    -0.0819    13.8155 0.0000e+00  -60.80000  -54.05567 1153613976 204.013627    34.6551 0.0000e+00
    757.000     0.5710   2.960805     0.5706   2.961053    5.34034    -0.0877    13.8155 0.0000e+00  -60.80000  -54.05567 1153613978 204.013654    34.6555 0.0000e+00
    758.000     0.5686   2.960603     0.5679   2.960847    5.34357    -0.0890    13.8155 0.0000e+00  -60.80000  -54.05567 1153613979 204.013671    34.6549 0.0000e+00
    759.000     0.5663   2.960456     0.5676   2.960886    5.34365    -0.0750    13.8155 0.0000e+00  -60.80000  -54.05567 1153613980 204.013682    34.6551 0.0000e+00
    760.000     0.5648   2.960348     0.5621   2.960432    5.34192    -0.0964    13.8155 0.0000e+00  -60.80000  -54.05567 1153613981 204.013693    34.6548 0.0000e+00
    761.000     0.5624   2.960196     0.5606   2.960258    5.34213    -0.0889    13.8155 0.0000e+00  -60.80000  -54.05567 1153613982 204.013706    34.6551 0.0000e+00
    762.000     0.5571   2.959742     0.5568   2.960017    5.34279    -0.0860    13.8155 0.0000e+00  -60.80000  -54.05567 1153613984 204.013726    34.6546 0.0000e+00
    763.000     0.5556   2.959666     0.5561   2.960017    5.34387    -0.0742    13.8155 0.0000e+00  -60.80000  -54.05567 1153613986 204.013749    34.6546 0.0000e+00
    764.000     0.5549   2.959670     0.5533   2.959838    5.34499    -0.0870    13.8155 0.0000e+00  -60.80000  -54.05567 1153613988 204.013768    34.6549 0.0000e+00
    765.000     0.5566   2.959855     0.5565   2.960157    5.34584    -0.0783    13.8155 0.0000e+00  -60.80000  -54.05567 1153613989 204.013784    34.6548 0.0000e+00
    766.000     0.5564   2.959892     0.5565   2.960201    5.34652    -0.0766    13.8155 0.0000e+00  -60.80000  -54.05567 1153613990 204.013798    34.6549 0.0000e+00
    767.000     0.5554   2.959848     0.5566   2.960244    5.34696    -0.0922    13.8155 0.0000e+00  -60.80000  -54.05567 1153613992 204.013814    34.6548 0.0000e+00
    768.000     0.5558   2.959936     0.5564   2.960287    5.34783    -0.0964    13.8155 0.0000e+00  -60.80000  -54.05567 1153613993 204.013828    34.6550 0.0000e+00
    769.000     0.5542   2.959837     0.5555   2.960211    5.34760    -0.0862    13.8155 0.0000e+00  -60.80000  -54.05567 1153613994 204.013841    34.6548 0.0000e+00
    770.000     0.5556   2.960020     0.5557   2.960318    5.34615    -0.0887    13.8155 0.0000e+00  -60.80000  -54.05567 1153613995 204.013854    34.6550 0.0000e+00
    771.000     0.5559   2.960070     0.5513   2.960016    5.34690    -0.0930    13.8155 0.0000e+00  -60.80000  -54.05567 1153613997 204.013873    34.6547 0.0000e+00
    772.000     0.5511   2.959720     0.5510   2.960046    5.34696    -0.0844    13.8155 0.0000e+00  -60.80000  -54.05567 1153613999 204.013894    34.6554 0.0000e+00
