product_data/regression_test/downloaded_data/MDGS/320620060703/ctd/p6617609.ros
* Sea-Bird SBE 9 Data File:
* FileName = D:\Data\Raw\p6617609.dat
* Software Version Seasave Win32 V 5.32
* Temperature SN = 1649
* Conductivity SN = 1431
* Number of Bytes Per Scan = 37
* Number of Voltage Words = 5
* Number of Scans Averaged by the Deck Unit = 1
* NMEA Latitude = 60 36.97 S
* NMEA Longitude = 054 43.19 W
* NMEA UTC (Time) = 12:39:49
** Ship:   Nathaniel B. Palmer 
** Cruise:    NBP0606 
# nquan = 17
# nvalues = 1176                    
# units = specified
# name 0 = prDM: Pressure, Digiquartz [db]
# name 1 = t090C: Temperature [ITS-90, deg C]
# name 2 = c0S/m: Conductivity [S/m]
# name 3 = t190C: Temperature, 2 [ITS-90, deg C]
# name 4 = c1S/m: Conductivity, 2 [S/m]
# name 5 = sbeox0ML/L: Oxygen, SBE 43 [ml/l]
# name 6 = flECO-AFL: Fluorescence, Wetlab ECO-AFL/FL [mg/m^3]
# name 7 = bat: Beam Attenuation, Chelsea/Seatech/Wetlab CStar [1/m]
# name 8 = spar: SPAR/Surface Irradiance
# name 9 = latitude: Latitude [deg]
# name 10 = longitude: Longitude [deg]
# name 11 = timeY: Time, System [seconds]
# name 12 = timeJ: Julian Days
# name 13 = sal00: Salinity [PSU]
# name 14 = scan: scan number
# name 15 = nbf: number of bottles fired
# name 16 = flag:  0.000e+00
# interval = seconds: 0.0416667                   
# start_time = Jul 21 2006 12:39:57
*END*
[from data line 256]
    301.141     1.2330   2.991047     1.2157   2.989278    5.00533    -0.0857    13.8155 1.5585e+01  -60.61617  -54.71983 1153486157 202.534247    34.5735      13488          6  0.000e+00
    301.112     1.2340   2.991078     1.2160   2.989492    5.00980    -0.0426    13.8155 1.5585e+01  -60.61617  -54.71983 1153486157 202.534248    34.5728      13489          6  0.000e+00
    301.179     1.2349   2.991023     1.2146   2.989492    5.00517    -0.0642    13.8155 1.5585e+01  -60.61617  -54.71983 1153486157 202.534248    34.5710      13490          6  0.000e+00
    301.208     1.2343   2.990921     1.2135   2.989296    5.00530    -0.0857    13.8155 1.5585e+01  -60.61617  -54.71983 1153486157 202.534249    34.5704      13491          6  0.000e+00
    301.179     1.2336   2.990744     1.2132   2.989171    5.01003    -0.0642    13.8155 1.5585e+01  -60.61617  -54.71983 1153486157 202.534249    34.5688      13492          6  0.000e+00
    301.179     1.2319   2.990717     1.2140   2.989147    5.01021    -0.0534    13.8155 1.5585e+01  -60.61617  -54.71983 1153486157 202.534250    34.5704      13493          6  0.000e+00
    301.256     1.2327   2.990737     1.2166   2.989224    5.00557    -0.0211    13.8155 1.5585e+01  -60.61617  -54.71983 1153486157 202.534250    34.5697      13494          6  0.000e+00
    301.285     1.2318   2.990748     1.2172   2.989379    5.01029    -0.0211    13.8155 1.5585e+01  -60.61617  -54.71983 1153486157 202.534251    34.5709      13495          6  0.000e+00
    301.256     1.2319   2.990727     1.2147   2.989367    5.00565    -0.1072    13.8155 1.5585e+01  -60.61617  -54.71983 1153486157 202.534251    34.5705      13496          6  0.000e+00
    301.256     1.2313   2.990707     1.2115   2.989302    5.01034    -0.1072    13.8155 1.5585e+01  -60.61617  -54.71983 1153486157 202.534252    34.5709      13497          6  0.000e+00
    301.285     1.2311   2.990625     1.2101   2.989194    5.00580    -0.0857    13.8155 1.5585e+01  -60.61617  -54.71983 1153486157 202.534252    34.5700      13498          6  0.000e+00
    301.256     1.2298   2.990604     1.2101   2.989028    5.00593    -0.0642    13.8155 1.5585e+01  -60.61617  -54.71983 1153486157 202.534253    34.5713      13499          6  0.000e+00
    301.323     1.2296   2.990601     1.2107   2.988944    5.00599    -0.1072    13.8155 1.5585e+01  -60.61617  -54.71983 1153486157 202.534253    34.5714      13500          6  0.000e+00
    301.323     1.2299   2.990642     1.2127   2.989004    5.00594    -0.0857    13.8155 1.5585e+01  -60.61617  -54.71983 1153486157 202.534253    34.5716      13501          6  0.000e+00
    301.352     1.2310   2.990720     1.2185   2.989159    5.01042    -0.0964    13.8155 1.5585e+01  -60.61617  -54.71983 1153486157 202.534254    34.5713      13502          6  0.000e+00
    301.323     1.2311   2.990785     1.2227   2.989236    5.00576    -0.1072    13.8155 1.3637e+01  -60.61617  -54.71983 1153486157 202.534254    34.5720      13503          6  0.000e+00
    301.323     1.2313   2.990758     1.2253   2.989290    5.00575    -0.0964    13.8155 1.3637e+01  -60.61617  -54.71983 1153486157 202.534255    34.5715      13504          6  0.000e+00
    301.352     1.2319   2.990802     1.2276   2.989373    5.01030    -0.0642    13.8155 1.5585e+01  -60.61617  -54.71983 1153486157 202.534255    34.5714      13505          6  0.000e+00
    301.390     1.2318   2.990802     1.2256   2.989433    5.00573    -0.0642    13.8155 1.5585e+01  -60.61617  -54.71983 1153486157 202.534256    34.5715      13506          6  0.000e+00
    301.323     1.2315   2.990758     1.2239   2.989635    5.00573    -0.0857    13.8155 1.5585e+01  -60.61617  -54.71983 1153486158 202.534256    34.5713      13507          6  0.000e+00
    301.390     1.2319   2.990731     1.2244   2.989868    5.01035    -0.0749    13.8155 1.5585e+01  -60.61617  -54.71983 1153486158 202.534257    34.5704      13508          6  0.000e+00
    301.352     1.2315   2.990703     1.2239   2.989999    5.00578    -0.0964    13.8155 1.5585e+01  -60.61617  -54.71983 1153486158 202.534257    34.5706      13509          6  0.000e+00
    301.323     1.2307   2.990666     1.2238   2.990053    5.00586    -0.0857    13.8155 1.5585e+01  -60.61617  -54.71983 1153486158 202.534258    34.5710      13510          6  0.000e+00
    301.390     1.2308   2.990686     1.2240   2.990064    5.00588    -0.0642    13.8155 1.5585e+01  -60.61617  -54.71983 1153486158 202.534258    34.5711      13511          6  0.000e+00
    301.352     1.2304   2.990628     1.2234   2.990041    5.00592    -0.0642    13.8155 1.5585e+01  -60.61617  -54.71983 1153486158 202.534259    34.5709      13512          6  0.000e+00
    301.390     1.2295   2.990584     1.2233   2.990053    5.01066    -0.0426    13.8155 1.5585e+01  -60.61617  -54.71983 1153486158 202.534259    34.5712      13513          6  0.000e+00
    301.390     1.2291   2.990547     1.2236   2.990058    5.00611    -0.1072    13.8155 1.5585e+01  -60.61617  -54.71983 1153486158 202.534260    34.5712      13514          6  0.000e+00
    301.323     1.2291   2.990475     1.2238   2.990058    5.01070    -0.0964    13.8155 1.5585e+01  -60.61617  -54.71983 1153486158 202.534260    34.5703      13515          6  0.000e+00
    301.351     1.2293   2.990444     1.2221   2.990041    5.00611    -0.0642    13.8155 1.5585e+01  -60.61617  -54.71983 1153486158 202.534261    34.5697      13516          6  0.000e+00
    301.390     1.2283   2.990380     1.2206   2.990035    5.01087    -0.0426    13.8155 1.5585e+01  -60.61617  -54.71983 1153486158 202.534261    34.5699      13517          6  0.000e+00
    301.323     1.2277   2.990366     1.2199   2.990017    5.00629    -0.0319    13.8155 1.5585e+01  -60.61617  -54.71983 1153486158 202.534262    34.5705      13518          6  0.000e+00
    301.351     1.2272   2.990329     1.2191   2.989898    5.00637    -0.0749    13.8155 1.5585e+01  -60.61617  -54.71983 1153486158 202.534262    34.5705      13519          6  0.000e+00
    301.390     1.2257   2.990193     1.2182   2.989737    5.01122    -0.0642    13.8155 1.5585e+01  -60.61617  -54.71983 1153486158 202.534263    34.5704      13520          6  0.000e+00
    301.323     1.2243   2.990060     1.2179   2.989683    5.00677    -0.0534    13.8155 1.5585e+01  -60.61617  -54.71983 1153486158 202.534263    34.5703      13521          6  0.000e+00
    301.351     1.2232   2.989964     1.2174   2.989630    5.01155    -0.0426    13.8155 1.3637e+01  -60.61617  -54.71983 1153486158 202.534264    34.5703      13522          6  0.000e+00
    301.323     1.2224   2.989934     1.2169   2.989588    5.00702    -0.0534    13.8155 1.3637e+01  -60.61617  -54.71983 1153486158 202.534264    34.5708      13523          6  0.000e+00
    301.323     1.2213   2.989975     1.2157   2.989504    5.00711    -0.0749    13.8155 1.3637e+01  -60.61617  -54.71983 1153486158 202.534265    34.5725      13524          6  0.000e+00
    301.256     1.2218   2.990073     1.2144   2.989433    5.01158    -0.0749    13.8155 1.3637e+01  -60.61617  -54.71983 1153486158 202.534265    34.5733      13525          6  0.000e+00
    299.627     1.2260   2.990144     1.2292   2.990654    5.00077    -0.0964    13.8155 1.5585e+01  -60.61617  -54.71983 1153486166 202.534357    34.5705      13715          7  0.000e+00
    299.771     1.2263   2.990219     1.2276   2.990535    5.00081    -0.0319    13.8155 1.5585e+01  -60.61617  -54.71983 1153486166 202.534357    34.5710      13716          7  0.000e+00
    299.732     1.2266   2.990212     1.2264   2.990422    5.00536    -0.1072    13.8155 1.5585e+01  -60.61617  -54.71983 1153486166 202.534358    34.5706      13717          7  0.000e+00
    299.770     1.2267   2.990178     1.2248   2.990273    5.00539    -0.0857    13.8155 1.5585e+01  -60.61617  -54.71983 1153486166 202.534358    34.5701      13718          7  0.000e+00
    299.694     1.2260   2.990069     1.2238   2.990189    5.00546    -0.0642    13.8155 1.5585e+01  -60.61617  -54.71983 1153486166 202.534359    34.5695      13719          7  0.000e+00
    299.770     1.2249   2.990049     1.2234   2.990165    5.00563    -0.0749    13.8155 1.5585e+01  -60.61617  -54.71983 1153486166 202.534359    34.5704      13720          7  0.000e+00
    299.799     1.2241   2.989988     1.2236   2.990195    5.00115    -0.0642    13.8155 1.3637e+01  -60.61617  -54.71983 1153486166 202.534360    34.5705      13721          7  0.000e+00
    299.770     1.2241   2.989957     1.2234   2.990207    5.00575    -0.0534    13.8155 1.3637e+01  -60.61617  -54.71983 1153486166 202.534360    34.5701      13722          7  0.000e+00
    299.837     1.2244   2.989998     1.2230   2.990243    4.99653    -0.0426    13.8155 1.3637e+01  -60.61617  -54.71983 1153486167 202.534361    34.5703      13723          7  0.000e+00
    299.837     1.2246   2.990005     1.2273   2.990493    5.00112    -0.0534    13.8155 1.5585e+01  -60.61617  -54.71983 1153486167 202.534361    34.5701      13724          7  0.000e+00
    299.866     1.2250   2.990066     1.2290   2.990767    5.00567    -0.0749    13.8155 1.5585e+01  -60.61617  -54.71983 1153486167 202.534361    34.5704      13725          7  0.000e+00
    299.837     1.2257   2.990076     1.2314   2.990946    5.00559    -0.0857    13.8155 1.5585e+01  -60.61617  -54.71983 1153486167 202.534362    34.5699      13726          7  0.000e+00
    299.914     1.2258   2.990100     1.2317   2.991024    5.00561    -0.0534    13.8155 1.5585e+01  -60.61617  -54.71983 1153486167 202.534362    34.5700      13727          7  0.000e+00
    299.914     1.2266   2.990155     1.2315   2.991000    5.00551    -0.0857    13.8155 1.5585e+01  -60.61617  -54.71983 1153486167 202.534363    34.5698      13728          7  0.000e+00
    299.943     1.2266   2.990141     1.2298   2.990839    5.00554    -0.0642    13.8155 1.5585e+01  -60.61617  -54.71983 1153486167 202.534363    34.5696      13729          7  0.000e+00
    299.914     1.2262   2.990107     1.2289   2.990636    5.00557    -0.0642    13.8155 1.5585e+01  -60.61617  -54.71983 1153486167 202.534364    34.5696      13730          7  0.000e+00
    299.981     1.2254   2.990035     1.2292   2.990678    5.00574    -0.0319    13.8155 1.5585e+01  -60.61617  -54.71983 1153486167 202.534364    34.5696      13731          7  0.000e+00
    299.914     1.2246   2.990005     1.2306   2.990833    5.00578    -0.0426    13.8155 1.5585e+01  -60.61617  -54.71983 1153486167 202.534365    34.5701      13732          7  0.000e+00
    300.010     1.2250   2.990029     1.2323   2.990976    5.00579    -0.0642    13.8155 1.5585e+01  -60.61617  -54.71983 1153486167 202.534365    34.5698      13733          7  0.000e+00
    300.048     1.2250   2.990083     1.2333   2.991137    5.00579    -0.1395    13.8155 1.5585e+01  -60.61617  -54.71983 1153486167 202.534366    34.5705      13734          7  0.000e+00
    299.981     1.2255   2.990213     1.2332   2.991095    5.00564    -0.1180    13.8155 1.5585e+01  -60.61617  -54.71983 1153486167 202.534366    34.5717      13735          7  0.000e+00
    300.077     1.2263   2.990243     1.2329   2.991041    5.00562    -0.1072    13.8155 1.5585e+01  -60.61617  -54.71983 1153486167 202.534367    34.5712      13736          7  0.000e+00
    300.048     1.2272   2.990247     1.2328   2.991059    5.00090    -0.0857    13.8155 1.5585e+01  -60.61617  -54.71983 1153486167 202.534367    34.5703      13737          7  0.000e+00
    300.048     1.2272   2.990260     1.2331   2.991131    5.00089    -0.0642    13.8155 1.5585e+01  -60.61617  -54.71983 1153486167 202.534368    34.5704      13738          7  0.000e+00
    300.125     1.2266   2.990161     1.2328   2.991131    5.00105    -0.1072    13.8155 1.5585e+01  -60.61617  -54.71983 1153486167 202.534368    34.5698      13739          7  0.000e+00
    300.153     1.2252   2.990107     1.2329   2.991107    5.00584    -0.0534    13.8155 1.5585e+01  -60.61617  -54.71983 1153486167 202.534369    34.5706      13740          7  0.000e+00
    300.125     1.2247   2.990192     1.2331   2.991155    5.00583    -0.0534    13.8155 1.5585e+01  -60.61617  -54.71983 1153486167 202.534369    34.5722      13741          7  0.000e+00
    300.192     1.2274   2.990345     1.2340   2.991161    5.00554    -0.0319    13.8155 1.5585e+01  -60.61617  -54.71983 1153486167 202.534370    34.5712      13742          7  0.000e+00
    300.192     1.2308   2.990642     1.2343   2.991173    5.00507    -0.0642    13.8155 1.5585e+01  -60.61617  -54.71983 1153486167 202.534370    34.5713      13743          7  0.000e+00
    300.220     1.2333   2.991006     1.2328   2.991137    5.00467    -0.0642    13.8155 1.5585e+01  -60.61617  -54.71983 1153486167 202.534371    34.5731      13744          7  0.000e+00
    300.192     1.2357   2.991210     1.2331   2.991035    5.00432    -0.0642    13.8155 1.5585e+01  -60.61617  -54.71983 1153486167 202.534371    34.5731      13745          7  0.000e+00
    300.259     1.2370   2.991299     1.2328   2.991077    4.99959    -0.1287    13.8155 1.3637e+01  -60.61617  -54.71983 1153486167 202.534372    34.5728      13746          7  0.000e+00
    300.287     1.2374   2.991336     1.2347   2.991196    5.00416    -0.0964    13.8155 1.3637e+01  -60.61617  -54.71983 1153486168 202.534372    34.5728      13747          7  0.000e+00
    300.259     1.2382   2.991415     1.2351   2.991321    5.00402    -0.0749    13.8155 1.5585e+01  -60.61617  -54.71983 1153486168 202.534373    34.5729      13748          7  0.000e+00
    300.335     1.2388   2.991452     1.2341   2.991351    4.99939    -0.0857    13.8155 1.5585e+01  -60.61617  -54.71983 1153486168 202.534373    34.5727      13749          7  0.000e+00
    300.335     1.2382   2.991408     1.2345   2.991351    5.00408    -0.0534    13.8155 1.5585e+01  -60.61617  -54.71983 1153486168 202.534374    34.5728      13750          7  0.000e+00
    300.364     1.2388   2.991350     1.2356   2.991369    5.00867    -0.0642    13.8155 1.5585e+01  -60.61617  -54.71983 1153486168 202.534374    34.5713      13751          7  0.000e+00
    300.402     1.2384   2.991234     1.2357   2.991357    5.00419    -0.0857    13.8155 1.5585e+01  -60.61617  -54.71983 1153486168 202.534375    34.5704      13752          7  0.000e+00
    300.402     1.2376   2.991142     1.2348   2.991304    5.00431    -0.0749    13.8155 1.5585e+01  -60.61617  -54.71983 1153486168 202.534375    34.5700      13753          7  0.000e+00
    300.402     1.2363   2.991129     1.2347   2.991250    5.00444    -0.1072    13.8155 1.5585e+01  -60.61617  -54.71983 1153486168 202.534375    34.5713      13754          7  0.000e+00
    300.507     1.2362   2.991071     1.2347   2.991256    5.00916    -0.0642    13.8155 1.5585e+01  -60.61617  -54.71983 1153486168 202.534376    34.5706      13755          7  0.000e+00
    300.479     1.2351   2.991040     1.2341   2.991244    5.00466    -0.0319    13.8155 1.5585e+01  -60.61617  -54.71983 1153486168 202.534376    34.5715      13756          7  0.000e+00
    300.479     1.2355   2.991118     1.2340   2.991149    4.99997    -0.0426    13.8155 1.5585e+01  -60.61617  -54.71983 1153486168 202.534377    34.5719      13757          7  0.000e+00
    300.507     1.2368   2.991204     1.2322   2.991053    4.99983    -0.0534    13.8155 1.5585e+01  -60.61617  -54.71983 1153486168 202.534377    34.5716      13758          7  0.000e+00
    300.546     1.2366   2.991118     1.2315   2.990952    5.00451    -0.0642    13.8155 1.5585e+01  -60.61617  -54.71983 1153486168 202.534378    34.5707      13759          7  0.000e+00
    300.613     1.2352   2.990880     1.2314   2.990928    5.00941    -0.0426    13.8155 1.5585e+01  -60.61617  -54.71983 1153486168 202.534378    34.5691      13760          7  0.000e+00
