product_data/regression_test/downloaded_data/MDGS/320620060703/ctd/p6617401.ros
* Sea-Bird SBE 9 Data File:
* FileName = D:\Data\Raw\p6617401.dat
* Software Version Seasave Win32 V 5.32
* Temperature SN = 1649
* Conductivity SN = 1431
* Number of Bytes Per Scan = 37
* Number of Voltage Words = 5
* Number of Scans Averaged by the Deck Unit = 1
* NMEA Latitude = 60 36.99 S
* NMEA Longitude = 054 54.62 W
* NMEA UTC (Time) = 23:13:02
** Ship:   Nathaniel B. Palmer 
** Cruise:    NBP0606 
# nquan = 17
# nvalues = 1176                    
# units = specified
# name 0 = prDM: Pressure, Digiquartz [db]
# name 1 = t090C: Temperature [ITS-90, deg C]
# name 2 = c0S/m: Conductivity [S/m]
# name 3 = t190C: Temperature, 2 [ITS-90, deg C]
# name 4 = c1S/m: Conductivity, 2 [S/m]
# name 5 = sbeox0ML/L: Oxygen, SBE 43 [ml/l]
# name 6 = flECO-AFL: Fluorescence, Wetlab ECO-AFL/FL [mg/m^3]
# name 7 = bat: Beam Attenuation, Chelsea/Seatech/Wetlab CStar [1/m]
# name 8 = spar: SPAR/Surface Irradiance
# name 9 = latitude: Latitude [deg]
# name 10 = longitude: Longitude [deg]
# name 11 = timeY: Time, System [seconds]
# name 12 = timeJ: Julian Days
# name 13 = sal00: Salinity [PSU]
# name 14 = scan: scan number
# name 15 = nbf: number of bottles fired
# name 16 = flag:  0.000e+00
# interval = seconds: 0.0416667                   
# start_time = Jul 20 2006 23:13:11
*END*
[from data line 511]
    202.210     1.1245   2.973031     1.1171   2.972472    5.13348    -0.0534    13.8155 0.0000e+00  -60.61650  -54.91033 1153440215 202.002513    34.5200      72627         11  0.000e+00
    202.277     1.1242   2.972627     1.1177   2.972514    5.12918    -0.0857    13.8155 0.0000e+00  -60.61650  -54.91033 1153440215 202.002513    34.5151      72628         11  0.000e+00
    202.325     1.1191   2.971914     1.1177   2.972514    5.13005    -0.1072    13.8155 0.0000e+00  -60.61650  -54.91033 1153440215 202.002514    34.5115      72629         11  0.000e+00
    202.421     1.1140   2.971639     1.1196   2.972734    5.13534    -0.0964    13.8155 0.0000e+00  -60.61650  -54.91033 1153440215 202.002514    34.5136      72630         11  0.000e+00
    202.421     1.1132   2.971846     1.1230   2.973079    5.13533    -0.0749    13.8155 0.0000e+00  -60.61650  -54.91033 1153440215 202.002514    34.5172      72631         11  0.000e+00
    202.459     1.1134   2.971791     1.1253   2.973382    5.13536    -0.0319    13.8155 0.0000e+00  -60.61650  -54.91033 1153440215 202.002515    34.5162      72632         11  0.000e+00
    202.564     1.1126   2.971720     1.1267   2.973489    5.13555    -0.0319    13.8155 0.0000e+00  -60.61650  -54.91033 1153440215 202.002515    34.5161      72633         11  0.000e+00
    202.631     1.1121   2.971669     1.1275   2.973507    5.13567    -0.0749    13.8155 0.0000e+00  -60.61650  -54.91033 1153440215 202.002516    34.5160      72634         11  0.000e+00
    202.602     1.1118   2.971815     1.1239   2.973215    5.13562    -0.1180    13.8155 0.0000e+00  -60.61650  -54.91033 1153440215 202.002516    34.5182      72635         11  0.000e+00
    202.698     1.1124   2.971873     1.1194   2.972740    5.13560    -0.0857    13.8155 0.0000e+00  -60.61650  -54.91033 1153440215 202.002517    34.5182      72636         11  0.000e+00
    202.774     1.1129   2.971907     1.1152   2.972341    5.13559    -0.0857    13.8155 0.0000e+00  -60.61650  -54.91033 1153440215 202.002517    34.5181      72637         11  0.000e+00
    202.746     1.1126   2.971561     1.1132   2.972050    5.13575    -0.1180    13.8155 0.0000e+00  -60.61650  -54.91033 1153440215 202.002518    34.5139      72638         11  0.000e+00
    202.908     1.1083   2.971075     1.1102   2.971783    5.14109    -0.0964    13.8155 0.0000e+00  -60.61650  -54.91033 1153440216 202.002518    34.5123      72639         11  0.000e+00
    202.908     1.1050   2.970770     1.1026   2.971158    5.14157    -0.0534    13.8155 0.0000e+00  -60.61650  -54.91033 1153440216 202.002519    34.5121      72640         11  0.000e+00
    202.956     1.1025   2.970804     1.0914   2.970213    5.14185    -0.0426    13.8155 0.0000e+00  -60.61650  -54.91033 1153440216 202.002519    34.5152      72641         11  0.000e+00
    202.985     1.1027   2.970885     1.0858   2.969649    5.13726    -0.0749    13.8155 0.0000e+00  -60.61650  -54.91033 1153440216 202.002520    34.5161      72642         11  0.000e+00
    203.128     1.1027   2.970814     1.0849   2.969488    5.14195    -0.0964    13.8155 0.0000e+00  -60.61650  -54.91033 1153440216 202.002520    34.5151      72643         11  0.000e+00
    203.099     1.1014   2.970590     1.0830   2.969429    5.14216    -0.0964    13.8155 0.0000e+00  -60.61650  -54.91033 1153440216 202.002521    34.5136      72644         11  0.000e+00
    203.128     1.0994   2.970362     1.0807   2.969292    5.14250    -0.0749    13.8155 0.0000e+00  -60.61650  -54.91033 1153440216 202.002521    34.5129      72645         11  0.000e+00
    203.195     1.0978   2.970274     1.0793   2.969114    5.14275    -0.0857    13.8155 0.0000e+00  -60.61650  -54.91033 1153440216 202.002522    34.5135      72646         11  0.000e+00
    203.243     1.0967   2.969924     1.0773   2.968906    5.14305    -0.0534    13.8155 0.0000e+00  -60.61650  -54.91033 1153440216 202.002522    34.5102      72647         11  0.000e+00
    203.262     1.0914   2.969598     1.0754   2.968734    5.14377    -0.0319    13.8155 0.0000e+00  -60.61650  -54.91033 1153440216 202.002523    34.5119      72648         11  0.000e+00
    203.262     1.0920   2.969901     1.0751   2.968668    5.14357    -0.0749    13.8155 0.0000e+00  -60.61650  -54.91033 1153440216 202.002523    34.5151      72649         11  0.000e+00
    203.310     1.0958   2.969975     1.0813   2.969078    5.14318    -0.0964    13.8155 0.0000e+00  -60.61650  -54.91033 1153440216 202.002524    34.5118      72650         11  0.000e+00
    203.405     1.0941   2.969921     1.0924   2.969958    5.14345    -0.0749    13.8155 0.0000e+00  -60.61650  -54.91033 1153440216 202.002524    34.5130      72651         11  0.000e+00
    203.405     1.0922   2.969873     1.0980   2.970659    5.14367    -0.0749    13.8155 0.0000e+00  -60.61650  -54.91033 1153440216 202.002525    34.5144      72652         11  0.000e+00
    203.377     1.0916   2.969826     1.0959   2.970659    5.14373    -0.0749    13.8155 0.0000e+00  -60.61650  -54.91033 1153440216 202.002525    34.5146      72653         11  0.000e+00
    203.405     1.0906   2.969619     1.0958   2.970398    5.14394    -0.0534    13.8155 0.0000e+00  -60.61650  -54.91033 1153440216 202.002526    34.5129      72654         11  0.000e+00
     98.765    -0.0758   2.852085    -0.0747   2.852572    6.55428    -0.0104    13.8155 0.0000e+00  -60.61650  -54.91033 1153440354 202.004126    34.3400      75973         12  0.000e+00
     98.698    -0.0762   2.852072    -0.0745   2.852589    6.55428    -0.0104    13.8155 0.0000e+00  -60.61650  -54.91033 1153440354 202.004127    34.3403      75974         12  0.000e+00
     98.632    -0.0764   2.852019    -0.0742   2.852595    6.55428    -0.0426    13.8155 0.0000e+00  -60.61650  -54.91033 1153440355 202.004127    34.3398      75975         12  0.000e+00
     98.842    -0.0758   2.852052    -0.0742   2.852554    6.55437    -0.0319    13.8155 0.0000e+00  -60.61650  -54.91033 1153440355 202.004128    34.3395      75976         12  0.000e+00
     98.593    -0.0764   2.852049    -0.0744   2.852578    6.55886    -0.0642    13.8155 0.0000e+00  -60.61650  -54.91033 1153440355 202.004128    34.3402      75977         12  0.000e+00
     98.765    -0.0762   2.852102    -0.0744   2.852554    6.55896    -0.0534    13.8155 0.0000e+00  -60.61650  -54.91033 1153440355 202.004129    34.3406      75978         12  0.000e+00
     98.765    -0.0759   2.852132    -0.0737   2.852578    6.55891    -0.0534    13.8155 0.0000e+00  -60.61650  -54.91033 1153440355 202.004129    34.3408      75979         12  0.000e+00
     98.698    -0.0753   2.852102    -0.0745   2.852595    6.55878    -0.0749    13.8155 0.0000e+00  -60.61650  -54.91033 1153440355 202.004130    34.3396      75980         12  0.000e+00
     98.698    -0.0754   2.852092    -0.0738   2.852578    6.55881    -0.0319    13.8155 0.0000e+00  -60.61650  -54.91033 1153440355 202.004130    34.3397      75981         12  0.000e+00
     98.765    -0.0756   2.852072    -0.0742   2.852607    6.55890    -0.0319    13.8155 0.0000e+00  -60.61650  -54.91033 1153440355 202.004130    34.3395      75982         12  0.000e+00
     98.698    -0.0755   2.852069    -0.0739   2.852601    6.55883    -0.0857    13.8155 0.0000e+00  -60.61650  -54.91033 1153440355 202.004131    34.3394      75983         12  0.000e+00
     98.765    -0.0756   2.852072    -0.0742   2.852595    6.56353    -0.0534    13.8155 0.0000e+00  -60.61650  -54.91033 1153440355 202.004131    34.3395      75984         12  0.000e+00
     98.699    -0.0762   2.852052    -0.0744   2.852595    6.56357    -0.0749    13.8155 0.0000e+00  -60.61650  -54.91033 1153440355 202.004132    34.3400      75985         12  0.000e+00
     98.737    -0.0755   2.852045    -0.0741   2.852554    6.56351    -0.0319    13.8155 0.0000e+00  -60.61650  -54.91033 1153440355 202.004132    34.3391      75986         12  0.000e+00
     98.765    -0.0757   2.852062    -0.0740   2.852560    6.56356     0.0112    13.8155 0.0000e+00  -60.61650  -54.91033 1153440355 202.004133    34.3396      75987         12  0.000e+00
     98.765    -0.0759   2.852069    -0.0744   2.852572    6.56358    -0.0104    13.8155 0.0000e+00  -60.61650  -54.91033 1153440355 202.004133    34.3398      75988         12  0.000e+00
     98.699    -0.0755   2.852049    -0.0745   2.852531    6.56348    -0.0534    13.8155 0.0000e+00  -60.61650  -54.91033 1153440355 202.004134    34.3392      75989         12  0.000e+00
     98.765    -0.0762   2.852049    -0.0745   2.852554    6.56363    -0.0964    13.8155 0.0000e+00  -60.61650  -54.91033 1153440355 202.004134    34.3399      75990         12  0.000e+00
     98.765    -0.0762   2.852029    -0.0747   2.852548    6.56364    -0.0534    13.8155 0.0000e+00  -60.61650  -54.91033 1153440355 202.004135    34.3397      75991         12  0.000e+00
     98.765    -0.0766   2.852039    -0.0750   2.852525    6.56368    -0.0642    13.8155 0.0000e+00  -60.61650  -54.91033 1153440355 202.004135    34.3402      75992         12  0.000e+00
     98.765    -0.0762   2.852025    -0.0748   2.852537    6.56828    -0.0749    13.8155 0.0000e+00  -60.61650  -54.91033 1153440355 202.004136    34.3396      75993         12  0.000e+00
     98.737    -0.0764   2.852005    -0.0750   2.852525    6.56365    -0.0749    13.8155 0.0000e+00  -60.61650  -54.91033 1153440355 202.004136    34.3396      75994         12  0.000e+00
     98.765    -0.0759   2.852015    -0.0756   2.852519    6.56825    -0.0749    13.8155 0.0000e+00  -60.61650  -54.91033 1153440355 202.004137    34.3392      75995         12  0.000e+00
     98.765    -0.0765   2.851992    -0.0753   2.852496    6.56371    -0.0749    13.8155 0.0000e+00  -60.61650  -54.91033 1153440355 202.004137    34.3395      75996         12  0.000e+00
     98.766    -0.0768   2.851979    -0.0759   2.852490    6.57303    -0.0534    13.8155 0.0000e+00  -60.61650  -54.91033 1153440355 202.004138    34.3397      75997         12  0.000e+00
     98.766    -0.0764   2.852029    -0.0757   2.852466    6.57294    -0.0534    13.8155 0.0000e+00  -60.61650  -54.91033 1153440355 202.004138    34.3399      75998         12  0.000e+00
     98.842    -0.0764   2.852025    -0.0764   2.852501    6.57302    -0.0319    13.8155 0.0000e+00  -60.61650  -54.91033 1153440356 202.004139    34.3398      75999         12  0.000e+00
     98.766    -0.0765   2.852005    -0.0762   2.852455    6.57297    -0.0104    13.8155 0.0000e+00  -60.61650  -54.91033 1153440356 202.004139    34.3397      76000         12  0.000e+00
     98.766    -0.0762   2.852022    -0.0757   2.852472    6.57292    -0.0211    13.8155 0.0000e+00  -60.61650  -54.91033 1153440356 202.004140    34.3396      76001         12  0.000e+00
     98.766    -0.0764   2.852009    -0.0757   2.852490    6.57296    -0.0534    13.8155 0.0000e+00  -60.61650  -54.91033 1153440356 202.004140    34.3397      76002         12  0.000e+00
     98.804    -0.0761   2.852015    -0.0757   2.852507    6.57757    -0.0319    13.8155 0.0000e+00  -60.61650  -54.91033 1153440356 202.004141    34.3393      76003         12  0.000e+00
     98.766    -0.0767   2.852022    -0.0756   2.852519    6.57762     0.0004    13.8155 0.0000e+00  -60.61650  -54.91033 1153440356 202.004141    34.3401      76004         12  0.000e+00
     98.766    -0.0766   2.852022    -0.0757   2.852519    6.57760    -0.0426    13.8155 0.0000e+00  -60.61650  -54.91033 1153440356 202.004142    34.3400      76005         12  0.000e+00
     98.766    -0.0765   2.852022    -0.0754   2.852554    6.57759    -0.0534    13.8155 0.0000e+00  -60.61650  -54.91033 1153440356 202.004142    34.3399      76006         12  0.000e+00
     98.766    -0.0764   2.852029    -0.0754   2.852548    6.57757    -0.0534    13.8155 0.0000e+00  -60.61650  -54.91033 1153440356 202.004143    34.3399      76007         12  0.000e+00
     98.766    -0.0763   2.851972    -0.0751   2.852578    6.57759    -0.0319    13.8155 0.0000e+00  -60.61650  -54.91033 1153440356 202.004143    34.3390      76008         12  0.000e+00
     98.766    -0.0768   2.852005    -0.0751   2.852595    6.57765    -0.0534    13.8155 0.0000e+00  -60.61650  -54.91033 1153440356 202.004144    34.3401      76009         12  0.000e+00
     98.699    -0.0767   2.852005    -0.0750   2.852613    6.57757    -0.0534    13.8155 0.0000e+00  -60.61650  -54.91033 1153440356 202.004144    34.3399      76010         12  0.000e+00
     98.766    -0.0764   2.852015    -0.0742   2.852642    6.57758    -0.0319    13.8155 0.0000e+00  -60.61650  -54.91033 1153440356 202.004144    34.3397      76011         12  0.000e+00
     98.670    -0.0763   2.852022    -0.0740   2.852706    6.58211    -0.0104    13.8155 0.0000e+00  -60.61650  -54.91033 1153440356 202.004145    34.3397      76012         12  0.000e+00
     98.766    -0.0764   2.852029    -0.0744   2.852712    6.58221    -0.0426    13.8155 0.0000e+00  -60.61650  -54.91033 1153440356 202.004145    34.3399      76013         12  0.000e+00
     98.699    -0.0759   2.852009    -0.0733   2.852741    6.58209    -0.0749    13.8155 0.0000e+00  -60.61650  -54.91033 1153440356 202.004146    34.3391      76014         12  0.000e+00
     98.632    -0.0766   2.852015    -0.0720   2.852818    6.58675    -0.0534    13.8155 0.0000e+00  -60.61650  -54.91033 1153440356 202.004146    34.3400      76015         12  0.000e+00
     98.699    -0.0761   2.851989    -0.0720   2.852900    6.58676    -0.0104    13.8155 0.0000e+00  -60.61650  -54.91033 1153440356 202.004147    34.3390      76016         12  0.000e+00
     98.699    -0.0765   2.852009    -0.0726   2.852941    6.58218    -0.0534    13.8155 0.0000e+00  -60.61650  -54.91033 1153440356 202.004147    34.3398      76017         12  0.000e+00
     98.632    -0.0758   2.852039    -0.0728   2.852888    6.58664    -0.0319    13.8155 0.0000e+00  -60.61650  -54.91033 1153440356 202.004148    34.3394      76018         12  0.000e+00
     98.632    -0.0765   2.852065    -0.0723   2.852923    6.58672    -0.0104    13.8155 0.0000e+00  -60.61650  -54.91033 1153440356 202.004148    34.3406      76019         12  0.000e+00
     98.632    -0.0761   2.852085    -0.0719   2.852987    6.58665     0.0112    13.8155 0.0000e+00  -60.61650  -54.91033 1153440356 202.004149    34.3403      76020         12  0.000e+00
     98.670    -0.0758   2.852125    -0.0726   2.853023    6.58662     0.0112    13.8155 0.0000e+00  -60.61650  -54.91033 1153440356 202.004149    34.3406      76021         12  0.000e+00
     99.542    -0.0723   2.852319    -0.0711   2.852742    6.61929    -0.0534    13.8155 0.0000e+00  -60.61650  -54.91033 1153440364 202.004236    34.3387      76200         13  0.000e+00
     99.475    -0.0723   2.852302    -0.0716   2.852789    6.61924    -0.0211    13.8155 0.0000e+00  -60.61650  -54.91033 1153440364 202.004236    34.3385      76201         13  0.000e+00
     99.303    -0.0721   2.852312    -0.0713   2.852771    6.61905    -0.0104    13.8155 0.0000e+00  -60.61650  -54.91033 1153440364 202.004237    34.3385      76202         13  0.000e+00
     99.542    -0.0723   2.852319    -0.0716   2.852759    6.61929    -0.0104    13.8155 0.0000e+00  -60.61650  -54.91033 1153440364 202.004237    34.3387      76203         13  0.000e+00
     99.265    -0.0719   2.852336    -0.0711   2.852777    6.61897     0.0327    13.8155 0.0000e+00  -60.61650  -54.91033 1153440364 202.004238    34.3386      76204         13  0.000e+00
     99.408    -0.0719   2.852342    -0.0710   2.852765    6.61911    -0.0104    13.8155 0.0000e+00  -60.61650  -54.91033 1153440364 202.004238    34.3386      76205         13  0.000e+00
     99.332    -0.0723   2.852332    -0.0716   2.852777    6.62373    -0.0534    13.8155 0.0000e+00  -60.61650  -54.91033 1153440364 202.004239    34.3390      76206         13  0.000e+00
