product_data/regression_test/downloaded_data/MDGS/320620060703/ctd/p6611101.cnv
* Sea-Bird SBE 9 Data File:
* FileName = D:\Data\Raw\p6611101.dat
* Software Version Seasave Win32 V 5.32
* Temperature SN = 1649
* Conductivity SN = 1431
* Number of Bytes Per Scan = 37
* Number of Voltage Words = 5
* Number of Scans Averaged by the Deck Unit = 1
* NMEA Latitude = 61 24.96 S
* NMEA Longitude = 054 52.52 W
* NMEA UTC (Time) = 04:45:09
** Ship:   Nathaniel B. Palmer 
** Cruise:    NBP0606 
# nquan = 15
# nvalues = 891                         
# units = specified
# name 0 = prDM: Pressure, Digiquartz [db]
# name 1 = t090C: Temperature [ITS-90, deg C]
# name 2 = c0S/m: Conductivity [S/m]
# name 3 = t190C: Temperature, 2 [ITS-90, deg C]
# name 4 = c1S/m: Conductivity, 2 [S/m]
# name 5 = sbeox0ML/L: Oxygen, SBE 43 [ml/l]
# name 6 = flECO-AFL: Fluorescence, Wetlab ECO-AFL/FL [mg/m^3]
# name 7 = bat: Beam Attenuation, Chelsea/Seatech/Wetlab CStar [1/m]
# name 8 = spar: SPAR/Surface Irradiance
# name 9 = latitude: Latitude [deg]
# name 10 = longitude: Longitude [deg]
# name 11 = timeY: Time, System [seconds]
# name 12 = timeJ: Julian Days
# name 13 = sal00: Salinity [PSU]
# name 14 = flag: flag
# span 0 =     13.000,    903.000       
# span 1 =    -0.9196,    -0.1942       
# span 2 =   2.768866,   2.860668       
# span 3 =    -0.9210,    -0.1930       
# span 4 =   2.769749,   2.861170       
# span 5 =    6.30700,    7.50181       
# span 6 =    -0.1157,     0.1370       
# span 7 =    13.8155,    13.8155       
# span 8 = 0.0000e+00, 0.0000e+00       
# span 9 =  -61.41600,  -61.41600       
# span 10 =  -54.87533,  -54.87533      
# span 11 = 1152852335, 1152853668      
# span 12 = 195.198337, 195.213768      
# span 13 =    34.2271,    34.5273      
# span 14 = 0.0000e+00, 0.0000e+00      
# interval = decibars: 1                
# start_time = Jul 14 2006 04:45:16
# bad_flag = -9.990e-29
*END*
[from data line 772]
    785.000    -0.5517   2.856136    -0.5516   2.856593    6.42460    -0.0808    13.8155 0.0000e+00  -61.41600  -54.87533 1152853495 195.211773    34.5199 0.0000e+00
    786.000    -0.5520   2.856164    -0.5517   2.856608    6.42401    -0.0796    13.8155 0.0000e+00  -61.41600  -54.87533 1152853496 195.211782    34.5200 0.0000e+00
    787.000    -0.5516   2.856231    -0.5513   2.856671    6.42508    -0.0943    13.8155 0.0000e+00  -61.41600  -54.87533 1152853497 195.211791    34.5198 0.0000e+00
    788.000    -0.5515   2.856285    -0.5513   2.856721    6.42512    -0.1157    13.8155 0.0000e+00  -61.41600  -54.87533 1152853499 195.211811    34.5199 0.0000e+00
    789.000    -0.5508   2.856416    -0.5502   2.856855    6.42761    -0.1110    13.8155 0.0000e+00  -61.41600  -54.87533 1152853503 195.211859    34.5202 0.0000e+00
    790.000    -0.5477   2.856678    -0.5471   2.857131    6.42736    -0.0949    13.8155 0.0000e+00  -61.41600  -54.87533 1152853504 195.211867    34.5196 0.0000e+00
    791.000    -0.5472   2.856744    -0.5470   2.857196    6.42779    -0.0851    13.8155 0.0000e+00  -61.41600  -54.87533 1152853504 195.211874    34.5193 0.0000e+00
    792.000    -0.5458   2.856901    -0.5461   2.857313    6.42549    -0.0944    13.8155 0.0000e+00  -61.41600  -54.87533 1152853505 195.211881    34.5192 0.0000e+00
    793.000    -0.5470   2.856841    -0.5468   2.857300    6.42419    -0.0928    13.8155 0.0000e+00  -61.41600  -54.87533 1152853506 195.211889    34.5191 0.0000e+00
    794.000    -0.5484   2.856791    -0.5484   2.857203    6.42474    -0.0883    13.8155 0.0000e+00  -61.41600  -54.87533 1152853507 195.211903    34.5196 0.0000e+00
    795.000    -0.5506   2.856657    -0.5503   2.857112    6.42549    -0.1090    13.8155 0.0000e+00  -61.41600  -54.87533 1152853509 195.211924    34.5197 0.0000e+00
    796.000    -0.5534   2.856497    -0.5532   2.856931    6.42569    -0.0884    13.8155 0.0000e+00  -61.41600  -54.87533 1152853510 195.211938    34.5202 0.0000e+00
    797.000    -0.5517   2.856667    -0.5510   2.857138    6.42632    -0.0946    13.8155 0.0000e+00  -61.41600  -54.87533 1152853511 195.211951    34.5200 0.0000e+00
    798.000    -0.5525   2.856647    -0.5521   2.857100    6.42608    -0.0910    13.8155 0.0000e+00  -61.41600  -54.87533 1152853513 195.211976    34.5200 0.0000e+00
    799.000    -0.5525   2.856712    -0.5521   2.857154    6.42509    -0.0809    13.8155 0.0000e+00  -61.41600  -54.87533 1152853515 195.212003    34.5203 0.0000e+00
    800.000    -0.5512   2.856857    -0.5510   2.857300    6.42516    -0.0992    13.8155 0.0000e+00  -61.41600  -54.87533 1152853516 195.212013    34.5201 0.0000e+00
    801.000    -0.5517   2.856862    -0.5516   2.857293    6.42536    -0.0987    13.8155 0.0000e+00  -61.41600  -54.87533 1152853517 195.212022    34.5202 0.0000e+00
    802.000    -0.5521   2.856873    -0.5521   2.857293    6.42600    -0.1015    13.8155 0.0000e+00  -61.41600  -54.87533 1152853518 195.212031    34.5202 0.0000e+00
    803.000    -0.5525   2.856876    -0.5521   2.857332    6.42496    -0.0939    13.8155 0.0000e+00  -61.41600  -54.87533 1152853519 195.212042    34.5201 0.0000e+00
    804.000    -0.5523   2.856957    -0.5521   2.857377    6.42429    -0.0964    13.8155 0.0000e+00  -61.41600  -54.87533 1152853522 195.212075    34.5204 0.0000e+00
    805.000    -0.5531   2.856923    -0.5529   2.857361    6.42484    -0.0850    13.8155 0.0000e+00  -61.41600  -54.87533 1152853523 195.212088    34.5202 0.0000e+00
    806.000    -0.5522   2.857033    -0.5517   2.857495    6.42516    -0.0918    13.8155 0.0000e+00  -61.41600  -54.87533 1152853523 195.212097    34.5200 0.0000e+00
    807.000    -0.5524   2.857053    -0.5522   2.857491    6.42548    -0.0866    13.8155 0.0000e+00  -61.41600  -54.87533 1152853524 195.212107    34.5200 0.0000e+00
    808.000    -0.5528   2.857067    -0.5525   2.857511    6.42606    -0.0958    13.8155 0.0000e+00  -61.41600  -54.87533 1152853525 195.212117    34.5201 0.0000e+00
    809.000    -0.5527   2.857125    -0.5520   2.857602    6.42726    -0.0973    13.8155 0.0000e+00  -61.41600  -54.87533 1152853527 195.212135    34.5201 0.0000e+00
    810.000    -0.5524   2.857190    -0.5523   2.857619    6.42887    -0.0892    13.8155 0.0000e+00  -61.41600  -54.87533 1152853529 195.212159    34.5201 0.0000e+00
    811.000    -0.5524   2.857241    -0.5519   2.857688    6.42900    -0.0899    13.8155 0.0000e+00  -61.41600  -54.87533 1152853530 195.212175    34.5201 0.0000e+00
    812.000    -0.5522   2.857296    -0.5520   2.857740    6.42912    -0.1024    13.8155 0.0000e+00  -61.41600  -54.87533 1152853531 195.212187    34.5200 0.0000e+00
    813.000    -0.5528   2.857296    -0.5524   2.857739    6.42904    -0.0900    13.8155 0.0000e+00  -61.41600  -54.87533 1152853532 195.212198    34.5202 0.0000e+00
    814.000    -0.5526   2.857352    -0.5523   2.857793    6.43274    -0.0893    13.8155 0.0000e+00  -61.41600  -54.87533 1152853534 195.212224    34.5202 0.0000e+00
    815.000    -0.5510   2.857535    -0.5508   2.857970    6.43387    -0.0903    13.8155 0.0000e+00  -61.41600  -54.87533 1152853536 195.212246    34.5202 0.0000e+00
    816.000    -0.5509   2.857587    -0.5508   2.858012    6.43107    -0.0973    13.8155 0.0000e+00  -61.41600  -54.87533 1152853537 195.212255    34.5202 0.0000e+00
    817.000    -0.5511   2.857615    -0.5508   2.858061    6.42937    -0.0947    13.8155 0.0000e+00  -61.41600  -54.87533 1152853538 195.212264    34.5202 0.0000e+00
    818.000    -0.5519   2.857589    -0.5518   2.858032    6.42917    -0.0910    13.8155 0.0000e+00  -61.41600  -54.87533 1152853539 195.212272    34.5202 0.0000e+00
    819.000    -0.5522   2.857600    -0.5521   2.858036    6.42855    -0.0954    13.8155 0.0000e+00  -61.41600  -54.87533 1152853539 195.212281    34.5201 0.0000e+00
    820.000    -0.5520   2.857665    -0.5518   2.858105    6.42883    -0.0981    13.8155 0.0000e+00  -61.41600  -54.87533 1152853541 195.212302    34.5202 0.0000e+00
    821.000    -0.5518   2.857713    -0.5522   2.858112    6.43303    -0.0928    13.8155 0.0000e+00  -61.41600  -54.87533 1152853544 195.212332    34.5199 0.0000e+00
    822.000    -0.5538   2.857627    -0.5534   2.858061    6.43319    -0.0999    13.8155 0.0000e+00  -61.41600  -54.87533 1152853545 195.212349    34.5205 0.0000e+00
    823.000    -0.5532   2.857724    -0.5532   2.858143    6.43102    -0.1103    13.8155 0.0000e+00  -61.41600  -54.87533 1152853546 195.212361    34.5205 0.0000e+00
    824.000    -0.5531   2.857775    -0.5532   2.858191    6.42958    -0.0814    13.8155 0.0000e+00  -61.41600  -54.87533 1152853547 195.212370    34.5205 0.0000e+00
    825.000    -0.5560   2.857570    -0.5582   2.857821    6.42941    -0.1043    13.8155 0.0000e+00  -61.41600  -54.87533 1152853548 195.212379    34.5204 0.0000e+00
    826.000    -0.5623   2.857145    -0.5627   2.857556    6.43091    -0.1005    13.8155 0.0000e+00  -61.41600  -54.87533 1152853549 195.212389    34.5215 0.0000e+00
    827.000    -0.5626   2.857162    -0.5628   2.857565    6.43012    -0.0984    13.8155 0.0000e+00  -61.41600  -54.87533 1152853550 195.212409    34.5216 0.0000e+00
    828.000    -0.5568   2.857662    -0.5568   2.858078    6.42978    -0.0871    13.8155 0.0000e+00  -61.41600  -54.87533 1152853553 195.212439    34.5208 0.0000e+00
    829.000    -0.5554   2.857816    -0.5552   2.858249    6.42781    -0.1047    13.8155 0.0000e+00  -61.41600  -54.87533 1152853554 195.212452    34.5206 0.0000e+00
    830.000    -0.5570   2.857735    -0.5566   2.858193    6.42754    -0.0989    13.8155 0.0000e+00  -61.41600  -54.87533 1152853555 195.212464    34.5208 0.0000e+00
    831.000    -0.5598   2.857566    -0.5619   2.857849    6.42803    -0.1053    13.8155 0.0000e+00  -61.41600  -54.87533 1152853556 195.212474    34.5209 0.0000e+00
    832.000    -0.5647   2.857241    -0.5645   2.857685    6.42850    -0.0923    13.8155 0.0000e+00  -61.41600  -54.87533 1152853557 195.212485    34.5220 0.0000e+00
    833.000    -0.5639   2.857338    -0.5637   2.857779    6.42906    -0.0911    13.8155 0.0000e+00  -61.41600  -54.87533 1152853558 195.212500    34.5217 0.0000e+00
    834.000    -0.5649   2.857305    -0.5649   2.857737    6.43080    -0.0830    13.8155 0.0000e+00  -61.41600  -54.87533 1152853560 195.212523    34.5219 0.0000e+00
    835.000    -0.5649   2.857365    -0.5647   2.857797    6.43308    -0.0983    13.8155 0.0000e+00  -61.41600  -54.87533 1152853562 195.212543    34.5220 0.0000e+00
    836.000    -0.5622   2.857621    -0.5629   2.857965    6.43254    -0.1066    13.8155 0.0000e+00  -61.41600  -54.87533 1152853563 195.212555    34.5218 0.0000e+00
    837.000    -0.5581   2.857941    -0.5576   2.858422    6.43005    -0.0879    13.8155 0.0000e+00  -61.41600  -54.87533 1152853564 195.212566    34.5207 0.0000e+00
    838.000    -0.5657   2.857605    -0.5638   2.858035    6.43063    -0.1037    13.8155 0.0000e+00  -61.41600  -54.87533 1152853565 195.212577    34.5215 0.0000e+00
    839.000    -0.5687   2.857281    -0.5687   2.857682    6.42896    -0.0879    13.8155 0.0000e+00  -61.41600  -54.87533 1152853566 195.212589    34.5229 0.0000e+00
    840.000    -0.5684   2.857335    -0.5677   2.857810    6.42667    -0.0936    13.8155 0.0000e+00  -61.41600  -54.87533 1152853568 195.212607    34.5227 0.0000e+00
    841.000    -0.5708   2.857213    -0.5706   2.857647    6.42741    -0.0928    13.8155 0.0000e+00  -61.41600  -54.87533 1152853569 195.212626    34.5232 0.0000e+00
    842.000    -0.5716   2.857187    -0.5712   2.857642    6.42986    -0.0902    13.8155 0.0000e+00  -61.41600  -54.87533 1152853571 195.212651    34.5231 0.0000e+00
    843.000    -0.5719   2.857229    -0.5710   2.857706    6.43284    -0.0939    13.8155 0.0000e+00  -61.41600  -54.87533 1152853573 195.212669    34.5235 0.0000e+00
    844.000    -0.5706   2.857343    -0.5699   2.857814    6.43290    -0.0826    13.8155 0.0000e+00  -61.41600  -54.87533 1152853574 195.212679    34.5228 0.0000e+00
    845.000    -0.5757   2.857027    -0.5758   2.857456    6.43368    -0.0930    13.8155 0.0000e+00  -61.41600  -54.87533 1152853575 195.212688    34.5240 0.0000e+00
    846.000    -0.5692   2.857539    -0.5699   2.857910    6.43298    -0.0878    13.8155 0.0000e+00  -61.41600  -54.87533 1152853575 195.212697    34.5228 0.0000e+00
    847.000    -0.5648   2.857907    -0.5636   2.858400    6.43087    -0.0972    13.8155 0.0000e+00  -61.41600  -54.87533 1152853576 195.212707    34.5219 0.0000e+00
    848.000    -0.5636   2.858028    -0.5638   2.858437    6.43241    -0.1054    13.8155 0.0000e+00  -61.41600  -54.87533 1152853578 195.212727    34.5216 0.0000e+00
    849.000    -0.5646   2.858008    -0.5649   2.858407    6.43469    -0.0930    13.8155 0.0000e+00  -61.41600  -54.87533 1152853580 195.212757    34.5219 0.0000e+00
    850.000    -0.5623   2.858212    -0.5622   2.858647    6.43634    -0.0898    13.8155 0.0000e+00  -61.41600  -54.87533 1152853582 195.212773    34.5213 0.0000e+00
    851.000    -0.5699   2.857690    -0.5685   2.858263    6.43816    -0.1065    13.8155 0.0000e+00  -61.41600  -54.87533 1152853583 195.212783    34.5225 0.0000e+00
    852.000    -0.5812   2.856963    -0.5796   2.857522    6.43769    -0.0817    13.8155 0.0000e+00  -61.41600  -54.87533 1152853584 195.212793    34.5255 0.0000e+00
    853.000    -0.5815   2.856985    -0.5815   2.857431    6.43620    -0.0929    13.8155 0.0000e+00  -61.41600  -54.87533 1152853584 195.212802    34.5254 0.0000e+00
    854.000    -0.5809   2.857078    -0.5808   2.857511    6.43706    -0.0940    13.8155 0.0000e+00  -61.41600  -54.87533 1152853586 195.212818    34.5254 0.0000e+00
    855.000    -0.5809   2.857127    -0.5805   2.857577    6.43442    -0.0762    13.8155 0.0000e+00  -61.41600  -54.87533 1152853588 195.212846    34.5253 0.0000e+00
    856.000    -0.5789   2.857299    -0.5751   2.857990    6.43475    -0.0882    13.8155 0.0000e+00  -61.41600  -54.87533 1152853589 195.212861    34.5247 0.0000e+00
    857.000    -0.5793   2.857341    -0.5755   2.858016    6.43709    -0.0973    13.8155 0.0000e+00  -61.41600  -54.87533 1152853590 195.212872    34.5250 0.0000e+00
    858.000    -0.5799   2.857326    -0.5778   2.857883    6.43673    -0.0909    13.8155 0.0000e+00  -61.41600  -54.87533 1152853591 195.212883    34.5251 0.0000e+00
    859.000    -0.5751   2.857685    -0.5752   2.858085    6.43407    -0.0989    13.8155 0.0000e+00  -61.41600  -54.87533 1152853592 195.212895    34.5237 0.0000e+00
    860.000    -0.5745   2.857765    -0.5741   2.858209    6.43584    -0.0962    13.8155 0.0000e+00  -61.41600  -54.87533 1152853594 195.212914    34.5234 0.0000e+00
    861.000    -0.5734   2.857897    -0.5718   2.858423    6.43534    -0.0998    13.8155 0.0000e+00  -61.41600  -54.87533 1152853595 195.212930    34.5233 0.0000e+00
    862.000    -0.5691   2.858267    -0.5683   2.858716    6.43440    -0.1025    13.8155 0.0000e+00  -61.41600  -54.87533 1152853597 195.212942    34.5227 0.0000e+00
    863.000    -0.5739   2.857951    -0.5718   2.858528    6.43516    -0.1068    13.8155 0.0000e+00  -61.41600  -54.87533 1152853598 195.212955    34.5234 0.0000e+00
    864.000    -0.5798   2.857618    -0.5795   2.858062    6.43846    -0.0965    13.8155 0.0000e+00  -61.41600  -54.87533 1152853600 195.212985    34.5253 0.0000e+00
    865.000    -0.5758   2.857854    -0.5773   2.858214    6.44034    -0.0943    13.8155 0.0000e+00  -61.41600  -54.87533 1152853603 195.213013    34.5241 0.0000e+00
    866.000    -0.5828   2.857484    -0.5828   2.857932    6.43888    -0.0910    13.8155 0.0000e+00  -61.41600  -54.87533 1152853603 195.213020    34.5259 0.0000e+00
    867.000    -0.5821   2.857582    -0.5820   2.858037    6.43628    -0.1058    13.8155 0.0000e+00  -61.41600  -54.87533 1152853604 195.213028    34.5258 0.0000e+00
    868.000    -0.5811   2.857671    -0.5812   2.858127    6.43588    -0.1017    13.8155 0.0000e+00  -61.41600  -54.87533 1152853604 195.213034    34.5252 0.0000e+00
    869.000    -0.5820   2.857647    -0.5827   2.858063    6.43605    -0.0964    13.8155 0.0000e+00  -61.41600  -54.87533 1152853605 195.213041    34.5252 0.0000e+00
    870.000    -0.5830   2.857615    -0.5835   2.858050    6.43651    -0.0958    13.8155 0.0000e+00  -61.41600  -54.87533 1152853606 195.213048    34.5254 0.0000e+00
    871.000    -0.5817   2.857766    -0.5819   2.858199    6.43906    -0.1052    13.8155 0.0000e+00  -61.41600  -54.87533 1152853609 195.213088    34.5253 0.0000e+00
    872.000    -0.5824   2.857772    -0.5825   2.858217    6.43849    -0.0861    13.8155 0.0000e+00  -61.41600  -54.87533 1152853611 195.213113    34.5256 0.0000e+00
    873.000    -0.5834   2.857741    -0.5834   2.858194    6.43877    -0.0915    13.8155 0.0000e+00  -61.41600  -54.87533 1152853612 195.213120    34.5257 0.0000e+00
    874.000    -0.5835   2.857784    -0.5835   2.858216    6.43827    -0.0838    13.8155 0.0000e+00  -61.41600  -54.87533 1152853613 195.213128    34.5259 0.0000e+00
    875.000    -0.5837   2.857828    -0.5836   2.858268    6.43808    -0.0952    13.8155 0.0000e+00  -61.41600  -54.87533 1152853613 195.213138    34.5260 0.0000e+00
    876.000    -0.5840   2.857849    -0.5839   2.858285    6.43500    -0.1041    13.8155 0.0000e+00  -61.41600  -54.87533 1152853615 195.213151    34.5261 0.0000e+00
    877.000    -0.5841   2.857882    -0.5838   2.858315    6.43169    -0.1098    13.8155 0.0000e+00  -61.41600  -54.87533 1152853616 195.213167    34.5260 0.0000e+00
    878.000    -0.5839   2.857931    -0.5838   2.858368    6.43129    -0.1024    13.8155 0.0000e+00  -61.41600  -54.87533 1152853617 195.213185    34.5259 0.0000e+00
    879.000    -0.5839   2.857982    -0.5837   2.858421    6.43078    -0.0963    13.8155 0.0000e+00  -61.41600  -54.87533 1152853619 195.213203    34.5259 0.0000e+00
