product_data/regression_test/downloaded_data/MDGS/320620060703/ctd/p6617601.ros
* Sea-Bird SBE 9 Data File:
* FileName = D:\Data\Raw\p6617601.dat
* Software Version Seasave Win32 V 5.32
* Temperature SN = 1649
* Conductivity SN = 1431
* Number of Bytes Per Scan = 37
* Number of Voltage Words = 5
* Number of Scans Averaged by the Deck Unit = 1
* NMEA Latitude = 60 36.97 S
* NMEA Longitude = 054 43.19 W
* NMEA UTC (Time) = 04:16:14
** Ship:   Nathaniel B. Palmer 
** Cruise:    NBP0606 
# nquan = 17
# nvalues = 1176                    
# units = specified
# name 0 = prDM: Pressure, Digiquartz [db]
# name 1 = t090C: Temperature [ITS-90, deg C]
# name 2 = c0S/m: Conductivity [S/m]
# name 3 = t190C: Temperature, 2 [ITS-90, deg C]
# name 4 = c1S/m: Conductivity, 2 [S/m]
# name 5 = sbeox0ML/L: Oxygen, SBE 43 [ml/l]
# name 6 = flECO-AFL: Fluorescence, Wetlab ECO-AFL/FL [mg/m^3]
# name 7 = bat: Beam Attenuation, Chelsea/Seatech/Wetlab CStar [1/m]
# name 8 = spar: SPAR/Surface Irradiance
# name 9 = latitude: Latitude [deg]
# name 10 = longitude: Longitude [deg]
# name 11 = timeY: Time, System [seconds]
# name 12 = timeJ: Julian Days
# name 13 = sal00: Salinity [PSU]
# name 14 = scan: scan number
# name 15 = nbf: number of bottles fired
# name 16 = flag:  0.000e+00
# interval = seconds: 0.0416667                   
# start_time = Jul 21 2006 04:16:22
*END*
[from data line 1107]
   3001.059    -0.0471   2.999383    -0.0467   2.999652    1.59892    -0.0534    13.8155 0.0000e+00  -60.61617  -54.71983 1153459687 202.227880    34.6574     103365         23  0.000e+00
   3001.069    -0.0469   2.999393    -0.0468   2.999640    1.59891    -0.0964    13.8155 0.0000e+00  -60.61617  -54.71983 1153459687 202.227880    34.6573     103366         23  0.000e+00
   3001.139    -0.0463   2.999372    -0.0467   2.999652    1.59890    -0.1287    13.8155 0.0000e+00  -60.61617  -54.71983 1153459687 202.227881    34.6564     103367         23  0.000e+00
   3001.069    -0.0471   2.999403    -0.0467   2.999658    1.59892    -0.0964    13.8155 0.0000e+00  -60.61617  -54.71983 1153459687 202.227881    34.6576     103368         23  0.000e+00
   3001.059    -0.0468   2.999379    -0.0466   2.999658    1.59891    -0.1287    13.8155 0.0000e+00  -60.61617  -54.71983 1153459687 202.227882    34.6570     103369         23  0.000e+00
   3001.059    -0.0469   2.999369    -0.0469   2.999640    1.59891    -0.1287    13.8155 0.0000e+00  -60.61617  -54.71983 1153459687 202.227882    34.6570     103370         23  0.000e+00
   3001.069    -0.0471   2.999369    -0.0465   2.999634    1.59893    -0.1180    13.8155 0.0000e+00  -60.61617  -54.71983 1153459687 202.227883    34.6572     103371         23  0.000e+00
   3001.059    -0.0469   2.999331    -0.0469   2.999652    1.59892    -0.0749    13.8155 0.0000e+00  -60.61617  -54.71983 1153459687 202.227883    34.6565     103372         23  0.000e+00
   3001.069    -0.0466   2.999410    -0.0469   2.999658    1.59890    -0.0964    13.8155 0.0000e+00  -60.61617  -54.71983 1153459687 202.227884    34.6572     103373         23  0.000e+00
   3001.139    -0.0468   2.999386    -0.0467   2.999658    1.59892    -0.0964    13.8155 0.0000e+00  -60.61617  -54.71983 1153459688 202.227884    34.6571     103374         23  0.000e+00
   3001.059    -0.0471   2.999362    -0.0472   2.999676    1.59893    -0.0749    13.8155 0.0000e+00  -60.61617  -54.71983 1153459688 202.227885    34.6571     103375         23  0.000e+00
   3001.069    -0.0465   2.999403    -0.0466   2.999646    1.59889    -0.0964    13.8155 0.0000e+00  -60.61617  -54.71983 1153459688 202.227885    34.6570     103376         23  0.000e+00
   3001.059    -0.0470   2.999396    -0.0468   2.999652    1.59891    -0.1287    13.8155 0.0000e+00  -60.61617  -54.71983 1153459688 202.227886    34.6574     103377         23  0.000e+00
   3001.139    -0.0471   2.999372    -0.0470   2.999640    1.59894    -0.2040    13.8155 0.0000e+00  -60.61617  -54.71983 1153459688 202.227886    34.6572     103378         23  0.000e+00
   3001.069    -0.0470   2.999331    -0.0468   2.999652    1.59892    -0.1502    13.8155 0.0000e+00  -60.61617  -54.71983 1153459688 202.227887    34.6566     103379         23  0.000e+00
   3001.059    -0.0468   2.999372    -0.0470   2.999658    1.59891    -0.1287    13.8155 0.0000e+00  -60.61617  -54.71983 1153459688 202.227887    34.6569     103380         23  0.000e+00
   3001.139    -0.0468   2.999372    -0.0470   2.999676    1.59892    -0.1502    13.8155 0.0000e+00  -60.61617  -54.71983 1153459688 202.227888    34.6569     103381         23  0.000e+00
   3001.059    -0.0466   2.999349    -0.0470   2.999646    1.59890    -0.1718    13.8155 0.0000e+00  -60.61617  -54.71983 1153459688 202.227888    34.6565     103382         23  0.000e+00
   3001.139    -0.0471   2.999362    -0.0469   2.999670    1.59894    -0.1825    13.8155 0.0000e+00  -60.61617  -54.71983 1153459688 202.227889    34.6571     103383         23  0.000e+00
   3001.139    -0.0473   2.999386    -0.0467   2.999664    1.59895    -0.1610    13.8155 0.0000e+00  -60.61617  -54.71983 1153459688 202.227889    34.6576     103384         23  0.000e+00
   3001.521    -0.0468   2.999355    -0.0469   2.999652    1.59901    -0.1287    13.8155 0.0000e+00  -60.61617  -54.71983 1153459694 202.227962    34.6565     103534         24  0.000e+00
   3001.600    -0.0469   2.999379    -0.0467   2.999652    1.59903    -0.1395    13.8155 0.0000e+00  -60.61617  -54.71983 1153459694 202.227962    34.6569     103535         24  0.000e+00
   3001.521    -0.0468   2.999393    -0.0472   2.999658    1.59901    -0.1180    13.8155 0.0000e+00  -60.61617  -54.71983 1153459694 202.227962    34.6570     103536         24  0.000e+00
   3001.521    -0.0471   2.999427    -0.0469   2.999658    1.59902    -0.1180    13.8155 0.0000e+00  -60.61617  -54.71983 1153459694 202.227963    34.6577     103537         24  0.000e+00
   3001.451    -0.0468   2.999400    -0.0469   2.999658    1.59899    -0.1395    13.8155 0.0000e+00  -60.61617  -54.71983 1153459694 202.227963    34.6571     103538         24  0.000e+00
   3001.441    -0.0465   2.999390    -0.0462   2.999640    1.59897    -0.0857    13.8155 0.0000e+00  -60.61617  -54.71983 1153459694 202.227964    34.6566     103539         24  0.000e+00
   3001.521    -0.0468   2.999393    -0.0467   2.999652    1.59901    -0.0964    13.8155 0.0000e+00  -60.61617  -54.71983 1153459694 202.227964    34.6570     103540         24  0.000e+00
   3001.372    -0.0462   2.999410    -0.0467   2.999676    1.59893    -0.1180    13.8155 0.0000e+00  -60.61617  -54.71983 1153459695 202.227965    34.6566     103541         24  0.000e+00
   3001.441    -0.0468   2.999417    -0.0464   2.999664    1.59898    -0.0964    13.8155 0.0000e+00  -60.61617  -54.71983 1153459695 202.227965    34.6573     103542         24  0.000e+00
   3001.372    -0.0463   2.999396    -0.0466   2.999676    1.59894    -0.1072    13.8155 0.0000e+00  -60.61617  -54.71983 1153459695 202.227966    34.6565     103543         24  0.000e+00
   3001.372    -0.0465   2.999410    -0.0465   2.999664    1.59895    -0.1072    13.8155 0.0000e+00  -60.61617  -54.71983 1153459695 202.227966    34.6569     103544         24  0.000e+00
   3001.372    -0.0466   2.999396    -0.0469   2.999658    1.59896    -0.0964    13.8155 0.0000e+00  -60.61617  -54.71983 1153459695 202.227967    34.6569     103545         24  0.000e+00
   3001.302    -0.0466   2.999393    -0.0464   2.999658    1.59895    -0.0642    13.8155 0.0000e+00  -60.61617  -54.71983 1153459695 202.227967    34.6569     103546         24  0.000e+00
   3001.292    -0.0460   2.999372    -0.0467   2.999640    1.59891    -0.0964    13.8155 0.0000e+00  -60.61617  -54.71983 1153459695 202.227968    34.6560     103547         24  0.000e+00
   3001.292    -0.0471   2.999403    -0.0469   2.999670    1.59897    -0.1180    13.8155 0.0000e+00  -60.61617  -54.71983 1153459695 202.227968    34.6575     103548         24  0.000e+00
   3001.223    -0.0468   2.999393    -0.0469   2.999646    1.59894    -0.1825    13.8155 0.0000e+00  -60.61617  -54.71983 1153459695 202.227969    34.6571     103549         24  0.000e+00
   3001.213    -0.0466   2.999372    -0.0467   2.999652    1.59893    -0.1610    13.8155 0.0000e+00  -60.61617  -54.71983 1153459695 202.227969    34.6567     103550         24  0.000e+00
   3001.223    -0.0465   2.999386    -0.0467   2.999676    1.59892    -0.1180    13.8155 0.0000e+00  -60.61617  -54.71983 1153459695 202.227970    34.6567     103551         24  0.000e+00
   3001.064    -0.0471   2.999393    -0.0467   2.999646    1.59892    -0.0964    13.8155 0.0000e+00  -60.61617  -54.71983 1153459695 202.227970    34.6575     103552         24  0.000e+00
   3001.292    -0.0466   2.999372    -0.0466   2.999670    1.59895    -0.1287    13.8155 0.0000e+00  -60.61617  -54.71983 1153459695 202.227971    34.6566     103553         24  0.000e+00
   3001.143    -0.0468   2.999369    -0.0466   2.999646    1.59893    -0.1180    13.8155 0.0000e+00  -60.61617  -54.71983 1153459695 202.227971    34.6568     103554         24  0.000e+00
   3001.143    -0.0468   2.999386    -0.0465   2.999670    1.59892    -0.0857    13.8155 0.0000e+00  -60.61617  -54.71983 1153459695 202.227972    34.6571     103555         24  0.000e+00
   3001.064    -0.0463   2.999393    -0.0467   2.999646    1.59888    -0.1180    13.8155 0.0000e+00  -60.61617  -54.71983 1153459695 202.227972    34.6566     103556         24  0.000e+00
   3001.074    -0.0468   2.999393    -0.0467   2.999634    1.59891    -0.1610    13.8155 0.0000e+00  -60.61617  -54.71983 1153459695 202.227973    34.6572     103557         24  0.000e+00
   3001.064    -0.0465   2.999393    -0.0464   2.999634    1.59889    -0.1610    13.8155 0.0000e+00  -60.61617  -54.71983 1153459695 202.227973    34.6568     103558         24  0.000e+00
   3001.074    -0.0468   2.999386    -0.0464   2.999634    1.59891    -0.0857    13.8155 0.0000e+00  -60.61617  -54.71983 1153459695 202.227974    34.6571     103559         24  0.000e+00
   3000.994    -0.0465   2.999372    -0.0465   2.999652    1.59887    -0.0964    13.8155 0.0000e+00  -60.61617  -54.71983 1153459695 202.227974    34.6566     103560         24  0.000e+00
   3000.994    -0.0462   2.999386    -0.0470   2.999640    1.59885    -0.1180    13.8155 0.0000e+00  -60.61617  -54.71983 1153459695 202.227975    34.6564     103561         24  0.000e+00
   3000.994    -0.0466   2.999393    -0.0464   2.999652    1.59888    -0.1072    13.8155 0.0000e+00  -60.61617  -54.71983 1153459695 202.227975    34.6570     103562         24  0.000e+00
   3000.995    -0.0466   2.999355    -0.0465   2.999658    1.59889    -0.0964    13.8155 0.0000e+00  -60.61617  -54.71983 1153459695 202.227976    34.6566     103563         24  0.000e+00
   3000.915    -0.0469   2.999362    -0.0466   2.999658    1.59888    -0.1072    13.8155 0.0000e+00  -60.61617  -54.71983 1153459695 202.227976    34.6570     103564         24  0.000e+00
   3000.925    -0.0466   2.999369    -0.0467   2.999658    1.59887    -0.1072    13.8155 0.0000e+00  -60.61617  -54.71983 1153459696 202.227976    34.6568     103565         24  0.000e+00
   3000.915    -0.0466   2.999386    -0.0465   2.999640    1.59886    -0.1395    13.8155 0.0000e+00  -60.61617  -54.71983 1153459696 202.227977    34.6570     103566         24  0.000e+00
   3000.925    -0.0468   2.999393    -0.0466   2.999634    1.59887    -0.1610    13.8155 0.0000e+00  -60.61617  -54.71983 1153459696 202.227977    34.6572     103567         24  0.000e+00
   3000.836    -0.0468   2.999372    -0.0465   2.999634    1.59886    -0.1287    13.8155 0.0000e+00  -60.61617  -54.71983 1153459696 202.227978    34.6570     103568         24  0.000e+00
   3000.915    -0.0463   2.999379    -0.0466   2.999652    1.59885    -0.1180    13.8155 0.0000e+00  -60.61617  -54.71983 1153459696 202.227978    34.6565     103569         24  0.000e+00
   3000.846    -0.0473   2.999372    -0.0469   2.999658    1.59889    -0.1502    13.8155 0.0000e+00  -60.61617  -54.71983 1153459696 202.227979    34.6575     103570         24  0.000e+00
   3000.836    -0.0465   2.999369    -0.0470   2.999640    1.59884    -0.1825    13.8155 0.0000e+00  -60.61617  -54.71983 1153459696 202.227979    34.6566     103571         24  0.000e+00
   3000.766    -0.0466   2.999348    -0.0469   2.999652    1.59884    -0.1610    13.8155 0.0000e+00  -60.61617  -54.71983 1153459696 202.227980    34.6566     103572         24  0.000e+00
   3000.846    -0.0468   2.999379    -0.0470   2.999658    1.59886    -0.0964    13.8155 0.0000e+00  -60.61617  -54.71983 1153459696 202.227980    34.6571     103573         24  0.000e+00
   3000.766    -0.0465   2.999372    -0.0467   2.999640    1.59882    -0.0749    13.8155 0.0000e+00  -60.61617  -54.71983 1153459696 202.227981    34.6567     103574         24  0.000e+00
   3000.766    -0.0466   2.999348    -0.0469   2.999634    1.59884    -0.1180    13.8155 0.0000e+00  -60.61617  -54.71983 1153459696 202.227981    34.6566     103575         24  0.000e+00
   3000.766    -0.0468   2.999379    -0.0469   2.999652    1.59884    -0.1180    13.8155 0.0000e+00  -60.61617  -54.71983 1153459696 202.227982    34.6571     103576         24  0.000e+00
   3000.766    -0.0469   2.999372    -0.0467   2.999616    1.59885    -0.1395    13.8155 0.0000e+00  -60.61617  -54.71983 1153459696 202.227982    34.6572     103577         24  0.000e+00
   3000.766    -0.0471   2.999369    -0.0470   2.999640    1.59886    -0.1395    13.8155 0.0000e+00  -60.61617  -54.71983 1153459696 202.227983    34.6574     103578         24  0.000e+00
   3000.766    -0.0469   2.999379    -0.0468   2.999640    1.59885    -0.1180    13.8155 0.0000e+00  -60.61617  -54.71983 1153459696 202.227983    34.6573     103579         24  0.000e+00
   3000.687    -0.0466   2.999372    -0.0466   2.999634    1.59882    -0.1180    13.8155 0.0000e+00  -60.61617  -54.71983 1153459696 202.227984    34.6569     103580         24  0.000e+00
   3000.766    -0.0465   2.999348    -0.0467   2.999634    1.59883    -0.1395    13.8155 0.0000e+00  -60.61617  -54.71983 1153459696 202.227984    34.6564     103581         24  0.000e+00
   3000.687    -0.0466   2.999379    -0.0468   2.999634    1.59882    -0.1180    13.8155 0.0000e+00  -60.61617  -54.71983 1153459696 202.227985    34.6570     103582         24  0.000e+00
