product_data/regression_test/downloaded_data/MDGS/320620060703/ctd/p6617401.ros
* Sea-Bird SBE 9 Data File:
* FileName = D:\Data\Raw\p6617401.dat
* Software Version Seasave Win32 V 5.32
* Temperature SN = 1649
* Conductivity SN = 1431
* Number of Bytes Per Scan = 37
* Number of Voltage Words = 5
* Number of Scans Averaged by the Deck Unit = 1
* NMEA Latitude = 60 36.99 S
* NMEA Longitude = 054 54.62 W
* NMEA UTC (Time) = 23:13:02
** Ship:   Nathaniel B. Palmer 
** Cruise:    NBP0606 
# nquan = 17
# nvalues = 1176                    
# units = specified
# name 0 = prDM: Pressure, Digiquartz [db]
# name 1 = t090C: Temperature [ITS-90, deg C]
# name 2 = c0S/m: Conductivity [S/m]
# name 3 = t190C: Temperature, 2 [ITS-90, deg C]
# name 4 = c1S/m: Conductivity, 2 [S/m]
# name 5 = sbeox0ML/L: Oxygen, SBE 43 [ml/l]
# name 6 = flECO-AFL: Fluorescence, Wetlab ECO-AFL/FL [mg/m^3]
# name 7 = bat: Beam Attenuation, Chelsea/Seatech/Wetlab CStar [1/m]
# name 8 = spar: SPAR/Surface Irradiance
# name 9 = latitude: Latitude [deg]
# name 10 = longitude: Longitude [deg]
# name 11 = timeY: Time, System [seconds]
# name 12 = timeJ: Julian Days
# name 13 = sal00: Salinity [PSU]
# name 14 = scan: scan number
# name 15 = nbf: number of bottles fired
# name 16 = flag:  0.000e+00
# interval = seconds: 0.0416667                   
# start_time = Jul 20 2006 23:13:11
*END*
[from data line 256]
    399.532     1.0338   2.980949     1.0354   2.982524    5.10401    -0.0964    13.8155 0.0000e+00  -60.61650  -54.91033 1153439782 201.997501    34.6072      62236          6  0.000e+00
    399.599     1.0348   2.980990     1.0355   2.982363    5.10863    -0.0857    13.8155 0.0000e+00  -60.61650  -54.91033 1153439782 201.997502    34.6066      62237          6  0.000e+00
    399.532     1.0351   2.980568     1.0316   2.982072    5.10873    -0.0319    13.8155 0.0000e+00  -60.61650  -54.91033 1153439782 201.997502    34.6009      62238          6  0.000e+00
    399.599     1.0281   2.979997     1.0281   2.981756    5.10507    -0.0749    13.8155 0.0000e+00  -60.61650  -54.91033 1153439782 201.997503    34.6012      62239          6  0.000e+00
    399.532     1.0234   2.979661     1.0261   2.981494    5.10567    -0.1180    13.8155 0.0000e+00  -60.61650  -54.91033 1153439782 201.997503    34.6022      62240          6  0.000e+00
    399.532     1.0208   2.979528     1.0252   2.981090    5.11068    -0.0964    13.8155 0.0000e+00  -60.61650  -54.91033 1153439782 201.997504    34.6033      62241          6  0.000e+00
    399.532     1.0215   2.979395     1.0274   2.980816    5.10598    -0.0857    13.8155 0.0000e+00  -60.61650  -54.91033 1153439782 201.997504    34.6008      62242          6  0.000e+00
    399.532     1.0219   2.978862     1.0273   2.980697    5.10617    -0.0642    13.8155 0.0000e+00  -60.61650  -54.91033 1153439782 201.997505    34.5935      62243          6  0.000e+00
    399.532     1.0138   2.978195     1.0250   2.980614    5.10732    -0.0534    13.8155 0.0000e+00  -60.61650  -54.91033 1153439782 201.997505    34.5940      62244          6  0.000e+00
    399.532     1.0021   2.977835     1.0197   2.980233    5.11339    -0.0534    13.8155 0.0000e+00  -60.61650  -54.91033 1153439782 201.997506    34.6023      62245          6  0.000e+00
    399.532     0.9965   2.977754     1.0122   2.979656    5.11402    -0.0749    13.8155 0.0000e+00  -60.61650  -54.91033 1153439782 201.997506    34.6075      62246          6  0.000e+00
    399.532     0.9952   2.977978     1.0084   2.979275    5.11405    -0.0642    13.8155 0.0000e+00  -60.61650  -54.91033 1153439782 201.997507    34.6118      62247          6  0.000e+00
    399.532     0.9993   2.978233     1.0045   2.979013    5.11351    -0.0426    13.8155 0.0000e+00  -60.61650  -54.91033 1153439782 201.997507    34.6105      62248          6  0.000e+00
    399.455     0.9987   2.978026     0.9997   2.978656    5.11361    -0.0642    13.8155 0.0000e+00  -60.61650  -54.91033 1153439783 201.997508    34.6086      62249          6  0.000e+00
    399.532     0.9957   2.977635     0.9949   2.978204    5.11415    -0.0642    13.8155 0.0000e+00  -60.61650  -54.91033 1153439783 201.997508    34.6068      62250          6  0.000e+00
    399.532     0.9947   2.977339     0.9950   2.977853    5.11439    -0.0749    13.8155 0.0000e+00  -60.61650  -54.91033 1153439783 201.997509    34.6041      62251          6  0.000e+00
    399.532     0.9940   2.977274     0.9995   2.977817    5.10980    -0.0534    13.8155 0.0000e+00  -60.61650  -54.91033 1153439783 201.997509    34.6041      62252          6  0.000e+00
    399.532     0.9938   2.977397     1.0034   2.978132    5.10976    -0.0749    13.8155 0.0000e+00  -60.61650  -54.91033 1153439783 201.997510    34.6059      62253          6  0.000e+00
    399.532     0.9944   2.977475     1.0043   2.978579    5.10966    -0.0749    13.8155 0.0000e+00  -60.61650  -54.91033 1153439783 201.997510    34.6061      62254          6  0.000e+00
    399.455     0.9949   2.977451     1.0104   2.979055    5.10957    -0.0749    13.8155 0.0000e+00  -60.61650  -54.91033 1153439783 201.997511    34.6054      62255          6  0.000e+00
    399.532     0.9954   2.977421     1.0197   2.979673    5.10958    -0.0534    13.8155 0.0000e+00  -60.61650  -54.91033 1153439783 201.997511    34.6044      62256          6  0.000e+00
    399.532     0.9944   2.977560     1.0281   2.980471    5.10962    -0.0211    13.8155 0.0000e+00  -60.61650  -54.91033 1153439783 201.997512    34.6073      62257          6  0.000e+00
    399.532     0.9955   2.977801     1.0391   2.981453    5.10940    -0.0534    13.8155 0.0000e+00  -60.61650  -54.91033 1153439783 201.997512    34.6091      62258          6  0.000e+00
    399.532     0.9972   2.977954     1.0450   2.982280    5.10915    -0.0964    13.8155 0.0000e+00  -60.61650  -54.91033 1153439783 201.997513    34.6092      62259          6  0.000e+00
    399.532     0.9976   2.977968     1.0475   2.982626    5.10911    -0.0749    13.8155 0.0000e+00  -60.61650  -54.91033 1153439783 201.997513    34.6090      62260          6  0.000e+00
    399.599     0.9971   2.977995     1.0479   2.982685    5.10920    -0.0749    13.8155 0.0000e+00  -60.61650  -54.91033 1153439783 201.997514    34.6099      62261          6  0.000e+00
    399.532     0.9962   2.978043     1.0481   2.982638    5.10923    -0.1180    13.8155 0.0000e+00  -60.61650  -54.91033 1153439783 201.997514    34.6115      62262          6  0.000e+00
    399.532     0.9963   2.977985     1.0492   2.982632    5.10924    -0.1180    13.8155 0.0000e+00  -60.61650  -54.91033 1153439783 201.997514    34.6107      62263          6  0.000e+00
    399.599     0.9973   2.978138     1.0496   2.982709    5.10912    -0.0749    13.8155 0.0000e+00  -60.61650  -54.91033 1153439783 201.997515    34.6115      62264          6  0.000e+00
    399.532     1.0035   2.978947     1.0513   2.982882    5.10806    -0.0426    13.8155 0.0000e+00  -60.61650  -54.91033 1153439783 201.997515    34.6150      62265          6  0.000e+00
    399.599     1.0132   2.980014     1.0583   2.983489    5.10662    -0.0534    13.8155 0.0000e+00  -60.61650  -54.91033 1153439783 201.997516    34.6180      62266          6  0.000e+00
    399.599     1.0251   2.981500     1.0701   2.984471    5.10941    -0.0749    13.8155 0.0000e+00  -60.61650  -54.91033 1153439783 201.997516    34.6239      62267          6  0.000e+00
    399.599     1.0410   2.982776     1.0770   2.985245    5.10718    -0.0749    13.8155 0.0000e+00  -60.61650  -54.91033 1153439783 201.997517    34.6227      62268          6  0.000e+00
    399.599     1.0520   2.983418     1.0801   2.985614    5.10576    -0.0749    13.8155 0.0000e+00  -60.61650  -54.91033 1153439783 201.997517    34.6188      62269          6  0.000e+00
    399.599     1.0593   2.983786     1.0821   2.985793    5.10483    -0.0964    13.8155 0.0000e+00  -60.61650  -54.91033 1153439783 201.997518    34.6154      62270          6  0.000e+00
    399.667     1.0621   2.984123     1.0826   2.985829    5.10443    -0.0964    13.8155 0.0000e+00  -60.61650  -54.91033 1153439783 201.997518    34.6165      62271          6  0.000e+00
    399.599     1.0671   2.984238     1.0813   2.985704    5.10381    -0.0964    13.8155 0.0000e+00  -60.61650  -54.91033 1153439783 201.997519    34.6125      62272          6  0.000e+00
    399.667     1.0678   2.984105     1.0787   2.985406    5.10385    -0.0534    13.8155 0.0000e+00  -60.61650  -54.91033 1153439784 201.997519    34.6101      62273          6  0.000e+00
    350.102     0.7144   2.947261     0.7150   2.947602    5.49316    -0.0749    13.8155 0.0000e+00  -60.61650  -54.91033 1153439882 201.998660    34.5556      64638          7  0.000e+00
    350.026     0.7146   2.947237     0.7157   2.947632    5.49310    -0.0534    13.8155 0.0000e+00  -60.61650  -54.91033 1153439882 201.998660    34.5552      64639          7  0.000e+00
    349.959     0.7142   2.947251     0.7152   2.947644    5.49308    -0.0534    13.8155 0.0000e+00  -60.61650  -54.91033 1153439882 201.998661    34.5557      64640          7  0.000e+00
    350.016     0.7147   2.947257     0.7149   2.947626    5.49776    -0.0534    13.8155 0.0000e+00  -60.61650  -54.91033 1153439882 201.998661    34.5552      64641          7  0.000e+00
    349.892     0.7142   2.947257     0.7150   2.947591    5.49302    -0.0534    13.8155 0.0000e+00  -60.61650  -54.91033 1153439882 201.998662    34.5558      64642          7  0.000e+00
    349.959     0.7146   2.947274     0.7147   2.947632    5.49773    -0.0749    13.8155 0.0000e+00  -60.61650  -54.91033 1153439882 201.998662    34.5557      64643          7  0.000e+00
    349.815     0.7152   2.947261     0.7147   2.947596    5.49286    -0.0964    13.8155 0.0000e+00  -60.61650  -54.91033 1153439882 201.998663    34.5549      64644          7  0.000e+00
    349.892     0.7147   2.947257     0.7147   2.947591    5.49297    -0.0964    13.8155 0.0000e+00  -60.61650  -54.91033 1153439882 201.998663    34.5553      64645          7  0.000e+00
    349.815     0.7147   2.947237     0.7149   2.947632    5.49762    -0.0534    13.8155 0.0000e+00  -60.61650  -54.91033 1153439882 201.998664    34.5551      64646          7  0.000e+00
    349.806     0.7144   2.947234     0.7147   2.947596    5.49765    -0.0104    13.8155 0.0000e+00  -60.61650  -54.91033 1153439882 201.998664    34.5554      64647          7  0.000e+00
    349.748     0.7147   2.947196     0.7152   2.947608    5.49289    -0.0749    13.8155 0.0000e+00  -60.61650  -54.91033 1153439883 201.998665    34.5546      64648          7  0.000e+00
    349.748     0.7139   2.947203     0.7143   2.947579    5.49297    -0.1180    13.8155 0.0000e+00  -60.61650  -54.91033 1153439883 201.998665    34.5556      64649          7  0.000e+00
    349.672     0.7141   2.947227     0.7141   2.947579    5.49289    -0.0964    13.8155 0.0000e+00  -60.61650  -54.91033 1153439883 201.998666    34.5557      64650          7  0.000e+00
    349.672     0.7144   2.947213     0.7147   2.947567    5.49286    -0.0964    13.8155 0.0000e+00  -60.61650  -54.91033 1153439883 201.998666    34.5552      64651          7  0.000e+00
    349.672     0.7139   2.947227     0.7147   2.947579    5.49760    -0.0534    13.8155 0.0000e+00  -60.61650  -54.91033 1153439883 201.998667    34.5559      64652          7  0.000e+00
    349.595     0.7144   2.947234     0.7144   2.947567    5.49279    -0.0857    13.8155 0.0000e+00  -60.61650  -54.91033 1153439883 201.998667    34.5555      64653          7  0.000e+00
    349.605     0.7142   2.947213     0.7141   2.947549    5.49752    -0.0749    13.8155 0.0000e+00  -60.61650  -54.91033 1153439883 201.998668    34.5554      64654          7  0.000e+00
    349.605     0.7138   2.947210     0.7144   2.947555    5.49288    -0.0642    13.8155 0.0000e+00  -60.61650  -54.91033 1153439883 201.998668    34.5559      64655          7  0.000e+00
    349.538     0.7141   2.947173     0.7143   2.947561    5.49281    -0.0534    13.8155 0.0000e+00  -60.61650  -54.91033 1153439883 201.998668    34.5551      64656          7  0.000e+00
    349.461     0.7141   2.947196     0.7138   2.947549    5.49274    -0.0534    13.8155 0.0000e+00  -60.61650  -54.91033 1153439883 201.998669    34.5555      64657          7  0.000e+00
    349.538     0.7147   2.947189     0.7136   2.947507    5.49273    -0.0642    13.8155 0.0000e+00  -60.61650  -54.91033 1153439883 201.998669    34.5546      64658          7  0.000e+00
    349.451     0.7141   2.947203     0.7138   2.947531    5.49273    -0.0534    13.8155 0.0000e+00  -60.61650  -54.91033 1153439883 201.998670    34.5556      64659          7  0.000e+00
    349.394     0.7142   2.947227     0.7139   2.947507    5.49266    -0.0319    13.8155 0.0000e+00  -60.61650  -54.91033 1153439883 201.998670    34.5557      64660          7  0.000e+00
    349.394     0.7146   2.947233     0.7141   2.947531    5.49262    -0.0534    13.8155 0.0000e+00  -60.61650  -54.91033 1153439883 201.998671    34.5555      64661          7  0.000e+00
    349.394     0.7146   2.947233     0.7141   2.947519    5.49262    -0.1072    13.8155 0.0000e+00  -60.61650  -54.91033 1153439883 201.998671    34.5555      64662          7  0.000e+00
    349.394     0.7142   2.947233     0.7144   2.947501    5.49735    -0.0964    13.8155 0.0000e+00  -60.61650  -54.91033 1153439883 201.998672    34.5558      64663          7  0.000e+00
    349.327     0.7144   2.947145     0.7141   2.947531    5.49732    -0.0749    13.8155 0.0000e+00  -60.61650  -54.91033 1153439883 201.998672    34.5545      64664          7  0.000e+00
    349.327     0.7139   2.947115     0.7143   2.947496    5.49739    -0.0534    13.8155 0.0000e+00  -60.61650  -54.91033 1153439883 201.998673    34.5547      64665          7  0.000e+00
    349.241     0.7133   2.947081     0.7136   2.947496    5.49271    -0.0749    13.8155 0.0000e+00  -60.61650  -54.91033 1153439883 201.998673    34.5550      64666          7  0.000e+00
    349.250     0.7136   2.947101     0.7132   2.947466    5.49268    -0.0749    13.8155 0.0000e+00  -60.61650  -54.91033 1153439883 201.998674    34.5549      64667          7  0.000e+00
    349.250     0.7136   2.947132     0.7130   2.947407    5.49736    -0.0642    13.8155 0.0000e+00  -60.61650  -54.91033 1153439883 201.998674    34.5553      64668          7  0.000e+00
    349.183     0.7135   2.947139     0.7132   2.947359    5.49262    -0.0319    13.8155 0.0000e+00  -60.61650  -54.91033 1153439883 201.998675    34.5556      64669          7  0.000e+00
    349.183     0.7136   2.947172     0.7130   2.947347    5.49259    -0.0749    13.8155 0.0000e+00  -60.61650  -54.91033 1153439883 201.998675    34.5558      64670          7  0.000e+00
    349.183     0.7136   2.947149     0.7133   2.947383    5.49260    -0.0642    13.8155 0.0000e+00  -60.61650  -54.91033 1153439883 201.998676    34.5555      64671          7  0.000e+00
    349.107     0.7138   2.947139     0.7127   2.947395    5.49253    -0.0319    13.8155 0.0000e+00  -60.61650  -54.91033 1153439883 201.998676    34.5553      64672          7  0.000e+00
    349.107     0.7139   2.947088     0.7127   2.947418    5.49254    -0.0426    13.8155 0.0000e+00  -60.61650  -54.91033 1153439884 201.998677    34.5544      64673          7  0.000e+00
    349.107     0.7130   2.946980     0.7129   2.947418    5.49739    -0.0749    13.8155 0.0000e+00  -60.61650  -54.91033 1153439884 201.998677    34.5541      64674          7  0.000e+00
    349.107     0.7113   2.946861     0.7127   2.947383    5.49294    -0.0857    13.8155 0.0000e+00  -60.61650  -54.91033 1153439884 201.998678    34.5544      64675          7  0.000e+00
    349.040     0.7108   2.946814     0.7130   2.947341    5.49767    -0.0964    13.8155 0.0000e+00  -60.61650  -54.91033 1153439884 201.998678    34.5544      64676          7  0.000e+00
    349.040     0.7111   2.946861     0.7121   2.947383    5.49291    -0.0857    13.8155 0.0000e+00  -60.61650  -54.91033 1153439884 201.998679    34.5547      64677          7  0.000e+00
    348.973     0.7116   2.946844     0.7130   2.947442    5.49752    -0.0964    13.8155 0.0000e+00  -60.61650  -54.91033 1153439884 201.998679    34.5540      64678          7  0.000e+00
    349.030     0.7113   2.946814     0.7130   2.947448    5.49761    -0.0749    13.8155 0.0000e+00  -60.61650  -54.91033 1153439884 201.998680    34.5539      64679          7  0.000e+00
    348.973     0.7114   2.946810     0.7138   2.947472    5.49755    -0.0319    13.8155 0.0000e+00  -60.61650  -54.91033 1153439884 201.998680    34.5537      64680          7  0.000e+00
    348.973     0.7117   2.946790     0.7146   2.947484    5.49752    -0.0426    13.8155 0.0000e+00  -60.61650  -54.91033 1153439884 201.998681    34.5531      64681          7  0.000e+00
    348.896     0.7111   2.946749     0.7141   2.947495    5.49755    -0.0319    13.8155 0.0000e+00  -60.61650  -54.91033 1153439884 201.998681    34.5533      64682          7  0.000e+00
    348.973     0.7114   2.946739     0.7144   2.947507    5.49289    -0.0426    13.8155 0.0000e+00  -60.61650  -54.91033 1153439884 201.998682    34.5528      64683          7  0.000e+00
