product_data/regression_test/downloaded_data/MDGS/320620060703/ctd/p6617604.ros
* Sea-Bird SBE 9 Data File:
* FileName = D:\Data\Raw\p6617604.dat
* Software Version Seasave Win32 V 5.32
* Temperature SN = 1649
* Conductivity SN = 1431
* Number of Bytes Per Scan = 37
* Number of Voltage Words = 5
* Number of Scans Averaged by the Deck Unit = 1
* NMEA Latitude = 60 36.97 S
* NMEA Longitude = 054 43.19 W
* NMEA UTC (Time) = 07:30:31
** Ship:   Nathaniel B. Palmer 
** Cruise:    NBP0606 
# nquan = 17
# nvalues = 1176                    
# units = specified
# name 0 = prDM: Pressure, Digiquartz [db]
# name 1 = t090C: Temperature [ITS-90, deg C]
# name 2 = c0S/m: Conductivity [S/m]
# name 3 = t190C: Temperature, 2 [ITS-90, deg C]
# name 4 = c1S/m: Conductivity, 2 [S/m]
# name 5 = sbeox0ML/L: Oxygen, SBE 43 [ml/l]
# name 6 = flECO-AFL: Fluorescence, Wetlab ECO-AFL/FL [mg/m^3]
# name 7 = bat: Beam Attenuation, Chelsea/Seatech/Wetlab CStar [1/m]
# name 8 = spar: SPAR/Surface Irradiance
# name 9 = latitude: Latitude [deg]
# name 10 = longitude: Longitude [deg]
# name 11 = timeY: Time, System [seconds]
# name 12 = timeJ: Julian Days
# name 13 = sal00: Salinity [PSU]
# name 14 = scan: scan number
# name 15 = nbf: number of bottles fired
# name 16 = flag:  0.000e+00
# interval = seconds: 0.0416667                   
# start_time = Jul 21 2006 07:30:39
*END*
[from data line 852]
     51.686    -0.6935   2.786348    -0.6947   2.786629    7.63985     0.2263    13.8155 0.0000e+00  -60.61617  -54.71983 1153467281 202.315778    34.1844       5862         18  0.000e+00
     51.619    -0.6938   2.786325    -0.6950   2.786640    7.63985     0.2694    13.8155 0.0000e+00  -60.61617  -54.71983 1153467281 202.315778    34.1845       5863         18  0.000e+00
     51.686    -0.6937   2.786292    -0.6943   2.786623    7.63992     0.2586    13.8155 0.0000e+00  -60.61617  -54.71983 1153467281 202.315779    34.1839       5864         18  0.000e+00
     51.686    -0.6940   2.786285    -0.6948   2.786634    7.63997     0.3017    13.8155 0.0000e+00  -60.61617  -54.71983 1153467281 202.315779    34.1841       5865         18  0.000e+00
     51.619    -0.6943   2.786255    -0.6947   2.786663    7.64465     0.2801    13.8155 0.0000e+00  -60.61617  -54.71983 1153467282 202.315780    34.1841       5866         18  0.000e+00
     51.686    -0.6943   2.786226    -0.6947   2.786629    7.64006     0.2694    13.8155 0.0000e+00  -60.61617  -54.71983 1153467282 202.315780    34.1836       5867         18  0.000e+00
     51.619    -0.6946   2.786219    -0.6947   2.786634    7.64003     0.2586    13.8155 0.0000e+00  -60.61617  -54.71983 1153467282 202.315781    34.1839       5868         18  0.000e+00
     51.619    -0.6950   2.786202    -0.6941   2.786640    7.64010     0.2371    13.8155 0.0000e+00  -60.61617  -54.71983 1153467282 202.315781    34.1841       5869         18  0.000e+00
     51.619    -0.6954   2.786159    -0.6940   2.786681    7.64020     0.2694    13.8155 0.0000e+00  -60.61617  -54.71983 1153467282 202.315782    34.1840       5870         18  0.000e+00
     51.553    -0.6954   2.786219    -0.6939   2.786716    7.64008     0.2694    13.8155 0.0000e+00  -60.61617  -54.71983 1153467282 202.315782    34.1848       5871         18  0.000e+00
     51.619    -0.6948   2.786239    -0.6932   2.786704    7.64005     0.2801    13.8155 0.0000e+00  -60.61617  -54.71983 1153467282 202.315783    34.1844       5872         18  0.000e+00
     51.553    -0.6949   2.786275    -0.6935   2.786698    7.64465     0.2479    13.8155 0.0000e+00  -60.61617  -54.71983 1153467282 202.315783    34.1851       5873         18  0.000e+00
     51.553    -0.6943   2.786318    -0.6933   2.786698    7.63985     0.2479    13.8155 0.0000e+00  -60.61617  -54.71983 1153467282 202.315784    34.1850       5874         18  0.000e+00
     51.553    -0.6946   2.786295    -0.6933   2.786710    7.63991     0.2263    13.8155 0.0000e+00  -60.61617  -54.71983 1153467282 202.315784    34.1850       5875         18  0.000e+00
     51.476    -0.6941   2.786255    -0.6932   2.786739    7.64447     0.2263    13.8155 0.0000e+00  -60.61617  -54.71983 1153467282 202.315785    34.1840       5876         18  0.000e+00
     51.476    -0.6940   2.786239    -0.6932   2.786733    7.64446     0.2479    13.8155 0.0000e+00  -60.61617  -54.71983 1153467282 202.315785    34.1836       5877         18  0.000e+00
     51.476    -0.6948   2.786258    -0.6929   2.786704    7.64457     0.2156    13.8155 0.0000e+00  -60.61617  -54.71983 1153467282 202.315786    34.1848       5878         18  0.000e+00
     51.476    -0.6943   2.786278    -0.6932   2.786756    7.63980     0.2048    13.8155 0.0000e+00  -60.61617  -54.71983 1153467282 202.315786    34.1845       5879         18  0.000e+00
     51.410    -0.6941   2.786235    -0.6933   2.786716    7.64441     0.2263    13.8155 0.0000e+00  -60.61617  -54.71983 1153467282 202.315787    34.1837       5880         18  0.000e+00
     51.410    -0.6944   2.786219    -0.6936   2.786710    7.64447     0.2694    13.8155 0.0000e+00  -60.61617  -54.71983 1153467282 202.315787    34.1839       5881         18  0.000e+00
     51.410    -0.6944   2.786232    -0.6938   2.786739    7.64446     0.2694    13.8155 0.0000e+00  -60.61617  -54.71983 1153467282 202.315788    34.1841       5882         18  0.000e+00
     51.343    -0.6951   2.786242    -0.6932   2.786733    7.63980     0.2479    13.8155 0.0000e+00  -60.61617  -54.71983 1153467282 202.315788    34.1850       5883         18  0.000e+00
     51.343    -0.6951   2.786189    -0.6935   2.786727    7.63984     0.2263    13.8155 0.0000e+00  -60.61617  -54.71983 1153467282 202.315788    34.1842       5884         18  0.000e+00
     51.343    -0.6946   2.786206    -0.6930   2.786727    7.63975     0.2156    13.8155 0.0000e+00  -60.61617  -54.71983 1153467282 202.315789    34.1839       5885         18  0.000e+00
     51.266    -0.6951   2.786239    -0.6935   2.786727    7.63972     0.2263    13.8155 0.0000e+00  -60.61617  -54.71983 1153467282 202.315789    34.1849       5886         18  0.000e+00
     51.266    -0.6944   2.786275    -0.6930   2.786716    7.63960     0.2479    13.8155 0.0000e+00  -60.61617  -54.71983 1153467282 202.315790    34.1847       5887         18  0.000e+00
     51.266    -0.6943   2.786272    -0.6929   2.786721    7.63958     0.2263    13.8155 0.0000e+00  -60.61617  -54.71983 1153467282 202.315790    34.1846       5888         18  0.000e+00
     51.200    -0.6943   2.786278    -0.6929   2.786762    7.63950     0.2156    13.8155 0.0000e+00  -60.61617  -54.71983 1153467282 202.315791    34.1846       5889         18  0.000e+00
     51.200    -0.6938   2.786248    -0.6932   2.786797    7.64414     0.1726    13.8155 0.0000e+00  -60.61617  -54.71983 1153467283 202.315791    34.1837       5890         18  0.000e+00
     51.123    -0.6940   2.786258    -0.6927   2.786762    7.64407     0.2371    13.8155 0.0000e+00  -60.61617  -54.71983 1153467283 202.315792    34.1841       5891         18  0.000e+00
     49.091    -0.6948   2.786129    -0.6938   2.786564    7.63744     0.2801    13.8155 0.0000e+00  -60.61617  -54.71983 1153467287 202.315843    34.1845       5998         19  0.000e+00
     49.091    -0.6948   2.786149    -0.6941   2.786581    7.63742     0.2371    13.8155 0.0000e+00  -60.61617  -54.71983 1153467287 202.315844    34.1847       5999         19  0.000e+00
     49.091    -0.6944   2.786136    -0.6942   2.786593    7.63738     0.2801    13.8155 0.0000e+00  -60.61617  -54.71983 1153467287 202.315844    34.1842       6000         19  0.000e+00
     49.091    -0.6951   2.786113    -0.6940   2.786593    7.63750     0.2586    13.8155 0.0000e+00  -60.61617  -54.71983 1153467287 202.315845    34.1846       6001         19  0.000e+00
     49.091    -0.6954   2.786122    -0.6939   2.786628    7.63753     0.2371    13.8155 0.0000e+00  -60.61617  -54.71983 1153467287 202.315845    34.1851       6002         19  0.000e+00
     49.168    -0.6955   2.786129    -0.6936   2.786622    7.63763     0.2586    13.8155 0.0000e+00  -60.61617  -54.71983 1153467287 202.315846    34.1853       6003         19  0.000e+00
     49.091    -0.6951   2.786129    -0.6938   2.786599    7.63748     0.2263    13.8155 0.0000e+00  -60.61617  -54.71983 1153467287 202.315846    34.1848       6004         19  0.000e+00
     49.168    -0.6948   2.786142    -0.6941   2.786628    7.63751     0.2263    13.8155 0.0000e+00  -60.61617  -54.71983 1153467287 202.315847    34.1846       6005         19  0.000e+00
     49.168    -0.6951   2.786136    -0.6941   2.786622    7.63756     0.2479    13.8155 0.0000e+00  -60.61617  -54.71983 1153467287 202.315847    34.1849       6006         19  0.000e+00
     49.091    -0.6948   2.786142    -0.6935   2.786599    7.63743     0.2694    13.8155 0.0000e+00  -60.61617  -54.71983 1153467287 202.315848    34.1846       6007         19  0.000e+00
     49.234    -0.6946   2.786149    -0.6936   2.786605    7.63755     0.2263    13.8155 0.0000e+00  -60.61617  -54.71983 1153467287 202.315848    34.1844       6008         19  0.000e+00
     49.168    -0.6951   2.786136    -0.6935   2.786611    7.63756     0.2263    13.8155 0.0000e+00  -60.61617  -54.71983 1153467287 202.315849    34.1849       6009         19  0.000e+00
     49.168    -0.6948   2.786129    -0.6932   2.786634    7.63752     0.2479    13.8155 0.0000e+00  -60.61617  -54.71983 1153467288 202.315849    34.1844       6010         19  0.000e+00
     49.168    -0.6945   2.786149    -0.6929   2.786663    7.63746     0.2371    13.8155 0.0000e+00  -60.61617  -54.71983 1153467288 202.315850    34.1844       6011         19  0.000e+00
     49.234    -0.6946   2.786165    -0.6933   2.786651    7.63285     0.2156    13.8155 0.0000e+00  -60.61617  -54.71983 1153467288 202.315850    34.1847       6012         19  0.000e+00
     49.168    -0.6943   2.786205    -0.6936   2.786663    7.63271     0.1941    13.8155 0.0000e+00  -60.61617  -54.71983 1153467288 202.315851    34.1849       6013         19  0.000e+00
     49.234    -0.6948   2.786169    -0.6932   2.786663    7.63288     0.2156    13.8155 0.0000e+00  -60.61617  -54.71983 1153467288 202.315851    34.1849       6014         19  0.000e+00
     49.234    -0.6948   2.786165    -0.6929   2.786663    7.63289     0.2586    13.8155 0.0000e+00  -60.61617  -54.71983 1153467288 202.315852    34.1849       6015         19  0.000e+00
     49.234    -0.6946   2.786172    -0.6930   2.786686    7.63285     0.2479    13.8155 0.0000e+00  -60.61617  -54.71983 1153467288 202.315852    34.1848       6016         19  0.000e+00
     49.301    -0.6944   2.786189    -0.6929   2.786657    7.63757     0.1941    13.8155 0.0000e+00  -60.61617  -54.71983 1153467288 202.315853    34.1848       6017         19  0.000e+00
     49.234    -0.6938   2.786212    -0.6933   2.786680    7.63739     0.2371    13.8155 0.0000e+00  -60.61617  -54.71983 1153467288 202.315853    34.1844       6018         19  0.000e+00
     49.301    -0.6940   2.786238    -0.6932   2.786674    7.63746     0.2694    13.8155 0.0000e+00  -60.61617  -54.71983 1153467288 202.315854    34.1849       6019         19  0.000e+00
     49.301    -0.6937   2.786205    -0.6929   2.786686    7.63745     0.2694    13.8155 0.0000e+00  -60.61617  -54.71983 1153467288 202.315854    34.1842       6020         19  0.000e+00
     49.301    -0.6941   2.786195    -0.6927   2.786692    7.63752     0.2694    13.8155 0.0000e+00  -60.61617  -54.71983 1153467288 202.315855    34.1845       6021         19  0.000e+00
     49.301    -0.6935   2.786195    -0.6927   2.786674    7.63742     0.2909    13.8155 0.0000e+00  -60.61617  -54.71983 1153467288 202.315855    34.1838       6022         19  0.000e+00
     49.301    -0.6938   2.786225    -0.6930   2.786669    7.63277     0.2694    13.8155 0.0000e+00  -60.61617  -54.71983 1153467288 202.315856    34.1846       6023         19  0.000e+00
     49.301    -0.6940   2.786225    -0.6927   2.786669    7.63279     0.2694    13.8155 0.0000e+00  -60.61617  -54.71983 1153467288 202.315856    34.1847       6024         19  0.000e+00
     49.377    -0.6940   2.786231    -0.6929   2.786669    7.63287     0.2801    13.8155 0.0000e+00  -60.61617  -54.71983 1153467288 202.315856    34.1848       6025         19  0.000e+00
     49.377    -0.6937   2.786241    -0.6924   2.786686    7.63281     0.2801    13.8155 0.0000e+00  -60.61617  -54.71983 1153467288 202.315857    34.1846       6026         19  0.000e+00
     49.377    -0.6938   2.786255    -0.6930   2.786674    7.63283     0.2479    13.8155 0.0000e+00  -60.61617  -54.71983 1153467288 202.315857    34.1849       6027         19  0.000e+00
     49.377    -0.6932   2.786261    -0.6930   2.786709    7.63273     0.2263    13.8155 0.0000e+00  -60.61617  -54.71983 1153467288 202.315858    34.1843       6028         19  0.000e+00
     49.377    -0.6938   2.786212    -0.6929   2.786703    7.63754     0.2694    13.8155 0.0000e+00  -60.61617  -54.71983 1153467288 202.315858    34.1844       6029         19  0.000e+00
     49.444    -0.6939   2.786245    -0.6930   2.786698    7.63759     0.2479    13.8155 0.0000e+00  -60.61617  -54.71983 1153467288 202.315859    34.1848       6030         19  0.000e+00
     49.377    -0.6935   2.786248    -0.6927   2.786698    7.63747     0.2479    13.8155 0.0000e+00  -60.61617  -54.71983 1153467288 202.315859    34.1845       6031         19  0.000e+00
     49.511    -0.6935   2.786255    -0.6933   2.786669    7.63292     0.2263    13.8155 0.0000e+00  -60.61617  -54.71983 1153467288 202.315860    34.1845       6032         19  0.000e+00
     49.444    -0.6932   2.786261    -0.6924   2.786686    7.63280     0.2048    13.8155 0.0000e+00  -60.61617  -54.71983 1153467288 202.315860    34.1843       6033         19  0.000e+00
     49.444    -0.6937   2.786248    -0.6927   2.786698    7.63288     0.2263    13.8155 0.0000e+00  -60.61617  -54.71983 1153467289 202.315861    34.1846       6034         19  0.000e+00
     49.444    -0.6937   2.786225    -0.6924   2.786698    7.63290     0.2263    13.8155 0.0000e+00  -60.61617  -54.71983 1153467289 202.315861    34.1844       6035         19  0.000e+00
     49.511    -0.6935   2.786238    -0.6927   2.786715    7.63294     0.2371    13.8155 0.0000e+00  -60.61617  -54.71983 1153467289 202.315862    34.1843       6036         19  0.000e+00
     49.511    -0.6937   2.786255    -0.6927   2.786703    7.63295     0.2479    13.8155 0.0000e+00  -60.61617  -54.71983 1153467289 202.315862    34.1847       6037         19  0.000e+00
     49.511    -0.6935   2.786241    -0.6929   2.786692    7.63293     0.2371    13.8155 0.0000e+00  -60.61617  -54.71983 1153467289 202.315863    34.1843       6038         19  0.000e+00
     49.587    -0.6932   2.786241    -0.6926   2.786715    7.63297     0.2479    13.8155 0.0000e+00  -60.61617  -54.71983 1153467289 202.315863    34.1840       6039         19  0.000e+00
     49.511    -0.6932   2.786255    -0.6926   2.786680    7.63288     0.2801    13.8155 0.0000e+00  -60.61617  -54.71983 1153467289 202.315864    34.1841       6040         19  0.000e+00
     49.587    -0.6940   2.786281    -0.6929   2.786669    7.63306     0.2479    13.8155 0.0000e+00  -60.61617  -54.71983 1153467289 202.315864    34.1853       6041         19  0.000e+00
     49.587    -0.6927   2.786268    -0.6930   2.786686    7.63288     0.2479    13.8155 0.0000e+00  -60.61617  -54.71983 1153467289 202.315865    34.1838       6042         19  0.000e+00
     49.654    -0.6938   2.786278    -0.6927   2.786698    7.63311     0.2263    13.8155 0.0000e+00  -60.61617  -54.71983 1153467289 202.315865    34.1851       6043         19  0.000e+00
     49.587    -0.6934   2.786271    -0.6930   2.786692    7.63298     0.2371    13.8155 0.0000e+00  -60.61617  -54.71983 1153467289 202.315866    34.1845       6044         19  0.000e+00
     49.654    -0.6932   2.786278    -0.6926   2.786692    7.63301     0.2694    13.8155 0.0000e+00  -60.61617  -54.71983 1153467289 202.315866    34.1844       6045         19  0.000e+00
     49.654    -0.6935   2.786284    -0.6929   2.786698    7.63305     0.2586    13.8155 0.0000e+00  -60.61617  -54.71983 1153467289 202.315867    34.1848       6046         19  0.000e+00
     50.570    -0.6971   2.786017    -0.6962   2.786477    7.63476     0.3124    13.8155 0.0000e+00  -60.61617  -54.71983 1153467293 202.315918    34.1847       6153         20  0.000e+00
     50.636    -0.6966   2.785984    -0.6964   2.786477    7.63478     0.3232    13.8155 0.0000e+00  -60.61617  -54.71983 1153467294 202.315919    34.1837       6154         20  0.000e+00
     50.636    -0.6966   2.786004    -0.6959   2.786524    7.63477     0.3017    13.8155 0.0000e+00  -60.61617  -54.71983 1153467294 202.315919    34.1839       6155         20  0.000e+00
     50.636    -0.6968   2.786030    -0.6959   2.786518    7.63477     0.2479    13.8155 0.0000e+00  -60.61617  -54.71983 1153467294 202.315920    34.1844       6156         20  0.000e+00
     50.636    -0.6968   2.786040    -0.6953   2.786489    7.63477     0.2694    13.8155 0.0000e+00  -60.61617  -54.71983 1153467294 202.315920    34.1846       6157         20  0.000e+00
