product_data/regression_test/downloaded_data/MDGS/320620060703/ctd/p6614601.ros
* Sea-Bird SBE 9 Data File:
* FileName = D:\Data\Raw\p6614601.dat
* Software Version Seasave Win32 V 5.32
* Temperature SN = 1649
* Conductivity SN = 1431
* Number of Bytes Per Scan = 37
* Number of Voltage Words = 5
* Number of Scans Averaged by the Deck Unit = 1
* NMEA Latitude = 60 16.55 S
* NMEA Longitude = 057 27.03 W
* NMEA UTC (Time) = 17:19:00
** Ship:   Nathaniel B. Palmer 
** Cruise:    NBP0606 
# nquan = 17
# nvalues = 1155                    
# units = specified
# name 0 = prDM: Pressure, Digiquartz [db]
# name 1 = t090C: Temperature [ITS-90, deg C]
# name 2 = c0S/m: Conductivity [S/m]
# name 3 = t190C: Temperature, 2 [ITS-90, deg C]
# name 4 = c1S/m: Conductivity, 2 [S/m]
# name 5 = sbeox0ML/L: Oxygen, SBE 43 [ml/l]
# name 6 = flECO-AFL: Fluorescence, Wetlab ECO-AFL/FL [mg/m^3]
# name 7 = bat: Beam Attenuation, Chelsea/Seatech/Wetlab CStar [1/m]
# name 8 = spar: SPAR/Surface Irradiance
# name 9 = latitude: Latitude [deg]
# name 10 = longitude: Longitude [deg]
# name 11 = timeY: Time, System [seconds]
# name 12 = timeJ: Julian Days
# name 13 = sal00: Salinity [PSU]
# name 14 = scan: scan number
# name 15 = nbf: number of bottles fired
# name 16 = flag:  0.000e+00
# interval = seconds: 0.0416667                   
# start_time = Jul 17 2006 17:19:09
*END*
[from data line 852]
     30.618    -0.7144   2.760288    -0.7138   2.744547    7.97621     0.2156    13.8155 5.2600e+01  -60.27583  -57.45050 1153159652 198.755254    33.8685      69720         18  0.000e+00
     30.542    -0.7145   2.760281    -0.7138   2.744542    7.97615     0.2479    13.8155 5.4548e+01  -60.27583  -57.45050 1153159652 198.755255    33.8686      69721         18  0.000e+00
     30.761    -0.7141   2.760261    -0.7142   2.744559    7.97634     0.2694    13.8155 5.4548e+01  -60.27583  -57.45050 1153159652 198.755255    33.8677      69722         18  0.000e+00
     30.618    -0.7139   2.760297    -0.7148   2.744547    7.97613     0.2586    13.8155 5.4548e+01  -60.27583  -57.45050 1153159652 198.755256    33.8681      69723         18  0.000e+00
     30.609    -0.7139   2.760288    -0.7146   2.744559    7.97612     0.2801    13.8155 5.4548e+01  -60.27583  -57.45050 1153159652 198.755256    33.8680      69724         18  0.000e+00
     30.694    -0.7145   2.760281    -0.7145   2.744547    7.97632     0.2909    13.8155 5.4548e+01  -60.27583  -57.45050 1153159652 198.755257    33.8685      69725         18  0.000e+00
     30.618    -0.7149   2.760304    -0.7144   2.744519    7.97627     0.2801    13.8155 5.4548e+01  -60.27583  -57.45050 1153159652 198.755257    33.8692      69726         18  0.000e+00
     30.618    -0.7141   2.760288    -0.7149   2.744530    7.97615     0.3555    13.8155 5.4548e+01  -60.27583  -57.45050 1153159652 198.755258    33.8681      69727         18  0.000e+00
     30.685    -0.7144   2.760281    -0.7143   2.744559    7.97629     0.4093    13.8155 5.4548e+01  -60.27583  -57.45050 1153159652 198.755258    33.8684      69728         18  0.000e+00
     30.480    -0.7162   2.760199    -0.7154   2.744438    7.97173     0.2263    13.8155 5.4548e+01  -60.27583  -57.45050 1153159665 198.755404    33.8695      70030         19  0.000e+00
     30.413    -0.7156   2.760173    -0.7158   2.744415    7.97158     0.2479    13.8155 5.4548e+01  -60.27583  -57.45050 1153159665 198.755404    33.8684      70031         19  0.000e+00
     30.556    -0.7161   2.760166    -0.7159   2.744426    7.97182     0.2694    13.8155 5.4548e+01  -60.27583  -57.45050 1153159665 198.755405    33.8688      70032         19  0.000e+00
     30.347    -0.7159   2.760169    -0.7155   2.744438    7.97156     0.2263    13.8155 5.4548e+01  -60.27583  -57.45050 1153159665 198.755405    33.8688      70033         19  0.000e+00
     30.547    -0.7164   2.760159    -0.7155   2.744415    7.97186     0.2048    13.8155 5.2600e+01  -60.27583  -57.45050 1153159665 198.755406    33.8690      70034         19  0.000e+00
     30.490    -0.7164   2.760166    -0.7154   2.744443    7.97179     0.2263    13.8155 5.2600e+01  -60.27583  -57.45050 1153159665 198.755406    33.8692      70035         19  0.000e+00
     30.490    -0.7161   2.760169    -0.7158   2.744443    7.97642     0.2156    13.8155 5.4548e+01  -60.27583  -57.45050 1153159665 198.755407    33.8689      70036         19  0.000e+00
     30.490    -0.7159   2.760159    -0.7158   2.744415    7.97172     0.1941    13.8155 5.4548e+01  -60.27583  -57.45050 1153159665 198.755407    33.8686      70037         19  0.000e+00
     30.547    -0.7161   2.760166    -0.7155   2.744443    7.97181     0.2156    13.8155 5.4548e+01  -60.27583  -57.45050 1153159665 198.755408    33.8688      70038         19  0.000e+00
     30.490    -0.7162   2.760186    -0.7156   2.744443    7.97175     0.2263    13.8155 5.4548e+01  -60.27583  -57.45050 1153159665 198.755408    33.8693      70039         19  0.000e+00
     30.556    -0.7161   2.760182    -0.7155   2.744415    7.97180     0.2479    13.8155 5.4548e+01  -60.27583  -57.45050 1153159665 198.755408    33.8690      70040         19  0.000e+00
     30.547    -0.7161   2.760173    -0.7152   2.744426    7.97180     0.2479    13.8155 5.4548e+01  -60.27583  -57.45050 1153159665 198.755409    33.8689      70041         19  0.000e+00
     30.556    -0.7156   2.760153    -0.7158   2.744438    7.97175     0.2371    13.8155 5.4548e+01  -60.27583  -57.45050 1153159665 198.755409    33.8681      70042         19  0.000e+00
     30.490    -0.7157   2.760156    -0.7155   2.744438    7.97170     0.2048    13.8155 5.4548e+01  -60.27583  -57.45050 1153159665 198.755410    33.8683      70043         19  0.000e+00
     30.556    -0.7162   2.760182    -0.7156   2.744438    7.97183     0.2586    13.8155 5.4548e+01  -60.27583  -57.45050 1153159665 198.755410    33.8692      70044         19  0.000e+00
     30.614    -0.7159   2.760192    -0.7158   2.744438    7.97184     0.2909    13.8155 5.4548e+01  -60.27583  -57.45050 1153159665 198.755411    33.8690      70045         19  0.000e+00
     30.556    -0.7159   2.760182    -0.7160   2.744438    7.97178     0.2479    13.8155 5.4548e+01  -60.27583  -57.45050 1153159665 198.755411    33.8688      70046         19  0.000e+00
     30.556    -0.7159   2.760189    -0.7155   2.744438    7.97178     0.2694    13.8155 5.4548e+01  -60.27583  -57.45050 1153159665 198.755412    33.8690      70047         19  0.000e+00
     30.557    -0.7161   2.760173    -0.7155   2.744438    7.97181     0.3017    13.8155 5.4548e+01  -60.27583  -57.45050 1153159665 198.755412    33.8689      70048         19  0.000e+00
     30.547    -0.7159   2.760169    -0.7158   2.744438    7.97178     0.3017    13.8155 5.4548e+01  -60.27583  -57.45050 1153159665 198.755413    33.8687      70049         19  0.000e+00
     30.557    -0.7156   2.760159    -0.7155   2.744415    7.97643     0.2694    13.8155 5.4548e+01  -60.27583  -57.45050 1153159666 198.755413    33.8682      70050         19  0.000e+00
     30.557    -0.7162   2.760182    -0.7154   2.744467    7.97651     0.2371    13.8155 5.4548e+01  -60.27583  -57.45050 1153159666 198.755414    33.8692      70051         19  0.000e+00
     30.623    -0.7161   2.760192    -0.7156   2.744467    7.97655     0.2694    13.8155 5.4548e+01  -60.27583  -57.45050 1153159666 198.755414    33.8691      70052         19  0.000e+00
     30.547    -0.7158   2.760199    -0.7161   2.744461    7.97173     0.2371    13.8155 5.4548e+01  -60.27583  -57.45050 1153159666 198.755415    33.8689      70053         19  0.000e+00
     30.557    -0.7159   2.760176    -0.7158   2.744461    7.97647     0.2909    13.8155 5.4548e+01  -60.27583  -57.45050 1153159666 198.755415    33.8688      70054         19  0.000e+00
     30.623    -0.7161   2.760169    -0.7156   2.744420    7.97188     0.2694    13.8155 5.4548e+01  -60.27583  -57.45050 1153159666 198.755416    33.8688      70055         19  0.000e+00
     30.547    -0.7156   2.760192    -0.7157   2.744426    7.97171     0.2371    13.8155 5.4548e+01  -60.27583  -57.45050 1153159666 198.755416    33.8687      70056         19  0.000e+00
     30.557    -0.7155   2.760176    -0.7152   2.744438    7.97171     0.2586    13.8155 5.4548e+01  -60.27583  -57.45050 1153159666 198.755417    33.8683      70057         19  0.000e+00
     30.557    -0.7156   2.760186    -0.7155   2.744432    7.97641     0.3124    13.8155 5.2600e+01  -60.27583  -57.45050 1153159666 198.755417    33.8685      70058         19  0.000e+00
     30.623    -0.7161   2.760199    -0.7155   2.744449    7.97655     0.2909    13.8155 5.2600e+01  -60.27583  -57.45050 1153159666 198.755418    33.8692      70059         19  0.000e+00
     30.547    -0.7158   2.760176    -0.7158   2.744443    7.97175     0.2801    13.8155 5.2600e+01  -60.27583  -57.45050 1153159666 198.755418    33.8686      70060         19  0.000e+00
     30.557    -0.7156   2.760169    -0.7155   2.744455    7.97174     0.2586    13.8155 5.4548e+01  -60.27583  -57.45050 1153159666 198.755419    33.8683      70061         19  0.000e+00
     30.623    -0.7161   2.760179    -0.7158   2.744461    7.97188     0.2371    13.8155 5.4548e+01  -60.27583  -57.45050 1153159666 198.755419    33.8689      70062         19  0.000e+00
     30.557    -0.7155   2.760222    -0.7155   2.744420    7.97168     0.2909    13.8155 5.4548e+01  -60.27583  -57.45050 1153159666 198.755420    33.8689      70063         19  0.000e+00
     30.547    -0.7157   2.760186    -0.7154   2.744409    7.97174     0.2694    13.8155 5.4548e+01  -60.27583  -57.45050 1153159666 198.755420    33.8687      70064         19  0.000e+00
     30.557    -0.7155   2.760192    -0.7155   2.744426    7.97170     0.2048    13.8155 5.4548e+01  -60.27583  -57.45050 1153159666 198.755421    33.8685      70065         19  0.000e+00
     30.557    -0.7158   2.760176    -0.7153   2.744455    7.97176     0.2479    13.8155 5.4548e+01  -60.27583  -57.45050 1153159666 198.755421    33.8686      70066         19  0.000e+00
     30.547    -0.7156   2.760169    -0.7154   2.744403    7.97641     0.2801    13.8155 5.4548e+01  -60.27583  -57.45050 1153159666 198.755421    33.8683      70067         19  0.000e+00
     30.557    -0.7158   2.760169    -0.7153   2.744438    7.97645     0.2371    13.8155 5.4548e+01  -60.27583  -57.45050 1153159666 198.755422    33.8685      70068         19  0.000e+00
     30.557    -0.7158   2.760179    -0.7158   2.744420    7.97644     0.1833    13.8155 5.4548e+01  -60.27583  -57.45050 1153159666 198.755422    33.8686      70069         19  0.000e+00
     30.557    -0.7162   2.760189    -0.7155   2.744409    7.97651     0.1833    13.8155 5.4548e+01  -60.27583  -57.45050 1153159666 198.755423    33.8693      70070         19  0.000e+00
     30.547    -0.7159   2.760192    -0.7155   2.744467    7.97645     0.2048    13.8155 5.4548e+01  -60.27583  -57.45050 1153159666 198.755423    33.8690      70071         19  0.000e+00
     30.490    -0.7158   2.760182    -0.7157   2.744467    7.97636     0.2048    13.8155 5.4548e+01  -60.27583  -57.45050 1153159666 198.755424    33.8687      70072         19  0.000e+00
     30.557    -0.7156   2.760189    -0.7149   2.744420    7.97640     0.2263    13.8155 5.4548e+01  -60.27583  -57.45050 1153159667 198.755424    33.8686      70073         19  0.000e+00
     30.557    -0.7159   2.760192    -0.7155   2.744443    7.97646     0.2263    13.8155 5.4548e+01  -60.27583  -57.45050 1153159667 198.755425    33.8690      70074         19  0.000e+00
     30.481    -0.7159   2.760166    -0.7151   2.744478    7.97639     0.2694    13.8155 5.4548e+01  -60.27583  -57.45050 1153159667 198.755425    33.8687      70075         19  0.000e+00
     30.557    -0.7156   2.760182    -0.7156   2.744449    7.97173     0.2694    13.8155 5.4548e+01  -60.27583  -57.45050 1153159667 198.755426    33.8685      70076         19  0.000e+00
     30.490    -0.7162   2.760173    -0.7154   2.744455    7.97176     0.2263    13.8155 5.6496e+01  -60.27583  -57.45050 1153159667 198.755426    33.8691      70077         19  0.000e+00
     30.547    -0.7158   2.760179    -0.7155   2.744461    7.97643     0.2479    13.8155 5.6496e+01  -60.27583  -57.45050 1153159667 198.755427    33.8686      70078         19  0.000e+00
     30.615    -0.7155   2.760212    -0.7157   2.744444    7.98111     0.2263    13.8155 5.6496e+01  -60.27583  -57.45050 1153159669 198.755452    33.8687      70130         20  0.000e+00
     30.415    -0.7159   2.760196    -0.7156   2.744438    7.98098     0.2371    13.8155 5.6496e+01  -60.27583  -57.45050 1153159669 198.755452    33.8691      70131         20  0.000e+00
     30.558    -0.7156   2.760182    -0.7155   2.744455    7.98110     0.2263    13.8155 5.4548e+01  -60.27583  -57.45050 1153159669 198.755453    33.8685      70132         20  0.000e+00
     30.691    -0.7156   2.760189    -0.7156   2.744461    7.98124     0.1941    13.8155 5.4548e+01  -60.27583  -57.45050 1153159669 198.755453    33.8685      70133         20  0.000e+00
     30.491    -0.7155   2.760209    -0.7159   2.744443    7.98098     0.2479    13.8155 5.6496e+01  -60.27583  -57.45050 1153159669 198.755454    33.8687      70134         20  0.000e+00
     30.625    -0.7159   2.760222    -0.7158   2.744472    7.98119     0.2909    13.8155 5.6496e+01  -60.27583  -57.45050 1153159669 198.755454    33.8694      70135         20  0.000e+00
     30.625    -0.7155   2.760199    -0.7156   2.744449    7.98113     0.2479    13.8155 5.6496e+01  -60.27583  -57.45050 1153159669 198.755455    33.8685      70136         20  0.000e+00
     30.548    -0.7156   2.760192    -0.7158   2.744455    7.98108     0.2586    13.8155 5.6496e+01  -60.27583  -57.45050 1153159669 198.755455    33.8687      70137         20  0.000e+00
     30.625    -0.7153   2.760232    -0.7160   2.744461    7.98108     0.2479    13.8155 5.6496e+01  -60.27583  -57.45050 1153159669 198.755456    33.8688      70138         20  0.000e+00
     30.625    -0.7159   2.760222    -0.7156   2.744444    7.98119     0.2694    13.8155 5.6496e+01  -60.27583  -57.45050 1153159669 198.755456    33.8693      70139         20  0.000e+00
     30.625    -0.7156   2.760215    -0.7158   2.744438    7.98115     0.2694    13.8155 5.6496e+01  -60.27583  -57.45050 1153159669 198.755457    33.8689      70140         20  0.000e+00
     30.691    -0.7161   2.760205    -0.7158   2.744455    7.98130     0.2263    13.8155 5.6496e+01  -60.27583  -57.45050 1153159669 198.755457    33.8693      70141         20  0.000e+00
     30.625    -0.7153   2.760192    -0.7156   2.744461    7.98111     0.2048    13.8155 5.6496e+01  -60.27583  -57.45050 1153159669 198.755458    33.8682      70142         20  0.000e+00
     30.701    -0.7156   2.760242    -0.7155   2.744461    7.98121     0.2479    13.8155 5.6496e+01  -60.27583  -57.45050 1153159669 198.755458    33.8692      70143         20  0.000e+00
     30.691    -0.7153   2.760225    -0.7155   2.744461    7.98116     0.2909    13.8155 5.6496e+01  -60.27583  -57.45050 1153159669 198.755459    33.8687      70144         20  0.000e+00
     30.625    -0.7155   2.760205    -0.7156   2.744461    7.98113     0.3017    13.8155 5.6496e+01  -60.27583  -57.45050 1153159669 198.755459    33.8686      70145         20  0.000e+00
     30.768    -0.7161   2.760176    -0.7161   2.744444    7.97673     0.2479    13.8155 5.6496e+01  -60.27583  -57.45050 1153159670 198.755460    33.8688      70146         20  0.000e+00
     30.701    -0.7156   2.760186    -0.7159   2.744472    7.97657     0.2694    13.8155 5.6496e+01  -60.27583  -57.45050 1153159670 198.755460    33.8685      70147         20  0.000e+00
     30.692    -0.7159   2.760182    -0.7157   2.744467    7.97661     0.2371    13.8155 5.6496e+01  -60.27583  -57.45050 1153159670 198.755461    33.8688      70148         20  0.000e+00
     30.768    -0.7164   2.760189    -0.7159   2.744444    7.97677     0.1833    13.8155 5.6496e+01  -60.27583  -57.45050 1153159670 198.755461    33.8693      70149         20  0.000e+00
     30.768    -0.7155   2.760192    -0.7152   2.744415    7.97662     0.1941    13.8155 5.6496e+01  -60.27583  -57.45050 1153159670 198.755462    33.8684      70150         20  0.000e+00
     30.701    -0.7161   2.760166    -0.7154   2.744426    7.98134     0.2263    13.8155 5.6496e+01  -60.27583  -57.45050 1153159670 198.755462    33.8687      70151         20  0.000e+00
     30.825    -0.7161   2.760182    -0.7159   2.744438    7.98147     0.2479    13.8155 5.6496e+01  -60.27583  -57.45050 1153159670 198.755462    33.8689      70152         20  0.000e+00
     30.768    -0.7161   2.760192    -0.7158   2.744472    7.98140     0.2479    13.8155 5.6496e+01  -60.27583  -57.45050 1153159670 198.755463    33.8690      70153         20  0.000e+00
     30.768    -0.7159   2.760166    -0.7156   2.744449    7.98139     0.2263    13.8155 5.6496e+01  -60.27583  -57.45050 1153159670 198.755463    33.8685      70154         20  0.000e+00
     30.768    -0.7159   2.760166    -0.7158   2.744438    7.98139     0.2263    13.8155 5.6496e+01  -60.27583  -57.45050 1153159670 198.755464    33.8685      70155         20  0.000e+00
