product_data/regression_test/downloaded_data/MDGS/320620060703/ctd/p6617705.ros
* Sea-Bird SBE 9 Data File:
* FileName = D:\Data\Raw\p6617705.dat
* Software Version Seasave Win32 V 5.32
* Temperature SN = 1649
* Conductivity SN = 1431
* Number of Bytes Per Scan = 37
* Number of Voltage Words = 5
* Number of Scans Averaged by the Deck Unit = 1
* NMEA Latitude = 60 37.00 S
* NMEA Longitude = 054 37.45 W
* NMEA UTC (Time) = 20:25:33
** Ship:   Nathaniel B. Palmer 
** Cruise:    NBP0606 
# nquan = 17
# nvalues = 1176                    
# units = specified
# name 0 = prDM: Pressure, Digiquartz [db]
# name 1 = t090C: Temperature [ITS-90, deg C]
# name 2 = c0S/m: Conductivity [S/m]
# name 3 = t190C: Temperature, 2 [ITS-90, deg C]
# name 4 = c1S/m: Conductivity, 2 [S/m]
# name 5 = sbeox0ML/L: Oxygen, SBE 43 [ml/l]
# name 6 = flECO-AFL: Fluorescence, Wetlab ECO-AFL/FL [mg/m^3]
# name 7 = bat: Beam Attenuation, Chelsea/Seatech/Wetlab CStar [1/m]
# name 8 = spar: SPAR/Surface Irradiance
# name 9 = latitude: Latitude [deg]
# name 10 = longitude: Longitude [deg]
# name 11 = timeY: Time, System [seconds]
# name 12 = timeJ: Julian Days
# name 13 = sal00: Salinity [PSU]
# name 14 = scan: scan number
# name 15 = nbf: number of bottles fired
# name 16 = flag:  0.000e+00
# interval = seconds: 0.0416667                   
# start_time = Jul 21 2006 20:25:41
*END*
[from data line 596]
    149.437     0.0495   2.868133     0.0504   2.868633    6.34198    -0.0319    13.8155 0.0000e+00  -60.61667  -54.62417 1153516890 202.889956    34.3813      80429         13  0.000e+00
    149.446     0.0495   2.868139     0.0504   2.868622    6.34198    -0.0319    13.8155 0.0000e+00  -60.61667  -54.62417 1153516890 202.889956    34.3814      80430         13  0.000e+00
    149.370     0.0500   2.868133     0.0500   2.868610    6.34185    -0.0319    13.8155 0.0000e+00  -60.61667  -54.62417 1153516890 202.889957    34.3808      80431         13  0.000e+00
    149.370     0.0500   2.868123     0.0499   2.868575    6.34186    -0.0319    13.8155 0.0000e+00  -60.61667  -54.62417 1153516891 202.889957    34.3806      80432         13  0.000e+00
    149.370     0.0494   2.868069     0.0496   2.868575    6.34197    -0.0319    13.8155 0.0000e+00  -60.61667  -54.62417 1153516891 202.889958    34.3806      80433         13  0.000e+00
    149.370     0.0488   2.868062     0.0494   2.868586    6.34671    -0.0749    13.8155 0.0000e+00  -60.61667  -54.62417 1153516891 202.889958    34.3812      80434         13  0.000e+00
    149.303     0.0494   2.868072     0.0490   2.868581    6.34656    -0.0749    13.8155 0.0000e+00  -60.61667  -54.62417 1153516891 202.889959    34.3807      80435         13  0.000e+00
    149.370     0.0488   2.868049     0.0491   2.868545    6.34206    -0.0964    13.8155 0.0000e+00  -60.61667  -54.62417 1153516891 202.889959    34.3811      80436         13  0.000e+00
    149.293     0.0488   2.868066     0.0491   2.868528    6.34198    -0.0964    13.8155 0.0000e+00  -60.61667  -54.62417 1153516891 202.889959    34.3813      80437         13  0.000e+00
    149.293     0.0492   2.868076     0.0488   2.868528    6.35122    -0.0534    13.8155 0.0000e+00  -60.61667  -54.62417 1153516891 202.889960    34.3809      80438         13  0.000e+00
    149.303     0.0494   2.868066     0.0494   2.868516    6.34657    -0.0319    13.8155 0.0000e+00  -60.61667  -54.62417 1153516891 202.889960    34.3806      80439         13  0.000e+00
    149.227     0.0494   2.868072     0.0491   2.868522    6.34184    -0.0319    13.8155 0.0000e+00  -60.61667  -54.62417 1153516891 202.889961    34.3808      80440         13  0.000e+00
    149.293     0.0494   2.868039     0.0491   2.868534    6.34657    -0.0749    13.8155 0.0000e+00  -60.61667  -54.62417 1153516891 202.889961    34.3803      80441         13  0.000e+00
    149.227     0.0491   2.868069     0.0491   2.868528    6.34654    -0.0749    13.8155 0.0000e+00  -60.61667  -54.62417 1153516891 202.889962    34.3811      80442         13  0.000e+00
    149.236     0.0491   2.868059     0.0499   2.868516    6.34190    -0.0749    13.8155 0.0000e+00  -60.61667  -54.62417 1153516891 202.889962    34.3809      80443         13  0.000e+00
    149.227     0.0491   2.868042     0.0493   2.868522    6.34655    -0.0964    13.8155 0.0000e+00  -60.61667  -54.62417 1153516891 202.889963    34.3807      80444         13  0.000e+00
    149.160     0.0489   2.868049     0.0490   2.868493    6.34651    -0.0642    13.8155 0.0000e+00  -60.61667  -54.62417 1153516891 202.889963    34.3810      80445         13  0.000e+00
    149.160     0.0489   2.868052     0.0490   2.868469    6.34185    -0.0964    13.8155 0.0000e+00  -60.61667  -54.62417 1153516891 202.889964    34.3810      80446         13  0.000e+00
    149.227     0.0494   2.868062     0.0488   2.868504    6.34185    -0.1072    13.8155 0.0000e+00  -60.61667  -54.62417 1153516891 202.889964    34.3806      80447         13  0.000e+00
    149.093     0.0497   2.868089     0.0488   2.868463    6.34633    -0.0319    13.8155 0.0000e+00  -60.61667  -54.62417 1153516891 202.889965    34.3807      80448         13  0.000e+00
    149.160     0.0494   2.868072     0.0490   2.868481    6.34178     0.0542    13.8155 0.0000e+00  -60.61667  -54.62417 1153516891 202.889965    34.3808      80449         13  0.000e+00
    149.083     0.0497   2.868089     0.0488   2.868487    6.34632    -0.0534    13.8155 0.0000e+00  -60.61667  -54.62417 1153516891 202.889966    34.3807      80450         13  0.000e+00
    149.160     0.0497   2.868079     0.0490   2.868451    6.34639    -0.0749    13.8155 0.0000e+00  -60.61667  -54.62417 1153516891 202.889966    34.3805      80451         13  0.000e+00
    149.093     0.0494   2.868116     0.0490   2.868451    6.34635    -0.0964    13.8155 0.0000e+00  -60.61667  -54.62417 1153516891 202.889967    34.3814      80452         13  0.000e+00
    149.083     0.0500   2.868106     0.0488   2.868422    6.34627    -0.0857    13.8155 0.0000e+00  -60.61667  -54.62417 1153516891 202.889967    34.3806      80453         13  0.000e+00
    149.017     0.0495   2.868089     0.0490   2.868446    6.34163    -0.0857    13.8155 0.0000e+00  -60.61667  -54.62417 1153516891 202.889968    34.3809      80454         13  0.000e+00
    149.083     0.0497   2.868113     0.0490   2.868487    6.35096    -0.0749    13.8155 0.0000e+00  -60.61667  -54.62417 1153516892 202.889968    34.3810      80455         13  0.000e+00
    149.026     0.0503   2.868086     0.0490   2.868487    6.34619    -0.0534    13.8155 0.0000e+00  -60.61667  -54.62417 1153516892 202.889969    34.3800      80456         13  0.000e+00
    149.017     0.0501   2.868116     0.0490   2.868492    6.34619    -0.0104    13.8155 0.0000e+00  -60.61667  -54.62417 1153516892 202.889969    34.3806      80457         13  0.000e+00
    149.017     0.0503   2.868123     0.0499   2.868498    6.34616    -0.0104    13.8155 0.0000e+00  -60.61667  -54.62417 1153516892 202.889970    34.3805      80458         13  0.000e+00
    148.950     0.0503   2.868102     0.0499   2.868510    6.34611    -0.0319    13.8155 0.0000e+00  -60.61667  -54.62417 1153516892 202.889970    34.3803      80459         13  0.000e+00
    149.026     0.0503   2.868139     0.0502   2.868539    6.35081    -0.0534    13.8155 0.0000e+00  -60.61667  -54.62417 1153516892 202.889971    34.3807      80460         13  0.000e+00
    148.950     0.0501   2.868129     0.0502   2.868522    6.34613    -0.0749    13.8155 0.0000e+00  -60.61667  -54.62417 1153516892 202.889971    34.3809      80461         13  0.000e+00
    148.950     0.0505   2.868129     0.0494   2.868498    6.35073    -0.0642    13.8155 0.0000e+00  -60.61667  -54.62417 1153516892 202.889972    34.3805      80462         13  0.000e+00
    148.950     0.0505   2.868123     0.0496   2.868528    6.35073    -0.0319    13.8155 0.0000e+00  -60.61667  -54.62417 1153516892 202.889972    34.3804      80463         13  0.000e+00
    148.950     0.0503   2.868136     0.0496   2.868487    6.34609    -0.0319    13.8155 0.0000e+00  -60.61667  -54.62417 1153516892 202.889973    34.3807      80464         13  0.000e+00
    148.950     0.0501   2.868133     0.0496   2.868504    6.34612    -0.0534    13.8155 0.0000e+00  -60.61667  -54.62417 1153516892 202.889973    34.3809      80465         13  0.000e+00
    148.873     0.0497   2.868106     0.0497   2.868522    6.35077    -0.0534    13.8155 0.0000e+00  -60.61667  -54.62417 1153516892 202.889973    34.3811      80466         13  0.000e+00
    148.873     0.0503   2.868106     0.0494   2.868440    6.35070    -0.0426    13.8155 0.0000e+00  -60.61667  -54.62417 1153516892 202.889974    34.3804      80467         13  0.000e+00
    148.950     0.0500   2.868119     0.0490   2.868446    6.34614    -0.0964    13.8155 0.0000e+00  -60.61667  -54.62417 1153516892 202.889974    34.3808      80468         13  0.000e+00
    148.807     0.0495   2.868123     0.0486   2.868463    6.34608    -0.0964    13.8155 0.0000e+00  -60.61667  -54.62417 1153516892 202.889975    34.3815      80469         13  0.000e+00
    148.808     0.0497   2.868062     0.0471   2.868246    6.36935    -0.1395    13.8155 0.0000e+00  -60.61667  -54.62417 1153516898 202.890045    34.3805      80615         14  0.000e+00
    148.874     0.0497   2.868042     0.0462   2.868217    6.36011    -0.0749    13.8155 0.0000e+00  -60.61667  -54.62417 1153516898 202.890046    34.3802      80616         14  0.000e+00
    148.741     0.0494   2.868012     0.0462   2.868199    6.36005    -0.0534    13.8155 0.0000e+00  -60.61667  -54.62417 1153516898 202.890046    34.3803      80617         14  0.000e+00
    148.874     0.0497   2.868016     0.0470   2.868217    6.36013    -0.0534    13.8155 0.0000e+00  -60.61667  -54.62417 1153516898 202.890047    34.3799      80618         14  0.000e+00
    148.741     0.0495   2.868026     0.0462   2.868193    6.36933    -0.0534    13.8155 0.0000e+00  -60.61667  -54.62417 1153516898 202.890047    34.3803      80619         14  0.000e+00
    148.808     0.0503   2.868062     0.0459   2.868170    6.36927    -0.0104    13.8155 0.0000e+00  -60.61667  -54.62417 1153516898 202.890048    34.3798      80620         14  0.000e+00
    148.874     0.0498   2.868032     0.0453   2.868099    6.36010    -0.0211    13.8155 0.0000e+00  -60.61667  -54.62417 1153516898 202.890048    34.3799      80621         14  0.000e+00
    148.741     0.0500   2.868009     0.0451   2.868146    6.36928    -0.0426    13.8155 0.0000e+00  -60.61667  -54.62417 1153516898 202.890049    34.3795      80622         14  0.000e+00
    148.884     0.0491   2.867945     0.0450   2.868123    6.36956    -0.0319    13.8155 0.0000e+00  -60.61667  -54.62417 1153516898 202.890049    34.3796      80623         14  0.000e+00
    148.808     0.0488   2.867935     0.0448   2.868093    6.36954    -0.0319    13.8155 0.0000e+00  -60.61667  -54.62417 1153516899 202.890050    34.3799      80624         14  0.000e+00
    148.874     0.0484   2.867939     0.0448   2.868029    6.36964    -0.0534    13.8155 0.0000e+00  -60.61667  -54.62417 1153516899 202.890050    34.3803      80625         14  0.000e+00
    148.808     0.0484   2.867909     0.0439   2.868023    6.36959    -0.0534    13.8155 0.0000e+00  -60.61667  -54.62417 1153516899 202.890051    34.3799      80626         14  0.000e+00
    148.808     0.0480   2.867892     0.0440   2.867970    6.36966    -0.0319    13.8155 0.0000e+00  -60.61667  -54.62417 1153516899 202.890051    34.3802      80627         14  0.000e+00
    148.875     0.0478   2.867855     0.0430   2.867923    6.36511    -0.0534    13.8155 0.0000e+00  -60.61667  -54.62417 1153516899 202.890052    34.3798      80628         14  0.000e+00
    148.808     0.0474   2.867855     0.0433   2.867900    6.36511    -0.0749    13.8155 0.0000e+00  -60.61667  -54.62417 1153516899 202.890052    34.3804      80629         14  0.000e+00
    148.808     0.0480   2.867882     0.0428   2.867894    6.36967    -0.0749    13.8155 0.0000e+00  -60.61667  -54.62417 1153516899 202.890053    34.3800      80630         14  0.000e+00
    148.884     0.0481   2.867952     0.0428   2.867876    6.36968    -0.0534    13.8155 0.0000e+00  -60.61667  -54.62417 1153516899 202.890053    34.3808      80631         14  0.000e+00
    148.875     0.0486   2.868012     0.0433   2.867888    6.36957    -0.0426    13.8155 0.0000e+00  -60.61667  -54.62417 1153516899 202.890054    34.3810      80632         14  0.000e+00
    148.808     0.0499   2.868112     0.0442   2.867894    6.36929    -0.0426    13.8155 0.0000e+00  -60.61667  -54.62417 1153516899 202.890054    34.3809      80633         14  0.000e+00
    148.875     0.0503   2.868186     0.0451   2.868023    6.36925    -0.0426    13.8155 0.0000e+00  -60.61667  -54.62417 1153516899 202.890054    34.3814      80634         14  0.000e+00
    148.875     0.0501   2.868173     0.0466   2.868099    6.35998    -0.0534    13.8155 0.0000e+00  -60.61667  -54.62417 1153516899 202.890055    34.3814      80635         14  0.000e+00
    148.884     0.0508   2.868156     0.0465   2.868135    6.35992    -0.0749    13.8155 0.0000e+00  -60.61667  -54.62417 1153516899 202.890055    34.3805      80636         14  0.000e+00
    148.951     0.0506   2.868129     0.0466   2.868093    6.36932    -0.0857    13.8155 0.0000e+00  -60.61667  -54.62417 1153516899 202.890056    34.3803      80637         14  0.000e+00
    148.875     0.0494   2.868052     0.0454   2.868064    6.36945    -0.1072    13.8155 0.0000e+00  -60.61667  -54.62417 1153516899 202.890056    34.3807      80638         14  0.000e+00
    148.875     0.0486   2.867969     0.0442   2.868011    6.36960    -0.0964    13.8155 0.0000e+00  -60.61667  -54.62417 1153516899 202.890057    34.3805      80639         14  0.000e+00
    148.951     0.0477   2.867905     0.0437   2.867982    6.36982    -0.0857    13.8155 0.0000e+00  -60.61667  -54.62417 1153516899 202.890057    34.3806      80640         14  0.000e+00
    148.951     0.0478   2.867848     0.0443   2.868000    6.36984    -0.0964    13.8155 0.0000e+00  -60.61667  -54.62417 1153516899 202.890058    34.3797      80641         14  0.000e+00
    148.951     0.0469   2.867721     0.0440   2.868041    6.37003    -0.1180    13.8155 0.0000e+00  -60.61667  -54.62417 1153516899 202.890058    34.3791      80642         14  0.000e+00
    148.951     0.0458   2.867581     0.0445   2.867976    6.37025    -0.0964    13.8155 0.0000e+00  -60.61667  -54.62417 1153516899 202.890059    34.3784      80643         14  0.000e+00
    148.951     0.0441   2.867397     0.0433   2.867882    6.37057    -0.0857    13.8155 0.0000e+00  -60.61667  -54.62417 1153516899 202.890059    34.3779      80644         14  0.000e+00
    148.951     0.0422   2.867257     0.0416   2.867830    6.37089    -0.0749    13.8155 0.0000e+00  -60.61667  -54.62417 1153516899 202.890060    34.3782      80645         14  0.000e+00
    149.018     0.0408   2.867233     0.0410   2.867771    6.37115    -0.0964    13.8155 0.0000e+00  -60.61667  -54.62417 1153516899 202.890060    34.3794      80646         14  0.000e+00
    149.018     0.0404   2.867197     0.0416   2.867700    6.37123    -0.0104    13.8155 0.0000e+00  -60.61667  -54.62417 1153516899 202.890061    34.3794      80647         14  0.000e+00
    149.027     0.0402   2.867203     0.0420   2.867718    6.37125    -0.0426    13.8155 0.0000e+00  -60.61667  -54.62417 1153516900 202.890061    34.3797      80648         14  0.000e+00
    149.018     0.0400   2.867190     0.0418   2.867753    6.37592    -0.0749    13.8155 0.0000e+00  -60.61667  -54.62417 1153516900 202.890062    34.3797      80649         14  0.000e+00
    149.085     0.0399   2.867183     0.0417   2.867742    6.37135    -0.0749    13.8155 0.0000e+00  -60.61667  -54.62417 1153516900 202.890062    34.3797      80650         14  0.000e+00
    149.018     0.0393   2.867170     0.0420   2.867771    6.37603    -0.0534    13.8155 0.0000e+00  -60.61667  -54.62417 1153516900 202.890063    34.3803      80651         14  0.000e+00
    149.094     0.0396   2.867143     0.0413   2.867730    6.37607    -0.0534    13.8155 0.0000e+00  -60.61667  -54.62417 1153516900 202.890063    34.3795      80652         14  0.000e+00
    149.161     0.0397   2.867193     0.0405   2.867659    6.37143    -0.0534    13.8155 0.0000e+00  -60.61667  -54.62417 1153516900 202.890064    34.3800      80653         14  0.000e+00
    149.085     0.0394   2.867223     0.0403   2.867630    6.37139    -0.0534    13.8155 0.0000e+00  -60.61667  -54.62417 1153516900 202.890064    34.3808      80654         14  0.000e+00
    149.018     0.0399   2.867233     0.0402   2.867665    6.37592    -0.0964    13.8155 0.0000e+00  -60.61667  -54.62417 1153516900 202.890065    34.3804      80655         14  0.000e+00
    149.228     0.0402   2.867280     0.0403   2.867654    6.37603    -0.0964    13.8155 0.0000e+00  -60.61667  -54.62417 1153516900 202.890065    34.3806      80656         14  0.000e+00
    149.238     0.0411   2.867397     0.0406   2.867671    6.37586    -0.0857    13.8155 0.0000e+00  -60.61667  -54.62417 1153516900 202.890066    34.3811      80657         14  0.000e+00
