product_data/regression_test/downloaded_data/MDGS/320620060703/ctd/p6619103.ros
* Sea-Bird SBE 9 Data File:
* FileName = D:\Data\Raw\p6619103.dat
* Software Version Seasave Win32 V 5.32
* Temperature SN = 1649
* Conductivity SN = 1431
* Number of Bytes Per Scan = 37
* Number of Voltage Words = 5
* Number of Scans Averaged by the Deck Unit = 1
* NMEA Latitude = 60 48.00 S
* NMEA Longitude = 055 00.25 W
* NMEA UTC (Time) = 16:10:00
** Ship:   Nathaniel B. Palmer 
** Cruise:    NBP0606 
# nquan = 17
# nvalues = 1176                    
# units = specified
# name 0 = prDM: Pressure, Digiquartz [db]
# name 1 = t090C: Temperature [ITS-90, deg C]
# name 2 = c0S/m: Conductivity [S/m]
# name 3 = t190C: Temperature, 2 [ITS-90, deg C]
# name 4 = c1S/m: Conductivity, 2 [S/m]
# name 5 = sbeox0ML/L: Oxygen, SBE 43 [ml/l]
# name 6 = flECO-AFL: Fluorescence, Wetlab ECO-AFL/FL [mg/m^3]
# name 7 = bat: Beam Attenuation, Chelsea/Seatech/Wetlab CStar [1/m]
# name 8 = spar: SPAR/Surface Irradiance
# name 9 = latitude: Latitude [deg]
# name 10 = longitude: Longitude [deg]
# name 11 = timeY: Time, System [seconds]
# name 12 = timeJ: Julian Days
# name 13 = sal00: Salinity [PSU]
# name 14 = scan: scan number
# name 15 = nbf: number of bottles fired
# name 16 = flag:  0.000e+00
# interval = seconds: 0.0416667                   
# start_time = Jul 23 2006 16:10:08
*END*
[from data line 766]
     75.882    -0.9775   2.773805    -0.9791   2.773830    7.33538    -0.0426    13.8155 1.5585e+02  -60.80000  -55.00417 1153673868 204.706827    34.3218      68686         16  0.000e+00
     75.834    -0.9766   2.773874    -0.9776   2.773940    7.33042     0.0112    13.8155 1.5585e+02  -60.80000  -55.00417 1153673868 204.706828    34.3217      68687         16  0.000e+00
     75.882    -0.9766   2.773673    -0.9770   2.774004    7.33061     0.0112    13.8155 1.5585e+02  -60.80000  -55.00417 1153673868 204.706828    34.3190      68688         16  0.000e+00
     75.901    -0.9793   2.773370    -0.9779   2.773964    7.33596    -0.0211    13.8155 1.5585e+02  -60.80000  -55.00417 1153673868 204.706829    34.3179      68689         16  0.000e+00
     75.948    -0.9809   2.773262    -0.9793   2.773859    7.33633    -0.0319    13.8155 1.5585e+02  -60.80000  -55.00417 1153673868 204.706829    34.3182      68690         16  0.000e+00
     75.901    -0.9808   2.773291    -0.9806   2.773755    7.33624    -0.0319    13.8155 1.5585e+02  -60.80000  -55.00417 1153673868 204.706830    34.3185      68691         16  0.000e+00
     75.948    -0.9808   2.773347    -0.9803   2.773732    7.33625    -0.0319    13.8155 1.5585e+02  -60.80000  -55.00417 1153673868 204.706830    34.3192      68692         16  0.000e+00
     75.901    -0.9808   2.773377    -0.9798   2.773767    7.33618    -0.0319    13.8155 1.5585e+02  -60.80000  -55.00417 1153673868 204.706831    34.3197      68693         16  0.000e+00
     76.025    -0.9808   2.773351    -0.9797   2.773842    7.33632     0.0004    13.8155 1.5585e+02  -60.80000  -55.00417 1153673868 204.706831    34.3192      68694         16  0.000e+00
     75.977    -0.9810   2.773407    -0.9791   2.773842    7.33627    -0.0104    13.8155 1.5585e+02  -60.80000  -55.00417 1153673868 204.706832    34.3203      68695         16  0.000e+00
     75.948    -0.9803   2.773463    -0.9794   2.773819    7.33610    -0.0211    13.8155 1.5585e+02  -60.80000  -55.00417 1153673868 204.706832    34.3203      68696         16  0.000e+00
     76.044    -0.9798   2.773456    -0.9802   2.773749    7.33613    -0.0211    13.8155 1.5585e+02  -60.80000  -55.00417 1153673868 204.706833    34.3196      68697         16  0.000e+00
     76.025    -0.9804   2.773367    -0.9802   2.773732    7.33627    -0.0534    13.8155 1.5585e+02  -60.80000  -55.00417 1153673868 204.706833    34.3191      68698         16  0.000e+00
     76.044    -0.9814   2.773272    -0.9816   2.773691    7.33649    -0.0319    13.8155 1.5585e+02  -60.80000  -55.00417 1153673868 204.706834    34.3188      68699         16  0.000e+00
     76.025    -0.9820   2.773202    -0.9826   2.773558    7.33661    -0.0319    13.8155 1.5585e+02  -60.80000  -55.00417 1153673868 204.706834    34.3186      68700         16  0.000e+00
     76.111    -0.9825   2.773166    -0.9840   2.773459    7.34153    -0.0211    13.8155 1.5585e+02  -60.80000  -55.00417 1153673868 204.706834    34.3187      68701         16  0.000e+00
     76.025    -0.9826   2.773143    -0.9845   2.773384    7.33674    -0.0211    13.8155 1.5585e+02  -60.80000  -55.00417 1153673868 204.706835    34.3185      68702         16  0.000e+00
     76.111    -0.9832   2.773107    -0.9850   2.773320    7.33695    -0.0426    13.8155 1.5585e+02  -60.80000  -55.00417 1153673868 204.706835    34.3187      68703         16  0.000e+00
     75.206    -0.9828   2.773163    -0.9839   2.773349    7.34537    -0.0426    13.8155 1.5585e+02  -60.80000  -55.00417 1153673873 204.706891    34.3195      68818         17  0.000e+00
     75.321    -0.9823   2.773163    -0.9837   2.773355    7.35015    -0.0211    13.8155 1.5780e+02  -60.80000  -55.00417 1153673873 204.706891    34.3189      68819         17  0.000e+00
     75.416    -0.9820   2.773192    -0.9834   2.773343    7.35018    -0.0534    13.8155 1.5780e+02  -60.80000  -55.00417 1153673873 204.706892    34.3189      68820         17  0.000e+00
     75.254    -0.9817   2.773189    -0.9837   2.773355    7.34997    -0.0642    13.8155 1.5780e+02  -60.80000  -55.00417 1153673873 204.706892    34.3186      68821         17  0.000e+00
     75.340    -0.9823   2.773149    -0.9839   2.773343    7.35017    -0.1072    13.8155 1.5780e+02  -60.80000  -55.00417 1153673873 204.706893    34.3187      68822         17  0.000e+00
     75.321    -0.9827   2.773156    -0.9847   2.773297    7.35020    -0.0534    13.8155 1.5780e+02  -60.80000  -55.00417 1153673873 204.706893    34.3192      68823         17  0.000e+00
     75.273    -0.9825   2.773179    -0.9848   2.773285    7.35011     0.0112    13.8155 1.5780e+02  -60.80000  -55.00417 1153673873 204.706894    34.3193      68824         17  0.000e+00
     75.321    -0.9820   2.773186    -0.9848   2.773285    7.34536    -0.0104    13.8155 1.5780e+02  -60.80000  -55.00417 1153673873 204.706894    34.3189      68825         17  0.000e+00
     75.340    -0.9829   2.773166    -0.9854   2.773280    7.35025    -0.0211    13.8155 1.5585e+02  -60.80000  -55.00417 1153673874 204.706895    34.3196      68826         17  0.000e+00
     75.254    -0.9826   2.773143    -0.9855   2.773245    7.35013    -0.0534    13.8155 1.5585e+02  -60.80000  -55.00417 1153673874 204.706895    34.3190      68827         17  0.000e+00
     75.340    -0.9821   2.773189    -0.9861   2.773251    7.35012     0.0004    13.8155 1.5585e+02  -60.80000  -55.00417 1153673874 204.706896    34.3191      68828         17  0.000e+00
     75.321    -0.9819   2.773222    -0.9861   2.773198    7.35004     0.0004    13.8155 1.5780e+02  -60.80000  -55.00417 1153673874 204.706896    34.3192      68829         17  0.000e+00
     75.273    -0.9823   2.773179    -0.9868   2.773158    7.35009     0.0434    13.8155 1.5780e+02  -60.80000  -55.00417 1153673874 204.706897    34.3192      68830         17  0.000e+00
     75.321    -0.9820   2.773116    -0.9869   2.773088    7.35013    -0.0104    13.8155 1.5780e+02  -60.80000  -55.00417 1153673874 204.706897    34.3179      68831         17  0.000e+00
     75.340    -0.9835   2.773044    -0.9873   2.773088    7.35043    -0.0642    13.8155 1.5780e+02  -60.80000  -55.00417 1153673874 204.706898    34.3187      68832         17  0.000e+00
     75.321    -0.9832   2.773044    -0.9866   2.773100    7.35036    -0.0319    13.8155 1.5780e+02  -60.80000  -55.00417 1153673874 204.706898    34.3183      68833         17  0.000e+00
     75.207    -0.9837   2.773018    -0.9865   2.773135    7.35033    -0.0211    13.8155 1.5780e+02  -60.80000  -55.00417 1153673874 204.706899    34.3186      68834         17  0.000e+00
     75.464    -0.9842   2.772955    -0.9866   2.773146    7.35071    -0.0211    13.8155 1.5780e+02  -60.80000  -55.00417 1153673874 204.706899    34.3181      68835         17  0.000e+00
     75.340    -0.9854   2.772919    -0.9866   2.773146    7.35079    -0.0534    13.8155 1.5780e+02  -60.80000  -55.00417 1153673874 204.706900    34.3191      68836         17  0.000e+00
     75.321    -0.9852   2.772866    -0.9862   2.773187    7.35078    -0.0426    13.8155 1.5780e+02  -60.80000  -55.00417 1153673874 204.706900    34.3182      68837         17  0.000e+00
     75.340    -0.9857   2.772883    -0.9852   2.773222    7.35086    -0.0319    13.8155 1.5780e+02  -60.80000  -55.00417 1153673874 204.706901    34.3189      68838         17  0.000e+00
     75.388    -0.9854   2.772876    -0.9852   2.773268    7.35087    -0.0426    13.8155 1.5780e+02  -60.80000  -55.00417 1153673874 204.706901    34.3185      68839         17  0.000e+00
     75.340    -0.9855   2.772853    -0.9848   2.773320    7.35086    -0.0104    13.8155 1.5780e+02  -60.80000  -55.00417 1153673874 204.706902    34.3184      68840         17  0.000e+00
     75.321    -0.9854   2.772899    -0.9847   2.773314    7.35079    -0.0104    13.8155 1.5780e+02  -60.80000  -55.00417 1153673874 204.706902    34.3188      68841         17  0.000e+00
     75.417    -0.9851   2.772965    -0.9843   2.773326    7.35079    -0.0104    13.8155 1.5780e+02  -60.80000  -55.00417 1153673874 204.706902    34.3193      68842         17  0.000e+00
     75.388    -0.9846   2.772985    -0.9842   2.773355    7.35068     0.0112    13.8155 1.5780e+02  -60.80000  -55.00417 1153673874 204.706903    34.3191      68843         17  0.000e+00
     75.340    -0.9849   2.772916    -0.9839   2.773343    7.35073    -0.0211    13.8155 1.5585e+02  -60.80000  -55.00417 1153673874 204.706903    34.3185      68844         17  0.000e+00
     75.388    -0.9852   2.772962    -0.9839   2.773314    7.35079    -0.0211    13.8155 1.5585e+02  -60.80000  -55.00417 1153673874 204.706904    34.3194      68845         17  0.000e+00
     75.417    -0.9848   2.773034    -0.9839   2.773326    7.35070    -0.0534    13.8155 1.5585e+02  -60.80000  -55.00417 1153673874 204.706904    34.3199      68846         17  0.000e+00
     75.388    -0.9842   2.773117    -0.9836   2.773355    7.35052    -0.0642    13.8155 1.5585e+02  -60.80000  -55.00417 1153673874 204.706905    34.3203      68847         17  0.000e+00
     75.484    -0.9832   2.773173    -0.9834   2.773384    7.35044    -0.0319    13.8155 1.5585e+02  -60.80000  -55.00417 1153673874 204.706905    34.3200      68848         17  0.000e+00
     75.388    -0.9827   2.773199    -0.9834   2.773407    7.35024    -0.0534    13.8155 1.5585e+02  -60.80000  -55.00417 1153673874 204.706906    34.3197      68849         17  0.000e+00
     75.484    -0.9831   2.773126    -0.9839   2.773372    7.35045    -0.0319    13.8155 1.5585e+02  -60.80000  -55.00417 1153673875 204.706906    34.3192      68850         17  0.000e+00
     75.388    -0.9835   2.773097    -0.9853   2.773303    7.35044    -0.0104    13.8155 1.5390e+02  -60.80000  -55.00417 1153673875 204.706907    34.3193      68851         17  0.000e+00
     75.484    -0.9842   2.773044    -0.9855   2.773222    7.35067    -0.0104    13.8155 1.5585e+02  -60.80000  -55.00417 1153673875 204.706907    34.3193      68852         17  0.000e+00
     75.465    -0.9845   2.773011    -0.9869   2.773164    7.35072     0.0112    13.8155 1.5585e+02  -60.80000  -55.00417 1153673875 204.706908    34.3192      68853         17  0.000e+00
     75.484    -0.9843   2.773057    -0.9868   2.773106    7.34595    -0.0211    13.8155 1.5585e+02  -60.80000  -55.00417 1153673875 204.706908    34.3196      68854         17  0.000e+00
     75.465    -0.9835   2.773103    -0.9873   2.773094    7.35051    -0.0211    13.8155 1.5585e+02  -60.80000  -55.00417 1153673875 204.706909    34.3194      68855         17  0.000e+00
     75.484    -0.9842   2.773067    -0.9866   2.773135    7.35066    -0.0319    13.8155 1.5585e+02  -60.80000  -55.00417 1153673875 204.706909    34.3196      68856         17  0.000e+00
     75.465    -0.9843   2.773051    -0.9860   2.773170    7.35067    -0.0319    13.8155 1.5585e+02  -60.80000  -55.00417 1153673875 204.706910    34.3196      68857         17  0.000e+00
     75.551    -0.9828   2.773067    -0.9863   2.773181    7.35052    -0.0104    13.8155 1.5585e+02  -60.80000  -55.00417 1153673875 204.706910    34.3180      68858         17  0.000e+00
     75.465    -0.9831   2.773024    -0.9866   2.773175    7.35050     0.0112    13.8155 1.5585e+02  -60.80000  -55.00417 1153673875 204.706911    34.3178      68859         17  0.000e+00
     75.551    -0.9840   2.772856    -0.9873   2.773094    7.35084    -0.0104    13.8155 1.5585e+02  -60.80000  -55.00417 1153673875 204.706911    34.3165      68860         17  0.000e+00
     75.532    -0.9852   2.772807    -0.9882   2.773013    7.35104    -0.0104    13.8155 1.5585e+02  -60.80000  -55.00417 1153673875 204.706912    34.3172      68861         17  0.000e+00
     75.551    -0.9867   2.772754    -0.9885   2.772973    7.35131    -0.0104    13.8155 1.5780e+02  -60.80000  -55.00417 1153673875 204.706912    34.3182      68862         17  0.000e+00
     75.532    -0.9868   2.772721    -0.9882   2.772967    7.35133     0.0434    13.8155 1.5585e+02  -60.80000  -55.00417 1153673875 204.706913    34.3179      68863         17  0.000e+00
     75.551    -0.9877   2.772632    -0.9888   2.772984    7.35155     0.0327    13.8155 1.5585e+02  -60.80000  -55.00417 1153673875 204.706913    34.3177      68864         17  0.000e+00
     75.608    -0.9889   2.772557    -0.9880   2.772990    7.35184    -0.0319    13.8155 1.5585e+02  -60.80000  -55.00417 1153673875 204.706914    34.3180      68865         17  0.000e+00
     75.551    -0.9893   2.772553    -0.9891   2.772973    7.35183    -0.0749    13.8155 1.5585e+02  -60.80000  -55.00417 1153673875 204.706914    34.3184      68866         17  0.000e+00
     50.122    -1.0018   2.769866    -1.0013   2.770179    7.39552    -0.0319    13.8155 1.5001e+02  -60.80000  -55.00417 1153673924 204.707478    34.3120      70036         18  0.000e+00
     50.189    -1.0015   2.769843    -1.0010   2.770197    7.39556     0.0112    13.8155 1.4806e+02  -60.80000  -55.00417 1153673924 204.707479    34.3113      70037         18  0.000e+00
     50.046    -1.0018   2.769873    -1.0013   2.770168    7.39544    -0.0319    13.8155 1.4806e+02  -60.80000  -55.00417 1153673924 204.707479    34.3121      70038         18  0.000e+00
     50.256    -1.0015   2.769846    -1.0016   2.770179    7.39563     0.0004    13.8155 1.4806e+02  -60.80000  -55.00417 1153673924 204.707480    34.3113      70039         18  0.000e+00
     50.046    -1.0014   2.769836    -1.0013   2.770196    7.39542    -0.0319    13.8155 1.4806e+02  -60.80000  -55.00417 1153673924 204.707480    34.3112      70040         18  0.000e+00
     50.122    -1.0015   2.769856    -1.0013   2.770191    7.39548    -0.0211    13.8155 1.4806e+02  -60.80000  -55.00417 1153673924 204.707481    34.3115      70041         18  0.000e+00
     50.046    -1.0015   2.769879    -1.0013   2.770208    7.39539     0.0542    13.8155 1.4806e+02  -60.80000  -55.00417 1153673924 204.707481    34.3118      70042         18  0.000e+00
     50.046    -1.0013   2.769866    -1.0013   2.770196    7.39538     0.1080    13.8155 1.4806e+02  -60.80000  -55.00417 1153673924 204.707482    34.3115      70043         18  0.000e+00
     50.046    -1.0015   2.769859    -1.0003   2.770173    7.39540     0.0757    13.8155 1.4806e+02  -60.80000  -55.00417 1153673924 204.707482    34.3116      70044         18  0.000e+00
     49.980    -1.0016   2.769879    -1.0001   2.770185    7.39534     0.0219    13.8155 1.4806e+02  -60.80000  -55.00417 1153673924 204.707483    34.3120      70045         18  0.000e+00
     49.980    -1.0015   2.769850    -0.9999   2.770168    7.39534    -0.0319    13.8155 1.5001e+02  -60.80000  -55.00417 1153673924 204.707483    34.3115      70046         18  0.000e+00
     49.903    -1.0016   2.769873    -0.9990   2.770191    7.39527    -0.0104    13.8155 1.5001e+02  -60.80000  -55.00417 1153673924 204.707484    34.3120      70047         18  0.000e+00
     49.980    -1.0010   2.769850    -0.9990   2.770191    7.39527     0.0112    13.8155 1.5001e+02  -60.80000  -55.00417 1153673924 204.707484    34.3109      70048         18  0.000e+00
     49.837    -1.0012   2.769853    -0.9987   2.770191    7.39514     0.0219    13.8155 1.5001e+02  -60.80000  -55.00417 1153673924 204.707485    34.3112      70049         18  0.000e+00
     49.903    -1.0013   2.769843    -0.9984   2.770173    7.39525     0.0112    13.8155 1.5001e+02  -60.80000  -55.00417 1153673925 204.707485    34.3113      70050         18  0.000e+00
     49.837    -1.0007   2.769820    -0.9989   2.770185    7.39510     0.0542    13.8155 1.5196e+02  -60.80000  -55.00417 1153673925 204.707486    34.3103      70051         18  0.000e+00
     49.770    -1.0002   2.769833    -0.9990   2.770150    7.39495     0.0434    13.8155 1.5196e+02  -60.80000  -55.00417 1153673925 204.707486    34.3100      70052         18  0.000e+00
     49.837    -1.0002   2.769840    -0.9993   2.770156    7.39502     0.0542    13.8155 1.5196e+02  -60.80000  -55.00417 1153673925 204.707486    34.3100      70053         18  0.000e+00
