product_data/regression_test/downloaded_data/MDGS/320620060703/ctd/p6618001.ros
* Sea-Bird SBE 9 Data File:
* FileName = D:\Data\Raw\p6618001.dat
* Software Version Seasave Win32 V 5.32
* Temperature SN = 1649
* Conductivity SN = 1431
* Number of Bytes Per Scan = 37
* Number of Voltage Words = 5
* Number of Scans Averaged by the Deck Unit = 1
* NMEA Latitude = 60 36.98 S
* NMEA Longitude = 054 20.46 W
* NMEA UTC (Time) = 04:50:41
** Ship:   Nathaniel B. Palmer 
** Cruise:    NBP0606 
# nquan = 17
# nvalues = 1176                    
# units = specified
# name 0 = prDM: Pressure, Digiquartz [db]
# name 1 = t090C: Temperature [ITS-90, deg C]
# name 2 = c0S/m: Conductivity [S/m]
# name 3 = t190C: Temperature, 2 [ITS-90, deg C]
# name 4 = c1S/m: Conductivity, 2 [S/m]
# name 5 = sbeox0ML/L: Oxygen, SBE 43 [ml/l]
# name 6 = flECO-AFL: Fluorescence, Wetlab ECO-AFL/FL [mg/m^3]
# name 7 = bat: Beam Attenuation, Chelsea/Seatech/Wetlab CStar [1/m]
# name 8 = spar: SPAR/Surface Irradiance
# name 9 = latitude: Latitude [deg]
# name 10 = longitude: Longitude [deg]
# name 11 = timeY: Time, System [seconds]
# name 12 = timeJ: Julian Days
# name 13 = sal00: Salinity [PSU]
# name 14 = scan: scan number
# name 15 = nbf: number of bottles fired
# name 16 = flag:  0.000e+00
# interval = seconds: 0.0416667                   
# start_time = Jul 22 2006 04:50:49
*END*
[from data line 1107]
     10.093    -0.8467   2.768201    -0.8461   2.768534    7.73007     0.2479    13.8155 0.0000e+00  -60.61633  -54.34100 1153547044 203.238963    34.1378      76738         23  0.000e+00
      9.997    -0.8464   2.768205    -0.8459   2.768522    7.73459     0.2371    13.8155 0.0000e+00  -60.61633  -54.34100 1153547044 203.238963    34.1376      76739         23  0.000e+00
     10.074    -0.8467   2.768182    -0.8457   2.768534    7.73474     0.2263    13.8155 0.0000e+00  -60.61633  -54.34100 1153547044 203.238964    34.1376      76740         23  0.000e+00
     10.026    -0.8459   2.768165    -0.8459   2.768522    7.72990     0.2156    13.8155 0.0000e+00  -60.61633  -54.34100 1153547044 203.238964    34.1365      76741         23  0.000e+00
      9.998    -0.8459   2.768142    -0.8464   2.768534    7.72989     0.2048    13.8155 0.0000e+00  -60.61633  -54.34100 1153547044 203.238965    34.1362      76742         23  0.000e+00
     10.074    -0.8461   2.768139    -0.8467   2.768545    7.72999     0.2156    13.8155 0.0000e+00  -60.61633  -54.34100 1153547044 203.238965    34.1363      76743         23  0.000e+00
      9.959    -0.8470   2.768116    -0.8459   2.768522    7.73004     0.2263    13.8155 0.0000e+00  -60.61633  -54.34100 1153547044 203.238966    34.1371      76744         23  0.000e+00
     10.074    -0.8462   2.768129    -0.8462   2.768516    7.73003     0.1726    13.8155 0.0000e+00  -60.61633  -54.34100 1153547045 203.238966    34.1363      76745         23  0.000e+00
      9.959    -0.8462   2.768139    -0.8465   2.768534    7.73457     0.1403    13.8155 0.0000e+00  -60.61633  -54.34100 1153547045 203.238967    34.1365      76746         23  0.000e+00
      9.998    -0.8464   2.768129    -0.8460   2.768545    7.73464     0.1833    13.8155 0.0000e+00  -60.61633  -54.34100 1153547045 203.238967    34.1365      76747         23  0.000e+00
      9.998    -0.8461   2.768086    -0.8462   2.768563    7.73462     0.2156    13.8155 0.0000e+00  -60.61633  -54.34100 1153547045 203.238967    34.1356      76748         23  0.000e+00
      9.959    -0.8464   2.768103    -0.8464   2.768551    7.73462     0.2479    13.8155 0.0000e+00  -60.61633  -54.34100 1153547045 203.238968    34.1362      76749         23  0.000e+00
      9.998    -0.8467   2.768116    -0.8465   2.768563    7.73470     0.2263    13.8155 0.0000e+00  -60.61633  -54.34100 1153547045 203.238968    34.1367      76750         23  0.000e+00
      9.998    -0.8476   2.768109    -0.8464   2.768568    7.73485     0.2048    13.8155 0.0000e+00  -60.61633  -54.34100 1153547045 203.238969    34.1377      76751         23  0.000e+00
      9.960    -0.8468   2.768080    -0.8465   2.768568    7.73003     0.1833    13.8155 0.0000e+00  -60.61633  -54.34100 1153547045 203.238969    34.1364      76752         23  0.000e+00
      9.931    -0.8468   2.768073    -0.8465   2.768586    7.73001     0.1833    13.8155 0.0000e+00  -60.61633  -54.34100 1153547045 203.238970    34.1363      76753         23  0.000e+00
      9.960    -0.8471   2.768083    -0.8464   2.768574    7.73008     0.1941    13.8155 0.0000e+00  -60.61633  -54.34100 1153547045 203.238970    34.1368      76754         23  0.000e+00
      9.931    -0.8468   2.768076    -0.8465   2.768568    7.73000     0.2048    13.8155 0.0000e+00  -60.61633  -54.34100 1153547045 203.238971    34.1364      76755         23  0.000e+00
      9.998    -0.8464   2.768103    -0.8458   2.768551    7.73466     0.2371    13.8155 0.0000e+00  -60.61633  -54.34100 1153547045 203.238971    34.1362      76756         23  0.000e+00
      9.883    -0.8459   2.768109    -0.8459   2.768545    7.72979     0.2479    13.8155 0.0000e+00  -60.61633  -54.34100 1153547045 203.238972    34.1358      76757         23  0.000e+00
      9.820    -0.8510   2.767773    -0.8514   2.768070    7.73542     0.1403    13.8155 0.0000e+00  -60.61633  -54.34100 1153547052 203.239054    34.1371      76927         24  0.000e+00
      9.867    -0.8512   2.767780    -0.8517   2.768088    7.73550     0.1833    13.8155 0.0000e+00  -60.61633  -54.34100 1153547052 203.239054    34.1373      76928         24  0.000e+00
      9.724    -0.8513   2.767747    -0.8517   2.768094    7.73539     0.2048    13.8155 0.0000e+00  -60.61633  -54.34100 1153547052 203.239055    34.1371      76929         24  0.000e+00
      9.886    -0.8510   2.767721    -0.8516   2.768094    7.73086     0.2263    13.8155 0.0000e+00  -60.61633  -54.34100 1153547052 203.239055    34.1363      76930         24  0.000e+00
      9.791    -0.8515   2.767741    -0.8508   2.768111    7.73549     0.2694    13.8155 0.0000e+00  -60.61633  -54.34100 1153547052 203.239056    34.1372      76931         24  0.000e+00
      9.867    -0.8518   2.767757    -0.8513   2.768099    7.73562     0.2694    13.8155 0.0000e+00  -60.61633  -54.34100 1153547052 203.239056    34.1378      76932         24  0.000e+00
      9.753    -0.8515   2.767727    -0.8511   2.768094    7.73546     0.2156    13.8155 0.0000e+00  -60.61633  -54.34100 1153547052 203.239057    34.1370      76933         24  0.000e+00
      9.791    -0.8513   2.767708    -0.8514   2.768094    7.73549     0.1833    13.8155 0.0000e+00  -60.61633  -54.34100 1153547052 203.239057    34.1366      76934         24  0.000e+00
      9.820    -0.8515   2.767714    -0.8517   2.768053    7.73086     0.2371    13.8155 0.0000e+00  -60.61633  -54.34100 1153547052 203.239058    34.1368      76935         24  0.000e+00
      9.791    -0.8520   2.767698    -0.8519   2.768059    7.73092     0.2586    13.8155 0.0000e+00  -60.61633  -54.34100 1153547052 203.239058    34.1371      76936         24  0.000e+00
      9.791    -0.8516   2.767655    -0.8519   2.768047    7.73558     0.1833    13.8155 0.0000e+00  -60.61633  -54.34100 1153547052 203.239059    34.1362      76937         24  0.000e+00
      9.753    -0.8521   2.767645    -0.8522   2.768041    7.73561     0.1295    13.8155 0.0000e+00  -60.61633  -54.34100 1153547053 203.239059    34.1366      76938         24  0.000e+00
      9.791    -0.8518   2.767665    -0.8519   2.768041    7.73559     0.1941    13.8155 0.0000e+00  -60.61633  -54.34100 1153547053 203.239060    34.1365      76939         24  0.000e+00
      9.791    -0.8524   2.767698    -0.8525   2.768041    7.73567     0.2479    13.8155 0.0000e+00  -60.61633  -54.34100 1153547053 203.239060    34.1377      76940         24  0.000e+00
      9.820    -0.8524   2.767698    -0.8517   2.768041    7.73570     0.2263    13.8155 0.0000e+00  -60.61633  -54.34100 1153547053 203.239061    34.1376      76941         24  0.000e+00
      9.724    -0.8523   2.767694    -0.8523   2.768041    7.73558     0.1833    13.8155 0.0000e+00  -60.61633  -54.34100 1153547053 203.239061    34.1375      76942         24  0.000e+00
      9.791    -0.8518   2.767711    -0.8519   2.768041    7.73556     0.2156    13.8155 0.0000e+00  -60.61633  -54.34100 1153547053 203.239062    34.1371      76943         24  0.000e+00
      9.753    -0.8510   2.767708    -0.8522   2.768041    7.73540     0.1941    13.8155 0.0000e+00  -60.61633  -54.34100 1153547053 203.239062    34.1362      76944         24  0.000e+00
      9.791    -0.8516   2.767727    -0.8519   2.768059    7.73552     0.1941    13.8155 0.0000e+00  -60.61633  -54.34100 1153547053 203.239062    34.1372      76945         24  0.000e+00
      9.753    -0.8509   2.767770    -0.8517   2.768047    7.73533     0.1833    13.8155 0.0000e+00  -60.61633  -54.34100 1153547053 203.239063    34.1369      76946         24  0.000e+00
      9.725    -0.8502   2.767757    -0.8520   2.768041    7.73521     0.2156    13.8155 0.0000e+00  -60.61633  -54.34100 1153547053 203.239063    34.1360      76947         24  0.000e+00
      9.791    -0.8499   2.767757    -0.8523   2.768041    7.73524     0.1833    13.8155 0.0000e+00  -60.61633  -54.34100 1153547053 203.239064    34.1357      76948         24  0.000e+00
      9.753    -0.8505   2.767810    -0.8522   2.768024    7.73525     0.2048    13.8155 0.0000e+00  -60.61633  -54.34100 1153547053 203.239064    34.1371      76949         24  0.000e+00
      9.791    -0.8510   2.767767    -0.8528   2.768018    7.73540     0.2263    13.8155 0.0000e+00  -60.61633  -54.34100 1153547053 203.239065    34.1370      76950         24  0.000e+00
      9.725    -0.8509   2.767741    -0.8528   2.768036    7.73532     0.1833    13.8155 0.0000e+00  -60.61633  -54.34100 1153547053 203.239065    34.1365      76951         24  0.000e+00
      9.753    -0.8509   2.767770    -0.8525   2.768001    7.73534     0.2048    13.8155 0.0000e+00  -60.61633  -54.34100 1153547053 203.239066    34.1370      76952         24  0.000e+00
      9.791    -0.8509   2.767773    -0.8520   2.768024    7.73537     0.2371    13.8155 0.0000e+00  -60.61633  -54.34100 1153547053 203.239066    34.1369      76953         24  0.000e+00
      9.725    -0.8505   2.767780    -0.8524   2.768041    7.73525     0.2479    13.8155 0.0000e+00  -60.61633  -54.34100 1153547053 203.239067    34.1367      76954         24  0.000e+00
      9.753    -0.8505   2.767783    -0.8523   2.768076    7.73527     0.2371    13.8155 0.0000e+00  -60.61633  -54.34100 1153547053 203.239067    34.1367      76955         24  0.000e+00
      9.725    -0.8501   2.767773    -0.8520   2.768036    7.73518     0.1833    13.8155 0.0000e+00  -60.61633  -54.34100 1153547053 203.239068    34.1361      76956         24  0.000e+00
      9.753    -0.8499   2.767813    -0.8524   2.768053    7.73516     0.2048    13.8155 0.0000e+00  -60.61633  -54.34100 1153547053 203.239068    34.1364      76957         24  0.000e+00
      9.725    -0.8501   2.767826    -0.8523   2.768047    7.73514     0.2371    13.8155 0.0000e+00  -60.61633  -54.34100 1153547053 203.239069    34.1368      76958         24  0.000e+00
      9.791    -0.8498   2.767826    -0.8519   2.768059    7.73516     0.2263    13.8155 0.0000e+00  -60.61633  -54.34100 1153547053 203.239069    34.1364      76959         24  0.000e+00
      9.677    -0.8502   2.767819    -0.8516   2.768070    7.73512     0.1726    13.8155 0.0000e+00  -60.61633  -54.34100 1153547053 203.239070    34.1369      76960         24  0.000e+00
      9.792    -0.8502   2.767810    -0.8517   2.768070    7.73525     0.1726    13.8155 0.0000e+00  -60.61633  -54.34100 1153547053 203.239070    34.1367      76961         24  0.000e+00
      9.725    -0.8504   2.767820    -0.8522   2.768088    7.73519     0.1403    13.8155 0.0000e+00  -60.61633  -54.34100 1153547054 203.239071    34.1371      76962         24  0.000e+00
      9.753    -0.8501   2.767803    -0.8514   2.768094    7.73520     0.1295    13.8155 0.0000e+00  -60.61633  -54.34100 1153547054 203.239071    34.1365      76963         24  0.000e+00
      9.725    -0.8504   2.767803    -0.8519   2.768094    7.73521     0.1833    13.8155 0.0000e+00  -60.61633  -54.34100 1153547054 203.239072    34.1368      76964         24  0.000e+00
      9.725    -0.8501   2.767836    -0.8516   2.768094    7.73513     0.2048    13.8155 0.0000e+00  -60.61633  -54.34100 1153547054 203.239072    34.1369      76965         24  0.000e+00
      9.753    -0.8509   2.767810    -0.8514   2.768111    7.73998     0.1941    13.8155 0.0000e+00  -60.61633  -54.34100 1153547054 203.239073    34.1374      76966         24  0.000e+00
      9.725    -0.8502   2.767803    -0.8511   2.768123    7.73518     0.2263    13.8155 0.0000e+00  -60.61633  -54.34100 1153547054 203.239073    34.1366      76967         24  0.000e+00
      9.754    -0.8505   2.767820    -0.8508   2.768123    7.73525     0.2586    13.8155 0.0000e+00  -60.61633  -54.34100 1153547054 203.239074    34.1372      76968         24  0.000e+00
      9.725    -0.8505   2.767810    -0.8514   2.768082    7.73522     0.2371    13.8155 0.0000e+00  -60.61633  -54.34100 1153547054 203.239074    34.1371      76969         24  0.000e+00
      9.792    -0.8504   2.767816    -0.8522   2.768007    7.73527     0.1941    13.8155 0.0000e+00  -60.61633  -54.34100 1153547054 203.239075    34.1370      76970         24  0.000e+00
      9.754    -0.8505   2.767810    -0.8527   2.767972    7.73526     0.2156    13.8155 0.0000e+00  -60.61633  -54.34100 1153547054 203.239075    34.1371      76971         24  0.000e+00
      9.725    -0.8504   2.767820    -0.8525   2.767960    7.73519     0.2694    13.8155 0.0000e+00  -60.61633  -54.34100 1153547054 203.239076    34.1371      76972         24  0.000e+00
      9.725    -0.8503   2.767787    -0.8527   2.767943    7.73520     0.2371    13.8155 0.0000e+00  -60.61633  -54.34100 1153547054 203.239076    34.1365      76973         24  0.000e+00
      9.754    -0.8505   2.767796    -0.8527   2.767995    7.73526     0.1618    13.8155 0.0000e+00  -60.61633  -54.34100 1153547054 203.239076    34.1369      76974         24  0.000e+00
      9.792    -0.8501   2.767787    -0.8524   2.767995    7.73524     0.1403    13.8155 0.0000e+00  -60.61633  -54.34100 1153547054 203.239077    34.1362      76975         24  0.000e+00
