product_data/regression_test/downloaded_data/MDGS/320620060703/ctd/p6619901.ros
* Sea-Bird SBE 9 Data File:
* FileName = D:\Data\Raw\p6619901.dat
* Software Version Seasave Win32 V 5.32
* Temperature SN = 1649
* Conductivity SN = 1431
* Number of Bytes Per Scan = 37
* Number of Voltage Words = 5
* Number of Scans Averaged by the Deck Unit = 1
* NMEA Latitude = 62 59.55 S
* NMEA Longitude = 062 15.19 W
* NMEA UTC (Time) = 06:52:39
** Ship:   Nathaniel B. Palmer 
** Cruise:    NBP0606 
# nquan = 17
# nvalues = 1176                    
# units = specified
# name 0 = prDM: Pressure, Digiquartz [db]
# name 1 = t090C: Temperature [ITS-90, deg C]
# name 2 = c0S/m: Conductivity [S/m]
# name 3 = t190C: Temperature, 2 [ITS-90, deg C]
# name 4 = c1S/m: Conductivity, 2 [S/m]
# name 5 = sbeox0ML/L: Oxygen, SBE 43 [ml/l]
# name 6 = flECO-AFL: Fluorescence, Wetlab ECO-AFL/FL [mg/m^3]
# name 7 = bat: Beam Attenuation, Chelsea/Seatech/Wetlab CStar [1/m]
# name 8 = spar: SPAR/Surface Irradiance
# name 9 = latitude: Latitude [deg]
# name 10 = longitude: Longitude [deg]
# name 11 = timeY: Time, System [seconds]
# name 12 = timeJ: Julian Days
# name 13 = sal00: Salinity [PSU]
# name 14 = scan: scan number
# name 15 = nbf: number of bottles fired
# name 16 = flag:  0.000e+00
# interval = seconds: 0.0416667                   
# start_time = Jul 27 2006 06:52:46
*END*
[from data line 86]
    499.459     0.7471   2.957810     0.7473   2.958184    5.43665    -0.1004    13.8155 0.0000e+00  -62.99250  -62.25317 1153984986 208.307727    34.5690      43720          2  0.000e+00
    499.527     0.7466   2.957841     0.7469   2.958178    5.43674    -0.0343    13.8155 0.0000e+00  -62.99250  -62.25317 1153984986 208.307728    34.5698      43721          2  0.000e+00
    499.507     0.7466   2.957817     0.7469   2.958190    5.43673    -0.0123    13.8155 0.0000e+00  -62.99250  -62.25317 1153984986 208.307728    34.5696      43722          2  0.000e+00
    499.527     0.7467   2.957807     0.7465   2.958166    5.43195    -0.0123    13.8155 0.0000e+00  -62.99250  -62.25317 1153984987 208.307729    34.5693      43723          2  0.000e+00
    499.527     0.7466   2.957807     0.7469   2.958148    5.43675    -0.0343    13.8155 0.0000e+00  -62.99250  -62.25317 1153984987 208.307729    34.5694      43724          2  0.000e+00
    499.527     0.7466   2.957807     0.7470   2.958148    5.43675    -0.0454    13.8155 0.0000e+00  -62.99250  -62.25317 1153984987 208.307730    34.5694      43725          2  0.000e+00
    499.575     0.7467   2.957841     0.7467   2.958166    5.43676    -0.0454    13.8155 0.0000e+00  -62.99250  -62.25317 1153984987 208.307730    34.5697      43726          2  0.000e+00
    499.527     0.7471   2.957824     0.7468   2.958131    5.43669    -0.1004    13.8155 0.0000e+00  -62.99250  -62.25317 1153984987 208.307731    34.5691      43727          2  0.000e+00
    499.603     0.7464   2.957844     0.7465   2.958119    5.43681    -0.0564    13.8155 0.0000e+00  -62.99250  -62.25317 1153984987 208.307731    34.5700      43728          2  0.000e+00
    499.575     0.7467   2.957834     0.7469   2.958137    5.43676    -0.0233    13.8155 0.0000e+00  -62.99250  -62.25317 1153984987 208.307731    34.5696      43729          2  0.000e+00
    499.603     0.7471   2.957831     0.7473   2.958148    5.43675    -0.0123    13.8155 0.0000e+00  -62.99250  -62.25317 1153984987 208.307732    34.5692      43730          2  0.000e+00
    499.671     0.7471   2.957831     0.7467   2.958148    5.43680    -0.0454    13.8155 0.0000e+00  -62.99250  -62.25317 1153984987 208.307732    34.5691      43731          2  0.000e+00
    299.947     0.2247   2.894098     0.2224   2.894269    6.07454    -0.1335    13.8155 0.0000e+00  -62.99250  -62.25317 1153985225 208.310490    34.4372      49449          3  0.000e+00
    300.062     0.2244   2.894121     0.2226   2.894275    6.06994    -0.1445    13.8155 0.0000e+00  -62.99250  -62.25317 1153985225 208.310490    34.4378      49450          3  0.000e+00
    299.985     0.2249   2.894098     0.2230   2.894293    6.06983    -0.0674    13.8155 0.0000e+00  -62.99250  -62.25317 1153985225 208.310491    34.4370      49451          3  0.000e+00
    300.062     0.2230   2.894037     0.2229   2.894299    6.07015    -0.0013    13.8155 0.0000e+00  -62.99250  -62.25317 1153985225 208.310491    34.4383      49452          3  0.000e+00
    299.947     0.2224   2.894051     0.2230   2.894316    6.07013    -0.0343    13.8155 0.0000e+00  -62.99250  -62.25317 1153985225 208.310492    34.4392      49453          3  0.000e+00
    299.985     0.2233   2.894044     0.2222   2.894305    6.07477    -0.0123    13.8155 0.0000e+00  -62.99250  -62.25317 1153985225 208.310492    34.4380      49454          3  0.000e+00
    299.985     0.2233   2.894074     0.2226   2.894281    6.07476     0.0097    13.8155 0.0000e+00  -62.99250  -62.25317 1153985225 208.310493    34.4384      49455          3  0.000e+00
    299.947     0.2235   2.894068     0.2230   2.894293    6.06998     0.0207    13.8155 0.0000e+00  -62.99250  -62.25317 1153985225 208.310493    34.4382      49456          3  0.000e+00
    299.985     0.2235   2.894031     0.2229   2.894299    6.07003     0.0207    13.8155 0.0000e+00  -62.99250  -62.25317 1153985225 208.310494    34.4377      49457          3  0.000e+00
    299.918     0.2232   2.893984     0.2230   2.894299    6.07004    -0.0123    13.8155 0.0000e+00  -62.99250  -62.25317 1153985225 208.310494    34.4375      49458          3  0.000e+00
    299.947     0.2236   2.893937     0.2229   2.894281    6.07004    -0.0123    13.8155 0.0000e+00  -62.99250  -62.25317 1153985226 208.310495    34.4363      49459          3  0.000e+00
    299.986     0.2229   2.893873     0.2235   2.894334    6.07020     0.0097    13.8155 0.0000e+00  -62.99250  -62.25317 1153985226 208.310495    34.4363      49460          3  0.000e+00
    299.919     0.2216   2.893732     0.2233   2.894340    6.07037     0.0318    13.8155 0.0000e+00  -62.99250  -62.25317 1153985226 208.310496    34.4359      49461          3  0.000e+00
    299.986     0.2208   2.893604     0.2232   2.894305    6.07532     0.0207    13.8155 0.0000e+00  -62.99250  -62.25317 1153985226 208.310496    34.4351      49462          3  0.000e+00
    299.947     0.2201   2.893544     0.2227   2.894299    6.07541    -0.0784    13.8155 0.0000e+00  -62.99250  -62.25317 1153985226 208.310497    34.4351      49463          3  0.000e+00
    299.919     0.2197   2.893604     0.2226   2.894281    6.07067    -0.0784    13.8155 0.0000e+00  -62.99250  -62.25317 1153985226 208.310497    34.4363      49464          3  0.000e+00
    299.986     0.2202   2.893712     0.2227   2.894275    6.07061     0.0097    13.8155 0.0000e+00  -62.99250  -62.25317 1153985226 208.310498    34.4372      49465          3  0.000e+00
    299.947     0.2211   2.893809     0.2227   2.894252    6.07041    -0.0564    13.8155 0.0000e+00  -62.99250  -62.25317 1153985226 208.310498    34.4374      49466          3  0.000e+00
    299.986     0.2210   2.893866     0.2226   2.894269    6.07043    -0.0233    13.8155 0.0000e+00  -62.99250  -62.25317 1153985226 208.310499    34.4383      49467          3  0.000e+00
    300.062     0.2217   2.893829     0.2224   2.894275    6.07987    -0.0233    13.8155 0.0000e+00  -62.99250  -62.25317 1153985226 208.310499    34.4369      49468          3  0.000e+00
    300.014     0.2211   2.893742     0.2213   2.894187    6.07050    -0.1004    13.8155 0.0000e+00  -62.99250  -62.25317 1153985226 208.310500    34.4365      49469          3  0.000e+00
    299.986     0.2210   2.893752     0.2216   2.894146    6.07049    -0.0564    13.8155 0.0000e+00  -62.99250  -62.25317 1153985226 208.310500    34.4368      49470          3  0.000e+00
    300.062     0.2216   2.893866     0.2210   2.894093    6.07041    -0.0123    13.8155 0.0000e+00  -62.99250  -62.25317 1153985226 208.310501    34.4375      49471          3  0.000e+00
    300.014     0.2219   2.893866     0.2207   2.894099    6.07979    -0.0454    13.8155 0.0000e+00  -62.99250  -62.25317 1153985226 208.310501    34.4372      49472          3  0.000e+00
    300.129     0.2214   2.893806     0.2204   2.894069    6.07525    -0.0233    13.8155 0.0000e+00  -62.99250  -62.25317 1153985226 208.310502    34.4369      49473          3  0.000e+00
    300.062     0.2211   2.893769     0.2201   2.894040    6.07053    -0.0564    13.8155 0.0000e+00  -62.99250  -62.25317 1153985226 208.310502    34.4368      49474          3  0.000e+00
    300.129     0.2207   2.893782     0.2199   2.894028    6.07063    -0.0233    13.8155 0.0000e+00  -62.99250  -62.25317 1153985226 208.310503    34.4375      49475          3  0.000e+00
    300.081     0.2216   2.893890     0.2199   2.894004    6.07987    -0.0123    13.8155 0.0000e+00  -62.99250  -62.25317 1153985226 208.310503    34.4379      49476          3  0.000e+00
    300.129     0.2221   2.893873     0.2196   2.894016    6.07514    -0.0784    13.8155 0.0000e+00  -62.99250  -62.25317 1153985226 208.310503    34.4371      49477          3  0.000e+00
    300.129     0.2217   2.893823     0.2204   2.893987    6.07048    -0.0454    13.8155 0.0000e+00  -62.99250  -62.25317 1153985226 208.310504    34.4368      49478          3  0.000e+00
    300.158     0.2219   2.893759     0.2201   2.894034    6.07052    -0.1004    13.8155 0.0000e+00  -62.99250  -62.25317 1153985226 208.310504    34.4357      49479          3  0.000e+00
    300.129     0.2211   2.893792     0.2199   2.894040    6.07530    -0.1225    13.8155 0.0000e+00  -62.99250  -62.25317 1153985226 208.310505    34.4371      49480          3  0.000e+00
    300.196     0.2216   2.893843     0.2193   2.893963    6.07527    -0.1114    13.8155 0.0000e+00  -62.99250  -62.25317 1153985226 208.310505    34.4372      49481          3  0.000e+00
    300.158     0.2213   2.893890     0.2195   2.893946    6.07052    -0.0013    13.8155 0.0000e+00  -62.99250  -62.25317 1153985226 208.310506    34.4382      49482          3  0.000e+00
    300.196     0.2217   2.894024     0.2195   2.893922    6.07515    -0.0123    13.8155 0.0000e+00  -62.99250  -62.25317 1153985227 208.310506    34.4394      49483          3  0.000e+00
    300.196     0.2233   2.894272     0.2198   2.893957    6.07483     0.0097    13.8155 0.0000e+00  -62.99250  -62.25317 1153985227 208.310507    34.4409      49484          3  0.000e+00
    300.196     0.2233   2.894256     0.2202   2.894034    6.07011     0.0207    13.8155 0.0000e+00  -62.99250  -62.25317 1153985227 208.310507    34.4407      49485          3  0.000e+00
    300.158     0.2224   2.894259     0.2213   2.894116    6.07492    -0.0233    13.8155 0.0000e+00  -62.99250  -62.25317 1153985227 208.310508    34.4418      49486          3  0.000e+00
    300.273     0.2280   2.894967     0.2213   2.894122    6.07394    -0.0564    13.8155 0.0000e+00  -62.99250  -62.25317 1153985227 208.310508    34.4448      49487          3  0.000e+00
    300.197     0.2331   2.895474     0.2212   2.894087    6.06824    -0.0784    13.8155 0.0000e+00  -62.99250  -62.25317 1153985227 208.310509    34.4457      49488          3  0.000e+00
    300.225     0.2339   2.895464     0.2226   2.894140    6.07762    -0.0013    13.8155 0.0000e+00  -62.99250  -62.25317 1153985227 208.310509    34.4447      49489          3  0.000e+00
    300.197     0.2353   2.895618     0.2219   2.894163    6.07262     0.0538    13.8155 0.0000e+00  -62.99250  -62.25317 1153985227 208.310510    34.4452      49490          3  0.000e+00
    300.197     0.2434   2.896273     0.2218   2.894181    6.06655    -0.0343    13.8155 0.0000e+00  -62.99250  -62.25317 1153985227 208.310510    34.4447      49491          3  0.000e+00
    300.225     0.2517   2.896988     0.2263   2.894416    6.06516    -0.1004    13.8155 0.0000e+00  -62.99250  -62.25317 1153985227 208.310511    34.4448      49492          3  0.000e+00
    300.197     0.2535   2.897267     0.2329   2.894840    6.06949    -0.1114    13.8155 0.0000e+00  -62.99250  -62.25317 1153985227 208.310511    34.4465      49493          3  0.000e+00
    300.197     0.2551   2.897371     0.2414   2.895282    6.06924    -0.0564    13.8155 0.0000e+00  -62.99250  -62.25317 1153985227 208.310512    34.4461      49494          3  0.000e+00
    300.225     0.2551   2.897428     0.2468   2.895553    6.06451    -0.0343    13.8155 0.0000e+00  -62.99250  -62.25317 1153985227 208.310512    34.4468      49495          3  0.000e+00
    300.197     0.2545   2.897475     0.2504   2.895670    6.06926    -0.0784    13.8155 0.0000e+00  -62.99250  -62.25317 1153985227 208.310513    34.4482      49496          3  0.000e+00
    300.197     0.2558   2.897418     0.2502   2.895653    6.06913    -0.1335    13.8155 0.0000e+00  -62.99250  -62.25317 1153985227 208.310513    34.4460      49497          3  0.000e+00
    200.189    -0.2417   2.839167    -0.2252   2.841039    6.82853    -0.0123    13.8155 0.0000e+00  -62.99250  -62.25317 1153985365 208.312113    34.2929      52815          4  0.000e+00
    200.514    -0.2411   2.839201    -0.2250   2.841027    6.84290    -0.0784    13.8155 0.0000e+00  -62.99250  -62.25317 1153985365 208.312114    34.2925      52816          4  0.000e+00
    200.189    -0.2406   2.839237    -0.2254   2.841080    6.82834    -0.0564    13.8155 0.0000e+00  -62.99250  -62.25317 1153985366 208.312114    34.2926      52817          4  0.000e+00
    200.609    -0.2398   2.839287    -0.2240   2.841156    6.80972    -0.0454    13.8155 0.0000e+00  -62.99250  -62.25317 1153985366 208.312115    34.2921      52818          4  0.000e+00
    200.227    -0.2405   2.839284    -0.2237   2.841179    6.80473    -0.1225    13.8155 0.0000e+00  -62.99250  -62.25317 1153985366 208.312115    34.2930      52819          4  0.000e+00
    200.332    -0.2403   2.839281    -0.2239   2.841185    6.80480    -0.0564    13.8155 0.0000e+00  -62.99250  -62.25317 1153985366 208.312116    34.2927      52820          4  0.000e+00
    200.332    -0.2406   2.839261    -0.2247   2.841179    6.80486    -0.0784    13.8155 0.0000e+00  -62.99250  -62.25317 1153985366 208.312116    34.2928      52821          4  0.000e+00
    200.227    -0.2405   2.839317    -0.2253   2.841162    6.80471    -0.0454    13.8155 0.0000e+00  -62.99250  -62.25317 1153985366 208.312117    34.2935      52822          4  0.000e+00
    200.256    -0.2403   2.839347    -0.2271   2.841051    6.80469    -0.0123    13.8155 0.0000e+00  -62.99250  -62.25317 1153985366 208.312117    34.2936      52823          4  0.000e+00
    200.227    -0.2395   2.839417    -0.2330   2.840875    6.80452    -0.0013    13.8155 0.0000e+00  -62.99250  -62.25317 1153985366 208.312118    34.2938      52824          4  0.000e+00
    200.256    -0.2392   2.839474    -0.2369   2.840630    6.80446    -0.0123    13.8155 0.0000e+00  -62.99250  -62.25317 1153985366 208.312118    34.2941      52825          4  0.000e+00
    200.189    -0.2372   2.839527    -0.2410   2.840425    6.80409     0.0207    13.8155 0.0000e+00  -62.99250  -62.25317 1153985366 208.312119    34.2926      52826          4  0.000e+00
    200.160    -0.2361   2.839620    -0.2396   2.840367    6.80387    -0.0564    13.8155 0.0000e+00  -62.99250  -62.25317 1153985366 208.312119    34.2927      52827          4  0.000e+00
    200.189    -0.2355   2.839610    -0.2372   2.840437    6.80381    -0.1225    13.8155 0.0000e+00  -62.99250  -62.25317 1153985366 208.312120    34.2918      52828          4  0.000e+00
    200.160    -0.2354   2.839460    -0.2350   2.840559    6.80386    -0.0784    13.8155 0.0000e+00  -62.99250  -62.25317 1153985366 208.312120    34.2897      52829          4  0.000e+00
    200.122    -0.2398   2.839091    -0.2321   2.840653    6.80466    -0.0343    13.8155 0.0000e+00  -62.99250  -62.25317 1153985366 208.312120    34.2898      52830          4  0.000e+00
    200.122    -0.2456   2.838891    -0.2311   2.840525    6.80557    -0.0013    13.8155 0.0000e+00  -62.99250  -62.25317 1153985366 208.312121    34.2936      52831          4  0.000e+00
    200.093    -0.2444   2.838818    -0.2322   2.840261    6.80542     0.0428    13.8155 0.0000e+00  -62.99250  -62.25317 1153985366 208.312121    34.2913      52832          4  0.000e+00
    200.045    -0.2453   2.838701    -0.2367   2.840098    6.80557     0.0097    13.8155 0.0000e+00  -62.99250  -62.25317 1153985366 208.312122    34.2908      52833          4  0.000e+00
    200.017    -0.2477   2.838632    -0.2359   2.839975    6.80593     0.0318    13.8155 0.0000e+00  -62.99250  -62.25317 1153985366 208.312122    34.2926      52834          4  0.000e+00
    200.045    -0.2467   2.838688    -0.2365   2.839724    6.80577     0.0538    13.8155 0.0000e+00  -62.99250  -62.25317 1153985366 208.312123    34.2922      52835          4  0.000e+00
    199.979    -0.2465   2.838625    -0.2375   2.839601    6.80573    -0.0564    13.8155 0.0000e+00  -62.99250  -62.25317 1153985366 208.312123    34.2912      52836          4  0.000e+00
    199.950    -0.2485   2.838435    -0.2387   2.839531    6.80609    -0.0784    13.8155 0.0000e+00  -62.99250  -62.25317 1153985366 208.312124    34.2909      52837          4  0.000e+00
