product_data/regression_test/downloaded_data/MDGS/320620060703/ctd/p6617604.ros
* Sea-Bird SBE 9 Data File:
* FileName = D:\Data\Raw\p6617604.dat
* Software Version Seasave Win32 V 5.32
* Temperature SN = 1649
* Conductivity SN = 1431
* Number of Bytes Per Scan = 37
* Number of Voltage Words = 5
* Number of Scans Averaged by the Deck Unit = 1
* NMEA Latitude = 60 36.97 S
* NMEA Longitude = 054 43.19 W
* NMEA UTC (Time) = 07:30:31
** Ship:   Nathaniel B. Palmer 
** Cruise:    NBP0606 
# nquan = 17
# nvalues = 1176                    
# units = specified
# name 0 = prDM: Pressure, Digiquartz [db]
# name 1 = t090C: Temperature [ITS-90, deg C]
# name 2 = c0S/m: Conductivity [S/m]
# name 3 = t190C: Temperature, 2 [ITS-90, deg C]
# name 4 = c1S/m: Conductivity, 2 [S/m]
# name 5 = sbeox0ML/L: Oxygen, SBE 43 [ml/l]
# name 6 = flECO-AFL: Fluorescence, Wetlab ECO-AFL/FL [mg/m^3]
# name 7 = bat: Beam Attenuation, Chelsea/Seatech/Wetlab CStar [1/m]
# name 8 = spar: SPAR/Surface Irradiance
# name 9 = latitude: Latitude [deg]
# name 10 = longitude: Longitude [deg]
# name 11 = timeY: Time, System [seconds]
# name 12 = timeJ: Julian Days
# name 13 = sal00: Salinity [PSU]
# name 14 = scan: scan number
# name 15 = nbf: number of bottles fired
# name 16 = flag:  0.000e+00
# interval = seconds: 0.0416667                   
# start_time = Jul 21 2006 07:30:39
*END*
[from data line 1107]
     50.281    -0.6969   2.786007    -0.6962   2.786408    7.63443     0.3232    13.8155 0.0000e+00  -60.61617  -54.71983 1153467318 202.316201    34.1845       6739         23  0.000e+00
     50.357    -0.6973   2.786001    -0.6967   2.786390    7.63458     0.2586    13.8155 0.0000e+00  -60.61617  -54.71983 1153467318 202.316201    34.1848       6740         23  0.000e+00
     50.281    -0.6974   2.786011    -0.6965   2.786396    7.63450     0.2263    13.8155 0.0000e+00  -60.61617  -54.71983 1153467318 202.316202    34.1851       6741         23  0.000e+00
     50.357    -0.6969   2.786001    -0.6966   2.786408    7.63452     0.2371    13.8155 0.0000e+00  -60.61617  -54.71983 1153467318 202.316202    34.1844       6742         23  0.000e+00
     50.281    -0.6975   2.786011    -0.6965   2.786408    7.63453     0.2801    13.8155 0.0000e+00  -60.61617  -54.71983 1153467318 202.316203    34.1853       6743         23  0.000e+00
     50.357    -0.6972   2.786001    -0.6963   2.786443    7.63457     0.2801    13.8155 0.0000e+00  -60.61617  -54.71983 1153467318 202.316203    34.1847       6744         23  0.000e+00
     50.281    -0.6976   2.785994    -0.6962   2.786437    7.63455     0.2801    13.8155 0.0000e+00  -60.61617  -54.71983 1153467318 202.316204    34.1851       6745         23  0.000e+00
     50.281    -0.6972   2.785994    -0.6967   2.786413    7.63449     0.2263    13.8155 0.0000e+00  -60.61617  -54.71983 1153467318 202.316204    34.1847       6746         23  0.000e+00
     50.281    -0.6971   2.785978    -0.6964   2.786408    7.63448     0.2371    13.8155 0.0000e+00  -60.61617  -54.71983 1153467318 202.316205    34.1843       6747         23  0.000e+00
     50.281    -0.6975   2.785987    -0.6966   2.786425    7.63454     0.2479    13.8155 0.0000e+00  -60.61617  -54.71983 1153467318 202.316205    34.1850       6748         23  0.000e+00
     50.281    -0.6974   2.785964    -0.6964   2.786448    7.63454     0.2586    13.8155 0.0000e+00  -60.61617  -54.71983 1153467318 202.316206    34.1845       6749         23  0.000e+00
     50.281    -0.6974   2.786001    -0.6963   2.786431    7.63451     0.2586    13.8155 0.0000e+00  -60.61617  -54.71983 1153467318 202.316206    34.1849       6750         23  0.000e+00
     50.281    -0.6977   2.785984    -0.6964   2.786425    7.63457     0.2586    13.8155 0.0000e+00  -60.61617  -54.71983 1153467318 202.316207    34.1851       6751         23  0.000e+00
     50.214    -0.6972   2.786004    -0.6963   2.786431    7.63441     0.2586    13.8155 0.0000e+00  -60.61617  -54.71983 1153467318 202.316207    34.1849       6752         23  0.000e+00
     50.281    -0.6976   2.785964    -0.6964   2.786413    7.63457     0.2586    13.8155 0.0000e+00  -60.61617  -54.71983 1153467319 202.316208    34.1847       6753         23  0.000e+00
     50.281    -0.6971   2.785984    -0.6963   2.786408    7.63448     0.2801    13.8155 0.0000e+00  -60.61617  -54.71983 1153467319 202.316208    34.1844       6754         23  0.000e+00
     50.214    -0.6975   2.785978    -0.6965   2.786384    7.63448     0.2694    13.8155 0.0000e+00  -60.61617  -54.71983 1153467319 202.316209    34.1849       6755         23  0.000e+00
     50.281    -0.6977   2.785971    -0.6966   2.786396    7.63458     0.2801    13.8155 0.0000e+00  -60.61617  -54.71983 1153467319 202.316209    34.1849       6756         23  0.000e+00
     50.214    -0.6974   2.785954    -0.6967   2.786384    7.63447     0.2801    13.8155 0.0000e+00  -60.61617  -54.71983 1153467319 202.316209    34.1844       6757         23  0.000e+00
     50.214    -0.6974   2.785981    -0.6970   2.786379    7.63446     0.2694    13.8155 0.0000e+00  -60.61617  -54.71983 1153467319 202.316210    34.1848       6758         23  0.000e+00
     50.566    -0.6948   2.786245    -0.6930   2.786831    7.63424     0.2479    13.8155 0.0000e+00  -60.61617  -54.71983 1153467324 202.316276    34.1851       6895         24  0.000e+00
     50.490    -0.6945   2.786242    -0.6924   2.786773    7.63412     0.2586    13.8155 0.0000e+00  -60.61617  -54.71983 1153467324 202.316277    34.1848       6896         24  0.000e+00
     50.490    -0.6944   2.786205    -0.6930   2.786768    7.63414     0.2479    13.8155 0.0000e+00  -60.61617  -54.71983 1153467324 202.316277    34.1843       6897         24  0.000e+00
     50.490    -0.6952   2.786225    -0.6929   2.786768    7.63424     0.2586    13.8155 0.0000e+00  -60.61617  -54.71983 1153467325 202.316277    34.1854       6898         24  0.000e+00
     50.490    -0.6944   2.786209    -0.6936   2.786733    7.63882     0.2479    13.8155 0.0000e+00  -60.61617  -54.71983 1153467325 202.316278    34.1843       6899         24  0.000e+00
     50.490    -0.6950   2.786195    -0.6943   2.786663    7.63422     0.2479    13.8155 0.0000e+00  -60.61617  -54.71983 1153467325 202.316278    34.1847       6900         24  0.000e+00
     50.423    -0.6951   2.786195    -0.6941   2.786663    7.63885     0.2263    13.8155 0.0000e+00  -60.61617  -54.71983 1153467325 202.316279    34.1849       6901         24  0.000e+00
     50.490    -0.6951   2.786179    -0.6941   2.786652    7.63425     0.2586    13.8155 0.0000e+00  -60.61617  -54.71983 1153467325 202.316279    34.1846       6902         24  0.000e+00
     50.490    -0.6943   2.786205    -0.6939   2.786646    7.63880     0.2586    13.8155 0.0000e+00  -60.61617  -54.71983 1153467325 202.316280    34.1841       6903         24  0.000e+00
     50.423    -0.6949   2.786153    -0.6941   2.786617    7.63886     0.2371    13.8155 0.0000e+00  -60.61617  -54.71983 1153467325 202.316280    34.1841       6904         24  0.000e+00
     50.356    -0.6951   2.786195    -0.6944   2.786611    7.63410     0.2371    13.8155 0.0000e+00  -60.61617  -54.71983 1153467325 202.316281    34.1850       6905         24  0.000e+00
     50.489    -0.6951   2.786202    -0.6952   2.786634    7.63424     0.2263    13.8155 0.0000e+00  -60.61617  -54.71983 1153467325 202.316281    34.1849       6906         24  0.000e+00
     50.423    -0.6954   2.786179    -0.6945   2.786605    7.63423     0.2479    13.8155 0.0000e+00  -60.61617  -54.71983 1153467325 202.316282    34.1850       6907         24  0.000e+00
     50.356    -0.6944   2.786153    -0.6944   2.786593    7.63872     0.2586    13.8155 0.0000e+00  -60.61617  -54.71983 1153467325 202.316282    34.1836       6908         24  0.000e+00
     50.423    -0.6951   2.786136    -0.6947   2.786570    7.63421     0.2801    13.8155 0.0000e+00  -60.61617  -54.71983 1153467325 202.316283    34.1841       6909         24  0.000e+00
     50.356    -0.6950   2.786162    -0.6953   2.786559    7.63879     0.2479    13.8155 0.0000e+00  -60.61617  -54.71983 1153467325 202.316283    34.1844       6910         24  0.000e+00
     50.356    -0.6952   2.786143    -0.6947   2.786582    7.63884     0.2479    13.8155 0.0000e+00  -60.61617  -54.71983 1153467325 202.316284    34.1844       6911         24  0.000e+00
     50.356    -0.6954   2.786129    -0.6947   2.786593    7.63887     0.2586    13.8155 0.0000e+00  -60.61617  -54.71983 1153467325 202.316284    34.1844       6912         24  0.000e+00
     50.356    -0.6958   2.786159    -0.6948   2.786593    7.63893     0.2371    13.8155 0.0000e+00  -60.61617  -54.71983 1153467325 202.316285    34.1853       6913         24  0.000e+00
     50.356    -0.6956   2.786143    -0.6941   2.786611    7.63890     0.2156    13.8155 0.0000e+00  -60.61617  -54.71983 1153467325 202.316285    34.1848       6914         24  0.000e+00
     50.280    -0.6958   2.786143    -0.6944   2.786634    7.64354     0.2371    13.8155 0.0000e+00  -60.61617  -54.71983 1153467325 202.316286    34.1851       6915         24  0.000e+00
     50.280    -0.6958   2.786120    -0.6941   2.786646    7.64355     0.1941    13.8155 0.0000e+00  -60.61617  -54.71983 1153467325 202.316286    34.1848       6916         24  0.000e+00
     50.280    -0.6961   2.786139    -0.6947   2.786599    7.64358     0.1726    13.8155 0.0000e+00  -60.61617  -54.71983 1153467325 202.316287    34.1854       6917         24  0.000e+00
     50.280    -0.6955   2.786149    -0.6946   2.786570    7.63880     0.2156    13.8155 0.0000e+00  -60.61617  -54.71983 1153467325 202.316287    34.1849       6918         24  0.000e+00
     50.280    -0.6957   2.786136    -0.6947   2.786564    7.63884     0.2694    13.8155 0.0000e+00  -60.61617  -54.71983 1153467325 202.316288    34.1849       6919         24  0.000e+00
     50.213    -0.6957   2.786162    -0.6947   2.786564    7.63874     0.2694    13.8155 0.0000e+00  -60.61617  -54.71983 1153467325 202.316288    34.1853       6920         24  0.000e+00
     50.280    -0.6949   2.786172    -0.6947   2.786582    7.63869     0.2479    13.8155 0.0000e+00  -60.61617  -54.71983 1153467325 202.316289    34.1845       6921         24  0.000e+00
     50.213    -0.6952   2.786156    -0.6949   2.786553    7.63868     0.2371    13.8155 0.0000e+00  -60.61617  -54.71983 1153467326 202.316289    34.1846       6922         24  0.000e+00
     50.146    -0.6953   2.786149    -0.6948   2.786553    7.63862     0.2048    13.8155 0.0000e+00  -60.61617  -54.71983 1153467326 202.316290    34.1847       6923         24  0.000e+00
     50.213    -0.6951   2.786186    -0.6955   2.786541    7.63864     0.2048    13.8155 0.0000e+00  -60.61617  -54.71983 1153467326 202.316290    34.1849       6924         24  0.000e+00
     50.213    -0.6952   2.786159    -0.6950   2.786559    7.63868     0.2048    13.8155 0.0000e+00  -60.61617  -54.71983 1153467326 202.316291    34.1847       6925         24  0.000e+00
     50.146    -0.6954   2.786152    -0.6952   2.786564    7.64331     0.2694    13.8155 0.0000e+00  -60.61617  -54.71983 1153467326 202.316291    34.1848       6926         24  0.000e+00
     50.146    -0.6949   2.786149    -0.6956   2.786500    7.63856     0.2694    13.8155 0.0000e+00  -60.61617  -54.71983 1153467326 202.316291    34.1842       6927         24  0.000e+00
     50.146    -0.6954   2.786133    -0.6952   2.786500    7.63866     0.2263    13.8155 0.0000e+00  -60.61617  -54.71983 1153467326 202.316292    34.1846       6928         24  0.000e+00
     50.146    -0.6958   2.786113    -0.6948   2.786506    7.63873     0.2479    13.8155 0.0000e+00  -60.61617  -54.71983 1153467326 202.316292    34.1848       6929         24  0.000e+00
     50.070    -0.6957   2.786090    -0.6952   2.786529    7.63864     0.2479    13.8155 0.0000e+00  -60.61617  -54.71983 1153467326 202.316293    34.1844       6930         24  0.000e+00
     50.146    -0.6960   2.786103    -0.6953   2.786518    7.63876     0.2371    13.8155 0.0000e+00  -60.61617  -54.71983 1153467326 202.316293    34.1849       6931         24  0.000e+00
     50.070    -0.6957   2.786106    -0.6950   2.786512    7.63863     0.2479    13.8155 0.0000e+00  -60.61617  -54.71983 1153467326 202.316294    34.1846       6932         24  0.000e+00
     50.070    -0.6956   2.786070    -0.6950   2.786512    7.63864     0.2263    13.8155 0.0000e+00  -60.61617  -54.71983 1153467326 202.316294    34.1840       6933         24  0.000e+00
     50.003    -0.6963   2.786080    -0.6953   2.786489    7.64336     0.2263    13.8155 0.0000e+00  -60.61617  -54.71983 1153467326 202.316295    34.1850       6934         24  0.000e+00
     50.070    -0.6958   2.786083    -0.6950   2.786518    7.64336     0.2371    13.8155 0.0000e+00  -60.61617  -54.71983 1153467326 202.316295    34.1845       6935         24  0.000e+00
     50.003    -0.6958   2.786067    -0.6950   2.786495    7.64330     0.2586    13.8155 0.0000e+00  -60.61617  -54.71983 1153467326 202.316296    34.1843       6936         24  0.000e+00
     50.070    -0.6964   2.786077    -0.6955   2.786483    7.64344     0.2263    13.8155 0.0000e+00  -60.61617  -54.71983 1153467326 202.316296    34.1850       6937         24  0.000e+00
     50.003    -0.6958   2.786083    -0.6950   2.786500    7.64329     0.2909    13.8155 0.0000e+00  -60.61617  -54.71983 1153467326 202.316297    34.1845       6938         24  0.000e+00
     49.936    -0.6963   2.786103    -0.6956   2.786489    7.63859     0.2586    13.8155 0.0000e+00  -60.61617  -54.71983 1153467326 202.316297    34.1853       6939         24  0.000e+00
     50.003    -0.6958   2.786139    -0.6949   2.786500    7.63856     0.2371    13.8155 0.0000e+00  -60.61617  -54.71983 1153467326 202.316298    34.1853       6940         24  0.000e+00
     49.936    -0.6958   2.786119    -0.6953   2.786529    7.63851     0.2694    13.8155 0.0000e+00  -60.61617  -54.71983 1153467326 202.316298    34.1850       6941         24  0.000e+00
     50.003    -0.6954   2.786106    -0.6949   2.786535    7.64320     0.2694    13.8155 0.0000e+00  -60.61617  -54.71983 1153467326 202.316299    34.1843       6942         24  0.000e+00
     49.936    -0.6960   2.786086    -0.6952   2.786518    7.63855     0.2586    13.8155 0.0000e+00  -60.61617  -54.71983 1153467326 202.316299    34.1848       6943         24  0.000e+00
