product_data/regression_test/downloaded_data/MDGS/320620060703/ctd/p6617609.ros
* Sea-Bird SBE 9 Data File:
* FileName = D:\Data\Raw\p6617609.dat
* Software Version Seasave Win32 V 5.32
* Temperature SN = 1649
* Conductivity SN = 1431
* Number of Bytes Per Scan = 37
* Number of Voltage Words = 5
* Number of Scans Averaged by the Deck Unit = 1
* NMEA Latitude = 60 36.97 S
* NMEA Longitude = 054 43.19 W
* NMEA UTC (Time) = 12:39:49
** Ship:   Nathaniel B. Palmer 
** Cruise:    NBP0606 
# nquan = 17
# nvalues = 1176                    
# units = specified
# name 0 = prDM: Pressure, Digiquartz [db]
# name 1 = t090C: Temperature [ITS-90, deg C]
# name 2 = c0S/m: Conductivity [S/m]
# name 3 = t190C: Temperature, 2 [ITS-90, deg C]
# name 4 = c1S/m: Conductivity, 2 [S/m]
# name 5 = sbeox0ML/L: Oxygen, SBE 43 [ml/l]
# name 6 = flECO-AFL: Fluorescence, Wetlab ECO-AFL/FL [mg/m^3]
# name 7 = bat: Beam Attenuation, Chelsea/Seatech/Wetlab CStar [1/m]
# name 8 = spar: SPAR/Surface Irradiance
# name 9 = latitude: Latitude [deg]
# name 10 = longitude: Longitude [deg]
# name 11 = timeY: Time, System [seconds]
# name 12 = timeJ: Julian Days
# name 13 = sal00: Salinity [PSU]
# name 14 = scan: scan number
# name 15 = nbf: number of bottles fired
# name 16 = flag:  0.000e+00
# interval = seconds: 0.0416667                   
# start_time = Jul 21 2006 12:39:57
*END*
[from data line 852]
    299.401     1.2655   2.994054     1.2711   2.994832    4.95809    -0.1072    13.8155 1.7533e+01  -60.61617  -54.71983 1153486269 202.535547    34.5770      16183         18  0.000e+00
    299.468     1.2659   2.994143     1.2712   2.994790    4.95345    -0.0642    13.8155 1.7533e+01  -60.61617  -54.71983 1153486269 202.535547    34.5776      16184         18  0.000e+00
    299.468     1.2659   2.994140     1.2707   2.994778    4.95345    -0.0426    13.8155 1.7533e+01  -60.61617  -54.71983 1153486269 202.535548    34.5776      16185         18  0.000e+00
    299.430     1.2663   2.994197     1.2700   2.994743    4.95797    -0.0534    13.8155 1.7533e+01  -60.61617  -54.71983 1153486269 202.535548    34.5780      16186         18  0.000e+00
    299.545     1.2674   2.994327     1.2696   2.994665    4.95328    -0.0857    13.8155 1.7533e+01  -60.61617  -54.71983 1153486269 202.535549    34.5784      16187         18  0.000e+00
    299.468     1.2683   2.994419     1.2695   2.994683    4.95310    -0.0749    13.8155 1.7533e+01  -60.61617  -54.71983 1153486269 202.535549    34.5786      16188         18  0.000e+00
    299.545     1.2697   2.994542     1.2693   2.994683    4.95295    -0.0534    13.8155 1.7533e+01  -60.61617  -54.71983 1153486269 202.535550    34.5785      16189         18  0.000e+00
    299.573     1.2711   2.994685     1.2690   2.994629    4.95277    -0.1072    13.8155 1.7533e+01  -60.61617  -54.71983 1153486269 202.535550    34.5788      16190         18  0.000e+00
    299.545     1.2724   2.994773     1.2689   2.994659    4.95258    -0.0857    13.8155 1.7533e+01  -60.61617  -54.71983 1153486269 202.535551    34.5785      16191         18  0.000e+00
    299.612     1.2729   2.994794     1.2691   2.994677    4.95717    -0.0534    13.8155 1.7533e+01  -60.61617  -54.71983 1153486269 202.535551    34.5782      16192         18  0.000e+00
    299.612     1.2732   2.994756     1.2695   2.994653    4.95256    -0.0534    13.8155 1.7533e+01  -60.61617  -54.71983 1153486269 202.535552    34.5774      16193         18  0.000e+00
    299.497     1.2730   2.994726     1.2692   2.994647    4.95251    -0.0857    13.8155 1.7533e+01  -60.61617  -54.71983 1153486269 202.535552    34.5773      16194         18  0.000e+00
    299.755     1.2733   2.994705     1.2691   2.994665    4.95727    -0.0749    13.8155 1.7533e+01  -60.61617  -54.71983 1153486270 202.535553    34.5765      16195         18  0.000e+00
    299.679     1.2730   2.994661     1.2696   2.994725    4.95266    -0.0857    13.8155 1.7533e+01  -60.61617  -54.71983 1153486270 202.535553    34.5763      16196         18  0.000e+00
    299.679     1.2722   2.994613     1.2695   2.994707    4.95276    -0.1072    13.8155 1.7533e+01  -60.61617  -54.71983 1153486270 202.535554    34.5766      16197         18  0.000e+00
    299.717     1.2711   2.994494     1.2695   2.994701    4.95755    -0.0857    13.8155 1.7533e+01  -60.61617  -54.71983 1153486270 202.535554    34.5763      16198         18  0.000e+00
    299.755     1.2705   2.994426     1.2701   2.994761    4.95767    -0.0857    13.8155 1.7533e+01  -60.61617  -54.71983 1153486270 202.535555    34.5761      16199         18  0.000e+00
    299.755     1.2697   2.994412     1.2703   2.994767    4.95775    -0.0964    13.8155 1.5585e+01  -60.61617  -54.71983 1153486270 202.535555    34.5767      16200         18  0.000e+00
    299.784     1.2693   2.994358     1.2696   2.994761    4.95784    -0.0642    13.8155 1.5585e+01  -60.61617  -54.71983 1153486270 202.535556    34.5765      16201         18  0.000e+00
    299.822     1.2686   2.994341     1.2701   2.994713    4.95794    -0.0534    13.8155 1.5585e+01  -60.61617  -54.71983 1153486270 202.535556    34.5770      16202         18  0.000e+00
    299.822     1.2691   2.994429     1.2692   2.994701    4.95326    -0.0964    13.8155 1.7533e+01  -60.61617  -54.71983 1153486270 202.535557    34.5776      16203         18  0.000e+00
    299.822     1.2700   2.994494     1.2693   2.994719    4.95313    -0.0534    13.8155 1.7533e+01  -60.61617  -54.71983 1153486270 202.535557    34.5774      16204         18  0.000e+00
    299.851     1.2702   2.994528     1.2692   2.994707    4.95312    -0.0426    13.8155 1.7533e+01  -60.61617  -54.71983 1153486270 202.535557    34.5776      16205         18  0.000e+00
    299.899     1.2700   2.994422     1.2682   2.994612    4.95322    -0.1072    13.8155 1.7533e+01  -60.61617  -54.71983 1153486270 202.535558    34.5765      16206         18  0.000e+00
    299.899     1.2691   2.994368     1.2678   2.994570    4.95333    -0.1072    13.8155 1.7533e+01  -60.61617  -54.71983 1153486270 202.535558    34.5768      16207         18  0.000e+00
    299.966     1.2675   2.994041     1.2665   2.994486    4.95368    -0.0749    13.8155 1.5585e+01  -60.61617  -54.71983 1153486270 202.535559    34.5743      16208         18  0.000e+00
    299.927     1.2636   2.993468     1.2656   2.994349    4.95429    -0.0426    13.8155 1.7533e+01  -60.61617  -54.71983 1153486270 202.535559    34.5713      16209         18  0.000e+00
    299.966     1.2589   2.993155     1.2649   2.994266    4.95953    -0.0534    13.8155 1.7533e+01  -60.61617  -54.71983 1153486270 202.535560    34.5725      16210         18  0.000e+00
    300.033     1.2567   2.993281     1.2650   2.994254    4.95975    -0.0642    13.8155 1.7533e+01  -60.61617  -54.71983 1153486270 202.535560    34.5765      16211         18  0.000e+00
    299.966     1.2578   2.993700     1.2637   2.994254    4.95941    -0.1072    13.8155 1.7533e+01  -60.61617  -54.71983 1153486270 202.535561    34.5807      16212         18  0.000e+00
    300.702     1.2579   2.993370     1.2544   2.993318    4.96004    -0.0749    13.8155 1.7533e+01  -60.61617  -54.71983 1153486277 202.535640    34.5759      16376         19  0.000e+00
    300.673     1.2583   2.993367     1.2546   2.993342    4.95999    -0.0319    13.8155 1.7533e+01  -60.61617  -54.71983 1153486277 202.535640    34.5755      16377         19  0.000e+00
    300.529     1.2575   2.993384     1.2538   2.993318    4.95996    -0.0426    13.8155 1.7533e+01  -60.61617  -54.71983 1153486277 202.535641    34.5767      16378         19  0.000e+00
    300.625     1.2575   2.993390     1.2539   2.993342    4.96003    -0.0642    13.8155 1.7533e+01  -60.61617  -54.71983 1153486277 202.535641    34.5767      16379         19  0.000e+00
    300.596     1.2581   2.993390     1.2546   2.993360    4.95994    -0.0534    13.8155 1.7533e+01  -60.61617  -54.71983 1153486277 202.535642    34.5760      16380         19  0.000e+00
    300.596     1.2591   2.993353     1.2550   2.993384    4.95986    -0.0534    13.8155 1.7533e+01  -60.61617  -54.71983 1153486277 202.535642    34.5745      16381         19  0.000e+00
    300.529     1.2592   2.993360     1.2563   2.993491    4.95980    -0.0642    13.8155 1.7533e+01  -60.61617  -54.71983 1153486277 202.535643    34.5744      16382         19  0.000e+00
    300.558     1.2594   2.993418     1.2572   2.993569    4.95518    -0.0857    13.8155 1.7533e+01  -60.61617  -54.71983 1153486277 202.535643    34.5750      16383         19  0.000e+00
    300.596     1.2601   2.993540     1.2581   2.993646    4.95507    -0.0857    13.8155 1.7533e+01  -60.61617  -54.71983 1153486277 202.535644    34.5757      16384         19  0.000e+00
    300.529     1.2609   2.993544     1.2584   2.993670    4.95955    -0.0642    13.8155 1.7533e+01  -60.61617  -54.71983 1153486277 202.535644    34.5749      16385         19  0.000e+00
    300.386     1.2611   2.993584     1.2591   2.993688    4.95941    -0.0749    13.8155 1.7533e+01  -60.61617  -54.71983 1153486277 202.535645    34.5753      16386         19  0.000e+00
    300.558     1.2606   2.993622     1.2592   2.993759    4.95956    -0.1287    13.8155 1.7533e+01  -60.61617  -54.71983 1153486278 202.535645    34.5762      16387         19  0.000e+00
    300.462     1.2608   2.993608     1.2598   2.993801    4.95949    -0.1072    13.8155 1.7533e+01  -60.61617  -54.71983 1153486278 202.535646    34.5759      16388         19  0.000e+00
    300.462     1.2616   2.993619     1.2597   2.993807    4.95940    -0.0749    13.8155 1.7533e+01  -60.61617  -54.71983 1153486278 202.535646    34.5752      16389         19  0.000e+00
    300.414     1.2616   2.993646     1.2603   2.993855    4.95936    -0.0857    13.8155 1.7533e+01  -60.61617  -54.71983 1153486278 202.535647    34.5756      16390         19  0.000e+00
    300.386     1.2617   2.993632     1.2603   2.993884    4.95933    -0.1072    13.8155 1.7533e+01  -60.61617  -54.71983 1153486278 202.535647    34.5753      16391         19  0.000e+00
    300.386     1.2612   2.993642     1.2605   2.993872    4.95938    -0.0857    13.8155 1.7533e+01  -60.61617  -54.71983 1153486278 202.535648    34.5759      16392         19  0.000e+00
    300.386     1.2612   2.993598     1.2608   2.993884    4.95939    -0.0642    13.8155 1.7533e+01  -60.61617  -54.71983 1153486278 202.535648    34.5753      16393         19  0.000e+00
    300.347     1.2614   2.993578     1.2608   2.993890    4.95936    -0.0426    13.8155 1.7533e+01  -60.61617  -54.71983 1153486278 202.535649    34.5749      16394         19  0.000e+00
    300.319     1.2611   2.993578     1.2614   2.993932    4.95937    -0.0642    13.8155 1.5585e+01  -60.61617  -54.71983 1153486278 202.535649    34.5753      16395         19  0.000e+00
    300.319     1.2606   2.993578     1.2617   2.993950    4.95942    -0.0642    13.8155 1.5585e+01  -60.61617  -54.71983 1153486278 202.535650    34.5758      16396         19  0.000e+00
    300.271     1.2603   2.993595     1.2615   2.993950    4.95941    -0.1072    13.8155 1.5585e+01  -60.61617  -54.71983 1153486278 202.535650    34.5764      16397         19  0.000e+00
    300.242     1.2606   2.993601     1.2620   2.993950    4.95936    -0.0642    13.8155 1.7533e+01  -60.61617  -54.71983 1153486278 202.535651    34.5762      16398         19  0.000e+00
    300.175     1.2608   2.993710     1.2622   2.993974    4.95925    -0.0749    13.8155 1.7533e+01  -60.61617  -54.71983 1153486278 202.535651    34.5774      16399         19  0.000e+00
    300.242     1.2616   2.993762     1.2623   2.993998    4.95919    -0.1072    13.8155 1.7533e+01  -60.61617  -54.71983 1153486278 202.535652    34.5771      16400         19  0.000e+00
    300.137     1.2616   2.993802     1.2628   2.994004    4.95910    -0.1072    13.8155 1.7533e+01  -60.61617  -54.71983 1153486278 202.535652    34.5777      16401         19  0.000e+00
    300.108     1.2623   2.993836     1.2630   2.994039    4.95899    -0.1072    13.8155 1.7533e+01  -60.61617  -54.71983 1153486278 202.535652    34.5773      16402         19  0.000e+00
    300.175     1.2636   2.993874     1.2631   2.994057    4.95889    -0.0749    13.8155 1.7533e+01  -60.61617  -54.71983 1153486278 202.535653    34.5764      16403         19  0.000e+00
    300.031     1.2645   2.993888     1.2640   2.994099    4.95869    -0.0964    13.8155 1.7533e+01  -60.61617  -54.71983 1153486278 202.535653    34.5756      16404         19  0.000e+00
    300.137     1.2652   2.993922     1.2642   2.994135    4.95869    -0.1072    13.8155 1.7533e+01  -60.61617  -54.71983 1153486278 202.535654    34.5753      16405         19  0.000e+00
    300.031     1.2652   2.993973     1.2648   2.994206    4.95859    -0.0534    13.8155 1.7533e+01  -60.61617  -54.71983 1153486278 202.535654    34.5760      16406         19  0.000e+00
    299.964     1.2658   2.994037     1.2653   2.994230    4.95846    -0.0319    13.8155 1.7533e+01  -60.61617  -54.71983 1153486278 202.535655    34.5762      16407         19  0.000e+00
    299.964     1.2663   2.994054     1.2662   2.994266    4.95840    -0.0319    13.8155 1.7533e+01  -60.61617  -54.71983 1153486278 202.535655    34.5759      16408         19  0.000e+00
    299.993     1.2666   2.994109     1.2661   2.994343    4.95837    -0.0319    13.8155 1.5585e+01  -60.61617  -54.71983 1153486278 202.535656    34.5762      16409         19  0.000e+00
    299.897     1.2669   2.994109     1.2665   2.994373    4.95827    -0.0426    13.8155 1.5585e+01  -60.61617  -54.71983 1153486278 202.535656    34.5759      16410         19  0.000e+00
    299.897     1.2667   2.994082     1.2662   2.994343    4.95829    -0.0426    13.8155 1.7533e+01  -60.61617  -54.71983 1153486279 202.535657    34.5757      16411         19  0.000e+00
    299.849     1.2672   2.994099     1.2670   2.994355    4.95821    -0.0426    13.8155 1.7533e+01  -60.61617  -54.71983 1153486279 202.535657    34.5754      16412         19  0.000e+00
    299.821     1.2670   2.994085     1.2670   2.994385    4.96282    -0.0319    13.8155 1.7533e+01  -60.61617  -54.71983 1153486279 202.535658    34.5756      16413         19  0.000e+00
    299.821     1.2661   2.994095     1.2678   2.994457    4.95830    -0.0534    13.8155 1.7533e+01  -60.61617  -54.71983 1153486279 202.535658    34.5766      16414         19  0.000e+00
    299.754     1.2669   2.994157     1.2679   2.994480    4.95815    -0.0857    13.8155 1.7533e+01  -60.61617  -54.71983 1153486279 202.535659    34.5766      16415         19  0.000e+00
    299.782     1.2678   2.994157     1.2681   2.994516    4.95807    -0.0857    13.8155 1.7533e+01  -60.61617  -54.71983 1153486279 202.535659    34.5756      16416         19  0.000e+00
    299.677     1.2678   2.994221     1.2689   2.994534    4.95797    -0.0749    13.8155 1.7533e+01  -60.61617  -54.71983 1153486279 202.535660    34.5764      16417         19  0.000e+00
    299.754     1.2681   2.994283     1.2689   2.994534    4.96257    -0.0426    13.8155 1.7533e+01  -60.61617  -54.71983 1153486279 202.535660    34.5768      16418         19  0.000e+00
    299.610     1.2686   2.994310     1.2691   2.994570    4.95781    -0.0211    13.8155 1.7533e+01  -60.61617  -54.71983 1153486279 202.535661    34.5767      16419         19  0.000e+00
    299.639     1.2686   2.994317     1.2693   2.994606    4.96243    -0.0534    13.8155 1.5585e+01  -60.61617  -54.71983 1153486279 202.535661    34.5768      16420         19  0.000e+00
    299.610     1.2691   2.994296     1.2698   2.994671    4.95777    -0.0534    13.8155 1.5585e+01  -60.61617  -54.71983 1153486279 202.535662    34.5761      16421         19  0.000e+00
    299.543     1.2683   2.994242     1.2698   2.994677    4.95782    -0.0749    13.8155 1.7533e+01  -60.61617  -54.71983 1153486279 202.535662    34.5763      16422         19  0.000e+00
    299.610     1.2677   2.994255     1.2700   2.994653    4.95793    -0.1072    13.8155 1.7533e+01  -60.61617  -54.71983 1153486279 202.535663    34.5771      16423         19  0.000e+00
    299.495     1.2677   2.994214     1.2700   2.994665    4.95786    -0.1072    13.8155 1.7533e+01  -60.61617  -54.71983 1153486279 202.535663    34.5765      16424         19  0.000e+00
    300.949     1.2490   2.992723     1.2404   2.992073    4.95679    -0.0319    13.8155 1.7533e+01  -60.61617  -54.71983 1153486287 202.535751    34.5773      16607         20  0.000e+00
    300.949     1.2504   2.992750     1.2382   2.991870    4.95663    -0.0749    13.8155 1.7533e+01  -60.61617  -54.71983 1153486287 202.535752    34.5761      16608         20  0.000e+00
    301.054     1.2509   2.992798     1.2379   2.991840    4.95664    -0.0857    13.8155 1.5585e+01  -60.61617  -54.71983 1153486287 202.535752    34.5761      16609         20  0.000e+00
    301.026     1.2522   2.992890     1.2391   2.991888    4.95645    -0.0857    13.8155 1.7533e+01  -60.61617  -54.71983 1153486287 202.535753    34.5759      16610         20  0.000e+00
    301.026     1.2523   2.992733     1.2384   2.991906    4.95650    -0.0749    13.8155 1.7533e+01  -60.61617  -54.71983 1153486287 202.535753    34.5738      16611         20  0.000e+00
