product_data/regression_test/downloaded_data/MDGS/320620060703/ctd/p6619605.ros
* Sea-Bird SBE 9 Data File:
* FileName = D:\Data\Raw\p6619605.dat
* Software Version Seasave Win32 V 5.32
* Temperature SN = 1649
* Conductivity SN = 1431
* Number of Bytes Per Scan = 37
* Number of Voltage Words = 5
* Number of Scans Averaged by the Deck Unit = 1
* NMEA Latitude = 60 45.36 S
* NMEA Longitude = 057 33.03 W
* NMEA UTC (Time) = 03:23:55
** Ship:   Nathaniel B. Palmer 
** Cruise:    NBP0606 
# nquan = 17
# nvalues = 1176                    
# units = specified
# name 0 = prDM: Pressure, Digiquartz [db]
# name 1 = t090C: Temperature [ITS-90, deg C]
# name 2 = c0S/m: Conductivity [S/m]
# name 3 = t190C: Temperature, 2 [ITS-90, deg C]
# name 4 = c1S/m: Conductivity, 2 [S/m]
# name 5 = sbeox0ML/L: Oxygen, SBE 43 [ml/l]
# name 6 = flECO-AFL: Fluorescence, Wetlab ECO-AFL/FL [mg/m^3]
# name 7 = bat: Beam Attenuation, Chelsea/Seatech/Wetlab CStar [1/m]
# name 8 = spar: SPAR/Surface Irradiance
# name 9 = latitude: Latitude [deg]
# name 10 = longitude: Longitude [deg]
# name 11 = timeY: Time, System [seconds]
# name 12 = timeJ: Julian Days
# name 13 = sal00: Salinity [PSU]
# name 14 = scan: scan number
# name 15 = nbf: number of bottles fired
# name 16 = flag:  0.000e+00
# interval = seconds: 0.0416667                   
# start_time = Jul 25 2006 03:24:03
*END*
[from data line 852]
     74.886    -0.9500   2.742347    -0.9497   2.742824    8.04843     0.1188    13.8155 0.0000e+00  -60.75600  -57.55050 1153805556 206.230999    33.8626     185169         18  0.000e+00
     74.886    -0.9496   2.742354    -0.9501   2.742824    8.04837     0.0972    13.8155 0.0000e+00  -60.75600  -57.55050 1153805556 206.231000    33.8623     185170         18  0.000e+00
     74.867    -0.9501   2.742341    -0.9501   2.742806    8.04844     0.0327    13.8155 0.0000e+00  -60.75600  -57.55050 1153805556 206.231000    33.8627     185171         18  0.000e+00
     74.886    -0.9501   2.742338    -0.9503   2.742818    8.04846     0.0112    13.8155 0.0000e+00  -60.75600  -57.55050 1153805556 206.231001    33.8627     185172         18  0.000e+00
     74.867    -0.9501   2.742318    -0.9504   2.742806    8.04845     0.0219    13.8155 0.0000e+00  -60.75600  -57.55050 1153805556 206.231001    33.8624     185173         18  0.000e+00
     74.886    -0.9500   2.742331    -0.9503   2.742818    8.04844     0.0327    13.8155 0.0000e+00  -60.75600  -57.55050 1153805556 206.231002    33.8624     185174         18  0.000e+00
     74.867    -0.9501   2.742354    -0.9506   2.742806    8.04843     0.0327    13.8155 0.0000e+00  -60.75600  -57.55050 1153805556 206.231002    33.8629     185175         18  0.000e+00
     74.886    -0.9496   2.742341    -0.9498   2.742777    8.04838     0.0542    13.8155 0.0000e+00  -60.75600  -57.55050 1153805556 206.231003    33.8621     185176         18  0.000e+00
     74.867    -0.9503   2.742354    -0.9501   2.742772    8.04845     0.0650    13.8155 0.0000e+00  -60.75600  -57.55050 1153805556 206.231003    33.8631     185177         18  0.000e+00
     74.886    -0.9494   2.742361    -0.9506   2.742772    8.04832     0.0542    13.8155 0.0000e+00  -60.75600  -57.55050 1153805556 206.231004    33.8621     185178         18  0.000e+00
     74.791    -0.9500   2.742311    -0.9506   2.742754    8.04835     0.0542    13.8155 0.0000e+00  -60.75600  -57.55050 1153805557 206.231004    33.8622     185179         18  0.000e+00
     74.820    -0.9495   2.742344    -0.9509   2.742749    8.04828     0.0542    13.8155 0.0000e+00  -60.75600  -57.55050 1153805557 206.231005    33.8621     185180         18  0.000e+00
     74.791    -0.9500   2.742361    -0.9506   2.742766    8.04357     0.0650    13.8155 0.0000e+00  -60.75600  -57.55050 1153805557 206.231005    33.8628     185181         18  0.000e+00
     74.820    -0.9500   2.742377    -0.9508   2.742760    8.04359     0.0757    13.8155 0.0000e+00  -60.75600  -57.55050 1153805557 206.231005    33.8630     185182         18  0.000e+00
     74.724    -0.9495   2.742347    -0.9503   2.742749    8.04817     0.0542    13.8155 0.0000e+00  -60.75600  -57.55050 1153805557 206.231006    33.8622     185183         18  0.000e+00
     74.743    -0.9495   2.742338    -0.9508   2.742766    8.04820     0.0650    13.8155 0.0000e+00  -60.75600  -57.55050 1153805557 206.231006    33.8620     185184         18  0.000e+00
     74.791    -0.9503   2.742305    -0.9501   2.742754    8.04840     0.0757    13.8155 0.0000e+00  -60.75600  -57.55050 1153805557 206.231007    33.8624     185185         18  0.000e+00
     74.677    -0.9500   2.742344    -0.9501   2.742766    8.04820     0.0650    13.8155 0.0000e+00  -60.75600  -57.55050 1153805557 206.231007    33.8627     185186         18  0.000e+00
     74.743    -0.9498   2.742361    -0.9508   2.742772    8.04823     0.0542    13.8155 0.0000e+00  -60.75600  -57.55050 1153805557 206.231008    33.8627     185187         18  0.000e+00
     74.724    -0.9500   2.742361    -0.9500   2.742772    8.04823     0.0757    13.8155 0.0000e+00  -60.75600  -57.55050 1153805557 206.231008    33.8629     185188         18  0.000e+00
     74.743    -0.9504   2.742325    -0.9505   2.742772    8.04836     0.0757    13.8155 0.0000e+00  -60.75600  -57.55050 1153805557 206.231009    33.8629     185189         18  0.000e+00
     74.724    -0.9501   2.742331    -0.9506   2.742789    8.04828     0.0757    13.8155 0.0000e+00  -60.75600  -57.55050 1153805557 206.231009    33.8627     185190         18  0.000e+00
     74.744    -0.9495   2.742370    -0.9498   2.742777    8.04817     0.0434    13.8155 0.0000e+00  -60.75600  -57.55050 1153805557 206.231010    33.8625     185191         18  0.000e+00
     74.658    -0.9497   2.742315    -0.9498   2.742806    8.04815     0.0327    13.8155 0.0000e+00  -60.75600  -57.55050 1153805557 206.231010    33.8620     185192         18  0.000e+00
     74.744    -0.9507   2.742325    -0.9500   2.742783    8.04841     0.0542    13.8155 0.0000e+00  -60.75600  -57.55050 1153805557 206.231011    33.8632     185193         18  0.000e+00
     74.724    -0.9503   2.742305    -0.9500   2.742789    8.04833     0.0757    13.8155 0.0000e+00  -60.75600  -57.55050 1153805557 206.231011    33.8625     185194         18  0.000e+00
     74.744    -0.9501   2.742325    -0.9498   2.742801    8.04831     0.0972    13.8155 0.0000e+00  -60.75600  -57.55050 1153805557 206.231012    33.8626     185195         18  0.000e+00
     74.725    -0.9503   2.742318    -0.9503   2.742806    8.04832     0.0757    13.8155 0.0000e+00  -60.75600  -57.55050 1153805557 206.231012    33.8626     185196         18  0.000e+00
     74.820    -0.9506   2.742266    -0.9501   2.742801    8.04852     0.0972    13.8155 0.0000e+00  -60.75600  -57.55050 1153805557 206.231013    33.8622     185197         18  0.000e+00
     74.725    -0.9504   2.742298    -0.9505   2.742801    8.04836     0.1295    13.8155 0.0000e+00  -60.75600  -57.55050 1153805557 206.231013    33.8626     185198         18  0.000e+00
     49.945    -0.9531   2.740899    -0.9528   2.741374    8.05044     0.0650    13.8155 0.0000e+00  -60.75600  -57.55050 1153805612 206.231652    33.8619     186523         19  0.000e+00
     49.869    -0.9529   2.740931    -0.9531   2.741415    8.04558     0.0542    13.8155 0.0000e+00  -60.75600  -57.55050 1153805613 206.231653    33.8622     186524         19  0.000e+00
     49.936    -0.9532   2.740941    -0.9530   2.741409    8.04570     0.0542    13.8155 0.0000e+00  -60.75600  -57.55050 1153805613 206.231653    33.8626     186525         19  0.000e+00
     49.945    -0.9528   2.740941    -0.9531   2.741403    8.04564     0.0650    13.8155 0.0000e+00  -60.75600  -57.55050 1153805613 206.231654    33.8621     186526         19  0.000e+00
     49.802    -0.9532   2.740941    -0.9526   2.741380    8.04555     0.1188    13.8155 0.0000e+00  -60.75600  -57.55050 1153805613 206.231654    33.8627     186527         19  0.000e+00
     49.869    -0.9535   2.740925    -0.9532   2.741392    8.04569     0.1188    13.8155 0.0000e+00  -60.75600  -57.55050 1153805613 206.231655    33.8628     186528         19  0.000e+00
     49.802    -0.9528   2.740918    -0.9529   2.741386    8.05022     0.1080    13.8155 0.0000e+00  -60.75600  -57.55050 1153805613 206.231655    33.8619     186529         19  0.000e+00
     49.802    -0.9529   2.740938    -0.9534   2.741374    8.05022     0.1295    13.8155 0.0000e+00  -60.75600  -57.55050 1153805613 206.231656    33.8623     186530         19  0.000e+00
     49.802    -0.9531   2.740941    -0.9529   2.741392    8.05025     0.1188    13.8155 0.0000e+00  -60.75600  -57.55050 1153805613 206.231656    33.8625     186531         19  0.000e+00
     49.869    -0.9534   2.740922    -0.9535   2.741380    8.05039     0.1403    13.8155 0.0000e+00  -60.75600  -57.55050 1153805613 206.231657    33.8625     186532         19  0.000e+00
     49.802    -0.9532   2.740938    -0.9531   2.741357    8.05028     0.1188    13.8155 0.0000e+00  -60.75600  -57.55050 1153805613 206.231657    33.8626     186533         19  0.000e+00
     49.869    -0.9532   2.740925    -0.9528   2.741369    8.05036     0.1188    13.8155 0.0000e+00  -60.75600  -57.55050 1153805613 206.231658    33.8624     186534         19  0.000e+00
     49.802    -0.9532   2.740922    -0.9529   2.741357    8.04557     0.0650    13.8155 0.0000e+00  -60.75600  -57.55050 1153805613 206.231658    33.8624     186535         19  0.000e+00
     49.869    -0.9534   2.740918    -0.9531   2.741351    8.04567     0.0327    13.8155 0.0000e+00  -60.75600  -57.55050 1153805613 206.231658    33.8625     186536         19  0.000e+00
     49.803    -0.9531   2.740935    -0.9528   2.741369    8.04553     0.0650    13.8155 0.0000e+00  -60.75600  -57.55050 1153805613 206.231659    33.8624     186537         19  0.000e+00
     49.869    -0.9531   2.740928    -0.9532   2.741374    8.04561     0.0757    13.8155 0.0000e+00  -60.75600  -57.55050 1153805613 206.231659    33.8623     186538         19  0.000e+00
     49.869    -0.9532   2.740935    -0.9531   2.741357    8.04563     0.0972    13.8155 0.0000e+00  -60.75600  -57.55050 1153805613 206.231660    33.8626     186539         19  0.000e+00
     49.869    -0.9534   2.740892    -0.9532   2.741369    8.05041     0.0865    13.8155 0.0000e+00  -60.75600  -57.55050 1153805613 206.231660    33.8622     186540         19  0.000e+00
     49.869    -0.9528   2.740925    -0.9529   2.741374    8.05029     0.0865    13.8155 0.0000e+00  -60.75600  -57.55050 1153805613 206.231661    33.8619     186541         19  0.000e+00
     49.869    -0.9535   2.740925    -0.9528   2.741374    8.04569     0.1188    13.8155 0.0000e+00  -60.75600  -57.55050 1153805613 206.231661    33.8628     186542         19  0.000e+00
     49.869    -0.9532   2.740935    -0.9532   2.741357    8.05035     0.0972    13.8155 0.0000e+00  -60.75600  -57.55050 1153805613 206.231662    33.8626     186543         19  0.000e+00
     49.869    -0.9534   2.740928    -0.9531   2.741369    8.05038     0.0757    13.8155 0.0000e+00  -60.75600  -57.55050 1153805613 206.231662    33.8626     186544         19  0.000e+00
     49.803    -0.9535   2.740902    -0.9531   2.741374    8.05035     0.1080    13.8155 0.0000e+00  -60.75600  -57.55050 1153805613 206.231663    33.8625     186545         19  0.000e+00
     49.803    -0.9529   2.740915    -0.9531   2.741374    8.04552     0.0650    13.8155 0.0000e+00  -60.75600  -57.55050 1153805613 206.231663    33.8620     186546         19  0.000e+00
     49.803    -0.9531   2.740951    -0.9531   2.741357    8.04552     0.0112    13.8155 0.0000e+00  -60.75600  -57.55050 1153805614 206.231664    33.8627     186547         19  0.000e+00
     49.736    -0.9529   2.740912    -0.9529   2.741368    8.04545     0.0650    13.8155 0.0000e+00  -60.75600  -57.55050 1153805614 206.231664    33.8620     186548         19  0.000e+00
     49.736    -0.9532   2.740931    -0.9532   2.741397    8.05021     0.0542    13.8155 0.0000e+00  -60.75600  -57.55050 1153805614 206.231665    33.8626     186549         19  0.000e+00
     49.736    -0.9526   2.740925    -0.9528   2.741380    8.05011    -0.0104    13.8155 0.0000e+00  -60.75600  -57.55050 1153805614 206.231665    33.8618     186550         19  0.000e+00
     49.660    -0.9526   2.740918    -0.9531   2.741374    8.04531     0.0434    13.8155 0.0000e+00  -60.75600  -57.55050 1153805614 206.231666    33.8617     186551         19  0.000e+00
     49.660    -0.9529   2.740938    -0.9526   2.741357    8.04534     0.1188    13.8155 0.0000e+00  -60.75600  -57.55050 1153805614 206.231666    33.8624     186552         19  0.000e+00
     49.660    -0.9532   2.740905    -0.9531   2.741386    8.04542     0.1188    13.8155 0.0000e+00  -60.75600  -57.55050 1153805614 206.231667    33.8623     186553         19  0.000e+00
     49.593    -0.9531   2.740928    -0.9534   2.741340    8.04530     0.1188    13.8155 0.0000e+00  -60.75600  -57.55050 1153805614 206.231667    33.8625     186554         19  0.000e+00
     49.593    -0.9532   2.740928    -0.9529   2.741357    8.05005     0.1295    13.8155 0.0000e+00  -60.75600  -57.55050 1153805614 206.231668    33.8626     186555         19  0.000e+00
     49.593    -0.9532   2.740902    -0.9531   2.741357    8.04535     0.0757    13.8155 0.0000e+00  -60.75600  -57.55050 1153805614 206.231668    33.8623     186556         19  0.000e+00
     49.593    -0.9535   2.740899    -0.9529   2.741351    8.04540     0.0542    13.8155 0.0000e+00  -60.75600  -57.55050 1153805614 206.231669    33.8626     186557         19  0.000e+00
     49.593    -0.9528   2.740931    -0.9531   2.741368    8.04525     0.0434    13.8155 0.0000e+00  -60.75600  -57.55050 1153805614 206.231669    33.8622     186558         19  0.000e+00
     49.526    -0.9531   2.740922    -0.9531   2.741392    8.04995     0.0650    13.8155 0.0000e+00  -60.75600  -57.55050 1153805614 206.231670    33.8624     186559         19  0.000e+00
     49.593    -0.9528   2.740922    -0.9531   2.741380    8.04998     0.0650    13.8155 0.0000e+00  -60.75600  -57.55050 1153805614 206.231670    33.8620     186560         19  0.000e+00
     49.526    -0.9528   2.740935    -0.9531   2.741374    8.04517     0.0542    13.8155 0.0000e+00  -60.75600  -57.55050 1153805614 206.231671    33.8622     186561         19  0.000e+00
     49.593    -0.9529   2.740905    -0.9531   2.741374    8.05002     0.0650    13.8155 0.0000e+00  -60.75600  -57.55050 1153805614 206.231671    33.8620     186562         19  0.000e+00
     49.526    -0.9532   2.740931    -0.9533   2.741374    8.04997     0.0757    13.8155 0.0000e+00  -60.75600  -57.55050 1153805614 206.231671    33.8627     186563         19  0.000e+00
     49.526    -0.9529   2.740925    -0.9535   2.741357    8.04992     0.0757    13.8155 0.0000e+00  -60.75600  -57.55050 1153805614 206.231672    33.8623     186564         19  0.000e+00
     49.526    -0.9532   2.740935    -0.9534   2.741351    8.04525     0.0865    13.8155 0.0000e+00  -60.75600  -57.55050 1153805614 206.231672    33.8628     186565         19  0.000e+00
     49.593    -0.9532   2.740912    -0.9531   2.741351    8.04534     0.0542    13.8155 0.0000e+00  -60.75600  -57.55050 1153805614 206.231673    33.8624     186566         19  0.000e+00
     49.526    -0.9534   2.740912    -0.9531   2.741368    8.05001     0.0542    13.8155 0.0000e+00  -60.75600  -57.55050 1153805614 206.231673    33.8626     186567         19  0.000e+00
     49.526    -0.9531   2.740899    -0.9534   2.741357    8.04997     0.0757    13.8155 0.0000e+00  -60.75600  -57.55050 1153805614 206.231674    33.8621     186568         19  0.000e+00
     49.526    -0.9534   2.740899    -0.9529   2.741368    8.04530     0.0972    13.8155 0.0000e+00  -60.75600  -57.55050 1153805614 206.231674    33.8624     186569         19  0.000e+00
     49.526    -0.9532   2.740912    -0.9531   2.741357    8.04999     0.1080    13.8155 0.0000e+00  -60.75600  -57.55050 1153805614 206.231675    33.8625     186570         19  0.000e+00
     49.527    -0.9537   2.740922    -0.9532   2.741351    8.05005     0.1188    13.8155 0.0000e+00  -60.75600  -57.55050 1153805615 206.231675    33.8631     186571         19  0.000e+00
     35.447    -0.9557   2.740036    -0.9557   2.740465    8.04941     0.0650    13.8155 0.0000e+00  -60.75600  -57.55050 1153805651 206.232103    33.8621     187458         20  0.000e+00
     35.313    -0.9562   2.740069    -0.9558   2.740465    8.04931     0.0650    13.8155 0.0000e+00  -60.75600  -57.55050 1153805652 206.232104    33.8631     187459         20  0.000e+00
     35.447    -0.9565   2.740027    -0.9564   2.740459    8.04955     0.0865    13.8155 0.0000e+00  -60.75600  -57.55050 1153805652 206.232104    33.8628     187460         20  0.000e+00
     35.447    -0.9555   2.740040    -0.9561   2.740493    8.04938     0.0972    13.8155 0.0000e+00  -60.75600  -57.55050 1153805652 206.232105    33.8619     187461         20  0.000e+00
     35.370    -0.9558   2.740053    -0.9564   2.740447    8.04934     0.1403    13.8155 0.0000e+00  -60.75600  -57.55050 1153805652 206.232105    33.8625     187462         20  0.000e+00
