product_data/regression_test/downloaded_data/MDGS/320620060703/ctd/p6615101.ros
* Sea-Bird SBE 9 Data File:
* FileName = D:\Data\Raw\p6615101.dat
* Software Version Seasave Win32 V 5.32
* Temperature SN = 1649
* Conductivity SN = 1431
* Number of Bytes Per Scan = 37
* Number of Voltage Words = 5
* Number of Scans Averaged by the Deck Unit = 1
* NMEA Latitude = 60 42.34 S
* NMEA Longitude = 056 25.56 W
* NMEA UTC (Time) = 11:36:17
** Ship:   Nathaniel B. Palmer 
** Cruise:    NBP0606 
# nquan = 17
# nvalues = 1176                    
# units = specified
# name 0 = prDM: Pressure, Digiquartz [db]
# name 1 = t090C: Temperature [ITS-90, deg C]
# name 2 = c0S/m: Conductivity [S/m]
# name 3 = t190C: Temperature, 2 [ITS-90, deg C]
# name 4 = c1S/m: Conductivity, 2 [S/m]
# name 5 = sbeox0ML/L: Oxygen, SBE 43 [ml/l]
# name 6 = flECO-AFL: Fluorescence, Wetlab ECO-AFL/FL [mg/m^3]
# name 7 = bat: Beam Attenuation, Chelsea/Seatech/Wetlab CStar [1/m]
# name 8 = spar: SPAR/Surface Irradiance
# name 9 = latitude: Latitude [deg]
# name 10 = longitude: Longitude [deg]
# name 11 = timeY: Time, System [seconds]
# name 12 = timeJ: Julian Days
# name 13 = sal00: Salinity [PSU]
# name 14 = scan: scan number
# name 15 = nbf: number of bottles fired
# name 16 = flag:  0.000e+00
# interval = seconds: 0.0416667                   
# start_time = Jul 18 2006 11:36:25
*END*
[from data line 596]
    150.278     0.6193   2.911180     0.6203   2.911675    5.89337    -0.0642    13.8155 3.8963e+00  -60.70567  -56.42600 1153225445 199.516739    34.3102      68671         13  0.000e+00
    150.221     0.6195   2.911149     0.6202   2.911681    5.88871    -0.0534    13.8155 5.8444e+00  -60.70567  -56.42600 1153225445 199.516739    34.3096      68672         13  0.000e+00
    150.144     0.6199   2.911203     0.6205   2.911634    5.89318    -0.0319    13.8155 5.8444e+00  -60.70567  -56.42600 1153225445 199.516740    34.3100      68673         13  0.000e+00
    150.211     0.6196   2.911230     0.6205   2.911675    5.89325    -0.0211    13.8155 5.8444e+00  -60.70567  -56.42600 1153225445 199.516740    34.3106      68674         13  0.000e+00
    150.211     0.6195   2.911227     0.6211   2.911722    5.89326     0.0004    13.8155 5.8444e+00  -60.70567  -56.42600 1153225445 199.516741    34.3106      68675         13  0.000e+00
    150.211     0.6203   2.911227     0.6210   2.911734    5.89775    -0.0319    13.8155 5.8444e+00  -60.70567  -56.42600 1153225445 199.516741    34.3097      68676         13  0.000e+00
    150.221     0.6196   2.911230     0.6208   2.911681    5.89326    -0.0534    13.8155 5.8444e+00  -60.70567  -56.42600 1153225445 199.516742    34.3106      68677         13  0.000e+00
    150.211     0.6200   2.911227     0.6200   2.911634    5.89779    -0.0319    13.8155 5.8444e+00  -60.70567  -56.42600 1153225445 199.516742    34.3100      68678         13  0.000e+00
    150.211     0.6202   2.911207     0.6202   2.911663    5.89319    -0.0642    13.8155 5.8444e+00  -60.70567  -56.42600 1153225445 199.516743    34.3096      68679         13  0.000e+00
    150.211     0.6201   2.911254     0.6208   2.911693    5.89318    -0.0964    13.8155 5.8444e+00  -60.70567  -56.42600 1153225445 199.516743    34.3103      68680         13  0.000e+00
    150.144     0.6205   2.911244     0.6211   2.911699    5.89308    -0.0642    13.8155 5.8444e+00  -60.70567  -56.42600 1153225445 199.516744    34.3098      68681         13  0.000e+00
    150.221     0.6205   2.911244     0.6210   2.911704    5.89314    -0.0534    13.8155 5.8444e+00  -60.70567  -56.42600 1153225445 199.516744    34.3097      68682         13  0.000e+00
    150.211     0.6202   2.911284     0.6214   2.911722    5.89315    -0.0319    13.8155 5.8444e+00  -60.70567  -56.42600 1153225445 199.516745    34.3106      68683         13  0.000e+00
    150.211     0.6203   2.911230     0.6216   2.911752    5.89316    -0.0319    13.8155 5.8444e+00  -60.70567  -56.42600 1153225445 199.516745    34.3097      68684         13  0.000e+00
    150.211     0.6206   2.911257     0.6216   2.911775    5.89311    -0.0534    13.8155 5.8444e+00  -60.70567  -56.42600 1153225445 199.516746    34.3098      68685         13  0.000e+00
    150.221     0.6205   2.911274     0.6217   2.911781    5.89312    -0.0534    13.8155 5.8444e+00  -60.70567  -56.42600 1153225445 199.516746    34.3101      68686         13  0.000e+00
    150.211     0.6205   2.911237     0.6219   2.911769    5.89314    -0.0749    13.8155 5.8444e+00  -60.70567  -56.42600 1153225445 199.516747    34.3097      68687         13  0.000e+00
    150.211     0.6203   2.911284     0.6217   2.911752    5.89313    -0.1072    13.8155 5.8444e+00  -60.70567  -56.42600 1153225445 199.516747    34.3105      68688         13  0.000e+00
    150.211     0.6206   2.911314     0.6217   2.911734    5.88849    -0.0749    13.8155 5.8444e+00  -60.70567  -56.42600 1153225445 199.516748    34.3105      68689         13  0.000e+00
    150.211     0.6204   2.911267     0.6214   2.911752    5.89314    -0.0749    13.8155 5.8444e+00  -60.70567  -56.42600 1153225445 199.516748    34.3102      68690         13  0.000e+00
    150.221     0.6205   2.911254     0.6214   2.911710    5.89314    -0.0534    13.8155 5.8444e+00  -60.70567  -56.42600 1153225445 199.516749    34.3099      68691         13  0.000e+00
    150.211     0.6206   2.911287     0.6208   2.911681    5.89310    -0.0534    13.8155 5.8444e+00  -60.70567  -56.42600 1153225445 199.516749    34.3102      68692         13  0.000e+00
    150.211     0.6208   2.911298     0.6199   2.911616    5.89766    -0.0749    13.8155 5.8444e+00  -60.70567  -56.42600 1153225445 199.516750    34.3101      68693         13  0.000e+00
    150.211     0.6210   2.911301     0.6205   2.911545    5.89764    -0.0857    13.8155 5.8444e+00  -60.70567  -56.42600 1153225446 199.516750    34.3100      68694         13  0.000e+00
    150.221     0.6208   2.911335     0.6199   2.911498    5.89306    -0.0534    13.8155 5.8444e+00  -60.70567  -56.42600 1153225446 199.516751    34.3106      68695         13  0.000e+00
    150.211     0.6208   2.911324     0.6194   2.911468    5.89305    -0.0964    13.8155 5.8444e+00  -60.70567  -56.42600 1153225446 199.516751    34.3104      68696         13  0.000e+00
    150.211     0.6214   2.911338     0.6191   2.911474    5.89298    -0.0749    13.8155 5.8444e+00  -60.70567  -56.42600 1153225446 199.516752    34.3099      68697         13  0.000e+00
    150.211     0.6210   2.911314     0.6199   2.911527    5.89304    -0.0857    13.8155 5.8444e+00  -60.70567  -56.42600 1153225446 199.516752    34.3102      68698         13  0.000e+00
    150.211     0.6208   2.911314     0.6197   2.911581    5.89765    -0.1180    13.8155 5.8444e+00  -60.70567  -56.42600 1153225446 199.516753    34.3103      68699         13  0.000e+00
    150.221     0.6214   2.911301     0.6204   2.911610    5.89759    -0.0964    13.8155 5.8444e+00  -60.70567  -56.42600 1153225446 199.516753    34.3094      68700         13  0.000e+00
    150.278     0.6208   2.911301     0.6200   2.911663    5.89312    -0.0964    13.8155 5.8444e+00  -60.70567  -56.42600 1153225446 199.516753    34.3101      68701         13  0.000e+00
    150.145     0.6212   2.911314     0.6199   2.911628    5.89755    -0.0749    13.8155 5.8444e+00  -60.70567  -56.42600 1153225446 199.516754    34.3099      68702         13  0.000e+00
    150.278     0.6208   2.911301     0.6193   2.911616    5.89771    -0.0426    13.8155 5.8444e+00  -60.70567  -56.42600 1153225446 199.516754    34.3101      68703         13  0.000e+00
    150.211     0.6216   2.911314     0.6199   2.911622    5.89756    -0.0749    13.8155 5.8444e+00  -60.70567  -56.42600 1153225446 199.516755    34.3094      68704         13  0.000e+00
    150.221     0.6210   2.911291     0.6199   2.911598    5.89765     0.0004    13.8155 5.8444e+00  -60.70567  -56.42600 1153225446 199.516755    34.3098      68705         13  0.000e+00
    150.278     0.6211   2.911220     0.6187   2.911533    5.89313     0.0004    13.8155 5.8444e+00  -60.70567  -56.42600 1153225446 199.516756    34.3087      68706         13  0.000e+00
    150.211     0.6206   2.911203     0.6173   2.911409    5.89773    -0.0426    13.8155 5.8444e+00  -60.70567  -56.42600 1153225446 199.516756    34.3091      68707         13  0.000e+00
    150.211     0.6205   2.911207     0.6151   2.911227    5.89315    -0.0534    13.8155 5.8444e+00  -60.70567  -56.42600 1153225446 199.516757    34.3092      68708         13  0.000e+00
    150.221     0.6203   2.911220     0.6143   2.911079    5.89776    -0.0104    13.8155 5.8444e+00  -60.70567  -56.42600 1153225446 199.516757    34.3096      68709         13  0.000e+00
    150.278     0.6202   2.911244     0.6146   2.911038    5.89782    -0.0104    13.8155 5.8444e+00  -60.70567  -56.42600 1153225446 199.516758    34.3101      68710         13  0.000e+00
    150.211     0.6207   2.911250     0.6134   2.910985    5.89770    -0.0319    13.8155 5.8444e+00  -60.70567  -56.42600 1153225446 199.516758    34.3096      68711         13  0.000e+00
     99.796    -0.7677   2.772357    -0.7671   2.772873    7.73154     0.0327    13.8155 7.7926e+00  -60.70567  -56.42600 1153225533 199.517768    34.0491      70804         14  0.000e+00
     99.872    -0.7677   2.772357    -0.7670   2.772861    7.73162     0.0112    13.8155 7.7926e+00  -60.70567  -56.42600 1153225533 199.517768    34.0490      70805         14  0.000e+00
     99.939    -0.7676   2.772347    -0.7674   2.772861    7.73167     0.0327    13.8155 7.7926e+00  -60.70567  -56.42600 1153225534 199.517769    34.0487      70806         14  0.000e+00
     99.729    -0.7677   2.772357    -0.7665   2.772867    7.73147     0.0327    13.8155 7.7926e+00  -60.70567  -56.42600 1153225534 199.517769    34.0492      70807         14  0.000e+00
     99.939    -0.7674   2.772363    -0.7673   2.772867    7.73164     0.0542    13.8155 7.7926e+00  -60.70567  -56.42600 1153225534 199.517770    34.0487      70808         14  0.000e+00
     99.796    -0.7674   2.772363    -0.7669   2.772867    7.73149     0.0112    13.8155 7.7926e+00  -60.70567  -56.42600 1153225534 199.517770    34.0489      70809         14  0.000e+00
     99.729    -0.7665   2.772363    -0.7671   2.772884    7.73127     0.0112    13.8155 5.8444e+00  -60.70567  -56.42600 1153225534 199.517771    34.0479      70810         14  0.000e+00
     99.939    -0.7668   2.772380    -0.7673   2.772890    7.73153    -0.0104    13.8155 5.8444e+00  -60.70567  -56.42600 1153225534 199.517771    34.0483      70811         14  0.000e+00
     99.872    -0.7668   2.772386    -0.7668   2.772873    7.73146     0.0327    13.8155 7.7926e+00  -60.70567  -56.42600 1153225534 199.517772    34.0484      70812         14  0.000e+00
     99.796    -0.7671   2.772403    -0.7668   2.772902    7.73613     0.0542    13.8155 7.7926e+00  -60.70567  -56.42600 1153225534 199.517772    34.0490      70813         14  0.000e+00
     99.872    -0.7668   2.772373    -0.7666   2.772919    7.73619     0.0327    13.8155 7.7926e+00  -60.70567  -56.42600 1153225534 199.517772    34.0483      70814         14  0.000e+00
     99.872    -0.7668   2.772433    -0.7671   2.772873    7.73142     0.0542    13.8155 7.7926e+00  -60.70567  -56.42600 1153225534 199.517773    34.0491      70815         14  0.000e+00
     99.834    -0.7666   2.772386    -0.7668   2.772902    7.73139     0.0434    13.8155 7.7926e+00  -60.70567  -56.42600 1153225534 199.517773    34.0482      70816         14  0.000e+00
     99.872    -0.7668   2.772403    -0.7666   2.772896    7.73617     0.0004    13.8155 7.7926e+00  -60.70567  -56.42600 1153225534 199.517774    34.0487      70817         14  0.000e+00
     99.796    -0.7668   2.772393    -0.7667   2.772890    7.73610     0.0004    13.8155 7.7926e+00  -60.70567  -56.42600 1153225534 199.517774    34.0486      70818         14  0.000e+00
     99.872    -0.7668   2.772367    -0.7666   2.772908    7.73619     0.0542    13.8155 7.7926e+00  -60.70567  -56.42600 1153225534 199.517775    34.0481      70819         14  0.000e+00
     99.872    -0.7666   2.772396    -0.7669   2.772879    7.73615     0.0865    13.8155 7.7926e+00  -60.70567  -56.42600 1153225534 199.517775    34.0484      70820         14  0.000e+00
     99.796    -0.7668   2.772390    -0.7663   2.772884    7.73610     0.0865    13.8155 7.7926e+00  -60.70567  -56.42600 1153225534 199.517776    34.0485      70821         14  0.000e+00
     99.872    -0.7668   2.772419    -0.7668   2.772890    7.73143     0.0434    13.8155 7.7926e+00  -60.70567  -56.42600 1153225534 199.517776    34.0489      70822         14  0.000e+00
     99.872    -0.7666   2.772433    -0.7668   2.772890    7.73140     0.0434    13.8155 7.7926e+00  -60.70567  -56.42600 1153225534 199.517777    34.0489      70823         14  0.000e+00
     99.872    -0.7669   2.772380    -0.7668   2.772908    7.73621     0.0327    13.8155 7.7926e+00  -60.70567  -56.42600 1153225534 199.517777    34.0485      70824         14  0.000e+00
     99.872    -0.7670   2.772363    -0.7668   2.772913    7.73622     0.0434    13.8155 7.7926e+00  -60.70567  -56.42600 1153225534 199.517778    34.0483      70825         14  0.000e+00
     99.872    -0.7663   2.772380    -0.7663   2.772896    7.73139     0.0542    13.8155 7.7926e+00  -60.70567  -56.42600 1153225534 199.517778    34.0478      70826         14  0.000e+00
     99.939    -0.7668   2.772403    -0.7668   2.772890    7.73624     0.0434    13.8155 7.7926e+00  -60.70567  -56.42600 1153225534 199.517779    34.0486      70827         14  0.000e+00
     99.872    -0.7671   2.772390    -0.7669   2.772890    7.73623     0.0865    13.8155 7.7926e+00  -60.70567  -56.42600 1153225534 199.517779    34.0488      70828         14  0.000e+00
     99.910    -0.7666   2.772357    -0.7668   2.772890    7.73622     0.0757    13.8155 7.7926e+00  -60.70567  -56.42600 1153225534 199.517780    34.0478      70829         14  0.000e+00
     99.872    -0.7670   2.772377    -0.7668   2.772890    7.73621     0.0112    13.8155 7.7926e+00  -60.70567  -56.42600 1153225535 199.517780    34.0485      70830         14  0.000e+00
     99.872    -0.7671   2.772386    -0.7667   2.772890    7.73623     0.0112    13.8155 7.7926e+00  -60.70567  -56.42600 1153225535 199.517781    34.0488      70831         14  0.000e+00
     99.939    -0.7665   2.772419    -0.7668   2.772890    7.73145     0.0542    13.8155 7.7926e+00  -60.70567  -56.42600 1153225535 199.517781    34.0485      70832         14  0.000e+00
     99.939    -0.7671   2.772396    -0.7665   2.772908    7.73157     0.0327    13.8155 7.7926e+00  -60.70567  -56.42600 1153225535 199.517782    34.0489      70833         14  0.000e+00
     99.939    -0.7669   2.772436    -0.7665   2.772896    7.73624     0.0434    13.8155 7.7926e+00  -60.70567  -56.42600 1153225535 199.517782    34.0492      70834         14  0.000e+00
     99.872    -0.7668   2.772436    -0.7663   2.772873    7.73615     0.0757    13.8155 5.8444e+00  -60.70567  -56.42600 1153225535 199.517783    34.0491      70835         14  0.000e+00
     99.939    -0.7670   2.772449    -0.7668   2.772884    7.73623     0.0865    13.8155 7.7926e+00  -60.70567  -56.42600 1153225535 199.517783    34.0494      70836         14  0.000e+00
    100.006    -0.7665   2.772403    -0.7673   2.772867    7.73626     0.0865    13.8155 7.7926e+00  -60.70567  -56.42600 1153225535 199.517784    34.0482      70837         14  0.000e+00
     99.939    -0.7665   2.772403    -0.7669   2.772861    7.73620     0.0757    13.8155 7.7926e+00  -60.70567  -56.42600 1153225535 199.517784    34.0483      70838         14  0.000e+00
    100.006    -0.7670   2.772443    -0.7668   2.772867    7.73631     0.0434    13.8155 7.7926e+00  -60.70567  -56.42600 1153225535 199.517785    34.0493      70839         14  0.000e+00
     99.939    -0.7668   2.772419    -0.7671   2.772867    7.73623     0.0327    13.8155 7.7926e+00  -60.70567  -56.42600 1153225535 199.517785    34.0488      70840         14  0.000e+00
    100.006    -0.7666   2.772410    -0.7673   2.772867    7.73629     0.0757    13.8155 7.7926e+00  -60.70567  -56.42600 1153225535 199.517785    34.0485      70841         14  0.000e+00
     99.977    -0.7669   2.772396    -0.7674   2.772861    7.73631     0.0327    13.8155 7.7926e+00  -60.70567  -56.42600 1153225535 199.517786    34.0486      70842         14  0.000e+00
    100.006    -0.7666   2.772423    -0.7669   2.772844    7.73628     0.0434    13.8155 7.7926e+00  -60.70567  -56.42600 1153225535 199.517786    34.0487      70843         14  0.000e+00
    100.006    -0.7668   2.772413    -0.7670   2.772855    7.73631    -0.0104    13.8155 7.7926e+00  -60.70567  -56.42600 1153225535 199.517787    34.0487      70844         14  0.000e+00
    100.006    -0.7661   2.772426    -0.7673   2.772826    7.73620    -0.0749    13.8155 7.7926e+00  -60.70567  -56.42600 1153225535 199.517787    34.0481      70845         14  0.000e+00
    100.082    -0.7666   2.772413    -0.7677   2.772850    7.73636     0.0004    13.8155 7.7926e+00  -60.70567  -56.42600 1153225535 199.517788    34.0485      70846         14  0.000e+00
