product_data/regression_test/downloaded_data/MDGS/320620060703/ctd/p6611301.ros
* Sea-Bird SBE 9 Data File:
* FileName = D:\Data\Raw\p6611301.dat
* Software Version Seasave Win32 V 5.32
* Temperature SN = 1649
* Conductivity SN = 1431
* Number of Bytes Per Scan = 37
* Number of Voltage Words = 5
* Number of Scans Averaged by the Deck Unit = 1
* NMEA Latitude = 61 29.01 S
* NMEA Longitude = 054 52.49 W
* NMEA UTC (Time) = 07:30:33
** Ship:   Nathaniel B. Palmer 
** Cruise:    NBP0606 
# nquan = 17
# nvalues = 1176                    
# units = specified
# name 0 = prDM: Pressure, Digiquartz [db]
# name 1 = t090C: Temperature [ITS-90, deg C]
# name 2 = c0S/m: Conductivity [S/m]
# name 3 = t190C: Temperature, 2 [ITS-90, deg C]
# name 4 = c1S/m: Conductivity, 2 [S/m]
# name 5 = sbeox0ML/L: Oxygen, SBE 43 [ml/l]
# name 6 = flECO-AFL: Fluorescence, Wetlab ECO-AFL/FL [mg/m^3]
# name 7 = bat: Beam Attenuation, Chelsea/Seatech/Wetlab CStar [1/m]
# name 8 = spar: SPAR/Surface Irradiance
# name 9 = latitude: Latitude [deg]
# name 10 = longitude: Longitude [deg]
# name 11 = timeY: Time, System [seconds]
# name 12 = timeJ: Julian Days
# name 13 = sal00: Salinity [PSU]
# name 14 = scan: scan number
# name 15 = nbf: number of bottles fired
# name 16 = flag:  0.000e+00
# interval = seconds: 0.0416667                   
# start_time = Jul 14 2006 07:30:41
*END*
[from data line 596]
    149.897    -0.6839   2.802255    -0.6803   2.803160    6.99757    -0.0642    13.8155 0.0000e+00  -61.48350  -54.87483 1152864901 195.343783    34.3278      63885         13  0.000e+00
    149.897    -0.6850   2.802199    -0.6800   2.803107    6.99775    -0.0857    13.8155 0.0000e+00  -61.48350  -54.87483 1152864901 195.343783    34.3283      63886         13  0.000e+00
    149.830    -0.6856   2.802133    -0.6821   2.802997    6.99782    -0.1287    13.8155 0.0000e+00  -61.48350  -54.87483 1152864901 195.343784    34.3281      63887         13  0.000e+00
    149.821    -0.6864   2.802093    -0.6832   2.802805    6.99795    -0.1287    13.8155 0.0000e+00  -61.48350  -54.87483 1152864901 195.343784    34.3285      63888         13  0.000e+00
    149.821    -0.6864   2.802024    -0.6853   2.802648    6.99799    -0.1072    13.8155 0.0000e+00  -61.48350  -54.87483 1152864901 195.343785    34.3275      63889         13  0.000e+00
    149.821    -0.6869   2.801964    -0.6861   2.802537    6.99809    -0.1395    13.8155 0.0000e+00  -61.48350  -54.87483 1152864901 195.343785    34.3272      63890         13  0.000e+00
    149.754    -0.6880   2.801891    -0.6867   2.802491    6.99823    -0.1610    13.8155 0.0000e+00  -61.48350  -54.87483 1152864901 195.343786    34.3275      63891         13  0.000e+00
    149.754    -0.6881   2.801852    -0.6864   2.802468    6.99828    -0.1180    13.8155 0.0000e+00  -61.48350  -54.87483 1152864901 195.343786    34.3272      63892         13  0.000e+00
    149.754    -0.6881   2.801858    -0.6863   2.802421    6.99827    -0.1072    13.8155 0.0000e+00  -61.48350  -54.87483 1152864901 195.343787    34.3273      63893         13  0.000e+00
    149.754    -0.6878   2.801881    -0.6870   2.802386    7.00295    -0.1072    13.8155 0.0000e+00  -61.48350  -54.87483 1152864901 195.343787    34.3272      63894         13  0.000e+00
    149.687    -0.6876   2.801924    -0.6872   2.802380    7.00284    -0.1287    13.8155 0.0000e+00  -61.48350  -54.87483 1152864901 195.343788    34.3277      63895         13  0.000e+00
    149.687    -0.6873   2.802047    -0.6876   2.802363    7.00271    -0.1180    13.8155 0.0000e+00  -61.48350  -54.87483 1152864901 195.343788    34.3290      63896         13  0.000e+00
    149.687    -0.6863   2.802143    -0.6875   2.802334    7.00250    -0.1180    13.8155 0.0000e+00  -61.48350  -54.87483 1152864901 195.343789    34.3291      63897         13  0.000e+00
    149.620    -0.6853   2.802222    -0.6892   2.802246    7.00225    -0.1072    13.8155 0.0000e+00  -61.48350  -54.87483 1152864901 195.343789    34.3291      63898         13  0.000e+00
    149.687    -0.6850   2.802249    -0.6892   2.802200    7.00226    -0.1287    13.8155 0.0000e+00  -61.48350  -54.87483 1152864901 195.343790    34.3291      63899         13  0.000e+00
    149.611    -0.6849   2.802232    -0.6900   2.802177    6.99743    -0.1395    13.8155 0.0000e+00  -61.48350  -54.87483 1152864901 195.343790    34.3287      63900         13  0.000e+00
    149.611    -0.6847   2.802219    -0.6896   2.802171    6.99742    -0.1072    13.8155 0.0000e+00  -61.48350  -54.87483 1152864901 195.343791    34.3284      63901         13  0.000e+00
    149.620    -0.6849   2.802242    -0.6889   2.802188    6.99743    -0.0749    13.8155 0.0000e+00  -61.48350  -54.87483 1152864901 195.343791    34.3288      63902         13  0.000e+00
    149.611    -0.6847   2.802192    -0.6893   2.802153    6.99744    -0.0319    13.8155 0.0000e+00  -61.48350  -54.87483 1152864901 195.343791    34.3280      63903         13  0.000e+00
    149.544    -0.6847   2.802166    -0.6895   2.802159    6.99739    -0.0104    13.8155 0.0000e+00  -61.48350  -54.87483 1152864901 195.343792    34.3277      63904         13  0.000e+00
    149.620    -0.6853   2.802126    -0.6898   2.802124    6.99757    -0.0426    13.8155 0.0000e+00  -61.48350  -54.87483 1152864901 195.343792    34.3278      63905         13  0.000e+00
    149.544    -0.6856   2.802126    -0.6901   2.802095    6.99755    -0.1072    13.8155 0.0000e+00  -61.48350  -54.87483 1152864901 195.343793    34.3282      63906         13  0.000e+00
    149.544    -0.6853   2.802136    -0.6903   2.802089    6.99749    -0.1287    13.8155 0.0000e+00  -61.48350  -54.87483 1152864902 195.343793    34.3280      63907         13  0.000e+00
    149.477    -0.6855   2.802120    -0.6913   2.801950    6.99746    -0.1072    13.8155 0.0000e+00  -61.48350  -54.87483 1152864902 195.343794    34.3280      63908         13  0.000e+00
    149.611    -0.6862   2.802110    -0.6940   2.801798    6.99771    -0.0857    13.8155 0.0000e+00  -61.48350  -54.87483 1152864902 195.343794    34.3286      63909         13  0.000e+00
    149.544    -0.6864   2.802080    -0.6955   2.801630    6.99768    -0.0749    13.8155 0.0000e+00  -61.48350  -54.87483 1152864902 195.343795    34.3285      63910         13  0.000e+00
    149.544    -0.6865   2.802047    -0.6964   2.801560    6.99773    -0.0534    13.8155 0.0000e+00  -61.48350  -54.87483 1152864902 195.343795    34.3282      63911         13  0.000e+00
    149.477    -0.6861   2.802047    -0.6968   2.801467    6.99760    -0.0642    13.8155 0.0000e+00  -61.48350  -54.87483 1152864902 195.343796    34.3277      63912         13  0.000e+00
    149.544    -0.6864   2.802030    -0.6973   2.801426    6.99772    -0.0426    13.8155 0.0000e+00  -61.48350  -54.87483 1152864902 195.343796    34.3278      63913         13  0.000e+00
    149.544    -0.6869   2.802004    -0.6971   2.801397    6.99780    -0.0534    13.8155 0.0000e+00  -61.48350  -54.87483 1152864902 195.343797    34.3279      63914         13  0.000e+00
    149.544    -0.6872   2.802017    -0.6976   2.801391    6.99783    -0.1180    13.8155 0.0000e+00  -61.48350  -54.87483 1152864902 195.343797    34.3285      63915         13  0.000e+00
    149.477    -0.6870   2.802004    -0.6976   2.801391    6.99776    -0.1072    13.8155 0.0000e+00  -61.48350  -54.87483 1152864902 195.343798    34.3282      63916         13  0.000e+00
    149.544    -0.6872   2.802000    -0.6972   2.801391    6.99785    -0.0749    13.8155 0.0000e+00  -61.48350  -54.87483 1152864902 195.343798    34.3283      63917         13  0.000e+00
    149.477    -0.6864   2.801954    -0.6978   2.801397    6.99770    -0.0857    13.8155 0.0000e+00  -61.48350  -54.87483 1152864902 195.343799    34.3268      63918         13  0.000e+00
    149.544    -0.6869   2.801964    -0.6972   2.801391    6.99782    -0.0749    13.8155 0.0000e+00  -61.48350  -54.87483 1152864902 195.343799    34.3274      63919         13  0.000e+00
    149.477    -0.6876   2.801911    -0.6973   2.801391    6.99790    -0.0964    13.8155 0.0000e+00  -61.48350  -54.87483 1152864902 195.343800    34.3276      63920         13  0.000e+00
    149.544    -0.6883   2.801858    -0.6971   2.801374    6.99809    -0.1180    13.8155 0.0000e+00  -61.48350  -54.87483 1152864902 195.343800    34.3276      63921         13  0.000e+00
    149.477    -0.6881   2.801891    -0.6975   2.801385    6.99799    -0.0964    13.8155 0.0000e+00  -61.48350  -54.87483 1152864902 195.343801    34.3279      63922         13  0.000e+00
    149.544    -0.6883   2.801828    -0.6974   2.801374    6.99811    -0.0964    13.8155 0.0000e+00  -61.48350  -54.87483 1152864902 195.343801    34.3272      63923         13  0.000e+00
    149.544    -0.6892   2.801729    -0.6973   2.801368    7.00305    -0.0964    13.8155 0.0000e+00  -61.48350  -54.87483 1152864902 195.343802    34.3269      63924         13  0.000e+00
    149.477    -0.6904   2.801660    -0.6973   2.801385    6.99846    -0.0749    13.8155 0.0000e+00  -61.48350  -54.87483 1152864902 195.343802    34.3274      63925         13  0.000e+00
    150.464    -0.6961   2.801011    -0.6974   2.801304    7.00065    -0.1072    13.8155 0.0000e+00  -61.48350  -54.87483 1152864918 195.343981    34.3245      64296         14  0.000e+00
    150.387    -0.6973   2.800939    -0.6973   2.801351    7.00078    -0.1180    13.8155 0.0000e+00  -61.48350  -54.87483 1152864918 195.343981    34.3249      64297         14  0.000e+00
    150.387    -0.6975   2.800876    -0.6968   2.801409    7.00086    -0.1072    13.8155 0.0000e+00  -61.48350  -54.87483 1152864918 195.343982    34.3243      64298         14  0.000e+00
    150.397    -0.6979   2.800853    -0.6958   2.801479    7.00093    -0.1287    13.8155 0.0000e+00  -61.48350  -54.87483 1152864918 195.343982    34.3243      64299         14  0.000e+00
    150.464    -0.6979   2.800872    -0.6958   2.801520    7.00098    -0.0857    13.8155 0.0000e+00  -61.48350  -54.87483 1152864918 195.343983    34.3246      64300         14  0.000e+00
    150.464    -0.6971   2.800912    -0.6961   2.801508    7.00086    -0.0964    13.8155 0.0000e+00  -61.48350  -54.87483 1152864918 195.343983    34.3243      64301         14  0.000e+00
    150.464    -0.6961   2.801038    -0.6958   2.801479    7.00063    -0.0857    13.8155 0.0000e+00  -61.48350  -54.87483 1152864918 195.343984    34.3249      64302         14  0.000e+00
    150.387    -0.6957   2.801114    -0.6955   2.801473    7.00044    -0.1180    13.8155 0.0000e+00  -61.48350  -54.87483 1152864918 195.343984    34.3254      64303         14  0.000e+00
    150.464    -0.6951   2.801144    -0.6952   2.801531    7.00041    -0.1395    13.8155 0.0000e+00  -61.48350  -54.87483 1152864918 195.343985    34.3251      64304         14  0.000e+00
    150.531    -0.6944   2.801230    -0.6952   2.801554    7.00033    -0.1395    13.8155 0.0000e+00  -61.48350  -54.87483 1152864918 195.343985    34.3255      64305         14  0.000e+00
    150.464    -0.6943   2.801210    -0.6956   2.801572    7.00027    -0.1072    13.8155 0.0000e+00  -61.48350  -54.87483 1152864918 195.343986    34.3251      64306         14  0.000e+00
    150.464    -0.6941   2.801197    -0.6952   2.801543    7.00025    -0.0642    13.8155 0.0000e+00  -61.48350  -54.87483 1152864918 195.343986    34.3247      64307         14  0.000e+00
    150.531    -0.6946   2.801174    -0.6955   2.801491    7.00039    -0.0964    13.8155 0.0000e+00  -61.48350  -54.87483 1152864918 195.343987    34.3249      64308         14  0.000e+00
    150.464    -0.6952   2.801104    -0.6961   2.801450    7.00046    -0.0642    13.8155 0.0000e+00  -61.48350  -54.87483 1152864918 195.343987    34.3247      64309         14  0.000e+00
    150.531    -0.6960   2.801048    -0.6964   2.801444    6.99594     0.0004    13.8155 0.0000e+00  -61.48350  -54.87483 1152864918 195.343988    34.3248      64310         14  0.000e+00
    150.464    -0.6960   2.801031    -0.6961   2.801444    7.00062    -0.0211    13.8155 0.0000e+00  -61.48350  -54.87483 1152864918 195.343988    34.3246      64311         14  0.000e+00
    150.531    -0.6958   2.801051    -0.6962   2.801409    7.00065    -0.0534    13.8155 0.0000e+00  -61.48350  -54.87483 1152864918 195.343989    34.3247      64312         14  0.000e+00
    150.531    -0.6960   2.801078    -0.6966   2.801397    7.00065    -0.0964    13.8155 0.0000e+00  -61.48350  -54.87483 1152864918 195.343989    34.3252      64313         14  0.000e+00
    150.464    -0.6960   2.801111    -0.6971   2.801374    7.00057    -0.0534    13.8155 0.0000e+00  -61.48350  -54.87483 1152864918 195.343990    34.3257      64314         14  0.000e+00
    150.531    -0.6962   2.801058    -0.6970   2.801368    7.00069    -0.0534    13.8155 0.0000e+00  -61.48350  -54.87483 1152864919 195.343990    34.3251      64315         14  0.000e+00
    150.531    -0.6958   2.801088    -0.6971   2.801368    7.00063    -0.0749    13.8155 0.0000e+00  -61.48350  -54.87483 1152864919 195.343991    34.3252      64316         14  0.000e+00
    150.531    -0.6960   2.801101    -0.6973   2.801328    7.00064    -0.1072    13.8155 0.0000e+00  -61.48350  -54.87483 1152864919 195.343991    34.3255      64317         14  0.000e+00
    150.464    -0.6958   2.801071    -0.6974   2.801310    7.00057    -0.0642    13.8155 0.0000e+00  -61.48350  -54.87483 1152864919 195.343992    34.3250      64318         14  0.000e+00
    150.531    -0.6961   2.801061    -0.6973   2.801310    7.00068    -0.0642    13.8155 0.0000e+00  -61.48350  -54.87483 1152864919 195.343992    34.3251      64319         14  0.000e+00
    150.531    -0.6964   2.801005    -0.6973   2.801374    7.00075    -0.0749    13.8155 0.0000e+00  -61.48350  -54.87483 1152864919 195.343993    34.3246      64320         14  0.000e+00
    150.464    -0.6966   2.800958    -0.6976   2.801374    7.00075    -0.0534    13.8155 0.0000e+00  -61.48350  -54.87483 1152864919 195.343993    34.3243      64321         14  0.000e+00
    150.531    -0.6969   2.800965    -0.6968   2.801386    7.00085    -0.0534    13.8155 0.0000e+00  -61.48350  -54.87483 1152864919 195.343994    34.3247      64322         14  0.000e+00
    150.531    -0.6974   2.800915    -0.6972   2.801392    7.00095    -0.0642    13.8155 0.0000e+00  -61.48350  -54.87483 1152864919 195.343994    34.3246      64323         14  0.000e+00
    150.464    -0.6982   2.800886    -0.6968   2.801415    6.99629    -0.0534    13.8155 0.0000e+00  -61.48350  -54.87483 1152864919 195.343995    34.3252      64324         14  0.000e+00
    150.464    -0.6979   2.800846    -0.6967   2.801421    6.99626    -0.0964    13.8155 0.0000e+00  -61.48350  -54.87483 1152864919 195.343995    34.3242      64325         14  0.000e+00
    150.531    -0.6977   2.800882    -0.6965   2.801421    7.00102    -0.1072    13.8155 0.0000e+00  -61.48350  -54.87483 1152864919 195.343995    34.3245      64326         14  0.000e+00
    150.464    -0.6979   2.800886    -0.6961   2.801461    7.00098    -0.1180    13.8155 0.0000e+00  -61.48350  -54.87483 1152864919 195.343996    34.3248      64327         14  0.000e+00
    150.464    -0.6977   2.800912    -0.6961   2.801450    7.00094    -0.1502    13.8155 0.0000e+00  -61.48350  -54.87483 1152864919 195.343996    34.3250      64328         14  0.000e+00
    150.464    -0.6974   2.800919    -0.6964   2.801409    7.00088    -0.1287    13.8155 0.0000e+00  -61.48350  -54.87483 1152864919 195.343997    34.3246      64329         14  0.000e+00
    150.464    -0.6966   2.800922    -0.6971   2.801415    7.00078    -0.0857    13.8155 0.0000e+00  -61.48350  -54.87483 1152864919 195.343997    34.3238      64330         14  0.000e+00
    150.464    -0.6974   2.800925    -0.6972   2.801403    7.00088    -0.0642    13.8155 0.0000e+00  -61.48350  -54.87483 1152864919 195.343998    34.3247      64331         14  0.000e+00
    150.397    -0.6971   2.800886    -0.6970   2.801374    7.00080    -0.0749    13.8155 0.0000e+00  -61.48350  -54.87483 1152864919 195.343998    34.3239      64332         14  0.000e+00
    150.464    -0.6970   2.800896    -0.6978   2.801328    7.00084    -0.1180    13.8155 0.0000e+00  -61.48350  -54.87483 1152864919 195.343999    34.3239      64333         14  0.000e+00
    150.387    -0.6977   2.800886    -0.6976   2.801299    7.00088    -0.1180    13.8155 0.0000e+00  -61.48350  -54.87483 1152864919 195.343999    34.3246      64334         14  0.000e+00
    150.397    -0.6977   2.800876    -0.6975   2.801304    6.99615    -0.0749    13.8155 0.0000e+00  -61.48350  -54.87483 1152864919 195.344000    34.3245      64335         14  0.000e+00
    150.387    -0.6979   2.800846    -0.6974   2.801275    7.00093    -0.0964    13.8155 0.0000e+00  -61.48350  -54.87483 1152864919 195.344000    34.3243      64336         14  0.000e+00
    150.387    -0.6974   2.800836    -0.6979   2.801299    7.00087    -0.1072    13.8155 0.0000e+00  -61.48350  -54.87483 1152864919 195.344001    34.3236      64337         14  0.000e+00
    150.321    -0.6979   2.800866    -0.6978   2.801310    7.00085    -0.1072    13.8155 0.0000e+00  -61.48350  -54.87483 1152864919 195.344001    34.3246      64338         14  0.000e+00
