product_data/regression_test/downloaded_data/MDGS/320620060703/ctd/p6612101.cnv
* Sea-Bird SBE 9 Data File:
* FileName = D:\Data\Raw\p6612101.dat
* Software Version Seasave Win32 V 5.32
* Temperature SN = 1649
* Conductivity SN = 1431
* Number of Bytes Per Scan = 37
* Number of Voltage Words = 5
* Number of Scans Averaged by the Deck Unit = 1
* NMEA Latitude = 61 11.19 S
* NMEA Longitude = 054 32.47 W
* NMEA UTC (Time) = 01:29:36
** Ship:   Nathaniel B. Palmer 
** Cruise:    NBP0606 
# nquan = 15
# nvalues = 599                         
# units = specified
# name 0 = prDM: Pressure, Digiquartz [db]
# name 1 = t090C: Temperature [ITS-90, deg C]
# name 2 = c0S/m: Conductivity [S/m]
# name 3 = t190C: Temperature, 2 [ITS-90, deg C]
# name 4 = c1S/m: Conductivity, 2 [S/m]
# name 5 = sbeox0ML/L: Oxygen, SBE 43 [ml/l]
# name 6 = flECO-AFL: Fluorescence, Wetlab ECO-AFL/FL [mg/m^3]
# name 7 = bat: Beam Attenuation, Chelsea/Seatech/Wetlab CStar [1/m]
# name 8 = spar: SPAR/Surface Irradiance
# name 9 = latitude: Latitude [deg]
# name 10 = longitude: Longitude [deg]
# name 11 = timeY: Time, System [seconds]
# name 12 = timeJ: Julian Days
# name 13 = sal00: Salinity [PSU]
# name 14 = flag: flag
# span 0 =      3.000,    601.000       
# span 1 =    -0.9350,    -0.0298       
# span 2 =   2.765272,   2.876498       
# span 3 =    -0.9352,    -0.0276       
# span 4 =   2.765998,   2.876901       
# span 5 =    6.25396,    7.68854       
# span 6 =    -0.0876,     0.2229       
# span 7 =    13.8155,    13.8155       
# span 8 = 0.0000e+00, 0.0000e+00       
# span 9 =  -61.18650,  -61.18650       
# span 10 =  -54.54117,  -54.54117      
# span 11 = 1152926985, 1152927969      
# span 12 = 196.062344, 196.073727      
# span 13 =    34.1993,    34.5183      
# span 14 = 0.0000e+00, 0.0000e+00      
# interval = decibars: 1                
# start_time = Jul 15 2006 01:29:44
# bad_flag = -9.990e-29
*END*
[from data line 290]
    293.000    -0.0322   2.871811    -0.0301   2.872343    6.32419    -0.0362    13.8155 0.0000e+00  -61.18650  -54.54117 1152927453 196.067765    34.4352 0.0000e+00
    294.000    -0.0313   2.871992    -0.0309   2.872330    6.32168    -0.0295    13.8155 0.0000e+00  -61.18650  -54.54117 1152927454 196.067774    34.4359 0.0000e+00
    295.000    -0.0320   2.871939    -0.0313   2.872304    6.31819    -0.0385    13.8155 0.0000e+00  -61.18650  -54.54117 1152927455 196.067784    34.4355 0.0000e+00
    296.000    -0.0298   2.872271    -0.0300   2.872491    6.31324    -0.0491    13.8155 0.0000e+00  -61.18650  -54.54117 1152927456 196.067795    34.4367 0.0000e+00
    297.000    -0.0300   2.872293    -0.0287   2.872718    6.31022    -0.0509    13.8155 0.0000e+00  -61.18650  -54.54117 1152927458 196.067824    34.4366 0.0000e+00
    298.000    -0.0298   2.872377    -0.0276   2.872904    6.31143    -0.0446    13.8155 0.0000e+00  -61.18650  -54.54117 1152927461 196.067852    34.4369 0.0000e+00
    299.000    -0.0301   2.872346    -0.0290   2.872770    6.31127    -0.0360    13.8155 0.0000e+00  -61.18650  -54.54117 1152927462 196.067862    34.4363 0.0000e+00
    300.000    -0.0316   2.872186    -0.0303   2.872658    6.31071    -0.0382    13.8155 0.0000e+00  -61.18650  -54.54117 1152927462 196.067871    34.4353 0.0000e+00
    301.000    -0.0316   2.872243    -0.0304   2.872693    6.31183    -0.0265    13.8155 0.0000e+00  -61.18650  -54.54117 1152927463 196.067879    34.4356 0.0000e+00
    302.000    -0.0308   2.872372    -0.0300   2.872764    6.31267    -0.0181    13.8155 0.0000e+00  -61.18650  -54.54117 1152927464 196.067887    34.4357 0.0000e+00
    303.000    -0.0320   2.872258    -0.0321   2.872524    6.31500    -0.0401    13.8155 0.0000e+00  -61.18650  -54.54117 1152927465 196.067905    34.4350 0.0000e+00
    304.000    -0.0312   2.872419    -0.0302   2.872824    6.31821    -0.0294    13.8155 0.0000e+00  -61.18650  -54.54117 1152927468 196.067935    34.4355 0.0000e+00
    305.000    -0.0340   2.872066    -0.0331   2.872478    6.32250    -0.0444    13.8155 0.0000e+00  -61.18650  -54.54117 1152927469 196.067947    34.4335 0.0000e+00
    306.000    -0.0337   2.872143    -0.0328   2.872560    6.32527    -0.0437    13.8155 0.0000e+00  -61.18650  -54.54117 1152927470 196.067957    34.4336 0.0000e+00
    307.000    -0.0337   2.872202    -0.0326   2.872610    6.32324    -0.0411    13.8155 0.0000e+00  -61.18650  -54.54117 1152927471 196.067967    34.4337 0.0000e+00
    308.000    -0.0338   2.872252    -0.0329   2.872635    6.32436    -0.0347    13.8155 0.0000e+00  -61.18650  -54.54117 1152927472 196.067981    34.4340 0.0000e+00
    309.000    -0.0341   2.872257    -0.0330   2.872666    6.32482    -0.0342    13.8155 0.0000e+00  -61.18650  -54.54117 1152927473 196.067998    34.4337 0.0000e+00
    310.000    -0.0336   2.872353    -0.0325   2.872766    6.32357    -0.0502    13.8155 0.0000e+00  -61.18650  -54.54117 1152927474 196.068011    34.4339 0.0000e+00
    311.000    -0.0340   2.872345    -0.0327   2.872791    6.32068    -0.0248    13.8155 0.0000e+00  -61.18650  -54.54117 1152927475 196.068021    34.4337 0.0000e+00
    312.000    -0.0338   2.872411    -0.0329   2.872820    6.32106    -0.0275    13.8155 0.0000e+00  -61.18650  -54.54117 1152927476 196.068032    34.4337 0.0000e+00
    313.000    -0.0339   2.872454    -0.0329   2.872849    6.32371    -0.0465    13.8155 0.0000e+00  -61.18650  -54.54117 1152927478 196.068054    34.4337 0.0000e+00
    314.000    -0.0336   2.872539    -0.0325   2.872942    6.32878    -0.0546    13.8155 0.0000e+00  -61.18650  -54.54117 1152927480 196.068078    34.4338 0.0000e+00
    315.000    -0.0336   2.872613    -0.0325   2.873037    6.32577    -0.0393    13.8155 0.0000e+00  -61.18650  -54.54117 1152927482 196.068092    34.4342 0.0000e+00
    316.000    -0.0336   2.872655    -0.0328   2.873063    6.32467    -0.0449    13.8155 0.0000e+00  -61.18650  -54.54117 1152927482 196.068102    34.4342 0.0000e+00
    317.000    -0.0338   2.872675    -0.0328   2.873089    6.32530    -0.0475    13.8155 0.0000e+00  -61.18650  -54.54117 1152927483 196.068113    34.4342 0.0000e+00
    318.000    -0.0338   2.872732    -0.0325   2.873173    6.32584    -0.0493    13.8155 0.0000e+00  -61.18650  -54.54117 1152927485 196.068128    34.4343 0.0000e+00
    319.000    -0.0333   2.872819    -0.0323   2.873234    6.32585    -0.0471    13.8155 0.0000e+00  -61.18650  -54.54117 1152927486 196.068145    34.4343 0.0000e+00
    320.000    -0.0333   2.872878    -0.0322   2.873308    6.32430    -0.0333    13.8155 0.0000e+00  -61.18650  -54.54117 1152927487 196.068158    34.4344 0.0000e+00
    321.000    -0.0331   2.872948    -0.0322   2.873347    6.32233    -0.0493    13.8155 0.0000e+00  -61.18650  -54.54117 1152927488 196.068169    34.4345 0.0000e+00
    322.000    -0.0330   2.873004    -0.0320   2.873401    6.32236    -0.0332    13.8155 0.0000e+00  -61.18650  -54.54117 1152927489 196.068180    34.4345 0.0000e+00
    323.000    -0.0359   2.872750    -0.0348   2.873163    6.32607    -0.0396    13.8155 0.0000e+00  -61.18650  -54.54117 1152927490 196.068193    34.4339 0.0000e+00
    324.000    -0.0359   2.872757    -0.0350   2.873165    6.32579    -0.0378    13.8155 0.0000e+00  -61.18650  -54.54117 1152927492 196.068212    34.4334 0.0000e+00
    325.000    -0.0369   2.872730    -0.0359   2.873138    6.32586    -0.0508    13.8155 0.0000e+00  -61.18650  -54.54117 1152927494 196.068232    34.4336 0.0000e+00
    326.000    -0.0376   2.872754    -0.0365   2.873176    6.32478    -0.0292    13.8155 0.0000e+00  -61.18650  -54.54117 1152927495 196.068248    34.4341 0.0000e+00
    327.000    -0.0367   2.872830    -0.0357   2.873244    6.32370    -0.0277    13.8155 0.0000e+00  -61.18650  -54.54117 1152927496 196.068262    34.4335 0.0000e+00
    328.000    -0.0361   2.872901    -0.0350   2.873321    6.32329    -0.0303    13.8155 0.0000e+00  -61.18650  -54.54117 1152927497 196.068274    34.4331 0.0000e+00
    329.000    -0.0358   2.872983    -0.0349   2.873383    6.32633    -0.0397    13.8155 0.0000e+00  -61.18650  -54.54117 1152927498 196.068288    34.4332 0.0000e+00
    330.000    -0.0355   2.873053    -0.0348   2.873445    6.32878    -0.0378    13.8155 0.0000e+00  -61.18650  -54.54117 1152927500 196.068303    34.4333 0.0000e+00
    331.000    -0.0368   2.873014    -0.0359   2.873423    6.32602    -0.0354    13.8155 0.0000e+00  -61.18650  -54.54117 1152927501 196.068317    34.4336 0.0000e+00
    332.000    -0.0379   2.872981    -0.0368   2.873404    6.32512    -0.0364    13.8155 0.0000e+00  -61.18650  -54.54117 1152927502 196.068330    34.4338 0.0000e+00
    333.000    -0.0421   2.872678    -0.0397   2.873196    6.32624    -0.0617    13.8155 0.0000e+00  -61.18650  -54.54117 1152927503 196.068341    34.4340 0.0000e+00
    334.000    -0.0435   2.872588    -0.0425   2.873016    6.32676    -0.0335    13.8155 0.0000e+00  -61.18650  -54.54117 1152927504 196.068357    34.4339 0.0000e+00
    335.000    -0.0402   2.872928    -0.0395   2.873315    6.32951    -0.0315    13.8155 0.0000e+00  -61.18650  -54.54117 1152927506 196.068377    34.4339 0.0000e+00
    336.000    -0.0396   2.873028    -0.0382   2.873470    6.33100    -0.0409    13.8155 0.0000e+00  -61.18650  -54.54117 1152927508 196.068392    34.4339 0.0000e+00
    337.000    -0.0401   2.873058    -0.0389   2.873482    6.33285    -0.0494    13.8155 0.0000e+00  -61.18650  -54.54117 1152927509 196.068405    34.4343 0.0000e+00
    338.000    -0.0385   2.873243    -0.0372   2.873670    6.33398    -0.0323    13.8155 0.0000e+00  -61.18650  -54.54117 1152927510 196.068417    34.4343 0.0000e+00
    339.000    -0.0356   2.873497    -0.0350   2.873880    6.33464    -0.0495    13.8155 0.0000e+00  -61.18650  -54.54117 1152927511 196.068429    34.4338 0.0000e+00
    340.000    -0.0362   2.873508    -0.0354   2.873925    6.33415    -0.0428    13.8155 0.0000e+00  -61.18650  -54.54117 1152927512 196.068441    34.4339 0.0000e+00
    341.000    -0.0423   2.873068    -0.0427   2.873392    6.33158    -0.0349    13.8155 0.0000e+00  -61.18650  -54.54117 1152927513 196.068454    34.4345 0.0000e+00
    342.000    -0.0433   2.873005    -0.0426   2.873421    6.33040    -0.0353    13.8155 0.0000e+00  -61.18650  -54.54117 1152927514 196.068471    34.4344 0.0000e+00
    343.000    -0.0439   2.873071    -0.0442   2.873409    6.33387    -0.0377    13.8155 0.0000e+00  -61.18650  -54.54117 1152927516 196.068493    34.4350 0.0000e+00
    344.000    -0.0463   2.872956    -0.0452   2.873372    6.33571    -0.0521    13.8155 0.0000e+00  -61.18650  -54.54117 1152927518 196.068511    34.4359 0.0000e+00
    345.000    -0.0456   2.873013    -0.0449   2.873424    6.33487    -0.0564    13.8155 0.0000e+00  -61.18650  -54.54117 1152927519 196.068523    34.4352 0.0000e+00
    346.000    -0.0464   2.873060    -0.0453   2.873491    6.33407    -0.0435    13.8155 0.0000e+00  -61.18650  -54.54117 1152927520 196.068534    34.4361 0.0000e+00
    347.000    -0.0458   2.873188    -0.0448   2.873606    6.33102    -0.0308    13.8155 0.0000e+00  -61.18650  -54.54117 1152927521 196.068546    34.4365 0.0000e+00
    348.000    -0.0444   2.873400    -0.0442   2.873715    6.32760    -0.0351    13.8155 0.0000e+00  -61.18650  -54.54117 1152927522 196.068558    34.4371 0.0000e+00
    349.000    -0.0424   2.873685    -0.0410   2.874144    6.32413    -0.0473    13.8155 0.0000e+00  -61.18650  -54.54117 1152927523 196.068570    34.4380 0.0000e+00
    350.000    -0.0399   2.874011    -0.0391   2.874412    6.32108    -0.0401    13.8155 0.0000e+00  -61.18650  -54.54117 1152927524 196.068582    34.4388 0.0000e+00
    351.000    -0.0385   2.874240    -0.0377   2.874624    6.31803    -0.0525    13.8155 0.0000e+00  -61.18650  -54.54117 1152927525 196.068596    34.4396 0.0000e+00
    352.000    -0.0382   2.874303    -0.0371   2.874743    6.31317    -0.0480    13.8155 0.0000e+00  -61.18650  -54.54117 1152927527 196.068614    34.4396 0.0000e+00
    353.000    -0.0368   2.874547    -0.0363   2.874898    6.30979    -0.0360    13.8155 0.0000e+00  -61.18650  -54.54117 1152927529 196.068636    34.4406 0.0000e+00
    354.000    -0.0384   2.874382    -0.0374   2.874809    6.31103    -0.0460    13.8155 0.0000e+00  -61.18650  -54.54117 1152927530 196.068655    34.4397 0.0000e+00
    355.000    -0.0368   2.874647    -0.0359   2.875081    6.30970    -0.0512    13.8155 0.0000e+00  -61.18650  -54.54117 1152927531 196.068668    34.4408 0.0000e+00
    356.000    -0.0369   2.874680    -0.0360   2.875094    6.30751    -0.0335    13.8155 0.0000e+00  -61.18650  -54.54117 1152927532 196.068678    34.4407 0.0000e+00
    357.000    -0.0354   2.874970    -0.0346   2.875332    6.30764    -0.0513    13.8155 0.0000e+00  -61.18650  -54.54117 1152927533 196.068687    34.4423 0.0000e+00
    358.000    -0.0348   2.875086    -0.0340   2.875490    6.30728    -0.0422    13.8155 0.0000e+00  -61.18650  -54.54117 1152927534 196.068698    34.4425 0.0000e+00
    359.000    -0.0342   2.875195    -0.0332   2.875624    6.30456    -0.0508    13.8155 0.0000e+00  -61.18650  -54.54117 1152927535 196.068714    34.4427 0.0000e+00
    360.000    -0.0344   2.875323    -0.0339   2.875718    6.30056    -0.0482    13.8155 0.0000e+00  -61.18650  -54.54117 1152927537 196.068730    34.4440 0.0000e+00
    361.000    -0.0344   2.875438    -0.0338   2.875821    6.29809    -0.0343    13.8155 0.0000e+00  -61.18650  -54.54117 1152927538 196.068744    34.4450 0.0000e+00
    362.000    -0.0338   2.875534    -0.0330   2.875936    6.29621    -0.0358    13.8155 0.0000e+00  -61.18650  -54.54117 1152927539 196.068758    34.4450 0.0000e+00
    363.000    -0.0340   2.875556    -0.0337   2.875925    6.29519    -0.0508    13.8155 0.0000e+00  -61.18650  -54.54117 1152927540 196.068771    34.4448 0.0000e+00
    364.000    -0.0372   2.875357    -0.0366   2.875745    6.29522    -0.0502    13.8155 0.0000e+00  -61.18650  -54.54117 1152927542 196.068787    34.4454 0.0000e+00
    365.000    -0.0387   2.875278    -0.0386   2.875631    6.29359    -0.0516    13.8155 0.0000e+00  -61.18650  -54.54117 1152927543 196.068803    34.4454 0.0000e+00
    366.000    -0.0373   2.875445    -0.0367   2.875853    6.29072    -0.0392    13.8155 0.0000e+00  -61.18650  -54.54117 1152927545 196.068821    34.4454 0.0000e+00
    367.000    -0.0422   2.875276    -0.0413   2.875699    6.28961    -0.0432    13.8155 0.0000e+00  -61.18650  -54.54117 1152927546 196.068836    34.4482 0.0000e+00
    368.000    -0.0408   2.875370    -0.0396   2.875787    6.28899    -0.0502    13.8155 0.0000e+00  -61.18650  -54.54117 1152927547 196.068848    34.4472 0.0000e+00
    369.000    -0.0439   2.875387    -0.0436   2.875793    6.28777    -0.0507    13.8155 0.0000e+00  -61.18650  -54.54117 1152927548 196.068859    34.4505 0.0000e+00
    370.000    -0.0450   2.875355    -0.0443   2.875763    6.28629    -0.0543    13.8155 0.0000e+00  -61.18650  -54.54117 1152927549 196.068869    34.4507 0.0000e+00
    371.000    -0.0453   2.875379    -0.0444   2.875792    6.28414    -0.0461    13.8155 0.0000e+00  -61.18650  -54.54117 1152927550 196.068881    34.4507 0.0000e+00
    372.000    -0.0449   2.875335    -0.0438   2.875744    6.28513    -0.0428    13.8155 0.0000e+00  -61.18650  -54.54117 1152927551 196.068895    34.4490 0.0000e+00
    373.000    -0.0450   2.875286    -0.0440   2.875698    6.28632    -0.0487    13.8155 0.0000e+00  -61.18650  -54.54117 1152927552 196.068910    34.4479 0.0000e+00
    374.000    -0.0468   2.875009    -0.0454   2.875506    6.29218    -0.0345    13.8155 0.0000e+00  -61.18650  -54.54117 1152927554 196.068926    34.4456 0.0000e+00
    375.000    -0.0496   2.874678    -0.0486   2.875097    6.30035    -0.0489    13.8155 0.0000e+00  -61.18650  -54.54117 1152927555 196.068946    34.4438 0.0000e+00
    376.000    -0.0495   2.874766    -0.0487   2.875175    6.30659    -0.0422    13.8155 0.0000e+00  -61.18650  -54.54117 1152927557 196.068967    34.4443 0.0000e+00
    377.000    -0.0498   2.874820    -0.0490   2.875194    6.30567    -0.0525    13.8155 0.0000e+00  -61.18650  -54.54117 1152927558 196.068982    34.4448 0.0000e+00
    378.000    -0.0496   2.874889    -0.0487   2.875301    6.30425    -0.0500    13.8155 0.0000e+00  -61.18650  -54.54117 1152927559 196.068994    34.4448 0.0000e+00
    379.000    -0.0497   2.875089    -0.0490   2.875466    6.30050    -0.0432    13.8155 0.0000e+00  -61.18650  -54.54117 1152927560 196.069005    34.4470 0.0000e+00
    380.000    -0.0498   2.875212    -0.0491   2.875620    6.29887    -0.0598    13.8155 0.0000e+00  -61.18650  -54.54117 1152927561 196.069015    34.4481 0.0000e+00
    381.000    -0.0514   2.875345    -0.0505   2.875766    6.29776    -0.0574    13.8155 0.0000e+00  -61.18650  -54.54117 1152927562 196.069028    34.4511 0.0000e+00
    382.000    -0.0523   2.875400    -0.0513   2.875827    6.29777    -0.0501    13.8155 0.0000e+00  -61.18650  -54.54117 1152927564 196.069043    34.4523 0.0000e+00
    383.000    -0.0526   2.875427    -0.0516   2.875830    6.29577    -0.0447    13.8155 0.0000e+00  -61.18650  -54.54117 1152927565 196.069059    34.4523 0.0000e+00
    384.000    -0.0531   2.875554    -0.0528   2.875932    6.29288    -0.0391    13.8155 0.0000e+00  -61.18650  -54.54117 1152927566 196.069070    34.4539 0.0000e+00
    385.000    -0.0534   2.875592    -0.0530   2.875985    6.28820    -0.0614    13.8155 0.0000e+00  -61.18650  -54.54117 1152927567 196.069080    34.4542 0.0000e+00
    386.000    -0.0534   2.875660    -0.0529   2.876050    6.28449    -0.0473    13.8155 0.0000e+00  -61.18650  -54.54117 1152927568 196.069090    34.4545 0.0000e+00
    387.000    -0.0555   2.875547    -0.0558   2.875911    6.28205    -0.0619    13.8155 0.0000e+00  -61.18650  -54.54117 1152927569 196.069108    34.4552 0.0000e+00
