product_data/regression_test/downloaded_data/MDGS/320620060703/ctd/p6614901.ros
* Sea-Bird SBE 9 Data File:
* FileName = D:\Data\Raw\p6614901.dat
* Software Version Seasave Win32 V 5.32
* Temperature SN = 1649
* Conductivity SN = 1431
* Number of Bytes Per Scan = 37
* Number of Voltage Words = 5
* Number of Scans Averaged by the Deck Unit = 1
* NMEA Latitude = 60 34.28 S
* NMEA Longitude = 056 44.74 W
* NMEA UTC (Time) = 06:09:01
** Ship:   Nathaniel B. Palmer 
** Cruise:    NBP0606 
# nquan = 17
# nvalues = 1176                    
# units = specified
# name 0 = prDM: Pressure, Digiquartz [db]
# name 1 = t090C: Temperature [ITS-90, deg C]
# name 2 = c0S/m: Conductivity [S/m]
# name 3 = t190C: Temperature, 2 [ITS-90, deg C]
# name 4 = c1S/m: Conductivity, 2 [S/m]
# name 5 = sbeox0ML/L: Oxygen, SBE 43 [ml/l]
# name 6 = flECO-AFL: Fluorescence, Wetlab ECO-AFL/FL [mg/m^3]
# name 7 = bat: Beam Attenuation, Chelsea/Seatech/Wetlab CStar [1/m]
# name 8 = spar: SPAR/Surface Irradiance
# name 9 = latitude: Latitude [deg]
# name 10 = longitude: Longitude [deg]
# name 11 = timeY: Time, System [seconds]
# name 12 = timeJ: Julian Days
# name 13 = sal00: Salinity [PSU]
# name 14 = scan: scan number
# name 15 = nbf: number of bottles fired
# name 16 = flag:  0.000e+00
# interval = seconds: 0.0416667                   
# start_time = Jul 18 2006 06:09:09
*END*
[from data line 1107]
     10.470    -0.7609   2.756815    -0.7604   2.757242    7.97783     0.1188    13.8155 0.0000e+00  -60.57133  -56.74567 1153206334 199.295548    33.8862      81274         23  0.000e+00
     10.518    -0.7609   2.756779    -0.7606   2.757242    7.97791     0.1188    13.8155 0.0000e+00  -60.57133  -56.74567 1153206334 199.295549    33.8857      81275         23  0.000e+00
     10.518    -0.7609   2.756819    -0.7605   2.757214    7.97320     0.1188    13.8155 0.0000e+00  -60.57133  -56.74567 1153206334 199.295549    33.8862      81276         23  0.000e+00
     10.537    -0.7609   2.756802    -0.7605   2.757190    7.97324     0.0757    13.8155 0.0000e+00  -60.57133  -56.74567 1153206334 199.295550    33.8860      81277         23  0.000e+00
     10.585    -0.7607   2.756792    -0.7608   2.757219    7.97327     0.1403    13.8155 0.0000e+00  -60.57133  -56.74567 1153206334 199.295550    33.8857      81278         23  0.000e+00
     10.518    -0.7612   2.756825    -0.7606   2.757214    7.97324     0.1833    13.8155 0.0000e+00  -60.57133  -56.74567 1153206334 199.295551    33.8867      81279         23  0.000e+00
     10.613    -0.7612   2.756819    -0.7608   2.757190    7.97335     0.1403    13.8155 0.0000e+00  -60.57133  -56.74567 1153206334 199.295551    33.8865      81280         23  0.000e+00
     10.518    -0.7609   2.756815    -0.7609   2.757219    7.97321     0.1188    13.8155 0.0000e+00  -60.57133  -56.74567 1153206334 199.295552    33.8862      81281         23  0.000e+00
     10.614    -0.7609   2.756815    -0.7609   2.757214    7.97799     0.1618    13.8155 0.0000e+00  -60.57133  -56.74567 1153206334 199.295552    33.8861      81282         23  0.000e+00
     10.585    -0.7615   2.756796    -0.7611   2.757208    7.97339     0.1833    13.8155 0.0000e+00  -60.57133  -56.74567 1153206334 199.295553    33.8866      81283         23  0.000e+00
     10.652    -0.7607   2.756809    -0.7606   2.757225    7.97333     0.2048    13.8155 0.0000e+00  -60.57133  -56.74567 1153206334 199.295553    33.8858      81284         23  0.000e+00
     10.614    -0.7611   2.756796    -0.7609   2.757237    7.97335     0.1833    13.8155 0.0000e+00  -60.57133  -56.74567 1153206334 199.295554    33.8860      81285         23  0.000e+00
     10.585    -0.7612   2.756809    -0.7605   2.757214    7.97333     0.1618    13.8155 0.0000e+00  -60.57133  -56.74567 1153206334 199.295554    33.8864      81286         23  0.000e+00
     10.614    -0.7614   2.756815    -0.7606   2.757248    7.97338     0.1403    13.8155 0.0000e+00  -60.57133  -56.74567 1153206334 199.295555    33.8867      81287         23  0.000e+00
     10.652    -0.7612   2.756832    -0.7606   2.757219    7.97339     0.0757    13.8155 0.0000e+00  -60.57133  -56.74567 1153206334 199.295555    33.8867      81288         23  0.000e+00
     10.652    -0.7615   2.756819    -0.7605   2.757225    7.97345     0.1403    13.8155 0.0000e+00  -60.57133  -56.74567 1153206334 199.295556    33.8868      81289         23  0.000e+00
     10.614    -0.7612   2.756829    -0.7606   2.757237    7.97335     0.2048    13.8155 0.0000e+00  -60.57133  -56.74567 1153206334 199.295556    33.8866      81290         23  0.000e+00
     10.652    -0.7609   2.756819    -0.7605   2.757237    7.97335     0.1941    13.8155 0.0000e+00  -60.57133  -56.74567 1153206334 199.295557    33.8862      81291         23  0.000e+00
     10.680    -0.7609   2.756779    -0.7616   2.757214    7.97341     0.1403    13.8155 0.0000e+00  -60.57133  -56.74567 1153206334 199.295557    33.8856      81292         23  0.000e+00
     10.585    -0.7611   2.756819    -0.7609   2.757190    7.97330     0.1403    13.8155 0.0000e+00  -60.57133  -56.74567 1153206334 199.295557    33.8864      81293         23  0.000e+00
     10.102    -0.7609   2.756819    -0.7605   2.757190    7.96807     0.0327    13.8155 0.0000e+00  -60.57133  -56.74567 1153206341 199.295635    33.8865      81454         24  0.000e+00
     10.197    -0.7607   2.756796    -0.7603   2.757202    7.96816     0.0327    13.8155 0.0000e+00  -60.57133  -56.74567 1153206341 199.295636    33.8859      81455         24  0.000e+00
     10.026    -0.7605   2.756809    -0.7609   2.757190    7.96792     0.0650    13.8155 0.0000e+00  -60.57133  -56.74567 1153206341 199.295636    33.8859      81456         24  0.000e+00
     10.102    -0.7604   2.756796    -0.7605   2.757202    7.96801     0.0757    13.8155 0.0000e+00  -60.57133  -56.74567 1153206341 199.295637    33.8856      81457         24  0.000e+00
     10.054    -0.7612   2.756809    -0.7605   2.757208    7.96339     0.0972    13.8155 0.0000e+00  -60.57133  -56.74567 1153206341 199.295637    33.8867      81458         24  0.000e+00
     10.026    -0.7607   2.756815    -0.7608   2.757208    7.96796     0.0757    13.8155 0.0000e+00  -60.57133  -56.74567 1153206341 199.295638    33.8863      81459         24  0.000e+00
     10.026    -0.7609   2.756795    -0.7603   2.757190    7.96800     0.0972    13.8155 0.0000e+00  -60.57133  -56.74567 1153206341 199.295638    33.8862      81460         24  0.000e+00
     10.054    -0.7609   2.756792    -0.7608   2.757184    7.96803     0.0757    13.8155 0.0000e+00  -60.57133  -56.74567 1153206341 199.295639    33.8862      81461         24  0.000e+00
      9.959    -0.7609   2.756841    -0.7599   2.757219    7.96789     0.0757    13.8155 0.0000e+00  -60.57133  -56.74567 1153206342 199.295639    33.8869      81462         24  0.000e+00
      9.988    -0.7605   2.756825    -0.7603   2.757236    7.96786     0.0757    13.8155 0.0000e+00  -60.57133  -56.74567 1153206342 199.295639    33.8861      81463         24  0.000e+00
      9.959    -0.7601   2.756815    -0.7602   2.757213    7.96779     0.1510    13.8155 0.0000e+00  -60.57133  -56.74567 1153206342 199.295640    33.8857      81464         24  0.000e+00
      9.892    -0.7603   2.756795    -0.7596   2.757208    7.96775     0.1618    13.8155 0.0000e+00  -60.57133  -56.74567 1153206342 199.295640    33.8856      81465         24  0.000e+00
      9.911    -0.7603   2.756841    -0.7599   2.757208    7.96774     0.1188    13.8155 0.0000e+00  -60.57133  -56.74567 1153206342 199.295641    33.8862      81466         24  0.000e+00
      9.892    -0.7607   2.756809    -0.7596   2.757225    7.96781     0.1403    13.8155 0.0000e+00  -60.57133  -56.74567 1153206342 199.295641    33.8863      81467         24  0.000e+00
      9.892    -0.7605   2.756809    -0.7597   2.757236    7.96777     0.1295    13.8155 0.0000e+00  -60.57133  -56.74567 1153206342 199.295642    33.8860      81468         24  0.000e+00
      9.845    -0.7601   2.756832    -0.7600   2.757213    7.96765     0.0757    13.8155 0.0000e+00  -60.57133  -56.74567 1153206342 199.295642    33.8860      81469         24  0.000e+00
      9.816    -0.7597   2.756838    -0.7599   2.757225    7.96754     0.1080    13.8155 0.0000e+00  -60.57133  -56.74567 1153206342 199.295643    33.8856      81470         24  0.000e+00
      9.778    -0.7601   2.756818    -0.7599   2.757236    7.96758     0.1188    13.8155 0.0000e+00  -60.57133  -56.74567 1153206342 199.295643    33.8858      81471         24  0.000e+00
      9.816    -0.7598   2.756815    -0.7597   2.757213    7.96291     0.0542    13.8155 0.0000e+00  -60.57133  -56.74567 1153206342 199.295644    33.8854      81472         24  0.000e+00
      9.749    -0.7601   2.756832    -0.7596   2.757248    7.96754     0.0542    13.8155 0.0000e+00  -60.57133  -56.74567 1153206342 199.295644    33.8860      81473         24  0.000e+00
      9.778    -0.7604   2.756838    -0.7600   2.757242    7.96762     0.1080    13.8155 0.0000e+00  -60.57133  -56.74567 1153206342 199.295645    33.8864      81474         24  0.000e+00
      9.749    -0.7598   2.756818    -0.7595   2.757254    7.96750     0.1510    13.8155 0.0000e+00  -60.57133  -56.74567 1153206342 199.295645    33.8855      81475         24  0.000e+00
      9.749    -0.7600   2.756795    -0.7603   2.757219    7.96754     0.1510    13.8155 0.0000e+00  -60.57133  -56.74567 1153206342 199.295646    33.8853      81476         24  0.000e+00
      9.702    -0.7600   2.756825    -0.7596   2.757190    7.96747     0.1080    13.8155 0.0000e+00  -60.57133  -56.74567 1153206342 199.295646    33.8858      81477         24  0.000e+00
      9.750    -0.7597   2.756835    -0.7599   2.757184    7.96746     0.0972    13.8155 0.0000e+00  -60.57133  -56.74567 1153206342 199.295647    33.8855      81478         24  0.000e+00
      9.635    -0.7598   2.756802    -0.7596   2.757219    7.96739     0.0650    13.8155 0.0000e+00  -60.57133  -56.74567 1153206342 199.295647    33.8853      81479         24  0.000e+00
      9.683    -0.7601   2.756825    -0.7599   2.757196    7.96280     0.0972    13.8155 0.0000e+00  -60.57133  -56.74567 1153206342 199.295648    33.8860      81480         24  0.000e+00
      9.683    -0.7595   2.756818    -0.7597   2.757202    7.96738     0.1295    13.8155 0.0000e+00  -60.57133  -56.74567 1153206342 199.295648    33.8852      81481         24  0.000e+00
      9.635    -0.7600   2.756815    -0.7603   2.757207    7.96740     0.1403    13.8155 0.0000e+00  -60.57133  -56.74567 1153206342 199.295649    33.8857      81482         24  0.000e+00
      9.683    -0.7604   2.756832    -0.7601   2.757190    7.96284     0.1295    13.8155 0.0000e+00  -60.57133  -56.74567 1153206342 199.295649    33.8864      81483         24  0.000e+00
      9.607    -0.7605   2.756818    -0.7600   2.757202    7.96745     0.1295    13.8155 0.0000e+00  -60.57133  -56.74567 1153206342 199.295650    33.8863      81484         24  0.000e+00
      9.635    -0.7603   2.756795    -0.7605   2.757190    7.96747     0.1188    13.8155 0.0000e+00  -60.57133  -56.74567 1153206342 199.295650    33.8858      81485         24  0.000e+00
      9.607    -0.7600   2.756809    -0.7599   2.757202    7.96737     0.1188    13.8155 0.0000e+00  -60.57133  -56.74567 1153206342 199.295651    33.8856      81486         24  0.000e+00
      9.635    -0.7605   2.756815    -0.7603   2.757207    7.96748     0.1510    13.8155 0.0000e+00  -60.57133  -56.74567 1153206343 199.295651    33.8862      81487         24  0.000e+00
      9.607    -0.7606   2.756795    -0.7600   2.757190    7.96748     0.1833    13.8155 0.0000e+00  -60.57133  -56.74567 1153206343 199.295652    33.8861      81488         24  0.000e+00
      9.607    -0.7600   2.756792    -0.7602   2.757202    7.96739     0.1618    13.8155 0.0000e+00  -60.57133  -56.74567 1153206343 199.295652    33.8854      81489         24  0.000e+00
      9.569    -0.7601   2.756825    -0.7597   2.757190    7.96735     0.1618    13.8155 0.0000e+00  -60.57133  -56.74567 1153206343 199.295652    33.8860      81490         24  0.000e+00
      9.607    -0.7603   2.756835    -0.7600   2.757184    7.96741     0.1618    13.8155 0.0000e+00  -60.57133  -56.74567 1153206343 199.295653    33.8863      81491         24  0.000e+00
      9.607    -0.7605   2.756818    -0.7599   2.757184    7.96745     0.1618    13.8155 0.0000e+00  -60.57133  -56.74567 1153206343 199.295653    33.8863      81492         24  0.000e+00
      9.569    -0.7604   2.756795    -0.7602   2.757219    7.96274     0.1510    13.8155 0.0000e+00  -60.57133  -56.74567 1153206343 199.295654    33.8860      81493         24  0.000e+00
      9.607    -0.7603   2.756825    -0.7600   2.757213    7.96274     0.1188    13.8155 0.0000e+00  -60.57133  -56.74567 1153206343 199.295654    33.8862      81494         24  0.000e+00
      9.607    -0.7606   2.756802    -0.7600   2.757207    7.96281     0.1188    13.8155 0.0000e+00  -60.57133  -56.74567 1153206343 199.295655    33.8862      81495         24  0.000e+00
      9.569    -0.7603   2.756825    -0.7600   2.757207    7.96270     0.1618    13.8155 0.0000e+00  -60.57133  -56.74567 1153206343 199.295655    33.8862      81496         24  0.000e+00
      9.607    -0.7600   2.756786    -0.7600   2.757190    7.96272     0.2048    13.8155 0.0000e+00  -60.57133  -56.74567 1153206343 199.295656    33.8853      81497         24  0.000e+00
      9.569    -0.7604   2.756802    -0.7602   2.757184    7.96741     0.1618    13.8155 0.0000e+00  -60.57133  -56.74567 1153206343 199.295656    33.8861      81498         24  0.000e+00
      9.607    -0.7605   2.756815    -0.7603   2.757202    7.96745     0.0972    13.8155 0.0000e+00  -60.57133  -56.74567 1153206343 199.295657    33.8862      81499         24  0.000e+00
      9.607    -0.7601   2.756779    -0.7605   2.757207    7.96742     0.1080    13.8155 0.0000e+00  -60.57133  -56.74567 1153206343 199.295657    33.8854      81500         24  0.000e+00
      9.569    -0.7606   2.756818    -0.7604   2.757207    7.96743     0.1188    13.8155 0.0000e+00  -60.57133  -56.74567 1153206343 199.295658    33.8865      81501         24  0.000e+00
      9.607    -0.7607   2.756838    -0.7605   2.757207    7.96748     0.0972    13.8155 0.0000e+00  -60.57133  -56.74567 1153206343 199.295658    33.8869      81502         24  0.000e+00
