product_data/regression_test/downloaded_data/MDGS/320620060703/ctd/p6615701.ros
* Sea-Bird SBE 9 Data File:
* FileName = D:\Data\Raw\p6615701.dat
* Software Version Seasave Win32 V 5.32
* Temperature SN = 1649
* Conductivity SN = 1431
* Number of Bytes Per Scan = 37
* Number of Voltage Words = 5
* Number of Scans Averaged by the Deck Unit = 1
* NMEA Latitude = 60 51.45 S
* NMEA Longitude = 056 03.54 W
* NMEA UTC (Time) = 01:08:55
** Ship:   Nathaniel B. Palmer 
** Cruise:    NBP0606 
# nquan = 17
# nvalues = 1156                    
# units = specified
# name 0 = prDM: Pressure, Digiquartz [db]
# name 1 = t090C: Temperature [ITS-90, deg C]
# name 2 = c0S/m: Conductivity [S/m]
# name 3 = t190C: Temperature, 2 [ITS-90, deg C]
# name 4 = c1S/m: Conductivity, 2 [S/m]
# name 5 = sbeox0ML/L: Oxygen, SBE 43 [ml/l]
# name 6 = flECO-AFL: Fluorescence, Wetlab ECO-AFL/FL [mg/m^3]
# name 7 = bat: Beam Attenuation, Chelsea/Seatech/Wetlab CStar [1/m]
# name 8 = spar: SPAR/Surface Irradiance
# name 9 = latitude: Latitude [deg]
# name 10 = longitude: Longitude [deg]
# name 11 = timeY: Time, System [seconds]
# name 12 = timeJ: Julian Days
# name 13 = sal00: Salinity [PSU]
# name 14 = scan: scan number
# name 15 = nbf: number of bottles fired
# name 16 = flag:  0.000e+00
# interval = seconds: 0.0416667                   
# start_time = Jul 19 2006 01:09:03
*END*
[from data line 86]
    899.508     0.0755   2.918623     0.0713   2.918636    5.85779    -0.0534    13.8155 0.0000e+00  -60.85750  -56.05900 1153272864 200.065581    34.5764      36558          2  0.000e+00
    899.537     0.0756   2.918536     0.0712   2.918607    5.85785    -0.0749    13.8155 0.0000e+00  -60.85750  -56.05900 1153272864 200.065582    34.5751      36559          2  0.000e+00
    899.508     0.0737   2.918458     0.0719   2.918619    5.85297    -0.1287    13.8155 0.0000e+00  -60.85750  -56.05900 1153272865 200.065582    34.5764      36560          2  0.000e+00
    899.537     0.0724   2.918388     0.0727   2.918689    5.85832    -0.1395    13.8155 0.0000e+00  -60.85750  -56.05900 1153272865 200.065583    34.5768      36561          2  0.000e+00
    899.585     0.0709   2.918388     0.0732   2.918748    5.85855    -0.1180    13.8155 0.0000e+00  -60.85750  -56.05900 1153272865 200.065583    34.5785      36562          2  0.000e+00
    899.508     0.0710   2.918465     0.0741   2.918802    5.85843    -0.0749    13.8155 0.0000e+00  -60.85750  -56.05900 1153272865 200.065584    34.5794      36563          2  0.000e+00
    899.537     0.0730   2.918522     0.0741   2.918837    5.85817    -0.1072    13.8155 0.0000e+00  -60.85750  -56.05900 1153272865 200.065584    34.5779      36564          2  0.000e+00
    899.585     0.0749   2.918546     0.0744   2.918849    5.85798    -0.1287    13.8155 0.0000e+00  -60.85750  -56.05900 1153272865 200.065584    34.5761      36565          2  0.000e+00
    899.537     0.0747   2.918607     0.0744   2.918884    5.85792    -0.0749    13.8155 0.0000e+00  -60.85750  -56.05900 1153272865 200.065585    34.5771      36566          2  0.000e+00
    899.585     0.0763   2.918661     0.0749   2.918884    5.85775    -0.0964    13.8155 0.0000e+00  -60.85750  -56.05900 1153272865 200.065585    34.5760      36567          2  0.000e+00
    899.537     0.0758   2.918654     0.0749   2.918914    5.85776    -0.0857    13.8155 0.0000e+00  -60.85750  -56.05900 1153272865 200.065586    34.5765      36568          2  0.000e+00
    899.585     0.0755   2.918600     0.0744   2.918908    5.85787    -0.0964    13.8155 0.0000e+00  -60.85750  -56.05900 1153272865 200.065586    34.5761      36569          2  0.000e+00
    799.672     0.1500   2.920013     0.1685   2.922353    5.83834    -0.0749    13.8155 0.0000e+00  -60.85750  -56.05900 1153273015 200.067325    34.5686      40174          3  0.000e+00
    799.653     0.1492   2.920000     0.1659   2.922169    5.83842    -0.1287    13.8155 0.0000e+00  -60.85750  -56.05900 1153273015 200.067325    34.5693      40175          3  0.000e+00
    799.605     0.1483   2.919997     0.1639   2.921945    5.83849    -0.0857    13.8155 0.0000e+00  -60.85750  -56.05900 1153273015 200.067326    34.5703      40176          3  0.000e+00
    799.605     0.1486   2.920084     0.1628   2.921797    5.83841    -0.0319    13.8155 0.0000e+00  -60.85750  -56.05900 1153273015 200.067326    34.5711      40177          3  0.000e+00
    799.605     0.1494   2.920114     0.1590   2.921567    5.83830    -0.0534    13.8155 0.0000e+00  -60.85750  -56.05900 1153273015 200.067327    34.5707      40178          3  0.000e+00
    799.576     0.1483   2.920054     0.1556   2.921342    5.83844    -0.0534    13.8155 0.0000e+00  -60.85750  -56.05900 1153273015 200.067327    34.5711      40179          3  0.000e+00
    799.527     0.1479   2.919990     0.1539   2.921165    5.83849    -0.0642    13.8155 0.0000e+00  -60.85750  -56.05900 1153273015 200.067328    34.5708      40180          3  0.000e+00
    799.527     0.1480   2.919990     0.1529   2.920982    5.83847    -0.1072    13.8155 0.0000e+00  -60.85750  -56.05900 1153273015 200.067328    34.5707      40181          3  0.000e+00
    799.460     0.1475   2.919963     0.1519   2.920893    5.83849    -0.1072    13.8155 0.0000e+00  -60.85750  -56.05900 1153273015 200.067329    34.5708      40182          3  0.000e+00
    799.508     0.1474   2.920003     0.1524   2.920834    5.83853    -0.0964    13.8155 0.0000e+00  -60.85750  -56.05900 1153273016 200.067329    34.5715      40183          3  0.000e+00
    799.527     0.1482   2.920071     0.1511   2.920840    5.83841    -0.1287    13.8155 0.0000e+00  -60.85750  -56.05900 1153273016 200.067330    34.5715      40184          3  0.000e+00
    799.460     0.1491   2.920125     0.1519   2.920870    5.83822    -0.1072    13.8155 0.0000e+00  -60.85750  -56.05900 1153273016 200.067330    34.5712      40185          3  0.000e+00
    799.393     0.1508   2.920209     0.1531   2.920917    5.83791    -0.0534    13.8155 0.0000e+00  -60.85750  -56.05900 1153273016 200.067331    34.5705      40186          3  0.000e+00
    799.508     0.1517   2.920273     0.1528   2.920917    5.83786    -0.0104    13.8155 0.0000e+00  -60.85750  -56.05900 1153273016 200.067331    34.5702      40187          3  0.000e+00
    799.393     0.1514   2.920280     0.1528   2.920946    5.83780    -0.0534    13.8155 0.0000e+00  -60.85750  -56.05900 1153273016 200.067332    34.5707      40188          3  0.000e+00
    799.393     0.1521   2.920205     0.1534   2.920958    5.83776    -0.0642    13.8155 0.0000e+00  -60.85750  -56.05900 1153273016 200.067332    34.5690      40189          3  0.000e+00
    799.393     0.1514   2.920094     0.1563   2.920958    5.83790    -0.1072    13.8155 0.0000e+00  -60.85750  -56.05900 1153273016 200.067333    34.5683      40190          3  0.000e+00
    799.441     0.1507   2.919943     0.1567   2.920958    5.83811    -0.0964    13.8155 0.0000e+00  -60.85750  -56.05900 1153273016 200.067333    34.5671      40191          3  0.000e+00
    799.315     0.1491   2.919852     0.1560   2.920958    5.83824    -0.1072    13.8155 0.0000e+00  -60.85750  -56.05900 1153273016 200.067334    34.5677      40192          3  0.000e+00
    799.393     0.1477   2.919835     0.1539   2.920917    5.83848    -0.1287    13.8155 0.0000e+00  -60.85750  -56.05900 1153273016 200.067334    34.5690      40193          3  0.000e+00
    799.393     0.1486   2.919852     0.1524   2.920864    5.83836    -0.1072    13.8155 0.0000e+00  -60.85750  -56.05900 1153273016 200.067335    34.5682      40194          3  0.000e+00
    799.296     0.1461   2.919885     0.1520   2.920852    5.83857    -0.0964    13.8155 0.0000e+00  -60.85750  -56.05900 1153273016 200.067335    34.5715      40195          3  0.000e+00
    799.393     0.1466   2.920023     0.1514   2.920852    5.83852    -0.1072    13.8155 0.0000e+00  -60.85750  -56.05900 1153273016 200.067336    34.5728      40196          3  0.000e+00
    799.316     0.1489   2.920209     0.1507   2.920769    5.83807    -0.1072    13.8155 0.0000e+00  -60.85750  -56.05900 1153273016 200.067336    34.5726      40197          3  0.000e+00
    799.316     0.1502   2.920323     0.1497   2.920757    5.83786    -0.0642    13.8155 0.0000e+00  -60.85750  -56.05900 1153273016 200.067337    34.5727      40198          3  0.000e+00
    799.296     0.1511   2.920347     0.1513   2.920805    5.83772    -0.1072    13.8155 0.0000e+00  -60.85750  -56.05900 1153273016 200.067337    34.5720      40199          3  0.000e+00
    799.316     0.1528   2.920364     0.1549   2.920923    5.83753    -0.1072    13.8155 0.0000e+00  -60.85750  -56.05900 1153273016 200.067337    34.5703      40200          3  0.000e+00
    799.248     0.1555   2.920542     0.1557   2.921017    5.83706    -0.1180    13.8155 0.0000e+00  -60.85750  -56.05900 1153273016 200.067338    34.5697      40201          3  0.000e+00
    799.316     0.1562   2.920889     0.1576   2.921165    5.83684    -0.1072    13.8155 0.0000e+00  -60.85750  -56.05900 1153273016 200.067338    34.5734      40202          3  0.000e+00
    799.296     0.1598   2.921206     0.1571   2.921330    5.83623    -0.1072    13.8155 0.0000e+00  -60.85750  -56.05900 1153273016 200.067339    34.5735      40203          3  0.000e+00
    799.248     0.1611   2.921419     0.1585   2.921531    5.83592    -0.0857    13.8155 0.0000e+00  -60.85750  -56.05900 1153273016 200.067339    34.5749      40204          3  0.000e+00
    799.248     0.1623   2.921553     0.1579   2.921714    5.83571    -0.1180    13.8155 0.0000e+00  -60.85750  -56.05900 1153273016 200.067340    34.5753      40205          3  0.000e+00
    799.316     0.1629   2.921685     0.1575   2.921661    5.83562    -0.0319    13.8155 0.0000e+00  -60.85750  -56.05900 1153273016 200.067340    34.5763      40206          3  0.000e+00
    799.219     0.1645   2.921884     0.1590   2.921578    5.83524     0.0004    13.8155 0.0000e+00  -60.85750  -56.05900 1153273016 200.067341    34.5772      40207          3  0.000e+00
    799.248     0.1693   2.922072     0.1590   2.921584    5.83460    -0.0319    13.8155 0.0000e+00  -60.85750  -56.05900 1153273017 200.067341    34.5743      40208          3  0.000e+00
    799.248     0.1696   2.922207     0.1607   2.921632    5.83955    -0.1180    13.8155 0.0000e+00  -60.85750  -56.05900 1153273017 200.067342    34.5757      40209          3  0.000e+00
    799.248     0.1717   2.922339     0.1614   2.921626    5.83923    -0.1825    13.8155 0.0000e+00  -60.85750  -56.05900 1153273017 200.067342    34.5752      40210          3  0.000e+00
    799.296     0.1724   2.922410     0.1619   2.921531    5.83409    -0.1180    13.8155 0.0000e+00  -60.85750  -56.05900 1153273017 200.067343    34.5753      40211          3  0.000e+00
    799.248     0.1718   2.922514     0.1619   2.921466    5.83407    -0.0749    13.8155 0.0000e+00  -60.85750  -56.05900 1153273017 200.067343    34.5773      40212          3  0.000e+00
    799.171     0.1735   2.922608     0.1607   2.921472    5.83375    -0.0426    13.8155 0.0000e+00  -60.85750  -56.05900 1153273017 200.067344    34.5767      40213          3  0.000e+00
    799.248     0.1755   2.922703     0.1598   2.921484    5.83352    -0.1072    13.8155 0.0000e+00  -60.85750  -56.05900 1153273017 200.067344    34.5756      40214          3  0.000e+00
    799.296     0.1753   2.922726     0.1594   2.921502    5.83357    -0.1287    13.8155 0.0000e+00  -60.85750  -56.05900 1153273017 200.067345    34.5761      40215          3  0.000e+00
    799.171     0.1757   2.922747     0.1599   2.921549    5.83342    -0.1180    13.8155 0.0000e+00  -60.85750  -56.05900 1153273017 200.067345    34.5761      40216          3  0.000e+00
    799.248     0.1769   2.922767     0.1618   2.921631    5.83332    -0.0964    13.8155 0.0000e+00  -60.85750  -56.05900 1153273017 200.067346    34.5749      40217          3  0.000e+00
    799.248     0.1775   2.922807     0.1636   2.921773    5.83322    -0.0642    13.8155 0.0000e+00  -60.85750  -56.05900 1153273017 200.067346    34.5747      40218          3  0.000e+00
    799.219     0.1764   2.922730     0.1650   2.921850    5.83338    -0.1072    13.8155 0.0000e+00  -60.85750  -56.05900 1153273017 200.067347    34.5750      40219          3  0.000e+00
    799.248     0.1754   2.922635     0.1647   2.921844    5.83357    -0.1395    13.8155 0.0000e+00  -60.85750  -56.05900 1153273017 200.067347    34.5749      40220          3  0.000e+00
    799.248     0.1747   2.922625     0.1641   2.921897    5.83365    -0.1180    13.8155 0.0000e+00  -60.85750  -56.05900 1153273017 200.067348    34.5755      40221          3  0.000e+00
    799.171     0.1744   2.922612     0.1655   2.921980    5.83364    -0.0964    13.8155 0.0000e+00  -60.85750  -56.05900 1153273017 200.067348    34.5757      40222          3  0.000e+00
    699.763    -0.3159   2.871979    -0.3161   2.872380    6.19761    -0.1072    13.8155 0.0000e+00  -60.85750  -56.05900 1153273159 200.068987    34.5152      43620          4  0.000e+00
    700.128    -0.3167   2.872000    -0.3161   2.872374    6.19801    -0.1180    13.8155 0.0000e+00  -60.85750  -56.05900 1153273159 200.068987    34.5161      43621          4  0.000e+00
    699.840    -0.3166   2.871943    -0.3167   2.872357    6.19778    -0.1287    13.8155 0.0000e+00  -60.85750  -56.05900 1153273159 200.068988    34.5154      43622          4  0.000e+00
    699.907    -0.3180   2.871869    -0.3171   2.872304    6.20311    -0.1287    13.8155 0.0000e+00  -60.85750  -56.05900 1153273159 200.068988    34.5159      43623          4  0.000e+00
    699.840    -0.3178   2.871869    -0.3183   2.872274    6.19798    -0.1072    13.8155 0.0000e+00  -60.85750  -56.05900 1153273159 200.068989    34.5158      43624          4  0.000e+00
    699.840    -0.3181   2.871826    -0.3181   2.872222    6.19804    -0.0857    13.8155 0.0000e+00  -60.85750  -56.05900 1153273159 200.068989    34.5156      43625          4  0.000e+00
    699.840    -0.3186   2.871789    -0.3187   2.872192    6.19812    -0.1072    13.8155 0.0000e+00  -60.85750  -56.05900 1153273159 200.068990    34.5156      43626          4  0.000e+00
    699.763    -0.3187   2.871785    -0.3192   2.872186    6.19808    -0.1287    13.8155 0.0000e+00  -60.85750  -56.05900 1153273159 200.068990    34.5158      43627          4  0.000e+00
    699.763    -0.3187   2.871785    -0.3189   2.872163    6.19808    -0.1287    13.8155 0.0000e+00  -60.85750  -56.05900 1153273159 200.068991    34.5158      43628          4  0.000e+00
    699.763    -0.3187   2.871732    -0.3186   2.872157    6.19811    -0.1072    13.8155 0.0000e+00  -60.85750  -56.05900 1153273159 200.068991    34.5151      43629          4  0.000e+00
    699.695    -0.3192   2.871695    -0.3190   2.872175    6.19813    -0.0857    13.8155 0.0000e+00  -60.85750  -56.05900 1153273159 200.068992    34.5151      43630          4  0.000e+00
    699.647    -0.3193   2.871658    -0.3191   2.872098    6.19813    -0.1287    13.8155 0.0000e+00  -60.85750  -56.05900 1153273159 200.068992    34.5148      43631          4  0.000e+00
    699.695    -0.3198   2.871662    -0.3192   2.872110    6.19823    -0.1072    13.8155 0.0000e+00  -60.85750  -56.05900 1153273159 200.068993    34.5154      43632          4  0.000e+00
    699.695    -0.3203   2.871668    -0.3191   2.872110    6.19828    -0.0426    13.8155 0.0000e+00  -60.85750  -56.05900 1153273159 200.068993    34.5160      43633          4  0.000e+00
    699.628    -0.3198   2.871618    -0.3194   2.872104    6.20325    -0.0642    13.8155 0.0000e+00  -60.85750  -56.05900 1153273159 200.068994    34.5149      43634          4  0.000e+00
    699.551    -0.3196   2.871652    -0.3191   2.872081    6.19809    -0.0857    13.8155 0.0000e+00  -60.85750  -56.05900 1153273159 200.068994    34.5151      43635          4  0.000e+00
    699.628    -0.3197   2.871685    -0.3191   2.872092    6.19814    -0.1180    13.8155 0.0000e+00  -60.85750  -56.05900 1153273159 200.068995    34.5156      43636          4  0.000e+00
    699.551    -0.3197   2.871658    -0.3192   2.872063    6.19809    -0.1072    13.8155 0.0000e+00  -60.85750  -56.05900 1153273159 200.068995    34.5152      43637          4  0.000e+00
    699.551    -0.3197   2.871732    -0.3195   2.872069    6.19804    -0.1072    13.8155 0.0000e+00  -60.85750  -56.05900 1153273159 200.068995    34.5162      43638          4  0.000e+00
    699.484    -0.3197   2.871725    -0.3192   2.872075    6.19799    -0.1072    13.8155 0.0000e+00  -60.85750  -56.05900 1153273159 200.068996    34.5162      43639          4  0.000e+00
    699.551    -0.3193   2.871765    -0.3195   2.872092    6.19799    -0.1287    13.8155 0.0000e+00  -60.85750  -56.05900 1153273159 200.068996    34.5163      43640          4  0.000e+00
    699.407    -0.3193   2.871749    -0.3192   2.872081    6.19787    -0.1072    13.8155 0.0000e+00  -60.85750  -56.05900 1153273159 200.068997    34.5162      43641          4  0.000e+00
    699.484    -0.3187   2.871738    -0.3190   2.872075    6.19787    -0.0642    13.8155 0.0000e+00  -60.85750  -56.05900 1153273160 200.068997    34.5153      43642          4  0.000e+00
