product_data/regression_test/downloaded_data/MDGS/320620060703/ctd/p6619305.cnv
* Sea-Bird SBE 9 Data File:
* FileName = D:\Data\Raw\p6619305.dat
* Software Version Seasave Win32 V 5.32
* Temperature SN = 1649
* Conductivity SN = 1431
* Number of Bytes Per Scan = 37
* Number of Voltage Words = 5
* Number of Scans Averaged by the Deck Unit = 1
* NMEA Latitude = 60 47.92 S
* NMEA Longitude = 055 23.15 W
* NMEA UTC (Time) = 23:08:25
** Ship:   Nathaniel B. Palmer 
** Cruise:    NBP0606 
# nquan = 15
# nvalues = 1000                        
# units = specified
# name 0 = prDM: Pressure, Digiquartz [db]
# name 1 = t090C: Temperature [ITS-90, deg C]
# name 2 = c0S/m: Conductivity [S/m]
# name 3 = t190C: Temperature, 2 [ITS-90, deg C]
# name 4 = c1S/m: Conductivity, 2 [S/m]
# name 5 = sbeox0ML/L: Oxygen, SBE 43 [ml/l]
# name 6 = flECO-AFL: Fluorescence, Wetlab ECO-AFL/FL [mg/m^3]
# name 7 = bat: Beam Attenuation, Chelsea/Seatech/Wetlab CStar [1/m]
# name 8 = spar: SPAR/Surface Irradiance
# name 9 = latitude: Latitude [deg]
# name 10 = longitude: Longitude [deg]
# name 11 = timeY: Time, System [seconds]
# name 12 = timeJ: Julian Days
# name 13 = sal00: Salinity [PSU]
# name 14 = flag: flag
# span 0 =      2.000,   1001.000       
# span 1 =    -0.9091,     0.5980       
# span 2 =   2.774332,   2.974318       
# span 3 =    -0.9107,     0.5984       
# span 4 =   2.775057,   2.974580       
# span 5 =    5.35349,    7.39382       
# span 6 =    -0.1108,     0.7528       
# span 7 =    13.8155,    13.8155       
# span 8 = 0.0000e+00, 0.0000e+00       
# span 9 =  -60.79867,  -60.79867       
# span 10 =  -55.38583,  -55.38583      
# span 11 = 1153696114, 1153697573      
# span 12 = 204.964296, 204.981195      
# span 13 =    34.2931,    34.6625      
# span 14 = 0.0000e+00, 0.0000e+00      
# interval = decibars: 1                
# start_time = Jul 23 2006 23:08:34
# bad_flag = -9.990e-29
*END*
[from data line 290]
    292.000    -0.4818   2.833898    -0.4808   2.834243    6.56445    -0.0400    13.8155 0.0000e+00  -60.79867  -55.38583 1153696618 204.970137    34.4375 0.0000e+00
    293.000    -0.4817   2.833958    -0.4808   2.834297    6.56122    -0.0395    13.8155 0.0000e+00  -60.79867  -55.38583 1153696619 204.970147    34.4376 0.0000e+00
    294.000    -0.4811   2.834084    -0.4799   2.834425    6.55849    -0.0301    13.8155 0.0000e+00  -60.79867  -55.38583 1153696620 204.970158    34.4380 0.0000e+00
    295.000    -0.4802   2.834302    -0.4791   2.834658    6.55340    -0.0297    13.8155 0.0000e+00  -60.79867  -55.38583 1153696621 204.970169    34.4390 0.0000e+00
    296.000    -0.4808   2.834461    -0.4801   2.834801    6.54735    -0.0415    13.8155 0.0000e+00  -60.79867  -55.38583 1153696622 204.970185    34.4415 0.0000e+00
    297.000    -0.4840   2.834400    -0.4833   2.834730    6.54245    -0.0350    13.8155 0.0000e+00  -60.79867  -55.38583 1153696624 204.970204    34.4438 0.0000e+00
    298.000    -0.4851   2.834398    -0.4843   2.834736    6.53864    -0.0378    13.8155 0.0000e+00  -60.79867  -55.38583 1153696625 204.970223    34.4444 0.0000e+00
    299.000    -0.4883   2.834290    -0.4875   2.834623    6.53478    -0.0469    13.8155 0.0000e+00  -60.79867  -55.38583 1153696627 204.970237    34.4460 0.0000e+00
    300.000    -0.4917   2.834149    -0.4909   2.834491    6.53032    -0.0307    13.8155 0.0000e+00  -60.79867  -55.38583 1153696628 204.970252    34.4475 0.0000e+00
    301.000    -0.4954   2.833993    -0.4945   2.834338    6.52708    -0.0288    13.8155 0.0000e+00  -60.79867  -55.38583 1153696630 204.970271    34.4490 0.0000e+00
    302.000    -0.5013   2.833697    -0.5011   2.834032    6.52379    -0.0350    13.8155 0.0000e+00  -60.79867  -55.38583 1153696632 204.970292    34.4513 0.0000e+00
    303.000    -0.5080   2.833365    -0.5072   2.833717    6.52306    -0.0405    13.8155 0.0000e+00  -60.79867  -55.38583 1153696633 204.970305    34.4540 0.0000e+00
    304.000    -0.5063   2.833509    -0.5051   2.833868    6.52091    -0.0458    13.8155 0.0000e+00  -60.79867  -55.38583 1153696634 204.970319    34.4532 0.0000e+00
    305.000    -0.5070   2.833510    -0.5058   2.833875    6.51978    -0.0426    13.8155 0.0000e+00  -60.79867  -55.38583 1153696635 204.970336    34.4534 0.0000e+00
    306.000    -0.5095   2.833424    -0.5088   2.833765    6.51524    -0.0349    13.8155 0.0000e+00  -60.79867  -55.38583 1153696637 204.970352    34.4544 0.0000e+00
    307.000    -0.5104   2.833421    -0.5100   2.833735    6.51223    -0.0368    13.8155 0.0000e+00  -60.79867  -55.38583 1153696638 204.970363    34.4548 0.0000e+00
    308.000    -0.5100   2.833492    -0.5092   2.833817    6.51127    -0.0509    13.8155 0.0000e+00  -60.79867  -55.38583 1153696639 204.970374    34.4546 0.0000e+00
    309.000    -0.5095   2.833552    -0.5086   2.833898    6.50960    -0.0357    13.8155 0.0000e+00  -60.79867  -55.38583 1153696640 204.970387    34.4542 0.0000e+00
    310.000    -0.5088   2.833655    -0.5081   2.833974    6.51080    -0.0398    13.8155 0.0000e+00  -60.79867  -55.38583 1153696642 204.970413    34.4541 0.0000e+00
    311.000    -0.5085   2.833704    -0.5073   2.834052    6.51345    -0.0347    13.8155 0.0000e+00  -60.79867  -55.38583 1153696644 204.970439    34.4538 0.0000e+00
    312.000    -0.5081   2.833770    -0.5075   2.834096    6.51354    -0.0411    13.8155 0.0000e+00  -60.79867  -55.38583 1153696645 204.970449    34.4536 0.0000e+00
    313.000    -0.5089   2.833775    -0.5081   2.834114    6.51344    -0.0545    13.8155 0.0000e+00  -60.79867  -55.38583 1153696646 204.970458    34.4540 0.0000e+00
    314.000    -0.5090   2.833819    -0.5082   2.834158    6.51148    -0.0315    13.8155 0.0000e+00  -60.79867  -55.38583 1153696647 204.970466    34.4540 0.0000e+00
    315.000    -0.5097   2.833801    -0.5091   2.834145    6.51183    -0.0494    13.8155 0.0000e+00  -60.79867  -55.38583 1153696647 204.970473    34.4540 0.0000e+00
    316.000    -0.5108   2.833799    -0.5097   2.834148    6.51245    -0.0394    13.8155 0.0000e+00  -60.79867  -55.38583 1153696648 204.970483    34.4547 0.0000e+00
    317.000    -0.5106   2.833866    -0.5100   2.834176    6.51367    -0.0322    13.8155 0.0000e+00  -60.79867  -55.38583 1153696650 204.970508    34.4546 0.0000e+00
    318.000    -0.5133   2.833726    -0.5126   2.834061    6.51532    -0.0420    13.8155 0.0000e+00  -60.79867  -55.38583 1153696652 204.970532    34.4553 0.0000e+00
    319.000    -0.5138   2.833755    -0.5126   2.834108    6.51489    -0.0192    13.8155 0.0000e+00  -60.79867  -55.38583 1153696653 204.970543    34.4556 0.0000e+00
    320.000    -0.5140   2.833775    -0.5134   2.834106    6.51258    -0.0522    13.8155 0.0000e+00  -60.79867  -55.38583 1153696654 204.970553    34.4556 0.0000e+00
    321.000    -0.5135   2.833852    -0.5130   2.834169    6.51118    -0.0279    13.8155 0.0000e+00  -60.79867  -55.38583 1153696655 204.970564    34.4554 0.0000e+00
    322.000    -0.5144   2.833831    -0.5138   2.834161    6.51205    -0.0346    13.8155 0.0000e+00  -60.79867  -55.38583 1153696657 204.970582    34.4555 0.0000e+00
    323.000    -0.5154   2.833827    -0.5145   2.834164    6.51154    -0.0228    13.8155 0.0000e+00  -60.79867  -55.38583 1153696658 204.970602    34.4559 0.0000e+00
    324.000    -0.5155   2.833872    -0.5146   2.834206    6.51197    -0.0251    13.8155 0.0000e+00  -60.79867  -55.38583 1153696659 204.970616    34.4560 0.0000e+00
    325.000    -0.5157   2.833899    -0.5149   2.834228    6.50949    -0.0393    13.8155 0.0000e+00  -60.79867  -55.38583 1153696661 204.970632    34.4561 0.0000e+00
    326.000    -0.5159   2.833932    -0.5153   2.834256    6.50998    -0.0316    13.8155 0.0000e+00  -60.79867  -55.38583 1153696663 204.970655    34.4561 0.0000e+00
    327.000    -0.5160   2.833990    -0.5150   2.834330    6.51442    -0.0343    13.8155 0.0000e+00  -60.79867  -55.38583 1153696665 204.970676    34.4563 0.0000e+00
    328.000    -0.5167   2.834004    -0.5161   2.834323    6.51095    -0.0333    13.8155 0.0000e+00  -60.79867  -55.38583 1153696666 204.970686    34.4567 0.0000e+00
    329.000    -0.5181   2.833964    -0.5177   2.834281    6.51016    -0.0267    13.8155 0.0000e+00  -60.79867  -55.38583 1153696666 204.970695    34.4572 0.0000e+00
    330.000    -0.5181   2.834015    -0.5174   2.834342    6.50880    -0.0419    13.8155 0.0000e+00  -60.79867  -55.38583 1153696667 204.970703    34.4573 0.0000e+00
    331.000    -0.5198   2.833926    -0.5189   2.834292    6.50828    -0.0344    13.8155 0.0000e+00  -60.79867  -55.38583 1153696668 204.970711    34.4575 0.0000e+00
    332.000    -0.5221   2.833846    -0.5222   2.834129    6.50938    -0.0344    13.8155 0.0000e+00  -60.79867  -55.38583 1153696668 204.970720    34.4584 0.0000e+00
    333.000    -0.5222   2.833889    -0.5226   2.834139    6.50921    -0.0431    13.8155 0.0000e+00  -60.79867  -55.38583 1153696672 204.970755    34.4585 0.0000e+00
    334.000    -0.5238   2.833837    -0.5226   2.834196    6.50920    -0.0457    13.8155 0.0000e+00  -60.79867  -55.38583 1153696674 204.970784    34.4590 0.0000e+00
    335.000    -0.5233   2.833904    -0.5231   2.834228    6.50767    -0.0295    13.8155 0.0000e+00  -60.79867  -55.38583 1153696675 204.970795    34.4587 0.0000e+00
    336.000    -0.5269   2.833735    -0.5262   2.834077    6.50843    -0.0370    13.8155 0.0000e+00  -60.79867  -55.38583 1153696676 204.970804    34.4600 0.0000e+00
    337.000    -0.5270   2.833774    -0.5268   2.834091    6.50663    -0.0415    13.8155 0.0000e+00  -60.79867  -55.38583 1153696676 204.970813    34.4599 0.0000e+00
    338.000    -0.5279   2.833743    -0.5278   2.834065    6.50585    -0.0500    13.8155 0.0000e+00  -60.79867  -55.38583 1153696677 204.970822    34.4600 0.0000e+00
    339.000    -0.5302   2.833633    -0.5306   2.833886    6.50456    -0.0273    13.8155 0.0000e+00  -60.79867  -55.38583 1153696678 204.970836    34.4606 0.0000e+00
    340.000    -0.5330   2.833473    -0.5329   2.833772    6.50379    -0.0389    13.8155 0.0000e+00  -60.79867  -55.38583 1153696680 204.970853    34.4609 0.0000e+00
    341.000    -0.5366   2.833287    -0.5358   2.833632    6.50323    -0.0454    13.8155 0.0000e+00  -60.79867  -55.38583 1153696681 204.970867    34.4621 0.0000e+00
    342.000    -0.5349   2.833438    -0.5345   2.833750    6.50276    -0.0436    13.8155 0.0000e+00  -60.79867  -55.38583 1153696682 204.970878    34.4615 0.0000e+00
    343.000    -0.5369   2.833358    -0.5363   2.833685    6.50055    -0.0379    13.8155 0.0000e+00  -60.79867  -55.38583 1153696684 204.970905    34.4620 0.0000e+00
    344.000    -0.5387   2.833306    -0.5380   2.833640    6.49962    -0.0516    13.8155 0.0000e+00  -60.79867  -55.38583 1153696687 204.970932    34.4627 0.0000e+00
    345.000    -0.5405   2.833212    -0.5406   2.833469    6.50055    -0.0513    13.8155 0.0000e+00  -60.79867  -55.38583 1153696688 204.970944    34.4629 0.0000e+00
    346.000    -0.5453   2.832818    -0.5450   2.833156    6.50159    -0.0362    13.8155 0.0000e+00  -60.79867  -55.38583 1153696689 204.970954    34.4625 0.0000e+00
    347.000    -0.5478   2.832686    -0.5476   2.832969    6.50252    -0.0426    13.8155 0.0000e+00  -60.79867  -55.38583 1153696690 204.970964    34.4632 0.0000e+00
    348.000    -0.5479   2.832721    -0.5472   2.833061    6.50397    -0.0404    13.8155 0.0000e+00  -60.79867  -55.38583 1153696691 204.970977    34.4630 0.0000e+00
    349.000    -0.5495   2.832644    -0.5485   2.832993    6.50501    -0.0508    13.8155 0.0000e+00  -60.79867  -55.38583 1153696692 204.970990    34.4632 0.0000e+00
    350.000    -0.5506   2.832582    -0.5500   2.832914    6.50458    -0.0423    13.8155 0.0000e+00  -60.79867  -55.38583 1153696693 204.971001    34.4629 0.0000e+00
    351.000    -0.5521   2.832516    -0.5520   2.832831    6.50330    -0.0464    13.8155 0.0000e+00  -60.79867  -55.38583 1153696694 204.971012    34.4632 0.0000e+00
    352.000    -0.5542   2.832442    -0.5539   2.832751    6.50043    -0.0484    13.8155 0.0000e+00  -60.79867  -55.38583 1153696695 204.971027    34.4640 0.0000e+00
    353.000    -0.5544   2.832490    -0.5537   2.832820    6.50189    -0.0395    13.8155 0.0000e+00  -60.79867  -55.38583 1153696697 204.971055    34.4641 0.0000e+00
    354.000    -0.5536   2.832579    -0.5531   2.832891    6.50195    -0.0466    13.8155 0.0000e+00  -60.79867  -55.38583 1153696700 204.971087    34.4637 0.0000e+00
    355.000    -0.5543   2.832595    -0.5537   2.832912    6.50117    -0.0257    13.8155 0.0000e+00  -60.79867  -55.38583 1153696701 204.971101    34.4641 0.0000e+00
    356.000    -0.5527   2.832891    -0.5518   2.833204    6.49861    -0.0523    13.8155 0.0000e+00  -60.79867  -55.38583 1153696702 204.971111    34.4656 0.0000e+00
    357.000    -0.5513   2.833075    -0.5506   2.833402    6.49752    -0.0377    13.8155 0.0000e+00  -60.79867  -55.38583 1153696703 204.971120    34.4658 0.0000e+00
    358.000    -0.5513   2.833115    -0.5508   2.833435    6.49718    -0.0386    13.8155 0.0000e+00  -60.79867  -55.38583 1153696704 204.971129    34.4657 0.0000e+00
    359.000    -0.5513   2.833169    -0.5507   2.833488    6.49744    -0.0295    13.8155 0.0000e+00  -60.79867  -55.38583 1153696705 204.971137    34.4659 0.0000e+00
    360.000    -0.5511   2.833224    -0.5505   2.833550    6.49393    -0.0394    13.8155 0.0000e+00  -60.79867  -55.38583 1153696705 204.971147    34.4658 0.0000e+00
    361.000    -0.5509   2.833332    -0.5502   2.833646    6.49300    -0.0392    13.8155 0.0000e+00  -60.79867  -55.38583 1153696707 204.971162    34.4664 0.0000e+00
    362.000    -0.5509   2.833373    -0.5503   2.833684    6.48973    -0.0457    13.8155 0.0000e+00  -60.79867  -55.38583 1153696708 204.971182    34.4663 0.0000e+00
    363.000    -0.5512   2.833385    -0.5504   2.833700    6.49427    -0.0262    13.8155 0.0000e+00  -60.79867  -55.38583 1153696712 204.971221    34.4662 0.0000e+00
    364.000    -0.5514   2.833390    -0.5506   2.833722    6.49907    -0.0565    13.8155 0.0000e+00  -60.79867  -55.38583 1153696713 204.971240    34.4659 0.0000e+00
    365.000    -0.5509   2.833484    -0.5501   2.833818    6.49926    -0.0499    13.8155 0.0000e+00  -60.79867  -55.38583 1153696714 204.971250    34.4660 0.0000e+00
    366.000    -0.5502   2.833594    -0.5498   2.833902    6.49858    -0.0337    13.8155 0.0000e+00  -60.79867  -55.38583 1153696715 204.971258    34.4661 0.0000e+00
    367.000    -0.5502   2.833660    -0.5494   2.833995    6.49736    -0.0337    13.8155 0.0000e+00  -60.79867  -55.38583 1153696716 204.971266    34.4663 0.0000e+00
    368.000    -0.5499   2.833761    -0.5494   2.834075    6.49529    -0.0306    13.8155 0.0000e+00  -60.79867  -55.38583 1153696716 204.971275    34.4668 0.0000e+00
    369.000    -0.5506   2.833739    -0.5497   2.834079    6.49496    -0.0436    13.8155 0.0000e+00  -60.79867  -55.38583 1153696717 204.971284    34.4666 0.0000e+00
    370.000    -0.5502   2.833837    -0.5492   2.834200    6.49276    -0.0478    13.8155 0.0000e+00  -60.79867  -55.38583 1153696718 204.971299    34.4669 0.0000e+00
    371.000    -0.5495   2.833974    -0.5490   2.834285    6.49158    -0.0429    13.8155 0.0000e+00  -60.79867  -55.38583 1153696721 204.971324    34.4673 0.0000e+00
    372.000    -0.5490   2.834163    -0.5483   2.834490    6.49034    -0.0361    13.8155 0.0000e+00  -60.79867  -55.38583 1153696722 204.971344    34.4686 0.0000e+00
    373.000    -0.5489   2.834227    -0.5483   2.834554    6.48958    -0.0437    13.8155 0.0000e+00  -60.79867  -55.38583 1153696724 204.971362    34.4688 0.0000e+00
    374.000    -0.5486   2.834314    -0.5480   2.834641    6.48798    -0.0458    13.8155 0.0000e+00  -60.79867  -55.38583 1153696726 204.971383    34.4691 0.0000e+00
    375.000    -0.5486   2.834446    -0.5479   2.834780    6.48635    -0.0474    13.8155 0.0000e+00  -60.79867  -55.38583 1153696727 204.971400    34.4702 0.0000e+00
    376.000    -0.5495   2.834474    -0.5483   2.834825    6.48353    -0.0576    13.8155 0.0000e+00  -60.79867  -55.38583 1153696728 204.971410    34.4710 0.0000e+00
    377.000    -0.5491   2.834538    -0.5482   2.834881    6.48226    -0.0285    13.8155 0.0000e+00  -60.79867  -55.38583 1153696729 204.971420    34.4708 0.0000e+00
    378.000    -0.5498   2.834595    -0.5492   2.834922    6.48011    -0.0259    13.8155 0.0000e+00  -60.79867  -55.38583 1153696730 204.971429    34.4718 0.0000e+00
    379.000    -0.5504   2.834629    -0.5496   2.834957    6.47626    -0.0389    13.8155 0.0000e+00  -60.79867  -55.38583 1153696730 204.971438    34.4723 0.0000e+00
    380.000    -0.5502   2.834652    -0.5495   2.834974    6.47342    -0.0373    13.8155 0.0000e+00  -60.79867  -55.38583 1153696732 204.971453    34.4718 0.0000e+00
    381.000    -0.5504   2.834707    -0.5497   2.835026    6.47387    -0.0486    13.8155 0.0000e+00  -60.79867  -55.38583 1153696735 204.971492    34.4722 0.0000e+00
    382.000    -0.5505   2.834781    -0.5498   2.835105    6.47537    -0.0483    13.8155 0.0000e+00  -60.79867  -55.38583 1153696737 204.971511    34.4727 0.0000e+00
    383.000    -0.5505   2.834838    -0.5498   2.835157    6.47259    -0.0441    13.8155 0.0000e+00  -60.79867  -55.38583 1153696738 204.971521    34.4728 0.0000e+00
    384.000    -0.5506   2.834889    -0.5499   2.835220    6.46845    -0.0463    13.8155 0.0000e+00  -60.79867  -55.38583 1153696738 204.971529    34.4731 0.0000e+00
    385.000    -0.5518   2.834970    -0.5511   2.835287    6.46591    -0.0477    13.8155 0.0000e+00  -60.79867  -55.38583 1153696739 204.971537    34.4749 0.0000e+00
    386.000    -0.5522   2.835027    -0.5517   2.835352    6.46152    -0.0395    13.8155 0.0000e+00  -60.79867  -55.38583 1153696740 204.971547    34.4754 0.0000e+00
