product_data/regression_test/downloaded_data/MDGS/320620060703/ctd/p6611201.cnv
* Sea-Bird SBE 9 Data File:
* FileName = D:\Data\Raw\p6611201.dat
* Software Version Seasave Win32 V 5.32
* Temperature SN = 1649
* Conductivity SN = 1431
* Number of Bytes Per Scan = 37
* Number of Voltage Words = 5
* Number of Scans Averaged by the Deck Unit = 1
* NMEA Latitude = 61 26.98 S
* NMEA Longitude = 054 52.56 W
* NMEA UTC (Time) = 06:14:49
** Ship:   Nathaniel B. Palmer 
** Cruise:    NBP0606 
# nquan = 15
# nvalues = 891                         
# units = specified
# name 0 = prDM: Pressure, Digiquartz [db]
# name 1 = t090C: Temperature [ITS-90, deg C]
# name 2 = c0S/m: Conductivity [S/m]
# name 3 = t190C: Temperature, 2 [ITS-90, deg C]
# name 4 = c1S/m: Conductivity, 2 [S/m]
# name 5 = sbeox0ML/L: Oxygen, SBE 43 [ml/l]
# name 6 = flECO-AFL: Fluorescence, Wetlab ECO-AFL/FL [mg/m^3]
# name 7 = bat: Beam Attenuation, Chelsea/Seatech/Wetlab CStar [1/m]
# name 8 = spar: SPAR/Surface Irradiance
# name 9 = latitude: Latitude [deg]
# name 10 = longitude: Longitude [deg]
# name 11 = timeY: Time, System [seconds]
# name 12 = timeJ: Julian Days
# name 13 = sal00: Salinity [PSU]
# name 14 = flag: flag
# span 0 =     12.000,    902.000       
# span 1 =    -1.1033,    -0.4229       
# span 2 =   2.750949,   2.854448       
# span 3 =    -1.1057,    -0.4224       
# span 4 =   2.751773,   2.854909       
# span 5 =    6.38409,    7.66393       
# span 6 =    -0.1201,     0.1225       
# span 7 =    13.8155,    13.8155       
# span 8 = 0.0000e+00, 0.0000e+00       
# span 9 =  -61.44967,  -61.44967       
# span 10 =  -54.87600,  -54.87600      
# span 11 = 1152857696, 1152859015      
# span 12 = 195.260388, 195.275660      
# span 13 =    34.1932,    34.5358      
# span 14 = 0.0000e+00, 0.0000e+00      
# interval = decibars: 1                
# start_time = Jul 14 2006 06:14:57
# bad_flag = -9.990e-29
*END*
[from data line 868]
    880.000    -0.6430   2.853709    -0.6429   2.854156    6.43026    -0.1004    13.8155 0.0000e+00  -61.44967  -54.87600 1152858930 195.274675    34.5349 0.0000e+00
    881.000    -0.6432   2.853736    -0.6430   2.854198    6.43035    -0.1019    13.8155 0.0000e+00  -61.44967  -54.87600 1152858932 195.274701    34.5350 0.0000e+00
    882.000    -0.6433   2.853778    -0.6432   2.854228    6.43334    -0.1005    13.8155 0.0000e+00  -61.44967  -54.87600 1152858934 195.274722    34.5350 0.0000e+00
    883.000    -0.6433   2.853818    -0.6431   2.854283    6.43239    -0.0993    13.8155 0.0000e+00  -61.44967  -54.87600 1152858936 195.274743    34.5350 0.0000e+00
    884.000    -0.6435   2.853849    -0.6436   2.854295    6.43024    -0.0992    13.8155 0.0000e+00  -61.44967  -54.87600 1152858937 195.274761    34.5350 0.0000e+00
    885.000    -0.6444   2.853825    -0.6443   2.854278    6.42962    -0.0999    13.8155 0.0000e+00  -61.44967  -54.87600 1152858939 195.274787    34.5351 0.0000e+00
    886.000    -0.6451   2.853816    -0.6449   2.854270    6.43241    -0.1075    13.8155 0.0000e+00  -61.44967  -54.87600 1152858942 195.274821    34.5352 0.0000e+00
    887.000    -0.6459   2.853798    -0.6457   2.854261    6.43287    -0.1121    13.8155 0.0000e+00  -61.44967  -54.87600 1152858944 195.274837    34.5353 0.0000e+00
    888.000    -0.6460   2.853830    -0.6458   2.854289    6.43485    -0.1024    13.8155 0.0000e+00  -61.44967  -54.87600 1152858946 195.274857    34.5353 0.0000e+00
    889.000    -0.6467   2.853825    -0.6464   2.854286    6.43591    -0.1007    13.8155 0.0000e+00  -61.44967  -54.87600 1152858948 195.274888    34.5354 0.0000e+00
    890.000    -0.6467   2.853869    -0.6467   2.854325    6.43410    -0.1040    13.8155 0.0000e+00  -61.44967  -54.87600 1152858951 195.274915    34.5354 0.0000e+00
    891.000    -0.6468   2.853910    -0.6466   2.854368    6.43609    -0.1032    13.8155 0.0000e+00  -61.44967  -54.87600 1152858952 195.274934    34.5355 0.0000e+00
    892.000    -0.6470   2.853939    -0.6467   2.854403    6.43713    -0.1060    13.8155 0.0000e+00  -61.44967  -54.87600 1152858954 195.274959    34.5356 0.0000e+00
    893.000    -0.6473   2.853966    -0.6472   2.854423    6.43521    -0.0995    13.8155 0.0000e+00  -61.44967  -54.87600 1152858956 195.274978    34.5356 0.0000e+00
    894.000    -0.6472   2.854015    -0.6470   2.854471    6.43345    -0.0984    13.8155 0.0000e+00  -61.44967  -54.87600 1152858957 195.274993    34.5356 0.0000e+00
    895.000    -0.6471   2.854078    -0.6468   2.854536    6.42987    -0.1042    13.8155 0.0000e+00  -61.44967  -54.87600 1152858962 195.275051    34.5357 0.0000e+00
    896.000    -0.6472   2.854101    -0.6469   2.854562    6.42978    -0.0979    13.8155 0.0000e+00  -61.44967  -54.87600 1152858965 195.275085    34.5355 0.0000e+00
    897.000    -0.6472   2.854156    -0.6469   2.854614    6.43132    -0.1029    13.8155 0.0000e+00  -61.44967  -54.87600 1152858968 195.275114    34.5357 0.0000e+00
    898.000    -0.6468   2.854223    -0.6467   2.854675    6.43258    -0.0956    13.8155 0.0000e+00  -61.44967  -54.87600 1152858969 195.275128    34.5355 0.0000e+00
    899.000    -0.6470   2.854259    -0.6470   2.854716    6.43520    -0.1048    13.8155 0.0000e+00  -61.44967  -54.87600 1152858970 195.275142    34.5356 0.0000e+00
    900.000    -0.6470   2.854310    -0.6468   2.854764    6.43237    -0.1095    13.8155 0.0000e+00  -61.44967  -54.87600 1152858976 195.275212    34.5358 0.0000e+00
    901.000    -0.6469   2.854358    -0.6468   2.854808    6.43243    -0.0933    13.8155 0.0000e+00  -61.44967  -54.87600 1152858988 195.275348    34.5358 0.0000e+00
    902.000    -0.6458   2.854448    -0.6457   2.854909    6.43826    -0.1147    13.8155 0.0000e+00  -61.44967  -54.87600 1152859015 195.275660    34.5351 0.0000e+00
