product_data/regression_test/downloaded_data/MDGS/320620060703/ctd/p6617609.ros
* Sea-Bird SBE 9 Data File:
* FileName = D:\Data\Raw\p6617609.dat
* Software Version Seasave Win32 V 5.32
* Temperature SN = 1649
* Conductivity SN = 1431
* Number of Bytes Per Scan = 37
* Number of Voltage Words = 5
* Number of Scans Averaged by the Deck Unit = 1
* NMEA Latitude = 60 36.97 S
* NMEA Longitude = 054 43.19 W
* NMEA UTC (Time) = 12:39:49
** Ship:   Nathaniel B. Palmer 
** Cruise:    NBP0606 
# nquan = 17
# nvalues = 1176                    
# units = specified
# name 0 = prDM: Pressure, Digiquartz [db]
# name 1 = t090C: Temperature [ITS-90, deg C]
# name 2 = c0S/m: Conductivity [S/m]
# name 3 = t190C: Temperature, 2 [ITS-90, deg C]
# name 4 = c1S/m: Conductivity, 2 [S/m]
# name 5 = sbeox0ML/L: Oxygen, SBE 43 [ml/l]
# name 6 = flECO-AFL: Fluorescence, Wetlab ECO-AFL/FL [mg/m^3]
# name 7 = bat: Beam Attenuation, Chelsea/Seatech/Wetlab CStar [1/m]
# name 8 = spar: SPAR/Surface Irradiance
# name 9 = latitude: Latitude [deg]
# name 10 = longitude: Longitude [deg]
# name 11 = timeY: Time, System [seconds]
# name 12 = timeJ: Julian Days
# name 13 = sal00: Salinity [PSU]
# name 14 = scan: scan number
# name 15 = nbf: number of bottles fired
# name 16 = flag:  0.000e+00
# interval = seconds: 0.0416667                   
# start_time = Jul 21 2006 12:39:57
*END*
[from data line 341]
    300.641     1.2346   2.991268     1.2295   2.990821    5.00011    -0.0426    13.8155 1.5585e+01  -60.61617  -54.71983 1153486168 202.534379    34.5748      13762          7  0.000e+00
    300.613     1.2368   2.991360     1.2287   2.990702    4.99983    -0.0534    13.8155 1.5585e+01  -60.61617  -54.71983 1153486168 202.534380    34.5736      13763          7  0.000e+00
    298.391     1.2193   2.989385     1.2221   2.989945    4.99632    -0.0426    13.8155 1.5585e+01  -60.61617  -54.71983 1153486175 202.534456    34.5689      13921          8  0.000e+00
    298.218     1.2186   2.989398     1.2219   2.989927    4.99626    -0.1180    13.8155 1.5585e+01  -60.61617  -54.71983 1153486175 202.534457    34.5699      13922          8  0.000e+00
    298.352     1.2185   2.989398     1.2216   2.989927    4.99637    -0.1072    13.8155 1.5585e+01  -60.61617  -54.71983 1153486175 202.534457    34.5700      13923          8  0.000e+00
    298.218     1.2189   2.989422     1.2213   2.989927    4.99621    -0.0642    13.8155 1.5585e+01  -60.61617  -54.71983 1153486175 202.534457    34.5699      13924          8  0.000e+00
    298.170     1.2191   2.989402     1.2216   2.989903    4.99617    -0.0534    13.8155 1.5585e+01  -60.61617  -54.71983 1153486175 202.534458    34.5694      13925          8  0.000e+00
    298.218     1.2191   2.989405     1.2211   2.989909    4.99621    -0.0642    13.8155 1.3637e+01  -60.61617  -54.71983 1153486175 202.534458    34.5695      13926          8  0.000e+00
    298.142     1.2186   2.989371     1.2214   2.989879    4.99622    -0.0749    13.8155 1.5585e+01  -60.61617  -54.71983 1153486175 202.534459    34.5696      13927          8  0.000e+00
    298.142     1.2194   2.989422     1.2210   2.989867    4.99612    -0.0319    13.8155 1.5585e+01  -60.61617  -54.71983 1153486175 202.534459    34.5694      13928          8  0.000e+00
    298.170     1.2189   2.989415     1.2211   2.989867    4.99618    -0.0319    13.8155 1.5585e+01  -60.61617  -54.71983 1153486175 202.534460    34.5698      13929          8  0.000e+00
    298.075     1.2187   2.989415     1.2206   2.989849    4.99615    -0.0857    13.8155 1.5585e+01  -60.61617  -54.71983 1153486175 202.534460    34.5702      13930          8  0.000e+00
    298.075     1.2191   2.989408     1.2206   2.989831    4.99611    -0.0857    13.8155 1.5585e+01  -60.61617  -54.71983 1153486175 202.534461    34.5696      13931          8  0.000e+00
    298.075     1.2189   2.989415     1.2205   2.989837    4.99612    -0.0857    13.8155 1.5585e+01  -60.61617  -54.71983 1153486175 202.534461    34.5699      13932          8  0.000e+00
    298.036     1.2188   2.989391     1.2205   2.989843    4.99612    -0.1180    13.8155 1.5585e+01  -60.61617  -54.71983 1153486175 202.534462    34.5698      13933          8  0.000e+00
    298.075     1.2188   2.989354     1.2205   2.989819    4.99616    -0.0749    13.8155 1.5585e+01  -60.61617  -54.71983 1153486175 202.534462    34.5693      13934          8  0.000e+00
    298.008     1.2184   2.989391     1.2203   2.989813    4.99614    -0.0749    13.8155 1.5585e+01  -60.61617  -54.71983 1153486175 202.534463    34.5702      13935          8  0.000e+00
    298.008     1.2188   2.989398     1.2200   2.989801    4.99610    -0.0749    13.8155 1.5585e+01  -60.61617  -54.71983 1153486175 202.534463    34.5699      13936          8  0.000e+00
    298.008     1.2185   2.989385     1.2202   2.989807    4.99613    -0.0642    13.8155 1.5585e+01  -60.61617  -54.71983 1153486175 202.534464    34.5700      13937          8  0.000e+00
    297.960     1.2183   2.989354     1.2206   2.989789    4.99613    -0.0319    13.8155 1.5585e+01  -60.61617  -54.71983 1153486175 202.534464    34.5698      13938          8  0.000e+00
    298.008     1.2181   2.989303     1.2205   2.989784    4.99620    -0.0749    13.8155 1.5585e+01  -60.61617  -54.71983 1153486176 202.534465    34.5693      13939          8  0.000e+00
    298.008     1.2180   2.989289     1.2202   2.989795    4.99622    -0.0642    13.8155 1.3637e+01  -60.61617  -54.71983 1153486176 202.534465    34.5693      13940          8  0.000e+00
    298.008     1.2178   2.989313     1.2200   2.989784    4.99623    -0.0211    13.8155 1.3637e+01  -60.61617  -54.71983 1153486176 202.534466    34.5698      13941          8  0.000e+00
    297.960     1.2175   2.989313     1.2199   2.989766    4.99623    -0.0319    13.8155 1.3637e+01  -60.61617  -54.71983 1153486176 202.534466    34.5702      13942          8  0.000e+00
    297.931     1.2177   2.989303     1.2200   2.989760    4.99619    -0.0319    13.8155 1.5585e+01  -60.61617  -54.71983 1153486176 202.534467    34.5699      13943          8  0.000e+00
    298.008     1.2183   2.989361     1.2196   2.989760    4.99616    -0.0534    13.8155 1.5585e+01  -60.61617  -54.71983 1153486176 202.534467    34.5699      13944          8  0.000e+00
    297.931     1.2184   2.989391     1.2202   2.989748    4.99609    -0.0749    13.8155 1.5585e+01  -60.61617  -54.71983 1153486176 202.534468    34.5703      13945          8  0.000e+00
    297.960     1.2188   2.989368     1.2192   2.989730    4.99608    -0.0319    13.8155 1.5585e+01  -60.61617  -54.71983 1153486176 202.534468    34.5695      13946          8  0.000e+00
    297.931     1.2183   2.989368     1.2196   2.989748    4.99610    -0.0104    13.8155 1.5585e+01  -60.61617  -54.71983 1153486176 202.534469    34.5700      13947          8  0.000e+00
    298.008     1.2181   2.989361     1.2196   2.989712    4.99618    -0.0426    13.8155 1.5585e+01  -60.61617  -54.71983 1153486176 202.534469    34.5701      13948          8  0.000e+00
    297.931     1.2185   2.989351     1.2197   2.989754    4.99609    -0.0749    13.8155 1.5585e+01  -60.61617  -54.71983 1153486176 202.534470    34.5696      13949          8  0.000e+00
    298.008     1.2184   2.989374     1.2202   2.989801    4.99615    -0.1180    13.8155 1.5585e+01  -60.61617  -54.71983 1153486176 202.534470    34.5700      13950          8  0.000e+00
    297.960     1.2181   2.989391     1.2202   2.989789    4.99613    -0.1395    13.8155 1.5585e+01  -60.61617  -54.71983 1153486176 202.534470    34.5705      13951          8  0.000e+00
    298.008     1.2191   2.989422     1.2202   2.989825    4.99605    -0.1395    13.8155 1.5585e+01  -60.61617  -54.71983 1153486176 202.534471    34.5698      13952          8  0.000e+00
    298.008     1.2191   2.989483     1.2205   2.989843    4.99603    -0.1395    13.8155 1.5585e+01  -60.61617  -54.71983 1153486176 202.534471    34.5706      13953          8  0.000e+00
    298.008     1.2189   2.989473     1.2205   2.989831    4.99605    -0.0857    13.8155 1.5585e+01  -60.61617  -54.71983 1153486176 202.534472    34.5706      13954          8  0.000e+00
    298.036     1.2194   2.989439     1.2206   2.989813    5.00064    -0.0534    13.8155 1.5585e+01  -60.61617  -54.71983 1153486176 202.534472    34.5696      13955          8  0.000e+00
    298.008     1.2196   2.989402     1.2200   2.989772    4.99602    -0.0857    13.8155 1.5585e+01  -60.61617  -54.71983 1153486176 202.534473    34.5690      13956          8  0.000e+00
    298.075     1.2189   2.989385     1.2200   2.989795    4.99613    -0.1072    13.8155 1.5585e+01  -60.61617  -54.71983 1153486176 202.534473    34.5695      13957          8  0.000e+00
    298.075     1.2186   2.989337     1.2199   2.989790    4.99619    -0.0857    13.8155 1.5585e+01  -60.61617  -54.71983 1153486176 202.534474    34.5692      13958          8  0.000e+00
    298.036     1.2183   2.989385     1.2196   2.989778    4.99617    -0.1072    13.8155 1.5585e+01  -60.61617  -54.71983 1153486176 202.534474    34.5702      13959          8  0.000e+00
    298.075     1.2185   2.989398     1.2205   2.989843    4.99617    -0.0534    13.8155 1.5585e+01  -60.61617  -54.71983 1153486176 202.534475    34.5701      13960          8  0.000e+00
    298.075     1.2185   2.989477     1.2211   2.989927    4.99614    -0.0426    13.8155 1.5585e+01  -60.61617  -54.71983 1153486176 202.534475    34.5712      13961          8  0.000e+00
    298.075     1.2189   2.989511     1.2217   2.989968    4.99608    -0.0749    13.8155 1.5585e+01  -60.61617  -54.71983 1153486176 202.534476    34.5711      13962          8  0.000e+00
    298.170     1.2197   2.989524     1.2219   2.989950    5.00066    -0.0857    13.8155 1.5585e+01  -60.61617  -54.71983 1153486177 202.534476    34.5703      13963          8  0.000e+00
    298.142     1.2197   2.989497     1.2221   2.989944    4.99605    -0.0857    13.8155 1.5585e+01  -60.61617  -54.71983 1153486177 202.534477    34.5700      13964          8  0.000e+00
    298.142     1.2200   2.989517     1.2216   2.989968    4.99601    -0.0534    13.8155 1.3637e+01  -60.61617  -54.71983 1153486177 202.534477    34.5699      13965          8  0.000e+00
    298.141     1.2199   2.989545     1.2223   2.989980    5.00062    -0.0426    13.8155 1.3637e+01  -60.61617  -54.71983 1153486177 202.534478    34.5704      13966          8  0.000e+00
    298.218     1.2199   2.989558     1.2219   2.989956    4.99606    -0.0642    13.8155 1.5585e+01  -60.61617  -54.71983 1153486177 202.534478    34.5706      13967          8  0.000e+00
    298.247     1.2203   2.989534     1.2219   2.990004    4.99604    -0.0857    13.8155 1.5585e+01  -60.61617  -54.71983 1153486177 202.534479    34.5697      13968          8  0.000e+00
    298.285     1.2193   2.989480     1.2219   2.990010    4.99620    -0.1072    13.8155 1.5585e+01  -60.61617  -54.71983 1153486177 202.534479    34.5702      13969          8  0.000e+00
    299.978     1.2349   2.991020     1.2382   2.991637    4.99052    -0.0749    13.8155 1.5585e+01  -60.61617  -54.71983 1153486185 202.534569    34.5717      14156          9  0.000e+00
    299.653     1.2360   2.991122     1.2379   2.991566    4.99013    -0.0319    13.8155 1.5585e+01  -60.61617  -54.71983 1153486185 202.534570    34.5719      14157          9  0.000e+00
    299.835     1.2363   2.991118     1.2382   2.991566    4.99484    -0.0749    13.8155 1.5585e+01  -60.61617  -54.71983 1153486185 202.534570    34.5714      14158          9  0.000e+00
    299.624     1.2360   2.991013     1.2381   2.991554    4.99477    -0.1287    13.8155 1.3637e+01  -60.61617  -54.71983 1153486185 202.534571    34.5705      14159          9  0.000e+00
    299.557     1.2351   2.990985     1.2374   2.991518    4.99483    -0.1287    13.8155 1.3637e+01  -60.61617  -54.71983 1153486185 202.534571    34.5713      14160          9  0.000e+00
    299.586     1.2346   2.990948     1.2368   2.991470    4.99031    -0.0642    13.8155 1.5585e+01  -60.61617  -54.71983 1153486185 202.534572    34.5713      14161          9  0.000e+00
    299.480     1.2341   2.990921     1.2362   2.991393    4.99029    -0.0534    13.8155 1.5585e+01  -60.61617  -54.71983 1153486185 202.534572    34.5715      14162          9  0.000e+00
    299.413     1.2339   2.990839     1.2351   2.991309    4.99030    -0.0319    13.8155 1.5585e+01  -60.61617  -54.71983 1153486185 202.534573    34.5708      14163          9  0.000e+00
    299.413     1.2330   2.990818     1.2349   2.991250    4.99501    -0.0534    13.8155 1.5585e+01  -60.61617  -54.71983 1153486185 202.534573    34.5715      14164          9  0.000e+00
    299.298     1.2326   2.990706     1.2347   2.991214    4.99503    -0.1072    13.8155 1.5585e+01  -60.61617  -54.71983 1153486185 202.534574    34.5706      14165          9  0.000e+00
    299.203     1.2316   2.990641     1.2343   2.991184    4.99508    -0.0749    13.8155 1.5585e+01  -60.61617  -54.71983 1153486185 202.534574    34.5709      14166          9  0.000e+00
    299.203     1.2315   2.990624     1.2336   2.991136    4.99510    -0.1072    13.8155 1.5585e+01  -60.61617  -54.71983 1153486185 202.534575    34.5708      14167          9  0.000e+00
    299.164     1.2308   2.990539     1.2331   2.991059    4.99057    -0.1072    13.8155 1.5585e+01  -60.61617  -54.71983 1153486185 202.534575    34.5705      14168          9  0.000e+00
    299.059     1.2305   2.990505     1.2323   2.991041    4.99055    -0.0642    13.8155 1.5585e+01  -60.61617  -54.71983 1153486185 202.534576    34.5704      14169          9  0.000e+00
    299.059     1.2299   2.990491     1.2323   2.990999    4.99062    -0.0642    13.8155 1.5585e+01  -60.61617  -54.71983 1153486185 202.534576    34.5710      14170          9  0.000e+00
    298.992     1.2300   2.990464     1.2323   2.990958    4.99057    -0.0857    13.8155 1.5585e+01  -60.61617  -54.71983 1153486185 202.534577    34.5706      14171          9  0.000e+00
    298.877     1.2293   2.990427     1.2317   2.990934    4.99058    -0.0642    13.8155 1.5585e+01  -60.61617  -54.71983 1153486185 202.534577    34.5709      14172          9  0.000e+00
    298.848     1.2293   2.990393     1.2318   2.990928    4.99058    -0.0319    13.8155 1.5585e+01  -60.61617  -54.71983 1153486185 202.534578    34.5705      14173          9  0.000e+00
    298.781     1.2294   2.990389     1.2313   2.990928    4.99052    -0.0319    13.8155 1.5585e+01  -60.61617  -54.71983 1153486185 202.534578    34.5703      14174          9  0.000e+00
    298.781     1.2286   2.990331     1.2311   2.990862    4.99062    -0.0642    13.8155 1.5585e+01  -60.61617  -54.71983 1153486185 202.534579    34.5705      14175          9  0.000e+00
    298.638     1.2280   2.990284     1.2307   2.990803    4.99060    -0.1287    13.8155 1.5585e+01  -60.61617  -54.71983 1153486185 202.534579    34.5706      14176          9  0.000e+00
    298.667     1.2277   2.990212     1.2298   2.990743    4.99069    -0.1180    13.8155 1.5585e+01  -60.61617  -54.71983 1153486185 202.534579    34.5700      14177          9  0.000e+00
    298.571     1.2273   2.990164     1.2292   2.990671    4.99068    -0.0642    13.8155 1.5585e+01  -60.61617  -54.71983 1153486185 202.534580    34.5699      14178          9  0.000e+00
    298.571     1.2268   2.990130     1.2290   2.990630    4.99075    -0.0104    13.8155 1.5585e+01  -60.61617  -54.71983 1153486186 202.534580    34.5701      14179          9  0.000e+00
    298.494     1.2263   2.990144     1.2283   2.990624    4.99074    -0.0319    13.8155 1.5585e+01  -60.61617  -54.71983 1153486186 202.534581    34.5708      14180          9  0.000e+00
    298.389     1.2260   2.990113     1.2283   2.990600    4.99071    -0.0749    13.8155 1.5585e+01  -60.61617  -54.71983 1153486186 202.534581    34.5708      14181          9  0.000e+00
    298.351     1.2263   2.990120     1.2281   2.990612    4.99065    -0.1180    13.8155 1.5585e+01  -60.61617  -54.71983 1153486186 202.534582    34.5706      14182          9  0.000e+00
    298.351     1.2261   2.990124     1.2282   2.990600    4.99067    -0.1287    13.8155 1.3637e+01  -60.61617  -54.71983 1153486186 202.534582    34.5708      14183          9  0.000e+00
    298.284     1.2263   2.990144     1.2284   2.990594    4.99059    -0.0749    13.8155 1.3637e+01  -60.61617  -54.71983 1153486186 202.534583    34.5709      14184          9  0.000e+00
    298.245     1.2257   2.990147     1.2289   2.990576    4.99062    -0.0534    13.8155 1.3637e+01  -60.61617  -54.71983 1153486186 202.534583    34.5716      14185          9  0.000e+00
    298.140     1.2265   2.990134     1.2284   2.990546    4.99048    -0.0319    13.8155 1.5585e+01  -60.61617  -54.71983 1153486186 202.534584    34.5707      14186          9  0.000e+00
    298.140     1.2263   2.990161     1.2281   2.990534    4.99049    -0.0319    13.8155 1.5585e+01  -60.61617  -54.71983 1153486186 202.534584    34.5712      14187          9  0.000e+00
    298.140     1.2266   2.990158     1.2275   2.990493    4.99046    -0.0749    13.8155 1.5585e+01  -60.61617  -54.71983 1153486186 202.534585    34.5709      14188          9  0.000e+00
