product_data/regression_test/downloaded_data/MDGS/320620060703/ctd/p6618701.cnv
* Sea-Bird SBE 9 Data File:
* FileName = D:\Data\Raw\p6618701.dat
* Software Version Seasave Win32 V 5.32
* Temperature SN = 1649
* Conductivity SN = 1431
* Number of Bytes Per Scan = 37
* Number of Voltage Words = 5
* Number of Scans Averaged by the Deck Unit = 1
* NMEA Latitude = 60 48.00 S
* NMEA Longitude = 054 14.73 W
* NMEA UTC (Time) = 02:15:03
** Ship:   Nathaniel B. Palmer 
** Cruise:    NBP0606 
# nquan = 15
# nvalues = 2022                        
# units = specified
# name 0 = prDM: Pressure, Digiquartz [db]
# name 1 = t090C: Temperature [ITS-90, deg C]
# name 2 = c0S/m: Conductivity [S/m]
# name 3 = t190C: Temperature, 2 [ITS-90, deg C]
# name 4 = c1S/m: Conductivity, 2 [S/m]
# name 5 = sbeox0ML/L: Oxygen, SBE 43 [ml/l]
# name 6 = flECO-AFL: Fluorescence, Wetlab ECO-AFL/FL [mg/m^3]
# name 7 = bat: Beam Attenuation, Chelsea/Seatech/Wetlab CStar [1/m]
# name 8 = spar: SPAR/Surface Irradiance
# name 9 = latitude: Latitude [deg]
# name 10 = longitude: Longitude [deg]
# name 11 = timeY: Time, System [seconds]
# name 12 = timeJ: Julian Days
# name 13 = sal00: Salinity [PSU]
# name 14 = flag: flag
# span 0 =      4.000,   2025.000       
# span 1 =    -1.1336,     1.0695       
# span 2 =   2.741203,   3.014656       
# span 3 =    -1.1342,     1.0710       
# span 4 =   2.741811,   3.015036       
# span 5 =    5.03127,    7.82637       
# span 6 =    -0.1178,     0.3874       
# span 7 =    13.8155,    13.8155       
# span 8 = -9.505e-02, 1.8721e+00       
# span 9 =  -60.80000,  -60.80000       
# span 10 =  -54.24550,  -54.24550      
# span 11 = 1153620927, 1153623658      
# span 12 = 204.094087, 204.125689      
# span 13 =    34.0962,    34.7014      
# span 14 = 0.0000e+00, 0.0000e+00      
# interval = decibars: 1                
# start_time = Jul 23 2006 02:15:11
# bad_flag = -9.990e-29
*END*
[from data line 772]
    776.000     1.0032   3.000601     1.0039   3.000937    5.11330    -0.0789    13.8155 0.0000e+00  -60.80000  -54.24550 1153621984 204.106321    34.6783 0.0000e+00
    777.000     1.0073   3.001098     1.0076   3.001383    5.11032    -0.0846    13.8155 0.0000e+00  -60.80000  -54.24550 1153621986 204.106339    34.6794 0.0000e+00
    778.000     1.0044   3.000855     1.0058   3.001234    5.11024    -0.0764    13.8155 0.0000e+00  -60.80000  -54.24550 1153621989 204.106371    34.6790 0.0000e+00
    779.000     1.0103   3.001517     1.0104   3.001780    5.10940    -0.0867    13.8155 0.0000e+00  -60.80000  -54.24550 1153621990 204.106389    34.6802 0.0000e+00
    780.000     1.0096   3.001484     1.0095   3.001738    5.10826    -0.0954    13.8155 0.0000e+00  -60.80000  -54.24550 1153621991 204.106400    34.6802 0.0000e+00
    781.000     1.0099   3.001559     1.0099   3.001837    5.10996    -0.0803    13.8155 0.0000e+00  -60.80000  -54.24550 1153621992 204.106410    34.6802 0.0000e+00
    782.000     1.0096   3.001570     1.0099   3.001881    5.10884    -0.0936    13.8155 0.0000e+00  -60.80000  -54.24550 1153621993 204.106420    34.6801 0.0000e+00
    783.000     1.0095   3.001603     1.0097   3.001891    5.10733    -0.0935    13.8155 0.0000e+00  -60.80000  -54.24550 1153621994 204.106430    34.6801 0.0000e+00
    784.000     1.0103   3.001738     1.0107   3.002048    5.10640    -0.0931    13.8155 0.0000e+00  -60.80000  -54.24550 1153621995 204.106441    34.6804 0.0000e+00
    785.000     1.0112   3.001878     1.0114   3.002143    5.10483    -0.0861    13.8155 0.0000e+00  -60.80000  -54.24550 1153621996 204.106453    34.6806 0.0000e+00
    786.000     1.0111   3.001893     1.0111   3.002152    5.10480    -0.0942    13.8155 0.0000e+00  -60.80000  -54.24550 1153621997 204.106468    34.6804 0.0000e+00
    787.000     1.0107   3.001900     1.0112   3.002222    5.10322    -0.0884    13.8155 0.0000e+00  -60.80000  -54.24550 1153622000 204.106496    34.6803 0.0000e+00
    788.000     1.0125   3.002144     1.0127   3.002421    5.10085    -0.0833    13.8155 0.0000e+00  -60.80000  -54.24550 1153622002 204.106519    34.6809 0.0000e+00
    789.000     1.0142   3.002382     1.0146   3.002680    5.10090    -0.0885    13.8155 0.0000e+00  -60.80000  -54.24550 1153622003 204.106532    34.6815 0.0000e+00
    790.000     1.0137   3.002357     1.0139   3.002664    5.10136    -0.0902    13.8155 0.0000e+00  -60.80000  -54.24550 1153622004 204.106542    34.6812 0.0000e+00
    791.000     1.0141   3.002464     1.0142   3.002730    5.10212    -0.0857    13.8155 0.0000e+00  -60.80000  -54.24550 1153622004 204.106553    34.6815 0.0000e+00
    792.000     1.0131   3.002370     1.0132   3.002652    5.10228    -0.0834    13.8155 0.0000e+00  -60.80000  -54.24550 1153622005 204.106564    34.6809 0.0000e+00
    793.000     1.0138   3.002518     1.0141   3.002802    5.10027    -0.0941    13.8155 0.0000e+00  -60.80000  -54.24550 1153622007 204.106579    34.6815 0.0000e+00
    794.000     1.0150   3.002691     1.0144   3.002890    5.09915    -0.0933    13.8155 0.0000e+00  -60.80000  -54.24550 1153622008 204.106594    34.6817 0.0000e+00
    795.000     1.0137   3.002563     1.0138   3.002843    5.09791    -0.0796    13.8155 0.0000e+00  -60.80000  -54.24550 1153622009 204.106607    34.6812 0.0000e+00
    796.000     1.0133   3.002565     1.0136   3.002859    5.09866    -0.0767    13.8155 0.0000e+00  -60.80000  -54.24550 1153622010 204.106621    34.6810 0.0000e+00
    797.000     1.0130   3.002573     1.0133   3.002866    5.09811    -0.0867    13.8155 0.0000e+00  -60.80000  -54.24550 1153622012 204.106639    34.6809 0.0000e+00
    798.000     1.0133   3.002643     1.0133   3.002917    5.09801    -0.0756    13.8155 0.0000e+00  -60.80000  -54.24550 1153622014 204.106661    34.6809 0.0000e+00
    799.000     1.0136   3.002727     1.0137   3.003005    5.09947    -0.0949    13.8155 0.0000e+00  -60.80000  -54.24550 1153622015 204.106675    34.6811 0.0000e+00
    800.000     1.0139   3.002799     1.0139   3.003087    5.09961    -0.1051    13.8155 0.0000e+00  -60.80000  -54.24550 1153622016 204.106687    34.6811 0.0000e+00
    801.000     1.0136   3.002824     1.0140   3.003123    5.10031    -0.0835    13.8155 0.0000e+00  -60.80000  -54.24550 1153622017 204.106697    34.6812 0.0000e+00
    802.000     1.0143   3.002929     1.0145   3.003224    5.10106    -0.0820    13.8155 0.0000e+00  -60.80000  -54.24550 1153622018 204.106709    34.6812 0.0000e+00
    803.000     1.0151   3.003059     1.0154   3.003353    5.10180    -0.0933    13.8155 0.0000e+00  -60.80000  -54.24550 1153622019 204.106726    34.6814 0.0000e+00
    804.000     1.0150   3.003084     1.0151   3.003378    5.10084    -0.0902    13.8155 0.0000e+00  -60.80000  -54.24550 1153622021 204.106745    34.6813 0.0000e+00
    805.000     1.0156   3.003212     1.0157   3.003485    5.10105    -0.0862    13.8155 0.0000e+00  -60.80000  -54.24550 1153622022 204.106761    34.6817 0.0000e+00
    806.000     1.0161   3.003315     1.0160   3.003563    5.09974    -0.0893    13.8155 0.0000e+00  -60.80000  -54.24550 1153622024 204.106776    34.6818 0.0000e+00
    807.000     1.0160   3.003345     1.0160   3.003615    5.09888    -0.0888    13.8155 0.0000e+00  -60.80000  -54.24550 1153622025 204.106790    34.6818 0.0000e+00
    808.000     1.0162   3.003404     1.0163   3.003686    5.09801    -0.0792    13.8155 0.0000e+00  -60.80000  -54.24550 1153622026 204.106803    34.6818 0.0000e+00
    809.000     1.0167   3.003514     1.0172   3.003842    5.09615    -0.0906    13.8155 0.0000e+00  -60.80000  -54.24550 1153622027 204.106815    34.6820 0.0000e+00
    810.000     1.0175   3.003668     1.0175   3.003943    5.09347    -0.0827    13.8155 0.0000e+00  -60.80000  -54.24550 1153622028 204.106828    34.6826 0.0000e+00
    811.000     1.0178   3.003767     1.0178   3.004022    5.09267    -0.0801    13.8155 0.0000e+00  -60.80000  -54.24550 1153622030 204.106848    34.6829 0.0000e+00
    812.000     1.0210   3.004254     1.0214   3.004530    5.08784    -0.0891    13.8155 0.0000e+00  -60.80000  -54.24550 1153622032 204.106866    34.6850 0.0000e+00
    813.000     1.0307   3.005408     1.0337   3.005950    5.08219    -0.0827    13.8155 0.0000e+00  -60.80000  -54.24550 1153622033 204.106878    34.6885 0.0000e+00
    814.000     1.0363   3.005990     1.0377   3.006380    5.07602    -0.0787    13.8155 0.0000e+00  -60.80000  -54.24550 1153622033 204.106888    34.6889 0.0000e+00
    815.000     1.0367   3.006075     1.0374   3.006425    5.07352    -0.0907    13.8155 0.0000e+00  -60.80000  -54.24550 1153622034 204.106898    34.6890 0.0000e+00
    816.000     1.0350   3.005968     1.0359   3.006323    5.07037    -0.0930    13.8155 0.0000e+00  -60.80000  -54.24550 1153622036 204.106916    34.6890 0.0000e+00
    817.000     1.0345   3.005929     1.0347   3.006232    5.06852    -0.0936    13.8155 0.0000e+00  -60.80000  -54.24550 1153622038 204.106941    34.6886 0.0000e+00
    818.000     1.0342   3.005992     1.0343   3.006265    5.06845    -0.0839    13.8155 0.0000e+00  -60.80000  -54.24550 1153622040 204.106958    34.6893 0.0000e+00
    819.000     1.0350   3.006078     1.0348   3.006355    5.06923    -0.0853    13.8155 0.0000e+00  -60.80000  -54.24550 1153622041 204.106971    34.6890 0.0000e+00
    820.000     1.0342   3.006093     1.0347   3.006413    5.06964    -0.0804    13.8155 0.0000e+00  -60.80000  -54.24550 1153622042 204.106982    34.6895 0.0000e+00
    821.000     1.0334   3.006080     1.0334   3.006359    5.06931    -0.1023    13.8155 0.0000e+00  -60.80000  -54.24550 1153622043 204.106993    34.6896 0.0000e+00
    822.000     1.0330   3.006083     1.0332   3.006372    5.06856    -0.0857    13.8155 0.0000e+00  -60.80000  -54.24550 1153622044 204.107004    34.6896 0.0000e+00
    823.000     1.0327   3.006103     1.0328   3.006380    5.06700    -0.0886    13.8155 0.0000e+00  -60.80000  -54.24550 1153622045 204.107017    34.6896 0.0000e+00
    824.000     1.0330   3.006164     1.0331   3.006451    5.06669    -0.0980    13.8155 0.0000e+00  -60.80000  -54.24550 1153622046 204.107032    34.6896 0.0000e+00
    825.000     1.0322   3.006139     1.0322   3.006417    5.06658    -0.0747    13.8155 0.0000e+00  -60.80000  -54.24550 1153622047 204.107049    34.6897 0.0000e+00
    826.000     1.0320   3.006157     1.0323   3.006459    5.06709    -0.0927    13.8155 0.0000e+00  -60.80000  -54.24550 1153622049 204.107067    34.6895 0.0000e+00
    827.000     1.0326   3.006255     1.0325   3.006513    5.06787    -0.0951    13.8155 0.0000e+00  -60.80000  -54.24550 1153622050 204.107084    34.6896 0.0000e+00
    828.000     1.0330   3.006336     1.0333   3.006628    5.06632    -0.0888    13.8155 0.0000e+00  -60.80000  -54.24550 1153622052 204.107100    34.6896 0.0000e+00
    829.000     1.0353   3.006578     1.0337   3.006707    5.06711    -0.0896    13.8155 0.0000e+00  -60.80000  -54.24550 1153622053 204.107116    34.6895 0.0000e+00
    830.000     1.0334   3.006436     1.0326   3.006673    5.06767    -0.1014    13.8155 0.0000e+00  -60.80000  -54.24550 1153622054 204.107130    34.6893 0.0000e+00
    831.000     1.0297   3.006153     1.0283   3.006343    5.06776    -0.0992    13.8155 0.0000e+00  -60.80000  -54.24550 1153622055 204.107142    34.6892 0.0000e+00
    832.000     1.0235   3.005663     1.0239   3.005982    5.06907    -0.0789    13.8155 0.0000e+00  -60.80000  -54.24550 1153622056 204.107151    34.6895 0.0000e+00
    833.000     1.0260   3.005937     1.0262   3.006225    5.06896    -0.0877    13.8155 0.0000e+00  -60.80000  -54.24550 1153622057 204.107160    34.6896 0.0000e+00
    834.000     1.0279   3.006144     1.0275   3.006379    5.07120    -0.0848    13.8155 0.0000e+00  -60.80000  -54.24550 1153622058 204.107171    34.6896 0.0000e+00
    835.000     1.0283   3.006220     1.0267   3.006361    5.07137    -0.0887    13.8155 0.0000e+00  -60.80000  -54.24550 1153622060 204.107196    34.6894 0.0000e+00
    836.000     1.0280   3.006257     1.0281   3.006525    5.07424    -0.1082    13.8155 0.0000e+00  -60.80000  -54.24550 1153622062 204.107223    34.6896 0.0000e+00
    837.000     1.0255   3.006071     1.0253   3.006336    5.07245    -0.0843    13.8155 0.0000e+00  -60.80000  -54.24550 1153622064 204.107236    34.6895 0.0000e+00
    838.000     1.0251   3.006078     1.0253   3.006366    5.07205    -0.0941    13.8155 0.0000e+00  -60.80000  -54.24550 1153622065 204.107248    34.6895 0.0000e+00
    839.000     1.0221   3.005825     1.0198   3.005964    5.07275    -0.0870    13.8155 0.0000e+00  -60.80000  -54.24550 1153622066 204.107260    34.6891 0.0000e+00
    840.000     1.0056   3.004449     1.0062   3.004796    5.07650    -0.0827    13.8155 0.0000e+00  -60.80000  -54.24550 1153622067 204.107272    34.6897 0.0000e+00
    841.000     1.0048   3.004417     1.0051   3.004735    5.07865    -0.0837    13.8155 0.0000e+00  -60.80000  -54.24550 1153622068 204.107285    34.6895 0.0000e+00
    842.000     1.0053   3.004504     1.0054   3.004795    5.08056    -0.0773    13.8155 0.0000e+00  -60.80000  -54.24550 1153622069 204.107297    34.6894 0.0000e+00
    843.000     1.0045   3.004481     1.0048   3.004800    5.08031    -0.0860    13.8155 0.0000e+00  -60.80000  -54.24550 1153622070 204.107309    34.6893 0.0000e+00
    844.000     1.0028   3.004377     1.0031   3.004680    5.08031    -0.0940    13.8155 0.0000e+00  -60.80000  -54.24550 1153622071 204.107324    34.6893 0.0000e+00
    845.000     1.0027   3.004429     1.0035   3.004760    5.08274    -0.0866    13.8155 0.0000e+00  -60.80000  -54.24550 1153622074 204.107352    34.6895 0.0000e+00
    846.000     1.0006   3.004276     1.0005   3.004561    5.08325    -0.1019    13.8155 0.0000e+00  -60.80000  -54.24550 1153622075 204.107369    34.6893 0.0000e+00
    847.000     0.9991   3.004189     0.9992   3.004501    5.08346    -0.0951    13.8155 0.0000e+00  -60.80000  -54.24550 1153622076 204.107380    34.6892 0.0000e+00
    848.000     0.9959   3.003947     0.9957   3.004234    5.08468    -0.0836    13.8155 0.0000e+00  -60.80000  -54.24550 1153622077 204.107390    34.6892 0.0000e+00
    849.000     0.9931   3.003768     0.9930   3.004052    5.08639    -0.0999    13.8155 0.0000e+00  -60.80000  -54.24550 1153622078 204.107400    34.6895 0.0000e+00
    850.000     0.9929   3.003824     0.9924   3.004068    5.08807    -0.0769    13.8155 0.0000e+00  -60.80000  -54.24550 1153622080 204.107422    34.6897 0.0000e+00
    851.000     0.9940   3.003953     0.9943   3.004257    5.08821    -0.1018    13.8155 0.0000e+00  -60.80000  -54.24550 1153622082 204.107445    34.6895 0.0000e+00
    852.000     0.9951   3.004203     0.9953   3.004470    5.08640    -0.0731    13.8155 0.0000e+00  -60.80000  -54.24550 1153622082 204.107455    34.6909 0.0000e+00
    853.000     0.9979   3.004507     0.9980   3.004794    5.08546    -0.0931    13.8155 0.0000e+00  -60.80000  -54.24550 1153622083 204.107464    34.6910 0.0000e+00
    854.000     0.9982   3.004556     0.9984   3.004870    5.08223    -0.0804    13.8155 0.0000e+00  -60.80000  -54.24550 1153622084 204.107473    34.6908 0.0000e+00
    855.000     0.9996   3.004736     1.0000   3.005055    5.08097    -0.0778    13.8155 0.0000e+00  -60.80000  -54.24550 1153622085 204.107482    34.6909 0.0000e+00
    856.000     1.0014   3.004967     1.0009   3.005186    5.07770    -0.0829    13.8155 0.0000e+00  -60.80000  -54.24550 1153622086 204.107501    34.6913 0.0000e+00
    857.000     0.9985   3.004736     0.9975   3.004929    5.07754    -0.0868    13.8155 0.0000e+00  -60.80000  -54.24550 1153622089 204.107526    34.6910 0.0000e+00
    858.000     1.0005   3.005001     1.0003   3.005251    5.07647    -0.0966    13.8155 0.0000e+00  -60.80000  -54.24550 1153622090 204.107547    34.6917 0.0000e+00
    859.000     1.0010   3.005097     1.0010   3.005377    5.07660    -0.0863    13.8155 0.0000e+00  -60.80000  -54.24550 1153622092 204.107569    34.6918 0.0000e+00
    860.000     1.0024   3.005291     1.0011   3.005433    5.07524    -0.0901    13.8155 0.0000e+00  -60.80000  -54.24550 1153622093 204.107582    34.6920 0.0000e+00
    861.000     1.0012   3.005215     1.0025   3.005629    5.07574    -0.0932    13.8155 0.0000e+00  -60.80000  -54.24550 1153622094 204.107592    34.6918 0.0000e+00
    862.000     1.0112   3.006287     1.0094   3.006325    5.07522    -0.0960    13.8155 0.0000e+00  -60.80000  -54.24550 1153622095 204.107601    34.6940 0.0000e+00
    863.000     1.0190   3.007039     1.0235   3.007713    5.07167    -0.0835    13.8155 0.0000e+00  -60.80000  -54.24550 1153622096 204.107611    34.6940 0.0000e+00
    864.000     1.0188   3.007127     1.0244   3.007819    5.06964    -0.0803    13.8155 0.0000e+00  -60.80000  -54.24550 1153622097 204.107622    34.6936 0.0000e+00
    865.000     1.0229   3.007497     1.0235   3.007835    5.06520    -0.0922    13.8155 0.0000e+00  -60.80000  -54.24550 1153622098 204.107636    34.6942 0.0000e+00
    866.000     1.0191   3.007158     1.0207   3.007589    5.06411    -0.0906    13.8155 0.0000e+00  -60.80000  -54.24550 1153622100 204.107654    34.6938 0.0000e+00
    867.000     1.0207   3.007368     1.0217   3.007775    5.06066    -0.0826    13.8155 0.0000e+00  -60.80000  -54.24550 1153622101 204.107673    34.6942 0.0000e+00
    868.000     1.0319   3.008472     1.0317   3.008749    5.05804    -0.0955    13.8155 0.0000e+00  -60.80000  -54.24550 1153622103 204.107694    34.6952 0.0000e+00
    869.000     1.0288   3.008244     1.0288   3.008507    5.05787    -0.0847    13.8155 0.0000e+00  -60.80000  -54.24550 1153622105 204.107711    34.6953 0.0000e+00
    870.000     1.0304   3.008444     1.0305   3.008688    5.05618    -0.0814    13.8155 0.0000e+00  -60.80000  -54.24550 1153622106 204.107724    34.6956 0.0000e+00
