product_data/regression_test/downloaded_data/MDGS/320620060703/ctd/p6615701.cnv
* Sea-Bird SBE 9 Data File:
* FileName = D:\Data\Raw\p6615701.dat
* Software Version Seasave Win32 V 5.32
* Temperature SN = 1649
* Conductivity SN = 1431
* Number of Bytes Per Scan = 37
* Number of Voltage Words = 5
* Number of Scans Averaged by the Deck Unit = 1
* NMEA Latitude = 60 51.45 S
* NMEA Longitude = 056 03.54 W
* NMEA UTC (Time) = 01:08:55
** Ship:   Nathaniel B. Palmer 
** Cruise:    NBP0606 
# nquan = 15
# nvalues = 979                         
# units = specified
# name 0 = prDM: Pressure, Digiquartz [db]
# name 1 = t090C: Temperature [ITS-90, deg C]
# name 2 = c0S/m: Conductivity [S/m]
# name 3 = t190C: Temperature, 2 [ITS-90, deg C]
# name 4 = c1S/m: Conductivity, 2 [S/m]
# name 5 = sbeox0ML/L: Oxygen, SBE 43 [ml/l]
# name 6 = flECO-AFL: Fluorescence, Wetlab ECO-AFL/FL [mg/m^3]
# name 7 = bat: Beam Attenuation, Chelsea/Seatech/Wetlab CStar [1/m]
# name 8 = spar: SPAR/Surface Irradiance
# name 9 = latitude: Latitude [deg]
# name 10 = longitude: Longitude [deg]
# name 11 = timeY: Time, System [seconds]
# name 12 = timeJ: Julian Days
# name 13 = sal00: Salinity [PSU]
# name 14 = flag: flag
# span 0 =     22.000,   1000.000       
# span 1 =    -0.8594,     0.8450       
# span 2 =   2.786953,   2.994378       
# span 3 =    -0.8591,     0.8439       
# span 4 =   2.787353,   2.994459       
# span 5 =    5.27565,    7.35930       
# span 6 =    -0.1153,     0.0869       
# span 7 =    13.8155,    13.8155       
# span 8 = 0.0000e+00, 0.0000e+00       
# span 9 =  -60.85750,  -60.85750       
# span 10 =  -56.05900,  -56.05900      
# span 11 = 1153271337, 1153272698      
# span 12 = 200.047902, 200.063656      
# span 13 =    34.2848,    34.6650      
# span 14 = 0.0000e+00, 0.0000e+00      
# interval = decibars: 1                
# start_time = Jul 19 2006 01:09:03
# bad_flag = -9.990e-29
*END*
[from data line 579]
    601.000    -0.3377   2.864999    -0.3378   2.865347    6.26010    -0.0916    13.8155 0.0000e+00  -60.85750  -56.05900 1153272190 200.057774    34.5050 0.0000e+00
    602.000    -0.3376   2.865063    -0.3374   2.865406    6.25871    -0.0892    13.8155 0.0000e+00  -60.85750  -56.05900 1153272191 200.057783    34.5051 0.0000e+00
    603.000    -0.3368   2.865169    -0.3367   2.865517    6.25756    -0.0861    13.8155 0.0000e+00  -60.85750  -56.05900 1153272191 200.057792    34.5050 0.0000e+00
    604.000    -0.3363   2.865269    -0.3364   2.865603    6.25562    -0.0911    13.8155 0.0000e+00  -60.85750  -56.05900 1153272193 200.057810    34.5052 0.0000e+00
    605.000    -0.3369   2.865248    -0.3363   2.865637    6.25579    -0.0899    13.8155 0.0000e+00  -60.85750  -56.05900 1153272195 200.057840    34.5050 0.0000e+00
    606.000    -0.3370   2.865287    -0.3371   2.865622    6.25695    -0.0827    13.8155 0.0000e+00  -60.85750  -56.05900 1153272197 200.057859    34.5051 0.0000e+00
    607.000    -0.3360   2.865440    -0.3360   2.865778    6.25715    -0.0810    13.8155 0.0000e+00  -60.85750  -56.05900 1153272198 200.057871    34.5054 0.0000e+00
    608.000    -0.3352   2.865563    -0.3351   2.865915    6.25772    -0.0974    13.8155 0.0000e+00  -60.85750  -56.05900 1153272199 200.057881    34.5056 0.0000e+00
    609.000    -0.3348   2.865652    -0.3345   2.866022    6.25623    -0.0882    13.8155 0.0000e+00  -60.85750  -56.05900 1153272200 200.057890    34.5054 0.0000e+00
    610.000    -0.3340   2.865776    -0.3338   2.866135    6.25720    -0.0965    13.8155 0.0000e+00  -60.85750  -56.05900 1153272201 200.057899    34.5058 0.0000e+00
    611.000    -0.3339   2.865828    -0.3340   2.866161    6.25730    -0.0838    13.8155 0.0000e+00  -60.85750  -56.05900 1153272202 200.057920    34.5058 0.0000e+00
    612.000    -0.3344   2.865811    -0.3345   2.866160    6.25687    -0.0949    13.8155 0.0000e+00  -60.85750  -56.05900 1153272204 200.057939    34.5056 0.0000e+00
    613.000    -0.3336   2.865949    -0.3335   2.866306    6.25693    -0.0888    13.8155 0.0000e+00  -60.85750  -56.05900 1153272205 200.057951    34.5060 0.0000e+00
    614.000    -0.3349   2.865861    -0.3344   2.866242    6.25652    -0.1042    13.8155 0.0000e+00  -60.85750  -56.05900 1153272206 200.057964    34.5056 0.0000e+00
    615.000    -0.3324   2.866164    -0.3325   2.866480    6.25380    -0.0979    13.8155 0.0000e+00  -60.85750  -56.05900 1153272208 200.057987    34.5063 0.0000e+00
    616.000    -0.3244   2.867049    -0.3247   2.867347    6.25196    -0.0943    13.8155 0.0000e+00  -60.85750  -56.05900 1153272210 200.058003    34.5082 0.0000e+00
    617.000    -0.3226   2.867284    -0.3221   2.867677    6.24983    -0.0918    13.8155 0.0000e+00  -60.85750  -56.05900 1153272210 200.058013    34.5087 0.0000e+00
    618.000    -0.3203   2.867543    -0.3210   2.867813    6.24839    -0.0864    13.8155 0.0000e+00  -60.85750  -56.05900 1153272211 200.058022    34.5088 0.0000e+00
    619.000    -0.3203   2.867583    -0.3201   2.867970    6.24659    -0.0923    13.8155 0.0000e+00  -60.85750  -56.05900 1153272212 200.058032    34.5089 0.0000e+00
    620.000    -0.3194   2.867722    -0.3191   2.868088    6.24363    -0.0943    13.8155 0.0000e+00  -60.85750  -56.05900 1153272214 200.058048    34.5091 0.0000e+00
    621.000    -0.3201   2.867689    -0.3195   2.868080    6.24049    -0.0888    13.8155 0.0000e+00  -60.85750  -56.05900 1153272215 200.058068    34.5090 0.0000e+00
    622.000    -0.3194   2.867798    -0.3194   2.868140    6.23728    -0.0867    13.8155 0.0000e+00  -60.85750  -56.05900 1153272217 200.058085    34.5091 0.0000e+00
    623.000    -0.3197   2.867823    -0.3196   2.868144    6.23895    -0.1090    13.8155 0.0000e+00  -60.85750  -56.05900 1153272219 200.058106    34.5092 0.0000e+00
    624.000    -0.3187   2.867948    -0.3184   2.868332    6.23965    -0.0870    13.8155 0.0000e+00  -60.85750  -56.05900 1153272220 200.058123    34.5092 0.0000e+00
    625.000    -0.3184   2.868031    -0.3183   2.868387    6.23956    -0.1041    13.8155 0.0000e+00  -60.85750  -56.05900 1153272221 200.058134    34.5093 0.0000e+00
    626.000    -0.3173   2.868181    -0.3172   2.868539    6.23915    -0.0805    13.8155 0.0000e+00  -60.85750  -56.05900 1153272222 200.058143    34.5095 0.0000e+00
    627.000    -0.3168   2.868249    -0.3168   2.868613    6.23841    -0.0871    13.8155 0.0000e+00  -60.85750  -56.05900 1153272222 200.058152    34.5093 0.0000e+00
    628.000    -0.3170   2.868283    -0.3169   2.868645    6.23744    -0.0890    13.8155 0.0000e+00  -60.85750  -56.05900 1153272223 200.058162    34.5093 0.0000e+00
    629.000    -0.3174   2.868289    -0.3166   2.868699    6.23644    -0.0953    13.8155 0.0000e+00  -60.85750  -56.05900 1153272225 200.058177    34.5093 0.0000e+00
    630.000    -0.3169   2.868372    -0.3172   2.868687    6.23637    -0.0938    13.8155 0.0000e+00  -60.85750  -56.05900 1153272227 200.058201    34.5093 0.0000e+00
    631.000    -0.3180   2.868319    -0.3179   2.868670    6.23677    -0.0922    13.8155 0.0000e+00  -60.85750  -56.05900 1153272229 200.058223    34.5092 0.0000e+00
    632.000    -0.3187   2.868310    -0.3181   2.868714    6.23738    -0.0878    13.8155 0.0000e+00  -60.85750  -56.05900 1153272230 200.058241    34.5094 0.0000e+00
    633.000    -0.3189   2.868343    -0.3190   2.868688    6.23756    -0.0916    13.8155 0.0000e+00  -60.85750  -56.05900 1153272231 200.058254    34.5095 0.0000e+00
    634.000    -0.3188   2.868397    -0.3190   2.868724    6.23804    -0.0858    13.8155 0.0000e+00  -60.85750  -56.05900 1153272232 200.058265    34.5095 0.0000e+00
    635.000    -0.3188   2.868440    -0.3189   2.868787    6.23856    -0.0970    13.8155 0.0000e+00  -60.85750  -56.05900 1153272233 200.058275    34.5094 0.0000e+00
    636.000    -0.3205   2.868315    -0.3199   2.868735    6.24021    -0.0823    13.8155 0.0000e+00  -60.85750  -56.05900 1153272234 200.058284    34.5091 0.0000e+00
    637.000    -0.3214   2.868275    -0.3216   2.868611    6.23878    -0.0879    13.8155 0.0000e+00  -60.85750  -56.05900 1153272235 200.058294    34.5092 0.0000e+00
    638.000    -0.3222   2.868256    -0.3232   2.868511    6.24001    -0.0908    13.8155 0.0000e+00  -60.85750  -56.05900 1153272236 200.058310    34.5091 0.0000e+00
    639.000    -0.3226   2.868260    -0.3236   2.868511    6.24255    -0.0930    13.8155 0.0000e+00  -60.85750  -56.05900 1153272239 200.058342    34.5090 0.0000e+00
    640.000    -0.3255   2.868066    -0.3247   2.868469    6.24175    -0.0924    13.8155 0.0000e+00  -60.85750  -56.05900 1153272240 200.058357    34.5092 0.0000e+00
    641.000    -0.3227   2.868363    -0.3225   2.868717    6.23999    -0.1074    13.8155 0.0000e+00  -60.85750  -56.05900 1153272241 200.058368    34.5094 0.0000e+00
    642.000    -0.3227   2.868392    -0.3226   2.868750    6.24050    -0.0995    13.8155 0.0000e+00  -60.85750  -56.05900 1153272242 200.058379    34.5091 0.0000e+00
    643.000    -0.3252   2.868214    -0.3255   2.868543    6.24101    -0.0839    13.8155 0.0000e+00  -60.85750  -56.05900 1153272243 200.058393    34.5090 0.0000e+00
    644.000    -0.3283   2.867974    -0.3289   2.868271    6.24152    -0.0822    13.8155 0.0000e+00  -60.85750  -56.05900 1153272245 200.058407    34.5089 0.0000e+00
    645.000    -0.3284   2.867989    -0.3299   2.868227    6.24266    -0.0805    13.8155 0.0000e+00  -60.85750  -56.05900 1153272246 200.058419    34.5086 0.0000e+00
    646.000    -0.3283   2.868051    -0.3281   2.868418    6.24213    -0.0932    13.8155 0.0000e+00  -60.85750  -56.05900 1153272247 200.058432    34.5087 0.0000e+00
    647.000    -0.3279   2.868133    -0.3279   2.868487    6.23968    -0.0985    13.8155 0.0000e+00  -60.85750  -56.05900 1153272248 200.058451    34.5086 0.0000e+00
    648.000    -0.3263   2.868332    -0.3266   2.868648    6.24319    -0.0832    13.8155 0.0000e+00  -60.85750  -56.05900 1153272250 200.058470    34.5088 0.0000e+00
    649.000    -0.3268   2.868335    -0.3267   2.868691    6.24410    -0.0998    13.8155 0.0000e+00  -60.85750  -56.05900 1153272251 200.058482    34.5088 0.0000e+00
    650.000    -0.3263   2.868409    -0.3278   2.868620    6.24210    -0.0899    13.8155 0.0000e+00  -60.85750  -56.05900 1153272252 200.058494    34.5087 0.0000e+00
    651.000    -0.3267   2.868415    -0.3275   2.868687    6.24122    -0.0871    13.8155 0.0000e+00  -60.85750  -56.05900 1153272253 200.058507    34.5088 0.0000e+00
    652.000    -0.3294   2.868217    -0.3292   2.868587    6.24199    -0.0902    13.8155 0.0000e+00  -60.85750  -56.05900 1153272255 200.058523    34.5085 0.0000e+00
    653.000    -0.3291   2.868290    -0.3288   2.868681    6.24215    -0.0853    13.8155 0.0000e+00  -60.85750  -56.05900 1153272256 200.058539    34.5086 0.0000e+00
    654.000    -0.3288   2.868365    -0.3283   2.868744    6.24369    -0.0947    13.8155 0.0000e+00  -60.85750  -56.05900 1153272257 200.058557    34.5085 0.0000e+00
    655.000    -0.3283   2.868447    -0.3284   2.868793    6.24508    -0.0904    13.8155 0.0000e+00  -60.85750  -56.05900 1153272259 200.058574    34.5085 0.0000e+00
    656.000    -0.3276   2.868577    -0.3270   2.868958    6.24488    -0.0821    13.8155 0.0000e+00  -60.85750  -56.05900 1153272260 200.058587    34.5088 0.0000e+00
    657.000    -0.3267   2.868697    -0.3268   2.869040    6.24518    -0.0995    13.8155 0.0000e+00  -60.85750  -56.05900 1153272261 200.058598    34.5087 0.0000e+00
    658.000    -0.3269   2.868724    -0.3269   2.869064    6.24596    -0.0861    13.8155 0.0000e+00  -60.85750  -56.05900 1153272262 200.058608    34.5088 0.0000e+00
    659.000    -0.3276   2.868698    -0.3277   2.869033    6.24490    -0.0827    13.8155 0.0000e+00  -60.85750  -56.05900 1153272263 200.058622    34.5087 0.0000e+00
    660.000    -0.3284   2.868670    -0.3284   2.869019    6.24540    -0.1071    13.8155 0.0000e+00  -60.85750  -56.05900 1153272265 200.058642    34.5086 0.0000e+00
    661.000    -0.3297   2.868591    -0.3295   2.868963    6.24708    -0.0941    13.8155 0.0000e+00  -60.85750  -56.05900 1153272266 200.058659    34.5085 0.0000e+00
    662.000    -0.3296   2.868649    -0.3294   2.869013    6.24736    -0.0942    13.8155 0.0000e+00  -60.85750  -56.05900 1153272268 200.058674    34.5086 0.0000e+00
    663.000    -0.3293   2.868713    -0.3304   2.868980    6.24819    -0.0981    13.8155 0.0000e+00  -60.85750  -56.05900 1153272269 200.058688    34.5085 0.0000e+00
    664.000    -0.3301   2.868687    -0.3303   2.869022    6.24927    -0.0878    13.8155 0.0000e+00  -60.85750  -56.05900 1153272270 200.058702    34.5085 0.0000e+00
    665.000    -0.3292   2.868808    -0.3292   2.869167    6.24970    -0.0965    13.8155 0.0000e+00  -60.85750  -56.05900 1153272271 200.058715    34.5085 0.0000e+00
    666.000    -0.3283   2.868952    -0.3282   2.869296    6.25014    -0.0952    13.8155 0.0000e+00  -60.85750  -56.05900 1153272272 200.058728    34.5086 0.0000e+00
    667.000    -0.3289   2.868934    -0.3290   2.869281    6.25080    -0.0893    13.8155 0.0000e+00  -60.85750  -56.05900 1153272273 200.058741    34.5085 0.0000e+00
    668.000    -0.3299   2.868880    -0.3298   2.869241    6.24896    -0.0942    13.8155 0.0000e+00  -60.85750  -56.05900 1153272275 200.058755    34.5085 0.0000e+00
    669.000    -0.3285   2.869041    -0.3286   2.869377    6.24859    -0.1002    13.8155 0.0000e+00  -60.85750  -56.05900 1153272276 200.058773    34.5083 0.0000e+00
    670.000    -0.3287   2.869069    -0.3288   2.869418    6.24953    -0.0875    13.8155 0.0000e+00  -60.85750  -56.05900 1153272278 200.058793    34.5084 0.0000e+00
    671.000    -0.3307   2.868945    -0.3309   2.869283    6.25035    -0.0903    13.8155 0.0000e+00  -60.85750  -56.05900 1153272279 200.058806    34.5084 0.0000e+00
    672.000    -0.3309   2.868968    -0.3306   2.869353    6.25020    -0.0898    13.8155 0.0000e+00  -60.85750  -56.05900 1153272280 200.058816    34.5084 0.0000e+00
    673.000    -0.3295   2.869139    -0.3282   2.869613    6.25091    -0.0805    13.8155 0.0000e+00  -60.85750  -56.05900 1153272281 200.058826    34.5083 0.0000e+00
    674.000    -0.3301   2.869128    -0.3298   2.869500    6.25199    -0.0910    13.8155 0.0000e+00  -60.85750  -56.05900 1153272282 200.058843    34.5083 0.0000e+00
    675.000    -0.3294   2.869232    -0.3294   2.869581    6.25321    -0.1070    13.8155 0.0000e+00  -60.85750  -56.05900 1153272284 200.058867    34.5083 0.0000e+00
    676.000    -0.3294   2.869288    -0.3294   2.869648    6.25313    -0.0725    13.8155 0.0000e+00  -60.85750  -56.05900 1153272285 200.058878    34.5086 0.0000e+00
    677.000    -0.3280   2.869443    -0.3282   2.869795    6.25354    -0.0685    13.8155 0.0000e+00  -60.85750  -56.05900 1153272286 200.058889    34.5084 0.0000e+00
    678.000    -0.3284   2.869467    -0.3282   2.869824    6.25242    -0.0866    13.8155 0.0000e+00  -60.85750  -56.05900 1153272288 200.058907    34.5085 0.0000e+00
    679.000    -0.3297   2.869390    -0.3296   2.869762    6.25381    -0.0951    13.8155 0.0000e+00  -60.85750  -56.05900 1153272290 200.058932    34.5084 0.0000e+00
    680.000    -0.3334   2.869129    -0.3330   2.869522    6.25435    -0.0832    13.8155 0.0000e+00  -60.85750  -56.05900 1153272291 200.058944    34.5084 0.0000e+00
    681.000    -0.3360   2.868970    -0.3361   2.869317    6.25378    -0.0965    13.8155 0.0000e+00  -60.85750  -56.05900 1153272292 200.058953    34.5091 0.0000e+00
    682.000    -0.3361   2.868999    -0.3365   2.869335    6.25329    -0.0841    13.8155 0.0000e+00  -60.85750  -56.05900 1153272292 200.058962    34.5089 0.0000e+00
    683.000    -0.3355   2.869071    -0.3356   2.869413    6.25123    -0.0793    13.8155 0.0000e+00  -60.85750  -56.05900 1153272293 200.058970    34.5086 0.0000e+00
    684.000    -0.3353   2.869123    -0.3349   2.869521    6.25096    -0.0876    13.8155 0.0000e+00  -60.85750  -56.05900 1153272294 200.058979    34.5084 0.0000e+00
    685.000    -0.3343   2.869258    -0.3339   2.869643    6.25149    -0.0898    13.8155 0.0000e+00  -60.85750  -56.05900 1153272296 200.058998    34.5085 0.0000e+00
    686.000    -0.3340   2.869322    -0.3340   2.869679    6.25049    -0.0945    13.8155 0.0000e+00  -60.85750  -56.05900 1153272298 200.059028    34.5083 0.0000e+00
    687.000    -0.3338   2.869409    -0.3338   2.869745    6.25022    -0.0919    13.8155 0.0000e+00  -60.85750  -56.05900 1153272300 200.059046    34.5087 0.0000e+00
    688.000    -0.3333   2.869485    -0.3334   2.869832    6.25110    -0.0951    13.8155 0.0000e+00  -60.85750  -56.05900 1153272301 200.059061    34.5085 0.0000e+00
    689.000    -0.3329   2.869569    -0.3330   2.869905    6.25246    -0.0867    13.8155 0.0000e+00  -60.85750  -56.05900 1153272302 200.059073    34.5085 0.0000e+00
    690.000    -0.3329   2.869597    -0.3326   2.869985    6.25263    -0.0938    13.8155 0.0000e+00  -60.85750  -56.05900 1153272303 200.059085    34.5084 0.0000e+00
    691.000    -0.3329   2.869652    -0.3328   2.870019    6.25651    -0.0951    13.8155 0.0000e+00  -60.85750  -56.05900 1153272304 200.059097    34.5086 0.0000e+00
    692.000    -0.3327   2.869712    -0.3328   2.870057    6.25771    -0.0909    13.8155 0.0000e+00  -60.85750  -56.05900 1153272305 200.059110    34.5085 0.0000e+00
    693.000    -0.3321   2.869823    -0.3322   2.870153    6.25740    -0.0921    13.8155 0.0000e+00  -60.85750  -56.05900 1153272306 200.059123    34.5086 0.0000e+00
    694.000    -0.3329   2.869778    -0.3329   2.870152    6.25600    -0.0955    13.8155 0.0000e+00  -60.85750  -56.05900 1153272307 200.059135    34.5085 0.0000e+00
    695.000    -0.3347   2.869673    -0.3346   2.870045    6.25424    -0.0895    13.8155 0.0000e+00  -60.85750  -56.05900 1153272309 200.059148    34.5085 0.0000e+00
