product_data/regression_test/downloaded_data/MDGS/320620060703/ctd/p6617610.ros
* Sea-Bird SBE 9 Data File:
* FileName = D:\Data\Raw\p6617610.dat
* Software Version Seasave Win32 V 5.32
* Temperature SN = 1649
* Conductivity SN = 1431
* Number of Bytes Per Scan = 37
* Number of Voltage Words = 5
* Number of Scans Averaged by the Deck Unit = 1
* NMEA Latitude = 60 37.00 S
* NMEA Longitude = 054 43.23 W
* NMEA UTC (Time) = 14:08:35
** Ship:   Nathaniel B. Palmer 
** Cruise:    NBP0606 
# nquan = 17
# nvalues = 1176                    
# units = specified
# name 0 = prDM: Pressure, Digiquartz [db]
# name 1 = t090C: Temperature [ITS-90, deg C]
# name 2 = c0S/m: Conductivity [S/m]
# name 3 = t190C: Temperature, 2 [ITS-90, deg C]
# name 4 = c1S/m: Conductivity, 2 [S/m]
# name 5 = sbeox0ML/L: Oxygen, SBE 43 [ml/l]
# name 6 = flECO-AFL: Fluorescence, Wetlab ECO-AFL/FL [mg/m^3]
# name 7 = bat: Beam Attenuation, Chelsea/Seatech/Wetlab CStar [1/m]
# name 8 = spar: SPAR/Surface Irradiance
# name 9 = latitude: Latitude [deg]
# name 10 = longitude: Longitude [deg]
# name 11 = timeY: Time, System [seconds]
# name 12 = timeJ: Julian Days
# name 13 = sal00: Salinity [PSU]
# name 14 = scan: scan number
# name 15 = nbf: number of bottles fired
# name 16 = flag:  0.000e+00
# interval = seconds: 0.0416667                   
# start_time = Jul 21 2006 14:08:43
*END*
[from data line 937]
    301.325     0.8917   2.959221     0.8909   2.959290    5.33785    -0.0534    13.8155 3.8963e+01  -60.61667  -54.72050 1153491573 202.596928    34.5420      15639         20  0.000e+00
    301.277     0.8927   2.959268     0.8835   2.958791    5.33769    -0.0426    13.8155 3.8963e+01  -60.61667  -54.72050 1153491573 202.596929    34.5415      15640         20  0.000e+00
    301.248     0.8938   2.959298     0.8791   2.958376    5.33754    -0.0426    13.8155 3.8963e+01  -60.61667  -54.72050 1153491573 202.596929    34.5407      15641         20  0.000e+00
    301.325     0.8947   2.959346     0.8798   2.958281    5.33748    -0.0426    13.8155 3.8963e+01  -60.61667  -54.72050 1153491573 202.596929    34.5403      15642         20  0.000e+00
    301.210     0.8920   2.959441     0.8810   2.958388    5.33763    -0.0426    13.8155 3.8963e+01  -60.61667  -54.72050 1153491573 202.596930    34.5445      15643         20  0.000e+00
    301.248     0.8944   2.959698     0.8847   2.958566    5.33729    -0.0426    13.8155 3.8963e+01  -60.61667  -54.72050 1153491573 202.596930    34.5452      15644         20  0.000e+00
    301.248     0.8970   2.959793     0.8877   2.958779    5.33695    -0.0319    13.8155 3.8963e+01  -60.61667  -54.72050 1153491573 202.596931    34.5435      15645         20  0.000e+00
    301.248     0.8990   2.959851     0.8898   2.958940    5.33672     0.0327    13.8155 3.7015e+01  -60.61667  -54.72050 1153491573 202.596931    34.5421      15646         20  0.000e+00
    301.210     0.9016   2.959942     0.8914   2.959035    5.34101    -0.0426    13.8155 3.8963e+01  -60.61667  -54.72050 1153491573 202.596932    34.5404      15647         20  0.000e+00
    301.248     0.9025   2.959912     0.8917   2.959035    5.34095    -0.0857    13.8155 3.8963e+01  -60.61667  -54.72050 1153491573 202.596932    34.5390      15648         20  0.000e+00
    301.181     0.9016   2.959929     0.8900   2.958797    5.34100    -0.0426    13.8155 3.8963e+01  -60.61667  -54.72050 1153491574 202.596933    34.5403      15649         20  0.000e+00
    301.210     0.9020   2.959959     0.8810   2.958411    5.33631    -0.0104    13.8155 3.8963e+01  -60.61667  -54.72050 1153491574 202.596933    34.5401      15650         20  0.000e+00
    301.181     0.9020   2.959895     0.8798   2.958067    5.34096    -0.0104    13.8155 4.0911e+01  -60.61667  -54.72050 1153491574 202.596934    34.5393      15651         20  0.000e+00
    301.181     0.9020   2.959763     0.8808   2.957978    5.33638    -0.0211    13.8155 3.8963e+01  -60.61667  -54.72050 1153491574 202.596934    34.5376      15652         20  0.000e+00
    301.210     0.9013   2.959658     0.8825   2.958037    5.34118    -0.0426    13.8155 3.8963e+01  -60.61667  -54.72050 1153491574 202.596935    34.5371      15653         20  0.000e+00
    301.181     0.9005   2.959542     0.8810   2.958079    5.34129    -0.0534    13.8155 3.8963e+01  -60.61667  -54.72050 1153491574 202.596935    34.5365      15654         20  0.000e+00
    301.104     0.9009   2.959461     0.8810   2.958150    5.34122    -0.0534    13.8155 3.8963e+01  -60.61667  -54.72050 1153491574 202.596936    34.5349      15655         20  0.000e+00
    301.133     0.8987   2.959356     0.8823   2.958233    5.33689    -0.0426    13.8155 3.8963e+01  -60.61667  -54.72050 1153491574 202.596936    34.5360      15656         20  0.000e+00
    301.181     0.8964   2.959203     0.8819   2.958275    5.34189    -0.0426    13.8155 3.8963e+01  -60.61667  -54.72050 1153491574 202.596937    34.5366      15657         20  0.000e+00
    301.104     0.8956   2.959109     0.8812   2.958239    5.34197    -0.0104    13.8155 3.8963e+01  -60.61667  -54.72050 1153491574 202.596937    34.5363      15658         20  0.000e+00
    301.133     0.8942   2.959142     0.8791   2.958162    5.34213    -0.0211    13.8155 3.8963e+01  -60.61667  -54.72050 1153491574 202.596938    34.5383      15659         20  0.000e+00
    301.104     0.8938   2.959214     0.8804   2.958227    5.34212    -0.0426    13.8155 3.8963e+01  -60.61667  -54.72050 1153491574 202.596938    34.5397      15660         20  0.000e+00
    301.037     0.8945   2.959305     0.8815   2.958334    5.34194    -0.0319    13.8155 3.8963e+01  -60.61667  -54.72050 1153491574 202.596939    34.5401      15661         20  0.000e+00
    301.066     0.8947   2.959346     0.8824   2.958423    5.34192    -0.0426    13.8155 3.8963e+01  -60.61667  -54.72050 1153491574 202.596939    34.5404      15662         20  0.000e+00
    301.104     0.8948   2.959387     0.8827   2.958488    5.34192    -0.0857    13.8155 3.8963e+01  -60.61667  -54.72050 1153491574 202.596940    34.5408      15663         20  0.000e+00
    301.037     0.8941   2.959275     0.8827   2.958536    5.34201    -0.0749    13.8155 3.8963e+01  -60.61667  -54.72050 1153491574 202.596940    34.5402      15664         20  0.000e+00
    301.066     0.8931   2.959142     0.8829   2.958554    5.34219    -0.0104    13.8155 3.8963e+01  -60.61667  -54.72050 1153491574 202.596941    34.5395      15665         20  0.000e+00
    300.970     0.8927   2.959044     0.8833   2.958595    5.34686    -0.0104    13.8155 3.8963e+01  -60.61667  -54.72050 1153491574 202.596941    34.5388      15666         20  0.000e+00
    301.037     0.8915   2.958932     0.8844   2.958655    5.34709    -0.0426    13.8155 3.8963e+01  -60.61667  -54.72050 1153491574 202.596942    34.5386      15667         20  0.000e+00
    300.989     0.8900   2.958919     0.8846   2.958625    5.34722    -0.0749    13.8155 3.8963e+01  -60.61667  -54.72050 1153491574 202.596942    34.5401      15668         20  0.000e+00
    300.970     0.8894   2.958997     0.8832   2.958506    5.34260    -0.0642    13.8155 3.8963e+01  -60.61667  -54.72050 1153491574 202.596943    34.5419      15669         20  0.000e+00
    301.037     0.8912   2.959142     0.8825   2.958411    5.34238    -0.0426    13.8155 3.7015e+01  -60.61667  -54.72050 1153491574 202.596943    34.5416      15670         20  0.000e+00
    300.970     0.8930   2.959346     0.8823   2.958453    5.34204    -0.0104    13.8155 3.8963e+01  -60.61667  -54.72050 1153491574 202.596943    34.5424      15671         20  0.000e+00
    300.922     0.8959   2.959522     0.8832   2.958560    5.34626    -0.0319    13.8155 3.8963e+01  -60.61667  -54.72050 1153491575 202.596944    34.5415      15672         20  0.000e+00
    300.970     0.8980   2.959597     0.8850   2.958714    5.34603    -0.0534    13.8155 3.8963e+01  -60.61667  -54.72050 1153491575 202.596944    34.5401      15673         20  0.000e+00
    300.893     0.8986   2.959681     0.8869   2.958833    5.34586    -0.0426    13.8155 3.8963e+01  -60.61667  -54.72050 1153491575 202.596945    34.5405      15674         20  0.000e+00
    300.922     0.9009   2.959898     0.8881   2.958904    5.34553    -0.0426    13.8155 3.8963e+01  -60.61667  -54.72050 1153491575 202.596945    34.5407      15675         20  0.000e+00
    300.893     0.9016   2.959898     0.8886   2.958856    5.34544    -0.0211    13.8155 3.8963e+01  -60.61667  -54.72050 1153491575 202.596946    34.5400      15676         20  0.000e+00
    300.826     0.8999   2.959837     0.8881   2.958815    5.34561     0.0112    13.8155 3.8963e+01  -60.61667  -54.72050 1153491575 202.596946    34.5412      15677         20  0.000e+00
    300.855     0.8991   2.959841     0.8885   2.958868    5.34571     0.0004    13.8155 3.8963e+01  -60.61667  -54.72050 1153491575 202.596947    34.5421      15678         20  0.000e+00
    300.893     0.9014   2.959986     0.8880   2.958945    5.34542    -0.0426    13.8155 3.8963e+01  -60.61667  -54.72050 1153491575 202.596947    34.5414      15679         20  0.000e+00
    300.826     0.9037   2.960105     0.8894   2.959135    5.34506    -0.0642    13.8155 3.8963e+01  -60.61667  -54.72050 1153491575 202.596948    34.5403      15680         20  0.000e+00
    300.778     0.9045   2.960200     0.8939   2.959379    5.34489    -0.0857    13.8155 3.8963e+01  -60.61667  -54.72050 1153491575 202.596948    34.5407      15681         20  0.000e+00
    300.533     0.8461   2.954270     0.8424   2.954501    5.41430    -0.0319    13.8155 3.8963e+01  -60.61667  -54.72050 1153491591 202.597134    34.5290      16067         21  0.000e+00
    300.705     0.8420   2.953241     0.8547   2.955718    5.41536    -0.0319    13.8155 3.8963e+01  -60.61667  -54.72050 1153491591 202.597135    34.5202      16068         21  0.000e+00
    300.609     0.8270   2.951565     0.8638   2.956578    5.42239    -0.0534    13.8155 3.8963e+01  -60.61667  -54.72050 1153491591 202.597135    34.5152      16069         21  0.000e+00
    300.609     0.8196   2.951680     0.8644   2.956691    5.42316    -0.0749    13.8155 3.8963e+01  -60.61667  -54.72050 1153491591 202.597136    34.5250      16070         21  0.000e+00
    300.705     0.8253   2.953613     0.8604   2.956465    5.42168    -0.0857    13.8155 3.8963e+01  -60.61667  -54.72050 1153491591 202.597136    34.5436      16071         21  0.000e+00
    300.609     0.8395   2.954951     0.8605   2.956252    5.41940    -0.0964    13.8155 3.8963e+01  -60.61667  -54.72050 1153491591 202.597137    34.5451      16072         21  0.000e+00
    300.676     0.8431   2.954321     0.8629   2.956240    5.41936    -0.0749    13.8155 3.8963e+01  -60.61667  -54.72050 1153491591 202.597137    34.5329      16073         21  0.000e+00
    300.676     0.8331   2.953427     0.8664   2.956566    5.41623    -0.0642    13.8155 3.8963e+01  -60.61667  -54.72050 1153491591 202.597138    34.5325      16074         21  0.000e+00
    300.705     0.8319   2.953366     0.8693   2.956869    5.41642    -0.0534    13.8155 3.8963e+01  -60.61667  -54.72050 1153491591 202.597138    34.5330      16075         21  0.000e+00
    300.753     0.8330   2.953010     0.8715   2.956970    5.41651    -0.0319    13.8155 3.8963e+01  -60.61667  -54.72050 1153491591 202.597139    34.5272      16076         21  0.000e+00
    300.753     0.8267   2.952133     0.8712   2.956893    5.41761    -0.0211    13.8155 3.8963e+01  -60.61667  -54.72050 1153491591 202.597139    34.5228      16077         21  0.000e+00
    300.772     0.8179   2.951209     0.8644   2.956430    5.41903    -0.0642    13.8155 3.8963e+01  -60.61667  -54.72050 1153491591 202.597140    34.5206      16078         21  0.000e+00
    300.753     0.8061   2.949916     0.8543   2.955576    5.42092    -0.0534    13.8155 3.8963e+01  -60.61667  -54.72050 1153491591 202.597140    34.5170      16079         21  0.000e+00
    300.820     0.7966   2.949057     0.8499   2.954846    5.42243    -0.0104    13.8155 3.8963e+01  -60.61667  -54.72050 1153491592 202.597141    34.5164      16080         21  0.000e+00
    300.705     0.7965   2.949696     0.8403   2.954413    5.42206    -0.0319    13.8155 3.8963e+01  -60.61667  -54.72050 1153491592 202.597141    34.5249      16081         21  0.000e+00
    300.887     0.7885   2.948661     0.8381   2.954294    5.41890    -0.0534    13.8155 3.8963e+01  -60.61667  -54.72050 1153491592 202.597142    34.5202      16082         21  0.000e+00
    300.887     0.7688   2.948600     0.8313   2.953915    5.42576    -0.0426    13.8155 3.7015e+01  -60.61667  -54.72050 1153491592 202.597142    34.5413      16083         21  0.000e+00
    300.848     0.7725   2.948106     0.8114   2.952651    5.42555    -0.0749    13.8155 3.7015e+01  -60.61667  -54.72050 1153491592 202.597143    34.5308      16084         21  0.000e+00
    300.820     0.7546   2.947050     0.7957   2.951341    5.42802    -0.0104    13.8155 3.8963e+01  -60.61667  -54.72050 1153491592 202.597143    34.5371      16085         21  0.000e+00
    300.887     0.7447   2.946736     0.7958   2.951015    5.42464     0.0004    13.8155 3.8963e+01  -60.61667  -54.72050 1153491592 202.597144    34.5439      16086         21  0.000e+00
    300.915     0.7577   2.948224     0.7991   2.951234    5.42252    -0.0319    13.8155 3.8963e+01  -60.61667  -54.72050 1153491592 202.597144    34.5488      16087         21  0.000e+00
    300.887     0.7828   2.950776     0.8086   2.951453    5.41853    -0.0534    13.8155 3.8963e+01  -60.61667  -54.72050 1153491592 202.597145    34.5540      16088         21  0.000e+00
    300.887     0.8095   2.952310     0.8217   2.951607    5.41486    -0.0534    13.8155 3.8963e+01  -60.61667  -54.72050 1153491592 202.597145    34.5442      16089         21  0.000e+00
    300.915     0.8168   2.952875     0.8257   2.951916    5.41381    -0.0319    13.8155 3.8963e+01  -60.61667  -54.72050 1153491592 202.597146    34.5433      16090         21  0.000e+00
    300.886     0.8022   2.953255     0.8236   2.952372    5.41521     0.0004    13.8155 3.8963e+01  -60.61667  -54.72050 1153491592 202.597146    34.5644      16091         21  0.000e+00
    300.963     0.7888   2.953698     0.8207   2.952681    5.42118    -0.0104    13.8155 3.8963e+01  -60.61667  -54.72050 1153491592 202.597147    34.5851      16092         21  0.000e+00
    300.963     0.8020   2.954135     0.8172   2.952888    5.41488    -0.0319    13.8155 3.8963e+01  -60.61667  -54.72050 1153491592 202.597147    34.5761      16093         21  0.000e+00
    300.915     0.8298   2.954860     0.8222   2.953155    5.41144    -0.0642    13.8155 3.8963e+01  -60.61667  -54.72050 1153491592 202.597147    34.5545      16094         21  0.000e+00
    300.963     0.8477   2.955524     0.8358   2.953701    5.40920    -0.0534    13.8155 3.8963e+01  -60.61667  -54.72050 1153491592 202.597148    34.5433      16095         21  0.000e+00
    300.963     0.8543   2.955676     0.8447   2.954205    5.40841    -0.0534    13.8155 3.8963e+01  -60.61667  -54.72050 1153491592 202.597148    34.5379      16096         21  0.000e+00
    300.982     0.8544   2.955659     0.8496   2.954448    5.40842    -0.0426    13.8155 3.8963e+01  -60.61667  -54.72050 1153491592 202.597149    34.5376      16097         21  0.000e+00
    300.963     0.8547   2.955510     0.8488   2.954507    5.40844    -0.0857    13.8155 3.8963e+01  -60.61667  -54.72050 1153491592 202.597149    34.5353      16098         21  0.000e+00
    300.963     0.8532   2.955429     0.8474   2.954537    5.40865    -0.1180    13.8155 3.8963e+01  -60.61667  -54.72050 1153491592 202.597150    34.5359      16099         21  0.000e+00
    300.982     0.8537   2.955256     0.8512   2.954727    5.40868    -0.0857    13.8155 3.8963e+01  -60.61667  -54.72050 1153491592 202.597150    34.5331      16100         21  0.000e+00
    300.963     0.8520   2.954958     0.8553   2.955124    5.40899    -0.0319    13.8155 3.8963e+01  -60.61667  -54.72050 1153491592 202.597151    34.5311      16101         21  0.000e+00
    300.963     0.8456   2.954751     0.8553   2.955462    5.40514    -0.0426    13.8155 3.8963e+01  -60.61667  -54.72050 1153491592 202.597151    34.5355      16102         21  0.000e+00
    300.982     0.8417   2.954677     0.8530   2.955724    5.40562    -0.0642    13.8155 3.8963e+01  -60.61667  -54.72050 1153491592 202.597152    34.5389      16103         21  0.000e+00
    300.963     0.8397   2.954697     0.8497   2.955973    5.40582    -0.0749    13.8155 3.8963e+01  -60.61667  -54.72050 1153491592 202.597152    34.5415      16104         21  0.000e+00
    301.030     0.8394   2.954728     0.8516   2.956198    5.40589    -0.0749    13.8155 3.8963e+01  -60.61667  -54.72050 1153491593 202.597153    34.5421      16105         21  0.000e+00
    300.982     0.8383   2.954680     0.8546   2.956281    5.40600    -0.0534    13.8155 3.8963e+01  -60.61667  -54.72050 1153491593 202.597153    34.5428      16106         21  0.000e+00
    300.963     0.8389   2.954558     0.8575   2.956287    5.40597    -0.0211    13.8155 3.8963e+01  -60.61667  -54.72050 1153491593 202.597154    34.5405      16107         21  0.000e+00
