product_data/regression_test/downloaded_data/MDGS/320620060703/ctd/p6611601.ros
* Sea-Bird SBE 9 Data File:
* FileName = D:\Data\Raw\p6611601.dat
* Software Version Seasave Win32 V 5.32
* Temperature SN = 1649
* Conductivity SN = 1431
* Number of Bytes Per Scan = 37
* Number of Voltage Words = 5
* Number of Scans Averaged by the Deck Unit = 1
* NMEA Latitude = 61 34.98 S
* NMEA Longitude = 054 52.49 W
* NMEA UTC (Time) = 12:09:00
** Ship:   Nathaniel B. Palmer 
** Cruise:    NBP0606 
# nquan = 17
# nvalues = 1176                    
# units = specified
# name 0 = prDM: Pressure, Digiquartz [db]
# name 1 = t090C: Temperature [ITS-90, deg C]
# name 2 = c0S/m: Conductivity [S/m]
# name 3 = t190C: Temperature, 2 [ITS-90, deg C]
# name 4 = c1S/m: Conductivity, 2 [S/m]
# name 5 = sbeox0ML/L: Oxygen, SBE 43 [ml/l]
# name 6 = flECO-AFL: Fluorescence, Wetlab ECO-AFL/FL [mg/m^3]
# name 7 = bat: Beam Attenuation, Chelsea/Seatech/Wetlab CStar [1/m]
# name 8 = spar: SPAR/Surface Irradiance
# name 9 = latitude: Latitude [deg]
# name 10 = longitude: Longitude [deg]
# name 11 = timeY: Time, System [seconds]
# name 12 = timeJ: Julian Days
# name 13 = sal00: Salinity [PSU]
# name 14 = scan: scan number
# name 15 = nbf: number of bottles fired
# name 16 = flag:  0.000e+00
# interval = seconds: 0.0416667                   
# start_time = Jul 14 2006 12:09:08
*END*
[from data line 937]
     50.223    -1.6389   2.706534    -1.6393   2.707015    7.96863     0.0327    13.8155 2.9222e+01  -61.58300  -54.87483 1152882148 195.543396    34.1698      76835         20  0.000e+00
     50.299    -1.6392   2.706577    -1.6384   2.707032    7.96872     0.0542    13.8155 2.9222e+01  -61.58300  -54.87483 1152882148 195.543397    34.1707      76836         20  0.000e+00
     50.223    -1.6385   2.706541    -1.6382   2.707043    7.96855     0.0650    13.8155 2.9222e+01  -61.58300  -54.87483 1152882148 195.543397    34.1694      76837         20  0.000e+00
     50.223    -1.6392   2.706534    -1.6381   2.707060    7.96867     0.0542    13.8155 2.9222e+01  -61.58300  -54.87483 1152882148 195.543397    34.1701      76838         20  0.000e+00
     50.299    -1.6386   2.706541    -1.6381   2.707083    7.96866     0.0542    13.8155 2.7274e+01  -61.58300  -54.87483 1152882148 195.543398    34.1695      76839         20  0.000e+00
     50.223    -1.6381   2.706544    -1.6381   2.707112    7.96849     0.0542    13.8155 2.9222e+01  -61.58300  -54.87483 1152882148 195.543398    34.1690      76840         20  0.000e+00
     50.299    -1.6389   2.706525    -1.6385   2.707078    7.96872     0.0327    13.8155 2.7274e+01  -61.58300  -54.87483 1152882148 195.543399    34.1696      76841         20  0.000e+00
     50.223    -1.6395   2.706505    -1.6381   2.707083    7.96874     0.0219    13.8155 2.7274e+01  -61.58300  -54.87483 1152882148 195.543399    34.1701      76842         20  0.000e+00
     50.223    -1.6395   2.706482    -1.6376   2.707112    7.96877     0.0219    13.8155 2.7274e+01  -61.58300  -54.87483 1152882148 195.543400    34.1698      76843         20  0.000e+00
     50.299    -1.6400   2.706410    -1.6387   2.707061    7.96898     0.0327    13.8155 2.7274e+01  -61.58300  -54.87483 1152882148 195.543400    34.1693      76844         20  0.000e+00
     50.223    -1.6397   2.706440    -1.6399   2.707003    7.96882     0.0434    13.8155 2.9222e+01  -61.58300  -54.87483 1152882148 195.543401    34.1693      76845         20  0.000e+00
     50.299    -1.6403   2.706459    -1.6401   2.706928    7.96900     0.0434    13.8155 2.9222e+01  -61.58300  -54.87483 1152882148 195.543401    34.1703      76846         20  0.000e+00
     50.299    -1.6392   2.706469    -1.6407   2.706911    7.96881     0.0650    13.8155 2.9222e+01  -61.58300  -54.87483 1152882148 195.543402    34.1692      76847         20  0.000e+00
     50.223    -1.6397   2.706446    -1.6405   2.706894    7.96882     0.0542    13.8155 2.9222e+01  -61.58300  -54.87483 1152882148 195.543402    34.1695      76848         20  0.000e+00
     50.299    -1.6394   2.706446    -1.6397   2.706940    7.96885     0.0004    13.8155 2.9222e+01  -61.58300  -54.87483 1152882148 195.543403    34.1691      76849         20  0.000e+00
     50.299    -1.6399   2.706472    -1.6408   2.706905    7.96412     0.0112    13.8155 2.9222e+01  -61.58300  -54.87483 1152882148 195.543403    34.1700      76850         20  0.000e+00
     50.223    -1.6395   2.706479    -1.6411   2.706865    7.96877     0.0219    13.8155 2.7274e+01  -61.58300  -54.87483 1152882149 195.543404    34.1697      76851         20  0.000e+00
     50.299    -1.6391   2.706489    -1.6408   2.706819    7.96398     0.0219    13.8155 2.7274e+01  -61.58300  -54.87483 1152882149 195.543404    34.1693      76852         20  0.000e+00
     50.299    -1.6394   2.706482    -1.6411   2.706808    7.96403     0.0112    13.8155 2.7274e+01  -61.58300  -54.87483 1152882149 195.543405    34.1695      76853         20  0.000e+00
     50.299    -1.6391   2.706479    -1.6405   2.706842    7.96878     0.0219    13.8155 2.9222e+01  -61.58300  -54.87483 1152882149 195.543405    34.1692      76854         20  0.000e+00
     50.299    -1.6398   2.706476    -1.6410   2.706842    7.96890     0.0327    13.8155 2.9222e+01  -61.58300  -54.87483 1152882149 195.543406    34.1700      76855         20  0.000e+00
     50.299    -1.6402   2.706446    -1.6405   2.706837    7.96898     0.0327    13.8155 2.9222e+01  -61.58300  -54.87483 1152882149 195.543406    34.1700      76856         20  0.000e+00
     50.299    -1.6388   2.706485    -1.6411   2.706796    7.96872     0.0434    13.8155 2.9222e+01  -61.58300  -54.87483 1152882149 195.543407    34.1689      76857         20  0.000e+00
     50.299    -1.6388   2.706482    -1.6429   2.706722    7.96873     0.0434    13.8155 2.7274e+01  -61.58300  -54.87483 1152882149 195.543407    34.1689      76858         20  0.000e+00
     50.299    -1.6400   2.706397    -1.6434   2.706664    7.96899     0.0004    13.8155 2.9222e+01  -61.58300  -54.87483 1152882149 195.543408    34.1691      76859         20  0.000e+00
     50.300    -1.6406   2.706336    -1.6431   2.706653    7.96914    -0.0211    13.8155 2.9222e+01  -61.58300  -54.87483 1152882149 195.543408    34.1690      76860         20  0.000e+00
     50.300    -1.6418   2.706257    -1.6433   2.706670    7.96460     0.0112    13.8155 2.9222e+01  -61.58300  -54.87483 1152882149 195.543409    34.1692      76861         20  0.000e+00
     50.300    -1.6428   2.706189    -1.6428   2.706681    7.96960     0.0219    13.8155 2.9222e+01  -61.58300  -54.87483 1152882149 195.543409    34.1694      76862         20  0.000e+00
     50.300    -1.6435   2.706169    -1.6431   2.706658    7.96974    -0.0104    13.8155 2.9222e+01  -61.58300  -54.87483 1152882149 195.543410    34.1700      76863         20  0.000e+00
     50.366    -1.6437   2.706156    -1.6426   2.706670    7.96985     0.0542    13.8155 2.9222e+01  -61.58300  -54.87483 1152882149 195.543410    34.1699      76864         20  0.000e+00
     50.300    -1.6435   2.706182    -1.6434   2.706658    7.96973     0.0650    13.8155 2.7274e+01  -61.58300  -54.87483 1152882149 195.543410    34.1702      76865         20  0.000e+00
     50.300    -1.6440   2.706176    -1.6436   2.706635    7.96980     0.0650    13.8155 2.9222e+01  -61.58300  -54.87483 1152882149 195.543411    34.1706      76866         20  0.000e+00
     50.366    -1.6426   2.706221    -1.6434   2.706607    7.96963     0.0434    13.8155 2.9222e+01  -61.58300  -54.87483 1152882149 195.543411    34.1696      76867         20  0.000e+00
     50.300    -1.6421   2.706254    -1.6440   2.706618    7.96465     0.0865    13.8155 2.9222e+01  -61.58300  -54.87483 1152882149 195.543412    34.1696      76868         20  0.000e+00
     50.366    -1.6419   2.706257    -1.6437   2.706630    7.96947     0.0542    13.8155 2.9222e+01  -61.58300  -54.87483 1152882149 195.543412    34.1692      76869         20  0.000e+00
     50.366    -1.6418   2.706257    -1.6437   2.706607    7.96947     0.0434    13.8155 2.9222e+01  -61.58300  -54.87483 1152882149 195.543413    34.1692      76870         20  0.000e+00
     50.300    -1.6419   2.706270    -1.6439   2.706578    7.96939     0.0004    13.8155 2.7274e+01  -61.58300  -54.87483 1152882149 195.543413    34.1695      76871         20  0.000e+00
     50.366    -1.6423   2.706248    -1.6443   2.706555    7.96955     0.0434    13.8155 2.7274e+01  -61.58300  -54.87483 1152882149 195.543414    34.1696      76872         20  0.000e+00
     50.366    -1.6425   2.706221    -1.6442   2.706567    7.96960     0.0972    13.8155 2.7274e+01  -61.58300  -54.87483 1152882149 195.543414    34.1694      76873         20  0.000e+00
     50.300    -1.6426   2.706179    -1.6446   2.706532    7.96958     0.0542    13.8155 2.7274e+01  -61.58300  -54.87483 1152882149 195.543415    34.1691      76874         20  0.000e+00
     50.367    -1.6432   2.706173    -1.6448   2.706555    7.96496     0.0434    13.8155 2.7274e+01  -61.58300  -54.87483 1152882150 195.543415    34.1696      76875         20  0.000e+00
     50.367    -1.6435   2.706176    -1.6440   2.706572    7.96501     0.0434    13.8155 2.7274e+01  -61.58300  -54.87483 1152882150 195.543416    34.1700      76876         20  0.000e+00
     50.367    -1.6438   2.706137    -1.6440   2.706515    7.96988     0.0004    13.8155 2.7274e+01  -61.58300  -54.87483 1152882150 195.543416    34.1698      76877         20  0.000e+00
     24.888    -1.6565   2.703869    -1.6564   2.704343    7.96452     0.0327    13.8155 3.1170e+01  -61.58300  -54.87483 1152882222 195.544257    34.1692      78621         21  0.000e+00
     24.869    -1.6566   2.703882    -1.6564   2.704343    7.96451     0.0434    13.8155 3.1170e+01  -61.58300  -54.87483 1152882222 195.544258    34.1695      78622         21  0.000e+00
     24.955    -1.6569   2.703869    -1.6567   2.704355    7.96466     0.0650    13.8155 2.9222e+01  -61.58300  -54.87483 1152882222 195.544258    34.1696      78623         21  0.000e+00
     24.889    -1.6571   2.703849    -1.6565   2.704343    7.96463     0.0434    13.8155 3.1170e+01  -61.58300  -54.87483 1152882222 195.544259    34.1696      78624         21  0.000e+00
     24.936    -1.6568   2.703856    -1.6573   2.704338    7.96462     0.0434    13.8155 2.9222e+01  -61.58300  -54.87483 1152882222 195.544259    34.1692      78625         21  0.000e+00
     24.812    -1.6572   2.703882    -1.6568   2.704315    7.96455     0.0542    13.8155 3.1170e+01  -61.58300  -54.87483 1152882222 195.544260    34.1703      78626         21  0.000e+00
     24.936    -1.6570   2.703853    -1.6570   2.704326    7.96466     0.0219    13.8155 2.9222e+01  -61.58300  -54.87483 1152882223 195.544260    34.1694      78627         21  0.000e+00
     24.889    -1.6571   2.703843    -1.6568   2.704338    7.96463     0.0219    13.8155 2.9222e+01  -61.58300  -54.87483 1152882223 195.544261    34.1695      78628         21  0.000e+00
     24.889    -1.6568   2.703839    -1.6569   2.704343    7.96459     0.0542    13.8155 2.9222e+01  -61.58300  -54.87483 1152882223 195.544261    34.1691      78629         21  0.000e+00
     24.936    -1.6572   2.703859    -1.6567   2.704338    7.96470     0.0327    13.8155 2.9222e+01  -61.58300  -54.87483 1152882223 195.544262    34.1699      78630         21  0.000e+00
     24.889    -1.6572   2.703862    -1.6573   2.704338    7.96464     0.0219    13.8155 3.1170e+01  -61.58300  -54.87483 1152882223 195.544262    34.1699      78631         21  0.000e+00
     24.870    -1.6570   2.703849    -1.6576   2.704338    7.96459     0.0542    13.8155 3.1170e+01  -61.58300  -54.87483 1152882223 195.544263    34.1694      78632         21  0.000e+00
     24.955    -1.6571   2.703856    -1.6570   2.704315    7.96470     0.0542    13.8155 3.1170e+01  -61.58300  -54.87483 1152882223 195.544263    34.1696      78633         21  0.000e+00
     24.889    -1.6574   2.703849    -1.6572   2.704326    7.96468     0.0219    13.8155 2.9222e+01  -61.58300  -54.87483 1152882223 195.544264    34.1699      78634         21  0.000e+00
     24.936    -1.6570   2.703872    -1.6567   2.704326    7.96465     0.0112    13.8155 3.1170e+01  -61.58300  -54.87483 1152882223 195.544264    34.1697      78635         21  0.000e+00
     24.889    -1.6565   2.703888    -1.6568   2.704332    7.96450     0.0327    13.8155 3.1170e+01  -61.58300  -54.87483 1152882223 195.544265    34.1694      78636         21  0.000e+00
     24.936    -1.6568   2.703869    -1.6570   2.704338    7.96462     0.0650    13.8155 2.9222e+01  -61.58300  -54.87483 1152882223 195.544265    34.1695      78637         21  0.000e+00
     24.889    -1.6568   2.703849    -1.6572   2.704315    7.96458     0.0650    13.8155 3.1170e+01  -61.58300  -54.87483 1152882223 195.544266    34.1692      78638         21  0.000e+00
     24.955    -1.6568   2.703856    -1.6573   2.704326    7.96465     0.0327    13.8155 3.1170e+01  -61.58300  -54.87483 1152882223 195.544266    34.1692      78639         21  0.000e+00
     24.936    -1.6568   2.703862    -1.6567   2.704355    7.96462     0.0004    13.8155 3.1170e+01  -61.58300  -54.87483 1152882223 195.544266    34.1694      78640         21  0.000e+00
     24.955    -1.6569   2.703882    -1.6570   2.704343    7.96465     0.0650    13.8155 2.9222e+01  -61.58300  -54.87483 1152882223 195.544267    34.1698      78641         21  0.000e+00
     24.936    -1.6572   2.703869    -1.6570   2.704326    7.96470     0.0972    13.8155 2.9222e+01  -61.58300  -54.87483 1152882223 195.544267    34.1700      78642         21  0.000e+00
     24.889    -1.6574   2.703849    -1.6570   2.704332    7.96468     0.0542    13.8155 2.9222e+01  -61.58300  -54.87483 1152882223 195.544268    34.1699      78643         21  0.000e+00
     24.955    -1.6568   2.703840    -1.6572   2.704315    7.96466     0.0650    13.8155 2.9222e+01  -61.58300  -54.87483 1152882223 195.544268    34.1690      78644         21  0.000e+00
     25.013    -1.6572   2.703843    -1.6567   2.704292    7.96480     0.0434    13.8155 3.1170e+01  -61.58300  -54.87483 1152882223 195.544269    34.1696      78645         21  0.000e+00
     24.955    -1.6574   2.703840    -1.6575   2.704303    7.96476     0.0219    13.8155 2.9222e+01  -61.58300  -54.87483 1152882223 195.544269    34.1697      78646         21  0.000e+00
     24.936    -1.6571   2.703843    -1.6572   2.704292    7.96469     0.0757    13.8155 2.9222e+01  -61.58300  -54.87483 1152882223 195.544270    34.1694      78647         21  0.000e+00
     25.022    -1.6574   2.703856    -1.6575   2.704292    7.96482     0.0327    13.8155 2.9222e+01  -61.58300  -54.87483 1152882223 195.544270    34.1699      78648         21  0.000e+00
     24.956    -1.6575   2.703882    -1.6576   2.704303    7.96475     0.0004    13.8155 2.9222e+01  -61.58300  -54.87483 1152882223 195.544271    34.1705      78649         21  0.000e+00
     25.013    -1.6570   2.703833    -1.6578   2.704292    7.96476     0.0112    13.8155 2.9222e+01  -61.58300  -54.87483 1152882224 195.544271    34.1691      78650         21  0.000e+00
     25.022    -1.6574   2.703856    -1.6578   2.704320    7.96482     0.0219    13.8155 2.9222e+01  -61.58300  -54.87483 1152882224 195.544272    34.1699      78651         21  0.000e+00
     25.013    -1.6574   2.703879    -1.6570   2.704315    7.96479     0.0327    13.8155 2.9222e+01  -61.58300  -54.87483 1152882224 195.544272    34.1702      78652         21  0.000e+00
     25.022    -1.6579   2.703840    -1.6578   2.704309    7.96491     0.0434    13.8155 2.9222e+01  -61.58300  -54.87483 1152882224 195.544273    34.1702      78653         21  0.000e+00
     25.022    -1.6572   2.703853    -1.6573   2.704309    7.96480     0.0542    13.8155 2.9222e+01  -61.58300  -54.87483 1152882224 195.544273    34.1697      78654         21  0.000e+00
     25.080    -1.6574   2.703866    -1.6572   2.704338    7.96488     0.0650    13.8155 2.9222e+01  -61.58300  -54.87483 1152882224 195.544274    34.1700      78655         21  0.000e+00
     25.022    -1.6574   2.703846    -1.6573   2.704297    7.96483     0.0542    13.8155 3.1170e+01  -61.58300  -54.87483 1152882224 195.544274    34.1698      78656         21  0.000e+00
     25.080    -1.6574   2.703843    -1.6570   2.704303    7.96489     0.0757    13.8155 2.9222e+01  -61.58300  -54.87483 1152882224 195.544275    34.1697      78657         21  0.000e+00
     25.022    -1.6576   2.703823    -1.6572   2.704292    7.96488     0.0757    13.8155 3.1170e+01  -61.58300  -54.87483 1152882224 195.544275    34.1697      78658         21  0.000e+00
     25.099    -1.6572   2.703823    -1.6580   2.704320    7.96491     0.0219    13.8155 2.9222e+01  -61.58300  -54.87483 1152882224 195.544276    34.1693      78659         21  0.000e+00
     25.080    -1.6580   2.703836    -1.6572   2.704315    7.96500     0.0004    13.8155 2.9222e+01  -61.58300  -54.87483 1152882224 195.544276    34.1703      78660         21  0.000e+00
     25.099    -1.6577   2.703810    -1.6572   2.704338    7.96500    -0.0104    13.8155 2.9222e+01  -61.58300  -54.87483 1152882224 195.544277    34.1696      78661         21  0.000e+00
