product_data/regression_test/downloaded_data/MDGS/320620060703/ctd/p6611301.cnv
* Sea-Bird SBE 9 Data File:
* FileName = D:\Data\Raw\p6611301.dat
* Software Version Seasave Win32 V 5.32
* Temperature SN = 1649
* Conductivity SN = 1431
* Number of Bytes Per Scan = 37
* Number of Voltage Words = 5
* Number of Scans Averaged by the Deck Unit = 1
* NMEA Latitude = 61 29.01 S
* NMEA Longitude = 054 52.49 W
* NMEA UTC (Time) = 07:30:33
** Ship:   Nathaniel B. Palmer 
** Cruise:    NBP0606 
# nquan = 15
# nvalues = 891                         
# units = specified
# name 0 = prDM: Pressure, Digiquartz [db]
# name 1 = t090C: Temperature [ITS-90, deg C]
# name 2 = c0S/m: Conductivity [S/m]
# name 3 = t190C: Temperature, 2 [ITS-90, deg C]
# name 4 = c1S/m: Conductivity, 2 [S/m]
# name 5 = sbeox0ML/L: Oxygen, SBE 43 [ml/l]
# name 6 = flECO-AFL: Fluorescence, Wetlab ECO-AFL/FL [mg/m^3]
# name 7 = bat: Beam Attenuation, Chelsea/Seatech/Wetlab CStar [1/m]
# name 8 = spar: SPAR/Surface Irradiance
# name 9 = latitude: Latitude [deg]
# name 10 = longitude: Longitude [deg]
# name 11 = timeY: Time, System [seconds]
# name 12 = timeJ: Julian Days
# name 13 = sal00: Salinity [PSU]
# name 14 = flag: flag
# span 0 =     13.000,    903.000       
# span 1 =    -1.6016,    -0.4421       
# span 2 =   2.707696,   2.852734       
# span 3 =    -1.6025,    -0.4413       
# span 4 =   2.708626,   2.853204       
# span 5 =    6.39479,    7.98870       
# span 6 =    -0.1255,     0.1437       
# span 7 =    13.8155,    13.8155       
# span 8 = 0.0000e+00, 0.0000e+00       
# span 9 =  -61.48350,  -61.48350       
# span 10 =  -54.87483,  -54.87483      
# span 11 = 1152862242, 1152863486      
# span 12 = 195.313014, 195.327404      
# span 13 =    34.1652,    34.5397      
# span 14 = 0.0000e+00, 0.0000e+00      
# interval = decibars: 1                
# start_time = Jul 14 2006 07:30:41
# bad_flag = -9.990e-29
*END*
[from data line 868]
    881.000    -0.6649   2.852171    -0.6647   2.852616    6.43482    -0.0983    13.8155 0.0000e+00  -61.48350  -54.87483 1152863443 195.326914    34.5385 0.0000e+00
    882.000    -0.6648   2.852216    -0.6647   2.852651    6.43571    -0.0936    13.8155 0.0000e+00  -61.48350  -54.87483 1152863446 195.326946    34.5385 0.0000e+00
    883.000    -0.6649   2.852257    -0.6647   2.852710    6.43509    -0.0925    13.8155 0.0000e+00  -61.48350  -54.87483 1152863447 195.326961    34.5385 0.0000e+00
    884.000    -0.6648   2.852324    -0.6646   2.852765    6.43332    -0.1099    13.8155 0.0000e+00  -61.48350  -54.87483 1152863448 195.326971    34.5387 0.0000e+00
    885.000    -0.6647   2.852374    -0.6646   2.852821    6.43113    -0.1070    13.8155 0.0000e+00  -61.48350  -54.87483 1152863449 195.326981    34.5386 0.0000e+00
    886.000    -0.6645   2.852423    -0.6645   2.852861    6.43200    -0.1026    13.8155 0.0000e+00  -61.48350  -54.87483 1152863450 195.326990    34.5385 0.0000e+00
    887.000    -0.6649   2.852456    -0.6646   2.852893    6.43118    -0.0955    13.8155 0.0000e+00  -61.48350  -54.87483 1152863451 195.327001    34.5388 0.0000e+00
    888.000    -0.6651   2.852483    -0.6649   2.852927    6.43176    -0.1000    13.8155 0.0000e+00  -61.48350  -54.87483 1152863452 195.327015    34.5389 0.0000e+00
    889.000    -0.6651   2.852532    -0.6650   2.852964    6.43338    -0.0987    13.8155 0.0000e+00  -61.48350  -54.87483 1152863454 195.327042    34.5389 0.0000e+00
    890.000    -0.6653   2.852570    -0.6655   2.852985    6.43699    -0.0983    13.8155 0.0000e+00  -61.48350  -54.87483 1152863458 195.327084    34.5390 0.0000e+00
    891.000    -0.6711   2.852164    -0.6708   2.852627    6.43790    -0.0989    13.8155 0.0000e+00  -61.48350  -54.87483 1152863459 195.327095    34.5397 0.0000e+00
    892.000    -0.6711   2.852202    -0.6709   2.852644    6.43830    -0.1097    13.8155 0.0000e+00  -61.48350  -54.87483 1152863459 195.327104    34.5396 0.0000e+00
    893.000    -0.6702   2.852326    -0.6697   2.852783    6.43677    -0.1027    13.8155 0.0000e+00  -61.48350  -54.87483 1152863460 195.327112    34.5395 0.0000e+00
    894.000    -0.6702   2.852345    -0.6701   2.852787    6.43592    -0.0992    13.8155 0.0000e+00  -61.48350  -54.87483 1152863462 195.327134    34.5394 0.0000e+00
    895.000    -0.6705   2.852376    -0.6698   2.852859    6.43479    -0.1087    13.8155 0.0000e+00  -61.48350  -54.87483 1152863467 195.327185    34.5394 0.0000e+00
    896.000    -0.6696   2.852491    -0.6694   2.852936    6.43447    -0.1051    13.8155 0.0000e+00  -61.48350  -54.87483 1152863469 195.327208    34.5394 0.0000e+00
    897.000    -0.6699   2.852520    -0.6696   2.852965    6.43578    -0.1058    13.8155 0.0000e+00  -61.48350  -54.87483 1152863472 195.327251    34.5395 0.0000e+00
    898.000    -0.6704   2.852521    -0.6700   2.852977    6.43580    -0.1009    13.8155 0.0000e+00  -61.48350  -54.87483 1152863473 195.327266    34.5395 0.0000e+00
    899.000    -0.6707   2.852544    -0.6706   2.852973    6.43520    -0.1030    13.8155 0.0000e+00  -61.48350  -54.87483 1152863475 195.327285    34.5395 0.0000e+00
    900.000    -0.6707   2.852593    -0.6705   2.853026    6.43210    -0.0973    13.8155 0.0000e+00  -61.48350  -54.87483 1152863481 195.327355    34.5396 0.0000e+00
    901.000    -0.6697   2.852707    -0.6696   2.853152    6.43154    -0.0976    13.8155 0.0000e+00  -61.48350  -54.87483 1152863483 195.327375    34.5394 0.0000e+00
    902.000    -0.6699   2.852734    -0.6693   2.853204    6.43015    -0.1071    13.8155 0.0000e+00  -61.48350  -54.87483 1152863484 195.327387    34.5394 0.0000e+00
    903.000    -0.6718   2.852606    -0.6695   2.853203    6.42938    -0.1255    13.8155 0.0000e+00  -61.48350  -54.87483 1152863486 195.327404    34.5393 0.0000e+00
