product_data/regression_test/downloaded_data/MDGS/320620060703/ctd/p6615403.ros
* Sea-Bird SBE 9 Data File:
* FileName = D:\Data\Raw\p6615403.dat
* Software Version Seasave Win32 V 5.32
* Temperature SN = 1649
* Conductivity SN = 1431
* Number of Bytes Per Scan = 37
* Number of Voltage Words = 5
* Number of Scans Averaged by the Deck Unit = 1
* NMEA Latitude = 60 47.74 S
* NMEA Longitude = 056 12.58 W
* NMEA UTC (Time) = 20:02:19
** Ship:   Nathaniel B. Palmer 
** Cruise:    NBP0606 
# nquan = 17
# nvalues = 192                     
# units = specified
# name 0 = prDM: Pressure, Digiquartz [db]
# name 1 = t090C: Temperature [ITS-90, deg C]
# name 2 = c0S/m: Conductivity [S/m]
# name 3 = t190C: Temperature, 2 [ITS-90, deg C]
# name 4 = c1S/m: Conductivity, 2 [S/m]
# name 5 = sbeox0ML/L: Oxygen, SBE 43 [ml/l]
# name 6 = flECO-AFL: Fluorescence, Wetlab ECO-AFL/FL [mg/m^3]
# name 7 = bat: Beam Attenuation, Chelsea/Seatech/Wetlab CStar [1/m]
# name 8 = spar: SPAR/Surface Irradiance
# name 9 = latitude: Latitude [deg]
# name 10 = longitude: Longitude [deg]
# name 11 = timeY: Time, System [seconds]
# name 12 = timeJ: Julian Days
# name 13 = sal00: Salinity [PSU]
# name 14 = scan: scan number
# name 15 = nbf: number of bottles fired
# name 16 = flag:  0.000e+00
# interval = seconds: 0.0416667                   
# start_time = Jul 18 2006 20:02:27
*END*
    199.554    -0.4265   2.827387    -0.4252   2.827838    6.88443    -0.0319    13.8155 0.0000e+00  -60.79567  -56.20967 1153253240 199.838447    34.3440       7077          1  0.000e+00
    199.697    -0.4262   2.827394    -0.4257   2.827844    6.88926    -0.0319    13.8155 0.0000e+00  -60.79567  -56.20967 1153253240 199.838448    34.3437       7078          1  0.000e+00
    199.525    -0.4266   2.827394    -0.4254   2.827826    6.87968    -0.0749    13.8155 0.0000e+00  -60.79567  -56.20967 1153253240 199.838448    34.3443       7079          1  0.000e+00
    199.554    -0.4268   2.827374    -0.4251   2.827826    6.87975    -0.0534    13.8155 0.0000e+00  -60.79567  -56.20967 1153253240 199.838449    34.3443       7080          1  0.000e+00
    199.525    -0.4268   2.827351    -0.4254   2.827856    6.87973    -0.0319    13.8155 0.0000e+00  -60.79567  -56.20967 1153253240 199.838449    34.3439       7081          1  0.000e+00
    199.554    -0.4273   2.827364    -0.4245   2.827856    6.87981    -0.0104    13.8155 0.0000e+00  -60.79567  -56.20967 1153253240 199.838450    34.3446       7082          1  0.000e+00
    199.554    -0.4270   2.827387    -0.4249   2.827873    6.87977     0.0112    13.8155 0.0000e+00  -60.79567  -56.20967 1153253240 199.838450    34.3447       7083          1  0.000e+00
    199.525    -0.4269   2.827394    -0.4246   2.827867    6.87972    -0.0426    13.8155 0.0000e+00  -60.79567  -56.20967 1153253240 199.838451    34.3447       7084          1  0.000e+00
    199.554    -0.4273   2.827394    -0.4247   2.827873    6.87979    -0.0426    13.8155 0.0000e+00  -60.79567  -56.20967 1153253240 199.838451    34.3450       7085          1  0.000e+00
    199.525    -0.4272   2.827344    -0.4252   2.827914    6.88453    -0.0319    13.8155 0.0000e+00  -60.79567  -56.20967 1153253240 199.838451    34.3443       7086          1  0.000e+00
    199.487    -0.4269   2.827377    -0.4243   2.827879    6.88918    -0.0319    13.8155 0.0000e+00  -60.79567  -56.20967 1153253240 199.838452    34.3445       7087          1  0.000e+00
    199.525    -0.4271   2.827394    -0.4247   2.827896    6.88448    -0.0534    13.8155 0.0000e+00  -60.79567  -56.20967 1153253240 199.838452    34.3448       7088          1  0.000e+00
    199.554    -0.4262   2.827394    -0.4249   2.827885    6.87965    -0.0211    13.8155 0.0000e+00  -60.79567  -56.20967 1153253240 199.838453    34.3439       7089          1  0.000e+00
    199.487    -0.4268   2.827394    -0.4249   2.827867    6.87967     0.0542    13.8155 0.0000e+00  -60.79567  -56.20967 1153253240 199.838453    34.3445       7090          1  0.000e+00
    199.525    -0.4266   2.827394    -0.4247   2.827896    6.87968     0.0327    13.8155 0.0000e+00  -60.79567  -56.20967 1153253241 199.838454    34.3443       7091          1  0.000e+00
    199.487    -0.4263   2.827357    -0.4247   2.827885    6.87962     0.0004    13.8155 0.0000e+00  -60.79567  -56.20967 1153253241 199.838454    34.3435       7092          1  0.000e+00
    199.525    -0.4272   2.827397    -0.4244   2.827879    6.88449    -0.0319    13.8155 0.0000e+00  -60.79567  -56.20967 1153253241 199.838455    34.3450       7093          1  0.000e+00
    199.487    -0.4269   2.827397    -0.4251   2.827826    6.88916    -0.0211    13.8155 0.0000e+00  -60.79567  -56.20967 1153253241 199.838455    34.3447       7094          1  0.000e+00
    199.487    -0.4269   2.827357    -0.4252   2.827821    6.88445     0.0327    13.8155 0.0000e+00  -60.79567  -56.20967 1153253241 199.838456    34.3442       7095          1  0.000e+00
    199.525    -0.4272   2.827347    -0.4254   2.827803    6.87978     0.0327    13.8155 0.0000e+00  -60.79567  -56.20967 1153253241 199.838456    34.3443       7096          1  0.000e+00
    199.487    -0.4277   2.827347    -0.4261   2.827786    6.87982    -0.0319    13.8155 0.0000e+00  -60.79567  -56.20967 1153253241 199.838457    34.3449       7097          1  0.000e+00
    199.525    -0.4276   2.827347    -0.4261   2.827791    6.87984    -0.0319    13.8155 0.0000e+00  -60.79567  -56.20967 1153253241 199.838457    34.3447       7098          1  0.000e+00
    199.554    -0.4268   2.827331    -0.4260   2.827756    6.87978    -0.0211    13.8155 0.0000e+00  -60.79567  -56.20967 1153253241 199.838458    34.3437       7099          1  0.000e+00
    199.487    -0.4265   2.827324    -0.4261   2.827756    6.88915    -0.0211    13.8155 0.0000e+00  -60.79567  -56.20967 1153253241 199.838458    34.3432       7100          1  0.000e+00
    199.458    -0.4268   2.827357    -0.4261   2.827768    6.88440    -0.0104    13.8155 0.0000e+00  -60.79567  -56.20967 1153253241 199.838459    34.3440       7101          1  0.000e+00
    199.554    -0.4267   2.827351    -0.4258   2.827774    6.87975    -0.0319    13.8155 0.0000e+00  -60.79567  -56.20967 1153253241 199.838459    34.3438       7102          1  0.000e+00
    199.525    -0.4268   2.827347    -0.4261   2.827780    6.87973    -0.1180    13.8155 0.0000e+00  -60.79567  -56.20967 1153253241 199.838460    34.3439       7103          1  0.000e+00
    199.487    -0.4269   2.827331    -0.4257   2.827838    6.87973    -0.0642    13.8155 0.0000e+00  -60.79567  -56.20967 1153253241 199.838460    34.3438       7104          1  0.000e+00
    199.554    -0.4266   2.827390    -0.4254   2.827856    6.87971    -0.0319    13.8155 0.0000e+00  -60.79567  -56.20967 1153253241 199.838461    34.3442       7105          1  0.000e+00
    199.458    -0.4264   2.827434    -0.4247   2.827861    6.88430    -0.0104    13.8155 0.0000e+00  -60.79567  -56.20967 1153253241 199.838461    34.3446       7106          1  0.000e+00
    199.554    -0.4263   2.827440    -0.4244   2.827896    6.88911     0.0004    13.8155 0.0000e+00  -60.79567  -56.20967 1153253241 199.838462    34.3446       7107          1  0.000e+00
    199.525    -0.4260   2.827454    -0.4249   2.827908    6.88429    -0.0319    13.8155 0.0000e+00  -60.79567  -56.20967 1153253241 199.838462    34.3444       7108          1  0.000e+00
    199.554    -0.4262   2.827444    -0.4251   2.827896    6.87962    -0.0211    13.8155 0.0000e+00  -60.79567  -56.20967 1153253241 199.838463    34.3445       7109          1  0.000e+00
    199.554    -0.4260   2.827454    -0.4252   2.827879    6.88906    -0.0749    13.8155 0.0000e+00  -60.79567  -56.20967 1153253241 199.838463    34.3444       7110          1  0.000e+00
    199.525    -0.4263   2.827460    -0.4252   2.827879    6.88433    -0.0426    13.8155 0.0000e+00  -60.79567  -56.20967 1153253241 199.838464    34.3448       7111          1  0.000e+00
    199.554    -0.4255   2.827477    -0.4246   2.827861    6.87950    -0.0749    13.8155 0.0000e+00  -60.79567  -56.20967 1153253241 199.838464    34.3441       7112          1  0.000e+00
    199.592    -0.4258   2.827500    -0.4246   2.827885    6.87957    -0.0749    13.8155 0.0000e+00  -60.79567  -56.20967 1153253241 199.838465    34.3448       7113          1  0.000e+00
    199.554    -0.4255   2.827470    -0.4249   2.827902    6.88899    -0.0642    13.8155 0.0000e+00  -60.79567  -56.20967 1153253242 199.838465    34.3441       7114          1  0.000e+00
    199.554    -0.4255   2.827493    -0.4251   2.827908    6.88422    -0.0534    13.8155 0.0000e+00  -60.79567  -56.20967 1153253242 199.838465    34.3443       7115          1  0.000e+00
    199.592    -0.4258   2.827487    -0.4247   2.827896    6.87958    -0.0426    13.8155 0.0000e+00  -60.79567  -56.20967 1153253242 199.838466    34.3446       7116          1  0.000e+00
    199.630    -0.4263   2.827484    -0.4252   2.827879    6.87968    -0.0534    13.8155 0.0000e+00  -60.79567  -56.20967 1153253242 199.838466    34.3451       7117          1  0.000e+00
    199.592    -0.4262   2.827517    -0.4254   2.827861    6.87961    -0.0211    13.8155 0.0000e+00  -60.79567  -56.20967 1153253242 199.838467    34.3455       7118          1  0.000e+00
    199.630    -0.4260   2.827477    -0.4253   2.827844    6.88438    -0.0211    13.8155 0.0000e+00  -60.79567  -56.20967 1153253242 199.838467    34.3446       7119          1  0.000e+00
    199.630    -0.4262   2.827460    -0.4251   2.827891    6.88915    -0.0749    13.8155 0.0000e+00  -60.79567  -56.20967 1153253242 199.838468    34.3446       7120          1  0.000e+00
    199.592    -0.4261   2.827440    -0.4252   2.827885    6.88438    -0.0964    13.8155 0.0000e+00  -60.79567  -56.20967 1153253242 199.838468    34.3443       7121          1  0.000e+00
    199.630    -0.4262   2.827420    -0.4254   2.827867    6.87970    -0.1395    13.8155 0.0000e+00  -60.79567  -56.20967 1153253242 199.838469    34.3441       7122          1  0.000e+00
    199.669    -0.4262   2.827417    -0.4254   2.827856    6.87974    -0.0749    13.8155 0.0000e+00  -60.79567  -56.20967 1153253242 199.838469    34.3440       7123          1  0.000e+00
    199.697    -0.4263   2.827430    -0.4254   2.827891    6.87978    -0.0211    13.8155 0.0000e+00  -60.79567  -56.20967 1153253242 199.838470    34.3443       7124          1  0.000e+00
    199.630    -0.4272   2.827387    -0.4252   2.827873    6.88460    -0.0319    13.8155 0.0000e+00  -60.79567  -56.20967 1153253242 199.838470    34.3448       7125          1  0.000e+00
    200.376    -0.4216   2.827962    -0.4204   2.828428    6.87945    -0.0426    13.8155 0.0000e+00  -60.79567  -56.20967 1153253245 199.838501    34.3458       7189          2  0.000e+00
    200.405    -0.4215   2.827992    -0.4199   2.828422    6.87943    -0.0104    13.8155 0.0000e+00  -60.79567  -56.20967 1153253245 199.838502    34.3460       7190          2  0.000e+00
    200.376    -0.4213   2.828005    -0.4198   2.828445    6.87937    -0.0319    13.8155 0.0000e+00  -60.79567  -56.20967 1153253245 199.838502    34.3460       7191          2  0.000e+00
    200.471    -0.4216   2.827956    -0.4200   2.828422    6.87954    -0.0749    13.8155 0.0000e+00  -60.79567  -56.20967 1153253245 199.838503    34.3456       7192          2  0.000e+00
    200.405    -0.4213   2.827952    -0.4197   2.828399    6.87944    -0.0319    13.8155 0.0000e+00  -60.79567  -56.20967 1153253245 199.838503    34.3453       7193          2  0.000e+00
    200.376    -0.4218   2.827975    -0.4201   2.828416    6.87945    -0.0426    13.8155 0.0000e+00  -60.79567  -56.20967 1153253245 199.838504    34.3461       7194          2  0.000e+00
    200.405    -0.4212   2.828015    -0.4198   2.828480    6.88886    -0.0534    13.8155 0.0000e+00  -60.79567  -56.20967 1153253245 199.838504    34.3460       7195          2  0.000e+00
    200.443    -0.4211   2.828029    -0.4195   2.828515    6.88414     0.0004    13.8155 0.0000e+00  -60.79567  -56.20967 1153253245 199.838505    34.3461       7196          2  0.000e+00
    200.405    -0.4209   2.828059    -0.4194   2.828475    6.87930     0.0004    13.8155 0.0000e+00  -60.79567  -56.20967 1153253245 199.838505    34.3462       7197          2  0.000e+00
    200.471    -0.4213   2.828039    -0.4196   2.828486    6.87944     0.0219    13.8155 0.0000e+00  -60.79567  -56.20967 1153253245 199.838505    34.3464       7198          2  0.000e+00
    200.376    -0.4210   2.828045    -0.4195   2.828498    6.87930     0.0327    13.8155 0.0000e+00  -60.79567  -56.20967 1153253245 199.838506    34.3462       7199          2  0.000e+00
    200.471    -0.4209   2.828082    -0.4198   2.828463    6.87935     0.0004    13.8155 0.0000e+00  -60.79567  -56.20967 1153253245 199.838506    34.3465       7200          2  0.000e+00
    200.443    -0.4212   2.828078    -0.4197   2.828422    6.87937    -0.0104    13.8155 0.0000e+00  -60.79567  -56.20967 1153253245 199.838507    34.3468       7201          2  0.000e+00
    200.405    -0.4208   2.828055    -0.4200   2.828451    6.87930    -0.0426    13.8155 0.0000e+00  -60.79567  -56.20967 1153253245 199.838507    34.3461       7202          2  0.000e+00
    200.471    -0.4207   2.828052    -0.4200   2.828434    6.87935    -0.0319    13.8155 0.0000e+00  -60.79567  -56.20967 1153253245 199.838508    34.3459       7203          2  0.000e+00
    200.376    -0.4213   2.828052    -0.4201   2.828457    6.87935    -0.0642    13.8155 0.0000e+00  -60.79567  -56.20967 1153253245 199.838508    34.3466       7204          2  0.000e+00
    200.471    -0.4207   2.828065    -0.4202   2.828428    6.87934    -0.0211    13.8155 0.0000e+00  -60.79567  -56.20967 1153253245 199.838509    34.3460       7205          2  0.000e+00
    200.405    -0.4213   2.828039    -0.4198   2.828422    6.87938     0.0004    13.8155 0.0000e+00  -60.79567  -56.20967 1153253245 199.838509    34.3464       7206          2  0.000e+00
    200.443    -0.4210   2.827992    -0.4201   2.828416    6.87941     0.0219    13.8155 0.0000e+00  -60.79567  -56.20967 1153253245 199.838510    34.3455       7207          2  0.000e+00
    200.405    -0.4221   2.827912    -0.4201   2.828416    6.87956     0.0112    13.8155 0.0000e+00  -60.79567  -56.20967 1153253245 199.838510    34.3456       7208          2  0.000e+00
    200.443    -0.4226   2.827872    -0.4204   2.828381    6.87970    -0.0319    13.8155 0.0000e+00  -60.79567  -56.20967 1153253245 199.838511    34.3456       7209          2  0.000e+00
    200.471    -0.4232   2.827886    -0.4208   2.828364    6.87980    -0.0104    13.8155 0.0000e+00  -60.79567  -56.20967 1153253245 199.838511    34.3465       7210          2  0.000e+00
    200.405    -0.4228   2.827872    -0.4214   2.828364    6.87970    -0.0319    13.8155 0.0000e+00  -60.79567  -56.20967 1153253246 199.838512    34.3459       7211          2  0.000e+00
    200.443    -0.4229   2.827849    -0.4216   2.828329    6.87975    -0.0319    13.8155 0.0000e+00  -60.79567  -56.20967 1153253246 199.838512    34.3457       7212          2  0.000e+00
    200.405    -0.4229   2.827862    -0.4217   2.828352    6.87971    -0.0857    13.8155 0.0000e+00  -60.79567  -56.20967 1153253246 199.838513    34.3459       7213          2  0.000e+00
    200.443    -0.4230   2.827886    -0.4214   2.828340    6.87974    -0.0749    13.8155 0.0000e+00  -60.79567  -56.20967 1153253246 199.838513    34.3462       7214          2  0.000e+00
    200.405    -0.4226   2.827872    -0.4218   2.828323    6.87966    -0.0749    13.8155 0.0000e+00  -60.79567  -56.20967 1153253246 199.838514    34.3456       7215          2  0.000e+00
    200.405    -0.4223   2.827886    -0.4217   2.828311    6.87961    -0.0642    13.8155 0.0000e+00  -60.79567  -56.20967 1153253246 199.838514    34.3455       7216          2  0.000e+00
    200.443    -0.4228   2.827856    -0.4212   2.828369    6.87974    -0.0426    13.8155 0.0000e+00  -60.79567  -56.20967 1153253246 199.838515    34.3457       7217          2  0.000e+00
    200.405    -0.4223   2.827879    -0.4209   2.828375    6.87961    -0.0426    13.8155 0.0000e+00  -60.79567  -56.20967 1153253246 199.838515    34.3454       7218          2  0.000e+00
    200.443    -0.4224   2.827892    -0.4211   2.828387    6.87966    -0.0211    13.8155 0.0000e+00  -60.79567  -56.20967 1153253246 199.838516    34.3457       7219          2  0.000e+00
    200.405    -0.4225   2.827892    -0.4207   2.828369    6.87964     0.0112    13.8155 0.0000e+00  -60.79567  -56.20967 1153253246 199.838516    34.3458       7220          2  0.000e+00
    200.405    -0.4224   2.827909    -0.4206   2.828369    6.87961    -0.0319    13.8155 0.0000e+00  -60.79567  -56.20967 1153253246 199.838517    34.3459       7221          2  0.000e+00
    200.376    -0.4226   2.827932    -0.4208   2.828340    6.87959    -0.0642    13.8155 0.0000e+00  -60.79567  -56.20967 1153253246 199.838517    34.3465       7222          2  0.000e+00
    200.405    -0.4218   2.827939    -0.4212   2.828334    6.88424    -0.0426    13.8155 0.0000e+00  -60.79567  -56.20967 1153253246 199.838518    34.3456       7223          2  0.000e+00
    200.376    -0.4221   2.827952    -0.4217   2.828323    6.88900    -0.0104    13.8155 0.0000e+00  -60.79567  -56.20967 1153253246 199.838518    34.3462       7224          2  0.000e+00
