product_data/regression_test/downloaded_data/MDGS/320620060703/ctd/p6612101.cnv
* Sea-Bird SBE 9 Data File:
* FileName = D:\Data\Raw\p6612101.dat
* Software Version Seasave Win32 V 5.32
* Temperature SN = 1649
* Conductivity SN = 1431
* Number of Bytes Per Scan = 37
* Number of Voltage Words = 5
* Number of Scans Averaged by the Deck Unit = 1
* NMEA Latitude = 61 11.19 S
* NMEA Longitude = 054 32.47 W
* NMEA UTC (Time) = 01:29:36
** Ship:   Nathaniel B. Palmer 
** Cruise:    NBP0606 
# nquan = 15
# nvalues = 599                         
# units = specified
# name 0 = prDM: Pressure, Digiquartz [db]
# name 1 = t090C: Temperature [ITS-90, deg C]
# name 2 = c0S/m: Conductivity [S/m]
# name 3 = t190C: Temperature, 2 [ITS-90, deg C]
# name 4 = c1S/m: Conductivity, 2 [S/m]
# name 5 = sbeox0ML/L: Oxygen, SBE 43 [ml/l]
# name 6 = flECO-AFL: Fluorescence, Wetlab ECO-AFL/FL [mg/m^3]
# name 7 = bat: Beam Attenuation, Chelsea/Seatech/Wetlab CStar [1/m]
# name 8 = spar: SPAR/Surface Irradiance
# name 9 = latitude: Latitude [deg]
# name 10 = longitude: Longitude [deg]
# name 11 = timeY: Time, System [seconds]
# name 12 = timeJ: Julian Days
# name 13 = sal00: Salinity [PSU]
# name 14 = flag: flag
# span 0 =      3.000,    601.000       
# span 1 =    -0.9350,    -0.0298       
# span 2 =   2.765272,   2.876498       
# span 3 =    -0.9352,    -0.0276       
# span 4 =   2.765998,   2.876901       
# span 5 =    6.25396,    7.68854       
# span 6 =    -0.0876,     0.2229       
# span 7 =    13.8155,    13.8155       
# span 8 = 0.0000e+00, 0.0000e+00       
# span 9 =  -61.18650,  -61.18650       
# span 10 =  -54.54117,  -54.54117      
# span 11 = 1152926985, 1152927969      
# span 12 = 196.062344, 196.073727      
# span 13 =    34.1993,    34.5183      
# span 14 = 0.0000e+00, 0.0000e+00      
# interval = decibars: 1                
# start_time = Jul 15 2006 01:29:44
# bad_flag = -9.990e-29
*END*
[from data line 97]
    100.000    -0.9245   2.770589    -0.9233   2.771124    7.67831     0.2088    13.8155 0.0000e+00  -61.18650  -54.54117 1152927205 196.064892    34.2026 0.0000e+00
    101.000    -0.9244   2.770649    -0.9230   2.771193    7.68088     0.2170    13.8155 0.0000e+00  -61.18650  -54.54117 1152927208 196.064929    34.2026 0.0000e+00
    102.000    -0.9229   2.770840    -0.9224   2.771287    7.68164     0.1990    13.8155 0.0000e+00  -61.18650  -54.54117 1152927211 196.064962    34.2028 0.0000e+00
    103.000    -0.9245   2.770726    -0.9228   2.771299    7.68513     0.1984    13.8155 0.0000e+00  -61.18650  -54.54117 1152927213 196.064979    34.2026 0.0000e+00
    104.000    -0.9261   2.770642    -0.9244   2.771202    7.68209     0.1964    13.8155 0.0000e+00  -61.18650  -54.54117 1152927214 196.064997    34.2026 0.0000e+00
    105.000    -0.9240   2.770870    -0.9230   2.771372    7.67576     0.1762    13.8155 0.0000e+00  -61.18650  -54.54117 1152927216 196.065017    34.2027 0.0000e+00
    106.000    -0.9241   2.770906    -0.9230   2.771412    7.66925     0.1817    13.8155 0.0000e+00  -61.18650  -54.54117 1152927218 196.065040    34.2027 0.0000e+00
    107.000    -0.9263   2.770745    -0.9257   2.771225    7.67284     0.1953    13.8155 0.0000e+00  -61.18650  -54.54117 1152927220 196.065071    34.2024 0.0000e+00
    108.000    -0.9302   2.770466    -0.9287   2.770999    7.67812     0.1894    13.8155 0.0000e+00  -61.18650  -54.54117 1152927223 196.065095    34.2025 0.0000e+00
    109.000    -0.9271   2.770803    -0.9232   2.771524    7.68198     0.1796    13.8155 0.0000e+00  -61.18650  -54.54117 1152927224 196.065108    34.2030 0.0000e+00
    110.000    -0.9211   2.771391    -0.9185   2.772006    7.68382     0.1732    13.8155 0.0000e+00  -61.18650  -54.54117 1152927225 196.065120    34.2033 0.0000e+00
    111.000    -0.9158   2.771918    -0.9130   2.772557    7.67978     0.1818    13.8155 0.0000e+00  -61.18650  -54.54117 1152927226 196.065133    34.2037 0.0000e+00
    112.000    -0.9083   2.772638    -0.9094   2.772936    7.67622     0.1976    13.8155 0.0000e+00  -61.18650  -54.54117 1152927227 196.065146    34.2040 0.0000e+00
    113.000    -0.9146   2.772085    -0.9146   2.772526    7.67470     0.1968    13.8155 0.0000e+00  -61.18650  -54.54117 1152927228 196.065162    34.2033 0.0000e+00
    114.000    -0.9238   2.771315    -0.9218   2.771908    7.67288     0.1840    13.8155 0.0000e+00  -61.18650  -54.54117 1152927230 196.065180    34.2030 0.0000e+00
    115.000    -0.9169   2.772001    -0.9144   2.772593    7.67029     0.1701    13.8155 0.0000e+00  -61.18650  -54.54117 1152927231 196.065197    34.2037 0.0000e+00
    116.000    -0.9059   2.773033    -0.9047   2.773527    7.67066     0.1599    13.8155 0.0000e+00  -61.18650  -54.54117 1152927233 196.065213    34.2043 0.0000e+00
    117.000    -0.9073   2.772952    -0.9072   2.773351    7.67130     0.1597    13.8155 0.0000e+00  -61.18650  -54.54117 1152927234 196.065229    34.2043 0.0000e+00
    118.000    -0.9078   2.772960    -0.9073   2.773400    7.67202     0.1483    13.8155 0.0000e+00  -61.18650  -54.54117 1152927235 196.065242    34.2043 0.0000e+00
    119.000    -0.9073   2.773057    -0.9058   2.773586    7.67251     0.1388    13.8155 0.0000e+00  -61.18650  -54.54117 1152927236 196.065253    34.2045 0.0000e+00
    120.000    -0.9104   2.772805    -0.9102   2.773238    7.67335     0.1598    13.8155 0.0000e+00  -61.18650  -54.54117 1152927237 196.065264    34.2042 0.0000e+00
    121.000    -0.9078   2.773109    -0.9066   2.773586    7.67359     0.1626    13.8155 0.0000e+00  -61.18650  -54.54117 1152927238 196.065275    34.2046 0.0000e+00
    122.000    -0.9066   2.773238    -0.9053   2.773747    7.66757     0.1527    13.8155 0.0000e+00  -61.18650  -54.54117 1152927240 196.065293    34.2043 0.0000e+00
    123.000    -0.9068   2.773263    -0.9057   2.773758    7.66943     0.1516    13.8155 0.0000e+00  -61.18650  -54.54117 1152927242 196.065317    34.2044 0.0000e+00
    124.000    -0.9103   2.772999    -0.9094   2.773468    7.67409     0.1478    13.8155 0.0000e+00  -61.18650  -54.54117 1152927243 196.065335    34.2042 0.0000e+00
    125.000    -0.9045   2.773593    -0.9019   2.774180    7.67628     0.1372    13.8155 0.0000e+00  -61.18650  -54.54117 1152927244 196.065346    34.2052 0.0000e+00
    126.000    -0.9053   2.773545    -0.9019   2.774250    7.67490     0.1429    13.8155 0.0000e+00  -61.18650  -54.54117 1152927245 196.065356    34.2046 0.0000e+00
    127.000    -0.9093   2.773236    -0.9074   2.773799    7.67581     0.1348    13.8155 0.0000e+00  -61.18650  -54.54117 1152927246 196.065365    34.2045 0.0000e+00
    128.000    -0.9085   2.773344    -0.9072   2.773843    7.67414     0.1387    13.8155 0.0000e+00  -61.18650  -54.54117 1152927247 196.065374    34.2044 0.0000e+00
    129.000    -0.9048   2.773748    -0.9022   2.774348    7.67216     0.1483    13.8155 0.0000e+00  -61.18650  -54.54117 1152927248 196.065387    34.2050 0.0000e+00
    130.000    -0.9013   2.774076    -0.8997   2.774640    7.67219     0.1439    13.8155 0.0000e+00  -61.18650  -54.54117 1152927249 196.065405    34.2047 0.0000e+00
    131.000    -0.9077   2.773556    -0.9089   2.773850    7.67508     0.1240    13.8155 0.0000e+00  -61.18650  -54.54117 1152927251 196.065423    34.2046 0.0000e+00
    132.000    -0.9105   2.773341    -0.9086   2.773895    7.68031     0.1354    13.8155 0.0000e+00  -61.18650  -54.54117 1152927253 196.065447    34.2043 0.0000e+00
    133.000    -0.9101   2.773462    -0.9062   2.774159    7.68463     0.1121    13.8155 0.0000e+00  -61.18650  -54.54117 1152927255 196.065465    34.2050 0.0000e+00
    134.000    -0.9052   2.773898    -0.9055   2.774290    7.68051     0.1042    13.8155 0.0000e+00  -61.18650  -54.54117 1152927255 196.065476    34.2043 0.0000e+00
    135.000    -0.9072   2.773786    -0.9060   2.774293    7.67941     0.0995    13.8155 0.0000e+00  -61.18650  -54.54117 1152927256 196.065484    34.2046 0.0000e+00
    136.000    -0.9054   2.774003    -0.9036   2.774562    7.67742     0.1168    13.8155 0.0000e+00  -61.18650  -54.54117 1152927257 196.065492    34.2049 0.0000e+00
    137.000    -0.9037   2.774195    -0.9015   2.774781    7.67289     0.1088    13.8155 0.0000e+00  -61.18650  -54.54117 1152927258 196.065501    34.2048 0.0000e+00
    138.000    -0.9074   2.773888    -0.9084   2.774237    7.66644     0.1399    13.8155 0.0000e+00  -61.18650  -54.54117 1152927259 196.065512    34.2043 0.0000e+00
    139.000    -0.9126   2.773464    -0.9130   2.773834    7.66392     0.1342    13.8155 0.0000e+00  -61.18650  -54.54117 1152927260 196.065534    34.2040 0.0000e+00
    140.000    -0.8944   2.775223    -0.9021   2.774847    7.66463     0.1283    13.8155 0.0000e+00  -61.18650  -54.54117 1152927262 196.065555    34.2065 0.0000e+00
    141.000    -0.8705   2.777410    -0.8673   2.777985    7.65742     0.1513    13.8155 0.0000e+00  -61.18650  -54.54117 1152927264 196.065569    34.2075 0.0000e+00
    142.000    -0.8527   2.779123    -0.8442   2.780183    7.64848     0.1386    13.8155 0.0000e+00  -61.18650  -54.54117 1152927265 196.065583    34.2097 0.0000e+00
    143.000    -0.8479   2.779532    -0.8490   2.779895    7.64625     0.1571    13.8155 0.0000e+00  -61.18650  -54.54117 1152927266 196.065597    34.2087 0.0000e+00
    144.000    -0.8677   2.777812    -0.8630   2.778635    7.64135     0.1661    13.8155 0.0000e+00  -61.18650  -54.54117 1152927267 196.065611    34.2082 0.0000e+00
    145.000    -0.8437   2.780107    -0.8404   2.780650    7.63464     0.1681    13.8155 0.0000e+00  -61.18650  -54.54117 1152927268 196.065624    34.2114 0.0000e+00
    146.000    -0.8338   2.780972    -0.8339   2.781321    7.62816     0.1477    13.8155 0.0000e+00  -61.18650  -54.54117 1152927269 196.065637    34.2107 0.0000e+00
    147.000    -0.8328   2.781118    -0.8314   2.781581    7.62732     0.1308    13.8155 0.0000e+00  -61.18650  -54.54117 1152927271 196.065652    34.2112 0.0000e+00
    148.000    -0.8306   2.781362    -0.8291   2.781866    7.62625     0.1125    13.8155 0.0000e+00  -61.18650  -54.54117 1152927272 196.065666    34.2116 0.0000e+00
    149.000    -0.8319   2.781266    -0.8311   2.781725    7.62202     0.1002    13.8155 0.0000e+00  -61.18650  -54.54117 1152927273 196.065679    34.2112 0.0000e+00
    150.000    -0.8309   2.781408    -0.8306   2.781801    7.61557     0.0887    13.8155 0.0000e+00  -61.18650  -54.54117 1152927274 196.065691    34.2115 0.0000e+00
    151.000    -0.8300   2.781536    -0.8285   2.782040    7.61714     0.0876    13.8155 0.0000e+00  -61.18650  -54.54117 1152927275 196.065707    34.2117 0.0000e+00
    152.000    -0.8306   2.781520    -0.8294   2.782019    7.61701     0.0851    13.8155 0.0000e+00  -61.18650  -54.54117 1152927277 196.065723    34.2116 0.0000e+00
    153.000    -0.8268   2.781915    -0.8264   2.782312    7.61668     0.0771    13.8155 0.0000e+00  -61.18650  -54.54117 1152927278 196.065736    34.2124 0.0000e+00
    154.000    -0.8211   2.782489    -0.8198   2.782959    7.61693     0.0788    13.8155 0.0000e+00  -61.18650  -54.54117 1152927279 196.065748    34.2126 0.0000e+00
    155.000    -0.8227   2.782379    -0.8218   2.782823    7.61502     0.0690    13.8155 0.0000e+00  -61.18650  -54.54117 1152927280 196.065764    34.2125 0.0000e+00
    156.000    -0.8221   2.782458    -0.8218   2.782857    7.61632     0.0492    13.8155 0.0000e+00  -61.18650  -54.54117 1152927282 196.065785    34.2124 0.0000e+00
    157.000    -0.8240   2.782333    -0.8235   2.782756    7.61403     0.0371    13.8155 0.0000e+00  -61.18650  -54.54117 1152927284 196.065803    34.2124 0.0000e+00
    158.000    -0.8250   2.782286    -0.8240   2.782762    7.60962     0.0378    13.8155 0.0000e+00  -61.18650  -54.54117 1152927285 196.065815    34.2123 0.0000e+00
    159.000    -0.8246   2.782379    -0.8236   2.782829    7.60913     0.0176    13.8155 0.0000e+00  -61.18650  -54.54117 1152927286 196.065825    34.2125 0.0000e+00
    160.000    -0.8241   2.782464    -0.8231   2.782921    7.60959     0.0446    13.8155 0.0000e+00  -61.18650  -54.54117 1152927287 196.065836    34.2125 0.0000e+00
    161.000    -0.8235   2.782566    -0.8217   2.783091    7.61092     0.0439    13.8155 0.0000e+00  -61.18650  -54.54117 1152927288 196.065849    34.2125 0.0000e+00
    162.000    -0.8190   2.783027    -0.8179   2.783477    7.61141     0.0337    13.8155 0.0000e+00  -61.18650  -54.54117 1152927289 196.065865    34.2131 0.0000e+00
    163.000    -0.8161   2.783337    -0.8166   2.783656    7.61068     0.0427    13.8155 0.0000e+00  -61.18650  -54.54117 1152927290 196.065880    34.2133 0.0000e+00
    164.000    -0.8145   2.783525    -0.8135   2.783981    7.60725     0.0110    13.8155 0.0000e+00  -61.18650  -54.54117 1152927291 196.065892    34.2134 0.0000e+00
    165.000    -0.8149   2.783551    -0.8146   2.783929    7.60356     0.0240    13.8155 0.0000e+00  -61.18650  -54.54117 1152927293 196.065906    34.2136 0.0000e+00
    166.000    -0.8142   2.783640    -0.8136   2.784058    7.60469     0.0201    13.8155 0.0000e+00  -61.18650  -54.54117 1152927295 196.065928    34.2134 0.0000e+00
    167.000    -0.8148   2.783646    -0.8131   2.784153    7.59792     0.0164    13.8155 0.0000e+00  -61.18650  -54.54117 1152927296 196.065948    34.2137 0.0000e+00
    168.000    -0.8088   2.784267    -0.8075   2.784734    7.59182     0.0030    13.8155 0.0000e+00  -61.18650  -54.54117 1152927297 196.065961    34.2145 0.0000e+00
    169.000    -0.8081   2.784360    -0.8068   2.784852    7.59259     0.0151    13.8155 0.0000e+00  -61.18650  -54.54117 1152927298 196.065971    34.2144 0.0000e+00
    170.000    -0.8097   2.784247    -0.8088   2.784725    7.58837     0.0070    13.8155 0.0000e+00  -61.18650  -54.54117 1152927299 196.065981    34.2141 0.0000e+00
    171.000    -0.8010   2.785168    -0.8030   2.785300    7.58227     0.0225    13.8155 0.0000e+00  -61.18650  -54.54117 1152927300 196.065993    34.2161 0.0000e+00
    172.000    -0.7713   2.788085    -0.7691   2.788512    7.57468     0.0223    13.8155 0.0000e+00  -61.18650  -54.54117 1152927301 196.066006    34.2205 0.0000e+00
    173.000    -0.7642   2.788751    -0.7614   2.789319    7.56498     0.0141    13.8155 0.0000e+00  -61.18650  -54.54117 1152927303 196.066023    34.2209 0.0000e+00
    174.000    -0.7601   2.789207    -0.7578   2.789763    7.55149     0.0091    13.8155 0.0000e+00  -61.18650  -54.54117 1152927305 196.066043    34.2217 0.0000e+00
    175.000    -0.7574   2.789528    -0.7562   2.789982    7.54601     0.0058    13.8155 0.0000e+00  -61.18650  -54.54117 1152927306 196.066059    34.2225 0.0000e+00
    176.000    -0.7566   2.789639    -0.7556   2.790093    7.54073     0.0241    13.8155 0.0000e+00  -61.18650  -54.54117 1152927307 196.066071    34.2225 0.0000e+00
    177.000    -0.7564   2.789712    -0.7558   2.790178    7.53688     0.0242    13.8155 0.0000e+00  -61.18650  -54.54117 1152927308 196.066082    34.2229 0.0000e+00
    178.000    -0.7549   2.789913    -0.7535   2.790373    7.53376     0.0068    13.8155 0.0000e+00  -61.18650  -54.54117 1152927309 196.066094    34.2233 0.0000e+00
    179.000    -0.7550   2.789942    -0.7541   2.790360    7.53123     0.0132    13.8155 0.0000e+00  -61.18650  -54.54117 1152927310 196.066110    34.2232 0.0000e+00
    180.000    -0.7535   2.790141    -0.7522   2.790596    7.52784     0.0136    13.8155 0.0000e+00  -61.18650  -54.54117 1152927312 196.066133    34.2238 0.0000e+00
    181.000    -0.7521   2.790328    -0.7511   2.790779    7.52661     0.0010    13.8155 0.0000e+00  -61.18650  -54.54117 1152927314 196.066149    34.2242 0.0000e+00
    182.000    -0.7523   2.790341    -0.7511   2.790790    7.52628     0.0187    13.8155 0.0000e+00  -61.18650  -54.54117 1152927315 196.066160    34.2241 0.0000e+00
    183.000    -0.7497   2.790653    -0.7486   2.791099    7.52011    -0.0068    13.8155 0.0000e+00  -61.18650  -54.54117 1152927316 196.066171    34.2246 0.0000e+00
    184.000    -0.7435   2.791351    -0.7414   2.791827    7.50443     0.0210    13.8155 0.0000e+00  -61.18650  -54.54117 1152927316 196.066182    34.2265 0.0000e+00
    185.000    -0.7299   2.792726    -0.7276   2.793240    7.49457     0.0150    13.8155 0.0000e+00  -61.18650  -54.54117 1152927318 196.066195    34.2286 0.0000e+00
    186.000    -0.7219   2.793561    -0.7219   2.793871    7.48426     0.0016    13.8155 0.0000e+00  -61.18650  -54.54117 1152927319 196.066210    34.2303 0.0000e+00
    187.000    -0.6887   2.796876    -0.6851   2.797404    7.45253     0.0182    13.8155 0.0000e+00  -61.18650  -54.54117 1152927320 196.066225    34.2363 0.0000e+00
    188.000    -0.5885   2.806566    -0.5931   2.806228    7.41057     0.0043    13.8155 0.0000e+00  -61.18650  -54.54117 1152927322 196.066246    34.2503 0.0000e+00
    189.000    -0.5847   2.806909    -0.5859   2.807051    7.36745    -0.0035    13.8155 0.0000e+00  -61.18650  -54.54117 1152927324 196.066265    34.2505 0.0000e+00
    190.000    -0.5801   2.807425    -0.5761   2.808055    7.35173     0.0007    13.8155 0.0000e+00  -61.18650  -54.54117 1152927325 196.066276    34.2520 0.0000e+00
    191.000    -0.5963   2.805807    -0.6014   2.805724    7.34486     0.0128    13.8155 0.0000e+00  -61.18650  -54.54117 1152927326 196.066287    34.2483 0.0000e+00
    192.000    -0.6036   2.805168    -0.5982   2.806052    7.33798    -0.0048    13.8155 0.0000e+00  -61.18650  -54.54117 1152927326 196.066296    34.2478 0.0000e+00
    193.000    -0.5857   2.807041    -0.5894   2.806917    7.31218     0.0205    13.8155 0.0000e+00  -61.18650  -54.54117 1152927328 196.066311    34.2529 0.0000e+00
    194.000    -0.5167   2.813771    -0.5065   2.814971    7.26898     0.0027    13.8155 0.0000e+00  -61.18650  -54.54117 1152927330 196.066336    34.2629 0.0000e+00
