product_data/regression_test/downloaded_data/MDGS/320620060703/ctd/p6617612.ros
* Sea-Bird SBE 9 Data File:
* FileName = D:\Data\Raw\p6617612.dat
* Software Version Seasave Win32 V 5.32
* Temperature SN = 1649
* Conductivity SN = 1431
* Number of Bytes Per Scan = 37
* Number of Voltage Words = 5
* Number of Scans Averaged by the Deck Unit = 1
* NMEA Latitude = 60 37.00 S
* NMEA Longitude = 054 43.23 W
* NMEA UTC (Time) = 15:44:17
** Ship:   Nathaniel B. Palmer 
** Cruise:    NBP0606 
# nquan = 17
# nvalues = 1176                    
# units = specified
# name 0 = prDM: Pressure, Digiquartz [db]
# name 1 = t090C: Temperature [ITS-90, deg C]
# name 2 = c0S/m: Conductivity [S/m]
# name 3 = t190C: Temperature, 2 [ITS-90, deg C]
# name 4 = c1S/m: Conductivity, 2 [S/m]
# name 5 = sbeox0ML/L: Oxygen, SBE 43 [ml/l]
# name 6 = flECO-AFL: Fluorescence, Wetlab ECO-AFL/FL [mg/m^3]
# name 7 = bat: Beam Attenuation, Chelsea/Seatech/Wetlab CStar [1/m]
# name 8 = spar: SPAR/Surface Irradiance
# name 9 = latitude: Latitude [deg]
# name 10 = longitude: Longitude [deg]
# name 11 = timeY: Time, System [seconds]
# name 12 = timeJ: Julian Days
# name 13 = sal00: Salinity [PSU]
# name 14 = scan: scan number
# name 15 = nbf: number of bottles fired
# name 16 = flag:  0.000e+00
# interval = seconds: 0.0416667                   
# start_time = Jul 21 2006 15:44:25
*END*
[from data line 256]
    396.569     0.3408   2.915934     0.3441   2.916474    5.81070    -0.0964    13.8155 6.2341e+01  -60.61667  -54.72050 1153497409 202.664473    34.5366      17892          6  0.000e+00
    396.636     0.3408   2.915927     0.3436   2.916462    5.81076    -0.0857    13.8155 6.2341e+01  -60.61667  -54.72050 1153497409 202.664473    34.5365      17893          6  0.000e+00
    396.569     0.3409   2.915904     0.3435   2.916438    5.81071    -0.0749    13.8155 6.2341e+01  -60.61667  -54.72050 1153497409 202.664474    34.5361      17894          6  0.000e+00
    396.569     0.3400   2.915880     0.3438   2.916468    5.81082    -0.1180    13.8155 6.0393e+01  -60.61667  -54.72050 1153497409 202.664474    34.5368      17895          6  0.000e+00
    396.636     0.3400   2.915894     0.3435   2.916468    5.80610    -0.1502    13.8155 6.2341e+01  -60.61667  -54.72050 1153497409 202.664475    34.5369      17896          6  0.000e+00
    396.569     0.3402   2.915917     0.3426   2.916444    5.81079    -0.1180    13.8155 6.2341e+01  -60.61667  -54.72050 1153497409 202.664475    34.5372      17897          6  0.000e+00
    396.569     0.3400   2.915958     0.3426   2.916456    5.81078    -0.0426    13.8155 6.2341e+01  -60.61667  -54.72050 1153497409 202.664476    34.5378      17898          6  0.000e+00
    396.636     0.3405   2.915934     0.3418   2.916415    5.80602    -0.0642    13.8155 6.0393e+01  -60.61667  -54.72050 1153497409 202.664476    34.5369      17899          6  0.000e+00
    396.569     0.3405   2.915941     0.3422   2.916403    5.81074    -0.0534    13.8155 6.0393e+01  -60.61667  -54.72050 1153497409 202.664477    34.5371      17900          6  0.000e+00
    396.636     0.3403   2.915947     0.3421   2.916415    5.81081    -0.0534    13.8155 6.0393e+01  -60.61667  -54.72050 1153497409 202.664477    34.5373      17901          6  0.000e+00
    396.569     0.3411   2.915947     0.3426   2.916403    5.81066    -0.0642    13.8155 6.0393e+01  -60.61667  -54.72050 1153497409 202.664478    34.5365      17902          6  0.000e+00
    396.540     0.3413   2.915998     0.3423   2.916385    5.81059    -0.0534    13.8155 6.2341e+01  -60.61667  -54.72050 1153497409 202.664478    34.5370      17903          6  0.000e+00
    396.636     0.3416   2.916015     0.3420   2.916379    5.81063    -0.0426    13.8155 6.0393e+01  -60.61667  -54.72050 1153497409 202.664479    34.5368      17904          6  0.000e+00
    396.569     0.3425   2.916085     0.3426   2.916427    5.81042    -0.0534    13.8155 6.0393e+01  -60.61667  -54.72050 1153497409 202.664479    34.5367      17905          6  0.000e+00
    396.569     0.3427   2.916109     0.3423   2.916391    5.81039    -0.0642    13.8155 6.0393e+01  -60.61667  -54.72050 1153497409 202.664480    34.5368      17906          6  0.000e+00
    396.569     0.3430   2.916160     0.3426   2.916379    5.81033    -0.0642    13.8155 6.0393e+01  -60.61667  -54.72050 1153497409 202.664480    34.5372      17907          6  0.000e+00
    396.569     0.3430   2.916143     0.3429   2.916415    5.81034    -0.0857    13.8155 6.0393e+01  -60.61667  -54.72050 1153497409 202.664481    34.5370      17908          6  0.000e+00
    396.569     0.3425   2.916133     0.3432   2.916432    5.81040    -0.1180    13.8155 6.2341e+01  -60.61667  -54.72050 1153497409 202.664481    34.5373      17909          6  0.000e+00
    396.569     0.3430   2.916112     0.3424   2.916438    5.81035    -0.1287    13.8155 6.0393e+01  -60.61667  -54.72050 1153497409 202.664482    34.5365      17910          6  0.000e+00
    396.569     0.3431   2.916143     0.3429   2.916409    5.81032    -0.1502    13.8155 6.0393e+01  -60.61667  -54.72050 1153497409 202.664482    34.5368      17911          6  0.000e+00
    396.569     0.3428   2.916173     0.3424   2.916403    5.81034    -0.1502    13.8155 6.0393e+01  -60.61667  -54.72050 1153497409 202.664483    34.5375      17912          6  0.000e+00
    396.492     0.3442   2.916180     0.3423   2.916403    5.81011    -0.1395    13.8155 6.0393e+01  -60.61667  -54.72050 1153497409 202.664483    34.5361      17913          6  0.000e+00
    396.569     0.3436   2.916160     0.3424   2.916368    5.81026    -0.1180    13.8155 6.0393e+01  -60.61667  -54.72050 1153497409 202.664484    34.5365      17914          6  0.000e+00
    396.569     0.3442   2.916085     0.3421   2.916350    5.81022    -0.1180    13.8155 6.0393e+01  -60.61667  -54.72050 1153497409 202.664484    34.5348      17915          6  0.000e+00
    396.464     0.3432   2.916045     0.3421   2.916350    5.81028    -0.0857    13.8155 6.0393e+01  -60.61667  -54.72050 1153497410 202.664484    34.5355      17916          6  0.000e+00
    396.569     0.3430   2.916059     0.3417   2.916326    5.81038    -0.0857    13.8155 6.0393e+01  -60.61667  -54.72050 1153497410 202.664485    34.5358      17917          6  0.000e+00
    396.569     0.3428   2.916065     0.3416   2.916309    5.80563    -0.1180    13.8155 6.0393e+01  -60.61667  -54.72050 1153497410 202.664485    34.5361      17918          6  0.000e+00
    396.492     0.3427   2.916028     0.3416   2.916297    5.81037    -0.0749    13.8155 6.0393e+01  -60.61667  -54.72050 1153497410 202.664486    34.5358      17919          6  0.000e+00
    396.492     0.3422   2.916048     0.3414   2.916273    5.81042    -0.0857    13.8155 6.0393e+01  -60.61667  -54.72050 1153497410 202.664486    34.5366      17920          6  0.000e+00
    396.492     0.3419   2.915974     0.3409   2.916267    5.81049    -0.1072    13.8155 6.0393e+01  -60.61667  -54.72050 1153497410 202.664487    34.5360      17921          6  0.000e+00
    396.492     0.3413   2.915947     0.3405   2.916244    5.81058    -0.0642    13.8155 6.2341e+01  -60.61667  -54.72050 1153497410 202.664487    34.5364      17922          6  0.000e+00
    396.492     0.3410   2.915910     0.3399   2.916202    5.81064    -0.0964    13.8155 6.0393e+01  -60.61667  -54.72050 1153497410 202.664488    34.5362      17923          6  0.000e+00
    396.492     0.3405   2.915900     0.3400   2.916208    5.81070    -0.1180    13.8155 6.0393e+01  -60.61667  -54.72050 1153497410 202.664488    34.5366      17924          6  0.000e+00
    396.492     0.3403   2.915900     0.3407   2.916232    5.81072    -0.1180    13.8155 6.0393e+01  -60.61667  -54.72050 1153497410 202.664489    34.5368      17925          6  0.000e+00
    396.425     0.3404   2.915880     0.3405   2.916220    5.80590    -0.1072    13.8155 6.0393e+01  -60.61667  -54.72050 1153497410 202.664489    34.5365      17926          6  0.000e+00
    396.492     0.3404   2.915856     0.3407   2.916196    5.81074    -0.1502    13.8155 6.0393e+01  -60.61667  -54.72050 1153497410 202.664490    34.5362      17927          6  0.000e+00
    396.425     0.3402   2.915853     0.3412   2.916226    5.80593    -0.1395    13.8155 6.0393e+01  -60.61667  -54.72050 1153497410 202.664490    34.5364      17928          6  0.000e+00
    396.464     0.3403   2.915853     0.3405   2.916196    5.80595    -0.0749    13.8155 6.0393e+01  -60.61667  -54.72050 1153497410 202.664491    34.5362      17929          6  0.000e+00
    395.717     0.3379   2.915597     0.3375   2.915883    5.80577    -0.1180    13.8155 6.0393e+01  -60.61667  -54.72050 1153497417 202.664565    34.5360      18084          7  0.000e+00
    395.717     0.3374   2.915580     0.3376   2.915848    5.80583    -0.0857    13.8155 6.0393e+01  -60.61667  -54.72050 1153497417 202.664566    34.5363      18085          7  0.000e+00
    395.573     0.3375   2.915590     0.3376   2.915871    5.80570    -0.0749    13.8155 6.0393e+01  -60.61667  -54.72050 1153497417 202.664566    34.5364      18086          7  0.000e+00
    395.717     0.3376   2.915563     0.3378   2.915883    5.80582    -0.0534    13.8155 6.0393e+01  -60.61667  -54.72050 1153497417 202.664567    34.5359      18087          7  0.000e+00
    395.650     0.3376   2.915553     0.3376   2.915860    5.80578    -0.0426    13.8155 6.0393e+01  -60.61667  -54.72050 1153497417 202.664567    34.5359      18088          7  0.000e+00
    395.650     0.3376   2.915570     0.3373   2.915818    5.80577    -0.0426    13.8155 6.0393e+01  -60.61667  -54.72050 1153497417 202.664568    34.5361      18089          7  0.000e+00
    395.650     0.3374   2.915577     0.3373   2.915801    5.80579    -0.0857    13.8155 6.0393e+01  -60.61667  -54.72050 1153497417 202.664568    34.5364      18090          7  0.000e+00
    395.650     0.3376   2.915557     0.3369   2.915801    5.80577    -0.0857    13.8155 6.0393e+01  -60.61667  -54.72050 1153497417 202.664569    34.5359      18091          7  0.000e+00
    395.621     0.3379   2.915583     0.3373   2.915818    5.80570    -0.0426    13.8155 6.2341e+01  -60.61667  -54.72050 1153497417 202.664569    34.5359      18092          7  0.000e+00
    395.650     0.3375   2.915563     0.3381   2.915836    5.80578    -0.0642    13.8155 6.2341e+01  -60.61667  -54.72050 1153497417 202.664570    34.5360      18093          7  0.000e+00
    395.650     0.3372   2.915567     0.3375   2.915807    5.80580    -0.0642    13.8155 6.2341e+01  -60.61667  -54.72050 1153497417 202.664570    34.5364      18094          7  0.000e+00
    395.650     0.3372   2.915590     0.3369   2.915836    5.80102    -0.0749    13.8155 6.2341e+01  -60.61667  -54.72050 1153497417 202.664571    34.5367      18095          7  0.000e+00
    395.650     0.3378   2.915580     0.3372   2.915836    5.80573    -0.1180    13.8155 6.2341e+01  -60.61667  -54.72050 1153497417 202.664571    34.5359      18096          7  0.000e+00
    395.650     0.3372   2.915577     0.3375   2.915812    5.80580    -0.1287    13.8155 6.2341e+01  -60.61667  -54.72050 1153497417 202.664572    34.5365      18097          7  0.000e+00
    395.650     0.3376   2.915540     0.3372   2.915824    5.80578    -0.1072    13.8155 6.2341e+01  -60.61667  -54.72050 1153497417 202.664572    34.5357      18098          7  0.000e+00
    395.650     0.3374   2.915580     0.3379   2.915789    5.80578    -0.1072    13.8155 6.0393e+01  -60.61667  -54.72050 1153497417 202.664573    34.5364      18099          7  0.000e+00
    395.650     0.3372   2.915546     0.3375   2.915777    5.80582    -0.0642    13.8155 6.0393e+01  -60.61667  -54.72050 1153497417 202.664573    34.5361      18100          7  0.000e+00
    395.573     0.3366   2.915530     0.3375   2.915759    5.80584    -0.0642    13.8155 6.0393e+01  -60.61667  -54.72050 1153497417 202.664574    34.5366      18101          7  0.000e+00
    395.650     0.3367   2.915546     0.3378   2.915789    5.80588     0.0004    13.8155 6.0393e+01  -60.61667  -54.72050 1153497417 202.664574    34.5367      18102          7  0.000e+00
    395.544     0.3371   2.915553     0.3384   2.915783    5.80574    -0.0211    13.8155 6.0393e+01  -60.61667  -54.72050 1153497417 202.664575    34.5364      18103          7  0.000e+00
    395.784     0.3366   2.915553     0.3373   2.915812    5.80599    -0.1072    13.8155 6.0393e+01  -60.61667  -54.72050 1153497417 202.664575    34.5368      18104          7  0.000e+00
    395.650     0.3369   2.915550     0.3379   2.915812    5.80586    -0.0964    13.8155 6.0393e+01  -60.61667  -54.72050 1153497417 202.664576    34.5366      18105          7  0.000e+00
    395.650     0.3372   2.915533     0.3379   2.915824    5.80582    -0.0642    13.8155 6.0393e+01  -60.61667  -54.72050 1153497417 202.664576    34.5359      18106          7  0.000e+00
    395.650     0.3371   2.915546     0.3375   2.915848    5.80583    -0.0642    13.8155 6.0393e+01  -60.61667  -54.72050 1153497418 202.664577    34.5363      18107          7  0.000e+00
    395.650     0.3376   2.915553     0.3376   2.915871    5.80578    -0.0964    13.8155 6.0393e+01  -60.61667  -54.72050 1153497418 202.664577    34.5359      18108          7  0.000e+00
    395.650     0.3377   2.915570     0.3373   2.915848    5.80575    -0.0642    13.8155 6.0393e+01  -60.61667  -54.72050 1153497418 202.664578    34.5359      18109          7  0.000e+00
    395.650     0.3368   2.915590     0.3367   2.915830    5.80585    -0.0319    13.8155 6.2341e+01  -60.61667  -54.72050 1153497418 202.664578    34.5372      18110          7  0.000e+00
    395.717     0.3372   2.915563     0.3367   2.915807    5.80586    -0.0857    13.8155 6.2341e+01  -60.61667  -54.72050 1153497418 202.664579    34.5363      18111          7  0.000e+00
    395.650     0.3374   2.915583     0.3356   2.915783    5.80578    -0.0534    13.8155 6.0393e+01  -60.61667  -54.72050 1153497418 202.664579    34.5365      18112          7  0.000e+00
    395.717     0.3376   2.915563     0.3347   2.915718    5.80582    -0.0642    13.8155 6.0393e+01  -60.61667  -54.72050 1153497418 202.664579    34.5359      18113          7  0.000e+00
    395.688     0.3374   2.915604     0.3356   2.915712    5.80580    -0.1072    13.8155 6.0393e+01  -60.61667  -54.72050 1153497418 202.664580    34.5366      18114          7  0.000e+00
    395.650     0.3375   2.915587     0.3358   2.915718    5.80576    -0.0642    13.8155 6.0393e+01  -60.61667  -54.72050 1153497418 202.664580    34.5364      18115          7  0.000e+00
    395.717     0.3376   2.915607     0.3369   2.915736    5.80580    -0.0534    13.8155 6.2341e+01  -60.61667  -54.72050 1153497418 202.664581    34.5365      18116          7  0.000e+00
    395.717     0.3379   2.915600     0.3372   2.915771    5.80577    -0.0964    13.8155 6.0393e+01  -60.61667  -54.72050 1153497418 202.664581    34.5361      18117          7  0.000e+00
    395.717     0.3380   2.915597     0.3375   2.915854    5.80576    -0.1072    13.8155 6.0393e+01  -60.61667  -54.72050 1153497418 202.664582    34.5359      18118          7  0.000e+00
    395.717     0.3377   2.915563     0.3378   2.915860    5.80103    -0.1072    13.8155 6.0393e+01  -60.61667  -54.72050 1153497418 202.664582    34.5358      18119          7  0.000e+00
    395.717     0.3374   2.915553     0.3376   2.915836    5.80108    -0.0642    13.8155 6.0393e+01  -60.61667  -54.72050 1153497418 202.664583    34.5360      18120          7  0.000e+00
    395.784     0.3374   2.915553     0.3375   2.915830    5.80591    -0.0642    13.8155 6.0393e+01  -60.61667  -54.72050 1153497418 202.664583    34.5360      18121          7  0.000e+00
    395.717     0.3374   2.915604     0.3378   2.915854    5.80582    -0.0749    13.8155 6.0393e+01  -60.61667  -54.72050 1153497418 202.664584    34.5366      18122          7  0.000e+00
    395.784     0.3377   2.915587     0.3376   2.915854    5.80108    -0.0749    13.8155 6.0393e+01  -60.61667  -54.72050 1153497418 202.664584    34.5360      18123          7  0.000e+00
    395.717     0.3377   2.915590     0.3373   2.915871    5.80579    -0.0964    13.8155 5.8444e+01  -60.61667  -54.72050 1153497418 202.664585    34.5361      18124          7  0.000e+00
    395.832     0.3375   2.915597     0.3372   2.915860    5.80591    -0.1072    13.8155 6.0393e+01  -60.61667  -54.72050 1153497418 202.664585    34.5364      18125          7  0.000e+00
    395.784     0.3372   2.915563     0.3372   2.915883    5.80115    -0.0857    13.8155 6.0393e+01  -60.61667  -54.72050 1153497418 202.664586    34.5363      18126          7  0.000e+00
    395.784     0.3369   2.915533     0.3370   2.915883    5.80120    -0.0857    13.8155 6.0393e+01  -60.61667  -54.72050 1153497418 202.664586    34.5362      18127          7  0.000e+00
    395.784     0.3374   2.915560     0.3375   2.915919    5.80590    -0.0534    13.8155 6.0393e+01  -60.61667  -54.72050 1153497418 202.664587    34.5361      18128          7  0.000e+00
    395.784     0.3371   2.915557     0.3378   2.915919    5.80594    -0.0534    13.8155 6.0393e+01  -60.61667  -54.72050 1153497418 202.664587    34.5363      18129          7  0.000e+00
