product_data/regression_test/downloaded_data/MDGS/320620060703/ctd/p6617604.ros
* Sea-Bird SBE 9 Data File:
* FileName = D:\Data\Raw\p6617604.dat
* Software Version Seasave Win32 V 5.32
* Temperature SN = 1649
* Conductivity SN = 1431
* Number of Bytes Per Scan = 37
* Number of Voltage Words = 5
* Number of Scans Averaged by the Deck Unit = 1
* NMEA Latitude = 60 36.97 S
* NMEA Longitude = 054 43.19 W
* NMEA UTC (Time) = 07:30:31
** Ship:   Nathaniel B. Palmer 
** Cruise:    NBP0606 
# nquan = 17
# nvalues = 1176                    
# units = specified
# name 0 = prDM: Pressure, Digiquartz [db]
# name 1 = t090C: Temperature [ITS-90, deg C]
# name 2 = c0S/m: Conductivity [S/m]
# name 3 = t190C: Temperature, 2 [ITS-90, deg C]
# name 4 = c1S/m: Conductivity, 2 [S/m]
# name 5 = sbeox0ML/L: Oxygen, SBE 43 [ml/l]
# name 6 = flECO-AFL: Fluorescence, Wetlab ECO-AFL/FL [mg/m^3]
# name 7 = bat: Beam Attenuation, Chelsea/Seatech/Wetlab CStar [1/m]
# name 8 = spar: SPAR/Surface Irradiance
# name 9 = latitude: Latitude [deg]
# name 10 = longitude: Longitude [deg]
# name 11 = timeY: Time, System [seconds]
# name 12 = timeJ: Julian Days
# name 13 = sal00: Salinity [PSU]
# name 14 = scan: scan number
# name 15 = nbf: number of bottles fired
# name 16 = flag:  0.000e+00
# interval = seconds: 0.0416667                   
# start_time = Jul 21 2006 07:30:39
*END*
[from data line 256]
     49.456    -0.6785   2.787562    -0.6779   2.788120    7.62030     0.2801    13.8155 0.0000e+00  -60.61617  -54.71983 1153467186 202.314674    34.1852       3572          6  0.000e+00
     49.456    -0.6780   2.787608    -0.6778   2.788120    7.62019     0.2801    13.8155 0.0000e+00  -60.61617  -54.71983 1153467186 202.314674    34.1853       3573          6  0.000e+00
     49.665    -0.6782   2.787588    -0.6782   2.788103    7.62045     0.2479    13.8155 0.0000e+00  -60.61617  -54.71983 1153467186 202.314674    34.1851       3574          6  0.000e+00
     49.522    -0.6782   2.787568    -0.6778   2.788085    7.61564     0.2371    13.8155 0.0000e+00  -60.61617  -54.71983 1153467186 202.314675    34.1849       3575          6  0.000e+00
     49.456    -0.6782   2.787575    -0.6780   2.788114    7.61556     0.2479    13.8155 0.0000e+00  -60.61617  -54.71983 1153467186 202.314675    34.1850       3576          6  0.000e+00
     49.522    -0.6782   2.787578    -0.6781   2.788108    7.61563     0.2479    13.8155 0.0000e+00  -60.61617  -54.71983 1153467186 202.314676    34.1850       3577          6  0.000e+00
     49.522    -0.6785   2.787552    -0.6780   2.788091    7.61569     0.2479    13.8155 0.0000e+00  -60.61617  -54.71983 1153467186 202.314676    34.1850       3578          6  0.000e+00
     49.522    -0.6785   2.787535    -0.6781   2.788079    7.62039     0.2263    13.8155 0.0000e+00  -60.61617  -54.71983 1153467186 202.314677    34.1848       3579          6  0.000e+00
     49.522    -0.6782   2.787565    -0.6778   2.788079    7.62032     0.2156    13.8155 0.0000e+00  -60.61617  -54.71983 1153467186 202.314677    34.1849       3580          6  0.000e+00
     49.456    -0.6788   2.787568    -0.6783   2.788097    7.62034     0.2479    13.8155 0.0000e+00  -60.61617  -54.71983 1153467186 202.314678    34.1857       3581          6  0.000e+00
     49.522    -0.6785   2.787542    -0.6779   2.788103    7.62038     0.2694    13.8155 0.0000e+00  -60.61617  -54.71983 1153467186 202.314678    34.1849       3582          6  0.000e+00
     49.522    -0.6787   2.787552    -0.6778   2.788074    7.62040     0.2479    13.8155 0.0000e+00  -60.61617  -54.71983 1153467186 202.314679    34.1852       3583          6  0.000e+00
     49.455    -0.6788   2.787549    -0.6781   2.788091    7.62035     0.1941    13.8155 0.0000e+00  -60.61617  -54.71983 1153467186 202.314679    34.1854       3584          6  0.000e+00
     49.522    -0.6784   2.787555    -0.6780   2.788103    7.62503     0.1941    13.8155 0.0000e+00  -60.61617  -54.71983 1153467186 202.314680    34.1849       3585          6  0.000e+00
     49.522    -0.6787   2.787559    -0.6780   2.788085    7.62039     0.2263    13.8155 0.0000e+00  -60.61617  -54.71983 1153467187 202.314680    34.1853       3586          6  0.000e+00
     49.522    -0.6780   2.787562    -0.6781   2.788079    7.62030     0.2371    13.8155 0.0000e+00  -60.61617  -54.71983 1153467187 202.314681    34.1847       3587          6  0.000e+00
     49.455    -0.6785   2.787542    -0.6778   2.788085    7.62031     0.2371    13.8155 0.0000e+00  -60.61617  -54.71983 1153467187 202.314681    34.1850       3588          6  0.000e+00
     49.522    -0.6779   2.787565    -0.6780   2.788097    7.62027     0.2156    13.8155 0.0000e+00  -60.61617  -54.71983 1153467187 202.314682    34.1845       3589          6  0.000e+00
     49.522    -0.6787   2.787552    -0.6779   2.788103    7.61572     0.2156    13.8155 0.0000e+00  -60.61617  -54.71983 1153467187 202.314682    34.1852       3590          6  0.000e+00
     49.522    -0.6791   2.787555    -0.6777   2.788103    7.62046     0.2263    13.8155 0.0000e+00  -60.61617  -54.71983 1153467187 202.314683    34.1858       3591          6  0.000e+00
     49.522    -0.6790   2.787572    -0.6785   2.788085    7.62043     0.2263    13.8155 0.0000e+00  -60.61617  -54.71983 1153467187 202.314683    34.1858       3592          6  0.000e+00
     49.455    -0.6782   2.787552    -0.6778   2.788085    7.62026     0.2586    13.8155 0.0000e+00  -60.61617  -54.71983 1153467187 202.314684    34.1847       3593          6  0.000e+00
     49.598    -0.6788   2.787535    -0.6781   2.788097    7.62519     0.2479    13.8155 0.0000e+00  -60.61617  -54.71983 1153467187 202.314684    34.1851       3594          6  0.000e+00
     49.522    -0.6782   2.787552    -0.6784   2.788085    7.62033     0.2371    13.8155 0.0000e+00  -60.61617  -54.71983 1153467187 202.314685    34.1847       3595          6  0.000e+00
     49.522    -0.6787   2.787562    -0.6780   2.788079    7.62507     0.2371    13.8155 0.0000e+00  -60.61617  -54.71983 1153467187 202.314685    34.1853       3596          6  0.000e+00
     49.522    -0.6787   2.787542    -0.6781   2.788056    7.62508     0.2479    13.8155 0.0000e+00  -60.61617  -54.71983 1153467187 202.314686    34.1851       3597          6  0.000e+00
     49.522    -0.6790   2.787535    -0.6781   2.788079    7.62513     0.2479    13.8155 0.0000e+00  -60.61617  -54.71983 1153467187 202.314686    34.1853       3598          6  0.000e+00
     49.522    -0.6791   2.787526    -0.6781   2.788079    7.62048     0.2371    13.8155 0.0000e+00  -60.61617  -54.71983 1153467187 202.314687    34.1854       3599          6  0.000e+00
     49.598    -0.6788   2.787512    -0.6782   2.788056    7.62053     0.2048    13.8155 0.0000e+00  -60.61617  -54.71983 1153467187 202.314687    34.1848       3600          6  0.000e+00
     49.522    -0.6791   2.787545    -0.6784   2.788068    7.62515     0.2048    13.8155 0.0000e+00  -60.61617  -54.71983 1153467187 202.314687    34.1856       3601          6  0.000e+00
     49.598    -0.6791   2.787529    -0.6782   2.788079    7.62524     0.1833    13.8155 0.0000e+00  -60.61617  -54.71983 1153467187 202.314688    34.1854       3602          6  0.000e+00
     49.598    -0.6791   2.787549    -0.6783   2.788085    7.62523     0.1618    13.8155 0.0000e+00  -60.61617  -54.71983 1153467187 202.314688    34.1856       3603          6  0.000e+00
     49.598    -0.6788   2.787559    -0.6781   2.788097    7.62518     0.2156    13.8155 0.0000e+00  -60.61617  -54.71983 1153467187 202.314689    34.1854       3604          6  0.000e+00
     49.598    -0.6793   2.787598    -0.6778   2.788143    7.62522     0.2479    13.8155 0.0000e+00  -60.61617  -54.71983 1153467187 202.314689    34.1865       3605          6  0.000e+00
     49.598    -0.6776   2.787704    -0.6775   2.788161    7.62489     0.2586    13.8155 0.0000e+00  -60.61617  -54.71983 1153467187 202.314690    34.1860       3606          6  0.000e+00
     49.598    -0.6776   2.787737    -0.6775   2.788137    7.62486     0.2371    13.8155 0.0000e+00  -60.61617  -54.71983 1153467187 202.314690    34.1864       3607          6  0.000e+00
     49.665    -0.6766   2.787727    -0.6774   2.788120    7.62480     0.2156    13.8155 0.0000e+00  -60.61617  -54.71983 1153467187 202.314691    34.1852       3608          6  0.000e+00
     49.598    -0.6768   2.787750    -0.6777   2.788103    7.62006     0.2156    13.8155 0.0000e+00  -60.61617  -54.71983 1153467187 202.314691    34.1858       3609          6  0.000e+00
     50.294    -0.6834   2.787126    -0.6835   2.787673    7.62692     0.2156    13.8155 0.0000e+00  -60.61617  -54.71983 1153467193 202.314750    34.1844       3730          7  0.000e+00
     50.294    -0.6841   2.787080    -0.6841   2.787609    7.62705     0.2263    13.8155 0.0000e+00  -60.61617  -54.71983 1153467193 202.314750    34.1845       3731          7  0.000e+00
     50.151    -0.6833   2.787116    -0.6849   2.787545    7.62676     0.2479    13.8155 0.0000e+00  -60.61617  -54.71983 1153467193 202.314751    34.1842       3732          7  0.000e+00
     50.160    -0.6833   2.787182    -0.6856   2.787482    7.62672     0.2371    13.8155 0.0000e+00  -60.61617  -54.71983 1153467193 202.314751    34.1851       3733          7  0.000e+00
     50.160    -0.6824   2.787222    -0.6858   2.787447    7.62655     0.1941    13.8155 0.0000e+00  -60.61617  -54.71983 1153467193 202.314752    34.1846       3734          7  0.000e+00
     50.227    -0.6819   2.787308    -0.6867   2.787400    7.62649     0.2048    13.8155 0.0000e+00  -60.61617  -54.71983 1153467193 202.314752    34.1851       3735          7  0.000e+00
     50.084    -0.6819   2.787334    -0.6867   2.787389    7.62632     0.2048    13.8155 0.0000e+00  -60.61617  -54.71983 1153467193 202.314753    34.1856       3736          7  0.000e+00
     50.160    -0.6810   2.787338    -0.6866   2.787377    7.62626     0.2263    13.8155 0.0000e+00  -60.61617  -54.71983 1153467193 202.314753    34.1845       3737          7  0.000e+00
     50.084    -0.6811   2.787334    -0.6863   2.787342    7.62621     0.2909    13.8155 0.0000e+00  -60.61617  -54.71983 1153467193 202.314754    34.1847       3738          7  0.000e+00
     50.017    -0.6813   2.787354    -0.6866   2.787354    7.62614     0.2694    13.8155 0.0000e+00  -60.61617  -54.71983 1153467193 202.314754    34.1852       3739          7  0.000e+00
     50.017    -0.6810   2.787357    -0.6869   2.787360    7.62609     0.2479    13.8155 0.0000e+00  -60.61617  -54.71983 1153467193 202.314755    34.1849       3740          7  0.000e+00
     50.017    -0.6810   2.787337    -0.6870   2.787319    7.62611     0.2586    13.8155 0.0000e+00  -60.61617  -54.71983 1153467193 202.314755    34.1846       3741          7  0.000e+00
     50.017    -0.6810   2.787337    -0.6876   2.787278    7.62611     0.2586    13.8155 0.0000e+00  -60.61617  -54.71983 1153467193 202.314755    34.1846       3742          7  0.000e+00
     50.017    -0.6814   2.787301    -0.6872   2.787278    7.62620     0.2371    13.8155 0.0000e+00  -60.61617  -54.71983 1153467193 202.314756    34.1847       3743          7  0.000e+00
     49.950    -0.6819   2.787255    -0.6864   2.787336    7.62624     0.2479    13.8155 0.0000e+00  -60.61617  -54.71983 1153467193 202.314756    34.1846       3744          7  0.000e+00
     49.950    -0.6818   2.787265    -0.6859   2.787377    7.62620     0.3017    13.8155 0.0000e+00  -60.61617  -54.71983 1153467193 202.314757    34.1846       3745          7  0.000e+00
     49.874    -0.6818   2.787301    -0.6856   2.787406    7.62610     0.2694    13.8155 0.0000e+00  -60.61617  -54.71983 1153467193 202.314757    34.1851       3746          7  0.000e+00
     49.950    -0.6816   2.787311    -0.6850   2.787452    7.62147     0.2263    13.8155 0.0000e+00  -60.61617  -54.71983 1153467193 202.314758    34.1850       3747          7  0.000e+00
     49.874    -0.6814   2.787301    -0.6846   2.787499    7.62137     0.1941    13.8155 0.0000e+00  -60.61617  -54.71983 1153467193 202.314758    34.1847       3748          7  0.000e+00
     49.874    -0.6814   2.787308    -0.6843   2.787516    7.62137     0.1941    13.8155 0.0000e+00  -60.61617  -54.71983 1153467193 202.314759    34.1848       3749          7  0.000e+00
     49.807    -0.6821   2.787311    -0.6844   2.787557    7.62607     0.2156    13.8155 0.0000e+00  -60.61617  -54.71983 1153467193 202.314759    34.1856       3750          7  0.000e+00
     49.874    -0.6816   2.787318    -0.6850   2.787510    7.62606     0.2156    13.8155 0.0000e+00  -60.61617  -54.71983 1153467193 202.314760    34.1852       3751          7  0.000e+00
     49.807    -0.6814   2.787331    -0.6849   2.787493    7.62596     0.2371    13.8155 0.0000e+00  -60.61617  -54.71983 1153467193 202.314760    34.1852       3752          7  0.000e+00
     49.807    -0.6813   2.787285    -0.6850   2.787505    7.62597     0.2263    13.8155 0.0000e+00  -60.61617  -54.71983 1153467193 202.314761    34.1844       3753          7  0.000e+00
     49.731    -0.6814   2.787321    -0.6850   2.787493    7.62588     0.2801    13.8155 0.0000e+00  -60.61617  -54.71983 1153467193 202.314761    34.1851       3754          7  0.000e+00
     49.807    -0.6819   2.787318    -0.6843   2.787510    7.62604     0.2586    13.8155 0.0000e+00  -60.61617  -54.71983 1153467194 202.314762    34.1856       3755          7  0.000e+00
     49.807    -0.6818   2.787291    -0.6843   2.787499    7.62135     0.2479    13.8155 0.0000e+00  -60.61617  -54.71983 1153467194 202.314762    34.1850       3756          7  0.000e+00
     49.731    -0.6818   2.787294    -0.6844   2.787528    7.62595     0.2371    13.8155 0.0000e+00  -60.61617  -54.71983 1153467194 202.314763    34.1851       3757          7  0.000e+00
     49.731    -0.6821   2.787308    -0.6840   2.787516    7.62131     0.2263    13.8155 0.0000e+00  -60.61617  -54.71983 1153467194 202.314763    34.1856       3758          7  0.000e+00
     49.731    -0.6816   2.787311    -0.6840   2.787516    7.62124     0.2694    13.8155 0.0000e+00  -60.61617  -54.71983 1153467194 202.314764    34.1852       3759          7  0.000e+00
     49.731    -0.6819   2.787318    -0.6844   2.787557    7.62128     0.2909    13.8155 0.0000e+00  -60.61617  -54.71983 1153467194 202.314764    34.1856       3760          7  0.000e+00
     49.664    -0.6811   2.787347    -0.6840   2.787534    7.62575     0.2371    13.8155 0.0000e+00  -60.61617  -54.71983 1153467194 202.314765    34.1852       3761          7  0.000e+00
     49.731    -0.6802   2.787374    -0.6841   2.787522    7.62566     0.2263    13.8155 0.0000e+00  -60.61617  -54.71983 1153467194 202.314765    34.1844       3762          7  0.000e+00
     49.664    -0.6805   2.787351    -0.6846   2.787522    7.62565     0.2263    13.8155 0.0000e+00  -60.61617  -54.71983 1153467194 202.314766    34.1845       3763          7  0.000e+00
     49.731    -0.6800   2.787384    -0.6846   2.787510    7.62563     0.2479    13.8155 0.0000e+00  -60.61617  -54.71983 1153467194 202.314766    34.1844       3764          7  0.000e+00
     49.664    -0.6797   2.787367    -0.6843   2.787516    7.62552     0.2479    13.8155 0.0000e+00  -60.61617  -54.71983 1153467194 202.314767    34.1839       3765          7  0.000e+00
     49.664    -0.6807   2.787377    -0.6847   2.787522    7.62566     0.2694    13.8155 0.0000e+00  -60.61617  -54.71983 1153467194 202.314767    34.1850       3766          7  0.000e+00
     49.664    -0.6810   2.787364    -0.6846   2.787499    7.62571     0.2694    13.8155 0.0000e+00  -60.61617  -54.71983 1153467194 202.314768    34.1852       3767          7  0.000e+00
     49.664    -0.6808   2.787321    -0.6843   2.787493    7.62572     0.2479    13.8155 0.0000e+00  -60.61617  -54.71983 1153467194 202.314768    34.1845       3768          7  0.000e+00
     49.664    -0.6811   2.787351    -0.6846   2.787481    7.62575     0.2479    13.8155 0.0000e+00  -60.61617  -54.71983 1153467194 202.314769    34.1852       3769          7  0.000e+00
     49.664    -0.6814   2.787304    -0.6844   2.787510    7.62114     0.2801    13.8155 0.0000e+00  -60.61617  -54.71983 1153467194 202.314769    34.1849       3770          7  0.000e+00
     49.664    -0.6813   2.787294    -0.6850   2.787481    7.62581     0.3339    13.8155 0.0000e+00  -60.61617  -54.71983 1153467194 202.314769    34.1846       3771          7  0.000e+00
     49.664    -0.6814   2.787275    -0.6853   2.787423    7.62585     0.2156    13.8155 0.0000e+00  -60.61617  -54.71983 1153467194 202.314770    34.1845       3772          7  0.000e+00
     49.664    -0.6818   2.787281    -0.6852   2.787429    7.62589     0.2156    13.8155 0.0000e+00  -60.61617  -54.71983 1153467194 202.314770    34.1850       3773          7  0.000e+00
     49.664    -0.6816   2.787311    -0.6852   2.787412    7.62585     0.2371    13.8155 0.0000e+00  -60.61617  -54.71983 1153467194 202.314771    34.1852       3774          7  0.000e+00
     49.664    -0.6813   2.787311    -0.6855   2.787429    7.62580     0.2801    13.8155 0.0000e+00  -60.61617  -54.71983 1153467194 202.314771    34.1848       3775          7  0.000e+00
