product_data/regression_test/downloaded_data/MDGS/320620060703/ctd/p6618406.ros
* Sea-Bird SBE 9 Data File:
* FileName = D:\Data\Raw\p6618406.dat
* Software Version Seasave Win32 V 5.32
* Temperature SN = 1649
* Conductivity SN = 1431
* Number of Bytes Per Scan = 37
* Number of Voltage Words = 5
* Number of Scans Averaged by the Deck Unit = 1
* NMEA Latitude = 60 36.35 S
* NMEA Longitude = 053 52.18 W
* NMEA UTC (Time) = 18:27:14
** Ship:   Nathaniel B. Palmer 
** Cruise:    NBP0606 
# nquan = 17
# nvalues = 1176                    
# units = specified
# name 0 = prDM: Pressure, Digiquartz [db]
# name 1 = t090C: Temperature [ITS-90, deg C]
# name 2 = c0S/m: Conductivity [S/m]
# name 3 = t190C: Temperature, 2 [ITS-90, deg C]
# name 4 = c1S/m: Conductivity, 2 [S/m]
# name 5 = sbeox0ML/L: Oxygen, SBE 43 [ml/l]
# name 6 = flECO-AFL: Fluorescence, Wetlab ECO-AFL/FL [mg/m^3]
# name 7 = bat: Beam Attenuation, Chelsea/Seatech/Wetlab CStar [1/m]
# name 8 = spar: SPAR/Surface Irradiance
# name 9 = latitude: Latitude [deg]
# name 10 = longitude: Longitude [deg]
# name 11 = timeY: Time, System [seconds]
# name 12 = timeJ: Julian Days
# name 13 = sal00: Salinity [PSU]
# name 14 = scan: scan number
# name 15 = nbf: number of bottles fired
# name 16 = flag:  0.000e+00
# interval = seconds: 0.0416667                   
# start_time = Jul 22 2006 18:27:22
*END*
[from data line 426]
     99.190    -0.2571   2.838415    -0.2567   2.838767    6.67058    -0.0211    13.8155 3.8963e+00  -60.60583  -53.86967 1153595630 203.801297    34.3617      66962          9  0.000e+00
     99.257    -0.2572   2.838381    -0.2567   2.838767    6.67068    -0.0104    13.8155 3.8963e+00  -60.60583  -53.86967 1153595630 203.801297    34.3614      66963          9  0.000e+00
     99.190    -0.2572   2.838385    -0.2564   2.838703    6.67062     0.0112    13.8155 1.9481e+00  -60.60583  -53.86967 1153595630 203.801298    34.3615      66964          9  0.000e+00
     99.257    -0.2569   2.838371    -0.2567   2.838703    6.67065    -0.0319    13.8155 1.9481e+00  -60.60583  -53.86967 1153595630 203.801298    34.3610      66965          9  0.000e+00
     99.190    -0.2568   2.838398    -0.2570   2.838714    6.67520    -0.0534    13.8155 1.9481e+00  -60.60583  -53.86967 1153595630 203.801299    34.3612      66966          9  0.000e+00
     99.257    -0.2572   2.838395    -0.2567   2.838691    6.67533    -0.0534    13.8155 1.9481e+00  -60.60583  -53.86967 1153595631 203.801299    34.3616      66967          9  0.000e+00
     99.257    -0.2565   2.838441    -0.2569   2.838691    6.67054    -0.0749    13.8155 1.9481e+00  -60.60583  -53.86967 1153595631 203.801300    34.3614      66968          9  0.000e+00
     99.228    -0.2563   2.838484    -0.2567   2.838708    6.67047    -0.0964    13.8155 3.8963e+00  -60.60583  -53.86967 1153595631 203.801300    34.3618      66969          9  0.000e+00
     99.190    -0.2560   2.838518    -0.2573   2.838691    6.67502    -0.1072    13.8155 3.8963e+00  -60.60583  -53.86967 1153595631 203.801301    34.3619      66970          9  0.000e+00
     99.257    -0.2560   2.838491    -0.2578   2.838667    6.67510    -0.0964    13.8155 3.8963e+00  -60.60583  -53.86967 1153595631 203.801301    34.3615      66971          9  0.000e+00
     99.257    -0.2566   2.838445    -0.2570   2.838703    6.67522    -0.0642    13.8155 3.8963e+00  -60.60583  -53.86967 1153595631 203.801302    34.3616      66972          9  0.000e+00
     99.257    -0.2568   2.838415    -0.2573   2.838691    6.67060    -0.0534    13.8155 3.8963e+00  -60.60583  -53.86967 1153595631 203.801302    34.3613      66973          9  0.000e+00
     99.257    -0.2566   2.838445    -0.2573   2.838691    6.67056    -0.0749    13.8155 3.8963e+00  -60.60583  -53.86967 1153595631 203.801303    34.3615      66974          9  0.000e+00
     99.257    -0.2566   2.838431    -0.2575   2.838708    6.67057    -0.0749    13.8155 3.8963e+00  -60.60583  -53.86967 1153595631 203.801303    34.3614      66975          9  0.000e+00
     99.257    -0.2568   2.838415    -0.2570   2.838738    6.67060    -0.0642    13.8155 3.8963e+00  -60.60583  -53.86967 1153595631 203.801304    34.3613      66976          9  0.000e+00
     75.795    -0.3988   2.823378    -0.3972   2.823831    6.87738     0.0327    13.8155 1.9481e+00  -60.60583  -53.86967 1153595681 203.801880    34.3349      68171         10  0.000e+00
     75.776    -0.3984   2.823371    -0.3964   2.823866    6.88196     0.0327    13.8155 1.9481e+00  -60.60583  -53.86967 1153595681 203.801880    34.3344      68172         10  0.000e+00
     75.871    -0.3984   2.823378    -0.3960   2.823912    6.88205     0.0004    13.8155 1.9481e+00  -60.60583  -53.86967 1153595681 203.801881    34.3344      68173         10  0.000e+00
     75.919    -0.3988   2.823404    -0.3973   2.823854    6.88214    -0.0319    13.8155 1.9481e+00  -60.60583  -53.86967 1153595681 203.801881    34.3352      68174         10  0.000e+00
     75.795    -0.3985   2.823414    -0.3977   2.823778    6.88197    -0.0319    13.8155 1.9481e+00  -60.60583  -53.86967 1153595681 203.801882    34.3351      68175         10  0.000e+00
     75.919    -0.3980   2.823404    -0.3978   2.823766    6.88203    -0.0104    13.8155 1.9481e+00  -60.60583  -53.86967 1153595681 203.801882    34.3343      68176         10  0.000e+00
     75.871    -0.3984   2.823424    -0.3984   2.823749    6.88202    -0.0319    13.8155 1.9481e+00  -60.60583  -53.86967 1153595681 203.801883    34.3350      68177         10  0.000e+00
     75.919    -0.3982   2.823461    -0.3980   2.823743    6.87736     0.0004    13.8155 1.9481e+00  -60.60583  -53.86967 1153595681 203.801883    34.3352      68178         10  0.000e+00
     75.871    -0.3975   2.823494    -0.3986   2.823766    6.87719    -0.0104    13.8155 1.9481e+00  -60.60583  -53.86967 1153595681 203.801884    34.3349      68179         10  0.000e+00
     75.919    -0.3970   2.823477    -0.3983   2.823749    6.88184     0.0004    13.8155 1.9481e+00  -60.60583  -53.86967 1153595681 203.801884    34.3341      68180         10  0.000e+00
     75.938    -0.3968   2.823494    -0.3983   2.823720    6.88183    -0.0104    13.8155 1.9481e+00  -60.60583  -53.86967 1153595681 203.801885    34.3342      68181         10  0.000e+00
     75.852    -0.3971   2.823494    -0.3983   2.823714    6.88178    -0.0104    13.8155 1.9481e+00  -60.60583  -53.86967 1153595681 203.801885    34.3345      68182         10  0.000e+00
     75.871    -0.3968   2.823484    -0.3977   2.823731    6.88177    -0.0211    13.8155 1.9481e+00  -60.60583  -53.86967 1153595681 203.801886    34.3341      68183         10  0.000e+00
     75.919    -0.3974   2.823514    -0.3982   2.823726    6.88188     0.0004    13.8155 1.9481e+00  -60.60583  -53.86967 1153595681 203.801886    34.3351      68184         10  0.000e+00
     75.871    -0.3973   2.823484    -0.3978   2.823737    6.88183    -0.0211    13.8155 1.9481e+00  -60.60583  -53.86967 1153595681 203.801887    34.3346      68185         10  0.000e+00
     75.852    -0.3974   2.823441    -0.3986   2.823761    6.88186    -0.0534    13.8155 1.9481e+00  -60.60583  -53.86967 1153595681 203.801887    34.3341      68186         10  0.000e+00
     75.871    -0.3976   2.823444    -0.3982   2.823726    6.88190    -0.0104    13.8155 1.9481e+00  -60.60583  -53.86967 1153595681 203.801888    34.3344      68187         10  0.000e+00
     75.852    -0.3971   2.823454    -0.3987   2.823714    6.88181    -0.0426    13.8155 1.9481e+00  -60.60583  -53.86967 1153595681 203.801888    34.3340      68188         10  0.000e+00
     75.871    -0.3973   2.823484    -0.3984   2.823737    6.88183    -0.0857    13.8155 1.9481e+00  -60.60583  -53.86967 1153595681 203.801889    34.3346      68189         10  0.000e+00
     75.852    -0.3974   2.823484    -0.3983   2.823743    6.88183    -0.0642    13.8155 1.9481e+00  -60.60583  -53.86967 1153595681 203.801889    34.3347      68190         10  0.000e+00
     75.871    -0.3976   2.823461    -0.3977   2.823743    6.88189    -0.0426    13.8155 1.9481e+00  -60.60583  -53.86967 1153595681 203.801889    34.3346      68191         10  0.000e+00
     75.852    -0.3977   2.823484    -0.3983   2.823743    6.88187    -0.0211    13.8155 1.9481e+00  -60.60583  -53.86967 1153595682 203.801890    34.3351      68192         10  0.000e+00
     75.871    -0.3975   2.823484    -0.3981   2.823766    6.88186    -0.0319    13.8155 1.9481e+00  -60.60583  -53.86967 1153595682 203.801890    34.3348      68193         10  0.000e+00
     75.919    -0.3976   2.823441    -0.3981   2.823766    6.88195    -0.0319    13.8155 3.8963e+00  -60.60583  -53.86967 1153595682 203.801891    34.3343      68194         10  0.000e+00
     75.871    -0.3972   2.823484    -0.3971   2.823784    6.88181    -0.0104    13.8155 1.9481e+00  -60.60583  -53.86967 1153595682 203.801891    34.3344      68195         10  0.000e+00
     75.919    -0.3973   2.823514    -0.3970   2.823772    6.87720    -0.0104    13.8155 1.9481e+00  -60.60583  -53.86967 1153595682 203.801892    34.3349      68196         10  0.000e+00
     75.871    -0.3971   2.823507    -0.3972   2.823807    6.87713    -0.0319    13.8155 1.9481e+00  -60.60583  -53.86967 1153595682 203.801892    34.3347      68197         10  0.000e+00
     75.919    -0.3975   2.823504    -0.3977   2.823807    6.88189    -0.0426    13.8155 1.9481e+00  -60.60583  -53.86967 1153595682 203.801893    34.3350      68198         10  0.000e+00
     75.872    -0.3973   2.823514    -0.3969   2.823796    6.87715    -0.0749    13.8155 1.9481e+00  -60.60583  -53.86967 1153595682 203.801893    34.3350      68199         10  0.000e+00
     75.919    -0.3973   2.823487    -0.3966   2.823813    6.88188    -0.0534    13.8155 1.9481e+00  -60.60583  -53.86967 1153595682 203.801894    34.3346      68200         10  0.000e+00
     75.872    -0.3971   2.823524    -0.3973   2.823825    6.87712    -0.0319    13.8155 0.0000e+00  -60.60583  -53.86967 1153595682 203.801894    34.3349      68201         10  0.000e+00
     75.853    -0.3968   2.823511    -0.3969   2.823842    6.88174    -0.0749    13.8155 0.0000e+00  -60.60583  -53.86967 1153595682 203.801895    34.3344      68202         10  0.000e+00
     75.938    -0.3966   2.823514    -0.3970   2.823848    6.88179    -0.0857    13.8155 1.9481e+00  -60.60583  -53.86967 1153595682 203.801895    34.3342      68203         10  0.000e+00
     75.853    -0.3965   2.823471    -0.3969   2.823848    6.87706    -0.0319    13.8155 0.0000e+00  -60.60583  -53.86967 1153595682 203.801896    34.3335      68204         10  0.000e+00
     75.872    -0.3966   2.823507    -0.3966   2.823848    6.88173    -0.0319    13.8155 1.9481e+00  -60.60583  -53.86967 1153595682 203.801896    34.3342      68205         10  0.000e+00
     75.853    -0.3970   2.823517    -0.3968   2.823866    6.87709    -0.0319    13.8155 0.0000e+00  -60.60583  -53.86967 1153595682 203.801897    34.3347      68206         10  0.000e+00
     75.795    -0.3968   2.823487    -0.3963   2.823854    6.87703    -0.0426    13.8155 0.0000e+00  -60.60583  -53.86967 1153595682 203.801897    34.3341      68207         10  0.000e+00
     75.853    -0.3972   2.823458    -0.3967   2.823831    6.87715    -0.0319    13.8155 0.0000e+00  -60.60583  -53.86967 1153595682 203.801898    34.3341      68208         10  0.000e+00
     75.795    -0.3971   2.823454    -0.3969   2.823866    6.87709     0.0112    13.8155 0.0000e+00  -60.60583  -53.86967 1153595682 203.801898    34.3340      68209         10  0.000e+00
     75.853    -0.3973   2.823468    -0.3964   2.823836    6.87717    -0.0104    13.8155 0.0000e+00  -60.60583  -53.86967 1153595682 203.801899    34.3344      68210         10  0.000e+00
     75.795    -0.3970   2.823461    -0.3964   2.823860    6.87707    -0.0211    13.8155 0.0000e+00  -60.60583  -53.86967 1153595682 203.801899    34.3339      68211         10  0.000e+00
     75.776    -0.3967   2.823451    -0.3963   2.823854    6.87702    -0.0534    13.8155 0.0000e+00  -60.60583  -53.86967 1153595682 203.801900    34.3335      68212         10  0.000e+00
     75.795    -0.3968   2.823454    -0.3972   2.823813    6.87705     0.0112    13.8155 0.0000e+00  -60.60583  -53.86967 1153595682 203.801900    34.3337      68213         10  0.000e+00
     75.776    -0.3968   2.823491    -0.3972   2.823796    6.87702     0.0327    13.8155 0.0000e+00  -60.60583  -53.86967 1153595682 203.801901    34.3342      68214         10  0.000e+00
     75.729    -0.3971   2.823477    -0.3972   2.823813    6.87702    -0.0104    13.8155 0.0000e+00  -60.60583  -53.86967 1153595683 203.801901    34.3344      68215         10  0.000e+00
     75.776    -0.3970   2.823494    -0.3972   2.823825    6.88169     0.0004    13.8155 0.0000e+00  -60.60583  -53.86967 1153595683 203.801902    34.3344      68216         10  0.000e+00
     75.796    -0.3968   2.823514    -0.3967   2.823842    6.87702    -0.0211    13.8155 0.0000e+00  -60.60583  -53.86967 1153595683 203.801902    34.3345      68217         10  0.000e+00
     75.710    -0.3968   2.823487    -0.3969   2.823813    6.87696    -0.0211    13.8155 0.0000e+00  -60.60583  -53.86967 1153595683 203.801902    34.3342      68218         10  0.000e+00
     75.796    -0.3971   2.823507    -0.3973   2.823819    6.87706    -0.0534    13.8155 0.0000e+00  -60.60583  -53.86967 1153595683 203.801903    34.3347      68219         10  0.000e+00
     76.132    -0.3945   2.823720    -0.3950   2.824035    6.87689    -0.0319    13.8155 3.8963e+00  -60.60583  -53.86967 1153595688 203.801960    34.3344      68337         11  0.000e+00
     75.941    -0.3951   2.823727    -0.3950   2.824035    6.87679    -0.0534    13.8155 3.8963e+00  -60.60583  -53.86967 1153595688 203.801960    34.3353      68338         11  0.000e+00
     76.065    -0.3945   2.823756    -0.3954   2.824035    6.87680    -0.0319    13.8155 3.8963e+00  -60.60583  -53.86967 1153595688 203.801961    34.3349      68339         11  0.000e+00
     76.008    -0.3942   2.823756    -0.3952   2.824035    6.87671    -0.0319    13.8155 3.8963e+00  -60.60583  -53.86967 1153595688 203.801961    34.3347      68340         11  0.000e+00
     76.065    -0.3940   2.823780    -0.3953   2.824017    6.87672    -0.0319    13.8155 3.8963e+00  -60.60583  -53.86967 1153595688 203.801962    34.3347      68341         11  0.000e+00
     76.008    -0.3941   2.823780    -0.3955   2.824011    6.87667    -0.0642    13.8155 3.8963e+00  -60.60583  -53.86967 1153595688 203.801962    34.3348      68342         11  0.000e+00
     75.989    -0.3943   2.823740    -0.3952   2.824011    6.87672    -0.0749    13.8155 3.8963e+00  -60.60583  -53.86967 1153595688 203.801963    34.3346      68343         11  0.000e+00
     76.008    -0.3945   2.823690    -0.3949   2.824029    6.87679    -0.0319    13.8155 3.8963e+00  -60.60583  -53.86967 1153595688 203.801963    34.3341      68344         11  0.000e+00
     76.065    -0.3948   2.823697    -0.3952   2.823994    6.87688     0.0112    13.8155 3.8963e+00  -60.60583  -53.86967 1153595688 203.801964    34.3345      68345         11  0.000e+00
     76.008    -0.3951   2.823717    -0.3954   2.824000    6.87686    -0.0104    13.8155 1.9481e+00  -60.60583  -53.86967 1153595688 203.801964    34.3352      68346         11  0.000e+00
     75.989    -0.3957   2.823727    -0.3956   2.824011    6.87691    -0.0319    13.8155 0.0000e+00  -60.60583  -53.86967 1153595688 203.801965    34.3360      68347         11  0.000e+00
     75.941    -0.3951   2.823720    -0.3955   2.824011    6.87679     0.0327    13.8155 0.0000e+00  -60.60583  -53.86967 1153595688 203.801965    34.3352      68348         11  0.000e+00
     75.989    -0.3948   2.823710    -0.3961   2.823994    6.87680     0.0004    13.8155 0.0000e+00  -60.60583  -53.86967 1153595688 203.801966    34.3347      68349         11  0.000e+00
     76.008    -0.3951   2.823697    -0.3963   2.823941    6.87687    -0.0534    13.8155 0.0000e+00  -60.60583  -53.86967 1153595688 203.801966    34.3349      68350         11  0.000e+00
     75.989    -0.3948   2.823720    -0.3969   2.823866    6.87679    -0.0319    13.8155 0.0000e+00  -60.60583  -53.86967 1153595688 203.801967    34.3348      68351         11  0.000e+00
     75.941    -0.3961   2.823607    -0.3963   2.823883    6.87699    -0.0319    13.8155 0.0000e+00  -60.60583  -53.86967 1153595688 203.801967    34.3348      68352         11  0.000e+00
     75.922    -0.3974   2.823461    -0.3960   2.823918    6.87725    -0.0104    13.8155 0.0000e+00  -60.60583  -53.86967 1153595688 203.801968    34.3344      68353         11  0.000e+00
     76.008    -0.3979   2.823448    -0.3963   2.823953    6.87742    -0.0319    13.8155 0.0000e+00  -60.60583  -53.86967 1153595688 203.801968    34.3347      68354         11  0.000e+00
     75.922    -0.3970   2.823484    -0.3960   2.823953    6.87718    -0.0534    13.8155 0.0000e+00  -60.60583  -53.86967 1153595688 203.801969    34.3342      68355         11  0.000e+00
     75.941    -0.3967   2.823534    -0.3960   2.823953    6.87713    -0.0749    13.8155 0.0000e+00  -60.60583  -53.86967 1153595688 203.801969    34.3345      68356         11  0.000e+00
