product_data/regression_test/downloaded_data/MDGS/320620060703/ctd/p6617601.ros
* Sea-Bird SBE 9 Data File:
* FileName = D:\Data\Raw\p6617601.dat
* Software Version Seasave Win32 V 5.32
* Temperature SN = 1649
* Conductivity SN = 1431
* Number of Bytes Per Scan = 37
* Number of Voltage Words = 5
* Number of Scans Averaged by the Deck Unit = 1
* NMEA Latitude = 60 36.97 S
* NMEA Longitude = 054 43.19 W
* NMEA UTC (Time) = 04:16:14
** Ship:   Nathaniel B. Palmer 
** Cruise:    NBP0606 
# nquan = 17
# nvalues = 1176                    
# units = specified
# name 0 = prDM: Pressure, Digiquartz [db]
# name 1 = t090C: Temperature [ITS-90, deg C]
# name 2 = c0S/m: Conductivity [S/m]
# name 3 = t190C: Temperature, 2 [ITS-90, deg C]
# name 4 = c1S/m: Conductivity, 2 [S/m]
# name 5 = sbeox0ML/L: Oxygen, SBE 43 [ml/l]
# name 6 = flECO-AFL: Fluorescence, Wetlab ECO-AFL/FL [mg/m^3]
# name 7 = bat: Beam Attenuation, Chelsea/Seatech/Wetlab CStar [1/m]
# name 8 = spar: SPAR/Surface Irradiance
# name 9 = latitude: Latitude [deg]
# name 10 = longitude: Longitude [deg]
# name 11 = timeY: Time, System [seconds]
# name 12 = timeJ: Julian Days
# name 13 = sal00: Salinity [PSU]
# name 14 = scan: scan number
# name 15 = nbf: number of bottles fired
# name 16 = flag:  0.000e+00
# interval = seconds: 0.0416667                   
# start_time = Jul 21 2006 04:16:22
*END*
[from data line 681]
   3002.767    -0.0477   2.999445    -0.0473   2.999641    1.64721    -0.0857    13.8155 0.0000e+00  -60.61617  -54.71983 1153459620 202.227106    34.6581     101761         14  0.000e+00
   3002.757    -0.0471   2.999427    -0.0472   2.999694    1.64718    -0.1072    13.8155 0.0000e+00  -60.61617  -54.71983 1153459620 202.227107    34.6572     101762         14  0.000e+00
   3002.837    -0.0474   2.999448    -0.0472   2.999653    1.64721    -0.0749    13.8155 0.0000e+00  -60.61617  -54.71983 1153459620 202.227107    34.6577     101763         14  0.000e+00
   3002.757    -0.0473   2.999427    -0.0470   2.999653    1.64719    -0.0857    13.8155 0.0000e+00  -60.61617  -54.71983 1153459620 202.227108    34.6573     101764         14  0.000e+00
   3002.757    -0.0468   2.999417    -0.0472   2.999676    1.64716    -0.0857    13.8155 0.0000e+00  -60.61617  -54.71983 1153459620 202.227108    34.6567     101765         14  0.000e+00
   3001.866    -0.0466   2.999420    -0.0472   2.999658    1.64011    -0.0964    13.8155 0.0000e+00  -60.61617  -54.71983 1153459625 202.227162    34.6570     101877         15  0.000e+00
   3001.856    -0.0469   2.999396    -0.0470   2.999658    1.64697    -0.1287    13.8155 0.0000e+00  -60.61617  -54.71983 1153459625 202.227163    34.6570     101878         15  0.000e+00
   3001.856    -0.0473   2.999410    -0.0462   2.999640    1.64699    -0.1395    13.8155 0.0000e+00  -60.61617  -54.71983 1153459625 202.227163    34.6575     101879         15  0.000e+00
   3001.786    -0.0465   2.999396    -0.0466   2.999652    1.64693    -0.0857    13.8155 0.0000e+00  -60.61617  -54.71983 1153459625 202.227164    34.6565     101880         15  0.000e+00
   3002.005    -0.0470   2.999373    -0.0470   2.999676    1.64017    -0.1072    13.8155 0.0000e+00  -60.61617  -54.71983 1153459625 202.227164    34.6567     101881         15  0.000e+00
   3001.786    -0.0471   2.999386    -0.0473   2.999664    1.64696    -0.1072    13.8155 0.0000e+00  -60.61617  -54.71983 1153459625 202.227165    34.6571     101882         15  0.000e+00
   3001.856    -0.0470   2.999373    -0.0470   2.999658    1.64697    -0.1072    13.8155 0.0000e+00  -60.61617  -54.71983 1153459625 202.227165    34.6567     101883         15  0.000e+00
   3001.856    -0.0472   2.999386    -0.0468   2.999676    1.64015    -0.0964    13.8155 0.0000e+00  -60.61617  -54.71983 1153459625 202.227166    34.6572     101884         15  0.000e+00
   3001.866    -0.0470   2.999356    -0.0472   2.999688    1.64014    -0.1180    13.8155 0.0000e+00  -60.61617  -54.71983 1153459625 202.227166    34.6565     101885         15  0.000e+00
   3001.856    -0.0471   2.999362    -0.0467   2.999664    1.64014    -0.1180    13.8155 0.0000e+00  -60.61617  -54.71983 1153459626 202.227167    34.6567     101886         15  0.000e+00
   3001.866    -0.0470   2.999362    -0.0470   2.999640    1.64014    -0.1395    13.8155 0.0000e+00  -60.61617  -54.71983 1153459626 202.227167    34.6566     101887         15  0.000e+00
   3001.776    -0.0472   2.999383    -0.0469   2.999652    1.64013    -0.0964    13.8155 0.0000e+00  -60.61617  -54.71983 1153459626 202.227168    34.6572     101888         15  0.000e+00
   3001.856    -0.0471   2.999373    -0.0470   2.999640    1.64698    -0.0642    13.8155 0.0000e+00  -60.61617  -54.71983 1153459626 202.227168    34.6569     101889         15  0.000e+00
   3001.786    -0.0468   2.999386    -0.0472   2.999652    1.64011    -0.0642    13.8155 0.0000e+00  -60.61617  -54.71983 1153459626 202.227169    34.6567     101890         15  0.000e+00
   3001.856    -0.0470   2.999410    -0.0469   2.999658    1.64013    -0.0749    13.8155 0.0000e+00  -60.61617  -54.71983 1153459626 202.227169    34.6572     101891         15  0.000e+00
   3001.776    -0.0469   2.999417    -0.0468   2.999658    1.64011    -0.0857    13.8155 0.0000e+00  -60.61617  -54.71983 1153459626 202.227170    34.6573     101892         15  0.000e+00
   3001.786    -0.0469   2.999379    -0.0467   2.999658    1.64011    -0.1395    13.8155 0.0000e+00  -60.61617  -54.71983 1153459626 202.227170    34.6568     101893         15  0.000e+00
   3001.776    -0.0468   2.999386    -0.0469   2.999676    1.64010    -0.1180    13.8155 0.0000e+00  -60.61617  -54.71983 1153459626 202.227171    34.6567     101894         15  0.000e+00
   3001.707    -0.0472   2.999393    -0.0465   2.999688    1.63327    -0.1072    13.8155 0.0000e+00  -60.61617  -54.71983 1153459626 202.227171    34.6574     101895         15  0.000e+00
   3001.777    -0.0466   2.999410    -0.0466   2.999622    1.63325    -0.1180    13.8155 0.0000e+00  -60.61617  -54.71983 1153459626 202.227172    34.6569     101896         15  0.000e+00
   3001.707    -0.0468   2.999410    -0.0466   2.999664    1.63324    -0.1287    13.8155 0.0000e+00  -60.61617  -54.71983 1153459626 202.227172    34.6571     101897         15  0.000e+00
   3001.707    -0.0462   2.999379    -0.0467   2.999664    1.64005    -0.1395    13.8155 0.0000e+00  -60.61617  -54.71983 1153459626 202.227173    34.6560     101898         15  0.000e+00
   3001.707    -0.0468   2.999369    -0.0467   2.999658    1.63325    -0.1180    13.8155 0.0000e+00  -60.61617  -54.71983 1153459626 202.227173    34.6566     101899         15  0.000e+00
   3001.707    -0.0465   2.999386    -0.0467   2.999658    1.64007    -0.1395    13.8155 0.0000e+00  -60.61617  -54.71983 1153459626 202.227174    34.6564     101900         15  0.000e+00
   3001.628    -0.0469   2.999393    -0.0469   2.999676    1.63324    -0.1395    13.8155 0.0000e+00  -60.61617  -54.71983 1153459626 202.227174    34.6571     101901         15  0.000e+00
   3001.628    -0.0468   2.999393    -0.0466   2.999664    1.63323    -0.1180    13.8155 0.0000e+00  -60.61617  -54.71983 1153459626 202.227174    34.6569     101902         15  0.000e+00
   3001.638    -0.0469   2.999393    -0.0464   2.999658    1.63324    -0.1395    13.8155 0.0000e+00  -60.61617  -54.71983 1153459626 202.227175    34.6571     101903         15  0.000e+00
   3001.628    -0.0470   2.999373    -0.0467   2.999640    1.63324    -0.1072    13.8155 0.0000e+00  -60.61617  -54.71983 1153459626 202.227175    34.6568     101904         15  0.000e+00
   3001.628    -0.0469   2.999386    -0.0467   2.999670    1.64008    -0.0964    13.8155 0.0000e+00  -60.61617  -54.71983 1153459626 202.227176    34.6570     101905         15  0.000e+00
   3001.558    -0.0470   2.999410    -0.0465   2.999664    1.63322    -0.1180    13.8155 0.0000e+00  -60.61617  -54.71983 1153459626 202.227176    34.6573     101906         15  0.000e+00
   3001.558    -0.0472   2.999376    -0.0467   2.999616    1.64008    -0.1287    13.8155 0.0000e+00  -60.61617  -54.71983 1153459626 202.227177    34.6572     101907         15  0.000e+00
   3001.558    -0.0466   2.999383    -0.0467   2.999664    1.63321    -0.1287    13.8155 0.0000e+00  -60.61617  -54.71983 1153459626 202.227177    34.6567     101908         15  0.000e+00
   3001.479    -0.0471   2.999393    -0.0469   2.999664    1.64005    -0.1072    13.8155 0.0000e+00  -60.61617  -54.71983 1153459626 202.227178    34.6573     101909         15  0.000e+00
   3001.479    -0.0466   2.999393    -0.0466   2.999658    1.63319    -0.0964    13.8155 0.0000e+00  -60.61617  -54.71983 1153459627 202.227178    34.6568     101910         15  0.000e+00
   3001.479    -0.0466   2.999355    -0.0467   2.999658    1.64003    -0.0857    13.8155 0.0000e+00  -60.61617  -54.71983 1153459627 202.227179    34.6563     101911         15  0.000e+00
   3001.479    -0.0466   2.999362    -0.0473   2.999658    1.63319    -0.1072    13.8155 0.0000e+00  -60.61617  -54.71983 1153459627 202.227179    34.6564     101912         15  0.000e+00
   3001.409    -0.0468   2.999386    -0.0466   2.999658    1.64002    -0.1287    13.8155 0.0000e+00  -60.61617  -54.71983 1153459627 202.227180    34.6569     101913         15  0.000e+00
   3001.399    -0.0466   2.999372    -0.0468   2.999640    1.63317    -0.1180    13.8155 0.0000e+00  -60.61617  -54.71983 1153459627 202.227180    34.6566     101914         15  0.000e+00
   3001.399    -0.0465   2.999403    -0.0467   2.999670    1.63316    -0.1072    13.8155 0.0000e+00  -60.61617  -54.71983 1153459627 202.227181    34.6568     101915         15  0.000e+00
   3001.330    -0.0469   2.999379    -0.0470   2.999646    1.63317    -0.1072    13.8155 0.0000e+00  -60.61617  -54.71983 1153459627 202.227181    34.6570     101916         15  0.000e+00
   3001.330    -0.0466   2.999379    -0.0469   2.999652    1.63316    -0.1395    13.8155 0.0000e+00  -60.61617  -54.71983 1153459627 202.227182    34.6567     101917         15  0.000e+00
   3001.330    -0.0472   2.999372    -0.0472   2.999616    1.63319    -0.1395    13.8155 0.0000e+00  -60.61617  -54.71983 1153459627 202.227182    34.6573     101918         15  0.000e+00
   3001.181    -0.0466   2.999386    -0.0472   2.999622    1.63312    -0.1287    13.8155 0.0000e+00  -60.61617  -54.71983 1153459627 202.227183    34.6569     101919         15  0.000e+00
   3001.399    -0.0469   2.999372    -0.0466   2.999610    1.64003    -0.0749    13.8155 0.0000e+00  -60.61617  -54.71983 1153459627 202.227183    34.6569     101920         15  0.000e+00
   3001.260    -0.0466   2.999386    -0.0466   2.999640    1.63314    -0.0857    13.8155 0.0000e+00  -60.61617  -54.71983 1153459627 202.227184    34.6568     101921         15  0.000e+00
   3001.250    -0.0468   2.999372    -0.0473   2.999640    1.63999    -0.1072    13.8155 0.0000e+00  -60.61617  -54.71983 1153459627 202.227184    34.6568     101922         15  0.000e+00
   3001.171    -0.0473   2.999349    -0.0472   2.999634    1.63316    -0.0749    13.8155 0.0000e+00  -60.61617  -54.71983 1153459627 202.227185    34.6571     101923         15  0.000e+00
   3001.181    -0.0472   2.999362    -0.0470   2.999586    1.63316    -0.0964    13.8155 0.0000e+00  -60.61617  -54.71983 1153459627 202.227185    34.6572     101924         15  0.000e+00
   3001.171    -0.0468   2.999349    -0.0468   2.999616    1.63313    -0.1395    13.8155 0.0000e+00  -60.61617  -54.71983 1153459627 202.227186    34.6566     101925         15  0.000e+00
   3002.238    -0.0470   2.999373    -0.0470   2.999676    1.63338    -0.1502    13.8155 0.0000e+00  -60.61617  -54.71983 1153459633 202.227248    34.6565     102055         16  0.000e+00
   3002.089    -0.0469   2.999403    -0.0470   2.999706    1.63334    -0.2040    13.8155 0.0000e+00  -60.61617  -54.71983 1153459633 202.227249    34.6570     102056         16  0.000e+00
   3002.317    -0.0471   2.999417    -0.0468   2.999670    1.63340    -0.1825    13.8155 0.0000e+00  -60.61617  -54.71983 1153459633 202.227249    34.6572     102057         16  0.000e+00
   3002.238    -0.0469   2.999393    -0.0472   2.999658    1.63337    -0.0857    13.8155 0.0000e+00  -60.61617  -54.71983 1153459633 202.227250    34.6568     102058         16  0.000e+00
   3002.248    -0.0471   2.999390    -0.0470   2.999676    1.63339    -0.0964    13.8155 0.0000e+00  -60.61617  -54.71983 1153459633 202.227250    34.6569     102059         16  0.000e+00
   3002.318    -0.0469   2.999410    -0.0470   2.999688    1.63339    -0.1287    13.8155 0.0000e+00  -60.61617  -54.71983 1153459633 202.227251    34.6570     102060         16  0.000e+00
   3002.318    -0.0474   2.999397    -0.0469   2.999706    1.63342    -0.1072    13.8155 0.0000e+00  -60.61617  -54.71983 1153459633 202.227251    34.6573     102061         16  0.000e+00
   3002.248    -0.0471   2.999393    -0.0473   2.999694    1.63339    -0.0964    13.8155 0.0000e+00  -60.61617  -54.71983 1153459633 202.227252    34.6570     102062         16  0.000e+00
   3002.387    -0.0471   2.999410    -0.0476   2.999646    1.63342    -0.1395    13.8155 0.0000e+00  -60.61617  -54.71983 1153459633 202.227252    34.6571     102063         16  0.000e+00
   3002.318    -0.0471   2.999417    -0.0473   2.999652    1.63340    -0.1072    13.8155 0.0000e+00  -60.61617  -54.71983 1153459633 202.227253    34.6572     102064         16  0.000e+00
   3002.387    -0.0474   2.999380    -0.0472   2.999700    1.63344    -0.0642    13.8155 0.0000e+00  -60.61617  -54.71983 1153459633 202.227253    34.6571     102065         16  0.000e+00
   3002.387    -0.0472   2.999403    -0.0472   2.999694    1.63342    -0.0749    13.8155 0.0000e+00  -60.61617  -54.71983 1153459633 202.227254    34.6572     102066         16  0.000e+00
   3002.397    -0.0466   2.999417    -0.0470   2.999688    1.63339    -0.0749    13.8155 0.0000e+00  -60.61617  -54.71983 1153459633 202.227254    34.6567     102067         16  0.000e+00
   3002.387    -0.0471   2.999427    -0.0472   2.999664    1.63341    -0.0964    13.8155 0.0000e+00  -60.61617  -54.71983 1153459633 202.227255    34.6573     102068         16  0.000e+00
   3002.467    -0.0468   2.999403    -0.0475   2.999658    1.63342    -0.1395    13.8155 0.0000e+00  -60.61617  -54.71983 1153459633 202.227255    34.6566     102069         16  0.000e+00
   3002.467    -0.0466   2.999410    -0.0473   2.999658    1.62657    -0.0964    13.8155 0.0000e+00  -60.61617  -54.71983 1153459633 202.227255    34.6565     102070         16  0.000e+00
   3002.387    -0.0471   2.999434    -0.0467   2.999694    1.63341    -0.0749    13.8155 0.0000e+00  -60.61617  -54.71983 1153459633 202.227256    34.6574     102071         16  0.000e+00
   3002.467    -0.0470   2.999403    -0.0473   2.999670    1.62659    -0.0964    13.8155 0.0000e+00  -60.61617  -54.71983 1153459633 202.227256    34.6568     102072         16  0.000e+00
   3002.467    -0.0468   2.999427    -0.0469   2.999658    1.62657    -0.1395    13.8155 0.0000e+00  -60.61617  -54.71983 1153459633 202.227257    34.6569     102073         16  0.000e+00
   3002.547    -0.0470   2.999441    -0.0470   2.999700    1.63344    -0.1180    13.8155 0.0000e+00  -60.61617  -54.71983 1153459633 202.227257    34.6573     102074         16  0.000e+00
   3002.467    -0.0469   2.999441    -0.0467   2.999694    1.63342    -0.0857    13.8155 0.0000e+00  -60.61617  -54.71983 1153459633 202.227258    34.6573     102075         16  0.000e+00
   3002.467    -0.0465   2.999403    -0.0475   2.999688    1.63340    -0.1287    13.8155 0.0000e+00  -60.61617  -54.71983 1153459633 202.227258    34.6563     102076         16  0.000e+00
   3002.547    -0.0469   2.999444    -0.0469   2.999688    1.63344    -0.1610    13.8155 0.0000e+00  -60.61617  -54.71983 1153459633 202.227259    34.6573     102077         16  0.000e+00
   3002.467    -0.0466   2.999444    -0.0469   2.999664    1.63340    -0.1287    13.8155 0.0000e+00  -60.61617  -54.71983 1153459634 202.227259    34.6570     102078         16  0.000e+00
   3002.547    -0.0468   2.999417    -0.0468   2.999658    1.63343    -0.0857    13.8155 0.0000e+00  -60.61617  -54.71983 1153459634 202.227260    34.6568     102079         16  0.000e+00
   3002.467    -0.0468   2.999414    -0.0469   2.999700    1.63342    -0.0964    13.8155 0.0000e+00  -60.61617  -54.71983 1153459634 202.227260    34.6568     102080         16  0.000e+00
   3002.547    -0.0469   2.999417    -0.0467   2.999736    1.63344    -0.0749    13.8155 0.0000e+00  -60.61617  -54.71983 1153459634 202.227261    34.6569     102081         16  0.000e+00
   3002.547    -0.0468   2.999397    -0.0473   2.999700    1.63344    -0.1072    13.8155 0.0000e+00  -60.61617  -54.71983 1153459634 202.227261    34.6565     102082         16  0.000e+00
   3002.467    -0.0469   2.999427    -0.0463   2.999664    1.63342    -0.1180    13.8155 0.0000e+00  -60.61617  -54.71983 1153459634 202.227262    34.6571     102083         16  0.000e+00
   3002.547    -0.0466   2.999386    -0.0469   2.999700    1.63343    -0.0857    13.8155 0.0000e+00  -60.61617  -54.71983 1153459634 202.227262    34.6562     102084         16  0.000e+00
