product_data/regression_test/downloaded_data/MDGS/320620060703/ctd/p6612101.ros
* Sea-Bird SBE 9 Data File:
* FileName = D:\Data\Raw\p6612101.dat
* Software Version Seasave Win32 V 5.32
* Temperature SN = 1649
* Conductivity SN = 1431
* Number of Bytes Per Scan = 37
* Number of Voltage Words = 5
* Number of Scans Averaged by the Deck Unit = 1
* NMEA Latitude = 61 11.19 S
* NMEA Longitude = 054 32.47 W
* NMEA UTC (Time) = 01:29:36
** Ship:   Nathaniel B. Palmer 
** Cruise:    NBP0606 
# nquan = 17
# nvalues = 1146                    
# units = specified
# name 0 = prDM: Pressure, Digiquartz [db]
# name 1 = t090C: Temperature [ITS-90, deg C]
# name 2 = c0S/m: Conductivity [S/m]
# name 3 = t190C: Temperature, 2 [ITS-90, deg C]
# name 4 = c1S/m: Conductivity, 2 [S/m]
# name 5 = sbeox0ML/L: Oxygen, SBE 43 [ml/l]
# name 6 = flECO-AFL: Fluorescence, Wetlab ECO-AFL/FL [mg/m^3]
# name 7 = bat: Beam Attenuation, Chelsea/Seatech/Wetlab CStar [1/m]
# name 8 = spar: SPAR/Surface Irradiance
# name 9 = latitude: Latitude [deg]
# name 10 = longitude: Longitude [deg]
# name 11 = timeY: Time, System [seconds]
# name 12 = timeJ: Julian Days
# name 13 = sal00: Salinity [PSU]
# name 14 = scan: scan number
# name 15 = nbf: number of bottles fired
# name 16 = flag:  0.000e+00
# interval = seconds: 0.0416667                   
# start_time = Jul 15 2006 01:29:44
*END*
[from data line 86]
    600.896    -0.4019   2.860572    -0.4011   2.860985    6.29007    -0.0426    13.8155 0.0000e+00  -61.18650  -54.54117 1152927969 196.073728    34.5186      23667          2  0.000e+00
    600.848    -0.4018   2.860572    -0.4015   2.860979    6.28501    -0.0426    13.8155 0.0000e+00  -61.18650  -54.54117 1152927969 196.073728    34.5184      23668          2  0.000e+00
    600.896    -0.4013   2.860575    -0.4011   2.860979    6.28998    -0.0964    13.8155 0.0000e+00  -61.18650  -54.54117 1152927969 196.073729    34.5179      23669          2  0.000e+00
    600.848    -0.4016   2.860592    -0.4014   2.860996    6.28997    -0.0642    13.8155 0.0000e+00  -61.18650  -54.54117 1152927969 196.073729    34.5185      23670          2  0.000e+00
    600.829    -0.4015   2.860562    -0.4009   2.861008    6.28996     0.0112    13.8155 0.0000e+00  -61.18650  -54.54117 1152927969 196.073730    34.5180      23671          2  0.000e+00
    600.896    -0.4019   2.860542    -0.4015   2.860985    6.29008    -0.0104    13.8155 0.0000e+00  -61.18650  -54.54117 1152927969 196.073730    34.5182      23672          2  0.000e+00
    600.781    -0.4018   2.860549    -0.4014   2.860955    6.28496    -0.0749    13.8155 0.0000e+00  -61.18650  -54.54117 1152927969 196.073731    34.5182      23673          2  0.000e+00
    600.829    -0.4019   2.860532    -0.4014   2.860990    6.28503    -0.0642    13.8155 0.0000e+00  -61.18650  -54.54117 1152927969 196.073731    34.5181      23674          2  0.000e+00
    600.781    -0.4021   2.860562    -0.4011   2.860985    6.28000    -0.0749    13.8155 0.0000e+00  -61.18650  -54.54117 1152927969 196.073732    34.5187      23675          2  0.000e+00
    600.829    -0.4015   2.860549    -0.4014   2.860996    6.28497    -0.0749    13.8155 0.0000e+00  -61.18650  -54.54117 1152927969 196.073732    34.5178      23676          2  0.000e+00
    600.829    -0.4015   2.860549    -0.4011   2.861008    6.28497    -0.0749    13.8155 0.0000e+00  -61.18650  -54.54117 1152927969 196.073733    34.5178      23677          2  0.000e+00
    600.781    -0.4015   2.860602    -0.4009   2.860985    6.28489    -0.0534    13.8155 0.0000e+00  -61.18650  -54.54117 1152927969 196.073733    34.5185      23678          2  0.000e+00
    500.599    -0.2925   2.864178    -0.2897   2.864849    6.27053    -0.0642    13.8155 0.0000e+00  -61.18650  -54.54117 1152928105 196.075312    34.5027      26951          3  0.000e+00
    500.618    -0.2931   2.864168    -0.2889   2.864855    6.27064    -0.0857    13.8155 0.0000e+00  -61.18650  -54.54117 1152928105 196.075312    34.5033      26952          3  0.000e+00
    500.618    -0.2937   2.864168    -0.2895   2.864855    6.27072    -0.0749    13.8155 0.0000e+00  -61.18650  -54.54117 1152928105 196.075313    34.5040      26953          3  0.000e+00
    500.599    -0.2930   2.864201    -0.2892   2.864855    6.27058    -0.0964    13.8155 0.0000e+00  -61.18650  -54.54117 1152928106 196.075313    34.5036      26954          3  0.000e+00
    500.551    -0.2919   2.864265    -0.2881   2.864832    6.27037    -0.0749    13.8155 0.0000e+00  -61.18650  -54.54117 1152928106 196.075313    34.5033      26955          3  0.000e+00
    500.551    -0.2920   2.864248    -0.2886   2.864867    6.27039    -0.0319    13.8155 0.0000e+00  -61.18650  -54.54117 1152928106 196.075314    34.5032      26956          3  0.000e+00
    500.618    -0.2917   2.864238    -0.2880   2.864861    6.27042    -0.0749    13.8155 0.0000e+00  -61.18650  -54.54117 1152928106 196.075314    34.5027      26957          3  0.000e+00
    500.455    -0.2916   2.864218    -0.2878   2.864873    6.27027    -0.0749    13.8155 0.0000e+00  -61.18650  -54.54117 1152928106 196.075315    34.5023      26958          3  0.000e+00
    500.618    -0.2920   2.864248    -0.2872   2.864844    6.27045    -0.0534    13.8155 0.0000e+00  -61.18650  -54.54117 1152928106 196.075315    34.5032      26959          3  0.000e+00
    500.483    -0.2919   2.864225    -0.2875   2.864826    6.27033    -0.0319    13.8155 0.0000e+00  -61.18650  -54.54117 1152928106 196.075316    34.5028      26960          3  0.000e+00
    500.531    -0.2914   2.864231    -0.2875   2.864826    6.27031    -0.0534    13.8155 0.0000e+00  -61.18650  -54.54117 1152928106 196.075316    34.5023      26961          3  0.000e+00
    500.483    -0.2909   2.864201    -0.2880   2.864808    6.27022    -0.0749    13.8155 0.0000e+00  -61.18650  -54.54117 1152928106 196.075317    34.5014      26962          3  0.000e+00
    500.483    -0.2911   2.864208    -0.2880   2.864779    6.27024    -0.0749    13.8155 0.0000e+00  -61.18650  -54.54117 1152928106 196.075317    34.5016      26963          3  0.000e+00
    500.483    -0.2916   2.864248    -0.2885   2.864773    6.27028    -0.0642    13.8155 0.0000e+00  -61.18650  -54.54117 1152928106 196.075318    34.5027      26964          3  0.000e+00
    500.455    -0.2916   2.864278    -0.2892   2.864773    6.27023    -0.0534    13.8155 0.0000e+00  -61.18650  -54.54117 1152928106 196.075318    34.5031      26965          3  0.000e+00
    500.483    -0.2913   2.864265    -0.2892   2.864797    6.27023    -0.1287    13.8155 0.0000e+00  -61.18650  -54.54117 1152928106 196.075319    34.5026      26966          3  0.000e+00
    500.407    -0.2917   2.864261    -0.2891   2.864756    6.27022    -0.1072    13.8155 0.0000e+00  -61.18650  -54.54117 1152928106 196.075319    34.5031      26967          3  0.000e+00
    500.484    -0.2917   2.864312    -0.2895   2.864791    6.27026    -0.0534    13.8155 0.0000e+00  -61.18650  -54.54117 1152928106 196.075320    34.5037      26968          3  0.000e+00
    500.388    -0.2917   2.864295    -0.2886   2.864802    6.27018    -0.0534    13.8155 0.0000e+00  -61.18650  -54.54117 1152928106 196.075320    34.5036      26969          3  0.000e+00
    500.407    -0.2914   2.864298    -0.2894   2.864785    6.27016    -0.1072    13.8155 0.0000e+00  -61.18650  -54.54117 1152928106 196.075321    34.5032      26970          3  0.000e+00
    500.407    -0.2903   2.864322    -0.2889   2.864797    6.27001    -0.1180    13.8155 0.0000e+00  -61.18650  -54.54117 1152928106 196.075321    34.5023      26971          3  0.000e+00
    500.388    -0.2900   2.864308    -0.2891   2.864802    6.26996    -0.0964    13.8155 0.0000e+00  -61.18650  -54.54117 1152928106 196.075322    34.5018      26972          3  0.000e+00
    500.340    -0.2895   2.864355    -0.2891   2.864785    6.26983    -0.0749    13.8155 0.0000e+00  -61.18650  -54.54117 1152928106 196.075322    34.5019      26973          3  0.000e+00
    500.407    -0.2895   2.864322    -0.2885   2.864773    6.26991    -0.0642    13.8155 0.0000e+00  -61.18650  -54.54117 1152928107 196.075323    34.5015      26974          3  0.000e+00
    500.340    -0.2894   2.864338    -0.2888   2.864791    6.26982    -0.0426    13.8155 0.0000e+00  -61.18650  -54.54117 1152928107 196.075323    34.5015      26975          3  0.000e+00
    500.388    -0.2895   2.864315    -0.2883   2.864785    6.26990    -0.0642    13.8155 0.0000e+00  -61.18650  -54.54117 1152928107 196.075324    34.5014      26976          3  0.000e+00
    500.340    -0.2895   2.864338    -0.2883   2.864773    6.26984    -0.0534    13.8155 0.0000e+00  -61.18650  -54.54117 1152928107 196.075324    34.5017      26977          3  0.000e+00
    500.340    -0.2897   2.864368    -0.2883   2.864773    6.26984     0.0004    13.8155 0.0000e+00  -61.18650  -54.54117 1152928107 196.075325    34.5023      26978          3  0.000e+00
    500.311    -0.2894   2.864355    -0.2885   2.864738    6.26978     0.0112    13.8155 0.0000e+00  -61.18650  -54.54117 1152928107 196.075325    34.5018      26979          3  0.000e+00
    500.263    -0.2899   2.864385    -0.2888   2.864720    6.26979    -0.0534    13.8155 0.0000e+00  -61.18650  -54.54117 1152928107 196.075326    34.5027      26980          3  0.000e+00
    500.340    -0.2895   2.864398    -0.2892   2.864720    6.26981    -0.0749    13.8155 0.0000e+00  -61.18650  -54.54117 1152928107 196.075326    34.5025      26981          3  0.000e+00
    500.263    -0.2892   2.864432    -0.2891   2.864738    6.26968    -0.0642    13.8155 0.0000e+00  -61.18650  -54.54117 1152928107 196.075326    34.5027      26982          3  0.000e+00
    500.311    -0.2891   2.864408    -0.2895   2.864744    6.26972    -0.0319    13.8155 0.0000e+00  -61.18650  -54.54117 1152928107 196.075327    34.5022      26983          3  0.000e+00
    500.263    -0.2891   2.864398    -0.2894   2.864726    6.26968    -0.0964    13.8155 0.0000e+00  -61.18650  -54.54117 1152928107 196.075327    34.5021      26984          3  0.000e+00
    500.263    -0.2892   2.864415    -0.2894   2.864761    6.26969    -0.0749    13.8155 0.0000e+00  -61.18650  -54.54117 1152928107 196.075328    34.5024      26985          3  0.000e+00
    500.311    -0.2895   2.864422    -0.2900   2.864732    6.26977    -0.0426    13.8155 0.0000e+00  -61.18650  -54.54117 1152928107 196.075328    34.5028      26986          3  0.000e+00
    500.128    -0.2894   2.864402    -0.2894   2.864755    6.26960    -0.0319    13.8155 0.0000e+00  -61.18650  -54.54117 1152928107 196.075329    34.5025      26987          3  0.000e+00
    500.340    -0.2892   2.864432    -0.2891   2.864738    6.26975    -0.0319    13.8155 0.0000e+00  -61.18650  -54.54117 1152928107 196.075329    34.5026      26988          3  0.000e+00
    500.263    -0.2891   2.864408    -0.2886   2.864779    6.26967    -0.0534    13.8155 0.0000e+00  -61.18650  -54.54117 1152928107 196.075330    34.5022      26989          3  0.000e+00
    500.244    -0.2886   2.864398    -0.2880   2.864838    6.26960    -0.0426    13.8155 0.0000e+00  -61.18650  -54.54117 1152928107 196.075330    34.5015      26990          3  0.000e+00
    500.263    -0.2889   2.864415    -0.2875   2.864838    6.26965     0.0112    13.8155 0.0000e+00  -61.18650  -54.54117 1152928107 196.075331    34.5021      26991          3  0.000e+00
    500.196    -0.2889   2.864438    -0.2885   2.864826    6.26958     0.0004    13.8155 0.0000e+00  -61.18650  -54.54117 1152928107 196.075331    34.5024      26992          3  0.000e+00
    500.244    -0.2885   2.864425    -0.2878   2.864826    6.26957    -0.0857    13.8155 0.0000e+00  -61.18650  -54.54117 1152928107 196.075332    34.5017      26993          3  0.000e+00
    500.196    -0.2888   2.864438    -0.2878   2.864867    6.26956    -0.0964    13.8155 0.0000e+00  -61.18650  -54.54117 1152928107 196.075332    34.5023      26994          3  0.000e+00
    500.263    -0.2891   2.864445    -0.2886   2.864879    6.26965    -0.0857    13.8155 0.0000e+00  -61.18650  -54.54117 1152928107 196.075333    34.5027      26995          3  0.000e+00
    500.263    -0.2889   2.864425    -0.2875   2.864896    6.26964    -0.0749    13.8155 0.0000e+00  -61.18650  -54.54117 1152928107 196.075333    34.5022      26996          4  0.000e+00
    500.100    -0.2891   2.864422    -0.2872   2.864931    6.26952    -0.1180    13.8155 0.0000e+00  -61.18650  -54.54117 1152928107 196.075334    34.5025      26997          4  0.000e+00
    500.196    -0.2894   2.864438    -0.2872   2.864937    6.26964    -0.1395    13.8155 0.0000e+00  -61.18650  -54.54117 1152928107 196.075334    34.5029      26998          4  0.000e+00
    500.052    -0.2897   2.864392    -0.2872   2.864937    6.26958    -0.1395    13.8155 0.0000e+00  -61.18650  -54.54117 1152928107 196.075335    34.5028      26999          4  0.000e+00
    500.388    -0.2891   2.864408    -0.2874   2.864937    6.26978    -0.0426    13.8155 0.0000e+00  -61.18650  -54.54117 1152928107 196.075335    34.5021      27000          4  0.000e+00
    500.196    -0.2891   2.864422    -0.2878   2.864873    6.26961    -0.0534    13.8155 0.0000e+00  -61.18650  -54.54117 1152928107 196.075336    34.5024      27001          4  0.000e+00
    500.263    -0.2889   2.864439    -0.2885   2.864855    6.26964    -0.0426    13.8155 0.0000e+00  -61.18650  -54.54117 1152928108 196.075336    34.5024      27002          4  0.000e+00
    500.129    -0.2882   2.864459    -0.2878   2.864855    6.26941    -0.0319    13.8155 0.0000e+00  -61.18650  -54.54117 1152928108 196.075337    34.5019      27003          4  0.000e+00
    500.244    -0.2880   2.864482    -0.2880   2.864855    6.26947     0.0004    13.8155 0.0000e+00  -61.18650  -54.54117 1152928108 196.075337    34.5019      27004          4  0.000e+00
    500.196    -0.2882   2.864539    -0.2889   2.864814    6.26942    -0.0534    13.8155 0.0000e+00  -61.18650  -54.54117 1152928108 196.075338    34.5029      27005          4  0.000e+00
    500.196    -0.2880   2.864626    -0.2894   2.864785    6.26935    -0.0642    13.8155 0.0000e+00  -61.18650  -54.54117 1152928108 196.075338    34.5039      27006          4  0.000e+00
    500.177    -0.2872   2.864649    -0.2886   2.864832    6.26922    -0.0534    13.8155 0.0000e+00  -61.18650  -54.54117 1152928108 196.075339    34.5033      27007          4  0.000e+00
    500.196    -0.2874   2.864649    -0.2872   2.864855    6.26926    -0.0426    13.8155 0.0000e+00  -61.18650  -54.54117 1152928108 196.075339    34.5035      27008          4  0.000e+00
    500.196    -0.2874   2.864666    -0.2869   2.864855    6.26925    -0.0749    13.8155 0.0000e+00  -61.18650  -54.54117 1152928108 196.075340    34.5037      27009          4  0.000e+00
    500.196    -0.2863   2.864652    -0.2871   2.864855    6.26912    -0.0426    13.8155 0.0000e+00  -61.18650  -54.54117 1152928108 196.075340    34.5023      27010          4  0.000e+00
    500.244    -0.2854   2.864719    -0.2867   2.864920    6.26900    -0.0964    13.8155 0.0000e+00  -61.18650  -54.54117 1152928108 196.075340    34.5021      27011          4  0.000e+00
    500.196    -0.2840   2.864759    -0.2867   2.864914    6.26876    -0.1180    13.8155 0.0000e+00  -61.18650  -54.54117 1152928108 196.075341    34.5011      27012          4  0.000e+00
    500.196    -0.2838   2.864816    -0.2869   2.864926    6.26870    -0.0426    13.8155 0.0000e+00  -61.18650  -54.54117 1152928108 196.075341    34.5017      27013          4  0.000e+00
    500.244    -0.2838   2.864763    -0.2867   2.864937    6.26878    -0.0749    13.8155 0.0000e+00  -61.18650  -54.54117 1152928108 196.075342    34.5009      27014          4  0.000e+00
    500.196    -0.2829   2.864776    -0.2877   2.864937    6.26861    -0.0534    13.8155 0.0000e+00  -61.18650  -54.54117 1152928108 196.075342    34.5001      27015          4  0.000e+00
    500.196    -0.2826   2.864803    -0.2878   2.864890    6.26855    -0.0534    13.8155 0.0000e+00  -61.18650  -54.54117 1152928108 196.075343    34.5001      27016          4  0.000e+00
    500.196    -0.2835   2.864776    -0.2883   2.864902    6.26869    -0.0642    13.8155 0.0000e+00  -61.18650  -54.54117 1152928108 196.075343    34.5008      27017          4  0.000e+00
    500.244    -0.2826   2.864729    -0.2881   2.864884    6.26864    -0.1072    13.8155 0.0000e+00  -61.18650  -54.54117 1152928108 196.075344    34.4991      27018          4  0.000e+00
    500.263    -0.2830   2.864682    -0.2888   2.864879    6.26874    -0.0857    13.8155 0.0000e+00  -61.18650  -54.54117 1152928108 196.075344    34.4990      27019          4  0.000e+00
    500.196    -0.2838   2.864652    -0.2883   2.864843    6.26880    -0.0534    13.8155 0.0000e+00  -61.18650  -54.54117 1152928108 196.075345    34.4995      27020          4  0.000e+00
    500.244    -0.2849   2.864632    -0.2881   2.864849    6.26899    -0.0749    13.8155 0.0000e+00  -61.18650  -54.54117 1152928108 196.075345    34.5004      27021          4  0.000e+00
    500.196    -0.2858   2.864592    -0.2885   2.864832    6.26909    -0.1180    13.8155 0.0000e+00  -61.18650  -54.54117 1152928108 196.075346    34.5010      27022          4  0.000e+00
