product_data/regression_test/downloaded_data/MDGS/320620060703/ctd/p6617603.ros
* Sea-Bird SBE 9 Data File:
* FileName = D:\Data\Raw\p6617603.dat
* Software Version Seasave Win32 V 5.32
* Temperature SN = 1649
* Conductivity SN = 1431
* Number of Bytes Per Scan = 37
* Number of Voltage Words = 5
* Number of Scans Averaged by the Deck Unit = 1
* NMEA Latitude = 60 36.97 S
* NMEA Longitude = 054 43.19 W
* NMEA UTC (Time) = 07:01:18
** Ship:   Nathaniel B. Palmer 
** Cruise:    NBP0606 
# nquan = 17
# nvalues = 1176                    
# units = specified
# name 0 = prDM: Pressure, Digiquartz [db]
# name 1 = t090C: Temperature [ITS-90, deg C]
# name 2 = c0S/m: Conductivity [S/m]
# name 3 = t190C: Temperature, 2 [ITS-90, deg C]
# name 4 = c1S/m: Conductivity, 2 [S/m]
# name 5 = sbeox0ML/L: Oxygen, SBE 43 [ml/l]
# name 6 = flECO-AFL: Fluorescence, Wetlab ECO-AFL/FL [mg/m^3]
# name 7 = bat: Beam Attenuation, Chelsea/Seatech/Wetlab CStar [1/m]
# name 8 = spar: SPAR/Surface Irradiance
# name 9 = latitude: Latitude [deg]
# name 10 = longitude: Longitude [deg]
# name 11 = timeY: Time, System [seconds]
# name 12 = timeJ: Julian Days
# name 13 = sal00: Salinity [PSU]
# name 14 = scan: scan number
# name 15 = nbf: number of bottles fired
# name 16 = flag:  0.000e+00
# interval = seconds: 0.0416667                   
# start_time = Jul 21 2006 07:01:26
*END*
[from data line 852]
     50.144    -0.6440   2.790983    -0.6370   2.791895    7.57597     0.2694    13.8155 0.0000e+00  -60.61617  -54.71983 1153465579 202.296076    34.1920       7080         18  0.000e+00
     50.220    -0.6434   2.791053    -0.6372   2.791924    7.57590     0.2909    13.8155 0.0000e+00  -60.61617  -54.71983 1153465579 202.296076    34.1921       7081         18  0.000e+00
     50.144    -0.6424   2.791066    -0.6368   2.791930    7.57567     0.3124    13.8155 0.0000e+00  -60.61617  -54.71983 1153465579 202.296077    34.1913       7082         18  0.000e+00
     50.220    -0.6429   2.791066    -0.6370   2.791930    7.57115     0.2909    13.8155 0.0000e+00  -60.61617  -54.71983 1153465579 202.296077    34.1918       7083         18  0.000e+00
     50.220    -0.6430   2.791086    -0.6372   2.791947    7.57583     0.2586    13.8155 0.0000e+00  -60.61617  -54.71983 1153465579 202.296078    34.1922       7084         18  0.000e+00
     50.144    -0.6423   2.791142    -0.6372   2.791918    7.57560     0.2479    13.8155 0.0000e+00  -60.61617  -54.71983 1153465579 202.296078    34.1922       7085         18  0.000e+00
     50.211    -0.6424   2.791158    -0.6375   2.791924    7.57568     0.2801    13.8155 0.0000e+00  -60.61617  -54.71983 1153465579 202.296079    34.1925       7086         18  0.000e+00
     50.220    -0.6415   2.791175    -0.6376   2.791883    7.57554     0.3232    13.8155 0.0000e+00  -60.61617  -54.71983 1153465579 202.296079    34.1917       7087         18  0.000e+00
     50.220    -0.6412   2.791181    -0.6376   2.791895    7.57548     0.3017    13.8155 0.0000e+00  -60.61617  -54.71983 1153465579 202.296080    34.1914       7088         18  0.000e+00
     50.287    -0.6413   2.791195    -0.6374   2.791907    7.57557     0.2694    13.8155 0.0000e+00  -60.61617  -54.71983 1153465579 202.296080    34.1917       7089         18  0.000e+00
     50.220    -0.6415   2.791201    -0.6373   2.791924    7.57552     0.2801    13.8155 0.0000e+00  -60.61617  -54.71983 1153465579 202.296081    34.1920       7090         18  0.000e+00
     50.287    -0.6413   2.791185    -0.6370   2.791930    7.57558     0.3017    13.8155 0.0000e+00  -60.61617  -54.71983 1153465579 202.296081    34.1916       7091         18  0.000e+00
     50.220    -0.6412   2.791247    -0.6376   2.791930    7.57544     0.3339    13.8155 0.0000e+00  -60.61617  -54.71983 1153465579 202.296082    34.1923       7092         18  0.000e+00
     50.287    -0.6410   2.791238    -0.6375   2.791889    7.57549     0.3124    13.8155 0.0000e+00  -60.61617  -54.71983 1153465579 202.296082    34.1920       7093         18  0.000e+00
     50.287    -0.6409   2.791191    -0.6375   2.791912    7.57550     0.2586    13.8155 0.0000e+00  -60.61617  -54.71983 1153465579 202.296083    34.1912       7094         18  0.000e+00
     50.287    -0.6415   2.791162    -0.6380   2.791889    7.57562     0.2801    13.8155 0.0000e+00  -60.61617  -54.71983 1153465579 202.296083    34.1915       7095         18  0.000e+00
     50.287    -0.6417   2.791191    -0.6401   2.791738    7.57562     0.2909    13.8155 0.0000e+00  -60.61617  -54.71983 1153465579 202.296084    34.1921       7096         18  0.000e+00
     50.287    -0.6413   2.791221    -0.6416   2.791605    7.57555     0.2694    13.8155 0.0000e+00  -60.61617  -54.71983 1153465579 202.296084    34.1921       7097         18  0.000e+00
     50.354    -0.6406   2.791294    -0.6410   2.791599    7.57545     0.2586    13.8155 0.0000e+00  -60.61617  -54.71983 1153465580 202.296085    34.1922       7098         18  0.000e+00
     50.354    -0.6401   2.791399    -0.6424   2.791552    7.57531     0.2479    13.8155 0.0000e+00  -60.61617  -54.71983 1153465580 202.296085    34.1931       7099         18  0.000e+00
     50.287    -0.6395   2.791479    -0.6433   2.791372    7.57509     0.2586    13.8155 0.0000e+00  -60.61617  -54.71983 1153465580 202.296086    34.1935       7100         18  0.000e+00
     50.354    -0.6385   2.791545    -0.6442   2.791279    7.57497     0.2263    13.8155 0.0000e+00  -60.61617  -54.71983 1153465580 202.296086    34.1933       7101         18  0.000e+00
     50.430    -0.6382   2.791525    -0.6450   2.791204    7.57502     0.2694    13.8155 0.0000e+00  -60.61617  -54.71983 1153465580 202.296087    34.1926       7102         18  0.000e+00
     50.354    -0.6380   2.791548    -0.6467   2.791105    7.57956     0.3662    13.8155 0.0000e+00  -60.61617  -54.71983 1153465580 202.296087    34.1927       7103         18  0.000e+00
     50.354    -0.6375   2.791561    -0.6456   2.791082    7.57947     0.3555    13.8155 0.0000e+00  -60.61617  -54.71983 1153465580 202.296087    34.1923       7104         18  0.000e+00
     50.430    -0.6381   2.791578    -0.6433   2.791239    7.57963     0.2801    13.8155 0.0000e+00  -60.61617  -54.71983 1153465580 202.296088    34.1931       7105         18  0.000e+00
     50.430    -0.6378   2.791548    -0.6405   2.791471    7.57493     0.2479    13.8155 0.0000e+00  -60.61617  -54.71983 1153465580 202.296088    34.1924       7106         18  0.000e+00
     50.430    -0.6378   2.791538    -0.6393   2.791628    7.57494     0.2694    13.8155 0.0000e+00  -60.61617  -54.71983 1153465580 202.296089    34.1922       7107         18  0.000e+00
     50.430    -0.6382   2.791538    -0.6395   2.791680    7.57501     0.3124    13.8155 0.0000e+00  -60.61617  -54.71983 1153465580 202.296089    34.1928       7108         18  0.000e+00
     50.497    -0.6379   2.791505    -0.6402   2.791651    7.57506     0.3232    13.8155 0.0000e+00  -60.61617  -54.71983 1153465580 202.296090    34.1920       7109         18  0.000e+00
     50.706    -0.6444   2.790861    -0.6425   2.791390    7.58607     0.2263    13.8155 0.0000e+00  -60.61617  -54.71983 1153465585 202.296148    34.1905       7230         19  0.000e+00
     50.773    -0.6449   2.790835    -0.6422   2.791378    7.58622     0.2694    13.8155 0.0000e+00  -60.61617  -54.71983 1153465585 202.296149    34.1906       7231         19  0.000e+00
     50.706    -0.6457   2.790739    -0.6422   2.791390    7.58634     0.2479    13.8155 0.0000e+00  -60.61617  -54.71983 1153465585 202.296149    34.1902       7232         19  0.000e+00
     50.849    -0.6460   2.790779    -0.6424   2.791378    7.58651     0.2479    13.8155 0.0000e+00  -60.61617  -54.71983 1153465585 202.296150    34.1910       7233         19  0.000e+00
     50.706    -0.6450   2.790831    -0.6425   2.791390    7.58618     0.2586    13.8155 0.0000e+00  -60.61617  -54.71983 1153465585 202.296150    34.1908       7234         19  0.000e+00
     50.706    -0.6446   2.790944    -0.6424   2.791396    7.58603     0.2479    13.8155 0.0000e+00  -60.61617  -54.71983 1153465585 202.296151    34.1918       7235         19  0.000e+00
     50.706    -0.6432   2.790997    -0.6425   2.791396    7.58578     0.2586    13.8155 0.0000e+00  -60.61617  -54.71983 1153465585 202.296151    34.1909       7236         19  0.000e+00
     50.706    -0.6426   2.791020    -0.6417   2.791401    7.58567     0.2479    13.8155 0.0000e+00  -60.61617  -54.71983 1153465585 202.296152    34.1905       7237         19  0.000e+00
     50.639    -0.6426   2.791026    -0.6418   2.791419    7.58560     0.2371    13.8155 0.0000e+00  -60.61617  -54.71983 1153465585 202.296152    34.1907       7238         19  0.000e+00
     50.706    -0.6424   2.791026    -0.6418   2.791465    7.58565     0.2479    13.8155 0.0000e+00  -60.61617  -54.71983 1153465585 202.296153    34.1904       7239         19  0.000e+00
     50.639    -0.6429   2.791006    -0.6412   2.791459    7.58566     0.2694    13.8155 0.0000e+00  -60.61617  -54.71983 1153465585 202.296153    34.1907       7240         19  0.000e+00
     50.639    -0.6432   2.791020    -0.6412   2.791488    7.58570     0.2801    13.8155 0.0000e+00  -60.61617  -54.71983 1153465585 202.296154    34.1913       7241         19  0.000e+00
     50.639    -0.6429   2.791039    -0.6413   2.791506    7.58564     0.2909    13.8155 0.0000e+00  -60.61617  -54.71983 1153465585 202.296154    34.1912       7242         19  0.000e+00
     50.639    -0.6430   2.791013    -0.6407   2.791488    7.59035     0.2801    13.8155 0.0000e+00  -60.61617  -54.71983 1153465586 202.296155    34.1910       7243         19  0.000e+00
     50.639    -0.6444   2.790967    -0.6409   2.791500    7.59060     0.2479    13.8155 0.0000e+00  -60.61617  -54.71983 1153465586 202.296155    34.1920       7244         19  0.000e+00
     50.563    -0.6452   2.790957    -0.6412   2.791483    7.59064     0.2694    13.8155 0.0000e+00  -60.61617  -54.71983 1153465586 202.296155    34.1927       7245         19  0.000e+00
     50.639    -0.6448   2.791023    -0.6419   2.791477    7.59061     0.3017    13.8155 0.0000e+00  -60.61617  -54.71983 1153465586 202.296156    34.1931       7246         19  0.000e+00
     50.563    -0.6432   2.791096    -0.6421   2.791459    7.58556     0.3662    13.8155 0.0000e+00  -60.61617  -54.71983 1153465586 202.296156    34.1924       7247         19  0.000e+00
     50.563    -0.6427   2.791129    -0.6420   2.791454    7.59014     0.3339    13.8155 0.0000e+00  -60.61617  -54.71983 1153465586 202.296157    34.1922       7248         19  0.000e+00
     50.563    -0.6423   2.791185    -0.6424   2.791390    7.59003     0.3124    13.8155 0.0000e+00  -60.61617  -54.71983 1153465586 202.296157    34.1925       7249         19  0.000e+00
     50.563    -0.6417   2.791185    -0.6442   2.791355    7.58994     0.2909    13.8155 0.0000e+00  -60.61617  -54.71983 1153465586 202.296158    34.1918       7250         19  0.000e+00
     50.563    -0.6412   2.791198    -0.6451   2.791262    7.58986     0.3017    13.8155 0.0000e+00  -60.61617  -54.71983 1153465586 202.296158    34.1914       7251         19  0.000e+00
     50.496    -0.6412   2.791135    -0.6461   2.791157    7.58983     0.3124    13.8155 0.0000e+00  -60.61617  -54.71983 1153465586 202.296159    34.1906       7252         19  0.000e+00
     50.563    -0.6418   2.791129    -0.6459   2.791134    7.59000     0.2694    13.8155 0.0000e+00  -60.61617  -54.71983 1153465586 202.296159    34.1912       7253         19  0.000e+00
     50.496    -0.6423   2.791102    -0.6458   2.791093    7.59002     0.2694    13.8155 0.0000e+00  -60.61617  -54.71983 1153465586 202.296160    34.1914       7254         19  0.000e+00
     50.496    -0.6419   2.791092    -0.6458   2.791099    7.58998     0.2909    13.8155 0.0000e+00  -60.61617  -54.71983 1153465586 202.296160    34.1909       7255         19  0.000e+00
     50.496    -0.6418   2.791109    -0.6453   2.791088    7.58995     0.2801    13.8155 0.0000e+00  -60.61617  -54.71983 1153465586 202.296161    34.1910       7256         19  0.000e+00
     50.496    -0.6423   2.791115    -0.6455   2.791117    7.59001     0.2801    13.8155 0.0000e+00  -60.61617  -54.71983 1153465586 202.296161    34.1916       7257         19  0.000e+00
     50.496    -0.6417   2.791115    -0.6453   2.791134    7.58992     0.3017    13.8155 0.0000e+00  -60.61617  -54.71983 1153465586 202.296162    34.1909       7258         19  0.000e+00
     50.429    -0.6423   2.791112    -0.6458   2.791169    7.58994     0.2909    13.8155 0.0000e+00  -60.61617  -54.71983 1153465586 202.296162    34.1916       7259         19  0.000e+00
     50.496    -0.6418   2.791112    -0.6458   2.791186    7.58994     0.3447    13.8155 0.0000e+00  -60.61617  -54.71983 1153465586 202.296163    34.1910       7260         19  0.000e+00
     50.429    -0.6413   2.791165    -0.6456   2.791146    7.58977     0.3555    13.8155 0.0000e+00  -60.61617  -54.71983 1153465586 202.296163    34.1913       7261         19  0.000e+00
     50.429    -0.6417   2.791145    -0.6458   2.791134    7.58983     0.3555    13.8155 0.0000e+00  -60.61617  -54.71983 1153465586 202.296164    34.1913       7262         19  0.000e+00
     50.429    -0.6418   2.791102    -0.6453   2.791111    7.58988     0.3770    13.8155 0.0000e+00  -60.61617  -54.71983 1153465586 202.296164    34.1909       7263         19  0.000e+00
     50.429    -0.6430   2.790990    -0.6453   2.791163    7.59015     0.3232    13.8155 0.0000e+00  -60.61617  -54.71983 1153465586 202.296165    34.1908       7264         19  0.000e+00
     50.429    -0.6444   2.790868    -0.6448   2.791163    7.59045     0.2801    13.8155 0.0000e+00  -60.61617  -54.71983 1153465586 202.296165    34.1907       7265         19  0.000e+00
     50.429    -0.6454   2.790841    -0.6456   2.791175    7.59060     0.2909    13.8155 0.0000e+00  -60.61617  -54.71983 1153465587 202.296166    34.1914       7266         19  0.000e+00
     50.429    -0.6455   2.790845    -0.6456   2.791146    7.59063     0.2909    13.8155 0.0000e+00  -60.61617  -54.71983 1153465587 202.296166    34.1917       7267         19  0.000e+00
     50.353    -0.6452   2.790861    -0.6457   2.791093    7.59049     0.3017    13.8155 0.0000e+00  -60.61617  -54.71983 1153465587 202.296167    34.1916       7268         19  0.000e+00
     50.429    -0.6443   2.790934    -0.6462   2.791099    7.59037     0.2801    13.8155 0.0000e+00  -60.61617  -54.71983 1153465587 202.296167    34.1914       7269         19  0.000e+00
     50.353    -0.6441   2.790973    -0.6470   2.791024    7.59024     0.2801    13.8155 0.0000e+00  -60.61617  -54.71983 1153465587 202.296168    34.1919       7270         19  0.000e+00
     50.429    -0.6441   2.790944    -0.6471   2.791018    7.59034     0.2801    13.8155 0.0000e+00  -60.61617  -54.71983 1153465587 202.296168    34.1914       7271         19  0.000e+00
     50.353    -0.6438   2.790950    -0.6473   2.791029    7.59021     0.2909    13.8155 0.0000e+00  -60.61617  -54.71983 1153465587 202.296168    34.1912       7272         19  0.000e+00
     50.353    -0.6435   2.790937    -0.6467   2.791006    7.59017     0.3124    13.8155 0.0000e+00  -60.61617  -54.71983 1153465587 202.296169    34.1907       7273         19  0.000e+00
     50.353    -0.6437   2.790934    -0.6465   2.791035    7.59020     0.3232    13.8155 0.0000e+00  -60.61617  -54.71983 1153465587 202.296169    34.1908       7274         19  0.000e+00
     50.353    -0.6444   2.790934    -0.6462   2.791035    7.59032     0.3339    13.8155 0.0000e+00  -60.61617  -54.71983 1153465587 202.296170    34.1917       7275         19  0.000e+00
     50.286    -0.6449   2.790917    -0.6465   2.791029    7.59033     0.3017    13.8155 0.0000e+00  -60.61617  -54.71983 1153465587 202.296170    34.1920       7276         19  0.000e+00
     50.353    -0.6450   2.790911    -0.6467   2.791029    7.59043     0.3339    13.8155 0.0000e+00  -60.61617  -54.71983 1153465587 202.296171    34.1921       7277         19  0.000e+00
     50.353    -0.6452   2.790844    -0.6462   2.791029    7.59050     0.3555    13.8155 0.0000e+00  -60.61617  -54.71983 1153465587 202.296171    34.1914       7278         19  0.000e+00
     50.562    -0.6551   2.789910    -0.6505   2.790710    7.59287     0.3017    13.8155 0.0000e+00  -60.61617  -54.71983 1153465592 202.296229    34.1898       7398         20  0.000e+00
     50.638    -0.6546   2.789956    -0.6514   2.790716    7.59285     0.2694    13.8155 0.0000e+00  -60.61617  -54.71983 1153465592 202.296230    34.1898       7399         20  0.000e+00
     50.638    -0.6537   2.790121    -0.6525   2.790710    7.59260     0.2156    13.8155 0.0000e+00  -60.61617  -54.71983 1153465592 202.296230    34.1911       7400         20  0.000e+00
     50.638    -0.6520   2.790336    -0.6527   2.790687    7.59219     0.2586    13.8155 0.0000e+00  -60.61617  -54.71983 1153465592 202.296231    34.1920       7401         20  0.000e+00
     50.638    -0.6496   2.790547    -0.6533   2.790681    7.59166     0.3124    13.8155 0.0000e+00  -60.61617  -54.71983 1153465592 202.296231    34.1921       7402         20  0.000e+00
