product_data/regression_test/downloaded_data/MDGS/320620060703/ctd/p6618904.ros
* Sea-Bird SBE 9 Data File:
* FileName = D:\Data\Raw\p6618904.dat
* Software Version Seasave Win32 V 5.32
* Temperature SN = 1649
* Conductivity SN = 1431
* Number of Bytes Per Scan = 37
* Number of Voltage Words = 5
* Number of Scans Averaged by the Deck Unit = 1
* NMEA Latitude = 60 48.00 S
* NMEA Longitude = 054 37.53 W
* NMEA UTC (Time) = 10:33:37
** Ship:   Nathaniel B. Palmer 
** Cruise:    NBP0606 
# nquan = 17
# nvalues = 1176                    
# units = specified
# name 0 = prDM: Pressure, Digiquartz [db]
# name 1 = t090C: Temperature [ITS-90, deg C]
# name 2 = c0S/m: Conductivity [S/m]
# name 3 = t190C: Temperature, 2 [ITS-90, deg C]
# name 4 = c1S/m: Conductivity, 2 [S/m]
# name 5 = sbeox0ML/L: Oxygen, SBE 43 [ml/l]
# name 6 = flECO-AFL: Fluorescence, Wetlab ECO-AFL/FL [mg/m^3]
# name 7 = bat: Beam Attenuation, Chelsea/Seatech/Wetlab CStar [1/m]
# name 8 = spar: SPAR/Surface Irradiance
# name 9 = latitude: Latitude [deg]
# name 10 = longitude: Longitude [deg]
# name 11 = timeY: Time, System [seconds]
# name 12 = timeJ: Julian Days
# name 13 = sal00: Salinity [PSU]
# name 14 = scan: scan number
# name 15 = nbf: number of bottles fired
# name 16 = flag:  0.000e+00
# interval = seconds: 0.0416667                   
# start_time = Jul 23 2006 10:33:44
*END*
[from data line 681]
     35.601    -0.7928   2.783315    -0.7927   2.783688    7.38254     0.0219    13.8155 0.0000e+00  -60.80000  -54.62550 1153654068 204.477660    34.2660      77900         14  0.000e+00
     35.601    -0.7924   2.783344    -0.7927   2.783653    7.38245     0.0219    13.8155 0.0000e+00  -60.80000  -54.62550 1153654068 204.477660    34.2659      77901         14  0.000e+00
     35.668    -0.7922   2.783318    -0.7927   2.783700    7.38252     0.0219    13.8155 0.0000e+00  -60.80000  -54.62550 1153654068 204.477661    34.2653      77902         14  0.000e+00
     35.534    -0.7928   2.783324    -0.7924   2.783706    7.38247     0.0542    13.8155 0.0000e+00  -60.80000  -54.62550 1153654068 204.477661    34.2662      77903         14  0.000e+00
     35.601    -0.7929   2.783301    -0.7927   2.783700    7.38256     0.0650    13.8155 0.0000e+00  -60.80000  -54.62550 1153654069 204.477662    34.2659      77904         14  0.000e+00
     35.185    -0.7910   2.783479    -0.7906   2.783856    7.38172     0.0757    13.8155 0.0000e+00  -60.80000  -54.62550 1153654077 204.477761    34.2664      78110         15  0.000e+00
     35.118    -0.7904   2.783522    -0.7906   2.783880    7.38154     0.1080    13.8155 0.0000e+00  -60.80000  -54.62550 1153654077 204.477761    34.2663      78111         15  0.000e+00
     35.118    -0.7910   2.783532    -0.7900   2.783862    7.38163     0.0542    13.8155 0.0000e+00  -60.80000  -54.62550 1153654077 204.477762    34.2672      78112         15  0.000e+00
     35.118    -0.7904   2.783552    -0.7900   2.783856    7.38152     0.0650    13.8155 0.0000e+00  -60.80000  -54.62550 1153654077 204.477762    34.2667      78113         15  0.000e+00
     35.109    -0.7900   2.783568    -0.7900   2.783833    7.38145     0.0542    13.8155 0.0000e+00  -60.80000  -54.62550 1153654077 204.477763    34.2666      78114         15  0.000e+00
     35.118    -0.7904   2.783545    -0.7903   2.783862    7.38152     0.0327    13.8155 0.0000e+00  -60.80000  -54.62550 1153654077 204.477763    34.2666      78115         15  0.000e+00
     35.185    -0.7899   2.783549    -0.7906   2.783862    7.38152     0.0327    13.8155 0.0000e+00  -60.80000  -54.62550 1153654077 204.477764    34.2661      78116         15  0.000e+00
     35.118    -0.7906   2.783555    -0.7904   2.783874    7.38156     0.0542    13.8155 0.0000e+00  -60.80000  -54.62550 1153654077 204.477764    34.2671      78117         15  0.000e+00
     35.185    -0.7900   2.783539    -0.7906   2.783880    7.38155     0.0757    13.8155 0.0000e+00  -60.80000  -54.62550 1153654077 204.477765    34.2661      78118         15  0.000e+00
     35.118    -0.7902   2.783532    -0.7898   2.783880    7.38151     0.0327    13.8155 0.0000e+00  -60.80000  -54.62550 1153654077 204.477765    34.2662      78119         15  0.000e+00
     35.175    -0.7902   2.783565    -0.7905   2.783897    7.38155    -0.0104    13.8155 0.0000e+00  -60.80000  -54.62550 1153654077 204.477766    34.2667      78120         15  0.000e+00
     35.185    -0.7904   2.783559    -0.7907   2.783885    7.38158     0.0112    13.8155 0.0000e+00  -60.80000  -54.62550 1153654078 204.477766    34.2668      78121         15  0.000e+00
     35.185    -0.7900   2.783555    -0.7901   2.783885    7.38154     0.0004    13.8155 0.0000e+00  -60.80000  -54.62550 1153654078 204.477767    34.2664      78122         15  0.000e+00
     35.185    -0.7902   2.783539    -0.7901   2.783880    7.38157     0.0112    13.8155 0.0000e+00  -60.80000  -54.62550 1153654078 204.477767    34.2663      78123         15  0.000e+00
     35.252    -0.7905   2.783565    -0.7906   2.783880    7.38167     0.0865    13.8155 0.0000e+00  -60.80000  -54.62550 1153654078 204.477768    34.2670      78124         15  0.000e+00
     35.176    -0.7904   2.783542    -0.7900   2.783920    7.38158     0.0757    13.8155 0.0000e+00  -60.80000  -54.62550 1153654078 204.477768    34.2665      78125         15  0.000e+00
     35.185    -0.7905   2.783516    -0.7901   2.783891    7.38163     0.0542    13.8155 0.0000e+00  -60.80000  -54.62550 1153654078 204.477769    34.2663      78126         15  0.000e+00
     35.252    -0.7904   2.783526    -0.7903   2.783897    7.38167     0.0112    13.8155 0.0000e+00  -60.80000  -54.62550 1153654078 204.477769    34.2663      78127         15  0.000e+00
     35.252    -0.7907   2.783532    -0.7900   2.783909    7.38640     0.0434    13.8155 0.0000e+00  -60.80000  -54.62550 1153654078 204.477770    34.2668      78128         15  0.000e+00
     35.185    -0.7905   2.783549    -0.7898   2.783885    7.38161     0.0327    13.8155 0.0000e+00  -60.80000  -54.62550 1153654078 204.477770    34.2668      78129         15  0.000e+00
     35.252    -0.7904   2.783539    -0.7904   2.783897    7.38166     0.0434    13.8155 0.0000e+00  -60.80000  -54.62550 1153654078 204.477771    34.2664      78130         15  0.000e+00
     35.252    -0.7900   2.783565    -0.7900   2.783926    7.38160     0.0434    13.8155 0.0000e+00  -60.80000  -54.62550 1153654078 204.477771    34.2664      78131         15  0.000e+00
     35.252    -0.7902   2.783562    -0.7901   2.783938    7.38163     0.0757    13.8155 0.0000e+00  -60.80000  -54.62550 1153654078 204.477772    34.2666      78132         15  0.000e+00
     35.252    -0.7905   2.783555    -0.7901   2.783914    7.38167     0.0865    13.8155 0.0000e+00  -60.80000  -54.62550 1153654078 204.477772    34.2668      78133         15  0.000e+00
     35.252    -0.7910   2.783539    -0.7904   2.783909    7.38175     0.0219    13.8155 0.0000e+00  -60.80000  -54.62550 1153654078 204.477772    34.2671      78134         15  0.000e+00
     35.328    -0.7905   2.783549    -0.7901   2.783909    7.38176     0.0219    13.8155 0.0000e+00  -60.80000  -54.62550 1153654078 204.477773    34.2667      78135         15  0.000e+00
     35.252    -0.7907   2.783569    -0.7904   2.783909    7.38169     0.0650    13.8155 0.0000e+00  -60.80000  -54.62550 1153654078 204.477773    34.2672      78136         15  0.000e+00
     35.328    -0.7906   2.783545    -0.7898   2.783885    7.38178     0.0865    13.8155 0.0000e+00  -60.80000  -54.62550 1153654078 204.477774    34.2668      78137         15  0.000e+00
     35.252    -0.7904   2.783549    -0.7900   2.783880    7.38166     0.0865    13.8155 0.0000e+00  -60.80000  -54.62550 1153654078 204.477774    34.2666      78138         15  0.000e+00
     35.328    -0.7904   2.783539    -0.7904   2.783897    7.38174     0.1188    13.8155 0.0000e+00  -60.80000  -54.62550 1153654078 204.477775    34.2664      78139         15  0.000e+00
     35.328    -0.7902   2.783549    -0.7903   2.783868    7.38172     0.1080    13.8155 0.0000e+00  -60.80000  -54.62550 1153654078 204.477775    34.2664      78140         15  0.000e+00
     35.319    -0.7906   2.783555    -0.7904   2.783874    7.38176     0.0972    13.8155 0.0000e+00  -60.80000  -54.62550 1153654078 204.477776    34.2670      78141         15  0.000e+00
     35.328    -0.7908   2.783539    -0.7904   2.783862    7.38649     0.0865    13.8155 0.0000e+00  -60.80000  -54.62550 1153654078 204.477776    34.2669      78142         15  0.000e+00
     35.328    -0.7905   2.783565    -0.7903   2.783874    7.38643     0.0650    13.8155 0.0000e+00  -60.80000  -54.62550 1153654078 204.477777    34.2669      78143         15  0.000e+00
     35.328    -0.7904   2.783542    -0.7910   2.783862    7.38174     0.0542    13.8155 0.0000e+00  -60.80000  -54.62550 1153654079 204.477777    34.2665      78144         15  0.000e+00
     35.395    -0.7904   2.783565    -0.7907   2.783839    7.38179     0.0542    13.8155 0.0000e+00  -60.80000  -54.62550 1153654079 204.477778    34.2667      78145         15  0.000e+00
     35.328    -0.7908   2.783559    -0.7918   2.783810    7.38180     0.0757    13.8155 0.0000e+00  -60.80000  -54.62550 1153654079 204.477778    34.2672      78146         15  0.000e+00
     35.386    -0.7906   2.783572    -0.7916   2.783764    7.38182     0.0327    13.8155 0.0000e+00  -60.80000  -54.62550 1153654079 204.477779    34.2671      78147         15  0.000e+00
     35.328    -0.7904   2.783559    -0.7916   2.783769    7.38173     0.0219    13.8155 0.0000e+00  -60.80000  -54.62550 1153654079 204.477779    34.2667      78148         15  0.000e+00
     35.395    -0.7904   2.783555    -0.7919   2.783775    7.38180     0.0004    13.8155 0.0000e+00  -60.80000  -54.62550 1153654079 204.477780    34.2666      78149         15  0.000e+00
     35.329    -0.7902   2.783555    -0.7918   2.783735    7.38171     0.0327    13.8155 0.0000e+00  -60.80000  -54.62550 1153654079 204.477780    34.2664      78150         15  0.000e+00
     35.395    -0.7905   2.783555    -0.7922   2.783682    7.38182     0.0434    13.8155 0.0000e+00  -60.80000  -54.62550 1153654079 204.477781    34.2667      78151         15  0.000e+00
     35.386    -0.7907   2.783605    -0.7919   2.783729    7.38181     0.0757    13.8155 0.0000e+00  -60.80000  -54.62550 1153654079 204.477781    34.2677      78152         15  0.000e+00
     35.395    -0.7904   2.783572    -0.7918   2.783752    7.38647     0.1080    13.8155 0.0000e+00  -60.80000  -54.62550 1153654079 204.477782    34.2668      78153         15  0.000e+00
     35.395    -0.7905   2.783555    -0.7919   2.783769    7.38650     0.0650    13.8155 0.0000e+00  -60.80000  -54.62550 1153654079 204.477782    34.2667      78154         15  0.000e+00
     35.395    -0.7902   2.783555    -0.7921   2.783758    7.38646     0.0542    13.8155 0.0000e+00  -60.80000  -54.62550 1153654079 204.477783    34.2664      78155         15  0.000e+00
     35.462    -0.7905   2.783555    -0.7918   2.783729    7.38657     0.0757    13.8155 0.0000e+00  -60.80000  -54.62550 1153654079 204.477783    34.2667      78156         15  0.000e+00
     35.395    -0.7905   2.783539    -0.7923   2.783688    7.38651     0.0865    13.8155 0.0000e+00  -60.80000  -54.62550 1153654079 204.477784    34.2665      78157         15  0.000e+00
     35.386    -0.7905   2.783565    -0.7927   2.783648    7.38649     0.1080    13.8155 0.0000e+00  -60.80000  -54.62550 1153654079 204.477784    34.2669      78158         15  0.000e+00
     19.789    -0.8332   2.778396    -0.8325   2.778782    7.47386     0.0650    13.8155 0.0000e+00  -60.80000  -54.62550 1153654148 204.478583    34.2550      79814         16  0.000e+00
     19.741    -0.8329   2.778383    -0.8326   2.778794    7.47378     0.0112    13.8155 0.0000e+00  -60.80000  -54.62550 1153654148 204.478583    34.2545      79815         16  0.000e+00
     19.789    -0.8328   2.778350    -0.8326   2.778753    7.47850     0.0219    13.8155 0.0000e+00  -60.80000  -54.62550 1153654148 204.478584    34.2539      79816         16  0.000e+00
     19.808    -0.8329   2.778373    -0.8330   2.778742    7.47853     0.0650    13.8155 0.0000e+00  -60.80000  -54.62550 1153654148 204.478584    34.2544      79817         16  0.000e+00
     19.665    -0.8334   2.778386    -0.8326   2.778742    7.47844     0.0865    13.8155 0.0000e+00  -60.80000  -54.62550 1153654148 204.478585    34.2552      79818         16  0.000e+00
     19.722    -0.8332   2.778367    -0.8329   2.778742    7.47849     0.1188    13.8155 0.0000e+00  -60.80000  -54.62550 1153654148 204.478585    34.2547      79819         16  0.000e+00
     19.741    -0.8332   2.778393    -0.8329   2.778713    7.47849     0.0757    13.8155 0.0000e+00  -60.80000  -54.62550 1153654148 204.478586    34.2550      79820         16  0.000e+00
     19.722    -0.8331   2.778406    -0.8335   2.778730    7.47376     0.0542    13.8155 0.0000e+00  -60.80000  -54.62550 1153654148 204.478586    34.2550      79821         16  0.000e+00
     19.665    -0.8335   2.778373    -0.8327   2.778742    7.47379     0.0650    13.8155 0.0000e+00  -60.80000  -54.62550 1153654148 204.478587    34.2551      79822         16  0.000e+00
     19.722    -0.8324   2.778380    -0.8327   2.778742    7.47836     0.0327    13.8155 0.0000e+00  -60.80000  -54.62550 1153654148 204.478587    34.2540      79823         16  0.000e+00
     19.665    -0.8331   2.778383    -0.8325   2.778742    7.47372     0.0542    13.8155 0.0000e+00  -60.80000  -54.62550 1153654149 204.478587    34.2548      79824         16  0.000e+00
     19.646    -0.8328   2.778403    -0.8327   2.778742    7.47831     0.0865    13.8155 0.0000e+00  -60.80000  -54.62550 1153654149 204.478588    34.2547      79825         16  0.000e+00
     19.665    -0.8326   2.778390    -0.8326   2.778759    7.47832     0.0972    13.8155 0.0000e+00  -60.80000  -54.62550 1153654149 204.478588    34.2543      79826         16  0.000e+00
     19.665    -0.8331   2.778386    -0.8327   2.778748    7.47839     0.0865    13.8155 0.0000e+00  -60.80000  -54.62550 1153654149 204.478589    34.2548      79827         16  0.000e+00
     19.580    -0.8329   2.778350    -0.8332   2.778759    7.47831     0.0757    13.8155 0.0000e+00  -60.80000  -54.62550 1153654149 204.478589    34.2542      79828         16  0.000e+00
     19.599    -0.8324   2.778370    -0.8329   2.778724    7.47824     0.0865    13.8155 0.0000e+00  -60.80000  -54.62550 1153654149 204.478590    34.2539      79829         16  0.000e+00
     19.646    -0.8331   2.778383    -0.8327   2.778730    7.47837     0.0865    13.8155 0.0000e+00  -60.80000  -54.62550 1153654149 204.478590    34.2548      79830         16  0.000e+00
     19.599    -0.8329   2.778367    -0.8329   2.778742    7.47831     0.0434    13.8155 0.0000e+00  -60.80000  -54.62550 1153654149 204.478591    34.2544      79831         16  0.000e+00
     19.580    -0.8331   2.778380    -0.8332   2.778719    7.47831     0.0327    13.8155 0.0000e+00  -60.80000  -54.62550 1153654149 204.478591    34.2548      79832         16  0.000e+00
     19.599    -0.8329   2.778403    -0.8325   2.778730    7.47829     0.0434    13.8155 0.0000e+00  -60.80000  -54.62550 1153654149 204.478592    34.2549      79833         16  0.000e+00
     19.513    -0.8332   2.778390    -0.8326   2.778701    7.47825     0.0327    13.8155 0.0000e+00  -60.80000  -54.62550 1153654149 204.478592    34.2551      79834         16  0.000e+00
     19.599    -0.8331   2.778383    -0.8323   2.778724    7.47832     0.0650    13.8155 0.0000e+00  -60.80000  -54.62550 1153654149 204.478593    34.2548      79835         16  0.000e+00
     19.513    -0.8328   2.778386    -0.8330   2.778742    7.47819     0.0650    13.8155 0.0000e+00  -60.80000  -54.62550 1153654149 204.478593    34.2545      79836         16  0.000e+00
     19.532    -0.8324   2.778367    -0.8328   2.778719    7.47817     0.0542    13.8155 0.0000e+00  -60.80000  -54.62550 1153654149 204.478594    34.2539      79837         16  0.000e+00
     19.532    -0.8332   2.778377    -0.8323   2.778730    7.47828     0.0434    13.8155 0.0000e+00  -60.80000  -54.62550 1153654149 204.478594    34.2549      79838         16  0.000e+00
     19.513    -0.8332   2.778383    -0.8330   2.778736    7.47826     0.0434    13.8155 0.0000e+00  -60.80000  -54.62550 1153654149 204.478595    34.2550      79839         16  0.000e+00
     19.532    -0.8324   2.778367    -0.8333   2.778719    7.47817     0.0865    13.8155 0.0000e+00  -60.80000  -54.62550 1153654149 204.478595    34.2539      79840         16  0.000e+00
     19.437    -0.8326   2.778363    -0.8327   2.778713    7.47810     0.0972    13.8155 0.0000e+00  -60.80000  -54.62550 1153654149 204.478596    34.2541      79841         16  0.000e+00
     19.532    -0.8329   2.778380    -0.8326   2.778730    7.47824     0.0650    13.8155 0.0000e+00  -60.80000  -54.62550 1153654149 204.478596    34.2546      79842         16  0.000e+00
     19.437    -0.8329   2.778383    -0.8327   2.778719    7.47813     0.0327    13.8155 0.0000e+00  -60.80000  -54.62550 1153654149 204.478597    34.2547      79843         16  0.000e+00
