product_data/regression_test/downloaded_data/MDGS/320620060703/ctd/p6614901.ros
* Sea-Bird SBE 9 Data File:
* FileName = D:\Data\Raw\p6614901.dat
* Software Version Seasave Win32 V 5.32
* Temperature SN = 1649
* Conductivity SN = 1431
* Number of Bytes Per Scan = 37
* Number of Voltage Words = 5
* Number of Scans Averaged by the Deck Unit = 1
* NMEA Latitude = 60 34.28 S
* NMEA Longitude = 056 44.74 W
* NMEA UTC (Time) = 06:09:01
** Ship:   Nathaniel B. Palmer 
** Cruise:    NBP0606 
# nquan = 17
# nvalues = 1176                    
# units = specified
# name 0 = prDM: Pressure, Digiquartz [db]
# name 1 = t090C: Temperature [ITS-90, deg C]
# name 2 = c0S/m: Conductivity [S/m]
# name 3 = t190C: Temperature, 2 [ITS-90, deg C]
# name 4 = c1S/m: Conductivity, 2 [S/m]
# name 5 = sbeox0ML/L: Oxygen, SBE 43 [ml/l]
# name 6 = flECO-AFL: Fluorescence, Wetlab ECO-AFL/FL [mg/m^3]
# name 7 = bat: Beam Attenuation, Chelsea/Seatech/Wetlab CStar [1/m]
# name 8 = spar: SPAR/Surface Irradiance
# name 9 = latitude: Latitude [deg]
# name 10 = longitude: Longitude [deg]
# name 11 = timeY: Time, System [seconds]
# name 12 = timeJ: Julian Days
# name 13 = sal00: Salinity [PSU]
# name 14 = scan: scan number
# name 15 = nbf: number of bottles fired
# name 16 = flag:  0.000e+00
# interval = seconds: 0.0416667                   
# start_time = Jul 18 2006 06:09:09
*END*
[from data line 341]
    448.993     2.1025   3.077121     2.1031   3.077512    4.33020    -0.0964    13.8155 0.0000e+00  -60.57133  -56.74567 1153205297 199.283546    34.6239      56385          7  0.000e+00
    448.984     2.1023   3.077100     2.1033   3.077500    4.33022    -0.0749    13.8155 0.0000e+00  -60.57133  -56.74567 1153205297 199.283546    34.6239      56386          7  0.000e+00
    401.085     2.0855   3.071240     2.0862   3.071633    4.32802    -0.0642    13.8155 0.0000e+00  -60.57133  -56.74567 1153205386 199.284579    34.5959      58527          8  0.000e+00
    401.085     2.0858   3.071219     2.0862   3.071609    4.32800    -0.0319    13.8155 0.0000e+00  -60.57133  -56.74567 1153205386 199.284579    34.5953      58528          8  0.000e+00
    401.153     2.0855   3.071247     2.0862   3.071621    4.32805    -0.0534    13.8155 0.0000e+00  -60.57133  -56.74567 1153205386 199.284579    34.5959      58529          8  0.000e+00
    401.220     2.0860   3.071243     2.0862   3.071609    4.32805    -0.0534    13.8155 0.0000e+00  -60.57133  -56.74567 1153205386 199.284580    34.5953      58530          8  0.000e+00
    401.153     2.0856   3.071254     2.0860   3.071603    4.32804    -0.0211    13.8155 0.0000e+00  -60.57133  -56.74567 1153205386 199.284580    34.5958      58531          8  0.000e+00
    401.296     2.0860   3.071260     2.0858   3.071603    4.32809    -0.0534    13.8155 0.0000e+00  -60.57133  -56.74567 1153205386 199.284581    34.5955      58532          8  0.000e+00
    401.220     2.0858   3.071260     2.0857   3.071621    4.32806    -0.0319    13.8155 0.0000e+00  -60.57133  -56.74567 1153205386 199.284581    34.5957      58533          8  0.000e+00
    401.296     2.0860   3.071240     2.0857   3.071609    4.32810    -0.0534    13.8155 0.0000e+00  -60.57133  -56.74567 1153205386 199.284582    34.5953      58534          8  0.000e+00
    401.364     2.0855   3.071254     2.0860   3.071621    4.32818    -0.0534    13.8155 0.0000e+00  -60.57133  -56.74567 1153205386 199.284582    34.5959      58535          8  0.000e+00
    401.364     2.0858   3.071260     2.0857   3.071633    4.32815    -0.0749    13.8155 0.0000e+00  -60.57133  -56.74567 1153205386 199.284583    34.5957      58536          8  0.000e+00
    401.364     2.0858   3.071240     2.0862   3.071633    4.32816    -0.0749    13.8155 0.0000e+00  -60.57133  -56.74567 1153205386 199.284583    34.5954      58537          8  0.000e+00
    401.440     2.0856   3.071254     2.0859   3.071633    4.32821    -0.0749    13.8155 0.0000e+00  -60.57133  -56.74567 1153205386 199.284584    34.5957      58538          8  0.000e+00
    401.507     2.0856   3.071281     2.0860   3.071633    4.32824    -0.0964    13.8155 0.0000e+00  -60.57133  -56.74567 1153205386 199.284584    34.5960      58539          8  0.000e+00
    401.536     2.0860   3.071302     2.0864   3.071633    4.32822    -0.0749    13.8155 0.0000e+00  -60.57133  -56.74567 1153205386 199.284585    34.5959      58540          8  0.000e+00
    401.507     2.0858   3.071250     2.0857   3.071633    4.32824    -0.0642    13.8155 0.0000e+00  -60.57133  -56.74567 1153205386 199.284585    34.5954      58541          8  0.000e+00
    401.574     2.0853   3.071254     2.0860   3.071633    4.32832    -0.0104    13.8155 0.0000e+00  -60.57133  -56.74567 1153205386 199.284586    34.5960      58542          8  0.000e+00
    401.651     2.0860   3.071223     2.0866   3.071651    4.32832    -0.0534    13.8155 0.0000e+00  -60.57133  -56.74567 1153205387 199.284586    34.5948      58543          8  0.000e+00
    401.651     2.0855   3.071264     2.0857   3.071639    4.32377    -0.0319    13.8155 0.0000e+00  -60.57133  -56.74567 1153205387 199.284587    34.5959      58544          8  0.000e+00
    401.718     2.0861   3.071233     2.0858   3.071651    4.32834    -0.0534    13.8155 0.0000e+00  -60.57133  -56.74567 1153205387 199.284587    34.5948      58545          8  0.000e+00
    401.718     2.0855   3.071226     2.0859   3.071657    4.32840    -0.0857    13.8155 0.0000e+00  -60.57133  -56.74567 1153205387 199.284588    34.5954      58546          8  0.000e+00
    401.718     2.0858   3.071271     2.0860   3.071682    4.32836    -0.1072    13.8155 0.0000e+00  -60.57133  -56.74567 1153205387 199.284588    34.5956      58547          8  0.000e+00
    401.795     2.0858   3.071267     2.0863   3.071645    4.32841    -0.0964    13.8155 0.0000e+00  -60.57133  -56.74567 1153205387 199.284589    34.5955      58548          8  0.000e+00
    401.862     2.0855   3.071261     2.0862   3.071652    4.32848    -0.0857    13.8155 0.0000e+00  -60.57133  -56.74567 1153205387 199.284589    34.5957      58549          8  0.000e+00
    401.862     2.0856   3.071281     2.0860   3.071676    4.32845    -0.0749    13.8155 0.0000e+00  -60.57133  -56.74567 1153205387 199.284590    34.5958      58550          8  0.000e+00
    401.929     2.0852   3.071268     2.0859   3.071646    4.32854    -0.0964    13.8155 0.0000e+00  -60.57133  -56.74567 1153205387 199.284590    34.5961      58551          8  0.000e+00
    401.929     2.0856   3.071261     2.0852   3.071609    4.32850    -0.0749    13.8155 0.0000e+00  -60.57133  -56.74567 1153205387 199.284591    34.5955      58552          8  0.000e+00
    402.006     2.0856   3.071226     2.0857   3.071603    4.32856    -0.0749    13.8155 0.0000e+00  -60.57133  -56.74567 1153205387 199.284591    34.5950      58553          8  0.000e+00
    402.006     2.0852   3.071226     2.0849   3.071555    4.32860    -0.0319    13.8155 0.0000e+00  -60.57133  -56.74567 1153205387 199.284592    34.5956      58554          8  0.000e+00
    402.006     2.0853   3.071254     2.0846   3.071561    4.32858    -0.0319    13.8155 0.0000e+00  -60.57133  -56.74567 1153205387 199.284592    34.5957      58555          8  0.000e+00
    402.073     2.0849   3.071243     2.0843   3.071549    4.32866    -0.0319    13.8155 0.0000e+00  -60.57133  -56.74567 1153205387 199.284592    34.5961      58556          8  0.000e+00
    402.140     2.0852   3.071254     2.0849   3.071525    4.32867    -0.0426    13.8155 0.0000e+00  -60.57133  -56.74567 1153205387 199.284593    34.5958      58557          8  0.000e+00
    402.169     2.0844   3.071240     2.0843   3.071579    4.32876    -0.0534    13.8155 0.0000e+00  -60.57133  -56.74567 1153205387 199.284593    34.5965      58558          8  0.000e+00
    402.217     2.0847   3.071202     2.0843   3.071555    4.32878    -0.0749    13.8155 0.0000e+00  -60.57133  -56.74567 1153205387 199.284594    34.5956      58559          8  0.000e+00
    402.217     2.0842   3.071185     2.0841   3.071543    4.32883    -0.0534    13.8155 0.0000e+00  -60.57133  -56.74567 1153205387 199.284594    34.5959      58560          8  0.000e+00
    402.217     2.0846   3.071202     2.0844   3.071543    4.32422    -0.0749    13.8155 0.0000e+00  -60.57133  -56.74567 1153205387 199.284595    34.5958      58561          8  0.000e+00
    402.284     2.0839   3.071195     2.0840   3.071543    4.32432    -0.0749    13.8155 0.0000e+00  -60.57133  -56.74567 1153205387 199.284595    34.5964      58562          8  0.000e+00
    402.361     2.0842   3.071202     2.0843   3.071543    4.32891    -0.0642    13.8155 0.0000e+00  -60.57133  -56.74567 1153205387 199.284596    34.5961      58563          8  0.000e+00
    402.361     2.0844   3.071171     2.0843   3.071561    4.32891    -0.0749    13.8155 0.0000e+00  -60.57133  -56.74567 1153205387 199.284596    34.5955      58564          8  0.000e+00
    402.361     2.0841   3.071164     2.0841   3.071549    4.32894    -0.1180    13.8155 0.0000e+00  -60.57133  -56.74567 1153205387 199.284597    34.5958      58565          8  0.000e+00
    402.361     2.0838   3.071144     2.0843   3.071543    4.32897    -0.0857    13.8155 0.0000e+00  -60.57133  -56.74567 1153205388 199.284597    34.5958      58566          8  0.000e+00
    402.428     2.0838   3.071171     2.0846   3.071525    4.32900    -0.0857    13.8155 0.0000e+00  -60.57133  -56.74567 1153205388 199.284598    34.5962      58567          8  0.000e+00
    402.495     2.0839   3.071206     2.0848   3.071579    4.32901    -0.0964    13.8155 0.0000e+00  -60.57133  -56.74567 1153205388 199.284598    34.5964      58568          8  0.000e+00
    402.428     2.0841   3.071175     2.0852   3.071555    4.32440    -0.0964    13.8155 0.0000e+00  -60.57133  -56.74567 1153205388 199.284599    34.5959      58569          8  0.000e+00
    402.495     2.0841   3.071202     2.0851   3.071628    4.32443    -0.0964    13.8155 0.0000e+00  -60.57133  -56.74567 1153205388 199.284599    34.5962      58570          8  0.000e+00
    402.572     2.0842   3.071175     2.0849   3.071592    4.32447    -0.0964    13.8155 0.0000e+00  -60.57133  -56.74567 1153205388 199.284600    34.5956      58571          8  0.000e+00
    402.572     2.0846   3.071178     2.0843   3.071573    4.32901    -0.0534    13.8155 0.0000e+00  -60.57133  -56.74567 1153205388 199.284600    34.5953      58572          8  0.000e+00
    402.524     2.0836   3.071188     2.0846   3.071573    4.32907    -0.0534    13.8155 0.0000e+00  -60.57133  -56.74567 1153205388 199.284601    34.5965      58573          8  0.000e+00
    402.572     2.0844   3.071185     2.0839   3.071549    4.32903    -0.0534    13.8155 0.0000e+00  -60.57133  -56.74567 1153205388 199.284601    34.5956      58574          8  0.000e+00
    402.639     2.0846   3.071185     2.0846   3.071561    4.32448    -0.0749    13.8155 0.0000e+00  -60.57133  -56.74567 1153205388 199.284602    34.5953      58575          8  0.000e+00
    349.956     2.0403   3.061893     2.0410   3.062408    4.37303    -0.0964    13.8155 0.0000e+00  -60.57133  -56.74567 1153205481 199.285678    34.5570      60807          9  0.000e+00
    349.956     2.0401   3.061879     2.0413   3.062396    4.37305    -0.0426    13.8155 0.0000e+00  -60.57133  -56.74567 1153205481 199.285679    34.5570      60808          9  0.000e+00
    349.956     2.0400   3.061927     2.0425   3.062456    4.37759    -0.0749    13.8155 0.0000e+00  -60.57133  -56.74567 1153205481 199.285679    34.5578      60809          9  0.000e+00
    349.956     2.0398   3.061948     2.0421   3.062456    4.37305    -0.0857    13.8155 0.0000e+00  -60.57133  -56.74567 1153205481 199.285679    34.5582      60810          9  0.000e+00
    349.956     2.0408   3.061982     2.0416   3.062474    4.37295    -0.0749    13.8155 0.0000e+00  -60.57133  -56.74567 1153205481 199.285680    34.5576      60811          9  0.000e+00
    349.947     2.0411   3.062068     2.0421   3.062522    4.37289    -0.0964    13.8155 0.0000e+00  -60.57133  -56.74567 1153205481 199.285680    34.5583      60812          9  0.000e+00
    349.956     2.0420   3.062093     2.0430   3.062552    4.37735    -0.1072    13.8155 0.0000e+00  -60.57133  -56.74567 1153205481 199.285681    34.5576      60813          9  0.000e+00
    349.956     2.0423   3.062127     2.0432   3.062564    4.37731    -0.0964    13.8155 0.0000e+00  -60.57133  -56.74567 1153205481 199.285681    34.5577      60814          9  0.000e+00
    349.880     2.0434   3.062196     2.0430   3.062504    4.37259    -0.0749    13.8155 0.0000e+00  -60.57133  -56.74567 1153205481 199.285682    34.5574      60815          9  0.000e+00
    349.957     2.0436   3.062196     2.0436   3.062504    4.37262    -0.0749    13.8155 0.0000e+00  -60.57133  -56.74567 1153205481 199.285682    34.5572      60816          9  0.000e+00
    349.947     2.0433   3.062172     2.0432   3.062528    4.37265    -0.0749    13.8155 0.0000e+00  -60.57133  -56.74567 1153205481 199.285683    34.5572      60817          9  0.000e+00
    349.880     2.0428   3.062185     2.0436   3.062576    4.37265    -0.0642    13.8155 0.0000e+00  -60.57133  -56.74567 1153205481 199.285683    34.5580      60818          9  0.000e+00
    349.957     2.0423   3.062165     2.0440   3.062570    4.37275    -0.0749    13.8155 0.0000e+00  -60.57133  -56.74567 1153205481 199.285684    34.5582      60819          9  0.000e+00
    349.880     2.0427   3.062199     2.0436   3.062570    4.37266    -0.0534    13.8155 0.0000e+00  -60.57133  -56.74567 1153205481 199.285684    34.5583      60820          9  0.000e+00
    349.957     2.0422   3.062196     2.0435   3.062589    4.37730    -0.0211    13.8155 0.0000e+00  -60.57133  -56.74567 1153205481 199.285685    34.5587      60821          9  0.000e+00
    349.880     2.0423   3.062192     2.0435   3.062595    4.37724    -0.0104    13.8155 0.0000e+00  -60.57133  -56.74567 1153205481 199.285685    34.5586      60822          9  0.000e+00
    349.947     2.0425   3.062151     2.0433   3.062595    4.37273    -0.0534    13.8155 0.0000e+00  -60.57133  -56.74567 1153205482 199.285686    34.5578      60823          9  0.000e+00
    349.880     2.0420   3.062141     2.0432   3.062576    4.37274    -0.0749    13.8155 0.0000e+00  -60.57133  -56.74567 1153205482 199.285686    34.5583      60824          9  0.000e+00
    349.880     2.0416   3.062103     2.0430   3.062540    4.37734    -0.1180    13.8155 0.0000e+00  -60.57133  -56.74567 1153205482 199.285687    34.5583      60825          9  0.000e+00
    349.880     2.0414   3.062110     2.0432   3.062576    4.37735    -0.0964    13.8155 0.0000e+00  -60.57133  -56.74567 1153205482 199.285687    34.5585      60826          9  0.000e+00
    349.957     2.0414   3.062079     2.0441   3.062571    4.37286    -0.0964    13.8155 0.0000e+00  -60.57133  -56.74567 1153205482 199.285688    34.5581      60827          9  0.000e+00
    349.880     2.0419   3.062086     2.0443   3.062589    4.37277    -0.0319    13.8155 0.0000e+00  -60.57133  -56.74567 1153205482 199.285688    34.5577      60828          9  0.000e+00
    349.871     2.0420   3.062127     2.0441   3.062595    4.37273    -0.0319    13.8155 0.0000e+00  -60.57133  -56.74567 1153205482 199.285689    34.5581      60829          9  0.000e+00
    349.880     2.0420   3.062086     2.0444   3.062595    4.37276    -0.0534    13.8155 0.0000e+00  -60.57133  -56.74567 1153205482 199.285689    34.5576      60830          9  0.000e+00
    349.880     2.0420   3.062079     2.0444   3.062613    4.37276    -0.0534    13.8155 0.0000e+00  -60.57133  -56.74567 1153205482 199.285690    34.5575      60831          9  0.000e+00
    349.813     2.0425   3.062017     2.0441   3.062607    4.37270    -0.0211    13.8155 0.0000e+00  -60.57133  -56.74567 1153205482 199.285690    34.5562      60832          9  0.000e+00
    349.880     2.0422   3.062086     2.0427   3.062528    4.37274    -0.0319    13.8155 0.0000e+00  -60.57133  -56.74567 1153205482 199.285691    34.5574      60833          9  0.000e+00
    349.880     2.0425   3.062117     2.0416   3.062486    4.37270    -0.0534    13.8155 0.0000e+00  -60.57133  -56.74567 1153205482 199.285691    34.5574      60834          9  0.000e+00
    349.871     2.0420   3.062117     2.0418   3.062414    4.37274    -0.1180    13.8155 0.0000e+00  -60.57133  -56.74567 1153205482 199.285692    34.5579      60835          9  0.000e+00
    349.813     2.0425   3.062096     2.0421   3.062360    4.37267    -0.0534    13.8155 0.0000e+00  -60.57133  -56.74567 1153205482 199.285692    34.5572      60836          9  0.000e+00
    349.880     2.0423   3.062110     2.0428   3.062360    4.37272    -0.0534    13.8155 0.0000e+00  -60.57133  -56.74567 1153205482 199.285693    34.5575      60837          9  0.000e+00
    349.813     2.0419   3.062079     2.0432   3.062342    4.37728    -0.0642    13.8155 0.0000e+00  -60.57133  -56.74567 1153205482 199.285693    34.5577      60838          9  0.000e+00
    349.813     2.0422   3.062086     2.0440   3.062378    4.37725    -0.0964    13.8155 0.0000e+00  -60.57133  -56.74567 1153205482 199.285693    34.5574      60839          9  0.000e+00
