product_data/regression_test/downloaded_data/MDGS/320620060703/ctd/p6618701.cnv
* Sea-Bird SBE 9 Data File:
* FileName = D:\Data\Raw\p6618701.dat
* Software Version Seasave Win32 V 5.32
* Temperature SN = 1649
* Conductivity SN = 1431
* Number of Bytes Per Scan = 37
* Number of Voltage Words = 5
* Number of Scans Averaged by the Deck Unit = 1
* NMEA Latitude = 60 48.00 S
* NMEA Longitude = 054 14.73 W
* NMEA UTC (Time) = 02:15:03
** Ship:   Nathaniel B. Palmer 
** Cruise:    NBP0606 
# nquan = 15
# nvalues = 2022                        
# units = specified
# name 0 = prDM: Pressure, Digiquartz [db]
# name 1 = t090C: Temperature [ITS-90, deg C]
# name 2 = c0S/m: Conductivity [S/m]
# name 3 = t190C: Temperature, 2 [ITS-90, deg C]
# name 4 = c1S/m: Conductivity, 2 [S/m]
# name 5 = sbeox0ML/L: Oxygen, SBE 43 [ml/l]
# name 6 = flECO-AFL: Fluorescence, Wetlab ECO-AFL/FL [mg/m^3]
# name 7 = bat: Beam Attenuation, Chelsea/Seatech/Wetlab CStar [1/m]
# name 8 = spar: SPAR/Surface Irradiance
# name 9 = latitude: Latitude [deg]
# name 10 = longitude: Longitude [deg]
# name 11 = timeY: Time, System [seconds]
# name 12 = timeJ: Julian Days
# name 13 = sal00: Salinity [PSU]
# name 14 = flag: flag
# span 0 =      4.000,   2025.000       
# span 1 =    -1.1336,     1.0695       
# span 2 =   2.741203,   3.014656       
# span 3 =    -1.1342,     1.0710       
# span 4 =   2.741811,   3.015036       
# span 5 =    5.03127,    7.82637       
# span 6 =    -0.1178,     0.3874       
# span 7 =    13.8155,    13.8155       
# span 8 = -9.505e-02, 1.8721e+00       
# span 9 =  -60.80000,  -60.80000       
# span 10 =  -54.24550,  -54.24550      
# span 11 = 1153620927, 1153623658      
# span 12 = 204.094087, 204.125689      
# span 13 =    34.0962,    34.7014      
# span 14 = 0.0000e+00, 0.0000e+00      
# interval = decibars: 1                
# start_time = Jul 23 2006 02:15:11
# bad_flag = -9.990e-29
*END*
[from data line 964]
    968.000     0.9414   3.004654     0.9411   3.004901    5.11189    -0.0808    13.8155 0.0000e+00  -60.80000  -54.24550 1153622236 204.109232    34.6908 0.0000e+00
    969.000     0.9392   3.004500     0.9399   3.004841    5.11050    -0.0885    13.8155 0.0000e+00  -60.80000  -54.24550 1153622238 204.109258    34.6908 0.0000e+00
    970.000     0.9391   3.004544     0.9400   3.004896    5.11139    -0.0864    13.8155 0.0000e+00  -60.80000  -54.24550 1153622240 204.109278    34.6910 0.0000e+00
    971.000     0.9401   3.004670     0.9404   3.004992    5.11249    -0.0888    13.8155 0.0000e+00  -60.80000  -54.24550 1153622241 204.109291    34.6910 0.0000e+00
    972.000     0.9398   3.004673     0.9397   3.004961    5.11360    -0.0899    13.8155 0.0000e+00  -60.80000  -54.24550 1153622242 204.109301    34.6908 0.0000e+00
    973.000     0.9395   3.004689     0.9396   3.004977    5.11321    -0.0787    13.8155 0.0000e+00  -60.80000  -54.24550 1153622243 204.109313    34.6909 0.0000e+00
    974.000     0.9408   3.004838     0.9409   3.005127    5.11313    -0.0896    13.8155 0.0000e+00  -60.80000  -54.24550 1153622245 204.109332    34.6907 0.0000e+00
    975.000     0.9446   3.005241     0.9456   3.005597    5.11416    -0.0798    13.8155 0.0000e+00  -60.80000  -54.24550 1153622246 204.109352    34.6910 0.0000e+00
    976.000     0.9439   3.005192     0.9423   3.005366    5.11492    -0.0785    13.8155 0.0000e+00  -60.80000  -54.24550 1153622248 204.109368    34.6906 0.0000e+00
    977.000     0.9385   3.004745     0.9384   3.005008    5.11565    -0.0985    13.8155 0.0000e+00  -60.80000  -54.24550 1153622249 204.109382    34.6905 0.0000e+00
    978.000     0.9382   3.004737     0.9378   3.004990    5.11603    -0.0822    13.8155 0.0000e+00  -60.80000  -54.24550 1153622250 204.109396    34.6902 0.0000e+00
    979.000     0.9381   3.004795     0.9371   3.004971    5.11543    -0.0917    13.8155 0.0000e+00  -60.80000  -54.24550 1153622251 204.109410    34.6905 0.0000e+00
    980.000     0.9373   3.004737     0.9374   3.005028    5.11667    -0.0994    13.8155 0.0000e+00  -60.80000  -54.24550 1153622253 204.109425    34.6901 0.0000e+00
    981.000     0.9361   3.004646     0.9364   3.004968    5.11737    -0.0889    13.8155 0.0000e+00  -60.80000  -54.24550 1153622255 204.109448    34.6897 0.0000e+00
    982.000     0.9361   3.004698     0.9359   3.004975    5.11955    -0.0831    13.8155 0.0000e+00  -60.80000  -54.24550 1153622257 204.109470    34.6898 0.0000e+00
    983.000     0.9344   3.004607     0.9347   3.004908    5.12051    -0.0901    13.8155 0.0000e+00  -60.80000  -54.24550 1153622258 204.109484    34.6900 0.0000e+00
    984.000     0.9355   3.004756     0.9360   3.005079    5.12018    -0.0916    13.8155 0.0000e+00  -60.80000  -54.24550 1153622259 204.109494    34.6901 0.0000e+00
    985.000     0.9391   3.005146     0.9393   3.005434    5.11969    -0.0867    13.8155 0.0000e+00  -60.80000  -54.24550 1153622260 204.109505    34.6906 0.0000e+00
    986.000     0.9402   3.005283     0.9393   3.005499    5.11994    -0.0992    13.8155 0.0000e+00  -60.80000  -54.24550 1153622261 204.109517    34.6904 0.0000e+00
    987.000     0.9350   3.004821     0.9344   3.005054    5.11867    -0.0843    13.8155 0.0000e+00  -60.80000  -54.24550 1153622262 204.109533    34.6897 0.0000e+00
    988.000     0.9342   3.004772     0.9342   3.005064    5.11809    -0.0948    13.8155 0.0000e+00  -60.80000  -54.24550 1153622264 204.109552    34.6895 0.0000e+00
    989.000     0.9325   3.004658     0.9323   3.004923    5.12015    -0.0823    13.8155 0.0000e+00  -60.80000  -54.24550 1153622265 204.109573    34.6894 0.0000e+00
    990.000     0.9324   3.004702     0.9320   3.004960    5.12282    -0.0888    13.8155 0.0000e+00  -60.80000  -54.24550 1153622267 204.109593    34.6896 0.0000e+00
    991.000     0.9348   3.004987     0.9347   3.005266    5.12466    -0.0898    13.8155 0.0000e+00  -60.80000  -54.24550 1153622269 204.109608    34.6900 0.0000e+00
    992.000     0.9301   3.004573     0.9285   3.004727    5.12597    -0.0866    13.8155 0.0000e+00  -60.80000  -54.24550 1153622270 204.109621    34.6893 0.0000e+00
    993.000     0.9256   3.004213     0.9221   3.004184    5.12597    -0.0883    13.8155 0.0000e+00  -60.80000  -54.24550 1153622271 204.109633    34.6892 0.0000e+00
    994.000     0.9142   3.003185     0.9134   3.003440    5.12846    -0.0872    13.8155 0.0000e+00  -60.80000  -54.24550 1153622272 204.109646    34.6880 0.0000e+00
    995.000     0.9076   3.002630     0.9061   3.002787    5.13229    -0.0807    13.8155 0.0000e+00  -60.80000  -54.24550 1153622273 204.109662    34.6881 0.0000e+00
    996.000     0.9037   3.002304     0.9040   3.002628    5.13544    -0.0947    13.8155 0.0000e+00  -60.80000  -54.24550 1153622275 204.109683    34.6877 0.0000e+00
    997.000     0.9060   3.002562     0.9062   3.002879    5.13710    -0.1011    13.8155 0.0000e+00  -60.80000  -54.24550 1153622277 204.109702    34.6877 0.0000e+00
    998.000     0.9039   3.002394     0.9032   3.002636    5.13775    -0.0817    13.8155 0.0000e+00  -60.80000  -54.24550 1153622278 204.109716    34.6873 0.0000e+00
    999.000     0.9032   3.002381     0.9044   3.002805    5.13776    -0.0941    13.8155 0.0000e+00  -60.80000  -54.24550 1153622279 204.109728    34.6873 0.0000e+00
   1000.000     0.9000   3.002133     0.9002   3.002462    5.14023    -0.0862    13.8155 0.0000e+00  -60.80000  -54.24550 1153622280 204.109741    34.6872 0.0000e+00
   1001.000     0.9006   3.002231     0.9013   3.002559    5.14156    -0.0895    13.8155 0.0000e+00  -60.80000  -54.24550 1153622282 204.109765    34.6872 0.0000e+00
   1002.000     0.9008   3.002297     0.9010   3.002610    5.14188    -0.0921    13.8155 0.0000e+00  -60.80000  -54.24550 1153622284 204.109783    34.6871 0.0000e+00
   1003.000     0.9009   3.002392     0.9027   3.002842    5.14159    -0.0921    13.8155 0.0000e+00  -60.80000  -54.24550 1153622285 204.109796    34.6877 0.0000e+00
   1004.000     0.9073   3.003056     0.9067   3.003281    5.14114    -0.0806    13.8155 0.0000e+00  -60.80000  -54.24550 1153622286 204.109808    34.6884 0.0000e+00
   1005.000     0.9085   3.003214     0.9086   3.003509    5.14001    -0.0940    13.8155 0.0000e+00  -60.80000  -54.24550 1153622287 204.109823    34.6883 0.0000e+00
   1006.000     0.9098   3.003443     0.9090   3.003632    5.13970    -0.0910    13.8155 0.0000e+00  -60.80000  -54.24550 1153622289 204.109841    34.6894 0.0000e+00
   1007.000     0.9085   3.003354     0.9073   3.003567    5.13813    -0.0974    13.8155 0.0000e+00  -60.80000  -54.24550 1153622290 204.109857    34.6890 0.0000e+00
   1008.000     0.9032   3.002943     0.9045   3.003369    5.13760    -0.0899    13.8155 0.0000e+00  -60.80000  -54.24550 1153622292 204.109876    34.6894 0.0000e+00
   1009.000     0.8967   3.002327     0.8965   3.002629    5.13888    -0.0959    13.8155 0.0000e+00  -60.80000  -54.24550 1153622293 204.109894    34.6881 0.0000e+00
   1010.000     0.8933   3.001987     0.8931   3.002300    5.13961    -0.0933    13.8155 0.0000e+00  -60.80000  -54.24550 1153622294 204.109908    34.6872 0.0000e+00
   1011.000     0.8939   3.002136     0.8937   3.002424    5.14104    -0.0881    13.8155 0.0000e+00  -60.80000  -54.24550 1153622295 204.109919    34.6878 0.0000e+00
   1012.000     0.8942   3.002242     0.8946   3.002584    5.14433    -0.0862    13.8155 0.0000e+00  -60.80000  -54.24550 1153622297 204.109934    34.6881 0.0000e+00
   1013.000     0.8947   3.002403     0.8941   3.002649    5.14219    -0.0977    13.8155 0.0000e+00  -60.80000  -54.24550 1153622298 204.109954    34.6891 0.0000e+00
   1014.000     0.8943   3.002434     0.8946   3.002730    5.14278    -0.0896    13.8155 0.0000e+00  -60.80000  -54.24550 1153622300 204.109973    34.6893 0.0000e+00
   1015.000     0.8773   3.000890     0.8762   3.001168    5.14715    -0.0837    13.8155 0.0000e+00  -60.80000  -54.24550 1153622302 204.109990    34.6880 0.0000e+00
   1016.000     0.8808   3.001279     0.8773   3.001274    5.14781    -0.0939    13.8155 0.0000e+00  -60.80000  -54.24550 1153622303 204.110006    34.6886 0.0000e+00
   1017.000     0.8657   3.000002     0.8657   3.000313    5.14860    -0.0796    13.8155 0.0000e+00  -60.80000  -54.24550 1153622304 204.110019    34.6887 0.0000e+00
   1018.000     0.8608   2.999535     0.8633   3.000132    5.15325    -0.0916    13.8155 0.0000e+00  -60.80000  -54.24550 1153622305 204.110033    34.6874 0.0000e+00
   1019.000     0.8309   2.996819     0.8340   2.997459    5.16054    -0.0876    13.8155 0.0000e+00  -60.80000  -54.24550 1153622306 204.110046    34.6859 0.0000e+00
   1020.000     0.8351   2.997273     0.8357   2.997626    5.16247    -0.0878    13.8155 0.0000e+00  -60.80000  -54.24550 1153622308 204.110061    34.6864 0.0000e+00
   1021.000     0.8376   2.997529     0.8382   2.997901    5.16598    -0.0947    13.8155 0.0000e+00  -60.80000  -54.24550 1153622309 204.110077    34.6861 0.0000e+00
   1022.000     0.8330   2.997156     0.8342   2.997606    5.16731    -0.0801    13.8155 0.0000e+00  -60.80000  -54.24550 1153622310 204.110092    34.6856 0.0000e+00
   1023.000     0.8342   2.997316     0.8333   2.997530    5.16805    -0.0903    13.8155 0.0000e+00  -60.80000  -54.24550 1153622312 204.110110    34.6856 0.0000e+00
   1024.000     0.8271   2.996712     0.8270   2.997011    5.16927    -0.0862    13.8155 0.0000e+00  -60.80000  -54.24550 1153622313 204.110129    34.6853 0.0000e+00
   1025.000     0.8296   2.996999     0.8282   2.997176    5.17014    -0.0859    13.8155 0.0000e+00  -60.80000  -54.24550 1153622315 204.110146    34.6853 0.0000e+00
   1026.000     0.8314   2.997226     0.8325   2.997625    5.17099    -0.0912    13.8155 0.0000e+00  -60.80000  -54.24550 1153622316 204.110159    34.6856 0.0000e+00
   1027.000     0.8299   2.997135     0.8301   2.997462    5.17165    -0.0824    13.8155 0.0000e+00  -60.80000  -54.24550 1153622317 204.110169    34.6855 0.0000e+00
   1028.000     0.8311   2.997280     0.8319   2.997674    5.17250    -0.0943    13.8155 0.0000e+00  -60.80000  -54.24550 1153622318 204.110179    34.6855 0.0000e+00
   1029.000     0.8322   2.997432     0.8314   2.997666    5.17296    -0.0802    13.8155 0.0000e+00  -60.80000  -54.24550 1153622319 204.110190    34.6855 0.0000e+00
   1030.000     0.8336   2.997628     0.8323   2.997800    5.17244    -0.0857    13.8155 0.0000e+00  -60.80000  -54.24550 1153622320 204.110202    34.6859 0.0000e+00
   1031.000     0.8298   2.997292     0.8298   2.997611    5.17144    -0.0931    13.8155 0.0000e+00  -60.80000  -54.24550 1153622321 204.110218    34.6852 0.0000e+00
   1032.000     0.8265   2.997041     0.8278   2.997451    5.17381    -0.0910    13.8155 0.0000e+00  -60.80000  -54.24550 1153622323 204.110236    34.6852 0.0000e+00
   1033.000     0.8250   2.996932     0.8239   2.997151    5.17511    -0.0884    13.8155 0.0000e+00  -60.80000  -54.24550 1153622324 204.110255    34.6848 0.0000e+00
   1034.000     0.8240   2.996889     0.8235   2.997131    5.17674    -0.0852    13.8155 0.0000e+00  -60.80000  -54.24550 1153622326 204.110275    34.6849 0.0000e+00
   1035.000     0.8224   2.996783     0.8212   2.996971    5.18029    -0.0861    13.8155 0.0000e+00  -60.80000  -54.24550 1153622328 204.110293    34.6847 0.0000e+00
   1036.000     0.8172   2.996346     0.8199   2.996902    5.18350    -0.0851    13.8155 0.0000e+00  -60.80000  -54.24550 1153622329 204.110307    34.6844 0.0000e+00
   1037.000     0.8209   2.996727     0.8207   2.997019    5.18614    -0.0846    13.8155 0.0000e+00  -60.80000  -54.24550 1153622330 204.110317    34.6845 0.0000e+00
   1038.000     0.8195   2.996638     0.8198   2.996979    5.18663    -0.0909    13.8155 0.0000e+00  -60.80000  -54.24550 1153622331 204.110326    34.6843 0.0000e+00
   1039.000     0.8177   2.996503     0.8181   2.996865    5.18660    -0.0934    13.8155 0.0000e+00  -60.80000  -54.24550 1153622331 204.110335    34.6841 0.0000e+00
   1040.000     0.8157   2.996349     0.8163   2.996735    5.18691    -0.0823    13.8155 0.0000e+00  -60.80000  -54.24550 1153622332 204.110343    34.6837 0.0000e+00
   1041.000     0.8197   2.996789     0.8199   2.997088    5.18713    -0.0934    13.8155 0.0000e+00  -60.80000  -54.24550 1153622333 204.110353    34.6844 0.0000e+00
   1042.000     0.8183   2.996679     0.8174   2.996897    5.18723    -0.0720    13.8155 0.0000e+00  -60.80000  -54.24550 1153622334 204.110365    34.6839 0.0000e+00
   1043.000     0.8185   2.996738     0.8165   2.996825    5.18346    -0.0824    13.8155 0.0000e+00  -60.80000  -54.24550 1153622336 204.110389    34.6839 0.0000e+00
   1044.000     0.8173   2.996682     0.8179   2.997027    5.18154    -0.0817    13.8155 0.0000e+00  -60.80000  -54.24550 1153622338 204.110417    34.6840 0.0000e+00
   1045.000     0.8203   2.997004     0.8200   2.997240    5.18250    -0.0977    13.8155 0.0000e+00  -60.80000  -54.24550 1153622340 204.110434    34.6841 0.0000e+00
   1046.000     0.8204   2.997051     0.8240   2.997694    5.18530    -0.0822    13.8155 0.0000e+00  -60.80000  -54.24550 1153622341 204.110446    34.6840 0.0000e+00
   1047.000     0.8145   2.996531     0.8132   2.996768    5.18346    -0.0950    13.8155 0.0000e+00  -60.80000  -54.24550 1153622342 204.110456    34.6833 0.0000e+00
   1048.000     0.8131   2.996504     0.8136   2.996831    5.18289    -0.0973    13.8155 0.0000e+00  -60.80000  -54.24550 1153622343 204.110466    34.6843 0.0000e+00
   1049.000     0.8212   2.997279     0.8195   2.997402    5.18301    -0.0991    13.8155 0.0000e+00  -60.80000  -54.24550 1153622344 204.110477    34.6843 0.0000e+00
   1050.000     0.8117   2.996403     0.8118   2.996751    5.18349    -0.0978    13.8155 0.0000e+00  -60.80000  -54.24550 1153622345 204.110489    34.6832 0.0000e+00
   1051.000     0.8126   2.996585     0.8143   2.996965    5.18664    -0.0839    13.8155 0.0000e+00  -60.80000  -54.24550 1153622346 204.110502    34.6843 0.0000e+00
   1052.000     0.8221   2.997464     0.8229   2.997821    5.18685    -0.0844    13.8155 0.0000e+00  -60.80000  -54.24550 1153622347 204.110515    34.6841 0.0000e+00
   1053.000     0.8310   2.998327     0.8293   2.998431    5.18332    -0.0994    13.8155 0.0000e+00  -60.80000  -54.24550 1153622348 204.110530    34.6846 0.0000e+00
   1054.000     0.8408   2.999264     0.8403   2.999535    5.18239    -0.0899    13.8155 0.0000e+00  -60.80000  -54.24550 1153622350 204.110548    34.6848 0.0000e+00
   1055.000     0.8314   2.998444     0.8313   2.998740    5.17973    -0.1058    13.8155 0.0000e+00  -60.80000  -54.24550 1153622351 204.110566    34.6845 0.0000e+00
   1056.000     0.8371   2.999028     0.8350   2.999090    5.17878    -0.0830    13.8155 0.0000e+00  -60.80000  -54.24550 1153622353 204.110582    34.6851 0.0000e+00
   1057.000     0.8432   2.999640     0.8435   2.999943    5.17701    -0.0906    13.8155 0.0000e+00  -60.80000  -54.24550 1153622354 204.110596    34.6855 0.0000e+00
   1058.000     0.8399   2.999355     0.8430   2.999942    5.17867    -0.0928    13.8155 0.0000e+00  -60.80000  -54.24550 1153622355 204.110613    34.6850 0.0000e+00
   1059.000     0.8256   2.998067     0.8254   2.998371    5.18065    -0.0891    13.8155 0.0000e+00  -60.80000  -54.24550 1153622357 204.110633    34.6842 0.0000e+00
   1060.000     0.8272   2.998255     0.8282   2.998658    5.18583    -0.0878    13.8155 0.0000e+00  -60.80000  -54.24550 1153622358 204.110648    34.6843 0.0000e+00
   1061.000     0.8154   2.997177     0.8168   2.997671    5.18846    -0.0993    13.8155 0.0000e+00  -60.80000  -54.24550 1153622359 204.110660    34.6832 0.0000e+00
   1062.000     0.8162   2.997333     0.8188   2.997876    5.18921    -0.0867    13.8155 0.0000e+00  -60.80000  -54.24550 1153622360 204.110669    34.6840 0.0000e+00
   1063.000     0.8227   2.997985     0.8219   2.998198    5.18846    -0.0841    13.8155 0.0000e+00  -60.80000  -54.24550 1153622361 204.110678    34.6842 0.0000e+00
