product_data/regression_test/downloaded_data/MDGS/320620060703/ctd/p6618801.ros
* Sea-Bird SBE 9 Data File:
* FileName = D:\Data\Raw\p6618801.dat
* Software Version Seasave Win32 V 5.32
* Temperature SN = 1649
* Conductivity SN = 1431
* Number of Bytes Per Scan = 37
* Number of Voltage Words = 5
* Number of Scans Averaged by the Deck Unit = 1
* NMEA Latitude = 60 48.02 S
* NMEA Longitude = 054 26.19 W
* NMEA UTC (Time) = 04:49:31
** Ship:   Nathaniel B. Palmer 
** Cruise:    NBP0606 
# nquan = 17
# nvalues = 1176                    
# units = specified
# name 0 = prDM: Pressure, Digiquartz [db]
# name 1 = t090C: Temperature [ITS-90, deg C]
# name 2 = c0S/m: Conductivity [S/m]
# name 3 = t190C: Temperature, 2 [ITS-90, deg C]
# name 4 = c1S/m: Conductivity, 2 [S/m]
# name 5 = sbeox0ML/L: Oxygen, SBE 43 [ml/l]
# name 6 = flECO-AFL: Fluorescence, Wetlab ECO-AFL/FL [mg/m^3]
# name 7 = bat: Beam Attenuation, Chelsea/Seatech/Wetlab CStar [1/m]
# name 8 = spar: SPAR/Surface Irradiance
# name 9 = latitude: Latitude [deg]
# name 10 = longitude: Longitude [deg]
# name 11 = timeY: Time, System [seconds]
# name 12 = timeJ: Julian Days
# name 13 = sal00: Salinity [PSU]
# name 14 = scan: scan number
# name 15 = nbf: number of bottles fired
# name 16 = flag:  0.000e+00
# interval = seconds: 0.0416667                   
# start_time = Jul 23 2006 04:49:40
*END*
[from data line 341]
    598.789     0.8553   2.978274     0.8528   2.978286    5.17577    -0.1072    13.8155 0.0000e+00  -60.80033  -54.43650 1153635989 204.268419    34.6558     139474          7  0.000e+00
    598.741     0.8562   2.978376     0.8523   2.978238    5.17559    -0.0964    13.8155 0.0000e+00  -60.80033  -54.43650 1153635989 204.268419    34.6562     139475          7  0.000e+00
    400.577     0.9515   2.975389     0.9478   2.974855    5.21920    -0.0857    13.8155 0.0000e+00  -60.80033  -54.43650 1153636263 204.271584    34.6263     146038          8  0.000e+00
    400.644     0.9589   2.975967     0.9476   2.974861    5.21821    -0.0319    13.8155 0.0000e+00  -60.80033  -54.43650 1153636263 204.271585    34.6255     146039          8  0.000e+00
    400.644     0.9631   2.976215     0.9508   2.975105    5.22235    -0.0964    13.8155 0.0000e+00  -60.80033  -54.43650 1153636263 204.271585    34.6240     146040          8  0.000e+00
    400.577     0.9657   2.976381     0.9527   2.975325    5.21725    -0.1072    13.8155 0.0000e+00  -60.80033  -54.43650 1153636263 204.271586    34.6233     146041          8  0.000e+00
    400.577     0.9673   2.976364     0.9531   2.975462    5.22178    -0.1072    13.8155 0.0000e+00  -60.80033  -54.43650 1153636263 204.271586    34.6213     146042          8  0.000e+00
    400.644     0.9659   2.976119     0.9547   2.975545    5.22209    -0.1287    13.8155 0.0000e+00  -60.80033  -54.43650 1153636263 204.271587    34.6197     146043          8  0.000e+00
    400.644     0.9635   2.975776     0.9563   2.975670    5.21780    -0.1180    13.8155 0.0000e+00  -60.80033  -54.43650 1153636263 204.271587    34.6179     146044          8  0.000e+00
    400.644     0.9609   2.975600     0.9560   2.975670    5.22286    -0.0749    13.8155 0.0000e+00  -60.80033  -54.43650 1153636263 204.271588    34.6186     146045          8  0.000e+00
    400.644     0.9593   2.975426     0.9554   2.975605    5.21841    -0.0426    13.8155 0.0000e+00  -60.80033  -54.43650 1153636263 204.271588    34.6181     146046          8  0.000e+00
    400.644     0.9560   2.975073     0.9555   2.975658    5.21892    -0.0857    13.8155 0.0000e+00  -60.80033  -54.43650 1153636263 204.271589    34.6172     146047          8  0.000e+00
    400.711     0.9521   2.974958     0.9572   2.975801    5.21943    -0.1502    13.8155 0.0000e+00  -60.80033  -54.43650 1153636263 204.271589    34.6199     146048          8  0.000e+00
    400.644     0.9513   2.974971     0.9596   2.975991    5.21946    -0.1180    13.8155 0.0000e+00  -60.80033  -54.43650 1153636263 204.271590    34.6211     146049          8  0.000e+00
    400.644     0.9518   2.974978     0.9609   2.976188    5.21941    -0.1072    13.8155 0.0000e+00  -60.80033  -54.43650 1153636263 204.271590    34.6206     146050          8  0.000e+00
    400.711     0.9521   2.975025     0.9631   2.976402    5.21941    -0.0642    13.8155 0.0000e+00  -60.80033  -54.43650 1153636263 204.271590    34.6209     146051          8  0.000e+00
    400.711     0.9523   2.975046     0.9652   2.976610    5.21938    -0.0211    13.8155 0.0000e+00  -60.80033  -54.43650 1153636263 204.271591    34.6209     146052          8  0.000e+00
    400.644     0.9524   2.974995     0.9657   2.976669    5.21934    -0.0211    13.8155 0.0000e+00  -60.80033  -54.43650 1153636263 204.271591    34.6202     146053          8  0.000e+00
    400.711     0.9515   2.974907     0.9652   2.976580    5.21953    -0.0642    13.8155 0.0000e+00  -60.80033  -54.43650 1153636263 204.271592    34.6200     146054          8  0.000e+00
    400.711     0.9505   2.974815     0.9642   2.976497    5.21967    -0.0642    13.8155 0.0000e+00  -60.80033  -54.43650 1153636263 204.271592    34.6199     146055          8  0.000e+00
    400.712     0.9503   2.974801     0.9647   2.976426    5.21970    -0.0857    13.8155 0.0000e+00  -60.80033  -54.43650 1153636263 204.271593    34.6200     146056          8  0.000e+00
    400.644     0.9496   2.974866     0.9642   2.976426    5.21970    -0.0857    13.8155 0.0000e+00  -60.80033  -54.43650 1153636264 204.271593    34.6216     146057          8  0.000e+00
    400.712     0.9505   2.974988     0.9642   2.976426    5.21959    -0.0642    13.8155 0.0000e+00  -60.80033  -54.43650 1153636264 204.271594    34.6221     146058          8  0.000e+00
    400.712     0.9519   2.975168     0.9644   2.976455    5.21936    -0.0426    13.8155 0.0000e+00  -60.80033  -54.43650 1153636264 204.271594    34.6229     146059          8  0.000e+00
    400.712     0.9543   2.975352     0.9652   2.976497    5.21902    -0.0534    13.8155 0.0000e+00  -60.80033  -54.43650 1153636264 204.271595    34.6226     146060          8  0.000e+00
    400.644     0.9557   2.975457     0.9645   2.976431    5.21878    -0.0319    13.8155 0.0000e+00  -60.80033  -54.43650 1153636264 204.271595    34.6224     146061          8  0.000e+00
    400.712     0.9565   2.975511     0.9630   2.976253    5.21872    -0.0857    13.8155 0.0000e+00  -60.80033  -54.43650 1153636264 204.271596    34.6222     146062          8  0.000e+00
    400.712     0.9576   2.975542     0.9603   2.976003    5.21859    -0.0642    13.8155 0.0000e+00  -60.80033  -54.43650 1153636264 204.271596    34.6214     146063          8  0.000e+00
    400.712     0.9585   2.975671     0.9589   2.975789    5.21843    -0.0642    13.8155 0.0000e+00  -60.80033  -54.43650 1153636264 204.271597    34.6220     146064          8  0.000e+00
    400.644     0.9593   2.975780     0.9574   2.975539    5.21355    -0.0964    13.8155 0.0000e+00  -60.80033  -54.43650 1153636264 204.271597    34.6226     146065          8  0.000e+00
    400.644     0.9603   2.975715     0.9562   2.975337    5.21348    -0.1287    13.8155 0.0000e+00  -60.80033  -54.43650 1153636264 204.271598    34.6207     146066          8  0.000e+00
    400.712     0.9593   2.975491     0.9550   2.975242    5.21843    -0.0857    13.8155 0.0000e+00  -60.80033  -54.43650 1153636264 204.271598    34.6189     146067          8  0.000e+00
    400.644     0.9587   2.975518     0.9552   2.975301    5.21843    -0.0642    13.8155 0.0000e+00  -60.80033  -54.43650 1153636264 204.271599    34.6199     146068          8  0.000e+00
    400.644     0.9606   2.975722     0.9544   2.975325    5.21814    -0.0749    13.8155 0.0000e+00  -60.80033  -54.43650 1153636264 204.271599    34.6205     146069          8  0.000e+00
    400.712     0.9612   2.975885     0.9555   2.975396    5.21335    -0.0857    13.8155 0.0000e+00  -60.80033  -54.43650 1153636264 204.271600    34.6218     146070          8  0.000e+00
    400.644     0.9607   2.975851     0.9569   2.975515    5.21337    -0.0857    13.8155 0.0000e+00  -60.80033  -54.43650 1153636264 204.271600    34.6220     146071          8  0.000e+00
    400.577     0.9601   2.975739     0.9585   2.975753    5.21344    -0.0642    13.8155 0.0000e+00  -60.80033  -54.43650 1153636264 204.271601    34.6213     146072          8  0.000e+00
    400.712     0.9576   2.975746     0.9594   2.975878    5.21849    -0.0319    13.8155 0.0000e+00  -60.80033  -54.43650 1153636264 204.271601    34.6240     146073          8  0.000e+00
    400.577     0.9573   2.975831     0.9608   2.975985    5.21839    -0.0534    13.8155 0.0000e+00  -60.80033  -54.43650 1153636264 204.271602    34.6256     146074          8  0.000e+00
    400.645     0.9584   2.975868     0.9614   2.976092    5.21361    -0.0534    13.8155 0.0000e+00  -60.80033  -54.43650 1153636264 204.271602    34.6248     146075          8  0.000e+00
    400.577     0.9596   2.975895     0.9614   2.976086    5.21341    -0.0534    13.8155 0.0000e+00  -60.80033  -54.43650 1153636264 204.271603    34.6238     146076          8  0.000e+00
    400.577     0.9601   2.975848     0.9614   2.976086    5.21339    -0.0749    13.8155 0.0000e+00  -60.80033  -54.43650 1153636264 204.271603    34.6227     146077          8  0.000e+00
    400.577     0.9589   2.975705     0.9609   2.976098    5.21358    -0.1072    13.8155 0.0000e+00  -60.80033  -54.43650 1153636264 204.271603    34.6222     146078          8  0.000e+00
    400.645     0.9589   2.975644     0.9614   2.976080    5.21366    -0.1180    13.8155 0.0000e+00  -60.80033  -54.43650 1153636264 204.271604    34.6214     146079          8  0.000e+00
    400.501     0.9589   2.975674     0.9606   2.976045    5.21354    -0.0642    13.8155 0.0000e+00  -60.80033  -54.43650 1153636264 204.271604    34.6219     146080          8  0.000e+00
    400.577     0.9592   2.975702     0.9605   2.976039    5.21355    -0.0534    13.8155 0.0000e+00  -60.80033  -54.43650 1153636264 204.271605    34.6218     146081          8  0.000e+00
    400.577     0.9596   2.975729     0.9608   2.976039    5.21349    -0.0319    13.8155 0.0000e+00  -60.80033  -54.43650 1153636265 204.271605    34.6216     146082          8  0.000e+00
    400.501     0.9598   2.975824     0.9605   2.976039    5.21338    -0.0534    13.8155 0.0000e+00  -60.80033  -54.43650 1153636265 204.271606    34.6228     146083          8  0.000e+00
    400.501     0.9609   2.975926     0.9603   2.976045    5.21321    -0.0857    13.8155 0.0000e+00  -60.80033  -54.43650 1153636265 204.271606    34.6229     146084          8  0.000e+00
    400.501     0.9624   2.975984     0.9599   2.976015    5.21302    -0.1287    13.8155 0.0000e+00  -60.80033  -54.43650 1153636265 204.271607    34.6219     146085          8  0.000e+00
    400.501     0.9623   2.975973     0.9599   2.976033    5.21304    -0.0642    13.8155 0.0000e+00  -60.80033  -54.43650 1153636265 204.271607    34.6219     146086          8  0.000e+00
    399.869     0.9615   2.975827     0.9743   2.977205    5.19864    -0.0749    13.8155 0.0000e+00  -60.80033  -54.43650 1153636272 204.271691    34.6212     146259          9  0.000e+00
    399.725     0.9612   2.975776     0.9741   2.977234    5.19859    -0.0857    13.8155 0.0000e+00  -60.80033  -54.43650 1153636272 204.271691    34.6210     146260          9  0.000e+00
    399.725     0.9609   2.975705     0.9743   2.977264    5.19866    -0.1072    13.8155 0.0000e+00  -60.80033  -54.43650 1153636272 204.271692    34.6205     146261          9  0.000e+00
    399.793     0.9607   2.975739     0.9747   2.977258    5.19871    -0.0964    13.8155 0.0000e+00  -60.80033  -54.43650 1153636272 204.271692    34.6210     146262          9  0.000e+00
    399.793     0.9603   2.975830     0.9744   2.977246    5.19872    -0.1180    13.8155 0.0000e+00  -60.80033  -54.43650 1153636272 204.271693    34.6227     146263          9  0.000e+00
    399.725     0.9610   2.975868     0.9734   2.977276    5.19857    -0.0857    13.8155 0.0000e+00  -60.80033  -54.43650 1153636272 204.271693    34.6224     146264          9  0.000e+00
    399.725     0.9609   2.975895     0.9738   2.977294    5.19857    -0.0642    13.8155 0.0000e+00  -60.80033  -54.43650 1153636272 204.271694    34.6229     146265          9  0.000e+00
    399.725     0.9617   2.975902     0.9742   2.977306    5.19849    -0.0642    13.8155 0.0000e+00  -60.80033  -54.43650 1153636272 204.271694    34.6221     146266          9  0.000e+00
    399.725     0.9615   2.975953     0.9746   2.977300    5.19848    -0.0964    13.8155 0.0000e+00  -60.80033  -54.43650 1153636272 204.271695    34.6229     146267          9  0.000e+00
    399.773     0.9629   2.976007     0.9746   2.977264    5.19834    -0.1072    13.8155 0.0000e+00  -60.80033  -54.43650 1153636272 204.271695    34.6221     146268          9  0.000e+00
    399.725     0.9637   2.976092     0.9741   2.977246    5.19818    -0.0749    13.8155 0.0000e+00  -60.80033  -54.43650 1153636272 204.271696    34.6223     146269          9  0.000e+00
    399.725     0.9639   2.976126     0.9760   2.977353    5.19815    -0.0534    13.8155 0.0000e+00  -60.80033  -54.43650 1153636272 204.271696    34.6226     146270          9  0.000e+00
    399.725     0.9645   2.976153     0.9767   2.977436    5.19807    -0.0319    13.8155 0.0000e+00  -60.80033  -54.43650 1153636272 204.271697    34.6222     146271          9  0.000e+00
    399.725     0.9654   2.976197     0.9771   2.977591    5.19795    -0.0749    13.8155 0.0000e+00  -60.80033  -54.43650 1153636272 204.271697    34.6218     146272          9  0.000e+00
    399.725     0.9660   2.976228     0.9782   2.977728    5.19787    -0.0964    13.8155 0.0000e+00  -60.80033  -54.43650 1153636273 204.271698    34.6215     146273          9  0.000e+00
    399.725     0.9667   2.976306     0.9784   2.977877    5.19777    -0.0534    13.8155 0.0000e+00  -60.80033  -54.43650 1153636273 204.271698    34.6218     146274          9  0.000e+00
    399.725     0.9663   2.976361     0.9795   2.977918    5.19778    -0.0749    13.8155 0.0000e+00  -60.80033  -54.43650 1153636273 204.271698    34.6228     146275          9  0.000e+00
    399.726     0.9659   2.976262     0.9806   2.977960    5.19787    -0.0749    13.8155 0.0000e+00  -60.80033  -54.43650 1153636273 204.271699    34.6221     146276          9  0.000e+00
    399.726     0.9648   2.976123     0.9807   2.977978    5.19805    -0.0749    13.8155 0.0000e+00  -60.80033  -54.43650 1153636273 204.271699    34.6215     146277          9  0.000e+00
    399.726     0.9642   2.976143     0.9805   2.977948    5.19811    -0.0319    13.8155 0.0000e+00  -60.80033  -54.43650 1153636273 204.271700    34.6224     146278          9  0.000e+00
    399.793     0.9657   2.976286     0.9805   2.977889    5.19793    -0.0319    13.8155 0.0000e+00  -60.80033  -54.43650 1153636273 204.271700    34.6225     146279          9  0.000e+00
    399.726     0.9670   2.976452     0.9801   2.977883    5.19767    -0.0211    13.8155 0.0000e+00  -60.80033  -54.43650 1153636273 204.271701    34.6233     146280          9  0.000e+00
    399.726     0.9665   2.976439     0.9809   2.977889    5.19773    -0.0534    13.8155 0.0000e+00  -60.80033  -54.43650 1153636273 204.271701    34.6236     146281          9  0.000e+00
    399.793     0.9654   2.976293     0.9812   2.977871    5.19796    -0.0534    13.8155 0.0000e+00  -60.80033  -54.43650 1153636273 204.271702    34.6229     146282          9  0.000e+00
    399.726     0.9663   2.976272     0.9805   2.977883    5.19782    -0.0964    13.8155 0.0000e+00  -60.80033  -54.43650 1153636273 204.271702    34.6217     146283          9  0.000e+00
    399.726     0.9673   2.976299     0.9812   2.977871    5.19771    -0.0642    13.8155 0.0000e+00  -60.80033  -54.43650 1153636273 204.271703    34.6210     146284          9  0.000e+00
    399.793     0.9678   2.976357     0.9802   2.977859    5.19768    -0.0426    13.8155 0.0000e+00  -60.80033  -54.43650 1153636273 204.271703    34.6212     146285          9  0.000e+00
    399.793     0.9682   2.976445     0.9783   2.977805    5.19759    -0.0642    13.8155 0.0000e+00  -60.80033  -54.43650 1153636273 204.271704    34.6218     146286          9  0.000e+00
    399.726     0.9676   2.976612     0.9765   2.977674    5.19753    -0.0857    13.8155 0.0000e+00  -60.80033  -54.43650 1153636273 204.271704    34.6247     146287          9  0.000e+00
    399.793     0.9696   2.976782     0.9754   2.977496    5.20199    -0.0749    13.8155 0.0000e+00  -60.80033  -54.43650 1153636273 204.271705    34.6246     146288          9  0.000e+00
    399.793     0.9713   2.976894     0.9739   2.977317    5.19706    -0.1180    13.8155 0.0000e+00  -60.80033  -54.43650 1153636273 204.271705    34.6241     146289          9  0.000e+00
    399.793     0.9723   2.976993     0.9738   2.977175    5.20161    -0.0749    13.8155 0.0000e+00  -60.80033  -54.43650 1153636273 204.271706    34.6243     146290          9  0.000e+00
    399.793     0.9734   2.977088     0.9731   2.977115    5.19676    -0.0211    13.8155 0.0000e+00  -60.80033  -54.43650 1153636273 204.271706    34.6244     146291          9  0.000e+00
