product_data/regression_test/downloaded_data/MDGS/320620060703/ctd/p6619707.ros
* Sea-Bird SBE 9 Data File:
* FileName = D:\Data\Raw\p6619707.dat
* Software Version Seasave Win32 V 5.32
* Temperature SN = 1649
* Conductivity SN = 1431
* Number of Bytes Per Scan = 37
* Number of Voltage Words = 5
* Number of Scans Averaged by the Deck Unit = 1
* NMEA Latitude = 60 44.99 S
* NMEA Longitude = 058 22.50 W
* NMEA UTC (Time) = 17:29:23
** Ship:   Nathaniel B. Palmer 
** Cruise:    NBP0606 
# nquan = 17
# nvalues = 1176                    
# units = specified
# name 0 = prDM: Pressure, Digiquartz [db]
# name 1 = t090C: Temperature [ITS-90, deg C]
# name 2 = c0S/m: Conductivity [S/m]
# name 3 = t190C: Temperature, 2 [ITS-90, deg C]
# name 4 = c1S/m: Conductivity, 2 [S/m]
# name 5 = sbeox0ML/L: Oxygen, SBE 43 [ml/l]
# name 6 = flECO-AFL: Fluorescence, Wetlab ECO-AFL/FL [mg/m^3]
# name 7 = bat: Beam Attenuation, Chelsea/Seatech/Wetlab CStar [1/m]
# name 8 = spar: SPAR/Surface Irradiance
# name 9 = latitude: Latitude [deg]
# name 10 = longitude: Longitude [deg]
# name 11 = timeY: Time, System [seconds]
# name 12 = timeJ: Julian Days
# name 13 = sal00: Salinity [PSU]
# name 14 = scan: scan number
# name 15 = nbf: number of bottles fired
# name 16 = flag:  0.000e+00
# interval = seconds: 0.0416667                   
# start_time = Jul 25 2006 17:29:31
*END*
[from data line 766]
     48.952    -1.0081   2.736040    -1.0082   2.736385    8.21319     0.1618    13.8155 5.8639e+02  -60.74983  -58.37500 1153850308 206.748951    33.8583      41722         16  0.000e+00
     49.028    -1.0083   2.736027    -1.0082   2.736379    8.21331     0.1403    13.8155 5.8639e+02  -60.74983  -58.37500 1153850308 206.748952    33.8583      41723         16  0.000e+00
     48.952    -1.0086   2.736024    -1.0082   2.736379    8.21328     0.1833    13.8155 5.8639e+02  -60.74983  -58.37500 1153850308 206.748952    33.8586      41724         16  0.000e+00
     49.028    -1.0082   2.736024    -1.0087   2.736344    8.21331     0.1403    13.8155 5.8639e+02  -60.74983  -58.37500 1153850308 206.748953    33.8582      41725         16  0.000e+00
     49.028    -1.0086   2.736024    -1.0090   2.736327    8.21336     0.1618    13.8155 5.8639e+02  -60.74983  -58.37500 1153850308 206.748953    33.8586      41726         16  0.000e+00
     49.028    -1.0083   2.736004    -1.0088   2.736362    8.21333     0.2048    13.8155 5.8639e+02  -60.74983  -58.37500 1153850308 206.748954    33.8580      41727         16  0.000e+00
     49.019    -1.0084   2.736001    -1.0082   2.736356    8.21335     0.2263    13.8155 5.8639e+02  -60.74983  -58.37500 1153850308 206.748954    33.8581      41728         16  0.000e+00
     49.028    -1.0081   2.736018    -1.0087   2.736373    8.21329     0.1833    13.8155 5.8639e+02  -60.74983  -58.37500 1153850308 206.748954    33.8579      41729         16  0.000e+00
     49.095    -1.0086   2.736024    -1.0088   2.736356    8.20871     0.2048    13.8155 5.8639e+02  -60.74983  -58.37500 1153850308 206.748955    33.8585      41730         16  0.000e+00
     49.095    -1.0087   2.736004    -1.0087   2.736350    8.21348     0.2263    13.8155 5.8639e+02  -60.74983  -58.37500 1153850308 206.748955    33.8584      41731         16  0.000e+00
     49.028    -1.0083   2.736034    -1.0087   2.736333    8.20858     0.1941    13.8155 5.8639e+02  -60.74983  -58.37500 1153850308 206.748956    33.8584      41732         16  0.000e+00
     49.161    -1.0084   2.736027    -1.0091   2.736350    8.20876     0.2156    13.8155 5.8639e+02  -60.74983  -58.37500 1153850308 206.748956    33.8584      41733         16  0.000e+00
     49.095    -1.0086   2.736004    -1.0087   2.736350    8.20873     0.2048    13.8155 5.8639e+02  -60.74983  -58.37500 1153850308 206.748957    33.8583      41734         16  0.000e+00
     49.161    -1.0091   2.736018    -1.0087   2.736350    8.20887     0.1618    13.8155 5.8639e+02  -60.74983  -58.37500 1153850308 206.748957    33.8589      41735         16  0.000e+00
     49.161    -1.0084   2.736024    -1.0085   2.736350    8.20876     0.1618    13.8155 5.8639e+02  -60.74983  -58.37500 1153850308 206.748958    33.8583      41736         16  0.000e+00
     49.238    -1.0087   2.736024    -1.0087   2.736356    8.20890     0.1833    13.8155 5.8250e+02  -60.74983  -58.37500 1153850308 206.748958    33.8586      41737         16  0.000e+00
     49.161    -1.0083   2.736024    -1.0088   2.736373    8.20874     0.1833    13.8155 5.8250e+02  -60.74983  -58.37500 1153850308 206.748959    33.8582      41738         16  0.000e+00
     49.304    -1.0086   2.736041    -1.0087   2.736356    8.20894     0.1618    13.8155 5.8250e+02  -60.74983  -58.37500 1153850308 206.748959    33.8586      41739         16  0.000e+00
     30.234    -1.0097   2.734867    -1.0100   2.735232    8.21183     0.2479    13.8155 4.4223e+02  -60.74983  -58.37500 1153850344 206.749374    33.8557      42599         17  0.000e+00
     30.110    -1.0101   2.734840    -1.0097   2.735203    8.21650     0.2479    13.8155 4.4223e+02  -60.74983  -58.37500 1153850344 206.749375    33.8559      42600         17  0.000e+00
     30.244    -1.0093   2.734860    -1.0096   2.735232    8.21179     0.2263    13.8155 4.4223e+02  -60.74983  -58.37500 1153850344 206.749375    33.8553      42601         17  0.000e+00
     30.110    -1.0097   2.734873    -1.0100   2.735232    8.21640     0.1941    13.8155 4.4223e+02  -60.74983  -58.37500 1153850344 206.749375    33.8559      42602         17  0.000e+00
     30.101    -1.0104   2.734824    -1.0097   2.735244    8.21184     0.2048    13.8155 4.4223e+02  -60.74983  -58.37500 1153850344 206.749376    33.8561      42603         17  0.000e+00
     30.177    -1.0101   2.734840    -1.0099   2.735209    8.21186     0.1941    13.8155 4.4223e+02  -60.74983  -58.37500 1153850344 206.749376    33.8559      42604         17  0.000e+00
     30.177    -1.0097   2.734867    -1.0100   2.735198    8.20705     0.2371    13.8155 4.4223e+02  -60.74983  -58.37500 1153850344 206.749377    33.8557      42605         17  0.000e+00
     30.034    -1.0098   2.734840    -1.0097   2.735215    8.21164     0.2263    13.8155 4.4223e+02  -60.74983  -58.37500 1153850344 206.749377    33.8556      42606         17  0.000e+00
     30.167    -1.0098   2.734847    -1.0099   2.735244    8.21651     0.1403    13.8155 4.4223e+02  -60.74983  -58.37500 1153850344 206.749378    33.8556      42607         17  0.000e+00
     30.110    -1.0100   2.734867    -1.0099   2.735209    8.21174     0.1618    13.8155 4.4223e+02  -60.74983  -58.37500 1153850344 206.749378    33.8561      42608         17  0.000e+00
     30.110    -1.0098   2.734840    -1.0096   2.735215    8.21645     0.2156    13.8155 4.4223e+02  -60.74983  -58.37500 1153850345 206.749379    33.8556      42609         17  0.000e+00
     30.110    -1.0097   2.734880    -1.0096   2.735203    8.21639     0.1941    13.8155 4.4223e+02  -60.74983  -58.37500 1153850345 206.749379    33.8560      42610         17  0.000e+00
     30.101    -1.0097   2.734876    -1.0094   2.735215    8.21639     0.1726    13.8155 4.4223e+02  -60.74983  -58.37500 1153850345 206.749380    33.8559      42611         17  0.000e+00
     30.110    -1.0095   2.734857    -1.0094   2.735226    8.21639     0.2048    13.8155 4.4223e+02  -60.74983  -58.37500 1153850345 206.749380    33.8555      42612         17  0.000e+00
     30.110    -1.0098   2.734837    -1.0099   2.735226    8.21645     0.2048    13.8155 4.4223e+02  -60.74983  -58.37500 1153850345 206.749381    33.8555      42613         17  0.000e+00
     30.101    -1.0103   2.734847    -1.0099   2.735261    8.21651     0.1941    13.8155 4.4223e+02  -60.74983  -58.37500 1153850345 206.749381    33.8562      42614         17  0.000e+00
     30.034    -1.0097   2.734866    -1.0099   2.735238    8.21160     0.1941    13.8155 4.4418e+02  -60.74983  -58.37500 1153850345 206.749382    33.8558      42615         17  0.000e+00
     30.110    -1.0101   2.734857    -1.0100   2.735203    8.21649     0.1618    13.8155 4.4418e+02  -60.74983  -58.37500 1153850345 206.749382    33.8562      42616         17  0.000e+00
     30.034    -1.0098   2.734853    -1.0099   2.735180    8.21635     0.1618    13.8155 4.4418e+02  -60.74983  -58.37500 1153850345 206.749383    33.8558      42617         17  0.000e+00
     30.024    -1.0098   2.734853    -1.0096   2.735209    8.21634     0.1833    13.8155 4.4223e+02  -60.74983  -58.37500 1153850345 206.749383    33.8558      42618         17  0.000e+00
     30.034    -1.0095   2.734853    -1.0096   2.735244    8.21159     0.1833    13.8155 4.4418e+02  -60.74983  -58.37500 1153850345 206.749384    33.8555      42619         17  0.000e+00
     30.034    -1.0097   2.734834    -1.0094   2.735232    8.21163     0.2156    13.8155 4.4613e+02  -60.74983  -58.37500 1153850345 206.749384    33.8554      42620         17  0.000e+00
     30.034    -1.0095   2.734860    -1.0094   2.735244    8.21158     0.1941    13.8155 4.4613e+02  -60.74983  -58.37500 1153850345 206.749385    33.8556      42621         17  0.000e+00
     29.958    -1.0098   2.734840    -1.0096   2.735249    8.21627     0.1833    13.8155 4.4613e+02  -60.74983  -58.37500 1153850345 206.749385    33.8557      42622         17  0.000e+00
     30.034    -1.0098   2.734847    -1.0096   2.735232    8.21636     0.1403    13.8155 4.4613e+02  -60.74983  -58.37500 1153850345 206.749386    33.8557      42623         17  0.000e+00
     29.967    -1.0097   2.734853    -1.0097   2.735244    8.21625     0.1188    13.8155 4.4613e+02  -60.74983  -58.37500 1153850345 206.749386    33.8557      42624         17  0.000e+00
     30.034    -1.0095   2.734853    -1.0093   2.735232    8.21630     0.1618    13.8155 4.4613e+02  -60.74983  -58.37500 1153850345 206.749387    33.8555      42625         17  0.000e+00
     29.958    -1.0097   2.734834    -1.0096   2.735226    8.21625     0.2263    13.8155 4.4613e+02  -60.74983  -58.37500 1153850345 206.749387    33.8554      42626         17  0.000e+00
     29.967    -1.0095   2.734880    -1.0097   2.735244    8.21621     0.2263    13.8155 4.4613e+02  -60.74983  -58.37500 1153850345 206.749388    33.8559      42627         17  0.000e+00
     30.034    -1.0093   2.734863    -1.0097   2.735232    8.21627     0.2048    13.8155 4.4613e+02  -60.74983  -58.37500 1153850345 206.749388    33.8554      42628         17  0.000e+00
     30.024    -1.0095   2.734853    -1.0097   2.735244    8.21629     0.1618    13.8155 4.4613e+02  -60.74983  -58.37500 1153850345 206.749389    33.8555      42629         17  0.000e+00
     29.967    -1.0100   2.734870    -1.0094   2.735249    8.21629     0.1618    13.8155 4.4613e+02  -60.74983  -58.37500 1153850345 206.749389    33.8563      42630         17  0.000e+00
     30.034    -1.0095   2.734873    -1.0094   2.735249    8.21629     0.2263    13.8155 4.4613e+02  -60.74983  -58.37500 1153850345 206.749389    33.8558      42631         17  0.000e+00
     30.110    -1.0095   2.734873    -1.0096   2.735249    8.21638     0.2048    13.8155 4.4613e+02  -60.74983  -58.37500 1153850346 206.749390    33.8557      42632         17  0.000e+00
     30.024    -1.0092   2.734857    -1.0099   2.735249    8.21624     0.2156    13.8155 4.4613e+02  -60.74983  -58.37500 1153850346 206.749390    33.8552      42633         17  0.000e+00
     30.034    -1.0097   2.734883    -1.0099   2.735192    8.21630     0.2694    13.8155 4.4613e+02  -60.74983  -58.37500 1153850346 206.749391    33.8561      42634         17  0.000e+00
     30.177    -1.0097   2.734863    -1.0097   2.735192    8.21648     0.2371    13.8155 4.4613e+02  -60.74983  -58.37500 1153850346 206.749391    33.8557      42635         17  0.000e+00
     30.110    -1.0092   2.734834    -1.0102   2.735198    8.21635     0.2048    13.8155 4.4418e+02  -60.74983  -58.37500 1153850346 206.749392    33.8548      42636         17  0.000e+00
     30.101    -1.0097   2.734880    -1.0100   2.735215    8.21638     0.2371    13.8155 4.4418e+02  -60.74983  -58.37500 1153850346 206.749392    33.8560      42637         17  0.000e+00
     30.177    -1.0100   2.734876    -1.0099   2.735186    8.21652     0.2371    13.8155 4.4418e+02  -60.74983  -58.37500 1153850346 206.749393    33.8562      42638         17  0.000e+00
     30.177    -1.0093   2.734889    -1.0099   2.735192    8.21641     0.2048    13.8155 4.4418e+02  -60.74983  -58.37500 1153850346 206.749393    33.8557      42639         17  0.000e+00
     30.177    -1.0095   2.734876    -1.0100   2.735180    8.21645     0.2263    13.8155 4.4418e+02  -60.74983  -58.37500 1153850346 206.749394    33.8557      42640         17  0.000e+00
     30.167    -1.0100   2.734873    -1.0097   2.735175    8.21652     0.2371    13.8155 4.4418e+02  -60.74983  -58.37500 1153850346 206.749394    33.8562      42641         17  0.000e+00
     30.177    -1.0101   2.734824    -1.0099   2.735209    8.21659     0.1833    13.8155 4.4223e+02  -60.74983  -58.37500 1153850346 206.749395    33.8557      42642         17  0.000e+00
     30.177    -1.0098   2.734840    -1.0097   2.735226    8.21652     0.1188    13.8155 4.4223e+02  -60.74983  -58.37500 1153850346 206.749395    33.8555      42643         17  0.000e+00
     30.234    -1.0093   2.734834    -1.0100   2.735203    8.21652     0.1295    13.8155 4.4418e+02  -60.74983  -58.37500 1153850346 206.749396    33.8549      42644         17  0.000e+00
     30.177    -1.0100   2.734860    -1.0094   2.735157    8.21654     0.2263    13.8155 4.4418e+02  -60.74983  -58.37500 1153850346 206.749396    33.8560      42645         17  0.000e+00
     30.177    -1.0100   2.734873    -1.0097   2.735244    8.21653     0.2371    13.8155 4.4418e+02  -60.74983  -58.37500 1153850346 206.749397    33.8562      42646         17  0.000e+00
     30.177    -1.0101   2.734873    -1.0099   2.735238    8.21655     0.1618    13.8155 4.4418e+02  -60.74983  -58.37500 1153850346 206.749397    33.8564      42647         17  0.000e+00
     30.881    -1.0100   2.734860    -1.0100   2.735232    8.20791     0.1618    13.8155 4.3444e+02  -60.74983  -58.37500 1153850353 206.749478    33.8556      42814         18  0.000e+00
     30.862    -1.0100   2.734857    -1.0099   2.735186    8.20789     0.1618    13.8155 4.3444e+02  -60.74983  -58.37500 1153850353 206.749478    33.8555      42815         18  0.000e+00
     30.805    -1.0103   2.734837    -1.0103   2.735192    8.20789     0.1941    13.8155 4.3444e+02  -60.74983  -58.37500 1153850353 206.749479    33.8556      42816         18  0.000e+00
     30.805    -1.0103   2.734863    -1.0106   2.735215    8.20787     0.2048    13.8155 4.3444e+02  -60.74983  -58.37500 1153850353 206.749479    33.8560      42817         18  0.000e+00
     30.805    -1.0103   2.734841    -1.0100   2.735227    8.20788     0.2048    13.8155 4.3444e+02  -60.74983  -58.37500 1153850353 206.749480    33.8557      42818         18  0.000e+00
     30.862    -1.0104   2.734811    -1.0100   2.735227    8.20800     0.1726    13.8155 4.3444e+02  -60.74983  -58.37500 1153850353 206.749480    33.8554      42819         18  0.000e+00
     30.805    -1.0104   2.734857    -1.0103   2.735204    8.20790     0.2156    13.8155 4.3444e+02  -60.74983  -58.37500 1153850353 206.749481    33.8561      42820         18  0.000e+00
     30.805    -1.0103   2.734824    -1.0102   2.735198    8.20790     0.2479    13.8155 4.3444e+02  -60.74983  -58.37500 1153850353 206.749481    33.8555      42821         18  0.000e+00
     30.796    -1.0101   2.734841    -1.0102   2.735238    8.20785     0.2694    13.8155 4.3444e+02  -60.74983  -58.37500 1153850353 206.749482    33.8555      42822         18  0.000e+00
     30.805    -1.0101   2.734854    -1.0105   2.735250    8.20785     0.2479    13.8155 4.3444e+02  -60.74983  -58.37500 1153850353 206.749482    33.8557      42823         18  0.000e+00
     30.738    -1.0101   2.734867    -1.0103   2.735232    8.20776     0.1833    13.8155 4.3444e+02  -60.74983  -58.37500 1153850353 206.749483    33.8559      42824         18  0.000e+00
     30.805    -1.0107   2.734841    -1.0102   2.735204    8.20796     0.1510    13.8155 4.3444e+02  -60.74983  -58.37500 1153850354 206.749483    33.8562      42825         18  0.000e+00
     30.729    -1.0101   2.734831    -1.0102   2.735198    8.21250     0.1726    13.8155 4.3444e+02  -60.74983  -58.37500 1153850354 206.749484    33.8554      42826         18  0.000e+00
     30.738    -1.0104   2.734847    -1.0102   2.735198    8.20783     0.1833    13.8155 4.3444e+02  -60.74983  -58.37500 1153850354 206.749484    33.8560      42827         18  0.000e+00
     30.738    -1.0100   2.734834    -1.0103   2.735198    8.20777     0.1833    13.8155 4.3444e+02  -60.74983  -58.37500 1153850354 206.749484    33.8553      42828         18  0.000e+00
     30.738    -1.0100   2.734860    -1.0103   2.735215    8.20775     0.1941    13.8155 4.3444e+02  -60.74983  -58.37500 1153850354 206.749485    33.8557      42829         18  0.000e+00
     30.796    -1.0103   2.734841    -1.0099   2.735204    8.20787     0.2263    13.8155 4.3249e+02  -60.74983  -58.37500 1153850354 206.749485    33.8557      42830         18  0.000e+00
     30.738    -1.0101   2.734847    -1.0105   2.735198    8.20778     0.2479    13.8155 4.3249e+02  -60.74983  -58.37500 1153850354 206.749486    33.8556      42831         18  0.000e+00
