product_data/regression_test/downloaded_data/MDGS/320620060703/ctd/p6617606.ros
* Sea-Bird SBE 9 Data File:
* FileName = D:\Data\Raw\p6617606.dat
* Software Version Seasave Win32 V 5.32
* Temperature SN = 1649
* Conductivity SN = 1431
* Number of Bytes Per Scan = 37
* Number of Voltage Words = 5
* Number of Scans Averaged by the Deck Unit = 1
* NMEA Latitude = 60 36.97 S
* NMEA Longitude = 054 43.19 W
* NMEA UTC (Time) = 10:02:35
** Ship:   Nathaniel B. Palmer 
** Cruise:    NBP0606 
# nquan = 17
# nvalues = 1176                    
# units = specified
# name 0 = prDM: Pressure, Digiquartz [db]
# name 1 = t090C: Temperature [ITS-90, deg C]
# name 2 = c0S/m: Conductivity [S/m]
# name 3 = t190C: Temperature, 2 [ITS-90, deg C]
# name 4 = c1S/m: Conductivity, 2 [S/m]
# name 5 = sbeox0ML/L: Oxygen, SBE 43 [ml/l]
# name 6 = flECO-AFL: Fluorescence, Wetlab ECO-AFL/FL [mg/m^3]
# name 7 = bat: Beam Attenuation, Chelsea/Seatech/Wetlab CStar [1/m]
# name 8 = spar: SPAR/Surface Irradiance
# name 9 = latitude: Latitude [deg]
# name 10 = longitude: Longitude [deg]
# name 11 = timeY: Time, System [seconds]
# name 12 = timeJ: Julian Days
# name 13 = sal00: Salinity [PSU]
# name 14 = scan: scan number
# name 15 = nbf: number of bottles fired
# name 16 = flag:  0.000e+00
# interval = seconds: 0.0416667                   
# start_time = Jul 21 2006 10:02:43
*END*
[from data line 766]
    150.082     0.0648   2.868681     0.0650   2.868968    6.33098    -0.0534    13.8155 0.0000e+00  -60.61617  -54.71983 1153476648 202.424193    34.3710      11696         16  0.000e+00
    150.158     0.0651   2.868691     0.0653   2.868962    6.33101    -0.0642    13.8155 0.0000e+00  -60.61617  -54.71983 1153476649 202.424194    34.3707      11697         16  0.000e+00
    150.082     0.0646   2.868658     0.0658   2.868991    6.33102    -0.0642    13.8155 0.0000e+00  -60.61617  -54.71983 1153476649 202.424194    34.3709      11698         16  0.000e+00
    150.158     0.0653   2.868691     0.0655   2.869009    6.33564    -0.0534    13.8155 0.0000e+00  -60.61617  -54.71983 1153476649 202.424195    34.3706      11699         16  0.000e+00
    150.225     0.0646   2.868678     0.0655   2.869050    6.33578    -0.0534    13.8155 0.0000e+00  -60.61617  -54.71983 1153476649 202.424195    34.3710      11700         16  0.000e+00
    150.225     0.0651   2.868688     0.0656   2.869033    6.33107    -0.0534    13.8155 0.0000e+00  -60.61617  -54.71983 1153476649 202.424196    34.3707      11701         16  0.000e+00
    150.225     0.0648   2.868684     0.0652   2.868991    6.33576    -0.0857    13.8155 0.0000e+00  -60.61617  -54.71983 1153476649 202.424196    34.3710      11702         16  0.000e+00
    150.225     0.0653   2.868654     0.0652   2.868974    6.33572    -0.0749    13.8155 0.0000e+00  -60.61617  -54.71983 1153476649 202.424197    34.3700      11703         16  0.000e+00
    150.292     0.0646   2.868718     0.0644   2.868962    6.33117    -0.0426    13.8155 0.0000e+00  -60.61617  -54.71983 1153476649 202.424197    34.3715      11704         16  0.000e+00
    150.368     0.0650   2.868731     0.0638   2.868892    6.33119    -0.0426    13.8155 0.0000e+00  -60.61617  -54.71983 1153476649 202.424198    34.3713      11705         16  0.000e+00
    150.302     0.0651   2.868684     0.0638   2.868874    6.33579    -0.0534    13.8155 0.0000e+00  -60.61617  -54.71983 1153476649 202.424198    34.3706      11706         16  0.000e+00
    150.435     0.0654   2.868731     0.0642   2.868886    6.33584    -0.0857    13.8155 0.0000e+00  -60.61617  -54.71983 1153476649 202.424198    34.3708      11707         16  0.000e+00
    150.368     0.0651   2.868745     0.0647   2.868921    6.33116    -0.0857    13.8155 0.0000e+00  -60.61617  -54.71983 1153476649 202.424199    34.3713      11708         16  0.000e+00
    150.445     0.0654   2.868688     0.0636   2.868880    6.33122    -0.0857    13.8155 0.0000e+00  -60.61617  -54.71983 1153476649 202.424199    34.3702      11709         16  0.000e+00
    150.435     0.0645   2.868631     0.0635   2.868833    6.33602    -0.0749    13.8155 0.0000e+00  -60.61617  -54.71983 1153476649 202.424200    34.3705      11710         16  0.000e+00
    150.512     0.0646   2.868674     0.0639   2.868833    6.33138    -0.0642    13.8155 0.0000e+00  -60.61617  -54.71983 1153476649 202.424200    34.3708      11711         16  0.000e+00
    150.512     0.0646   2.868711     0.0641   2.868868    6.33136    -0.0534    13.8155 0.0000e+00  -60.61617  -54.71983 1153476649 202.424201    34.3713      11712         16  0.000e+00
    150.512     0.0651   2.868728     0.0642   2.868915    6.33129    -0.0642    13.8155 0.0000e+00  -60.61617  -54.71983 1153476649 202.424201    34.3710      11713         16  0.000e+00
    150.721     0.0614   2.868377     0.0625   2.868728    6.33681    -0.0642    13.8155 0.0000e+00  -60.61617  -54.71983 1153476655 202.424265    34.3705      11845         17  0.000e+00
    150.721     0.0612   2.868354     0.0622   2.868739    6.34149    -0.0211    13.8155 0.0000e+00  -60.61617  -54.71983 1153476655 202.424266    34.3703      11846         17  0.000e+00
    150.721     0.0617   2.868360     0.0622   2.868774    6.33678    -0.0426    13.8155 0.0000e+00  -60.61617  -54.71983 1153476655 202.424266    34.3699      11847         17  0.000e+00
    150.788     0.0610   2.868370     0.0627   2.868733    6.33691    -0.0426    13.8155 0.0000e+00  -60.61617  -54.71983 1153476655 202.424266    34.3707      11848         17  0.000e+00
    150.721     0.0614   2.868337     0.0621   2.868692    6.33683    -0.0319    13.8155 0.0000e+00  -60.61617  -54.71983 1153476655 202.424267    34.3699      11849         17  0.000e+00
    150.788     0.0612   2.868337     0.0622   2.868698    6.34156    -0.0426    13.8155 0.0000e+00  -60.61617  -54.71983 1153476655 202.424267    34.3700      11850         17  0.000e+00
    150.788     0.0617   2.868364     0.0622   2.868733    6.33684    -0.0534    13.8155 0.0000e+00  -60.61617  -54.71983 1153476655 202.424268    34.3699      11851         17  0.000e+00
    150.788     0.0620   2.868364     0.0616   2.868710    6.33680    -0.0319    13.8155 0.0000e+00  -60.61617  -54.71983 1153476655 202.424268    34.3695      11852         17  0.000e+00
    150.721     0.0617   2.868354     0.0621   2.868686    6.33678    -0.0211    13.8155 0.0000e+00  -60.61617  -54.71983 1153476655 202.424269    34.3698      11853         17  0.000e+00
    150.788     0.0614   2.868350     0.0618   2.868675    6.33688    -0.0642    13.8155 0.0000e+00  -60.61617  -54.71983 1153476655 202.424269    34.3701      11854         17  0.000e+00
    150.788     0.0614   2.868360     0.0618   2.868681    6.33688    -0.0857    13.8155 0.0000e+00  -60.61617  -54.71983 1153476655 202.424270    34.3702      11855         17  0.000e+00
    150.788     0.0610   2.868334     0.0616   2.868657    6.33693    -0.0749    13.8155 0.0000e+00  -60.61617  -54.71983 1153476655 202.424270    34.3702      11856         17  0.000e+00
    150.788     0.0615   2.868360     0.0618   2.868657    6.33686    -0.0857    13.8155 0.0000e+00  -60.61617  -54.71983 1153476655 202.424271    34.3700      11857         17  0.000e+00
    150.864     0.0617   2.868347     0.0615   2.868651    6.33226    -0.0749    13.8155 0.0000e+00  -60.61617  -54.71983 1153476655 202.424271    34.3696      11858         17  0.000e+00
    150.788     0.0614   2.868310     0.0613   2.868657    6.33691    -0.0534    13.8155 0.0000e+00  -60.61617  -54.71983 1153476655 202.424272    34.3695      11859         17  0.000e+00
    150.788     0.0609   2.868277     0.0619   2.868681    6.33698    -0.0211    13.8155 0.0000e+00  -60.61617  -54.71983 1153476655 202.424272    34.3696      11860         17  0.000e+00
    150.864     0.0609   2.868293     0.0613   2.868698    6.33704    -0.0211    13.8155 0.0000e+00  -60.61617  -54.71983 1153476655 202.424273    34.3698      11861         17  0.000e+00
    150.788     0.0612   2.868320     0.0618   2.868669    6.33692    -0.0319    13.8155 0.0000e+00  -60.61617  -54.71983 1153476655 202.424273    34.3698      11862         17  0.000e+00
    150.855     0.0615   2.868317     0.0618   2.868669    6.33694    -0.0426    13.8155 0.0000e+00  -60.61617  -54.71983 1153476655 202.424274    34.3694      11863         17  0.000e+00
    150.855     0.0610   2.868324     0.0619   2.868663    6.33700    -0.0857    13.8155 0.0000e+00  -60.61617  -54.71983 1153476656 202.424274    34.3700      11864         17  0.000e+00
    150.864     0.0614   2.868307     0.0619   2.868651    6.33698    -0.0857    13.8155 0.0000e+00  -60.61617  -54.71983 1153476656 202.424275    34.3694      11865         17  0.000e+00
    150.788     0.0610   2.868330     0.0618   2.868698    6.33693    -0.0534    13.8155 0.0000e+00  -60.61617  -54.71983 1153476656 202.424275    34.3701      11866         17  0.000e+00
    150.854     0.0612   2.868330     0.0616   2.868728    6.33697    -0.0749    13.8155 0.0000e+00  -60.61617  -54.71983 1153476656 202.424276    34.3699      11867         17  0.000e+00
    150.854     0.0614   2.868337     0.0616   2.868698    6.33695    -0.0534    13.8155 0.0000e+00  -60.61617  -54.71983 1153476656 202.424276    34.3698      11868         17  0.000e+00
    150.864     0.0615   2.868330     0.0618   2.868657    6.33694    -0.0319    13.8155 0.0000e+00  -60.61617  -54.71983 1153476656 202.424277    34.3696      11869         17  0.000e+00
    150.854     0.0620   2.868327     0.0618   2.868657    6.33687    -0.0426    13.8155 0.0000e+00  -60.61617  -54.71983 1153476656 202.424277    34.3690      11870         17  0.000e+00
    150.854     0.0615   2.868337     0.0615   2.868640    6.33228    -0.0211    13.8155 0.0000e+00  -60.61617  -54.71983 1153476656 202.424278    34.3697      11871         17  0.000e+00
    150.864     0.0617   2.868310     0.0613   2.868622    6.33693     0.0327    13.8155 0.0000e+00  -60.61617  -54.71983 1153476656 202.424278    34.3691      11872         17  0.000e+00
    150.854     0.0612   2.868354     0.0619   2.868651    6.33696     0.0327    13.8155 0.0000e+00  -60.61617  -54.71983 1153476656 202.424279    34.3702      11873         17  0.000e+00
    150.931     0.0610   2.868347     0.0613   2.868651    6.33705    -0.0104    13.8155 0.0000e+00  -60.61617  -54.71983 1153476656 202.424279    34.3703      11874         17  0.000e+00
    150.854     0.0617   2.868347     0.0611   2.868634    6.33690    -0.0104    13.8155 0.0000e+00  -60.61617  -54.71983 1153476656 202.424280    34.3696      11875         17  0.000e+00
    150.864     0.0614   2.868324     0.0613   2.868645    6.33231    -0.0319    13.8155 0.0000e+00  -60.61617  -54.71983 1153476656 202.424280    34.3697      11876         17  0.000e+00
    150.854     0.0617   2.868357     0.0618   2.868675    6.33225    -0.1072    13.8155 0.0000e+00  -60.61617  -54.71983 1153476656 202.424280    34.3698      11877         17  0.000e+00
    150.931     0.0614   2.868354     0.0616   2.868657    6.33236    -0.1180    13.8155 0.0000e+00  -60.61617  -54.71983 1153476656 202.424281    34.3700      11878         17  0.000e+00
    150.854     0.0614   2.868340     0.0618   2.868675    6.33695    -0.0211    13.8155 0.0000e+00  -60.61617  -54.71983 1153476656 202.424281    34.3699      11879         17  0.000e+00
    150.864     0.0614   2.868364     0.0619   2.868687    6.33694     0.0112    13.8155 0.0000e+00  -60.61617  -54.71983 1153476656 202.424282    34.3702      11880         17  0.000e+00
    150.931     0.0614   2.868347     0.0621   2.868657    6.33701    -0.0104    13.8155 0.0000e+00  -60.61617  -54.71983 1153476656 202.424282    34.3699      11881         17  0.000e+00
    150.854     0.0612   2.868364     0.0621   2.868675    6.33695    -0.0426    13.8155 0.0000e+00  -60.61617  -54.71983 1153476656 202.424283    34.3704      11882         17  0.000e+00
    150.854     0.0614   2.868374     0.0619   2.868675    6.33693    -0.1072    13.8155 0.0000e+00  -60.61617  -54.71983 1153476656 202.424283    34.3703      11883         17  0.000e+00
    150.931     0.0612   2.868314     0.0622   2.868681    6.33705    -0.0426    13.8155 0.0000e+00  -60.61617  -54.71983 1153476656 202.424284    34.3696      11884         17  0.000e+00
    150.854     0.0612   2.868334     0.0618   2.868698    6.33697    -0.0426    13.8155 0.0000e+00  -60.61617  -54.71983 1153476656 202.424284    34.3700      11885         17  0.000e+00
    150.854     0.0615   2.868350     0.0621   2.868687    6.33227    -0.0642    13.8155 0.0000e+00  -60.61617  -54.71983 1153476656 202.424285    34.3698      11886         17  0.000e+00
    150.931     0.0615   2.868360     0.0621   2.868698    6.33698    -0.0749    13.8155 0.0000e+00  -60.61617  -54.71983 1153476656 202.424285    34.3699      11887         17  0.000e+00
    150.854     0.0614   2.868334     0.0622   2.868710    6.33695    -0.0319    13.8155 0.0000e+00  -60.61617  -54.71983 1153476656 202.424286    34.3698      11888         17  0.000e+00
    150.854     0.0615   2.868337     0.0619   2.868704    6.33693    -0.0104    13.8155 0.0000e+00  -60.61617  -54.71983 1153476657 202.424286    34.3697      11889         17  0.000e+00
    150.854     0.0617   2.868310     0.0615   2.868687    6.33692    -0.0319    13.8155 0.0000e+00  -60.61617  -54.71983 1153476657 202.424287    34.3691      11890         17  0.000e+00
    150.931     0.0609   2.868337     0.0615   2.868669    6.33242    -0.0319    13.8155 0.0000e+00  -60.61617  -54.71983 1153476657 202.424287    34.3703      11891         17  0.000e+00
    150.854     0.0618   2.868360     0.0619   2.868669    6.33688    -0.0319    13.8155 0.0000e+00  -60.61617  -54.71983 1153476657 202.424288    34.3696      11892         17  0.000e+00
    150.854     0.0615   2.868354     0.0622   2.868681    6.33692    -0.0319    13.8155 0.0000e+00  -60.61617  -54.71983 1153476657 202.424288    34.3699      11893         17  0.000e+00
    150.013     0.0628   2.868467     0.0621   2.868651    6.34060    -0.0211    13.8155 0.0000e+00  -60.61617  -54.71983 1153476662 202.424350    34.3705      12021         18  0.000e+00
    150.080     0.0629   2.868464     0.0619   2.868616    6.33600    -0.0642    13.8155 0.0000e+00  -60.61617  -54.71983 1153476662 202.424350    34.3702      12022         18  0.000e+00
    149.946     0.0629   2.868474     0.0611   2.868592    6.33587    -0.0749    13.8155 0.0000e+00  -60.61617  -54.71983 1153476662 202.424351    34.3705      12023         18  0.000e+00
    150.013     0.0628   2.868484     0.0608   2.868604    6.34059    -0.0211    13.8155 0.0000e+00  -60.61617  -54.71983 1153476662 202.424351    34.3707      12024         18  0.000e+00
    150.013     0.0626   2.868447     0.0605   2.868592    6.33599    -0.0319    13.8155 0.0000e+00  -60.61617  -54.71983 1153476662 202.424352    34.3704      12025         18  0.000e+00
    150.080     0.0631   2.868474     0.0605   2.868581    6.33597    -0.0534    13.8155 0.0000e+00  -60.61617  -54.71983 1153476662 202.424352    34.3702      12026         18  0.000e+00
    150.013     0.0628   2.868467     0.0611   2.868610    6.34060    -0.0534    13.8155 0.0000e+00  -60.61617  -54.71983 1153476662 202.424353    34.3705      12027         18  0.000e+00
    150.013     0.0632   2.868454     0.0611   2.868610    6.34055    -0.0426    13.8155 0.0000e+00  -60.61617  -54.71983 1153476662 202.424353    34.3698      12028         18  0.000e+00
    150.080     0.0628   2.868444     0.0615   2.868616    6.34068    -0.0211    13.8155 0.0000e+00  -60.61617  -54.71983 1153476662 202.424354    34.3701      12029         18  0.000e+00
    150.013     0.0625   2.868424     0.0611   2.868569    6.33601    -0.0426    13.8155 0.0000e+00  -60.61617  -54.71983 1153476662 202.424354    34.3702      12030         18  0.000e+00
    150.080     0.0628   2.868394     0.0616   2.868569    6.33605    -0.0319    13.8155 0.0000e+00  -60.61617  -54.71983 1153476662 202.424355    34.3695      12031         18  0.000e+00
    150.089     0.0623   2.868394     0.0613   2.868587    6.34078    -0.0426    13.8155 0.0000e+00  -60.61617  -54.71983 1153476662 202.424355    34.3700      12032         18  0.000e+00
    150.080     0.0626   2.868424     0.0607   2.868540    6.34071    -0.0319    13.8155 0.0000e+00  -60.61617  -54.71983 1153476663 202.424356    34.3701      12033         18  0.000e+00
    150.080     0.0625   2.868387     0.0604   2.868493    6.34075    -0.0426    13.8155 0.0000e+00  -60.61617  -54.71983 1153476663 202.424356    34.3697      12034         18  0.000e+00
    150.089     0.0628   2.868457     0.0598   2.868469    6.34068    -0.0319    13.8155 0.0000e+00  -60.61617  -54.71983 1153476663 202.424357    34.3703      12035         18  0.000e+00
    150.080     0.0623   2.868460     0.0599   2.868481    6.34073    -0.0642    13.8155 0.0000e+00  -60.61617  -54.71983 1153476663 202.424357    34.3709      12036         18  0.000e+00
    150.156     0.0629   2.868494     0.0598   2.868469    6.33605    -0.0642    13.8155 0.0000e+00  -60.61617  -54.71983 1153476663 202.424358    34.3706      12037         18  0.000e+00
    150.080     0.0632   2.868474     0.0598   2.868457    6.33595    -0.0857    13.8155 0.0000e+00  -60.61617  -54.71983 1153476663 202.424358    34.3700      12038         18  0.000e+00
