product_data/regression_test/downloaded_data/MDGS/320620060703/ctd/p6618801.ros
* Sea-Bird SBE 9 Data File:
* FileName = D:\Data\Raw\p6618801.dat
* Software Version Seasave Win32 V 5.32
* Temperature SN = 1649
* Conductivity SN = 1431
* Number of Bytes Per Scan = 37
* Number of Voltage Words = 5
* Number of Scans Averaged by the Deck Unit = 1
* NMEA Latitude = 60 48.02 S
* NMEA Longitude = 054 26.19 W
* NMEA UTC (Time) = 04:49:31
** Ship:   Nathaniel B. Palmer 
** Cruise:    NBP0606 
# nquan = 17
# nvalues = 1176                    
# units = specified
# name 0 = prDM: Pressure, Digiquartz [db]
# name 1 = t090C: Temperature [ITS-90, deg C]
# name 2 = c0S/m: Conductivity [S/m]
# name 3 = t190C: Temperature, 2 [ITS-90, deg C]
# name 4 = c1S/m: Conductivity, 2 [S/m]
# name 5 = sbeox0ML/L: Oxygen, SBE 43 [ml/l]
# name 6 = flECO-AFL: Fluorescence, Wetlab ECO-AFL/FL [mg/m^3]
# name 7 = bat: Beam Attenuation, Chelsea/Seatech/Wetlab CStar [1/m]
# name 8 = spar: SPAR/Surface Irradiance
# name 9 = latitude: Latitude [deg]
# name 10 = longitude: Longitude [deg]
# name 11 = timeY: Time, System [seconds]
# name 12 = timeJ: Julian Days
# name 13 = sal00: Salinity [PSU]
# name 14 = scan: scan number
# name 15 = nbf: number of bottles fired
# name 16 = flag:  0.000e+00
# interval = seconds: 0.0416667                   
# start_time = Jul 23 2006 04:49:40
*END*
[from data line 596]
    150.104     0.1981   2.886079     0.1687   2.884003    6.05403    -0.1287    13.8155 0.0000e+00  -60.80033  -54.43650 1153636654 204.276117    34.4512     155438         13  0.000e+00
    150.037     0.1970   2.886220     0.1672   2.883803    6.04940    -0.1180    13.8155 0.0000e+00  -60.80033  -54.43650 1153636654 204.276118    34.4544     155439         13  0.000e+00
    150.104     0.1992   2.886549     0.1661   2.883733    6.04901    -0.1395    13.8155 0.0000e+00  -60.80033  -54.43650 1153636655 204.276118    34.4562     155440         13  0.000e+00
    150.104     0.2011   2.886328     0.1644   2.883697    6.05353    -0.1180    13.8155 0.0000e+00  -60.80033  -54.43650 1153636655 204.276119    34.4511     155441         13  0.000e+00
    150.104     0.1959   2.885667     0.1652   2.883692    6.04988    -0.0857    13.8155 0.0000e+00  -60.80033  -54.43650 1153636655 204.276119    34.4482     155442         13  0.000e+00
    150.104     0.1888   2.884859     0.1642   2.883668    6.05120    -0.0749    13.8155 0.0000e+00  -60.80033  -54.43650 1153636655 204.276120    34.4456     155443         13  0.000e+00
    150.104     0.1805   2.884280     0.1622   2.883556    6.05252    -0.0749    13.8155 0.0000e+00  -60.80033  -54.43650 1153636655 204.276120    34.4472     155444         13  0.000e+00
    150.104     0.1780   2.884410     0.1641   2.883545    6.05275    -0.0426    13.8155 0.0000e+00  -60.80033  -54.43650 1153636655 204.276121    34.4517     155445         13  0.000e+00
    150.171     0.1805   2.884776     0.1634   2.883574    6.05231    -0.0534    13.8155 0.0000e+00  -60.80033  -54.43650 1153636655 204.276121    34.4538     155446         13  0.000e+00
    150.180     0.1833   2.884967     0.1615   2.883415    6.05187    -0.0857    13.8155 0.0000e+00  -60.80033  -54.43650 1153636655 204.276122    34.4531     155447         13  0.000e+00
    150.247     0.1836   2.884900     0.1607   2.883304    6.05192    -0.0749    13.8155 0.0000e+00  -60.80033  -54.43650 1153636655 204.276122    34.4518     155448         13  0.000e+00
    150.171     0.1839   2.884809     0.1656   2.883568    6.05187    -0.0749    13.8155 0.0000e+00  -60.80033  -54.43650 1153636655 204.276123    34.4503     155449         13  0.000e+00
    150.247     0.1818   2.884689     0.1681   2.883886    6.05226    -0.0642    13.8155 0.0000e+00  -60.80033  -54.43650 1153636655 204.276123    34.4511     155450         13  0.000e+00
    150.247     0.1808   2.884846     0.1672   2.883962    6.05230    -0.0534    13.8155 0.0000e+00  -60.80033  -54.43650 1153636655 204.276124    34.4543     155451         13  0.000e+00
    150.314     0.1835   2.885258     0.1676   2.883921    6.05180    -0.0534    13.8155 0.0000e+00  -60.80033  -54.43650 1153636655 204.276124    34.4567     155452         13  0.000e+00
    150.314     0.1875   2.885530     0.1687   2.883992    6.04653    -0.0857    13.8155 0.0000e+00  -60.80033  -54.43650 1153636655 204.276125    34.4557     155453         13  0.000e+00
    150.247     0.1897   2.885526     0.1707   2.884197    6.04621    -0.0964    13.8155 0.0000e+00  -60.80033  -54.43650 1153636655 204.276125    34.4533     155454         13  0.000e+00
    150.381     0.1897   2.885510     0.1781   2.884668    6.05096    -0.1180    13.8155 0.0000e+00  -60.80033  -54.43650 1153636655 204.276126    34.4530     155455         13  0.000e+00
    150.314     0.1888   2.885510     0.1838   2.885238    6.04639    -0.1180    13.8155 0.0000e+00  -60.80033  -54.43650 1153636655 204.276126    34.4541     155456         13  0.000e+00
    150.314     0.1894   2.885651     0.1826   2.885397    6.04623    -0.0964    13.8155 0.0000e+00  -60.80033  -54.43650 1153636655 204.276127    34.4552     155457         13  0.000e+00
    150.314     0.1917   2.885832     0.1764   2.885032    6.04585    -0.0964    13.8155 0.0000e+00  -60.80033  -54.43650 1153636655 204.276127    34.4550     155458         13  0.000e+00
    150.381     0.1934   2.885929     0.1744   2.884685    6.04565    -0.0534    13.8155 0.0000e+00  -60.80033  -54.43650 1153636655 204.276128    34.4543     155459         13  0.000e+00
    150.314     0.1933   2.885459     0.1755   2.884715    6.04587    -0.0642    13.8155 0.0000e+00  -60.80033  -54.43650 1153636655 204.276128    34.4484     155460         13  0.000e+00
    150.391     0.1836   2.884380     0.1803   2.885121    6.04769    -0.0964    13.8155 0.0000e+00  -60.80033  -54.43650 1153636655 204.276128    34.4449     155461         13  0.000e+00
    150.314     0.1737   2.883529     0.1789   2.885297    6.04930    -0.1180    13.8155 0.0000e+00  -60.80033  -54.43650 1153636655 204.276129    34.4449     155462         13  0.000e+00
    150.381     0.1666   2.883167     0.1776   2.885197    6.05042    -0.0642    13.8155 0.0000e+00  -60.80033  -54.43650 1153636655 204.276129    34.4480     155463         13  0.000e+00
    150.381     0.1640   2.883315     0.1773   2.885080    6.05066    -0.0534    13.8155 0.0000e+00  -60.80033  -54.43650 1153636656 204.276130    34.4529     155464         13  0.000e+00
    150.314     0.1656   2.883566     0.1806   2.885074    6.05027    -0.0211    13.8155 0.0000e+00  -60.80033  -54.43650 1153636656 204.276130    34.4545     155465         13  0.000e+00
    150.381     0.1622   2.883442     0.1865   2.885362    6.04617    -0.0534    13.8155 0.0000e+00  -60.80033  -54.43650 1153636656 204.276131    34.4566     155466         13  0.000e+00
    150.381     0.1642   2.883891     0.1878   2.885603    6.04568    -0.0749    13.8155 0.0000e+00  -60.80033  -54.43650 1153636656 204.276131    34.4603     155467         13  0.000e+00
    150.247     0.1737   2.884803     0.1860   2.885562    6.04392    -0.0534    13.8155 0.0000e+00  -60.80033  -54.43650 1153636656 204.276132    34.4617     155468         13  0.000e+00
    150.458     0.1816   2.885322     0.1861   2.885479    6.04748    -0.0749    13.8155 0.0000e+00  -60.80033  -54.43650 1153636656 204.276132    34.4596     155469         13  0.000e+00
    150.381     0.1872   2.885332     0.1862   2.885438    6.04673    -0.0749    13.8155 0.0000e+00  -60.80033  -54.43650 1153636656 204.276133    34.4534     155470         13  0.000e+00
    150.314     0.1867   2.885111     0.1860   2.885450    6.04221    -0.0749    13.8155 0.0000e+00  -60.80033  -54.43650 1153636656 204.276133    34.4511     155471         13  0.000e+00
    150.391     0.1852   2.885118     0.1872   2.885562    6.04246    -0.0749    13.8155 0.0000e+00  -60.80033  -54.43650 1153636656 204.276134    34.4529     155472         13  0.000e+00
    150.381     0.1875   2.885661     0.1886   2.885673    6.04188    -0.0534    13.8155 0.0000e+00  -60.80033  -54.43650 1153636656 204.276134    34.4574     155473         13  0.000e+00
    150.381     0.1945   2.886230     0.1904   2.885861    6.04072    -0.0426    13.8155 0.0000e+00  -60.80033  -54.43650 1153636656 204.276135    34.4571     155474         13  0.000e+00
    150.381     0.1972   2.886120     0.1939   2.886144    6.04045    -0.1072    13.8155 0.0000e+00  -60.80033  -54.43650 1153636656 204.276135    34.4527     155475         13  0.000e+00
    150.391     0.1923   2.885607     0.1985   2.886520    6.04133    -0.1072    13.8155 0.0000e+00  -60.80033  -54.43650 1153636656 204.276136    34.4513     155476         13  0.000e+00
    150.458     0.1880   2.885238     0.2000   2.886761    6.04211    -0.1072    13.8155 0.0000e+00  -60.80033  -54.43650 1153636656 204.276136    34.4513     155477         13  0.000e+00
    150.381     0.1855   2.885027     0.2009   2.886879    6.03783    -0.1072    13.8155 0.0000e+00  -60.80033  -54.43650 1153636656 204.276137    34.4513     155478         13  0.000e+00
    150.382     0.1468   2.881516     0.1676   2.883839    6.02127    -0.1180    13.8155 0.0000e+00  -60.80033  -54.43650 1153636662 204.276207    34.4485     155624         14  0.000e+00
    150.315     0.1446   2.881311     0.1645   2.883410    6.02159    -0.0857    13.8155 0.0000e+00  -60.80033  -54.43650 1153636662 204.276208    34.4483     155625         14  0.000e+00
    150.458     0.1440   2.881335     0.1605   2.882998    6.02177    -0.0964    13.8155 0.0000e+00  -60.80033  -54.43650 1153636662 204.276208    34.4492     155626         14  0.000e+00
    150.382     0.1453   2.881459     0.1583   2.882799    6.02147    -0.1072    13.8155 0.0000e+00  -60.80033  -54.43650 1153636662 204.276209    34.4493     155627         14  0.000e+00
    150.382     0.1464   2.881506     0.1595   2.882887    6.02131    -0.0642    13.8155 0.0000e+00  -60.80033  -54.43650 1153636662 204.276209    34.4487     155628         14  0.000e+00
    150.458     0.1469   2.881532     0.1647   2.883439    6.02131    -0.0319    13.8155 0.0000e+00  -60.80033  -54.43650 1153636662 204.276209    34.4485     155629         14  0.000e+00
    150.458     0.1472   2.881609     0.1698   2.883998    6.02122    -0.0642    13.8155 0.0000e+00  -60.80033  -54.43650 1153636662 204.276210    34.4491     155630         14  0.000e+00
    150.458     0.1482   2.881683     0.1685   2.883986    6.02107    -0.0642    13.8155 0.0000e+00  -60.80033  -54.43650 1153636662 204.276210    34.4490     155631         14  0.000e+00
    150.382     0.1488   2.881747     0.1651   2.883586    6.02090    -0.0749    13.8155 0.0000e+00  -60.80033  -54.43650 1153636662 204.276211    34.4492     155632         14  0.000e+00
    150.458     0.1496   2.881874     0.1641   2.883575    6.02080    -0.0857    13.8155 0.0000e+00  -60.80033  -54.43650 1153636663 204.276211    34.4500     155633         14  0.000e+00
    150.382     0.1507   2.881874     0.1655   2.883833    6.02060    -0.0426    13.8155 0.0000e+00  -60.80033  -54.43650 1153636663 204.276212    34.4488     155634         14  0.000e+00
    150.458     0.1505   2.881924     0.1690   2.884151    6.02066    -0.0319    13.8155 0.0000e+00  -60.80033  -54.43650 1153636663 204.276212    34.4496     155635         14  0.000e+00
    150.458     0.1506   2.881918     0.1755   2.884580    6.02064    -0.0642    13.8155 0.0000e+00  -60.80033  -54.43650 1153636663 204.276213    34.4494     155636         14  0.000e+00
    150.458     0.1510   2.881911     0.1810   2.885062    6.02061    -0.0642    13.8155 0.0000e+00  -60.80033  -54.43650 1153636663 204.276213    34.4489     155637         14  0.000e+00
    150.458     0.1506   2.881944     0.1851   2.885450    6.02063    -0.0964    13.8155 0.0000e+00  -60.80033  -54.43650 1153636663 204.276214    34.4497     155638         14  0.000e+00
    150.458     0.1542   2.882276     0.1888   2.885762    6.02001    -0.0857    13.8155 0.0000e+00  -60.80033  -54.43650 1153636663 204.276214    34.4501     155639         14  0.000e+00
    150.525     0.1572   2.882614     0.1904   2.885938    6.01952    -0.0857    13.8155 0.0000e+00  -60.80033  -54.43650 1153636663 204.276215    34.4512     155640         14  0.000e+00
    150.458     0.1592   2.882936     0.1928   2.886115    6.01905    -0.0749    13.8155 0.0000e+00  -60.80033  -54.43650 1153636663 204.276215    34.4532     155641         14  0.000e+00
    150.458     0.1617   2.883318     0.1946   2.886226    6.01854    -0.0642    13.8155 0.0000e+00  -60.80033  -54.43650 1153636663 204.276216    34.4555     155642         14  0.000e+00
    150.525     0.1660   2.883636     0.1955   2.886326    6.01791    -0.0857    13.8155 0.0000e+00  -60.80033  -54.43650 1153636663 204.276216    34.4548     155643         14  0.000e+00
    150.525     0.1685   2.883784     0.1961   2.886338    6.01751    -0.0642    13.8155 0.0000e+00  -60.80033  -54.43650 1153636663 204.276217    34.4539     155644         14  0.000e+00
    150.458     0.1701   2.883941     0.1954   2.886285    6.01718    -0.0749    13.8155 0.0000e+00  -60.80033  -54.43650 1153636663 204.276217    34.4542     155645         14  0.000e+00
    150.525     0.1731   2.884297     0.1943   2.886132    6.01668    -0.0749    13.8155 0.0000e+00  -60.80033  -54.43650 1153636663 204.276218    34.4555     155646         14  0.000e+00
    150.525     0.1775   2.884645     0.1945   2.886103    6.01595    -0.1287    13.8155 0.0000e+00  -60.80033  -54.43650 1153636663 204.276218    34.4551     155647         14  0.000e+00
    150.458     0.1800   2.884793     0.1958   2.886220    6.01551    -0.1395    13.8155 0.0000e+00  -60.80033  -54.43650 1153636663 204.276219    34.4543     155648         14  0.000e+00
    150.525     0.1818   2.884957     0.1955   2.886267    6.01527    -0.0857    13.8155 0.0000e+00  -60.80033  -54.43650 1153636663 204.276219    34.4545     155649         14  0.000e+00
    150.525     0.1842   2.885124     0.1953   2.886232    6.01488    -0.0534    13.8155 0.0000e+00  -60.80033  -54.43650 1153636663 204.276220    34.4539     155650         14  0.000e+00
    150.525     0.1861   2.885248     0.1955   2.886220    6.01459    -0.0426    13.8155 0.0000e+00  -60.80033  -54.43650 1153636663 204.276220    34.4535     155651         14  0.000e+00
    150.525     0.1877   2.885382     0.1960   2.886320    6.01432    -0.0319    13.8155 0.0000e+00  -60.80033  -54.43650 1153636663 204.276221    34.4535     155652         14  0.000e+00
    150.525     0.1897   2.885540     0.1991   2.886538    6.01400    -0.0749    13.8155 0.0000e+00  -60.80033  -54.43650 1153636663 204.276221    34.4533     155653         14  0.000e+00
    150.592     0.1909   2.885667     0.2000   2.886702    6.01383    -0.1395    13.8155 0.0000e+00  -60.80033  -54.43650 1153636663 204.276222    34.4535     155654         14  0.000e+00
    150.525     0.1912   2.885748     0.2003   2.886738    6.01369    -0.0534    13.8155 0.0000e+00  -60.80033  -54.43650 1153636663 204.276222    34.4543     155655         14  0.000e+00
    150.525     0.1923   2.885902     0.2004   2.886755    6.01348    -0.0426    13.8155 0.0000e+00  -60.80033  -54.43650 1153636664 204.276223    34.4551     155656         14  0.000e+00
    150.592     0.1934   2.886070     0.2003   2.886767    6.01331    -0.0642    13.8155 0.0000e+00  -60.80033  -54.43650 1153636664 204.276223    34.4561     155657         14  0.000e+00
    150.458     0.1950   2.886127     0.1999   2.886720    6.01298    -0.0857    13.8155 0.0000e+00  -60.80033  -54.43650 1153636664 204.276223    34.4551     155658         14  0.000e+00
    150.592     0.1961   2.886046     0.1989   2.886626    6.01300    -0.0749    13.8155 0.0000e+00  -60.80033  -54.43650 1153636664 204.276224    34.4528     155659         14  0.000e+00
    150.592     0.1959   2.885966     0.1980   2.886497    6.01307    -0.0964    13.8155 0.0000e+00  -60.80033  -54.43650 1153636664 204.276224    34.4519     155660         14  0.000e+00
    150.525     0.1956   2.885912     0.1975   2.886444    6.01308    -0.1180    13.8155 0.0000e+00  -60.80033  -54.43650 1153636664 204.276225    34.4516     155661         14  0.000e+00
    150.602     0.1947   2.885852     0.1963   2.886397    6.01792    -0.0749    13.8155 0.0000e+00  -60.80033  -54.43650 1153636664 204.276225    34.4518     155662         14  0.000e+00
    150.525     0.1947   2.885885     0.1963   2.886385    6.01320    -0.0857    13.8155 0.0000e+00  -60.80033  -54.43650 1153636664 204.276226    34.4523     155663         14  0.000e+00
    150.592     0.1947   2.885852     0.1965   2.886361    6.01328    -0.1072    13.8155 0.0000e+00  -60.80033  -54.43650 1153636664 204.276226    34.4518     155664         14  0.000e+00
    150.525     0.1938   2.885798     0.1960   2.886338    6.01336    -0.1180    13.8155 0.0000e+00  -60.80033  -54.43650 1153636664 204.276227    34.4521     155665         14  0.000e+00
    150.602     0.1926   2.885718     0.1962   2.886379    6.01824    -0.1502    13.8155 0.0000e+00  -60.80033  -54.43650 1153636664 204.276227    34.4523     155666         14  0.000e+00
