product_data/regression_test/downloaded_data/MDGS/320620060703/ctd/p6617605.ros
* Sea-Bird SBE 9 Data File:
* FileName = D:\Data\Raw\p6617605.dat
* Software Version Seasave Win32 V 5.32
* Temperature SN = 1649
* Conductivity SN = 1431
* Number of Bytes Per Scan = 37
* Number of Voltage Words = 5
* Number of Scans Averaged by the Deck Unit = 1
* NMEA Latitude = 60 36.97 S
* NMEA Longitude = 054 43.19 W
* NMEA UTC (Time) = 08:06:33
** Ship:   Nathaniel B. Palmer 
** Cruise:    NBP0606 
# nquan = 17
# nvalues = 1176                    
# units = specified
# name 0 = prDM: Pressure, Digiquartz [db]
# name 1 = t090C: Temperature [ITS-90, deg C]
# name 2 = c0S/m: Conductivity [S/m]
# name 3 = t190C: Temperature, 2 [ITS-90, deg C]
# name 4 = c1S/m: Conductivity, 2 [S/m]
# name 5 = sbeox0ML/L: Oxygen, SBE 43 [ml/l]
# name 6 = flECO-AFL: Fluorescence, Wetlab ECO-AFL/FL [mg/m^3]
# name 7 = bat: Beam Attenuation, Chelsea/Seatech/Wetlab CStar [1/m]
# name 8 = spar: SPAR/Surface Irradiance
# name 9 = latitude: Latitude [deg]
# name 10 = longitude: Longitude [deg]
# name 11 = timeY: Time, System [seconds]
# name 12 = timeJ: Julian Days
# name 13 = sal00: Salinity [PSU]
# name 14 = scan: scan number
# name 15 = nbf: number of bottles fired
# name 16 = flag:  0.000e+00
# interval = seconds: 0.0416667                   
# start_time = Jul 21 2006 08:06:42
*END*
[from data line 426]
   2000.810     0.3855   2.999606     0.3855   2.999916    5.42618    -0.0964    13.8155 0.0000e+00  -60.61617  -54.71983 1153472101 202.371565    34.6849      69631          9  0.000e+00
   2000.879     0.3854   2.999654     0.3850   2.999939    5.42623    -0.0857    13.8155 0.0000e+00  -60.61617  -54.71983 1153472101 202.371566    34.6856      69632          9  0.000e+00
   2000.879     0.3855   2.999633     0.3855   2.999951    5.42622    -0.0964    13.8155 0.0000e+00  -60.61617  -54.71983 1153472101 202.371566    34.6852      69633          9  0.000e+00
   2000.839     0.3851   2.999640     0.3857   2.999951    5.42624    -0.0857    13.8155 0.0000e+00  -60.61617  -54.71983 1153472101 202.371567    34.6858      69634          9  0.000e+00
   2000.879     0.3857   2.999651     0.3855   2.999957    5.42619    -0.0749    13.8155 0.0000e+00  -60.61617  -54.71983 1153472101 202.371567    34.6852      69635          9  0.000e+00
   2000.879     0.3852   2.999613     0.3852   2.999957    5.42626    -0.0749    13.8155 0.0000e+00  -60.61617  -54.71983 1153472101 202.371568    34.6853      69636          9  0.000e+00
   2000.879     0.3855   2.999620     0.3855   2.999933    5.42622    -0.1072    13.8155 0.0000e+00  -60.61617  -54.71983 1153472101 202.371568    34.6850      69637          9  0.000e+00
   2000.879     0.3852   2.999627     0.3858   2.999945    5.42626    -0.1072    13.8155 0.0000e+00  -60.61617  -54.71983 1153472101 202.371569    34.6854      69638          9  0.000e+00
   2000.957     0.3857   2.999644     0.3855   2.999957    5.42625    -0.1072    13.8155 0.0000e+00  -60.61617  -54.71983 1153472101 202.371569    34.6851      69639          9  0.000e+00
   2000.918     0.3851   2.999630     0.3857   2.999975    5.42630    -0.1180    13.8155 0.0000e+00  -60.61617  -54.71983 1153472101 202.371570    34.6856      69640          9  0.000e+00
   2000.957     0.3851   2.999606     0.3853   2.999939    5.43226    -0.1610    13.8155 0.0000e+00  -60.61617  -54.71983 1153472101 202.371570    34.6853      69641          9  0.000e+00
   2000.879     0.3849   2.999654     0.3855   2.999945    5.42628    -0.1072    13.8155 0.0000e+00  -60.61617  -54.71983 1153472102 202.371571    34.6862      69642          9  0.000e+00
   2000.957     0.3855   2.999620     0.3857   2.999957    5.42628    -0.0964    13.8155 0.0000e+00  -60.61617  -54.71983 1153472102 202.371571    34.6850      69643          9  0.000e+00
   2000.957     0.3852   2.999620     0.3858   2.999957    5.42632    -0.0534    13.8155 0.0000e+00  -60.61617  -54.71983 1153472102 202.371572    34.6853      69644          9  0.000e+00
   2000.957     0.3854   2.999606     0.3857   2.999975    5.42631    -0.0534    13.8155 0.0000e+00  -60.61617  -54.71983 1153472102 202.371572    34.6850      69645          9  0.000e+00
   2001.547     0.3841   2.999477     0.3833   2.999796    5.42696    -0.0642    13.8155 0.0000e+00  -60.61617  -54.71983 1153472109 202.371651    34.6844      69809         10  0.000e+00
   2001.625     0.3838   2.999511     0.3838   2.999767    5.42704    -0.0749    13.8155 0.0000e+00  -60.61617  -54.71983 1153472109 202.371652    34.6851      69810         10  0.000e+00
   2001.184     0.3841   2.999477     0.3840   2.999820    5.42669    -0.0964    13.8155 0.0000e+00  -60.61617  -54.71983 1153472109 202.371652    34.6846      69811         10  0.000e+00
   2001.919     0.3837   2.999439     0.3835   2.999803    5.42731    -0.0964    13.8155 0.0000e+00  -60.61617  -54.71983 1153472109 202.371653    34.6842      69812         10  0.000e+00
   2001.478     0.3837   2.999453     0.3835   2.999790    5.42697    -0.1287    13.8155 0.0000e+00  -60.61617  -54.71983 1153472109 202.371653    34.6846      69813         10  0.000e+00
   2001.507     0.3837   2.999405     0.3836   2.999790    5.42702    -0.1180    13.8155 0.0000e+00  -60.61617  -54.71983 1153472109 202.371654    34.6840      69814         10  0.000e+00
   2001.547     0.3835   2.999351     0.3833   2.999767    5.42709    -0.1287    13.8155 0.0000e+00  -60.61617  -54.71983 1153472109 202.371654    34.6834      69815         10  0.000e+00
   2001.400     0.3830   2.999320     0.3835   2.999761    5.42705    -0.1287    13.8155 0.0000e+00  -60.61617  -54.71983 1153472109 202.371655    34.6836      69816         10  0.000e+00
   2001.478     0.3830   2.999334     0.3841   2.999779    5.42710    -0.0857    13.8155 0.0000e+00  -60.61617  -54.71983 1153472109 202.371655    34.6838      69817         10  0.000e+00
   2001.478     0.3829   2.999371     0.3841   2.999808    5.42710    -0.0749    13.8155 0.0000e+00  -60.61617  -54.71983 1153472109 202.371656    34.6844      69818         10  0.000e+00
   2001.400     0.3830   2.999368     0.3844   2.999856    5.42703    -0.1072    13.8155 0.0000e+00  -60.61617  -54.71983 1153472109 202.371656    34.6843      69819         10  0.000e+00
   2001.331     0.3830   2.999381     0.3844   2.999832    5.42697    -0.0749    13.8155 0.0000e+00  -60.61617  -54.71983 1153472109 202.371657    34.6845      69820         10  0.000e+00
   2001.360     0.3829   2.999388     0.3843   2.999856    5.42701    -0.1180    13.8155 0.0000e+00  -60.61617  -54.71983 1153472109 202.371657    34.6847      69821         10  0.000e+00
   2001.331     0.3830   2.999368     0.3844   2.999844    5.42698    -0.0964    13.8155 0.0000e+00  -60.61617  -54.71983 1153472109 202.371658    34.6843      69822         10  0.000e+00
   2001.331     0.3827   2.999398     0.3843   2.999838    5.42700    -0.0749    13.8155 0.0000e+00  -60.61617  -54.71983 1153472109 202.371658    34.6850      69823         10  0.000e+00
   2001.253     0.3832   2.999429     0.3840   2.999826    5.42687    -0.0964    13.8155 0.0000e+00  -60.61617  -54.71983 1153472109 202.371658    34.6849      69824         10  0.000e+00
   2001.253     0.3833   2.999436     0.3835   2.999820    5.42685    -0.0749    13.8155 0.0000e+00  -60.61617  -54.71983 1153472109 202.371659    34.6849      69825         10  0.000e+00
   2001.253     0.3830   2.999398     0.3835   2.999749    5.42690    -0.1180    13.8155 0.0000e+00  -60.61617  -54.71983 1153472109 202.371659    34.6847      69826         10  0.000e+00
   2001.184     0.3830   2.999351     0.3835   2.999749    5.42687    -0.0964    13.8155 0.0000e+00  -60.61617  -54.71983 1153472109 202.371660    34.6841      69827         10  0.000e+00
   2001.145     0.3826   2.999391     0.3830   2.999737    5.42688    -0.0857    13.8155 0.0000e+00  -60.61617  -54.71983 1153472109 202.371660    34.6852      69828         10  0.000e+00
   2001.106     0.3830   2.999412     0.3830   2.999713    5.42679    -0.0964    13.8155 0.0000e+00  -60.61617  -54.71983 1153472109 202.371661    34.6850      69829         10  0.000e+00
   2001.106     0.3830   2.999422     0.3833   2.999743    5.42678    -0.1072    13.8155 0.0000e+00  -60.61617  -54.71983 1153472109 202.371661    34.6851      69830         10  0.000e+00
   2001.106     0.3830   2.999415     0.3833   2.999737    5.42678    -0.1180    13.8155 0.0000e+00  -60.61617  -54.71983 1153472109 202.371662    34.6850      69831         10  0.000e+00
   2000.880     0.3832   2.999429     0.3832   2.999749    5.42659    -0.1287    13.8155 0.0000e+00  -60.61617  -54.71983 1153472109 202.371662    34.6851      69832         10  0.000e+00
   2001.106     0.3832   2.999415     0.3832   2.999737    5.42676    -0.1180    13.8155 0.0000e+00  -60.61617  -54.71983 1153472109 202.371663    34.6848      69833         10  0.000e+00
   2000.988     0.3835   2.999429     0.3838   2.999749    5.42663    -0.0964    13.8155 0.0000e+00  -60.61617  -54.71983 1153472110 202.371663    34.6847      69834         10  0.000e+00
   2000.880     0.3835   2.999470     0.3836   2.999760    5.42653    -0.1180    13.8155 0.0000e+00  -60.61617  -54.71983 1153472110 202.371664    34.6853      69835         10  0.000e+00
   2000.880     0.3840   2.999501     0.3843   2.999778    5.42647    -0.1072    13.8155 0.0000e+00  -60.61617  -54.71983 1153472110 202.371664    34.6852      69836         10  0.000e+00
   2000.880     0.3840   2.999487     0.3840   2.999808    5.42647    -0.0857    13.8155 0.0000e+00  -60.61617  -54.71983 1153472110 202.371665    34.6850      69837         10  0.000e+00
   2000.811     0.3838   2.999483     0.3849   2.999838    5.42644    -0.1072    13.8155 0.0000e+00  -60.61617  -54.71983 1153472110 202.371665    34.6852      69838         10  0.000e+00
   2000.811     0.3844   2.999500     0.3844   2.999826    5.42636    -0.1072    13.8155 0.0000e+00  -60.61617  -54.71983 1153472110 202.371666    34.6847      69839         10  0.000e+00
   2000.733     0.3838   2.999470     0.3844   2.999838    5.42639    -0.1072    13.8155 0.0000e+00  -60.61617  -54.71983 1153472110 202.371666    34.6850      69840         10  0.000e+00
   2000.694     0.3840   2.999494     0.3846   2.999844    5.42633    -0.0857    13.8155 0.0000e+00  -60.61617  -54.71983 1153472110 202.371667    34.6852      69841         10  0.000e+00
   2000.664     0.3843   2.999483     0.3846   2.999862    5.42628    -0.0534    13.8155 0.0000e+00  -60.61617  -54.71983 1153472110 202.371667    34.6848      69842         10  0.000e+00
   2000.664     0.3841   2.999480     0.3852   2.999850    5.42629    -0.0857    13.8155 0.0000e+00  -60.61617  -54.71983 1153472110 202.371668    34.6849      69843         10  0.000e+00
   2000.586     0.3843   2.999500     0.3847   2.999862    5.42621    -0.1395    13.8155 0.0000e+00  -60.61617  -54.71983 1153472110 202.371668    34.6850      69844         10  0.000e+00
   2000.586     0.3844   2.999470     0.3849   2.999868    5.42620    -0.1287    13.8155 0.0000e+00  -60.61617  -54.71983 1153472110 202.371669    34.6844      69845         10  0.000e+00
   2000.517     0.3844   2.999494     0.3849   2.999892    5.42614    -0.1395    13.8155 0.0000e+00  -60.61617  -54.71983 1153472110 202.371669    34.6848      69846         10  0.000e+00
   2000.478     0.3843   2.999487     0.3847   2.999856    5.42613    -0.1610    13.8155 0.0000e+00  -60.61617  -54.71983 1153472110 202.371670    34.6849      69847         10  0.000e+00
   2000.439     0.3843   2.999517     0.3847   2.999862    5.42609    -0.1072    13.8155 0.0000e+00  -60.61617  -54.71983 1153472110 202.371670    34.6853      69848         10  0.000e+00
   2000.370     0.3841   2.999494     0.3847   2.999832    5.42607    -0.1072    13.8155 0.0000e+00  -60.61617  -54.71983 1153472110 202.371671    34.6852      69849         10  0.000e+00
   2000.370     0.3844   2.999517     0.3846   2.999880    5.42602    -0.1072    13.8155 0.0000e+00  -60.61617  -54.71983 1153472110 202.371671    34.6852      69850         10  0.000e+00
   2000.292     0.3841   2.999531     0.3849   2.999856    5.42599    -0.1180    13.8155 0.0000e+00  -60.61617  -54.71983 1153472110 202.371671    34.6857      69851         10  0.000e+00
   2000.292     0.3844   2.999494     0.3852   2.999844    5.42597    -0.1072    13.8155 0.0000e+00  -60.61617  -54.71983 1153472110 202.371672    34.6849      69852         10  0.000e+00
   2000.253     0.3846   2.999446     0.3852   2.999886    5.42595    -0.0426    13.8155 0.0000e+00  -60.61617  -54.71983 1153472110 202.371672    34.6841      69853         10  0.000e+00
   2000.145     0.3840   2.999453     0.3850   2.999856    5.42594    -0.0319    13.8155 0.0000e+00  -60.61617  -54.71983 1153472110 202.371673    34.6850      69854         10  0.000e+00
   2000.223     0.3843   2.999490     0.3847   2.999862    5.42594    -0.0534    13.8155 0.0000e+00  -60.61617  -54.71983 1153472110 202.371673    34.6851      69855         10  0.000e+00
   2000.076     0.3844   2.999487     0.3847   2.999850    5.42581    -0.0749    13.8155 0.0000e+00  -60.61617  -54.71983 1153472110 202.371674    34.6849      69856         10  0.000e+00
   2000.145     0.3844   2.999483     0.3845   2.999826    5.42586    -0.1395    13.8155 0.0000e+00  -60.61617  -54.71983 1153472110 202.371674    34.6848      69857         10  0.000e+00
   2000.813     0.3833   2.999415     0.3836   2.999749    5.42653    -0.0319    13.8155 0.0000e+00  -60.61617  -54.71983 1153472118 202.371757    34.6848      70028         11  0.000e+00
   2000.626     0.3835   2.999412     0.3840   2.999760    5.42637    -0.1072    13.8155 0.0000e+00  -60.61617  -54.71983 1153472118 202.371757    34.6847      70029         11  0.000e+00
   2000.666     0.3832   2.999391     0.3836   2.999778    5.42645    -0.1287    13.8155 0.0000e+00  -60.61617  -54.71983 1153472118 202.371758    34.6848      70030         11  0.000e+00
   2000.587     0.3832   2.999405     0.3835   2.999766    5.42638    -0.0964    13.8155 0.0000e+00  -60.61617  -54.71983 1153472118 202.371758    34.6850      70031         11  0.000e+00
   2000.519     0.3830   2.999412     0.3833   2.999719    5.42634    -0.0857    13.8155 0.0000e+00  -60.61617  -54.71983 1153472118 202.371759    34.6853      70032         11  0.000e+00
   2000.519     0.3829   2.999391     0.3840   2.999766    5.42637    -0.0749    13.8155 0.0000e+00  -60.61617  -54.71983 1153472118 202.371759    34.6852      70033         11  0.000e+00
   2000.519     0.3833   2.999422     0.3835   2.999766    5.42630    -0.0642    13.8155 0.0000e+00  -60.61617  -54.71983 1153472118 202.371760    34.6851      70034         11  0.000e+00
   2000.479     0.3833   2.999415     0.3833   2.999736    5.42628    -0.0964    13.8155 0.0000e+00  -60.61617  -54.71983 1153472118 202.371760    34.6850      70035         11  0.000e+00
   2000.440     0.3838   2.999429     0.3833   2.999730    5.42619    -0.0964    13.8155 0.0000e+00  -60.61617  -54.71983 1153472118 202.371761    34.6847      70036         11  0.000e+00
   2000.293     0.3832   2.999395     0.3830   2.999772    5.42617    -0.1072    13.8155 0.0000e+00  -60.61617  -54.71983 1153472118 202.371761    34.6850      70037         11  0.000e+00
   2000.372     0.3827   2.999350     0.3831   2.999742    5.42630    -0.1180    13.8155 0.0000e+00  -60.61617  -54.71983 1153472118 202.371762    34.6849      70038         11  0.000e+00
   2000.293     0.3827   2.999391     0.3833   2.999713    5.42622    -0.0642    13.8155 0.0000e+00  -60.61617  -54.71983 1153472118 202.371762    34.6855      70039         11  0.000e+00
   2000.293     0.3832   2.999357     0.3830   2.999707    5.42027    -0.0642    13.8155 0.0000e+00  -60.61617  -54.71983 1153472118 202.371763    34.6845      70040         11  0.000e+00
   2000.254     0.3829   2.999357     0.3833   2.999742    5.42619    -0.1072    13.8155 0.0000e+00  -60.61617  -54.71983 1153472118 202.371763    34.6849      70041         11  0.000e+00
   2000.225     0.3827   2.999381     0.3832   2.999719    5.42617    -0.0857    13.8155 0.0000e+00  -60.61617  -54.71983 1153472118 202.371764    34.6854      70042         11  0.000e+00
   2000.146     0.3830   2.999388     0.3833   2.999707    5.42608    -0.0749    13.8155 0.0000e+00  -60.61617  -54.71983 1153472118 202.371764    34.6852      70043         11  0.000e+00
   2000.146     0.3829   2.999367     0.3835   2.999707    5.42610    -0.1072    13.8155 0.0000e+00  -60.61617  -54.71983 1153472118 202.371765    34.6851      70044         11  0.000e+00
   2000.146     0.3827   2.999381     0.3832   2.999724    5.42612    -0.1287    13.8155 0.0000e+00  -60.61617  -54.71983 1153472118 202.371765    34.6854      70045         11  0.000e+00
   2000.077     0.3827   2.999350     0.3833   2.999712    5.42608    -0.1395    13.8155 0.0000e+00  -60.61617  -54.71983 1153472118 202.371766    34.6851      70046         11  0.000e+00
   2000.038     0.3829   2.999357     0.3832   2.999707    5.42603    -0.1180    13.8155 0.0000e+00  -60.61617  -54.71983 1153472118 202.371766    34.6850      70047         11  0.000e+00
