product_data/regression_test/downloaded_data/MDGS/320620060703/ctd/p6615101.ros
* Sea-Bird SBE 9 Data File:
* FileName = D:\Data\Raw\p6615101.dat
* Software Version Seasave Win32 V 5.32
* Temperature SN = 1649
* Conductivity SN = 1431
* Number of Bytes Per Scan = 37
* Number of Voltage Words = 5
* Number of Scans Averaged by the Deck Unit = 1
* NMEA Latitude = 60 42.34 S
* NMEA Longitude = 056 25.56 W
* NMEA UTC (Time) = 11:36:17
** Ship:   Nathaniel B. Palmer 
** Cruise:    NBP0606 
# nquan = 17
# nvalues = 1176                    
# units = specified
# name 0 = prDM: Pressure, Digiquartz [db]
# name 1 = t090C: Temperature [ITS-90, deg C]
# name 2 = c0S/m: Conductivity [S/m]
# name 3 = t190C: Temperature, 2 [ITS-90, deg C]
# name 4 = c1S/m: Conductivity, 2 [S/m]
# name 5 = sbeox0ML/L: Oxygen, SBE 43 [ml/l]
# name 6 = flECO-AFL: Fluorescence, Wetlab ECO-AFL/FL [mg/m^3]
# name 7 = bat: Beam Attenuation, Chelsea/Seatech/Wetlab CStar [1/m]
# name 8 = spar: SPAR/Surface Irradiance
# name 9 = latitude: Latitude [deg]
# name 10 = longitude: Longitude [deg]
# name 11 = timeY: Time, System [seconds]
# name 12 = timeJ: Julian Days
# name 13 = sal00: Salinity [PSU]
# name 14 = scan: scan number
# name 15 = nbf: number of bottles fired
# name 16 = flag:  0.000e+00
# interval = seconds: 0.0416667                   
# start_time = Jul 18 2006 11:36:25
*END*
[from data line 86]
    899.105     1.5329   3.055602     1.5329   3.055945    4.75153    -0.0211    13.8155 1.9481e+00  -60.70567  -56.42600 1153224183 199.502133    34.7261      38384          2  0.000e+00
    899.154     1.5328   3.055592     1.5333   3.055933    4.75158    -0.0426    13.8155 1.9481e+00  -60.70567  -56.42600 1153224183 199.502133    34.7261      38385          2  0.000e+00
    899.105     1.5328   3.055547     1.5333   3.055945    4.75156    -0.0642    13.8155 1.9481e+00  -60.70567  -56.42600 1153224183 199.502134    34.7256      38386          2  0.000e+00
    899.076     1.5326   3.055558     1.5333   3.055951    4.75155    -0.0749    13.8155 1.9481e+00  -60.70567  -56.42600 1153224183 199.502134    34.7259      38387          2  0.000e+00
    899.105     1.5324   3.055544     1.5333   3.055969    4.75160    -0.0749    13.8155 1.9481e+00  -60.70567  -56.42600 1153224183 199.502135    34.7259      38388          2  0.000e+00
    899.076     1.5328   3.055554     1.5333   3.055909    4.75154    -0.0964    13.8155 1.9481e+00  -60.70567  -56.42600 1153224183 199.502135    34.7257      38389          2  0.000e+00
    899.105     1.5329   3.055544     1.5329   3.055939    4.75155    -0.0749    13.8155 1.9481e+00  -60.70567  -56.42600 1153224183 199.502136    34.7254      38390          2  0.000e+00
    899.076     1.5326   3.055571     1.5336   3.055951    4.75155    -0.0749    13.8155 1.9481e+00  -60.70567  -56.42600 1153224183 199.502136    34.7261      38391          2  0.000e+00
    899.154     1.5325   3.055568     1.5329   3.055933    4.75162    -0.0534    13.8155 1.9481e+00  -60.70567  -56.42600 1153224183 199.502137    34.7262      38392          2  0.000e+00
    899.028     1.5326   3.055564     1.5328   3.055921    4.75152    -0.0749    13.8155 1.9481e+00  -60.70567  -56.42600 1153224183 199.502137    34.7261      38393          2  0.000e+00
    899.154     1.5325   3.055578     1.5334   3.055921    4.75161    -0.0749    13.8155 1.9481e+00  -60.70567  -56.42600 1153224183 199.502138    34.7263      38394          2  0.000e+00
    899.105     1.5326   3.055568     1.5331   3.055921    4.75157    -0.1180    13.8155 0.0000e+00  -60.70567  -56.42600 1153224183 199.502138    34.7260      38395          2  0.000e+00
    801.853     1.6397   3.060457     1.6407   3.060867    4.68045    -0.0534    13.8155 1.9481e+00  -60.70567  -56.42600 1153224340 199.503949    34.7239      42150          3  0.000e+00
    802.142     1.6396   3.060436     1.6405   3.060831    4.68554    -0.0857    13.8155 1.9481e+00  -60.70567  -56.42600 1153224340 199.503950    34.7237      42151          3  0.000e+00
    801.998     1.6397   3.060450     1.6407   3.060843    4.68543    -0.0642    13.8155 1.9481e+00  -60.70567  -56.42600 1153224340 199.503950    34.7237      42152          3  0.000e+00
    802.075     1.6392   3.060467     1.6402   3.060855    4.68552    -0.0426    13.8155 1.9481e+00  -60.70567  -56.42600 1153224340 199.503951    34.7245      42153          3  0.000e+00
    802.123     1.6394   3.060460     1.6409   3.060873    4.68553    -0.0749    13.8155 1.9481e+00  -60.70567  -56.42600 1153224340 199.503951    34.7241      42154          3  0.000e+00
    802.075     1.6396   3.060457     1.6405   3.060837    4.68549    -0.1072    13.8155 1.9481e+00  -60.70567  -56.42600 1153224340 199.503952    34.7240      42155          3  0.000e+00
    802.075     1.6394   3.060457     1.6405   3.060843    4.68550    -0.0964    13.8155 1.9481e+00  -60.70567  -56.42600 1153224340 199.503952    34.7241      42156          3  0.000e+00
    802.219     1.6397   3.060491     1.6405   3.060873    4.68556    -0.0426    13.8155 1.9481e+00  -60.70567  -56.42600 1153224340 199.503953    34.7242      42157          3  0.000e+00
    802.075     1.6401   3.060484     1.6402   3.060885    4.68543    -0.0534    13.8155 1.9481e+00  -60.70567  -56.42600 1153224340 199.503953    34.7238      42158          3  0.000e+00
    802.142     1.6397   3.060471     1.6407   3.060861    4.68551    -0.0426    13.8155 1.9481e+00  -60.70567  -56.42600 1153224340 199.503954    34.7239      42159          3  0.000e+00
    802.219     1.6400   3.060512     1.6404   3.060855    4.68552    -0.0426    13.8155 1.9481e+00  -60.70567  -56.42600 1153224340 199.503954    34.7241      42160          3  0.000e+00
    802.123     1.6396   3.060474     1.6405   3.060873    4.68552    -0.0964    13.8155 1.9481e+00  -60.70567  -56.42600 1153224340 199.503954    34.7242      42161          3  0.000e+00
    802.142     1.6399   3.060474     1.6407   3.060837    4.68550    -0.0749    13.8155 1.9481e+00  -60.70567  -56.42600 1153224340 199.503955    34.7238      42162          3  0.000e+00
    802.142     1.6397   3.060498     1.6410   3.060843    4.68550    -0.0964    13.8155 1.9481e+00  -60.70567  -56.42600 1153224340 199.503955    34.7243      42163          3  0.000e+00
    802.219     1.6400   3.060505     1.6402   3.060897    4.68553    -0.0749    13.8155 0.0000e+00  -60.70567  -56.42600 1153224340 199.503956    34.7240      42164          3  0.000e+00
    802.142     1.6401   3.060495     1.6405   3.060891    4.68547    -0.0319    13.8155 0.0000e+00  -60.70567  -56.42600 1153224340 199.503956    34.7239      42165          3  0.000e+00
    802.142     1.6401   3.060502     1.6404   3.060837    4.68547    -0.0426    13.8155 0.0000e+00  -60.70567  -56.42600 1153224340 199.503957    34.7240      42166          3  0.000e+00
    802.191     1.6402   3.060505     1.6410   3.060843    4.68549    -0.0426    13.8155 0.0000e+00  -60.70567  -56.42600 1153224340 199.503957    34.7238      42167          3  0.000e+00
    802.142     1.6400   3.060505     1.6404   3.060873    4.68548    -0.0319    13.8155 1.9481e+00  -60.70567  -56.42600 1153224340 199.503958    34.7241      42168          3  0.000e+00
    802.142     1.6402   3.060505     1.6405   3.060861    4.68545    -0.0426    13.8155 1.9481e+00  -60.70567  -56.42600 1153224340 199.503958    34.7238      42169          3  0.000e+00
    802.142     1.6399   3.060484     1.6404   3.060873    4.68549    -0.0534    13.8155 1.9481e+00  -60.70567  -56.42600 1153224340 199.503959    34.7239      42170          3  0.000e+00
    802.075     1.6398   3.060526     1.6407   3.060885    4.68544    -0.0857    13.8155 1.9481e+00  -60.70567  -56.42600 1153224340 199.503959    34.7246      42171          3  0.000e+00
    802.142     1.6404   3.060495     1.6404   3.060885    4.68544    -0.1072    13.8155 1.9481e+00  -60.70567  -56.42600 1153224341 199.503960    34.7235      42172          3  0.000e+00
    802.056     1.6404   3.060498     1.6402   3.060861    4.68538    -0.0964    13.8155 1.9481e+00  -60.70567  -56.42600 1153224341 199.503960    34.7236      42173          3  0.000e+00
    802.142     1.6402   3.060484     1.6409   3.060873    4.68546    -0.0749    13.8155 1.9481e+00  -60.70567  -56.42600 1153224341 199.503961    34.7236      42174          3  0.000e+00
    802.075     1.6405   3.060481     1.6409   3.060861    4.68540    -0.1072    13.8155 1.9481e+00  -60.70567  -56.42600 1153224341 199.503961    34.7233      42175          3  0.000e+00
    802.075     1.6399   3.060515     1.6405   3.060873    4.68544    -0.1287    13.8155 1.9481e+00  -60.70567  -56.42600 1153224341 199.503962    34.7243      42176          3  0.000e+00
    802.075     1.6409   3.060484     1.6407   3.060885    4.68536    -0.1180    13.8155 0.0000e+00  -60.70567  -56.42600 1153224341 199.503962    34.7229      42177          3  0.000e+00
    801.998     1.6402   3.060477     1.6410   3.060861    4.68537    -0.0964    13.8155 0.0000e+00  -60.70567  -56.42600 1153224341 199.503963    34.7236      42178          3  0.000e+00
    801.998     1.6405   3.060498     1.6407   3.060873    4.68534    -0.0749    13.8155 1.9481e+00  -60.70567  -56.42600 1153224341 199.503963    34.7236      42179          3  0.000e+00
    802.056     1.6404   3.060505     1.6409   3.060837    4.68538    -0.0749    13.8155 1.9481e+00  -60.70567  -56.42600 1153224341 199.503964    34.7237      42180          3  0.000e+00
    801.998     1.6407   3.060522     1.6407   3.060867    4.68531    -0.0534    13.8155 1.9481e+00  -60.70567  -56.42600 1153224341 199.503964    34.7236      42181          3  0.000e+00
    801.930     1.6405   3.060529     1.6412   3.060885    4.68528    -0.0319    13.8155 1.9481e+00  -60.70567  -56.42600 1153224341 199.503965    34.7240      42182          3  0.000e+00
    801.930     1.6402   3.060474     1.6407   3.060885    4.68533    -0.0426    13.8155 1.9481e+00  -60.70567  -56.42600 1153224341 199.503965    34.7236      42183          3  0.000e+00
    801.930     1.6407   3.060519     1.6409   3.060861    4.68527    -0.0857    13.8155 1.9481e+00  -60.70567  -56.42600 1153224341 199.503966    34.7236      42184          3  0.000e+00
    801.853     1.6404   3.060495     1.6409   3.060813    4.68525    -0.1072    13.8155 1.9481e+00  -60.70567  -56.42600 1153224341 199.503966    34.7237      42185          3  0.000e+00
    801.911     1.6406   3.060498     1.6409   3.060861    4.68527    -0.1180    13.8155 1.9481e+00  -60.70567  -56.42600 1153224341 199.503967    34.7234      42186          3  0.000e+00
    801.853     1.6404   3.060560     1.6409   3.060819    4.68523    -0.1180    13.8155 1.9481e+00  -60.70567  -56.42600 1153224341 199.503967    34.7245      42187          3  0.000e+00
    801.853     1.6418   3.060598     1.6409   3.060861    4.68508    -0.1180    13.8155 1.9481e+00  -60.70567  -56.42600 1153224341 199.503967    34.7234      42188          3  0.000e+00
    801.786     1.6415   3.060605     1.6411   3.060885    4.68506    -0.0749    13.8155 1.9481e+00  -60.70567  -56.42600 1153224341 199.503968    34.7239      42189          3  0.000e+00
    801.786     1.6416   3.060574     1.6413   3.060903    4.68506    -0.0749    13.8155 0.0000e+00  -60.70567  -56.42600 1153224341 199.503968    34.7234      42190          3  0.000e+00
    801.786     1.6415   3.060594     1.6415   3.060927    4.68507    -0.0857    13.8155 0.0000e+00  -60.70567  -56.42600 1153224341 199.503969    34.7238      42191          3  0.000e+00
    801.766     1.6412   3.060605     1.6413   3.060921    4.68508    -0.0319    13.8155 1.9481e+00  -60.70567  -56.42600 1153224341 199.503969    34.7243      42192          3  0.000e+00
    801.718     1.6412   3.060605     1.6410   3.060909    4.68504    -0.0319    13.8155 1.9481e+00  -60.70567  -56.42600 1153224341 199.503970    34.7242      42193          3  0.000e+00
    801.718     1.6415   3.060546     1.6410   3.060867    4.68504    -0.0642    13.8155 1.9481e+00  -60.70567  -56.42600 1153224341 199.503970    34.7232      42194          3  0.000e+00
    801.641     1.6410   3.060567     1.6413   3.060897    4.68503    -0.1180    13.8155 1.9481e+00  -60.70567  -56.42600 1153224342 199.503971    34.7240      42195          3  0.000e+00
    801.641     1.6413   3.060570     1.6415   3.060909    4.68500    -0.0964    13.8155 1.9481e+00  -60.70567  -56.42600 1153224342 199.503971    34.7237      42196          3  0.000e+00
    801.574     1.6416   3.060556     1.6413   3.060927    4.68493    -0.0964    13.8155 1.9481e+00  -60.70567  -56.42600 1153224342 199.503972    34.7233      42197          3  0.000e+00
    801.622     1.6412   3.060574     1.6412   3.060915    4.68500    -0.0857    13.8155 1.9481e+00  -60.70567  -56.42600 1153224342 199.503972    34.7240      42198          3  0.000e+00
    700.706     1.7646   3.066515     1.7652   3.066880    4.59141    -0.0319    13.8155 1.9481e+00  -60.70567  -56.42600 1153224496 199.505756    34.7194      45896          4  0.000e+00
    700.639     1.7646   3.066505     1.7650   3.066856    4.59137    -0.0426    13.8155 1.9481e+00  -60.70567  -56.42600 1153224496 199.505756    34.7193      45897          4  0.000e+00
    700.803     1.7650   3.066481     1.7652   3.066868    4.59145    -0.0964    13.8155 1.9481e+00  -60.70567  -56.42600 1153224496 199.505757    34.7186      45898          4  0.000e+00
    700.639     1.7646   3.066494     1.7648   3.066856    4.59137    -0.0857    13.8155 1.9481e+00  -60.70567  -56.42600 1153224496 199.505757    34.7192      45899          4  0.000e+00
    700.706     1.7645   3.066519     1.7648   3.066850    4.59142    -0.0642    13.8155 1.9481e+00  -60.70567  -56.42600 1153224496 199.505758    34.7196      45900          4  0.000e+00
    700.783     1.7645   3.066525     1.7648   3.066868    4.59147    -0.0964    13.8155 1.9481e+00  -60.70567  -56.42600 1153224496 199.505758    34.7197      45901          4  0.000e+00
    700.706     1.7646   3.066505     1.7650   3.066856    4.59621    -0.0642    13.8155 1.9481e+00  -60.70567  -56.42600 1153224496 199.505759    34.7193      45902          4  0.000e+00
    700.783     1.7648   3.066519     1.7648   3.066868    4.59624    -0.0749    13.8155 1.9481e+00  -60.70567  -56.42600 1153224496 199.505759    34.7193      45903          4  0.000e+00
    700.706     1.7645   3.066505     1.7651   3.066880    4.59142    -0.1180    13.8155 1.9481e+00  -60.70567  -56.42600 1153224496 199.505760    34.7195      45904          4  0.000e+00
    700.726     1.7646   3.066498     1.7652   3.066880    4.59143    -0.0749    13.8155 1.9481e+00  -60.70567  -56.42600 1153224496 199.505760    34.7192      45905          4  0.000e+00
    700.851     1.7648   3.066498     1.7652   3.066856    4.59149    -0.0534    13.8155 1.9481e+00  -60.70567  -56.42600 1153224496 199.505761    34.7190      45906          4  0.000e+00
    700.706     1.7645   3.066481     1.7647   3.066868    4.59143    -0.0534    13.8155 1.9481e+00  -60.70567  -56.42600 1153224496 199.505761    34.7192      45907          4  0.000e+00
    700.851     1.7646   3.066494     1.7645   3.066880    4.59151    -0.0642    13.8155 1.9481e+00  -60.70567  -56.42600 1153224496 199.505761    34.7191      45908          4  0.000e+00
    700.783     1.7648   3.066481     1.7650   3.066832    4.59145    -0.0749    13.8155 0.0000e+00  -60.70567  -56.42600 1153224496 199.505762    34.7188      45909          4  0.000e+00
    700.783     1.7645   3.066529     1.7649   3.066862    4.59146    -0.1072    13.8155 0.0000e+00  -60.70567  -56.42600 1153224496 199.505762    34.7197      45910          4  0.000e+00
    700.783     1.7643   3.066494     1.7646   3.066832    4.59149    -0.0964    13.8155 0.0000e+00  -60.70567  -56.42600 1153224496 199.505763    34.7195      45911          4  0.000e+00
    700.851     1.7646   3.066494     1.7648   3.066862    4.59151    -0.0964    13.8155 1.9481e+00  -60.70567  -56.42600 1153224496 199.505763    34.7191      45912          4  0.000e+00
    700.726     1.7648   3.066498     1.7648   3.066856    4.59141    -0.1395    13.8155 1.9481e+00  -60.70567  -56.42600 1153224496 199.505764    34.7190      45913          4  0.000e+00
    700.851     1.7643   3.066481     1.7651   3.066868    4.59154    -0.1395    13.8155 1.9481e+00  -60.70567  -56.42600 1153224496 199.505764    34.7193      45914          4  0.000e+00
    700.783     1.7648   3.066494     1.7648   3.066898    4.59145    -0.0857    13.8155 1.9481e+00  -60.70567  -56.42600 1153224496 199.505765    34.7190      45915          4  0.000e+00
    700.783     1.7645   3.066501     1.7648   3.066862    4.59148    -0.0964    13.8155 1.9481e+00  -60.70567  -56.42600 1153224496 199.505765    34.7194      45916          4  0.000e+00
    700.783     1.7645   3.066519     1.7648   3.066868    4.59147    -0.0426    13.8155 1.9481e+00  -60.70567  -56.42600 1153224496 199.505766    34.7196      45917          4  0.000e+00
    700.783     1.7650   3.066525     1.7649   3.066856    4.59142    -0.0426    13.8155 1.9481e+00  -60.70567  -56.42600 1153224497 199.505766    34.7192      45918          4  0.000e+00
