product_data/regression_test/downloaded_data/MDGS/320620060703/ctd/p6614601.ros
* Sea-Bird SBE 9 Data File:
* FileName = D:\Data\Raw\p6614601.dat
* Software Version Seasave Win32 V 5.32
* Temperature SN = 1649
* Conductivity SN = 1431
* Number of Bytes Per Scan = 37
* Number of Voltage Words = 5
* Number of Scans Averaged by the Deck Unit = 1
* NMEA Latitude = 60 16.55 S
* NMEA Longitude = 057 27.03 W
* NMEA UTC (Time) = 17:19:00
** Ship:   Nathaniel B. Palmer 
** Cruise:    NBP0606 
# nquan = 17
# nvalues = 1155                    
# units = specified
# name 0 = prDM: Pressure, Digiquartz [db]
# name 1 = t090C: Temperature [ITS-90, deg C]
# name 2 = c0S/m: Conductivity [S/m]
# name 3 = t190C: Temperature, 2 [ITS-90, deg C]
# name 4 = c1S/m: Conductivity, 2 [S/m]
# name 5 = sbeox0ML/L: Oxygen, SBE 43 [ml/l]
# name 6 = flECO-AFL: Fluorescence, Wetlab ECO-AFL/FL [mg/m^3]
# name 7 = bat: Beam Attenuation, Chelsea/Seatech/Wetlab CStar [1/m]
# name 8 = spar: SPAR/Surface Irradiance
# name 9 = latitude: Latitude [deg]
# name 10 = longitude: Longitude [deg]
# name 11 = timeY: Time, System [seconds]
# name 12 = timeJ: Julian Days
# name 13 = sal00: Salinity [PSU]
# name 14 = scan: scan number
# name 15 = nbf: number of bottles fired
# name 16 = flag:  0.000e+00
# interval = seconds: 0.0416667                   
# start_time = Jul 17 2006 17:19:09
*END*
   1000.445     1.8042   3.083111     1.8052   3.065807    4.64097    -0.0857    13.8155 6.0393e+01  -60.27583  -57.45050 1153158209 198.738553    34.7201      35088          1  0.000e+00
   1000.367     1.8048   3.083121     1.8048   3.065819    4.64087    -0.0426    13.8155 6.0393e+01  -60.27583  -57.45050 1153158209 198.738553    34.7197      35089          1  0.000e+00
   1000.512     1.8052   3.083101     1.8047   3.065831    4.64093    -0.0319    13.8155 6.0393e+01  -60.27583  -57.45050 1153158209 198.738554    34.7189      35090          1  0.000e+00
   1000.367     1.8046   3.083128     1.8052   3.065783    4.64088    -0.0534    13.8155 5.8444e+01  -60.27583  -57.45050 1153158209 198.738554    34.7200      35091          1  0.000e+00
   1000.541     1.8044   3.083104     1.8046   3.065813    4.64102    -0.0319    13.8155 5.8444e+01  -60.27583  -57.45050 1153158209 198.738555    34.7198      35092          1  0.000e+00
   1000.367     1.8048   3.083166     1.8047   3.065825    4.64085    -0.0642    13.8155 5.8444e+01  -60.27583  -57.45050 1153158209 198.738555    34.7203      35093          1  0.000e+00
   1000.512     1.8046   3.083118     1.8045   3.065843    4.64098    -0.0964    13.8155 5.8444e+01  -60.27583  -57.45050 1153158209 198.738556    34.7198      35094          1  0.000e+00
   1000.512     1.8044   3.083128     1.8045   3.065813    4.64099    -0.0749    13.8155 5.8444e+01  -60.27583  -57.45050 1153158209 198.738556    34.7201      35095          1  0.000e+00
   1000.445     1.8046   3.083142     1.8048   3.065801    4.64093    -0.0749    13.8155 5.8444e+01  -60.27583  -57.45050 1153158209 198.738557    34.7202      35096          1  0.000e+00
   1000.541     1.8044   3.083121     1.8047   3.065777    4.64101    -0.0534    13.8155 5.6496e+01  -60.27583  -57.45050 1153158209 198.738557    34.7200      35097          1  0.000e+00
   1000.512     1.8044   3.083170     1.8045   3.065831    4.64097    -0.0964    13.8155 5.6496e+01  -60.27583  -57.45050 1153158209 198.738558    34.7206      35098          1  0.000e+00
   1000.512     1.8043   3.083139     1.8050   3.065873    4.64100    -0.0964    13.8155 5.8444e+01  -60.27583  -57.45050 1153158209 198.738558    34.7204      35099          1  0.000e+00
   1000.512     1.8048   3.083118     1.8047   3.065795    4.64096    -0.0964    13.8155 5.8444e+01  -60.27583  -57.45050 1153158209 198.738559    34.7196      35100          1  0.000e+00
   1000.512     1.8049   3.083118     1.8046   3.065813    4.64095    -0.0749    13.8155 5.8444e+01  -60.27583  -57.45050 1153158209 198.738559    34.7195      35101          1  0.000e+00
   1000.590     1.8044   3.083097     1.8053   3.065807    4.64105    -0.0964    13.8155 5.8444e+01  -60.27583  -57.45050 1153158209 198.738560    34.7196      35102          1  0.000e+00
   1000.541     1.8043   3.083111     1.8046   3.065801    4.64103    -0.1180    13.8155 5.8444e+01  -60.27583  -57.45050 1153158209 198.738560    34.7200      35103          1  0.000e+00
   1000.512     1.8046   3.083135     1.8045   3.065801    4.64097    -0.0642    13.8155 5.8444e+01  -60.27583  -57.45050 1153158209 198.738560    34.7200      35104          1  0.000e+00
   1000.590     1.8047   3.083121     1.8045   3.065801    4.64102    -0.0319    13.8155 5.8444e+01  -60.27583  -57.45050 1153158209 198.738561    34.7197      35105          1  0.000e+00
   1000.512     1.8043   3.083118     1.8045   3.065710    4.64101    -0.0426    13.8155 5.6496e+01  -60.27583  -57.45050 1153158209 198.738561    34.7201      35106          1  0.000e+00
   1000.657     1.8046   3.083135     1.8044   3.065897    4.64106    -0.0642    13.8155 5.8444e+01  -60.27583  -57.45050 1153158210 198.738562    34.7199      35107          1  0.000e+00
   1000.541     1.8044   3.083142     1.8052   3.065843    4.64100    -0.0749    13.8155 5.8444e+01  -60.27583  -57.45050 1153158210 198.738562    34.7202      35108          1  0.000e+00
   1000.590     1.8047   3.083121     1.8048   3.065819    4.64102    -0.0319    13.8155 5.8444e+01  -60.27583  -57.45050 1153158210 198.738563    34.7197      35109          1  0.000e+00
   1000.590     1.8044   3.083121     1.8047   3.065831    4.64104    -0.0534    13.8155 5.8444e+01  -60.27583  -57.45050 1153158210 198.738563    34.7199      35110          1  0.000e+00
   1000.658     1.8044   3.083156     1.8048   3.065807    4.64107    -0.0642    13.8155 5.8444e+01  -60.27583  -57.45050 1153158210 198.738564    34.7203      35111          1  0.000e+00
   1000.590     1.8041   3.083128     1.8048   3.065819    4.64107    -0.0534    13.8155 5.8444e+01  -60.27583  -57.45050 1153158210 198.738564    34.7204      35112          1  0.000e+00
   1000.590     1.8041   3.083135     1.8050   3.065867    4.64107    -0.0426    13.8155 5.8444e+01  -60.27583  -57.45050 1153158210 198.738565    34.7205      35113          1  0.000e+00
   1000.677     1.8044   3.083087     1.8047   3.065861    4.64111    -0.0749    13.8155 5.8444e+01  -60.27583  -57.45050 1153158210 198.738565    34.7195      35114          1  0.000e+00
   1000.590     1.8043   3.083104     1.8048   3.065873    4.64106    -0.1180    13.8155 5.8444e+01  -60.27583  -57.45050 1153158210 198.738566    34.7199      35115          1  0.000e+00
   1000.658     1.8041   3.083135     1.8052   3.065885    4.64111    -0.1072    13.8155 5.8444e+01  -60.27583  -57.45050 1153158210 198.738566    34.7204      35116          1  0.000e+00
   1000.658     1.8044   3.083142     1.8052   3.065903    4.64108    -0.0534    13.8155 5.8444e+01  -60.27583  -57.45050 1153158210 198.738567    34.7202      35117          1  0.000e+00
   1000.658     1.8041   3.083121     1.8049   3.065867    4.64112    -0.0964    13.8155 5.8444e+01  -60.27583  -57.45050 1153158210 198.738567    34.7203      35118          1  0.000e+00
   1000.677     1.8046   3.083118     1.8054   3.065855    4.64108    -0.0964    13.8155 5.8444e+01  -60.27583  -57.45050 1153158210 198.738568    34.7197      35119          1  0.000e+00
   1000.658     1.8046   3.083139     1.8049   3.065855    4.64106    -0.0534    13.8155 5.8444e+01  -60.27583  -57.45050 1153158210 198.738568    34.7199      35120          1  0.000e+00
   1000.658     1.8042   3.083142     1.8047   3.065813    4.64110    -0.0104    13.8155 5.8444e+01  -60.27583  -57.45050 1153158210 198.738569    34.7204      35121          1  0.000e+00
   1000.735     1.8043   3.083104     1.8047   3.065861    4.64116    -0.0319    13.8155 5.6496e+01  -60.27583  -57.45050 1153158210 198.738569    34.7198      35122          1  0.000e+00
   1000.658     1.8048   3.083094     1.8046   3.065861    4.64107    -0.0426    13.8155 5.6496e+01  -60.27583  -57.45050 1153158210 198.738570    34.7192      35123          1  0.000e+00
   1000.735     1.8044   3.083111     1.8045   3.065837    4.64114    -0.0319    13.8155 5.8444e+01  -60.27583  -57.45050 1153158210 198.738570    34.7197      35124          1  0.000e+00
   1000.677     1.8049   3.083153     1.8044   3.065807    4.64105    -0.0534    13.8155 5.8444e+01  -60.27583  -57.45050 1153158210 198.738571    34.7198      35125          1  0.000e+00
   1000.735     1.8044   3.083146     1.8046   3.065819    4.64113    -0.0642    13.8155 5.8444e+01  -60.27583  -57.45050 1153158210 198.738571    34.7202      35126          1  0.000e+00
   1000.735     1.8052   3.083142     1.8045   3.065807    4.64105    -0.0642    13.8155 5.8444e+01  -60.27583  -57.45050 1153158210 198.738572    34.7193      35127          1  0.000e+00
   1000.735     1.8044   3.083142     1.8044   3.065837    4.64113    -0.1072    13.8155 5.8444e+01  -60.27583  -57.45050 1153158210 198.738572    34.7201      35128          1  0.000e+00
   1000.735     1.8046   3.083142     1.8045   3.065837    4.64111    -0.1287    13.8155 5.8444e+01  -60.27583  -57.45050 1153158210 198.738573    34.7199      35129          1  0.000e+00
   1000.754     1.8047   3.083128     1.8044   3.065807    4.64112    -0.1395    13.8155 5.8444e+01  -60.27583  -57.45050 1153158210 198.738573    34.7197      35130          1  0.000e+00
   1000.735     1.8046   3.083135     1.8042   3.065801    4.64111    -0.1180    13.8155 5.8444e+01  -60.27583  -57.45050 1153158211 198.738573    34.7199      35131          1  0.000e+00
   1000.735     1.8046   3.083142     1.8045   3.065819    4.64111    -0.0749    13.8155 5.8444e+01  -60.27583  -57.45050 1153158211 198.738574    34.7199      35132          1  0.000e+00
   1000.803     1.8046   3.083121     1.8040   3.065825    4.64116    -0.0534    13.8155 5.8444e+01  -60.27583  -57.45050 1153158211 198.738574    34.7197      35133          1  0.000e+00
   1000.735     1.8046   3.083153     1.8045   3.065849    4.64111    -0.0534    13.8155 5.8444e+01  -60.27583  -57.45050 1153158211 198.738575    34.7201      35134          1  0.000e+00
   1000.803     1.8048   3.083166     1.8047   3.065837    4.64113    -0.0534    13.8155 5.8444e+01  -60.27583  -57.45050 1153158211 198.738575    34.7201      35135          1  0.000e+00
   1000.755     1.8044   3.083146     1.8042   3.065807    4.64114    -0.0749    13.8155 5.8444e+01  -60.27583  -57.45050 1153158211 198.738576    34.7202      35136          1  0.000e+00
    799.674     1.9498   3.085536     1.9502   3.068129    4.51842    -0.0857    13.8155 6.6237e+01  -60.27583  -57.45050 1153158502 198.741949    34.7012      42131          2  0.000e+00
    799.742     1.9493   3.085526     1.9498   3.068147    4.51851    -0.1072    13.8155 6.6237e+01  -60.27583  -57.45050 1153158502 198.741950    34.7015      42132          2  0.000e+00
    799.597     1.9495   3.085560     1.9498   3.068135    4.52323    -0.1180    13.8155 6.6237e+01  -60.27583  -57.45050 1153158502 198.741950    34.7019      42133          2  0.000e+00
    799.674     1.9493   3.085553     1.9498   3.068129    4.51846    -0.1287    13.8155 6.6237e+01  -60.27583  -57.45050 1153158502 198.741951    34.7019      42134          2  0.000e+00
    799.578     1.9492   3.085567     1.9498   3.068129    4.51841    -0.0964    13.8155 6.8185e+01  -60.27583  -57.45050 1153158502 198.741951    34.7023      42135          2  0.000e+00
    799.530     1.9493   3.085519     1.9503   3.068111    4.51838    -0.0964    13.8155 6.8185e+01  -60.27583  -57.45050 1153158502 198.741952    34.7016      42136          2  0.000e+00
    799.530     1.9498   3.085508     1.9497   3.068147    4.51834    -0.1072    13.8155 6.6237e+01  -60.27583  -57.45050 1153158502 198.741952    34.7009      42137          2  0.000e+00
    799.530     1.9495   3.085540     1.9502   3.068069    4.52320    -0.0534    13.8155 6.6237e+01  -60.27583  -57.45050 1153158502 198.741953    34.7016      42138          2  0.000e+00
    799.452     1.9496   3.085567     1.9500   3.068105    4.52312    -0.0642    13.8155 6.6237e+01  -60.27583  -57.45050 1153158503 198.741953    34.7018      42139          2  0.000e+00
    799.501     1.9493   3.085574     1.9497   3.068111    4.52318    -0.0534    13.8155 6.6237e+01  -60.27583  -57.45050 1153158503 198.741954    34.7023      42140          2  0.000e+00
    799.385     1.9492   3.085553     1.9497   3.068141    4.52313    -0.0319    13.8155 6.6237e+01  -60.27583  -57.45050 1153158503 198.741954    34.7022      42141          2  0.000e+00
    799.453     1.9495   3.085567     1.9498   3.068159    4.52314    -0.0104    13.8155 6.6237e+01  -60.27583  -57.45050 1153158503 198.741955    34.7020      42142          2  0.000e+00
    799.385     1.9495   3.085536     1.9500   3.068093    4.52311    -0.0749    13.8155 6.6237e+01  -60.27583  -57.45050 1153158503 198.741955    34.7017      42143          2  0.000e+00
    799.289     1.9501   3.085543     1.9502   3.068111    4.52299    -0.1180    13.8155 6.6237e+01  -60.27583  -57.45050 1153158503 198.741956    34.7011      42144          2  0.000e+00
    799.318     1.9495   3.085550     1.9497   3.068111    4.52306    -0.0749    13.8155 6.6237e+01  -60.27583  -57.45050 1153158503 198.741956    34.7019      42145          2  0.000e+00
    799.318     1.9499   3.085550     1.9502   3.068141    4.51818    -0.0534    13.8155 6.8185e+01  -60.27583  -57.45050 1153158503 198.741957    34.7014      42146          2  0.000e+00
    799.241     1.9496   3.085529     1.9500   3.068099    4.51817    -0.0642    13.8155 6.8185e+01  -60.27583  -57.45050 1153158503 198.741957    34.7015      42147          2  0.000e+00
    799.241     1.9498   3.085526     1.9498   3.068135    4.52299    -0.0642    13.8155 6.8185e+01  -60.27583  -57.45050 1153158503 198.741957    34.7012      42148          2  0.000e+00
    799.221     1.9496   3.085577     1.9495   3.068117    4.52298    -0.0319    13.8155 6.8185e+01  -60.27583  -57.45050 1153158503 198.741958    34.7021      42149          2  0.000e+00
    799.173     1.9498   3.085560     1.9500   3.068123    4.52294    -0.0319    13.8155 6.8185e+01  -60.27583  -57.45050 1153158503 198.741958    34.7017      42150          2  0.000e+00
    799.173     1.9503   3.085567     1.9497   3.068129    4.52289    -0.0964    13.8155 6.8185e+01  -60.27583  -57.45050 1153158503 198.741959    34.7013      42151          2  0.000e+00
    799.173     1.9504   3.085591     1.9502   3.068129    4.52287    -0.1072    13.8155 6.8185e+01  -60.27583  -57.45050 1153158503 198.741959    34.7015      42152          2  0.000e+00
    799.096     1.9506   3.085560     1.9500   3.068129    4.52282    -0.0964    13.8155 6.8185e+01  -60.27583  -57.45050 1153158503 198.741960    34.7009      42153          2  0.000e+00
    799.077     1.9506   3.085602     1.9502   3.068086    4.52279    -0.0964    13.8155 6.8185e+01  -60.27583  -57.45050 1153158503 198.741960    34.7015      42154          2  0.000e+00
    799.029     1.9504   3.085602     1.9502   3.068074    4.51793    -0.0964    13.8155 6.8185e+01  -60.27583  -57.45050 1153158503 198.741961    34.7017      42155          2  0.000e+00
    799.029     1.9509   3.085615     1.9498   3.068050    4.51788    -0.0749    13.8155 6.8185e+01  -60.27583  -57.45050 1153158503 198.741961    34.7013      42156          2  0.000e+00
    798.951     1.9507   3.085567     1.9500   3.068129    4.52271    -0.0642    13.8155 6.8185e+01  -60.27583  -57.45050 1153158503 198.741962    34.7009      42157          2  0.000e+00
    799.009     1.9506   3.085602     1.9503   3.068098    4.52274    -0.0534    13.8155 6.8185e+01  -60.27583  -57.45050 1153158503 198.741962    34.7015      42158          2  0.000e+00
    798.952     1.9499   3.085602     1.9502   3.068098    4.52277    -0.0857    13.8155 6.8185e+01  -60.27583  -57.45050 1153158503 198.741963    34.7022      42159          2  0.000e+00
    798.884     1.9503   3.085577     1.9503   3.068104    4.52270    -0.0857    13.8155 6.6237e+01  -60.27583  -57.45050 1153158503 198.741963    34.7016      42160          2  0.000e+00
    798.884     1.9503   3.085574     1.9498   3.068122    4.52271    -0.0642    13.8155 6.6237e+01  -60.27583  -57.45050 1153158503 198.741964    34.7016      42161          2  0.000e+00
    798.884     1.9501   3.085536     1.9495   3.068110    4.52274    -0.0319    13.8155 6.6237e+01  -60.27583  -57.45050 1153158503 198.741964    34.7013      42162          2  0.000e+00
    798.788     1.9499   3.085560     1.9498   3.068080    4.52268    -0.0319    13.8155 6.6237e+01  -60.27583  -57.45050 1153158504 198.741965    34.7018      42163          2  0.000e+00
    798.817     1.9495   3.085553     1.9502   3.068092    4.52275    -0.0749    13.8155 6.6237e+01  -60.27583  -57.45050 1153158504 198.741965    34.7022      42164          2  0.000e+00
    798.817     1.9498   3.085550     1.9495   3.068080    4.52272    -0.0534    13.8155 6.6237e+01  -60.27583  -57.45050 1153158504 198.741966    34.7018      42165          2  0.000e+00
    798.740     1.9498   3.085584     1.9495   3.068110    4.52266    -0.0534    13.8155 6.6237e+01  -60.27583  -57.45050 1153158504 198.741966    34.7023      42166          2  0.000e+00
