product_data/regression_test/downloaded_data/MDGS/320620060703/ctd/p6618904.ros
* Sea-Bird SBE 9 Data File:
* FileName = D:\Data\Raw\p6618904.dat
* Software Version Seasave Win32 V 5.32
* Temperature SN = 1649
* Conductivity SN = 1431
* Number of Bytes Per Scan = 37
* Number of Voltage Words = 5
* Number of Scans Averaged by the Deck Unit = 1
* NMEA Latitude = 60 48.00 S
* NMEA Longitude = 054 37.53 W
* NMEA UTC (Time) = 10:33:37
** Ship:   Nathaniel B. Palmer 
** Cruise:    NBP0606 
# nquan = 17
# nvalues = 1176                    
# units = specified
# name 0 = prDM: Pressure, Digiquartz [db]
# name 1 = t090C: Temperature [ITS-90, deg C]
# name 2 = c0S/m: Conductivity [S/m]
# name 3 = t190C: Temperature, 2 [ITS-90, deg C]
# name 4 = c1S/m: Conductivity, 2 [S/m]
# name 5 = sbeox0ML/L: Oxygen, SBE 43 [ml/l]
# name 6 = flECO-AFL: Fluorescence, Wetlab ECO-AFL/FL [mg/m^3]
# name 7 = bat: Beam Attenuation, Chelsea/Seatech/Wetlab CStar [1/m]
# name 8 = spar: SPAR/Surface Irradiance
# name 9 = latitude: Latitude [deg]
# name 10 = longitude: Longitude [deg]
# name 11 = timeY: Time, System [seconds]
# name 12 = timeJ: Julian Days
# name 13 = sal00: Salinity [PSU]
# name 14 = scan: scan number
# name 15 = nbf: number of bottles fired
# name 16 = flag:  0.000e+00
# interval = seconds: 0.0416667                   
# start_time = Jul 23 2006 10:33:44
*END*
[from data line 426]
    100.045    -0.9207   2.778834    -0.9207   2.779176    7.30561    -0.0534    13.8155 0.0000e+00  -60.80000  -54.62550 1153653769 204.474198    34.3104      70723          9  0.000e+00
     99.950    -0.9212   2.778794    -0.9207   2.779164    7.30561    -0.0534    13.8155 0.0000e+00  -60.80000  -54.62550 1153653769 204.474199    34.3105      70724          9  0.000e+00
     99.978    -0.9208   2.778821    -0.9209   2.779141    7.30557    -0.0749    13.8155 0.0000e+00  -60.80000  -54.62550 1153653769 204.474199    34.3104      70725          9  0.000e+00
     99.912    -0.9210   2.778834    -0.9206   2.779153    7.31025    -0.0964    13.8155 0.0000e+00  -60.80000  -54.62550 1153653769 204.474200    34.3108      70726          9  0.000e+00
     99.978    -0.9207   2.778798    -0.9207   2.779158    7.30556    -0.1395    13.8155 0.0000e+00  -60.80000  -54.62550 1153653770 204.474200    34.3099      70727          9  0.000e+00
     99.912    -0.9207   2.778784    -0.9209   2.779158    7.31025    -0.1395    13.8155 0.0000e+00  -60.80000  -54.62550 1153653770 204.474201    34.3098      70728          9  0.000e+00
     99.835    -0.9208   2.778768    -0.9212   2.779141    7.30546    -0.0749    13.8155 0.0000e+00  -60.80000  -54.62550 1153653770 204.474201    34.3098      70729          9  0.000e+00
     99.912    -0.9207   2.778798    -0.9209   2.779170    7.30550    -0.0642    13.8155 0.0000e+00  -60.80000  -54.62550 1153653770 204.474202    34.3100      70730          9  0.000e+00
     99.835    -0.9207   2.778827    -0.9209   2.779164    7.30540    -0.0964    13.8155 0.0000e+00  -60.80000  -54.62550 1153653770 204.474202    34.3104      70731          9  0.000e+00
     99.835    -0.9208   2.778798    -0.9207   2.779141    7.30544    -0.1072    13.8155 0.0000e+00  -60.80000  -54.62550 1153653770 204.474203    34.3102      70732          9  0.000e+00
     99.835    -0.9208   2.778801    -0.9212   2.779170    7.31018    -0.0749    13.8155 0.0000e+00  -60.80000  -54.62550 1153653770 204.474203    34.3103      70733          9  0.000e+00
     99.769    -0.9208   2.778791    -0.9207   2.779147    7.31012    -0.0642    13.8155 0.0000e+00  -60.80000  -54.62550 1153653770 204.474204    34.3102      70734          9  0.000e+00
     99.769    -0.9211   2.778788    -0.9204   2.779152    7.30543    -0.0857    13.8155 0.0000e+00  -60.80000  -54.62550 1153653770 204.474204    34.3105      70735          9  0.000e+00
     99.769    -0.9207   2.778788    -0.9207   2.779176    7.31010    -0.1072    13.8155 0.0000e+00  -60.80000  -54.62550 1153653770 204.474205    34.3100      70736          9  0.000e+00
     99.807    -0.9205   2.778801    -0.9215   2.779123    7.30537    -0.0857    13.8155 0.0000e+00  -60.80000  -54.62550 1153653770 204.474205    34.3099      70737          9  0.000e+00
     75.114    -0.9503   2.774292    -0.9500   2.774688    7.43418    -0.0104    13.8155 0.0000e+00  -60.80000  -54.62550 1153653875 204.475421    34.2979      73258         10  0.000e+00
     75.133    -0.9500   2.774305    -0.9503   2.774699    7.43886    -0.0104    13.8155 0.0000e+00  -60.80000  -54.62550 1153653875 204.475421    34.2977      73259         10  0.000e+00
     75.190    -0.9501   2.774302    -0.9501   2.774693    7.43422    -0.0104    13.8155 0.0000e+00  -60.80000  -54.62550 1153653875 204.475422    34.2978      73260         10  0.000e+00
     75.066    -0.9501   2.774312    -0.9506   2.774664    7.43409    -0.0319    13.8155 0.0000e+00  -60.80000  -54.62550 1153653875 204.475422    34.2980      73261         10  0.000e+00
     75.190    -0.9501   2.774335    -0.9503   2.774676    7.43420    -0.0534    13.8155 0.0000e+00  -60.80000  -54.62550 1153653875 204.475423    34.2982      73262         10  0.000e+00
     75.133    -0.9503   2.774309    -0.9498   2.774682    7.43418    -0.0426    13.8155 0.0000e+00  -60.80000  -54.62550 1153653875 204.475423    34.2981      73263         10  0.000e+00
     75.190    -0.9503   2.774312    -0.9498   2.774682    7.43897     0.0112    13.8155 0.0000e+00  -60.80000  -54.62550 1153653875 204.475424    34.2981      73264         10  0.000e+00
     75.133    -0.9503   2.774302    -0.9500   2.774664    7.43891     0.0004    13.8155 0.0000e+00  -60.80000  -54.62550 1153653875 204.475424    34.2980      73265         10  0.000e+00
     75.066    -0.9503   2.774329    -0.9501   2.774699    7.43410    -0.0426    13.8155 0.0000e+00  -60.80000  -54.62550 1153653875 204.475425    34.2984      73266         10  0.000e+00
     75.190    -0.9500   2.774322    -0.9506   2.774670    7.43419    -0.0749    13.8155 0.0000e+00  -60.80000  -54.62550 1153653875 204.475425    34.2979      73267         10  0.000e+00
     75.209    -0.9506   2.774335    -0.9501   2.774659    7.43429    -0.0319    13.8155 0.0000e+00  -60.80000  -54.62550 1153653875 204.475426    34.2988      73268         10  0.000e+00
     75.114    -0.9500   2.774322    -0.9500   2.774676    7.43883     0.0112    13.8155 0.0000e+00  -60.80000  -54.62550 1153653875 204.475426    34.2979      73269         10  0.000e+00
     75.133    -0.9498   2.774319    -0.9501   2.774682    7.43883    -0.0104    13.8155 0.0000e+00  -60.80000  -54.62550 1153653876 204.475427    34.2977      73270         10  0.000e+00
     75.190    -0.9500   2.774319    -0.9500   2.774682    7.43418     0.0219    13.8155 0.0000e+00  -60.80000  -54.62550 1153653876 204.475427    34.2978      73271         10  0.000e+00
     75.133    -0.9500   2.774302    -0.9508   2.774682    7.43414    -0.0104    13.8155 0.0000e+00  -60.80000  -54.62550 1153653876 204.475428    34.2976      73272         10  0.000e+00
     75.114    -0.9503   2.774299    -0.9498   2.774664    7.43417    -0.0426    13.8155 0.0000e+00  -60.80000  -54.62550 1153653876 204.475428    34.2980      73273         10  0.000e+00
     75.133    -0.9504   2.774312    -0.9508   2.774693    7.43892    -0.0534    13.8155 0.0000e+00  -60.80000  -54.62550 1153653876 204.475429    34.2983      73274         10  0.000e+00
     75.114    -0.9501   2.774319    -0.9501   2.774670    7.43886    -0.0319    13.8155 0.0000e+00  -60.80000  -54.62550 1153653876 204.475429    34.2981      73275         10  0.000e+00
     75.133    -0.9501   2.774319    -0.9501   2.774659    7.43888    -0.0319    13.8155 0.0000e+00  -60.80000  -54.62550 1153653876 204.475430    34.2981      73276         10  0.000e+00
     75.114    -0.9503   2.774335    -0.9508   2.774659    7.43414    -0.0642    13.8155 0.0000e+00  -60.80000  -54.62550 1153653876 204.475430    34.2985      73277         10  0.000e+00
     75.133    -0.9501   2.774292    -0.9500   2.774676    7.43889    -0.0534    13.8155 0.0000e+00  -60.80000  -54.62550 1153653876 204.475431    34.2977      73278         10  0.000e+00
     75.114    -0.9500   2.774325    -0.9501   2.774664    7.43883    -0.0211    13.8155 0.0000e+00  -60.80000  -54.62550 1153653876 204.475431    34.2980      73279         10  0.000e+00
     75.133    -0.9504   2.774332    -0.9503   2.774659    7.43891     0.0327    13.8155 0.0000e+00  -60.80000  -54.62550 1153653876 204.475432    34.2986      73280         10  0.000e+00
     75.114    -0.9504   2.774322    -0.9498   2.774659    7.43890     0.0542    13.8155 0.0000e+00  -60.80000  -54.62550 1153653876 204.475432    34.2984      73281         10  0.000e+00
     75.133    -0.9503   2.774302    -0.9505   2.774659    7.43891     0.0327    13.8155 0.0000e+00  -60.80000  -54.62550 1153653876 204.475433    34.2980      73282         10  0.000e+00
     75.114    -0.9506   2.774312    -0.9497   2.774676    7.43893    -0.0104    13.8155 0.0000e+00  -60.80000  -54.62550 1153653876 204.475433    34.2985      73283         10  0.000e+00
     75.067    -0.9506   2.774302    -0.9501   2.774641    7.43889    -0.0426    13.8155 0.0000e+00  -60.80000  -54.62550 1153653876 204.475434    34.2984      73284         10  0.000e+00
     75.114    -0.9500   2.774299    -0.9500   2.774647    7.43885    -0.0211    13.8155 0.0000e+00  -60.80000  -54.62550 1153653876 204.475434    34.2976      73285         10  0.000e+00
     75.067    -0.9501   2.774312    -0.9498   2.774676    7.43881    -0.0319    13.8155 0.0000e+00  -60.80000  -54.62550 1153653876 204.475435    34.2980      73286         10  0.000e+00
     75.114    -0.9504   2.774286    -0.9503   2.774682    7.43892    -0.0642    13.8155 0.0000e+00  -60.80000  -54.62550 1153653876 204.475435    34.2979      73287         10  0.000e+00
     75.067    -0.9504   2.774305    -0.9501   2.774641    7.43886    -0.0104    13.8155 0.0000e+00  -60.80000  -54.62550 1153653876 204.475435    34.2983      73288         10  0.000e+00
     75.048    -0.9504   2.774302    -0.9500   2.774647    7.43884     0.0004    13.8155 0.0000e+00  -60.80000  -54.62550 1153653876 204.475436    34.2982      73289         10  0.000e+00
     75.067    -0.9501   2.774299    -0.9503   2.774676    7.43882    -0.0534    13.8155 0.0000e+00  -60.80000  -54.62550 1153653876 204.475436    34.2978      73290         10  0.000e+00
     75.048    -0.9506   2.774299    -0.9503   2.774682    7.43887    -0.0749    13.8155 0.0000e+00  -60.80000  -54.62550 1153653876 204.475437    34.2984      73291         10  0.000e+00
     75.067    -0.9496   2.774299    -0.9503   2.774664    7.43875    -0.0426    13.8155 0.0000e+00  -60.80000  -54.62550 1153653876 204.475437    34.2973      73292         10  0.000e+00
     75.048    -0.9498   2.774299    -0.9505   2.774659    7.43875    -0.0426    13.8155 0.0000e+00  -60.80000  -54.62550 1153653876 204.475438    34.2975      73293         10  0.000e+00
     75.000    -0.9501   2.774299    -0.9503   2.774635    7.43875    -0.0211    13.8155 0.0000e+00  -60.80000  -54.62550 1153653877 204.475438    34.2979      73294         10  0.000e+00
     75.048    -0.9501   2.774299    -0.9497   2.774647    7.43880    -0.0104    13.8155 0.0000e+00  -60.80000  -54.62550 1153653877 204.475439    34.2978      73295         10  0.000e+00
     75.000    -0.9503   2.774312    -0.9500   2.774659    7.43876    -0.0319    13.8155 0.0000e+00  -60.80000  -54.62550 1153653877 204.475439    34.2982      73296         10  0.000e+00
     75.048    -0.9503   2.774302    -0.9501   2.774635    7.43882    -0.0749    13.8155 0.0000e+00  -60.80000  -54.62550 1153653877 204.475440    34.2981      73297         10  0.000e+00
     75.000    -0.9501   2.774328    -0.9501   2.774647    7.43873    -0.0857    13.8155 0.0000e+00  -60.80000  -54.62550 1153653877 204.475440    34.2983      73298         10  0.000e+00
     74.971    -0.9495   2.774322    -0.9497   2.774676    7.43861    -0.0319    13.8155 0.0000e+00  -60.80000  -54.62550 1153653877 204.475441    34.2975      73299         10  0.000e+00
     74.924    -0.9500   2.774319    -0.9500   2.774682    7.43863     0.0004    13.8155 0.0000e+00  -60.80000  -54.62550 1153653877 204.475441    34.2980      73300         10  0.000e+00
     74.972    -0.9495   2.774319    -0.9497   2.774647    7.43861     0.0004    13.8155 0.0000e+00  -60.80000  -54.62550 1153653877 204.475442    34.2974      73301         10  0.000e+00
     74.857    -0.9498   2.774319    -0.9503   2.774653    7.43855    -0.0534    13.8155 0.0000e+00  -60.80000  -54.62550 1153653877 204.475442    34.2979      73302         10  0.000e+00
     75.048    -0.9498   2.774319    -0.9498   2.774659    7.43874    -0.0426    13.8155 0.0000e+00  -60.80000  -54.62550 1153653877 204.475443    34.2977      73303         10  0.000e+00
     74.924    -0.9494   2.774286    -0.9501   2.774659    7.43857     0.0219    13.8155 0.0000e+00  -60.80000  -54.62550 1153653877 204.475443    34.2968      73304         10  0.000e+00
     74.905    -0.9498   2.774305    -0.9501   2.774659    7.43860     0.0112    13.8155 0.0000e+00  -60.80000  -54.62550 1153653877 204.475444    34.2977      73305         10  0.000e+00
     74.924    -0.9495   2.774319    -0.9500   2.774659    7.43856    -0.0319    13.8155 0.0000e+00  -60.80000  -54.62550 1153653877 204.475444    34.2975      73306         10  0.000e+00
     74.564    -0.9500   2.774276    -0.9505   2.774589    7.43829    -0.0211    13.8155 0.0000e+00  -60.80000  -54.62550 1153653909 204.475811    34.2977      74067         11  0.000e+00
     74.516    -0.9501   2.774256    -0.9506   2.774624    7.44300     0.0327    13.8155 0.0000e+00  -60.80000  -54.62550 1153653909 204.475812    34.2976      74068         11  0.000e+00
     74.640    -0.9501   2.774253    -0.9506   2.774595    7.43841    -0.0104    13.8155 0.0000e+00  -60.80000  -54.62550 1153653909 204.475812    34.2975      74069         11  0.000e+00
     74.449    -0.9503   2.774233    -0.9501   2.774600    7.44298    -0.0319    13.8155 0.0000e+00  -60.80000  -54.62550 1153653909 204.475813    34.2975      74070         11  0.000e+00
     74.564    -0.9503   2.774230    -0.9505   2.774583    7.44309    -0.0211    13.8155 0.0000e+00  -60.80000  -54.62550 1153653909 204.475813    34.2974      74071         11  0.000e+00
     74.592    -0.9504   2.774262    -0.9503   2.774577    7.44312    -0.0104    13.8155 0.0000e+00  -60.80000  -54.62550 1153653909 204.475814    34.2980      74072         11  0.000e+00
     74.497    -0.9503   2.774276    -0.9503   2.774577    7.44300    -0.0319    13.8155 0.0000e+00  -60.80000  -54.62550 1153653909 204.475814    34.2981      74073         11  0.000e+00
     74.516    -0.9504   2.774239    -0.9500   2.774595    7.44306    -0.0642    13.8155 0.0000e+00  -60.80000  -54.62550 1153653909 204.475815    34.2977      74074         11  0.000e+00
     74.497    -0.9506   2.774246    -0.9505   2.774583    7.43834    -0.0426    13.8155 0.0000e+00  -60.80000  -54.62550 1153653909 204.475815    34.2980      74075         11  0.000e+00
     74.516    -0.9506   2.774269    -0.9505   2.774577    7.43834    -0.0211    13.8155 0.0000e+00  -60.80000  -54.62550 1153653909 204.475815    34.2983      74076         11  0.000e+00
     74.497    -0.9506   2.774256    -0.9505   2.774577    7.43833    -0.0104    13.8155 0.0000e+00  -60.80000  -54.62550 1153653909 204.475816    34.2981      74077         11  0.000e+00
     74.449    -0.9504   2.774233    -0.9506   2.774560    7.43827    -0.0426    13.8155 0.0000e+00  -60.80000  -54.62550 1153653909 204.475816    34.2976      74078         11  0.000e+00
     74.497    -0.9498   2.774279    -0.9503   2.774572    7.43820    -0.0534    13.8155 0.0000e+00  -60.80000  -54.62550 1153653909 204.475817    34.2976      74079         11  0.000e+00
     74.449    -0.9501   2.774262    -0.9505   2.774577    7.43821    -0.0319    13.8155 0.0000e+00  -60.80000  -54.62550 1153653909 204.475817    34.2977      74080         11  0.000e+00
     74.497    -0.9504   2.774233    -0.9506   2.774560    7.43832    -0.0426    13.8155 0.0000e+00  -60.80000  -54.62550 1153653909 204.475818    34.2976      74081         11  0.000e+00
     74.449    -0.9504   2.774279    -0.9498   2.774554    7.44297    -0.0426    13.8155 0.0000e+00  -60.80000  -54.62550 1153653909 204.475818    34.2983      74082         11  0.000e+00
     74.430    -0.9504   2.774262    -0.9506   2.774589    7.44295     0.0004    13.8155 0.0000e+00  -60.80000  -54.62550 1153653909 204.475819    34.2981      74083         11  0.000e+00
     74.449    -0.9504   2.774203    -0.9503   2.774566    7.44301     0.0112    13.8155 0.0000e+00  -60.80000  -54.62550 1153653909 204.475819    34.2972      74084         11  0.000e+00
     74.430    -0.9506   2.774236    -0.9505   2.774589    7.44300     0.0112    13.8155 0.0000e+00  -60.80000  -54.62550 1153653909 204.475820    34.2979      74085         11  0.000e+00
     74.449    -0.9507   2.774253    -0.9506   2.774566    7.44303    -0.0104    13.8155 0.0000e+00  -60.80000  -54.62550 1153653909 204.475820    34.2983      74086         11  0.000e+00
