product_data/regression_test/downloaded_data/MDGS/320620060703/ctd/p6617613.cnv
* Sea-Bird SBE 9 Data File:
* FileName = D:\Data\Raw\p6617613.dat
* Software Version Seasave Win32 V 5.32
* Temperature SN = 1649
* Conductivity SN = 1431
* Number of Bytes Per Scan = 37
* Number of Voltage Words = 5
* Number of Scans Averaged by the Deck Unit = 1
* NMEA Latitude = 60 37.00 S
* NMEA Longitude = 054 43.23 W
* NMEA UTC (Time) = 16:30:53
** Ship:   Nathaniel B. Palmer 
** Cruise:    NBP0606 
# nquan = 15
# nvalues = 449                         
# units = specified
# name 0 = prDM: Pressure, Digiquartz [db]
# name 1 = t090C: Temperature [ITS-90, deg C]
# name 2 = c0S/m: Conductivity [S/m]
# name 3 = t190C: Temperature, 2 [ITS-90, deg C]
# name 4 = c1S/m: Conductivity, 2 [S/m]
# name 5 = sbeox0ML/L: Oxygen, SBE 43 [ml/l]
# name 6 = flECO-AFL: Fluorescence, Wetlab ECO-AFL/FL [mg/m^3]
# name 7 = bat: Beam Attenuation, Chelsea/Seatech/Wetlab CStar [1/m]
# name 8 = spar: SPAR/Surface Irradiance
# name 9 = latitude: Latitude [deg]
# name 10 = longitude: Longitude [deg]
# name 11 = timeY: Time, System [seconds]
# name 12 = timeJ: Julian Days
# name 13 = sal00: Salinity [PSU]
# name 14 = flag: flag
# span 0 =      3.000,    451.000       
# span 1 =    -0.7706,     1.3781       
# span 2 =   2.773031,   2.994495       
# span 3 =    -0.7705,     1.3796       
# span 4 =   2.773832,   2.994654       
# span 5 =    4.90616,    7.67981       
# span 6 =    -0.1003,     0.2880       
# span 7 =    13.8155,    13.8155       
# span 8 = 4.8094e+01, 5.5402e+01       
# span 9 =  -60.61667,  -60.61667       
# span 10 =  -54.72050,  -54.72050      
# span 11 = 1153499461, 1153500164      
# span 12 = 202.688198, 202.696358      
# span 13 =    34.1214,    34.5457      
# span 14 = 0.0000e+00, 0.0000e+00      
# interval = decibars: 1                
# start_time = Jul 21 2006 16:31:01
# bad_flag = -9.990e-29
*END*
[from data line 97]
    100.000    -0.2949   2.827780    -0.2913   2.828302    7.12129     0.2857    13.8155 5.1497e+01  -60.61667  -54.72050 1153499630 202.690180    34.2575 0.0000e+00
    101.000    -0.2664   2.830422    -0.2649   2.830904    7.06658     0.2874    13.8155 5.0415e+01  -60.61667  -54.72050 1153499632 202.690204    34.2601 0.0000e+00
    102.000    -0.2633   2.830811    -0.2610   2.831337    7.03491     0.2746    13.8155 5.0441e+01  -60.61667  -54.72050 1153499634 202.690225    34.2622 0.0000e+00
    103.000    -0.2305   2.833931    -0.2307   2.834183    7.00193     0.2710    13.8155 5.0412e+01  -60.61667  -54.72050 1153499636 202.690241    34.2661 0.0000e+00
    104.000    -0.2117   2.835660    -0.2130   2.835850    6.97003     0.2765    13.8155 4.9829e+01  -60.61667  -54.72050 1153499637 202.690261    34.2674 0.0000e+00
    105.000    -0.1827   2.838376    -0.1828   2.838644    6.90772     0.2789    13.8155 4.9979e+01  -60.61667  -54.72050 1153499640 202.690292    34.2709 0.0000e+00
    106.000    -0.1370   2.842733    -0.1309   2.843465    6.83718     0.2450    13.8155 4.9699e+01  -60.61667  -54.72050 1153499642 202.690317    34.2767 0.0000e+00
    107.000    -0.0459   2.851319    -0.0458   2.851336    6.77796     0.2387    13.8155 5.0355e+01  -60.61667  -54.72050 1153499644 202.690334    34.2863 0.0000e+00
    108.000     0.0164   2.857203     0.0180   2.857405    6.71440     0.2355    13.8155 5.0443e+01  -60.61667  -54.72050 1153499645 202.690348    34.2924 0.0000e+00
    109.000     0.0522   2.860720     0.0572   2.861212    6.65856     0.2318    13.8155 5.0427e+01  -60.61667  -54.72050 1153499646 202.690361    34.2984 0.0000e+00
    110.000     0.0937   2.865268     0.0923   2.865427    6.61798     0.2134    13.8155 4.9054e+01  -60.61667  -54.72050 1153499647 202.690375    34.3103 0.0000e+00
    111.000     0.0592   2.862201     0.0604   2.862783    6.60683     0.2121    13.8155 -9.990e-29  -60.61667  -54.72050 1153499650 202.690411    34.3112 0.0000e+00
    112.000     0.0052   2.857536     0.0050   2.858086    6.64613     0.2126    13.8155 -9.990e-29  -60.61667  -54.72050 1153499652 202.690436    34.3115 0.0000e+00
    113.000    -0.0656   2.851230    -0.0705   2.851553    6.70927     0.1967    13.8155 -9.990e-29  -60.61667  -54.72050 1153499653 202.690447    34.3087 0.0000e+00
    114.000    -0.2657   2.833380    -0.2752   2.833876    6.77347     0.1950    13.8155 -9.990e-29  -60.61667  -54.72050 1153499654 202.690459    34.2999 0.0000e+00
    115.000    -0.3555   2.826013    -0.3553   2.826644    6.85026     0.2104    13.8155 5.0624e+01  -60.61667  -54.72050 1153499656 202.690476    34.3062 0.0000e+00
    116.000    -0.3646   2.825391    -0.3638   2.825926    6.89292     0.2312    13.8155 5.0653e+01  -60.61667  -54.72050 1153499658 202.690499    34.3058 0.0000e+00
    117.000    -0.2970   2.831851    -0.2962   2.832184    6.88318     0.2136    13.8155 5.0622e+01  -60.61667  -54.72050 1153499659 202.690518    34.3125 0.0000e+00
    118.000    -0.1950   2.841457    -0.1849   2.842339    6.81289     0.2260    13.8155 -9.990e-29  -60.61667  -54.72050 1153499661 202.690538    34.3218 0.0000e+00
    119.000    -0.0562   2.854238    -0.0522   2.854741    6.72353     0.2296    13.8155 -9.990e-29  -60.61667  -54.72050 1153499663 202.690556    34.3299 0.0000e+00
    120.000    -0.0500   2.854910    -0.0486   2.855282    6.68466     0.2265    13.8155 4.9151e+01  -60.61667  -54.72050 1153499664 202.690568    34.3313 0.0000e+00
    121.000    -0.0623   2.853875    -0.0627   2.854271    6.66373     0.2422    13.8155 4.9669e+01  -60.61667  -54.72050 1153499665 202.690578    34.3313 0.0000e+00
    122.000    -0.0864   2.851793    -0.0885   2.852104    6.64381     0.2175    13.8155 5.0304e+01  -60.61667  -54.72050 1153499666 202.690588    34.3311 0.0000e+00
    123.000    -0.0891   2.851888    -0.0867   2.852330    6.62256     0.2135    13.8155 5.0340e+01  -60.61667  -54.72050 1153499666 202.690599    34.3362 0.0000e+00
    124.000    -0.0549   2.855288    -0.0529   2.855720    6.59239     0.2101    13.8155 5.0472e+01  -60.61667  -54.72050 1153499668 202.690614    34.3414 0.0000e+00
    125.000    -0.0449   2.856410    -0.0435   2.856858    6.56217     0.2056    13.8155 4.9795e+01  -60.61667  -54.72050 1153499670 202.690635    34.3445 0.0000e+00
    126.000    -0.0397   2.856982    -0.0384   2.857369    6.54943     0.1753    13.8155 4.9905e+01  -60.61667  -54.72050 1153499671 202.690651    34.3459 0.0000e+00
    127.000    -0.0355   2.857473    -0.0360   2.857748    6.53821     0.1699    13.8155 5.0394e+01  -60.61667  -54.72050 1153499672 202.690662    34.3473 0.0000e+00
    128.000    -0.0235   2.858703    -0.0195   2.859327    6.53001     0.1669    13.8155 5.0489e+01  -60.61667  -54.72050 1153499673 202.690673    34.3495 0.0000e+00
    129.000    -0.0165   2.859360    -0.0154   2.859807    6.52105     0.1496    13.8155 5.0271e+01  -60.61667  -54.72050 1153499674 202.690687    34.3495 0.0000e+00
    130.000    -0.0174   2.859304    -0.0154   2.859815    6.50826     0.1456    13.8155 4.9712e+01  -60.61667  -54.72050 1153499676 202.690713    34.3498 0.0000e+00
    131.000    -0.0136   2.859735    -0.0117   2.860217    6.49438     0.1295    13.8155 5.0440e+01  -60.61667  -54.72050 1153499678 202.690731    34.3509 0.0000e+00
    132.000    -0.0058   2.860541    -0.0042   2.860996    6.48929     0.1208    13.8155 4.9935e+01  -60.61667  -54.72050 1153499679 202.690742    34.3521 0.0000e+00
    133.000    -0.0054   2.860603    -0.0045   2.861042    6.47977     0.1225    13.8155 4.9252e+01  -60.61667  -54.72050 1153499680 202.690750    34.3519 0.0000e+00
    134.000     0.0002   2.861305     0.0045   2.861997    6.46583     0.1631    13.8155 4.9985e+01  -60.61667  -54.72050 1153499680 202.690759    34.3531 0.0000e+00
    135.000     0.0256   2.863989     0.0284   2.864365    6.44618     0.1556    13.8155 5.0625e+01  -60.61667  -54.72050 1153499681 202.690769    34.3607 0.0000e+00
    136.000     0.0774   2.868944     0.0802   2.869349    6.42237     0.1382    13.8155 5.0652e+01  -60.61667  -54.72050 1153499682 202.690781    34.3660 0.0000e+00
    137.000     0.0997   2.871045     0.1017   2.871460    6.39666     0.1382    13.8155 5.0652e+01  -60.61667  -54.72050 1153499684 202.690797    34.3677 0.0000e+00
    138.000     0.1095   2.871983     0.1114   2.872410    6.37362     0.1254    13.8155 5.0652e+01  -60.61667  -54.72050 1153499685 202.690815    34.3688 0.0000e+00
    139.000     0.1247   2.873425     0.1264   2.873848    6.34253     0.1074    13.8155 -9.990e-29  -60.61667  -54.72050 1153499687 202.690839    34.3706 0.0000e+00
    140.000     0.1330   2.874237     0.1344   2.874650    6.32805     0.0833    13.8155 -9.990e-29  -60.61667  -54.72050 1153499689 202.690856    34.3717 0.0000e+00
    141.000     0.1369   2.874662     0.1379   2.875036    6.31469     0.0888    13.8155 -9.990e-29  -60.61667  -54.72050 1153499690 202.690867    34.3725 0.0000e+00
    142.000     0.1445   2.875440     0.1460   2.875819    6.30193     0.0823    13.8155 -9.990e-29  -60.61667  -54.72050 1153499690 202.690877    34.3738 0.0000e+00
    143.000     0.1775   2.878615     0.1782   2.878811    6.28604     0.0538    13.8155 -9.990e-29  -60.61667  -54.72050 1153499691 202.690889    34.3778 0.0000e+00
    144.000     0.2010   2.880798     0.2032   2.881206    6.26337     0.0345    13.8155 4.9883e+01  -60.61667  -54.72050 1153499693 202.690904    34.3790 0.0000e+00
    145.000     0.2216   2.882753     0.2251   2.883273    6.23934     0.0249    13.8155 5.0146e+01  -60.61667  -54.72050 1153499694 202.690918    34.3811 0.0000e+00
    146.000     0.2354   2.884090     0.2354   2.884328    6.22359     0.0139    13.8155 4.9842e+01  -60.61667  -54.72050 1153499695 202.690930    34.3824 0.0000e+00
    147.000     0.2393   2.884510     0.2394   2.884761    6.21014    -0.0013    13.8155 5.0400e+01  -60.61667  -54.72050 1153499696 202.690941    34.3833 0.0000e+00
    148.000     0.2415   2.884740     0.2415   2.885014    6.19815    -0.0136    13.8155 5.0515e+01  -60.61667  -54.72050 1153499697 202.690954    34.3836 0.0000e+00
    149.000     0.2414   2.884781     0.2426   2.885168    6.18519    -0.0158    13.8155 5.0423e+01  -60.61667  -54.72050 1153499698 202.690970    34.3840 0.0000e+00
    150.000     0.2425   2.884921     0.2438   2.885323    6.17390    -0.0228    13.8155 4.9177e+01  -60.61667  -54.72050 1153499700 202.690986    34.3844 0.0000e+00
    151.000     0.2474   2.885435     0.2481   2.885700    6.13008    -0.0239    13.8155 5.0483e+01  -60.61667  -54.72050 1153499701 202.691004    34.3857 0.0000e+00
    152.000     0.2863   2.889048     0.2878   2.889422    6.10340    -0.0270    13.8155 4.9717e+01  -60.61667  -54.72050 1153499703 202.691025    34.3880 0.0000e+00
    153.000     0.3175   2.892193     0.3204   2.892423    6.03529    -0.0235    13.8155 4.8935e+01  -60.61667  -54.72050 1153499704 202.691039    34.3944 0.0000e+00
    154.000     0.4581   2.905647     0.4670   2.905198    5.96677    -0.0270    13.8155 4.8516e+01  -60.61667  -54.72050 1153499705 202.691049    34.4129 0.0000e+00
    155.000     0.6106   2.919936     0.6208   2.920514    5.90554    -0.0270    13.8155 4.9541e+01  -60.61667  -54.72050 1153499706 202.691060    34.4212 0.0000e+00
    156.000     0.6378   2.922213     0.6409   2.922711    5.86080    -0.0425    13.8155 4.9516e+01  -60.61667  -54.72050 1153499707 202.691070    34.4185 0.0000e+00
    157.000     0.6099   2.919786     0.6124   2.920183    5.81898    -0.0479    13.8155 4.8657e+01  -60.61667  -54.72050 1153499708 202.691083    34.4202 0.0000e+00
    158.000     0.6037   2.919229     0.6139   2.920334    5.78103    -0.0420    13.8155 4.8497e+01  -60.61667  -54.72050 1153499710 202.691098    34.4211 0.0000e+00
    159.000     0.6002   2.918891     0.5994   2.919095    5.74799    -0.0399    13.8155 -9.990e-29  -60.61667  -54.72050 1153499711 202.691115    34.4212 0.0000e+00
    160.000     0.5908   2.918256     0.5939   2.918677    5.73222    -0.0398    13.8155 -9.990e-29  -60.61667  -54.72050 1153499712 202.691132    34.4242 0.0000e+00
    161.000     0.6239   2.921459     0.6258   2.921660    5.69465    -0.0496    13.8155 4.8695e+01  -60.61667  -54.72050 1153499714 202.691147    34.4289 0.0000e+00
    162.000     0.7412   2.932652     0.7442   2.932735    5.64940    -0.0429    13.8155 4.8867e+01  -60.61667  -54.72050 1153499715 202.691163    34.4408 0.0000e+00
    163.000     0.7691   2.935201     0.7695   2.935346    5.61404    -0.0559    13.8155 4.9525e+01  -60.61667  -54.72050 1153499716 202.691176    34.4415 0.0000e+00
    164.000     0.7587   2.934231     0.7588   2.934504    5.60564    -0.0655    13.8155 4.9274e+01  -60.61667  -54.72050 1153499717 202.691188    34.4407 0.0000e+00
    165.000     0.7309   2.931815     0.7290   2.931880    5.58885    -0.0605    13.8155 5.0470e+01  -60.61667  -54.72050 1153499718 202.691199    34.4416 0.0000e+00
    166.000     0.7333   2.932200     0.7377   2.932678    5.56672    -0.0614    13.8155 -9.990e-29  -60.61667  -54.72050 1153499720 202.691214    34.4446 0.0000e+00
    167.000     0.7786   2.936344     0.7771   2.936437    5.53005    -0.0569    13.8155 -9.990e-29  -60.61667  -54.72050 1153499721 202.691235    34.4462 0.0000e+00
    168.000     0.8123   2.939771     0.8161   2.940090    5.49757    -0.0708    13.8155 -9.990e-29  -60.61667  -54.72050 1153499723 202.691252    34.4533 0.0000e+00
    169.000     0.8554   2.943904     0.8561   2.943873    5.46226    -0.0619    13.8155 -9.990e-29  -60.61667  -54.72050 1153499724 202.691264    34.4578 0.0000e+00
    170.000     0.8933   2.947466     0.9004   2.948083    5.42545    -0.0550    13.8155 -9.990e-29  -60.61667  -54.72050 1153499725 202.691274    34.4604 0.0000e+00
    171.000     0.9630   2.954297     0.9701   2.954738    5.38908    -0.0642    13.8155 -9.990e-29  -60.61667  -54.72050 1153499726 202.691284    34.4699 0.0000e+00
    172.000     0.9925   2.957086     0.9934   2.957285    5.35229    -0.0659    13.8155 -9.990e-29  -60.61667  -54.72050 1153499727 202.691298    34.4714 0.0000e+00
    173.000     0.9860   2.956574     0.9884   2.956938    5.32039    -0.0666    13.8155 -9.990e-29  -60.61667  -54.72050 1153499728 202.691314    34.4730 0.0000e+00
    174.000     0.9999   2.957985     1.0062   2.958585    5.27360    -0.0708    13.8155 -9.990e-29  -60.61667  -54.72050 1153499730 202.691330    34.4756 0.0000e+00
    175.000     1.0527   2.963000     1.0573   2.963412    5.23608    -0.0680    13.8155 -9.990e-29  -60.61667  -54.72050 1153499731 202.691346    34.4812 0.0000e+00
    176.000     1.0934   2.966850     1.0969   2.967253    5.18015    -0.0715    13.8155 -9.990e-29  -60.61667  -54.72050 1153499733 202.691363    34.4846 0.0000e+00
    177.000     1.1689   2.974445     1.1789   2.974849    5.11534    -0.0735    13.8155 -9.990e-29  -60.61667  -54.72050 1153499734 202.691378    34.4988 0.0000e+00
    178.000     1.2911   2.985926     1.2929   2.985905    5.05861    -0.0823    13.8155 -9.990e-29  -60.61667  -54.72050 1153499735 202.691389    34.5059 0.0000e+00
    179.000     1.2989   2.986717     1.3001   2.986866    5.02022    -0.0749    13.8155 -9.990e-29  -60.61667  -54.72050 1153499736 202.691401    34.5074 0.0000e+00
    180.000     1.3081   2.987713     1.3094   2.987875    4.98856    -0.0702    13.8155 -9.990e-29  -60.61667  -54.72050 1153499737 202.691415    34.5106 0.0000e+00
    181.000     1.3145   2.988449     1.3202   2.988986    4.95134    -0.0673    13.8155 4.8094e+01  -60.61667  -54.72050 1153499738 202.691431    34.5125 0.0000e+00
    182.000     1.3781   2.994495     1.3796   2.994654    4.92025    -0.0811    13.8155 4.9743e+01  -60.61667  -54.72050 1153499740 202.691447    34.5194 0.0000e+00
    183.000     1.3759   2.994281     1.3776   2.994578    4.90742    -0.0752    13.8155 4.9222e+01  -60.61667  -54.72050 1153499741 202.691461    34.5194 0.0000e+00
    184.000     1.3607   2.992891     1.3626   2.993282    4.90616    -0.0599    13.8155 4.8695e+01  -60.61667  -54.72050 1153499742 202.691472    34.5191 0.0000e+00
    185.000     1.3356   2.990605     1.3360   2.990896    4.90813    -0.0554    13.8155 4.9983e+01  -60.61667  -54.72050 1153499743 202.691483    34.5183 0.0000e+00
    186.000     1.3299   2.990168     1.3325   2.990563    4.91229    -0.0915    13.8155 5.0503e+01  -60.61667  -54.72050 1153499744 202.691496    34.5195 0.0000e+00
    187.000     1.3408   2.991216     1.3433   2.991582    4.91095    -0.0739    13.8155 4.9811e+01  -60.61667  -54.72050 1153499746 202.691516    34.5205 0.0000e+00
    188.000     1.3493   2.992049     1.3516   2.992450    4.91537    -0.0713    13.8155 4.9727e+01  -60.61667  -54.72050 1153499748 202.691541    34.5215 0.0000e+00
    189.000     1.3272   2.990108     1.3258   2.990176    4.92064    -0.0778    13.8155 4.8496e+01  -60.61667  -54.72050 1153499749 202.691553    34.5217 0.0000e+00
    190.000     1.3202   2.989476     1.3205   2.989747    4.92310    -0.0732    13.8155 4.9391e+01  -60.61667  -54.72050 1153499750 202.691563    34.5208 0.0000e+00
    191.000     1.3383   2.991290     1.3376   2.991371    4.92347    -0.0763    13.8155 5.0263e+01  -60.61667  -54.72050 1153499750 202.691572    34.5232 0.0000e+00
    192.000     1.3357   2.991090     1.3333   2.991036    4.93127    -0.0714    13.8155 4.8427e+01  -60.61667  -54.72050 1153499751 202.691581    34.5233 0.0000e+00
    193.000     1.3208   2.989690     1.3207   2.989936    4.94974    -0.0751    13.8155 -9.990e-29  -60.61667  -54.72050 1153499753 202.691596    34.5213 0.0000e+00
    194.000     1.2882   2.986783     1.2871   2.986957    4.98149    -0.0678    13.8155 -9.990e-29  -60.61667  -54.72050 1153499755 202.691618    34.5207 0.0000e+00
