product_data/regression_test/downloaded_data/MDGS/320620060703/ctd/p6615301.ros
* Sea-Bird SBE 9 Data File:
* FileName = D:\Data\Raw\p6615301.dat
* Software Version Seasave Win32 V 5.32
* Temperature SN = 1649
* Conductivity SN = 1431
* Number of Bytes Per Scan = 37
* Number of Voltage Words = 5
* Number of Scans Averaged by the Deck Unit = 1
* NMEA Latitude = 60 46.37 S
* NMEA Longitude = 056 15.68 W
* NMEA UTC (Time) = 16:25:35
** Ship:   Nathaniel B. Palmer 
** Cruise:    NBP0606 
# nquan = 17
# nvalues = 1173                    
# units = specified
# name 0 = prDM: Pressure, Digiquartz [db]
# name 1 = t090C: Temperature [ITS-90, deg C]
# name 2 = c0S/m: Conductivity [S/m]
# name 3 = t190C: Temperature, 2 [ITS-90, deg C]
# name 4 = c1S/m: Conductivity, 2 [S/m]
# name 5 = sbeox0ML/L: Oxygen, SBE 43 [ml/l]
# name 6 = flECO-AFL: Fluorescence, Wetlab ECO-AFL/FL [mg/m^3]
# name 7 = bat: Beam Attenuation, Chelsea/Seatech/Wetlab CStar [1/m]
# name 8 = spar: SPAR/Surface Irradiance
# name 9 = latitude: Latitude [deg]
# name 10 = longitude: Longitude [deg]
# name 11 = timeY: Time, System [seconds]
# name 12 = timeJ: Julian Days
# name 13 = sal00: Salinity [PSU]
# name 14 = scan: scan number
# name 15 = nbf: number of bottles fired
# name 16 = flag:  0.000e+00
# interval = seconds: 0.0416667                   
# start_time = Jul 18 2006 16:25:43
*END*
[from data line 171]
    701.042     0.9246   2.987719     0.9260   2.988221    5.21841    -0.1287    13.8155 9.5459e+01  -60.77283  -56.26133 1153241796 199.705996    34.6423      44523          4  0.000e+00
    700.965     0.9246   2.987654     0.9260   2.988210    5.21838    -0.1180    13.8155 9.5459e+01  -60.77283  -56.26133 1153241796 199.705997    34.6415      44524          4  0.000e+00
    700.965     0.9241   2.987640     0.9268   2.988269    5.21844    -0.1072    13.8155 9.5459e+01  -60.77283  -56.26133 1153241797 199.705997    34.6419      44525          4  0.000e+00
    700.994     0.9239   2.987623     0.9267   2.988305    5.21849    -0.0211    13.8155 9.5459e+01  -60.77283  -56.26133 1153241797 199.705998    34.6419      44526          4  0.000e+00
    701.042     0.9235   2.987596     0.9274   2.988311    5.21858    -0.0426    13.8155 9.5459e+01  -60.77283  -56.26133 1153241797 199.705998    34.6420      44527          4  0.000e+00
    700.965     0.9238   2.987610     0.9269   2.988311    5.21849    -0.0964    13.8155 9.5459e+01  -60.77283  -56.26133 1153241797 199.705999    34.6418      44528          4  0.000e+00
    701.042     0.9235   2.987620     0.9269   2.988293    5.21857    -0.0964    13.8155 9.5459e+01  -60.77283  -56.26133 1153241797 199.705999    34.6423      44529          4  0.000e+00
    701.042     0.9230   2.987596     0.9271   2.988305    5.21863    -0.0964    13.8155 9.5459e+01  -60.77283  -56.26133 1153241797 199.706000    34.6425      44530          4  0.000e+00
    700.965     0.9235   2.987593     0.9269   2.988269    5.21853    -0.0857    13.8155 9.3511e+01  -60.77283  -56.26133 1153241797 199.706000    34.6420      44531          4  0.000e+00
    701.042     0.9235   2.987606     0.9269   2.988293    5.21858    -0.0642    13.8155 9.3511e+01  -60.77283  -56.26133 1153241797 199.706001    34.6421      44532          4  0.000e+00
    700.994     0.9235   2.987617     0.9266   2.988275    5.21854    -0.0319    13.8155 9.5459e+01  -60.77283  -56.26133 1153241797 199.706001    34.6423      44533          4  0.000e+00
    701.042     0.9236   2.987654     0.9264   2.988281    5.21854    -0.0964    13.8155 9.5459e+01  -60.77283  -56.26133 1153241797 199.706002    34.6426      44534          4  0.000e+00
    701.042     0.9238   2.987661     0.9260   2.988263    5.21852    -0.1180    13.8155 9.5459e+01  -60.77283  -56.26133 1153241797 199.706002    34.6425      44535          4  0.000e+00
    701.042     0.9244   2.987681     0.9261   2.988257    5.21844    -0.0964    13.8155 9.5459e+01  -60.77283  -56.26133 1153241797 199.706003    34.6420      44536          4  0.000e+00
    701.042     0.9238   2.987692     0.9261   2.988221    5.21851    -0.1072    13.8155 9.5459e+01  -60.77283  -56.26133 1153241797 199.706003    34.6429      44537          4  0.000e+00
    701.042     0.9243   2.987685     0.9251   2.988180    5.21846    -0.1180    13.8155 9.5459e+01  -60.77283  -56.26133 1153241797 199.706004    34.6422      44538          4  0.000e+00
    701.042     0.9243   2.987688     0.9246   2.988150    5.21846    -0.1180    13.8155 9.5459e+01  -60.77283  -56.26133 1153241797 199.706004    34.6423      44539          4  0.000e+00
    701.042     0.9241   2.987668     0.9246   2.988126    5.21848    -0.0534    13.8155 9.5459e+01  -60.77283  -56.26133 1153241797 199.706005    34.6422      44540          4  0.000e+00
    701.061     0.9238   2.987681     0.9246   2.988102    5.21852    -0.0426    13.8155 9.5459e+01  -60.77283  -56.26133 1153241797 199.706005    34.6427      44541          4  0.000e+00
    701.042     0.9243   2.987654     0.9246   2.988090    5.21847    -0.0749    13.8155 9.5459e+01  -60.77283  -56.26133 1153241797 199.706005    34.6418      44542          4  0.000e+00
    701.042     0.9244   2.987674     0.9246   2.988108    5.21845    -0.1072    13.8155 9.5459e+01  -60.77283  -56.26133 1153241797 199.706006    34.6420      44543          4  0.000e+00
    701.042     0.9239   2.987654     0.9246   2.988120    5.21851    -0.0857    13.8155 9.5459e+01  -60.77283  -56.26133 1153241797 199.706006    34.6422      44544          4  0.000e+00
    700.898     0.9239   2.987678     0.9244   2.988102    5.21839    -0.0534    13.8155 9.5459e+01  -60.77283  -56.26133 1153241797 199.706007    34.6426      44545          4  0.000e+00
    701.254     0.9239   2.987685     0.9249   2.988090    5.21865    -0.0534    13.8155 9.5459e+01  -60.77283  -56.26133 1153241797 199.706007    34.6425      44546          4  0.000e+00
    701.042     0.9239   2.987688     0.9243   2.988090    5.21849    -0.0964    13.8155 9.5459e+01  -60.77283  -56.26133 1153241797 199.706008    34.6427      44547          4  0.000e+00
    600.021     1.1909   3.007545     1.2054   3.008896    5.00334    -0.0857    13.8155 8.5718e+01  -60.77283  -56.26133 1153241939 199.707643    34.6593      47937          5  0.000e+00
    599.954     1.1911   3.007586     1.2045   3.008872    5.00326    -0.0857    13.8155 8.5718e+01  -60.77283  -56.26133 1153241939 199.707643    34.6597      47938          5  0.000e+00
    599.973     1.1917   3.007603     1.2034   3.008866    5.00320    -0.0964    13.8155 8.5718e+01  -60.77283  -56.26133 1153241939 199.707644    34.6593      47939          5  0.000e+00
    600.021     1.1912   3.007641     1.2025   3.008818    5.00326    -0.0749    13.8155 8.5718e+01  -60.77283  -56.26133 1153241939 199.707644    34.6602      47940          5  0.000e+00
    599.973     1.1918   3.007685     1.2020   3.008740    5.00315    -0.0857    13.8155 8.5718e+01  -60.77283  -56.26133 1153241939 199.707645    34.6601      47941          5  0.000e+00
    599.877     1.1929   3.007716     1.2023   3.008669    5.00296    -0.0749    13.8155 8.5718e+01  -60.77283  -56.26133 1153241939 199.707645    34.6594      47942          5  0.000e+00
    599.973     1.1942   3.007706     1.2014   3.008639    5.00290    -0.0749    13.8155 8.5718e+01  -60.77283  -56.26133 1153241939 199.707646    34.6577      47943          5  0.000e+00
    599.877     1.1944   3.007716     1.1994   3.008549    5.00281    -0.0857    13.8155 8.5718e+01  -60.77283  -56.26133 1153241939 199.707646    34.6578      47944          5  0.000e+00
    599.954     1.1942   3.007757     1.1978   3.008489    5.00287    -0.1180    13.8155 8.5718e+01  -60.77283  -56.26133 1153241939 199.707647    34.6585      47945          5  0.000e+00
    599.906     1.1942   3.007771     1.1975   3.008448    5.00282    -0.1502    13.8155 8.5718e+01  -60.77283  -56.26133 1153241939 199.707647    34.6586      47946          5  0.000e+00
    599.877     1.1945   3.007788     1.1991   3.008501    5.00276    -0.1395    13.8155 8.5718e+01  -60.77283  -56.26133 1153241939 199.707648    34.6585      47947          5  0.000e+00
    599.829     1.1952   3.007812     1.1995   3.008507    5.00264    -0.1072    13.8155 8.5718e+01  -60.77283  -56.26133 1153241939 199.707648    34.6580      47948          5  0.000e+00
    599.877     1.1948   3.007839     1.1991   3.008483    5.00271    -0.1072    13.8155 8.5718e+01  -60.77283  -56.26133 1153241939 199.707649    34.6588      47949          5  0.000e+00
    599.829     1.1944   3.007788     1.1980   3.008424    5.00275    -0.0964    13.8155 8.5718e+01  -60.77283  -56.26133 1153241939 199.707649    34.6587      47950          5  0.000e+00
    599.810     1.1951   3.007750     1.1963   3.008346    5.00267    -0.0749    13.8155 8.7667e+01  -60.77283  -56.26133 1153241939 199.707649    34.6574      47951          5  0.000e+00
    599.810     1.1939   3.007784     1.1955   3.008292    5.00278    -0.0857    13.8155 8.7667e+01  -60.77283  -56.26133 1153241939 199.707650    34.6592      47952          5  0.000e+00
    599.829     1.1940   3.007757     1.1950   3.008274    5.00279    -0.0964    13.8155 8.7667e+01  -60.77283  -56.26133 1153241939 199.707650    34.6587      47953          5  0.000e+00
    599.810     1.1934   3.007709     1.1944   3.008274    5.00287    -0.0749    13.8155 8.7667e+01  -60.77283  -56.26133 1153241939 199.707651    34.6588      47954          5  0.000e+00
    599.762     1.1939   3.007791     1.1952   3.008256    5.00275    -0.0857    13.8155 8.7667e+01  -60.77283  -56.26133 1153241939 199.707651    34.6593      47955          5  0.000e+00
    599.733     1.1942   3.007781     1.1950   3.008352    5.00270    -0.0749    13.8155 8.5718e+01  -60.77283  -56.26133 1153241939 199.707652    34.6588      47956          5  0.000e+00
    599.762     1.1945   3.007788     1.1973   3.008471    5.00269    -0.0534    13.8155 8.5718e+01  -60.77283  -56.26133 1153241940 199.707652    34.6586      47957          5  0.000e+00
    599.666     1.1947   3.007815     1.1996   3.008645    5.00259    -0.0749    13.8155 8.5718e+01  -60.77283  -56.26133 1153241940 199.707653    34.6588      47958          5  0.000e+00
    599.733     1.1947   3.007873     1.2023   3.008782    5.00741    -0.0749    13.8155 8.7667e+01  -60.77283  -56.26133 1153241940 199.707653    34.6595      47959          5  0.000e+00
    599.685     1.1956   3.007924     1.2039   3.008913    5.00246    -0.0749    13.8155 8.7667e+01  -60.77283  -56.26133 1153241940 199.707654    34.6592      47960          5  0.000e+00
    599.666     1.1961   3.008081     1.2050   3.009051    5.00233    -0.0964    13.8155 8.7667e+01  -60.77283  -56.26133 1153241940 199.707654    34.6606      47961          5  0.000e+00
    599.685     1.1986   3.008201     1.2048   3.009134    5.00203    -0.0749    13.8155 8.7667e+01  -60.77283  -56.26133 1153241940 199.707655    34.6594      47962          5  0.000e+00
    599.599     1.2011   3.008385     1.2067   3.009164    5.00164    -0.0857    13.8155 8.7667e+01  -60.77283  -56.26133 1153241940 199.707655    34.6591      47963          5  0.000e+00
    599.666     1.2037   3.008583     1.2073   3.009170    5.00133    -0.1072    13.8155 8.5718e+01  -60.77283  -56.26133 1153241940 199.707656    34.6586      47964          5  0.000e+00
    599.550     1.2050   3.008703     1.2068   3.009152    5.00106    -0.1395    13.8155 8.7667e+01  -60.77283  -56.26133 1153241940 199.707656    34.6588      47965          5  0.000e+00
    599.599     1.2061   3.008764     1.2059   3.009164    5.00096    -0.0749    13.8155 8.7667e+01  -60.77283  -56.26133 1153241940 199.707657    34.6584      47966          5  0.000e+00
    599.618     1.2069   3.008863     1.2059   3.009128    5.00085    -0.0534    13.8155 8.7667e+01  -60.77283  -56.26133 1153241940 199.707657    34.6587      47967          5  0.000e+00
    599.522     1.2077   3.008911     1.2056   3.009116    5.00068    -0.0534    13.8155 8.7667e+01  -60.77283  -56.26133 1153241940 199.707658    34.6585      47968          5  0.000e+00
    599.551     1.2083   3.008972     1.2051   3.009098    5.00061    -0.1072    13.8155 8.7667e+01  -60.77283  -56.26133 1153241940 199.707658    34.6586      47969          5  0.000e+00
    599.522     1.2088   3.008993     1.2061   3.009086    5.00053    -0.0964    13.8155 8.7667e+01  -60.77283  -56.26133 1153241940 199.707659    34.6584      47970          5  0.000e+00
    599.522     1.2091   3.009027     1.2061   3.009086    5.00049    -0.0964    13.8155 8.7667e+01  -60.77283  -56.26133 1153241940 199.707659    34.6585      47971          5  0.000e+00
    599.474     1.2091   3.009058     1.2063   3.009134    5.00044    -0.0857    13.8155 8.7667e+01  -60.77283  -56.26133 1153241940 199.707660    34.6589      47972          5  0.000e+00
    599.454     1.2088   3.009010     1.2070   3.009248    5.00048    -0.1072    13.8155 8.7667e+01  -60.77283  -56.26133 1153241940 199.707660    34.6586      47973          5  0.000e+00
    599.406     1.2088   3.008972     1.2087   3.009343    5.00046    -0.1180    13.8155 8.5718e+01  -60.77283  -56.26133 1153241940 199.707661    34.6582      47974          5  0.000e+00
    599.454     1.2086   3.008928     1.2099   3.009415    5.00053    -0.1180    13.8155 8.5718e+01  -60.77283  -56.26133 1153241940 199.707661    34.6577      47975          5  0.000e+00
    599.454     1.2084   3.008897     1.2099   3.009469    5.00056    -0.0749    13.8155 8.7667e+01  -60.77283  -56.26133 1153241940 199.707662    34.6575      47976          5  0.000e+00
    599.330     1.2078   3.008914     1.2099   3.009463    5.00053    -0.0749    13.8155 8.7667e+01  -60.77283  -56.26133 1153241940 199.707662    34.6585      47977          5  0.000e+00
    599.378     1.2070   3.008901     1.2102   3.009540    5.00065    -0.1180    13.8155 8.7667e+01  -60.77283  -56.26133 1153241940 199.707663    34.6592      47978          5  0.000e+00
    599.330     1.2056   3.008860     1.2090   3.009463    5.00078    -0.0749    13.8155 8.7667e+01  -60.77283  -56.26133 1153241940 199.707663    34.6602      47979          5  0.000e+00
    599.310     1.2050   3.008791     1.2073   3.009445    5.00086    -0.0104    13.8155 8.7667e+01  -60.77283  -56.26133 1153241940 199.707663    34.6601      47980          5  0.000e+00
    599.330     1.2042   3.008720     1.2070   3.009373    5.00098    -0.0319    13.8155 8.3770e+01  -60.77283  -56.26133 1153241941 199.707664    34.6600      47981          5  0.000e+00
    599.243     1.2037   3.008631     1.2070   3.009361    5.00101    -0.0642    13.8155 8.3770e+01  -60.77283  -56.26133 1153241941 199.707664    34.6595      47982          5  0.000e+00
    599.310     1.2027   3.008569     1.2067   3.009349    5.00120    -0.0642    13.8155 8.3770e+01  -60.77283  -56.26133 1153241941 199.707665    34.6598      47983          5  0.000e+00
    599.195     1.2028   3.008542     1.2067   3.009301    5.00111    -0.0534    13.8155 8.5718e+01  -60.77283  -56.26133 1153241941 199.707665    34.6594      47984          5  0.000e+00
    599.243     1.2031   3.008590     1.2046   3.009242    5.00109    -0.0319    13.8155 8.3770e+01  -60.77283  -56.26133 1153241941 199.707666    34.6596      47985          5  0.000e+00
    499.207     0.7438   2.958519     0.7239   2.957964    5.37903    -0.1287    13.8155 8.9615e+01  -60.77283  -56.26133 1153242081 199.709295    34.5819      51363          6  0.000e+00
    499.274     0.7358   2.957987     0.7234   2.957929    5.37542    -0.0749    13.8155 8.9615e+01  -60.77283  -56.26133 1153242082 199.709295    34.5839      51364          6  0.000e+00
    499.255     0.7264   2.957411     0.7259   2.957923    5.37671    -0.0211    13.8155 8.7667e+01  -60.77283  -56.26133 1153242082 199.709296    34.5868      51365          6  0.000e+00
    499.130     0.7219   2.957085     0.7282   2.957959    5.38205     0.0112    13.8155 8.9615e+01  -60.77283  -56.26133 1153242082 199.709296    34.5877      51366          6  0.000e+00
    499.063     0.7217   2.957028     0.7276   2.958018    5.38205    -0.0534    13.8155 8.7667e+01  -60.77283  -56.26133 1153242082 199.709297    34.5872      51367          6  0.000e+00
    499.322     0.7231   2.957116     0.7237   2.957911    5.38205    -0.0964    13.8155 8.9615e+01  -60.77283  -56.26133 1153242082 199.709297    34.5866      51368          6  0.000e+00
    499.063     0.7222   2.957038     0.7225   2.957804    5.38199    -0.0749    13.8155 8.9615e+01  -60.77283  -56.26133 1153242082 199.709298    34.5868      51369          6  0.000e+00
    499.130     0.7180   2.956899     0.7208   2.957846    5.38257    -0.0426    13.8155 8.9615e+01  -60.77283  -56.26133 1153242082 199.709298    34.5896      51370          6  0.000e+00
    499.063     0.7174   2.956987     0.7218   2.957971    5.38255    -0.0534    13.8155 8.9615e+01  -60.77283  -56.26133 1153242082 199.709299    34.5915      51371          6  0.000e+00
    499.044     0.7194   2.957241     0.7217   2.958119    5.38219    -0.0857    13.8155 8.9615e+01  -60.77283  -56.26133 1153242082 199.709299    34.5926      51372          6  0.000e+00
