product_data/regression_test/downloaded_data/MDGS/320620060703/ctd/p6617610.ros
* Sea-Bird SBE 9 Data File:
* FileName = D:\Data\Raw\p6617610.dat
* Software Version Seasave Win32 V 5.32
* Temperature SN = 1649
* Conductivity SN = 1431
* Number of Bytes Per Scan = 37
* Number of Voltage Words = 5
* Number of Scans Averaged by the Deck Unit = 1
* NMEA Latitude = 60 37.00 S
* NMEA Longitude = 054 43.23 W
* NMEA UTC (Time) = 14:08:35
** Ship:   Nathaniel B. Palmer 
** Cruise:    NBP0606 
# nquan = 17
# nvalues = 1176                    
# units = specified
# name 0 = prDM: Pressure, Digiquartz [db]
# name 1 = t090C: Temperature [ITS-90, deg C]
# name 2 = c0S/m: Conductivity [S/m]
# name 3 = t190C: Temperature, 2 [ITS-90, deg C]
# name 4 = c1S/m: Conductivity, 2 [S/m]
# name 5 = sbeox0ML/L: Oxygen, SBE 43 [ml/l]
# name 6 = flECO-AFL: Fluorescence, Wetlab ECO-AFL/FL [mg/m^3]
# name 7 = bat: Beam Attenuation, Chelsea/Seatech/Wetlab CStar [1/m]
# name 8 = spar: SPAR/Surface Irradiance
# name 9 = latitude: Latitude [deg]
# name 10 = longitude: Longitude [deg]
# name 11 = timeY: Time, System [seconds]
# name 12 = timeJ: Julian Days
# name 13 = sal00: Salinity [PSU]
# name 14 = scan: scan number
# name 15 = nbf: number of bottles fired
# name 16 = flag:  0.000e+00
# interval = seconds: 0.0416667                   
# start_time = Jul 21 2006 14:08:43
*END*
[from data line 852]
    300.203     0.9415   2.963468     0.9555   2.964794    5.38534    -0.0749    13.8155 3.8963e+01  -60.61667  -54.72050 1153491555 202.596719    34.5423      15205         18  0.000e+00
    300.203     0.9453   2.963991     0.9563   2.964972    5.38468    -0.0211    13.8155 3.8963e+01  -60.61667  -54.72050 1153491555 202.596719    34.5448      15206         18  0.000e+00
    300.203     0.9485   2.964333     0.9557   2.964805    5.38417    -0.0534    13.8155 3.7015e+01  -60.61667  -54.72050 1153491555 202.596720    34.5456      15207         18  0.000e+00
    300.299     0.9513   2.964544     0.9557   2.964776    5.38383    -0.0857    13.8155 3.7015e+01  -60.61667  -54.72050 1153491555 202.596720    34.5451      15208         18  0.000e+00
    300.337     0.9532   2.964571     0.9547   2.964776    5.37900    -0.0534    13.8155 3.8963e+01  -60.61667  -54.72050 1153491555 202.596721    34.5434      15209         18  0.000e+00
    300.337     0.9537   2.964686     0.9526   2.964669    5.37890    -0.0319    13.8155 3.8963e+01  -60.61667  -54.72050 1153491555 202.596721    34.5443      15210         18  0.000e+00
    300.299     0.9556   2.964767     0.9518   2.964633    5.37863    -0.0319    13.8155 3.8963e+01  -60.61667  -54.72050 1153491555 202.596722    34.5433      15211         18  0.000e+00
    300.413     0.9563   2.965008     0.9550   2.964776    5.38315    -0.0211    13.8155 3.8963e+01  -60.61667  -54.72050 1153491555 202.596722    34.5455      15212         18  0.000e+00
    300.480     0.9598   2.965273     0.9574   2.964990    5.38270    -0.0749    13.8155 3.8963e+01  -60.61667  -54.72050 1153491555 202.596723    34.5451      15213         18  0.000e+00
    300.442     0.9621   2.965914     0.9631   2.965382    5.38212    -0.0642    13.8155 3.8963e+01  -60.61667  -54.72050 1153491555 202.596723    34.5507      15214         18  0.000e+00
    300.480     0.9704   2.966796     0.9642   2.965619    5.38083    -0.0211    13.8155 3.8963e+01  -60.61667  -54.72050 1153491555 202.596724    34.5529      15215         18  0.000e+00
    300.547     0.9783   2.967353     0.9641   2.965768    5.37977    -0.0426    13.8155 3.8963e+01  -60.61667  -54.72050 1153491556 202.596724    34.5513      15216         18  0.000e+00
    300.509     0.9824   2.967098     0.9754   2.966308    5.37940    -0.0857    13.8155 3.8963e+01  -60.61667  -54.72050 1153491556 202.596725    34.5435      15217         18  0.000e+00
    300.624     0.9767   2.965887     0.9689   2.965987    5.38068    -0.1072    13.8155 3.8963e+01  -60.61667  -54.72050 1153491556 202.596725    34.5342      15218         18  0.000e+00
    300.624     0.9674   2.965178     0.9597   2.965114    5.38202    -0.0749    13.8155 3.8963e+01  -60.61667  -54.72050 1153491556 202.596726    34.5353      15219         18  0.000e+00
    300.624     0.9636   2.965453     0.9582   2.964900    5.38232    -0.0857    13.8155 3.8963e+01  -60.61667  -54.72050 1153491556 202.596726    34.5431      15220         18  0.000e+00
    300.653     0.9671   2.965656     0.9571   2.964972    5.38185    -0.0534    13.8155 3.8963e+01  -60.61667  -54.72050 1153491556 202.596726    34.5418      15221         18  0.000e+00
    300.767     0.9662   2.965884     0.9537   2.964681    5.38194    -0.0211    13.8155 3.8963e+01  -60.61667  -54.72050 1153491556 202.596727    34.5457      15222         18  0.000e+00
    300.691     0.9711   2.966830     0.9439   2.963908    5.38090    -0.0534    13.8155 3.8963e+01  -60.61667  -54.72050 1153491556 202.596727    34.5525      15223         18  0.000e+00
    300.786     0.9783   2.967214     0.9319   2.963041    5.38001    -0.0964    13.8155 3.8963e+01  -60.61667  -54.72050 1153491556 202.596728    34.5494      15224         18  0.000e+00
    300.834     0.9798   2.967187     0.9314   2.962721    5.37990    -0.0534    13.8155 3.8963e+01  -60.61667  -54.72050 1153491556 202.596728    34.5474      15225         18  0.000e+00
    300.834     0.9814   2.966600     0.9302   2.962774    5.37999    -0.0534    13.8155 3.8963e+01  -60.61667  -54.72050 1153491556 202.596729    34.5380      15226         18  0.000e+00
    300.863     0.9723   2.964981     0.9291   2.962780    5.38177    -0.0749    13.8155 3.8963e+01  -60.61667  -54.72050 1153491556 202.596729    34.5272      15227         18  0.000e+00
    300.834     0.9571   2.963557     0.9284   2.962792    5.38407    -0.0534    13.8155 3.8963e+01  -60.61667  -54.72050 1153491556 202.596730    34.5257      15228         18  0.000e+00
    300.978     0.9440   2.962800     0.9277   2.962739    5.39060    -0.0749    13.8155 3.8963e+01  -60.61667  -54.72050 1153491556 202.596730    34.5304      15229         18  0.000e+00
    300.930     0.9396   2.963116     0.9272   2.962632    5.39090    -0.0749    13.8155 3.8963e+01  -60.61667  -54.72050 1153491556 202.596731    34.5394      15230         18  0.000e+00
    300.978     0.9422   2.963801     0.9252   2.962329    5.38568    -0.0534    13.8155 3.7015e+01  -60.61667  -54.72050 1153491556 202.596731    34.5452      15231         18  0.000e+00
    300.978     0.9486   2.964503     0.9171   2.961723    5.38466    -0.0426    13.8155 3.7015e+01  -60.61667  -54.72050 1153491556 202.596732    34.5473      15232         18  0.000e+00
    301.074     0.9533   2.964842     0.9081   2.960987    5.38405    -0.0319    13.8155 3.8963e+01  -60.61667  -54.72050 1153491556 202.596732    34.5463      15233         18  0.000e+00
    301.045     0.9560   2.964808     0.9019   2.960322    5.38375    -0.0534    13.8155 3.8963e+01  -60.61667  -54.72050 1153491556 202.596733    34.5429      15234         18  0.000e+00
    300.688     0.9434   2.963838     0.9280   2.962590    5.33428    -0.0964    13.8155 3.7015e+01  -60.61667  -54.72050 1153491562 202.596802    34.5446      15377         19  0.000e+00
    300.650     0.9424   2.963859     0.9279   2.962584    5.33435    -0.0534    13.8155 3.7015e+01  -60.61667  -54.72050 1153491562 202.596802    34.5460      15378         19  0.000e+00
    300.621     0.9421   2.963750     0.9266   2.962537    5.33441     0.0219    13.8155 3.8963e+01  -60.61667  -54.72050 1153491562 202.596803    34.5450      15379         19  0.000e+00
    300.764     0.9421   2.963658     0.9251   2.962460    5.33456     0.0112    13.8155 3.8963e+01  -60.61667  -54.72050 1153491562 202.596803    34.5437      15380         19  0.000e+00
    300.688     0.9419   2.963536     0.9255   2.962477    5.33458    -0.0319    13.8155 3.8963e+01  -60.61667  -54.72050 1153491562 202.596804    34.5423      15381         19  0.000e+00
    300.650     0.9411   2.963435     0.9263   2.962537    5.33469    -0.0104    13.8155 3.8963e+01  -60.61667  -54.72050 1153491562 202.596804    34.5420      15382         19  0.000e+00
    300.688     0.9405   2.963374     0.9249   2.962614    5.33481    -0.0749    13.8155 3.8963e+01  -60.61667  -54.72050 1153491562 202.596805    34.5418      15383         19  0.000e+00
    300.764     0.9399   2.963360     0.9252   2.962656    5.33494    -0.0534    13.8155 3.8963e+01  -60.61667  -54.72050 1153491563 202.596805    34.5423      15384         19  0.000e+00
    300.650     0.9393   2.963309     0.9244   2.962620    5.33494    -0.0319    13.8155 3.8963e+01  -60.61667  -54.72050 1153491563 202.596806    34.5424      15385         19  0.000e+00
    300.764     0.9393   2.963292     0.9240   2.962519    5.33503    -0.0426    13.8155 3.8963e+01  -60.61667  -54.72050 1153491563 202.596806    34.5421      15386         19  0.000e+00
    300.688     0.9394   2.963238     0.9237   2.962412    5.33499    -0.0319    13.8155 3.8963e+01  -60.61667  -54.72050 1153491563 202.596807    34.5413      15387         19  0.000e+00
    300.717     0.9384   2.963167     0.9235   2.962388    5.33515    -0.0211    13.8155 3.8963e+01  -60.61667  -54.72050 1153491563 202.596807    34.5414      15388         19  0.000e+00
    300.764     0.9385   2.963109     0.9246   2.962388    5.33521    -0.0211    13.8155 3.8963e+01  -60.61667  -54.72050 1153491563 202.596807    34.5406      15389         19  0.000e+00
    300.764     0.9385   2.963028     0.9249   2.962365    5.33524    -0.0104    13.8155 3.8963e+01  -60.61667  -54.72050 1153491563 202.596808    34.5395      15390         19  0.000e+00
    300.716     0.9379   2.962970     0.9260   2.962335    5.33530    -0.0104    13.8155 3.8963e+01  -60.61667  -54.72050 1153491563 202.596808    34.5395      15391         19  0.000e+00
    300.764     0.9374   2.962939     0.9261   2.962347    5.33541    -0.0642    13.8155 3.8963e+01  -60.61667  -54.72050 1153491563 202.596809    34.5396      15392         19  0.000e+00
    300.688     0.9372   2.962902     0.9257   2.962335    5.33538    -0.0749    13.8155 3.8963e+01  -60.61667  -54.72050 1153491563 202.596809    34.5394      15393         19  0.000e+00
    300.783     0.9356   2.962712     0.9252   2.962371    5.33572    -0.0857    13.8155 3.8963e+01  -60.61667  -54.72050 1153491563 202.596810    34.5387      15394         19  0.000e+00
    300.764     0.9300   2.962353     0.9255   2.962424    5.33647    -0.0534    13.8155 3.8963e+01  -60.61667  -54.72050 1153491563 202.596810    34.5402      15395         19  0.000e+00
    300.764     0.9280   2.962058     0.9244   2.962418    5.33683    -0.0426    13.8155 3.8963e+01  -60.61667  -54.72050 1153491563 202.596811    34.5387      15396         19  0.000e+00
    300.764     0.9258   2.962010     0.9243   2.962412    5.33709    -0.0319    13.8155 3.8963e+01  -60.61667  -54.72050 1153491563 202.596811    34.5405      15397         19  0.000e+00
    300.716     0.9244   2.962051     0.9241   2.962394    5.33719     0.0004    13.8155 3.8963e+01  -60.61667  -54.72050 1153491563 202.596812    34.5426      15398         19  0.000e+00
    300.764     0.9255   2.962082     0.9265   2.962365    5.33709    -0.0104    13.8155 3.8963e+01  -60.61667  -54.72050 1153491563 202.596812    34.5418      15399         19  0.000e+00
    300.764     0.9263   2.962139     0.9263   2.962270    5.34162    -0.0104    13.8155 3.8963e+01  -60.61667  -54.72050 1153491563 202.596813    34.5416      15400         19  0.000e+00
    300.783     0.9274   2.962088     0.9243   2.962222    5.34154    -0.0426    13.8155 3.7015e+01  -60.61667  -54.72050 1153491563 202.596813    34.5398      15401         19  0.000e+00
    300.764     0.9272   2.962082     0.9226   2.962151    5.34155    -0.0642    13.8155 3.7015e+01  -60.61667  -54.72050 1153491563 202.596814    34.5398      15402         19  0.000e+00
    300.764     0.9266   2.962088     0.9233   2.962216    5.34161    -0.0857    13.8155 3.7015e+01  -60.61667  -54.72050 1153491563 202.596814    34.5406      15403         19  0.000e+00
    300.716     0.9258   2.962176     0.9266   2.962371    5.33698    -0.0426    13.8155 3.8963e+01  -60.61667  -54.72050 1153491563 202.596815    34.5427      15404         19  0.000e+00
    300.764     0.9260   2.962275     0.9291   2.962519    5.33695    -0.0426    13.8155 3.8963e+01  -60.61667  -54.72050 1153491563 202.596815    34.5437      15405         19  0.000e+00
    300.764     0.9274   2.962475     0.9292   2.962614    5.33670    -0.0534    13.8155 3.8963e+01  -60.61667  -54.72050 1153491563 202.596816    34.5447      15406         19  0.000e+00
    300.716     0.9286   2.962553     0.9290   2.962739    5.33650    -0.0211    13.8155 3.8963e+01  -60.61667  -54.72050 1153491563 202.596816    34.5444      15407         19  0.000e+00
    300.764     0.9300   2.962611     0.9305   2.962792    5.34099    -0.0534    13.8155 3.8963e+01  -60.61667  -54.72050 1153491563 202.596817    34.5435      15408         19  0.000e+00
    300.687     0.9300   2.962560     0.9317   2.962864    5.33632    -0.0642    13.8155 3.8963e+01  -60.61667  -54.72050 1153491564 202.596817    34.5429      15409         19  0.000e+00
    300.716     0.9308   2.962729     0.9327   2.962905    5.34082    -0.0857    13.8155 3.8963e+01  -60.61667  -54.72050 1153491564 202.596818    34.5442      15410         19  0.000e+00
    300.764     0.9327   2.963116     0.9341   2.962953    5.33583    -0.0642    13.8155 3.8963e+01  -60.61667  -54.72050 1153491564 202.596818    34.5471      15411         19  0.000e+00
    300.687     0.9369   2.963272     0.9333   2.963095    5.33524    -0.0426    13.8155 3.8963e+01  -60.61667  -54.72050 1153491564 202.596819    34.5445      15412         19  0.000e+00
    300.716     0.9395   2.963218     0.9307   2.963012    5.33965    -0.0319    13.8155 3.8963e+01  -60.61667  -54.72050 1153491564 202.596819    34.5409      15413         19  0.000e+00
    300.687     0.9397   2.963268     0.9299   2.962970    5.33494     0.0004    13.8155 3.8963e+01  -60.61667  -54.72050 1153491564 202.596820    34.5413      15414         19  0.000e+00
    300.687     0.9410   2.963380     0.9339   2.963095    5.33475    -0.0319    13.8155 3.8963e+01  -60.61667  -54.72050 1153491564 202.596820    34.5414      15415         19  0.000e+00
    300.620     0.9433   2.963550     0.9378   2.963339    5.33901    -0.0642    13.8155 3.8963e+01  -60.61667  -54.72050 1153491564 202.596821    34.5410      15416         19  0.000e+00
    300.716     0.9468   2.963648     0.9393   2.963487    5.33402    -0.0749    13.8155 3.8963e+01  -60.61667  -54.72050 1153491564 202.596821    34.5384      15417         19  0.000e+00
    300.620     0.9482   2.963686     0.9394   2.963481    5.33842    -0.0642    13.8155 3.8963e+01  -60.61667  -54.72050 1153491564 202.596821    34.5373      15418         19  0.000e+00
    300.687     0.9480   2.963655     0.9390   2.963445    5.33850    -0.0749    13.8155 3.8963e+01  -60.61667  -54.72050 1153491564 202.596822    34.5371      15419         19  0.000e+00
    300.649     0.9471   2.963591     0.9408   2.963475    5.33860    -0.0319    13.8155 3.8963e+01  -60.61667  -54.72050 1153491564 202.596822    34.5373      15420         19  0.000e+00
    300.620     0.9455   2.963357     0.9401   2.963511    5.33886     0.0004    13.8155 3.8963e+01  -60.61667  -54.72050 1153491564 202.596823    34.5361      15421         19  0.000e+00
    300.620     0.9423   2.963452     0.9390   2.963523    5.33453    -0.0104    13.8155 3.8963e+01  -60.61667  -54.72050 1153491564 202.596823    34.5409      15422         19  0.000e+00
    300.572     0.9476   2.963451     0.9355   2.963606    5.33392    -0.0857    13.8155 3.8963e+01  -60.61667  -54.72050 1153491564 202.596824    34.5351      15423         19  0.000e+00
    300.620     0.9510   2.963255     0.9358   2.963778    5.33368    -0.0857    13.8155 3.8963e+01  -60.61667  -54.72050 1153491564 202.596824    34.5287      15424         19  0.000e+00
    300.544     0.9509   2.963465     0.9453   2.964223    5.33354    -0.0319    13.8155 3.8963e+01  -60.61667  -54.72050 1153491564 202.596825    34.5316      15425         19  0.000e+00
    301.248     0.8936   2.959210     0.9039   2.960157    5.33760     0.0004    13.8155 4.0911e+01  -60.61667  -54.72050 1153491573 202.596925    34.5398      15633         20  0.000e+00
    301.344     0.8952   2.959407     0.9038   2.960139    5.33741     0.0112    13.8155 3.8963e+01  -60.61667  -54.72050 1153491573 202.596926    34.5405      15634         20  0.000e+00
    301.325     0.8959   2.959427     0.9013   2.960008    5.33731    -0.0319    13.8155 3.8963e+01  -60.61667  -54.72050 1153491573 202.596926    34.5400      15635         20  0.000e+00
    301.325     0.8941   2.959370     0.8976   2.959883    5.33753    -0.0319    13.8155 3.8963e+01  -60.61667  -54.72050 1153491573 202.596927    34.5413      15636         20  0.000e+00
    301.277     0.8919   2.959261     0.9002   2.959842    5.33778    -0.0857    13.8155 3.8963e+01  -60.61667  -54.72050 1153491573 202.596927    34.5423      15637         20  0.000e+00
