product_data/regression_test/downloaded_data/MDGS/320620060703/ctd/p6611201.cnv
* Sea-Bird SBE 9 Data File:
* FileName = D:\Data\Raw\p6611201.dat
* Software Version Seasave Win32 V 5.32
* Temperature SN = 1649
* Conductivity SN = 1431
* Number of Bytes Per Scan = 37
* Number of Voltage Words = 5
* Number of Scans Averaged by the Deck Unit = 1
* NMEA Latitude = 61 26.98 S
* NMEA Longitude = 054 52.56 W
* NMEA UTC (Time) = 06:14:49
** Ship:   Nathaniel B. Palmer 
** Cruise:    NBP0606 
# nquan = 15
# nvalues = 891                         
# units = specified
# name 0 = prDM: Pressure, Digiquartz [db]
# name 1 = t090C: Temperature [ITS-90, deg C]
# name 2 = c0S/m: Conductivity [S/m]
# name 3 = t190C: Temperature, 2 [ITS-90, deg C]
# name 4 = c1S/m: Conductivity, 2 [S/m]
# name 5 = sbeox0ML/L: Oxygen, SBE 43 [ml/l]
# name 6 = flECO-AFL: Fluorescence, Wetlab ECO-AFL/FL [mg/m^3]
# name 7 = bat: Beam Attenuation, Chelsea/Seatech/Wetlab CStar [1/m]
# name 8 = spar: SPAR/Surface Irradiance
# name 9 = latitude: Latitude [deg]
# name 10 = longitude: Longitude [deg]
# name 11 = timeY: Time, System [seconds]
# name 12 = timeJ: Julian Days
# name 13 = sal00: Salinity [PSU]
# name 14 = flag: flag
# span 0 =     12.000,    902.000       
# span 1 =    -1.1033,    -0.4229       
# span 2 =   2.750949,   2.854448       
# span 3 =    -1.1057,    -0.4224       
# span 4 =   2.751773,   2.854909       
# span 5 =    6.38409,    7.66393       
# span 6 =    -0.1201,     0.1225       
# span 7 =    13.8155,    13.8155       
# span 8 = 0.0000e+00, 0.0000e+00       
# span 9 =  -61.44967,  -61.44967       
# span 10 =  -54.87600,  -54.87600      
# span 11 = 1152857696, 1152859015      
# span 12 = 195.260388, 195.275660      
# span 13 =    34.1932,    34.5358      
# span 14 = 0.0000e+00, 0.0000e+00      
# interval = decibars: 1                
# start_time = Jul 14 2006 06:14:57
# bad_flag = -9.990e-29
*END*
[from data line 97]
    109.000    -0.5925   2.804070    -0.5894   2.804817    7.17303     0.0933    13.8155 0.0000e+00  -61.44967  -54.87600 1152857908 195.262851    34.2715 0.0000e+00
    110.000    -0.5842   2.804955    -0.5833   2.805515    7.15278     0.0751    13.8155 0.0000e+00  -61.44967  -54.87600 1152857910 195.262869    34.2736 0.0000e+00
    111.000    -0.5762   2.805777    -0.5748   2.806372    7.13983     0.0747    13.8155 0.0000e+00  -61.44967  -54.87600 1152857912 195.262890    34.2753 0.0000e+00
    112.000    -0.5667   2.806751    -0.5652   2.807369    7.12827     0.0725    13.8155 0.0000e+00  -61.44967  -54.87600 1152857914 195.262922    34.2773 0.0000e+00
    113.000    -0.5652   2.806965    -0.5641   2.807560    7.12405     0.0510    13.8155 0.0000e+00  -61.44967  -54.87600 1152857916 195.262943    34.2782 0.0000e+00
    114.000    -0.5632   2.807204    -0.5626   2.807740    7.11627     0.0453    13.8155 0.0000e+00  -61.44967  -54.87600 1152857917 195.262954    34.2788 0.0000e+00
    115.000    -0.5421   2.809211    -0.5412   2.809666    7.10841     0.0567    13.8155 0.0000e+00  -61.44967  -54.87600 1152857918 195.262965    34.2811 0.0000e+00
    116.000    -0.5271   2.810758    -0.5259   2.811316    7.09723     0.0819    13.8155 0.0000e+00  -61.44967  -54.87600 1152857919 195.262979    34.2839 0.0000e+00
    117.000    -0.5259   2.811149    -0.5253   2.811705    7.07170     0.0970    13.8155 0.0000e+00  -61.44967  -54.87600 1152857923 195.263017    34.2877 0.0000e+00
    118.000    -0.5358   2.810458    -0.5352   2.811039    7.06088     0.0793    13.8155 0.0000e+00  -61.44967  -54.87600 1152857924 195.263036    34.2894 0.0000e+00
    119.000    -0.5352   2.810621    -0.5343   2.811207    7.05584     0.0764    13.8155 0.0000e+00  -61.44967  -54.87600 1152857925 195.263048    34.2906 0.0000e+00
    120.000    -0.5293   2.811239    -0.5275   2.811883    7.05136     0.0828    13.8155 0.0000e+00  -61.44967  -54.87600 1152857927 195.263064    34.2916 0.0000e+00
    121.000    -0.5209   2.812101    -0.5196   2.812666    7.04195     0.1071    13.8155 0.0000e+00  -61.44967  -54.87600 1152857929 195.263085    34.2931 0.0000e+00
    122.000    -0.5088   2.813377    -0.5076   2.813954    7.03348     0.0990    13.8155 0.0000e+00  -61.44967  -54.87600 1152857930 195.263098    34.2955 0.0000e+00
    123.000    -0.5070   2.813655    -0.5059   2.814242    7.02429     0.0763    13.8155 0.0000e+00  -61.44967  -54.87600 1152857931 195.263108    34.2966 0.0000e+00
    124.000    -0.5068   2.813776    -0.5054   2.814374    7.01855     0.0779    13.8155 0.0000e+00  -61.44967  -54.87600 1152857932 195.263125    34.2975 0.0000e+00
    125.000    -0.5071   2.813813    -0.5057   2.814439    7.01840     0.0696    13.8155 0.0000e+00  -61.44967  -54.87600 1152857937 195.263181    34.2983 0.0000e+00
    126.000    -0.5070   2.813905    -0.5061   2.814481    7.01528     0.0596    13.8155 0.0000e+00  -61.44967  -54.87600 1152857937 195.263188    34.2987 0.0000e+00
    127.000    -0.5085   2.813843    -0.5078   2.814420    7.01408     0.0522    13.8155 0.0000e+00  -61.44967  -54.87600 1152857938 195.263196    34.2990 0.0000e+00
    128.000    -0.5130   2.813515    -0.5125   2.814098    7.01164     0.0516    13.8155 0.0000e+00  -61.44967  -54.87600 1152857939 195.263204    34.2992 0.0000e+00
    129.000    -0.5169   2.813279    -0.5159   2.813866    7.00914     0.0530    13.8155 0.0000e+00  -61.44967  -54.87600 1152857940 195.263216    34.3001 0.0000e+00
    130.000    -0.5164   2.813368    -0.5158   2.813913    7.00514     0.0591    13.8155 0.0000e+00  -61.44967  -54.87600 1152857943 195.263251    34.3001 0.0000e+00
    131.000    -0.5194   2.813165    -0.5191   2.813706    7.00299     0.0505    13.8155 0.0000e+00  -61.44967  -54.87600 1152857945 195.263278    34.3002 0.0000e+00
    132.000    -0.5202   2.813170    -0.5191   2.813754    7.00083     0.0552    13.8155 0.0000e+00  -61.44967  -54.87600 1152857946 195.263291    34.3006 0.0000e+00
    133.000    -0.5236   2.812968    -0.5216   2.813631    6.99973     0.0611    13.8155 0.0000e+00  -61.44967  -54.87600 1152857948 195.263306    34.3011 0.0000e+00
    134.000    -0.5372   2.812075    -0.5357   2.812701    6.99756     0.0442    13.8155 0.0000e+00  -61.44967  -54.87600 1152857950 195.263328    34.3041 0.0000e+00
    135.000    -0.5416   2.811869    -0.5401   2.812466    6.98986     0.0342    13.8155 0.0000e+00  -61.44967  -54.87600 1152857952 195.263352    34.3059 0.0000e+00
    136.000    -0.5417   2.811915    -0.5406   2.812502    6.98703     0.0424    13.8155 0.0000e+00  -61.44967  -54.87600 1152857953 195.263366    34.3059 0.0000e+00
    137.000    -0.5411   2.811976    -0.5401   2.812552    6.98233     0.0479    13.8155 0.0000e+00  -61.44967  -54.87600 1152857954 195.263378    34.3054 0.0000e+00
    138.000    -0.5318   2.813141    -0.5307   2.813690    6.97282     0.0269    13.8155 0.0000e+00  -61.44967  -54.87600 1152857955 195.263393    34.3097 0.0000e+00
    139.000    -0.5251   2.813898    -0.5239   2.814477    6.95688     0.0394    13.8155 0.0000e+00  -61.44967  -54.87600 1152857958 195.263425    34.3113 0.0000e+00
    140.000    -0.5168   2.814806    -0.5152   2.815349    6.94712     0.0161    13.8155 0.0000e+00  -61.44967  -54.87600 1152857960 195.263449    34.3136 0.0000e+00
    141.000    -0.5051   2.815963    -0.5044   2.816542    6.94580     0.0449    13.8155 0.0000e+00  -61.44967  -54.87600 1152857961 195.263462    34.3146 0.0000e+00
    142.000    -0.5160   2.815156    -0.5155   2.815694    6.94083     0.0241    13.8155 0.0000e+00  -61.44967  -54.87600 1152857962 195.263474    34.3160 0.0000e+00
    143.000    -0.5210   2.814788    -0.5184   2.815511    6.93545     0.0511    13.8155 0.0000e+00  -61.44967  -54.87600 1152857963 195.263489    34.3162 0.0000e+00
    144.000    -0.5233   2.814625    -0.5240   2.815074    6.93254     0.0607    13.8155 0.0000e+00  -61.44967  -54.87600 1152857965 195.263507    34.3161 0.0000e+00
    145.000    -0.5335   2.813791    -0.5320   2.814407    6.93069     0.0722    13.8155 0.0000e+00  -61.44967  -54.87600 1152857967 195.263534    34.3162 0.0000e+00
    146.000    -0.5333   2.813919    -0.5318   2.814530    6.92608     0.0896    13.8155 0.0000e+00  -61.44967  -54.87600 1152857970 195.263563    34.3172 0.0000e+00
    147.000    -0.5239   2.814910    -0.5237   2.815337    6.91855     0.0856    13.8155 0.0000e+00  -61.44967  -54.87600 1152857971 195.263577    34.3189 0.0000e+00
    148.000    -0.5128   2.815957    -0.5119   2.816496    6.91391     0.0749    13.8155 0.0000e+00  -61.44967  -54.87600 1152857972 195.263589    34.3193 0.0000e+00
    149.000    -0.5096   2.816353    -0.5081   2.816919    6.90849     0.0785    13.8155 0.0000e+00  -61.44967  -54.87600 1152857973 195.263602    34.3204 0.0000e+00
    150.000    -0.5028   2.817058    -0.5015   2.817595    6.90077     0.0836    13.8155 0.0000e+00  -61.44967  -54.87600 1152857974 195.263618    34.3215 0.0000e+00
    151.000    -0.4917   2.818101    -0.4901   2.818684    6.89418     0.0691    13.8155 0.0000e+00  -61.44967  -54.87600 1152857976 195.263640    34.3220 0.0000e+00
    152.000    -0.4825   2.819027    -0.4806   2.819614    6.89038     0.0570    13.8155 0.0000e+00  -61.44967  -54.87600 1152857979 195.263667    34.3232 0.0000e+00
    153.000    -0.4802   2.819298    -0.4784   2.819884    6.88929     0.0584    13.8155 0.0000e+00  -61.44967  -54.87600 1152857980 195.263687    34.3240 0.0000e+00
    154.000    -0.4799   2.819360    -0.4787   2.819921    6.88128     0.0447    13.8155 0.0000e+00  -61.44967  -54.87600 1152857982 195.263702    34.3240 0.0000e+00
    155.000    -0.4861   2.818872    -0.4841   2.819512    6.87771     0.0591    13.8155 0.0000e+00  -61.44967  -54.87600 1152857983 195.263715    34.3240 0.0000e+00
    156.000    -0.4930   2.818306    -0.4926   2.818829    6.87817     0.0465    13.8155 0.0000e+00  -61.44967  -54.87600 1152857984 195.263729    34.3239 0.0000e+00
    157.000    -0.4945   2.818230    -0.4932   2.818793    6.88475     0.0455    13.8155 0.0000e+00  -61.44967  -54.87600 1152857987 195.263762    34.3242 0.0000e+00
    158.000    -0.5032   2.817489    -0.5039   2.818012    6.88624     0.0234    13.8155 0.0000e+00  -61.44967  -54.87600 1152857989 195.263782    34.3231 0.0000e+00
    159.000    -0.5251   2.815816    -0.5243   2.816397    6.88783     0.0149    13.8155 0.0000e+00  -61.44967  -54.87600 1152857990 195.263792    34.3259 0.0000e+00
    160.000    -0.5273   2.815754    -0.5262   2.816328    6.88780     0.0100    13.8155 0.0000e+00  -61.44967  -54.87600 1152857991 195.263804    34.3270 0.0000e+00
    161.000    -0.5333   2.815389    -0.5297   2.816138    6.88573     0.0005    13.8155 0.0000e+00  -61.44967  -54.87600 1152857993 195.263830    34.3281 0.0000e+00
    162.000    -0.5391   2.814990    -0.5381   2.815584    6.88731     0.0011    13.8155 0.0000e+00  -61.44967  -54.87600 1152857995 195.263856    34.3286 0.0000e+00
    163.000    -0.5489   2.814265    -0.5492   2.814756    6.88588    -0.0068    13.8155 0.0000e+00  -61.44967  -54.87600 1152857996 195.263869    34.3296 0.0000e+00
    164.000    -0.5530   2.813994    -0.5523   2.814553    6.88852    -0.0226    13.8155 0.0000e+00  -61.44967  -54.87600 1152857997 195.263882    34.3299 0.0000e+00
    165.000    -0.5620   2.813277    -0.5576   2.814176    6.88805    -0.0153    13.8155 0.0000e+00  -61.44967  -54.87600 1152857999 195.263896    34.3298 0.0000e+00
    166.000    -0.5909   2.810892    -0.5871   2.811812    6.88886    -0.0296    13.8155 0.0000e+00  -61.44967  -54.87600 1152858000 195.263909    34.3306 0.0000e+00
    167.000    -0.6013   2.810047    -0.6052   2.810279    6.88946    -0.0258    13.8155 0.0000e+00  -61.44967  -54.87600 1152858001 195.263921    34.3304 0.0000e+00
    168.000    -0.6237   2.808280    -0.6238   2.808826    6.88942    -0.0350    13.8155 0.0000e+00  -61.44967  -54.87600 1152858002 195.263932    34.3320 0.0000e+00
    169.000    -0.6272   2.808248    -0.6264   2.808836    6.89525    -0.0326    13.8155 0.0000e+00  -61.44967  -54.87600 1152858003 195.263945    34.3348 0.0000e+00
    170.000    -0.6207   2.808879    -0.6263   2.808983    6.89285    -0.0210    13.8155 0.0000e+00  -61.44967  -54.87600 1152858005 195.263975    34.3344 0.0000e+00
    171.000    -0.6299   2.808504    -0.6291   2.809084    6.88547    -0.0329    13.8155 0.0000e+00  -61.44967  -54.87600 1152858007 195.263999    34.3392 0.0000e+00
    172.000    -0.6287   2.808785    -0.6277   2.809352    6.87938    -0.0406    13.8155 0.0000e+00  -61.44967  -54.87600 1152858008 195.264009    34.3408 0.0000e+00
    173.000    -0.6244   2.809496    -0.6230   2.810062    6.87258    -0.0297    13.8155 0.0000e+00  -61.44967  -54.87600 1152858009 195.264017    34.3449 0.0000e+00
    174.000    -0.6179   2.810301    -0.6165   2.810878    6.86478    -0.0425    13.8155 0.0000e+00  -61.44967  -54.87600 1152858010 195.264024    34.3474 0.0000e+00
    175.000    -0.6141   2.810767    -0.6131   2.811325    6.85850    -0.0222    13.8155 0.0000e+00  -61.44967  -54.87600 1152858010 195.264032    34.3485 0.0000e+00
    176.000    -0.6157   2.810665    -0.6138   2.811309    6.84533    -0.0439    13.8155 0.0000e+00  -61.44967  -54.87600 1152858012 195.264058    34.3482 0.0000e+00
    177.000    -0.6162   2.810691    -0.6136   2.811435    6.83186    -0.0264    13.8155 0.0000e+00  -61.44967  -54.87600 1152858015 195.264086    34.3485 0.0000e+00
    178.000    -0.6125   2.811210    -0.6115   2.811778    6.82754    -0.0558    13.8155 0.0000e+00  -61.44967  -54.87600 1152858016 195.264094    34.3504 0.0000e+00
    179.000    -0.6088   2.811703    -0.6083   2.812181    6.82477    -0.0427    13.8155 0.0000e+00  -61.44967  -54.87600 1152858016 195.264101    34.3522 0.0000e+00
    180.000    -0.6066   2.811969    -0.6056   2.812511    6.82307    -0.0333    13.8155 0.0000e+00  -61.44967  -54.87600 1152858017 195.264108    34.3526 0.0000e+00
    181.000    -0.6049   2.812192    -0.6037   2.812762    6.82000    -0.0280    13.8155 0.0000e+00  -61.44967  -54.87600 1152858018 195.264117    34.3530 0.0000e+00
    182.000    -0.6078   2.811915    -0.6055   2.812617    6.81755    -0.0401    13.8155 0.0000e+00  -61.44967  -54.87600 1152858021 195.264159    34.3520 0.0000e+00
    183.000    -0.6029   2.812553    -0.6005   2.813216    6.81236    -0.0429    13.8155 0.0000e+00  -61.44967  -54.87600 1152858022 195.264172    34.3544 0.0000e+00
    184.000    -0.5970   2.813275    -0.5961   2.813778    6.80698    -0.0544    13.8155 0.0000e+00  -61.44967  -54.87600 1152858023 195.264181    34.3566 0.0000e+00
    185.000    -0.5944   2.813616    -0.5931   2.814195    6.80027    -0.0487    13.8155 0.0000e+00  -61.44967  -54.87600 1152858024 195.264190    34.3576 0.0000e+00
    186.000    -0.5932   2.813805    -0.5918   2.814393    6.79544    -0.0574    13.8155 0.0000e+00  -61.44967  -54.87600 1152858025 195.264199    34.3582 0.0000e+00
    187.000    -0.5924   2.813948    -0.5912   2.814508    6.79175    -0.0308    13.8155 0.0000e+00  -61.44967  -54.87600 1152858026 195.264212    34.3585 0.0000e+00
    188.000    -0.5921   2.814032    -0.5908   2.814586    6.78608    -0.0346    13.8155 0.0000e+00  -61.44967  -54.87600 1152858028 195.264232    34.3588 0.0000e+00
    189.000    -0.5916   2.814146    -0.5903   2.814691    6.78546    -0.0380    13.8155 0.0000e+00  -61.44967  -54.87600 1152858029 195.264252    34.3591 0.0000e+00
    190.000    -0.5912   2.814225    -0.5900   2.814778    6.78556    -0.0542    13.8155 0.0000e+00  -61.44967  -54.87600 1152858030 195.264265    34.3592 0.0000e+00
    191.000    -0.5905   2.814345    -0.5892   2.814914    6.78206    -0.0382    13.8155 0.0000e+00  -61.44967  -54.87600 1152858031 195.264277    34.3595 0.0000e+00
    192.000    -0.5904   2.814417    -0.5890   2.814982    6.77676    -0.0379    13.8155 0.0000e+00  -61.44967  -54.87600 1152858033 195.264290    34.3597 0.0000e+00
    193.000    -0.5899   2.814514    -0.5888   2.815059    6.77432    -0.0480    13.8155 0.0000e+00  -61.44967  -54.87600 1152858034 195.264308    34.3598 0.0000e+00
    194.000    -0.5893   2.814632    -0.5881   2.815186    6.77519    -0.0412    13.8155 0.0000e+00  -61.44967  -54.87600 1152858036 195.264328    34.3601 0.0000e+00
    195.000    -0.5885   2.814770    -0.5875   2.815301    6.77360    -0.0405    13.8155 0.0000e+00  -61.44967  -54.87600 1152858037 195.264340    34.3605 0.0000e+00
    196.000    -0.5884   2.814863    -0.5872   2.815413    6.76985    -0.0362    13.8155 0.0000e+00  -61.44967  -54.87600 1152858038 195.264352    34.3610 0.0000e+00
    197.000    -0.5896   2.814931    -0.5884   2.815472    6.76767    -0.0570    13.8155 0.0000e+00  -61.44967  -54.87600 1152858039 195.264364    34.3627 0.0000e+00
    198.000    -0.5872   2.815271    -0.5860   2.815821    6.76132    -0.0547    13.8155 0.0000e+00  -61.44967  -54.87600 1152858040 195.264380    34.3639 0.0000e+00
    199.000    -0.5784   2.816350    -0.5758   2.817020    6.75265    -0.0481    13.8155 0.0000e+00  -61.44967  -54.87600 1152858042 195.264400    34.3678 0.0000e+00
    200.000    -0.5728   2.817018    -0.5718   2.817551    6.74943    -0.0532    13.8155 0.0000e+00  -61.44967  -54.87600 1152858043 195.264413    34.3696 0.0000e+00
    201.000    -0.5716   2.817198    -0.5706   2.817723    6.74556    -0.0460    13.8155 0.0000e+00  -61.44967  -54.87600 1152858044 195.264423    34.3700 0.0000e+00
    202.000    -0.5712   2.817262    -0.5704   2.817773    6.74051    -0.0333    13.8155 0.0000e+00  -61.44967  -54.87600 1152858045 195.264433    34.3699 0.0000e+00
    203.000    -0.5715   2.817289    -0.5703   2.817837    6.73612    -0.0532    13.8155 0.0000e+00  -61.44967  -54.87600 1152858046 195.264445    34.3700 0.0000e+00
