product_data/regression_test/downloaded_data/MDGS/320620060703/ctd/p6617802.ros
* Sea-Bird SBE 9 Data File:
* FileName = D:\Data\Raw\p6617802.dat
* Software Version Seasave Win32 V 5.32
* Temperature SN = 1649
* Conductivity SN = 1431
* Number of Bytes Per Scan = 37
* Number of Voltage Words = 5
* Number of Scans Averaged by the Deck Unit = 1
* NMEA Latitude = 60 36.99 S
* NMEA Longitude = 054 31.80 W
* NMEA UTC (Time) = 00:34:19
** Ship:   Nathaniel B. Palmer 
** Cruise:    NBP0606 
# nquan = 17
# nvalues = 1176                    
# units = specified
# name 0 = prDM: Pressure, Digiquartz [db]
# name 1 = t090C: Temperature [ITS-90, deg C]
# name 2 = c0S/m: Conductivity [S/m]
# name 3 = t190C: Temperature, 2 [ITS-90, deg C]
# name 4 = c1S/m: Conductivity, 2 [S/m]
# name 5 = sbeox0ML/L: Oxygen, SBE 43 [ml/l]
# name 6 = flECO-AFL: Fluorescence, Wetlab ECO-AFL/FL [mg/m^3]
# name 7 = bat: Beam Attenuation, Chelsea/Seatech/Wetlab CStar [1/m]
# name 8 = spar: SPAR/Surface Irradiance
# name 9 = latitude: Latitude [deg]
# name 10 = longitude: Longitude [deg]
# name 11 = timeY: Time, System [seconds]
# name 12 = timeJ: Julian Days
# name 13 = sal00: Salinity [PSU]
# name 14 = scan: scan number
# name 15 = nbf: number of bottles fired
# name 16 = flag:  0.000e+00
# interval = seconds: 0.0416667                   
# start_time = Jul 22 2006 00:34:27
*END*
[from data line 426]
     98.534    -0.6698   2.795676    -0.6701   2.796051    7.43010    -0.0857    13.8155 0.0000e+00  -60.61650  -54.53000 1153531141 203.054899    34.2547      64231          9  0.000e+00
     98.457    -0.6698   2.795676    -0.6702   2.796063    7.43002    -0.0534    13.8155 0.0000e+00  -60.61650  -54.53000 1153531141 203.054899    34.2547      64232          9  0.000e+00
     98.457    -0.6700   2.795709    -0.6702   2.796051    7.43002    -0.0319    13.8155 0.0000e+00  -60.61650  -54.53000 1153531141 203.054900    34.2553      64233          9  0.000e+00
     98.457    -0.6700   2.795702    -0.6704   2.796005    7.43002     0.0004    13.8155 0.0000e+00  -60.61650  -54.53000 1153531141 203.054900    34.2552      64234          9  0.000e+00
     98.390    -0.6702   2.795699    -0.6702   2.796011    7.42998    -0.0104    13.8155 0.0000e+00  -60.61650  -54.53000 1153531141 203.054901    34.2554      64235          9  0.000e+00
     98.362    -0.6702   2.795699    -0.6702   2.795999    7.42996    -0.0534    13.8155 0.0000e+00  -60.61650  -54.53000 1153531142 203.054901    34.2555      64236          9  0.000e+00
     98.457    -0.6702   2.795722    -0.6705   2.795993    7.43003    -0.0211    13.8155 0.0000e+00  -60.61650  -54.53000 1153531142 203.054902    34.2557      64237          9  0.000e+00
     98.390    -0.6703   2.795742    -0.6703   2.795952    7.42997    -0.0104    13.8155 0.0000e+00  -60.61650  -54.53000 1153531142 203.054902    34.2562      64238          9  0.000e+00
     98.324    -0.6698   2.795709    -0.6706   2.795976    7.42986     0.0112    13.8155 0.0000e+00  -60.61650  -54.53000 1153531142 203.054903    34.2552      64239          9  0.000e+00
     98.390    -0.6703   2.795715    -0.6704   2.795970    7.42999    -0.0104    13.8155 0.0000e+00  -60.61650  -54.53000 1153531142 203.054903    34.2558      64240          9  0.000e+00
     98.324    -0.6702   2.795722    -0.6703   2.796005    7.42989    -0.0319    13.8155 0.0000e+00  -60.61650  -54.53000 1153531142 203.054904    34.2558      64241          9  0.000e+00
     98.247    -0.6700   2.795686    -0.6699   2.795999    7.42981    -0.0749    13.8155 0.0000e+00  -60.61650  -54.53000 1153531142 203.054904    34.2551      64242          9  0.000e+00
     98.324    -0.6702   2.795692    -0.6702   2.795976    7.42991    -0.0534    13.8155 0.0000e+00  -60.61650  -54.53000 1153531142 203.054905    34.2554      64243          9  0.000e+00
     98.324    -0.6709   2.795666    -0.6699   2.796005    7.43005    -0.0534    13.8155 0.0000e+00  -60.61650  -54.53000 1153531142 203.054905    34.2559      64244          9  0.000e+00
     98.219    -0.6704   2.795656    -0.6698   2.796034    7.42517    -0.0104    13.8155 0.0000e+00  -60.61650  -54.53000 1153531142 203.054905    34.2553      64245          9  0.000e+00
     75.548    -0.6545   2.795045    -0.6550   2.795423    7.50303     0.0327    13.8155 0.0000e+00  -60.61650  -54.53000 1153531191 203.055472    34.2430      65419         10  0.000e+00
     75.424    -0.6545   2.795012    -0.6550   2.795423    7.50293     0.0542    13.8155 0.0000e+00  -60.61650  -54.53000 1153531191 203.055472    34.2426      65420         10  0.000e+00
     75.329    -0.6545   2.795015    -0.6551   2.795423    7.50282     0.0112    13.8155 0.0000e+00  -60.61650  -54.53000 1153531191 203.055473    34.2427      65421         10  0.000e+00
     75.424    -0.6554   2.795002    -0.6551   2.795423    7.50307     0.0112    13.8155 0.0000e+00  -60.61650  -54.53000 1153531191 203.055473    34.2436      65422         10  0.000e+00
     75.405    -0.6554   2.795028    -0.6557   2.795423    7.49834     0.0112    13.8155 0.0000e+00  -60.61650  -54.53000 1153531191 203.055474    34.2439      65423         10  0.000e+00
     75.357    -0.6557   2.795025    -0.6555   2.795446    7.50303     0.0112    13.8155 0.0000e+00  -60.61650  -54.53000 1153531191 203.055474    34.2443      65424         10  0.000e+00
     75.329    -0.6559   2.795035    -0.6551   2.795435    7.50302     0.0112    13.8155 0.0000e+00  -60.61650  -54.53000 1153531191 203.055475    34.2446      65425         10  0.000e+00
     75.357    -0.6551   2.795041    -0.6554   2.795423    7.50293     0.0542    13.8155 0.0000e+00  -60.61650  -54.53000 1153531191 203.055475    34.2438      65426         10  0.000e+00
     75.262    -0.6559   2.795041    -0.6556   2.795406    7.50294     0.0327    13.8155 0.0000e+00  -60.61650  -54.53000 1153531191 203.055476    34.2447      65427         10  0.000e+00
     75.357    -0.6564   2.795041    -0.6559   2.795441    7.50311     0.0219    13.8155 0.0000e+00  -60.61650  -54.53000 1153531191 203.055476    34.2452      65428         10  0.000e+00
     75.262    -0.6559   2.795025    -0.6556   2.795452    7.50295     0.0327    13.8155 0.0000e+00  -60.61650  -54.53000 1153531191 203.055476    34.2445      65429         10  0.000e+00
     75.281    -0.6567   2.795071    -0.6556   2.795452    7.49837     0.0542    13.8155 0.0000e+00  -60.61650  -54.53000 1153531191 203.055477    34.2460      65430         10  0.000e+00
     75.262    -0.6557   2.795068    -0.6559   2.795452    7.49821     0.0327    13.8155 0.0000e+00  -60.61650  -54.53000 1153531191 203.055477    34.2449      65431         10  0.000e+00
     75.214    -0.6564   2.795045    -0.6558   2.795452    7.49827     0.0327    13.8155 0.0000e+00  -60.61650  -54.53000 1153531191 203.055478    34.2453      65432         10  0.000e+00
     75.262    -0.6564   2.795058    -0.6554   2.795435    7.49831    -0.0104    13.8155 0.0000e+00  -60.61650  -54.53000 1153531191 203.055478    34.2454      65433         10  0.000e+00
     75.214    -0.6562   2.795064    -0.6553   2.795446    7.50292    -0.0534    13.8155 0.0000e+00  -60.61650  -54.53000 1153531191 203.055479    34.2454      65434         10  0.000e+00
     75.195    -0.6561   2.795081    -0.6553   2.795452    7.49818    -0.0319    13.8155 0.0000e+00  -60.61650  -54.53000 1153531192 203.055479    34.2455      65435         10  0.000e+00
     75.215    -0.6565   2.795068    -0.6558   2.795411    7.49828    -0.0104    13.8155 0.0000e+00  -60.61650  -54.53000 1153531192 203.055480    34.2458      65436         10  0.000e+00
     75.262    -0.6565   2.795065    -0.6557   2.795435    7.49833    -0.0211    13.8155 0.0000e+00  -60.61650  -54.53000 1153531192 203.055480    34.2457      65437         10  0.000e+00
     75.215    -0.6565   2.795064    -0.6556   2.795493    7.49828    -0.0534    13.8155 0.0000e+00  -60.61650  -54.53000 1153531192 203.055481    34.2458      65438         10  0.000e+00
     75.262    -0.6559   2.795081    -0.6553   2.795441    7.49822    -0.0104    13.8155 0.0000e+00  -60.61650  -54.53000 1153531192 203.055481    34.2452      65439         10  0.000e+00
     75.281    -0.6553   2.795051    -0.6554   2.795446    7.49817     0.0327    13.8155 0.0000e+00  -60.61650  -54.53000 1153531192 203.055482    34.2441      65440         10  0.000e+00
     75.215    -0.6553   2.795058    -0.6547   2.795429    7.49810     0.0112    13.8155 0.0000e+00  -60.61650  -54.53000 1153531192 203.055482    34.2443      65441         10  0.000e+00
     75.329    -0.6551   2.795065    -0.6548   2.795423    7.49819     0.0219    13.8155 0.0000e+00  -60.61650  -54.53000 1153531192 203.055483    34.2441      65442         10  0.000e+00
     75.358    -0.6551   2.795065    -0.6551   2.795423    7.49822    -0.0319    13.8155 0.0000e+00  -60.61650  -54.53000 1153531192 203.055483    34.2441      65443         10  0.000e+00
     75.329    -0.6548   2.795045    -0.6551   2.795423    7.49815    -0.0104    13.8155 0.0000e+00  -60.61650  -54.53000 1153531192 203.055484    34.2435      65444         10  0.000e+00
     75.281    -0.6547   2.795041    -0.6545   2.795423    7.49809     0.0004    13.8155 0.0000e+00  -60.61650  -54.53000 1153531192 203.055484    34.2433      65445         10  0.000e+00
     75.329    -0.6554   2.795031    -0.6554   2.795446    7.49826    -0.0104    13.8155 0.0000e+00  -60.61650  -54.53000 1153531192 203.055485    34.2440      65446         10  0.000e+00
     75.358    -0.6551   2.795038    -0.6550   2.795417    7.49824    -0.0104    13.8155 0.0000e+00  -60.61650  -54.53000 1153531192 203.055485    34.2437      65447         10  0.000e+00
     75.406    -0.6554   2.795041    -0.6553   2.795417    7.49364    -0.0534    13.8155 0.0000e+00  -60.61650  -54.53000 1153531192 203.055486    34.2441      65448         10  0.000e+00
     75.358    -0.6559   2.795041    -0.6550   2.795382    7.49366    -0.0749    13.8155 0.0000e+00  -60.61650  -54.53000 1153531192 203.055486    34.2446      65449         10  0.000e+00
     75.329    -0.6559   2.795041    -0.6547   2.795394    7.49832    -0.0426    13.8155 0.0000e+00  -60.61650  -54.53000 1153531192 203.055487    34.2447      65450         10  0.000e+00
     75.282    -0.6554   2.795041    -0.6542   2.795377    7.49820    -0.0857    13.8155 0.0000e+00  -60.61650  -54.53000 1153531192 203.055487    34.2442      65451         10  0.000e+00
     75.329    -0.6548   2.794959    -0.6542   2.795318    7.49821    -0.0534    13.8155 0.0000e+00  -60.61650  -54.53000 1153531192 203.055488    34.2423      65452         10  0.000e+00
     75.282    -0.6547   2.794932    -0.6540   2.795336    7.49347    -0.0104    13.8155 0.0000e+00  -60.61650  -54.53000 1153531192 203.055488    34.2418      65453         10  0.000e+00
     75.263    -0.6547   2.794912    -0.6543   2.795365    7.49346    -0.0104    13.8155 0.0000e+00  -60.61650  -54.53000 1153531192 203.055489    34.2416      65454         10  0.000e+00
     75.215    -0.6547   2.794889    -0.6547   2.795336    7.49343     0.0327    13.8155 0.0000e+00  -60.61650  -54.53000 1153531192 203.055489    34.2413      65455         10  0.000e+00
     75.263    -0.6543   2.794850    -0.6543   2.795342    7.49815     0.0650    13.8155 0.0000e+00  -60.61650  -54.53000 1153531192 203.055489    34.2404      65456         10  0.000e+00
     75.282    -0.6543   2.794856    -0.6543   2.795348    7.49817     0.0542    13.8155 0.0000e+00  -60.61650  -54.53000 1153531192 203.055490    34.2404      65457         10  0.000e+00
     75.196    -0.6539   2.794863    -0.6542   2.795347    7.49331     0.0112    13.8155 0.0000e+00  -60.61650  -54.53000 1153531192 203.055490    34.2401      65458         10  0.000e+00
     75.215    -0.6537   2.794843    -0.6548   2.795365    7.49802     0.0327    13.8155 0.0000e+00  -60.61650  -54.53000 1153531193 203.055491    34.2396      65459         10  0.000e+00
     75.263    -0.6542   2.794807    -0.6547   2.795371    7.49347     0.0327    13.8155 0.0000e+00  -60.61650  -54.53000 1153531193 203.055491    34.2396      65460         10  0.000e+00
     75.215    -0.6539   2.794797    -0.6551   2.795371    7.49338     0.0004    13.8155 0.0000e+00  -60.61650  -54.53000 1153531193 203.055492    34.2392      65461         10  0.000e+00
     75.263    -0.6542   2.794863    -0.6545   2.795318    7.49343    -0.0319    13.8155 0.0000e+00  -60.61650  -54.53000 1153531193 203.055492    34.2404      65462         10  0.000e+00
     75.215    -0.6540   2.794902    -0.6538   2.795214    7.49333    -0.0211    13.8155 0.0000e+00  -60.61650  -54.53000 1153531193 203.055493    34.2407      65463         10  0.000e+00
     75.263    -0.6539   2.794909    -0.6536   2.795132    7.49335     0.0112    13.8155 0.0000e+00  -60.61650  -54.53000 1153531193 203.055493    34.2406      65464         10  0.000e+00
     75.282    -0.6539   2.794873    -0.6530   2.795086    7.49340     0.0219    13.8155 0.0000e+00  -60.61650  -54.53000 1153531193 203.055494    34.2401      65465         10  0.000e+00
     75.263    -0.6534   2.794830    -0.6528   2.795057    7.49334     0.0327    13.8155 0.0000e+00  -60.61650  -54.53000 1153531193 203.055494    34.2391      65466         10  0.000e+00
     75.282    -0.6536   2.794820    -0.6530   2.795057    7.49339     0.0112    13.8155 0.0000e+00  -60.61650  -54.53000 1153531193 203.055495    34.2391      65467         10  0.000e+00
     75.617    -0.6496   2.794549    -0.6533   2.794551    7.47925    -0.0319    13.8155 0.0000e+00  -60.61650  -54.53000 1153531195 203.055524    34.2307      65528         11  0.000e+00
     75.569    -0.6497   2.794529    -0.6539   2.794441    7.48393     0.0112    13.8155 0.0000e+00  -60.61650  -54.53000 1153531195 203.055525    34.2306      65529         11  0.000e+00
     75.617    -0.6499   2.794509    -0.6536   2.794458    7.48402     0.0542    13.8155 0.0000e+00  -60.61650  -54.53000 1153531195 203.055525    34.2305      65530         11  0.000e+00
     75.569    -0.6494   2.794555    -0.6527   2.794528    7.47917     0.0542    13.8155 0.0000e+00  -60.61650  -54.53000 1153531195 203.055526    34.2306      65531         11  0.000e+00
     75.684    -0.6492   2.794503    -0.6517   2.794627    7.48400     0.0327    13.8155 0.0000e+00  -60.61650  -54.53000 1153531196 203.055526    34.2296      65532         11  0.000e+00
     75.636    -0.6500   2.794430    -0.6504   2.794720    7.48411     0.0434    13.8155 0.0000e+00  -60.61650  -54.53000 1153531196 203.055527    34.2296      65533         11  0.000e+00
     75.617    -0.6503   2.794364    -0.6490   2.794795    7.48887     0.0004    13.8155 0.0000e+00  -60.61650  -54.53000 1153531196 203.055527    34.2290      65534         11  0.000e+00
     75.703    -0.6510   2.794314    -0.6490   2.794859    7.48909     0.0327    13.8155 0.0000e+00  -60.61650  -54.53000 1153531196 203.055528    34.2290      65535         11  0.000e+00
     75.617    -0.6519   2.794268    -0.6487   2.794888    7.48917     0.0004    13.8155 0.0000e+00  -60.61650  -54.53000 1153531196 203.055528    34.2295      65536         11  0.000e+00
     75.636    -0.6520   2.794275    -0.6488   2.794912    7.48452    -0.0211    13.8155 0.0000e+00  -60.61650  -54.53000 1153531196 203.055529    34.2297      65537         11  0.000e+00
     75.617    -0.6520   2.794261    -0.6496   2.794923    7.47982    -0.0104    13.8155 0.0000e+00  -60.61650  -54.53000 1153531196 203.055529    34.2296      65538         11  0.000e+00
     75.703    -0.6527   2.794275    -0.6494   2.794918    7.48468     0.0327    13.8155 0.0000e+00  -60.61650  -54.53000 1153531196 203.055530    34.2304      65539         11  0.000e+00
     75.617    -0.6517   2.794298    -0.6504   2.794900    7.47975     0.0112    13.8155 0.0000e+00  -60.61650  -54.53000 1153531196 203.055530    34.2297      65540         11  0.000e+00
     75.636    -0.6519   2.794354    -0.6499   2.794871    7.47975     0.0112    13.8155 0.0000e+00  -60.61650  -54.53000 1153531196 203.055530    34.2306      65541         11  0.000e+00
     75.684    -0.6519   2.794351    -0.6498   2.794865    7.48450     0.0112    13.8155 0.0000e+00  -60.61650  -54.53000 1153531196 203.055531    34.2306      65542         11  0.000e+00
     75.636    -0.6511   2.794347    -0.6501   2.794848    7.48433     0.0327    13.8155 0.0000e+00  -60.61650  -54.53000 1153531196 203.055531    34.2297      65543         11  0.000e+00
     75.617    -0.6510   2.794347    -0.6507   2.794842    7.48429     0.0112    13.8155 0.0000e+00  -60.61650  -54.53000 1153531196 203.055532    34.2295      65544         11  0.000e+00
     75.636    -0.6511   2.794347    -0.6505   2.794825    7.48902    -0.0104    13.8155 0.0000e+00  -60.61650  -54.53000 1153531196 203.055532    34.2297      65545         11  0.000e+00
     75.617    -0.6514   2.794327    -0.6504   2.794772    7.48437    -0.0104    13.8155 0.0000e+00  -60.61650  -54.53000 1153531196 203.055533    34.2298      65546         11  0.000e+00
     75.636    -0.6512   2.794341    -0.6507   2.794761    7.48905     0.0434    13.8155 0.0000e+00  -60.61650  -54.53000 1153531196 203.055533    34.2297      65547         11  0.000e+00
