product_data/regression_test/downloaded_data/MDGS/320620060703/ctd/p6617603.ros
* Sea-Bird SBE 9 Data File:
* FileName = D:\Data\Raw\p6617603.dat
* Software Version Seasave Win32 V 5.32
* Temperature SN = 1649
* Conductivity SN = 1431
* Number of Bytes Per Scan = 37
* Number of Voltage Words = 5
* Number of Scans Averaged by the Deck Unit = 1
* NMEA Latitude = 60 36.97 S
* NMEA Longitude = 054 43.19 W
* NMEA UTC (Time) = 07:01:18
** Ship:   Nathaniel B. Palmer 
** Cruise:    NBP0606 
# nquan = 17
# nvalues = 1176                    
# units = specified
# name 0 = prDM: Pressure, Digiquartz [db]
# name 1 = t090C: Temperature [ITS-90, deg C]
# name 2 = c0S/m: Conductivity [S/m]
# name 3 = t190C: Temperature, 2 [ITS-90, deg C]
# name 4 = c1S/m: Conductivity, 2 [S/m]
# name 5 = sbeox0ML/L: Oxygen, SBE 43 [ml/l]
# name 6 = flECO-AFL: Fluorescence, Wetlab ECO-AFL/FL [mg/m^3]
# name 7 = bat: Beam Attenuation, Chelsea/Seatech/Wetlab CStar [1/m]
# name 8 = spar: SPAR/Surface Irradiance
# name 9 = latitude: Latitude [deg]
# name 10 = longitude: Longitude [deg]
# name 11 = timeY: Time, System [seconds]
# name 12 = timeJ: Julian Days
# name 13 = sal00: Salinity [PSU]
# name 14 = scan: scan number
# name 15 = nbf: number of bottles fired
# name 16 = flag:  0.000e+00
# interval = seconds: 0.0416667                   
# start_time = Jul 21 2006 07:01:26
*END*
[from data line 1107]
     50.846    -0.6359   2.791859    -0.6336   2.792313    7.57020     0.2586    13.8155 0.0000e+00  -60.61617  -54.71983 1153465617 202.296523    34.1942       8008         23  0.000e+00
     50.846    -0.6345   2.791925    -0.6332   2.792342    7.56994     0.2371    13.8155 0.0000e+00  -60.61617  -54.71983 1153465617 202.296524    34.1935       8009         23  0.000e+00
     50.913    -0.6339   2.791994    -0.6327   2.792354    7.57454     0.2479    13.8155 0.0000e+00  -60.61617  -54.71983 1153465618 202.296524    34.1937       8010         23  0.000e+00
     50.770    -0.6339   2.791991    -0.6332   2.792337    7.56972     0.2801    13.8155 0.0000e+00  -60.61617  -54.71983 1153465618 202.296525    34.1938       8011         23  0.000e+00
     50.846    -0.6341   2.791955    -0.6332   2.792331    7.56985     0.2909    13.8155 0.0000e+00  -60.61617  -54.71983 1153465618 202.296525    34.1934       8012         23  0.000e+00
     50.846    -0.6338   2.791908    -0.6335   2.792302    7.56984     0.2801    13.8155 0.0000e+00  -60.61617  -54.71983 1153465618 202.296526    34.1925       8013         23  0.000e+00
     50.770    -0.6342   2.791915    -0.6336   2.792261    7.57450     0.2694    13.8155 0.0000e+00  -60.61617  -54.71983 1153465618 202.296526    34.1931       8014         23  0.000e+00
     50.770    -0.6339   2.791885    -0.6336   2.792267    7.57447     0.2801    13.8155 0.0000e+00  -60.61617  -54.71983 1153465618 202.296527    34.1923       8015         23  0.000e+00
     50.770    -0.6341   2.791875    -0.6333   2.792273    7.57450     0.3017    13.8155 0.0000e+00  -60.61617  -54.71983 1153465618 202.296527    34.1924       8016         23  0.000e+00
     50.703    -0.6347   2.791855    -0.6341   2.792238    7.57454     0.3017    13.8155 0.0000e+00  -60.61617  -54.71983 1153465618 202.296528    34.1929       8017         23  0.000e+00
     50.770    -0.6348   2.791836    -0.6336   2.792203    7.57465     0.2586    13.8155 0.0000e+00  -60.61617  -54.71983 1153465618 202.296528    34.1927       8018         23  0.000e+00
     50.703    -0.6347   2.791898    -0.6344   2.792232    7.57451     0.2909    13.8155 0.0000e+00  -60.61617  -54.71983 1153465618 202.296529    34.1934       8019         23  0.000e+00
     50.703    -0.6338   2.791951    -0.6336   2.792267    7.57434     0.3017    13.8155 0.0000e+00  -60.61617  -54.71983 1153465618 202.296529    34.1931       8020         23  0.000e+00
     50.703    -0.6333   2.791997    -0.6332   2.792296    7.57423     0.3124    13.8155 0.0000e+00  -60.61617  -54.71983 1153465618 202.296530    34.1932       8021         23  0.000e+00
     50.637    -0.6333   2.792011    -0.6325   2.792337    7.57415     0.2694    13.8155 0.0000e+00  -60.61617  -54.71983 1153465618 202.296530    34.1934       8022         23  0.000e+00
     50.560    -0.6334   2.791961    -0.6327   2.792354    7.56945     0.2371    13.8155 0.0000e+00  -60.61617  -54.71983 1153465618 202.296531    34.1930       8023         23  0.000e+00
     50.770    -0.6341   2.791908    -0.6329   2.792337    7.57448     0.2263    13.8155 0.0000e+00  -60.61617  -54.71983 1153465618 202.296531    34.1928       8024         23  0.000e+00
     50.637    -0.6337   2.791898    -0.6332   2.792290    7.56962     0.2048    13.8155 0.0000e+00  -60.61617  -54.71983 1153465618 202.296532    34.1924       8025         23  0.000e+00
     50.560    -0.6345   2.791879    -0.6336   2.792273    7.57435     0.2694    13.8155 0.0000e+00  -60.61617  -54.71983 1153465618 202.296532    34.1931       8026         23  0.000e+00
     50.637    -0.6347   2.791842    -0.6344   2.792215    7.56980     0.3232    13.8155 0.0000e+00  -60.61617  -54.71983 1153465618 202.296533    34.1927       8027         23  0.000e+00
     50.141    -0.6412   2.791241    -0.6394   2.791703    7.57068     0.2909    13.8155 0.0000e+00  -60.61617  -54.71983 1153465623 202.296591    34.1923       8149         24  0.000e+00
     50.427    -0.6413   2.791231    -0.6395   2.791721    7.57102     0.2909    13.8155 0.0000e+00  -60.61617  -54.71983 1153465623 202.296592    34.1922       8150         24  0.000e+00
     50.074    -0.6407   2.791307    -0.6401   2.791651    7.57050     0.3124    13.8155 0.0000e+00  -60.61617  -54.71983 1153465623 202.296592    34.1927       8151         24  0.000e+00
     50.284    -0.6399   2.791370    -0.6409   2.791616    7.57056     0.2801    13.8155 0.0000e+00  -60.61617  -54.71983 1153465623 202.296593    34.1925       8152         24  0.000e+00
     50.284    -0.6393   2.791333    -0.6409   2.791593    7.57049     0.2694    13.8155 0.0000e+00  -60.61617  -54.71983 1153465624 202.296593    34.1913       8153         24  0.000e+00
     50.284    -0.6399   2.791317    -0.6409   2.791581    7.57059     0.2801    13.8155 0.0000e+00  -60.61617  -54.71983 1153465624 202.296594    34.1918       8154         24  0.000e+00
     50.284    -0.6403   2.791281    -0.6394   2.791686    7.57067     0.3232    13.8155 0.0000e+00  -60.61617  -54.71983 1153465624 202.296594    34.1917       8155         24  0.000e+00
     50.284    -0.6406   2.791201    -0.6384   2.791773    7.57077     0.2909    13.8155 0.0000e+00  -60.61617  -54.71983 1153465624 202.296595    34.1910       8156         24  0.000e+00
     50.284    -0.6406   2.791247    -0.6386   2.791849    7.57074     0.2801    13.8155 0.0000e+00  -60.61617  -54.71983 1153465624 202.296595    34.1916       8157         24  0.000e+00
     50.350    -0.6399   2.791320    -0.6376   2.791872    7.57066     0.2479    13.8155 0.0000e+00  -60.61617  -54.71983 1153465624 202.296596    34.1918       8158         24  0.000e+00
     50.350    -0.6393   2.791370    -0.6375   2.791912    7.57053     0.2694    13.8155 0.0000e+00  -60.61617  -54.71983 1153465624 202.296596    34.1918       8159         24  0.000e+00
     50.284    -0.6395   2.791247    -0.6373   2.791930    7.57057     0.3017    13.8155 0.0000e+00  -60.61617  -54.71983 1153465624 202.296597    34.1904       8160         24  0.000e+00
     50.350    -0.6399   2.791102    -0.6374   2.791930    7.57081     0.3447    13.8155 0.0000e+00  -60.61617  -54.71983 1153465624 202.296597    34.1889       8161         24  0.000e+00
     50.427    -0.6417   2.791016    -0.6379   2.791849    7.57122     0.3339    13.8155 0.0000e+00  -60.61617  -54.71983 1153465624 202.296598    34.1896       8162         24  0.000e+00
     50.350    -0.6426   2.791099    -0.6381   2.791785    7.57122     0.3017    13.8155 0.0000e+00  -60.61617  -54.71983 1153465624 202.296598    34.1918       8163         24  0.000e+00
     50.350    -0.6429   2.791135    -0.6387   2.791825    7.57124     0.2694    13.8155 0.0000e+00  -60.61617  -54.71983 1153465624 202.296599    34.1927       8164         24  0.000e+00
     50.427    -0.6423   2.791053    -0.6369   2.791930    7.57128     0.2694    13.8155 0.0000e+00  -60.61617  -54.71983 1153465624 202.296599    34.1908       8165         24  0.000e+00
     50.427    -0.6435   2.791006    -0.6341   2.792116    7.57150     0.2479    13.8155 0.0000e+00  -60.61617  -54.71983 1153465624 202.296600    34.1916       8166         24  0.000e+00
     50.350    -0.6432   2.791102    -0.6352   2.792168    7.57131     0.2479    13.8155 0.0000e+00  -60.61617  -54.71983 1153465624 202.296600    34.1926       8167         24  0.000e+00
     50.427    -0.6418   2.791271    -0.6382   2.791947    7.57106     0.2801    13.8155 0.0000e+00  -60.61617  -54.71983 1153465624 202.296601    34.1932       8168         24  0.000e+00
     50.427    -0.6404   2.791416    -0.6396   2.791738    7.57542     0.2909    13.8155 0.0000e+00  -60.61617  -54.71983 1153465624 202.296601    34.1936       8169         24  0.000e+00
     50.494    -0.6399   2.791466    -0.6402   2.791645    7.57539     0.2909    13.8155 0.0000e+00  -60.61617  -54.71983 1153465624 202.296602    34.1937       8170         24  0.000e+00
     50.427    -0.6395   2.791472    -0.6386   2.791697    7.57524     0.2801    13.8155 0.0000e+00  -60.61617  -54.71983 1153465624 202.296602    34.1933       8171         24  0.000e+00
     50.494    -0.6393   2.791472    -0.6379   2.791860    7.57061     0.2801    13.8155 0.0000e+00  -60.61617  -54.71983 1153465624 202.296603    34.1931       8172         24  0.000e+00
     50.427    -0.6385   2.791489    -0.6378   2.791924    7.57041     0.2801    13.8155 0.0000e+00  -60.61617  -54.71983 1153465624 202.296603    34.1925       8173         24  0.000e+00
     50.494    -0.6384   2.791495    -0.6385   2.791849    7.57046     0.3017    13.8155 0.0000e+00  -60.61617  -54.71983 1153465624 202.296603    34.1923       8174         24  0.000e+00
     50.494    -0.6385   2.791545    -0.6387   2.791843    7.57512     0.3339    13.8155 0.0000e+00  -60.61617  -54.71983 1153465624 202.296604    34.1932       8175         24  0.000e+00
     50.494    -0.6382   2.791578    -0.6382   2.791866    7.57038     0.3017    13.8155 0.0000e+00  -60.61617  -54.71983 1153465624 202.296604    34.1933       8176         24  0.000e+00
     50.494    -0.6375   2.791618    -0.6367   2.791994    7.57491     0.3017    13.8155 0.0000e+00  -60.61617  -54.71983 1153465624 202.296605    34.1930       8177         24  0.000e+00
     50.560    -0.6373   2.791545    -0.6358   2.792075    7.57033     0.2694    13.8155 0.0000e+00  -60.61617  -54.71983 1153465625 202.296605    34.1918       8178         24  0.000e+00
     50.494    -0.6389   2.791416    -0.6347   2.792127    7.57058     0.2156    13.8155 0.0000e+00  -60.61617  -54.71983 1153465625 202.296606    34.1918       8179         24  0.000e+00
     50.560    -0.6406   2.791264    -0.6356   2.792098    7.57102     0.2801    13.8155 0.0000e+00  -60.61617  -54.71983 1153465625 202.296606    34.1916       8180         24  0.000e+00
     50.494    -0.6413   2.791158    -0.6368   2.791988    7.57581     0.2909    13.8155 0.0000e+00  -60.61617  -54.71983 1153465625 202.296607    34.1911       8181         24  0.000e+00
     50.560    -0.6418   2.791135    -0.6375   2.791918    7.57129     0.2586    13.8155 0.0000e+00  -60.61617  -54.71983 1153465625 202.296607    34.1913       8182         24  0.000e+00
     50.560    -0.6423   2.791165    -0.6378   2.791878    7.57134     0.2909    13.8155 0.0000e+00  -60.61617  -54.71983 1153465625 202.296608    34.1922       8183         24  0.000e+00
     50.560    -0.6415   2.791314    -0.6370   2.791895    7.57112     0.2801    13.8155 0.0000e+00  -60.61617  -54.71983 1153465625 202.296608    34.1934       8184         24  0.000e+00
     50.560    -0.6398   2.791561    -0.6373   2.791907    7.57069     0.3017    13.8155 0.0000e+00  -60.61617  -54.71983 1153465625 202.296609    34.1948       8185         24  0.000e+00
     50.560    -0.6382   2.791697    -0.6375   2.791901    7.57036     0.3124    13.8155 0.0000e+00  -60.61617  -54.71983 1153465625 202.296609    34.1949       8186         24  0.000e+00
     50.637    -0.6370   2.791700    -0.6374   2.791942    7.57025     0.3124    13.8155 0.0000e+00  -60.61617  -54.71983 1153465625 202.296610    34.1934       8187         24  0.000e+00
     50.560    -0.6366   2.791594    -0.6367   2.791976    7.57486     0.3017    13.8155 0.0000e+00  -60.61617  -54.71983 1153465625 202.296610    34.1916       8188         24  0.000e+00
     50.560    -0.6375   2.791459    -0.6362   2.792040    7.57509     0.3124    13.8155 0.0000e+00  -60.61617  -54.71983 1153465625 202.296611    34.1908       8189         24  0.000e+00
     50.637    -0.6393   2.791307    -0.6364   2.792040    7.57555     0.2586    13.8155 0.0000e+00  -60.61617  -54.71983 1153465625 202.296611    34.1907       8190         24  0.000e+00
     50.637    -0.6407   2.791201    -0.6367   2.792058    7.57116     0.2479    13.8155 0.0000e+00  -60.61617  -54.71983 1153465625 202.296612    34.1909       8191         24  0.000e+00
     50.560    -0.6418   2.791162    -0.6366   2.791976    7.57128     0.2479    13.8155 0.0000e+00  -60.61617  -54.71983 1153465625 202.296612    34.1917       8192         24  0.000e+00
     50.637    -0.6419   2.791125    -0.6370   2.791953    7.57140     0.2801    13.8155 0.0000e+00  -60.61617  -54.71983 1153465625 202.296613    34.1913       8193         24  0.000e+00
     50.637    -0.6426   2.791115    -0.6368   2.791994    7.57151     0.2909    13.8155 0.0000e+00  -60.61617  -54.71983 1153465625 202.296613    34.1919       8194         24  0.000e+00
     50.560    -0.6421   2.791079    -0.6370   2.791994    7.57138     0.2479    13.8155 0.0000e+00  -60.61617  -54.71983 1153465625 202.296614    34.1909       8195         24  0.000e+00
     50.770    -0.6424   2.791049    -0.6353   2.792058    7.57167     0.2801    13.8155 0.0000e+00  -60.61617  -54.71983 1153465625 202.296614    34.1907       8196         24  0.000e+00
     50.637    -0.6434   2.791010    -0.6349   2.792151    7.57637     0.3017    13.8155 0.0000e+00  -60.61617  -54.71983 1153465625 202.296615    34.1913       8197         24  0.000e+00
