product_data/regression_test/downloaded_data/MDGS/320620060703/ctd/p6611201.cnv
* Sea-Bird SBE 9 Data File:
* FileName = D:\Data\Raw\p6611201.dat
* Software Version Seasave Win32 V 5.32
* Temperature SN = 1649
* Conductivity SN = 1431
* Number of Bytes Per Scan = 37
* Number of Voltage Words = 5
* Number of Scans Averaged by the Deck Unit = 1
* NMEA Latitude = 61 26.98 S
* NMEA Longitude = 054 52.56 W
* NMEA UTC (Time) = 06:14:49
** Ship:   Nathaniel B. Palmer 
** Cruise:    NBP0606 
# nquan = 15
# nvalues = 891                         
# units = specified
# name 0 = prDM: Pressure, Digiquartz [db]
# name 1 = t090C: Temperature [ITS-90, deg C]
# name 2 = c0S/m: Conductivity [S/m]
# name 3 = t190C: Temperature, 2 [ITS-90, deg C]
# name 4 = c1S/m: Conductivity, 2 [S/m]
# name 5 = sbeox0ML/L: Oxygen, SBE 43 [ml/l]
# name 6 = flECO-AFL: Fluorescence, Wetlab ECO-AFL/FL [mg/m^3]
# name 7 = bat: Beam Attenuation, Chelsea/Seatech/Wetlab CStar [1/m]
# name 8 = spar: SPAR/Surface Irradiance
# name 9 = latitude: Latitude [deg]
# name 10 = longitude: Longitude [deg]
# name 11 = timeY: Time, System [seconds]
# name 12 = timeJ: Julian Days
# name 13 = sal00: Salinity [PSU]
# name 14 = flag: flag
# span 0 =     12.000,    902.000       
# span 1 =    -1.1033,    -0.4229       
# span 2 =   2.750949,   2.854448       
# span 3 =    -1.1057,    -0.4224       
# span 4 =   2.751773,   2.854909       
# span 5 =    6.38409,    7.66393       
# span 6 =    -0.1201,     0.1225       
# span 7 =    13.8155,    13.8155       
# span 8 = 0.0000e+00, 0.0000e+00       
# span 9 =  -61.44967,  -61.44967       
# span 10 =  -54.87600,  -54.87600      
# span 11 = 1152857696, 1152859015      
# span 12 = 195.260388, 195.275660      
# span 13 =    34.1932,    34.5358      
# span 14 = 0.0000e+00, 0.0000e+00      
# interval = decibars: 1                
# start_time = Jul 14 2006 06:14:57
# bad_flag = -9.990e-29
*END*
[from data line 675]
    687.000    -0.6016   2.848062    -0.6016   2.848526    6.42460    -0.1013    13.8155 0.0000e+00  -61.44967  -54.87600 1152858670 195.271669    34.5260 0.0000e+00
    688.000    -0.6015   2.848104    -0.6013   2.848579    6.42270    -0.0899    13.8155 0.0000e+00  -61.44967  -54.87600 1152858671 195.271677    34.5260 0.0000e+00
    689.000    -0.6008   2.848185    -0.6009   2.848650    6.42158    -0.0739    13.8155 0.0000e+00  -61.44967  -54.87600 1152858671 195.271684    34.5257 0.0000e+00
    690.000    -0.6006   2.848235    -0.6016   2.848638    6.42241    -0.0991    13.8155 0.0000e+00  -61.44967  -54.87600 1152858673 195.271698    34.5256 0.0000e+00
    691.000    -0.6011   2.848289    -0.6011   2.848732    6.42641    -0.0980    13.8155 0.0000e+00  -61.44967  -54.87600 1152858677 195.271749    34.5260 0.0000e+00
    692.000    -0.6026   2.848212    -0.6027   2.848648    6.42629    -0.0776    13.8155 0.0000e+00  -61.44967  -54.87600 1152858678 195.271757    34.5261 0.0000e+00
    693.000    -0.6061   2.848003    -0.6056   2.848496    6.42480    -0.0819    13.8155 0.0000e+00  -61.44967  -54.87600 1152858678 195.271765    34.5269 0.0000e+00
    694.000    -0.6070   2.847952    -0.6074   2.848404    6.42431    -0.0994    13.8155 0.0000e+00  -61.44967  -54.87600 1152858679 195.271772    34.5266 0.0000e+00
    695.000    -0.6093   2.847853    -0.6091   2.848326    6.42462    -0.0915    13.8155 0.0000e+00  -61.44967  -54.87600 1152858680 195.271780    34.5274 0.0000e+00
    696.000    -0.6095   2.847891    -0.6089   2.848370    6.42450    -0.0985    13.8155 0.0000e+00  -61.44967  -54.87600 1152858682 195.271802    34.5274 0.0000e+00
    697.000    -0.6084   2.848030    -0.6077   2.848511    6.42432    -0.0941    13.8155 0.0000e+00  -61.44967  -54.87600 1152858684 195.271830    34.5274 0.0000e+00
    698.000    -0.6102   2.847913    -0.6100   2.848404    6.42470    -0.0992    13.8155 0.0000e+00  -61.44967  -54.87600 1152858685 195.271840    34.5273 0.0000e+00
    699.000    -0.6117   2.847844    -0.6114   2.848323    6.42491    -0.0841    13.8155 0.0000e+00  -61.44967  -54.87600 1152858686 195.271850    34.5276 0.0000e+00
    700.000    -0.6113   2.847906    -0.6106   2.848432    6.42520    -0.1129    13.8155 0.0000e+00  -61.44967  -54.87600 1152858687 195.271860    34.5274 0.0000e+00
    701.000    -0.6124   2.847869    -0.6121   2.848348    6.42561    -0.1041    13.8155 0.0000e+00  -61.44967  -54.87600 1152858688 195.271871    34.5274 0.0000e+00
    702.000    -0.6133   2.847838    -0.6130   2.848299    6.42571    -0.1009    13.8155 0.0000e+00  -61.44967  -54.87600 1152858689 195.271891    34.5275 0.0000e+00
    703.000    -0.6131   2.847895    -0.6130   2.848364    6.42691    -0.0901    13.8155 0.0000e+00  -61.44967  -54.87600 1152858692 195.271919    34.5274 0.0000e+00
    704.000    -0.6128   2.847979    -0.6128   2.848420    6.42961    -0.1158    13.8155 0.0000e+00  -61.44967  -54.87600 1152858693 195.271937    34.5275 0.0000e+00
    705.000    -0.6139   2.847939    -0.6136   2.848415    6.42982    -0.0912    13.8155 0.0000e+00  -61.44967  -54.87600 1152858695 195.271951    34.5277 0.0000e+00
    706.000    -0.6137   2.847999    -0.6133   2.848481    6.43030    -0.0961    13.8155 0.0000e+00  -61.44967  -54.87600 1152858695 195.271962    34.5277 0.0000e+00
    707.000    -0.6129   2.848114    -0.6126   2.848593    6.42874    -0.0990    13.8155 0.0000e+00  -61.44967  -54.87600 1152858696 195.271972    34.5276 0.0000e+00
    708.000    -0.6132   2.848124    -0.6125   2.848643    6.42748    -0.0906    13.8155 0.0000e+00  -61.44967  -54.87600 1152858697 195.271981    34.5275 0.0000e+00
    709.000    -0.6144   2.848064    -0.6141   2.848550    6.42526    -0.0950    13.8155 0.0000e+00  -61.44967  -54.87600 1152858698 195.271990    34.5276 0.0000e+00
    710.000    -0.6156   2.848010    -0.6152   2.848496    6.42335    -0.1028    13.8155 0.0000e+00  -61.44967  -54.87600 1152858699 195.272001    34.5276 0.0000e+00
    711.000    -0.6156   2.848067    -0.6150   2.848562    6.42278    -0.1021    13.8155 0.0000e+00  -61.44967  -54.87600 1152858700 195.272017    34.5278 0.0000e+00
    712.000    -0.6145   2.848202    -0.6146   2.848640    6.42723    -0.1009    13.8155 0.0000e+00  -61.44967  -54.87600 1152858704 195.272061    34.5276 0.0000e+00
    713.000    -0.6148   2.848244    -0.6143   2.848715    6.43201    -0.0970    13.8155 0.0000e+00  -61.44967  -54.87600 1152858706 195.272085    34.5279 0.0000e+00
    714.000    -0.6135   2.848404    -0.6130   2.848880    6.43377    -0.0836    13.8155 0.0000e+00  -61.44967  -54.87600 1152858707 195.272093    34.5281 0.0000e+00
    715.000    -0.6126   2.848525    -0.6125   2.848987    6.43099    -0.1008    13.8155 0.0000e+00  -61.44967  -54.87600 1152858708 195.272101    34.5280 0.0000e+00
    716.000    -0.6122   2.848583    -0.6122   2.849044    6.42956    -0.0913    13.8155 0.0000e+00  -61.44967  -54.87600 1152858708 195.272108    34.5277 0.0000e+00
    717.000    -0.6123   2.848610    -0.6123   2.849081    6.42746    -0.0764    13.8155 0.0000e+00  -61.44967  -54.87600 1152858709 195.272115    34.5277 0.0000e+00
    718.000    -0.6123   2.848637    -0.6126   2.849112    6.42588    -0.1026    13.8155 0.0000e+00  -61.44967  -54.87600 1152858709 195.272122    34.5274 0.0000e+00
    719.000    -0.6119   2.848693    -0.6124   2.849153    6.42540    -0.1059    13.8155 0.0000e+00  -61.44967  -54.87600 1152858710 195.272128    34.5272 0.0000e+00
    720.000    -0.6124   2.848734    -0.6122   2.849189    6.42703    -0.0906    13.8155 0.0000e+00  -61.44967  -54.87600 1152858713 195.272163    34.5276 0.0000e+00
    721.000    -0.6124   2.848766    -0.6123   2.849225    6.42959    -0.0854    13.8155 0.0000e+00  -61.44967  -54.87600 1152858716 195.272196    34.5275 0.0000e+00
    722.000    -0.6128   2.848798    -0.6126   2.849265    6.43134    -0.0923    13.8155 0.0000e+00  -61.44967  -54.87600 1152858717 195.272213    34.5278 0.0000e+00
    723.000    -0.6131   2.848826    -0.6128   2.849294    6.42861    -0.1032    13.8155 0.0000e+00  -61.44967  -54.87600 1152858718 195.272225    34.5280 0.0000e+00
    724.000    -0.6132   2.848852    -0.6129   2.849328    6.42733    -0.0828    13.8155 0.0000e+00  -61.44967  -54.87600 1152858719 195.272235    34.5279 0.0000e+00
    725.000    -0.6133   2.848886    -0.6131   2.849351    6.42415    -0.0902    13.8155 0.0000e+00  -61.44967  -54.87600 1152858720 195.272243    34.5278 0.0000e+00
    726.000    -0.6130   2.848964    -0.6130   2.849430    6.42313    -0.1081    13.8155 0.0000e+00  -61.44967  -54.87600 1152858720 195.272251    34.5280 0.0000e+00
    727.000    -0.6127   2.849048    -0.6125   2.849510    6.42352    -0.0992    13.8155 0.0000e+00  -61.44967  -54.87600 1152858721 195.272260    34.5281 0.0000e+00
    728.000    -0.6130   2.849074    -0.6127   2.849542    6.42332    -0.0984    13.8155 0.0000e+00  -61.44967  -54.87600 1152858722 195.272270    34.5282 0.0000e+00
    729.000    -0.6131   2.849113    -0.6128   2.849576    6.42083    -0.1019    13.8155 0.0000e+00  -61.44967  -54.87600 1152858725 195.272298    34.5282 0.0000e+00
    730.000    -0.6129   2.849159    -0.6126   2.849617    6.42697    -0.0973    13.8155 0.0000e+00  -61.44967  -54.87600 1152858727 195.272328    34.5280 0.0000e+00
    731.000    -0.6133   2.849189    -0.6130   2.849645    6.42834    -0.0988    13.8155 0.0000e+00  -61.44967  -54.87600 1152858728 195.272343    34.5283 0.0000e+00
    732.000    -0.6132   2.849237    -0.6131   2.849704    6.42874    -0.0945    13.8155 0.0000e+00  -61.44967  -54.87600 1152858729 195.272355    34.5283 0.0000e+00
    733.000    -0.6132   2.849284    -0.6130   2.849749    6.42824    -0.0881    13.8155 0.0000e+00  -61.44967  -54.87600 1152858730 195.272366    34.5283 0.0000e+00
    734.000    -0.6133   2.849324    -0.6130   2.849799    6.42656    -0.0960    13.8155 0.0000e+00  -61.44967  -54.87600 1152858731 195.272376    34.5284 0.0000e+00
    735.000    -0.6133   2.849363    -0.6130   2.849831    6.42437    -0.1134    13.8155 0.0000e+00  -61.44967  -54.87600 1152858732 195.272386    34.5282 0.0000e+00
    736.000    -0.6133   2.849410    -0.6130   2.849881    6.42155    -0.0903    13.8155 0.0000e+00  -61.44967  -54.87600 1152858733 195.272399    34.5283 0.0000e+00
    737.000    -0.6134   2.849450    -0.6131   2.849920    6.42493    -0.0870    13.8155 0.0000e+00  -61.44967  -54.87600 1152858735 195.272423    34.5283 0.0000e+00
    738.000    -0.6126   2.849572    -0.6123   2.850046    6.42771    -0.0950    13.8155 0.0000e+00  -61.44967  -54.87600 1152858737 195.272440    34.5285 0.0000e+00
    739.000    -0.6125   2.849626    -0.6123   2.850087    6.42808    -0.0880    13.8155 0.0000e+00  -61.44967  -54.87600 1152858738 195.272451    34.5285 0.0000e+00
    740.000    -0.6123   2.849680    -0.6121   2.850145    6.42730    -0.0981    13.8155 0.0000e+00  -61.44967  -54.87600 1152858739 195.272461    34.5284 0.0000e+00
    741.000    -0.6123   2.849726    -0.6121   2.850188    6.42740    -0.1086    13.8155 0.0000e+00  -61.44967  -54.87600 1152858740 195.272481    34.5285 0.0000e+00
    742.000    -0.6123   2.849775    -0.6121   2.850245    6.42832    -0.0883    13.8155 0.0000e+00  -61.44967  -54.87600 1152858743 195.272512    34.5286 0.0000e+00
    743.000    -0.6122   2.849833    -0.6120   2.850291    6.42748    -0.1030    13.8155 0.0000e+00  -61.44967  -54.87600 1152858744 195.272522    34.5286 0.0000e+00
    744.000    -0.6124   2.849860    -0.6124   2.850325    6.42536    -0.0851    13.8155 0.0000e+00  -61.44967  -54.87600 1152858745 195.272531    34.5286 0.0000e+00
    745.000    -0.6122   2.849913    -0.6120   2.850370    6.42372    -0.0800    13.8155 0.0000e+00  -61.44967  -54.87600 1152858745 195.272539    34.5285 0.0000e+00
    746.000    -0.6123   2.849938    -0.6122   2.850403    6.42506    -0.1026    13.8155 0.0000e+00  -61.44967  -54.87600 1152858746 195.272548    34.5284 0.0000e+00
    747.000    -0.6126   2.849985    -0.6121   2.850456    6.43007    -0.0932    13.8155 0.0000e+00  -61.44967  -54.87600 1152858749 195.272579    34.5287 0.0000e+00
    748.000    -0.6122   2.850053    -0.6119   2.850519    6.43220    -0.0988    13.8155 0.0000e+00  -61.44967  -54.87600 1152858750 195.272596    34.5286 0.0000e+00
    749.000    -0.6123   2.850082    -0.6121   2.850547    6.43286    -0.0865    13.8155 0.0000e+00  -61.44967  -54.87600 1152858751 195.272606    34.5285 0.0000e+00
    750.000    -0.6123   2.850127    -0.6122   2.850587    6.43357    -0.1020    13.8155 0.0000e+00  -61.44967  -54.87600 1152858752 195.272616    34.5285 0.0000e+00
    751.000    -0.6123   2.850169    -0.6121   2.850636    6.43306    -0.0897    13.8155 0.0000e+00  -61.44967  -54.87600 1152858753 195.272630    34.5285 0.0000e+00
    752.000    -0.6130   2.850163    -0.6128   2.850618    6.43092    -0.0916    13.8155 0.0000e+00  -61.44967  -54.87600 1152858755 195.272650    34.5286 0.0000e+00
    753.000    -0.6167   2.849912    -0.6167   2.850367    6.43020    -0.0912    13.8155 0.0000e+00  -61.44967  -54.87600 1152858756 195.272665    34.5290 0.0000e+00
    754.000    -0.6182   2.849845    -0.6183   2.850296    6.42929    -0.0928    13.8155 0.0000e+00  -61.44967  -54.87600 1152858757 195.272678    34.5292 0.0000e+00
    755.000    -0.6191   2.849824    -0.6189   2.850290    6.42851    -0.1144    13.8155 0.0000e+00  -61.44967  -54.87600 1152858759 195.272694    34.5293 0.0000e+00
    756.000    -0.6189   2.849887    -0.6188   2.850337    6.43035    -0.0949    13.8155 0.0000e+00  -61.44967  -54.87600 1152858761 195.272715    34.5294 0.0000e+00
    757.000    -0.6194   2.849884    -0.6192   2.850353    6.43145    -0.1091    13.8155 0.0000e+00  -61.44967  -54.87600 1152858762 195.272730    34.5293 0.0000e+00
    758.000    -0.6190   2.849963    -0.6187   2.850433    6.43178    -0.0901    13.8155 0.0000e+00  -61.44967  -54.87600 1152858763 195.272743    34.5293 0.0000e+00
    759.000    -0.6192   2.849998    -0.6188   2.850474    6.43193    -0.0935    13.8155 0.0000e+00  -61.44967  -54.87600 1152858764 195.272754    34.5293 0.0000e+00
    760.000    -0.6197   2.850031    -0.6194   2.850492    6.43225    -0.0932    13.8155 0.0000e+00  -61.44967  -54.87600 1152858765 195.272763    34.5298 0.0000e+00
    761.000    -0.6196   2.850091    -0.6195   2.850548    6.43138    -0.0923    13.8155 0.0000e+00  -61.44967  -54.87600 1152858766 195.272774    34.5299 0.0000e+00
    762.000    -0.6196   2.850135    -0.6193   2.850597    6.42859    -0.1011    13.8155 0.0000e+00  -61.44967  -54.87600 1152858767 195.272795    34.5299 0.0000e+00
    763.000    -0.6193   2.850175    -0.6191   2.850641    6.42672    -0.0987    13.8155 0.0000e+00  -61.44967  -54.87600 1152858770 195.272821    34.5295 0.0000e+00
    764.000    -0.6196   2.850197    -0.6193   2.850660    6.42576    -0.0885    13.8155 0.0000e+00  -61.44967  -54.87600 1152858771 195.272833    34.5295 0.0000e+00
    765.000    -0.6197   2.850218    -0.6196   2.850669    6.42590    -0.0950    13.8155 0.0000e+00  -61.44967  -54.87600 1152858772 195.272844    34.5294 0.0000e+00
    766.000    -0.6195   2.850285    -0.6197   2.850711    6.42506    -0.0979    13.8155 0.0000e+00  -61.44967  -54.87600 1152858773 195.272862    34.5294 0.0000e+00
    767.000    -0.6195   2.850332    -0.6194   2.850791    6.42713    -0.0969    13.8155 0.0000e+00  -61.44967  -54.87600 1152858775 195.272882    34.5294 0.0000e+00
    768.000    -0.6198   2.850347    -0.6196   2.850810    6.42783    -0.0808    13.8155 0.0000e+00  -61.44967  -54.87600 1152858776 195.272895    34.5293 0.0000e+00
    769.000    -0.6196   2.850439    -0.6195   2.850895    6.42865    -0.1050    13.8155 0.0000e+00  -61.44967  -54.87600 1152858777 195.272905    34.5298 0.0000e+00
    770.000    -0.6194   2.850506    -0.6192   2.850973    6.42941    -0.0987    13.8155 0.0000e+00  -61.44967  -54.87600 1152858778 195.272916    34.5299 0.0000e+00
    771.000    -0.6195   2.850547    -0.6192   2.851008    6.42914    -0.1060    13.8155 0.0000e+00  -61.44967  -54.87600 1152858779 195.272930    34.5299 0.0000e+00
    772.000    -0.6194   2.850600    -0.6192   2.851057    6.42831    -0.0809    13.8155 0.0000e+00  -61.44967  -54.87600 1152858781 195.272950    34.5299 0.0000e+00
    773.000    -0.6195   2.850633    -0.6192   2.851105    6.42763    -0.1072    13.8155 0.0000e+00  -61.44967  -54.87600 1152858782 195.272964    34.5299 0.0000e+00
    774.000    -0.6196   2.850671    -0.6193   2.851142    6.42930    -0.0769    13.8155 0.0000e+00  -61.44967  -54.87600 1152858783 195.272977    34.5299 0.0000e+00
    775.000    -0.6194   2.850731    -0.6192   2.851192    6.43046    -0.0861    13.8155 0.0000e+00  -61.44967  -54.87600 1152858785 195.272995    34.5299 0.0000e+00
    776.000    -0.6194   2.850779    -0.6192   2.851244    6.43216    -0.1058    13.8155 0.0000e+00  -61.44967  -54.87600 1152858787 195.273018    34.5300 0.0000e+00
    777.000    -0.6192   2.850846    -0.6191   2.851300    6.43419    -0.0959    13.8155 0.0000e+00  -61.44967  -54.87600 1152858788 195.273032    34.5301 0.0000e+00
    778.000    -0.6191   2.850895    -0.6190   2.851350    6.43360    -0.1040    13.8155 0.0000e+00  -61.44967  -54.87600 1152858789 195.273044    34.5300 0.0000e+00
    779.000    -0.6192   2.850940    -0.6189   2.851401    6.43209    -0.0891    13.8155 0.0000e+00  -61.44967  -54.87600 1152858790 195.273055    34.5301 0.0000e+00
    780.000    -0.6191   2.850976    -0.6190   2.851441    6.42910    -0.0877    13.8155 0.0000e+00  -61.44967  -54.87600 1152858791 195.273067    34.5299 0.0000e+00
    781.000    -0.6191   2.851026    -0.6189   2.851485    6.42971    -0.0985    13.8155 0.0000e+00  -61.44967  -54.87600 1152858793 195.273088    34.5300 0.0000e+00
    782.000    -0.6191   2.851070    -0.6191   2.851531    6.43204    -0.0956    13.8155 0.0000e+00  -61.44967  -54.87600 1152858795 195.273112    34.5300 0.0000e+00
