product_data/regression_test/downloaded_data/MDGS/320620060703/ctd/p6617201.ros
* Sea-Bird SBE 9 Data File:
* FileName = D:\Data\Raw\p6617201.dat
* Software Version Seasave Win32 V 5.32
* Temperature SN = 1649
* Conductivity SN = 1431
* Number of Bytes Per Scan = 37
* Number of Voltage Words = 5
* Number of Scans Averaged by the Deck Unit = 1
* NMEA Latitude = 60 36.98 S
* NMEA Longitude = 055 11.63 W
* NMEA UTC (Time) = 16:04:08
** Ship:   Nathaniel B. Palmer 
** Cruise:    NBP0606 
# nquan = 17
# nvalues = 1167                    
# units = specified
# name 0 = prDM: Pressure, Digiquartz [db]
# name 1 = t090C: Temperature [ITS-90, deg C]
# name 2 = c0S/m: Conductivity [S/m]
# name 3 = t190C: Temperature, 2 [ITS-90, deg C]
# name 4 = c1S/m: Conductivity, 2 [S/m]
# name 5 = sbeox0ML/L: Oxygen, SBE 43 [ml/l]
# name 6 = flECO-AFL: Fluorescence, Wetlab ECO-AFL/FL [mg/m^3]
# name 7 = bat: Beam Attenuation, Chelsea/Seatech/Wetlab CStar [1/m]
# name 8 = spar: SPAR/Surface Irradiance
# name 9 = latitude: Latitude [deg]
# name 10 = longitude: Longitude [deg]
# name 11 = timeY: Time, System [seconds]
# name 12 = timeJ: Julian Days
# name 13 = sal00: Salinity [PSU]
# name 14 = scan: scan number
# name 15 = nbf: number of bottles fired
# name 16 = flag:  0.000e+00
# interval = seconds: 0.0416667                   
# start_time = Jul 20 2006 16:04:16
*END*
   1000.598     1.0125   3.012694     1.0130   3.013040    5.05217    -0.0964    13.8155 1.8507e+02  -60.61633  -55.19383 1153412872 201.686047    34.6975      34044          1  0.000e+00
   1000.598     1.0122   3.012707     1.0127   3.013046    5.05219    -0.1072    13.8155 1.8507e+02  -60.61633  -55.19383 1153412872 201.686047    34.6979      34045          1  0.000e+00
   1000.743     1.0124   3.012707     1.0125   3.013016    5.05227    -0.0857    13.8155 1.8507e+02  -60.61633  -55.19383 1153412873 201.686048    34.6976      34046          1  0.000e+00
   1000.598     1.0125   3.012694     1.0123   3.013040    5.05217    -0.0211    13.8155 1.8507e+02  -60.61633  -55.19383 1153412873 201.686048    34.6975      34047          1  0.000e+00
   1000.618     1.0122   3.012728     1.0124   3.013052    5.05220     0.0219    13.8155 1.8507e+02  -60.61633  -55.19383 1153412873 201.686049    34.6981      34048          1  0.000e+00
   1000.598     1.0125   3.012676     1.0127   3.013052    5.05218    -0.0319    13.8155 1.8507e+02  -60.61633  -55.19383 1153412873 201.686049    34.6972      34049          1  0.000e+00
   1000.598     1.0121   3.012683     1.0125   3.013034    5.05222    -0.0534    13.8155 1.8507e+02  -60.61633  -55.19383 1153412873 201.686050    34.6977      34050          1  0.000e+00
   1000.598     1.0127   3.012700     1.0128   3.013034    5.05214    -0.0426    13.8155 1.8507e+02  -60.61633  -55.19383 1153412873 201.686050    34.6973      34051          1  0.000e+00
   1000.531     1.0125   3.012676     1.0129   3.013064    5.05213    -0.0749    13.8155 1.8507e+02  -60.61633  -55.19383 1153412873 201.686051    34.6973      34052          1  0.000e+00
   1000.618     1.0121   3.012676     1.0127   3.013040    5.05223    -0.0749    13.8155 1.8507e+02  -60.61633  -55.19383 1153412873 201.686051    34.6976      34053          1  0.000e+00
   1000.531     1.0123   3.012690     1.0130   3.013046    5.05215    -0.0749    13.8155 1.8507e+02  -60.61633  -55.19383 1153412873 201.686052    34.6976      34054          1  0.000e+00
   1000.531     1.0122   3.012683     1.0130   3.013016    5.05215    -0.0749    13.8155 1.8507e+02  -60.61633  -55.19383 1153412873 201.686052    34.6976      34055          1  0.000e+00
   1000.531     1.0122   3.012690     1.0128   3.013040    5.05215    -0.0857    13.8155 1.8507e+02  -60.61633  -55.19383 1153412873 201.686053    34.6977      34056          1  0.000e+00
   1000.531     1.0128   3.012711     1.0127   3.013052    5.05209    -0.0749    13.8155 1.8507e+02  -60.61633  -55.19383 1153412873 201.686053    34.6974      34057          1  0.000e+00
   1000.454     1.0121   3.012687     1.0125   3.013052    5.05211    -0.0749    13.8155 1.8507e+02  -60.61633  -55.19383 1153412873 201.686054    34.6979      34058          1  0.000e+00
   1000.473     1.0125   3.012707     1.0127   3.013070    5.05208    -0.1287    13.8155 1.8507e+02  -60.61633  -55.19383 1153412873 201.686054    34.6977      34059          1  0.000e+00
   1000.531     1.0124   3.012687     1.0129   3.013058    5.05213    -0.1180    13.8155 1.8313e+02  -60.61633  -55.19383 1153412873 201.686055    34.6975      34060          1  0.000e+00
   1000.454     1.0118   3.012690     1.0125   3.013052    5.05214    -0.1395    13.8155 1.8507e+02  -60.61633  -55.19383 1153412873 201.686055    34.6982      34061          1  0.000e+00
   1000.454     1.0126   3.012683     1.0130   3.013052    5.05206    -0.0964    13.8155 1.8507e+02  -60.61633  -55.19383 1153412873 201.686056    34.6973      34062          1  0.000e+00
   1000.454     1.0119   3.012707     1.0130   3.013040    5.05212    -0.0964    13.8155 1.8507e+02  -60.61633  -55.19383 1153412873 201.686056    34.6983      34063          1  0.000e+00
   1000.386     1.0128   3.012697     1.0130   3.013046    5.05199    -0.0642    13.8155 1.8507e+02  -60.61633  -55.19383 1153412873 201.686057    34.6973      34064          1  0.000e+00
   1000.405     1.0124   3.012663     1.0126   3.013075    5.05206    -0.0749    13.8155 1.8507e+02  -60.61633  -55.19383 1153412873 201.686057    34.6972      34065          1  0.000e+00
   1000.454     1.0125   3.012700     1.0125   3.013058    5.05207    -0.1180    13.8155 1.8507e+02  -60.61633  -55.19383 1153412873 201.686058    34.6976      34066          1  0.000e+00
   1000.386     1.0122   3.012758     1.0129   3.013075    5.05202    -0.1502    13.8155 1.8507e+02  -60.61633  -55.19383 1153412873 201.686058    34.6987      34067          1  0.000e+00
   1000.386     1.0124   3.012714     1.0125   3.013046    5.05202    -0.1072    13.8155 1.8507e+02  -60.61633  -55.19383 1153412873 201.686059    34.6979      34068          1  0.000e+00
   1000.386     1.0123   3.012700     1.0132   3.013022    5.05204    -0.0642    13.8155 1.8507e+02  -60.61633  -55.19383 1153412873 201.686059    34.6979      34069          1  0.000e+00
   1000.386     1.0122   3.012693     1.0130   3.013046    5.05205    -0.0964    13.8155 1.8507e+02  -60.61633  -55.19383 1153412873 201.686060    34.6978      34070          1  0.000e+00
   1000.328     1.0121   3.012693     1.0129   3.013052    5.05202    -0.1287    13.8155 1.8507e+02  -60.61633  -55.19383 1153412874 201.686060    34.6980      34071          1  0.000e+00
   1000.309     1.0124   3.012717     1.0130   3.013052    5.05197    -0.0857    13.8155 1.8507e+02  -60.61633  -55.19383 1153412874 201.686060    34.6980      34072          1  0.000e+00
   1000.386     1.0124   3.012700     1.0129   3.013040    5.05203    -0.0534    13.8155 1.8507e+02  -60.61633  -55.19383 1153412874 201.686061    34.6977      34073          1  0.000e+00
   1000.309     1.0126   3.012683     1.0129   3.013063    5.05196    -0.0426    13.8155 1.8507e+02  -60.61633  -55.19383 1153412874 201.686061    34.6973      34074          1  0.000e+00
   1000.309     1.0126   3.012707     1.0133   3.013058    5.05195    -0.0534    13.8155 1.8507e+02  -60.61633  -55.19383 1153412874 201.686062    34.6977      34075          1  0.000e+00
   1000.328     1.0123   3.012707     1.0129   3.013052    5.05200    -0.0749    13.8155 1.8507e+02  -60.61633  -55.19383 1153412874 201.686062    34.6980      34076          1  0.000e+00
   1000.309     1.0124   3.012731     1.0130   3.013075    5.05196    -0.1180    13.8155 1.8507e+02  -60.61633  -55.19383 1153412874 201.686063    34.6982      34077          1  0.000e+00
   1000.241     1.0124   3.012693     1.0130   3.013034    5.05193    -0.1287    13.8155 1.8507e+02  -60.61633  -55.19383 1153412874 201.686063    34.6977      34078          1  0.000e+00
   1000.309     1.0126   3.012724     1.0129   3.013069    5.05194    -0.1180    13.8155 1.8507e+02  -60.61633  -55.19383 1153412874 201.686064    34.6979      34079          1  0.000e+00
   1000.309     1.0126   3.012721     1.0125   3.013063    5.05195    -0.1180    13.8155 1.8507e+02  -60.61633  -55.19383 1153412874 201.686064    34.6978      34080          1  0.000e+00
   1000.241     1.0125   3.012687     1.0132   3.013028    5.05193    -0.1180    13.8155 1.8507e+02  -60.61633  -55.19383 1153412874 201.686065    34.6976      34081          1  0.000e+00
   1000.261     1.0126   3.012690     1.0132   3.013046    5.05193    -0.0964    13.8155 1.8507e+02  -60.61633  -55.19383 1153412874 201.686065    34.6975      34082          1  0.000e+00
   1000.309     1.0127   3.012700     1.0129   3.013052    5.05194    -0.1072    13.8155 1.8507e+02  -60.61633  -55.19383 1153412874 201.686066    34.6974      34083          1  0.000e+00
   1000.241     1.0120   3.012659     1.0125   3.013016    5.05707    -0.0857    13.8155 1.8507e+02  -60.61633  -55.19383 1153412874 201.686066    34.6977      34084          1  0.000e+00
   1000.241     1.0126   3.012707     1.0124   3.013040    5.05699    -0.0319    13.8155 1.8313e+02  -60.61633  -55.19383 1153412874 201.686067    34.6977      34085          1  0.000e+00
   1000.241     1.0125   3.012717     1.0129   3.013052    5.05700    -0.0534    13.8155 1.8507e+02  -60.61633  -55.19383 1153412874 201.686067    34.6980      34086          1  0.000e+00
   1000.241     1.0126   3.012717     1.0130   3.013016    5.05699    -0.0426    13.8155 1.8507e+02  -60.61633  -55.19383 1153412874 201.686068    34.6978      34087          1  0.000e+00
   1000.261     1.0121   3.012724     1.0126   3.013058    5.05196    -0.0534    13.8155 1.8507e+02  -60.61633  -55.19383 1153412874 201.686068    34.6984      34088          1  0.000e+00
   1000.241     1.0120   3.012717     1.0132   3.013057    5.05196    -0.0319    13.8155 1.8507e+02  -60.61633  -55.19383 1153412874 201.686069    34.6985      34089          1  0.000e+00
   1000.164     1.0124   3.012687     1.0129   3.013028    5.05188    -0.0319    13.8155 1.8507e+02  -60.61633  -55.19383 1153412874 201.686069    34.6977      34090          1  0.000e+00
   1000.241     1.0123   3.012690     1.0129   3.013046    5.05194    -0.0642    13.8155 1.8507e+02  -60.61633  -55.19383 1153412874 201.686070    34.6978      34091          1  0.000e+00
   1000.241     1.0124   3.012717     1.0129   3.013040    5.05192    -0.0964    13.8155 1.8507e+02  -60.61633  -55.19383 1153412874 201.686070    34.6980      34092          1  0.000e+00
    900.625     1.0420   3.010184     1.0428   3.010561    5.06585    -0.0964    13.8155 1.9092e+02  -60.61633  -55.19383 1153413065 201.688272    34.6883      38658          2  0.000e+00
    900.606     1.0412   3.010106     1.0431   3.010591    5.06093    -0.0642    13.8155 1.9092e+02  -60.61633  -55.19383 1153413065 201.688273    34.6882      38659          2  0.000e+00
    900.413     1.0409   3.010065     1.0431   3.010567    5.06085    -0.0642    13.8155 1.9092e+02  -60.61633  -55.19383 1153413065 201.688273    34.6881      38660          2  0.000e+00
    900.529     1.0401   3.010007     1.0425   3.010531    5.06104    -0.0857    13.8155 1.9092e+02  -60.61633  -55.19383 1153413065 201.688274    34.6882      38661          2  0.000e+00
    900.413     1.0401   3.009969     1.0419   3.010483    5.06097    -0.0749    13.8155 1.9092e+02  -60.61633  -55.19383 1153413065 201.688274    34.6878      38662          2  0.000e+00
    900.384     1.0398   3.009962     1.0419   3.010489    5.06099    -0.0534    13.8155 1.9092e+02  -60.61633  -55.19383 1153413065 201.688274    34.6881      38663          2  0.000e+00
    900.336     1.0396   3.010000     1.0416   3.010453    5.06095    -0.0749    13.8155 1.9092e+02  -60.61633  -55.19383 1153413065 201.688275    34.6887      38664          2  0.000e+00
    900.239     1.0398   3.010027     1.0422   3.010441    5.06086    -0.0857    13.8155 1.9092e+02  -60.61633  -55.19383 1153413065 201.688275    34.6889      38665          2  0.000e+00
    900.268     1.0401   3.010034     1.0422   3.010483    5.06084    -0.0964    13.8155 1.9092e+02  -60.61633  -55.19383 1153413065 201.688276    34.6887      38666          2  0.000e+00
    900.171     1.0405   3.010068     1.0420   3.010537    5.06071    -0.0964    13.8155 1.9092e+02  -60.61633  -55.19383 1153413065 201.688276    34.6887      38667          2  0.000e+00
    900.191     1.0412   3.010136     1.0426   3.010555    5.06063    -0.1072    13.8155 1.9092e+02  -60.61633  -55.19383 1153413065 201.688277    34.6888      38668          2  0.000e+00
    900.104     1.0418   3.010174     1.0434   3.010572    5.06049    -0.1180    13.8155 1.9092e+02  -60.61633  -55.19383 1153413065 201.688277    34.6887      38669          2  0.000e+00
    900.046     1.0418   3.010211     1.0436   3.010620    5.06043    -0.1287    13.8155 1.9092e+02  -60.61633  -55.19383 1153413065 201.688278    34.6892      38670          2  0.000e+00
    900.027     1.0426   3.010225     1.0444   3.010656    5.06033    -0.1180    13.8155 1.9092e+02  -60.61633  -55.19383 1153413065 201.688278    34.6885      38671          2  0.000e+00
    899.978     1.0421   3.010208     1.0444   3.010686    5.06035    -0.0534    13.8155 1.9092e+02  -60.61633  -55.19383 1153413065 201.688279    34.6888      38672          2  0.000e+00
    899.882     1.0420   3.010167     1.0445   3.010674    5.06032    -0.0319    13.8155 1.9092e+02  -60.61633  -55.19383 1153413065 201.688279    34.6885      38673          2  0.000e+00
    899.766     1.0423   3.010187     1.0434   3.010644    5.06019    -0.0319    13.8155 1.9092e+02  -60.61633  -55.19383 1153413065 201.688280    34.6885      38674          2  0.000e+00
    899.814     1.0421   3.010167     1.0437   3.010620    5.06025    -0.0319    13.8155 1.9092e+02  -60.61633  -55.19383 1153413065 201.688280    34.6884      38675          2  0.000e+00
    899.766     1.0420   3.010208     1.0441   3.010632    5.06022    -0.0534    13.8155 1.9092e+02  -60.61633  -55.19383 1153413065 201.688281    34.6891      38676          2  0.000e+00
    899.670     1.0424   3.010246     1.0437   3.010620    5.06008    -0.0319    13.8155 1.8897e+02  -60.61633  -55.19383 1153413066 201.688281    34.6891      38677          2  0.000e+00
    899.544     1.0432   3.010249     1.0439   3.010632    5.05991    -0.0426    13.8155 1.8897e+02  -60.61633  -55.19383 1153413066 201.688282    34.6884      38678          2  0.000e+00
    899.602     1.0435   3.010269     1.0442   3.010656    5.05991    -0.0642    13.8155 1.8897e+02  -60.61633  -55.19383 1153413066 201.688282    34.6883      38679          2  0.000e+00
    899.477     1.0429   3.010256     1.0441   3.010626    5.05989    -0.0964    13.8155 1.8702e+02  -60.61633  -55.19383 1153413066 201.688283    34.6888      38680          2  0.000e+00
    899.457     1.0430   3.010266     1.0448   3.010650    5.05986    -0.0857    13.8155 1.8897e+02  -60.61633  -55.19383 1153413066 201.688283    34.6888      38681          2  0.000e+00
    899.332     1.0430   3.010273     1.0445   3.010686    5.05977    -0.0749    13.8155 1.8897e+02  -60.61633  -55.19383 1153413066 201.688284    34.6890      38682          2  0.000e+00
    899.380     1.0437   3.010256     1.0447   3.010698    5.05974    -0.0749    13.8155 1.8897e+02  -60.61633  -55.19383 1153413066 201.688284    34.6880      38683          2  0.000e+00
    899.235     1.0429   3.010303     1.0451   3.010716    5.05970    -0.0426    13.8155 1.8702e+02  -60.61633  -55.19383 1153413066 201.688285    34.6896      38684          2  0.000e+00
    899.264     1.0437   3.010321     1.0453   3.010704    5.05963    -0.0319    13.8155 1.8897e+02  -60.61633  -55.19383 1153413066 201.688285    34.6889      38685          2  0.000e+00
    899.168     1.0434   3.010286     1.0454   3.010734    5.05962    -0.0319    13.8155 1.8897e+02  -60.61633  -55.19383 1153413066 201.688286    34.6889      38686          2  0.000e+00
    899.120     1.0438   3.010290     1.0448   3.010710    5.05953    -0.0534    13.8155 1.8897e+02  -60.61633  -55.19383 1153413066 201.688286    34.6885      38687          2  0.000e+00
    899.100     1.0438   3.010262     1.0453   3.010716    5.05953    -0.0104    13.8155 1.8897e+02  -60.61633  -55.19383 1153413066 201.688287    34.6881      38688          2  0.000e+00
    898.975     1.0437   3.010269     1.0450   3.010722    5.05945    -0.0534    13.8155 1.8897e+02  -60.61633  -55.19383 1153413066 201.688287    34.6884      38689          2  0.000e+00
    898.955     1.0438   3.010290     1.0453   3.010704    5.05942    -0.0749    13.8155 1.8897e+02  -60.61633  -55.19383 1153413066 201.688288    34.6886      38690          2  0.000e+00
    898.907     1.0440   3.010279     1.0456   3.010733    5.05937    -0.0749    13.8155 1.8897e+02  -60.61633  -55.19383 1153413066 201.688288    34.6883      38691          2  0.000e+00
    898.811     1.0445   3.010307     1.0456   3.010727    5.05924    -0.0642    13.8155 1.8897e+02  -60.61633  -55.19383 1153413066 201.688288    34.6881      38692          2  0.000e+00
    898.762     1.0442   3.010320     1.0459   3.010763    5.05923    -0.0749    13.8155 1.8897e+02  -60.61633  -55.19383 1153413066 201.688289    34.6887      38693          2  0.000e+00
