product_data/regression_test/downloaded_data/MDGS/320620060703/ctd/p6611301.cnv
* Sea-Bird SBE 9 Data File:
* FileName = D:\Data\Raw\p6611301.dat
* Software Version Seasave Win32 V 5.32
* Temperature SN = 1649
* Conductivity SN = 1431
* Number of Bytes Per Scan = 37
* Number of Voltage Words = 5
* Number of Scans Averaged by the Deck Unit = 1
* NMEA Latitude = 61 29.01 S
* NMEA Longitude = 054 52.49 W
* NMEA UTC (Time) = 07:30:33
** Ship:   Nathaniel B. Palmer 
** Cruise:    NBP0606 
# nquan = 15
# nvalues = 891                         
# units = specified
# name 0 = prDM: Pressure, Digiquartz [db]
# name 1 = t090C: Temperature [ITS-90, deg C]
# name 2 = c0S/m: Conductivity [S/m]
# name 3 = t190C: Temperature, 2 [ITS-90, deg C]
# name 4 = c1S/m: Conductivity, 2 [S/m]
# name 5 = sbeox0ML/L: Oxygen, SBE 43 [ml/l]
# name 6 = flECO-AFL: Fluorescence, Wetlab ECO-AFL/FL [mg/m^3]
# name 7 = bat: Beam Attenuation, Chelsea/Seatech/Wetlab CStar [1/m]
# name 8 = spar: SPAR/Surface Irradiance
# name 9 = latitude: Latitude [deg]
# name 10 = longitude: Longitude [deg]
# name 11 = timeY: Time, System [seconds]
# name 12 = timeJ: Julian Days
# name 13 = sal00: Salinity [PSU]
# name 14 = flag: flag
# span 0 =     13.000,    903.000       
# span 1 =    -1.6016,    -0.4421       
# span 2 =   2.707696,   2.852734       
# span 3 =    -1.6025,    -0.4413       
# span 4 =   2.708626,   2.853204       
# span 5 =    6.39479,    7.98870       
# span 6 =    -0.1255,     0.1437       
# span 7 =    13.8155,    13.8155       
# span 8 = 0.0000e+00, 0.0000e+00       
# span 9 =  -61.48350,  -61.48350       
# span 10 =  -54.87483,  -54.87483      
# span 11 = 1152862242, 1152863486      
# span 12 = 195.313014, 195.327404      
# span 13 =    34.1652,    34.5397      
# span 14 = 0.0000e+00, 0.0000e+00      
# interval = decibars: 1                
# start_time = Jul 14 2006 07:30:41
# bad_flag = -9.990e-29
*END*
[from data line 290]
    303.000    -0.4630   2.837200    -0.4620   2.837675    6.54712    -0.0714    13.8155 0.0000e+00  -61.48350  -54.87483 1152862713 195.318467    34.4539 0.0000e+00
    304.000    -0.4629   2.837292    -0.4619   2.837768    6.54255    -0.0739    13.8155 0.0000e+00  -61.48350  -54.87483 1152862714 195.318474    34.4544 0.0000e+00
    305.000    -0.4625   2.837377    -0.4619   2.837849    6.54100    -0.0604    13.8155 0.0000e+00  -61.48350  -54.87483 1152862714 195.318481    34.4545 0.0000e+00
    306.000    -0.4624   2.837452    -0.4618   2.837923    6.53990    -0.0674    13.8155 0.0000e+00  -61.48350  -54.87483 1152862715 195.318488    34.4547 0.0000e+00
    307.000    -0.4621   2.837531    -0.4619   2.837991    6.53960    -0.0727    13.8155 0.0000e+00  -61.48350  -54.87483 1152862716 195.318494    34.4549 0.0000e+00
    308.000    -0.4623   2.837543    -0.4616   2.838014    6.54291    -0.0501    13.8155 0.0000e+00  -61.48350  -54.87483 1152862719 195.318531    34.4547 0.0000e+00
    309.000    -0.4622   2.837608    -0.4614   2.838087    6.54531    -0.0524    13.8155 0.0000e+00  -61.48350  -54.87483 1152862721 195.318562    34.4548 0.0000e+00
    310.000    -0.4623   2.837701    -0.4615   2.838166    6.54406    -0.0679    13.8155 0.0000e+00  -61.48350  -54.87483 1152862722 195.318569    34.4555 0.0000e+00
    311.000    -0.4621   2.837762    -0.4616   2.838236    6.54129    -0.0578    13.8155 0.0000e+00  -61.48350  -54.87483 1152862723 195.318576    34.4556 0.0000e+00
    312.000    -0.4623   2.837762    -0.4614   2.838250    6.53853    -0.0727    13.8155 0.0000e+00  -61.48350  -54.87483 1152862723 195.318583    34.4551 0.0000e+00
    313.000    -0.4628   2.837766    -0.4617   2.838244    6.53784    -0.0566    13.8155 0.0000e+00  -61.48350  -54.87483 1152862724 195.318596    34.4552 0.0000e+00
    314.000    -0.4627   2.837841    -0.4616   2.838311    6.53483    -0.0686    13.8155 0.0000e+00  -61.48350  -54.87483 1152862726 195.318618    34.4555 0.0000e+00
    315.000    -0.4629   2.837965    -0.4619   2.838419    6.53386    -0.0575    13.8155 0.0000e+00  -61.48350  -54.87483 1152862728 195.318635    34.4568 0.0000e+00
    316.000    -0.4626   2.838089    -0.4616   2.838556    6.53451    -0.0614    13.8155 0.0000e+00  -61.48350  -54.87483 1152862729 195.318647    34.4575 0.0000e+00
    317.000    -0.4626   2.838191    -0.4615   2.838653    6.53259    -0.0499    13.8155 0.0000e+00  -61.48350  -54.87483 1152862730 195.318661    34.4582 0.0000e+00
    318.000    -0.4625   2.838290    -0.4614   2.838761    6.53108    -0.0663    13.8155 0.0000e+00  -61.48350  -54.87483 1152862731 195.318677    34.4588 0.0000e+00
    319.000    -0.4612   2.838555    -0.4603   2.838999    6.52780    -0.0644    13.8155 0.0000e+00  -61.48350  -54.87483 1152862733 195.318693    34.4604 0.0000e+00
    320.000    -0.4575   2.838986    -0.4561   2.839489    6.52355    -0.0611    13.8155 0.0000e+00  -61.48350  -54.87483 1152862734 195.318705    34.4612 0.0000e+00
    321.000    -0.4584   2.838953    -0.4577   2.839384    6.52138    -0.0637    13.8155 0.0000e+00  -61.48350  -54.87483 1152862735 195.318718    34.4611 0.0000e+00
    322.000    -0.4575   2.839110    -0.4560   2.839611    6.51762    -0.0767    13.8155 0.0000e+00  -61.48350  -54.87483 1152862737 195.318739    34.4616 0.0000e+00
    323.000    -0.4541   2.839593    -0.4533   2.840036    6.51585    -0.0698    13.8155 0.0000e+00  -61.48350  -54.87483 1152862738 195.318759    34.4635 0.0000e+00
    324.000    -0.4551   2.839628    -0.4541   2.840092    6.51378    -0.0655    13.8155 0.0000e+00  -61.48350  -54.87483 1152862739 195.318771    34.4647 0.0000e+00
    325.000    -0.4544   2.839812    -0.4534   2.840280    6.51173    -0.0623    13.8155 0.0000e+00  -61.48350  -54.87483 1152862740 195.318780    34.4657 0.0000e+00
    326.000    -0.4536   2.839960    -0.4527   2.840414    6.50746    -0.0847    13.8155 0.0000e+00  -61.48350  -54.87483 1152862741 195.318789    34.4662 0.0000e+00
    327.000    -0.4519   2.840304    -0.4508   2.840750    6.50338    -0.0540    13.8155 0.0000e+00  -61.48350  -54.87483 1152862742 195.318798    34.4682 0.0000e+00
    328.000    -0.4522   2.840395    -0.4512   2.840851    6.50021    -0.0560    13.8155 0.0000e+00  -61.48350  -54.87483 1152862743 195.318808    34.4691 0.0000e+00
    329.000    -0.4508   2.840581    -0.4498   2.841041    6.49638    -0.0798    13.8155 0.0000e+00  -61.48350  -54.87483 1152862744 195.318827    34.4695 0.0000e+00
    330.000    -0.4503   2.840645    -0.4490   2.841122    6.49486    -0.0657    13.8155 0.0000e+00  -61.48350  -54.87483 1152862747 195.318862    34.4692 0.0000e+00
    331.000    -0.4424   2.841643    -0.4414   2.842081    6.49052    -0.0622    13.8155 0.0000e+00  -61.48350  -54.87483 1152862749 195.318876    34.4729 0.0000e+00
    332.000    -0.4421   2.841780    -0.4413   2.842225    6.48651    -0.0628    13.8155 0.0000e+00  -61.48350  -54.87483 1152862749 195.318886    34.4737 0.0000e+00
    333.000    -0.4429   2.841804    -0.4420   2.842274    6.48266    -0.0519    13.8155 0.0000e+00  -61.48350  -54.87483 1152862750 195.318895    34.4744 0.0000e+00
    334.000    -0.4436   2.841821    -0.4428   2.842275    6.47744    -0.0572    13.8155 0.0000e+00  -61.48350  -54.87483 1152862751 195.318904    34.4748 0.0000e+00
    335.000    -0.4455   2.841748    -0.4445   2.842202    6.47341    -0.0602    13.8155 0.0000e+00  -61.48350  -54.87483 1152862752 195.318914    34.4754 0.0000e+00
    336.000    -0.4466   2.841714    -0.4458   2.842168    6.46880    -0.0617    13.8155 0.0000e+00  -61.48350  -54.87483 1152862753 195.318927    34.4757 0.0000e+00
    337.000    -0.4466   2.841750    -0.4454   2.842224    6.46511    -0.0669    13.8155 0.0000e+00  -61.48350  -54.87483 1152862755 195.318947    34.4756 0.0000e+00
    338.000    -0.4485   2.841648    -0.4475   2.842124    6.46656    -0.0873    13.8155 0.0000e+00  -61.48350  -54.87483 1152862757 195.318969    34.4759 0.0000e+00
    339.000    -0.4491   2.841651    -0.4482   2.842118    6.46547    -0.0752    13.8155 0.0000e+00  -61.48350  -54.87483 1152862758 195.318982    34.4760 0.0000e+00
    340.000    -0.4507   2.841565    -0.4499   2.842036    6.46271    -0.0763    13.8155 0.0000e+00  -61.48350  -54.87483 1152862759 195.318993    34.4761 0.0000e+00
    341.000    -0.4528   2.841462    -0.4525   2.841883    6.46184    -0.0508    13.8155 0.0000e+00  -61.48350  -54.87483 1152862760 195.319003    34.4765 0.0000e+00
    342.000    -0.4541   2.841408    -0.4531   2.841872    6.45960    -0.0668    13.8155 0.0000e+00  -61.48350  -54.87483 1152862761 195.319020    34.4767 0.0000e+00
    343.000    -0.4547   2.841409    -0.4539   2.841871    6.46047    -0.0753    13.8155 0.0000e+00  -61.48350  -54.87483 1152862763 195.319045    34.4768 0.0000e+00
    344.000    -0.4561   2.841342    -0.4554   2.841799    6.45937    -0.0626    13.8155 0.0000e+00  -61.48350  -54.87483 1152862764 195.319059    34.4769 0.0000e+00
    345.000    -0.4574   2.841284    -0.4567   2.841734    6.45862    -0.0680    13.8155 0.0000e+00  -61.48350  -54.87483 1152862765 195.319069    34.4771 0.0000e+00
    346.000    -0.4576   2.841305    -0.4561   2.841831    6.45629    -0.0539    13.8155 0.0000e+00  -61.48350  -54.87483 1152862766 195.319077    34.4768 0.0000e+00
    347.000    -0.4608   2.841085    -0.4595   2.841598    6.45523    -0.0777    13.8155 0.0000e+00  -61.48350  -54.87483 1152862767 195.319085    34.4770 0.0000e+00
    348.000    -0.4610   2.841115    -0.4601   2.841575    6.45569    -0.0684    13.8155 0.0000e+00  -61.48350  -54.87483 1152862767 195.319095    34.4771 0.0000e+00
    349.000    -0.4596   2.841297    -0.4594   2.841701    6.46026    -0.0568    13.8155 0.0000e+00  -61.48350  -54.87483 1152862771 195.319133    34.4772 0.0000e+00
    350.000    -0.4598   2.841335    -0.4588   2.841797    6.46269    -0.0702    13.8155 0.0000e+00  -61.48350  -54.87483 1152862772 195.319151    34.4773 0.0000e+00
    351.000    -0.4607   2.841323    -0.4597   2.841783    6.46023    -0.0571    13.8155 0.0000e+00  -61.48350  -54.87483 1152862773 195.319159    34.4775 0.0000e+00
    352.000    -0.4611   2.841285    -0.4603   2.841770    6.45906    -0.0735    13.8155 0.0000e+00  -61.48350  -54.87483 1152862774 195.319166    34.4769 0.0000e+00
    353.000    -0.4605   2.841381    -0.4594   2.841861    6.45563    -0.0705    13.8155 0.0000e+00  -61.48350  -54.87483 1152862774 195.319173    34.4769 0.0000e+00
    354.000    -0.4604   2.841435    -0.4595   2.841902    6.45643    -0.0696    13.8155 0.0000e+00  -61.48350  -54.87483 1152862775 195.319188    34.4769 0.0000e+00
    355.000    -0.4605   2.841502    -0.4595   2.841966    6.45785    -0.0635    13.8155 0.0000e+00  -61.48350  -54.87483 1152862778 195.319221    34.4772 0.0000e+00
    356.000    -0.4604   2.841557    -0.4591   2.842028    6.45559    -0.0778    13.8155 0.0000e+00  -61.48350  -54.87483 1152862779 195.319230    34.4773 0.0000e+00
    357.000    -0.4608   2.841550    -0.4598   2.842025    6.45625    -0.0534    13.8155 0.0000e+00  -61.48350  -54.87483 1152862780 195.319238    34.4770 0.0000e+00
    358.000    -0.4630   2.841480    -0.4622   2.841938    6.45460    -0.0700    13.8155 0.0000e+00  -61.48350  -54.87483 1152862781 195.319246    34.4779 0.0000e+00
    359.000    -0.4627   2.841530    -0.4616   2.841995    6.45080    -0.0582    13.8155 0.0000e+00  -61.48350  -54.87483 1152862781 195.319256    34.4777 0.0000e+00
    360.000    -0.4639   2.841506    -0.4626   2.841990    6.44768    -0.0745    13.8155 0.0000e+00  -61.48350  -54.87483 1152862783 195.319280    34.4782 0.0000e+00
    361.000    -0.4629   2.841619    -0.4610   2.842133    6.44926    -0.0579    13.8155 0.0000e+00  -61.48350  -54.87483 1152862785 195.319302    34.4779 0.0000e+00
    362.000    -0.4621   2.841733    -0.4612   2.842197    6.45398    -0.0683    13.8155 0.0000e+00  -61.48350  -54.87483 1152862787 195.319316    34.4778 0.0000e+00
    363.000    -0.4619   2.841796    -0.4607   2.842260    6.45476    -0.0717    13.8155 0.0000e+00  -61.48350  -54.87483 1152862788 195.319329    34.4779 0.0000e+00
    364.000    -0.4617   2.841847    -0.4608   2.842311    6.45464    -0.0712    13.8155 0.0000e+00  -61.48350  -54.87483 1152862789 195.319341    34.4777 0.0000e+00
    365.000    -0.4619   2.841883    -0.4607   2.842350    6.45185    -0.0616    13.8155 0.0000e+00  -61.48350  -54.87483 1152862790 195.319351    34.4778 0.0000e+00
    366.000    -0.4636   2.841881    -0.4623   2.842360    6.44990    -0.0793    13.8155 0.0000e+00  -61.48350  -54.87483 1152862790 195.319361    34.4792 0.0000e+00
    367.000    -0.4638   2.841945    -0.4628   2.842409    6.44678    -0.0819    13.8155 0.0000e+00  -61.48350  -54.87483 1152862791 195.319372    34.4796 0.0000e+00
    368.000    -0.4640   2.841978    -0.4632   2.842424    6.44326    -0.0800    13.8155 0.0000e+00  -61.48350  -54.87483 1152862793 195.319392    34.4797 0.0000e+00
    369.000    -0.4648   2.841956    -0.4636   2.842437    6.44255    -0.0745    13.8155 0.0000e+00  -61.48350  -54.87483 1152862795 195.319418    34.4797 0.0000e+00
    370.000    -0.4648   2.842013    -0.4641   2.842471    6.44232    -0.0738    13.8155 0.0000e+00  -61.48350  -54.87483 1152862797 195.319431    34.4799 0.0000e+00
    371.000    -0.4644   2.842098    -0.4634   2.842584    6.44187    -0.0729    13.8155 0.0000e+00  -61.48350  -54.87483 1152862797 195.319441    34.4799 0.0000e+00
    372.000    -0.4630   2.842299    -0.4619   2.842753    6.43929    -0.0729    13.8155 0.0000e+00  -61.48350  -54.87483 1152862798 195.319450    34.4804 0.0000e+00
    373.000    -0.4628   2.842339    -0.4620   2.842786    6.43948    -0.0657    13.8155 0.0000e+00  -61.48350  -54.87483 1152862799 195.319461    34.4801 0.0000e+00
    374.000    -0.4636   2.842321    -0.4626   2.842788    6.43831    -0.0525    13.8155 0.0000e+00  -61.48350  -54.87483 1152862801 195.319483    34.4801 0.0000e+00
    375.000    -0.4634   2.842392    -0.4624   2.842848    6.43880    -0.0901    13.8155 0.0000e+00  -61.48350  -54.87483 1152862803 195.319508    34.4803 0.0000e+00
    376.000    -0.4636   2.842425    -0.4627   2.842905    6.43931    -0.0729    13.8155 0.0000e+00  -61.48350  -54.87483 1152862804 195.319519    34.4804 0.0000e+00
    377.000    -0.4640   2.842458    -0.4631   2.842932    6.44105    -0.0638    13.8155 0.0000e+00  -61.48350  -54.87483 1152862805 195.319527    34.4807 0.0000e+00
    378.000    -0.4640   2.842503    -0.4633   2.842966    6.44340    -0.0470    13.8155 0.0000e+00  -61.48350  -54.87483 1152862806 195.319535    34.4807 0.0000e+00
    379.000    -0.4639   2.842538    -0.4632   2.843002    6.44417    -0.0750    13.8155 0.0000e+00  -61.48350  -54.87483 1152862806 195.319544    34.4804 0.0000e+00
    380.000    -0.4642   2.842571    -0.4632   2.843033    6.44385    -0.0697    13.8155 0.0000e+00  -61.48350  -54.87483 1152862808 195.319561    34.4806 0.0000e+00
    381.000    -0.4640   2.842633    -0.4631   2.843094    6.44083    -0.0693    13.8155 0.0000e+00  -61.48350  -54.87483 1152862810 195.319591    34.4806 0.0000e+00
    382.000    -0.4640   2.842719    -0.4631   2.843181    6.43975    -0.0623    13.8155 0.0000e+00  -61.48350  -54.87483 1152862811 195.319603    34.4811 0.0000e+00
    383.000    -0.4637   2.842779    -0.4631   2.843221    6.43939    -0.0742    13.8155 0.0000e+00  -61.48350  -54.87483 1152862812 195.319613    34.4810 0.0000e+00
    384.000    -0.4640   2.842802    -0.4629   2.843292    6.44048    -0.0807    13.8155 0.0000e+00  -61.48350  -54.87483 1152862813 195.319623    34.4811 0.0000e+00
    385.000    -0.4648   2.842776    -0.4638   2.843256    6.44160    -0.0864    13.8155 0.0000e+00  -61.48350  -54.87483 1152862814 195.319634    34.4811 0.0000e+00
    386.000    -0.4646   2.842856    -0.4637   2.843326    6.44417    -0.0600    13.8155 0.0000e+00  -61.48350  -54.87483 1152862816 195.319661    34.4812 0.0000e+00
    387.000    -0.4677   2.842767    -0.4669   2.843201    6.44636    -0.0812    13.8155 0.0000e+00  -61.48350  -54.87483 1152862818 195.319684    34.4825 0.0000e+00
    388.000    -0.4692   2.842696    -0.4684   2.843153    6.44876    -0.0817    13.8155 0.0000e+00  -61.48350  -54.87483 1152862819 195.319694    34.4832 0.0000e+00
    389.000    -0.4697   2.842725    -0.4690   2.843192    6.44670    -0.0706    13.8155 0.0000e+00  -61.48350  -54.87483 1152862820 195.319703    34.4837 0.0000e+00
    390.000    -0.4698   2.842767    -0.4690   2.843233    6.44520    -0.0772    13.8155 0.0000e+00  -61.48350  -54.87483 1152862821 195.319710    34.4836 0.0000e+00
    391.000    -0.4701   2.842800    -0.4693   2.843265    6.44169    -0.0805    13.8155 0.0000e+00  -61.48350  -54.87483 1152862821 195.319718    34.4839 0.0000e+00
    392.000    -0.4707   2.842797    -0.4699   2.843263    6.44063    -0.0719    13.8155 0.0000e+00  -61.48350  -54.87483 1152862822 195.319725    34.4838 0.0000e+00
    393.000    -0.4729   2.842699    -0.4719   2.843162    6.43783    -0.0719    13.8155 0.0000e+00  -61.48350  -54.87483 1152862823 195.319739    34.4845 0.0000e+00
    394.000    -0.4706   2.842904    -0.4700   2.843346    6.43289    -0.0749    13.8155 0.0000e+00  -61.48350  -54.87483 1152862826 195.319777    34.4839 0.0000e+00
    395.000    -0.4721   2.842858    -0.4715   2.843321    6.43293    -0.0602    13.8155 0.0000e+00  -61.48350  -54.87483 1152862828 195.319793    34.4844 0.0000e+00
    396.000    -0.4725   2.842926    -0.4717   2.843382    6.43193    -0.0767    13.8155 0.0000e+00  -61.48350  -54.87483 1152862829 195.319806    34.4852 0.0000e+00
    397.000    -0.4724   2.842968    -0.4714   2.843432    6.43460    -0.0769    13.8155 0.0000e+00  -61.48350  -54.87483 1152862830 195.319821    34.4850 0.0000e+00
