product_data/regression_test/downloaded_data/MDGS/320620060703/ctd/p6611101.cnv
* Sea-Bird SBE 9 Data File:
* FileName = D:\Data\Raw\p6611101.dat
* Software Version Seasave Win32 V 5.32
* Temperature SN = 1649
* Conductivity SN = 1431
* Number of Bytes Per Scan = 37
* Number of Voltage Words = 5
* Number of Scans Averaged by the Deck Unit = 1
* NMEA Latitude = 61 24.96 S
* NMEA Longitude = 054 52.52 W
* NMEA UTC (Time) = 04:45:09
** Ship:   Nathaniel B. Palmer 
** Cruise:    NBP0606 
# nquan = 15
# nvalues = 891                         
# units = specified
# name 0 = prDM: Pressure, Digiquartz [db]
# name 1 = t090C: Temperature [ITS-90, deg C]
# name 2 = c0S/m: Conductivity [S/m]
# name 3 = t190C: Temperature, 2 [ITS-90, deg C]
# name 4 = c1S/m: Conductivity, 2 [S/m]
# name 5 = sbeox0ML/L: Oxygen, SBE 43 [ml/l]
# name 6 = flECO-AFL: Fluorescence, Wetlab ECO-AFL/FL [mg/m^3]
# name 7 = bat: Beam Attenuation, Chelsea/Seatech/Wetlab CStar [1/m]
# name 8 = spar: SPAR/Surface Irradiance
# name 9 = latitude: Latitude [deg]
# name 10 = longitude: Longitude [deg]
# name 11 = timeY: Time, System [seconds]
# name 12 = timeJ: Julian Days
# name 13 = sal00: Salinity [PSU]
# name 14 = flag: flag
# span 0 =     13.000,    903.000       
# span 1 =    -0.9196,    -0.1942       
# span 2 =   2.768866,   2.860668       
# span 3 =    -0.9210,    -0.1930       
# span 4 =   2.769749,   2.861170       
# span 5 =    6.30700,    7.50181       
# span 6 =    -0.1157,     0.1370       
# span 7 =    13.8155,    13.8155       
# span 8 = 0.0000e+00, 0.0000e+00       
# span 9 =  -61.41600,  -61.41600       
# span 10 =  -54.87533,  -54.87533      
# span 11 = 1152852335, 1152853668      
# span 12 = 195.198337, 195.213768      
# span 13 =    34.2271,    34.5273      
# span 14 = 0.0000e+00, 0.0000e+00      
# interval = decibars: 1                
# start_time = Jul 14 2006 04:45:16
# bad_flag = -9.990e-29
*END*
[from data line 290]
    303.000    -0.2906   2.850244    -0.2883   2.850801    6.41427    -0.0567    13.8155 0.0000e+00  -61.41600  -54.87533 1152852872 195.204561    34.4328 0.0000e+00
    304.000    -0.2917   2.850183    -0.2904   2.850651    6.41282    -0.0533    13.8155 0.0000e+00  -61.41600  -54.87533 1152852875 195.204591    34.4329 0.0000e+00
    305.000    -0.2846   2.850959    -0.2822   2.851497    6.41054    -0.0658    13.8155 0.0000e+00  -61.41600  -54.87533 1152852876 195.204602    34.4346 0.0000e+00
    306.000    -0.2843   2.851014    -0.2833   2.851465    6.40994    -0.0578    13.8155 0.0000e+00  -61.41600  -54.87533 1152852877 195.204614    34.4343 0.0000e+00
    307.000    -0.2890   2.850661    -0.2884   2.851080    6.41181    -0.0535    13.8155 0.0000e+00  -61.41600  -54.87533 1152852879 195.204633    34.4345 0.0000e+00
    308.000    -0.2883   2.850895    -0.2873   2.851328    6.41255    -0.0549    13.8155 0.0000e+00  -61.41600  -54.87533 1152852880 195.204651    34.4363 0.0000e+00
    309.000    -0.2870   2.851146    -0.2864   2.851553    6.41286    -0.0682    13.8155 0.0000e+00  -61.41600  -54.87533 1152852881 195.204661    34.4376 0.0000e+00
    310.000    -0.2888   2.851023    -0.2884   2.851446    6.41236    -0.0590    13.8155 0.0000e+00  -61.41600  -54.87533 1152852882 195.204670    34.4374 0.0000e+00
    311.000    -0.2897   2.851000    -0.2885   2.851485    6.40850    -0.0437    13.8155 0.0000e+00  -61.41600  -54.87533 1152852882 195.204678    34.4376 0.0000e+00
    312.000    -0.2867   2.851349    -0.2852   2.851861    6.40807    -0.0534    13.8155 0.0000e+00  -61.41600  -54.87533 1152852883 195.204685    34.4382 0.0000e+00
    313.000    -0.2843   2.851605    -0.2831   2.852075    6.40615    -0.0625    13.8155 0.0000e+00  -61.41600  -54.87533 1152852884 195.204693    34.4383 0.0000e+00
    314.000    -0.2834   2.851742    -0.2823   2.852182    6.40036    -0.0621    13.8155 0.0000e+00  -61.41600  -54.87533 1152852887 195.204730    34.4385 0.0000e+00
    315.000    -0.2809   2.852049    -0.2760   2.852844    6.39555    -0.0617    13.8155 0.0000e+00  -61.41600  -54.87533 1152852890 195.204767    34.4392 0.0000e+00
    316.000    -0.2631   2.853948    -0.2573   2.854655    6.39232    -0.0682    13.8155 0.0000e+00  -61.41600  -54.87533 1152852891 195.204775    34.4443 0.0000e+00
    317.000    -0.2289   2.857086    -0.2302   2.857266    6.38249    -0.0651    13.8155 0.0000e+00  -61.41600  -54.87533 1152852891 195.204782    34.4451 0.0000e+00
    318.000    -0.2180   2.858094    -0.2152   2.858714    6.37320    -0.0768    13.8155 0.0000e+00  -61.41600  -54.87533 1152852892 195.204789    34.4450 0.0000e+00
    319.000    -0.2253   2.857427    -0.2268   2.857625    6.36187    -0.0578    13.8155 0.0000e+00  -61.41600  -54.87533 1152852893 195.204796    34.4439 0.0000e+00
    320.000    -0.1942   2.860668    -0.1930   2.861170    6.35132    -0.0780    13.8155 0.0000e+00  -61.41600  -54.87533 1152852893 195.204802    34.4495 0.0000e+00
    321.000    -0.2110   2.858974    -0.2021   2.860116    6.34452    -0.0615    13.8155 0.0000e+00  -61.41600  -54.87533 1152852896 195.204831    34.4479 0.0000e+00
    322.000    -0.2089   2.859241    -0.2065   2.859829    6.33910    -0.0490    13.8155 0.0000e+00  -61.41600  -54.87533 1152852898 195.204856    34.4478 0.0000e+00
    323.000    -0.2307   2.857711    -0.2284   2.858281    6.33910    -0.0818    13.8155 0.0000e+00  -61.41600  -54.87533 1152852899 195.204867    34.4529 0.0000e+00
    324.000    -0.2364   2.857302    -0.2320   2.858022    6.33736    -0.0488    13.8155 0.0000e+00  -61.41600  -54.87533 1152852900 195.204883    34.4537 0.0000e+00
    325.000    -0.2356   2.857418    -0.2364   2.857715    6.33830    -0.0645    13.8155 0.0000e+00  -61.41600  -54.87533 1152852902 195.204907    34.4536 0.0000e+00
    326.000    -0.2401   2.857087    -0.2398   2.857497    6.33950    -0.0659    13.8155 0.0000e+00  -61.41600  -54.87533 1152852903 195.204919    34.4539 0.0000e+00
    327.000    -0.2413   2.857043    -0.2437   2.857259    6.33767    -0.0614    13.8155 0.0000e+00  -61.41600  -54.87533 1152852904 195.204928    34.4541 0.0000e+00
    328.000    -0.2424   2.857007    -0.2412   2.857479    6.33491    -0.0679    13.8155 0.0000e+00  -61.41600  -54.87533 1152852905 195.204936    34.4542 0.0000e+00
    329.000    -0.2448   2.856878    -0.2435   2.857385    6.33545    -0.0614    13.8155 0.0000e+00  -61.41600  -54.87533 1152852905 195.204943    34.4548 0.0000e+00
    330.000    -0.2431   2.857067    -0.2420   2.857534    6.33550    -0.0582    13.8155 0.0000e+00  -61.41600  -54.87533 1152852906 195.204949    34.4547 0.0000e+00
    331.000    -0.2417   2.857228    -0.2410   2.857697    6.33844    -0.0645    13.8155 0.0000e+00  -61.41600  -54.87533 1152852907 195.204969    34.4547 0.0000e+00
    332.000    -0.2405   2.857378    -0.2394   2.857857    6.33997    -0.0515    13.8155 0.0000e+00  -61.41600  -54.87533 1152852912 195.205021    34.4546 0.0000e+00
    333.000    -0.2392   2.857623    -0.2379   2.858089    6.33822    -0.0676    13.8155 0.0000e+00  -61.41600  -54.87533 1152852913 195.205027    34.4559 0.0000e+00
    334.000    -0.2327   2.858241    -0.2321   2.858671    6.33436    -0.0603    13.8155 0.0000e+00  -61.41600  -54.87533 1152852913 195.205034    34.4557 0.0000e+00
    335.000    -0.2333   2.858197    -0.2334   2.858586    6.33141    -0.0698    13.8155 0.0000e+00  -61.41600  -54.87533 1152852914 195.205041    34.4552 0.0000e+00
    336.000    -0.2324   2.858336    -0.2323   2.858729    6.32877    -0.0626    13.8155 0.0000e+00  -61.41600  -54.87533 1152852914 195.205048    34.4557 0.0000e+00
    337.000    -0.2338   2.858287    -0.2326   2.858754    6.32894    -0.0624    13.8155 0.0000e+00  -61.41600  -54.87533 1152852915 195.205057    34.4560 0.0000e+00
    338.000    -0.2350   2.858217    -0.2346   2.858606    6.32937    -0.0608    13.8155 0.0000e+00  -61.41600  -54.87533 1152852917 195.205076    34.4558 0.0000e+00
    339.000    -0.2341   2.858356    -0.2336   2.858747    6.33001    -0.0591    13.8155 0.0000e+00  -61.41600  -54.87533 1152852919 195.205106    34.4561 0.0000e+00
    340.000    -0.2296   2.858830    -0.2305   2.859093    6.32334    -0.0578    13.8155 0.0000e+00  -61.41600  -54.87533 1152852921 195.205123    34.4565 0.0000e+00
    341.000    -0.2305   2.858818    -0.2285   2.859361    6.32313    -0.0599    13.8155 0.0000e+00  -61.41600  -54.87533 1152852922 195.205136    34.4569 0.0000e+00
    342.000    -0.2337   2.858574    -0.2331   2.858999    6.32331    -0.0557    13.8155 0.0000e+00  -61.41600  -54.87533 1152852923 195.205149    34.4567 0.0000e+00
    343.000    -0.2338   2.858618    -0.2317   2.859152    6.32443    -0.0511    13.8155 0.0000e+00  -61.41600  -54.87533 1152852924 195.205165    34.4569 0.0000e+00
    344.000    -0.2273   2.859225    -0.2249   2.859855    6.32418    -0.0672    13.8155 0.0000e+00  -61.41600  -54.87533 1152852926 195.205179    34.4579 0.0000e+00
    345.000    -0.2312   2.858945    -0.2305   2.859359    6.32047    -0.0742    13.8155 0.0000e+00  -61.41600  -54.87533 1152852927 195.205191    34.4572 0.0000e+00
    346.000    -0.2223   2.859918    -0.2209   2.860368    6.31631    -0.0597    13.8155 0.0000e+00  -61.41600  -54.87533 1152852928 195.205201    34.4592 0.0000e+00
    347.000    -0.2242   2.859814    -0.2231   2.860247    6.31431    -0.0558    13.8155 0.0000e+00  -61.41600  -54.87533 1152852928 195.205210    34.4593 0.0000e+00
    348.000    -0.2247   2.859787    -0.2234   2.860258    6.31366    -0.0556    13.8155 0.0000e+00  -61.41600  -54.87533 1152852931 195.205235    34.4590 0.0000e+00
    349.000    -0.2265   2.859684    -0.2256   2.860119    6.31540    -0.0651    13.8155 0.0000e+00  -61.41600  -54.87533 1152852934 195.205269    34.4590 0.0000e+00
    350.000    -0.2257   2.859821    -0.2262   2.860145    6.31649    -0.0784    13.8155 0.0000e+00  -61.41600  -54.87533 1152852934 195.205279    34.4595 0.0000e+00
    351.000    -0.2278   2.859666    -0.2261   2.860204    6.31445    -0.0629    13.8155 0.0000e+00  -61.41600  -54.87533 1152852935 195.205287    34.4591 0.0000e+00
    352.000    -0.2301   2.859509    -0.2288   2.860011    6.31324    -0.0752    13.8155 0.0000e+00  -61.41600  -54.87533 1152852936 195.205295    34.4593 0.0000e+00
    353.000    -0.2300   2.859583    -0.2292   2.860043    6.31163    -0.0713    13.8155 0.0000e+00  -61.41600  -54.87533 1152852936 195.205302    34.4596 0.0000e+00
    354.000    -0.2289   2.859723    -0.2282   2.860168    6.30833    -0.0718    13.8155 0.0000e+00  -61.41600  -54.87533 1152852937 195.205310    34.4595 0.0000e+00
    355.000    -0.2286   2.859872    -0.2277   2.860306    6.31128    -0.0645    13.8155 0.0000e+00  -61.41600  -54.87533 1152852938 195.205325    34.4605 0.0000e+00
    356.000    -0.2293   2.859801    -0.2283   2.860255    6.31916    -0.0710    13.8155 0.0000e+00  -61.41600  -54.87533 1152852942 195.205372    34.4598 0.0000e+00
    357.000    -0.2328   2.859594    -0.2327   2.860028    6.32060    -0.0516    13.8155 0.0000e+00  -61.41600  -54.87533 1152852943 195.205381    34.4604 0.0000e+00
    358.000    -0.2454   2.858666    -0.2448   2.859139    6.32149    -0.0663    13.8155 0.0000e+00  -61.41600  -54.87533 1152852944 195.205390    34.4620 0.0000e+00
    359.000    -0.2505   2.858298    -0.2502   2.858733    6.32027    -0.0515    13.8155 0.0000e+00  -61.41600  -54.87533 1152852945 195.205399    34.4624 0.0000e+00
    360.000    -0.2590   2.857618    -0.2581   2.858110    6.31873    -0.0704    13.8155 0.0000e+00  -61.41600  -54.87533 1152852946 195.205410    34.4626 0.0000e+00
    361.000    -0.2678   2.856942    -0.2680   2.857361    6.31857    -0.0669    13.8155 0.0000e+00  -61.41600  -54.87533 1152852947 195.205428    34.4635 0.0000e+00
    362.000    -0.2789   2.856258    -0.2781   2.856715    6.31750    -0.0700    13.8155 0.0000e+00  -61.41600  -54.87533 1152852949 195.205446    34.4661 0.0000e+00
    363.000    -0.2788   2.856364    -0.2779   2.856836    6.31664    -0.0660    13.8155 0.0000e+00  -61.41600  -54.87533 1152852950 195.205458    34.4666 0.0000e+00
    364.000    -0.2790   2.856451    -0.2783   2.856893    6.31530    -0.0725    13.8155 0.0000e+00  -61.41600  -54.87533 1152852951 195.205468    34.4673 0.0000e+00
    365.000    -0.2774   2.856684    -0.2762   2.857171    6.31485    -0.0724    13.8155 0.0000e+00  -61.41600  -54.87533 1152852952 195.205478    34.4679 0.0000e+00
    366.000    -0.2745   2.857030    -0.2738   2.857460    6.31858    -0.0654    13.8155 0.0000e+00  -61.41600  -54.87533 1152852954 195.205508    34.4682 0.0000e+00
    367.000    -0.2751   2.856992    -0.2733   2.857578    6.32035    -0.0643    13.8155 0.0000e+00  -61.41600  -54.87533 1152852956 195.205533    34.4681 0.0000e+00
    368.000    -0.2736   2.857227    -0.2730   2.857673    6.32083    -0.0573    13.8155 0.0000e+00  -61.41600  -54.87533 1152852957 195.205542    34.4686 0.0000e+00
    369.000    -0.2736   2.857293    -0.2730   2.857736    6.32025    -0.0642    13.8155 0.0000e+00  -61.41600  -54.87533 1152852958 195.205550    34.4688 0.0000e+00
    370.000    -0.2742   2.857274    -0.2732   2.857765    6.32005    -0.0712    13.8155 0.0000e+00  -61.41600  -54.87533 1152852958 195.205558    34.4686 0.0000e+00
    371.000    -0.2738   2.857376    -0.2730   2.857832    6.31885    -0.0650    13.8155 0.0000e+00  -61.41600  -54.87533 1152852959 195.205567    34.4688 0.0000e+00
    372.000    -0.2735   2.857472    -0.2725   2.857924    6.31855    -0.0699    13.8155 0.0000e+00  -61.41600  -54.87533 1152852962 195.205593    34.4691 0.0000e+00
    373.000    -0.2734   2.857534    -0.2724   2.858001    6.31932    -0.0749    13.8155 0.0000e+00  -61.41600  -54.87533 1152852963 195.205615    34.4691 0.0000e+00
    374.000    -0.2721   2.857734    -0.2713   2.858182    6.31906    -0.0556    13.8155 0.0000e+00  -61.41600  -54.87533 1152852964 195.205624    34.4698 0.0000e+00
    375.000    -0.2713   2.857886    -0.2707   2.858306    6.31705    -0.0673    13.8155 0.0000e+00  -61.41600  -54.87533 1152852965 195.205632    34.4702 0.0000e+00
    376.000    -0.2709   2.857967    -0.2702   2.858421    6.31755    -0.0632    13.8155 0.0000e+00  -61.41600  -54.87533 1152852966 195.205640    34.4702 0.0000e+00
    377.000    -0.2712   2.857998    -0.2704   2.858441    6.32024    -0.0571    13.8155 0.0000e+00  -61.41600  -54.87533 1152852967 195.205660    34.4704 0.0000e+00
    378.000    -0.2715   2.858010    -0.2706   2.858469    6.32399    -0.0745    13.8155 0.0000e+00  -61.41600  -54.87533 1152852971 195.205698    34.4703 0.0000e+00
    379.000    -0.2715   2.858072    -0.2707   2.858530    6.32147    -0.0861    13.8155 0.0000e+00  -61.41600  -54.87533 1152852971 195.205708    34.4705 0.0000e+00
    380.000    -0.2715   2.858125    -0.2708   2.858575    6.31839    -0.0685    13.8155 0.0000e+00  -61.41600  -54.87533 1152852972 195.205718    34.4706 0.0000e+00
    381.000    -0.2714   2.858186    -0.2706   2.858632    6.31612    -0.0548    13.8155 0.0000e+00  -61.41600  -54.87533 1152852973 195.205727    34.4708 0.0000e+00
    382.000    -0.2712   2.858242    -0.2705   2.858684    6.31660    -0.0546    13.8155 0.0000e+00  -61.41600  -54.87533 1152852974 195.205737    34.4707 0.0000e+00
    383.000    -0.2714   2.858275    -0.2707   2.858712    6.31717    -0.0583    13.8155 0.0000e+00  -61.41600  -54.87533 1152852975 195.205750    34.4707 0.0000e+00
    384.000    -0.2719   2.858270    -0.2711   2.858727    6.31637    -0.0711    13.8155 0.0000e+00  -61.41600  -54.87533 1152852976 195.205766    34.4706 0.0000e+00
    385.000    -0.2711   2.858397    -0.2704   2.858843    6.31296    -0.0676    13.8155 0.0000e+00  -61.41600  -54.87533 1152852978 195.205780    34.4708 0.0000e+00
    386.000    -0.2694   2.858622    -0.2686   2.859065    6.31087    -0.0601    13.8155 0.0000e+00  -61.41600  -54.87533 1152852979 195.205792    34.4712 0.0000e+00
    387.000    -0.2688   2.858730    -0.2680   2.859183    6.31458    -0.0659    13.8155 0.0000e+00  -61.41600  -54.87533 1152852981 195.205814    34.4714 0.0000e+00
    388.000    -0.2697   2.858697    -0.2679   2.859247    6.31827    -0.0593    13.8155 0.0000e+00  -61.41600  -54.87533 1152852984 195.205849    34.4714 0.0000e+00
    389.000    -0.2691   2.858818    -0.2684   2.859264    6.31421    -0.0698    13.8155 0.0000e+00  -61.41600  -54.87533 1152852984 195.205858    34.4717 0.0000e+00
    390.000    -0.2689   2.858854    -0.2683   2.859306    6.31296    -0.0566    13.8155 0.0000e+00  -61.41600  -54.87533 1152852985 195.205867    34.4713 0.0000e+00
    391.000    -0.2689   2.858936    -0.2681   2.859407    6.30975    -0.0645    13.8155 0.0000e+00  -61.41600  -54.87533 1152852986 195.205875    34.4719 0.0000e+00
    392.000    -0.2694   2.858951    -0.2686   2.859393    6.30945    -0.0672    13.8155 0.0000e+00  -61.41600  -54.87533 1152852987 195.205883    34.4720 0.0000e+00
    393.000    -0.2701   2.858929    -0.2691   2.859390    6.30974    -0.0645    13.8155 0.0000e+00  -61.41600  -54.87533 1152852988 195.205895    34.4720 0.0000e+00
    394.000    -0.2692   2.859072    -0.2675   2.859571    6.30886    -0.0634    13.8155 0.0000e+00  -61.41600  -54.87533 1152852989 195.205916    34.4723 0.0000e+00
    395.000    -0.2679   2.859237    -0.2671   2.859679    6.30836    -0.0761    13.8155 0.0000e+00  -61.41600  -54.87533 1152852991 195.205933    34.4723 0.0000e+00
    396.000    -0.2683   2.859241    -0.2673   2.859706    6.30700    -0.0715    13.8155 0.0000e+00  -61.41600  -54.87533 1152852992 195.205947    34.4723 0.0000e+00
    397.000    -0.2665   2.859429    -0.2656   2.859877    6.30882    -0.0840    13.8155 0.0000e+00  -61.41600  -54.87533 1152852993 195.205962    34.4721 0.0000e+00
