product_data/regression_test/downloaded_data/MDGS/320620060703/ctd/p6617401.ros
* Sea-Bird SBE 9 Data File:
* FileName = D:\Data\Raw\p6617401.dat
* Software Version Seasave Win32 V 5.32
* Temperature SN = 1649
* Conductivity SN = 1431
* Number of Bytes Per Scan = 37
* Number of Voltage Words = 5
* Number of Scans Averaged by the Deck Unit = 1
* NMEA Latitude = 60 36.99 S
* NMEA Longitude = 054 54.62 W
* NMEA UTC (Time) = 23:13:02
** Ship:   Nathaniel B. Palmer 
** Cruise:    NBP0606 
# nquan = 17
# nvalues = 1176                    
# units = specified
# name 0 = prDM: Pressure, Digiquartz [db]
# name 1 = t090C: Temperature [ITS-90, deg C]
# name 2 = c0S/m: Conductivity [S/m]
# name 3 = t190C: Temperature, 2 [ITS-90, deg C]
# name 4 = c1S/m: Conductivity, 2 [S/m]
# name 5 = sbeox0ML/L: Oxygen, SBE 43 [ml/l]
# name 6 = flECO-AFL: Fluorescence, Wetlab ECO-AFL/FL [mg/m^3]
# name 7 = bat: Beam Attenuation, Chelsea/Seatech/Wetlab CStar [1/m]
# name 8 = spar: SPAR/Surface Irradiance
# name 9 = latitude: Latitude [deg]
# name 10 = longitude: Longitude [deg]
# name 11 = timeY: Time, System [seconds]
# name 12 = timeJ: Julian Days
# name 13 = sal00: Salinity [PSU]
# name 14 = scan: scan number
# name 15 = nbf: number of bottles fired
# name 16 = flag:  0.000e+00
# interval = seconds: 0.0416667                   
# start_time = Jul 20 2006 23:13:11
*END*
[from data line 766]
     50.169    -0.7136   2.785413    -0.7127   2.785821    7.58576     0.1403    13.8155 0.0000e+00  -60.61650  -54.91033 1153440500 202.005809    34.1955      79463         16  0.000e+00
     50.169    -0.7134   2.785380    -0.7129   2.785821    7.58575     0.1403    13.8155 0.0000e+00  -60.61650  -54.91033 1153440500 202.005810    34.1948      79464         16  0.000e+00
     50.236    -0.7138   2.785436    -0.7125   2.785839    7.59052     0.1403    13.8155 0.0000e+00  -60.61650  -54.91033 1153440500 202.005810    34.1959      79465         16  0.000e+00
     50.169    -0.7132   2.785423    -0.7130   2.785850    7.59037     0.1726    13.8155 0.0000e+00  -60.61650  -54.91033 1153440500 202.005811    34.1951      79466         16  0.000e+00
     50.245    -0.7137   2.785397    -0.7131   2.785851    7.59055     0.1510    13.8155 0.0000e+00  -60.61650  -54.91033 1153440500 202.005811    34.1953      79467         16  0.000e+00
     50.245    -0.7130   2.785390    -0.7132   2.785810    7.59044     0.1188    13.8155 0.0000e+00  -60.61650  -54.91033 1153440500 202.005812    34.1944      79468         16  0.000e+00
     50.312    -0.7138   2.785423    -0.7129   2.785833    7.59061     0.1618    13.8155 0.0000e+00  -60.61650  -54.91033 1153440500 202.005812    34.1957      79469         16  0.000e+00
     50.245    -0.7136   2.785400    -0.7127   2.785810    7.58585     0.1618    13.8155 0.0000e+00  -60.61650  -54.91033 1153440500 202.005813    34.1952      79470         16  0.000e+00
     50.312    -0.7128   2.785423    -0.7135   2.785833    7.58579     0.1510    13.8155 0.0000e+00  -60.61650  -54.91033 1153440500 202.005813    34.1946      79471         16  0.000e+00
     50.312    -0.7132   2.785453    -0.7134   2.785810    7.59050     0.1188    13.8155 0.0000e+00  -60.61650  -54.91033 1153440500 202.005814    34.1954      79472         16  0.000e+00
     50.312    -0.7133   2.785374    -0.7130   2.785798    7.59057     0.1403    13.8155 0.0000e+00  -60.61650  -54.91033 1153440500 202.005814    34.1945      79473         16  0.000e+00
     50.379    -0.7135   2.785377    -0.7131   2.785798    7.58599     0.1618    13.8155 0.0000e+00  -60.61650  -54.91033 1153440500 202.005815    34.1947      79474         16  0.000e+00
     50.379    -0.7136   2.785341    -0.7132   2.785833    7.59072     0.1403    13.8155 0.0000e+00  -60.61650  -54.91033 1153440500 202.005815    34.1944      79475         16  0.000e+00
     50.379    -0.7136   2.785341    -0.7135   2.785827    7.59072     0.1941    13.8155 0.0000e+00  -60.61650  -54.91033 1153440500 202.005815    34.1944      79476         16  0.000e+00
     50.379    -0.7139   2.785377    -0.7135   2.785804    7.59073     0.1295    13.8155 0.0000e+00  -60.61650  -54.91033 1153440500 202.005816    34.1952      79477         16  0.000e+00
     50.379    -0.7143   2.785341    -0.7135   2.785798    7.59081     0.1188    13.8155 0.0000e+00  -60.61650  -54.91033 1153440501 202.005816    34.1951      79478         16  0.000e+00
     50.379    -0.7138   2.785354    -0.7135   2.785775    7.59073     0.1726    13.8155 0.0000e+00  -60.61650  -54.91033 1153440501 202.005817    34.1947      79479         16  0.000e+00
     50.455    -0.7136   2.785351    -0.7137   2.785787    7.59079     0.1833    13.8155 0.0000e+00  -60.61650  -54.91033 1153440501 202.005817    34.1944      79480         16  0.000e+00
     50.522    -0.7133   2.785377    -0.7132   2.785868    7.59547     0.1833    13.8155 0.0000e+00  -60.61650  -54.91033 1153440502 202.005832    34.1944      79511         17  0.000e+00
     50.522    -0.7136   2.785351    -0.7128   2.785856    7.59555     0.1403    13.8155 0.0000e+00  -60.61650  -54.91033 1153440502 202.005833    34.1944      79512         17  0.000e+00
     50.599    -0.7133   2.785377    -0.7130   2.785868    7.59088     0.1833    13.8155 0.0000e+00  -60.61650  -54.91033 1153440502 202.005833    34.1944      79513         17  0.000e+00
     50.666    -0.7133   2.785357    -0.7127   2.785856    7.59096     0.2371    13.8155 0.0000e+00  -60.61650  -54.91033 1153440502 202.005834    34.1940      79514         17  0.000e+00
     50.522    -0.7133   2.785361    -0.7131   2.785827    7.59549     0.2479    13.8155 0.0000e+00  -60.61650  -54.91033 1153440502 202.005834    34.1942      79515         17  0.000e+00
     50.523    -0.7136   2.785367    -0.7125   2.785822    7.59553     0.1833    13.8155 0.0000e+00  -60.61650  -54.91033 1153440502 202.005835    34.1946      79516         17  0.000e+00
     50.523    -0.7133   2.785387    -0.7131   2.785839    7.59078     0.1941    13.8155 0.0000e+00  -60.61650  -54.91033 1153440502 202.005835    34.1945      79517         17  0.000e+00
     50.523    -0.7136   2.785390    -0.7127   2.785827    7.59083     0.2371    13.8155 0.0000e+00  -60.61650  -54.91033 1153440502 202.005836    34.1949      79518         17  0.000e+00
     50.599    -0.7133   2.785390    -0.7132   2.785856    7.59087     0.2263    13.8155 0.0000e+00  -60.61650  -54.91033 1153440502 202.005836    34.1945      79519         17  0.000e+00
     50.456    -0.7136   2.785390    -0.7125   2.785856    7.59076     0.2048    13.8155 0.0000e+00  -60.61650  -54.91033 1153440502 202.005837    34.1949      79520         17  0.000e+00
     50.523    -0.7133   2.785423    -0.7119   2.785851    7.59076     0.1833    13.8155 0.0000e+00  -60.61650  -54.91033 1153440502 202.005837    34.1950      79521         17  0.000e+00
     50.523    -0.7127   2.785400    -0.7120   2.785851    7.59069     0.1510    13.8155 0.0000e+00  -60.61650  -54.91033 1153440502 202.005838    34.1940      79522         17  0.000e+00
     50.456    -0.7133   2.785410    -0.7127   2.785851    7.59538     0.1403    13.8155 0.0000e+00  -60.61650  -54.91033 1153440502 202.005838    34.1949      79523         17  0.000e+00
     50.523    -0.7135   2.785413    -0.7124   2.785827    7.59548     0.1403    13.8155 0.0000e+00  -60.61650  -54.91033 1153440502 202.005839    34.1951      79524         17  0.000e+00
     50.456    -0.7135   2.785377    -0.7126   2.785822    7.59543     0.1403    13.8155 0.0000e+00  -60.61650  -54.91033 1153440502 202.005839    34.1946      79525         17  0.000e+00
     50.456    -0.7130   2.785387    -0.7129   2.785822    7.59535     0.1403    13.8155 0.0000e+00  -60.61650  -54.91033 1153440503 202.005840    34.1942      79526         17  0.000e+00
     50.456    -0.7133   2.785407    -0.7126   2.785839    7.59538     0.1403    13.8155 0.0000e+00  -60.61650  -54.91033 1153440503 202.005840    34.1948      79527         17  0.000e+00
     50.456    -0.7132   2.785397    -0.7129   2.785810    7.59537     0.1833    13.8155 0.0000e+00  -60.61650  -54.91033 1153440503 202.005841    34.1946      79528         17  0.000e+00
     50.380    -0.7132   2.785390    -0.7129   2.785816    7.59530     0.1618    13.8155 0.0000e+00  -60.61650  -54.91033 1153440503 202.005841    34.1945      79529         17  0.000e+00
     50.456    -0.7131   2.785410    -0.7129   2.785804    7.59068     0.0972    13.8155 0.0000e+00  -60.61650  -54.91033 1153440503 202.005842    34.1947      79530         17  0.000e+00
     50.380    -0.7127   2.785397    -0.7132   2.785816    7.59522     0.0972    13.8155 0.0000e+00  -60.61650  -54.91033 1153440503 202.005842    34.1941      79531         17  0.000e+00
     50.380    -0.7135   2.785407    -0.7129   2.785798    7.59533     0.1403    13.8155 0.0000e+00  -60.61650  -54.91033 1153440503 202.005842    34.1951      79532         17  0.000e+00
     50.380    -0.7133   2.785413    -0.7128   2.785793    7.59530     0.1403    13.8155 0.0000e+00  -60.61650  -54.91033 1153440503 202.005843    34.1950      79533         17  0.000e+00
     50.380    -0.7132   2.785430    -0.7125   2.785833    7.59527     0.1403    13.8155 0.0000e+00  -60.61650  -54.91033 1153440503 202.005843    34.1950      79534         17  0.000e+00
     50.313    -0.7127   2.785403    -0.7122   2.785827    7.59515     0.1188    13.8155 0.0000e+00  -60.61650  -54.91033 1153440503 202.005844    34.1942      79535         17  0.000e+00
     50.380    -0.7126   2.785423    -0.7127   2.785822    7.59520     0.0972    13.8155 0.0000e+00  -60.61650  -54.91033 1153440503 202.005844    34.1944      79536         17  0.000e+00
     50.313    -0.7132   2.785436    -0.7125   2.785839    7.59519     0.1188    13.8155 0.0000e+00  -60.61650  -54.91033 1153440503 202.005845    34.1952      79537         17  0.000e+00
     50.313    -0.7128   2.785436    -0.7123   2.785851    7.59515     0.1833    13.8155 0.0000e+00  -60.61650  -54.91033 1153440503 202.005845    34.1948      79538         17  0.000e+00
     50.313    -0.7126   2.785420    -0.7125   2.785868    7.59513     0.1833    13.8155 0.0000e+00  -60.61650  -54.91033 1153440503 202.005846    34.1944      79539         17  0.000e+00
     50.246    -0.7127   2.785413    -0.7123   2.785874    7.59507     0.1833    13.8155 0.0000e+00  -60.61650  -54.91033 1153440503 202.005846    34.1944      79540         17  0.000e+00
     50.313    -0.7127   2.785430    -0.7124   2.785856    7.59513     0.1833    13.8155 0.0000e+00  -60.61650  -54.91033 1153440503 202.005847    34.1946      79541         17  0.000e+00
     50.246    -0.7126   2.785436    -0.7122   2.785885    7.59504     0.1403    13.8155 0.0000e+00  -60.61650  -54.91033 1153440503 202.005847    34.1946      79542         17  0.000e+00
     50.246    -0.7130   2.785436    -0.7125   2.785862    7.59510     0.1510    13.8155 0.0000e+00  -60.61650  -54.91033 1153440503 202.005848    34.1950      79543         17  0.000e+00
     50.246    -0.7125   2.785420    -0.7125   2.785868    7.59504     0.1618    13.8155 0.0000e+00  -60.61650  -54.91033 1153440503 202.005848    34.1943      79544         17  0.000e+00
     50.170    -0.7128   2.785430    -0.7120   2.785874    7.59500     0.1618    13.8155 0.0000e+00  -60.61650  -54.91033 1153440503 202.005849    34.1948      79545         17  0.000e+00
     50.246    -0.7125   2.785420    -0.7121   2.785874    7.59503     0.1188    13.8155 0.0000e+00  -60.61650  -54.91033 1153440503 202.005849    34.1942      79546         17  0.000e+00
     50.170    -0.7128   2.785446    -0.7122   2.785856    7.59499     0.0972    13.8155 0.0000e+00  -60.61650  -54.91033 1153440503 202.005850    34.1950      79547         17  0.000e+00
     50.170    -0.7125   2.785440    -0.7123   2.785868    7.59494     0.1188    13.8155 0.0000e+00  -60.61650  -54.91033 1153440503 202.005850    34.1946      79548         17  0.000e+00
     50.170    -0.7130   2.785436    -0.7122   2.785856    7.59501     0.1403    13.8155 0.0000e+00  -60.61650  -54.91033 1153440503 202.005851    34.1950      79549         17  0.000e+00
     50.170    -0.7125   2.785436    -0.7122   2.785885    7.59495     0.1833    13.8155 0.0000e+00  -60.61650  -54.91033 1153440503 202.005851    34.1945      79550         17  0.000e+00
     50.170    -0.7130   2.785436    -0.7119   2.785862    7.59970     0.1833    13.8155 0.0000e+00  -60.61650  -54.91033 1153440504 202.005852    34.1951      79551         17  0.000e+00
     50.103    -0.7126   2.785417    -0.7119   2.785868    7.59491     0.1726    13.8155 0.0000e+00  -60.61650  -54.91033 1153440504 202.005852    34.1945      79552         17  0.000e+00
     50.170    -0.7128   2.785446    -0.7122   2.785874    7.59499     0.1726    13.8155 0.0000e+00  -60.61650  -54.91033 1153440504 202.005853    34.1950      79553         17  0.000e+00
     50.104    -0.7127   2.785440    -0.7119   2.785856    7.59490     0.1510    13.8155 0.0000e+00  -60.61650  -54.91033 1153440504 202.005853    34.1948      79554         17  0.000e+00
     50.104    -0.7126   2.785436    -0.7122   2.785850    7.59489     0.1833    13.8155 0.0000e+00  -60.61650  -54.91033 1153440504 202.005854    34.1947      79555         17  0.000e+00
     50.037    -0.7124   2.785436    -0.7122   2.785850    7.59478     0.2156    13.8155 0.0000e+00  -60.61650  -54.91033 1153440504 202.005854    34.1945      79556         17  0.000e+00
     50.104    -0.7132   2.785417    -0.7124   2.785850    7.59499     0.1403    13.8155 0.0000e+00  -60.61650  -54.91033 1153440504 202.005855    34.1950      79557         17  0.000e+00
     50.104    -0.7125   2.785430    -0.7125   2.785868    7.59488     0.1618    13.8155 0.0000e+00  -60.61650  -54.91033 1153440504 202.005855    34.1945      79558         17  0.000e+00
     50.037    -0.7125   2.785436    -0.7121   2.785874    7.59481     0.1403    13.8155 0.0000e+00  -60.61650  -54.91033 1153440504 202.005856    34.1946      79559         17  0.000e+00
     50.878    -0.7143   2.785341    -0.7153   2.785653    7.59602     0.1618    13.8155 0.0000e+00  -60.61650  -54.91033 1153440507 202.005894    34.1948      79638         18  0.000e+00
     50.944    -0.7145   2.785305    -0.7145   2.785659    7.59148     0.1833    13.8155 0.0000e+00  -60.61650  -54.91033 1153440507 202.005894    34.1946      79639         18  0.000e+00
     50.944    -0.7145   2.785252    -0.7141   2.785781    7.59151     0.1618    13.8155 0.0000e+00  -60.61650  -54.91033 1153440507 202.005895    34.1938      79640         18  0.000e+00
     50.878    -0.7152   2.785235    -0.7149   2.785740    7.59624     0.1833    13.8155 0.0000e+00  -60.61650  -54.91033 1153440507 202.005895    34.1944      79641         18  0.000e+00
     50.944    -0.7155   2.785219    -0.7153   2.785653    7.59637     0.1833    13.8155 0.0000e+00  -60.61650  -54.91033 1153440507 202.005896    34.1945      79642         18  0.000e+00
     51.021    -0.7156   2.785212    -0.7153   2.785636    7.59647     0.1510    13.8155 0.0000e+00  -60.61650  -54.91033 1153440507 202.005896    34.1945      79643         18  0.000e+00
     51.021    -0.7158   2.785212    -0.7145   2.785711    7.59650     0.1403    13.8155 0.0000e+00  -60.61650  -54.91033 1153440507 202.005897    34.1947      79644         18  0.000e+00
     51.021    -0.7156   2.785212    -0.7146   2.785700    7.59647     0.1188    13.8155 0.0000e+00  -60.61650  -54.91033 1153440507 202.005897    34.1945      79645         18  0.000e+00
     51.087    -0.7151   2.785278    -0.7145   2.785688    7.59642     0.1403    13.8155 0.0000e+00  -60.61650  -54.91033 1153440508 202.005897    34.1948      79646         18  0.000e+00
     51.021    -0.7149   2.785371    -0.7149   2.785671    7.59625     0.1833    13.8155 0.0000e+00  -60.61650  -54.91033 1153440508 202.005898    34.1958      79647         18  0.000e+00
     51.087    -0.7138   2.785374    -0.7153   2.785624    7.59615     0.1510    13.8155 0.0000e+00  -60.61650  -54.91033 1153440508 202.005898    34.1945      79648         18  0.000e+00
     51.087    -0.7137   2.785351    -0.7157   2.785630    7.59616     0.1618    13.8155 0.0000e+00  -60.61650  -54.91033 1153440508 202.005899    34.1942      79649         18  0.000e+00
     51.088    -0.7143   2.785295    -0.7155   2.785619    7.59159     0.1941    13.8155 0.0000e+00  -60.61650  -54.91033 1153440508 202.005899    34.1940      79650         18  0.000e+00
     51.088    -0.7150   2.785229    -0.7156   2.785630    7.59175     0.1941    13.8155 0.0000e+00  -60.61650  -54.91033 1153440508 202.005900    34.1940      79651         18  0.000e+00
     51.154    -0.7151   2.785262    -0.7157   2.785619    7.59182     0.2048    13.8155 0.0000e+00  -60.61650  -54.91033 1153440508 202.005900    34.1945      79652         18  0.000e+00
     51.088    -0.7149   2.785298    -0.7159   2.785590    7.59168     0.2048    13.8155 0.0000e+00  -60.61650  -54.91033 1153440508 202.005901    34.1947      79653         18  0.000e+00
     51.154    -0.7147   2.785318    -0.7154   2.785619    7.59640     0.1833    13.8155 0.0000e+00  -60.61650  -54.91033 1153440508 202.005901    34.1948      79654         18  0.000e+00
     51.154    -0.7148   2.785305    -0.7155   2.785595    7.59643     0.1833    13.8155 0.0000e+00  -60.61650  -54.91033 1153440508 202.005902    34.1948      79655         18  0.000e+00
