product_data/regression_test/downloaded_data/MDGS/320620060703/ctd/p6617201.ros
* Sea-Bird SBE 9 Data File:
* FileName = D:\Data\Raw\p6617201.dat
* Software Version Seasave Win32 V 5.32
* Temperature SN = 1649
* Conductivity SN = 1431
* Number of Bytes Per Scan = 37
* Number of Voltage Words = 5
* Number of Scans Averaged by the Deck Unit = 1
* NMEA Latitude = 60 36.98 S
* NMEA Longitude = 055 11.63 W
* NMEA UTC (Time) = 16:04:08
** Ship:   Nathaniel B. Palmer 
** Cruise:    NBP0606 
# nquan = 17
# nvalues = 1167                    
# units = specified
# name 0 = prDM: Pressure, Digiquartz [db]
# name 1 = t090C: Temperature [ITS-90, deg C]
# name 2 = c0S/m: Conductivity [S/m]
# name 3 = t190C: Temperature, 2 [ITS-90, deg C]
# name 4 = c1S/m: Conductivity, 2 [S/m]
# name 5 = sbeox0ML/L: Oxygen, SBE 43 [ml/l]
# name 6 = flECO-AFL: Fluorescence, Wetlab ECO-AFL/FL [mg/m^3]
# name 7 = bat: Beam Attenuation, Chelsea/Seatech/Wetlab CStar [1/m]
# name 8 = spar: SPAR/Surface Irradiance
# name 9 = latitude: Latitude [deg]
# name 10 = longitude: Longitude [deg]
# name 11 = timeY: Time, System [seconds]
# name 12 = timeJ: Julian Days
# name 13 = sal00: Salinity [PSU]
# name 14 = scan: scan number
# name 15 = nbf: number of bottles fired
# name 16 = flag:  0.000e+00
# interval = seconds: 0.0416667                   
# start_time = Jul 20 2006 16:04:16
*END*
[from data line 171]
    701.134     1.1972   3.014218     1.1980   3.014499    4.99268    -0.0857    13.8155 1.9871e+02  -60.61633  -55.19383 1153413433 201.692534    34.6804      47495          4  0.000e+00
    701.134     1.1986   3.014328     1.1983   3.014470    4.99248    -0.0534    13.8155 1.9871e+02  -60.61633  -55.19383 1153413433 201.692534    34.6802      47496          4  0.000e+00
    701.211     1.2004   3.014434     1.1982   3.014511    4.99230    -0.0534    13.8155 2.0066e+02  -60.61633  -55.19383 1153413433 201.692535    34.6795      47497          4  0.000e+00
    701.231     1.2009   3.014485     1.1980   3.014499    4.99224    -0.0964    13.8155 1.9871e+02  -60.61633  -55.19383 1153413433 201.692535    34.6796      47498          4  0.000e+00
    701.211     1.2011   3.014529     1.1980   3.014499    4.99219    -0.1287    13.8155 1.9871e+02  -60.61633  -55.19383 1153413433 201.692536    34.6800      47499          4  0.000e+00
    701.211     1.2014   3.014502     1.1984   3.014517    4.99217    -0.1180    13.8155 1.9871e+02  -60.61633  -55.19383 1153413433 201.692536    34.6793      47500          4  0.000e+00
    701.279     1.2015   3.014509     1.1981   3.014523    4.99220    -0.0749    13.8155 1.9871e+02  -60.61633  -55.19383 1153413433 201.692537    34.6792      47501          4  0.000e+00
    701.279     1.2014   3.014481     1.1978   3.014523    4.99223    -0.0426    13.8155 1.9871e+02  -60.61633  -55.19383 1153413433 201.692537    34.6790      47502          4  0.000e+00
    701.356     1.2008   3.014375     1.1984   3.014523    4.99239    -0.0534    13.8155 1.9871e+02  -60.61633  -55.19383 1153413433 201.692538    34.6783      47503          4  0.000e+00
    701.279     1.1998   3.014331     1.1984   3.014541    4.99246    -0.0749    13.8155 1.9871e+02  -60.61633  -55.19383 1153413433 201.692538    34.6788      47504          4  0.000e+00
    701.356     1.1991   3.014307     1.1978   3.014553    4.99260    -0.0642    13.8155 1.9871e+02  -60.61633  -55.19383 1153413433 201.692539    34.6793      47505          4  0.000e+00
    701.375     1.1994   3.014263     1.1981   3.014529    4.99260    -0.0534    13.8155 1.9871e+02  -60.61633  -55.19383 1153413433 201.692539    34.6784      47506          4  0.000e+00
    701.356     1.1984   3.014218     1.1981   3.014541    4.99270    -0.0749    13.8155 1.9871e+02  -60.61633  -55.19383 1153413433 201.692540    34.6789      47507          4  0.000e+00
    701.423     1.1979   3.014242     1.1985   3.014553    4.99279    -0.0642    13.8155 1.9871e+02  -60.61633  -55.19383 1153413434 201.692540    34.6797      47508          4  0.000e+00
    701.423     1.1979   3.014249     1.1986   3.014595    4.99278    -0.0534    13.8155 1.9871e+02  -60.61633  -55.19383 1153413434 201.692541    34.6798      47509          4  0.000e+00
    701.491     1.1986   3.014270     1.1991   3.014607    4.99276    -0.1180    13.8155 1.9871e+02  -60.61633  -55.19383 1153413434 201.692541    34.6793      47510          4  0.000e+00
    701.491     1.1984   3.014331     1.1997   3.014649    4.99275    -0.0534    13.8155 1.9871e+02  -60.61633  -55.19383 1153413434 201.692541    34.6802      47511          4  0.000e+00
    701.423     1.1992   3.014345     1.2006   3.014691    4.99261    -0.0319    13.8155 1.9871e+02  -60.61633  -55.19383 1153413434 201.692542    34.6796      47512          4  0.000e+00
    701.568     1.1993   3.014348     1.2006   3.014733    4.99270    -0.0749    13.8155 1.9871e+02  -60.61633  -55.19383 1153413434 201.692542    34.6794      47513          4  0.000e+00
    701.520     1.1995   3.014362     1.2009   3.014709    4.99264    -0.0857    13.8155 1.9871e+02  -60.61633  -55.19383 1153413434 201.692543    34.6794      47514          4  0.000e+00
    701.568     1.2000   3.014389     1.2008   3.014757    4.99261    -0.0534    13.8155 1.9871e+02  -60.61633  -55.19383 1153413434 201.692543    34.6792      47515          4  0.000e+00
    701.635     1.2000   3.014400     1.2009   3.014757    4.99266    -0.1395    13.8155 1.9871e+02  -60.61633  -55.19383 1153413434 201.692544    34.6793      47516          4  0.000e+00
    701.568     1.1996   3.014376     1.2014   3.014745    4.99265    -0.0964    13.8155 1.9871e+02  -60.61633  -55.19383 1153413434 201.692544    34.6794      47517          4  0.000e+00
    701.712     1.1995   3.014389     1.2012   3.014751    4.99276    -0.0642    13.8155 1.9676e+02  -60.61633  -55.19383 1153413434 201.692545    34.6796      47518          4  0.000e+00
    701.635     1.2001   3.014362     1.2011   3.014769    4.99266    -0.0642    13.8155 1.9871e+02  -60.61633  -55.19383 1153413434 201.692545    34.6786      47519          4  0.000e+00
    600.469     1.2481   3.013351     1.2477   3.013711    4.97132    -0.0749    13.8155 2.0845e+02  -60.61633  -55.19383 1153413626 201.694771    34.6701      52135          5  0.000e+00
    600.517     1.2479   3.013396     1.2477   3.013723    4.97614    -0.0857    13.8155 2.0650e+02  -60.61633  -55.19383 1153413626 201.694772    34.6708      52136          5  0.000e+00
    600.469     1.2481   3.013386     1.2485   3.013717    4.97610    -0.0749    13.8155 2.0650e+02  -60.61633  -55.19383 1153413626 201.694772    34.6705      52137          5  0.000e+00
    600.517     1.2487   3.013369     1.2482   3.013723    4.97607    -0.0426    13.8155 2.0845e+02  -60.61633  -55.19383 1153413626 201.694773    34.6696      52138          5  0.000e+00
    600.440     1.2488   3.013399     1.2477   3.013657    4.97120    -0.0319    13.8155 2.0845e+02  -60.61633  -55.19383 1153413627 201.694773    34.6699      52139          5  0.000e+00
    600.392     1.2484   3.013403     1.2471   3.013639    4.97121    -0.0534    13.8155 2.0845e+02  -60.61633  -55.19383 1153413627 201.694774    34.6704      52140          5  0.000e+00
    600.440     1.2490   3.013392     1.2474   3.013663    4.97119    -0.0964    13.8155 2.0845e+02  -60.61633  -55.19383 1153413627 201.694774    34.6696      52141          5  0.000e+00
    600.469     1.2485   3.013399     1.2474   3.013681    4.97125    -0.1180    13.8155 2.1040e+02  -60.61633  -55.19383 1153413627 201.694775    34.6702      52142          5  0.000e+00
    600.373     1.2478   3.013392     1.2475   3.013717    4.97127    -0.0964    13.8155 2.1040e+02  -60.61633  -55.19383 1153413627 201.694775    34.6710      52143          5  0.000e+00
    600.392     1.2478   3.013389     1.2480   3.013759    4.97128    -0.1072    13.8155 2.1235e+02  -60.61633  -55.19383 1153413627 201.694776    34.6709      52144          5  0.000e+00
    600.373     1.2479   3.013399     1.2483   3.013783    4.97125    -0.0964    13.8155 2.1040e+02  -60.61633  -55.19383 1153413627 201.694776    34.6709      52145          5  0.000e+00
    600.373     1.2482   3.013427     1.2498   3.013878    4.97121    -0.0426    13.8155 2.1040e+02  -60.61633  -55.19383 1153413627 201.694777    34.6709      52146          5  0.000e+00
    600.325     1.2495   3.013526     1.2516   3.013920    4.97100    -0.0964    13.8155 2.1040e+02  -60.61633  -55.19383 1153413627 201.694777    34.6708      52147          5  0.000e+00
    600.373     1.2493   3.013512     1.2521   3.013956    4.97106    -0.1395    13.8155 2.1235e+02  -60.61633  -55.19383 1153413627 201.694778    34.6708      52148          5  0.000e+00
    600.325     1.2495   3.013522     1.2516   3.013932    4.97100    -0.1180    13.8155 2.1235e+02  -60.61633  -55.19383 1153413627 201.694778    34.6708      52149          5  0.000e+00
    600.296     1.2501   3.013522     1.2521   3.013968    4.97092    -0.0749    13.8155 2.1235e+02  -60.61633  -55.19383 1153413627 201.694779    34.6701      52150          5  0.000e+00
    600.296     1.2492   3.013529     1.2533   3.014093    4.97101    -0.0749    13.8155 2.1235e+02  -60.61633  -55.19383 1153413627 201.694779    34.6712      52151          5  0.000e+00
    600.325     1.2507   3.013604     1.2546   3.014207    4.97084    -0.0857    13.8155 2.1235e+02  -60.61633  -55.19383 1153413627 201.694780    34.6704      52152          5  0.000e+00
    600.296     1.2510   3.013673     1.2542   3.014243    4.97076    -0.0857    13.8155 2.1235e+02  -60.61633  -55.19383 1153413627 201.694780    34.6710      52153          5  0.000e+00
    600.325     1.2512   3.013679     1.2546   3.014237    4.97076    -0.0534    13.8155 2.1235e+02  -60.61633  -55.19383 1153413627 201.694781    34.6709      52154          5  0.000e+00
    600.296     1.2514   3.013666     1.2547   3.014219    4.97073    -0.0964    13.8155 2.1235e+02  -60.61633  -55.19383 1153413627 201.694781    34.6705      52155          5  0.000e+00
    600.248     1.2520   3.013850     1.2541   3.014189    4.97056    -0.1287    13.8155 2.1235e+02  -60.61633  -55.19383 1153413627 201.694782    34.6722      52156          5  0.000e+00
    600.441     1.2539   3.014004     1.2533   3.014081    4.97043    -0.1072    13.8155 2.1235e+02  -60.61633  -55.19383 1153413627 201.694782    34.6720      52157          5  0.000e+00
    600.296     1.2542   3.013881     1.2502   3.013890    4.97035    -0.0749    13.8155 2.1040e+02  -60.61633  -55.19383 1153413627 201.694783    34.6702      52158          5  0.000e+00
    600.393     1.2523   3.013659     1.2485   3.013693    4.97071    -0.0749    13.8155 2.1040e+02  -60.61633  -55.19383 1153413627 201.694783    34.6694      52159          5  0.000e+00
    600.373     1.2510   3.013533     1.2471   3.013573    4.97087    -0.0964    13.8155 2.1040e+02  -60.61633  -55.19383 1153413627 201.694783    34.6692      52160          5  0.000e+00
    600.325     1.2500   3.013427     1.2465   3.013531    4.97100    -0.1072    13.8155 2.1040e+02  -60.61633  -55.19383 1153413627 201.694784    34.6690      52161          5  0.000e+00
    600.373     1.2488   3.013283     1.2463   3.013502    4.97121    -0.0964    13.8155 2.1040e+02  -60.61633  -55.19383 1153413627 201.694784    34.6684      52162          5  0.000e+00
    600.441     1.2473   3.013256     1.2454   3.013502    4.97142    -0.0964    13.8155 2.1040e+02  -60.61633  -55.19383 1153413628 201.694785    34.6697      52163          5  0.000e+00
    600.393     1.2471   3.013194     1.2458   3.013514    4.97143    -0.0749    13.8155 2.1040e+02  -60.61633  -55.19383 1153413628 201.694785    34.6692      52164          5  0.000e+00
    600.441     1.2457   3.013184     1.2458   3.013508    4.97161    -0.0749    13.8155 2.0845e+02  -60.61633  -55.19383 1153413628 201.694786    34.6705      52165          5  0.000e+00
    600.393     1.2454   3.013157     1.2452   3.013484    4.97163    -0.0964    13.8155 2.0845e+02  -60.61633  -55.19383 1153413628 201.694786    34.6706      52166          5  0.000e+00
    600.518     1.2456   3.013095     1.2458   3.013490    4.97172    -0.0749    13.8155 2.1040e+02  -60.61633  -55.19383 1153413628 201.694787    34.6696      52167          5  0.000e+00
    600.470     1.2451   3.013106     1.2456   3.013502    4.97173    -0.1287    13.8155 2.1040e+02  -60.61633  -55.19383 1153413628 201.694787    34.6702      52168          5  0.000e+00
    600.441     1.2453   3.013085     1.2458   3.013538    4.97170    -0.0964    13.8155 2.1040e+02  -60.61633  -55.19383 1153413628 201.694788    34.6698      52169          5  0.000e+00
    600.518     1.2446   3.013140     1.2455   3.013532    4.97180    -0.0749    13.8155 2.1040e+02  -60.61633  -55.19383 1153413628 201.694788    34.6712      52170          5  0.000e+00
    600.537     1.2448   3.013133     1.2460   3.013502    4.97180    -0.0319    13.8155 2.1040e+02  -60.61633  -55.19383 1153413628 201.694789    34.6709      52171          5  0.000e+00
    600.518     1.2448   3.013106     1.2455   3.013502    4.97180    -0.0749    13.8155 2.1040e+02  -60.61633  -55.19383 1153413628 201.694789    34.6705      52172          5  0.000e+00
    600.537     1.2451   3.013147     1.2459   3.013508    4.97176    -0.0964    13.8155 2.1040e+02  -60.61633  -55.19383 1153413628 201.694790    34.6707      52173          5  0.000e+00
    600.585     1.2448   3.013133     1.2462   3.013514    4.97183    -0.1180    13.8155 2.1040e+02  -60.61633  -55.19383 1153413628 201.694790    34.6709      52174          5  0.000e+00
    600.585     1.2445   3.013099     1.2463   3.013508    4.97188    -0.0749    13.8155 2.1040e+02  -60.61633  -55.19383 1153413628 201.694791    34.6708      52175          5  0.000e+00
    600.537     1.2450   3.013133     1.2465   3.013561    4.97178    -0.0749    13.8155 2.1040e+02  -60.61633  -55.19383 1153413628 201.694791    34.6707      52176          5  0.000e+00
    600.652     1.2451   3.013150     1.2467   3.013562    4.97184    -0.0426    13.8155 2.1040e+02  -60.61633  -55.19383 1153413628 201.694792    34.6707      52177          5  0.000e+00
    600.604     1.2453   3.013140     1.2471   3.013651    4.97179    -0.0319    13.8155 2.1040e+02  -60.61633  -55.19383 1153413628 201.694792    34.6704      52178          5  0.000e+00
    600.585     1.2453   3.013181     1.2479   3.013675    4.97176    -0.0642    13.8155 2.1040e+02  -60.61633  -55.19383 1153413628 201.694793    34.6709      52179          5  0.000e+00
    600.681     1.2454   3.013170     1.2482   3.013675    4.96702    -0.0749    13.8155 2.1040e+02  -60.61633  -55.19383 1153413628 201.694793    34.6706      52180          5  0.000e+00
    600.585     1.2454   3.013188     1.2479   3.013663    4.97174    -0.0534    13.8155 2.1040e+02  -60.61633  -55.19383 1153413628 201.694794    34.6708      52181          5  0.000e+00
    600.652     1.2460   3.013177     1.2476   3.013693    4.97173    -0.0749    13.8155 2.1040e+02  -60.61633  -55.19383 1153413628 201.694794    34.6700      52182          5  0.000e+00
    600.681     1.2459   3.013164     1.2477   3.013669    4.97177    -0.0857    13.8155 2.1040e+02  -60.61633  -55.19383 1153413628 201.694795    34.6700      52183          5  0.000e+00
    499.308     1.3136   3.013100     1.3136   3.013466    4.94271    -0.0749    13.8155 2.2014e+02  -60.61633  -55.19383 1153413825 201.697072    34.6521      56906          6  0.000e+00
    499.241     1.3131   3.013113     1.3141   3.013466    4.94272    -0.0857    13.8155 2.2014e+02  -60.61633  -55.19383 1153413825 201.697073    34.6529      56907          6  0.000e+00
    499.356     1.3132   3.013076     1.3135   3.013430    4.94280    -0.0857    13.8155 2.2014e+02  -60.61633  -55.19383 1153413825 201.697073    34.6523      56908          6  0.000e+00
    499.241     1.3129   3.013069     1.3131   3.013406    4.94276    -0.1180    13.8155 2.2014e+02  -60.61633  -55.19383 1153413825 201.697074    34.6526      56909          6  0.000e+00
    499.308     1.3134   3.013082     1.3135   3.013394    4.94274    -0.1610    13.8155 2.2014e+02  -60.61633  -55.19383 1153413825 201.697074    34.6521      56910          6  0.000e+00
    499.356     1.3132   3.013093     1.3136   3.013400    4.94752    -0.1502    13.8155 2.1819e+02  -60.61633  -55.19383 1153413825 201.697075    34.6525      56911          6  0.000e+00
    499.308     1.3127   3.013096     1.3126   3.013394    4.94753    -0.1072    13.8155 2.1819e+02  -60.61633  -55.19383 1153413825 201.697075    34.6531      56912          6  0.000e+00
    499.385     1.3129   3.013086     1.3114   3.013287    4.94756    -0.1072    13.8155 2.2014e+02  -60.61633  -55.19383 1153413825 201.697076    34.6526      56913          6  0.000e+00
    499.356     1.3129   3.013055     1.3111   3.013155    4.94756    -0.0642    13.8155 2.2014e+02  -60.61633  -55.19383 1153413825 201.697076    34.6524      56914          6  0.000e+00
    499.385     1.3126   3.013038     1.3114   3.013179    4.94762     0.0004    13.8155 2.2014e+02  -60.61633  -55.19383 1153413825 201.697077    34.6524      56915          6  0.000e+00
