product_data/regression_test/downloaded_data/MDGS/320620060703/ctd/p6617603.ros
* Sea-Bird SBE 9 Data File:
* FileName = D:\Data\Raw\p6617603.dat
* Software Version Seasave Win32 V 5.32
* Temperature SN = 1649
* Conductivity SN = 1431
* Number of Bytes Per Scan = 37
* Number of Voltage Words = 5
* Number of Scans Averaged by the Deck Unit = 1
* NMEA Latitude = 60 36.97 S
* NMEA Longitude = 054 43.19 W
* NMEA UTC (Time) = 07:01:18
** Ship:   Nathaniel B. Palmer 
** Cruise:    NBP0606 
# nquan = 17
# nvalues = 1176                    
# units = specified
# name 0 = prDM: Pressure, Digiquartz [db]
# name 1 = t090C: Temperature [ITS-90, deg C]
# name 2 = c0S/m: Conductivity [S/m]
# name 3 = t190C: Temperature, 2 [ITS-90, deg C]
# name 4 = c1S/m: Conductivity, 2 [S/m]
# name 5 = sbeox0ML/L: Oxygen, SBE 43 [ml/l]
# name 6 = flECO-AFL: Fluorescence, Wetlab ECO-AFL/FL [mg/m^3]
# name 7 = bat: Beam Attenuation, Chelsea/Seatech/Wetlab CStar [1/m]
# name 8 = spar: SPAR/Surface Irradiance
# name 9 = latitude: Latitude [deg]
# name 10 = longitude: Longitude [deg]
# name 11 = timeY: Time, System [seconds]
# name 12 = timeJ: Julian Days
# name 13 = sal00: Salinity [PSU]
# name 14 = scan: scan number
# name 15 = nbf: number of bottles fired
# name 16 = flag:  0.000e+00
# interval = seconds: 0.0416667                   
# start_time = Jul 21 2006 07:01:26
*END*
[from data line 171]
     50.297    -0.6412   2.791062    -0.6395   2.791645    7.58500     0.2479    13.8155 0.0000e+00  -60.61617  -54.71983 1153465452 202.294612    34.1898       4045          4  0.000e+00
     50.297    -0.6406   2.791066    -0.6381   2.791721    7.58491     0.2694    13.8155 0.0000e+00  -60.61617  -54.71983 1153465452 202.294613    34.1891       4046          4  0.000e+00
     50.230    -0.6413   2.791086    -0.6376   2.791802    7.58026     0.2586    13.8155 0.0000e+00  -60.61617  -54.71983 1153465452 202.294613    34.1903       4047          4  0.000e+00
     50.297    -0.6413   2.791072    -0.6376   2.791819    7.58502     0.2479    13.8155 0.0000e+00  -60.61617  -54.71983 1153465452 202.294614    34.1901       4048          4  0.000e+00
     50.297    -0.6413   2.791069    -0.6373   2.791883    7.58502     0.2156    13.8155 0.0000e+00  -60.61617  -54.71983 1153465452 202.294614    34.1900       4049          4  0.000e+00
     50.297    -0.6412   2.791049    -0.6372   2.791883    7.58501     0.2263    13.8155 0.0000e+00  -60.61617  -54.71983 1153465453 202.294615    34.1896       4050          4  0.000e+00
     50.297    -0.6407   2.791029    -0.6375   2.791895    7.58028     0.2479    13.8155 0.0000e+00  -60.61617  -54.71983 1153465453 202.294615    34.1888       4051          4  0.000e+00
     50.230    -0.6412   2.791039    -0.6373   2.791918    7.58494     0.2909    13.8155 0.0000e+00  -60.61617  -54.71983 1153465453 202.294616    34.1895       4052          4  0.000e+00
     50.297    -0.6412   2.791046    -0.6369   2.791930    7.58033     0.3124    13.8155 0.0000e+00  -60.61617  -54.71983 1153465453 202.294616    34.1895       4053          4  0.000e+00
     50.364    -0.6412   2.791013    -0.6372   2.791947    7.58043     0.3017    13.8155 0.0000e+00  -60.61617  -54.71983 1153465453 202.294617    34.1891       4054          4  0.000e+00
     50.297    -0.6413   2.791033    -0.6374   2.791918    7.58505     0.2909    13.8155 0.0000e+00  -60.61617  -54.71983 1153465453 202.294617    34.1896       4055          4  0.000e+00
     50.297    -0.6415   2.791062    -0.6369   2.791924    7.58037     0.2801    13.8155 0.0000e+00  -60.61617  -54.71983 1153465453 202.294618    34.1901       4056          4  0.000e+00
     50.297    -0.6419   2.791036    -0.6369   2.791930    7.58046     0.3124    13.8155 0.0000e+00  -60.61617  -54.71983 1153465453 202.294618    34.1903       4057          4  0.000e+00
     50.297    -0.6407   2.791006    -0.6370   2.791930    7.58497     0.2801    13.8155 0.0000e+00  -60.61617  -54.71983 1153465453 202.294619    34.1885       4058          4  0.000e+00
     50.297    -0.6407   2.791020    -0.6370   2.791912    7.58496     0.2371    13.8155 0.0000e+00  -60.61617  -54.71983 1153465453 202.294619    34.1887       4059          4  0.000e+00
     50.297    -0.6410   2.791026    -0.6373   2.791901    7.58033     0.2156    13.8155 0.0000e+00  -60.61617  -54.71983 1153465453 202.294620    34.1891       4060          4  0.000e+00
     50.364    -0.6409   2.791026    -0.6370   2.791941    7.58038     0.2586    13.8155 0.0000e+00  -60.61617  -54.71983 1153465453 202.294620    34.1889       4061          4  0.000e+00
     50.297    -0.6415   2.791026    -0.6376   2.791895    7.58040     0.2909    13.8155 0.0000e+00  -60.61617  -54.71983 1153465453 202.294620    34.1896       4062          4  0.000e+00
     50.364    -0.6418   2.791026    -0.6376   2.791912    7.58051     0.2909    13.8155 0.0000e+00  -60.61617  -54.71983 1153465453 202.294621    34.1899       4063          4  0.000e+00
     50.297    -0.6413   2.791039    -0.6376   2.791883    7.58037     0.2801    13.8155 0.0000e+00  -60.61617  -54.71983 1153465453 202.294621    34.1896       4064          4  0.000e+00
     50.297    -0.6417   2.791029    -0.6376   2.791872    7.58510     0.2801    13.8155 0.0000e+00  -60.61617  -54.71983 1153465453 202.294622    34.1899       4065          4  0.000e+00
     50.364    -0.6419   2.791039    -0.6375   2.791895    7.58053     0.3017    13.8155 0.0000e+00  -60.61617  -54.71983 1153465453 202.294622    34.1903       4066          4  0.000e+00
     50.297    -0.6418   2.790996    -0.6375   2.791924    7.58514     0.3017    13.8155 0.0000e+00  -60.61617  -54.71983 1153465453 202.294623    34.1896       4067          4  0.000e+00
     50.364    -0.6426   2.791029    -0.6379   2.791889    7.58530     0.2909    13.8155 0.0000e+00  -60.61617  -54.71983 1153465453 202.294623    34.1909       4068          4  0.000e+00
     50.364    -0.6430   2.790996    -0.6376   2.791878    7.58540     0.2586    13.8155 0.0000e+00  -60.61617  -54.71983 1153465453 202.294624    34.1909       4069          4  0.000e+00
     51.213    -0.6280   2.792391    -0.6286   2.792784    7.58304     0.2801    13.8155 0.0000e+00  -60.61617  -54.71983 1153465460 202.294699    34.1922       4224          5  0.000e+00
     51.203    -0.6288   2.792358    -0.6286   2.792796    7.58317     0.3124    13.8155 0.0000e+00  -60.61617  -54.71983 1153465460 202.294699    34.1927       4225          5  0.000e+00
     51.136    -0.6283   2.792348    -0.6284   2.792790    7.58304     0.2694    13.8155 0.0000e+00  -60.61617  -54.71983 1153465460 202.294700    34.1921       4226          5  0.000e+00
     51.136    -0.6285   2.792328    -0.6286   2.792796    7.58308     0.2479    13.8155 0.0000e+00  -60.61617  -54.71983 1153465460 202.294700    34.1920       4227          5  0.000e+00
     51.213    -0.6292   2.792341    -0.6287   2.792767    7.58326     0.2479    13.8155 0.0000e+00  -60.61617  -54.71983 1153465460 202.294701    34.1930       4228          5  0.000e+00
     51.213    -0.6294   2.792348    -0.6286   2.792772    7.58329     0.2156    13.8155 0.0000e+00  -60.61617  -54.71983 1153465460 202.294701    34.1933       4229          5  0.000e+00
     51.213    -0.6288   2.792328    -0.6301   2.792679    7.58320     0.2371    13.8155 0.0000e+00  -60.61617  -54.71983 1153465460 202.294701    34.1923       4230          5  0.000e+00
     51.213    -0.6291   2.792341    -0.6333   2.792383    7.58324     0.2263    13.8155 0.0000e+00  -60.61617  -54.71983 1153465460 202.294702    34.1928       4231          5  0.000e+00
     51.279    -0.6283   2.792348    -0.6356   2.792162    7.58319     0.2909    13.8155 0.0000e+00  -60.61617  -54.71983 1153465460 202.294702    34.1920       4232          5  0.000e+00
     51.213    -0.6284   2.792348    -0.6332   2.792273    7.58313     0.3232    13.8155 0.0000e+00  -60.61617  -54.71983 1153465460 202.294703    34.1921       4233          5  0.000e+00
     51.279    -0.6292   2.792361    -0.6307   2.792546    7.57865     0.2694    13.8155 0.0000e+00  -60.61617  -54.71983 1153465460 202.294703    34.1932       4234          5  0.000e+00
     51.279    -0.6291   2.792351    -0.6289   2.792743    7.57863     0.2263    13.8155 0.0000e+00  -60.61617  -54.71983 1153465460 202.294704    34.1929       4235          5  0.000e+00
     51.279    -0.6291   2.792295    -0.6284   2.792836    7.57867     0.2371    13.8155 0.0000e+00  -60.61617  -54.71983 1153465460 202.294704    34.1921       4236          5  0.000e+00
     51.279    -0.6294   2.792278    -0.6269   2.792941    7.57873     0.2694    13.8155 0.0000e+00  -60.61617  -54.71983 1153465460 202.294705    34.1923       4237          5  0.000e+00
     51.279    -0.6296   2.792311    -0.6266   2.792987    7.57873     0.3232    13.8155 0.0000e+00  -60.61617  -54.71983 1153465460 202.294705    34.1929       4238          5  0.000e+00
     51.279    -0.6298   2.792341    -0.6261   2.793028    7.58341     0.3662    13.8155 0.0000e+00  -60.61617  -54.71983 1153465460 202.294706    34.1935       4239          5  0.000e+00
     51.346    -0.6296   2.792278    -0.6260   2.793022    7.58350     0.3447    13.8155 0.0000e+00  -60.61617  -54.71983 1153465460 202.294706    34.1924       4240          5  0.000e+00
     51.279    -0.6297   2.792120    -0.6260   2.793034    7.58356     0.2909    13.8155 0.0000e+00  -60.61617  -54.71983 1153465460 202.294707    34.1905       4241          5  0.000e+00
     51.346    -0.6322   2.792008    -0.6256   2.793022    7.58409     0.2371    13.8155 0.0000e+00  -60.61617  -54.71983 1153465460 202.294707    34.1917       4242          5  0.000e+00
     51.346    -0.6344   2.791955    -0.6281   2.792883    7.58445     0.2586    13.8155 0.0000e+00  -60.61617  -54.71983 1153465461 202.294708    34.1935       4243          5  0.000e+00
     51.279    -0.6341   2.792077    -0.6301   2.792709    7.58425     0.2694    13.8155 0.0000e+00  -60.61617  -54.71983 1153465461 202.294708    34.1948       4244          5  0.000e+00
     51.346    -0.6330   2.792173    -0.6303   2.792674    7.57941     0.2801    13.8155 0.0000e+00  -60.61617  -54.71983 1153465461 202.294709    34.1948       4245          5  0.000e+00
     51.346    -0.6323   2.792239    -0.6300   2.792772    7.58393     0.2909    13.8155 0.0000e+00  -60.61617  -54.71983 1153465461 202.294709    34.1949       4246          5  0.000e+00
     51.346    -0.6311   2.792222    -0.6295   2.792825    7.58377     0.2801    13.8155 0.0000e+00  -60.61617  -54.71983 1153465461 202.294710    34.1934       4247          5  0.000e+00
     51.346    -0.6310   2.792193    -0.6292   2.792871    7.57909     0.3017    13.8155 0.0000e+00  -60.61617  -54.71983 1153465461 202.294710    34.1928       4248          5  0.000e+00
     51.346    -0.6308   2.792169    -0.6287   2.792871    7.57909     0.3232    13.8155 0.0000e+00  -60.61617  -54.71983 1153465461 202.294711    34.1923       4249          5  0.000e+00
     51.346    -0.6308   2.792199    -0.6283   2.792877    7.57906     0.3232    13.8155 0.0000e+00  -60.61617  -54.71983 1153465461 202.294711    34.1927       4250          5  0.000e+00
     51.422    -0.6305   2.792193    -0.6286   2.792883    7.57911     0.2801    13.8155 0.0000e+00  -60.61617  -54.71983 1153465461 202.294712    34.1923       4251          5  0.000e+00
     51.346    -0.6303   2.792255    -0.6282   2.792906    7.57896     0.3124    13.8155 0.0000e+00  -60.61617  -54.71983 1153465461 202.294712    34.1930       4252          5  0.000e+00
     51.346    -0.6299   2.792262    -0.6278   2.792929    7.58356     0.3017    13.8155 0.0000e+00  -60.61617  -54.71983 1153465461 202.294713    34.1926       4253          5  0.000e+00
     51.346    -0.6297   2.792272    -0.6270   2.792935    7.58353     0.2909    13.8155 0.0000e+00  -60.61617  -54.71983 1153465461 202.294713    34.1925       4254          5  0.000e+00
     51.346    -0.6297   2.792259    -0.6266   2.792941    7.58354     0.2694    13.8155 0.0000e+00  -60.61617  -54.71983 1153465461 202.294714    34.1923       4255          5  0.000e+00
     51.346    -0.6294   2.792272    -0.6273   2.792953    7.57881     0.2586    13.8155 0.0000e+00  -60.61617  -54.71983 1153465461 202.294714    34.1921       4256          5  0.000e+00
     51.346    -0.6299   2.792245    -0.6272   2.792941    7.57889     0.2371    13.8155 0.0000e+00  -60.61617  -54.71983 1153465461 202.294715    34.1923       4257          5  0.000e+00
     51.346    -0.6297   2.792236    -0.6278   2.792923    7.58355     0.2586    13.8155 0.0000e+00  -60.61617  -54.71983 1153465461 202.294715    34.1920       4258          5  0.000e+00
     51.422    -0.6306   2.792183    -0.6284   2.792865    7.57913     0.2801    13.8155 0.0000e+00  -60.61617  -54.71983 1153465461 202.294715    34.1923       4259          5  0.000e+00
     51.279    -0.6304   2.792117    -0.6284   2.792819    7.57899     0.2263    13.8155 0.0000e+00  -60.61617  -54.71983 1153465461 202.294716    34.1912       4260          5  0.000e+00
     51.346    -0.6305   2.791998    -0.6292   2.792790    7.57916     0.2586    13.8155 0.0000e+00  -60.61617  -54.71983 1153465461 202.294716    34.1897       4261          5  0.000e+00
     51.346    -0.6305   2.791846    -0.6297   2.792755    7.57927     0.2909    13.8155 0.0000e+00  -60.61617  -54.71983 1153465461 202.294717    34.1876       4262          5  0.000e+00
     51.346    -0.6321   2.791740    -0.6296   2.792749    7.57958     0.3017    13.8155 0.0000e+00  -60.61617  -54.71983 1153465461 202.294717    34.1879       4263          5  0.000e+00
     51.346    -0.6336   2.791618    -0.6293   2.792714    7.57990     0.3017    13.8155 0.0000e+00  -60.61617  -54.71983 1153465461 202.294718    34.1880       4264          5  0.000e+00
     51.346    -0.6348   2.791548    -0.6295   2.792633    7.58013     0.2801    13.8155 0.0000e+00  -60.61617  -54.71983 1153465461 202.294718    34.1885       4265          5  0.000e+00
     51.279    -0.6370   2.791588    -0.6303   2.792616    7.58036     0.2801    13.8155 0.0000e+00  -60.61617  -54.71983 1153465461 202.294719    34.1915       4266          5  0.000e+00
     51.279    -0.6375   2.791707    -0.6307   2.792604    7.58035     0.2694    13.8155 0.0000e+00  -60.61617  -54.71983 1153465462 202.294719    34.1937       4267          5  0.000e+00
     51.346    -0.6358   2.791839    -0.6313   2.792511    7.58007     0.3017    13.8155 0.0000e+00  -60.61617  -54.71983 1153465462 202.294720    34.1935       4268          5  0.000e+00
     51.279    -0.6344   2.791941    -0.6310   2.792546    7.57972     0.3232    13.8155 0.0000e+00  -60.61617  -54.71983 1153465462 202.294720    34.1933       4269          5  0.000e+00
     51.279    -0.6330   2.792034    -0.6311   2.792569    7.57944     0.3124    13.8155 0.0000e+00  -60.61617  -54.71983 1153465462 202.294721    34.1930       4270          5  0.000e+00
     51.279    -0.6323   2.792070    -0.6307   2.792563    7.57932     0.2586    13.8155 0.0000e+00  -60.61617  -54.71983 1153465462 202.294721    34.1928       4271          5  0.000e+00
     51.213    -0.6317   2.792093    -0.6301   2.792546    7.57914     0.2694    13.8155 0.0000e+00  -60.61617  -54.71983 1153465462 202.294722    34.1924       4272          5  0.000e+00
     50.993    -0.6263   2.792566    -0.6280   2.793022    7.57308     0.3339    13.8155 0.0000e+00  -60.61617  -54.71983 1153465468 202.294799    34.1928       4433          6  0.000e+00
     50.926    -0.6257   2.792579    -0.6278   2.793051    7.57291     0.3555    13.8155 0.0000e+00  -60.61617  -54.71983 1153465469 202.294800    34.1923       4434          6  0.000e+00
     50.926    -0.6256   2.792572    -0.6272   2.793063    7.56823     0.3232    13.8155 0.0000e+00  -60.61617  -54.71983 1153465469 202.294800    34.1921       4435          6  0.000e+00
     50.993    -0.6261   2.792483    -0.6257   2.793133    7.56844     0.3232    13.8155 0.0000e+00  -60.61617  -54.71983 1153465469 202.294801    34.1915       4436          6  0.000e+00
     50.993    -0.6275   2.792354    -0.6253   2.793173    7.57342     0.3124    13.8155 0.0000e+00  -60.61617  -54.71983 1153465469 202.294801    34.1914       4437          6  0.000e+00
     50.993    -0.6282   2.792341    -0.6260   2.793173    7.57352     0.3124    13.8155 0.0000e+00  -60.61617  -54.71983 1153465469 202.294802    34.1919       4438          6  0.000e+00
     50.926    -0.6279   2.792361    -0.6255   2.793156    7.57339     0.3124    13.8155 0.0000e+00  -60.61617  -54.71983 1153465469 202.294802    34.1919       4439          6  0.000e+00
     50.993    -0.6285   2.792318    -0.6253   2.793173    7.57358     0.3017    13.8155 0.0000e+00  -60.61617  -54.71983 1153465469 202.294803    34.1919       4440          6  0.000e+00
     50.993    -0.6287   2.792252    -0.6247   2.793133    7.57366     0.3017    13.8155 0.0000e+00  -60.61617  -54.71983 1153465469 202.294803    34.1913       4441          6  0.000e+00
     50.926    -0.6291   2.792166    -0.6257   2.793103    7.57371     0.2801    13.8155 0.0000e+00  -60.61617  -54.71983 1153465469 202.294804    34.1906       4442          6  0.000e+00
