product_data/regression_test/downloaded_data/MDGS/320620060703/ctd/p6619103.ros
* Sea-Bird SBE 9 Data File:
* FileName = D:\Data\Raw\p6619103.dat
* Software Version Seasave Win32 V 5.32
* Temperature SN = 1649
* Conductivity SN = 1431
* Number of Bytes Per Scan = 37
* Number of Voltage Words = 5
* Number of Scans Averaged by the Deck Unit = 1
* NMEA Latitude = 60 48.00 S
* NMEA Longitude = 055 00.25 W
* NMEA UTC (Time) = 16:10:00
** Ship:   Nathaniel B. Palmer 
** Cruise:    NBP0606 
# nquan = 17
# nvalues = 1176                    
# units = specified
# name 0 = prDM: Pressure, Digiquartz [db]
# name 1 = t090C: Temperature [ITS-90, deg C]
# name 2 = c0S/m: Conductivity [S/m]
# name 3 = t190C: Temperature, 2 [ITS-90, deg C]
# name 4 = c1S/m: Conductivity, 2 [S/m]
# name 5 = sbeox0ML/L: Oxygen, SBE 43 [ml/l]
# name 6 = flECO-AFL: Fluorescence, Wetlab ECO-AFL/FL [mg/m^3]
# name 7 = bat: Beam Attenuation, Chelsea/Seatech/Wetlab CStar [1/m]
# name 8 = spar: SPAR/Surface Irradiance
# name 9 = latitude: Latitude [deg]
# name 10 = longitude: Longitude [deg]
# name 11 = timeY: Time, System [seconds]
# name 12 = timeJ: Julian Days
# name 13 = sal00: Salinity [PSU]
# name 14 = scan: scan number
# name 15 = nbf: number of bottles fired
# name 16 = flag:  0.000e+00
# interval = seconds: 0.0416667                   
# start_time = Jul 23 2006 16:10:08
*END*
[from data line 511]
    250.779    -0.6055   2.819872    -0.6223   2.818800    6.68085    -0.1395    13.8155 1.7144e+02  -60.80000  -55.00417 1153673572 204.703408    34.4145      61595         11  0.000e+00
    250.789    -0.6062   2.819520    -0.6250   2.818590    6.67637    -0.1072    13.8155 1.7144e+02  -60.80000  -55.00417 1153673572 204.703408    34.4104      61596         11  0.000e+00
    250.779    -0.6125   2.818853    -0.6270   2.818421    6.67762    -0.0857    13.8155 1.7144e+02  -60.80000  -55.00417 1153673572 204.703409    34.4086      61597         11  0.000e+00
    250.789    -0.6190   2.818376    -0.6284   2.818316    6.68361    -0.0642    13.8155 1.7144e+02  -60.80000  -55.00417 1153673572 204.703409    34.4096      61598         11  0.000e+00
    250.856    -0.6230   2.818143    -0.6293   2.818241    6.67957    -0.0426    13.8155 1.7144e+02  -60.80000  -55.00417 1153673573 204.703410    34.4110      61599         11  0.000e+00
    250.856    -0.6258   2.817961    -0.6304   2.818177    6.68006    -0.0749    13.8155 1.7144e+02  -60.80000  -55.00417 1153673573 204.703410    34.4117      61600         11  0.000e+00
    250.923    -0.6286   2.817815    -0.6306   2.818165    6.68059    -0.1395    13.8155 1.7144e+02  -60.80000  -55.00417 1153673573 204.703410    34.4129      61601         11  0.000e+00
    250.856    -0.6294   2.817799    -0.6304   2.818083    6.68065    -0.0964    13.8155 1.7144e+02  -60.80000  -55.00417 1153673573 204.703411    34.4136      61602         11  0.000e+00
    250.923    -0.6292   2.817915    -0.6320   2.817996    6.68060    -0.0964    13.8155 1.7144e+02  -60.80000  -55.00417 1153673573 204.703411    34.4148      61603         11  0.000e+00
    250.856    -0.6292   2.817858    -0.6327   2.817920    6.68538    -0.1395    13.8155 1.6949e+02  -60.80000  -55.00417 1153673573 204.703412    34.4142      61604         11  0.000e+00
    250.923    -0.6308   2.817623    -0.6338   2.817903    6.68580    -0.1180    13.8155 1.7144e+02  -60.80000  -55.00417 1153673573 204.703412    34.4127      61605         11  0.000e+00
    250.999    -0.6327   2.817487    -0.6327   2.817920    6.68141    -0.0749    13.8155 1.7144e+02  -60.80000  -55.00417 1153673573 204.703413    34.4130      61606         11  0.000e+00
    250.923    -0.6339   2.817517    -0.6318   2.818002    6.68149    -0.0749    13.8155 1.7144e+02  -60.80000  -55.00417 1153673573 204.703413    34.4148      61607         11  0.000e+00
    250.932    -0.6328   2.817616    -0.6308   2.818072    6.68129    -0.1180    13.8155 1.7144e+02  -60.80000  -55.00417 1153673573 204.703414    34.4149      61608         11  0.000e+00
    250.923    -0.6317   2.817663    -0.6306   2.818124    6.68111    -0.1180    13.8155 1.7144e+02  -60.80000  -55.00417 1153673573 204.703414    34.4143      61609         11  0.000e+00
    250.999    -0.6312   2.817709    -0.6301   2.818078    6.68587    -0.1072    13.8155 1.7144e+02  -60.80000  -55.00417 1153673573 204.703415    34.4143      61610         11  0.000e+00
    250.923    -0.6314   2.817633    -0.6309   2.818078    6.68108    -0.0534    13.8155 1.7144e+02  -60.80000  -55.00417 1153673573 204.703415    34.4136      61611         11  0.000e+00
    250.999    -0.6331   2.817480    -0.6310   2.818089    6.68148    -0.0749    13.8155 1.7144e+02  -60.80000  -55.00417 1153673573 204.703416    34.4134      61612         11  0.000e+00
    250.990    -0.6348   2.817410    -0.6309   2.818107    6.68175    -0.0964    13.8155 1.7144e+02  -60.80000  -55.00417 1153673573 204.703416    34.4144      61613         11  0.000e+00
    250.933    -0.6352   2.817430    -0.6306   2.818171    6.68172    -0.0319    13.8155 1.7144e+02  -60.80000  -55.00417 1153673573 204.703417    34.4151      61614         11  0.000e+00
    250.990    -0.6331   2.817510    -0.6304   2.818171    6.68145    -0.0211    13.8155 1.7144e+02  -60.80000  -55.00417 1153673573 204.703417    34.4138      61615         11  0.000e+00
    251.000    -0.6328   2.817550    -0.6305   2.818148    6.68140    -0.0104    13.8155 1.7144e+02  -60.80000  -55.00417 1153673573 204.703418    34.4140      61616         11  0.000e+00
    250.990    -0.6335   2.817563    -0.6304   2.818177    6.68626    -0.0642    13.8155 1.7144e+02  -60.80000  -55.00417 1153673573 204.703418    34.4149      61617         11  0.000e+00
    250.933    -0.6337   2.817556    -0.6292   2.818194    6.68625    -0.0642    13.8155 1.7144e+02  -60.80000  -55.00417 1153673573 204.703419    34.4152      61618         11  0.000e+00
    251.000    -0.6344   2.817507    -0.6292   2.818194    6.68163    -0.0857    13.8155 1.7144e+02  -60.80000  -55.00417 1153673573 204.703419    34.4152      61619         11  0.000e+00
    250.990    -0.6358   2.817404    -0.6281   2.818212    6.68187    -0.0964    13.8155 1.7144e+02  -60.80000  -55.00417 1153673573 204.703420    34.4154      61620         11  0.000e+00
    251.000    -0.6356   2.817308    -0.6273   2.818299    6.68672    -0.0319    13.8155 1.7144e+02  -60.80000  -55.00417 1153673573 204.703420    34.4139      61621         11  0.000e+00
    250.990    -0.6362   2.817301    -0.6272   2.818328    6.68680    -0.0319    13.8155 1.6949e+02  -60.80000  -55.00417 1153673573 204.703421    34.4145      61622         11  0.000e+00
    199.625    -0.8351   2.795407    -0.8396   2.795359    6.93340    -0.1180    13.8155 1.6364e+02  -60.80000  -55.00417 1153673659 204.704416    34.3762      63685         12  0.000e+00
    199.740    -0.8351   2.795423    -0.8392   2.795371    6.93829    -0.0857    13.8155 1.6170e+02  -60.80000  -55.00417 1153673659 204.704416    34.3763      63686         12  0.000e+00
    199.625    -0.8355   2.795400    -0.8401   2.795348    6.93347    -0.0749    13.8155 1.6170e+02  -60.80000  -55.00417 1153673660 204.704416    34.3766      63687         12  0.000e+00
    199.558    -0.8354   2.795390    -0.8401   2.795307    6.93339    -0.0749    13.8155 1.6170e+02  -60.80000  -55.00417 1153673660 204.704417    34.3764      63688         12  0.000e+00
    199.597    -0.8349   2.795440    -0.8407   2.795266    6.93811    -0.0964    13.8155 1.6170e+02  -60.80000  -55.00417 1153673660 204.704417    34.3765      63689         12  0.000e+00
    199.625    -0.8351   2.795440    -0.8402   2.795225    6.93817    -0.1072    13.8155 1.5975e+02  -60.80000  -55.00417 1153673660 204.704418    34.3766      63690         12  0.000e+00
    199.530    -0.8349   2.795417    -0.8401   2.795237    6.93807    -0.1180    13.8155 1.6170e+02  -60.80000  -55.00417 1153673660 204.704418    34.3762      63691         12  0.000e+00
    199.482    -0.8348   2.795430    -0.8399   2.795272    6.93320    -0.1072    13.8155 1.6170e+02  -60.80000  -55.00417 1153673660 204.704419    34.3762      63692         12  0.000e+00
    199.415    -0.8349   2.795417    -0.8407   2.795272    6.93317    -0.1072    13.8155 1.6364e+02  -60.80000  -55.00417 1153673660 204.704419    34.3763      63693         12  0.000e+00
    199.386    -0.8359   2.795261    -0.8411   2.795220    6.93816    -0.0857    13.8155 1.6364e+02  -60.80000  -55.00417 1153673660 204.704420    34.3753      63694         12  0.000e+00
    199.415    -0.8379   2.795040    -0.8409   2.795150    6.93383    -0.0642    13.8155 1.6364e+02  -60.80000  -55.00417 1153673660 204.704420    34.3745      63695         12  0.000e+00
    199.320    -0.8393   2.794868    -0.8419   2.795138    6.93404    -0.0749    13.8155 1.6170e+02  -60.80000  -55.00417 1153673660 204.704421    34.3738      63696         12  0.000e+00
    199.348    -0.8408   2.794762    -0.8423   2.795103    6.93436    -0.0857    13.8155 1.6364e+02  -60.80000  -55.00417 1153673660 204.704421    34.3741      63697         12  0.000e+00
    199.272    -0.8414   2.794689    -0.8424   2.795086    6.93441    -0.0964    13.8155 1.6364e+02  -60.80000  -55.00417 1153673660 204.704422    34.3739      63698         12  0.000e+00
    199.243    -0.8422   2.794673    -0.8425   2.795051    6.93451    -0.1072    13.8155 1.6559e+02  -60.80000  -55.00417 1153673660 204.704422    34.3746      63699         12  0.000e+00
    199.205    -0.8422   2.794673    -0.8424   2.795034    6.93447    -0.0426    13.8155 1.6559e+02  -60.80000  -55.00417 1153673660 204.704423    34.3746      63700         12  0.000e+00
    199.176    -0.8421   2.794666    -0.8429   2.795051    6.93443    -0.0749    13.8155 1.6559e+02  -60.80000  -55.00417 1153673660 204.704423    34.3744      63701         12  0.000e+00
    199.205    -0.8425   2.794686    -0.8428   2.795005    6.93451    -0.1072    13.8155 1.6559e+02  -60.80000  -55.00417 1153673660 204.704424    34.3751      63702         12  0.000e+00
    199.129    -0.8428   2.794676    -0.8427   2.795005    6.93448    -0.0964    13.8155 1.6559e+02  -60.80000  -55.00417 1153673660 204.704424    34.3754      63703         12  0.000e+00
    199.176    -0.8431   2.794656    -0.8427   2.795010    6.93937    -0.0534    13.8155 1.6559e+02  -60.80000  -55.00417 1153673660 204.704425    34.3754      63704         12  0.000e+00
    199.129    -0.8433   2.794666    -0.8422   2.795010    6.93934    -0.0534    13.8155 1.6559e+02  -60.80000  -55.00417 1153673660 204.704425    34.3758      63705         12  0.000e+00
    199.205    -0.8431   2.794656    -0.8430   2.794987    6.93940    -0.0642    13.8155 1.6559e+02  -60.80000  -55.00417 1153673660 204.704426    34.3754      63706         12  0.000e+00
    199.100    -0.8431   2.794617    -0.8430   2.794981    6.93932    -0.1287    13.8155 1.6559e+02  -60.80000  -55.00417 1153673660 204.704426    34.3749      63707         12  0.000e+00
    199.129    -0.8433   2.794689    -0.8436   2.795005    6.93933    -0.0749    13.8155 1.6559e+02  -60.80000  -55.00417 1153673660 204.704427    34.3761      63708         12  0.000e+00
    199.176    -0.8427   2.794699    -0.8433   2.794976    6.93449    -0.0426    13.8155 1.6559e+02  -60.80000  -55.00417 1153673660 204.704427    34.3755      63709         12  0.000e+00
    199.129    -0.8431   2.794663    -0.8430   2.794999    6.93932    -0.0426    13.8155 1.6559e+02  -60.80000  -55.00417 1153673660 204.704428    34.3756      63710         12  0.000e+00
    199.205    -0.8430   2.794633    -0.8432   2.795010    6.93460    -0.0534    13.8155 1.6559e+02  -60.80000  -55.00417 1153673661 204.704428    34.3749      63711         12  0.000e+00
    199.100    -0.8430   2.794594    -0.8433   2.795028    6.93453    -0.0642    13.8155 1.6559e+02  -60.80000  -55.00417 1153673661 204.704429    34.3745      63712         12  0.000e+00
    199.205    -0.8431   2.794633    -0.8430   2.795016    6.93462    -0.0642    13.8155 1.6559e+02  -60.80000  -55.00417 1153673661 204.704429    34.3751      63713         12  0.000e+00
    199.176    -0.8433   2.794683    -0.8423   2.795028    6.93938    -0.0426    13.8155 1.6559e+02  -60.80000  -55.00417 1153673661 204.704429    34.3760      63714         12  0.000e+00
    199.129    -0.8416   2.794815    -0.8402   2.795132    6.93422    -0.0749    13.8155 1.6559e+02  -60.80000  -55.00417 1153673661 204.704430    34.3759      63715         12  0.000e+00
    199.129    -0.8402   2.794921    -0.8402   2.795202    6.93395    -0.0319    13.8155 1.6559e+02  -60.80000  -55.00417 1153673661 204.704430    34.3757      63716         12  0.000e+00
    199.177    -0.8396   2.794994    -0.8399   2.795220    6.93865    -0.0211    13.8155 1.6559e+02  -60.80000  -55.00417 1153673661 204.704431    34.3760      63717         12  0.000e+00
    199.129    -0.8394   2.794990    -0.8411   2.795179    6.93859    -0.1180    13.8155 1.6559e+02  -60.80000  -55.00417 1153673661 204.704431    34.3758      63718         12  0.000e+00
    199.177    -0.8391   2.794987    -0.8416   2.795132    6.93859    -0.1180    13.8155 1.6559e+02  -60.80000  -55.00417 1153673661 204.704432    34.3754      63719         12  0.000e+00
    199.129    -0.8399   2.794917    -0.8426   2.795092    6.93870    -0.1072    13.8155 1.6364e+02  -60.80000  -55.00417 1153673661 204.704432    34.3753      63720         12  0.000e+00
    199.129    -0.8400   2.794878    -0.8425   2.795028    6.93875    -0.0857    13.8155 1.6559e+02  -60.80000  -55.00417 1153673661 204.704433    34.3750      63721         12  0.000e+00
    199.100    -0.8402   2.794891    -0.8427   2.795051    6.93873    -0.0534    13.8155 1.6559e+02  -60.80000  -55.00417 1153673661 204.704433    34.3753      63722         12  0.000e+00
    199.129    -0.8404   2.794898    -0.8428   2.795022    6.93399    -0.0426    13.8155 1.6559e+02  -60.80000  -55.00417 1153673661 204.704434    34.3756      63723         12  0.000e+00
    199.033    -0.8406   2.794878    -0.8427   2.795010    6.93395    -0.0642    13.8155 1.6559e+02  -60.80000  -55.00417 1153673661 204.704434    34.3757      63724         12  0.000e+00
    199.062    -0.8397   2.794875    -0.8424   2.795051    6.93864    -0.0857    13.8155 1.6559e+02  -60.80000  -55.00417 1153673661 204.704435    34.3746      63725         12  0.000e+00
    199.062    -0.8399   2.794841    -0.8424   2.795039    6.93868    -0.0964    13.8155 1.6559e+02  -60.80000  -55.00417 1153673661 204.704435    34.3743      63726         12  0.000e+00
    199.033    -0.8402   2.794848    -0.8416   2.795016    6.93870    -0.1180    13.8155 1.6559e+02  -60.80000  -55.00417 1153673661 204.704436    34.3748      63727         12  0.000e+00
    198.995    -0.8399   2.794868    -0.8423   2.795010    6.93860    -0.1395    13.8155 1.6559e+02  -60.80000  -55.00417 1153673661 204.704436    34.3747      63728         12  0.000e+00
    198.966    -0.8402   2.794858    -0.8424   2.795028    6.93862    -0.0857    13.8155 1.6559e+02  -60.80000  -55.00417 1153673661 204.704437    34.3750      63729         12  0.000e+00
    198.995    -0.8406   2.794868    -0.8426   2.795034    6.93871    -0.0964    13.8155 1.6559e+02  -60.80000  -55.00417 1153673661 204.704437    34.3756      63730         12  0.000e+00
    198.995    -0.8402   2.794874    -0.8428   2.795016    6.93864    -0.1287    13.8155 1.6559e+02  -60.80000  -55.00417 1153673661 204.704438    34.3752      63731         12  0.000e+00
    198.890    -0.8399   2.794825    -0.8427   2.795010    6.93853    -0.1072    13.8155 1.6559e+02  -60.80000  -55.00417 1153673661 204.704438    34.3742      63732         12  0.000e+00
    198.919    -0.8404   2.794825    -0.8424   2.795028    6.93384    -0.0534    13.8155 1.6559e+02  -60.80000  -55.00417 1153673661 204.704439    34.3747      63733         12  0.000e+00
    150.109    -0.9791   2.779029    -0.9774   2.779549    7.11702    -0.0964    13.8155 1.5001e+02  -60.80000  -55.00417 1153673736 204.705300    34.3484      65520         13  0.000e+00
    150.253    -0.9794   2.778937    -0.9773   2.779561    7.12204    -0.0749    13.8155 1.5196e+02  -60.80000  -55.00417 1153673736 204.705301    34.3474      65521         13  0.000e+00
    150.253    -0.9794   2.778943    -0.9773   2.779590    7.12204    -0.1180    13.8155 1.5196e+02  -60.80000  -55.00417 1153673736 204.705301    34.3476      65522         13  0.000e+00
    150.186    -0.9797   2.778940    -0.9770   2.779596    7.12201    -0.0964    13.8155 1.5196e+02  -60.80000  -55.00417 1153673736 204.705302    34.3478      65523         13  0.000e+00
    150.253    -0.9801   2.778917    -0.9761   2.779671    7.12216    -0.0642    13.8155 1.5196e+02  -60.80000  -55.00417 1153673736 204.705302    34.3480      65524         13  0.000e+00
    150.320    -0.9798   2.778980    -0.9742   2.779857    7.12214    -0.0534    13.8155 1.5196e+02  -60.80000  -55.00417 1153673736 204.705303    34.3485      65525         13  0.000e+00
    150.176    -0.9800   2.779082    -0.9721   2.780031    7.12195    -0.0964    13.8155 1.5196e+02  -60.80000  -55.00417 1153673736 204.705303    34.3501      65526         13  0.000e+00
