product_data/regression_test/downloaded_data/MDGS/320620060703/ctd/p6617802.ros
* Sea-Bird SBE 9 Data File:
* FileName = D:\Data\Raw\p6617802.dat
* Software Version Seasave Win32 V 5.32
* Temperature SN = 1649
* Conductivity SN = 1431
* Number of Bytes Per Scan = 37
* Number of Voltage Words = 5
* Number of Scans Averaged by the Deck Unit = 1
* NMEA Latitude = 60 36.99 S
* NMEA Longitude = 054 31.80 W
* NMEA UTC (Time) = 00:34:19
** Ship:   Nathaniel B. Palmer 
** Cruise:    NBP0606 
# nquan = 17
# nvalues = 1176                    
# units = specified
# name 0 = prDM: Pressure, Digiquartz [db]
# name 1 = t090C: Temperature [ITS-90, deg C]
# name 2 = c0S/m: Conductivity [S/m]
# name 3 = t190C: Temperature, 2 [ITS-90, deg C]
# name 4 = c1S/m: Conductivity, 2 [S/m]
# name 5 = sbeox0ML/L: Oxygen, SBE 43 [ml/l]
# name 6 = flECO-AFL: Fluorescence, Wetlab ECO-AFL/FL [mg/m^3]
# name 7 = bat: Beam Attenuation, Chelsea/Seatech/Wetlab CStar [1/m]
# name 8 = spar: SPAR/Surface Irradiance
# name 9 = latitude: Latitude [deg]
# name 10 = longitude: Longitude [deg]
# name 11 = timeY: Time, System [seconds]
# name 12 = timeJ: Julian Days
# name 13 = sal00: Salinity [PSU]
# name 14 = scan: scan number
# name 15 = nbf: number of bottles fired
# name 16 = flag:  0.000e+00
# interval = seconds: 0.0416667                   
# start_time = Jul 22 2006 00:34:27
*END*
[from data line 171]
    399.183     1.8831   3.059074     1.8837   3.059485    4.43665    -0.1180    13.8155 0.0000e+00  -60.61650  -54.53000 1153530667 203.049408    34.6653      52846          4  0.000e+00
    399.259     1.8829   3.059095     1.8830   3.059467    4.43670    -0.0964    13.8155 0.0000e+00  -60.61650  -54.53000 1153530667 203.049409    34.6657      52847          4  0.000e+00
    399.259     1.8835   3.059208     1.8834   3.059473    4.43660    -0.0749    13.8155 0.0000e+00  -60.61650  -54.53000 1153530667 203.049409    34.6665      52848          4  0.000e+00
    399.183     1.8842   3.059232     1.8831   3.059460    4.43649    -0.0964    13.8155 0.0000e+00  -60.61650  -54.53000 1153530667 203.049410    34.6661      52849          4  0.000e+00
    399.259     1.8837   3.059260     1.8839   3.059436    4.43657    -0.0749    13.8155 0.0000e+00  -60.61650  -54.53000 1153530667 203.049410    34.6669      52850          4  0.000e+00
    399.183     1.8837   3.059232     1.8831   3.059466    4.43653    -0.0964    13.8155 0.0000e+00  -60.61650  -54.53000 1153530667 203.049411    34.6666      52851          4  0.000e+00
    399.259     1.8844   3.059201     1.8836   3.059442    4.43653    -0.0642    13.8155 0.0000e+00  -60.61650  -54.53000 1153530667 203.049411    34.6655      52852          4  0.000e+00
    399.183     1.8837   3.059177     1.8837   3.059466    4.43655    -0.0534    13.8155 0.0000e+00  -60.61650  -54.53000 1153530667 203.049412    34.6659      52853          4  0.000e+00
    399.259     1.8835   3.059194     1.8833   3.059461    4.43661    -0.0857    13.8155 0.0000e+00  -60.61650  -54.53000 1153530667 203.049412    34.6663      52854          4  0.000e+00
    399.259     1.8844   3.059270     1.8836   3.059473    4.43650    -0.0749    13.8155 0.0000e+00  -60.61650  -54.53000 1153530667 203.049413    34.6663      52855          4  0.000e+00
    399.183     1.8850   3.059456     1.8831   3.059442    4.43633    -0.0534    13.8155 0.0000e+00  -60.61650  -54.53000 1153530667 203.049413    34.6680      52856          4  0.000e+00
    399.183     1.8870   3.059604     1.8833   3.059466    4.43609    -0.0534    13.8155 0.0000e+00  -60.61650  -54.53000 1153530667 203.049414    34.6677      52857          4  0.000e+00
    399.260     1.8871   3.059652     1.8839   3.059460    4.43611    -0.0964    13.8155 0.0000e+00  -60.61650  -54.53000 1153530667 203.049414    34.6681      52858          4  0.000e+00
    399.183     1.8874   3.059662     1.8842   3.059460    4.43604    -0.0857    13.8155 0.0000e+00  -60.61650  -54.53000 1153530667 203.049415    34.6680      52859          4  0.000e+00
    399.260     1.8879   3.059731     1.8836   3.059472    4.43601    -0.0534    13.8155 0.0000e+00  -60.61650  -54.53000 1153530667 203.049415    34.6682      52860          4  0.000e+00
    399.183     1.8886   3.059717     1.8834   3.059460    4.43591    -0.0964    13.8155 0.0000e+00  -60.61650  -54.53000 1153530668 203.049416    34.6674      52861          4  0.000e+00
    399.183     1.8879   3.059707     1.8832   3.059436    4.43597    -0.0749    13.8155 0.0000e+00  -60.61650  -54.53000 1153530668 203.049416    34.6679      52862          4  0.000e+00
    399.183     1.8886   3.059741     1.8834   3.059466    4.43589    -0.0104    13.8155 0.0000e+00  -60.61650  -54.53000 1153530668 203.049416    34.6676      52863          4  0.000e+00
    399.183     1.8886   3.059707     1.8837   3.059503    4.43591    -0.0534    13.8155 0.0000e+00  -60.61650  -54.53000 1153530668 203.049417    34.6672      52864          4  0.000e+00
    399.183     1.8886   3.059683     1.8840   3.059515    4.43592    -0.0964    13.8155 0.0000e+00  -60.61650  -54.53000 1153530668 203.049417    34.6669      52865          4  0.000e+00
    399.260     1.8884   3.059662     1.8840   3.059509    4.43599    -0.0749    13.8155 0.0000e+00  -60.61650  -54.53000 1153530668 203.049418    34.6668      52866          4  0.000e+00
    399.183     1.8885   3.059710     1.8836   3.059490    4.43592    -0.0749    13.8155 0.0000e+00  -60.61650  -54.53000 1153530668 203.049418    34.6674      52867          4  0.000e+00
    399.183     1.8892   3.059803     1.8840   3.059527    4.43582    -0.0749    13.8155 0.0000e+00  -60.61650  -54.53000 1153530668 203.049419    34.6678      52868          4  0.000e+00
    399.183     1.8890   3.059868     1.8840   3.059490    4.43581    -0.0964    13.8155 0.0000e+00  -60.61650  -54.53000 1153530668 203.049419    34.6688      52869          4  0.000e+00
    399.183     1.8901   3.059913     1.8836   3.059478    4.43569    -0.0964    13.8155 0.0000e+00  -60.61650  -54.53000 1153530668 203.049420    34.6681      52870          4  0.000e+00
    200.051    -0.1944   2.848393    -0.1929   2.848918    6.66539    -0.0749    13.8155 0.0000e+00  -60.61650  -54.53000 1153530942 203.052588    34.3627      59439          5  0.000e+00
    200.022    -0.1951   2.848343    -0.1931   2.848865    6.66549    -0.1072    13.8155 0.0000e+00  -60.61650  -54.53000 1153530942 203.052588    34.3628      59440          5  0.000e+00
    199.974    -0.1947   2.848283    -0.1931   2.848871    6.66544    -0.0964    13.8155 0.0000e+00  -60.61650  -54.53000 1153530942 203.052589    34.3617      59441          5  0.000e+00
    200.022    -0.1941   2.848233    -0.1935   2.848836    6.66542    -0.0642    13.8155 0.0000e+00  -60.61650  -54.53000 1153530942 203.052589    34.3602      59442          5  0.000e+00
    199.907    -0.1946   2.848150    -0.1938   2.848801    6.66544    -0.0857    13.8155 0.0000e+00  -60.61650  -54.53000 1153530942 203.052590    34.3598      59443          5  0.000e+00
    199.974    -0.1955   2.848127    -0.1941   2.848813    6.66564    -0.0749    13.8155 0.0000e+00  -60.61650  -54.53000 1153530942 203.052590    34.3605      59444          5  0.000e+00
    200.022    -0.1958   2.848113    -0.1926   2.848825    6.66572    -0.0749    13.8155 0.0000e+00  -60.61650  -54.53000 1153530942 203.052591    34.3605      59445          5  0.000e+00
    199.908    -0.1963   2.848053    -0.1943   2.848784    6.66573    -0.0749    13.8155 0.0000e+00  -60.61650  -54.53000 1153530942 203.052591    34.3604      59446          5  0.000e+00
    199.974    -0.1969   2.848003    -0.1958   2.848707    6.66589    -0.0534    13.8155 0.0000e+00  -60.61650  -54.53000 1153530942 203.052592    34.3603      59447          5  0.000e+00
    199.946    -0.1982   2.847937    -0.1965   2.848649    6.66608    -0.0749    13.8155 0.0000e+00  -60.61650  -54.53000 1153530942 203.052592    34.3609      59448          5  0.000e+00
    199.974    -0.1986   2.847923    -0.1975   2.848614    6.66146    -0.0749    13.8155 0.0000e+00  -60.61650  -54.53000 1153530942 203.052593    34.3612      59449          5  0.000e+00
    199.946    -0.1986   2.847857    -0.1969   2.848526    6.66619    -0.0319    13.8155 0.0000e+00  -60.61650  -54.53000 1153530942 203.052593    34.3603      59450          5  0.000e+00
    199.908    -0.1994   2.847830    -0.1963   2.848456    6.66628    -0.0104    13.8155 0.0000e+00  -60.61650  -54.53000 1153530942 203.052594    34.3609      59451          5  0.000e+00
    199.975    -0.1994   2.847817    -0.1969   2.848444    6.66634    -0.0104    13.8155 0.0000e+00  -60.61650  -54.53000 1153530942 203.052594    34.3607      59452          5  0.000e+00
    199.946    -0.1994   2.847777    -0.1966   2.848450    6.66163    -0.0534    13.8155 0.0000e+00  -60.61650  -54.53000 1153530942 203.052595    34.3602      59453          5  0.000e+00
    199.908    -0.1994   2.847747    -0.1965   2.848485    6.66162    -0.0749    13.8155 0.0000e+00  -60.61650  -54.53000 1153530942 203.052595    34.3598      59454          5  0.000e+00
    199.908    -0.1995   2.847740    -0.1972   2.848503    6.66163    -0.0964    13.8155 0.0000e+00  -60.61650  -54.53000 1153530942 203.052595    34.3599      59455          5  0.000e+00
    199.946    -0.2000   2.847687    -0.1972   2.848479    6.66177    -0.0319    13.8155 0.0000e+00  -60.61650  -54.53000 1153530942 203.052596    34.3597      59456          5  0.000e+00
    199.975    -0.2008   2.847723    -0.1986   2.848432    6.66658    -0.0104    13.8155 0.0000e+00  -60.61650  -54.53000 1153530942 203.052596    34.3610      59457          5  0.000e+00
    199.946    -0.2005   2.847693    -0.2006   2.848280    6.66654    -0.0749    13.8155 0.0000e+00  -60.61650  -54.53000 1153530942 203.052597    34.3603      59458          5  0.000e+00
    199.908    -0.2014   2.847603    -0.2023   2.848087    6.66668    -0.0964    13.8155 0.0000e+00  -60.61650  -54.53000 1153530942 203.052597    34.3602      59459          5  0.000e+00
    199.975    -0.2023   2.847530    -0.2028   2.847976    6.66691    -0.1180    13.8155 0.0000e+00  -60.61650  -54.53000 1153530942 203.052598    34.3602      59460          5  0.000e+00
    199.946    -0.2028   2.847493    -0.2032   2.847941    6.66226    -0.0749    13.8155 0.0000e+00  -60.61650  -54.53000 1153530943 203.052598    34.3602      59461          5  0.000e+00
    199.908    -0.2029   2.847490    -0.2034   2.847994    6.66224    -0.0426    13.8155 0.0000e+00  -60.61650  -54.53000 1153530943 203.052599    34.3604      59462          5  0.000e+00
    199.946    -0.2025   2.847577    -0.2029   2.847976    6.66217    -0.0319    13.8155 0.0000e+00  -60.61650  -54.53000 1153530943 203.052599    34.3610      59463          5  0.000e+00
    199.975    -0.2024   2.847567    -0.2031   2.847941    6.66218    -0.0319    13.8155 0.0000e+00  -60.61650  -54.53000 1153530943 203.052600    34.3607      59464          5  0.000e+00
    199.975    -0.2026   2.847593    -0.2029   2.847935    6.66220    -0.0319    13.8155 0.0000e+00  -60.61650  -54.53000 1153530943 203.052600    34.3614      59465          5  0.000e+00
    199.946    -0.2025   2.847607    -0.2028   2.847970    6.66215    -0.0534    13.8155 0.0000e+00  -60.61650  -54.53000 1153530943 203.052601    34.3614      59466          5  0.000e+00
    199.975    -0.2022   2.847637    -0.2021   2.848023    6.66211    -0.0857    13.8155 0.0000e+00  -60.61650  -54.53000 1153530943 203.052601    34.3614      59467          5  0.000e+00
    199.975    -0.2019   2.847753    -0.2021   2.848017    6.66672    -0.0857    13.8155 0.0000e+00  -60.61650  -54.53000 1153530943 203.052602    34.3627      59468          5  0.000e+00
    200.023    -0.2003   2.847920    -0.2026   2.848029    6.66174    -0.1395    13.8155 0.0000e+00  -60.61650  -54.53000 1153530943 203.052602    34.3631      59469          5  0.000e+00
    199.975    -0.1989   2.847987    -0.2023   2.848023    6.66146    -0.1180    13.8155 0.0000e+00  -60.61650  -54.53000 1153530943 203.052603    34.3624      59470          5  0.000e+00
    200.023    -0.1988   2.847977    -0.2025   2.848052    6.66150    -0.0426    13.8155 0.0000e+00  -60.61650  -54.53000 1153530943 203.052603    34.3621      59471          5  0.000e+00
    199.975    -0.1981   2.848020    -0.2012   2.848128    6.66134    -0.0534    13.8155 0.0000e+00  -60.61650  -54.53000 1153530943 203.052604    34.3620      59472          5  0.000e+00
    200.051    -0.1974   2.848090    -0.2009   2.848169    6.66127    -0.0749    13.8155 0.0000e+00  -60.61650  -54.53000 1153530943 203.052604    34.3620      59473          5  0.000e+00
    200.023    -0.1971   2.848110    -0.2006   2.848216    6.66119    -0.0964    13.8155 0.0000e+00  -60.61650  -54.53000 1153530943 203.052605    34.3620      59474          5  0.000e+00
    199.975    -0.1973   2.848103    -0.1994   2.848269    6.66118    -0.0749    13.8155 0.0000e+00  -60.61650  -54.53000 1153530943 203.052605    34.3622      59475          5  0.000e+00
    200.051    -0.1972   2.848053    -0.1994   2.848304    6.66127    -0.1072    13.8155 0.0000e+00  -60.61650  -54.53000 1153530943 203.052606    34.3614      59476          5  0.000e+00
    200.090    -0.1980   2.847983    -0.1994   2.848327    6.66145    -0.0964    13.8155 0.0000e+00  -60.61650  -54.53000 1153530943 203.052606    34.3612      59477          5  0.000e+00
    200.051    -0.1982   2.848020    -0.1988   2.848321    6.66141    -0.0642    13.8155 0.0000e+00  -60.61650  -54.53000 1153530943 203.052607    34.3620      59478          5  0.000e+00
    200.090    -0.1980   2.848040    -0.1988   2.848333    6.66142    -0.0749    13.8155 0.0000e+00  -60.61650  -54.53000 1153530943 203.052607    34.3621      59479          5  0.000e+00
    200.051    -0.1980   2.848020    -0.1978   2.848421    6.66139    -0.1180    13.8155 0.0000e+00  -60.61650  -54.53000 1153530943 203.052608    34.3617      59480          5  0.000e+00
    200.118    -0.1980   2.848117    -0.1960   2.848626    6.66140    -0.0749    13.8155 0.0000e+00  -60.61650  -54.53000 1153530943 203.052608    34.3631      59481          5  0.000e+00
    200.090    -0.1974   2.848290    -0.1937   2.848830    6.66118    -0.0426    13.8155 0.0000e+00  -60.61650  -54.53000 1153530943 203.052609    34.3647      59482          5  0.000e+00
    200.118    -0.1947   2.848503    -0.1929   2.848912    6.66072    -0.0319    13.8155 0.0000e+00  -60.61650  -54.53000 1153530943 203.052609    34.3645      59483          5  0.000e+00
    200.185    -0.1938   2.848493    -0.1913   2.848988    6.66067    -0.0319    13.8155 0.0000e+00  -60.61650  -54.53000 1153530943 203.052609    34.3633      59484          5  0.000e+00
    200.090    -0.1945   2.848333    -0.1906   2.849047    6.66078    -0.0749    13.8155 0.0000e+00  -60.61650  -54.53000 1153530944 203.052610    34.3620      59485          5  0.000e+00
    200.185    -0.1949   2.848200    -0.1901   2.849170    6.66099    -0.0749    13.8155 0.0000e+00  -60.61650  -54.53000 1153530944 203.052610    34.3606      59486          5  0.000e+00
    200.157    -0.1958   2.848277    -0.1883   2.849240    6.66104    -0.0749    13.8155 0.0000e+00  -60.61650  -54.53000 1153530944 203.052611    34.3627      59487          5  0.000e+00
    151.090    -0.6715   2.799698    -0.6795   2.799530    7.31622    -0.0749    13.8155 0.0000e+00  -60.61650  -54.53000 1153531022 203.053514    34.2784      61359          6  0.000e+00
    151.166    -0.6735   2.799556    -0.6798   2.799560    7.31670    -0.0426    13.8155 0.0000e+00  -60.61650  -54.53000 1153531022 203.053514    34.2788      61360          6  0.000e+00
    151.166    -0.6735   2.799562    -0.6795   2.799571    7.32143    -0.0319    13.8155 0.0000e+00  -60.61650  -54.53000 1153531022 203.053515    34.2789      61361          6  0.000e+00
    151.233    -0.6742   2.799658    -0.6782   2.799664    7.32153    -0.0319    13.8155 0.0000e+00  -60.61650  -54.53000 1153531022 203.053515    34.2808      61362          6  0.000e+00
    151.166    -0.6739   2.799771    -0.6778   2.799746    7.31660    -0.0534    13.8155 0.0000e+00  -60.61650  -54.53000 1153531022 203.053516    34.2820      61363          6  0.000e+00
    151.233    -0.6731   2.799900    -0.6786   2.799693    7.31646    -0.0749    13.8155 0.0000e+00  -60.61650  -54.53000 1153531022 203.053516    34.2828      61364          6  0.000e+00
    151.310    -0.6726   2.799916    -0.6790   2.799658    7.31646    -0.0749    13.8155 0.0000e+00  -60.61650  -54.53000 1153531022 203.053517    34.2825      61365          6  0.000e+00
    151.310    -0.6733   2.799724    -0.6797   2.799606    7.31668    -0.0319    13.8155 0.0000e+00  -60.61650  -54.53000 1153531022 203.053517    34.2806      61366          6  0.000e+00
    151.310    -0.6748   2.799529    -0.6812   2.799490    7.31704     0.0112    13.8155 0.0000e+00  -60.61650  -54.53000 1153531022 203.053518    34.2797      61367          6  0.000e+00
    151.386    -0.6756   2.799536    -0.6815   2.799408    7.31723    -0.0104    13.8155 0.0000e+00  -60.61650  -54.53000 1153531022 203.053518    34.2806      61368          6  0.000e+00
