product_data/regression_test/downloaded_data/MDGS/320620060703/ctd/p6618001.ros
* Sea-Bird SBE 9 Data File:
* FileName = D:\Data\Raw\p6618001.dat
* Software Version Seasave Win32 V 5.32
* Temperature SN = 1649
* Conductivity SN = 1431
* Number of Bytes Per Scan = 37
* Number of Voltage Words = 5
* Number of Scans Averaged by the Deck Unit = 1
* NMEA Latitude = 60 36.98 S
* NMEA Longitude = 054 20.46 W
* NMEA UTC (Time) = 04:50:41
** Ship:   Nathaniel B. Palmer 
** Cruise:    NBP0606 
# nquan = 17
# nvalues = 1176                    
# units = specified
# name 0 = prDM: Pressure, Digiquartz [db]
# name 1 = t090C: Temperature [ITS-90, deg C]
# name 2 = c0S/m: Conductivity [S/m]
# name 3 = t190C: Temperature, 2 [ITS-90, deg C]
# name 4 = c1S/m: Conductivity, 2 [S/m]
# name 5 = sbeox0ML/L: Oxygen, SBE 43 [ml/l]
# name 6 = flECO-AFL: Fluorescence, Wetlab ECO-AFL/FL [mg/m^3]
# name 7 = bat: Beam Attenuation, Chelsea/Seatech/Wetlab CStar [1/m]
# name 8 = spar: SPAR/Surface Irradiance
# name 9 = latitude: Latitude [deg]
# name 10 = longitude: Longitude [deg]
# name 11 = timeY: Time, System [seconds]
# name 12 = timeJ: Julian Days
# name 13 = sal00: Salinity [PSU]
# name 14 = scan: scan number
# name 15 = nbf: number of bottles fired
# name 16 = flag:  0.000e+00
# interval = seconds: 0.0416667                   
# start_time = Jul 22 2006 04:50:49
*END*
[from data line 1022]
     30.012    -0.8126   2.775571    -0.8134   2.775915    7.72690     0.2694    13.8155 0.0000e+00  -60.61633  -54.34100 1153546963 203.238021    34.1869      74786         21  0.000e+00
     30.012    -0.8125   2.775594    -0.8133   2.775915    7.72686     0.2371    13.8155 0.0000e+00  -60.61633  -54.34100 1153546963 203.238022    34.1870      74787         21  0.000e+00
     30.012    -0.8130   2.775617    -0.8139   2.775915    7.72224     0.2156    13.8155 0.0000e+00  -60.61633  -54.34100 1153546963 203.238022    34.1879      74788         21  0.000e+00
     30.079    -0.8128   2.775610    -0.8141   2.775915    7.72696     0.2694    13.8155 0.0000e+00  -60.61633  -54.34100 1153546963 203.238023    34.1875      74789         21  0.000e+00
     30.012    -0.8130   2.775584    -0.8140   2.775915    7.72694     0.2586    13.8155 0.0000e+00  -60.61633  -54.34100 1153546963 203.238023    34.1874      74790         21  0.000e+00
     30.088    -0.8128   2.775577    -0.8136   2.775915    7.72700     0.2586    13.8155 0.0000e+00  -60.61633  -54.34100 1153546963 203.238024    34.1871      74791         21  0.000e+00
     30.003    -0.8130   2.775627    -0.8136   2.775932    7.72690     0.2371    13.8155 0.0000e+00  -60.61633  -54.34100 1153546963 203.238024    34.1880      74792         21  0.000e+00
     10.276    -0.8461   2.768221    -0.8436   2.768771    7.72548     0.2371    13.8155 0.0000e+00  -60.61633  -54.34100 1153547027 203.238759    34.1373      76316         22  0.000e+00
      9.952    -0.8453   2.768294    -0.8442   2.768754    7.72496     0.2479    13.8155 0.0000e+00  -60.61633  -54.34100 1153547027 203.238760    34.1376      76317         22  0.000e+00
     10.133    -0.8454   2.768313    -0.8453   2.768673    7.72516     0.2801    13.8155 0.0000e+00  -60.61633  -54.34100 1153547027 203.238760    34.1379      76318         22  0.000e+00
     10.133    -0.8447   2.768366    -0.8468   2.768592    7.72500     0.2801    13.8155 0.0000e+00  -60.61633  -54.34100 1153547027 203.238761    34.1377      76319         22  0.000e+00
     10.019    -0.8444   2.768412    -0.8471   2.768592    7.72480     0.2263    13.8155 0.0000e+00  -60.61633  -54.34100 1153547027 203.238761    34.1381      76320         22  0.000e+00
     10.200    -0.8437   2.768458    -0.8474   2.768597    7.72487     0.1833    13.8155 0.0000e+00  -60.61633  -54.34100 1153547027 203.238762    34.1379      76321         22  0.000e+00
     10.133    -0.8439   2.768471    -0.8468   2.768597    7.72481     0.2263    13.8155 0.0000e+00  -60.61633  -54.34100 1153547027 203.238762    34.1383      76322         22  0.000e+00
     10.086    -0.8433   2.768471    -0.8459   2.768557    7.72466     0.2048    13.8155 0.0000e+00  -60.61633  -54.34100 1153547027 203.238763    34.1376      76323         22  0.000e+00
     10.200    -0.8433   2.768465    -0.8468   2.768522    7.72479     0.1941    13.8155 0.0000e+00  -60.61633  -54.34100 1153547027 203.238763    34.1375      76324         22  0.000e+00
     10.019    -0.8431   2.768484    -0.8473   2.768516    7.72456     0.2048    13.8155 0.0000e+00  -60.61633  -54.34100 1153547027 203.238764    34.1377      76325         22  0.000e+00
     10.200    -0.8431   2.768458    -0.8473   2.768499    7.72477     0.2479    13.8155 0.0000e+00  -60.61633  -54.34100 1153547027 203.238764    34.1372      76326         22  0.000e+00
     10.200    -0.8431   2.768465    -0.8467   2.768545    7.72477     0.2801    13.8155 0.0000e+00  -60.61633  -54.34100 1153547027 203.238764    34.1373      76327         22  0.000e+00
     10.162    -0.8433   2.768448    -0.8459   2.768586    7.72476     0.2586    13.8155 0.0000e+00  -60.61633  -54.34100 1153547027 203.238765    34.1373      76328         22  0.000e+00
     10.133    -0.8433   2.768481    -0.8458   2.768597    7.72471     0.2263    13.8155 0.0000e+00  -60.61633  -54.34100 1153547027 203.238765    34.1377      76329         22  0.000e+00
     10.133    -0.8436   2.768425    -0.8462   2.768574    7.72479     0.2371    13.8155 0.0000e+00  -60.61633  -54.34100 1153547027 203.238766    34.1373      76330         22  0.000e+00
     10.162    -0.8441   2.768333    -0.8464   2.768528    7.72497     0.2263    13.8155 0.0000e+00  -60.61633  -54.34100 1153547027 203.238766    34.1366      76331         22  0.000e+00
     10.200    -0.8445   2.768346    -0.8473   2.768476    7.72507     0.2479    13.8155 0.0000e+00  -60.61633  -54.34100 1153547027 203.238767    34.1373      76332         22  0.000e+00
     10.134    -0.8439   2.768409    -0.8476   2.768464    7.72485     0.2801    13.8155 0.0000e+00  -60.61633  -54.34100 1153547027 203.238767    34.1374      76333         22  0.000e+00
     10.162    -0.8439   2.768458    -0.8481   2.768482    7.72485     0.2909    13.8155 0.0000e+00  -60.61633  -54.34100 1153547027 203.238768    34.1381      76334         22  0.000e+00
     10.200    -0.8436   2.768481    -0.8468   2.768545    7.72482     0.3124    13.8155 0.0000e+00  -60.61633  -54.34100 1153547027 203.238768    34.1380      76335         22  0.000e+00
     10.229    -0.8433   2.768508    -0.8459   2.768603    7.72479     0.2909    13.8155 0.0000e+00  -60.61633  -54.34100 1153547027 203.238769    34.1380      76336         22  0.000e+00
     10.134    -0.8431   2.768481    -0.8450   2.768638    7.72468     0.2479    13.8155 0.0000e+00  -60.61633  -54.34100 1153547027 203.238769    34.1375      76337         22  0.000e+00
     10.200    -0.8431   2.768465    -0.8448   2.768708    7.72477     0.1941    13.8155 0.0000e+00  -60.61633  -54.34100 1153547028 203.238770    34.1373      76338         22  0.000e+00
     10.229    -0.8430   2.768468    -0.8439   2.768748    7.72477     0.2048    13.8155 0.0000e+00  -60.61633  -54.34100 1153547028 203.238770    34.1371      76339         22  0.000e+00
     10.200    -0.8431   2.768504    -0.8433   2.768754    7.72474     0.2371    13.8155 0.0000e+00  -60.61633  -54.34100 1153547028 203.238771    34.1378      76340         22  0.000e+00
     10.200    -0.8433   2.768481    -0.8436   2.768794    7.72478     0.2156    13.8155 0.0000e+00  -60.61633  -54.34100 1153547028 203.238771    34.1377      76341         22  0.000e+00
     10.162    -0.8433   2.768448    -0.8436   2.768823    7.72476     0.2479    13.8155 0.0000e+00  -60.61633  -54.34100 1153547028 203.238772    34.1373      76342         22  0.000e+00
     10.200    -0.8428   2.768481    -0.8432   2.768835    7.72471     0.2586    13.8155 0.0000e+00  -60.61633  -54.34100 1153547028 203.238772    34.1372      76343         22  0.000e+00
     10.229    -0.8430   2.768494    -0.8435   2.768852    7.72475     0.2801    13.8155 0.0000e+00  -60.61633  -54.34100 1153547028 203.238773    34.1375      76344         22  0.000e+00
     10.200    -0.8430   2.768494    -0.8430   2.768818    7.72472     0.2371    13.8155 0.0000e+00  -60.61633  -54.34100 1153547028 203.238773    34.1375      76345         22  0.000e+00
     10.200    -0.8428   2.768455    -0.8430   2.768847    7.72473     0.2371    13.8155 0.0000e+00  -60.61633  -54.34100 1153547028 203.238774    34.1368      76346         22  0.000e+00
     10.229    -0.8428   2.768498    -0.8432   2.768841    7.72473     0.2263    13.8155 0.0000e+00  -60.61633  -54.34100 1153547028 203.238774    34.1374      76347         22  0.000e+00
     10.277    -0.8431   2.768465    -0.8434   2.768835    7.72485     0.2048    13.8155 0.0000e+00  -60.61633  -54.34100 1153547028 203.238775    34.1372      76348         22  0.000e+00
     10.201    -0.8428   2.768458    -0.8429   2.768835    7.72473     0.2048    13.8155 0.0000e+00  -60.61633  -54.34100 1153547028 203.238775    34.1369      76349         22  0.000e+00
     10.229    -0.8433   2.768468    -0.8428   2.768835    7.72482     0.1510    13.8155 0.0000e+00  -60.61633  -54.34100 1153547028 203.238776    34.1375      76350         22  0.000e+00
     10.201    -0.8430   2.768452    -0.8432   2.768870    7.72475     0.1941    13.8155 0.0000e+00  -60.61633  -54.34100 1153547028 203.238776    34.1369      76351         22  0.000e+00
     10.229    -0.8433   2.768465    -0.8427   2.768847    7.72482     0.2801    13.8155 0.0000e+00  -60.61633  -54.34100 1153547028 203.238777    34.1375      76352         22  0.000e+00
     10.277    -0.8430   2.768448    -0.8424   2.768852    7.72484     0.2909    13.8155 0.0000e+00  -60.61633  -54.34100 1153547028 203.238777    34.1368      76353         22  0.000e+00
     10.201    -0.8428   2.768481    -0.8427   2.768858    7.72471     0.3017    13.8155 0.0000e+00  -60.61633  -54.34100 1153547028 203.238777    34.1372      76354         22  0.000e+00
     10.296    -0.8431   2.768511    -0.8426   2.768823    7.72483     0.2586    13.8155 0.0000e+00  -60.61633  -54.34100 1153547028 203.238778    34.1378      76355         22  0.000e+00
     10.201    -0.8428   2.768481    -0.8434   2.768806    7.72471     0.2479    13.8155 0.0000e+00  -60.61633  -54.34100 1153547028 203.238778    34.1372      76356         22  0.000e+00
     10.277    -0.8433   2.768465    -0.8439   2.768771    7.72487     0.2801    13.8155 0.0000e+00  -60.61633  -54.34100 1153547028 203.238779    34.1374      76357         22  0.000e+00
     10.229    -0.8427   2.768435    -0.8442   2.768713    7.72943     0.2479    13.8155 0.0000e+00  -60.61633  -54.34100 1153547028 203.238779    34.1364      76358         22  0.000e+00
     10.201    -0.8436   2.768429    -0.8444   2.768702    7.72486     0.2371    13.8155 0.0000e+00  -60.61633  -54.34100 1153547028 203.238780    34.1373      76359         22  0.000e+00
     10.277    -0.8436   2.768422    -0.8450   2.768702    7.72495     0.2263    13.8155 0.0000e+00  -60.61633  -54.34100 1153547028 203.238780    34.1372      76360         22  0.000e+00
     10.229    -0.8441   2.768409    -0.8450   2.768684    7.72498     0.2586    13.8155 0.0000e+00  -60.61633  -54.34100 1153547028 203.238781    34.1376      76361         22  0.000e+00
     10.277    -0.8441   2.768406    -0.8444   2.768679    7.72504     0.2694    13.8155 0.0000e+00  -60.61633  -54.34100 1153547029 203.238781    34.1375      76362         22  0.000e+00
     10.229    -0.8442   2.768405    -0.8444   2.768696    7.72501     0.2586    13.8155 0.0000e+00  -60.61633  -54.34100 1153547029 203.238782    34.1377      76363         22  0.000e+00
     10.277    -0.8442   2.768382    -0.8444   2.768684    7.72508     0.2909    13.8155 0.0000e+00  -60.61633  -54.34100 1153547029 203.238782    34.1374      76364         22  0.000e+00
      9.997    -0.8442   2.768330    -0.8484   2.768337    7.72949     0.2479    13.8155 0.0000e+00  -60.61633  -54.34100 1153547043 203.238949    34.1368      76709         23  0.000e+00
     10.140    -0.8437   2.768290    -0.8484   2.768331    7.72960     0.2156    13.8155 0.0000e+00  -60.61633  -54.34100 1153547043 203.238949    34.1357      76710         23  0.000e+00
     10.026    -0.8439   2.768287    -0.8479   2.768366    7.73418     0.2156    13.8155 0.0000e+00  -60.61633  -54.34100 1153547043 203.238950    34.1359      76711         23  0.000e+00
     10.140    -0.8442   2.768287    -0.8471   2.768441    7.73435     0.2263    13.8155 0.0000e+00  -60.61633  -54.34100 1153547043 203.238950    34.1361      76712         23  0.000e+00
     10.073    -0.8439   2.768290    -0.8465   2.768482    7.72955     0.2263    13.8155 0.0000e+00  -60.61633  -54.34100 1153547043 203.238951    34.1359      76713         23  0.000e+00
     10.092    -0.8442   2.768244    -0.8456   2.768470    7.72965     0.2371    13.8155 0.0000e+00  -60.61633  -54.34100 1153547043 203.238951    34.1356      76714         23  0.000e+00
     10.073    -0.8442   2.768191    -0.8461   2.768522    7.73435     0.2263    13.8155 0.0000e+00  -60.61633  -54.34100 1153547043 203.238952    34.1349      76715         23  0.000e+00
     10.092    -0.8448   2.768192    -0.8455   2.768563    7.72978     0.2156    13.8155 0.0000e+00  -60.61633  -54.34100 1153547043 203.238952    34.1356      76716         23  0.000e+00
     10.073    -0.8459   2.768152    -0.8456   2.768569    7.72996     0.2048    13.8155 0.0000e+00  -60.61633  -54.34100 1153547043 203.238953    34.1363      76717         23  0.000e+00
     10.140    -0.8454   2.768205    -0.8456   2.768551    7.72992     0.2263    13.8155 0.0000e+00  -60.61633  -54.34100 1153547043 203.238953    34.1364      76718         23  0.000e+00
     10.026    -0.8453   2.768238    -0.8464   2.768505    7.72975     0.2371    13.8155 0.0000e+00  -60.61633  -54.34100 1153547043 203.238954    34.1368      76719         23  0.000e+00
     10.140    -0.8448   2.768247    -0.8468   2.768493    7.72979     0.2156    13.8155 0.0000e+00  -60.61633  -54.34100 1153547043 203.238954    34.1363      76720         23  0.000e+00
     10.073    -0.8445   2.768264    -0.8474   2.768470    7.72967     0.2156    13.8155 0.0000e+00  -60.61633  -54.34100 1153547043 203.238954    34.1362      76721         23  0.000e+00
     10.092    -0.8456   2.768201    -0.8474   2.768447    7.72990     0.2263    13.8155 0.0000e+00  -60.61633  -54.34100 1153547044 203.238955    34.1366      76722         23  0.000e+00
     10.073    -0.8467   2.768159    -0.8474   2.768441    7.73008     0.2479    13.8155 0.0000e+00  -60.61633  -54.34100 1153547044 203.238955    34.1372      76723         23  0.000e+00
     10.073    -0.8473   2.768093    -0.8470   2.768458    7.73022     0.2371    13.8155 0.0000e+00  -60.61633  -54.34100 1153547044 203.238956    34.1370      76724         23  0.000e+00
     10.093    -0.8476   2.768103    -0.8474   2.768482    7.73028     0.2263    13.8155 0.0000e+00  -60.61633  -54.34100 1153547044 203.238956    34.1375      76725         23  0.000e+00
     10.073    -0.8473   2.768126    -0.8470   2.768470    7.73019     0.2479    13.8155 0.0000e+00  -60.61633  -54.34100 1153547044 203.238957    34.1375      76726         23  0.000e+00
     10.093    -0.8471   2.768136    -0.8468   2.768482    7.73486     0.2479    13.8155 0.0000e+00  -60.61633  -54.34100 1153547044 203.238957    34.1374      76727         23  0.000e+00
     10.074    -0.8468   2.768139    -0.8473   2.768470    7.73011     0.2586    13.8155 0.0000e+00  -60.61633  -54.34100 1153547044 203.238958    34.1371      76728         23  0.000e+00
     10.074    -0.8465   2.768139    -0.8470   2.768482    7.73007     0.2263    13.8155 0.0000e+00  -60.61633  -54.34100 1153547044 203.238958    34.1368      76729         23  0.000e+00
     10.093    -0.8467   2.768129    -0.8473   2.768493    7.73480     0.2048    13.8155 0.0000e+00  -60.61633  -54.34100 1153547044 203.238959    34.1369      76730         23  0.000e+00
     10.074    -0.8467   2.768152    -0.8468   2.768470    7.73008     0.2048    13.8155 0.0000e+00  -60.61633  -54.34100 1153547044 203.238959    34.1372      76731         23  0.000e+00
     10.074    -0.8461   2.768162    -0.8464   2.768482    7.72998     0.2048    13.8155 0.0000e+00  -60.61633  -54.34100 1153547044 203.238960    34.1366      76732         23  0.000e+00
     10.093    -0.8467   2.768188    -0.8473   2.768493    7.73008     0.2048    13.8155 0.0000e+00  -60.61633  -54.34100 1153547044 203.238960    34.1376      76733         23  0.000e+00
      9.997    -0.8464   2.768185    -0.8468   2.768470    7.72993     0.2371    13.8155 0.0000e+00  -60.61633  -54.34100 1153547044 203.238961    34.1373      76734         23  0.000e+00
     10.093    -0.8464   2.768182    -0.8468   2.768482    7.73003     0.2479    13.8155 0.0000e+00  -60.61633  -54.34100 1153547044 203.238961    34.1372      76735         23  0.000e+00
     10.074    -0.8464   2.768215    -0.8465   2.768528    7.72999     0.2694    13.8155 0.0000e+00  -60.61633  -54.34100 1153547044 203.238962    34.1376      76736         23  0.000e+00
