product_data/regression_test/downloaded_data/MDGS/320620060703/ctd/p6619103.ros
* Sea-Bird SBE 9 Data File:
* FileName = D:\Data\Raw\p6619103.dat
* Software Version Seasave Win32 V 5.32
* Temperature SN = 1649
* Conductivity SN = 1431
* Number of Bytes Per Scan = 37
* Number of Voltage Words = 5
* Number of Scans Averaged by the Deck Unit = 1
* NMEA Latitude = 60 48.00 S
* NMEA Longitude = 055 00.25 W
* NMEA UTC (Time) = 16:10:00
** Ship:   Nathaniel B. Palmer 
** Cruise:    NBP0606 
# nquan = 17
# nvalues = 1176                    
# units = specified
# name 0 = prDM: Pressure, Digiquartz [db]
# name 1 = t090C: Temperature [ITS-90, deg C]
# name 2 = c0S/m: Conductivity [S/m]
# name 3 = t190C: Temperature, 2 [ITS-90, deg C]
# name 4 = c1S/m: Conductivity, 2 [S/m]
# name 5 = sbeox0ML/L: Oxygen, SBE 43 [ml/l]
# name 6 = flECO-AFL: Fluorescence, Wetlab ECO-AFL/FL [mg/m^3]
# name 7 = bat: Beam Attenuation, Chelsea/Seatech/Wetlab CStar [1/m]
# name 8 = spar: SPAR/Surface Irradiance
# name 9 = latitude: Latitude [deg]
# name 10 = longitude: Longitude [deg]
# name 11 = timeY: Time, System [seconds]
# name 12 = timeJ: Julian Days
# name 13 = sal00: Salinity [PSU]
# name 14 = scan: scan number
# name 15 = nbf: number of bottles fired
# name 16 = flag:  0.000e+00
# interval = seconds: 0.0416667                   
# start_time = Jul 23 2006 16:10:08
*END*
[from data line 1107]
     10.141    -1.0358   2.763567    -1.0365   2.763869    7.46239     0.1403    13.8155 1.3442e+02  -60.80000  -55.00417 1153674025 204.708643    34.2899      72451         23  0.000e+00
     10.170    -1.0361   2.763567    -1.0364   2.763881    7.45778     0.1188    13.8155 1.3442e+02  -60.80000  -55.00417 1153674025 204.708643    34.2902      72452         23  0.000e+00
     10.141    -1.0356   2.763550    -1.0368   2.763869    7.45769     0.1188    13.8155 1.3637e+02  -60.80000  -55.00417 1153674025 204.708644    34.2895      72453         23  0.000e+00
     10.170    -1.0359   2.763577    -1.0367   2.763881    7.45775     0.1510    13.8155 1.3637e+02  -60.80000  -55.00417 1153674025 204.708644    34.2902      72454         23  0.000e+00
     10.141    -1.0359   2.763557    -1.0362   2.763886    7.45773     0.1295    13.8155 1.3637e+02  -60.80000  -55.00417 1153674025 204.708645    34.2900      72455         23  0.000e+00
     10.208    -1.0358   2.763547    -1.0364   2.763904    7.45779     0.1618    13.8155 1.3637e+02  -60.80000  -55.00417 1153674025 204.708645    34.2896      72456         23  0.000e+00
     10.170    -1.0361   2.763527    -1.0359   2.763875    7.45780     0.1403    13.8155 1.3637e+02  -60.80000  -55.00417 1153674025 204.708646    34.2897      72457         23  0.000e+00
     10.141    -1.0359   2.763524    -1.0363   2.763881    7.45775     0.1080    13.8155 1.3637e+02  -60.80000  -55.00417 1153674025 204.708646    34.2895      72458         23  0.000e+00
     10.208    -1.0362   2.763504    -1.0364   2.763852    7.45788     0.1080    13.8155 1.3637e+02  -60.80000  -55.00417 1153674025 204.708647    34.2895      72459         23  0.000e+00
     10.170    -1.0362   2.763518    -1.0367   2.763834    7.45783     0.1188    13.8155 1.3637e+02  -60.80000  -55.00417 1153674025 204.708647    34.2897      72460         23  0.000e+00
     10.208    -1.0364   2.763541    -1.0373   2.763834    7.45788     0.1188    13.8155 1.3637e+02  -60.80000  -55.00417 1153674025 204.708648    34.2902      72461         23  0.000e+00
     10.170    -1.0362   2.763547    -1.0372   2.763834    7.45781     0.1080    13.8155 1.3637e+02  -60.80000  -55.00417 1153674025 204.708648    34.2901      72462         23  0.000e+00
     10.142    -1.0361   2.763527    -1.0368   2.763834    7.45777     0.1403    13.8155 1.3637e+02  -60.80000  -55.00417 1153674025 204.708649    34.2897      72463         23  0.000e+00
     10.208    -1.0362   2.763475    -1.0367   2.763811    7.45790     0.1188    13.8155 1.3637e+02  -60.80000  -55.00417 1153674025 204.708649    34.2891      72464         23  0.000e+00
     10.170    -1.0362   2.763488    -1.0369   2.763805    7.45785     0.1188    13.8155 1.3637e+02  -60.80000  -55.00417 1153674025 204.708650    34.2893      72465         23  0.000e+00
     10.208    -1.0364   2.763501    -1.0365   2.763829    7.45791     0.1188    13.8155 1.3637e+02  -60.80000  -55.00417 1153674025 204.708650    34.2897      72466         23  0.000e+00
     10.170    -1.0367   2.763501    -1.0371   2.763834    7.45791     0.0865    13.8155 1.3637e+02  -60.80000  -55.00417 1153674025 204.708651    34.2900      72467         23  0.000e+00
     10.208    -1.0361   2.763534    -1.0370   2.763811    7.46253     0.1188    13.8155 1.3637e+02  -60.80000  -55.00417 1153674025 204.708651    34.2898      72468         23  0.000e+00
     10.142    -1.0365   2.763527    -1.0363   2.763840    7.45784     0.1833    13.8155 1.3637e+02  -60.80000  -55.00417 1153674025 204.708652    34.2903      72469         23  0.000e+00
     10.170    -1.0367   2.763488    -1.0371   2.763857    7.45793     0.1510    13.8155 1.3637e+02  -60.80000  -55.00417 1153674025 204.708652    34.2899      72470         23  0.000e+00
      9.885    -1.0353   2.763577    -1.0353   2.763944    7.46205     0.1295    13.8155 1.3637e+02  -60.80000  -55.00417 1153674028 204.708684    34.2897      72536         24  0.000e+00
      9.866    -1.0353   2.763570    -1.0357   2.763938    7.46203     0.1510    13.8155 1.3442e+02  -60.80000  -55.00417 1153674028 204.708684    34.2896      72537         24  0.000e+00
      9.866    -1.0356   2.763583    -1.0354   2.763956    7.46207     0.1726    13.8155 1.3442e+02  -60.80000  -55.00417 1153674028 204.708685    34.2901      72538         24  0.000e+00
      9.885    -1.0355   2.763623    -1.0352   2.763962    7.46674     0.1726    13.8155 1.3442e+02  -60.80000  -55.00417 1153674028 204.708685    34.2905      72539         24  0.000e+00
      9.933    -1.0358   2.763616    -1.0354   2.763962    7.46683     0.2156    13.8155 1.3637e+02  -60.80000  -55.00417 1153674028 204.708686    34.2907      72540         24  0.000e+00
      9.866    -1.0359   2.763593    -1.0351   2.763944    7.46681     0.1941    13.8155 1.3637e+02  -60.80000  -55.00417 1153674028 204.708686    34.2906      72541         24  0.000e+00
      9.962    -1.0356   2.763541    -1.0350   2.763979    7.46689     0.1833    13.8155 1.3637e+02  -60.80000  -55.00417 1153674028 204.708687    34.2895      72542         24  0.000e+00
      9.933    -1.0359   2.763554    -1.0348   2.763967    7.46690     0.1510    13.8155 1.3637e+02  -60.80000  -55.00417 1153674028 204.708687    34.2900      72543         24  0.000e+00
      9.886    -1.0356   2.763550    -1.0351   2.763944    7.46681     0.1618    13.8155 1.3637e+02  -60.80000  -55.00417 1153674028 204.708688    34.2897      72544         24  0.000e+00
      9.867    -1.0358   2.763547    -1.0355   2.763979    7.46681     0.1510    13.8155 1.3637e+02  -60.80000  -55.00417 1153674029 204.708688    34.2898      72545         24  0.000e+00
      9.933    -1.0355   2.763577    -1.0356   2.763956    7.46682     0.1510    13.8155 1.3637e+02  -60.80000  -55.00417 1153674029 204.708689    34.2898      72546         24  0.000e+00
      9.962    -1.0359   2.763557    -1.0352   2.763979    7.46693     0.0757    13.8155 1.3637e+02  -60.80000  -55.00417 1153674029 204.708689    34.2901      72547         24  0.000e+00
      9.933    -1.0359   2.763560    -1.0351   2.763973    7.46690     0.0972    13.8155 1.3442e+02  -60.80000  -55.00417 1153674029 204.708690    34.2901      72548         24  0.000e+00
      9.886    -1.0361   2.763567    -1.0352   2.763985    7.46687     0.1403    13.8155 1.3442e+02  -60.80000  -55.00417 1153674029 204.708690    34.2904      72549         24  0.000e+00
      9.933    -1.0361   2.763583    -1.0353   2.763933    7.46690     0.1403    13.8155 1.3637e+02  -60.80000  -55.00417 1153674029 204.708691    34.2906      72550         24  0.000e+00
      9.933    -1.0356   2.763590    -1.0357   2.763933    7.46683     0.1188    13.8155 1.3637e+02  -60.80000  -55.00417 1153674029 204.708691    34.2902      72551         24  0.000e+00
      9.962    -1.0359   2.763570    -1.0356   2.763938    7.46692     0.1403    13.8155 1.3637e+02  -60.80000  -55.00417 1153674029 204.708692    34.2903      72552         24  0.000e+00
      9.933    -1.0359   2.763567    -1.0357   2.763915    7.46689     0.1403    13.8155 1.3637e+02  -60.80000  -55.00417 1153674029 204.708692    34.2902      72553         24  0.000e+00
     10.000    -1.0358   2.763583    -1.0362   2.763909    7.46693     0.1295    13.8155 1.3637e+02  -60.80000  -55.00417 1153674029 204.708693    34.2902      72554         24  0.000e+00
      9.962    -1.0358   2.763606    -1.0360   2.763909    7.46687     0.1188    13.8155 1.3637e+02  -60.80000  -55.00417 1153674029 204.708693    34.2906      72555         24  0.000e+00
      9.933    -1.0358   2.763613    -1.0353   2.763909    7.46684     0.1188    13.8155 1.3637e+02  -60.80000  -55.00417 1153674029 204.708694    34.2907      72556         24  0.000e+00
      9.962    -1.0353   2.763629    -1.0352   2.763985    7.46678     0.1618    13.8155 1.3637e+02  -60.80000  -55.00417 1153674029 204.708694    34.2903      72557         24  0.000e+00
     10.000    -1.0355   2.763636    -1.0354   2.763979    7.46685     0.1618    13.8155 1.3637e+02  -60.80000  -55.00417 1153674029 204.708695    34.2906      72558         24  0.000e+00
      9.933    -1.0352   2.763616    -1.0351   2.763985    7.46674     0.1510    13.8155 1.3637e+02  -60.80000  -55.00417 1153674029 204.708695    34.2900      72559         24  0.000e+00
     10.029    -1.0355   2.763643    -1.0350   2.763991    7.46687     0.1726    13.8155 1.3442e+02  -60.80000  -55.00417 1153674029 204.708696    34.2907      72560         24  0.000e+00
     10.000    -1.0352   2.763639    -1.0349   2.763973    7.46680     0.1726    13.8155 1.3637e+02  -60.80000  -55.00417 1153674029 204.708696    34.2903      72561         24  0.000e+00
      9.934    -1.0348   2.763636    -1.0350   2.763985    7.46668     0.1188    13.8155 1.3637e+02  -60.80000  -55.00417 1153674029 204.708696    34.2899      72562         24  0.000e+00
     10.029    -1.0352   2.763649    -1.0352   2.763991    7.46682     0.1726    13.8155 1.3637e+02  -60.80000  -55.00417 1153674029 204.708697    34.2904      72563         24  0.000e+00
     10.000    -1.0355   2.763606    -1.0351   2.763991    7.47156     0.1618    13.8155 1.3637e+02  -60.80000  -55.00417 1153674029 204.708697    34.2902      72564         24  0.000e+00
     10.029    -1.0353   2.763606    -1.0351   2.763973    7.46687     0.0972    13.8155 1.3637e+02  -60.80000  -55.00417 1153674029 204.708698    34.2900      72565         24  0.000e+00
     10.000    -1.0356   2.763629    -1.0351   2.763985    7.46687     0.0972    13.8155 1.3832e+02  -60.80000  -55.00417 1153674029 204.708698    34.2907      72566         24  0.000e+00
     10.077    -1.0355   2.763616    -1.0351   2.763991    7.46694     0.1188    13.8155 1.3832e+02  -60.80000  -55.00417 1153674029 204.708699    34.2903      72567         24  0.000e+00
     10.029    -1.0352   2.763629    -1.0351   2.763991    7.46683     0.1295    13.8155 1.3832e+02  -60.80000  -55.00417 1153674029 204.708699    34.2901      72568         24  0.000e+00
     10.000    -1.0348   2.763649    -1.0351   2.763973    7.46674     0.1188    13.8155 1.3832e+02  -60.80000  -55.00417 1153674030 204.708700    34.2901      72569         24  0.000e+00
     10.077    -1.0348   2.763656    -1.0349   2.763962    7.46682     0.0757    13.8155 1.3832e+02  -60.80000  -55.00417 1153674030 204.708700    34.2901      72570         24  0.000e+00
     10.029    -1.0348   2.763656    -1.0345   2.764008    7.46677     0.1080    13.8155 1.3832e+02  -60.80000  -55.00417 1153674030 204.708701    34.2901      72571         24  0.000e+00
     10.077    -1.0352   2.763639    -1.0345   2.764014    7.46687     0.1188    13.8155 1.3637e+02  -60.80000  -55.00417 1153674030 204.708701    34.2902      72572         24  0.000e+00
     10.096    -1.0347   2.763649    -1.0345   2.764019    7.46682     0.1403    13.8155 1.3637e+02  -60.80000  -55.00417 1153674030 204.708702    34.2898      72573         24  0.000e+00
     10.077    -1.0345   2.763672    -1.0343   2.764037    7.46676     0.1295    13.8155 1.3637e+02  -60.80000  -55.00417 1153674030 204.708702    34.2900      72574         24  0.000e+00
     10.077    -1.0344   2.763659    -1.0340   2.764025    7.46674     0.1510    13.8155 1.3832e+02  -60.80000  -55.00417 1153674030 204.708703    34.2896      72575         24  0.000e+00
     10.096    -1.0344   2.763639    -1.0339   2.764037    7.46678     0.0972    13.8155 1.3832e+02  -60.80000  -55.00417 1153674030 204.708703    34.2893      72576         24  0.000e+00
     10.077    -1.0342   2.763666    -1.0345   2.764043    7.46672     0.0757    13.8155 1.3832e+02  -60.80000  -55.00417 1153674030 204.708704    34.2895      72577         24  0.000e+00
     10.144    -1.0345   2.763679    -1.0352   2.764025    7.46683     0.1080    13.8155 1.3832e+02  -60.80000  -55.00417 1153674030 204.708704    34.2900      72578         24  0.000e+00
     10.096    -1.0345   2.763659    -1.0351   2.763996    7.46679     0.1188    13.8155 1.3832e+02  -60.80000  -55.00417 1153674030 204.708705    34.2898      72579         24  0.000e+00
     10.077    -1.0350   2.763689    -1.0351   2.763973    7.46682     0.1403    13.8155 1.3832e+02  -60.80000  -55.00417 1153674030 204.708705    34.2907      72580         24  0.000e+00
     10.172    -1.0345   2.763702    -1.0351   2.763962    7.46684     0.1295    13.8155 1.3832e+02  -60.80000  -55.00417 1153674030 204.708706    34.2903      72581         24  0.000e+00
     10.077    -1.0353   2.763666    -1.0352   2.764008    7.46688     0.1510    13.8155 1.3832e+02  -60.80000  -55.00417 1153674030 204.708706    34.2908      72582         24  0.000e+00
     10.144    -1.0353   2.763639    -1.0342   2.764037    7.46697     0.1618    13.8155 1.3832e+02  -60.80000  -55.00417 1153674030 204.708707    34.2904      72583         24  0.000e+00
     10.172    -1.0352   2.763616    -1.0342   2.764043    7.46699     0.1726    13.8155 1.3832e+02  -60.80000  -55.00417 1153674030 204.708707    34.2899      72584         24  0.000e+00
