product_data/regression_test/downloaded_data/MDGS/320620060703/ctd/p6619901.ros
* Sea-Bird SBE 9 Data File:
* FileName = D:\Data\Raw\p6619901.dat
* Software Version Seasave Win32 V 5.32
* Temperature SN = 1649
* Conductivity SN = 1431
* Number of Bytes Per Scan = 37
* Number of Voltage Words = 5
* Number of Scans Averaged by the Deck Unit = 1
* NMEA Latitude = 62 59.55 S
* NMEA Longitude = 062 15.19 W
* NMEA UTC (Time) = 06:52:39
** Ship:   Nathaniel B. Palmer 
** Cruise:    NBP0606 
# nquan = 17
# nvalues = 1176                    
# units = specified
# name 0 = prDM: Pressure, Digiquartz [db]
# name 1 = t090C: Temperature [ITS-90, deg C]
# name 2 = c0S/m: Conductivity [S/m]
# name 3 = t190C: Temperature, 2 [ITS-90, deg C]
# name 4 = c1S/m: Conductivity, 2 [S/m]
# name 5 = sbeox0ML/L: Oxygen, SBE 43 [ml/l]
# name 6 = flECO-AFL: Fluorescence, Wetlab ECO-AFL/FL [mg/m^3]
# name 7 = bat: Beam Attenuation, Chelsea/Seatech/Wetlab CStar [1/m]
# name 8 = spar: SPAR/Surface Irradiance
# name 9 = latitude: Latitude [deg]
# name 10 = longitude: Longitude [deg]
# name 11 = timeY: Time, System [seconds]
# name 12 = timeJ: Julian Days
# name 13 = sal00: Salinity [PSU]
# name 14 = scan: scan number
# name 15 = nbf: number of bottles fired
# name 16 = flag:  0.000e+00
# interval = seconds: 0.0416667                   
# start_time = Jul 27 2006 06:52:46
*END*
    750.602     0.7763   2.975079     0.7736   2.975260    5.37530    -0.0674    13.8155 0.0000e+00  -62.99250  -62.25317 1153984691 208.304305    34.6157      36624          1  0.000e+00
    750.602     0.7757   2.975066     0.7739   2.975111    5.37538    -0.1114    13.8155 0.0000e+00  -62.99250  -62.25317 1153984691 208.304306    34.6162      36625          1  0.000e+00
    750.602     0.7754   2.974984     0.7734   2.975046    5.37545    -0.1114    13.8155 0.0000e+00  -62.99250  -62.25317 1153984691 208.304306    34.6155      36626          1  0.000e+00
    750.670     0.7759   2.974909     0.7722   2.975052    5.37547    -0.0674    13.8155 0.0000e+00  -62.99250  -62.25317 1153984691 208.304307    34.6139      36627          1  0.000e+00
    750.602     0.7744   2.974756     0.7716   2.975058    5.37566    -0.0233    13.8155 0.0000e+00  -62.99250  -62.25317 1153984691 208.304307    34.6136      36628          1  0.000e+00
    750.535     0.7718   2.974651     0.7710   2.975058    5.37595     0.0207    13.8155 0.0000e+00  -62.99250  -62.25317 1153984691 208.304307    34.6153      36629          1  0.000e+00
    750.670     0.7713   2.974648     0.7708   2.975058    5.37611    -0.0013    13.8155 0.0000e+00  -62.99250  -62.25317 1153984691 208.304308    34.6157      36630          1  0.000e+00
    750.602     0.7724   2.974655     0.7708   2.975040    5.37593    -0.0674    13.8155 0.0000e+00  -62.99250  -62.25317 1153984691 208.304308    34.6146      36631          1  0.000e+00
    750.535     0.7722   2.974699     0.7710   2.975034    5.37589    -0.1335    13.8155 0.0000e+00  -62.99250  -62.25317 1153984691 208.304309    34.6154      36632          1  0.000e+00
    750.670     0.7729   2.974828     0.7717   2.975004    5.37585    -0.1114    13.8155 0.0000e+00  -62.99250  -62.25317 1153984691 208.304309    34.6162      36633          1  0.000e+00
    750.602     0.7724   2.974903     0.7733   2.975022    5.37582    -0.1114    13.8155 0.0000e+00  -62.99250  -62.25317 1153984691 208.304310    34.6178      36634          1  0.000e+00
    750.535     0.7716   2.974896     0.7752   2.975010    5.37586    -0.1114    13.8155 0.0000e+00  -62.99250  -62.25317 1153984691 208.304310    34.6186      36635          1  0.000e+00
    750.602     0.7741   2.974903     0.7746   2.975058    5.37562    -0.1004    13.8155 0.0000e+00  -62.99250  -62.25317 1153984691 208.304311    34.6158      36636          1  0.000e+00
    750.602     0.7771   2.974913     0.7724   2.975129    5.37034    -0.0343    13.8155 0.0000e+00  -62.99250  -62.25317 1153984691 208.304311    34.6126      36637          1  0.000e+00
    750.535     0.7785   2.974933     0.7722   2.975159    5.37508    -0.0123    13.8155 0.0000e+00  -62.99250  -62.25317 1153984691 208.304312    34.6114      36638          1  0.000e+00
    750.612     0.7761   2.974974     0.7721   2.975147    5.37537    -0.0233    13.8155 0.0000e+00  -62.99250  -62.25317 1153984691 208.304312    34.6145      36639          1  0.000e+00
    750.602     0.7749   2.974943     0.7719   2.975123    5.37552    -0.0013    13.8155 0.0000e+00  -62.99250  -62.25317 1153984691 208.304313    34.6155      36640          1  0.000e+00
    750.535     0.7745   2.974828     0.7715   2.975046    5.37556    -0.0343    13.8155 0.0000e+00  -62.99250  -62.25317 1153984691 208.304313    34.6145      36641          1  0.000e+00
    750.602     0.7746   2.974760     0.7715   2.974986    5.37564    -0.1004    13.8155 0.0000e+00  -62.99250  -62.25317 1153984691 208.304314    34.6135      36642          1  0.000e+00
    750.535     0.7738   2.974712     0.7712   2.974974    5.37570    -0.1004    13.8155 0.0000e+00  -62.99250  -62.25317 1153984691 208.304314    34.6138      36643          1  0.000e+00
    750.535     0.7736   2.974719     0.7713   2.974974    5.37571    -0.1335    13.8155 0.0000e+00  -62.99250  -62.25317 1153984692 208.304315    34.6141      36644          1  0.000e+00
    750.602     0.7727   2.974716     0.7714   2.974957    5.37587    -0.1004    13.8155 0.0000e+00  -62.99250  -62.25317 1153984692 208.304315    34.6150      36645          1  0.000e+00
    750.535     0.7718   2.974740     0.7713   2.974945    5.37590    -0.1225    13.8155 0.0000e+00  -62.99250  -62.25317 1153984692 208.304316    34.6163      36646          1  0.000e+00
    750.535     0.7722   2.974695     0.7715   2.974986    5.37093    -0.1114    13.8155 0.0000e+00  -62.99250  -62.25317 1153984692 208.304316    34.6153      36647          1  0.000e+00
    750.535     0.7721   2.974729     0.7716   2.974962    5.37093    -0.0894    13.8155 0.0000e+00  -62.99250  -62.25317 1153984692 208.304317    34.6159      36648          1  0.000e+00
    750.535     0.7729   2.974739     0.7717   2.974968    5.37084    -0.0784    13.8155 0.0000e+00  -62.99250  -62.25317 1153984692 208.304317    34.6152      36649          1  0.000e+00
    750.535     0.7730   2.974746     0.7724   2.974974    5.37082    -0.0894    13.8155 0.0000e+00  -62.99250  -62.25317 1153984692 208.304318    34.6151      36650          1  0.000e+00
    750.458     0.7726   2.974712     0.7718   2.974974    5.37082    -0.0674    13.8155 0.0000e+00  -62.99250  -62.25317 1153984692 208.304318    34.6151      36651          1  0.000e+00
    750.535     0.7724   2.974702     0.7717   2.974951    5.37091    -0.0674    13.8155 0.0000e+00  -62.99250  -62.25317 1153984692 208.304319    34.6152      36652          1  0.000e+00
    750.458     0.7724   2.974712     0.7716   2.974927    5.37580    -0.0013    13.8155 0.0000e+00  -62.99250  -62.25317 1153984692 208.304319    34.6154      36653          1  0.000e+00
    750.535     0.7727   2.974723     0.7716   2.974915    5.37582    -0.0233    13.8155 0.0000e+00  -62.99250  -62.25317 1153984692 208.304320    34.6151      36654          1  0.000e+00
    750.458     0.7719   2.974797     0.7709   2.974897    5.37581    -0.0564    13.8155 0.0000e+00  -62.99250  -62.25317 1153984692 208.304320    34.6170      36655          1  0.000e+00
    750.458     0.7731   2.974838     0.7708   2.974891    5.37566    -0.0343    13.8155 0.0000e+00  -62.99250  -62.25317 1153984692 208.304321    34.6162      36656          1  0.000e+00
    750.477     0.7730   2.974855     0.7712   2.974909    5.37568    -0.1004    13.8155 0.0000e+00  -62.99250  -62.25317 1153984692 208.304321    34.6165      36657          1  0.000e+00
    750.458     0.7725   2.974848     0.7720   2.974957    5.37572    -0.1004    13.8155 0.0000e+00  -62.99250  -62.25317 1153984692 208.304321    34.6170      36658          1  0.000e+00
    750.391     0.7732   2.974879     0.7724   2.974992    5.37063    -0.0784    13.8155 0.0000e+00  -62.99250  -62.25317 1153984692 208.304322    34.6167      36659          1  0.000e+00
    750.458     0.7738   2.974872     0.7729   2.974998    5.37062    -0.0784    13.8155 0.0000e+00  -62.99250  -62.25317 1153984692 208.304322    34.6159      36660          1  0.000e+00
    750.391     0.7734   2.974858     0.7723   2.974998    5.37556    -0.1114    13.8155 0.0000e+00  -62.99250  -62.25317 1153984692 208.304323    34.6162      36661          1  0.000e+00
    750.458     0.7727   2.974828     0.7727   2.974957    5.37076    -0.1225    13.8155 0.0000e+00  -62.99250  -62.25317 1153984692 208.304323    34.6166      36662          1  0.000e+00
    750.391     0.7736   2.974838     0.7724   2.974962    5.37060    -0.1665    13.8155 0.0000e+00  -62.99250  -62.25317 1153984692 208.304324    34.6157      36663          1  0.000e+00
    750.391     0.7733   2.974807     0.7724   2.974992    5.37065    -0.1114    13.8155 0.0000e+00  -62.99250  -62.25317 1153984692 208.304324    34.6156      36664          1  0.000e+00
    750.391     0.7735   2.974807     0.7721   2.974998    5.37063    -0.0784    13.8155 0.0000e+00  -62.99250  -62.25317 1153984692 208.304325    34.6155      36665          1  0.000e+00
    750.314     0.7734   2.974746     0.7722   2.975022    5.37061    -0.0343    13.8155 0.0000e+00  -62.99250  -62.25317 1153984692 208.304325    34.6148      36666          1  0.000e+00
    750.391     0.7732   2.974760     0.7724   2.975034    5.37069    -0.0564    13.8155 0.0000e+00  -62.99250  -62.25317 1153984692 208.304326    34.6152      36667          1  0.000e+00
    750.314     0.7727   2.974773     0.7726   2.975004    5.37068    -0.1555    13.8155 0.0000e+00  -62.99250  -62.25317 1153984692 208.304326    34.6159      36668          1  0.000e+00
    750.314     0.7722   2.974712     0.7727   2.975046    5.37076    -0.1335    13.8155 0.0000e+00  -62.99250  -62.25317 1153984693 208.304327    34.6156      36669          1  0.000e+00
    750.314     0.7727   2.974733     0.7729   2.975058    5.37070    -0.0784    13.8155 0.0000e+00  -62.99250  -62.25317 1153984693 208.304327    34.6154      36670          1  0.000e+00
    750.314     0.7725   2.974784     0.7729   2.975040    5.37070     0.0097    13.8155 0.0000e+00  -62.99250  -62.25317 1153984693 208.304328    34.6163      36671          1  0.000e+00
    750.314     0.7733   2.974777     0.7724   2.975010    5.37061     0.0428    13.8155 0.0000e+00  -62.99250  -62.25317 1153984693 208.304328    34.6153      36672          1  0.000e+00
    499.785     0.7469   2.957872     0.7468   2.958154    5.43209    -0.1335    13.8155 0.0000e+00  -62.99250  -62.25317 1153984985 208.307709    34.5698      43683          2  0.000e+00
    499.747     0.7469   2.957841     0.7468   2.958154    5.43208    -0.0674    13.8155 0.0000e+00  -62.99250  -62.25317 1153984985 208.307710    34.5694      43684          2  0.000e+00
    499.747     0.7474   2.957865     0.7469   2.958148    5.43202    -0.0343    13.8155 0.0000e+00  -62.99250  -62.25317 1153984985 208.307710    34.5692      43685          2  0.000e+00
    499.718     0.7472   2.957841     0.7467   2.958148    5.43202    -0.0233    13.8155 0.0000e+00  -62.99250  -62.25317 1153984985 208.307711    34.5691      43686          2  0.000e+00
    499.747     0.7471   2.957831     0.7467   2.958131    5.43207    -0.0784    13.8155 0.0000e+00  -62.99250  -62.25317 1153984985 208.307711    34.5691      43687          2  0.000e+00
    499.670     0.7472   2.957848     0.7473   2.958143    5.43198    -0.0674    13.8155 0.0000e+00  -62.99250  -62.25317 1153984985 208.307712    34.5692      43688          2  0.000e+00
    499.747     0.7471   2.957844     0.7468   2.958148    5.43206    -0.1225    13.8155 0.0000e+00  -62.99250  -62.25317 1153984985 208.307712    34.5693      43689          2  0.000e+00
    499.651     0.7471   2.957814     0.7473   2.958148    5.43200    -0.0894    13.8155 0.0000e+00  -62.99250  -62.25317 1153984985 208.307713    34.5689      43690          2  0.000e+00
    499.670     0.7467   2.957824     0.7468   2.958148    5.43205    -0.0674    13.8155 0.0000e+00  -62.99250  -62.25317 1153984985 208.307713    34.5694      43691          2  0.000e+00
    499.603     0.7469   2.957831     0.7468   2.958166    5.43198    -0.0343    13.8155 0.0000e+00  -62.99250  -62.25317 1153984985 208.307714    34.5693      43692          2  0.000e+00
    499.651     0.7469   2.957848     0.7467   2.958172    5.43200    -0.0564    13.8155 0.0000e+00  -62.99250  -62.25317 1153984985 208.307714    34.5695      43693          2  0.000e+00
    499.670     0.7471   2.957855     0.7468   2.958154    5.43200    -0.1225    13.8155 0.0000e+00  -62.99250  -62.25317 1153984985 208.307715    34.5694      43694          2  0.000e+00
    499.603     0.7469   2.957834     0.7468   2.958148    5.43197    -0.1665    13.8155 0.0000e+00  -62.99250  -62.25317 1153984985 208.307715    34.5693      43695          2  0.000e+00
    499.574     0.7471   2.957848     0.7468   2.958125    5.43193    -0.1335    13.8155 0.0000e+00  -62.99250  -62.25317 1153984985 208.307716    34.5694      43696          2  0.000e+00
    499.603     0.7466   2.957855     0.7469   2.958119    5.43200    -0.0564    13.8155 0.0000e+00  -62.99250  -62.25317 1153984985 208.307716    34.5700      43697          2  0.000e+00
    499.603     0.7466   2.957871     0.7469   2.958154    5.43199    -0.0343    13.8155 0.0000e+00  -62.99250  -62.25317 1153984985 208.307717    34.5702      43698          2  0.000e+00
    499.507     0.7474   2.957858     0.7469   2.958160    5.43184    -0.0894    13.8155 0.0000e+00  -62.99250  -62.25317 1153984986 208.307717    34.5692      43699          2  0.000e+00
    499.603     0.7471   2.957855     0.7469   2.958148    5.43195    -0.1004    13.8155 0.0000e+00  -62.99250  -62.25317 1153984986 208.307717    34.5695      43700          2  0.000e+00
    499.603     0.7469   2.957817     0.7470   2.958148    5.43198     0.0097    13.8155 0.0000e+00  -62.99250  -62.25317 1153984986 208.307718    34.5692      43701          2  0.000e+00
    499.526     0.7471   2.957841     0.7471   2.958148    5.43190     0.0097    13.8155 0.0000e+00  -62.99250  -62.25317 1153984986 208.307718    34.5693      43702          2  0.000e+00
    499.574     0.7471   2.957834     0.7468   2.958184    5.43194    -0.0454    13.8155 0.0000e+00  -62.99250  -62.25317 1153984986 208.307719    34.5692      43703          2  0.000e+00
    499.526     0.7469   2.957848     0.7468   2.958178    5.43191    -0.0343    13.8155 0.0000e+00  -62.99250  -62.25317 1153984986 208.307719    34.5696      43704          2  0.000e+00
    499.526     0.7464   2.957834     0.7471   2.958172    5.43197    -0.0784    13.8155 0.0000e+00  -62.99250  -62.25317 1153984986 208.307720    34.5699      43705          2  0.000e+00
    499.507     0.7474   2.957865     0.7476   2.958131    5.43184    -0.1225    13.8155 0.0000e+00  -62.99250  -62.25317 1153984986 208.307720    34.5693      43706          2  0.000e+00
    499.459     0.7469   2.957841     0.7471   2.958119    5.43186    -0.0564    13.8155 0.0000e+00  -62.99250  -62.25317 1153984986 208.307721    34.5695      43707          2  0.000e+00
    499.526     0.7471   2.957854     0.7469   2.958202    5.43189    -0.0343    13.8155 0.0000e+00  -62.99250  -62.25317 1153984986 208.307721    34.5695      43708          2  0.000e+00
    499.507     0.7469   2.957854     0.7469   2.958184    5.43668    -0.0454    13.8155 0.0000e+00  -62.99250  -62.25317 1153984986 208.307722    34.5697      43709          2  0.000e+00
    499.459     0.7471   2.957854     0.7476   2.958172    5.43184    -0.0454    13.8155 0.0000e+00  -62.99250  -62.25317 1153984986 208.307722    34.5696      43710          2  0.000e+00
    499.459     0.7466   2.957854     0.7473   2.958160    5.43189    -0.0454    13.8155 0.0000e+00  -62.99250  -62.25317 1153984986 208.307723    34.5701      43711          2  0.000e+00
    499.459     0.7469   2.957871     0.7473   2.958125    5.43185    -0.0233    13.8155 0.0000e+00  -62.99250  -62.25317 1153984986 208.307723    34.5699      43712          2  0.000e+00
    499.507     0.7468   2.957858     0.7470   2.958154    5.43191    -0.1004    13.8155 0.0000e+00  -62.99250  -62.25317 1153984986 208.307724    34.5699      43713          2  0.000e+00
    499.459     0.7469   2.957834     0.7465   2.958172    5.43187    -0.1114    13.8155 0.0000e+00  -62.99250  -62.25317 1153984986 208.307724    34.5695      43714          2  0.000e+00
    499.459     0.7469   2.957810     0.7467   2.958172    5.43666    -0.1114    13.8155 0.0000e+00  -62.99250  -62.25317 1153984986 208.307725    34.5691      43715          2  0.000e+00
    499.430     0.7467   2.957841     0.7469   2.958154    5.43665    -0.0564    13.8155 0.0000e+00  -62.99250  -62.25317 1153984986 208.307725    34.5697      43716          2  0.000e+00
    499.459     0.7467   2.957834     0.7468   2.958148    5.43667    -0.0343    13.8155 0.0000e+00  -62.99250  -62.25317 1153984986 208.307726    34.5696      43717          2  0.000e+00
    499.459     0.7467   2.957810     0.7471   2.958184    5.43668    -0.0564    13.8155 0.0000e+00  -62.99250  -62.25317 1153984986 208.307726    34.5693      43718          2  0.000e+00
