product_data/regression_test/downloaded_data/MDGS/320620060703/ctd/p6619703.ros
* Sea-Bird SBE 9 Data File:
* FileName = D:\Data\Raw\p6619703.dat
* Software Version Seasave Win32 V 5.32
* Temperature SN = 1649
* Conductivity SN = 1431
* Number of Bytes Per Scan = 37
* Number of Voltage Words = 5
* Number of Scans Averaged by the Deck Unit = 1
* NMEA Latitude = 60 45.00 S
* NMEA Longitude = 058 22.50 W
* NMEA UTC (Time) = 10:38:44
** Ship:   Nathaniel B. Palmer 
** Cruise:    NBP0606 
# nquan = 17
# nvalues = 1176                    
# units = specified
# name 0 = prDM: Pressure, Digiquartz [db]
# name 1 = t090C: Temperature [ITS-90, deg C]
# name 2 = c0S/m: Conductivity [S/m]
# name 3 = t190C: Temperature, 2 [ITS-90, deg C]
# name 4 = c1S/m: Conductivity, 2 [S/m]
# name 5 = sbeox0ML/L: Oxygen, SBE 43 [ml/l]
# name 6 = flECO-AFL: Fluorescence, Wetlab ECO-AFL/FL [mg/m^3]
# name 7 = bat: Beam Attenuation, Chelsea/Seatech/Wetlab CStar [1/m]
# name 8 = spar: SPAR/Surface Irradiance
# name 9 = latitude: Latitude [deg]
# name 10 = longitude: Longitude [deg]
# name 11 = timeY: Time, System [seconds]
# name 12 = timeJ: Julian Days
# name 13 = sal00: Salinity [PSU]
# name 14 = scan: scan number
# name 15 = nbf: number of bottles fired
# name 16 = flag:  0.000e+00
# interval = seconds: 0.0416667                   
# start_time = Jul 25 2006 10:38:52
*END*
[from data line 341]
    150.134     1.2415   2.962524     1.2264   2.961375    5.55028    -0.0749    13.8155 0.0000e+00  -60.75000  -58.37500 1153826842 206.477356    34.2869      69879          7  0.000e+00
    150.134     1.2424   2.962561     1.2267   2.961417    5.55016    -0.0749    13.8155 0.0000e+00  -60.75000  -58.37500 1153826842 206.477357    34.2864      69880          7  0.000e+00
    150.477     1.2155   2.959836     1.2163   2.960324    5.60450    -0.0749    13.8155 0.0000e+00  -60.75000  -58.37500 1153826849 206.477433    34.2808      70038          8  0.000e+00
    150.410     1.2152   2.959826     1.2162   2.960313    5.59996    -0.0749    13.8155 0.0000e+00  -60.75000  -58.37500 1153826849 206.477433    34.2810      70039          8  0.000e+00
    150.419     1.2152   2.959842     1.2162   2.960330    5.59996    -0.0749    13.8155 0.0000e+00  -60.75000  -58.37500 1153826849 206.477434    34.2813      70040          8  0.000e+00
    150.410     1.2152   2.959812     1.2158   2.960318    5.59997    -0.0534    13.8155 0.0000e+00  -60.75000  -58.37500 1153826849 206.477434    34.2809      70041          8  0.000e+00
    150.410     1.2156   2.959873     1.2163   2.960313    5.59989    -0.0426    13.8155 0.0000e+00  -60.75000  -58.37500 1153826849 206.477435    34.2812      70042          8  0.000e+00
    150.410     1.2160   2.959883     1.2160   2.960313    5.59984    -0.1180    13.8155 0.0000e+00  -60.75000  -58.37500 1153826849 206.477435    34.2809      70043          8  0.000e+00
    150.419     1.2163   2.959910     1.2163   2.960313    5.59980    -0.1180    13.8155 0.0000e+00  -60.75000  -58.37500 1153826849 206.477436    34.2810      70044          8  0.000e+00
    150.477     1.2163   2.959920     1.2164   2.960330    5.59984    -0.1180    13.8155 0.0000e+00  -60.75000  -58.37500 1153826849 206.477436    34.2811      70045          8  0.000e+00
    150.410     1.2163   2.959900     1.2163   2.960342    5.60433    -0.0964    13.8155 0.0000e+00  -60.75000  -58.37500 1153826849 206.477437    34.2808      70046          8  0.000e+00
    150.410     1.2161   2.959859     1.2160   2.960342    5.59984    -0.1180    13.8155 0.0000e+00  -60.75000  -58.37500 1153826849 206.477437    34.2805      70047          8  0.000e+00
    150.477     1.2163   2.959900     1.2168   2.960318    5.59985    -0.1072    13.8155 0.0000e+00  -60.75000  -58.37500 1153826849 206.477438    34.2808      70048          8  0.000e+00
    150.486     1.2161   2.959900     1.2164   2.960354    5.60441    -0.1395    13.8155 0.0000e+00  -60.75000  -58.37500 1153826849 206.477438    34.2810      70049          8  0.000e+00
    150.410     1.2166   2.959876     1.2164   2.960348    5.60430    -0.1180    13.8155 0.0000e+00  -60.75000  -58.37500 1153826849 206.477439    34.2802      70050          8  0.000e+00
    150.553     1.2158   2.959873     1.2163   2.960360    5.60450    -0.1287    13.8155 0.0000e+00  -60.75000  -58.37500 1153826849 206.477439    34.2809      70051          8  0.000e+00
    150.343     1.2164   2.959907     1.2163   2.960348    5.60425    -0.1072    13.8155 0.0000e+00  -60.75000  -58.37500 1153826849 206.477440    34.2808      70052          8  0.000e+00
    150.620     1.2162   2.959920     1.2166   2.960319    5.60449    -0.1072    13.8155 0.0000e+00  -60.75000  -58.37500 1153826849 206.477440    34.2811      70053          8  0.000e+00
    150.486     1.2163   2.959920     1.2166   2.960354    5.60438    -0.1072    13.8155 0.0000e+00  -60.75000  -58.37500 1153826849 206.477441    34.2810      70054          8  0.000e+00
    150.477     1.2163   2.959900     1.2166   2.960348    5.60438    -0.0964    13.8155 0.0000e+00  -60.75000  -58.37500 1153826849 206.477441    34.2808      70055          8  0.000e+00
    150.477     1.2160   2.959914     1.2166   2.960342    5.60441    -0.0749    13.8155 0.0000e+00  -60.75000  -58.37500 1153826849 206.477442    34.2813      70056          8  0.000e+00
    150.553     1.2163   2.959900     1.2166   2.960342    5.60444    -0.1395    13.8155 0.0000e+00  -60.75000  -58.37500 1153826849 206.477442    34.2807      70057          8  0.000e+00
    150.486     1.2156   2.959897     1.2164   2.960319    5.60446    -0.1395    13.8155 0.0000e+00  -60.75000  -58.37500 1153826849 206.477443    34.2814      70058          8  0.000e+00
    150.553     1.2160   2.959914     1.2163   2.960330    5.60447    -0.0964    13.8155 0.0000e+00  -60.75000  -58.37500 1153826849 206.477443    34.2813      70059          8  0.000e+00
    150.553     1.2163   2.959900     1.2162   2.960342    5.60444    -0.1072    13.8155 0.0000e+00  -60.75000  -58.37500 1153826850 206.477444    34.2807      70060          8  0.000e+00
    150.553     1.2161   2.959897     1.2164   2.960342    5.60446    -0.0964    13.8155 0.0000e+00  -60.75000  -58.37500 1153826850 206.477444    34.2809      70061          8  0.000e+00
    150.553     1.2160   2.959876     1.2164   2.960342    5.60448    -0.0426    13.8155 0.0000e+00  -60.75000  -58.37500 1153826850 206.477445    34.2807      70062          8  0.000e+00
    150.629     1.2164   2.959893     1.2164   2.960342    5.60901    -0.0426    13.8155 0.0000e+00  -60.75000  -58.37500 1153826850 206.477445    34.2804      70063          8  0.000e+00
    150.553     1.2161   2.959880     1.2166   2.960360    5.60447    -0.0642    13.8155 0.0000e+00  -60.75000  -58.37500 1153826850 206.477446    34.2807      70064          8  0.000e+00
    150.620     1.2163   2.959907     1.2163   2.960348    5.60901    -0.0857    13.8155 0.0000e+00  -60.75000  -58.37500 1153826850 206.477446    34.2808      70065          8  0.000e+00
    150.553     1.2166   2.959883     1.2163   2.960342    5.60441    -0.0964    13.8155 0.0000e+00  -60.75000  -58.37500 1153826850 206.477446    34.2802      70066          8  0.000e+00
    150.620     1.2168   2.959907     1.2164   2.960360    5.60896    -0.0857    13.8155 0.0000e+00  -60.75000  -58.37500 1153826850 206.477447    34.2802      70067          8  0.000e+00
    150.629     1.2161   2.959900     1.2163   2.960348    5.60452    -0.0426    13.8155 0.0000e+00  -60.75000  -58.37500 1153826850 206.477447    34.2809      70068          8  0.000e+00
    150.620     1.2160   2.959927     1.2164   2.960342    5.60451    -0.0534    13.8155 0.0000e+00  -60.75000  -58.37500 1153826850 206.477448    34.2814      70069          8  0.000e+00
    150.696     1.2160   2.959907     1.2164   2.960342    5.60458    -0.0964    13.8155 0.0000e+00  -60.75000  -58.37500 1153826850 206.477448    34.2811      70070          8  0.000e+00
    150.620     1.2165   2.959927     1.2164   2.960319    5.60446    -0.0857    13.8155 0.0000e+00  -60.75000  -58.37500 1153826850 206.477449    34.2808      70071          8  0.000e+00
    150.696     1.2164   2.959941     1.2164   2.960372    5.60451    -0.0642    13.8155 0.0000e+00  -60.75000  -58.37500 1153826850 206.477449    34.2810      70072          8  0.000e+00
    150.696     1.2160   2.959890     1.2168   2.960348    5.60911    -0.0857    13.8155 0.0000e+00  -60.75000  -58.37500 1153826850 206.477450    34.2809      70073          8  0.000e+00
    150.696     1.2160   2.959924     1.2166   2.960319    5.60457    -0.0642    13.8155 0.0000e+00  -60.75000  -58.37500 1153826850 206.477450    34.2813      70074          8  0.000e+00
    150.696     1.2164   2.959907     1.2163   2.960313    5.60905    -0.0319    13.8155 0.0000e+00  -60.75000  -58.37500 1153826850 206.477451    34.2806      70075          8  0.000e+00
    150.696     1.2166   2.959914     1.2168   2.960372    5.60903    -0.0749    13.8155 0.0000e+00  -60.75000  -58.37500 1153826850 206.477451    34.2805      70076          8  0.000e+00
    150.763     1.2160   2.959900     1.2166   2.960396    5.60916    -0.0964    13.8155 0.0000e+00  -60.75000  -58.37500 1153826850 206.477452    34.2810      70077          8  0.000e+00
    150.773     1.2163   2.959927     1.2166   2.960378    5.60460    -0.0749    13.8155 0.0000e+00  -60.75000  -58.37500 1153826850 206.477452    34.2810      70078          8  0.000e+00
    150.620     1.2164   2.959924     1.2166   2.960372    5.60446    -0.0749    13.8155 0.0000e+00  -60.75000  -58.37500 1153826850 206.477453    34.2808      70079          8  0.000e+00
    150.830     1.2166   2.959921     1.2166   2.960348    5.60461    -0.0964    13.8155 0.0000e+00  -60.75000  -58.37500 1153826850 206.477453    34.2805      70080          8  0.000e+00
    150.763     1.2168   2.959934     1.2168   2.960378    5.60905    -0.0857    13.8155 0.0000e+00  -60.75000  -58.37500 1153826850 206.477454    34.2805      70081          8  0.000e+00
    150.839     1.2167   2.959948     1.2168   2.960378    5.60911    -0.0642    13.8155 0.0000e+00  -60.75000  -58.37500 1153826850 206.477454    34.2807      70082          8  0.000e+00
    150.763     1.2163   2.959927     1.2168   2.960372    5.60459    -0.0534    13.8155 0.0000e+00  -60.75000  -58.37500 1153826850 206.477455    34.2810      70083          8  0.000e+00
    150.830     1.2169   2.959951     1.2168   2.960390    5.60909    -0.0857    13.8155 0.0000e+00  -60.75000  -58.37500 1153826851 206.477455    34.2806      70084          8  0.000e+00
    150.830     1.2164   2.959965     1.2164   2.960396    5.60460    -0.0857    13.8155 0.0000e+00  -60.75000  -58.37500 1153826851 206.477456    34.2812      70085          8  0.000e+00
    150.830     1.2168   2.959944     1.2171   2.960378    5.60910    -0.0534    13.8155 0.0000e+00  -60.75000  -58.37500 1153826851 206.477456    34.2806      70086          8  0.000e+00
    101.275    -1.0205   2.740873    -1.0318   2.740765    7.99059     0.0327    13.8155 0.0000e+00  -60.75000  -58.37500 1153826988 206.479045    33.9057      73381          9  0.000e+00
    101.370    -1.0229   2.740788    -1.0303   2.740817    7.99116     0.0327    13.8155 0.0000e+00  -60.75000  -58.37500 1153826988 206.479046    33.9072      73382          9  0.000e+00
    101.236    -1.0234   2.740778    -1.0302   2.740858    7.99109     0.0004    13.8155 0.0000e+00  -60.75000  -58.37500 1153826988 206.479046    33.9077      73383          9  0.000e+00
    101.303    -1.0251   2.740631    -1.0303   2.740846    7.99155     0.0004    13.8155 0.0000e+00  -60.75000  -58.37500 1153826988 206.479047    33.9076      73384          9  0.000e+00
    101.303    -1.0265   2.740444    -1.0308   2.740840    7.99191     0.0112    13.8155 0.0000e+00  -60.75000  -58.37500 1153826988 206.479047    33.9066      73385          9  0.000e+00
    101.370    -1.0279   2.740451    -1.0309   2.740783    7.99221     0.0112    13.8155 0.0000e+00  -60.75000  -58.37500 1153826988 206.479048    33.9082      73386          9  0.000e+00
    101.303    -1.0276   2.740490    -1.0318   2.740702    7.99205     0.0004    13.8155 0.0000e+00  -60.75000  -58.37500 1153826988 206.479048    33.9084      73387          9  0.000e+00
    101.303    -1.0277   2.740506    -1.0326   2.740661    7.99206    -0.0211    13.8155 0.0000e+00  -60.75000  -58.37500 1153826988 206.479049    33.9088      73388          9  0.000e+00
    101.370    -1.0287   2.740444    -1.0327   2.740615    7.99233     0.0112    13.8155 0.0000e+00  -60.75000  -58.37500 1153826988 206.479049    33.9090      73389          9  0.000e+00
    101.370    -1.0293   2.740330    -1.0332   2.740604    7.99252     0.0112    13.8155 0.0000e+00  -60.75000  -58.37500 1153826988 206.479049    33.9081      73390          9  0.000e+00
    101.303    -1.0296   2.740343    -1.0331   2.740621    7.99248     0.0004    13.8155 0.0000e+00  -60.75000  -58.37500 1153826988 206.479050    33.9087      73391          9  0.000e+00
    101.370    -1.0299   2.740359    -1.0329   2.740610    7.99260    -0.0211    13.8155 0.0000e+00  -60.75000  -58.37500 1153826988 206.479050    33.9092      73392          9  0.000e+00
    101.370    -1.0298   2.740346    -1.0328   2.740604    7.99258    -0.0319    13.8155 0.0000e+00  -60.75000  -58.37500 1153826988 206.479051    33.9089      73393          9  0.000e+00
    101.370    -1.0298   2.740303    -1.0332   2.740621    7.99261    -0.0319    13.8155 0.0000e+00  -60.75000  -58.37500 1153826988 206.479051    33.9083      73394          9  0.000e+00
    101.370    -1.0307   2.740241    -1.0331   2.740633    7.99281    -0.0319    13.8155 0.0000e+00  -60.75000  -58.37500 1153826988 206.479052    33.9085      73395          9  0.000e+00
    101.370    -1.0305   2.740195    -1.0331   2.740633    7.99282     0.0004    13.8155 0.0000e+00  -60.75000  -58.37500 1153826989 206.479052    33.9077      73396          9  0.000e+00
    101.446    -1.0305   2.740182    -1.0331   2.740610    7.98815     0.0327    13.8155 0.0000e+00  -60.75000  -58.37500 1153826989 206.479053    33.9075      73397          9  0.000e+00
    101.370    -1.0307   2.740162    -1.0331   2.740604    7.98811     0.0434    13.8155 0.0000e+00  -60.75000  -58.37500 1153826989 206.479053    33.9074      73398          9  0.000e+00
    101.446    -1.0305   2.740166    -1.0330   2.740586    7.99293     0.0327    13.8155 0.0000e+00  -60.75000  -58.37500 1153826989 206.479054    33.9073      73399          9  0.000e+00
    101.370    -1.0313   2.740146    -1.0332   2.740598    7.99298    -0.0426    13.8155 0.0000e+00  -60.75000  -58.37500 1153826989 206.479054    33.9079      73400          9  0.000e+00
    101.418    -1.0310   2.740120    -1.0328   2.740604    7.99300    -0.0211    13.8155 0.0000e+00  -60.75000  -58.37500 1153826989 206.479055    33.9072      73401          9  0.000e+00
    101.370    -1.0316   2.740120    -1.0329   2.740586    7.99305     0.0004    13.8155 0.0000e+00  -60.75000  -58.37500 1153826989 206.479055    33.9079      73402          9  0.000e+00
    101.446    -1.0322   2.740100    -1.0330   2.740598    7.99325     0.0112    13.8155 0.0000e+00  -60.75000  -58.37500 1153826989 206.479056    33.9082      73403          9  0.000e+00
    101.446    -1.0315   2.740094    -1.0332   2.740604    7.98837     0.0542    13.8155 0.0000e+00  -60.75000  -58.37500 1153826989 206.479056    33.9073      73404          9  0.000e+00
    101.370    -1.0325   2.740064    -1.0333   2.740586    7.99324     0.0112    13.8155 0.0000e+00  -60.75000  -58.37500 1153826989 206.479057    33.9082      73405          9  0.000e+00
    101.446    -1.0322   2.740084    -1.0334   2.740581    7.99326    -0.0319    13.8155 0.0000e+00  -60.75000  -58.37500 1153826989 206.479057    33.9080      73406          9  0.000e+00
    101.446    -1.0324   2.740061    -1.0336   2.740598    7.99330    -0.0104    13.8155 0.0000e+00  -60.75000  -58.37500 1153826989 206.479058    33.9079      73407          9  0.000e+00
    101.446    -1.0322   2.740071    -1.0329   2.740586    7.99327    -0.0211    13.8155 0.0000e+00  -60.75000  -58.37500 1153826989 206.479058    33.9078      73408          9  0.000e+00
    101.446    -1.0325   2.740058    -1.0336   2.740558    7.99333    -0.0211    13.8155 0.0000e+00  -60.75000  -58.37500 1153826989 206.479059    33.9080      73409          9  0.000e+00
    101.446    -1.0331   2.740031    -1.0334   2.740586    7.99345    -0.0534    13.8155 0.0000e+00  -60.75000  -58.37500 1153826989 206.479059    33.9084      73410          9  0.000e+00
    101.446    -1.0328   2.740018    -1.0333   2.740586    7.99341    -0.0104    13.8155 0.0000e+00  -60.75000  -58.37500 1153826989 206.479060    33.9078      73411          9  0.000e+00
    101.446    -1.0328   2.740005    -1.0331   2.740558    7.99342     0.0219    13.8155 0.0000e+00  -60.75000  -58.37500 1153826989 206.479060    33.9077      73412          9  0.000e+00
    101.446    -1.0325   2.740022    -1.0334   2.740552    7.99336     0.0542    13.8155 0.0000e+00  -60.75000  -58.37500 1153826989 206.479061    33.9075      73413          9  0.000e+00
