product_data/regression_test/downloaded_data/MDGS/320620060703/ctd/p6611101.cnv
* Sea-Bird SBE 9 Data File:
* FileName = D:\Data\Raw\p6611101.dat
* Software Version Seasave Win32 V 5.32
* Temperature SN = 1649
* Conductivity SN = 1431
* Number of Bytes Per Scan = 37
* Number of Voltage Words = 5
* Number of Scans Averaged by the Deck Unit = 1
* NMEA Latitude = 61 24.96 S
* NMEA Longitude = 054 52.52 W
* NMEA UTC (Time) = 04:45:09
** Ship:   Nathaniel B. Palmer 
** Cruise:    NBP0606 
# nquan = 15
# nvalues = 891                         
# units = specified
# name 0 = prDM: Pressure, Digiquartz [db]
# name 1 = t090C: Temperature [ITS-90, deg C]
# name 2 = c0S/m: Conductivity [S/m]
# name 3 = t190C: Temperature, 2 [ITS-90, deg C]
# name 4 = c1S/m: Conductivity, 2 [S/m]
# name 5 = sbeox0ML/L: Oxygen, SBE 43 [ml/l]
# name 6 = flECO-AFL: Fluorescence, Wetlab ECO-AFL/FL [mg/m^3]
# name 7 = bat: Beam Attenuation, Chelsea/Seatech/Wetlab CStar [1/m]
# name 8 = spar: SPAR/Surface Irradiance
# name 9 = latitude: Latitude [deg]
# name 10 = longitude: Longitude [deg]
# name 11 = timeY: Time, System [seconds]
# name 12 = timeJ: Julian Days
# name 13 = sal00: Salinity [PSU]
# name 14 = flag: flag
# span 0 =     13.000,    903.000       
# span 1 =    -0.9196,    -0.1942       
# span 2 =   2.768866,   2.860668       
# span 3 =    -0.9210,    -0.1930       
# span 4 =   2.769749,   2.861170       
# span 5 =    6.30700,    7.50181       
# span 6 =    -0.1157,     0.1370       
# span 7 =    13.8155,    13.8155       
# span 8 = 0.0000e+00, 0.0000e+00       
# span 9 =  -61.41600,  -61.41600       
# span 10 =  -54.87533,  -54.87533      
# span 11 = 1152852335, 1152853668      
# span 12 = 195.198337, 195.213768      
# span 13 =    34.2271,    34.5273      
# span 14 = 0.0000e+00, 0.0000e+00      
# interval = decibars: 1                
# start_time = Jul 14 2006 04:45:16
# bad_flag = -9.990e-29
*END*
[from data line 193]
    206.000    -0.3937   2.833245    -0.3926   2.833700    6.63470    -0.0373    13.8155 0.0000e+00  -61.41600  -54.87533 1152852749 195.203133    34.3810 0.0000e+00
    207.000    -0.3941   2.833247    -0.3933   2.833682    6.63362    -0.0325    13.8155 0.0000e+00  -61.41600  -54.87533 1152852750 195.203142    34.3809 0.0000e+00
    208.000    -0.3942   2.833284    -0.3932   2.833742    6.63035    -0.0312    13.8155 0.0000e+00  -61.41600  -54.87533 1152852751 195.203151    34.3810 0.0000e+00
    209.000    -0.3933   2.833438    -0.3921   2.833915    6.62613    -0.0384    13.8155 0.0000e+00  -61.41600  -54.87533 1152852751 195.203160    34.3814 0.0000e+00
    210.000    -0.3928   2.833542    -0.3917   2.834006    6.62237    -0.0454    13.8155 0.0000e+00  -61.41600  -54.87533 1152852753 195.203179    34.3817 0.0000e+00
    211.000    -0.3930   2.833561    -0.3917   2.834047    6.61989    -0.0348    13.8155 0.0000e+00  -61.41600  -54.87533 1152852755 195.203208    34.3818 0.0000e+00
    212.000    -0.3929   2.833636    -0.3916   2.834117    6.62274    -0.0525    13.8155 0.0000e+00  -61.41600  -54.87533 1152852757 195.203222    34.3819 0.0000e+00
    213.000    -0.3941   2.833498    -0.3928   2.834004    6.62546    -0.0437    13.8155 0.0000e+00  -61.41600  -54.87533 1152852758 195.203235    34.3810 0.0000e+00
    214.000    -0.3943   2.833562    -0.3927   2.834074    6.62548    -0.0364    13.8155 0.0000e+00  -61.41600  -54.87533 1152852759 195.203248    34.3816 0.0000e+00
    215.000    -0.3910   2.834000    -0.3897   2.834447    6.62331    -0.0325    13.8155 0.0000e+00  -61.41600  -54.87533 1152852760 195.203261    34.3830 0.0000e+00
    216.000    -0.3920   2.833957    -0.3916   2.834376    6.62105    -0.0472    13.8155 0.0000e+00  -61.41600  -54.87533 1152852761 195.203273    34.3829 0.0000e+00
    217.000    -0.3934   2.833910    -0.3919   2.834408    6.61934    -0.0383    13.8155 0.0000e+00  -61.41600  -54.87533 1152852762 195.203284    34.3833 0.0000e+00
    218.000    -0.3929   2.834022    -0.3914   2.834503    6.61828    -0.0491    13.8155 0.0000e+00  -61.41600  -54.87533 1152852763 195.203296    34.3836 0.0000e+00
    219.000    -0.3925   2.834087    -0.3888   2.834707    6.61624    -0.0385    13.8155 0.0000e+00  -61.41600  -54.87533 1152852764 195.203310    34.3835 0.0000e+00
    220.000    -0.3894   2.834307    -0.3875   2.834850    6.61688    -0.0336    13.8155 0.0000e+00  -61.41600  -54.87533 1152852766 195.203334    34.3823 0.0000e+00
    221.000    -0.3859   2.834665    -0.3834   2.835282    6.61832    -0.0392    13.8155 0.0000e+00  -61.41600  -54.87533 1152852768 195.203355    34.3833 0.0000e+00
    222.000    -0.3856   2.834780    -0.3855   2.835169    6.61863    -0.0281    13.8155 0.0000e+00  -61.41600  -54.87533 1152852769 195.203367    34.3829 0.0000e+00
    223.000    -0.3869   2.834735    -0.3860   2.835190    6.61836    -0.0502    13.8155 0.0000e+00  -61.41600  -54.87533 1152852770 195.203379    34.3834 0.0000e+00
    224.000    -0.3898   2.834512    -0.3889   2.834963    6.62050    -0.0389    13.8155 0.0000e+00  -61.41600  -54.87533 1152852772 195.203395    34.3831 0.0000e+00
    225.000    -0.3908   2.834476    -0.3897   2.834915    6.62004    -0.0443    13.8155 0.0000e+00  -61.41600  -54.87533 1152852773 195.203412    34.3832 0.0000e+00
    226.000    -0.3889   2.834728    -0.3876   2.835220    6.61673    -0.0411    13.8155 0.0000e+00  -61.41600  -54.87533 1152852774 195.203423    34.3837 0.0000e+00
    227.000    -0.3859   2.835088    -0.3851   2.835512    6.61355    -0.0425    13.8155 0.0000e+00  -61.41600  -54.87533 1152852775 195.203432    34.3846 0.0000e+00
    228.000    -0.3844   2.835291    -0.3834   2.835744    6.61291    -0.0457    13.8155 0.0000e+00  -61.41600  -54.87533 1152852775 195.203440    34.3849 0.0000e+00
    229.000    -0.3839   2.835400    -0.3822   2.835907    6.60955    -0.0433    13.8155 0.0000e+00  -61.41600  -54.87533 1152852777 195.203456    34.3851 0.0000e+00
    230.000    -0.3855   2.835276    -0.3847   2.835712    6.60979    -0.0595    13.8155 0.0000e+00  -61.41600  -54.87533 1152852780 195.203495    34.3848 0.0000e+00
    231.000    -0.3846   2.835421    -0.3830   2.835951    6.60829    -0.0398    13.8155 0.0000e+00  -61.41600  -54.87533 1152852781 195.203507    34.3852 0.0000e+00
    232.000    -0.3835   2.835617    -0.3823   2.836103    6.60420    -0.0335    13.8155 0.0000e+00  -61.41600  -54.87533 1152852782 195.203516    34.3859 0.0000e+00
    233.000    -0.3816   2.835926    -0.3807   2.836393    6.60138    -0.0342    13.8155 0.0000e+00  -61.41600  -54.87533 1152852783 195.203526    34.3872 0.0000e+00
    234.000    -0.3840   2.835787    -0.3837   2.836196    6.60144    -0.0588    13.8155 0.0000e+00  -61.41600  -54.87533 1152852784 195.203537    34.3875 0.0000e+00
    235.000    -0.3870   2.835622    -0.3859   2.836087    6.60080    -0.0555    13.8155 0.0000e+00  -61.41600  -54.87533 1152852785 195.203553    34.3882 0.0000e+00
    236.000    -0.3860   2.835818    -0.3849   2.836301    6.59647    -0.0509    13.8155 0.0000e+00  -61.41600  -54.87533 1152852786 195.203568    34.3891 0.0000e+00
    237.000    -0.3880   2.835754    -0.3887   2.836091    6.59299    -0.0425    13.8155 0.0000e+00  -61.41600  -54.87533 1152852787 195.203579    34.3899 0.0000e+00
    238.000    -0.3922   2.835447    -0.3908   2.835977    6.59241    -0.0494    13.8155 0.0000e+00  -61.41600  -54.87533 1152852789 195.203591    34.3900 0.0000e+00
    239.000    -0.3902   2.835687    -0.3890   2.836177    6.59305    -0.0427    13.8155 0.0000e+00  -61.41600  -54.87533 1152852790 195.203613    34.3903 0.0000e+00
    240.000    -0.3897   2.835727    -0.3903   2.836105    6.59312    -0.0540    13.8155 0.0000e+00  -61.41600  -54.87533 1152852793 195.203640    34.3899 0.0000e+00
    241.000    -0.3979   2.835202    -0.3965   2.835699    6.59272    -0.0546    13.8155 0.0000e+00  -61.41600  -54.87533 1152852794 195.203652    34.3915 0.0000e+00
    242.000    -0.3964   2.835373    -0.3955   2.835836    6.59168    -0.0504    13.8155 0.0000e+00  -61.41600  -54.87533 1152852795 195.203661    34.3914 0.0000e+00
    243.000    -0.3975   2.835317    -0.3970   2.835772    6.58944    -0.0659    13.8155 0.0000e+00  -61.41600  -54.87533 1152852795 195.203669    34.3912 0.0000e+00
    244.000    -0.4075   2.834551    -0.4074   2.834990    6.58820    -0.0564    13.8155 0.0000e+00  -61.41600  -54.87533 1152852796 195.203678    34.3919 0.0000e+00
    245.000    -0.4102   2.834396    -0.4112   2.834719    6.58881    -0.0478    13.8155 0.0000e+00  -61.41600  -54.87533 1152852797 195.203695    34.3924 0.0000e+00
    246.000    -0.4039   2.834962    -0.4071   2.835085    6.58710    -0.0435    13.8155 0.0000e+00  -61.41600  -54.87533 1152852800 195.203729    34.3917 0.0000e+00
    247.000    -0.4116   2.834602    -0.4095   2.835138    6.58321    -0.0435    13.8155 0.0000e+00  -61.41600  -54.87533 1152852801 195.203740    34.3955 0.0000e+00
    248.000    -0.4058   2.835214    -0.4043   2.835695    6.58012    -0.0558    13.8155 0.0000e+00  -61.41600  -54.87533 1152852802 195.203750    34.3962 0.0000e+00
    249.000    -0.4016   2.835653    -0.4005   2.836119    6.57903    -0.0562    13.8155 0.0000e+00  -61.41600  -54.87533 1152852803 195.203759    34.3965 0.0000e+00
    250.000    -0.4072   2.835256    -0.4061   2.835747    6.57562    -0.0551    13.8155 0.0000e+00  -61.41600  -54.87533 1152852804 195.203769    34.3970 0.0000e+00
    251.000    -0.4074   2.835348    -0.4062   2.835817    6.57652    -0.0562    13.8155 0.0000e+00  -61.41600  -54.87533 1152852805 195.203784    34.3979 0.0000e+00
    252.000    -0.4079   2.835342    -0.4067   2.835814    6.57587    -0.0504    13.8155 0.0000e+00  -61.41600  -54.87533 1152852807 195.203807    34.3977 0.0000e+00
    253.000    -0.4084   2.835372    -0.4078   2.835813    6.57459    -0.0508    13.8155 0.0000e+00  -61.41600  -54.87533 1152852809 195.203826    34.3980 0.0000e+00
    254.000    -0.4156   2.834816    -0.4150   2.835256    6.57398    -0.0485    13.8155 0.0000e+00  -61.41600  -54.87533 1152852810 195.203840    34.3984 0.0000e+00
    255.000    -0.4160   2.834857    -0.4150   2.835312    6.57611    -0.0561    13.8155 0.0000e+00  -61.41600  -54.87533 1152852811 195.203851    34.3989 0.0000e+00
    256.000    -0.4121   2.835239    -0.4115   2.835672    6.57446    -0.0613    13.8155 0.0000e+00  -61.41600  -54.87533 1152852812 195.203861    34.3988 0.0000e+00
    257.000    -0.4131   2.835198    -0.4121   2.835670    6.57462    -0.0445    13.8155 0.0000e+00  -61.41600  -54.87533 1152852813 195.203873    34.3987 0.0000e+00
    258.000    -0.4139   2.835164    -0.4130   2.835629    6.57278    -0.0489    13.8155 0.0000e+00  -61.41600  -54.87533 1152852815 195.203896    34.3986 0.0000e+00
    259.000    -0.4162   2.835005    -0.4161   2.835414    6.57563    -0.0494    13.8155 0.0000e+00  -61.41600  -54.87533 1152852817 195.203916    34.3983 0.0000e+00
    260.000    -0.4290   2.833926    -0.4274   2.834470    6.57532    -0.0526    13.8155 0.0000e+00  -61.41600  -54.87533 1152852818 195.203929    34.3983 0.0000e+00
    261.000    -0.4250   2.834339    -0.4252   2.834728    6.57514    -0.0473    13.8155 0.0000e+00  -61.41600  -54.87533 1152852819 195.203939    34.3983 0.0000e+00
    262.000    -0.4288   2.834139    -0.4271   2.834636    6.57197    -0.0482    13.8155 0.0000e+00  -61.41600  -54.87533 1152852819 195.203949    34.3997 0.0000e+00
    263.000    -0.4208   2.834940    -0.4186   2.835499    6.56515    -0.0467    13.8155 0.0000e+00  -61.41600  -54.87533 1152852820 195.203960    34.4004 0.0000e+00
    264.000    -0.4136   2.835637    -0.4102   2.836341    6.56320    -0.0504    13.8155 0.0000e+00  -61.41600  -54.87533 1152852822 195.203981    34.4006 0.0000e+00
    265.000    -0.4149   2.835618    -0.4098   2.836447    6.55820    -0.0576    13.8155 0.0000e+00  -61.41600  -54.87533 1152852825 195.204008    34.4015 0.0000e+00
    266.000    -0.3982   2.837293    -0.3968   2.837751    6.55312    -0.0659    13.8155 0.0000e+00  -61.41600  -54.87533 1152852826 195.204020    34.4039 0.0000e+00
    267.000    -0.3893   2.838255    -0.3880   2.838711    6.54935    -0.0452    13.8155 0.0000e+00  -61.41600  -54.87533 1152852826 195.204029    34.4057 0.0000e+00
    268.000    -0.3906   2.838193    -0.3897   2.838649    6.54609    -0.0513    13.8155 0.0000e+00  -61.41600  -54.87533 1152852827 195.204038    34.4058 0.0000e+00
    269.000    -0.3908   2.838349    -0.3907   2.838688    6.54071    -0.0589    13.8155 0.0000e+00  -61.41600  -54.87533 1152852828 195.204048    34.4078 0.0000e+00
    270.000    -0.3887   2.838522    -0.3860   2.839193    6.54049    -0.0492    13.8155 0.0000e+00  -61.41600  -54.87533 1152852830 195.204075    34.4070 0.0000e+00
    271.000    -0.3878   2.838694    -0.3863   2.839203    6.54184    -0.0495    13.8155 0.0000e+00  -61.41600  -54.87533 1152852833 195.204100    34.4080 0.0000e+00
    272.000    -0.3845   2.839094    -0.3842   2.839490    6.53932    -0.0575    13.8155 0.0000e+00  -61.41600  -54.87533 1152852833 195.204110    34.4088 0.0000e+00
    273.000    -0.3842   2.839191    -0.3830   2.839670    6.53593    -0.0612    13.8155 0.0000e+00  -61.41600  -54.87533 1152852834 195.204118    34.4093 0.0000e+00
    274.000    -0.3821   2.839469    -0.3812   2.839921    6.53207    -0.0660    13.8155 0.0000e+00  -61.41600  -54.87533 1152852835 195.204126    34.4100 0.0000e+00
    275.000    -0.3802   2.839737    -0.3792   2.840198    6.52882    -0.0513    13.8155 0.0000e+00  -61.41600  -54.87533 1152852835 195.204133    34.4108 0.0000e+00
    276.000    -0.3790   2.840033    -0.3779   2.840483    6.52690    -0.0590    13.8155 0.0000e+00  -61.41600  -54.87533 1152852837 195.204154    34.4129 0.0000e+00
    277.000    -0.3800   2.839903    -0.3787   2.840436    6.52375    -0.0709    13.8155 0.0000e+00  -61.41600  -54.87533 1152852841 195.204199    34.4117 0.0000e+00
    278.000    -0.3778   2.840289    -0.3768   2.840733    6.51880    -0.0656    13.8155 0.0000e+00  -61.41600  -54.87533 1152852842 195.204206    34.4139 0.0000e+00
    279.000    -0.3775   2.840315    -0.3766   2.840816    6.51651    -0.0447    13.8155 0.0000e+00  -61.41600  -54.87533 1152852842 195.204213    34.4132 0.0000e+00
    280.000    -0.3750   2.840670    -0.3733   2.841250    6.51243    -0.0435    13.8155 0.0000e+00  -61.41600  -54.87533 1152852843 195.204220    34.4146 0.0000e+00
    281.000    -0.3732   2.840860    -0.3721   2.841397    6.50981    -0.0560    13.8155 0.0000e+00  -61.41600  -54.87533 1152852843 195.204226    34.4144 0.0000e+00
    282.000    -0.3752   2.840706    -0.3744   2.841168    6.51009    -0.0500    13.8155 0.0000e+00  -61.41600  -54.87533 1152852845 195.204243    34.4140 0.0000e+00
    283.000    -0.3750   2.840776    -0.3741   2.841216    6.50982    -0.0693    13.8155 0.0000e+00  -61.41600  -54.87533 1152852848 195.204281    34.4142 0.0000e+00
    284.000    -0.3723   2.841152    -0.3698   2.841739    6.50844    -0.0461    13.8155 0.0000e+00  -61.41600  -54.87533 1152852849 195.204291    34.4156 0.0000e+00
    285.000    -0.3687   2.841578    -0.3675   2.842057    6.50399    -0.0471    13.8155 0.0000e+00  -61.41600  -54.87533 1152852850 195.204302    34.4166 0.0000e+00
    286.000    -0.3675   2.841778    -0.3664   2.842217    6.50158    -0.0506    13.8155 0.0000e+00  -61.41600  -54.87533 1152852851 195.204314    34.4171 0.0000e+00
    287.000    -0.3650   2.842093    -0.3635   2.842574    6.49991    -0.0645    13.8155 0.0000e+00  -61.41600  -54.87533 1152852852 195.204325    34.4182 0.0000e+00
    288.000    -0.3553   2.843131    -0.3551   2.843502    6.49347    -0.0587    13.8155 0.0000e+00  -61.41600  -54.87533 1152852853 195.204336    34.4200 0.0000e+00
    289.000    -0.3481   2.843851    -0.3478   2.844217    6.48341    -0.0621    13.8155 0.0000e+00  -61.41600  -54.87533 1152852854 195.204350    34.4209 0.0000e+00
    290.000    -0.3589   2.842821    -0.3503   2.844042    6.47500    -0.0456    13.8155 0.0000e+00  -61.41600  -54.87533 1152852857 195.204383    34.4192 0.0000e+00
    291.000    -0.3421   2.844612    -0.3403   2.845096    6.46739    -0.0611    13.8155 0.0000e+00  -61.41600  -54.87533 1152852858 195.204397    34.4232 0.0000e+00
    292.000    -0.3263   2.846270    -0.3266   2.846495    6.46072    -0.0476    13.8155 0.0000e+00  -61.41600  -54.87533 1152852859 195.204406    34.4267 0.0000e+00
    293.000    -0.3145   2.847474    -0.3135   2.847896    6.45552    -0.0617    13.8155 0.0000e+00  -61.41600  -54.87533 1152852860 195.204414    34.4283 0.0000e+00
    294.000    -0.3107   2.847882    -0.3103   2.848267    6.45252    -0.0758    13.8155 0.0000e+00  -61.41600  -54.87533 1152852860 195.204421    34.4287 0.0000e+00
    295.000    -0.3091   2.848063    -0.3081   2.848506    6.44923    -0.0654    13.8155 0.0000e+00  -61.41600  -54.87533 1152852861 195.204429    34.4288 0.0000e+00
    296.000    -0.3120   2.847836    -0.3098   2.848360    6.44251    -0.0576    13.8155 0.0000e+00  -61.41600  -54.87533 1152852865 195.204478    34.4290 0.0000e+00
    297.000    -0.3098   2.848126    -0.3061   2.848774    6.43820    -0.0638    13.8155 0.0000e+00  -61.41600  -54.87533 1152852866 195.204493    34.4301 0.0000e+00
    298.000    -0.2975   2.849368    -0.2971   2.849760    6.43259    -0.0671    13.8155 0.0000e+00  -61.41600  -54.87533 1152852867 195.204500    34.4316 0.0000e+00
    299.000    -0.2975   2.849392    -0.2969   2.849810    6.42958    -0.0694    13.8155 0.0000e+00  -61.41600  -54.87533 1152852868 195.204508    34.4313 0.0000e+00
    300.000    -0.2919   2.850004    -0.2908   2.850488    6.42620    -0.0482    13.8155 0.0000e+00  -61.41600  -54.87533 1152852868 195.204514    34.4326 0.0000e+00
    301.000    -0.2879   2.850408    -0.2868   2.850894    6.42263    -0.0544    13.8155 0.0000e+00  -61.41600  -54.87533 1152852869 195.204521    34.4328 0.0000e+00
