product_data/regression_test/downloaded_data/MDGS/320620060703/ctd/p6617613.ros
* Sea-Bird SBE 9 Data File:
* FileName = D:\Data\Raw\p6617613.dat
* Software Version Seasave Win32 V 5.32
* Temperature SN = 1649
* Conductivity SN = 1431
* Number of Bytes Per Scan = 37
* Number of Voltage Words = 5
* Number of Scans Averaged by the Deck Unit = 1
* NMEA Latitude = 60 37.00 S
* NMEA Longitude = 054 43.23 W
* NMEA UTC (Time) = 16:30:53
** Ship:   Nathaniel B. Palmer 
** Cruise:    NBP0606 
# nquan = 17
# nvalues = 1176                    
# units = specified
# name 0 = prDM: Pressure, Digiquartz [db]
# name 1 = t090C: Temperature [ITS-90, deg C]
# name 2 = c0S/m: Conductivity [S/m]
# name 3 = t190C: Temperature, 2 [ITS-90, deg C]
# name 4 = c1S/m: Conductivity, 2 [S/m]
# name 5 = sbeox0ML/L: Oxygen, SBE 43 [ml/l]
# name 6 = flECO-AFL: Fluorescence, Wetlab ECO-AFL/FL [mg/m^3]
# name 7 = bat: Beam Attenuation, Chelsea/Seatech/Wetlab CStar [1/m]
# name 8 = spar: SPAR/Surface Irradiance
# name 9 = latitude: Latitude [deg]
# name 10 = longitude: Longitude [deg]
# name 11 = timeY: Time, System [seconds]
# name 12 = timeJ: Julian Days
# name 13 = sal00: Salinity [PSU]
# name 14 = scan: scan number
# name 15 = nbf: number of bottles fired
# name 16 = flag:  0.000e+00
# interval = seconds: 0.0416667                   
# start_time = Jul 21 2006 16:31:01
*END*
[from data line 256]
    424.254     0.3281   2.915982     0.3291   2.916375    5.81544    -0.0642    13.8155 5.6496e+01  -60.61667  -54.72050 1153500279 202.697684    34.5352      19655          6  0.000e+00
    424.197     0.3284   2.916029     0.3290   2.916352    5.82012    -0.1072    13.8155 5.6496e+01  -60.61667  -54.72050 1153500279 202.697685    34.5355      19656          6  0.000e+00
    424.254     0.3283   2.916012     0.3291   2.916328    5.81540    -0.0749    13.8155 5.6496e+01  -60.61667  -54.72050 1153500279 202.697685    34.5354      19657          6  0.000e+00
    424.331     0.3288   2.916002     0.3285   2.916346    5.81061    -0.0426    13.8155 5.6496e+01  -60.61667  -54.72050 1153500279 202.697686    34.5346      19658          6  0.000e+00
    424.254     0.3283   2.916036     0.3284   2.916358    5.81539    -0.0964    13.8155 5.6496e+01  -60.61667  -54.72050 1153500279 202.697686    34.5357      19659          6  0.000e+00
    424.322     0.3291   2.916083     0.3283   2.916322    5.82011    -0.1287    13.8155 5.6496e+01  -60.61667  -54.72050 1153500279 202.697687    34.5353      19660          6  0.000e+00
    424.264     0.3291   2.916076     0.3284   2.916263    5.81527    -0.0964    13.8155 5.6496e+01  -60.61667  -54.72050 1153500279 202.697687    34.5352      19661          6  0.000e+00
    424.322     0.3292   2.916070     0.3271   2.916181    5.82010    -0.0964    13.8155 5.6496e+01  -60.61667  -54.72050 1153500279 202.697688    34.5350      19662          6  0.000e+00
    424.322     0.3285   2.916103     0.3257   2.916104    5.81538    -0.0964    13.8155 5.6496e+01  -60.61667  -54.72050 1153500279 202.697688    34.5363      19663          6  0.000e+00
    424.408     0.3291   2.916066     0.3251   2.916033    5.82018    -0.0642    13.8155 5.4548e+01  -60.61667  -54.72050 1153500279 202.697689    34.5350      19664          6  0.000e+00
    424.322     0.3286   2.916029     0.3245   2.916003    5.81541    -0.0857    13.8155 5.4548e+01  -60.61667  -54.72050 1153500279 202.697689    34.5352      19665          6  0.000e+00
    424.408     0.3290   2.916006     0.3243   2.915980    5.81065    -0.0857    13.8155 5.4548e+01  -60.61667  -54.72050 1153500279 202.697690    34.5344      19666          6  0.000e+00
    424.398     0.3276   2.915932     0.3237   2.915909    5.82043    -0.1072    13.8155 5.4548e+01  -60.61667  -54.72050 1153500279 202.697690    34.5350      19667          6  0.000e+00
    424.398     0.3275   2.915888     0.3232   2.915856    5.81567    -0.0857    13.8155 5.4548e+01  -60.61667  -54.72050 1153500279 202.697690    34.5345      19668          6  0.000e+00
    424.408     0.3270   2.915955     0.3230   2.915838    5.81092    -0.1072    13.8155 5.4548e+01  -60.61667  -54.72050 1153500279 202.697691    34.5360      19669          6  0.000e+00
    424.465     0.3278   2.915979     0.3226   2.915838    5.81564    -0.1072    13.8155 5.4548e+01  -60.61667  -54.72050 1153500279 202.697691    34.5353      19670          6  0.000e+00
    424.475     0.3278   2.915996     0.3223   2.915797    5.81565    -0.1072    13.8155 5.4548e+01  -60.61667  -54.72050 1153500279 202.697692    34.5356      19671          6  0.000e+00
    424.465     0.3281   2.916053     0.3222   2.915785    5.81078    -0.0857    13.8155 5.4548e+01  -60.61667  -54.72050 1153500279 202.697692    34.5360      19672          6  0.000e+00
    424.542     0.3281   2.916036     0.3222   2.915785    5.82043    -0.0857    13.8155 5.4548e+01  -60.61667  -54.72050 1153500279 202.697693    34.5357      19673          6  0.000e+00
    424.475     0.3279   2.915955     0.3225   2.915785    5.81565    -0.0749    13.8155 5.4548e+01  -60.61667  -54.72050 1153500279 202.697693    34.5349      19674          6  0.000e+00
    424.542     0.3273   2.915878     0.3229   2.915803    5.82061    -0.0426    13.8155 5.4548e+01  -60.61667  -54.72050 1153500279 202.697694    34.5346      19675          6  0.000e+00
    424.619     0.3270   2.915878     0.3226   2.915815    5.81591    -0.1180    13.8155 5.4548e+01  -60.61667  -54.72050 1153500279 202.697694    34.5348      19676          6  0.000e+00
    424.542     0.3274   2.915918     0.3222   2.915767    5.81099    -0.1395    13.8155 5.4548e+01  -60.61667  -54.72050 1153500280 202.697695    34.5349      19677          6  0.000e+00
    424.609     0.3272   2.915949     0.3218   2.915714    5.81585    -0.1287    13.8155 5.4548e+01  -60.61667  -54.72050 1153500280 202.697695    34.5355      19678          6  0.000e+00
    424.619     0.3271   2.915935     0.3219   2.915738    5.82066    -0.1180    13.8155 5.4548e+01  -60.61667  -54.72050 1153500280 202.697696    34.5354      19679          6  0.000e+00
    424.676     0.3276   2.916003     0.3220   2.915762    5.81104    -0.0642    13.8155 5.4548e+01  -60.61667  -54.72050 1153500280 202.697696    34.5358      19680          6  0.000e+00
    424.686     0.3274   2.915989     0.3228   2.915797    5.81108    -0.0534    13.8155 5.4548e+01  -60.61667  -54.72050 1153500280 202.697697    34.5358      19681          6  0.000e+00
    424.676     0.3274   2.915959     0.3231   2.915809    5.82066    -0.0857    13.8155 5.4548e+01  -60.61667  -54.72050 1153500280 202.697697    34.5354      19682          6  0.000e+00
    424.676     0.3271   2.915918     0.3229   2.915791    5.82072    -0.1610    13.8155 5.4548e+01  -60.61667  -54.72050 1153500280 202.697698    34.5352      19683          6  0.000e+00
    424.763     0.3269   2.915908     0.3223   2.915809    5.81603    -0.2040    13.8155 5.4548e+01  -60.61667  -54.72050 1153500280 202.697698    34.5353      19684          6  0.000e+00
    424.753     0.3270   2.915925     0.3220   2.915750    5.82079    -0.1502    13.8155 5.4548e+01  -60.61667  -54.72050 1153500280 202.697699    34.5354      19685          6  0.000e+00
    424.820     0.3270   2.915861     0.3214   2.915726    5.81608    -0.0964    13.8155 5.4548e+01  -60.61667  -54.72050 1153500280 202.697699    34.5344      19686          6  0.000e+00
    424.763     0.3263   2.915841     0.3217   2.915768    5.82092    -0.0749    13.8155 5.4548e+01  -60.61667  -54.72050 1153500280 202.697700    34.5350      19687          6  0.000e+00
    424.897     0.3257   2.915696     0.3225   2.915785    5.81639    -0.0964    13.8155 5.4548e+01  -60.61667  -54.72050 1153500280 202.697700    34.5337      19688          6  0.000e+00
    424.830     0.3242   2.915565     0.3230   2.915850    5.81179    -0.1072    13.8155 5.4548e+01  -60.61667  -54.72050 1153500280 202.697701    34.5337      19689          6  0.000e+00
    424.897     0.3237   2.915535     0.3226   2.915844    5.81192    -0.0857    13.8155 5.4548e+01  -60.61667  -54.72050 1153500280 202.697701    34.5338      19690          6  0.000e+00
    424.897     0.3231   2.915535     0.3233   2.915856    5.81678    -0.1072    13.8155 5.4548e+01  -60.61667  -54.72050 1153500280 202.697702    34.5345      19691          6  0.000e+00
    424.907     0.3236   2.915518     0.3231   2.915862    5.82153    -0.1180    13.8155 5.4548e+01  -60.61667  -54.72050 1153500280 202.697702    34.5337      19692          6  0.000e+00
    424.054     0.3278   2.915935     0.3259   2.916009    5.82492    -0.0534    13.8155 5.6496e+01  -60.61667  -54.72050 1153500287 202.697778    34.5351      19850          7  0.000e+00
    424.188     0.3281   2.915965     0.3254   2.916003    5.82497    -0.0642    13.8155 5.6496e+01  -60.61667  -54.72050 1153500287 202.697779    34.5350      19851          7  0.000e+00
    424.044     0.3273   2.915942     0.3253   2.916003    5.82496    -0.0857    13.8155 5.6496e+01  -60.61667  -54.72050 1153500287 202.697779    34.5357      19852          7  0.000e+00
    424.121     0.3277   2.915932     0.3249   2.915956    5.82498    -0.1072    13.8155 5.6496e+01  -60.61667  -54.72050 1153500287 202.697780    34.5351      19853          7  0.000e+00
    424.188     0.3278   2.915948     0.3239   2.915933    5.82502    -0.0964    13.8155 5.6496e+01  -60.61667  -54.72050 1153500287 202.697780    34.5352      19854          7  0.000e+00
    424.054     0.3284   2.915935     0.3236   2.915921    5.82485    -0.0964    13.8155 5.6496e+01  -60.61667  -54.72050 1153500287 202.697781    34.5344      19855          7  0.000e+00
    424.188     0.3280   2.915932     0.3242   2.915921    5.82500    -0.0964    13.8155 5.4548e+01  -60.61667  -54.72050 1153500287 202.697781    34.5347      19856          7  0.000e+00
    424.044     0.3281   2.915948     0.3240   2.915956    5.82487    -0.0964    13.8155 5.6496e+01  -60.61667  -54.72050 1153500287 202.697782    34.5349      19857          7  0.000e+00
    424.198     0.3279   2.915918     0.3246   2.915980    5.82503    -0.0964    13.8155 5.4548e+01  -60.61667  -54.72050 1153500287 202.697782    34.5346      19858          7  0.000e+00
    424.111     0.3281   2.915925     0.3256   2.916015    5.82493    -0.0749    13.8155 5.4548e+01  -60.61667  -54.72050 1153500287 202.697783    34.5345      19859          7  0.000e+00
    424.111     0.3279   2.915911     0.3250   2.916009    5.82496    -0.0211    13.8155 5.4548e+01  -60.61667  -54.72050 1153500287 202.697783    34.5346      19860          7  0.000e+00
    424.198     0.3267   2.915871     0.3251   2.916021    5.82519    -0.0211    13.8155 5.4548e+01  -60.61667  -54.72050 1153500287 202.697784    34.5353      19861          7  0.000e+00
    424.111     0.3270   2.915861     0.3251   2.916015    5.82510    -0.0534    13.8155 5.4548e+01  -60.61667  -54.72050 1153500287 202.697784    34.5349      19862          7  0.000e+00
    424.198     0.3271   2.915861     0.3246   2.915962    5.82515    -0.0534    13.8155 5.4548e+01  -60.61667  -54.72050 1153500287 202.697785    34.5347      19863          7  0.000e+00
    424.188     0.3267   2.915861     0.3243   2.915962    5.82519    -0.0857    13.8155 5.4548e+01  -60.61667  -54.72050 1153500287 202.697785    34.5352      19864          7  0.000e+00
    424.112     0.3265   2.915827     0.3242   2.915933    5.82996    -0.1287    13.8155 5.4548e+01  -60.61667  -54.72050 1153500287 202.697785    34.5350      19865          7  0.000e+00
    424.198     0.3267   2.915834     0.3245   2.915944    5.82522    -0.1395    13.8155 5.4548e+01  -60.61667  -54.72050 1153500287 202.697786    34.5349      19866          7  0.000e+00
    424.188     0.3269   2.915854     0.3250   2.915927    5.82517    -0.1395    13.8155 5.4548e+01  -60.61667  -54.72050 1153500287 202.697786    34.5349      19867          7  0.000e+00
    424.198     0.3267   2.915810     0.3251   2.915939    5.82523    -0.1180    13.8155 5.4548e+01  -60.61667  -54.72050 1153500287 202.697787    34.5346      19868          7  0.000e+00
    424.188     0.3269   2.915824     0.3251   2.915944    5.82519    -0.0534    13.8155 5.4548e+01  -60.61667  -54.72050 1153500287 202.697787    34.5345      19869          7  0.000e+00
    424.255     0.3267   2.915854     0.3248   2.915909    5.82525    -0.0319    13.8155 5.4548e+01  -60.61667  -54.72050 1153500288 202.697788    34.5351      19870          7  0.000e+00
    424.198     0.3267   2.915878     0.3239   2.915891    5.82520    -0.0749    13.8155 5.4548e+01  -60.61667  -54.72050 1153500288 202.697788    34.5355      19871          7  0.000e+00
    424.255     0.3269   2.915851     0.3236   2.915850    5.82523    -0.0749    13.8155 5.4548e+01  -60.61667  -54.72050 1153500288 202.697789    34.5348      19872          7  0.000e+00
    424.188     0.3268   2.915854     0.3236   2.915838    5.82518    -0.0749    13.8155 5.4548e+01  -60.61667  -54.72050 1153500288 202.697789    34.5350      19873          7  0.000e+00
    424.265     0.3268   2.915895     0.3231   2.915803    5.82522    -0.0534    13.8155 5.4548e+01  -60.61667  -54.72050 1153500288 202.697790    34.5355      19874          7  0.000e+00
    424.255     0.3269   2.915871     0.3231   2.915803    5.82522    -0.0534    13.8155 5.4548e+01  -60.61667  -54.72050 1153500288 202.697790    34.5351      19875          7  0.000e+00
    424.265     0.3274   2.915878     0.3229   2.915791    5.82516    -0.0534    13.8155 5.4548e+01  -60.61667  -54.72050 1153500288 202.697791    34.5345      19876          7  0.000e+00
    424.255     0.3273   2.915955     0.3228   2.915785    5.82513    -0.0964    13.8155 5.4548e+01  -60.61667  -54.72050 1153500288 202.697791    34.5357      19877          7  0.000e+00
    424.255     0.3277   2.915888     0.3226   2.915767    5.82512    -0.1072    13.8155 5.4548e+01  -60.61667  -54.72050 1153500288 202.697792    34.5344      19878          7  0.000e+00
    424.332     0.3276   2.915844     0.3225   2.915779    5.82521    -0.0964    13.8155 5.4548e+01  -60.61667  -54.72050 1153500288 202.697792    34.5339      19879          7  0.000e+00
    424.255     0.3267   2.915871     0.3228   2.915820    5.82524    -0.0642    13.8155 5.4548e+01  -60.61667  -54.72050 1153500288 202.697793    34.5352      19880          7  0.000e+00
    424.332     0.3271   2.915864     0.3229   2.915773    5.82525    -0.0426    13.8155 5.4548e+01  -60.61667  -54.72050 1153500288 202.697793    34.5347      19881          7  0.000e+00
    424.323     0.3260   2.915757     0.3231   2.915779    5.82543    -0.0857    13.8155 5.4548e+01  -60.61667  -54.72050 1153500288 202.697794    34.5345      19882          7  0.000e+00
    424.323     0.3255   2.915652     0.3231   2.915803    5.82555    -0.0857    13.8155 5.4548e+01  -60.61667  -54.72050 1153500288 202.697794    34.5338      19883          7  0.000e+00
    424.332     0.3243   2.915558     0.3230   2.915826    5.82575    -0.0642    13.8155 5.4548e+01  -60.61667  -54.72050 1153500288 202.697795    34.5338      19884          7  0.000e+00
    424.323     0.3238   2.915555     0.3236   2.915874    5.82581    -0.0857    13.8155 5.4548e+01  -60.61667  -54.72050 1153500288 202.697795    34.5344      19885          7  0.000e+00
    424.323     0.3240   2.915592     0.3239   2.915897    5.82576    -0.0534    13.8155 5.4548e+01  -60.61667  -54.72050 1153500288 202.697796    34.5346      19886          7  0.000e+00
    424.409     0.3246   2.915656     0.3242   2.915915    5.82572    -0.0319    13.8155 5.4548e+01  -60.61667  -54.72050 1153500288 202.697796    34.5347      19887          7  0.000e+00
    424.399     0.3245   2.915726     0.3242   2.915921    5.82569    -0.1072    13.8155 5.4548e+01  -60.61667  -54.72050 1153500288 202.697797    34.5357      19888          7  0.000e+00
    424.332     0.3256   2.915763     0.3242   2.915921    5.82549    -0.1287    13.8155 5.4548e+01  -60.61667  -54.72050 1153500288 202.697797    34.5351      19889          7  0.000e+00
    424.399     0.3254   2.915699     0.3253   2.916009    5.82560    -0.1287    13.8155 5.4548e+01  -60.61667  -54.72050 1153500288 202.697798    34.5344      19890          7  0.000e+00
    424.467     0.3252   2.915709     0.3252   2.916009    5.82568    -0.1287    13.8155 5.4548e+01  -60.61667  -54.72050 1153500288 202.697798    34.5348      19891          7  0.000e+00
    424.409     0.3248   2.915740     0.3251   2.916039    5.82566    -0.1287    13.8155 5.4548e+01  -60.61667  -54.72050 1153500288 202.697799    34.5356      19892          7  0.000e+00
    424.399     0.3258   2.915747     0.3256   2.916015    5.82553    -0.0964    13.8155 5.4548e+01  -60.61667  -54.72050 1153500288 202.697799    34.5346      19893          7  0.000e+00
    424.476     0.3254   2.915797     0.3248   2.915980    5.82561    -0.0426    13.8155 5.4548e+01  -60.61667  -54.72050 1153500289 202.697799    34.5356      19894          7  0.000e+00
    424.467     0.3262   2.915797     0.3240   2.915880    5.82551    -0.0426    13.8155 5.4548e+01  -60.61667  -54.72050 1153500289 202.697800    34.5348      19895          7  0.000e+00
