product_data/regression_test/downloaded_data/MDGS/320620060703/ctd/p6615101.ros
* Sea-Bird SBE 9 Data File:
* FileName = D:\Data\Raw\p6615101.dat
* Software Version Seasave Win32 V 5.32
* Temperature SN = 1649
* Conductivity SN = 1431
* Number of Bytes Per Scan = 37
* Number of Voltage Words = 5
* Number of Scans Averaged by the Deck Unit = 1
* NMEA Latitude = 60 42.34 S
* NMEA Longitude = 056 25.56 W
* NMEA UTC (Time) = 11:36:17
** Ship:   Nathaniel B. Palmer 
** Cruise:    NBP0606 
# nquan = 17
# nvalues = 1176                    
# units = specified
# name 0 = prDM: Pressure, Digiquartz [db]
# name 1 = t090C: Temperature [ITS-90, deg C]
# name 2 = c0S/m: Conductivity [S/m]
# name 3 = t190C: Temperature, 2 [ITS-90, deg C]
# name 4 = c1S/m: Conductivity, 2 [S/m]
# name 5 = sbeox0ML/L: Oxygen, SBE 43 [ml/l]
# name 6 = flECO-AFL: Fluorescence, Wetlab ECO-AFL/FL [mg/m^3]
# name 7 = bat: Beam Attenuation, Chelsea/Seatech/Wetlab CStar [1/m]
# name 8 = spar: SPAR/Surface Irradiance
# name 9 = latitude: Latitude [deg]
# name 10 = longitude: Longitude [deg]
# name 11 = timeY: Time, System [seconds]
# name 12 = timeJ: Julian Days
# name 13 = sal00: Salinity [PSU]
# name 14 = scan: scan number
# name 15 = nbf: number of bottles fired
# name 16 = flag:  0.000e+00
# interval = seconds: 0.0416667                   
# start_time = Jul 18 2006 11:36:25
*END*
[from data line 1022]
     30.243    -0.9596   2.745743    -0.9595   2.746166    7.98341     0.1080    13.8155 9.7407e+00  -60.70567  -56.42600 1153225758 199.520366    33.9474      76192         21  0.000e+00
     30.233    -0.9600   2.745740    -0.9587   2.746166    7.98347     0.1510    13.8155 9.7407e+00  -60.70567  -56.42600 1153225758 199.520367    33.9479      76193         21  0.000e+00
     30.309    -0.9599   2.745743    -0.9590   2.746172    7.98353     0.1403    13.8155 7.7926e+00  -60.70567  -56.42600 1153225758 199.520367    33.9477      76194         21  0.000e+00
     30.243    -0.9594   2.745717    -0.9592   2.746189    7.98340     0.1403    13.8155 7.7926e+00  -60.70567  -56.42600 1153225758 199.520367    33.9469      76195         21  0.000e+00
     30.243    -0.9596   2.745749    -0.9590   2.746212    7.98340     0.1188    13.8155 7.7926e+00  -60.70567  -56.42600 1153225758 199.520368    33.9475      76196         21  0.000e+00
     30.166    -0.9594   2.745736    -0.9590   2.746201    7.98330     0.1510    13.8155 7.7926e+00  -60.70567  -56.42600 1153225758 199.520368    33.9472      76197         21  0.000e+00
     30.243    -0.9594   2.745756    -0.9595   2.746195    7.98808     0.1403    13.8155 7.7926e+00  -60.70567  -56.42600 1153225758 199.520369    33.9474      76198         21  0.000e+00
     10.420    -0.9814   2.742937    -0.9806   2.743384    7.99986     0.1510    13.8155 5.8444e+00  -60.70567  -56.42600 1153225812 199.520995    33.9462      77496         22  0.000e+00
     10.629    -0.9811   2.742990    -0.9806   2.743384    8.00000     0.1295    13.8155 7.7926e+00  -60.70567  -56.42600 1153225812 199.520995    33.9464      77497         22  0.000e+00
     10.305    -0.9812   2.742973    -0.9805   2.743401    7.99967     0.1295    13.8155 7.7926e+00  -60.70567  -56.42600 1153225812 199.520996    33.9466      77498         22  0.000e+00
     10.629    -0.9809   2.742964    -0.9809   2.743413    7.99999     0.0757    13.8155 9.7407e+00  -60.70567  -56.42600 1153225812 199.520996    33.9459      77499         22  0.000e+00
     10.448    -0.9808   2.742977    -0.9806   2.743402    7.99975     0.0972    13.8155 9.7407e+00  -60.70567  -56.42600 1153225812 199.520997    33.9460      77500         22  0.000e+00
     10.563    -0.9811   2.742983    -0.9801   2.743425    7.99523     0.1403    13.8155 9.7407e+00  -60.70567  -56.42600 1153225813 199.520997    33.9464      77501         22  0.000e+00
     10.563    -0.9808   2.743000    -0.9805   2.743436    7.99518     0.1188    13.8155 9.7407e+00  -60.70567  -56.42600 1153225813 199.520998    33.9463      77502         22  0.000e+00
     10.515    -0.9801   2.742987    -0.9802   2.743436    7.99502     0.1080    13.8155 9.7407e+00  -60.70567  -56.42600 1153225813 199.520998    33.9454      77503         22  0.000e+00
     10.563    -0.9809   2.743000    -0.9802   2.743453    7.99989     0.0972    13.8155 9.7407e+00  -60.70567  -56.42600 1153225813 199.520999    33.9464      77504         22  0.000e+00
     10.582    -0.9803   2.742987    -0.9805   2.743425    7.99512     0.1618    13.8155 9.7407e+00  -60.70567  -56.42600 1153225813 199.520999    33.9455      77505         22  0.000e+00
     10.563    -0.9808   2.743000    -0.9801   2.743413    7.99517     0.1833    13.8155 9.7407e+00  -60.70567  -56.42600 1153225813 199.521000    33.9462      77506         22  0.000e+00
     10.563    -0.9806   2.743023    -0.9800   2.743430    7.99513     0.1833    13.8155 9.7407e+00  -60.70567  -56.42600 1153225813 199.521000    33.9464      77507         22  0.000e+00
     10.582    -0.9804   2.743026    -0.9800   2.743436    7.99510     0.1726    13.8155 9.7407e+00  -60.70567  -56.42600 1153225813 199.521001    33.9461      77508         22  0.000e+00
     10.629    -0.9800   2.742977    -0.9800   2.743419    7.99513     0.1941    13.8155 9.7407e+00  -60.70567  -56.42600 1153225813 199.521001    33.9450      77509         22  0.000e+00
     10.582    -0.9804   2.742977    -0.9800   2.743430    7.99515     0.2263    13.8155 9.7407e+00  -60.70567  -56.42600 1153225813 199.521002    33.9456      77510         22  0.000e+00
     10.563    -0.9798   2.743000    -0.9804   2.743453    7.99502     0.1941    13.8155 9.7407e+00  -60.70567  -56.42600 1153225813 199.521002    33.9452      77511         22  0.000e+00
     10.629    -0.9809   2.743019    -0.9803   2.743465    7.99525     0.1403    13.8155 9.7407e+00  -60.70567  -56.42600 1153225813 199.521003    33.9466      77512         22  0.000e+00
     10.582    -0.9803   2.743009    -0.9799   2.743442    7.99980     0.1941    13.8155 9.7407e+00  -60.70567  -56.42600 1153225813 199.521003    33.9458      77513         22  0.000e+00
     10.629    -0.9805   2.743039    -0.9797   2.743454    7.99517     0.1295    13.8155 7.7926e+00  -60.70567  -56.42600 1153225813 199.521004    33.9464      77514         22  0.000e+00
     10.658    -0.9801   2.743032    -0.9799   2.743442    7.99515     0.1403    13.8155 5.8444e+00  -60.70567  -56.42600 1153225813 199.521004    33.9459      77515         22  0.000e+00
     10.629    -0.9800   2.743010    -0.9802   2.743454    7.99511     0.1188    13.8155 5.8444e+00  -60.70567  -56.42600 1153225813 199.521005    33.9455      77516         22  0.000e+00
     10.696    -0.9804   2.743036    -0.9798   2.743482    7.99524     0.1295    13.8155 7.7926e+00  -60.70567  -56.42600 1153225813 199.521005    33.9463      77517         22  0.000e+00
     10.582    -0.9800   2.743032    -0.9802   2.743471    7.99504     0.1726    13.8155 5.8444e+00  -60.70567  -56.42600 1153225813 199.521005    33.9458      77518         22  0.000e+00
     10.696    -0.9804   2.743042    -0.9799   2.743465    7.99523     0.1833    13.8155 5.8444e+00  -60.70567  -56.42600 1153225813 199.521006    33.9464      77519         22  0.000e+00
     10.658    -0.9804   2.743065    -0.9800   2.743454    7.99516     0.1726    13.8155 5.8444e+00  -60.70567  -56.42600 1153225813 199.521006    33.9466      77520         22  0.000e+00
     10.696    -0.9800   2.743052    -0.9800   2.743459    7.99515     0.1618    13.8155 5.8444e+00  -60.70567  -56.42600 1153225813 199.521007    33.9460      77521         22  0.000e+00
     10.696    -0.9804   2.743016    -0.9798   2.743465    7.99525     0.1510    13.8155 5.8444e+00  -60.70567  -56.42600 1153225813 199.521007    33.9460      77522         22  0.000e+00
     10.658    -0.9803   2.743036    -0.9797   2.743465    7.99517     0.1403    13.8155 5.8444e+00  -60.70567  -56.42600 1153225813 199.521008    33.9462      77523         22  0.000e+00
     10.696    -0.9803   2.743049    -0.9802   2.743465    7.99520     0.1618    13.8155 7.7926e+00  -60.70567  -56.42600 1153225813 199.521008    33.9463      77524         22  0.000e+00
     10.725    -0.9800   2.743032    -0.9802   2.743482    7.99520     0.1080    13.8155 7.7926e+00  -60.70567  -56.42600 1153225814 199.521009    33.9457      77525         22  0.000e+00
     10.696    -0.9799   2.743026    -0.9800   2.743448    7.99516     0.1188    13.8155 5.8444e+00  -60.70567  -56.42600 1153225814 199.521009    33.9455      77526         22  0.000e+00
     10.629    -0.9801   2.743026    -0.9799   2.743436    7.99512     0.1403    13.8155 5.8444e+00  -60.70567  -56.42600 1153225814 199.521010    33.9458      77527         22  0.000e+00
     10.791    -0.9801   2.743046    -0.9802   2.743436    7.99529     0.1403    13.8155 7.7926e+00  -60.70567  -56.42600 1153225814 199.521010    33.9460      77528         22  0.000e+00
     10.696    -0.9800   2.743052    -0.9800   2.743436    7.99515     0.1295    13.8155 5.8444e+00  -60.70567  -56.42600 1153225814 199.521011    33.9460      77529         22  0.000e+00
     10.725    -0.9801   2.743032    -0.9802   2.743436    7.99522     0.1403    13.8155 5.8444e+00  -60.70567  -56.42600 1153225814 199.521011    33.9459      77530         22  0.000e+00
     10.696    -0.9802   2.743026    -0.9803   2.743436    7.99521     0.1403    13.8155 5.8444e+00  -60.70567  -56.42600 1153225814 199.521012    33.9459      77531         22  0.000e+00
     10.725    -0.9806   2.743026    -0.9802   2.743436    7.99530     0.1618    13.8155 7.7926e+00  -60.70567  -56.42600 1153225814 199.521012    33.9463      77532         22  0.000e+00
     10.772    -0.9803   2.743026    -0.9799   2.743454    7.99531     0.1618    13.8155 5.8444e+00  -60.70567  -56.42600 1153225814 199.521013    33.9460      77533         22  0.000e+00
     10.696    -0.9801   2.743026    -0.9799   2.743442    7.99519     0.1403    13.8155 5.8444e+00  -60.70567  -56.42600 1153225814 199.521013    33.9458      77534         22  0.000e+00
     10.792    -0.9803   2.743026    -0.9803   2.743436    7.99063     0.1403    13.8155 5.8444e+00  -60.70567  -56.42600 1153225814 199.521014    33.9459      77535         22  0.000e+00
     10.772    -0.9800   2.743010    -0.9803   2.743454    7.99057     0.1833    13.8155 5.8444e+00  -60.70567  -56.42600 1153225814 199.521014    33.9454      77536         22  0.000e+00
     10.725    -0.9799   2.743039    -0.9799   2.743442    7.99048     0.2048    13.8155 5.8444e+00  -60.70567  -56.42600 1153225814 199.521015    33.9457      77537         22  0.000e+00
     10.772    -0.9803   2.743049    -0.9802   2.743454    7.99059     0.1726    13.8155 5.8444e+00  -60.70567  -56.42600 1153225814 199.521015    33.9463      77538         22  0.000e+00
     10.773    -0.9806   2.743000    -0.9802   2.743425    7.99068     0.1403    13.8155 5.8444e+00  -60.70567  -56.42600 1153225814 199.521016    33.9460      77539         22  0.000e+00
     10.792    -0.9806   2.743000    -0.9800   2.743442    7.99070     0.1295    13.8155 5.8444e+00  -60.70567  -56.42600 1153225814 199.521016    33.9459      77540         22  0.000e+00
     10.773    -0.9804   2.743039    -0.9800   2.743419    7.99062     0.1403    13.8155 5.8444e+00  -60.70567  -56.42600 1153225814 199.521017    33.9463      77541         22  0.000e+00
     10.792    -0.9806   2.743016    -0.9803   2.743448    7.99069     0.1295    13.8155 5.8444e+00  -60.70567  -56.42600 1153225814 199.521017    33.9462      77542         22  0.000e+00
     10.773    -0.9807   2.743036    -0.9802   2.743465    7.99066     0.1618    13.8155 5.8444e+00  -60.70567  -56.42600 1153225814 199.521018    33.9465      77543         22  0.000e+00
     10.773    -0.9806   2.743016    -0.9801   2.743425    7.99067     0.1833    13.8155 5.8444e+00  -60.70567  -56.42600 1153225814 199.521018    33.9462      77544         22  0.000e+00
     10.631    -0.9814   2.742882    -0.9817   2.743309    8.00014     0.1618    13.8155 7.7926e+00  -60.70567  -56.42600 1153225822 199.521105    33.9453      77725         23  0.000e+00
     10.727    -0.9817   2.742855    -0.9817   2.743292    8.00030     0.1510    13.8155 5.8444e+00  -60.70567  -56.42600 1153225822 199.521106    33.9452      77726         23  0.000e+00
     10.631    -0.9821   2.742865    -0.9817   2.743298    8.00026     0.1080    13.8155 7.7926e+00  -60.70567  -56.42600 1153225822 199.521106    33.9459      77727         23  0.000e+00
     10.698    -0.9823   2.742872    -0.9816   2.743303    8.00036     0.0757    13.8155 7.7926e+00  -60.70567  -56.42600 1153225822 199.521107    33.9462      77728         23  0.000e+00
     10.727    -0.9825   2.742855    -0.9821   2.743286    8.00043     0.2048    13.8155 7.7926e+00  -60.70567  -56.42600 1153225822 199.521107    33.9461      77729         23  0.000e+00
     10.698    -0.9825   2.742833    -0.9819   2.743315    8.00041     0.2479    13.8155 7.7926e+00  -60.70567  -56.42600 1153225822 199.521108    33.9458      77730         23  0.000e+00
     10.727    -0.9817   2.742859    -0.9820   2.743298    8.00031     0.1941    13.8155 7.7926e+00  -60.70567  -56.42600 1153225822 199.521108    33.9453      77731         23  0.000e+00
     10.698    -0.9821   2.742872    -0.9816   2.743280    8.00033     0.1833    13.8155 7.7926e+00  -60.70567  -56.42600 1153225822 199.521109    33.9460      77732         23  0.000e+00
     10.774    -0.9823   2.742875    -0.9823   2.743298    8.00044     0.1726    13.8155 9.7407e+00  -60.70567  -56.42600 1153225822 199.521109    33.9462      77733         23  0.000e+00
     10.727    -0.9826   2.742888    -0.9818   2.743263    8.00043     0.1726    13.8155 9.7407e+00  -60.70567  -56.42600 1153225822 199.521110    33.9467      77734         23  0.000e+00
     10.698    -0.9823   2.742878    -0.9817   2.743269    8.00036     0.1618    13.8155 9.7407e+00  -60.70567  -56.42600 1153225822 199.521110    33.9463      77735         23  0.000e+00
     10.793    -0.9821   2.742839    -0.9820   2.743280    8.00046     0.1188    13.8155 9.7407e+00  -60.70567  -56.42600 1153225822 199.521111    33.9455      77736         23  0.000e+00
     10.698    -0.9823   2.742862    -0.9817   2.743257    8.00037     0.0972    13.8155 9.7407e+00  -60.70567  -56.42600 1153225822 199.521111    33.9461      77737         23  0.000e+00
     10.774    -0.9826   2.742855    -0.9822   2.743286    8.00050     0.1403    13.8155 9.7407e+00  -60.70567  -56.42600 1153225822 199.521112    33.9462      77738         23  0.000e+00
     10.793    -0.9820   2.742852    -0.9821   2.743286    8.00043     0.1618    13.8155 9.7407e+00  -60.70567  -56.42600 1153225822 199.521112    33.9455      77739         23  0.000e+00
     10.774    -0.9821   2.742852    -0.9819   2.743257    8.00043     0.1403    13.8155 7.7926e+00  -60.70567  -56.42600 1153225822 199.521113    33.9457      77740         23  0.000e+00
     10.793    -0.9825   2.742869    -0.9819   2.743269    8.00049     0.1510    13.8155 9.7407e+00  -60.70567  -56.42600 1153225823 199.521113    33.9462      77741         23  0.000e+00
     10.774    -0.9821   2.742888    -0.9813   2.743280    8.00041     0.1403    13.8155 9.7407e+00  -60.70567  -56.42600 1153225823 199.521114    33.9462      77742         23  0.000e+00
     10.841    -0.9821   2.742846    -0.9819   2.743298    8.00051     0.1403    13.8155 9.7407e+00  -60.70567  -56.42600 1153225823 199.521114    33.9455      77743         23  0.000e+00
     10.793    -0.9822   2.742862    -0.9819   2.743303    8.00515     0.1618    13.8155 9.7407e+00  -60.70567  -56.42600 1153225823 199.521114    33.9459      77744         23  0.000e+00
     10.774    -0.9821   2.742855    -0.9821   2.743321    8.00513     0.1833    13.8155 9.7407e+00  -60.70567  -56.42600 1153225823 199.521115    33.9457      77745         23  0.000e+00
     10.870    -0.9820   2.742852    -0.9817   2.743292    8.00052     0.1618    13.8155 9.7407e+00  -60.70567  -56.42600 1153225823 199.521115    33.9454      77746         23  0.000e+00
     10.774    -0.9820   2.742852    -0.9820   2.743298    8.00041     0.1726    13.8155 9.7407e+00  -60.70567  -56.42600 1153225823 199.521116    33.9455      77747         23  0.000e+00
     10.841    -0.9821   2.742852    -0.9817   2.743304    8.00051     0.1618    13.8155 9.7407e+00  -60.70567  -56.42600 1153225823 199.521116    33.9456      77748         23  0.000e+00
     10.870    -0.9821   2.742852    -0.9816   2.743304    8.00524     0.1188    13.8155 9.7407e+00  -60.70567  -56.42600 1153225823 199.521117    33.9456      77749         23  0.000e+00
     10.698    -0.9822   2.742852    -0.9816   2.743292    8.00506     0.1080    13.8155 9.7407e+00  -60.70567  -56.42600 1153225823 199.521117    33.9458      77750         23  0.000e+00
     10.936    -0.9825   2.742882    -0.9820   2.743298    8.00534     0.1188    13.8155 9.7407e+00  -60.70567  -56.42600 1153225823 199.521118    33.9463      77751         23  0.000e+00
     10.841    -0.9823   2.742878    -0.9823   2.743286    8.00521     0.1510    13.8155 9.7407e+00  -60.70567  -56.42600 1153225823 199.521118    33.9462      77752         23  0.000e+00
