product_data/regression_test/downloaded_data/MDGS/320620060703/ctd/p6617606.ros
* Sea-Bird SBE 9 Data File:
* FileName = D:\Data\Raw\p6617606.dat
* Software Version Seasave Win32 V 5.32
* Temperature SN = 1649
* Conductivity SN = 1431
* Number of Bytes Per Scan = 37
* Number of Voltage Words = 5
* Number of Scans Averaged by the Deck Unit = 1
* NMEA Latitude = 60 36.97 S
* NMEA Longitude = 054 43.19 W
* NMEA UTC (Time) = 10:02:35
** Ship:   Nathaniel B. Palmer 
** Cruise:    NBP0606 
# nquan = 17
# nvalues = 1176                    
# units = specified
# name 0 = prDM: Pressure, Digiquartz [db]
# name 1 = t090C: Temperature [ITS-90, deg C]
# name 2 = c0S/m: Conductivity [S/m]
# name 3 = t190C: Temperature, 2 [ITS-90, deg C]
# name 4 = c1S/m: Conductivity, 2 [S/m]
# name 5 = sbeox0ML/L: Oxygen, SBE 43 [ml/l]
# name 6 = flECO-AFL: Fluorescence, Wetlab ECO-AFL/FL [mg/m^3]
# name 7 = bat: Beam Attenuation, Chelsea/Seatech/Wetlab CStar [1/m]
# name 8 = spar: SPAR/Surface Irradiance
# name 9 = latitude: Latitude [deg]
# name 10 = longitude: Longitude [deg]
# name 11 = timeY: Time, System [seconds]
# name 12 = timeJ: Julian Days
# name 13 = sal00: Salinity [PSU]
# name 14 = scan: scan number
# name 15 = nbf: number of bottles fired
# name 16 = flag:  0.000e+00
# interval = seconds: 0.0416667                   
# start_time = Jul 21 2006 10:02:43
*END*
[from data line 1107]
    150.571     0.0704   2.869260     0.0726   2.869702    6.32572    -0.0426    13.8155 0.0000e+00  -60.61617  -54.71983 1153476701 202.424806    34.3721      12966         23  0.000e+00
    150.571     0.0707   2.869276     0.0726   2.869743    6.32567    -0.0749    13.8155 0.0000e+00  -60.61617  -54.71983 1153476701 202.424806    34.3719      12967         23  0.000e+00
    150.504     0.0705   2.869303     0.0728   2.869748    6.32562    -0.0964    13.8155 0.0000e+00  -60.61617  -54.71983 1153476701 202.424807    34.3725      12968         23  0.000e+00
    150.571     0.0709   2.869260     0.0727   2.869731    6.32566    -0.0749    13.8155 0.0000e+00  -60.61617  -54.71983 1153476702 202.424807    34.3716      12969         23  0.000e+00
    150.504     0.0704   2.869273     0.0729   2.869719    6.32565    -0.0319    13.8155 0.0000e+00  -60.61617  -54.71983 1153476702 202.424808    34.3723      12970         23  0.000e+00
    150.504     0.0713   2.869357     0.0732   2.869766    6.32549    -0.0211    13.8155 0.0000e+00  -60.61617  -54.71983 1153476702 202.424808    34.3724      12971         23  0.000e+00
    150.428     0.0726   2.869433     0.0744   2.869819    6.32522    -0.0534    13.8155 0.0000e+00  -60.61617  -54.71983 1153476702 202.424809    34.3720      12972         23  0.000e+00
    150.504     0.0732   2.869514     0.0743   2.869854    6.32516    -0.0857    13.8155 0.0000e+00  -60.61617  -54.71983 1153476702 202.424809    34.3724      12973         23  0.000e+00
    150.428     0.0741   2.869574     0.0743   2.869854    6.32494    -0.0857    13.8155 0.0000e+00  -60.61617  -54.71983 1153476702 202.424810    34.3721      12974         23  0.000e+00
    150.504     0.0754   2.869587     0.0741   2.869836    6.32484    -0.0319    13.8155 0.0000e+00  -60.61617  -54.71983 1153476702 202.424810    34.3709      12975         23  0.000e+00
    150.428     0.0747   2.869587     0.0747   2.869848    6.32486    -0.0104    13.8155 0.0000e+00  -60.61617  -54.71983 1153476702 202.424810    34.3716      12976         23  0.000e+00
    150.361     0.0738   2.869547     0.0750   2.869883    6.32494    -0.0211    13.8155 0.0000e+00  -60.61617  -54.71983 1153476702 202.424811    34.3722      12977         23  0.000e+00
    150.437     0.0740   2.869557     0.0754   2.869907    6.32498    -0.0642    13.8155 0.0000e+00  -60.61617  -54.71983 1153476702 202.424811    34.3721      12978         23  0.000e+00
    150.428     0.0738   2.869530     0.0754   2.869895    6.32501    -0.0642    13.8155 0.0000e+00  -60.61617  -54.71983 1153476702 202.424812    34.3719      12979         23  0.000e+00
    150.361     0.0744   2.869547     0.0744   2.869924    6.32486    -0.0642    13.8155 0.0000e+00  -60.61617  -54.71983 1153476702 202.424812    34.3715      12980         23  0.000e+00
    150.361     0.0743   2.869547     0.0749   2.869919    6.32023    -0.0857    13.8155 0.0000e+00  -60.61617  -54.71983 1153476702 202.424813    34.3716      12981         23  0.000e+00
    150.361     0.0737   2.869557     0.0752   2.869930    6.32495    -0.0534    13.8155 0.0000e+00  -60.61617  -54.71983 1153476702 202.424813    34.3725      12982         23  0.000e+00
    150.361     0.0743   2.869524     0.0758   2.869960    6.32489    -0.0534    13.8155 0.0000e+00  -60.61617  -54.71983 1153476702 202.424814    34.3714      12983         23  0.000e+00
    150.285     0.0730   2.869447     0.0758   2.870007    6.32503    -0.0319    13.8155 0.0000e+00  -60.61617  -54.71983 1153476702 202.424814    34.3718      12984         23  0.000e+00
    150.361     0.0723   2.869477     0.0757   2.870024    6.32517    -0.0211    13.8155 0.0000e+00  -60.61617  -54.71983 1153476702 202.424815    34.3730      12985         23  0.000e+00
    150.713     0.0775   2.869902     0.0710   2.869613    6.31527    -0.0319    13.8155 0.0000e+00  -60.61617  -54.71983 1153476708 202.424883    34.3725      13127         24  0.000e+00
    150.713     0.0774   2.869865     0.0726   2.869725    6.31996    -0.0857    13.8155 0.0000e+00  -60.61617  -54.71983 1153476708 202.424884    34.3721      13128         24  0.000e+00
    150.713     0.0775   2.869928     0.0735   2.869831    6.31991    -0.1072    13.8155 0.0000e+00  -60.61617  -54.71983 1153476708 202.424884    34.3728      13129         24  0.000e+00
    150.780     0.0780   2.869989     0.0746   2.869942    6.31523    -0.0749    13.8155 0.0000e+00  -60.61617  -54.71983 1153476708 202.424885    34.3731      13130         24  0.000e+00
    150.780     0.0782   2.869979     0.0761   2.870042    6.31521    -0.0642    13.8155 0.0000e+00  -60.61617  -54.71983 1153476708 202.424885    34.3727      13131         24  0.000e+00
    150.780     0.0779   2.869905     0.0772   2.870177    6.31994    -0.0642    13.8155 0.0000e+00  -60.61617  -54.71983 1153476708 202.424886    34.3721      13132         24  0.000e+00
    150.780     0.0777   2.869851     0.0789   2.870329    6.31999    -0.0857    13.8155 0.0000e+00  -60.61617  -54.71983 1153476708 202.424886    34.3716      13133         24  0.000e+00
    150.780     0.0775   2.869872     0.0798   2.870418    6.32000    -0.0749    13.8155 0.0000e+00  -60.61617  -54.71983 1153476708 202.424887    34.3720      13134         24  0.000e+00
    150.857     0.0781   2.869918     0.0804   2.870470    6.31531    -0.0749    13.8155 0.0000e+00  -60.61617  -54.71983 1153476708 202.424887    34.3719      13135         24  0.000e+00
    150.847     0.0782   2.869965     0.0806   2.870506    6.31527    -0.0534    13.8155 0.0000e+00  -60.61617  -54.71983 1153476709 202.424888    34.3725      13136         24  0.000e+00
    150.847     0.0779   2.869995     0.0807   2.870488    6.31530    -0.0319    13.8155 0.0000e+00  -60.61617  -54.71983 1153476709 202.424888    34.3733      13137         24  0.000e+00
    150.857     0.0791   2.870066     0.0800   2.870447    6.31975    -0.0319    13.8155 0.0000e+00  -60.61617  -54.71983 1153476709 202.424889    34.3728      13138         24  0.000e+00
    150.847     0.0794   2.870039     0.0785   2.870324    6.31972     0.0004    13.8155 0.0000e+00  -60.61617  -54.71983 1153476709 202.424889    34.3721      13139         24  0.000e+00
    150.924     0.0783   2.869885     0.0760   2.870089    6.32002    -0.0104    13.8155 0.0000e+00  -60.61617  -54.71983 1153476709 202.424890    34.3713      13140         24  0.000e+00
    150.924     0.0769   2.869801     0.0743   2.869919    6.32024    -0.0426    13.8155 0.0000e+00  -60.61617  -54.71983 1153476709 202.424890    34.3717      13141         24  0.000e+00
    150.924     0.0774   2.869912     0.0741   2.869907    6.32012    -0.0426    13.8155 0.0000e+00  -60.61617  -54.71983 1153476709 202.424891    34.3726      13142         24  0.000e+00
    150.847     0.0782   2.870039     0.0754   2.869971    6.31523    -0.0104    13.8155 0.0000e+00  -60.61617  -54.71983 1153476709 202.424891    34.3735      13143         24  0.000e+00
    150.990     0.0791   2.870119     0.0741   2.869919    6.31984    -0.0211    13.8155 0.0000e+00  -60.61617  -54.71983 1153476709 202.424891    34.3734      13144         24  0.000e+00
    150.924     0.0792   2.870045     0.0723   2.869807    6.31981    -0.1072    13.8155 0.0000e+00  -60.61617  -54.71983 1153476709 202.424892    34.3724      13145         24  0.000e+00
    150.990     0.0782   2.869815     0.0719   2.869702    6.32013    -0.1072    13.8155 0.0000e+00  -60.61617  -54.71983 1153476709 202.424892    34.3704      13146         24  0.000e+00
    150.924     0.0754   2.869594     0.0715   2.869625    6.32056    -0.0642    13.8155 0.0000e+00  -60.61617  -54.71983 1153476709 202.424893    34.3707      13147         24  0.000e+00
    150.990     0.0733   2.869430     0.0713   2.869619    6.32097    -0.0642    13.8155 0.0000e+00  -60.61617  -54.71983 1153476709 202.424893    34.3708      13148         24  0.000e+00
    150.924     0.0724   2.869387     0.0718   2.869655    6.32105    -0.0857    13.8155 0.0000e+00  -60.61617  -54.71983 1153476709 202.424894    34.3713      13149         24  0.000e+00
    150.990     0.0716   2.869347     0.0723   2.869737    6.32123    -0.1072    13.8155 0.0000e+00  -60.61617  -54.71983 1153476709 202.424894    34.3716      13150         24  0.000e+00
    150.990     0.0716   2.869347     0.0733   2.869772    6.32123    -0.0749    13.8155 0.0000e+00  -60.61617  -54.71983 1153476709 202.424895    34.3716      13151         24  0.000e+00
    150.990     0.0718   2.869357     0.0735   2.869778    6.32586    -0.0642    13.8155 0.0000e+00  -60.61617  -54.71983 1153476709 202.424895    34.3715      13152         24  0.000e+00
    150.990     0.0710   2.869360     0.0732   2.869754    6.32595    -0.0104    13.8155 0.0000e+00  -60.61617  -54.71983 1153476709 202.424896    34.3724      13153         24  0.000e+00
    150.990     0.0712   2.869370     0.0719   2.869713    6.32128    -0.0211    13.8155 0.0000e+00  -60.61617  -54.71983 1153476709 202.424896    34.3724      13154         24  0.000e+00
    151.057     0.0718   2.869414     0.0723   2.869649    6.32123    -0.0964    13.8155 0.0000e+00  -60.61617  -54.71983 1153476709 202.424897    34.3723      13155         24  0.000e+00
    150.990     0.0721   2.869444     0.0715   2.869625    6.32112    -0.0534    13.8155 0.0000e+00  -60.61617  -54.71983 1153476709 202.424897    34.3723      13156         24  0.000e+00
    150.990     0.0724   2.869427     0.0713   2.869590    6.32109    -0.0426    13.8155 0.0000e+00  -60.61617  -54.71983 1153476709 202.424898    34.3718      13157         24  0.000e+00
    150.990     0.0724   2.869407     0.0712   2.869614    6.32110    -0.0319    13.8155 0.0000e+00  -60.61617  -54.71983 1153476709 202.424898    34.3715      13158         24  0.000e+00
    151.057     0.0726   2.869387     0.0710   2.869631    6.32115    -0.0534    13.8155 0.0000e+00  -60.61617  -54.71983 1153476709 202.424899    34.3710      13159         24  0.000e+00
    150.990     0.0721   2.869360     0.0716   2.869625    6.32582    -0.0749    13.8155 0.0000e+00  -60.61617  -54.71983 1153476710 202.424899    34.3712      13160         24  0.000e+00
    150.990     0.0723   2.869303     0.0718   2.869631    6.32583    -0.0642    13.8155 0.0000e+00  -60.61617  -54.71983 1153476710 202.424900    34.3703      13161         24  0.000e+00
    151.057     0.0713   2.869253     0.0717   2.869696    6.32138    -0.0104    13.8155 0.0000e+00  -60.61617  -54.71983 1153476710 202.424900    34.3706      13162         24  0.000e+00
    150.990     0.0707   2.869253     0.0726   2.869766    6.32141    -0.0426    13.8155 0.0000e+00  -60.61617  -54.71983 1153476710 202.424901    34.3714      13163         24  0.000e+00
    151.057     0.0707   2.869280     0.0729   2.869754    6.32610    -0.0642    13.8155 0.0000e+00  -60.61617  -54.71983 1153476710 202.424901    34.3717      13164         24  0.000e+00
    150.990     0.0704   2.869307     0.0729   2.869796    6.32141    -0.0426    13.8155 0.0000e+00  -60.61617  -54.71983 1153476710 202.424902    34.3724      13165         24  0.000e+00
    150.990     0.0712   2.869307     0.0730   2.869784    6.32131    -0.0319    13.8155 0.0000e+00  -60.61617  -54.71983 1153476710 202.424902    34.3716      13166         24  0.000e+00
    151.057     0.0713   2.869347     0.0730   2.869801    6.32133    -0.0104    13.8155 0.0000e+00  -60.61617  -54.71983 1153476710 202.424903    34.3719      13167         24  0.000e+00
    150.990     0.0710   2.869323     0.0735   2.869801    6.32597    -0.0104    13.8155 0.0000e+00  -60.61617  -54.71983 1153476710 202.424903    34.3720      13168         24  0.000e+00
    150.990     0.0712   2.869323     0.0735   2.869807    6.32130    -0.0426    13.8155 0.0000e+00  -60.61617  -54.71983 1153476710 202.424904    34.3718      13169         24  0.000e+00
    151.057     0.0712   2.869400     0.0738   2.869825    6.32597    -0.0426    13.8155 0.0000e+00  -60.61617  -54.71983 1153476710 202.424904    34.3728      13170         24  0.000e+00
    150.990     0.0721   2.869407     0.0741   2.869831    6.32579    -0.0211    13.8155 0.0000e+00  -60.61617  -54.71983 1153476710 202.424905    34.3719      13171         24  0.000e+00
    150.990     0.0721   2.869467     0.0741   2.869872    6.32575    -0.0534    13.8155 0.0000e+00  -60.61617  -54.71983 1153476710 202.424905    34.3727      13172         24  0.000e+00
    150.990     0.0723   2.869460     0.0742   2.869889    6.32574    -0.0319    13.8155 0.0000e+00  -60.61617  -54.71983 1153476710 202.424905    34.3724      13173         24  0.000e+00
    151.057     0.0723   2.869467     0.0744   2.869925    6.32579    -0.0534    13.8155 0.0000e+00  -60.61617  -54.71983 1153476710 202.424906    34.3724      13174         24  0.000e+00
    150.990     0.0727   2.869484     0.0752   2.869942    6.32101    -0.0534    13.8155 0.0000e+00  -60.61617  -54.71983 1153476710 202.424906    34.3722      13175         24  0.000e+00
