product_data/regression_test/downloaded_data/MDGS/320620060703/ctd/p6617705.cnv
* Sea-Bird SBE 9 Data File:
* FileName = D:\Data\Raw\p6617705.dat
* Software Version Seasave Win32 V 5.32
* Temperature SN = 1649
* Conductivity SN = 1431
* Number of Bytes Per Scan = 37
* Number of Voltage Words = 5
* Number of Scans Averaged by the Deck Unit = 1
* NMEA Latitude = 60 37.00 S
* NMEA Longitude = 054 37.45 W
* NMEA UTC (Time) = 20:25:33
** Ship:   Nathaniel B. Palmer 
** Cruise:    NBP0606 
# nquan = 15
# nvalues = 1001                        
# units = specified
# name 0 = prDM: Pressure, Digiquartz [db]
# name 1 = t090C: Temperature [ITS-90, deg C]
# name 2 = c0S/m: Conductivity [S/m]
# name 3 = t190C: Temperature, 2 [ITS-90, deg C]
# name 4 = c1S/m: Conductivity, 2 [S/m]
# name 5 = sbeox0ML/L: Oxygen, SBE 43 [ml/l]
# name 6 = flECO-AFL: Fluorescence, Wetlab ECO-AFL/FL [mg/m^3]
# name 7 = bat: Beam Attenuation, Chelsea/Seatech/Wetlab CStar [1/m]
# name 8 = spar: SPAR/Surface Irradiance
# name 9 = latitude: Latitude [deg]
# name 10 = longitude: Longitude [deg]
# name 11 = timeY: Time, System [seconds]
# name 12 = timeJ: Julian Days
# name 13 = sal00: Salinity [PSU]
# name 14 = flag: flag
# span 0 =      3.000,   1003.000       
# span 1 =    -0.6935,     1.8747       
# span 2 =   2.784640,   3.048887       
# span 3 =    -0.6936,     1.8752       
# span 4 =   2.785199,   3.049181       
# span 5 =    4.47303,    7.69618       
# span 6 =    -0.0968,     0.5898       
# span 7 =    13.8155,    13.8155       
# span 8 = 0.0000e+00, 0.0000e+00       
# span 9 =  -60.61667,  -60.61667       
# span 10 =  -54.62417,  -54.62417      
# span 11 = 1153513541, 1153515285      
# span 12 = 202.851164, 202.871370      
# span 13 =    34.1674,    34.7254      
# span 14 = 0.0000e+00, 0.0000e+00      
# interval = decibars: 1                
# start_time = Jul 21 2006 20:25:41
# bad_flag = -9.990e-29
*END*
[from data line 97]
    100.000    -0.5204   2.805880    -0.5209   2.806047    7.46707     0.4881    13.8155 0.0000e+00  -60.61667  -54.62417 1153513837 202.854618    34.2216 0.0000e+00
    101.000    -0.5190   2.806042    -0.5193   2.806294    7.45376     0.4567    13.8155 0.0000e+00  -60.61667  -54.62417 1153513839 202.854635    34.2217 0.0000e+00
    102.000    -0.5126   2.806717    -0.5110   2.807140    7.44743     0.4310    13.8155 0.0000e+00  -60.61667  -54.62417 1153513840 202.854649    34.2227 0.0000e+00
    103.000    -0.5072   2.807278    -0.5074   2.807550    7.44037     0.4399    13.8155 0.0000e+00  -60.61667  -54.62417 1153513842 202.854667    34.2235 0.0000e+00
    104.000    -0.5046   2.807654    -0.4973   2.808489    7.40800     0.3607    13.8155 0.0000e+00  -60.61667  -54.62417 1153513850 202.854760    34.2260 0.0000e+00
    105.000    -0.4621   2.811889    -0.4582   2.812420    7.39167     0.3478    13.8155 0.0000e+00  -60.61667  -54.62417 1153513850 202.854771    34.2328 0.0000e+00
    106.000    -0.4526   2.812829    -0.4512   2.813203    7.37407     0.3511    13.8155 0.0000e+00  -60.61667  -54.62417 1153513851 202.854782    34.2337 0.0000e+00
    107.000    -0.4420   2.813901    -0.4415   2.814199    7.35558     0.4196    13.8155 0.0000e+00  -60.61667  -54.62417 1153513853 202.854803    34.2356 0.0000e+00
    108.000    -0.4621   2.811984    -0.4514   2.813207    7.34946     0.4266    13.8155 0.0000e+00  -60.61667  -54.62417 1153513859 202.854874    34.2331 0.0000e+00
    109.000    -0.4370   2.814431    -0.4238   2.816006    7.33289     0.4218    13.8155 0.0000e+00  -60.61667  -54.62417 1153513860 202.854885    34.2370 0.0000e+00
    110.000    -0.4220   2.815953    -0.4196   2.816447    7.31815     0.4453    13.8155 0.0000e+00  -60.61667  -54.62417 1153513861 202.854898    34.2390 0.0000e+00
    111.000    -0.4165   2.816538    -0.4145   2.816983    7.30628     0.4949    13.8155 0.0000e+00  -60.61667  -54.62417 1153513863 202.854912    34.2401 0.0000e+00
    112.000    -0.4124   2.816955    -0.4118   2.817277    7.29520     0.4800    13.8155 0.0000e+00  -60.61667  -54.62417 1153513864 202.854928    34.2405 0.0000e+00
    113.000    -0.4149   2.816755    -0.4143   2.817100    7.28553     0.4728    13.8155 0.0000e+00  -60.61667  -54.62417 1153513866 202.854946    34.2404 0.0000e+00
    114.000    -0.4126   2.817019    -0.4109   2.817444    7.28107     0.4856    13.8155 0.0000e+00  -60.61667  -54.62417 1153513867 202.854965    34.2409 0.0000e+00
    115.000    -0.4107   2.817245    -0.4093   2.817654    7.27517     0.5119    13.8155 0.0000e+00  -60.61667  -54.62417 1153513869 202.854984    34.2412 0.0000e+00
    116.000    -0.4045   2.817881    -0.4032   2.818266    7.26779     0.4849    13.8155 0.0000e+00  -60.61667  -54.62417 1153513870 202.855002    34.2421 0.0000e+00
    117.000    -0.4053   2.817843    -0.4034   2.818306    7.26508     0.5022    13.8155 0.0000e+00  -60.61667  -54.62417 1153513872 202.855021    34.2421 0.0000e+00
    118.000    -0.4069   2.817728    -0.4050   2.818196    7.26273     0.5246    13.8155 0.0000e+00  -60.61667  -54.62417 1153513874 202.855040    34.2419 0.0000e+00
    119.000    -0.3999   2.818492    -0.3962   2.819063    7.25412     0.5638    13.8155 0.0000e+00  -60.61667  -54.62417 1153513875 202.855055    34.2437 0.0000e+00
    120.000    -0.3907   2.819397    -0.3897   2.819760    7.24465     0.5898    13.8155 0.0000e+00  -60.61667  -54.62417 1153513876 202.855067    34.2445 0.0000e+00
    121.000    -0.3916   2.819340    -0.3912   2.819670    7.24505     0.5725    13.8155 0.0000e+00  -60.61667  -54.62417 1153513877 202.855079    34.2442 0.0000e+00
    122.000    -0.3930   2.819247    -0.3911   2.819716    7.24208     0.5149    13.8155 0.0000e+00  -60.61667  -54.62417 1153513878 202.855093    34.2441 0.0000e+00
    123.000    -0.3862   2.819991    -0.3833   2.820482    7.23344     0.5227    13.8155 0.0000e+00  -60.61667  -54.62417 1153513880 202.855111    34.2459 0.0000e+00
    124.000    -0.3737   2.821230    -0.3724   2.821609    7.22164     0.5306    13.8155 0.0000e+00  -60.61667  -54.62417 1153513881 202.855128    34.2473 0.0000e+00
    125.000    -0.3672   2.821911    -0.3659   2.822291    7.21350     0.4901    13.8155 0.0000e+00  -60.61667  -54.62417 1153513882 202.855141    34.2486 0.0000e+00
    126.000    -0.3618   2.822462    -0.3600   2.822899    7.20066     0.4586    13.8155 0.0000e+00  -60.61667  -54.62417 1153513883 202.855153    34.2490 0.0000e+00
    127.000    -0.3433   2.824373    -0.3415   2.824713    7.17773     0.4803    13.8155 0.0000e+00  -60.61667  -54.62417 1153513885 202.855168    34.2531 0.0000e+00
    128.000    -0.3326   2.825535    -0.3308   2.825950    7.15756     0.5528    13.8155 0.0000e+00  -60.61667  -54.62417 1153513886 202.855187    34.2556 0.0000e+00
    129.000    -0.3287   2.826021    -0.3245   2.826657    7.13999     0.5731    13.8155 0.0000e+00  -60.61667  -54.62417 1153513888 202.855203    34.2575 0.0000e+00
    130.000    -0.3019   2.828964    -0.2979   2.829508    7.11938     0.5706    13.8155 0.0000e+00  -60.61667  -54.62417 1153513889 202.855217    34.2654 0.0000e+00
    131.000    -0.2903   2.830282    -0.2882   2.830709    7.10085     0.4934    13.8155 0.0000e+00  -60.61667  -54.62417 1153513890 202.855232    34.2691 0.0000e+00
    132.000    -0.2903   2.830567    -0.2895   2.830949    7.10289     0.4244    13.8155 0.0000e+00  -60.61667  -54.62417 1153513892 202.855247    34.2725 0.0000e+00
    133.000    -0.3096   2.828451    -0.3210   2.828666    7.10621     0.3739    13.8155 0.0000e+00  -60.61667  -54.62417 1153513893 202.855262    34.2768 0.0000e+00
    134.000    -0.3252   2.828279    -0.3239   2.828692    7.10984     0.3617    13.8155 0.0000e+00  -60.61667  -54.62417 1153513894 202.855276    34.2814 0.0000e+00
    135.000    -0.3399   2.827088    -0.3390   2.827538    7.11469     0.3107    13.8155 0.0000e+00  -60.61667  -54.62417 1153513895 202.855287    34.2819 0.0000e+00
    136.000    -0.3772   2.823837    -0.3786   2.824323    7.12880     0.2807    13.8155 0.0000e+00  -60.61667  -54.62417 1153513896 202.855298    34.2803 0.0000e+00
    137.000    -0.4292   2.819524    -0.4284   2.820040    7.15361     0.3165    13.8155 0.0000e+00  -60.61667  -54.62417 1153513897 202.855311    34.2827 0.0000e+00
    138.000    -0.4564   2.817210    -0.4539   2.817834    7.19072     0.3066    13.8155 0.0000e+00  -60.61667  -54.62417 1153513899 202.855330    34.2819 0.0000e+00
    139.000    -0.4727   2.815820    -0.4742   2.816132    7.21748     0.2985    13.8155 0.0000e+00  -60.61667  -54.62417 1153513901 202.855352    34.2806 0.0000e+00
    140.000    -0.5483   2.809161    -0.5492   2.809741    7.25511     0.2737    13.8155 0.0000e+00  -60.61667  -54.62417 1153513902 202.855371    34.2771 0.0000e+00
    141.000    -0.5932   2.805438    -0.5917   2.806024    7.28039     0.2607    13.8155 0.0000e+00  -60.61667  -54.62417 1153513903 202.855384    34.2788 0.0000e+00
    142.000    -0.5955   2.805343    -0.5945   2.805859    7.29426     0.2818    13.8155 0.0000e+00  -60.61667  -54.62417 1153513904 202.855396    34.2790 0.0000e+00
    143.000    -0.5949   2.805713    -0.5935   2.806233    7.30338     0.2615    13.8155 0.0000e+00  -60.61667  -54.62417 1153513905 202.855407    34.2821 0.0000e+00
    144.000    -0.5957   2.805988    -0.5944   2.806460    7.30987     0.2577    13.8155 0.0000e+00  -60.61667  -54.62417 1153513906 202.855419    34.2855 0.0000e+00
    145.000    -0.5928   2.806346    -0.5916   2.806809    7.31157     0.2323    13.8155 0.0000e+00  -60.61667  -54.62417 1153513908 202.855433    34.2857 0.0000e+00
    146.000    -0.5915   2.806559    -0.5904   2.807026    7.30820     0.2120    13.8155 0.0000e+00  -60.61667  -54.62417 1153513909 202.855446    34.2859 0.0000e+00
    147.000    -0.5928   2.806526    -0.5919   2.806971    7.30322     0.2148    13.8155 0.0000e+00  -60.61667  -54.62417 1153513910 202.855461    34.2861 0.0000e+00
    148.000    -0.5941   2.806515    -0.5927   2.806981    7.29857     0.2056    13.8155 0.0000e+00  -60.61667  -54.62417 1153513912 202.855481    34.2864 0.0000e+00
    149.000    -0.5845   2.807499    -0.5828   2.807943    7.30032     0.1393    13.8155 0.0000e+00  -60.61667  -54.62417 1153513914 202.855502    34.2876 0.0000e+00
    150.000    -0.5774   2.808215    -0.5761   2.808654    7.29619     0.1174    13.8155 0.0000e+00  -60.61667  -54.62417 1153513915 202.855519    34.2880 0.0000e+00
    151.000    -0.5781   2.808231    -0.5768   2.808696    7.29041     0.1178    13.8155 0.0000e+00  -60.61667  -54.62417 1153513916 202.855534    34.2882 0.0000e+00
    152.000    -0.5896   2.807393    -0.5891   2.807830    7.29181     0.1128    13.8155 0.0000e+00  -60.61667  -54.62417 1153513918 202.855547    34.2895 0.0000e+00
    153.000    -0.6003   2.806660    -0.5990   2.807108    7.29171     0.1093    13.8155 0.0000e+00  -60.61667  -54.62417 1153513918 202.855558    34.2916 0.0000e+00
    154.000    -0.5984   2.806910    -0.5973   2.807324    7.28757     0.1023    13.8155 0.0000e+00  -60.61667  -54.62417 1153513919 202.855568    34.2922 0.0000e+00
    155.000    -0.5882   2.807947    -0.5868   2.808332    7.27908     0.0937    13.8155 0.0000e+00  -60.61667  -54.62417 1153513920 202.855578    34.2936 0.0000e+00
    156.000    -0.5791   2.808824    -0.5780   2.809235    7.27298     0.0924    13.8155 0.0000e+00  -60.61667  -54.62417 1153513921 202.855590    34.2939 0.0000e+00
    157.000    -0.5810   2.808756    -0.5799   2.809180    7.26670     0.0709    13.8155 0.0000e+00  -60.61667  -54.62417 1153513923 202.855608    34.2946 0.0000e+00
    158.000    -0.5713   2.809812    -0.5702   2.810175    7.25545     0.0761    13.8155 0.0000e+00  -60.61667  -54.62417 1153513924 202.855628    34.2970 0.0000e+00
    159.000    -0.5640   2.810718    -0.5632   2.811082    7.24062     0.0594    13.8155 0.0000e+00  -60.61667  -54.62417 1153513926 202.855648    34.3001 0.0000e+00
    160.000    -0.5673   2.810635    -0.5647   2.811189    7.23466     0.0540    13.8155 0.0000e+00  -60.61667  -54.62417 1153513928 202.855666    34.3021 0.0000e+00
    161.000    -0.5789   2.809782    -0.5779   2.810193    7.22936     0.0480    13.8155 0.0000e+00  -60.61667  -54.62417 1153513929 202.855683    34.3037 0.0000e+00
    162.000    -0.5772   2.809969    -0.5750   2.810503    7.22659     0.0494    13.8155 0.0000e+00  -60.61667  -54.62417 1153513930 202.855697    34.3035 0.0000e+00
    163.000    -0.5821   2.809624    -0.5809   2.810047    7.22634     0.0360    13.8155 0.0000e+00  -60.61667  -54.62417 1153513932 202.855709    34.3039 0.0000e+00
    164.000    -0.5816   2.809708    -0.5816   2.810045    7.22417     0.0236    13.8155 0.0000e+00  -60.61667  -54.62417 1153513933 202.855721    34.3039 0.0000e+00
    165.000    -0.5850   2.809485    -0.5841   2.809886    7.22507     0.0231    13.8155 0.0000e+00  -60.61667  -54.62417 1153513934 202.855733    34.3042 0.0000e+00
    166.000    -0.5852   2.809511    -0.5841   2.809935    7.22586     0.0142    13.8155 0.0000e+00  -60.61667  -54.62417 1153513935 202.855746    34.3041 0.0000e+00
    167.000    -0.5852   2.809560    -0.5842   2.809971    7.22663     0.0258    13.8155 0.0000e+00  -60.61667  -54.62417 1153513936 202.855760    34.3041 0.0000e+00
    168.000    -0.5855   2.809601    -0.5844   2.810013    7.22710     0.0284    13.8155 0.0000e+00  -60.61667  -54.62417 1153513937 202.855775    34.3044 0.0000e+00
    169.000    -0.5864   2.809603    -0.5852   2.810034    7.22645     0.0170    13.8155 0.0000e+00  -60.61667  -54.62417 1153513938 202.855789    34.3048 0.0000e+00
    170.000    -0.5865   2.809642    -0.5853   2.810061    7.20253     0.0209    13.8155 0.0000e+00  -60.61667  -54.62417 1153513940 202.855804    34.3048 0.0000e+00
    171.000    -0.5861   2.809724    -0.5851   2.810143    7.18787     0.0240    13.8155 0.0000e+00  -60.61667  -54.62417 1153513942 202.855826    34.3048 0.0000e+00
    172.000    -0.5493   2.813422    -0.5442   2.813827    7.14505     0.0137    13.8155 0.0000e+00  -60.61667  -54.62417 1153513944 202.855849    34.3121 0.0000e+00
    173.000    -0.4334   2.824358    -0.4330   2.824214    7.09055     0.0079    13.8155 0.0000e+00  -60.61667  -54.62417 1153513945 202.855864    34.3241 0.0000e+00
    174.000    -0.3771   2.829538    -0.3680   2.830373    7.04385     0.0098    13.8155 0.0000e+00  -60.61667  -54.62417 1153513946 202.855876    34.3275 0.0000e+00
    175.000    -0.3567   2.831388    -0.3545   2.831752    7.00385     0.0072    13.8155 0.0000e+00  -60.61667  -54.62417 1153513947 202.855887    34.3282 0.0000e+00
    176.000    -0.3400   2.833035    -0.3376   2.833351    6.97622     0.0193    13.8155 0.0000e+00  -60.61667  -54.62417 1153513948 202.855898    34.3312 0.0000e+00
    177.000    -0.3281   2.834149    -0.3257   2.834495    6.95310     0.0250    13.8155 0.0000e+00  -60.61667  -54.62417 1153513949 202.855909    34.3323 0.0000e+00
    178.000    -0.3125   2.835599    -0.3102   2.835962    6.92934     0.0086    13.8155 0.0000e+00  -60.61667  -54.62417 1153513950 202.855920    34.3335 0.0000e+00
    179.000    -0.2937   2.837405    -0.2894   2.837917    6.90424     0.0070    13.8155 0.0000e+00  -60.61667  -54.62417 1153513951 202.855934    34.3362 0.0000e+00
    180.000    -0.2769   2.838966    -0.2760   2.839261    6.87663     0.0161    13.8155 0.0000e+00  -60.61667  -54.62417 1153513953 202.855954    34.3377 0.0000e+00
    181.000    -0.2769   2.838992    -0.2692   2.839899    6.84808     0.0152    13.8155 0.0000e+00  -60.61667  -54.62417 1153513955 202.855982    34.3386 0.0000e+00
    182.000    -0.2552   2.841048    -0.2541   2.841354    6.82963    -0.0021    13.8155 0.0000e+00  -60.61667  -54.62417 1153513957 202.855999    34.3411 0.0000e+00
    183.000    -0.2523   2.841388    -0.2509   2.841737    6.81670     0.0031    13.8155 0.0000e+00  -60.61667  -54.62417 1153513958 202.856012    34.3422 0.0000e+00
    184.000    -0.2471   2.841925    -0.2471   2.842126    6.80737     0.0100    13.8155 0.0000e+00  -60.61667  -54.62417 1153513959 202.856024    34.3431 0.0000e+00
    185.000    -0.2383   2.842779    -0.2361   2.843161    6.78983     0.0076    13.8155 0.0000e+00  -60.61667  -54.62417 1153513960 202.856036    34.3440 0.0000e+00
    186.000    -0.2144   2.845184    -0.2069   2.845880    6.76666     0.0016    13.8155 0.0000e+00  -60.61667  -54.62417 1153513961 202.856047    34.3488 0.0000e+00
    187.000    -0.1646   2.849846    -0.1594   2.850346    6.73598     0.0135    13.8155 0.0000e+00  -60.61667  -54.62417 1153513962 202.856059    34.3528 0.0000e+00
    188.000    -0.1323   2.852833    -0.1288   2.853245    6.70499    -0.0065    13.8155 0.0000e+00  -60.61667  -54.62417 1153513963 202.856072    34.3550 0.0000e+00
    189.000    -0.0877   2.857038    -0.0830   2.857503    6.66234     0.0011    13.8155 0.0000e+00  -60.61667  -54.62417 1153513964 202.856089    34.3597 0.0000e+00
    190.000    -0.0440   2.861157    -0.0391   2.861603    6.61996     0.0123    13.8155 0.0000e+00  -60.61667  -54.62417 1153513966 202.856105    34.3643 0.0000e+00
    191.000    -0.0156   2.863754    -0.0152   2.863925    6.58072     0.0026    13.8155 0.0000e+00  -60.61667  -54.62417 1153513967 202.856121    34.3659 0.0000e+00
    192.000     0.0030   2.865505     0.0068   2.865967    6.52392     0.0031    13.8155 0.0000e+00  -60.61667  -54.62417 1153513969 202.856146    34.3686 0.0000e+00
    193.000     0.0339   2.868436     0.0376   2.868845    6.47288    -0.0132    13.8155 0.0000e+00  -60.61667  -54.62417 1153513971 202.856165    34.3723 0.0000e+00
    194.000     0.0674   2.871695     0.0646   2.871309    6.43768    -0.0061    13.8155 0.0000e+00  -60.61667  -54.62417 1153513972 202.856177    34.3775 0.0000e+00
