product_data/regression_test/downloaded_data/MDGS/320620060703/ctd/p6617802.ros
* Sea-Bird SBE 9 Data File:
* FileName = D:\Data\Raw\p6617802.dat
* Software Version Seasave Win32 V 5.32
* Temperature SN = 1649
* Conductivity SN = 1431
* Number of Bytes Per Scan = 37
* Number of Voltage Words = 5
* Number of Scans Averaged by the Deck Unit = 1
* NMEA Latitude = 60 36.99 S
* NMEA Longitude = 054 31.80 W
* NMEA UTC (Time) = 00:34:19
** Ship:   Nathaniel B. Palmer 
** Cruise:    NBP0606 
# nquan = 17
# nvalues = 1176                    
# units = specified
# name 0 = prDM: Pressure, Digiquartz [db]
# name 1 = t090C: Temperature [ITS-90, deg C]
# name 2 = c0S/m: Conductivity [S/m]
# name 3 = t190C: Temperature, 2 [ITS-90, deg C]
# name 4 = c1S/m: Conductivity, 2 [S/m]
# name 5 = sbeox0ML/L: Oxygen, SBE 43 [ml/l]
# name 6 = flECO-AFL: Fluorescence, Wetlab ECO-AFL/FL [mg/m^3]
# name 7 = bat: Beam Attenuation, Chelsea/Seatech/Wetlab CStar [1/m]
# name 8 = spar: SPAR/Surface Irradiance
# name 9 = latitude: Latitude [deg]
# name 10 = longitude: Longitude [deg]
# name 11 = timeY: Time, System [seconds]
# name 12 = timeJ: Julian Days
# name 13 = sal00: Salinity [PSU]
# name 14 = scan: scan number
# name 15 = nbf: number of bottles fired
# name 16 = flag:  0.000e+00
# interval = seconds: 0.0416667                   
# start_time = Jul 22 2006 00:34:27
*END*
[from data line 341]
    149.976    -0.6793   2.799030    -0.6757   2.799716    7.33564    -0.0534    13.8155 0.0000e+00  -60.61650  -54.53000 1153531031 203.053617    34.2789      61573          7  0.000e+00
    149.899    -0.6796   2.799016    -0.6750   2.799798    7.34036    -0.0319    13.8155 0.0000e+00  -60.61650  -54.53000 1153531031 203.053617    34.2791      61574          7  0.000e+00
    100.626    -0.6728   2.795984    -0.6758   2.796127    7.41836    -0.0319    13.8155 0.0000e+00  -60.61650  -54.53000 1153531122 203.054678    34.2609      63773          8  0.000e+00
    100.626    -0.6720   2.795990    -0.6754   2.796186    7.41824    -0.0964    13.8155 0.0000e+00  -60.61650  -54.53000 1153531122 203.054678    34.2601      63774          8  0.000e+00
    100.626    -0.6720   2.796007    -0.6752   2.796203    7.41823    -0.0964    13.8155 0.0000e+00  -60.61650  -54.53000 1153531122 203.054679    34.2603      63775          8  0.000e+00
    100.559    -0.6717   2.796014    -0.6742   2.796186    7.41811    -0.0534    13.8155 0.0000e+00  -60.61650  -54.53000 1153531122 203.054679    34.2601      63776          8  0.000e+00
    100.559    -0.6714   2.796014    -0.6742   2.796197    7.41806    -0.0319    13.8155 0.0000e+00  -60.61650  -54.53000 1153531122 203.054680    34.2597      63777          8  0.000e+00
    100.492    -0.6711   2.796014    -0.6749   2.796203    7.41795    -0.0426    13.8155 0.0000e+00  -60.61650  -54.53000 1153531122 203.054680    34.2594      63778          8  0.000e+00
    100.626    -0.6709   2.796014    -0.6748   2.796220    7.41806    -0.0534    13.8155 0.0000e+00  -60.61650  -54.53000 1153531122 203.054681    34.2591      63779          8  0.000e+00
    100.416    -0.6712   2.796014    -0.6742   2.796232    7.41789    -0.0534    13.8155 0.0000e+00  -60.61650  -54.53000 1153531123 203.054681    34.2596      63780          8  0.000e+00
    100.492    -0.6704   2.796014    -0.6740   2.796267    7.41785    -0.0964    13.8155 0.0000e+00  -60.61650  -54.53000 1153531123 203.054682    34.2587      63781          8  0.000e+00
    100.416    -0.6706   2.795980    -0.6729   2.796284    7.41782    -0.0749    13.8155 0.0000e+00  -60.61650  -54.53000 1153531123 203.054682    34.2585      63782          8  0.000e+00
    100.387    -0.6708   2.795990    -0.6725   2.796284    7.41781    -0.0319    13.8155 0.0000e+00  -60.61650  -54.53000 1153531123 203.054683    34.2588      63783          8  0.000e+00
    100.349    -0.6708   2.795990    -0.6723   2.796284    7.41777    -0.0319    13.8155 0.0000e+00  -60.61650  -54.53000 1153531123 203.054683    34.2588      63784          8  0.000e+00
    100.349    -0.6704   2.796023    -0.6715   2.796319    7.41770    -0.0534    13.8155 0.0000e+00  -60.61650  -54.53000 1153531123 203.054684    34.2589      63785          8  0.000e+00
    100.282    -0.6709   2.796000    -0.6719   2.796319    7.41772    -0.0319    13.8155 0.0000e+00  -60.61650  -54.53000 1153531123 203.054684    34.2592      63786          8  0.000e+00
    100.282    -0.6703   2.796007    -0.6712   2.796313    7.41762    -0.0319    13.8155 0.0000e+00  -60.61650  -54.53000 1153531123 203.054685    34.2586      63787          8  0.000e+00
    100.206    -0.6700   2.796030    -0.6710   2.796313    7.41748    -0.0749    13.8155 0.0000e+00  -60.61650  -54.53000 1153531123 203.054685    34.2586      63788          8  0.000e+00
    100.206    -0.6698   2.796053    -0.6712   2.796331    7.41744    -0.0749    13.8155 0.0000e+00  -60.61650  -54.53000 1153531123 203.054686    34.2587      63789          8  0.000e+00
    100.206    -0.6697   2.796060    -0.6712   2.796337    7.41741    -0.0749    13.8155 0.0000e+00  -60.61650  -54.53000 1153531123 203.054686    34.2586      63790          8  0.000e+00
    100.139    -0.6695   2.796060    -0.6715   2.796337    7.41732    -0.0104    13.8155 0.0000e+00  -60.61650  -54.53000 1153531123 203.054687    34.2585      63791          8  0.000e+00
    100.072    -0.6691   2.796040    -0.6712   2.796296    7.41720    -0.0319    13.8155 0.0000e+00  -60.61650  -54.53000 1153531123 203.054687    34.2578      63792          8  0.000e+00
    100.072    -0.6695   2.796070    -0.6714   2.796325    7.41724    -0.0749    13.8155 0.0000e+00  -60.61650  -54.53000 1153531123 203.054688    34.2586      63793          8  0.000e+00
    100.072    -0.6695   2.796046    -0.6712   2.796337    7.41726    -0.0534    13.8155 0.0000e+00  -60.61650  -54.53000 1153531123 203.054688    34.2584      63794          8  0.000e+00
     99.967    -0.6695   2.796060    -0.6711   2.796337    7.41714    -0.0534    13.8155 0.0000e+00  -60.61650  -54.53000 1153531123 203.054688    34.2586      63795          8  0.000e+00
     99.929    -0.6694   2.796060    -0.6706   2.796360    7.42179    -0.0534    13.8155 0.0000e+00  -60.61650  -54.53000 1153531123 203.054689    34.2585      63796          8  0.000e+00
     99.929    -0.6694   2.796023    -0.6704   2.796366    7.42182    -0.0857    13.8155 0.0000e+00  -60.61650  -54.53000 1153531123 203.054689    34.2580      63797          8  0.000e+00
     99.929    -0.6703   2.796013    -0.6702   2.796383    7.41725    -0.0749    13.8155 0.0000e+00  -60.61650  -54.53000 1153531123 203.054690    34.2589      63798          8  0.000e+00
     99.786    -0.6695   2.796013    -0.6697   2.796406    7.41699    -0.0534    13.8155 0.0000e+00  -60.61650  -54.53000 1153531123 203.054690    34.2581      63799          8  0.000e+00
     99.719    -0.6695   2.796030    -0.6693   2.796377    7.41691    -0.0534    13.8155 0.0000e+00  -60.61650  -54.53000 1153531123 203.054691    34.2584      63800          8  0.000e+00
     99.853    -0.6691   2.796037    -0.6688   2.796400    7.41697    -0.1180    13.8155 0.0000e+00  -60.61650  -54.53000 1153531123 203.054691    34.2578      63801          8  0.000e+00
     99.719    -0.6692   2.796017    -0.6682   2.796435    7.41687    -0.1180    13.8155 0.0000e+00  -60.61650  -54.53000 1153531123 203.054692    34.2578      63802          8  0.000e+00
     99.643    -0.6686   2.796046    -0.6686   2.796447    7.41668    -0.0749    13.8155 0.0000e+00  -60.61650  -54.53000 1153531123 203.054692    34.2576      63803          8  0.000e+00
     99.643    -0.6686   2.796060    -0.6680   2.796406    7.41667    -0.0319    13.8155 0.0000e+00  -60.61650  -54.53000 1153531124 203.054693    34.2578      63804          8  0.000e+00
     99.643    -0.6683   2.796040    -0.6681   2.796412    7.41664     0.0004    13.8155 0.0000e+00  -60.61650  -54.53000 1153531124 203.054693    34.2571      63805          8  0.000e+00
     99.510    -0.6683   2.796026    -0.6683   2.796354    7.41651    -0.0319    13.8155 0.0000e+00  -60.61650  -54.53000 1153531124 203.054694    34.2570      63806          8  0.000e+00
     99.548    -0.6681   2.796013    -0.6685   2.796336    7.41654    -0.0104    13.8155 0.0000e+00  -60.61650  -54.53000 1153531124 203.054694    34.2567      63807          8  0.000e+00
     99.300    -0.6685   2.795993    -0.6682   2.796336    7.41636    -0.0104    13.8155 0.0000e+00  -60.61650  -54.53000 1153531124 203.054695    34.2570      63808          8  0.000e+00
     99.576    -0.6683   2.795990    -0.6680   2.796296    7.41661    -0.0104    13.8155 0.0000e+00  -60.61650  -54.53000 1153531124 203.054695    34.2565      63809          8  0.000e+00
     99.433    -0.6683   2.795990    -0.6680   2.796302    7.41646    -0.0104    13.8155 0.0000e+00  -60.61650  -54.53000 1153531124 203.054696    34.2566      63810          8  0.000e+00
     99.300    -0.6683   2.795940    -0.6681   2.796272    7.41635    -0.0211    13.8155 0.0000e+00  -60.61650  -54.53000 1153531124 203.054696    34.2560      63811          8  0.000e+00
     99.300    -0.6684   2.795891    -0.6683   2.796261    7.42112    -0.0211    13.8155 0.0000e+00  -60.61650  -54.53000 1153531124 203.054697    34.2555      63812          8  0.000e+00
     99.300    -0.6687   2.795894    -0.6686   2.796261    7.41645    -0.0319    13.8155 0.0000e+00  -60.61650  -54.53000 1153531124 203.054697    34.2559      63813          8  0.000e+00
     99.157    -0.6687   2.795884    -0.6682   2.796261    7.41631    -0.0426    13.8155 0.0000e+00  -60.61650  -54.53000 1153531124 203.054698    34.2559      63814          8  0.000e+00
     99.157    -0.6681   2.795894    -0.6688   2.796261    7.41622    -0.0749    13.8155 0.0000e+00  -60.61650  -54.53000 1153531124 203.054698    34.2553      63815          8  0.000e+00
     99.157    -0.6687   2.795884    -0.6688   2.796261    7.41631    -0.0534    13.8155 0.0000e+00  -60.61650  -54.53000 1153531124 203.054699    34.2559      63816          8  0.000e+00
     99.052    -0.6686   2.795845    -0.6688   2.796197    7.41621    -0.0534    13.8155 0.0000e+00  -60.61650  -54.53000 1153531124 203.054699    34.2552      63817          8  0.000e+00
     99.014    -0.6686   2.795815    -0.6683   2.796179    7.41619    -0.0211    13.8155 0.0000e+00  -60.61650  -54.53000 1153531124 203.054700    34.2549      63818          8  0.000e+00
     99.014    -0.6692   2.795785    -0.6686   2.796197    7.41630    -0.0749    13.8155 0.0000e+00  -60.61650  -54.53000 1153531124 203.054700    34.2551      63819          8  0.000e+00
     98.947    -0.6692   2.795785    -0.6690   2.796185    7.41623    -0.0534    13.8155 0.0000e+00  -60.61650  -54.53000 1153531124 203.054701    34.2552      63820          8  0.000e+00
     98.880    -0.6691   2.795821    -0.6688   2.796139    7.41612    -0.0319    13.8155 0.0000e+00  -60.61650  -54.53000 1153531124 203.054701    34.2555      63821          8  0.000e+00
     99.020    -0.6697   2.795921    -0.6696   2.796261    7.42570    -0.0426    13.8155 0.0000e+00  -60.61650  -54.53000 1153531140 203.054882    34.2575      64197          9  0.000e+00
     99.096    -0.6695   2.795924    -0.6696   2.796261    7.43046    -0.0319    13.8155 0.0000e+00  -60.61650  -54.53000 1153531140 203.054883    34.2573      64198          9  0.000e+00
     98.991    -0.6695   2.795924    -0.6701   2.796278    7.43035    -0.0104    13.8155 0.0000e+00  -60.61650  -54.53000 1153531140 203.054883    34.2574      64199          9  0.000e+00
     99.020    -0.6694   2.795904    -0.6694   2.796243    7.43037    -0.0534    13.8155 0.0000e+00  -60.61650  -54.53000 1153531140 203.054884    34.2569      64200          9  0.000e+00
     98.953    -0.6695   2.795901    -0.6696   2.796232    7.43033    -0.0426    13.8155 0.0000e+00  -60.61650  -54.53000 1153531140 203.054884    34.2571      64201          9  0.000e+00
     99.020    -0.6698   2.795884    -0.6698   2.796232    7.43046    -0.0534    13.8155 0.0000e+00  -60.61650  -54.53000 1153531140 203.054885    34.2572      64202          9  0.000e+00
     98.953    -0.6694   2.795930    -0.6696   2.796208    7.42558    -0.0534    13.8155 0.0000e+00  -60.61650  -54.53000 1153531140 203.054885    34.2573      64203          9  0.000e+00
     98.886    -0.6691   2.795878    -0.6699   2.796203    7.43021    -0.0749    13.8155 0.0000e+00  -60.61650  -54.53000 1153531140 203.054886    34.2563      64204          9  0.000e+00
     98.953    -0.6695   2.795858    -0.6699   2.796203    7.43036    -0.0104    13.8155 0.0000e+00  -60.61650  -54.53000 1153531140 203.054886    34.2565      64205          9  0.000e+00
     98.886    -0.6691   2.795887    -0.6694   2.796220    7.43020    -0.0319    13.8155 0.0000e+00  -60.61650  -54.53000 1153531140 203.054887    34.2564      64206          9  0.000e+00
     98.886    -0.6694   2.795851    -0.6694   2.796191    7.43027    -0.0319    13.8155 0.0000e+00  -60.61650  -54.53000 1153531140 203.054887    34.2563      64207          9  0.000e+00
     98.886    -0.6696   2.795851    -0.6696   2.796197    7.43031    -0.0319    13.8155 0.0000e+00  -60.61650  -54.53000 1153531140 203.054888    34.2566      64208          9  0.000e+00
     98.848    -0.6697   2.795848    -0.6696   2.796185    7.43028    -0.0426    13.8155 0.0000e+00  -60.61650  -54.53000 1153531140 203.054888    34.2566      64209          9  0.000e+00
     98.810    -0.6694   2.795854    -0.6697   2.796179    7.43019    -0.0319    13.8155 0.0000e+00  -60.61650  -54.53000 1153531140 203.054889    34.2564      64210          9  0.000e+00
     98.810    -0.6697   2.795838    -0.6696   2.796179    7.42554    -0.0642    13.8155 0.0000e+00  -60.61650  -54.53000 1153531141 203.054889    34.2565      64211          9  0.000e+00
     98.810    -0.6700   2.795851    -0.6692   2.796156    7.43028    -0.0534    13.8155 0.0000e+00  -60.61650  -54.53000 1153531141 203.054890    34.2570      64212          9  0.000e+00
     98.743    -0.6698   2.795838    -0.6692   2.796133    7.43020    -0.0534    13.8155 0.0000e+00  -60.61650  -54.53000 1153531141 203.054890    34.2567      64213          9  0.000e+00
     98.810    -0.6697   2.795851    -0.6693   2.796144    7.43024    -0.0964    13.8155 0.0000e+00  -60.61650  -54.53000 1153531141 203.054891    34.2567      64214          9  0.000e+00
     98.743    -0.6698   2.795838    -0.6694   2.796133    7.43020    -0.0534    13.8155 0.0000e+00  -60.61650  -54.53000 1153531141 203.054891    34.2567      64215          9  0.000e+00
     98.743    -0.6700   2.795815    -0.6697   2.796144    7.43024    -0.0104    13.8155 0.0000e+00  -60.61650  -54.53000 1153531141 203.054891    34.2566      64216          9  0.000e+00
     98.667    -0.6702   2.795762    -0.6698   2.796133    7.43022     0.0327    13.8155 0.0000e+00  -60.61650  -54.53000 1153531141 203.054892    34.2561      64217          9  0.000e+00
     98.715    -0.6700   2.795725    -0.6694   2.796104    7.43027     0.0219    13.8155 0.0000e+00  -60.61650  -54.53000 1153531141 203.054892    34.2554      64218          9  0.000e+00
     98.667    -0.6700   2.795702    -0.6694   2.796098    7.43024    -0.0104    13.8155 0.0000e+00  -60.61650  -54.53000 1153531141 203.054893    34.2551      64219          9  0.000e+00
     98.667    -0.6702   2.795699    -0.6698   2.796098    7.42556    -0.0534    13.8155 0.0000e+00  -60.61650  -54.53000 1153531141 203.054893    34.2553      64220          9  0.000e+00
     98.667    -0.6695   2.795716    -0.6696   2.796133    7.43016    -0.0319    13.8155 0.0000e+00  -60.61650  -54.53000 1153531141 203.054894    34.2548      64221          9  0.000e+00
     98.600    -0.6699   2.795702    -0.6693   2.796109    7.43016     0.0112    13.8155 0.0000e+00  -60.61650  -54.53000 1153531141 203.054894    34.2551      64222          9  0.000e+00
     98.667    -0.6702   2.795689    -0.6700   2.796034    7.43027     0.0004    13.8155 0.0000e+00  -60.61650  -54.53000 1153531141 203.054895    34.2551      64223          9  0.000e+00
     98.600    -0.6700   2.795679    -0.6699   2.796034    7.43018    -0.0104    13.8155 0.0000e+00  -60.61650  -54.53000 1153531141 203.054895    34.2548      64224          9  0.000e+00
     98.533    -0.6700   2.795709    -0.6702   2.796022    7.42539     0.0112    13.8155 0.0000e+00  -60.61650  -54.53000 1153531141 203.054896    34.2553      64225          9  0.000e+00
     98.600    -0.6703   2.795673    -0.6705   2.796034    7.42553     0.0112    13.8155 0.0000e+00  -60.61650  -54.53000 1153531141 203.054896    34.2551      64226          9  0.000e+00
     98.572    -0.6702   2.795636    -0.6702   2.796028    7.43021     0.0112    13.8155 0.0000e+00  -60.61650  -54.53000 1153531141 203.054897    34.2545      64227          9  0.000e+00
     98.533    -0.6706   2.795699    -0.6702   2.796040    7.43020    -0.0319    13.8155 0.0000e+00  -60.61650  -54.53000 1153531141 203.054897    34.2559      64228          9  0.000e+00
     98.533    -0.6703   2.795686    -0.6700   2.796005    7.43016    -0.0642    13.8155 0.0000e+00  -60.61650  -54.53000 1153531141 203.054898    34.2553      64229          9  0.000e+00
