product_data/regression_test/downloaded_data/MDGS/320620060703/ctd/p6618406.ros
* Sea-Bird SBE 9 Data File:
* FileName = D:\Data\Raw\p6618406.dat
* Software Version Seasave Win32 V 5.32
* Temperature SN = 1649
* Conductivity SN = 1431
* Number of Bytes Per Scan = 37
* Number of Voltage Words = 5
* Number of Scans Averaged by the Deck Unit = 1
* NMEA Latitude = 60 36.35 S
* NMEA Longitude = 053 52.18 W
* NMEA UTC (Time) = 18:27:14
** Ship:   Nathaniel B. Palmer 
** Cruise:    NBP0606 
# nquan = 17
# nvalues = 1176                    
# units = specified
# name 0 = prDM: Pressure, Digiquartz [db]
# name 1 = t090C: Temperature [ITS-90, deg C]
# name 2 = c0S/m: Conductivity [S/m]
# name 3 = t190C: Temperature, 2 [ITS-90, deg C]
# name 4 = c1S/m: Conductivity, 2 [S/m]
# name 5 = sbeox0ML/L: Oxygen, SBE 43 [ml/l]
# name 6 = flECO-AFL: Fluorescence, Wetlab ECO-AFL/FL [mg/m^3]
# name 7 = bat: Beam Attenuation, Chelsea/Seatech/Wetlab CStar [1/m]
# name 8 = spar: SPAR/Surface Irradiance
# name 9 = latitude: Latitude [deg]
# name 10 = longitude: Longitude [deg]
# name 11 = timeY: Time, System [seconds]
# name 12 = timeJ: Julian Days
# name 13 = sal00: Salinity [PSU]
# name 14 = scan: scan number
# name 15 = nbf: number of bottles fired
# name 16 = flag:  0.000e+00
# interval = seconds: 0.0416667                   
# start_time = Jul 22 2006 18:27:22
*END*
[from data line 256]
    151.054    -0.0477   2.862015    -0.0498   2.862124    6.39665    -0.0857    13.8155 3.8963e+00  -60.60583  -53.86967 1153595523 203.800053    34.4085      64383          6  0.000e+00
    151.054    -0.0470   2.862099    -0.0499   2.862072    6.39650    -0.0964    13.8155 3.8963e+00  -60.60583  -53.86967 1153595523 203.800054    34.4087      64384          6  0.000e+00
    151.054    -0.0465   2.862139    -0.0509   2.862031    6.39641    -0.0534    13.8155 1.9481e+00  -60.60583  -53.86967 1153595523 203.800054    34.4087      64385          6  0.000e+00
    151.054    -0.0463   2.862096    -0.0507   2.861995    6.40108    -0.0642    13.8155 1.9481e+00  -60.60583  -53.86967 1153595523 203.800054    34.4080      64386          6  0.000e+00
    150.977    -0.0469   2.862059    -0.0509   2.861990    6.39645    -0.0749    13.8155 1.9481e+00  -60.60583  -53.86967 1153595523 203.800055    34.4082      64387          6  0.000e+00
    151.187    -0.0468   2.862002    -0.0512   2.861984    6.39665    -0.0749    13.8155 3.8963e+00  -60.60583  -53.86967 1153595523 203.800055    34.4072      64388          6  0.000e+00
    151.054    -0.0479   2.861949    -0.0507   2.861984    6.39670    -0.0749    13.8155 3.8963e+00  -60.60583  -53.86967 1153595523 203.800056    34.4078      64389          6  0.000e+00
    151.130    -0.0491   2.861838    -0.0504   2.862007    6.39700    -0.0534    13.8155 3.8963e+00  -60.60583  -53.86967 1153595523 203.800056    34.4077      64390          6  0.000e+00
    151.054    -0.0496   2.861785    -0.0506   2.862019    6.40168    -0.0749    13.8155 3.8963e+00  -60.60583  -53.86967 1153595523 203.800057    34.4075      64391          6  0.000e+00
    151.121    -0.0494   2.861778    -0.0507   2.862054    6.40173    -0.1180    13.8155 3.8963e+00  -60.60583  -53.86967 1153595523 203.800057    34.4072      64392          6  0.000e+00
    151.121    -0.0496   2.861835    -0.0498   2.862089    6.40171    -0.1072    13.8155 3.8963e+00  -60.60583  -53.86967 1153595523 203.800058    34.4082      64393          6  0.000e+00
    151.054    -0.0491   2.861865    -0.0495   2.862101    6.39691    -0.1287    13.8155 3.8963e+00  -60.60583  -53.86967 1153595523 203.800058    34.4081      64394          6  0.000e+00
    151.121    -0.0494   2.861835    -0.0499   2.862078    6.39703    -0.1180    13.8155 3.8963e+00  -60.60583  -53.86967 1153595523 203.800059    34.4080      64395          6  0.000e+00
    151.121    -0.0496   2.861775    -0.0497   2.862083    6.39708    -0.0749    13.8155 3.8963e+00  -60.60583  -53.86967 1153595523 203.800059    34.4073      64396          6  0.000e+00
    151.121    -0.0502   2.861755    -0.0501   2.862072    6.39717    -0.0319    13.8155 3.8963e+00  -60.60583  -53.86967 1153595523 203.800060    34.4078      64397          6  0.000e+00
    151.188    -0.0505   2.861735    -0.0501   2.862072    6.40195    -0.0319    13.8155 3.8963e+00  -60.60583  -53.86967 1153595523 203.800060    34.4078      64398          6  0.000e+00
    151.130    -0.0504   2.861721    -0.0501   2.862066    6.40189    -0.0857    13.8155 3.8963e+00  -60.60583  -53.86967 1153595523 203.800061    34.4075      64399          6  0.000e+00
    151.188    -0.0504   2.861778    -0.0498   2.862048    6.40191    -0.0964    13.8155 3.8963e+00  -60.60583  -53.86967 1153595524 203.800061    34.4082      64400          6  0.000e+00
    151.121    -0.0501   2.861832    -0.0502   2.862066    6.40177    -0.0642    13.8155 3.8963e+00  -60.60583  -53.86967 1153595524 203.800062    34.4086      64401          6  0.000e+00
    151.188    -0.0497   2.861878    -0.0501   2.862072    6.40177    -0.0749    13.8155 1.9481e+00  -60.60583  -53.86967 1153595524 203.800062    34.4089      64402          6  0.000e+00
    151.130    -0.0491   2.861965    -0.0504   2.862042    6.40159    -0.0749    13.8155 3.8963e+00  -60.60583  -53.86967 1153595524 203.800063    34.4093      64403          6  0.000e+00
    151.264    -0.0480   2.862002    -0.0504   2.862060    6.40154    -0.0857    13.8155 1.9481e+00  -60.60583  -53.86967 1153595524 203.800063    34.4085      64404          6  0.000e+00
    151.188    -0.0487   2.861935    -0.0501   2.862054    6.40160    -0.0964    13.8155 1.9481e+00  -60.60583  -53.86967 1153595524 203.800064    34.4084      64405          6  0.000e+00
    151.188    -0.0479   2.861972    -0.0501   2.862025    6.40148    -0.0749    13.8155 1.9481e+00  -60.60583  -53.86967 1153595524 203.800064    34.4080      64406          6  0.000e+00
    151.188    -0.0477   2.862019    -0.0502   2.862072    6.40143    -0.0534    13.8155 1.9481e+00  -60.60583  -53.86967 1153595524 203.800065    34.4085      64407          6  0.000e+00
    151.197    -0.0480   2.861979    -0.0497   2.862072    6.40150    -0.0534    13.8155 1.9481e+00  -60.60583  -53.86967 1153595524 203.800065    34.4083      64408          6  0.000e+00
    151.188    -0.0483   2.862015    -0.0497   2.862054    6.40151    -0.0964    13.8155 1.9481e+00  -60.60583  -53.86967 1153595524 203.800066    34.4091      64409          6  0.000e+00
    151.188    -0.0485   2.862045    -0.0496   2.862078    6.40151    -0.0964    13.8155 1.9481e+00  -60.60583  -53.86967 1153595524 203.800066    34.4097      64410          6  0.000e+00
    151.188    -0.0477   2.862032    -0.0497   2.862054    6.40142    -0.0534    13.8155 1.9481e+00  -60.60583  -53.86967 1153595524 203.800067    34.4086      64411          6  0.000e+00
    151.188    -0.0480   2.862069    -0.0495   2.862107    6.40144    -0.0534    13.8155 1.9481e+00  -60.60583  -53.86967 1153595524 203.800067    34.4095      64412          6  0.000e+00
    151.197    -0.0476   2.862042    -0.0498   2.862130    6.40140    -0.0534    13.8155 1.9481e+00  -60.60583  -53.86967 1153595524 203.800068    34.4086      64413          6  0.000e+00
    151.188    -0.0476   2.861995    -0.0501   2.862095    6.40142    -0.0319    13.8155 1.9481e+00  -60.60583  -53.86967 1153595524 203.800068    34.4080      64414          6  0.000e+00
    151.188    -0.0482   2.861955    -0.0498   2.862095    6.40152    -0.0319    13.8155 1.9481e+00  -60.60583  -53.86967 1153595524 203.800068    34.4081      64415          6  0.000e+00
    151.264    -0.0488   2.861922    -0.0497   2.862101    6.40169    -0.0534    13.8155 1.9481e+00  -60.60583  -53.86967 1153595524 203.800069    34.4083      64416          6  0.000e+00
    151.131    -0.0485   2.861895    -0.0503   2.862078    6.40155    -0.0319    13.8155 1.9481e+00  -60.60583  -53.86967 1153595524 203.800069    34.4077      64417          6  0.000e+00
    151.188    -0.0488   2.861872    -0.0499   2.862107    6.40165    -0.0534    13.8155 1.9481e+00  -60.60583  -53.86967 1153595524 203.800070    34.4077      64418          6  0.000e+00
    151.188    -0.0487   2.861925    -0.0493   2.862101    6.40160    -0.0534    13.8155 1.9481e+00  -60.60583  -53.86967 1153595524 203.800070    34.4083      64419          6  0.000e+00
    151.188    -0.0477   2.861955    -0.0492   2.862101    6.40146    -0.0319    13.8155 1.9481e+00  -60.60583  -53.86967 1153595524 203.800071    34.4076      64420          6  0.000e+00
    150.072    -0.0474   2.862109    -0.0490   2.862183    6.40034    -0.0749    13.8155 3.8963e+00  -60.60583  -53.86967 1153595528 203.800114    34.4100      64510          7  0.000e+00
    150.148    -0.0480   2.862082    -0.0489   2.862183    6.40050    -0.0749    13.8155 3.8963e+00  -60.60583  -53.86967 1153595528 203.800115    34.4103      64511          7  0.000e+00
    150.206    -0.0480   2.862039    -0.0495   2.862195    6.40058    -0.0534    13.8155 3.8963e+00  -60.60583  -53.86967 1153595528 203.800115    34.4097      64512          7  0.000e+00
    150.072    -0.0488   2.861998    -0.0496   2.862165    6.40058    -0.0857    13.8155 3.8963e+00  -60.60583  -53.86967 1153595528 203.800116    34.4101      64513          7  0.000e+00
    150.072    -0.0489   2.861932    -0.0497   2.862153    6.40064    -0.0964    13.8155 3.8963e+00  -60.60583  -53.86967 1153595528 203.800116    34.4093      64514          7  0.000e+00
    150.072    -0.0497   2.861845    -0.0498   2.862148    6.40079    -0.0319    13.8155 3.8963e+00  -60.60583  -53.86967 1153595528 203.800117    34.4091      64515          7  0.000e+00
    150.072    -0.0491   2.861795    -0.0499   2.862171    6.40074    -0.0319    13.8155 3.8963e+00  -60.60583  -53.86967 1153595528 203.800117    34.4077      64516          7  0.000e+00
    150.072    -0.0493   2.861815    -0.0495   2.862159    6.40075    -0.0534    13.8155 3.8963e+00  -60.60583  -53.86967 1153595528 203.800118    34.4082      64517          7  0.000e+00
    150.072    -0.0494   2.861755    -0.0498   2.862153    6.40081    -0.0642    13.8155 3.8963e+00  -60.60583  -53.86967 1153595528 203.800118    34.4075      64518          7  0.000e+00
    149.996    -0.0497   2.861711    -0.0495   2.862083    6.40080    -0.0749    13.8155 3.8963e+00  -60.60583  -53.86967 1153595528 203.800119    34.4074      64519          7  0.000e+00
    150.072    -0.0497   2.861698    -0.0495   2.862089    6.40088    -0.0642    13.8155 3.8963e+00  -60.60583  -53.86967 1153595529 203.800119    34.4071      64520          7  0.000e+00
    150.072    -0.0501   2.861671    -0.0501   2.862036    6.40093    -0.0426    13.8155 3.8963e+00  -60.60583  -53.86967 1153595529 203.800120    34.4071      64521          7  0.000e+00
    149.996    -0.0508   2.861628    -0.0501   2.862036    6.40099    -0.0319    13.8155 3.8963e+00  -60.60583  -53.86967 1153595529 203.800120    34.4075      64522          7  0.000e+00
    150.072    -0.0508   2.861604    -0.0500   2.861995    6.40107    -0.0319    13.8155 3.8963e+00  -60.60583  -53.86967 1153595529 203.800121    34.4071      64523          7  0.000e+00
    150.005    -0.0508   2.861611    -0.0499   2.862030    6.40101    -0.0964    13.8155 3.8963e+00  -60.60583  -53.86967 1153595529 203.800121    34.4072      64524          7  0.000e+00
    149.996    -0.0513   2.861598    -0.0504   2.862024    6.40107    -0.1180    13.8155 3.8963e+00  -60.60583  -53.86967 1153595529 203.800122    34.4076      64525          7  0.000e+00
    149.929    -0.0508   2.861594    -0.0501   2.862013    6.40095    -0.0964    13.8155 3.8963e+00  -60.60583  -53.86967 1153595529 203.800122    34.4071      64526          7  0.000e+00
    150.139    -0.0513   2.861614    -0.0509   2.862013    6.40119    -0.0534    13.8155 3.8963e+00  -60.60583  -53.86967 1153595529 203.800122    34.4077      64527          7  0.000e+00
    150.005    -0.0510   2.861584    -0.0506   2.861995    6.40105    -0.0211    13.8155 3.8963e+00  -60.60583  -53.86967 1153595529 203.800123    34.4071      64528          7  0.000e+00
    149.996    -0.0508   2.861588    -0.0509   2.861972    6.40101    -0.0642    13.8155 3.8963e+00  -60.60583  -53.86967 1153595529 203.800123    34.4069      64529          7  0.000e+00
    149.996    -0.0511   2.861564    -0.0505   2.862001    6.40107    -0.0857    13.8155 3.8963e+00  -60.60583  -53.86967 1153595529 203.800124    34.4070      64530          7  0.000e+00
    149.996    -0.0510   2.861601    -0.0510   2.861995    6.40103    -0.1072    13.8155 1.9481e+00  -60.60583  -53.86967 1153595529 203.800124    34.4073      64531          7  0.000e+00
    149.996    -0.0508   2.861581    -0.0507   2.861989    6.40102    -0.0534    13.8155 1.9481e+00  -60.60583  -53.86967 1153595529 203.800125    34.4068      64532          7  0.000e+00
    150.006    -0.0510   2.861578    -0.0504   2.861989    6.40105    -0.0319    13.8155 1.9481e+00  -60.60583  -53.86967 1153595529 203.800125    34.4070      64533          7  0.000e+00
    149.996    -0.0510   2.861591    -0.0503   2.862007    6.40103    -0.0642    13.8155 3.8963e+00  -60.60583  -53.86967 1153595529 203.800126    34.4072      64534          7  0.000e+00
    149.996    -0.0507   2.861594    -0.0506   2.861954    6.40099    -0.0749    13.8155 3.8963e+00  -60.60583  -53.86967 1153595529 203.800126    34.4069      64535          7  0.000e+00
    149.929    -0.0510   2.861594    -0.0505   2.861995    6.40097    -0.0964    13.8155 3.8963e+00  -60.60583  -53.86967 1153595529 203.800127    34.4073      64536          7  0.000e+00
    150.006    -0.0514   2.861548    -0.0507   2.861954    6.40113    -0.1072    13.8155 3.8963e+00  -60.60583  -53.86967 1153595529 203.800127    34.4071      64537          7  0.000e+00
    149.996    -0.0516   2.861511    -0.0504   2.861948    6.40116    -0.1072    13.8155 3.8963e+00  -60.60583  -53.86967 1153595529 203.800128    34.4068      64538          7  0.000e+00
    149.996    -0.0519   2.861504    -0.0506   2.861978    6.40120    -0.0534    13.8155 1.9481e+00  -60.60583  -53.86967 1153595529 203.800128    34.4070      64539          7  0.000e+00
    149.996    -0.0521   2.861457    -0.0504   2.861989    6.40125    -0.0534    13.8155 1.9481e+00  -60.60583  -53.86967 1153595529 203.800129    34.4066      64540          7  0.000e+00
    150.006    -0.0518   2.861471    -0.0504   2.862007    6.40121    -0.0749    13.8155 3.8963e+00  -60.60583  -53.86967 1153595529 203.800129    34.4064      64541          7  0.000e+00
    149.996    -0.0521   2.861481    -0.0509   2.861978    6.40124    -0.0964    13.8155 3.8963e+00  -60.60583  -53.86967 1153595529 203.800130    34.4069      64542          7  0.000e+00
    149.996    -0.0522   2.861497    -0.0507   2.861942    6.40125    -0.0642    13.8155 3.8963e+00  -60.60583  -53.86967 1153595529 203.800130    34.4073      64543          7  0.000e+00
    149.996    -0.0522   2.861491    -0.0507   2.861937    6.40125    -0.0749    13.8155 3.8963e+00  -60.60583  -53.86967 1153595529 203.800131    34.4072      64544          7  0.000e+00
    150.006    -0.0521   2.861481    -0.0503   2.861989    6.40125    -0.0857    13.8155 3.8963e+00  -60.60583  -53.86967 1153595530 203.800131    34.4069      64545          7  0.000e+00
    149.996    -0.0521   2.861497    -0.0504   2.861995    6.40123    -0.0964    13.8155 3.8963e+00  -60.60583  -53.86967 1153595530 203.800132    34.4071      64546          7  0.000e+00
    149.996    -0.0522   2.861457    -0.0499   2.862030    6.40127    -0.0749    13.8155 3.8963e+00  -60.60583  -53.86967 1153595530 203.800132    34.4068      64547          7  0.000e+00
    149.996    -0.0527   2.861434    -0.0498   2.862066    6.40134    -0.0964    13.8155 3.8963e+00  -60.60583  -53.86967 1153595530 203.800133    34.4070      64548          7  0.000e+00
    150.073    -0.0524   2.861467    -0.0500   2.862042    6.40135    -0.1502    13.8155 3.8963e+00  -60.60583  -53.86967 1153595530 203.800133    34.4071      64549          7  0.000e+00
    150.006    -0.0524   2.861501    -0.0499   2.862042    6.40127    -0.1395    13.8155 3.8963e+00  -60.60583  -53.86967 1153595530 203.800134    34.4075      64550          7  0.000e+00
    149.996    -0.0521   2.861538    -0.0503   2.862048    6.40120    -0.0642    13.8155 3.8963e+00  -60.60583  -53.86967 1153595530 203.800134    34.4077      64551          7  0.000e+00
    150.073    -0.0519   2.861528    -0.0498   2.862066    6.40126    -0.0104    13.8155 3.8963e+00  -60.60583  -53.86967 1153595530 203.800135    34.4073      64552          7  0.000e+00
    149.996    -0.0519   2.861524    -0.0491   2.862042    6.40119    -0.0426    13.8155 3.8963e+00  -60.60583  -53.86967 1153595530 203.800135    34.4073      64553          7  0.000e+00
    150.073    -0.0519   2.861514    -0.0498   2.862042    6.40127    -0.0749    13.8155 3.8963e+00  -60.60583  -53.86967 1153595530 203.800136    34.4072      64554          7  0.000e+00
    150.073    -0.0514   2.861571    -0.0500   2.862024    6.40117    -0.0857    13.8155 1.9481e+00  -60.60583  -53.86967 1153595530 203.800136    34.4074      64555          7  0.000e+00
