product_data/regression_test/downloaded_data/MDGS/320620060703/ctd/p6614601.ros
* Sea-Bird SBE 9 Data File:
* FileName = D:\Data\Raw\p6614601.dat
* Software Version Seasave Win32 V 5.32
* Temperature SN = 1649
* Conductivity SN = 1431
* Number of Bytes Per Scan = 37
* Number of Voltage Words = 5
* Number of Scans Averaged by the Deck Unit = 1
* NMEA Latitude = 60 16.55 S
* NMEA Longitude = 057 27.03 W
* NMEA UTC (Time) = 17:19:00
** Ship:   Nathaniel B. Palmer 
** Cruise:    NBP0606 
# nquan = 17
# nvalues = 1155                    
# units = specified
# name 0 = prDM: Pressure, Digiquartz [db]
# name 1 = t090C: Temperature [ITS-90, deg C]
# name 2 = c0S/m: Conductivity [S/m]
# name 3 = t190C: Temperature, 2 [ITS-90, deg C]
# name 4 = c1S/m: Conductivity, 2 [S/m]
# name 5 = sbeox0ML/L: Oxygen, SBE 43 [ml/l]
# name 6 = flECO-AFL: Fluorescence, Wetlab ECO-AFL/FL [mg/m^3]
# name 7 = bat: Beam Attenuation, Chelsea/Seatech/Wetlab CStar [1/m]
# name 8 = spar: SPAR/Surface Irradiance
# name 9 = latitude: Latitude [deg]
# name 10 = longitude: Longitude [deg]
# name 11 = timeY: Time, System [seconds]
# name 12 = timeJ: Julian Days
# name 13 = sal00: Salinity [PSU]
# name 14 = scan: scan number
# name 15 = nbf: number of bottles fired
# name 16 = flag:  0.000e+00
# interval = seconds: 0.0416667                   
# start_time = Jul 17 2006 17:19:09
*END*
[from data line 596]
     99.165    -0.7000   2.764992    -0.7001   2.749497    7.93351     0.0112    13.8155 5.4548e+01  -60.27583  -57.45050 1153159429 198.752681    33.8738      64385         13  0.000e+00
     99.089    -0.7002   2.765005    -0.7004   2.749532    7.93345     0.0542    13.8155 5.4548e+01  -60.27583  -57.45050 1153159430 198.752682    33.8742      64386         13  0.000e+00
     99.165    -0.7000   2.764992    -0.6997   2.749526    7.93351     0.0972    13.8155 5.6496e+01  -60.27583  -57.45050 1153159430 198.752682    33.8737      64387         13  0.000e+00
     99.022    -0.7000   2.764966    -0.6998   2.749520    7.93337     0.0865    13.8155 5.6496e+01  -60.27583  -57.45050 1153159430 198.752683    33.8735      64388         13  0.000e+00
     99.232    -0.7003   2.764982    -0.6996   2.749543    7.93364     0.0757    13.8155 5.6496e+01  -60.27583  -57.45050 1153159430 198.752683    33.8739      64389         13  0.000e+00
     99.165    -0.7001   2.764969    -0.6995   2.749526    7.93354     0.0650    13.8155 5.4548e+01  -60.27583  -57.45050 1153159430 198.752684    33.8735      64390         13  0.000e+00
     99.165    -0.7000   2.764966    -0.6996   2.749555    7.93825     0.0972    13.8155 5.4548e+01  -60.27583  -57.45050 1153159430 198.752684    33.8734      64391         13  0.000e+00
     99.165    -0.6999   2.764999    -0.6998   2.749532    7.93821     0.0650    13.8155 5.4548e+01  -60.27583  -57.45050 1153159430 198.752685    33.8737      64392         13  0.000e+00
     99.165    -0.6997   2.764979    -0.6999   2.749538    7.93347     0.0112    13.8155 5.4548e+01  -60.27583  -57.45050 1153159430 198.752685    33.8732      64393         13  0.000e+00
     99.127    -0.6996   2.765015    -0.6999   2.749566    7.93811     0.0327    13.8155 5.2600e+01  -60.27583  -57.45050 1153159430 198.752686    33.8736      64394         13  0.000e+00
     99.165    -0.6997   2.765015    -0.6996   2.749532    7.93344     0.0972    13.8155 5.2600e+01  -60.27583  -57.45050 1153159430 198.752686    33.8737      64395         13  0.000e+00
     99.165    -0.6994   2.764992    -0.6996   2.749503    7.93342     0.0757    13.8155 5.2600e+01  -60.27583  -57.45050 1153159430 198.752687    33.8731      64396         13  0.000e+00
     99.232    -0.6999   2.765038    -0.6999   2.749514    7.93825     0.0112    13.8155 5.4548e+01  -60.27583  -57.45050 1153159430 198.752687    33.8742      64397         13  0.000e+00
     99.165    -0.6996   2.765051    -0.6999   2.749526    7.93340     0.0327    13.8155 5.2600e+01  -60.27583  -57.45050 1153159430 198.752688    33.8741      64398         13  0.000e+00
     99.165    -0.6996   2.765051    -0.7002   2.749503    7.93812     0.0219    13.8155 5.2600e+01  -60.27583  -57.45050 1153159430 198.752688    33.8740      64399         13  0.000e+00
     99.232    -0.7000   2.765055    -0.7006   2.749497    7.93826     0.0650    13.8155 5.4548e+01  -60.27583  -57.45050 1153159430 198.752689    33.8746      64400         13  0.000e+00
     99.232    -0.6994   2.765038    -0.7004   2.749457    7.93818     0.0650    13.8155 5.4548e+01  -60.27583  -57.45050 1153159430 198.752689    33.8737      64401         13  0.000e+00
     99.166    -0.6997   2.765032    -0.6998   2.749445    7.93816     0.0757    13.8155 5.4548e+01  -60.27583  -57.45050 1153159430 198.752690    33.8739      64402         13  0.000e+00
     99.232    -0.7001   2.765032    -0.6997   2.749480    7.93829     0.0542    13.8155 5.4548e+01  -60.27583  -57.45050 1153159430 198.752690    33.8743      64403         13  0.000e+00
     99.204    -0.7000   2.764930    -0.7007   2.749474    7.93832     0.0757    13.8155 5.4548e+01  -60.27583  -57.45050 1153159430 198.752690    33.8729      64404         13  0.000e+00
     99.232    -0.7012   2.764811    -0.7018   2.749387    7.93864     0.0650    13.8155 5.2600e+01  -60.27583  -57.45050 1153159430 198.752691    33.8726      64405         13  0.000e+00
     99.232    -0.7022   2.764755    -0.7034   2.749312    7.93882     0.0542    13.8155 5.2600e+01  -60.27583  -57.45050 1153159430 198.752691    33.8729      64406         13  0.000e+00
     99.232    -0.7026   2.764775    -0.7042   2.749191    7.93887     0.0757    13.8155 5.2600e+01  -60.27583  -57.45050 1153159430 198.752692    33.8736      64407         13  0.000e+00
     99.232    -0.7019   2.764851    -0.7048   2.749156    7.93871     0.0542    13.8155 5.4548e+01  -60.27583  -57.45050 1153159430 198.752692    33.8739      64408         13  0.000e+00
     99.232    -0.7011   2.764910    -0.7055   2.749093    7.93854     0.0757    13.8155 5.4548e+01  -60.27583  -57.45050 1153159430 198.752693    33.8738      64409         13  0.000e+00
     99.232    -0.7006   2.764986    -0.7060   2.749035    7.93841     0.0434    13.8155 5.2600e+01  -60.27583  -57.45050 1153159431 198.752693    33.8743      64410         13  0.000e+00
     99.232    -0.7002   2.764979    -0.7058   2.748983    7.93835     0.0542    13.8155 5.2600e+01  -60.27583  -57.45050 1153159431 198.752694    33.8738      64411         13  0.000e+00
     99.232    -0.7003   2.764979    -0.7062   2.748971    7.93837     0.0865    13.8155 5.0652e+01  -60.27583  -57.45050 1153159431 198.752694    33.8739      64412         13  0.000e+00
     99.299    -0.7006   2.764920    -0.7055   2.748989    7.93854     0.0757    13.8155 5.0652e+01  -60.27583  -57.45050 1153159431 198.752695    33.8734      64413         13  0.000e+00
     99.271    -0.7016   2.764778    -0.7055   2.749012    7.93875     0.0650    13.8155 5.2600e+01  -60.27583  -57.45050 1153159431 198.752695    33.8725      64414         13  0.000e+00
     99.232    -0.7021   2.764676    -0.7053   2.749006    7.93887     0.0542    13.8155 5.4548e+01  -60.27583  -57.45050 1153159431 198.752696    33.8718      64415         13  0.000e+00
     99.299    -0.7031   2.764653    -0.7053   2.748995    7.93912     0.0542    13.8155 5.4548e+01  -60.27583  -57.45050 1153159431 198.752696    33.8726      64416         13  0.000e+00
     50.147    -0.7127   2.761391    -0.7115   2.745678    7.96867     0.1618    13.8155 4.8704e+01  -60.27583  -57.45050 1153159579 198.754409    33.8695      67968         14  0.000e+00
     50.071    -0.7119   2.761397    -0.7118   2.745673    7.96845     0.1618    13.8155 4.8704e+01  -60.27583  -57.45050 1153159579 198.754410    33.8687      67969         14  0.000e+00
     50.147    -0.7115   2.761401    -0.7119   2.745690    7.97316     0.1618    13.8155 4.6756e+01  -60.27583  -57.45050 1153159579 198.754410    33.8682      67970         14  0.000e+00
     50.071    -0.7121   2.761381    -0.7119   2.745678    7.96850     0.1941    13.8155 4.8704e+01  -60.27583  -57.45050 1153159579 198.754411    33.8687      67971         14  0.000e+00
     50.004    -0.7117   2.761374    -0.7119   2.745690    7.97307     0.1833    13.8155 4.8704e+01  -60.27583  -57.45050 1153159579 198.754411    33.8682      67972         14  0.000e+00
     50.071    -0.7118   2.761394    -0.7114   2.745678    7.97313     0.2371    13.8155 4.8704e+01  -60.27583  -57.45050 1153159579 198.754412    33.8685      67973         14  0.000e+00
     49.928    -0.7119   2.761397    -0.7118   2.745690    7.96830     0.2263    13.8155 4.8704e+01  -60.27583  -57.45050 1153159579 198.754412    33.8688      67974         14  0.000e+00
     50.004    -0.7119   2.761417    -0.7118   2.745678    7.96836     0.2156    13.8155 4.8704e+01  -60.27583  -57.45050 1153159579 198.754413    33.8690      67975         14  0.000e+00
     49.928    -0.7118   2.761404    -0.7119   2.745655    7.96827     0.2371    13.8155 4.8704e+01  -60.27583  -57.45050 1153159579 198.754413    33.8687      67976         14  0.000e+00
     49.928    -0.7115   2.761397    -0.7121   2.745667    7.97292     0.1941    13.8155 4.8704e+01  -60.27583  -57.45050 1153159579 198.754414    33.8683      67977         14  0.000e+00
     49.861    -0.7117   2.761401    -0.7119   2.745655    7.97289     0.1941    13.8155 4.8704e+01  -60.27583  -57.45050 1153159579 198.754414    33.8687      67978         14  0.000e+00
     49.861    -0.7118   2.761397    -0.7119   2.745649    7.97289     0.2371    13.8155 4.8704e+01  -60.27583  -57.45050 1153159579 198.754415    33.8687      67979         14  0.000e+00
     49.861    -0.7119   2.761397    -0.7118   2.745684    7.97292     0.2694    13.8155 4.8704e+01  -60.27583  -57.45050 1153159579 198.754415    33.8689      67980         14  0.000e+00
     49.795    -0.7118   2.761401    -0.7115   2.745678    7.97282     0.2263    13.8155 4.8704e+01  -60.27583  -57.45050 1153159579 198.754416    33.8688      67981         14  0.000e+00
     49.795    -0.7117   2.761397    -0.7116   2.745655    7.97282     0.1833    13.8155 4.8704e+01  -60.27583  -57.45050 1153159579 198.754416    33.8687      67982         14  0.000e+00
     49.795    -0.7115   2.761384    -0.7119   2.745667    7.97278     0.2048    13.8155 4.8704e+01  -60.27583  -57.45050 1153159579 198.754416    33.8682      67983         14  0.000e+00
     49.718    -0.7119   2.761374    -0.7118   2.745672    7.97278     0.1726    13.8155 4.8704e+01  -60.27583  -57.45050 1153159579 198.754417    33.8686      67984         14  0.000e+00
     49.718    -0.7116   2.761374    -0.7119   2.745672    7.97273     0.1833    13.8155 4.8704e+01  -60.27583  -57.45050 1153159580 198.754417    33.8683      67985         14  0.000e+00
     49.718    -0.7119   2.761361    -0.7120   2.745655    7.97279     0.1941    13.8155 4.8704e+01  -60.27583  -57.45050 1153159580 198.754418    33.8685      67986         14  0.000e+00
     49.718    -0.7118   2.761387    -0.7124   2.745667    7.97274     0.2479    13.8155 4.8704e+01  -60.27583  -57.45050 1153159580 198.754418    33.8686      67987         14  0.000e+00
     49.652    -0.7122   2.761397    -0.7120   2.745655    7.97273     0.2479    13.8155 4.8704e+01  -60.27583  -57.45050 1153159580 198.754419    33.8693      67988         14  0.000e+00
     49.585    -0.7118   2.761384    -0.7119   2.745649    7.97260     0.2263    13.8155 4.8704e+01  -60.27583  -57.45050 1153159580 198.754419    33.8687      67989         14  0.000e+00
     49.652    -0.7118   2.761374    -0.7119   2.745667    7.97268     0.2048    13.8155 4.8704e+01  -60.27583  -57.45050 1153159580 198.754420    33.8685      67990         14  0.000e+00
     49.585    -0.7119   2.761378    -0.7120   2.745655    7.97262     0.1833    13.8155 4.8704e+01  -60.27583  -57.45050 1153159580 198.754420    33.8687      67991         14  0.000e+00
     49.585    -0.7122   2.761358    -0.7121   2.745649    7.97269     0.1833    13.8155 4.8704e+01  -60.27583  -57.45050 1153159580 198.754421    33.8689      67992         14  0.000e+00
     49.509    -0.7119   2.761368    -0.7120   2.745609    7.96786     0.1941    13.8155 4.8704e+01  -60.27583  -57.45050 1153159580 198.754421    33.8687      67993         14  0.000e+00
     49.509    -0.7122   2.761328    -0.7116   2.745649    7.97263     0.2156    13.8155 4.8704e+01  -60.27583  -57.45050 1153159580 198.754422    33.8685      67994         14  0.000e+00
     49.509    -0.7125   2.761341    -0.7122   2.745615    7.97266     0.1833    13.8155 4.8704e+01  -60.27583  -57.45050 1153159580 198.754422    33.8690      67995         14  0.000e+00
     49.509    -0.7122   2.761318    -0.7120   2.745615    7.97264     0.2263    13.8155 4.8704e+01  -60.27583  -57.45050 1153159580 198.754423    33.8684      67996         14  0.000e+00
     49.442    -0.7122   2.761312    -0.7125   2.745620    7.96788     0.2801    13.8155 4.8704e+01  -60.27583  -57.45050 1153159580 198.754423    33.8683      67997         14  0.000e+00
     49.442    -0.7125   2.761325    -0.7120   2.745580    7.96791     0.2479    13.8155 4.8704e+01  -60.27583  -57.45050 1153159580 198.754424    33.8688      67998         14  0.000e+00
     49.442    -0.7121   2.761351    -0.7122   2.745626    7.96782     0.2048    13.8155 4.8704e+01  -60.27583  -57.45050 1153159580 198.754424    33.8687      67999         14  0.000e+00
     49.375    -0.7122   2.761318    -0.7127   2.745609    7.96780     0.2263    13.8155 4.8704e+01  -60.27583  -57.45050 1153159580 198.754425    33.8685      68000         14  0.000e+00
     49.375    -0.7126   2.761289    -0.7122   2.745597    7.96788     0.2263    13.8155 4.8704e+01  -60.27583  -57.45050 1153159580 198.754425    33.8685      68001         14  0.000e+00
     49.375    -0.7125   2.761289    -0.7118   2.745597    7.97256     0.2479    13.8155 4.8704e+01  -60.27583  -57.45050 1153159580 198.754426    33.8684      68002         14  0.000e+00
     49.299    -0.7125   2.761302    -0.7125   2.745597    7.97246     0.2479    13.8155 4.8704e+01  -60.27583  -57.45050 1153159580 198.754426    33.8686      68003         14  0.000e+00
     49.299    -0.7124   2.761289    -0.7124   2.745597    7.97245     0.2371    13.8155 4.8704e+01  -60.27583  -57.45050 1153159580 198.754427    33.8682      68004         14  0.000e+00
     49.299    -0.7121   2.761325    -0.7122   2.745574    7.97237     0.2263    13.8155 4.8704e+01  -60.27583  -57.45050 1153159580 198.754427    33.8684      68005         14  0.000e+00
     49.232    -0.7125   2.761331    -0.7125   2.745568    7.97237     0.1833    13.8155 4.8704e+01  -60.27583  -57.45050 1153159580 198.754428    33.8690      68006         15  0.000e+00
     49.375    -0.7124   2.761318    -0.7132   2.745568    7.97251     0.1618    13.8155 4.8704e+01  -60.27583  -57.45050 1153159580 198.754428    33.8686      68007         15  0.000e+00
     49.166    -0.7122   2.761325    -0.7128   2.745586    7.97225     0.1833    13.8155 4.8704e+01  -60.27583  -57.45050 1153159580 198.754429    33.8687      68008         15  0.000e+00
     49.089    -0.7124   2.761312    -0.7124   2.745597    7.97220     0.2371    13.8155 4.8704e+01  -60.27583  -57.45050 1153159581 198.754429    33.8687      68009         15  0.000e+00
     49.442    -0.7126   2.761328    -0.7127   2.745597    7.96793     0.2156    13.8155 4.8704e+01  -60.27583  -57.45050 1153159581 198.754429    33.8690      68010         15  0.000e+00
     49.166    -0.7127   2.761348    -0.7129   2.745574    7.97231     0.2263    13.8155 4.8704e+01  -60.27583  -57.45050 1153159581 198.754430    33.8695      68011         15  0.000e+00
     49.166    -0.7124   2.761318    -0.7127   2.745568    7.97228     0.2048    13.8155 4.8704e+01  -60.27583  -57.45050 1153159581 198.754430    33.8687      68012         15  0.000e+00
     49.166    -0.7125   2.761312    -0.7122   2.745586    7.97231     0.2479    13.8155 4.8704e+01  -60.27583  -57.45050 1153159581 198.754431    33.8688      68013         15  0.000e+00
     49.166    -0.7130   2.761276    -0.7130   2.745597    7.96771     0.2909    13.8155 4.8704e+01  -60.27583  -57.45050 1153159581 198.754431    33.8688      68014         15  0.000e+00
     49.089    -0.7130   2.761312    -0.7129   2.745574    7.96760     0.2909    13.8155 4.8704e+01  -60.27583  -57.45050 1153159581 198.754432    33.8694      68015         15  0.000e+00
     49.089    -0.7125   2.761318    -0.7125   2.745586    7.97222     0.2263    13.8155 4.8704e+01  -60.27583  -57.45050 1153159581 198.754432    33.8690      68016         15  0.000e+00
     49.089    -0.7125   2.761308    -0.7125   2.745534    7.97222     0.2263    13.8155 4.8704e+01  -60.27583  -57.45050 1153159581 198.754433    33.8688      68017         15  0.000e+00
     49.089    -0.7128   2.761328    -0.7125   2.745534    7.97226     0.2479    13.8155 4.8704e+01  -60.27583  -57.45050 1153159581 198.754433    33.8694      68018         15  0.000e+00
     49.023    -0.7128   2.761299    -0.7127   2.745580    7.97221     0.2263    13.8155 4.8704e+01  -60.27583  -57.45050 1153159581 198.754434    33.8691      68019         15  0.000e+00
