product_data/regression_test/downloaded_data/MDGS/320620060703/ctd/p6615901.ros
* Sea-Bird SBE 9 Data File:
* FileName = D:\Data\Raw\p6615901.dat
* Software Version Seasave Win32 V 5.32
* Temperature SN = 1649
* Conductivity SN = 1431
* Number of Bytes Per Scan = 37
* Number of Voltage Words = 5
* Number of Scans Averaged by the Deck Unit = 1
* NMEA Latitude = 60 53.99 S
* NMEA Longitude = 055 57.20 W
* NMEA UTC (Time) = 05:26:27
** Ship:   Nathaniel B. Palmer 
** Cruise:    NBP0606 
# nquan = 17
# nvalues = 1176                    
# units = specified
# name 0 = prDM: Pressure, Digiquartz [db]
# name 1 = t090C: Temperature [ITS-90, deg C]
# name 2 = c0S/m: Conductivity [S/m]
# name 3 = t190C: Temperature, 2 [ITS-90, deg C]
# name 4 = c1S/m: Conductivity, 2 [S/m]
# name 5 = sbeox0ML/L: Oxygen, SBE 43 [ml/l]
# name 6 = flECO-AFL: Fluorescence, Wetlab ECO-AFL/FL [mg/m^3]
# name 7 = bat: Beam Attenuation, Chelsea/Seatech/Wetlab CStar [1/m]
# name 8 = spar: SPAR/Surface Irradiance
# name 9 = latitude: Latitude [deg]
# name 10 = longitude: Longitude [deg]
# name 11 = timeY: Time, System [seconds]
# name 12 = timeJ: Julian Days
# name 13 = sal00: Salinity [PSU]
# name 14 = scan: scan number
# name 15 = nbf: number of bottles fired
# name 16 = flag:  0.000e+00
# interval = seconds: 0.0416667                   
# start_time = Jul 19 2006 05:26:34
*END*
[from data line 341]
    299.404    -0.5203   2.828512    -0.5191   2.829004    6.64185    -0.0534    13.8155 0.0000e+00  -60.89983  -55.95333 1153288254 200.243698    34.4044      35077          7  0.000e+00
    299.404    -0.5209   2.828488    -0.5183   2.828975    6.64195    -0.0642    13.8155 0.0000e+00  -60.89983  -55.95333 1153288254 200.243698    34.4048      35078          7  0.000e+00
    250.221    -0.6226   2.816007    -0.6237   2.816270    6.76175    -0.0534    13.8155 0.0000e+00  -60.89983  -55.95333 1153288348 200.244785    34.3821      37331          8  0.000e+00
    250.221    -0.6229   2.815971    -0.6235   2.816230    6.76661    -0.0534    13.8155 0.0000e+00  -60.89983  -55.95333 1153288348 200.244785    34.3819      37332          8  0.000e+00
    250.355    -0.6222   2.816020    -0.6235   2.816236    6.76181    -0.0642    13.8155 0.0000e+00  -60.89983  -55.95333 1153288348 200.244786    34.3817      37333          8  0.000e+00
    250.298    -0.6226   2.816007    -0.6230   2.816276    6.76182    -0.0749    13.8155 0.0000e+00  -60.89983  -55.95333 1153288348 200.244786    34.3820      37334          8  0.000e+00
    250.288    -0.6224   2.816014    -0.6232   2.816276    6.76658    -0.0642    13.8155 0.0000e+00  -60.89983  -55.95333 1153288348 200.244787    34.3819      37335          8  0.000e+00
    250.298    -0.6227   2.816001    -0.6230   2.816288    6.76184    -0.0534    13.8155 0.0000e+00  -60.89983  -55.95333 1153288348 200.244787    34.3821      37336          8  0.000e+00
    250.298    -0.6226   2.815964    -0.6228   2.816276    6.76664    -0.0749    13.8155 0.0000e+00  -60.89983  -55.95333 1153288348 200.244788    34.3814      37337          8  0.000e+00
    250.355    -0.6228   2.815934    -0.6227   2.816288    6.76674    -0.0642    13.8155 0.0000e+00  -60.89983  -55.95333 1153288348 200.244788    34.3813      37338          8  0.000e+00
    250.221    -0.6232   2.815931    -0.6229   2.816294    6.76668    -0.0642    13.8155 0.0000e+00  -60.89983  -55.95333 1153288348 200.244789    34.3818      37339          8  0.000e+00
    250.355    -0.6235   2.815911    -0.6224   2.816329    6.76685    -0.0211    13.8155 0.0000e+00  -60.89983  -55.95333 1153288348 200.244789    34.3817      37340          8  0.000e+00
    250.365    -0.6234   2.815918    -0.6230   2.816329    6.76684    -0.0211    13.8155 0.0000e+00  -60.89983  -55.95333 1153288348 200.244790    34.3817      37341          8  0.000e+00
    250.288    -0.6235   2.815928    -0.6226   2.816340    6.76678    -0.0642    13.8155 0.0000e+00  -60.89983  -55.95333 1153288349 200.244790    34.3820      37342          8  0.000e+00
    250.365    -0.6233   2.815947    -0.6230   2.816346    6.76201    -0.0426    13.8155 0.0000e+00  -60.89983  -55.95333 1153288349 200.244791    34.3820      37343          8  0.000e+00
    250.355    -0.6229   2.815971    -0.6227   2.816329    6.76673    -0.0749    13.8155 0.0000e+00  -60.89983  -55.95333 1153288349 200.244791    34.3819      37344          8  0.000e+00
    250.365    -0.6234   2.815941    -0.6223   2.816323    6.76203    -0.0857    13.8155 0.0000e+00  -60.89983  -55.95333 1153288349 200.244792    34.3820      37345          8  0.000e+00
    250.356    -0.6232   2.815947    -0.6227   2.816300    6.76679    -0.0857    13.8155 0.0000e+00  -60.89983  -55.95333 1153288349 200.244792    34.3819      37346          8  0.000e+00
    250.365    -0.6232   2.815918    -0.6227   2.816311    6.76682    -0.1072    13.8155 0.0000e+00  -60.89983  -55.95333 1153288349 200.244793    34.3815      37347          8  0.000e+00
    250.432    -0.6226   2.815941    -0.6226   2.816358    6.76678    -0.1072    13.8155 0.0000e+00  -60.89983  -55.95333 1153288349 200.244793    34.3811      37348          8  0.000e+00
    250.356    -0.6231   2.815934    -0.6226   2.816352    6.76679    -0.0857    13.8155 0.0000e+00  -60.89983  -55.95333 1153288349 200.244794    34.3816      37349          8  0.000e+00
    250.432    -0.6232   2.815948    -0.6224   2.816364    6.76686    -0.1072    13.8155 0.0000e+00  -60.89983  -55.95333 1153288349 200.244794    34.3819      37350          8  0.000e+00
    250.356    -0.6234   2.815971    -0.6220   2.816375    6.76200    -0.1287    13.8155 0.0000e+00  -60.89983  -55.95333 1153288349 200.244795    34.3824      37351          8  0.000e+00
    250.432    -0.6230   2.815957    -0.6220   2.816410    6.76204    -0.1395    13.8155 0.0000e+00  -60.89983  -55.95333 1153288349 200.244795    34.3818      37352          8  0.000e+00
    250.432    -0.6227   2.815971    -0.6212   2.816364    6.76678    -0.1180    13.8155 0.0000e+00  -60.89983  -55.95333 1153288349 200.244796    34.3816      37353          8  0.000e+00
    250.432    -0.6234   2.815957    -0.6220   2.816387    6.76689    -0.0534    13.8155 0.0000e+00  -60.89983  -55.95333 1153288349 200.244796    34.3823      37354          8  0.000e+00
    250.432    -0.6229   2.815971    -0.6217   2.816422    6.76681    -0.0319    13.8155 0.0000e+00  -60.89983  -55.95333 1153288349 200.244796    34.3818      37355          8  0.000e+00
    250.509    -0.6223   2.816027    -0.6215   2.816445    6.76676    -0.0857    13.8155 0.0000e+00  -60.89983  -55.95333 1153288349 200.244797    34.3818      37356          8  0.000e+00
    250.432    -0.6218   2.816034    -0.6217   2.816457    6.76662    -0.1072    13.8155 0.0000e+00  -60.89983  -55.95333 1153288349 200.244797    34.3814      37357          8  0.000e+00
    250.432    -0.6223   2.816040    -0.6218   2.816457    6.76668    -0.0319    13.8155 0.0000e+00  -60.89983  -55.95333 1153288349 200.244798    34.3820      37358          8  0.000e+00
    250.509    -0.6222   2.816024    -0.6214   2.816475    6.76675    -0.0104    13.8155 0.0000e+00  -60.89983  -55.95333 1153288349 200.244798    34.3817      37359          8  0.000e+00
    250.499    -0.6223   2.816020    -0.6212   2.816480    6.76675    -0.0104    13.8155 0.0000e+00  -60.89983  -55.95333 1153288349 200.244799    34.3817      37360          8  0.000e+00
    250.432    -0.6227   2.816001    -0.6212   2.816480    6.76676    -0.0426    13.8155 0.0000e+00  -60.89983  -55.95333 1153288349 200.244799    34.3820      37361          8  0.000e+00
    250.499    -0.6218   2.816030    -0.6214   2.816463    6.76668    -0.0642    13.8155 0.0000e+00  -60.89983  -55.95333 1153288349 200.244800    34.3813      37362          8  0.000e+00
    250.509    -0.6221   2.816060    -0.6214   2.816434    6.76672    -0.0534    13.8155 0.0000e+00  -60.89983  -55.95333 1153288349 200.244800    34.3821      37363          8  0.000e+00
    250.499    -0.6224   2.816047    -0.6214   2.816445    6.76675    -0.0642    13.8155 0.0000e+00  -60.89983  -55.95333 1153288349 200.244801    34.3822      37364          8  0.000e+00
    250.509    -0.6224   2.816007    -0.6212   2.816457    6.76679    -0.0642    13.8155 0.0000e+00  -60.89983  -55.95333 1153288349 200.244801    34.3817      37365          8  0.000e+00
    250.499    -0.6224   2.816030    -0.6218   2.816434    6.76676    -0.0749    13.8155 0.0000e+00  -60.89983  -55.95333 1153288349 200.244802    34.3820      37366          8  0.000e+00
    250.432    -0.6226   2.816044    -0.6215   2.816410    6.76672    -0.1072    13.8155 0.0000e+00  -60.89983  -55.95333 1153288350 200.244802    34.3824      37367          8  0.000e+00
    250.643    -0.6221   2.816060    -0.6220   2.816405    6.76684    -0.0642    13.8155 0.0000e+00  -60.89983  -55.95333 1153288350 200.244803    34.3820      37368          8  0.000e+00
    250.509    -0.6222   2.816014    -0.6223   2.816358    6.76676    -0.0534    13.8155 0.0000e+00  -60.89983  -55.95333 1153288350 200.244803    34.3816      37369          8  0.000e+00
    250.509    -0.6224   2.816047    -0.6221   2.816364    6.76676    -0.0642    13.8155 0.0000e+00  -60.89983  -55.95333 1153288350 200.244804    34.3822      37370          8  0.000e+00
    250.566    -0.6223   2.816030    -0.6218   2.816375    6.76681    -0.0857    13.8155 0.0000e+00  -60.89983  -55.95333 1153288350 200.244804    34.3818      37371          8  0.000e+00
    250.509    -0.6218   2.816020    -0.6226   2.816375    6.76670    -0.0642    13.8155 0.0000e+00  -60.89983  -55.95333 1153288350 200.244805    34.3812      37372          8  0.000e+00
    250.566    -0.6220   2.816047    -0.6221   2.816352    6.76675    -0.1072    13.8155 0.0000e+00  -60.89983  -55.95333 1153288350 200.244805    34.3817      37373          8  0.000e+00
    250.509    -0.6220   2.816027    -0.6226   2.816346    6.76672    -0.1072    13.8155 0.0000e+00  -60.89983  -55.95333 1153288350 200.244806    34.3816      37374          8  0.000e+00
    250.566    -0.6221   2.816037    -0.6224   2.816346    6.76678    -0.0642    13.8155 0.0000e+00  -60.89983  -55.95333 1153288350 200.244806    34.3817      37375          8  0.000e+00
    250.509    -0.6224   2.816060    -0.6226   2.816329    6.76675    -0.0426    13.8155 0.0000e+00  -60.89983  -55.95333 1153288350 200.244807    34.3824      37376          8  0.000e+00
    250.566    -0.6220   2.816047    -0.6218   2.816340    6.76675    -0.0642    13.8155 0.0000e+00  -60.89983  -55.95333 1153288350 200.244807    34.3817      37377          8  0.000e+00
    250.509    -0.6229   2.816044    -0.6221   2.816346    6.76683    -0.0642    13.8155 0.0000e+00  -60.89983  -55.95333 1153288350 200.244808    34.3827      37378          8  0.000e+00
    250.499    -0.6219   2.816077    -0.6223   2.816329    6.76666    -0.0426    13.8155 0.0000e+00  -60.89983  -55.95333 1153288350 200.244808    34.3821      37379          8  0.000e+00
    250.504    -0.6224   2.815948    -0.6215   2.816300    6.76681    -0.0749    13.8155 0.0000e+00  -60.89983  -55.95333 1153288366 200.244995    34.3808      37767          9  0.000e+00
    250.514    -0.6226   2.815954    -0.6215   2.816276    6.76685    -0.0534    13.8155 0.0000e+00  -60.89983  -55.95333 1153288366 200.244996    34.3812      37768          9  0.000e+00
    250.571    -0.6227   2.815944    -0.6220   2.816288    6.76693    -0.0749    13.8155 0.0000e+00  -60.89983  -55.95333 1153288366 200.244996    34.3812      37769          9  0.000e+00
    250.437    -0.6220   2.815914    -0.6224   2.816276    6.76672    -0.0749    13.8155 0.0000e+00  -60.89983  -55.95333 1153288366 200.244997    34.3800      37770          9  0.000e+00
    250.571    -0.6223   2.815888    -0.6227   2.816271    6.76690    -0.0534    13.8155 0.0000e+00  -60.89983  -55.95333 1153288366 200.244997    34.3799      37771          9  0.000e+00
    250.581    -0.6221   2.815918    -0.6226   2.816247    6.76687    -0.0534    13.8155 0.0000e+00  -60.89983  -55.95333 1153288366 200.244998    34.3801      37772          9  0.000e+00
    250.571    -0.6224   2.815931    -0.6221   2.816259    6.76689    -0.0964    13.8155 0.0000e+00  -60.89983  -55.95333 1153288366 200.244998    34.3806      37773          9  0.000e+00
    250.581    -0.6223   2.815948    -0.6223   2.816288    6.76687    -0.1072    13.8155 0.0000e+00  -60.89983  -55.95333 1153288366 200.244999    34.3807      37774          9  0.000e+00
    250.581    -0.6223   2.815934    -0.6220   2.816294    6.76688    -0.1395    13.8155 0.0000e+00  -60.89983  -55.95333 1153288367 200.244999    34.3805      37775          9  0.000e+00
    250.571    -0.6223   2.815948    -0.6223   2.816276    6.76686    -0.1287    13.8155 0.0000e+00  -60.89983  -55.95333 1153288367 200.245000    34.3807      37776          9  0.000e+00
    250.648    -0.6226   2.815934    -0.6220   2.816271    6.76699    -0.0642    13.8155 0.0000e+00  -60.89983  -55.95333 1153288367 200.245000    34.3808      37777          9  0.000e+00
    250.571    -0.6219   2.815931    -0.6221   2.816271    6.76682    -0.0319    13.8155 0.0000e+00  -60.89983  -55.95333 1153288367 200.245000    34.3801      37778          9  0.000e+00
    250.581    -0.6218   2.815931    -0.6222   2.816288    6.76203    -0.0211    13.8155 0.0000e+00  -60.89983  -55.95333 1153288367 200.245001    34.3800      37779          9  0.000e+00
    250.648    -0.6215   2.815964    -0.6223   2.816294    6.76682    -0.0534    13.8155 0.0000e+00  -60.89983  -55.95333 1153288367 200.245001    34.3800      37780          9  0.000e+00
    250.648    -0.6218   2.815924    -0.6223   2.816294    6.76689    -0.1180    13.8155 0.0000e+00  -60.89983  -55.95333 1153288367 200.245002    34.3798      37781          9  0.000e+00
    250.648    -0.6216   2.815924    -0.6223   2.816253    6.76686    -0.0749    13.8155 0.0000e+00  -60.89983  -55.95333 1153288367 200.245002    34.3796      37782          9  0.000e+00
    250.648    -0.6219   2.815948    -0.6218   2.816259    6.76209    -0.0749    13.8155 0.0000e+00  -60.89983  -55.95333 1153288367 200.245003    34.3802      37783          9  0.000e+00
    250.648    -0.6223   2.815934    -0.6220   2.816247    6.76694    -0.0964    13.8155 0.0000e+00  -60.89983  -55.95333 1153288367 200.245003    34.3805      37784          9  0.000e+00
    250.648    -0.6221   2.815941    -0.6220   2.816300    6.76692    -0.0642    13.8155 0.0000e+00  -60.89983  -55.95333 1153288367 200.245004    34.3804      37785          9  0.000e+00
    250.648    -0.6220   2.815914    -0.6218   2.816300    6.76212    -0.0319    13.8155 0.0000e+00  -60.89983  -55.95333 1153288367 200.245004    34.3798      37786          9  0.000e+00
    250.648    -0.6223   2.815908    -0.6221   2.816276    6.76696    -0.0104    13.8155 0.0000e+00  -60.89983  -55.95333 1153288367 200.245005    34.3801      37787          9  0.000e+00
    250.648    -0.6220   2.815924    -0.6220   2.816288    6.76692     0.0004    13.8155 0.0000e+00  -60.89983  -55.95333 1153288367 200.245005    34.3801      37788          9  0.000e+00
    250.648    -0.6224   2.815931    -0.6220   2.816311    6.76697    -0.0534    13.8155 0.0000e+00  -60.89983  -55.95333 1153288367 200.245006    34.3806      37789          9  0.000e+00
    250.648    -0.6224   2.815948    -0.6221   2.816300    6.76696    -0.0426    13.8155 0.0000e+00  -60.89983  -55.95333 1153288367 200.245006    34.3808      37790          9  0.000e+00
    250.648    -0.6220   2.815934    -0.6224   2.816294    6.76690    -0.0534    13.8155 0.0000e+00  -60.89983  -55.95333 1153288367 200.245007    34.3801      37791          9  0.000e+00
    250.648    -0.6220   2.815931    -0.6217   2.816311    6.76690    -0.0964    13.8155 0.0000e+00  -60.89983  -55.95333 1153288367 200.245007    34.3801      37792          9  0.000e+00
    250.715    -0.6220   2.815911    -0.6221   2.816300    6.76220    -0.0964    13.8155 0.0000e+00  -60.89983  -55.95333 1153288367 200.245008    34.3799      37793          9  0.000e+00
    250.648    -0.6220   2.815941    -0.6226   2.816294    6.76210    -0.0534    13.8155 0.0000e+00  -60.89983  -55.95333 1153288367 200.245008    34.3802      37794          9  0.000e+00
    250.572    -0.6221   2.815954    -0.6223   2.816294    6.76205    -0.0319    13.8155 0.0000e+00  -60.89983  -55.95333 1153288367 200.245009    34.3806      37795          9  0.000e+00
    250.725    -0.6220   2.815918    -0.6220   2.816294    6.76219    -0.0857    13.8155 0.0000e+00  -60.89983  -55.95333 1153288367 200.245009    34.3798      37796          9  0.000e+00
    250.505    -0.6220   2.815941    -0.6218   2.816276    6.76676    -0.0642    13.8155 0.0000e+00  -60.89983  -55.95333 1153288367 200.245010    34.3803      37797          9  0.000e+00
    250.725    -0.6220   2.815954    -0.6220   2.816306    6.76218    -0.0642    13.8155 0.0000e+00  -60.89983  -55.95333 1153288368 200.245010    34.3804      37798          9  0.000e+00
    250.648    -0.6221   2.815934    -0.6218   2.816300    6.76213    -0.0534    13.8155 0.0000e+00  -60.89983  -55.95333 1153288368 200.245011    34.3803      37799          9  0.000e+00
