product_data/regression_test/downloaded_data/MDGS/320620060703/ctd/p6617304.ros
* Sea-Bird SBE 9 Data File:
* FileName = D:\Data\Raw\p6617304.dat
* Software Version Seasave Win32 V 5.32
* Temperature SN = 1649
* Conductivity SN = 1431
* Number of Bytes Per Scan = 37
* Number of Voltage Words = 5
* Number of Scans Averaged by the Deck Unit = 1
* NMEA Latitude = 60 36.97 S
* NMEA Longitude = 054 59.78 W
* NMEA UTC (Time) = 20:32:07
** Ship:   Nathaniel B. Palmer 
** Cruise:    NBP0606 
# nquan = 17
# nvalues = 1176                    
# units = specified
# name 0 = prDM: Pressure, Digiquartz [db]
# name 1 = t090C: Temperature [ITS-90, deg C]
# name 2 = c0S/m: Conductivity [S/m]
# name 3 = t190C: Temperature, 2 [ITS-90, deg C]
# name 4 = c1S/m: Conductivity, 2 [S/m]
# name 5 = sbeox0ML/L: Oxygen, SBE 43 [ml/l]
# name 6 = flECO-AFL: Fluorescence, Wetlab ECO-AFL/FL [mg/m^3]
# name 7 = bat: Beam Attenuation, Chelsea/Seatech/Wetlab CStar [1/m]
# name 8 = spar: SPAR/Surface Irradiance
# name 9 = latitude: Latitude [deg]
# name 10 = longitude: Longitude [deg]
# name 11 = timeY: Time, System [seconds]
# name 12 = timeJ: Julian Days
# name 13 = sal00: Salinity [PSU]
# name 14 = scan: scan number
# name 15 = nbf: number of bottles fired
# name 16 = flag:  0.000e+00
# interval = seconds: 0.0416667                   
# start_time = Jul 20 2006 20:32:15
*END*
[from data line 1022]
     23.640    -0.8938   2.763684    -0.8972   2.763646    7.85843     0.2694    13.8155 0.0000e+00  -60.61617  -54.99633 1153429054 201.873329    34.1214      36495         21  0.000e+00
     23.697    -0.8937   2.763648    -0.8977   2.763518    7.85849     0.2371    13.8155 0.0000e+00  -60.61617  -54.99633 1153429054 201.873329    34.1207      36496         21  0.000e+00
     23.716    -0.8939   2.763619    -0.8980   2.763495    7.85857     0.2048    13.8155 0.0000e+00  -60.61617  -54.99633 1153429054 201.873329    34.1205      36497         21  0.000e+00
     23.640    -0.8938   2.763615    -0.8977   2.763455    7.86317     0.2479    13.8155 0.0000e+00  -60.61617  -54.99633 1153429054 201.873330    34.1204      36498         21  0.000e+00
     23.697    -0.8944   2.763615    -0.8985   2.763443    7.85864     0.2694    13.8155 0.0000e+00  -60.61617  -54.99633 1153429054 201.873330    34.1211      36499         21  0.000e+00
     23.716    -0.8947   2.763579    -0.8980   2.763460    7.85872     0.2479    13.8155 0.0000e+00  -60.61617  -54.99633 1153429054 201.873331    34.1209      36500         21  0.000e+00
     23.773    -0.8943   2.763536    -0.8981   2.763466    7.85875     0.2371    13.8155 0.0000e+00  -60.61617  -54.99633 1153429054 201.873331    34.1198      36501         21  0.000e+00
      9.570    -0.9076   2.760931    -0.9084   2.761333    7.88937     0.2909    13.8155 0.0000e+00  -60.61617  -54.99633 1153429103 201.873905    34.1083      37690         22  0.000e+00
      9.665    -0.9080   2.760899    -0.9084   2.761223    7.88956     0.3124    13.8155 0.0000e+00  -60.61617  -54.99633 1153429104 201.873905    34.1083      37691         22  0.000e+00
      9.780    -0.9080   2.760889    -0.9091   2.761160    7.88970     0.3017    13.8155 0.0000e+00  -60.61617  -54.99633 1153429104 201.873906    34.1081      37692         22  0.000e+00
      9.637    -0.9085   2.760826    -0.9092   2.761061    7.88966     0.2909    13.8155 0.0000e+00  -60.61617  -54.99633 1153429104 201.873906    34.1079      37693         22  0.000e+00
      9.589    -0.9091   2.760675    -0.9097   2.761038    7.88981     0.3339    13.8155 0.0000e+00  -60.61617  -54.99633 1153429104 201.873907    34.1065      37694         22  0.000e+00
      9.570    -0.9096   2.760590    -0.9103   2.760997    7.88994     0.3339    13.8155 0.0000e+00  -60.61617  -54.99633 1153429104 201.873907    34.1059      37695         22  0.000e+00
      9.570    -0.9103   2.760567    -0.9097   2.760969    7.89007     0.3339    13.8155 0.0000e+00  -60.61617  -54.99633 1153429104 201.873908    34.1064      37696         22  0.000e+00
      9.589    -0.9105   2.760517    -0.9100   2.760957    7.89015     0.2694    13.8155 0.0000e+00  -60.61617  -54.99633 1153429104 201.873908    34.1060      37697         22  0.000e+00
      9.494    -0.9103   2.760507    -0.9098   2.760957    7.89003     0.2801    13.8155 0.0000e+00  -60.61617  -54.99633 1153429104 201.873909    34.1057      37698         22  0.000e+00
      9.427    -0.9105   2.760484    -0.9100   2.760940    7.89000     0.3339    13.8155 0.0000e+00  -60.61617  -54.99633 1153429104 201.873909    34.1056      37699         22  0.000e+00
      9.523    -0.9111   2.760478    -0.9102   2.760934    7.89021     0.3447    13.8155 0.0000e+00  -60.61617  -54.99633 1153429104 201.873910    34.1062      37700         22  0.000e+00
      9.427    -0.9112   2.760448    -0.9101   2.760876    7.89015     0.3339    13.8155 0.0000e+00  -60.61617  -54.99633 1153429104 201.873910    34.1060      37701         22  0.000e+00
      9.456    -0.9110   2.760419    -0.9104   2.760911    7.89015     0.2909    13.8155 0.0000e+00  -60.61617  -54.99633 1153429104 201.873911    34.1052      37702         22  0.000e+00
      9.361    -0.9108   2.760442    -0.9100   2.760899    7.89000     0.3124    13.8155 0.0000e+00  -60.61617  -54.99633 1153429104 201.873911    34.1054      37703         22  0.000e+00
      9.427    -0.9105   2.760494    -0.9104   2.760876    7.88999     0.2909    13.8155 0.0000e+00  -60.61617  -54.99633 1153429104 201.873912    34.1058      37704         22  0.000e+00
      9.313    -0.9111   2.760517    -0.9106   2.760824    7.88994     0.3232    13.8155 0.0000e+00  -60.61617  -54.99633 1153429104 201.873912    34.1068      37705         22  0.000e+00
      9.361    -0.9103   2.760488    -0.9106   2.760801    7.88990     0.3339    13.8155 0.0000e+00  -60.61617  -54.99633 1153429104 201.873913    34.1055      37706         22  0.000e+00
      9.284    -0.9103   2.760501    -0.9109   2.760778    7.88980     0.3555    13.8155 0.0000e+00  -60.61617  -54.99633 1153429104 201.873913    34.1057      37707         22  0.000e+00
      9.380    -0.9103   2.760517    -0.9107   2.760754    7.88990     0.3124    13.8155 0.0000e+00  -60.61617  -54.99633 1153429104 201.873913    34.1059      37708         22  0.000e+00
      9.285    -0.9112   2.760488    -0.9113   2.760789    7.88996     0.3124    13.8155 0.0000e+00  -60.61617  -54.99633 1153429104 201.873914    34.1066      37709         22  0.000e+00
      9.246    -0.9105   2.760550    -0.9110   2.760801    7.88975     0.3877    13.8155 0.0000e+00  -60.61617  -54.99633 1153429104 201.873914    34.1066      37710         22  0.000e+00
      9.285    -0.9102   2.760586    -0.9104   2.760818    7.88972     0.3662    13.8155 0.0000e+00  -60.61617  -54.99633 1153429104 201.873915    34.1068      37711         22  0.000e+00
      9.218    -0.9103   2.760603    -0.9103   2.760806    7.88965     0.3662    13.8155 0.0000e+00  -60.61617  -54.99633 1153429104 201.873915    34.1072      37712         22  0.000e+00
      9.246    -0.9099   2.760649    -0.9107   2.760801    7.88958     0.3339    13.8155 0.0000e+00  -60.61617  -54.99633 1153429104 201.873916    34.1073      37713         22  0.000e+00
      9.218    -0.9095   2.760655    -0.9111   2.760783    7.88949     0.3124    13.8155 0.0000e+00  -60.61617  -54.99633 1153429104 201.873916    34.1070      37714         22  0.000e+00
      9.218    -0.9094   2.760635    -0.9112   2.760772    7.88949     0.3124    13.8155 0.0000e+00  -60.61617  -54.99633 1153429105 201.873917    34.1066      37715         22  0.000e+00
      9.246    -0.9094   2.760639    -0.9115   2.760754    7.88952     0.3124    13.8155 0.0000e+00  -60.61617  -54.99633 1153429105 201.873917    34.1066      37716         22  0.000e+00
      9.151    -0.9097   2.760632    -0.9115   2.760772    7.88946     0.2909    13.8155 0.0000e+00  -60.61617  -54.99633 1153429105 201.873918    34.1069      37717         22  0.000e+00
      9.218    -0.9093   2.760649    -0.9113   2.760714    7.88945     0.2909    13.8155 0.0000e+00  -60.61617  -54.99633 1153429105 201.873918    34.1066      37718         22  0.000e+00
      9.104    -0.9100   2.760609    -0.9115   2.760639    7.88948     0.2801    13.8155 0.0000e+00  -60.61617  -54.99633 1153429105 201.873919    34.1070      37719         22  0.000e+00
      9.151    -0.9097   2.760639    -0.9106   2.760633    7.88946     0.2909    13.8155 0.0000e+00  -60.61617  -54.99633 1153429105 201.873919    34.1070      37720         22  0.000e+00
      9.170    -0.9095   2.760685    -0.9116   2.760587    7.88942     0.2909    13.8155 0.0000e+00  -60.61617  -54.99633 1153429105 201.873920    34.1074      37721         22  0.000e+00
      9.075    -0.9094   2.760639    -0.9115   2.760581    7.88933     0.3124    13.8155 0.0000e+00  -60.61617  -54.99633 1153429105 201.873920    34.1067      37722         22  0.000e+00
      9.151    -0.9097   2.760645    -0.9116   2.760569    7.88946     0.3555    13.8155 0.0000e+00  -60.61617  -54.99633 1153429105 201.873921    34.1071      37723         22  0.000e+00
      9.104    -0.9098   2.760635    -0.9120   2.760563    7.88943     0.3124    13.8155 0.0000e+00  -60.61617  -54.99633 1153429105 201.873921    34.1071      37724         22  0.000e+00
      9.075    -0.9091   2.760573    -0.9120   2.760581    7.88933     0.2694    13.8155 0.0000e+00  -60.61617  -54.99633 1153429105 201.873922    34.1055      37725         22  0.000e+00
      9.075    -0.9100   2.760461    -0.9116   2.760592    7.88955     0.2371    13.8155 0.0000e+00  -60.61617  -54.99633 1153429105 201.873922    34.1050      37726         22  0.000e+00
      9.037    -0.9100   2.760415    -0.9114   2.760610    7.88955     0.2909    13.8155 0.0000e+00  -60.61617  -54.99633 1153429105 201.873923    34.1044      37727         22  0.000e+00
      9.075    -0.9105   2.760366    -0.9118   2.760616    7.88970     0.2909    13.8155 0.0000e+00  -60.61617  -54.99633 1153429105 201.873923    34.1042      37728         22  0.000e+00
      9.075    -0.9112   2.760330    -0.9113   2.760633    7.88985     0.3124    13.8155 0.0000e+00  -60.61617  -54.99633 1153429105 201.873924    34.1046      37729         22  0.000e+00
      9.104    -0.9112   2.760254    -0.9118   2.760639    7.88993     0.3339    13.8155 0.0000e+00  -60.61617  -54.99633 1153429105 201.873924    34.1036      37730         22  0.000e+00
      9.151    -0.9115   2.760241    -0.9115   2.760662    7.89004     0.3017    13.8155 0.0000e+00  -60.61617  -54.99633 1153429105 201.873925    34.1037      37731         22  0.000e+00
      9.104    -0.9114   2.760234    -0.9113   2.760668    7.88998     0.2694    13.8155 0.0000e+00  -60.61617  -54.99633 1153429105 201.873925    34.1035      37732         22  0.000e+00
      9.075    -0.9117   2.760349    -0.9112   2.760668    7.88990     0.2694    13.8155 0.0000e+00  -60.61617  -54.99633 1153429105 201.873926    34.1054      37733         22  0.000e+00
      9.151    -0.9114   2.760428    -0.9116   2.760627    7.88988     0.2801    13.8155 0.0000e+00  -60.61617  -54.99633 1153429105 201.873926    34.1061      37734         22  0.000e+00
      9.171    -0.9111   2.760432    -0.9116   2.760616    7.88985     0.2479    13.8155 0.0000e+00  -60.61617  -54.99633 1153429105 201.873927    34.1057      37735         22  0.000e+00
      9.218    -0.9111   2.760550    -0.9114   2.760633    7.88982     0.2586    13.8155 0.0000e+00  -60.61617  -54.99633 1153429105 201.873927    34.1073      37736         22  0.000e+00
      9.151    -0.9103   2.760645    -0.9116   2.760621    7.88955     0.3339    13.8155 0.0000e+00  -60.61617  -54.99633 1153429105 201.873927    34.1078      37737         22  0.000e+00
      9.247    -0.9102   2.760655    -0.9113   2.760673    7.88963     0.3555    13.8155 0.0000e+00  -60.61617  -54.99633 1153429105 201.873928    34.1077      37738         22  0.000e+00
      9.708    -0.9115   2.760277    -0.9118   2.760581    7.89999     0.2909    13.8155 0.0000e+00  -60.61617  -54.99633 1153429115 201.874036    34.1038      37963         23  0.000e+00
      9.736    -0.9114   2.760277    -0.9112   2.760569    7.90001     0.3232    13.8155 0.0000e+00  -60.61617  -54.99633 1153429115 201.874037    34.1037      37964         23  0.000e+00
      9.851    -0.9112   2.760258    -0.9120   2.760581    7.90012     0.2694    13.8155 0.0000e+00  -60.61617  -54.99633 1153429115 201.874037    34.1031      37965         23  0.000e+00
      9.641    -0.9117   2.760294    -0.9113   2.760593    7.89994     0.2909    13.8155 0.0000e+00  -60.61617  -54.99633 1153429115 201.874038    34.1043      37966         23  0.000e+00
      9.736    -0.9114   2.760284    -0.9113   2.760546    7.90000     0.3339    13.8155 0.0000e+00  -60.61617  -54.99633 1153429115 201.874038    34.1037      37967         23  0.000e+00
      9.641    -0.9114   2.760258    -0.9116   2.760552    7.89992     0.2909    13.8155 0.0000e+00  -60.61617  -54.99633 1153429115 201.874039    34.1035      37968         23  0.000e+00
      9.641    -0.9115   2.760261    -0.9116   2.760564    7.89993     0.2479    13.8155 0.0000e+00  -60.61617  -54.99633 1153429115 201.874039    34.1036      37969         23  0.000e+00
      9.594    -0.9112   2.760254    -0.9117   2.760564    7.89984     0.2263    13.8155 0.0000e+00  -60.61617  -54.99633 1153429115 201.874040    34.1033      37970         23  0.000e+00
      9.641    -0.9114   2.760238    -0.9120   2.760564    7.89525     0.2694    13.8155 0.0000e+00  -60.61617  -54.99633 1153429115 201.874040    34.1032      37971         23  0.000e+00
      9.527    -0.9115   2.760225    -0.9118   2.760540    7.89515     0.3339    13.8155 0.0000e+00  -60.61617  -54.99633 1153429115 201.874041    34.1032      37972         23  0.000e+00
      9.575    -0.9119   2.760195    -0.9118   2.760558    7.89996     0.3232    13.8155 0.0000e+00  -60.61617  -54.99633 1153429115 201.874041    34.1032      37973         23  0.000e+00
      9.575    -0.9115   2.760188    -0.9118   2.760540    7.89991     0.2909    13.8155 0.0000e+00  -60.61617  -54.99633 1153429115 201.874042    34.1027      37974         23  0.000e+00
      9.460    -0.9119   2.760211    -0.9119   2.760535    7.89982     0.3124    13.8155 0.0000e+00  -60.61617  -54.99633 1153429115 201.874042    34.1035      37975         23  0.000e+00
      9.432    -0.9120   2.760231    -0.9116   2.760540    7.89980     0.2694    13.8155 0.0000e+00  -60.61617  -54.99633 1153429115 201.874043    34.1039      37976         23  0.000e+00
      9.498    -0.9114   2.760215    -0.9121   2.760535    7.89979     0.2586    13.8155 0.0000e+00  -60.61617  -54.99633 1153429115 201.874043    34.1030      37977         23  0.000e+00
      9.384    -0.9117   2.760228    -0.9118   2.760558    7.89970     0.2694    13.8155 0.0000e+00  -60.61617  -54.99633 1153429115 201.874044    34.1035      37978         23  0.000e+00
      9.432    -0.9114   2.760254    -0.9114   2.760540    7.89969     0.2694    13.8155 0.0000e+00  -60.61617  -54.99633 1153429116 201.874044    34.1035      37979         23  0.000e+00
      9.365    -0.9112   2.760274    -0.9120   2.760540    7.89957     0.2801    13.8155 0.0000e+00  -60.61617  -54.99633 1153429116 201.874045    34.1037      37980         23  0.000e+00
      9.317    -0.9117   2.760277    -0.9113   2.760558    7.89959     0.2909    13.8155 0.0000e+00  -60.61617  -54.99633 1153429116 201.874045    34.1043      37981         23  0.000e+00
      9.365    -0.9110   2.760267    -0.9118   2.760564    7.89953     0.2694    13.8155 0.0000e+00  -60.61617  -54.99633 1153429116 201.874046    34.1032      37982         23  0.000e+00
      9.251    -0.9112   2.760290    -0.9116   2.760546    7.89944     0.2586    13.8155 0.0000e+00  -60.61617  -54.99633 1153429116 201.874046    34.1040      37983         23  0.000e+00
      9.289    -0.9114   2.760264    -0.9120   2.760558    7.89952     0.2479    13.8155 0.0000e+00  -60.61617  -54.99633 1153429116 201.874047    34.1038      37984         23  0.000e+00
      9.222    -0.9111   2.760313    -0.9121   2.760529    7.89936     0.2479    13.8155 0.0000e+00  -60.61617  -54.99633 1153429116 201.874047    34.1041      37985         23  0.000e+00
      9.251    -0.9114   2.760307    -0.9118   2.760552    7.89945     0.2909    13.8155 0.0000e+00  -60.61617  -54.99633 1153429116 201.874048    34.1044      37986         23  0.000e+00
      9.222    -0.9111   2.760280    -0.9123   2.760529    7.89939     0.3124    13.8155 0.0000e+00  -60.61617  -54.99633 1153429116 201.874048    34.1037      37987         23  0.000e+00
      9.155    -0.9111   2.760284    -0.9117   2.760529    7.89462     0.2694    13.8155 0.0000e+00  -60.61617  -54.99633 1153429116 201.874049    34.1037      37988         23  0.000e+00
      9.174    -0.9116   2.760261    -0.9123   2.760535    7.89474     0.2694    13.8155 0.0000e+00  -60.61617  -54.99633 1153429116 201.874049    34.1040      37989         23  0.000e+00
      9.079    -0.9114   2.760205    -0.9116   2.760517    7.89465     0.3124    13.8155 0.0000e+00  -60.61617  -54.99633 1153429116 201.874049    34.1031      37990         23  0.000e+00
