product_data/regression_test/downloaded_data/MDGS/320620060703/ctd/p6617604.ros
* Sea-Bird SBE 9 Data File:
* FileName = D:\Data\Raw\p6617604.dat
* Software Version Seasave Win32 V 5.32
* Temperature SN = 1649
* Conductivity SN = 1431
* Number of Bytes Per Scan = 37
* Number of Voltage Words = 5
* Number of Scans Averaged by the Deck Unit = 1
* NMEA Latitude = 60 36.97 S
* NMEA Longitude = 054 43.19 W
* NMEA UTC (Time) = 07:30:31
** Ship:   Nathaniel B. Palmer 
** Cruise:    NBP0606 
# nquan = 17
# nvalues = 1176                    
# units = specified
# name 0 = prDM: Pressure, Digiquartz [db]
# name 1 = t090C: Temperature [ITS-90, deg C]
# name 2 = c0S/m: Conductivity [S/m]
# name 3 = t190C: Temperature, 2 [ITS-90, deg C]
# name 4 = c1S/m: Conductivity, 2 [S/m]
# name 5 = sbeox0ML/L: Oxygen, SBE 43 [ml/l]
# name 6 = flECO-AFL: Fluorescence, Wetlab ECO-AFL/FL [mg/m^3]
# name 7 = bat: Beam Attenuation, Chelsea/Seatech/Wetlab CStar [1/m]
# name 8 = spar: SPAR/Surface Irradiance
# name 9 = latitude: Latitude [deg]
# name 10 = longitude: Longitude [deg]
# name 11 = timeY: Time, System [seconds]
# name 12 = timeJ: Julian Days
# name 13 = sal00: Salinity [PSU]
# name 14 = scan: scan number
# name 15 = nbf: number of bottles fired
# name 16 = flag:  0.000e+00
# interval = seconds: 0.0416667                   
# start_time = Jul 21 2006 07:30:39
*END*
[from data line 511]
     50.156    -0.6960   2.785968    -0.6967   2.786355    7.63887     0.2263    13.8155 0.0000e+00  -60.61617  -54.71983 1153467225 202.315126    34.1830       4511         11  0.000e+00
     50.080    -0.6955   2.785971    -0.6964   2.786373    7.64340     0.2156    13.8155 0.0000e+00  -60.61617  -54.71983 1153467225 202.315127    34.1826       4512         11  0.000e+00
     50.223    -0.6958   2.785987    -0.6961   2.786396    7.64359     0.2371    13.8155 0.0000e+00  -60.61617  -54.71983 1153467225 202.315127    34.1831       4513         11  0.000e+00
     50.080    -0.6960   2.785964    -0.6955   2.786408    7.64347     0.2048    13.8155 0.0000e+00  -60.61617  -54.71983 1153467225 202.315128    34.1830       4514         11  0.000e+00
     50.156    -0.6954   2.785984    -0.6953   2.786460    7.64345     0.2156    13.8155 0.0000e+00  -60.61617  -54.71983 1153467225 202.315128    34.1826       4515         11  0.000e+00
     50.080    -0.6960   2.785994    -0.6949   2.786500    7.64345     0.2263    13.8155 0.0000e+00  -60.61617  -54.71983 1153467225 202.315129    34.1834       4516         11  0.000e+00
     50.080    -0.6960   2.785978    -0.6945   2.786529    7.64346     0.2694    13.8155 0.0000e+00  -60.61617  -54.71983 1153467225 202.315129    34.1832       4517         11  0.000e+00
     50.080    -0.6966   2.785971    -0.6936   2.786559    7.64825     0.2371    13.8155 0.0000e+00  -60.61617  -54.71983 1153467225 202.315130    34.1838       4518         11  0.000e+00
     50.080    -0.6964   2.785987    -0.6927   2.786599    7.64351     0.2048    13.8155 0.0000e+00  -60.61617  -54.71983 1153467225 202.315130    34.1838       4519         11  0.000e+00
     50.013    -0.6957   2.786024    -0.6930   2.786617    7.64331     0.2371    13.8155 0.0000e+00  -60.61617  -54.71983 1153467225 202.315131    34.1835       4520         11  0.000e+00
     50.013    -0.6949   2.786090    -0.6941   2.786617    7.64315     0.2263    13.8155 0.0000e+00  -60.61617  -54.71983 1153467225 202.315131    34.1835       4521         11  0.000e+00
     50.013    -0.6938   2.786172    -0.6941   2.786611    7.64761     0.2263    13.8155 0.0000e+00  -60.61617  -54.71983 1153467226 202.315132    34.1834       4522         11  0.000e+00
     50.013    -0.6943   2.786215    -0.6941   2.786576    7.64765     0.2586    13.8155 0.0000e+00  -60.61617  -54.71983 1153467226 202.315132    34.1845       4523         11  0.000e+00
     49.947    -0.6943   2.786202    -0.6932   2.786622    7.64759     0.2694    13.8155 0.0000e+00  -60.61617  -54.71983 1153467226 202.315133    34.1844       4524         11  0.000e+00
     50.013    -0.6938   2.786225    -0.6926   2.786704    7.64289     0.2801    13.8155 0.0000e+00  -60.61617  -54.71983 1153467226 202.315133    34.1841       4525         11  0.000e+00
     49.947    -0.6933   2.786225    -0.6921   2.786744    7.64274     0.2479    13.8155 0.0000e+00  -60.61617  -54.71983 1153467226 202.315134    34.1836       4526         11  0.000e+00
     49.870    -0.6935   2.786182    -0.6915   2.786785    7.64740     0.2048    13.8155 0.0000e+00  -60.61617  -54.71983 1153467226 202.315134    34.1833       4527         11  0.000e+00
     49.947    -0.6935   2.786143    -0.6912   2.786796    7.64283     0.1833    13.8155 0.0000e+00  -60.61617  -54.71983 1153467226 202.315135    34.1827       4528         11  0.000e+00
     49.870    -0.6937   2.786093    -0.6907   2.786820    7.64750     0.2048    13.8155 0.0000e+00  -60.61617  -54.71983 1153467226 202.315135    34.1823       4529         11  0.000e+00
     49.947    -0.6937   2.786149    -0.6920   2.786808    7.64753     0.2586    13.8155 0.0000e+00  -60.61617  -54.71983 1153467226 202.315136    34.1830       4530         11  0.000e+00
     49.870    -0.6933   2.786172    -0.6922   2.786802    7.64738     0.2586    13.8155 0.0000e+00  -60.61617  -54.71983 1153467226 202.315136    34.1830       4531         11  0.000e+00
     49.803    -0.6932   2.786222    -0.6918   2.786820    7.64725     0.2479    13.8155 0.0000e+00  -60.61617  -54.71983 1153467226 202.315136    34.1835       4532         11  0.000e+00
     49.870    -0.6927   2.786175    -0.6906   2.786866    7.64729     0.2479    13.8155 0.0000e+00  -60.61617  -54.71983 1153467226 202.315137    34.1823       4533         11  0.000e+00
     49.803    -0.6926   2.786202    -0.6904   2.786878    7.64718     0.2371    13.8155 0.0000e+00  -60.61617  -54.71983 1153467226 202.315137    34.1826       4534         11  0.000e+00
     49.803    -0.6923   2.786248    -0.6895   2.786942    7.64710     0.2263    13.8155 0.0000e+00  -60.61617  -54.71983 1153467226 202.315138    34.1828       4535         11  0.000e+00
     49.803    -0.6909   2.786331    -0.6887   2.786982    7.64682     0.2694    13.8155 0.0000e+00  -60.61617  -54.71983 1153467226 202.315138    34.1824       4536         11  0.000e+00
     49.803    -0.6904   2.786453    -0.6884   2.787005    7.64667     0.2479    13.8155 0.0000e+00  -60.61617  -54.71983 1153467226 202.315139    34.1835       4537         11  0.000e+00
     49.727    -0.6900   2.786515    -0.6872   2.787075    7.64647     0.2263    13.8155 0.0000e+00  -60.61617  -54.71983 1153467226 202.315139    34.1839       4538         11  0.000e+00
     51.204    -0.6972   2.785942    -0.6961   2.786460    7.64019     0.2909    13.8155 0.0000e+00  -60.61617  -54.71983 1153467234 202.315227    34.1834       4720         12  0.000e+00
     51.128    -0.6971   2.785965    -0.6956   2.786454    7.64007     0.3339    13.8155 0.0000e+00  -60.61617  -54.71983 1153467234 202.315228    34.1836       4721         12  0.000e+00
     51.128    -0.6969   2.786008    -0.6961   2.786454    7.64002     0.3232    13.8155 0.0000e+00  -60.61617  -54.71983 1153467234 202.315228    34.1840       4722         12  0.000e+00
     51.204    -0.6965   2.785981    -0.6961   2.786478    7.64005     0.3017    13.8155 0.0000e+00  -60.61617  -54.71983 1153467234 202.315229    34.1831       4723         12  0.000e+00
     51.128    -0.6969   2.785991    -0.6964   2.786483    7.64003     0.3124    13.8155 0.0000e+00  -60.61617  -54.71983 1153467234 202.315229    34.1838       4724         12  0.000e+00
     51.128    -0.6965   2.786011    -0.6961   2.786466    7.63994     0.3232    13.8155 0.0000e+00  -60.61617  -54.71983 1153467234 202.315230    34.1835       4725         12  0.000e+00
     51.128    -0.6965   2.785981    -0.6962   2.786478    7.63996     0.3017    13.8155 0.0000e+00  -60.61617  -54.71983 1153467234 202.315230    34.1831       4726         12  0.000e+00
     51.204    -0.6961   2.785991    -0.6958   2.786460    7.64467     0.2586    13.8155 0.0000e+00  -60.61617  -54.71983 1153467234 202.315231    34.1828       4727         12  0.000e+00
     51.128    -0.6965   2.786027    -0.6955   2.786472    7.64462     0.2694    13.8155 0.0000e+00  -60.61617  -54.71983 1153467234 202.315231    34.1838       4728         12  0.000e+00
     51.128    -0.6963   2.786008    -0.6955   2.786483    7.64461     0.2586    13.8155 0.0000e+00  -60.61617  -54.71983 1153467234 202.315231    34.1833       4729         12  0.000e+00
     51.128    -0.6966   2.786027    -0.6956   2.786483    7.64464     0.2909    13.8155 0.0000e+00  -60.61617  -54.71983 1153467234 202.315232    34.1839       4730         12  0.000e+00
     51.061    -0.6963   2.786037    -0.6958   2.786501    7.64451     0.2586    13.8155 0.0000e+00  -60.61617  -54.71983 1153467234 202.315232    34.1837       4731         12  0.000e+00
     51.128    -0.6964   2.786008    -0.6959   2.786489    7.63993     0.2048    13.8155 0.0000e+00  -60.61617  -54.71983 1153467234 202.315233    34.1834       4732         12  0.000e+00
     51.128    -0.6965   2.786011    -0.6959   2.786478    7.64463     0.2156    13.8155 0.0000e+00  -60.61617  -54.71983 1153467234 202.315233    34.1835       4733         12  0.000e+00
     51.061    -0.6963   2.786001    -0.6959   2.786478    7.64454     0.2156    13.8155 0.0000e+00  -60.61617  -54.71983 1153467234 202.315234    34.1833       4734         12  0.000e+00
     51.061    -0.6966   2.785994    -0.6958   2.786483    7.64459     0.2371    13.8155 0.0000e+00  -60.61617  -54.71983 1153467234 202.315234    34.1835       4735         12  0.000e+00
     51.128    -0.6960   2.786011    -0.6964   2.786483    7.64456     0.2694    13.8155 0.0000e+00  -60.61617  -54.71983 1153467234 202.315235    34.1830       4736         12  0.000e+00
     51.061    -0.6965   2.786001    -0.6963   2.786466    7.64457     0.3017    13.8155 0.0000e+00  -60.61617  -54.71983 1153467234 202.315235    34.1835       4737         12  0.000e+00
     50.994    -0.6965   2.785994    -0.6962   2.786460    7.63981     0.3017    13.8155 0.0000e+00  -60.61617  -54.71983 1153467235 202.315236    34.1834       4738         12  0.000e+00
     51.061    -0.6965   2.786014    -0.6963   2.786454    7.63987     0.2586    13.8155 0.0000e+00  -60.61617  -54.71983 1153467235 202.315236    34.1836       4739         12  0.000e+00
     50.994    -0.6966   2.785981    -0.6962   2.786437    7.63985     0.2694    13.8155 0.0000e+00  -60.61617  -54.71983 1153467235 202.315237    34.1834       4740         12  0.000e+00
     51.061    -0.6970   2.785971    -0.6966   2.786431    7.64466     0.2694    13.8155 0.0000e+00  -60.61617  -54.71983 1153467235 202.315237    34.1836       4741         12  0.000e+00
     50.994    -0.6971   2.785958    -0.6959   2.786431    7.64462     0.2479    13.8155 0.0000e+00  -60.61617  -54.71983 1153467235 202.315238    34.1836       4742         12  0.000e+00
     50.994    -0.6975   2.785948    -0.6961   2.786431    7.64469     0.2586    13.8155 0.0000e+00  -60.61617  -54.71983 1153467235 202.315238    34.1840       4743         12  0.000e+00
     50.918    -0.6977   2.785918    -0.6961   2.786431    7.64466     0.2801    13.8155 0.0000e+00  -60.61617  -54.71983 1153467235 202.315239    34.1838       4744         12  0.000e+00
     50.994    -0.6974   2.785955    -0.6962   2.786448    7.63998     0.3017    13.8155 0.0000e+00  -60.61617  -54.71983 1153467235 202.315239    34.1839       4745         12  0.000e+00
     50.918    -0.6970   2.785905    -0.6961   2.786431    7.64456     0.2479    13.8155 0.0000e+00  -60.61617  -54.71983 1153467235 202.315240    34.1828       4746         12  0.000e+00
     50.918    -0.6974   2.785915    -0.6959   2.786466    7.63993     0.2048    13.8155 0.0000e+00  -60.61617  -54.71983 1153467235 202.315240    34.1834       4747         12  0.000e+00
     50.851    -0.6974   2.785908    -0.6958   2.786443    7.63986     0.2371    13.8155 0.0000e+00  -60.61617  -54.71983 1153467235 202.315241    34.1833       4748         12  0.000e+00
     50.994    -0.6974   2.785905    -0.6959   2.786448    7.64002     0.2479    13.8155 0.0000e+00  -60.61617  -54.71983 1153467235 202.315241    34.1832       4749         12  0.000e+00
     50.851    -0.6974   2.785922    -0.6961   2.786460    7.63986     0.2586    13.8155 0.0000e+00  -60.61617  -54.71983 1153467235 202.315242    34.1836       4750         12  0.000e+00
     50.851    -0.6969   2.785912    -0.6964   2.786460    7.63979     0.2263    13.8155 0.0000e+00  -60.61617  -54.71983 1153467235 202.315242    34.1829       4751         12  0.000e+00
     50.851    -0.6974   2.785938    -0.6956   2.786454    7.64452     0.2263    13.8155 0.0000e+00  -60.61617  -54.71983 1153467235 202.315243    34.1837       4752         12  0.000e+00
     50.785    -0.6971   2.785915    -0.6962   2.786437    7.63974     0.2371    13.8155 0.0000e+00  -60.61617  -54.71983 1153467235 202.315243    34.1831       4753         12  0.000e+00
     50.785    -0.6974   2.785925    -0.6961   2.786431    7.64447     0.2156    13.8155 0.0000e+00  -60.61617  -54.71983 1153467235 202.315244    34.1837       4754         12  0.000e+00
     50.785    -0.6977   2.785875    -0.6961   2.786414    7.64454     0.2371    13.8155 0.0000e+00  -60.61617  -54.71983 1153467235 202.315244    34.1833       4755         12  0.000e+00
     50.785    -0.6975   2.785895    -0.6967   2.786443    7.64451     0.2479    13.8155 0.0000e+00  -60.61617  -54.71983 1153467235 202.315245    34.1834       4756         12  0.000e+00
     50.708    -0.6977   2.785905    -0.6961   2.786437    7.64444     0.2479    13.8155 0.0000e+00  -60.61617  -54.71983 1153467235 202.315245    34.1837       4757         12  0.000e+00
     50.708    -0.6972   2.785925    -0.6963   2.786425    7.64436     0.2371    13.8155 0.0000e+00  -60.61617  -54.71983 1153467235 202.315245    34.1835       4758         12  0.000e+00
     50.708    -0.6973   2.785941    -0.6965   2.786425    7.63967     0.2156    13.8155 0.0000e+00  -60.61617  -54.71983 1153467235 202.315246    34.1838       4759         12  0.000e+00
     50.641    -0.6975   2.785948    -0.6963   2.786431    7.63964     0.2479    13.8155 0.0000e+00  -60.61617  -54.71983 1153467235 202.315246    34.1842       4760         12  0.000e+00
     50.641    -0.6972   2.785935    -0.6964   2.786431    7.64428     0.2048    13.8155 0.0000e+00  -60.61617  -54.71983 1153467235 202.315247    34.1837       4761         12  0.000e+00
     50.641    -0.6975   2.785928    -0.6967   2.786431    7.64433     0.1941    13.8155 0.0000e+00  -60.61617  -54.71983 1153467236 202.315247    34.1839       4762         12  0.000e+00
     50.575    -0.6971   2.785912    -0.6964   2.786414    7.63953     0.2156    13.8155 0.0000e+00  -60.61617  -54.71983 1153467236 202.315248    34.1833       4763         12  0.000e+00
     50.575    -0.6966   2.785922    -0.6959   2.786408    7.63944     0.2909    13.8155 0.0000e+00  -60.61617  -54.71983 1153467236 202.315248    34.1828       4764         12  0.000e+00
     50.575    -0.6971   2.785941    -0.6967   2.786402    7.63950     0.2694    13.8155 0.0000e+00  -60.61617  -54.71983 1153467236 202.315249    34.1836       4765         12  0.000e+00
     50.575    -0.6971   2.785935    -0.6961   2.786402    7.63951     0.2048    13.8155 0.0000e+00  -60.61617  -54.71983 1153467236 202.315249    34.1835       4766         12  0.000e+00
     50.498    -0.6968   2.785941    -0.6958   2.786408    7.63937     0.2263    13.8155 0.0000e+00  -60.61617  -54.71983 1153467236 202.315250    34.1833       4767         12  0.000e+00
     50.498    -0.6965   2.785951    -0.6963   2.786408    7.63932     0.2048    13.8155 0.0000e+00  -60.61617  -54.71983 1153467236 202.315250    34.1832       4768         12  0.000e+00
     50.364    -0.6957   2.786040    -0.6949   2.786564    7.63900     0.2479    13.8155 0.0000e+00  -60.61617  -54.71983 1153467242 202.315319    34.1836       4910         13  0.000e+00
     50.364    -0.6963   2.786024    -0.6941   2.786599    7.63910     0.2586    13.8155 0.0000e+00  -60.61617  -54.71983 1153467242 202.315319    34.1840       4911         13  0.000e+00
     50.431    -0.6960   2.786030    -0.6933   2.786634    7.63912     0.2479    13.8155 0.0000e+00  -60.61617  -54.71983 1153467242 202.315320    34.1837       4912         13  0.000e+00
     50.431    -0.6957   2.786057    -0.6933   2.786704    7.63905     0.2156    13.8155 0.0000e+00  -60.61617  -54.71983 1153467242 202.315320    34.1837       4913         13  0.000e+00
     50.431    -0.6958   2.786044    -0.6932   2.786727    7.63909     0.2371    13.8155 0.0000e+00  -60.61617  -54.71983 1153467242 202.315321    34.1837       4914         13  0.000e+00
     50.431    -0.6957   2.786040    -0.6927   2.786704    7.63907     0.2586    13.8155 0.0000e+00  -60.61617  -54.71983 1153467242 202.315321    34.1835       4915         13  0.000e+00
     50.431    -0.6963   2.786054    -0.6927   2.786733    7.63915     0.2371    13.8155 0.0000e+00  -60.61617  -54.71983 1153467242 202.315322    34.1844       4916         13  0.000e+00
