product_data/regression_test/downloaded_data/MDGS/320620060703/ctd/p6619605.ros
* Sea-Bird SBE 9 Data File:
* FileName = D:\Data\Raw\p6619605.dat
* Software Version Seasave Win32 V 5.32
* Temperature SN = 1649
* Conductivity SN = 1431
* Number of Bytes Per Scan = 37
* Number of Voltage Words = 5
* Number of Scans Averaged by the Deck Unit = 1
* NMEA Latitude = 60 45.36 S
* NMEA Longitude = 057 33.03 W
* NMEA UTC (Time) = 03:23:55
** Ship:   Nathaniel B. Palmer 
** Cruise:    NBP0606 
# nquan = 17
# nvalues = 1176                    
# units = specified
# name 0 = prDM: Pressure, Digiquartz [db]
# name 1 = t090C: Temperature [ITS-90, deg C]
# name 2 = c0S/m: Conductivity [S/m]
# name 3 = t190C: Temperature, 2 [ITS-90, deg C]
# name 4 = c1S/m: Conductivity, 2 [S/m]
# name 5 = sbeox0ML/L: Oxygen, SBE 43 [ml/l]
# name 6 = flECO-AFL: Fluorescence, Wetlab ECO-AFL/FL [mg/m^3]
# name 7 = bat: Beam Attenuation, Chelsea/Seatech/Wetlab CStar [1/m]
# name 8 = spar: SPAR/Surface Irradiance
# name 9 = latitude: Latitude [deg]
# name 10 = longitude: Longitude [deg]
# name 11 = timeY: Time, System [seconds]
# name 12 = timeJ: Julian Days
# name 13 = sal00: Salinity [PSU]
# name 14 = scan: scan number
# name 15 = nbf: number of bottles fired
# name 16 = flag:  0.000e+00
# interval = seconds: 0.0416667                   
# start_time = Jul 25 2006 03:24:03
*END*
[from data line 511]
   3000.219     0.5396   3.052840     0.5395   3.053133    5.14385    -0.0857    13.8155 0.0000e+00  -60.75600  -57.55050 1153801864 206.188268    34.7004      96561         11  0.000e+00
   3000.289     0.5398   3.052796     0.5400   3.053103    5.15064    -0.1180    13.8155 0.0000e+00  -60.75600  -57.55050 1153801864 206.188268    34.6996      96562         11  0.000e+00
   3000.219     0.5396   3.052820     0.5401   3.053127    5.15060    -0.1395    13.8155 0.0000e+00  -60.75600  -57.55050 1153801864 206.188269    34.7001      96563         11  0.000e+00
   3000.299     0.5396   3.052806     0.5395   3.053121    5.15066    -0.1395    13.8155 0.0000e+00  -60.75600  -57.55050 1153801864 206.188269    34.6999      96564         11  0.000e+00
   3000.289     0.5396   3.052809     0.5400   3.053085    5.15066    -0.1395    13.8155 0.0000e+00  -60.75600  -57.55050 1153801864 206.188270    34.7000      96565         11  0.000e+00
   3000.219     0.5396   3.052802     0.5395   3.053127    5.15060    -0.1180    13.8155 0.0000e+00  -60.75600  -57.55050 1153801864 206.188270    34.6999      96566         11  0.000e+00
   3000.289     0.5396   3.052809     0.5395   3.053115    5.15065    -0.0642    13.8155 0.0000e+00  -60.75600  -57.55050 1153801864 206.188271    34.7000      96567         11  0.000e+00
   3000.289     0.5396   3.052823     0.5397   3.053109    5.15064    -0.1395    13.8155 0.0000e+00  -60.75600  -57.55050 1153801864 206.188271    34.7001      96568         11  0.000e+00
   3000.299     0.5398   3.052816     0.5395   3.053109    5.15064    -0.1610    13.8155 0.0000e+00  -60.75600  -57.55050 1153801864 206.188272    34.6999      96569         11  0.000e+00
   3000.369     0.5396   3.052813     0.5397   3.053109    5.14397    -0.1287    13.8155 0.0000e+00  -60.75600  -57.55050 1153801865 206.188272    34.7000      96570         11  0.000e+00
   3000.289     0.5396   3.052857     0.5395   3.053133    5.14390    -0.1180    13.8155 0.0000e+00  -60.75600  -57.55050 1153801865 206.188273    34.7006      96571         11  0.000e+00
   3000.379     0.5396   3.052827     0.5398   3.053121    5.15071    -0.1395    13.8155 0.0000e+00  -60.75600  -57.55050 1153801865 206.188273    34.7001      96572         11  0.000e+00
   3000.369     0.5396   3.052802     0.5400   3.053133    5.15071    -0.1395    13.8155 0.0000e+00  -60.75600  -57.55050 1153801865 206.188274    34.6998      96573         11  0.000e+00
   3000.299     0.5399   3.052826     0.5395   3.053121    5.15735    -0.1072    13.8155 0.0000e+00  -60.75600  -57.55050 1153801865 206.188274    34.6998      96574         11  0.000e+00
   3000.448     0.5398   3.052806     0.5393   3.053151    5.15749    -0.0964    13.8155 0.0000e+00  -60.75600  -57.55050 1153801865 206.188274    34.6997      96575         11  0.000e+00
   3000.369     0.5396   3.052844     0.5395   3.053145    5.15743    -0.0964    13.8155 0.0000e+00  -60.75600  -57.55050 1153801865 206.188275    34.7004      96576         11  0.000e+00
   3000.448     0.5395   3.052833     0.5397   3.053115    5.15751    -0.1072    13.8155 0.0000e+00  -60.75600  -57.55050 1153801865 206.188275    34.7004      96577         11  0.000e+00
   3000.369     0.5397   3.052816     0.5393   3.053109    5.15743    -0.1180    13.8155 0.0000e+00  -60.75600  -57.55050 1153801865 206.188276    34.6999      96578         11  0.000e+00
   3000.448     0.5395   3.052813     0.5398   3.053133    5.15752    -0.1072    13.8155 0.0000e+00  -60.75600  -57.55050 1153801865 206.188276    34.7001      96579         11  0.000e+00
   3000.448     0.5393   3.052857     0.5395   3.053103    5.14404    -0.0749    13.8155 0.0000e+00  -60.75600  -57.55050 1153801865 206.188277    34.7009      96580         11  0.000e+00
   3000.448     0.5398   3.052827     0.5395   3.053103    5.12378    -0.0319    13.8155 0.0000e+00  -60.75600  -57.55050 1153801865 206.188277    34.7000      96581         11  0.000e+00
   3000.528     0.5395   3.052823     0.5397   3.053133    5.10366    -0.0749    13.8155 0.0000e+00  -60.75600  -57.55050 1153801865 206.188278    34.7002      96582         11  0.000e+00
   3000.448     0.5401   3.052868     0.5397   3.053115    5.11699    -0.0857    13.8155 0.0000e+00  -60.75600  -57.55050 1153801865 206.188278    34.7001      96583         11  0.000e+00
   3000.528     0.5395   3.052858     0.5395   3.053127    5.13060    -0.1072    13.8155 0.0000e+00  -60.75600  -57.55050 1153801865 206.188279    34.7007      96584         11  0.000e+00
   3000.597     0.5399   3.052875     0.5401   3.053121    5.14407    -0.1395    13.8155 0.0000e+00  -60.75600  -57.55050 1153801865 206.188279    34.7004      96585         11  0.000e+00
   3000.518     0.5395   3.052858     0.5392   3.053169    5.14407    -0.1180    13.8155 0.0000e+00  -60.75600  -57.55050 1153801865 206.188280    34.7007      96586         11  0.000e+00
   3000.597     0.5399   3.052820     0.5398   3.053157    5.14409    -0.1180    13.8155 0.0000e+00  -60.75600  -57.55050 1153801865 206.188280    34.6996      96587         11  0.000e+00
   3000.598     0.5398   3.052830     0.5395   3.053115    5.15084    -0.0857    13.8155 0.0000e+00  -60.75600  -57.55050 1153801865 206.188281    34.6999      96588         11  0.000e+00
   3000.373     0.5400   3.052840     0.5401   3.053109    5.23826    -0.1072    13.8155 0.0000e+00  -60.75600  -57.55050 1153801874 206.188380    34.6999      96793         12  0.000e+00
   3000.452     0.5396   3.052820     0.5400   3.053133    5.23837    -0.1395    13.8155 0.0000e+00  -60.75600  -57.55050 1153801874 206.188380    34.7000      96794         12  0.000e+00
   3000.452     0.5401   3.052830     0.5398   3.053139    5.23831    -0.1180    13.8155 0.0000e+00  -60.75600  -57.55050 1153801874 206.188381    34.6997      96795         12  0.000e+00
   3000.383     0.5399   3.052847     0.5400   3.053139    5.23153    -0.1072    13.8155 0.0000e+00  -60.75600  -57.55050 1153801874 206.188381    34.7001      96796         12  0.000e+00
   3000.373     0.5401   3.052840     0.5398   3.053091    5.21803    -0.0749    13.8155 0.0000e+00  -60.75600  -57.55050 1153801874 206.188382    34.6998      96797         12  0.000e+00
   3000.452     0.5402   3.052827     0.5401   3.053127    5.20460    -0.0964    13.8155 0.0000e+00  -60.75600  -57.55050 1153801874 206.188382    34.6994      96798         12  0.000e+00
   3000.383     0.5398   3.052833     0.5398   3.053157    5.19112    -0.1502    13.8155 0.0000e+00  -60.75600  -57.55050 1153801874 206.188383    34.7001      96799         12  0.000e+00
   3000.373     0.5393   3.052827     0.5395   3.053127    5.18444    -0.1180    13.8155 0.0000e+00  -60.75600  -57.55050 1153801874 206.188383    34.7005      96800         12  0.000e+00
   3000.453     0.5398   3.052816     0.5398   3.053109    5.17770    -0.0964    13.8155 0.0000e+00  -60.75600  -57.55050 1153801874 206.188383    34.6998      96801         12  0.000e+00
   3000.373     0.5398   3.052840     0.5392   3.053133    5.17090    -0.0749    13.8155 0.0000e+00  -60.75600  -57.55050 1153801874 206.188384    34.7002      96802         12  0.000e+00
   3000.453     0.5398   3.052840     0.5398   3.053115    5.16422    -0.1072    13.8155 0.0000e+00  -60.75600  -57.55050 1153801874 206.188384    34.7001      96803         12  0.000e+00
   3000.383     0.5395   3.052837     0.5398   3.053157    5.16420    -0.0964    13.8155 0.0000e+00  -60.75600  -57.55050 1153801874 206.188385    34.7005      96804         12  0.000e+00
   3000.453     0.5404   3.052827     0.5393   3.053163    5.16415    -0.0642    13.8155 0.0000e+00  -60.75600  -57.55050 1153801874 206.188385    34.6993      96805         12  0.000e+00
   3000.453     0.5394   3.052833     0.5400   3.053127    5.15752    -0.0534    13.8155 0.0000e+00  -60.75600  -57.55050 1153801874 206.188386    34.7004      96806         12  0.000e+00
   3000.373     0.5406   3.052864     0.5395   3.053109    5.15732    -0.0749    13.8155 0.0000e+00  -60.75600  -57.55050 1153801874 206.188386    34.6996      96807         12  0.000e+00
   3000.453     0.5402   3.052827     0.5393   3.053133    5.15743    -0.0964    13.8155 0.0000e+00  -60.75600  -57.55050 1153801874 206.188387    34.6994      96808         12  0.000e+00
   3000.453     0.5396   3.052823     0.5400   3.053157    5.15750    -0.1180    13.8155 0.0000e+00  -60.75600  -57.55050 1153801874 206.188387    34.7001      96809         12  0.000e+00
   3000.453     0.5398   3.052851     0.5397   3.053127    5.15747    -0.0749    13.8155 0.0000e+00  -60.75600  -57.55050 1153801875 206.188388    34.7003      96810         12  0.000e+00
   3000.532     0.5398   3.052871     0.5398   3.053109    5.15078    -0.0749    13.8155 0.0000e+00  -60.75600  -57.55050 1153801875 206.188388    34.7005      96811         12  0.000e+00
   3000.453     0.5401   3.052844     0.5397   3.053157    5.15070    -0.1180    13.8155 0.0000e+00  -60.75600  -57.55050 1153801875 206.188389    34.6998      96812         12  0.000e+00
   3000.522     0.5399   3.052837     0.5397   3.053145    5.15751    -0.1395    13.8155 0.0000e+00  -60.75600  -57.55050 1153801875 206.188389    34.6999      96813         12  0.000e+00
   3000.453     0.5396   3.052847     0.5395   3.053163    5.16423    -0.1395    13.8155 0.0000e+00  -60.75600  -57.55050 1153801875 206.188390    34.7004      96814         12  0.000e+00
   3000.522     0.5398   3.052858     0.5398   3.053121    5.16426    -0.0964    13.8155 0.0000e+00  -60.75600  -57.55050 1153801875 206.188390    34.7003      96815         12  0.000e+00
   3000.532     0.5396   3.052833     0.5400   3.053109    5.17103    -0.0749    13.8155 0.0000e+00  -60.75600  -57.55050 1153801875 206.188391    34.7002      96816         12  0.000e+00
   3000.522     0.5401   3.052851     0.5401   3.053133    5.16422    -0.0964    13.8155 0.0000e+00  -60.75600  -57.55050 1153801875 206.188391    34.6999      96817         12  0.000e+00
   3000.602     0.5399   3.052813     0.5397   3.053181    5.16431    -0.1180    13.8155 0.0000e+00  -60.75600  -57.55050 1153801875 206.188392    34.6995      96818         12  0.000e+00
   3000.532     0.5399   3.052861     0.5398   3.053151    5.15750    -0.1610    13.8155 0.0000e+00  -60.75600  -57.55050 1153801875 206.188392    34.7002      96819         12  0.000e+00
   3000.602     0.5399   3.052840     0.5397   3.053139    5.15757    -0.1180    13.8155 0.0000e+00  -60.75600  -57.55050 1153801875 206.188393    34.6999      96820         12  0.000e+00
   3000.532     0.5398   3.052816     0.5397   3.053139    5.15754    -0.0857    13.8155 0.0000e+00  -60.75600  -57.55050 1153801875 206.188393    34.6998      96821         12  0.000e+00
   3000.602     0.5399   3.052847     0.5398   3.053139    5.15756    -0.0642    13.8155 0.0000e+00  -60.75600  -57.55050 1153801875 206.188394    34.7000      96822         12  0.000e+00
   3000.682     0.5395   3.052888     0.5395   3.053139    5.15765    -0.1072    13.8155 0.0000e+00  -60.75600  -57.55050 1153801875 206.188394    34.7010      96823         12  0.000e+00
   3000.602     0.5395   3.052868     0.5398   3.053121    5.16435    -0.1180    13.8155 0.0000e+00  -60.75600  -57.55050 1153801875 206.188395    34.7007      96824         12  0.000e+00
   3000.602     0.5395   3.052833     0.5393   3.053169    5.17784    -0.0857    13.8155 0.0000e+00  -60.75600  -57.55050 1153801875 206.188395    34.7003      96825         12  0.000e+00
   3000.682     0.5396   3.052833     0.5398   3.053157    5.18462    -0.1395    13.8155 0.0000e+00  -60.75600  -57.55050 1153801875 206.188396    34.7001      96826         12  0.000e+00
   3000.682     0.5396   3.052864     0.5400   3.053157    5.19135    -0.1395    13.8155 0.0000e+00  -60.75600  -57.55050 1153801875 206.188396    34.7005      96827         12  0.000e+00
   3000.682     0.5393   3.052844     0.5398   3.053145    5.19139    -0.0857    13.8155 0.0000e+00  -60.75600  -57.55050 1153801875 206.188397    34.7006      96828         12  0.000e+00
   3000.682     0.5404   3.052847     0.5395   3.053157    5.19126    -0.0964    13.8155 0.0000e+00  -60.75600  -57.55050 1153801875 206.188397    34.6994      96829         12  0.000e+00
   3000.751     0.5399   3.052858     0.5395   3.053163    5.19810    -0.0749    13.8155 0.0000e+00  -60.75600  -57.55050 1153801875 206.188397    34.7000      96830         12  0.000e+00
   3000.682     0.5401   3.052840     0.5398   3.053169    5.19804    -0.0749    13.8155 0.0000e+00  -60.75600  -57.55050 1153801875 206.188398    34.6997      96831         12  0.000e+00
   3000.751     0.5398   3.052864     0.5400   3.053163    5.20485    -0.0964    13.8155 0.0000e+00  -60.75600  -57.55050 1153801875 206.188398    34.7003      96832         12  0.000e+00
   3000.831     0.5398   3.052864     0.5400   3.053169    5.20491    -0.1610    13.8155 0.0000e+00  -60.75600  -57.55050 1153801876 206.188399    34.7003      96833         12  0.000e+00
   3000.761     0.5399   3.052871     0.5400   3.053163    5.20484    -0.1395    13.8155 0.0000e+00  -60.75600  -57.55050 1153801876 206.188399    34.7003      96834         12  0.000e+00
   3000.831     0.5395   3.052844     0.5401   3.053169    5.20496    -0.1610    13.8155 0.0000e+00  -60.75600  -57.55050 1153801876 206.188400    34.7003      96835         12  0.000e+00
   3000.831     0.5402   3.052864     0.5398   3.053163    5.21159    -0.1180    13.8155 0.0000e+00  -60.75600  -57.55050 1153801876 206.188400    34.6997      96836         12  0.000e+00
   3000.831     0.5402   3.052864     0.5401   3.053145    5.21159    -0.0964    13.8155 0.0000e+00  -60.75600  -57.55050 1153801876 206.188401    34.6997      96837         12  0.000e+00
   3000.831     0.5398   3.052878     0.5400   3.053157    5.21164    -0.0857    13.8155 0.0000e+00  -60.75600  -57.55050 1153801876 206.188401    34.7004      96838         12  0.000e+00
   3000.831     0.5398   3.052875     0.5398   3.053187    5.21165    -0.0964    13.8155 0.0000e+00  -60.75600  -57.55050 1153801876 206.188402    34.7004      96839         12  0.000e+00
   3000.900     0.5398   3.052864     0.5401   3.053151    5.20496    -0.0534    13.8155 0.0000e+00  -60.75600  -57.55050 1153801876 206.188402    34.7002      96840         12  0.000e+00
   3000.910     0.5396   3.052851     0.5398   3.053163    5.20500    -0.0749    13.8155 0.0000e+00  -60.75600  -57.55050 1153801876 206.188403    34.7003      96841         12  0.000e+00
    748.497     1.8692   3.077077     1.8688   3.077332    4.52121    -0.0964    13.8155 0.0000e+00  -60.75600  -57.55050 1153804662 206.220647    34.7113     163702         13  0.000e+00
    748.352     1.8689   3.077084     1.8686   3.077332    4.52115    -0.0642    13.8155 0.0000e+00  -60.75600  -57.55050 1153804662 206.220647    34.7118     163703         13  0.000e+00
    748.497     1.8697   3.077067     1.8683   3.077308    4.51636    -0.0211    13.8155 0.0000e+00  -60.75600  -57.55050 1153804662 206.220648    34.7106     163704         13  0.000e+00
    748.429     1.8694   3.077074     1.8688   3.077320    4.51634    -0.0104    13.8155 0.0000e+00  -60.75600  -57.55050 1153804662 206.220648    34.7111     163705         13  0.000e+00
    748.352     1.8694   3.077119     1.8691   3.077368    4.51627    -0.0534    13.8155 0.0000e+00  -60.75600  -57.55050 1153804662 206.220649    34.7117     163706         13  0.000e+00
    748.429     1.8692   3.077074     1.8692   3.077404    4.51636    -0.0534    13.8155 0.0000e+00  -60.75600  -57.55050 1153804662 206.220649    34.7113     163707         13  0.000e+00
    748.352     1.8692   3.077043     1.8691   3.077380    4.51632    -0.0426    13.8155 0.0000e+00  -60.75600  -57.55050 1153804662 206.220650    34.7109     163708         13  0.000e+00
