product_data/regression_test/downloaded_data/MDGS/320620060703/ctd/p6617601.ros
* Sea-Bird SBE 9 Data File:
* FileName = D:\Data\Raw\p6617601.dat
* Software Version Seasave Win32 V 5.32
* Temperature SN = 1649
* Conductivity SN = 1431
* Number of Bytes Per Scan = 37
* Number of Voltage Words = 5
* Number of Scans Averaged by the Deck Unit = 1
* NMEA Latitude = 60 36.97 S
* NMEA Longitude = 054 43.19 W
* NMEA UTC (Time) = 04:16:14
** Ship:   Nathaniel B. Palmer 
** Cruise:    NBP0606 
# nquan = 17
# nvalues = 1176                    
# units = specified
# name 0 = prDM: Pressure, Digiquartz [db]
# name 1 = t090C: Temperature [ITS-90, deg C]
# name 2 = c0S/m: Conductivity [S/m]
# name 3 = t190C: Temperature, 2 [ITS-90, deg C]
# name 4 = c1S/m: Conductivity, 2 [S/m]
# name 5 = sbeox0ML/L: Oxygen, SBE 43 [ml/l]
# name 6 = flECO-AFL: Fluorescence, Wetlab ECO-AFL/FL [mg/m^3]
# name 7 = bat: Beam Attenuation, Chelsea/Seatech/Wetlab CStar [1/m]
# name 8 = spar: SPAR/Surface Irradiance
# name 9 = latitude: Latitude [deg]
# name 10 = longitude: Longitude [deg]
# name 11 = timeY: Time, System [seconds]
# name 12 = timeJ: Julian Days
# name 13 = sal00: Salinity [PSU]
# name 14 = scan: scan number
# name 15 = nbf: number of bottles fired
# name 16 = flag:  0.000e+00
# interval = seconds: 0.0416667                   
# start_time = Jul 21 2006 04:16:22
*END*
[from data line 596]
   3002.006    -0.0471   2.999403    -0.0472   2.999634    1.68805    -0.0964    13.8155 0.0000e+00  -60.61617  -54.71983 1153459611 202.226996    34.6572     101531         13  0.000e+00
   3002.075    -0.0472   2.999393    -0.0470   2.999652    1.68808    -0.0749    13.8155 0.0000e+00  -60.61617  -54.71983 1153459611 202.226996    34.6572     101532         13  0.000e+00
   3002.075    -0.0473   2.999373    -0.0472   2.999640    1.68808    -0.0534    13.8155 0.0000e+00  -60.61617  -54.71983 1153459611 202.226997    34.6570     101533         13  0.000e+00
   3001.996    -0.0471   2.999349    -0.0470   2.999652    1.69490    -0.0964    13.8155 0.0000e+00  -60.61617  -54.71983 1153459611 202.226997    34.6565     101534         13  0.000e+00
   3001.996    -0.0471   2.999362    -0.0467   2.999640    1.68806    -0.1072    13.8155 0.0000e+00  -60.61617  -54.71983 1153459611 202.226997    34.6567     101535         13  0.000e+00
   3002.006    -0.0473   2.999369    -0.0470   2.999652    1.69491    -0.0964    13.8155 0.0000e+00  -60.61617  -54.71983 1153459611 202.226998    34.6569     101536         13  0.000e+00
   3001.996    -0.0468   2.999349    -0.0470   2.999658    1.68804    -0.0964    13.8155 0.0000e+00  -60.61617  -54.71983 1153459611 202.226998    34.6562     101537         13  0.000e+00
   3001.926    -0.0468   2.999362    -0.0467   2.999640    1.69486    -0.0964    13.8155 0.0000e+00  -60.61617  -54.71983 1153459611 202.226999    34.6564     101538         13  0.000e+00
   3001.996    -0.0468   2.999386    -0.0475   2.999652    1.69487    -0.0964    13.8155 0.0000e+00  -60.61617  -54.71983 1153459611 202.226999    34.6566     101539         13  0.000e+00
   3001.926    -0.0471   2.999393    -0.0473   2.999658    1.68804    -0.0964    13.8155 0.0000e+00  -60.61617  -54.71983 1153459611 202.227000    34.6571     101540         13  0.000e+00
   3001.926    -0.0468   2.999410    -0.0472   2.999640    1.69485    -0.1072    13.8155 0.0000e+00  -60.61617  -54.71983 1153459611 202.227000    34.6570     101541         13  0.000e+00
   3001.847    -0.0466   2.999376    -0.0470   2.999634    1.68799    -0.1072    13.8155 0.0000e+00  -60.61617  -54.71983 1153459611 202.227001    34.6564     101542         13  0.000e+00
   3001.926    -0.0466   2.999349    -0.0472   2.999652    1.68801    -0.0964    13.8155 0.0000e+00  -60.61617  -54.71983 1153459611 202.227001    34.6560     101543         13  0.000e+00
   3001.847    -0.0470   2.999379    -0.0472   2.999658    1.68801    -0.0749    13.8155 0.0000e+00  -60.61617  -54.71983 1153459611 202.227002    34.6568     101544         13  0.000e+00
   3001.847    -0.0466   2.999410    -0.0470   2.999658    1.68799    -0.0857    13.8155 0.0000e+00  -60.61617  -54.71983 1153459611 202.227002    34.6568     101545         13  0.000e+00
   3001.857    -0.0470   2.999396    -0.0464   2.999640    1.68117    -0.1180    13.8155 0.0000e+00  -60.61617  -54.71983 1153459611 202.227003    34.6570     101546         13  0.000e+00
   3001.847    -0.0468   2.999393    -0.0470   2.999652    1.67432    -0.1072    13.8155 0.0000e+00  -60.61617  -54.71983 1153459611 202.227003    34.6568     101547         13  0.000e+00
   3001.778    -0.0468   2.999393    -0.0473   2.999658    1.66746    -0.1180    13.8155 0.0000e+00  -60.61617  -54.71983 1153459611 202.227004    34.6568     101548         13  0.000e+00
   3001.847    -0.0469   2.999373    -0.0475   2.999658    1.66749    -0.1072    13.8155 0.0000e+00  -60.61617  -54.71983 1153459611 202.227004    34.6567     101549         13  0.000e+00
   3001.768    -0.0471   2.999369    -0.0473   2.999658    1.66064    -0.1180    13.8155 0.0000e+00  -60.61617  -54.71983 1153459612 202.227005    34.6569     101550         13  0.000e+00
   3001.778    -0.0466   2.999369    -0.0470   2.999658    1.66062    -0.1180    13.8155 0.0000e+00  -60.61617  -54.71983 1153459612 202.227005    34.6563     101551         13  0.000e+00
   3001.698    -0.0470   2.999345    -0.0470   2.999640    1.66062    -0.1395    13.8155 0.0000e+00  -60.61617  -54.71983 1153459612 202.227006    34.6564     101552         13  0.000e+00
   3001.768    -0.0471   2.999379    -0.0470   2.999652    1.66064    -0.1610    13.8155 0.0000e+00  -60.61617  -54.71983 1153459612 202.227006    34.6570     101553         13  0.000e+00
   3001.698    -0.0468   2.999393    -0.0472   2.999658    1.66060    -0.1502    13.8155 0.0000e+00  -60.61617  -54.71983 1153459612 202.227007    34.6569     101554         13  0.000e+00
   3001.698    -0.0474   2.999373    -0.0470   2.999658    1.66064    -0.1395    13.8155 0.0000e+00  -60.61617  -54.71983 1153459612 202.227007    34.6573     101555         13  0.000e+00
   3001.698    -0.0468   2.999369    -0.0464   2.999640    1.66061    -0.1287    13.8155 0.0000e+00  -60.61617  -54.71983 1153459612 202.227008    34.6566     101556         13  0.000e+00
   3001.698    -0.0469   2.999369    -0.0469   2.999634    1.66062    -0.1287    13.8155 0.0000e+00  -60.61617  -54.71983 1153459612 202.227008    34.6567     101557         13  0.000e+00
   3001.619    -0.0473   2.999386    -0.0469   2.999670    1.66061    -0.0857    13.8155 0.0000e+00  -60.61617  -54.71983 1153459612 202.227009    34.6574     101558         13  0.000e+00
   3001.698    -0.0471   2.999393    -0.0475   2.999646    1.66062    -0.0534    13.8155 0.0000e+00  -60.61617  -54.71983 1153459612 202.227009    34.6572     101559         13  0.000e+00
   3001.619    -0.0469   2.999373    -0.0469   2.999652    1.66744    -0.1072    13.8155 0.0000e+00  -60.61617  -54.71983 1153459612 202.227010    34.6568     101560         13  0.000e+00
   3001.629    -0.0473   2.999369    -0.0469   2.999640    1.66746    -0.1395    13.8155 0.0000e+00  -60.61617  -54.71983 1153459612 202.227010    34.6571     101561         13  0.000e+00
   3001.549    -0.0474   2.999379    -0.0467   2.999652    1.66745    -0.0857    13.8155 0.0000e+00  -60.61617  -54.71983 1153459612 202.227011    34.6575     101562         13  0.000e+00
   3001.619    -0.0471   2.999356    -0.0470   2.999640    1.66745    -0.0749    13.8155 0.0000e+00  -60.61617  -54.71983 1153459612 202.227011    34.6568     101563         13  0.000e+00
   3001.549    -0.0471   2.999362    -0.0470   2.999652    1.66743    -0.1395    13.8155 0.0000e+00  -60.61617  -54.71983 1153459612 202.227011    34.6569     101564         13  0.000e+00
   3001.549    -0.0468   2.999369    -0.0467   2.999640    1.66741    -0.1180    13.8155 0.0000e+00  -60.61617  -54.71983 1153459612 202.227012    34.6566     101565         13  0.000e+00
   3001.619    -0.0471   2.999386    -0.0472   2.999652    1.66744    -0.0964    13.8155 0.0000e+00  -60.61617  -54.71983 1153459612 202.227012    34.6572     101566         13  0.000e+00
   3001.470    -0.0473   2.999393    -0.0465   2.999658    1.66058    -0.1395    13.8155 0.0000e+00  -60.61617  -54.71983 1153459612 202.227013    34.6575     101567         13  0.000e+00
   3001.549    -0.0472   2.999373    -0.0469   2.999658    1.66060    -0.1395    13.8155 0.0000e+00  -60.61617  -54.71983 1153459612 202.227013    34.6572     101568         13  0.000e+00
   3001.470    -0.0466   2.999349    -0.0473   2.999640    1.66055    -0.1502    13.8155 0.0000e+00  -60.61617  -54.71983 1153459612 202.227014    34.6563     101569         13  0.000e+00
   3001.549    -0.0468   2.999362    -0.0470   2.999652    1.66057    -0.1395    13.8155 0.0000e+00  -60.61617  -54.71983 1153459612 202.227014    34.6566     101570         13  0.000e+00
   3001.470    -0.0468   2.999369    -0.0466   2.999640    1.66056    -0.0857    13.8155 0.0000e+00  -60.61617  -54.71983 1153459612 202.227015    34.6567     101571         13  0.000e+00
   3001.772    -0.0469   2.999386    -0.0470   2.999670    1.67431    -0.1610    13.8155 0.0000e+00  -60.61617  -54.71983 1153459619 202.227085    34.6569     101717         14  0.000e+00
   3001.861    -0.0470   2.999427    -0.0470   2.999688    1.66749    -0.0964    13.8155 0.0000e+00  -60.61617  -54.71983 1153459619 202.227086    34.6574     101718         14  0.000e+00
   3001.772    -0.0472   2.999403    -0.0467   2.999664    1.66749    -0.1180    13.8155 0.0000e+00  -60.61617  -54.71983 1153459619 202.227086    34.6575     101719         14  0.000e+00
   3001.931    -0.0466   2.999393    -0.0472   2.999658    1.67433    -0.0857    13.8155 0.0000e+00  -60.61617  -54.71983 1153459619 202.227087    34.6566     101720         14  0.000e+00
   3001.862    -0.0469   2.999444    -0.0470   2.999658    1.67432    -0.0749    13.8155 0.0000e+00  -60.61617  -54.71983 1153459619 202.227087    34.6576     101721         14  0.000e+00
   3002.001    -0.0468   2.999403    -0.0470   2.999658    1.67435    -0.1180    13.8155 0.0000e+00  -60.61617  -54.71983 1153459619 202.227088    34.6569     101722         14  0.000e+00
   3001.931    -0.0471   2.999407    -0.0472   2.999700    1.67435    -0.1072    13.8155 0.0000e+00  -60.61617  -54.71983 1153459619 202.227088    34.6573     101723         14  0.000e+00
   3002.001    -0.0473   2.999397    -0.0470   2.999670    1.67438    -0.0749    13.8155 0.0000e+00  -60.61617  -54.71983 1153459619 202.227089    34.6573     101724         14  0.000e+00
   3002.080    -0.0471   2.999373    -0.0470   2.999658    1.67439    -0.1180    13.8155 0.0000e+00  -60.61617  -54.71983 1153459619 202.227089    34.6568     101725         14  0.000e+00
   3002.011    -0.0477   2.999386    -0.0475   2.999658    1.67441    -0.1395    13.8155 0.0000e+00  -60.61617  -54.71983 1153459619 202.227090    34.6577     101726         14  0.000e+00
   3002.080    -0.0472   2.999356    -0.0473   2.999676    1.67440    -0.1072    13.8155 0.0000e+00  -60.61617  -54.71983 1153459619 202.227090    34.6567     101727         14  0.000e+00
   3002.160    -0.0476   2.999345    -0.0470   2.999664    1.67444    -0.1180    13.8155 0.0000e+00  -60.61617  -54.71983 1153459619 202.227091    34.6569     101728         14  0.000e+00
   3002.150    -0.0472   2.999380    -0.0467   2.999658    1.67442    -0.1180    13.8155 0.0000e+00  -60.61617  -54.71983 1153459619 202.227091    34.6570     101729         14  0.000e+00
   3002.150    -0.0474   2.999410    -0.0473   2.999658    1.67442    -0.0964    13.8155 0.0000e+00  -60.61617  -54.71983 1153459619 202.227092    34.6576     101730         14  0.000e+00
   3002.240    -0.0472   2.999397    -0.0472   2.999676    1.67444    -0.1395    13.8155 0.0000e+00  -60.61617  -54.71983 1153459619 202.227092    34.6572     101731         14  0.000e+00
   3002.230    -0.0472   2.999386    -0.0475   2.999664    1.67443    -0.1072    13.8155 0.0000e+00  -60.61617  -54.71983 1153459619 202.227092    34.6570     101732         14  0.000e+00
   3002.240    -0.0474   2.999390    -0.0467   2.999700    1.67445    -0.1180    13.8155 0.0000e+00  -60.61617  -54.71983 1153459619 202.227093    34.6573     101733         14  0.000e+00
   3002.309    -0.0471   2.999410    -0.0475   2.999694    1.67444    -0.1502    13.8155 0.0000e+00  -60.61617  -54.71983 1153459619 202.227093    34.6571     101734         14  0.000e+00
   3002.309    -0.0471   2.999397    -0.0473   2.999664    1.67444    -0.1395    13.8155 0.0000e+00  -60.61617  -54.71983 1153459619 202.227094    34.6570     101735         14  0.000e+00
   3002.389    -0.0474   2.999393    -0.0469   2.999658    1.67448    -0.0964    13.8155 0.0000e+00  -60.61617  -54.71983 1153459619 202.227094    34.6572     101736         14  0.000e+00
   3002.379    -0.0470   2.999393    -0.0469   2.999658    1.66761    -0.0749    13.8155 0.0000e+00  -60.61617  -54.71983 1153459619 202.227095    34.6567     101737         14  0.000e+00
   3002.230    -0.0471   2.999427    -0.0470   2.999700    1.66758    -0.0642    13.8155 0.0000e+00  -60.61617  -54.71983 1153459619 202.227095    34.6574     101738         14  0.000e+00
   3002.538    -0.0470   2.999421    -0.0467   2.999694    1.66764    -0.0857    13.8155 0.0000e+00  -60.61617  -54.71983 1153459619 202.227096    34.6570     101739         14  0.000e+00
   3002.458    -0.0469   2.999451    -0.0469   2.999706    1.66762    -0.0964    13.8155 0.0000e+00  -60.61617  -54.71983 1153459619 202.227096    34.6574     101740         14  0.000e+00
   3002.458    -0.0473   2.999444    -0.0467   2.999694    1.66764    -0.1072    13.8155 0.0000e+00  -60.61617  -54.71983 1153459619 202.227097    34.6577     101741         14  0.000e+00
   3002.538    -0.0471   2.999441    -0.0467   2.999706    1.66765    -0.1180    13.8155 0.0000e+00  -60.61617  -54.71983 1153459620 202.227097    34.6574     101742         14  0.000e+00
   3002.458    -0.0466   2.999417    -0.0467   2.999736    1.66077    -0.1072    13.8155 0.0000e+00  -60.61617  -54.71983 1153459620 202.227098    34.6567     101743         14  0.000e+00
   3002.618    -0.0466   2.999397    -0.0472   2.999700    1.66080    -0.0964    13.8155 0.0000e+00  -60.61617  -54.71983 1153459620 202.227098    34.6563     101744         14  0.000e+00
   3002.538    -0.0474   2.999410    -0.0470   2.999688    1.65399    -0.1395    13.8155 0.0000e+00  -60.61617  -54.71983 1153459620 202.227099    34.6574     101745         14  0.000e+00
   3002.618    -0.0474   2.999417    -0.0464   2.999688    1.65401    -0.0964    13.8155 0.0000e+00  -60.61617  -54.71983 1153459620 202.227099    34.6574     101746         14  0.000e+00
   3002.608    -0.0471   2.999417    -0.0470   2.999706    1.65399    -0.0749    13.8155 0.0000e+00  -60.61617  -54.71983 1153459620 202.227100    34.6571     101747         14  0.000e+00
   3002.618    -0.0472   2.999397    -0.0470   2.999670    1.65400    -0.1287    13.8155 0.0000e+00  -60.61617  -54.71983 1153459620 202.227100    34.6570     101748         14  0.000e+00
   3002.608    -0.0470   2.999373    -0.0467   2.999700    1.65398    -0.1395    13.8155 0.0000e+00  -60.61617  -54.71983 1153459620 202.227101    34.6564     101749         14  0.000e+00
   3002.687    -0.0469   2.999387    -0.0473   2.999670    1.65400    -0.0749    13.8155 0.0000e+00  -60.61617  -54.71983 1153459620 202.227101    34.6565     101750         14  0.000e+00
   3002.618    -0.0479   2.999393    -0.0472   2.999700    1.65404    -0.0749    13.8155 0.0000e+00  -60.61617  -54.71983 1153459620 202.227102    34.6576     101751         14  0.000e+00
   3002.757    -0.0476   2.999393    -0.0468   2.999694    1.65405    -0.0749    13.8155 0.0000e+00  -60.61617  -54.71983 1153459620 202.227102    34.6572     101752         14  0.000e+00
   3002.687    -0.0469   2.999369    -0.0475   2.999688    1.65400    -0.0857    13.8155 0.0000e+00  -60.61617  -54.71983 1153459620 202.227103    34.6563     101753         14  0.000e+00
   3002.687    -0.0476   2.999383    -0.0472   2.999664    1.64720    -0.1610    13.8155 0.0000e+00  -60.61617  -54.71983 1153459620 202.227103    34.6571     101754         14  0.000e+00
   3002.687    -0.0474   2.999410    -0.0473   2.999641    1.65402    -0.1502    13.8155 0.0000e+00  -60.61617  -54.71983 1153459620 202.227104    34.6573     101755         14  0.000e+00
   3002.767    -0.0473   2.999380    -0.0473   2.999670    1.65404    -0.0964    13.8155 0.0000e+00  -60.61617  -54.71983 1153459620 202.227104    34.6567     101756         14  0.000e+00
   3002.757    -0.0472   2.999404    -0.0473   2.999688    1.65403    -0.1180    13.8155 0.0000e+00  -60.61617  -54.71983 1153459620 202.227105    34.6570     101757         14  0.000e+00
   3002.687    -0.0471   2.999397    -0.0473   2.999688    1.64717    -0.0642    13.8155 0.0000e+00  -60.61617  -54.71983 1153459620 202.227105    34.6568     101758         14  0.000e+00
   3002.757    -0.0474   2.999410    -0.0472   2.999664    1.64720    -0.0964    13.8155 0.0000e+00  -60.61617  -54.71983 1153459620 202.227106    34.6573     101759         14  0.000e+00
