product_data/regression_test/downloaded_data/MDGS/320620060703/ctd/p6617201.ros
* Sea-Bird SBE 9 Data File:
* FileName = D:\Data\Raw\p6617201.dat
* Software Version Seasave Win32 V 5.32
* Temperature SN = 1649
* Conductivity SN = 1431
* Number of Bytes Per Scan = 37
* Number of Voltage Words = 5
* Number of Scans Averaged by the Deck Unit = 1
* NMEA Latitude = 60 36.98 S
* NMEA Longitude = 055 11.63 W
* NMEA UTC (Time) = 16:04:08
** Ship:   Nathaniel B. Palmer 
** Cruise:    NBP0606 
# nquan = 17
# nvalues = 1167                    
# units = specified
# name 0 = prDM: Pressure, Digiquartz [db]
# name 1 = t090C: Temperature [ITS-90, deg C]
# name 2 = c0S/m: Conductivity [S/m]
# name 3 = t190C: Temperature, 2 [ITS-90, deg C]
# name 4 = c1S/m: Conductivity, 2 [S/m]
# name 5 = sbeox0ML/L: Oxygen, SBE 43 [ml/l]
# name 6 = flECO-AFL: Fluorescence, Wetlab ECO-AFL/FL [mg/m^3]
# name 7 = bat: Beam Attenuation, Chelsea/Seatech/Wetlab CStar [1/m]
# name 8 = spar: SPAR/Surface Irradiance
# name 9 = latitude: Latitude [deg]
# name 10 = longitude: Longitude [deg]
# name 11 = timeY: Time, System [seconds]
# name 12 = timeJ: Julian Days
# name 13 = sal00: Salinity [PSU]
# name 14 = scan: scan number
# name 15 = nbf: number of bottles fired
# name 16 = flag:  0.000e+00
# interval = seconds: 0.0416667                   
# start_time = Jul 20 2006 16:04:16
*END*
[from data line 1107]
      8.169    -0.5274   2.796543    -0.5266   2.796892    7.46413     0.1618    13.8155 2.0456e+02  -60.61633  -55.19383 1153414994 201.710602    34.1613      84961         23  0.000e+00
      8.131    -0.5263   2.796566    -0.5263   2.796933    7.46391     0.1403    13.8155 2.0456e+02  -60.61633  -55.19383 1153414994 201.710602    34.1604      84962         23  0.000e+00
      8.169    -0.5265   2.796553    -0.5269   2.796909    7.46862     0.1833    13.8155 2.0456e+02  -60.61633  -55.19383 1153414994 201.710603    34.1603      84963         23  0.000e+00
      8.169    -0.5266   2.796550    -0.5263   2.796915    7.46864     0.2263    13.8155 2.0456e+02  -60.61633  -55.19383 1153414994 201.710603    34.1605      84964         23  0.000e+00
      8.264    -0.5271   2.796530    -0.5269   2.796927    7.46419     0.2156    13.8155 2.0456e+02  -60.61633  -55.19383 1153414994 201.710604    34.1607      84965         23  0.000e+00
      8.312    -0.5271   2.796507    -0.5266   2.796904    7.46425     0.1618    13.8155 2.0456e+02  -60.61633  -55.19383 1153414994 201.710604    34.1603      84966         23  0.000e+00
      8.245    -0.5271   2.796553    -0.5265   2.796898    7.46415     0.1618    13.8155 2.0456e+02  -60.61633  -55.19383 1153414994 201.710605    34.1610      84967         23  0.000e+00
      8.340    -0.5271   2.796543    -0.5268   2.796898    7.46426     0.1941    13.8155 2.0456e+02  -60.61633  -55.19383 1153414994 201.710605    34.1608      84968         23  0.000e+00
      8.312    -0.5270   2.796497    -0.5266   2.796880    7.46888     0.2048    13.8155 2.0456e+02  -60.61633  -55.19383 1153414994 201.710606    34.1600      84969         23  0.000e+00
      8.379    -0.5273   2.796497    -0.5265   2.796892    7.46436     0.2048    13.8155 2.0456e+02  -60.61633  -55.19383 1153414994 201.710606    34.1603      84970         23  0.000e+00
      8.474    -0.5268   2.796536    -0.5263   2.796898    7.46436     0.1941    13.8155 2.0261e+02  -60.61633  -55.19383 1153414995 201.710607    34.1603      84971         23  0.000e+00
      9.431    -0.5273   2.796477    -0.5269   2.796875    7.48401     0.1833    13.8155 2.0261e+02  -60.61633  -55.19383 1153415004 201.710722    34.1594      85210         24  0.000e+00
      9.393    -0.5276   2.796477    -0.5269   2.796869    7.48866     0.1618    13.8155 2.0261e+02  -60.61633  -55.19383 1153415004 201.710722    34.1598      85211         24  0.000e+00
      9.365    -0.5270   2.796497    -0.5269   2.796892    7.48388     0.1618    13.8155 2.0261e+02  -60.61633  -55.19383 1153415004 201.710723    34.1594      85212         24  0.000e+00
      9.365    -0.5273   2.796504    -0.5265   2.796916    7.48393     0.1618    13.8155 2.0261e+02  -60.61633  -55.19383 1153415005 201.710723    34.1598      85213         24  0.000e+00
      9.250    -0.5274   2.796504    -0.5265   2.796904    7.48383     0.1295    13.8155 2.0261e+02  -60.61633  -55.19383 1153415005 201.710724    34.1601      85214         24  0.000e+00
      9.222    -0.5277   2.796487    -0.5266   2.796916    7.48386     0.0972    13.8155 2.0066e+02  -60.61633  -55.19383 1153415005 201.710724    34.1602      85215         24  0.000e+00
      9.222    -0.5270   2.796497    -0.5271   2.796886    7.48373     0.1188    13.8155 2.0066e+02  -60.61633  -55.19383 1153415005 201.710725    34.1595      85216         24  0.000e+00
      9.117    -0.5274   2.796471    -0.5269   2.796910    7.48371     0.1726    13.8155 2.0261e+02  -60.61633  -55.19383 1153415005 201.710725    34.1597      85217         24  0.000e+00
      9.155    -0.5274   2.796500    -0.5269   2.796886    7.48373     0.1618    13.8155 2.0261e+02  -60.61633  -55.19383 1153415005 201.710726    34.1601      85218         24  0.000e+00
      9.117    -0.5273   2.796490    -0.5268   2.796869    7.48368     0.1295    13.8155 2.0261e+02  -60.61633  -55.19383 1153415005 201.710726    34.1598      85219         24  0.000e+00
      9.088    -0.5271   2.796497    -0.5266   2.796869    7.48362     0.0972    13.8155 2.0261e+02  -60.61633  -55.19383 1153415005 201.710727    34.1597      85220         24  0.000e+00
      9.088    -0.5273   2.796504    -0.5271   2.796852    7.48364     0.1403    13.8155 2.0261e+02  -60.61633  -55.19383 1153415005 201.710727    34.1600      85221         24  0.000e+00
      8.974    -0.5270   2.796504    -0.5268   2.796846    7.48347     0.1510    13.8155 2.0261e+02  -60.61633  -55.19383 1153415005 201.710728    34.1597      85222         24  0.000e+00
      8.945    -0.5276   2.796487    -0.5269   2.796846    7.48355     0.1618    13.8155 2.0261e+02  -60.61633  -55.19383 1153415005 201.710728    34.1602      85223         24  0.000e+00
      9.012    -0.5271   2.796497    -0.5268   2.796846    7.48354     0.1618    13.8155 2.0261e+02  -60.61633  -55.19383 1153415005 201.710729    34.1598      85224         24  0.000e+00
      8.907    -0.5270   2.796487    -0.5269   2.796863    7.48341     0.1618    13.8155 2.0261e+02  -60.61633  -55.19383 1153415005 201.710729    34.1595      85225         24  0.000e+00
      8.879    -0.5271   2.796464    -0.5266   2.796851    7.48342     0.1403    13.8155 2.0261e+02  -60.61633  -55.19383 1153415005 201.710730    34.1594      85226         24  0.000e+00
      8.879    -0.5273   2.796480    -0.5268   2.796863    7.48344     0.1403    13.8155 2.0261e+02  -60.61633  -55.19383 1153415005 201.710730    34.1598      85227         24  0.000e+00
      8.764    -0.5271   2.796484    -0.5268   2.796828    7.48329     0.1188    13.8155 2.0261e+02  -60.61633  -55.19383 1153415005 201.710731    34.1597      85228         24  0.000e+00
      8.802    -0.5273   2.796513    -0.5271   2.796817    7.48333     0.0972    13.8155 2.0261e+02  -60.61633  -55.19383 1153415005 201.710731    34.1603      85229         24  0.000e+00
      8.736    -0.5274   2.796477    -0.5268   2.796851    7.48331     0.1188    13.8155 2.0261e+02  -60.61633  -55.19383 1153415005 201.710732    34.1600      85230         24  0.000e+00
      8.688    -0.5270   2.796460    -0.5265   2.796851    7.48320     0.1403    13.8155 2.0066e+02  -60.61633  -55.19383 1153415005 201.710732    34.1593      85231         24  0.000e+00
      8.669    -0.5273   2.796490    -0.5263   2.796880    7.48321     0.1188    13.8155 2.0066e+02  -60.61633  -55.19383 1153415005 201.710733    34.1601      85232         24  0.000e+00
      8.593    -0.5271   2.796487    -0.5269   2.796857    7.47847     0.0972    13.8155 2.0066e+02  -60.61633  -55.19383 1153415005 201.710733    34.1599      85233         24  0.000e+00
      8.621    -0.5266   2.796513    -0.5265   2.796880    7.47841     0.1403    13.8155 2.0066e+02  -60.61633  -55.19383 1153415005 201.710734    34.1597      85234         24  0.000e+00
      8.526    -0.5270   2.796527    -0.5266   2.796857    7.48299     0.1726    13.8155 2.0066e+02  -60.61633  -55.19383 1153415005 201.710734    34.1603      85235         24  0.000e+00
      8.526    -0.5270   2.796533    -0.5265   2.796863    7.47835     0.1188    13.8155 2.0066e+02  -60.61633  -55.19383 1153415006 201.710734    34.1604      85236         24  0.000e+00
      8.479    -0.5270   2.796477    -0.5265   2.796892    7.47834     0.1188    13.8155 2.0066e+02  -60.61633  -55.19383 1153415006 201.710735    34.1597      85237         24  0.000e+00
      8.459    -0.5265   2.796477    -0.5263   2.796898    7.48289     0.1403    13.8155 2.0066e+02  -60.61633  -55.19383 1153415006 201.710735    34.1592      85238         24  0.000e+00
      8.383    -0.5271   2.796484    -0.5263   2.796857    7.48289     0.1295    13.8155 1.9871e+02  -60.61633  -55.19383 1153415006 201.710736    34.1600      85239         24  0.000e+00
      8.345    -0.5268   2.796497    -0.5260   2.796863    7.47816     0.1188    13.8155 1.9871e+02  -60.61633  -55.19383 1153415006 201.710736    34.1598      85240         24  0.000e+00
      8.383    -0.5270   2.796503    -0.5263   2.796869    7.47822     0.1618    13.8155 1.9871e+02  -60.61633  -55.19383 1153415006 201.710737    34.1601      85241         24  0.000e+00
      8.317    -0.5266   2.796503    -0.5263   2.796869    7.47810     0.1726    13.8155 2.0066e+02  -60.61633  -55.19383 1153415006 201.710737    34.1598      85242         24  0.000e+00
      8.269    -0.5262   2.796487    -0.5263   2.796875    7.48263     0.1188    13.8155 2.0066e+02  -60.61633  -55.19383 1153415006 201.710738    34.1590      85243         24  0.000e+00
      8.250    -0.5266   2.796497    -0.5266   2.796869    7.48268     0.1188    13.8155 2.0066e+02  -60.61633  -55.19383 1153415006 201.710738    34.1597      85244         24  0.000e+00
      8.250    -0.5268   2.796503    -0.5257   2.796869    7.47806     0.1618    13.8155 2.0066e+02  -60.61633  -55.19383 1153415006 201.710739    34.1600      85245         24  0.000e+00
      8.136    -0.5266   2.796493    -0.5262   2.796892    7.47792     0.1403    13.8155 2.0066e+02  -60.61633  -55.19383 1153415006 201.710739    34.1597      85246         24  0.000e+00
      8.174    -0.5270   2.796500    -0.5265   2.796880    7.47800     0.1403    13.8155 1.9871e+02  -60.61633  -55.19383 1153415006 201.710740    34.1602      85247         24  0.000e+00
      8.174    -0.5266   2.796520    -0.5263   2.796869    7.47794     0.0972    13.8155 2.0066e+02  -60.61633  -55.19383 1153415006 201.710740    34.1601      85248         24  0.000e+00
      8.136    -0.5260   2.796526    -0.5260   2.796869    7.47781     0.0972    13.8155 1.9871e+02  -60.61633  -55.19383 1153415006 201.710741    34.1595      85249         24  0.000e+00
      8.107    -0.5263   2.796559    -0.5262   2.796869    7.47780     0.1403    13.8155 1.9871e+02  -60.61633  -55.19383 1153415006 201.710741    34.1603      85250         24  0.000e+00
      8.031    -0.5260   2.796553    -0.5255   2.796909    7.47768     0.1833    13.8155 1.9871e+02  -60.61633  -55.19383 1153415006 201.710742    34.1599      85251         24  0.000e+00
      8.059    -0.5263   2.796550    -0.5260   2.796904    7.47776     0.1403    13.8155 1.9871e+02  -60.61633  -55.19383 1153415006 201.710742    34.1602      85252         24  0.000e+00
      8.031    -0.5260   2.796513    -0.5260   2.796933    7.48234     0.1403    13.8155 1.9871e+02  -60.61633  -55.19383 1153415006 201.710743    34.1594      85253         24  0.000e+00
      7.964    -0.5262   2.796503    -0.5257   2.796909    7.47767     0.1618    13.8155 1.9871e+02  -60.61633  -55.19383 1153415006 201.710743    34.1595      85254         24  0.000e+00
      7.993    -0.5262   2.796510    -0.5259   2.796915    7.47769     0.1188    13.8155 1.9871e+02  -60.61633  -55.19383 1153415006 201.710744    34.1595      85255         24  0.000e+00
      7.964    -0.5262   2.796523    -0.5257   2.796904    7.47765     0.1403    13.8155 1.9871e+02  -60.61633  -55.19383 1153415006 201.710744    34.1597      85256         24  0.000e+00
      7.964    -0.5260   2.796526    -0.5255   2.796898    7.47763     0.1403    13.8155 1.9871e+02  -60.61633  -55.19383 1153415006 201.710745    34.1596      85257         24  0.000e+00
      7.993    -0.5257   2.796559    -0.5262   2.796898    7.47759     0.1403    13.8155 1.9871e+02  -60.61633  -55.19383 1153415006 201.710745    34.1596      85258         24  0.000e+00
