product_data/regression_test/downloaded_data/MDGS/320620060703/ctd/p6619703.ros
* Sea-Bird SBE 9 Data File:
* FileName = D:\Data\Raw\p6619703.dat
* Software Version Seasave Win32 V 5.32
* Temperature SN = 1649
* Conductivity SN = 1431
* Number of Bytes Per Scan = 37
* Number of Voltage Words = 5
* Number of Scans Averaged by the Deck Unit = 1
* NMEA Latitude = 60 45.00 S
* NMEA Longitude = 058 22.50 W
* NMEA UTC (Time) = 10:38:44
** Ship:   Nathaniel B. Palmer 
** Cruise:    NBP0606 
# nquan = 17
# nvalues = 1176                    
# units = specified
# name 0 = prDM: Pressure, Digiquartz [db]
# name 1 = t090C: Temperature [ITS-90, deg C]
# name 2 = c0S/m: Conductivity [S/m]
# name 3 = t190C: Temperature, 2 [ITS-90, deg C]
# name 4 = c1S/m: Conductivity, 2 [S/m]
# name 5 = sbeox0ML/L: Oxygen, SBE 43 [ml/l]
# name 6 = flECO-AFL: Fluorescence, Wetlab ECO-AFL/FL [mg/m^3]
# name 7 = bat: Beam Attenuation, Chelsea/Seatech/Wetlab CStar [1/m]
# name 8 = spar: SPAR/Surface Irradiance
# name 9 = latitude: Latitude [deg]
# name 10 = longitude: Longitude [deg]
# name 11 = timeY: Time, System [seconds]
# name 12 = timeJ: Julian Days
# name 13 = sal00: Salinity [PSU]
# name 14 = scan: scan number
# name 15 = nbf: number of bottles fired
# name 16 = flag:  0.000e+00
# interval = seconds: 0.0416667                   
# start_time = Jul 25 2006 10:38:52
*END*
[from data line 256]
    201.164     1.8975   3.033680     1.8986   3.034174    4.70495    -0.0749    13.8155 0.0000e+00  -60.75000  -58.37500 1153826704 206.475761    34.4431      66572          6  0.000e+00
    201.164     1.8975   3.033690     1.8986   3.034174    4.70495    -0.1180    13.8155 0.0000e+00  -60.75000  -58.37500 1153826704 206.475762    34.4432      66573          6  0.000e+00
    201.136     1.8982   3.033728     1.8986   3.034168    4.70486    -0.1072    13.8155 0.0000e+00  -60.75000  -58.37500 1153826704 206.475762    34.4430      66574          6  0.000e+00
    201.241     1.8982   3.033755     1.8991   3.034168    4.70491    -0.0964    13.8155 0.0000e+00  -60.75000  -58.37500 1153826704 206.475763    34.4433      66575          6  0.000e+00
    201.164     1.8981   3.033779     1.8984   3.034168    4.70486    -0.1180    13.8155 0.0000e+00  -60.75000  -58.37500 1153826704 206.475763    34.4437      66576          6  0.000e+00
    201.136     1.8986   3.033752     1.8987   3.034144    4.70480    -0.1610    13.8155 0.0000e+00  -60.75000  -58.37500 1153826704 206.475764    34.4428      66577          6  0.000e+00
    201.241     1.8977   3.033738     1.8986   3.034174    4.70497    -0.1180    13.8155 0.0000e+00  -60.75000  -58.37500 1153826704 206.475764    34.4436      66578          6  0.000e+00
    201.164     1.8983   3.033738     1.8992   3.034192    4.70486    -0.0749    13.8155 0.0000e+00  -60.75000  -58.37500 1153826704 206.475765    34.4429      66579          6  0.000e+00
    201.279     1.8979   3.033721     1.8989   3.034192    4.70498    -0.0749    13.8155 0.0000e+00  -60.75000  -58.37500 1153826705 206.475765    34.4432      66580          6  0.000e+00
    201.164     1.8979   3.033731     1.8987   3.034174    4.70489    -0.0857    13.8155 0.0000e+00  -60.75000  -58.37500 1153826705 206.475766    34.4433      66581          6  0.000e+00
    201.241     1.8979   3.033704     1.8984   3.034186    4.70496    -0.0964    13.8155 0.0000e+00  -60.75000  -58.37500 1153826705 206.475766    34.4430      66582          6  0.000e+00
    201.212     1.8982   3.033673     1.8984   3.034192    4.70493    -0.1072    13.8155 0.0000e+00  -60.75000  -58.37500 1153826705 206.475767    34.4423      66583          6  0.000e+00
    201.241     1.8979   3.033687     1.8981   3.034120    4.70497    -0.0749    13.8155 0.0000e+00  -60.75000  -58.37500 1153826705 206.475767    34.4428      66584          6  0.000e+00
    201.308     1.8979   3.033690     1.8980   3.034084    4.70501    -0.0426    13.8155 0.0000e+00  -60.75000  -58.37500 1153826705 206.475768    34.4428      66585          6  0.000e+00
    201.212     1.8978   3.033656     1.8980   3.034096    4.70497    -0.0642    13.8155 0.0000e+00  -60.75000  -58.37500 1153826705 206.475768    34.4425      66586          6  0.000e+00
    201.308     1.8980   3.033660     1.8975   3.034084    4.70501    -0.0749    13.8155 0.0000e+00  -60.75000  -58.37500 1153826705 206.475769    34.4422      66587          6  0.000e+00
    201.241     1.8974   3.033718     1.8980   3.034078    4.70501    -0.0964    13.8155 0.0000e+00  -60.75000  -58.37500 1153826705 206.475769    34.4437      66588          6  0.000e+00
    201.279     1.8979   3.033687     1.8980   3.034078    4.70500    -0.0749    13.8155 0.0000e+00  -60.75000  -58.37500 1153826705 206.475770    34.4427      66589          6  0.000e+00
    201.308     1.8977   3.033666     1.8984   3.034096    4.70504    -0.0857    13.8155 0.0000e+00  -60.75000  -58.37500 1153826705 206.475770    34.4427      66590          6  0.000e+00
    201.279     1.8978   3.033666     1.8984   3.034084    4.70501    -0.0857    13.8155 0.0000e+00  -60.75000  -58.37500 1153826705 206.475771    34.4426      66591          6  0.000e+00
    201.308     1.8977   3.033629     1.8983   3.034096    4.70505    -0.0534    13.8155 0.0000e+00  -60.75000  -58.37500 1153826705 206.475771    34.4422      66592          6  0.000e+00
    201.308     1.8972   3.033639     1.8986   3.034126    4.70509    -0.0642    13.8155 0.0000e+00  -60.75000  -58.37500 1153826705 206.475772    34.4428      66593          6  0.000e+00
    201.279     1.8974   3.033660     1.8992   3.034174    4.70505    -0.0426    13.8155 0.0000e+00  -60.75000  -58.37500 1153826705 206.475772    34.4429      66594          6  0.000e+00
    201.374     1.8975   3.033646     1.8994   3.034210    4.70511    -0.0104    13.8155 0.0000e+00  -60.75000  -58.37500 1153826705 206.475773    34.4425      66595          6  0.000e+00
    201.308     1.8976   3.033680     1.8997   3.034282    4.70504    -0.0319    13.8155 0.0000e+00  -60.75000  -58.37500 1153826705 206.475773    34.4429      66596          6  0.000e+00
    201.279     1.8979   3.033673     1.8999   3.034282    4.70500    -0.1180    13.8155 0.0000e+00  -60.75000  -58.37500 1153826705 206.475774    34.4426      66597          6  0.000e+00
    201.374     1.8977   3.033649     1.8998   3.034294    4.70509    -0.1287    13.8155 0.0000e+00  -60.75000  -58.37500 1153826705 206.475774    34.4424      66598          6  0.000e+00
    201.308     1.8982   3.033677     1.9006   3.034348    4.70499    -0.0749    13.8155 0.0000e+00  -60.75000  -58.37500 1153826705 206.475774    34.4423      66599          6  0.000e+00
    201.346     1.8979   3.033745     1.9003   3.034366    4.70501    -0.0534    13.8155 0.0000e+00  -60.75000  -58.37500 1153826705 206.475775    34.4434      66600          6  0.000e+00
    201.307     1.8979   3.033797     1.9000   3.034342    4.70497    -0.0964    13.8155 0.0000e+00  -60.75000  -58.37500 1153826705 206.475775    34.4441      66601          6  0.000e+00
    201.374     1.8988   3.033845     1.9009   3.034312    4.70491    -0.0749    13.8155 0.0000e+00  -60.75000  -58.37500 1153826705 206.475776    34.4437      66602          6  0.000e+00
    201.279     1.8988   3.033858     1.9000   3.034306    4.70484    -0.0319    13.8155 0.0000e+00  -60.75000  -58.37500 1153826705 206.475776    34.4439      66603          6  0.000e+00
    201.374     1.8990   3.033875     1.8998   3.034324    4.70488    -0.0104    13.8155 0.0000e+00  -60.75000  -58.37500 1153826706 206.475777    34.4439      66604          6  0.000e+00
    201.307     1.8990   3.033865     1.9000   3.034312    4.70483    -0.0534    13.8155 0.0000e+00  -60.75000  -58.37500 1153826706 206.475777    34.4437      66605          6  0.000e+00
    201.346     1.8997   3.033913     1.9003   3.034348    4.70477    -0.0749    13.8155 0.0000e+00  -60.75000  -58.37500 1153826706 206.475778    34.4435      66606          6  0.000e+00
    201.374     1.8996   3.033879     1.9006   3.034366    4.70482    -0.0534    13.8155 0.0000e+00  -60.75000  -58.37500 1153826706 206.475778    34.4432      66607          6  0.000e+00
    201.307     1.8996   3.033893     1.9008   3.034366    4.70925    -0.0857    13.8155 0.0000e+00  -60.75000  -58.37500 1153826706 206.475779    34.4435      66608          6  0.000e+00
    201.279     1.8996   3.033869     1.9011   3.034366    4.70476    -0.1072    13.8155 0.0000e+00  -60.75000  -58.37500 1153826706 206.475779    34.4432      66609          6  0.000e+00
    150.058     1.2495   2.963413     1.2373   2.962176    5.53535    -0.1180    13.8155 0.0000e+00  -60.75000  -58.37500 1153826840 206.477334    34.2896      69832          7  0.000e+00
    150.134     1.2526   2.963667     1.2339   2.962022    5.53946    -0.1287    13.8155 0.0000e+00  -60.75000  -58.37500 1153826840 206.477334    34.2893      69833          7  0.000e+00
    150.134     1.2540   2.963735     1.2295   2.961856    5.53927    -0.0857    13.8155 0.0000e+00  -60.75000  -58.37500 1153826840 206.477335    34.2887      69834          7  0.000e+00
    150.134     1.2548   2.963721     1.2265   2.961541    5.53467    -0.0857    13.8155 0.0000e+00  -60.75000  -58.37500 1153826840 206.477335    34.2876      69835          7  0.000e+00
    150.134     1.2531   2.963589     1.2234   2.961238    5.53944    -0.1072    13.8155 0.0000e+00  -60.75000  -58.37500 1153826840 206.477336    34.2878      69836          7  0.000e+00
    150.134     1.2507   2.963213     1.2233   2.961090    5.53988    -0.1287    13.8155 0.0000e+00  -60.75000  -58.37500 1153826840 206.477336    34.2856      69837          7  0.000e+00
    150.134     1.2456   2.962765     1.2228   2.961066    5.54067    -0.0964    13.8155 0.0000e+00  -60.75000  -58.37500 1153826840 206.477337    34.2855      69838          7  0.000e+00
    150.134     1.2440   2.962636     1.2231   2.961066    5.54091    -0.0642    13.8155 0.0000e+00  -60.75000  -58.37500 1153826840 206.477337    34.2856      69839          7  0.000e+00
    150.134     1.2432   2.962399     1.2233   2.961084    5.54111    -0.0104    13.8155 0.0000e+00  -60.75000  -58.37500 1153826840 206.477337    34.2834      69840          7  0.000e+00
    150.134     1.2384   2.962022     1.2234   2.961132    5.54182    -0.0319    13.8155 0.0000e+00  -60.75000  -58.37500 1153826840 206.477338    34.2839      69841          7  0.000e+00
    150.201     1.2362   2.961676     1.2233   2.961126    5.54229    -0.0964    13.8155 0.0000e+00  -60.75000  -58.37500 1153826840 206.477338    34.2819      69842          7  0.000e+00
    150.134     1.2336   2.961361     1.2213   2.961031    5.54266    -0.0964    13.8155 0.0000e+00  -60.75000  -58.37500 1153826840 206.477339    34.2806      69843          7  0.000e+00
    150.201     1.2307   2.961124     1.2203   2.960900    5.54768    -0.0749    13.8155 0.0000e+00  -60.75000  -58.37500 1153826841 206.477339    34.2808      69844          7  0.000e+00
    150.134     1.2263   2.960914     1.2196   2.960764    5.54369    -0.0642    13.8155 0.0000e+00  -60.75000  -58.37500 1153826841 206.477340    34.2830      69845          7  0.000e+00
    150.201     1.2245   2.960771     1.2194   2.960710    5.54401    -0.0642    13.8155 0.0000e+00  -60.75000  -58.37500 1153826841 206.477340    34.2831      69846          7  0.000e+00
    150.134     1.2238   2.960778     1.2189   2.960657    5.54856    -0.0857    13.8155 0.0000e+00  -60.75000  -58.37500 1153826841 206.477341    34.2840      69847          7  0.000e+00
    150.201     1.2255   2.960968     1.2188   2.960645    5.54380    -0.0964    13.8155 0.0000e+00  -60.75000  -58.37500 1153826841 206.477341    34.2845      69848          7  0.000e+00
    150.134     1.2265   2.960992     1.2188   2.960686    5.54364    -0.1072    13.8155 0.0000e+00  -60.75000  -58.37500 1153826841 206.477342    34.2838      69849          7  0.000e+00
    150.201     1.2255   2.960944     1.2191   2.960657    5.54834    -0.0964    13.8155 0.0000e+00  -60.75000  -58.37500 1153826841 206.477342    34.2842      69850          7  0.000e+00
    150.134     1.2261   2.960954     1.2192   2.960686    5.54821    -0.0749    13.8155 0.0000e+00  -60.75000  -58.37500 1153826841 206.477343    34.2837      69851          7  0.000e+00
    150.211     1.2264   2.960975     1.2197   2.960740    5.54824    -0.0749    13.8155 0.0000e+00  -60.75000  -58.37500 1153826841 206.477343    34.2836      69852          7  0.000e+00
    150.134     1.2260   2.960981     1.2205   2.960799    5.54822    -0.0426    13.8155 0.0000e+00  -60.75000  -58.37500 1153826841 206.477344    34.2842      69853          7  0.000e+00
    150.201     1.2266   2.960981     1.2206   2.960817    5.54820    -0.0534    13.8155 0.0000e+00  -60.75000  -58.37500 1153826841 206.477344    34.2835      69854          7  0.000e+00
    150.201     1.2269   2.961015     1.2203   2.960853    5.54815    -0.0749    13.8155 0.0000e+00  -60.75000  -58.37500 1153826841 206.477345    34.2836      69855          7  0.000e+00
    150.067     1.2272   2.961059     1.2202   2.960847    5.54799    -0.0749    13.8155 0.0000e+00  -60.75000  -58.37500 1153826841 206.477345    34.2838      69856          7  0.000e+00
    150.268     1.2282   2.961144     1.2210   2.960882    5.54800    -0.0749    13.8155 0.0000e+00  -60.75000  -58.37500 1153826841 206.477346    34.2838      69857          7  0.000e+00
    150.134     1.2283   2.961131     1.2223   2.961001    5.54789    -0.0749    13.8155 0.0000e+00  -60.75000  -58.37500 1153826841 206.477346    34.2835      69858          7  0.000e+00
    150.201     1.2287   2.961083     1.2228   2.961120    5.54792    -0.0534    13.8155 0.0000e+00  -60.75000  -58.37500 1153826841 206.477347    34.2824      69859          7  0.000e+00
    150.134     1.2283   2.961002     1.2238   2.961167    5.54795    -0.0857    13.8155 0.0000e+00  -60.75000  -58.37500 1153826841 206.477347    34.2819      69860          7  0.000e+00
    150.134     1.2276   2.961019     1.2245   2.961215    5.54803    -0.0642    13.8155 0.0000e+00  -60.75000  -58.37500 1153826841 206.477348    34.2829      69861          7  0.000e+00
    150.201     1.2272   2.961046     1.2248   2.961233    5.55262    -0.0642    13.8155 0.0000e+00  -60.75000  -58.37500 1153826841 206.477348    34.2836      69862          7  0.000e+00
    150.134     1.2276   2.961120     1.2244   2.961185    5.55250    -0.1287    13.8155 0.0000e+00  -60.75000  -58.37500 1153826841 206.477349    34.2842      69863          7  0.000e+00
    150.134     1.2291   2.961320     1.2234   2.961132    5.54771    -0.1180    13.8155 0.0000e+00  -60.75000  -58.37500 1153826841 206.477349    34.2851      69864          7  0.000e+00
    150.201     1.2311   2.961541     1.2228   2.961054    5.54743    -0.0857    13.8155 0.0000e+00  -60.75000  -58.37500 1153826841 206.477350    34.2857      69865          7  0.000e+00
    150.134     1.2323   2.961646     1.2228   2.961037    5.54719    -0.0964    13.8155 0.0000e+00  -60.75000  -58.37500 1153826841 206.477350    34.2857      69866          7  0.000e+00
    150.134     1.2324   2.961646     1.2239   2.961096    5.54719    -0.0749    13.8155 0.0000e+00  -60.75000  -58.37500 1153826841 206.477351    34.2857      69867          7  0.000e+00
    150.134     1.2321   2.961605     1.2250   2.961179    5.55176    -0.0426    13.8155 0.0000e+00  -60.75000  -58.37500 1153826842 206.477351    34.2855      69868          7  0.000e+00
    150.201     1.2323   2.961541     1.2265   2.961345    5.55183    -0.0749    13.8155 0.0000e+00  -60.75000  -58.37500 1153826842 206.477351    34.2844      69869          7  0.000e+00
    150.134     1.2321   2.961575     1.2272   2.961500    5.55178    -0.1180    13.8155 0.0000e+00  -60.75000  -58.37500 1153826842 206.477352    34.2851      69870          7  0.000e+00
    150.134     1.2338   2.961843     1.2276   2.961571    5.55146    -0.1180    13.8155 0.0000e+00  -60.75000  -58.37500 1153826842 206.477352    34.2866      69871          7  0.000e+00
    150.134     1.2374   2.962172     1.2280   2.961630    5.55090    -0.0964    13.8155 0.0000e+00  -60.75000  -58.37500 1153826842 206.477353    34.2869      69872          7  0.000e+00
    150.134     1.2396   2.962287     1.2286   2.961648    5.55060    -0.0857    13.8155 0.0000e+00  -60.75000  -58.37500 1153826842 206.477353    34.2860      69873          7  0.000e+00
    150.134     1.2401   2.962263     1.2280   2.961583    5.55056    -0.0964    13.8155 0.0000e+00  -60.75000  -58.37500 1153826842 206.477354    34.2851      69874          7  0.000e+00
    150.134     1.2396   2.962182     1.2269   2.961476    5.55065    -0.0964    13.8155 0.0000e+00  -60.75000  -58.37500 1153826842 206.477354    34.2846      69875          7  0.000e+00
    150.134     1.2386   2.962178     1.2264   2.961411    5.55076    -0.0534    13.8155 0.0000e+00  -60.75000  -58.37500 1153826842 206.477355    34.2856      69876          7  0.000e+00
    150.201     1.2387   2.962253     1.2256   2.961333    5.55078    -0.0319    13.8155 0.0000e+00  -60.75000  -58.37500 1153826842 206.477355    34.2865      69877          7  0.000e+00
