product_data/regression_test/downloaded_data/MDGS/320620060703/ctd/p6619707.ros
* Sea-Bird SBE 9 Data File:
* FileName = D:\Data\Raw\p6619707.dat
* Software Version Seasave Win32 V 5.32
* Temperature SN = 1649
* Conductivity SN = 1431
* Number of Bytes Per Scan = 37
* Number of Voltage Words = 5
* Number of Scans Averaged by the Deck Unit = 1
* NMEA Latitude = 60 44.99 S
* NMEA Longitude = 058 22.50 W
* NMEA UTC (Time) = 17:29:23
** Ship:   Nathaniel B. Palmer 
** Cruise:    NBP0606 
# nquan = 17
# nvalues = 1176                    
# units = specified
# name 0 = prDM: Pressure, Digiquartz [db]
# name 1 = t090C: Temperature [ITS-90, deg C]
# name 2 = c0S/m: Conductivity [S/m]
# name 3 = t190C: Temperature, 2 [ITS-90, deg C]
# name 4 = c1S/m: Conductivity, 2 [S/m]
# name 5 = sbeox0ML/L: Oxygen, SBE 43 [ml/l]
# name 6 = flECO-AFL: Fluorescence, Wetlab ECO-AFL/FL [mg/m^3]
# name 7 = bat: Beam Attenuation, Chelsea/Seatech/Wetlab CStar [1/m]
# name 8 = spar: SPAR/Surface Irradiance
# name 9 = latitude: Latitude [deg]
# name 10 = longitude: Longitude [deg]
# name 11 = timeY: Time, System [seconds]
# name 12 = timeJ: Julian Days
# name 13 = sal00: Salinity [PSU]
# name 14 = scan: scan number
# name 15 = nbf: number of bottles fired
# name 16 = flag:  0.000e+00
# interval = seconds: 0.0416667                   
# start_time = Jul 25 2006 17:29:31
*END*
[from data line 171]
    300.026     2.1101   3.064659     2.1099   3.064822    4.44392    -0.0104    13.8155 2.8248e+02  -60.74983  -58.37500 1153849193 206.736057    34.5439      14985          4  0.000e+00
    300.055     2.1101   3.064642     2.1103   3.064822    4.44393    -0.0426    13.8155 2.8053e+02  -60.74983  -58.37500 1153849193 206.736058    34.5435      14986          4  0.000e+00
    300.026     2.1104   3.064631     2.1103   3.064822    4.44390    -0.0857    13.8155 2.8053e+02  -60.74983  -58.37500 1153849193 206.736058    34.5432      14987          4  0.000e+00
    300.026     2.1101   3.064631     2.1100   3.064840    4.44393    -0.0749    13.8155 2.8053e+02  -60.74983  -58.37500 1153849194 206.736059    34.5435      14988          4  0.000e+00
    300.055     2.1101   3.064631     2.1100   3.064846    4.44394    -0.0749    13.8155 2.8053e+02  -60.74983  -58.37500 1153849194 206.736059    34.5435      14989          4  0.000e+00
    300.026     2.1101   3.064611     2.1099   3.064828    4.44393    -0.0426    13.8155 2.7858e+02  -60.74983  -58.37500 1153849194 206.736060    34.5433      14990          4  0.000e+00
    300.026     2.1102   3.064586     2.1100   3.064822    4.44393    -0.0642    13.8155 2.8053e+02  -60.74983  -58.37500 1153849194 206.736060    34.5428      14991          4  0.000e+00
    300.055     2.1099   3.064600     2.1098   3.064822    4.44397    -0.0964    13.8155 2.8248e+02  -60.74983  -58.37500 1153849194 206.736060    34.5433      14992          4  0.000e+00
    300.026     2.1101   3.064624     2.1100   3.064804    4.44393    -0.0534    13.8155 2.8248e+02  -60.74983  -58.37500 1153849194 206.736061    34.5434      14993          4  0.000e+00
    300.093     2.1104   3.064611     2.1106   3.064834    4.44395    -0.0534    13.8155 2.8248e+02  -60.74983  -58.37500 1153849194 206.736061    34.5429      14994          4  0.000e+00
    300.055     2.1099   3.064566     2.1108   3.064888    4.44398    -0.0642    13.8155 2.8053e+02  -60.74983  -58.37500 1153849194 206.736062    34.5429      14995          4  0.000e+00
    300.093     2.1099   3.064535     2.1101   3.064840    4.44402    -0.0749    13.8155 2.8248e+02  -60.74983  -58.37500 1153849194 206.736062    34.5425      14996          4  0.000e+00
    300.093     2.1096   3.064549     2.1103   3.064864    4.44404    -0.0426    13.8155 2.8248e+02  -60.74983  -58.37500 1153849194 206.736063    34.5430      14997          4  0.000e+00
    300.122     2.1093   3.064483     2.1107   3.064858    4.44411    -0.0211    13.8155 2.8248e+02  -60.74983  -58.37500 1153849194 206.736063    34.5425      14998          4  0.000e+00
    300.093     2.1094   3.064494     2.1105   3.064852    4.44859    -0.0534    13.8155 2.8248e+02  -60.74983  -58.37500 1153849194 206.736064    34.5425      14999          4  0.000e+00
    300.170     2.1096   3.064507     2.1104   3.064870    4.44410    -0.0319    13.8155 2.8248e+02  -60.74983  -58.37500 1153849194 206.736064    34.5424      15000          4  0.000e+00
    300.055     2.1091   3.064580     2.1103   3.064852    4.44405    -0.0426    13.8155 2.8248e+02  -60.74983  -58.37500 1153849194 206.736065    34.5439      15001          4  0.000e+00
    300.170     2.1096   3.064566     2.1105   3.064870    4.44408    -0.0426    13.8155 2.8248e+02  -60.74983  -58.37500 1153849194 206.736065    34.5431      15002          4  0.000e+00
    300.170     2.1094   3.064576     2.1107   3.064858    4.44860    -0.0319    13.8155 2.8248e+02  -60.74983  -58.37500 1153849194 206.736066    34.5434      15003          4  0.000e+00
    300.122     2.1098   3.064507     2.1102   3.064852    4.44857    -0.0426    13.8155 2.8248e+02  -60.74983  -58.37500 1153849194 206.736066    34.5422      15004          4  0.000e+00
    300.237     2.1088   3.064518     2.1099   3.064852    4.44872    -0.1072    13.8155 2.8248e+02  -60.74983  -58.37500 1153849194 206.736067    34.5434      15005          4  0.000e+00
    300.170     2.1091   3.064511     2.1105   3.064846    4.44866    -0.0749    13.8155 2.8248e+02  -60.74983  -58.37500 1153849194 206.736067    34.5430      15006          4  0.000e+00
    300.189     2.1089   3.064487     2.1101   3.064828    4.44870    -0.0534    13.8155 2.8443e+02  -60.74983  -58.37500 1153849194 206.736068    34.5429      15007          4  0.000e+00
    300.170     2.1091   3.064500     2.1102   3.064840    4.44866    -0.0642    13.8155 2.8443e+02  -60.74983  -58.37500 1153849194 206.736068    34.5428      15008          4  0.000e+00
    300.237     2.1091   3.064507     2.1101   3.064810    4.44419    -0.0319    13.8155 2.8443e+02  -60.74983  -58.37500 1153849194 206.736069    34.5429      15009          4  0.000e+00
    101.846    -1.1515   2.729005    -1.1566   2.729085    8.13117    -0.0104    13.8155 4.4418e+02  -60.74983  -58.37500 1153849679 206.741681    33.8913      26647          5  0.000e+00
    101.712    -1.1515   2.729002    -1.1569   2.729085    8.13102    -0.0319    13.8155 4.4418e+02  -60.74983  -58.37500 1153849679 206.741682    33.8913      26648          5  0.000e+00
    101.779    -1.1523   2.728953    -1.1564   2.729062    8.13126     0.0112    13.8155 4.4418e+02  -60.74983  -58.37500 1153849679 206.741682    33.8915      26649          5  0.000e+00
    101.712    -1.1520   2.728953    -1.1563   2.729056    8.13114     0.0219    13.8155 4.4418e+02  -60.74983  -58.37500 1153849679 206.741683    33.8912      26650          5  0.000e+00
    101.779    -1.1531   2.728875    -1.1560   2.729056    8.13145     0.0112    13.8155 4.4418e+02  -60.74983  -58.37500 1153849680 206.741683    33.8913      26651          5  0.000e+00
    101.712    -1.1531   2.728865    -1.1563   2.729056    8.13138     0.0650    13.8155 4.4223e+02  -60.74983  -58.37500 1153849680 206.741684    33.8912      26652          5  0.000e+00
    101.636    -1.1533   2.728888    -1.1567   2.728999    8.13130     0.0865    13.8155 4.4223e+02  -60.74983  -58.37500 1153849680 206.741684    33.8917      26653          5  0.000e+00
    101.712    -1.1534   2.728845    -1.1564   2.728981    8.13144     0.0327    13.8155 4.4223e+02  -60.74983  -58.37500 1153849680 206.741685    33.8913      26654          5  0.000e+00
    101.636    -1.1540   2.728829    -1.1571   2.729016    8.13147     0.0112    13.8155 4.4418e+02  -60.74983  -58.37500 1153849680 206.741685    33.8918      26655          5  0.000e+00
    101.712    -1.1545   2.728776    -1.1569   2.729010    8.13168    -0.0104    13.8155 4.4418e+02  -60.74983  -58.37500 1153849680 206.741685    33.8916      26656          5  0.000e+00
    101.636    -1.1551   2.728711    -1.1570   2.728987    8.13174     0.0004    13.8155 4.4418e+02  -60.74983  -58.37500 1153849680 206.741686    33.8914      26657          5  0.000e+00
    101.636    -1.1551   2.728678    -1.1571   2.728981    8.13176     0.0219    13.8155 4.4418e+02  -60.74983  -58.37500 1153849680 206.741686    33.8909      26658          5  0.000e+00
    101.636    -1.1557   2.728675    -1.1574   2.728941    8.13187     0.0112    13.8155 4.4418e+02  -60.74983  -58.37500 1153849680 206.741687    33.8916      26659          5  0.000e+00
    101.569    -1.1559   2.728639    -1.1580   2.728930    8.13185     0.0112    13.8155 4.4418e+02  -60.74983  -58.37500 1153849680 206.741687    33.8913      26660          5  0.000e+00
    101.636    -1.1565   2.728580    -1.1580   2.728930    8.13207    -0.0104    13.8155 4.4418e+02  -60.74983  -58.37500 1153849680 206.741688    33.8912      26661          5  0.000e+00
    101.569    -1.1566   2.728580    -1.1578   2.728889    8.13202    -0.0104    13.8155 4.4418e+02  -60.74983  -58.37500 1153849680 206.741688    33.8914      26662          5  0.000e+00
    101.569    -1.1569   2.728587    -1.1575   2.728912    8.13206     0.0004    13.8155 4.4418e+02  -60.74983  -58.37500 1153849680 206.741689    33.8918      26663          5  0.000e+00
    101.569    -1.1570   2.728538    -1.1581   2.728930    8.13210     0.0219    13.8155 4.4418e+02  -60.74983  -58.37500 1153849680 206.741689    33.8912      26664          5  0.000e+00
    101.541    -1.1574   2.728502    -1.1583   2.728884    8.13217     0.0004    13.8155 4.4418e+02  -60.74983  -58.37500 1153849680 206.741690    33.8912      26665          5  0.000e+00
    101.569    -1.1574   2.728466    -1.1585   2.728872    8.13223    -0.0211    13.8155 4.4418e+02  -60.74983  -58.37500 1153849680 206.741690    33.8907      26666          5  0.000e+00
    101.493    -1.1576   2.728469    -1.1584   2.728895    8.13217     0.0327    13.8155 4.4418e+02  -60.74983  -58.37500 1153849680 206.741691    33.8910      26667          5  0.000e+00
    101.493    -1.1577   2.728475    -1.1581   2.728918    8.13218     0.0112    13.8155 4.4418e+02  -60.74983  -58.37500 1153849680 206.741691    33.8912      26668          5  0.000e+00
    101.569    -1.1583   2.728443    -1.1581   2.728884    8.13240     0.0004    13.8155 4.4418e+02  -60.74983  -58.37500 1153849680 206.741692    33.8914      26669          5  0.000e+00
    101.426    -1.1579   2.728433    -1.1581   2.728953    8.13217     0.0112    13.8155 4.4613e+02  -60.74983  -58.37500 1153849680 206.741692    33.8909      26670          5  0.000e+00
    101.493    -1.1579   2.728449    -1.1583   2.728958    8.13223     0.0542    13.8155 4.4613e+02  -60.74983  -58.37500 1153849680 206.741693    33.8910      26671          5  0.000e+00
    101.493    -1.1579   2.728456    -1.1578   2.728953    8.13223     0.0542    13.8155 4.4807e+02  -60.74983  -58.37500 1153849680 206.741693    33.8911      26672          5  0.000e+00
    101.426    -1.1580   2.728453    -1.1566   2.728935    8.13218     0.0542    13.8155 4.4613e+02  -60.74983  -58.37500 1153849680 206.741694    33.8913      26673          5  0.000e+00
    101.493    -1.1575   2.728453    -1.1565   2.728981    8.13217     0.0327    13.8155 4.4613e+02  -60.74983  -58.37500 1153849680 206.741694    33.8907      26674          5  0.000e+00
    101.426    -1.1579   2.728469    -1.1568   2.728964    8.13214     0.0112    13.8155 4.4613e+02  -60.74983  -58.37500 1153849681 206.741695    33.8914      26675          5  0.000e+00
    101.426    -1.1579   2.728443    -1.1564   2.728970    8.13216     0.0112    13.8155 4.4613e+02  -60.74983  -58.37500 1153849681 206.741695    33.8910      26676          5  0.000e+00
    101.426    -1.1576   2.728482    -1.1563   2.728941    8.13208     0.0327    13.8155 4.4613e+02  -60.74983  -58.37500 1153849681 206.741696    33.8912      26677          5  0.000e+00
    101.426    -1.1576   2.728498    -1.1563   2.728964    8.13207     0.0004    13.8155 4.4613e+02  -60.74983  -58.37500 1153849681 206.741696    33.8914      26678          5  0.000e+00
    101.426    -1.1576   2.728479    -1.1564   2.728999    8.13208     0.0327    13.8155 4.4613e+02  -60.74983  -58.37500 1153849681 206.741697    33.8911      26679          5  0.000e+00
    101.426    -1.1575   2.728492    -1.1571   2.728964    8.13207     0.0004    13.8155 4.4807e+02  -60.74983  -58.37500 1153849681 206.741697    33.8913      26680          5  0.000e+00
    101.359    -1.1577   2.728528    -1.1571   2.728935    8.13200    -0.0211    13.8155 4.4613e+02  -60.74983  -58.37500 1153849681 206.741698    33.8920      26681          5  0.000e+00
    101.426    -1.1576   2.728508    -1.1569   2.728947    8.13206     0.0004    13.8155 4.4613e+02  -60.74983  -58.37500 1153849681 206.741698    33.8915      26682          5  0.000e+00
    101.359    -1.1571   2.728515    -1.1571   2.728912    8.13190     0.0650    13.8155 4.4613e+02  -60.74983  -58.37500 1153849681 206.741698    33.8911      26683          5  0.000e+00
    101.426    -1.1576   2.728518    -1.1575   2.728878    8.13205     0.0434    13.8155 4.4613e+02  -60.74983  -58.37500 1153849681 206.741699    33.8917      26684          5  0.000e+00
    101.331    -1.1568   2.728534    -1.1578   2.728872    8.13181     0.0542    13.8155 4.4807e+02  -60.74983  -58.37500 1153849681 206.741699    33.8911      26685          5  0.000e+00
    101.359    -1.1571   2.728541    -1.1578   2.728878    8.13188     0.0327    13.8155 4.4807e+02  -60.74983  -58.37500 1153849681 206.741700    33.8915      26686          5  0.000e+00
    101.359    -1.1568   2.728557    -1.1582   2.728872    8.13182    -0.0211    13.8155 4.4613e+02  -60.74983  -58.37500 1153849681 206.741700    33.8914      26687          5  0.000e+00
    101.359    -1.1565   2.728564    -1.1583   2.728855    8.13177     0.0219    13.8155 4.4613e+02  -60.74983  -58.37500 1153849681 206.741701    33.8911      26688          5  0.000e+00
    101.359    -1.1566   2.728544    -1.1589   2.728826    8.13180     0.0865    13.8155 4.4613e+02  -60.74983  -58.37500 1153849681 206.741701    33.8910      26689          5  0.000e+00
    101.359    -1.1570   2.728557    -1.1589   2.728820    8.13185     0.0972    13.8155 4.4807e+02  -60.74983  -58.37500 1153849681 206.741702    33.8916      26690          5  0.000e+00
    101.359    -1.1561   2.728580    -1.1586   2.728860    8.13170     0.0757    13.8155 4.4807e+02  -60.74983  -58.37500 1153849681 206.741702    33.8910      26691          5  0.000e+00
    101.359    -1.1565   2.728567    -1.1584   2.728837    8.13176     0.0219    13.8155 4.4613e+02  -60.74983  -58.37500 1153849681 206.741703    33.8912      26692          5  0.000e+00
    101.283    -1.1559   2.728613    -1.1581   2.728820    8.13154     0.0112    13.8155 4.4613e+02  -60.74983  -58.37500 1153849681 206.741703    33.8912      26693          5  0.000e+00
    101.359    -1.1562   2.728596    -1.1584   2.728820    8.13169     0.0542    13.8155 4.5002e+02  -60.74983  -58.37500 1153849681 206.741704    33.8912      26694          5  0.000e+00
    101.283    -1.1560   2.728616    -1.1583   2.728803    8.13156     0.0327    13.8155 4.5392e+02  -60.74983  -58.37500 1153849681 206.741704    33.8914      26695          5  0.000e+00
     99.669    -1.1550   2.728573    -1.1540   2.729183    8.14393     0.0112    13.8155 4.8119e+02  -60.74983  -58.37500 1153849688 206.741778    33.8906      26848          6  0.000e+00
     99.535    -1.1550   2.728514    -1.1552   2.729044    8.14382     0.0112    13.8155 4.8314e+02  -60.74983  -58.37500 1153849688 206.741779    33.8898      26849          6  0.000e+00
     99.669    -1.1556   2.728527    -1.1569   2.728900    8.14406     0.0219    13.8155 4.8314e+02  -60.74983  -58.37500 1153849688 206.741779    33.8906      26850          6  0.000e+00
     99.535    -1.1557   2.728521    -1.1568   2.728889    8.14393     0.0112    13.8155 4.8314e+02  -60.74983  -58.37500 1153849688 206.741780    33.8908      26851          6  0.000e+00
     99.640    -1.1559   2.728501    -1.1564   2.728935    8.14410     0.0327    13.8155 4.8314e+02  -60.74983  -58.37500 1153849688 206.741780    33.8906      26852          6  0.000e+00
     99.669    -1.1565   2.728449    -1.1561   2.728935    8.14427    -0.0104    13.8155 4.8314e+02  -60.74983  -58.37500 1153849688 206.741780    33.8906      26853          6  0.000e+00
     99.602    -1.1573   2.728413    -1.1568   2.728929    8.14435    -0.0211    13.8155 4.8314e+02  -60.74983  -58.37500 1153849688 206.741781    33.8910      26854          6  0.000e+00
     99.669    -1.1574   2.728410    -1.1574   2.728848    8.14446     0.0004    13.8155 4.8314e+02  -60.74983  -58.37500 1153849688 206.741781    33.8911      26855          6  0.000e+00
     99.669    -1.1574   2.728410    -1.1582   2.728739    8.14446     0.0004    13.8155 4.8314e+02  -60.74983  -58.37500 1153849688 206.741782    33.8911      26856          6  0.000e+00
     99.669    -1.1575   2.728410    -1.1592   2.728699    8.13970    -0.0319    13.8155 4.8314e+02  -60.74983  -58.37500 1153849688 206.741782    33.8912      26857          6  0.000e+00
