product_data/regression_test/downloaded_data/MDGS/320620060703/ctd/p6617304.ros
* Sea-Bird SBE 9 Data File:
* FileName = D:\Data\Raw\p6617304.dat
* Software Version Seasave Win32 V 5.32
* Temperature SN = 1649
* Conductivity SN = 1431
* Number of Bytes Per Scan = 37
* Number of Voltage Words = 5
* Number of Scans Averaged by the Deck Unit = 1
* NMEA Latitude = 60 36.97 S
* NMEA Longitude = 054 59.78 W
* NMEA UTC (Time) = 20:32:07
** Ship:   Nathaniel B. Palmer 
** Cruise:    NBP0606 
# nquan = 17
# nvalues = 1176                    
# units = specified
# name 0 = prDM: Pressure, Digiquartz [db]
# name 1 = t090C: Temperature [ITS-90, deg C]
# name 2 = c0S/m: Conductivity [S/m]
# name 3 = t190C: Temperature, 2 [ITS-90, deg C]
# name 4 = c1S/m: Conductivity, 2 [S/m]
# name 5 = sbeox0ML/L: Oxygen, SBE 43 [ml/l]
# name 6 = flECO-AFL: Fluorescence, Wetlab ECO-AFL/FL [mg/m^3]
# name 7 = bat: Beam Attenuation, Chelsea/Seatech/Wetlab CStar [1/m]
# name 8 = spar: SPAR/Surface Irradiance
# name 9 = latitude: Latitude [deg]
# name 10 = longitude: Longitude [deg]
# name 11 = timeY: Time, System [seconds]
# name 12 = timeJ: Julian Days
# name 13 = sal00: Salinity [PSU]
# name 14 = scan: scan number
# name 15 = nbf: number of bottles fired
# name 16 = flag:  0.000e+00
# interval = seconds: 0.0416667                   
# start_time = Jul 20 2006 20:32:15
*END*
[from data line 852]
     50.241    -0.7380   2.783301    -0.7352   2.783924    7.61913     0.2263    13.8155 0.0000e+00  -60.61617  -54.99633 1153428973 201.872390    34.1944      34549         18  0.000e+00
     50.241    -0.7374   2.783311    -0.7345   2.783941    7.61905     0.2263    13.8155 0.0000e+00  -60.61617  -54.99633 1153428973 201.872391    34.1939      34550         18  0.000e+00
     50.241    -0.7369   2.783377    -0.7350   2.783924    7.61891     0.2586    13.8155 0.0000e+00  -60.61617  -54.99633 1153428973 201.872391    34.1942      34551         18  0.000e+00
     50.241    -0.7369   2.783387    -0.7349   2.783912    7.61892     0.2263    13.8155 0.0000e+00  -60.61617  -54.99633 1153428973 201.872391    34.1944      34552         18  0.000e+00
     50.165    -0.7358   2.783394    -0.7358   2.783889    7.61865     0.1618    13.8155 0.0000e+00  -60.61617  -54.99633 1153428973 201.872392    34.1932      34553         18  0.000e+00
     50.165    -0.7365   2.783351    -0.7367   2.783785    7.61879     0.1833    13.8155 0.0000e+00  -60.61617  -54.99633 1153428973 201.872392    34.1935      34554         18  0.000e+00
     50.165    -0.7365   2.783334    -0.7379   2.783715    7.61880     0.1833    13.8155 0.0000e+00  -60.61617  -54.99633 1153428973 201.872393    34.1932      34555         18  0.000e+00
     50.165    -0.7361   2.783348    -0.7391   2.783639    7.61873     0.2263    13.8155 0.0000e+00  -60.61617  -54.99633 1153428973 201.872393    34.1930      34556         18  0.000e+00
     50.165    -0.7356   2.783325    -0.7395   2.783541    7.61867     0.2479    13.8155 0.0000e+00  -60.61617  -54.99633 1153428973 201.872394    34.1921      34557         18  0.000e+00
     50.098    -0.7365   2.783176    -0.7407   2.783454    7.61885     0.2048    13.8155 0.0000e+00  -60.61617  -54.99633 1153428973 201.872394    34.1912      34558         18  0.000e+00
     50.098    -0.7387   2.782932    -0.7419   2.783413    7.61935     0.2048    13.8155 0.0000e+00  -60.61617  -54.99633 1153428973 201.872395    34.1903      34559         18  0.000e+00
     50.098    -0.7401   2.782727    -0.7428   2.783367    7.61972     0.1618    13.8155 0.0000e+00  -60.61617  -54.99633 1153428973 201.872395    34.1892      34560         18  0.000e+00
     50.098    -0.7427   2.782454    -0.7427   2.783338    7.62030     0.1618    13.8155 0.0000e+00  -60.61617  -54.99633 1153428973 201.872396    34.1883      34561         18  0.000e+00
     50.031    -0.7462   2.782153    -0.7428   2.783268    7.62097     0.1833    13.8155 0.0000e+00  -60.61617  -54.99633 1153428973 201.872396    34.1883      34562         18  0.000e+00
     50.098    -0.7493   2.781860    -0.7430   2.783286    7.62173     0.2048    13.8155 0.0000e+00  -60.61617  -54.99633 1153428973 201.872397    34.1879      34563         18  0.000e+00
     50.031    -0.7513   2.781662    -0.7435   2.783228    7.62210     0.1941    13.8155 0.0000e+00  -60.61617  -54.99633 1153428973 201.872397    34.1874      34564         18  0.000e+00
     50.031    -0.7533   2.781510    -0.7441   2.783158    7.61783     0.1833    13.8155 0.0000e+00  -60.61617  -54.99633 1153428973 201.872398    34.1877      34565         18  0.000e+00
     50.031    -0.7545   2.781477    -0.7445   2.783082    7.61804     0.2263    13.8155 0.0000e+00  -60.61617  -54.99633 1153428973 201.872398    34.1886      34566         18  0.000e+00
     49.955    -0.7544   2.781500    -0.7457   2.782961    7.62261     0.2048    13.8155 0.0000e+00  -60.61617  -54.99633 1153428973 201.872399    34.1888      34567         18  0.000e+00
     50.031    -0.7552   2.781517    -0.7474   2.782792    7.62279     0.2048    13.8155 0.0000e+00  -60.61617  -54.99633 1153428973 201.872399    34.1899      34568         18  0.000e+00
     49.955    -0.7541   2.781579    -0.7478   2.782705    7.61781     0.1941    13.8155 0.0000e+00  -60.61617  -54.99633 1153428973 201.872400    34.1895      34569         18  0.000e+00
     49.955    -0.7540   2.781609    -0.7482   2.782694    7.61777     0.1618    13.8155 0.0000e+00  -60.61617  -54.99633 1153428973 201.872400    34.1898      34570         18  0.000e+00
     49.955    -0.7533   2.781692    -0.7477   2.782630    7.61761     0.1833    13.8155 0.0000e+00  -60.61617  -54.99633 1153428974 201.872401    34.1902      34571         18  0.000e+00
     49.812    -0.7532   2.781695    -0.7481   2.782572    7.61744     0.1833    13.8155 0.0000e+00  -60.61617  -54.99633 1153428974 201.872401    34.1902      34572         18  0.000e+00
     50.032    -0.7527   2.781748    -0.7498   2.782479    7.61756     0.1618    13.8155 0.0000e+00  -60.61617  -54.99633 1153428974 201.872402    34.1902      34573         18  0.000e+00
     49.888    -0.7529   2.781748    -0.7529   2.782375    7.61744     0.1833    13.8155 0.0000e+00  -60.61617  -54.99633 1153428974 201.872402    34.1905      34574         18  0.000e+00
     49.955    -0.7524   2.781817    -0.7530   2.782305    7.61739     0.2479    13.8155 0.0000e+00  -60.61617  -54.99633 1153428974 201.872403    34.1908      34575         18  0.000e+00
     49.889    -0.7524   2.781936    -0.7524   2.782351    7.61724     0.2694    13.8155 0.0000e+00  -60.61617  -54.99633 1153428974 201.872403    34.1925      34576         18  0.000e+00
     49.889    -0.7515   2.782041    -0.7528   2.782392    7.62170     0.2263    13.8155 0.0000e+00  -60.61617  -54.99633 1153428974 201.872404    34.1929      34577         18  0.000e+00
     49.812    -0.7507   2.782143    -0.7524   2.782404    7.62144     0.2048    13.8155 0.0000e+00  -60.61617  -54.99633 1153428974 201.872404    34.1934      34578         18  0.000e+00
     24.483    -0.8873   2.764569    -0.8945   2.764172    7.80609     0.2263    13.8155 0.0000e+00  -60.61617  -54.99633 1153429038 201.873147    34.1255      36119         19  0.000e+00
     24.692    -0.8881   2.764619    -0.8949   2.764138    7.81109     0.2263    13.8155 0.0000e+00  -60.61617  -54.99633 1153429038 201.873148    34.1269      36120         19  0.000e+00
     24.530    -0.8878   2.764668    -0.8948   2.764167    7.81084     0.2694    13.8155 0.0000e+00  -60.61617  -54.99633 1153429038 201.873148    34.1274      36121         19  0.000e+00
     24.549    -0.8872   2.764711    -0.8948   2.764155    7.80603     0.3232    13.8155 0.0000e+00  -60.61617  -54.99633 1153429038 201.873149    34.1272      36122         19  0.000e+00
     24.464    -0.8872   2.764708    -0.8940   2.764172    7.81063     0.2909    13.8155 0.0000e+00  -60.61617  -54.99633 1153429038 201.873149    34.1272      36123         19  0.000e+00
     24.483    -0.8864   2.764652    -0.8945   2.764196    7.80588     0.2801    13.8155 0.0000e+00  -60.61617  -54.99633 1153429038 201.873150    34.1256      36124         19  0.000e+00
     24.483    -0.8869   2.764569    -0.8952   2.764167    7.81071     0.2694    13.8155 0.0000e+00  -60.61617  -54.99633 1153429038 201.873150    34.1251      36125         19  0.000e+00
     24.464    -0.8878   2.764510    -0.8957   2.764091    7.80619     0.2586    13.8155 0.0000e+00  -60.61617  -54.99633 1153429038 201.873151    34.1253      36126         19  0.000e+00
     24.406    -0.8892   2.764451    -0.8954   2.763993    7.80638     0.3124    13.8155 0.0000e+00  -60.61617  -54.99633 1153429038 201.873151    34.1261      36127         19  0.000e+00
     24.406    -0.8891   2.764451    -0.8961   2.763964    7.80637     0.3339    13.8155 0.0000e+00  -60.61617  -54.99633 1153429038 201.873152    34.1259      36128         19  0.000e+00
     24.321    -0.8886   2.764490    -0.8975   2.763889    7.80617     0.3339    13.8155 0.0000e+00  -60.61617  -54.99633 1153429038 201.873152    34.1260      36129         19  0.000e+00
     24.406    -0.8884   2.764517    -0.8977   2.763802    7.80621     0.2909    13.8155 0.0000e+00  -60.61617  -54.99633 1153429038 201.873152    34.1261      36130         19  0.000e+00
     24.321    -0.8886   2.764543    -0.8974   2.763767    7.80613     0.2586    13.8155 0.0000e+00  -60.61617  -54.99633 1153429039 201.873153    34.1267      36131         19  0.000e+00
     24.340    -0.8884   2.764510    -0.8977   2.763756    7.80615     0.2694    13.8155 0.0000e+00  -60.61617  -54.99633 1153429039 201.873153    34.1260      36132         19  0.000e+00
     24.273    -0.8881   2.764471    -0.8978   2.763756    7.80605     0.3339    13.8155 0.0000e+00  -60.61617  -54.99633 1153429039 201.873154    34.1252      36133         19  0.000e+00
     24.321    -0.8889   2.764392    -0.8975   2.763721    7.80629     0.2909    13.8155 0.0000e+00  -60.61617  -54.99633 1153429039 201.873154    34.1250      36134         19  0.000e+00
     24.273    -0.8892   2.764352    -0.8980   2.763704    7.80631     0.2694    13.8155 0.0000e+00  -60.61617  -54.99633 1153429039 201.873155    34.1248      36135         19  0.000e+00
     24.273    -0.8893   2.764362    -0.8984   2.763704    7.80633     0.2801    13.8155 0.0000e+00  -60.61617  -54.99633 1153429039 201.873155    34.1251      36136         19  0.000e+00
     24.254    -0.8898   2.764319    -0.8978   2.763727    7.80641     0.2909    13.8155 0.0000e+00  -60.61617  -54.99633 1153429039 201.873156    34.1251      36137         19  0.000e+00
     24.197    -0.8894   2.764316    -0.8978   2.763750    7.80629     0.3124    13.8155 0.0000e+00  -60.61617  -54.99633 1153429039 201.873156    34.1246      36138         19  0.000e+00
     24.254    -0.8903   2.764290    -0.8971   2.763779    7.80651     0.2909    13.8155 0.0000e+00  -60.61617  -54.99633 1153429039 201.873157    34.1252      36139         19  0.000e+00
     24.273    -0.8904   2.764230    -0.8966   2.763785    7.80659     0.2694    13.8155 0.0000e+00  -60.61617  -54.99633 1153429039 201.873157    34.1246      36140         19  0.000e+00
     24.197    -0.8908   2.764178    -0.8958   2.763802    7.80660     0.2479    13.8155 0.0000e+00  -60.61617  -54.99633 1153429039 201.873158    34.1243      36141         19  0.000e+00
     24.254    -0.8906   2.764188    -0.8971   2.763773    7.80663     0.2263    13.8155 0.0000e+00  -60.61617  -54.99633 1153429039 201.873158    34.1242      36142         19  0.000e+00
     24.273    -0.8909   2.764191    -0.8975   2.763675    7.80669     0.2479    13.8155 0.0000e+00  -60.61617  -54.99633 1153429039 201.873159    34.1245      36143         19  0.000e+00
     24.273    -0.8908   2.764175    -0.8981   2.763617    7.80669     0.2694    13.8155 0.0000e+00  -60.61617  -54.99633 1153429039 201.873159    34.1242      36144         19  0.000e+00
     24.321    -0.8913   2.764119    -0.8983   2.763576    7.80687     0.2909    13.8155 0.0000e+00  -60.61617  -54.99633 1153429039 201.873160    34.1241      36145         19  0.000e+00
     24.273    -0.8915   2.764036    -0.8981   2.763594    7.80690     0.2263    13.8155 0.0000e+00  -60.61617  -54.99633 1153429039 201.873160    34.1231      36146         19  0.000e+00
     24.321    -0.8919   2.764096    -0.8986   2.763576    7.80697     0.2048    13.8155 0.0000e+00  -60.61617  -54.99633 1153429039 201.873161    34.1243      36147         19  0.000e+00
     24.340    -0.8917   2.764244    -0.8983   2.763571    7.80685     0.2263    13.8155 0.0000e+00  -60.61617  -54.99633 1153429039 201.873161    34.1261      36148         19  0.000e+00
     24.340    -0.8909   2.764313    -0.8978   2.763611    7.80668     0.2694    13.8155 0.0000e+00  -60.61617  -54.99633 1153429039 201.873162    34.1262      36149         19  0.000e+00
     24.321    -0.8903   2.764342    -0.8974   2.763704    7.80654     0.2586    13.8155 0.0000e+00  -60.61617  -54.99633 1153429039 201.873162    34.1259      36150         19  0.000e+00
     24.340    -0.8898   2.764379    -0.8965   2.763808    7.80646     0.2263    13.8155 0.0000e+00  -60.61617  -54.99633 1153429039 201.873163    34.1258      36151         19  0.000e+00
     24.407    -0.8895   2.764309    -0.8969   2.763918    7.80654     0.2371    13.8155 0.0000e+00  -60.61617  -54.99633 1153429039 201.873163    34.1245      36152         19  0.000e+00
     24.397    -0.8905   2.764231    -0.8958   2.763958    7.80674     0.2694    13.8155 0.0000e+00  -60.61617  -54.99633 1153429039 201.873164    34.1246      36153         19  0.000e+00
     24.407    -0.8907   2.764198    -0.8961   2.763964    7.80681     0.2801    13.8155 0.0000e+00  -60.61617  -54.99633 1153429040 201.873164    34.1244      36154         19  0.000e+00
     24.464    -0.8903   2.764208    -0.8954   2.764005    7.80679     0.2263    13.8155 0.0000e+00  -60.61617  -54.99633 1153429040 201.873165    34.1240      36155         19  0.000e+00
     24.407    -0.8903   2.764181    -0.8955   2.764034    7.80676     0.2479    13.8155 0.0000e+00  -60.61617  -54.99633 1153429040 201.873165    34.1237      36156         19  0.000e+00
     24.483    -0.8906   2.764184    -0.8945   2.764126    7.80688     0.2694    13.8155 0.0000e+00  -60.61617  -54.99633 1153429040 201.873166    34.1240      36157         19  0.000e+00
     24.464    -0.8909   2.764142    -0.8935   2.764225    7.80694     0.2694    13.8155 0.0000e+00  -60.61617  -54.99633 1153429040 201.873166    34.1238      36158         19  0.000e+00
     24.483    -0.8915   2.764076    -0.8928   2.764398    7.80711     0.3017    13.8155 0.0000e+00  -60.61617  -54.99633 1153429040 201.873166    34.1236      36159         19  0.000e+00
     24.483    -0.8920   2.764076    -0.8889   2.764757    7.80718     0.2909    13.8155 0.0000e+00  -60.61617  -54.99633 1153429040 201.873167    34.1241      36160         19  0.000e+00
     24.464    -0.8913   2.764461    -0.8859   2.765122    7.80678     0.2909    13.8155 0.0000e+00  -60.61617  -54.99633 1153429040 201.873167    34.1286      36161         19  0.000e+00
     24.483    -0.8878   2.765260    -0.8834   2.765440    7.80566     0.3017    13.8155 0.0000e+00  -60.61617  -54.99633 1153429040 201.873168    34.1355      36162         19  0.000e+00
     24.464    -0.8815   2.765912    -0.8793   2.765822    7.80887     0.2909    13.8155 0.0000e+00  -60.61617  -54.99633 1153429040 201.873168    34.1372      36163         19  0.000e+00
     24.550    -0.8764   2.766336    -0.8781   2.766071    7.80785     0.2586    13.8155 0.0000e+00  -60.61617  -54.99633 1153429040 201.873169    34.1371      36164         19  0.000e+00
     24.483    -0.8736   2.766487    -0.8791   2.766141    7.80724     0.2694    13.8155 0.0000e+00  -60.61617  -54.99633 1153429040 201.873169    34.1360      36165         19  0.000e+00
     24.531    -0.8728   2.766366    -0.8792   2.766042    7.80726     0.2909    13.8155 0.0000e+00  -60.61617  -54.99633 1153429040 201.873170    34.1335      36166         19  0.000e+00
     24.483    -0.8734   2.766201    -0.8831   2.765718    7.80742     0.2479    13.8155 0.0000e+00  -60.61617  -54.99633 1153429040 201.873170    34.1319      36167         19  0.000e+00
     25.678    -0.9041   2.762333    -0.8958   2.763959    7.84919     0.3124    13.8155 0.0000e+00  -60.61617  -54.99633 1153429049 201.873276    34.1134      36387         20  0.000e+00
     25.535    -0.9038   2.762412    -0.8960   2.763988    7.84893     0.3339    13.8155 0.0000e+00  -60.61617  -54.99633 1153429049 201.873277    34.1143      36388         20  0.000e+00
     25.659    -0.9040   2.762471    -0.8958   2.763970    7.84905     0.3339    13.8155 0.0000e+00  -60.61617  -54.99633 1153429049 201.873277    34.1152      36389         20  0.000e+00
     25.602    -0.9025   2.762465    -0.8955   2.763965    7.84876     0.3124    13.8155 0.0000e+00  -60.61617  -54.99633 1153429049 201.873278    34.1135      36390         20  0.000e+00
     25.593    -0.9026   2.762458    -0.8955   2.763965    7.84877     0.3124    13.8155 0.0000e+00  -60.61617  -54.99633 1153429049 201.873278    34.1134      36391         20  0.000e+00
