product_data/regression_test/downloaded_data/MDGS/320620060703/ctd/p6617802.ros
* Sea-Bird SBE 9 Data File:
* FileName = D:\Data\Raw\p6617802.dat
* Software Version Seasave Win32 V 5.32
* Temperature SN = 1649
* Conductivity SN = 1431
* Number of Bytes Per Scan = 37
* Number of Voltage Words = 5
* Number of Scans Averaged by the Deck Unit = 1
* NMEA Latitude = 60 36.99 S
* NMEA Longitude = 054 31.80 W
* NMEA UTC (Time) = 00:34:19
** Ship:   Nathaniel B. Palmer 
** Cruise:    NBP0606 
# nquan = 17
# nvalues = 1176                    
# units = specified
# name 0 = prDM: Pressure, Digiquartz [db]
# name 1 = t090C: Temperature [ITS-90, deg C]
# name 2 = c0S/m: Conductivity [S/m]
# name 3 = t190C: Temperature, 2 [ITS-90, deg C]
# name 4 = c1S/m: Conductivity, 2 [S/m]
# name 5 = sbeox0ML/L: Oxygen, SBE 43 [ml/l]
# name 6 = flECO-AFL: Fluorescence, Wetlab ECO-AFL/FL [mg/m^3]
# name 7 = bat: Beam Attenuation, Chelsea/Seatech/Wetlab CStar [1/m]
# name 8 = spar: SPAR/Surface Irradiance
# name 9 = latitude: Latitude [deg]
# name 10 = longitude: Longitude [deg]
# name 11 = timeY: Time, System [seconds]
# name 12 = timeJ: Julian Days
# name 13 = sal00: Salinity [PSU]
# name 14 = scan: scan number
# name 15 = nbf: number of bottles fired
# name 16 = flag:  0.000e+00
# interval = seconds: 0.0416667                   
# start_time = Jul 22 2006 00:34:27
*END*
[from data line 1022]
     10.345    -0.6632   2.787756    -0.6647   2.788016    7.56715     0.1833    13.8155 0.0000e+00  -60.61650  -54.53000 1153531407 203.057971    34.1948      70602         21  0.000e+00
     10.317    -0.6632   2.787733    -0.6645   2.787999    7.56713     0.1726    13.8155 0.0000e+00  -60.61650  -54.53000 1153531407 203.057972    34.1945      70603         21  0.000e+00
     10.383    -0.6638   2.787743    -0.6648   2.788028    7.56729     0.1403    13.8155 0.0000e+00  -60.61650  -54.53000 1153531407 203.057972    34.1953      70604         21  0.000e+00
     10.345    -0.6638   2.787739    -0.6651   2.788040    7.56725     0.1510    13.8155 0.0000e+00  -60.61650  -54.53000 1153531407 203.057973    34.1953      70605         21  0.000e+00
     10.383    -0.6638   2.787726    -0.6652   2.787999    7.56730     0.1188    13.8155 0.0000e+00  -60.61650  -54.53000 1153531407 203.057973    34.1951      70606         21  0.000e+00
     10.317    -0.6638   2.787726    -0.6651   2.787970    7.56723     0.1295    13.8155 0.0000e+00  -60.61650  -54.53000 1153531407 203.057974    34.1951      70607         21  0.000e+00
     10.345    -0.6638   2.787716    -0.6650   2.787970    7.56727     0.1618    13.8155 0.0000e+00  -60.61650  -54.53000 1153531407 203.057974    34.1949      70608         21  0.000e+00
      5.222    -0.6669   2.787286    -0.6668   2.787586    7.57659     0.1403    13.8155 0.0000e+00  -60.61650  -54.53000 1153531441 203.058368    34.1958      71425         22  0.000e+00
      5.289    -0.6663   2.787282    -0.6665   2.787603    7.57657     0.1618    13.8155 0.0000e+00  -60.61650  -54.53000 1153531441 203.058369    34.1951      71426         22  0.000e+00
      5.251    -0.6666   2.787246    -0.6668   2.787591    7.57660     0.1403    13.8155 0.0000e+00  -60.61650  -54.53000 1153531441 203.058369    34.1949      71427         22  0.000e+00
      5.289    -0.6666   2.787282    -0.6674   2.787568    7.57197     0.1188    13.8155 0.0000e+00  -60.61650  -54.53000 1153531441 203.058370    34.1954      71428         22  0.000e+00
      5.222    -0.6669   2.787289    -0.6670   2.787591    7.57194     0.1080    13.8155 0.0000e+00  -60.61650  -54.53000 1153531441 203.058370    34.1959      71429         22  0.000e+00
      5.318    -0.6663   2.787296    -0.6667   2.787568    7.57659     0.1510    13.8155 0.0000e+00  -60.61650  -54.53000 1153531441 203.058370    34.1952      71430         22  0.000e+00
      5.222    -0.6666   2.787279    -0.6671   2.787562    7.57190     0.1188    13.8155 0.0000e+00  -60.61650  -54.53000 1153531441 203.058371    34.1954      71431         22  0.000e+00
      5.289    -0.6666   2.787282    -0.6666   2.787580    7.57197     0.1080    13.8155 0.0000e+00  -60.61650  -54.53000 1153531441 203.058371    34.1954      71432         22  0.000e+00
      5.222    -0.6669   2.787276    -0.6672   2.787586    7.57194     0.1510    13.8155 0.0000e+00  -60.61650  -54.53000 1153531441 203.058372    34.1957      71433         22  0.000e+00
      5.251    -0.6664   2.787243    -0.6671   2.787597    7.57657     0.1295    13.8155 0.0000e+00  -60.61650  -54.53000 1153531441 203.058372    34.1946      71434         22  0.000e+00
      5.289    -0.6666   2.787289    -0.6670   2.787609    7.57661     0.0972    13.8155 0.0000e+00  -60.61650  -54.53000 1153531442 203.058373    34.1955      71435         22  0.000e+00
      5.222    -0.6666   2.787233    -0.6672   2.787574    7.57193     0.0757    13.8155 0.0000e+00  -60.61650  -54.53000 1153531442 203.058373    34.1948      71436         22  0.000e+00
      5.251    -0.6669   2.787226    -0.6670   2.787597    7.57666     0.1080    13.8155 0.0000e+00  -60.61650  -54.53000 1153531442 203.058374    34.1950      71437         22  0.000e+00
      5.222    -0.6674   2.787236    -0.6671   2.787574    7.57205     0.1295    13.8155 0.0000e+00  -60.61650  -54.53000 1153531442 203.058374    34.1957      71438         22  0.000e+00
      5.289    -0.6667   2.787233    -0.6668   2.787597    7.57667     0.1295    13.8155 0.0000e+00  -60.61650  -54.53000 1153531442 203.058375    34.1949      71439         22  0.000e+00
      5.251    -0.6667   2.787249    -0.6671   2.787586    7.57662     0.1188    13.8155 0.0000e+00  -60.61650  -54.53000 1153531442 203.058375    34.1952      71440         22  0.000e+00
      5.222    -0.6671   2.787226    -0.6670   2.787580    7.57666     0.0757    13.8155 0.0000e+00  -60.61650  -54.53000 1153531442 203.058376    34.1952      71441         22  0.000e+00
      5.289    -0.6671   2.787210    -0.6670   2.787586    7.57674     0.0650    13.8155 0.0000e+00  -60.61650  -54.53000 1153531442 203.058376    34.1950      71442         22  0.000e+00
      5.222    -0.6672   2.787226    -0.6666   2.787586    7.57668     0.0972    13.8155 0.0000e+00  -60.61650  -54.53000 1153531442 203.058377    34.1954      71443         22  0.000e+00
      5.251    -0.6675   2.787223    -0.6671   2.787586    7.57676     0.1188    13.8155 0.0000e+00  -60.61650  -54.53000 1153531442 203.058377    34.1957      71444         22  0.000e+00
      5.289    -0.6675   2.787193    -0.6668   2.787597    7.57682     0.1188    13.8155 0.0000e+00  -60.61650  -54.53000 1153531442 203.058378    34.1952      71445         22  0.000e+00
      5.223    -0.6672   2.787220    -0.6668   2.787551    7.57668     0.1188    13.8155 0.0000e+00  -60.61650  -54.53000 1153531442 203.058378    34.1953      71446         22  0.000e+00
      5.318    -0.6671   2.787203    -0.6671   2.787568    7.57677     0.1510    13.8155 0.0000e+00  -60.61650  -54.53000 1153531442 203.058379    34.1948      71447         22  0.000e+00
      5.289    -0.6675   2.787223    -0.6670   2.787603    7.57680     0.0972    13.8155 0.0000e+00  -60.61650  -54.53000 1153531442 203.058379    34.1957      71448         22  0.000e+00
      5.223    -0.6674   2.787236    -0.6671   2.787591    7.57670     0.1080    13.8155 0.0000e+00  -60.61650  -54.53000 1153531442 203.058380    34.1957      71449         22  0.000e+00
      5.318    -0.6672   2.787233    -0.6668   2.787597    7.57677     0.0972    13.8155 0.0000e+00  -60.61650  -54.53000 1153531442 203.058380    34.1954      71450         22  0.000e+00
      5.289    -0.6671   2.787233    -0.6672   2.787586    7.57673     0.1295    13.8155 0.0000e+00  -60.61650  -54.53000 1153531442 203.058381    34.1954      71451         22  0.000e+00
      5.289    -0.6671   2.787253    -0.6671   2.787586    7.57671     0.0865    13.8155 0.0000e+00  -60.61650  -54.53000 1153531442 203.058381    34.1955      71452         22  0.000e+00
      5.356    -0.6669   2.787256    -0.6670   2.787603    7.57675     0.0650    13.8155 0.0000e+00  -60.61650  -54.53000 1153531442 203.058382    34.1953      71453         22  0.000e+00
      5.318    -0.6666   2.787236    -0.6670   2.787591    7.57668     0.0865    13.8155 0.0000e+00  -60.61650  -54.53000 1153531442 203.058382    34.1948      71454         22  0.000e+00
      5.289    -0.6671   2.787253    -0.6670   2.787597    7.57671     0.0757    13.8155 0.0000e+00  -60.61650  -54.53000 1153531442 203.058383    34.1955      71455         22  0.000e+00
      5.356    -0.6669   2.787256    -0.6674   2.787586    7.57675     0.1080    13.8155 0.0000e+00  -60.61650  -54.53000 1153531442 203.058383    34.1953      71456         22  0.000e+00
      5.318    -0.6672   2.787236    -0.6665   2.787626    7.57677     0.1726    13.8155 0.0000e+00  -60.61650  -54.53000 1153531442 203.058383    34.1955      71457         22  0.000e+00
      5.432    -0.6666   2.787273    -0.6673   2.787620    7.57678     0.1618    13.8155 0.0000e+00  -60.61650  -54.53000 1153531442 203.058384    34.1952      71458         22  0.000e+00
      5.356    -0.6666   2.787263    -0.6674   2.787574    7.57670     0.1295    13.8155 0.0000e+00  -60.61650  -54.53000 1153531443 203.058384    34.1951      71459         22  0.000e+00
      5.356    -0.6672   2.787236    -0.6673   2.787591    7.57681     0.0972    13.8155 0.0000e+00  -60.61650  -54.53000 1153531443 203.058385    34.1954      71460         22  0.000e+00
      5.385    -0.6671   2.787253    -0.6673   2.787586    7.57681     0.0757    13.8155 0.0000e+00  -60.61650  -54.53000 1153531443 203.058385    34.1955      71461         22  0.000e+00
      5.432    -0.6666   2.787256    -0.6670   2.787603    7.57679     0.0542    13.8155 0.0000e+00  -60.61650  -54.53000 1153531443 203.058386    34.1950      71462         22  0.000e+00
      5.432    -0.6672   2.787236    -0.6673   2.787615    7.57689     0.0972    13.8155 0.0000e+00  -60.61650  -54.53000 1153531443 203.058386    34.1954      71463         22  0.000e+00
      5.385    -0.6669   2.787253    -0.6670   2.787574    7.57678     0.1080    13.8155 0.0000e+00  -60.61650  -54.53000 1153531443 203.058387    34.1953      71464         22  0.000e+00
      5.499    -0.6669   2.787256    -0.6665   2.787620    7.57690     0.0865    13.8155 0.0000e+00  -60.61650  -54.53000 1153531443 203.058387    34.1953      71465         22  0.000e+00
      5.433    -0.6669   2.787256    -0.6656   2.787690    7.57683     0.1080    13.8155 0.0000e+00  -60.61650  -54.53000 1153531443 203.058388    34.1953      71466         22  0.000e+00
      5.461    -0.6666   2.787276    -0.6660   2.787713    7.57680     0.1403    13.8155 0.0000e+00  -60.61650  -54.53000 1153531443 203.058388    34.1952      71467         22  0.000e+00
      5.499    -0.6663   2.787362    -0.6651   2.787719    7.57674     0.1618    13.8155 0.0000e+00  -60.61650  -54.53000 1153531443 203.058389    34.1960      71468         22  0.000e+00
      5.499    -0.6656   2.787405    -0.6653   2.787737    7.58126     0.1403    13.8155 0.0000e+00  -60.61650  -54.53000 1153531443 203.058389    34.1959      71469         22  0.000e+00
      5.566    -0.6654   2.787365    -0.6650   2.787783    7.58132     0.1403    13.8155 0.0000e+00  -60.61650  -54.53000 1153531443 203.058390    34.1950      71470         22  0.000e+00
      5.528    -0.6655   2.787378    -0.6648   2.787812    7.58129     0.0650    13.8155 0.0000e+00  -60.61650  -54.53000 1153531443 203.058390    34.1953      71471         22  0.000e+00
      5.499    -0.6660   2.787388    -0.6648   2.787783    7.58132     0.0757    13.8155 0.0000e+00  -60.61650  -54.53000 1153531443 203.058391    34.1960      71472         22  0.000e+00
      5.566    -0.6652   2.787411    -0.6650   2.787771    7.57661     0.1188    13.8155 0.0000e+00  -60.61650  -54.53000 1153531443 203.058391    34.1954      71473         22  0.000e+00
      5.995    -0.6643   2.787491    -0.6637   2.787905    7.57687     0.1188    13.8155 0.0000e+00  -60.61650  -54.53000 1153531444 203.058401    34.1952      71494         23  0.000e+00
      6.062    -0.6646   2.787481    -0.6636   2.787905    7.57699     0.1726    13.8155 0.0000e+00  -60.61650  -54.53000 1153531444 203.058402    34.1953      71495         23  0.000e+00
      6.062    -0.6650   2.787435    -0.6634   2.787917    7.58174     0.1833    13.8155 0.0000e+00  -60.61650  -54.53000 1153531444 203.058402    34.1952      71496         23  0.000e+00
      6.024    -0.6653   2.787431    -0.6631   2.787905    7.58175     0.1618    13.8155 0.0000e+00  -60.61650  -54.53000 1153531444 203.058403    34.1955      71497         23  0.000e+00
      6.062    -0.6643   2.787484    -0.6639   2.787922    7.57694     0.1188    13.8155 0.0000e+00  -60.61650  -54.53000 1153531444 203.058403    34.1950      71498         23  0.000e+00
      6.062    -0.6644   2.787491    -0.6637   2.787893    7.57696     0.0865    13.8155 0.0000e+00  -60.61650  -54.53000 1153531444 203.058404    34.1953      71499         23  0.000e+00
      6.157    -0.6646   2.787478    -0.6633   2.787899    7.57709     0.1080    13.8155 0.0000e+00  -60.61650  -54.53000 1153531444 203.058404    34.1952      71500         23  0.000e+00
      6.129    -0.6647   2.787461    -0.6635   2.787876    7.57710     0.1618    13.8155 0.0000e+00  -60.61650  -54.53000 1153531444 203.058405    34.1952      71501         23  0.000e+00
      6.205    -0.6649   2.787478    -0.6639   2.787893    7.58184     0.1941    13.8155 0.0000e+00  -60.61650  -54.53000 1153531444 203.058405    34.1955      71502         23  0.000e+00
      6.158    -0.6647   2.787478    -0.6631   2.787922    7.57711     0.1403    13.8155 0.0000e+00  -60.61650  -54.53000 1153531444 203.058406    34.1954      71503         23  0.000e+00
      6.205    -0.6646   2.787544    -0.6635   2.787934    7.57709     0.0757    13.8155 0.0000e+00  -60.61650  -54.53000 1153531444 203.058406    34.1961      71504         23  0.000e+00
      6.205    -0.6640   2.787606    -0.6642   2.787893    7.57696     0.0757    13.8155 0.0000e+00  -60.61650  -54.53000 1153531444 203.058407    34.1962      71505         23  0.000e+00
      6.234    -0.6629   2.787633    -0.6647   2.787870    7.57680     0.0542    13.8155 0.0000e+00  -60.61650  -54.53000 1153531445 203.058407    34.1953      71506         23  0.000e+00
      6.272    -0.6635   2.787550    -0.6643   2.787917    7.57700     0.0865    13.8155 0.0000e+00  -60.61650  -54.53000 1153531445 203.058408    34.1949      71507         23  0.000e+00
      6.272    -0.6635   2.787514    -0.6641   2.787911    7.57702     0.1618    13.8155 0.0000e+00  -60.61650  -54.53000 1153531445 203.058408    34.1944      71508         23  0.000e+00
      6.234    -0.6640   2.787484    -0.6636   2.787888    7.57707     0.1941    13.8155 0.0000e+00  -60.61650  -54.53000 1153531445 203.058409    34.1946      71509         23  0.000e+00
      6.272    -0.6646   2.787511    -0.6640   2.787882    7.57719     0.1941    13.8155 0.0000e+00  -60.61650  -54.53000 1153531445 203.058409    34.1956      71510         23  0.000e+00
      6.272    -0.6635   2.787514    -0.6644   2.787830    7.57702     0.2048    13.8155 0.0000e+00  -60.61650  -54.53000 1153531445 203.058410    34.1944      71511         23  0.000e+00
      6.339    -0.6643   2.787550    -0.6645   2.787824    7.57719     0.1833    13.8155 0.0000e+00  -60.61650  -54.53000 1153531445 203.058410    34.1957      71512         23  0.000e+00
      6.301    -0.6644   2.787567    -0.6645   2.787830    7.57716     0.1618    13.8155 0.0000e+00  -60.61650  -54.53000 1153531445 203.058410    34.1962      71513         23  0.000e+00
      6.272    -0.6641   2.787557    -0.6647   2.787806    7.58173     0.1295    13.8155 0.0000e+00  -60.61650  -54.53000 1153531445 203.058411    34.1957      71514         23  0.000e+00
      6.339    -0.6635   2.787530    -0.6650   2.787818    7.58173     0.1618    13.8155 0.0000e+00  -60.61650  -54.53000 1153531445 203.058411    34.1946      71515         23  0.000e+00
      6.301    -0.6642   2.787524    -0.6648   2.787795    7.58180     0.1618    13.8155 0.0000e+00  -60.61650  -54.53000 1153531445 203.058412    34.1953      71516         23  0.000e+00
      6.415    -0.6646   2.787514    -0.6650   2.787772    7.58199     0.1188    13.8155 0.0000e+00  -60.61650  -54.53000 1153531445 203.058412    34.1955      71517         23  0.000e+00
      6.339    -0.6650   2.787484    -0.6653   2.787772    7.57735     0.1188    13.8155 0.0000e+00  -60.61650  -54.53000 1153531445 203.058413    34.1957      71518         23  0.000e+00
      6.367    -0.6644   2.787494    -0.6651   2.787754    7.58193     0.1295    13.8155 0.0000e+00  -60.61650  -54.53000 1153531445 203.058413    34.1951      71519         23  0.000e+00
      6.415    -0.6643   2.787491    -0.6655   2.787783    7.57731     0.1080    13.8155 0.0000e+00  -60.61650  -54.53000 1153531445 203.058414    34.1949      71520         23  0.000e+00
      6.339    -0.6646   2.787497    -0.6653   2.787789    7.57727     0.0757    13.8155 0.0000e+00  -60.61650  -54.53000 1153531445 203.058414    34.1954      71521         23  0.000e+00
