product_data/regression_test/downloaded_data/MDGS/320620060703/ctd/p6621705.ros
* Sea-Bird SBE 9 Data File:
* FileName = D:\Data\Raw\p6621705.dat
* Software Version Seasave Win32 V 5.32
* Temperature SN = 1649
* Conductivity SN = 1431
* Number of Bytes Per Scan = 37
* Number of Voltage Words = 5
* Number of Scans Averaged by the Deck Unit = 1
* NMEA Latitude = 62 31.54 S
* NMEA Longitude = 062 27.50 W
* NMEA UTC (Time) = 15:50:37
** Ship:   Nathaniel B. Palmer 
** Cruise:    NBP0606 
# nquan = 17
# nvalues = 1176                    
# units = specified
# name 0 = prDM: Pressure, Digiquartz [db]
# name 1 = t090C: Temperature [ITS-90, deg C]
# name 2 = c0S/m: Conductivity [S/m]
# name 3 = t190C: Temperature, 2 [ITS-90, deg C]
# name 4 = c1S/m: Conductivity, 2 [S/m]
# name 5 = sbeox0ML/L: Oxygen, SBE 43 [ml/l]
# name 6 = flECO-AFL: Fluorescence, Wetlab ECO-AFL/FL [mg/m^3]
# name 7 = bat: Beam Attenuation, Chelsea/Seatech/Wetlab CStar [1/m]
# name 8 = spar: SPAR/Surface Irradiance
# name 9 = latitude: Latitude [deg]
# name 10 = longitude: Longitude [deg]
# name 11 = timeY: Time, System [seconds]
# name 12 = timeJ: Julian Days
# name 13 = sal00: Salinity [PSU]
# name 14 = scan: scan number
# name 15 = nbf: number of bottles fired
# name 16 = flag:  0.000e+00
# interval = seconds: 0.0416667                   
# start_time = Aug 01 2006 15:50:56
*END*
[from data line 341]
    250.560     0.0043   2.869147     0.1528   2.884144    6.39932    -0.0233    13.8155 2.6884e+02  -62.52567  -62.45833 1154448522 213.672723    34.3845      25615          7  0.000e+00
    250.636     0.0138   2.870485     0.1524   2.884356    6.39739    -0.0674    13.8155 2.6884e+02  -62.52567  -62.45833 1154448522 213.672723    34.3915      25616          7  0.000e+00
    201.175    -0.5522   2.813523    -0.5765   2.812190    7.20247    -0.0343    13.8155 2.5910e+02  -62.52567  -62.45833 1154448613 213.673781    34.2989      27810          8  0.000e+00
    201.175    -0.5579   2.812943    -0.5879   2.811339    7.20367    -0.0233    13.8155 2.5910e+02  -62.52567  -62.45833 1154448613 213.673782    34.2976      27811          8  0.000e+00
    201.290    -0.5667   2.812088    -0.5943   2.810577    7.20564    -0.0784    13.8155 2.5910e+02  -62.52567  -62.45833 1154448613 213.673782    34.2960      27812          8  0.000e+00
    201.175    -0.5776   2.810822    -0.5897   2.810647    7.20794    -0.1445    13.8155 2.5910e+02  -62.52567  -62.45833 1154448613 213.673783    34.2913      27813          8  0.000e+00
    201.213    -0.5922   2.809560    -0.5929   2.810647    7.21093    -0.1004    13.8155 2.5910e+02  -62.52567  -62.45833 1154448614 213.673783    34.2908      27814          8  0.000e+00
    201.318    -0.6015   2.808973    -0.5983   2.810239    7.21278    -0.0674    13.8155 2.5910e+02  -62.52567  -62.45833 1154448614 213.673784    34.2934      27815          8  0.000e+00
    201.242    -0.6058   2.809069    -0.6018   2.809919    7.21803    -0.0343    13.8155 2.5910e+02  -62.52567  -62.45833 1154448614 213.673784    34.2996      27816          8  0.000e+00
    201.290    -0.6010   2.810487    -0.6041   2.809767    7.21643     0.0097    13.8155 2.5910e+02  -62.52567  -62.45833 1154448614 213.673785    34.3133      27817          8  0.000e+00
    201.318    -0.5868   2.811999    -0.5998   2.810000    7.21340    -0.0343    13.8155 2.5910e+02  -62.52567  -62.45833 1154448614 213.673785    34.3175      27818          8  0.000e+00
    201.318    -0.5768   2.812419    -0.5833   2.811130    7.21167    -0.0454    13.8155 2.5910e+02  -62.52567  -62.45833 1154448614 213.673786    34.3119      27819          8  0.000e+00
    201.356    -0.5800   2.811130    -0.5756   2.812178    7.21779    -0.0233    13.8155 2.5910e+02  -62.52567  -62.45833 1154448614 213.673786    34.2981      27820          8  0.000e+00
    201.385    -0.5889   2.810567    -0.5777   2.812085    7.21948    -0.0013    13.8155 2.5910e+02  -62.52567  -62.45833 1154448614 213.673787    34.3006      27821          8  0.000e+00
    201.452    -0.5849   2.811846    -0.5839   2.811450    7.21811    -0.0674    13.8155 2.5910e+02  -62.52567  -62.45833 1154448614 213.673787    34.3132      27822          8  0.000e+00
    201.423    -0.5703   2.813775    -0.5850   2.811002    7.21468    -0.1445    13.8155 2.5910e+02  -62.52567  -62.45833 1154448614 213.673788    34.3226      27823          8  0.000e+00
    201.452    -0.5523   2.815134    -0.5877   2.810833    7.21121    -0.1225    13.8155 2.5910e+02  -62.52567  -62.45833 1154448614 213.673788    34.3206      27824          8  0.000e+00
    201.452    -0.5442   2.815877    -0.5900   2.810809    7.21430    -0.1004    13.8155 2.5910e+02  -62.52567  -62.45833 1154448614 213.673789    34.3214      27825          8  0.000e+00
    201.500    -0.5395   2.815585    -0.5873   2.811089    7.20910    -0.1004    13.8155 2.5910e+02  -62.52567  -62.45833 1154448614 213.673789    34.3121      27826          8  0.000e+00
    201.528    -0.5415   2.815715    -0.5783   2.811817    7.21409    -0.1114    13.8155 2.5910e+02  -62.52567  -62.45833 1154448614 213.673790    34.3161      27827          8  0.000e+00
    201.595    -0.5325   2.816567    -0.5692   2.812650    7.21229     0.0097    13.8155 2.5910e+02  -62.52567  -62.45833 1154448614 213.673790    34.3174      27828          8  0.000e+00
    201.566    -0.5240   2.817227    -0.5718   2.812842    7.21059    -0.0123    13.8155 2.5910e+02  -62.52567  -62.45833 1154448614 213.673791    34.3166      27829          8  0.000e+00
    201.595    -0.5186   2.817436    -0.5774   2.812568    7.20970    -0.0454    13.8155 2.5910e+02  -62.52567  -62.45833 1154448614 213.673791    34.3133      27830          8  0.000e+00
    201.595    -0.5205   2.816401    -0.5736   2.812685    7.21066    -0.0013    13.8155 2.5910e+02  -62.52567  -62.45833 1154448614 213.673791    34.3015      27831          8  0.000e+00
    201.633    -0.5347   2.814660    -0.5645   2.813396    7.21392    -0.0674    13.8155 2.5910e+02  -62.52567  -62.45833 1154448614 213.673792    34.2942      27832          8  0.000e+00
    201.662    -0.5502   2.813251    -0.5562   2.814072    7.21712    -0.0784    13.8155 2.6105e+02  -62.52567  -62.45833 1154448614 213.673792    34.2927      27833          8  0.000e+00
    201.633    -0.5608   2.812681    -0.5532   2.814322    7.21901    -0.1335    13.8155 2.6105e+02  -62.52567  -62.45833 1154448614 213.673793    34.2971      27834          8  0.000e+00
    201.738    -0.5644   2.812413    -0.5553   2.814072    7.21981    -0.0894    13.8155 2.6300e+02  -62.52567  -62.45833 1154448614 213.673793    34.2975      27835          8  0.000e+00
    201.738    -0.5686   2.812081    -0.5637   2.813402    7.22064    -0.1225    13.8155 2.6300e+02  -62.52567  -62.45833 1154448614 213.673794    34.2977      27836          8  0.000e+00
    201.776    -0.5724   2.811839    -0.5743   2.812481    7.22140    -0.1665    13.8155 2.6300e+02  -62.52567  -62.45833 1154448614 213.673794    34.2988      27837          8  0.000e+00
    201.805    -0.5762   2.811601    -0.5840   2.811701    7.22213    -0.0784    13.8155 2.6300e+02  -62.52567  -62.45833 1154448615 213.673795    34.2998      27838          8  0.000e+00
    201.805    -0.5802   2.811336    -0.5865   2.811509    7.22289    -0.0123    13.8155 2.6105e+02  -62.52567  -62.45833 1154448615 213.673795    34.3008      27839          8  0.000e+00
    201.853    -0.5810   2.811624    -0.5869   2.811555    7.22762    -0.0233    13.8155 2.6105e+02  -62.52567  -62.45833 1154448615 213.673796    34.3056      27840          8  0.000e+00
    201.805    -0.5769   2.812131    -0.5894   2.811375    7.22664    -0.0784    13.8155 2.6105e+02  -62.52567  -62.45833 1154448615 213.673796    34.3078      27841          8  0.000e+00
    201.872    -0.5734   2.812429    -0.5876   2.811392    7.22600    -0.1445    13.8155 2.6105e+02  -62.52567  -62.45833 1154448615 213.673797    34.3078      27842          8  0.000e+00
    201.920    -0.5715   2.812164    -0.5789   2.811940    7.22596    -0.1225    13.8155 2.6105e+02  -62.52567  -62.45833 1154448615 213.673797    34.3021      27843          8  0.000e+00
    201.872    -0.5753   2.811617    -0.5752   2.812312    7.22681    -0.0123    13.8155 2.6300e+02  -62.52567  -62.45833 1154448615 213.673798    34.2990      27844          8  0.000e+00
    201.948    -0.5799   2.811319    -0.5736   2.812382    7.22776    -0.0343    13.8155 2.6300e+02  -62.52567  -62.45833 1154448615 213.673798    34.3001      27845          8  0.000e+00
    201.920    -0.5816   2.811422    -0.5757   2.812219    7.22791    -0.1004    13.8155 2.6105e+02  -62.52567  -62.45833 1154448615 213.673799    34.3035      27846          8  0.000e+00
    201.948    -0.5816   2.811505    -0.5781   2.812004    7.22789    -0.0894    13.8155 2.6105e+02  -62.52567  -62.45833 1154448615 213.673799    34.3046      27847          8  0.000e+00
    202.015    -0.5794   2.811581    -0.5837   2.811724    7.22758    -0.1114    13.8155 2.6105e+02  -62.52567  -62.45833 1154448615 213.673800    34.3031      27848          8  0.000e+00
    201.986    -0.5813   2.811386    -0.5886   2.811375    7.22796    -0.0674    13.8155 2.6105e+02  -62.52567  -62.45833 1154448615 213.673800    34.3026      27849          8  0.000e+00
    202.015    -0.5831   2.811280    -0.5905   2.811084    7.22832    -0.0343    13.8155 2.6105e+02  -62.52567  -62.45833 1154448615 213.673801    34.3032      27850          8  0.000e+00
    202.015    -0.5819   2.811339    -0.5911   2.810822    7.22811    -0.0343    13.8155 2.6105e+02  -62.52567  -62.45833 1154448615 213.673801    34.3027      27851          8  0.000e+00
    202.063    -0.5817   2.811362    -0.6034   2.810030    7.22811    -0.1335    13.8155 2.6105e+02  -62.52567  -62.45833 1154448615 213.673802    34.3027      27852          8  0.000e+00
    202.015    -0.5816   2.811293    -0.6230   2.808527    7.23286    -0.1114    13.8155 2.6105e+02  -62.52567  -62.45833 1154448615 213.673802    34.3017      27853          8  0.000e+00
    202.082    -0.5819   2.811263    -0.6232   2.807869    7.23299    -0.0784    13.8155 2.6105e+02  -62.52567  -62.45833 1154448615 213.673803    34.3016      27854          8  0.000e+00
    202.063    -0.5822   2.811369    -0.6147   2.808551    7.23294    -0.1225    13.8155 2.6105e+02  -62.52567  -62.45833 1154448615 213.673803    34.3033      27855          8  0.000e+00
    202.082    -0.5835   2.811422    -0.6057   2.809372    7.23311    -0.1665    13.8155 2.6105e+02  -62.52567  -62.45833 1154448615 213.673804    34.3055      27856          8  0.000e+00
    202.082    -0.5868   2.811326    -0.5985   2.809977    7.22890    -0.0784    13.8155 2.6105e+02  -62.52567  -62.45833 1154448615 213.673804    34.3080      27857          8  0.000e+00
    202.063    -0.5860   2.811442    -0.5928   2.810542    7.22868    -0.0123    13.8155 2.6300e+02  -62.52567  -62.45833 1154448615 213.673804    34.3086      27858          8  0.000e+00
    149.776    -0.9611   2.773755    -0.9604   2.774180    7.81948    -0.1114    13.8155 2.2793e+02  -62.52567  -62.45833 1154448695 213.674729    34.2563      29776          9  0.000e+00
    149.776    -0.9608   2.773775    -0.9607   2.774134    7.81464    -0.0784    13.8155 2.2793e+02  -62.52567  -62.45833 1154448695 213.674730    34.2562      29777          9  0.000e+00
    149.709    -0.9614   2.773765    -0.9610   2.774105    7.81467    -0.0233    13.8155 2.2793e+02  -62.52567  -62.45833 1154448695 213.674730    34.2568      29778          9  0.000e+00
    149.719    -0.9613   2.773762    -0.9612   2.774134    7.81466    -0.0123    13.8155 2.2793e+02  -62.52567  -62.45833 1154448695 213.674731    34.2566      29779          9  0.000e+00
    149.709    -0.9611   2.773841    -0.9604   2.774168    7.81935    -0.0233    13.8155 2.2793e+02  -62.52567  -62.45833 1154448695 213.674731    34.2575      29780          9  0.000e+00
    149.709    -0.9608   2.773838    -0.9604   2.774174    7.81929    -0.0013    13.8155 2.2793e+02  -62.52567  -62.45833 1154448695 213.674732    34.2571      29781          9  0.000e+00
    149.709    -0.9613   2.773858    -0.9607   2.774192    7.81936    -0.0343    13.8155 2.2793e+02  -62.52567  -62.45833 1154448696 213.674732    34.2579      29782          9  0.000e+00
    149.643    -0.9607   2.773838    -0.9606   2.774203    7.81443    -0.0343    13.8155 2.2793e+02  -62.52567  -62.45833 1154448696 213.674733    34.2570      29783          9  0.000e+00
    149.643    -0.9613   2.773844    -0.9604   2.774203    7.81452    -0.0343    13.8155 2.2793e+02  -62.52567  -62.45833 1154448696 213.674733    34.2578      29784          9  0.000e+00
    149.643    -0.9609   2.773851    -0.9604   2.774203    7.81446     0.0428    13.8155 2.2793e+02  -62.52567  -62.45833 1154448696 213.674734    34.2575      29785          9  0.000e+00
    149.643    -0.9611   2.773815    -0.9604   2.774203    7.81452    -0.0784    13.8155 2.2793e+02  -62.52567  -62.45833 1154448696 213.674734    34.2572      29786          9  0.000e+00
    149.576    -0.9613   2.773821    -0.9607   2.774221    7.81924    -0.0233    13.8155 2.2988e+02  -62.52567  -62.45833 1154448696 213.674735    34.2575      29787          9  0.000e+00
    149.642    -0.9612   2.773828    -0.9613   2.774168    7.81930    -0.0233    13.8155 2.2988e+02  -62.52567  -62.45833 1154448696 213.674735    34.2575      29788          9  0.000e+00
    149.566    -0.9609   2.773792    -0.9607   2.774128    7.81442    -0.0674    13.8155 2.2988e+02  -62.52567  -62.45833 1154448696 213.674736    34.2567      29789          9  0.000e+00
    149.566    -0.9614   2.773798    -0.9612   2.774122    7.81449    -0.0784    13.8155 2.2988e+02  -62.52567  -62.45833 1154448696 213.674736    34.2574      29790          9  0.000e+00
    149.566    -0.9614   2.773821    -0.9606   2.774139    7.81925    -0.0674    13.8155 2.2988e+02  -62.52567  -62.45833 1154448696 213.674737    34.2577      29791          9  0.000e+00
    149.576    -0.9617   2.773828    -0.9609   2.774128    7.81930     0.0207    13.8155 2.2988e+02  -62.52567  -62.45833 1154448696 213.674737    34.2581      29792          9  0.000e+00
    149.499    -0.9614   2.773857    -0.9607   2.774105    7.81915     0.0318    13.8155 2.2988e+02  -62.52567  -62.45833 1154448696 213.674738    34.2582      29793          9  0.000e+00
    149.566    -0.9614   2.773821    -0.9604   2.774099    7.81925     0.0097    13.8155 2.3183e+02  -62.52567  -62.45833 1154448696 213.674738    34.2577      29794          9  0.000e+00
    149.499    -0.9611   2.773805    -0.9609   2.774116    7.81914    -0.0233    13.8155 2.3183e+02  -62.52567  -62.45833 1154448696 213.674739    34.2572      29795          9  0.000e+00
    149.509    -0.9619   2.773785    -0.9607   2.774058    7.81929    -0.0784    13.8155 2.3183e+02  -62.52567  -62.45833 1154448696 213.674739    34.2577      29796          9  0.000e+00
    149.499    -0.9616   2.773765    -0.9610   2.774081    7.81924    -0.1225    13.8155 2.2988e+02  -62.52567  -62.45833 1154448696 213.674740    34.2571      29797          9  0.000e+00
    149.566    -0.9616   2.773742    -0.9612   2.774099    7.81933    -0.0894    13.8155 2.2988e+02  -62.52567  -62.45833 1154448696 213.674740    34.2568      29798          9  0.000e+00
    149.499    -0.9619   2.773719    -0.9615   2.774053    7.81455    -0.0454    13.8155 2.2988e+02  -62.52567  -62.45833 1154448696 213.674741    34.2568      29799          9  0.000e+00
    149.509    -0.9614   2.773732    -0.9618   2.773983    7.81448    -0.0343    13.8155 2.3183e+02  -62.52567  -62.45833 1154448696 213.674741    34.2565      29800          9  0.000e+00
    149.499    -0.9616   2.773805    -0.9620   2.773966    7.81922    -0.0123    13.8155 2.3183e+02  -62.52567  -62.45833 1154448696 213.674742    34.2577      29801          9  0.000e+00
    149.566    -0.9613   2.773894    -0.9616   2.773942    7.81917    -0.0013    13.8155 2.2988e+02  -62.52567  -62.45833 1154448696 213.674742    34.2585      29802          9  0.000e+00
    149.499    -0.9614   2.773881    -0.9618   2.773971    7.81913    -0.0674    13.8155 2.2988e+02  -62.52567  -62.45833 1154448696 213.674742    34.2585      29803          9  0.000e+00
    149.566    -0.9611   2.773838    -0.9620   2.773989    7.81919    -0.1004    13.8155 2.2988e+02  -62.52567  -62.45833 1154448696 213.674743    34.2576      29804          9  0.000e+00
    149.575    -0.9617   2.773792    -0.9617   2.774006    7.81933    -0.0674    13.8155 2.2988e+02  -62.52567  -62.45833 1154448696 213.674743    34.2576      29805          9  0.000e+00
    149.566    -0.9619   2.773765    -0.9613   2.774076    7.81936    -0.0343    13.8155 2.2988e+02  -62.52567  -62.45833 1154448697 213.674744    34.2574      29806          9  0.000e+00
    149.642    -0.9614   2.773693    -0.9618   2.774116    7.81943     0.0097    13.8155 2.2988e+02  -62.52567  -62.45833 1154448697 213.674744    34.2559      29807          9  0.000e+00
    149.642    -0.9620   2.773637    -0.9617   2.774082    7.81957    -0.0233    13.8155 2.2988e+02  -62.52567  -62.45833 1154448697 213.674745    34.2558      29808          9  0.000e+00
