product_data/regression_test/downloaded_data/MDGS/320620060703/ctd/p6621601.ros
* Sea-Bird SBE 9 Data File:
* FileName = D:\Data\Raw\p6621601.dat
* Software Version Seasave Win32 V 5.32
* Temperature SN = 1649
* Conductivity SN = 1431
* Number of Bytes Per Scan = 37
* Number of Voltage Words = 5
* Number of Scans Averaged by the Deck Unit = 1
* NMEA Latitude = 62 43.72 S
* NMEA Longitude = 062 05.85 W
* NMEA UTC (Time) = 10:21:54
** Ship:   Nathaniel B. Palmer 
** Cruise:    NBP0606 
# nquan = 17
# nvalues = 1176                    
# units = specified
# name 0 = prDM: Pressure, Digiquartz [db]
# name 1 = t090C: Temperature [ITS-90, deg C]
# name 2 = c0S/m: Conductivity [S/m]
# name 3 = t190C: Temperature, 2 [ITS-90, deg C]
# name 4 = c1S/m: Conductivity, 2 [S/m]
# name 5 = sbeox0ML/L: Oxygen, SBE 43 [ml/l]
# name 6 = flECO-AFL: Fluorescence, Wetlab ECO-AFL/FL [mg/m^3]
# name 7 = bat: Beam Attenuation, Chelsea/Seatech/Wetlab CStar [1/m]
# name 8 = spar: SPAR/Surface Irradiance
# name 9 = latitude: Latitude [deg]
# name 10 = longitude: Longitude [deg]
# name 11 = timeY: Time, System [seconds]
# name 12 = timeJ: Julian Days
# name 13 = sal00: Salinity [PSU]
# name 14 = scan: scan number
# name 15 = nbf: number of bottles fired
# name 16 = flag:  0.000e+00
# interval = seconds: 0.0416667                   
# start_time = Aug 01 2006 10:22:12
*END*
[from data line 171]
    500.659     1.2805   3.009247     1.2777   3.009189    5.00061    -0.0674    13.8155 0.0000e+00  -62.72867  -62.09750 1154428883 213.445427    34.6387      27671          4  0.000e+00
    500.726     1.2802   3.009247     1.2789   3.009260    4.99596    -0.0784    13.8155 0.0000e+00  -62.72867  -62.09750 1154428883 213.445428    34.6390      27672          4  0.000e+00
    500.659     1.2806   3.009281     1.2798   3.009308    4.99587    -0.0674    13.8155 0.0000e+00  -62.72867  -62.09750 1154428883 213.445428    34.6391      27673          4  0.000e+00
    500.630     1.2808   3.009278     1.2794   3.009314    5.00054    -0.1004    13.8155 0.0000e+00  -62.72867  -62.09750 1154428883 213.445429    34.6388      27674          4  0.000e+00
    500.659     1.2810   3.009254     1.2798   3.009314    5.00056    -0.1555    13.8155 0.0000e+00  -62.72867  -62.09750 1154428883 213.445429    34.6383      27675          4  0.000e+00
    500.659     1.2805   3.009121     1.2793   3.009332    5.00066    -0.1555    13.8155 0.0000e+00  -62.72867  -62.09750 1154428883 213.445430    34.6371      27676          4  0.000e+00
    500.563     1.2782   3.008844     1.2786   3.009296    4.99623    -0.1004    13.8155 0.0000e+00  -62.72867  -62.09750 1154428883 213.445430    34.6362      27677          4  0.000e+00
    500.582     1.2747   3.008663     1.2785   3.009242    4.99667    -0.1225    13.8155 0.0000e+00  -62.72867  -62.09750 1154428883 213.445431    34.6377      27678          4  0.000e+00
    500.582     1.2736   3.008554     1.2784   3.009207    4.99683    -0.1004    13.8155 0.0000e+00  -62.72867  -62.09750 1154428883 213.445431    34.6375      27679          4  0.000e+00
    500.582     1.2718   3.008332     1.2775   3.009183    5.00184    -0.0454    13.8155 0.0000e+00  -62.72867  -62.09750 1154428883 213.445432    34.6367      27680          4  0.000e+00
    500.486     1.2688   3.007926     1.2763   3.009105    4.99753    -0.0674    13.8155 0.0000e+00  -62.72867  -62.09750 1154428883 213.445432    34.6349      27681          4  0.000e+00
    500.515     1.2638   3.007598     1.2749   3.008998    4.99821    -0.0894    13.8155 0.0000e+00  -62.72867  -62.09750 1154428883 213.445433    34.6363      27682          4  0.000e+00
    500.515     1.2611   3.007506     1.2725   3.008830    5.00325    -0.0123    13.8155 0.0000e+00  -62.72867  -62.09750 1154428884 213.445433    34.6380      27683          4  0.000e+00
    500.447     1.2606   3.007502     1.2706   3.008627    5.00325     0.0318    13.8155 0.0000e+00  -62.72867  -62.09750 1154428884 213.445434    34.6385      27684          4  0.000e+00
    500.486     1.2608   3.007646     1.2684   3.008430    4.99847    -0.0233    13.8155 0.0000e+00  -62.72867  -62.09750 1154428884 213.445434    34.6402      27685          4  0.000e+00
    500.371     1.2612   3.007782     1.2676   3.008329    4.99829    -0.0564    13.8155 0.0000e+00  -62.72867  -62.09750 1154428884 213.445435    34.6415      27686          4  0.000e+00
    500.447     1.2622   3.007939     1.2669   3.008257    5.00290    -0.0343    13.8155 0.0000e+00  -62.72867  -62.09750 1154428884 213.445435    34.6424      27687          4  0.000e+00
    500.371     1.2648   3.008107     1.2670   3.008221    4.99778     0.0207    13.8155 0.0000e+00  -62.72867  -62.09750 1154428884 213.445435    34.6416      27688          4  0.000e+00
    500.351     1.2659   3.008001     1.2656   3.008149    4.99770    -0.0343    13.8155 0.0000e+00  -62.72867  -62.09750 1154428884 213.445436    34.6391      27689          4  0.000e+00
    500.371     1.2628   3.007670     1.2639   3.008054    4.99817    -0.0784    13.8155 0.0000e+00  -62.72867  -62.09750 1154428884 213.445436    34.6383      27690          4  0.000e+00
    500.303     1.2597   3.007321     1.2632   3.007934    4.99860    -0.0564    13.8155 0.0000e+00  -62.72867  -62.09750 1154428884 213.445437    34.6374      27691          4  0.000e+00
    500.275     1.2573   3.007130     1.2620   3.007863    4.99890     0.0097    13.8155 0.0000e+00  -62.72867  -62.09750 1154428884 213.445437    34.6375      27692          4  0.000e+00
    500.303     1.2561   3.007045     1.2614   3.007833    4.99909    -0.0674    13.8155 0.0000e+00  -62.72867  -62.09750 1154428884 213.445438    34.6378      27693          4  0.000e+00
    500.227     1.2562   3.007024     1.2612   3.007845    4.99902    -0.0784    13.8155 0.0000e+00  -62.72867  -62.09750 1154428884 213.445438    34.6374      27694          4  0.000e+00
    500.227     1.2556   3.007059     1.2615   3.007827    4.99907    -0.0894    13.8155 0.0000e+00  -62.72867  -62.09750 1154428884 213.445439    34.6385      27695          4  0.000e+00
    400.048     0.7838   2.955109     0.7845   2.955372    5.44902    -0.0894    13.8155 0.0000e+00  -62.72867  -62.09750 1154429044 213.447290    34.5510      31533          5  0.000e+00
    400.048     0.7840   2.955115     0.7845   2.955372    5.44900     0.0097    13.8155 0.0000e+00  -62.72867  -62.09750 1154429044 213.447290    34.5509      31534          5  0.000e+00
    399.972     0.7842   2.955115     0.7842   2.955372    5.44892    -0.0123    13.8155 0.0000e+00  -62.72867  -62.09750 1154429044 213.447291    34.5507      31535          5  0.000e+00
    400.000     0.7840   2.955098     0.7841   2.955372    5.44897    -0.0343    13.8155 0.0000e+00  -62.72867  -62.09750 1154429044 213.447291    34.5507      31536          5  0.000e+00
    399.972     0.7837   2.955095     0.7839   2.955390    5.44899    -0.1225    13.8155 0.0000e+00  -62.72867  -62.09750 1154429044 213.447292    34.5510      31537          5  0.000e+00
    399.972     0.7837   2.955075     0.7842   2.955402    5.44900    -0.1335    13.8155 0.0000e+00  -62.72867  -62.09750 1154429044 213.447292    34.5507      31538          5  0.000e+00
    400.048     0.7838   2.955102     0.7840   2.955378    5.44902    -0.0894    13.8155 0.0000e+00  -62.72867  -62.09750 1154429044 213.447293    34.5508      31539          5  0.000e+00
    399.972     0.7837   2.955136     0.7840   2.955372    5.44897    -0.0674    13.8155 0.0000e+00  -62.72867  -62.09750 1154429044 213.447293    34.5515      31540          5  0.000e+00
    399.972     0.7840   2.955122     0.7842   2.955372    5.44894    -0.0674    13.8155 0.0000e+00  -62.72867  -62.09750 1154429044 213.447294    34.5510      31541          5  0.000e+00
    399.972     0.7844   2.955115     0.7840   2.955372    5.44889    -0.1225    13.8155 0.0000e+00  -62.72867  -62.09750 1154429044 213.447294    34.5504      31542          5  0.000e+00
    399.904     0.7837   2.955098     0.7839   2.955372    5.44893    -0.1555    13.8155 0.0000e+00  -62.72867  -62.09750 1154429044 213.447295    34.5510      31543          5  0.000e+00
    399.971     0.7840   2.955095     0.7838   2.955355    5.44895    -0.1555    13.8155 0.0000e+00  -62.72867  -62.09750 1154429044 213.447295    34.5506      31544          5  0.000e+00
    399.971     0.7843   2.955146     0.7839   2.955366    5.44889    -0.1004    13.8155 0.0000e+00  -62.72867  -62.09750 1154429044 213.447296    34.5509      31545          5  0.000e+00
    400.048     0.7845   2.955125     0.7845   2.955372    5.44894    -0.0564    13.8155 0.0000e+00  -62.72867  -62.09750 1154429045 213.447296    34.5504      31546          5  0.000e+00
    399.971     0.7841   2.955132     0.7842   2.955355    5.44891    -0.0674    13.8155 0.0000e+00  -62.72867  -62.09750 1154429045 213.447296    34.5509      31547          5  0.000e+00
    399.971     0.7837   2.955119     0.7843   2.955408    5.44897    -0.1004    13.8155 0.0000e+00  -62.72867  -62.09750 1154429045 213.447297    34.5513      31548          5  0.000e+00
    400.048     0.7843   2.955132     0.7842   2.955384    5.44896    -0.0784    13.8155 0.0000e+00  -62.72867  -62.09750 1154429045 213.447297    34.5507      31549          5  0.000e+00
    400.048     0.7842   2.955139     0.7840   2.955355    5.44897    -0.0894    13.8155 0.0000e+00  -62.72867  -62.09750 1154429045 213.447298    34.5509      31550          5  0.000e+00
    400.048     0.7841   2.955105     0.7841   2.955384    5.44899    -0.1004    13.8155 0.0000e+00  -62.72867  -62.09750 1154429045 213.447298    34.5505      31551          5  0.000e+00
    400.048     0.7846   2.955125     0.7847   2.955378    5.44893    -0.0894    13.8155 0.0000e+00  -62.72867  -62.09750 1154429045 213.447299    34.5503      31552          5  0.000e+00
    400.048     0.7843   2.955119     0.7837   2.955372    5.44896    -0.1555    13.8155 0.0000e+00  -62.72867  -62.09750 1154429045 213.447299    34.5506      31553          5  0.000e+00
    400.115     0.7838   2.955149     0.7839   2.955390    5.44905    -0.1445    13.8155 0.0000e+00  -62.72867  -62.09750 1154429045 213.447300    34.5514      31554          5  0.000e+00
    400.115     0.7838   2.955126     0.7847   2.955378    5.44906    -0.0233    13.8155 0.0000e+00  -62.72867  -62.09750 1154429045 213.447300    34.5511      31555          5  0.000e+00
    400.115     0.7840   2.955081     0.7842   2.955390    5.44907    -0.0894    13.8155 0.0000e+00  -62.72867  -62.09750 1154429045 213.447301    34.5504      31556          5  0.000e+00
    400.115     0.7835   2.955051     0.7842   2.955378    5.44913    -0.1004    13.8155 0.0000e+00  -62.72867  -62.09750 1154429045 213.447301    34.5504      31557          5  0.000e+00
    400.115     0.7837   2.955048     0.7842   2.955372    5.44912    -0.0894    13.8155 0.0000e+00  -62.72867  -62.09750 1154429045 213.447302    34.5503      31558          5  0.000e+00
    400.192     0.7832   2.955048     0.7841   2.955355    5.44923    -0.0784    13.8155 0.0000e+00  -62.72867  -62.09750 1154429045 213.447302    34.5508      31559          5  0.000e+00
    400.192     0.7830   2.955027     0.7834   2.955349    5.44926    -0.0784    13.8155 0.0000e+00  -62.72867  -62.09750 1154429045 213.447303    34.5507      31560          5  0.000e+00
    400.192     0.7826   2.954987     0.7831   2.955325    5.44932    -0.0564    13.8155 0.0000e+00  -62.72867  -62.09750 1154429045 213.447303    34.5506      31561          5  0.000e+00
    400.191     0.7821   2.954976     0.7834   2.955319    5.44938    -0.0343    13.8155 0.0000e+00  -62.72867  -62.09750 1154429045 213.447304    34.5511      31562          5  0.000e+00
    400.259     0.7827   2.954993     0.7828   2.955254    5.44464    -0.0784    13.8155 0.0000e+00  -62.72867  -62.09750 1154429045 213.447304    34.5506      31563          5  0.000e+00
    400.191     0.7823   2.955017     0.7825   2.955254    5.44934    -0.0454    13.8155 0.0000e+00  -62.72867  -62.09750 1154429045 213.447305    34.5514      31564          5  0.000e+00
    400.258     0.7824   2.955024     0.7829   2.955242    5.44937    -0.1004    13.8155 0.0000e+00  -62.72867  -62.09750 1154429045 213.447305    34.5512      31565          5  0.000e+00
    400.258     0.7829   2.955041     0.7829   2.955236    5.44932    -0.1225    13.8155 0.0000e+00  -62.72867  -62.09750 1154429045 213.447306    34.5510      31566          5  0.000e+00
    400.326     0.7827   2.955065     0.7827   2.955254    5.44465    -0.1004    13.8155 0.0000e+00  -62.72867  -62.09750 1154429045 213.447306    34.5514      31567          5  0.000e+00
    400.258     0.7829   2.955051     0.7831   2.955266    5.44931    -0.1665    13.8155 0.0000e+00  -62.72867  -62.09750 1154429045 213.447307    34.5511      31568          5  0.000e+00
    400.325     0.7828   2.955065     0.7831   2.955266    5.44937    -0.1886    13.8155 0.0000e+00  -62.72867  -62.09750 1154429045 213.447307    34.5514      31569          5  0.000e+00
    400.258     0.7830   2.955071     0.7828   2.955301    5.44929    -0.1225    13.8155 0.0000e+00  -62.72867  -62.09750 1154429046 213.447308    34.5512      31570          5  0.000e+00
    400.354     0.7830   2.955051     0.7833   2.955278    5.44937    -0.0784    13.8155 0.0000e+00  -62.72867  -62.09750 1154429046 213.447308    34.5509      31571          5  0.000e+00
    400.325     0.7833   2.955048     0.7828   2.955301    5.44459    -0.1004    13.8155 0.0000e+00  -62.72867  -62.09750 1154429046 213.447309    34.5505      31572          5  0.000e+00
    400.325     0.7829   2.955048     0.7828   2.955295    5.44936    -0.1225    13.8155 0.0000e+00  -62.72867  -62.09750 1154429046 213.447309    34.5510      31573          5  0.000e+00
    400.325     0.7833   2.955027     0.7828   2.955289    5.44932    -0.1225    13.8155 0.0000e+00  -62.72867  -62.09750 1154429046 213.447310    34.5502      31574          5  0.000e+00
    400.402     0.7829   2.955041     0.7831   2.955248    5.44470    -0.1114    13.8155 0.0000e+00  -62.72867  -62.09750 1154429046 213.447310    34.5509      31575          5  0.000e+00
    400.325     0.7828   2.955027     0.7825   2.955254    5.44939    -0.1445    13.8155 0.0000e+00  -62.72867  -62.09750 1154429046 213.447310    34.5509      31576          5  0.000e+00
    400.402     0.7829   2.955041     0.7827   2.955284    5.44942    -0.0564    13.8155 0.0000e+00  -62.72867  -62.09750 1154429046 213.447311    34.5509      31577          5  0.000e+00
    400.402     0.7826   2.955027     0.7828   2.955272    5.44947    -0.0564    13.8155 0.0000e+00  -62.72867  -62.09750 1154429046 213.447311    34.5511      31578          5  0.000e+00
    400.402     0.7826   2.955024     0.7823   2.955266    5.44947    -0.0343    13.8155 0.0000e+00  -62.72867  -62.09750 1154429046 213.447312    34.5510      31579          5  0.000e+00
    400.402     0.7826   2.955004     0.7828   2.955266    5.44947    -0.0674    13.8155 0.0000e+00  -62.72867  -62.09750 1154429046 213.447312    34.5507      31580          5  0.000e+00
    400.402     0.7826   2.955000     0.7833   2.955325    5.44948    -0.0674    13.8155 0.0000e+00  -62.72867  -62.09750 1154429046 213.447313    34.5507      31581          5  0.000e+00
    400.607     0.7847   2.955132     0.7848   2.955450    5.44933    -0.0343    13.8155 0.0000e+00  -62.72867  -62.09750 1154429058 213.447454    34.5499      31874          6  0.000e+00
    400.750     0.7847   2.955149     0.7850   2.955438    5.44943    -0.0123    13.8155 0.0000e+00  -62.72867  -62.09750 1154429058 213.447455    34.5500      31875          6  0.000e+00
    400.607     0.7846   2.955143     0.7848   2.955432    5.44934    -0.1004    13.8155 0.0000e+00  -62.72867  -62.09750 1154429058 213.447455    34.5501      31876          6  0.000e+00
    400.607     0.7846   2.955156     0.7851   2.955432    5.44933    -0.1335    13.8155 0.0000e+00  -62.72867  -62.09750 1154429058 213.447456    34.5504      31877          6  0.000e+00
    400.674     0.7844   2.955163     0.7847   2.955384    5.44940    -0.1225    13.8155 0.0000e+00  -62.72867  -62.09750 1154429058 213.447456    34.5506      31878          6  0.000e+00
    400.674     0.7845   2.955126     0.7847   2.955390    5.44941    -0.1004    13.8155 0.0000e+00  -62.72867  -62.09750 1154429058 213.447457    34.5501      31879          6  0.000e+00
    400.674     0.7849   2.955132     0.7852   2.955420    5.44936    -0.1004    13.8155 0.0000e+00  -62.72867  -62.09750 1154429058 213.447457    34.5497      31880          6  0.000e+00
    400.770     0.7844   2.955156     0.7848   2.955432    5.44947    -0.1004    13.8155 0.0000e+00  -62.72867  -62.09750 1154429058 213.447458    34.5504      31881          6  0.000e+00
    400.750     0.7844   2.955180     0.7847   2.955408    5.44945    -0.0784    13.8155 0.0000e+00  -62.72867  -62.09750 1154429059 213.447458    34.5508      31882          6  0.000e+00
    400.750     0.7845   2.955166     0.7848   2.955402    5.44945    -0.0674    13.8155 0.0000e+00  -62.72867  -62.09750 1154429059 213.447459    34.5505      31883          6  0.000e+00
