product_data/regression_test/downloaded_data/MDGS/320620060703/ctd/p6620001.ros
* Sea-Bird SBE 9 Data File:
* FileName = D:\Data\Raw\p6620001.dat
* Software Version Seasave Win32 V 5.32
* Temperature SN = 1649
* Conductivity SN = 1431
* Number of Bytes Per Scan = 37
* Number of Voltage Words = 5
* Number of Scans Averaged by the Deck Unit = 1
* NMEA Latitude = 64 23.77 S
* NMEA Longitude = 062 08.95 W
* NMEA UTC (Time) = 23:36:48
** Ship:   Nathaniel B. Palmer 
** Cruise:    NBP0606 
# nquan = 17
# nvalues = 1176                    
# units = specified
# name 0 = prDM: Pressure, Digiquartz [db]
# name 1 = t090C: Temperature [ITS-90, deg C]
# name 2 = c0S/m: Conductivity [S/m]
# name 3 = t190C: Temperature, 2 [ITS-90, deg C]
# name 4 = c1S/m: Conductivity, 2 [S/m]
# name 5 = sbeox0ML/L: Oxygen, SBE 43 [ml/l]
# name 6 = flECO-AFL: Fluorescence, Wetlab ECO-AFL/FL [mg/m^3]
# name 7 = bat: Beam Attenuation, Chelsea/Seatech/Wetlab CStar [1/m]
# name 8 = spar: SPAR/Surface Irradiance
# name 9 = latitude: Latitude [deg]
# name 10 = longitude: Longitude [deg]
# name 11 = timeY: Time, System [seconds]
# name 12 = timeJ: Julian Days
# name 13 = sal00: Salinity [PSU]
# name 14 = scan: scan number
# name 15 = nbf: number of bottles fired
# name 16 = flag:  0.000e+00
# interval = seconds: 0.0416667                   
# start_time = Jul 27 2006 23:36:57
*END*
[from data line 511]
    100.716    -0.7226   2.784044    -0.7236   2.784297    7.04722     0.0097    13.8155 0.0000e+00  -64.39617  -62.14917 1154045112 209.003640    34.1557      40740         11  0.000e+00
    100.716    -0.7226   2.784024    -0.7238   2.784314    7.04723    -0.0674    13.8155 0.0000e+00  -64.39617  -62.14917 1154045112 209.003640    34.1555      40741         11  0.000e+00
    100.716    -0.7220   2.784001    -0.7238   2.784280    7.04716    -0.0784    13.8155 0.0000e+00  -64.39617  -62.14917 1154045112 209.003641    34.1545      40742         11  0.000e+00
    100.650    -0.7235   2.783965    -0.7241   2.784309    7.04733    -0.1004    13.8155 0.0000e+00  -64.39617  -62.14917 1154045112 209.003641    34.1558      40743         11  0.000e+00
    100.716    -0.7232   2.783952    -0.7240   2.784303    7.04737    -0.0233    13.8155 0.0000e+00  -64.39617  -62.14917 1154045112 209.003641    34.1552      40744         11  0.000e+00
    100.716    -0.7230   2.783985    -0.7236   2.784314    7.04732    -0.0674    13.8155 0.0000e+00  -64.39617  -62.14917 1154045112 209.003642    34.1555      40745         11  0.000e+00
    100.688    -0.7237   2.783978    -0.7233   2.784343    7.04739    -0.0343    13.8155 0.0000e+00  -64.39617  -62.14917 1154045113 209.003642    34.1561      40746         11  0.000e+00
    100.716    -0.7235   2.783991    -0.7227   2.784384    7.04738    -0.0233    13.8155 0.0000e+00  -64.39617  -62.14917 1154045113 209.003643    34.1561      40747         11  0.000e+00
    100.716    -0.7235   2.783995    -0.7213   2.784506    7.04738    -0.1004    13.8155 0.0000e+00  -64.39617  -62.14917 1154045113 209.003643    34.1562      40748         11  0.000e+00
    100.716    -0.7234   2.783995    -0.7204   2.784610    7.04736    -0.1114    13.8155 0.0000e+00  -64.39617  -62.14917 1154045113 209.003644    34.1560      40749         11  0.000e+00
    100.793    -0.7234   2.783962    -0.7197   2.784657    7.04746    -0.0454    13.8155 0.0000e+00  -64.39617  -62.14917 1154045113 209.003644    34.1555      40750         11  0.000e+00
    100.717    -0.7232   2.783968    -0.7193   2.784726    7.04736     0.0097    13.8155 0.0000e+00  -64.39617  -62.14917 1154045113 209.003645    34.1554      40751         11  0.000e+00
    100.793    -0.7226   2.784041    -0.7190   2.784726    7.04729    -0.0123    13.8155 0.0000e+00  -64.39617  -62.14917 1154045113 209.003645    34.1557      40752         11  0.000e+00
    100.860    -0.7217   2.784163    -0.7192   2.784755    7.04715    -0.0233    13.8155 0.0000e+00  -64.39617  -62.14917 1154045113 209.003646    34.1562      40753         11  0.000e+00
    100.793    -0.7206   2.784265    -0.7190   2.784755    7.04686    -0.0233    13.8155 0.0000e+00  -64.39617  -62.14917 1154045113 209.003646    34.1564      40754         11  0.000e+00
    100.793    -0.7201   2.784305    -0.7186   2.784767    7.04677    -0.0454    13.8155 0.0000e+00  -64.39617  -62.14917 1154045113 209.003647    34.1564      40755         11  0.000e+00
    100.831    -0.7201   2.784341    -0.7190   2.784732    7.05150    -0.0784    13.8155 0.0000e+00  -64.39617  -62.14917 1154045113 209.003647    34.1569      40756         11  0.000e+00
    100.927    -0.7193   2.784321    -0.7190   2.784738    7.04678    -0.0674    13.8155 0.0000e+00  -64.39617  -62.14917 1154045113 209.003648    34.1557      40757         11  0.000e+00
    100.860    -0.7195   2.784325    -0.7187   2.784709    7.04674    -0.0233    13.8155 0.0000e+00  -64.39617  -62.14917 1154045113 209.003648    34.1560      40758         11  0.000e+00
    100.793    -0.7195   2.784348    -0.7190   2.784732    7.05137    -0.0564    13.8155 0.0000e+00  -64.39617  -62.14917 1154045113 209.003649    34.1563      40759         11  0.000e+00
    100.927    -0.7195   2.784354    -0.7186   2.784784    7.05150    -0.0454    13.8155 0.0000e+00  -64.39617  -62.14917 1154045113 209.003649    34.1563      40760         11  0.000e+00
    100.860    -0.7192   2.784371    -0.7187   2.784761    7.04666     0.0207    13.8155 0.0000e+00  -64.39617  -62.14917 1154045113 209.003650    34.1562      40761         11  0.000e+00
    100.793    -0.7193   2.784358    -0.7190   2.784750    7.04662    -0.0343    13.8155 0.0000e+00  -64.39617  -62.14917 1154045113 209.003650    34.1563      40762         11  0.000e+00
    100.860    -0.7187   2.784354    -0.7190   2.784750    7.05132    -0.1004    13.8155 0.0000e+00  -64.39617  -62.14917 1154045113 209.003651    34.1555      40763         11  0.000e+00
    100.793    -0.7190   2.784354    -0.7189   2.784767    7.04658    -0.0784    13.8155 0.0000e+00  -64.39617  -62.14917 1154045113 209.003651    34.1559      40764         11  0.000e+00
    100.860    -0.7189   2.784371    -0.7184   2.784755    7.05133    -0.1004    13.8155 0.0000e+00  -64.39617  -62.14917 1154045113 209.003652    34.1559      40765         11  0.000e+00
    100.755    -0.7189   2.784377    -0.7189   2.784767    7.04651    -0.0674    13.8155 0.0000e+00  -64.39617  -62.14917 1154045113 209.003652    34.1560      40766         11  0.000e+00
    100.793    -0.7190   2.784358    -0.7187   2.784732    7.04658    -0.0454    13.8155 0.0000e+00  -64.39617  -62.14917 1154045113 209.003653    34.1559      40767         11  0.000e+00
    100.623    -0.7272   2.783622    -0.7282   2.783908    7.04806    -0.0894    13.8155 0.0000e+00  -64.39617  -62.14917 1154045119 209.003722    34.1554      40910         12  0.000e+00
    100.508    -0.7275   2.783622    -0.7281   2.783960    7.04799    -0.1004    13.8155 0.0000e+00  -64.39617  -62.14917 1154045119 209.003722    34.1558      40911         12  0.000e+00
    100.585    -0.7274   2.783615    -0.7276   2.783995    7.04805    -0.0894    13.8155 0.0000e+00  -64.39617  -62.14917 1154045119 209.003723    34.1555      40912         12  0.000e+00
    100.585    -0.7277   2.783615    -0.7272   2.783984    7.04810    -0.0454    13.8155 0.0000e+00  -64.39617  -62.14917 1154045119 209.003723    34.1558      40913         12  0.000e+00
    100.652    -0.7274   2.783615    -0.7272   2.783995    7.04812    -0.0123    13.8155 0.0000e+00  -64.39617  -62.14917 1154045119 209.003723    34.1554      40914         12  0.000e+00
    100.508    -0.7279   2.783582    -0.7273   2.784007    7.04807    -0.0233    13.8155 0.0000e+00  -64.39617  -62.14917 1154045120 209.003724    34.1556      40915         12  0.000e+00
    100.585    -0.7278   2.783556    -0.7279   2.783966    7.04816    -0.0564    13.8155 0.0000e+00  -64.39617  -62.14917 1154045120 209.003724    34.1552      40916         12  0.000e+00
    100.585    -0.7282   2.783533    -0.7278   2.783955    7.04822    -0.0784    13.8155 0.0000e+00  -64.39617  -62.14917 1154045120 209.003725    34.1552      40917         12  0.000e+00
    100.508    -0.7280   2.783562    -0.7279   2.783937    7.05282    -0.1225    13.8155 0.0000e+00  -64.39617  -62.14917 1154045120 209.003725    34.1555      40918         12  0.000e+00
    100.547    -0.7282   2.783536    -0.7281   2.783902    7.04818    -0.1555    13.8155 0.0000e+00  -64.39617  -62.14917 1154045120 209.003726    34.1553      40919         12  0.000e+00
    100.585    -0.7282   2.783526    -0.7281   2.783914    7.05294    -0.0894    13.8155 0.0000e+00  -64.39617  -62.14917 1154045120 209.003726    34.1552      40920         12  0.000e+00
    100.508    -0.7283   2.783526    -0.7290   2.783885    7.05288    -0.0343    13.8155 0.0000e+00  -64.39617  -62.14917 1154045120 209.003727    34.1553      40921         12  0.000e+00
    100.508    -0.7283   2.783509    -0.7284   2.783908    7.04818    -0.0894    13.8155 0.0000e+00  -64.39617  -62.14917 1154045120 209.003727    34.1551      40922         12  0.000e+00
    100.585    -0.7290   2.783523    -0.7282   2.783926    7.04834    -0.0564    13.8155 0.0000e+00  -64.39617  -62.14917 1154045120 209.003728    34.1560      40923         12  0.000e+00
    100.508    -0.7285   2.783509    -0.7273   2.783926    7.04820    -0.0454    13.8155 0.0000e+00  -64.39617  -62.14917 1154045120 209.003728    34.1553      40924         12  0.000e+00
    100.508    -0.7290   2.783490    -0.7279   2.783926    7.04828    -0.0784    13.8155 0.0000e+00  -64.39617  -62.14917 1154045120 209.003729    34.1556      40925         12  0.000e+00
    100.509    -0.7288   2.783496    -0.7287   2.783902    7.04825    -0.0343    13.8155 0.0000e+00  -64.39617  -62.14917 1154045120 209.003729    34.1555      40926         12  0.000e+00
    100.509    -0.7288   2.783523    -0.7288   2.783914    7.04823    -0.0454    13.8155 0.0000e+00  -64.39617  -62.14917 1154045120 209.003730    34.1558      40927         12  0.000e+00
    100.585    -0.7288   2.783490    -0.7290   2.783902    7.05305    -0.0674    13.8155 1.9481e+00  -64.39617  -62.14917 1154045120 209.003730    34.1553      40928         12  0.000e+00
    100.480    -0.7289   2.783467    -0.7296   2.783902    7.04827     0.0207    13.8155 0.0000e+00  -64.39617  -62.14917 1154045120 209.003731    34.1553      40929         12  0.000e+00
    100.509    -0.7293   2.783473    -0.7290   2.783897    7.04834     0.0207    13.8155 0.0000e+00  -64.39617  -62.14917 1154045120 209.003731    34.1557      40930         12  0.000e+00
    100.509    -0.7294   2.783450    -0.7287   2.783897    7.04837    -0.0784    13.8155 0.0000e+00  -64.39617  -62.14917 1154045120 209.003732    34.1555      40931         12  0.000e+00
    100.442    -0.7295   2.783453    -0.7284   2.783914    7.04832    -0.0123    13.8155 0.0000e+00  -64.39617  -62.14917 1154045120 209.003732    34.1558      40932         12  0.000e+00
    100.509    -0.7290   2.783460    -0.7284   2.783902    7.04830    -0.0013    13.8155 0.0000e+00  -64.39617  -62.14917 1154045120 209.003733    34.1552      40933         12  0.000e+00
    100.509    -0.7292   2.783473    -0.7285   2.783937    7.04833    -0.0454    13.8155 0.0000e+00  -64.39617  -62.14917 1154045120 209.003733    34.1557      40934         12  0.000e+00
    100.442    -0.7293   2.783447    -0.7282   2.783908    7.04829    -0.0784    13.8155 0.0000e+00  -64.39617  -62.14917 1154045120 209.003734    34.1554      40935         12  0.000e+00
    100.509    -0.7289   2.783506    -0.7290   2.783879    7.04827    -0.1004    13.8155 0.0000e+00  -64.39617  -62.14917 1154045120 209.003734    34.1558      40936         12  0.000e+00
    100.442    -0.7292   2.783476    -0.7293   2.783891    7.04827    -0.0894    13.8155 0.0000e+00  -64.39617  -62.14917 1154045120 209.003735    34.1558      40937         12  0.000e+00
    100.480    -0.7294   2.783480    -0.7287   2.783897    7.04833    -0.0123    13.8155 0.0000e+00  -64.39617  -62.14917 1154045121 209.003735    34.1560      40938         12  0.000e+00
    100.442    -0.7288   2.783467    -0.7290   2.783879    7.04820     0.0538    13.8155 0.0000e+00  -64.39617  -62.14917 1154045121 209.003736    34.1551      40939         12  0.000e+00
    100.442    -0.7290   2.783460    -0.7293   2.783873    7.04824     0.0318    13.8155 0.0000e+00  -64.39617  -62.14917 1154045121 209.003736    34.1552      40940         12  0.000e+00
    100.442    -0.7292   2.783473    -0.7288   2.783856    7.04827    -0.0233    13.8155 0.0000e+00  -64.39617  -62.14917 1154045121 209.003736    34.1557      40941         12  0.000e+00
    100.442    -0.7288   2.783500    -0.7296   2.783867    7.04818    -0.0564    13.8155 0.0000e+00  -64.39617  -62.14917 1154045121 209.003737    34.1555      40942         12  0.000e+00
    100.442    -0.7290   2.783486    -0.7293   2.783850    7.04822    -0.0233    13.8155 0.0000e+00  -64.39617  -62.14917 1154045121 209.003737    34.1556      40943         12  0.000e+00
    100.366    -0.7291   2.783500    -0.7287   2.783862    7.04815     0.0207    13.8155 0.0000e+00  -64.39617  -62.14917 1154045121 209.003738    34.1559      40944         12  0.000e+00
    100.442    -0.7288   2.783486    -0.7291   2.783873    7.04820     0.0428    13.8155 0.0000e+00  -64.39617  -62.14917 1154045121 209.003738    34.1554      40945         12  0.000e+00
    100.442    -0.7292   2.783483    -0.7293   2.783873    7.04826    -0.0343    13.8155 0.0000e+00  -64.39617  -62.14917 1154045121 209.003739    34.1559      40946         12  0.000e+00
    100.366    -0.7290   2.783496    -0.7295   2.783873    7.04814    -0.0784    13.8155 0.0000e+00  -64.39617  -62.14917 1154045121 209.003739    34.1558      40947         12  0.000e+00
    100.413    -0.7295   2.783523    -0.7293   2.783850    7.04825     0.0207    13.8155 0.0000e+00  -64.39617  -62.14917 1154045121 209.003740    34.1567      40948         12  0.000e+00
    100.442    -0.7285   2.783526    -0.7293   2.783862    7.04812    -0.0233    13.8155 0.0000e+00  -64.39617  -62.14917 1154045121 209.003740    34.1556      40949         12  0.000e+00
    100.366    -0.7286   2.783526    -0.7293   2.783850    7.04807    -0.0564    13.8155 0.0000e+00  -64.39617  -62.14917 1154045121 209.003741    34.1558      40950         12  0.000e+00
    100.366    -0.7282   2.783496    -0.7292   2.783862    7.04802     0.0207    13.8155 0.0000e+00  -64.39617  -62.14917 1154045121 209.003741    34.1549      40951         12  0.000e+00
    100.442    -0.7288   2.783533    -0.7291   2.783856    7.04817     0.0428    13.8155 0.0000e+00  -64.39617  -62.14917 1154045121 209.003742    34.1560      40952         12  0.000e+00
    100.366    -0.7285   2.783516    -0.7290   2.783844    7.04806     0.0538    13.8155 0.0000e+00  -64.39617  -62.14917 1154045121 209.003742    34.1555      40953         12  0.000e+00
    100.366    -0.7283   2.783519    -0.7288   2.783862    7.04803     0.0097    13.8155 0.0000e+00  -64.39617  -62.14917 1154045121 209.003743    34.1553      40954         12  0.000e+00
    100.366    -0.7282   2.783526    -0.7288   2.783873    7.04801    -0.0233    13.8155 0.0000e+00  -64.39617  -62.14917 1154045121 209.003743    34.1553      40955         12  0.000e+00
    100.366    -0.7283   2.783542    -0.7287   2.783850    7.04801     0.0758    13.8155 0.0000e+00  -64.39617  -62.14917 1154045121 209.003744    34.1556      40956         12  0.000e+00
    100.414    -0.7285   2.783533    -0.7290   2.783879    7.04810     0.0097    13.8155 0.0000e+00  -64.39617  -62.14917 1154045121 209.003744    34.1557      40957         12  0.000e+00
    100.366    -0.7289   2.783542    -0.7287   2.783879    7.04810    -0.0123    13.8155 0.0000e+00  -64.39617  -62.14917 1154045121 209.003745    34.1564      40958         12  0.000e+00
     75.410    -0.7459   2.780870    -0.7459   2.781244    7.07015    -0.0343    13.8155 0.0000e+00  -64.39617  -62.14917 1154045181 209.004434    34.1549      42387         13  0.000e+00
     75.505    -0.7462   2.780841    -0.7459   2.781244    7.07030    -0.0784    13.8155 0.0000e+00  -64.39617  -62.14917 1154045181 209.004434    34.1547      42388         13  0.000e+00
     75.343    -0.7459   2.780851    -0.7459   2.781244    7.07480    -0.1225    13.8155 0.0000e+00  -64.39617  -62.14917 1154045181 209.004435    34.1546      42389         13  0.000e+00
     75.362    -0.7462   2.780847    -0.7459   2.781221    7.07016    -0.0674    13.8155 0.0000e+00  -64.39617  -62.14917 1154045181 209.004435    34.1549      42390         13  0.000e+00
     75.410    -0.7462   2.780870    -0.7462   2.781233    7.07020    -0.0123    13.8155 0.0000e+00  -64.39617  -62.14917 1154045181 209.004436    34.1552      42391         13  0.000e+00
     75.229    -0.7460   2.780860    -0.7462   2.781244    7.07000     0.0207    13.8155 0.0000e+00  -64.39617  -62.14917 1154045181 209.004436    34.1550      42392         13  0.000e+00
     75.410    -0.7464   2.780917    -0.7462   2.781244    7.07019    -0.0233    13.8155 0.0000e+00  -64.39617  -62.14917 1154045181 209.004437    34.1560      42393         13  0.000e+00
