product_data/regression_test/downloaded_data/MDGS/320620060703/ctd/p6623204.cnv
* Sea-Bird SBE 9 Data File:
* FileName = D:\Data\Raw\p6623204.dat
* Software Version Seasave Win32 V 5.32
* Temperature SN = 1649
* Conductivity SN = 1431
* Number of Bytes Per Scan = 37
* Number of Voltage Words = 5
* Number of Scans Averaged by the Deck Unit = 1
* NMEA Latitude = 61 52.91 S
* NMEA Longitude = 053 08.29 W
* NMEA UTC (Time) = 09:57:38
** Ship:   Nathaniel B. Palmer 
** Cruise:    NBP0606 
# nquan = 15
# nvalues = 1273                        
# units = specified
# name 0 = prDM: Pressure, Digiquartz [db]
# name 1 = t090C: Temperature [ITS-90, deg C]
# name 2 = c0S/m: Conductivity [S/m]
# name 3 = t190C: Temperature, 2 [ITS-90, deg C]
# name 4 = c1S/m: Conductivity, 2 [S/m]
# name 5 = sbeox0ML/L: Oxygen, SBE 43 [ml/l]
# name 6 = flECO-AFL: Fluorescence, Wetlab ECO-AFL/FL [mg/m^3]
# name 7 = bat: Beam Attenuation, Chelsea/Seatech/Wetlab CStar [1/m]
# name 8 = spar: SPAR/Surface Irradiance
# name 9 = latitude: Latitude [deg]
# name 10 = longitude: Longitude [deg]
# name 11 = timeY: Time, System [seconds]
# name 12 = timeJ: Julian Days
# name 13 = sal00: Salinity [PSU]
# name 14 = flag: flag
# span 0 =      2.000,   1274.000       
# span 1 =    -1.7104,    -0.0084       
# span 2 =   2.721748,   2.924030       
# span 3 =    -1.7094,    -0.0078       
# span 4 =   2.722280,   2.924184       
# span 5 =    5.66938,    7.16280       
# span 6 =    -0.1349,     0.0724       
# span 7 =    13.8155,    13.8155       
# span 8 = 0.0000e+00, 0.0000e+00       
# span 9 =  -61.88183,  -61.88183       
# span 10 =  -53.13817,  -53.13817      
# span 11 = 1154944780, 1154946487      
# span 12 = 219.416463, 219.436221      
# span 13 =    34.3879,    34.7626      
# span 14 = 0.0000e+00, 0.0000e+00      
# interval = decibars: 1                
# start_time = Aug 07 2006 09:59:08
# bad_flag = -9.990e-29
*END*
[from data line 675]
    677.000    -0.1044   2.897598    -0.1058   2.897504    5.74595    -0.0897    13.8155 0.0000e+00  -61.88183  -53.13817 1154945724 219.427386    34.6312 0.0000e+00
    678.000    -0.1060   2.897506    -0.1057   2.897637    5.74653    -0.0914    13.8155 0.0000e+00  -61.88183  -53.13817 1154945725 219.427401    34.6311 0.0000e+00
    679.000    -0.1050   2.897657    -0.1039   2.897853    5.75036    -0.1058    13.8155 0.0000e+00  -61.88183  -53.13817 1154945727 219.427415    34.6311 0.0000e+00
    680.000    -0.1059   2.897616    -0.1052   2.897787    5.75020    -0.1038    13.8155 0.0000e+00  -61.88183  -53.13817 1154945728 219.427429    34.6309 0.0000e+00
    681.000    -0.1052   2.897711    -0.1047   2.897865    5.75099    -0.1031    13.8155 0.0000e+00  -61.88183  -53.13817 1154945729 219.427444    34.6307 0.0000e+00
    682.000    -0.1058   2.897706    -0.1057   2.897830    5.75171    -0.0815    13.8155 0.0000e+00  -61.88183  -53.13817 1154945730 219.427458    34.6305 0.0000e+00
    683.000    -0.1067   2.897704    -0.1063   2.897848    5.75487    -0.0853    13.8155 0.0000e+00  -61.88183  -53.13817 1154945731 219.427472    34.6310 0.0000e+00
    684.000    -0.1056   2.897846    -0.1029   2.898216    5.75734    -0.0983    13.8155 0.0000e+00  -61.88183  -53.13817 1154945733 219.427486    34.6308 0.0000e+00
    685.000    -0.1089   2.897596    -0.1086   2.897728    5.75906    -0.0787    13.8155 0.0000e+00  -61.88183  -53.13817 1154945734 219.427501    34.6308 0.0000e+00
    686.000    -0.1075   2.897758    -0.1069   2.897915    5.76085    -0.1062    13.8155 0.0000e+00  -61.88183  -53.13817 1154945735 219.427515    34.6307 0.0000e+00
    687.000    -0.1066   2.897882    -0.1062   2.898029    5.76078    -0.0959    13.8155 0.0000e+00  -61.88183  -53.13817 1154945736 219.427529    34.6306 0.0000e+00
    688.000    -0.1066   2.897921    -0.1062   2.898051    5.76085    -0.0853    13.8155 0.0000e+00  -61.88183  -53.13817 1154945738 219.427544    34.6305 0.0000e+00
    689.000    -0.1069   2.897948    -0.1062   2.898106    5.76154    -0.0763    13.8155 0.0000e+00  -61.88183  -53.13817 1154945739 219.427558    34.6305 0.0000e+00
    690.000    -0.1054   2.898123    -0.1055   2.898212    5.76018    -0.0915    13.8155 0.0000e+00  -61.88183  -53.13817 1154945740 219.427572    34.6306 0.0000e+00
    691.000    -0.1058   2.898141    -0.1052   2.898282    5.75725    -0.0913    13.8155 0.0000e+00  -61.88183  -53.13817 1154945741 219.427587    34.6307 0.0000e+00
    692.000    -0.1057   2.898178    -0.1049   2.898367    5.75495    -0.0818    13.8155 0.0000e+00  -61.88183  -53.13817 1154945743 219.427601    34.6305 0.0000e+00
    693.000    -0.1058   2.898227    -0.1053   2.898380    5.75590    -0.0931    13.8155 0.0000e+00  -61.88183  -53.13817 1154945744 219.427615    34.6306 0.0000e+00
    694.000    -0.1020   2.898629    -0.1001   2.898894    5.75703    -0.0958    13.8155 0.0000e+00  -61.88183  -53.13817 1154945745 219.427630    34.6309 0.0000e+00
    695.000    -0.0997   2.898899    -0.0992   2.899010    5.75494    -0.1041    13.8155 0.0000e+00  -61.88183  -53.13817 1154945746 219.427644    34.6313 0.0000e+00
    696.000    -0.0919   2.899645    -0.0911   2.899821    5.75179    -0.1032    13.8155 0.0000e+00  -61.88183  -53.13817 1154945747 219.427658    34.6316 0.0000e+00
    697.000    -0.0933   2.899566    -0.0931   2.899684    5.75022    -0.0865    13.8155 0.0000e+00  -61.88183  -53.13817 1154945749 219.427673    34.6315 0.0000e+00
    698.000    -0.0962   2.899341    -0.0951   2.899520    5.74739    -0.0785    13.8155 0.0000e+00  -61.88183  -53.13817 1154945750 219.427687    34.6316 0.0000e+00
    699.000    -0.0898   2.899976    -0.0918   2.899883    5.74723    -0.0944    13.8155 0.0000e+00  -61.88183  -53.13817 1154945751 219.427701    34.6319 0.0000e+00
    700.000    -0.0901   2.899985    -0.0897   2.900128    5.74625    -0.0829    13.8155 0.0000e+00  -61.88183  -53.13817 1154945752 219.427715    34.6317 0.0000e+00
    701.000    -0.0902   2.900033    -0.0891   2.900231    5.74594    -0.0857    13.8155 0.0000e+00  -61.88183  -53.13817 1154945754 219.427730    34.6319 0.0000e+00
    702.000    -0.0905   2.900043    -0.0902   2.900174    5.74681    -0.1001    13.8155 0.0000e+00  -61.88183  -53.13817 1154945755 219.427744    34.6319 0.0000e+00
    703.000    -0.0907   2.900065    -0.0901   2.900228    5.74760    -0.0760    13.8155 0.0000e+00  -61.88183  -53.13817 1154945756 219.427758    34.6318 0.0000e+00
    704.000    -0.0933   2.899889    -0.0922   2.900081    5.74855    -0.0787    13.8155 0.0000e+00  -61.88183  -53.13817 1154945757 219.427772    34.6320 0.0000e+00
    705.000    -0.0927   2.899967    -0.0924   2.900116    5.74913    -0.0786    13.8155 0.0000e+00  -61.88183  -53.13817 1154945759 219.427787    34.6318 0.0000e+00
    706.000    -0.0935   2.899952    -0.0916   2.900220    5.74991    -0.0986    13.8155 0.0000e+00  -61.88183  -53.13817 1154945760 219.427801    34.6319 0.0000e+00
    707.000    -0.0941   2.899939    -0.0938   2.900092    5.75043    -0.1166    13.8155 0.0000e+00  -61.88183  -53.13817 1154945761 219.427815    34.6318 0.0000e+00
    708.000    -0.0942   2.899970    -0.0938   2.900111    5.74820    -0.0949    13.8155 0.0000e+00  -61.88183  -53.13817 1154945762 219.427830    34.6318 0.0000e+00
    709.000    -0.0931   2.900119    -0.0927   2.900253    5.74729    -0.0966    13.8155 0.0000e+00  -61.88183  -53.13817 1154945764 219.427844    34.6319 0.0000e+00
    710.000    -0.0936   2.900120    -0.0927   2.900291    5.74751    -0.0887    13.8155 0.0000e+00  -61.88183  -53.13817 1154945765 219.427858    34.6319 0.0000e+00
    711.000    -0.0898   2.900496    -0.0887   2.900685    5.74890    -0.0912    13.8155 0.0000e+00  -61.88183  -53.13817 1154945766 219.427872    34.6320 0.0000e+00
    712.000    -0.0897   2.900524    -0.0897   2.900655    5.74750    -0.0983    13.8155 0.0000e+00  -61.88183  -53.13817 1154945767 219.427886    34.6316 0.0000e+00
    713.000    -0.0914   2.900433    -0.0908   2.900599    5.74822    -0.0879    13.8155 0.0000e+00  -61.88183  -53.13817 1154945768 219.427901    34.6318 0.0000e+00
    714.000    -0.0918   2.900438    -0.0910   2.900623    5.75130    -0.0981    13.8155 0.0000e+00  -61.88183  -53.13817 1154945770 219.427915    34.6317 0.0000e+00
    715.000    -0.0969   2.900016    -0.0961   2.900200    5.75188    -0.1001    13.8155 0.0000e+00  -61.88183  -53.13817 1154945771 219.427929    34.6315 0.0000e+00
    716.000    -0.0972   2.900012    -0.0964   2.900203    5.75177    -0.1137    13.8155 0.0000e+00  -61.88183  -53.13817 1154945772 219.427943    34.6312 0.0000e+00
    717.000    -0.0976   2.900017    -0.0964   2.900226    5.75394    -0.1013    13.8155 0.0000e+00  -61.88183  -53.13817 1154945773 219.427958    34.6310 0.0000e+00
    718.000    -0.0983   2.900002    -0.0974   2.900185    5.75428    -0.0949    13.8155 0.0000e+00  -61.88183  -53.13817 1154945775 219.427972    34.6311 0.0000e+00
    719.000    -0.0989   2.899986    -0.0980   2.900174    5.75555    -0.0982    13.8155 0.0000e+00  -61.88183  -53.13817 1154945776 219.427986    34.6309 0.0000e+00
    720.000    -0.0989   2.900034    -0.0982   2.900194    5.75575    -0.0952    13.8155 0.0000e+00  -61.88183  -53.13817 1154945777 219.428000    34.6310 0.0000e+00
    721.000    -0.0980   2.900167    -0.0977   2.900294    5.75257    -0.0812    13.8155 0.0000e+00  -61.88183  -53.13817 1154945778 219.428015    34.6311 0.0000e+00
    722.000    -0.0966   2.900335    -0.0965   2.900447    5.75125    -0.0972    13.8155 0.0000e+00  -61.88183  -53.13817 1154945780 219.428029    34.6312 0.0000e+00
    723.000    -0.0976   2.900284    -0.0977   2.900388    5.74942    -0.0841    13.8155 0.0000e+00  -61.88183  -53.13817 1154945781 219.428043    34.6311 0.0000e+00
    724.000    -0.0977   2.900310    -0.0967   2.900510    5.74984    -0.1010    13.8155 0.0000e+00  -61.88183  -53.13817 1154945782 219.428057    34.6309 0.0000e+00
    725.000    -0.0982   2.900308    -0.0976   2.900474    5.75060    -0.0945    13.8155 0.0000e+00  -61.88183  -53.13817 1154945783 219.428072    34.6308 0.0000e+00
    726.000    -0.1000   2.900186    -0.1000   2.900289    5.75264    -0.1129    13.8155 0.0000e+00  -61.88183  -53.13817 1154945784 219.428086    34.6307 0.0000e+00
    727.000    -0.0993   2.900297    -0.1001   2.900339    5.75521    -0.0798    13.8155 0.0000e+00  -61.88183  -53.13817 1154945786 219.428100    34.6308 0.0000e+00
    728.000    -0.0992   2.900351    -0.0983   2.900545    5.75476    -0.0943    13.8155 0.0000e+00  -61.88183  -53.13817 1154945787 219.428114    34.6308 0.0000e+00
    729.000    -0.0998   2.900340    -0.0996   2.900469    5.75367    -0.0826    13.8155 0.0000e+00  -61.88183  -53.13817 1154945788 219.428128    34.6308 0.0000e+00
    730.000    -0.0995   2.900417    -0.0986   2.900605    5.75463    -0.0652    13.8155 0.0000e+00  -61.88183  -53.13817 1154945789 219.428143    34.6309 0.0000e+00
    731.000    -0.1002   2.900416    -0.0996   2.900579    5.75489    -0.0962    13.8155 0.0000e+00  -61.88183  -53.13817 1154945791 219.428157    34.6310 0.0000e+00
    732.000    -0.1000   2.900475    -0.1002   2.900562    5.75484    -0.1007    13.8155 0.0000e+00  -61.88183  -53.13817 1154945792 219.428171    34.6311 0.0000e+00
    733.000    -0.0981   2.900708    -0.0983   2.900796    5.75556    -0.0967    13.8155 0.0000e+00  -61.88183  -53.13817 1154945793 219.428185    34.6313 0.0000e+00
    734.000    -0.1011   2.900452    -0.1004   2.900639    5.75668    -0.0914    13.8155 0.0000e+00  -61.88183  -53.13817 1154945794 219.428200    34.6307 0.0000e+00
    735.000    -0.0984   2.900760    -0.0975   2.900942    5.75547    -0.0859    13.8155 0.0000e+00  -61.88183  -53.13817 1154945795 219.428214    34.6313 0.0000e+00
    736.000    -0.0964   2.901000    -0.0952   2.901215    5.75554    -0.0808    13.8155 0.0000e+00  -61.88183  -53.13817 1154945797 219.428228    34.6314 0.0000e+00
    737.000    -0.0963   2.901051    -0.0947   2.901304    5.75512    -0.0779    13.8155 0.0000e+00  -61.88183  -53.13817 1154945798 219.428242    34.6314 0.0000e+00
    738.000    -0.0962   2.901097    -0.0949   2.901340    5.75100    -0.0834    13.8155 0.0000e+00  -61.88183  -53.13817 1154945799 219.428256    34.6316 0.0000e+00
    739.000    -0.0917   2.901592    -0.0899   2.901850    5.75095    -0.1093    13.8155 0.0000e+00  -61.88183  -53.13817 1154945800 219.428271    34.6321 0.0000e+00
    740.000    -0.0891   2.901885    -0.0906   2.901862    5.75150    -0.0847    13.8155 0.0000e+00  -61.88183  -53.13817 1154945802 219.428285    34.6323 0.0000e+00
    741.000    -0.0930   2.901583    -0.0938   2.901626    5.75086    -0.1012    13.8155 0.0000e+00  -61.88183  -53.13817 1154945803 219.428299    34.6325 0.0000e+00
    742.000    -0.0942   2.901511    -0.0941   2.901646    5.75060    -0.0937    13.8155 0.0000e+00  -61.88183  -53.13817 1154945804 219.428313    34.6323 0.0000e+00
    743.000    -0.0979   2.901228    -0.0966   2.901458    5.75127    -0.0856    13.8155 0.0000e+00  -61.88183  -53.13817 1154945805 219.428327    34.6322 0.0000e+00
    744.000    -0.0987   2.901205    -0.0990   2.901290    5.75352    -0.1182    13.8155 0.0000e+00  -61.88183  -53.13817 1154945807 219.428342    34.6323 0.0000e+00
    745.000    -0.0995   2.901153    -0.1002   2.901231    5.75492    -0.0797    13.8155 0.0000e+00  -61.88183  -53.13817 1154945808 219.428356    34.6319 0.0000e+00
    746.000    -0.1038   2.900826    -0.1027   2.901054    5.75789    -0.0924    13.8155 0.0000e+00  -61.88183  -53.13817 1154945809 219.428371    34.6318 0.0000e+00
    747.000    -0.1094   2.900320    -0.1126   2.900227    5.76398    -0.0832    13.8155 0.0000e+00  -61.88183  -53.13817 1154945810 219.428385    34.6309 0.0000e+00
    748.000    -0.1234   2.899123    -0.1225   2.899348    5.76687    -0.1206    13.8155 0.0000e+00  -61.88183  -53.13817 1154945812 219.428400    34.6308 0.0000e+00
    749.000    -0.1321   2.898353    -0.1331   2.898422    5.77193    -0.1129    13.8155 0.0000e+00  -61.88183  -53.13817 1154945813 219.428414    34.6299 0.0000e+00
    750.000    -0.1307   2.898553    -0.1332   2.898452    5.77743    -0.1112    13.8155 0.0000e+00  -61.88183  -53.13817 1154945814 219.428428    34.6304 0.0000e+00
    751.000    -0.1415   2.897595    -0.1371   2.898165    5.78019    -0.0995    13.8155 0.0000e+00  -61.88183  -53.13817 1154945815 219.428443    34.6293 0.0000e+00
    752.000    -0.1457   2.897265    -0.1449   2.897486    5.78574    -0.1100    13.8155 0.0000e+00  -61.88183  -53.13817 1154945817 219.428457    34.6292 0.0000e+00
    753.000    -0.1453   2.897336    -0.1455   2.897466    5.78927    -0.0905    13.8155 0.0000e+00  -61.88183  -53.13817 1154945818 219.428472    34.6289 0.0000e+00
    754.000    -0.1444   2.897477    -0.1444   2.897606    5.79171    -0.1071    13.8155 0.0000e+00  -61.88183  -53.13817 1154945819 219.428486    34.6291 0.0000e+00
    755.000    -0.1487   2.897158    -0.1477   2.897394    5.79524    -0.1177    13.8155 0.0000e+00  -61.88183  -53.13817 1154945820 219.428501    34.6291 0.0000e+00
    756.000    -0.1511   2.897020    -0.1508   2.897185    5.79839    -0.0932    13.8155 0.0000e+00  -61.88183  -53.13817 1154945822 219.428515    34.6295 0.0000e+00
    757.000    -0.1487   2.897268    -0.1492   2.897343    5.79883    -0.0879    13.8155 0.0000e+00  -61.88183  -53.13817 1154945823 219.428530    34.6293 0.0000e+00
    758.000    -0.1475   2.897399    -0.1479   2.897519    5.79733    -0.1172    13.8155 0.0000e+00  -61.88183  -53.13817 1154945824 219.428544    34.6289 0.0000e+00
    759.000    -0.1528   2.896989    -0.1526   2.897144    5.79888    -0.0942    13.8155 0.0000e+00  -61.88183  -53.13817 1154945825 219.428558    34.6291 0.0000e+00
    760.000    -0.1529   2.897037    -0.1524   2.897219    5.80134    -0.0947    13.8155 0.0000e+00  -61.88183  -53.13817 1154945827 219.428573    34.6291 0.0000e+00
    761.000    -0.1525   2.897159    -0.1520   2.897323    5.79931    -0.1072    13.8155 0.0000e+00  -61.88183  -53.13817 1154945828 219.428587    34.6296 0.0000e+00
    762.000    -0.1527   2.897184    -0.1522   2.897359    5.79832    -0.1109    13.8155 0.0000e+00  -61.88183  -53.13817 1154945829 219.428602    34.6295 0.0000e+00
    763.000    -0.1522   2.897287    -0.1520   2.897427    5.79864    -0.0974    13.8155 0.0000e+00  -61.88183  -53.13817 1154945830 219.428616    34.6297 0.0000e+00
    764.000    -0.1522   2.897343    -0.1519   2.897482    5.79887    -0.1117    13.8155 0.0000e+00  -61.88183  -53.13817 1154945832 219.428630    34.6298 0.0000e+00
    765.000    -0.1518   2.897443    -0.1514   2.897602    5.79929    -0.0930    13.8155 0.0000e+00  -61.88183  -53.13817 1154945833 219.428645    34.6301 0.0000e+00
    766.000    -0.1513   2.897515    -0.1507   2.897689    5.79842    -0.1081    13.8155 0.0000e+00  -61.88183  -53.13817 1154945834 219.428659    34.6299 0.0000e+00
    767.000    -0.1492   2.897779    -0.1488   2.897945    5.79635    -0.0915    13.8155 0.0000e+00  -61.88183  -53.13817 1154945835 219.428674    34.6304 0.0000e+00
    768.000    -0.1451   2.898228    -0.1461   2.898244    5.79653    -0.1013    13.8155 0.0000e+00  -61.88183  -53.13817 1154945837 219.428688    34.6310 0.0000e+00
    769.000    -0.1446   2.898304    -0.1442   2.898468    5.79737    -0.0929    13.8155 0.0000e+00  -61.88183  -53.13817 1154945838 219.428703    34.6308 0.0000e+00
    770.000    -0.1449   2.898319    -0.1442   2.898500    5.79823    -0.0927    13.8155 0.0000e+00  -61.88183  -53.13817 1154945839 219.428717    34.6308 0.0000e+00
    771.000    -0.1461   2.898240    -0.1458   2.898403    5.79908    -0.0946    13.8155 0.0000e+00  -61.88183  -53.13817 1154945840 219.428732    34.6306 0.0000e+00
    772.000    -0.1462   2.898289    -0.1457   2.898453    5.79952    -0.1038    13.8155 0.0000e+00  -61.88183  -53.13817 1154945842 219.428746    34.6307 0.0000e+00
