product_data/regression_test/downloaded_data/MDGS/320620060703/ctd/p6620501.ros
* Sea-Bird SBE 9 Data File:
* FileName = D:\Data\Raw\p6620501.dat
* Software Version Seasave Win32 V 5.32
* Temperature SN = 1649
* Conductivity SN = 1431
* Number of Bytes Per Scan = 37
* Number of Voltage Words = 5
* Number of Scans Averaged by the Deck Unit = 1
* NMEA Latitude = 64 40.50 S
* NMEA Longitude = 062 44.93 W
* NMEA UTC (Time) = 01:32:47
** Ship:   Nathaniel B. Palmer 
** Cruise:    NBP0606 
# nquan = 17
# nvalues = 1176                    
# units = specified
# name 0 = prDM: Pressure, Digiquartz [db]
# name 1 = t090C: Temperature [ITS-90, deg C]
# name 2 = c0S/m: Conductivity [S/m]
# name 3 = t190C: Temperature, 2 [ITS-90, deg C]
# name 4 = c1S/m: Conductivity, 2 [S/m]
# name 5 = sbeox0ML/L: Oxygen, SBE 43 [ml/l]
# name 6 = flECO-AFL: Fluorescence, Wetlab ECO-AFL/FL [mg/m^3]
# name 7 = bat: Beam Attenuation, Chelsea/Seatech/Wetlab CStar [1/m]
# name 8 = spar: SPAR/Surface Irradiance
# name 9 = latitude: Latitude [deg]
# name 10 = longitude: Longitude [deg]
# name 11 = timeY: Time, System [seconds]
# name 12 = timeJ: Julian Days
# name 13 = sal00: Salinity [PSU]
# name 14 = scan: scan number
# name 15 = nbf: number of bottles fired
# name 16 = flag:  0.000e+00
# interval = seconds: 0.0416667                   
# start_time = Jul 29 2006 01:32:55
*END*
[from data line 1022]
      5.851    -0.6365   2.790469    -0.6284   2.791360    6.75267    -0.0454    13.8155 0.0000e+00  -64.67500  -62.74883 1154137850 210.076997    34.2041      25862         21  0.000e+00
      5.803    -0.6353   2.790558    -0.6267   2.791395    6.75705    -0.0784    13.8155 0.0000e+00  -64.67500  -62.74883 1154137850 210.076997    34.2039      25863         21  0.000e+00
      5.851    -0.6344   2.790568    -0.6241   2.791413    6.74767    -0.1555    13.8155 0.0000e+00  -64.67500  -62.74883 1154137850 210.076998    34.2030      25864         21  0.000e+00
      5.851    -0.6342   2.790598    -0.6235   2.791453    6.75227    -0.1335    13.8155 0.0000e+00  -64.67500  -62.74883 1154137850 210.076998    34.2032      25865         21  0.000e+00
      5.879    -0.6344   2.790572    -0.6230   2.791447    6.75234    -0.1004    13.8155 0.0000e+00  -64.67500  -62.74883 1154137851 210.076999    34.2030      25866         21  0.000e+00
      5.851    -0.6347   2.790562    -0.6234   2.791360    6.74772    -0.1004    13.8155 0.0000e+00  -64.67500  -62.74883 1154137851 210.076999    34.2033      25867         21  0.000e+00
      5.851    -0.6352   2.790615    -0.6273   2.791232    6.75239    -0.1335    13.8155 0.0000e+00  -64.67500  -62.74883 1154137851 210.077000    34.2045      25868         21  0.000e+00
      5.639    -0.6272   2.791186    -0.6273   2.791343    6.76469    -0.1114    13.8155 0.0000e+00  -64.67500  -62.74883 1154137858 210.077080    34.2034      26035         22  0.000e+00
      5.877    -0.6268   2.791242    -0.6271   2.791331    6.76482    -0.0564    13.8155 0.0000e+00  -64.67500  -62.74883 1154137858 210.077081    34.2035      26036         22  0.000e+00
      6.058    -0.6261   2.791325    -0.6273   2.791372    6.76484    -0.0123    13.8155 0.0000e+00  -64.67500  -62.74883 1154137858 210.077081    34.2037      26037         22  0.000e+00
      5.773    -0.6263   2.791414    -0.6273   2.791366    6.76455    -0.0674    13.8155 0.0000e+00  -64.67500  -62.74883 1154137858 210.077082    34.2053      26038         22  0.000e+00
      5.944    -0.6260   2.791487    -0.6272   2.791360    6.76462    -0.1225    13.8155 0.0000e+00  -64.67500  -62.74883 1154137858 210.077082    34.2059      26039         22  0.000e+00
      5.915    -0.6268   2.791536    -0.6270   2.791360    6.76467    -0.1225    13.8155 0.0000e+00  -64.67500  -62.74883 1154137858 210.077083    34.2074      26040         22  0.000e+00
      5.849    -0.6251   2.791566    -0.6272   2.791319    6.76435    -0.1004    13.8155 0.0000e+00  -64.67500  -62.74883 1154137858 210.077083    34.2059      26041         22  0.000e+00
      5.877    -0.6233   2.791589    -0.6273   2.791325    6.76412    -0.1004    13.8155 0.0000e+00  -64.67500  -62.74883 1154137858 210.077084    34.2042      26042         22  0.000e+00
      5.849    -0.6232   2.791612    -0.6270   2.791389    6.76407    -0.0784    13.8155 0.0000e+00  -64.67500  -62.74883 1154137858 210.077084    34.2045      26043         22  0.000e+00
      5.849    -0.6227   2.791599    -0.6250   2.791395    6.76401    -0.0343    13.8155 0.0000e+00  -64.67500  -62.74883 1154137858 210.077085    34.2037      26044         22  0.000e+00
      5.915    -0.6224   2.791526    -0.6247   2.791389    6.76408    -0.0233    13.8155 0.0000e+00  -64.67500  -62.74883 1154137858 210.077085    34.2024      26045         22  0.000e+00
      5.877    -0.6218   2.791487    -0.6253   2.791407    6.76398    -0.0674    13.8155 0.0000e+00  -64.67500  -62.74883 1154137858 210.077086    34.2012      26046         22  0.000e+00
      5.849    -0.6213   2.791447    -0.6257   2.791395    6.76391    -0.0343    13.8155 0.0000e+00  -64.67500  -62.74883 1154137858 210.077086    34.2000      26047         22  0.000e+00
      5.849    -0.6210   2.791437    -0.6260   2.791389    6.76853    -0.0454    13.8155 0.0000e+00  -64.67500  -62.74883 1154137858 210.077087    34.1996      26048         22  0.000e+00
      5.877    -0.6216   2.791470    -0.6267   2.791389    6.76397    -0.0784    13.8155 0.0000e+00  -64.67500  -62.74883 1154137858 210.077087    34.2007      26049         22  0.000e+00
      5.915    -0.6207   2.791500    -0.6267   2.791343    6.76386    -0.0123    13.8155 0.0000e+00  -64.67500  -62.74883 1154137858 210.077088    34.2001      26050         22  0.000e+00
      5.849    -0.6209   2.791520    -0.6269   2.791348    6.76381    -0.0013    13.8155 0.0000e+00  -64.67500  -62.74883 1154137858 210.077088    34.2006      26051         22  0.000e+00
      5.801    -0.6210   2.791559    -0.6272   2.791343    6.76375    -0.1225    13.8155 0.0000e+00  -64.67500  -62.74883 1154137858 210.077089    34.2013      26052         22  0.000e+00
      5.915    -0.6215   2.791589    -0.6269   2.791354    6.76856    -0.1225    13.8155 0.0000e+00  -64.67500  -62.74883 1154137858 210.077089    34.2022      26053         22  0.000e+00
      5.849    -0.6204   2.791625    -0.6275   2.791343    6.76832    -0.0013    13.8155 0.0000e+00  -64.67500  -62.74883 1154137858 210.077090    34.2015      26054         22  0.000e+00
      5.877    -0.6178   2.791589    -0.6269   2.791314    6.76801     0.0538    13.8155 0.0000e+00  -64.67500  -62.74883 1154137858 210.077090    34.1980      26055         22  0.000e+00
      5.849    -0.6178   2.791589    -0.6272   2.791343    6.76798     0.0207    13.8155 0.0000e+00  -64.67500  -62.74883 1154137858 210.077091    34.1980      26056         22  0.000e+00
      5.849    -0.6176   2.791595    -0.6275   2.791343    6.76331    -0.1004    13.8155 0.0000e+00  -64.67500  -62.74883 1154137859 210.077091    34.1979      26057         22  0.000e+00
      5.877    -0.6193   2.791612    -0.6276   2.791314    6.76821    -0.0784    13.8155 0.0000e+00  -64.67500  -62.74883 1154137859 210.077092    34.2000      26058         22  0.000e+00
      5.849    -0.6192   2.791566    -0.6273   2.791343    6.76819    -0.0013    13.8155 0.0000e+00  -64.67500  -62.74883 1154137859 210.077092    34.1993      26059         22  0.000e+00
      5.849    -0.6201   2.791599    -0.6278   2.791360    6.76365     0.0097    13.8155 0.0000e+00  -64.67500  -62.74883 1154137859 210.077092    34.2008      26060         22  0.000e+00
      5.877    -0.6204   2.791632    -0.6272   2.791319    6.76835    -0.0674    13.8155 0.0000e+00  -64.67500  -62.74883 1154137859 210.077093    34.2015      26061         22  0.000e+00
      5.848    -0.6197   2.791705    -0.6277   2.791308    6.76818    -0.0454    13.8155 0.0000e+00  -64.67500  -62.74883 1154137859 210.077093    34.2018      26062         22  0.000e+00
      5.848    -0.6195   2.791761    -0.6275   2.791325    6.76347    -0.0674    13.8155 0.0000e+00  -64.67500  -62.74883 1154137859 210.077094    34.2023      26063         22  0.000e+00
      5.848    -0.6195   2.791807    -0.6277   2.791331    6.76344    -0.0123    13.8155 0.0000e+00  -64.67500  -62.74883 1154137859 210.077094    34.2029      26064         22  0.000e+00
      5.877    -0.6193   2.791833    -0.6275   2.791314    6.76343     0.0538    13.8155 0.0000e+00  -64.67500  -62.74883 1154137859 210.077095    34.2030      26065         22  0.000e+00
      5.848    -0.6190   2.791890    -0.6269   2.791325    6.76796    -0.0784    13.8155 0.0000e+00  -64.67500  -62.74883 1154137859 210.077095    34.2034      26066         22  0.000e+00
      5.848    -0.6172   2.791939    -0.6277   2.791314    6.76768    -0.1004    13.8155 0.0000e+00  -64.67500  -62.74883 1154137859 210.077096    34.2020      26067         22  0.000e+00
      5.877    -0.6164   2.791969    -0.6276   2.791325    6.76758    -0.1445    13.8155 0.0000e+00  -64.67500  -62.74883 1154137859 210.077096    34.2015      26068         22  0.000e+00
      5.848    -0.6172   2.791926    -0.6270   2.791354    6.76305    -0.1335    13.8155 0.0000e+00  -64.67500  -62.74883 1154137859 210.077097    34.2019      26069         22  0.000e+00
      5.848    -0.6172   2.791873    -0.6267   2.791377    6.76772    -0.1004    13.8155 0.0000e+00  -64.67500  -62.74883 1154137859 210.077097    34.2011      26070         22  0.000e+00
      5.877    -0.6177   2.791761    -0.6270   2.791424    6.76790    -0.0454    13.8155 0.0000e+00  -64.67500  -62.74883 1154137859 210.077098    34.2002      26071         22  0.000e+00
      5.848    -0.6179   2.791658    -0.6266   2.791540    6.76796    -0.0894    13.8155 0.0000e+00  -64.67500  -62.74883 1154137859 210.077098    34.1991      26072         22  0.000e+00
      5.848    -0.6203   2.791589    -0.6258   2.791592    6.76833    -0.0784    13.8155 0.0000e+00  -64.67500  -62.74883 1154137859 210.077099    34.2008      26073         22  0.000e+00
      5.877    -0.6209   2.791605    -0.6235   2.791680    6.76842    -0.0784    13.8155 0.0000e+00  -64.67500  -62.74883 1154137859 210.077099    34.2017      26074         22  0.000e+00
      5.915    -0.6204   2.791632    -0.6212   2.791761    6.76837    -0.0894    13.8155 0.0000e+00  -64.67500  -62.74883 1154137859 210.077100    34.2015      26075         22  0.000e+00
      5.848    -0.6190   2.791622    -0.6194   2.791819    6.76814    -0.0784    13.8155 0.0000e+00  -64.67500  -62.74883 1154137859 210.077100    34.1999      26076         22  0.000e+00
      5.877    -0.6184   2.791599    -0.6187   2.791877    6.76809     0.0097    13.8155 0.0000e+00  -64.67500  -62.74883 1154137859 210.077101    34.1988      26077         22  0.000e+00
      5.915    -0.6192   2.791576    -0.6194   2.791854    6.76825    -0.0123    13.8155 0.0000e+00  -64.67500  -62.74883 1154137859 210.077101    34.1994      26078         22  0.000e+00
      5.848    -0.6187   2.791589    -0.6187   2.791842    6.76811    -0.0343    13.8155 0.0000e+00  -64.67500  -62.74883 1154137859 210.077102    34.1991      26079         22  0.000e+00
      5.877    -0.6183   2.791510    -0.6187   2.791895    6.76814    -0.0233    13.8155 0.0000e+00  -64.67500  -62.74883 1154137859 210.077102    34.1976      26080         22  0.000e+00
      5.915    -0.6214   2.791414    -0.6172   2.791918    6.76865     0.0097    13.8155 0.0000e+00  -64.67500  -62.74883 1154137859 210.077103    34.1996      26081         22  0.000e+00
      5.915    -0.6230   2.791358    -0.6174   2.791918    6.76891    -0.0233    13.8155 0.0000e+00  -64.67500  -62.74883 1154137860 210.077103    34.2008      26082         22  0.000e+00
      5.877    -0.6237   2.791328    -0.6191   2.791813    6.76898    -0.1004    13.8155 0.0000e+00  -64.67500  -62.74883 1154137860 210.077104    34.2011      26083         22  0.000e+00
     20.264    -0.6064   2.793631    -0.6129   2.793560    6.75549     0.0318    13.8155 0.0000e+00  -64.67500  -62.74883 1154137932 210.077941    34.2038      27819         23  0.000e+00
     20.388    -0.6065   2.793638    -0.6132   2.793525    6.75561    -0.0564    13.8155 0.0000e+00  -64.67500  -62.74883 1154137932 210.077941    34.2038      27820         23  0.000e+00
     20.407    -0.6065   2.793688    -0.6146   2.793519    6.75559    -0.1335    13.8155 0.0000e+00  -64.67500  -62.74883 1154137932 210.077942    34.2045      27821         23  0.000e+00
     20.388    -0.6072   2.793704    -0.6160   2.793508    6.75567    -0.1225    13.8155 0.0000e+00  -64.67500  -62.74883 1154137932 210.077942    34.2056      27822         23  0.000e+00
     20.340    -0.6068   2.793635    -0.6158   2.793473    6.75560    -0.1004    13.8155 0.0000e+00  -64.67500  -62.74883 1154137932 210.077943    34.2042      27823         23  0.000e+00
     20.474    -0.6071   2.793565    -0.6147   2.793484    6.75582    -0.0784    13.8155 0.0000e+00  -64.67500  -62.74883 1154137932 210.077943    34.2035      27824         23  0.000e+00
     20.321    -0.6072   2.793549    -0.6149   2.793502    6.76501    -0.0784    13.8155 0.0000e+00  -64.67500  -62.74883 1154137932 210.077944    34.2036      27825         23  0.000e+00
     20.407    -0.6071   2.793615    -0.6146   2.793496    6.75572    -0.1004    13.8155 0.0000e+00  -64.67500  -62.74883 1154137932 210.077944    34.2042      27826         23  0.000e+00
     20.388    -0.6051   2.793668    -0.6144   2.793432    6.75540    -0.0894    13.8155 0.0000e+00  -64.67500  -62.74883 1154137932 210.077945    34.2027      27827         23  0.000e+00
     20.407    -0.6054   2.793698    -0.6141   2.793444    6.76009    -0.0233    13.8155 0.0000e+00  -64.67500  -62.74883 1154137932 210.077945    34.2034      27828         23  0.000e+00
     20.455    -0.6060   2.793684    -0.6137   2.793438    6.76023     0.0097    13.8155 0.0000e+00  -64.67500  -62.74883 1154137932 210.077946    34.2039      27829         23  0.000e+00
     20.407    -0.6075   2.793664    -0.6141   2.793426    6.75575    -0.0233    13.8155 0.0000e+00  -64.67500  -62.74883 1154137932 210.077946    34.2054      27830         23  0.000e+00
     20.407    -0.6069   2.793777    -0.6137   2.793432    6.76025     0.0097    13.8155 0.0000e+00  -64.67500  -62.74883 1154137932 210.077947    34.2062      27831         23  0.000e+00
     20.455    -0.6058   2.793817    -0.6134   2.793421    6.76012    -0.0674    13.8155 0.0000e+00  -64.67500  -62.74883 1154137932 210.077947    34.2055      27832         23  0.000e+00
     20.407    -0.6077   2.793783    -0.6137   2.793403    6.75570    -0.0674    13.8155 0.0000e+00  -64.67500  -62.74883 1154137933 210.077948    34.2072      27833         23  0.000e+00
     20.454    -0.6086   2.793688    -0.6141   2.793351    6.75593    -0.0013    13.8155 0.0000e+00  -64.67500  -62.74883 1154137933 210.077948    34.2069      27834         23  0.000e+00
     20.474    -0.6078   2.793661    -0.6152   2.793351    6.76051    -0.0233    13.8155 0.0000e+00  -64.67500  -62.74883 1154137933 210.077948    34.2057      27835         23  0.000e+00
     20.388    -0.6082   2.793641    -0.6158   2.793351    6.76049    -0.0343    13.8155 0.0000e+00  -64.67500  -62.74883 1154137933 210.077949    34.2058      27836         23  0.000e+00
     20.407    -0.6080   2.793608    -0.6152   2.793374    6.75585    -0.0343    13.8155 0.0000e+00  -64.67500  -62.74883 1154137933 210.077949    34.2052      27837         23  0.000e+00
     20.388    -0.6074   2.793559    -0.6149   2.793368    6.76509    -0.0123    13.8155 0.0000e+00  -64.67500  -62.74883 1154137933 210.077950    34.2038      27838         23  0.000e+00
     20.473    -0.6077   2.793427    -0.6158   2.793310    6.75599    -0.1225    13.8155 0.0000e+00  -64.67500  -62.74883 1154137933 210.077950    34.2023      27839         23  0.000e+00
     20.340    -0.6088   2.793304    -0.6174   2.793264    6.75608    -0.1225    13.8155 0.0000e+00  -64.67500  -62.74883 1154137933 210.077951    34.2020      27840         23  0.000e+00
     20.388    -0.6124   2.793126    -0.6177   2.793211    6.76604    -0.0123    13.8155 0.0000e+00  -64.67500  -62.74883 1154137933 210.077951    34.2036      27841         23  0.000e+00
     20.407    -0.6130   2.792957    -0.6182   2.793147    6.75694    -0.0123    13.8155 0.0000e+00  -64.67500  -62.74883 1154137933 210.077952    34.2020      27842         23  0.000e+00
     20.388    -0.6150   2.792835    -0.6197   2.793084    6.76193    -0.0123    13.8155 0.0000e+00  -64.67500  -62.74883 1154137933 210.077952    34.2026      27843         23  0.000e+00
     20.340    -0.6168   2.792772    -0.6189   2.793049    6.76217    -0.0894    13.8155 0.0000e+00  -64.67500  -62.74883 1154137933 210.077953    34.2039      27844         23  0.000e+00
     20.388    -0.6156   2.792812    -0.6178   2.793008    6.76203    -0.0784    13.8155 0.0000e+00  -64.67500  -62.74883 1154137933 210.077953    34.2030      27845         23  0.000e+00
     20.340    -0.6150   2.792812    -0.6194   2.792950    6.76190    -0.0233    13.8155 0.0000e+00  -64.67500  -62.74883 1154137933 210.077954    34.2024      27846         23  0.000e+00
