product_data/regression_test/downloaded_data/MDGS/320620060703/ctd/p6623701.ros
* Sea-Bird SBE 9 Data File:
* FileName = D:\Data\Raw\p6623701.dat
* Software Version Seasave Win32 V 5.32
* Temperature SN = 1649
* Conductivity SN = 1431
* Number of Bytes Per Scan = 37
* Number of Voltage Words = 5
* Number of Scans Averaged by the Deck Unit = 1
* NMEA Latitude = 61 34.60 S
* NMEA Longitude = 053 44.05 W
* NMEA UTC (Time) = 23:14:43
** Ship:   Nathaniel B. Palmer 
** Cruise:    NBP0606 
# nquan = 17
# nvalues = 1175                    
# units = specified
# name 0 = prDM: Pressure, Digiquartz [db]
# name 1 = t090C: Temperature [ITS-90, deg C]
# name 2 = c0S/m: Conductivity [S/m]
# name 3 = t190C: Temperature, 2 [ITS-90, deg C]
# name 4 = c1S/m: Conductivity, 2 [S/m]
# name 5 = sbeox0ML/L: Oxygen, SBE 43 [ml/l]
# name 6 = flECO-AFL: Fluorescence, Wetlab ECO-AFL/FL [mg/m^3]
# name 7 = bat: Beam Attenuation, Chelsea/Seatech/Wetlab CStar [1/m]
# name 8 = spar: SPAR/Surface Irradiance
# name 9 = latitude: Latitude [deg]
# name 10 = longitude: Longitude [deg]
# name 11 = timeY: Time, System [seconds]
# name 12 = timeJ: Julian Days
# name 13 = sal00: Salinity [PSU]
# name 14 = scan: scan number
# name 15 = nbf: number of bottles fired
# name 16 = flag:  0.000e+00
# interval = seconds: 0.0416667                   
# start_time = Aug 07 2006 23:16:20
*END*
[from data line 511]
    150.151    -1.0503   2.774432    -1.0497   2.774627    6.98696    -0.1225    13.8155 0.0000e+00  -61.57667  -53.73417 1154994130 219.987629    34.3670      37229         11  0.000e+00
    150.141    -1.0501   2.774432    -1.0498   2.774604    6.98693    -0.1114    13.8155 0.0000e+00  -61.57667  -53.73417 1154994130 219.987630    34.3669      37230         11  0.000e+00
    150.074    -1.0502   2.774432    -1.0500   2.774598    6.99166    -0.1335    13.8155 0.0000e+00  -61.57667  -53.73417 1154994130 219.987630    34.3670      37231         11  0.000e+00
    150.141    -1.0503   2.774412    -1.0498   2.774598    6.98697    -0.0894    13.8155 0.0000e+00  -61.57667  -53.73417 1154994130 219.987631    34.3668      37232         11  0.000e+00
    150.084    -1.0498   2.774409    -1.0501   2.774598    6.98685    -0.0343    13.8155 0.0000e+00  -61.57667  -53.73417 1154994130 219.987631    34.3662      37233         11  0.000e+00
    150.141    -1.0503   2.774409    -1.0497   2.774598    6.98697    -0.0564    13.8155 0.0000e+00  -61.57667  -53.73417 1154994130 219.987632    34.3667      37234         11  0.000e+00
    150.141    -1.0494   2.774425    -1.0490   2.774633    6.98683    -0.0894    13.8155 0.0000e+00  -61.57667  -53.73417 1154994130 219.987632    34.3660      37235         11  0.000e+00
    150.074    -1.0501   2.774445    -1.0486   2.774685    6.99164    -0.0784    13.8155 0.0000e+00  -61.57667  -53.73417 1154994130 219.987633    34.3671      37236         11  0.000e+00
    150.141    -1.0497   2.774475    -1.0481   2.774703    6.98684    -0.0123    13.8155 0.0000e+00  -61.57667  -53.73417 1154994130 219.987633    34.3669      37237         11  0.000e+00
    150.151    -1.0498   2.774475    -1.0481   2.774726    6.98687     0.0097    13.8155 0.0000e+00  -61.57667  -53.73417 1154994130 219.987634    34.3671      37238         11  0.000e+00
    150.074    -1.0494   2.774524    -1.0484   2.774732    6.98670     0.0097    13.8155 0.0000e+00  -61.57667  -53.73417 1154994130 219.987634    34.3673      37239         11  0.000e+00
    150.141    -1.0493   2.774507    -1.0480   2.774708    6.98676    -0.0343    13.8155 0.0000e+00  -61.57667  -53.73417 1154994130 219.987635    34.3669      37240         11  0.000e+00
    150.141    -1.0495   2.774498    -1.0483   2.774720    6.98680    -0.0674    13.8155 0.0000e+00  -61.57667  -53.73417 1154994130 219.987635    34.3671      37241         11  0.000e+00
    150.151    -1.0494   2.774514    -1.0480   2.774749    6.98678    -0.0564    13.8155 0.0000e+00  -61.57667  -53.73417 1154994130 219.987636    34.3671      37242         11  0.000e+00
    150.074    -1.0488   2.774570    -1.0483   2.774755    6.98658    -0.0343    13.8155 0.0000e+00  -61.57667  -53.73417 1154994130 219.987636    34.3672      37243         11  0.000e+00
    150.141    -1.0492   2.774587    -1.0473   2.774778    6.98670    -0.1004    13.8155 0.0000e+00  -61.57667  -53.73417 1154994130 219.987636    34.3679      37244         11  0.000e+00
    150.141    -1.0490   2.774603    -1.0477   2.774801    6.99143    -0.1445    13.8155 0.0000e+00  -61.57667  -53.73417 1154994130 219.987637    34.3679      37245         11  0.000e+00
    150.141    -1.0483   2.774623    -1.0473   2.774830    6.99133    -0.1445    13.8155 0.0000e+00  -61.57667  -53.73417 1154994130 219.987637    34.3674      37246         11  0.000e+00
    150.084    -1.0484   2.774646    -1.0475   2.774819    6.98649    -0.1004    13.8155 0.0000e+00  -61.57667  -53.73417 1154994130 219.987638    34.3679      37247         11  0.000e+00
    150.141    -1.0475   2.774685    -1.0472   2.774813    6.98639    -0.1445    13.8155 0.0000e+00  -61.57667  -53.73417 1154994130 219.987638    34.3673      37248         11  0.000e+00
    150.141    -1.0471   2.774764    -1.0470   2.774813    6.99107    -0.1225    13.8155 0.0000e+00  -61.57667  -53.73417 1154994130 219.987639    34.3680      37249         11  0.000e+00
    150.141    -1.0463   2.774870    -1.0468   2.774848    6.99088    -0.0894    13.8155 0.0000e+00  -61.57667  -53.73417 1154994130 219.987639    34.3684      37250         11  0.000e+00
    150.151    -1.0455   2.774863    -1.0466   2.774882    6.99078    -0.0564    13.8155 0.0000e+00  -61.57667  -53.73417 1154994130 219.987640    34.3675      37251         11  0.000e+00
    150.141    -1.0459   2.774853    -1.0460   2.774888    6.99084    -0.0674    13.8155 0.0000e+00  -61.57667  -53.73417 1154994130 219.987640    34.3679      37252         11  0.000e+00
    150.074    -1.0461   2.774804    -1.0458   2.774923    6.98605    -0.1114    13.8155 0.0000e+00  -61.57667  -53.73417 1154994131 219.987641    34.3674      37253         11  0.000e+00
    150.141    -1.0463   2.774804    -1.0461   2.774958    6.98615    -0.1225    13.8155 0.0000e+00  -61.57667  -53.73417 1154994131 219.987641    34.3676      37254         11  0.000e+00
    150.141    -1.0466   2.774811    -1.0457   2.774987    6.98618    -0.0674    13.8155 0.0000e+00  -61.57667  -53.73417 1154994131 219.987642    34.3680      37255         11  0.000e+00
    150.151    -1.0464   2.774758    -1.0443   2.775033    6.98620    -0.0894    13.8155 0.0000e+00  -61.57667  -53.73417 1154994131 219.987642    34.3671      37256         11  0.000e+00
     99.877    -1.1783   2.759705    -1.1792   2.759722    7.07559    -0.1004    13.8155 0.0000e+00  -61.57667  -53.73417 1154994229 219.988779    34.3436      39613         12  0.000e+00
     99.810    -1.1776   2.759662    -1.1798   2.759664    7.07546    -0.1004    13.8155 0.0000e+00  -61.57667  -53.73417 1154994229 219.988779    34.3423      39614         12  0.000e+00
     99.954    -1.1786   2.759590    -1.1800   2.759618    7.07579    -0.0784    13.8155 0.0000e+00  -61.57667  -53.73417 1154994229 219.988780    34.3423      39615         12  0.000e+00
     99.877    -1.1790   2.759538    -1.1806   2.759572    7.07581    -0.1004    13.8155 0.0000e+00  -61.57667  -53.73417 1154994229 219.988780    34.3421      39616         12  0.000e+00
     99.877    -1.1797   2.759528    -1.1815   2.759549    7.07591    -0.1445    13.8155 0.0000e+00  -61.57667  -53.73417 1154994229 219.988781    34.3427      39617         12  0.000e+00
     99.954    -1.1800   2.759518    -1.1820   2.759456    7.07604    -0.1225    13.8155 0.0000e+00  -61.57667  -53.73417 1154994229 219.988781    34.3429      39618         12  0.000e+00
     99.954    -1.1800   2.759524    -1.1825   2.759456    7.07603    -0.1225    13.8155 0.0000e+00  -61.57667  -53.73417 1154994229 219.988782    34.3430      39619         12  0.000e+00
     99.811    -1.1797   2.759557    -1.1829   2.759433    7.07583    -0.0564    13.8155 0.0000e+00  -61.57667  -53.73417 1154994229 219.988782    34.3432      39620         12  0.000e+00
     99.954    -1.1795   2.759597    -1.1820   2.759404    7.07592    -0.1225    13.8155 0.0000e+00  -61.57667  -53.73417 1154994229 219.988783    34.3434      39621         12  0.000e+00
     99.877    -1.1790   2.759495    -1.1824   2.759433    7.07584    -0.1004    13.8155 0.0000e+00  -61.57667  -53.73417 1154994229 219.988783    34.3416      39622         12  0.000e+00
     99.992    -1.1803   2.759377    -1.1823   2.759410    7.07621    -0.0564    13.8155 0.0000e+00  -61.57667  -53.73417 1154994229 219.988784    34.3413      39623         12  0.000e+00
     99.877    -1.1811   2.759350    -1.1830   2.759387    7.07623    -0.0564    13.8155 0.0000e+00  -61.57667  -53.73417 1154994229 219.988784    34.3419      39624         12  0.000e+00
     99.954    -1.1817   2.759324    -1.1830   2.759335    7.07641     0.0207    13.8155 0.0000e+00  -61.57667  -53.73417 1154994229 219.988785    34.3422      39625         12  0.000e+00
     99.954    -1.1821   2.759288    -1.1833   2.759340    7.07650    -0.0894    13.8155 0.0000e+00  -61.57667  -53.73417 1154994229 219.988785    34.3422      39626         12  0.000e+00
    100.021    -1.1823   2.759232    -1.1836   2.759317    7.07663    -0.1225    13.8155 0.0000e+00  -61.57667  -53.73417 1154994229 219.988786    34.3416      39627         12  0.000e+00
     99.954    -1.1834   2.759196    -1.1838   2.759294    7.07674    -0.0454    13.8155 0.0000e+00  -61.57667  -53.73417 1154994230 219.988786    34.3424      39628         12  0.000e+00
     99.954    -1.1834   2.759169    -1.1836   2.759283    7.07676    -0.0784    13.8155 0.0000e+00  -61.57667  -53.73417 1154994230 219.988787    34.3420      39629         12  0.000e+00
    100.021    -1.1832   2.759183    -1.1836   2.759311    7.07679    -0.1004    13.8155 0.0000e+00  -61.57667  -53.73417 1154994230 219.988787    34.3420      39630         12  0.000e+00
     99.954    -1.1832   2.759192    -1.1838   2.759283    7.07195    -0.1225    13.8155 0.0000e+00  -61.57667  -53.73417 1154994230 219.988788    34.3421      39631         12  0.000e+00
    100.021    -1.1834   2.759225    -1.1833   2.759300    7.07679    -0.1114    13.8155 0.0000e+00  -61.57667  -53.73417 1154994230 219.988788    34.3427      39632         12  0.000e+00
     99.954    -1.1827   2.759229    -1.1835   2.759317    7.07663    -0.0784    13.8155 0.0000e+00  -61.57667  -53.73417 1154994230 219.988789    34.3421      39633         12  0.000e+00
    100.021    -1.1834   2.759235    -1.1833   2.759311    7.07678    -0.0454    13.8155 0.0000e+00  -61.57667  -53.73417 1154994230 219.988789    34.3429      39634         12  0.000e+00
     99.954    -1.1826   2.759268    -1.1836   2.759317    7.07658    -0.0564    13.8155 0.0000e+00  -61.57667  -53.73417 1154994230 219.988790    34.3425      39635         12  0.000e+00
     99.992    -1.1824   2.759324    -1.1835   2.759340    7.07656    -0.0343    13.8155 0.0000e+00  -61.57667  -53.73417 1154994230 219.988790    34.3431      39636         12  0.000e+00
     99.954    -1.1821   2.759331    -1.1839   2.759294    7.07647    -0.0564    13.8155 0.0000e+00  -61.57667  -53.73417 1154994230 219.988791    34.3428      39637         12  0.000e+00
     99.954    -1.1820   2.759377    -1.1833   2.759352    7.07642    -0.0343    13.8155 0.0000e+00  -61.57667  -53.73417 1154994230 219.988791    34.3433      39638         12  0.000e+00
     99.954    -1.1812   2.759344    -1.1830   2.759340    7.07633    -0.0123    13.8155 0.0000e+00  -61.57667  -53.73417 1154994230 219.988791    34.3419      39639         12  0.000e+00
     99.954    -1.1817   2.759354    -1.1831   2.759323    7.07639    -0.0784    13.8155 0.0000e+00  -61.57667  -53.73417 1154994230 219.988792    34.3426      39640         12  0.000e+00
     99.954    -1.1815   2.759354    -1.1824   2.759340    7.07637    -0.0343    13.8155 0.0000e+00  -61.57667  -53.73417 1154994230 219.988792    34.3424      39641         12  0.000e+00
     99.954    -1.1811   2.759331    -1.1828   2.759335    7.07632    -0.0564    13.8155 0.0000e+00  -61.57667  -53.73417 1154994230 219.988793    34.3416      39642         12  0.000e+00
     99.954    -1.1812   2.759344    -1.1826   2.759363    7.07633    -0.0784    13.8155 0.0000e+00  -61.57667  -53.73417 1154994230 219.988793    34.3419      39643         12  0.000e+00
     99.954    -1.1812   2.759373    -1.1827   2.759381    7.07631    -0.0674    13.8155 0.0000e+00  -61.57667  -53.73417 1154994230 219.988794    34.3423      39644         12  0.000e+00
     99.954    -1.1813   2.759390    -1.1822   2.759392    7.07632    -0.0123    13.8155 0.0000e+00  -61.57667  -53.73417 1154994230 219.988794    34.3427      39645         12  0.000e+00
     99.954    -1.1817   2.759393    -1.1824   2.759416    7.07637    -0.0123    13.8155 0.0000e+00  -61.57667  -53.73417 1154994230 219.988795    34.3431      39646         12  0.000e+00
    100.021    -1.1815   2.759403    -1.1819   2.759416    7.07640    -0.1225    13.8155 0.0000e+00  -61.57667  -53.73417 1154994230 219.988795    34.3431      39647         12  0.000e+00
     99.954    -1.1817   2.759377    -1.1818   2.759421    7.07638    -0.1114    13.8155 0.0000e+00  -61.57667  -53.73417 1154994230 219.988796    34.3429      39648         12  0.000e+00
     99.992    -1.1813   2.759386    -1.1820   2.759439    7.07636    -0.0784    13.8155 0.0000e+00  -61.57667  -53.73417 1154994230 219.988796    34.3426      39649         12  0.000e+00
    100.021    -1.1815   2.759409    -1.1823   2.759427    7.07640    -0.1004    13.8155 0.0000e+00  -61.57667  -53.73417 1154994230 219.988797    34.3431      39650         12  0.000e+00
     99.954    -1.1811   2.759406    -1.1821   2.759427    7.07627    -0.0784    13.8155 0.0000e+00  -61.57667  -53.73417 1154994230 219.988797    34.3426      39651         12  0.000e+00
    100.021    -1.1809   2.759396    -1.1820   2.759392    7.07632    -0.0343    13.8155 0.0000e+00  -61.57667  -53.73417 1154994231 219.988798    34.3422      39652         12  0.000e+00
    100.021    -1.1815   2.759409    -1.1826   2.759392    7.07640     0.0538    13.8155 0.0000e+00  -61.57667  -53.73417 1154994231 219.988798    34.3431      39653         12  0.000e+00
    100.021    -1.1813   2.759380    -1.1827   2.759433    7.07640    -0.0343    13.8155 0.0000e+00  -61.57667  -53.73417 1154994231 219.988799    34.3425      39654         12  0.000e+00
     99.954    -1.1818   2.759380    -1.1820   2.759410    7.07640    -0.1004    13.8155 0.0000e+00  -61.57667  -53.73417 1154994231 219.988799    34.3431      39655         12  0.000e+00
    100.021    -1.1813   2.759406    -1.1813   2.759497    7.07638     0.0097    13.8155 0.0000e+00  -61.57667  -53.73417 1154994231 219.988800    34.3429      39656         12  0.000e+00
    100.021    -1.1814   2.759380    -1.1812   2.759560    7.07640     0.0097    13.8155 0.0000e+00  -61.57667  -53.73417 1154994231 219.988800    34.3426      39657         12  0.000e+00
    100.021    -1.1811   2.759380    -1.1802   2.759578    7.07635    -0.0564    13.8155 0.0000e+00  -61.57667  -53.73417 1154994231 219.988801    34.3422      39658         12  0.000e+00
    100.021    -1.1807   2.759324    -1.1803   2.759612    7.07634    -0.1445    13.8155 0.0000e+00  -61.57667  -53.73417 1154994231 219.988801    34.3411      39659         12  0.000e+00
    100.021    -1.1817   2.759321    -1.1806   2.759612    7.07648    -0.1004    13.8155 0.0000e+00  -61.57667  -53.73417 1154994231 219.988802    34.3421      39660         12  0.000e+00
    100.021    -1.1818   2.759327    -1.1803   2.759630    7.07650    -0.1225    13.8155 0.0000e+00  -61.57667  -53.73417 1154994231 219.988802    34.3423      39661         12  0.000e+00
    100.021    -1.1764   2.759893    -1.1758   2.759982    7.07058    -0.0564    13.8155 0.0000e+00  -61.57667  -53.73417 1154994233 219.988823    34.3439      39704         13  0.000e+00
    100.021    -1.1760   2.759870    -1.1757   2.759982    7.07529    -0.1225    13.8155 0.0000e+00  -61.57667  -53.73417 1154994233 219.988823    34.3431      39705         13  0.000e+00
    100.088    -1.1761   2.759850    -1.1759   2.760006    7.07539    -0.1004    13.8155 0.0000e+00  -61.57667  -53.73417 1154994233 219.988824    34.3429      39706         13  0.000e+00
    100.165    -1.1761   2.759873    -1.1752   2.760029    7.07069    -0.1225    13.8155 0.0000e+00  -61.57667  -53.73417 1154994233 219.988824    34.3432      39707         13  0.000e+00
    100.022    -1.1754   2.759883    -1.1755   2.760040    7.07520    -0.0454    13.8155 0.0000e+00  -61.57667  -53.73417 1154994233 219.988825    34.3426      39708         13  0.000e+00
    100.165    -1.1758   2.759906    -1.1750   2.760052    7.07538    -0.0784    13.8155 0.0000e+00  -61.57667  -53.73417 1154994233 219.988825    34.3433      39709         13  0.000e+00
    100.022    -1.1758   2.759922    -1.1752   2.760069    7.07523    -0.0674    13.8155 0.0000e+00  -61.57667  -53.73417 1154994233 219.988826    34.3436      39710         13  0.000e+00
