product_data/regression_test/downloaded_data/MDGS/320620060703/ctd/p6622901.ros
* Sea-Bird SBE 9 Data File:
* FileName = D:\Data\Raw\p6622901.dat
* Software Version Seasave Win32 V 5.32
* Temperature SN = 1649
* Conductivity SN = 1431
* Number of Bytes Per Scan = 37
* Number of Voltage Words = 5
* Number of Scans Averaged by the Deck Unit = 1
* NMEA Latitude = 62 04.05 S
* NMEA Longitude = 052 52.47 W
* NMEA UTC (Time) = 16:20:09
** Ship:   Nathaniel B. Palmer 
** Cruise:    NBP0606 
# nquan = 17
# nvalues = 1176                    
# units = specified
# name 0 = prDM: Pressure, Digiquartz [db]
# name 1 = t090C: Temperature [ITS-90, deg C]
# name 2 = c0S/m: Conductivity [S/m]
# name 3 = t190C: Temperature, 2 [ITS-90, deg C]
# name 4 = c1S/m: Conductivity, 2 [S/m]
# name 5 = sbeox0ML/L: Oxygen, SBE 43 [ml/l]
# name 6 = flECO-AFL: Fluorescence, Wetlab ECO-AFL/FL [mg/m^3]
# name 7 = bat: Beam Attenuation, Chelsea/Seatech/Wetlab CStar [1/m]
# name 8 = spar: SPAR/Surface Irradiance
# name 9 = latitude: Latitude [deg]
# name 10 = longitude: Longitude [deg]
# name 11 = timeY: Time, System [seconds]
# name 12 = timeJ: Julian Days
# name 13 = sal00: Salinity [PSU]
# name 14 = scan: scan number
# name 15 = nbf: number of bottles fired
# name 16 = flag:  0.000e+00
# interval = seconds: 0.0416667                   
# start_time = Aug 06 2006 16:21:30
*END*
   2465.373    -0.4296   2.946691    -0.4358   2.944725    4.14531    -0.1886    13.8155 1.9092e+02  -62.06750  -52.87450 1154884276 218.716175    34.6606      71701          1  0.000e+00
   2465.225    -0.4301   2.946670    -0.4352   2.944725    4.14528    -0.1335    13.8155 1.9092e+02  -62.06750  -52.87450 1154884277 218.716175    34.6610      71702          1  0.000e+00
   2465.363    -0.4299   2.946701    -0.4360   2.944707    4.14534    -0.0894    13.8155 1.9092e+02  -62.06750  -52.87450 1154884277 218.716176    34.6611      71703          1  0.000e+00
   2465.373    -0.4301   2.946694    -0.4355   2.944737    4.14537    -0.1114    13.8155 1.9092e+02  -62.06750  -52.87450 1154884277 218.716176    34.6613      71704          1  0.000e+00
   2465.215    -0.4296   2.946670    -0.4355   2.944737    4.14523    -0.1004    13.8155 1.9092e+02  -62.06750  -52.87450 1154884277 218.716177    34.6604      71705          1  0.000e+00
   2465.373    -0.4304   2.946667    -0.4354   2.944725    4.14540    -0.0784    13.8155 1.9092e+02  -62.06750  -52.87450 1154884277 218.716177    34.6612      71706          1  0.000e+00
   2465.294    -0.4301   2.946667    -0.4357   2.944725    4.14533    -0.0784    13.8155 1.9092e+02  -62.06750  -52.87450 1154884277 218.716178    34.6609      71707          1  0.000e+00
   2465.294    -0.4297   2.946667    -0.4356   2.944725    4.14529    -0.1114    13.8155 1.9092e+02  -62.06750  -52.87450 1154884277 218.716178    34.6605      71708          1  0.000e+00
   2465.373    -0.4299   2.946701    -0.4357   2.944725    4.14534    -0.1225    13.8155 1.9092e+02  -62.06750  -52.87450 1154884277 218.716179    34.6611      71709          1  0.000e+00
   2465.294    -0.4294   2.946677    -0.4357   2.944725    4.14526    -0.1225    13.8155 1.9092e+02  -62.06750  -52.87450 1154884277 218.716179    34.6603      71710          1  0.000e+00
   2465.294    -0.4300   2.946684    -0.4355   2.944725    4.14531    -0.0784    13.8155 1.9092e+02  -62.06750  -52.87450 1154884277 218.716180    34.6610      71711          1  0.000e+00
   2465.294    -0.4299   2.946670    -0.4355   2.944749    4.14531    -0.0123    13.8155 1.8897e+02  -62.06750  -52.87450 1154884277 218.716180    34.6607      71712          1  0.000e+00
   2465.294    -0.4297   2.946667    -0.4357   2.944731    4.14529    -0.0343    13.8155 1.8897e+02  -62.06750  -52.87450 1154884277 218.716181    34.6605      71713          1  0.000e+00
   2465.373    -0.4300   2.946667    -0.4352   2.944707    4.14536    -0.0564    13.8155 1.9092e+02  -62.06750  -52.87450 1154884277 218.716181    34.6608      71714          1  0.000e+00
   2465.294    -0.4297   2.946667    -0.4358   2.944719    4.14529    -0.0674    13.8155 1.9092e+02  -62.06750  -52.87450 1154884277 218.716182    34.6605      71715          1  0.000e+00
   2465.294    -0.4297   2.946650    -0.4358   2.944749    4.14530    -0.0233    13.8155 1.9092e+02  -62.06750  -52.87450 1154884277 218.716182    34.6603      71716          1  0.000e+00
   2465.294    -0.4302   2.946677    -0.4354   2.944755    4.14534     0.0428    13.8155 1.9092e+02  -62.06750  -52.87450 1154884277 218.716182    34.6612      71717          1  0.000e+00
   2465.373    -0.4298   2.946670    -0.4355   2.944737    4.15177     0.0207    13.8155 1.9092e+02  -62.06750  -52.87450 1154884277 218.716183    34.6606      71718          1  0.000e+00
   2465.294    -0.4301   2.946650    -0.4354   2.944725    4.15175    -0.0454    13.8155 1.9092e+02  -62.06750  -52.87450 1154884277 218.716183    34.6607      71719          1  0.000e+00
   2465.294    -0.4299   2.946677    -0.4355   2.944725    4.15173    -0.0894    13.8155 1.9092e+02  -62.06750  -52.87450 1154884277 218.716184    34.6608      71720          1  0.000e+00
   2465.294    -0.4295   2.946670    -0.4352   2.944725    4.14527    -0.0784    13.8155 1.9092e+02  -62.06750  -52.87450 1154884277 218.716184    34.6603      71721          1  0.000e+00
   2465.363    -0.4301   2.946647    -0.4355   2.944749    4.14537    -0.0894    13.8155 1.9092e+02  -62.06750  -52.87450 1154884277 218.716185    34.6606      71722          1  0.000e+00
   2465.294    -0.4293   2.946660    -0.4355   2.944778    4.14525    -0.0454    13.8155 1.9092e+02  -62.06750  -52.87450 1154884277 218.716185    34.6599      71723          1  0.000e+00
   2465.294    -0.4298   2.946667    -0.4352   2.944719    4.14530    -0.1335    13.8155 1.8897e+02  -62.06750  -52.87450 1154884277 218.716186    34.6606      71724          1  0.000e+00
   2465.294    -0.4297   2.946667    -0.4355   2.944737    4.14529    -0.1886    13.8155 1.9092e+02  -62.06750  -52.87450 1154884278 218.716186    34.6605      71725          1  0.000e+00
   2465.294    -0.4297   2.946667    -0.4357   2.944755    4.14529    -0.1114    13.8155 1.9092e+02  -62.06750  -52.87450 1154884278 218.716187    34.6605      71726          1  0.000e+00
   2465.363    -0.4302   2.946650    -0.4354   2.944731    4.14539    -0.1114    13.8155 1.9092e+02  -62.06750  -52.87450 1154884278 218.716187    34.6608      71727          1  0.000e+00
   2465.294    -0.4298   2.946660    -0.4352   2.944725    4.14530    -0.1225    13.8155 1.9092e+02  -62.06750  -52.87450 1154884278 218.716188    34.6605      71728          1  0.000e+00
   2465.294    -0.4296   2.946650    -0.4359   2.944725    4.14528    -0.0674    13.8155 1.9092e+02  -62.06750  -52.87450 1154884278 218.716188    34.6601      71729          1  0.000e+00
   2465.373    -0.4301   2.946660    -0.4357   2.944725    4.14537    -0.0894    13.8155 1.9092e+02  -62.06750  -52.87450 1154884278 218.716189    34.6608      71730          1  0.000e+00
   2465.294    -0.4301   2.946630    -0.4355   2.944725    4.14535    -0.1555    13.8155 1.9092e+02  -62.06750  -52.87450 1154884278 218.716189    34.6605      71731          1  0.000e+00
   2465.294    -0.4297   2.946691    -0.4354   2.944749    4.14529    -0.1886    13.8155 1.9092e+02  -62.06750  -52.87450 1154884278 218.716190    34.6608      71732          1  0.000e+00
   2465.373    -0.4301   2.946660    -0.4354   2.944737    4.14537    -0.1225    13.8155 1.9092e+02  -62.06750  -52.87450 1154884278 218.716190    34.6608      71733          1  0.000e+00
   2465.294    -0.4299   2.946660    -0.4354   2.944725    4.14531    -0.1004    13.8155 1.9092e+02  -62.06750  -52.87450 1154884278 218.716191    34.6606      71734          1  0.000e+00
   2465.294    -0.4298   2.946667    -0.4355   2.944767    4.14530    -0.1555    13.8155 1.8897e+02  -62.06750  -52.87450 1154884278 218.716191    34.6606      71735          1  0.000e+00
   2465.373    -0.4301   2.946647    -0.4357   2.944761    4.14538    -0.0784    13.8155 1.8897e+02  -62.06750  -52.87450 1154884278 218.716192    34.6606      71736          1  0.000e+00
   2465.295    -0.4299   2.946660    -0.4354   2.944713    4.14531    -0.0674    13.8155 1.8897e+02  -62.06750  -52.87450 1154884278 218.716192    34.6606      71737          1  0.000e+00
   2465.295    -0.4298   2.946647    -0.4357   2.944737    4.14531    -0.1114    13.8155 1.9092e+02  -62.06750  -52.87450 1154884278 218.716193    34.6603      71738          1  0.000e+00
   2465.364    -0.4299   2.946660    -0.4354   2.944713    4.14535    -0.1335    13.8155 1.9092e+02  -62.06750  -52.87450 1154884278 218.716193    34.6606      71739          1  0.000e+00
   2465.295    -0.4299   2.946684    -0.4355   2.944761    4.15173    -0.0454    13.8155 1.9092e+02  -62.06750  -52.87450 1154884278 218.716194    34.6609      71740          1  0.000e+00
   2465.295    -0.4299   2.946654    -0.4355   2.944743    4.15174    -0.0123    13.8155 1.9092e+02  -62.06750  -52.87450 1154884278 218.716194    34.6605      71741          1  0.000e+00
   2465.364    -0.4300   2.946643    -0.4357   2.944725    4.15179    -0.1004    13.8155 1.9092e+02  -62.06750  -52.87450 1154884278 218.716195    34.6604      71742          1  0.000e+00
   2465.295    -0.4296   2.946643    -0.4357   2.944725    4.14529    -0.1114    13.8155 1.9092e+02  -62.06750  -52.87450 1154884278 218.716195    34.6600      71743          1  0.000e+00
   2465.364    -0.4301   2.946660    -0.4357   2.944749    4.14537    -0.1555    13.8155 1.9092e+02  -62.06750  -52.87450 1154884278 218.716196    34.6608      71744          1  0.000e+00
   2465.295    -0.4300   2.946667    -0.4358   2.944713    4.14532    -0.1114    13.8155 1.9092e+02  -62.06750  -52.87450 1154884278 218.716196    34.6608      71745          1  0.000e+00
   2465.364    -0.4297   2.946630    -0.4352   2.944719    4.14535    -0.1335    13.8155 1.9092e+02  -62.06750  -52.87450 1154884278 218.716196    34.6600      71746          1  0.000e+00
   2465.295    -0.4301   2.946640    -0.4354   2.944749    4.14534    -0.1665    13.8155 1.9092e+02  -62.06750  -52.87450 1154884278 218.716197    34.6605      71747          1  0.000e+00
   2465.295    -0.4300   2.946677    -0.4358   2.944737    4.15174    -0.1886    13.8155 1.9092e+02  -62.06750  -52.87450 1154884278 218.716197    34.6609      71748          1  0.000e+00
   2465.364    -0.4299   2.946654    -0.4358   2.944725    4.15178    -0.1114    13.8155 1.9092e+02  -62.06750  -52.87450 1154884279 218.716198    34.6605      71749          1  0.000e+00
   1999.845    -0.3342   2.933264    -0.3295   2.935585    3.69562    -0.1114    13.8155 1.7923e+02  -62.06750  -52.87450 1154884891 218.723283    34.6205      86441          2  0.000e+00
   1999.737    -0.3344   2.933264    -0.3297   2.935562    3.69558    -0.1665    13.8155 1.7923e+02  -62.06750  -52.87450 1154884891 218.723284    34.6207      86442          2  0.000e+00
   1999.845    -0.3341   2.933247    -0.3292   2.935574    3.68959    -0.1004    13.8155 1.7923e+02  -62.06750  -52.87450 1154884891 218.723284    34.6201      86443          2  0.000e+00
   1999.845    -0.3344   2.933257    -0.3294   2.935591    3.69564    -0.0784    13.8155 1.7923e+02  -62.06750  -52.87450 1154884891 218.723285    34.6206      86444          2  0.000e+00
   1999.776    -0.3341   2.933281    -0.3294   2.935585    3.69557    -0.0674    13.8155 1.7923e+02  -62.06750  -52.87450 1154884891 218.723285    34.6205      86445          2  0.000e+00
   1999.845    -0.3343   2.933288    -0.3294   2.935585    3.69561    -0.0784    13.8155 1.7923e+02  -62.06750  -52.87450 1154884891 218.723286    34.6208      86446          2  0.000e+00
   1999.845    -0.3341   2.933271    -0.3292   2.935591    3.69560    -0.0564    13.8155 1.7923e+02  -62.06750  -52.87450 1154884891 218.723286    34.6204      86447          2  0.000e+00
   1999.776    -0.3341   2.933281    -0.3297   2.935609    3.68955    -0.0454    13.8155 1.7923e+02  -62.06750  -52.87450 1154884891 218.723287    34.6205      86448          2  0.000e+00
   1999.845    -0.3342   2.933305    -0.3297   2.935568    3.68959    -0.1114    13.8155 1.7923e+02  -62.06750  -52.87450 1154884891 218.723287    34.6210      86449          2  0.000e+00
   1999.806    -0.3342   2.933295    -0.3297   2.935574    3.70161    -0.1225    13.8155 1.7923e+02  -62.06750  -52.87450 1154884891 218.723288    34.6209      86450          2  0.000e+00
   1999.845    -0.3339   2.933288    -0.3295   2.935591    3.69558    -0.0674    13.8155 1.7923e+02  -62.06750  -52.87450 1154884891 218.723288    34.6204      86451          2  0.000e+00
   1999.845    -0.3339   2.933268    -0.3292   2.935562    3.69559    -0.0343    13.8155 1.7923e+02  -62.06750  -52.87450 1154884891 218.723288    34.6202      86452          2  0.000e+00
   1999.777    -0.3345   2.933281    -0.3292   2.935615    3.70162    -0.0454    13.8155 1.7923e+02  -62.06750  -52.87450 1154884891 218.723289    34.6211      86453          2  0.000e+00
   1999.845    -0.3344   2.933308    -0.3289   2.935585    3.69562    -0.0894    13.8155 1.7923e+02  -62.06750  -52.87450 1154884891 218.723289    34.6212      86454          2  0.000e+00
   1999.845    -0.3339   2.933274    -0.3292   2.935603    3.69559    -0.1665    13.8155 1.7923e+02  -62.06750  -52.87450 1154884891 218.723290    34.6202      86455          2  0.000e+00
   1999.777    -0.3341   2.933281    -0.3294   2.935615    3.69557    -0.0674    13.8155 1.7923e+02  -62.06750  -52.87450 1154884891 218.723290    34.6205      86456          2  0.000e+00
   1999.845    -0.3345   2.933305    -0.3292   2.935591    3.69563    -0.0564    13.8155 1.7923e+02  -62.06750  -52.87450 1154884891 218.723291    34.6213      86457          2  0.000e+00
   1999.885    -0.3343   2.933295    -0.3291   2.935591    3.68961    -0.0564    13.8155 1.7923e+02  -62.06750  -52.87450 1154884891 218.723291    34.6209      86458          2  0.000e+00
   1999.845    -0.3339   2.933271    -0.3300   2.935609    3.68957    -0.1225    13.8155 1.7923e+02  -62.06750  -52.87450 1154884891 218.723292    34.6202      86459          2  0.000e+00
   1999.777    -0.3345   2.933281    -0.3298   2.935568    3.69561    -0.1775    13.8155 1.7923e+02  -62.06750  -52.87450 1154884892 218.723292    34.6211      86460          2  0.000e+00
   1999.845    -0.3339   2.933288    -0.3292   2.935562    3.69558    -0.1225    13.8155 1.7923e+02  -62.06750  -52.87450 1154884892 218.723293    34.6204      86461          2  0.000e+00
   1999.845    -0.3336   2.933288    -0.3294   2.935556    3.69555    -0.0674    13.8155 1.7923e+02  -62.06750  -52.87450 1154884892 218.723293    34.6201      86462          2  0.000e+00
   1999.845    -0.3344   2.933288    -0.3300   2.935538    3.69563    -0.0784    13.8155 1.7923e+02  -62.06750  -52.87450 1154884892 218.723294    34.6210      86463          2  0.000e+00
   1999.777    -0.3344   2.933305    -0.3303   2.935550    3.68957    -0.0784    13.8155 1.7923e+02  -62.06750  -52.87450 1154884892 218.723294    34.6212      86464          2  0.000e+00
   1999.845    -0.3344   2.933291    -0.3295   2.935562    3.68961    -0.0784    13.8155 1.7923e+02  -62.06750  -52.87450 1154884892 218.723295    34.6210      86465          2  0.000e+00
   1999.885    -0.3342   2.933271    -0.3295   2.935556    3.69564    -0.1225    13.8155 1.7923e+02  -62.06750  -52.87450 1154884892 218.723295    34.6205      86466          2  0.000e+00
   1999.777    -0.3342   2.933318    -0.3298   2.935538    3.69557    -0.1665    13.8155 1.7923e+02  -62.06750  -52.87450 1154884892 218.723296    34.6212      86467          2  0.000e+00
   1999.846    -0.3345   2.933298    -0.3297   2.935579    3.69564    -0.1555    13.8155 1.7923e+02  -62.06750  -52.87450 1154884892 218.723296    34.6212      86468          2  0.000e+00
   1999.846    -0.3342   2.933322    -0.3294   2.935562    3.69560    -0.1335    13.8155 1.7923e+02  -62.06750  -52.87450 1154884892 218.723297    34.6212      86469          2  0.000e+00
   1999.846    -0.3341   2.933284    -0.3297   2.935597    3.68958    -0.1004    13.8155 1.7923e+02  -62.06750  -52.87450 1154884892 218.723297    34.6206      86470          2  0.000e+00
   1999.846    -0.3342   2.933298    -0.3294   2.935591    3.69561    -0.1335    13.8155 1.7923e+02  -62.06750  -52.87450 1154884892 218.723298    34.6209      86471          2  0.000e+00
   1999.846    -0.3344   2.933311    -0.3297   2.935550    3.69562    -0.1445    13.8155 1.7923e+02  -62.06750  -52.87450 1154884892 218.723298    34.6213      86472          2  0.000e+00
   1999.846    -0.3338   2.933291    -0.3298   2.935550    3.69557    -0.0894    13.8155 1.7923e+02  -62.06750  -52.87450 1154884892 218.723299    34.6203      86473          2  0.000e+00
   1999.846    -0.3339   2.933308    -0.3291   2.935597    3.69558    -0.1225    13.8155 1.7923e+02  -62.06750  -52.87450 1154884892 218.723299    34.6207      86474          2  0.000e+00
   1999.807    -0.3341   2.933295    -0.3297   2.935579    3.68956    -0.1335    13.8155 1.7923e+02  -62.06750  -52.87450 1154884892 218.723300    34.6207      86475          2  0.000e+00
   1999.846    -0.3339   2.933322    -0.3297   2.935556    3.68956    -0.1555    13.8155 1.7923e+02  -62.06750  -52.87450 1154884892 218.723300    34.6209      86476          2  0.000e+00
