product_data/regression_test/downloaded_data/MDGS/320620060703/ctd/p6623301.ros
* Sea-Bird SBE 9 Data File:
* FileName = D:\Data\Raw\p6623301.dat
* Software Version Seasave Win32 V 5.32
* Temperature SN = 1649
* Conductivity SN = 1431
* Number of Bytes Per Scan = 37
* Number of Voltage Words = 5
* Number of Scans Averaged by the Deck Unit = 1
* NMEA Latitude = 61 52.43 S
* NMEA Longitude = 053 12.48 W
* NMEA UTC (Time) = 11:43:15
** Ship:   Nathaniel B. Palmer 
** Cruise:    NBP0606 
# nquan = 17
# nvalues = 1176                    
# units = specified
# name 0 = prDM: Pressure, Digiquartz [db]
# name 1 = t090C: Temperature [ITS-90, deg C]
# name 2 = c0S/m: Conductivity [S/m]
# name 3 = t190C: Temperature, 2 [ITS-90, deg C]
# name 4 = c1S/m: Conductivity, 2 [S/m]
# name 5 = sbeox0ML/L: Oxygen, SBE 43 [ml/l]
# name 6 = flECO-AFL: Fluorescence, Wetlab ECO-AFL/FL [mg/m^3]
# name 7 = bat: Beam Attenuation, Chelsea/Seatech/Wetlab CStar [1/m]
# name 8 = spar: SPAR/Surface Irradiance
# name 9 = latitude: Latitude [deg]
# name 10 = longitude: Longitude [deg]
# name 11 = timeY: Time, System [seconds]
# name 12 = timeJ: Julian Days
# name 13 = sal00: Salinity [PSU]
# name 14 = scan: scan number
# name 15 = nbf: number of bottles fired
# name 16 = flag:  0.000e+00
# interval = seconds: 0.0416667                   
# start_time = Aug 07 2006 11:44:46
*END*
    700.412    -0.1994   2.889552    -0.1981   2.889646    5.84628    -0.1004    13.8155 4.8704e+01  -61.87383  -53.20800 1154952193 219.502260    34.6168      26624          1  0.000e+00
    700.267    -0.1992   2.889538    -0.1983   2.889664    5.84614    -0.1775    13.8155 4.8704e+01  -61.87383  -53.20800 1154952193 219.502261    34.6165      26625          1  0.000e+00
    700.498    -0.1991   2.889562    -0.1986   2.889652    5.84630    -0.1555    13.8155 4.8704e+01  -61.87383  -53.20800 1154952193 219.502261    34.6166      26626          1  0.000e+00
    700.412    -0.1989   2.889582    -0.1986   2.889646    5.84116    -0.1445    13.8155 4.8704e+01  -61.87383  -53.20800 1154952193 219.502262    34.6166      26627          1  0.000e+00
    700.335    -0.1989   2.889565    -0.1986   2.889623    5.84615    -0.0784    13.8155 4.8704e+01  -61.87383  -53.20800 1154952194 219.502262    34.6165      26628          1  0.000e+00
    700.479    -0.1989   2.889552    -0.1988   2.889635    5.84627    -0.0784    13.8155 4.6756e+01  -61.87383  -53.20800 1154952194 219.502263    34.6162      26629          1  0.000e+00
    700.412    -0.1992   2.889575    -0.1986   2.889623    5.84624    -0.0343    13.8155 4.8704e+01  -61.87383  -53.20800 1154952194 219.502263    34.6169      26630          1  0.000e+00
    700.479    -0.1986   2.889602    -0.1989   2.889617    5.84621    -0.0343    13.8155 4.8704e+01  -61.87383  -53.20800 1154952194 219.502264    34.6165      26631          1  0.000e+00
    700.479    -0.1989   2.889562    -0.1986   2.889617    5.84626    -0.1335    13.8155 4.8704e+01  -61.87383  -53.20800 1154952194 219.502264    34.6163      26632          1  0.000e+00
    700.479    -0.1991   2.889575    -0.1983   2.889652    5.84628    -0.1004    13.8155 4.8704e+01  -61.87383  -53.20800 1154952194 219.502265    34.6167      26633          1  0.000e+00
    700.479    -0.1989   2.889565    -0.1991   2.889652    5.84626    -0.0343    13.8155 4.8704e+01  -61.87383  -53.20800 1154952194 219.502265    34.6164      26634          1  0.000e+00
    700.498    -0.1989   2.889569    -0.1986   2.889646    5.84627    -0.0233    13.8155 4.8704e+01  -61.87383  -53.20800 1154952194 219.502266    34.6164      26635          1  0.000e+00
    700.547    -0.1988   2.889599    -0.1985   2.889623    5.84628    -0.0564    13.8155 4.8704e+01  -61.87383  -53.20800 1154952194 219.502266    34.6167      26636          1  0.000e+00
    700.479    -0.1989   2.889572    -0.1988   2.889652    5.84626    -0.1114    13.8155 4.8704e+01  -61.87383  -53.20800 1154952194 219.502267    34.6165      26637          1  0.000e+00
    700.624    -0.1988   2.889569    -0.1986   2.889670    5.84636    -0.0784    13.8155 4.8704e+01  -61.87383  -53.20800 1154952194 219.502267    34.6162      26638          1  0.000e+00
    700.479    -0.1986   2.889562    -0.1985   2.889652    5.84623    -0.0564    13.8155 4.8704e+01  -61.87383  -53.20800 1154952194 219.502268    34.6160      26639          1  0.000e+00
    700.547    -0.1987   2.889595    -0.1980   2.889646    5.84628    -0.1004    13.8155 4.8704e+01  -61.87383  -53.20800 1154952194 219.502268    34.6165      26640          1  0.000e+00
    700.624    -0.1983   2.889579    -0.1981   2.889664    5.84630    -0.1114    13.8155 4.8704e+01  -61.87383  -53.20800 1154952194 219.502269    34.6158      26641          1  0.000e+00
    700.547    -0.1992   2.889582    -0.1988   2.889629    5.84634    -0.0343    13.8155 4.8704e+01  -61.87383  -53.20800 1154952194 219.502269    34.6169      26642          1  0.000e+00
    700.624    -0.1992   2.889585    -0.1991   2.889635    5.84641    -0.0784    13.8155 5.0652e+01  -61.87383  -53.20800 1154952194 219.502269    34.6169      26643          1  0.000e+00
    700.643    -0.1986   2.889555    -0.1992   2.889582    5.84636    -0.0784    13.8155 5.0652e+01  -61.87383  -53.20800 1154952194 219.502270    34.6158      26644          1  0.000e+00
    700.547    -0.1992   2.889575    -0.1999   2.889564    5.84635     0.0097    13.8155 5.0652e+01  -61.87383  -53.20800 1154952194 219.502270    34.6168      26645          1  0.000e+00
    700.691    -0.1991   2.889575    -0.2005   2.889499    5.84142    -0.0123    13.8155 5.0652e+01  -61.87383  -53.20800 1154952194 219.502271    34.6166      26646          1  0.000e+00
    700.624    -0.1991   2.889562    -0.2005   2.889499    5.84137    -0.0784    13.8155 5.0652e+01  -61.87383  -53.20800 1154952194 219.502271    34.6165      26647          1  0.000e+00
    700.624    -0.1995   2.889542    -0.2003   2.889523    5.84647    -0.0784    13.8155 5.0652e+01  -61.87383  -53.20800 1154952194 219.502272    34.6167      26648          1  0.000e+00
    700.691    -0.2002   2.889562    -0.1997   2.889570    5.84659    -0.0784    13.8155 4.8704e+01  -61.87383  -53.20800 1154952194 219.502272    34.6177      26649          1  0.000e+00
    700.691    -0.1995   2.889545    -0.2003   2.889588    5.84652    -0.0454    13.8155 4.8704e+01  -61.87383  -53.20800 1154952194 219.502273    34.6167      26650          1  0.000e+00
    700.691    -0.2000   2.889555    -0.2003   2.889523    5.84657    -0.0674    13.8155 5.0652e+01  -61.87383  -53.20800 1154952195 219.502273    34.6174      26651          1  0.000e+00
    700.691    -0.1997   2.889532    -0.2017   2.889505    5.84655    -0.1225    13.8155 4.8704e+01  -61.87383  -53.20800 1154952195 219.502274    34.6167      26652          1  0.000e+00
    700.710    -0.1998   2.889515    -0.2025   2.889423    5.84659    -0.1665    13.8155 4.8704e+01  -61.87383  -53.20800 1154952195 219.502274    34.6166      26653          1  0.000e+00
    700.691    -0.2000   2.889515    -0.2037   2.889335    5.84156    -0.1225    13.8155 4.8704e+01  -61.87383  -53.20800 1154952195 219.502275    34.6168      26654          1  0.000e+00
    700.768    -0.2003   2.889485    -0.2049   2.889229    5.84671    -0.1004    13.8155 4.8704e+01  -61.87383  -53.20800 1154952195 219.502275    34.6167      26655          1  0.000e+00
    700.691    -0.2006   2.889455    -0.2060   2.889146    5.84670    -0.1665    13.8155 4.8704e+01  -61.87383  -53.20800 1154952195 219.502276    34.6167      26656          1  0.000e+00
    700.768    -0.2011   2.889411    -0.2065   2.889105    5.84684    -0.1335    13.8155 4.8704e+01  -61.87383  -53.20800 1154952195 219.502276    34.6166      26657          1  0.000e+00
    700.768    -0.2020   2.889320    -0.2068   2.889117    5.84700    -0.1004    13.8155 4.8704e+01  -61.87383  -53.20800 1154952195 219.502277    34.6165      26658          1  0.000e+00
    700.836    -0.2033   2.889287    -0.2075   2.889105    5.84723    -0.0564    13.8155 4.8704e+01  -61.87383  -53.20800 1154952195 219.502277    34.6174      26659          1  0.000e+00
    700.768    -0.2029   2.889290    -0.2072   2.889099    5.84713    -0.0674    13.8155 4.8704e+01  -61.87383  -53.20800 1154952195 219.502278    34.6171      26660          1  0.000e+00
    700.836    -0.2030   2.889287    -0.2074   2.889135    5.84719    -0.1445    13.8155 4.8704e+01  -61.87383  -53.20800 1154952195 219.502278    34.6171      26661          1  0.000e+00
    700.787    -0.2039   2.889233    -0.2074   2.889152    5.84729    -0.1335    13.8155 4.8704e+01  -61.87383  -53.20800 1154952195 219.502279    34.6174      26662          1  0.000e+00
    700.836    -0.2051   2.889116    -0.2072   2.889135    5.84251    -0.0564    13.8155 4.8704e+01  -61.87383  -53.20800 1154952195 219.502279    34.6172      26663          1  0.000e+00
    700.836    -0.2055   2.889062    -0.2071   2.889146    5.84761    -0.0564    13.8155 4.8704e+01  -61.87383  -53.20800 1154952195 219.502280    34.6169      26664          1  0.000e+00
    700.903    -0.2061   2.889106    -0.2071   2.889088    5.84268    -0.0784    13.8155 4.6756e+01  -61.87383  -53.20800 1154952195 219.502280    34.6181      26665          1  0.000e+00
    700.836    -0.2062   2.889096    -0.2074   2.889111    5.84769    -0.0784    13.8155 4.6756e+01  -61.87383  -53.20800 1154952195 219.502281    34.6182      26666          1  0.000e+00
    700.903    -0.2059   2.889116    -0.2076   2.889105    5.84266    -0.0784    13.8155 4.6756e+01  -61.87383  -53.20800 1154952195 219.502281    34.6181      26667          1  0.000e+00
    700.836    -0.2064   2.889113    -0.2072   2.889117    5.84770    -0.0564    13.8155 4.8704e+01  -61.87383  -53.20800 1154952195 219.502282    34.6186      26668          1  0.000e+00
    700.903    -0.2061   2.889136    -0.2075   2.889129    5.84770    -0.0123    13.8155 4.8704e+01  -61.87383  -53.20800 1154952195 219.502282    34.6185      26669          1  0.000e+00
    700.903    -0.2061   2.889129    -0.2069   2.889164    5.84771    -0.1335    13.8155 4.8704e+01  -61.87383  -53.20800 1154952195 219.502283    34.6184      26670          1  0.000e+00
    700.932    -0.2061   2.889076    -0.2068   2.889217    5.84776    -0.1555    13.8155 4.6756e+01  -61.87383  -53.20800 1154952195 219.502283    34.6177      26671          1  0.000e+00
    700.903    -0.2067   2.889072    -0.2069   2.889194    5.84781    -0.1225    13.8155 4.8704e+01  -61.87383  -53.20800 1154952195 219.502283    34.6184      26672          1  0.000e+00
    704.622    -0.2096   2.888788    -0.2132   2.888571    5.84631    -0.1225    13.8155 5.0652e+01  -61.87383  -53.20800 1154952217 219.502531    34.6158      27186          2  0.000e+00
    704.622    -0.2101   2.888728    -0.2137   2.888542    5.85143    -0.1775    13.8155 5.0652e+01  -61.87383  -53.20800 1154952217 219.502532    34.6155      27187          2  0.000e+00
    704.622    -0.2112   2.888644    -0.2137   2.888547    5.85161    -0.1335    13.8155 5.0652e+01  -61.87383  -53.20800 1154952217 219.502532    34.6156      27188          2  0.000e+00
    704.622    -0.2121   2.888584    -0.2137   2.888553    5.85175    -0.0564    13.8155 5.0652e+01  -61.87383  -53.20800 1154952217 219.502533    34.6158      27189          2  0.000e+00
    704.622    -0.2134   2.888544    -0.2129   2.888571    5.85193    -0.0233    13.8155 5.0652e+01  -61.87383  -53.20800 1154952217 219.502533    34.6167      27190          2  0.000e+00
    704.641    -0.2131   2.888564    -0.2135   2.888583    5.85189    -0.0343    13.8155 5.0652e+01  -61.87383  -53.20800 1154952217 219.502534    34.6166      27191          2  0.000e+00
    704.545    -0.2131   2.888574    -0.2126   2.888600    5.85181    -0.1225    13.8155 5.0652e+01  -61.87383  -53.20800 1154952217 219.502534    34.6168      27192          2  0.000e+00
    704.622    -0.2131   2.888574    -0.2134   2.888612    5.85187    -0.1665    13.8155 5.0652e+01  -61.87383  -53.20800 1154952217 219.502535    34.6168      27193          2  0.000e+00
    704.622    -0.2123   2.888590    -0.2131   2.888630    5.85177    -0.1225    13.8155 5.0652e+01  -61.87383  -53.20800 1154952217 219.502535    34.6161      27194          2  0.000e+00
    704.545    -0.2120   2.888580    -0.2125   2.888653    5.85167    -0.0894    13.8155 5.0652e+01  -61.87383  -53.20800 1154952217 219.502536    34.6156      27195          2  0.000e+00
    704.641    -0.2123   2.888607    -0.2125   2.888642    5.84674    -0.1445    13.8155 5.0652e+01  -61.87383  -53.20800 1154952217 219.502536    34.6163      27196          2  0.000e+00
    704.545    -0.2123   2.888601    -0.2123   2.888671    5.84666    -0.1665    13.8155 5.0652e+01  -61.87383  -53.20800 1154952217 219.502537    34.6163      27197          2  0.000e+00
    704.622    -0.2124   2.888597    -0.2117   2.888689    5.85178    -0.1445    13.8155 5.0652e+01  -61.87383  -53.20800 1154952217 219.502537    34.6164      27198          2  0.000e+00
    704.622    -0.2126   2.888631    -0.2120   2.888689    5.85178    -0.0784    13.8155 5.0652e+01  -61.87383  -53.20800 1154952217 219.502538    34.6170      27199          2  0.000e+00
    704.545    -0.2126   2.888611    -0.2119   2.888671    5.85174    -0.1445    13.8155 5.0652e+01  -61.87383  -53.20800 1154952217 219.502538    34.6168      27200          2  0.000e+00
    704.622    -0.2126   2.888597    -0.2119   2.888683    5.85180    -0.1335    13.8155 5.0652e+01  -61.87383  -53.20800 1154952217 219.502539    34.6165      27201          2  0.000e+00
    704.564    -0.2124   2.888627    -0.2123   2.888689    5.84668    -0.0123    13.8155 5.0652e+01  -61.87383  -53.20800 1154952217 219.502539    34.6168      27202          2  0.000e+00
    704.545    -0.2127   2.888627    -0.2122   2.888706    5.85174    -0.1004    13.8155 5.0652e+01  -61.87383  -53.20800 1154952217 219.502540    34.6172      27203          2  0.000e+00
    704.622    -0.2127   2.888604    -0.2122   2.888677    5.85182    -0.1445    13.8155 5.0652e+01  -61.87383  -53.20800 1154952218 219.502540    34.6168      27204          2  0.000e+00
    704.545    -0.2124   2.888597    -0.2125   2.888683    5.85172    -0.1225    13.8155 5.0652e+01  -61.87383  -53.20800 1154952218 219.502541    34.6164      27205          2  0.000e+00
    704.545    -0.2126   2.888611    -0.2126   2.888689    5.85173    -0.1555    13.8155 5.0652e+01  -61.87383  -53.20800 1154952218 219.502541    34.6168      27206          2  0.000e+00
    704.622    -0.2123   2.888634    -0.2125   2.888671    5.85175    -0.0894    13.8155 5.0652e+01  -61.87383  -53.20800 1154952218 219.502541    34.6167      27207          2  0.000e+00
    704.564    -0.2126   2.888627    -0.2128   2.888624    5.85174    -0.1004    13.8155 5.0652e+01  -61.87383  -53.20800 1154952218 219.502542    34.6170      27208          2  0.000e+00
    704.545    -0.2127   2.888634    -0.2128   2.888630    5.85174    -0.1004    13.8155 5.0652e+01  -61.87383  -53.20800 1154952218 219.502542    34.6173      27209          2  0.000e+00
    704.545    -0.2126   2.888621    -0.2129   2.888653    5.85173    -0.0674    13.8155 5.0652e+01  -61.87383  -53.20800 1154952218 219.502543    34.6169      27210          2  0.000e+00
    704.545    -0.2121   2.888604    -0.2131   2.888600    5.84664    -0.0784    13.8155 5.0652e+01  -61.87383  -53.20800 1154952218 219.502543    34.6162      27211          2  0.000e+00
    704.622    -0.2124   2.888611    -0.2129   2.888600    5.85178    -0.1335    13.8155 5.0652e+01  -61.87383  -53.20800 1154952218 219.502544    34.6165      27212          2  0.000e+00
    704.564    -0.2121   2.888621    -0.2133   2.888612    5.85169    -0.1445    13.8155 5.0652e+01  -61.87383  -53.20800 1154952218 219.502544    34.6164      27213          2  0.000e+00
    704.401    -0.2127   2.888617    -0.2133   2.888612    5.85163    -0.0784    13.8155 5.0652e+01  -61.87383  -53.20800 1154952218 219.502545    34.6171      27214          2  0.000e+00
    704.689    -0.2131   2.888601    -0.2131   2.888630    5.85191    -0.0454    13.8155 5.0652e+01  -61.87383  -53.20800 1154952218 219.502545    34.6171      27215          2  0.000e+00
    704.545    -0.2132   2.888580    -0.2133   2.888636    5.85182    -0.1445    13.8155 5.0652e+01  -61.87383  -53.20800 1154952218 219.502546    34.6171      27216          2  0.000e+00
    704.545    -0.2127   2.888624    -0.2129   2.888618    5.85175    -0.1775    13.8155 5.0652e+01  -61.87383  -53.20800 1154952218 219.502546    34.6171      27217          2  0.000e+00
    704.545    -0.2129   2.888590    -0.2129   2.888647    5.85178    -0.1335    13.8155 5.0652e+01  -61.87383  -53.20800 1154952218 219.502547    34.6168      27218          2  0.000e+00
    704.564    -0.2134   2.888557    -0.2131   2.888665    5.85187    -0.0674    13.8155 5.0652e+01  -61.87383  -53.20800 1154952218 219.502547    34.6169      27219          2  0.000e+00
    704.545    -0.2133   2.888584    -0.2126   2.888642    5.85184    -0.1775    13.8155 5.0652e+01  -61.87383  -53.20800 1154952218 219.502548    34.6173      27220          2  0.000e+00
    704.478    -0.2131   2.888580    -0.2128   2.888636    5.85175    -0.1225    13.8155 5.0652e+01  -61.87383  -53.20800 1154952218 219.502548    34.6169      27221          2  0.000e+00
