product_data/regression_test/downloaded_data/MDGS/320620060703/ctd/p6620001.ros
* Sea-Bird SBE 9 Data File:
* FileName = D:\Data\Raw\p6620001.dat
* Software Version Seasave Win32 V 5.32
* Temperature SN = 1649
* Conductivity SN = 1431
* Number of Bytes Per Scan = 37
* Number of Voltage Words = 5
* Number of Scans Averaged by the Deck Unit = 1
* NMEA Latitude = 64 23.77 S
* NMEA Longitude = 062 08.95 W
* NMEA UTC (Time) = 23:36:48
** Ship:   Nathaniel B. Palmer 
** Cruise:    NBP0606 
# nquan = 17
# nvalues = 1176                    
# units = specified
# name 0 = prDM: Pressure, Digiquartz [db]
# name 1 = t090C: Temperature [ITS-90, deg C]
# name 2 = c0S/m: Conductivity [S/m]
# name 3 = t190C: Temperature, 2 [ITS-90, deg C]
# name 4 = c1S/m: Conductivity, 2 [S/m]
# name 5 = sbeox0ML/L: Oxygen, SBE 43 [ml/l]
# name 6 = flECO-AFL: Fluorescence, Wetlab ECO-AFL/FL [mg/m^3]
# name 7 = bat: Beam Attenuation, Chelsea/Seatech/Wetlab CStar [1/m]
# name 8 = spar: SPAR/Surface Irradiance
# name 9 = latitude: Latitude [deg]
# name 10 = longitude: Longitude [deg]
# name 11 = timeY: Time, System [seconds]
# name 12 = timeJ: Julian Days
# name 13 = sal00: Salinity [PSU]
# name 14 = scan: scan number
# name 15 = nbf: number of bottles fired
# name 16 = flag:  0.000e+00
# interval = seconds: 0.0416667                   
# start_time = Jul 27 2006 23:36:57
*END*
[from data line 596]
     75.277    -0.7462   2.780880    -0.7462   2.781250    7.07006     0.0538    13.8155 0.0000e+00  -64.39617  -62.14917 1154045181 209.004438    34.1554      42395         13  0.000e+00
     75.296    -0.7462   2.780854    -0.7467   2.781227    7.07009     0.0538    13.8155 0.0000e+00  -64.39617  -62.14917 1154045181 209.004438    34.1550      42396         13  0.000e+00
     75.296    -0.7460   2.780870    -0.7462   2.781215    7.07006    -0.0233    13.8155 0.0000e+00  -64.39617  -62.14917 1154045181 209.004439    34.1551      42397         13  0.000e+00
     75.200    -0.7459   2.780880    -0.7459   2.781250    7.06994    -0.0454    13.8155 0.0000e+00  -64.39617  -62.14917 1154045181 209.004439    34.1551      42398         13  0.000e+00
     75.229    -0.7463   2.780854    -0.7462   2.781227    7.07004    -0.0674    13.8155 0.0000e+00  -64.39617  -62.14917 1154045181 209.004440    34.1552      42399         13  0.000e+00
     75.277    -0.7462   2.780870    -0.7460   2.781215    7.07007    -0.0233    13.8155 0.0000e+00  -64.39617  -62.14917 1154045181 209.004440    34.1553      42400         13  0.000e+00
     75.153    -0.7465   2.780844    -0.7460   2.781232    7.07000    -0.0454    13.8155 0.0000e+00  -64.39617  -62.14917 1154045182 209.004441    34.1553      42401         13  0.000e+00
     75.200    -0.7461   2.780844    -0.7460   2.781244    7.06999    -0.0343    13.8155 0.0000e+00  -64.39617  -62.14917 1154045182 209.004441    34.1548      42402         13  0.000e+00
     75.229    -0.7462   2.780870    -0.7459   2.781244    7.07001    -0.0454    13.8155 0.0000e+00  -64.39617  -62.14917 1154045182 209.004442    34.1553      42403         13  0.000e+00
     75.134    -0.7464   2.780880    -0.7457   2.781244    7.06994     0.0097    13.8155 0.0000e+00  -64.39617  -62.14917 1154045182 209.004442    34.1557      42404         13  0.000e+00
     75.153    -0.7459   2.780854    -0.7464   2.781244    7.06990     0.1750    13.8155 0.0000e+00  -64.39617  -62.14917 1154045182 209.004443    34.1547      42405         13  0.000e+00
     75.134    -0.7458   2.780870    -0.7460   2.781221    7.06986     0.0648    13.8155 0.0000e+00  -64.39617  -62.14917 1154045182 209.004443    34.1549      42406         13  0.000e+00
     75.086    -0.7462   2.780860    -0.7460   2.781232    7.06988    -0.0233    13.8155 0.0000e+00  -64.39617  -62.14917 1154045182 209.004443    34.1552      42407         13  0.000e+00
     75.134    -0.7458   2.780847    -0.7457   2.781221    7.06987    -0.1114    13.8155 0.0000e+00  -64.39617  -62.14917 1154045182 209.004444    34.1546      42408         13  0.000e+00
     75.086    -0.7462   2.780854    -0.7456   2.781232    7.06988    -0.0564    13.8155 0.0000e+00  -64.39617  -62.14917 1154045182 209.004444    34.1551      42409         13  0.000e+00
     75.086    -0.7462   2.780874    -0.7456   2.781261    7.06517    -0.0013    13.8155 0.0000e+00  -64.39617  -62.14917 1154045182 209.004445    34.1555      42410         13  0.000e+00
     74.991    -0.7459   2.780854    -0.7459   2.781250    7.06974    -0.0013    13.8155 0.0000e+00  -64.39617  -62.14917 1154045182 209.004445    34.1548      42411         13  0.000e+00
     75.010    -0.7462   2.780870    -0.7457   2.781244    7.06980    -0.0454    13.8155 0.0000e+00  -64.39617  -62.14917 1154045182 209.004446    34.1555      42412         13  0.000e+00
     75.067    -0.7457   2.780880    -0.7459   2.781221    7.06978     0.0538    13.8155 0.0000e+00  -64.39617  -62.14917 1154045182 209.004446    34.1550      42413         13  0.000e+00
     75.010    -0.7461   2.780870    -0.7454   2.781232    7.06978     0.0428    13.8155 0.0000e+00  -64.39617  -62.14917 1154045182 209.004447    34.1553      42414         13  0.000e+00
     74.924    -0.7460   2.780841    -0.7457   2.781261    7.06971    -0.0784    13.8155 0.0000e+00  -64.39617  -62.14917 1154045182 209.004447    34.1549      42415         13  0.000e+00
     75.010    -0.7462   2.780851    -0.7454   2.781250    7.06511    -0.0233    13.8155 0.0000e+00  -64.39617  -62.14917 1154045182 209.004448    34.1552      42416         13  0.000e+00
     74.924    -0.7457   2.780867    -0.7456   2.781244    7.06965    -0.0343    13.8155 0.0000e+00  -64.39617  -62.14917 1154045182 209.004448    34.1549      42417         13  0.000e+00
     74.943    -0.7459   2.780877    -0.7457   2.781244    7.06498    -0.0123    13.8155 0.0000e+00  -64.39617  -62.14917 1154045182 209.004449    34.1552      42418         13  0.000e+00
     74.924    -0.7455   2.780860    -0.7456   2.781244    7.06492    -0.0343    13.8155 0.0000e+00  -64.39617  -62.14917 1154045182 209.004449    34.1546      42419         13  0.000e+00
     74.876    -0.7461   2.780883    -0.7454   2.781244    7.06964     0.0318    13.8155 0.0000e+00  -64.39617  -62.14917 1154045182 209.004450    34.1556      42420         13  0.000e+00
     74.924    -0.7457   2.780900    -0.7457   2.781261    7.06492    -0.0013    13.8155 0.0000e+00  -64.39617  -62.14917 1154045182 209.004450    34.1553      42421         13  0.000e+00
     74.876    -0.7451   2.780883    -0.7454   2.781250    7.06480    -0.0454    13.8155 0.0000e+00  -64.39617  -62.14917 1154045182 209.004451    34.1545      42422         13  0.000e+00
     74.876    -0.7459   2.780890    -0.7456   2.781261    7.06490    -0.0564    13.8155 0.0000e+00  -64.39617  -62.14917 1154045182 209.004451    34.1554      42423         13  0.000e+00
     74.857    -0.7461   2.780864    -0.7454   2.781267    7.06493    -0.0123    13.8155 0.0000e+00  -64.39617  -62.14917 1154045182 209.004452    34.1553      42424         13  0.000e+00
     74.800    -0.7454   2.780874    -0.7459   2.781250    7.06947    -0.0013    13.8155 0.0000e+00  -64.39617  -62.14917 1154045182 209.004452    34.1547      42425         13  0.000e+00
     74.781    -0.7455   2.780870    -0.7457   2.781244    7.06476    -0.0123    13.8155 0.0000e+00  -64.39617  -62.14917 1154045183 209.004453    34.1547      42426         13  0.000e+00
     74.800    -0.7455   2.780877    -0.7453   2.781261    7.06479    -0.0123    13.8155 0.0000e+00  -64.39617  -62.14917 1154045183 209.004453    34.1549      42427         13  0.000e+00
     74.781    -0.7458   2.780897    -0.7457   2.781250    7.06949    -0.0123    13.8155 0.0000e+00  -64.39617  -62.14917 1154045183 209.004454    34.1554      42428         13  0.000e+00
     74.733    -0.7455   2.780877    -0.7453   2.781261    7.06943    -0.0454    13.8155 0.0000e+00  -64.39617  -62.14917 1154045183 209.004454    34.1549      42429         13  0.000e+00
     74.714    -0.7453   2.780860    -0.7454   2.781267    7.06939    -0.0564    13.8155 0.0000e+00  -64.39617  -62.14917 1154045183 209.004455    34.1545      42430         13  0.000e+00
     74.733    -0.7460   2.780897    -0.7459   2.781250    7.06948    -0.0013    13.8155 0.0000e+00  -64.39617  -62.14917 1154045183 209.004455    34.1558      42431         13  0.000e+00
     74.647    -0.7456   2.780870    -0.7457   2.781261    7.06936     0.0318    13.8155 0.0000e+00  -64.39617  -62.14917 1154045183 209.004456    34.1550      42432         13  0.000e+00
     74.733    -0.7454   2.780890    -0.7457   2.781209    7.06940    -0.0123    13.8155 0.0000e+00  -64.39617  -62.14917 1154045183 209.004456    34.1550      42433         13  0.000e+00
     74.667    -0.7461   2.780893    -0.7456   2.781209    7.06943    -0.0013    13.8155 0.0000e+00  -64.39617  -62.14917 1154045183 209.004457    34.1558      42434         13  0.000e+00
     74.647    -0.7455   2.780883    -0.7457   2.781250    7.06934     0.0207    13.8155 0.0000e+00  -64.39617  -62.14917 1154045183 209.004457    34.1551      42435         13  0.000e+00
     74.803    -0.7466   2.780781    -0.7464   2.781180    7.06972    -0.0454    13.8155 0.0000e+00  -64.39617  -62.14917 1154045193 209.004572    34.1548      42674         14  0.000e+00
     74.860    -0.7467   2.780804    -0.7462   2.781192    7.06976    -0.0454    13.8155 0.0000e+00  -64.39617  -62.14917 1154045193 209.004573    34.1552      42675         14  0.000e+00
     74.879    -0.7466   2.780827    -0.7468   2.781192    7.06976    -0.0013    13.8155 0.0000e+00  -64.39617  -62.14917 1154045193 209.004573    34.1554      42676         14  0.000e+00
     74.860    -0.7464   2.780824    -0.7468   2.781209    7.06971    -0.0233    13.8155 0.0000e+00  -64.39617  -62.14917 1154045193 209.004574    34.1551      42677         14  0.000e+00
     74.803    -0.7468   2.780814    -0.7464   2.781174    7.06972    -0.0674    13.8155 0.0000e+00  -64.39617  -62.14917 1154045193 209.004574    34.1555      42678         14  0.000e+00
     74.860    -0.7462   2.780844    -0.7470   2.781198    7.06967    -0.1004    13.8155 0.0000e+00  -64.39617  -62.14917 1154045193 209.004575    34.1552      42679         14  0.000e+00
     74.803    -0.7465   2.780817    -0.7464   2.781198    7.06967    -0.0454    13.8155 0.0000e+00  -64.39617  -62.14917 1154045193 209.004575    34.1552      42680         14  0.000e+00
     74.860    -0.7465   2.780844    -0.7466   2.781192    7.06972     0.0318    13.8155 0.0000e+00  -64.39617  -62.14917 1154045193 209.004576    34.1556      42681         14  0.000e+00
     74.803    -0.7463   2.780824    -0.7464   2.781169    7.06964    -0.0123    13.8155 0.0000e+00  -64.39617  -62.14917 1154045193 209.004576    34.1551      42682         14  0.000e+00
     74.803    -0.7464   2.780837    -0.7468   2.781163    7.06964    -0.0674    13.8155 0.0000e+00  -64.39617  -62.14917 1154045193 209.004577    34.1553      42683         14  0.000e+00
     74.784    -0.7466   2.780837    -0.7467   2.781180    7.06966    -0.1004    13.8155 0.0000e+00  -64.39617  -62.14917 1154045193 209.004577    34.1556      42684         14  0.000e+00
     74.880    -0.7464   2.780834    -0.7468   2.781192    7.06972    -0.0564    13.8155 0.0000e+00  -64.39617  -62.14917 1154045193 209.004578    34.1552      42685         14  0.000e+00
     74.784    -0.7465   2.780824    -0.7468   2.781192    7.06965    -0.0343    13.8155 0.0000e+00  -64.39617  -62.14917 1154045193 209.004578    34.1553      42686         14  0.000e+00
     74.803    -0.7465   2.780847    -0.7465   2.781169    7.06966    -0.0343    13.8155 0.0000e+00  -64.39617  -62.14917 1154045193 209.004579    34.1556      42687         14  0.000e+00
     74.861    -0.7469   2.780808    -0.7465   2.781163    7.06510    -0.0233    13.8155 0.0000e+00  -64.39617  -62.14917 1154045193 209.004579    34.1555      42688         14  0.000e+00
     74.737    -0.7467   2.780814    -0.7468   2.781163    7.06964    -0.0674    13.8155 0.0000e+00  -64.39617  -62.14917 1154045193 209.004579    34.1554      42689         14  0.000e+00
     74.861    -0.7465   2.780814    -0.7467   2.781180    7.06973    -0.0894    13.8155 0.0000e+00  -64.39617  -62.14917 1154045194 209.004580    34.1551      42690         14  0.000e+00
     74.803    -0.7462   2.780794    -0.7465   2.781169    7.06965    -0.0233    13.8155 0.0000e+00  -64.39617  -62.14917 1154045194 209.004580    34.1546      42691         14  0.000e+00
     74.784    -0.7466   2.780814    -0.7463   2.781198    7.06967     0.0097    13.8155 0.0000e+00  -64.39617  -62.14917 1154045194 209.004581    34.1553      42692         14  0.000e+00
     74.803    -0.7462   2.780847    -0.7467   2.781151    7.06961    -0.0564    13.8155 0.0000e+00  -64.39617  -62.14917 1154045194 209.004581    34.1553      42693         14  0.000e+00
     74.803    -0.7469   2.780824    -0.7462   2.781174    7.06973    -0.1004    13.8155 0.0000e+00  -64.39617  -62.14917 1154045194 209.004582    34.1558      42694         14  0.000e+00
     74.784    -0.7462   2.780821    -0.7462   2.781169    7.06961    -0.1225    13.8155 0.0000e+00  -64.39617  -62.14917 1154045194 209.004582    34.1549      42695         14  0.000e+00
     74.803    -0.7465   2.780831    -0.7467   2.781163    7.06496    -0.0454    13.8155 0.0000e+00  -64.39617  -62.14917 1154045194 209.004583    34.1553      42696         14  0.000e+00
     74.784    -0.7464   2.780817    -0.7466   2.781163    7.06493     0.0097    13.8155 0.0000e+00  -64.39617  -62.14917 1154045194 209.004583    34.1550      42697         14  0.000e+00
     74.803    -0.7466   2.780821    -0.7468   2.781198    7.06499     0.0207    13.8155 0.0000e+00  -64.39617  -62.14917 1154045194 209.004584    34.1554      42698         14  0.000e+00
     74.784    -0.7462   2.780798    -0.7468   2.781174    7.06492    -0.0233    13.8155 0.0000e+00  -64.39617  -62.14917 1154045194 209.004584    34.1546      42699         14  0.000e+00
     74.803    -0.7468   2.780821    -0.7468   2.781163    7.06501    -0.0454    13.8155 0.0000e+00  -64.39617  -62.14917 1154045194 209.004585    34.1556      42700         14  0.000e+00
     74.784    -0.7465   2.780824    -0.7465   2.781180    7.06495    -0.0123    13.8155 0.0000e+00  -64.39617  -62.14917 1154045194 209.004585    34.1553      42701         14  0.000e+00
     74.804    -0.7466   2.780814    -0.7466   2.781169    7.06969    -0.0674    13.8155 0.0000e+00  -64.39617  -62.14917 1154045194 209.004586    34.1553      42702         14  0.000e+00
     74.784    -0.7462   2.780814    -0.7467   2.781163    7.06962    -0.0454    13.8155 0.0000e+00  -64.39617  -62.14917 1154045194 209.004586    34.1548      42703         14  0.000e+00
     74.804    -0.7465   2.780837    -0.7468   2.781163    7.06495    -0.0454    13.8155 0.0000e+00  -64.39617  -62.14917 1154045194 209.004587    34.1554      42704         14  0.000e+00
     74.804    -0.7464   2.780821    -0.7468   2.781163    7.06495    -0.0123    13.8155 0.0000e+00  -64.39617  -62.14917 1154045194 209.004587    34.1551      42705         14  0.000e+00
     74.784    -0.7466   2.780794    -0.7467   2.781163    7.06498    -0.0233    13.8155 0.0000e+00  -64.39617  -62.14917 1154045194 209.004588    34.1550      42706         14  0.000e+00
     74.804    -0.7465   2.780814    -0.7463   2.781180    7.06968    -0.0123    13.8155 0.0000e+00  -64.39617  -62.14917 1154045194 209.004588    34.1552      42707         14  0.000e+00
     74.785    -0.7462   2.780831    -0.7467   2.781192    7.06960    -0.1335    13.8155 0.0000e+00  -64.39617  -62.14917 1154045194 209.004589    34.1550      42708         14  0.000e+00
     74.804    -0.7464   2.780834    -0.7464   2.781169    7.06494    -0.1445    13.8155 0.0000e+00  -64.39617  -62.14917 1154045194 209.004589    34.1553      42709         14  0.000e+00
     74.861    -0.7463   2.780811    -0.7468   2.781180    7.06500    -0.0784    13.8155 0.0000e+00  -64.39617  -62.14917 1154045194 209.004590    34.1548      42710         14  0.000e+00
     74.804    -0.7467   2.780824    -0.7464   2.781145    7.06499     0.0868    13.8155 0.0000e+00  -64.39617  -62.14917 1154045194 209.004590    34.1555      42711         14  0.000e+00
     74.785    -0.7463   2.780834    -0.7466   2.781151    7.06962     0.0538    13.8155 0.0000e+00  -64.39617  -62.14917 1154045194 209.004591    34.1552      42712         14  0.000e+00
     74.880    -0.7465   2.780844    -0.7464   2.781163    7.06503     0.0207    13.8155 0.0000e+00  -64.39617  -62.14917 1154045194 209.004591    34.1555      42713         14  0.000e+00
     74.785    -0.7465   2.780821    -0.7467   2.781163    7.06965     0.0097    13.8155 0.0000e+00  -64.39617  -62.14917 1154045195 209.004592    34.1552      42714         14  0.000e+00
     74.880    -0.7462   2.780814    -0.7465   2.781180    7.06501    -0.0784    13.8155 0.0000e+00  -64.39617  -62.14917 1154045195 209.004592    34.1548      42715         14  0.000e+00
     74.785    -0.7468   2.780837    -0.7467   2.781169    7.06968    -0.0454    13.8155 0.0000e+00  -64.39617  -62.14917 1154045195 209.004592    34.1558      42716         14  0.000e+00
