product_data/regression_test/downloaded_data/MDGS/320620060703/ctd/p6623504.cnv
* Sea-Bird SBE 9 Data File:
* FileName = D:\Data\Raw\p6623504.dat
* Software Version Seasave Win32 V 5.32
* Temperature SN = 1649
* Conductivity SN = 1431
* Number of Bytes Per Scan = 37
* Number of Voltage Words = 5
* Number of Scans Averaged by the Deck Unit = 1
* NMEA Latitude = 61 47.47 S
* NMEA Longitude = 053 17.41 W
* NMEA UTC (Time) = 18:47:37
** Ship:   Nathaniel B. Palmer 
** Cruise:    NBP0606 
# nquan = 15
# nvalues = 468                         
# units = specified
# name 0 = prDM: Pressure, Digiquartz [db]
# name 1 = t090C: Temperature [ITS-90, deg C]
# name 2 = c0S/m: Conductivity [S/m]
# name 3 = t190C: Temperature, 2 [ITS-90, deg C]
# name 4 = c1S/m: Conductivity, 2 [S/m]
# name 5 = sbeox0ML/L: Oxygen, SBE 43 [ml/l]
# name 6 = flECO-AFL: Fluorescence, Wetlab ECO-AFL/FL [mg/m^3]
# name 7 = bat: Beam Attenuation, Chelsea/Seatech/Wetlab CStar [1/m]
# name 8 = spar: SPAR/Surface Irradiance
# name 9 = latitude: Latitude [deg]
# name 10 = longitude: Longitude [deg]
# name 11 = timeY: Time, System [seconds]
# name 12 = timeJ: Julian Days
# name 13 = sal00: Salinity [PSU]
# name 14 = flag: flag
# span 0 =      2.000,    469.000       
# span 1 =    -1.7504,    -0.6828       
# span 2 =   2.699233,   2.827366       
# span 3 =    -1.7508,    -0.6819       
# span 4 =   2.699759,   2.827480       
# span 5 =    6.63797,    7.70941       
# span 6 =    -0.0935,     0.1412       
# span 7 =    13.8155,    13.8155       
# span 8 = 1.0942e+02, 4.3040e+02       
# span 9 =  -61.79117,  -61.79117       
# span 10 =  -53.29017,  -53.29017      
# span 11 = 1154976564, 1154977302      
# span 12 = 219.784317, 219.792864      
# span 13 =    34.2248,    34.4730      
# span 14 = 0.0000e+00, 0.0000e+00      
# interval = decibars: 1                
# start_time = Aug 07 2006 18:49:11
# bad_flag = -9.990e-29
*END*
[from data line 386]
    388.000    -0.6830   2.823402    -0.6821   2.823516    6.66825    -0.0540    13.8155 3.2428e+02  -61.79117  -53.29017 1154977125 219.790819    34.4659 0.0000e+00
    389.000    -0.6832   2.823446    -0.6822   2.823581    6.66614    -0.0351    13.8155 3.2410e+02  -61.79117  -53.29017 1154977127 219.790833    34.4662 0.0000e+00
    390.000    -0.6834   2.823605    -0.6824   2.823715    6.66254    -0.0667    13.8155 3.2319e+02  -61.79117  -53.29017 1154977128 219.790848    34.4680 0.0000e+00
    391.000    -0.6836   2.823674    -0.6825   2.823790    6.66035    -0.0483    13.8155 3.2325e+02  -61.79117  -53.29017 1154977129 219.790862    34.4686 0.0000e+00
    392.000    -0.6836   2.823734    -0.6828   2.823842    6.65744    -0.0471    13.8155 3.2136e+02  -61.79117  -53.29017 1154977130 219.790877    34.4688 0.0000e+00
    393.000    -0.6847   2.823725    -0.6838   2.823849    6.65537    -0.0636    13.8155 3.1989e+02  -61.79117  -53.29017 1154977132 219.790891    34.4694 0.0000e+00
    394.000    -0.6846   2.823755    -0.6838   2.823865    6.65593    -0.0472    13.8155 3.1756e+02  -61.79117  -53.29017 1154977133 219.790905    34.4691 0.0000e+00
    395.000    -0.6849   2.823802    -0.6839   2.823922    6.65682    -0.0453    13.8155 3.1755e+02  -61.79117  -53.29017 1154977134 219.790920    34.4694 0.0000e+00
    396.000    -0.6848   2.823858    -0.6837   2.823956    6.65759    -0.0360    13.8155 3.2117e+02  -61.79117  -53.29017 1154977135 219.790934    34.4695 0.0000e+00
    397.000    -0.6847   2.823881    -0.6839   2.823986    6.65847    -0.0367    13.8155 3.2140e+02  -61.79117  -53.29017 1154977137 219.790948    34.4691 0.0000e+00
    398.000    -0.6846   2.823935    -0.6837   2.824053    6.65929    -0.0525    13.8155 3.2142e+02  -61.79117  -53.29017 1154977138 219.790962    34.4692 0.0000e+00
    399.000    -0.6848   2.823999    -0.6839   2.824110    6.65746    -0.0780    13.8155 3.2144e+02  -61.79117  -53.29017 1154977139 219.790976    34.4696 0.0000e+00
    400.000    -0.6851   2.824066    -0.6843   2.824177    6.65642    -0.0610    13.8155 3.2144e+02  -61.79117  -53.29017 1154977140 219.790990    34.4703 0.0000e+00
    401.000    -0.6849   2.824105    -0.6841   2.824218    6.65688    -0.0656    13.8155 3.2199e+02  -61.79117  -53.29017 1154977141 219.791004    34.4699 0.0000e+00
    402.000    -0.6850   2.824147    -0.6841   2.824270    6.65387    -0.0472    13.8155 3.2235e+02  -61.79117  -53.29017 1154977143 219.791019    34.4700 0.0000e+00
    403.000    -0.6846   2.824213    -0.6838   2.824330    6.65407    -0.0576    13.8155 3.2069e+02  -61.79117  -53.29017 1154977144 219.791033    34.4699 0.0000e+00
    404.000    -0.6848   2.824276    -0.6839   2.824397    6.65529    -0.0550    13.8155 3.2063e+02  -61.79117  -53.29017 1154977145 219.791048    34.4703 0.0000e+00
    405.000    -0.6849   2.824329    -0.6841   2.824448    6.65541    -0.0608    13.8155 3.2047e+02  -61.79117  -53.29017 1154977146 219.791062    34.4705 0.0000e+00
    406.000    -0.6848   2.824386    -0.6840   2.824497    6.65480    -0.0429    13.8155 3.1684e+02  -61.79117  -53.29017 1154977148 219.791077    34.4706 0.0000e+00
    407.000    -0.6847   2.824422    -0.6839   2.824540    6.65370    -0.0481    13.8155 3.1592e+02  -61.79117  -53.29017 1154977149 219.791091    34.4703 0.0000e+00
    408.000    -0.6849   2.824473    -0.6840   2.824590    6.65126    -0.0763    13.8155 3.1419e+02  -61.79117  -53.29017 1154977150 219.791106    34.4706 0.0000e+00
    409.000    -0.6849   2.824515    -0.6841   2.824640    6.64661    -0.0587    13.8155 3.1338e+02  -61.79117  -53.29017 1154977151 219.791120    34.4707 0.0000e+00
    410.000    -0.6854   2.824557    -0.6848   2.824676    6.64594    -0.0633    13.8155 3.1046e+02  -61.79117  -53.29017 1154977153 219.791135    34.4712 0.0000e+00
    411.000    -0.6863   2.824582    -0.6856   2.824702    6.64513    -0.0718    13.8155 3.0517e+02  -61.79117  -53.29017 1154977154 219.791149    34.4720 0.0000e+00
    412.000    -0.6864   2.824623    -0.6856   2.824743    6.64558    -0.0742    13.8155 2.9476e+02  -61.79117  -53.29017 1154977155 219.791163    34.4720 0.0000e+00
    413.000    -0.6862   2.824675    -0.6854   2.824798    6.64858    -0.0406    13.8155 2.7998e+02  -61.79117  -53.29017 1154977156 219.791177    34.4719 0.0000e+00
    414.000    -0.6863   2.824714    -0.6855   2.824830    6.64723    -0.0415    13.8155 2.5775e+02  -61.79117  -53.29017 1154977158 219.791191    34.4719 0.0000e+00
    415.000    -0.6862   2.824793    -0.6852   2.824903    6.64441    -0.0766    13.8155 2.3557e+02  -61.79117  -53.29017 1154977159 219.791206    34.4723 0.0000e+00
    416.000    -0.6861   2.824841    -0.6853   2.824963    6.64309    -0.0412    13.8155 2.1432e+02  -61.79117  -53.29017 1154977160 219.791220    34.4722 0.0000e+00
    417.000    -0.6859   2.824901    -0.6851   2.825009    6.64394    -0.0672    13.8155 1.9641e+02  -61.79117  -53.29017 1154977161 219.791234    34.4722 0.0000e+00
    418.000    -0.6859   2.824958    -0.6851   2.825072    6.64449    -0.0622    13.8155 1.8306e+02  -61.79117  -53.29017 1154977162 219.791248    34.4724 0.0000e+00
    419.000    -0.6860   2.824986    -0.6853   2.825103    6.64412    -0.0526    13.8155 1.7478e+02  -61.79117  -53.29017 1154977164 219.791263    34.4722 0.0000e+00
    420.000    -0.6860   2.825038    -0.6852   2.825149    6.64500    -0.0562    13.8155 1.7137e+02  -61.79117  -53.29017 1154977165 219.791277    34.4724 0.0000e+00
    421.000    -0.6861   2.825076    -0.6852   2.825196    6.64592    -0.0812    13.8155 1.7137e+02  -61.79117  -53.29017 1154977166 219.791292    34.4723 0.0000e+00
    422.000    -0.6861   2.825109    -0.6854   2.825226    6.64682    -0.0813    13.8155 1.6988e+02  -61.79117  -53.29017 1154977168 219.791306    34.4722 0.0000e+00
    423.000    -0.6862   2.825141    -0.6853   2.825256    6.64770    -0.0666    13.8155 1.6703e+02  -61.79117  -53.29017 1154977169 219.791321    34.4721 0.0000e+00
    424.000    -0.6861   2.825192    -0.6853   2.825307    6.64864    -0.0475    13.8155 1.6017e+02  -61.79117  -53.29017 1154977170 219.791335    34.4721 0.0000e+00
    425.000    -0.6862   2.825231    -0.6853   2.825354    6.64898    -0.0634    13.8155 1.5525e+02  -61.79117  -53.29017 1154977171 219.791349    34.4721 0.0000e+00
    426.000    -0.6861   2.825282    -0.6853   2.825396    6.64694    -0.0645    13.8155 1.5066e+02  -61.79117  -53.29017 1154977172 219.791364    34.4721 0.0000e+00
    427.000    -0.6860   2.825328    -0.6853   2.825445    6.64601    -0.0935    13.8155 1.4698e+02  -61.79117  -53.29017 1154977174 219.791378    34.4720 0.0000e+00
    428.000    -0.6860   2.825372    -0.6852   2.825487    6.64740    -0.0715    13.8155 1.4026e+02  -61.79117  -53.29017 1154977175 219.791392    34.4720 0.0000e+00
    429.000    -0.6859   2.825424    -0.6852   2.825546    6.64806    -0.0709    13.8155 1.3712e+02  -61.79117  -53.29017 1154977176 219.791406    34.4719 0.0000e+00
    430.000    -0.6860   2.825473    -0.6852   2.825587    6.64897    -0.0527    13.8155 1.3515e+02  -61.79117  -53.29017 1154977177 219.791421    34.4721 0.0000e+00
    431.000    -0.6858   2.825545    -0.6850   2.825659    6.65019    -0.0576    13.8155 1.3596e+02  -61.79117  -53.29017 1154977179 219.791435    34.4722 0.0000e+00
    432.000    -0.6858   2.825596    -0.6849   2.825713    6.65007    -0.0483    13.8155 1.4097e+02  -61.79117  -53.29017 1154977180 219.791450    34.4723 0.0000e+00
    433.000    -0.6856   2.825659    -0.6848   2.825767    6.64780    -0.0692    13.8155 1.4577e+02  -61.79117  -53.29017 1154977181 219.791464    34.4724 0.0000e+00
    434.000    -0.6856   2.825698    -0.6849   2.825814    6.64857    -0.0477    13.8155 1.5108e+02  -61.79117  -53.29017 1154977182 219.791479    34.4722 0.0000e+00
    435.000    -0.6854   2.825760    -0.6847   2.825874    6.64856    -0.0683    13.8155 1.5662e+02  -61.79117  -53.29017 1154977184 219.791493    34.4723 0.0000e+00
    436.000    -0.6854   2.825815    -0.6847   2.825926    6.64937    -0.0609    13.8155 1.6003e+02  -61.79117  -53.29017 1154977185 219.791508    34.4724 0.0000e+00
    437.000    -0.6853   2.825870    -0.6845   2.825987    6.65008    -0.0338    13.8155 1.6222e+02  -61.79117  -53.29017 1154977186 219.791522    34.4723 0.0000e+00
    438.000    -0.6853   2.825914    -0.6845   2.826037    6.64919    -0.0609    13.8155 1.6121e+02  -61.79117  -53.29017 1154977187 219.791537    34.4724 0.0000e+00
    439.000    -0.6855   2.825923    -0.6848   2.826037    6.64740    -0.0791    13.8155 1.5697e+02  -61.79117  -53.29017 1154977189 219.791552    34.4722 0.0000e+00
    440.000    -0.6855   2.825968    -0.6848   2.826090    6.64670    -0.0777    13.8155 1.5370e+02  -61.79117  -53.29017 1154977190 219.791568    34.4722 0.0000e+00
    441.000    -0.6853   2.826038    -0.6846   2.826154    6.64689    -0.0501    13.8155 1.4981e+02  -61.79117  -53.29017 1154977192 219.791588    34.4723 0.0000e+00
    442.000    -0.6853   2.826094    -0.6845   2.826216    6.64850    -0.0697    13.8155 1.4792e+02  -61.79117  -53.29017 1154977194 219.791613    34.4723 0.0000e+00
    443.000    -0.6853   2.826134    -0.6846   2.826252    6.64956    -0.0660    13.8155 1.5343e+02  -61.79117  -53.29017 1154977196 219.791638    34.4723 0.0000e+00
    444.000    -0.6856   2.826153    -0.6848   2.826265    6.65042    -0.0841    13.8155 1.5736e+02  -61.79117  -53.29017 1154977198 219.791662    34.4723 0.0000e+00
    445.000    -0.6856   2.826186    -0.6849   2.826295    6.64876    -0.0690    13.8155 1.5863e+02  -61.79117  -53.29017 1154977200 219.791686    34.4721 0.0000e+00
    446.000    -0.6856   2.826221    -0.6849   2.826339    6.64569    -0.0597    13.8155 1.5722e+02  -61.79117  -53.29017 1154977202 219.791710    34.4721 0.0000e+00
    447.000    -0.6857   2.826270    -0.6850   2.826384    6.64254    -0.0488    13.8155 1.5930e+02  -61.79117  -53.29017 1154977205 219.791735    34.4721 0.0000e+00
    448.000    -0.6857   2.826312    -0.6851   2.826419    6.64159    -0.0480    13.8155 1.6926e+02  -61.79117  -53.29017 1154977207 219.791759    34.4722 0.0000e+00
    449.000    -0.6865   2.826322    -0.6857   2.826431    6.64046    -0.0627    13.8155 1.8562e+02  -61.79117  -53.29017 1154977209 219.791784    34.4726 0.0000e+00
    450.000    -0.6864   2.826371    -0.6855   2.826489    6.64102    -0.0678    13.8155 2.0117e+02  -61.79117  -53.29017 1154977211 219.791809    34.4725 0.0000e+00
    451.000    -0.6864   2.826413    -0.6857   2.826530    6.64192    -0.0693    13.8155 2.1907e+02  -61.79117  -53.29017 1154977213 219.791833    34.4725 0.0000e+00
    452.000    -0.6862   2.826476    -0.6853   2.826598    6.64280    -0.0549    13.8155 2.3261e+02  -61.79117  -53.29017 1154977215 219.791857    34.4725 0.0000e+00
    453.000    -0.6858   2.826547    -0.6851   2.826653    6.63883    -0.0425    13.8155 2.4296e+02  -61.79117  -53.29017 1154977217 219.791881    34.4724 0.0000e+00
    454.000    -0.6863   2.826567    -0.6855   2.826677    6.63944    -0.0609    13.8155 2.4723e+02  -61.79117  -53.29017 1154977220 219.791905    34.4726 0.0000e+00
    455.000    -0.6860   2.826626    -0.6853   2.826729    6.63975    -0.0430    13.8155 2.5159e+02  -61.79117  -53.29017 1154977221 219.791930    34.4725 0.0000e+00
    456.000    -0.6861   2.826675    -0.6853   2.826790    6.64086    -0.0629    13.8155 2.4961e+02  -61.79117  -53.29017 1154977225 219.791967    34.4726 0.0000e+00
    457.000    -0.6854   2.826774    -0.6847   2.826885    6.64162    -0.0517    13.8155 2.3568e+02  -61.79117  -53.29017 1154977230 219.792032    34.4726 0.0000e+00
    458.000    -0.6854   2.826829    -0.6847   2.826935    6.64366    -0.0629    13.8155 2.4390e+02  -61.79117  -53.29017 1154977236 219.792096    34.4727 0.0000e+00
    459.000    -0.6857   2.826839    -0.6850   2.826951    6.64382    -0.0643    13.8155 2.4631e+02  -61.79117  -53.29017 1154977241 219.792162    34.4726 0.0000e+00
    460.000    -0.6857   2.826885    -0.6850   2.826998    6.64378    -0.0657    13.8155 2.1582e+02  -61.79117  -53.29017 1154977247 219.792225    34.4726 0.0000e+00
    461.000    -0.6857   2.826934    -0.6850   2.827047    6.64404    -0.0590    13.8155 2.2986e+02  -61.79117  -53.29017 1154977253 219.792293    34.4726 0.0000e+00
    462.000    -0.6853   2.827021    -0.6847   2.827136    6.64243    -0.0735    13.8155 2.3450e+02  -61.79117  -53.29017 1154977259 219.792360    34.4727 0.0000e+00
    463.000    -0.6850   2.827094    -0.6843   2.827203    6.64314    -0.0615    13.8155 1.8888e+02  -61.79117  -53.29017 1154977264 219.792424    34.4728 0.0000e+00
    464.000    -0.6850   2.827141    -0.6843   2.827253    6.64324    -0.0760    13.8155 1.8016e+02  -61.79117  -53.29017 1154977270 219.792491    34.4728 0.0000e+00
    465.000    -0.6849   2.827193    -0.6844   2.827300    6.64088    -0.0532    13.8155 1.9303e+02  -61.79117  -53.29017 1154977276 219.792558    34.4729 0.0000e+00
    466.000    -0.6849   2.827232    -0.6843   2.827343    6.64150    -0.0767    13.8155 1.8016e+02  -61.79117  -53.29017 1154977281 219.792624    34.4728 0.0000e+00
    467.000    -0.6850   2.827285    -0.6843   2.827398    6.64257    -0.0712    13.8155 1.6960e+02  -61.79117  -53.29017 1154977287 219.792692    34.4730 0.0000e+00
    468.000    -0.6850   2.827329    -0.6843   2.827440    6.64472    -0.0716    13.8155 1.3952e+02  -61.79117  -53.29017 1154977293 219.792760    34.4729 0.0000e+00
    469.000    -0.6851   2.827366    -0.6844   2.827480    6.63797    -0.0551    13.8155 1.0942e+02  -61.79117  -53.29017 1154977302 219.792864    34.4730 0.0000e+00
