product_data/regression_test/downloaded_data/MDGS/320620060703/ctd/p6620501.cnv
* Sea-Bird SBE 9 Data File:
* FileName = D:\Data\Raw\p6620501.dat
* Software Version Seasave Win32 V 5.32
* Temperature SN = 1649
* Conductivity SN = 1431
* Number of Bytes Per Scan = 37
* Number of Voltage Words = 5
* Number of Scans Averaged by the Deck Unit = 1
* NMEA Latitude = 64 40.50 S
* NMEA Longitude = 062 44.93 W
* NMEA UTC (Time) = 01:32:47
** Ship:   Nathaniel B. Palmer 
** Cruise:    NBP0606 
# nquan = 15
# nvalues = 211                         
# units = specified
# name 0 = prDM: Pressure, Digiquartz [db]
# name 1 = t090C: Temperature [ITS-90, deg C]
# name 2 = c0S/m: Conductivity [S/m]
# name 3 = t190C: Temperature, 2 [ITS-90, deg C]
# name 4 = c1S/m: Conductivity, 2 [S/m]
# name 5 = sbeox0ML/L: Oxygen, SBE 43 [ml/l]
# name 6 = flECO-AFL: Fluorescence, Wetlab ECO-AFL/FL [mg/m^3]
# name 7 = bat: Beam Attenuation, Chelsea/Seatech/Wetlab CStar [1/m]
# name 8 = spar: SPAR/Surface Irradiance
# name 9 = latitude: Latitude [deg]
# name 10 = longitude: Longitude [deg]
# name 11 = timeY: Time, System [seconds]
# name 12 = timeJ: Julian Days
# name 13 = sal00: Salinity [PSU]
# name 14 = flag: flag
# span 0 =      2.000,    212.000       
# span 1 =    -0.6608,     0.0960       
# span 2 =   2.787732,   2.876450       
# span 3 =    -0.6616,     0.0971       
# span 4 =   2.788440,   2.876800       
# span 5 =    5.94232,    6.77689       
# span 6 =    -0.0164,     0.0747       
# span 7 =    13.8155,    13.8155       
# span 8 = 0.0000e+00, 0.0000e+00       
# span 9 =  -64.67500,  -64.67500       
# span 10 =  -62.74883,  -62.74883      
# span 11 = 1154136775, 1154137173      
# span 12 = 210.064536, 210.069159      
# span 13 =    34.1948,    34.4031      
# span 14 = 0.0000e+00, 0.0000e+00      
# interval = decibars: 1                
# start_time = Jul 29 2006 01:32:55
# bad_flag = -9.990e-29
*END*
[from data line 193]
    195.000     0.0814   2.873650     0.0826   2.874000    5.95978    -0.0043    13.8155 0.0000e+00  -64.67500  -62.74883 1154137129 210.068652    34.3909 0.0000e+00
    196.000     0.0818   2.873796     0.0831   2.874148    5.95948     0.0102    13.8155 0.0000e+00  -64.67500  -62.74883 1154137131 210.068676    34.3918 0.0000e+00
    197.000     0.0819   2.873852     0.0831   2.874196    5.96147     0.0058    13.8155 0.0000e+00  -64.67500  -62.74883 1154137134 210.068702    34.3918 0.0000e+00
    198.000     0.0815   2.873837     0.0832   2.874251    5.96226     0.0089    13.8155 0.0000e+00  -64.67500  -62.74883 1154137136 210.068726    34.3915 0.0000e+00
    199.000     0.0816   2.873900     0.0832   2.874292    5.96317     0.0019    13.8155 0.0000e+00  -64.67500  -62.74883 1154137138 210.068751    34.3915 0.0000e+00
    200.000     0.0825   2.874083     0.0838   2.874427    5.96389     0.0049    13.8155 0.0000e+00  -64.67500  -62.74883 1154137140 210.068775    34.3924 0.0000e+00
    201.000     0.0843   2.874375     0.0855   2.874712    5.96386     0.0123    13.8155 0.0000e+00  -64.67500  -62.74883 1154137142 210.068800    34.3937 0.0000e+00
    202.000     0.0835   2.874318     0.0853   2.874753    5.96091     0.0171    13.8155 0.0000e+00  -64.67500  -62.74883 1154137144 210.068824    34.3932 0.0000e+00
    203.000     0.0842   2.874457     0.0851   2.874768    5.95677    -0.0055    13.8155 0.0000e+00  -64.67500  -62.74883 1154137146 210.068849    34.3937 0.0000e+00
    204.000     0.0838   2.874455     0.0857   2.874884    5.95449     0.0052    13.8155 0.0000e+00  -64.67500  -62.74883 1154137148 210.068873    34.3935 0.0000e+00
    205.000     0.0874   2.875013     0.0887   2.875370    5.95402    -0.0157    13.8155 0.0000e+00  -64.67500  -62.74883 1154137150 210.068896    34.3962 0.0000e+00
    206.000     0.0869   2.875006     0.0882   2.875345    5.95182     0.0065    13.8155 0.0000e+00  -64.67500  -62.74883 1154137153 210.068921    34.3960 0.0000e+00
    207.000     0.0934   2.876007     0.0946   2.876305    5.94571     0.0237    13.8155 0.0000e+00  -64.67500  -62.74883 1154137155 210.068946    34.4013 0.0000e+00
    208.000     0.0960   2.876417     0.0968   2.876708    5.94458     0.0104    13.8155 0.0000e+00  -64.67500  -62.74883 1154137157 210.068970    34.4031 0.0000e+00
    209.000     0.0958   2.876431     0.0971   2.876800    5.94419    -0.0013    13.8155 0.0000e+00  -64.67500  -62.74883 1154137159 210.068994    34.4030 0.0000e+00
    210.000     0.0954   2.876407     0.0969   2.876783    5.94465    -0.0066    13.8155 0.0000e+00  -64.67500  -62.74883 1154137161 210.069020    34.4026 0.0000e+00
    211.000     0.0951   2.876400     0.0963   2.876740    5.94232    -0.0006    13.8155 0.0000e+00  -64.67500  -62.74883 1154137165 210.069061    34.4023 0.0000e+00
    212.000     0.0951   2.876450     0.0961   2.876766    5.94257    -0.0037    13.8155 0.0000e+00  -64.67500  -62.74883 1154137173 210.069159    34.4024 0.0000e+00
