product_data/regression_test/downloaded_data/MDGS/320620060703/ctd/p6623401.ros
* Sea-Bird SBE 9 Data File:
* FileName = D:\Data\Raw\p6623401.dat
* Software Version Seasave Win32 V 5.32
* Temperature SN = 1649
* Conductivity SN = 1431
* Number of Bytes Per Scan = 37
* Number of Voltage Words = 5
* Number of Scans Averaged by the Deck Unit = 1
* NMEA Latitude = 61 50.28 S
* NMEA Longitude = 053 16.58 W
* NMEA UTC (Time) = 13:14:47
** Ship:   Nathaniel B. Palmer 
** Cruise:    NBP0606 
# nquan = 17
# nvalues = 1176                    
# units = specified
# name 0 = prDM: Pressure, Digiquartz [db]
# name 1 = t090C: Temperature [ITS-90, deg C]
# name 2 = c0S/m: Conductivity [S/m]
# name 3 = t190C: Temperature, 2 [ITS-90, deg C]
# name 4 = c1S/m: Conductivity, 2 [S/m]
# name 5 = sbeox0ML/L: Oxygen, SBE 43 [ml/l]
# name 6 = flECO-AFL: Fluorescence, Wetlab ECO-AFL/FL [mg/m^3]
# name 7 = bat: Beam Attenuation, Chelsea/Seatech/Wetlab CStar [1/m]
# name 8 = spar: SPAR/Surface Irradiance
# name 9 = latitude: Latitude [deg]
# name 10 = longitude: Longitude [deg]
# name 11 = timeY: Time, System [seconds]
# name 12 = timeJ: Julian Days
# name 13 = sal00: Salinity [PSU]
# name 14 = scan: scan number
# name 15 = nbf: number of bottles fired
# name 16 = flag:  0.000e+00
# interval = seconds: 0.0416667                   
# start_time = Aug 07 2006 13:16:19
*END*
[from data line 937]
     75.260    -1.6033   2.716989    -1.6031   2.717097    7.51667    -0.0343    13.8155 8.7861e+02  -61.83800  -53.27633 1154958161 219.571332    34.2580      38020         20  0.000e+00
     75.279    -1.6030   2.716957    -1.6031   2.717126    7.51667    -0.0674    13.8155 8.7861e+02  -61.83800  -53.27633 1154958161 219.571333    34.2572      38021         20  0.000e+00
     75.260    -1.6027   2.716963    -1.6032   2.717143    7.51180     0.0097    13.8155 8.7861e+02  -61.83800  -53.27633 1154958161 219.571333    34.2570      38022         20  0.000e+00
     75.279    -1.6033   2.716979    -1.6028   2.717120    7.51190     0.0979    13.8155 8.7861e+02  -61.83800  -53.27633 1154958161 219.571334    34.2579      38023         20  0.000e+00
     75.117    -1.6028   2.716973    -1.6028   2.717114    7.51647     0.0868    13.8155 8.7861e+02  -61.83800  -53.27633 1154958161 219.571334    34.2574      38024         20  0.000e+00
     75.355    -1.6030   2.716970    -1.6032   2.717132    7.51674    -0.0343    13.8155 8.7861e+02  -61.83800  -53.27633 1154958161 219.571335    34.2574      38025         20  0.000e+00
     75.260    -1.6027   2.716983    -1.6028   2.717120    7.51658    -0.1225    13.8155 8.7861e+02  -61.83800  -53.27633 1154958161 219.571335    34.2572      38026         20  0.000e+00
     75.279    -1.6028   2.717005    -1.6029   2.717149    7.51661    -0.0454    13.8155 8.7861e+02  -61.83800  -53.27633 1154958162 219.571336    34.2578      38027         20  0.000e+00
     75.260    -1.6027   2.716979    -1.6028   2.717126    7.51659    -0.0343    13.8155 8.7861e+02  -61.83800  -53.27633 1154958162 219.571336    34.2572      38028         20  0.000e+00
     75.279    -1.6025   2.716979    -1.6028   2.717149    7.51658     0.0758    13.8155 8.7861e+02  -61.83800  -53.27633 1154958162 219.571337    34.2570      38029         20  0.000e+00
     75.327    -1.6031   2.716986    -1.6028   2.717166    7.51673     0.0648    13.8155 8.7861e+02  -61.83800  -53.27633 1154958162 219.571337    34.2578      38030         20  0.000e+00
     75.146    -1.6030   2.717005    -1.6025   2.717126    7.51169    -0.0013    13.8155 8.7861e+02  -61.83800  -53.27633 1154958162 219.571338    34.2580      38031         20  0.000e+00
     75.403    -1.6030   2.716992    -1.6031   2.717172    7.51678    -0.0233    13.8155 8.7861e+02  -61.83800  -53.27633 1154958162 219.571338    34.2577      38032         20  0.000e+00
     75.279    -1.6028   2.716989    -1.6022   2.717172    7.51662    -0.0564    13.8155 8.7861e+02  -61.83800  -53.27633 1154958162 219.571339    34.2575      38033         20  0.000e+00
     75.212    -1.6028   2.716973    -1.6025   2.717149    7.51657    -0.0343    13.8155 8.7861e+02  -61.83800  -53.27633 1154958162 219.571339    34.2573      38034         20  0.000e+00
     75.327    -1.6027   2.717012    -1.6028   2.717143    7.51664     0.0097    13.8155 8.7861e+02  -61.83800  -53.27633 1154958162 219.571340    34.2576      38035         20  0.000e+00
     75.212    -1.6029   2.717015    -1.6028   2.717143    7.51655     0.0428    13.8155 8.7861e+02  -61.83800  -53.27633 1154958162 219.571340    34.2581      38036         20  0.000e+00
     75.327    -1.6022   2.717028    -1.6023   2.717143    7.51655    -0.0564    13.8155 8.7861e+02  -61.83800  -53.27633 1154958162 219.571341    34.2573      38037         20  0.000e+00
     75.279    -1.6027   2.716999    -1.6023   2.717160    7.51660    -0.0674    13.8155 8.7861e+02  -61.83800  -53.27633 1154958162 219.571341    34.2575      38038         20  0.000e+00
     75.260    -1.6027   2.717005    -1.6026   2.717149    7.51657     0.0097    13.8155 8.7861e+02  -61.83800  -53.27633 1154958162 219.571342    34.2576      38039         20  0.000e+00
     75.279    -1.6028   2.716992    -1.6028   2.717120    7.51662     0.0318    13.8155 8.7861e+02  -61.83800  -53.27633 1154958162 219.571342    34.2576      38040         20  0.000e+00
     75.260    -1.6025   2.717019    -1.6023   2.717132    7.51654     0.0097    13.8155 8.7861e+02  -61.83800  -53.27633 1154958162 219.571343    34.2576      38041         20  0.000e+00
     75.279    -1.6025   2.717015    -1.6027   2.717160    7.51656     0.0207    13.8155 8.7861e+02  -61.83800  -53.27633 1154958162 219.571343    34.2575      38042         20  0.000e+00
     75.260    -1.6024   2.716992    -1.6023   2.717166    7.51653     0.0097    13.8155 8.7861e+02  -61.83800  -53.27633 1154958162 219.571344    34.2570      38043         20  0.000e+00
     75.279    -1.6030   2.716989    -1.6023   2.717149    7.51665    -0.0564    13.8155 8.7861e+02  -61.83800  -53.27633 1154958162 219.571344    34.2577      38044         20  0.000e+00
     75.260    -1.6027   2.717022    -1.6020   2.717160    7.51656    -0.0784    13.8155 8.7861e+02  -61.83800  -53.27633 1154958162 219.571345    34.2578      38045         20  0.000e+00
     75.279    -1.6031   2.717015    -1.6025   2.717149    7.51185    -0.1114    13.8155 8.7861e+02  -61.83800  -53.27633 1154958162 219.571345    34.2583      38046         20  0.000e+00
     75.260    -1.6027   2.717038    -1.6025   2.717143    7.51655    -0.1114    13.8155 8.7861e+02  -61.83800  -53.27633 1154958162 219.571345    34.2580      38047         20  0.000e+00
     75.279    -1.6023   2.717019    -1.6025   2.717143    7.51653    -0.1445    13.8155 8.7861e+02  -61.83800  -53.27633 1154958162 219.571346    34.2574      38048         20  0.000e+00
     75.260    -1.6022   2.716992    -1.6025   2.717160    7.51651    -0.0784    13.8155 8.7861e+02  -61.83800  -53.27633 1154958162 219.571346    34.2569      38049         20  0.000e+00
     75.279    -1.6027   2.717022    -1.6026   2.717189    7.51658    -0.0013    13.8155 8.7861e+02  -61.83800  -53.27633 1154958163 219.571347    34.2578      38050         20  0.000e+00
     75.279    -1.6025   2.717015    -1.6025   2.717172    7.51656    -0.0784    13.8155 8.7861e+02  -61.83800  -53.27633 1154958163 219.571347    34.2575      38051         20  0.000e+00
     75.327    -1.6025   2.717028    -1.6026   2.717149    7.51660    -0.0564    13.8155 8.7861e+02  -61.83800  -53.27633 1154958163 219.571348    34.2577      38052         20  0.000e+00
     75.279    -1.6025   2.717045    -1.6025   2.717160    7.51654    -0.0343    13.8155 8.7861e+02  -61.83800  -53.27633 1154958163 219.571348    34.2580      38053         20  0.000e+00
     75.260    -1.6027   2.717019    -1.6020   2.717149    7.51656    -0.0454    13.8155 8.7861e+02  -61.83800  -53.27633 1154958163 219.571349    34.2577      38054         20  0.000e+00
     75.279    -1.6025   2.717012    -1.6022   2.717160    7.51656     0.0207    13.8155 8.7861e+02  -61.83800  -53.27633 1154958163 219.571349    34.2575      38055         20  0.000e+00
     75.327    -1.6027   2.716992    -1.6026   2.717166    7.51665     0.0207    13.8155 8.7667e+02  -61.83800  -53.27633 1154958163 219.571350    34.2574      38056         20  0.000e+00
     75.213    -1.6025   2.717038    -1.6026   2.717149    7.51647    -0.0343    13.8155 8.7667e+02  -61.83800  -53.27633 1154958163 219.571350    34.2579      38057         20  0.000e+00
     75.327    -1.6024   2.717022    -1.6026   2.717160    7.51658    -0.0123    13.8155 8.7667e+02  -61.83800  -53.27633 1154958163 219.571351    34.2574      38058         20  0.000e+00
     75.279    -1.6022   2.716989    -1.6026   2.717166    7.51653    -0.0674    13.8155 8.7667e+02  -61.83800  -53.27633 1154958163 219.571351    34.2568      38059         20  0.000e+00
     75.260    -1.6025   2.717002    -1.6025   2.717189    7.51655    -0.0784    13.8155 8.7667e+02  -61.83800  -53.27633 1154958163 219.571352    34.2573      38060         20  0.000e+00
     75.279    -1.6022   2.717045    -1.6025   2.717172    7.51649    -0.1114    13.8155 8.7861e+02  -61.83800  -53.27633 1154958163 219.571352    34.2576      38061         20  0.000e+00
     75.327    -1.6025   2.717038    -1.6025   2.717166    7.51660    -0.0343    13.8155 8.7861e+02  -61.83800  -53.27633 1154958163 219.571353    34.2578      38062         20  0.000e+00
     50.538    -1.6102   2.715001    -1.6094   2.715285    7.53640    -0.0233    13.8155 8.8056e+02  -61.83800  -53.27633 1154958223 219.572042    34.2542      39492         21  0.000e+00
     50.681    -1.6107   2.714943    -1.6094   2.715285    7.53667     0.0207    13.8155 8.8056e+02  -61.83800  -53.27633 1154958223 219.572043    34.2538      39493         21  0.000e+00
     50.605    -1.6115   2.714910    -1.6095   2.715245    7.53673    -0.0233    13.8155 8.8056e+02  -61.83800  -53.27633 1154958223 219.572043    34.2543      39494         21  0.000e+00
     50.605    -1.6127   2.714887    -1.6106   2.715233    7.53694    -0.0674    13.8155 8.8056e+02  -61.83800  -53.27633 1154958223 219.572044    34.2554      39495         21  0.000e+00
     50.605    -1.6127   2.714884    -1.6107   2.715233    7.53694    -0.0343    13.8155 8.8056e+02  -61.83800  -53.27633 1154958223 219.572044    34.2554      39496         21  0.000e+00
     50.538    -1.6127   2.714884    -1.6103   2.715233    7.53687    -0.0233    13.8155 8.8056e+02  -61.83800  -53.27633 1154958223 219.572045    34.2554      39497         21  0.000e+00
     50.605    -1.6128   2.714848    -1.6104   2.715199    7.53699    -0.0894    13.8155 8.8056e+02  -61.83800  -53.27633 1154958223 219.572045    34.2551      39498         21  0.000e+00
     50.538    -1.6128   2.714871    -1.6110   2.715158    7.53690    -0.1225    13.8155 8.8056e+02  -61.83800  -53.27633 1154958223 219.572046    34.2554      39499         21  0.000e+00
     50.605    -1.6139   2.714848    -1.6113   2.715187    7.53236    -0.0233    13.8155 8.8056e+02  -61.83800  -53.27633 1154958223 219.572046    34.2563      39500         21  0.000e+00
     50.605    -1.6144   2.714822    -1.6113   2.715164    7.53724    -0.0454    13.8155 8.8056e+02  -61.83800  -53.27633 1154958223 219.572047    34.2565      39501         21  0.000e+00
     50.538    -1.6138   2.714819    -1.6112   2.715153    7.53708    -0.0343    13.8155 8.8056e+02  -61.83800  -53.27633 1154958223 219.572047    34.2558      39502         21  0.000e+00
     50.605    -1.6138   2.714832    -1.6094   2.715250    7.53714    -0.0343    13.8155 8.8056e+02  -61.83800  -53.27633 1154958223 219.572048    34.2559      39503         21  0.000e+00
     50.538    -1.6136   2.714838    -1.6081   2.715388    7.53704    -0.0454    13.8155 8.8056e+02  -61.83800  -53.27633 1154958223 219.572048    34.2558      39504         21  0.000e+00
     50.605    -1.6130   2.714838    -1.6072   2.715498    7.53702     0.0097    13.8155 8.8056e+02  -61.83800  -53.27633 1154958223 219.572049    34.2551      39505         21  0.000e+00
     50.605    -1.6128   2.714903    -1.6072   2.715555    7.53695    -0.0233    13.8155 8.8056e+02  -61.83800  -53.27633 1154958223 219.572049    34.2558      39506         21  0.000e+00
     50.605    -1.6122   2.714943    -1.6064   2.715572    7.53204    -0.0454    13.8155 8.8056e+02  -61.83800  -53.27633 1154958223 219.572050    34.2557      39507         21  0.000e+00
     50.605    -1.6119   2.714930    -1.6060   2.715572    7.53679    -0.0674    13.8155 8.8056e+02  -61.83800  -53.27633 1154958223 219.572050    34.2552      39508         21  0.000e+00
     50.605    -1.6115   2.715073    -1.6060   2.715624    7.53661    -0.0784    13.8155 8.8251e+02  -61.83800  -53.27633 1154958223 219.572051    34.2566      39509         21  0.000e+00
     50.538    -1.6093   2.715321    -1.6057   2.715613    7.53603    -0.0013    13.8155 8.8446e+02  -61.83800  -53.27633 1154958223 219.572051    34.2576      39510         21  0.000e+00
     50.605    -1.6077   2.715386    -1.6054   2.715659    7.53103    -0.0123    13.8155 8.8446e+02  -61.83800  -53.27633 1154958223 219.572052    34.2567      39511         21  0.000e+00
     50.605    -1.6064   2.715435    -1.6063   2.715653    7.53557    -0.0123    13.8155 8.8446e+02  -61.83800  -53.27633 1154958223 219.572052    34.2558      39512         21  0.000e+00
     50.605    -1.6062   2.715452    -1.6065   2.715590    7.53553    -0.0123    13.8155 8.8446e+02  -61.83800  -53.27633 1154958223 219.572052    34.2558      39513         21  0.000e+00
     50.605    -1.6071   2.715419    -1.6072   2.715492    7.53570    -0.0674    13.8155 8.8446e+02  -61.83800  -53.27633 1154958223 219.572053    34.2564      39514         21  0.000e+00
     50.605    -1.6070   2.715409    -1.6081   2.715429    7.53569    -0.0454    13.8155 8.8446e+02  -61.83800  -53.27633 1154958224 219.572053    34.2561      39515         21  0.000e+00
     50.605    -1.6073   2.715373    -1.6088   2.715314    7.53576    -0.0233    13.8155 8.8251e+02  -61.83800  -53.27633 1154958224 219.572054    34.2560      39516         21  0.000e+00
     50.605    -1.6073   2.715315    -1.6094   2.715291    7.53580    -0.0233    13.8155 8.8251e+02  -61.83800  -53.27633 1154958224 219.572054    34.2552      39517         21  0.000e+00
     50.605    -1.6076   2.715279    -1.6098   2.715285    7.53587    -0.0784    13.8155 8.8251e+02  -61.83800  -53.27633 1154958224 219.572055    34.2550      39518         21  0.000e+00
     50.538    -1.6077   2.715259    -1.6106   2.715262    7.53105    -0.0343    13.8155 8.8446e+02  -61.83800  -53.27633 1154958224 219.572055    34.2550      39519         21  0.000e+00
     50.605    -1.6085   2.715269    -1.6103   2.715199    7.53123     0.0097    13.8155 8.8446e+02  -61.83800  -53.27633 1154958224 219.572056    34.2559      39520         21  0.000e+00
     50.605    -1.6084   2.715256    -1.6092   2.715233    7.53122     0.0538    13.8155 8.8446e+02  -61.83800  -53.27633 1154958224 219.572056    34.2556      39521         21  0.000e+00
     50.605    -1.6087   2.715204    -1.6091   2.715314    7.53130     0.0207    13.8155 8.8446e+02  -61.83800  -53.27633 1154958224 219.572057    34.2552      39522         21  0.000e+00
     50.538    -1.6094   2.715204    -1.6084   2.715365    7.53614     0.0758    13.8155 8.8446e+02  -61.83800  -53.27633 1154958224 219.572057    34.2562      39523         21  0.000e+00
     50.605    -1.6090   2.715210    -1.6074   2.715446    7.53613     0.0207    13.8155 8.8446e+02  -61.83800  -53.27633 1154958224 219.572058    34.2557      39524         21  0.000e+00
     50.605    -1.6096   2.715194    -1.6085   2.715446    7.53624     0.0097    13.8155 8.8446e+02  -61.83800  -53.27633 1154958224 219.572058    34.2561      39525         21  0.000e+00
     50.605    -1.6093   2.715220    -1.6083   2.715383    7.53139     0.0648    13.8155 8.8446e+02  -61.83800  -53.27633 1154958224 219.572059    34.2562      39526         21  0.000e+00
     50.471    -1.6087   2.715249    -1.6091   2.715342    7.53113     0.0097    13.8155 8.8446e+02  -61.83800  -53.27633 1154958224 219.572059    34.2560      39527         21  0.000e+00
     50.748    -1.6085   2.715285    -1.6097   2.715273    7.53137     0.0207    13.8155 8.8446e+02  -61.83800  -53.27633 1154958224 219.572060    34.2561      39528         21  0.000e+00
     50.605    -1.6077   2.715331    -1.6104   2.715204    7.53107     0.0097    13.8155 8.8446e+02  -61.83800  -53.27633 1154958224 219.572060    34.2559      39529         21  0.000e+00
     50.538    -1.6068   2.715357    -1.6103   2.715239    7.53084    -0.0784    13.8155 8.8446e+02  -61.83800  -53.27633 1154958224 219.572061    34.2553      39530         21  0.000e+00
     50.681    -1.6074   2.715262    -1.6106   2.715256    7.53115    -0.0564    13.8155 8.8446e+02  -61.83800  -53.27633 1154958224 219.572061    34.2546      39531         21  0.000e+00
     50.605    -1.6085   2.715151    -1.6115   2.715216    7.53611    -0.0454    13.8155 8.8446e+02  -61.83800  -53.27633 1154958224 219.572062    34.2543      39532         21  0.000e+00
