product_data/regression_test/downloaded_data/MDGS/320620060703/ctd/p6623401.ros
* Sea-Bird SBE 9 Data File:
* FileName = D:\Data\Raw\p6623401.dat
* Software Version Seasave Win32 V 5.32
* Temperature SN = 1649
* Conductivity SN = 1431
* Number of Bytes Per Scan = 37
* Number of Voltage Words = 5
* Number of Scans Averaged by the Deck Unit = 1
* NMEA Latitude = 61 50.28 S
* NMEA Longitude = 053 16.58 W
* NMEA UTC (Time) = 13:14:47
** Ship:   Nathaniel B. Palmer 
** Cruise:    NBP0606 
# nquan = 17
# nvalues = 1176                    
# units = specified
# name 0 = prDM: Pressure, Digiquartz [db]
# name 1 = t090C: Temperature [ITS-90, deg C]
# name 2 = c0S/m: Conductivity [S/m]
# name 3 = t190C: Temperature, 2 [ITS-90, deg C]
# name 4 = c1S/m: Conductivity, 2 [S/m]
# name 5 = sbeox0ML/L: Oxygen, SBE 43 [ml/l]
# name 6 = flECO-AFL: Fluorescence, Wetlab ECO-AFL/FL [mg/m^3]
# name 7 = bat: Beam Attenuation, Chelsea/Seatech/Wetlab CStar [1/m]
# name 8 = spar: SPAR/Surface Irradiance
# name 9 = latitude: Latitude [deg]
# name 10 = longitude: Longitude [deg]
# name 11 = timeY: Time, System [seconds]
# name 12 = timeJ: Julian Days
# name 13 = sal00: Salinity [PSU]
# name 14 = scan: scan number
# name 15 = nbf: number of bottles fired
# name 16 = flag:  0.000e+00
# interval = seconds: 0.0416667                   
# start_time = Aug 07 2006 13:16:19
*END*
[from data line 341]
    350.586    -1.0341   2.795393    -1.0272   2.796285    6.56480    -0.0894    13.8155 8.4550e+02  -61.83800  -53.27633 1154957665 219.565584    34.5100      26100          7  0.000e+00
    350.586    -1.0348   2.795515    -1.0260   2.796337    6.55992    -0.0564    13.8155 8.4550e+02  -61.83800  -53.27633 1154957665 219.565584    34.5125      26101          7  0.000e+00
    350.576    -1.0109   2.797525    -1.0321   2.796011    6.57015    -0.1886    13.8155 8.4550e+02  -61.83800  -53.27633 1154957670 219.565647    34.5125      26230          8  0.000e+00
    350.720    -1.0101   2.797727    -1.0313   2.795959    6.57005    -0.1335    13.8155 8.4550e+02  -61.83800  -53.27633 1154957670 219.565647    34.5143      26231          8  0.000e+00
    350.720    -1.0089   2.797925    -1.0283   2.796110    6.56976    -0.0343    13.8155 8.4550e+02  -61.83800  -53.27633 1154957670 219.565648    34.5156      26232          8  0.000e+00
    350.509    -1.0078   2.797919    -1.0227   2.796465    6.56942    -0.0564    13.8155 8.4550e+02  -61.83800  -53.27633 1154957670 219.565648    34.5143      26233          8  0.000e+00
    350.653    -1.0084   2.797872    -1.0208   2.796785    6.56967    -0.1335    13.8155 8.4550e+02  -61.83800  -53.27633 1154957670 219.565649    34.5143      26234          8  0.000e+00
    350.653    -1.0093   2.797773    -1.0218   2.796755    6.56986    -0.0564    13.8155 8.4550e+02  -61.83800  -53.27633 1154957670 219.565649    34.5140      26235          8  0.000e+00
    350.643    -1.0112   2.797608    -1.0220   2.796604    6.57020    -0.0013    13.8155 8.4550e+02  -61.83800  -53.27633 1154957670 219.565650    34.5140      26236          8  0.000e+00
    350.653    -1.0114   2.797429    -1.0213   2.796628    6.57034    -0.0233    13.8155 8.4550e+02  -61.83800  -53.27633 1154957670 219.565650    34.5117      26237          8  0.000e+00
    350.653    -1.0143   2.797198    -1.0203   2.796726    6.57088    -0.0784    13.8155 8.4550e+02  -61.83800  -53.27633 1154957670 219.565651    34.5119      26238          8  0.000e+00
    350.653    -1.0170   2.797036    -1.0213   2.796872    6.56644    -0.1225    13.8155 8.4550e+02  -61.83800  -53.27633 1154957670 219.565651    34.5128      26239          8  0.000e+00
    350.653    -1.0172   2.796953    -1.0200   2.796953    6.57143    -0.1004    13.8155 8.4550e+02  -61.83800  -53.27633 1154957670 219.565652    34.5119      26240          8  0.000e+00
    350.653    -1.0166   2.796976    -1.0203   2.796924    6.57133    -0.1225    13.8155 8.4550e+02  -61.83800  -53.27633 1154957670 219.565652    34.5115      26241          8  0.000e+00
    350.643    -1.0185   2.796831    -1.0197   2.796930    6.57166    -0.0233    13.8155 8.4550e+02  -61.83800  -53.27633 1154957670 219.565652    34.5117      26242          8  0.000e+00
    350.653    -1.0200   2.796761    -1.0192   2.796959    6.57192    -0.0233    13.8155 8.4550e+02  -61.83800  -53.27633 1154957670 219.565653    34.5125      26243          8  0.000e+00
    350.653    -1.0189   2.797029    -1.0191   2.797046    6.56671    -0.0674    13.8155 8.4355e+02  -61.83800  -53.27633 1154957671 219.565653    34.5149      26244          8  0.000e+00
    350.653    -1.0165   2.797218    -1.0183   2.797075    6.56626    -0.1225    13.8155 8.4550e+02  -61.83800  -53.27633 1154957671 219.565654    34.5146      26245          8  0.000e+00
    350.653    -1.0165   2.797201    -1.0177   2.797151    6.57117    -0.1225    13.8155 8.4550e+02  -61.83800  -53.27633 1154957671 219.565654    34.5144      26246          8  0.000e+00
    350.653    -1.0177   2.797099    -1.0165   2.797215    6.57140    -0.1225    13.8155 8.4550e+02  -61.83800  -53.27633 1154957671 219.565655    34.5144      26247          8  0.000e+00
    350.653    -1.0189   2.796960    -1.0160   2.797308    6.57165    -0.1225    13.8155 8.4550e+02  -61.83800  -53.27633 1154957671 219.565655    34.5139      26248          8  0.000e+00
    350.643    -1.0205   2.796933    -1.0151   2.797378    6.57187    -0.0674    13.8155 8.4550e+02  -61.83800  -53.27633 1154957671 219.565656    34.5154      26249          8  0.000e+00
    350.653    -1.0197   2.796867    -1.0140   2.797471    6.57182    -0.0674    13.8155 8.4550e+02  -61.83800  -53.27633 1154957671 219.565656    34.5136      26250          8  0.000e+00
    350.653    -1.0185   2.796828    -1.0170   2.797459    6.57167    -0.0454    13.8155 8.4550e+02  -61.83800  -53.27633 1154957671 219.565657    34.5116      26251          8  0.000e+00
    350.653    -1.0180   2.796960    -1.0205   2.797145    6.57153    -0.0784    13.8155 8.4550e+02  -61.83800  -53.27633 1154957671 219.565657    34.5129      26252          8  0.000e+00
    350.653    -1.0165   2.797122    -1.0197   2.796825    6.57122    -0.1004    13.8155 8.4550e+02  -61.83800  -53.27633 1154957671 219.565658    34.5133      26253          8  0.000e+00
    350.653    -1.0158   2.797294    -1.0202   2.796715    6.56613    -0.0343    13.8155 8.4550e+02  -61.83800  -53.27633 1154957671 219.565658    34.5150      26254          8  0.000e+00
    350.643    -1.0155   2.797459    -1.0203   2.796703    6.56597    -0.1004    13.8155 8.4550e+02  -61.83800  -53.27633 1154957671 219.565659    34.5168      26255          8  0.000e+00
    350.653    -1.0132   2.797618    -1.0208   2.796721    6.56557    -0.1335    13.8155 8.4550e+02  -61.83800  -53.27633 1154957671 219.565659    34.5164      26256          8  0.000e+00
    350.653    -1.0104   2.797773    -1.0211   2.796785    6.56510    -0.1114    13.8155 8.4550e+02  -61.83800  -53.27633 1154957671 219.565660    34.5153      26257          8  0.000e+00
    350.653    -1.0097   2.797846    -1.0203   2.796866    6.56495    -0.1775    13.8155 8.4550e+02  -61.83800  -53.27633 1154957671 219.565660    34.5154      26258          8  0.000e+00
    350.653    -1.0091   2.797889    -1.0203   2.796965    6.56484    -0.1445    13.8155 8.4550e+02  -61.83800  -53.27633 1154957671 219.565661    34.5153      26259          8  0.000e+00
    350.653    -1.0083   2.797919    -1.0200   2.797011    6.56472    -0.0894    13.8155 8.4550e+02  -61.83800  -53.27633 1154957671 219.565661    34.5148      26260          8  0.000e+00
    350.643    -1.0076   2.797942    -1.0191   2.797023    6.56461    -0.0564    13.8155 8.4550e+02  -61.83800  -53.27633 1154957671 219.565662    34.5144      26261          8  0.000e+00
    350.653    -1.0078   2.797932    -1.0181   2.797098    6.56465    -0.0343    13.8155 8.4355e+02  -61.83800  -53.27633 1154957671 219.565662    34.5145      26262          8  0.000e+00
    350.653    -1.0081   2.797876    -1.0179   2.797226    6.56472    -0.0233    13.8155 8.4355e+02  -61.83800  -53.27633 1154957671 219.565663    34.5140      26263          8  0.000e+00
    350.653    -1.0086   2.797839    -1.0166   2.797319    6.56481    -0.0233    13.8155 8.4355e+02  -61.83800  -53.27633 1154957671 219.565663    34.5141      26264          8  0.000e+00
    350.653    -1.0091   2.797783    -1.0163   2.797319    6.56491    -0.1004    13.8155 8.4355e+02  -61.83800  -53.27633 1154957671 219.565664    34.5139      26265          8  0.000e+00
    350.653    -1.0103   2.797717    -1.0168   2.797290    6.56511    -0.1004    13.8155 8.4355e+02  -61.83800  -53.27633 1154957671 219.565664    34.5143      26266          8  0.000e+00
    350.720    -1.0118   2.797598    -1.0174   2.797244    6.56546    -0.0894    13.8155 8.4355e+02  -61.83800  -53.27633 1154957671 219.565665    34.5145      26267          8  0.000e+00
    350.653    -1.0124   2.797535    -1.0174   2.797192    6.56552    -0.1004    13.8155 8.4160e+02  -61.83800  -53.27633 1154957671 219.565665    34.5143      26268          8  0.000e+00
    350.653    -1.0134   2.797469    -1.0175   2.797180    6.56568    -0.0784    13.8155 8.4355e+02  -61.83800  -53.27633 1154957672 219.565666    34.5145      26269          8  0.000e+00
    350.653    -1.0145   2.797419    -1.0183   2.797116    6.56586    -0.0454    13.8155 8.4355e+02  -61.83800  -53.27633 1154957672 219.565666    34.5151      26270          8  0.000e+00
    350.653    -1.0140   2.797410    -1.0185   2.797099    6.56580    -0.0784    13.8155 8.4355e+02  -61.83800  -53.27633 1154957672 219.565666    34.5144      26271          8  0.000e+00
    350.653    -1.0135   2.797439    -1.0183   2.797116    6.56572    -0.0233    13.8155 8.4355e+02  -61.83800  -53.27633 1154957672 219.565667    34.5143      26272          8  0.000e+00
    350.653    -1.0132   2.797453    -1.0185   2.797128    6.56567    -0.0454    13.8155 8.4355e+02  -61.83800  -53.27633 1154957672 219.565667    34.5141      26273          8  0.000e+00
    350.720    -1.0134   2.797423    -1.0180   2.797180    6.56577    -0.1775    13.8155 8.4355e+02  -61.83800  -53.27633 1154957672 219.565668    34.5138      26274          8  0.000e+00
    350.653    -1.0132   2.797343    -1.0172   2.797186    6.56574    -0.1996    13.8155 8.4355e+02  -61.83800  -53.27633 1154957672 219.565668    34.5126      26275          8  0.000e+00
    350.653    -1.0141   2.797320    -1.0176   2.797215    6.56588    -0.1225    13.8155 8.4355e+02  -61.83800  -53.27633 1154957672 219.565669    34.5134      26276          8  0.000e+00
    350.653    -1.0149   2.797267    -1.0172   2.797267    6.56602    -0.1555    13.8155 8.4355e+02  -61.83800  -53.27633 1154957672 219.565669    34.5135      26277          8  0.000e+00
    350.653    -1.0152   2.797234    -1.0167   2.797267    6.56608    -0.0894    13.8155 8.4355e+02  -61.83800  -53.27633 1154957672 219.565670    34.5134      26278          8  0.000e+00
    300.464    -1.2767   2.770969    -1.2476   2.773267    6.80236    -0.1665    13.8155 8.4939e+02  -61.83800  -53.27633 1154957749 219.566557    34.4854      28117          9  0.000e+00
    300.503    -1.2743   2.771683    -1.2519   2.773249    6.80161    -0.0784    13.8155 8.4939e+02  -61.83800  -53.27633 1154957749 219.566557    34.4925      28118          9  0.000e+00
    300.436    -1.2580   2.773172    -1.2593   2.772901    6.79340    -0.0564    13.8155 8.5134e+02  -61.83800  -53.27633 1154957749 219.566558    34.4941      28119          9  0.000e+00
    300.464    -1.2418   2.775139    -1.2692   2.772386    6.78990    -0.0564    13.8155 8.5134e+02  -61.83800  -53.27633 1154957749 219.566558    34.5025      28120          9  0.000e+00
    300.503    -1.2172   2.777917    -1.2764   2.771765    6.78471    -0.0123    13.8155 8.5134e+02  -61.83800  -53.27633 1154957749 219.566559    34.5123      28121          9  0.000e+00
    300.436    -1.1942   2.780024    -1.2870   2.770630    6.78010    -0.0123    13.8155 8.5134e+02  -61.83800  -53.27633 1154957749 219.566559    34.5147      28122          9  0.000e+00
    300.464    -1.1739   2.779786    -1.2925   2.769697    6.77257    -0.0013    13.8155 8.5134e+02  -61.83800  -53.27633 1154957749 219.566560    34.4882      28123          9  0.000e+00
    300.503    -1.1843   2.778098    -1.2971   2.769378    6.77512    -0.0784    13.8155 8.5134e+02  -61.83800  -53.27633 1154957749 219.566560    34.4770      28124          9  0.000e+00
    300.436    -1.2003   2.776506    -1.2960   2.769431    6.77342    -0.1555    13.8155 8.4939e+02  -61.83800  -53.27633 1154957749 219.566561    34.4736      28125          9  0.000e+00
    300.464    -1.2156   2.775033    -1.2844   2.770161    6.77652    -0.1335    13.8155 8.4939e+02  -61.83800  -53.27633 1154957749 219.566561    34.4710      28126          9  0.000e+00
    300.436    -1.2269   2.774486    -1.2704   2.771134    6.77841    -0.1225    13.8155 8.5134e+02  -61.83800  -53.27633 1154957749 219.566562    34.4764      28127          9  0.000e+00
    300.436    -1.2255   2.774796    -1.2690   2.771667    6.77802    -0.0894    13.8155 8.4939e+02  -61.83800  -53.27633 1154957749 219.566562    34.4791      28128          9  0.000e+00
    300.436    -1.2216   2.775452    -1.2625   2.772078    6.77706    -0.0233    13.8155 8.5134e+02  -61.83800  -53.27633 1154957749 219.566562    34.4837      28129          9  0.000e+00
    300.464    -1.2136   2.775999    -1.2551   2.772420    6.77073    -0.0894    13.8155 8.5134e+02  -61.83800  -53.27633 1154957749 219.566563    34.4819      28130          9  0.000e+00
    300.436    -1.2118   2.775818    -1.2590   2.771759    6.77056    -0.1335    13.8155 8.5134e+02  -61.83800  -53.27633 1154957749 219.566563    34.4773      28131          9  0.000e+00
    300.436    -1.2127   2.775567    -1.2795   2.770508    6.77085    -0.0784    13.8155 8.5134e+02  -61.83800  -53.27633 1154957749 219.566564    34.4750      28132          9  0.000e+00
    300.464    -1.2074   2.775837    -1.2830   2.769981    6.76997    -0.1335    13.8155 8.5134e+02  -61.83800  -53.27633 1154957749 219.566564    34.4726      28133          9  0.000e+00
    300.503    -1.2044   2.775992    -1.2755   2.770537    6.76948    -0.1004    13.8155 8.5134e+02  -61.83800  -53.27633 1154957749 219.566565    34.4712      28134          9  0.000e+00
    300.436    -1.2092   2.775439    -1.2668   2.771464    6.76555    -0.0784    13.8155 8.4939e+02  -61.83800  -53.27633 1154957749 219.566565    34.4692      28135          9  0.000e+00
    300.464    -1.2210   2.774865    -1.2495   2.772721    6.76268    -0.1004    13.8155 8.5134e+02  -61.83800  -53.27633 1154957749 219.566566    34.4749      28136          9  0.000e+00
    300.436    -1.2236   2.774888    -1.2334   2.774089    6.75811    -0.1004    13.8155 8.5134e+02  -61.83800  -53.27633 1154957749 219.566566    34.4782      28137          9  0.000e+00
    300.503    -1.2179   2.775208    -1.2193   2.775202    6.75718    -0.0564    13.8155 8.5134e+02  -61.83800  -53.27633 1154957749 219.566567    34.4760      28138          9  0.000e+00
    300.464    -1.2156   2.775416    -1.2188   2.775700    6.75669    -0.0674    13.8155 8.4939e+02  -61.83800  -53.27633 1154957749 219.566567    34.4762      28139          9  0.000e+00
    300.503    -1.2165   2.775267    -1.2211   2.775498    6.75695    -0.1004    13.8155 8.4939e+02  -61.83800  -53.27633 1154957750 219.566568    34.4752      28140          9  0.000e+00
    300.436    -1.2193   2.774987    -1.2242   2.775185    6.75744    -0.1225    13.8155 8.4939e+02  -61.83800  -53.27633 1154957750 219.566568    34.4746      28141          9  0.000e+00
    300.503    -1.2218   2.774796    -1.2182   2.775451    6.75798    -0.1114    13.8155 8.4939e+02  -61.83800  -53.27633 1154957750 219.566569    34.4748      28142          9  0.000e+00
    300.464    -1.2247   2.774994    -1.1639   2.777869    6.75332    -0.1665    13.8155 8.5134e+02  -61.83800  -53.27633 1154957750 219.566569    34.4809      28143          9  0.000e+00
    300.503    -1.2199   2.775574    -1.1035   2.782155    6.75232    -0.1114    13.8155 8.5134e+02  -61.83800  -53.27633 1154957750 219.566570    34.4833      28144          9  0.000e+00
    300.503    -1.2128   2.775857    -1.0868   2.784871    6.75116    -0.0674    13.8155 8.4939e+02  -61.83800  -53.27633 1154957750 219.566570    34.4791      28145          9  0.000e+00
    300.464    -1.2119   2.775360    -1.1349   2.782776    6.75131    -0.0564    13.8155 8.5134e+02  -61.83800  -53.27633 1154957750 219.566571    34.4712      28146          9  0.000e+00
    300.503    -1.2115   2.775099    -1.1770   2.778785    6.74656    -0.0894    13.8155 8.5134e+02  -61.83800  -53.27633 1154957750 219.566571    34.4672      28147          9  0.000e+00
    300.503    -1.2164   2.774621    -1.1992   2.776344    6.74754    -0.0674    13.8155 8.4939e+02  -61.83800  -53.27633 1154957750 219.566572    34.4662      28148          9  0.000e+00
    300.464    -1.2262   2.774051    -1.2121   2.775364    6.74434    -0.0123    13.8155 8.4939e+02  -61.83800  -53.27633 1154957750 219.566572    34.4697      28149          9  0.000e+00
