product_data/regression_test/downloaded_data/MDGS/320620060703/ctd/p6621105.cnv
* Sea-Bird SBE 9 Data File:
* FileName = D:\Data\Raw\p6621105.dat
* Software Version Seasave Win32 V 5.32
* Temperature SN = 1649
* Conductivity SN = 1431
* Number of Bytes Per Scan = 37
* Number of Voltage Words = 5
* Number of Scans Averaged by the Deck Unit = 1
* NMEA Latitude = 63 47.00 S
* NMEA Longitude = 060 13.15 W
* NMEA UTC (Time) = 17:09:33
** Ship:   Nathaniel B. Palmer 
** Cruise:    NBP0606 
# nquan = 15
# nvalues = 300                         
# units = specified
# name 0 = prDM: Pressure, Digiquartz [db]
# name 1 = t090C: Temperature [ITS-90, deg C]
# name 2 = c0S/m: Conductivity [S/m]
# name 3 = t190C: Temperature, 2 [ITS-90, deg C]
# name 4 = c1S/m: Conductivity, 2 [S/m]
# name 5 = sbeox0ML/L: Oxygen, SBE 43 [ml/l]
# name 6 = flECO-AFL: Fluorescence, Wetlab ECO-AFL/FL [mg/m^3]
# name 7 = bat: Beam Attenuation, Chelsea/Seatech/Wetlab CStar [1/m]
# name 8 = spar: SPAR/Surface Irradiance
# name 9 = latitude: Latitude [deg]
# name 10 = longitude: Longitude [deg]
# name 11 = timeY: Time, System [seconds]
# name 12 = timeJ: Julian Days
# name 13 = sal00: Salinity [PSU]
# name 14 = flag: flag
# span 0 =      2.000,    301.000       
# span 1 =    -1.5757,    -0.9687       
# span 2 =   2.732001,   2.778500       
# span 3 =    -1.5757,    -0.9674       
# span 4 =   2.732327,   2.778819       
# span 5 =    6.96853,    7.41626       
# span 6 =    -0.0730,     0.1462       
# span 7 =    13.8155,    13.8155       
# span 8 = 8.3876e+02, 8.8019e+02       
# span 9 =  -63.78333,  -63.78333       
# span 10 =  -60.21917,  -60.21917      
# span 11 = 1154365778, 1154366376      
# span 12 = 212.715034, 212.721967      
# span 13 =    34.2349,    34.3828      
# span 14 = 0.0000e+00, 0.0000e+00      
# interval = decibars: 1                
# start_time = Jul 31 2006 17:09:41
# bad_flag = -9.990e-29
*END*
[from data line 193]
    195.000    -1.5330   2.735483    -1.5324   2.735776    7.39114    -0.0381    13.8155 8.4432e+02  -63.78333  -60.21917 1154366184 212.719739    34.3573 0.0000e+00
    196.000    -1.5285   2.735933    -1.5290   2.736105    7.38598    -0.0351    13.8155 8.4272e+02  -63.78333  -60.21917 1154366185 212.719755    34.3575 0.0000e+00
    197.000    -1.5142   2.737247    -1.5138   2.737496    7.37865    -0.0277    13.8155 8.4317e+02  -63.78333  -60.21917 1154366187 212.719774    34.3584 0.0000e+00
    198.000    -1.5030   2.738284    -1.5028   2.738519    7.37006    -0.0334    13.8155 8.4426e+02  -63.78333  -60.21917 1154366189 212.719795    34.3588 0.0000e+00
    199.000    -1.4923   2.739295    -1.4922   2.739496    7.36566    -0.0327    13.8155 8.4343e+02  -63.78333  -60.21917 1154366190 212.719814    34.3599 0.0000e+00
    200.000    -1.4877   2.739748    -1.4873   2.740021    7.36046    -0.0381    13.8155 8.4294e+02  -63.78333  -60.21917 1154366192 212.719831    34.3600 0.0000e+00
    201.000    -1.4884   2.739774    -1.4881   2.740027    7.35076    -0.0416    13.8155 8.4165e+02  -63.78333  -60.21917 1154366193 212.719849    34.3609 0.0000e+00
    202.000    -1.4903   2.739688    -1.4900   2.739957    7.34339    -0.0548    13.8155 8.4414e+02  -63.78333  -60.21917 1154366195 212.719866    34.3614 0.0000e+00
    203.000    -1.4852   2.740212    -1.4844   2.740485    7.33720    -0.0262    13.8155 8.4295e+02  -63.78333  -60.21917 1154366197 212.719885    34.3623 0.0000e+00
    204.000    -1.4725   2.741382    -1.4720   2.741655    7.33323    -0.0257    13.8155 8.4534e+02  -63.78333  -60.21917 1154366199 212.719907    34.3628 0.0000e+00
    205.000    -1.4665   2.741994    -1.4660   2.742226    7.32536    -0.0418    13.8155 8.4538e+02  -63.78333  -60.21917 1154366200 212.719925    34.3638 0.0000e+00
    206.000    -1.4456   2.743925    -1.4477   2.743867    7.31836    -0.0521    13.8155 8.4412e+02  -63.78333  -60.21917 1154366201 212.719939    34.3655 0.0000e+00
    207.000    -1.4301   2.745321    -1.4314   2.745362    7.30597    -0.0223    13.8155 8.4169e+02  -63.78333  -60.21917 1154366202 212.719953    34.3658 0.0000e+00
    208.000    -1.4110   2.747030    -1.4100   2.747301    7.29328    -0.0312    13.8155 8.4200e+02  -63.78333  -60.21917 1154366204 212.719971    34.3664 0.0000e+00
    209.000    -1.4018   2.747877    -1.4001   2.748223    7.27950    -0.0443    13.8155 8.4478e+02  -63.78333  -60.21917 1154366206 212.719996    34.3672 0.0000e+00
    210.000    -1.3944   2.748576    -1.3964   2.748604    7.27547    -0.0422    13.8155 8.4469e+02  -63.78333  -60.21917 1154366208 212.720014    34.3678 0.0000e+00
    211.000    -1.3918   2.748834    -1.3930   2.748956    7.26889    -0.0377    13.8155 8.4546e+02  -63.78333  -60.21917 1154366209 212.720030    34.3678 0.0000e+00
    212.000    -1.3836   2.749637    -1.3832   2.749831    7.26109    -0.0362    13.8155 8.4550e+02  -63.78333  -60.21917 1154366211 212.720046    34.3691 0.0000e+00
    213.000    -1.3795   2.750018    -1.3789   2.750287    7.25114    -0.0426    13.8155 8.4550e+02  -63.78333  -60.21917 1154366212 212.720064    34.3689 0.0000e+00
    214.000    -1.3790   2.750108    -1.3784   2.750366    7.24716    -0.0343    13.8155 8.4536e+02  -63.78333  -60.21917 1154366214 212.720083    34.3692 0.0000e+00
    215.000    -1.3651   2.751416    -1.3645   2.751616    7.24365    -0.0393    13.8155 8.4476e+02  -63.78333  -60.21917 1154366215 212.720103    34.3706 0.0000e+00
    216.000    -1.3509   2.752709    -1.3508   2.752925    7.23984    -0.0294    13.8155 8.4525e+02  -63.78333  -60.21917 1154366217 212.720123    34.3711 0.0000e+00
    217.000    -1.3541   2.752485    -1.3541   2.752717    7.23999    -0.0658    13.8155 8.4490e+02  -63.78333  -60.21917 1154366218 212.720139    34.3714 0.0000e+00
    218.000    -1.3586   2.752118    -1.3588   2.752355    7.23812    -0.0429    13.8155 8.4361e+02  -63.78333  -60.21917 1154366220 212.720154    34.3712 0.0000e+00
    219.000    -1.3667   2.751473    -1.3668   2.751713    7.23930    -0.0492    13.8155 8.4143e+02  -63.78333  -60.21917 1154366221 212.720173    34.3713 0.0000e+00
    220.000    -1.3820   2.750193    -1.3825   2.750407    7.24494    -0.0648    13.8155 8.4481e+02  -63.78333  -60.21917 1154366223 212.720197    34.3713 0.0000e+00
    221.000    -1.3936   2.749232    -1.3935   2.749500    7.25442    -0.0403    13.8155 8.4444e+02  -63.78333  -60.21917 1154366225 212.720217    34.3710 0.0000e+00
    222.000    -1.3959   2.749089    -1.3952   2.749391    7.25936    -0.0564    13.8155 8.4230e+02  -63.78333  -60.21917 1154366227 212.720233    34.3711 0.0000e+00
    223.000    -1.3965   2.749084    -1.3957   2.749401    7.25998    -0.0266    13.8155 8.4234e+02  -63.78333  -60.21917 1154366228 212.720247    34.3711 0.0000e+00
    224.000    -1.4018   2.748666    -1.4018   2.748926    7.26499    -0.0264    13.8155 8.4294e+02  -63.78333  -60.21917 1154366229 212.720263    34.3708 0.0000e+00
    225.000    -1.4041   2.748524    -1.4039   2.748788    7.26878    -0.0265    13.8155 8.4120e+02  -63.78333  -60.21917 1154366231 212.720282    34.3709 0.0000e+00
    226.000    -1.4073   2.748299    -1.4072   2.748567    7.27377    -0.0323    13.8155 8.4106e+02  -63.78333  -60.21917 1154366232 212.720300    34.3706 0.0000e+00
    227.000    -1.4257   2.746756    -1.4269   2.746956    7.27901    -0.0318    13.8155 8.4160e+02  -63.78333  -60.21917 1154366234 212.720316    34.3704 0.0000e+00
    228.000    -1.4337   2.746136    -1.4334   2.746426    7.28699    -0.0361    13.8155 8.4252e+02  -63.78333  -60.21917 1154366235 212.720334    34.3705 0.0000e+00
    229.000    -1.4406   2.745594    -1.4404   2.745869    7.29690    -0.0168    13.8155 8.4546e+02  -63.78333  -60.21917 1154366237 212.720356    34.3705 0.0000e+00
    230.000    -1.4444   2.745323    -1.4442   2.745608    7.30880    -0.0562    13.8155 8.4327e+02  -63.78333  -60.21917 1154366239 212.720376    34.3702 0.0000e+00
    231.000    -1.4647   2.743594    -1.4660   2.743822    7.31350    -0.0473    13.8155 8.4117e+02  -63.78333  -60.21917 1154366240 212.720391    34.3694 0.0000e+00
    232.000    -1.4736   2.742905    -1.4739   2.743165    7.32106    -0.0394    13.8155 8.4045e+02  -63.78333  -60.21917 1154366242 212.720407    34.3698 0.0000e+00
    233.000    -1.4872   2.741779    -1.4875   2.742050    7.33245    -0.0508    13.8155 8.4214e+02  -63.78333  -60.21917 1154366243 212.720427    34.3693 0.0000e+00
    234.000    -1.5006   2.740690    -1.5003   2.741022    7.34255    -0.0251    13.8155 8.4192e+02  -63.78333  -60.21917 1154366245 212.720446    34.3691 0.0000e+00
    235.000    -1.5078   2.740137    -1.5078   2.740417    7.34777    -0.0389    13.8155 8.4177e+02  -63.78333  -60.21917 1154366246 212.720461    34.3691 0.0000e+00
    236.000    -1.5091   2.740073    -1.5096   2.740307    7.35027    -0.0504    13.8155 8.4502e+02  -63.78333  -60.21917 1154366248 212.720477    34.3690 0.0000e+00
    237.000    -1.5091   2.740134    -1.5091   2.740398    7.35338    -0.0370    13.8155 8.4319e+02  -63.78333  -60.21917 1154366250 212.720499    34.3688 0.0000e+00
    238.000    -1.5093   2.740170    -1.5097   2.740409    7.35600    -0.0477    13.8155 8.4412e+02  -63.78333  -60.21917 1154366251 212.720517    34.3688 0.0000e+00
    239.000    -1.5105   2.740115    -1.5099   2.740440    7.36020    -0.0591    13.8155 8.4516e+02  -63.78333  -60.21917 1154366253 212.720533    34.3686 0.0000e+00
    240.000    -1.5128   2.739978    -1.5112   2.740374    7.36247    -0.0521    13.8155 8.4712e+02  -63.78333  -60.21917 1154366254 212.720551    34.3686 0.0000e+00
    241.000    -1.5134   2.739979    -1.5148   2.740111    7.36432    -0.0251    13.8155 8.4544e+02  -63.78333  -60.21917 1154366256 212.720569    34.3685 0.0000e+00
    242.000    -1.5247   2.739050    -1.5248   2.739313    7.36845    -0.0418    13.8155 8.4267e+02  -63.78333  -60.21917 1154366258 212.720592    34.3683 0.0000e+00
    243.000    -1.5236   2.739203    -1.5238   2.739431    7.37005    -0.0280    13.8155 8.4211e+02  -63.78333  -60.21917 1154366259 212.720611    34.3685 0.0000e+00
    244.000    -1.5219   2.739398    -1.5218   2.739663    7.37078    -0.0559    13.8155 8.4493e+02  -63.78333  -60.21917 1154366260 212.720624    34.3684 0.0000e+00
    245.000    -1.5242   2.739249    -1.5217   2.739732    7.37083    -0.0120    13.8155 8.4404e+02  -63.78333  -60.21917 1154366262 212.720637    34.3684 0.0000e+00
    246.000    -1.5267   2.739063    -1.5274   2.739289    7.37140    -0.0545    13.8155 8.4498e+02  -63.78333  -60.21917 1154366263 212.720656    34.3680 0.0000e+00
    247.000    -1.5328   2.738595    -1.5343   2.738718    7.37404    -0.0451    13.8155 8.4527e+02  -63.78333  -60.21917 1154366265 212.720681    34.3680 0.0000e+00
    248.000    -1.5318   2.738728    -1.5306   2.739113    7.37666    -0.0332    13.8155 8.4225e+02  -63.78333  -60.21917 1154366267 212.720698    34.3678 0.0000e+00
    249.000    -1.5367   2.738368    -1.5378   2.738533    7.37610    -0.0501    13.8155 8.4504e+02  -63.78333  -60.21917 1154366268 212.720713    34.3681 0.0000e+00
    250.000    -1.5340   2.738633    -1.5349   2.738830    7.38153    -0.0484    13.8155 8.4532e+02  -63.78333  -60.21917 1154366270 212.720733    34.3678 0.0000e+00
    251.000    -1.5431   2.737897    -1.5446   2.738030    7.38940    -0.0408    13.8155 8.4537e+02  -63.78333  -60.21917 1154366272 212.720753    34.3681 0.0000e+00
    252.000    -1.5434   2.737908    -1.5472   2.737868    7.39341    -0.0472    13.8155 8.4170e+02  -63.78333  -60.21917 1154366273 212.720768    34.3675 0.0000e+00
    253.000    -1.5510   2.737296    -1.5509   2.737602    7.39599    -0.0405    13.8155 8.4155e+02  -63.78333  -60.21917 1154366274 212.720783    34.3672 0.0000e+00
    254.000    -1.5571   2.736830    -1.5565   2.737140    7.39685    -0.0531    13.8155 8.4191e+02  -63.78333  -60.21917 1154366276 212.720801    34.3673 0.0000e+00
    255.000    -1.5560   2.736964    -1.5566   2.737166    7.39820    -0.0288    13.8155 8.4156e+02  -63.78333  -60.21917 1154366277 212.720820    34.3672 0.0000e+00
    256.000    -1.5573   2.736901    -1.5575   2.737137    7.39742    -0.0347    13.8155 8.4002e+02  -63.78333  -60.21917 1154366279 212.720836    34.3671 0.0000e+00
    257.000    -1.5581   2.736895    -1.5578   2.737170    7.40002    -0.0222    13.8155 8.4035e+02  -63.78333  -60.21917 1154366280 212.720852    34.3672 0.0000e+00
    258.000    -1.5596   2.736799    -1.5589   2.737119    7.40525    -0.0286    13.8155 8.4076e+02  -63.78333  -60.21917 1154366282 212.720871    34.3670 0.0000e+00
    259.000    -1.5583   2.736969    -1.5573   2.737298    7.40611    -0.0359    13.8155 8.3997e+02  -63.78333  -60.21917 1154366284 212.720891    34.3671 0.0000e+00
    260.000    -1.5607   2.736802    -1.5619   2.736976    7.40693    -0.0367    13.8155 8.4039e+02  -63.78333  -60.21917 1154366285 212.720910    34.3668 0.0000e+00
    261.000    -1.5721   2.735886    -1.5723   2.736152    7.40830    -0.0497    13.8155 8.4236e+02  -63.78333  -60.21917 1154366287 212.720928    34.3670 0.0000e+00
    262.000    -1.5729   2.735875    -1.5728   2.736133    7.41059    -0.0575    13.8155 8.4187e+02  -63.78333  -60.21917 1154366288 212.720946    34.3671 0.0000e+00
    263.000    -1.5738   2.735850    -1.5739   2.736113    7.41031    -0.0525    13.8155 8.4111e+02  -63.78333  -60.21917 1154366290 212.720962    34.3671 0.0000e+00
    264.000    -1.5757   2.735799    -1.5757   2.736070    7.40954    -0.0469    13.8155 8.4200e+02  -63.78333  -60.21917 1154366291 212.720978    34.3678 0.0000e+00
    265.000    -1.5757   2.735961    -1.5756   2.736231    7.41156    -0.0304    13.8155 8.4069e+02  -63.78333  -60.21917 1154366292 212.720995    34.3694 0.0000e+00
    266.000    -1.5755   2.736031    -1.5755   2.736289    7.41282    -0.0407    13.8155 8.4079e+02  -63.78333  -60.21917 1154366294 212.721015    34.3695 0.0000e+00
    267.000    -1.5752   2.736115    -1.5751   2.736375    7.41350    -0.0540    13.8155 8.3995e+02  -63.78333  -60.21917 1154366296 212.721036    34.3696 0.0000e+00
    268.000    -1.5747   2.736209    -1.5746   2.736476    7.41592    -0.0483    13.8155 8.3992e+02  -63.78333  -60.21917 1154366297 212.721052    34.3697 0.0000e+00
    269.000    -1.5732   2.736411    -1.5730   2.736672    7.41626    -0.0676    13.8155 8.4046e+02  -63.78333  -60.21917 1154366299 212.721067    34.3701 0.0000e+00
    270.000    -1.5712   2.736662    -1.5712   2.736903    7.41411    -0.0571    13.8155 8.4071e+02  -63.78333  -60.21917 1154366300 212.721084    34.3705 0.0000e+00
    271.000    -1.5706   2.736764    -1.5704   2.737028    7.41032    -0.0274    13.8155 8.3901e+02  -63.78333  -60.21917 1154366302 212.721105    34.3706 0.0000e+00
    272.000    -1.5674   2.737134    -1.5671   2.737396    7.40825    -0.0648    13.8155 8.3916e+02  -63.78333  -60.21917 1154366303 212.721121    34.3714 0.0000e+00
    273.000    -1.5644   2.737468    -1.5643   2.737719    7.40578    -0.0620    13.8155 8.3991e+02  -63.78333  -60.21917 1154366305 212.721135    34.3717 0.0000e+00
    274.000    -1.5639   2.737560    -1.5638   2.737808    7.40417    -0.0485    13.8155 8.3965e+02  -63.78333  -60.21917 1154366306 212.721152    34.3718 0.0000e+00
    275.000    -1.5605   2.737918    -1.5593   2.738261    7.40303    -0.0524    13.8155 8.3990e+02  -63.78333  -60.21917 1154366308 212.721174    34.3722 0.0000e+00
    276.000    -1.5579   2.738204    -1.5579   2.738439    7.40131    -0.0412    13.8155 8.3918e+02  -63.78333  -60.21917 1154366310 212.721196    34.3724 0.0000e+00
    277.000    -1.5565   2.738380    -1.5560   2.738670    7.39865    -0.0535    13.8155 8.3876e+02  -63.78333  -60.21917 1154366311 212.721213    34.3728 0.0000e+00
    278.000    -1.5481   2.739183    -1.5481   2.739408    7.39547    -0.0494    13.8155 8.4254e+02  -63.78333  -60.21917 1154366313 212.721229    34.3733 0.0000e+00
    279.000    -1.5438   2.739616    -1.5438   2.739847    7.39575    -0.0730    13.8155 8.4238e+02  -63.78333  -60.21917 1154366314 212.721247    34.3737 0.0000e+00
    280.000    -1.5426   2.739766    -1.5424   2.740019    7.39668    -0.0494    13.8155 8.4273e+02  -63.78333  -60.21917 1154366316 212.721265    34.3738 0.0000e+00
    281.000    -1.5400   2.740052    -1.5399   2.740268    7.39492    -0.0441    13.8155 8.4115e+02  -63.78333  -60.21917 1154366317 212.721281    34.3742 0.0000e+00
    282.000    -1.5338   2.740652    -1.5339   2.740872    7.39520    -0.0604    13.8155 8.4071e+02  -63.78333  -60.21917 1154366319 212.721298    34.3745 0.0000e+00
    283.000    -1.5330   2.740759    -1.5330   2.740996    7.38806    -0.0272    13.8155 8.4467e+02  -63.78333  -60.21917 1154366320 212.721316    34.3745 0.0000e+00
    284.000    -1.5339   2.740721    -1.5340   2.740953    7.38461    -0.0654    13.8155 8.4319e+02  -63.78333  -60.21917 1154366322 212.721337    34.3745 0.0000e+00
    285.000    -1.5352   2.740661    -1.5348   2.740930    7.37912    -0.0631    13.8155 8.3992e+02  -63.78333  -60.21917 1154366323 212.721353    34.3747 0.0000e+00
    286.000    -1.5243   2.741695    -1.5231   2.742005    7.37370    -0.0540    13.8155 8.4063e+02  -63.78333  -60.21917 1154366325 212.721367    34.3756 0.0000e+00
    287.000    -1.5242   2.741729    -1.5239   2.741996    7.36932    -0.0427    13.8155 8.4193e+02  -63.78333  -60.21917 1154366326 212.721384    34.3753 0.0000e+00
    288.000    -1.5183   2.742315    -1.5176   2.742585    7.36928    -0.0432    13.8155 8.4262e+02  -63.78333  -60.21917 1154366328 212.721409    34.3760 0.0000e+00
    289.000    -1.5099   2.743116    -1.5103   2.743278    7.36648    -0.0593    13.8155 8.4231e+02  -63.78333  -60.21917 1154366330 212.721428    34.3766 0.0000e+00
    290.000    -1.5022   2.743837    -1.5026   2.744016    7.36028    -0.0667    13.8155 8.4166e+02  -63.78333  -60.21917 1154366331 212.721445    34.3769 0.0000e+00
