product_data/regression_test/downloaded_data/MDGS/320620060703/ctd/p6623301.ros
* Sea-Bird SBE 9 Data File:
* FileName = D:\Data\Raw\p6623301.dat
* Software Version Seasave Win32 V 5.32
* Temperature SN = 1649
* Conductivity SN = 1431
* Number of Bytes Per Scan = 37
* Number of Voltage Words = 5
* Number of Scans Averaged by the Deck Unit = 1
* NMEA Latitude = 61 52.43 S
* NMEA Longitude = 053 12.48 W
* NMEA UTC (Time) = 11:43:15
** Ship:   Nathaniel B. Palmer 
** Cruise:    NBP0606 
# nquan = 17
# nvalues = 1176                    
# units = specified
# name 0 = prDM: Pressure, Digiquartz [db]
# name 1 = t090C: Temperature [ITS-90, deg C]
# name 2 = c0S/m: Conductivity [S/m]
# name 3 = t190C: Temperature, 2 [ITS-90, deg C]
# name 4 = c1S/m: Conductivity, 2 [S/m]
# name 5 = sbeox0ML/L: Oxygen, SBE 43 [ml/l]
# name 6 = flECO-AFL: Fluorescence, Wetlab ECO-AFL/FL [mg/m^3]
# name 7 = bat: Beam Attenuation, Chelsea/Seatech/Wetlab CStar [1/m]
# name 8 = spar: SPAR/Surface Irradiance
# name 9 = latitude: Latitude [deg]
# name 10 = longitude: Longitude [deg]
# name 11 = timeY: Time, System [seconds]
# name 12 = timeJ: Julian Days
# name 13 = sal00: Salinity [PSU]
# name 14 = scan: scan number
# name 15 = nbf: number of bottles fired
# name 16 = flag:  0.000e+00
# interval = seconds: 0.0416667                   
# start_time = Aug 07 2006 11:44:46
*END*
[from data line 852]
    150.993    -1.6307   2.731990    -1.6308   2.732087    7.04648    -0.0564    13.8155 3.1755e+02  -61.87383  -53.20800 1154953328 219.515391    34.4498      53851         18  0.000e+00
    151.060    -1.6309   2.731987    -1.6304   2.732116    7.04658    -0.1114    13.8155 3.1755e+02  -61.87383  -53.20800 1154953328 219.515391    34.4500      53852         18  0.000e+00
    151.060    -1.6311   2.732000    -1.6301   2.732128    7.04660    -0.0894    13.8155 3.1755e+02  -61.87383  -53.20800 1154953328 219.515392    34.4504      53853         18  0.000e+00
    151.060    -1.6308   2.732007    -1.6303   2.732133    7.04656    -0.1004    13.8155 3.1755e+02  -61.87383  -53.20800 1154953328 219.515392    34.4502      53854         18  0.000e+00
    151.060    -1.6304   2.732007    -1.6301   2.732151    7.04650    -0.1004    13.8155 3.1755e+02  -61.87383  -53.20800 1154953328 219.515393    34.4497      53855         18  0.000e+00
    151.060    -1.6308   2.731974    -1.6300   2.732139    7.04658    -0.1775    13.8155 3.1755e+02  -61.87383  -53.20800 1154953328 219.515393    34.4497      53856         18  0.000e+00
    150.983    -1.6304   2.731980    -1.6298   2.732128    7.04644    -0.1004    13.8155 3.1560e+02  -61.87383  -53.20800 1154953328 219.515394    34.4494      53857         18  0.000e+00
    151.060    -1.6302   2.732043    -1.6303   2.732128    7.04644    -0.0674    13.8155 3.1755e+02  -61.87383  -53.20800 1154953328 219.515394    34.4499      53858         18  0.000e+00
    151.060    -1.6304   2.732003    -1.6298   2.732116    7.04650    -0.0784    13.8155 3.1560e+02  -61.87383  -53.20800 1154953328 219.515394    34.4497      53859         18  0.000e+00
    151.060    -1.6303   2.732000    -1.6304   2.732145    7.04649    -0.0784    13.8155 3.1560e+02  -61.87383  -53.20800 1154953328 219.515395    34.4495      53860         18  0.000e+00
    151.060    -1.6303   2.732023    -1.6303   2.732156    7.04647    -0.1114    13.8155 3.1560e+02  -61.87383  -53.20800 1154953328 219.515395    34.4498      53861         18  0.000e+00
    151.060    -1.6307   2.732010    -1.6304   2.732139    7.04653    -0.0454    13.8155 3.1755e+02  -61.87383  -53.20800 1154953328 219.515396    34.4500      53862         18  0.000e+00
    151.060    -1.6300   2.732007    -1.6300   2.732105    7.04643    -0.0233    13.8155 3.1755e+02  -61.87383  -53.20800 1154953329 219.515396    34.4492      53863         18  0.000e+00
    151.060    -1.6307   2.732039    -1.6300   2.732139    7.04651    -0.0123    13.8155 3.1560e+02  -61.87383  -53.20800 1154953329 219.515397    34.4504      53864         18  0.000e+00
    151.060    -1.6301   2.732052    -1.6297   2.732162    7.04642    -0.0894    13.8155 3.1755e+02  -61.87383  -53.20800 1154953329 219.515397    34.4500      53865         18  0.000e+00
    151.060    -1.6299   2.732016    -1.6301   2.732133    7.04642    -0.1335    13.8155 3.1560e+02  -61.87383  -53.20800 1154953329 219.515398    34.4492      53866         18  0.000e+00
    151.060    -1.6301   2.732023    -1.6300   2.732133    7.04644    -0.0454    13.8155 3.1755e+02  -61.87383  -53.20800 1154953329 219.515398    34.4496      53867         18  0.000e+00
    151.060    -1.6299   2.732030    -1.6300   2.732168    7.04641    -0.0784    13.8155 3.1755e+02  -61.87383  -53.20800 1154953329 219.515399    34.4494      53868         18  0.000e+00
    151.060    -1.6300   2.732059    -1.6300   2.732179    7.04640    -0.0894    13.8155 3.1560e+02  -61.87383  -53.20800 1154953329 219.515399    34.4499      53869         18  0.000e+00
    151.060    -1.6303   2.732030    -1.6297   2.732168    7.04647    -0.1555    13.8155 3.1755e+02  -61.87383  -53.20800 1154953329 219.515400    34.4499      53870         18  0.000e+00
    151.127    -1.6298   2.732026    -1.6303   2.732174    7.04647    -0.1775    13.8155 3.1560e+02  -61.87383  -53.20800 1154953329 219.515400    34.4492      53871         18  0.000e+00
    151.060    -1.6303   2.732059    -1.6301   2.732197    7.04645    -0.1225    13.8155 3.1560e+02  -61.87383  -53.20800 1154953329 219.515401    34.4503      53872         18  0.000e+00
    151.060    -1.6300   2.732039    -1.6294   2.732174    7.04641    -0.0894    13.8155 3.1560e+02  -61.87383  -53.20800 1154953329 219.515401    34.4496      53873         18  0.000e+00
    151.060    -1.6300   2.732030    -1.6298   2.732174    7.04643    -0.0674    13.8155 3.1560e+02  -61.87383  -53.20800 1154953329 219.515402    34.4496      53874         18  0.000e+00
    151.127    -1.6296   2.732079    -1.6297   2.732145    7.04640    -0.0013    13.8155 3.1755e+02  -61.87383  -53.20800 1154953329 219.515402    34.4497      53875         18  0.000e+00
    151.060    -1.6304   2.732062    -1.6300   2.732191    7.04646    -0.1004    13.8155 3.1560e+02  -61.87383  -53.20800 1154953329 219.515403    34.4505      53876         18  0.000e+00
    151.060    -1.6299   2.732052    -1.6301   2.732168    7.04639    -0.1114    13.8155 3.1560e+02  -61.87383  -53.20800 1154953329 219.515403    34.4497      53877         18  0.000e+00
    151.060    -1.6296   2.732016    -1.6300   2.732162    7.04638    -0.1445    13.8155 3.1560e+02  -61.87383  -53.20800 1154953329 219.515404    34.4489      53878         18  0.000e+00
    151.060    -1.6299   2.732023    -1.6297   2.732174    7.04641    -0.0894    13.8155 3.1560e+02  -61.87383  -53.20800 1154953329 219.515404    34.4493      53879         18  0.000e+00
    151.127    -1.6298   2.732010    -1.6298   2.732162    7.04648    -0.0564    13.8155 3.1560e+02  -61.87383  -53.20800 1154953329 219.515405    34.4490      53880         18  0.000e+00
    151.273    -1.6310   2.731944    -1.6311   2.732035    7.04199    -0.1445    13.8155 3.2144e+02  -61.87383  -53.20800 1154953335 219.515473    34.4494      54022         19  0.000e+00
    151.339    -1.6311   2.731931    -1.6314   2.732041    7.04692    -0.1335    13.8155 3.2144e+02  -61.87383  -53.20800 1154953335 219.515474    34.4493      54023         19  0.000e+00
    151.273    -1.6310   2.731918    -1.6312   2.732058    7.04686    -0.1665    13.8155 3.2144e+02  -61.87383  -53.20800 1154953335 219.515474    34.4491      54024         19  0.000e+00
    151.339    -1.6309   2.731935    -1.6309   2.732047    7.04690    -0.1555    13.8155 3.2144e+02  -61.87383  -53.20800 1154953335 219.515475    34.4491      54025         19  0.000e+00
    151.273    -1.6310   2.731958    -1.6306   2.732058    7.04683    -0.1225    13.8155 3.2144e+02  -61.87383  -53.20800 1154953335 219.515475    34.4496      54026         19  0.000e+00
    151.273    -1.6309   2.731964    -1.6308   2.732087    7.04682    -0.0674    13.8155 3.2144e+02  -61.87383  -53.20800 1154953335 219.515476    34.4496      54027         19  0.000e+00
    151.340    -1.6314   2.731945    -1.6311   2.732041    7.04210    -0.1555    13.8155 3.2144e+02  -61.87383  -53.20800 1154953335 219.515476    34.4498      54028         19  0.000e+00
    151.273    -1.6309   2.731922    -1.6309   2.732070    7.04199    -0.1886    13.8155 3.2144e+02  -61.87383  -53.20800 1154953335 219.515476    34.4490      54029         19  0.000e+00
    151.273    -1.6309   2.731951    -1.6314   2.732053    7.04197    -0.1004    13.8155 3.2144e+02  -61.87383  -53.20800 1154953335 219.515477    34.4493      54030         19  0.000e+00
    151.340    -1.6309   2.731964    -1.6312   2.732030    7.04203    -0.0454    13.8155 3.2144e+02  -61.87383  -53.20800 1154953336 219.515477    34.4496      54031         19  0.000e+00
    151.340    -1.6314   2.731964    -1.6312   2.732053    7.04209    -0.0674    13.8155 3.2144e+02  -61.87383  -53.20800 1154953336 219.515478    34.4500      54032         19  0.000e+00
    151.273    -1.6308   2.731964    -1.6311   2.732047    7.04679    -0.1445    13.8155 3.2144e+02  -61.87383  -53.20800 1154953336 219.515478    34.4494      54033         19  0.000e+00
    151.340    -1.6315   2.731935    -1.6312   2.732047    7.04213    -0.1445    13.8155 3.2144e+02  -61.87383  -53.20800 1154953336 219.515479    34.4498      54034         19  0.000e+00
    151.273    -1.6311   2.731938    -1.6311   2.732058    7.04200    -0.0343    13.8155 3.2144e+02  -61.87383  -53.20800 1154953336 219.515479    34.4494      54035         19  0.000e+00
    151.340    -1.6312   2.731974    -1.6311   2.732047    7.04206    -0.0454    13.8155 3.2144e+02  -61.87383  -53.20800 1154953336 219.515480    34.4500      54036         19  0.000e+00
    151.273    -1.6313   2.731935    -1.6312   2.732058    7.04203    -0.0894    13.8155 3.2144e+02  -61.87383  -53.20800 1154953336 219.515480    34.4496      54037         19  0.000e+00
    151.340    -1.6307   2.731935    -1.6314   2.732070    7.04687    -0.1445    13.8155 3.2144e+02  -61.87383  -53.20800 1154953336 219.515481    34.4489      54038         19  0.000e+00
    151.273    -1.6311   2.731941    -1.6315   2.732053    7.04685    -0.1114    13.8155 3.2144e+02  -61.87383  -53.20800 1154953336 219.515481    34.4494      54039         19  0.000e+00
    151.340    -1.6309   2.731941    -1.6317   2.732058    7.04205    -0.1004    13.8155 3.2144e+02  -61.87383  -53.20800 1154953336 219.515482    34.4492      54040         19  0.000e+00
    151.340    -1.6318   2.731941    -1.6309   2.732030    7.04702    -0.1114    13.8155 3.2144e+02  -61.87383  -53.20800 1154953336 219.515482    34.4502      54041         19  0.000e+00
    151.340    -1.6313   2.731922    -1.6314   2.732058    7.04211    -0.1004    13.8155 3.1950e+02  -61.87383  -53.20800 1154953336 219.515483    34.4493      54042         19  0.000e+00
    151.273    -1.6315   2.731951    -1.6314   2.732064    7.04205    -0.1114    13.8155 3.1950e+02  -61.87383  -53.20800 1154953336 219.515483    34.4501      54043         19  0.000e+00
    151.349    -1.6311   2.731964    -1.6314   2.732087    7.04206    -0.0674    13.8155 3.1950e+02  -61.87383  -53.20800 1154953336 219.515484    34.4497      54044         19  0.000e+00
    151.340    -1.6312   2.731964    -1.6312   2.732047    7.04206    -0.0564    13.8155 3.2144e+02  -61.87383  -53.20800 1154953336 219.515484    34.4498      54045         19  0.000e+00
    151.340    -1.6314   2.731935    -1.6312   2.732064    7.04697    -0.0343    13.8155 3.2144e+02  -61.87383  -53.20800 1154953336 219.515485    34.4497      54046         19  0.000e+00
    151.340    -1.6310   2.731938    -1.6315   2.732076    7.04206    -0.0454    13.8155 3.2144e+02  -61.87383  -53.20800 1154953336 219.515485    34.4493      54047         19  0.000e+00
    151.273    -1.6311   2.731892    -1.6314   2.732082    7.04689    -0.0564    13.8155 3.2144e+02  -61.87383  -53.20800 1154953336 219.515486    34.4488      54048         19  0.000e+00
    151.407    -1.6315   2.731905    -1.6311   2.732076    7.04707    -0.0454    13.8155 3.2144e+02  -61.87383  -53.20800 1154953336 219.515486    34.4493      54049         19  0.000e+00
    151.273    -1.6311   2.731935    -1.6312   2.732076    7.04686    -0.0564    13.8155 3.2144e+02  -61.87383  -53.20800 1154953336 219.515487    34.4494      54050         19  0.000e+00
    151.340    -1.6314   2.731974    -1.6314   2.732064    7.04693    -0.1004    13.8155 3.2144e+02  -61.87383  -53.20800 1154953336 219.515487    34.4502      54051         19  0.000e+00
    151.340    -1.6309   2.731935    -1.6312   2.732047    7.04205    -0.0564    13.8155 3.2144e+02  -61.87383  -53.20800 1154953336 219.515488    34.4491      54052         19  0.000e+00
    151.349    -1.6316   2.731918    -1.6311   2.732076    7.04702    -0.0123    13.8155 3.2144e+02  -61.87383  -53.20800 1154953336 219.515488    34.4497      54053         19  0.000e+00
    151.340    -1.6311   2.731935    -1.6311   2.732076    7.04692     0.0207    13.8155 3.2144e+02  -61.87383  -53.20800 1154953336 219.515489    34.4493      54054         19  0.000e+00
    151.340    -1.6315   2.731958    -1.6308   2.732076    7.04212    -0.0894    13.8155 3.2144e+02  -61.87383  -53.20800 1154953336 219.515489    34.4501      54055         19  0.000e+00
    151.340    -1.6313   2.731964    -1.6311   2.732041    7.04208    -0.1004    13.8155 3.2144e+02  -61.87383  -53.20800 1154953337 219.515489    34.4499      54056         19  0.000e+00
    151.350    -1.6314   2.731954    -1.6306   2.732082    7.04696    -0.0454    13.8155 3.2144e+02  -61.87383  -53.20800 1154953337 219.515490    34.4499      54057         19  0.000e+00
    151.340    -1.6311   2.731961    -1.6315   2.732099    7.04691    -0.0233    13.8155 3.2144e+02  -61.87383  -53.20800 1154953337 219.515490    34.4497      54058         19  0.000e+00
    151.340    -1.6315   2.731964    -1.6306   2.732070    7.04696    -0.0784    13.8155 3.2144e+02  -61.87383  -53.20800 1154953337 219.515491    34.4502      54059         19  0.000e+00
    151.340    -1.6311   2.731945    -1.6304   2.732087    7.04692    -0.1445    13.8155 3.2144e+02  -61.87383  -53.20800 1154953337 219.515491    34.4494      54060         19  0.000e+00
    151.407    -1.6314   2.731958    -1.6312   2.732087    7.04701    -0.1996    13.8155 3.2144e+02  -61.87383  -53.20800 1154953337 219.515492    34.4499      54061         19  0.000e+00
    151.350    -1.6317   2.731964    -1.6312   2.732093    7.04701    -0.1114    13.8155 3.2144e+02  -61.87383  -53.20800 1154953337 219.515492    34.4505      54062         19  0.000e+00
    151.340    -1.6312   2.731964    -1.6309   2.732058    7.04692    -0.1114    13.8155 3.2144e+02  -61.87383  -53.20800 1154953337 219.515493    34.4498      54063         19  0.000e+00
    151.340    -1.6313   2.731945    -1.6312   2.732058    7.04694    -0.1225    13.8155 3.2144e+02  -61.87383  -53.20800 1154953337 219.515493    34.4496      54064         19  0.000e+00
    151.340    -1.6312   2.731974    -1.6311   2.732047    7.04691    -0.1114    13.8155 3.2144e+02  -61.87383  -53.20800 1154953337 219.515494    34.4500      54065         19  0.000e+00
    151.350    -1.6314   2.731951    -1.6311   2.732082    7.04697    -0.0784    13.8155 3.1950e+02  -61.87383  -53.20800 1154953337 219.515494    34.4499      54066         19  0.000e+00
    151.407    -1.6309   2.731974    -1.6314   2.732070    7.04693    -0.0454    13.8155 3.1950e+02  -61.87383  -53.20800 1154953337 219.515495    34.4496      54067         19  0.000e+00
    151.340    -1.6313   2.731935    -1.6309   2.732070    7.04695    -0.0674    13.8155 3.1950e+02  -61.87383  -53.20800 1154953337 219.515495    34.4495      54068         19  0.000e+00
    151.340    -1.6311   2.731958    -1.6312   2.732093    7.04691    -0.0343    13.8155 3.2144e+02  -61.87383  -53.20800 1154953337 219.515496    34.4496      54069         19  0.000e+00
    151.407    -1.6309   2.731964    -1.6311   2.732070    7.04694    -0.0674    13.8155 3.2144e+02  -61.87383  -53.20800 1154953337 219.515496    34.4494      54070         19  0.000e+00
    100.801    -1.3317   2.752929    -1.3316   2.753028    6.96932    -0.0564    13.8155 3.3703e+02  -61.87383  -53.20800 1154953428 219.516553    34.4261      56261         20  0.000e+00
    100.801    -1.3315   2.752942    -1.3313   2.753045    6.96929    -0.0894    13.8155 3.3703e+02  -61.87383  -53.20800 1154953428 219.516553    34.4261      56262         20  0.000e+00
    100.868    -1.3313   2.752945    -1.3310   2.753022    6.96932    -0.0564    13.8155 3.3703e+02  -61.87383  -53.20800 1154953429 219.516554    34.4258      56263         20  0.000e+00
    100.868    -1.3317   2.752945    -1.3316   2.753040    6.96937    -0.0674    13.8155 3.3703e+02  -61.87383  -53.20800 1154953429 219.516554    34.4263      56264         20  0.000e+00
    100.868    -1.3320   2.752962    -1.3316   2.752988    6.96941    -0.1225    13.8155 3.3703e+02  -61.87383  -53.20800 1154953429 219.516555    34.4269      56265         20  0.000e+00
