product_data/regression_test/downloaded_data/MDGS/320620060703/ctd/p6623701.ros
* Sea-Bird SBE 9 Data File:
* FileName = D:\Data\Raw\p6623701.dat
* Software Version Seasave Win32 V 5.32
* Temperature SN = 1649
* Conductivity SN = 1431
* Number of Bytes Per Scan = 37
* Number of Voltage Words = 5
* Number of Scans Averaged by the Deck Unit = 1
* NMEA Latitude = 61 34.60 S
* NMEA Longitude = 053 44.05 W
* NMEA UTC (Time) = 23:14:43
** Ship:   Nathaniel B. Palmer 
** Cruise:    NBP0606 
# nquan = 17
# nvalues = 1175                    
# units = specified
# name 0 = prDM: Pressure, Digiquartz [db]
# name 1 = t090C: Temperature [ITS-90, deg C]
# name 2 = c0S/m: Conductivity [S/m]
# name 3 = t190C: Temperature, 2 [ITS-90, deg C]
# name 4 = c1S/m: Conductivity, 2 [S/m]
# name 5 = sbeox0ML/L: Oxygen, SBE 43 [ml/l]
# name 6 = flECO-AFL: Fluorescence, Wetlab ECO-AFL/FL [mg/m^3]
# name 7 = bat: Beam Attenuation, Chelsea/Seatech/Wetlab CStar [1/m]
# name 8 = spar: SPAR/Surface Irradiance
# name 9 = latitude: Latitude [deg]
# name 10 = longitude: Longitude [deg]
# name 11 = timeY: Time, System [seconds]
# name 12 = timeJ: Julian Days
# name 13 = sal00: Salinity [PSU]
# name 14 = scan: scan number
# name 15 = nbf: number of bottles fired
# name 16 = flag:  0.000e+00
# interval = seconds: 0.0416667                   
# start_time = Aug 07 2006 23:16:20
*END*
[from data line 426]
    200.155    -0.8357   2.797781    -0.8361   2.797900    6.81279    -0.1004    13.8155 0.0000e+00  -61.57667  -53.73417 1154994026 219.986426    34.4088      34733          9  0.000e+00
    200.260    -0.8355   2.797735    -0.8358   2.797888    6.81290    -0.0784    13.8155 0.0000e+00  -61.57667  -53.73417 1154994026 219.986426    34.4079      34734          9  0.000e+00
    200.222    -0.8360   2.797741    -0.8357   2.797859    6.81292    -0.1225    13.8155 0.0000e+00  -61.57667  -53.73417 1154994026 219.986427    34.4086      34735          9  0.000e+00
    200.193    -0.8363   2.797764    -0.8359   2.797876    6.81292    -0.1004    13.8155 0.0000e+00  -61.57667  -53.73417 1154994026 219.986427    34.4092      34736          9  0.000e+00
    200.289    -0.8355   2.797721    -0.8358   2.797900    6.81772    -0.1004    13.8155 0.0000e+00  -61.57667  -53.73417 1154994026 219.986427    34.4077      34737          9  0.000e+00
    200.222    -0.8363   2.797741    -0.8360   2.797888    6.81296    -0.0454    13.8155 0.0000e+00  -61.57667  -53.73417 1154994026 219.986428    34.4089      34738          9  0.000e+00
    200.260    -0.8363   2.797748    -0.8361   2.797859    6.81300    -0.0454    13.8155 0.0000e+00  -61.57667  -53.73417 1154994026 219.986428    34.4090      34739          9  0.000e+00
    200.222    -0.8362   2.797764    -0.8357   2.797836    6.81292    -0.1004    13.8155 0.0000e+00  -61.57667  -53.73417 1154994026 219.986429    34.4090      34740          9  0.000e+00
    200.222    -0.8357   2.797771    -0.8361   2.797865    6.81286    -0.1335    13.8155 0.0000e+00  -61.57667  -53.73417 1154994026 219.986429    34.4086      34741          9  0.000e+00
    200.260    -0.8359   2.797751    -0.8362   2.797841    6.81293    -0.1225    13.8155 0.0000e+00  -61.57667  -53.73417 1154994026 219.986430    34.4085      34742          9  0.000e+00
    200.289    -0.8359   2.797728    -0.8363   2.797865    6.81297    -0.1225    13.8155 0.0000e+00  -61.57667  -53.73417 1154994026 219.986430    34.4082      34743          9  0.000e+00
    200.222    -0.8360   2.797761    -0.8357   2.797882    6.81291    -0.1555    13.8155 0.0000e+00  -61.57667  -53.73417 1154994026 219.986431    34.4088      34744          9  0.000e+00
    200.260    -0.8359   2.797705    -0.8354   2.797882    6.81296    -0.1445    13.8155 0.0000e+00  -61.57667  -53.73417 1154994026 219.986431    34.4079      34745          9  0.000e+00
    200.289    -0.8366   2.797698    -0.8358   2.797865    6.81310    -0.1335    13.8155 0.0000e+00  -61.57667  -53.73417 1154994026 219.986432    34.4086      34746          9  0.000e+00
    200.193    -0.8363   2.797705    -0.8358   2.797876    6.81296    -0.1004    13.8155 0.0000e+00  -61.57667  -53.73417 1154994026 219.986432    34.4084      34747          9  0.000e+00
    149.930    -1.0507   2.774320    -1.0515   2.774413    6.98689    -0.0013    13.8155 0.0000e+00  -61.57667  -53.73417 1154994126 219.987583    34.3662      37133         10  0.000e+00
    149.930    -1.0513   2.774333    -1.0515   2.774413    6.98696     0.0538    13.8155 0.0000e+00  -61.57667  -53.73417 1154994126 219.987583    34.3670      37134         10  0.000e+00
    150.006    -1.0513   2.774323    -1.0518   2.774395    6.99183    -0.0564    13.8155 0.0000e+00  -61.57667  -53.73417 1154994126 219.987584    34.3669      37135         10  0.000e+00
    149.863    -1.0512   2.774300    -1.0516   2.774390    6.99168     0.0097    13.8155 0.0000e+00  -61.57667  -53.73417 1154994126 219.987584    34.3665      37136         10  0.000e+00
    150.006    -1.0517   2.774313    -1.0515   2.774407    6.98710    -0.0013    13.8155 0.0000e+00  -61.57667  -53.73417 1154994126 219.987585    34.3671      37137         10  0.000e+00
    149.930    -1.0512   2.774283    -1.0512   2.774448    6.98698    -0.1004    13.8155 0.0000e+00  -61.57667  -53.73417 1154994126 219.987585    34.3662      37138         10  0.000e+00
    149.930    -1.0518   2.774274    -1.0512   2.774448    6.98706    -0.1335    13.8155 0.0000e+00  -61.57667  -53.73417 1154994126 219.987586    34.3667      37139         10  0.000e+00
    150.006    -1.0512   2.774290    -1.0512   2.774442    6.98705    -0.1225    13.8155 0.0000e+00  -61.57667  -53.73417 1154994126 219.987586    34.3663      37140         10  0.000e+00
    149.930    -1.0512   2.774326    -1.0509   2.774459    6.98695    -0.1004    13.8155 0.0000e+00  -61.57667  -53.73417 1154994126 219.987587    34.3668      37141         10  0.000e+00
    149.930    -1.0515   2.774306    -1.0512   2.774448    6.98701    -0.0564    13.8155 0.0000e+00  -61.57667  -53.73417 1154994126 219.987587    34.3669      37142         10  0.000e+00
    150.006    -1.0514   2.774297    -1.0509   2.774442    6.98708    -0.1004    13.8155 0.0000e+00  -61.57667  -53.73417 1154994126 219.987588    34.3666      37143         10  0.000e+00
    149.940    -1.0512   2.774297    -1.0507   2.774442    6.98698    -0.0564    13.8155 0.0000e+00  -61.57667  -53.73417 1154994126 219.987588    34.3664      37144         10  0.000e+00
    149.930    -1.0517   2.774313    -1.0510   2.774442    6.98702    -0.0564    13.8155 0.0000e+00  -61.57667  -53.73417 1154994126 219.987589    34.3671      37145         10  0.000e+00
    150.006    -1.0513   2.774320    -1.0512   2.774459    6.98705    -0.1555    13.8155 0.0000e+00  -61.57667  -53.73417 1154994126 219.987589    34.3668      37146         10  0.000e+00
    149.930    -1.0513   2.774320    -1.0510   2.774448    6.99175    -0.1225    13.8155 0.0000e+00  -61.57667  -53.73417 1154994126 219.987590    34.3668      37147         10  0.000e+00
    150.006    -1.0512   2.774283    -1.0513   2.774442    6.98705    -0.0343    13.8155 0.0000e+00  -61.57667  -53.73417 1154994126 219.987590    34.3662      37148         10  0.000e+00
    149.930    -1.0513   2.774274    -1.0510   2.774419    6.99179    -0.0564    13.8155 0.0000e+00  -61.57667  -53.73417 1154994126 219.987591    34.3662      37149         10  0.000e+00
    150.006    -1.0517   2.774290    -1.0510   2.774395    6.98711    -0.1225    13.8155 0.0000e+00  -61.57667  -53.73417 1154994126 219.987591    34.3668      37150         10  0.000e+00
    149.930    -1.0513   2.774277    -1.0515   2.774407    6.98700    -0.1445    13.8155 0.0000e+00  -61.57667  -53.73417 1154994126 219.987592    34.3663      37151         10  0.000e+00
    150.006    -1.0514   2.774290    -1.0513   2.774413    6.98708    -0.1445    13.8155 0.0000e+00  -61.57667  -53.73417 1154994126 219.987592    34.3665      37152         10  0.000e+00
    149.940    -1.0515   2.774297    -1.0518   2.774413    6.98702    -0.1004    13.8155 0.0000e+00  -61.57667  -53.73417 1154994126 219.987593    34.3668      37153         10  0.000e+00
    150.006    -1.0517   2.774297    -1.0513   2.774413    6.98711    -0.0233    13.8155 0.0000e+00  -61.57667  -53.73417 1154994126 219.987593    34.3669      37154         10  0.000e+00
    150.006    -1.0515   2.774277    -1.0513   2.774430    6.98710    -0.0564    13.8155 0.0000e+00  -61.57667  -53.73417 1154994126 219.987594    34.3664      37155         10  0.000e+00
    149.930    -1.0514   2.774290    -1.0513   2.774442    6.98701    -0.0013    13.8155 0.0000e+00  -61.57667  -53.73417 1154994126 219.987594    34.3666      37156         10  0.000e+00
    150.007    -1.0513   2.774297    -1.0516   2.774419    6.98706    -0.0343    13.8155 0.0000e+00  -61.57667  -53.73417 1154994127 219.987595    34.3665      37157         10  0.000e+00
    150.007    -1.0517   2.774297    -1.0512   2.774453    6.98711    -0.0784    13.8155 0.0000e+00  -61.57667  -53.73417 1154994127 219.987595    34.3669      37158         10  0.000e+00
    150.007    -1.0518   2.774313    -1.0510   2.774448    6.98712    -0.0894    13.8155 0.0000e+00  -61.57667  -53.73417 1154994127 219.987595    34.3673      37159         10  0.000e+00
    150.007    -1.0513   2.774320    -1.0516   2.774442    6.98705    -0.0564    13.8155 0.0000e+00  -61.57667  -53.73417 1154994127 219.987596    34.3668      37160         10  0.000e+00
    149.930    -1.0518   2.774267    -1.0512   2.774419    6.99185    -0.0784    13.8155 0.0000e+00  -61.57667  -53.73417 1154994127 219.987596    34.3666      37161         10  0.000e+00
    150.007    -1.0513   2.774283    -1.0516   2.774413    6.99185    -0.0564    13.8155 0.0000e+00  -61.57667  -53.73417 1154994127 219.987597    34.3663      37162         10  0.000e+00
    150.007    -1.0518   2.774260    -1.0513   2.774430    6.98715    -0.0784    13.8155 0.0000e+00  -61.57667  -53.73417 1154994127 219.987597    34.3665      37163         10  0.000e+00
    150.007    -1.0513   2.774267    -1.0510   2.774459    6.98708    -0.1004    13.8155 0.0000e+00  -61.57667  -53.73417 1154994127 219.987598    34.3661      37164         10  0.000e+00
    150.007    -1.0516   2.774274    -1.0513   2.774448    6.98711    -0.0564    13.8155 0.0000e+00  -61.57667  -53.73417 1154994127 219.987598    34.3665      37165         10  0.000e+00
    150.007    -1.0520   2.774290    -1.0512   2.774419    6.98716    -0.0784    13.8155 0.0000e+00  -61.57667  -53.73417 1154994127 219.987599    34.3671      37166         10  0.000e+00
    150.007    -1.0509   2.774277    -1.0513   2.774448    6.98701    -0.0784    13.8155 0.0000e+00  -61.57667  -53.73417 1154994127 219.987599    34.3657      37167         10  0.000e+00
    150.007    -1.0517   2.774290    -1.0513   2.774424    6.98711    -0.0123    13.8155 0.0000e+00  -61.57667  -53.73417 1154994127 219.987600    34.3668      37168         10  0.000e+00
    150.073    -1.0513   2.774313    -1.0512   2.774413    6.98711    -0.0674    13.8155 0.0000e+00  -61.57667  -53.73417 1154994127 219.987600    34.3666      37169         10  0.000e+00
    150.007    -1.0515   2.774260    -1.0515   2.774436    6.98711    -0.1225    13.8155 0.0000e+00  -61.57667  -53.73417 1154994127 219.987601    34.3662      37170         10  0.000e+00
    150.007    -1.0513   2.774264    -1.0512   2.774442    6.99187    -0.1225    13.8155 0.0000e+00  -61.57667  -53.73417 1154994127 219.987601    34.3661      37171         10  0.000e+00
    150.007    -1.0517   2.774290    -1.0513   2.774442    6.98711    -0.1225    13.8155 0.0000e+00  -61.57667  -53.73417 1154994127 219.987602    34.3668      37172         10  0.000e+00
    150.007    -1.0517   2.774297    -1.0512   2.774442    6.98711    -0.0343    13.8155 0.0000e+00  -61.57667  -53.73417 1154994127 219.987602    34.3669      37173         10  0.000e+00
    150.007    -1.0516   2.774297    -1.0510   2.774419    6.98710    -0.0564    13.8155 0.0000e+00  -61.57667  -53.73417 1154994127 219.987603    34.3668      37174         10  0.000e+00
    150.083    -1.0512   2.774297    -1.0515   2.774430    6.98712    -0.1004    13.8155 0.0000e+00  -61.57667  -53.73417 1154994127 219.987603    34.3663      37175         10  0.000e+00
    150.007    -1.0512   2.774277    -1.0513   2.774419    6.98706    -0.1335    13.8155 0.0000e+00  -61.57667  -53.73417 1154994127 219.987604    34.3661      37176         10  0.000e+00
    150.007    -1.0513   2.774290    -1.0515   2.774430    6.98707    -0.1004    13.8155 0.0000e+00  -61.57667  -53.73417 1154994127 219.987604    34.3664      37177         10  0.000e+00
    150.074    -1.0513   2.774297    -1.0516   2.774459    6.98712    -0.0233    13.8155 0.0000e+00  -61.57667  -53.73417 1154994127 219.987605    34.3664      37178         10  0.000e+00
    150.007    -1.0515   2.774313    -1.0512   2.774448    6.98708    -0.0013    13.8155 0.0000e+00  -61.57667  -53.73417 1154994127 219.987605    34.3669      37179         10  0.000e+00
    150.007    -1.0515   2.774320    -1.0513   2.774442    6.98707    -0.0674    13.8155 0.0000e+00  -61.57667  -53.73417 1154994127 219.987606    34.3670      37180         10  0.000e+00
    150.074    -1.0512   2.774320    -1.0513   2.774442    6.98709    -0.0564    13.8155 0.0000e+00  -61.57667  -53.73417 1154994128 219.987606    34.3666      37181         10  0.000e+00
    150.217    -1.0507   2.774356    -1.0500   2.774517    6.98714    -0.0564    13.8155 0.0000e+00  -61.57667  -53.73417 1154994129 219.987619    34.3665      37208         11  0.000e+00
    150.074    -1.0508   2.774343    -1.0501   2.774500    6.98702    -0.0674    13.8155 0.0000e+00  -61.57667  -53.73417 1154994129 219.987620    34.3665      37209         11  0.000e+00
    149.931    -1.0506   2.774356    -1.0507   2.774552    6.98684    -0.0343    13.8155 0.0000e+00  -61.57667  -53.73417 1154994129 219.987620    34.3665      37210         11  0.000e+00
    150.084    -1.0511   2.774363    -1.0507   2.774511    6.98705    -0.0343    13.8155 0.0000e+00  -61.57667  -53.73417 1154994129 219.987621    34.3670      37211         11  0.000e+00
    150.141    -1.0509   2.774363    -1.0506   2.774529    6.98709    -0.0674    13.8155 0.0000e+00  -61.57667  -53.73417 1154994129 219.987621    34.3668      37212         11  0.000e+00
    150.074    -1.0508   2.774395    -1.0500   2.774546    6.98699    -0.0013    13.8155 0.0000e+00  -61.57667  -53.73417 1154994129 219.987622    34.3672      37213         11  0.000e+00
    150.141    -1.0500   2.774356    -1.0507   2.774546    6.98696    -0.0013    13.8155 0.0000e+00  -61.57667  -53.73417 1154994129 219.987622    34.3657      37214         11  0.000e+00
    150.007    -1.0504   2.774389    -1.0501   2.774523    6.98687    -0.0233    13.8155 0.0000e+00  -61.57667  -53.73417 1154994129 219.987622    34.3667      37215         11  0.000e+00
    150.074    -1.0501   2.774409    -1.0504   2.774535    6.98688    -0.0674    13.8155 0.0000e+00  -61.57667  -53.73417 1154994129 219.987623    34.3666      37216         11  0.000e+00
    150.141    -1.0502   2.774425    -1.0501   2.774546    6.99173    -0.1555    13.8155 0.0000e+00  -61.57667  -53.73417 1154994129 219.987623    34.3669      37217         11  0.000e+00
    150.074    -1.0501   2.774432    -1.0501   2.774546    6.98687    -0.1665    13.8155 0.0000e+00  -61.57667  -53.73417 1154994129 219.987624    34.3669      37218         11  0.000e+00
    150.141    -1.0503   2.774412    -1.0503   2.774523    6.98697    -0.1445    13.8155 0.0000e+00  -61.57667  -53.73417 1154994129 219.987624    34.3668      37219         11  0.000e+00
    150.084    -1.0506   2.774389    -1.0501   2.774535    6.98697    -0.0784    13.8155 0.0000e+00  -61.57667  -53.73417 1154994129 219.987625    34.3669      37220         11  0.000e+00
    150.074    -1.0501   2.774402    -1.0506   2.774546    6.98689    -0.1004    13.8155 0.0000e+00  -61.57667  -53.73417 1154994129 219.987625    34.3665      37221         11  0.000e+00
    150.141    -1.0503   2.774389    -1.0500   2.774564    6.98699    -0.1886    13.8155 0.0000e+00  -61.57667  -53.73417 1154994129 219.987626    34.3665      37222         11  0.000e+00
    150.074    -1.0503   2.774386    -1.0498   2.774575    6.99170    -0.1445    13.8155 0.0000e+00  -61.57667  -53.73417 1154994129 219.987626    34.3665      37223         11  0.000e+00
    150.151    -1.0504   2.774435    -1.0501   2.774575    6.99176    -0.1225    13.8155 0.0000e+00  -61.57667  -53.73417 1154994129 219.987627    34.3673      37224         11  0.000e+00
    150.074    -1.0500   2.774382    -1.0497   2.774552    6.98688    -0.0784    13.8155 0.0000e+00  -61.57667  -53.73417 1154994129 219.987627    34.3661      37225         11  0.000e+00
    150.141    -1.0508   2.774395    -1.0498   2.774587    6.98705    -0.0784    13.8155 0.0000e+00  -61.57667  -53.73417 1154994129 219.987628    34.3672      37226         11  0.000e+00
    150.074    -1.0504   2.774425    -1.0498   2.774621    6.98691    -0.0894    13.8155 0.0000e+00  -61.57667  -53.73417 1154994129 219.987628    34.3672      37227         11  0.000e+00
