product_data/regression_test/downloaded_data/MDGS/320620060703/ctd/p6623103.cnv
* Sea-Bird SBE 9 Data File:
* FileName = D:\Data\Raw\p6623103.dat
* Software Version Seasave Win32 V 5.32
* Temperature SN = 1649
* Conductivity SN = 1431
* Number of Bytes Per Scan = 37
* Number of Voltage Words = 5
* Number of Scans Averaged by the Deck Unit = 1
* NMEA Latitude = 61 55.05 S
* NMEA Longitude = 053 03.29 W
* NMEA UTC (Time) = 04:30:49
** Ship:   Nathaniel B. Palmer 
** Cruise:    NBP0606 
# nquan = 15
# nvalues = 1942                        
# units = specified
# name 0 = prDM: Pressure, Digiquartz [db]
# name 1 = t090C: Temperature [ITS-90, deg C]
# name 2 = c0S/m: Conductivity [S/m]
# name 3 = t190C: Temperature, 2 [ITS-90, deg C]
# name 4 = c1S/m: Conductivity, 2 [S/m]
# name 5 = sbeox0ML/L: Oxygen, SBE 43 [ml/l]
# name 6 = flECO-AFL: Fluorescence, Wetlab ECO-AFL/FL [mg/m^3]
# name 7 = bat: Beam Attenuation, Chelsea/Seatech/Wetlab CStar [1/m]
# name 8 = spar: SPAR/Surface Irradiance
# name 9 = latitude: Latitude [deg]
# name 10 = longitude: Longitude [deg]
# name 11 = timeY: Time, System [seconds]
# name 12 = timeJ: Julian Days
# name 13 = sal00: Salinity [PSU]
# name 14 = flag: flag
# span 0 =      2.000,   1943.000       
# span 1 =    -1.7300,    -0.0746       
# span 2 =   2.720574,   2.950431       
# span 3 =    -1.7290,    -0.0746       
# span 4 =   2.720939,   2.950577       
# span 5 =    5.79343,    7.28749       
# span 6 =    -0.1472,     0.0867       
# span 7 =    13.8155,    13.8155       
# span 8 = -5.269e-03, 9.4212e-01       
# span 9 =  -61.91750,  -61.91750       
# span 10 =  -53.05483,  -53.05483      
# span 11 = 1154925192, 1154927650      
# span 12 = 219.189741, 219.218195      
# span 13 =    34.3178,    35.1088      
# span 14 = 0.0000e+00, 0.0000e+00      
# interval = decibars: 1                
# start_time = Aug 07 2006 04:32:17
# bad_flag = -9.990e-29
*END*
[from data line 868]
    870.000    -0.1852   2.898090    -0.1850   2.898233    5.85154    -0.0733    13.8155 0.0000e+00  -61.91750  -53.05483 1154926335 219.202975    34.6149 0.0000e+00
    871.000    -0.1880   2.897841    -0.1887   2.897917    5.85050    -0.0998    13.8155 0.0000e+00  -61.91750  -53.05483 1154926336 219.202988    34.6142 0.0000e+00
    872.000    -0.1878   2.897920    -0.1888   2.897944    5.85061    -0.0947    13.8155 0.0000e+00  -61.91750  -53.05483 1154926337 219.203002    34.6146 0.0000e+00
    873.000    -0.1869   2.898044    -0.1870   2.898144    5.84828    -0.0931    13.8155 0.0000e+00  -61.91750  -53.05483 1154926338 219.203016    34.6146 0.0000e+00
    874.000    -0.1866   2.898124    -0.1869   2.898217    5.84665    -0.1031    13.8155 0.0000e+00  -61.91750  -53.05483 1154926340 219.203029    34.6148 0.0000e+00
    875.000    -0.1873   2.898099    -0.1864   2.898305    5.84637    -0.0935    13.8155 0.0000e+00  -61.91750  -53.05483 1154926341 219.203043    34.6147 0.0000e+00
    876.000    -0.1884   2.898027    -0.1876   2.898218    5.84682    -0.1003    13.8155 0.0000e+00  -61.91750  -53.05483 1154926342 219.203057    34.6144 0.0000e+00
    877.000    -0.1859   2.898318    -0.1863   2.898403    5.84706    -0.1201    13.8155 0.0000e+00  -61.91750  -53.05483 1154926343 219.203071    34.6150 0.0000e+00
    878.000    -0.1861   2.898343    -0.1853   2.898511    5.84572    -0.0849    13.8155 0.0000e+00  -61.91750  -53.05483 1154926344 219.203084    34.6148 0.0000e+00
    879.000    -0.1794   2.899058    -0.1793   2.899173    5.84304    -0.1018    13.8155 0.0000e+00  -61.91750  -53.05483 1154926346 219.203098    34.6160 0.0000e+00
    880.000    -0.1771   2.899335    -0.1762   2.899526    5.84100    -0.1061    13.8155 0.0000e+00  -61.91750  -53.05483 1154926347 219.203111    34.6165 0.0000e+00
    881.000    -0.1744   2.899670    -0.1747   2.899734    5.83479    -0.1314    13.8155 0.0000e+00  -61.91750  -53.05483 1154926348 219.203125    34.6173 0.0000e+00
    882.000    -0.1717   2.899973    -0.1716   2.900098    5.83448    -0.0985    13.8155 0.0000e+00  -61.91750  -53.05483 1154926349 219.203138    34.6176 0.0000e+00
    883.000    -0.1719   2.899989    -0.1715   2.900140    5.83523    -0.1061    13.8155 0.0000e+00  -61.91750  -53.05483 1154926350 219.203151    34.6175 0.0000e+00
    884.000    -0.1708   2.900148    -0.1706   2.900288    5.83591    -0.1307    13.8155 0.0000e+00  -61.91750  -53.05483 1154926351 219.203165    34.6179 0.0000e+00
    885.000    -0.1704   2.900223    -0.1702   2.900374    5.83588    -0.1046    13.8155 0.0000e+00  -61.91750  -53.05483 1154926352 219.203178    34.6179 0.0000e+00
    886.000    -0.1683   2.900499    -0.1686   2.900582    5.83441    -0.1043    13.8155 0.0000e+00  -61.91750  -53.05483 1154926354 219.203192    34.6186 0.0000e+00
    887.000    -0.1688   2.900472    -0.1688   2.900603    5.83286    -0.1218    13.8155 0.0000e+00  -61.91750  -53.05483 1154926355 219.203205    34.6182 0.0000e+00
    888.000    -0.1677   2.900636    -0.1678   2.900752    5.83105    -0.1179    13.8155 0.0000e+00  -61.91750  -53.05483 1154926356 219.203219    34.6186 0.0000e+00
    889.000    -0.1652   2.900947    -0.1657   2.901003    5.82659    -0.1075    13.8155 0.0000e+00  -61.91750  -53.05483 1154926357 219.203233    34.6192 0.0000e+00
    890.000    -0.1665   2.900851    -0.1664   2.900971    5.82492    -0.1079    13.8155 0.0000e+00  -61.91750  -53.05483 1154926358 219.203246    34.6190 0.0000e+00
    891.000    -0.1662   2.900930    -0.1659   2.901071    5.82477    -0.0971    13.8155 0.0000e+00  -61.91750  -53.05483 1154926360 219.203260    34.6191 0.0000e+00
    892.000    -0.1660   2.900990    -0.1662   2.901084    5.82594    -0.1182    13.8155 0.0000e+00  -61.91750  -53.05483 1154926361 219.203273    34.6192 0.0000e+00
    893.000    -0.1650   2.901125    -0.1641   2.901344    5.82697    -0.1126    13.8155 0.0000e+00  -61.91750  -53.05483 1154926362 219.203287    34.6191 0.0000e+00
    894.000    -0.1628   2.901407    -0.1622   2.901563    5.82756    -0.1290    13.8155 0.0000e+00  -61.91750  -53.05483 1154926363 219.203300    34.6198 0.0000e+00
    895.000    -0.1610   2.901609    -0.1619   2.901643    5.82831    -0.1062    13.8155 0.0000e+00  -61.91750  -53.05483 1154926364 219.203313    34.6198 0.0000e+00
    896.000    -0.1635   2.901377    -0.1638   2.901469    5.82752    -0.1159    13.8155 0.0000e+00  -61.91750  -53.05483 1154926365 219.203327    34.6191 0.0000e+00
    897.000    -0.1645   2.901307    -0.1640   2.901481    5.82513    -0.0857    13.8155 0.0000e+00  -61.91750  -53.05483 1154926366 219.203340    34.6187 0.0000e+00
    898.000    -0.1634   2.901486    -0.1630   2.901629    5.82471    -0.1194    13.8155 0.0000e+00  -61.91750  -53.05483 1154926368 219.203353    34.6193 0.0000e+00
    899.000    -0.1633   2.901511    -0.1632   2.901651    5.82315    -0.1057    13.8155 0.0000e+00  -61.91750  -53.05483 1154926369 219.203367    34.6189 0.0000e+00
    900.000    -0.1638   2.901491    -0.1636   2.901630    5.82502    -0.0870    13.8155 0.0000e+00  -61.91750  -53.05483 1154926370 219.203380    34.6187 0.0000e+00
    901.000    -0.1644   2.901464    -0.1641   2.901599    5.82652    -0.1068    13.8155 0.0000e+00  -61.91750  -53.05483 1154926371 219.203393    34.6184 0.0000e+00
    902.000    -0.1637   2.901565    -0.1631   2.901748    5.82709    -0.1094    13.8155 0.0000e+00  -61.91750  -53.05483 1154926372 219.203407    34.6185 0.0000e+00
    903.000    -0.1628   2.901739    -0.1628   2.901833    5.82607    -0.1182    13.8155 0.0000e+00  -61.91750  -53.05483 1154926373 219.203420    34.6191 0.0000e+00
    904.000    -0.1620   2.901881    -0.1617   2.902032    5.82435    -0.1060    13.8155 0.0000e+00  -61.91750  -53.05483 1154926375 219.203434    34.6195 0.0000e+00
    905.000    -0.1613   2.901996    -0.1610   2.902150    5.82433    -0.1055    13.8155 0.0000e+00  -61.91750  -53.05483 1154926376 219.203447    34.6196 0.0000e+00
    906.000    -0.1606   2.902107    -0.1606   2.902256    5.82595    -0.0921    13.8155 0.0000e+00  -61.91750  -53.05483 1154926377 219.203461    34.6198 0.0000e+00
    907.000    -0.1606   2.902165    -0.1601   2.902321    5.82660    -0.1022    13.8155 0.0000e+00  -61.91750  -53.05483 1154926378 219.203474    34.6199 0.0000e+00
    908.000    -0.1593   2.902391    -0.1590   2.902535    5.82469    -0.1115    13.8155 0.0000e+00  -61.91750  -53.05483 1154926379 219.203488    34.6209 0.0000e+00
    909.000    -0.1591   2.902459    -0.1585   2.902629    5.82167    -0.1046    13.8155 0.0000e+00  -61.91750  -53.05483 1154926380 219.203501    34.6209 0.0000e+00
    910.000    -0.1587   2.902551    -0.1582   2.902702    5.82394    -0.0748    13.8155 0.0000e+00  -61.91750  -53.05483 1154926382 219.203514    34.6211 0.0000e+00
    911.000    -0.1588   2.902562    -0.1585   2.902712    5.82465    -0.0873    13.8155 0.0000e+00  -61.91750  -53.05483 1154926383 219.203528    34.6208 0.0000e+00
    912.000    -0.1594   2.902522    -0.1590   2.902682    5.82532    -0.0989    13.8155 0.0000e+00  -61.91750  -53.05483 1154926384 219.203541    34.6203 0.0000e+00
    913.000    -0.1592   2.902574    -0.1596   2.902634    5.82607    -0.1120    13.8155 0.0000e+00  -61.91750  -53.05483 1154926385 219.203554    34.6204 0.0000e+00
    914.000    -0.1597   2.902561    -0.1594   2.902722    5.82693    -0.1153    13.8155 0.0000e+00  -61.91750  -53.05483 1154926386 219.203568    34.6202 0.0000e+00
    915.000    -0.1589   2.902697    -0.1586   2.902831    5.82765    -0.1266    13.8155 0.0000e+00  -61.91750  -53.05483 1154926387 219.203581    34.6205 0.0000e+00
    916.000    -0.1584   2.902789    -0.1580   2.902951    5.82831    -0.1157    13.8155 0.0000e+00  -61.91750  -53.05483 1154926388 219.203594    34.6206 0.0000e+00
    917.000    -0.1585   2.902831    -0.1582   2.902985    5.82459    -0.0961    13.8155 0.0000e+00  -61.91750  -53.05483 1154926390 219.203608    34.6206 0.0000e+00
    918.000    -0.1587   2.902851    -0.1584   2.903011    5.82214    -0.0977    13.8155 0.0000e+00  -61.91750  -53.05483 1154926391 219.203621    34.6206 0.0000e+00
    919.000    -0.1584   2.902930    -0.1582   2.903081    5.82021    -0.1160    13.8155 0.0000e+00  -61.91750  -53.05483 1154926392 219.203635    34.6207 0.0000e+00
    920.000    -0.1579   2.903042    -0.1579   2.903161    5.82016    -0.0984    13.8155 0.0000e+00  -61.91750  -53.05483 1154926393 219.203648    34.6211 0.0000e+00
    921.000    -0.1579   2.903076    -0.1576   2.903222    5.81811    -0.0939    13.8155 0.0000e+00  -61.91750  -53.05483 1154926394 219.203661    34.6209 0.0000e+00
    922.000    -0.1573   2.903166    -0.1561   2.903397    5.82023    -0.0970    13.8155 0.0000e+00  -61.91750  -53.05483 1154926395 219.203674    34.6208 0.0000e+00
    923.000    -0.1565   2.903295    -0.1562   2.903438    5.82293    -0.1168    13.8155 0.0000e+00  -61.91750  -53.05483 1154926397 219.203688    34.6211 0.0000e+00
    924.000    -0.1566   2.903343    -0.1561   2.903516    5.82208    -0.1038    13.8155 0.0000e+00  -61.91750  -53.05483 1154926398 219.203701    34.6213 0.0000e+00
    925.000    -0.1561   2.903435    -0.1557   2.903588    5.82002    -0.1085    13.8155 0.0000e+00  -61.91750  -53.05483 1154926399 219.203714    34.6213 0.0000e+00
    926.000    -0.1556   2.903523    -0.1551   2.903692    5.82011    -0.1200    13.8155 0.0000e+00  -61.91750  -53.05483 1154926400 219.203727    34.6214 0.0000e+00
    927.000    -0.1541   2.903696    -0.1545   2.903791    5.81826    -0.1354    13.8155 0.0000e+00  -61.91750  -53.05483 1154926401 219.203741    34.6214 0.0000e+00
    928.000    -0.1538   2.903758    -0.1536   2.903908    5.81735    -0.1166    13.8155 0.0000e+00  -61.91750  -53.05483 1154926402 219.203754    34.6213 0.0000e+00
    929.000    -0.1544   2.903763    -0.1539   2.903932    5.81819    -0.1109    13.8155 0.0000e+00  -61.91750  -53.05483 1154926403 219.203767    34.6214 0.0000e+00
    930.000    -0.1546   2.903792    -0.1541   2.903966    5.81817    -0.0973    13.8155 0.0000e+00  -61.91750  -53.05483 1154926405 219.203781    34.6215 0.0000e+00
    931.000    -0.1545   2.903852    -0.1543   2.903988    5.81883    -0.0994    13.8155 0.0000e+00  -61.91750  -53.05483 1154926406 219.203794    34.6216 0.0000e+00
    932.000    -0.1553   2.903815    -0.1550   2.903945    5.81959    -0.1194    13.8155 0.0000e+00  -61.91750  -53.05483 1154926407 219.203807    34.6215 0.0000e+00
    933.000    -0.1542   2.903965    -0.1542   2.904082    5.81895    -0.1060    13.8155 0.0000e+00  -61.91750  -53.05483 1154926408 219.203821    34.6217 0.0000e+00
    934.000    -0.1541   2.904008    -0.1538   2.904176    5.81916    -0.1083    13.8155 0.0000e+00  -61.91750  -53.05483 1154926409 219.203834    34.6215 0.0000e+00
    935.000    -0.1547   2.904010    -0.1541   2.904178    5.82001    -0.0970    13.8155 0.0000e+00  -61.91750  -53.05483 1154926410 219.203847    34.6216 0.0000e+00
    936.000    -0.1540   2.904107    -0.1545   2.904201    5.82116    -0.0955    13.8155 0.0000e+00  -61.91750  -53.05483 1154926411 219.203860    34.6217 0.0000e+00
    937.000    -0.1535   2.904190    -0.1536   2.904319    5.82127    -0.0936    13.8155 0.0000e+00  -61.91750  -53.05483 1154926413 219.203874    34.6215 0.0000e+00
    938.000    -0.1543   2.904168    -0.1539   2.904330    5.82045    -0.0847    13.8155 0.0000e+00  -61.91750  -53.05483 1154926414 219.203887    34.6215 0.0000e+00
    939.000    -0.1550   2.904155    -0.1549   2.904295    5.81997    -0.1005    13.8155 0.0000e+00  -61.91750  -53.05483 1154926415 219.203900    34.6217 0.0000e+00
    940.000    -0.1576   2.903953    -0.1575   2.904109    5.81802    -0.1070    13.8155 0.0000e+00  -61.91750  -53.05483 1154926416 219.203914    34.6214 0.0000e+00
    941.000    -0.1569   2.904076    -0.1566   2.904220    5.81643    -0.0976    13.8155 0.0000e+00  -61.91750  -53.05483 1154926417 219.203927    34.6217 0.0000e+00
    942.000    -0.1566   2.904134    -0.1566   2.904272    5.81749    -0.1039    13.8155 0.0000e+00  -61.91750  -53.05483 1154926418 219.203940    34.6215 0.0000e+00
    943.000    -0.1562   2.904233    -0.1557   2.904394    5.81948    -0.1368    13.8155 0.0000e+00  -61.91750  -53.05483 1154926419 219.203953    34.6217 0.0000e+00
    944.000    -0.1547   2.904403    -0.1542   2.904577    5.82036    -0.1137    13.8155 0.0000e+00  -61.91750  -53.05483 1154926421 219.203967    34.6217 0.0000e+00
    945.000    -0.1550   2.904421    -0.1546   2.904594    5.82121    -0.1061    13.8155 0.0000e+00  -61.91750  -53.05483 1154926422 219.203980    34.6216 0.0000e+00
    946.000    -0.1576   2.904204    -0.1575   2.904369    5.82584    -0.1101    13.8155 0.0000e+00  -61.91750  -53.05483 1154926423 219.203994    34.6212 0.0000e+00
    947.000    -0.1645   2.903665    -0.1642   2.903831    5.82790    -0.0992    13.8155 0.0000e+00  -61.91750  -53.05483 1154926424 219.204007    34.6215 0.0000e+00
    948.000    -0.1649   2.903674    -0.1649   2.903824    5.82956    -0.1127    13.8155 0.0000e+00  -61.91750  -53.05483 1154926425 219.204020    34.6215 0.0000e+00
    949.000    -0.1652   2.903720    -0.1649   2.903886    5.82919    -0.1024    13.8155 0.0000e+00  -61.91750  -53.05483 1154926426 219.204034    34.6219 0.0000e+00
    950.000    -0.1651   2.903777    -0.1648   2.903939    5.82960    -0.0830    13.8155 0.0000e+00  -61.91750  -53.05483 1154926428 219.204047    34.6219 0.0000e+00
    951.000    -0.1628   2.904006    -0.1631   2.904110    5.82971    -0.1172    13.8155 0.0000e+00  -61.91750  -53.05483 1154926429 219.204061    34.6217 0.0000e+00
    952.000    -0.1621   2.904114    -0.1622   2.904228    5.83050    -0.0975    13.8155 0.0000e+00  -61.91750  -53.05483 1154926430 219.204074    34.6217 0.0000e+00
    953.000    -0.1623   2.904130    -0.1619   2.904298    5.82890    -0.1223    13.8155 0.0000e+00  -61.91750  -53.05483 1154926431 219.204088    34.6216 0.0000e+00
    954.000    -0.1603   2.904348    -0.1592   2.904556    5.82767    -0.1293    13.8155 0.0000e+00  -61.91750  -53.05483 1154926432 219.204101    34.6216 0.0000e+00
    955.000    -0.1567   2.904677    -0.1568   2.904801    5.82755    -0.1173    13.8155 0.0000e+00  -61.91750  -53.05483 1154926433 219.204114    34.6211 0.0000e+00
    956.000    -0.1569   2.904707    -0.1567   2.904856    5.82564    -0.1202    13.8155 0.0000e+00  -61.91750  -53.05483 1154926435 219.204128    34.6212 0.0000e+00
    957.000    -0.1568   2.904760    -0.1564   2.904925    5.82432    -0.1047    13.8155 0.0000e+00  -61.91750  -53.05483 1154926436 219.204141    34.6212 0.0000e+00
    958.000    -0.1563   2.904854    -0.1558   2.905026    5.82491    -0.1197    13.8155 0.0000e+00  -61.91750  -53.05483 1154926437 219.204154    34.6213 0.0000e+00
    959.000    -0.1559   2.904917    -0.1559   2.905050    5.82572    -0.1261    13.8155 0.0000e+00  -61.91750  -53.05483 1154926438 219.204168    34.6212 0.0000e+00
    960.000    -0.1572   2.904854    -0.1572   2.904987    5.82647    -0.1005    13.8155 0.0000e+00  -61.91750  -53.05483 1154926439 219.204181    34.6213 0.0000e+00
    961.000    -0.1574   2.904881    -0.1574   2.905020    5.82784    -0.0886    13.8155 0.0000e+00  -61.91750  -53.05483 1154926440 219.204195    34.6213 0.0000e+00
    962.000    -0.1573   2.904931    -0.1569   2.905087    5.82557    -0.1337    13.8155 0.0000e+00  -61.91750  -53.05483 1154926442 219.204208    34.6213 0.0000e+00
    963.000    -0.1589   2.904836    -0.1588   2.904970    5.82567    -0.1113    13.8155 0.0000e+00  -61.91750  -53.05483 1154926443 219.204221    34.6213 0.0000e+00
    964.000    -0.1583   2.904934    -0.1585   2.905050    5.82575    -0.1282    13.8155 0.0000e+00  -61.91750  -53.05483 1154926444 219.204235    34.6213 0.0000e+00
