product_data/regression_test/downloaded_data/MDGS/320620060703/ctd/p6620701.ros
* Sea-Bird SBE 9 Data File:
* FileName = D:\Data\Raw\p6620701.dat
* Software Version Seasave Win32 V 5.32
* Temperature SN = 1649
* Conductivity SN = 1431
* Number of Bytes Per Scan = 37
* Number of Voltage Words = 5
* Number of Scans Averaged by the Deck Unit = 1
* NMEA Latitude = 64 36.87 S
* NMEA Longitude = 062 51.09 W
* NMEA UTC (Time) = 03:59:03
** Ship:   Nathaniel B. Palmer 
** Cruise:    NBP0606 
# nquan = 17
# nvalues = 1176                    
# units = specified
# name 0 = prDM: Pressure, Digiquartz [db]
# name 1 = t090C: Temperature [ITS-90, deg C]
# name 2 = c0S/m: Conductivity [S/m]
# name 3 = t190C: Temperature, 2 [ITS-90, deg C]
# name 4 = c1S/m: Conductivity, 2 [S/m]
# name 5 = sbeox0ML/L: Oxygen, SBE 43 [ml/l]
# name 6 = flECO-AFL: Fluorescence, Wetlab ECO-AFL/FL [mg/m^3]
# name 7 = bat: Beam Attenuation, Chelsea/Seatech/Wetlab CStar [1/m]
# name 8 = spar: SPAR/Surface Irradiance
# name 9 = latitude: Latitude [deg]
# name 10 = longitude: Longitude [deg]
# name 11 = timeY: Time, System [seconds]
# name 12 = timeJ: Julian Days
# name 13 = sal00: Salinity [PSU]
# name 14 = scan: scan number
# name 15 = nbf: number of bottles fired
# name 16 = flag:  0.000e+00
# interval = seconds: 0.0416667                   
# start_time = Jul 29 2006 03:59:10
*END*
    534.905     0.1204   2.902692     0.1206   2.902953    5.89373     0.0207    13.8155 0.0000e+00  -64.61450  -62.85150 1154146541 210.177552    34.5282      23772          1  0.000e+00
    534.838     0.1202   2.902692     0.1211   2.902947    5.89858     0.0207    13.8155 0.0000e+00  -64.61450  -62.85150 1154146541 210.177552    34.5283      23773          1  0.000e+00
    534.838     0.1204   2.902678     0.1209   2.902947    5.89857    -0.0454    13.8155 0.0000e+00  -64.61450  -62.85150 1154146541 210.177553    34.5280      23774          1  0.000e+00
    534.905     0.1202   2.902689     0.1206   2.902965    5.89375    -0.0454    13.8155 0.0000e+00  -64.61450  -62.85150 1154146541 210.177553    34.5282      23775          1  0.000e+00
    534.838     0.1204   2.902695     0.1207   2.902959    5.89856    -0.0123    13.8155 0.0000e+00  -64.61450  -62.85150 1154146541 210.177554    34.5282      23776          1  0.000e+00
    534.905     0.1204   2.902715     0.1205   2.902965    5.89860    -0.0343    13.8155 0.0000e+00  -64.61450  -62.85150 1154146541 210.177554    34.5284      23777          1  0.000e+00
    534.838     0.1204   2.902702     0.1204   2.902953    5.89855    -0.0674    13.8155 0.0000e+00  -64.61450  -62.85150 1154146541 210.177554    34.5283      23778          1  0.000e+00
    534.838     0.1199   2.902715     0.1206   2.902965    5.89860    -0.0454    13.8155 0.0000e+00  -64.61450  -62.85150 1154146541 210.177555    34.5290      23779          1  0.000e+00
    534.905     0.1204   2.902702     0.1206   2.902971    5.89372    -0.0564    13.8155 0.0000e+00  -64.61450  -62.85150 1154146541 210.177555    34.5282      23780          1  0.000e+00
    534.838     0.1200   2.902699     0.1206   2.902959    5.89371    -0.0233    13.8155 0.0000e+00  -64.61450  -62.85150 1154146541 210.177556    34.5286      23781          1  0.000e+00
    534.905     0.1204   2.902695     0.1205   2.902989    5.89372    -0.0454    13.8155 0.0000e+00  -64.61450  -62.85150 1154146541 210.177556    34.5281      23782          1  0.000e+00
    534.838     0.1204   2.902678     0.1204   2.902965    5.89368    -0.0454    13.8155 0.0000e+00  -64.61450  -62.85150 1154146541 210.177557    34.5280      23783          1  0.000e+00
    534.905     0.1204   2.902692     0.1203   2.902947    5.89861    -0.0564    13.8155 0.0000e+00  -64.61450  -62.85150 1154146541 210.177557    34.5281      23784          1  0.000e+00
    534.838     0.1200   2.902712     0.1205   2.902930    5.89859    -0.0674    13.8155 0.0000e+00  -64.61450  -62.85150 1154146541 210.177558    34.5288      23785          1  0.000e+00
    534.838     0.1209   2.902685     0.1204   2.902959    5.89362    -0.0894    13.8155 0.0000e+00  -64.61450  -62.85150 1154146541 210.177558    34.5275      23786          1  0.000e+00
    534.905     0.1204   2.902709     0.1206   2.902971    5.89860    -0.1004    13.8155 0.0000e+00  -64.61450  -62.85150 1154146541 210.177559    34.5283      23787          1  0.000e+00
    534.838     0.1205   2.902702     0.1205   2.902953    5.89854    -0.0233    13.8155 0.0000e+00  -64.61450  -62.85150 1154146541 210.177559    34.5281      23788          1  0.000e+00
    534.905     0.1204   2.902678     0.1206   2.902947    5.89862    -0.0343    13.8155 0.0000e+00  -64.61450  -62.85150 1154146541 210.177560    34.5279      23789          1  0.000e+00
    534.838     0.1208   2.902692     0.1201   2.902988    5.89362    -0.0674    13.8155 0.0000e+00  -64.61450  -62.85150 1154146541 210.177560    34.5277      23790          1  0.000e+00
    534.838     0.1201   2.902699     0.1204   2.902983    5.89370    -0.0123    13.8155 0.0000e+00  -64.61450  -62.85150 1154146541 210.177561    34.5286      23791          1  0.000e+00
    534.905     0.1207   2.902695     0.1203   2.902953    5.89369    -0.0784    13.8155 0.0000e+00  -64.61450  -62.85150 1154146541 210.177561    34.5278      23792          1  0.000e+00
    534.838     0.1207   2.902678     0.1206   2.902965    5.89364    -0.0784    13.8155 0.0000e+00  -64.61450  -62.85150 1154146541 210.177562    34.5276      23793          1  0.000e+00
    534.838     0.1202   2.902692     0.1204   2.902994    5.89858    -0.0894    13.8155 0.0000e+00  -64.61450  -62.85150 1154146541 210.177562    34.5283      23794          1  0.000e+00
    534.905     0.1204   2.902715     0.1204   2.902983    5.89860    -0.1555    13.8155 0.0000e+00  -64.61450  -62.85150 1154146541 210.177563    34.5285      23795          1  0.000e+00
    534.838     0.1207   2.902682     0.1206   2.902935    5.89852    -0.1555    13.8155 0.0000e+00  -64.61450  -62.85150 1154146541 210.177563    34.5276      23796          1  0.000e+00
    534.838     0.1208   2.902709     0.1206   2.902959    5.89361    -0.0894    13.8155 0.0000e+00  -64.61450  -62.85150 1154146541 210.177564    34.5279      23797          1  0.000e+00
    534.905     0.1205   2.902739     0.1203   2.902971    5.89857    -0.1775    13.8155 0.0000e+00  -64.61450  -62.85150 1154146541 210.177564    34.5285      23798          1  0.000e+00
    534.761     0.1208   2.902725     0.1209   2.902935    5.89354    -0.1445    13.8155 0.0000e+00  -64.61450  -62.85150 1154146541 210.177565    34.5281      23799          1  0.000e+00
    534.982     0.1205   2.902702     0.1203   2.902941    5.89865    -0.0233    13.8155 0.0000e+00  -64.61450  -62.85150 1154146541 210.177565    34.5280      23800          1  0.000e+00
    534.905     0.1207   2.902715     0.1206   2.902965    5.89857    -0.0343    13.8155 0.0000e+00  -64.61450  -62.85150 1154146541 210.177566    34.5281      23801          1  0.000e+00
    534.761     0.1201   2.902702     0.1207   2.902994    5.89364    -0.1225    13.8155 0.0000e+00  -64.61450  -62.85150 1154146541 210.177566    34.5287      23802          1  0.000e+00
    534.838     0.1201   2.902695     0.1204   2.902965    5.89859    -0.1225    13.8155 0.0000e+00  -64.61450  -62.85150 1154146541 210.177567    34.5285      23803          1  0.000e+00
    534.838     0.1208   2.902695     0.1205   2.902971    5.89362    -0.1665    13.8155 0.0000e+00  -64.61450  -62.85150 1154146541 210.177567    34.5277      23804          1  0.000e+00
    534.838     0.1204   2.902699     0.1207   2.902971    5.89367    -0.1555    13.8155 0.0000e+00  -64.61450  -62.85150 1154146541 210.177568    34.5282      23805          1  0.000e+00
    534.838     0.1207   2.902712     0.1199   2.902971    5.89363    -0.1114    13.8155 0.0000e+00  -64.61450  -62.85150 1154146541 210.177568    34.5281      23806          1  0.000e+00
    534.761     0.1205   2.902702     0.1209   2.902994    5.89847    -0.1004    13.8155 0.0000e+00  -64.61450  -62.85150 1154146541 210.177568    34.5281      23807          1  0.000e+00
    534.982     0.1208   2.902715     0.1204   2.902983    5.89861    -0.1004    13.8155 0.0000e+00  -64.61450  -62.85150 1154146541 210.177569    34.5279      23808          1  0.000e+00
    534.838     0.1201   2.902722     0.1206   2.902959    5.89858    -0.0784    13.8155 0.0000e+00  -64.61450  -62.85150 1154146541 210.177569    34.5289      23809          1  0.000e+00
    534.838     0.1205   2.902719     0.1206   2.902965    5.89852    -0.1665    13.8155 0.0000e+00  -64.61450  -62.85150 1154146542 210.177570    34.5283      23810          1  0.000e+00
    534.838     0.1205   2.902719     0.1207   2.902935    5.89853    -0.0784    13.8155 0.0000e+00  -64.61450  -62.85150 1154146542 210.177570    34.5284      23811          1  0.000e+00
    534.906     0.1204   2.902722     0.1206   2.902959    5.89859    -0.1225    13.8155 0.0000e+00  -64.61450  -62.85150 1154146542 210.177571    34.5285      23812          1  0.000e+00
    534.838     0.1208   2.902702     0.1203   2.902953    5.89850    -0.1445    13.8155 0.0000e+00  -64.61450  -62.85150 1154146542 210.177571    34.5278      23813          1  0.000e+00
    534.838     0.1202   2.902695     0.1206   2.902971    5.89369    -0.1004    13.8155 0.0000e+00  -64.61450  -62.85150 1154146542 210.177572    34.5284      23814          1  0.000e+00
    534.838     0.1207   2.902699     0.1209   2.902971    5.89363    -0.0564    13.8155 0.0000e+00  -64.61450  -62.85150 1154146542 210.177572    34.5279      23815          1  0.000e+00
    534.838     0.1205   2.902699     0.1203   2.902953    5.89853    -0.0894    13.8155 0.0000e+00  -64.61450  -62.85150 1154146542 210.177573    34.5281      23816          1  0.000e+00
    534.838     0.1204   2.902729     0.1206   2.902947    5.89366    -0.0674    13.8155 0.0000e+00  -64.61450  -62.85150 1154146542 210.177573    34.5287      23817          1  0.000e+00
    534.838     0.1201   2.902709     0.1209   2.902965    5.89370    -0.1004    13.8155 0.0000e+00  -64.61450  -62.85150 1154146542 210.177574    34.5287      23818          1  0.000e+00
    534.838     0.1207   2.902715     0.1209   2.902959    5.89851    -0.1004    13.8155 0.0000e+00  -64.61450  -62.85150 1154146542 210.177574    34.5281      23819          1  0.000e+00
    534.838     0.1208   2.902682     0.1206   2.902965    5.89851    -0.0894    13.8155 0.0000e+00  -64.61450  -62.85150 1154146542 210.177575    34.5275      23820          1  0.000e+00
    534.839     0.1204   2.902715     0.1203   2.902947    5.89855    -0.0564    13.8155 0.0000e+00  -64.61450  -62.85150 1154146545 210.177611    34.5285      23895          2  0.000e+00
    534.907     0.1204   2.902722     0.1207   2.902947    5.89860    -0.0894    13.8155 0.0000e+00  -64.61450  -62.85150 1154146545 210.177611    34.5285      23896          2  0.000e+00
    534.839     0.1204   2.902702     0.1205   2.902947    5.89856    -0.0784    13.8155 0.0000e+00  -64.61450  -62.85150 1154146545 210.177612    34.5283      23897          2  0.000e+00
    534.907     0.1205   2.902678     0.1211   2.902947    5.89860    -0.1335    13.8155 0.0000e+00  -64.61450  -62.85150 1154146545 210.177612    34.5278      23898          2  0.000e+00
    534.983     0.1207   2.902692     0.1203   2.902971    5.89864    -0.0894    13.8155 0.0000e+00  -64.61450  -62.85150 1154146545 210.177613    34.5277      23899          2  0.000e+00
    534.839     0.1199   2.902695     0.1207   2.902953    5.89862    -0.0894    13.8155 0.0000e+00  -64.61450  -62.85150 1154146545 210.177613    34.5287      23900          2  0.000e+00
    534.907     0.1207   2.902715     0.1209   2.902965    5.89856    -0.1004    13.8155 0.0000e+00  -64.61450  -62.85150 1154146545 210.177614    34.5280      23901          2  0.000e+00
    534.907     0.1204   2.902722     0.1208   2.902959    5.89860    -0.0454    13.8155 0.0000e+00  -64.61450  -62.85150 1154146545 210.177614    34.5286      23902          2  0.000e+00
    534.907     0.1205   2.902702     0.1204   2.902965    5.89859    -0.0343    13.8155 0.0000e+00  -64.61450  -62.85150 1154146545 210.177615    34.5281      23903          2  0.000e+00
    534.839     0.1207   2.902712     0.1207   2.902971    5.89851    -0.0343    13.8155 0.0000e+00  -64.61450  -62.85150 1154146545 210.177615    34.5281      23904          2  0.000e+00
    534.907     0.1205   2.902702     0.1208   2.902971    5.89859    -0.0123    13.8155 0.0000e+00  -64.61450  -62.85150 1154146545 210.177616    34.5281      23905          2  0.000e+00
    534.907     0.1207   2.902715     0.1203   2.902994    5.89857     0.0097    13.8155 0.0000e+00  -64.61450  -62.85150 1154146545 210.177616    34.5281      23906          2  0.000e+00
    534.839     0.1202   2.902702     0.1203   2.902983    5.89857    -0.0123    13.8155 0.0000e+00  -64.61450  -62.85150 1154146545 210.177617    34.5285      23907          2  0.000e+00
    534.907     0.1202   2.902715     0.1207   2.902953    5.89862    -0.0784    13.8155 0.0000e+00  -64.61450  -62.85150 1154146545 210.177617    34.5286      23908          2  0.000e+00
    534.907     0.1205   2.902722     0.1204   2.902930    5.89858    -0.0894    13.8155 0.0000e+00  -64.61450  -62.85150 1154146545 210.177618    34.5284      23909          2  0.000e+00
    534.839     0.1204   2.902722     0.1208   2.902941    5.89854    -0.0784    13.8155 0.0000e+00  -64.61450  -62.85150 1154146545 210.177618    34.5285      23910          2  0.000e+00
    534.907     0.1205   2.902702     0.1207   2.902965    5.89859    -0.0454    13.8155 0.0000e+00  -64.61450  -62.85150 1154146545 210.177619    34.5281      23911          2  0.000e+00
    534.907     0.1205   2.902715     0.1207   2.902959    5.90347    -0.0674    13.8155 0.0000e+00  -64.61450  -62.85150 1154146545 210.177619    34.5282      23912          2  0.000e+00
    534.839     0.1205   2.902702     0.1203   2.902947    5.90342    -0.1555    13.8155 0.0000e+00  -64.61450  -62.85150 1154146545 210.177620    34.5281      23913          2  0.000e+00
    534.839     0.1207   2.902712     0.1206   2.902965    5.89851    -0.1225    13.8155 0.0000e+00  -64.61450  -62.85150 1154146547 210.177620    34.5280      23914          2  0.000e+00
    534.907     0.1204   2.902719     0.1205   2.902953    5.89860    -0.1335    13.8155 0.0000e+00  -64.61450  -62.85150 1154146547 210.177621    34.5284      23915          2  0.000e+00
    534.839     0.1204   2.902668     0.1204   2.902930    5.89858    -0.0784    13.8155 0.0000e+00  -64.61450  -62.85150 1154146547 210.177621    34.5279      23916          2  0.000e+00
    534.907     0.1201   2.902719     0.1204   2.902959    5.89863    -0.0564    13.8155 0.0000e+00  -64.61450  -62.85150 1154146547 210.177622    34.5288      23917          2  0.000e+00
    534.839     0.1205   2.902692     0.1206   2.902953    5.89854    -0.1445    13.8155 0.0000e+00  -64.61450  -62.85150 1154146547 210.177622    34.5280      23918          2  0.000e+00
    534.907     0.1205   2.902709     0.1209   2.902965    5.89859    -0.1335    13.8155 0.0000e+00  -64.61450  -62.85150 1154146547 210.177622    34.5282      23919          2  0.000e+00
    534.840     0.1204   2.902702     0.1206   2.902994    5.90344    -0.0784    13.8155 0.0000e+00  -64.61450  -62.85150 1154146547 210.177623    34.5283      23920          2  0.000e+00
    534.840     0.1202   2.902712     0.1205   2.902965    5.90345    -0.0784    13.8155 0.0000e+00  -64.61450  -62.85150 1154146547 210.177623    34.5286      23921          2  0.000e+00
    534.840     0.1205   2.902685     0.1209   2.902930    5.89855    -0.0674    13.8155 0.0000e+00  -64.61450  -62.85150 1154146547 210.177624    34.5279      23922          2  0.000e+00
    534.907     0.1205   2.902692     0.1206   2.902959    5.89859    -0.0233    13.8155 0.0000e+00  -64.61450  -62.85150 1154146547 210.177624    34.5279      23923          2  0.000e+00
    534.840     0.1205   2.902712     0.1201   2.902935    5.89853    -0.0784    13.8155 0.0000e+00  -64.61450  -62.85150 1154146547 210.177625    34.5282      23924          2  0.000e+00
    534.840     0.1207   2.902685     0.1207   2.902959    5.89853    -0.1004    13.8155 0.0000e+00  -64.61450  -62.85150 1154146547 210.177625    34.5278      23925          2  0.000e+00
    534.840     0.1202   2.902692     0.1208   2.902971    5.90346     0.0097    13.8155 0.0000e+00  -64.61450  -62.85150 1154146547 210.177626    34.5283      23926          2  0.000e+00
    534.907     0.1204   2.902699     0.1209   2.902959    5.90350    -0.0454    13.8155 0.0000e+00  -64.61450  -62.85150 1154146547 210.177626    34.5282      23927          2  0.000e+00
    534.840     0.1204   2.902712     0.1206   2.902965    5.90343    -0.0343    13.8155 0.0000e+00  -64.61450  -62.85150 1154146547 210.177627    34.5284      23928          2  0.000e+00
    534.840     0.1205   2.902719     0.1205   2.902953    5.90342    -0.0123    13.8155 0.0000e+00  -64.61450  -62.85150 1154146547 210.177627    34.5284      23929          2  0.000e+00
    534.840     0.1202   2.902739     0.1207   2.902965    5.90344     0.0097    13.8155 0.0000e+00  -64.61450  -62.85150 1154146547 210.177628    34.5289      23930          2  0.000e+00
