product_data/regression_test/downloaded_data/MDGS/320620060703/ctd/p6620501.ros
* Sea-Bird SBE 9 Data File:
* FileName = D:\Data\Raw\p6620501.dat
* Software Version Seasave Win32 V 5.32
* Temperature SN = 1649
* Conductivity SN = 1431
* Number of Bytes Per Scan = 37
* Number of Voltage Words = 5
* Number of Scans Averaged by the Deck Unit = 1
* NMEA Latitude = 64 40.50 S
* NMEA Longitude = 062 44.93 W
* NMEA UTC (Time) = 01:32:47
** Ship:   Nathaniel B. Palmer 
** Cruise:    NBP0606 
# nquan = 17
# nvalues = 1176                    
# units = specified
# name 0 = prDM: Pressure, Digiquartz [db]
# name 1 = t090C: Temperature [ITS-90, deg C]
# name 2 = c0S/m: Conductivity [S/m]
# name 3 = t190C: Temperature, 2 [ITS-90, deg C]
# name 4 = c1S/m: Conductivity, 2 [S/m]
# name 5 = sbeox0ML/L: Oxygen, SBE 43 [ml/l]
# name 6 = flECO-AFL: Fluorescence, Wetlab ECO-AFL/FL [mg/m^3]
# name 7 = bat: Beam Attenuation, Chelsea/Seatech/Wetlab CStar [1/m]
# name 8 = spar: SPAR/Surface Irradiance
# name 9 = latitude: Latitude [deg]
# name 10 = longitude: Longitude [deg]
# name 11 = timeY: Time, System [seconds]
# name 12 = timeJ: Julian Days
# name 13 = sal00: Salinity [PSU]
# name 14 = scan: scan number
# name 15 = nbf: number of bottles fired
# name 16 = flag:  0.000e+00
# interval = seconds: 0.0416667                   
# start_time = Jul 29 2006 01:32:55
*END*
[from data line 681]
     75.512    -0.0572   2.850738    -0.0569   2.850984    6.14804    -0.0123    13.8155 0.0000e+00  -64.67500  -62.74883 1154137568 210.073730    34.3154      19088         14  0.000e+00
     75.483    -0.0572   2.850725    -0.0577   2.850990    6.14802    -0.0454    13.8155 0.0000e+00  -64.67500  -62.74883 1154137568 210.073731    34.3152      19089         14  0.000e+00
     75.512    -0.0574   2.850682    -0.0574   2.851002    6.14809    -0.0564    13.8155 0.0000e+00  -64.67500  -62.74883 1154137568 210.073731    34.3148      19090         14  0.000e+00
     75.559    -0.0575   2.850705    -0.0571   2.850955    6.14814    -0.1665    13.8155 0.0000e+00  -64.67500  -62.74883 1154137568 210.073732    34.3152      19091         14  0.000e+00
     75.512    -0.0574   2.850718    -0.0571   2.850984    6.14807    -0.1225    13.8155 0.0000e+00  -64.67500  -62.74883 1154137568 210.073732    34.3152      19092         14  0.000e+00
     50.674    -0.0770   2.846005    -0.0774   2.845980    6.22406    -0.0674    13.8155 0.0000e+00  -64.67500  -62.74883 1154137637 210.074532    34.2899      20750         15  0.000e+00
     50.598    -0.0773   2.846032    -0.0771   2.845921    6.21940    -0.0674    13.8155 0.0000e+00  -64.67500  -62.74883 1154137637 210.074532    34.2906      20751         15  0.000e+00
     50.741    -0.0776   2.845999    -0.0776   2.845974    6.21959    -0.0674    13.8155 0.0000e+00  -64.67500  -62.74883 1154137637 210.074533    34.2904      20752         15  0.000e+00
     50.674    -0.0770   2.845942    -0.0773   2.846085    6.22410    -0.0674    13.8155 0.0000e+00  -64.67500  -62.74883 1154137637 210.074533    34.2890      20753         15  0.000e+00
     50.674    -0.0773   2.845952    -0.0770   2.846173    6.21952    -0.0674    13.8155 0.0000e+00  -64.67500  -62.74883 1154137638 210.074534    34.2894      20754         15  0.000e+00
     50.741    -0.0775   2.845902    -0.0764   2.846179    6.21962    -0.1004    13.8155 0.0000e+00  -64.67500  -62.74883 1154137638 210.074534    34.2889      20755         15  0.000e+00
     50.598    -0.0772   2.845855    -0.0771   2.846126    6.21949    -0.0674    13.8155 0.0000e+00  -64.67500  -62.74883 1154137638 210.074535    34.2881      20756         15  0.000e+00
     50.741    -0.0771   2.845789    -0.0771   2.846097    6.21965    -0.0013    13.8155 0.0000e+00  -64.67500  -62.74883 1154137638 210.074535    34.2871      20757         15  0.000e+00
     50.674    -0.0776   2.845689    -0.0776   2.846056    6.21970     0.0538    13.8155 0.0000e+00  -64.67500  -62.74883 1154137638 210.074536    34.2863      20758         15  0.000e+00
     50.674    -0.0784   2.845622    -0.0773   2.846015    6.21984    -0.0343    13.8155 0.0000e+00  -64.67500  -62.74883 1154137638 210.074536    34.2863      20759         15  0.000e+00
     50.741    -0.0780   2.845579    -0.0776   2.845904    6.21987    -0.0123    13.8155 0.0000e+00  -64.67500  -62.74883 1154137638 210.074537    34.2852      20760         15  0.000e+00
     50.674    -0.0778   2.845459    -0.0770   2.845851    6.21986     0.0097    13.8155 0.0000e+00  -64.67500  -62.74883 1154137638 210.074537    34.2834      20761         15  0.000e+00
     50.674    -0.0782   2.845416    -0.0776   2.845886    6.21994    -0.0343    13.8155 0.0000e+00  -64.67500  -62.74883 1154137638 210.074538    34.2834      20762         15  0.000e+00
     50.740    -0.0786   2.845439    -0.0782   2.845857    6.22003    -0.0674    13.8155 0.0000e+00  -64.67500  -62.74883 1154137638 210.074538    34.2840      20763         15  0.000e+00
     50.674    -0.0785   2.845439    -0.0774   2.845793    6.21996    -0.1335    13.8155 0.0000e+00  -64.67500  -62.74883 1154137638 210.074538    34.2840      20764         15  0.000e+00
     50.674    -0.0785   2.845516    -0.0779   2.845769    6.21992    -0.1004    13.8155 0.0000e+00  -64.67500  -62.74883 1154137638 210.074539    34.2850      20765         15  0.000e+00
     50.740    -0.0777   2.845599    -0.0777   2.845722    6.21982    -0.0674    13.8155 0.0000e+00  -64.67500  -62.74883 1154137638 210.074539    34.2851      20766         15  0.000e+00
     50.674    -0.0781   2.845576    -0.0776   2.845670    6.21983    -0.0674    13.8155 0.0000e+00  -64.67500  -62.74883 1154137638 210.074540    34.2853      20767         15  0.000e+00
     50.740    -0.0778   2.845579    -0.0783   2.845641    6.21985    -0.0894    13.8155 0.0000e+00  -64.67500  -62.74883 1154137638 210.074540    34.2850      20768         15  0.000e+00
     50.664    -0.0778   2.845506    -0.0788   2.845500    6.21982    -0.1665    13.8155 0.0000e+00  -64.67500  -62.74883 1154137638 210.074541    34.2841      20769         15  0.000e+00
     50.674    -0.0784   2.845422    -0.0799   2.845325    6.21996    -0.1114    13.8155 0.0000e+00  -64.67500  -62.74883 1154137638 210.074541    34.2837      20770         15  0.000e+00
     50.740    -0.0784   2.845326    -0.0804   2.845161    6.22007    -0.0454    13.8155 0.0000e+00  -64.67500  -62.74883 1154137638 210.074542    34.2823      20771         15  0.000e+00
     50.674    -0.0788   2.845289    -0.0807   2.845102    6.22009    -0.0454    13.8155 0.0000e+00  -64.67500  -62.74883 1154137638 210.074542    34.2824      20772         15  0.000e+00
     50.674    -0.0789   2.845262    -0.0805   2.845073    6.22011    -0.0784    13.8155 0.0000e+00  -64.67500  -62.74883 1154137638 210.074543    34.2821      20773         15  0.000e+00
     50.740    -0.0785   2.845266    -0.0808   2.845032    6.22012    -0.1225    13.8155 0.0000e+00  -64.67500  -62.74883 1154137638 210.074543    34.2817      20774         15  0.000e+00
     50.674    -0.0785   2.845239    -0.0813   2.845015    6.22008    -0.1225    13.8155 0.0000e+00  -64.67500  -62.74883 1154137638 210.074544    34.2814      20775         15  0.000e+00
     50.674    -0.0787   2.845309    -0.0807   2.845050    6.22006    -0.0894    13.8155 0.0000e+00  -64.67500  -62.74883 1154137638 210.074544    34.2825      20776         15  0.000e+00
     50.740    -0.0790   2.845306    -0.0793   2.845208    6.21555     0.0097    13.8155 0.0000e+00  -64.67500  -62.74883 1154137638 210.074545    34.2828      20777         15  0.000e+00
     50.674    -0.0787   2.845326    -0.0790   2.845395    6.22005    -0.0013    13.8155 0.0000e+00  -64.67500  -62.74883 1154137639 210.074545    34.2827      20778         15  0.000e+00
     50.740    -0.0784   2.845306    -0.0785   2.845453    6.21547    -0.0343    13.8155 0.0000e+00  -64.67500  -62.74883 1154137639 210.074546    34.2821      20779         15  0.000e+00
     50.674    -0.0787   2.845379    -0.0785   2.845488    6.21541    -0.0674    13.8155 0.0000e+00  -64.67500  -62.74883 1154137639 210.074546    34.2835      20780         15  0.000e+00
     50.740    -0.0785   2.845479    -0.0788   2.845500    6.22000    -0.0894    13.8155 0.0000e+00  -64.67500  -62.74883 1154137639 210.074547    34.2845      20781         15  0.000e+00
     50.674    -0.0785   2.845532    -0.0785   2.845553    6.21991    -0.0784    13.8155 0.0000e+00  -64.67500  -62.74883 1154137639 210.074547    34.2853      20782         15  0.000e+00
     50.740    -0.0790   2.845549    -0.0777   2.845594    6.22002    -0.0123    13.8155 0.0000e+00  -64.67500  -62.74883 1154137639 210.074548    34.2860      20783         15  0.000e+00
     50.674    -0.0784   2.845542    -0.0777   2.845611    6.21989    -0.0123    13.8155 0.0000e+00  -64.67500  -62.74883 1154137639 210.074548    34.2852      20784         15  0.000e+00
     50.740    -0.0788   2.845479    -0.0779   2.845670    6.22004    -0.0674    13.8155 0.0000e+00  -64.67500  -62.74883 1154137639 210.074549    34.2849      20785         15  0.000e+00
     50.740    -0.0787   2.845449    -0.0779   2.845664    6.22004    -0.0013    13.8155 0.0000e+00  -64.67500  -62.74883 1154137639 210.074549    34.2843      20786         15  0.000e+00
     50.673    -0.0785   2.845419    -0.0779   2.845641    6.21997     0.0318    13.8155 0.0000e+00  -64.67500  -62.74883 1154137639 210.074550    34.2838      20787         15  0.000e+00
     50.740    -0.0784   2.845439    -0.0779   2.845611    6.22000    -0.0674    13.8155 0.0000e+00  -64.67500  -62.74883 1154137639 210.074550    34.2838      20788         15  0.000e+00
     50.740    -0.0787   2.845406    -0.0780   2.845605    6.22006    -0.1114    13.8155 0.0000e+00  -64.67500  -62.74883 1154137639 210.074551    34.2837      20789         15  0.000e+00
     50.673    -0.0783   2.845312    -0.0780   2.845611    6.21539    -0.1114    13.8155 0.0000e+00  -64.67500  -62.74883 1154137639 210.074551    34.2821      20790         15  0.000e+00
     50.740    -0.0790   2.845262    -0.0780   2.845646    6.22018    -0.1004    13.8155 0.0000e+00  -64.67500  -62.74883 1154137639 210.074552    34.2822      20791         15  0.000e+00
     50.740    -0.0787   2.845246    -0.0779   2.845641    6.22015    -0.0674    13.8155 0.0000e+00  -64.67500  -62.74883 1154137639 210.074552    34.2816      20792         15  0.000e+00
     50.664    -0.0780   2.845406    -0.0780   2.845635    6.21529    -0.1004    13.8155 0.0000e+00  -64.67500  -62.74883 1154137639 210.074552    34.2829      20793         15  0.000e+00
     50.740    -0.0784   2.845742    -0.0782   2.845588    6.21522    -0.0564    13.8155 0.0000e+00  -64.67500  -62.74883 1154137639 210.074553    34.2879      20794         15  0.000e+00
     50.740    -0.0776   2.845809    -0.0782   2.845564    6.21509    -0.0233    13.8155 0.0000e+00  -64.67500  -62.74883 1154137639 210.074553    34.2878      20795         15  0.000e+00
     50.673    -0.0779   2.845639    -0.0780   2.845529    6.21516    -0.0454    13.8155 0.0000e+00  -64.67500  -62.74883 1154137639 210.074554    34.2860      20796         15  0.000e+00
     50.740    -0.0783   2.845646    -0.0787   2.845506    6.21526    -0.0784    13.8155 0.0000e+00  -64.67500  -62.74883 1154137639 210.074554    34.2864      20797         15  0.000e+00
     50.673    -0.0778   2.845845    -0.0779   2.845518    6.21503    -0.0123    13.8155 0.0000e+00  -64.67500  -62.74883 1154137639 210.074555    34.2886      20798         15  0.000e+00
     50.386    -0.0820   2.844579    -0.0816   2.844880    6.21602    -0.0784    13.8155 0.0000e+00  -64.67500  -62.74883 1154137645 210.074621    34.2766      20935         16  0.000e+00
     50.805    -0.0823   2.844573    -0.0819   2.844827    6.21182    -0.1665    13.8155 0.0000e+00  -64.67500  -62.74883 1154137645 210.074621    34.2766      20936         16  0.000e+00
     50.596    -0.0820   2.844599    -0.0819   2.844798    6.21619    -0.1004    13.8155 0.0000e+00  -64.67500  -62.74883 1154137645 210.074622    34.2768      20937         16  0.000e+00
     50.672    -0.0817   2.844663    -0.0817   2.844833    6.21158    -0.0454    13.8155 0.0000e+00  -64.67500  -62.74883 1154137645 210.074622    34.2772      20938         16  0.000e+00
     50.596    -0.0813   2.844699    -0.0816   2.844886    6.21606    -0.0564    13.8155 0.0000e+00  -64.67500  -62.74883 1154137645 210.074623    34.2774      20939         16  0.000e+00
     50.672    -0.0810   2.844766    -0.0814   2.844944    6.21144    -0.0013    13.8155 0.0000e+00  -64.67500  -62.74883 1154137645 210.074623    34.2779      20940         16  0.000e+00
     50.596    -0.0808   2.844796    -0.0811   2.844985    6.21132    -0.0454    13.8155 0.0000e+00  -64.67500  -62.74883 1154137645 210.074624    34.2780      20941         16  0.000e+00
     50.596    -0.0809   2.844739    -0.0807   2.845009    6.21598    -0.0343    13.8155 0.0000e+00  -64.67500  -62.74883 1154137645 210.074624    34.2774      20942         16  0.000e+00
     50.672    -0.0812   2.844659    -0.0811   2.844991    6.21613    -0.0123    13.8155 0.0000e+00  -64.67500  -62.74883 1154137645 210.074625    34.2766      20943         16  0.000e+00
     50.596    -0.0815   2.844599    -0.0813   2.844968    6.21613    -0.0013    13.8155 0.0000e+00  -64.67500  -62.74883 1154137645 210.074625    34.2762      20944         16  0.000e+00
     50.462    -0.0823   2.844573    -0.0814   2.844962    6.21153    -0.0343    13.8155 0.0000e+00  -64.67500  -62.74883 1154137646 210.074626    34.2769      20945         16  0.000e+00
     50.739    -0.0821   2.844563    -0.0814   2.844909    6.21175    -0.0784    13.8155 0.0000e+00  -64.67500  -62.74883 1154137646 210.074626    34.2764      20946         16  0.000e+00
     50.672    -0.0821   2.844533    -0.0814   2.844880    6.21632    -0.1225    13.8155 0.0000e+00  -64.67500  -62.74883 1154137646 210.074627    34.2760      20947         16  0.000e+00
     50.596    -0.0824   2.844503    -0.0817   2.844816    6.21170    -0.0564    13.8155 0.0000e+00  -64.67500  -62.74883 1154137646 210.074627    34.2760      20948         16  0.000e+00
     50.595    -0.0831   2.844500    -0.0819   2.844798    6.21178    -0.0454    13.8155 0.0000e+00  -64.67500  -62.74883 1154137646 210.074628    34.2767      20949         16  0.000e+00
     50.529    -0.0824   2.844496    -0.0821   2.844798    6.21164    -0.0894    13.8155 0.0000e+00  -64.67500  -62.74883 1154137646 210.074628    34.2760      20950         16  0.000e+00
     50.738    -0.0824   2.844533    -0.0825   2.844763    6.21641    -0.0674    13.8155 0.0000e+00  -64.67500  -62.74883 1154137646 210.074629    34.2763      20951         16  0.000e+00
     50.595    -0.0812   2.844606    -0.0819   2.844763    6.21610    -0.0674    13.8155 0.0000e+00  -64.67500  -62.74883 1154137646 210.074629    34.2760      20952         16  0.000e+00
     50.595    -0.0809   2.844649    -0.0819   2.844786    6.21142    -0.0674    13.8155 0.0000e+00  -64.67500  -62.74883 1154137646 210.074630    34.2762      20953         16  0.000e+00
     50.595    -0.0817   2.844609    -0.0813   2.844857    6.21154    -0.0674    13.8155 0.0000e+00  -64.67500  -62.74883 1154137646 210.074630    34.2766      20954         16  0.000e+00
     50.595    -0.0818   2.844603    -0.0816   2.844903    6.21156    -0.0123    13.8155 0.0000e+00  -64.67500  -62.74883 1154137646 210.074631    34.2766      20955         16  0.000e+00
     50.595    -0.0817   2.844579    -0.0817   2.844862    6.21156    -0.1004    13.8155 0.0000e+00  -64.67500  -62.74883 1154137646 210.074631    34.2762      20956         16  0.000e+00
     50.672    -0.0823   2.844563    -0.0817   2.844833    6.21171    -0.1555    13.8155 0.0000e+00  -64.67500  -62.74883 1154137646 210.074632    34.2766      20957         16  0.000e+00
     50.595    -0.0821   2.844533    -0.0817   2.844827    6.21164    -0.1225    13.8155 0.0000e+00  -64.67500  -62.74883 1154137646 210.074632    34.2760      20958         16  0.000e+00
     50.595    -0.0826   2.844603    -0.0817   2.844763    6.21167    -0.1004    13.8155 0.0000e+00  -64.67500  -62.74883 1154137646 210.074633    34.2776      20959         16  0.000e+00
     50.595    -0.0823   2.844619    -0.0819   2.844810    6.21161    -0.0343    13.8155 0.0000e+00  -64.67500  -62.74883 1154137646 210.074633    34.2774      20960         16  0.000e+00
     50.595    -0.0821   2.844609    -0.0813   2.844868    6.21160    -0.1004    13.8155 0.0000e+00  -64.67500  -62.74883 1154137646 210.074633    34.2771      20961         16  0.000e+00
     50.595    -0.0820   2.844646    -0.0814   2.844857    6.21156    -0.0894    13.8155 0.0000e+00  -64.67500  -62.74883 1154137646 210.074634    34.2774      20962         16  0.000e+00
     50.595    -0.0815   2.844739    -0.0817   2.844851    6.21145    -0.0784    13.8155 0.0000e+00  -64.67500  -62.74883 1154137646 210.074634    34.2781      20963         16  0.000e+00
     50.672    -0.0809   2.844839    -0.0821   2.844810    6.21138    -0.0674    13.8155 0.0000e+00  -64.67500  -62.74883 1154137646 210.074635    34.2787      20964         16  0.000e+00
