product_data/regression_test/downloaded_data/MDGS/320620060703/ctd/p6620601.ros
* Sea-Bird SBE 9 Data File:
* FileName = D:\Data\Raw\p6620601.dat
* Software Version Seasave Win32 V 5.32
* Temperature SN = 1649
* Conductivity SN = 1431
* Number of Bytes Per Scan = 37
* Number of Voltage Words = 5
* Number of Scans Averaged by the Deck Unit = 1
* NMEA Latitude = 64 38.17 S
* NMEA Longitude = 062 48.64 W
* NMEA UTC (Time) = 02:52:19
** Ship:   Nathaniel B. Palmer 
** Cruise:    NBP0606 
# nquan = 17
# nvalues = 1176                    
# units = specified
# name 0 = prDM: Pressure, Digiquartz [db]
# name 1 = t090C: Temperature [ITS-90, deg C]
# name 2 = c0S/m: Conductivity [S/m]
# name 3 = t190C: Temperature, 2 [ITS-90, deg C]
# name 4 = c1S/m: Conductivity, 2 [S/m]
# name 5 = sbeox0ML/L: Oxygen, SBE 43 [ml/l]
# name 6 = flECO-AFL: Fluorescence, Wetlab ECO-AFL/FL [mg/m^3]
# name 7 = bat: Beam Attenuation, Chelsea/Seatech/Wetlab CStar [1/m]
# name 8 = spar: SPAR/Surface Irradiance
# name 9 = latitude: Latitude [deg]
# name 10 = longitude: Longitude [deg]
# name 11 = timeY: Time, System [seconds]
# name 12 = timeJ: Julian Days
# name 13 = sal00: Salinity [PSU]
# name 14 = scan: scan number
# name 15 = nbf: number of bottles fired
# name 16 = flag:  0.000e+00
# interval = seconds: 0.0416667                   
# start_time = Jul 29 2006 02:52:28
*END*
[from data line 852]
     35.772    -0.5005   2.801412    -0.5004   2.801778    6.79261    -0.0674    13.8155 0.0000e+00  -64.63617  -62.81067 1154142866 210.135056    34.1793      31701         18  0.000e+00
     35.706    -0.5008   2.801386    -0.5002   2.801772    6.79727    -0.0233    13.8155 0.0000e+00  -64.63617  -62.81067 1154142866 210.135056    34.1794      31702         18  0.000e+00
     35.772    -0.5003   2.801439    -0.5001   2.801743    6.79723    -0.0123    13.8155 0.0000e+00  -64.63617  -62.81067 1154142866 210.135057    34.1795      31703         18  0.000e+00
     35.772    -0.4999   2.801482    -0.5002   2.801714    6.79714    -0.0674    13.8155 0.0000e+00  -64.63617  -62.81067 1154142866 210.135057    34.1796      31704         18  0.000e+00
     35.772    -0.5000   2.801498    -0.5004   2.801644    6.79715    -0.0123    13.8155 0.0000e+00  -64.63617  -62.81067 1154142866 210.135058    34.1799      31705         18  0.000e+00
     35.706    -0.5002   2.801515    -0.5006   2.801609    6.79710    -0.0123    13.8155 0.0000e+00  -64.63617  -62.81067 1154142866 210.135058    34.1804      31706         18  0.000e+00
     35.772    -0.4995   2.801515    -0.5016   2.801586    6.79707    -0.1445    13.8155 0.0000e+00  -64.63617  -62.81067 1154142866 210.135059    34.1796      31707         18  0.000e+00
     35.773    -0.4995   2.801505    -0.5025   2.801534    6.79708    -0.1225    13.8155 0.0000e+00  -64.63617  -62.81067 1154142866 210.135059    34.1795      31708         18  0.000e+00
     35.773    -0.4992   2.801512    -0.5029   2.801464    6.79238    -0.0784    13.8155 0.0000e+00  -64.63617  -62.81067 1154142866 210.135060    34.1792      31709         18  0.000e+00
     35.773    -0.4995   2.801505    -0.5037   2.801441    6.79708    -0.0013    13.8155 0.0000e+00  -64.63617  -62.81067 1154142866 210.135060    34.1795      31710         18  0.000e+00
     35.773    -0.4996   2.801515    -0.5034   2.801441    6.79708    -0.0123    13.8155 0.0000e+00  -64.63617  -62.81067 1154142866 210.135061    34.1797      31711         18  0.000e+00
     35.773    -0.4999   2.801531    -0.5035   2.801400    6.79711    -0.0454    13.8155 0.0000e+00  -64.63617  -62.81067 1154142867 210.135061    34.1802      31712         18  0.000e+00
     35.773    -0.5005   2.801492    -0.5042   2.801388    6.79721    -0.0343    13.8155 0.0000e+00  -64.63617  -62.81067 1154142867 210.135062    34.1804      31713         18  0.000e+00
     35.706    -0.5008   2.801376    -0.5044   2.801411    6.79262    -0.0233    13.8155 0.0000e+00  -64.63617  -62.81067 1154142867 210.135062    34.1792      31714         18  0.000e+00
     35.839    -0.5014   2.801303    -0.5044   2.801394    6.79752    -0.0784    13.8155 0.0000e+00  -64.63617  -62.81067 1154142867 210.135063    34.1789      31715         18  0.000e+00
     35.773    -0.5019   2.801310    -0.5044   2.801347    6.79752    -0.1004    13.8155 0.0000e+00  -64.63617  -62.81067 1154142867 210.135063    34.1795      31716         18  0.000e+00
     35.773    -0.5019   2.801300    -0.5046   2.801353    6.79753    -0.1004    13.8155 0.0000e+00  -64.63617  -62.81067 1154142867 210.135064    34.1794      31717         18  0.000e+00
     35.773    -0.5029   2.801224    -0.5042   2.801400    6.79307    -0.0564    13.8155 0.0000e+00  -64.63617  -62.81067 1154142867 210.135064    34.1796      31718         18  0.000e+00
     35.773    -0.5042   2.801138    -0.5036   2.801534    6.79795    -0.0123    13.8155 0.0000e+00  -64.63617  -62.81067 1154142867 210.135065    34.1798      31719         18  0.000e+00
     35.773    -0.5036   2.801217    -0.5034   2.801592    6.79782    -0.0013    13.8155 0.0000e+00  -64.63617  -62.81067 1154142867 210.135065    34.1803      31720         18  0.000e+00
     35.773    -0.5034   2.801280    -0.5033   2.801603    6.79310    -0.0123    13.8155 0.0000e+00  -64.63617  -62.81067 1154142867 210.135066    34.1808      31721         18  0.000e+00
     35.849    -0.5025   2.801293    -0.5028   2.801580    6.79304    -0.0343    13.8155 0.0000e+00  -64.63617  -62.81067 1154142867 210.135066    34.1799      31722         18  0.000e+00
     35.773    -0.5025   2.801280    -0.5029   2.801615    6.79297    -0.0784    13.8155 0.0000e+00  -64.63617  -62.81067 1154142867 210.135067    34.1798      31723         18  0.000e+00
     35.773    -0.5026   2.801287    -0.5027   2.801650    6.79764    -0.0454    13.8155 0.0000e+00  -64.63617  -62.81067 1154142867 210.135067    34.1801      31724         18  0.000e+00
     35.773    -0.5025   2.801310    -0.5031   2.801574    6.79296    -0.0454    13.8155 0.0000e+00  -64.63617  -62.81067 1154142867 210.135068    34.1802      31725         18  0.000e+00
     35.840    -0.5025   2.801270    -0.5029   2.801569    6.79304    -0.0674    13.8155 0.0000e+00  -64.63617  -62.81067 1154142867 210.135068    34.1796      31726         18  0.000e+00
     35.773    -0.5026   2.801280    -0.5033   2.801551    6.79299    -0.0674    13.8155 0.0000e+00  -64.63617  -62.81067 1154142867 210.135068    34.1800      31727         18  0.000e+00
     35.849    -0.5027   2.801280    -0.5036   2.801528    6.79772    -0.1114    13.8155 0.0000e+00  -64.63617  -62.81067 1154142867 210.135069    34.1800      31728         18  0.000e+00
     35.773    -0.5023   2.801277    -0.5041   2.801481    6.79295    -0.1114    13.8155 0.0000e+00  -64.63617  -62.81067 1154142867 210.135069    34.1796      31729         18  0.000e+00
     35.773    -0.5028   2.801287    -0.5036   2.801470    6.79301    -0.0894    13.8155 0.0000e+00  -64.63617  -62.81067 1154142867 210.135070    34.1803      31730         18  0.000e+00
     25.478    -0.4693   2.803468    -0.4675   2.803887    6.78198    -0.0564    13.8155 0.0000e+00  -64.63617  -62.81067 1154142895 210.135389    34.1782      32392         19  0.000e+00
     25.487    -0.4691   2.803455    -0.4675   2.803910    6.78198    -0.0343    13.8155 0.0000e+00  -64.63617  -62.81067 1154142895 210.135390    34.1778      32393         19  0.000e+00
     25.421    -0.4693   2.803478    -0.4670   2.803916    6.78192    -0.1004    13.8155 0.0000e+00  -64.63617  -62.81067 1154142895 210.135390    34.1783      32394         19  0.000e+00
     25.478    -0.4695   2.803498    -0.4672   2.803898    6.78199    -0.1004    13.8155 0.0000e+00  -64.63617  -62.81067 1154142895 210.135391    34.1787      32395         19  0.000e+00
     25.421    -0.4685   2.803504    -0.4676   2.803910    6.78180    -0.0784    13.8155 0.0000e+00  -64.63617  -62.81067 1154142895 210.135391    34.1778      32396         19  0.000e+00
     25.487    -0.4685   2.803484    -0.4677   2.803875    6.78651    -0.0564    13.8155 0.0000e+00  -64.63617  -62.81067 1154142895 210.135392    34.1775      32397         19  0.000e+00
     25.411    -0.4691   2.803498    -0.4676   2.803881    6.78188    -0.1004    13.8155 0.0000e+00  -64.63617  -62.81067 1154142895 210.135392    34.1784      32398         19  0.000e+00
     25.487    -0.4688   2.803501    -0.4676   2.803846    6.78191    -0.1445    13.8155 0.0000e+00  -64.63617  -62.81067 1154142895 210.135393    34.1781      32399         19  0.000e+00
     25.421    -0.4691   2.803491    -0.4678   2.803852    6.78189    -0.0894    13.8155 0.0000e+00  -64.63617  -62.81067 1154142895 210.135393    34.1783      32400         19  0.000e+00
     25.545    -0.4695   2.803478    -0.4681   2.803829    6.78670    -0.1114    13.8155 0.0000e+00  -64.63617  -62.81067 1154142895 210.135394    34.1784      32401         19  0.000e+00
     25.421    -0.4690   2.803494    -0.4686   2.803828    6.78187    -0.0784    13.8155 0.0000e+00  -64.63617  -62.81067 1154142895 210.135394    34.1782      32402         19  0.000e+00
     25.478    -0.4691   2.803521    -0.4684   2.803794    6.78193    -0.0784    13.8155 0.0000e+00  -64.63617  -62.81067 1154142895 210.135394    34.1787      32403         19  0.000e+00
     25.488    -0.4682   2.803491    -0.4687   2.803764    6.78647    -0.1004    13.8155 0.0000e+00  -64.63617  -62.81067 1154142895 210.135395    34.1773      32404         19  0.000e+00
     25.421    -0.4684   2.803517    -0.4684   2.803776    6.78641     0.0318    13.8155 0.0000e+00  -64.63617  -62.81067 1154142895 210.135395    34.1778      32405         19  0.000e+00
     25.478    -0.4683   2.803491    -0.4692   2.803759    6.78647     0.0318    13.8155 0.0000e+00  -64.63617  -62.81067 1154142895 210.135396    34.1773      32406         19  0.000e+00
     25.488    -0.4691   2.803448    -0.4692   2.803718    6.78662    -0.0674    13.8155 0.0000e+00  -64.63617  -62.81067 1154142895 210.135396    34.1777      32407         19  0.000e+00
     25.421    -0.4688   2.803484    -0.4692   2.803759    6.78649    -0.0784    13.8155 0.0000e+00  -64.63617  -62.81067 1154142896 210.135397    34.1779      32408         19  0.000e+00
     25.478    -0.4693   2.803491    -0.4687   2.803747    6.78661    -0.0454    13.8155 0.0000e+00  -64.63617  -62.81067 1154142896 210.135397    34.1785      32409         19  0.000e+00
     25.421    -0.4688   2.803448    -0.4693   2.803747    6.78652    -0.0123    13.8155 0.0000e+00  -64.63617  -62.81067 1154142896 210.135398    34.1774      32410         19  0.000e+00
     25.488    -0.4691   2.803415    -0.4692   2.803753    6.78664    -0.0233    13.8155 0.0000e+00  -64.63617  -62.81067 1154142896 210.135398    34.1773      32411         19  0.000e+00
     25.411    -0.4707   2.803382    -0.4703   2.803718    6.78680    -0.0013    13.8155 0.0000e+00  -64.63617  -62.81067 1154142896 210.135399    34.1786      32412         19  0.000e+00
     25.421    -0.4707   2.803315    -0.4703   2.803683    6.78685    -0.0674    13.8155 0.0000e+00  -64.63617  -62.81067 1154142896 210.135399    34.1777      32413         19  0.000e+00
     25.411    -0.4710   2.803319    -0.4710   2.803631    6.78689    -0.0894    13.8155 0.0000e+00  -64.63617  -62.81067 1154142896 210.135400    34.1781      32414         19  0.000e+00
     25.421    -0.4712   2.803339    -0.4709   2.803642    6.78691    -0.0674    13.8155 0.0000e+00  -64.63617  -62.81067 1154142896 210.135400    34.1786      32415         19  0.000e+00
     25.421    -0.4712   2.803332    -0.4711   2.803625    6.78691    -0.0894    13.8155 0.0000e+00  -64.63617  -62.81067 1154142896 210.135401    34.1785      32416         19  0.000e+00
     25.412    -0.4713   2.803339    -0.4709   2.803636    6.78692    -0.0454    13.8155 0.0000e+00  -64.63617  -62.81067 1154142896 210.135401    34.1787      32417         19  0.000e+00
     25.354    -0.4709   2.803382    -0.4707   2.803613    6.78677    -0.0343    13.8155 0.0000e+00  -64.63617  -62.81067 1154142896 210.135402    34.1788      32418         19  0.000e+00
     25.421    -0.4712   2.803355    -0.4703   2.803654    6.78690    -0.0674    13.8155 0.0000e+00  -64.63617  -62.81067 1154142896 210.135402    34.1788      32419         19  0.000e+00
     25.412    -0.4709   2.803375    -0.4700   2.803695    6.78683    -0.0233    13.8155 0.0000e+00  -64.63617  -62.81067 1154142896 210.135403    34.1787      32420         19  0.000e+00
     25.354    -0.4709   2.803378    -0.4700   2.803648    6.78678    -0.0674    13.8155 0.0000e+00  -64.63617  -62.81067 1154142896 210.135403    34.1788      32421         19  0.000e+00
     25.421    -0.4707   2.803335    -0.4697   2.803642    6.78685    -0.0894    13.8155 0.0000e+00  -64.63617  -62.81067 1154142896 210.135404    34.1780      32422         19  0.000e+00
     25.412    -0.4707   2.803342    -0.4700   2.803671    6.78683    -0.1555    13.8155 0.0000e+00  -64.63617  -62.81067 1154142896 210.135404    34.1781      32423         19  0.000e+00
     25.354    -0.4712   2.803292    -0.4703   2.803654    6.78687    -0.0894    13.8155 0.0000e+00  -64.63617  -62.81067 1154142896 210.135405    34.1780      32424         19  0.000e+00
     25.412    -0.4721   2.803316    -0.4700   2.803683    6.78704    -0.0784    13.8155 0.0000e+00  -64.63617  -62.81067 1154142896 210.135405    34.1793      32425         19  0.000e+00
     25.355    -0.4720   2.803339    -0.4701   2.803683    6.79159    -0.0784    13.8155 0.0000e+00  -64.63617  -62.81067 1154142896 210.135406    34.1795      32426         19  0.000e+00
     25.421    -0.4720   2.803312    -0.4700   2.803695    6.79167     0.0097    13.8155 0.0000e+00  -64.63617  -62.81067 1154142896 210.135406    34.1791      32427         19  0.000e+00
     25.336    -0.4718   2.803282    -0.4703   2.803660    6.79158    -0.0123    13.8155 0.0000e+00  -64.63617  -62.81067 1154142896 210.135407    34.1785      32428         19  0.000e+00
     25.355    -0.4718   2.803256    -0.4703   2.803671    6.79162     0.0097    13.8155 0.0000e+00  -64.63617  -62.81067 1154142896 210.135407    34.1782      32429         19  0.000e+00
     25.355    -0.4718   2.803276    -0.4704   2.803654    6.78696    -0.0123    13.8155 0.0000e+00  -64.63617  -62.81067 1154142896 210.135408    34.1784      32430         19  0.000e+00
     25.336    -0.4724   2.803259    -0.4704   2.803683    6.79168    -0.0564    13.8155 0.0000e+00  -64.63617  -62.81067 1154142896 210.135408    34.1789      32431         19  0.000e+00
     25.278    -0.4721   2.803276    -0.4703   2.803666    6.78694    -0.0343    13.8155 0.0000e+00  -64.63617  -62.81067 1154142897 210.135408    34.1789      32432         19  0.000e+00
     25.355    -0.4724   2.803276    -0.4704   2.803671    6.79169     0.0428    13.8155 0.0000e+00  -64.63617  -62.81067 1154142897 210.135409    34.1792      32433         19  0.000e+00
     25.269    -0.4723   2.803246    -0.4710   2.803642    6.79161    -0.0564    13.8155 0.0000e+00  -64.63617  -62.81067 1154142897 210.135409    34.1786      32434         19  0.000e+00
     25.278    -0.4720   2.803229    -0.4710   2.803602    6.79159    -0.1225    13.8155 0.0000e+00  -64.63617  -62.81067 1154142897 210.135410    34.1781      32435         19  0.000e+00
     25.336    -0.4721   2.803302    -0.4712   2.803572    6.79161    -0.0674    13.8155 0.0000e+00  -64.63617  -62.81067 1154142897 210.135410    34.1792      32436         19  0.000e+00
     25.278    -0.4712   2.803322    -0.4717   2.803549    6.79142    -0.0343    13.8155 0.0000e+00  -64.63617  -62.81067 1154142897 210.135411    34.1784      32437         19  0.000e+00
     25.355    -0.4712   2.803322    -0.4721   2.803561    6.79149    -0.0674    13.8155 0.0000e+00  -64.63617  -62.81067 1154142897 210.135411    34.1784      32438         19  0.000e+00
     25.336    -0.4716   2.803292    -0.4721   2.803567    6.78692    -0.0564    13.8155 0.0000e+00  -64.63617  -62.81067 1154142897 210.135412    34.1785      32439         19  0.000e+00
     25.355    -0.4720   2.803276    -0.4721   2.803549    6.78699     0.0097    13.8155 0.0000e+00  -64.63617  -62.81067 1154142897 210.135412    34.1786      32440         19  0.000e+00
     25.425    -0.4639   2.803868    -0.4649   2.804067    6.78558     0.0097    13.8155 0.0000e+00  -64.63617  -62.81067 1154142904 210.135498    34.1775      32617         20  0.000e+00
     25.358    -0.4637   2.803848    -0.4654   2.804032    6.78087    -0.0013    13.8155 0.0000e+00  -64.63617  -62.81067 1154142904 210.135498    34.1770      32618         20  0.000e+00
     25.482    -0.4642   2.803838    -0.4655   2.804038    6.78106    -0.1004    13.8155 0.0000e+00  -64.63617  -62.81067 1154142904 210.135499    34.1774      32619         20  0.000e+00
     25.358    -0.4648   2.803825    -0.4649   2.804050    6.78567    -0.1886    13.8155 0.0000e+00  -64.63617  -62.81067 1154142904 210.135499    34.1780      32620         20  0.000e+00
     25.415    -0.4642   2.803815    -0.4658   2.804026    6.78565    -0.1004    13.8155 0.0000e+00  -64.63617  -62.81067 1154142904 210.135500    34.1771      32621         20  0.000e+00
