product_data/regression_test/downloaded_data/MDGS/320620060703/ctd/p6623001.ros
* Sea-Bird SBE 9 Data File:
* FileName = D:\Data\Raw\p6623001.dat
* Software Version Seasave Win32 V 5.32
* Temperature SN = 1649
* Conductivity SN = 1431
* Number of Bytes Per Scan = 37
* Number of Voltage Words = 5
* Number of Scans Averaged by the Deck Unit = 1
* NMEA Latitude = 61 58.14 S
* NMEA Longitude = 053 02.97 W
* NMEA UTC (Time) = 00:58:35
** Ship:   Nathaniel B. Palmer 
** Cruise:    NBP0606 
# nquan = 17
# nvalues = 1176                    
# units = specified
# name 0 = prDM: Pressure, Digiquartz [db]
# name 1 = t090C: Temperature [ITS-90, deg C]
# name 2 = c0S/m: Conductivity [S/m]
# name 3 = t190C: Temperature, 2 [ITS-90, deg C]
# name 4 = c1S/m: Conductivity, 2 [S/m]
# name 5 = sbeox0ML/L: Oxygen, SBE 43 [ml/l]
# name 6 = flECO-AFL: Fluorescence, Wetlab ECO-AFL/FL [mg/m^3]
# name 7 = bat: Beam Attenuation, Chelsea/Seatech/Wetlab CStar [1/m]
# name 8 = spar: SPAR/Surface Irradiance
# name 9 = latitude: Latitude [deg]
# name 10 = longitude: Longitude [deg]
# name 11 = timeY: Time, System [seconds]
# name 12 = timeJ: Julian Days
# name 13 = sal00: Salinity [PSU]
# name 14 = scan: scan number
# name 15 = nbf: number of bottles fired
# name 16 = flag:  0.000e+00
# interval = seconds: 0.0416667                   
# start_time = Aug 07 2006 01:00:00
*END*
[from data line 256]
    500.821     0.1129   2.907568     0.1126   2.907660    5.48495    -0.1004    13.8155 0.0000e+00  -61.96900  -53.04950 1154916949 219.094330    34.6208     109203          6  0.000e+00
    500.821     0.1128   2.907588     0.1095   2.907436    5.48982    -0.0784    13.8155 0.0000e+00  -61.96900  -53.04950 1154916949 219.094330    34.6212     109204          6  0.000e+00
    500.869     0.1134   2.907591     0.1109   2.907295    5.48978    -0.0894    13.8155 0.0000e+00  -61.96900  -53.04950 1154916949 219.094331    34.6205     109205          6  0.000e+00
    500.821     0.1129   2.907575     0.1113   2.907330    5.48494    -0.1225    13.8155 0.0000e+00  -61.96900  -53.04950 1154916949 219.094331    34.6208     109206          6  0.000e+00
    500.821     0.1126   2.907602     0.1092   2.907353    5.48983    -0.1004    13.8155 0.0000e+00  -61.96900  -53.04950 1154916949 219.094332    34.6215     109207          6  0.000e+00
    500.821     0.1132   2.907652     0.1096   2.907312    5.48974    -0.0784    13.8155 0.0000e+00  -61.96900  -53.04950 1154916949 219.094332    34.6215     109208          6  0.000e+00
    500.802     0.1139   2.907696     0.1101   2.907259    5.48963    -0.1225    13.8155 0.0000e+00  -61.96900  -53.04950 1154916949 219.094333    34.6214     109209          6  0.000e+00
    500.821     0.1146   2.907743     0.1094   2.907224    5.48953    -0.1114    13.8155 0.0000e+00  -61.96900  -53.04950 1154916949 219.094333    34.6212     109210          6  0.000e+00
    500.821     0.1156   2.907736     0.1089   2.907194    5.48943    -0.0233    13.8155 0.0000e+00  -61.96900  -53.04950 1154916949 219.094334    34.6200     109211          6  0.000e+00
    500.889     0.1159   2.907729     0.1089   2.907188    5.48945    -0.0343    13.8155 0.0000e+00  -61.96900  -53.04950 1154916949 219.094334    34.6195     109212          6  0.000e+00
    500.802     0.1158   2.907746     0.1095   2.907247    5.48451    -0.1114    13.8155 0.0000e+00  -61.96900  -53.04950 1154916949 219.094334    34.6198     109213          6  0.000e+00
    500.822     0.1156   2.907753     0.1098   2.907377    5.48942    -0.0894    13.8155 0.0000e+00  -61.96900  -53.04950 1154916950 219.094335    34.6202     109214          6  0.000e+00
    500.822     0.1154   2.907736     0.1102   2.907513    5.48945    -0.1225    13.8155 0.0000e+00  -61.96900  -53.04950 1154916950 219.094335    34.6202     109215          6  0.000e+00
    500.822     0.1142   2.907699     0.1120   2.907648    5.48960    -0.1335    13.8155 0.0000e+00  -61.96900  -53.04950 1154916950 219.094336    34.6211     109216          6  0.000e+00
    500.870     0.1145   2.907719     0.1137   2.907825    5.48960    -0.1886    13.8155 0.0000e+00  -61.96900  -53.04950 1154916950 219.094336    34.6209     109217          6  0.000e+00
    500.822     0.1148   2.907699     0.1141   2.907890    5.48954    -0.1886    13.8155 0.0000e+00  -61.96900  -53.04950 1154916950 219.094337    34.6204     109218          6  0.000e+00
    500.822     0.1148   2.907719     0.1151   2.907937    5.48952    -0.1225    13.8155 0.0000e+00  -61.96900  -53.04950 1154916950 219.094337    34.6206     109219          6  0.000e+00
    500.822     0.1148   2.907692     0.1149   2.907937    5.48954    -0.1114    13.8155 0.0000e+00  -61.96900  -53.04950 1154916950 219.094338    34.6203     109220          6  0.000e+00
    500.870     0.1154   2.907753     0.1149   2.907884    5.48947    -0.1004    13.8155 0.0000e+00  -61.96900  -53.04950 1154916950 219.094338    34.6203     109221          6  0.000e+00
    500.822     0.1157   2.907706     0.1151   2.907855    5.48943    -0.1225    13.8155 0.0000e+00  -61.96900  -53.04950 1154916950 219.094339    34.6194     109222          6  0.000e+00
    500.822     0.1149   2.907702     0.1155   2.907884    5.48952    -0.1004    13.8155 0.0000e+00  -61.96900  -53.04950 1154916950 219.094339    34.6202     109223          6  0.000e+00
    500.822     0.1156   2.907706     0.1154   2.907920    5.48944    -0.1555    13.8155 0.0000e+00  -61.96900  -53.04950 1154916950 219.094340    34.6196     109224          6  0.000e+00
    500.803     0.1160   2.907743     0.1157   2.907949    5.48936    -0.0784    13.8155 0.0000e+00  -61.96900  -53.04950 1154916950 219.094340    34.6196     109225          6  0.000e+00
    500.889     0.1148   2.907736     0.1163   2.907937    5.48957    -0.0013    13.8155 0.0000e+00  -61.96900  -53.04950 1154916950 219.094341    34.6208     109226          6  0.000e+00
    500.822     0.1143   2.907750     0.1161   2.907908    5.48957    -0.0564    13.8155 0.0000e+00  -61.96900  -53.04950 1154916950 219.094341    34.6216     109227          6  0.000e+00
    500.803     0.1145   2.907787     0.1160   2.907902    5.48951    -0.1445    13.8155 0.0000e+00  -61.96900  -53.04950 1154916950 219.094342    34.6219     109228          6  0.000e+00
    500.822     0.1145   2.907766     0.1163   2.907902    5.48954    -0.1004    13.8155 0.0000e+00  -61.96900  -53.04950 1154916950 219.094342    34.6216     109229          6  0.000e+00
    500.822     0.1143   2.907824     0.1172   2.907920    5.48953    -0.1004    13.8155 0.0000e+00  -61.96900  -53.04950 1154916950 219.094343    34.6226     109230          6  0.000e+00
    500.822     0.1146   2.907797     0.1174   2.907925    5.48950    -0.1555    13.8155 0.0000e+00  -61.96900  -53.04950 1154916950 219.094343    34.6218     109231          6  0.000e+00
    500.870     0.1148   2.907776     0.1169   2.907943    5.49440    -0.2326    13.8155 0.0000e+00  -61.96900  -53.04950 1154916950 219.094344    34.6214     109232          6  0.000e+00
    500.822     0.1139   2.907760     0.1166   2.907973    5.49447    -0.2106    13.8155 0.0000e+00  -61.96900  -53.04950 1154916950 219.094344    34.6222     109233          6  0.000e+00
    500.822     0.1137   2.907770     0.1171   2.908020    5.49449    -0.1665    13.8155 0.0000e+00  -61.96900  -53.04950 1154916950 219.094345    34.6225     109234          6  0.000e+00
    500.822     0.1143   2.907743     0.1167   2.908055    5.49443    -0.1775    13.8155 0.0000e+00  -61.96900  -53.04950 1154916950 219.094345    34.6215     109235          6  0.000e+00
    500.870     0.1142   2.907783     0.1170   2.908085    5.49446    -0.1665    13.8155 0.0000e+00  -61.96900  -53.04950 1154916950 219.094346    34.6221     109236          6  0.000e+00
    500.822     0.1143   2.907763     0.1176   2.908132    5.49442    -0.1004    13.8155 0.0000e+00  -61.96900  -53.04950 1154916950 219.094346    34.6218     109237          6  0.000e+00
    500.822     0.1143   2.907753     0.1172   2.908126    5.49442    -0.0564    13.8155 0.0000e+00  -61.96900  -53.04950 1154916950 219.094347    34.6216     109238          6  0.000e+00
    500.822     0.1145   2.907807     0.1174   2.908120    5.48952    -0.0564    13.8155 0.0000e+00  -61.96900  -53.04950 1154916951 219.094347    34.6221     109239          6  0.000e+00
    500.870     0.1149   2.907790     0.1177   2.908097    5.49437    -0.0233    13.8155 0.0000e+00  -61.96900  -53.04950 1154916951 219.094348    34.6214     109240          6  0.000e+00
    500.891     0.0953   2.906031     0.0953   2.906115    5.49749    -0.0784    13.8155 0.0000e+00  -61.96900  -53.04950 1154916956 219.094409    34.6203     109367          7  0.000e+00
    500.872     0.0958   2.906051     0.0953   2.906104    5.49741    -0.1225    13.8155 0.0000e+00  -61.96900  -53.04950 1154916956 219.094409    34.6200     109368          7  0.000e+00
    500.824     0.0955   2.906045     0.0951   2.906115    5.50227    -0.1665    13.8155 0.0000e+00  -61.96900  -53.04950 1154916956 219.094410    34.6202     109369          7  0.000e+00
    500.824     0.0956   2.906034     0.0952   2.906104    5.50226    -0.1555    13.8155 0.0000e+00  -61.96900  -53.04950 1154916956 219.094410    34.6200     109370          7  0.000e+00
    500.824     0.0955   2.906038     0.0951   2.906092    5.49742    -0.1445    13.8155 0.0000e+00  -61.96900  -53.04950 1154916956 219.094411    34.6202     109371          7  0.000e+00
    500.805     0.0958   2.906034     0.0954   2.906092    5.49736    -0.1114    13.8155 0.0000e+00  -61.96900  -53.04950 1154916956 219.094411    34.6197     109372          7  0.000e+00
    500.824     0.0955   2.906014     0.0956   2.906092    5.49743    -0.1004    13.8155 0.0000e+00  -61.96900  -53.04950 1154916956 219.094412    34.6199     109373          7  0.000e+00
    500.824     0.0955   2.906031     0.0953   2.906092    5.49742    -0.1004    13.8155 0.0000e+00  -61.96900  -53.04950 1154916956 219.094412    34.6201     109374          7  0.000e+00
    500.805     0.0956   2.906051     0.0952   2.906092    5.49738    -0.1004    13.8155 0.0000e+00  -61.96900  -53.04950 1154916956 219.094413    34.6202     109375          7  0.000e+00
    500.891     0.0957   2.906045     0.0950   2.906074    5.49744    -0.1114    13.8155 0.0000e+00  -61.96900  -53.04950 1154916956 219.094413    34.6200     109376          7  0.000e+00
    500.824     0.0958   2.906051     0.0954   2.906086    5.49737    -0.1445    13.8155 0.0000e+00  -61.96900  -53.04950 1154916956 219.094414    34.6200     109377          7  0.000e+00
    500.824     0.0955   2.906045     0.0948   2.906092    5.50228    -0.1004    13.8155 0.0000e+00  -61.96900  -53.04950 1154916956 219.094414    34.6203     109378          7  0.000e+00
    500.805     0.0957   2.906034     0.0948   2.906092    5.49738    -0.0674    13.8155 0.0000e+00  -61.96900  -53.04950 1154916956 219.094415    34.6199     109379          7  0.000e+00
    500.824     0.0959   2.906004     0.0953   2.906092    5.49738    -0.1555    13.8155 0.0000e+00  -61.96900  -53.04950 1154916956 219.094415    34.6192     109380          7  0.000e+00
    500.824     0.0958   2.906024     0.0945   2.906092    5.49739    -0.1775    13.8155 0.0000e+00  -61.96900  -53.04950 1154916956 219.094416    34.6197     109381          7  0.000e+00
    500.824     0.0959   2.906034     0.0954   2.906092    5.49737    -0.1555    13.8155 0.0000e+00  -61.96900  -53.04950 1154916956 219.094416    34.6196     109382          7  0.000e+00
    500.872     0.0960   2.906024     0.0953   2.906092    5.50226    -0.0784    13.8155 0.0000e+00  -61.96900  -53.04950 1154916957 219.094416    34.6194     109383          7  0.000e+00
    500.824     0.0961   2.906048     0.0955   2.906074    5.50220    -0.0784    13.8155 0.0000e+00  -61.96900  -53.04950 1154916957 219.094417    34.6196     109384          7  0.000e+00
    500.824     0.0961   2.905994     0.0954   2.906109    5.50223    -0.1004    13.8155 0.0000e+00  -61.96900  -53.04950 1154916957 219.094417    34.6189     109385          7  0.000e+00
    500.824     0.0960   2.906001     0.0956   2.906104    5.49738    -0.1225    13.8155 0.0000e+00  -61.96900  -53.04950 1154916957 219.094418    34.6191     109386          7  0.000e+00
    500.805     0.0962   2.906018     0.0953   2.906092    5.49732    -0.0784    13.8155 0.0000e+00  -61.96900  -53.04950 1154916957 219.094418    34.6191     109387          7  0.000e+00
    500.824     0.0958   2.906011     0.0958   2.906115    5.49739    -0.0454    13.8155 0.0000e+00  -61.96900  -53.04950 1154916957 219.094419    34.6195     109388          7  0.000e+00
    500.824     0.0957   2.906018     0.0962   2.906145    5.50227    -0.0343    13.8155 0.0000e+00  -61.96900  -53.04950 1154916957 219.094419    34.6197     109389          7  0.000e+00
    500.824     0.0961   2.906011     0.0959   2.906133    5.50222    -0.0564    13.8155 0.0000e+00  -61.96900  -53.04950 1154916957 219.094420    34.6191     109390          7  0.000e+00
    500.872     0.0959   2.906001     0.0957   2.906121    5.50228    -0.0674    13.8155 0.0000e+00  -61.96900  -53.04950 1154916957 219.094420    34.6192     109391          7  0.000e+00
    500.824     0.0961   2.906024     0.0960   2.906145    5.49735    -0.0784    13.8155 0.0000e+00  -61.96900  -53.04950 1154916957 219.094421    34.6193     109392          7  0.000e+00
    500.824     0.0961   2.905997     0.0957   2.906127    5.49736    -0.0564    13.8155 0.0000e+00  -61.96900  -53.04950 1154916957 219.094421    34.6189     109393          7  0.000e+00
    500.824     0.0955   2.906011     0.0956   2.906121    5.50229    -0.0674    13.8155 0.0000e+00  -61.96900  -53.04950 1154916957 219.094422    34.6198     109394          7  0.000e+00
    500.805     0.0956   2.905994     0.0954   2.906145    5.50227    -0.1225    13.8155 0.0000e+00  -61.96900  -53.04950 1154916957 219.094422    34.6195     109395          7  0.000e+00
    500.824     0.0957   2.906028     0.0957   2.906104    5.50226    -0.0894    13.8155 0.0000e+00  -61.96900  -53.04950 1154916957 219.094423    34.6198     109396          7  0.000e+00
    500.824     0.0956   2.906018     0.0954   2.906115    5.50227    -0.1004    13.8155 0.0000e+00  -61.96900  -53.04950 1154916957 219.094423    34.6198     109397          7  0.000e+00
    500.892     0.0955   2.906001     0.0957   2.906121    5.49749    -0.1335    13.8155 0.0000e+00  -61.96900  -53.04950 1154916957 219.094424    34.6197     109398          7  0.000e+00
    500.805     0.0957   2.906008     0.0957   2.906104    5.49739    -0.0564    13.8155 0.0000e+00  -61.96900  -53.04950 1154916957 219.094424    34.6196     109399          7  0.000e+00
    500.824     0.0956   2.906001     0.0959   2.906133    5.49742    -0.0564    13.8155 0.0000e+00  -61.96900  -53.04950 1154916957 219.094425    34.6195     109400          7  0.000e+00
    500.824     0.0955   2.906024     0.0953   2.906109    5.49742    -0.1225    13.8155 0.0000e+00  -61.96900  -53.04950 1154916957 219.094425    34.6200     109401          7  0.000e+00
    500.872     0.0953   2.906014     0.0954   2.906115    5.50235    -0.0894    13.8155 0.0000e+00  -61.96900  -53.04950 1154916957 219.094426    34.6200     109402          7  0.000e+00
    500.824     0.0952   2.906018     0.0953   2.906104    5.50232    -0.1004    13.8155 0.0000e+00  -61.96900  -53.04950 1154916957 219.094426    34.6202     109403          7  0.000e+00
    500.824     0.0955   2.905994     0.0957   2.906115    5.50230    -0.1225    13.8155 0.0000e+00  -61.96900  -53.04950 1154916957 219.094427    34.6196     109404          7  0.000e+00
    500.824     0.0955   2.906011     0.0956   2.906104    5.49743    -0.1004    13.8155 0.0000e+00  -61.96900  -53.04950 1154916957 219.094427    34.6198     109405          7  0.000e+00
    500.805     0.0957   2.905977     0.0957   2.906115    5.49741    -0.0894    13.8155 0.0000e+00  -61.96900  -53.04950 1154916958 219.094428    34.6192     109406          7  0.000e+00
    500.824     0.0956   2.906004     0.0954   2.906121    5.49742    -0.1555    13.8155 0.0000e+00  -61.96900  -53.04950 1154916958 219.094428    34.6196     109407          7  0.000e+00
    500.824     0.0956   2.905977     0.0957   2.906145    5.49743    -0.1445    13.8155 0.0000e+00  -61.96900  -53.04950 1154916958 219.094429    34.6192     109408          7  0.000e+00
    500.825     0.0955   2.905987     0.0957   2.906133    5.50230    -0.0784    13.8155 0.0000e+00  -61.96900  -53.04950 1154916958 219.094429    34.6195     109409          7  0.000e+00
    500.873     0.0950   2.905987     0.0954   2.906121    5.50239    -0.1004    13.8155 0.0000e+00  -61.96900  -53.04950 1154916958 219.094429    34.6200     109410          7  0.000e+00
    500.825     0.0953   2.905967     0.0955   2.906121    5.50233    -0.1445    13.8155 0.0000e+00  -61.96900  -53.04950 1154916958 219.094430    34.6195     109411          7  0.000e+00
    500.825     0.0950   2.905987     0.0960   2.906145    5.49750    -0.1335    13.8155 0.0000e+00  -61.96900  -53.04950 1154916958 219.094430    34.6201     109412          7  0.000e+00
