product_data/regression_test/downloaded_data/MDGS/320620060703/ctd/p6623001.ros
* Sea-Bird SBE 9 Data File:
* FileName = D:\Data\Raw\p6623001.dat
* Software Version Seasave Win32 V 5.32
* Temperature SN = 1649
* Conductivity SN = 1431
* Number of Bytes Per Scan = 37
* Number of Voltage Words = 5
* Number of Scans Averaged by the Deck Unit = 1
* NMEA Latitude = 61 58.14 S
* NMEA Longitude = 053 02.97 W
* NMEA UTC (Time) = 00:58:35
** Ship:   Nathaniel B. Palmer 
** Cruise:    NBP0606 
# nquan = 17
# nvalues = 1176                    
# units = specified
# name 0 = prDM: Pressure, Digiquartz [db]
# name 1 = t090C: Temperature [ITS-90, deg C]
# name 2 = c0S/m: Conductivity [S/m]
# name 3 = t190C: Temperature, 2 [ITS-90, deg C]
# name 4 = c1S/m: Conductivity, 2 [S/m]
# name 5 = sbeox0ML/L: Oxygen, SBE 43 [ml/l]
# name 6 = flECO-AFL: Fluorescence, Wetlab ECO-AFL/FL [mg/m^3]
# name 7 = bat: Beam Attenuation, Chelsea/Seatech/Wetlab CStar [1/m]
# name 8 = spar: SPAR/Surface Irradiance
# name 9 = latitude: Latitude [deg]
# name 10 = longitude: Longitude [deg]
# name 11 = timeY: Time, System [seconds]
# name 12 = timeJ: Julian Days
# name 13 = sal00: Salinity [PSU]
# name 14 = scan: scan number
# name 15 = nbf: number of bottles fired
# name 16 = flag:  0.000e+00
# interval = seconds: 0.0416667                   
# start_time = Aug 07 2006 01:00:00
*END*
[from data line 1107]
     50.474    -1.7986   2.713554    -1.7987   2.713734    7.00895    -0.0674    13.8155 0.0000e+00  -61.96900  -53.04950 1154917734 219.103415    34.4523     128043         23  0.000e+00
     50.474    -1.7986   2.713551    -1.7989   2.713751    7.00414    -0.0784    13.8155 0.0000e+00  -61.96900  -53.04950 1154917734 219.103416    34.4523     128044         23  0.000e+00
     50.398    -1.7983   2.713567    -1.7985   2.713711    7.00401    -0.1114    13.8155 0.0000e+00  -61.96900  -53.04950 1154917734 219.103416    34.4522     128045         23  0.000e+00
     50.474    -1.7981   2.713574    -1.7989   2.713717    7.01367    -0.1335    13.8155 0.0000e+00  -61.96900  -53.04950 1154917734 219.103417    34.4521     128046         23  0.000e+00
     50.474    -1.7985   2.713590    -1.7984   2.713740    7.00890    -0.1555    13.8155 0.0000e+00  -61.96900  -53.04950 1154917734 219.103417    34.4527     128047         23  0.000e+00
     50.474    -1.7984   2.713577    -1.7987   2.713745    7.00410    -0.1555    13.8155 0.0000e+00  -61.96900  -53.04950 1154917734 219.103418    34.4524     128048         23  0.000e+00
     50.541    -1.7983   2.713574    -1.7993   2.713711    7.00895    -0.0894    13.8155 0.0000e+00  -61.96900  -53.04950 1154917734 219.103418    34.4522     128049         23  0.000e+00
     50.474    -1.7988   2.713590    -1.7989   2.713699    7.00895    -0.1004    13.8155 0.0000e+00  -61.96900  -53.04950 1154917734 219.103419    34.4530     128050         23  0.000e+00
     50.541    -1.7988   2.713577    -1.7985   2.713717    7.00421    -0.0784    13.8155 0.0000e+00  -61.96900  -53.04950 1154917735 219.103419    34.4528     128051         23  0.000e+00
     50.475    -1.7986   2.713574    -1.7985   2.713722    7.00413    -0.1445    13.8155 0.0000e+00  -61.96900  -53.04950 1154917735 219.103420    34.4526     128052         23  0.000e+00
     50.541    -1.7985   2.713574    -1.7992   2.713722    7.00898    -0.1445    13.8155 0.0000e+00  -61.96900  -53.04950 1154917735 219.103420    34.4524     128053         23  0.000e+00
     50.475    -1.7980   2.713554    -1.7982   2.713722    7.00886    -0.1225    13.8155 0.0000e+00  -61.96900  -53.04950 1154917735 219.103421    34.4516     128054         23  0.000e+00
     50.541    -1.7988   2.713583    -1.7984   2.713740    7.00421    -0.0894    13.8155 0.0000e+00  -61.96900  -53.04950 1154917735 219.103421    34.4529     128055         23  0.000e+00
     50.541    -1.7983   2.713561    -1.7987   2.713728    7.00416    -0.1004    13.8155 0.0000e+00  -61.96900  -53.04950 1154917735 219.103422    34.4520     128056         23  0.000e+00
     50.475    -1.7983   2.713567    -1.7987   2.713717    7.00889    -0.1225    13.8155 0.0000e+00  -61.96900  -53.04950 1154917735 219.103422    34.4521     128057         23  0.000e+00
     50.541    -1.7986   2.713590    -1.7987   2.713740    7.00418    -0.0894    13.8155 0.0000e+00  -61.96900  -53.04950 1154917735 219.103423    34.4528     128058         23  0.000e+00
     50.475    -1.7988   2.713577    -1.7985   2.713728    7.00415    -0.0784    13.8155 0.0000e+00  -61.96900  -53.04950 1154917735 219.103423    34.4528     128059         23  0.000e+00
     50.475    -1.7981   2.713574    -1.7990   2.713722    7.00887    -0.1004    13.8155 0.0000e+00  -61.96900  -53.04950 1154917735 219.103424    34.4521     128060         23  0.000e+00
     50.475    -1.7986   2.713538    -1.7993   2.713705    7.00896    -0.1555    13.8155 0.0000e+00  -61.96900  -53.04950 1154917735 219.103424    34.4521     128061         23  0.000e+00
     50.475    -1.7984   2.713561    -1.7989   2.713699    7.00411    -0.1555    13.8155 0.0000e+00  -61.96900  -53.04950 1154917735 219.103424    34.4522     128062         23  0.000e+00
      9.865    -1.7995   2.711628    -1.7996   2.711775    7.00425    -0.1555    13.8155 0.0000e+00  -61.96900  -53.04950 1154917822 219.104435    34.4527     130158         24  0.000e+00
     10.027    -1.7995   2.711606    -1.7998   2.711763    7.00442    -0.1114    13.8155 0.0000e+00  -61.96900  -53.04950 1154917822 219.104436    34.4523     130159         24  0.000e+00
      9.931    -1.7994   2.711612    -1.7996   2.711763    7.00430    -0.1445    13.8155 0.0000e+00  -61.96900  -53.04950 1154917822 219.104436    34.4523     130160         24  0.000e+00
      9.931    -1.7991   2.711609    -1.7998   2.711740    7.00426    -0.1775    13.8155 0.0000e+00  -61.96900  -53.04950 1154917822 219.104437    34.4519     130161         24  0.000e+00
      9.960    -1.7998   2.711579    -1.7993   2.711752    7.00442    -0.1445    13.8155 0.0000e+00  -61.96900  -53.04950 1154917822 219.104437    34.4524     130162         24  0.000e+00
      9.931    -1.7992   2.711589    -1.7993   2.711763    7.00430    -0.0343    13.8155 0.0000e+00  -61.96900  -53.04950 1154917822 219.104438    34.4518     130163         24  0.000e+00
      9.931    -1.8000   2.711612    -1.7995   2.711740    7.00917    -0.0564    13.8155 0.0000e+00  -61.96900  -53.04950 1154917823 219.104438    34.4530     130164         24  0.000e+00
      9.960    -1.7994   2.711583    -1.7995   2.711769    7.00435    -0.0784    13.8155 0.0000e+00  -61.96900  -53.04950 1154917823 219.104439    34.4519     130165         24  0.000e+00
      9.931    -1.7994   2.711606    -1.7998   2.711746    7.00431    -0.0894    13.8155 0.0000e+00  -61.96900  -53.04950 1154917823 219.104439    34.4522     130166         24  0.000e+00
      9.960    -1.7995   2.711599    -1.7995   2.711769    7.00436    -0.0564    13.8155 0.0000e+00  -61.96900  -53.04950 1154917823 219.104440    34.4523     130167         24  0.000e+00
      9.931    -1.7998   2.711563    -1.7995   2.711769    7.00440    -0.0784    13.8155 0.0000e+00  -61.96900  -53.04950 1154917823 219.104440    34.4522     130168         24  0.000e+00
      9.931    -1.7991   2.711602    -1.7993   2.711763    7.00426    -0.1886    13.8155 0.0000e+00  -61.96900  -53.04950 1154917823 219.104441    34.4518     130169         24  0.000e+00
      9.960    -1.7995   2.711599    -1.7996   2.711763    7.00436    -0.1114    13.8155 0.0000e+00  -61.96900  -53.04950 1154917823 219.104441    34.4523     130170         24  0.000e+00
      9.932    -1.7989   2.711586    -1.7996   2.711763    7.00903    -0.1004    13.8155 0.0000e+00  -61.96900  -53.04950 1154917823 219.104442    34.4514     130171         24  0.000e+00
      9.960    -1.7995   2.711592    -1.7995   2.711763    7.00436    -0.0674    13.8155 0.0000e+00  -61.96900  -53.04950 1154917823 219.104442    34.4522     130172         24  0.000e+00
      9.932    -1.7992   2.711628    -1.7995   2.711780    7.00427     0.0097    13.8155 0.0000e+00  -61.96900  -53.04950 1154917823 219.104443    34.4524     130173         24  0.000e+00
      9.865    -1.7992   2.711641    -1.7999   2.711769    7.00420    -0.0343    13.8155 0.0000e+00  -61.96900  -53.04950 1154917823 219.104443    34.4526     130174         24  0.000e+00
     10.103    -1.7994   2.711606    -1.7998   2.711780    7.00447    -0.1225    13.8155 0.0000e+00  -61.96900  -53.04950 1154917823 219.104443    34.4521     130175         24  0.000e+00
      9.932    -1.7995   2.711596    -1.7996   2.711769    7.00433    -0.1555    13.8155 0.0000e+00  -61.96900  -53.04950 1154917823 219.104444    34.4522     130176         24  0.000e+00
      9.932    -1.7997   2.711612    -1.7996   2.711763    7.00435    -0.1445    13.8155 0.0000e+00  -61.96900  -53.04950 1154917823 219.104444    34.4527     130177         24  0.000e+00
      9.960    -1.7994   2.711599    -1.7993   2.711780    7.00434    -0.0674    13.8155 0.0000e+00  -61.96900  -53.04950 1154917823 219.104445    34.4521     130178         24  0.000e+00
      9.932    -1.7997   2.711612    -1.7995   2.711786    7.00434    -0.0784    13.8155 0.0000e+00  -61.96900  -53.04950 1154917823 219.104445    34.4526     130179         24  0.000e+00
      9.960    -1.7994   2.711599    -1.7999   2.711769    7.00434    -0.0564    13.8155 0.0000e+00  -61.96900  -53.04950 1154917823 219.104446    34.4521     130180         24  0.000e+00
      9.932    -1.7994   2.711619    -1.7995   2.711763    7.00430    -0.0674    13.8155 0.0000e+00  -61.96900  -53.04950 1154917823 219.104446    34.4524     130181         24  0.000e+00
     10.008    -1.7991   2.711602    -1.7993   2.711740    7.00434    -0.0894    13.8155 0.0000e+00  -61.96900  -53.04950 1154917823 219.104447    34.4518     130182         24  0.000e+00
      9.894    -1.7991   2.711628    -1.8001   2.711752    7.00421    -0.1445    13.8155 0.0000e+00  -61.96900  -53.04950 1154917823 219.104447    34.4522     130183         24  0.000e+00
     10.008    -1.7995   2.711622    -1.7999   2.711763    7.00439    -0.0784    13.8155 0.0000e+00  -61.96900  -53.04950 1154917823 219.104448    34.4526     130184         24  0.000e+00
      9.894    -1.7995   2.711599    -1.7995   2.711763    7.00429    -0.0343    13.8155 0.0000e+00  -61.96900  -53.04950 1154917823 219.104448    34.4523     130185         24  0.000e+00
     10.008    -1.7995   2.711628    -1.7995   2.711763    7.00439    -0.0894    13.8155 0.0000e+00  -61.96900  -53.04950 1154917823 219.104449    34.4526     130186         24  0.000e+00
      9.932    -1.7997   2.711606    -1.7996   2.711780    7.00913    -0.0784    13.8155 0.0000e+00  -61.96900  -53.04950 1154917823 219.104449    34.4526     130187         24  0.000e+00
      9.960    -1.7998   2.711596    -1.7996   2.711786    7.00441    -0.0454    13.8155 0.0000e+00  -61.96900  -53.04950 1154917824 219.104450    34.4526     130188         24  0.000e+00
      9.932    -1.7997   2.711612    -1.7995   2.711769    7.00435    -0.0013    13.8155 0.0000e+00  -61.96900  -53.04950 1154917824 219.104450    34.4527     130189         24  0.000e+00
      9.932    -1.7994   2.711619    -1.7998   2.711763    7.00430    -0.1004    13.8155 0.0000e+00  -61.96900  -53.04950 1154917824 219.104451    34.4524     130190         24  0.000e+00
      9.960    -1.7995   2.711576    -1.7996   2.711780    7.00438    -0.1225    13.8155 0.0000e+00  -61.96900  -53.04950 1154917824 219.104451    34.4519     130191         24  0.000e+00
     10.008    -1.7995   2.711602    -1.7999   2.711769    7.00440    -0.1445    13.8155 0.0000e+00  -61.96900  -53.04950 1154917824 219.104452    34.4523     130192         24  0.000e+00
      9.961    -1.7998   2.711619    -1.7996   2.711780    7.00439    -0.1445    13.8155 0.0000e+00  -61.96900  -53.04950 1154917824 219.104452    34.4529     130193         24  0.000e+00
      9.932    -1.7997   2.711599    -1.7993   2.711769    7.00436    -0.1225    13.8155 0.0000e+00  -61.96900  -53.04950 1154917824 219.104453    34.4525     130194         24  0.000e+00
      9.932    -1.7998   2.711628    -1.7996   2.711780    7.00436    -0.1225    13.8155 0.0000e+00  -61.96900  -53.04950 1154917824 219.104453    34.4531     130195         24  0.000e+00
      9.961    -1.7992   2.711641    -1.7995   2.711786    7.00429    -0.0564    13.8155 0.0000e+00  -61.96900  -53.04950 1154917824 219.104454    34.4525     130196         24  0.000e+00
      9.932    -1.7995   2.711589    -1.7996   2.711746    7.00434    -0.1335    13.8155 0.0000e+00  -61.96900  -53.04950 1154917824 219.104454    34.4522     130197         24  0.000e+00
     10.008    -1.7997   2.711606    -1.7993   2.711734    7.00442    -0.1775    13.8155 0.0000e+00  -61.96900  -53.04950 1154917824 219.104455    34.4525     130198         24  0.000e+00
      9.961    -1.7994   2.711619    -1.7999   2.711752    7.00433    -0.1225    13.8155 0.0000e+00  -61.96900  -53.04950 1154917824 219.104455    34.4524     130199         24  0.000e+00
      9.932    -1.8001   2.711583    -1.7993   2.711763    7.00443    -0.1114    13.8155 0.0000e+00  -61.96900  -53.04950 1154917824 219.104456    34.4528     130200         24  0.000e+00
      9.961    -1.7995   2.711599    -1.7996   2.711780    7.00436    -0.0894    13.8155 0.0000e+00  -61.96900  -53.04950 1154917824 219.104456    34.4523     130201         24  0.000e+00
      9.932    -1.7992   2.711615    -1.7996   2.711769    7.00428    -0.1225    13.8155 0.0000e+00  -61.96900  -53.04950 1154917824 219.104457    34.4522     130202         24  0.000e+00
     10.008    -1.7995   2.711619    -1.7996   2.711763    7.00439    -0.1225    13.8155 0.0000e+00  -61.96900  -53.04950 1154917824 219.104457    34.4525     130203         24  0.000e+00
      9.961    -1.7992   2.711619    -1.7999   2.711780    7.00430    -0.0454    13.8155 0.0000e+00  -61.96900  -53.04950 1154917824 219.104457    34.4522     130204         24  0.000e+00
      9.932    -1.7995   2.711619    -1.7999   2.711746    7.00432    -0.0894    13.8155 0.0000e+00  -61.96900  -53.04950 1154917824 219.104458    34.4526     130205         24  0.000e+00
      9.961    -1.7994   2.711599    -1.7995   2.711769    7.00434    -0.0784    13.8155 0.0000e+00  -61.96900  -53.04950 1154917824 219.104458    34.4521     130206         24  0.000e+00
