product_data/regression_test/downloaded_data/MDGS/320620060703/ctd/p6621105.ros
* Sea-Bird SBE 9 Data File:
* FileName = D:\Data\Raw\p6621105.dat
* Software Version Seasave Win32 V 5.32
* Temperature SN = 1649
* Conductivity SN = 1431
* Number of Bytes Per Scan = 37
* Number of Voltage Words = 5
* Number of Scans Averaged by the Deck Unit = 1
* NMEA Latitude = 63 47.00 S
* NMEA Longitude = 060 13.15 W
* NMEA UTC (Time) = 17:09:33
** Ship:   Nathaniel B. Palmer 
** Cruise:    NBP0606 
# nquan = 17
# nvalues = 1176                    
# units = specified
# name 0 = prDM: Pressure, Digiquartz [db]
# name 1 = t090C: Temperature [ITS-90, deg C]
# name 2 = c0S/m: Conductivity [S/m]
# name 3 = t190C: Temperature, 2 [ITS-90, deg C]
# name 4 = c1S/m: Conductivity, 2 [S/m]
# name 5 = sbeox0ML/L: Oxygen, SBE 43 [ml/l]
# name 6 = flECO-AFL: Fluorescence, Wetlab ECO-AFL/FL [mg/m^3]
# name 7 = bat: Beam Attenuation, Chelsea/Seatech/Wetlab CStar [1/m]
# name 8 = spar: SPAR/Surface Irradiance
# name 9 = latitude: Latitude [deg]
# name 10 = longitude: Longitude [deg]
# name 11 = timeY: Time, System [seconds]
# name 12 = timeJ: Julian Days
# name 13 = sal00: Salinity [PSU]
# name 14 = scan: scan number
# name 15 = nbf: number of bottles fired
# name 16 = flag:  0.000e+00
# interval = seconds: 0.0416667                   
# start_time = Jul 31 2006 17:09:41
*END*
[from data line 341]
    200.000    -1.4569   2.742457    -1.4705   2.741684    7.29587    -0.0013    13.8155 8.3186e+02  -63.78333  -60.21917 1154366606 212.724624    34.3631      19838          7  0.000e+00
    199.923    -1.4569   2.742414    -1.4700   2.741684    7.29582     0.0097    13.8155 8.3186e+02  -63.78333  -60.21917 1154366606 212.724625    34.3626      19839          7  0.000e+00
    149.911    -1.4804   2.737568    -1.4811   2.737719    7.32933    -0.0123    13.8155 8.2407e+02  -63.78333  -60.21917 1154366702 212.725730    34.3542      22130          8  0.000e+00
    149.845    -1.4801   2.737538    -1.4813   2.737719    7.32924    -0.0123    13.8155 8.2407e+02  -63.78333  -60.21917 1154366702 212.725730    34.3535      22131          8  0.000e+00
    149.921    -1.4806   2.737561    -1.4812   2.737724    7.32938    -0.0454    13.8155 8.2407e+02  -63.78333  -60.21917 1154366702 212.725731    34.3544      22132          8  0.000e+00
    149.768    -1.4798   2.737542    -1.4812   2.737719    7.32911    -0.0454    13.8155 8.2407e+02  -63.78333  -60.21917 1154366702 212.725731    34.3532      22133          8  0.000e+00
    149.845    -1.4799   2.737561    -1.4812   2.737719    7.32920    -0.0013    13.8155 8.2407e+02  -63.78333  -60.21917 1154366702 212.725732    34.3536      22134          8  0.000e+00
    149.768    -1.4797   2.737568    -1.4810   2.737719    7.32908     0.0207    13.8155 8.2407e+02  -63.78333  -60.21917 1154366702 212.725732    34.3535      22135          8  0.000e+00
    149.778    -1.4801   2.737555    -1.4806   2.737736    7.32916     0.0097    13.8155 8.2407e+02  -63.78333  -60.21917 1154366702 212.725733    34.3538      22136          8  0.000e+00
    149.845    -1.4798   2.737552    -1.4810   2.737771    7.32919    -0.0784    13.8155 8.2407e+02  -63.78333  -60.21917 1154366702 212.725733    34.3534      22137          8  0.000e+00
    149.845    -1.4802   2.737552    -1.4810   2.737771    7.33409    -0.0564    13.8155 8.2407e+02  -63.78333  -60.21917 1154366702 212.725734    34.3538      22138          8  0.000e+00
    149.845    -1.4799   2.737552    -1.4807   2.737771    7.33404    -0.1004    13.8155 8.2407e+02  -63.78333  -60.21917 1154366702 212.725734    34.3535      22139          8  0.000e+00
    149.845    -1.4805   2.737552    -1.4809   2.737788    7.32929    -0.1114    13.8155 8.2601e+02  -63.78333  -60.21917 1154366702 212.725734    34.3541      22140          8  0.000e+00
    149.845    -1.4799   2.737561    -1.4809   2.737753    7.33403    -0.0674    13.8155 8.2601e+02  -63.78333  -60.21917 1154366702 212.725735    34.3536      22141          8  0.000e+00
    149.912    -1.4804   2.737538    -1.4807   2.737713    7.33419    -0.0454    13.8155 8.2601e+02  -63.78333  -60.21917 1154366702 212.725735    34.3538      22142          8  0.000e+00
    149.845    -1.4805   2.737532    -1.4812   2.737753    7.33413     0.0318    13.8155 8.2601e+02  -63.78333  -60.21917 1154366702 212.725736    34.3538      22143          8  0.000e+00
    149.912    -1.4805   2.737532    -1.4812   2.737707    7.32938     0.0097    13.8155 8.2601e+02  -63.78333  -60.21917 1154366702 212.725736    34.3539      22144          8  0.000e+00
    149.921    -1.4805   2.737532    -1.4807   2.737707    7.32939    -0.0674    13.8155 8.2601e+02  -63.78333  -60.21917 1154366702 212.725737    34.3539      22145          8  0.000e+00
    149.912    -1.4797   2.737558    -1.4810   2.737724    7.33407    -0.0454    13.8155 8.2601e+02  -63.78333  -60.21917 1154366702 212.725737    34.3533      22146          8  0.000e+00
    149.978    -1.4804   2.737555    -1.4813   2.737736    7.33424    -0.0123    13.8155 8.2796e+02  -63.78333  -60.21917 1154366702 212.725738    34.3540      22147          8  0.000e+00
    149.912    -1.4807   2.737535    -1.4813   2.737724    7.33424    -0.0454    13.8155 8.2796e+02  -63.78333  -60.21917 1154366702 212.725738    34.3542      22148          8  0.000e+00
    149.921    -1.4808   2.737532    -1.4812   2.737696    7.33427    -0.0454    13.8155 8.2991e+02  -63.78333  -60.21917 1154366702 212.725739    34.3542      22149          8  0.000e+00
    149.978    -1.4802   2.737561    -1.4809   2.737707    7.33422    -0.0564    13.8155 8.2991e+02  -63.78333  -60.21917 1154366702 212.725739    34.3539      22150          8  0.000e+00
    149.912    -1.4806   2.737584    -1.4810   2.737724    7.32935    -0.0454    13.8155 8.2796e+02  -63.78333  -60.21917 1154366702 212.725740    34.3547      22151          8  0.000e+00
    149.978    -1.4799   2.737578    -1.4812   2.737696    7.32932    -0.0564    13.8155 8.2796e+02  -63.78333  -60.21917 1154366703 212.725740    34.3538      22152          8  0.000e+00
    149.921    -1.4808   2.737591    -1.4814   2.737649    7.33423    -0.0784    13.8155 8.2796e+02  -63.78333  -60.21917 1154366703 212.725741    34.3550      22153          8  0.000e+00
    149.912    -1.4801   2.737597    -1.4809   2.737696    7.33411    -0.1665    13.8155 8.2796e+02  -63.78333  -60.21917 1154366703 212.725741    34.3543      22154          8  0.000e+00
    149.912    -1.4798   2.737561    -1.4810   2.737678    7.33408    -0.1335    13.8155 8.2601e+02  -63.78333  -60.21917 1154366703 212.725742    34.3534      22155          8  0.000e+00
    149.912    -1.4802   2.737581    -1.4809   2.737696    7.33413    -0.0674    13.8155 8.2796e+02  -63.78333  -60.21917 1154366703 212.725742    34.3542      22156          8  0.000e+00
    149.912    -1.4805   2.737545    -1.4813   2.737713    7.33419     0.0207    13.8155 8.2796e+02  -63.78333  -60.21917 1154366703 212.725743    34.3540      22157          8  0.000e+00
    149.845    -1.4805   2.737512    -1.4809   2.737719    7.33416     0.0318    13.8155 8.2796e+02  -63.78333  -60.21917 1154366703 212.725743    34.3537      22158          8  0.000e+00
    149.912    -1.4807   2.737538    -1.4807   2.737719    7.33423    -0.0013    13.8155 8.2991e+02  -63.78333  -60.21917 1154366703 212.725744    34.3542      22159          8  0.000e+00
    149.845    -1.4803   2.737552    -1.4807   2.737696    7.33409    -0.0454    13.8155 8.2796e+02  -63.78333  -60.21917 1154366703 212.725744    34.3539      22160          8  0.000e+00
    149.845    -1.4807   2.737532    -1.4812   2.737742    7.33417    -0.0784    13.8155 8.2796e+02  -63.78333  -60.21917 1154366703 212.725745    34.3541      22161          8  0.000e+00
    149.845    -1.4805   2.737545    -1.4809   2.737724    7.33413    -0.1004    13.8155 8.2796e+02  -63.78333  -60.21917 1154366703 212.725745    34.3540      22162          8  0.000e+00
    149.845    -1.4805   2.737552    -1.4813   2.737719    7.33413    -0.0674    13.8155 8.2796e+02  -63.78333  -60.21917 1154366703 212.725746    34.3542      22163          8  0.000e+00
    149.845    -1.4805   2.737568    -1.4809   2.737719    7.33412    -0.1114    13.8155 8.2796e+02  -63.78333  -60.21917 1154366703 212.725746    34.3544      22164          8  0.000e+00
    149.768    -1.4806   2.737604    -1.4809   2.737707    7.33403    -0.1225    13.8155 8.2796e+02  -63.78333  -60.21917 1154366703 212.725747    34.3551      22165          8  0.000e+00
    149.845    -1.4796   2.737601    -1.4812   2.737713    7.33396    -0.1225    13.8155 8.2796e+02  -63.78333  -60.21917 1154366703 212.725747    34.3538      22166          8  0.000e+00
    149.845    -1.4793   2.737673    -1.4806   2.737719    7.33386    -0.1114    13.8155 8.2796e+02  -63.78333  -60.21917 1154366703 212.725747    34.3544      22167          8  0.000e+00
    149.845    -1.4781   2.737653    -1.4813   2.737696    7.33370    -0.0564    13.8155 8.2796e+02  -63.78333  -60.21917 1154366703 212.725748    34.3528      22168          8  0.000e+00
    149.845    -1.4787   2.737656    -1.4809   2.737707    7.33378    -0.0564    13.8155 8.2796e+02  -63.78333  -60.21917 1154366703 212.725748    34.3535      22169          8  0.000e+00
    149.845    -1.4788   2.737692    -1.4813   2.737747    7.33378    -0.0233    13.8155 8.2796e+02  -63.78333  -60.21917 1154366703 212.725749    34.3542      22170          8  0.000e+00
    149.845    -1.4783   2.737656    -1.4806   2.737742    7.33373    -0.0564    13.8155 8.2991e+02  -63.78333  -60.21917 1154366703 212.725749    34.3531      22171          8  0.000e+00
    149.845    -1.4793   2.737620    -1.4809   2.737742    7.33390    -0.0674    13.8155 8.2991e+02  -63.78333  -60.21917 1154366703 212.725750    34.3537      22172          8  0.000e+00
    149.845    -1.4794   2.737584    -1.4810   2.737742    7.33394    -0.0674    13.8155 8.2796e+02  -63.78333  -60.21917 1154366703 212.725750    34.3533      22173          8  0.000e+00
    149.912    -1.4793   2.737591    -1.4813   2.737701    7.33882    -0.0564    13.8155 8.2796e+02  -63.78333  -60.21917 1154366703 212.725751    34.3533      22174          8  0.000e+00
    149.845    -1.4796   2.737610    -1.4814   2.737678    7.33879    -0.0674    13.8155 8.2796e+02  -63.78333  -60.21917 1154366703 212.725751    34.3540      22175          8  0.000e+00
    149.845    -1.4786   2.737683    -1.4815   2.737684    7.33858    -0.0454    13.8155 8.2796e+02  -63.78333  -60.21917 1154366704 212.725752    34.3538      22176          8  0.000e+00
    149.912    -1.4779   2.737784    -1.4819   2.737690    7.33848    -0.0894    13.8155 8.2796e+02  -63.78333  -60.21917 1154366704 212.725752    34.3544      22177          8  0.000e+00
    149.912    -1.4776   2.737797    -1.4815   2.737649    7.33359    -0.1225    13.8155 8.2796e+02  -63.78333  -60.21917 1154366704 212.725753    34.3542      22178          8  0.000e+00
    149.912    -1.4786   2.737787    -1.4752   2.738180    7.33375    -0.0564    13.8155 8.2991e+02  -63.78333  -60.21917 1154366706 212.725775    34.3552      22224          9  0.000e+00
    149.846    -1.4773   2.737843    -1.4769   2.738163    7.33344    -0.0564    13.8155 8.2991e+02  -63.78333  -60.21917 1154366706 212.725775    34.3545      22225          9  0.000e+00
    149.846    -1.4767   2.737843    -1.4765   2.738140    7.33335    -0.0343    13.8155 8.2991e+02  -63.78333  -60.21917 1154366706 212.725776    34.3538      22226          9  0.000e+00
    149.912    -1.4772   2.737866    -1.4764   2.738117    7.33832    -0.0233    13.8155 8.2796e+02  -63.78333  -60.21917 1154366706 212.725776    34.3547      22227          9  0.000e+00
    149.846    -1.4770   2.737830    -1.4766   2.738059    7.33341    -0.0233    13.8155 8.2796e+02  -63.78333  -60.21917 1154366706 212.725777    34.3540      22228          9  0.000e+00
    149.846    -1.4777   2.737768    -1.4776   2.738013    7.33355    -0.0784    13.8155 8.2991e+02  -63.78333  -60.21917 1154366706 212.725777    34.3539      22229          9  0.000e+00
    149.846    -1.4784   2.737768    -1.4784   2.737967    7.33366    -0.0674    13.8155 8.2991e+02  -63.78333  -60.21917 1154366706 212.725778    34.3547      22230          9  0.000e+00
    149.912    -1.4782   2.737715    -1.4782   2.737909    7.33374    -0.0454    13.8155 8.2991e+02  -63.78333  -60.21917 1154366706 212.725778    34.3538      22231          9  0.000e+00
    149.846    -1.4781   2.737689    -1.4778   2.737978    7.33368    -0.0123    13.8155 8.2991e+02  -63.78333  -60.21917 1154366706 212.725779    34.3533      22232          9  0.000e+00
    149.912    -1.4787   2.737633    -1.4773   2.738036    7.33387     0.0207    13.8155 8.2991e+02  -63.78333  -60.21917 1154366706 212.725779    34.3532      22233          9  0.000e+00
    149.846    -1.4791   2.737584    -1.4770   2.738071    7.33390    -0.0013    13.8155 8.2991e+02  -63.78333  -60.21917 1154366706 212.725780    34.3531      22234          9  0.000e+00
    149.913    -1.4792   2.737555    -1.4766   2.738140    7.33400    -0.0233    13.8155 8.2991e+02  -63.78333  -60.21917 1154366706 212.725780    34.3527      22235          9  0.000e+00
    149.846    -1.4798   2.737535    -1.4749   2.738238    7.33403    -0.0674    13.8155 8.2991e+02  -63.78333  -60.21917 1154366706 212.725781    34.3531      22236          9  0.000e+00
    149.846    -1.4801   2.737509    -1.4735   2.738382    7.33410    -0.0894    13.8155 8.2991e+02  -63.78333  -60.21917 1154366706 212.725781    34.3531      22237          9  0.000e+00
    149.913    -1.4803   2.737506    -1.4727   2.738474    7.33420    -0.0784    13.8155 8.2991e+02  -63.78333  -60.21917 1154366706 212.725782    34.3532      22238          9  0.000e+00
    149.846    -1.4804   2.737509    -1.4724   2.738474    7.33414    -0.1225    13.8155 8.2991e+02  -63.78333  -60.21917 1154366706 212.725782    34.3534      22239          9  0.000e+00
    149.913    -1.4807   2.737489    -1.4731   2.738474    7.33428    -0.1114    13.8155 8.2991e+02  -63.78333  -60.21917 1154366706 212.725783    34.3535      22240          9  0.000e+00
    149.846    -1.4808   2.737502    -1.4743   2.738434    7.33421    -0.0674    13.8155 8.2991e+02  -63.78333  -60.21917 1154366706 212.725783    34.3539      22241          9  0.000e+00
    149.846    -1.4808   2.737486    -1.4747   2.738382    7.33422    -0.1225    13.8155 8.2991e+02  -63.78333  -60.21917 1154366706 212.725784    34.3536      22242          9  0.000e+00
    149.922    -1.4807   2.737499    -1.4749   2.738342    7.33428    -0.1004    13.8155 8.2991e+02  -63.78333  -60.21917 1154366706 212.725784    34.3537      22243          9  0.000e+00
    149.846    -1.4805   2.737473    -1.4764   2.738301    7.33419    -0.0894    13.8155 8.2991e+02  -63.78333  -60.21917 1154366706 212.725785    34.3531      22244          9  0.000e+00
    149.846    -1.4808   2.737512    -1.4779   2.738232    7.33421    -0.0894    13.8155 8.2991e+02  -63.78333  -60.21917 1154366706 212.725785    34.3540      22245          9  0.000e+00
    149.846    -1.4803   2.737545    -1.4772   2.738192    7.33410    -0.0343    13.8155 8.2991e+02  -63.78333  -60.21917 1154366706 212.725786    34.3538      22246          9  0.000e+00
    149.846    -1.4802   2.737532    -1.4766   2.738203    7.33410    -0.0343    13.8155 8.2991e+02  -63.78333  -60.21917 1154366707 212.725786    34.3536      22247          9  0.000e+00
    149.846    -1.4804   2.737529    -1.4766   2.738186    7.33413    -0.1004    13.8155 8.2991e+02  -63.78333  -60.21917 1154366707 212.725787    34.3537      22248          9  0.000e+00
    149.846    -1.4803   2.737532    -1.4769   2.738145    7.33411    -0.1665    13.8155 8.2991e+02  -63.78333  -60.21917 1154366707 212.725787    34.3536      22249          9  0.000e+00
    149.846    -1.4802   2.737532    -1.4773   2.738117    7.33410    -0.1445    13.8155 8.2991e+02  -63.78333  -60.21917 1154366707 212.725788    34.3536      22250          9  0.000e+00
    149.846    -1.4806   2.737532    -1.4773   2.738088    7.33416    -0.1114    13.8155 8.2796e+02  -63.78333  -60.21917 1154366707 212.725788    34.3540      22251          9  0.000e+00
    149.846    -1.4804   2.737558    -1.4767   2.738117    7.33410    -0.0674    13.8155 8.2796e+02  -63.78333  -60.21917 1154366707 212.725788    34.3541      22252          9  0.000e+00
    149.846    -1.4802   2.737538    -1.4769   2.738105    7.33410    -0.0564    13.8155 8.2796e+02  -63.78333  -60.21917 1154366707 212.725789    34.3537      22253          9  0.000e+00
    149.846    -1.4806   2.737545    -1.4776   2.738082    7.33415    -0.0894    13.8155 8.2991e+02  -63.78333  -60.21917 1154366707 212.725789    34.3542      22254          9  0.000e+00
    149.846    -1.4804   2.737552    -1.4772   2.738082    7.33411    -0.0564    13.8155 8.2991e+02  -63.78333  -60.21917 1154366707 212.725790    34.3540      22255          9  0.000e+00
    149.846    -1.4804   2.737552    -1.4766   2.738140    7.33411    -0.0233    13.8155 8.2991e+02  -63.78333  -60.21917 1154366707 212.725790    34.3540      22256          9  0.000e+00
