product_data/regression_test/downloaded_data/MDGS/320620060703/ctd/p6621001.ros
* Sea-Bird SBE 9 Data File:
* FileName = D:\Data\Raw\p6621001.dat
* Software Version Seasave Win32 V 5.32
* Temperature SN = 1649
* Conductivity SN = 1431
* Number of Bytes Per Scan = 37
* Number of Voltage Words = 5
* Number of Scans Averaged by the Deck Unit = 1
* NMEA Latitude = 64 31.11 S
* NMEA Longitude = 062 44.33 W
* NMEA UTC (Time) = 02:56:57
** Ship:   Nathaniel B. Palmer 
** Cruise:    NBP0606 
# nquan = 17
# nvalues = 1176                    
# units = specified
# name 0 = prDM: Pressure, Digiquartz [db]
# name 1 = t090C: Temperature [ITS-90, deg C]
# name 2 = c0S/m: Conductivity [S/m]
# name 3 = t190C: Temperature, 2 [ITS-90, deg C]
# name 4 = c1S/m: Conductivity, 2 [S/m]
# name 5 = sbeox0ML/L: Oxygen, SBE 43 [ml/l]
# name 6 = flECO-AFL: Fluorescence, Wetlab ECO-AFL/FL [mg/m^3]
# name 7 = bat: Beam Attenuation, Chelsea/Seatech/Wetlab CStar [1/m]
# name 8 = spar: SPAR/Surface Irradiance
# name 9 = latitude: Latitude [deg]
# name 10 = longitude: Longitude [deg]
# name 11 = timeY: Time, System [seconds]
# name 12 = timeJ: Julian Days
# name 13 = sal00: Salinity [PSU]
# name 14 = scan: scan number
# name 15 = nbf: number of bottles fired
# name 16 = flag:  0.000e+00
# interval = seconds: 0.0416667                   
# start_time = Jul 31 2006 02:57:05
*END*
[from data line 681]
     75.448    -0.6179   2.794079    -0.6181   2.794290    6.97300    -0.0343    13.8155 0.0000e+00  -64.51850  -62.73883 1154315495 212.133063    34.1886      20920         14  0.000e+00
     75.563    -0.6175   2.794096    -0.6183   2.794290    6.97772     0.0207    13.8155 0.0000e+00  -64.51850  -62.73883 1154315495 212.133063    34.1883      20921         14  0.000e+00
     75.448    -0.6178   2.794116    -0.6181   2.794301    6.97296    -0.0013    13.8155 0.0000e+00  -64.51850  -62.73883 1154315495 212.133064    34.1889      20922         14  0.000e+00
     75.429    -0.6176   2.794122    -0.6181   2.794313    6.97291    -0.0454    13.8155 0.0000e+00  -64.51850  -62.73883 1154315495 212.133064    34.1889      20923         14  0.000e+00
     75.448    -0.6173   2.794106    -0.6178   2.794307    6.97290    -0.0343    13.8155 0.0000e+00  -64.51850  -62.73883 1154315495 212.133065    34.1883      20924         14  0.000e+00
     50.279    -0.6435   2.789437    -0.6441   2.789647    7.02065    -0.0123    13.8155 0.0000e+00  -64.51850  -62.73883 1154315552 212.133728    34.1705      22300         15  0.000e+00
     50.136    -0.6432   2.789427    -0.6442   2.789647    7.02047    -0.0123    13.8155 0.0000e+00  -64.51850  -62.73883 1154315552 212.133729    34.1701      22301         15  0.000e+00
     50.146    -0.6437   2.789418    -0.6438   2.789624    7.02056    -0.0454    13.8155 0.0000e+00  -64.51850  -62.73883 1154315553 212.133729    34.1705      22302         15  0.000e+00
     50.146    -0.6432   2.789431    -0.6438   2.789601    7.02048     0.0097    13.8155 0.0000e+00  -64.51850  -62.73883 1154315553 212.133730    34.1701      22303         15  0.000e+00
     50.146    -0.6435   2.789437    -0.6438   2.789595    7.01584    -0.0233    13.8155 0.0000e+00  -64.51850  -62.73883 1154315553 212.133730    34.1705      22304         15  0.000e+00
     50.213    -0.6435   2.789437    -0.6445   2.789612    7.01591    -0.1004    13.8155 0.0000e+00  -64.51850  -62.73883 1154315553 212.133731    34.1705      22305         15  0.000e+00
     50.213    -0.6435   2.789427    -0.6444   2.789635    7.01591    -0.0343    13.8155 0.0000e+00  -64.51850  -62.73883 1154315553 212.133731    34.1704      22306         15  0.000e+00
     50.146    -0.6438   2.789418    -0.6433   2.789612    7.02058    -0.0454    13.8155 0.0000e+00  -64.51850  -62.73883 1154315553 212.133732    34.1706      22307         15  0.000e+00
     50.213    -0.6441   2.789394    -0.6439   2.789670    7.02070    -0.0233    13.8155 0.0000e+00  -64.51850  -62.73883 1154315553 212.133732    34.1706      22308         15  0.000e+00
     50.146    -0.6438   2.789371    -0.6436   2.789699    7.02061     0.0428    13.8155 0.0000e+00  -64.51850  -62.73883 1154315553 212.133733    34.1700      22309         15  0.000e+00
     50.213    -0.6441   2.789361    -0.6435   2.789676    7.02072     0.0538    13.8155 0.0000e+00  -64.51850  -62.73883 1154315553 212.133733    34.1702      22310         15  0.000e+00
     50.146    -0.6441   2.789381    -0.6436   2.789635    7.02064     0.0097    13.8155 0.0000e+00  -64.51850  -62.73883 1154315553 212.133734    34.1705      22311         15  0.000e+00
     50.213    -0.6437   2.789371    -0.6441   2.789601    7.02065    -0.1004    13.8155 0.0000e+00  -64.51850  -62.73883 1154315553 212.133734    34.1698      22312         15  0.000e+00
     50.146    -0.6432   2.789401    -0.6439   2.789595    7.01583    -0.0564    13.8155 0.0000e+00  -64.51850  -62.73883 1154315553 212.133735    34.1697      22313         15  0.000e+00
     50.146    -0.6440   2.789375    -0.6441   2.789612    7.01595     0.0097    13.8155 0.0000e+00  -64.51850  -62.73883 1154315553 212.133735    34.1702      22314         15  0.000e+00
     50.146    -0.6441   2.789381    -0.6442   2.789583    7.01597    -0.0454    13.8155 0.0000e+00  -64.51850  -62.73883 1154315553 212.133736    34.1705      22315         15  0.000e+00
     50.070    -0.6435   2.789371    -0.6441   2.789589    7.01581    -0.0454    13.8155 0.0000e+00  -64.51850  -62.73883 1154315553 212.133736    34.1697      22316         15  0.000e+00
     50.146    -0.6435   2.789368    -0.6444   2.789595    7.01589    -0.0343    13.8155 0.0000e+00  -64.51850  -62.73883 1154315553 212.133736    34.1696      22317         15  0.000e+00
     50.070    -0.6443   2.789361    -0.6442   2.789572    7.01593    -0.0013    13.8155 0.0000e+00  -64.51850  -62.73883 1154315553 212.133737    34.1704      22318         15  0.000e+00
     50.146    -0.6441   2.789348    -0.6445   2.789548    7.01599    -0.0454    13.8155 0.0000e+00  -64.51850  -62.73883 1154315553 212.133737    34.1700      22319         15  0.000e+00
     50.070    -0.6441   2.789328    -0.6439   2.789560    7.01593    -0.0123    13.8155 0.0000e+00  -64.51850  -62.73883 1154315553 212.133738    34.1698      22320         15  0.000e+00
     50.070    -0.6448   2.789355    -0.6447   2.789583    7.01600    -0.1004    13.8155 0.0000e+00  -64.51850  -62.73883 1154315553 212.133738    34.1709      22321         15  0.000e+00
     50.070    -0.6441   2.789345    -0.6444   2.789595    7.01592    -0.0894    13.8155 0.0000e+00  -64.51850  -62.73883 1154315553 212.133739    34.1700      22322         15  0.000e+00
     50.070    -0.6446   2.789328    -0.6439   2.789572    7.01599    -0.0564    13.8155 0.0000e+00  -64.51850  -62.73883 1154315553 212.133739    34.1703      22323         15  0.000e+00
     50.070    -0.6441   2.789355    -0.6445   2.789589    7.01591    -0.1004    13.8155 0.0000e+00  -64.51850  -62.73883 1154315553 212.133740    34.1702      22324         15  0.000e+00
     50.137    -0.6444   2.789348    -0.6442   2.789548    7.01602    -0.0894    13.8155 0.0000e+00  -64.51850  -62.73883 1154315553 212.133740    34.1704      22325         15  0.000e+00
     50.070    -0.6440   2.789322    -0.6444   2.789577    7.01591    -0.1445    13.8155 0.0000e+00  -64.51850  -62.73883 1154315554 212.133741    34.1696      22326         15  0.000e+00
     50.070    -0.6448   2.789335    -0.6442   2.789595    7.01601    -0.1445    13.8155 0.0000e+00  -64.51850  -62.73883 1154315554 212.133741    34.1706      22327         15  0.000e+00
     50.070    -0.6444   2.789345    -0.6444   2.789595    7.01596    -0.0564    13.8155 0.0000e+00  -64.51850  -62.73883 1154315554 212.133742    34.1704      22328         15  0.000e+00
     50.146    -0.6444   2.789345    -0.6448   2.789548    7.01604     0.0648    13.8155 0.0000e+00  -64.51850  -62.73883 1154315554 212.133742    34.1704      22329         15  0.000e+00
     50.070    -0.6443   2.789338    -0.6441   2.789554    7.01594     0.0758    13.8155 0.0000e+00  -64.51850  -62.73883 1154315554 212.133743    34.1701      22330         15  0.000e+00
     50.070    -0.6441   2.789342    -0.6442   2.789566    7.01592    -0.1004    13.8155 0.0000e+00  -64.51850  -62.73883 1154315554 212.133743    34.1700      22331         15  0.000e+00
     50.070    -0.6441   2.789312    -0.6447   2.789566    7.01594    -0.2216    13.8155 0.0000e+00  -64.51850  -62.73883 1154315554 212.133744    34.1696      22332         15  0.000e+00
     50.003    -0.6443   2.789332    -0.6442   2.789589    7.01588    -0.1886    13.8155 0.0000e+00  -64.51850  -62.73883 1154315554 212.133744    34.1701      22333         15  0.000e+00
     50.070    -0.6443   2.789322    -0.6444   2.789548    7.01595    -0.0233    13.8155 0.0000e+00  -64.51850  -62.73883 1154315554 212.133745    34.1699      22334         15  0.000e+00
     50.070    -0.6444   2.789322    -0.6441   2.789577    7.01598    -0.0784    13.8155 0.0000e+00  -64.51850  -62.73883 1154315554 212.133745    34.1701      22335         15  0.000e+00
     50.070    -0.6443   2.789325    -0.6447   2.789560    7.01595    -0.0894    13.8155 0.0000e+00  -64.51850  -62.73883 1154315554 212.133746    34.1699      22336         15  0.000e+00
     50.070    -0.6441   2.789338    -0.6444   2.789583    7.01592    -0.0454    13.8155 0.0000e+00  -64.51850  -62.73883 1154315554 212.133746    34.1700      22337         15  0.000e+00
     50.070    -0.6444   2.789322    -0.6444   2.789572    7.01598     0.0318    13.8155 0.0000e+00  -64.51850  -62.73883 1154315554 212.133747    34.1701      22338         15  0.000e+00
     50.003    -0.6448   2.789335    -0.6444   2.789543    7.01595    -0.0013    13.8155 0.0000e+00  -64.51850  -62.73883 1154315554 212.133747    34.1707      22339         15  0.000e+00
     50.070    -0.6449   2.789312    -0.6444   2.789560    7.01605    -0.0894    13.8155 0.0000e+00  -64.51850  -62.73883 1154315554 212.133748    34.1705      22340         15  0.000e+00
     50.147    -0.6441   2.789332    -0.6447   2.789566    7.01600    -0.0674    13.8155 0.0000e+00  -64.51850  -62.73883 1154315554 212.133748    34.1698      22341         15  0.000e+00
     50.070    -0.6444   2.789345    -0.6445   2.789543    7.01596    -0.0123    13.8155 0.0000e+00  -64.51850  -62.73883 1154315554 212.133749    34.1704      22342         15  0.000e+00
     50.070    -0.6444   2.789338    -0.6444   2.789554    7.01597    -0.0454    13.8155 0.0000e+00  -64.51850  -62.73883 1154315554 212.133749    34.1703      22343         15  0.000e+00
     50.070    -0.6443   2.789328    -0.6445   2.789566    7.01595    -0.0233    13.8155 0.0000e+00  -64.51850  -62.73883 1154315554 212.133750    34.1700      22344         15  0.000e+00
     50.070    -0.6443   2.789355    -0.6447   2.789566    7.01593    -0.0454    13.8155 0.0000e+00  -64.51850  -62.73883 1154315554 212.133750    34.1703      22345         15  0.000e+00
     50.147    -0.6443   2.789348    -0.6442   2.789566    7.01601    -0.0123    13.8155 0.0000e+00  -64.51850  -62.73883 1154315554 212.133750    34.1702      22346         15  0.000e+00
     50.070    -0.6441   2.789375    -0.6444   2.789543    7.01590    -0.0674    13.8155 0.0000e+00  -64.51850  -62.73883 1154315554 212.133751    34.1704      22347         15  0.000e+00
     50.070    -0.6441   2.789371    -0.6441   2.789560    7.01590    -0.0343    13.8155 0.0000e+00  -64.51850  -62.73883 1154315554 212.133751    34.1704      22348         15  0.000e+00
     50.214    -0.6443   2.789328    -0.6430   2.789740    7.02077    -0.1665    13.8155 0.0000e+00  -64.51850  -62.73883 1154315557 212.133783    34.1699      22414         16  0.000e+00
     49.938    -0.6444   2.789355    -0.6430   2.789711    7.02050    -0.1335    13.8155 0.0000e+00  -64.51850  -62.73883 1154315557 212.133784    34.1706      22415         16  0.000e+00
     50.214    -0.6441   2.789328    -0.6432   2.789682    7.02074    -0.1114    13.8155 0.0000e+00  -64.51850  -62.73883 1154315557 212.133784    34.1697      22416         16  0.000e+00
     50.004    -0.6441   2.789305    -0.6428   2.789653    7.02055    -0.1004    13.8155 0.0000e+00  -64.51850  -62.73883 1154315557 212.133785    34.1695      22417         16  0.000e+00
     50.071    -0.6441   2.789302    -0.6434   2.789682    7.02062    -0.1225    13.8155 0.0000e+00  -64.51850  -62.73883 1154315557 212.133785    34.1695      22418         16  0.000e+00
     50.071    -0.6446   2.789318    -0.6432   2.789676    7.02068    -0.1555    13.8155 0.0000e+00  -64.51850  -62.73883 1154315557 212.133786    34.1702      22419         16  0.000e+00
     50.071    -0.6444   2.789315    -0.6435   2.789694    7.02066    -0.1225    13.8155 0.0000e+00  -64.51850  -62.73883 1154315557 212.133786    34.1700      22420         16  0.000e+00
     50.071    -0.6441   2.789355    -0.6436   2.789676    7.02059    -0.0894    13.8155 0.0000e+00  -64.51850  -62.73883 1154315557 212.133787    34.1702      22421         16  0.000e+00
     50.071    -0.6435   2.789384    -0.6438   2.789653    7.02048    -0.0343    13.8155 0.0000e+00  -64.51850  -62.73883 1154315558 212.133787    34.1699      22422         16  0.000e+00
     50.147    -0.6435   2.789371    -0.6439   2.789665    7.02056    -0.0894    13.8155 0.0000e+00  -64.51850  -62.73883 1154315558 212.133788    34.1696      22423         16  0.000e+00
     50.004    -0.6441   2.789361    -0.6434   2.789694    7.02052    -0.0674    13.8155 0.0000e+00  -64.51850  -62.73883 1154315558 212.133788    34.1703      22424         16  0.000e+00
     50.147    -0.6438   2.789365    -0.6432   2.789676    7.02061    -0.0564    13.8155 0.0000e+00  -64.51850  -62.73883 1154315558 212.133789    34.1699      22425         16  0.000e+00
     50.071    -0.6438   2.789417    -0.6432   2.789705    7.02050    -0.0454    13.8155 0.0000e+00  -64.51850  -62.73883 1154315558 212.133789    34.1707      22426         16  0.000e+00
     50.071    -0.6437   2.789417    -0.6430   2.789763    7.02048    -0.0674    13.8155 0.0000e+00  -64.51850  -62.73883 1154315558 212.133790    34.1705      22427         16  0.000e+00
     50.071    -0.6435   2.789391    -0.6430   2.789763    7.02047    -0.0784    13.8155 0.0000e+00  -64.51850  -62.73883 1154315558 212.133790    34.1700      22428         16  0.000e+00
     50.071    -0.6437   2.789424    -0.6431   2.789688    7.02048    -0.0454    13.8155 0.0000e+00  -64.51850  -62.73883 1154315558 212.133791    34.1706      22429         16  0.000e+00
     50.071    -0.6440   2.789417    -0.6430   2.789728    7.02053    -0.0454    13.8155 0.0000e+00  -64.51850  -62.73883 1154315558 212.133791    34.1709      22430         16  0.000e+00
     50.148    -0.6438   2.789431    -0.6433   2.789711    7.02057    -0.0454    13.8155 0.0000e+00  -64.51850  -62.73883 1154315558 212.133791    34.1708      22431         16  0.000e+00
     50.071    -0.6437   2.789417    -0.6432   2.789717    7.02048    -0.0123    13.8155 0.0000e+00  -64.51850  -62.73883 1154315558 212.133792    34.1705      22432         16  0.000e+00
     50.071    -0.6430   2.789424    -0.6430   2.789763    7.02039    -0.0013    13.8155 0.0000e+00  -64.51850  -62.73883 1154315558 212.133792    34.1699      22433         16  0.000e+00
     50.071    -0.6434   2.789417    -0.6430   2.789781    7.02044     0.0207    13.8155 0.0000e+00  -64.51850  -62.73883 1154315558 212.133793    34.1701      22434         16  0.000e+00
     50.071    -0.6432   2.789414    -0.6428   2.789798    7.02042    -0.0343    13.8155 0.0000e+00  -64.51850  -62.73883 1154315558 212.133793    34.1699      22435         16  0.000e+00
     50.071    -0.6434   2.789378    -0.6425   2.789786    7.02046    -0.1225    13.8155 0.0000e+00  -64.51850  -62.73883 1154315558 212.133794    34.1696      22436         16  0.000e+00
     50.071    -0.6438   2.789361    -0.6430   2.789781    7.02054    -0.1114    13.8155 0.0000e+00  -64.51850  -62.73883 1154315558 212.133794    34.1699      22437         16  0.000e+00
     50.071    -0.6434   2.789381    -0.6427   2.789798    7.02046    -0.1114    13.8155 0.0000e+00  -64.51850  -62.73883 1154315558 212.133795    34.1697      22438         16  0.000e+00
     50.071    -0.6437   2.789408    -0.6427   2.789763    7.02049    -0.1225    13.8155 0.0000e+00  -64.51850  -62.73883 1154315558 212.133795    34.1704      22439         16  0.000e+00
     50.071    -0.6434   2.789414    -0.6427   2.789815    7.02044    -0.0674    13.8155 0.0000e+00  -64.51850  -62.73883 1154315558 212.133796    34.1701      22440         16  0.000e+00
     50.148    -0.6430   2.789457    -0.6425   2.789810    7.02044    -0.0013    13.8155 0.0000e+00  -64.51850  -62.73883 1154315558 212.133796    34.1703      22441         16  0.000e+00
     50.071    -0.6430   2.789493    -0.6425   2.789804    7.02034     0.0097    13.8155 0.0000e+00  -64.51850  -62.73883 1154315558 212.133797    34.1708      22442         16  0.000e+00
     50.071    -0.6424   2.789520    -0.6427   2.789786    7.02024    -0.0784    13.8155 0.0000e+00  -64.51850  -62.73883 1154315558 212.133797    34.1705      22443         16  0.000e+00
