product_data/regression_test/downloaded_data/MDGS/320620060703/ctd/p6621803.ros
* Sea-Bird SBE 9 Data File:
* FileName = D:\Data\Raw\p6621803.dat
* Software Version Seasave Win32 V 5.32
* Temperature SN = 1649
* Conductivity SN = 1431
* Number of Bytes Per Scan = 37
* Number of Voltage Words = 5
* Number of Scans Averaged by the Deck Unit = 1
* NMEA Latitude = 62 19.25 S
* NMEA Longitude = 062 49.15 W
* NMEA UTC (Time) = 20:11:06
** Ship:   Nathaniel B. Palmer 
** Cruise:    NBP0606 
# nquan = 17
# nvalues = 1176                    
# units = specified
# name 0 = prDM: Pressure, Digiquartz [db]
# name 1 = t090C: Temperature [ITS-90, deg C]
# name 2 = c0S/m: Conductivity [S/m]
# name 3 = t190C: Temperature, 2 [ITS-90, deg C]
# name 4 = c1S/m: Conductivity, 2 [S/m]
# name 5 = sbeox0ML/L: Oxygen, SBE 43 [ml/l]
# name 6 = flECO-AFL: Fluorescence, Wetlab ECO-AFL/FL [mg/m^3]
# name 7 = bat: Beam Attenuation, Chelsea/Seatech/Wetlab CStar [1/m]
# name 8 = spar: SPAR/Surface Irradiance
# name 9 = latitude: Latitude [deg]
# name 10 = longitude: Longitude [deg]
# name 11 = timeY: Time, System [seconds]
# name 12 = timeJ: Julian Days
# name 13 = sal00: Salinity [PSU]
# name 14 = scan: scan number
# name 15 = nbf: number of bottles fired
# name 16 = flag:  0.000e+00
# interval = seconds: 0.0416667                   
# start_time = Aug 01 2006 20:11:27
*END*
[from data line 1022]
     49.226    -1.2987   2.720210    -1.2997   2.720430    7.95012    -0.0233    13.8155 0.0000e+00  -62.32083  -62.81917 1154466295 213.878424    33.9703      77013         21  0.000e+00
     49.302    -1.2985   2.720210    -1.3003   2.720367    7.94541    -0.0454    13.8155 0.0000e+00  -62.32083  -62.81917 1154466295 213.878424    33.9701      77014         21  0.000e+00
     49.159    -1.2983   2.720167    -1.3003   2.720321    7.94526    -0.1445    13.8155 0.0000e+00  -62.32083  -62.81917 1154466295 213.878425    33.9694      77015         21  0.000e+00
     49.159    -1.2997   2.720040    -1.3004   2.720315    7.94558    -0.0784    13.8155 0.0000e+00  -62.32083  -62.81917 1154466295 213.878425    33.9693      77016         21  0.000e+00
     49.159    -1.3005   2.719974    -1.3015   2.720304    7.94575     0.0207    13.8155 0.0000e+00  -62.32083  -62.81917 1154466295 213.878426    33.9692      77017         21  0.000e+00
     49.092    -1.3010   2.719994    -1.3017   2.720252    7.94574    -0.0233    13.8155 0.0000e+00  -62.32083  -62.81917 1154466295 213.878426    33.9701      77018         21  0.000e+00
     49.016    -1.3005   2.720004    -1.3023   2.720194    7.94557    -0.0123    13.8155 0.0000e+00  -62.32083  -62.81917 1154466295 213.878427    33.9697      77019         21  0.000e+00
     10.386    -1.4249   2.706242    -1.4249   2.706514    8.08522    -0.0123    13.8155 0.0000e+00  -62.32083  -62.81917 1154466407 213.879723    33.9460      79707         22  0.000e+00
     10.291    -1.4248   2.706196    -1.4249   2.706491    8.08513    -0.0343    13.8155 0.0000e+00  -62.32083  -62.81917 1154466407 213.879724    33.9453      79708         22  0.000e+00
     10.319    -1.4253   2.706216    -1.4252   2.706520    8.08522     0.0097    13.8155 0.0000e+00  -62.32083  -62.81917 1154466407 213.879724    33.9461      79709         22  0.000e+00
     10.434    -1.4246   2.706209    -1.4248   2.706537    8.08525    -0.0784    13.8155 0.0000e+00  -62.32083  -62.81917 1154466407 213.879725    33.9452      79710         22  0.000e+00
     10.291    -1.4248   2.706216    -1.4244   2.706514    8.08511    -0.1335    13.8155 0.0000e+00  -62.32083  -62.81917 1154466407 213.879725    33.9456      79711         22  0.000e+00
     10.320    -1.4253   2.706242    -1.4254   2.706508    8.08520    -0.0784    13.8155 0.0000e+00  -62.32083  -62.81917 1154466407 213.879726    33.9465      79712         22  0.000e+00
     10.367    -1.4251   2.706199    -1.4241   2.706543    8.08526    -0.0123    13.8155 0.0000e+00  -62.32083  -62.81917 1154466407 213.879726    33.9456      79713         22  0.000e+00
     10.320    -1.4244   2.706193    -1.4248   2.706520    8.08511    -0.0564    13.8155 0.0000e+00  -62.32083  -62.81917 1154466407 213.879727    33.9449      79714         22  0.000e+00
     10.367    -1.4249   2.706203    -1.4253   2.706508    8.08524    -0.0674    13.8155 0.0000e+00  -62.32083  -62.81917 1154466407 213.879727    33.9455      79715         22  0.000e+00
     10.291    -1.4246   2.706216    -1.4243   2.706491    8.08509    -0.0123    13.8155 0.0000e+00  -62.32083  -62.81917 1154466407 213.879728    33.9454      79716         22  0.000e+00
     10.320    -1.4248   2.706225    -1.4249   2.706520    8.08989    -0.0454    13.8155 0.0000e+00  -62.32083  -62.81917 1154466407 213.879728    33.9457      79717         22  0.000e+00
     10.291    -1.4246   2.706229    -1.4249   2.706537    8.08983    -0.0674    13.8155 0.0000e+00  -62.32083  -62.81917 1154466407 213.879728    33.9456      79718         22  0.000e+00
     10.320    -1.4248   2.706239    -1.4249   2.706514    8.08513    -0.0123    13.8155 0.0000e+00  -62.32083  -62.81917 1154466407 213.879729    33.9459      79719         22  0.000e+00
     10.291    -1.4251   2.706216    -1.4252   2.706543    8.08516     0.0538    13.8155 0.0000e+00  -62.32083  -62.81917 1154466407 213.879729    33.9459      79720         22  0.000e+00
     10.291    -1.4249   2.706222    -1.4242   2.706520    8.08513     0.0318    13.8155 0.0000e+00  -62.32083  -62.81917 1154466407 213.879730    33.9458      79721         22  0.000e+00
     10.253    -1.4244   2.706222    -1.4251   2.706526    8.08501     0.0097    13.8155 0.0000e+00  -62.32083  -62.81917 1154466408 213.879730    33.9453      79722         22  0.000e+00
     10.291    -1.4242   2.706225    -1.4241   2.706497    8.08500    -0.0013    13.8155 0.0000e+00  -62.32083  -62.81917 1154466408 213.879731    33.9450      79723         22  0.000e+00
     10.253    -1.4249   2.706229    -1.4249   2.706520    8.08509    -0.0343    13.8155 0.0000e+00  -62.32083  -62.81917 1154466408 213.879731    33.9460      79724         22  0.000e+00
     10.224    -1.4251   2.706255    -1.4249   2.706537    8.08981    -0.0343    13.8155 0.0000e+00  -62.32083  -62.81917 1154466408 213.879732    33.9465      79725         22  0.000e+00
     10.224    -1.4244   2.706219    -1.4248   2.706514    8.08498    -0.1114    13.8155 0.0000e+00  -62.32083  -62.81917 1154466408 213.879732    33.9453      79726         22  0.000e+00
     10.253    -1.4243   2.706235    -1.4251   2.706508    8.08498    -0.0674    13.8155 0.0000e+00  -62.32083  -62.81917 1154466408 213.879733    33.9454      79727         22  0.000e+00
     10.224    -1.4248   2.706216    -1.4249   2.706526    8.08504     0.0097    13.8155 0.0000e+00  -62.32083  -62.81917 1154466408 213.879733    33.9456      79728         22  0.000e+00
     10.253    -1.4248   2.706206    -1.4248   2.706514    8.08508     0.0648    13.8155 0.0000e+00  -62.32083  -62.81917 1154466408 213.879734    33.9454      79729         22  0.000e+00
     10.224    -1.4246   2.706216    -1.4246   2.706508    8.08502     0.0318    13.8155 0.0000e+00  -62.32083  -62.81917 1154466408 213.879734    33.9455      79730         22  0.000e+00
     10.158    -1.4246   2.706225    -1.4245   2.706508    8.08493    -0.0343    13.8155 0.0000e+00  -62.32083  -62.81917 1154466408 213.879735    33.9456      79731         22  0.000e+00
     10.253    -1.4246   2.706242    -1.4244   2.706491    8.08502    -0.0564    13.8155 0.0000e+00  -62.32083  -62.81917 1154466408 213.879735    33.9458      79732         22  0.000e+00
     10.158    -1.4245   2.706245    -1.4249   2.706503    8.08489    -0.0343    13.8155 0.0000e+00  -62.32083  -62.81917 1154466408 213.879736    33.9457      79733         22  0.000e+00
     10.177    -1.4246   2.706245    -1.4248   2.706491    8.08494     0.0097    13.8155 0.0000e+00  -62.32083  -62.81917 1154466408 213.879736    33.9459      79734         22  0.000e+00
     10.158    -1.4243   2.706245    -1.4249   2.706485    8.08486    -0.0343    13.8155 0.0000e+00  -62.32083  -62.81917 1154466408 213.879737    33.9455      79735         22  0.000e+00
     10.158    -1.4245   2.706232    -1.4248   2.706520    8.08490    -0.0233    13.8155 0.0000e+00  -62.32083  -62.81917 1154466408 213.879737    33.9455      79736         22  0.000e+00
     10.110    -1.4246   2.706242    -1.4251   2.706537    8.08486    -0.0123    13.8155 0.0000e+00  -62.32083  -62.81917 1154466408 213.879738    33.9459      79737         22  0.000e+00
     10.158    -1.4248   2.706209    -1.4244   2.706514    8.08972    -0.0123    13.8155 0.0000e+00  -62.32083  -62.81917 1154466408 213.879738    33.9456      79738         22  0.000e+00
     10.082    -1.4242   2.706219    -1.4248   2.706508    8.08953    -0.0123    13.8155 0.0000e+00  -62.32083  -62.81917 1154466408 213.879739    33.9451      79739         22  0.000e+00
     10.177    -1.4248   2.706229    -1.4248   2.706508    8.08497    -0.0564    13.8155 0.0000e+00  -62.32083  -62.81917 1154466408 213.879739    33.9458      79740         22  0.000e+00
     10.082    -1.4249   2.706206    -1.4251   2.706526    8.08966    -0.0784    13.8155 0.0000e+00  -62.32083  -62.81917 1154466408 213.879740    33.9457      79741         22  0.000e+00
     10.110    -1.4246   2.706219    -1.4251   2.706491    8.08964     0.0097    13.8155 0.0000e+00  -62.32083  -62.81917 1154466408 213.879740    33.9456      79742         22  0.000e+00
     10.082    -1.4249   2.706229    -1.4249   2.706462    8.08964     0.0318    13.8155 0.0000e+00  -62.32083  -62.81917 1154466408 213.879741    33.9460      79743         22  0.000e+00
     10.015    -1.4243   2.706206    -1.4252   2.706457    8.08948     0.0538    13.8155 0.0000e+00  -62.32083  -62.81917 1154466408 213.879741    33.9451      79744         22  0.000e+00
     10.110    -1.4245   2.706235    -1.4254   2.706439    8.08960     0.1419    13.8155 0.0000e+00  -62.32083  -62.81917 1154466408 213.879742    33.9456      79745         22  0.000e+00
     10.015    -1.4244   2.706229    -1.4254   2.706468    8.08949     0.0758    13.8155 0.0000e+00  -62.32083  -62.81917 1154466409 213.879742    33.9455      79746         22  0.000e+00
     10.034    -1.4244   2.706225    -1.4257   2.706422    8.08951     0.0097    13.8155 0.0000e+00  -62.32083  -62.81917 1154466409 213.879742    33.9455      79747         22  0.000e+00
     10.015    -1.4248   2.706209    -1.4258   2.706422    8.08956    -0.0123    13.8155 0.0000e+00  -62.32083  -62.81917 1154466409 213.879743    33.9457      79748         22  0.000e+00
     10.015    -1.4249   2.706216    -1.4257   2.706451    8.08957     0.0538    13.8155 0.0000e+00  -62.32083  -62.81917 1154466409 213.879743    33.9459      79749         22  0.000e+00
     10.034    -1.4251   2.706209    -1.4258   2.706474    8.08963     0.0097    13.8155 0.0000e+00  -62.32083  -62.81917 1154466409 213.879744    33.9460      79750         22  0.000e+00
      9.939    -1.4253   2.706222    -1.4256   2.706485    8.08954     0.0207    13.8155 0.0000e+00  -62.32083  -62.81917 1154466409 213.879744    33.9464      79751         22  0.000e+00
      9.967    -1.4249   2.706206    -1.4254   2.706462    8.08953     0.0979    13.8155 0.0000e+00  -62.32083  -62.81917 1154466409 213.879745    33.9458      79752         22  0.000e+00
      9.939    -1.4252   2.706186    -1.4251   2.706457    8.08956     0.0318    13.8155 0.0000e+00  -62.32083  -62.81917 1154466409 213.879745    33.9459      79753         22  0.000e+00
     10.015    -1.4248   2.706193    -1.4254   2.706457    8.08957    -0.0454    13.8155 0.0000e+00  -62.32083  -62.81917 1154466409 213.879746    33.9454      79754         22  0.000e+00
      9.901    -1.4251   2.706203    -1.4257   2.706457    8.08948     0.0318    13.8155 0.0000e+00  -62.32083  -62.81917 1154466409 213.879746    33.9460      79755         22  0.000e+00
     10.255    -1.4251   2.706128    -1.4260   2.706411    8.08519    -0.0343    13.8155 0.0000e+00  -62.32083  -62.81917 1154466416 213.879827    33.9447      79922         23  0.000e+00
     10.017    -1.4259   2.706147    -1.4260   2.706422    8.08979     0.0758    13.8155 0.0000e+00  -62.32083  -62.81917 1154466416 213.879827    33.9460      79923         23  0.000e+00
     10.226    -1.4258   2.706177    -1.4261   2.706428    8.09000     0.0428    13.8155 0.0000e+00  -62.32083  -62.81917 1154466416 213.879828    33.9463      79924         23  0.000e+00
     10.179    -1.4254   2.706151    -1.4258   2.706434    8.08989     0.0318    13.8155 0.0000e+00  -62.32083  -62.81917 1154466416 213.879828    33.9454      79925         23  0.000e+00
     10.160    -1.4257   2.706150    -1.4257   2.706434    8.08992    -0.0123    13.8155 0.0000e+00  -62.32083  -62.81917 1154466416 213.879829    33.9458      79926         23  0.000e+00
     10.160    -1.4262   2.706128    -1.4261   2.706434    8.08526    -0.0784    13.8155 0.0000e+00  -62.32083  -62.81917 1154466416 213.879829    33.9460      79927         23  0.000e+00
     10.112    -1.4262   2.706118    -1.4258   2.706451    8.08521    -0.0233    13.8155 0.0000e+00  -62.32083  -62.81917 1154466416 213.879830    33.9459      79928         23  0.000e+00
     10.083    -1.4253   2.706147    -1.4257   2.706416    8.08501     0.0538    13.8155 0.0000e+00  -62.32083  -62.81917 1154466416 213.879830    33.9453      79929         23  0.000e+00
     10.179    -1.4255   2.706128    -1.4258   2.706405    8.08518     0.0097    13.8155 0.0000e+00  -62.32083  -62.81917 1154466416 213.879831    33.9453      79930         23  0.000e+00
     10.160    -1.4258   2.706128    -1.4259   2.706422    8.08521    -0.0564    13.8155 0.0000e+00  -62.32083  -62.81917 1154466416 213.879831    33.9456      79931         23  0.000e+00
     10.160    -1.4259   2.706137    -1.4255   2.706451    8.08520    -0.0564    13.8155 0.0000e+00  -62.32083  -62.81917 1154466416 213.879832    33.9458      79932         23  0.000e+00
     10.112    -1.4257   2.706121    -1.4261   2.706439    8.08513    -0.0233    13.8155 0.0000e+00  -62.32083  -62.81917 1154466416 213.879832    33.9454      79933         23  0.000e+00
     10.160    -1.4258   2.706128    -1.4255   2.706428    8.08521    -0.0123    13.8155 0.0000e+00  -62.32083  -62.81917 1154466416 213.879833    33.9456      79934         23  0.000e+00
     10.179    -1.4259   2.706121    -1.4258   2.706428    8.08524     0.0097    13.8155 0.0000e+00  -62.32083  -62.81917 1154466416 213.879833    33.9456      79935         23  0.000e+00
     10.160    -1.4258   2.706134    -1.4256   2.706434    8.08520    -0.0343    13.8155 0.0000e+00  -62.32083  -62.81917 1154466416 213.879834    33.9457      79936         23  0.000e+00
     10.083    -1.4260   2.706134    -1.4258   2.706434    8.08514     0.0097    13.8155 0.0000e+00  -62.32083  -62.81917 1154466416 213.879834    33.9460      79937         23  0.000e+00
     10.179    -1.4257   2.706121    -1.4258   2.706434    8.08521     0.0097    13.8155 0.0000e+00  -62.32083  -62.81917 1154466417 213.879835    33.9454      79938         23  0.000e+00
     10.160    -1.4262   2.706098    -1.4261   2.706434    8.09003    -0.0343    13.8155 0.0000e+00  -62.32083  -62.81917 1154466417 213.879835    33.9456      79939         23  0.000e+00
     10.112    -1.4260   2.706095    -1.4261   2.706434    8.08995    -0.0013    13.8155 0.0000e+00  -62.32083  -62.81917 1154466417 213.879836    33.9454      79940         23  0.000e+00
     10.160    -1.4262   2.706111    -1.4258   2.706411    8.08528    -0.0013    13.8155 0.0000e+00  -62.32083  -62.81917 1154466417 213.879836    33.9458      79941         23  0.000e+00
     10.084    -1.4263   2.706062    -1.4261   2.706388    8.08525     0.0097    13.8155 0.0000e+00  -62.32083  -62.81917 1154466417 213.879837    33.9453      79942         23  0.000e+00
     10.179    -1.4266   2.706049    -1.4261   2.706399    8.08542     0.0318    13.8155 0.0000e+00  -62.32083  -62.81917 1154466417 213.879837    33.9455      79943         23  0.000e+00
     10.084    -1.4267   2.706053    -1.4261   2.706405    8.08531     0.0318    13.8155 0.0000e+00  -62.32083  -62.81917 1154466417 213.879837    33.9456      79944         23  0.000e+00
     10.179    -1.4263   2.706063    -1.4263   2.706405    8.08535    -0.1225    13.8155 0.0000e+00  -62.32083  -62.81917 1154466417 213.879838    33.9453      79945         23  0.000e+00
     10.084    -1.4265   2.706056    -1.4265   2.706405    8.08528    -0.0674    13.8155 0.0000e+00  -62.32083  -62.81917 1154466417 213.879838    33.9454      79946         23  0.000e+00
     10.160    -1.4260   2.706082    -1.4258   2.706388    8.08527     0.0097    13.8155 0.0000e+00  -62.32083  -62.81917 1154466417 213.879839    33.9452      79947         23  0.000e+00
     10.112    -1.4263   2.706079    -1.4268   2.706382    8.08527     0.0097    13.8155 0.0000e+00  -62.32083  -62.81917 1154466417 213.879839    33.9455      79948         23  0.000e+00
     10.160    -1.4258   2.706092    -1.4263   2.706399    8.08523     0.0097    13.8155 0.0000e+00  -62.32083  -62.81917 1154466417 213.879840    33.9452      79949         23  0.000e+00
