product_data/regression_test/downloaded_data/MDGS/320620060703/ctd/p6620701.ros
* Sea-Bird SBE 9 Data File:
* FileName = D:\Data\Raw\p6620701.dat
* Software Version Seasave Win32 V 5.32
* Temperature SN = 1649
* Conductivity SN = 1431
* Number of Bytes Per Scan = 37
* Number of Voltage Words = 5
* Number of Scans Averaged by the Deck Unit = 1
* NMEA Latitude = 64 36.87 S
* NMEA Longitude = 062 51.09 W
* NMEA UTC (Time) = 03:59:03
** Ship:   Nathaniel B. Palmer 
** Cruise:    NBP0606 
# nquan = 17
# nvalues = 1176                    
# units = specified
# name 0 = prDM: Pressure, Digiquartz [db]
# name 1 = t090C: Temperature [ITS-90, deg C]
# name 2 = c0S/m: Conductivity [S/m]
# name 3 = t190C: Temperature, 2 [ITS-90, deg C]
# name 4 = c1S/m: Conductivity, 2 [S/m]
# name 5 = sbeox0ML/L: Oxygen, SBE 43 [ml/l]
# name 6 = flECO-AFL: Fluorescence, Wetlab ECO-AFL/FL [mg/m^3]
# name 7 = bat: Beam Attenuation, Chelsea/Seatech/Wetlab CStar [1/m]
# name 8 = spar: SPAR/Surface Irradiance
# name 9 = latitude: Latitude [deg]
# name 10 = longitude: Longitude [deg]
# name 11 = timeY: Time, System [seconds]
# name 12 = timeJ: Julian Days
# name 13 = sal00: Salinity [PSU]
# name 14 = scan: scan number
# name 15 = nbf: number of bottles fired
# name 16 = flag:  0.000e+00
# interval = seconds: 0.0416667                   
# start_time = Jul 29 2006 03:59:10
*END*
[from data line 937]
     18.893    -0.6327   2.785553    -0.6336   2.785824    6.98636    -0.1225    13.8155 0.0000e+00  -64.61450  -62.85150 1154147112 210.184185    34.1252      37527         20  0.000e+00
     18.731    -0.6322   2.785543    -0.6333   2.785801    6.98615    -0.1004    13.8155 0.0000e+00  -64.61450  -62.85150 1154147112 210.184185    34.1246      37528         20  0.000e+00
     18.750    -0.6325   2.785539    -0.6335   2.785789    6.99087    -0.0564    13.8155 0.0000e+00  -64.61450  -62.85150 1154147112 210.184186    34.1249      37529         20  0.000e+00
     18.798    -0.6328   2.785540    -0.6335   2.785789    6.99096    -0.0343    13.8155 0.0000e+00  -64.61450  -62.85150 1154147112 210.184186    34.1253      37530         20  0.000e+00
     18.750    -0.6325   2.785539    -0.6333   2.785807    6.98621    -0.0564    13.8155 0.0000e+00  -64.61450  -62.85150 1154147112 210.184187    34.1249      37531         20  0.000e+00
     18.731    -0.6325   2.785539    -0.6333   2.785795    6.98620    -0.0894    13.8155 0.0000e+00  -64.61450  -62.85150 1154147113 210.184187    34.1250      37532         20  0.000e+00
     18.683    -0.6328   2.785556    -0.6332   2.785789    6.98618    -0.1225    13.8155 0.0000e+00  -64.61450  -62.85150 1154147113 210.184188    34.1256      37533         20  0.000e+00
     18.664    -0.6328   2.785510    -0.6330   2.785824    6.98619    -0.0674    13.8155 0.0000e+00  -64.61450  -62.85150 1154147113 210.184188    34.1249      37534         20  0.000e+00
     18.683    -0.6328   2.785526    -0.6333   2.785778    6.99086    -0.0564    13.8155 0.0000e+00  -64.61450  -62.85150 1154147113 210.184189    34.1252      37535         20  0.000e+00
     18.664    -0.6328   2.785523    -0.6334   2.785778    6.99084    -0.1004    13.8155 0.0000e+00  -64.61450  -62.85150 1154147113 210.184189    34.1251      37536         20  0.000e+00
     18.683    -0.6328   2.785533    -0.6332   2.785789    6.99085    -0.0894    13.8155 0.0000e+00  -64.61450  -62.85150 1154147113 210.184190    34.1252      37537         20  0.000e+00
     18.588    -0.6327   2.785523    -0.6327   2.785807    6.99074    -0.0564    13.8155 0.0000e+00  -64.61450  -62.85150 1154147113 210.184190    34.1250      37538         20  0.000e+00
     18.607    -0.6325   2.785516    -0.6330   2.785795    6.99075     0.0428    13.8155 0.0000e+00  -64.61450  -62.85150 1154147113 210.184191    34.1247      37539         20  0.000e+00
     18.521    -0.6328   2.785533    -0.6330   2.785789    6.99070     0.0318    13.8155 0.0000e+00  -64.61450  -62.85150 1154147113 210.184191    34.1253      37540         20  0.000e+00
     18.540    -0.6327   2.785520    -0.6327   2.785807    6.99070    -0.1225    13.8155 0.0000e+00  -64.61450  -62.85150 1154147113 210.184192    34.1250      37541         20  0.000e+00
     18.521    -0.6323   2.785497    -0.6332   2.785812    6.99065    -0.1225    13.8155 0.0000e+00  -64.61450  -62.85150 1154147113 210.184192    34.1243      37542         20  0.000e+00
     18.474    -0.6325   2.785513    -0.6329   2.785812    6.99062    -0.0894    13.8155 0.0000e+00  -64.61450  -62.85150 1154147113 210.184193    34.1247      37543         20  0.000e+00
     18.521    -0.6328   2.785533    -0.6331   2.785795    6.99070    -0.0674    13.8155 0.0000e+00  -64.61450  -62.85150 1154147113 210.184193    34.1253      37544         20  0.000e+00
     18.397    -0.6328   2.785539    -0.6327   2.785806    6.99057    -0.0454    13.8155 0.0000e+00  -64.61450  -62.85150 1154147113 210.184194    34.1255      37545         20  0.000e+00
     18.445    -0.6333   2.785520    -0.6330   2.785812    6.99069    -0.0233    13.8155 0.0000e+00  -64.61450  -62.85150 1154147113 210.184194    34.1257      37546         20  0.000e+00
     18.397    -0.6330   2.785500    -0.6329   2.785830    6.99062    -0.0784    13.8155 0.0000e+00  -64.61450  -62.85150 1154147113 210.184195    34.1252      37547         20  0.000e+00
     18.312    -0.6331   2.785526    -0.6330   2.785841    6.99054    -0.0894    13.8155 0.0000e+00  -64.61450  -62.85150 1154147113 210.184195    34.1257      37548         20  0.000e+00
     18.397    -0.6330   2.785523    -0.6332   2.785818    6.99060    -0.0123    13.8155 0.0000e+00  -64.61450  -62.85150 1154147113 210.184196    34.1254      37549         20  0.000e+00
     18.312    -0.6330   2.785516    -0.6333   2.785795    6.99052    -0.0454    13.8155 0.0000e+00  -64.61450  -62.85150 1154147113 210.184196    34.1254      37550         20  0.000e+00
     18.331    -0.6334   2.785533    -0.6330   2.785789    6.99525    -0.0784    13.8155 0.0000e+00  -64.61450  -62.85150 1154147113 210.184197    34.1261      37551         20  0.000e+00
     18.312    -0.6323   2.785490    -0.6329   2.785783    6.99511    -0.1335    13.8155 0.0000e+00  -64.61450  -62.85150 1154147113 210.184197    34.1243      37552         20  0.000e+00
     18.264    -0.6331   2.785503    -0.6335   2.785783    6.99050    -0.0894    13.8155 0.0000e+00  -64.61450  -62.85150 1154147113 210.184198    34.1254      37553         20  0.000e+00
     18.235    -0.6332   2.785500    -0.6326   2.785789    6.99049    -0.0233    13.8155 0.0000e+00  -64.61450  -62.85150 1154147113 210.184198    34.1255      37554         20  0.000e+00
     18.264    -0.6330   2.785526    -0.6332   2.785766    6.99513     0.0097    13.8155 0.0000e+00  -64.61450  -62.85150 1154147113 210.184198    34.1256      37555         20  0.000e+00
     18.169    -0.6331   2.785490    -0.6332   2.785795    6.99508    -0.0454    13.8155 0.0000e+00  -64.61450  -62.85150 1154147114 210.184199    34.1253      37556         20  0.000e+00
     18.235    -0.6331   2.785503    -0.6330   2.785772    6.99513    -0.0343    13.8155 0.0000e+00  -64.61450  -62.85150 1154147114 210.184199    34.1254      37557         20  0.000e+00
     18.188    -0.6325   2.785516    -0.6332   2.785777    6.99499    -0.0233    13.8155 0.0000e+00  -64.61450  -62.85150 1154147114 210.184200    34.1250      37558         20  0.000e+00
     18.169    -0.6325   2.785500    -0.6331   2.785766    6.99499    -0.0784    13.8155 0.0000e+00  -64.61450  -62.85150 1154147114 210.184200    34.1248      37559         20  0.000e+00
     18.121    -0.6331   2.785510    -0.6333   2.785760    6.99502    -0.1335    13.8155 0.0000e+00  -64.61450  -62.85150 1154147114 210.184201    34.1256      37560         20  0.000e+00
     18.169    -0.6327   2.785467    -0.6335   2.785760    6.99504    -0.0784    13.8155 0.0000e+00  -64.61450  -62.85150 1154147114 210.184201    34.1245      37561         20  0.000e+00
     18.121    -0.6331   2.785480    -0.6332   2.785777    6.99504    -0.0564    13.8155 0.0000e+00  -64.61450  -62.85150 1154147114 210.184202    34.1252      37562         20  0.000e+00
     18.102    -0.6328   2.785477    -0.6330   2.785789    6.99498    -0.0343    13.8155 0.0000e+00  -64.61450  -62.85150 1154147114 210.184202    34.1248      37563         20  0.000e+00
     18.054    -0.6330   2.785487    -0.6330   2.785789    6.99495    -0.0564    13.8155 0.0000e+00  -64.61450  -62.85150 1154147114 210.184203    34.1252      37564         20  0.000e+00
     18.102    -0.6330   2.785460    -0.6330   2.785806    6.99501    -0.0674    13.8155 0.0000e+00  -64.61450  -62.85150 1154147114 210.184203    34.1248      37565         20  0.000e+00
     18.054    -0.6336   2.785467    -0.6327   2.785789    6.99505    -0.0343    13.8155 0.0000e+00  -64.61450  -62.85150 1154147114 210.184204    34.1256      37566         20  0.000e+00
     18.026    -0.6336   2.785437    -0.6331   2.785766    6.99504    -0.0564    13.8155 0.0000e+00  -64.61450  -62.85150 1154147114 210.184204    34.1252      37567         20  0.000e+00
     18.054    -0.6330   2.785444    -0.6330   2.785737    6.99498    -0.0343    13.8155 0.0000e+00  -64.61450  -62.85150 1154147114 210.184205    34.1246      37568         20  0.000e+00
     17.959    -0.6333   2.785450    -0.6327   2.785772    6.99492    -0.1114    13.8155 0.0000e+00  -64.61450  -62.85150 1154147114 210.184205    34.1251      37569         20  0.000e+00
     14.882    -0.6427   2.784519    -0.6439   2.784743    6.99386    -0.0454    13.8155 0.0000e+00  -64.61450  -62.85150 1154147121 210.184287    34.1251      37738         21  0.000e+00
     14.758    -0.6434   2.784525    -0.6437   2.784732    6.99382    -0.1004    13.8155 0.0000e+00  -64.61450  -62.85150 1154147121 210.184287    34.1260      37739         21  0.000e+00
     14.739    -0.6435   2.784512    -0.6436   2.784743    6.99849    -0.0564    13.8155 0.0000e+00  -64.61450  -62.85150 1154147121 210.184288    34.1260      37740         21  0.000e+00
     14.758    -0.6440   2.784459    -0.6436   2.784732    6.99861    -0.0454    13.8155 0.0000e+00  -64.61450  -62.85150 1154147121 210.184288    34.1258      37741         21  0.000e+00
     14.739    -0.6441   2.784476    -0.6438   2.784743    6.99860    -0.0343    13.8155 0.0000e+00  -64.61450  -62.85150 1154147121 210.184289    34.1262      37742         21  0.000e+00
     14.758    -0.6440   2.784502    -0.6436   2.784732    6.99393     0.0207    13.8155 0.0000e+00  -64.61450  -62.85150 1154147121 210.184289    34.1264      37743         21  0.000e+00
     14.673    -0.6435   2.784476    -0.6435   2.784726    6.99379    -0.0564    13.8155 0.0000e+00  -64.61450  -62.85150 1154147121 210.184290    34.1255      37744         21  0.000e+00
     14.739    -0.6437   2.784479    -0.6436   2.784743    6.99388    -0.0013    13.8155 0.0000e+00  -64.61450  -62.85150 1154147121 210.184290    34.1257      37745         21  0.000e+00
     14.625    -0.6432   2.784502    -0.6441   2.784709    6.99369    -0.0674    13.8155 0.0000e+00  -64.61450  -62.85150 1154147121 210.184291    34.1256      37746         21  0.000e+00
     14.673    -0.6430   2.784459    -0.6445   2.784697    6.99374    -0.1225    13.8155 0.0000e+00  -64.61450  -62.85150 1154147121 210.184291    34.1248      37747         21  0.000e+00
     14.625    -0.6441   2.784373    -0.6445   2.784697    6.99390    -0.1004    13.8155 0.0000e+00  -64.61450  -62.85150 1154147122 210.184292    34.1249      37748         21  0.000e+00
     14.673    -0.6443   2.784370    -0.6447   2.784714    6.99863    -0.0233    13.8155 0.0000e+00  -64.61450  -62.85150 1154147122 210.184292    34.1250      37749         21  0.000e+00
     14.549    -0.6441   2.784377    -0.6448   2.784685    6.99383    -0.0564    13.8155 0.0000e+00  -64.61450  -62.85150 1154147122 210.184293    34.1250      37750         21  0.000e+00
     14.596    -0.6448   2.784406    -0.6445   2.784691    6.99860    -0.1004    13.8155 0.0000e+00  -64.61450  -62.85150 1154147122 210.184293    34.1260      37751         21  0.000e+00
     14.530    -0.6443   2.784403    -0.6441   2.784697    6.99846    -0.0454    13.8155 0.0000e+00  -64.61450  -62.85150 1154147122 210.184293    34.1255      37752         21  0.000e+00
     14.549    -0.6443   2.784413    -0.6442   2.784697    6.99848     0.0207    13.8155 0.0000e+00  -64.61450  -62.85150 1154147122 210.184294    34.1256      37753         21  0.000e+00
     14.530    -0.6447   2.784403    -0.6441   2.784697    6.99853    -0.0674    13.8155 0.0000e+00  -64.61450  -62.85150 1154147122 210.184294    34.1260      37754         21  0.000e+00
     14.482    -0.6438   2.784400    -0.6437   2.784714    6.99836    -0.1114    13.8155 0.0000e+00  -64.61450  -62.85150 1154147122 210.184295    34.1250      37755         21  0.000e+00
     14.463    -0.6437   2.784380    -0.6439   2.784703    6.99833    -0.0784    13.8155 0.0000e+00  -64.61450  -62.85150 1154147122 210.184295    34.1245      37756         21  0.000e+00
     14.482    -0.6440   2.784406    -0.6441   2.784697    6.99838    -0.0343    13.8155 0.0000e+00  -64.61450  -62.85150 1154147122 210.184296    34.1252      37757         21  0.000e+00
     14.463    -0.6438   2.784387    -0.6447   2.784697    6.99835     0.0207    13.8155 0.0000e+00  -64.61450  -62.85150 1154147122 210.184296    34.1248      37758         21  0.000e+00
     14.387    -0.6444   2.784377    -0.6445   2.784656    6.99837    -0.0674    13.8155 0.0000e+00  -64.61450  -62.85150 1154147122 210.184297    34.1254      37759         21  0.000e+00
     14.415    -0.6438   2.784357    -0.6448   2.784645    6.99832    -0.0674    13.8155 0.0000e+00  -64.61450  -62.85150 1154147122 210.184297    34.1244      37760         21  0.000e+00
     14.387    -0.6443   2.784403    -0.6439   2.784662    6.99833    -0.0123    13.8155 0.0000e+00  -64.61450  -62.85150 1154147122 210.184298    34.1256      37761         21  0.000e+00
     14.339    -0.6438   2.784387    -0.6435   2.784674    6.99823    -0.0343    13.8155 0.0000e+00  -64.61450  -62.85150 1154147122 210.184298    34.1249      37762         21  0.000e+00
     14.387    -0.6438   2.784377    -0.6435   2.784708    6.99828     0.0097    13.8155 0.0000e+00  -64.61450  -62.85150 1154147122 210.184299    34.1247      37763         21  0.000e+00
     14.339    -0.6440   2.784390    -0.6432   2.784726    6.99825    -0.0013    13.8155 0.0000e+00  -64.61450  -62.85150 1154147122 210.184299    34.1251      37764         21  0.000e+00
     14.320    -0.6437   2.784413    -0.6433   2.784703    6.99351     0.0097    13.8155 0.0000e+00  -64.61450  -62.85150 1154147122 210.184300    34.1251      37765         21  0.000e+00
     14.254    -0.6443   2.784350    -0.6432   2.784714    6.99823     0.0097    13.8155 0.0000e+00  -64.61450  -62.85150 1154147122 210.184300    34.1249      37766         21  0.000e+00
     14.273    -0.6443   2.784363    -0.6433   2.784743    6.99824    -0.0564    13.8155 0.0000e+00  -64.61450  -62.85150 1154147122 210.184301    34.1251      37767         21  0.000e+00
     14.320    -0.6441   2.784377    -0.6425   2.784749    6.99826    -0.1004    13.8155 0.0000e+00  -64.61450  -62.85150 1154147122 210.184301    34.1251      37768         21  0.000e+00
     14.206    -0.6441   2.784377    -0.6433   2.784749    6.99815    -0.0784    13.8155 0.0000e+00  -64.61450  -62.85150 1154147122 210.184302    34.1252      37769         21  0.000e+00
     14.254    -0.6443   2.784357    -0.6433   2.784749    6.99823    -0.1114    13.8155 0.0000e+00  -64.61450  -62.85150 1154147122 210.184302    34.1250      37770         21  0.000e+00
     14.177    -0.6438   2.784387    -0.6433   2.784749    6.99807    -0.0233    13.8155 0.0000e+00  -64.61450  -62.85150 1154147122 210.184303    34.1250      37771         21  0.000e+00
     14.206    -0.6437   2.784363    -0.6433   2.784732    6.99344     0.0428    13.8155 0.0000e+00  -64.61450  -62.85150 1154147123 210.184303    34.1245      37772         21  0.000e+00
     14.177    -0.6438   2.784387    -0.6430   2.784743    6.99807    -0.0013    13.8155 0.0000e+00  -64.61450  -62.85150 1154147123 210.184304    34.1250      37773         21  0.000e+00
     14.130    -0.6441   2.784363    -0.6428   2.784749    7.00274     0.0207    13.8155 0.0000e+00  -64.61450  -62.85150 1154147123 210.184304    34.1250      37774         21  0.000e+00
     14.111    -0.6438   2.784387    -0.6427   2.784749    6.99800    -0.0123    13.8155 0.0000e+00  -64.61450  -62.85150 1154147123 210.184305    34.1250      37775         21  0.000e+00
     14.130    -0.6430   2.784429    -0.6427   2.784749    6.99788    -0.0894    13.8155 0.0000e+00  -64.61450  -62.85150 1154147123 210.184305    34.1247      37776         21  0.000e+00
     14.111    -0.6432   2.784476    -0.6422   2.784749    6.99786    -0.0894    13.8155 0.0000e+00  -64.61450  -62.85150 1154147123 210.184306    34.1255      37777         21  0.000e+00
     14.034    -0.6421   2.784519    -0.6422   2.784766    6.99760    -0.1225    13.8155 0.0000e+00  -64.61450  -62.85150 1154147123 210.184306    34.1249      37778         21  0.000e+00
