product_data/regression_test/downloaded_data/MDGS/320620060703/ctd/p6621601.ros
* Sea-Bird SBE 9 Data File:
* FileName = D:\Data\Raw\p6621601.dat
* Software Version Seasave Win32 V 5.32
* Temperature SN = 1649
* Conductivity SN = 1431
* Number of Bytes Per Scan = 37
* Number of Voltage Words = 5
* Number of Scans Averaged by the Deck Unit = 1
* NMEA Latitude = 62 43.72 S
* NMEA Longitude = 062 05.85 W
* NMEA UTC (Time) = 10:21:54
** Ship:   Nathaniel B. Palmer 
** Cruise:    NBP0606 
# nquan = 17
# nvalues = 1176                    
# units = specified
# name 0 = prDM: Pressure, Digiquartz [db]
# name 1 = t090C: Temperature [ITS-90, deg C]
# name 2 = c0S/m: Conductivity [S/m]
# name 3 = t190C: Temperature, 2 [ITS-90, deg C]
# name 4 = c1S/m: Conductivity, 2 [S/m]
# name 5 = sbeox0ML/L: Oxygen, SBE 43 [ml/l]
# name 6 = flECO-AFL: Fluorescence, Wetlab ECO-AFL/FL [mg/m^3]
# name 7 = bat: Beam Attenuation, Chelsea/Seatech/Wetlab CStar [1/m]
# name 8 = spar: SPAR/Surface Irradiance
# name 9 = latitude: Latitude [deg]
# name 10 = longitude: Longitude [deg]
# name 11 = timeY: Time, System [seconds]
# name 12 = timeJ: Julian Days
# name 13 = sal00: Salinity [PSU]
# name 14 = scan: scan number
# name 15 = nbf: number of bottles fired
# name 16 = flag:  0.000e+00
# interval = seconds: 0.0416667                   
# start_time = Aug 01 2006 10:22:12
*END*
[from data line 341]
    300.264     0.2760   2.896447     0.2727   2.896489    6.14748    -0.1225    13.8155 0.0000e+00  -62.72867  -62.09750 1154429218 213.449308    34.4106      35718          7  0.000e+00
    300.312     0.2763   2.896481     0.2732   2.896483    6.14746    -0.0454    13.8155 0.0000e+00  -62.72867  -62.09750 1154429218 213.449308    34.4106      35719          7  0.000e+00
    299.666     0.2481   2.893617     0.2450   2.893474    6.17560    -0.0674    13.8155 0.0000e+00  -62.72867  -62.09750 1154429228 213.449416    34.4049      35941          8  0.000e+00
    299.695     0.2490   2.893735     0.2447   2.893586    6.17545    -0.0564    13.8155 0.0000e+00  -62.72867  -62.09750 1154429228 213.449416    34.4054      35942          8  0.000e+00
    299.743     0.2500   2.893765     0.2447   2.893557    6.17534    -0.0454    13.8155 0.0000e+00  -62.72867  -62.09750 1154429228 213.449416    34.4046      35943          8  0.000e+00
    299.523     0.2498   2.893782     0.2442   2.893557    6.17517    -0.0454    13.8155 0.0000e+00  -62.72867  -62.09750 1154429228 213.449417    34.4053      35944          8  0.000e+00
    299.695     0.2503   2.893768     0.2445   2.893521    6.17527    -0.1114    13.8155 0.0000e+00  -62.72867  -62.09750 1154429228 213.449417    34.4045      35945          8  0.000e+00
    299.666     0.2504   2.893782     0.2450   2.893557    6.17522    -0.0454    13.8155 0.0000e+00  -62.72867  -62.09750 1154429228 213.449418    34.4045      35946          8  0.000e+00
    299.599     0.2498   2.893856     0.2452   2.893604    6.17520    -0.0564    13.8155 0.0000e+00  -62.72867  -62.09750 1154429228 213.449418    34.4062      35947          8  0.000e+00
    299.551     0.2511   2.893983     0.2471   2.893698    6.17965    -0.0894    13.8155 0.0000e+00  -62.72867  -62.09750 1154429228 213.449419    34.4065      35948          8  0.000e+00
    299.666     0.2524   2.894175     0.2477   2.893763    6.17949    -0.1335    13.8155 0.0000e+00  -62.72867  -62.09750 1154429228 213.449419    34.4075      35949          8  0.000e+00
    299.599     0.2543   2.894258     0.2484   2.893822    6.17914    -0.1225    13.8155 0.0000e+00  -62.72867  -62.09750 1154429228 213.449420    34.4064      35950          8  0.000e+00
    299.628     0.2535   2.894272     0.2488   2.893839    6.17453    -0.0564    13.8155 0.0000e+00  -62.72867  -62.09750 1154429228 213.449420    34.4075      35951          8  0.000e+00
    299.599     0.2540   2.894252     0.2490   2.893904    6.17918    -0.0013    13.8155 0.0000e+00  -62.72867  -62.09750 1154429228 213.449421    34.4067      35952          8  0.000e+00
    299.599     0.2548   2.894299     0.2496   2.893980    6.17906    -0.0564    13.8155 0.0000e+00  -62.72867  -62.09750 1154429228 213.449421    34.4064      35953          8  0.000e+00
    299.628     0.2545   2.894299     0.2501   2.894016    6.17911    -0.0233    13.8155 0.0000e+00  -62.72867  -62.09750 1154429228 213.449422    34.4067      35954          8  0.000e+00
    299.599     0.2548   2.894295     0.2508   2.894063    6.17906    -0.0784    13.8155 0.0000e+00  -62.72867  -62.09750 1154429228 213.449422    34.4064      35955          8  0.000e+00
    299.599     0.2551   2.894329     0.2504   2.894163    6.17900    -0.1114    13.8155 0.0000e+00  -62.72867  -62.09750 1154429228 213.449423    34.4065      35956          8  0.000e+00
    299.628     0.2550   2.894342     0.2516   2.894251    6.17904    -0.0674    13.8155 0.0000e+00  -62.72867  -62.09750 1154429228 213.449423    34.4068      35957          8  0.000e+00
    299.599     0.2550   2.894305     0.2521   2.894275    6.17902    -0.0564    13.8155 0.0000e+00  -62.72867  -62.09750 1154429228 213.449424    34.4063      35958          8  0.000e+00
    299.599     0.2550   2.894245     0.2533   2.894357    6.17907    -0.0233    13.8155 0.0000e+00  -62.72867  -62.09750 1154429228 213.449424    34.4055      35959          8  0.000e+00
    299.628     0.2556   2.894191     0.2530   2.894340    6.17904    -0.0674    13.8155 0.0000e+00  -62.72867  -62.09750 1154429228 213.449425    34.4041      35960          8  0.000e+00
    299.666     0.2550   2.894111     0.2510   2.894222    6.17920    -0.1225    13.8155 0.0000e+00  -62.72867  -62.09750 1154429229 213.449425    34.4037      35961          8  0.000e+00
    299.599     0.2539   2.894104     0.2488   2.894045    6.17928    -0.1114    13.8155 0.0000e+00  -62.72867  -62.09750 1154429229 213.449426    34.4049      35962          8  0.000e+00
    299.666     0.2530   2.893953     0.2462   2.893751    6.17953    -0.1004    13.8155 0.0000e+00  -62.72867  -62.09750 1154429229 213.449426    34.4039      35963          8  0.000e+00
    299.627     0.2512   2.893691     0.2431   2.893404    6.17986    -0.1886    13.8155 0.0000e+00  -62.72867  -62.09750 1154429229 213.449427    34.4024      35964          8  0.000e+00
    299.666     0.2479   2.893399     0.2422   2.893315    6.18519    -0.1225    13.8155 0.0000e+00  -62.72867  -62.09750 1154429229 213.449427    34.4022      35965          8  0.000e+00
    299.666     0.2454   2.893255     0.2413   2.893262    6.18086    -0.0784    13.8155 0.0000e+00  -62.72867  -62.09750 1154429229 213.449428    34.4031      35966          8  0.000e+00
    299.694     0.2440   2.893285     0.2408   2.893215    6.18576    -0.1114    13.8155 0.0000e+00  -62.72867  -62.09750 1154429229 213.449428    34.4051      35967          8  0.000e+00
    299.666     0.2437   2.893215     0.2397   2.893121    6.18109    -0.1114    13.8155 0.0000e+00  -62.72867  -62.09750 1154429229 213.449429    34.4045      35968          8  0.000e+00
    299.742     0.2419   2.893013     0.2380   2.892974    6.18621    -0.1445    13.8155 0.0000e+00  -62.72867  -62.09750 1154429229 213.449429    34.4038      35969          8  0.000e+00
    299.694     0.2408   2.892883     0.2358   2.892768    6.18639    -0.0674    13.8155 0.0000e+00  -62.72867  -62.09750 1154429229 213.449429    34.4034      35970          8  0.000e+00
    299.742     0.2401   2.892950     0.2349   2.892656    6.18648    -0.0123    13.8155 0.0000e+00  -62.72867  -62.09750 1154429229 213.449430    34.4050      35971          8  0.000e+00
    299.742     0.2425   2.893185     0.2341   2.892550    6.18133    -0.0564    13.8155 0.0000e+00  -62.72867  -62.09750 1154429229 213.449430    34.4055      35972          8  0.000e+00
    299.761     0.2437   2.893238     0.2327   2.892444    6.18588    -0.1004    13.8155 0.0000e+00  -62.72867  -62.09750 1154429229 213.449431    34.4048      35973          8  0.000e+00
    299.809     0.2432   2.893111     0.2318   2.892385    6.18606    -0.0674    13.8155 0.0000e+00  -62.72867  -62.09750 1154429229 213.449431    34.4036      35974          8  0.000e+00
    299.809     0.2428   2.893101     0.2309   2.892303    6.18612    -0.0343    13.8155 0.0000e+00  -62.72867  -62.09750 1154429229 213.449432    34.4040      35975          8  0.000e+00
    299.838     0.2432   2.893235     0.2307   2.892262    6.18601    -0.1555    13.8155 0.0000e+00  -62.72867  -62.09750 1154429229 213.449432    34.4052      35976          8  0.000e+00
    299.809     0.2444   2.893399     0.2307   2.892274    6.18102    -0.1555    13.8155 0.0000e+00  -62.72867  -62.09750 1154429229 213.449433    34.4061      35977          8  0.000e+00
    299.876     0.2453   2.893352     0.2315   2.892297    6.18573    -0.0784    13.8155 0.0000e+00  -62.72867  -62.09750 1154429229 213.449433    34.4045      35978          8  0.000e+00
    299.838     0.2436   2.892977     0.2306   2.892327    6.18612    -0.0784    13.8155 0.0000e+00  -62.72867  -62.09750 1154429229 213.449434    34.4015      35979          8  0.000e+00
    299.952     0.2403   2.892584     0.2310   2.892338    6.18684    -0.0784    13.8155 0.0000e+00  -62.72867  -62.09750 1154429229 213.449434    34.3999      35980          8  0.000e+00
    299.876     0.2370   2.892369     0.2309   2.892338    6.18730    -0.0123    13.8155 0.0000e+00  -62.72867  -62.09750 1154429229 213.449435    34.4008      35981          8  0.000e+00
    299.972     0.2352   2.892295     0.2306   2.892315    6.18766    -0.0784    13.8155 0.0000e+00  -62.72867  -62.09750 1154429229 213.449435    34.4018      35982          8  0.000e+00
    299.952     0.2344   2.892285     0.2301   2.892274    6.19247    -0.1004    13.8155 0.0000e+00  -62.72867  -62.09750 1154429229 213.449436    34.4026      35983          8  0.000e+00
    300.019     0.2342   2.892265     0.2303   2.892256    6.19256    -0.0784    13.8155 0.0000e+00  -62.72867  -62.09750 1154429229 213.449436    34.4024      35984          8  0.000e+00
    299.971     0.2334   2.892262     0.2302   2.892233    6.18789    -0.0123    13.8155 0.0000e+00  -62.72867  -62.09750 1154429230 213.449437    34.4033      35985          8  0.000e+00
    300.086     0.2327   2.892151     0.2298   2.892186    6.18815    -0.0123    13.8155 0.0000e+00  -62.72867  -62.09750 1154429230 213.449437    34.4026      35986          8  0.000e+00
    300.019     0.2322   2.892054     0.2292   2.892133    6.18820    -0.1004    13.8155 0.0000e+00  -62.72867  -62.09750 1154429230 213.449438    34.4019      35987          8  0.000e+00
    300.115     0.2314   2.892051     0.2289   2.892121    6.18838    -0.1114    13.8155 0.0000e+00  -62.72867  -62.09750 1154429230 213.449438    34.4027      35988          8  0.000e+00
    300.086     0.2308   2.892020     0.2290   2.892138    6.18845    -0.0343    13.8155 0.0000e+00  -62.72867  -62.09750 1154429230 213.449439    34.4030      35989          8  0.000e+00
    199.644    -0.9416   2.775601    -0.9420   2.775845    7.79265    -0.0343    13.8155 0.0000e+00  -62.72867  -62.09750 1154429384 213.451223    34.2283      39690          9  0.000e+00
    199.787    -0.9415   2.775584    -0.9420   2.775868    7.79281    -0.0343    13.8155 0.0000e+00  -62.72867  -62.09750 1154429384 213.451224    34.2279      39691          9  0.000e+00
    199.692    -0.9410   2.775581    -0.9420   2.775857    7.79262    -0.0233    13.8155 0.0000e+00  -62.72867  -62.09750 1154429384 213.451224    34.2273      39692          9  0.000e+00
    199.644    -0.9416   2.775610    -0.9422   2.775892    7.79265    -0.0454    13.8155 0.0000e+00  -62.72867  -62.09750 1154429384 213.451225    34.2284      39693          9  0.000e+00
    199.692    -0.9415   2.775594    -0.9419   2.775886    7.78789    -0.0674    13.8155 0.0000e+00  -62.72867  -62.09750 1154429384 213.451225    34.2281      39694          9  0.000e+00
    199.720    -0.9421   2.775597    -0.9419   2.775880    7.78800    -0.0894    13.8155 0.0000e+00  -62.72867  -62.09750 1154429384 213.451226    34.2287      39695          9  0.000e+00
    199.720    -0.9418   2.775584    -0.9419   2.775903    7.79278    -0.0674    13.8155 0.0000e+00  -62.72867  -62.09750 1154429384 213.451226    34.2283      39696          9  0.000e+00
    199.692    -0.9421   2.775581    -0.9416   2.775886    7.79279    -0.0564    13.8155 0.0000e+00  -62.72867  -62.09750 1154429384 213.451227    34.2285      39697          9  0.000e+00
    199.720    -0.9419   2.775610    -0.9419   2.775897    7.78797    -0.0784    13.8155 0.0000e+00  -62.72867  -62.09750 1154429384 213.451227    34.2287      39698          9  0.000e+00
    199.692    -0.9410   2.775574    -0.9417   2.775886    7.79264    -0.1004    13.8155 0.0000e+00  -62.72867  -62.09750 1154429384 213.451228    34.2273      39699          9  0.000e+00
    199.720    -0.9415   2.775558    -0.9416   2.775880    7.79274    -0.0343    13.8155 0.0000e+00  -62.72867  -62.09750 1154429384 213.451228    34.2275      39700          9  0.000e+00
    199.787    -0.9420   2.775607    -0.9417   2.775880    7.79286    -0.0674    13.8155 0.0000e+00  -62.72867  -62.09750 1154429384 213.451229    34.2287      39701          9  0.000e+00
    199.691    -0.9418   2.775591    -0.9417   2.775880    7.79274    -0.1004    13.8155 0.0000e+00  -62.72867  -62.09750 1154429384 213.451229    34.2283      39702          9  0.000e+00
    199.720    -0.9413   2.775581    -0.9420   2.775903    7.79270    -0.1004    13.8155 0.0000e+00  -62.72867  -62.09750 1154429384 213.451230    34.2276      39703          9  0.000e+00
    199.720    -0.9417   2.775594    -0.9413   2.775886    7.79275    -0.1004    13.8155 0.0000e+00  -62.72867  -62.09750 1154429385 213.451230    34.2282      39704          9  0.000e+00
    199.691    -0.9416   2.775584    -0.9414   2.775897    7.79272    -0.0233    13.8155 0.0000e+00  -62.72867  -62.09750 1154429385 213.451231    34.2280      39705          9  0.000e+00
    199.720    -0.9415   2.775581    -0.9416   2.775926    7.79274    -0.0784    13.8155 0.0000e+00  -62.72867  -62.09750 1154429385 213.451231    34.2279      39706          9  0.000e+00
    199.691    -0.9418   2.775584    -0.9417   2.775915    7.79274    -0.0784    13.8155 0.0000e+00  -62.72867  -62.09750 1154429385 213.451232    34.2282      39707          9  0.000e+00
    199.787    -0.9421   2.775597    -0.9413   2.775926    7.79288    -0.0564    13.8155 0.0000e+00  -62.72867  -62.09750 1154429385 213.451232    34.2287      39708          9  0.000e+00
    199.720    -0.9418   2.775601    -0.9411   2.775932    7.79277     0.0097    13.8155 0.0000e+00  -62.72867  -62.09750 1154429385 213.451233    34.2285      39709          9  0.000e+00
    199.691    -0.9418   2.775601    -0.9413   2.775938    7.79273     0.0097    13.8155 0.0000e+00  -62.72867  -62.09750 1154429385 213.451233    34.2285      39710          9  0.000e+00
    199.720    -0.9418   2.775601    -0.9410   2.775955    7.79276     0.0318    13.8155 0.0000e+00  -62.72867  -62.09750 1154429385 213.451234    34.2284      39711          9  0.000e+00
    199.787    -0.9417   2.775601    -0.9414   2.775961    7.79282    -0.0343    13.8155 0.0000e+00  -62.72867  -62.09750 1154429385 213.451234    34.2283      39712          9  0.000e+00
    199.758    -0.9415   2.775601    -0.9410   2.775938    7.79275     0.0318    13.8155 0.0000e+00  -62.72867  -62.09750 1154429385 213.451235    34.2281      39713          9  0.000e+00
    199.720    -0.9413   2.775617    -0.9413   2.775950    7.79268     0.0097    13.8155 0.0000e+00  -62.72867  -62.09750 1154429385 213.451235    34.2282      39714          9  0.000e+00
    199.825    -0.9415   2.775624    -0.9413   2.775961    7.79281    -0.0784    13.8155 0.0000e+00  -62.72867  -62.09750 1154429385 213.451236    34.2283      39715          9  0.000e+00
    199.787    -0.9415   2.775624    -0.9411   2.775938    7.79277    -0.0343    13.8155 0.0000e+00  -62.72867  -62.09750 1154429385 213.451236    34.2284      39716          9  0.000e+00
    199.854    -0.9420   2.775591    -0.9417   2.775950    7.79295    -0.0564    13.8155 0.0000e+00  -62.72867  -62.09750 1154429385 213.451236    34.2285      39717          9  0.000e+00
    199.825    -0.9413   2.775610    -0.9416   2.775944    7.79279    -0.0674    13.8155 0.0000e+00  -62.72867  -62.09750 1154429385 213.451237    34.2280      39718          9  0.000e+00
    199.854    -0.9418   2.775624    -0.9419   2.775955    7.78809     0.0318    13.8155 0.0000e+00  -62.72867  -62.09750 1154429385 213.451237    34.2287      39719          9  0.000e+00
    199.854    -0.9419   2.775594    -0.9416   2.775979    7.78813    -0.0233    13.8155 0.0000e+00  -62.72867  -62.09750 1154429385 213.451238    34.2284      39720          9  0.000e+00
    199.968    -0.9415   2.775581    -0.9414   2.775926    7.78819    -0.1004    13.8155 0.0000e+00  -62.72867  -62.09750 1154429385 213.451238    34.2277      39721          9  0.000e+00
    199.930    -0.9420   2.775581    -0.9416   2.775909    7.78823    -0.1114    13.8155 0.0000e+00  -62.72867  -62.09750 1154429385 213.451239    34.2283      39722          9  0.000e+00
