product_data/regression_test/downloaded_data/MDGS/320620060703/ctd/p6621105.cnv
* Sea-Bird SBE 9 Data File:
* FileName = D:\Data\Raw\p6621105.dat
* Software Version Seasave Win32 V 5.32
* Temperature SN = 1649
* Conductivity SN = 1431
* Number of Bytes Per Scan = 37
* Number of Voltage Words = 5
* Number of Scans Averaged by the Deck Unit = 1
* NMEA Latitude = 63 47.00 S
* NMEA Longitude = 060 13.15 W
* NMEA UTC (Time) = 17:09:33
** Ship:   Nathaniel B. Palmer 
** Cruise:    NBP0606 
# nquan = 15
# nvalues = 300                         
# units = specified
# name 0 = prDM: Pressure, Digiquartz [db]
# name 1 = t090C: Temperature [ITS-90, deg C]
# name 2 = c0S/m: Conductivity [S/m]
# name 3 = t190C: Temperature, 2 [ITS-90, deg C]
# name 4 = c1S/m: Conductivity, 2 [S/m]
# name 5 = sbeox0ML/L: Oxygen, SBE 43 [ml/l]
# name 6 = flECO-AFL: Fluorescence, Wetlab ECO-AFL/FL [mg/m^3]
# name 7 = bat: Beam Attenuation, Chelsea/Seatech/Wetlab CStar [1/m]
# name 8 = spar: SPAR/Surface Irradiance
# name 9 = latitude: Latitude [deg]
# name 10 = longitude: Longitude [deg]
# name 11 = timeY: Time, System [seconds]
# name 12 = timeJ: Julian Days
# name 13 = sal00: Salinity [PSU]
# name 14 = flag: flag
# span 0 =      2.000,    301.000       
# span 1 =    -1.5757,    -0.9687       
# span 2 =   2.732001,   2.778500       
# span 3 =    -1.5757,    -0.9674       
# span 4 =   2.732327,   2.778819       
# span 5 =    6.96853,    7.41626       
# span 6 =    -0.0730,     0.1462       
# span 7 =    13.8155,    13.8155       
# span 8 = 8.3876e+02, 8.8019e+02       
# span 9 =  -63.78333,  -63.78333       
# span 10 =  -60.21917,  -60.21917      
# span 11 = 1154365778, 1154366376      
# span 12 = 212.715034, 212.721967      
# span 13 =    34.2349,    34.3828      
# span 14 = 0.0000e+00, 0.0000e+00      
# interval = decibars: 1                
# start_time = Jul 31 2006 17:09:41
# bad_flag = -9.990e-29
*END*
[from data line 97]
     99.000    -1.2558   2.751893    -1.2546   2.752238    7.20970    -0.0335    13.8155 8.5807e+02  -63.78333  -60.21917 1154366025 212.717901    34.3249 0.0000e+00
    100.000    -1.2407   2.753332    -1.2396   2.753668    7.19645    -0.0380    13.8155 8.5647e+02  -63.78333  -60.21917 1154366027 212.717928    34.3266 0.0000e+00
    101.000    -1.2264   2.754705    -1.2244   2.755106    7.18577    -0.0224    13.8155 8.5542e+02  -63.78333  -60.21917 1154366029 212.717951    34.3283 0.0000e+00
    102.000    -1.2058   2.756690    -1.2048   2.756981    7.17027    -0.0171    13.8155 8.5813e+02  -63.78333  -60.21917 1154366032 212.717976    34.3309 0.0000e+00
    103.000    -1.2010   2.757272    -1.2007   2.757562    7.15957    -0.0214    13.8155 8.5469e+02  -63.78333  -60.21917 1154366034 212.718002    34.3329 0.0000e+00
    104.000    -1.2068   2.756823    -1.2067   2.757093    7.15369    -0.0145    13.8155 8.5348e+02  -63.78333  -60.21917 1154366036 212.718025    34.3334 0.0000e+00
    105.000    -1.2061   2.756975    -1.2033   2.757436    7.14317    -0.0447    13.8155 8.5270e+02  -63.78333  -60.21917 1154366038 212.718051    34.3343 0.0000e+00
    106.000    -1.1760   2.759727    -1.1732   2.760140    7.12392    -0.0257    13.8155 8.5390e+02  -63.78333  -60.21917 1154366040 212.718076    34.3362 0.0000e+00
    107.000    -1.1341   2.763567    -1.1281   2.764177    7.09467    -0.0437    13.8155 8.5375e+02  -63.78333  -60.21917 1154366042 212.718096    34.3392 0.0000e+00
    108.000    -1.0813   2.768287    -1.0762   2.768853    7.06556    -0.0154    13.8155 8.5371e+02  -63.78333  -60.21917 1154366044 212.718114    34.3416 0.0000e+00
    109.000    -1.0353   2.772484    -1.0326   2.772756    7.03022    -0.0267    13.8155 8.5465e+02  -63.78333  -60.21917 1154366045 212.718134    34.3453 0.0000e+00
    110.000    -1.0011   2.775494    -0.9984   2.775867    7.00028    -0.0234    13.8155 8.5435e+02  -63.78333  -60.21917 1154366047 212.718156    34.3460 0.0000e+00
    111.000    -0.9864   2.776869    -0.9846   2.777179    6.98732    -0.0400    13.8155 8.5618e+02  -63.78333  -60.21917 1154366049 212.718176    34.3480 0.0000e+00
    112.000    -0.9820   2.777321    -0.9766   2.777927    6.97214    -0.0222    13.8155 8.5769e+02  -63.78333  -60.21917 1154366050 212.718193    34.3493 0.0000e+00
    113.000    -0.9687   2.778500    -0.9674   2.778819    6.96853    -0.0269    13.8155 8.5729e+02  -63.78333  -60.21917 1154366052 212.718209    34.3497 0.0000e+00
    114.000    -0.9979   2.776039    -1.0005   2.776078    6.97000    -0.0299    13.8155 8.5724e+02  -63.78333  -60.21917 1154366053 212.718228    34.3503 0.0000e+00
    115.000    -1.0254   2.773711    -1.0276   2.773840    6.97775    -0.0376    13.8155 8.5667e+02  -63.78333  -60.21917 1154366055 212.718249    34.3503 0.0000e+00
    116.000    -1.0628   2.770548    -1.0694   2.770296    6.99928    -0.0456    13.8155 8.5683e+02  -63.78333  -60.21917 1154366057 212.718275    34.3503 0.0000e+00
    117.000    -1.0769   2.769444    -1.0776   2.769717    7.01513    -0.0342    13.8155 8.5792e+02  -63.78333  -60.21917 1154366059 212.718295    34.3509 0.0000e+00
    118.000    -1.1341   2.764616    -1.1349   2.764906    7.03974    -0.0335    13.8155 8.5744e+02  -63.78333  -60.21917 1154366061 212.718314    34.3514 0.0000e+00
    119.000    -1.1523   2.763100    -1.1501   2.763612    7.06275    -0.0280    13.8155 8.5964e+02  -63.78333  -60.21917 1154366062 212.718333    34.3509 0.0000e+00
    120.000    -1.1413   2.764214    -1.1385   2.764640    7.07433    -0.0212    13.8155 8.5851e+02  -63.78333  -60.21917 1154366064 212.718351    34.3525 0.0000e+00
    121.000    -1.1719   2.761573    -1.1750   2.761824    7.09673    -0.0488    13.8155 8.5901e+02  -63.78333  -60.21917 1154366065 212.718368    34.3504 0.0000e+00
    122.000    -1.2311   2.756643    -1.2321   2.756954    7.12406    -0.0219    13.8155 8.5821e+02  -63.78333  -60.21917 1154366067 212.718387    34.3517 0.0000e+00
    123.000    -1.2936   2.751303    -1.2979   2.751431    7.16204    -0.0317    13.8155 8.5810e+02  -63.78333  -60.21917 1154366069 212.718411    34.3500 0.0000e+00
    124.000    -1.3672   2.745021    -1.3693   2.745359    7.20923    -0.0250    13.8155 8.5738e+02  -63.78333  -60.21917 1154366071 212.718428    34.3490 0.0000e+00
    125.000    -1.4105   2.741404    -1.4101   2.741882    7.23732    -0.0134    13.8155 8.5912e+02  -63.78333  -60.21917 1154366072 212.718443    34.3490 0.0000e+00
    126.000    -1.4301   2.739847    -1.4297   2.740315    7.28084    -0.0279    13.8155 8.5824e+02  -63.78333  -60.21917 1154366074 212.718470    34.3483 0.0000e+00
    127.000    -1.4724   2.736390    -1.4724   2.736776    7.31014    -0.0251    13.8155 8.5746e+02  -63.78333  -60.21917 1154366076 212.718493    34.3486 0.0000e+00
    128.000    -1.4846   2.735446    -1.4847   2.735827    7.32678    -0.0490    13.8155 8.6010e+02  -63.78333  -60.21917 1154366078 212.718508    34.3484 0.0000e+00
    129.000    -1.4893   2.735158    -1.4890   2.735510    7.33923    -0.0210    13.8155 8.5861e+02  -63.78333  -60.21917 1154366079 212.718525    34.3484 0.0000e+00
    130.000    -1.4936   2.734866    -1.4935   2.735212    7.35110    -0.0387    13.8155 8.5850e+02  -63.78333  -60.21917 1154366081 212.718543    34.3480 0.0000e+00
    131.000    -1.5073   2.733778    -1.5076   2.734124    7.36057    -0.0224    13.8155 8.5813e+02  -63.78333  -60.21917 1154366082 212.718560    34.3479 0.0000e+00
    132.000    -1.5149   2.733250    -1.5147   2.733590    7.36730    -0.0401    13.8155 8.5621e+02  -63.78333  -60.21917 1154366084 212.718582    34.3482 0.0000e+00
    133.000    -1.5186   2.733030    -1.5183   2.733373    7.37407    -0.0590    13.8155 8.5380e+02  -63.78333  -60.21917 1154366086 212.718605    34.3484 0.0000e+00
    134.000    -1.5204   2.732942    -1.5201   2.733297    7.37647    -0.0058    13.8155 8.5384e+02  -63.78333  -60.21917 1154366088 212.718623    34.3482 0.0000e+00
    135.000    -1.5235   2.732757    -1.5232   2.733107    7.37833    -0.0466    13.8155 8.5512e+02  -63.78333  -60.21917 1154366089 212.718639    34.3484 0.0000e+00
    136.000    -1.5324   2.732064    -1.5327   2.732390    7.38519    -0.0082    13.8155 8.5725e+02  -63.78333  -60.21917 1154366090 212.718655    34.3483 0.0000e+00
    137.000    -1.5346   2.732001    -1.5343   2.732327    7.38928    -0.0240    13.8155 8.5543e+02  -63.78333  -60.21917 1154366092 212.718673    34.3493 0.0000e+00
    138.000    -1.5239   2.733023    -1.5219   2.733458    7.38940    -0.0195    13.8155 8.5418e+02  -63.78333  -60.21917 1154366093 212.718690    34.3498 0.0000e+00
    139.000    -1.5146   2.733892    -1.5179   2.733871    7.38591    -0.0372    13.8155 8.5343e+02  -63.78333  -60.21917 1154366095 212.718710    34.3500 0.0000e+00
    140.000    -1.5153   2.733876    -1.5143   2.734239    7.37980    -0.0291    13.8155 8.5334e+02  -63.78333  -60.21917 1154366097 212.718732    34.3499 0.0000e+00
    141.000    -1.5106   2.734338    -1.5097   2.734676    7.37387    -0.0353    13.8155 8.5482e+02  -63.78333  -60.21917 1154366098 212.718750    34.3500 0.0000e+00
    142.000    -1.5056   2.734855    -1.5048   2.735189    7.36980    -0.0242    13.8155 8.5513e+02  -63.78333  -60.21917 1154366100 212.718769    34.3506 0.0000e+00
    143.000    -1.4885   2.736431    -1.4904   2.736466    7.36559    -0.0555    13.8155 8.5524e+02  -63.78333  -60.21917 1154366102 212.718789    34.3514 0.0000e+00
    144.000    -1.4731   2.737789    -1.4724   2.738111    7.35835    -0.0341    13.8155 8.5524e+02  -63.78333  -60.21917 1154366103 212.718807    34.3518 0.0000e+00
    145.000    -1.4752   2.737660    -1.4744   2.738007    7.35348    -0.0325    13.8155 8.5524e+02  -63.78333  -60.21917 1154366105 212.718822    34.3519 0.0000e+00
    146.000    -1.4778   2.737483    -1.4776   2.737772    7.35250    -0.0230    13.8155 8.5544e+02  -63.78333  -60.21917 1154366106 212.718839    34.3520 0.0000e+00
    147.000    -1.4794   2.737388    -1.4792   2.737679    7.35315    -0.0200    13.8155 8.5540e+02  -63.78333  -60.21917 1154366108 212.718858    34.3520 0.0000e+00
    148.000    -1.4806   2.737316    -1.4805   2.737611    7.35491    -0.0493    13.8155 8.5659e+02  -63.78333  -60.21917 1154366109 212.718876    34.3520 0.0000e+00
    149.000    -1.4807   2.737367    -1.4801   2.737670    7.35918    -0.0244    13.8155 8.5529e+02  -63.78333  -60.21917 1154366111 212.718900    34.3522 0.0000e+00
    150.000    -1.4797   2.737493    -1.4792   2.737795    7.36001    -0.0277    13.8155 8.5454e+02  -63.78333  -60.21917 1154366113 212.718919    34.3522 0.0000e+00
    151.000    -1.4787   2.737627    -1.4787   2.737902    7.36089    -0.0495    13.8155 8.5858e+02  -63.78333  -60.21917 1154366114 212.718934    34.3522 0.0000e+00
    152.000    -1.4767   2.737866    -1.4762   2.738150    7.36141    -0.0413    13.8155 8.5854e+02  -63.78333  -60.21917 1154366116 212.718951    34.3526 0.0000e+00
    153.000    -1.4731   2.738214    -1.4727   2.738508    7.35823    -0.0112    13.8155 8.5675e+02  -63.78333  -60.21917 1154366117 212.718970    34.3525 0.0000e+00
    154.000    -1.4734   2.738226    -1.4730   2.738538    7.35635    -0.0244    13.8155 8.5497e+02  -63.78333  -60.21917 1154366119 212.718989    34.3525 0.0000e+00
    155.000    -1.4719   2.738427    -1.4720   2.738664    7.35465    -0.0355    13.8155 8.5515e+02  -63.78333  -60.21917 1154366121 212.719008    34.3528 0.0000e+00
    156.000    -1.4733   2.738344    -1.4731   2.738622    7.35453    -0.0405    13.8155 8.5732e+02  -63.78333  -60.21917 1154366122 212.719026    34.3528 0.0000e+00
    157.000    -1.4735   2.738359    -1.4732   2.738657    7.35197    -0.0237    13.8155 8.5700e+02  -63.78333  -60.21917 1154366124 212.719046    34.3527 0.0000e+00
    158.000    -1.4745   2.738316    -1.4745   2.738587    7.34929    -0.0348    13.8155 8.5444e+02  -63.78333  -60.21917 1154366126 212.719067    34.3527 0.0000e+00
    159.000    -1.4764   2.738222    -1.4763   2.738482    7.34975    -0.0384    13.8155 8.5122e+02  -63.78333  -60.21917 1154366128 212.719086    34.3530 0.0000e+00
    160.000    -1.4760   2.738309    -1.4758   2.738593    7.35145    -0.0201    13.8155 8.5267e+02  -63.78333  -60.21917 1154366129 212.719102    34.3530 0.0000e+00
    161.000    -1.4735   2.738598    -1.4733   2.738856    7.35214    -0.0240    13.8155 8.5400e+02  -63.78333  -60.21917 1154366130 212.719117    34.3534 0.0000e+00
    162.000    -1.4739   2.738628    -1.4732   2.738938    7.35164    -0.0250    13.8155 8.5440e+02  -63.78333  -60.21917 1154366131 212.719132    34.3537 0.0000e+00
    163.000    -1.4656   2.739428    -1.4648   2.739725    7.34567    -0.0619    13.8155 8.5342e+02  -63.78333  -60.21917 1154366133 212.719151    34.3544 0.0000e+00
    164.000    -1.4585   2.740104    -1.4579   2.740396    7.34063    -0.0310    13.8155 8.5329e+02  -63.78333  -60.21917 1154366135 212.719175    34.3548 0.0000e+00
    165.000    -1.4549   2.740487    -1.4544   2.740778    7.33562    -0.0302    13.8155 8.5329e+02  -63.78333  -60.21917 1154366137 212.719198    34.3552 0.0000e+00
    166.000    -1.4526   2.740735    -1.4521   2.741021    7.33132    -0.0439    13.8155 8.5329e+02  -63.78333  -60.21917 1154366139 212.719216    34.3555 0.0000e+00
    167.000    -1.4507   2.740966    -1.4503   2.741231    7.32867    -0.0314    13.8155 8.4981e+02  -63.78333  -60.21917 1154366140 212.719232    34.3558 0.0000e+00
    168.000    -1.4497   2.741100    -1.4493   2.741382    7.32667    -0.0479    13.8155 8.4842e+02  -63.78333  -60.21917 1154366142 212.719249    34.3560 0.0000e+00
    169.000    -1.4494   2.741189    -1.4491   2.741459    7.32821    -0.0224    13.8155 8.4734e+02  -63.78333  -60.21917 1154366143 212.719268    34.3563 0.0000e+00
    170.000    -1.4489   2.741273    -1.4487   2.741549    7.32823    -0.0128    13.8155 8.4882e+02  -63.78333  -60.21917 1154366144 212.719282    34.3562 0.0000e+00
    171.000    -1.4476   2.741422    -1.4469   2.741744    7.32316    -0.0516    13.8155 8.5236e+02  -63.78333  -60.21917 1154366146 212.719296    34.3561 0.0000e+00
    172.000    -1.4460   2.741626    -1.4453   2.741935    7.32024    -0.0411    13.8155 8.5278e+02  -63.78333  -60.21917 1154366147 212.719315    34.3565 0.0000e+00
    173.000    -1.4451   2.741748    -1.4448   2.742038    7.32432    -0.0234    13.8155 8.5064e+02  -63.78333  -60.21917 1154366150 212.719341    34.3565 0.0000e+00
    174.000    -1.4480   2.741547    -1.4483   2.741772    7.32602    -0.0443    13.8155 8.4938e+02  -63.78333  -60.21917 1154366151 212.719363    34.3566 0.0000e+00
    175.000    -1.4503   2.741397    -1.4498   2.741695    7.32828    -0.0371    13.8155 8.4939e+02  -63.78333  -60.21917 1154366153 212.719381    34.3566 0.0000e+00
    176.000    -1.4511   2.741375    -1.4509   2.741646    7.32464    -0.0343    13.8155 8.4929e+02  -63.78333  -60.21917 1154366155 212.719400    34.3566 0.0000e+00
    177.000    -1.4534   2.741224    -1.4534   2.741476    7.32543    -0.0326    13.8155 8.4838e+02  -63.78333  -60.21917 1154366156 212.719417    34.3566 0.0000e+00
    178.000    -1.4736   2.739454    -1.4773   2.739530    7.33438    -0.0330    13.8155 8.4903e+02  -63.78333  -60.21917 1154366157 212.719430    34.3550 0.0000e+00
    179.000    -1.4929   2.737915    -1.4931   2.738197    7.33614    -0.0437    13.8155 8.4921e+02  -63.78333  -60.21917 1154366159 212.719445    34.3563 0.0000e+00
    180.000    -1.4986   2.737480    -1.4987   2.737777    7.34444    -0.0464    13.8155 8.4813e+02  -63.78333  -60.21917 1154366160 212.719464    34.3560 0.0000e+00
    181.000    -1.5236   2.735376    -1.5233   2.735719    7.35976    -0.0394    13.8155 8.4630e+02  -63.78333  -60.21917 1154366162 212.719486    34.3557 0.0000e+00
    182.000    -1.5308   2.734815    -1.5311   2.735088    7.37137    -0.0232    13.8155 -9.990e-29  -63.78333  -60.21917 1154366164 212.719507    34.3554 0.0000e+00
    183.000    -1.5341   2.734592    -1.5346   2.734842    7.38039    -0.0612    13.8155 -9.990e-29  -63.78333  -60.21917 1154366165 212.719525    34.3553 0.0000e+00
    184.000    -1.5438   2.733797    -1.5455   2.733970    7.39115    -0.0357    13.8155 8.4556e+02  -63.78333  -60.21917 1154366167 212.719544    34.3547 0.0000e+00
    185.000    -1.5519   2.733154    -1.5522   2.733432    7.40112    -0.0434    13.8155 8.4538e+02  -63.78333  -60.21917 1154366169 212.719561    34.3547 0.0000e+00
    186.000    -1.5532   2.733101    -1.5531   2.733396    7.40553    -0.0288    13.8155 8.4632e+02  -63.78333  -60.21917 1154366170 212.719578    34.3546 0.0000e+00
    187.000    -1.5552   2.732984    -1.5548   2.733317    7.41214    -0.0220    13.8155 8.4743e+02  -63.78333  -60.21917 1154366172 212.719596    34.3544 0.0000e+00
    188.000    -1.5625   2.732466    -1.5621   2.732771    7.41256    -0.0210    13.8155 8.4729e+02  -63.78333  -60.21917 1154366173 212.719613    34.3552 0.0000e+00
    189.000    -1.5585   2.732880    -1.5583   2.733160    7.41006    -0.0245    13.8155 8.4557e+02  -63.78333  -60.21917 1154366175 212.719631    34.3554 0.0000e+00
    190.000    -1.5567   2.733104    -1.5563   2.733399    7.40567    -0.0276    13.8155 8.4415e+02  -63.78333  -60.21917 1154366176 212.719650    34.3555 0.0000e+00
    191.000    -1.5459   2.734131    -1.5459   2.734376    7.40152    -0.0449    13.8155 8.4507e+02  -63.78333  -60.21917 1154366178 212.719669    34.3562 0.0000e+00
    192.000    -1.5432   2.734415    -1.5424   2.734734    7.40010    -0.0387    13.8155 8.4534e+02  -63.78333  -60.21917 1154366179 212.719688    34.3564 0.0000e+00
    193.000    -1.5365   2.735060    -1.5362   2.735331    7.39701    -0.0382    13.8155 8.4360e+02  -63.78333  -60.21917 1154366181 212.719706    34.3567 0.0000e+00
