product_data/regression_test/downloaded_data/MDGS/320620060703/ctd/p6624203.ros
* Sea-Bird SBE 9 Data File:
* FileName = D:\Data\Raw\p6624203.dat
* Software Version Seasave Win32 V 5.32
* Temperature SN = 1649
* Conductivity SN = 1431
* Number of Bytes Per Scan = 37
* Number of Voltage Words = 5
* Number of Scans Averaged by the Deck Unit = 1
* NMEA Latitude = 61 58.90 S
* NMEA Longitude = 056 41.04 W
* NMEA UTC (Time) = 02:12:54
** Ship:   Nathaniel B. Palmer 
** Cruise:    NBP0606 
# nquan = 17
# nvalues = 1176                    
# units = specified
# name 0 = prDM: Pressure, Digiquartz [db]
# name 1 = t090C: Temperature [ITS-90, deg C]
# name 2 = c0S/m: Conductivity [S/m]
# name 3 = t190C: Temperature, 2 [ITS-90, deg C]
# name 4 = c1S/m: Conductivity, 2 [S/m]
# name 5 = sbeox0ML/L: Oxygen, SBE 43 [ml/l]
# name 6 = flECO-AFL: Fluorescence, Wetlab ECO-AFL/FL [mg/m^3]
# name 7 = bat: Beam Attenuation, Chelsea/Seatech/Wetlab CStar [1/m]
# name 8 = spar: SPAR/Surface Irradiance
# name 9 = latitude: Latitude [deg]
# name 10 = longitude: Longitude [deg]
# name 11 = timeY: Time, System [seconds]
# name 12 = timeJ: Julian Days
# name 13 = sal00: Salinity [PSU]
# name 14 = scan: scan number
# name 15 = nbf: number of bottles fired
# name 16 = flag:  0.000e+00
# interval = seconds: 0.0416667                   
# start_time = Aug 09 2006 02:14:45
*END*
[from data line 766]
    100.098    -1.2096   2.756935    -1.2061   2.757490    7.24912     0.0207    13.8155 0.0000e+00  -61.98167  -56.68400 1155092041 221.120868    34.3413      56593         16  0.000e+00
    100.165    -1.2087   2.757024    -1.2056   2.757536    7.24899    -0.0674    13.8155 0.0000e+00  -61.98167  -56.68400 1155092041 221.120869    34.3414      56594         16  0.000e+00
    100.165    -1.2085   2.756974    -1.2061   2.757553    7.24901    -0.1335    13.8155 0.0000e+00  -61.98167  -56.68400 1155092041 221.120869    34.3406      56595         16  0.000e+00
    100.165    -1.2087   2.757083    -1.2060   2.757553    7.24895    -0.1225    13.8155 0.0000e+00  -61.98167  -56.68400 1155092041 221.120870    34.3423      56596         16  0.000e+00
    100.242    -1.2081   2.757129    -1.2061   2.757553    7.24891    -0.1004    13.8155 0.0000e+00  -61.98167  -56.68400 1155092041 221.120870    34.3421      56597         16  0.000e+00
    100.165    -1.2079   2.757112    -1.2053   2.757571    7.24882    -0.0013    13.8155 0.0000e+00  -61.98167  -56.68400 1155092041 221.120870    34.3418      56598         16  0.000e+00
    100.213    -1.2084   2.757126    -1.2055   2.757600    7.24894    -0.0894    13.8155 0.0000e+00  -61.98167  -56.68400 1155092041 221.120871    34.3425      56599         16  0.000e+00
    100.242    -1.2079   2.757198    -1.2058   2.757588    7.25360    -0.1004    13.8155 0.0000e+00  -61.98167  -56.68400 1155092041 221.120871    34.3429      56600         16  0.000e+00
    100.242    -1.2073   2.757250    -1.2066   2.757478    7.25348    -0.1665    13.8155 0.0000e+00  -61.98167  -56.68400 1155092041 221.120872    34.3429      56601         16  0.000e+00
    100.242    -1.2070   2.757277    -1.2063   2.757501    7.24864    -0.1886    13.8155 0.0000e+00  -61.98167  -56.68400 1155092041 221.120872    34.3429      56602         16  0.000e+00
    100.242    -1.2073   2.757283    -1.2066   2.757507    7.24869    -0.1114    13.8155 0.0000e+00  -61.98167  -56.68400 1155092041 221.120873    34.3434      56603         16  0.000e+00
    100.242    -1.2074   2.757267    -1.2067   2.757519    7.25349    -0.0784    13.8155 0.0000e+00  -61.98167  -56.68400 1155092041 221.120873    34.3433      56604         16  0.000e+00
    100.242    -1.2074   2.757244    -1.2060   2.757525    7.24874    -0.0674    13.8155 0.0000e+00  -61.98167  -56.68400 1155092042 221.120874    34.3430      56605         16  0.000e+00
    100.242    -1.2077   2.757224    -1.2056   2.757565    7.25357    -0.0343    13.8155 0.0000e+00  -61.98167  -56.68400 1155092042 221.120874    34.3431      56606         16  0.000e+00
    100.242    -1.2073   2.757250    -1.2053   2.757582    7.25348     0.0097    13.8155 0.0000e+00  -61.98167  -56.68400 1155092042 221.120875    34.3429      56607         16  0.000e+00
    100.242    -1.2071   2.757277    -1.2056   2.757559    7.24866     0.0207    13.8155 0.0000e+00  -61.98167  -56.68400 1155092042 221.120875    34.3430      56608         16  0.000e+00
    100.242    -1.2070   2.757303    -1.2070   2.757472    7.24863    -0.0454    13.8155 0.0000e+00  -61.98167  -56.68400 1155092042 221.120876    34.3433      56609         16  0.000e+00
    100.165    -1.2070   2.757339    -1.2075   2.757409    7.24852    -0.0343    13.8155 0.0000e+00  -61.98167  -56.68400 1155092042 221.120876    34.3438      56610         16  0.000e+00
    100.385    -1.2198   2.754879    -1.2217   2.755148    7.25710    -0.1225    13.8155 0.0000e+00  -61.98167  -56.68400 1155092044 221.120902    34.3246      56663         17  0.000e+00
    100.451    -1.2212   2.754820    -1.2248   2.754559    7.25741    -0.0123    13.8155 0.0000e+00  -61.98167  -56.68400 1155092044 221.120902    34.3253      56664         17  0.000e+00
    100.308    -1.2213   2.754925    -1.2254   2.754281    7.25721    -0.0454    13.8155 0.0000e+00  -61.98167  -56.68400 1155092044 221.120903    34.3270      56665         17  0.000e+00
    100.518    -1.2204   2.755076    -1.2251   2.754310    7.25718    -0.1225    13.8155 0.0000e+00  -61.98167  -56.68400 1155092044 221.120903    34.3279      56666         17  0.000e+00
    100.385    -1.2210   2.754895    -1.2277   2.754252    7.25726    -0.0674    13.8155 0.0000e+00  -61.98167  -56.68400 1155092044 221.120904    34.3262      56667         17  0.000e+00
    100.308    -1.2221   2.754507    -1.2286   2.754113    7.25761    -0.0233    13.8155 0.0000e+00  -61.98167  -56.68400 1155092044 221.120904    34.3222      56668         17  0.000e+00
    100.518    -1.2250   2.754104    -1.2288   2.754114    7.25854    -0.0343    13.8155 0.0000e+00  -61.98167  -56.68400 1155092044 221.120905    34.3199      56669         17  0.000e+00
    100.385    -1.2280   2.753903    -1.2268   2.754345    7.26374    -0.0894    13.8155 0.0000e+00  -61.98167  -56.68400 1155092044 221.120905    34.3206      56670         17  0.000e+00
    100.451    -1.2276   2.753939    -1.2237   2.754744    7.26374    -0.1445    13.8155 0.0000e+00  -61.98167  -56.68400 1155092044 221.120906    34.3206      56671         17  0.000e+00
    100.451    -1.2276   2.753992    -1.2211   2.755119    7.26370    -0.1665    13.8155 0.0000e+00  -61.98167  -56.68400 1155092044 221.120906    34.3214      56672         17  0.000e+00
    100.423    -1.2273   2.753956    -1.2199   2.755304    7.25888    -0.1225    13.8155 0.0000e+00  -61.98167  -56.68400 1155092044 221.120907    34.3206      56673         17  0.000e+00
    100.451    -1.2278   2.753870    -1.2196   2.755397    7.26381    -0.0894    13.8155 0.0000e+00  -61.98167  -56.68400 1155092044 221.120907    34.3199      56674         17  0.000e+00
    100.451    -1.2292   2.753650    -1.2191   2.755420    7.26417    -0.1665    13.8155 0.0000e+00  -61.98167  -56.68400 1155092044 221.120908    34.3185      56675         17  0.000e+00
    100.451    -1.2321   2.753135    -1.2188   2.755461    7.26495    -0.1886    13.8155 0.0000e+00  -61.98167  -56.68400 1155092045 221.120908    34.3147      56676         17  0.000e+00
    100.451    -1.2337   2.752938    -1.2193   2.755455    7.26054    -0.1225    13.8155 0.0000e+00  -61.98167  -56.68400 1155092045 221.120909    34.3138      56677         17  0.000e+00
    100.451    -1.2338   2.753003    -1.2197   2.755414    7.26529    -0.1555    13.8155 0.0000e+00  -61.98167  -56.68400 1155092045 221.120909    34.3149      56678         17  0.000e+00
    100.451    -1.2338   2.753049    -1.2214   2.755299    7.26526    -0.1225    13.8155 0.0000e+00  -61.98167  -56.68400 1155092045 221.120910    34.3155      56679         17  0.000e+00
    100.518    -1.2338   2.753036    -1.2245   2.754963    7.26534    -0.1445    13.8155 0.0000e+00  -61.98167  -56.68400 1155092045 221.120910    34.3153      56680         17  0.000e+00
    100.451    -1.2340   2.753033    -1.2255   2.754605    7.26529    -0.1445    13.8155 0.0000e+00  -61.98167  -56.68400 1155092045 221.120910    34.3154      56681         17  0.000e+00
    100.518    -1.2335   2.752964    -1.2262   2.754455    7.26534    -0.0784    13.8155 0.0000e+00  -61.98167  -56.68400 1155092045 221.120911    34.3139      56682         17  0.000e+00
    100.451    -1.2338   2.753043    -1.2260   2.754460    7.26527    -0.0894    13.8155 0.0000e+00  -61.98167  -56.68400 1155092045 221.120911    34.3154      56683         17  0.000e+00
    100.518    -1.2315   2.753342    -1.2245   2.754547    7.26479    -0.1004    13.8155 0.0000e+00  -61.98167  -56.68400 1155092045 221.120912    34.3168      56684         17  0.000e+00
    100.451    -1.2307   2.753480    -1.2234   2.754593    7.26451    -0.0343    13.8155 0.0000e+00  -61.98167  -56.68400 1155092045 221.120912    34.3179      56685         17  0.000e+00
    100.518    -1.2303   2.753414    -1.2241   2.754611    7.26456    -0.0123    13.8155 0.0000e+00  -61.98167  -56.68400 1155092045 221.120913    34.3164      56686         17  0.000e+00
    100.451    -1.2317   2.753204    -1.2243   2.754547    7.26006    -0.0123    13.8155 0.0000e+00  -61.98167  -56.68400 1155092045 221.120913    34.3152      56687         17  0.000e+00
    100.518    -1.2326   2.753076    -1.2248   2.754484    7.26036     0.0097    13.8155 0.0000e+00  -61.98167  -56.68400 1155092045 221.120914    34.3144      56688         17  0.000e+00
    100.490    -1.2313   2.753171    -1.2257   2.754420    7.26008    -0.0564    13.8155 0.0000e+00  -61.98167  -56.68400 1155092045 221.120914    34.3143      56689         17  0.000e+00
    100.518    -1.2317   2.753210    -1.2268   2.754299    7.26013    -0.1004    13.8155 0.0000e+00  -61.98167  -56.68400 1155092045 221.120915    34.3152      56690         17  0.000e+00
    100.451    -1.2331   2.753109    -1.2266   2.754241    7.26034    -0.1225    13.8155 0.0000e+00  -61.98167  -56.68400 1155092045 221.120915    34.3154      56691         17  0.000e+00
    100.518    -1.2327   2.753059    -1.2269   2.754212    7.26516    -0.0894    13.8155 0.0000e+00  -61.98167  -56.68400 1155092045 221.120916    34.3144      56692         17  0.000e+00
    100.518    -1.2329   2.753069    -1.2272   2.754137    7.26518    -0.0564    13.8155 0.0000e+00  -61.98167  -56.68400 1155092045 221.120916    34.3147      56693         17  0.000e+00
    100.518    -1.2326   2.753217    -1.2277   2.753946    7.26026     0.0318    13.8155 0.0000e+00  -61.98167  -56.68400 1155092045 221.120917    34.3164      56694         17  0.000e+00
    100.518    -1.2321   2.753338    -1.2289   2.753813    7.26488    -0.0343    13.8155 0.0000e+00  -61.98167  -56.68400 1155092045 221.120917    34.3175      56695         17  0.000e+00
    100.518    -1.2317   2.753447    -1.2292   2.753703    7.26474    -0.0674    13.8155 0.0000e+00  -61.98167  -56.68400 1155092045 221.120918    34.3185      56696         17  0.000e+00
    100.385    -1.2317   2.753489    -1.2307   2.753640    7.26457    -0.1004    13.8155 0.0000e+00  -61.98167  -56.68400 1155092045 221.120918    34.3191      56697         17  0.000e+00
    100.661    -1.2310   2.753545    -1.2314   2.753541    7.26472    -0.0564    13.8155 0.0000e+00  -61.98167  -56.68400 1155092045 221.120919    34.3190      56698         17  0.000e+00
    100.518    -1.2307   2.753545    -1.2314   2.753495    7.25976    -0.1225    13.8155 0.0000e+00  -61.98167  -56.68400 1155092045 221.120919    34.3187      56699         17  0.000e+00
    100.518    -1.2301   2.753572    -1.2324   2.753455    7.25965    -0.0564    13.8155 0.0000e+00  -61.98167  -56.68400 1155092046 221.120920    34.3184      56700         17  0.000e+00
    100.518    -1.2303   2.753568    -1.2332   2.753403    7.25968    -0.0564    13.8155 0.0000e+00  -61.98167  -56.68400 1155092046 221.120920    34.3185      56701         17  0.000e+00
    100.518    -1.2300   2.753578    -1.2336   2.753322    7.26440    -0.1445    13.8155 0.0000e+00  -61.98167  -56.68400 1155092046 221.120921    34.3183      56702         17  0.000e+00
    100.518    -1.2296   2.753568    -1.2332   2.753310    7.26436    -0.1225    13.8155 0.0000e+00  -61.98167  -56.68400 1155092046 221.120921    34.3178      56703         17  0.000e+00
    100.595    -1.2306   2.753414    -1.2337   2.753293    7.26468    -0.0233    13.8155 0.0000e+00  -61.98167  -56.68400 1155092046 221.120922    34.3167      56704         17  0.000e+00
    100.556    -1.2307   2.753263    -1.2336   2.753345    7.25999     0.0207    13.8155 0.0000e+00  -61.98167  -56.68400 1155092046 221.120922    34.3148      56705         17  0.000e+00
    100.518    -1.2313   2.753148    -1.2331   2.753316    7.26490    -0.0674    13.8155 0.0000e+00  -61.98167  -56.68400 1155092046 221.120923    34.3140      56706         17  0.000e+00
    100.595    -1.2324   2.753036    -1.2339   2.753310    7.26521    -0.2106    13.8155 0.0000e+00  -61.98167  -56.68400 1155092046 221.120923    34.3136      56707         17  0.000e+00
    100.518    -1.2332   2.752875    -1.2336   2.753293    7.26536    -0.2106    13.8155 0.0000e+00  -61.98167  -56.68400 1155092046 221.120924    34.3124      56708         17  0.000e+00
    100.595    -1.2337   2.752800    -1.2326   2.753362    7.26556    -0.1004    13.8155 0.0000e+00  -61.98167  -56.68400 1155092046 221.120924    34.3118      56709         17  0.000e+00
    100.595    -1.2341   2.752721    -1.2318   2.753449    7.26568    -0.0784    13.8155 0.0000e+00  -61.98167  -56.68400 1155092046 221.120924    34.3113      56710         17  0.000e+00
    100.518    -1.2352   2.752682    -1.2312   2.753541    7.26579    -0.0564    13.8155 0.0000e+00  -61.98167  -56.68400 1155092046 221.120925    34.3120      56711         17  0.000e+00
    100.661    -1.2344   2.752793    -1.2385   2.752501    7.26574    -0.1004    13.8155 0.0000e+00  -61.98167  -56.68400 1155092047 221.120932    34.3125      56726         18  0.000e+00
    100.518    -1.2349   2.752721    -1.2388   2.752478    7.26572    -0.1225    13.8155 0.0000e+00  -61.98167  -56.68400 1155092047 221.120933    34.3122      56727         18  0.000e+00
    100.661    -1.2357   2.752665    -1.2389   2.752490    7.27079    -0.0784    13.8155 0.0000e+00  -61.98167  -56.68400 1155092047 221.120933    34.3122      56728         18  0.000e+00
    100.595    -1.2361   2.752606    -1.2385   2.752472    7.27083     0.0097    13.8155 0.0000e+00  -61.98167  -56.68400 1155092047 221.120934    34.3120      56729         18  0.000e+00
    100.661    -1.2355   2.752606    -1.2374   2.752622    7.27080    -0.0013    13.8155 0.0000e+00  -61.98167  -56.68400 1155092047 221.120934    34.3112      56730         18  0.000e+00
    100.595    -1.2363   2.752563    -1.2349   2.752894    7.27089    -0.0894    13.8155 0.0000e+00  -61.98167  -56.68400 1155092047 221.120935    34.3116      56731         18  0.000e+00
    100.595    -1.2361   2.752547    -1.2296   2.753206    7.27087    -0.1004    13.8155 0.0000e+00  -61.98167  -56.68400 1155092047 221.120935    34.3112      56732         18  0.000e+00
    100.661    -1.2363   2.752495    -1.2288   2.753455    7.27099    -0.1114    13.8155 0.0000e+00  -61.98167  -56.68400 1155092047 221.120936    34.3106      56733         18  0.000e+00
    100.595    -1.2367   2.752360    -1.2306   2.753362    7.27109    -0.0564    13.8155 0.0000e+00  -61.98167  -56.68400 1155092047 221.120936    34.3093      56734         18  0.000e+00
    100.518    -1.2379   2.752291    -1.2333   2.753096    7.27122    -0.0784    13.8155 0.0000e+00  -61.98167  -56.68400 1155092047 221.120937    34.3097      56735         18  0.000e+00
    100.728    -1.2378   2.752245    -1.2348   2.752888    7.27146    -0.1004    13.8155 0.0000e+00  -61.98167  -56.68400 1155092047 221.120937    34.3089      56736         18  0.000e+00
    100.633    -1.2383   2.752107    -1.2351   2.752802    7.27630    -0.1114    13.8155 0.0000e+00  -61.98167  -56.68400 1155092047 221.120938    34.3075      56737         18  0.000e+00
    100.595    -1.2391   2.752009    -1.2347   2.752859    7.27645    -0.1555    13.8155 0.0000e+00  -61.98167  -56.68400 1155092047 221.120938    34.3072      56738         18  0.000e+00
    100.595    -1.2392   2.751973    -1.2352   2.752929    7.27649    -0.1004    13.8155 0.0000e+00  -61.98167  -56.68400 1155092047 221.120938    34.3068      56739         18  0.000e+00
    100.661    -1.2394   2.751953    -1.2362   2.752883    7.27660    -0.0784    13.8155 0.0000e+00  -61.98167  -56.68400 1155092047 221.120939    34.3067      56740         18  0.000e+00
    100.661    -1.2400   2.751950    -1.2368   2.752848    7.27192    -0.1225    13.8155 0.0000e+00  -61.98167  -56.68400 1155092047 221.120939    34.3073      56741         18  0.000e+00
    100.595    -1.2400   2.751930    -1.2363   2.752859    7.27665    -0.0674    13.8155 0.0000e+00  -61.98167  -56.68400 1155092047 221.120940    34.3072      56742         18  0.000e+00
    100.595    -1.2400   2.751976    -1.2355   2.752859    7.27661    -0.0674    13.8155 0.0000e+00  -61.98167  -56.68400 1155092047 221.120940    34.3077      56743         18  0.000e+00
