product_data/regression_test/downloaded_data/MDGS/320620060703/ctd/p6621803.ros
* Sea-Bird SBE 9 Data File:
* FileName = D:\Data\Raw\p6621803.dat
* Software Version Seasave Win32 V 5.32
* Temperature SN = 1649
* Conductivity SN = 1431
* Number of Bytes Per Scan = 37
* Number of Voltage Words = 5
* Number of Scans Averaged by the Deck Unit = 1
* NMEA Latitude = 62 19.25 S
* NMEA Longitude = 062 49.15 W
* NMEA UTC (Time) = 20:11:06
** Ship:   Nathaniel B. Palmer 
** Cruise:    NBP0606 
# nquan = 17
# nvalues = 1176                    
# units = specified
# name 0 = prDM: Pressure, Digiquartz [db]
# name 1 = t090C: Temperature [ITS-90, deg C]
# name 2 = c0S/m: Conductivity [S/m]
# name 3 = t190C: Temperature, 2 [ITS-90, deg C]
# name 4 = c1S/m: Conductivity, 2 [S/m]
# name 5 = sbeox0ML/L: Oxygen, SBE 43 [ml/l]
# name 6 = flECO-AFL: Fluorescence, Wetlab ECO-AFL/FL [mg/m^3]
# name 7 = bat: Beam Attenuation, Chelsea/Seatech/Wetlab CStar [1/m]
# name 8 = spar: SPAR/Surface Irradiance
# name 9 = latitude: Latitude [deg]
# name 10 = longitude: Longitude [deg]
# name 11 = timeY: Time, System [seconds]
# name 12 = timeJ: Julian Days
# name 13 = sal00: Salinity [PSU]
# name 14 = scan: scan number
# name 15 = nbf: number of bottles fired
# name 16 = flag:  0.000e+00
# interval = seconds: 0.0416667                   
# start_time = Aug 01 2006 20:11:27
*END*
[from data line 937]
     49.223    -1.2985   2.720445    -1.3139   2.719458    7.83091     0.0318    13.8155 0.0000e+00  -62.32083  -62.81917 1154466280 213.878258    33.9734      76668         20  0.000e+00
     49.299    -1.3008   2.720183    -1.3102   2.719792    7.83156    -0.0123    13.8155 0.0000e+00  -62.32083  -62.81917 1154466280 213.878258    33.9724      76669         20  0.000e+00
     49.299    -1.3037   2.719916    -1.3060   2.720166    7.83222    -0.0343    13.8155 0.0000e+00  -62.32083  -62.81917 1154466280 213.878259    33.9720      76670         20  0.000e+00
     49.223    -1.3050   2.719788    -1.3029   2.720436    7.83243    -0.0123    13.8155 0.0000e+00  -62.32083  -62.81917 1154466280 213.878259    33.9717      76671         20  0.000e+00
     49.156    -1.3053   2.719615    -1.2982   2.720482    7.83253     0.0207    13.8155 0.0000e+00  -62.32083  -62.81917 1154466280 213.878260    33.9697      76672         20  0.000e+00
     49.156    -1.3065   2.719497    -1.3004   2.720315    7.83281     0.1309    13.8155 0.0000e+00  -62.32083  -62.81917 1154466280 213.878260    33.9695      76673         20  0.000e+00
     49.156    -1.3079   2.719429    -1.3058   2.720102    7.83309     0.1199    13.8155 0.0000e+00  -62.32083  -62.81917 1154466280 213.878261    33.9702      76674         20  0.000e+00
     49.089    -1.3071   2.719383    -1.3091   2.719855    7.83292     0.0868    13.8155 0.0000e+00  -62.32083  -62.81917 1154466281 213.878261    33.9687      76675         20  0.000e+00
     49.089    -1.3080   2.719321    -1.3091   2.719705    7.83311     0.0207    13.8155 0.0000e+00  -62.32083  -62.81917 1154466281 213.878261    33.9688      76676         20  0.000e+00
     49.089    -1.3104   2.719269    -1.3113   2.719682    7.83352    -0.0123    13.8155 0.0000e+00  -62.32083  -62.81917 1154466281 213.878262    33.9708      76677         20  0.000e+00
     49.089    -1.3119   2.719181    -1.3124   2.719723    7.83383     0.0207    13.8155 0.0000e+00  -62.32083  -62.81917 1154466281 213.878262    33.9713      76678         20  0.000e+00
     49.013    -1.3120   2.719099    -1.3114   2.719774    7.83383     0.0318    13.8155 0.0000e+00  -62.32083  -62.81917 1154466281 213.878263    33.9704      76679         20  0.000e+00
     49.013    -1.3118   2.718932    -1.3087   2.719849    7.83391     0.0207    13.8155 0.0000e+00  -62.32083  -62.81917 1154466281 213.878263    33.9678      76680         20  0.000e+00
     48.946    -1.3130   2.718769    -1.3070   2.719964    7.83415    -0.0343    13.8155 0.0000e+00  -62.32083  -62.81917 1154466281 213.878264    33.9670      76681         20  0.000e+00
     49.013    -1.3165   2.718544    -1.3078   2.719982    7.83495    -0.0564    13.8155 0.0000e+00  -62.32083  -62.81917 1154466281 213.878264    33.9678      76682         20  0.000e+00
     48.946    -1.3189   2.718390    -1.3099   2.719872    7.83537    -0.0343    13.8155 0.0000e+00  -62.32083  -62.81917 1154466281 213.878265    33.9685      76683         20  0.000e+00
     48.880    -1.3198   2.718361    -1.3101   2.719763    7.83546    -0.0233    13.8155 0.0000e+00  -62.32083  -62.81917 1154466281 213.878265    33.9692      76684         20  0.000e+00
     48.946    -1.3202   2.718390    -1.3105   2.719740    7.83558    -0.0123    13.8155 0.0000e+00  -62.32083  -62.81917 1154466281 213.878266    33.9700      76685         20  0.000e+00
     48.880    -1.3208   2.718364    -1.3079   2.719797    7.83562     0.0097    13.8155 0.0000e+00  -62.32083  -62.81917 1154466281 213.878266    33.9703      76686         20  0.000e+00
     48.880    -1.3212   2.718325    -1.3075   2.719947    7.83571    -0.0454    13.8155 0.0000e+00  -62.32083  -62.81917 1154466281 213.878267    33.9702      76687         20  0.000e+00
     48.880    -1.3212   2.718299    -1.3050   2.720074    7.83573    -0.0123    13.8155 0.0000e+00  -62.32083  -62.81917 1154466281 213.878267    33.9699      76688         20  0.000e+00
     48.880    -1.3210   2.718260    -1.3064   2.719982    7.83573    -0.0343    13.8155 0.0000e+00  -62.32083  -62.81917 1154466281 213.878268    33.9691      76689         20  0.000e+00
     48.803    -1.3220   2.718211    -1.3118   2.719584    7.83585     0.0207    13.8155 0.0000e+00  -62.32083  -62.81917 1154466281 213.878268    33.9697      76690         20  0.000e+00
     48.803    -1.3223   2.718188    -1.3148   2.719239    7.83590     0.0318    13.8155 0.0000e+00  -62.32083  -62.81917 1154466281 213.878269    33.9696      76691         20  0.000e+00
     48.803    -1.3226   2.718116    -1.3156   2.719084    7.84076     0.0538    13.8155 0.0000e+00  -62.32083  -62.81917 1154466281 213.878269    33.9690      76692         20  0.000e+00
     48.803    -1.3226   2.718080    -1.3171   2.718980    7.83603     0.0758    13.8155 0.0000e+00  -62.32083  -62.81917 1154466281 213.878270    33.9685      76693         20  0.000e+00
     48.803    -1.3226   2.718090    -1.3192   2.718837    7.83603     0.0318    13.8155 0.0000e+00  -62.32083  -62.81917 1154466281 213.878270    33.9687      76694         20  0.000e+00
     48.737    -1.3230   2.718074    -1.3200   2.718681    7.83603    -0.0343    13.8155 0.0000e+00  -62.32083  -62.81917 1154466281 213.878271    33.9690      76695         20  0.000e+00
     48.670    -1.3232   2.718057    -1.3206   2.718647    7.84076     0.0538    13.8155 0.0000e+00  -62.32083  -62.81917 1154466281 213.878271    33.9690      76696         20  0.000e+00
     48.880    -1.3232   2.718034    -1.3209   2.718681    7.84577     0.0538    13.8155 0.0000e+00  -62.32083  -62.81917 1154466281 213.878272    33.9685      76697         20  0.000e+00
     48.660    -1.3226   2.718047    -1.3206   2.718767    7.84543     0.0428    13.8155 0.0000e+00  -62.32083  -62.81917 1154466282 213.878272    33.9682      76698         20  0.000e+00
     48.737    -1.3227   2.718077    -1.3207   2.718739    7.84551    -0.0123    13.8155 0.0000e+00  -62.32083  -62.81917 1154466282 213.878273    33.9687      76699         20  0.000e+00
     48.670    -1.3229   2.718077    -1.3201   2.718739    7.83593    -0.0343    13.8155 0.0000e+00  -62.32083  -62.81917 1154466282 213.878273    33.9689      76700         20  0.000e+00
     48.737    -1.3230   2.718057    -1.3201   2.718687    7.84557    -0.0343    13.8155 0.0000e+00  -62.32083  -62.81917 1154466282 213.878274    33.9687      76701         20  0.000e+00
     48.670    -1.3230   2.718034    -1.3204   2.718670    7.84074    -0.0123    13.8155 0.0000e+00  -62.32083  -62.81917 1154466282 213.878274    33.9684      76702         20  0.000e+00
     48.670    -1.3235   2.718015    -1.3203   2.718670    7.84084     0.0207    13.8155 0.0000e+00  -62.32083  -62.81917 1154466282 213.878274    33.9687      76703         20  0.000e+00
     48.670    -1.3232   2.718051    -1.3195   2.718727    7.84553    -0.0564    13.8155 0.0000e+00  -62.32083  -62.81917 1154466282 213.878275    33.9689      76704         20  0.000e+00
     48.670    -1.3230   2.718106    -1.3192   2.718750    7.84546    -0.0564    13.8155 0.0000e+00  -62.32083  -62.81917 1154466282 213.878275    33.9694      76705         20  0.000e+00
     48.670    -1.3222   2.718201    -1.3189   2.718802    7.84526    -0.0123    13.8155 0.0000e+00  -62.32083  -62.81917 1154466282 213.878276    33.9698      76706         20  0.000e+00
     48.737    -1.3210   2.718296    -1.3191   2.718785    7.84984    -0.0013    13.8155 0.0000e+00  -62.32083  -62.81917 1154466282 213.878276    33.9697      76707         20  0.000e+00
     48.670    -1.3206   2.718309    -1.3197   2.718716    7.84968     0.0097    13.8155 0.0000e+00  -62.32083  -62.81917 1154466282 213.878277    33.9694      76708         20  0.000e+00
     48.737    -1.3204   2.718247    -1.3198   2.718675    7.84978    -0.0013    13.8155 0.0000e+00  -62.32083  -62.81917 1154466282 213.878277    33.9684      76709         20  0.000e+00
     48.737    -1.3214   2.718129    -1.3198   2.718687    7.85003     0.0207    13.8155 0.0000e+00  -62.32083  -62.81917 1154466282 213.878278    33.9679      76710         20  0.000e+00
     50.494    -1.2911   2.720902    -1.2936   2.721133    7.94502     0.0538    13.8155 0.0000e+00  -62.32083  -62.81917 1154466293 213.878404    33.9704      76971         21  0.000e+00
     50.560    -1.2904   2.720991    -1.2943   2.721098    7.94493     0.0318    13.8155 0.0000e+00  -62.32083  -62.81917 1154466293 213.878404    33.9709      76972         21  0.000e+00
     50.560    -1.2896   2.721046    -1.2943   2.721052    7.94475    -0.0123    13.8155 0.0000e+00  -62.32083  -62.81917 1154466293 213.878405    33.9706      76973         21  0.000e+00
     50.494    -1.2898   2.721072    -1.2942   2.721046    7.94469    -0.0343    13.8155 0.0000e+00  -62.32083  -62.81917 1154466293 213.878405    33.9713      76974         21  0.000e+00
     50.494    -1.2900   2.721128    -1.2929   2.721092    7.94468    -0.0343    13.8155 0.0000e+00  -62.32083  -62.81917 1154466293 213.878406    33.9723      76975         21  0.000e+00
     50.494    -1.2894   2.721095    -1.2923   2.721156    7.93984    -0.0343    13.8155 0.0000e+00  -62.32083  -62.81917 1154466293 213.878406    33.9711      76976         21  0.000e+00
     50.417    -1.2911   2.720896    -1.2929   2.721156    7.94495     0.0207    13.8155 0.0000e+00  -62.32083  -62.81917 1154466293 213.878407    33.9705      76977         21  0.000e+00
     50.351    -1.2929   2.720739    -1.2940   2.721058    7.94528     0.0207    13.8155 0.0000e+00  -62.32083  -62.81917 1154466293 213.878407    33.9704      76978         21  0.000e+00
     50.484    -1.2940   2.720690    -1.2939   2.721000    7.94564     0.0097    13.8155 0.0000e+00  -62.32083  -62.81917 1154466293 213.878408    33.9708      76979         21  0.000e+00
     50.284    -1.2939   2.720683    -1.2948   2.720994    7.94541     0.0648    13.8155 0.0000e+00  -62.32083  -62.81917 1154466293 213.878408    33.9707      76980         21  0.000e+00
     50.351    -1.2940   2.720683    -1.2943   2.720943    7.94550     0.0538    13.8155 0.0000e+00  -62.32083  -62.81917 1154466293 213.878409    33.9708      76981         21  0.000e+00
     50.351    -1.2948   2.720585    -1.2955   2.720914    7.94570    -0.0233    13.8155 0.0000e+00  -62.32083  -62.81917 1154466293 213.878409    33.9704      76982         21  0.000e+00
     50.284    -1.2963   2.720484    -1.2957   2.720874    7.94595    -0.0123    13.8155 0.0000e+00  -62.32083  -62.81917 1154466293 213.878410    33.9708      76983         21  0.000e+00
     50.208    -1.2962   2.720435    -1.2959   2.720851    7.94588     0.0428    13.8155 0.0000e+00  -62.32083  -62.81917 1154466293 213.878410    33.9700      76984         21  0.000e+00
     50.208    -1.2971   2.720422    -1.2965   2.720816    7.94604     0.0758    13.8155 0.0000e+00  -62.32083  -62.81917 1154466293 213.878410    33.9709      76985         21  0.000e+00
     50.208    -1.2969   2.720386    -1.2959   2.720787    7.94603    -0.0233    13.8155 0.0000e+00  -62.32083  -62.81917 1154466294 213.878411    33.9702      76986         21  0.000e+00
     50.141    -1.2976   2.720363    -1.2966   2.720764    7.94608     0.0097    13.8155 0.0000e+00  -62.32083  -62.81917 1154466294 213.878411    33.9706      76987         21  0.000e+00
     50.141    -1.2978   2.720340    -1.2966   2.720747    7.94614     0.0097    13.8155 0.0000e+00  -62.32083  -62.81917 1154466294 213.878412    33.9706      76988         21  0.000e+00
     50.141    -1.2976   2.720334    -1.2966   2.720753    7.94610    -0.1004    13.8155 0.0000e+00  -62.32083  -62.81917 1154466294 213.878412    33.9702      76989         21  0.000e+00
     50.074    -1.2977   2.720353    -1.2971   2.720718    7.94604    -0.0784    13.8155 0.0000e+00  -62.32083  -62.81917 1154466294 213.878413    33.9707      76990         21  0.000e+00
     49.998    -1.2978   2.720357    -1.2971   2.720712    7.94597    -0.0784    13.8155 0.0000e+00  -62.32083  -62.81917 1154466294 213.878413    33.9709      76991         21  0.000e+00
     49.998    -1.2978   2.720357    -1.2972   2.720724    7.94597    -0.0894    13.8155 0.0000e+00  -62.32083  -62.81917 1154466294 213.878414    33.9709      76992         21  0.000e+00
     49.998    -1.2979   2.720376    -1.2968   2.720730    7.94596    -0.0454    13.8155 0.0000e+00  -62.32083  -62.81917 1154466294 213.878414    33.9713      76993         21  0.000e+00
     49.931    -1.2976   2.720363    -1.2968   2.720741    7.94585    -0.0784    13.8155 0.0000e+00  -62.32083  -62.81917 1154466294 213.878415    33.9708      76994         21  0.000e+00
     49.931    -1.2974   2.720386    -1.2966   2.720753    7.94581    -0.0894    13.8155 0.0000e+00  -62.32083  -62.81917 1154466294 213.878415    33.9709      76995         21  0.000e+00
     49.655    -1.2969   2.720399    -1.2971   2.720735    7.94541    -0.0674    13.8155 0.0000e+00  -62.32083  -62.81917 1154466294 213.878416    33.9707      76996         21  0.000e+00
     49.998    -1.2971   2.720383    -1.2969   2.720701    7.94583    -0.0564    13.8155 0.0000e+00  -62.32083  -62.81917 1154466294 213.878416    33.9705      76997         21  0.000e+00
     49.864    -1.2968   2.720376    -1.2974   2.720678    7.94564    -0.0674    13.8155 0.0000e+00  -62.32083  -62.81917 1154466294 213.878417    33.9701      76998         21  0.000e+00
     49.721    -1.2972   2.720331    -1.2977   2.720638    7.95035    -0.0564    13.8155 0.0000e+00  -62.32083  -62.81917 1154466294 213.878417    33.9701      76999         21  0.000e+00
     49.721    -1.2973   2.720347    -1.2975   2.720626    7.94558    -0.0564    13.8155 0.0000e+00  -62.32083  -62.81917 1154466294 213.878418    33.9703      77000         21  0.000e+00
     49.721    -1.2977   2.720357    -1.2977   2.720638    7.94564    -0.0343    13.8155 0.0000e+00  -62.32083  -62.81917 1154466294 213.878418    33.9710      77001         21  0.000e+00
     49.655    -1.2974   2.720278    -1.2986   2.720609    7.94558    -0.0123    13.8155 0.0000e+00  -62.32083  -62.81917 1154466294 213.878419    33.9696      77002         21  0.000e+00
     49.655    -1.2983   2.720213    -1.2983   2.720580    7.94578    -0.0123    13.8155 0.0000e+00  -62.32083  -62.81917 1154466294 213.878419    33.9697      77003         21  0.000e+00
     49.578    -1.2983   2.720203    -1.2994   2.720488    7.95046    -0.0343    13.8155 0.0000e+00  -62.32083  -62.81917 1154466294 213.878420    33.9696      77004         21  0.000e+00
     49.578    -1.2986   2.720239    -1.2996   2.720425    7.95048    -0.0564    13.8155 0.0000e+00  -62.32083  -62.81917 1154466294 213.878420    33.9705      77005         21  0.000e+00
     49.512    -1.2982   2.720281    -1.3000   2.720436    7.94555    -0.0343    13.8155 0.0000e+00  -62.32083  -62.81917 1154466294 213.878421    33.9706      77006         21  0.000e+00
     49.435    -1.2986   2.720291    -1.2994   2.720413    7.95028    -0.0674    13.8155 0.0000e+00  -62.32083  -62.81917 1154466294 213.878421    33.9713      77007         21  0.000e+00
     49.445    -1.2985   2.720275    -1.2995   2.720413    7.94552    -0.0013    13.8155 0.0000e+00  -62.32083  -62.81917 1154466294 213.878422    33.9709      77008         21  0.000e+00
     49.445    -1.2983   2.720268    -1.2995   2.720471    7.94550    -0.0123    13.8155 0.0000e+00  -62.32083  -62.81917 1154466295 213.878422    33.9706      77009         21  0.000e+00
     49.369    -1.2983   2.720232    -1.2998   2.720436    7.94544    -0.0564    13.8155 0.0000e+00  -62.32083  -62.81917 1154466295 213.878423    33.9702      77010         21  0.000e+00
     49.369    -1.2987   2.720226    -1.2997   2.720425    7.94550    -0.0564    13.8155 0.0000e+00  -62.32083  -62.81917 1154466295 213.878423    33.9705      77011         21  0.000e+00
