product_data/regression_test/downloaded_data/MDGS/320620060703/ctd/p6622101.ros
* Sea-Bird SBE 9 Data File:
* FileName = D:\Data\Raw\p6622101.dat
* Software Version Seasave Win32 V 5.32
* Temperature SN = 1649
* Conductivity SN = 1431
* Number of Bytes Per Scan = 37
* Number of Voltage Words = 5
* Number of Scans Averaged by the Deck Unit = 1
* NMEA Latitude = 62 37.28 S
* NMEA Longitude = 057 52.53 W
* NMEA UTC (Time) = 09:18:39
** Ship:   Nathaniel B. Palmer 
** Cruise:    NBP0606 
# nquan = 17
# nvalues = 1176                    
# units = specified
# name 0 = prDM: Pressure, Digiquartz [db]
# name 1 = t090C: Temperature [ITS-90, deg C]
# name 2 = c0S/m: Conductivity [S/m]
# name 3 = t190C: Temperature, 2 [ITS-90, deg C]
# name 4 = c1S/m: Conductivity, 2 [S/m]
# name 5 = sbeox0ML/L: Oxygen, SBE 43 [ml/l]
# name 6 = flECO-AFL: Fluorescence, Wetlab ECO-AFL/FL [mg/m^3]
# name 7 = bat: Beam Attenuation, Chelsea/Seatech/Wetlab CStar [1/m]
# name 8 = spar: SPAR/Surface Irradiance
# name 9 = latitude: Latitude [deg]
# name 10 = longitude: Longitude [deg]
# name 11 = timeY: Time, System [seconds]
# name 12 = timeJ: Julian Days
# name 13 = sal00: Salinity [PSU]
# name 14 = scan: scan number
# name 15 = nbf: number of bottles fired
# name 16 = flag:  0.000e+00
# interval = seconds: 0.0416667                   
# start_time = Aug 03 2006 09:19:19
*END*
[from data line 1107]
     10.015    -1.8136   2.700072    -1.8137   2.700328    7.72264    -0.1225    13.8155 0.0000e+00  -62.62133  -57.87550 1154600748 215.434594    34.3072      95760         23  0.000e+00
     10.082    -1.8138   2.700039    -1.8135   2.700317    7.72277    -0.1114    13.8155 0.0000e+00  -62.62133  -57.87550 1154600748 215.434595    34.3071      95761         23  0.000e+00
     10.044    -1.8138   2.700049    -1.8139   2.700311    7.72273    -0.0564    13.8155 0.0000e+00  -62.62133  -57.87550 1154600748 215.434595    34.3073      95762         23  0.000e+00
     10.082    -1.8135   2.700049    -1.8138   2.700334    7.72272    -0.0674    13.8155 0.0000e+00  -62.62133  -57.87550 1154600748 215.434596    34.3068      95763         23  0.000e+00
     10.044    -1.8137   2.700033    -1.8135   2.700345    7.71793    -0.0564    13.8155 0.0000e+00  -62.62133  -57.87550 1154600748 215.434596    34.3069      95764         23  0.000e+00
     10.082    -1.8136   2.700030    -1.8132   2.700282    7.72275    -0.0894    13.8155 0.0000e+00  -62.62133  -57.87550 1154600748 215.434597    34.3067      95765         23  0.000e+00
     10.082    -1.8137   2.700043    -1.8135   2.700300    7.72275    -0.0894    13.8155 0.0000e+00  -62.62133  -57.87550 1154600748 215.434597    34.3070      95766         23  0.000e+00
     10.044    -1.8138   2.700033    -1.8133   2.700294    7.72274    -0.0454    13.8155 0.0000e+00  -62.62133  -57.87550 1154600748 215.434598    34.3070      95767         23  0.000e+00
     10.082    -1.8138   2.700030    -1.8136   2.700294    7.72279    -0.0564    13.8155 0.0000e+00  -62.62133  -57.87550 1154600748 215.434598    34.3070      95768         23  0.000e+00
     10.015    -1.8141   2.700030    -1.8136   2.700328    7.72275     0.0097    13.8155 0.0000e+00  -62.62133  -57.87550 1154600749 215.434599    34.3073      95769         23  0.000e+00
     10.044    -1.8137   2.700043    -1.8139   2.700322    7.72271     0.0207    13.8155 0.0000e+00  -62.62133  -57.87550 1154600749 215.434599    34.3070      95770         23  0.000e+00
     10.015    -1.8135   2.700052    -1.8133   2.700317    7.72264    -0.0454    13.8155 0.0000e+00  -62.62133  -57.87550 1154600749 215.434600    34.3069      95771         23  0.000e+00
     10.044    -1.8134   2.700049    -1.8136   2.700334    7.72266    -0.0454    13.8155 0.0000e+00  -62.62133  -57.87550 1154600749 215.434600    34.3067      95772         23  0.000e+00
     10.015    -1.8136   2.700082    -1.8134   2.700340    7.72264     0.0428    13.8155 0.0000e+00  -62.62133  -57.87550 1154600749 215.434601    34.3075      95773         23  0.000e+00
     10.015    -1.8132   2.700075    -1.8135   2.700340    7.72258    -0.0343    13.8155 0.0000e+00  -62.62133  -57.87550 1154600749 215.434601    34.3069      95774         23  0.000e+00
     10.111    -1.8136   2.700072    -1.8136   2.700345    7.72275    -0.0233    13.8155 0.0000e+00  -62.62133  -57.87550 1154600749 215.434602    34.3073      95775         23  0.000e+00
     10.015    -1.8131   2.700056    -1.8139   2.700305    7.72257    -0.0343    13.8155 0.0000e+00  -62.62133  -57.87550 1154600749 215.434602    34.3065      95776         23  0.000e+00
     10.082    -1.8138   2.700049    -1.8138   2.700328    7.71798    -0.0343    13.8155 0.0000e+00  -62.62133  -57.87550 1154600749 215.434603    34.3072      95777         23  0.000e+00
     10.044    -1.8136   2.700069    -1.8136   2.700305    7.71788    -0.0233    13.8155 0.0000e+00  -62.62133  -57.87550 1154600749 215.434603    34.3072      95778         23  0.000e+00
     10.082    -1.8138   2.700056    -1.8139   2.700311    7.71798    -0.0013    13.8155 0.0000e+00  -62.62133  -57.87550 1154600749 215.434604    34.3073      95779         23  0.000e+00
     10.048    -1.8126   2.700137    -1.8127   2.700386    7.70811    -0.1004    13.8155 0.0000e+00  -62.62133  -57.87550 1154600757 215.434700    34.3070      95978         24  0.000e+00
     10.163    -1.8126   2.700137    -1.8126   2.700391    7.70824    -0.0894    13.8155 0.0000e+00  -62.62133  -57.87550 1154600757 215.434700    34.3070      95979         24  0.000e+00
     10.087    -1.8127   2.700153    -1.8129   2.700374    7.70816    -0.1335    13.8155 0.0000e+00  -62.62133  -57.87550 1154600757 215.434701    34.3074      95980         24  0.000e+00
     10.115    -1.8125   2.700144    -1.8127   2.700386    7.70816    -0.1004    13.8155 0.0000e+00  -62.62133  -57.87550 1154600757 215.434701    34.3069      95981         24  0.000e+00
     10.087    -1.8130   2.700137    -1.8127   2.700414    7.70822    -0.0674    13.8155 0.0000e+00  -62.62133  -57.87550 1154600757 215.434701    34.3075      95982         24  0.000e+00
     10.163    -1.8125   2.700153    -1.8127   2.700357    7.70820    -0.0013    13.8155 0.0000e+00  -62.62133  -57.87550 1154600757 215.434702    34.3070      95983         24  0.000e+00
     10.048    -1.8127   2.700144    -1.8132   2.700357    7.70813    -0.0123    13.8155 0.0000e+00  -62.62133  -57.87550 1154600757 215.434702    34.3073      95984         24  0.000e+00
     10.163    -1.8128   2.700153    -1.8132   2.700368    7.71304    -0.1004    13.8155 0.0000e+00  -62.62133  -57.87550 1154600758 215.434703    34.3074      95985         24  0.000e+00
     10.115    -1.8126   2.700127    -1.8132   2.700403    7.71298    -0.0564    13.8155 0.0000e+00  -62.62133  -57.87550 1154600758 215.434703    34.3068      95986         24  0.000e+00
     10.087    -1.8125   2.700166    -1.8127   2.700420    7.71290    -0.0013    13.8155 0.0000e+00  -62.62133  -57.87550 1154600758 215.434704    34.3073      95987         24  0.000e+00
     10.087    -1.8126   2.700147    -1.8129   2.700420    7.71293    -0.0233    13.8155 0.0000e+00  -62.62133  -57.87550 1154600758 215.434704    34.3071      95988         24  0.000e+00
     10.115    -1.8123   2.700137    -1.8123   2.700403    7.70814    -0.0343    13.8155 0.0000e+00  -62.62133  -57.87550 1154600758 215.434705    34.3067      95989         24  0.000e+00
     10.087    -1.8127   2.700157    -1.8127   2.700391    7.71295    -0.0454    13.8155 0.0000e+00  -62.62133  -57.87550 1154600758 215.434705    34.3074      95990         24  0.000e+00
     10.163    -1.8123   2.700144    -1.8129   2.700391    7.71298    -0.0343    13.8155 0.0000e+00  -62.62133  -57.87550 1154600758 215.434706    34.3067      95991         24  0.000e+00
     10.049    -1.8133   2.700137    -1.8127   2.700414    7.71302     0.0097    13.8155 0.0000e+00  -62.62133  -57.87550 1154600758 215.434706    34.3079      95992         24  0.000e+00
     10.163    -1.8126   2.700137    -1.8126   2.700403    7.71303     0.0318    13.8155 0.0000e+00  -62.62133  -57.87550 1154600758 215.434707    34.3070      95993         24  0.000e+00
     10.049    -1.8124   2.700124    -1.8126   2.700391    7.71288    -0.0343    13.8155 0.0000e+00  -62.62133  -57.87550 1154600758 215.434707    34.3066      95994         24  0.000e+00
     10.163    -1.8126   2.700166    -1.8127   2.700432    7.71300    -0.1004    13.8155 0.0000e+00  -62.62133  -57.87550 1154600758 215.434708    34.3074      95995         24  0.000e+00
     10.087    -1.8124   2.700163    -1.8129   2.700409    7.71289    -0.1335    13.8155 0.0000e+00  -62.62133  -57.87550 1154600758 215.434708    34.3072      95996         24  0.000e+00
     10.115    -1.8125   2.700160    -1.8127   2.700414    7.71294    -0.0564    13.8155 0.0000e+00  -62.62133  -57.87550 1154600758 215.434709    34.3072      95997         24  0.000e+00
     10.087    -1.8124   2.700176    -1.8130   2.700420    7.71288    -0.1004    13.8155 0.0000e+00  -62.62133  -57.87550 1154600758 215.434709    34.3073      95998         24  0.000e+00
     10.087    -1.8121   2.700183    -1.8126   2.700420    7.71284    -0.0674    13.8155 0.0000e+00  -62.62133  -57.87550 1154600758 215.434710    34.3071      95999         24  0.000e+00
     10.116    -1.8124   2.700199    -1.8127   2.700420    7.71290     0.0207    13.8155 0.0000e+00  -62.62133  -57.87550 1154600758 215.434710    34.3076      96000         24  0.000e+00
     10.087    -1.8123   2.700170    -1.8130   2.700420    7.71287    -0.0343    13.8155 0.0000e+00  -62.62133  -57.87550 1154600758 215.434711    34.3071      96001         24  0.000e+00
     10.116    -1.8124   2.700189    -1.8127   2.700403    7.71290    -0.1004    13.8155 0.0000e+00  -62.62133  -57.87550 1154600758 215.434711    34.3075      96002         24  0.000e+00
     10.087    -1.8126   2.700173    -1.8129   2.700432    7.71292    -0.1114    13.8155 0.0000e+00  -62.62133  -57.87550 1154600758 215.434712    34.3075      96003         24  0.000e+00
     10.087    -1.8124   2.700176    -1.8129   2.700409    7.71288    -0.1225    13.8155 0.0000e+00  -62.62133  -57.87550 1154600758 215.434712    34.3073      96004         24  0.000e+00
     10.116    -1.8125   2.700163    -1.8129   2.700414    7.71293    -0.0013    13.8155 0.0000e+00  -62.62133  -57.87550 1154600758 215.434713    34.3072      96005         24  0.000e+00
     10.087    -1.8124   2.700179    -1.8130   2.700380    7.71288    -0.0343    13.8155 0.0000e+00  -62.62133  -57.87550 1154600758 215.434713    34.3074      96006         24  0.000e+00
     10.087    -1.8126   2.700183    -1.8128   2.700328    7.71291    -0.0454    13.8155 0.0000e+00  -62.62133  -57.87550 1154600758 215.434714    34.3077      96007         24  0.000e+00
     10.116    -1.8126   2.700183    -1.8129   2.700351    7.71294    -0.0013    13.8155 0.0000e+00  -62.62133  -57.87550 1154600758 215.434714    34.3076      96008         24  0.000e+00
     10.087    -1.8126   2.700166    -1.8133   2.700305    7.71292    -0.0674    13.8155 0.0000e+00  -62.62133  -57.87550 1154600759 215.434715    34.3074      96009         24  0.000e+00
     10.049    -1.8118   2.700160    -1.8132   2.700288    7.71276    -0.1114    13.8155 0.0000e+00  -62.62133  -57.87550 1154600759 215.434715    34.3064      96010         24  0.000e+00
     10.163    -1.8126   2.700160    -1.8135   2.700294    7.71301    -0.0454    13.8155 0.0000e+00  -62.62133  -57.87550 1154600759 215.434715    34.3073      96011         24  0.000e+00
     10.087    -1.8123   2.700160    -1.8136   2.700294    7.71287    -0.0233    13.8155 0.0000e+00  -62.62133  -57.87550 1154600759 215.434716    34.3069      96012         24  0.000e+00
     10.049    -1.8123   2.700160    -1.8136   2.700328    7.71284    -0.0123    13.8155 0.0000e+00  -62.62133  -57.87550 1154600759 215.434716    34.3070      96013         24  0.000e+00
     10.087    -1.8121   2.700176    -1.8133   2.700305    7.71284     0.0207    13.8155 0.0000e+00  -62.62133  -57.87550 1154600759 215.434717    34.3070      96014         24  0.000e+00
     10.087    -1.8125   2.700150    -1.8135   2.700328    7.71291    -0.0454    13.8155 0.0000e+00  -62.62133  -57.87550 1154600759 215.434717    34.3070      96015         24  0.000e+00
     10.116    -1.8126   2.700170    -1.8138   2.700340    7.71295    -0.1445    13.8155 0.0000e+00  -62.62133  -57.87550 1154600759 215.434718    34.3074      96016         24  0.000e+00
     10.087    -1.8119   2.700183    -1.8141   2.700340    7.71279    -0.1225    13.8155 0.0000e+00  -62.62133  -57.87550 1154600759 215.434718    34.3068      96017         24  0.000e+00
     10.116    -1.8124   2.700183    -1.8133   2.700345    7.71291    -0.0564    13.8155 0.0000e+00  -62.62133  -57.87550 1154600759 215.434719    34.3074      96018         24  0.000e+00
     10.087    -1.8121   2.700166    -1.8133   2.700380    7.71285    -0.0784    13.8155 0.0000e+00  -62.62133  -57.87550 1154600759 215.434719    34.3069      96019         24  0.000e+00
     10.087    -1.8124   2.700140    -1.8132   2.700368    7.71291    -0.1225    13.8155 0.0000e+00  -62.62133  -57.87550 1154600759 215.434720    34.3068      96020         24  0.000e+00
     10.049    -1.8128   2.700157    -1.8130   2.700386    7.71291    -0.1004    13.8155 0.0000e+00  -62.62133  -57.87550 1154600759 215.434720    34.3075      96021         24  0.000e+00
     10.087    -1.8121   2.700160    -1.8129   2.700374    7.71285     0.0538    13.8155 0.0000e+00  -62.62133  -57.87550 1154600759 215.434721    34.3068      96022         24  0.000e+00
     10.087    -1.8123   2.700160    -1.8130   2.700368    7.71288     0.0097    13.8155 0.0000e+00  -62.62133  -57.87550 1154600759 215.434721    34.3070      96023         24  0.000e+00
     10.116    -1.8126   2.700160    -1.8133   2.700386    7.71295    -0.0343    13.8155 0.0000e+00  -62.62133  -57.87550 1154600759 215.434722    34.3073      96024         24  0.000e+00
     10.088    -1.8129   2.700127    -1.8129   2.700357    7.71300    -0.0564    13.8155 0.0000e+00  -62.62133  -57.87550 1154600759 215.434722    34.3073      96025         24  0.000e+00
     10.049    -1.8132   2.700118    -1.8132   2.700345    7.71301    -0.0564    13.8155 0.0000e+00  -62.62133  -57.87550 1154600759 215.434723    34.3075      96026         24  0.000e+00
