product_data/regression_test/downloaded_data/MDGS/320620060703/ctd/p6623103.cnv
* Sea-Bird SBE 9 Data File:
* FileName = D:\Data\Raw\p6623103.dat
* Software Version Seasave Win32 V 5.32
* Temperature SN = 1649
* Conductivity SN = 1431
* Number of Bytes Per Scan = 37
* Number of Voltage Words = 5
* Number of Scans Averaged by the Deck Unit = 1
* NMEA Latitude = 61 55.05 S
* NMEA Longitude = 053 03.29 W
* NMEA UTC (Time) = 04:30:49
** Ship:   Nathaniel B. Palmer 
** Cruise:    NBP0606 
# nquan = 15
# nvalues = 1942                        
# units = specified
# name 0 = prDM: Pressure, Digiquartz [db]
# name 1 = t090C: Temperature [ITS-90, deg C]
# name 2 = c0S/m: Conductivity [S/m]
# name 3 = t190C: Temperature, 2 [ITS-90, deg C]
# name 4 = c1S/m: Conductivity, 2 [S/m]
# name 5 = sbeox0ML/L: Oxygen, SBE 43 [ml/l]
# name 6 = flECO-AFL: Fluorescence, Wetlab ECO-AFL/FL [mg/m^3]
# name 7 = bat: Beam Attenuation, Chelsea/Seatech/Wetlab CStar [1/m]
# name 8 = spar: SPAR/Surface Irradiance
# name 9 = latitude: Latitude [deg]
# name 10 = longitude: Longitude [deg]
# name 11 = timeY: Time, System [seconds]
# name 12 = timeJ: Julian Days
# name 13 = sal00: Salinity [PSU]
# name 14 = flag: flag
# span 0 =      2.000,   1943.000       
# span 1 =    -1.7300,    -0.0746       
# span 2 =   2.720574,   2.950431       
# span 3 =    -1.7290,    -0.0746       
# span 4 =   2.720939,   2.950577       
# span 5 =    5.79343,    7.28749       
# span 6 =    -0.1472,     0.0867       
# span 7 =    13.8155,    13.8155       
# span 8 = -5.269e-03, 9.4212e-01       
# span 9 =  -61.91750,  -61.91750       
# span 10 =  -53.05483,  -53.05483      
# span 11 = 1154925192, 1154927650      
# span 12 = 219.189741, 219.218195      
# span 13 =    34.3178,    35.1088      
# span 14 = 0.0000e+00, 0.0000e+00      
# interval = decibars: 1                
# start_time = Aug 07 2006 04:32:17
# bad_flag = -9.990e-29
*END*
[from data line 1543]
   1545.000    -0.0884   2.937228    -0.0884   2.937376    5.81243    -0.1118    13.8155 0.0000e+00  -61.91750  -53.05483 1154927126 219.212132    34.6428 0.0000e+00
   1546.000    -0.0884   2.937272    -0.0883   2.937423    5.81429    -0.1391    13.8155 0.0000e+00  -61.91750  -53.05483 1154927127 219.212145    34.6429 0.0000e+00
   1547.000    -0.0885   2.937313    -0.0883   2.937461    5.81651    -0.0930    13.8155 0.0000e+00  -61.91750  -53.05483 1154927128 219.212158    34.6429 0.0000e+00
   1548.000    -0.0883   2.937364    -0.0884   2.937521    5.81568    -0.1191    13.8155 0.0000e+00  -61.91750  -53.05483 1154927130 219.212171    34.6428 0.0000e+00
   1549.000    -0.0882   2.937417    -0.0883   2.937562    5.81515    -0.1304    13.8155 0.0000e+00  -61.91750  -53.05483 1154927131 219.212184    34.6429 0.0000e+00
   1550.000    -0.0890   2.937399    -0.0889   2.937544    5.81578    -0.1075    13.8155 0.0000e+00  -61.91750  -53.05483 1154927132 219.212197    34.6430 0.0000e+00
   1551.000    -0.0892   2.937397    -0.0893   2.937537    5.81681    -0.1085    13.8155 0.0000e+00  -61.91750  -53.05483 1154927133 219.212210    34.6427 0.0000e+00
   1552.000    -0.0890   2.937455    -0.0892   2.937587    5.81629    -0.1206    13.8155 0.0000e+00  -61.91750  -53.05483 1154927134 219.212223    34.6427 0.0000e+00
   1553.000    -0.0882   2.937565    -0.0884   2.937711    5.81489    -0.1206    13.8155 0.0000e+00  -61.91750  -53.05483 1154927135 219.212236    34.6427 0.0000e+00
   1554.000    -0.0887   2.937567    -0.0887   2.937709    5.81513    -0.0937    13.8155 0.0000e+00  -61.91750  -53.05483 1154927136 219.212249    34.6427 0.0000e+00
   1555.000    -0.0888   2.937599    -0.0885   2.937766    5.81601    -0.1074    13.8155 0.0000e+00  -61.91750  -53.05483 1154927137 219.212262    34.6426 0.0000e+00
   1556.000    -0.0881   2.937735    -0.0881   2.937871    5.81685    -0.1053    13.8155 0.0000e+00  -61.91750  -53.05483 1154927139 219.212275    34.6431 0.0000e+00
   1557.000    -0.0880   2.937776    -0.0878   2.937947    5.81763    -0.1078    13.8155 0.0000e+00  -61.91750  -53.05483 1154927140 219.212287    34.6430 0.0000e+00
   1558.000    -0.0882   2.937787    -0.0883   2.937931    5.81852    -0.1199    13.8155 0.0000e+00  -61.91750  -53.05483 1154927141 219.212300    34.6428 0.0000e+00
   1559.000    -0.0888   2.937780    -0.0889   2.937924    5.81929    -0.0915    13.8155 0.0000e+00  -61.91750  -53.05483 1154927142 219.212313    34.6429 0.0000e+00
   1560.000    -0.0891   2.937787    -0.0891   2.937936    5.82003    -0.0986    13.8155 0.0000e+00  -61.91750  -53.05483 1154927143 219.212326    34.6427 0.0000e+00
   1561.000    -0.0890   2.937831    -0.0889   2.937988    5.81926    -0.1229    13.8155 0.0000e+00  -61.91750  -53.05483 1154927144 219.212339    34.6427 0.0000e+00
   1562.000    -0.0895   2.937821    -0.0894   2.937982    5.81613    -0.1324    13.8155 0.0000e+00  -61.91750  -53.05483 1154927145 219.212351    34.6426 0.0000e+00
   1563.000    -0.0895   2.937860    -0.0899   2.937997    5.81663    -0.1209    13.8155 0.0000e+00  -61.91750  -53.05483 1154927146 219.212364    34.6426 0.0000e+00
   1564.000    -0.0892   2.937938    -0.0890   2.938097    5.81739    -0.1097    13.8155 0.0000e+00  -61.91750  -53.05483 1154927147 219.212377    34.6427 0.0000e+00
   1565.000    -0.0891   2.938001    -0.0890   2.938156    5.81794    -0.1039    13.8155 0.0000e+00  -61.91750  -53.05483 1154927148 219.212390    34.6428 0.0000e+00
   1566.000    -0.0888   2.938072    -0.0887   2.938228    5.81782    -0.1077    13.8155 0.0000e+00  -61.91750  -53.05483 1154927150 219.212402    34.6428 0.0000e+00
   1567.000    -0.0887   2.938125    -0.0886   2.938279    5.81718    -0.1188    13.8155 0.0000e+00  -61.91750  -53.05483 1154927151 219.212415    34.6429 0.0000e+00
   1568.000    -0.0884   2.938182    -0.0883   2.938357    5.81520    -0.1110    13.8155 0.0000e+00  -61.91750  -53.05483 1154927152 219.212428    34.6428 0.0000e+00
   1569.000    -0.0885   2.938216    -0.0884   2.938396    5.81584    -0.1237    13.8155 0.0000e+00  -61.91750  -53.05483 1154927153 219.212441    34.6428 0.0000e+00
   1570.000    -0.0883   2.938293    -0.0882   2.938445    5.81692    -0.1042    13.8155 0.0000e+00  -61.91750  -53.05483 1154927154 219.212454    34.6430 0.0000e+00
   1571.000    -0.0884   2.938319    -0.0883   2.938486    5.81761    -0.1099    13.8155 0.0000e+00  -61.91750  -53.05483 1154927155 219.212467    34.6430 0.0000e+00
   1572.000    -0.0881   2.938389    -0.0886   2.938502    5.81865    -0.1047    13.8155 0.0000e+00  -61.91750  -53.05483 1154927156 219.212480    34.6430 0.0000e+00
   1573.000    -0.0895   2.938294    -0.0898   2.938424    5.82008    -0.1247    13.8155 0.0000e+00  -61.91750  -53.05483 1154927157 219.212493    34.6428 0.0000e+00
   1574.000    -0.0915   2.938155    -0.0918   2.938277    5.82103    -0.0953    13.8155 0.0000e+00  -61.91750  -53.05483 1154927159 219.212506    34.6428 0.0000e+00
   1575.000    -0.0907   2.938280    -0.0910   2.938402    5.82256    -0.1216    13.8155 0.0000e+00  -61.91750  -53.05483 1154927160 219.212518    34.6429 0.0000e+00
   1576.000    -0.0910   2.938304    -0.0910   2.938462    5.82446    -0.1264    13.8155 0.0000e+00  -61.91750  -53.05483 1154927161 219.212531    34.6429 0.0000e+00
   1577.000    -0.0910   2.938346    -0.0910   2.938492    5.82363    -0.1249    13.8155 0.0000e+00  -61.91750  -53.05483 1154927162 219.212544    34.6430 0.0000e+00
   1578.000    -0.0897   2.938538    -0.0897   2.938681    5.82295    -0.1307    13.8155 0.0000e+00  -61.91750  -53.05483 1154927163 219.212557    34.6435 0.0000e+00
   1579.000    -0.0890   2.938641    -0.0891   2.938779    5.82348    -0.1142    13.8155 0.0000e+00  -61.91750  -53.05483 1154927164 219.212569    34.6435 0.0000e+00
   1580.000    -0.0883   2.938746    -0.0885   2.938880    5.82240    -0.1117    13.8155 0.0000e+00  -61.91750  -53.05483 1154927165 219.212582    34.6436 0.0000e+00
   1581.000    -0.0878   2.938846    -0.0880   2.938972    5.82032    -0.1021    13.8155 0.0000e+00  -61.91750  -53.05483 1154927166 219.212595    34.6437 0.0000e+00
   1582.000    -0.0883   2.938834    -0.0883   2.938976    5.81910    -0.0886    13.8155 0.0000e+00  -61.91750  -53.05483 1154927167 219.212607    34.6436 0.0000e+00
   1583.000    -0.0881   2.938883    -0.0882   2.939025    5.81841    -0.0939    13.8155 0.0000e+00  -61.91750  -53.05483 1154927168 219.212620    34.6435 0.0000e+00
   1584.000    -0.0881   2.938929    -0.0882   2.939076    5.81664    -0.1215    13.8155 0.0000e+00  -61.91750  -53.05483 1154927169 219.212633    34.6435 0.0000e+00
   1585.000    -0.0883   2.938934    -0.0885   2.939075    5.81691    -0.1181    13.8155 0.0000e+00  -61.91750  -53.05483 1154927171 219.212645    34.6433 0.0000e+00
   1586.000    -0.0878   2.939035    -0.0877   2.939206    5.81768    -0.1138    13.8155 0.0000e+00  -61.91750  -53.05483 1154927172 219.212658    34.6435 0.0000e+00
   1587.000    -0.0880   2.939060    -0.0880   2.939204    5.81840    -0.1128    13.8155 0.0000e+00  -61.91750  -53.05483 1154927173 219.212671    34.6435 0.0000e+00
   1588.000    -0.0887   2.939027    -0.0885   2.939208    5.81924    -0.1023    13.8155 0.0000e+00  -61.91750  -53.05483 1154927174 219.212684    34.6433 0.0000e+00
   1589.000    -0.0885   2.939084    -0.0887   2.939189    5.82004    -0.1062    13.8155 0.0000e+00  -61.91750  -53.05483 1154927175 219.212696    34.6432 0.0000e+00
   1590.000    -0.0883   2.939104    -0.0883   2.939240    5.82090    -0.0925    13.8155 0.0000e+00  -61.91750  -53.05483 1154927176 219.212709    34.6427 0.0000e+00
   1591.000    -0.0879   2.939141    -0.0879   2.939301    5.82102    -0.1067    13.8155 0.0000e+00  -61.91750  -53.05483 1154927177 219.212722    34.6423 0.0000e+00
   1592.000    -0.0879   2.939179    -0.0879   2.939333    5.81976    -0.1239    13.8155 0.0000e+00  -61.91750  -53.05483 1154927178 219.212735    34.6423 0.0000e+00
   1593.000    -0.0881   2.939208    -0.0880   2.939364    5.81965    -0.0960    13.8155 0.0000e+00  -61.91750  -53.05483 1154927179 219.212747    34.6423 0.0000e+00
   1594.000    -0.0885   2.939223    -0.0884   2.939385    5.82151    -0.0933    13.8155 0.0000e+00  -61.91750  -53.05483 1154927180 219.212760    34.6424 0.0000e+00
   1595.000    -0.0874   2.939430    -0.0873   2.939574    5.81943    -0.0960    13.8155 0.0000e+00  -61.91750  -53.05483 1154927182 219.212773    34.6433 0.0000e+00
   1596.000    -0.0870   2.939535    -0.0871   2.939676    5.81977    -0.1123    13.8155 0.0000e+00  -61.91750  -53.05483 1154927183 219.212785    34.6437 0.0000e+00
   1597.000    -0.0860   2.939649    -0.0858   2.939822    5.82068    -0.1045    13.8155 0.0000e+00  -61.91750  -53.05483 1154927184 219.212798    34.6435 0.0000e+00
   1598.000    -0.0874   2.939526    -0.0877   2.939668    5.82137    -0.0788    13.8155 0.0000e+00  -61.91750  -53.05483 1154927185 219.212811    34.6429 0.0000e+00
   1599.000    -0.0874   2.939590    -0.0872   2.939754    5.82196    -0.1281    13.8155 0.0000e+00  -61.91750  -53.05483 1154927186 219.212823    34.6433 0.0000e+00
   1600.000    -0.0874   2.939618    -0.0879   2.939723    5.82274    -0.1089    13.8155 0.0000e+00  -61.91750  -53.05483 1154927187 219.212836    34.6431 0.0000e+00
   1601.000    -0.0882   2.939610    -0.0881   2.939760    5.82349    -0.1142    13.8155 0.0000e+00  -61.91750  -53.05483 1154927188 219.212848    34.6433 0.0000e+00
   1602.000    -0.0878   2.939684    -0.0878   2.939834    5.82344    -0.1057    13.8155 0.0000e+00  -61.91750  -53.05483 1154927189 219.212861    34.6433 0.0000e+00
   1603.000    -0.0866   2.939866    -0.0865   2.940010    5.82062    -0.0969    13.8155 0.0000e+00  -61.91750  -53.05483 1154927190 219.212874    34.6438 0.0000e+00
   1604.000    -0.0866   2.939905    -0.0865   2.940054    5.81998    -0.0975    13.8155 0.0000e+00  -61.91750  -53.05483 1154927191 219.212886    34.6438 0.0000e+00
   1605.000    -0.0864   2.939962    -0.0860   2.940153    5.81916    -0.1363    13.8155 0.0000e+00  -61.91750  -53.05483 1154927193 219.212899    34.6437 0.0000e+00
   1606.000    -0.0857   2.940093    -0.0855   2.940256    5.81908    -0.1288    13.8155 0.0000e+00  -61.91750  -53.05483 1154927194 219.212911    34.6441 0.0000e+00
   1607.000    -0.0859   2.940112    -0.0857   2.940272    5.81900    -0.1103    13.8155 0.0000e+00  -61.91750  -53.05483 1154927195 219.212924    34.6440 0.0000e+00
   1608.000    -0.0855   2.940201    -0.0853   2.940361    5.81971    -0.1263    13.8155 0.0000e+00  -61.91750  -53.05483 1154927196 219.212936    34.6442 0.0000e+00
   1609.000    -0.0850   2.940279    -0.0850   2.940425    5.81891    -0.1253    13.8155 0.0000e+00  -61.91750  -53.05483 1154927197 219.212949    34.6442 0.0000e+00
   1610.000    -0.0854   2.940287    -0.0853   2.940445    5.81926    -0.1343    13.8155 0.0000e+00  -61.91750  -53.05483 1154927198 219.212962    34.6441 0.0000e+00
   1611.000    -0.0856   2.940301    -0.0856   2.940456    5.82014    -0.1203    13.8155 0.0000e+00  -61.91750  -53.05483 1154927199 219.212975    34.6440 0.0000e+00
   1612.000    -0.0858   2.940332    -0.0858   2.940473    5.82072    -0.1074    13.8155 0.0000e+00  -61.91750  -53.05483 1154927200 219.212988    34.6441 0.0000e+00
   1613.000    -0.0857   2.940369    -0.0859   2.940516    5.82121    -0.1100    13.8155 0.0000e+00  -61.91750  -53.05483 1154927201 219.213001    34.6440 0.0000e+00
   1614.000    -0.0869   2.940316    -0.0863   2.940524    5.82070    -0.0882    13.8155 0.0000e+00  -61.91750  -53.05483 1154927202 219.213013    34.6441 0.0000e+00
   1615.000    -0.0876   2.940362    -0.0876   2.940511    5.82128    -0.0990    13.8155 0.0000e+00  -61.91750  -53.05483 1154927203 219.213026    34.6450 0.0000e+00
   1616.000    -0.0859   2.940490    -0.0861   2.940624    5.82004    -0.0864    13.8155 0.0000e+00  -61.91750  -53.05483 1154927205 219.213038    34.6441 0.0000e+00
   1617.000    -0.0855   2.940556    -0.0854   2.940705    5.82032    -0.1051    13.8155 0.0000e+00  -61.91750  -53.05483 1154927206 219.213050    34.6441 0.0000e+00
   1618.000    -0.0854   2.940610    -0.0853   2.940763    5.82255    -0.1187    13.8155 0.0000e+00  -61.91750  -53.05483 1154927207 219.213063    34.6440 0.0000e+00
   1619.000    -0.0878   2.940516    -0.0883   2.940648    5.82149    -0.1185    13.8155 0.0000e+00  -61.91750  -53.05483 1154927208 219.213076    34.6450 0.0000e+00
   1620.000    -0.0889   2.940511    -0.0890   2.940648    5.82203    -0.1070    13.8155 0.0000e+00  -61.91750  -53.05483 1154927209 219.213088    34.6457 0.0000e+00
   1621.000    -0.0883   2.940595    -0.0882   2.940744    5.82024    -0.1143    13.8155 0.0000e+00  -61.91750  -53.05483 1154927210 219.213102    34.6455 0.0000e+00
   1622.000    -0.0878   2.940660    -0.0888   2.940767    5.81832    -0.1352    13.8155 0.0000e+00  -61.91750  -53.05483 1154927211 219.213115    34.6453 0.0000e+00
   1623.000    -0.0874   2.940714    -0.0875   2.940849    5.81898    -0.1213    13.8155 0.0000e+00  -61.91750  -53.05483 1154927212 219.213129    34.6449 0.0000e+00
   1624.000    -0.0878   2.940716    -0.0877   2.940874    5.81996    -0.1296    13.8155 0.0000e+00  -61.91750  -53.05483 1154927214 219.213142    34.6449 0.0000e+00
   1625.000    -0.0870   2.940866    -0.0869   2.941031    5.81904    -0.1262    13.8155 0.0000e+00  -61.91750  -53.05483 1154927215 219.213156    34.6454 0.0000e+00
   1626.000    -0.0892   2.940798    -0.0890   2.940954    5.81757    -0.1167    13.8155 0.0000e+00  -61.91750  -53.05483 1154927216 219.213169    34.6464 0.0000e+00
   1627.000    -0.0898   2.940784    -0.0896   2.940946    5.81633    -0.1108    13.8155 0.0000e+00  -61.91750  -53.05483 1154927217 219.213182    34.6465 0.0000e+00
   1628.000    -0.0882   2.940954    -0.0883   2.941087    5.81656    -0.1220    13.8155 0.0000e+00  -61.91750  -53.05483 1154927218 219.213195    34.6463 0.0000e+00
   1629.000    -0.0875   2.941052    -0.0877   2.941201    5.81730    -0.0875    13.8155 0.0000e+00  -61.91750  -53.05483 1154927219 219.213208    34.6462 0.0000e+00
   1630.000    -0.0878   2.941071    -0.0879   2.941217    5.81810    -0.0972    13.8155 0.0000e+00  -61.91750  -53.05483 1154927220 219.213220    34.6463 0.0000e+00
   1631.000    -0.0881   2.941095    -0.0879   2.941249    5.81880    -0.1132    13.8155 0.0000e+00  -61.91750  -53.05483 1154927221 219.213233    34.6464 0.0000e+00
   1632.000    -0.0885   2.941092    -0.0884   2.941257    5.81956    -0.1096    13.8155 0.0000e+00  -61.91750  -53.05483 1154927222 219.213245    34.6463 0.0000e+00
   1633.000    -0.0883   2.941162    -0.0883   2.941306    5.81973    -0.1236    13.8155 0.0000e+00  -61.91750  -53.05483 1154927224 219.213258    34.6465 0.0000e+00
   1634.000    -0.0884   2.941183    -0.0884   2.941345    5.82038    -0.1347    13.8155 0.0000e+00  -61.91750  -53.05483 1154927225 219.213271    34.6463 0.0000e+00
   1635.000    -0.0882   2.941239    -0.0880   2.941414    5.81994    -0.0886    13.8155 0.0000e+00  -61.91750  -53.05483 1154927226 219.213284    34.6462 0.0000e+00
   1636.000    -0.0880   2.941296    -0.0875   2.941490    5.81802    -0.1013    13.8155 0.0000e+00  -61.91750  -53.05483 1154927227 219.213297    34.6462 0.0000e+00
   1637.000    -0.0884   2.941303    -0.0882   2.941480    5.81913    -0.0965    13.8155 0.0000e+00  -61.91750  -53.05483 1154927228 219.213310    34.6462 0.0000e+00
   1638.000    -0.0888   2.941316    -0.0890   2.941438    5.82082    -0.1221    13.8155 0.0000e+00  -61.91750  -53.05483 1154927229 219.213323    34.6462 0.0000e+00
   1639.000    -0.0888   2.941366    -0.0886   2.941517    5.81986    -0.1180    13.8155 0.0000e+00  -61.91750  -53.05483 1154927230 219.213336    34.6464 0.0000e+00
