product_data/regression_test/downloaded_data/MDGS/320620060703/ctd/p6623701.ros
* Sea-Bird SBE 9 Data File:
* FileName = D:\Data\Raw\p6623701.dat
* Software Version Seasave Win32 V 5.32
* Temperature SN = 1649
* Conductivity SN = 1431
* Number of Bytes Per Scan = 37
* Number of Voltage Words = 5
* Number of Scans Averaged by the Deck Unit = 1
* NMEA Latitude = 61 34.60 S
* NMEA Longitude = 053 44.05 W
* NMEA UTC (Time) = 23:14:43
** Ship:   Nathaniel B. Palmer 
** Cruise:    NBP0606 
# nquan = 17
# nvalues = 1175                    
# units = specified
# name 0 = prDM: Pressure, Digiquartz [db]
# name 1 = t090C: Temperature [ITS-90, deg C]
# name 2 = c0S/m: Conductivity [S/m]
# name 3 = t190C: Temperature, 2 [ITS-90, deg C]
# name 4 = c1S/m: Conductivity, 2 [S/m]
# name 5 = sbeox0ML/L: Oxygen, SBE 43 [ml/l]
# name 6 = flECO-AFL: Fluorescence, Wetlab ECO-AFL/FL [mg/m^3]
# name 7 = bat: Beam Attenuation, Chelsea/Seatech/Wetlab CStar [1/m]
# name 8 = spar: SPAR/Surface Irradiance
# name 9 = latitude: Latitude [deg]
# name 10 = longitude: Longitude [deg]
# name 11 = timeY: Time, System [seconds]
# name 12 = timeJ: Julian Days
# name 13 = sal00: Salinity [PSU]
# name 14 = scan: scan number
# name 15 = nbf: number of bottles fired
# name 16 = flag:  0.000e+00
# interval = seconds: 0.0416667                   
# start_time = Aug 07 2006 23:16:20
*END*
[from data line 852]
     49.809    -1.3883   2.736961    -1.3885   2.737103    7.21462    -0.0784    13.8155 0.0000e+00  -61.57667  -53.73417 1154994409 219.990869    34.3033      43946         18  0.000e+00
     49.809    -1.3886   2.736941    -1.3886   2.737115    7.20992    -0.0123    13.8155 0.0000e+00  -61.57667  -53.73417 1154994410 219.990869    34.3034      43947         18  0.000e+00
     49.743    -1.3887   2.736961    -1.3889   2.737098    7.21462     0.0318    13.8155 0.0000e+00  -61.57667  -53.73417 1154994410 219.990870    34.3039      43948         18  0.000e+00
     49.809    -1.3886   2.736974    -1.3886   2.737109    7.21466     0.0207    13.8155 0.0000e+00  -61.57667  -53.73417 1154994410 219.990870    34.3039      43949         18  0.000e+00
     49.809    -1.3883   2.736941    -1.3881   2.737075    7.20988    -0.0343    13.8155 0.0000e+00  -61.57667  -53.73417 1154994410 219.990870    34.3031      43950         18  0.000e+00
     49.809    -1.3887   2.736961    -1.3888   2.737098    7.21469    -0.0343    13.8155 0.0000e+00  -61.57667  -53.73417 1154994410 219.990871    34.3039      43951         18  0.000e+00
     49.809    -1.3886   2.736971    -1.3889   2.737092    7.20990    -0.0784    13.8155 0.0000e+00  -61.57667  -53.73417 1154994410 219.990871    34.3038      43952         18  0.000e+00
     49.809    -1.3884   2.736955    -1.3886   2.737075    7.21465    -0.0564    13.8155 0.0000e+00  -61.57667  -53.73417 1154994410 219.990872    34.3034      43953         18  0.000e+00
     49.809    -1.3886   2.736951    -1.3886   2.737080    7.21467    -0.0564    13.8155 0.0000e+00  -61.57667  -53.73417 1154994410 219.990872    34.3036      43954         18  0.000e+00
     49.809    -1.3886   2.736951    -1.3887   2.737086    7.21467    -0.0674    13.8155 0.0000e+00  -61.57667  -53.73417 1154994410 219.990873    34.3036      43955         18  0.000e+00
     49.743    -1.3884   2.736951    -1.3889   2.737086    7.21459    -0.1445    13.8155 0.0000e+00  -61.57667  -53.73417 1154994410 219.990873    34.3034      43956         18  0.000e+00
     49.809    -1.3884   2.736951    -1.3892   2.737051    7.21465    -0.1004    13.8155 0.0000e+00  -61.57667  -53.73417 1154994410 219.990874    34.3034      43957         18  0.000e+00
     49.809    -1.3889   2.736935    -1.3889   2.737034    7.21474    -0.1004    13.8155 0.0000e+00  -61.57667  -53.73417 1154994410 219.990874    34.3037      43958         18  0.000e+00
     49.809    -1.3889   2.736941    -1.3889   2.737069    7.21473    -0.1225    13.8155 0.0000e+00  -61.57667  -53.73417 1154994410 219.990875    34.3038      43959         18  0.000e+00
     49.809    -1.3884   2.736919    -1.3892   2.737069    7.21467    -0.0564    13.8155 0.0000e+00  -61.57667  -53.73417 1154994410 219.990875    34.3029      43960         18  0.000e+00
     49.810    -1.3889   2.736909    -1.3888   2.737069    7.21475    -0.0123    13.8155 0.0000e+00  -61.57667  -53.73417 1154994410 219.990876    34.3033      43961         18  0.000e+00
     49.810    -1.3890   2.736909    -1.3887   2.737080    7.21477    -0.0343    13.8155 0.0000e+00  -61.57667  -53.73417 1154994410 219.990876    34.3035      43962         18  0.000e+00
     49.810    -1.3890   2.736925    -1.3889   2.737069    7.21476    -0.0564    13.8155 0.0000e+00  -61.57667  -53.73417 1154994410 219.990877    34.3037      43963         18  0.000e+00
     49.810    -1.3886   2.736945    -1.3892   2.737040    7.21468    -0.1225    13.8155 0.0000e+00  -61.57667  -53.73417 1154994410 219.990877    34.3035      43964         18  0.000e+00
     49.810    -1.3886   2.736948    -1.3894   2.737051    7.21468    -0.1004    13.8155 0.0000e+00  -61.57667  -53.73417 1154994410 219.990878    34.3035      43965         18  0.000e+00
     49.810    -1.3888   2.736948    -1.3889   2.737046    7.21470    -0.0564    13.8155 0.0000e+00  -61.57667  -53.73417 1154994410 219.990878    34.3037      43966         18  0.000e+00
     49.810    -1.3889   2.736902    -1.3887   2.737075    7.21475    -0.0343    13.8155 0.0000e+00  -61.57667  -53.73417 1154994410 219.990879    34.3032      43967         18  0.000e+00
     49.810    -1.3884   2.736919    -1.3886   2.737069    7.21468    -0.0784    13.8155 0.0000e+00  -61.57667  -53.73417 1154994410 219.990879    34.3029      43968         18  0.000e+00
     49.810    -1.3890   2.736932    -1.3889   2.737080    7.21476    -0.0894    13.8155 0.0000e+00  -61.57667  -53.73417 1154994410 219.990880    34.3038      43969         18  0.000e+00
     49.810    -1.3890   2.736912    -1.3883   2.737075    7.21477    -0.0564    13.8155 0.0000e+00  -61.57667  -53.73417 1154994410 219.990880    34.3035      43970         18  0.000e+00
     49.810    -1.3890   2.736955    -1.3888   2.737080    7.21474    -0.0343    13.8155 0.0000e+00  -61.57667  -53.73417 1154994410 219.990881    34.3041      43971         18  0.000e+00
     49.810    -1.3890   2.736922    -1.3887   2.737103    7.21476    -0.0343    13.8155 0.0000e+00  -61.57667  -53.73417 1154994410 219.990881    34.3037      43972         18  0.000e+00
     49.810    -1.3886   2.736925    -1.3888   2.737075    7.21469    -0.0343    13.8155 0.0000e+00  -61.57667  -53.73417 1154994411 219.990882    34.3032      43973         18  0.000e+00
     49.810    -1.3892   2.736932    -1.3887   2.737069    7.21478    -0.0454    13.8155 0.0000e+00  -61.57667  -53.73417 1154994411 219.990882    34.3040      43974         18  0.000e+00
     49.810    -1.3889   2.736945    -1.3889   2.737080    7.21473    -0.0784    13.8155 0.0000e+00  -61.57667  -53.73417 1154994411 219.990883    34.3038      43975         18  0.000e+00
     25.386    -1.6845   2.708116    -1.6825   2.708606    7.43076     0.0207    13.8155 0.0000e+00  -61.57667  -53.73417 1154994481 219.991695    34.2603      45660         19  0.000e+00
     25.309    -1.6855   2.708096    -1.6817   2.708600    7.43084     0.0097    13.8155 0.0000e+00  -61.57667  -53.73417 1154994481 219.991696    34.2612      45661         19  0.000e+00
     25.433    -1.6856   2.708086    -1.6817   2.708629    7.43100    -0.0343    13.8155 0.0000e+00  -61.57667  -53.73417 1154994481 219.991696    34.2611      45662         19  0.000e+00
     25.386    -1.6856   2.708103    -1.6811   2.708646    7.43094     0.0097    13.8155 0.0000e+00  -61.57667  -53.73417 1154994481 219.991697    34.2614      45663         19  0.000e+00
     25.386    -1.6851   2.708109    -1.6812   2.708646    7.43086     0.1419    13.8155 0.0000e+00  -61.57667  -53.73417 1154994481 219.991697    34.2609      45664         19  0.000e+00
     25.300    -1.6857   2.708109    -1.6815   2.708646    7.43087     0.0648    13.8155 0.0000e+00  -61.57667  -53.73417 1154994481 219.991698    34.2617      45665         19  0.000e+00
     25.309    -1.6848   2.708109    -1.6811   2.708629    7.43074     0.0318    13.8155 0.0000e+00  -61.57667  -53.73417 1154994481 219.991698    34.2606      45666         19  0.000e+00
     25.367    -1.6851   2.708109    -1.6812   2.708657    7.43084     0.0097    13.8155 0.0000e+00  -61.57667  -53.73417 1154994481 219.991698    34.2609      45667         19  0.000e+00
     25.243    -1.6847   2.708090    -1.6811   2.708651    7.43066     0.0207    13.8155 0.0000e+00  -61.57667  -53.73417 1154994481 219.991699    34.2602      45668         19  0.000e+00
     25.310    -1.6847   2.708103    -1.6814   2.708646    7.43072    -0.0784    13.8155 0.0000e+00  -61.57667  -53.73417 1154994481 219.991699    34.2604      45669         19  0.000e+00
     25.300    -1.6848   2.708122    -1.6814   2.708646    7.43072    -0.1335    13.8155 0.0000e+00  -61.57667  -53.73417 1154994481 219.991700    34.2608      45670         19  0.000e+00
     25.243    -1.6850   2.708129    -1.6815   2.708663    7.43068    -0.1114    13.8155 0.0000e+00  -61.57667  -53.73417 1154994481 219.991700    34.2611      45671         19  0.000e+00
     25.243    -1.6850   2.708096    -1.6809   2.708651    7.43070    -0.0564    13.8155 0.0000e+00  -61.57667  -53.73417 1154994481 219.991701    34.2607      45672         19  0.000e+00
     25.224    -1.6839   2.708135    -1.6809   2.708628    7.43527     0.0207    13.8155 0.0000e+00  -61.57667  -53.73417 1154994481 219.991701    34.2600      45673         19  0.000e+00
     25.167    -1.6844   2.708132    -1.6814   2.708623    7.43528     0.0648    13.8155 0.0000e+00  -61.57667  -53.73417 1154994481 219.991702    34.2605      45674         19  0.000e+00
     25.243    -1.6845   2.708129    -1.6811   2.708623    7.43061     0.0097    13.8155 0.0000e+00  -61.57667  -53.73417 1154994482 219.991702    34.2606      45675         19  0.000e+00
     25.157    -1.6839   2.708129    -1.6818   2.708600    7.43042    -0.0343    13.8155 0.0000e+00  -61.57667  -53.73417 1154994482 219.991703    34.2599      45676         19  0.000e+00
     25.167    -1.6838   2.708129    -1.6818   2.708594    7.43041    -0.0894    13.8155 0.0000e+00  -61.57667  -53.73417 1154994482 219.991703    34.2598      45677         19  0.000e+00
     25.100    -1.6839   2.708145    -1.6817   2.708577    7.43035    -0.0343    13.8155 0.0000e+00  -61.57667  -53.73417 1154994482 219.991704    34.2602      45678         19  0.000e+00
     25.157    -1.6839   2.708201    -1.6820   2.708588    7.43037    -0.0123    13.8155 0.0000e+00  -61.57667  -53.73417 1154994482 219.991704    34.2609      45679         19  0.000e+00
     25.100    -1.6839   2.708200    -1.6817   2.708594    7.43031    -0.0123    13.8155 0.0000e+00  -61.57667  -53.73417 1154994482 219.991705    34.2610      45680         19  0.000e+00
     25.090    -1.6836   2.708178    -1.6817   2.708554    7.43027    -0.0123    13.8155 0.0000e+00  -61.57667  -53.73417 1154994482 219.991705    34.2603      45681         19  0.000e+00
     25.100    -1.6842   2.708174    -1.6821   2.708560    7.43038    -0.0123    13.8155 0.0000e+00  -61.57667  -53.73417 1154994482 219.991706    34.2609      45682         19  0.000e+00
     25.100    -1.6850   2.708174    -1.6821   2.708571    7.43050    -0.0564    13.8155 0.0000e+00  -61.57667  -53.73417 1154994482 219.991706    34.2618      45683         19  0.000e+00
     25.090    -1.6850   2.708155    -1.6818   2.708548    7.43050    -0.0784    13.8155 0.0000e+00  -61.57667  -53.73417 1154994482 219.991707    34.2616      45684         19  0.000e+00
     25.033    -1.6845   2.708200    -1.6823   2.708560    7.43512    -0.0343    13.8155 0.0000e+00  -61.57667  -53.73417 1154994482 219.991707    34.2617      45685         19  0.000e+00
     25.100    -1.6836   2.708266    -1.6821   2.708571    7.43500    -0.0233    13.8155 0.0000e+00  -61.57667  -53.73417 1154994482 219.991708    34.2615      45686         19  0.000e+00
     25.091    -1.6834   2.708233    -1.6817   2.708588    7.43499    -0.0233    13.8155 0.0000e+00  -61.57667  -53.73417 1154994482 219.991708    34.2609      45687         19  0.000e+00
     25.100    -1.6839   2.708168    -1.6820   2.708611    7.43034    -0.0343    13.8155 0.0000e+00  -61.57667  -53.73417 1154994482 219.991709    34.2605      45688         19  0.000e+00
     25.100    -1.6850   2.708119    -1.6820   2.708623    7.43532     0.0207    13.8155 0.0000e+00  -61.57667  -53.73417 1154994482 219.991709    34.2611      45689         19  0.000e+00
     25.157    -1.6848   2.708090    -1.6814   2.708623    7.43059     0.0207    13.8155 0.0000e+00  -61.57667  -53.73417 1154994482 219.991710    34.2605      45690         19  0.000e+00
     25.100    -1.6853   2.708086    -1.6814   2.708640    7.43060    -0.0123    13.8155 0.0000e+00  -61.57667  -53.73417 1154994482 219.991710    34.2610      45691         19  0.000e+00
     25.167    -1.6857   2.708067    -1.6811   2.708646    7.43076    -0.0123    13.8155 0.0000e+00  -61.57667  -53.73417 1154994482 219.991711    34.2612      45692         19  0.000e+00
     25.224    -1.6856   2.708080    -1.6817   2.708588    7.43079    -0.0564    13.8155 0.0000e+00  -61.57667  -53.73417 1154994482 219.991711    34.2612      45693         19  0.000e+00
     25.167    -1.6856   2.708067    -1.6825   2.708588    7.43074    -0.0343    13.8155 0.0000e+00  -61.57667  -53.73417 1154994482 219.991712    34.2610      45694         19  0.000e+00
     25.157    -1.6855   2.708064    -1.6825   2.708577    7.43071    -0.0564    13.8155 0.0000e+00  -61.57667  -53.73417 1154994482 219.991712    34.2608      45695         19  0.000e+00
     25.167    -1.6857   2.708096    -1.6825   2.708525    7.43074    -0.0674    13.8155 0.0000e+00  -61.57667  -53.73417 1154994482 219.991712    34.2616      45696         19  0.000e+00
     25.167    -1.6847   2.708171    -1.6828   2.708496    7.43052    -0.0564    13.8155 0.0000e+00  -61.57667  -53.73417 1154994482 219.991713    34.2614      45697         19  0.000e+00
     25.157    -1.6844   2.708227    -1.6829   2.708439    7.43043    -0.0233    13.8155 0.0000e+00  -61.57667  -53.73417 1154994482 219.991713    34.2618      45698         19  0.000e+00
     25.167    -1.6833   2.708204    -1.6835   2.708473    7.43029    -0.0454    13.8155 0.0000e+00  -61.57667  -53.73417 1154994483 219.991714    34.2603      45699         19  0.000e+00
     25.100    -1.6844   2.708227    -1.6835   2.708491    7.43515    -0.0343    13.8155 0.0000e+00  -61.57667  -53.73417 1154994483 219.991714    34.2619      45700         19  0.000e+00
     25.091    -1.6839   2.708204    -1.6832   2.708491    7.43030    -0.0564    13.8155 0.0000e+00  -61.57667  -53.73417 1154994483 219.991715    34.2610      45701         19  0.000e+00
     25.100    -1.6847   2.708178    -1.6837   2.708491    7.43045    -0.0564    13.8155 0.0000e+00  -61.57667  -53.73417 1154994483 219.991715    34.2615      45702         19  0.000e+00
     25.100    -1.6847   2.708139    -1.6837   2.708468    7.43526    -0.0564    13.8155 0.0000e+00  -61.57667  -53.73417 1154994483 219.991716    34.2610      45703         19  0.000e+00
     25.091    -1.6847   2.708145    -1.6840   2.708404    7.43046    -0.0454    13.8155 0.0000e+00  -61.57667  -53.73417 1154994483 219.991716    34.2611      45704         19  0.000e+00
     25.034    -1.6847   2.708119    -1.6837   2.708422    7.43042     0.0318    13.8155 0.0000e+00  -61.57667  -53.73417 1154994483 219.991717    34.2608      45705         19  0.000e+00
     25.100    -1.6856   2.708109    -1.6834   2.708456    7.43542     0.0538    13.8155 0.0000e+00  -61.57667  -53.73417 1154994483 219.991717    34.2616      45706         19  0.000e+00
     25.157    -1.6855   2.708090    -1.6831   2.708462    7.43547     0.0097    13.8155 0.0000e+00  -61.57667  -53.73417 1154994483 219.991718    34.2612      45707         19  0.000e+00
     25.100    -1.6856   2.708086    -1.6828   2.708479    7.43543    -0.0233    13.8155 0.0000e+00  -61.57667  -53.73417 1154994483 219.991718    34.2613      45708         19  0.000e+00
     25.168    -1.6864   2.708038    -1.6858   2.708261    7.43565    -0.0233    13.8155 0.0000e+00  -61.57667  -53.73417 1154994485 219.991739    34.2615      45752         20  0.000e+00
     25.101    -1.6861   2.708024    -1.6861   2.708215    7.43555    -0.0343    13.8155 0.0000e+00  -61.57667  -53.73417 1154994485 219.991740    34.2610      45753         20  0.000e+00
     25.091    -1.6862   2.708021    -1.6860   2.708221    7.43078     0.0318    13.8155 0.0000e+00  -61.57667  -53.73417 1154994485 219.991740    34.2611      45754         20  0.000e+00
     25.168    -1.6862   2.708021    -1.6867   2.708192    7.43564    -0.0454    13.8155 0.0000e+00  -61.57667  -53.73417 1154994485 219.991741    34.2611      45755         20  0.000e+00
     25.034    -1.6865   2.708051    -1.6863   2.708180    7.43553    -0.0343    13.8155 0.0000e+00  -61.57667  -53.73417 1154994485 219.991741    34.2619      45756         20  0.000e+00
