product_data/regression_test/downloaded_data/MDGS/320620060703/ctd/p6624203.ros
* Sea-Bird SBE 9 Data File:
* FileName = D:\Data\Raw\p6624203.dat
* Software Version Seasave Win32 V 5.32
* Temperature SN = 1649
* Conductivity SN = 1431
* Number of Bytes Per Scan = 37
* Number of Voltage Words = 5
* Number of Scans Averaged by the Deck Unit = 1
* NMEA Latitude = 61 58.90 S
* NMEA Longitude = 056 41.04 W
* NMEA UTC (Time) = 02:12:54
** Ship:   Nathaniel B. Palmer 
** Cruise:    NBP0606 
# nquan = 17
# nvalues = 1176                    
# units = specified
# name 0 = prDM: Pressure, Digiquartz [db]
# name 1 = t090C: Temperature [ITS-90, deg C]
# name 2 = c0S/m: Conductivity [S/m]
# name 3 = t190C: Temperature, 2 [ITS-90, deg C]
# name 4 = c1S/m: Conductivity, 2 [S/m]
# name 5 = sbeox0ML/L: Oxygen, SBE 43 [ml/l]
# name 6 = flECO-AFL: Fluorescence, Wetlab ECO-AFL/FL [mg/m^3]
# name 7 = bat: Beam Attenuation, Chelsea/Seatech/Wetlab CStar [1/m]
# name 8 = spar: SPAR/Surface Irradiance
# name 9 = latitude: Latitude [deg]
# name 10 = longitude: Longitude [deg]
# name 11 = timeY: Time, System [seconds]
# name 12 = timeJ: Julian Days
# name 13 = sal00: Salinity [PSU]
# name 14 = scan: scan number
# name 15 = nbf: number of bottles fired
# name 16 = flag:  0.000e+00
# interval = seconds: 0.0416667                   
# start_time = Aug 09 2006 02:14:45
*END*
[from data line 681]
    151.789    -1.1985   2.760912    -1.2023   2.760500    7.20590    -0.0454    13.8155 0.0000e+00  -61.98167  -56.68400 1155091955 221.119869    34.3506      54521         14  0.000e+00
    151.789    -1.1988   2.760916    -1.2021   2.760471    7.20594    -0.1004    13.8155 0.0000e+00  -61.98167  -56.68400 1155091955 221.119869    34.3511      54522         14  0.000e+00
    151.798    -1.1987   2.760889    -1.2026   2.760407    7.20595    -0.0784    13.8155 0.0000e+00  -61.98167  -56.68400 1155091955 221.119870    34.3505      54523         14  0.000e+00
    151.789    -1.1993   2.760857    -1.2030   2.760419    7.20605    -0.0564    13.8155 0.0000e+00  -61.98167  -56.68400 1155091955 221.119870    34.3508      54524         14  0.000e+00
    151.865    -1.1989   2.760850    -1.2034   2.760395    7.20609    -0.0564    13.8155 0.0000e+00  -61.98167  -56.68400 1155091955 221.119871    34.3503      54525         14  0.000e+00
    151.865    -1.2008   2.760574    -1.2013   2.760575    7.20655    -0.0564    13.8155 0.0000e+00  -61.98167  -56.68400 1155091955 221.119873    34.3486      54530         15  0.000e+00
    151.789    -1.2011   2.760511    -1.2017   2.760598    7.20176    -0.1445    13.8155 0.0000e+00  -61.98167  -56.68400 1155091955 221.119874    34.3482      54531         15  0.000e+00
    151.865    -1.2013   2.760469    -1.2018   2.760604    7.20669    -0.0674    13.8155 0.0000e+00  -61.98167  -56.68400 1155091955 221.119874    34.3477      54532         15  0.000e+00
    151.865    -1.2019   2.760452    -1.2018   2.760586    7.20679    -0.0784    13.8155 0.0000e+00  -61.98167  -56.68400 1155091955 221.119875    34.3482      54533         15  0.000e+00
    151.789    -1.2020   2.760452    -1.2020   2.760598    7.20672    -0.1225    13.8155 0.0000e+00  -61.98167  -56.68400 1155091955 221.119875    34.3483      54534         15  0.000e+00
    151.865    -1.2019   2.760459    -1.2020   2.760569    7.20679    -0.1225    13.8155 0.0000e+00  -61.98167  -56.68400 1155091955 221.119876    34.3483      54535         15  0.000e+00
    151.865    -1.2022   2.760452    -1.2018   2.760569    7.20683    -0.1004    13.8155 0.0000e+00  -61.98167  -56.68400 1155091955 221.119876    34.3485      54536         15  0.000e+00
    151.932    -1.2020   2.760452    -1.2020   2.760558    7.20688    -0.0564    13.8155 0.0000e+00  -61.98167  -56.68400 1155091955 221.119877    34.3483      54537         15  0.000e+00
    151.789    -1.2017   2.760423    -1.2027   2.760569    7.20671    -0.0454    13.8155 0.0000e+00  -61.98167  -56.68400 1155091955 221.119877    34.3476      54538         15  0.000e+00
    151.865    -1.2020   2.760426    -1.2026   2.760575    7.20683    -0.0343    13.8155 0.0000e+00  -61.98167  -56.68400 1155091955 221.119878    34.3480      54539         15  0.000e+00
    151.865    -1.2025   2.760409    -1.2018   2.760558    7.20691    -0.0894    13.8155 0.0000e+00  -61.98167  -56.68400 1155091955 221.119878    34.3483      54540         15  0.000e+00
    151.865    -1.2019   2.760429    -1.2014   2.760610    7.20200    -0.1445    13.8155 0.0000e+00  -61.98167  -56.68400 1155091956 221.119878    34.3479      54541         15  0.000e+00
    151.865    -1.2024   2.760413    -1.2004   2.760691    7.20689    -0.1004    13.8155 0.0000e+00  -61.98167  -56.68400 1155091956 221.119879    34.3482      54542         15  0.000e+00
    151.932    -1.2020   2.760456    -1.2006   2.760725    7.20688    -0.0564    13.8155 0.0000e+00  -61.98167  -56.68400 1155091956 221.119879    34.3484      54543         15  0.000e+00
    151.865    -1.2020   2.760446    -1.2006   2.760737    7.20682    -0.1114    13.8155 0.0000e+00  -61.98167  -56.68400 1155091956 221.119880    34.3483      54544         15  0.000e+00
    151.932    -1.2019   2.760479    -1.2013   2.760714    7.20204    -0.1445    13.8155 0.0000e+00  -61.98167  -56.68400 1155091956 221.119880    34.3485      54545         15  0.000e+00
    151.865    -1.2017   2.760462    -1.2017   2.760708    7.20196    -0.0123    13.8155 0.0000e+00  -61.98167  -56.68400 1155091956 221.119881    34.3481      54546         15  0.000e+00
    151.932    -1.2018   2.760472    -1.2015   2.760673    7.20683    -0.0013    13.8155 0.0000e+00  -61.98167  -56.68400 1155091956 221.119881    34.3483      54547         15  0.000e+00
    151.865    -1.2019   2.760472    -1.2018   2.760656    7.20198    -0.0564    13.8155 0.0000e+00  -61.98167  -56.68400 1155091956 221.119882    34.3485      54548         15  0.000e+00
    151.941    -1.2019   2.760488    -1.2026   2.760656    7.20684    -0.1004    13.8155 0.0000e+00  -61.98167  -56.68400 1155091956 221.119882    34.3486      54549         15  0.000e+00
    151.865    -1.2019   2.760485    -1.2026   2.760633    7.20677    -0.0564    13.8155 0.0000e+00  -61.98167  -56.68400 1155091956 221.119883    34.3486      54550         15  0.000e+00
    151.932    -1.2020   2.760492    -1.2023   2.760592    7.20685    -0.0784    13.8155 0.0000e+00  -61.98167  -56.68400 1155091956 221.119883    34.3489      54551         15  0.000e+00
    151.932    -1.2013   2.760495    -1.2026   2.760575    7.20674    -0.1225    13.8155 0.0000e+00  -61.98167  -56.68400 1155091956 221.119884    34.3480      54552         15  0.000e+00
    151.932    -1.2019   2.760485    -1.2027   2.760534    7.20203    -0.0564    13.8155 0.0000e+00  -61.98167  -56.68400 1155091956 221.119884    34.3486      54553         15  0.000e+00
    151.865    -1.2019   2.760472    -1.2026   2.760529    7.20678    -0.0233    13.8155 0.0000e+00  -61.98167  -56.68400 1155091956 221.119885    34.3485      54554         15  0.000e+00
    151.941    -1.2020   2.760472    -1.2026   2.760523    7.20207     0.0318    13.8155 0.0000e+00  -61.98167  -56.68400 1155091956 221.119885    34.3486      54555         15  0.000e+00
    151.932    -1.2022   2.760495    -1.2029   2.760505    7.20687    -0.0454    13.8155 0.0000e+00  -61.98167  -56.68400 1155091956 221.119886    34.3491      54556         15  0.000e+00
    151.932    -1.2019   2.760515    -1.2029   2.760517    7.20201    -0.0784    13.8155 0.0000e+00  -61.98167  -56.68400 1155091956 221.119886    34.3490      54557         15  0.000e+00
    151.932    -1.2020   2.760498    -1.2026   2.760546    7.20205    -0.0784    13.8155 0.0000e+00  -61.98167  -56.68400 1155091956 221.119887    34.3490      54558         15  0.000e+00
    151.932    -1.2017   2.760452    -1.2024   2.760552    7.20683    -0.0784    13.8155 0.0000e+00  -61.98167  -56.68400 1155091956 221.119887    34.3480      54559         15  0.000e+00
    152.008    -1.2018   2.760462    -1.2030   2.760552    7.20211    -0.1225    13.8155 0.0000e+00  -61.98167  -56.68400 1155091956 221.119888    34.3481      54560         15  0.000e+00
    151.932    -1.2020   2.760423    -1.2029   2.760552    7.20210    -0.1114    13.8155 0.0000e+00  -61.98167  -56.68400 1155091956 221.119888    34.3479      54561         15  0.000e+00
    151.932    -1.2022   2.760446    -1.2024   2.760552    7.20690    -0.0894    13.8155 0.0000e+00  -61.98167  -56.68400 1155091956 221.119889    34.3484      54562         15  0.000e+00
    151.999    -1.2022   2.760436    -1.2030   2.760575    7.20698    -0.0894    13.8155 0.0000e+00  -61.98167  -56.68400 1155091956 221.119889    34.3482      54563         15  0.000e+00
    151.932    -1.2024   2.760429    -1.2020   2.760598    7.20694    -0.1335    13.8155 0.0000e+00  -61.98167  -56.68400 1155091956 221.119890    34.3484      54564         15  0.000e+00
    151.941    -1.2022   2.760419    -1.2024   2.760586    7.20693    -0.1665    13.8155 0.0000e+00  -61.98167  -56.68400 1155091957 221.119890    34.3480      54565         15  0.000e+00
    151.999    -1.2025   2.760442    -1.2026   2.760575    7.20702    -0.1555    13.8155 0.0000e+00  -61.98167  -56.68400 1155091957 221.119891    34.3487      54566         15  0.000e+00
    151.999    -1.2022   2.760452    -1.2027   2.760575    7.20217    -0.0674    13.8155 0.0000e+00  -61.98167  -56.68400 1155091957 221.119891    34.3484      54567         15  0.000e+00
    151.932    -1.2022   2.760423    -1.2026   2.760581    7.20212    -0.0564    13.8155 0.0000e+00  -61.98167  -56.68400 1155091957 221.119891    34.3481      54568         15  0.000e+00
    151.999    -1.2025   2.760406    -1.2029   2.760558    7.20224    -0.0784    13.8155 0.0000e+00  -61.98167  -56.68400 1155091957 221.119892    34.3482      54569         15  0.000e+00
    151.999    -1.2024   2.760423    -1.2029   2.760517    7.20701    -0.1114    13.8155 0.0000e+00  -61.98167  -56.68400 1155091957 221.119892    34.3482      54570         15  0.000e+00
    152.008    -1.2022   2.760419    -1.2023   2.760540    7.20700    -0.0894    13.8155 0.0000e+00  -61.98167  -56.68400 1155091957 221.119893    34.3480      54571         15  0.000e+00
    151.999    -1.2022   2.760406    -1.2026   2.760517    7.20220    -0.1004    13.8155 0.0000e+00  -61.98167  -56.68400 1155091957 221.119893    34.3478      54572         15  0.000e+00
    151.932    -1.2022   2.760386    -1.2027   2.760494    7.20695    -0.0784    13.8155 0.0000e+00  -61.98167  -56.68400 1155091957 221.119894    34.3477      54573         15  0.000e+00
    152.075    -1.2020   2.760416    -1.2032   2.760523    7.20225    -0.1225    13.8155 0.0000e+00  -61.98167  -56.68400 1155091957 221.119894    34.3477      54574         15  0.000e+00
    151.999    -1.2025   2.760419    -1.2024   2.760500    7.20704    -0.1225    13.8155 0.0000e+00  -61.98167  -56.68400 1155091957 221.119895    34.3484      54575         15  0.000e+00
    152.008    -1.2024   2.760390    -1.2026   2.760511    7.20704    -0.1445    13.8155 0.0000e+00  -61.98167  -56.68400 1155091957 221.119895    34.3478      54576         15  0.000e+00
    151.998    -1.2020   2.760416    -1.2027   2.760529    7.20217    -0.1225    13.8155 0.0000e+00  -61.98167  -56.68400 1155091957 221.119896    34.3478      54577         15  0.000e+00
    151.998    -1.2025   2.760387    -1.2026   2.760500    7.20706    -0.1445    13.8155 0.0000e+00  -61.98167  -56.68400 1155091957 221.119896    34.3479      54578         15  0.000e+00
    100.165    -1.2087   2.757103    -1.2089   2.757079    7.25371    -0.1004    13.8155 0.0000e+00  -61.98167  -56.68400 1155092040 221.120853    34.3425      56562         16  0.000e+00
    100.099    -1.2087   2.757139    -1.2089   2.757062    7.25362    -0.1004    13.8155 0.0000e+00  -61.98167  -56.68400 1155092040 221.120854    34.3431      56563         16  0.000e+00
    100.099    -1.2082   2.757116    -1.2089   2.757073    7.24879    -0.1225    13.8155 0.0000e+00  -61.98167  -56.68400 1155092040 221.120854    34.3422      56564         16  0.000e+00
    100.032    -1.2082   2.757089    -1.2087   2.757097    7.25351    -0.1114    13.8155 0.0000e+00  -61.98167  -56.68400 1155092040 221.120855    34.3418      56565         16  0.000e+00
    100.098    -1.2088   2.757103    -1.2086   2.757160    7.25366    -0.0674    13.8155 0.0000e+00  -61.98167  -56.68400 1155092040 221.120855    34.3427      56566         16  0.000e+00
    100.165    -1.2087   2.757109    -1.2084   2.757183    7.25370    -0.0454    13.8155 0.0000e+00  -61.98167  -56.68400 1155092040 221.120856    34.3426      56567         16  0.000e+00
    100.098    -1.2085   2.757089    -1.2084   2.757183    7.24886    -0.0784    13.8155 0.0000e+00  -61.98167  -56.68400 1155092040 221.120856    34.3422      56568         16  0.000e+00
    100.165    -1.2088   2.757053    -1.2084   2.757241    7.24899    -0.0784    13.8155 0.0000e+00  -61.98167  -56.68400 1155092040 221.120856    34.3420      56569         16  0.000e+00
    100.137    -1.2090   2.756991    -1.2082   2.757241    7.24903    -0.1225    13.8155 0.0000e+00  -61.98167  -56.68400 1155092040 221.120857    34.3414      56570         16  0.000e+00
    100.165    -1.2093   2.756958    -1.2089   2.757195    7.24913    -0.1445    13.8155 0.0000e+00  -61.98167  -56.68400 1155092040 221.120857    34.3412      56571         16  0.000e+00
    100.165    -1.2093   2.756955    -1.2090   2.757143    7.24913    -0.0564    13.8155 0.0000e+00  -61.98167  -56.68400 1155092040 221.120858    34.3412      56572         16  0.000e+00
    100.165    -1.2094   2.756919    -1.2084   2.757149    7.24917    -0.0233    13.8155 0.0000e+00  -61.98167  -56.68400 1155092040 221.120858    34.3408      56573         16  0.000e+00
    100.242    -1.2095   2.756876    -1.2076   2.757212    7.25406    -0.0013    13.8155 0.0000e+00  -61.98167  -56.68400 1155092040 221.120859    34.3403      56574         16  0.000e+00
    100.242    -1.2099   2.756813    -1.2075   2.757316    7.25417    -0.0123    13.8155 0.0000e+00  -61.98167  -56.68400 1155092040 221.120859    34.3399      56575         16  0.000e+00
    100.165    -1.2101   2.756813    -1.2076   2.757339    7.25411    -0.0564    13.8155 0.0000e+00  -61.98167  -56.68400 1155092040 221.120860    34.3401      56576         16  0.000e+00
    100.242    -1.2104   2.756850    -1.2084   2.757340    7.24944    -0.0894    13.8155 0.0000e+00  -61.98167  -56.68400 1155092040 221.120860    34.3410      56577         16  0.000e+00
    100.242    -1.2102   2.756863    -1.2089   2.757259    7.24941    -0.0343    13.8155 0.0000e+00  -61.98167  -56.68400 1155092040 221.120861    34.3409      56578         16  0.000e+00
    100.242    -1.2099   2.756866    -1.2089   2.757195    7.24936    -0.0233    13.8155 0.0000e+00  -61.98167  -56.68400 1155092040 221.120861    34.3407      56579         16  0.000e+00
    100.242    -1.2096   2.756896    -1.2090   2.757166    7.24929    -0.0784    13.8155 0.0000e+00  -61.98167  -56.68400 1155092041 221.120862    34.3407      56580         16  0.000e+00
    100.165    -1.2097   2.756925    -1.2090   2.757178    7.24922    -0.1114    13.8155 0.0000e+00  -61.98167  -56.68400 1155092041 221.120862    34.3413      56581         16  0.000e+00
    100.165    -1.2091   2.756981    -1.2089   2.757201    7.25385    -0.1114    13.8155 0.0000e+00  -61.98167  -56.68400 1155092041 221.120863    34.3413      56582         16  0.000e+00
    100.242    -1.2088   2.756978    -1.2082   2.757212    7.25389    -0.1114    13.8155 0.0000e+00  -61.98167  -56.68400 1155092041 221.120863    34.3409      56583         16  0.000e+00
    100.070    -1.2087   2.756958    -1.2081   2.757247    7.24894    -0.0564    13.8155 0.0000e+00  -61.98167  -56.68400 1155092041 221.120864    34.3406      56584         16  0.000e+00
    100.242    -1.2093   2.756935    -1.2076   2.757299    7.24922    -0.0564    13.8155 0.0000e+00  -61.98167  -56.68400 1155092041 221.120864    34.3409      56585         16  0.000e+00
    100.098    -1.2090   2.756932    -1.2079   2.757334    7.24904    -0.0564    13.8155 0.0000e+00  -61.98167  -56.68400 1155092041 221.120865    34.3406      56586         16  0.000e+00
    100.165    -1.2088   2.756896    -1.2078   2.757339    7.24910    -0.0564    13.8155 0.0000e+00  -61.98167  -56.68400 1155092041 221.120865    34.3398      56587         16  0.000e+00
    100.165    -1.2093   2.756886    -1.2075   2.757380    7.24918    -0.0894    13.8155 0.0000e+00  -61.98167  -56.68400 1155092041 221.120866    34.3402      56588         16  0.000e+00
    100.098    -1.2099   2.756853    -1.2079   2.757432    7.24923    -0.1114    13.8155 0.0000e+00  -61.98167  -56.68400 1155092041 221.120866    34.3406      56589         16  0.000e+00
    100.098    -1.2098   2.756790    -1.2069   2.757426    7.25403    -0.1004    13.8155 0.0000e+00  -61.98167  -56.68400 1155092041 221.120867    34.3396      56590         16  0.000e+00
    100.165    -1.2101   2.756790    -1.2072   2.757403    7.24936    -0.0454    13.8155 0.0000e+00  -61.98167  -56.68400 1155092041 221.120867    34.3398      56591         16  0.000e+00
