product_data/regression_test/downloaded_data/MDGS/320620060703/ctd/p6620501.ros
* Sea-Bird SBE 9 Data File:
* FileName = D:\Data\Raw\p6620501.dat
* Software Version Seasave Win32 V 5.32
* Temperature SN = 1649
* Conductivity SN = 1431
* Number of Bytes Per Scan = 37
* Number of Voltage Words = 5
* Number of Scans Averaged by the Deck Unit = 1
* NMEA Latitude = 64 40.50 S
* NMEA Longitude = 062 44.93 W
* NMEA UTC (Time) = 01:32:47
** Ship:   Nathaniel B. Palmer 
** Cruise:    NBP0606 
# nquan = 17
# nvalues = 1176                    
# units = specified
# name 0 = prDM: Pressure, Digiquartz [db]
# name 1 = t090C: Temperature [ITS-90, deg C]
# name 2 = c0S/m: Conductivity [S/m]
# name 3 = t190C: Temperature, 2 [ITS-90, deg C]
# name 4 = c1S/m: Conductivity, 2 [S/m]
# name 5 = sbeox0ML/L: Oxygen, SBE 43 [ml/l]
# name 6 = flECO-AFL: Fluorescence, Wetlab ECO-AFL/FL [mg/m^3]
# name 7 = bat: Beam Attenuation, Chelsea/Seatech/Wetlab CStar [1/m]
# name 8 = spar: SPAR/Surface Irradiance
# name 9 = latitude: Latitude [deg]
# name 10 = longitude: Longitude [deg]
# name 11 = timeY: Time, System [seconds]
# name 12 = timeJ: Julian Days
# name 13 = sal00: Salinity [PSU]
# name 14 = scan: scan number
# name 15 = nbf: number of bottles fired
# name 16 = flag:  0.000e+00
# interval = seconds: 0.0416667                   
# start_time = Jul 29 2006 01:32:55
*END*
[from data line 511]
    100.254    -0.0589   2.851592    -0.0580   2.851869    6.15043    -0.0343    13.8155 0.0000e+00  -64.67500  -62.74883 1154137489 210.072819    34.3135      17199         11  0.000e+00
    100.254    -0.0586   2.851589    -0.0578   2.851887    6.15040    -0.1004    13.8155 0.0000e+00  -64.67500  -62.74883 1154137489 210.072820    34.3131      17200         11  0.000e+00
    100.187    -0.0582   2.851589    -0.0579   2.851899    6.15029    -0.0784    13.8155 0.0000e+00  -64.67500  -62.74883 1154137490 210.072820    34.3127      17201         11  0.000e+00
    100.187    -0.0584   2.851572    -0.0580   2.851899    6.15033    -0.0123    13.8155 0.0000e+00  -64.67500  -62.74883 1154137490 210.072821    34.3128      17202         11  0.000e+00
    100.254    -0.0588   2.851569    -0.0582   2.851899    6.15043     0.0097    13.8155 0.0000e+00  -64.67500  -62.74883 1154137490 210.072821    34.3131      17203         11  0.000e+00
    100.187    -0.0581   2.851582    -0.0578   2.851899    6.15029     0.0207    13.8155 0.0000e+00  -64.67500  -62.74883 1154137490 210.072822    34.3126      17204         11  0.000e+00
    100.187    -0.0585   2.851589    -0.0575   2.851899    6.15032     0.0318    13.8155 0.0000e+00  -64.67500  -62.74883 1154137490 210.072822    34.3130      17205         11  0.000e+00
    100.225    -0.0588   2.851605    -0.0582   2.851916    6.15038    -0.0123    13.8155 0.0000e+00  -64.67500  -62.74883 1154137490 210.072823    34.3135      17206         11  0.000e+00
    100.187    -0.0591   2.851612    -0.0581   2.851904    6.15039    -0.0343    13.8155 0.0000e+00  -64.67500  -62.74883 1154137490 210.072823    34.3140      17207         11  0.000e+00
    100.254    -0.0591   2.851582    -0.0575   2.851916    6.15046    -0.0454    13.8155 0.0000e+00  -64.67500  -62.74883 1154137490 210.072824    34.3136      17208         11  0.000e+00
    100.187    -0.0584   2.851602    -0.0575   2.851940    6.15031    -0.0784    13.8155 0.0000e+00  -64.67500  -62.74883 1154137490 210.072824    34.3132      17209         11  0.000e+00
    100.254    -0.0586   2.851612    -0.0586   2.851846    6.15039    -0.0343    13.8155 0.0000e+00  -64.67500  -62.74883 1154137490 210.072825    34.3135      17210         11  0.000e+00
    100.254    -0.0586   2.851579    -0.0598   2.851729    6.14577     0.0097    13.8155 0.0000e+00  -64.67500  -62.74883 1154137490 210.072825    34.3130      17211         11  0.000e+00
    100.254    -0.0589   2.851532    -0.0606   2.851705    6.15047     0.0758    13.8155 0.0000e+00  -64.67500  -62.74883 1154137490 210.072826    34.3127      17212         11  0.000e+00
    100.254    -0.0591   2.851525    -0.0614   2.851664    6.15049     0.0318    13.8155 0.0000e+00  -64.67500  -62.74883 1154137490 210.072826    34.3128      17213         11  0.000e+00
    100.254    -0.0591   2.851505    -0.0616   2.851612    6.15050    -0.0454    13.8155 0.0000e+00  -64.67500  -62.74883 1154137490 210.072826    34.3126      17214         11  0.000e+00
    100.330    -0.0605   2.851462    -0.0609   2.851635    6.15077    -0.0784    13.8155 0.0000e+00  -64.67500  -62.74883 1154137490 210.072827    34.3135      17215         11  0.000e+00
    100.254    -0.0614   2.851365    -0.0615   2.851653    6.15087    -0.0894    13.8155 0.0000e+00  -64.67500  -62.74883 1154137490 210.072827    34.3133      17216         11  0.000e+00
    100.330    -0.0620   2.851339    -0.0617   2.851612    6.15103    -0.0564    13.8155 0.0000e+00  -64.67500  -62.74883 1154137490 210.072828    34.3136      17217         11  0.000e+00
    100.254    -0.0620   2.851325    -0.0616   2.851600    6.15097    -0.0894    13.8155 0.0000e+00  -64.67500  -62.74883 1154137490 210.072828    34.3135      17218         11  0.000e+00
    100.330    -0.0622   2.851315    -0.0618   2.851600    6.15106    -0.0784    13.8155 0.0000e+00  -64.67500  -62.74883 1154137490 210.072829    34.3135      17219         11  0.000e+00
    100.302    -0.0619   2.851332    -0.0620   2.851600    6.15099    -0.0454    13.8155 0.0000e+00  -64.67500  -62.74883 1154137490 210.072829    34.3134      17220         11  0.000e+00
    100.254    -0.0628   2.851302    -0.0621   2.851559    6.15108    -0.0784    13.8155 0.0000e+00  -64.67500  -62.74883 1154137490 210.072830    34.3140      17221         11  0.000e+00
    100.330    -0.0628   2.851292    -0.0618   2.851565    6.15115    -0.0343    13.8155 0.0000e+00  -64.67500  -62.74883 1154137490 210.072830    34.3139      17222         11  0.000e+00
    100.330    -0.0630   2.851262    -0.0620   2.851588    6.15119    -0.0233    13.8155 0.0000e+00  -64.67500  -62.74883 1154137490 210.072831    34.3137      17223         11  0.000e+00
    100.254    -0.0626   2.851265    -0.0617   2.851577    6.15108    -0.0343    13.8155 0.0000e+00  -64.67500  -62.74883 1154137490 210.072831    34.3134      17224         11  0.000e+00
    100.254    -0.0625   2.851285    -0.0624   2.851553    6.15105    -0.0123    13.8155 0.0000e+00  -64.67500  -62.74883 1154137491 210.072832    34.3135      17225         11  0.000e+00
    100.330    -0.0622   2.851259    -0.0622   2.851606    6.15109    -0.0123    13.8155 0.0000e+00  -64.67500  -62.74883 1154137491 210.072832    34.3127      17226         11  0.000e+00
    100.396    -0.0619   2.851322    -0.0589   2.851823    6.14644    -0.0123    13.8155 0.0000e+00  -64.67500  -62.74883 1154137495 210.072890    34.3132      17345         12  0.000e+00
    100.329    -0.0617   2.851315    -0.0586   2.851793    6.14636     0.0648    13.8155 0.0000e+00  -64.67500  -62.74883 1154137496 210.072890    34.3129      17346         12  0.000e+00
    100.329    -0.0622   2.851332    -0.0597   2.851787    6.14642    -0.0233    13.8155 0.0000e+00  -64.67500  -62.74883 1154137496 210.072891    34.3137      17347         12  0.000e+00
    100.329    -0.0626   2.851355    -0.0599   2.851770    6.15109    -0.0123    13.8155 0.0000e+00  -64.67500  -62.74883 1154137496 210.072891    34.3145      17348         12  0.000e+00
    100.253    -0.0620   2.851365    -0.0603   2.851741    6.14632     0.0318    13.8155 0.0000e+00  -64.67500  -62.74883 1154137496 210.072892    34.3140      17349         12  0.000e+00
    100.396    -0.0609   2.851429    -0.0602   2.851682    6.14626    -0.0233    13.8155 0.0000e+00  -64.67500  -62.74883 1154137496 210.072892    34.3136      17350         12  0.000e+00
    100.329    -0.0589   2.851522    -0.0601   2.851694    6.14590    -0.0454    13.8155 0.0000e+00  -64.67500  -62.74883 1154137496 210.072893    34.3125      17351         12  0.000e+00
    100.329    -0.0586   2.851575    -0.0603   2.851688    6.14584    -0.0123    13.8155 0.0000e+00  -64.67500  -62.74883 1154137496 210.072893    34.3129      17352         12  0.000e+00
    100.329    -0.0580   2.851589    -0.0602   2.851700    6.14575     0.0097    13.8155 0.0000e+00  -64.67500  -62.74883 1154137496 210.072894    34.3124      17353         12  0.000e+00
    100.329    -0.0580   2.851609    -0.0606   2.851705    6.14574     0.0758    13.8155 0.0000e+00  -64.67500  -62.74883 1154137496 210.072894    34.3127      17354         12  0.000e+00
    100.329    -0.0578   2.851579    -0.0608   2.851705    6.14573     0.0538    13.8155 0.0000e+00  -64.67500  -62.74883 1154137496 210.072894    34.3121      17355         12  0.000e+00
    100.329    -0.0588   2.851532    -0.0606   2.851705    6.15052     0.0097    13.8155 0.0000e+00  -64.67500  -62.74883 1154137496 210.072895    34.3125      17356         12  0.000e+00
    100.329    -0.0588   2.851555    -0.0609   2.851688    6.14587    -0.0674    13.8155 0.0000e+00  -64.67500  -62.74883 1154137496 210.072895    34.3129      17357         12  0.000e+00
    100.367    -0.0593   2.851569    -0.0611   2.851700    6.14596    -0.1004    13.8155 0.0000e+00  -64.67500  -62.74883 1154137496 210.072896    34.3136      17358         12  0.000e+00
    100.329    -0.0588   2.851569    -0.0608   2.851705    6.14586    -0.1665    13.8155 0.0000e+00  -64.67500  -62.74883 1154137496 210.072896    34.3130      17359         12  0.000e+00
    100.329    -0.0589   2.851582    -0.0602   2.851705    6.14587    -0.0674    13.8155 0.0000e+00  -64.67500  -62.74883 1154137496 210.072897    34.3133      17360         12  0.000e+00
    100.329    -0.0592   2.851605    -0.0603   2.851723    6.14590    -0.0123    13.8155 0.0000e+00  -64.67500  -62.74883 1154137496 210.072897    34.3140      17361         12  0.000e+00
    100.329    -0.0588   2.851579    -0.0596   2.851735    6.14585    -0.0343    13.8155 0.0000e+00  -64.67500  -62.74883 1154137496 210.072898    34.3132      17362         12  0.000e+00
    100.329    -0.0591   2.851569    -0.0595   2.851752    6.14590    -0.0784    13.8155 0.0000e+00  -64.67500  -62.74883 1154137496 210.072898    34.3133      17363         12  0.000e+00
    100.329    -0.0589   2.851555    -0.0595   2.851782    6.14589    -0.0233    13.8155 0.0000e+00  -64.67500  -62.74883 1154137496 210.072899    34.3130      17364         12  0.000e+00
    100.329    -0.0591   2.851595    -0.0595   2.851787    6.14588    -0.0784    13.8155 0.0000e+00  -64.67500  -62.74883 1154137496 210.072899    34.3137      17365         12  0.000e+00
    100.329    -0.0591   2.851579    -0.0598   2.851787    6.14589    -0.1004    13.8155 0.0000e+00  -64.67500  -62.74883 1154137496 210.072900    34.3135      17366         12  0.000e+00
    100.329    -0.0586   2.851599    -0.0594   2.851805    6.14582    -0.1004    13.8155 0.0000e+00  -64.67500  -62.74883 1154137496 210.072900    34.3132      17367         12  0.000e+00
    100.329    -0.0588   2.851612    -0.0582   2.851817    6.14583    -0.0674    13.8155 0.0000e+00  -64.67500  -62.74883 1154137496 210.072901    34.3136      17368         12  0.000e+00
    100.329    -0.0582   2.851582    -0.0583   2.851817    6.14577    -0.0674    13.8155 0.0000e+00  -64.67500  -62.74883 1154137496 210.072901    34.3125      17369         12  0.000e+00
    100.329    -0.0595   2.851515    -0.0582   2.851852    6.14598    -0.0784    13.8155 0.0000e+00  -64.67500  -62.74883 1154137497 210.072902    34.3131      17370         12  0.000e+00
    100.329    -0.0600   2.851499    -0.0584   2.851869    6.14605    -0.0343    13.8155 0.0000e+00  -64.67500  -62.74883 1154137497 210.072902    34.3135      17371         12  0.000e+00
    100.300    -0.0594   2.851565    -0.0584   2.851887    6.15055    -0.0784    13.8155 0.0000e+00  -64.67500  -62.74883 1154137497 210.072903    34.3137      17372         12  0.000e+00
    100.329    -0.0591   2.851572    -0.0583   2.851899    6.15053    -0.0784    13.8155 0.0000e+00  -64.67500  -62.74883 1154137497 210.072903    34.3134      17373         12  0.000e+00
    100.329    -0.0586   2.851589    -0.0586   2.851875    6.15046    -0.0894    13.8155 0.0000e+00  -64.67500  -62.74883 1154137497 210.072904    34.3131      17374         12  0.000e+00
    100.329    -0.0583   2.851625    -0.0581   2.851887    6.15040    -0.0454    13.8155 0.0000e+00  -64.67500  -62.74883 1154137497 210.072904    34.3132      17375         12  0.000e+00
    100.329    -0.0578   2.851615    -0.0580   2.851875    6.14572    -0.0674    13.8155 0.0000e+00  -64.67500  -62.74883 1154137497 210.072905    34.3126      17376         12  0.000e+00
    100.253    -0.0583   2.851612    -0.0577   2.851869    6.14571    -0.0454    13.8155 0.0000e+00  -64.67500  -62.74883 1154137497 210.072905    34.3131      17377         12  0.000e+00
    100.329    -0.0583   2.851612    -0.0576   2.851887    6.14578     0.0868    13.8155 0.0000e+00  -64.67500  -62.74883 1154137497 210.072906    34.3131      17378         12  0.000e+00
    100.329    -0.0589   2.851612    -0.0580   2.851899    6.14585     0.0207    13.8155 0.0000e+00  -64.67500  -62.74883 1154137497 210.072906    34.3138      17379         12  0.000e+00
    100.329    -0.0588   2.851599    -0.0577   2.851899    6.14584    -0.0123    13.8155 0.0000e+00  -64.67500  -62.74883 1154137497 210.072907    34.3134      17380         12  0.000e+00
    100.329    -0.0583   2.851625    -0.0577   2.851899    6.14577    -0.0343    13.8155 0.0000e+00  -64.67500  -62.74883 1154137497 210.072907    34.3132      17381         12  0.000e+00
    100.252    -0.0583   2.851615    -0.0574   2.851899    6.14571    -0.0674    13.8155 0.0000e+00  -64.67500  -62.74883 1154137497 210.072908    34.3131      17382         12  0.000e+00
    100.329    -0.0591   2.851579    -0.0575   2.851899    6.14589    -0.0784    13.8155 0.0000e+00  -64.67500  -62.74883 1154137497 210.072908    34.3135      17383         12  0.000e+00
    100.329    -0.0594   2.851532    -0.0574   2.851875    6.15059    -0.0674    13.8155 0.0000e+00  -64.67500  -62.74883 1154137497 210.072908    34.3132      17384         12  0.000e+00
    100.329    -0.0595   2.851509    -0.0578   2.851887    6.14599    -0.0784    13.8155 0.0000e+00  -64.67500  -62.74883 1154137497 210.072909    34.3131      17385         12  0.000e+00
    100.300    -0.0595   2.851515    -0.0582   2.851875    6.14596    -0.1225    13.8155 0.0000e+00  -64.67500  -62.74883 1154137497 210.072909    34.3132      17386         12  0.000e+00
    100.329    -0.0593   2.851522    -0.0578   2.851887    6.14596    -0.1225    13.8155 0.0000e+00  -64.67500  -62.74883 1154137497 210.072910    34.3130      17387         12  0.000e+00
    100.252    -0.0595   2.851522    -0.0579   2.851875    6.15055    -0.0013    13.8155 0.0000e+00  -64.67500  -62.74883 1154137497 210.072910    34.3133      17388         12  0.000e+00
    100.329    -0.0594   2.851555    -0.0582   2.851869    6.14595    -0.0123    13.8155 0.0000e+00  -64.67500  -62.74883 1154137497 210.072911    34.3136      17389         12  0.000e+00
    100.329    -0.0591   2.851605    -0.0582   2.851869    6.14587    -0.0674    13.8155 0.0000e+00  -64.67500  -62.74883 1154137497 210.072911    34.3138      17390         12  0.000e+00
    100.329    -0.0583   2.851612    -0.0578   2.851869    6.14578    -0.0674    13.8155 0.0000e+00  -64.67500  -62.74883 1154137497 210.072912    34.3131      17391         12  0.000e+00
    100.329    -0.0583   2.851612    -0.0582   2.851846    6.14577    -0.0674    13.8155 0.0000e+00  -64.67500  -62.74883 1154137497 210.072912    34.3130      17392         12  0.000e+00
    100.252    -0.0578   2.851612    -0.0577   2.851881    6.14565    -0.1114    13.8155 0.0000e+00  -64.67500  -62.74883 1154137498 210.072913    34.3126      17393         12  0.000e+00
     75.419    -0.0605   2.850378    -0.0595   2.850709    6.14857     0.0428    13.8155 0.0000e+00  -64.67500  -62.74883 1154137556 210.073587    34.3143      18791         13  0.000e+00
     75.515    -0.0605   2.850378    -0.0592   2.850709    6.14864     0.0758    13.8155 0.0000e+00  -64.67500  -62.74883 1154137556 210.073587    34.3142      18792         13  0.000e+00
     75.353    -0.0602   2.850358    -0.0597   2.850727    6.14848     0.0648    13.8155 0.0000e+00  -64.67500  -62.74883 1154137556 210.073588    34.3137      18793         13  0.000e+00
     75.438    -0.0603   2.850352    -0.0595   2.850686    6.15319    -0.0343    13.8155 0.0000e+00  -64.67500  -62.74883 1154137556 210.073588    34.3137      18794         13  0.000e+00
     75.486    -0.0605   2.850352    -0.0598   2.850692    6.14864    -0.0233    13.8155 0.0000e+00  -64.67500  -62.74883 1154137556 210.073589    34.3139      18795         13  0.000e+00
     75.438    -0.0605   2.850352    -0.0592   2.850721    6.14860    -0.0343    13.8155 0.0000e+00  -64.67500  -62.74883 1154137556 210.073589    34.3139      18796         13  0.000e+00
     75.419    -0.0605   2.850352    -0.0594   2.850733    6.14858    -0.0784    13.8155 0.0000e+00  -64.67500  -62.74883 1154137556 210.073590    34.3139      18797         13  0.000e+00
