product_data/regression_test/downloaded_data/MDGS/320620060703/ctd/p6624001.ros
* Sea-Bird SBE 9 Data File:
* FileName = D:\Data\Raw\p6624001.dat
* Software Version Seasave Win32 V 5.32
* Temperature SN = 1649
* Conductivity SN = 1431
* Number of Bytes Per Scan = 37
* Number of Voltage Words = 5
* Number of Scans Averaged by the Deck Unit = 1
* NMEA Latitude = 61 22.59 S
* NMEA Longitude = 054 00.77 W
* NMEA UTC (Time) = 07:06:41
** Ship:   Nathaniel B. Palmer 
** Cruise:    NBP0606 
# nquan = 17
# nvalues = 1176                    
# units = specified
# name 0 = prDM: Pressure, Digiquartz [db]
# name 1 = t090C: Temperature [ITS-90, deg C]
# name 2 = c0S/m: Conductivity [S/m]
# name 3 = t190C: Temperature, 2 [ITS-90, deg C]
# name 4 = c1S/m: Conductivity, 2 [S/m]
# name 5 = sbeox0ML/L: Oxygen, SBE 43 [ml/l]
# name 6 = flECO-AFL: Fluorescence, Wetlab ECO-AFL/FL [mg/m^3]
# name 7 = bat: Beam Attenuation, Chelsea/Seatech/Wetlab CStar [1/m]
# name 8 = spar: SPAR/Surface Irradiance
# name 9 = latitude: Latitude [deg]
# name 10 = longitude: Longitude [deg]
# name 11 = timeY: Time, System [seconds]
# name 12 = timeJ: Julian Days
# name 13 = sal00: Salinity [PSU]
# name 14 = scan: scan number
# name 15 = nbf: number of bottles fired
# name 16 = flag:  0.000e+00
# interval = seconds: 0.0416667                   
# start_time = Aug 08 2006 07:08:22
*END*
[from data line 86]
    899.816    -0.4356   2.873698    -0.4352   2.873786    6.19460    -0.0784    13.8155 0.0000e+00  -61.37650  -54.01283 1155022981 220.321559    34.5562      49937          2  0.000e+00
    899.864    -0.4353   2.873718    -0.4361   2.873769    6.19459    -0.1004    13.8155 0.0000e+00  -61.37650  -54.01283 1155022981 220.321559    34.5561      49938          2  0.000e+00
    899.816    -0.4349   2.873705    -0.4360   2.873781    6.19450    -0.1225    13.8155 0.0000e+00  -61.37650  -54.01283 1155022981 220.321560    34.5555      49939          2  0.000e+00
    899.797    -0.4349   2.873715    -0.4360   2.873769    6.18927    -0.0784    13.8155 0.0000e+00  -61.37650  -54.01283 1155022981 220.321560    34.5556      49940          2  0.000e+00
    899.816    -0.4349   2.873688    -0.4357   2.873781    6.19450    -0.0784    13.8155 0.0000e+00  -61.37650  -54.01283 1155022981 220.321561    34.5552      49941          2  0.000e+00
    899.797    -0.4357   2.873692    -0.4358   2.873763    6.19459    -0.0784    13.8155 0.0000e+00  -61.37650  -54.01283 1155022981 220.321561    34.5562      49942          2  0.000e+00
    899.749    -0.4356   2.873682    -0.4358   2.873781    6.19455    -0.0454    13.8155 0.0000e+00  -61.37650  -54.01283 1155022981 220.321562    34.5560      49943          2  0.000e+00
    899.797    -0.4363   2.873692    -0.4357   2.873763    6.19467    -0.0123    13.8155 0.0000e+00  -61.37650  -54.01283 1155022981 220.321562    34.5568      49944          2  0.000e+00
    899.749    -0.4364   2.873682    -0.4357   2.873757    6.19465    -0.0564    13.8155 0.0000e+00  -61.37650  -54.01283 1155022981 220.321563    34.5569      49945          2  0.000e+00
    899.797    -0.4368   2.873698    -0.4360   2.873734    6.18953    -0.0784    13.8155 0.0000e+00  -61.37650  -54.01283 1155022981 220.321563    34.5575      49946          2  0.000e+00
    899.749    -0.4364   2.873698    -0.4360   2.873786    6.19464    -0.1004    13.8155 0.0000e+00  -61.37650  -54.01283 1155022981 220.321563    34.5571      49947          2  0.000e+00
    899.797    -0.4366   2.873665    -0.4358   2.873757    6.19472    -0.1335    13.8155 0.0000e+00  -61.37650  -54.01283 1155022981 220.321564    34.5568      49948          2  0.000e+00
    800.058    -0.4789   2.865104    -0.4788   2.865186    6.23268    -0.1225    13.8155 0.0000e+00  -61.37650  -54.01283 1155023126 220.323243    34.5486      53429          3  0.000e+00
    800.203    -0.4788   2.865101    -0.4789   2.865197    6.23278    -0.0564    13.8155 0.0000e+00  -61.37650  -54.01283 1155023126 220.323243    34.5483      53430          3  0.000e+00
    800.126    -0.4791   2.865117    -0.4789   2.865191    6.22761    -0.1114    13.8155 0.0000e+00  -61.37650  -54.01283 1155023126 220.323244    34.5489      53431          3  0.000e+00
    800.039    -0.4794   2.865104    -0.4790   2.865203    6.22758    -0.1555    13.8155 0.0000e+00  -61.37650  -54.01283 1155023126 220.323244    34.5491      53432          3  0.000e+00
    800.126    -0.4791   2.865117    -0.4790   2.865186    6.22761    -0.1775    13.8155 0.0000e+00  -61.37650  -54.01283 1155023126 220.323245    34.5489      53433          3  0.000e+00
    800.126    -0.4791   2.865087    -0.4788   2.865203    6.22763    -0.1886    13.8155 0.0000e+00  -61.37650  -54.01283 1155023126 220.323245    34.5485      53434          3  0.000e+00
    800.058    -0.4792   2.865111    -0.4789   2.865209    6.22757    -0.1775    13.8155 0.0000e+00  -61.37650  -54.01283 1155023126 220.323246    34.5490      53435          3  0.000e+00
    800.126    -0.4791   2.865104    -0.4792   2.865209    6.22762    -0.1665    13.8155 0.0000e+00  -61.37650  -54.01283 1155023127 220.323246    34.5487      53436          3  0.000e+00
    800.039    -0.4789   2.865117    -0.4790   2.865191    6.22751    -0.0894    13.8155 0.0000e+00  -61.37650  -54.01283 1155023127 220.323247    34.5488      53437          3  0.000e+00
    800.126    -0.4794   2.865087    -0.4793   2.865203    6.22767    -0.0894    13.8155 0.0000e+00  -61.37650  -54.01283 1155023127 220.323247    34.5489      53438          3  0.000e+00
    800.058    -0.4794   2.865094    -0.4789   2.865209    6.22760    -0.0674    13.8155 0.0000e+00  -61.37650  -54.01283 1155023127 220.323247    34.5490      53439          3  0.000e+00
    799.991    -0.4791   2.865117    -0.4790   2.865209    6.22749    -0.0564    13.8155 0.0000e+00  -61.37650  -54.01283 1155023127 220.323248    34.5490      53440          3  0.000e+00
    800.058    -0.4791   2.865124    -0.4793   2.865227    6.22755    -0.0784    13.8155 0.0000e+00  -61.37650  -54.01283 1155023127 220.323248    34.5490      53441          3  0.000e+00
    800.039    -0.4789   2.865124    -0.4789   2.865180    6.23265    -0.0674    13.8155 0.0000e+00  -61.37650  -54.01283 1155023127 220.323249    34.5489      53442          3  0.000e+00
    800.058    -0.4789   2.865087    -0.4785   2.865197    6.22755    -0.1445    13.8155 0.0000e+00  -61.37650  -54.01283 1155023127 220.323249    34.5484      53443          3  0.000e+00
    800.058    -0.4792   2.865127    -0.4790   2.865186    6.22756    -0.0894    13.8155 0.0000e+00  -61.37650  -54.01283 1155023127 220.323250    34.5493      53444          3  0.000e+00
    799.991    -0.4788   2.865127    -0.4793   2.865180    6.23258    -0.0784    13.8155 0.0000e+00  -61.37650  -54.01283 1155023127 220.323250    34.5488      53445          3  0.000e+00
    799.991    -0.4791   2.865104    -0.4787   2.865180    6.23264    -0.1445    13.8155 0.0000e+00  -61.37650  -54.01283 1155023127 220.323251    34.5488      53446          3  0.000e+00
    800.039    -0.4789   2.865117    -0.4789   2.865180    6.23265    -0.1886    13.8155 0.0000e+00  -61.37650  -54.01283 1155023127 220.323251    34.5488      53447          3  0.000e+00
    799.991    -0.4792   2.865124    -0.4790   2.865180    6.23265    -0.0894    13.8155 0.0000e+00  -61.37650  -54.01283 1155023127 220.323252    34.5492      53448          3  0.000e+00
    799.991    -0.4792   2.865104    -0.4784   2.865180    6.22752    -0.0343    13.8155 0.0000e+00  -61.37650  -54.01283 1155023127 220.323252    34.5490      53449          3  0.000e+00
    800.058    -0.4789   2.865101    -0.4789   2.865180    6.22754    -0.1555    13.8155 0.0000e+00  -61.37650  -54.01283 1155023127 220.323253    34.5486      53450          3  0.000e+00
    799.962    -0.4795   2.865081    -0.4792   2.865180    6.22755    -0.1004    13.8155 0.0000e+00  -61.37650  -54.01283 1155023127 220.323253    34.5490      53451          3  0.000e+00
    799.991    -0.4794   2.865094    -0.4788   2.865180    6.23269    -0.0674    13.8155 0.0000e+00  -61.37650  -54.01283 1155023127 220.323254    34.5490      53452          3  0.000e+00
    799.914    -0.4788   2.865117    -0.4787   2.865197    6.23252    -0.0564    13.8155 0.0000e+00  -61.37650  -54.01283 1155023127 220.323254    34.5487      53453          3  0.000e+00
    799.991    -0.4792   2.865104    -0.4789   2.865191    6.23266    -0.0123    13.8155 0.0000e+00  -61.37650  -54.01283 1155023127 220.323255    34.5490      53454          3  0.000e+00
    799.991    -0.4792   2.865117    -0.4790   2.865180    6.22751    -0.0454    13.8155 0.0000e+00  -61.37650  -54.01283 1155023127 220.323255    34.5492      53455          3  0.000e+00
    799.962    -0.4791   2.865124    -0.4786   2.865197    6.22746    -0.0894    13.8155 0.0000e+00  -61.37650  -54.01283 1155023127 220.323256    34.5491      53456          3  0.000e+00
    799.914    -0.4789   2.865104    -0.4785   2.865191    6.22741    -0.0123    13.8155 0.0000e+00  -61.37650  -54.01283 1155023127 220.323256    34.5487      53457          3  0.000e+00
    799.914    -0.4791   2.865101    -0.4790   2.865180    6.22743    -0.0564    13.8155 0.0000e+00  -61.37650  -54.01283 1155023127 220.323257    34.5488      53458          3  0.000e+00
    799.991    -0.4791   2.865081    -0.4792   2.865180    6.23265    -0.0894    13.8155 0.0000e+00  -61.37650  -54.01283 1155023127 220.323257    34.5485      53459          3  0.000e+00
    799.914    -0.4792   2.865094    -0.4790   2.865180    6.23260    -0.0343    13.8155 0.0000e+00  -61.37650  -54.01283 1155023128 220.323258    34.5489      53460          3  0.000e+00
    799.895    -0.4792   2.865117    -0.4789   2.865180    6.23257    -0.0784    13.8155 0.0000e+00  -61.37650  -54.01283 1155023128 220.323258    34.5492      53461          3  0.000e+00
    799.914    -0.4789   2.865087    -0.4794   2.865180    6.22742    -0.1886    13.8155 0.0000e+00  -61.37650  -54.01283 1155023128 220.323259    34.5485      53462          3  0.000e+00
    799.914    -0.4792   2.865111    -0.4787   2.865180    6.22745    -0.1335    13.8155 0.0000e+00  -61.37650  -54.01283 1155023128 220.323259    34.5491      53463          3  0.000e+00
    799.847    -0.4794   2.865124    -0.4790   2.865180    6.22740    -0.0784    13.8155 0.0000e+00  -61.37650  -54.01283 1155023128 220.323260    34.5495      53464          3  0.000e+00
    799.914    -0.4791   2.865087    -0.4792   2.865180    6.23258    -0.1114    13.8155 0.0000e+00  -61.37650  -54.01283 1155023128 220.323260    34.5486      53465          3  0.000e+00
    799.895    -0.4794   2.865077    -0.4784   2.865180    6.23261    -0.1004    13.8155 0.0000e+00  -61.37650  -54.01283 1155023128 220.323261    34.5489      53466          3  0.000e+00
    799.847    -0.4791   2.865077    -0.4790   2.865180    6.22739    -0.1004    13.8155 0.0000e+00  -61.37650  -54.01283 1155023128 220.323261    34.5485      53467          3  0.000e+00
    799.914    -0.4791   2.865094    -0.4792   2.865180    6.22744    -0.0784    13.8155 0.0000e+00  -61.37650  -54.01283 1155023128 220.323261    34.5487      53468          3  0.000e+00
    799.847    -0.4792   2.865080    -0.4786   2.865221    6.22741    -0.0784    13.8155 0.0000e+00  -61.37650  -54.01283 1155023128 220.323262    34.5488      53469          3  0.000e+00
    799.847    -0.4797   2.865094    -0.4783   2.865191    6.23260    -0.0564    13.8155 0.0000e+00  -61.37650  -54.01283 1155023128 220.323262    34.5495      53470          3  0.000e+00
    799.895    -0.4794   2.865080    -0.4793   2.865180    6.23261    -0.0894    13.8155 0.0000e+00  -61.37650  -54.01283 1155023128 220.323263    34.5489      53471          3  0.000e+00
    799.847    -0.4794   2.865077    -0.4790   2.865180    6.23257    -0.0784    13.8155 0.0000e+00  -61.37650  -54.01283 1155023128 220.323263    34.5489      53472          3  0.000e+00
    799.770    -0.4788   2.865077    -0.4789   2.865180    6.23242    -0.1225    13.8155 0.0000e+00  -61.37650  -54.01283 1155023128 220.323264    34.5482      53473          3  0.000e+00
    799.847    -0.4791   2.865077    -0.4790   2.865180    6.22739    -0.0784    13.8155 0.0000e+00  -61.37650  -54.01283 1155023128 220.323264    34.5485      53474          3  0.000e+00
    799.847    -0.4798   2.865077    -0.4787   2.865180    6.22749    -0.0784    13.8155 0.0000e+00  -61.37650  -54.01283 1155023128 220.323265    34.5494      53475          3  0.000e+00
    799.818    -0.4795   2.865057    -0.4788   2.865162    6.23257    -0.0454    13.8155 0.0000e+00  -61.37650  -54.01283 1155023128 220.323265    34.5488      53476          3  0.000e+00
    799.770    -0.4794   2.865070    -0.4789   2.865174    6.23251    -0.0784    13.8155 0.0000e+00  -61.37650  -54.01283 1155023128 220.323266    34.5489      53477          3  0.000e+00
    700.040    -0.5288   2.855780    -0.5277   2.855833    6.28517     0.0097    13.8155 0.0000e+00  -61.37650  -54.01283 1155023276 220.324972    34.5393      57014          4  0.000e+00
    699.973    -0.5282   2.855757    -0.5277   2.855862    6.28504    -0.0343    13.8155 0.0000e+00  -61.37650  -54.01283 1155023276 220.324972    34.5383      57015          4  0.000e+00
    699.973    -0.5283   2.855803    -0.5279   2.855891    6.28503    -0.1775    13.8155 0.0000e+00  -61.37650  -54.01283 1155023276 220.324973    34.5391      57016          4  0.000e+00
    699.829    -0.5280   2.855770    -0.5280   2.855879    6.28489    -0.1225    13.8155 0.0000e+00  -61.37650  -54.01283 1155023276 220.324973    34.5384      57017          4  0.000e+00
    699.896    -0.5282   2.855770    -0.5280   2.855891    6.28496    -0.0784    13.8155 0.0000e+00  -61.37650  -54.01283 1155023276 220.324973    34.5385      57018          4  0.000e+00
    699.973    -0.5287   2.855793    -0.5277   2.855879    6.28508    -0.0564    13.8155 0.0000e+00  -61.37650  -54.01283 1155023276 220.324974    34.5393      57019          4  0.000e+00
    699.896    -0.5282   2.855780    -0.5282   2.855874    6.28496    -0.0454    13.8155 0.0000e+00  -61.37650  -54.01283 1155023276 220.324974    34.5386      57020          4  0.000e+00
    699.896    -0.5287   2.855757    -0.5280   2.855885    6.28503    -0.1004    13.8155 0.0000e+00  -61.37650  -54.01283 1155023276 220.324975    34.5389      57021          4  0.000e+00
    699.848    -0.5283   2.855770    -0.5280   2.855891    6.28494    -0.0233    13.8155 0.0000e+00  -61.37650  -54.01283 1155023276 220.324975    34.5387      57022          4  0.000e+00
    699.896    -0.5280   2.855777    -0.5282   2.855879    6.29002    -0.0343    13.8155 0.0000e+00  -61.37650  -54.01283 1155023276 220.324976    34.5384      57023          4  0.000e+00
    699.896    -0.5282   2.855757    -0.5280   2.855874    6.28497    -0.0674    13.8155 0.0000e+00  -61.37650  -54.01283 1155023276 220.324976    34.5383      57024          4  0.000e+00
    699.829    -0.5284   2.855753    -0.5279   2.855873    6.28494    -0.0343    13.8155 0.0000e+00  -61.37650  -54.01283 1155023276 220.324977    34.5385      57025          4  0.000e+00
    699.896    -0.5282   2.855770    -0.5275   2.855874    6.28496    -0.0013    13.8155 0.0000e+00  -61.37650  -54.01283 1155023276 220.324977    34.5385      57026          4  0.000e+00
    699.896    -0.5276   2.855777    -0.5279   2.855874    6.28488    -0.0123    13.8155 0.0000e+00  -61.37650  -54.01283 1155023276 220.324978    34.5379      57027          4  0.000e+00
    699.829    -0.5282   2.855793    -0.5279   2.855891    6.28489    -0.0674    13.8155 0.0000e+00  -61.37650  -54.01283 1155023276 220.324978    34.5388      57028          4  0.000e+00
    699.829    -0.5284   2.855763    -0.5279   2.855879    6.28493    -0.0123    13.8155 0.0000e+00  -61.37650  -54.01283 1155023276 220.324979    34.5386      57029          4  0.000e+00
    699.829    -0.5282   2.855733    -0.5279   2.855873    6.28493     0.0097    13.8155 0.0000e+00  -61.37650  -54.01283 1155023276 220.324979    34.5380      57030          4  0.000e+00
    699.896    -0.5283   2.855763    -0.5282   2.855850    6.28499    -0.0564    13.8155 0.0000e+00  -61.37650  -54.01283 1155023276 220.324980    34.5386      57031          4  0.000e+00
    699.781    -0.5282   2.855757    -0.5282   2.855862    6.28487    -0.1555    13.8155 0.0000e+00  -61.37650  -54.01283 1155023276 220.324980    34.5384      57032          4  0.000e+00
    699.829    -0.5285   2.855787    -0.5277   2.855868    6.28494    -0.1445    13.8155 0.0000e+00  -61.37650  -54.01283 1155023276 220.324981    34.5391      57033          4  0.000e+00
    699.829    -0.5279   2.855763    -0.5283   2.855891    6.28487    -0.1114    13.8155 0.0000e+00  -61.37650  -54.01283 1155023276 220.324981    34.5381      57034          4  0.000e+00
    699.829    -0.5287   2.855753    -0.5282   2.855879    6.28497    -0.1004    13.8155 0.0000e+00  -61.37650  -54.01283 1155023276 220.324982    34.5388      57035          4  0.000e+00
    699.829    -0.5282   2.855787    -0.5280   2.855891    6.28490    -0.1114    13.8155 0.0000e+00  -61.37650  -54.01283 1155023277 220.324982    34.5388      57036          4  0.000e+00
