product_data/regression_test/downloaded_data/MDGS/320620060703/ctd/p6621403.ros
* Sea-Bird SBE 9 Data File:
* FileName = D:\Data\Raw\p6621403.dat
* Software Version Seasave Win32 V 5.32
* Temperature SN = 1649
* Conductivity SN = 1431
* Number of Bytes Per Scan = 37
* Number of Voltage Words = 5
* Number of Scans Averaged by the Deck Unit = 1
* NMEA Latitude = 63 12.75 S
* NMEA Longitude = 061 12.97 W
* NMEA UTC (Time) = 03:08:04
** Ship:   Nathaniel B. Palmer 
** Cruise:    NBP0606 
# nquan = 17
# nvalues = 1176                    
# units = specified
# name 0 = prDM: Pressure, Digiquartz [db]
# name 1 = t090C: Temperature [ITS-90, deg C]
# name 2 = c0S/m: Conductivity [S/m]
# name 3 = t190C: Temperature, 2 [ITS-90, deg C]
# name 4 = c1S/m: Conductivity, 2 [S/m]
# name 5 = sbeox0ML/L: Oxygen, SBE 43 [ml/l]
# name 6 = flECO-AFL: Fluorescence, Wetlab ECO-AFL/FL [mg/m^3]
# name 7 = bat: Beam Attenuation, Chelsea/Seatech/Wetlab CStar [1/m]
# name 8 = spar: SPAR/Surface Irradiance
# name 9 = latitude: Latitude [deg]
# name 10 = longitude: Longitude [deg]
# name 11 = timeY: Time, System [seconds]
# name 12 = timeJ: Julian Days
# name 13 = sal00: Salinity [PSU]
# name 14 = scan: scan number
# name 15 = nbf: number of bottles fired
# name 16 = flag:  0.000e+00
# interval = seconds: 0.0416667                   
# start_time = Aug 01 2006 03:08:17
*END*
   1000.713     0.1714   2.930838     0.1723   2.931140    5.83933    -0.0674    13.8155 0.0000e+00  -63.21250  -61.21617 1154403567 213.152415    34.5719      44920          1  0.000e+00
   1000.500     0.1717   2.930845     0.1722   2.931152    5.83912    -0.1335    13.8155 0.0000e+00  -63.21250  -61.21617 1154403567 213.152415    34.5718      44921          1  0.000e+00
   1000.780     0.1709   2.930811     0.1727   2.931182    5.83946    -0.1555    13.8155 0.0000e+00  -63.21250  -61.21617 1154403567 213.152416    34.5721      44922          1  0.000e+00
   1000.587     0.1713   2.930801     0.1729   2.931170    5.83927    -0.0894    13.8155 0.0000e+00  -63.21250  -61.21617 1154403567 213.152416    34.5717      44923          1  0.000e+00
   1000.635     0.1707   2.930838     0.1727   2.931164    5.83935    -0.0784    13.8155 0.0000e+00  -63.21250  -61.21617 1154403567 213.152417    34.5727      44924          1  0.000e+00
   1000.635     0.1705   2.930865     0.1724   2.931164    5.83936    -0.0564    13.8155 0.0000e+00  -63.21250  -61.21617 1154403567 213.152417    34.5733      44925          1  0.000e+00
   1000.635     0.1710   2.930822     0.1727   2.931182    5.83932    -0.0454    13.8155 0.0000e+00  -63.21250  -61.21617 1154403568 213.152418    34.5721      44926          1  0.000e+00
   1000.635     0.1709   2.930855     0.1723   2.931146    5.83931    -0.0564    13.8155 0.0000e+00  -63.21250  -61.21617 1154403568 213.152418    34.5727      44927          1  0.000e+00
   1000.587     0.1710   2.930855     0.1725   2.931152    5.83926    -0.1225    13.8155 0.0000e+00  -63.21250  -61.21617 1154403568 213.152418    34.5726      44928          1  0.000e+00
   1000.635     0.1713   2.930869     0.1729   2.931182    5.83926    -0.1555    13.8155 0.0000e+00  -63.21250  -61.21617 1154403568 213.152419    34.5724      44929          1  0.000e+00
   1000.635     0.1715   2.930855     0.1729   2.931194    5.83925    -0.0784    13.8155 0.0000e+00  -63.21250  -61.21617 1154403568 213.152419    34.5721      44930          1  0.000e+00
   1000.635     0.1719   2.930886     0.1730   2.931170    5.83919    -0.0784    13.8155 0.0000e+00  -63.21250  -61.21617 1154403568 213.152420    34.5720      44931          1  0.000e+00
   1000.635     0.1720   2.930899     0.1730   2.931164    5.83917    -0.1114    13.8155 0.0000e+00  -63.21250  -61.21617 1154403568 213.152420    34.5721      44932          1  0.000e+00
   1000.635     0.1721   2.930913     0.1729   2.931200    5.83914    -0.1004    13.8155 0.0000e+00  -63.21250  -61.21617 1154403568 213.152421    34.5721      44933          1  0.000e+00
   1000.664     0.1724   2.930957     0.1729   2.931176    5.83911    -0.1004    13.8155 0.0000e+00  -63.21250  -61.21617 1154403568 213.152421    34.5724      44934          1  0.000e+00
   1000.635     0.1721   2.930933     0.1735   2.931223    5.83913    -0.1225    13.8155 0.0000e+00  -63.21250  -61.21617 1154403568 213.152422    34.5724      44935          1  0.000e+00
   1000.635     0.1721   2.930882     0.1736   2.931223    5.83916    -0.2106    13.8155 0.0000e+00  -63.21250  -61.21617 1154403568 213.152422    34.5717      44936          1  0.000e+00
   1000.635     0.1720   2.930909     0.1735   2.931217    5.83397    -0.1665    13.8155 0.0000e+00  -63.21250  -61.21617 1154403568 213.152423    34.5722      44937          1  0.000e+00
   1000.635     0.1719   2.930903     0.1733   2.931235    5.83918    -0.0343    13.8155 0.0000e+00  -63.21250  -61.21617 1154403568 213.152423    34.5723      44938          1  0.000e+00
   1000.587     0.1723   2.930913     0.1736   2.931223    5.83908    -0.0564    13.8155 0.0000e+00  -63.21250  -61.21617 1154403568 213.152424    34.5720      44939          1  0.000e+00
   1000.635     0.1726   2.930957     0.1735   2.931282    5.83906    -0.0123    13.8155 0.0000e+00  -63.21250  -61.21617 1154403568 213.152424    34.5722      44940          1  0.000e+00
   1000.635     0.1726   2.930950     0.1733   2.931259    5.83907    -0.0784    13.8155 0.0000e+00  -63.21250  -61.21617 1154403568 213.152425    34.5721      44941          1  0.000e+00
   1000.635     0.1720   2.930960     0.1738   2.931247    5.83913    -0.1004    13.8155 0.0000e+00  -63.21250  -61.21617 1154403568 213.152425    34.5728      44942          1  0.000e+00
   1000.635     0.1726   2.930987     0.1738   2.931247    5.83905    -0.1004    13.8155 0.0000e+00  -63.21250  -61.21617 1154403568 213.152426    34.5726      44943          1  0.000e+00
   1000.664     0.1727   2.930990     0.1735   2.931265    5.83905    -0.1004    13.8155 0.0000e+00  -63.21250  -61.21617 1154403568 213.152426    34.5724      44944          1  0.000e+00
   1000.567     0.1735   2.931041     0.1738   2.931229    5.83885    -0.1445    13.8155 0.0000e+00  -63.21250  -61.21617 1154403568 213.152427    34.5723      44945          1  0.000e+00
   1000.780     0.1739   2.931044     0.1740   2.931259    5.83897    -0.0894    13.8155 0.0000e+00  -63.21250  -61.21617 1154403568 213.152427    34.5718      44946          1  0.000e+00
   1000.635     0.1743   2.931092     0.1741   2.931312    5.83879    -0.0674    13.8155 0.0000e+00  -63.21250  -61.21617 1154403568 213.152428    34.5720      44947          1  0.000e+00
   1000.712     0.1740   2.931108     0.1739   2.931306    5.83888    -0.0784    13.8155 0.0000e+00  -63.21250  -61.21617 1154403568 213.152428    34.5726      44948          1  0.000e+00
   1000.664     0.1741   2.931071     0.1742   2.931300    5.83884    -0.0784    13.8155 0.0000e+00  -63.21250  -61.21617 1154403568 213.152429    34.5720      44949          1  0.000e+00
   1000.635     0.1742   2.931078     0.1740   2.931300    5.83880    -0.0784    13.8155 0.0000e+00  -63.21250  -61.21617 1154403568 213.152429    34.5719      44950          1  0.000e+00
   1000.712     0.1741   2.931065     0.1742   2.931300    5.83888    -0.1225    13.8155 0.0000e+00  -63.21250  -61.21617 1154403569 213.152430    34.5718      44951          1  0.000e+00
   1000.712     0.1735   2.931078     0.1738   2.931300    5.83895    -0.1004    13.8155 0.0000e+00  -63.21250  -61.21617 1154403569 213.152430    34.5727      44952          1  0.000e+00
   1000.635     0.1738   2.931065     0.1740   2.931341    5.83886    -0.0894    13.8155 0.0000e+00  -63.21250  -61.21617 1154403569 213.152431    34.5722      44953          1  0.000e+00
   1000.712     0.1733   2.931061     0.1742   2.931312    5.83898    -0.0233    13.8155 0.0000e+00  -63.21250  -61.21617 1154403569 213.152431    34.5727      44954          1  0.000e+00
   1000.731     0.1738   2.931044     0.1739   2.931318    5.83895    -0.0784    13.8155 0.0000e+00  -63.21250  -61.21617 1154403569 213.152432    34.5719      44955          1  0.000e+00
   1000.712     0.1733   2.931038     0.1741   2.931347    5.83899    -0.1445    13.8155 0.0000e+00  -63.21250  -61.21617 1154403569 213.152432    34.5723      44956          1  0.000e+00
   1000.712     0.1735   2.931021     0.1738   2.931294    5.83898    -0.1225    13.8155 0.0000e+00  -63.21250  -61.21617 1154403569 213.152432    34.5720      44957          1  0.000e+00
   1000.780     0.1728   2.930926     0.1738   2.931253    5.83917    -0.0343    13.8155 0.0000e+00  -63.21250  -61.21617 1154403569 213.152433    34.5714      44958          1  0.000e+00
   1000.712     0.1726   2.930896     0.1729   2.931223    5.83396    -0.0343    13.8155 0.0000e+00  -63.21250  -61.21617 1154403569 213.152433    34.5713      44959          1  0.000e+00
   1000.731     0.1718   2.930916     0.1730   2.931217    5.83406    -0.0343    13.8155 0.0000e+00  -63.21250  -61.21617 1154403569 213.152434    34.5725      44960          1  0.000e+00
   1000.780     0.1720   2.930923     0.1735   2.931235    5.83926    -0.1445    13.8155 0.0000e+00  -63.21250  -61.21617 1154403569 213.152434    34.5723      44961          1  0.000e+00
   1000.712     0.1720   2.930936     0.1738   2.931306    5.83921    -0.1996    13.8155 0.0000e+00  -63.21250  -61.21617 1154403569 213.152435    34.5726      44962          1  0.000e+00
   1000.780     0.1724   2.931014     0.1744   2.931288    5.83917    -0.2106    13.8155 0.0000e+00  -63.21250  -61.21617 1154403569 213.152435    34.5730      44963          1  0.000e+00
   1000.780     0.1729   2.931038     0.1742   2.931312    5.83910    -0.1886    13.8155 0.0000e+00  -63.21250  -61.21617 1154403569 213.152436    34.5728      44964          1  0.000e+00
   1000.799     0.1730   2.931021     0.1742   2.931330    5.83911    -0.1665    13.8155 0.0000e+00  -63.21250  -61.21617 1154403569 213.152436    34.5725      44965          1  0.000e+00
   1000.780     0.1733   2.931034     0.1746   2.931365    5.83905    -0.1004    13.8155 0.0000e+00  -63.21250  -61.21617 1154403569 213.152437    34.5723      44966          1  0.000e+00
   1000.780     0.1732   2.931038     0.1741   2.931318    5.83906    -0.1114    13.8155 0.0000e+00  -63.21250  -61.21617 1154403569 213.152437    34.5725      44967          1  0.000e+00
   1000.780     0.1737   2.931038     0.1746   2.931342    5.83901    -0.1335    13.8155 0.0000e+00  -63.21250  -61.21617 1154403569 213.152438    34.5720      44968          1  0.000e+00
    900.918     0.2805   2.936006     0.2809   2.936277    5.75867    -0.1225    13.8155 0.0000e+00  -63.21250  -61.21617 1154403709 213.154059    34.5744      48329          2  0.000e+00
    900.938     0.2804   2.936003     0.2810   2.936289    5.75870    -0.0894    13.8155 0.0000e+00  -63.21250  -61.21617 1154403709 213.154059    34.5745      48330          2  0.000e+00
    900.996     0.2807   2.936010     0.2811   2.936271    5.75871     0.0207    13.8155 0.0000e+00  -63.21250  -61.21617 1154403709 213.154060    34.5742      48331          2  0.000e+00
    900.938     0.2811   2.936013     0.2812   2.936265    5.75861    -0.0013    13.8155 0.0000e+00  -63.21250  -61.21617 1154403709 213.154060    34.5738      48332          2  0.000e+00
    900.996     0.2807   2.936030     0.2811   2.936289    5.75870    -0.0674    13.8155 0.0000e+00  -63.21250  -61.21617 1154403709 213.154061    34.5744      48333          2  0.000e+00
    900.938     0.2810   2.936037     0.2807   2.936247    5.75861    -0.1114    13.8155 0.0000e+00  -63.21250  -61.21617 1154403710 213.154061    34.5742      48334          2  0.000e+00
    901.063     0.2802   2.936016     0.2809   2.936253    5.75882    -0.0784    13.8155 0.0000e+00  -63.21250  -61.21617 1154403710 213.154062    34.5748      48335          2  0.000e+00
    901.015     0.2805   2.935976     0.2810   2.936289    5.75876    -0.0123    13.8155 0.0000e+00  -63.21250  -61.21617 1154403710 213.154062    34.5739      48336          2  0.000e+00
    900.996     0.2796   2.935999     0.2807   2.936271    5.75884     0.0097    13.8155 0.0000e+00  -63.21250  -61.21617 1154403710 213.154062    34.5753      48337          2  0.000e+00
    901.082     0.2800   2.936013     0.2812   2.936265    5.75885     0.0097    13.8155 0.0000e+00  -63.21250  -61.21617 1154403710 213.154063    34.5749      48338          2  0.000e+00
    901.063     0.2804   2.936057     0.2808   2.936289    5.75877    -0.0674    13.8155 0.0000e+00  -63.21250  -61.21617 1154403710 213.154063    34.5751      48339          2  0.000e+00
    901.082     0.2808   2.936081     0.2805   2.936295    5.75873    -0.1004    13.8155 0.0000e+00  -63.21250  -61.21617 1154403710 213.154064    34.5749      48340          2  0.000e+00
    901.063     0.2814   2.936155     0.2807   2.936271    5.75859    -0.1004    13.8155 0.0000e+00  -63.21250  -61.21617 1154403710 213.154064    34.5752      48341          2  0.000e+00
    901.150     0.2818   2.936195     0.2808   2.936289    5.75861    -0.1886    13.8155 0.0000e+00  -63.21250  -61.21617 1154403710 213.154065    34.5753      48342          2  0.000e+00
    901.063     0.2823   2.936182     0.2815   2.936336    5.75847    -0.1665    13.8155 0.0000e+00  -63.21250  -61.21617 1154403710 213.154065    34.5745      48343          2  0.000e+00
    901.227     0.2822   2.936195     0.2825   2.936366    5.75861    -0.1886    13.8155 0.0000e+00  -63.21250  -61.21617 1154403710 213.154066    34.5747      48344          2  0.000e+00
    901.131     0.2821   2.936182     0.2827   2.936378    5.75856    -0.1886    13.8155 0.0000e+00  -63.21250  -61.21617 1154403710 213.154066    34.5748      48345          2  0.000e+00
    901.150     0.2822   2.936195     0.2813   2.936330    5.75856    -0.0564    13.8155 0.0000e+00  -63.21250  -61.21617 1154403710 213.154067    34.5748      48346          2  0.000e+00
    901.208     0.2822   2.936165     0.2811   2.936318    5.75861    -0.0454    13.8155 0.0000e+00  -63.21250  -61.21617 1154403710 213.154067    34.5744      48347          2  0.000e+00
    901.227     0.2822   2.936101     0.2816   2.936360    5.75866    -0.1335    13.8155 0.0000e+00  -63.21250  -61.21617 1154403710 213.154068    34.5735      48348          2  0.000e+00
    901.208     0.2812   2.936057     0.2821   2.936395    5.75878    -0.2106    13.8155 0.0000e+00  -63.21250  -61.21617 1154403710 213.154068    34.5740      48349          2  0.000e+00
    901.227     0.2811   2.936057     0.2825   2.936401    5.75881    -0.1996    13.8155 0.0000e+00  -63.21250  -61.21617 1154403710 213.154069    34.5742      48350          2  0.000e+00
    901.275     0.2808   2.936077     0.2819   2.936401    5.75888    -0.1555    13.8155 0.0000e+00  -63.21250  -61.21617 1154403710 213.154069    34.5748      48351          2  0.000e+00
    901.295     0.2807   2.936064     0.2821   2.936366    5.75892    -0.1665    13.8155 0.0000e+00  -63.21250  -61.21617 1154403710 213.154070    34.5747      48352          2  0.000e+00
    901.275     0.2808   2.936006     0.2816   2.936348    5.75891    -0.1004    13.8155 0.0000e+00  -63.21250  -61.21617 1154403710 213.154070    34.5738      48353          2  0.000e+00
    901.295     0.2806   2.936006     0.2810   2.936348    5.75895    -0.0894    13.8155 0.0000e+00  -63.21250  -61.21617 1154403710 213.154071    34.5740      48354          2  0.000e+00
    901.352     0.2801   2.936030     0.2815   2.936348    5.75906    -0.0784    13.8155 0.0000e+00  -63.21250  -61.21617 1154403710 213.154071    34.5749      48355          2  0.000e+00
    901.295     0.2802   2.936037     0.2814   2.936307    5.75899    -0.0784    13.8155 0.0000e+00  -63.21250  -61.21617 1154403710 213.154072    34.5749      48356          2  0.000e+00
    901.352     0.2802   2.936000     0.2814   2.936313    5.75906    -0.0894    13.8155 0.0000e+00  -63.21250  -61.21617 1154403710 213.154072    34.5744      48357          2  0.000e+00
    901.372     0.2804   2.936016     0.2819   2.936318    5.75904    -0.0564    13.8155 0.0000e+00  -63.21250  -61.21617 1154403711 213.154073    34.5744      48358          2  0.000e+00
    901.352     0.2801   2.935996     0.2817   2.936342    5.75907    -0.0123    13.8155 0.0000e+00  -63.21250  -61.21617 1154403711 213.154073    34.5745      48359          2  0.000e+00
    901.372     0.2799   2.936040     0.2813   2.936366    5.75909    -0.0564    13.8155 0.0000e+00  -63.21250  -61.21617 1154403711 213.154074    34.5753      48360          2  0.000e+00
    901.372     0.2801   2.936006     0.2816   2.936378    5.75908    -0.0343    13.8155 0.0000e+00  -63.21250  -61.21617 1154403711 213.154074    34.5746      48361          2  0.000e+00
    901.420     0.2801   2.935989     0.2819   2.936330    5.75913    -0.0674    13.8155 0.0000e+00  -63.21250  -61.21617 1154403711 213.154075    34.5744      48362          2  0.000e+00
    901.439     0.2808   2.936040     0.2814   2.936318    5.75903    -0.0564    13.8155 0.0000e+00  -63.21250  -61.21617 1154403711 213.154075    34.5742      48363          2  0.000e+00
    901.420     0.2808   2.936040     0.2819   2.936342    5.75901    -0.0674    13.8155 0.0000e+00  -63.21250  -61.21617 1154403711 213.154076    34.5742      48364          2  0.000e+00
