product_data/regression_test/downloaded_data/MDGS/320620060703/ctd/p6623504.cnv
* Sea-Bird SBE 9 Data File:
* FileName = D:\Data\Raw\p6623504.dat
* Software Version Seasave Win32 V 5.32
* Temperature SN = 1649
* Conductivity SN = 1431
* Number of Bytes Per Scan = 37
* Number of Voltage Words = 5
* Number of Scans Averaged by the Deck Unit = 1
* NMEA Latitude = 61 47.47 S
* NMEA Longitude = 053 17.41 W
* NMEA UTC (Time) = 18:47:37
** Ship:   Nathaniel B. Palmer 
** Cruise:    NBP0606 
# nquan = 15
# nvalues = 468                         
# units = specified
# name 0 = prDM: Pressure, Digiquartz [db]
# name 1 = t090C: Temperature [ITS-90, deg C]
# name 2 = c0S/m: Conductivity [S/m]
# name 3 = t190C: Temperature, 2 [ITS-90, deg C]
# name 4 = c1S/m: Conductivity, 2 [S/m]
# name 5 = sbeox0ML/L: Oxygen, SBE 43 [ml/l]
# name 6 = flECO-AFL: Fluorescence, Wetlab ECO-AFL/FL [mg/m^3]
# name 7 = bat: Beam Attenuation, Chelsea/Seatech/Wetlab CStar [1/m]
# name 8 = spar: SPAR/Surface Irradiance
# name 9 = latitude: Latitude [deg]
# name 10 = longitude: Longitude [deg]
# name 11 = timeY: Time, System [seconds]
# name 12 = timeJ: Julian Days
# name 13 = sal00: Salinity [PSU]
# name 14 = flag: flag
# span 0 =      2.000,    469.000       
# span 1 =    -1.7504,    -0.6828       
# span 2 =   2.699233,   2.827366       
# span 3 =    -1.7508,    -0.6819       
# span 4 =   2.699759,   2.827480       
# span 5 =    6.63797,    7.70941       
# span 6 =    -0.0935,     0.1412       
# span 7 =    13.8155,    13.8155       
# span 8 = 1.0942e+02, 4.3040e+02       
# span 9 =  -61.79117,  -61.79117       
# span 10 =  -53.29017,  -53.29017      
# span 11 = 1154976564, 1154977302      
# span 12 = 219.784317, 219.792864      
# span 13 =    34.2248,    34.4730      
# span 14 = 0.0000e+00, 0.0000e+00      
# interval = decibars: 1                
# start_time = Aug 07 2006 18:49:11
# bad_flag = -9.990e-29
*END*
[from data line 290]
    292.000    -0.7941   2.805881    -0.7925   2.806065    6.89002    -0.0086    13.8155 3.4157e+02  -61.79117  -53.29017 1154977006 219.789442    34.4144 0.0000e+00
    293.000    -0.7937   2.805971    -0.7922   2.806152    6.88869    -0.0375    13.8155 3.4109e+02  -61.79117  -53.29017 1154977008 219.789457    34.4146 0.0000e+00
    294.000    -0.7939   2.806000    -0.7924   2.806165    6.88847    -0.0161    13.8155 3.4098e+02  -61.79117  -53.29017 1154977009 219.789471    34.4146 0.0000e+00
    295.000    -0.7931   2.806145    -0.7920   2.806270    6.89015    -0.0268    13.8155 3.4167e+02  -61.79117  -53.29017 1154977010 219.789485    34.4150 0.0000e+00
    296.000    -0.7933   2.806161    -0.7920   2.806308    6.88801    -0.0269    13.8155 3.4204e+02  -61.79117  -53.29017 1154977011 219.789499    34.4148 0.0000e+00
    297.000    -0.7929   2.806249    -0.7918   2.806381    6.88317    -0.0413    13.8155 3.4093e+02  -61.79117  -53.29017 1154977013 219.789513    34.4150 0.0000e+00
    298.000    -0.7922   2.806378    -0.7915   2.806445    6.87680    -0.0479    13.8155 3.3924e+02  -61.79117  -53.29017 1154977014 219.789527    34.4153 0.0000e+00
    299.000    -0.7918   2.806464    -0.7906   2.806609    6.87519    -0.0367    13.8155 3.3911e+02  -61.79117  -53.29017 1154977015 219.789542    34.4154 0.0000e+00
    300.000    -0.7914   2.806554    -0.7901   2.806708    6.87852    -0.0304    13.8155 3.3898e+02  -61.79117  -53.29017 1154977016 219.789556    34.4155 0.0000e+00
    301.000    -0.7915   2.806599    -0.7902   2.806747    6.88104    -0.0290    13.8155 3.3898e+02  -61.79117  -53.29017 1154977018 219.789570    34.4157 0.0000e+00
    302.000    -0.7914   2.806650    -0.7901   2.806809    6.88224    -0.0495    13.8155 3.3898e+02  -61.79117  -53.29017 1154977019 219.789585    34.4156 0.0000e+00
    303.000    -0.7913   2.806700    -0.7901   2.806842    6.88280    -0.0271    13.8155 3.3871e+02  -61.79117  -53.29017 1154977020 219.789599    34.4157 0.0000e+00
    304.000    -0.7914   2.806739    -0.7902   2.806888    6.88396    -0.0127    13.8155 3.3704e+02  -61.79117  -53.29017 1154977021 219.789613    34.4157 0.0000e+00
    305.000    -0.7913   2.806784    -0.7902   2.806925    6.88475    -0.0307    13.8155 3.3811e+02  -61.79117  -53.29017 1154977022 219.789628    34.4156 0.0000e+00
    306.000    -0.7917   2.806786    -0.7906   2.806922    6.88566    -0.0353    13.8155 3.3905e+02  -61.79117  -53.29017 1154977024 219.789642    34.4155 0.0000e+00
    307.000    -0.7914   2.806886    -0.7902   2.807027    6.88525    -0.0320    13.8155 3.3752e+02  -61.79117  -53.29017 1154977025 219.789656    34.4159 0.0000e+00
    308.000    -0.7910   2.806963    -0.7897   2.807130    6.88348    -0.0250    13.8155 3.3703e+02  -61.79117  -53.29017 1154977026 219.789670    34.4158 0.0000e+00
    309.000    -0.7904   2.807075    -0.7894   2.807193    6.88270    -0.0419    13.8155 3.3703e+02  -61.79117  -53.29017 1154977027 219.789685    34.4160 0.0000e+00
    310.000    -0.7899   2.807174    -0.7887   2.807323    6.87955    -0.0355    13.8155 3.3703e+02  -61.79117  -53.29017 1154977029 219.789699    34.4162 0.0000e+00
    311.000    -0.7895   2.807267    -0.7884   2.807415    6.87738    -0.0346    13.8155 3.3703e+02  -61.79117  -53.29017 1154977030 219.789713    34.4164 0.0000e+00
    312.000    -0.7882   2.807459    -0.7869   2.807611    6.87469    -0.0564    13.8155 3.3703e+02  -61.79117  -53.29017 1154977031 219.789728    34.4169 0.0000e+00
    313.000    -0.7834   2.808049    -0.7820   2.808196    6.87166    -0.0267    13.8155 3.3703e+02  -61.79117  -53.29017 1154977032 219.789742    34.4186 0.0000e+00
    314.000    -0.7799   2.808486    -0.7786   2.808628    6.87375    -0.0397    13.8155 3.3703e+02  -61.79117  -53.29017 1154977034 219.789756    34.4199 0.0000e+00
    315.000    -0.7775   2.808819    -0.7763   2.808959    6.87120    -0.0317    13.8155 3.3703e+02  -61.79117  -53.29017 1154977035 219.789770    34.4210 0.0000e+00
    316.000    -0.7761   2.809028    -0.7748   2.809164    6.86527    -0.0362    13.8155 3.3703e+02  -61.79117  -53.29017 1154977036 219.789785    34.4216 0.0000e+00
    317.000    -0.7742   2.809281    -0.7729   2.809425    6.86074    -0.0260    13.8155 3.3723e+02  -61.79117  -53.29017 1154977037 219.789799    34.4223 0.0000e+00
    318.000    -0.7736   2.809403    -0.7724   2.809546    6.85880    -0.0565    13.8155 3.3769e+02  -61.79117  -53.29017 1154977038 219.789813    34.4227 0.0000e+00
    319.000    -0.7736   2.809459    -0.7725   2.809594    6.85553    -0.0411    13.8155 3.3886e+02  -61.79117  -53.29017 1154977040 219.789828    34.4228 0.0000e+00
    320.000    -0.7737   2.809497    -0.7726   2.809626    6.85463    -0.0508    13.8155 3.3877e+02  -61.79117  -53.29017 1154977041 219.789842    34.4228 0.0000e+00
    321.000    -0.7734   2.809611    -0.7724   2.809743    6.85162    -0.0575    13.8155 3.3705e+02  -61.79117  -53.29017 1154977042 219.789856    34.4236 0.0000e+00
    322.000    -0.7725   2.809740    -0.7719   2.809825    6.84869    -0.0313    13.8155 3.3703e+02  -61.79117  -53.29017 1154977043 219.789871    34.4237 0.0000e+00
    323.000    -0.7695   2.810081    -0.7683   2.810214    6.84937    -0.0400    13.8155 3.3703e+02  -61.79117  -53.29017 1154977045 219.789885    34.4241 0.0000e+00
    324.000    -0.7689   2.810203    -0.7678   2.810342    6.84892    -0.0140    13.8155 3.3703e+02  -61.79117  -53.29017 1154977046 219.789899    34.4245 0.0000e+00
    325.000    -0.7678   2.810366    -0.7667   2.810495    6.84875    -0.0368    13.8155 3.3572e+02  -61.79117  -53.29017 1154977047 219.789914    34.4249 0.0000e+00
    326.000    -0.7676   2.810433    -0.7665   2.810564    6.84831    -0.0179    13.8155 3.3514e+02  -61.79117  -53.29017 1154977048 219.789928    34.4249 0.0000e+00
    327.000    -0.7676   2.810491    -0.7664   2.810623    6.84698    -0.0368    13.8155 3.3508e+02  -61.79117  -53.29017 1154977050 219.789942    34.4251 0.0000e+00
    328.000    -0.7675   2.810558    -0.7664   2.810687    6.84748    -0.0404    13.8155 3.3501e+02  -61.79117  -53.29017 1154977051 219.789956    34.4254 0.0000e+00
    329.000    -0.7674   2.810619    -0.7661   2.810770    6.84667    -0.0468    13.8155 3.3398e+02  -61.79117  -53.29017 1154977052 219.789971    34.4255 0.0000e+00
    330.000    -0.7657   2.810836    -0.7646   2.810970    6.84580    -0.0341    13.8155 3.3310e+02  -61.79117  -53.29017 1154977053 219.789985    34.4258 0.0000e+00
    331.000    -0.7655   2.810908    -0.7644   2.811033    6.84305    -0.0377    13.8155 3.3302e+02  -61.79117  -53.29017 1154977055 219.790000    34.4260 0.0000e+00
    332.000    -0.7654   2.810954    -0.7643   2.811090    6.83827    -0.0561    13.8155 3.3315e+02  -61.79117  -53.29017 1154977056 219.790014    34.4259 0.0000e+00
    333.000    -0.7661   2.810930    -0.7651   2.811051    6.83730    -0.0581    13.8155 3.3187e+02  -61.79117  -53.29017 1154977057 219.790028    34.4258 0.0000e+00
    334.000    -0.7661   2.810982    -0.7651   2.811108    6.83801    -0.0400    13.8155 3.3118e+02  -61.79117  -53.29017 1154977058 219.790043    34.4259 0.0000e+00
    335.000    -0.7655   2.811118    -0.7644   2.811257    6.83878    -0.0241    13.8155 3.3118e+02  -61.79117  -53.29017 1154977060 219.790057    34.4265 0.0000e+00
    336.000    -0.7654   2.811167    -0.7645   2.811299    6.83959    -0.0303    13.8155 3.3185e+02  -61.79117  -53.29017 1154977061 219.790071    34.4264 0.0000e+00
    337.000    -0.7650   2.811282    -0.7639   2.811415    6.83764    -0.0277    13.8155 3.3299e+02  -61.79117  -53.29017 1154977062 219.790085    34.4269 0.0000e+00
    338.000    -0.7641   2.811458    -0.7631   2.811584    6.83343    -0.0471    13.8155 3.3306e+02  -61.79117  -53.29017 1154977063 219.790100    34.4276 0.0000e+00
    339.000    -0.7637   2.811567    -0.7626   2.811701    6.83091    -0.0649    13.8155 3.3118e+02  -61.79117  -53.29017 1154977064 219.790114    34.4280 0.0000e+00
    340.000    -0.7626   2.811754    -0.7614   2.811901    6.83096    -0.0453    13.8155 3.3103e+02  -61.79117  -53.29017 1154977066 219.790128    34.4287 0.0000e+00
    341.000    -0.7596   2.812177    -0.7583   2.812330    6.82904    -0.0243    13.8155 -9.990e-29  -61.79117  -53.29017 1154977067 219.790143    34.4304 0.0000e+00
    342.000    -0.7569   2.812564    -0.7559   2.812684    6.82526    -0.0381    13.8155 -9.990e-29  -61.79117  -53.29017 1154977068 219.790157    34.4318 0.0000e+00
    343.000    -0.7558   2.812739    -0.7548   2.812869    6.82176    -0.0293    13.8155 -9.990e-29  -61.79117  -53.29017 1154977069 219.790172    34.4323 0.0000e+00
    344.000    -0.7554   2.812823    -0.7544   2.812950    6.81955    -0.0257    13.8155 3.3127e+02  -61.79117  -53.29017 1154977071 219.790186    34.4324 0.0000e+00
    345.000    -0.7551   2.812915    -0.7540   2.813041    6.81930    -0.0443    13.8155 3.3118e+02  -61.79117  -53.29017 1154977072 219.790200    34.4327 0.0000e+00
    346.000    -0.7550   2.812961    -0.7539   2.813091    6.81968    -0.0486    13.8155 3.3001e+02  -61.79117  -53.29017 1154977073 219.790215    34.4326 0.0000e+00
    347.000    -0.7551   2.812999    -0.7541   2.813120    6.81700    -0.0590    13.8155 3.2924e+02  -61.79117  -53.29017 1154977074 219.790229    34.4327 0.0000e+00
    348.000    -0.7552   2.813031    -0.7541   2.813173    6.81414    -0.0357    13.8155 -9.990e-29  -61.79117  -53.29017 1154977076 219.790244    34.4326 0.0000e+00
    349.000    -0.7552   2.813087    -0.7541   2.813209    6.81432    -0.0483    13.8155 -9.990e-29  -61.79117  -53.29017 1154977077 219.790258    34.4327 0.0000e+00
    350.000    -0.7550   2.813145    -0.7540   2.813272    6.81465    -0.0360    13.8155 -9.990e-29  -61.79117  -53.29017 1154977078 219.790272    34.4328 0.0000e+00
    351.000    -0.7536   2.813352    -0.7524   2.813513    6.80990    -0.0559    13.8155 -9.990e-29  -61.79117  -53.29017 1154977079 219.790287    34.4332 0.0000e+00
    352.000    -0.7508   2.813747    -0.7493   2.813915    6.80520    -0.0386    13.8155 -9.990e-29  -61.79117  -53.29017 1154977081 219.790301    34.4348 0.0000e+00
    353.000    -0.7475   2.814194    -0.7462   2.814339    6.79828    -0.0413    13.8155 -9.990e-29  -61.79117  -53.29017 1154977082 219.790315    34.4364 0.0000e+00
    354.000    -0.7459   2.814437    -0.7447   2.814579    6.79517    -0.0167    13.8155 -9.990e-29  -61.79117  -53.29017 1154977083 219.790330    34.4372 0.0000e+00
    355.000    -0.7454   2.814535    -0.7446   2.814640    6.79529    -0.0353    13.8155 -9.990e-29  -61.79117  -53.29017 1154977084 219.790344    34.4374 0.0000e+00
    356.000    -0.7453   2.814596    -0.7442   2.814731    6.79475    -0.0098    13.8155 -9.990e-29  -61.79117  -53.29017 1154977086 219.790358    34.4376 0.0000e+00
    357.000    -0.7434   2.814871    -0.7426   2.814980    6.79522    -0.0188    13.8155 -9.990e-29  -61.79117  -53.29017 1154977087 219.790373    34.4384 0.0000e+00
    358.000    -0.7440   2.814836    -0.7431   2.814947    6.79620    -0.0405    13.8155 -9.990e-29  -61.79117  -53.29017 1154977088 219.790387    34.4380 0.0000e+00
    359.000    -0.7444   2.814838    -0.7433   2.814966    6.79271    -0.0598    13.8155 -9.990e-29  -61.79117  -53.29017 1154977089 219.790402    34.4379 0.0000e+00
    360.000    -0.7442   2.814890    -0.7433   2.815029    6.79029    -0.0520    13.8155 -9.990e-29  -61.79117  -53.29017 1154977091 219.790416    34.4379 0.0000e+00
    361.000    -0.7433   2.815064    -0.7425   2.815162    6.78713    -0.0380    13.8155 3.2910e+02  -61.79117  -53.29017 1154977092 219.790430    34.4386 0.0000e+00
    362.000    -0.7413   2.815342    -0.7403   2.815476    6.78594    -0.0440    13.8155 3.2898e+02  -61.79117  -53.29017 1154977093 219.790445    34.4395 0.0000e+00
    363.000    -0.7406   2.815454    -0.7395   2.815615    6.78605    -0.0473    13.8155 3.2794e+02  -61.79117  -53.29017 1154977094 219.790459    34.4396 0.0000e+00
    364.000    -0.7392   2.815692    -0.7382   2.815819    6.78161    -0.0486    13.8155 3.2704e+02  -61.79117  -53.29017 1154977096 219.790474    34.4405 0.0000e+00
    365.000    -0.7382   2.815859    -0.7372   2.815985    6.77877    -0.0526    13.8155 3.2723e+02  -61.79117  -53.29017 1154977097 219.790488    34.4410 0.0000e+00
    366.000    -0.7382   2.815902    -0.7372   2.816039    6.77729    -0.0301    13.8155 3.2497e+02  -61.79117  -53.29017 1154977098 219.790503    34.4410 0.0000e+00
    367.000    -0.7369   2.816118    -0.7359   2.816240    6.77303    -0.0475    13.8155 3.2460e+02  -61.79117  -53.29017 1154977099 219.790517    34.4418 0.0000e+00
    368.000    -0.7319   2.816735    -0.7310   2.816865    6.77005    -0.0312    13.8155 3.2391e+02  -61.79117  -53.29017 1154977101 219.790532    34.4438 0.0000e+00
    369.000    -0.7305   2.816949    -0.7293   2.817105    6.76119    -0.0599    13.8155 3.2466e+02  -61.79117  -53.29017 1154977102 219.790546    34.4445 0.0000e+00
    370.000    -0.7263   2.817508    -0.7254   2.817621    6.75366    -0.0399    13.8155 3.2419e+02  -61.79117  -53.29017 1154977103 219.790561    34.4466 0.0000e+00
    371.000    -0.7256   2.817649    -0.7245   2.817772    6.74762    -0.0568    13.8155 3.2523e+02  -61.79117  -53.29017 1154977104 219.790575    34.4471 0.0000e+00
    372.000    -0.7225   2.818058    -0.7213   2.818193    6.74361    -0.0506    13.8155 3.2521e+02  -61.79117  -53.29017 1154977106 219.790589    34.4485 0.0000e+00
    373.000    -0.7158   2.818840    -0.7148   2.818951    6.73912    -0.0508    13.8155 3.2260e+02  -61.79117  -53.29017 1154977107 219.790604    34.4507 0.0000e+00
    374.000    -0.7132   2.819176    -0.7120   2.819307    6.73304    -0.0567    13.8155 3.2284e+02  -61.79117  -53.29017 1154977108 219.790618    34.4516 0.0000e+00
    375.000    -0.7113   2.819437    -0.7102   2.819565    6.72791    -0.0267    13.8155 3.2275e+02  -61.79117  -53.29017 1154977109 219.790633    34.4523 0.0000e+00
    376.000    -0.7106   2.819543    -0.7100   2.819640    6.72512    -0.0463    13.8155 3.2360e+02  -61.79117  -53.29017 1154977111 219.790647    34.4525 0.0000e+00
    377.000    -0.7105   2.819634    -0.7098   2.819734    6.72444    -0.0482    13.8155 3.2201e+02  -61.79117  -53.29017 1154977112 219.790662    34.4530 0.0000e+00
    378.000    -0.7111   2.819655    -0.7102   2.819776    6.72155    -0.0454    13.8155 3.2144e+02  -61.79117  -53.29017 1154977113 219.790676    34.4534 0.0000e+00
    379.000    -0.7062   2.820295    -0.7056   2.820354    6.71819    -0.0525    13.8155 3.2144e+02  -61.79117  -53.29017 1154977114 219.790691    34.4560 0.0000e+00
    380.000    -0.6996   2.821111    -0.6984   2.821243    6.71282    -0.0695    13.8155 3.2144e+02  -61.79117  -53.29017 1154977116 219.790705    34.4586 0.0000e+00
    381.000    -0.6972   2.821432    -0.6962   2.821551    6.70719    -0.0543    13.8155 3.2137e+02  -61.79117  -53.29017 1154977117 219.790719    34.4596 0.0000e+00
    382.000    -0.6967   2.821533    -0.6958   2.821632    6.70127    -0.0544    13.8155 3.2276e+02  -61.79117  -53.29017 1154977118 219.790733    34.4598 0.0000e+00
    383.000    -0.6930   2.821964    -0.6918   2.822106    6.69323    -0.0380    13.8155 3.2195e+02  -61.79117  -53.29017 1154977119 219.790747    34.4609 0.0000e+00
    384.000    -0.6856   2.822858    -0.6847   2.822961    6.68410    -0.0664    13.8155 3.2393e+02  -61.79117  -53.29017 1154977120 219.790762    34.4638 0.0000e+00
    385.000    -0.6833   2.823190    -0.6823   2.823315    6.67675    -0.0726    13.8155 3.2514e+02  -61.79117  -53.29017 1154977122 219.790776    34.4649 0.0000e+00
    386.000    -0.6828   2.823334    -0.6819   2.823437    6.67311    -0.0560    13.8155 3.2560e+02  -61.79117  -53.29017 1154977123 219.790790    34.4658 0.0000e+00
