product_data/regression_test/downloaded_data/MDGS/320620060703/ctd/p6620701.ros
* Sea-Bird SBE 9 Data File:
* FileName = D:\Data\Raw\p6620701.dat
* Software Version Seasave Win32 V 5.32
* Temperature SN = 1649
* Conductivity SN = 1431
* Number of Bytes Per Scan = 37
* Number of Voltage Words = 5
* Number of Scans Averaged by the Deck Unit = 1
* NMEA Latitude = 64 36.87 S
* NMEA Longitude = 062 51.09 W
* NMEA UTC (Time) = 03:59:03
** Ship:   Nathaniel B. Palmer 
** Cruise:    NBP0606 
# nquan = 17
# nvalues = 1176                    
# units = specified
# name 0 = prDM: Pressure, Digiquartz [db]
# name 1 = t090C: Temperature [ITS-90, deg C]
# name 2 = c0S/m: Conductivity [S/m]
# name 3 = t190C: Temperature, 2 [ITS-90, deg C]
# name 4 = c1S/m: Conductivity, 2 [S/m]
# name 5 = sbeox0ML/L: Oxygen, SBE 43 [ml/l]
# name 6 = flECO-AFL: Fluorescence, Wetlab ECO-AFL/FL [mg/m^3]
# name 7 = bat: Beam Attenuation, Chelsea/Seatech/Wetlab CStar [1/m]
# name 8 = spar: SPAR/Surface Irradiance
# name 9 = latitude: Latitude [deg]
# name 10 = longitude: Longitude [deg]
# name 11 = timeY: Time, System [seconds]
# name 12 = timeJ: Julian Days
# name 13 = sal00: Salinity [PSU]
# name 14 = scan: scan number
# name 15 = nbf: number of bottles fired
# name 16 = flag:  0.000e+00
# interval = seconds: 0.0416667                   
# start_time = Jul 29 2006 03:59:10
*END*
[from data line 171]
    399.181     0.1277   2.896758     0.1283   2.897006    5.87693    -0.1665    13.8155 0.0000e+00  -64.61450  -62.85150 1154146712 210.179558    34.5220      27933          4  0.000e+00
    399.114     0.1276   2.896755     0.1279   2.897024    5.87689    -0.2106    13.8155 0.0000e+00  -64.61450  -62.85150 1154146713 210.179559    34.5220      27934          4  0.000e+00
    399.114     0.1278   2.896718     0.1277   2.897006    5.87688    -0.1004    13.8155 0.0000e+00  -64.61450  -62.85150 1154146713 210.179559    34.5213      27935          4  0.000e+00
    399.047     0.1273   2.896738     0.1277   2.897000    5.88168    -0.0123    13.8155 0.0000e+00  -64.61450  -62.85150 1154146713 210.179560    34.5222      27936          4  0.000e+00
    399.047     0.1275   2.896752     0.1277   2.897006    5.87684     0.0097    13.8155 0.0000e+00  -64.61450  -62.85150 1154146713 210.179560    34.5221      27937          4  0.000e+00
    399.047     0.1279   2.896735     0.1277   2.896983    5.87680     0.0318    13.8155 0.0000e+00  -64.61450  -62.85150 1154146713 210.179561    34.5215      27938          4  0.000e+00
    398.903     0.1278   2.896711     0.1274   2.896994    5.87671    -0.0894    13.8155 0.0000e+00  -64.61450  -62.85150 1154146713 210.179561    34.5213      27939          4  0.000e+00
    398.903     0.1276   2.896725     0.1277   2.897000    5.87673    -0.1004    13.8155 0.0000e+00  -64.61450  -62.85150 1154146713 210.179562    34.5218      27940          4  0.000e+00
    398.903     0.1278   2.896762     0.1274   2.897006    5.87668    -0.1555    13.8155 0.0000e+00  -64.61450  -62.85150 1154146713 210.179562    34.5220      27941          4  0.000e+00
    398.827     0.1277   2.896755     0.1272   2.897024    5.88143    -0.1225    13.8155 0.0000e+00  -64.61450  -62.85150 1154146713 210.179563    34.5221      27942          4  0.000e+00
    398.827     0.1279   2.896735     0.1274   2.896989    5.88142     0.0097    13.8155 0.0000e+00  -64.61450  -62.85150 1154146713 210.179563    34.5216      27943          4  0.000e+00
    398.759     0.1281   2.896731     0.1276   2.896971    5.87654    -0.0343    13.8155 0.0000e+00  -64.61450  -62.85150 1154146713 210.179564    34.5213      27944          4  0.000e+00
    398.759     0.1280   2.896762     0.1276   2.896971    5.87654    -0.1225    13.8155 0.0000e+00  -64.61450  -62.85150 1154146713 210.179564    34.5218      27945          4  0.000e+00
    398.692     0.1281   2.896725     0.1276   2.896994    5.87649    -0.1004    13.8155 0.0000e+00  -64.61450  -62.85150 1154146713 210.179565    34.5213      27946          4  0.000e+00
    398.616     0.1283   2.896708     0.1279   2.896965    5.87641    -0.0564    13.8155 0.0000e+00  -64.61450  -62.85150 1154146713 210.179565    34.5209      27947          4  0.000e+00
    398.616     0.1280   2.896725     0.1271   2.896965    5.87645    -0.0894    13.8155 0.0000e+00  -64.61450  -62.85150 1154146713 210.179565    34.5215      27948          4  0.000e+00
    398.616     0.1277   2.896761     0.1279   2.896953    5.87646    -0.1004    13.8155 0.0000e+00  -64.61450  -62.85150 1154146713 210.179566    34.5223      27949          4  0.000e+00
    398.549     0.1278   2.896704     0.1277   2.896988    5.88122    -0.0233    13.8155 0.0000e+00  -64.61450  -62.85150 1154146713 210.179566    34.5215      27950          4  0.000e+00
    398.482     0.1280   2.896718     0.1279   2.896965    5.88113    -0.0013    13.8155 0.0000e+00  -64.61450  -62.85150 1154146713 210.179567    34.5214      27951          4  0.000e+00
    398.482     0.1280   2.896711     0.1279   2.896965    5.88114    -0.0454    13.8155 0.0000e+00  -64.61450  -62.85150 1154146713 210.179567    34.5214      27952          4  0.000e+00
    398.405     0.1279   2.896724     0.1282   2.896953    5.87629    -0.0233    13.8155 0.0000e+00  -64.61450  -62.85150 1154146713 210.179568    34.5217      27953          4  0.000e+00
    398.405     0.1281   2.896711     0.1282   2.896971    5.87627    -0.0233    13.8155 0.0000e+00  -64.61450  -62.85150 1154146713 210.179568    34.5213      27954          4  0.000e+00
    398.338     0.1279   2.896708     0.1279   2.896977    5.87624    -0.0343    13.8155 0.0000e+00  -64.61450  -62.85150 1154146713 210.179569    34.5215      27955          4  0.000e+00
    398.309     0.1281   2.896688     0.1280   2.896906    5.88100    -0.0784    13.8155 0.0000e+00  -64.61450  -62.85150 1154146713 210.179569    34.5210      27956          4  0.000e+00
    398.338     0.1277   2.896701     0.1279   2.896953    5.88106    -0.0784    13.8155 0.0000e+00  -64.61450  -62.85150 1154146713 210.179570    34.5216      27957          4  0.000e+00
    309.919     0.1316   2.891561     0.1320   2.891865    5.87303    -0.1114    13.8155 0.0000e+00  -64.61450  -62.85150 1154146807 210.180654    34.5022      30206          5  0.000e+00
    309.823     0.1315   2.891561     0.1316   2.891854    5.87297    -0.0454    13.8155 0.0000e+00  -64.61450  -62.85150 1154146807 210.180655    34.5023      30207          5  0.000e+00
    309.632     0.1316   2.891554     0.1319   2.891830    5.87280    -0.0894    13.8155 0.0000e+00  -64.61450  -62.85150 1154146807 210.180655    34.5022      30208          5  0.000e+00
    309.967     0.1311   2.891568     0.1316   2.891842    5.87314    -0.0784    13.8155 0.0000e+00  -64.61450  -62.85150 1154146807 210.180656    34.5028      30209          5  0.000e+00
    309.709     0.1313   2.891537     0.1316   2.891836    5.87291    -0.0564    13.8155 0.0000e+00  -64.61450  -62.85150 1154146807 210.180656    34.5023      30210          5  0.000e+00
    309.680     0.1315   2.891504     0.1317   2.891824    5.87288    -0.0233    13.8155 0.0000e+00  -64.61450  -62.85150 1154146807 210.180657    34.5016      30211          5  0.000e+00
    309.709     0.1316   2.891500     0.1316   2.891842    5.87289    -0.0123    13.8155 0.0000e+00  -64.61450  -62.85150 1154146807 210.180657    34.5015      30212          5  0.000e+00
    309.546     0.1311   2.891537     0.1314   2.891848    5.87281    -0.0013    13.8155 0.0000e+00  -64.61450  -62.85150 1154146808 210.180658    34.5027      30213          5  0.000e+00
    309.632     0.1316   2.891551     0.1316   2.891830    5.87281    -0.0894    13.8155 0.0000e+00  -64.61450  -62.85150 1154146808 210.180658    34.5022      30214          5  0.000e+00
    309.469     0.1311   2.891490     0.1313   2.891801    5.87277    -0.1004    13.8155 0.0000e+00  -64.61450  -62.85150 1154146808 210.180659    34.5021      30215          5  0.000e+00
    309.546     0.1316   2.891531     0.1316   2.891812    5.87275    -0.1225    13.8155 0.0000e+00  -64.61450  -62.85150 1154146808 210.180659    34.5020      30216          5  0.000e+00
    309.422     0.1314   2.891514     0.1314   2.891801    5.87268    -0.0674    13.8155 0.0000e+00  -64.61450  -62.85150 1154146808 210.180660    34.5021      30217          5  0.000e+00
    309.402     0.1315   2.891484     0.1313   2.891795    5.87267    -0.1114    13.8155 0.0000e+00  -64.61450  -62.85150 1154146808 210.180660    34.5016      30218          5  0.000e+00
    309.422     0.1314   2.891490     0.1311   2.891795    5.87270    -0.1775    13.8155 0.0000e+00  -64.61450  -62.85150 1154146808 210.180661    34.5018      30219          5  0.000e+00
    309.335     0.1315   2.891517     0.1316   2.891795    5.87260    -0.1335    13.8155 0.0000e+00  -64.61450  -62.85150 1154146808 210.180661    34.5021      30220          5  0.000e+00
    309.278     0.1314   2.891490     0.1316   2.891783    5.87258    -0.0454    13.8155 0.0000e+00  -64.61450  -62.85150 1154146808 210.180662    34.5019      30221          5  0.000e+00
    309.259     0.1311   2.891497     0.1311   2.891765    5.87259    -0.1775    13.8155 0.0000e+00  -64.61450  -62.85150 1154146808 210.180662    34.5022      30222          5  0.000e+00
    309.211     0.1312   2.891514     0.1317   2.891765    5.87253    -0.1335    13.8155 0.0000e+00  -64.61450  -62.85150 1154146808 210.180663    34.5024      30223          5  0.000e+00
    309.192     0.1313   2.891524     0.1313   2.891748    5.87250    -0.0784    13.8155 0.0000e+00  -64.61450  -62.85150 1154146808 210.180663    34.5024      30224          5  0.000e+00
    309.115     0.1314   2.891507     0.1313   2.891759    5.87718    -0.0894    13.8155 0.0000e+00  -64.61450  -62.85150 1154146808 210.180664    34.5022      30225          5  0.000e+00
    309.144     0.1313   2.891520     0.1311   2.891783    5.87246    -0.0894    13.8155 0.0000e+00  -64.61450  -62.85150 1154146808 210.180664    34.5024      30226          5  0.000e+00
    309.048     0.1314   2.891520     0.1309   2.891753    5.87238    -0.0454    13.8155 0.0000e+00  -64.61450  -62.85150 1154146808 210.180665    34.5024      30227          5  0.000e+00
    309.000     0.1310   2.891524     0.1314   2.891759    5.87238    -0.0784    13.8155 0.0000e+00  -64.61450  -62.85150 1154146808 210.180665    34.5029      30228          5  0.000e+00
    308.981     0.1314   2.891527     0.1311   2.891765    5.87232    -0.1775    13.8155 0.0000e+00  -64.61450  -62.85150 1154146808 210.180666    34.5026      30229          5  0.000e+00
    308.933     0.1311   2.891527     0.1316   2.891748    5.87230    -0.1225    13.8155 0.0000e+00  -64.61450  -62.85150 1154146808 210.180666    34.5028      30230          5  0.000e+00
    308.905     0.1315   2.891520     0.1311   2.891742    5.87224    -0.0784    13.8155 0.0000e+00  -64.61450  -62.85150 1154146808 210.180666    34.5023      30231          5  0.000e+00
    308.857     0.1311   2.891507     0.1316   2.891730    5.87225    -0.0564    13.8155 0.0000e+00  -64.61450  -62.85150 1154146808 210.180667    34.5026      30232          5  0.000e+00
    308.838     0.1315   2.891537     0.1314   2.891736    5.87217    -0.0674    13.8155 0.0000e+00  -64.61450  -62.85150 1154146808 210.180667    34.5026      30233          5  0.000e+00
    308.771     0.1313   2.891514     0.1317   2.891742    5.87216    -0.1335    13.8155 0.0000e+00  -64.61450  -62.85150 1154146808 210.180668    34.5026      30234          5  0.000e+00
    308.713     0.1315   2.891497     0.1311   2.891759    5.87209    -0.0784    13.8155 0.0000e+00  -64.61450  -62.85150 1154146808 210.180668    34.5021      30235          5  0.000e+00
    308.694     0.1318   2.891517     0.1313   2.891747    5.87204    -0.0013    13.8155 0.0000e+00  -64.61450  -62.85150 1154146808 210.180669    34.5021      30236          5  0.000e+00
    308.646     0.1314   2.891507     0.1309   2.891742    5.87205    -0.0674    13.8155 0.0000e+00  -64.61450  -62.85150 1154146809 210.180669    34.5025      30237          5  0.000e+00
    308.627     0.1316   2.891520     0.1316   2.891718    5.87200    -0.1335    13.8155 0.0000e+00  -64.61450  -62.85150 1154146809 210.180670    34.5024      30238          5  0.000e+00
    308.579     0.1315   2.891467     0.1311   2.891730    5.87200    -0.1555    13.8155 0.0000e+00  -64.61450  -62.85150 1154146809 210.180670    34.5018      30239          5  0.000e+00
    308.551     0.1315   2.891470     0.1313   2.891759    5.87199    -0.1004    13.8155 0.0000e+00  -64.61450  -62.85150 1154146809 210.180671    34.5020      30240          5  0.000e+00
    308.436     0.1317   2.891446     0.1316   2.891724    5.87188    -0.1004    13.8155 0.0000e+00  -64.61450  -62.85150 1154146809 210.180671    34.5015      30241          5  0.000e+00
    308.484     0.1307   2.891453     0.1314   2.891730    5.87203    -0.0674    13.8155 0.0000e+00  -64.61450  -62.85150 1154146809 210.180672    34.5026      30242          5  0.000e+00
    308.417     0.1309   2.891433     0.1309   2.891706    5.87670     0.0097    13.8155 0.0000e+00  -64.61450  -62.85150 1154146809 210.180672    34.5022      30243          5  0.000e+00
    308.369     0.1315   2.891433     0.1316   2.891706    5.87660     0.0097    13.8155 0.0000e+00  -64.61450  -62.85150 1154146809 210.180673    34.5016      30244          5  0.000e+00
    308.340     0.1311   2.891416     0.1311   2.891689    5.87663    -0.0894    13.8155 0.0000e+00  -64.61450  -62.85150 1154146809 210.180673    34.5018      30245          5  0.000e+00
    308.225     0.1308   2.891393     0.1309   2.891665    5.87657    -0.1114    13.8155 0.0000e+00  -64.61450  -62.85150 1154146809 210.180674    34.5018      30246          5  0.000e+00
    308.273     0.1312   2.891383     0.1313   2.891659    5.87183    -0.0564    13.8155 0.0000e+00  -64.61450  -62.85150 1154146809 210.180674    34.5012      30247          5  0.000e+00
    308.225     0.1311   2.891423     0.1311   2.891636    5.87178    -0.0233    13.8155 0.0000e+00  -64.61450  -62.85150 1154146809 210.180675    34.5019      30248          5  0.000e+00
    308.130     0.1309   2.891383     0.1311   2.891612    5.87175    -0.1004    13.8155 0.0000e+00  -64.61450  -62.85150 1154146809 210.180675    34.5017      30249          5  0.000e+00
    308.130     0.1310   2.891376     0.1314   2.891624    5.87175    -0.0894    13.8155 0.0000e+00  -64.61450  -62.85150 1154146809 210.180676    34.5015      30250          5  0.000e+00
    308.082     0.1307   2.891332     0.1308   2.891630    5.87176    -0.0454    13.8155 0.0000e+00  -64.61450  -62.85150 1154146809 210.180676    34.5012      30251          5  0.000e+00
    307.986     0.1315   2.891389     0.1314   2.891612    5.87157    -0.0233    13.8155 0.0000e+00  -64.61450  -62.85150 1154146809 210.180677    34.5012      30252          5  0.000e+00
    308.015     0.1311   2.891413     0.1311   2.891606    5.87163    -0.0343    13.8155 0.0000e+00  -64.61450  -62.85150 1154146809 210.180677    34.5020      30253          5  0.000e+00
    307.986     0.1313   2.891389     0.1309   2.891641    5.87632    -0.0564    13.8155 0.0000e+00  -64.61450  -62.85150 1154146809 210.180678    34.5014      30254          5  0.000e+00
    299.096     0.1292   2.890645     0.1294   2.890897    5.86970    -0.0233    13.8155 0.0000e+00  -64.61450  -62.85150 1154146819 210.180787    34.4992      30480          6  0.000e+00
    299.029     0.1296   2.890619     0.1296   2.890891    5.86962    -0.0894    13.8155 0.0000e+00  -64.61450  -62.85150 1154146819 210.180787    34.4985      30481          6  0.000e+00
    299.125     0.1295   2.890612     0.1294   2.890868    5.86971    -0.1004    13.8155 0.0000e+00  -64.61450  -62.85150 1154146819 210.180788    34.4985      30482          6  0.000e+00
    298.885     0.1291   2.890605     0.1296   2.890880    5.86956    -0.0784    13.8155 0.0000e+00  -64.61450  -62.85150 1154146819 210.180788    34.4989      30483          6  0.000e+00
    298.952     0.1298   2.890602     0.1292   2.890886    5.86954    -0.0564    13.8155 0.0000e+00  -64.61450  -62.85150 1154146819 210.180788    34.4981      30484          6  0.000e+00
    298.952     0.1296   2.890602     0.1297   2.890868    5.86957    -0.0013    13.8155 0.0000e+00  -64.61450  -62.85150 1154146819 210.180789    34.4983      30485          6  0.000e+00
    298.847     0.1297   2.890558     0.1296   2.890862    5.86949    -0.1114    13.8155 0.0000e+00  -64.61450  -62.85150 1154146819 210.180789    34.4977      30486          6  0.000e+00
    298.818     0.1291   2.890568     0.1299   2.890844    5.86953    -0.1445    13.8155 0.0000e+00  -64.61450  -62.85150 1154146819 210.180790    34.4985      30487          6  0.000e+00
    298.742     0.1292   2.890595     0.1296   2.890856    5.86944    -0.1114    13.8155 0.0000e+00  -64.61450  -62.85150 1154146819 210.180790    34.4988      30488          6  0.000e+00
    298.818     0.1291   2.890558     0.1296   2.890821    5.86953    -0.0564    13.8155 0.0000e+00  -64.61450  -62.85150 1154146819 210.180791    34.4984      30489          6  0.000e+00
