product_data/regression_test/downloaded_data/MDGS/320620060703/ctd/p6623204.cnv
* Sea-Bird SBE 9 Data File:
* FileName = D:\Data\Raw\p6623204.dat
* Software Version Seasave Win32 V 5.32
* Temperature SN = 1649
* Conductivity SN = 1431
* Number of Bytes Per Scan = 37
* Number of Voltage Words = 5
* Number of Scans Averaged by the Deck Unit = 1
* NMEA Latitude = 61 52.91 S
* NMEA Longitude = 053 08.29 W
* NMEA UTC (Time) = 09:57:38
** Ship:   Nathaniel B. Palmer 
** Cruise:    NBP0606 
# nquan = 15
# nvalues = 1273                        
# units = specified
# name 0 = prDM: Pressure, Digiquartz [db]
# name 1 = t090C: Temperature [ITS-90, deg C]
# name 2 = c0S/m: Conductivity [S/m]
# name 3 = t190C: Temperature, 2 [ITS-90, deg C]
# name 4 = c1S/m: Conductivity, 2 [S/m]
# name 5 = sbeox0ML/L: Oxygen, SBE 43 [ml/l]
# name 6 = flECO-AFL: Fluorescence, Wetlab ECO-AFL/FL [mg/m^3]
# name 7 = bat: Beam Attenuation, Chelsea/Seatech/Wetlab CStar [1/m]
# name 8 = spar: SPAR/Surface Irradiance
# name 9 = latitude: Latitude [deg]
# name 10 = longitude: Longitude [deg]
# name 11 = timeY: Time, System [seconds]
# name 12 = timeJ: Julian Days
# name 13 = sal00: Salinity [PSU]
# name 14 = flag: flag
# span 0 =      2.000,   1274.000       
# span 1 =    -1.7104,    -0.0084       
# span 2 =   2.721748,   2.924030       
# span 3 =    -1.7094,    -0.0078       
# span 4 =   2.722280,   2.924184       
# span 5 =    5.66938,    7.16280       
# span 6 =    -0.1349,     0.0724       
# span 7 =    13.8155,    13.8155       
# span 8 = 0.0000e+00, 0.0000e+00       
# span 9 =  -61.88183,  -61.88183       
# span 10 =  -53.13817,  -53.13817      
# span 11 = 1154944780, 1154946487      
# span 12 = 219.416463, 219.436221      
# span 13 =    34.3879,    34.7626      
# span 14 = 0.0000e+00, 0.0000e+00      
# interval = decibars: 1                
# start_time = Aug 07 2006 09:59:08
# bad_flag = -9.990e-29
*END*
[from data line 1254]
   1256.000    -0.1078   2.923080    -0.1078   2.923236    5.80595    -0.1209    13.8155 0.0000e+00  -61.88183  -53.13817 1154946446 219.435738    34.6385 0.0000e+00
   1257.000    -0.1077   2.923135    -0.1077   2.923295    5.80552    -0.1190    13.8155 0.0000e+00  -61.88183  -53.13817 1154946447 219.435756    34.6385 0.0000e+00
   1258.000    -0.1076   2.923182    -0.1076   2.923336    5.80628    -0.0981    13.8155 0.0000e+00  -61.88183  -53.13817 1154946449 219.435775    34.6385 0.0000e+00
   1259.000    -0.1072   2.923265    -0.1074   2.923398    5.80355    -0.1103    13.8155 0.0000e+00  -61.88183  -53.13817 1154946450 219.435793    34.6386 0.0000e+00
   1260.000    -0.1076   2.923299    -0.1077   2.923441    5.80243    -0.1069    13.8155 0.0000e+00  -61.88183  -53.13817 1154946452 219.435812    34.6388 0.0000e+00
   1261.000    -0.1073   2.923355    -0.1072   2.923517    5.80346    -0.1163    13.8155 0.0000e+00  -61.88183  -53.13817 1154946454 219.435830    34.6387 0.0000e+00
   1262.000    -0.1075   2.923362    -0.1074   2.923519    5.80663    -0.1046    13.8155 0.0000e+00  -61.88183  -53.13817 1154946455 219.435849    34.6384 0.0000e+00
   1263.000    -0.1072   2.923444    -0.1072   2.923594    5.80762    -0.1224    13.8155 0.0000e+00  -61.88183  -53.13817 1154946457 219.435868    34.6387 0.0000e+00
   1264.000    -0.1080   2.923427    -0.1080   2.923588    5.80571    -0.1225    13.8155 0.0000e+00  -61.88183  -53.13817 1154946459 219.435886    34.6388 0.0000e+00
   1265.000    -0.1089   2.923386    -0.1088   2.923548    5.80463    -0.1234    13.8155 0.0000e+00  -61.88183  -53.13817 1154946460 219.435909    34.6387 0.0000e+00
   1266.000    -0.1088   2.923439    -0.1087   2.923596    5.80538    -0.0926    13.8155 0.0000e+00  -61.88183  -53.13817 1154946463 219.435936    34.6387 0.0000e+00
   1267.000    -0.1086   2.923509    -0.1085   2.923658    5.80695    -0.1095    13.8155 0.0000e+00  -61.88183  -53.13817 1154946466 219.435969    34.6388 0.0000e+00
   1268.000    -0.1084   2.923580    -0.1081   2.923741    5.80758    -0.1103    13.8155 0.0000e+00  -61.88183  -53.13817 1154946469 219.436003    34.6390 0.0000e+00
   1269.000    -0.1077   2.923693    -0.1076   2.923832    5.80400    -0.1237    13.8155 0.0000e+00  -61.88183  -53.13817 1154946472 219.436038    34.6391 0.0000e+00
   1270.000    -0.1066   2.923840    -0.1065   2.923994    5.80338    -0.0932    13.8155 0.0000e+00  -61.88183  -53.13817 1154946475 219.436077    34.6392 0.0000e+00
   1271.000    -0.1060   2.923935    -0.1059   2.924093    5.80432    -0.1154    13.8155 0.0000e+00  -61.88183  -53.13817 1154946478 219.436113    34.6393 0.0000e+00
   1272.000    -0.1056   2.924017    -0.1057   2.924162    5.80690    -0.0958    13.8155 0.0000e+00  -61.88183  -53.13817 1154946481 219.436148    34.6394 0.0000e+00
   1273.000    -0.1062   2.923985    -0.1062   2.924133    5.81058    -0.1075    13.8155 0.0000e+00  -61.88183  -53.13817 1154946484 219.436184    34.6391 0.0000e+00
   1274.000    -0.1061   2.924030    -0.1060   2.924184    5.81109    -0.1278    13.8155 0.0000e+00  -61.88183  -53.13817 1154946487 219.436221    34.6390 0.0000e+00
