product_data/regression_test/downloaded_data/MDGS/320620060703/ctd/p6624203.ros
* Sea-Bird SBE 9 Data File:
* FileName = D:\Data\Raw\p6624203.dat
* Software Version Seasave Win32 V 5.32
* Temperature SN = 1649
* Conductivity SN = 1431
* Number of Bytes Per Scan = 37
* Number of Voltage Words = 5
* Number of Scans Averaged by the Deck Unit = 1
* NMEA Latitude = 61 58.90 S
* NMEA Longitude = 056 41.04 W
* NMEA UTC (Time) = 02:12:54
** Ship:   Nathaniel B. Palmer 
** Cruise:    NBP0606 
# nquan = 17
# nvalues = 1176                    
# units = specified
# name 0 = prDM: Pressure, Digiquartz [db]
# name 1 = t090C: Temperature [ITS-90, deg C]
# name 2 = c0S/m: Conductivity [S/m]
# name 3 = t190C: Temperature, 2 [ITS-90, deg C]
# name 4 = c1S/m: Conductivity, 2 [S/m]
# name 5 = sbeox0ML/L: Oxygen, SBE 43 [ml/l]
# name 6 = flECO-AFL: Fluorescence, Wetlab ECO-AFL/FL [mg/m^3]
# name 7 = bat: Beam Attenuation, Chelsea/Seatech/Wetlab CStar [1/m]
# name 8 = spar: SPAR/Surface Irradiance
# name 9 = latitude: Latitude [deg]
# name 10 = longitude: Longitude [deg]
# name 11 = timeY: Time, System [seconds]
# name 12 = timeJ: Julian Days
# name 13 = sal00: Salinity [PSU]
# name 14 = scan: scan number
# name 15 = nbf: number of bottles fired
# name 16 = flag:  0.000e+00
# interval = seconds: 0.0416667                   
# start_time = Aug 09 2006 02:14:45
*END*
[from data line 1022]
     10.744    -1.4460   2.721138    -1.4475   2.721216    7.66939    -0.0123    13.8155 0.0000e+00  -61.98167  -56.68400 1155092260 221.123403    34.1758      61850         21  0.000e+00
     10.773    -1.4465   2.721135    -1.4469   2.721198    7.66950     0.0318    13.8155 0.0000e+00  -61.98167  -56.68400 1155092260 221.123404    34.1763      61851         21  0.000e+00
     10.744    -1.4464   2.721102    -1.4475   2.721158    7.66948     0.0097    13.8155 0.0000e+00  -61.98167  -56.68400 1155092260 221.123404    34.1758      61852         21  0.000e+00
     10.744    -1.4469   2.721044    -1.4477   2.721158    7.66960    -0.0123    13.8155 0.0000e+00  -61.98167  -56.68400 1155092260 221.123405    34.1756      61853         21  0.000e+00
     10.773    -1.4466   2.721060    -1.4475   2.721124    7.66956     0.0538    13.8155 0.0000e+00  -61.98167  -56.68400 1155092260 221.123405    34.1754      61854         21  0.000e+00
     10.744    -1.4468   2.721053    -1.4475   2.721141    7.66957     0.0758    13.8155 0.0000e+00  -61.98167  -56.68400 1155092260 221.123406    34.1755      61855         21  0.000e+00
     10.773    -1.4470   2.721018    -1.4481   2.721141    7.66017    -0.0123    13.8155 0.0000e+00  -61.98167  -56.68400 1155092260 221.123406    34.1753      61856         21  0.000e+00
     10.744    -1.4495   2.720812    -1.4497   2.720968    7.66068    -0.0123    13.8155 0.0000e+00  -61.98167  -56.68400 1155092262 221.123429    34.1753      61904         22  0.000e+00
     10.601    -1.4502   2.720779    -1.4497   2.720962    7.66065    -0.0123    13.8155 0.0000e+00  -61.98167  -56.68400 1155092262 221.123430    34.1757      61905         22  0.000e+00
     11.049    -1.4491   2.720763    -1.4497   2.720986    7.66097    -0.0123    13.8155 0.0000e+00  -61.98167  -56.68400 1155092262 221.123430    34.1740      61906         22  0.000e+00
     10.678    -1.4498   2.720779    -1.4495   2.720962    7.66069     0.0318    13.8155 0.0000e+00  -61.98167  -56.68400 1155092262 221.123431    34.1753      61907         22  0.000e+00
     10.840    -1.4498   2.720802    -1.4500   2.720940    7.66084     0.0318    13.8155 0.0000e+00  -61.98167  -56.68400 1155092263 221.123431    34.1755      61908         22  0.000e+00
     10.811    -1.4500   2.720792    -1.4492   2.720957    7.66084     0.0318    13.8155 0.0000e+00  -61.98167  -56.68400 1155092263 221.123432    34.1756      61909         22  0.000e+00
     10.744    -1.4495   2.720769    -1.4492   2.720980    7.66071     0.0538    13.8155 0.0000e+00  -61.98167  -56.68400 1155092263 221.123432    34.1747      61910         22  0.000e+00
     10.773    -1.4498   2.720828    -1.4489   2.720986    7.66075     0.0428    13.8155 0.0000e+00  -61.98167  -56.68400 1155092263 221.123433    34.1759      61911         22  0.000e+00
     10.811    -1.4495   2.720835    -1.4491   2.720991    7.66073    -0.0123    13.8155 0.0000e+00  -61.98167  -56.68400 1155092263 221.123433    34.1756      61912         22  0.000e+00
     10.773    -1.4492   2.720812    -1.4491   2.721003    7.66067    -0.0564    13.8155 0.0000e+00  -61.98167  -56.68400 1155092263 221.123434    34.1750      61913         22  0.000e+00
     10.744    -1.4493   2.720825    -1.4492   2.720991    7.66065    -0.0013    13.8155 0.0000e+00  -61.98167  -56.68400 1155092263 221.123434    34.1753      61914         22  0.000e+00
     10.811    -1.4492   2.720812    -1.4498   2.720968    7.66071     0.0097    13.8155 0.0000e+00  -61.98167  -56.68400 1155092263 221.123435    34.1750      61915         22  0.000e+00
     10.773    -1.4492   2.720822    -1.4495   2.720957    7.66066    -0.0343    13.8155 0.0000e+00  -61.98167  -56.68400 1155092263 221.123435    34.1751      61916         22  0.000e+00
     10.811    -1.4496   2.720848    -1.4509   2.720899    7.66073    -0.0564    13.8155 0.0000e+00  -61.98167  -56.68400 1155092263 221.123436    34.1759      61917         22  0.000e+00
     10.773    -1.4489   2.720851    -1.4514   2.720796    7.66059    -0.0123    13.8155 0.0000e+00  -61.98167  -56.68400 1155092263 221.123436    34.1752      61918         22  0.000e+00
     10.811    -1.4503   2.720717    -1.4514   2.720721    7.66569     0.0097    13.8155 0.0000e+00  -61.98167  -56.68400 1155092263 221.123437    34.1749      61919         22  0.000e+00
     10.811    -1.4520   2.720528    -1.4526   2.720698    7.66135    -0.0233    13.8155 0.0000e+00  -61.98167  -56.68400 1155092263 221.123437    34.1742      61920         22  0.000e+00
     10.773    -1.4531   2.720479    -1.4527   2.720658    7.66151    -0.0454    13.8155 0.0000e+00  -61.98167  -56.68400 1155092263 221.123437    34.1748      61921         22  0.000e+00
     10.811    -1.4529   2.720528    -1.4529   2.720635    7.66149     0.0318    13.8155 0.0000e+00  -61.98167  -56.68400 1155092263 221.123438    34.1753      61922         22  0.000e+00
     10.773    -1.4518   2.720580    -1.4523   2.720640    7.66124     0.0648    13.8155 0.0000e+00  -61.98167  -56.68400 1155092263 221.123438    34.1748      61923         22  0.000e+00
     10.811    -1.4515   2.720573    -1.4515   2.720721    7.66124    -0.0123    13.8155 0.0000e+00  -61.98167  -56.68400 1155092263 221.123439    34.1743      61924         22  0.000e+00
     10.773    -1.4515   2.720583    -1.4512   2.720796    7.66119    -0.0564    13.8155 0.0000e+00  -61.98167  -56.68400 1155092263 221.123439    34.1745      61925         22  0.000e+00
     10.811    -1.4517   2.720557    -1.4508   2.720819    7.66128    -0.0343    13.8155 0.0000e+00  -61.98167  -56.68400 1155092263 221.123440    34.1743      61926         22  0.000e+00
     10.811    -1.4517   2.720495    -1.4506   2.720824    7.66132     0.0428    13.8155 0.0000e+00  -61.98167  -56.68400 1155092263 221.123440    34.1734      61927         22  0.000e+00
     10.773    -1.4528   2.720479    -1.4511   2.720813    7.66146     0.0538    13.8155 0.0000e+00  -61.98167  -56.68400 1155092263 221.123441    34.1745      61928         22  0.000e+00
     10.811    -1.4524   2.720498    -1.4514   2.720801    7.66618     0.0318    13.8155 0.0000e+00  -61.98167  -56.68400 1155092263 221.123441    34.1743      61929         22  0.000e+00
     10.773    -1.4529   2.720501    -1.4512   2.720778    7.66147     0.0428    13.8155 0.0000e+00  -61.98167  -56.68400 1155092263 221.123442    34.1750      61930         22  0.000e+00
     10.811    -1.4529   2.720465    -1.4509   2.720773    7.66628    -0.0013    13.8155 0.0000e+00  -61.98167  -56.68400 1155092264 221.123442    34.1744      61931         22  0.000e+00
     10.811    -1.4528   2.720475    -1.4517   2.720721    7.66151    -0.0013    13.8155 0.0000e+00  -61.98167  -56.68400 1155092264 221.123443    34.1744      61932         22  0.000e+00
     10.773    -1.4527   2.720495    -1.4520   2.720675    7.66619    -0.0123    13.8155 0.0000e+00  -61.98167  -56.68400 1155092264 221.123443    34.1747      61933         22  0.000e+00
     10.811    -1.4523   2.720521    -1.4518   2.720686    7.66140     0.0207    13.8155 0.0000e+00  -61.98167  -56.68400 1155092264 221.123444    34.1745      61934         22  0.000e+00
     10.773    -1.4523   2.720573    -1.4521   2.720663    7.66132     0.0758    13.8155 0.0000e+00  -61.98167  -56.68400 1155092264 221.123444    34.1752      61935         22  0.000e+00
     10.811    -1.4515   2.720570    -1.4526   2.720663    7.66599     0.0979    13.8155 0.0000e+00  -61.98167  -56.68400 1155092264 221.123445    34.1743      61936         22  0.000e+00
     10.811    -1.4518   2.720599    -1.4521   2.720669    7.66127     0.0648    13.8155 0.0000e+00  -61.98167  -56.68400 1155092264 221.123445    34.1750      61937         22  0.000e+00
     10.773    -1.4512   2.720593    -1.4524   2.720658    7.67063     0.0097    13.8155 0.0000e+00  -61.98167  -56.68400 1155092264 221.123446    34.1743      61938         22  0.000e+00
     10.811    -1.4514   2.720603    -1.4526   2.720646    7.67069    -0.0233    13.8155 0.0000e+00  -61.98167  -56.68400 1155092264 221.123446    34.1745      61939         22  0.000e+00
     10.773    -1.4512   2.720596    -1.4526   2.720663    7.67063    -0.0454    13.8155 0.0000e+00  -61.98167  -56.68400 1155092264 221.123447    34.1743      61940         22  0.000e+00
     10.811    -1.4514   2.720590    -1.4516   2.720681    7.66120     0.0428    13.8155 0.0000e+00  -61.98167  -56.68400 1155092264 221.123447    34.1743      61941         22  0.000e+00
     10.811    -1.4514   2.720570    -1.4520   2.720669    7.66122     0.0538    13.8155 0.0000e+00  -61.98167  -56.68400 1155092264 221.123448    34.1741      61942         22  0.000e+00
     10.773    -1.4515   2.720586    -1.4518   2.720686    7.66119     0.0758    13.8155 0.0000e+00  -61.98167  -56.68400 1155092264 221.123448    34.1745      61943         22  0.000e+00
     10.811    -1.4518   2.720537    -1.4520   2.720732    7.66606     0.0428    13.8155 0.0000e+00  -61.98167  -56.68400 1155092264 221.123449    34.1742      61944         22  0.000e+00
     10.773    -1.4517   2.720537    -1.4515   2.720715    7.66125    -0.0123    13.8155 0.0000e+00  -61.98167  -56.68400 1155092264 221.123449    34.1740      61945         22  0.000e+00
     10.811    -1.4520   2.720544    -1.4518   2.720698    7.66133    -0.0674    13.8155 0.0000e+00  -61.98167  -56.68400 1155092264 221.123450    34.1744      61946         22  0.000e+00
     10.811    -1.4515   2.720560    -1.4514   2.720715    7.66125    -0.0454    13.8155 0.0000e+00  -61.98167  -56.68400 1155092264 221.123450    34.1741      61947         22  0.000e+00
     10.840    -1.4517   2.720583    -1.4518   2.720750    7.67078     0.0318    13.8155 0.0000e+00  -61.98167  -56.68400 1155092264 221.123451    34.1746      61948         22  0.000e+00
     10.744    -1.4517   2.720606    -1.4514   2.720727    7.67067    -0.0013    13.8155 0.0000e+00  -61.98167  -56.68400 1155092264 221.123451    34.1750      61949         22  0.000e+00
     10.840    -1.4517   2.720626    -1.4518   2.720755    7.66126    -0.0674    13.8155 0.0000e+00  -61.98167  -56.68400 1155092264 221.123451    34.1752      61950         22  0.000e+00
     10.811    -1.4514   2.720612    -1.4514   2.720784    7.66594    -0.0674    13.8155 0.0000e+00  -61.98167  -56.68400 1155092264 221.123452    34.1747      61951         22  0.000e+00
     10.811    -1.4509   2.720596    -1.4509   2.720796    7.67062     0.0097    13.8155 0.0000e+00  -61.98167  -56.68400 1155092264 221.123452    34.1739      61952         22  0.000e+00
     10.811    -1.4512   2.720583    -1.4515   2.720732    7.66119    -0.0564    13.8155 0.0000e+00  -61.98167  -56.68400 1155092265 221.123463    34.1741      61974         23  0.000e+00
     10.773    -1.4509   2.720567    -1.4517   2.720721    7.67060    -0.0233    13.8155 0.0000e+00  -61.98167  -56.68400 1155092265 221.123464    34.1735      61975         23  0.000e+00
     10.811    -1.4514   2.720583    -1.4515   2.720738    7.66596    -0.0123    13.8155 0.0000e+00  -61.98167  -56.68400 1155092265 221.123464    34.1743      61976         23  0.000e+00
     10.906    -1.4507   2.720622    -1.4514   2.720698    7.66593    -0.0233    13.8155 0.0000e+00  -61.98167  -56.68400 1155092265 221.123465    34.1740      61977         23  0.000e+00
     10.811    -1.4511   2.720616    -1.4512   2.720709    7.66114    -0.0564    13.8155 0.0000e+00  -61.98167  -56.68400 1155092265 221.123465    34.1744      61978         23  0.000e+00
     10.811    -1.4512   2.720593    -1.4518   2.720738    7.66592    -0.0343    13.8155 0.0000e+00  -61.98167  -56.68400 1155092265 221.123465    34.1742      61979         23  0.000e+00
     10.840    -1.4509   2.720590    -1.4511   2.720738    7.67066    -0.0123    13.8155 0.0000e+00  -61.98167  -56.68400 1155092266 221.123466    34.1738      61980         23  0.000e+00
     10.811    -1.4511   2.720573    -1.4514   2.720704    7.66117    -0.0123    13.8155 0.0000e+00  -61.98167  -56.68400 1155092266 221.123466    34.1738      61981         23  0.000e+00
     10.840    -1.4512   2.720547    -1.4514   2.720698    7.66125     0.0207    13.8155 0.0000e+00  -61.98167  -56.68400 1155092266 221.123467    34.1736      61982         23  0.000e+00
     10.811    -1.4518   2.720531    -1.4518   2.720663    7.66132     0.0097    13.8155 0.0000e+00  -61.98167  -56.68400 1155092266 221.123467    34.1741      61983         23  0.000e+00
     10.887    -1.4518   2.720557    -1.4518   2.720686    7.66138    -0.0343    13.8155 0.0000e+00  -61.98167  -56.68400 1155092266 221.123468    34.1744      61984         23  0.000e+00
     10.840    -1.4514   2.720482    -1.4524   2.720675    7.67081    -0.0564    13.8155 0.0000e+00  -61.98167  -56.68400 1155092266 221.123468    34.1729      61985         23  0.000e+00
     10.811    -1.4517   2.720492    -1.4520   2.720658    7.66607     0.0097    13.8155 0.0000e+00  -61.98167  -56.68400 1155092266 221.123469    34.1734      61986         23  0.000e+00
     10.840    -1.4520   2.720514    -1.4518   2.720646    7.66613     0.0318    13.8155 0.0000e+00  -61.98167  -56.68400 1155092266 221.123469    34.1740      61987         23  0.000e+00
     10.811    -1.4518   2.720521    -1.4517   2.720663    7.66132    -0.0123    13.8155 0.0000e+00  -61.98167  -56.68400 1155092266 221.123470    34.1739      61988         23  0.000e+00
     10.887    -1.4523   2.720524    -1.4518   2.720686    7.66623     0.0097    13.8155 0.0000e+00  -61.98167  -56.68400 1155092266 221.123470    34.1745      61989         23  0.000e+00
     10.840    -1.4520   2.720521    -1.4518   2.720663    7.66138    -0.0343    13.8155 0.0000e+00  -61.98167  -56.68400 1155092266 221.123471    34.1741      61990         23  0.000e+00
     10.811    -1.4518   2.720537    -1.4521   2.720663    7.66132     0.0207    13.8155 0.0000e+00  -61.98167  -56.68400 1155092266 221.123471    34.1742      61991         23  0.000e+00
     10.840    -1.4520   2.720514    -1.4520   2.720652    7.66138     0.0207    13.8155 0.0000e+00  -61.98167  -56.68400 1155092266 221.123472    34.1740      61992         23  0.000e+00
     10.811    -1.4512   2.720534    -1.4512   2.720675    7.66597     0.0097    13.8155 0.0000e+00  -61.98167  -56.68400 1155092266 221.123472    34.1734      61993         23  0.000e+00
     10.887    -1.4515   2.720511    -1.4520   2.720669    7.66137     0.0207    13.8155 0.0000e+00  -61.98167  -56.68400 1155092266 221.123473    34.1734      61994         23  0.000e+00
     10.840    -1.4520   2.720534    -1.4517   2.720669    7.66137     0.0648    13.8155 0.0000e+00  -61.98167  -56.68400 1155092266 221.123473    34.1743      61995         23  0.000e+00
     10.811    -1.4518   2.720528    -1.4518   2.720640    7.66607     0.0648    13.8155 0.0000e+00  -61.98167  -56.68400 1155092266 221.123474    34.1740      61996         23  0.000e+00
     10.840    -1.4512   2.720521    -1.4518   2.720658    7.66601     0.0318    13.8155 0.0000e+00  -61.98167  -56.68400 1155092266 221.123474    34.1732      61997         23  0.000e+00
     10.887    -1.4514   2.720508    -1.4517   2.720652    7.67084     0.0318    13.8155 0.0000e+00  -61.98167  -56.68400 1155092266 221.123475    34.1732      61998         23  0.000e+00
     10.840    -1.4518   2.720534    -1.4521   2.720663    7.66610    -0.0123    13.8155 0.0000e+00  -61.98167  -56.68400 1155092266 221.123475    34.1741      61999         23  0.000e+00
     10.811    -1.4518   2.720544    -1.4514   2.720681    7.66131    -0.0123    13.8155 0.0000e+00  -61.98167  -56.68400 1155092266 221.123476    34.1742      62000         23  0.000e+00
     10.887    -1.4517   2.720531    -1.4520   2.720652    7.66138     0.0097    13.8155 0.0000e+00  -61.98167  -56.68400 1155092266 221.123476    34.1739      62001         23  0.000e+00
