product_data/regression_test/downloaded_data/MDGS/320620060703/ctd/p6622101.ros
* Sea-Bird SBE 9 Data File:
* FileName = D:\Data\Raw\p6622101.dat
* Software Version Seasave Win32 V 5.32
* Temperature SN = 1649
* Conductivity SN = 1431
* Number of Bytes Per Scan = 37
* Number of Voltage Words = 5
* Number of Scans Averaged by the Deck Unit = 1
* NMEA Latitude = 62 37.28 S
* NMEA Longitude = 057 52.53 W
* NMEA UTC (Time) = 09:18:39
** Ship:   Nathaniel B. Palmer 
** Cruise:    NBP0606 
# nquan = 17
# nvalues = 1176                    
# units = specified
# name 0 = prDM: Pressure, Digiquartz [db]
# name 1 = t090C: Temperature [ITS-90, deg C]
# name 2 = c0S/m: Conductivity [S/m]
# name 3 = t190C: Temperature, 2 [ITS-90, deg C]
# name 4 = c1S/m: Conductivity, 2 [S/m]
# name 5 = sbeox0ML/L: Oxygen, SBE 43 [ml/l]
# name 6 = flECO-AFL: Fluorescence, Wetlab ECO-AFL/FL [mg/m^3]
# name 7 = bat: Beam Attenuation, Chelsea/Seatech/Wetlab CStar [1/m]
# name 8 = spar: SPAR/Surface Irradiance
# name 9 = latitude: Latitude [deg]
# name 10 = longitude: Longitude [deg]
# name 11 = timeY: Time, System [seconds]
# name 12 = timeJ: Julian Days
# name 13 = sal00: Salinity [PSU]
# name 14 = scan: scan number
# name 15 = nbf: number of bottles fired
# name 16 = flag:  0.000e+00
# interval = seconds: 0.0416667                   
# start_time = Aug 03 2006 09:19:19
*END*
[from data line 171]
    500.161    -0.6609   2.834235    -0.6605   2.834450    6.48392    -0.1335    13.8155 0.0000e+00  -62.62133  -57.87550 1154599600 215.421306    34.5191      68206          4  0.000e+00
    500.209    -0.6609   2.834232    -0.6611   2.834421    6.48396    -0.0564    13.8155 0.0000e+00  -62.62133  -57.87550 1154599600 215.421307    34.5191      68207          4  0.000e+00
    500.161    -0.6610   2.834179    -0.6617   2.834380    6.48397    -0.0343    13.8155 0.0000e+00  -62.62133  -57.87550 1154599600 215.421307    34.5185      68208          4  0.000e+00
    500.161    -0.6612   2.834179    -0.6625   2.834362    6.48399    -0.0233    13.8155 0.0000e+00  -62.62133  -57.87550 1154599600 215.421308    34.5187      68209          4  0.000e+00
    500.161    -0.6616   2.834149    -0.6624   2.834345    6.48407    -0.0564    13.8155 0.0000e+00  -62.62133  -57.87550 1154599600 215.421308    34.5188      68210          4  0.000e+00
    500.142    -0.6616   2.834156    -0.6625   2.834333    6.48405    -0.0784    13.8155 0.0000e+00  -62.62133  -57.87550 1154599600 215.421309    34.5189      68211          4  0.000e+00
    500.162    -0.6615   2.834162    -0.6630   2.834298    6.48405    -0.1225    13.8155 0.0000e+00  -62.62133  -57.87550 1154599600 215.421309    34.5189      68212          4  0.000e+00
    500.162    -0.6612   2.834142    -0.6632   2.834281    6.47906    -0.1445    13.8155 0.0000e+00  -62.62133  -57.87550 1154599600 215.421310    34.5182      68213          4  0.000e+00
    500.142    -0.6610   2.834139    -0.6631   2.834310    6.48398    -0.1665    13.8155 0.0000e+00  -62.62133  -57.87550 1154599600 215.421310    34.5180      68214          4  0.000e+00
    500.162    -0.6613   2.834122    -0.6628   2.834269    6.48405    -0.1665    13.8155 0.0000e+00  -62.62133  -57.87550 1154599600 215.421311    34.5181      68215          4  0.000e+00
    500.162    -0.6616   2.834149    -0.6633   2.834281    6.47911    -0.1665    13.8155 0.0000e+00  -62.62133  -57.87550 1154599600 215.421311    34.5188      68216          4  0.000e+00
    500.162    -0.6616   2.834179    -0.6635   2.834240    6.48901    -0.1445    13.8155 0.0000e+00  -62.62133  -57.87550 1154599600 215.421312    34.5192      68217          4  0.000e+00
    500.142    -0.6616   2.834149    -0.6636   2.834234    6.48901    -0.0784    13.8155 0.0000e+00  -62.62133  -57.87550 1154599600 215.421312    34.5189      68218          4  0.000e+00
    500.162    -0.6618   2.834139    -0.6633   2.834251    6.47914    -0.0784    13.8155 0.0000e+00  -62.62133  -57.87550 1154599600 215.421313    34.5189      68219          4  0.000e+00
    500.162    -0.6613   2.834156    -0.6636   2.834240    6.48403    -0.1004    13.8155 0.0000e+00  -62.62133  -57.87550 1154599600 215.421313    34.5186      68220          4  0.000e+00
    500.162    -0.6623   2.834112    -0.6642   2.834205    6.47922    -0.1004    13.8155 0.0000e+00  -62.62133  -57.87550 1154599601 215.421314    34.5191      68221          4  0.000e+00
    500.143    -0.6625   2.834042    -0.6640   2.834211    6.48423    -0.1886    13.8155 0.0000e+00  -62.62133  -57.87550 1154599601 215.421314    34.5184      68222          4  0.000e+00
    500.162    -0.6633   2.834006    -0.6642   2.834199    6.48438    -0.1665    13.8155 0.0000e+00  -62.62133  -57.87550 1154599601 215.421315    34.5188      68223          4  0.000e+00
    500.239    -0.6632   2.833986    -0.6633   2.834187    6.48941    -0.1114    13.8155 0.0000e+00  -62.62133  -57.87550 1154599601 215.421315    34.5184      68224          4  0.000e+00
    500.143    -0.6635   2.834013    -0.6637   2.834193    6.48439    -0.1225    13.8155 0.0000e+00  -62.62133  -57.87550 1154599601 215.421316    34.5191      68225          4  0.000e+00
    500.239    -0.6636   2.834026    -0.6642   2.834211    6.48448    -0.1335    13.8155 0.0000e+00  -62.62133  -57.87550 1154599601 215.421316    34.5194      68226          4  0.000e+00
    500.162    -0.6635   2.834006    -0.6643   2.834181    6.47945    -0.1004    13.8155 0.0000e+00  -62.62133  -57.87550 1154599601 215.421317    34.5190      68227          4  0.000e+00
    500.162    -0.6635   2.834019    -0.6637   2.834205    6.48440    -0.1335    13.8155 0.0000e+00  -62.62133  -57.87550 1154599601 215.421317    34.5192      68228          4  0.000e+00
    500.210    -0.6633   2.834006    -0.6639   2.834246    6.48939    -0.0343    13.8155 0.0000e+00  -62.62133  -57.87550 1154599601 215.421318    34.5188      68229          4  0.000e+00
    500.239    -0.6636   2.834036    -0.6634   2.834240    6.48448    -0.0894    13.8155 0.0000e+00  -62.62133  -57.87550 1154599601 215.421318    34.5196      68230          4  0.000e+00
    400.241    -0.6887   2.826730    -0.6511   2.829769    6.54449    -0.1555    13.8155 0.0000e+00  -62.62133  -57.87550 1154599774 215.423324    34.5102      72389          5  0.000e+00
    400.173    -0.6883   2.827208    -0.6519   2.829675    6.54408    -0.1004    13.8155 0.0000e+00  -62.62133  -57.87550 1154599774 215.423324    34.5162      72390          5  0.000e+00
    400.173    -0.6760   2.827729    -0.6543   2.829494    6.54212    -0.0784    13.8155 0.0000e+00  -62.62133  -57.87550 1154599774 215.423325    34.5093      72391          5  0.000e+00
    400.173    -0.6703   2.827859    -0.6559   2.829301    6.54128    -0.1225    13.8155 0.0000e+00  -62.62133  -57.87550 1154599774 215.423325    34.5045      72392          5  0.000e+00
    400.174    -0.6749   2.827600    -0.6579   2.829109    6.53716    -0.0784    13.8155 0.0000e+00  -62.62133  -57.87550 1154599774 215.423326    34.5063      72393          5  0.000e+00
    400.106    -0.6759   2.827414    -0.6594   2.829027    6.53734    -0.0784    13.8155 0.0000e+00  -62.62133  -57.87550 1154599774 215.423326    34.5049      72394          5  0.000e+00
    400.174    -0.6777   2.827331    -0.6623   2.829033    6.54259    -0.0564    13.8155 0.0000e+00  -62.62133  -57.87550 1154599774 215.423327    34.5058      72395          5  0.000e+00
    400.174    -0.6813   2.827191    -0.6630   2.829015    6.54315    -0.0343    13.8155 0.0000e+00  -62.62133  -57.87550 1154599775 215.423327    34.5080      72396          5  0.000e+00
    400.106    -0.6844   2.826982    -0.6633   2.828916    6.53874    -0.1004    13.8155 0.0000e+00  -62.62133  -57.87550 1154599775 215.423328    34.5087      72397          5  0.000e+00
    400.174    -0.6832   2.826842    -0.6653   2.828817    6.53872    -0.1114    13.8155 0.0000e+00  -62.62133  -57.87550 1154599775 215.423328    34.5054      72398          5  0.000e+00
    400.107    -0.6816   2.826779    -0.6670   2.828712    6.53849    -0.1225    13.8155 0.0000e+00  -62.62133  -57.87550 1154599775 215.423329    34.5028      72399          5  0.000e+00
    400.174    -0.6830   2.826753    -0.6633   2.828835    6.53875    -0.1225    13.8155 0.0000e+00  -62.62133  -57.87550 1154599775 215.423329    34.5040      72400          5  0.000e+00
    400.107    -0.6861   2.826866    -0.6619   2.828975    6.53903    -0.1665    13.8155 0.0000e+00  -62.62133  -57.87550 1154599775 215.423329    34.5091      72401          5  0.000e+00
    400.174    -0.6890   2.826992    -0.6628   2.829080    6.53941    -0.1335    13.8155 0.0000e+00  -62.62133  -57.87550 1154599775 215.423330    34.5141      72402          5  0.000e+00
    400.107    -0.6904   2.827088    -0.6596   2.829214    6.54438    -0.1004    13.8155 0.0000e+00  -62.62133  -57.87550 1154599775 215.423330    34.5170      72403          5  0.000e+00
    400.107    -0.6887   2.827348    -0.6547   2.829430    6.54399    -0.1004    13.8155 0.0000e+00  -62.62133  -57.87550 1154599775 215.423331    34.5186      72404          5  0.000e+00
    400.107    -0.6889   2.827494    -0.6520   2.829634    6.54392    -0.0894    13.8155 0.0000e+00  -62.62133  -57.87550 1154599775 215.423331    34.5207      72405          5  0.000e+00
    400.107    -0.6870   2.827467    -0.6511   2.829722    6.54369    -0.1004    13.8155 0.0000e+00  -62.62133  -57.87550 1154599775 215.423332    34.5183      72406          5  0.000e+00
    400.174    -0.6808   2.827401    -0.6508   2.829652    6.54296    -0.0564    13.8155 0.0000e+00  -62.62133  -57.87550 1154599775 215.423332    34.5103      72407          5  0.000e+00
    400.107    -0.6753   2.827484    -0.6517   2.829553    6.54211    -0.0013    13.8155 0.0000e+00  -62.62133  -57.87550 1154599775 215.423333    34.5051      72408          5  0.000e+00
    400.107    -0.6742   2.827583    -0.6531   2.829477    6.54190    -0.0894    13.8155 0.0000e+00  -62.62133  -57.87550 1154599775 215.423333    34.5052      72409          5  0.000e+00
    400.107    -0.6737   2.827656    -0.6556   2.829360    6.54180    -0.1004    13.8155 0.0000e+00  -62.62133  -57.87550 1154599775 215.423334    34.5057      72410          5  0.000e+00
    400.107    -0.6700   2.827896    -0.6610   2.829097    6.53626    -0.0564    13.8155 0.0000e+00  -62.62133  -57.87550 1154599775 215.423334    34.5047      72411          5  0.000e+00
    400.107    -0.6664   2.828141    -0.6651   2.828788    6.54053    -0.0894    13.8155 0.0000e+00  -62.62133  -57.87550 1154599775 215.423335    34.5039      72412          5  0.000e+00
    400.107    -0.6660   2.828298    -0.6679   2.828513    6.54037    -0.0564    13.8155 0.0000e+00  -62.62133  -57.87550 1154599775 215.423335    34.5055      72413          5  0.000e+00
    400.107    -0.6658   2.828351    -0.6728   2.828315    6.54032    -0.0564    13.8155 0.0000e+00  -62.62133  -57.87550 1154599775 215.423336    34.5061      72414          5  0.000e+00
    400.107    -0.6674   2.828168    -0.6719   2.828204    6.54064    -0.1114    13.8155 0.0000e+00  -62.62133  -57.87550 1154599775 215.423336    34.5054      72415          5  0.000e+00
    400.107    -0.6717   2.828055    -0.6658   2.828134    6.54129    -0.1225    13.8155 0.0000e+00  -62.62133  -57.87550 1154599775 215.423337    34.5088      72416          5  0.000e+00
    400.107    -0.6702   2.828018    -0.6670   2.828134    6.53621    -0.0454    13.8155 0.0000e+00  -62.62133  -57.87550 1154599775 215.423337    34.5065      72417          5  0.000e+00
    400.030    -0.6737   2.827879    -0.6720   2.828070    6.53669    -0.0454    13.8155 0.0000e+00  -62.62133  -57.87550 1154599775 215.423338    34.5087      72418          5  0.000e+00
    400.107    -0.6777   2.827713    -0.6736   2.827941    6.54230    -0.0123    13.8155 0.0000e+00  -62.62133  -57.87550 1154599775 215.423338    34.5110      72419          5  0.000e+00
    400.107    -0.6793   2.827590    -0.6732   2.827696    6.54258    -0.0564    13.8155 0.0000e+00  -62.62133  -57.87550 1154599776 215.423339    34.5111      72420          5  0.000e+00
    400.107    -0.6780   2.827683    -0.6774   2.827451    6.54236    -0.1225    13.8155 0.0000e+00  -62.62133  -57.87550 1154599776 215.423339    34.5110      72421          5  0.000e+00
    400.030    -0.6760   2.827703    -0.6807   2.827258    6.54201    -0.1665    13.8155 0.0000e+00  -62.62133  -57.87550 1154599776 215.423340    34.5090      72422          5  0.000e+00
    400.107    -0.6734   2.827902    -0.6742   2.827346    6.54161    -0.1665    13.8155 0.0000e+00  -62.62133  -57.87550 1154599776 215.423340    34.5086      72423          5  0.000e+00
    400.059    -0.6725   2.828208    -0.6704   2.827579    6.54125    -0.1445    13.8155 0.0000e+00  -62.62133  -57.87550 1154599776 215.423341    34.5117      72424          5  0.000e+00
    400.107    -0.6723   2.828288    -0.6688   2.827819    6.54123    -0.0784    13.8155 0.0000e+00  -62.62133  -57.87550 1154599776 215.423341    34.5126      72425          5  0.000e+00
    400.030    -0.6728   2.828135    -0.6689   2.827982    6.54131    -0.0784    13.8155 0.0000e+00  -62.62133  -57.87550 1154599776 215.423342    34.5111      72426          5  0.000e+00
    400.107    -0.6714   2.827982    -0.6728   2.828023    6.54129    -0.1225    13.8155 0.0000e+00  -62.62133  -57.87550 1154599776 215.423342    34.5074      72427          5  0.000e+00
    400.030    -0.6692   2.827965    -0.6742   2.827976    6.54094    -0.1555    13.8155 0.0000e+00  -62.62133  -57.87550 1154599776 215.423342    34.5048      72428          5  0.000e+00
    400.030    -0.6671   2.828055    -0.6781   2.827941    6.54061    -0.1555    13.8155 0.0000e+00  -62.62133  -57.87550 1154599776 215.423343    34.5036      72429          5  0.000e+00
    400.030    -0.6661   2.828168    -0.6795   2.827924    6.54040    -0.0343    13.8155 0.0000e+00  -62.62133  -57.87550 1154599776 215.423343    34.5040      72430          5  0.000e+00
    400.107    -0.6638   2.828128    -0.6778   2.827970    6.54018    -0.0123    13.8155 0.0000e+00  -62.62133  -57.87550 1154599776 215.423344    34.5008      72431          5  0.000e+00
    400.031    -0.6664   2.827969    -0.6764   2.828029    6.54056    -0.1225    13.8155 0.0000e+00  -62.62133  -57.87550 1154599776 215.423344    34.5017      72432          5  0.000e+00
    400.031    -0.6698   2.827889    -0.6738   2.828029    6.54107    -0.1114    13.8155 0.0000e+00  -62.62133  -57.87550 1154599776 215.423345    34.5045      72433          5  0.000e+00
    399.963    -0.6702   2.827912    -0.6719   2.828040    6.54103    -0.0564    13.8155 0.0000e+00  -62.62133  -57.87550 1154599776 215.423345    34.5052      72434          5  0.000e+00
    400.031    -0.6704   2.827905    -0.6708   2.827959    6.54114    -0.0784    13.8155 0.0000e+00  -62.62133  -57.87550 1154599776 215.423346    34.5054      72435          5  0.000e+00
    400.031    -0.6698   2.827882    -0.6715   2.827906    6.54107    -0.0784    13.8155 0.0000e+00  -62.62133  -57.87550 1154599776 215.423346    34.5044      72436          5  0.000e+00
    399.887    -0.6708   2.827846    -0.6715   2.827848    6.54109    -0.0674    13.8155 0.0000e+00  -62.62133  -57.87550 1154599776 215.423347    34.5050      72437          5  0.000e+00
    400.036    -0.6971   2.825424    -0.6990   2.825496    6.54621    -0.0454    13.8155 0.0000e+00  -62.62133  -57.87550 1154599787 215.423472    34.5022      72697          6  0.000e+00
    400.179    -0.6969   2.825424    -0.6995   2.825549    6.54632    -0.1445    13.8155 0.0000e+00  -62.62133  -57.87550 1154599787 215.423473    34.5019      72698          6  0.000e+00
    400.036    -0.6979   2.825451    -0.6987   2.825555    6.54630    -0.0784    13.8155 0.0000e+00  -62.62133  -57.87550 1154599787 215.423473    34.5035      72699          6  0.000e+00
    399.969    -0.6977   2.825454    -0.6986   2.825525    6.54132    -0.0343    13.8155 0.0000e+00  -62.62133  -57.87550 1154599787 215.423474    34.5033      72700          6  0.000e+00
    400.112    -0.6970   2.825441    -0.6982   2.825520    6.54626    -0.0564    13.8155 0.0000e+00  -62.62133  -57.87550 1154599787 215.423474    34.5023      72701          6  0.000e+00
    400.036    -0.6974   2.825447    -0.6984   2.825520    6.54624    -0.0454    13.8155 0.0000e+00  -62.62133  -57.87550 1154599787 215.423475    34.5029      72702          6  0.000e+00
    400.036    -0.6975   2.825424    -0.6991   2.825502    6.54627    -0.1004    13.8155 0.0000e+00  -62.62133  -57.87550 1154599787 215.423475    34.5027      72703          6  0.000e+00
    400.112    -0.6975   2.825424    -0.6992   2.825531    6.54145    -0.2106    13.8155 0.0000e+00  -62.62133  -57.87550 1154599787 215.423476    34.5027      72704          6  0.000e+00
    400.036    -0.6977   2.825434    -0.6990   2.825525    6.54140    -0.2326    13.8155 0.0000e+00  -62.62133  -57.87550 1154599787 215.423476    34.5031      72705          6  0.000e+00
    400.036    -0.6977   2.825431    -0.6992   2.825502    6.54629    -0.1555    13.8155 0.0000e+00  -62.62133  -57.87550 1154599787 215.423477    34.5030      72706          6  0.000e+00
