product_data/regression_test/downloaded_data/MDGS/320620060703/ctd/p6621105.ros
* Sea-Bird SBE 9 Data File:
* FileName = D:\Data\Raw\p6621105.dat
* Software Version Seasave Win32 V 5.32
* Temperature SN = 1649
* Conductivity SN = 1431
* Number of Bytes Per Scan = 37
* Number of Voltage Words = 5
* Number of Scans Averaged by the Deck Unit = 1
* NMEA Latitude = 63 47.00 S
* NMEA Longitude = 060 13.15 W
* NMEA UTC (Time) = 17:09:33
** Ship:   Nathaniel B. Palmer 
** Cruise:    NBP0606 
# nquan = 17
# nvalues = 1176                    
# units = specified
# name 0 = prDM: Pressure, Digiquartz [db]
# name 1 = t090C: Temperature [ITS-90, deg C]
# name 2 = c0S/m: Conductivity [S/m]
# name 3 = t190C: Temperature, 2 [ITS-90, deg C]
# name 4 = c1S/m: Conductivity, 2 [S/m]
# name 5 = sbeox0ML/L: Oxygen, SBE 43 [ml/l]
# name 6 = flECO-AFL: Fluorescence, Wetlab ECO-AFL/FL [mg/m^3]
# name 7 = bat: Beam Attenuation, Chelsea/Seatech/Wetlab CStar [1/m]
# name 8 = spar: SPAR/Surface Irradiance
# name 9 = latitude: Latitude [deg]
# name 10 = longitude: Longitude [deg]
# name 11 = timeY: Time, System [seconds]
# name 12 = timeJ: Julian Days
# name 13 = sal00: Salinity [PSU]
# name 14 = scan: scan number
# name 15 = nbf: number of bottles fired
# name 16 = flag:  0.000e+00
# interval = seconds: 0.0416667                   
# start_time = Jul 31 2006 17:09:41
*END*
[from data line 937]
     25.265    -1.2703   2.740941    -1.2876   2.740476    7.20787    -0.0564    13.8155 6.5263e+02  -63.78333  -60.21917 1154367034 212.729575    34.2384      30104         20  0.000e+00
     25.341    -1.2785   2.740456    -1.2888   2.740563    7.20947    -0.0784    13.8155 6.5458e+02  -63.78333  -60.21917 1154367034 212.729576    34.2410      30105         20  0.000e+00
     25.274    -1.2867   2.740063    -1.2880   2.740540    7.21562    -0.0233    13.8155 6.5458e+02  -63.78333  -60.21917 1154367034 212.729576    34.2451      30106         20  0.000e+00
     25.332    -1.2917   2.739834    -1.2853   2.740690    7.21183    -0.0013    13.8155 6.5263e+02  -63.78333  -60.21917 1154367034 212.729577    34.2476      30107         20  0.000e+00
     25.274    -1.2932   2.739657    -1.2841   2.740840    7.21212     0.0538    13.8155 6.5458e+02  -63.78333  -60.21917 1154367034 212.729577    34.2469      30108         20  0.000e+00
     25.341    -1.2940   2.739604    -1.2842   2.740834    7.21233    -0.0454    13.8155 6.5263e+02  -63.78333  -60.21917 1154367034 212.729578    34.2471      30109         20  0.000e+00
     25.332    -1.2940   2.739611    -1.2834   2.740823    7.21232    -0.1004    13.8155 6.5263e+02  -63.78333  -60.21917 1154367034 212.729578    34.2472      30110         20  0.000e+00
     25.341    -1.2929   2.739627    -1.2831   2.740979    7.21689    -0.1445    13.8155 6.5263e+02  -63.78333  -60.21917 1154367034 212.729579    34.2462      30111         20  0.000e+00
     25.341    -1.2925   2.739666    -1.2815   2.741284    7.21680    -0.1886    13.8155 6.5458e+02  -63.78333  -60.21917 1154367034 212.729579    34.2462      30112         20  0.000e+00
     25.332    -1.2934   2.739817    -1.2798   2.741683    7.21682    -0.1004    13.8155 6.5263e+02  -63.78333  -60.21917 1154367034 212.729579    34.2493      30113         20  0.000e+00
     25.341    -1.2920   2.740040    -1.2779   2.741931    7.21648     0.0207    13.8155 6.5068e+02  -63.78333  -60.21917 1154367034 212.729580    34.2508      30114         20  0.000e+00
     25.332    -1.2840   2.740328    -1.2752   2.741954    7.21509    -0.0564    13.8155 6.4873e+02  -63.78333  -60.21917 1154367034 212.729580    34.2455      30115         20  0.000e+00
     25.341    -1.2829   2.740574    -1.2732   2.741931    7.21477    -0.1114    13.8155 6.4873e+02  -63.78333  -60.21917 1154367034 212.729581    34.2477      30116         20  0.000e+00
     25.341    -1.2825   2.740859    -1.2737   2.741884    7.21452    -0.1225    13.8155 6.4873e+02  -63.78333  -60.21917 1154367034 212.729581    34.2512      30117         20  0.000e+00
     25.332    -1.2801   2.740938    -1.2743   2.741769    7.21410    -0.1445    13.8155 6.4873e+02  -63.78333  -60.21917 1154367035 212.729582    34.2495      30118         20  0.000e+00
     25.418    -1.2793   2.741039    -1.2741   2.741740    7.21400     0.0428    13.8155 6.4873e+02  -63.78333  -60.21917 1154367035 212.729582    34.2499      30119         20  0.000e+00
     25.341    -1.2775   2.741285    -1.2724   2.741775    7.21349     0.0538    13.8155 6.4873e+02  -63.78333  -60.21917 1154367035 212.729583    34.2513      30120         20  0.000e+00
     25.332    -1.2754   2.741475    -1.2686   2.741965    7.21305    -0.1004    13.8155 6.4678e+02  -63.78333  -60.21917 1154367035 212.729583    34.2515      30121         20  0.000e+00
     25.418    -1.2738   2.741610    -1.2635   2.742283    7.21280    -0.0784    13.8155 6.4678e+02  -63.78333  -60.21917 1154367035 212.729584    34.2514      30122         20  0.000e+00
     25.341    -1.2725   2.741741    -1.2576   2.742646    7.21718    -0.0343    13.8155 6.4873e+02  -63.78333  -60.21917 1154367035 212.729584    34.2518      30123         20  0.000e+00
     25.332    -1.2707   2.741826    -1.2568   2.742912    7.21684    -0.0454    13.8155 6.4873e+02  -63.78333  -60.21917 1154367035 212.729585    34.2509      30124         20  0.000e+00
     25.418    -1.2694   2.741875    -1.2565   2.742987    7.21198    -0.1225    13.8155 6.4873e+02  -63.78333  -60.21917 1154367035 212.729585    34.2501      30125         20  0.000e+00
     25.341    -1.2689   2.741869    -1.2591   2.742975    7.21184    -0.1445    13.8155 6.4873e+02  -63.78333  -60.21917 1154367035 212.729586    34.2495      30126         20  0.000e+00
     25.399    -1.2694   2.741813    -1.2600   2.742969    7.21201    -0.1335    13.8155 6.4873e+02  -63.78333  -60.21917 1154367035 212.729586    34.2493      30127         20  0.000e+00
     25.341    -1.2691   2.741780    -1.2591   2.743108    7.21192    -0.0123    13.8155 6.4873e+02  -63.78333  -60.21917 1154367035 212.729587    34.2485      30128         20  0.000e+00
     25.399    -1.2683   2.741760    -1.2579   2.743362    7.21662    -0.0123    13.8155 6.4873e+02  -63.78333  -60.21917 1154367035 212.729587    34.2473      30129         20  0.000e+00
     25.341    -1.2677   2.741918    -1.2562   2.743500    7.21636    -0.0123    13.8155 6.4873e+02  -63.78333  -60.21917 1154367035 212.729588    34.2488      30130         20  0.000e+00
     25.418    -1.2669   2.742141    -1.2553   2.743460    7.21617    -0.0343    13.8155 6.4873e+02  -63.78333  -60.21917 1154367035 212.729588    34.2509      30131         20  0.000e+00
     25.399    -1.2658   2.742344    -1.2542   2.743402    7.21585    -0.1225    13.8155 6.4873e+02  -63.78333  -60.21917 1154367035 212.729589    34.2525      30132         20  0.000e+00
     25.341    -1.2646   2.742573    -1.2539   2.743391    7.21546    -0.1555    13.8155 6.4873e+02  -63.78333  -60.21917 1154367035 212.729589    34.2543      30133         20  0.000e+00
     25.418    -1.2622   2.742734    -1.2524   2.743448    7.21506    -0.1004    13.8155 6.4873e+02  -63.78333  -60.21917 1154367035 212.729590    34.2536      30134         20  0.000e+00
     25.399    -1.2595   2.742836    -1.2528   2.743489    7.21459    -0.0123    13.8155 6.4873e+02  -63.78333  -60.21917 1154367035 212.729590    34.2520      30135         20  0.000e+00
     25.342    -1.2584   2.742937    -1.2528   2.743494    7.21430     0.0097    13.8155 6.4873e+02  -63.78333  -60.21917 1154367035 212.729591    34.2522      30136         20  0.000e+00
     25.342    -1.2588   2.743065    -1.2521   2.743529    7.21426    -0.0013    13.8155 6.4873e+02  -63.78333  -60.21917 1154367035 212.729591    34.2543      30137         20  0.000e+00
     25.399    -1.2583   2.743229    -1.2519   2.743546    7.21414    -0.0564    13.8155 6.2341e+02  -63.78333  -60.21917 1154367035 212.729592    34.2560      30138         20  0.000e+00
     25.342    -1.2569   2.743295    -1.2541   2.743425    7.21383    -0.1225    13.8155 5.9418e+02  -63.78333  -60.21917 1154367035 212.729592    34.2554      30139         20  0.000e+00
     25.399    -1.2554   2.743249    -1.2556   2.743131    7.21843    -0.1886    13.8155 5.8834e+02  -63.78333  -60.21917 1154367035 212.729592    34.2529      30140         20  0.000e+00
     25.342    -1.2532   2.743163    -1.2562   2.742969    7.21338    -0.1665    13.8155 5.8834e+02  -63.78333  -60.21917 1154367035 212.729593    34.2493      30141         20  0.000e+00
     25.342    -1.2529   2.743160    -1.2562   2.742946    7.21334    -0.1004    13.8155 5.9029e+02  -63.78333  -60.21917 1154367036 212.729593    34.2489      30142         20  0.000e+00
     25.399    -1.2525   2.743216    -1.2557   2.743062    7.21802    -0.0454    13.8155 5.9029e+02  -63.78333  -60.21917 1154367036 212.729594    34.2491      30143         20  0.000e+00
     25.342    -1.2521   2.743347    -1.2545   2.743200    7.21782     0.0318    13.8155 5.9029e+02  -63.78333  -60.21917 1154367036 212.729594    34.2505      30144         20  0.000e+00
     25.342    -1.2509   2.743468    -1.2538   2.743252    7.21756     0.0318    13.8155 5.8834e+02  -63.78333  -60.21917 1154367036 212.729595    34.2509      30145         20  0.000e+00
     25.399    -1.2506   2.743560    -1.2536   2.743240    7.21751    -0.0674    13.8155 5.8834e+02  -63.78333  -60.21917 1154367036 212.729595    34.2518      30146         20  0.000e+00
     10.801    -1.2793   2.740118    -1.2793   2.740421    7.23775    -0.0013    13.8155 8.0653e+02  -63.78333  -60.21917 1154367082 212.730134    34.2466      31262         21  0.000e+00
     10.772    -1.2800   2.740161    -1.2770   2.740490    7.23779    -0.0123    13.8155 8.0653e+02  -63.78333  -60.21917 1154367082 212.730134    34.2480      31263         21  0.000e+00
     10.801    -1.2793   2.740285    -1.2724   2.740900    7.23763    -0.0343    13.8155 8.0653e+02  -63.78333  -60.21917 1154367082 212.730135    34.2489      31264         21  0.000e+00
     10.849    -1.2796   2.740167    -1.2678   2.741321    7.23780    -0.0894    13.8155 8.0653e+02  -63.78333  -60.21917 1154367082 212.730135    34.2475      31265         21  0.000e+00
     10.772    -1.2799   2.740216    -1.2646   2.741661    7.23774    -0.0784    13.8155 8.0653e+02  -63.78333  -60.21917 1154367082 212.730136    34.2486      31266         21  0.000e+00
     10.868    -1.2757   2.740649    -1.2617   2.741875    7.23692    -0.0233    13.8155 8.0653e+02  -63.78333  -60.21917 1154367082 212.730136    34.2497      31267         21  0.000e+00
     10.772    -1.2707   2.741009    -1.2595   2.741996    7.23583    -0.0564    13.8155 8.0653e+02  -63.78333  -60.21917 1154367082 212.730136    34.2489      31268         21  0.000e+00
     10.868    -1.2672   2.741353    -1.2585   2.742140    7.23519    -0.1004    13.8155 8.0653e+02  -63.78333  -60.21917 1154367082 212.730137    34.2497      31269         21  0.000e+00
     10.849    -1.2648   2.741491    -1.2590   2.742181    7.23944    -0.0123    13.8155 8.0653e+02  -63.78333  -60.21917 1154367083 212.730137    34.2488      31270         21  0.000e+00
     10.849    -1.2651   2.741507    -1.2591   2.742181    7.23947     0.0097    13.8155 8.0653e+02  -63.78333  -60.21917 1154367083 212.730138    34.2493      31271         21  0.000e+00
     10.868    -1.2657   2.741488    -1.2596   2.742163    7.23487    -0.1004    13.8155 8.0653e+02  -63.78333  -60.21917 1154367083 212.730138    34.2498      31272         21  0.000e+00
     10.849    -1.2648   2.741534    -1.2599   2.742157    7.23941    -0.0233    13.8155 8.0653e+02  -63.78333  -60.21917 1154367083 212.730139    34.2493      31273         21  0.000e+00
     10.916    -1.2634   2.741681    -1.2608   2.742117    7.23917    -0.0343    13.8155 8.0653e+02  -63.78333  -60.21917 1154367083 212.730139    34.2497      31274         21  0.000e+00
     10.868    -1.2614   2.741812    -1.2599   2.742082    7.23401    -0.1225    13.8155 8.0653e+02  -63.78333  -60.21917 1154367083 212.730140    34.2493      31275         21  0.000e+00
     10.849    -1.2597   2.742002    -1.2588   2.742059    7.23834    -0.1335    13.8155 8.0653e+02  -63.78333  -60.21917 1154367083 212.730140    34.2500      31276         21  0.000e+00
     10.868    -1.2578   2.742156    -1.2577   2.742094    7.23798    -0.0564    13.8155 8.0653e+02  -63.78333  -60.21917 1154367083 212.730141    34.2499      31277         21  0.000e+00
     10.849    -1.2562   2.742258    -1.2576   2.742163    7.23764    -0.0343    13.8155 8.0653e+02  -63.78333  -60.21917 1154367083 212.730141    34.2494      31278         21  0.000e+00
     10.849    -1.2548   2.742281    -1.2579   2.742198    7.23742    -0.0564    13.8155 8.0653e+02  -63.78333  -60.21917 1154367083 212.730142    34.2482      31279         21  0.000e+00
     10.868    -1.2547   2.742347    -1.2576   2.742209    7.23739    -0.0564    13.8155 8.0653e+02  -63.78333  -60.21917 1154367083 212.730142    34.2490      31280         21  0.000e+00
     10.849    -1.2549   2.742284    -1.2573   2.742244    7.23744    -0.1004    13.8155 8.0653e+02  -63.78333  -60.21917 1154367083 212.730143    34.2484      31281         21  0.000e+00
     10.801    -1.2546   2.742324    -1.2573   2.742279    7.23732    -0.1665    13.8155 8.0653e+02  -63.78333  -60.21917 1154367083 212.730143    34.2485      31282         21  0.000e+00
     10.849    -1.2551   2.742428    -1.2564   2.742302    7.23264    -0.1004    13.8155 8.0653e+02  -63.78333  -60.21917 1154367083 212.730144    34.2505      31283         21  0.000e+00
     10.849    -1.2551   2.742471    -1.2562   2.742331    7.23261     0.0097    13.8155 8.0653e+02  -63.78333  -60.21917 1154367083 212.730144    34.2511      31284         21  0.000e+00
     10.868    -1.2546   2.742478    -1.2565   2.742377    7.23728     0.0318    13.8155 8.0653e+02  -63.78333  -60.21917 1154367083 212.730145    34.2506      31285         21  0.000e+00
     10.849    -1.2537   2.742527    -1.2562   2.742429    7.23709    -0.0343    13.8155 8.0653e+02  -63.78333  -60.21917 1154367083 212.730145    34.2503      31286         21  0.000e+00
     10.868    -1.2526   2.742596    -1.2560   2.742446    7.23691    -0.1004    13.8155 8.0653e+02  -63.78333  -60.21917 1154367083 212.730146    34.2500      31287         21  0.000e+00
     10.849    -1.2516   2.742625    -1.2565   2.742446    7.23672    -0.1225    13.8155 8.0653e+02  -63.78333  -60.21917 1154367083 212.730146    34.2493      31288         21  0.000e+00
     10.849    -1.2519   2.742599    -1.2571   2.742411    7.23678    -0.1775    13.8155 8.0653e+02  -63.78333  -60.21917 1154367083 212.730147    34.2492      31289         21  0.000e+00
     10.868    -1.2517   2.742589    -1.2574   2.742411    7.23678    -0.1004    13.8155 8.0653e+02  -63.78333  -60.21917 1154367083 212.730147    34.2488      31290         21  0.000e+00
     10.849    -1.2516   2.742605    -1.2573   2.742417    7.23674    -0.0343    13.8155 8.0653e+02  -63.78333  -60.21917 1154367083 212.730148    34.2490      31291         21  0.000e+00
     10.868    -1.2511   2.742625    -1.2570   2.742434    7.23666    -0.0784    13.8155 8.0653e+02  -63.78333  -60.21917 1154367083 212.730148    34.2486      31292         21  0.000e+00
     10.849    -1.2513   2.742583    -1.2568   2.742423    7.23671    -0.0233    13.8155 8.0653e+02  -63.78333  -60.21917 1154367083 212.730149    34.2484      31293         21  0.000e+00
     10.773    -1.2521   2.742599    -1.2571   2.742434    7.23674    -0.0784    13.8155 8.0653e+02  -63.78333  -60.21917 1154367084 212.730149    34.2496      31294         21  0.000e+00
     10.868    -1.2528   2.742576    -1.2568   2.742446    7.23695    -0.1004    13.8155 8.0653e+02  -63.78333  -60.21917 1154367084 212.730149    34.2499      31295         21  0.000e+00
     10.773    -1.2521   2.742517    -1.2554   2.742463    7.24151    -0.0564    13.8155 8.0653e+02  -63.78333  -60.21917 1154367084 212.730150    34.2484      31296         21  0.000e+00
     10.849    -1.2528   2.742383    -1.2548   2.742486    7.23706    -0.0784    13.8155 8.0653e+02  -63.78333  -60.21917 1154367084 212.730150    34.2473      31297         21  0.000e+00
     10.801    -1.2534   2.742228    -1.2534   2.742475    7.23721    -0.0784    13.8155 8.0653e+02  -63.78333  -60.21917 1154367084 212.730151    34.2459      31298         21  0.000e+00
     10.849    -1.2558   2.742156    -1.2516   2.742544    7.24238    -0.1225    13.8155 8.0653e+02  -63.78333  -60.21917 1154367084 212.730151    34.2476      31299         21  0.000e+00
     10.801    -1.2588   2.742114    -1.2508   2.742590    7.23808    -0.0454    13.8155 8.0653e+02  -63.78333  -60.21917 1154367084 212.730152    34.2505      31300         21  0.000e+00
     10.849    -1.2586   2.742183    -1.2525   2.742579    7.23805    -0.0343    13.8155 8.0653e+02  -63.78333  -60.21917 1154367084 212.730152    34.2512      31301         21  0.000e+00
     10.773    -1.2580   2.742294    -1.2553   2.742504    7.24253    -0.0564    13.8155 8.0653e+02  -63.78333  -60.21917 1154367084 212.730153    34.2521      31302         21  0.000e+00
