product_data/regression_test/downloaded_data/MDGS/320620060703/ctd/p6622301.cnv
* Sea-Bird SBE 9 Data File:
* FileName = D:\Data\Raw\p6622301.dat
* Software Version Seasave Win32 V 5.32
* Temperature SN = 1649
* Conductivity SN = 1431
* Number of Bytes Per Scan = 37
* Number of Voltage Words = 5
* Number of Scans Averaged by the Deck Unit = 1
* NMEA Latitude = 62 45.31 S
* NMEA Longitude = 057 47.75 W
* NMEA UTC (Time) = 14:19:13
** Ship:   Nathaniel B. Palmer 
** Cruise:    NBP0606 
# nquan = 15
# nvalues = 701                         
# units = specified
# name 0 = prDM: Pressure, Digiquartz [db]
# name 1 = t090C: Temperature [ITS-90, deg C]
# name 2 = c0S/m: Conductivity [S/m]
# name 3 = t190C: Temperature, 2 [ITS-90, deg C]
# name 4 = c1S/m: Conductivity, 2 [S/m]
# name 5 = sbeox0ML/L: Oxygen, SBE 43 [ml/l]
# name 6 = flECO-AFL: Fluorescence, Wetlab ECO-AFL/FL [mg/m^3]
# name 7 = bat: Beam Attenuation, Chelsea/Seatech/Wetlab CStar [1/m]
# name 8 = spar: SPAR/Surface Irradiance
# name 9 = latitude: Latitude [deg]
# name 10 = longitude: Longitude [deg]
# name 11 = timeY: Time, System [seconds]
# name 12 = timeJ: Julian Days
# name 13 = sal00: Salinity [PSU]
# name 14 = flag: flag
# span 0 =      1.000,    701.000       
# span 1 =    -1.8034,    -0.6220       
# span 2 =   2.704233,   2.841397       
# span 3 =    -1.8042,    -0.6214       
# span 4 =   2.704841,   2.841595       
# span 5 =    6.32686,    7.62343       
# span 6 =    -0.1099,     0.0926       
# span 7 =    13.8155,    13.8155       
# span 8 = 2.4014e+02, 6.5644e+02       
# span 9 =  -62.75517,  -62.75517       
# span 10 =  -57.79583,  -57.79583      
# span 11 = 1154614806, 1154615878      
# span 12 = 215.597309, 215.609718      
# span 13 =    34.3197,    34.5481      
# span 14 = 0.0000e+00, 0.0000e+00      
# interval = decibars: 1                
# start_time = Aug 03 2006 14:19:57
# bad_flag = -9.990e-29
*END*
[from data line 97]
     98.000    -1.3695   2.748449    -1.3677   2.748864    7.17793     0.0142    13.8155 2.5904e+02  -62.75517  -57.79583 1154615057 215.600218    34.4086 0.0000e+00
     99.000    -1.3643   2.748962    -1.3636   2.749273    7.17450     0.0288    13.8155 2.6079e+02  -62.75517  -57.79583 1154615059 215.600245    34.4093 0.0000e+00
    100.000    -1.3610   2.749298    -1.3593   2.749701    7.17436     0.0212    13.8155 2.6241e+02  -62.75517  -57.79583 1154615061 215.600271    34.4096 0.0000e+00
    101.000    -1.3583   2.749595    -1.3568   2.749971    7.17251     0.0189    13.8155 2.6272e+02  -62.75517  -57.79583 1154615064 215.600298    34.4100 0.0000e+00
    102.000    -1.3565   2.749788    -1.3545   2.750219    7.16800     0.0210    13.8155 2.6185e+02  -62.75517  -57.79583 1154615066 215.600323    34.4102 0.0000e+00
    103.000    -1.3533   2.750127    -1.3517   2.750520    7.16414     0.0097    13.8155 2.6385e+02  -62.75517  -57.79583 1154615068 215.600343    34.4105 0.0000e+00
    104.000    -1.3522   2.750286    -1.3505   2.750686    7.15934     0.0232    13.8155 2.6449e+02  -62.75517  -57.79583 1154615069 215.600362    34.4109 0.0000e+00
    105.000    -1.3437   2.751118    -1.3439   2.751315    7.15455     0.0232    13.8155 2.6475e+02  -62.75517  -57.79583 1154615071 215.600378    34.4119 0.0000e+00
    106.000    -1.3374   2.751720    -1.3366   2.752028    7.15219     0.0403    13.8155 2.6346e+02  -62.75517  -57.79583 1154615072 215.600393    34.4120 0.0000e+00
    107.000    -1.3356   2.751941    -1.3346   2.752264    7.14845     0.0157    13.8155 2.6099e+02  -62.75517  -57.79583 1154615073 215.600407    34.4124 0.0000e+00
    108.000    -1.3339   2.752131    -1.3329   2.752456    7.14645     0.0085    13.8155 2.6059e+02  -62.75517  -57.79583 1154615074 215.600421    34.4125 0.0000e+00
    109.000    -1.3290   2.752644    -1.3272   2.753027    7.14241     0.0324    13.8155 2.5975e+02  -62.75517  -57.79583 1154615076 215.600435    34.4134 0.0000e+00
    110.000    -1.3218   2.753344    -1.3202   2.753718    7.13638     0.0399    13.8155 2.6160e+02  -62.75517  -57.79583 1154615077 215.600450    34.4139 0.0000e+00
    111.000    -1.3192   2.753653    -1.3180   2.753989    7.13103     0.0260    13.8155 2.6226e+02  -62.75517  -57.79583 1154615078 215.600464    34.4145 0.0000e+00
    112.000    -1.3186   2.753754    -1.3176   2.754085    7.12871     0.0193    13.8155 2.6187e+02  -62.75517  -57.79583 1154615079 215.600479    34.4147 0.0000e+00
    113.000    -1.3159   2.754075    -1.3145   2.754429    7.12606     0.0310    13.8155 2.6332e+02  -62.75517  -57.79583 1154615081 215.600494    34.4154 0.0000e+00
    114.000    -1.3102   2.754674    -1.3081   2.755074    7.11940     0.0182    13.8155 2.6582e+02  -62.75517  -57.79583 1154615082 215.600508    34.4165 0.0000e+00
    115.000    -1.2822   2.757264    -1.2796   2.757678    7.11297     0.0374    13.8155 2.6813e+02  -62.75517  -57.79583 1154615083 215.600523    34.4185 0.0000e+00
    116.000    -1.2764   2.757826    -1.2756   2.758082    7.10274     0.0021    13.8155 2.6853e+02  -62.75517  -57.79583 1154615084 215.600538    34.4189 0.0000e+00
    117.000    -1.2665   2.758797    -1.2633   2.759225    7.09678     0.0196    13.8155 2.6865e+02  -62.75517  -57.79583 1154615086 215.600552    34.4204 0.0000e+00
    118.000    -1.2529   2.760065    -1.2501   2.760455    7.08405     0.0173    13.8155 2.6962e+02  -62.75517  -57.79583 1154615087 215.600567    34.4212 0.0000e+00
    119.000    -1.2267   2.762458    -1.2251   2.762755    7.07018     0.0103    13.8155 2.7115e+02  -62.75517  -57.79583 1154615088 215.600581    34.4228 0.0000e+00
    120.000    -1.2177   2.763311    -1.2164   2.763606    7.06145     0.0201    13.8155 2.7434e+02  -62.75517  -57.79583 1154615089 215.600595    34.4235 0.0000e+00
    121.000    -1.2178   2.763346    -1.2163   2.763681    7.05729     0.0105    13.8155 2.7560e+02  -62.75517  -57.79583 1154615091 215.600609    34.4237 0.0000e+00
    122.000    -1.2221   2.763025    -1.2209   2.763359    7.05755     0.0348    13.8155 2.7543e+02  -62.75517  -57.79583 1154615092 215.600623    34.4240 0.0000e+00
    123.000    -1.2298   2.762449    -1.2283   2.762815    7.05904     0.0213    13.8155 2.7853e+02  -62.75517  -57.79583 1154615093 215.600638    34.4248 0.0000e+00
    124.000    -1.2345   2.762126    -1.2339   2.762408    7.05952     0.0197    13.8155 2.8043e+02  -62.75517  -57.79583 1154615094 215.600652    34.4254 0.0000e+00
    125.000    -1.2454   2.761217    -1.2444   2.761587    7.06281     0.0082    13.8155 2.8131e+02  -62.75517  -57.79583 1154615096 215.600667    34.4253 0.0000e+00
    126.000    -1.2649   2.759618    -1.2641   2.759983    7.06794     0.0228    13.8155 2.8321e+02  -62.75517  -57.79583 1154615097 215.600682    34.4256 0.0000e+00
    127.000    -1.2788   2.758518    -1.2778   2.758863    7.07293     0.0152    13.8155 2.8546e+02  -62.75517  -57.79583 1154615098 215.600697    34.4264 0.0000e+00
    128.000    -1.2876   2.757802    -1.2865   2.758185    7.07594     0.0228    13.8155 2.8777e+02  -62.75517  -57.79583 1154615099 215.600712    34.4262 0.0000e+00
    129.000    -1.3009   2.756733    -1.3016   2.756951    7.08069     0.0081    13.8155 2.8610e+02  -62.75517  -57.79583 1154615101 215.600726    34.4264 0.0000e+00
    130.000    -1.3133   2.755735    -1.3127   2.756086    7.08495     0.0363    13.8155 2.8361e+02  -62.75517  -57.79583 1154615102 215.600740    34.4264 0.0000e+00
    131.000    -1.3227   2.755002    -1.3215   2.755386    7.09275     0.0209    13.8155 2.8238e+02  -62.75517  -57.79583 1154615103 215.600754    34.4267 0.0000e+00
    132.000    -1.3360   2.753931    -1.3354   2.754264    7.10211     0.0082    13.8155 2.8248e+02  -62.75517  -57.79583 1154615104 215.600768    34.4268 0.0000e+00
    133.000    -1.3422   2.753462    -1.3409   2.753837    7.11356     0.0361    13.8155 2.8254e+02  -62.75517  -57.79583 1154615106 215.600782    34.4268 0.0000e+00
    134.000    -1.3488   2.752929    -1.3495   2.753190    7.12447     0.0448    13.8155 2.8099e+02  -62.75517  -57.79583 1154615107 215.600797    34.4265 0.0000e+00
    135.000    -1.3739   2.750827    -1.3737   2.751197    7.13070     0.0147    13.8155 2.8163e+02  -62.75517  -57.79583 1154615108 215.600812    34.4259 0.0000e+00
    136.000    -1.4088   2.747965    -1.3945   2.749489    7.14274     0.0238    13.8155 2.7862e+02  -62.75517  -57.79583 1154615109 215.600826    34.4270 0.0000e+00
    137.000    -1.4510   2.744359    -1.4485   2.745040    7.15484     0.0328    13.8155 2.7523e+02  -62.75517  -57.79583 1154615111 215.600841    34.4259 0.0000e+00
    138.000    -1.4673   2.743093    -1.4655   2.743561    7.16901     0.0129    13.8155 2.7563e+02  -62.75517  -57.79583 1154615112 215.600855    34.4268 0.0000e+00
    139.000    -1.4723   2.742732    -1.4727   2.742987    7.17742     0.0024    13.8155 2.7362e+02  -62.75517  -57.79583 1154615113 215.600870    34.4266 0.0000e+00
    140.000    -1.4663   2.743302    -1.4649   2.743677    7.18396     0.0378    13.8155 2.7063e+02  -62.75517  -57.79583 1154615114 215.600885    34.4261 0.0000e+00
    141.000    -1.4727   2.742754    -1.4739   2.743034    7.18882     0.0177    13.8155 2.6898e+02  -62.75517  -57.79583 1154615116 215.600900    34.4249 0.0000e+00
    142.000    -1.4981   2.740702    -1.4948   2.741281    7.19617     0.0092    13.8155 2.6884e+02  -62.75517  -57.79583 1154615117 215.600915    34.4256 0.0000e+00
    143.000    -1.5032   2.740321    -1.5027   2.740667    7.20090     0.0197    13.8155 2.6884e+02  -62.75517  -57.79583 1154615118 215.600930    34.4256 0.0000e+00
    144.000    -1.5017   2.740518    -1.4999   2.740921    7.20541     0.0087    13.8155 2.6870e+02  -62.75517  -57.79583 1154615120 215.600944    34.4255 0.0000e+00
    145.000    -1.5049   2.740266    -1.5062   2.740461    7.21454     0.0285    13.8155 2.6697e+02  -62.75517  -57.79583 1154615121 215.600958    34.4245 0.0000e+00
    146.000    -1.5167   2.739371    -1.5175   2.739568    7.21425     0.0087    13.8155 2.6862e+02  -62.75517  -57.79583 1154615122 215.600972    34.4256 0.0000e+00
    147.000    -1.5090   2.740074    -1.5062   2.740552    7.21696     0.0180    13.8155 2.7080e+02  -62.75517  -57.79583 1154615123 215.600986    34.4251 0.0000e+00
    148.000    -1.5139   2.739662    -1.5162   2.739796    7.21507     0.0030    13.8155 2.7821e+02  -62.75517  -57.79583 1154615124 215.601001    34.4251 0.0000e+00
    149.000    -1.5424   2.737336    -1.5406   2.737811    7.22149     0.0137    13.8155 2.8326e+02  -62.75517  -57.79583 1154615126 215.601016    34.4250 0.0000e+00
    150.000    -1.5502   2.736708    -1.5569   2.736481    7.23260     0.0442    13.8155 2.8696e+02  -62.75517  -57.79583 1154615127 215.601032    34.4246 0.0000e+00
    151.000    -1.5638   2.735632    -1.5623   2.736039    7.24423     0.0103    13.8155 2.9303e+02  -62.75517  -57.79583 1154615128 215.601047    34.4250 0.0000e+00
    152.000    -1.5752   2.734687    -1.5742   2.735096    7.25461     0.0273    13.8155 3.0154e+02  -62.75517  -57.79583 1154615130 215.601063    34.4242 0.0000e+00
    153.000    -1.5953   2.733010    -1.5955   2.733339    7.26564     0.0088    13.8155 3.0663e+02  -62.75517  -57.79583 1154615131 215.601078    34.4238 0.0000e+00
    154.000    -1.6279   2.730226    -1.6280   2.730628    7.28300     0.0180    13.8155 3.0789e+02  -62.75517  -57.79583 1154615132 215.601092    34.4227 0.0000e+00
    155.000    -1.6769   2.726060    -1.6740   2.726751    7.30198     0.0338    13.8155 3.1046e+02  -62.75517  -57.79583 1154615133 215.601106    34.4224 0.0000e+00
    156.000    -1.6948   2.724611    -1.6942   2.725026    7.31080    -0.0138    13.8155 3.1364e+02  -62.75517  -57.79583 1154615135 215.601120    34.4223 0.0000e+00
    157.000    -1.6994   2.724294    -1.7000   2.724555    7.32027     0.0185    13.8155 3.1352e+02  -62.75517  -57.79583 1154615136 215.601134    34.4221 0.0000e+00
    158.000    -1.7072   2.723687    -1.7061   2.724089    7.32667     0.0171    13.8155 3.1419e+02  -62.75517  -57.79583 1154615137 215.601149    34.4217 0.0000e+00
    159.000    -1.7009   2.724364    -1.6981   2.724839    7.32617     0.0167    13.8155 3.2148e+02  -62.75517  -57.79583 1154615138 215.601163    34.4227 0.0000e+00
    160.000    -1.6788   2.726419    -1.6771   2.726776    7.32853     0.0150    13.8155 3.2979e+02  -62.75517  -57.79583 1154615140 215.601178    34.4240 0.0000e+00
    161.000    -1.6728   2.726986    -1.6719   2.727317    7.33044     0.0179    13.8155 3.3529e+02  -62.75517  -57.79583 1154615141 215.601193    34.4237 0.0000e+00
    162.000    -1.6730   2.727024    -1.6721   2.727359    7.32978     0.0456    13.8155 3.4060e+02  -62.75517  -57.79583 1154615142 215.601209    34.4236 0.0000e+00
    163.000    -1.6722   2.727171    -1.6714   2.727485    7.32805     0.0230    13.8155 3.4165e+02  -62.75517  -57.79583 1154615144 215.601224    34.4239 0.0000e+00
    164.000    -1.6727   2.727178    -1.6716   2.727518    7.32249     0.0130    13.8155 3.4132e+02  -62.75517  -57.79583 1154615145 215.601239    34.4239 0.0000e+00
    165.000    -1.6774   2.726829    -1.6767   2.727175    7.32290     0.0077    13.8155 3.3903e+02  -62.75517  -57.79583 1154615146 215.601253    34.4237 0.0000e+00
    166.000    -1.6901   2.725810    -1.6894   2.726147    7.32438     0.0193    13.8155 3.3704e+02  -62.75517  -57.79583 1154615147 215.601268    34.4240 0.0000e+00
    167.000    -1.6938   2.725574    -1.6928   2.725922    7.32112     0.0230    13.8155 3.3779e+02  -62.75517  -57.79583 1154615149 215.601282    34.4244 0.0000e+00
    168.000    -1.6905   2.725951    -1.6894   2.726274    7.32628     0.0088    13.8155 3.4143e+02  -62.75517  -57.79583 1154615150 215.601297    34.4249 0.0000e+00
    169.000    -1.6899   2.726026    -1.6887   2.726395    7.31561     0.0095    13.8155 3.4342e+02  -62.75517  -57.79583 1154615151 215.601311    34.4245 0.0000e+00
    170.000    -1.6801   2.727231    -1.6739   2.727687    7.30102     0.0286    13.8155 3.4350e+02  -62.75517  -57.79583 1154615152 215.601326    34.4256 0.0000e+00
    171.000    -1.6604   2.728715    -1.6578   2.729161    7.29144     0.0443    13.8155 3.4903e+02  -62.75517  -57.79583 1154615154 215.601340    34.4255 0.0000e+00
    172.000    -1.6505   2.729693    -1.6458   2.730220    7.25282     0.0211    13.8155 3.5857e+02  -62.75517  -57.79583 1154615155 215.601355    34.4270 0.0000e+00
    173.000    -1.5277   2.740641    -1.5265   2.740478    7.21066     0.0225    13.8155 3.6508e+02  -62.75517  -57.79583 1154615156 215.601369    34.4334 0.0000e+00
    174.000    -1.4451   2.747912    -1.4586   2.746496    7.18403     0.0045    13.8155 3.6566e+02  -62.75517  -57.79583 1154615157 215.601383    34.4332 0.0000e+00
    175.000    -1.3868   2.753069    -1.3809   2.753354    7.12540     0.0373    13.8155 3.6156e+02  -62.75517  -57.79583 1154615159 215.601398    34.4384 0.0000e+00
    176.000    -1.1280   2.776201    -1.1236   2.775792    7.05098     0.0068    13.8155 3.6199e+02  -62.75517  -57.79583 1154615160 215.601413    34.4521 0.0000e+00
    177.000    -1.0524   2.782694    -1.0427   2.783224    6.98566     0.0173    13.8155 3.6576e+02  -62.75517  -57.79583 1154615161 215.601429    34.4526 0.0000e+00
    178.000    -0.9768   2.789434    -0.9697   2.789854    6.93601     0.0184    13.8155 3.6873e+02  -62.75517  -57.79583 1154615163 215.601445    34.4565 0.0000e+00
    179.000    -0.9319   2.793488    -0.9291   2.793496    6.90711     0.0054    13.8155 3.7002e+02  -62.75517  -57.79583 1154615164 215.601460    34.4609 0.0000e+00
    180.000    -0.8932   2.796846    -0.8920   2.796936    6.86388     0.0070    13.8155 3.7173e+02  -62.75517  -57.79583 1154615165 215.601474    34.4616 0.0000e+00
    181.000    -0.9177   2.794633    -0.9225   2.794391    6.84405     0.0048    13.8155 3.7763e+02  -62.75517  -57.79583 1154615167 215.601488    34.4613 0.0000e+00
    182.000    -1.0171   2.785678    -1.0163   2.786366    6.86445     0.0112    13.8155 3.8111e+02  -62.75517  -57.79583 1154615168 215.601502    34.4570 0.0000e+00
    183.000    -1.1438   2.774832    -1.1424   2.775275    6.88308     0.0103    13.8155 3.8754e+02  -62.75517  -57.79583 1154615169 215.601516    34.4589 0.0000e+00
    184.000    -1.1544   2.773945    -1.1513   2.774394    6.89399     0.0174    13.8155 3.9275e+02  -62.75517  -57.79583 1154615170 215.601530    34.4589 0.0000e+00
    185.000    -1.1795   2.771674    -1.1824   2.771846    6.92075     0.0164    13.8155 3.9353e+02  -62.75517  -57.79583 1154615171 215.601545    34.4563 0.0000e+00
    186.000    -1.2818   2.762665    -1.2944   2.762014    6.94061     0.0183    13.8155 3.9353e+02  -62.75517  -57.79583 1154615173 215.601560    34.4522 0.0000e+00
    187.000    -1.2910   2.762038    -1.2776   2.763402    6.96876     0.0136    13.8155 3.9631e+02  -62.75517  -57.79583 1154615174 215.601575    34.4543 0.0000e+00
    188.000    -1.3029   2.761013    -1.3064   2.760984    6.98514     0.0083    13.8155 4.0386e+02  -62.75517  -57.79583 1154615175 215.601590    34.4527 0.0000e+00
    189.000    -1.2981   2.761518    -1.2953   2.761907    6.98736     0.0062    13.8155 4.1865e+02  -62.75517  -57.79583 1154615177 215.601605    34.4528 0.0000e+00
    190.000    -1.3251   2.759115    -1.3338   2.758741    6.97547     0.0039    13.8155 4.2324e+02  -62.75517  -57.79583 1154615178 215.601620    34.4500 0.0000e+00
    191.000    -1.3527   2.756847    -1.3520   2.757192    6.98210     0.0220    13.8155 4.2072e+02  -62.75517  -57.79583 1154615179 215.601635    34.4507 0.0000e+00
    192.000    -1.3407   2.758150    -1.3293   2.759150    6.98693     0.0143    13.8155 4.0985e+02  -62.75517  -57.79583 1154615180 215.601650    34.4540 0.0000e+00
