product_data/regression_test/downloaded_data/MDGS/320620060703/ctd/p6623001.ros
* Sea-Bird SBE 9 Data File:
* FileName = D:\Data\Raw\p6623001.dat
* Software Version Seasave Win32 V 5.32
* Temperature SN = 1649
* Conductivity SN = 1431
* Number of Bytes Per Scan = 37
* Number of Voltage Words = 5
* Number of Scans Averaged by the Deck Unit = 1
* NMEA Latitude = 61 58.14 S
* NMEA Longitude = 053 02.97 W
* NMEA UTC (Time) = 00:58:35
** Ship:   Nathaniel B. Palmer 
** Cruise:    NBP0606 
# nquan = 17
# nvalues = 1176                    
# units = specified
# name 0 = prDM: Pressure, Digiquartz [db]
# name 1 = t090C: Temperature [ITS-90, deg C]
# name 2 = c0S/m: Conductivity [S/m]
# name 3 = t190C: Temperature, 2 [ITS-90, deg C]
# name 4 = c1S/m: Conductivity, 2 [S/m]
# name 5 = sbeox0ML/L: Oxygen, SBE 43 [ml/l]
# name 6 = flECO-AFL: Fluorescence, Wetlab ECO-AFL/FL [mg/m^3]
# name 7 = bat: Beam Attenuation, Chelsea/Seatech/Wetlab CStar [1/m]
# name 8 = spar: SPAR/Surface Irradiance
# name 9 = latitude: Latitude [deg]
# name 10 = longitude: Longitude [deg]
# name 11 = timeY: Time, System [seconds]
# name 12 = timeJ: Julian Days
# name 13 = sal00: Salinity [PSU]
# name 14 = scan: scan number
# name 15 = nbf: number of bottles fired
# name 16 = flag:  0.000e+00
# interval = seconds: 0.0416667                   
# start_time = Aug 07 2006 01:00:00
*END*
[from data line 341]
    500.805     0.0952   2.906011     0.0959   2.906145    5.50231    -0.1225    13.8155 0.0000e+00  -61.96900  -53.04950 1154916958 219.094431    34.6202     109414          7  0.000e+00
    500.825     0.0948   2.905977     0.0957   2.906133    5.50238    -0.1114    13.8155 0.0000e+00  -61.96900  -53.04950 1154916958 219.094432    34.6201     109415          7  0.000e+00
    400.324    -0.2661   2.867820    -0.2660   2.867966    5.80054    -0.0564    13.8155 0.0000e+00  -61.96900  -53.04950 1154917116 219.096266    34.5814     113218          8  0.000e+00
    400.324    -0.2662   2.867803    -0.2657   2.867948    5.80057    -0.0674    13.8155 0.0000e+00  -61.96900  -53.04950 1154917116 219.096266    34.5814     113219          8  0.000e+00
    400.324    -0.2660   2.867843    -0.2660   2.867937    5.80536    -0.1225    13.8155 0.0000e+00  -61.96900  -53.04950 1154917116 219.096267    34.5817     113220          8  0.000e+00
    400.256    -0.2658   2.867833    -0.2657   2.867984    5.80529    -0.0564    13.8155 0.0000e+00  -61.96900  -53.04950 1154917116 219.096267    34.5813     113221          8  0.000e+00
    400.324    -0.2658   2.867807    -0.2660   2.867978    5.80051    -0.0564    13.8155 0.0000e+00  -61.96900  -53.04950 1154917117 219.096268    34.5809     113222          8  0.000e+00
    400.324    -0.2659   2.867863    -0.2660   2.867966    5.80050    -0.1225    13.8155 0.0000e+00  -61.96900  -53.04950 1154917117 219.096268    34.5819     113223          8  0.000e+00
    400.324    -0.2659   2.867857    -0.2660   2.867948    5.80049    -0.1004    13.8155 0.0000e+00  -61.96900  -53.04950 1154917117 219.096269    34.5817     113224          8  0.000e+00
    400.324    -0.2653   2.867840    -0.2660   2.867978    5.80044    -0.0894    13.8155 0.0000e+00  -61.96900  -53.04950 1154917117 219.096269    34.5808     113225          8  0.000e+00
    400.324    -0.2655   2.867847    -0.2655   2.867954    5.80045    -0.1225    13.8155 0.0000e+00  -61.96900  -53.04950 1154917117 219.096270    34.5811     113226          8  0.000e+00
    400.324    -0.2659   2.867830    -0.2663   2.867978    5.80052    -0.1004    13.8155 0.0000e+00  -61.96900  -53.04950 1154917117 219.096270    34.5814     113227          8  0.000e+00
    400.257    -0.2658   2.867817    -0.2657   2.867954    5.80045    -0.1225    13.8155 0.0000e+00  -61.96900  -53.04950 1154917117 219.096271    34.5811     113228          8  0.000e+00
    400.391    -0.2656   2.867840    -0.2658   2.867966    5.79568    -0.0233    13.8155 0.0000e+00  -61.96900  -53.04950 1154917117 219.096271    34.5811     113229          8  0.000e+00
    400.324    -0.2656   2.867840    -0.2657   2.867966    5.80047    -0.0564    13.8155 0.0000e+00  -61.96900  -53.04950 1154917117 219.096272    34.5812     113230          8  0.000e+00
    400.324    -0.2661   2.867847    -0.2660   2.867989    5.80052    -0.1004    13.8155 0.0000e+00  -61.96900  -53.04950 1154917117 219.096272    34.5818     113231          8  0.000e+00
    400.324    -0.2658   2.867850    -0.2655   2.867948    5.80049    -0.0674    13.8155 0.0000e+00  -61.96900  -53.04950 1154917117 219.096273    34.5815     113232          8  0.000e+00
    400.391    -0.2654   2.867857    -0.2657   2.868001    5.80049    -0.0894    13.8155 0.0000e+00  -61.96900  -53.04950 1154917117 219.096273    34.5811     113233          8  0.000e+00
    400.324    -0.2653   2.867833    -0.2660   2.867995    5.80044    -0.1225    13.8155 0.0000e+00  -61.96900  -53.04950 1154917117 219.096274    34.5807     113234          8  0.000e+00
    400.391    -0.2661   2.867850    -0.2662   2.867937    5.80542    -0.0784    13.8155 0.0000e+00  -61.96900  -53.04950 1154917117 219.096274    34.5818     113235          8  0.000e+00
    400.324    -0.2655   2.867833    -0.2661   2.867919    5.80530    -0.0343    13.8155 0.0000e+00  -61.96900  -53.04950 1154917117 219.096275    34.5809     113236          8  0.000e+00
    400.420    -0.2660   2.867860    -0.2655   2.867954    5.80059    -0.0343    13.8155 0.0000e+00  -61.96900  -53.04950 1154917117 219.096275    34.5819     113237          8  0.000e+00
    400.391    -0.2656   2.867864    -0.2658   2.867966    5.80051    -0.1335    13.8155 0.0000e+00  -61.96900  -53.04950 1154917117 219.096276    34.5815     113238          8  0.000e+00
    400.391    -0.2655   2.867833    -0.2657   2.867984    5.80051    -0.2106    13.8155 0.0000e+00  -61.96900  -53.04950 1154917117 219.096276    34.5809     113239          8  0.000e+00
    400.324    -0.2662   2.867867    -0.2658   2.867995    5.80053    -0.1886    13.8155 0.0000e+00  -61.96900  -53.04950 1154917117 219.096277    34.5823     113240          8  0.000e+00
    400.391    -0.2659   2.867874    -0.2657   2.867989    5.80055    -0.0784    13.8155 0.0000e+00  -61.96900  -53.04950 1154917117 219.096277    34.5820     113241          8  0.000e+00
    400.468    -0.2660   2.867854    -0.2660   2.867972    5.80547    -0.0454    13.8155 0.0000e+00  -61.96900  -53.04950 1154917117 219.096277    34.5817     113242          8  0.000e+00
    400.391    -0.2655   2.867874    -0.2658   2.867972    5.80534    -0.0123    13.8155 0.0000e+00  -61.96900  -53.04950 1154917117 219.096278    34.5814     113243          8  0.000e+00
    400.391    -0.2655   2.867857    -0.2657   2.867984    5.80050    -0.0123    13.8155 0.0000e+00  -61.96900  -53.04950 1154917117 219.096278    34.5812     113244          8  0.000e+00
    400.391    -0.2655   2.867874    -0.2655   2.867972    5.80049    -0.1225    13.8155 0.0000e+00  -61.96900  -53.04950 1154917117 219.096279    34.5814     113245          8  0.000e+00
    400.391    -0.2657   2.867857    -0.2660   2.867984    5.80053    -0.1114    13.8155 0.0000e+00  -61.96900  -53.04950 1154917118 219.096279    34.5815     113246          8  0.000e+00
    400.391    -0.2649   2.867867    -0.2657   2.867995    5.80042    -0.1225    13.8155 0.0000e+00  -61.96900  -53.04950 1154917118 219.096280    34.5806     113247          8  0.000e+00
    400.391    -0.2656   2.867864    -0.2655   2.867989    5.80051    -0.1225    13.8155 0.0000e+00  -61.96900  -53.04950 1154917118 219.096280    34.5815     113248          8  0.000e+00
    400.391    -0.2653   2.867870    -0.2657   2.868013    5.80047    -0.0564    13.8155 0.0000e+00  -61.96900  -53.04950 1154917118 219.096281    34.5812     113249          8  0.000e+00
    400.391    -0.2658   2.867864    -0.2654   2.867984    5.80054    -0.0564    13.8155 0.0000e+00  -61.96900  -53.04950 1154917118 219.096281    34.5817     113250          8  0.000e+00
    400.468    -0.2654   2.867850    -0.2655   2.867966    5.80056    -0.0784    13.8155 0.0000e+00  -61.96900  -53.04950 1154917118 219.096282    34.5810     113251          8  0.000e+00
    400.391    -0.2655   2.867890    -0.2659   2.867966    5.80048    -0.0564    13.8155 0.0000e+00  -61.96900  -53.04950 1154917118 219.096282    34.5817     113252          8  0.000e+00
    400.391    -0.2656   2.867880    -0.2657   2.867984    5.80051    -0.0123    13.8155 0.0000e+00  -61.96900  -53.04950 1154917118 219.096283    34.5817     113253          8  0.000e+00
    400.391    -0.2652   2.867837    -0.2655   2.867972    5.80047     0.0097    13.8155 0.0000e+00  -61.96900  -53.04950 1154917118 219.096283    34.5806     113254          8  0.000e+00
    400.391    -0.2652   2.867867    -0.2661   2.867942    5.80047    -0.0123    13.8155 0.0000e+00  -61.96900  -53.04950 1154917118 219.096284    34.5811     113255          8  0.000e+00
    400.324    -0.2655   2.867823    -0.2658   2.867960    5.80046    -0.0564    13.8155 0.0000e+00  -61.96900  -53.04950 1154917118 219.096284    34.5808     113256          8  0.000e+00
    400.391    -0.2656   2.867843    -0.2658   2.867954    5.80053    -0.0894    13.8155 0.0000e+00  -61.96900  -53.04950 1154917118 219.096285    34.5812     113257          8  0.000e+00
    400.391    -0.2655   2.867817    -0.2661   2.867937    5.80052    -0.0784    13.8155 0.0000e+00  -61.96900  -53.04950 1154917118 219.096285    34.5807     113258          8  0.000e+00
    400.391    -0.2657   2.867820    -0.2660   2.867942    5.80055    -0.1004    13.8155 0.0000e+00  -61.96900  -53.04950 1154917118 219.096286    34.5810     113259          8  0.000e+00
    400.324    -0.2658   2.867833    -0.2657   2.867937    5.80050    -0.1225    13.8155 0.0000e+00  -61.96900  -53.04950 1154917118 219.096286    34.5813     113260          8  0.000e+00
    400.391    -0.2656   2.867847    -0.2657   2.867942    5.80052    -0.1555    13.8155 0.0000e+00  -61.96900  -53.04950 1154917118 219.096287    34.5812     113261          8  0.000e+00
    400.391    -0.2659   2.867840    -0.2660   2.867960    5.80056    -0.1665    13.8155 0.0000e+00  -61.96900  -53.04950 1154917118 219.096287    34.5815     113262          8  0.000e+00
    400.324    -0.2656   2.867847    -0.2660   2.867948    5.80047    -0.1225    13.8155 0.0000e+00  -61.96900  -53.04950 1154917118 219.096288    34.5813     113263          8  0.000e+00
    400.353    -0.2656   2.867830    -0.2658   2.867925    5.80049     0.0097    13.8155 0.0000e+00  -61.96900  -53.04950 1154917118 219.096288    34.5810     113264          8  0.000e+00
    400.391    -0.2661   2.867797    -0.2661   2.867931    5.80060    -0.0674    13.8155 0.0000e+00  -61.96900  -53.04950 1154917118 219.096289    34.5811     113265          8  0.000e+00
    400.324    -0.2661   2.867833    -0.2661   2.867942    5.80053    -0.1225    13.8155 0.0000e+00  -61.96900  -53.04950 1154917118 219.096289    34.5816     113266          8  0.000e+00
    400.469    -0.2641   2.867927    -0.2610   2.868336    5.80520    -0.0564    13.8155 0.0000e+00  -61.96900  -53.04950 1154917121 219.096322    34.5805     113335          9  0.000e+00
    400.325    -0.2645   2.867914    -0.2607   2.868412    5.80515    -0.0784    13.8155 0.0000e+00  -61.96900  -53.04950 1154917121 219.096323    34.5809     113336          9  0.000e+00
    400.393    -0.2647   2.867977    -0.2610   2.868371    5.80519    -0.0233    13.8155 0.0000e+00  -61.96900  -53.04950 1154917121 219.096323    34.5819     113337          9  0.000e+00
    400.325    -0.2634   2.868128    -0.2618   2.868341    5.80490    -0.0454    13.8155 0.0000e+00  -61.96900  -53.04950 1154917121 219.096324    34.5825     113338          9  0.000e+00
    400.393    -0.2619   2.868255    -0.2620   2.868289    5.80470    -0.0454    13.8155 0.0000e+00  -61.96900  -53.04950 1154917121 219.096324    34.5824     113339          9  0.000e+00
    400.393    -0.2614   2.868275    -0.2622   2.868330    5.80464    -0.0894    13.8155 0.0000e+00  -61.96900  -53.04950 1154917121 219.096325    34.5822     113340          9  0.000e+00
    400.393    -0.2608   2.868281    -0.2618   2.868300    5.80456    -0.0894    13.8155 0.0000e+00  -61.96900  -53.04950 1154917121 219.096325    34.5816     113341          9  0.000e+00
    400.393    -0.2609   2.868258    -0.2624   2.868271    5.80459    -0.1335    13.8155 0.0000e+00  -61.96900  -53.04950 1154917122 219.096326    34.5814     113342          9  0.000e+00
    400.326    -0.2616   2.868208    -0.2623   2.868306    5.80464    -0.1555    13.8155 0.0000e+00  -61.96900  -53.04950 1154917122 219.096326    34.5815     113343          9  0.000e+00
    400.393    -0.2627   2.868158    -0.2623   2.868283    5.80485    -0.0564    13.8155 0.0000e+00  -61.96900  -53.04950 1154917122 219.096327    34.5821     113344          9  0.000e+00
    400.393    -0.2627   2.868104    -0.2627   2.868242    5.80488     0.0097    13.8155 0.0000e+00  -61.96900  -53.04950 1154917122 219.096327    34.5813     113345          9  0.000e+00
    400.326    -0.2631   2.868031    -0.2624   2.868259    5.80491    -0.0123    13.8155 0.0000e+00  -61.96900  -53.04950 1154917122 219.096328    34.5809     113346          9  0.000e+00
    400.393    -0.2635   2.868017    -0.2623   2.868283    5.80502    -0.0123    13.8155 0.0000e+00  -61.96900  -53.04950 1154917122 219.096328    34.5811     113347          9  0.000e+00
    400.354    -0.2639   2.868061    -0.2626   2.868253    5.80502    -0.0454    13.8155 0.0000e+00  -61.96900  -53.04950 1154917122 219.096329    34.5822     113348          9  0.000e+00
    400.393    -0.2635   2.868111    -0.2621   2.868259    5.80497    -0.1004    13.8155 0.0000e+00  -61.96900  -53.04950 1154917122 219.096329    34.5823     113349          9  0.000e+00
    400.393    -0.2625   2.868164    -0.2624   2.868259    5.80482    -0.1004    13.8155 0.0000e+00  -61.96900  -53.04950 1154917122 219.096330    34.5819     113350          9  0.000e+00
    400.326    -0.2624   2.868138    -0.2624   2.868265    5.80477    -0.0784    13.8155 0.0000e+00  -61.96900  -53.04950 1154917122 219.096330    34.5815     113351          9  0.000e+00
    400.393    -0.2625   2.868087    -0.2630   2.868242    5.80487    -0.0013    13.8155 0.0000e+00  -61.96900  -53.04950 1154917122 219.096331    34.5809     113352          9  0.000e+00
    400.393    -0.2630   2.868121    -0.2640   2.868160    5.80491    -0.0343    13.8155 0.0000e+00  -61.96900  -53.04950 1154917122 219.096331    34.5819     113353          9  0.000e+00
    400.326    -0.2629   2.868108    -0.2633   2.868189    5.80485    -0.1225    13.8155 0.0000e+00  -61.96900  -53.04950 1154917122 219.096332    34.5817     113354          9  0.000e+00
    400.393    -0.2628   2.868074    -0.2632   2.868212    5.80491    -0.1225    13.8155 0.0000e+00  -61.96900  -53.04950 1154917122 219.096332    34.5811     113355          9  0.000e+00
    400.393    -0.2633   2.868057    -0.2626   2.868236    5.80498    -0.1445    13.8155 0.0000e+00  -61.96900  -53.04950 1154917122 219.096332    34.5814     113356          9  0.000e+00
    400.326    -0.2639   2.868071    -0.2621   2.868294    5.80499    -0.1004    13.8155 0.0000e+00  -61.96900  -53.04950 1154917122 219.096333    34.5823     113357          9  0.000e+00
    400.393    -0.2637   2.868067    -0.2617   2.868365    5.80502    -0.1225    13.8155 0.0000e+00  -61.96900  -53.04950 1154917122 219.096333    34.5820     113358          9  0.000e+00
    400.393    -0.2636   2.868074    -0.2615   2.868347    5.80501    -0.1335    13.8155 0.0000e+00  -61.96900  -53.04950 1154917122 219.096334    34.5820     113359          9  0.000e+00
    400.326    -0.2628   2.868087    -0.2615   2.868347    5.80485    -0.1225    13.8155 0.0000e+00  -61.96900  -53.04950 1154917122 219.096334    34.5813     113360          9  0.000e+00
    400.393    -0.2633   2.868098    -0.2607   2.868383    5.80496    -0.1445    13.8155 0.0000e+00  -61.96900  -53.04950 1154917122 219.096335    34.5819     113361          9  0.000e+00
    400.393    -0.2631   2.868134    -0.2606   2.868400    5.80491    -0.1665    13.8155 0.0000e+00  -61.96900  -53.04950 1154917122 219.096335    34.5822     113362          9  0.000e+00
    400.393    -0.2627   2.868138    -0.2610   2.868394    5.80486    -0.1225    13.8155 0.0000e+00  -61.96900  -53.04950 1154917122 219.096336    34.5818     113363          9  0.000e+00
    400.326    -0.2624   2.868128    -0.2617   2.868341    5.80478    -0.0784    13.8155 0.0000e+00  -61.96900  -53.04950 1154917122 219.096336    34.5813     113364          9  0.000e+00
    400.393    -0.2628   2.868098    -0.2613   2.868324    5.80490    -0.0123    13.8155 0.0000e+00  -61.96900  -53.04950 1154917122 219.096337    34.5814     113365          9  0.000e+00
    400.393    -0.2631   2.868031    -0.2618   2.868318    5.80497    -0.0564    13.8155 0.0000e+00  -61.96900  -53.04950 1154917123 219.096337    34.5809     113366          9  0.000e+00
    400.393    -0.2634   2.868027    -0.2624   2.868300    5.80501    -0.0233    13.8155 0.0000e+00  -61.96900  -53.04950 1154917123 219.096338    34.5811     113367          9  0.000e+00
