product_data/regression_test/downloaded_data/MDGS/320620060703/ctd/p6620701.ros
* Sea-Bird SBE 9 Data File:
* FileName = D:\Data\Raw\p6620701.dat
* Software Version Seasave Win32 V 5.32
* Temperature SN = 1649
* Conductivity SN = 1431
* Number of Bytes Per Scan = 37
* Number of Voltage Words = 5
* Number of Scans Averaged by the Deck Unit = 1
* NMEA Latitude = 64 36.87 S
* NMEA Longitude = 062 51.09 W
* NMEA UTC (Time) = 03:59:03
** Ship:   Nathaniel B. Palmer 
** Cruise:    NBP0606 
# nquan = 17
# nvalues = 1176                    
# units = specified
# name 0 = prDM: Pressure, Digiquartz [db]
# name 1 = t090C: Temperature [ITS-90, deg C]
# name 2 = c0S/m: Conductivity [S/m]
# name 3 = t190C: Temperature, 2 [ITS-90, deg C]
# name 4 = c1S/m: Conductivity, 2 [S/m]
# name 5 = sbeox0ML/L: Oxygen, SBE 43 [ml/l]
# name 6 = flECO-AFL: Fluorescence, Wetlab ECO-AFL/FL [mg/m^3]
# name 7 = bat: Beam Attenuation, Chelsea/Seatech/Wetlab CStar [1/m]
# name 8 = spar: SPAR/Surface Irradiance
# name 9 = latitude: Latitude [deg]
# name 10 = longitude: Longitude [deg]
# name 11 = timeY: Time, System [seconds]
# name 12 = timeJ: Julian Days
# name 13 = sal00: Salinity [PSU]
# name 14 = scan: scan number
# name 15 = nbf: number of bottles fired
# name 16 = flag:  0.000e+00
# interval = seconds: 0.0416667                   
# start_time = Jul 29 2006 03:59:10
*END*
[from data line 426]
     98.631    -0.6183   2.790514    -0.6181   2.790856    6.97438    -0.0564    13.8155 0.0000e+00  -64.61450  -62.85150 1154147029 210.183226    34.1266      35539          9  0.000e+00
     98.593    -0.6184   2.790533    -0.6181   2.790856    6.97435    -0.0013    13.8155 0.0000e+00  -64.61450  -62.85150 1154147029 210.183227    34.1270      35540          9  0.000e+00
     98.555    -0.6185   2.790527    -0.6180   2.790856    6.97433    -0.0123    13.8155 0.0000e+00  -64.61450  -62.85150 1154147030 210.183227    34.1271      35541          9  0.000e+00
     98.555    -0.6181   2.790523    -0.6181   2.790874    6.97898    -0.1555    13.8155 0.0000e+00  -64.61450  -62.85150 1154147030 210.183228    34.1266      35542          9  0.000e+00
     98.488    -0.6183   2.790504    -0.6180   2.790879    6.97426    -0.1775    13.8155 0.0000e+00  -64.61450  -62.85150 1154147030 210.183228    34.1266      35543          9  0.000e+00
     98.488    -0.6183   2.790497    -0.6189   2.790879    6.97425    -0.0343    13.8155 0.0000e+00  -64.61450  -62.85150 1154147030 210.183229    34.1265      35544          9  0.000e+00
     98.421    -0.6187   2.790533    -0.6181   2.790879    6.97893     0.0318    13.8155 0.0000e+00  -64.61450  -62.85150 1154147030 210.183229    34.1275      35545          9  0.000e+00
     98.421    -0.6189   2.790494    -0.6180   2.790862    6.97898    -0.0123    13.8155 0.0000e+00  -64.61450  -62.85150 1154147030 210.183230    34.1271      35546          9  0.000e+00
     98.316    -0.6182   2.790510    -0.6181   2.790874    6.97877    -0.0343    13.8155 0.0000e+00  -64.61450  -62.85150 1154147030 210.183230    34.1267      35547          9  0.000e+00
     98.345    -0.6185   2.790517    -0.6181   2.790862    6.97884    -0.0233    13.8155 0.0000e+00  -64.61450  -62.85150 1154147030 210.183231    34.1271      35548          9  0.000e+00
     98.202    -0.6184   2.790520    -0.6183   2.790874    6.97868    -0.0233    13.8155 0.0000e+00  -64.61450  -62.85150 1154147030 210.183231    34.1271      35549          9  0.000e+00
     98.278    -0.6185   2.790504    -0.6183   2.790862    6.97408     0.0097    13.8155 0.0000e+00  -64.61450  -62.85150 1154147030 210.183232    34.1270      35550          9  0.000e+00
     98.202    -0.6183   2.790500    -0.6184   2.790874    6.97397    -0.0454    13.8155 0.0000e+00  -64.61450  -62.85150 1154147030 210.183232    34.1267      35551          9  0.000e+00
     98.135    -0.6185   2.790550    -0.6180   2.790862    6.97861    -0.0343    13.8155 0.0000e+00  -64.61450  -62.85150 1154147030 210.183233    34.1276      35552          9  0.000e+00
     98.135    -0.6183   2.790550    -0.6177   2.790856    6.97858    -0.1004    13.8155 0.0000e+00  -64.61450  -62.85150 1154147030 210.183233    34.1274      35553          9  0.000e+00
     79.408    -0.6199   2.789471    -0.6201   2.789765    6.98010    -0.0123    13.8155 0.0000e+00  -64.61450  -62.85150 1154147049 210.183458    34.1262      36019         10  0.000e+00
     79.437    -0.6203   2.789468    -0.6203   2.789777    6.97549    -0.0343    13.8155 0.0000e+00  -64.61450  -62.85150 1154147050 210.183458    34.1266      36020         10  0.000e+00
     79.341    -0.6204   2.789465    -0.6204   2.789788    6.97542    -0.1114    13.8155 0.0000e+00  -64.61450  -62.85150 1154147050 210.183459    34.1268      36021         10  0.000e+00
     79.293    -0.6204   2.789481    -0.6203   2.789806    6.97536    -0.1114    13.8155 0.0000e+00  -64.61450  -62.85150 1154147050 210.183459    34.1270      36022         10  0.000e+00
     79.274    -0.6204   2.789465    -0.6201   2.789794    6.97536    -0.1445    13.8155 0.0000e+00  -64.61450  -62.85150 1154147050 210.183460    34.1268      36023         10  0.000e+00
     79.293    -0.6200   2.789478    -0.6200   2.789765    6.97531    -0.0343    13.8155 0.0000e+00  -64.61450  -62.85150 1154147050 210.183460    34.1266      36024         10  0.000e+00
     79.198    -0.6203   2.789455    -0.6200   2.789759    6.97527     0.0318    13.8155 0.0000e+00  -64.61450  -62.85150 1154147050 210.183461    34.1266      36025         10  0.000e+00
     79.084    -0.6201   2.789445    -0.6195   2.789817    6.97514     0.0207    13.8155 0.0000e+00  -64.61450  -62.85150 1154147050 210.183461    34.1263      36026         10  0.000e+00
     79.198    -0.6199   2.789435    -0.6200   2.789817    6.97524    -0.0894    13.8155 0.0000e+00  -64.61450  -62.85150 1154147050 210.183462    34.1259      36027         10  0.000e+00
     79.084    -0.6202   2.789475    -0.6197   2.789771    6.97514    -0.1225    13.8155 0.0000e+00  -64.61450  -62.85150 1154147050 210.183462    34.1268      36028         10  0.000e+00
     78.988    -0.6198   2.789455    -0.6197   2.789800    6.97500    -0.0894    13.8155 0.0000e+00  -64.61450  -62.85150 1154147050 210.183463    34.1262      36029         10  0.000e+00
     78.988    -0.6204   2.789458    -0.6204   2.789794    6.97508    -0.0343    13.8155 0.0000e+00  -64.61450  -62.85150 1154147050 210.183463    34.1269      36030         10  0.000e+00
     79.017    -0.6204   2.789432    -0.6200   2.789765    6.97513    -0.0123    13.8155 0.0000e+00  -64.61450  -62.85150 1154147050 210.183464    34.1265      36031         10  0.000e+00
     78.921    -0.6201   2.789448    -0.6198   2.789777    6.97498    -0.0564    13.8155 0.0000e+00  -64.61450  -62.85150 1154147050 210.183464    34.1264      36032         10  0.000e+00
     78.874    -0.6197   2.789448    -0.6200   2.789771    6.97488    -0.0894    13.8155 0.0000e+00  -64.61450  -62.85150 1154147050 210.183465    34.1261      36033         10  0.000e+00
     78.778    -0.6204   2.789445    -0.6200   2.789759    6.97489    -0.0674    13.8155 0.0000e+00  -64.61450  -62.85150 1154147050 210.183465    34.1268      36034         10  0.000e+00
     78.807    -0.6199   2.789474    -0.6200   2.789736    6.97483    -0.0894    13.8155 0.0000e+00  -64.61450  -62.85150 1154147050 210.183465    34.1267      36035         10  0.000e+00
     78.778    -0.6199   2.789465    -0.6201   2.789771    6.97481    -0.0564    13.8155 0.0000e+00  -64.61450  -62.85150 1154147050 210.183466    34.1266      36036         10  0.000e+00
     78.731    -0.6203   2.789448    -0.6203   2.789771    6.97482    -0.0564    13.8155 0.0000e+00  -64.61450  -62.85150 1154147050 210.183466    34.1268      36037         10  0.000e+00
     78.635    -0.6200   2.789458    -0.6204   2.789759    6.97469    -0.0454    13.8155 0.0000e+00  -64.61450  -62.85150 1154147050 210.183467    34.1267      36038         10  0.000e+00
     78.664    -0.6195   2.789448    -0.6201   2.789759    6.97464    -0.1775    13.8155 0.0000e+00  -64.61450  -62.85150 1154147050 210.183467    34.1259      36039         10  0.000e+00
     78.569    -0.6196   2.789435    -0.6201   2.789759    6.97458    -0.1114    13.8155 0.0000e+00  -64.61450  -62.85150 1154147050 210.183468    34.1260      36040         10  0.000e+00
     78.588    -0.6196   2.789441    -0.6201   2.789742    6.97929    -0.0784    13.8155 0.0000e+00  -64.61450  -62.85150 1154147050 210.183468    34.1260      36041         10  0.000e+00
     78.569    -0.6199   2.789445    -0.6198   2.789753    6.97462    -0.0454    13.8155 0.0000e+00  -64.61450  -62.85150 1154147050 210.183469    34.1265      36042         10  0.000e+00
     78.454    -0.6199   2.789458    -0.6201   2.789759    6.97449    -0.0674    13.8155 0.0000e+00  -64.61450  -62.85150 1154147050 210.183469    34.1266      36043         10  0.000e+00
     78.425    -0.6199   2.789441    -0.6197   2.789776    6.97448    -0.1445    13.8155 0.0000e+00  -64.61450  -62.85150 1154147051 210.183470    34.1265      36044         10  0.000e+00
     78.454    -0.6199   2.789441    -0.6195   2.789771    6.97920    -0.1445    13.8155 0.0000e+00  -64.61450  -62.85150 1154147051 210.183470    34.1265      36045         10  0.000e+00
     78.359    -0.6198   2.789445    -0.6194   2.789759    6.97439    -0.0343    13.8155 0.0000e+00  -64.61450  -62.85150 1154147051 210.183471    34.1264      36046         10  0.000e+00
     78.311    -0.6200   2.789445    -0.6198   2.789776    6.97438    -0.1004    13.8155 0.0000e+00  -64.61450  -62.85150 1154147051 210.183471    34.1267      36047         10  0.000e+00
     78.292    -0.6201   2.789418    -0.6191   2.789788    6.97439    -0.0564    13.8155 0.0000e+00  -64.61450  -62.85150 1154147051 210.183472    34.1264      36048         10  0.000e+00
     78.244    -0.6198   2.789418    -0.6194   2.789805    6.97430    -0.0564    13.8155 0.0000e+00  -64.61450  -62.85150 1154147051 210.183472    34.1261      36049         10  0.000e+00
     78.216    -0.6196   2.789438    -0.6197   2.789771    6.97424    -0.0674    13.8155 0.0000e+00  -64.61450  -62.85150 1154147051 210.183473    34.1262      36050         10  0.000e+00
     78.168    -0.6196   2.789445    -0.6198   2.789776    6.97888    -0.0564    13.8155 0.0000e+00  -64.61450  -62.85150 1154147051 210.183473    34.1263      36051         10  0.000e+00
     78.149    -0.6194   2.789435    -0.6197   2.789765    6.97884    -0.0784    13.8155 0.0000e+00  -64.61450  -62.85150 1154147051 210.183474    34.1260      36052         10  0.000e+00
     78.034    -0.6198   2.789425    -0.6201   2.789759    6.97409    -0.0454    13.8155 0.0000e+00  -64.61450  -62.85150 1154147051 210.183474    34.1264      36053         10  0.000e+00
     78.082    -0.6193   2.789438    -0.6198   2.789759    6.97406    -0.0343    13.8155 0.0000e+00  -64.61450  -62.85150 1154147051 210.183475    34.1260      36054         10  0.000e+00
     77.958    -0.6195   2.789458    -0.6197   2.789776    6.97395    -0.0123    13.8155 0.0000e+00  -64.61450  -62.85150 1154147051 210.183475    34.1265      36055         10  0.000e+00
     78.006    -0.6195   2.789448    -0.6194   2.789788    6.97401    -0.1004    13.8155 0.0000e+00  -64.61450  -62.85150 1154147051 210.183476    34.1263      36056         10  0.000e+00
     77.958    -0.6196   2.789471    -0.6192   2.789788    6.97865    -0.0564    13.8155 0.0000e+00  -64.61450  -62.85150 1154147051 210.183476    34.1268      36057         10  0.000e+00
     77.872    -0.6193   2.789468    -0.6189   2.789805    6.97853    -0.0123    13.8155 0.0000e+00  -64.61450  -62.85150 1154147051 210.183477    34.1265      36058         10  0.000e+00
     77.825    -0.6192   2.789448    -0.6192   2.789811    6.97378    -0.0454    13.8155 0.0000e+00  -64.61450  -62.85150 1154147051 210.183477    34.1261      36059         10  0.000e+00
     77.796    -0.6199   2.789458    -0.6187   2.789794    6.97386    -0.1114    13.8155 0.0000e+00  -64.61450  -62.85150 1154147051 210.183478    34.1271      36060         10  0.000e+00
     77.825    -0.6195   2.789474    -0.6187   2.789788    6.97381    -0.1555    13.8155 0.0000e+00  -64.61450  -62.85150 1154147051 210.183478    34.1268      36061         10  0.000e+00
     77.729    -0.6200   2.789402    -0.6192   2.789828    6.97854    -0.0784    13.8155 0.0000e+00  -64.61450  -62.85150 1154147051 210.183478    34.1265      36062         10  0.000e+00
     77.682    -0.6193   2.789441    -0.6194   2.789799    6.97836     0.0097    13.8155 0.0000e+00  -64.61450  -62.85150 1154147051 210.183479    34.1262      36063         10  0.000e+00
     77.662    -0.6196   2.789431    -0.6192   2.789805    6.97839    -0.0343    13.8155 0.0000e+00  -64.61450  -62.85150 1154147051 210.183479    34.1265      36064         10  0.000e+00
     77.605    -0.6201   2.789448    -0.6191   2.789794    6.97839    -0.0894    13.8155 0.0000e+00  -64.61450  -62.85150 1154147051 210.183480    34.1273      36065         10  0.000e+00
     77.586    -0.6194   2.789461    -0.6192   2.789788    6.97827    -0.1004    13.8155 0.0000e+00  -64.61450  -62.85150 1154147051 210.183480    34.1267      36066         10  0.000e+00
     77.472    -0.6193   2.789448    -0.6192   2.789805    6.97815    -0.0784    13.8155 0.0000e+00  -64.61450  -62.85150 1154147051 210.183481    34.1265      36067         10  0.000e+00
     69.736    -0.6181   2.789181    -0.6189   2.789466    6.97533    -0.0123    13.8155 0.0000e+00  -64.61450  -62.85150 1154147059 210.183573    34.1263      36259         11  0.000e+00
     69.755    -0.6185   2.789191    -0.6187   2.789426    6.98008     0.0097    13.8155 0.0000e+00  -64.61450  -62.85150 1154147060 210.183574    34.1268      36260         11  0.000e+00
     69.612    -0.6185   2.789211    -0.6191   2.789431    6.97994    -0.0013    13.8155 0.0000e+00  -64.61450  -62.85150 1154147060 210.183574    34.1272      36261         11  0.000e+00
     69.736    -0.6187   2.789198    -0.6194   2.789420    6.98009    -0.0454    13.8155 0.0000e+00  -64.61450  -62.85150 1154147060 210.183575    34.1272      36262         11  0.000e+00
     69.679    -0.6179   2.789238    -0.6194   2.789431    6.97990    -0.0343    13.8155 0.0000e+00  -64.61450  -62.85150 1154147060 210.183575    34.1269      36263         11  0.000e+00
     69.527    -0.6187   2.789175    -0.6198   2.789420    6.97990    -0.0454    13.8155 0.0000e+00  -64.61450  -62.85150 1154147060 210.183576    34.1270      36264         11  0.000e+00
     69.546    -0.6185   2.789148    -0.6184   2.789414    6.97991    -0.0784    13.8155 0.0000e+00  -64.61450  -62.85150 1154147060 210.183576    34.1264      36265         11  0.000e+00
     69.546    -0.6185   2.789132    -0.6192   2.789431    6.97524    -0.0674    13.8155 0.0000e+00  -64.61450  -62.85150 1154147060 210.183577    34.1262      36266         11  0.000e+00
     69.460    -0.6187   2.789155    -0.6189   2.789460    6.97985    -0.1004    13.8155 0.0000e+00  -64.61450  -62.85150 1154147060 210.183577    34.1268      36267         11  0.000e+00
     69.403    -0.6189   2.789168    -0.6187   2.789466    6.97981    -0.0894    13.8155 0.0000e+00  -64.61450  -62.85150 1154147060 210.183578    34.1272      36268         11  0.000e+00
     69.336    -0.6185   2.789171    -0.6184   2.789443    6.97969    -0.0123    13.8155 0.0000e+00  -64.61450  -62.85150 1154147060 210.183578    34.1268      36269         11  0.000e+00
     69.317    -0.6189   2.789152    -0.6191   2.789402    6.97974    -0.0123    13.8155 0.0000e+00  -64.61450  -62.85150 1154147060 210.183579    34.1270      36270         11  0.000e+00
     69.336    -0.6187   2.789158    -0.6192   2.789425    6.97973     0.0207    13.8155 0.0000e+00  -64.61450  -62.85150 1154147060 210.183579    34.1269      36271         11  0.000e+00
     69.260    -0.6179   2.789135    -0.6194   2.789420    6.97956     0.0648    13.8155 0.0000e+00  -64.61450  -62.85150 1154147060 210.183580    34.1258      36272         11  0.000e+00
     69.174    -0.6185   2.789142    -0.6187   2.789414    6.97956     0.0318    13.8155 0.0000e+00  -64.61450  -62.85150 1154147060 210.183580    34.1266      36273         11  0.000e+00
     69.193    -0.6185   2.789115    -0.6192   2.789414    6.97959    -0.0564    13.8155 0.0000e+00  -64.61450  -62.85150 1154147060 210.183581    34.1261      36274         11  0.000e+00
     69.126    -0.6190   2.789095    -0.6194   2.789391    6.97961    -0.0674    13.8155 0.0000e+00  -64.61450  -62.85150 1154147060 210.183581    34.1265      36275         11  0.000e+00
     69.107    -0.6189   2.789135    -0.6191   2.789402    6.97954    -0.0784    13.8155 0.0000e+00  -64.61450  -62.85150 1154147060 210.183582    34.1269      36276         11  0.000e+00
     69.050    -0.6187   2.789148    -0.6189   2.789414    6.97946    -0.1004    13.8155 0.0000e+00  -64.61450  -62.85150 1154147060 210.183582    34.1269      36277         11  0.000e+00
     68.964    -0.6188   2.789132    -0.6191   2.789431    6.97940    -0.0454    13.8155 0.0000e+00  -64.61450  -62.85150 1154147060 210.183583    34.1269      36278         11  0.000e+00
