product_data/regression_test/downloaded_data/MDGS/320620060703/ctd/p6620601.ros
* Sea-Bird SBE 9 Data File:
* FileName = D:\Data\Raw\p6620601.dat
* Software Version Seasave Win32 V 5.32
* Temperature SN = 1649
* Conductivity SN = 1431
* Number of Bytes Per Scan = 37
* Number of Voltage Words = 5
* Number of Scans Averaged by the Deck Unit = 1
* NMEA Latitude = 64 38.17 S
* NMEA Longitude = 062 48.64 W
* NMEA UTC (Time) = 02:52:19
** Ship:   Nathaniel B. Palmer 
** Cruise:    NBP0606 
# nquan = 17
# nvalues = 1176                    
# units = specified
# name 0 = prDM: Pressure, Digiquartz [db]
# name 1 = t090C: Temperature [ITS-90, deg C]
# name 2 = c0S/m: Conductivity [S/m]
# name 3 = t190C: Temperature, 2 [ITS-90, deg C]
# name 4 = c1S/m: Conductivity, 2 [S/m]
# name 5 = sbeox0ML/L: Oxygen, SBE 43 [ml/l]
# name 6 = flECO-AFL: Fluorescence, Wetlab ECO-AFL/FL [mg/m^3]
# name 7 = bat: Beam Attenuation, Chelsea/Seatech/Wetlab CStar [1/m]
# name 8 = spar: SPAR/Surface Irradiance
# name 9 = latitude: Latitude [deg]
# name 10 = longitude: Longitude [deg]
# name 11 = timeY: Time, System [seconds]
# name 12 = timeJ: Julian Days
# name 13 = sal00: Salinity [PSU]
# name 14 = scan: scan number
# name 15 = nbf: number of bottles fired
# name 16 = flag:  0.000e+00
# interval = seconds: 0.0416667                   
# start_time = Jul 29 2006 02:52:28
*END*
[from data line 341]
    150.655     0.2219   2.883622     0.2280   2.884027    5.84446    -0.0343    13.8155 0.0000e+00  -64.63617  -62.81067 1154142546 210.131347    34.3918      24011          7  0.000e+00
    150.579     0.2242   2.883659     0.2283   2.884021    5.84411    -0.0454    13.8155 0.0000e+00  -64.63617  -62.81067 1154142546 210.131348    34.3898      24012          7  0.000e+00
    150.724     0.2348   2.884038     0.2385   2.884450    5.84277    -0.0343    13.8155 0.0000e+00  -64.63617  -62.81067 1154142550 210.131400    34.3828      24120          8  0.000e+00
    150.647     0.2336   2.883820     0.2380   2.884432    5.84297    -0.0343    13.8155 0.0000e+00  -64.63617  -62.81067 1154142550 210.131400    34.3814      24121          8  0.000e+00
    150.514     0.2264   2.883649     0.2371   2.884426    5.84380    -0.0674    13.8155 0.0000e+00  -64.63617  -62.81067 1154142550 210.131401    34.3872      24122          8  0.000e+00
    150.724     0.2253   2.883726     0.2368   2.884426    5.84406    -0.1225    13.8155 0.0000e+00  -64.63617  -62.81067 1154142550 210.131401    34.3893      24123          8  0.000e+00
    150.590     0.2288   2.883807     0.2368   2.884426    5.84350    -0.0894    13.8155 0.0000e+00  -64.63617  -62.81067 1154142551 210.131402    34.3866      24124          8  0.000e+00
    150.647     0.2316   2.883736     0.2371   2.884403    5.84325    -0.1004    13.8155 0.0000e+00  -64.63617  -62.81067 1154142551 210.131402    34.3825      24125          8  0.000e+00
    150.581     0.2330   2.883592     0.2372   2.884456    5.84311    -0.0233    13.8155 0.0000e+00  -64.63617  -62.81067 1154142551 210.131403    34.3791      24126          8  0.000e+00
    150.647     0.2295   2.883391     0.2369   2.884397    5.84368    -0.0233    13.8155 0.0000e+00  -64.63617  -62.81067 1154142551 210.131403    34.3803      24127          8  0.000e+00
    150.590     0.2230   2.883304     0.2371   2.884350    5.84445    -0.0123    13.8155 0.0000e+00  -64.63617  -62.81067 1154142551 210.131404    34.3865      24128          8  0.000e+00
    150.647     0.2202   2.883301     0.2371   2.884256    5.84483    -0.0123    13.8155 0.0000e+00  -64.63617  -62.81067 1154142551 210.131404    34.3895      24129          8  0.000e+00
    150.581     0.2201   2.883331     0.2369   2.884150    5.84478    -0.0784    13.8155 0.0000e+00  -64.63617  -62.81067 1154142551 210.131405    34.3901      24130          8  0.000e+00
    150.581     0.2199   2.883348     0.2346   2.884021    5.84479    -0.1114    13.8155 0.0000e+00  -64.63617  -62.81067 1154142551 210.131405    34.3905      24131          8  0.000e+00
    150.648     0.2193   2.883237     0.2292   2.883886    5.84497    -0.0894    13.8155 0.0000e+00  -64.63617  -62.81067 1154142551 210.131406    34.3897      24132          8  0.000e+00
    150.590     0.2160   2.883113     0.2255   2.883768    5.84538    -0.0784    13.8155 0.0000e+00  -64.63617  -62.81067 1154142551 210.131406    34.3918      24133          8  0.000e+00
    150.648     0.2144   2.883006     0.2273   2.883780    5.84567    -0.0454    13.8155 0.0000e+00  -64.63617  -62.81067 1154142551 210.131407    34.3921      24134          8  0.000e+00
    150.581     0.2115   2.882922     0.2295   2.883880    5.84601    -0.0894    13.8155 0.0000e+00  -64.63617  -62.81067 1154142551 210.131407    34.3943      24135          8  0.000e+00
    150.581     0.2110   2.882919     0.2314   2.883986    5.84607    -0.1665    13.8155 0.0000e+00  -64.63617  -62.81067 1154142551 210.131408    34.3948      24136          8  0.000e+00
    150.590     0.2118   2.882966     0.2326   2.884056    5.84596    -0.0894    13.8155 0.0000e+00  -64.63617  -62.81067 1154142551 210.131408    34.3946      24137          8  0.000e+00
    150.648     0.2105   2.883060     0.2321   2.884050    5.84610    -0.1114    13.8155 0.0000e+00  -64.63617  -62.81067 1154142551 210.131409    34.3972      24138          8  0.000e+00
    150.581     0.2111   2.883086     0.2276   2.883921    5.85060    -0.0894    13.8155 0.0000e+00  -64.63617  -62.81067 1154142551 210.131409    34.3969      24139          8  0.000e+00
    150.514     0.2137   2.883026     0.2164   2.883674    5.85027    -0.1114    13.8155 0.0000e+00  -64.63617  -62.81067 1154142551 210.131410    34.3933      24140          8  0.000e+00
    150.724     0.2168   2.882946     0.2093   2.883380    5.84548    -0.1004    13.8155 0.0000e+00  -64.63617  -62.81067 1154142551 210.131410    34.3886      24141          8  0.000e+00
    150.581     0.2166   2.882993     0.2108   2.883292    5.84536    -0.0894    13.8155 0.0000e+00  -64.63617  -62.81067 1154142551 210.131411    34.3895      24142          8  0.000e+00
    150.581     0.2152   2.883147     0.2125   2.883304    5.84545    -0.0564    13.8155 0.0000e+00  -64.63617  -62.81067 1154142551 210.131411    34.3931      24143          8  0.000e+00
    150.514     0.2172   2.883251     0.2138   2.883345    5.84973    -0.0454    13.8155 0.0000e+00  -64.63617  -62.81067 1154142551 210.131412    34.3922      24144          8  0.000e+00
    150.724     0.2176   2.883354     0.2150   2.883362    5.84518    -0.1114    13.8155 0.0000e+00  -64.63617  -62.81067 1154142551 210.131412    34.3931      24145          8  0.000e+00
    150.590     0.2179   2.883341     0.2161   2.883380    5.84504    -0.1335    13.8155 0.0000e+00  -64.63617  -62.81067 1154142551 210.131413    34.3927      24146          8  0.000e+00
    150.581     0.2163   2.883143     0.2155   2.883368    5.84532    -0.1225    13.8155 0.0000e+00  -64.63617  -62.81067 1154142551 210.131413    34.3918      24147          8  0.000e+00
    150.581     0.2085   2.883033     0.2150   2.883345    5.84630    -0.0894    13.8155 0.0000e+00  -64.63617  -62.81067 1154142552 210.131413    34.3991      24148          8  0.000e+00
    150.648     0.2088   2.883056     0.2131   2.883315    5.84631    -0.1114    13.8155 0.0000e+00  -64.63617  -62.81067 1154142552 210.131414    34.3990      24149          8  0.000e+00
    150.590     0.2122   2.883083     0.2111   2.883245    5.84584    -0.1555    13.8155 0.0000e+00  -64.63617  -62.81067 1154142552 210.131414    34.3956      24150          8  0.000e+00
    150.581     0.2122   2.882962     0.2105   2.883209    5.84590    -0.1225    13.8155 0.0000e+00  -64.63617  -62.81067 1154142552 210.131415    34.3940      24151          8  0.000e+00
    150.581     0.2105   2.882879     0.2128   2.883157    5.84614    -0.1004    13.8155 0.0000e+00  -64.63617  -62.81067 1154142552 210.131415    34.3948      24152          8  0.000e+00
    150.648     0.2079   2.882822     0.2136   2.883186    5.85117    -0.0343    13.8155 0.0000e+00  -64.63617  -62.81067 1154142552 210.131416    34.3970      24153          8  0.000e+00
    150.581     0.2077   2.882738     0.2150   2.883204    5.84655    -0.0564    13.8155 0.0000e+00  -64.63617  -62.81067 1154142552 210.131416    34.3961      24154          8  0.000e+00
    150.591     0.2081   2.882674     0.2147   2.883262    5.84655    -0.0894    13.8155 0.0000e+00  -64.63617  -62.81067 1154142552 210.131417    34.3949      24155          8  0.000e+00
    150.648     0.2068   2.882580     0.2148   2.883321    5.84679    -0.0894    13.8155 0.0000e+00  -64.63617  -62.81067 1154142552 210.131417    34.3950      24156          8  0.000e+00
    150.581     0.2040   2.882487     0.2164   2.883339    5.84712    -0.0343    13.8155 0.0000e+00  -64.63617  -62.81067 1154142552 210.131418    34.3970      24157          8  0.000e+00
    150.581     0.2015   2.882436     0.2168   2.883374    5.84744    -0.0123    13.8155 0.0000e+00  -64.63617  -62.81067 1154142552 210.131418    34.3991      24158          8  0.000e+00
    150.591     0.2006   2.882470     0.2172   2.883368    5.84754    -0.0784    13.8155 0.0000e+00  -64.63617  -62.81067 1154142552 210.131419    34.4006      24159          8  0.000e+00
    150.648     0.2012   2.882520     0.2165   2.883404    5.84749    -0.0564    13.8155 0.0000e+00  -64.63617  -62.81067 1154142552 210.131419    34.4005      24160          8  0.000e+00
    150.581     0.2014   2.882524     0.2165   2.883398    5.84741    -0.0233    13.8155 0.0000e+00  -64.63617  -62.81067 1154142552 210.131420    34.4004      24161          8  0.000e+00
    150.581     0.2023   2.882513     0.2173   2.883409    5.85195    -0.1004    13.8155 0.0000e+00  -64.63617  -62.81067 1154142552 210.131420    34.3993      24162          8  0.000e+00
    150.648     0.2049   2.882577     0.2184   2.883421    5.84702    -0.1004    13.8155 0.0000e+00  -64.63617  -62.81067 1154142552 210.131421    34.3971      24163          8  0.000e+00
    150.591     0.2056   2.882671     0.2170   2.883421    5.84685    -0.0454    13.8155 0.0000e+00  -64.63617  -62.81067 1154142552 210.131421    34.3976      24164          8  0.000e+00
    150.581     0.2069   2.882805     0.2172   2.883333    5.84661    -0.0454    13.8155 0.0000e+00  -64.63617  -62.81067 1154142552 210.131422    34.3979      24165          8  0.000e+00
    150.648     0.2077   2.882885     0.2173   2.883368    5.84652     0.0207    13.8155 0.0000e+00  -64.63617  -62.81067 1154142552 210.131422    34.3980      24166          8  0.000e+00
    150.581     0.2090   2.882936     0.2162   2.883368    5.84630     0.0097    13.8155 0.0000e+00  -64.63617  -62.81067 1154142552 210.131423    34.3973      24167          8  0.000e+00
    150.658     0.2085   2.882919     0.2142   2.883345    5.84642    -0.0454    13.8155 0.0000e+00  -64.63617  -62.81067 1154142552 210.131423    34.3976      24168          8  0.000e+00
    125.728     0.0491   2.860678     0.0479   2.860874    6.10271    -0.1555    13.8155 0.0000e+00  -64.63617  -62.81067 1154142611 210.132097    34.2975      25565          9  0.000e+00
    125.671     0.0489   2.860655     0.0477   2.860850    6.10269    -0.1004    13.8155 0.0000e+00  -64.63617  -62.81067 1154142611 210.132097    34.2973      25566          9  0.000e+00
    125.728     0.0489   2.860665     0.0482   2.860862    6.10274    -0.0123    13.8155 0.0000e+00  -64.63617  -62.81067 1154142611 210.132098    34.2974      25567          9  0.000e+00
    125.652     0.0495   2.860672     0.0480   2.860874    6.10259    -0.0123    13.8155 0.0000e+00  -64.63617  -62.81067 1154142611 210.132098    34.2969      25568          9  0.000e+00
    125.671     0.0492   2.860695     0.0474   2.860874    6.10263    -0.1004    13.8155 0.0000e+00  -64.63617  -62.81067 1154142611 210.132099    34.2975      25569          9  0.000e+00
    125.652     0.0492   2.860662     0.0479   2.860850    6.10263    -0.1665    13.8155 0.0000e+00  -64.63617  -62.81067 1154142611 210.132099    34.2971      25570          9  0.000e+00
    125.738     0.0489   2.860628     0.0479   2.860844    6.10276    -0.1114    13.8155 0.0000e+00  -64.63617  -62.81067 1154142611 210.132100    34.2969      25571          9  0.000e+00
    125.652     0.0484   2.860642     0.0476   2.860844    6.10274    -0.0674    13.8155 0.0000e+00  -64.63617  -62.81067 1154142611 210.132100    34.2977      25572          9  0.000e+00
    125.652     0.0483   2.860655     0.0479   2.860862    6.10275    -0.1225    13.8155 0.0000e+00  -64.63617  -62.81067 1154142611 210.132101    34.2980      25573          9  0.000e+00
    125.671     0.0480   2.860615     0.0477   2.860850    6.10283    -0.0454    13.8155 0.0000e+00  -64.63617  -62.81067 1154142611 210.132101    34.2979      25574          9  0.000e+00
    125.652     0.0477   2.860618     0.0480   2.860844    6.10285     0.0097    13.8155 0.0000e+00  -64.63617  -62.81067 1154142611 210.132102    34.2983      25575          9  0.000e+00
    125.652     0.0472   2.860605     0.0480   2.860862    6.10292    -0.0674    13.8155 0.0000e+00  -64.63617  -62.81067 1154142611 210.132102    34.2986      25576          9  0.000e+00
    125.595     0.0480   2.860591     0.0476   2.860833    6.10278    -0.1004    13.8155 0.0000e+00  -64.63617  -62.81067 1154142611 210.132103    34.2976      25577          9  0.000e+00
    125.652     0.0478   2.860561     0.0474   2.860856    6.10287    -0.1555    13.8155 0.0000e+00  -64.63617  -62.81067 1154142611 210.132103    34.2973      25578          9  0.000e+00
    125.652     0.0477   2.860571     0.0481   2.860874    6.10288    -0.1555    13.8155 0.0000e+00  -64.63617  -62.81067 1154142611 210.132104    34.2976      25579          9  0.000e+00
    125.595     0.0481   2.860578     0.0480   2.860850    6.10277    -0.0894    13.8155 0.0000e+00  -64.63617  -62.81067 1154142611 210.132104    34.2973      25580          9  0.000e+00
    125.652     0.0477   2.860601     0.0483   2.860844    6.10286    -0.0674    13.8155 0.0000e+00  -64.63617  -62.81067 1154142611 210.132105    34.2980      25581          9  0.000e+00
    125.585     0.0480   2.860585     0.0477   2.860862    6.10277    -0.0784    13.8155 0.0000e+00  -64.63617  -62.81067 1154142611 210.132105    34.2975      25582          9  0.000e+00
    125.595     0.0478   2.860595     0.0488   2.860850    6.10280    -0.0894    13.8155 0.0000e+00  -64.63617  -62.81067 1154142611 210.132106    34.2978      25583          9  0.000e+00
    125.652     0.0477   2.860581     0.0483   2.860862    6.10287    -0.0454    13.8155 0.0000e+00  -64.63617  -62.81067 1154142611 210.132106    34.2978      25584          9  0.000e+00
    125.586     0.0477   2.860588     0.0479   2.860850    6.10281    -0.0123    13.8155 0.0000e+00  -64.63617  -62.81067 1154142611 210.132106    34.2979      25585          9  0.000e+00
    125.595     0.0478   2.860598     0.0480   2.860844    6.10280    -0.0674    13.8155 0.0000e+00  -64.63617  -62.81067 1154142611 210.132107    34.2979      25586          9  0.000e+00
    125.586     0.0481   2.860601     0.0485   2.860885    6.10275    -0.1335    13.8155 0.0000e+00  -64.63617  -62.81067 1154142611 210.132107    34.2976      25587          9  0.000e+00
    125.528     0.0480   2.860601     0.0482   2.860856    6.10736    -0.0233    13.8155 0.0000e+00  -64.63617  -62.81067 1154142612 210.132108    34.2978      25588          9  0.000e+00
    125.586     0.0477   2.860608     0.0483   2.860844    6.10280    -0.0564    13.8155 0.0000e+00  -64.63617  -62.81067 1154142612 210.132108    34.2982      25589          9  0.000e+00
    125.586     0.0481   2.860601     0.0480   2.860844    6.10275    -0.0454    13.8155 0.0000e+00  -64.63617  -62.81067 1154142612 210.132109    34.2976      25590          9  0.000e+00
    125.595     0.0480   2.860601     0.0480   2.860862    6.10277    -0.0343    13.8155 0.0000e+00  -64.63617  -62.81067 1154142612 210.132109    34.2977      25591          9  0.000e+00
    125.519     0.0481   2.860601     0.0479   2.860850    6.10269    -0.0233    13.8155 0.0000e+00  -64.63617  -62.81067 1154142612 210.132110    34.2976      25592          9  0.000e+00
    125.586     0.0480   2.860575     0.0476   2.860844    6.10742    -0.0123    13.8155 0.0000e+00  -64.63617  -62.81067 1154142612 210.132110    34.2974      25593          9  0.000e+00
    125.528     0.0484   2.860608     0.0479   2.860862    6.10730    -0.0233    13.8155 0.0000e+00  -64.63617  -62.81067 1154142612 210.132111    34.2973      25594          9  0.000e+00
    125.586     0.0480   2.860588     0.0477   2.860850    6.10277    -0.0343    13.8155 0.0000e+00  -64.63617  -62.81067 1154142612 210.132111    34.2976      25595          9  0.000e+00
    125.519     0.0481   2.860558     0.0478   2.860862    6.10735    -0.0894    13.8155 0.0000e+00  -64.63617  -62.81067 1154142612 210.132112    34.2970      25596          9  0.000e+00
    125.595     0.0483   2.860595     0.0473   2.860833    6.10274    -0.0564    13.8155 0.0000e+00  -64.63617  -62.81067 1154142612 210.132112    34.2973      25597          9  0.000e+00
