product_data/regression_test/downloaded_data/MDGS/320620060703/ctd/p6623504.cnv
* Sea-Bird SBE 9 Data File:
* FileName = D:\Data\Raw\p6623504.dat
* Software Version Seasave Win32 V 5.32
* Temperature SN = 1649
* Conductivity SN = 1431
* Number of Bytes Per Scan = 37
* Number of Voltage Words = 5
* Number of Scans Averaged by the Deck Unit = 1
* NMEA Latitude = 61 47.47 S
* NMEA Longitude = 053 17.41 W
* NMEA UTC (Time) = 18:47:37
** Ship:   Nathaniel B. Palmer 
** Cruise:    NBP0606 
# nquan = 15
# nvalues = 468                         
# units = specified
# name 0 = prDM: Pressure, Digiquartz [db]
# name 1 = t090C: Temperature [ITS-90, deg C]
# name 2 = c0S/m: Conductivity [S/m]
# name 3 = t190C: Temperature, 2 [ITS-90, deg C]
# name 4 = c1S/m: Conductivity, 2 [S/m]
# name 5 = sbeox0ML/L: Oxygen, SBE 43 [ml/l]
# name 6 = flECO-AFL: Fluorescence, Wetlab ECO-AFL/FL [mg/m^3]
# name 7 = bat: Beam Attenuation, Chelsea/Seatech/Wetlab CStar [1/m]
# name 8 = spar: SPAR/Surface Irradiance
# name 9 = latitude: Latitude [deg]
# name 10 = longitude: Longitude [deg]
# name 11 = timeY: Time, System [seconds]
# name 12 = timeJ: Julian Days
# name 13 = sal00: Salinity [PSU]
# name 14 = flag: flag
# span 0 =      2.000,    469.000       
# span 1 =    -1.7504,    -0.6828       
# span 2 =   2.699233,   2.827366       
# span 3 =    -1.7508,    -0.6819       
# span 4 =   2.699759,   2.827480       
# span 5 =    6.63797,    7.70941       
# span 6 =    -0.0935,     0.1412       
# span 7 =    13.8155,    13.8155       
# span 8 = 1.0942e+02, 4.3040e+02       
# span 9 =  -61.79117,  -61.79117       
# span 10 =  -53.29017,  -53.29017      
# span 11 = 1154976564, 1154977302      
# span 12 = 219.784317, 219.792864      
# span 13 =    34.2248,    34.4730      
# span 14 = 0.0000e+00, 0.0000e+00      
# interval = decibars: 1                
# start_time = Aug 07 2006 18:49:11
# bad_flag = -9.990e-29
*END*
[from data line 193]
    195.000    -0.8993   2.790499    -0.8978   2.790668    7.02819     0.0158    13.8155 3.6236e+02  -61.79117  -53.29017 1154976887 219.788054    34.3850 0.0000e+00
    196.000    -0.8978   2.790691    -0.8967   2.790822    7.01915     0.0130    13.8155 -9.990e-29  -61.79117  -53.29017 1154976888 219.788069    34.3854 0.0000e+00
    197.000    -0.8976   2.790761    -0.8962   2.790913    7.01635     0.0072    13.8155 -9.990e-29  -61.79117  -53.29017 1154976889 219.788083    34.3855 0.0000e+00
    198.000    -0.8972   2.790861    -0.8962   2.790974    7.01764    -0.0130    13.8155 -9.990e-29  -61.79117  -53.29017 1154976890 219.788097    34.3856 0.0000e+00
    199.000    -0.8963   2.790975    -0.8939   2.791241    7.01625    -0.0090    13.8155 -9.990e-29  -61.79117  -53.29017 1154976892 219.788112    34.3858 0.0000e+00
    200.000    -0.8938   2.791277    -0.8924   2.791442    7.01406    -0.0060    13.8155 -9.990e-29  -61.79117  -53.29017 1154976893 219.788127    34.3863 0.0000e+00
    201.000    -0.8943   2.791269    -0.8931   2.791423    7.01370     0.0026    13.8155 -9.990e-29  -61.79117  -53.29017 1154976894 219.788141    34.3862 0.0000e+00
    202.000    -0.8892   2.791853    -0.8885   2.791913    7.01192     0.0011    13.8155 3.6235e+02  -61.79117  -53.29017 1154976895 219.788156    34.3878 0.0000e+00
    203.000    -0.8869   2.792116    -0.8855   2.792281    7.01155     0.0158    13.8155 3.6041e+02  -61.79117  -53.29017 1154976897 219.788171    34.3880 0.0000e+00
    204.000    -0.8864   2.792216    -0.8851   2.792374    7.00961    -0.0011    13.8155 3.6061e+02  -61.79117  -53.29017 1154976898 219.788185    34.3882 0.0000e+00
    205.000    -0.8862   2.792279    -0.8848   2.792439    7.00433    -0.0019    13.8155 3.6084e+02  -61.79117  -53.29017 1154976899 219.788200    34.3884 0.0000e+00
    206.000    -0.8861   2.792319    -0.8848   2.792498    7.00204    -0.0221    13.8155 3.6041e+02  -61.79117  -53.29017 1154976900 219.788214    34.3882 0.0000e+00
    207.000    -0.8862   2.792368    -0.8846   2.792560    7.00591    -0.0057    13.8155 3.6041e+02  -61.79117  -53.29017 1154976902 219.788228    34.3884 0.0000e+00
    208.000    -0.8863   2.792403    -0.8846   2.792594    7.00884    -0.0114    13.8155 3.6041e+02  -61.79117  -53.29017 1154976903 219.788243    34.3885 0.0000e+00
    209.000    -0.8867   2.792411    -0.8851   2.792601    7.00825    -0.0012    13.8155 3.5945e+02  -61.79117  -53.29017 1154976904 219.788257    34.3883 0.0000e+00
    210.000    -0.8862   2.792501    -0.8849   2.792663    7.00816    -0.0123    13.8155 3.5905e+02  -61.79117  -53.29017 1154976905 219.788272    34.3884 0.0000e+00
    211.000    -0.8863   2.792531    -0.8851   2.792676    7.00820     0.0010    13.8155 3.5820e+02  -61.79117  -53.29017 1154976907 219.788286    34.3884 0.0000e+00
    212.000    -0.8865   2.792570    -0.8853   2.792724    7.00725    -0.0065    13.8155 3.5644e+02  -61.79117  -53.29017 1154976908 219.788301    34.3885 0.0000e+00
    213.000    -0.8861   2.792655    -0.8845   2.792847    7.00845    -0.0087    13.8155 3.5651e+02  -61.79117  -53.29017 1154976909 219.788315    34.3886 0.0000e+00
    214.000    -0.8858   2.792719    -0.8844   2.792898    7.00798    -0.0064    13.8155 3.5651e+02  -61.79117  -53.29017 1154976910 219.788330    34.3885 0.0000e+00
    215.000    -0.8868   2.792696    -0.8850   2.792878    7.00683    -0.0015    13.8155 3.5651e+02  -61.79117  -53.29017 1154976912 219.788344    34.3888 0.0000e+00
    216.000    -0.8864   2.792768    -0.8850   2.792928    7.00402     0.0012    13.8155 3.5651e+02  -61.79117  -53.29017 1154976913 219.788359    34.3887 0.0000e+00
    217.000    -0.8848   2.792961    -0.8840   2.793081    7.00462     0.0110    13.8155 3.5651e+02  -61.79117  -53.29017 1154976914 219.788373    34.3889 0.0000e+00
    218.000    -0.8847   2.793038    -0.8830   2.793209    7.00565     0.0150    13.8155 3.5651e+02  -61.79117  -53.29017 1154976915 219.788387    34.3891 0.0000e+00
    219.000    -0.8844   2.793098    -0.8831   2.793262    7.00560    -0.0070    13.8155 3.5783e+02  -61.79117  -53.29017 1154976916 219.788401    34.3891 0.0000e+00
    220.000    -0.8844   2.793168    -0.8830   2.793335    7.00508     0.0060    13.8155 3.5847e+02  -61.79117  -53.29017 1154976918 219.788415    34.3894 0.0000e+00
    221.000    -0.8839   2.793256    -0.8822   2.793441    7.00297    -0.0166    13.8155 3.5846e+02  -61.79117  -53.29017 1154976919 219.788429    34.3894 0.0000e+00
    222.000    -0.8840   2.793277    -0.8826   2.793449    7.00165    -0.0018    13.8155 3.5832e+02  -61.79117  -53.29017 1154976920 219.788444    34.3892 0.0000e+00
    223.000    -0.8840   2.793324    -0.8827   2.793493    7.00152    -0.0236    13.8155 3.5859e+02  -61.79117  -53.29017 1154976921 219.788458    34.3892 0.0000e+00
    224.000    -0.8832   2.793448    -0.8820   2.793606    7.00121     0.0095    13.8155 3.5831e+02  -61.79117  -53.29017 1154976923 219.788473    34.3894 0.0000e+00
    225.000    -0.8808   2.793767    -0.8799   2.793884    7.00171    -0.0050    13.8155 3.5640e+02  -61.79117  -53.29017 1154976924 219.788487    34.3901 0.0000e+00
    226.000    -0.8821   2.793670    -0.8806   2.793852    7.00134     0.0178    13.8155 3.5544e+02  -61.79117  -53.29017 1154976925 219.788502    34.3898 0.0000e+00
    227.000    -0.8851   2.793417    -0.8812   2.793847    7.00186     0.0143    13.8155 3.5450e+02  -61.79117  -53.29017 1154976926 219.788516    34.3894 0.0000e+00
    228.000    -0.8834   2.793643    -0.8816   2.793841    7.00229     0.0066    13.8155 3.5476e+02  -61.79117  -53.29017 1154976928 219.788531    34.3898 0.0000e+00
    229.000    -0.8843   2.793581    -0.8827   2.793780    6.99994     0.0102    13.8155 3.5272e+02  -61.79117  -53.29017 1154976929 219.788545    34.3893 0.0000e+00
    230.000    -0.8796   2.794134    -0.8774   2.794341    6.99946     0.0125    13.8155 3.5176e+02  -61.79117  -53.29017 1154976930 219.788560    34.3907 0.0000e+00
    231.000    -0.8781   2.794326    -0.8770   2.794463    6.99801    -0.0082    13.8155 3.5148e+02  -61.79117  -53.29017 1154976931 219.788574    34.3909 0.0000e+00
    232.000    -0.8764   2.794539    -0.8757   2.794623    6.99406    -0.0208    13.8155 3.5228e+02  -61.79117  -53.29017 1154976933 219.788588    34.3913 0.0000e+00
    233.000    -0.8715   2.795112    -0.8694   2.795305    6.98865     0.0122    13.8155 3.5261e+02  -61.79117  -53.29017 1154976934 219.788602    34.3928 0.0000e+00
    234.000    -0.8642   2.795885    -0.8629   2.796026    6.98780     0.0018    13.8155 3.5301e+02  -61.79117  -53.29017 1154976935 219.788616    34.3942 0.0000e+00
    235.000    -0.8641   2.795934    -0.8628   2.796081    6.98620    -0.0103    13.8155 3.5430e+02  -61.79117  -53.29017 1154976936 219.788630    34.3941 0.0000e+00
    236.000    -0.8638   2.796011    -0.8624   2.796167    6.98282    -0.0422    13.8155 3.5430e+02  -61.79117  -53.29017 1154976938 219.788645    34.3943 0.0000e+00
    237.000    -0.8629   2.796164    -0.8613   2.796337    6.98041    -0.0234    13.8155 3.5449e+02  -61.79117  -53.29017 1154976939 219.788659    34.3947 0.0000e+00
    238.000    -0.8604   2.796446    -0.8591   2.796612    6.97598    -0.0187    13.8155 3.5429e+02  -61.79117  -53.29017 1154976940 219.788673    34.3951 0.0000e+00
    239.000    -0.8585   2.796705    -0.8570   2.796861    6.97413     0.0125    13.8155 3.5260e+02  -61.79117  -53.29017 1154976941 219.788688    34.3958 0.0000e+00
    240.000    -0.8576   2.796827    -0.8562   2.796984    6.97468     0.0007    13.8155 3.5194e+02  -61.79117  -53.29017 1154976942 219.788702    34.3959 0.0000e+00
    241.000    -0.8569   2.796947    -0.8555   2.797102    6.97666    -0.0154    13.8155 3.5077e+02  -61.79117  -53.29017 1154976944 219.788717    34.3961 0.0000e+00
    242.000    -0.8555   2.797148    -0.8540   2.797316    6.97347    -0.0097    13.8155 3.4904e+02  -61.79117  -53.29017 1154976945 219.788731    34.3966 0.0000e+00
    243.000    -0.8532   2.797439    -0.8517   2.797596    6.97101     0.0042    13.8155 3.4866e+02  -61.79117  -53.29017 1154976946 219.788745    34.3973 0.0000e+00
    244.000    -0.8516   2.797661    -0.8503   2.797805    6.96932    -0.0335    13.8155 3.4879e+02  -61.79117  -53.29017 1154976947 219.788759    34.3979 0.0000e+00
    245.000    -0.8500   2.797860    -0.8486   2.798011    6.97065    -0.0003    13.8155 3.4954e+02  -61.79117  -53.29017 1154976949 219.788773    34.3981 0.0000e+00
    246.000    -0.8483   2.798081    -0.8470   2.798231    6.96961    -0.0292    13.8155 3.5042e+02  -61.79117  -53.29017 1154976950 219.788787    34.3986 0.0000e+00
    247.000    -0.8477   2.798207    -0.8462   2.798361    6.96548    -0.0111    13.8155 3.5236e+02  -61.79117  -53.29017 1154976951 219.788801    34.3989 0.0000e+00
    248.000    -0.8465   2.798365    -0.8452   2.798510    6.96179    -0.0176    13.8155 3.5295e+02  -61.79117  -53.29017 1154976952 219.788815    34.3991 0.0000e+00
    249.000    -0.8454   2.798517    -0.8440   2.798665    6.95770     0.0020    13.8155 3.5444e+02  -61.79117  -53.29017 1154976954 219.788829    34.3993 0.0000e+00
    250.000    -0.8437   2.798734    -0.8424   2.798881    6.95489    -0.0059    13.8155 -9.990e-29  -61.79117  -53.29017 1154976955 219.788844    34.3998 0.0000e+00
    251.000    -0.8419   2.798956    -0.8407   2.799088    6.95566    -0.0014    13.8155 -9.990e-29  -61.79117  -53.29017 1154976956 219.788858    34.4000 0.0000e+00
    252.000    -0.8415   2.799044    -0.8402   2.799183    6.95608    -0.0044    13.8155 -9.990e-29  -61.79117  -53.29017 1154976957 219.788872    34.4003 0.0000e+00
    253.000    -0.8401   2.799234    -0.8387   2.799384    6.95257    -0.0037    13.8155 3.5264e+02  -61.79117  -53.29017 1154976958 219.788887    34.4006 0.0000e+00
    254.000    -0.8393   2.799365    -0.8379   2.799512    6.95175    -0.0063    13.8155 3.5176e+02  -61.79117  -53.29017 1154976960 219.788901    34.4008 0.0000e+00
    255.000    -0.8383   2.799517    -0.8369   2.799663    6.95033    -0.0254    13.8155 3.5080e+02  -61.79117  -53.29017 1154976961 219.788915    34.4012 0.0000e+00
    256.000    -0.8334   2.800081    -0.8319   2.800229    6.94632    -0.0244    13.8155 3.4929e+02  -61.79117  -53.29017 1154976962 219.788929    34.4026 0.0000e+00
    257.000    -0.8286   2.800617    -0.8274   2.800749    6.94397    -0.0004    13.8155 -9.990e-29  -61.79117  -53.29017 1154976963 219.788944    34.4037 0.0000e+00
    258.000    -0.8269   2.800850    -0.8255   2.800994    6.93905    -0.0046    13.8155 -9.990e-29  -61.79117  -53.29017 1154976965 219.788958    34.4043 0.0000e+00
    259.000    -0.8245   2.801153    -0.8231   2.801305    6.93521    -0.0012    13.8155 -9.990e-29  -61.79117  -53.29017 1154976966 219.788972    34.4051 0.0000e+00
    260.000    -0.8206   2.801611    -0.8192   2.801757    6.93116    -0.0239    13.8155 -9.990e-29  -61.79117  -53.29017 1154976967 219.788986    34.4061 0.0000e+00
    261.000    -0.8185   2.801863    -0.8172   2.802005    6.92917    -0.0093    13.8155 -9.990e-29  -61.79117  -53.29017 1154976968 219.789000    34.4065 0.0000e+00
    262.000    -0.8161   2.802169    -0.8147   2.802302    6.92848    -0.0472    13.8155 -9.990e-29  -61.79117  -53.29017 1154976969 219.789015    34.4073 0.0000e+00
    263.000    -0.8154   2.802277    -0.8143   2.802415    6.92572    -0.0280    13.8155 3.4852e+02  -61.79117  -53.29017 1154976971 219.789029    34.4074 0.0000e+00
    264.000    -0.8155   2.802314    -0.8141   2.802464    6.92210    -0.0011    13.8155 3.4859e+02  -61.79117  -53.29017 1154976972 219.789043    34.4075 0.0000e+00
    265.000    -0.8151   2.802405    -0.8139   2.802538    6.91939     0.0122    13.8155 3.4722e+02  -61.79117  -53.29017 1154976973 219.789057    34.4076 0.0000e+00
    266.000    -0.8140   2.802574    -0.8128   2.802695    6.91656    -0.0056    13.8155 3.4677e+02  -61.79117  -53.29017 1154976974 219.789072    34.4081 0.0000e+00
    267.000    -0.8131   2.802708    -0.8117   2.802855    6.91669    -0.0354    13.8155 3.4677e+02  -61.79117  -53.29017 1154976976 219.789086    34.4082 0.0000e+00
    268.000    -0.8117   2.802896    -0.8103   2.803042    6.91390    -0.0240    13.8155 3.4677e+02  -61.79117  -53.29017 1154976977 219.789100    34.4086 0.0000e+00
    269.000    -0.8104   2.803077    -0.8091   2.803218    6.91195    -0.0277    13.8155 3.4677e+02  -61.79117  -53.29017 1154976978 219.789114    34.4090 0.0000e+00
    270.000    -0.8075   2.803436    -0.8061   2.803580    6.91211    -0.0204    13.8155 3.4677e+02  -61.79117  -53.29017 1154976979 219.789129    34.4099 0.0000e+00
    271.000    -0.8068   2.803550    -0.8054   2.803694    6.91189    -0.0232    13.8155 3.4652e+02  -61.79117  -53.29017 1154976981 219.789143    34.4101 0.0000e+00
    272.000    -0.8060   2.803672    -0.8048   2.803816    6.90902    -0.0184    13.8155 3.4499e+02  -61.79117  -53.29017 1154976982 219.789157    34.4103 0.0000e+00
    273.000    -0.8043   2.803901    -0.8029   2.804044    6.90634    -0.0246    13.8155 3.4587e+02  -61.79117  -53.29017 1154976983 219.789171    34.4107 0.0000e+00
    274.000    -0.8039   2.803979    -0.8026   2.804128    6.90592    -0.0231    13.8155 3.4677e+02  -61.79117  -53.29017 1154976984 219.789185    34.4107 0.0000e+00
    275.000    -0.8041   2.804013    -0.8030   2.804135    6.90538    -0.0288    13.8155 3.4677e+02  -61.79117  -53.29017 1154976985 219.789200    34.4109 0.0000e+00
    276.000    -0.8040   2.804062    -0.8028   2.804199    6.90359    -0.0111    13.8155 3.4674e+02  -61.79117  -53.29017 1154976987 219.789214    34.4108 0.0000e+00
    277.000    -0.8051   2.803982    -0.8038   2.804142    6.90252    -0.0334    13.8155 -9.990e-29  -61.79117  -53.29017 1154976988 219.789228    34.4104 0.0000e+00
    278.000    -0.8051   2.804044    -0.8037   2.804194    6.89936    -0.0256    13.8155 -9.990e-29  -61.79117  -53.29017 1154976989 219.789242    34.4107 0.0000e+00
    279.000    -0.8045   2.804145    -0.8032   2.804293    6.90029    -0.0131    13.8155 -9.990e-29  -61.79117  -53.29017 1154976990 219.789257    34.4108 0.0000e+00
    280.000    -0.8046   2.804173    -0.8034   2.804317    6.90088    -0.0328    13.8155 -9.990e-29  -61.79117  -53.29017 1154976992 219.789271    34.4106 0.0000e+00
    281.000    -0.8038   2.804306    -0.8024   2.804469    6.89967    -0.0069    13.8155 -9.990e-29  -61.79117  -53.29017 1154976993 219.789285    34.4109 0.0000e+00
    282.000    -0.8040   2.804327    -0.8026   2.804489    6.89960    -0.0198    13.8155 -9.990e-29  -61.79117  -53.29017 1154976994 219.789299    34.4109 0.0000e+00
    283.000    -0.8022   2.804566    -0.8008   2.804713    6.90010    -0.0250    13.8155 3.4488e+02  -61.79117  -53.29017 1154976995 219.789313    34.4114 0.0000e+00
    284.000    -0.8018   2.804662    -0.8004   2.804806    6.89984    -0.0383    13.8155 3.4482e+02  -61.79117  -53.29017 1154976997 219.789328    34.4116 0.0000e+00
    285.000    -0.8013   2.804749    -0.8001   2.804891    6.90036    -0.0109    13.8155 3.4482e+02  -61.79117  -53.29017 1154976998 219.789342    34.4117 0.0000e+00
    286.000    -0.8006   2.804880    -0.7994   2.805023    6.90007    -0.0383    13.8155 3.4482e+02  -61.79117  -53.29017 1154976999 219.789356    34.4120 0.0000e+00
    287.000    -0.7981   2.805198    -0.7967   2.805350    6.89870    -0.0123    13.8155 3.4543e+02  -61.79117  -53.29017 1154977000 219.789371    34.4128 0.0000e+00
    288.000    -0.7975   2.805318    -0.7965   2.805420    6.89816    -0.0446    13.8155 3.4251e+02  -61.79117  -53.29017 1154977002 219.789385    34.4130 0.0000e+00
    289.000    -0.7968   2.805440    -0.7954   2.805585    6.89461    -0.0079    13.8155 3.4150e+02  -61.79117  -53.29017 1154977003 219.789399    34.4133 0.0000e+00
    290.000    -0.7959   2.805575    -0.7947   2.805706    6.89212    -0.0180    13.8155 3.4256e+02  -61.79117  -53.29017 1154977004 219.789414    34.4135 0.0000e+00
