product_data/regression_test/downloaded_data/MDGS/320620060703/ctd/p6621705.ros
* Sea-Bird SBE 9 Data File:
* FileName = D:\Data\Raw\p6621705.dat
* Software Version Seasave Win32 V 5.32
* Temperature SN = 1649
* Conductivity SN = 1431
* Number of Bytes Per Scan = 37
* Number of Voltage Words = 5
* Number of Scans Averaged by the Deck Unit = 1
* NMEA Latitude = 62 31.54 S
* NMEA Longitude = 062 27.50 W
* NMEA UTC (Time) = 15:50:37
** Ship:   Nathaniel B. Palmer 
** Cruise:    NBP0606 
# nquan = 17
# nvalues = 1176                    
# units = specified
# name 0 = prDM: Pressure, Digiquartz [db]
# name 1 = t090C: Temperature [ITS-90, deg C]
# name 2 = c0S/m: Conductivity [S/m]
# name 3 = t190C: Temperature, 2 [ITS-90, deg C]
# name 4 = c1S/m: Conductivity, 2 [S/m]
# name 5 = sbeox0ML/L: Oxygen, SBE 43 [ml/l]
# name 6 = flECO-AFL: Fluorescence, Wetlab ECO-AFL/FL [mg/m^3]
# name 7 = bat: Beam Attenuation, Chelsea/Seatech/Wetlab CStar [1/m]
# name 8 = spar: SPAR/Surface Irradiance
# name 9 = latitude: Latitude [deg]
# name 10 = longitude: Longitude [deg]
# name 11 = timeY: Time, System [seconds]
# name 12 = timeJ: Julian Days
# name 13 = sal00: Salinity [PSU]
# name 14 = scan: scan number
# name 15 = nbf: number of bottles fired
# name 16 = flag:  0.000e+00
# interval = seconds: 0.0416667                   
# start_time = Aug 01 2006 15:50:56
*END*
[from data line 852]
     29.935    -1.0347   2.757825    -1.0346   2.758181    7.99070    -0.0123    13.8155 2.4352e+02  -62.52567  -62.45833 1154449010 213.678367    34.1977      37319         18  0.000e+00
     29.935    -1.0352   2.757835    -1.0347   2.758175    7.99077    -0.0454    13.8155 2.4352e+02  -62.52567  -62.45833 1154449010 213.678368    34.1984      37320         18  0.000e+00
     29.925    -1.0348   2.757809    -1.0346   2.758204    7.98602    -0.0123    13.8155 2.4352e+02  -62.52567  -62.45833 1154449010 213.678368    34.1977      37321         18  0.000e+00
     29.868    -1.0352   2.757815    -1.0342   2.758198    7.99071    -0.0233    13.8155 2.4352e+02  -62.52567  -62.45833 1154449010 213.678369    34.1981      37322         18  0.000e+00
     29.868    -1.0353   2.757865    -1.0345   2.758210    7.99070     0.0097    13.8155 2.4352e+02  -62.52567  -62.45833 1154449010 213.678369    34.1990      37323         18  0.000e+00
     29.935    -1.0348   2.757851    -1.0340   2.758233    7.99071    -0.0894    13.8155 2.4352e+02  -62.52567  -62.45833 1154449010 213.678370    34.1982      37324         18  0.000e+00
     29.859    -1.0350   2.757858    -1.0343   2.758245    7.99064    -0.0123    13.8155 2.4352e+02  -62.52567  -62.45833 1154449010 213.678370    34.1986      37325         18  0.000e+00
     29.868    -1.0350   2.757865    -1.0344   2.758262    7.99065     0.0318    13.8155 2.4352e+02  -62.52567  -62.45833 1154449010 213.678370    34.1987      37326         18  0.000e+00
     29.868    -1.0347   2.757881    -1.0343   2.758233    7.99059    -0.0454    13.8155 2.4352e+02  -62.52567  -62.45833 1154449010 213.678371    34.1985      37327         18  0.000e+00
     29.782    -1.0352   2.757848    -1.0345   2.758198    7.99059    -0.0233    13.8155 2.4547e+02  -62.52567  -62.45833 1154449010 213.678371    34.1987      37328         18  0.000e+00
     29.868    -1.0350   2.757874    -1.0348   2.758210    7.99064    -0.0123    13.8155 2.4547e+02  -62.52567  -62.45833 1154449010 213.678372    34.1988      37329         18  0.000e+00
     29.868    -1.0345   2.757937    -1.0345   2.758135    7.98581    -0.0013    13.8155 2.4547e+02  -62.52567  -62.45833 1154449010 213.678372    34.1991      37330         18  0.000e+00
     29.792    -1.0345   2.757986    -1.0346   2.758129    7.99040    -0.0013    13.8155 2.4547e+02  -62.52567  -62.45833 1154449010 213.678373    34.1998      37331         18  0.000e+00
     29.925    -1.0344   2.758029    -1.0348   2.758135    7.99049    -0.1004    13.8155 2.4547e+02  -62.52567  -62.45833 1154449010 213.678373    34.2001      37332         18  0.000e+00
     29.792    -1.0345   2.758039    -1.0346   2.758175    7.99036    -0.0564    13.8155 2.4547e+02  -62.52567  -62.45833 1154449010 213.678374    34.2006      37333         18  0.000e+00
     29.935    -1.0348   2.758009    -1.0344   2.758187    7.99059    -0.0233    13.8155 2.4741e+02  -62.52567  -62.45833 1154449010 213.678374    34.2004      37334         18  0.000e+00
     29.935    -1.0342   2.757980    -1.0345   2.758250    7.99051    -0.0674    13.8155 2.4741e+02  -62.52567  -62.45833 1154449010 213.678375    34.1993      37335         18  0.000e+00
     29.858    -1.0345   2.757993    -1.0342   2.758250    7.99047    -0.0784    13.8155 2.4741e+02  -62.52567  -62.45833 1154449010 213.678375    34.1999      37336         18  0.000e+00
     30.001    -1.0339   2.758012    -1.0348   2.758239    7.99051    -0.0564    13.8155 2.4741e+02  -62.52567  -62.45833 1154449010 213.678376    34.1993      37337         18  0.000e+00
     29.935    -1.0342   2.758032    -1.0345   2.758239    7.99047    -0.1225    13.8155 2.4741e+02  -62.52567  -62.45833 1154449010 213.678376    34.2000      37338         18  0.000e+00
     30.068    -1.0345   2.758075    -1.0346   2.758262    7.99064    -0.0013    13.8155 2.4741e+02  -62.52567  -62.45833 1154449010 213.678377    34.2009      37339         18  0.000e+00
     30.001    -1.0344   2.758068    -1.0345   2.758227    7.99054     0.0097    13.8155 2.4741e+02  -62.52567  -62.45833 1154449010 213.678377    34.2006      37340         18  0.000e+00
     29.935    -1.0336   2.758065    -1.0349   2.758135    7.99035    -0.0564    13.8155 2.4547e+02  -62.52567  -62.45833 1154449011 213.678378    34.1998      37341         18  0.000e+00
     30.144    -1.0338   2.758045    -1.0348   2.758094    7.99062    -0.1225    13.8155 2.4741e+02  -62.52567  -62.45833 1154449011 213.678378    34.1995      37342         18  0.000e+00
     30.135    -1.0342   2.757973    -1.0354   2.758065    7.99074    -0.0123    13.8155 2.4741e+02  -62.52567  -62.45833 1154449011 213.678379    34.1991      37343         18  0.000e+00
     30.077    -1.0344   2.757970    -1.0353   2.758042    7.99070     0.0868    13.8155 2.4741e+02  -62.52567  -62.45833 1154449011 213.678379    34.1992      37344         18  0.000e+00
     30.144    -1.0347   2.757891    -1.0354   2.758031    7.99089     0.0868    13.8155 2.4741e+02  -62.52567  -62.45833 1154449011 213.678380    34.1985      37345         18  0.000e+00
     30.144    -1.0345   2.757832    -1.0356   2.757996    7.99091     0.0097    13.8155 2.4936e+02  -62.52567  -62.45833 1154449011 213.678380    34.1975      37346         18  0.000e+00
     30.201    -1.0352   2.757871    -1.0354   2.757961    7.99104     0.0207    13.8155 2.4741e+02  -62.52567  -62.45833 1154449011 213.678381    34.1987      37347         18  0.000e+00
     30.211    -1.0350   2.757999    -1.0359   2.757932    7.99093    -0.0784    13.8155 2.4741e+02  -62.52567  -62.45833 1154449011 213.678381    34.2003      37348         18  0.000e+00
     29.789    -1.0353   2.757832    -1.0354   2.758002    7.98592     0.0097    13.8155 2.4157e+02  -62.52567  -62.45833 1154449016 213.678446    34.1986      37483         19  0.000e+00
     29.999    -1.0348   2.757835    -1.0354   2.757990    7.98608     0.0207    13.8155 2.4352e+02  -62.52567  -62.45833 1154449016 213.678447    34.1980      37484         19  0.000e+00
     29.932    -1.0352   2.757842    -1.0352   2.757996    7.98605    -0.0343    13.8155 2.4352e+02  -62.52567  -62.45833 1154449017 213.678447    34.1985      37485         19  0.000e+00
     29.923    -1.0355   2.757805    -1.0353   2.757984    7.98612    -0.0343    13.8155 2.4157e+02  -62.52567  -62.45833 1154449017 213.678448    34.1983      37486         19  0.000e+00
     29.932    -1.0353   2.757815    -1.0358   2.758002    7.99080     0.0207    13.8155 2.4157e+02  -62.52567  -62.45833 1154449017 213.678448    34.1983      37487         19  0.000e+00
     29.866    -1.0348   2.757822    -1.0354   2.758002    7.99065     0.0318    13.8155 2.4157e+02  -62.52567  -62.45833 1154449017 213.678449    34.1979      37488         19  0.000e+00
     29.866    -1.0350   2.757835    -1.0354   2.757984    7.98596    -0.0013    13.8155 2.4352e+02  -62.52567  -62.45833 1154449017 213.678449    34.1983      37489         19  0.000e+00
     29.923    -1.0350   2.757825    -1.0352   2.757961    7.99074    -0.0784    13.8155 2.4352e+02  -62.52567  -62.45833 1154449017 213.678450    34.1981      37490         19  0.000e+00
     29.866    -1.0350   2.757832    -1.0354   2.758008    7.99067    -0.0013    13.8155 2.4352e+02  -62.52567  -62.45833 1154449017 213.678450    34.1982      37491         19  0.000e+00
     29.866    -1.0350   2.757809    -1.0354   2.757973    7.98598     0.0758    13.8155 2.4157e+02  -62.52567  -62.45833 1154449017 213.678451    34.1979      37492         19  0.000e+00
     29.856    -1.0353   2.757828    -1.0353   2.757990    7.99071     0.0758    13.8155 2.4352e+02  -62.52567  -62.45833 1154449017 213.678451    34.1985      37493         19  0.000e+00
     29.865    -1.0352   2.757842    -1.0358   2.758002    7.99069    -0.0343    13.8155 2.4157e+02  -62.52567  -62.45833 1154449017 213.678451    34.1985      37494         19  0.000e+00
     29.865    -1.0347   2.757825    -1.0356   2.757990    7.98592    -0.0564    13.8155 2.4352e+02  -62.52567  -62.45833 1154449017 213.678452    34.1978      37495         19  0.000e+00
     29.865    -1.0347   2.757802    -1.0354   2.757956    7.99064    -0.0894    13.8155 2.4157e+02  -62.52567  -62.45833 1154449017 213.678452    34.1974      37496         19  0.000e+00
     29.856    -1.0355   2.757815    -1.0353   2.757950    7.98604    -0.1004    13.8155 2.4157e+02  -62.52567  -62.45833 1154449017 213.678453    34.1985      37497         19  0.000e+00
     29.865    -1.0352   2.757802    -1.0355   2.757973    7.99072    -0.0343    13.8155 2.4157e+02  -62.52567  -62.45833 1154449017 213.678453    34.1980      37498         19  0.000e+00
     29.865    -1.0355   2.757799    -1.0357   2.757956    7.99077    -0.0123    13.8155 2.4157e+02  -62.52567  -62.45833 1154449017 213.678454    34.1983      37499         19  0.000e+00
     29.865    -1.0352   2.757779    -1.0355   2.757973    7.99073    -0.0343    13.8155 2.4157e+02  -62.52567  -62.45833 1154449017 213.678454    34.1977      37500         19  0.000e+00
     29.856    -1.0350   2.757756    -1.0357   2.757961    7.99072     0.0097    13.8155 2.4157e+02  -62.52567  -62.45833 1154449017 213.678455    34.1972      37501         19  0.000e+00
     29.865    -1.0352   2.757769    -1.0354   2.757990    7.98603     0.0097    13.8155 2.4157e+02  -62.52567  -62.45833 1154449017 213.678455    34.1975      37502         19  0.000e+00
     29.865    -1.0353   2.757743    -1.0356   2.757984    7.99078     0.0318    13.8155 2.4157e+02  -62.52567  -62.45833 1154449017 213.678456    34.1973      37503         19  0.000e+00
     29.856    -1.0353   2.757733    -1.0352   2.757979    7.98607    -0.0123    13.8155 2.3962e+02  -62.52567  -62.45833 1154449017 213.678456    34.1972      37504         19  0.000e+00
     29.865    -1.0356   2.757697    -1.0356   2.757979    7.99087    -0.0343    13.8155 2.4157e+02  -62.52567  -62.45833 1154449017 213.678457    34.1971      37505         19  0.000e+00
     29.865    -1.0361   2.757700    -1.0354   2.758019    7.98623     0.0207    13.8155 2.4157e+02  -62.52567  -62.45833 1154449017 213.678457    34.1976      37506         19  0.000e+00
     29.865    -1.0358   2.757707    -1.0356   2.758008    7.99088    -0.0013    13.8155 2.3962e+02  -62.52567  -62.45833 1154449017 213.678458    34.1974      37507         19  0.000e+00
     29.856    -1.0361   2.757710    -1.0355   2.758002    7.99092    -0.0013    13.8155 2.4157e+02  -62.52567  -62.45833 1154449018 213.678458    34.1978      37508         19  0.000e+00
     29.865    -1.0362   2.757759    -1.0353   2.758008    7.99092    -0.1225    13.8155 2.4157e+02  -62.52567  -62.45833 1154449018 213.678459    34.1986      37509         19  0.000e+00
     29.932    -1.0358   2.757792    -1.0352   2.758042    7.99089    -0.1335    13.8155 2.3962e+02  -62.52567  -62.45833 1154449018 213.678459    34.1985      37510         19  0.000e+00
     29.865    -1.0352   2.757815    -1.0356   2.758019    7.99071    -0.1114    13.8155 2.3962e+02  -62.52567  -62.45833 1154449018 213.678460    34.1982      37511         19  0.000e+00
     29.922    -1.0355   2.757815    -1.0354   2.758025    7.99082    -0.1114    13.8155 2.3962e+02  -62.52567  -62.45833 1154449018 213.678460    34.1985      37512         19  0.000e+00
     29.865    -1.0355   2.757786    -1.0351   2.758031    7.99078    -0.0674    13.8155 2.3962e+02  -62.52567  -62.45833 1154449018 213.678461    34.1981      37513         19  0.000e+00
     29.932    -1.0356   2.757792    -1.0354   2.758013    7.99087    -0.0013    13.8155 2.4157e+02  -62.52567  -62.45833 1154449018 213.678461    34.1983      37514         19  0.000e+00
     29.922    -1.0355   2.757779    -1.0353   2.758025    7.99085     0.0318    13.8155 2.4157e+02  -62.52567  -62.45833 1154449018 213.678462    34.1980      37515         19  0.000e+00
     29.932    -1.0353   2.757792    -1.0358   2.758013    7.99082     0.0538    13.8155 2.4157e+02  -62.52567  -62.45833 1154449018 213.678462    34.1980      37516         19  0.000e+00
     29.932    -1.0352   2.757809    -1.0351   2.758025    7.99079     0.0097    13.8155 2.4157e+02  -62.52567  -62.45833 1154449018 213.678463    34.1980      37517         19  0.000e+00
     29.932    -1.0352   2.757819    -1.0357   2.757990    7.99078     0.0097    13.8155 2.4157e+02  -62.52567  -62.45833 1154449018 213.678463    34.1982      37518         19  0.000e+00
     29.989    -1.0353   2.757802    -1.0357   2.757979    7.99088    -0.0674    13.8155 2.4157e+02  -62.52567  -62.45833 1154449018 213.678464    34.1981      37519         19  0.000e+00
     29.932    -1.0347   2.757815    -1.0357   2.758002    7.99071    -0.0123    13.8155 2.3962e+02  -62.52567  -62.45833 1154449018 213.678464    34.1976      37520         19  0.000e+00
     29.932    -1.0352   2.757822    -1.0360   2.758002    7.99078     0.0097    13.8155 2.4157e+02  -62.52567  -62.45833 1154449018 213.678465    34.1982      37521         19  0.000e+00
     29.998    -1.0358   2.757782    -1.0357   2.757984    7.99098    -0.0894    13.8155 2.3962e+02  -62.52567  -62.45833 1154449018 213.678465    34.1983      37522         19  0.000e+00
     29.989    -1.0356   2.757773    -1.0360   2.757961    7.99095    -0.0454    13.8155 2.4157e+02  -62.52567  -62.45833 1154449018 213.678465    34.1980      37523         19  0.000e+00
     29.998    -1.0355   2.757707    -1.0361   2.757932    7.99099     0.0648    13.8155 2.3962e+02  -62.52567  -62.45833 1154449018 213.678466    34.1969      37524         19  0.000e+00
     29.998    -1.0361   2.757720    -1.0357   2.757927    7.99107     0.0538    13.8155 2.4157e+02  -62.52567  -62.45833 1154449018 213.678466    34.1978      37525         19  0.000e+00
     29.989    -1.0361   2.757681    -1.0361   2.757909    7.99109     0.0318    13.8155 2.3962e+02  -62.52567  -62.45833 1154449018 213.678467    34.1973      37526         19  0.000e+00
     29.998    -1.0353   2.757710    -1.0360   2.757898    7.99096    -0.0233    13.8155 2.4157e+02  -62.52567  -62.45833 1154449018 213.678467    34.1968      37527         19  0.000e+00
     30.075    -1.0358   2.757746    -1.0359   2.757921    7.99109    -0.0343    13.8155 2.3767e+02  -62.52567  -62.45833 1154449018 213.678468    34.1978      37528         19  0.000e+00
     29.998    -1.0358   2.757786    -1.0360   2.757904    7.99097     0.0097    13.8155 2.3767e+02  -62.52567  -62.45833 1154449018 213.678468    34.1984      37529         19  0.000e+00
     30.065    -1.0356   2.757763    -1.0364   2.757898    7.99104     0.0097    13.8155 2.3767e+02  -62.52567  -62.45833 1154449018 213.678469    34.1978      37530         19  0.000e+00
     30.075    -1.0355   2.757720    -1.0363   2.757921    7.99106     0.0097    13.8155 2.3767e+02  -62.52567  -62.45833 1154449018 213.678469    34.1971      37531         19  0.000e+00
     30.207    -1.0365   2.757605    -1.0364   2.757892    8.00088     0.0318    13.8155 2.3378e+02  -62.52567  -62.45833 1154449022 213.678509    34.1966      37614         20  0.000e+00
     30.350    -1.0364   2.757595    -1.0363   2.757904    8.00103     0.0097    13.8155 2.3378e+02  -62.52567  -62.45833 1154449022 213.678510    34.1963      37615         20  0.000e+00
     30.273    -1.0361   2.757598    -1.0359   2.757898    8.00089     0.0207    13.8155 2.3378e+02  -62.52567  -62.45833 1154449022 213.678510    34.1960      37616         20  0.000e+00
     30.283    -1.0365   2.757566    -1.0361   2.757898    8.00100     0.0097    13.8155 2.3378e+02  -62.52567  -62.45833 1154449022 213.678511    34.1961      37617         20  0.000e+00
     30.350    -1.0367   2.757569    -1.0362   2.757904    8.00109     0.0318    13.8155 2.3378e+02  -62.52567  -62.45833 1154449022 213.678511    34.1962      37618         20  0.000e+00
