product_data/regression_test/downloaded_data/MDGS/320620060703/ctd/p6622101.ros
* Sea-Bird SBE 9 Data File:
* FileName = D:\Data\Raw\p6622101.dat
* Software Version Seasave Win32 V 5.32
* Temperature SN = 1649
* Conductivity SN = 1431
* Number of Bytes Per Scan = 37
* Number of Voltage Words = 5
* Number of Scans Averaged by the Deck Unit = 1
* NMEA Latitude = 62 37.28 S
* NMEA Longitude = 057 52.53 W
* NMEA UTC (Time) = 09:18:39
** Ship:   Nathaniel B. Palmer 
** Cruise:    NBP0606 
# nquan = 17
# nvalues = 1176                    
# units = specified
# name 0 = prDM: Pressure, Digiquartz [db]
# name 1 = t090C: Temperature [ITS-90, deg C]
# name 2 = c0S/m: Conductivity [S/m]
# name 3 = t190C: Temperature, 2 [ITS-90, deg C]
# name 4 = c1S/m: Conductivity, 2 [S/m]
# name 5 = sbeox0ML/L: Oxygen, SBE 43 [ml/l]
# name 6 = flECO-AFL: Fluorescence, Wetlab ECO-AFL/FL [mg/m^3]
# name 7 = bat: Beam Attenuation, Chelsea/Seatech/Wetlab CStar [1/m]
# name 8 = spar: SPAR/Surface Irradiance
# name 9 = latitude: Latitude [deg]
# name 10 = longitude: Longitude [deg]
# name 11 = timeY: Time, System [seconds]
# name 12 = timeJ: Julian Days
# name 13 = sal00: Salinity [PSU]
# name 14 = scan: scan number
# name 15 = nbf: number of bottles fired
# name 16 = flag:  0.000e+00
# interval = seconds: 0.0416667                   
# start_time = Aug 03 2006 09:19:19
*END*
[from data line 596]
    149.877    -1.8123   2.709095    -1.8144   2.709305    7.72137    -0.1335    13.8155 0.0000e+00  -62.62133  -57.87550 1154600308 215.429496    34.3419      85187         13  0.000e+00
    149.811    -1.8123   2.709118    -1.8145   2.709282    7.72616    -0.0894    13.8155 0.0000e+00  -62.62133  -57.87550 1154600308 215.429496    34.3423      85188         13  0.000e+00
    149.811    -1.8129   2.709088    -1.8142   2.709294    7.72629    -0.0233    13.8155 0.0000e+00  -62.62133  -57.87550 1154600308 215.429497    34.3426      85189         13  0.000e+00
    149.744    -1.8127   2.709144    -1.8144   2.709282    7.72614    -0.1335    13.8155 0.0000e+00  -62.62133  -57.87550 1154600308 215.429497    34.3432      85190         13  0.000e+00
    149.811    -1.8131   2.709085    -1.8141   2.709277    7.72632    -0.1335    13.8155 0.0000e+00  -62.62133  -57.87550 1154600308 215.429497    34.3428      85191         13  0.000e+00
    149.734    -1.8127   2.709088    -1.8144   2.709277    7.72618    -0.0123    13.8155 0.0000e+00  -62.62133  -57.87550 1154600308 215.429498    34.3425      85192         13  0.000e+00
    149.734    -1.8132   2.709082    -1.8144   2.709259    7.72626    -0.0233    13.8155 0.0000e+00  -62.62133  -57.87550 1154600308 215.429498    34.3429      85193         13  0.000e+00
    149.744    -1.8129   2.709062    -1.8142   2.709271    7.72623    -0.0894    13.8155 0.0000e+00  -62.62133  -57.87550 1154600308 215.429499    34.3423      85194         13  0.000e+00
    149.668    -1.8128   2.709091    -1.8147   2.709259    7.72611    -0.0784    13.8155 0.0000e+00  -62.62133  -57.87550 1154600308 215.429499    34.3426      85195         13  0.000e+00
    149.734    -1.8133   2.709101    -1.8143   2.709254    7.72626    -0.0233    13.8155 0.0000e+00  -62.62133  -57.87550 1154600308 215.429500    34.3433      85196         13  0.000e+00
    149.601    -1.8132   2.709082    -1.8147   2.709254    7.72612    -0.0123    13.8155 0.0000e+00  -62.62133  -57.87550 1154600308 215.429500    34.3430      85197         13  0.000e+00
    149.668    -1.8133   2.709078    -1.8145   2.709231    7.72621     0.0097    13.8155 0.0000e+00  -62.62133  -57.87550 1154600308 215.429501    34.3431      85198         13  0.000e+00
    149.601    -1.8138   2.709095    -1.8152   2.709242    7.72620    -0.0343    13.8155 0.0000e+00  -62.62133  -57.87550 1154600308 215.429501    34.3439      85199         13  0.000e+00
    149.601    -1.8141   2.709085    -1.8149   2.709231    7.72625    -0.0564    13.8155 0.0000e+00  -62.62133  -57.87550 1154600308 215.429502    34.3441      85200         13  0.000e+00
    149.601    -1.8143   2.709095    -1.8145   2.709259    7.72628    -0.1225    13.8155 0.0000e+00  -62.62133  -57.87550 1154600308 215.429502    34.3445      85201         13  0.000e+00
    149.601    -1.8143   2.709052    -1.8147   2.709277    7.72142    -0.1225    13.8155 0.0000e+00  -62.62133  -57.87550 1154600308 215.429503    34.3438      85202         13  0.000e+00
    149.601    -1.8142   2.709036    -1.8147   2.709259    7.72630    -0.0564    13.8155 0.0000e+00  -62.62133  -57.87550 1154600308 215.429503    34.3435      85203         13  0.000e+00
    149.524    -1.8136   2.709036    -1.8142   2.709288    7.72126    -0.0343    13.8155 0.0000e+00  -62.62133  -57.87550 1154600308 215.429504    34.3429      85204         13  0.000e+00
    149.601    -1.8134   2.709020    -1.8139   2.709305    7.72619    -0.1445    13.8155 0.0000e+00  -62.62133  -57.87550 1154600308 215.429504    34.3424      85205         13  0.000e+00
    149.601    -1.8135   2.708994    -1.8135   2.709340    7.72622    -0.1114    13.8155 0.0000e+00  -62.62133  -57.87550 1154600308 215.429505    34.3421      85206         13  0.000e+00
    149.668    -1.8143   2.708974    -1.8139   2.709317    7.72644    -0.1225    13.8155 0.0000e+00  -62.62133  -57.87550 1154600308 215.429505    34.3427      85207         13  0.000e+00
    149.601    -1.8146   2.708954    -1.8135   2.709340    7.72642    -0.1775    13.8155 0.0000e+00  -62.62133  -57.87550 1154600308 215.429506    34.3428      85208         13  0.000e+00
    149.668    -1.8151   2.708964    -1.8138   2.709294    7.72657    -0.1225    13.8155 0.0000e+00  -62.62133  -57.87550 1154600308 215.429506    34.3435      85209         13  0.000e+00
    149.601    -1.8143   2.709020    -1.8138   2.709311    7.72632    -0.0343    13.8155 0.0000e+00  -62.62133  -57.87550 1154600309 215.429507    34.3433      85210         13  0.000e+00
    149.735    -1.8140   2.709000    -1.8133   2.709346    7.72645    -0.0784    13.8155 0.0000e+00  -62.62133  -57.87550 1154600309 215.429507    34.3427      85211         13  0.000e+00
    149.668    -1.8143   2.709023    -1.8132   2.709334    7.72639    -0.1665    13.8155 0.0000e+00  -62.62133  -57.87550 1154600309 215.429508    34.3433      85212         13  0.000e+00
    149.668    -1.8142   2.709036    -1.8136   2.709328    7.72637    -0.1004    13.8155 0.0000e+00  -62.62133  -57.87550 1154600309 215.429508    34.3434      85213         13  0.000e+00
    149.668    -1.8138   2.709020    -1.8135   2.709328    7.73120    -0.1004    13.8155 0.0000e+00  -62.62133  -57.87550 1154600309 215.429509    34.3428      85214         13  0.000e+00
    149.811    -1.8142   2.709013    -1.8138   2.709346    7.72654    -0.0233    13.8155 0.0000e+00  -62.62133  -57.87550 1154600309 215.429509    34.3430      85215         13  0.000e+00
    149.735    -1.8143   2.708994    -1.8139   2.709317    7.72161    -0.0123    13.8155 0.0000e+00  -62.62133  -57.87550 1154600309 215.429510    34.3429      85216         13  0.000e+00
    149.735    -1.8137   2.709026    -1.8136   2.709340    7.72637    -0.0564    13.8155 0.0000e+00  -62.62133  -57.87550 1154600309 215.429510    34.3427      85217         13  0.000e+00
    149.735    -1.8135   2.709036    -1.8141   2.709317    7.73121    -0.0674    13.8155 0.0000e+00  -62.62133  -57.87550 1154600309 215.429511    34.3426      85218         13  0.000e+00
    149.744    -1.8143   2.709000    -1.8138   2.709305    7.73138    -0.0784    13.8155 0.0000e+00  -62.62133  -57.87550 1154600309 215.429511    34.3430      85219         13  0.000e+00
    149.811    -1.8141   2.709023    -1.8136   2.709380    7.72652    -0.1004    13.8155 0.0000e+00  -62.62133  -57.87550 1154600309 215.429511    34.3431      85220         13  0.000e+00
    149.735    -1.8136   2.709036    -1.8129   2.709386    7.73122    -0.0894    13.8155 0.0000e+00  -62.62133  -57.87550 1154600309 215.429512    34.3427      85221         13  0.000e+00
    149.735    -1.8132   2.709085    -1.8127   2.709397    7.73113    -0.0784    13.8155 0.0000e+00  -62.62133  -57.87550 1154600309 215.429512    34.3430      85222         13  0.000e+00
    149.745    -1.8126   2.709131    -1.8129   2.709386    7.72614    -0.1114    13.8155 0.0000e+00  -62.62133  -57.87550 1154600309 215.429513    34.3429      85223         13  0.000e+00
    149.735    -1.8126   2.709144    -1.8127   2.709397    7.72611    -0.1004    13.8155 0.0000e+00  -62.62133  -57.87550 1154600309 215.429513    34.3431      85224         13  0.000e+00
    149.735    -1.8123   2.709144    -1.8124   2.709426    7.72607    -0.0674    13.8155 0.0000e+00  -62.62133  -57.87550 1154600309 215.429514    34.3428      85225         13  0.000e+00
    149.735    -1.8120   2.709163    -1.8115   2.709466    7.72600    -0.0454    13.8155 0.0000e+00  -62.62133  -57.87550 1154600309 215.429514    34.3426      85226         13  0.000e+00
    149.745    -1.8121   2.709232    -1.8118   2.709518    7.73086    -0.0564    13.8155 0.0000e+00  -62.62133  -57.87550 1154600309 215.429515    34.3438      85227         13  0.000e+00
    149.748    -1.8135   2.709036    -1.8155   2.709139    7.73123    -0.1004    13.8155 0.0000e+00  -62.62133  -57.87550 1154600316 215.429594    34.3426      85391         14  0.000e+00
    149.815    -1.8137   2.709052    -1.8156   2.709196    7.73132    -0.1775    13.8155 0.0000e+00  -62.62133  -57.87550 1154600316 215.429594    34.3430      85392         14  0.000e+00
    149.815    -1.8133   2.709059    -1.8156   2.709162    7.72638    -0.1555    13.8155 0.0000e+00  -62.62133  -57.87550 1154600316 215.429595    34.3427      85393         14  0.000e+00
    149.882    -1.8132   2.709043    -1.8159   2.709162    7.72645    -0.0343    13.8155 0.0000e+00  -62.62133  -57.87550 1154600316 215.429595    34.3423      85394         14  0.000e+00
    149.815    -1.8133   2.709069    -1.8156   2.709173    7.72637    -0.0894    13.8155 0.0000e+00  -62.62133  -57.87550 1154600316 215.429596    34.3428      85395         14  0.000e+00
    149.815    -1.8129   2.709062    -1.8153   2.709173    7.72144    -0.0564    13.8155 0.0000e+00  -62.62133  -57.87550 1154600316 215.429596    34.3423      85396         14  0.000e+00
    149.815    -1.8133   2.709007    -1.8153   2.709150    7.73130    -0.0123    13.8155 0.0000e+00  -62.62133  -57.87550 1154600316 215.429597    34.3420      85397         14  0.000e+00
    149.815    -1.8137   2.708977    -1.8158   2.709145    7.73137    -0.0564    13.8155 0.0000e+00  -62.62133  -57.87550 1154600316 215.429597    34.3420      85398         14  0.000e+00
    149.815    -1.8140   2.708955    -1.8159   2.709162    7.73143    -0.0564    13.8155 0.0000e+00  -62.62133  -57.87550 1154600316 215.429598    34.3420      85399         14  0.000e+00
    149.815    -1.8142   2.708977    -1.8158   2.709173    7.72657    -0.0894    13.8155 0.0000e+00  -62.62133  -57.87550 1154600316 215.429598    34.3425      85400         14  0.000e+00
    149.815    -1.8144   2.708941    -1.8156   2.709173    7.72664    -0.0894    13.8155 0.0000e+00  -62.62133  -57.87550 1154600317 215.429599    34.3423      85401         14  0.000e+00
    149.815    -1.8146   2.708909    -1.8157   2.709191    7.72670    -0.1004    13.8155 0.0000e+00  -62.62133  -57.87550 1154600317 215.429599    34.3421      85402         14  0.000e+00
    149.815    -1.8149   2.708922    -1.8156   2.709219    7.72672    -0.0674    13.8155 0.0000e+00  -62.62133  -57.87550 1154600317 215.429600    34.3426      85403         14  0.000e+00
    149.739    -1.8145   2.708941    -1.8156   2.709225    7.72656     0.0318    13.8155 0.0000e+00  -62.62133  -57.87550 1154600317 215.429600    34.3424      85404         14  0.000e+00
    149.815    -1.8143   2.708948    -1.8156   2.709208    7.72661    -0.0233    13.8155 0.0000e+00  -62.62133  -57.87550 1154600317 215.429601    34.3422      85405         14  0.000e+00
    149.815    -1.8146   2.708928    -1.8153   2.709202    7.72668    -0.1225    13.8155 0.0000e+00  -62.62133  -57.87550 1154600317 215.429601    34.3424      85406         14  0.000e+00
    149.815    -1.8147   2.708945    -1.8155   2.709202    7.72668    -0.0894    13.8155 0.0000e+00  -62.62133  -57.87550 1154600317 215.429602    34.3427      85407         14  0.000e+00
    149.739    -1.8148   2.708948    -1.8158   2.709219    7.72661    -0.0123    13.8155 0.0000e+00  -62.62133  -57.87550 1154600317 215.429602    34.3429      85408         14  0.000e+00
    149.815    -1.8146   2.708928    -1.8155   2.709185    7.72667     0.0097    13.8155 0.0000e+00  -62.62133  -57.87550 1154600317 215.429603    34.3423      85409         14  0.000e+00
    149.815    -1.8152   2.708925    -1.8155   2.709208    7.72678    -0.0343    13.8155 0.0000e+00  -62.62133  -57.87550 1154600317 215.429603    34.3430      85410         14  0.000e+00
    149.739    -1.8147   2.708912    -1.8152   2.709208    7.72663    -0.0454    13.8155 0.0000e+00  -62.62133  -57.87550 1154600317 215.429604    34.3423      85411         14  0.000e+00
    149.815    -1.8151   2.708906    -1.8156   2.709202    7.72677    -0.0564    13.8155 0.0000e+00  -62.62133  -57.87550 1154600317 215.429604    34.3426      85412         14  0.000e+00
    149.815    -1.8150   2.708935    -1.8160   2.709202    7.72674    -0.0894    13.8155 0.0000e+00  -62.62133  -57.87550 1154600317 215.429605    34.3429      85413         14  0.000e+00
    149.739    -1.8149   2.708899    -1.8159   2.709202    7.72667    -0.1114    13.8155 0.0000e+00  -62.62133  -57.87550 1154600317 215.429605    34.3424      85414         14  0.000e+00
    149.815    -1.8150   2.708902    -1.8156   2.709179    7.72676    -0.0894    13.8155 0.0000e+00  -62.62133  -57.87550 1154600317 215.429606    34.3424      85415         14  0.000e+00
    149.749    -1.8145   2.708919    -1.8156   2.709150    7.72659    -0.0233    13.8155 0.0000e+00  -62.62133  -57.87550 1154600317 215.429606    34.3421      85416         14  0.000e+00
    149.815    -1.8150   2.708942    -1.8158   2.709162    7.72673    -0.1004    13.8155 0.0000e+00  -62.62133  -57.87550 1154600317 215.429606    34.3430      85417         14  0.000e+00
    149.816    -1.8152   2.708928    -1.8158   2.709150    7.72190    -0.1004    13.8155 0.0000e+00  -62.62133  -57.87550 1154600317 215.429607    34.3431      85418         14  0.000e+00
    149.739    -1.8149   2.708925    -1.8162   2.709162    7.72176     0.0207    13.8155 0.0000e+00  -62.62133  -57.87550 1154600317 215.429607    34.3426      85419         14  0.000e+00
    149.816    -1.8148   2.708912    -1.8162   2.709133    7.72672     0.0428    13.8155 0.0000e+00  -62.62133  -57.87550 1154600317 215.429608    34.3423      85420         14  0.000e+00
    149.739    -1.8146   2.708906    -1.8164   2.709122    7.72661    -0.0233    13.8155 0.0000e+00  -62.62133  -57.87550 1154600317 215.429608    34.3420      85421         14  0.000e+00
    149.816    -1.8148   2.708935    -1.8162   2.709122    7.72670     0.0207    13.8155 0.0000e+00  -62.62133  -57.87550 1154600317 215.429609    34.3426      85422         14  0.000e+00
    149.739    -1.8155   2.708915    -1.8155   2.709122    7.72674     0.0318    13.8155 0.0000e+00  -62.62133  -57.87550 1154600317 215.429609    34.3432      85423         14  0.000e+00
    149.816    -1.8148   2.708906    -1.8166   2.709099    7.72672    -0.0123    13.8155 0.0000e+00  -62.62133  -57.87550 1154600317 215.429610    34.3422      85424         14  0.000e+00
    149.739    -1.8153   2.708906    -1.8167   2.709110    7.72673    -0.1225    13.8155 0.0000e+00  -62.62133  -57.87550 1154600317 215.429610    34.3429      85425         14  0.000e+00
    149.816    -1.8152   2.708870    -1.8161   2.709139    7.72682    -0.0564    13.8155 0.0000e+00  -62.62133  -57.87550 1154600318 215.429611    34.3423      85426         14  0.000e+00
    149.739    -1.8152   2.708876    -1.8161   2.709127    7.72674    -0.0233    13.8155 0.0000e+00  -62.62133  -57.87550 1154600318 215.429611    34.3424      85427         14  0.000e+00
    149.816    -1.8161   2.708867    -1.8161   2.709139    7.72696    -0.0233    13.8155 0.0000e+00  -62.62133  -57.87550 1154600318 215.429612    34.3432      85428         14  0.000e+00
    149.739    -1.8159   2.708860    -1.8156   2.709127    7.72685    -0.0123    13.8155 0.0000e+00  -62.62133  -57.87550 1154600318 215.429612    34.3429      85429         14  0.000e+00
    149.816    -1.8155   2.708860    -1.8159   2.709081    7.72687    -0.0564    13.8155 0.0000e+00  -62.62133  -57.87550 1154600318 215.429613    34.3424      85430         14  0.000e+00
    149.739    -1.8154   2.708844    -1.8161   2.709104    7.72678    -0.0784    13.8155 0.0000e+00  -62.62133  -57.87550 1154600318 215.429613    34.3421      85431         14  0.000e+00
    149.816    -1.8158   2.708840    -1.8159   2.709122    7.72693    -0.0233    13.8155 0.0000e+00  -62.62133  -57.87550 1154600318 215.429614    34.3425      85432         14  0.000e+00
    149.749    -1.8157   2.708853    -1.8162   2.709099    7.72684    -0.0233    13.8155 0.0000e+00  -62.62133  -57.87550 1154600318 215.429614    34.3426      85433         14  0.000e+00
