product_data/regression_test/downloaded_data/MDGS/320620060703/ctd/p6620601.ros
* Sea-Bird SBE 9 Data File:
* FileName = D:\Data\Raw\p6620601.dat
* Software Version Seasave Win32 V 5.32
* Temperature SN = 1649
* Conductivity SN = 1431
* Number of Bytes Per Scan = 37
* Number of Voltage Words = 5
* Number of Scans Averaged by the Deck Unit = 1
* NMEA Latitude = 64 38.17 S
* NMEA Longitude = 062 48.64 W
* NMEA UTC (Time) = 02:52:19
** Ship:   Nathaniel B. Palmer 
** Cruise:    NBP0606 
# nquan = 17
# nvalues = 1176                    
# units = specified
# name 0 = prDM: Pressure, Digiquartz [db]
# name 1 = t090C: Temperature [ITS-90, deg C]
# name 2 = c0S/m: Conductivity [S/m]
# name 3 = t190C: Temperature, 2 [ITS-90, deg C]
# name 4 = c1S/m: Conductivity, 2 [S/m]
# name 5 = sbeox0ML/L: Oxygen, SBE 43 [ml/l]
# name 6 = flECO-AFL: Fluorescence, Wetlab ECO-AFL/FL [mg/m^3]
# name 7 = bat: Beam Attenuation, Chelsea/Seatech/Wetlab CStar [1/m]
# name 8 = spar: SPAR/Surface Irradiance
# name 9 = latitude: Latitude [deg]
# name 10 = longitude: Longitude [deg]
# name 11 = timeY: Time, System [seconds]
# name 12 = timeJ: Julian Days
# name 13 = sal00: Salinity [PSU]
# name 14 = scan: scan number
# name 15 = nbf: number of bottles fired
# name 16 = flag:  0.000e+00
# interval = seconds: 0.0416667                   
# start_time = Jul 29 2006 02:52:28
*END*
[from data line 86]
    368.775     0.1301   2.893393     0.1306   2.893683    5.89662    -0.1225    13.8155 0.0000e+00  -64.63617  -62.81067 1154142209 210.127449    34.4930      15928          2  0.000e+00
    368.803     0.1301   2.893373     0.1313   2.893695    5.89665    -0.1665    13.8155 0.0000e+00  -64.63617  -62.81067 1154142209 210.127450    34.4926      15929          2  0.000e+00
    368.775     0.1304   2.893403     0.1308   2.893671    5.89658    -0.1555    13.8155 0.0000e+00  -64.63617  -62.81067 1154142209 210.127450    34.4928      15930          2  0.000e+00
    368.803     0.1303   2.893379     0.1311   2.893701    5.89663    -0.0233    13.8155 0.0000e+00  -64.63617  -62.81067 1154142209 210.127451    34.4925      15931          2  0.000e+00
    368.775     0.1301   2.893403     0.1306   2.893701    5.89662    -0.0013    13.8155 0.0000e+00  -64.63617  -62.81067 1154142209 210.127451    34.4931      15932          2  0.000e+00
    368.803     0.1304   2.893416     0.1309   2.893671    5.89660    -0.0564    13.8155 0.0000e+00  -64.63617  -62.81067 1154142209 210.127452    34.4929      15933          2  0.000e+00
    368.775     0.1303   2.893416     0.1305   2.893701    5.89658    -0.1445    13.8155 0.0000e+00  -64.63617  -62.81067 1154142209 210.127452    34.4930      15934          2  0.000e+00
    368.803     0.1305   2.893413     0.1305   2.893701    5.89658    -0.1555    13.8155 0.0000e+00  -64.63617  -62.81067 1154142209 210.127453    34.4927      15935          2  0.000e+00
    368.775     0.1300   2.893433     0.1306   2.893718    5.89661    -0.0564    13.8155 0.0000e+00  -64.63617  -62.81067 1154142209 210.127453    34.4936      15936          2  0.000e+00
    368.803     0.1305   2.893440     0.1306   2.893701    5.89657    -0.0343    13.8155 0.0000e+00  -64.63617  -62.81067 1154142209 210.127454    34.4931      15937          2  0.000e+00
    368.851     0.1303   2.893403     0.1311   2.893695    5.89665    -0.0784    13.8155 0.0000e+00  -64.63617  -62.81067 1154142209 210.127454    34.4928      15938          2  0.000e+00
    368.804     0.1301   2.893426     0.1305   2.893712    5.89663    -0.0894    13.8155 0.0000e+00  -64.63617  -62.81067 1154142209 210.127455    34.4934      15939          2  0.000e+00
    300.171     0.1219   2.888724     0.1223   2.888986    5.90089    -0.1335    13.8155 0.0000e+00  -64.63617  -62.81067 1154142316 210.128688    34.4815      18497          3  0.000e+00
    300.190     0.1217   2.888734     0.1223   2.888986    5.90093    -0.1225    13.8155 0.0000e+00  -64.63617  -62.81067 1154142316 210.128689    34.4819      18498          3  0.000e+00
    300.028     0.1219   2.888720     0.1224   2.889003    5.90077    -0.1335    13.8155 0.0000e+00  -64.63617  -62.81067 1154142316 210.128689    34.4815      18499          3  0.000e+00
    300.238     0.1221   2.888727     0.1222   2.888968    5.90092    -0.0674    13.8155 0.0000e+00  -64.63617  -62.81067 1154142316 210.128690    34.4812      18500          3  0.000e+00
    300.123     0.1224   2.888720     0.1222   2.888974    5.90079     0.0097    13.8155 0.0000e+00  -64.63617  -62.81067 1154142316 210.128690    34.4809      18501          3  0.000e+00
    300.171     0.1222   2.888710     0.1225   2.888986    5.90086    -0.0013    13.8155 0.0000e+00  -64.63617  -62.81067 1154142316 210.128691    34.4809      18502          3  0.000e+00
    300.171     0.1223   2.888744     0.1223   2.888962    5.90083    -0.0564    13.8155 0.0000e+00  -64.63617  -62.81067 1154142316 210.128691    34.4813      18503          3  0.000e+00
    300.123     0.1221   2.888744     0.1224   2.888997    5.90082    -0.1445    13.8155 0.0000e+00  -64.63617  -62.81067 1154142316 210.128692    34.4816      18504          3  0.000e+00
    300.171     0.1221   2.888734     0.1222   2.888968    5.90086    -0.1114    13.8155 0.0000e+00  -64.63617  -62.81067 1154142316 210.128692    34.4814      18505          3  0.000e+00
    300.171     0.1217   2.888720     0.1223   2.888997    5.90091    -0.1335    13.8155 0.0000e+00  -64.63617  -62.81067 1154142316 210.128693    34.4816      18506          3  0.000e+00
    300.190     0.1218   2.888727     0.1219   2.889015    5.90091    -0.1225    13.8155 0.0000e+00  -64.63617  -62.81067 1154142316 210.128693    34.4816      18507          3  0.000e+00
    300.171     0.1217   2.888714     0.1223   2.888991    5.90091    -0.1004    13.8155 0.0000e+00  -64.63617  -62.81067 1154142316 210.128694    34.4815      18508          3  0.000e+00
    300.171     0.1217   2.888730     0.1224   2.888986    5.90091    -0.0454    13.8155 0.0000e+00  -64.63617  -62.81067 1154142317 210.128694    34.4818      18509          3  0.000e+00
    300.123     0.1221   2.888734     0.1223   2.889021    5.90082    -0.0454    13.8155 0.0000e+00  -64.63617  -62.81067 1154142317 210.128695    34.4815      18510          3  0.000e+00
    300.171     0.1223   2.888734     0.1218   2.889038    5.90084    -0.0233    13.8155 0.0000e+00  -64.63617  -62.81067 1154142317 210.128695    34.4812      18511          3  0.000e+00
    300.171     0.1224   2.888737     0.1226   2.889021    5.90082     0.0207    13.8155 0.0000e+00  -64.63617  -62.81067 1154142317 210.128696    34.4811      18512          3  0.000e+00
    300.124     0.1225   2.888717     0.1228   2.888968    5.90078    -0.0013    13.8155 0.0000e+00  -64.63617  -62.81067 1154142317 210.128696    34.4807      18513          3  0.000e+00
    300.171     0.1221   2.888697     0.1224   2.888997    5.90088    -0.0343    13.8155 0.0000e+00  -64.63617  -62.81067 1154142317 210.128696    34.4809      18514          3  0.000e+00
    300.171     0.1219   2.888724     0.1225   2.888991    5.90089    -0.1114    13.8155 0.0000e+00  -64.63617  -62.81067 1154142317 210.128697    34.4815      18515          3  0.000e+00
    300.124     0.1226   2.888734     0.1222   2.888986    5.90076    -0.1114    13.8155 0.0000e+00  -64.63617  -62.81067 1154142317 210.128697    34.4809      18516          3  0.000e+00
    300.171     0.1224   2.888704     0.1223   2.889003    5.90084    -0.0674    13.8155 0.0000e+00  -64.63617  -62.81067 1154142317 210.128698    34.4807      18517          3  0.000e+00
    300.171     0.1218   2.888740     0.1219   2.888991    5.90089    -0.0013    13.8155 0.0000e+00  -64.63617  -62.81067 1154142317 210.128698    34.4818      18518          3  0.000e+00
    300.191     0.1222   2.888727     0.1226   2.888986    5.90086    -0.0784    13.8155 0.0000e+00  -64.63617  -62.81067 1154142317 210.128699    34.4811      18519          3  0.000e+00
    300.095     0.1223   2.888693     0.1228   2.888985    5.90080    -0.1555    13.8155 0.0000e+00  -64.63617  -62.81067 1154142317 210.128699    34.4807      18520          3  0.000e+00
    300.171     0.1221   2.888720     0.1223   2.888986    5.90086    -0.1114    13.8155 0.0000e+00  -64.63617  -62.81067 1154142317 210.128700    34.4812      18521          3  0.000e+00
    300.191     0.1222   2.888704     0.1223   2.888986    5.89614    -0.0894    13.8155 0.0000e+00  -64.63617  -62.81067 1154142317 210.128700    34.4808      18522          3  0.000e+00
    300.172     0.1223   2.888724     0.1220   2.888986    5.90084    -0.0784    13.8155 0.0000e+00  -64.63617  -62.81067 1154142317 210.128701    34.4811      18523          3  0.000e+00
    300.095     0.1222   2.888714     0.1226   2.888985    5.90079    -0.0894    13.8155 0.0000e+00  -64.63617  -62.81067 1154142317 210.128701    34.4810      18524          3  0.000e+00
    300.172     0.1223   2.888730     0.1225   2.889003    5.90084    -0.0123    13.8155 0.0000e+00  -64.63617  -62.81067 1154142317 210.128702    34.4811      18525          3  0.000e+00
    300.191     0.1217   2.888717     0.1224   2.888968    5.90093    -0.0123    13.8155 0.0000e+00  -64.63617  -62.81067 1154142317 210.128702    34.4816      18526          3  0.000e+00
    300.172     0.1218   2.888730     0.1222   2.888974    5.90090    -0.0343    13.8155 0.0000e+00  -64.63617  -62.81067 1154142317 210.128703    34.4817      18527          3  0.000e+00
    300.172     0.1221   2.888717     0.1225   2.888962    5.90087    -0.0564    13.8155 0.0000e+00  -64.63617  -62.81067 1154142317 210.128703    34.4812      18528          3  0.000e+00
    300.124     0.1220   2.888727     0.1224   2.888974    5.90084    -0.0564    13.8155 0.0000e+00  -64.63617  -62.81067 1154142317 210.128704    34.4815      18529          3  0.000e+00
    300.172     0.1217   2.888720     0.1222   2.888986    5.90092    -0.0233    13.8155 0.0000e+00  -64.63617  -62.81067 1154142317 210.128704    34.4817      18530          3  0.000e+00
    300.172     0.1222   2.888710     0.1222   2.888962    5.90086     0.0318    13.8155 0.0000e+00  -64.63617  -62.81067 1154142317 210.128705    34.4809      18531          3  0.000e+00
    300.124     0.1217   2.888697     0.1224   2.888974    5.90089    -0.0343    13.8155 0.0000e+00  -64.63617  -62.81067 1154142317 210.128705    34.4814      18532          3  0.000e+00
    300.172     0.1217   2.888704     0.1223   2.888962    5.90092    -0.0564    13.8155 0.0000e+00  -64.63617  -62.81067 1154142318 210.128706    34.4814      18533          3  0.000e+00
    300.172     0.1218   2.888727     0.1228   2.888974    5.90090    -0.0784    13.8155 0.0000e+00  -64.63617  -62.81067 1154142318 210.128706    34.4816      18534          3  0.000e+00
    300.124     0.1219   2.888720     0.1224   2.888986    5.90085    -0.0454    13.8155 0.0000e+00  -64.63617  -62.81067 1154142318 210.128707    34.4814      18535          3  0.000e+00
    300.172     0.1215   2.888747     0.1226   2.888986    5.90092    -0.0454    13.8155 0.0000e+00  -64.63617  -62.81067 1154142318 210.128707    34.4823      18536          3  0.000e+00
    300.172     0.1221   2.888707     0.1222   2.888986    5.90088    -0.0564    13.8155 0.0000e+00  -64.63617  -62.81067 1154142318 210.128708    34.4811      18537          3  0.000e+00
    300.191     0.1220   2.888687     0.1222   2.889003    5.90091    -0.1225    13.8155 0.0000e+00  -64.63617  -62.81067 1154142318 210.128708    34.4809      18538          3  0.000e+00
    300.172     0.1218   2.888720     0.1223   2.888968    5.90090    -0.0674    13.8155 0.0000e+00  -64.63617  -62.81067 1154142318 210.128709    34.4815      18539          3  0.000e+00
    300.172     0.1222   2.888704     0.1218   2.888956    5.90086    -0.0343    13.8155 0.0000e+00  -64.63617  -62.81067 1154142318 210.128709    34.4808      18540          3  0.000e+00
    300.124     0.1221   2.888704     0.1222   2.888974    5.90083    -0.1114    13.8155 0.0000e+00  -64.63617  -62.81067 1154142318 210.128709    34.4810      18541          3  0.000e+00
    300.172     0.1221   2.888710     0.1220   2.888986    5.90088    -0.0564    13.8155 0.0000e+00  -64.63617  -62.81067 1154142318 210.128710    34.4811      18542          3  0.000e+00
    300.172     0.1218   2.888697     0.1222   2.888986    5.90091    -0.1445    13.8155 0.0000e+00  -64.63617  -62.81067 1154142318 210.128710    34.4812      18543          3  0.000e+00
    300.124     0.1219   2.888704     0.1225   2.888962    5.89612    -0.1665    13.8155 0.0000e+00  -64.63617  -62.81067 1154142318 210.128711    34.4812      18544          3  0.000e+00
    300.172     0.1217   2.888697     0.1222   2.888956    5.90093    -0.0123    13.8155 0.0000e+00  -64.63617  -62.81067 1154142318 210.128711    34.4814      18545          3  0.000e+00
    300.125     0.1217   2.888747     0.1223   2.889003    5.90086    -0.0123    13.8155 0.0000e+00  -64.63617  -62.81067 1154142321 210.128747    34.4820      18618          4  0.000e+00
    300.240     0.1217   2.888737     0.1223   2.888968    5.91517    -0.0233    13.8155 0.0000e+00  -64.63617  -62.81067 1154142321 210.128747    34.4819      18619          4  0.000e+00
    300.173     0.1219   2.888704     0.1224   2.888956    5.92458    -0.0894    13.8155 0.0000e+00  -64.63617  -62.81067 1154142321 210.128748    34.4812      18620          4  0.000e+00
    300.269     0.1220   2.888724     0.1226   2.888997    5.91990    -0.0894    13.8155 0.0000e+00  -64.63617  -62.81067 1154142321 210.128748    34.4813      18621          4  0.000e+00
    300.240     0.1214   2.888751     0.1222   2.888991    5.91993     0.0207    13.8155 0.0000e+00  -64.63617  -62.81067 1154142321 210.128749    34.4823      18622          4  0.000e+00
    300.173     0.1220   2.888727     0.1222   2.888962    5.91509     0.0207    13.8155 0.0000e+00  -64.63617  -62.81067 1154142321 210.128749    34.4814      18623          4  0.000e+00
    300.269     0.1213   2.888747     0.1223   2.888997    5.91523    -0.0784    13.8155 0.0000e+00  -64.63617  -62.81067 1154142321 210.128750    34.4824      18624          4  0.000e+00
    300.173     0.1216   2.888707     0.1222   2.888968    5.91040    -0.0894    13.8155 0.0000e+00  -64.63617  -62.81067 1154142321 210.128750    34.4816      18625          4  0.000e+00
    300.240     0.1218   2.888740     0.1220   2.888974    5.91515    -0.1665    13.8155 0.0000e+00  -64.63617  -62.81067 1154142321 210.128750    34.4818      18626          4  0.000e+00
    300.192     0.1217   2.888737     0.1219   2.888986    5.91039    -0.1445    13.8155 0.0000e+00  -64.63617  -62.81067 1154142321 210.128751    34.4818      18627          4  0.000e+00
    300.240     0.1217   2.888754     0.1220   2.888962    5.91516    -0.0013    13.8155 0.0000e+00  -64.63617  -62.81067 1154142321 210.128751    34.4821      18628          4  0.000e+00
    300.240     0.1224   2.888724     0.1220   2.888956    5.91509    -0.0123    13.8155 0.0000e+00  -64.63617  -62.81067 1154142322 210.128752    34.4809      18629          4  0.000e+00
    300.269     0.1220   2.888730     0.1218   2.888974    5.91516    -0.0123    13.8155 0.0000e+00  -64.63617  -62.81067 1154142322 210.128752    34.4814      18630          4  0.000e+00
    300.173     0.1217   2.888734     0.1218   2.888962    5.91511     0.0207    13.8155 0.0000e+00  -64.63617  -62.81067 1154142322 210.128753    34.4818      18631          4  0.000e+00
    300.240     0.1218   2.888714     0.1223   2.888974    5.91517    -0.0013    13.8155 0.0000e+00  -64.63617  -62.81067 1154142322 210.128753    34.4814      18632          4  0.000e+00
    300.269     0.1220   2.888751     0.1218   2.888962    5.91515    -0.0894    13.8155 0.0000e+00  -64.63617  -62.81067 1154142322 210.128754    34.4817      18633          4  0.000e+00
    300.240     0.1216   2.888740     0.1220   2.888974    5.91991    -0.0123    13.8155 0.0000e+00  -64.63617  -62.81067 1154142322 210.128754    34.4820      18634          4  0.000e+00
    300.173     0.1218   2.888734     0.1220   2.888962    5.91510    -0.0343    13.8155 0.0000e+00  -64.63617  -62.81067 1154142322 210.128755    34.4817      18635          4  0.000e+00
    300.240     0.1219   2.888737     0.1228   2.888974    5.91514    -0.0564    13.8155 0.0000e+00  -64.63617  -62.81067 1154142322 210.128755    34.4816      18636          4  0.000e+00
    300.269     0.1221   2.888734     0.1220   2.888986    5.91514    -0.1225    13.8155 0.0000e+00  -64.63617  -62.81067 1154142322 210.128756    34.4813      18637          4  0.000e+00
    300.240     0.1217   2.888720     0.1223   2.889003    5.91991    -0.0894    13.8155 0.0000e+00  -64.63617  -62.81067 1154142322 210.128756    34.4816      18638          4  0.000e+00
    300.240     0.1220   2.888747     0.1223   2.888991    5.91987     0.0207    13.8155 0.0000e+00  -64.63617  -62.81067 1154142322 210.128757    34.4817      18639          4  0.000e+00
    300.192     0.1216   2.888737     0.1222   2.888962    5.91514     0.0428    13.8155 0.0000e+00  -64.63617  -62.81067 1154142322 210.128757    34.4820      18640          4  0.000e+00
