product_data/regression_test/downloaded_data/MDGS/320620060703/ctd/p6620001.ros
* Sea-Bird SBE 9 Data File:
* FileName = D:\Data\Raw\p6620001.dat
* Software Version Seasave Win32 V 5.32
* Temperature SN = 1649
* Conductivity SN = 1431
* Number of Bytes Per Scan = 37
* Number of Voltage Words = 5
* Number of Scans Averaged by the Deck Unit = 1
* NMEA Latitude = 64 23.77 S
* NMEA Longitude = 062 08.95 W
* NMEA UTC (Time) = 23:36:48
** Ship:   Nathaniel B. Palmer 
** Cruise:    NBP0606 
# nquan = 17
# nvalues = 1176                    
# units = specified
# name 0 = prDM: Pressure, Digiquartz [db]
# name 1 = t090C: Temperature [ITS-90, deg C]
# name 2 = c0S/m: Conductivity [S/m]
# name 3 = t190C: Temperature, 2 [ITS-90, deg C]
# name 4 = c1S/m: Conductivity, 2 [S/m]
# name 5 = sbeox0ML/L: Oxygen, SBE 43 [ml/l]
# name 6 = flECO-AFL: Fluorescence, Wetlab ECO-AFL/FL [mg/m^3]
# name 7 = bat: Beam Attenuation, Chelsea/Seatech/Wetlab CStar [1/m]
# name 8 = spar: SPAR/Surface Irradiance
# name 9 = latitude: Latitude [deg]
# name 10 = longitude: Longitude [deg]
# name 11 = timeY: Time, System [seconds]
# name 12 = timeJ: Julian Days
# name 13 = sal00: Salinity [PSU]
# name 14 = scan: scan number
# name 15 = nbf: number of bottles fired
# name 16 = flag:  0.000e+00
# interval = seconds: 0.0416667                   
# start_time = Jul 27 2006 23:36:57
*END*
[from data line 1022]
     10.511    -0.7488   2.777661    -0.7491   2.777996    7.06967    -0.0343    13.8155 0.0000e+00  -64.39617  -62.14917 1154045388 209.006826    34.1551      47347         21  0.000e+00
     10.463    -0.7486   2.777684    -0.7488   2.778014    7.06492     0.0097    13.8155 0.0000e+00  -64.39617  -62.14917 1154045388 209.006826    34.1552      47348         21  0.000e+00
     10.511    -0.7487   2.777707    -0.7490   2.778002    7.06496    -0.0674    13.8155 0.0000e+00  -64.39617  -62.14917 1154045388 209.006827    34.1555      47349         21  0.000e+00
     10.463    -0.7486   2.777694    -0.7485   2.777973    7.06958    -0.0343    13.8155 0.0000e+00  -64.39617  -62.14917 1154045388 209.006827    34.1553      47350         21  0.000e+00
     10.511    -0.7486   2.777658    -0.7490   2.778008    7.06964    -0.1004    13.8155 0.0000e+00  -64.39617  -62.14917 1154045388 209.006828    34.1547      47351         21  0.000e+00
     10.435    -0.7486   2.777661    -0.7487   2.778002    7.06957    -0.1225    13.8155 0.0000e+00  -64.39617  -62.14917 1154045388 209.006828    34.1549      47352         21  0.000e+00
     10.540    -0.7486   2.777684    -0.7486   2.778014    7.06965    -0.0894    13.8155 0.0000e+00  -64.39617  -62.14917 1154045388 209.006829    34.1550      47353         21  0.000e+00
     10.513    -0.7494   2.777678    -0.7491   2.777991    7.06508    -0.0564    13.8155 0.0000e+00  -64.39617  -62.14917 1154045394 209.006894    34.1559      47489         22  0.000e+00
     10.541    -0.7488   2.777691    -0.7494   2.777991    7.06036    -0.1004    13.8155 0.0000e+00  -64.39617  -62.14917 1154045394 209.006895    34.1554      47490         22  0.000e+00
     10.579    -0.7484   2.777658    -0.7491   2.777973    7.06501    -0.0894    13.8155 0.0000e+00  -64.39617  -62.14917 1154045394 209.006895    34.1544      47491         22  0.000e+00
     10.579    -0.7488   2.777648    -0.7490   2.777985    7.06509    -0.0894    13.8155 0.0000e+00  -64.39617  -62.14917 1154045394 209.006896    34.1548      47492         22  0.000e+00
     10.541    -0.7488   2.777661    -0.7491   2.778014    7.06504    -0.0784    13.8155 0.0000e+00  -64.39617  -62.14917 1154045394 209.006896    34.1550      47493         22  0.000e+00
     10.646    -0.7488   2.777651    -0.7488   2.778002    7.06515    -0.0123    13.8155 0.0000e+00  -64.39617  -62.14917 1154045394 209.006897    34.1548      47494         22  0.000e+00
     10.541    -0.7491   2.777648    -0.7491   2.777996    7.06509     0.0097    13.8155 0.0000e+00  -64.39617  -62.14917 1154045394 209.006897    34.1552      47495         22  0.000e+00
     10.513    -0.7487   2.777678    -0.7491   2.777973    7.06032     0.0097    13.8155 0.0000e+00  -64.39617  -62.14917 1154045394 209.006898    34.1551      47496         22  0.000e+00
     10.579    -0.7485   2.777691    -0.7488   2.778008    7.06035    -0.0894    13.8155 0.0000e+00  -64.39617  -62.14917 1154045394 209.006898    34.1550      47497         22  0.000e+00
     10.541    -0.7484   2.777671    -0.7490   2.778002    7.06496    -0.0784    13.8155 0.0000e+00  -64.39617  -62.14917 1154045394 209.006899    34.1546      47498         22  0.000e+00
     10.579    -0.7490   2.777668    -0.7491   2.777996    7.06510    -0.0674    13.8155 0.0000e+00  -64.39617  -62.14917 1154045394 209.006899    34.1553      47499         22  0.000e+00
     10.513    -0.7484   2.777668    -0.7488   2.777973    7.06027    -0.0343    13.8155 0.0000e+00  -64.39617  -62.14917 1154045394 209.006900    34.1546      47500         22  0.000e+00
     10.608    -0.7487   2.777651    -0.7493   2.777967    7.06509    -0.0343    13.8155 0.0000e+00  -64.39617  -62.14917 1154045394 209.006900    34.1547      47501         22  0.000e+00
     10.513    -0.7488   2.777678    -0.7488   2.778002    7.06500    -0.1004    13.8155 0.0000e+00  -64.39617  -62.14917 1154045394 209.006901    34.1552      47502         22  0.000e+00
     10.513    -0.7488   2.777671    -0.7491   2.777979    7.06034    -0.1335    13.8155 0.0000e+00  -64.39617  -62.14917 1154045394 209.006901    34.1552      47503         22  0.000e+00
     10.541    -0.7488   2.777651    -0.7493   2.777985    7.06504    -0.1004    13.8155 0.0000e+00  -64.39617  -62.14917 1154045394 209.006902    34.1549      47504         22  0.000e+00
     10.513    -0.7486   2.777648    -0.7490   2.777973    7.06498    -0.1004    13.8155 0.0000e+00  -64.39617  -62.14917 1154045394 209.006902    34.1545      47505         22  0.000e+00
     10.541    -0.7482   2.777661    -0.7488   2.777985    7.06495    -0.0013    13.8155 0.0000e+00  -64.39617  -62.14917 1154045394 209.006902    34.1543      47506         22  0.000e+00
     10.513    -0.7488   2.777684    -0.7488   2.778014    7.06500    -0.0784    13.8155 0.0000e+00  -64.39617  -62.14917 1154045394 209.006903    34.1554      47507         22  0.000e+00
     10.580    -0.7485   2.777658    -0.7491   2.778025    7.06503    -0.1225    13.8155 0.0000e+00  -64.39617  -62.14917 1154045394 209.006903    34.1546      47508         22  0.000e+00
     10.465    -0.7487   2.777648    -0.7491   2.778002    7.06495    -0.0233    13.8155 0.0000e+00  -64.39617  -62.14917 1154045394 209.006904    34.1547      47509         22  0.000e+00
     10.513    -0.7484   2.777678    -0.7488   2.778014    7.06493     0.0648    13.8155 0.0000e+00  -64.39617  -62.14917 1154045394 209.006904    34.1547      47510         22  0.000e+00
     10.513    -0.7490   2.777658    -0.7489   2.777979    7.06504     0.0097    13.8155 0.0000e+00  -64.39617  -62.14917 1154045394 209.006905    34.1552      47511         22  0.000e+00
     10.542    -0.7488   2.777661    -0.7490   2.778008    7.06504    -0.1114    13.8155 0.0000e+00  -64.39617  -62.14917 1154045394 209.006905    34.1550      47512         22  0.000e+00
     10.513    -0.7487   2.777635    -0.7493   2.778002    7.06035    -0.1886    13.8155 0.0000e+00  -64.39617  -62.14917 1154045395 209.006906    34.1545      47513         22  0.000e+00
     10.437    -0.7485   2.777674    -0.7485   2.777973    7.06488    -0.1996    13.8155 0.0000e+00  -64.39617  -62.14917 1154045395 209.006906    34.1549      47514         22  0.000e+00
     10.542    -0.7484   2.777658    -0.7490   2.777985    7.06031    -0.0454    13.8155 0.0000e+00  -64.39617  -62.14917 1154045395 209.006907    34.1545      47515         22  0.000e+00
     10.437    -0.7490   2.777661    -0.7488   2.777991    7.06495    -0.0123    13.8155 0.0000e+00  -64.39617  -62.14917 1154045395 209.006907    34.1552      47516         22  0.000e+00
     10.513    -0.7492   2.777684    -0.7492   2.777973    7.06504    -0.0233    13.8155 0.0000e+00  -64.39617  -62.14917 1154045395 209.006908    34.1557      47517         22  0.000e+00
     10.465    -0.7488   2.777658    -0.7493   2.778008    7.06496    -0.0233    13.8155 0.0000e+00  -64.39617  -62.14917 1154045395 209.006908    34.1550      47518         22  0.000e+00
     10.513    -0.7490   2.777661    -0.7488   2.778002    7.06504     0.0428    13.8155 0.0000e+00  -64.39617  -62.14917 1154045395 209.006909    34.1552      47519         22  0.000e+00
     10.465    -0.7485   2.777668    -0.7490   2.777996    7.06025     0.0097    13.8155 0.0000e+00  -64.39617  -62.14917 1154045395 209.006909    34.1548      47520         22  0.000e+00
     10.437    -0.7487   2.777635    -0.7490   2.777996    7.06027     0.0538    13.8155 0.0000e+00  -64.39617  -62.14917 1154045395 209.006910    34.1546      47521         22  0.000e+00
     10.513    -0.7488   2.777655    -0.7488   2.778014    7.06035    -0.0013    13.8155 0.0000e+00  -64.39617  -62.14917 1154045395 209.006910    34.1549      47522         22  0.000e+00
     10.465    -0.7490   2.777635    -0.7490   2.778002    7.06034    -0.0233    13.8155 0.0000e+00  -64.39617  -62.14917 1154045395 209.006911    34.1549      47523         22  0.000e+00
     10.437    -0.7488   2.777655    -0.7491   2.777973    7.06494    -0.0123    13.8155 0.0000e+00  -64.39617  -62.14917 1154045395 209.006911    34.1550      47524         22  0.000e+00
     10.437    -0.7491   2.777635    -0.7490   2.777985    7.06033    -0.0343    13.8155 0.0000e+00  -64.39617  -62.14917 1154045395 209.006912    34.1551      47525         22  0.000e+00
     10.465    -0.7490   2.777641    -0.7490   2.777973    7.06500    -0.0233    13.8155 0.0000e+00  -64.39617  -62.14917 1154045395 209.006912    34.1550      47526         22  0.000e+00
     10.437    -0.7488   2.777648    -0.7490   2.778049    7.06494    -0.1225    13.8155 0.0000e+00  -64.39617  -62.14917 1154045395 209.006913    34.1549      47527         22  0.000e+00
     10.513    -0.7487   2.777628    -0.7489   2.778008    7.06035    -0.1114    13.8155 0.0000e+00  -64.39617  -62.14917 1154045395 209.006913    34.1544      47528         22  0.000e+00
     10.399    -0.7491   2.777655    -0.7487   2.777991    7.06028    -0.0894    13.8155 0.0000e+00  -64.39617  -62.14917 1154045395 209.006914    34.1554      47529         22  0.000e+00
     10.513    -0.7488   2.777668    -0.7490   2.777973    7.06501    -0.0894    13.8155 0.0000e+00  -64.39617  -62.14917 1154045395 209.006914    34.1551      47530         22  0.000e+00
     10.437    -0.7490   2.777618    -0.7488   2.778008    7.06498    -0.0013    13.8155 0.0000e+00  -64.39617  -62.14917 1154045395 209.006915    34.1546      47531         22  0.000e+00
     10.465    -0.7490   2.777635    -0.7493   2.778002    7.06501     0.0538    13.8155 0.0000e+00  -64.39617  -62.14917 1154045395 209.006915    34.1549      47532         22  0.000e+00
     10.437    -0.7490   2.777648    -0.7491   2.777973    7.06496    -0.0123    13.8155 0.0000e+00  -64.39617  -62.14917 1154045395 209.006916    34.1551      47533         22  0.000e+00
     10.399    -0.7488   2.777628    -0.7491   2.777985    7.06492    -0.0894    13.8155 0.0000e+00  -64.39617  -62.14917 1154045395 209.006916    34.1547      47534         22  0.000e+00
     10.513    -0.7491   2.777655    -0.7493   2.778014    7.06039    -0.0013    13.8155 0.0000e+00  -64.39617  -62.14917 1154045395 209.006916    34.1553      47535         22  0.000e+00
     10.437    -0.7487   2.777651    -0.7485   2.777979    7.06492    -0.0013    13.8155 0.0000e+00  -64.39617  -62.14917 1154045395 209.006917    34.1548      47536         22  0.000e+00
     10.466    -0.7493   2.777648    -0.7488   2.777967    7.06037    -0.0454    13.8155 0.0000e+00  -64.39617  -62.14917 1154045395 209.006917    34.1554      47537         22  0.000e+00
     10.372    -0.7494   2.777612    -0.7487   2.778008    7.06032    -0.0123    13.8155 0.0000e+00  -64.39617  -62.14917 1154045400 209.006967    34.1551      47639         23  0.000e+00
     10.467    -0.7487   2.777635    -0.7487   2.778014    7.06030    -0.0233    13.8155 0.0000e+00  -64.39617  -62.14917 1154045400 209.006967    34.1546      47640         23  0.000e+00
     10.305    -0.7490   2.777612    -0.7491   2.778025    7.06019    -0.0343    13.8155 0.0000e+00  -64.39617  -62.14917 1154045400 209.006968    34.1546      47641         23  0.000e+00
     10.372    -0.7490   2.777618    -0.7488   2.778025    7.06026    -0.0343    13.8155 0.0000e+00  -64.39617  -62.14917 1154045400 209.006968    34.1548      47642         23  0.000e+00
     10.467    -0.7486   2.777625    -0.7490   2.778002    7.06030    -0.0564    13.8155 0.0000e+00  -64.39617  -62.14917 1154045400 209.006969    34.1544      47643         23  0.000e+00
     10.372    -0.7486   2.777655    -0.7493   2.778008    7.06017    -0.1004    13.8155 0.0000e+00  -64.39617  -62.14917 1154045400 209.006969    34.1547      47644         23  0.000e+00
     10.372    -0.7490   2.777635    -0.7493   2.777979    7.06024    -0.1114    13.8155 0.0000e+00  -64.39617  -62.14917 1154045400 209.006970    34.1549      47645         23  0.000e+00
     10.400    -0.7486   2.777641    -0.7488   2.778025    7.06021    -0.0784    13.8155 0.0000e+00  -64.39617  -62.14917 1154045400 209.006970    34.1545      47646         23  0.000e+00
     10.372    -0.7485   2.777661    -0.7491   2.778031    7.06016    -0.0123    13.8155 0.0000e+00  -64.39617  -62.14917 1154045400 209.006970    34.1547      47647         23  0.000e+00
     10.372    -0.7493   2.777651    -0.7489   2.777979    7.06029    -0.0123    13.8155 0.0000e+00  -64.39617  -62.14917 1154045400 209.006971    34.1556      47648         23  0.000e+00
     10.334    -0.7488   2.777648    -0.7491   2.778008    7.06018    -0.0894    13.8155 0.0000e+00  -64.39617  -62.14917 1154045400 209.006971    34.1550      47649         23  0.000e+00
     10.372    -0.7484   2.777648    -0.7491   2.778002    7.06015    -0.0674    13.8155 0.0000e+00  -64.39617  -62.14917 1154045400 209.006972    34.1544      47650         23  0.000e+00
     10.305    -0.7488   2.777628    -0.7485   2.778014    7.06016    -0.1114    13.8155 0.0000e+00  -64.39617  -62.14917 1154045400 209.006972    34.1547      47651         23  0.000e+00
     10.401    -0.7492   2.777674    -0.7493   2.778002    7.06027    -0.1225    13.8155 0.0000e+00  -64.39617  -62.14917 1154045400 209.006973    34.1557      47652         23  0.000e+00
     10.305    -0.7486   2.777671    -0.7489   2.777996    7.06011    -0.1004    13.8155 0.0000e+00  -64.39617  -62.14917 1154045400 209.006973    34.1551      47653         23  0.000e+00
     10.401    -0.7490   2.777651    -0.7487   2.777996    7.06026    -0.0343    13.8155 0.0000e+00  -64.39617  -62.14917 1154045400 209.006974    34.1551      47654         23  0.000e+00
     10.305    -0.7490   2.777678    -0.7485   2.777996    7.06016     0.0097    13.8155 0.0000e+00  -64.39617  -62.14917 1154045400 209.006974    34.1556      47655         23  0.000e+00
     10.372    -0.7486   2.777658    -0.7490   2.777996    7.06018     0.0207    13.8155 0.0000e+00  -64.39617  -62.14917 1154045400 209.006975    34.1549      47656         23  0.000e+00
     10.334    -0.7490   2.777612    -0.7488   2.777991    7.06023    -0.0564    13.8155 0.0000e+00  -64.39617  -62.14917 1154045400 209.006975    34.1547      47657         23  0.000e+00
     10.305    -0.7485   2.777668    -0.7491   2.778031    7.06009    -0.0454    13.8155 0.0000e+00  -64.39617  -62.14917 1154045401 209.006976    34.1549      47658         23  0.000e+00
     10.305    -0.7487   2.777671    -0.7488   2.777985    7.06012    -0.0123    13.8155 0.0000e+00  -64.39617  -62.14917 1154045401 209.006976    34.1552      47659         23  0.000e+00
     10.334    -0.7484   2.777668    -0.7485   2.778008    7.06010     0.0428    13.8155 0.0000e+00  -64.39617  -62.14917 1154045401 209.006977    34.1547      47660         23  0.000e+00
     10.305    -0.7490   2.777651    -0.7487   2.778002    7.06018    -0.0123    13.8155 0.0000e+00  -64.39617  -62.14917 1154045401 209.006977    34.1552      47661         23  0.000e+00
     10.305    -0.7486   2.777661    -0.7487   2.777996    7.06012    -0.0784    13.8155 0.0000e+00  -64.39617  -62.14917 1154045401 209.006978    34.1550      47662         23  0.000e+00
     10.334    -0.7487   2.777668    -0.7490   2.778014    7.06015    -0.0674    13.8155 0.0000e+00  -64.39617  -62.14917 1154045401 209.006978    34.1551      47663         23  0.000e+00
     10.372    -0.7490   2.777635    -0.7484   2.777979    7.06024    -0.0674    13.8155 0.0000e+00  -64.39617  -62.14917 1154045401 209.006979    34.1549      47664         23  0.000e+00
     10.305    -0.7487   2.777655    -0.7487   2.778008    7.06013     0.0318    13.8155 0.0000e+00  -64.39617  -62.14917 1154045401 209.006979    34.1549      47665         23  0.000e+00
     10.258    -0.7484   2.777635    -0.7487   2.778002    7.06005     0.0207    13.8155 0.0000e+00  -64.39617  -62.14917 1154045401 209.006980    34.1543      47666         23  0.000e+00
