product_data/regression_test/downloaded_data/MDGS/320620060703/ctd/p6620501.cnv
* Sea-Bird SBE 9 Data File:
* FileName = D:\Data\Raw\p6620501.dat
* Software Version Seasave Win32 V 5.32
* Temperature SN = 1649
* Conductivity SN = 1431
* Number of Bytes Per Scan = 37
* Number of Voltage Words = 5
* Number of Scans Averaged by the Deck Unit = 1
* NMEA Latitude = 64 40.50 S
* NMEA Longitude = 062 44.93 W
* NMEA UTC (Time) = 01:32:47
** Ship:   Nathaniel B. Palmer 
** Cruise:    NBP0606 
# nquan = 15
# nvalues = 211                         
# units = specified
# name 0 = prDM: Pressure, Digiquartz [db]
# name 1 = t090C: Temperature [ITS-90, deg C]
# name 2 = c0S/m: Conductivity [S/m]
# name 3 = t190C: Temperature, 2 [ITS-90, deg C]
# name 4 = c1S/m: Conductivity, 2 [S/m]
# name 5 = sbeox0ML/L: Oxygen, SBE 43 [ml/l]
# name 6 = flECO-AFL: Fluorescence, Wetlab ECO-AFL/FL [mg/m^3]
# name 7 = bat: Beam Attenuation, Chelsea/Seatech/Wetlab CStar [1/m]
# name 8 = spar: SPAR/Surface Irradiance
# name 9 = latitude: Latitude [deg]
# name 10 = longitude: Longitude [deg]
# name 11 = timeY: Time, System [seconds]
# name 12 = timeJ: Julian Days
# name 13 = sal00: Salinity [PSU]
# name 14 = flag: flag
# span 0 =      2.000,    212.000       
# span 1 =    -0.6608,     0.0960       
# span 2 =   2.787732,   2.876450       
# span 3 =    -0.6616,     0.0971       
# span 4 =   2.788440,   2.876800       
# span 5 =    5.94232,    6.77689       
# span 6 =    -0.0164,     0.0747       
# span 7 =    13.8155,    13.8155       
# span 8 = 0.0000e+00, 0.0000e+00       
# span 9 =  -64.67500,  -64.67500       
# span 10 =  -62.74883,  -62.74883      
# span 11 = 1154136775, 1154137173      
# span 12 = 210.064536, 210.069159      
# span 13 =    34.1948,    34.4031      
# span 14 = 0.0000e+00, 0.0000e+00      
# interval = decibars: 1                
# start_time = Jul 29 2006 01:32:55
# bad_flag = -9.990e-29
*END*
      2.000    -0.6310   2.790245    -0.6268   2.791374    6.75335     0.0383    13.8155 0.0000e+00  -64.67500  -62.74883 1154136775 210.064536    34.1970 0.0000e+00
      3.000    -0.6608   2.787732    -0.6616   2.788440    6.76302     0.0747    13.8155 0.0000e+00  -64.67500  -62.74883 1154136785 210.064668    34.1971 0.0000e+00
      4.000    -0.6556   2.788225    -0.6568   2.788884    6.76364     0.0497    13.8155 0.0000e+00  -64.67500  -62.74883 1154136789 210.064709    34.1968 0.0000e+00
      5.000    -0.6580   2.788070    -0.6567   2.788906    6.76652     0.0621    13.8155 0.0000e+00  -64.67500  -62.74883 1154136792 210.064742    34.1968 0.0000e+00
      6.000    -0.6405   2.789614    -0.6409   2.790356    6.77233     0.0634    13.8155 0.0000e+00  -64.67500  -62.74883 1154136794 210.064776    34.1967 0.0000e+00
      7.000    -0.6462   2.789178    -0.6457   2.789940    6.77689     0.0509    13.8155 0.0000e+00  -64.67500  -62.74883 1154136797 210.064811    34.1969 0.0000e+00
      8.000    -0.6485   2.788991    -0.6489   2.789704    6.77484     0.0676    13.8155 0.0000e+00  -64.67500  -62.74883 1154136800 210.064845    34.1965 0.0000e+00
      9.000    -0.6532   2.788662    -0.6539   2.789312    6.77443     0.0513    13.8155 0.0000e+00  -64.67500  -62.74883 1154136803 210.064879    34.1967 0.0000e+00
     10.000    -0.6565   2.788417    -0.6569   2.789103    6.77214     0.0527    13.8155 0.0000e+00  -64.67500  -62.74883 1154136806 210.064911    34.1965 0.0000e+00
     11.000    -0.6413   2.789684    -0.6425   2.790225    6.76611     0.0446    13.8155 0.0000e+00  -64.67500  -62.74883 1154136809 210.064942    34.1954 0.0000e+00
     12.000    -0.6318   2.790500    -0.6317   2.791174    6.76213     0.0647    13.8155 0.0000e+00  -64.67500  -62.74883 1154136812 210.064975    34.1948 0.0000e+00
     13.000    -0.6341   2.790352    -0.6363   2.790856    6.76476     0.0509    13.8155 0.0000e+00  -64.67500  -62.74883 1154136814 210.065007    34.1951 0.0000e+00
     14.000    -0.6329   2.790491    -0.6324   2.791217    6.76606     0.0558    13.8155 0.0000e+00  -64.67500  -62.74883 1154136817 210.065042    34.1950 0.0000e+00
     15.000    -0.6327   2.790561    -0.6315   2.791332    6.76140     0.0540    13.8155 0.0000e+00  -64.67500  -62.74883 1154136820 210.065076    34.1952 0.0000e+00
     16.000    -0.6253   2.791247    -0.6244   2.791975    6.75022     0.0488    13.8155 0.0000e+00  -64.67500  -62.74883 1154136823 210.065109    34.1953 0.0000e+00
     17.000    -0.6288   2.791018    -0.6295   2.791645    6.75767     0.0342    13.8155 0.0000e+00  -64.67500  -62.74883 1154136826 210.065142    34.1957 0.0000e+00
     18.000    -0.6243   2.791497    -0.6206   2.792482    6.76113     0.0467    13.8155 0.0000e+00  -64.67500  -62.74883 1154136829 210.065174    34.1965 0.0000e+00
     19.000    -0.6221   2.791738    -0.6280   2.791957    6.75653     0.0427    13.8155 0.0000e+00  -64.67500  -62.74883 1154136832 210.065207    34.1964 0.0000e+00
     20.000    -0.6288   2.791264    -0.6248   2.792234    6.75750     0.0449    13.8155 0.0000e+00  -64.67500  -62.74883 1154136834 210.065239    34.1974 0.0000e+00
     21.000    -0.6247   2.791645    -0.6240   2.792311    6.75170     0.0506    13.8155 0.0000e+00  -64.67500  -62.74883 1154136837 210.065272    34.1970 0.0000e+00
     22.000    -0.6209   2.791918    -0.6207   2.792583    6.75089     0.0528    13.8155 0.0000e+00  -64.67500  -62.74883 1154136840 210.065305    34.1958 0.0000e+00
     23.000    -0.6176   2.792286    -0.6172   2.792932    6.75044     0.0479    13.8155 0.0000e+00  -64.67500  -62.74883 1154136843 210.065336    34.1964 0.0000e+00
     24.000    -0.6145   2.792618    -0.6160   2.793141    6.74927     0.0487    13.8155 0.0000e+00  -64.67500  -62.74883 1154136846 210.065368    34.1967 0.0000e+00
     25.000    -0.6208   2.792059    -0.6217   2.792634    6.75219     0.0458    13.8155 0.0000e+00  -64.67500  -62.74883 1154136848 210.065399    34.1959 0.0000e+00
     26.000    -0.6154   2.792626    -0.6176   2.793040    6.75333     0.0400    13.8155 0.0000e+00  -64.67500  -62.74883 1154136851 210.065431    34.1967 0.0000e+00
     27.000    -0.6170   2.792511    -0.6166   2.793152    6.75302     0.0462    13.8155 0.0000e+00  -64.67500  -62.74883 1154136854 210.065463    34.1963 0.0000e+00
     28.000    -0.6137   2.792881    -0.6178   2.793189    6.74344     0.0494    13.8155 0.0000e+00  -64.67500  -62.74883 1154136856 210.065495    34.1969 0.0000e+00
     29.000    -0.6044   2.793801    -0.6068   2.794126    6.74577     0.0618    13.8155 0.0000e+00  -64.67500  -62.74883 1154136859 210.065525    34.1983 0.0000e+00
     30.000    -0.5789   2.796123    -0.5799   2.796552    6.73389     0.0413    13.8155 0.0000e+00  -64.67500  -62.74883 1154136861 210.065549    34.1994 0.0000e+00
     31.000    -0.6052   2.793785    -0.6082   2.794226    6.74265     0.0557    13.8155 0.0000e+00  -64.67500  -62.74883 1154136863 210.065573    34.1975 0.0000e+00
     32.000    -0.5994   2.794406    -0.6031   2.794630    6.74080     0.0582    13.8155 0.0000e+00  -64.67500  -62.74883 1154136865 210.065595    34.1991 0.0000e+00
     33.000    -0.6038   2.793997    -0.6012   2.794934    6.74299     0.0578    13.8155 0.0000e+00  -64.67500  -62.74883 1154136867 210.065619    34.1975 0.0000e+00
     34.000    -0.6057   2.793924    -0.6034   2.794654    6.74420     0.0486    13.8155 0.0000e+00  -64.67500  -62.74883 1154136869 210.065642    34.1985 0.0000e+00
     35.000    -0.6023   2.794250    -0.6026   2.794832    6.74366     0.0606    13.8155 0.0000e+00  -64.67500  -62.74883 1154136871 210.065666    34.1982 0.0000e+00
     36.000    -0.5968   2.794784    -0.5969   2.795347    6.74093     0.0623    13.8155 0.0000e+00  -64.67500  -62.74883 1154136873 210.065689    34.1986 0.0000e+00
     37.000    -0.5917   2.795290    -0.5875   2.796245    6.73562     0.0504    13.8155 0.0000e+00  -64.67500  -62.74883 1154136875 210.065710    34.1991 0.0000e+00
     38.000    -0.6061   2.794073    -0.6018   2.795080    6.73997     0.0306    13.8155 0.0000e+00  -64.67500  -62.74883 1154136877 210.065733    34.1986 0.0000e+00
     39.000    -0.5975   2.794878    -0.5973   2.795421    6.73983     0.0492    13.8155 0.0000e+00  -64.67500  -62.74883 1154136879 210.065756    34.1989 0.0000e+00
     40.000    -0.5986   2.794811    -0.5971   2.795497    6.73405     0.0497    13.8155 0.0000e+00  -64.67500  -62.74883 1154136881 210.065779    34.1986 0.0000e+00
     41.000    -0.5942   2.795255    -0.5948   2.795748    6.73646     0.0420    13.8155 0.0000e+00  -64.67500  -62.74883 1154136883 210.065801    34.1989 0.0000e+00
     42.000    -0.6016   2.794635    -0.6011   2.795218    6.73830     0.0580    13.8155 0.0000e+00  -64.67500  -62.74883 1154136885 210.065825    34.1986 0.0000e+00
     43.000    -0.5901   2.795693    -0.5907   2.796183    6.73982     0.0579    13.8155 0.0000e+00  -64.67500  -62.74883 1154136887 210.065847    34.1988 0.0000e+00
     44.000    -0.5979   2.795079    -0.5912   2.796129    6.73825     0.0483    13.8155 0.0000e+00  -64.67500  -62.74883 1154136889 210.065870    34.1990 0.0000e+00
     45.000    -0.5659   2.797984    -0.5674   2.798484    6.72866     0.0510    13.8155 0.0000e+00  -64.67500  -62.74883 1154136891 210.065893    34.2001 0.0000e+00
     46.000    -0.5866   2.796224    -0.5819   2.797084    6.71980     0.0488    13.8155 0.0000e+00  -64.67500  -62.74883 1154136893 210.065915    34.2006 0.0000e+00
     47.000    -0.5519   2.799367    -0.5433   2.800638    6.70475     0.0447    13.8155 0.0000e+00  -64.67500  -62.74883 1154136896 210.065938    34.2019 0.0000e+00
     48.000    -0.5688   2.797915    -0.5644   2.798835    6.70642     0.0457    13.8155 0.0000e+00  -64.67500  -62.74883 1154136897 210.065962    34.2017 0.0000e+00
     49.000    -0.5546   2.799295    -0.5414   2.800918    6.69712     0.0489    13.8155 0.0000e+00  -64.67500  -62.74883 1154136899 210.065985    34.2031 0.0000e+00
     50.000    -0.5304   2.801475    -0.5360   2.801536    6.69089     0.0528    13.8155 0.0000e+00  -64.67500  -62.74883 1154136901 210.066008    34.2037 0.0000e+00
     51.000    -0.5453   2.800222    -0.5413   2.801126    6.69100     0.0570    13.8155 0.0000e+00  -64.67500  -62.74883 1154136903 210.066031    34.2038 0.0000e+00
     52.000    -0.5556   2.799346    -0.5479   2.800604    6.68503     0.0412    13.8155 0.0000e+00  -64.67500  -62.74883 1154136905 210.066054    34.2035 0.0000e+00
     53.000    -0.5769   2.797434    -0.5746   2.798152    6.68345     0.0335    13.8155 0.0000e+00  -64.67500  -62.74883 1154136907 210.066077    34.2022 0.0000e+00
     54.000    -0.5414   2.800801    -0.5354   2.801712    6.67096     0.0531    13.8155 0.0000e+00  -64.67500  -62.74883 1154136909 210.066100    34.2059 0.0000e+00
     55.000    -0.4691   2.807568    -0.4724   2.807639    6.64838     0.0523    13.8155 0.0000e+00  -64.67500  -62.74883 1154136911 210.066123    34.2123 0.0000e+00
     56.000    -0.4563   2.808835    -0.4583   2.809043    6.62409     0.0399    13.8155 0.0000e+00  -64.67500  -62.74883 1154136913 210.066145    34.2144 0.0000e+00
     57.000    -0.4428   2.810221    -0.4418   2.810733    6.60328     0.0449    13.8155 0.0000e+00  -64.67500  -62.74883 1154136915 210.066169    34.2174 0.0000e+00
     58.000    -0.4404   2.810514    -0.4408   2.810887    6.58663     0.0497    13.8155 0.0000e+00  -64.67500  -62.74883 1154136917 210.066192    34.2186 0.0000e+00
     59.000    -0.4189   2.812731    -0.4244   2.812582    6.54456     0.0485    13.8155 0.0000e+00  -64.67500  -62.74883 1154136919 210.066215    34.2232 0.0000e+00
     60.000    -0.4177   2.812932    -0.4178   2.813334    6.52220     0.0536    13.8155 0.0000e+00  -64.67500  -62.74883 1154136921 210.066239    34.2244 0.0000e+00
     61.000    -0.2127   2.832903    -0.2173   2.832207    6.44648     0.0435    13.8155 0.0000e+00  -64.67500  -62.74883 1154136923 210.066262    34.2555 0.0000e+00
     62.000    -0.1725   2.836597    -0.1718   2.836965    6.38006     0.0206    13.8155 0.0000e+00  -64.67500  -62.74883 1154136925 210.066286    34.2579 0.0000e+00
     63.000    -0.1703   2.836842    -0.1657   2.837550    6.33885     0.0209    13.8155 0.0000e+00  -64.67500  -62.74883 1154136927 210.066309    34.2598 0.0000e+00
     64.000    -0.1079   2.842869    -0.1049   2.843428    6.30220     0.0355    13.8155 0.0000e+00  -64.67500  -62.74883 1154136929 210.066332    34.2690 0.0000e+00
     65.000    -0.1014   2.843457    -0.1005   2.843870    6.27783     0.0406    13.8155 0.0000e+00  -64.67500  -62.74883 1154136931 210.066355    34.2699 0.0000e+00
     66.000    -0.1021   2.843450    -0.1009   2.843917    6.26592     0.0180    13.8155 0.0000e+00  -64.67500  -62.74883 1154136933 210.066378    34.2711 0.0000e+00
     67.000    -0.1034   2.843408    -0.1030   2.843824    6.25955     0.0478    13.8155 0.0000e+00  -64.67500  -62.74883 1154136935 210.066401    34.2723 0.0000e+00
     68.000    -0.1042   2.843380    -0.1028   2.843869    6.25562     0.0130    13.8155 0.0000e+00  -64.67500  -62.74883 1154136937 210.066424    34.2729 0.0000e+00
     69.000    -0.1051   2.843374    -0.1044   2.843815    6.25286     0.0309    13.8155 0.0000e+00  -64.67500  -62.74883 1154136939 210.066448    34.2738 0.0000e+00
     70.000    -0.1070   2.843310    -0.1064   2.843734    6.25375     0.0251    13.8155 0.0000e+00  -64.67500  -62.74883 1154136941 210.066471    34.2749 0.0000e+00
     71.000    -0.1071   2.843397    -0.1059   2.843877    6.25412     0.0287    13.8155 0.0000e+00  -64.67500  -62.74883 1154136943 210.066494    34.2758 0.0000e+00
     72.000    -0.1045   2.843686    -0.1050   2.844016    6.25046     0.0322    13.8155 0.0000e+00  -64.67500  -62.74883 1154136945 210.066517    34.2763 0.0000e+00
     73.000    -0.0991   2.844260    -0.0985   2.844674    6.24256     0.0366    13.8155 0.0000e+00  -64.67500  -62.74883 1154136947 210.066540    34.2772 0.0000e+00
     74.000    -0.0966   2.844591    -0.0951   2.845066    6.23847     0.0336    13.8155 0.0000e+00  -64.67500  -62.74883 1154136949 210.066564    34.2783 0.0000e+00
     75.000    -0.0928   2.845010    -0.0917   2.845466    6.23663     0.0180    13.8155 0.0000e+00  -64.67500  -62.74883 1154136951 210.066586    34.2791 0.0000e+00
     76.000    -0.0876   2.845740    -0.0867   2.846196    6.22856     0.0354    13.8155 0.0000e+00  -64.67500  -62.74883 1154136953 210.066610    34.2823 0.0000e+00
     77.000    -0.0883   2.845829    -0.0873   2.846283    6.22560     0.0296    13.8155 0.0000e+00  -64.67500  -62.74883 1154136955 210.066633    34.2837 0.0000e+00
     78.000    -0.0880   2.845906    -0.0872   2.846370    6.22385     0.0150    13.8155 0.0000e+00  -64.67500  -62.74883 1154136957 210.066656    34.2839 0.0000e+00
     79.000    -0.0879   2.846116    -0.0868   2.846566    6.21508     0.0360    13.8155 0.0000e+00  -64.67500  -62.74883 1154136959 210.066678    34.2860 0.0000e+00
     80.000    -0.0870   2.846527    -0.0861   2.846984    6.20649     0.0134    13.8155 0.0000e+00  -64.67500  -62.74883 1154136961 210.066701    34.2899 0.0000e+00
     81.000    -0.0843   2.846926    -0.0841   2.847265    6.19904     0.0221    13.8155 0.0000e+00  -64.67500  -62.74883 1154136963 210.066724    34.2916 0.0000e+00
     82.000    -0.0665   2.849294    -0.0629   2.850013    6.18460     0.0249    13.8155 0.0000e+00  -64.67500  -62.74883 1154136965 210.066747    34.3022 0.0000e+00
     83.000    -0.0592   2.850362    -0.0582   2.850791    6.17228     0.0179    13.8155 0.0000e+00  -64.67500  -62.74883 1154136967 210.066769    34.3073 0.0000e+00
     84.000    -0.0533   2.851300    -0.0519   2.851765    6.16063     0.0399    13.8155 0.0000e+00  -64.67500  -62.74883 1154136969 210.066792    34.3126 0.0000e+00
     85.000    -0.0532   2.851390    -0.0520   2.851849    6.15596     0.0189    13.8155 0.0000e+00  -64.67500  -62.74883 1154136971 210.066815    34.3132 0.0000e+00
     86.000    -0.0507   2.851701    -0.0498   2.852120    6.15187     0.0230    13.8155 0.0000e+00  -64.67500  -62.74883 1154136972 210.066837    34.3138 0.0000e+00
     87.000    -0.0520   2.851584    -0.0510   2.852035    6.15110     0.0074    13.8155 0.0000e+00  -64.67500  -62.74883 1154136974 210.066860    34.3134 0.0000e+00
     88.000    -0.0523   2.851581    -0.0514   2.852002    6.15238     0.0280    13.8155 0.0000e+00  -64.67500  -62.74883 1154136976 210.066883    34.3132 0.0000e+00
     89.000    -0.0526   2.851588    -0.0513   2.852063    6.14772     0.0243    13.8155 0.0000e+00  -64.67500  -62.74883 1154136978 210.066906    34.3131 0.0000e+00
     90.000    -0.0531   2.851546    -0.0517   2.852016    6.14742     0.0221    13.8155 0.0000e+00  -64.67500  -62.74883 1154136980 210.066929    34.3125 0.0000e+00
     91.000    -0.0528   2.851617    -0.0519   2.852024    6.15244     0.0073    13.8155 0.0000e+00  -64.67500  -62.74883 1154136982 210.066951    34.3125 0.0000e+00
     92.000    -0.0529   2.851661    -0.0517   2.852110    6.15046     0.0163    13.8155 0.0000e+00  -64.67500  -62.74883 1154136984 210.066973    34.3127 0.0000e+00
     93.000    -0.0533   2.851668    -0.0522   2.852102    6.14596     0.0309    13.8155 0.0000e+00  -64.67500  -62.74883 1154136986 210.066996    34.3126 0.0000e+00
     94.000    -0.0540   2.851616    -0.0530   2.852049    6.14662     0.0229    13.8155 0.0000e+00  -64.67500  -62.74883 1154136988 210.067019    34.3121 0.0000e+00
     95.000    -0.0554   2.851497    -0.0543   2.851918    6.14573     0.0301    13.8155 0.0000e+00  -64.67500  -62.74883 1154136990 210.067041    34.3115 0.0000e+00
     96.000    -0.0553   2.851553    -0.0543   2.851982    6.14455     0.0190    13.8155 0.0000e+00  -64.67500  -62.74883 1154136992 210.067064    34.3116 0.0000e+00
     97.000    -0.0553   2.851638    -0.0540   2.852089    6.14447     0.0302    13.8155 0.0000e+00  -64.67500  -62.74883 1154136994 210.067087    34.3121 0.0000e+00
