product_data/regression_test/downloaded_data/MDGS/320620060703/ctd/p6621105.ros
* Sea-Bird SBE 9 Data File:
* FileName = D:\Data\Raw\p6621105.dat
* Software Version Seasave Win32 V 5.32
* Temperature SN = 1649
* Conductivity SN = 1431
* Number of Bytes Per Scan = 37
* Number of Voltage Words = 5
* Number of Scans Averaged by the Deck Unit = 1
* NMEA Latitude = 63 47.00 S
* NMEA Longitude = 060 13.15 W
* NMEA UTC (Time) = 17:09:33
** Ship:   Nathaniel B. Palmer 
** Cruise:    NBP0606 
# nquan = 17
# nvalues = 1176                    
# units = specified
# name 0 = prDM: Pressure, Digiquartz [db]
# name 1 = t090C: Temperature [ITS-90, deg C]
# name 2 = c0S/m: Conductivity [S/m]
# name 3 = t190C: Temperature, 2 [ITS-90, deg C]
# name 4 = c1S/m: Conductivity, 2 [S/m]
# name 5 = sbeox0ML/L: Oxygen, SBE 43 [ml/l]
# name 6 = flECO-AFL: Fluorescence, Wetlab ECO-AFL/FL [mg/m^3]
# name 7 = bat: Beam Attenuation, Chelsea/Seatech/Wetlab CStar [1/m]
# name 8 = spar: SPAR/Surface Irradiance
# name 9 = latitude: Latitude [deg]
# name 10 = longitude: Longitude [deg]
# name 11 = timeY: Time, System [seconds]
# name 12 = timeJ: Julian Days
# name 13 = sal00: Salinity [PSU]
# name 14 = scan: scan number
# name 15 = nbf: number of bottles fired
# name 16 = flag:  0.000e+00
# interval = seconds: 0.0416667                   
# start_time = Jul 31 2006 17:09:41
*END*
[from data line 171]
    300.604    -1.4321   2.750582    -1.4312   2.750880    7.28591    -0.0233    13.8155 8.4939e+02  -63.78333  -60.21917 1154366385 212.722060    34.3835      14521          4  0.000e+00
    300.652    -1.4321   2.750553    -1.4312   2.750857    7.28599    -0.0233    13.8155 8.4939e+02  -63.78333  -60.21917 1154366385 212.722061    34.3831      14522          4  0.000e+00
    300.576    -1.4320   2.750576    -1.4309   2.750862    7.28588    -0.0674    13.8155 8.4939e+02  -63.78333  -60.21917 1154366385 212.722061    34.3833      14523          4  0.000e+00
    300.604    -1.4321   2.750540    -1.4309   2.750851    7.28594    -0.0894    13.8155 8.4939e+02  -63.78333  -60.21917 1154366385 212.722062    34.3829      14524          4  0.000e+00
    300.652    -1.4319   2.750573    -1.4315   2.750862    7.28594    -0.0674    13.8155 8.4939e+02  -63.78333  -60.21917 1154366385 212.722062    34.3831      14525          4  0.000e+00
    300.576    -1.4321   2.750553    -1.4315   2.750868    7.28592    -0.0674    13.8155 8.4939e+02  -63.78333  -60.21917 1154366385 212.722063    34.3832      14526          4  0.000e+00
    300.537    -1.4325   2.750523    -1.4313   2.750828    7.28595    -0.1555    13.8155 8.4939e+02  -63.78333  -60.21917 1154366385 212.722063    34.3832      14527          4  0.000e+00
    300.576    -1.4323   2.750553    -1.4312   2.750816    7.28594    -0.0454    13.8155 8.4939e+02  -63.78333  -60.21917 1154366385 212.722064    34.3834      14528          4  0.000e+00
    300.576    -1.4322   2.750566    -1.4322   2.750816    7.28592    -0.0894    13.8155 8.4744e+02  -63.78333  -60.21917 1154366385 212.722064    34.3834      14529          4  0.000e+00
    300.604    -1.4326   2.750533    -1.4318   2.750816    7.28603    -0.0674    13.8155 8.4744e+02  -63.78333  -60.21917 1154366385 212.722065    34.3834      14530          4  0.000e+00
    300.576    -1.4325   2.750520    -1.4316   2.750781    7.28599    -0.0123    13.8155 8.4939e+02  -63.78333  -60.21917 1154366385 212.722065    34.3831      14531          4  0.000e+00
    300.509    -1.4325   2.750487    -1.4321   2.750781    7.28595    -0.0454    13.8155 8.4939e+02  -63.78333  -60.21917 1154366385 212.722065    34.3828      14532          4  0.000e+00
    300.537    -1.4328   2.750477    -1.4322   2.750770    7.28602    -0.1114    13.8155 8.4939e+02  -63.78333  -60.21917 1154366385 212.722066    34.3829      14533          4  0.000e+00
    300.576    -1.4329   2.750458    -1.4319   2.750782    7.28610    -0.1225    13.8155 8.4939e+02  -63.78333  -60.21917 1154366385 212.722066    34.3828      14534          4  0.000e+00
    300.509    -1.4331   2.750422    -1.4322   2.750747    7.28609    -0.1114    13.8155 8.4939e+02  -63.78333  -60.21917 1154366385 212.722067    34.3826      14535          4  0.000e+00
    300.537    -1.4332   2.750428    -1.4330   2.750735    7.28612    -0.1445    13.8155 8.4939e+02  -63.78333  -60.21917 1154366385 212.722067    34.3827      14536          4  0.000e+00
    300.509    -1.4336   2.750431    -1.4330   2.750735    7.28615    -0.0564    13.8155 8.4939e+02  -63.78333  -60.21917 1154366385 212.722068    34.3832      14537          4  0.000e+00
    300.509    -1.4334   2.750415    -1.4326   2.750701    7.28613    -0.0343    13.8155 8.4939e+02  -63.78333  -60.21917 1154366385 212.722068    34.3828      14538          4  0.000e+00
    300.461    -1.4340   2.750412    -1.4332   2.750683    7.28618    -0.0454    13.8155 8.4939e+02  -63.78333  -60.21917 1154366385 212.722069    34.3835      14539          4  0.000e+00
    300.509    -1.4336   2.750363    -1.4330   2.750701    7.28620    -0.0343    13.8155 8.4939e+02  -63.78333  -60.21917 1154366385 212.722069    34.3823      14540          4  0.000e+00
    300.509    -1.4349   2.750326    -1.4333   2.750712    7.28642    -0.0343    13.8155 8.4939e+02  -63.78333  -60.21917 1154366385 212.722070    34.3833      14541          4  0.000e+00
    300.461    -1.4351   2.750323    -1.4337   2.750672    7.28640    -0.0564    13.8155 8.4939e+02  -63.78333  -60.21917 1154366385 212.722070    34.3835      14542          4  0.000e+00
    300.432    -1.4348   2.750287    -1.4335   2.750677    7.28636    -0.0343    13.8155 8.4939e+02  -63.78333  -60.21917 1154366385 212.722071    34.3827      14543          4  0.000e+00
    300.432    -1.4352   2.750294    -1.4333   2.750666    7.28641    -0.0564    13.8155 8.4939e+02  -63.78333  -60.21917 1154366386 212.722071    34.3832      14544          4  0.000e+00
    300.461    -1.4351   2.750280    -1.4338   2.750660    7.28644    -0.1114    13.8155 8.4939e+02  -63.78333  -60.21917 1154366386 212.722072    34.3829      14545          4  0.000e+00
    250.181    -1.5636   2.736223    -1.5623   2.736506    7.38716    -0.0123    13.8155 8.3965e+02  -63.78333  -60.21917 1154366495 212.723337    34.3681      17168          5  0.000e+00
    249.980    -1.5636   2.736216    -1.5625   2.736517    7.38696     0.0207    13.8155 8.3965e+02  -63.78333  -60.21917 1154366495 212.723337    34.3682      17169          5  0.000e+00
    250.114    -1.5628   2.736245    -1.5629   2.736494    7.38696     0.0097    13.8155 8.3965e+02  -63.78333  -60.21917 1154366495 212.723338    34.3676      17170          5  0.000e+00
    250.114    -1.5636   2.736259    -1.5631   2.736506    7.38707    -0.0894    13.8155 8.3965e+02  -63.78333  -60.21917 1154366495 212.723338    34.3687      17171          5  0.000e+00
    250.038    -1.5630   2.736222    -1.5626   2.736517    7.38692    -0.1114    13.8155 8.3965e+02  -63.78333  -60.21917 1154366495 212.723339    34.3675      17172          5  0.000e+00
    250.047    -1.5633   2.736226    -1.5629   2.736500    7.38697    -0.0343    13.8155 8.3965e+02  -63.78333  -60.21917 1154366495 212.723339    34.3679      17173          5  0.000e+00
    250.047    -1.5628   2.736252    -1.5632   2.736552    7.38689    -0.1225    13.8155 8.3965e+02  -63.78333  -60.21917 1154366495 212.723340    34.3677      17174          5  0.000e+00
    250.114    -1.5633   2.736259    -1.5620   2.736604    7.38702    -0.0894    13.8155 8.3965e+02  -63.78333  -60.21917 1154366495 212.723340    34.3683      17175          5  0.000e+00
    250.047    -1.5631   2.736259    -1.5614   2.736621    7.38693     0.0207    13.8155 8.3770e+02  -63.78333  -60.21917 1154366495 212.723341    34.3682      17176          5  0.000e+00
    250.114    -1.5633   2.736259    -1.5615   2.736656    7.38702     0.0758    13.8155 8.3770e+02  -63.78333  -60.21917 1154366495 212.723341    34.3683      17177          5  0.000e+00
    250.047    -1.5633   2.736272    -1.5617   2.736656    7.38694     0.0207    13.8155 8.3965e+02  -63.78333  -60.21917 1154366495 212.723342    34.3686      17178          5  0.000e+00
    250.038    -1.5636   2.736245    -1.5617   2.736667    7.38700     0.0097    13.8155 8.3965e+02  -63.78333  -60.21917 1154366495 212.723342    34.3685      17179          5  0.000e+00
    250.048    -1.5631   2.736236    -1.5603   2.736748    7.38694     0.0097    13.8155 8.3965e+02  -63.78333  -60.21917 1154366495 212.723342    34.3679      17180          5  0.000e+00
    250.114    -1.5634   2.736232    -1.5583   2.736875    7.38706     0.0097    13.8155 8.3965e+02  -63.78333  -60.21917 1154366495 212.723343    34.3681      17181          5  0.000e+00
    250.048    -1.5636   2.736216    -1.5586   2.736875    7.38703    -0.0233    13.8155 8.3965e+02  -63.78333  -60.21917 1154366495 212.723343    34.3681      17182          5  0.000e+00
    250.038    -1.5634   2.736245    -1.5592   2.736857    7.38697    -0.0233    13.8155 8.3965e+02  -63.78333  -60.21917 1154366495 212.723344    34.3683      17183          5  0.000e+00
    250.114    -1.5634   2.736259    -1.5608   2.736754    7.38704    -0.0233    13.8155 8.3965e+02  -63.78333  -60.21917 1154366496 212.723344    34.3685      17184          5  0.000e+00
    250.038    -1.5631   2.736272    -1.5621   2.736621    7.38691    -0.0343    13.8155 8.3965e+02  -63.78333  -60.21917 1154366496 212.723345    34.3684      17185          5  0.000e+00
    250.048    -1.5624   2.736295    -1.5614   2.736598    7.38679    -0.0894    13.8155 8.3965e+02  -63.78333  -60.21917 1154366496 212.723345    34.3678      17186          5  0.000e+00
    250.114    -1.5622   2.736317    -1.5620   2.736575    7.38682    -0.1004    13.8155 8.3965e+02  -63.78333  -60.21917 1154366496 212.723346    34.3679      17187          5  0.000e+00
    250.048    -1.5618   2.736304    -1.5618   2.736586    7.39160    -0.0123    13.8155 8.3965e+02  -63.78333  -60.21917 1154366496 212.723346    34.3672      17188          5  0.000e+00
    250.115    -1.5620   2.736350    -1.5615   2.736575    7.39168    -0.0013    13.8155 8.3965e+02  -63.78333  -60.21917 1154366496 212.723347    34.3682      17189          5  0.000e+00
    250.048    -1.5614   2.736350    -1.5618   2.736569    7.39152     0.0097    13.8155 8.3965e+02  -63.78333  -60.21917 1154366496 212.723347    34.3675      17190          5  0.000e+00
    250.115    -1.5627   2.736311    -1.5619   2.736609    7.39180    -0.0343    13.8155 8.3965e+02  -63.78333  -60.21917 1154366496 212.723348    34.3684      17191          5  0.000e+00
    250.048    -1.5620   2.736301    -1.5614   2.736621    7.38673    -0.0784    13.8155 8.3965e+02  -63.78333  -60.21917 1154366496 212.723348    34.3675      17192          5  0.000e+00
    250.115    -1.5617   2.736367    -1.5608   2.736638    7.39161    -0.1004    13.8155 8.3965e+02  -63.78333  -60.21917 1154366496 212.723349    34.3680      17193          5  0.000e+00
    250.038    -1.5613   2.736406    -1.5596   2.736690    7.38654    -0.0454    13.8155 8.4160e+02  -63.78333  -60.21917 1154366496 212.723349    34.3681      17194          5  0.000e+00
    250.115    -1.5610   2.736393    -1.5583   2.736777    7.39149     0.0097    13.8155 8.4160e+02  -63.78333  -60.21917 1154366496 212.723350    34.3675      17195          5  0.000e+00
    250.038    -1.5604   2.736419    -1.5583   2.736800    7.39130    -0.0233    13.8155 8.4160e+02  -63.78333  -60.21917 1154366496 212.723350    34.3672      17196          5  0.000e+00
    250.115    -1.5607   2.736448    -1.5592   2.736759    7.39140    -0.0123    13.8155 8.4160e+02  -63.78333  -60.21917 1154366496 212.723351    34.3679      17197          5  0.000e+00
    250.038    -1.5601   2.736435    -1.5594   2.736777    7.38633    -0.0343    13.8155 8.4160e+02  -63.78333  -60.21917 1154366496 212.723351    34.3671      17198          5  0.000e+00
    250.115    -1.5604   2.736448    -1.5594   2.736777    7.38644    -0.0343    13.8155 8.4160e+02  -63.78333  -60.21917 1154366496 212.723352    34.3676      17199          5  0.000e+00
    250.038    -1.5604   2.736455    -1.5606   2.736777    7.38636    -0.0564    13.8155 8.4160e+02  -63.78333  -60.21917 1154366496 212.723352    34.3677      17200          5  0.000e+00
    250.115    -1.5608   2.736435    -1.5609   2.736777    7.38652    -0.0894    13.8155 8.3965e+02  -63.78333  -60.21917 1154366496 212.723353    34.3679      17201          5  0.000e+00
    250.038    -1.5607   2.736416    -1.5615   2.736800    7.38644    -0.1114    13.8155 8.4160e+02  -63.78333  -60.21917 1154366496 212.723353    34.3675      17202          5  0.000e+00
    250.115    -1.5611   2.736363    -1.5614   2.736846    7.39153    -0.0784    13.8155 8.4160e+02  -63.78333  -60.21917 1154366496 212.723354    34.3673      17203          5  0.000e+00
    250.038    -1.5609   2.736344    -1.5600   2.736857    7.39144    -0.0013    13.8155 8.4160e+02  -63.78333  -60.21917 1154366496 212.723354    34.3668      17204          5  0.000e+00
    250.115    -1.5610   2.736327    -1.5578   2.736892    7.39153    -0.0013    13.8155 8.4160e+02  -63.78333  -60.21917 1154366496 212.723355    34.3666      17205          5  0.000e+00
    250.038    -1.5616   2.736340    -1.5559   2.736944    7.39154    -0.0343    13.8155 8.4160e+02  -63.78333  -60.21917 1154366496 212.723355    34.3676      17206          5  0.000e+00
    250.115    -1.5616   2.736376    -1.5553   2.736967    7.39159    -0.0784    13.8155 8.4160e+02  -63.78333  -60.21917 1154366496 212.723356    34.3680      17207          5  0.000e+00
    250.038    -1.5614   2.736390    -1.5556   2.737002    7.39148    -0.0564    13.8155 8.4160e+02  -63.78333  -60.21917 1154366497 212.723356    34.3680      17208          5  0.000e+00
    250.048    -1.5610   2.736390    -1.5544   2.737030    7.39142    -0.0233    13.8155 8.4160e+02  -63.78333  -60.21917 1154366497 212.723356    34.3675      17209          5  0.000e+00
    250.115    -1.5614   2.736370    -1.5546   2.737036    7.39157     0.0207    13.8155 8.4160e+02  -63.78333  -60.21917 1154366497 212.723357    34.3677      17210          5  0.000e+00
    250.048    -1.5614   2.736347    -1.5551   2.737025    7.39152    -0.0233    13.8155 8.4160e+02  -63.78333  -60.21917 1154366497 212.723357    34.3674      17211          5  0.000e+00
    250.115    -1.5620   2.736344    -1.5560   2.737030    7.39168    -0.0343    13.8155 8.4160e+02  -63.78333  -60.21917 1154366497 212.723358    34.3681      17212          5  0.000e+00
    250.038    -1.5618   2.736360    -1.5574   2.736996    7.39155    -0.1004    13.8155 8.4160e+02  -63.78333  -60.21917 1154366497 212.723358    34.3680      17213          5  0.000e+00
    250.115    -1.5619   2.736350    -1.5578   2.736944    7.39166    -0.0894    13.8155 8.4160e+02  -63.78333  -60.21917 1154366497 212.723359    34.3680      17214          5  0.000e+00
    250.038    -1.5620   2.736327    -1.5575   2.736915    7.39161    -0.0674    13.8155 8.4160e+02  -63.78333  -60.21917 1154366497 212.723359    34.3679      17215          5  0.000e+00
    250.115    -1.5618   2.736340    -1.5582   2.736909    7.39164    -0.0233    13.8155 8.4160e+02  -63.78333  -60.21917 1154366497 212.723360    34.3677      17216          5  0.000e+00
    200.142    -1.4609   2.742296    -1.4656   2.742215    7.28700    -0.0564    13.8155 8.3381e+02  -63.78333  -60.21917 1154366600 212.724548    34.3654      19679          6  0.000e+00
    200.142    -1.4635   2.742198    -1.4657   2.742209    7.28745    -0.0233    13.8155 8.3575e+02  -63.78333  -60.21917 1154366600 212.724548    34.3671      19680          6  0.000e+00
    200.113    -1.4634   2.742159    -1.4671   2.742105    7.28743    -0.0674    13.8155 8.3575e+02  -63.78333  -60.21917 1154366600 212.724549    34.3664      19681          6  0.000e+00
    200.142    -1.4634   2.742087    -1.4673   2.742013    7.28751    -0.0894    13.8155 8.3575e+02  -63.78333  -60.21917 1154366600 212.724549    34.3654      19682          6  0.000e+00
    200.113    -1.4639   2.741965    -1.4669   2.741995    7.28763    -0.0454    13.8155 8.3575e+02  -63.78333  -60.21917 1154366600 212.724550    34.3642      19683          6  0.000e+00
    200.209    -1.4655   2.741815    -1.4666   2.741995    7.28808    -0.1225    13.8155 8.3575e+02  -63.78333  -60.21917 1154366600 212.724550    34.3640      19684          6  0.000e+00
    200.065    -1.4665   2.741647    -1.4661   2.742013    7.28820    -0.1114    13.8155 8.3575e+02  -63.78333  -60.21917 1154366600 212.724551    34.3629      19685          6  0.000e+00
    200.113    -1.4685   2.741520    -1.4659   2.742001    7.28863    -0.0784    13.8155 8.3575e+02  -63.78333  -60.21917 1154366600 212.724551    34.3634      19686          6  0.000e+00
    200.142    -1.4703   2.741411    -1.4666   2.741978    7.28901    -0.1004    13.8155 8.3575e+02  -63.78333  -60.21917 1154366600 212.724552    34.3640      19687          6  0.000e+00
    200.065    -1.4716   2.741398    -1.4663   2.741972    7.28913    -0.0784    13.8155 8.3575e+02  -63.78333  -60.21917 1154366600 212.724552    34.3653      19688          6  0.000e+00
