product_data/regression_test/downloaded_data/MDGS/320620060703/ctd/p6622301.cnv
* Sea-Bird SBE 9 Data File:
* FileName = D:\Data\Raw\p6622301.dat
* Software Version Seasave Win32 V 5.32
* Temperature SN = 1649
* Conductivity SN = 1431
* Number of Bytes Per Scan = 37
* Number of Voltage Words = 5
* Number of Scans Averaged by the Deck Unit = 1
* NMEA Latitude = 62 45.31 S
* NMEA Longitude = 057 47.75 W
* NMEA UTC (Time) = 14:19:13
** Ship:   Nathaniel B. Palmer 
** Cruise:    NBP0606 
# nquan = 15
# nvalues = 701                         
# units = specified
# name 0 = prDM: Pressure, Digiquartz [db]
# name 1 = t090C: Temperature [ITS-90, deg C]
# name 2 = c0S/m: Conductivity [S/m]
# name 3 = t190C: Temperature, 2 [ITS-90, deg C]
# name 4 = c1S/m: Conductivity, 2 [S/m]
# name 5 = sbeox0ML/L: Oxygen, SBE 43 [ml/l]
# name 6 = flECO-AFL: Fluorescence, Wetlab ECO-AFL/FL [mg/m^3]
# name 7 = bat: Beam Attenuation, Chelsea/Seatech/Wetlab CStar [1/m]
# name 8 = spar: SPAR/Surface Irradiance
# name 9 = latitude: Latitude [deg]
# name 10 = longitude: Longitude [deg]
# name 11 = timeY: Time, System [seconds]
# name 12 = timeJ: Julian Days
# name 13 = sal00: Salinity [PSU]
# name 14 = flag: flag
# span 0 =      1.000,    701.000       
# span 1 =    -1.8034,    -0.6220       
# span 2 =   2.704233,   2.841397       
# span 3 =    -1.8042,    -0.6214       
# span 4 =   2.704841,   2.841595       
# span 5 =    6.32686,    7.62343       
# span 6 =    -0.1099,     0.0926       
# span 7 =    13.8155,    13.8155       
# span 8 = 2.4014e+02, 6.5644e+02       
# span 9 =  -62.75517,  -62.75517       
# span 10 =  -57.79583,  -57.79583      
# span 11 = 1154614806, 1154615878      
# span 12 = 215.597309, 215.609718      
# span 13 =    34.3197,    34.5481      
# span 14 = 0.0000e+00, 0.0000e+00      
# interval = decibars: 1                
# start_time = Aug 03 2006 14:19:57
# bad_flag = -9.990e-29
*END*
[from data line 675]
    676.000    -0.7611   2.835340    -0.7611   2.835519    6.42105    -0.0769    13.8155 5.3671e+02  -62.75517  -57.79583 1154615808 215.608916    34.5427 0.0000e+00
    677.000    -0.7652   2.835014    -0.7654   2.835150    6.41745    -0.0783    13.8155 5.2581e+02  -62.75517  -57.79583 1154615810 215.608939    34.5426 0.0000e+00
    678.000    -0.7668   2.834912    -0.7662   2.835149    6.41989    -0.0952    13.8155 4.9801e+02  -62.75517  -57.79583 1154615812 215.608962    34.5422 0.0000e+00
    679.000    -0.7665   2.834992    -0.7658   2.835225    6.42365    -0.0913    13.8155 5.0574e+02  -62.75517  -57.79583 1154615814 215.608985    34.5423 0.0000e+00
    680.000    -0.7663   2.835052    -0.7656   2.835265    6.42427    -0.0895    13.8155 5.1807e+02  -62.75517  -57.79583 1154615816 215.609009    34.5423 0.0000e+00
    681.000    -0.7661   2.835121    -0.7647   2.835403    6.42504    -0.0937    13.8155 5.1595e+02  -62.75517  -57.79583 1154615819 215.609035    34.5423 0.0000e+00
    682.000    -0.7654   2.835219    -0.7649   2.835431    6.42651    -0.0884    13.8155 5.1813e+02  -62.75517  -57.79583 1154615821 215.609060    34.5422 0.0000e+00
    683.000    -0.7647   2.835340    -0.7640   2.835559    6.42785    -0.0926    13.8155 5.3659e+02  -62.75517  -57.79583 1154615823 215.609085    34.5424 0.0000e+00
    684.000    -0.7674   2.835137    -0.7666   2.835375    6.42932    -0.0707    13.8155 5.4357e+02  -62.75517  -57.79583 1154615825 215.609109    34.5421 0.0000e+00
    685.000    -0.7694   2.834992    -0.7692   2.835189    6.43072    -0.0642    13.8155 5.5812e+02  -62.75517  -57.79583 1154615827 215.609133    34.5419 0.0000e+00
    686.000    -0.7726   2.834745    -0.7731   2.834878    6.42989    -0.0723    13.8155 5.6392e+02  -62.75517  -57.79583 1154615829 215.609157    34.5417 0.0000e+00
    687.000    -0.7760   2.834495    -0.7757   2.834693    6.43215    -0.0703    13.8155 5.4702e+02  -62.75517  -57.79583 1154615831 215.609181    34.5416 0.0000e+00
    688.000    -0.7768   2.834462    -0.7766   2.834648    6.43342    -0.0928    13.8155 5.1775e+02  -62.75517  -57.79583 1154615833 215.609204    34.5416 0.0000e+00
    689.000    -0.7765   2.834532    -0.7759   2.834753    6.43209    -0.0658    13.8155 5.1621e+02  -62.75517  -57.79583 1154615835 215.609228    34.5415 0.0000e+00
    690.000    -0.7751   2.834705    -0.7746   2.834923    6.43128    -0.0855    13.8155 5.1777e+02  -62.75517  -57.79583 1154615838 215.609254    34.5415 0.0000e+00
    691.000    -0.7746   2.834796    -0.7743   2.834994    6.43582    -0.0832    13.8155 4.9595e+02  -62.75517  -57.79583 1154615840 215.609279    34.5415 0.0000e+00
    692.000    -0.7746   2.834839    -0.7742   2.835029    6.43549    -0.0599    13.8155 4.9056e+02  -62.75517  -57.79583 1154615842 215.609304    34.5415 0.0000e+00
    693.000    -0.7742   2.834922    -0.7739   2.835121    6.43162    -0.0660    13.8155 5.0070e+02  -62.75517  -57.79583 1154615844 215.609327    34.5416 0.0000e+00
    694.000    -0.7742   2.834970    -0.7739   2.835157    6.42814    -0.0974    13.8155 5.0964e+02  -62.75517  -57.79583 1154615846 215.609350    34.5416 0.0000e+00
    695.000    -0.7742   2.835007    -0.7741   2.835188    6.42862    -0.1030    13.8155 5.0928e+02  -62.75517  -57.79583 1154615848 215.609374    34.5415 0.0000e+00
    696.000    -0.7744   2.835032    -0.7742   2.835222    6.43056    -0.0883    13.8155 5.1593e+02  -62.75517  -57.79583 1154615850 215.609400    34.5415 0.0000e+00
    697.000    -0.7746   2.835071    -0.7741   2.835269    6.42994    -0.1063    13.8155 4.9735e+02  -62.75517  -57.79583 1154615854 215.609446    34.5416 0.0000e+00
    698.000    -0.7750   2.835071    -0.7748   2.835258    6.43080    -0.0747    13.8155 4.7092e+02  -62.75517  -57.79583 1154615858 215.609492    34.5415 0.0000e+00
    699.000    -0.7750   2.835108    -0.7748   2.835296    6.43136    -0.0834    13.8155 4.4668e+02  -62.75517  -57.79583 1154615862 215.609532    34.5414 0.0000e+00
    700.000    -0.7752   2.835129    -0.7751   2.835316    6.42969    -0.0748    13.8155 4.4336e+02  -62.75517  -57.79583 1154615868 215.609598    34.5414 0.0000e+00
    701.000    -0.7752   2.835181    -0.7746   2.835402    6.42570    -0.0849    13.8155 4.8428e+02  -62.75517  -57.79583 1154615878 215.609718    34.5414 0.0000e+00
