product_data/regression_test/downloaded_data/MDGS/320620060703/ctd/p6622101.ros
* Sea-Bird SBE 9 Data File:
* FileName = D:\Data\Raw\p6622101.dat
* Software Version Seasave Win32 V 5.32
* Temperature SN = 1649
* Conductivity SN = 1431
* Number of Bytes Per Scan = 37
* Number of Voltage Words = 5
* Number of Scans Averaged by the Deck Unit = 1
* NMEA Latitude = 62 37.28 S
* NMEA Longitude = 057 52.53 W
* NMEA UTC (Time) = 09:18:39
** Ship:   Nathaniel B. Palmer 
** Cruise:    NBP0606 
# nquan = 17
# nvalues = 1176                    
# units = specified
# name 0 = prDM: Pressure, Digiquartz [db]
# name 1 = t090C: Temperature [ITS-90, deg C]
# name 2 = c0S/m: Conductivity [S/m]
# name 3 = t190C: Temperature, 2 [ITS-90, deg C]
# name 4 = c1S/m: Conductivity, 2 [S/m]
# name 5 = sbeox0ML/L: Oxygen, SBE 43 [ml/l]
# name 6 = flECO-AFL: Fluorescence, Wetlab ECO-AFL/FL [mg/m^3]
# name 7 = bat: Beam Attenuation, Chelsea/Seatech/Wetlab CStar [1/m]
# name 8 = spar: SPAR/Surface Irradiance
# name 9 = latitude: Latitude [deg]
# name 10 = longitude: Longitude [deg]
# name 11 = timeY: Time, System [seconds]
# name 12 = timeJ: Julian Days
# name 13 = sal00: Salinity [PSU]
# name 14 = scan: scan number
# name 15 = nbf: number of bottles fired
# name 16 = flag:  0.000e+00
# interval = seconds: 0.0416667                   
# start_time = Aug 03 2006 09:19:19
*END*
[from data line 341]
    300.009    -0.5254   2.834173    -0.6536   2.822819    6.44716    -0.1225    13.8155 0.0000e+00  -62.62133  -57.87550 1154599957 215.425444    34.4859      76786          7  0.000e+00
    300.076    -0.5435   2.832414    -0.6356   2.824132    6.45065    -0.1004    13.8155 0.0000e+00  -62.62133  -57.87550 1154599958 215.425445    34.4827      76787          7  0.000e+00
    299.938    -0.8711   2.803287    -0.8773   2.803440    6.65710    -0.1555    13.8155 0.0000e+00  -62.62133  -57.87550 1154599969 215.425580    34.4622      77068          8  0.000e+00
    300.111    -0.8737   2.803214    -0.8764   2.803458    6.65767    -0.0894    13.8155 0.0000e+00  -62.62133  -57.87550 1154599969 215.425581    34.4642      77069          8  0.000e+00
    300.082    -0.8768   2.803102    -0.8759   2.803475    6.65813    -0.0343    13.8155 0.0000e+00  -62.62133  -57.87550 1154599969 215.425581    34.4662      77070          8  0.000e+00
    299.938    -0.8790   2.802976    -0.8753   2.803504    6.65837    -0.1114    13.8155 0.0000e+00  -62.62133  -57.87550 1154599969 215.425582    34.4670      77071          8  0.000e+00
    300.044    -0.8793   2.802913    -0.8762   2.803470    6.65855    -0.1225    13.8155 0.0000e+00  -62.62133  -57.87550 1154599969 215.425582    34.4665      77072          8  0.000e+00
    300.015    -0.8788   2.802959    -0.8773   2.803400    6.65843    -0.1555    13.8155 0.0000e+00  -62.62133  -57.87550 1154599969 215.425583    34.4666      77073          8  0.000e+00
    300.082    -0.8781   2.803022    -0.8777   2.803382    6.65835    -0.1114    13.8155 0.0000e+00  -62.62133  -57.87550 1154599969 215.425583    34.4665      77074          8  0.000e+00
    299.967    -0.8774   2.803078    -0.8774   2.803359    6.65812    -0.1004    13.8155 0.0000e+00  -62.62133  -57.87550 1154599970 215.425584    34.4666      77075          8  0.000e+00
    300.015    -0.8774   2.803184    -0.8778   2.803289    6.66295    -0.0674    13.8155 0.0000e+00  -62.62133  -57.87550 1154599970 215.425584    34.4680      77076          8  0.000e+00
    300.082    -0.8784   2.803340    -0.8788   2.803295    6.66305    -0.0343    13.8155 0.0000e+00  -62.62133  -57.87550 1154599970 215.425584    34.4712      77077          8  0.000e+00
    299.967    -0.8756   2.803462    -0.8792   2.803277    6.65763    -0.1004    13.8155 0.0000e+00  -62.62133  -57.87550 1154599970 215.425585    34.4697      77078          8  0.000e+00
    300.015    -0.8720   2.803555    -0.8800   2.803237    6.66199    -0.1225    13.8155 0.0000e+00  -62.62133  -57.87550 1154599970 215.425585    34.4669      77079          8  0.000e+00
    300.015    -0.8677   2.803618    -0.8801   2.803155    6.66135    -0.0233    13.8155 0.0000e+00  -62.62133  -57.87550 1154599970 215.425586    34.4628      77080          8  0.000e+00
    300.082    -0.8649   2.803691    -0.8800   2.803097    6.65614     0.0318    13.8155 0.0000e+00  -62.62133  -57.87550 1154599970 215.425586    34.4606      77081          8  0.000e+00
    299.967    -0.8651   2.803734    -0.8777   2.803085    6.66574    -0.0784    13.8155 0.0000e+00  -62.62133  -57.87550 1154599970 215.425587    34.4614      77082          8  0.000e+00
    300.015    -0.8617   2.803823    -0.8788   2.803085    6.66526    -0.1335    13.8155 0.0000e+00  -62.62133  -57.87550 1154599970 215.425587    34.4587      77083          8  0.000e+00
    300.015    -0.8581   2.803902    -0.8806   2.803068    6.66473    -0.1225    13.8155 0.0000e+00  -62.62133  -57.87550 1154599970 215.425588    34.4557      77084          8  0.000e+00
    300.044    -0.8567   2.803982    -0.8802   2.803120    6.66452    -0.0894    13.8155 0.0000e+00  -62.62133  -57.87550 1154599970 215.425588    34.4552      77085          8  0.000e+00
    300.015    -0.8578   2.804061    -0.8796   2.803138    6.66459    -0.1225    13.8155 0.0000e+00  -62.62133  -57.87550 1154599970 215.425589    34.4576      77086          8  0.000e+00
    300.015    -0.8604   2.804108    -0.8811   2.803161    6.66491    -0.0343    13.8155 0.0000e+00  -62.62133  -57.87550 1154599970 215.425589    34.4611      77087          8  0.000e+00
    300.044    -0.8615   2.804138    -0.8793   2.803144    6.66508    -0.0674    13.8155 0.0000e+00  -62.62133  -57.87550 1154599970 215.425590    34.4628      77088          8  0.000e+00
    299.939    -0.8610   2.804157    -0.8786   2.803097    6.66490    -0.1004    13.8155 0.0000e+00  -62.62133  -57.87550 1154599970 215.425590    34.4626      77089          8  0.000e+00
    300.015    -0.8621   2.804048    -0.8792   2.803068    6.66519    -0.1445    13.8155 0.0000e+00  -62.62133  -57.87550 1154599970 215.425591    34.4623      77090          8  0.000e+00
    300.044    -0.8669   2.803889    -0.8797   2.802998    6.67082    -0.1004    13.8155 0.0000e+00  -62.62133  -57.87550 1154599970 215.425591    34.4656      77091          8  0.000e+00
    300.015    -0.8717   2.803734    -0.8799   2.802981    6.67154    -0.1004    13.8155 0.0000e+00  -62.62133  -57.87550 1154599970 215.425592    34.4690      77092          8  0.000e+00
    300.015    -0.8740   2.803605    -0.8799   2.802963    6.67194    -0.1004    13.8155 0.0000e+00  -62.62133  -57.87550 1154599970 215.425592    34.4699      77093          8  0.000e+00
    300.044    -0.8731   2.803492    -0.8780   2.802992    6.67191    -0.1445    13.8155 0.0000e+00  -62.62133  -57.87550 1154599970 215.425593    34.4673      77094          8  0.000e+00
    300.016    -0.8722   2.803333    -0.8793   2.802969    6.67186    -0.1004    13.8155 0.0000e+00  -62.62133  -57.87550 1154599970 215.425593    34.4641      77095          8  0.000e+00
    300.016    -0.8719   2.803184    -0.8823   2.802911    6.67191    -0.0784    13.8155 0.0000e+00  -62.62133  -57.87550 1154599970 215.425594    34.4617      77096          8  0.000e+00
    299.968    -0.8737   2.803039    -0.8828   2.802899    6.67706    -0.1225    13.8155 0.0000e+00  -62.62133  -57.87550 1154599970 215.425594    34.4618      77097          8  0.000e+00
    300.016    -0.8764   2.802943    -0.8830   2.802864    6.67752    -0.0894    13.8155 0.0000e+00  -62.62133  -57.87550 1154599970 215.425595    34.4635      77098          8  0.000e+00
    300.016    -0.8768   2.802830    -0.8831   2.802847    6.67766    -0.1114    13.8155 0.0000e+00  -62.62133  -57.87550 1154599971 215.425595    34.4625      77099          8  0.000e+00
    300.044    -0.8785   2.802791    -0.8828   2.802864    6.67794    -0.1004    13.8155 0.0000e+00  -62.62133  -57.87550 1154599971 215.425596    34.4639      77100          8  0.000e+00
    300.016    -0.8809   2.802791    -0.8831   2.802812    6.67823    -0.0123    13.8155 0.0000e+00  -62.62133  -57.87550 1154599971 215.425596    34.4666      77101          8  0.000e+00
    300.016    -0.8818   2.802764    -0.8828   2.802812    6.67838    -0.0564    13.8155 0.0000e+00  -62.62133  -57.87550 1154599971 215.425597    34.4673      77102          8  0.000e+00
    300.044    -0.8824   2.802748    -0.8824   2.802859    6.67849    -0.1004    13.8155 0.0000e+00  -62.62133  -57.87550 1154599971 215.425597    34.4677      77103          8  0.000e+00
    300.016    -0.8822   2.802718    -0.8831   2.802911    6.67847    -0.1004    13.8155 0.0000e+00  -62.62133  -57.87550 1154599971 215.425598    34.4672      77104          8  0.000e+00
    300.016    -0.8813   2.802718    -0.8831   2.802905    6.67834    -0.0454    13.8155 0.0000e+00  -62.62133  -57.87550 1154599971 215.425598    34.4661      77105          8  0.000e+00
    299.968    -0.8816   2.802754    -0.8829   2.802899    6.67831    -0.0123    13.8155 0.0000e+00  -62.62133  -57.87550 1154599971 215.425598    34.4670      77106          8  0.000e+00
    300.016    -0.8802   2.802791    -0.8828   2.802882    6.67815    -0.0784    13.8155 0.0000e+00  -62.62133  -57.87550 1154599971 215.425599    34.4659      77107          8  0.000e+00
    300.016    -0.8802   2.802774    -0.8831   2.802812    6.67816    -0.0784    13.8155 0.0000e+00  -62.62133  -57.87550 1154599971 215.425599    34.4656      77108          8  0.000e+00
    300.083    -0.8805   2.802724    -0.8832   2.802795    6.68315    -0.1004    13.8155 0.0000e+00  -62.62133  -57.87550 1154599971 215.425600    34.4653      77109          8  0.000e+00
    299.968    -0.8819   2.802652    -0.8825   2.802853    6.68328    -0.0784    13.8155 0.0000e+00  -62.62133  -57.87550 1154599971 215.425600    34.4660      77110          8  0.000e+00
    300.016    -0.8828   2.802642    -0.8801   2.803097    6.68345    -0.0784    13.8155 0.0000e+00  -62.62133  -57.87550 1154599971 215.425601    34.4668      77111          8  0.000e+00
    300.083    -0.8829   2.802602    -0.8773   2.803307    6.68354    -0.0343    13.8155 0.0000e+00  -62.62133  -57.87550 1154599971 215.425601    34.4663      77112          8  0.000e+00
    299.968    -0.8827   2.802618    -0.8753   2.803312    6.68340    -0.0233    13.8155 0.0000e+00  -62.62133  -57.87550 1154599971 215.425602    34.4664      77113          8  0.000e+00
    300.083    -0.8821   2.802605    -0.8748   2.803219    6.68343    -0.1114    13.8155 0.0000e+00  -62.62133  -57.87550 1154599971 215.425602    34.4654      77114          8  0.000e+00
    300.016    -0.8825   2.802675    -0.8749   2.803132    6.68339    -0.0564    13.8155 0.0000e+00  -62.62133  -57.87550 1154599971 215.425603    34.4669      77115          8  0.000e+00
    300.045    -0.8807   2.802708    -0.8745   2.803132    6.68314    -0.0564    13.8155 0.0000e+00  -62.62133  -57.87550 1154599971 215.425603    34.4653      77116          8  0.000e+00
    249.588    -1.1171   2.778068    -1.1498   2.775999    6.97516    -0.0784    13.8155 0.0000e+00  -62.62133  -57.87550 1154600075 215.426803    34.4311      79604          9  0.000e+00
    249.588    -1.1214   2.777735    -1.1568   2.775582    6.97600    -0.0784    13.8155 0.0000e+00  -62.62133  -57.87550 1154600075 215.426804    34.4316      79605          9  0.000e+00
    249.578    -1.1237   2.777517    -1.1606   2.775379    6.97161    -0.1004    13.8155 0.0000e+00  -62.62133  -57.87550 1154600075 215.426804    34.4313      79606          9  0.000e+00
    249.588    -1.1269   2.777349    -1.1602   2.775286    6.97704    -0.1445    13.8155 0.0000e+00  -62.62133  -57.87550 1154600075 215.426805    34.4326      79607          9  0.000e+00
    249.578    -1.1291   2.777174    -1.1586   2.775263    6.97746    -0.1335    13.8155 0.0000e+00  -62.62133  -57.87550 1154600075 215.426805    34.4328      79608          9  0.000e+00
    249.655    -1.1284   2.777267    -1.1587   2.775217    6.97737    -0.1225    13.8155 0.0000e+00  -62.62133  -57.87550 1154600075 215.426806    34.4331      79609          9  0.000e+00
    249.579    -1.1274   2.777392    -1.1578   2.775205    6.97221    -0.1225    13.8155 0.0000e+00  -62.62133  -57.87550 1154600075 215.426806    34.4337      79610          9  0.000e+00
    249.588    -1.1277   2.777319    -1.1570   2.775246    6.97233    -0.0894    13.8155 0.0000e+00  -62.62133  -57.87550 1154600075 215.426807    34.4332      79611          9  0.000e+00
    249.579    -1.1288   2.777155    -1.1569   2.775240    6.97258    -0.1004    13.8155 0.0000e+00  -62.62133  -57.87550 1154600075 215.426807    34.4321      79612          9  0.000e+00
    249.588    -1.1337   2.776907    -1.1575   2.775269    6.97344    -0.1114    13.8155 0.0000e+00  -62.62133  -57.87550 1154600075 215.426807    34.4343      79613          9  0.000e+00
    249.579    -1.1367   2.776723    -1.1594   2.775309    6.97884    -0.0343    13.8155 0.0000e+00  -62.62133  -57.87550 1154600075 215.426808    34.4353      79614          9  0.000e+00
    249.588    -1.1382   2.776855    -1.1571   2.775315    6.97898    -0.0343    13.8155 0.0000e+00  -62.62133  -57.87550 1154600075 215.426808    34.4388      79615          9  0.000e+00
    249.655    -1.1366   2.777026    -1.1559   2.775367    6.97384    -0.0564    13.8155 0.0000e+00  -62.62133  -57.87550 1154600075 215.426809    34.4392      79616          9  0.000e+00
    249.521    -1.1348   2.777148    -1.1555   2.775425    6.97337    -0.1114    13.8155 0.0000e+00  -62.62133  -57.87550 1154600075 215.426809    34.4389      79617          9  0.000e+00
    249.588    -1.1291   2.777227    -1.1524   2.775541    6.97258    -0.1225    13.8155 0.0000e+00  -62.62133  -57.87550 1154600075 215.426810    34.4335      79618          9  0.000e+00
    249.655    -1.1254   2.777412    -1.1494   2.775634    6.97200    -0.0564    13.8155 0.0000e+00  -62.62133  -57.87550 1154600076 215.426810    34.4317      79619          9  0.000e+00
    249.588    -1.1234   2.777517    -1.1489   2.775657    6.97157    -0.0784    13.8155 0.0000e+00  -62.62133  -57.87550 1154600076 215.426811    34.4308      79620          9  0.000e+00
    249.579    -1.1200   2.777517    -1.1510   2.775477    6.97108    -0.1004    13.8155 0.0000e+00  -62.62133  -57.87550 1154600076 215.426811    34.4270      79621          9  0.000e+00
    249.588    -1.1238   2.777211    -1.1540   2.775217    6.97184    -0.0564    13.8155 0.0000e+00  -62.62133  -57.87550 1154600076 215.426812    34.4272      79622          9  0.000e+00
    249.579    -1.1321   2.776759    -1.1568   2.775031    6.97330    -0.0784    13.8155 0.0000e+00  -62.62133  -57.87550 1154600076 215.426812    34.4305      79623          9  0.000e+00
    249.588    -1.1390   2.776407    -1.1575   2.774933    6.97453    -0.0564    13.8155 0.0000e+00  -62.62133  -57.87550 1154600076 215.426813    34.4336      79624          9  0.000e+00
    249.579    -1.1418   2.776311    -1.1576   2.774915    6.97498    -0.0123    13.8155 0.0000e+00  -62.62133  -57.87550 1154600076 215.426813    34.4355      79625          9  0.000e+00
    249.588    -1.1428   2.776156    -1.1581   2.774950    6.97037    -0.1004    13.8155 0.0000e+00  -62.62133  -57.87550 1154600076 215.426814    34.4344      79626          9  0.000e+00
    249.579    -1.1421   2.776093    -1.1589   2.774933    6.97031    -0.1775    13.8155 0.0000e+00  -62.62133  -57.87550 1154600076 215.426814    34.4329      79627          9  0.000e+00
    249.588    -1.1415   2.776034    -1.1595   2.774915    6.97028    -0.1886    13.8155 0.0000e+00  -62.62133  -57.87550 1154600076 215.426815    34.4313      79628          9  0.000e+00
    249.579    -1.1424   2.775899    -1.1587   2.774898    6.97049    -0.1335    13.8155 0.0000e+00  -62.62133  -57.87550 1154600076 215.426815    34.4306      79629          9  0.000e+00
    249.655    -1.1429   2.775675    -1.1587   2.774910    6.97078    -0.1335    13.8155 0.0000e+00  -62.62133  -57.87550 1154600076 215.426816    34.4280      79630          9  0.000e+00
    249.589    -1.1455   2.775464    -1.1590   2.774915    6.97122    -0.1114    13.8155 0.0000e+00  -62.62133  -57.87550 1154600076 215.426816    34.4282      79631          9  0.000e+00
    249.579    -1.1491   2.775513    -1.1609   2.774811    6.97169    -0.1004    13.8155 0.0000e+00  -62.62133  -57.87550 1154600076 215.426817    34.4329      79632          9  0.000e+00
    249.589    -1.1486   2.775649    -1.1625   2.774707    6.97154    -0.1225    13.8155 0.0000e+00  -62.62133  -57.87550 1154600076 215.426817    34.4342      79633          9  0.000e+00
    249.579    -1.1492   2.775332    -1.1629   2.774637    6.97183    -0.1114    13.8155 0.0000e+00  -62.62133  -57.87550 1154600076 215.426818    34.4306      79634          9  0.000e+00
    249.589    -1.1534   2.774996    -1.1629   2.774544    6.97265    -0.0674    13.8155 0.0000e+00  -62.62133  -57.87550 1154600076 215.426818    34.4308      79635          9  0.000e+00
    249.656    -1.1526   2.775108    -1.1632   2.774521    6.97253    -0.0784    13.8155 0.0000e+00  -62.62133  -57.87550 1154600076 215.426819    34.4314      79636          9  0.000e+00
