product_data/regression_test/downloaded_data/MDGS/320620060703/ctd/p6621403.ros
* Sea-Bird SBE 9 Data File:
* FileName = D:\Data\Raw\p6621403.dat
* Software Version Seasave Win32 V 5.32
* Temperature SN = 1649
* Conductivity SN = 1431
* Number of Bytes Per Scan = 37
* Number of Voltage Words = 5
* Number of Scans Averaged by the Deck Unit = 1
* NMEA Latitude = 63 12.75 S
* NMEA Longitude = 061 12.97 W
* NMEA UTC (Time) = 03:08:04
** Ship:   Nathaniel B. Palmer 
** Cruise:    NBP0606 
# nquan = 17
# nvalues = 1176                    
# units = specified
# name 0 = prDM: Pressure, Digiquartz [db]
# name 1 = t090C: Temperature [ITS-90, deg C]
# name 2 = c0S/m: Conductivity [S/m]
# name 3 = t190C: Temperature, 2 [ITS-90, deg C]
# name 4 = c1S/m: Conductivity, 2 [S/m]
# name 5 = sbeox0ML/L: Oxygen, SBE 43 [ml/l]
# name 6 = flECO-AFL: Fluorescence, Wetlab ECO-AFL/FL [mg/m^3]
# name 7 = bat: Beam Attenuation, Chelsea/Seatech/Wetlab CStar [1/m]
# name 8 = spar: SPAR/Surface Irradiance
# name 9 = latitude: Latitude [deg]
# name 10 = longitude: Longitude [deg]
# name 11 = timeY: Time, System [seconds]
# name 12 = timeJ: Julian Days
# name 13 = sal00: Salinity [PSU]
# name 14 = scan: scan number
# name 15 = nbf: number of bottles fired
# name 16 = flag:  0.000e+00
# interval = seconds: 0.0416667                   
# start_time = Aug 01 2006 03:08:17
*END*
[from data line 426]
    300.451     0.3083   2.904763     0.3049   2.904708    5.90808    -0.0784    13.8155 0.0000e+00  -63.21250  -61.21617 1154404624 213.164638    34.4835      70267          9  0.000e+00
    300.451     0.3086   2.904645     0.3044   2.904572    5.90811    -0.0343    13.8155 0.0000e+00  -63.21250  -61.21617 1154404624 213.164639    34.4816      70268          9  0.000e+00
    300.412     0.3075   2.904440     0.3042   2.904489    5.90831    -0.0454    13.8155 0.0000e+00  -63.21250  -61.21617 1154404624 213.164639    34.4801      70269          9  0.000e+00
    300.451     0.3058   2.904306     0.3040   2.904484    5.90862    -0.0894    13.8155 0.0000e+00  -63.21250  -61.21617 1154404624 213.164640    34.4803      70270          9  0.000e+00
    300.527     0.3050   2.904279     0.3060   2.904560    5.90879    -0.1225    13.8155 0.0000e+00  -63.21250  -61.21617 1154404624 213.164640    34.4807      70271          9  0.000e+00
    300.479     0.3047   2.904339     0.3062   2.904590    5.90876    -0.1445    13.8155 0.0000e+00  -63.21250  -61.21617 1154404624 213.164641    34.4819      70272          9  0.000e+00
    300.451     0.3058   2.904370     0.3057   2.904525    5.90859    -0.1335    13.8155 0.0000e+00  -63.21250  -61.21617 1154404624 213.164641    34.4811      70273          9  0.000e+00
    300.527     0.3080   2.904353     0.3040   2.904366    5.90840    -0.0894    13.8155 0.0000e+00  -63.21250  -61.21617 1154404624 213.164642    34.4784      70274          9  0.000e+00
    300.479     0.3060   2.904013     0.3034   2.904248    5.90878    -0.0784    13.8155 0.0000e+00  -63.21250  -61.21617 1154404624 213.164642    34.4762      70275          9  0.000e+00
    300.527     0.3011   2.903923     0.3016   2.904159    5.90945    -0.0784    13.8155 0.0000e+00  -63.21250  -61.21617 1154404624 213.164643    34.4805      70276          9  0.000e+00
    300.594     0.3047   2.904383     0.2995   2.903947    5.90883    -0.1004    13.8155 0.0000e+00  -63.21250  -61.21617 1154404624 213.164643    34.4824      70277          9  0.000e+00
    300.546     0.3070   2.904124     0.2975   2.903812    5.90865    -0.0343    13.8155 0.0000e+00  -63.21250  -61.21617 1154404624 213.164644    34.4765      70278          9  0.000e+00
    300.527     0.3010   2.903422     0.2963   2.903717    5.90973    -0.0564    13.8155 0.0000e+00  -63.21250  -61.21617 1154404624 213.164644    34.4740      70279          9  0.000e+00
    300.594     0.2944   2.903008     0.2957   2.903676    5.91079    -0.1225    13.8155 0.0000e+00  -63.21250  -61.21617 1154404624 213.164645    34.4759      70280          9  0.000e+00
    300.623     0.2924   2.902894     0.2989   2.904036    5.91111    -0.1665    13.8155 0.0000e+00  -63.21250  -61.21617 1154404624 213.164645    34.4766      70281          9  0.000e+00
    250.760     0.1489   2.886148     0.1537   2.886954    6.05140    -0.1004    13.8155 0.0000e+00  -63.21250  -61.21617 1154404696 213.165479    34.4468      72011         10  0.000e+00
    250.894     0.1486   2.886161     0.1542   2.887001    6.05154    -0.0784    13.8155 0.0000e+00  -63.21250  -61.21617 1154404696 213.165480    34.4472      72012         10  0.000e+00
    250.760     0.1480   2.886141     0.1534   2.887072    6.05151    -0.1114    13.8155 0.0000e+00  -63.21250  -61.21617 1154404696 213.165480    34.4477      72013         10  0.000e+00
    250.750     0.1483   2.886088     0.1534   2.887095    6.05150    -0.1445    13.8155 0.0000e+00  -63.21250  -61.21617 1154404696 213.165481    34.4467      72014         10  0.000e+00
    250.760     0.1474   2.886017     0.1548   2.887095    6.05166    -0.1004    13.8155 0.0000e+00  -63.21250  -61.21617 1154404696 213.165481    34.4468      72015         10  0.000e+00
    250.750     0.1472   2.886017     0.1550   2.887113    6.05167    -0.0233    13.8155 0.0000e+00  -63.21250  -61.21617 1154404696 213.165482    34.4469      72016         10  0.000e+00
    250.760     0.1468   2.885970     0.1546   2.887136    6.05646     0.0318    13.8155 0.0000e+00  -63.21250  -61.21617 1154404696 213.165482    34.4469      72017         10  0.000e+00
    250.750     0.1463   2.885937     0.1530   2.887083    6.05183    -0.0233    13.8155 0.0000e+00  -63.21250  -61.21617 1154404696 213.165483    34.4469      72018         10  0.000e+00
    250.693     0.1464   2.885947     0.1514   2.887025    6.05175    -0.0343    13.8155 0.0000e+00  -63.21250  -61.21617 1154404697 213.165483    34.4469      72019         10  0.000e+00
    250.750     0.1463   2.885920     0.1520   2.887030    6.05184    -0.0894    13.8155 0.0000e+00  -63.21250  -61.21617 1154404697 213.165484    34.4467      72020         10  0.000e+00
    250.626     0.1463   2.885923     0.1531   2.887054    6.05173    -0.1004    13.8155 0.0000e+00  -63.21250  -61.21617 1154404697 213.165484    34.4468      72021         10  0.000e+00
    250.683     0.1463   2.885897     0.1545   2.887142    6.05179    -0.0564    13.8155 0.0000e+00  -63.21250  -61.21617 1154404697 213.165485    34.4465      72022         10  0.000e+00
    250.693     0.1464   2.885954     0.1539   2.887213    6.05175    -0.0343    13.8155 0.0000e+00  -63.21250  -61.21617 1154404697 213.165485    34.4470      72023         10  0.000e+00
    250.616     0.1469   2.885977     0.1560   2.887248    6.05632     0.0318    13.8155 0.0000e+00  -63.21250  -61.21617 1154404697 213.165486    34.4468      72024         10  0.000e+00
    250.693     0.1468   2.885977     0.1588   2.887307    6.05640    -0.0564    13.8155 0.0000e+00  -63.21250  -61.21617 1154404697 213.165486    34.4470      72025         10  0.000e+00
    250.616     0.1472   2.885994     0.1583   2.887272    6.05157    -0.1004    13.8155 0.0000e+00  -63.21250  -61.21617 1154404697 213.165487    34.4467      72026         10  0.000e+00
    250.626     0.1469   2.886000     0.1571   2.887236    6.05161    -0.0784    13.8155 0.0000e+00  -63.21250  -61.21617 1154404697 213.165487    34.4472      72027         10  0.000e+00
    250.616     0.1472   2.885980     0.1564   2.887183    6.05157    -0.0233    13.8155 0.0000e+00  -63.21250  -61.21617 1154404697 213.165488    34.4465      72028         10  0.000e+00
    250.549     0.1468   2.885977     0.1579   2.887154    6.05158    -0.1225    13.8155 0.0000e+00  -63.21250  -61.21617 1154404697 213.165488    34.4471      72029         10  0.000e+00
    250.616     0.1474   2.885994     0.1596   2.887225    6.05625    -0.1004    13.8155 0.0000e+00  -63.21250  -61.21617 1154404697 213.165489    34.4466      72030         10  0.000e+00
    250.549     0.1483   2.886067     0.1602   2.887336    6.05134    -0.1114    13.8155 0.0000e+00  -63.21250  -61.21617 1154404697 213.165489    34.4465      72031         10  0.000e+00
    250.549     0.1497   2.886111     0.1613   2.887424    6.05114    -0.1004    13.8155 0.0000e+00  -63.21250  -61.21617 1154404697 213.165489    34.4455      72032         10  0.000e+00
    250.540     0.1497   2.886185     0.1613   2.887548    6.05110    -0.0564    13.8155 0.0000e+00  -63.21250  -61.21617 1154404697 213.165490    34.4465      72033         10  0.000e+00
    250.549     0.1505   2.886279     0.1614   2.887601    6.05096    -0.0454    13.8155 0.0000e+00  -63.21250  -61.21617 1154404697 213.165490    34.4469      72034         10  0.000e+00
    250.540     0.1510   2.886403     0.1618   2.887624    6.05082    -0.0564    13.8155 0.0000e+00  -63.21250  -61.21617 1154404697 213.165491    34.4480      72035         10  0.000e+00
    250.550     0.1527   2.886714     0.1616   2.887671    6.05045    -0.0784    13.8155 0.0000e+00  -63.21250  -61.21617 1154404697 213.165491    34.4502      72036         10  0.000e+00
    250.540     0.1561   2.887083     0.1630   2.887813    6.05453    -0.0894    13.8155 0.0000e+00  -63.21250  -61.21617 1154404697 213.165492    34.4512      72037         10  0.000e+00
    250.483     0.1583   2.887261     0.1655   2.887977    6.04942    -0.1225    13.8155 0.0000e+00  -63.21250  -61.21617 1154404697 213.165492    34.4511      72038         10  0.000e+00
    250.540     0.1600   2.887274     0.1667   2.888118    6.05395    -0.0784    13.8155 0.0000e+00  -63.21250  -61.21617 1154404697 213.165493    34.4494      72039         10  0.000e+00
    250.406     0.1594   2.887231     0.1667   2.888171    6.04923    -0.0564    13.8155 0.0000e+00  -63.21250  -61.21617 1154404697 213.165493    34.4495      72040         10  0.000e+00
    250.616     0.1587   2.887030     0.1650   2.888095    6.05430    -0.0784    13.8155 0.0000e+00  -63.21250  -61.21617 1154404697 213.165494    34.4475      72041         10  0.000e+00
    250.483     0.1570   2.886916     0.1642   2.887907    6.05446    -0.1445    13.8155 0.0000e+00  -63.21250  -61.21617 1154404697 213.165494    34.4480      72042         10  0.000e+00
    250.540     0.1564   2.886969     0.1622   2.887730    6.04985    -0.1225    13.8155 0.0000e+00  -63.21250  -61.21617 1154404698 213.165495    34.4493      72043         10  0.000e+00
    250.483     0.1561   2.887043     0.1615   2.887624    6.04980    -0.1004    13.8155 0.0000e+00  -63.21250  -61.21617 1154404698 213.165495    34.4507      72044         10  0.000e+00
    250.473     0.1564   2.887043     0.1597   2.887566    6.05446    -0.1665    13.8155 0.0000e+00  -63.21250  -61.21617 1154404698 213.165496    34.4504      72045         10  0.000e+00
    250.483     0.1561   2.887003     0.1582   2.887448    6.05922    -0.1225    13.8155 0.0000e+00  -63.21250  -61.21617 1154404698 213.165496    34.4502      72046         10  0.000e+00
    250.473     0.1564   2.886973     0.1584   2.887395    6.05920    -0.1225    13.8155 0.0000e+00  -63.21250  -61.21617 1154404698 213.165497    34.4494      72047         10  0.000e+00
    250.550     0.1570   2.886969     0.1597   2.887448    6.04978    -0.0564    13.8155 0.0000e+00  -63.21250  -61.21617 1154404698 213.165497    34.4487      72048         10  0.000e+00
    250.473     0.1564   2.886969     0.1613   2.887530    6.05449    -0.1114    13.8155 0.0000e+00  -63.21250  -61.21617 1154404698 213.165498    34.4494      72049         10  0.000e+00
    250.483     0.1566   2.887003     0.1623   2.887695    6.04976    -0.1665    13.8155 0.0000e+00  -63.21250  -61.21617 1154404698 213.165498    34.4496      72050         10  0.000e+00
    250.473     0.1578   2.887167     0.1638   2.887801    6.05422    -0.1225    13.8155 0.0000e+00  -63.21250  -61.21617 1154404698 213.165499    34.4504      72051         10  0.000e+00
    250.483     0.1596   2.887241     0.1642   2.887930    6.05397    -0.1225    13.8155 0.0000e+00  -63.21250  -61.21617 1154404698 213.165499    34.4494      72052         10  0.000e+00
    250.473     0.1611   2.887331     0.1653   2.888018    6.05373    -0.1445    13.8155 0.0000e+00  -63.21250  -61.21617 1154404698 213.165500    34.4489      72053         10  0.000e+00
    250.483     0.1619   2.887395     0.1656   2.888060    6.05830    -0.1004    13.8155 0.0000e+00  -63.21250  -61.21617 1154404698 213.165500    34.4489      72054         10  0.000e+00
    250.473     0.1621   2.887338     0.1652   2.888030    6.05830    -0.0564    13.8155 0.0000e+00  -63.21250  -61.21617 1154404698 213.165501    34.4479      72055         10  0.000e+00
    250.483     0.1611   2.887244     0.1664   2.888095    6.05848    -0.1335    13.8155 0.0000e+00  -63.21250  -61.21617 1154404698 213.165501    34.4478      72056         10  0.000e+00
    250.473     0.1607   2.887345     0.1684   2.888207    6.05846    -0.1665    13.8155 0.0000e+00  -63.21250  -61.21617 1154404698 213.165502    34.4495      72057         10  0.000e+00
    250.483     0.1624   2.887576     0.1692   2.888313    6.05814    -0.1225    13.8155 0.0000e+00  -63.21250  -61.21617 1154404698 213.165502    34.4507      72058         10  0.000e+00
    250.473     0.1640   2.887690     0.1692   2.888360    6.05787    -0.0784    13.8155 0.0000e+00  -63.21250  -61.21617 1154404698 213.165503    34.4504      72059         10  0.000e+00
    200.113    -0.0497   2.863038    -0.0499   2.863287    6.31337    -0.0894    13.8155 0.0000e+00  -63.21250  -61.21617 1154404785 213.166510    34.3946      74149         11  0.000e+00
    199.999    -0.0491   2.863028    -0.0501   2.863258    6.30850    -0.0894    13.8155 0.0000e+00  -63.21250  -61.21617 1154404785 213.166511    34.3938      74150         11  0.000e+00
    200.047    -0.0494   2.863061    -0.0503   2.863240    6.30856    -0.1335    13.8155 0.0000e+00  -63.21250  -61.21617 1154404785 213.166511    34.3946      74151         11  0.000e+00
    199.932    -0.0494   2.863058    -0.0502   2.863246    6.31316    -0.0894    13.8155 0.0000e+00  -63.21250  -61.21617 1154404785 213.166512    34.3946      74152         11  0.000e+00
    199.932    -0.0489   2.863051    -0.0501   2.863252    6.31310    -0.0454    13.8155 0.0000e+00  -63.21250  -61.21617 1154404785 213.166512    34.3940      74153         11  0.000e+00
    200.047    -0.0497   2.863031    -0.0506   2.863199    6.31331    -0.1225    13.8155 0.0000e+00  -63.21250  -61.21617 1154404786 213.166513    34.3946      74154         11  0.000e+00
    199.999    -0.0493   2.863048    -0.0509   2.863193    6.31320    -0.0784    13.8155 0.0000e+00  -63.21250  -61.21617 1154404786 213.166513    34.3943      74155         11  0.000e+00
    199.999    -0.0496   2.863034    -0.0506   2.863199    6.31325    -0.0564    13.8155 0.0000e+00  -63.21250  -61.21617 1154404786 213.166514    34.3945      74156         11  0.000e+00
    199.970    -0.0497   2.863048    -0.0500   2.863217    6.31324    -0.1004    13.8155 0.0000e+00  -63.21250  -61.21617 1154404786 213.166514    34.3948      74157         11  0.000e+00
    199.932    -0.0496   2.862984    -0.0504   2.863211    6.31322    -0.0674    13.8155 0.0000e+00  -63.21250  -61.21617 1154404786 213.166515    34.3938      74158         11  0.000e+00
    199.970    -0.0499   2.863011    -0.0506   2.863199    6.31328    -0.0784    13.8155 0.0000e+00  -63.21250  -61.21617 1154404786 213.166515    34.3945      74159         11  0.000e+00
    199.932    -0.0499   2.863014    -0.0504   2.863199    6.31324    -0.1775    13.8155 0.0000e+00  -63.21250  -61.21617 1154404786 213.166516    34.3946      74160         11  0.000e+00
    199.999    -0.0496   2.862991    -0.0504   2.863228    6.31328    -0.1445    13.8155 0.0000e+00  -63.21250  -61.21617 1154404786 213.166516    34.3939      74161         11  0.000e+00
    199.903    -0.0496   2.863014    -0.0506   2.863222    6.31317    -0.1335    13.8155 0.0000e+00  -63.21250  -61.21617 1154404786 213.166517    34.3942      74162         11  0.000e+00
    199.932    -0.0493   2.863048    -0.0505   2.863205    6.31314    -0.0674    13.8155 0.0000e+00  -63.21250  -61.21617 1154404786 213.166517    34.3943      74163         11  0.000e+00
    199.932    -0.0485   2.863068    -0.0510   2.863205    6.31303    -0.0564    13.8155 0.0000e+00  -63.21250  -61.21617 1154404786 213.166518    34.3937      74164         11  0.000e+00
    199.970    -0.0477   2.863074    -0.0503   2.863217    6.31296    -0.1665    13.8155 0.0000e+00  -63.21250  -61.21617 1154404786 213.166518    34.3929      74165         11  0.000e+00
    199.932    -0.0485   2.863074    -0.0504   2.863240    6.31303    -0.1225    13.8155 0.0000e+00  -63.21250  -61.21617 1154404786 213.166519    34.3938      74166         11  0.000e+00
    199.932    -0.0488   2.863054    -0.0510   2.863211    6.31308    -0.0784    13.8155 0.0000e+00  -63.21250  -61.21617 1154404786 213.166519    34.3939      74167         11  0.000e+00
    199.903    -0.0497   2.863038    -0.0507   2.863205    6.31788    -0.0674    13.8155 0.0000e+00  -63.21250  -61.21617 1154404786 213.166520    34.3947      74168         11  0.000e+00
