product_data/regression_test/downloaded_data/MDGS/320620060703/ctd/p6621001.ros
* Sea-Bird SBE 9 Data File:
* FileName = D:\Data\Raw\p6621001.dat
* Software Version Seasave Win32 V 5.32
* Temperature SN = 1649
* Conductivity SN = 1431
* Number of Bytes Per Scan = 37
* Number of Voltage Words = 5
* Number of Scans Averaged by the Deck Unit = 1
* NMEA Latitude = 64 31.11 S
* NMEA Longitude = 062 44.33 W
* NMEA UTC (Time) = 02:56:57
** Ship:   Nathaniel B. Palmer 
** Cruise:    NBP0606 
# nquan = 17
# nvalues = 1176                    
# units = specified
# name 0 = prDM: Pressure, Digiquartz [db]
# name 1 = t090C: Temperature [ITS-90, deg C]
# name 2 = c0S/m: Conductivity [S/m]
# name 3 = t190C: Temperature, 2 [ITS-90, deg C]
# name 4 = c1S/m: Conductivity, 2 [S/m]
# name 5 = sbeox0ML/L: Oxygen, SBE 43 [ml/l]
# name 6 = flECO-AFL: Fluorescence, Wetlab ECO-AFL/FL [mg/m^3]
# name 7 = bat: Beam Attenuation, Chelsea/Seatech/Wetlab CStar [1/m]
# name 8 = spar: SPAR/Surface Irradiance
# name 9 = latitude: Latitude [deg]
# name 10 = longitude: Longitude [deg]
# name 11 = timeY: Time, System [seconds]
# name 12 = timeJ: Julian Days
# name 13 = sal00: Salinity [PSU]
# name 14 = scan: scan number
# name 15 = nbf: number of bottles fired
# name 16 = flag:  0.000e+00
# interval = seconds: 0.0416667                   
# start_time = Jul 31 2006 02:57:05
*END*
[from data line 1107]
     10.605    -0.6923   2.782142    -0.6924   2.782445    7.07740    -0.0123    13.8155 0.0000e+00  -64.51850  -62.73883 1154315684 212.135252    34.1516      25459         23  0.000e+00
     10.576    -0.6927   2.782156    -0.6922   2.782451    7.07743     0.0318    13.8155 0.0000e+00  -64.51850  -62.73883 1154315684 212.135252    34.1524      25460         23  0.000e+00
     10.576    -0.6926   2.782192    -0.6926   2.782422    7.07273    -0.0343    13.8155 0.0000e+00  -64.51850  -62.73883 1154315684 212.135253    34.1527      25461         23  0.000e+00
     10.605    -0.6927   2.782142    -0.6924   2.782398    7.07281    -0.0784    13.8155 0.0000e+00  -64.51850  -62.73883 1154315684 212.135253    34.1522      25462         23  0.000e+00
     10.652    -0.6925   2.782149    -0.6920   2.782393    7.07281    -0.0123    13.8155 0.0000e+00  -64.51850  -62.73883 1154315684 212.135254    34.1519      25463         23  0.000e+00
     10.538    -0.6923   2.782165    -0.6921   2.782410    7.07732    -0.1004    13.8155 0.0000e+00  -64.51850  -62.73883 1154315684 212.135254    34.1520      25464         23  0.000e+00
     10.652    -0.6923   2.782179    -0.6923   2.782433    7.07743    -0.1225    13.8155 0.0000e+00  -64.51850  -62.73883 1154315684 212.135255    34.1521      25465         23  0.000e+00
     10.576    -0.6926   2.782152    -0.6926   2.782445    7.07741    -0.1114    13.8155 0.0000e+00  -64.51850  -62.73883 1154315684 212.135255    34.1521      25466         23  0.000e+00
     10.605    -0.6926   2.782136    -0.6920   2.782445    7.07745    -0.0674    13.8155 0.0000e+00  -64.51850  -62.73883 1154315684 212.135256    34.1519      25467         23  0.000e+00
     10.652    -0.6922   2.782202    -0.6921   2.782474    7.07739    -0.0343    13.8155 0.0000e+00  -64.51850  -62.73883 1154315684 212.135256    34.1523      25468         23  0.000e+00
     10.576    -0.6924   2.782182    -0.6923   2.782433    7.07737    -0.0564    13.8155 0.0000e+00  -64.51850  -62.73883 1154315685 212.135257    34.1524      25469         23  0.000e+00
     10.605    -0.6927   2.782179    -0.6924   2.782433    7.07279    -0.0784    13.8155 0.0000e+00  -64.51850  -62.73883 1154315685 212.135257    34.1527      25470         23  0.000e+00
     10.652    -0.6924   2.782152    -0.6921   2.782445    7.07281    -0.0454    13.8155 0.0000e+00  -64.51850  -62.73883 1154315685 212.135258    34.1519      25471         23  0.000e+00
     10.605    -0.6927   2.782189    -0.6926   2.782480    7.07278    -0.0233    13.8155 0.0000e+00  -64.51850  -62.73883 1154315685 212.135258    34.1528      25472         23  0.000e+00
     10.576    -0.6926   2.782205    -0.6923   2.782456    7.07272    -0.0454    13.8155 0.0000e+00  -64.51850  -62.73883 1154315685 212.135258    34.1529      25473         23  0.000e+00
     10.652    -0.6927   2.782175    -0.6924   2.782445    7.07749    -0.1445    13.8155 0.0000e+00  -64.51850  -62.73883 1154315685 212.135259    34.1526      25474         23  0.000e+00
     10.605    -0.6923   2.782159    -0.6926   2.782422    7.07739    -0.1004    13.8155 0.0000e+00  -64.51850  -62.73883 1154315685 212.135259    34.1519      25475         23  0.000e+00
     10.652    -0.6929   2.782179    -0.6922   2.782451    7.07751    -0.0233    13.8155 0.0000e+00  -64.51850  -62.73883 1154315685 212.135260    34.1528      25476         23  0.000e+00
     10.576    -0.6924   2.782182    -0.6923   2.782468    7.07737    -0.0013    13.8155 0.0000e+00  -64.51850  -62.73883 1154315685 212.135260    34.1524      25477         23  0.000e+00
     10.605    -0.6923   2.782212    -0.6922   2.782468    7.07736     0.0318    13.8155 0.0000e+00  -64.51850  -62.73883 1154315685 212.135261    34.1526      25478         23  0.000e+00
     10.653    -0.6929   2.782172    -0.6921   2.782416    7.07752    -0.0454    13.8155 0.0000e+00  -64.51850  -62.73883 1154315686 212.135270    34.1527      25496         24  0.000e+00
     10.605    -0.6923   2.782179    -0.6921   2.782433    7.07738     0.0207    13.8155 0.0000e+00  -64.51850  -62.73883 1154315686 212.135270    34.1521      25497         24  0.000e+00
     10.577    -0.6925   2.782146    -0.6926   2.782422    7.07740    -0.0013    13.8155 0.0000e+00  -64.51850  -62.73883 1154315686 212.135271    34.1519      25498         24  0.000e+00
     10.653    -0.6924   2.782142    -0.6924   2.782433    7.07747    -0.0674    13.8155 0.0000e+00  -64.51850  -62.73883 1154315686 212.135271    34.1518      25499         24  0.000e+00
     10.538    -0.6929   2.782156    -0.6924   2.782445    7.07741    -0.1004    13.8155 0.0000e+00  -64.51850  -62.73883 1154315686 212.135272    34.1526      25500         24  0.000e+00
     10.653    -0.6926   2.782166    -0.6927   2.782445    7.07748    -0.0123    13.8155 0.0000e+00  -64.51850  -62.73883 1154315686 212.135272    34.1523      25501         24  0.000e+00
     10.605    -0.6927   2.782159    -0.6924   2.782445    7.07746     0.0097    13.8155 0.0000e+00  -64.51850  -62.73883 1154315686 212.135272    34.1524      25502         24  0.000e+00
     10.577    -0.6926   2.782139    -0.6922   2.782422    7.07743    -0.0343    13.8155 0.0000e+00  -64.51850  -62.73883 1154315686 212.135273    34.1520      25503         24  0.000e+00
     10.653    -0.6923   2.782175    -0.6924   2.782433    7.07743    -0.1004    13.8155 0.0000e+00  -64.51850  -62.73883 1154315686 212.135273    34.1521      25504         24  0.000e+00
     10.605    -0.6926   2.782182    -0.6922   2.782462    7.07742    -0.0564    13.8155 0.0000e+00  -64.51850  -62.73883 1154315686 212.135274    34.1525      25505         24  0.000e+00
     10.577    -0.6926   2.782136    -0.6924   2.782451    7.07742    -0.0123    13.8155 0.0000e+00  -64.51850  -62.73883 1154315686 212.135274    34.1519      25506         24  0.000e+00
     10.577    -0.6923   2.782182    -0.6922   2.782422    7.07735    -0.0674    13.8155 0.0000e+00  -64.51850  -62.73883 1154315686 212.135275    34.1522      25507         24  0.000e+00
     10.605    -0.6925   2.782169    -0.6921   2.782433    7.07741    -0.0784    13.8155 0.0000e+00  -64.51850  -62.73883 1154315686 212.135275    34.1522      25508         24  0.000e+00
     10.367    -0.6920   2.782165    -0.6923   2.782462    7.07711    -0.0894    13.8155 0.0000e+00  -64.51850  -62.73883 1154315686 212.135276    34.1518      25509         24  0.000e+00
     10.815    -0.6927   2.782159    -0.6919   2.782416    7.07766    -0.0343    13.8155 0.0000e+00  -64.51850  -62.73883 1154315686 212.135276    34.1523      25510         24  0.000e+00
     10.577    -0.6927   2.782179    -0.6924   2.782451    7.07742    -0.0784    13.8155 0.0000e+00  -64.51850  -62.73883 1154315686 212.135277    34.1527      25511         24  0.000e+00
     10.653    -0.6924   2.782166    -0.6924   2.782468    7.07280    -0.1004    13.8155 0.0000e+00  -64.51850  -62.73883 1154315686 212.135277    34.1521      25512         24  0.000e+00
     10.605    -0.6923   2.782159    -0.6924   2.782427    7.07740    -0.0564    13.8155 0.0000e+00  -64.51850  -62.73883 1154315686 212.135278    34.1519      25513         24  0.000e+00
     10.577    -0.6920   2.782179    -0.6922   2.782416    7.07731    -0.0784    13.8155 0.0000e+00  -64.51850  -62.73883 1154315686 212.135278    34.1518      25514         24  0.000e+00
     10.577    -0.6923   2.782198    -0.6924   2.782433    7.07734    -0.0674    13.8155 0.0000e+00  -64.51850  -62.73883 1154315686 212.135279    34.1524      25515         24  0.000e+00
     10.605    -0.6929   2.782175    -0.6921   2.782445    7.07747    -0.0454    13.8155 0.0000e+00  -64.51850  -62.73883 1154315686 212.135279    34.1528      25516         24  0.000e+00
     10.577    -0.6921   2.782179    -0.6924   2.782422    7.08198     0.0207    13.8155 0.0000e+00  -64.51850  -62.73883 1154315686 212.135280    34.1520      25517         24  0.000e+00
     10.577    -0.6925   2.782198    -0.6919   2.782433    7.07736    -0.0674    13.8155 0.0000e+00  -64.51850  -62.73883 1154315687 212.135280    34.1526      25518         24  0.000e+00
     10.605    -0.6923   2.782208    -0.6923   2.782445    7.07736    -0.1004    13.8155 0.0000e+00  -64.51850  -62.73883 1154315687 212.135281    34.1525      25519         24  0.000e+00
     10.577    -0.6923   2.782172    -0.6922   2.782422    7.07736    -0.0454    13.8155 0.0000e+00  -64.51850  -62.73883 1154315687 212.135281    34.1521      25520         24  0.000e+00
     10.605    -0.6921   2.782179    -0.6924   2.782451    7.07736    -0.0454    13.8155 0.0000e+00  -64.51850  -62.73883 1154315687 212.135282    34.1519      25521         24  0.000e+00
     10.577    -0.6927   2.782182    -0.6924   2.782427    7.07741    -0.0564    13.8155 0.0000e+00  -64.51850  -62.73883 1154315687 212.135282    34.1527      25522         24  0.000e+00
     10.577    -0.6925   2.782198    -0.6926   2.782451    7.07736    -0.0564    13.8155 0.0000e+00  -64.51850  -62.73883 1154315687 212.135283    34.1526      25523         24  0.000e+00
     10.539    -0.6926   2.782208    -0.6924   2.782468    7.07734    -0.0784    13.8155 0.0000e+00  -64.51850  -62.73883 1154315687 212.135283    34.1529      25524         24  0.000e+00
     10.577    -0.6924   2.782152    -0.6921   2.782451    7.07739    -0.0343    13.8155 0.0000e+00  -64.51850  -62.73883 1154315687 212.135284    34.1520      25525         24  0.000e+00
     10.577    -0.6920   2.782175    -0.6921   2.782445    7.07731     0.0318    13.8155 0.0000e+00  -64.51850  -62.73883 1154315687 212.135284    34.1518      25526         24  0.000e+00
     10.606    -0.6923   2.782198    -0.6923   2.782445    7.07737     0.0538    13.8155 0.0000e+00  -64.51850  -62.73883 1154315687 212.135285    34.1524      25527         24  0.000e+00
     10.577    -0.6925   2.782205    -0.6919   2.782445    7.07736     0.0207    13.8155 0.0000e+00  -64.51850  -62.73883 1154315687 212.135285    34.1527      25528         24  0.000e+00
     10.577    -0.6924   2.782192    -0.6921   2.782462    7.07736    -0.0123    13.8155 0.0000e+00  -64.51850  -62.73883 1154315687 212.135285    34.1525      25529         24  0.000e+00
     10.539    -0.6926   2.782182    -0.6921   2.782451    7.07735    -0.0784    13.8155 0.0000e+00  -64.51850  -62.73883 1154315687 212.135286    34.1526      25530         24  0.000e+00
     10.577    -0.6921   2.782222    -0.6918   2.782451    7.07730    -0.0674    13.8155 0.0000e+00  -64.51850  -62.73883 1154315687 212.135286    34.1525      25531         24  0.000e+00
     10.606    -0.6923   2.782212    -0.6926   2.782462    7.07736    -0.0564    13.8155 0.0000e+00  -64.51850  -62.73883 1154315687 212.135287    34.1526      25532         24  0.000e+00
     10.577    -0.6922   2.782225    -0.6924   2.782468    7.07730    -0.0894    13.8155 0.0000e+00  -64.51850  -62.73883 1154315687 212.135287    34.1527      25533         24  0.000e+00
     10.577    -0.6923   2.782225    -0.6919   2.782451    7.07732    -0.0564    13.8155 0.0000e+00  -64.51850  -62.73883 1154315687 212.135288    34.1528      25534         24  0.000e+00
     10.539    -0.6920   2.782208    -0.6926   2.782445    7.07725    -0.0013    13.8155 0.0000e+00  -64.51850  -62.73883 1154315687 212.135288    34.1522      25535         24  0.000e+00
     10.577    -0.6923   2.782192    -0.6930   2.782422    7.07734    -0.0123    13.8155 0.0000e+00  -64.51850  -62.73883 1154315687 212.135289    34.1523      25536         24  0.000e+00
     10.577    -0.6921   2.782182    -0.6918   2.782451    7.07732    -0.0894    13.8155 0.0000e+00  -64.51850  -62.73883 1154315687 212.135289    34.1520      25537         24  0.000e+00
     10.606    -0.6922   2.782222    -0.6923   2.782451    7.07268    -0.1114    13.8155 0.0000e+00  -64.51850  -62.73883 1154315687 212.135290    34.1526      25538         24  0.000e+00
     10.510    -0.6926   2.782195    -0.6926   2.782445    7.07732    -0.0894    13.8155 0.0000e+00  -64.51850  -62.73883 1154315687 212.135290    34.1527      25539         24  0.000e+00
     10.606    -0.6926   2.782198    -0.6923   2.782445    7.07741    -0.0674    13.8155 0.0000e+00  -64.51850  -62.73883 1154315687 212.135291    34.1527      25540         24  0.000e+00
     10.577    -0.6920   2.782192    -0.6924   2.782462    7.07730    -0.0343    13.8155 0.0000e+00  -64.51850  -62.73883 1154315687 212.135291    34.1520      25541         24  0.000e+00
     10.577    -0.6927   2.782198    -0.6927   2.782451    7.07740    -0.0343    13.8155 0.0000e+00  -64.51850  -62.73883 1154315688 212.135292    34.1529      25542         24  0.000e+00
     10.539    -0.6925   2.782208    -0.6922   2.782422    7.07732     0.0097    13.8155 0.0000e+00  -64.51850  -62.73883 1154315688 212.135292    34.1528      25543         24  0.000e+00
     10.577    -0.6920   2.782189    -0.6926   2.782433    7.07730    -0.0454    13.8155 0.0000e+00  -64.51850  -62.73883 1154315688 212.135293    34.1519      25544         24  0.000e+00
