product_data/regression_test/downloaded_data/MDGS/320620060703/ctd/p6620701.cnv
* Sea-Bird SBE 9 Data File:
* FileName = D:\Data\Raw\p6620701.dat
* Software Version Seasave Win32 V 5.32
* Temperature SN = 1649
* Conductivity SN = 1431
* Number of Bytes Per Scan = 37
* Number of Voltage Words = 5
* Number of Scans Averaged by the Deck Unit = 1
* NMEA Latitude = 64 36.87 S
* NMEA Longitude = 062 51.09 W
* NMEA UTC (Time) = 03:59:03
** Ship:   Nathaniel B. Palmer 
** Cruise:    NBP0606 
# nquan = 15
# nvalues = 535                         
# units = specified
# name 0 = prDM: Pressure, Digiquartz [db]
# name 1 = t090C: Temperature [ITS-90, deg C]
# name 2 = c0S/m: Conductivity [S/m]
# name 3 = t190C: Temperature, 2 [ITS-90, deg C]
# name 4 = c1S/m: Conductivity, 2 [S/m]
# name 5 = sbeox0ML/L: Oxygen, SBE 43 [ml/l]
# name 6 = flECO-AFL: Fluorescence, Wetlab ECO-AFL/FL [mg/m^3]
# name 7 = bat: Beam Attenuation, Chelsea/Seatech/Wetlab CStar [1/m]
# name 8 = spar: SPAR/Surface Irradiance
# name 9 = latitude: Latitude [deg]
# name 10 = longitude: Longitude [deg]
# name 11 = timeY: Time, System [seconds]
# name 12 = timeJ: Julian Days
# name 13 = sal00: Salinity [PSU]
# name 14 = flag: flag
# span 0 =      1.000,    535.000       
# span 1 =    -0.6373,     0.1336       
# span 2 =   2.784823,   2.902700       
# span 3 =    -0.6373,     0.1339       
# span 4 =   2.785279,   2.902948       
# span 5 =    5.86972,    7.02523       
# span 6 =    -0.1218,    -0.0305       
# span 7 =    13.8155,    13.8155       
# span 8 = 0.0000e+00, 0.0000e+00       
# span 9 =  -64.61450,  -64.61450       
# span 10 =  -62.85150,  -62.85150      
# span 11 = 1154145549, 1154146533      
# span 12 = 210.166075, 210.177483      
# span 13 =    34.1226,    34.5286      
# span 14 = 0.0000e+00, 0.0000e+00      
# interval = decibars: 1                
# start_time = Jul 29 2006 03:59:10
# bad_flag = -9.990e-29
*END*
      1.000    -0.5665   2.790182    -0.5492   2.792005    7.00754    -0.0793    13.8155 0.0000e+00  -64.61450  -62.85150 1154145549 210.166075    34.1243 0.0000e+00
      2.000    -0.5489   2.791615    -0.5601   2.791382    7.00886    -0.0803    13.8155 0.0000e+00  -64.61450  -62.85150 1154145557 210.166191    34.1230 0.0000e+00
      3.000    -0.5763   2.789398    -0.5756   2.790022    6.99269    -0.0799    13.8155 0.0000e+00  -64.61450  -62.85150 1154145561 210.166228    34.1236 0.0000e+00
      4.000    -0.6069   2.786767    -0.6059   2.787438    6.97825    -0.0787    13.8155 0.0000e+00  -64.61450  -62.85150 1154145564 210.166271    34.1231 0.0000e+00
      5.000    -0.6265   2.785173    -0.6275   2.785652    6.97301    -0.0895    13.8155 0.0000e+00  -64.61450  -62.85150 1154145568 210.166310    34.1231 0.0000e+00
      6.000    -0.6265   2.785234    -0.6254   2.785844    6.97514    -0.0833    13.8155 0.0000e+00  -64.61450  -62.85150 1154145572 210.166353    34.1227 0.0000e+00
      7.000    -0.6305   2.784956    -0.6308   2.785438    6.98342    -0.0788    13.8155 0.0000e+00  -64.61450  -62.85150 1154145575 210.166396    34.1227 0.0000e+00
      8.000    -0.6284   2.785193    -0.6286   2.785672    6.99326    -0.0830    13.8155 0.0000e+00  -64.61450  -62.85150 1154145579 210.166441    34.1226 0.0000e+00
      9.000    -0.6259   2.785480    -0.6259   2.785954    6.99499    -0.0862    13.8155 0.0000e+00  -64.61450  -62.85150 1154145583 210.166484    34.1228 0.0000e+00
     10.000    -0.6300   2.785181    -0.6304   2.785606    6.99637    -0.0804    13.8155 0.0000e+00  -64.61450  -62.85150 1154145586 210.166524    34.1228 0.0000e+00
     11.000    -0.6326   2.785006    -0.6324   2.785481    7.00135    -0.0913    13.8155 0.0000e+00  -64.61450  -62.85150 1154145590 210.166563    34.1228 0.0000e+00
     12.000    -0.6338   2.784952    -0.6339   2.785395    7.00579    -0.0932    13.8155 0.0000e+00  -64.61450  -62.85150 1154145593 210.166597    34.1228 0.0000e+00
     13.000    -0.6357   2.784835    -0.6357   2.785279    7.01339    -0.0704    13.8155 0.0000e+00  -64.61450  -62.85150 1154145595 210.166624    34.1227 0.0000e+00
     14.000    -0.6364   2.784823    -0.6360   2.785288    7.01458    -0.0819    13.8155 0.0000e+00  -64.61450  -62.85150 1154145598 210.166654    34.1227 0.0000e+00
     15.000    -0.6349   2.784997    -0.6356   2.785372    7.00885    -0.0743    13.8155 0.0000e+00  -64.61450  -62.85150 1154145600 210.166681    34.1226 0.0000e+00
     16.000    -0.6355   2.785000    -0.6349   2.785479    7.00985    -0.0808    13.8155 0.0000e+00  -64.61450  -62.85150 1154145602 210.166710    34.1228 0.0000e+00
     17.000    -0.6365   2.784968    -0.6369   2.785366    7.01209    -0.0794    13.8155 0.0000e+00  -64.61450  -62.85150 1154145605 210.166735    34.1228 0.0000e+00
     18.000    -0.6368   2.784988    -0.6366   2.785438    7.01385    -0.0626    13.8155 0.0000e+00  -64.61450  -62.85150 1154145607 210.166762    34.1229 0.0000e+00
     19.000    -0.6366   2.785064    -0.6358   2.785551    7.01873    -0.0702    13.8155 0.0000e+00  -64.61450  -62.85150 1154145609 210.166787    34.1230 0.0000e+00
     20.000    -0.6343   2.785306    -0.6344   2.785724    7.02320    -0.0674    13.8155 0.0000e+00  -64.61450  -62.85150 1154145611 210.166814    34.1231 0.0000e+00
     21.000    -0.6370   2.785124    -0.6373   2.785523    7.02523    -0.0963    13.8155 0.0000e+00  -64.61450  -62.85150 1154145614 210.166839    34.1230 0.0000e+00
     22.000    -0.6373   2.785149    -0.6360   2.785671    7.02414    -0.0869    13.8155 0.0000e+00  -64.61450  -62.85150 1154145616 210.166865    34.1231 0.0000e+00
     23.000    -0.6353   2.785362    -0.6349   2.785818    7.02424    -0.0739    13.8155 0.0000e+00  -64.61450  -62.85150 1154145618 210.166891    34.1230 0.0000e+00
     24.000    -0.6349   2.785459    -0.6349   2.785868    7.01829    -0.0873    13.8155 0.0000e+00  -64.61450  -62.85150 1154145620 210.166915    34.1233 0.0000e+00
     25.000    -0.6339   2.785586    -0.6330   2.786067    7.01806    -0.0829    13.8155 0.0000e+00  -64.61450  -62.85150 1154145622 210.166940    34.1232 0.0000e+00
     26.000    -0.6309   2.785893    -0.6305   2.786343    7.01860    -0.0879    13.8155 0.0000e+00  -64.61450  -62.85150 1154145624 210.166965    34.1233 0.0000e+00
     27.000    -0.6319   2.785859    -0.6315   2.786287    7.01598    -0.0822    13.8155 0.0000e+00  -64.61450  -62.85150 1154145626 210.166989    34.1233 0.0000e+00
     28.000    -0.6332   2.785782    -0.6328   2.786222    7.01642    -0.0587    13.8155 0.0000e+00  -64.61450  -62.85150 1154145629 210.167014    34.1233 0.0000e+00
     29.000    -0.6337   2.785790    -0.6333   2.786222    7.02054    -0.0772    13.8155 0.0000e+00  -64.61450  -62.85150 1154145631 210.167039    34.1233 0.0000e+00
     30.000    -0.6305   2.786121    -0.6302   2.786529    7.01732    -0.0888    13.8155 0.0000e+00  -64.61450  -62.85150 1154145633 210.167064    34.1234 0.0000e+00
     31.000    -0.6297   2.786240    -0.6291   2.786684    7.01202    -0.0920    13.8155 0.0000e+00  -64.61450  -62.85150 1154145635 210.167088    34.1235 0.0000e+00
     32.000    -0.6314   2.786138    -0.6309   2.786573    7.01249    -0.0889    13.8155 0.0000e+00  -64.61450  -62.85150 1154145637 210.167112    34.1235 0.0000e+00
     33.000    -0.6328   2.786052    -0.6323   2.786486    7.01864    -0.0709    13.8155 0.0000e+00  -64.61450  -62.85150 1154145639 210.167137    34.1234 0.0000e+00
     34.000    -0.6327   2.786104    -0.6322   2.786541    7.01236    -0.0783    13.8155 0.0000e+00  -64.61450  -62.85150 1154145641 210.167160    34.1233 0.0000e+00
     35.000    -0.6329   2.786132    -0.6323   2.786564    7.01367    -0.0744    13.8155 0.0000e+00  -64.61450  -62.85150 1154145643 210.167184    34.1233 0.0000e+00
     36.000    -0.6296   2.786481    -0.6295   2.786866    7.01297    -0.0845    13.8155 0.0000e+00  -64.61450  -62.85150 1154145645 210.167208    34.1237 0.0000e+00
     37.000    -0.6300   2.786490    -0.6297   2.786893    7.01397    -0.0793    13.8155 0.0000e+00  -64.61450  -62.85150 1154145648 210.167233    34.1235 0.0000e+00
     38.000    -0.6276   2.786773    -0.6269   2.787204    7.01042    -0.0867    13.8155 0.0000e+00  -64.61450  -62.85150 1154145650 210.167256    34.1239 0.0000e+00
     39.000    -0.6279   2.786775    -0.6276   2.787189    7.01119    -0.0810    13.8155 0.0000e+00  -64.61450  -62.85150 1154145652 210.167280    34.1238 0.0000e+00
     40.000    -0.6281   2.786816    -0.6277   2.787218    7.01211    -0.0888    13.8155 0.0000e+00  -64.61450  -62.85150 1154145654 210.167304    34.1240 0.0000e+00
     41.000    -0.6276   2.786896    -0.6272   2.787315    7.01280    -0.0855    13.8155 0.0000e+00  -64.61450  -62.85150 1154145656 210.167327    34.1239 0.0000e+00
     42.000    -0.6274   2.786971    -0.6270   2.787378    7.01353    -0.0766    13.8155 0.0000e+00  -64.61450  -62.85150 1154145658 210.167351    34.1240 0.0000e+00
     43.000    -0.6266   2.787090    -0.6258   2.787523    7.01243    -0.0873    13.8155 0.0000e+00  -64.61450  -62.85150 1154145660 210.167373    34.1241 0.0000e+00
     44.000    -0.6249   2.787300    -0.6244   2.787699    7.00781    -0.0702    13.8155 0.0000e+00  -64.61450  -62.85150 1154145662 210.167397    34.1243 0.0000e+00
     45.000    -0.6266   2.787179    -0.6266   2.787547    7.00951    -0.0890    13.8155 0.0000e+00  -64.61450  -62.85150 1154145664 210.167420    34.1240 0.0000e+00
     46.000    -0.6265   2.787232    -0.6262   2.787621    7.01013    -0.0667    13.8155 0.0000e+00  -64.61450  -62.85150 1154145666 210.167444    34.1242 0.0000e+00
     47.000    -0.6252   2.787403    -0.6247   2.787805    7.00837    -0.0983    13.8155 0.0000e+00  -64.61450  -62.85150 1154145668 210.167468    34.1243 0.0000e+00
     48.000    -0.6249   2.787470    -0.6244   2.787877    7.00878    -0.0768    13.8155 0.0000e+00  -64.61450  -62.85150 1154145670 210.167492    34.1243 0.0000e+00
     49.000    -0.6249   2.787524    -0.6242   2.787945    7.00916    -0.0838    13.8155 0.0000e+00  -64.61450  -62.85150 1154145672 210.167517    34.1244 0.0000e+00
     50.000    -0.6241   2.787641    -0.6237   2.788030    7.00839    -0.0767    13.8155 0.0000e+00  -64.61450  -62.85150 1154145674 210.167539    34.1244 0.0000e+00
     51.000    -0.6243   2.787668    -0.6239   2.788063    7.00809    -0.0579    13.8155 0.0000e+00  -64.61450  -62.85150 1154145676 210.167560    34.1244 0.0000e+00
     52.000    -0.6240   2.787744    -0.6237   2.788124    7.00294    -0.0599    13.8155 0.0000e+00  -64.61450  -62.85150 1154145678 210.167582    34.1245 0.0000e+00
     53.000    -0.6235   2.787833    -0.6229   2.788232    6.99890    -0.0833    13.8155 0.0000e+00  -64.61450  -62.85150 1154145680 210.167603    34.1245 0.0000e+00
     54.000    -0.6238   2.787853    -0.6233   2.788252    7.00180    -0.0870    13.8155 0.0000e+00  -64.61450  -62.85150 1154145682 210.167627    34.1245 0.0000e+00
     55.000    -0.6232   2.787953    -0.6227   2.788346    7.00294    -0.0846    13.8155 0.0000e+00  -64.61450  -62.85150 1154145684 210.167650    34.1245 0.0000e+00
     56.000    -0.6235   2.787979    -0.6230   2.788365    7.00359    -0.0704    13.8155 0.0000e+00  -64.61450  -62.85150 1154145686 210.167674    34.1246 0.0000e+00
     57.000    -0.6190   2.788461    -0.6196   2.788740    7.00524    -0.0543    13.8155 0.0000e+00  -64.61450  -62.85150 1154145688 210.167698    34.1253 0.0000e+00
     58.000    -0.6197   2.788446    -0.6173   2.788989    7.00392    -0.0619    13.8155 0.0000e+00  -64.61450  -62.85150 1154145690 210.167723    34.1254 0.0000e+00
     59.000    -0.6229   2.788182    -0.6237   2.788468    7.00141    -0.0563    13.8155 0.0000e+00  -64.61450  -62.85150 1154145692 210.167746    34.1249 0.0000e+00
     60.000    -0.6243   2.788102    -0.6237   2.788483    7.00373    -0.0826    13.8155 0.0000e+00  -64.61450  -62.85150 1154145694 210.167769    34.1248 0.0000e+00
     61.000    -0.6228   2.788286    -0.6228   2.788625    7.00486    -0.0842    13.8155 0.0000e+00  -64.61450  -62.85150 1154145696 210.167792    34.1249 0.0000e+00
     62.000    -0.6224   2.788390    -0.6221   2.788739    7.00589    -0.0953    13.8155 0.0000e+00  -64.61450  -62.85150 1154145698 210.167815    34.1252 0.0000e+00
     63.000    -0.6227   2.788376    -0.6221   2.788764    7.00470    -0.0672    13.8155 0.0000e+00  -64.61450  -62.85150 1154145700 210.167840    34.1248 0.0000e+00
     64.000    -0.6230   2.788402    -0.6224   2.788789    7.00121    -0.0588    13.8155 0.0000e+00  -64.61450  -62.85150 1154145708 210.167937    34.1248 0.0000e+00
     65.000    -0.6212   2.788634    -0.6204   2.789027    6.99661    -0.0678    13.8155 0.0000e+00  -64.61450  -62.85150 1154145719 210.168059    34.1252 0.0000e+00
     66.000    -0.6169   2.789086    -0.6162   2.789449    6.99155    -0.0625    13.8155 0.0000e+00  -64.61450  -62.85150 1154145737 210.168265    34.1259 0.0000e+00
     67.000    -0.6173   2.789127    -0.6166   2.789472    6.99258    -0.0611    13.8155 0.0000e+00  -64.61450  -62.85150 1154145795 210.168937    34.1263 0.0000e+00
     68.000    -0.6177   2.789171    -0.6172   2.789473    6.99203    -0.0603    13.8155 0.0000e+00  -64.61450  -62.85150 1154145900 210.170160    34.1267 0.0000e+00
     69.000    -0.6176   2.789231    -0.6171   2.789540    6.98932    -0.0643    13.8155 0.0000e+00  -64.61450  -62.85150 1154145902 210.170177    34.1269 0.0000e+00
     70.000    -0.6180   2.789253    -0.6175   2.789556    6.98843    -0.0671    13.8155 0.0000e+00  -64.61450  -62.85150 1154145904 210.170204    34.1270 0.0000e+00
     71.000    -0.6180   2.789301    -0.6173   2.789619    6.99021    -0.0505    13.8155 0.0000e+00  -64.61450  -62.85150 1154145907 210.170231    34.1270 0.0000e+00
     72.000    -0.6178   2.789362    -0.6170   2.789690    6.99038    -0.0558    13.8155 0.0000e+00  -64.61450  -62.85150 1154145909 210.170258    34.1269 0.0000e+00
     73.000    -0.6172   2.789472    -0.6167   2.789768    6.98536    -0.0465    13.8155 0.0000e+00  -64.61450  -62.85150 1154145911 210.170286    34.1271 0.0000e+00
     74.000    -0.6177   2.789467    -0.6170   2.789777    6.98553    -0.0515    13.8155 0.0000e+00  -64.61450  -62.85150 1154145914 210.170313    34.1270 0.0000e+00
     75.000    -0.6165   2.789629    -0.6158   2.789939    6.98648    -0.0568    13.8155 0.0000e+00  -64.61450  -62.85150 1154145916 210.170339    34.1272 0.0000e+00
     76.000    -0.6168   2.789628    -0.6165   2.789924    6.98739    -0.0706    13.8155 0.0000e+00  -64.61450  -62.85150 1154145918 210.170366    34.1270 0.0000e+00
     77.000    -0.6164   2.789722    -0.6157   2.790029    6.99229    -0.0571    13.8155 0.0000e+00  -64.61450  -62.85150 1154145921 210.170392    34.1271 0.0000e+00
     78.000    -0.6160   2.789812    -0.6156   2.790101    6.99340    -0.0408    13.8155 0.0000e+00  -64.61450  -62.85150 1154145923 210.170417    34.1273 0.0000e+00
     79.000    -0.6158   2.789861    -0.6152   2.790178    6.99284    -0.0561    13.8155 0.0000e+00  -64.61450  -62.85150 1154145925 210.170443    34.1271 0.0000e+00
     80.000    -0.6185   2.789663    -0.6176   2.789992    6.99237    -0.0535    13.8155 0.0000e+00  -64.61450  -62.85150 1154145927 210.170468    34.1269 0.0000e+00
     81.000    -0.6189   2.789660    -0.6197   2.789836    6.99337    -0.0625    13.8155 0.0000e+00  -64.61450  -62.85150 1154145929 210.170493    34.1267 0.0000e+00
     82.000    -0.6230   2.789325    -0.6215   2.789710    6.99436    -0.0628    13.8155 0.0000e+00  -64.61450  -62.85150 1154145931 210.170518    34.1263 0.0000e+00
     83.000    -0.6207   2.789582    -0.6201   2.789897    6.99570    -0.0701    13.8155 0.0000e+00  -64.61450  -62.85150 1154145933 210.170541    34.1264 0.0000e+00
     84.000    -0.6225   2.789465    -0.6219   2.789767    6.99597    -0.0739    13.8155 0.0000e+00  -64.61450  -62.85150 1154145935 210.170564    34.1263 0.0000e+00
     85.000    -0.6230   2.789453    -0.6231   2.789711    6.99694    -0.0467    13.8155 0.0000e+00  -64.61450  -62.85150 1154145938 210.170588    34.1261 0.0000e+00
     86.000    -0.6211   2.789687    -0.6206   2.789971    6.99750    -0.0726    13.8155 0.0000e+00  -64.61450  -62.85150 1154145940 210.170611    34.1265 0.0000e+00
     87.000    -0.6180   2.790030    -0.6173   2.790338    6.99567    -0.0646    13.8155 0.0000e+00  -64.61450  -62.85150 1154145942 210.170636    34.1268 0.0000e+00
     88.000    -0.6180   2.790064    -0.6174   2.790372    6.99089    -0.0606    13.8155 0.0000e+00  -64.61450  -62.85150 1154145944 210.170659    34.1268 0.0000e+00
     89.000    -0.6174   2.790175    -0.6169   2.790472    6.98759    -0.0448    13.8155 0.0000e+00  -64.61450  -62.85150 1154145946 210.170683    34.1269 0.0000e+00
     90.000    -0.6159   2.790381    -0.6149   2.790722    6.99139    -0.0532    13.8155 0.0000e+00  -64.61450  -62.85150 1154145948 210.170708    34.1273 0.0000e+00
     91.000    -0.6161   2.790404    -0.6147   2.790780    6.99659    -0.0585    13.8155 0.0000e+00  -64.61450  -62.85150 1154145950 210.170731    34.1273 0.0000e+00
     92.000    -0.6148   2.790574    -0.6147   2.790835    6.99497    -0.0548    13.8155 0.0000e+00  -64.61450  -62.85150 1154145952 210.170756    34.1276 0.0000e+00
     93.000    -0.6163   2.790466    -0.6158   2.790764    6.99365    -0.0622    13.8155 0.0000e+00  -64.61450  -62.85150 1154145954 210.170778    34.1272 0.0000e+00
     94.000    -0.6144   2.790710    -0.6133   2.791054    6.98688    -0.0469    13.8155 0.0000e+00  -64.61450  -62.85150 1154145956 210.170802    34.1277 0.0000e+00
     95.000    -0.6129   2.790906    -0.6128   2.791174    6.98419    -0.0628    13.8155 0.0000e+00  -64.61450  -62.85150 1154145958 210.170825    34.1279 0.0000e+00
     96.000    -0.6136   2.790882    -0.6128   2.791213    6.98285    -0.0672    13.8155 0.0000e+00  -64.61450  -62.85150 1154145960 210.170849    34.1279 0.0000e+00
