product_data/regression_test/downloaded_data/MDGS/320620060703/ctd/p6620701.cnv
* Sea-Bird SBE 9 Data File:
* FileName = D:\Data\Raw\p6620701.dat
* Software Version Seasave Win32 V 5.32
* Temperature SN = 1649
* Conductivity SN = 1431
* Number of Bytes Per Scan = 37
* Number of Voltage Words = 5
* Number of Scans Averaged by the Deck Unit = 1
* NMEA Latitude = 64 36.87 S
* NMEA Longitude = 062 51.09 W
* NMEA UTC (Time) = 03:59:03
** Ship:   Nathaniel B. Palmer 
** Cruise:    NBP0606 
# nquan = 15
# nvalues = 535                         
# units = specified
# name 0 = prDM: Pressure, Digiquartz [db]
# name 1 = t090C: Temperature [ITS-90, deg C]
# name 2 = c0S/m: Conductivity [S/m]
# name 3 = t190C: Temperature, 2 [ITS-90, deg C]
# name 4 = c1S/m: Conductivity, 2 [S/m]
# name 5 = sbeox0ML/L: Oxygen, SBE 43 [ml/l]
# name 6 = flECO-AFL: Fluorescence, Wetlab ECO-AFL/FL [mg/m^3]
# name 7 = bat: Beam Attenuation, Chelsea/Seatech/Wetlab CStar [1/m]
# name 8 = spar: SPAR/Surface Irradiance
# name 9 = latitude: Latitude [deg]
# name 10 = longitude: Longitude [deg]
# name 11 = timeY: Time, System [seconds]
# name 12 = timeJ: Julian Days
# name 13 = sal00: Salinity [PSU]
# name 14 = flag: flag
# span 0 =      1.000,    535.000       
# span 1 =    -0.6373,     0.1336       
# span 2 =   2.784823,   2.902700       
# span 3 =    -0.6373,     0.1339       
# span 4 =   2.785279,   2.902948       
# span 5 =    5.86972,    7.02523       
# span 6 =    -0.1218,    -0.0305       
# span 7 =    13.8155,    13.8155       
# span 8 = 0.0000e+00, 0.0000e+00       
# span 9 =  -64.61450,  -64.61450       
# span 10 =  -62.85150,  -62.85150      
# span 11 = 1154145549, 1154146533      
# span 12 = 210.166075, 210.177483      
# span 13 =    34.1226,    34.5286      
# span 14 = 0.0000e+00, 0.0000e+00      
# interval = decibars: 1                
# start_time = Jul 29 2006 03:59:10
# bad_flag = -9.990e-29
*END*
[from data line 193]
    194.000     0.0646   2.869526     0.0653   2.869774    6.04715    -0.0562    13.8155 0.0000e+00  -64.61450  -62.85150 1154146082 210.172264    34.3557 0.0000e+00
    195.000     0.0649   2.869818     0.0652   2.869998    6.04586    -0.0880    13.8155 0.0000e+00  -64.61450  -62.85150 1154146083 210.172278    34.3587 0.0000e+00
    196.000     0.0638   2.869950     0.0643   2.870172    6.04674    -0.0501    13.8155 0.0000e+00  -64.61450  -62.85150 1154146085 210.172291    34.3610 0.0000e+00
    197.000     0.0631   2.870021     0.0636   2.870267    6.04615    -0.0636    13.8155 0.0000e+00  -64.61450  -62.85150 1154146086 210.172304    34.3622 0.0000e+00
    198.000     0.0630   2.869954     0.0636   2.870225    6.04210    -0.0771    13.8155 0.0000e+00  -64.61450  -62.85150 1154146087 210.172318    34.3608 0.0000e+00
    199.000     0.0620   2.870134     0.0623   2.870410    6.03718    -0.1021    13.8155 0.0000e+00  -64.61450  -62.85150 1154146088 210.172332    34.3639 0.0000e+00
    200.000     0.0605   2.870421     0.0611   2.870665    6.03391    -0.0698    13.8155 0.0000e+00  -64.61450  -62.85150 1154146089 210.172345    34.3688 0.0000e+00
    201.000     0.0591   2.870926     0.0598   2.871120    6.03222    -0.0574    13.8155 0.0000e+00  -64.61450  -62.85150 1154146090 210.172359    34.3765 0.0000e+00
    202.000     0.0566   2.871547     0.0569   2.871834    6.02861    -0.0547    13.8155 0.0000e+00  -64.61450  -62.85150 1154146092 210.172372    34.3870 0.0000e+00
    203.000     0.0575   2.872257     0.0578   2.872416    6.02131    -0.0835    13.8155 0.0000e+00  -64.61450  -62.85150 1154146093 210.172384    34.3947 0.0000e+00
    204.000     0.0657   2.873563     0.0662   2.873740    6.01313    -0.0766    13.8155 0.0000e+00  -64.61450  -62.85150 1154146094 210.172398    34.4021 0.0000e+00
    205.000     0.0751   2.874850     0.0756   2.875061    6.00627    -0.0815    13.8155 0.0000e+00  -64.61450  -62.85150 1154146095 210.172412    34.4075 0.0000e+00
    206.000     0.0779   2.875276     0.0785   2.875492    5.99751    -0.1055    13.8155 0.0000e+00  -64.61450  -62.85150 1154146096 210.172425    34.4093 0.0000e+00
    207.000     0.0852   2.876383     0.0855   2.876533    5.98959    -0.0911    13.8155 0.0000e+00  -64.61450  -62.85150 1154146097 210.172439    34.4151 0.0000e+00
    208.000     0.0897   2.877111     0.0901   2.877312    5.98309    -0.0687    13.8155 0.0000e+00  -64.61450  -62.85150 1154146099 210.172453    34.4190 0.0000e+00
    209.000     0.0903   2.877313     0.0908   2.877548    5.97969    -0.0930    13.8155 0.0000e+00  -64.61450  -62.85150 1154146100 210.172466    34.4204 0.0000e+00
    210.000     0.0896   2.877459     0.0901   2.877690    5.97566    -0.1074    13.8155 0.0000e+00  -64.61450  -62.85150 1154146101 210.172479    34.4227 0.0000e+00
    211.000     0.0893   2.877682     0.0899   2.877908    5.97292    -0.0556    13.8155 0.0000e+00  -64.61450  -62.85150 1154146102 210.172493    34.4253 0.0000e+00
    212.000     0.0868   2.877582     0.0874   2.877827    5.97355    -0.0961    13.8155 0.0000e+00  -64.61450  -62.85150 1154146103 210.172506    34.4263 0.0000e+00
    213.000     0.0859   2.877593     0.0863   2.877823    5.97383    -0.0891    13.8155 0.0000e+00  -64.61450  -62.85150 1154146104 210.172519    34.4271 0.0000e+00
    214.000     0.0849   2.877677     0.0853   2.877900    5.97175    -0.0792    13.8155 0.0000e+00  -64.61450  -62.85150 1154146105 210.172532    34.4287 0.0000e+00
    215.000     0.0837   2.877704     0.0843   2.877944    5.96946    -0.1034    13.8155 0.0000e+00  -64.61450  -62.85150 1154146107 210.172546    34.4298 0.0000e+00
    216.000     0.0824   2.877758     0.0827   2.877967    5.96629    -0.0953    13.8155 0.0000e+00  -64.61450  -62.85150 1154146108 210.172559    34.4315 0.0000e+00
    217.000     0.0859   2.878322     0.0863   2.878545    5.96592    -0.0765    13.8155 0.0000e+00  -64.61450  -62.85150 1154146109 210.172573    34.4343 0.0000e+00
    218.000     0.0888   2.878813     0.0894   2.879033    5.96518    -0.0754    13.8155 0.0000e+00  -64.61450  -62.85150 1154146110 210.172586    34.4369 0.0000e+00
    219.000     0.0910   2.879304     0.0916   2.879554    5.96318    -0.0862    13.8155 0.0000e+00  -64.61450  -62.85150 1154146111 210.172600    34.4404 0.0000e+00
    220.000     0.0938   2.879873     0.0942   2.880092    5.95902    -0.0981    13.8155 0.0000e+00  -64.61450  -62.85150 1154146112 210.172613    34.4440 0.0000e+00
    221.000     0.0946   2.880080     0.0951   2.880308    5.95392    -0.0847    13.8155 0.0000e+00  -64.61450  -62.85150 1154146114 210.172627    34.4453 0.0000e+00
    222.000     0.0955   2.880294     0.0960   2.880534    5.95260    -0.0941    13.8155 0.0000e+00  -64.61450  -62.85150 1154146115 210.172640    34.4465 0.0000e+00
    223.000     0.0962   2.880480     0.0968   2.880734    5.94922    -0.0921    13.8155 0.0000e+00  -64.61450  -62.85150 1154146116 210.172653    34.4475 0.0000e+00
    224.000     0.0967   2.880615     0.0973   2.880859    5.94690    -0.0761    13.8155 0.0000e+00  -64.61450  -62.85150 1154146117 210.172668    34.4482 0.0000e+00
    225.000     0.0976   2.880834     0.0981   2.881081    5.94716    -0.1013    13.8155 0.0000e+00  -64.61450  -62.85150 1154146118 210.172683    34.4495 0.0000e+00
    226.000     0.0994   2.881242     0.0997   2.881437    5.94588    -0.0612    13.8155 0.0000e+00  -64.61450  -62.85150 1154146120 210.172697    34.4517 0.0000e+00
    227.000     0.1000   2.881321     0.1005   2.881580    5.94318    -0.0755    13.8155 0.0000e+00  -64.61450  -62.85150 1154146121 210.172712    34.4520 0.0000e+00
    228.000     0.0999   2.881365     0.1004   2.881592    5.94026    -0.0766    13.8155 0.0000e+00  -64.61450  -62.85150 1154146122 210.172727    34.4521 0.0000e+00
    229.000     0.0993   2.881317     0.0998   2.881560    5.93817    -0.0782    13.8155 0.0000e+00  -64.61450  -62.85150 1154146124 210.172742    34.4515 0.0000e+00
    230.000     0.0995   2.881396     0.0999   2.881623    5.93710    -0.0836    13.8155 0.0000e+00  -64.61450  -62.85150 1154146125 210.172757    34.4519 0.0000e+00
    231.000     0.1001   2.881539     0.1007   2.881800    5.93781    -0.0820    13.8155 0.0000e+00  -64.61450  -62.85150 1154146126 210.172773    34.4525 0.0000e+00
    232.000     0.1003   2.881618     0.1010   2.881890    5.93804    -0.0848    13.8155 0.0000e+00  -64.61450  -62.85150 1154146128 210.172788    34.4527 0.0000e+00
    233.000     0.1008   2.881755     0.1013   2.881989    5.93744    -0.0790    13.8155 0.0000e+00  -64.61450  -62.85150 1154146129 210.172801    34.4533 0.0000e+00
    234.000     0.1016   2.881898     0.1020   2.882142    5.93697    -0.1114    13.8155 0.0000e+00  -64.61450  -62.85150 1154146130 210.172816    34.4537 0.0000e+00
    235.000     0.1017   2.881993     0.1022   2.882219    5.93595    -0.0753    13.8155 0.0000e+00  -64.61450  -62.85150 1154146131 210.172832    34.4543 0.0000e+00
    236.000     0.1023   2.882159     0.1029   2.882416    5.93329    -0.0682    13.8155 0.0000e+00  -64.61450  -62.85150 1154146133 210.172846    34.4552 0.0000e+00
    237.000     0.1028   2.882333     0.1033   2.882580    5.92867    -0.0828    13.8155 0.0000e+00  -64.61450  -62.85150 1154146134 210.172860    34.4563 0.0000e+00
    238.000     0.1033   2.882463     0.1038   2.882708    5.92786    -0.0642    13.8155 0.0000e+00  -64.61450  -62.85150 1154146135 210.172875    34.4569 0.0000e+00
    239.000     0.1043   2.882729     0.1048   2.882974    5.92728    -0.1010    13.8155 0.0000e+00  -64.61450  -62.85150 1154146136 210.172891    34.4587 0.0000e+00
    240.000     0.1062   2.883186     0.1066   2.883399    5.92521    -0.0416    13.8155 0.0000e+00  -64.61450  -62.85150 1154146138 210.172905    34.4620 0.0000e+00
    241.000     0.1074   2.883487     0.1080   2.883730    5.92030    -0.0798    13.8155 0.0000e+00  -64.61450  -62.85150 1154146139 210.172918    34.4639 0.0000e+00
    242.000     0.1100   2.884070     0.1103   2.884256    5.91972    -0.0874    13.8155 0.0000e+00  -64.61450  -62.85150 1154146140 210.172933    34.4681 0.0000e+00
    243.000     0.1123   2.884546     0.1127   2.884767    5.91691    -0.0525    13.8155 0.0000e+00  -64.61450  -62.85150 1154146141 210.172948    34.4712 0.0000e+00
    244.000     0.1150   2.885045     0.1154   2.885254    5.91262    -0.0802    13.8155 0.0000e+00  -64.61450  -62.85150 1154146143 210.172963    34.4742 0.0000e+00
    245.000     0.1162   2.885277     0.1165   2.885488    5.90916    -0.0676    13.8155 0.0000e+00  -64.61450  -62.85150 1154146144 210.172978    34.4750 0.0000e+00
    246.000     0.1170   2.885599     0.1173   2.885651    5.90779    -0.0834    13.8155 0.0000e+00  -64.61450  -62.85150 1154146145 210.172993    34.4761 0.0000e+00
    247.000     0.1182   2.885684     0.1187   2.885922    5.90787    -0.0903    13.8155 0.0000e+00  -64.61450  -62.85150 1154146147 210.173009    34.4771 0.0000e+00
    248.000     0.1180   2.885691     0.1179   2.885843    5.90589    -0.0563    13.8155 0.0000e+00  -64.61450  -62.85150 1154146148 210.173023    34.4768 0.0000e+00
    249.000     0.1200   2.886002     0.1205   2.886218    5.90236    -0.0670    13.8155 0.0000e+00  -64.61450  -62.85150 1154146149 210.173037    34.4782 0.0000e+00
    250.000     0.1237   2.886440     0.1248   2.886733    5.89758    -0.0793    13.8155 0.0000e+00  -64.61450  -62.85150 1154146150 210.173052    34.4791 0.0000e+00
    251.000     0.1243   2.886542     0.1249   2.886783    5.89636    -0.0733    13.8155 0.0000e+00  -64.61450  -62.85150 1154146152 210.173068    34.4791 0.0000e+00
    252.000     0.1247   2.886640     0.1255   2.886906    5.89707    -0.0564    13.8155 0.0000e+00  -64.61450  -62.85150 1154146153 210.173083    34.4795 0.0000e+00
    253.000     0.1243   2.886666     0.1244   2.886878    5.89808    -0.0926    13.8155 0.0000e+00  -64.61450  -62.85150 1154146154 210.173099    34.4797 0.0000e+00
    254.000     0.1236   2.886654     0.1239   2.886879    5.89476    -0.0872    13.8155 0.0000e+00  -64.61450  -62.85150 1154146156 210.173114    34.4798 0.0000e+00
    255.000     0.1234   2.886684     0.1240   2.886945    5.89478    -0.0848    13.8155 0.0000e+00  -64.61450  -62.85150 1154146157 210.173129    34.4799 0.0000e+00
    256.000     0.1246   2.886853     0.1251   2.887091    5.89308    -0.0866    13.8155 0.0000e+00  -64.61450  -62.85150 1154146158 210.173144    34.4800 0.0000e+00
    257.000     0.1265   2.887097     0.1270   2.887333    5.89212    -0.0572    13.8155 0.0000e+00  -64.61450  -62.85150 1154146160 210.173159    34.4806 0.0000e+00
    258.000     0.1296   2.887446     0.1297   2.887645    5.89268    -0.0661    13.8155 0.0000e+00  -64.61450  -62.85150 1154146161 210.173174    34.4809 0.0000e+00
    259.000     0.1274   2.887270     0.1275   2.887488    5.89346    -0.0790    13.8155 0.0000e+00  -64.61450  -62.85150 1154146162 210.173189    34.4807 0.0000e+00
    260.000     0.1276   2.887338     0.1281   2.887575    5.89430    -0.0746    13.8155 0.0000e+00  -64.61450  -62.85150 1154146164 210.173205    34.4807 0.0000e+00
    261.000     0.1280   2.887422     0.1286   2.887680    5.89471    -0.0649    13.8155 0.0000e+00  -64.61450  -62.85150 1154146165 210.173220    34.4809 0.0000e+00
    262.000     0.1282   2.887510     0.1286   2.887749    5.89593    -0.0765    13.8155 0.0000e+00  -64.61450  -62.85150 1154146166 210.173234    34.4812 0.0000e+00
    263.000     0.1282   2.887546     0.1286   2.887795    5.89567    -0.0948    13.8155 0.0000e+00  -64.61450  -62.85150 1154146167 210.173249    34.4811 0.0000e+00
    264.000     0.1275   2.887543     0.1278   2.887778    5.89276    -0.0739    13.8155 0.0000e+00  -64.61450  -62.85150 1154146169 210.173264    34.4812 0.0000e+00
    265.000     0.1266   2.887531     0.1272   2.887805    5.88986    -0.0824    13.8155 0.0000e+00  -64.61450  -62.85150 1154146170 210.173279    34.4815 0.0000e+00
    266.000     0.1266   2.887567     0.1272   2.887847    5.88958    -0.0704    13.8155 0.0000e+00  -64.61450  -62.85150 1154146171 210.173294    34.4814 0.0000e+00
    267.000     0.1262   2.887574     0.1267   2.887826    5.88987    -0.0705    13.8155 0.0000e+00  -64.61450  -62.85150 1154146173 210.173309    34.4813 0.0000e+00
    268.000     0.1270   2.887771     0.1276   2.888033    5.89067    -0.0913    13.8155 0.0000e+00  -64.61450  -62.85150 1154146174 210.173325    34.4825 0.0000e+00
    269.000     0.1272   2.887874     0.1274   2.888121    5.89293    -0.0824    13.8155 0.0000e+00  -64.61450  -62.85150 1154146175 210.173340    34.4830 0.0000e+00
    270.000     0.1270   2.888197     0.1274   2.888461    5.89449    -0.0899    13.8155 0.0000e+00  -64.61450  -62.85150 1154146177 210.173354    34.4868 0.0000e+00
    271.000     0.1267   2.888130     0.1272   2.888410    5.89813    -0.0618    13.8155 0.0000e+00  -64.61450  -62.85150 1154146178 210.173369    34.4857 0.0000e+00
    272.000     0.1267   2.888001     0.1270   2.888262    5.89844    -0.0811    13.8155 0.0000e+00  -64.61450  -62.85150 1154146179 210.173384    34.4834 0.0000e+00
    273.000     0.1258   2.887856     0.1266   2.888157    5.89756    -0.0694    13.8155 0.0000e+00  -64.61450  -62.85150 1154146180 210.173400    34.4819 0.0000e+00
    274.000     0.1252   2.887871     0.1261   2.888131    5.89691    -0.0640    13.8155 0.0000e+00  -64.61450  -62.85150 1154146182 210.173414    34.4822 0.0000e+00
    275.000     0.1260   2.888010     0.1269   2.888312    5.89785    -0.0831    13.8155 0.0000e+00  -64.61450  -62.85150 1154146183 210.173429    34.4825 0.0000e+00
    276.000     0.1272   2.888233     0.1279   2.888526    5.89760    -0.0926    13.8155 0.0000e+00  -64.61450  -62.85150 1154146184 210.173444    34.4835 0.0000e+00
    277.000     0.1281   2.888484     0.1282   2.888723    5.89399    -0.0822    13.8155 0.0000e+00  -64.61450  -62.85150 1154146185 210.173458    34.4851 0.0000e+00
    278.000     0.1281   2.888458     0.1283   2.888681    5.88955    -0.0625    13.8155 0.0000e+00  -64.61450  -62.85150 1154146187 210.173474    34.4843 0.0000e+00
    279.000     0.1282   2.888685     0.1285   2.888914    5.89018    -0.0791    13.8155 0.0000e+00  -64.61450  -62.85150 1154146188 210.173489    34.4865 0.0000e+00
    280.000     0.1281   2.888773     0.1287   2.889024    5.89311    -0.0629    13.8155 0.0000e+00  -64.61450  -62.85150 1154146190 210.173505    34.4871 0.0000e+00
    281.000     0.1285   2.888822     0.1289   2.889063    5.89382    -0.0633    13.8155 0.0000e+00  -64.61450  -62.85150 1154146191 210.173521    34.4868 0.0000e+00
    282.000     0.1285   2.888891     0.1289   2.889142    5.89033    -0.0887    13.8155 0.0000e+00  -64.61450  -62.85150 1154146192 210.173536    34.4871 0.0000e+00
    283.000     0.1285   2.888946     0.1290   2.889192    5.88902    -0.0880    13.8155 0.0000e+00  -64.61450  -62.85150 1154146194 210.173551    34.4872 0.0000e+00
    284.000     0.1284   2.888935     0.1287   2.889175    5.88910    -0.0630    13.8155 0.0000e+00  -64.61450  -62.85150 1154146195 210.173565    34.4865 0.0000e+00
    285.000     0.1284   2.888962     0.1288   2.889212    5.88835    -0.0846    13.8155 0.0000e+00  -64.61450  -62.85150 1154146196 210.173579    34.4864 0.0000e+00
    286.000     0.1285   2.889028     0.1287   2.889299    5.88730    -0.0809    13.8155 0.0000e+00  -64.61450  -62.85150 1154146197 210.173593    34.4865 0.0000e+00
    287.000     0.1264   2.889201     0.1266   2.889450    5.88733    -0.0875    13.8155 0.0000e+00  -64.61450  -62.85150 1154146198 210.173607    34.4907 0.0000e+00
    288.000     0.1259   2.889283     0.1263   2.889537    5.88780    -0.0935    13.8155 0.0000e+00  -64.61450  -62.85150 1154146200 210.173622    34.4917 0.0000e+00
    289.000     0.1262   2.889421     0.1262   2.889599    5.88846    -0.1056    13.8155 0.0000e+00  -64.61450  -62.85150 1154146201 210.173637    34.4926 0.0000e+00
