product_data/regression_test/downloaded_data/MDGS/320620060703/ctd/p6621001.ros
* Sea-Bird SBE 9 Data File:
* FileName = D:\Data\Raw\p6621001.dat
* Software Version Seasave Win32 V 5.32
* Temperature SN = 1649
* Conductivity SN = 1431
* Number of Bytes Per Scan = 37
* Number of Voltage Words = 5
* Number of Scans Averaged by the Deck Unit = 1
* NMEA Latitude = 64 31.11 S
* NMEA Longitude = 062 44.33 W
* NMEA UTC (Time) = 02:56:57
** Ship:   Nathaniel B. Palmer 
** Cruise:    NBP0606 
# nquan = 17
# nvalues = 1176                    
# units = specified
# name 0 = prDM: Pressure, Digiquartz [db]
# name 1 = t090C: Temperature [ITS-90, deg C]
# name 2 = c0S/m: Conductivity [S/m]
# name 3 = t190C: Temperature, 2 [ITS-90, deg C]
# name 4 = c1S/m: Conductivity, 2 [S/m]
# name 5 = sbeox0ML/L: Oxygen, SBE 43 [ml/l]
# name 6 = flECO-AFL: Fluorescence, Wetlab ECO-AFL/FL [mg/m^3]
# name 7 = bat: Beam Attenuation, Chelsea/Seatech/Wetlab CStar [1/m]
# name 8 = spar: SPAR/Surface Irradiance
# name 9 = latitude: Latitude [deg]
# name 10 = longitude: Longitude [deg]
# name 11 = timeY: Time, System [seconds]
# name 12 = timeJ: Julian Days
# name 13 = sal00: Salinity [PSU]
# name 14 = scan: scan number
# name 15 = nbf: number of bottles fired
# name 16 = flag:  0.000e+00
# interval = seconds: 0.0416667                   
# start_time = Jul 31 2006 02:57:05
*END*
[from data line 86]
    224.237     0.1686   2.881991     0.1698   2.882301    6.01023    -0.0894    13.8155 0.0000e+00  -64.51850  -62.73883 1154315107 212.128577    34.3858      11619          2  0.000e+00
    224.237     0.1688   2.881981     0.1699   2.882313    6.01020    -0.0454    13.8155 0.0000e+00  -64.51850  -62.73883 1154315108 212.128578    34.3854      11620          2  0.000e+00
    224.304     0.1682   2.881978     0.1696   2.882319    6.01034     0.0538    13.8155 0.0000e+00  -64.51850  -62.73883 1154315108 212.128578    34.3860      11621          2  0.000e+00
    224.237     0.1683   2.881988     0.1699   2.882307    6.01027    -0.0123    13.8155 0.0000e+00  -64.51850  -62.73883 1154315108 212.128579    34.3861      11622          2  0.000e+00
    224.237     0.1685   2.881998     0.1698   2.882319    6.01023    -0.1004    13.8155 0.0000e+00  -64.51850  -62.73883 1154315108 212.128579    34.3860      11623          2  0.000e+00
    224.304     0.1684   2.881981     0.1695   2.882307    6.01032    -0.0674    13.8155 0.0000e+00  -64.51850  -62.73883 1154315108 212.128580    34.3859      11624          2  0.000e+00
    224.237     0.1685   2.881995     0.1698   2.882301    6.01024    -0.0233    13.8155 0.0000e+00  -64.51850  -62.73883 1154315108 212.128580    34.3859      11625          2  0.000e+00
    224.237     0.1681   2.881958     0.1699   2.882290    6.01030    -0.1004    13.8155 0.0000e+00  -64.51850  -62.73883 1154315108 212.128581    34.3859      11626          2  0.000e+00
    224.304     0.1682   2.881934     0.1696   2.882296    6.01036    -0.1225    13.8155 0.0000e+00  -64.51850  -62.73883 1154315108 212.128581    34.3855      11627          2  0.000e+00
    224.237     0.1684   2.881877     0.1698   2.882319    6.01032    -0.0564    13.8155 0.0000e+00  -64.51850  -62.73883 1154315108 212.128582    34.3846      11628          2  0.000e+00
    224.237     0.1678   2.881837     0.1695   2.882325    6.01509    -0.0233    13.8155 0.0000e+00  -64.51850  -62.73883 1154315108 212.128582    34.3847      11629          2  0.000e+00
    224.237     0.1674   2.881851     0.1699   2.882284    6.01045    -0.0454    13.8155 0.0000e+00  -64.51850  -62.73883 1154315108 212.128583    34.3853      11630          2  0.000e+00
    224.095     0.1664   2.881820     0.1644   2.881667    6.01984    -0.1225    13.8155 0.0000e+00  -64.51850  -62.73883 1154315112 212.128625    34.3861      11718          3  0.000e+00
    224.305     0.1664   2.881807     0.1647   2.881684    6.01534    -0.0784    13.8155 0.0000e+00  -64.51850  -62.73883 1154315112 212.128626    34.3859      11719          3  0.000e+00
    224.238     0.1665   2.881777     0.1648   2.881702    6.01997    -0.0454    13.8155 0.0000e+00  -64.51850  -62.73883 1154315112 212.128626    34.3854      11720          3  0.000e+00
    224.238     0.1667   2.881804     0.1656   2.881778    6.01524    -0.0343    13.8155 0.0000e+00  -64.51850  -62.73883 1154315112 212.128627    34.3854      11721          3  0.000e+00
    224.238     0.1668   2.881861     0.1659   2.881778    6.01520    -0.0564    13.8155 0.0000e+00  -64.51850  -62.73883 1154315112 212.128627    34.3861      11722          3  0.000e+00
    224.162     0.1668   2.881881     0.1664   2.881796    6.01981    -0.0343    13.8155 0.0000e+00  -64.51850  -62.73883 1154315112 212.128628    34.3864      11723          3  0.000e+00
    224.305     0.1670   2.881884     0.1662   2.881825    6.01522    -0.0784    13.8155 0.0000e+00  -64.51850  -62.73883 1154315112 212.128628    34.3861      11724          3  0.000e+00
    224.162     0.1676   2.881884     0.1664   2.881837    6.01972    -0.1555    13.8155 0.0000e+00  -64.51850  -62.73883 1154315112 212.128628    34.3856      11725          3  0.000e+00
    224.238     0.1682   2.881894     0.1658   2.881814    6.01501    -0.1225    13.8155 0.0000e+00  -64.51850  -62.73883 1154315112 212.128629    34.3850      11726          3  0.000e+00
    224.238     0.1681   2.881887     0.1662   2.881761    6.01972    -0.0674    13.8155 0.0000e+00  -64.51850  -62.73883 1154315112 212.128629    34.3851      11727          3  0.000e+00
    224.238     0.1683   2.881884     0.1661   2.881731    6.01501    -0.0784    13.8155 0.0000e+00  -64.51850  -62.73883 1154315112 212.128630    34.3848      11728          3  0.000e+00
    224.238     0.1684   2.881807     0.1661   2.881743    6.01504    -0.0784    13.8155 0.0000e+00  -64.51850  -62.73883 1154315112 212.128630    34.3837      11729          3  0.000e+00
    224.238     0.1681   2.881774     0.1664   2.881731    6.01978    -0.0674    13.8155 0.0000e+00  -64.51850  -62.73883 1154315112 212.128631    34.3836      11730          3  0.000e+00
    224.238     0.1678   2.881804     0.1668   2.881684    6.01511    -0.0784    13.8155 0.0000e+00  -64.51850  -62.73883 1154315112 212.128631    34.3842      11731          3  0.000e+00
    224.238     0.1684   2.881867     0.1670   2.881673    6.01501    -0.1004    13.8155 0.0000e+00  -64.51850  -62.73883 1154315112 212.128632    34.3845      11732          3  0.000e+00
    224.238     0.1682   2.881965     0.1662   2.881708    6.01966     0.0097    13.8155 0.0000e+00  -64.51850  -62.73883 1154315112 212.128632    34.3859      11733          3  0.000e+00
    224.238     0.1690   2.881981     0.1655   2.881702    6.01487     0.0538    13.8155 0.0000e+00  -64.51850  -62.73883 1154315112 212.128633    34.3853      11734          3  0.000e+00
    224.238     0.1691   2.881978     0.1640   2.881678    6.01955     0.0097    13.8155 0.0000e+00  -64.51850  -62.73883 1154315112 212.128633    34.3851      11735          3  0.000e+00
    224.238     0.1690   2.881988     0.1633   2.881690    6.01487     0.0648    13.8155 0.0000e+00  -64.51850  -62.73883 1154315112 212.128634    34.3853      11736          3  0.000e+00
    224.238     0.1692   2.882011     0.1625   2.881678    6.01484     0.0207    13.8155 0.0000e+00  -64.51850  -62.73883 1154315112 212.128634    34.3855      11737          3  0.000e+00
    224.238     0.1688   2.881971     0.1630   2.881643    6.01959    -0.1004    13.8155 0.0000e+00  -64.51850  -62.73883 1154315112 212.128635    34.3854      11738          3  0.000e+00
    224.238     0.1687   2.881971     0.1627   2.881643    6.01492    -0.1555    13.8155 0.0000e+00  -64.51850  -62.73883 1154315112 212.128635    34.3855      11739          3  0.000e+00
    224.238     0.1682   2.881968     0.1627   2.881625    6.01497    -0.1004    13.8155 0.0000e+00  -64.51850  -62.73883 1154315113 212.128636    34.3859      11740          3  0.000e+00
    224.238     0.1676   2.881867     0.1621   2.881620    6.01510    -0.0784    13.8155 0.0000e+00  -64.51850  -62.73883 1154315113 212.128636    34.3853      11741          3  0.000e+00
    224.238     0.1681   2.881837     0.1628   2.881596    6.01974    -0.0894    13.8155 0.0000e+00  -64.51850  -62.73883 1154315113 212.128637    34.3843      11742          3  0.000e+00
    224.238     0.1682   2.881777     0.1627   2.881625    6.01508    -0.0123    13.8155 0.0000e+00  -64.51850  -62.73883 1154315113 212.128637    34.3834      11743          3  0.000e+00
    224.305     0.1681   2.881660     0.1633   2.881602    6.01990     0.0097    13.8155 0.0000e+00  -64.51850  -62.73883 1154315113 212.128638    34.3820      11744          3  0.000e+00
    224.238     0.1663   2.881506     0.1636   2.881631    6.02015    -0.0454    13.8155 0.0000e+00  -64.51850  -62.73883 1154315113 212.128638    34.3820      11745          3  0.000e+00
    224.238     0.1649   2.881485     0.1638   2.881626    6.01563    -0.0784    13.8155 0.0000e+00  -64.51850  -62.73883 1154315113 212.128639    34.3833      11746          3  0.000e+00
    224.238     0.1637   2.881382     0.1642   2.881637    6.01584    -0.0343    13.8155 0.0000e+00  -64.51850  -62.73883 1154315113 212.128639    34.3832      11747          3  0.000e+00
    224.238     0.1628   2.881368     0.1650   2.881649    6.02065    -0.0454    13.8155 0.0000e+00  -64.51850  -62.73883 1154315113 212.128640    34.3841      11748          3  0.000e+00
    224.238     0.1627   2.881378     0.1651   2.881661    6.01597    -0.0343    13.8155 0.0000e+00  -64.51850  -62.73883 1154315113 212.128640    34.3844      11749          3  0.000e+00
    224.305     0.1626   2.881341     0.1652   2.881631    6.02074    -0.0233    13.8155 0.0000e+00  -64.51850  -62.73883 1154315113 212.128641    34.3839      11750          3  0.000e+00
    224.238     0.1637   2.881378     0.1655   2.881620    6.02053    -0.0454    13.8155 0.0000e+00  -64.51850  -62.73883 1154315113 212.128641    34.3832      11751          3  0.000e+00
    224.238     0.1642   2.881382     0.1656   2.881637    6.01578    -0.0564    13.8155 0.0000e+00  -64.51850  -62.73883 1154315113 212.128641    34.3827      11752          3  0.000e+00
    224.238     0.1653   2.881395     0.1656   2.881649    6.01565    -0.0784    13.8155 0.0000e+00  -64.51850  -62.73883 1154315113 212.128642    34.3817      11753          3  0.000e+00
    224.162     0.1649   2.881348     0.1653   2.881578    6.02033    -0.0013    13.8155 0.0000e+00  -64.51850  -62.73883 1154315113 212.128642    34.3815      11754          3  0.000e+00
    224.372     0.1641   2.881308     0.1648   2.881602    6.01595    -0.0233    13.8155 0.0000e+00  -64.51850  -62.73883 1154315113 212.128643    34.3818      11755          3  0.000e+00
    224.238     0.1636   2.881341     0.1648   2.881596    6.01588    -0.1004    13.8155 0.0000e+00  -64.51850  -62.73883 1154315113 212.128643    34.3829      11756          3  0.000e+00
    224.238     0.1631   2.881318     0.1650   2.881590    6.02064     0.0097    13.8155 0.0000e+00  -64.51850  -62.73883 1154315113 212.128644    34.3831      11757          3  0.000e+00
    224.238     0.1636   2.881308     0.1645   2.881590    6.01589    -0.0343    13.8155 0.0000e+00  -64.51850  -62.73883 1154315113 212.128644    34.3824      11758          3  0.000e+00
    224.305     0.1639   2.881338     0.1645   2.881602    6.01590     0.0097    13.8155 0.0000e+00  -64.51850  -62.73883 1154315113 212.128645    34.3825      11759          3  0.000e+00
    224.238     0.1637   2.881335     0.1642   2.881637    6.02055    -0.1004    13.8155 0.0000e+00  -64.51850  -62.73883 1154315113 212.128645    34.3826      11760          3  0.000e+00
    224.238     0.1638   2.881331     0.1632   2.881667    6.01586    -0.1114    13.8155 0.0000e+00  -64.51850  -62.73883 1154315113 212.128646    34.3825      11761          3  0.000e+00
    224.238     0.1637   2.881348     0.1636   2.881655    6.01586    -0.0784    13.8155 0.0000e+00  -64.51850  -62.73883 1154315113 212.128646    34.3828      11762          3  0.000e+00
    224.305     0.1639   2.881365     0.1633   2.881626    6.02057    -0.0123    13.8155 0.0000e+00  -64.51850  -62.73883 1154315113 212.128647    34.3828      11763          3  0.000e+00
    224.238     0.1640   2.881358     0.1627   2.881608    6.02050     0.0318    13.8155 0.0000e+00  -64.51850  -62.73883 1154315114 212.128647    34.3826      11764          3  0.000e+00
    224.238     0.1641   2.881355     0.1627   2.881637    6.01581     0.0097    13.8155 0.0000e+00  -64.51850  -62.73883 1154315114 212.128648    34.3825      11765          3  0.000e+00
    224.238     0.1645   2.881405     0.1628   2.881649    6.02042    -0.0123    13.8155 0.0000e+00  -64.51850  -62.73883 1154315114 212.128648    34.3827      11766          3  0.000e+00
    224.096     0.1638   2.881452     0.1665   2.881861    6.18904    -0.0564    13.8155 0.0000e+00  -64.51850  -62.73883 1154315117 212.128684    34.3842      11840          4  0.000e+00
    224.373     0.1637   2.881469     0.1668   2.881878    6.32516    -0.0674    13.8155 0.0000e+00  -64.51850  -62.73883 1154315117 212.128684    34.3843      11841          4  0.000e+00
    224.096     0.1634   2.881499     0.1661   2.881890    6.34837    -0.0894    13.8155 0.0000e+00  -64.51850  -62.73883 1154315117 212.128685    34.3852      11842          4  0.000e+00
    224.306     0.1638   2.881479     0.1662   2.881872    6.28760    -0.0894    13.8155 0.0000e+00  -64.51850  -62.73883 1154315117 212.128685    34.3844      11843          4  0.000e+00
    224.239     0.1640   2.881486     0.1664   2.881884    6.20317    -0.1004    13.8155 0.0000e+00  -64.51850  -62.73883 1154315117 212.128686    34.3843      11844          4  0.000e+00
    224.096     0.1643   2.881522     0.1662   2.881819    6.12334    -0.0784    13.8155 0.0000e+00  -64.51850  -62.73883 1154315117 212.128686    34.3845      11845          4  0.000e+00
    224.306     0.1646   2.881502     0.1659   2.881825    6.06726    -0.0784    13.8155 0.0000e+00  -64.51850  -62.73883 1154315117 212.128687    34.3838      11846          4  0.000e+00
    224.163     0.1650   2.881509     0.1662   2.881872    6.03429    -0.1114    13.8155 0.0000e+00  -64.51850  -62.73883 1154315117 212.128687    34.3835      11847          4  0.000e+00
    224.239     0.1651   2.881516     0.1659   2.881890    6.02965    -0.1004    13.8155 0.0000e+00  -64.51850  -62.73883 1154315117 212.128688    34.3835      11848          4  0.000e+00
    224.239     0.1654   2.881492     0.1658   2.881872    6.02963    -0.0894    13.8155 0.0000e+00  -64.51850  -62.73883 1154315117 212.128688    34.3828      11849          4  0.000e+00
    224.239     0.1653   2.881472     0.1659   2.881896    6.03434    -0.0674    13.8155 0.0000e+00  -64.51850  -62.73883 1154315117 212.128689    34.3826      11850          4  0.000e+00
    224.163     0.1648   2.881502     0.1656   2.881890    6.03901    -0.0454    13.8155 0.0000e+00  -64.51850  -62.73883 1154315117 212.128689    34.3837      11851          4  0.000e+00
    224.239     0.1648   2.881462     0.1664   2.881925    6.03909    -0.0894    13.8155 0.0000e+00  -64.51850  -62.73883 1154315117 212.128690    34.3831      11852          4  0.000e+00
    224.239     0.1647   2.881439     0.1670   2.881961    6.03912    -0.0343    13.8155 0.0000e+00  -64.51850  -62.73883 1154315117 212.128690    34.3829      11853          4  0.000e+00
    224.163     0.1651   2.881479     0.1684   2.881972    6.03898    -0.0454    13.8155 0.0000e+00  -64.51850  -62.73883 1154315117 212.128691    34.3830      11854          4  0.000e+00
    224.163     0.1654   2.881509     0.1684   2.881972    6.03424    -0.0674    13.8155 0.0000e+00  -64.51850  -62.73883 1154315117 212.128691    34.3831      11855          4  0.000e+00
    224.249     0.1650   2.881496     0.1681   2.882008    6.03437    -0.0674    13.8155 0.0000e+00  -64.51850  -62.73883 1154315117 212.128692    34.3833      11856          4  0.000e+00
    224.239     0.1646   2.881469     0.1681   2.882043    6.03442    -0.0894    13.8155 0.0000e+00  -64.51850  -62.73883 1154315117 212.128692    34.3834      11857          4  0.000e+00
    224.239     0.1645   2.881502     0.1682   2.882055    6.03442    -0.0343    13.8155 0.0000e+00  -64.51850  -62.73883 1154315117 212.128693    34.3840      11858          4  0.000e+00
    224.163     0.1645   2.881516     0.1679   2.882055    6.02967    -0.0123    13.8155 0.0000e+00  -64.51850  -62.73883 1154315117 212.128693    34.3842      11859          4  0.000e+00
    224.239     0.1647   2.881516     0.1668   2.882055    6.02970    -0.0454    13.8155 0.0000e+00  -64.51850  -62.73883 1154315118 212.128694    34.3839      11860          4  0.000e+00
    224.239     0.1651   2.881546     0.1664   2.882013    6.02964     0.0207    13.8155 0.0000e+00  -64.51850  -62.73883 1154315118 212.128694    34.3839      11861          4  0.000e+00
    224.163     0.1654   2.881559     0.1665   2.882013    6.02953     0.0097    13.8155 0.0000e+00  -64.51850  -62.73883 1154315118 212.128695    34.3837      11862          4  0.000e+00
