product_data/regression_test/downloaded_data/MDGS/320620060703/ctd/p6622901.ros
* Sea-Bird SBE 9 Data File:
* FileName = D:\Data\Raw\p6622901.dat
* Software Version Seasave Win32 V 5.32
* Temperature SN = 1649
* Conductivity SN = 1431
* Number of Bytes Per Scan = 37
* Number of Voltage Words = 5
* Number of Scans Averaged by the Deck Unit = 1
* NMEA Latitude = 62 04.05 S
* NMEA Longitude = 052 52.47 W
* NMEA UTC (Time) = 16:20:09
** Ship:   Nathaniel B. Palmer 
** Cruise:    NBP0606 
# nquan = 17
# nvalues = 1176                    
# units = specified
# name 0 = prDM: Pressure, Digiquartz [db]
# name 1 = t090C: Temperature [ITS-90, deg C]
# name 2 = c0S/m: Conductivity [S/m]
# name 3 = t190C: Temperature, 2 [ITS-90, deg C]
# name 4 = c1S/m: Conductivity, 2 [S/m]
# name 5 = sbeox0ML/L: Oxygen, SBE 43 [ml/l]
# name 6 = flECO-AFL: Fluorescence, Wetlab ECO-AFL/FL [mg/m^3]
# name 7 = bat: Beam Attenuation, Chelsea/Seatech/Wetlab CStar [1/m]
# name 8 = spar: SPAR/Surface Irradiance
# name 9 = latitude: Latitude [deg]
# name 10 = longitude: Longitude [deg]
# name 11 = timeY: Time, System [seconds]
# name 12 = timeJ: Julian Days
# name 13 = sal00: Salinity [PSU]
# name 14 = scan: scan number
# name 15 = nbf: number of bottles fired
# name 16 = flag:  0.000e+00
# interval = seconds: 0.0416667                   
# start_time = Aug 06 2006 16:21:30
*END*
[from data line 852]
     50.131    -1.7941   2.734528    -1.8056   2.713153    3.11903    -0.0894    13.8155 1.5585e+02  -62.06750  -52.87450 1154887349 218.751734    34.7408     145437         18  0.000e+00
     50.131    -1.7943   2.734535    -1.8056   2.713153    3.12383    -0.0784    13.8155 1.5585e+02  -62.06750  -52.87450 1154887349 218.751735    34.7411     145438         18  0.000e+00
     50.131    -1.7943   2.734535    -1.8054   2.713130    3.12383    -0.1225    13.8155 1.5585e+02  -62.06750  -52.87450 1154887349 218.751735    34.7411     145439         18  0.000e+00
     50.131    -1.7943   2.734515    -1.8057   2.713159    3.12384     0.0318    13.8155 1.5585e+02  -62.06750  -52.87450 1154887349 218.751736    34.7408     145440         18  0.000e+00
     50.208    -1.7944   2.734512    -1.8056   2.713136    3.12388     0.0428    13.8155 1.5585e+02  -62.06750  -52.87450 1154887349 218.751736    34.7409     145441         18  0.000e+00
     50.131    -1.7940   2.734492    -1.8054   2.713142    3.12382    -0.0894    13.8155 1.5585e+02  -62.06750  -52.87450 1154887349 218.751737    34.7401     145442         18  0.000e+00
     50.132    -1.7944   2.734505    -1.8056   2.713130    3.12385    -0.2106    13.8155 1.5585e+02  -62.06750  -52.87450 1154887349 218.751737    34.7408     145443         18  0.000e+00
     50.132    -1.7941   2.734541    -1.8054   2.713142    3.12382    -0.0894    13.8155 1.5585e+02  -62.06750  -52.87450 1154887350 218.751738    34.7410     145444         18  0.000e+00
     50.132    -1.7940   2.734505    -1.8057   2.713130    3.12382    -0.1004    13.8155 1.5585e+02  -62.06750  -52.87450 1154887350 218.751738    34.7403     145445         18  0.000e+00
     50.132    -1.7944   2.734489    -1.8056   2.713124    3.12386    -0.1114    13.8155 1.5585e+02  -62.06750  -52.87450 1154887350 218.751739    34.7406     145446         18  0.000e+00
     50.208    -1.7945   2.734489    -1.8059   2.713124    3.12389    -0.1445    13.8155 1.5585e+02  -62.06750  -52.87450 1154887350 218.751739    34.7406     145447         18  0.000e+00
     50.132    -1.7940   2.734509    -1.8062   2.713107    3.11902    -0.0674    13.8155 1.5585e+02  -62.06750  -52.87450 1154887350 218.751739    34.7403     145448         18  0.000e+00
     50.132    -1.7945   2.734512    -1.8056   2.713136    3.12385    -0.0564    13.8155 1.5585e+02  -62.06750  -52.87450 1154887350 218.751740    34.7409     145449         18  0.000e+00
     50.208    -1.7945   2.734492    -1.8059   2.713153    3.12389    -0.1335    13.8155 1.5585e+02  -62.06750  -52.87450 1154887350 218.751740    34.7406     145450         18  0.000e+00
     50.132    -1.7944   2.734473    -1.8059   2.713113    3.12386    -0.1445    13.8155 1.5585e+02  -62.06750  -52.87450 1154887350 218.751741    34.7404     145451         18  0.000e+00
     50.132    -1.7941   2.734483    -1.8059   2.713153    3.12384    -0.1665    13.8155 1.5585e+02  -62.06750  -52.87450 1154887350 218.751741    34.7402     145452         18  0.000e+00
     50.208    -1.7946   2.734489    -1.8057   2.713159    3.12390    -0.0894    13.8155 1.5585e+02  -62.06750  -52.87450 1154887350 218.751742    34.7407     145453         18  0.000e+00
     50.132    -1.7940   2.734473    -1.8059   2.713153    3.11903    -0.0894    13.8155 1.5585e+02  -62.06750  -52.87450 1154887350 218.751742    34.7398     145454         18  0.000e+00
     50.132    -1.7941   2.734450    -1.8057   2.713170    3.12385    -0.1004    13.8155 1.5585e+02  -62.06750  -52.87450 1154887350 218.751743    34.7397     145455         18  0.000e+00
     50.132    -1.7944   2.734447    -1.8051   2.713136    3.11907    -0.1004    13.8155 1.5585e+02  -62.06750  -52.87450 1154887350 218.751743    34.7400     145456         18  0.000e+00
     50.208    -1.7943   2.734447    -1.8052   2.713142    3.12389    -0.0564    13.8155 1.5390e+02  -62.06750  -52.87450 1154887350 218.751744    34.7398     145457         18  0.000e+00
     50.132    -1.7946   2.734463    -1.8051   2.713153    3.12388    -0.0674    13.8155 1.5390e+02  -62.06750  -52.87450 1154887350 218.751744    34.7404     145458         18  0.000e+00
     50.132    -1.7946   2.734483    -1.8052   2.713153    3.12387    -0.1445    13.8155 1.5390e+02  -62.06750  -52.87450 1154887350 218.751745    34.7407     145459         18  0.000e+00
     50.132    -1.7943   2.734456    -1.8051   2.713153    3.11906    -0.1335    13.8155 1.5585e+02  -62.06750  -52.87450 1154887350 218.751745    34.7400     145460         18  0.000e+00
     50.208    -1.7940   2.734447    -1.8046   2.713153    3.11907    -0.1335    13.8155 1.5585e+02  -62.06750  -52.87450 1154887350 218.751746    34.7394     145461         18  0.000e+00
     50.132    -1.7948   2.734476    -1.8052   2.713153    3.11909    -0.1445    13.8155 1.5585e+02  -62.06750  -52.87450 1154887350 218.751746    34.7408     145462         18  0.000e+00
     50.132    -1.7945   2.734440    -1.8052   2.713170    3.12387    -0.1004    13.8155 1.5585e+02  -62.06750  -52.87450 1154887350 218.751747    34.7399     145463         18  0.000e+00
     50.132    -1.7943   2.734424    -1.8052   2.713159    3.11907    -0.0784    13.8155 1.5585e+02  -62.06750  -52.87450 1154887350 218.751747    34.7395     145464         18  0.000e+00
     50.208    -1.7948   2.734440    -1.8052   2.713170    3.12393    -0.0233    13.8155 1.5585e+02  -62.06750  -52.87450 1154887350 218.751748    34.7402     145465         18  0.000e+00
     50.132    -1.7944   2.734427    -1.8057   2.713136    3.12388    -0.0784    13.8155 1.5585e+02  -62.06750  -52.87450 1154887350 218.751748    34.7397     145466         18  0.000e+00
     20.174    -1.8071   2.729409    -1.8113   2.711254    3.07031    -0.1335    13.8155 1.5001e+02  -62.06750  -52.87450 1154887401 218.752337    34.7038     146688         19  0.000e+00
     20.222    -1.8064   2.729405    -1.8107   2.711266    3.06550    -0.1225    13.8155 1.5001e+02  -62.06750  -52.87450 1154887401 218.752338    34.7030     146689         19  0.000e+00
     20.174    -1.8069   2.729405    -1.8116   2.711272    3.06552    -0.1555    13.8155 1.5001e+02  -62.06750  -52.87450 1154887401 218.752338    34.7036     146690         19  0.000e+00
     20.155    -1.8072   2.729405    -1.8112   2.711272    3.06553    -0.1775    13.8155 1.5196e+02  -62.06750  -52.87450 1154887402 218.752339    34.7039     146691         19  0.000e+00
     20.174    -1.8063   2.729405    -1.8109   2.711289    3.06547    -0.1114    13.8155 1.5001e+02  -62.06750  -52.87450 1154887402 218.752339    34.7028     146692         19  0.000e+00
     20.098    -1.8067   2.729405    -1.8107   2.711254    3.06547    -0.1004    13.8155 1.5196e+02  -62.06750  -52.87450 1154887402 218.752340    34.7034     146693         19  0.000e+00
     20.079    -1.8068   2.729405    -1.8115   2.711243    3.06547    -0.1555    13.8155 1.5196e+02  -62.06750  -52.87450 1154887402 218.752340    34.7035     146694         19  0.000e+00
     20.098    -1.8071   2.729386    -1.8114   2.711243    3.06550    -0.1335    13.8155 1.5196e+02  -62.06750  -52.87450 1154887402 218.752341    34.7035     146695         19  0.000e+00
     20.155    -1.8069   2.729412    -1.8109   2.711243    3.06551    -0.0894    13.8155 1.5390e+02  -62.06750  -52.87450 1154887402 218.752341    34.7036     146696         19  0.000e+00
     20.032    -1.8064   2.729409    -1.8112   2.711277    3.06542    -0.0233    13.8155 1.5196e+02  -62.06750  -52.87450 1154887402 218.752342    34.7032     146697         19  0.000e+00
     20.079    -1.8067   2.729386    -1.8112   2.711277    3.06547    -0.0894    13.8155 1.5196e+02  -62.06750  -52.87450 1154887402 218.752342    34.7031     146698         19  0.000e+00
     20.175    -1.8068   2.729399    -1.8112   2.711272    3.06551    -0.0674    13.8155 1.5196e+02  -62.06750  -52.87450 1154887402 218.752343    34.7033     146699         19  0.000e+00
     20.079    -1.8069   2.729369    -1.8112   2.711272    3.06549    -0.0894    13.8155 1.5196e+02  -62.06750  -52.87450 1154887402 218.752343    34.7031     146700         19  0.000e+00
     20.175    -1.8064   2.729376    -1.8115   2.711272    3.06549    -0.0454    13.8155 1.5196e+02  -62.06750  -52.87450 1154887402 218.752344    34.7026     146701         19  0.000e+00
     20.156    -1.8069   2.729382    -1.8112   2.711289    3.06552    -0.0454    13.8155 1.5196e+02  -62.06750  -52.87450 1154887402 218.752344    34.7032     146702         19  0.000e+00
     20.098    -1.8069   2.729382    -1.8109   2.711295    3.06549    -0.0784    13.8155 1.5196e+02  -62.06750  -52.87450 1154887402 218.752345    34.7033     146703         19  0.000e+00
     20.222    -1.8069   2.729382    -1.8113   2.711277    3.06554    -0.0894    13.8155 1.5196e+02  -62.06750  -52.87450 1154887402 218.752345    34.7032     146704         19  0.000e+00
     20.175    -1.8069   2.729350    -1.8112   2.711289    3.06554    -0.0233    13.8155 1.5196e+02  -62.06750  -52.87450 1154887402 218.752346    34.7028     146705         19  0.000e+00
     20.222    -1.8074   2.729353    -1.8114   2.711277    3.06559    -0.1004    13.8155 1.5196e+02  -62.06750  -52.87450 1154887402 218.752346    34.7033     146706         19  0.000e+00
     20.241    -1.8066   2.729409    -1.8109   2.711289    3.06553    -0.1114    13.8155 1.5390e+02  -62.06750  -52.87450 1154887402 218.752347    34.7032     146707         19  0.000e+00
     20.289    -1.8066   2.729376    -1.8111   2.711312    3.06555    -0.0564    13.8155 1.5196e+02  -62.06750  -52.87450 1154887402 218.752347    34.7027     146708         19  0.000e+00
     20.242    -1.8072   2.729376    -1.8109   2.711283    3.06558    -0.1114    13.8155 1.5390e+02  -62.06750  -52.87450 1154887402 218.752348    34.7035     146709         19  0.000e+00
     20.242    -1.8066   2.729363    -1.8109   2.711306    3.06554    -0.0784    13.8155 1.5390e+02  -62.06750  -52.87450 1154887402 218.752348    34.7026     146710         19  0.000e+00
     20.222    -1.8069   2.729376    -1.8107   2.711300    3.06555    -0.0454    13.8155 1.5196e+02  -62.06750  -52.87450 1154887402 218.752349    34.7031     146711         19  0.000e+00
     20.175    -1.8064   2.729350    -1.8104   2.711295    3.06550    -0.0343    13.8155 1.5390e+02  -62.06750  -52.87450 1154887402 218.752349    34.7022     146712         19  0.000e+00
     20.156    -1.8069   2.729356    -1.8109   2.711318    3.06552    -0.0894    13.8155 1.5390e+02  -62.06750  -52.87450 1154887402 218.752350    34.7029     146713         19  0.000e+00
     20.175    -1.8068   2.729343    -1.8104   2.711283    3.06553    -0.0894    13.8155 1.5390e+02  -62.06750  -52.87450 1154887402 218.752350    34.7025     146714         19  0.000e+00
     20.156    -1.8074   2.729353    -1.8109   2.711289    3.06556    -0.0894    13.8155 1.5390e+02  -62.06750  -52.87450 1154887403 218.752351    34.7034     146715         19  0.000e+00
     20.099    -1.8066   2.729376    -1.8106   2.711295    3.06547    -0.0784    13.8155 1.5390e+02  -62.06750  -52.87450 1154887403 218.752351    34.7029     146716         19  0.000e+00
     20.156    -1.8071   2.729382    -1.8107   2.711312    3.06553    -0.0784    13.8155 1.5390e+02  -62.06750  -52.87450 1154887403 218.752351    34.7034     146717         19  0.000e+00
     20.175    -1.8071   2.729350    -1.8107   2.711300    3.06555    -0.0894    13.8155 1.5390e+02  -62.06750  -52.87450 1154887403 218.752352    34.7030     146718         19  0.000e+00
     20.156    -1.8069   2.729353    -1.8107   2.711295    3.06075    -0.1665    13.8155 1.5390e+02  -62.06750  -52.87450 1154887403 218.752352    34.7028     146719         19  0.000e+00
     20.175    -1.8063   2.729327    -1.8109   2.711295    3.06550    -0.2106    13.8155 1.5390e+02  -62.06750  -52.87450 1154887403 218.752353    34.7017     146720         19  0.000e+00
     20.156    -1.8066   2.729346    -1.8111   2.711277    3.06550    -0.1004    13.8155 1.5196e+02  -62.06750  -52.87450 1154887403 218.752353    34.7024     146721         19  0.000e+00
     20.242    -1.8072   2.729343    -1.8111   2.711306    3.06559    -0.0564    13.8155 1.5196e+02  -62.06750  -52.87450 1154887403 218.752354    34.7030     146722         19  0.000e+00
     20.223    -1.8069   2.729304    -1.8109   2.711300    3.06557    -0.0343    13.8155 1.5196e+02  -62.06750  -52.87450 1154887403 218.752354    34.7021     146723         19  0.000e+00
     20.175    -1.8071   2.729327    -1.8106   2.711295    3.06555    -0.1225    13.8155 1.5390e+02  -62.06750  -52.87450 1154887403 218.752355    34.7026     146724         19  0.000e+00
     20.223    -1.8068   2.729320    -1.8104   2.711277    3.06555    -0.1004    13.8155 1.5390e+02  -62.06750  -52.87450 1154887403 218.752355    34.7022     146725         19  0.000e+00
     20.242    -1.8072   2.729333    -1.8109   2.711306    3.06559    -0.0013    13.8155 1.5390e+02  -62.06750  -52.87450 1154887403 218.752356    34.7029     146726         19  0.000e+00
     20.242    -1.8071   2.729320    -1.8109   2.711300    3.06558     0.0097    13.8155 1.5390e+02  -62.06750  -52.87450 1154887403 218.752356    34.7025     146727         19  0.000e+00
     20.223    -1.8069   2.729317    -1.8106   2.711295    3.06556    -0.1004    13.8155 1.5390e+02  -62.06750  -52.87450 1154887403 218.752357    34.7023     146728         19  0.000e+00
     20.175    -1.8068   2.729317    -1.8106   2.711295    3.06554    -0.1225    13.8155 1.5390e+02  -62.06750  -52.87450 1154887403 218.752357    34.7022     146729         19  0.000e+00
     20.223    -1.8074   2.729317    -1.8109   2.711312    3.06560    -0.1225    13.8155 1.5390e+02  -62.06750  -52.87450 1154887403 218.752358    34.7028     146730         19  0.000e+00
     20.175    -1.8068   2.729317    -1.8104   2.711300    3.06554    -0.1225    13.8155 1.5390e+02  -62.06750  -52.87450 1154887403 218.752358    34.7022     146731         19  0.000e+00
     20.156    -1.8067   2.729301    -1.8107   2.711277    3.06553    -0.0454    13.8155 1.5390e+02  -62.06750  -52.87450 1154887403 218.752359    34.7019     146732         19  0.000e+00
     20.175    -1.8071   2.729311    -1.8107   2.711306    3.06556    -0.0013    13.8155 1.5390e+02  -62.06750  -52.87450 1154887403 218.752359    34.7024     146733         19  0.000e+00
     20.156    -1.8064   2.729297    -1.8112   2.711323    3.06073    -0.0454    13.8155 1.5390e+02  -62.06750  -52.87450 1154887403 218.752360    34.7015     146734         19  0.000e+00
     20.175    -1.8067   2.729311    -1.8107   2.711323    3.06553    -0.1004    13.8155 1.5390e+02  -62.06750  -52.87450 1154887403 218.752360    34.7020     146735         19  0.000e+00
     20.223    -1.8066   2.729301    -1.8107   2.711306    3.06555    -0.1225    13.8155 1.5390e+02  -62.06750  -52.87450 1154887403 218.752361    34.7017     146736         19  0.000e+00
     20.082    -1.8074   2.729068    -1.8104   2.711295    3.05605    -0.1665    13.8155 1.5196e+02  -62.06750  -52.87450 1154887408 218.752412    34.6994     146843         20  0.000e+00
     20.311    -1.8079   2.729075    -1.8107   2.711295    3.05619    -0.1555    13.8155 1.5196e+02  -62.06750  -52.87450 1154887408 218.752413    34.6999     146844         20  0.000e+00
     20.292    -1.8075   2.729055    -1.8103   2.711312    3.05616    -0.1665    13.8155 1.5390e+02  -62.06750  -52.87450 1154887408 218.752413    34.6993     146845         20  0.000e+00
     20.177    -1.8074   2.729068    -1.8101   2.711300    3.05610    -0.0894    13.8155 1.5390e+02  -62.06750  -52.87450 1154887408 218.752414    34.6994     146846         20  0.000e+00
     20.158    -1.8071   2.729055    -1.8104   2.711312    3.05607    -0.0674    13.8155 1.5390e+02  -62.06750  -52.87450 1154887408 218.752414    34.6988     146847         20  0.000e+00
