product_data/regression_test/downloaded_data/MDGS/320620060703/ctd/p6623301.ros
* Sea-Bird SBE 9 Data File:
* FileName = D:\Data\Raw\p6623301.dat
* Software Version Seasave Win32 V 5.32
* Temperature SN = 1649
* Conductivity SN = 1431
* Number of Bytes Per Scan = 37
* Number of Voltage Words = 5
* Number of Scans Averaged by the Deck Unit = 1
* NMEA Latitude = 61 52.43 S
* NMEA Longitude = 053 12.48 W
* NMEA UTC (Time) = 11:43:15
** Ship:   Nathaniel B. Palmer 
** Cruise:    NBP0606 
# nquan = 17
# nvalues = 1176                    
# units = specified
# name 0 = prDM: Pressure, Digiquartz [db]
# name 1 = t090C: Temperature [ITS-90, deg C]
# name 2 = c0S/m: Conductivity [S/m]
# name 3 = t190C: Temperature, 2 [ITS-90, deg C]
# name 4 = c1S/m: Conductivity, 2 [S/m]
# name 5 = sbeox0ML/L: Oxygen, SBE 43 [ml/l]
# name 6 = flECO-AFL: Fluorescence, Wetlab ECO-AFL/FL [mg/m^3]
# name 7 = bat: Beam Attenuation, Chelsea/Seatech/Wetlab CStar [1/m]
# name 8 = spar: SPAR/Surface Irradiance
# name 9 = latitude: Latitude [deg]
# name 10 = longitude: Longitude [deg]
# name 11 = timeY: Time, System [seconds]
# name 12 = timeJ: Julian Days
# name 13 = sal00: Salinity [PSU]
# name 14 = scan: scan number
# name 15 = nbf: number of bottles fired
# name 16 = flag:  0.000e+00
# interval = seconds: 0.0416667                   
# start_time = Aug 07 2006 11:44:46
*END*
[from data line 937]
    100.868    -1.3318   2.752932    -1.3319   2.753028    6.96941    -0.1445    13.8155 3.3703e+02  -61.87383  -53.20800 1154953429 219.516556    34.4263      56267         20  0.000e+00
    100.868    -1.3317   2.752909    -1.3316   2.752999    6.96941    -0.0894    13.8155 3.3703e+02  -61.87383  -53.20800 1154953429 219.516556    34.4259      56268         20  0.000e+00
    100.840    -1.3317   2.752899    -1.3324   2.752959    6.96938    -0.0784    13.8155 3.3703e+02  -61.87383  -53.20800 1154953429 219.516557    34.4257      56269         20  0.000e+00
    100.802    -1.3318   2.752899    -1.3326   2.752964    6.96936    -0.0894    13.8155 3.3703e+02  -61.87383  -53.20800 1154953429 219.516557    34.4259      56270         20  0.000e+00
    100.868    -1.3320   2.752899    -1.3328   2.752970    6.96945    -0.1114    13.8155 3.3703e+02  -61.87383  -53.20800 1154953429 219.516558    34.4260      56271         20  0.000e+00
    100.868    -1.3315   2.752899    -1.3328   2.752953    6.96938    -0.1335    13.8155 3.3703e+02  -61.87383  -53.20800 1154953429 219.516558    34.4255      56272         20  0.000e+00
    100.868    -1.3323   2.752883    -1.3327   2.752941    6.96951    -0.1004    13.8155 3.3703e+02  -61.87383  -53.20800 1154953429 219.516559    34.4262      56273         20  0.000e+00
    100.868    -1.3323   2.752893    -1.3333   2.752883    6.96950    -0.0784    13.8155 3.3703e+02  -61.87383  -53.20800 1154953429 219.516559    34.4263      56274         20  0.000e+00
    100.868    -1.3323   2.752899    -1.3337   2.752866    6.96950    -0.1114    13.8155 3.3703e+02  -61.87383  -53.20800 1154953429 219.516560    34.4264      56275         20  0.000e+00
    100.802    -1.3324   2.752883    -1.3331   2.752883    6.96946    -0.0674    13.8155 3.3703e+02  -61.87383  -53.20800 1154953429 219.516560    34.4264      56276         20  0.000e+00
    100.868    -1.3323   2.752860    -1.3337   2.752889    6.96952    -0.0894    13.8155 3.3703e+02  -61.87383  -53.20800 1154953429 219.516561    34.4258      56277         20  0.000e+00
    100.868    -1.3324   2.752886    -1.3341   2.752872    6.96953    -0.0454    13.8155 3.3703e+02  -61.87383  -53.20800 1154953429 219.516561    34.4264      56278         20  0.000e+00
    100.869    -1.3323   2.752883    -1.3337   2.752849    6.96951     0.0097    13.8155 3.3703e+02  -61.87383  -53.20800 1154953429 219.516562    34.4262      56279         20  0.000e+00
    100.869    -1.3326   2.752860    -1.3341   2.752820    6.96956    -0.0343    13.8155 3.3703e+02  -61.87383  -53.20800 1154953429 219.516562    34.4262      56280         20  0.000e+00
    100.840    -1.3331   2.752788    -1.3339   2.752831    6.96965    -0.0894    13.8155 3.3703e+02  -61.87383  -53.20800 1154953429 219.516562    34.4257      56281         20  0.000e+00
    100.935    -1.3332   2.752801    -1.3342   2.752837    6.96976    -0.0784    13.8155 3.3703e+02  -61.87383  -53.20800 1154953429 219.516563    34.4261      56282         20  0.000e+00
    100.869    -1.3337   2.752821    -1.3344   2.752820    6.96974    -0.0674    13.8155 3.3703e+02  -61.87383  -53.20800 1154953429 219.516563    34.4269      56283         20  0.000e+00
    100.869    -1.3333   2.752781    -1.3341   2.752831    6.96493    -0.1886    13.8155 3.3703e+02  -61.87383  -53.20800 1154953429 219.516564    34.4259      56284         20  0.000e+00
    100.869    -1.3335   2.752801    -1.3342   2.752820    6.96495    -0.1335    13.8155 3.3703e+02  -61.87383  -53.20800 1154953429 219.516564    34.4264      56285         20  0.000e+00
    100.869    -1.3338   2.752745    -1.3341   2.752849    6.96982    -0.0784    13.8155 3.3703e+02  -61.87383  -53.20800 1154953429 219.516565    34.4260      56286         20  0.000e+00
    100.869    -1.3340   2.752775    -1.3341   2.752820    6.96982    -0.1114    13.8155 3.3703e+02  -61.87383  -53.20800 1154953430 219.516565    34.4266      56287         20  0.000e+00
    100.869    -1.3338   2.752755    -1.3341   2.752849    6.96981    -0.1114    13.8155 3.3703e+02  -61.87383  -53.20800 1154953430 219.516566    34.4262      56288         20  0.000e+00
    100.935    -1.3337   2.752761    -1.3338   2.752866    6.96986    -0.0894    13.8155 3.3703e+02  -61.87383  -53.20800 1154953430 219.516566    34.4261      56289         20  0.000e+00
    100.869    -1.3340   2.752768    -1.3330   2.752883    6.96982    -0.0454    13.8155 3.3703e+02  -61.87383  -53.20800 1154953430 219.516567    34.4265      56290         20  0.000e+00
    100.869    -1.3340   2.752748    -1.3330   2.752907    6.96984    -0.0564    13.8155 3.3703e+02  -61.87383  -53.20800 1154953430 219.516567    34.4262      56291         20  0.000e+00
    100.869    -1.3341   2.752729    -1.3330   2.752912    6.96987    -0.0343    13.8155 3.3703e+02  -61.87383  -53.20800 1154953430 219.516568    34.4261      56292         20  0.000e+00
    100.907    -1.3340   2.752738    -1.3330   2.752918    6.96510     0.0097    13.8155 3.3703e+02  -61.87383  -53.20800 1154953430 219.516568    34.4261      56293         20  0.000e+00
    100.869    -1.3344   2.752712    -1.3324   2.752936    6.96514    -0.0454    13.8155 3.3703e+02  -61.87383  -53.20800 1154953430 219.516569    34.4263      56294         20  0.000e+00
    100.936    -1.3334   2.752768    -1.3327   2.752947    6.96981    -0.1445    13.8155 3.3703e+02  -61.87383  -53.20800 1154953430 219.516569    34.4258      56295         20  0.000e+00
    100.869    -1.3337   2.752807    -1.3323   2.752982    6.96975    -0.1555    13.8155 3.3703e+02  -61.87383  -53.20800 1154953430 219.516570    34.4267      56296         20  0.000e+00
    100.869    -1.3334   2.752794    -1.3325   2.752976    6.96972    -0.1114    13.8155 3.3703e+02  -61.87383  -53.20800 1154953430 219.516570    34.4262      56297         20  0.000e+00
    100.936    -1.3334   2.752807    -1.3328   2.752970    6.96978    -0.0674    13.8155 3.3508e+02  -61.87383  -53.20800 1154953430 219.516571    34.4263      56298         20  0.000e+00
    100.869    -1.3334   2.752794    -1.3321   2.752953    6.96972    -0.0343    13.8155 3.3508e+02  -61.87383  -53.20800 1154953430 219.516571    34.4262      56299         20  0.000e+00
    100.936    -1.3333   2.752840    -1.3321   2.752982    6.96495    -0.0123    13.8155 3.3508e+02  -61.87383  -53.20800 1154953430 219.516572    34.4266      56300         20  0.000e+00
    100.869    -1.3329   2.752857    -1.3315   2.753057    6.96483    -0.0674    13.8155 3.3508e+02  -61.87383  -53.20800 1154953430 219.516572    34.4265      56301         20  0.000e+00
    100.936    -1.3332   2.752847    -1.3310   2.753040    6.96973    -0.0233    13.8155 3.3508e+02  -61.87383  -53.20800 1154953430 219.516573    34.4267      56302         20  0.000e+00
    100.869    -1.3328   2.752870    -1.3312   2.753063    6.96958    -0.0784    13.8155 3.3508e+02  -61.87383  -53.20800 1154953430 219.516573    34.4265      56303         20  0.000e+00
    100.936    -1.3324   2.752880    -1.3316   2.753040    6.96960    -0.1886    13.8155 3.3508e+02  -61.87383  -53.20800 1154953430 219.516574    34.4262      56304         20  0.000e+00
    100.869    -1.3326   2.752893    -1.3312   2.753080    6.96476    -0.1445    13.8155 3.3508e+02  -61.87383  -53.20800 1154953430 219.516574    34.4266      56305         20  0.000e+00
    100.907    -1.3323   2.752899    -1.3313   2.753080    6.96954    -0.0784    13.8155 3.3508e+02  -61.87383  -53.20800 1154953430 219.516575    34.4264      56306         20  0.000e+00
    100.936    -1.3324   2.752883    -1.3306   2.753080    6.96481    -0.0564    13.8155 3.3508e+02  -61.87383  -53.20800 1154953430 219.516575    34.4263      56307         20  0.000e+00
    100.936    -1.3321   2.752909    -1.3312   2.753057    6.96953    -0.0454    13.8155 3.3508e+02  -61.87383  -53.20800 1154953430 219.516576    34.4263      56308         20  0.000e+00
    100.869    -1.3321   2.752939    -1.3310   2.753063    6.96945    -0.0233    13.8155 3.3508e+02  -61.87383  -53.20800 1154953430 219.516576    34.4267      56309         20  0.000e+00
    101.148    -1.3432   2.752026    -1.3425   2.752155    6.96712    -0.1445    13.8155 3.3898e+02  -61.87383  -53.20800 1154953437 219.516654    34.4268      56470         21  0.000e+00
    101.225    -1.3426   2.752046    -1.3428   2.752173    6.96710    -0.2106    13.8155 3.3898e+02  -61.87383  -53.20800 1154953437 219.516654    34.4263      56471         21  0.000e+00
    101.187    -1.3428   2.752043    -1.3426   2.752202    6.96708    -0.1996    13.8155 3.3898e+02  -61.87383  -53.20800 1154953437 219.516655    34.4264      56472         21  0.000e+00
    101.148    -1.3432   2.752052    -1.3428   2.752190    6.96711    -0.1004    13.8155 3.3898e+02  -61.87383  -53.20800 1154953437 219.516655    34.4271      56473         21  0.000e+00
    101.225    -1.3431   2.752049    -1.3425   2.752161    6.96716    -0.0454    13.8155 3.3703e+02  -61.87383  -53.20800 1154953437 219.516656    34.4269      56474         21  0.000e+00
    101.148    -1.3423   2.752072    -1.3426   2.752173    6.96696    -0.0564    13.8155 3.3703e+02  -61.87383  -53.20800 1154953437 219.516656    34.4263      56475         21  0.000e+00
    101.225    -1.3431   2.752062    -1.3426   2.752184    6.97194    -0.0233    13.8155 3.3898e+02  -61.87383  -53.20800 1154953437 219.516657    34.4271      56476         21  0.000e+00
    101.148    -1.3429   2.752043    -1.3427   2.752179    6.97185    -0.0343    13.8155 3.3898e+02  -61.87383  -53.20800 1154953437 219.516657    34.4267      56477         21  0.000e+00
    101.149    -1.3429   2.752052    -1.3422   2.752179    6.96706    -0.0454    13.8155 3.3898e+02  -61.87383  -53.20800 1154953438 219.516658    34.4268      56478         21  0.000e+00
    101.225    -1.3426   2.752125    -1.3423   2.752184    6.96705    -0.1004    13.8155 3.3898e+02  -61.87383  -53.20800 1154953438 219.516658    34.4274      56479         21  0.000e+00
    101.149    -1.3432   2.752098    -1.3425   2.752144    6.96708    -0.0894    13.8155 3.3898e+02  -61.87383  -53.20800 1154953438 219.516658    34.4278      56480         21  0.000e+00
    101.225    -1.3432   2.752062    -1.3428   2.752167    6.96717    -0.1225    13.8155 3.3898e+02  -61.87383  -53.20800 1154953438 219.516659    34.4272      56481         21  0.000e+00
    101.225    -1.3431   2.752059    -1.3426   2.752179    6.97194    -0.0454    13.8155 3.3898e+02  -61.87383  -53.20800 1154953438 219.516659    34.4270      56482         21  0.000e+00
    101.149    -1.3429   2.752059    -1.3428   2.752161    6.96706    -0.1335    13.8155 3.3898e+02  -61.87383  -53.20800 1154953438 219.516660    34.4269      56483         21  0.000e+00
    101.225    -1.3428   2.752059    -1.3428   2.752173    6.96711    -0.1004    13.8155 3.3898e+02  -61.87383  -53.20800 1154953438 219.516660    34.4266      56484         21  0.000e+00
    101.187    -1.3423   2.752059    -1.3429   2.752184    6.97179    -0.0674    13.8155 3.3898e+02  -61.87383  -53.20800 1154953438 219.516661    34.4261      56485         21  0.000e+00
    101.225    -1.3432   2.752082    -1.3424   2.752161    6.96716    -0.0784    13.8155 3.3898e+02  -61.87383  -53.20800 1154953438 219.516661    34.4275      56486         21  0.000e+00
    101.149    -1.3426   2.752082    -1.3425   2.752190    6.96700    -0.0784    13.8155 3.3898e+02  -61.87383  -53.20800 1154953438 219.516662    34.4268      56487         21  0.000e+00
    101.225    -1.3429   2.752062    -1.3422   2.752167    6.96713    -0.1114    13.8155 3.3898e+02  -61.87383  -53.20800 1154953438 219.516662    34.4269      56488         21  0.000e+00
    101.225    -1.3432   2.752059    -1.3427   2.752190    6.96718    -0.0894    13.8155 3.3898e+02  -61.87383  -53.20800 1154953438 219.516663    34.4272      56489         21  0.000e+00
    101.149    -1.3431   2.752059    -1.3420   2.752207    6.97186    -0.0674    13.8155 3.3898e+02  -61.87383  -53.20800 1154953438 219.516663    34.4271      56490         21  0.000e+00
    101.225    -1.3432   2.752059    -1.3423   2.752225    6.96718    -0.0674    13.8155 3.3898e+02  -61.87383  -53.20800 1154953438 219.516664    34.4272      56491         21  0.000e+00
    101.225    -1.3426   2.752092    -1.3419   2.752231    6.97185    -0.1114    13.8155 3.3898e+02  -61.87383  -53.20800 1154953438 219.516664    34.4269      56492         21  0.000e+00
    101.225    -1.3429   2.752105    -1.3423   2.752213    6.96710    -0.1775    13.8155 3.3898e+02  -61.87383  -53.20800 1154953438 219.516665    34.4275      56493         21  0.000e+00
    101.225    -1.3426   2.752085    -1.3422   2.752207    6.96707    -0.1886    13.8155 3.3898e+02  -61.87383  -53.20800 1154953438 219.516665    34.4268      56494         21  0.000e+00
    101.149    -1.3426   2.752098    -1.3425   2.752207    6.96699    -0.0674    13.8155 3.3898e+02  -61.87383  -53.20800 1154953438 219.516666    34.4271      56495         21  0.000e+00
    101.225    -1.3426   2.752105    -1.3415   2.752225    6.96706    -0.0674    13.8155 3.3898e+02  -61.87383  -53.20800 1154953438 219.516666    34.4271      56496         21  0.000e+00
    101.225    -1.3428   2.752095    -1.3418   2.752213    6.97187    -0.0784    13.8155 3.3898e+02  -61.87383  -53.20800 1154953438 219.516667    34.4271      56497         21  0.000e+00
    101.187    -1.3426   2.752102    -1.3417   2.752225    6.97181    -0.1445    13.8155 3.3703e+02  -61.87383  -53.20800 1154953438 219.516667    34.4271      56498         21  0.000e+00
    101.225    -1.3426   2.752121    -1.3421   2.752236    6.96705    -0.2106    13.8155 3.3703e+02  -61.87383  -53.20800 1154953438 219.516668    34.4273      56499         21  0.000e+00
    101.225    -1.3422   2.752108    -1.3425   2.752254    6.96699    -0.1445    13.8155 3.3898e+02  -61.87383  -53.20800 1154953438 219.516668    34.4266      56500         21  0.000e+00
    101.225    -1.3423   2.752121    -1.3418   2.752219    6.96700    -0.0564    13.8155 3.3898e+02  -61.87383  -53.20800 1154953438 219.516669    34.4270      56501         21  0.000e+00
    101.225    -1.3425   2.752092    -1.3418   2.752207    6.96705    -0.0784    13.8155 3.3898e+02  -61.87383  -53.20800 1154953438 219.516669    34.4268      56502         21  0.000e+00
    101.225    -1.3418   2.752131    -1.3422   2.752242    6.96693    -0.1335    13.8155 3.3898e+02  -61.87383  -53.20800 1154953439 219.516670    34.4266      56503         21  0.000e+00
    101.149    -1.3425   2.752131    -1.3420   2.752219    6.96695    -0.1004    13.8155 3.3898e+02  -61.87383  -53.20800 1154953439 219.516670    34.4273      56504         21  0.000e+00
    101.225    -1.3422   2.752108    -1.3425   2.752207    6.96699    -0.1004    13.8155 3.3898e+02  -61.87383  -53.20800 1154953439 219.516671    34.4266      56505         21  0.000e+00
    101.225    -1.3423   2.752121    -1.3425   2.752225    6.96700    -0.0894    13.8155 3.3898e+02  -61.87383  -53.20800 1154953439 219.516671    34.4270      56506         21  0.000e+00
    101.225    -1.3423   2.752141    -1.3422   2.752213    6.97177    -0.0564    13.8155 3.3898e+02  -61.87383  -53.20800 1154953439 219.516671    34.4272      56507         21  0.000e+00
    101.225    -1.3423   2.752115    -1.3422   2.752225    6.96701    -0.0454    13.8155 3.3898e+02  -61.87383  -53.20800 1154953439 219.516672    34.4269      56508         21  0.000e+00
    101.292    -1.3426   2.752125    -1.3428   2.752173    6.96711    -0.0233    13.8155 3.3898e+02  -61.87383  -53.20800 1154953439 219.516672    34.4273      56509         21  0.000e+00
    101.225    -1.3420   2.752095    -1.3428   2.752190    6.96219    -0.0894    13.8155 3.3898e+02  -61.87383  -53.20800 1154953439 219.516673    34.4263      56510         21  0.000e+00
