product_data/regression_test/downloaded_data/MDGS/320620060703/ctd/p6621705.ros
* Sea-Bird SBE 9 Data File:
* FileName = D:\Data\Raw\p6621705.dat
* Software Version Seasave Win32 V 5.32
* Temperature SN = 1649
* Conductivity SN = 1431
* Number of Bytes Per Scan = 37
* Number of Voltage Words = 5
* Number of Scans Averaged by the Deck Unit = 1
* NMEA Latitude = 62 31.54 S
* NMEA Longitude = 062 27.50 W
* NMEA UTC (Time) = 15:50:37
** Ship:   Nathaniel B. Palmer 
** Cruise:    NBP0606 
# nquan = 17
# nvalues = 1176                    
# units = specified
# name 0 = prDM: Pressure, Digiquartz [db]
# name 1 = t090C: Temperature [ITS-90, deg C]
# name 2 = c0S/m: Conductivity [S/m]
# name 3 = t190C: Temperature, 2 [ITS-90, deg C]
# name 4 = c1S/m: Conductivity, 2 [S/m]
# name 5 = sbeox0ML/L: Oxygen, SBE 43 [ml/l]
# name 6 = flECO-AFL: Fluorescence, Wetlab ECO-AFL/FL [mg/m^3]
# name 7 = bat: Beam Attenuation, Chelsea/Seatech/Wetlab CStar [1/m]
# name 8 = spar: SPAR/Surface Irradiance
# name 9 = latitude: Latitude [deg]
# name 10 = longitude: Longitude [deg]
# name 11 = timeY: Time, System [seconds]
# name 12 = timeJ: Julian Days
# name 13 = sal00: Salinity [PSU]
# name 14 = scan: scan number
# name 15 = nbf: number of bottles fired
# name 16 = flag:  0.000e+00
# interval = seconds: 0.0416667                   
# start_time = Aug 01 2006 15:50:56
*END*
[from data line 511]
     99.502    -0.9919   2.767927    -0.9916   2.768229    7.88786     0.0428    13.8155 2.5910e+02  -62.52567  -62.45833 1154448803 213.675980    34.2433      32370         11  0.000e+00
     99.455    -0.9919   2.767940    -0.9920   2.768205    7.88780     0.0207    13.8155 2.5910e+02  -62.52567  -62.45833 1154448803 213.675981    34.2435      32371         11  0.000e+00
     99.531    -0.9919   2.767966    -0.9914   2.768217    7.89261     0.0318    13.8155 2.5910e+02  -62.52567  -62.45833 1154448803 213.675981    34.2438      32372         11  0.000e+00
     99.455    -0.9917   2.767947    -0.9912   2.768229    7.89252    -0.0454    13.8155 2.5910e+02  -62.52567  -62.45833 1154448804 213.675982    34.2434      32373         11  0.000e+00
     99.531    -0.9913   2.767940    -0.9914   2.768229    7.88779     0.0097    13.8155 2.5910e+02  -62.52567  -62.45833 1154448804 213.675982    34.2427      32374         11  0.000e+00
     99.531    -0.9914   2.767973    -0.9915   2.768246    7.88779    -0.0674    13.8155 2.5910e+02  -62.52567  -62.45833 1154448804 213.675983    34.2433      32375         11  0.000e+00
     99.598    -0.9917   2.767976    -0.9917   2.768234    7.88791    -0.1004    13.8155 2.5910e+02  -62.52567  -62.45833 1154448804 213.675983    34.2437      32376         11  0.000e+00
     99.531    -0.9913   2.767983    -0.9920   2.768229    7.88775    -0.0564    13.8155 2.5910e+02  -62.52567  -62.45833 1154448804 213.675984    34.2433      32377         11  0.000e+00
     99.598    -0.9908   2.767986    -0.9916   2.768229    7.88775    -0.0674    13.8155 2.6105e+02  -62.52567  -62.45833 1154448804 213.675984    34.2428      32378         11  0.000e+00
     99.598    -0.9914   2.767996    -0.9917   2.768229    7.88784    -0.0674    13.8155 2.5910e+02  -62.52567  -62.45833 1154448804 213.675985    34.2436      32379         11  0.000e+00
     99.674    -0.9911   2.768006    -0.9920   2.768229    7.88787    -0.0784    13.8155 2.5910e+02  -62.52567  -62.45833 1154448804 213.675985    34.2433      32380         11  0.000e+00
     99.636    -0.9911   2.768009    -0.9920   2.768246    7.88783    -0.0454    13.8155 2.5910e+02  -62.52567  -62.45833 1154448804 213.675986    34.2434      32381         11  0.000e+00
     99.674    -0.9913   2.767999    -0.9916   2.768211    7.88790    -0.0784    13.8155 2.6105e+02  -62.52567  -62.45833 1154448804 213.675986    34.2434      32382         11  0.000e+00
     99.674    -0.9908   2.768006    -0.9917   2.768200    7.88783    -0.0784    13.8155 2.5910e+02  -62.52567  -62.45833 1154448804 213.675987    34.2430      32383         11  0.000e+00
     99.674    -0.9914   2.767957    -0.9915   2.768234    7.88796     0.0207    13.8155 2.5910e+02  -62.52567  -62.45833 1154448804 213.675987    34.2430      32384         11  0.000e+00
     99.741    -0.9916   2.767924    -0.9921   2.768235    7.88808     0.0538    13.8155 2.5910e+02  -62.52567  -62.45833 1154448804 213.675988    34.2427      32385         11  0.000e+00
     99.741    -0.9919   2.767947    -0.9919   2.768206    7.88811    -0.0343    13.8155 2.5910e+02  -62.52567  -62.45833 1154448804 213.675988    34.2434      32386         11  0.000e+00
     99.807    -0.9916   2.767927    -0.9920   2.768217    7.88815    -0.0343    13.8155 2.5910e+02  -62.52567  -62.45833 1154448804 213.675989    34.2427      32387         11  0.000e+00
     99.741    -0.9919   2.767950    -0.9923   2.768229    7.88811    -0.1004    13.8155 2.5910e+02  -62.52567  -62.45833 1154448804 213.675989    34.2434      32388         11  0.000e+00
     99.807    -0.9919   2.767940    -0.9923   2.768206    7.88819    -0.0894    13.8155 2.5910e+02  -62.52567  -62.45833 1154448804 213.675990    34.2433      32389         11  0.000e+00
     99.807    -0.9920   2.767953    -0.9916   2.768200    7.88820    -0.1004    13.8155 2.5910e+02  -62.52567  -62.45833 1154448804 213.675990    34.2436      32390         11  0.000e+00
     99.884    -0.9919   2.767980    -0.9918   2.768217    7.88824    -0.1335    13.8155 2.5910e+02  -62.52567  -62.45833 1154448804 213.675991    34.2437      32391         11  0.000e+00
     99.884    -0.9917   2.767963    -0.9921   2.768182    7.88823    -0.1004    13.8155 2.5910e+02  -62.52567  -62.45833 1154448804 213.675991    34.2434      32392         11  0.000e+00
     99.884    -0.9917   2.767960    -0.9915   2.768188    7.88824    -0.0784    13.8155 2.5910e+02  -62.52567  -62.45833 1154448804 213.675992    34.2433      32393         11  0.000e+00
     99.845    -0.9919   2.767963    -0.9922   2.768200    7.88821    -0.1004    13.8155 2.5910e+02  -62.52567  -62.45833 1154448804 213.675992    34.2435      32394         11  0.000e+00
     99.950    -0.9922   2.767930    -0.9920   2.768177    7.88840    -0.0784    13.8155 2.5910e+02  -62.52567  -62.45833 1154448804 213.675992    34.2434      32395         11  0.000e+00
     99.950    -0.9924   2.767894    -0.9920   2.768171    7.88845    -0.0013    13.8155 2.5910e+02  -62.52567  -62.45833 1154448804 213.675993    34.2431      32396         11  0.000e+00
     99.950    -0.9922   2.767894    -0.9924   2.768171    7.88843    -0.0894    13.8155 2.5910e+02  -62.52567  -62.45833 1154448805 213.675993    34.2429      32397         11  0.000e+00
    100.226    -0.9917   2.767924    -0.9915   2.768246    7.88864    -0.0454    13.8155 2.6300e+02  -62.52567  -62.45833 1154448807 213.676023    34.2426      32458         12  0.000e+00
    100.302    -0.9919   2.767930    -0.9917   2.768211    7.88874     0.0097    13.8155 2.6300e+02  -62.52567  -62.45833 1154448807 213.676023    34.2428      32459         12  0.000e+00
    100.302    -0.9917   2.767924    -0.9919   2.768258    7.88872     0.0648    13.8155 2.6495e+02  -62.52567  -62.45833 1154448807 213.676024    34.2426      32460         12  0.000e+00
    100.226    -0.9914   2.767934    -0.9914   2.768258    7.88858     0.0318    13.8155 2.6495e+02  -62.52567  -62.45833 1154448807 213.676024    34.2424      32461         12  0.000e+00
    100.226    -0.9917   2.767950    -0.9917   2.768211    7.88862     0.0097    13.8155 2.6495e+02  -62.52567  -62.45833 1154448807 213.676025    34.2430      32462         12  0.000e+00
    100.273    -0.9913   2.767944    -0.9921   2.768235    7.88860     0.0097    13.8155 2.6300e+02  -62.52567  -62.45833 1154448807 213.676025    34.2423      32463         12  0.000e+00
    100.226    -0.9911   2.767973    -0.9917   2.768235    7.88850     0.0097    13.8155 2.6300e+02  -62.52567  -62.45833 1154448807 213.676026    34.2426      32464         12  0.000e+00
    100.092    -0.9917   2.767950    -0.9918   2.768246    7.88847    -0.0343    13.8155 2.6495e+02  -62.52567  -62.45833 1154448807 213.676026    34.2430      32465         12  0.000e+00
    100.302    -0.9914   2.767983    -0.9918   2.768269    7.88863    -0.0233    13.8155 2.6495e+02  -62.52567  -62.45833 1154448807 213.676027    34.2430      32466         12  0.000e+00
    100.226    -0.9914   2.767953    -0.9912   2.768258    7.88857    -0.0564    13.8155 2.6495e+02  -62.52567  -62.45833 1154448807 213.676027    34.2426      32467         12  0.000e+00
    100.226    -0.9914   2.767957    -0.9914   2.768252    7.88856    -0.0123    13.8155 2.6495e+02  -62.52567  -62.45833 1154448807 213.676028    34.2427      32468         12  0.000e+00
    100.159    -0.9917   2.767973    -0.9912   2.768252    7.88853     0.0207    13.8155 2.6495e+02  -62.52567  -62.45833 1154448807 213.676028    34.2433      32469         12  0.000e+00
    100.226    -0.9913   2.767967    -0.9917   2.768269    7.88853    -0.0564    13.8155 2.6495e+02  -62.52567  -62.45833 1154448808 213.676029    34.2426      32470         12  0.000e+00
    100.159    -0.9916   2.767943    -0.9917   2.768298    7.88852    -0.0894    13.8155 2.6495e+02  -62.52567  -62.45833 1154448808 213.676029    34.2427      32471         12  0.000e+00
    100.159    -0.9916   2.767967    -0.9913   2.768287    7.88851    -0.0343    13.8155 2.6300e+02  -62.52567  -62.45833 1154448808 213.676030    34.2430      32472         12  0.000e+00
    100.159    -0.9911   2.767967    -0.9910   2.768281    7.88843    -0.0013    13.8155 2.6300e+02  -62.52567  -62.45833 1154448808 213.676030    34.2425      32473         12  0.000e+00
    100.159    -0.9916   2.767963    -0.9914   2.768298    7.88851    -0.0343    13.8155 2.6495e+02  -62.52567  -62.45833 1154448808 213.676031    34.2430      32474         12  0.000e+00
    100.159    -0.9917   2.767963    -0.9914   2.768264    7.88854    -0.0123    13.8155 2.6495e+02  -62.52567  -62.45833 1154448808 213.676031    34.2432      32475         12  0.000e+00
    100.130    -0.9914   2.767973    -0.9911   2.768287    7.88845     0.0428    13.8155 2.6495e+02  -62.52567  -62.45833 1154448808 213.676032    34.2430      32476         12  0.000e+00
    100.159    -0.9916   2.767983    -0.9914   2.768339    7.88849     0.0538    13.8155 2.6495e+02  -62.52567  -62.45833 1154448808 213.676032    34.2433      32477         12  0.000e+00
    100.092    -0.9914   2.767967    -0.9907   2.768339    7.88841    -0.0123    13.8155 2.6495e+02  -62.52567  -62.45833 1154448808 213.676033    34.2429      32478         12  0.000e+00
    100.159    -0.9916   2.767973    -0.9904   2.768310    7.88850    -0.0564    13.8155 2.6495e+02  -62.52567  -62.45833 1154448808 213.676033    34.2431      32479         12  0.000e+00
    100.092    -0.9906   2.767983    -0.9907   2.768339    7.88827    -0.0674    13.8155 2.6495e+02  -62.52567  -62.45833 1154448808 213.676033    34.2422      32480         12  0.000e+00
    100.159    -0.9916   2.767967    -0.9903   2.768374    7.88851     0.0097    13.8155 2.6495e+02  -62.52567  -62.45833 1154448808 213.676034    34.2430      32481         12  0.000e+00
    100.092    -0.9916   2.767973    -0.9904   2.768345    7.88843    -0.0123    13.8155 2.6495e+02  -62.52567  -62.45833 1154448808 213.676034    34.2432      32482         12  0.000e+00
    100.092    -0.9913   2.767966    -0.9906   2.768333    7.88838    -0.0233    13.8155 2.6495e+02  -62.52567  -62.45833 1154448808 213.676035    34.2427      32483         12  0.000e+00
    100.092    -0.9916   2.767963    -0.9907   2.768350    7.88843    -0.0123    13.8155 2.6495e+02  -62.52567  -62.45833 1154448808 213.676035    34.2430      32484         12  0.000e+00
    100.092    -0.9914   2.767930    -0.9909   2.768356    7.88844    -0.0123    13.8155 2.6495e+02  -62.52567  -62.45833 1154448808 213.676036    34.2424      32485         12  0.000e+00
    100.092    -0.9916   2.767947    -0.9906   2.768339    7.88845    -0.0564    13.8155 2.6495e+02  -62.52567  -62.45833 1154448808 213.676036    34.2428      32486         12  0.000e+00
    100.092    -0.9920   2.767927    -0.9907   2.768333    7.88853    -0.1225    13.8155 2.6495e+02  -62.52567  -62.45833 1154448808 213.676037    34.2431      32487         12  0.000e+00
    100.092    -0.9916   2.767934    -0.9907   2.768350    7.88846    -0.0343    13.8155 2.6495e+02  -62.52567  -62.45833 1154448808 213.676037    34.2426      32488         12  0.000e+00
    100.092    -0.9920   2.767901    -0.9901   2.768356    7.88855     0.0207    13.8155 2.6495e+02  -62.52567  -62.45833 1154448808 213.676038    34.2427      32489         12  0.000e+00
    100.130    -0.9917   2.767927    -0.9907   2.768339    7.88853     0.0648    13.8155 2.6495e+02  -62.52567  -62.45833 1154448808 213.676038    34.2427      32490         12  0.000e+00
    100.015    -0.9914   2.767907    -0.9907   2.768333    7.88837    -0.0123    13.8155 2.6495e+02  -62.52567  -62.45833 1154448808 213.676039    34.2421      32491         12  0.000e+00
    100.092    -0.9917   2.767888    -0.9911   2.768350    7.88852    -0.0674    13.8155 2.6495e+02  -62.52567  -62.45833 1154448808 213.676039    34.2422      32492         12  0.000e+00
    100.092    -0.9919   2.767911    -0.9910   2.768339    7.88852    -0.0343    13.8155 2.6495e+02  -62.52567  -62.45833 1154448809 213.676040    34.2427      32493         12  0.000e+00
    100.015    -0.9921   2.767920    -0.9907   2.768333    7.88846    -0.0564    13.8155 2.6495e+02  -62.52567  -62.45833 1154448809 213.676040    34.2430      32494         12  0.000e+00
    100.092    -0.9917   2.767920    -0.9907   2.768310    7.88849    -0.0564    13.8155 2.6495e+02  -62.52567  -62.45833 1154448809 213.676041    34.2426      32495         12  0.000e+00
    100.092    -0.9922   2.767878    -0.9911   2.768287    7.89334     0.0538    13.8155 2.6495e+02  -62.52567  -62.45833 1154448809 213.676041    34.2426      32496         12  0.000e+00
    100.015    -0.9922   2.767887    -0.9915   2.768316    7.88851    -0.0123    13.8155 2.6495e+02  -62.52567  -62.45833 1154448809 213.676042    34.2428      32497         12  0.000e+00
    100.092    -0.9919   2.767897    -0.9912   2.768310    7.88853    -0.0674    13.8155 2.6495e+02  -62.52567  -62.45833 1154448809 213.676042    34.2425      32498         12  0.000e+00
    100.015    -0.9925   2.767871    -0.9910   2.768321    7.88856    -0.0894    13.8155 2.6495e+02  -62.52567  -62.45833 1154448809 213.676043    34.2429      32499         12  0.000e+00
    100.092    -0.9924   2.767855    -0.9907   2.768333    7.88864    -0.0343    13.8155 2.6495e+02  -62.52567  -62.45833 1154448809 213.676043    34.2424      32500         12  0.000e+00
    100.092    -0.9924   2.767868    -0.9904   2.768333    7.88863    -0.0454    13.8155 2.6495e+02  -62.52567  -62.45833 1154448809 213.676044    34.2426      32501         12  0.000e+00
    100.015    -0.9922   2.767901    -0.9906   2.768350    7.88850    -0.1004    13.8155 2.6495e+02  -62.52567  -62.45833 1154448809 213.676044    34.2429      32502         12  0.000e+00
    100.053    -0.9922   2.767881    -0.9910   2.768339    7.89330    -0.0564    13.8155 2.6495e+02  -62.52567  -62.45833 1154448809 213.676045    34.2427      32503         12  0.000e+00
    100.092    -0.9921   2.767924    -0.9907   2.768310    7.88854    -0.0564    13.8155 2.6495e+02  -62.52567  -62.45833 1154448809 213.676045    34.2430      32504         12  0.000e+00
    100.092    -0.9920   2.767950    -0.9912   2.768321    7.88852     0.0097    13.8155 2.6495e+02  -62.52567  -62.45833 1154448809 213.676046    34.2434      32505         12  0.000e+00
    100.015    -0.9920   2.767960    -0.9914   2.768292    7.88843    -0.0123    13.8155 2.6495e+02  -62.52567  -62.45833 1154448809 213.676046    34.2436      32506         12  0.000e+00
    100.224    -0.9914   2.767943    -0.9921   2.768217    7.88857    -0.1114    13.8155 2.6300e+02  -62.52567  -62.45833 1154448811 213.676067    34.2425      32550         13  0.000e+00
    100.301    -0.9917   2.767940    -0.9919   2.768229    7.89346    -0.1665    13.8155 2.6300e+02  -62.52567  -62.45833 1154448811 213.676068    34.2428      32551         13  0.000e+00
    100.224    -0.9917   2.767934    -0.9921   2.768206    7.89338    -0.1225    13.8155 2.6300e+02  -62.52567  -62.45833 1154448811 213.676068    34.2427      32552         13  0.000e+00
    100.301    -0.9919   2.767937    -0.9915   2.768200    7.89348     0.0097    13.8155 2.6300e+02  -62.52567  -62.45833 1154448811 213.676069    34.2429      32553         13  0.000e+00
    100.301    -0.9925   2.767907    -0.9917   2.768177    7.88885     0.0758    13.8155 2.6105e+02  -62.52567  -62.45833 1154448811 213.676069    34.2432      32554         13  0.000e+00
    100.224    -0.9922   2.767907    -0.9922   2.768188    7.88872     0.0318    13.8155 2.6105e+02  -62.52567  -62.45833 1154448811 213.676070    34.2429      32555         13  0.000e+00
    100.301    -0.9922   2.767917    -0.9921   2.768235    7.88880     0.0318    13.8155 2.6300e+02  -62.52567  -62.45833 1154448811 213.676070    34.2430      32556         13  0.000e+00
