product_data/regression_test/downloaded_data/MDGS/320620060703/ctd/p6621105.cnv
* Sea-Bird SBE 9 Data File:
* FileName = D:\Data\Raw\p6621105.dat
* Software Version Seasave Win32 V 5.32
* Temperature SN = 1649
* Conductivity SN = 1431
* Number of Bytes Per Scan = 37
* Number of Voltage Words = 5
* Number of Scans Averaged by the Deck Unit = 1
* NMEA Latitude = 63 47.00 S
* NMEA Longitude = 060 13.15 W
* NMEA UTC (Time) = 17:09:33
** Ship:   Nathaniel B. Palmer 
** Cruise:    NBP0606 
# nquan = 15
# nvalues = 300                         
# units = specified
# name 0 = prDM: Pressure, Digiquartz [db]
# name 1 = t090C: Temperature [ITS-90, deg C]
# name 2 = c0S/m: Conductivity [S/m]
# name 3 = t190C: Temperature, 2 [ITS-90, deg C]
# name 4 = c1S/m: Conductivity, 2 [S/m]
# name 5 = sbeox0ML/L: Oxygen, SBE 43 [ml/l]
# name 6 = flECO-AFL: Fluorescence, Wetlab ECO-AFL/FL [mg/m^3]
# name 7 = bat: Beam Attenuation, Chelsea/Seatech/Wetlab CStar [1/m]
# name 8 = spar: SPAR/Surface Irradiance
# name 9 = latitude: Latitude [deg]
# name 10 = longitude: Longitude [deg]
# name 11 = timeY: Time, System [seconds]
# name 12 = timeJ: Julian Days
# name 13 = sal00: Salinity [PSU]
# name 14 = flag: flag
# span 0 =      2.000,    301.000       
# span 1 =    -1.5757,    -0.9687       
# span 2 =   2.732001,   2.778500       
# span 3 =    -1.5757,    -0.9674       
# span 4 =   2.732327,   2.778819       
# span 5 =    6.96853,    7.41626       
# span 6 =    -0.0730,     0.1462       
# span 7 =    13.8155,    13.8155       
# span 8 = 8.3876e+02, 8.8019e+02       
# span 9 =  -63.78333,  -63.78333       
# span 10 =  -60.21917,  -60.21917      
# span 11 = 1154365778, 1154366376      
# span 12 = 212.715034, 212.721967      
# span 13 =    34.2349,    34.3828      
# span 14 = 0.0000e+00, 0.0000e+00      
# interval = decibars: 1                
# start_time = Jul 31 2006 17:09:41
# bad_flag = -9.990e-29
*END*
      2.000    -1.2644   2.740470    -1.2658   2.741047    7.27722     0.1462    13.8155 8.8019e+02  -63.78333  -60.21917 1154365778 212.715034    34.2398 0.0000e+00
      3.000    -1.2661   2.740603    -1.2661   2.741239    7.24992    -0.0400    13.8155 8.7678e+02  -63.78333  -60.21917 1154365798 212.715274    34.2431 0.0000e+00
      4.000    -1.2678   2.740217    -1.2684   2.740729    7.26574    -0.0237    13.8155 8.7655e+02  -63.78333  -60.21917 1154365804 212.715338    34.2394 0.0000e+00
      5.000    -1.2772   2.739472    -1.2793   2.740478    7.27985    -0.0192    13.8155 8.7659e+02  -63.78333  -60.21917 1154365808 212.715393    34.2382 0.0000e+00
      6.000    -1.3142   2.736262    -1.3171   2.736722    7.29859     0.0059    13.8155 8.7494e+02  -63.78333  -60.21917 1154365812 212.715436    34.2380 0.0000e+00
      7.000    -1.3252   2.735374    -1.3255   2.735952    7.30754    -0.0027    13.8155 8.7491e+02  -63.78333  -60.21917 1154365815 212.715474    34.2373 0.0000e+00
      8.000    -1.3381   2.734230    -1.3411   2.734568    7.30973     0.0015    13.8155 8.7417e+02  -63.78333  -60.21917 1154365819 212.715519    34.2356 0.0000e+00
      9.000    -1.3292   2.735176    -1.3305   2.735519    7.31030    -0.0092    13.8155 8.7295e+02  -63.78333  -60.21917 1154365823 212.715562    34.2372 0.0000e+00
     10.000    -1.3073   2.737237    -1.3097   2.737527    7.30162    -0.0051    13.8155 8.7188e+02  -63.78333  -60.21917 1154365826 212.715596    34.2391 0.0000e+00
     11.000    -1.3093   2.737071    -1.3095   2.737611    7.30218    -0.0084    13.8155 8.7076e+02  -63.78333  -60.21917 1154365830 212.715640    34.2386 0.0000e+00
     12.000    -1.2968   2.738290    -1.2989   2.738674    7.30373    -0.0063    13.8155 8.6904e+02  -63.78333  -60.21917 1154365833 212.715681    34.2402 0.0000e+00
     13.000    -1.3136   2.736254    -1.3156   2.737123    7.30623    -0.0045    13.8155 8.6997e+02  -63.78333  -60.21917 1154365837 212.715722    34.2381 0.0000e+00
     14.000    -1.3476   2.733743    -1.3204   2.736821    7.31965    -0.0131    13.8155 8.6897e+02  -63.78333  -60.21917 1154365840 212.715761    34.2349 0.0000e+00
     15.000    -1.3445   2.734000    -1.3430   2.734701    7.32208    -0.0202    13.8155 8.6940e+02  -63.78333  -60.21917 1154365842 212.715785    34.2350 0.0000e+00
     16.000    -1.3396   2.734503    -1.3397   2.734977    7.32688    -0.0157    13.8155 8.6994e+02  -63.78333  -60.21917 1154365845 212.715813    34.2354 0.0000e+00
     17.000    -1.3369   2.734801    -1.3372   2.735302    7.32739    -0.0028    13.8155 8.6780e+02  -63.78333  -60.21917 1154365847 212.715841    34.2356 0.0000e+00
     18.000    -1.3379   2.734798    -1.3354   2.735500    7.32111     0.0015    13.8155 8.6723e+02  -63.78333  -60.21917 1154365849 212.715868    34.2361 0.0000e+00
     19.000    -1.3330   2.735272    -1.3367   2.735450    7.31379     0.0031    13.8155 8.6765e+02  -63.78333  -60.21917 1154365852 212.715896    34.2361 0.0000e+00
     20.000    -1.3118   2.737359    -1.3093   2.737965    7.30991    -0.0186    13.8155 8.6708e+02  -63.78333  -60.21917 1154365854 212.715922    34.2391 0.0000e+00
     21.000    -1.2934   2.739151    -1.2861   2.740322    7.29597    -0.0181    13.8155 8.6701e+02  -63.78333  -60.21917 1154365856 212.715946    34.2421 0.0000e+00
     22.000    -1.2902   2.739499    -1.2842   2.740409    7.28870     0.0101    13.8155 8.6741e+02  -63.78333  -60.21917 1154365858 212.715967    34.2420 0.0000e+00
     23.000    -1.2596   2.742535    -1.2556   2.743333    7.27497    -0.0026    13.8155 8.6692e+02  -63.78333  -60.21917 1154365860 212.715995    34.2481 0.0000e+00
     24.000    -1.2631   2.742180    -1.2632   2.742639    7.26295    -0.0068    13.8155 8.6636e+02  -63.78333  -60.21917 1154365863 212.716024    34.2469 0.0000e+00
     25.000    -1.2639   2.742172    -1.2648   2.742520    7.25882     0.0004    13.8155 -9.990e-29  -63.78333  -60.21917 1154365865 212.716047    34.2475 0.0000e+00
     26.000    -1.2566   2.742918    -1.2557   2.743459    7.25731     0.0037    13.8155 8.6879e+02  -63.78333  -60.21917 1154365867 212.716067    34.2483 0.0000e+00
     27.000    -1.2622   2.742413    -1.2620   2.742935    7.25696     0.0248    13.8155 8.6812e+02  -63.78333  -60.21917 1154365870 212.716105    34.2478 0.0000e+00
     28.000    -1.2577   2.742888    -1.2545   2.743525    7.25212    -0.0092    13.8155 8.6722e+02  -63.78333  -60.21917 1154365872 212.716124    34.2488 0.0000e+00
     29.000    -1.2354   2.745058    -1.2333   2.745666    7.23814     0.0030    13.8155 8.6855e+02  -63.78333  -60.21917 1154365873 212.716144    34.2517 0.0000e+00
     30.000    -1.2393   2.744755    -1.2392   2.745156    7.23488    -0.0033    13.8155 8.6842e+02  -63.78333  -60.21917 1154365876 212.716175    34.2519 0.0000e+00
     31.000    -1.1839   2.750051    -1.1772   2.750938    7.21995    -0.0236    13.8155 8.6646e+02  -63.78333  -60.21917 1154365878 212.716201    34.2583 0.0000e+00
     32.000    -1.1611   2.752192    -1.1553   2.753172    7.20290    -0.0170    13.8155 8.6643e+02  -63.78333  -60.21917 1154365880 212.716222    34.2616 0.0000e+00
     33.000    -1.1755   2.750871    -1.1779   2.751055    7.19604    -0.0004    13.8155 8.6665e+02  -63.78333  -60.21917 1154365882 212.716249    34.2600 0.0000e+00
     34.000    -1.1684   2.751689    -1.1699   2.751900    7.18746    -0.0264    13.8155 8.6765e+02  -63.78333  -60.21917 1154365885 212.716275    34.2630 0.0000e+00
     35.000    -1.1537   2.753242    -1.1554   2.753453    7.17763    -0.0054    13.8155 8.6691e+02  -63.78333  -60.21917 1154365887 212.716297    34.2663 0.0000e+00
     36.000    -1.1337   2.755195    -1.1364   2.755306    7.17577    -0.0168    13.8155 8.6422e+02  -63.78333  -60.21917 1154365889 212.716323    34.2696 0.0000e+00
     37.000    -1.1289   2.755748    -1.1339   2.755627    7.17141    -0.0160    13.8155 8.6206e+02  -63.78333  -60.21917 1154365891 212.716352    34.2711 0.0000e+00
     38.000    -1.1618   2.752897    -1.1610   2.753457    7.17791    -0.0090    13.8155 8.6244e+02  -63.78333  -60.21917 1154365893 212.716377    34.2703 0.0000e+00
     39.000    -1.1715   2.752138    -1.1699   2.752685    7.18584    -0.0056    13.8155 8.6551e+02  -63.78333  -60.21917 1154365896 212.716403    34.2709 0.0000e+00
     40.000    -1.1616   2.753576    -1.1616   2.753971    7.18906    -0.0225    13.8155 8.6339e+02  -63.78333  -60.21917 1154365898 212.716427    34.2780 0.0000e+00
     41.000    -1.1671   2.753166    -1.1671   2.753576    7.19042    -0.0062    13.8155 8.6343e+02  -63.78333  -60.21917 1154365899 212.716447    34.2784 0.0000e+00
     42.000    -1.1754   2.752492    -1.1745   2.752958    7.19393    -0.0076    13.8155 8.6324e+02  -63.78333  -60.21917 1154365902 212.716474    34.2781 0.0000e+00
     43.000    -1.1823   2.751946    -1.1819   2.752395    7.20050    -0.0225    13.8155 8.6194e+02  -63.78333  -60.21917 1154365905 212.716505    34.2780 0.0000e+00
     44.000    -1.1787   2.752460    -1.1776   2.752894    7.19903    -0.0105    13.8155 8.6208e+02  -63.78333  -60.21917 1154365907 212.716530    34.2803 0.0000e+00
     45.000    -1.1595   2.754289    -1.1597   2.754607    7.19733    -0.0178    13.8155 8.6280e+02  -63.78333  -60.21917 1154365909 212.716551    34.2820 0.0000e+00
     46.000    -1.1572   2.754604    -1.1564   2.755019    7.19586    -0.0021    13.8155 8.6304e+02  -63.78333  -60.21917 1154365911 212.716578    34.2830 0.0000e+00
     47.000    -1.1689   2.753735    -1.1723   2.753924    7.19823    -0.0194    13.8155 8.6249e+02  -63.78333  -60.21917 1154365913 212.716601    34.2838 0.0000e+00
     48.000    -1.2219   2.749336    -1.2237   2.749655    7.21572    -0.0280    13.8155 8.6335e+02  -63.78333  -60.21917 1154365915 212.716630    34.2854 0.0000e+00
     49.000    -1.2465   2.747438    -1.2456   2.747922    7.23140    -0.0082    13.8155 8.6354e+02  -63.78333  -60.21917 1154365918 212.716655    34.2875 0.0000e+00
     50.000    -1.2412   2.747952    -1.2399   2.748447    7.23601    -0.0024    13.8155 8.6377e+02  -63.78333  -60.21917 1154365919 212.716674    34.2872 0.0000e+00
     51.000    -1.2380   2.748337    -1.2375   2.748752    7.23991    -0.0098    13.8155 8.6309e+02  -63.78333  -60.21917 1154365922 212.716703    34.2877 0.0000e+00
     52.000    -1.2295   2.749205    -1.2294   2.749569    7.24147    -0.0163    13.8155 8.6044e+02  -63.78333  -60.21917 1154365924 212.716736    34.2887 0.0000e+00
     53.000    -1.2387   2.748495    -1.2367   2.749059    7.23855    -0.0174    13.8155 8.6336e+02  -63.78333  -60.21917 1154365926 212.716753    34.2889 0.0000e+00
     54.000    -1.2577   2.746974    -1.2576   2.747396    7.23889    -0.0067    13.8155 8.6418e+02  -63.78333  -60.21917 1154365928 212.716775    34.2897 0.0000e+00
     55.000    -1.2370   2.749127    -1.2453   2.748661    7.23617     0.0058    13.8155 8.6199e+02  -63.78333  -60.21917 1154365930 212.716802    34.2943 0.0000e+00
     56.000    -1.1781   2.754530    -1.1757   2.755019    7.20936    -0.0185    13.8155 8.6117e+02  -63.78333  -60.21917 1154365933 212.716831    34.2985 0.0000e+00
     57.000    -1.1939   2.753319    -1.1932   2.753776    7.19782    -0.0314    13.8155 8.6195e+02  -63.78333  -60.21917 1154365935 212.716855    34.2999 0.0000e+00
     58.000    -1.2086   2.752284    -1.2073   2.752749    7.19716    -0.0275    13.8155 8.6190e+02  -63.78333  -60.21917 1154365937 212.716878    34.3028 0.0000e+00
     59.000    -1.1986   2.753295    -1.1987   2.753608    7.19183    -0.0223    13.8155 8.6219e+02  -63.78333  -60.21917 1154365939 212.716905    34.3043 0.0000e+00
     60.000    -1.1934   2.753869    -1.1930   2.754227    7.18707    -0.0183    13.8155 8.6105e+02  -63.78333  -60.21917 1154365941 212.716931    34.3056 0.0000e+00
     61.000    -1.1932   2.753956    -1.1930   2.754303    7.18367    -0.0321    13.8155 8.6206e+02  -63.78333  -60.21917 1154365943 212.716952    34.3060 0.0000e+00
     62.000    -1.1978   2.753613    -1.1983   2.753912    7.18514    -0.0084    13.8155 8.6176e+02  -63.78333  -60.21917 1154365945 212.716978    34.3061 0.0000e+00
     63.000    -1.1976   2.753725    -1.1974   2.754062    7.18976    -0.0169    13.8155 8.5877e+02  -63.78333  -60.21917 1154365948 212.717007    34.3069 0.0000e+00
     64.000    -1.1964   2.753891    -1.1960   2.754252    7.18823    -0.0321    13.8155 8.5963e+02  -63.78333  -60.21917 1154365950 212.717033    34.3071 0.0000e+00
     65.000    -1.1975   2.753863    -1.1969   2.754227    7.18574    -0.0255    13.8155 8.6068e+02  -63.78333  -60.21917 1154365952 212.717058    34.3074 0.0000e+00
     66.000    -1.2010   2.753605    -1.2007   2.753971    7.18611    -0.0147    13.8155 8.5995e+02  -63.78333  -60.21917 1154365954 212.717078    34.3073 0.0000e+00
     67.000    -1.2077   2.753095    -1.2053   2.753616    7.19295    -0.0159    13.8155 8.6066e+02  -63.78333  -60.21917 1154365956 212.717100    34.3076 0.0000e+00
     68.000    -1.2126   2.752723    -1.2138   2.752977    7.20010    -0.0157    13.8155 8.5859e+02  -63.78333  -60.21917 1154365959 212.717136    34.3074 0.0000e+00
     69.000    -1.2220   2.751980    -1.2209   2.752416    7.20293    -0.0205    13.8155 8.6075e+02  -63.78333  -60.21917 1154365961 212.717157    34.3077 0.0000e+00
     70.000    -1.2265   2.751646    -1.2260   2.752031    7.20970    -0.0281    13.8155 8.6004e+02  -63.78333  -60.21917 1154365963 212.717179    34.3076 0.0000e+00
     71.000    -1.2295   2.751446    -1.2296   2.751771    7.21545    -0.0259    13.8155 8.5909e+02  -63.78333  -60.21917 1154365965 212.717206    34.3076 0.0000e+00
     72.000    -1.2433   2.750301    -1.2452   2.750503    7.22376    -0.0249    13.8155 8.5877e+02  -63.78333  -60.21917 1154365967 212.717232    34.3073 0.0000e+00
     73.000    -1.2789   2.747320    -1.2798   2.747614    7.23839    -0.0292    13.8155 8.5741e+02  -63.78333  -60.21917 1154365970 212.717262    34.3073 0.0000e+00
     74.000    -1.2945   2.746021    -1.2946   2.746406    7.24606    -0.0290    13.8155 8.5952e+02  -63.78333  -60.21917 1154365972 212.717285    34.3067 0.0000e+00
     75.000    -1.2971   2.745930    -1.2986   2.746122    7.24733    -0.0351    13.8155 8.6162e+02  -63.78333  -60.21917 1154365973 212.717303    34.3078 0.0000e+00
     76.000    -1.2873   2.746851    -1.2871   2.747161    7.24743    -0.0256    13.8155 8.6097e+02  -63.78333  -60.21917 1154365976 212.717330    34.3079 0.0000e+00
     77.000    -1.2803   2.747517    -1.2809   2.747775    7.24476    -0.0106    13.8155 8.5896e+02  -63.78333  -60.21917 1154365979 212.717362    34.3079 0.0000e+00
     78.000    -1.2776   2.747836    -1.2754   2.748306    7.24620    -0.0162    13.8155 8.6063e+02  -63.78333  -60.21917 1154365981 212.717385    34.3085 0.0000e+00
     79.000    -1.2548   2.749952    -1.2528   2.750427    7.24707    -0.0123    13.8155 8.6319e+02  -63.78333  -60.21917 1154365982 212.717405    34.3099 0.0000e+00
     80.000    -1.2664   2.749038    -1.2662   2.749391    7.24538    -0.0286    13.8155 8.6088e+02  -63.78333  -60.21917 1154365984 212.717429    34.3105 0.0000e+00
     81.000    -1.2959   2.746616    -1.2955   2.746990    7.25453    -0.0148    13.8155 8.5784e+02  -63.78333  -60.21917 1154365987 212.717456    34.3110 0.0000e+00
     82.000    -1.3112   2.745298    -1.3120   2.745619    7.26209    -0.0274    13.8155 8.5709e+02  -63.78333  -60.21917 1154365989 212.717482    34.3108 0.0000e+00
     83.000    -1.3147   2.745105    -1.3142   2.745474    7.27445    -0.0266    13.8155 8.5667e+02  -63.78333  -60.21917 1154365991 212.717506    34.3109 0.0000e+00
     84.000    -1.3192   2.744776    -1.3197   2.745074    7.27936    -0.0102    13.8155 8.5606e+02  -63.78333  -60.21917 1154365993 212.717534    34.3108 0.0000e+00
     85.000    -1.3357   2.743420    -1.3348   2.743845    7.28674    -0.0058    13.8155 8.5432e+02  -63.78333  -60.21917 1154365996 212.717559    34.3108 0.0000e+00
     86.000    -1.3383   2.743271    -1.3377   2.743641    7.29012    -0.0052    13.8155 8.5369e+02  -63.78333  -60.21917 1154365998 212.717583    34.3108 0.0000e+00
     87.000    -1.3423   2.742969    -1.3437   2.743204    7.29271    -0.0130    13.8155 8.5364e+02  -63.78333  -60.21917 1154366000 212.717606    34.3109 0.0000e+00
     88.000    -1.3545   2.742066    -1.3542   2.742409    7.29684    -0.0172    13.8155 8.5372e+02  -63.78333  -60.21917 1154366001 212.717627    34.3116 0.0000e+00
     89.000    -1.3534   2.742236    -1.3524   2.742648    7.29790    -0.0222    13.8155 8.5370e+02  -63.78333  -60.21917 1154366004 212.717657    34.3119 0.0000e+00
     90.000    -1.3455   2.743131    -1.3449   2.743466    7.29316    -0.0226    13.8155 8.5370e+02  -63.78333  -60.21917 1154366007 212.717686    34.3141 0.0000e+00
     91.000    -1.3263   2.745005    -1.3258   2.745289    7.28566    -0.0416    13.8155 8.5572e+02  -63.78333  -60.21917 1154366008 212.717702    34.3167 0.0000e+00
     92.000    -1.3150   2.746106    -1.3147   2.746395    7.27647    -0.0145    13.8155 8.5839e+02  -63.78333  -60.21917 1154366010 212.717724    34.3179 0.0000e+00
     93.000    -1.3036   2.747244    -1.3022   2.747627    7.26842    -0.0418    13.8155 8.5621e+02  -63.78333  -60.21917 1154366012 212.717754    34.3197 0.0000e+00
     94.000    -1.2985   2.747765    -1.2975   2.748104    7.25464    -0.0057    13.8155 8.5464e+02  -63.78333  -60.21917 1154366015 212.717779    34.3204 0.0000e+00
     95.000    -1.2880   2.748745    -1.2872   2.749083    7.24659    -0.0267    13.8155 8.5759e+02  -63.78333  -60.21917 1154366017 212.717804    34.3211 0.0000e+00
     96.000    -1.2746   2.750029    -1.2735   2.750363    7.23727    -0.0058    13.8155 8.5945e+02  -63.78333  -60.21917 1154366019 212.717833    34.3227 0.0000e+00
     97.000    -1.2690   2.750577    -1.2687   2.750862    7.22713    -0.0423    13.8155 8.5834e+02  -63.78333  -60.21917 1154366021 212.717853    34.3231 0.0000e+00
