product_data/regression_test/downloaded_data/MDGS/320620060703/ctd/p6622301.cnv
* Sea-Bird SBE 9 Data File:
* FileName = D:\Data\Raw\p6622301.dat
* Software Version Seasave Win32 V 5.32
* Temperature SN = 1649
* Conductivity SN = 1431
* Number of Bytes Per Scan = 37
* Number of Voltage Words = 5
* Number of Scans Averaged by the Deck Unit = 1
* NMEA Latitude = 62 45.31 S
* NMEA Longitude = 057 47.75 W
* NMEA UTC (Time) = 14:19:13
** Ship:   Nathaniel B. Palmer 
** Cruise:    NBP0606 
# nquan = 15
# nvalues = 701                         
# units = specified
# name 0 = prDM: Pressure, Digiquartz [db]
# name 1 = t090C: Temperature [ITS-90, deg C]
# name 2 = c0S/m: Conductivity [S/m]
# name 3 = t190C: Temperature, 2 [ITS-90, deg C]
# name 4 = c1S/m: Conductivity, 2 [S/m]
# name 5 = sbeox0ML/L: Oxygen, SBE 43 [ml/l]
# name 6 = flECO-AFL: Fluorescence, Wetlab ECO-AFL/FL [mg/m^3]
# name 7 = bat: Beam Attenuation, Chelsea/Seatech/Wetlab CStar [1/m]
# name 8 = spar: SPAR/Surface Irradiance
# name 9 = latitude: Latitude [deg]
# name 10 = longitude: Longitude [deg]
# name 11 = timeY: Time, System [seconds]
# name 12 = timeJ: Julian Days
# name 13 = sal00: Salinity [PSU]
# name 14 = flag: flag
# span 0 =      1.000,    701.000       
# span 1 =    -1.8034,    -0.6220       
# span 2 =   2.704233,   2.841397       
# span 3 =    -1.8042,    -0.6214       
# span 4 =   2.704841,   2.841595       
# span 5 =    6.32686,    7.62343       
# span 6 =    -0.1099,     0.0926       
# span 7 =    13.8155,    13.8155       
# span 8 = 2.4014e+02, 6.5644e+02       
# span 9 =  -62.75517,  -62.75517       
# span 10 =  -57.79583,  -57.79583      
# span 11 = 1154614806, 1154615878      
# span 12 = 215.597309, 215.609718      
# span 13 =    34.3197,    34.5481      
# span 14 = 0.0000e+00, 0.0000e+00      
# interval = decibars: 1                
# start_time = Aug 03 2006 14:19:57
# bad_flag = -9.990e-29
*END*
[from data line 579]
    580.000    -0.6637   2.839615    -0.6632   2.839788    6.37676    -0.0704    13.8155 5.2597e+02  -62.75517  -57.79583 1154615678 215.607405    34.5469 0.0000e+00
    581.000    -0.6640   2.839625    -0.6636   2.839813    6.37583    -0.0886    13.8155 5.1451e+02  -62.75517  -57.79583 1154615679 215.607419    34.5468 0.0000e+00
    582.000    -0.6654   2.839555    -0.6650   2.839739    6.37268    -0.0854    13.8155 5.0937e+02  -62.75517  -57.79583 1154615680 215.607433    34.5469 0.0000e+00
    583.000    -0.6663   2.839522    -0.6660   2.839701    6.37088    -0.0719    13.8155 4.9579e+02  -62.75517  -57.79583 1154615681 215.607447    34.5469 0.0000e+00
    584.000    -0.6668   2.839537    -0.6664   2.839719    6.37057    -0.0663    13.8155 4.7712e+02  -62.75517  -57.79583 1154615683 215.607461    34.5470 0.0000e+00
    585.000    -0.6711   2.839219    -0.6709   2.839405    6.37087    -0.0696    13.8155 4.5869e+02  -62.75517  -57.79583 1154615684 215.607475    34.5470 0.0000e+00
    586.000    -0.6745   2.839001    -0.6740   2.839191    6.37228    -0.0724    13.8155 4.4746e+02  -62.75517  -57.79583 1154615685 215.607490    34.5476 0.0000e+00
    587.000    -0.6750   2.839014    -0.6741   2.839219    6.37412    -0.0453    13.8155 4.3362e+02  -62.75517  -57.79583 1154615686 215.607505    34.5476 0.0000e+00
    588.000    -0.6746   2.839080    -0.6741   2.839267    6.37656    -0.0694    13.8155 4.3084e+02  -62.75517  -57.79583 1154615688 215.607520    34.5474 0.0000e+00
    589.000    -0.6751   2.839082    -0.6747   2.839272    6.37665    -0.0734    13.8155 4.1787e+02  -62.75517  -57.79583 1154615689 215.607535    34.5473 0.0000e+00
    590.000    -0.6774   2.838946    -0.6776   2.839088    6.37309    -0.0881    13.8155 4.2083e+02  -62.75517  -57.79583 1154615690 215.607550    34.5476 0.0000e+00
    591.000    -0.6812   2.838681    -0.6804   2.838912    6.36998    -0.0883    13.8155 4.2738e+02  -62.75517  -57.79583 1154615692 215.607565    34.5478 0.0000e+00
    592.000    -0.6818   2.838686    -0.6811   2.838884    6.37043    -0.0934    13.8155 4.2699e+02  -62.75517  -57.79583 1154615693 215.607579    34.5478 0.0000e+00
    593.000    -0.6823   2.838687    -0.6819   2.838865    6.37094    -0.0616    13.8155 4.3067e+02  -62.75517  -57.79583 1154615694 215.607593    34.5479 0.0000e+00
    594.000    -0.6824   2.838722    -0.6823   2.838870    6.37171    -0.0713    13.8155 4.6110e+02  -62.75517  -57.79583 1154615695 215.607606    34.5478 0.0000e+00
    595.000    -0.6821   2.838795    -0.6818   2.838962    6.37281    -0.0700    13.8155 4.7083e+02  -62.75517  -57.79583 1154615696 215.607620    34.5478 0.0000e+00
    596.000    -0.6824   2.838815    -0.6822   2.838975    6.37359    -0.0497    13.8155 4.7457e+02  -62.75517  -57.79583 1154615698 215.607634    34.5479 0.0000e+00
    597.000    -0.6827   2.838829    -0.6831   2.838949    6.37417    -0.0815    13.8155 4.8280e+02  -62.75517  -57.79583 1154615699 215.607649    34.5477 0.0000e+00
    598.000    -0.6846   2.838713    -0.6843   2.838886    6.37352    -0.0630    13.8155 4.7210e+02  -62.75517  -57.79583 1154615700 215.607664    34.5478 0.0000e+00
    599.000    -0.6854   2.838683    -0.6851   2.838864    6.37579    -0.0661    13.8155 4.6521e+02  -62.75517  -57.79583 1154615702 215.607679    34.5476 0.0000e+00
    600.000    -0.6853   2.838742    -0.6851   2.838908    6.37714    -0.0818    13.8155 4.5875e+02  -62.75517  -57.79583 1154615703 215.607694    34.5477 0.0000e+00
    601.000    -0.6855   2.838771    -0.6845   2.838998    6.37583    -0.0885    13.8155 4.6869e+02  -62.75517  -57.79583 1154615704 215.607709    34.5477 0.0000e+00
    602.000    -0.6853   2.838832    -0.6851   2.838998    6.37545    -0.0640    13.8155 4.6502e+02  -62.75517  -57.79583 1154615705 215.607724    34.5477 0.0000e+00
    603.000    -0.6862   2.838805    -0.6858   2.838994    6.37641    -0.0854    13.8155 4.5812e+02  -62.75517  -57.79583 1154615707 215.607738    34.5478 0.0000e+00
    604.000    -0.6872   2.838766    -0.6872   2.838912    6.37455    -0.0634    13.8155 4.5104e+02  -62.75517  -57.79583 1154615708 215.607752    34.5478 0.0000e+00
    605.000    -0.6865   2.838870    -0.6859   2.839070    6.37230    -0.0895    13.8155 4.4629e+02  -62.75517  -57.79583 1154615709 215.607766    34.5477 0.0000e+00
    606.000    -0.6881   2.838779    -0.6877   2.838967    6.37175    -0.0726    13.8155 4.4008e+02  -62.75517  -57.79583 1154615710 215.607780    34.5477 0.0000e+00
    607.000    -0.6868   2.838944    -0.6864   2.839121    6.37207    -0.0932    13.8155 4.3581e+02  -62.75517  -57.79583 1154615711 215.607794    34.5479 0.0000e+00
    608.000    -0.6863   2.839031    -0.6858   2.839226    6.37406    -0.0898    13.8155 4.3811e+02  -62.75517  -57.79583 1154615713 215.607808    34.5478 0.0000e+00
    609.000    -0.6863   2.839076    -0.6862   2.839233    6.37539    -0.0537    13.8155 4.3496e+02  -62.75517  -57.79583 1154615714 215.607823    34.5478 0.0000e+00
    610.000    -0.6874   2.839038    -0.6872   2.839194    6.37568    -0.0737    13.8155 4.3891e+02  -62.75517  -57.79583 1154615715 215.607836    34.5479 0.0000e+00
    611.000    -0.6857   2.839227    -0.6855   2.839381    6.37580    -0.0752    13.8155 4.3685e+02  -62.75517  -57.79583 1154615716 215.607850    34.5479 0.0000e+00
    612.000    -0.6860   2.839241    -0.6856   2.839435    6.37620    -0.0929    13.8155 4.4095e+02  -62.75517  -57.79583 1154615717 215.607864    34.5478 0.0000e+00
    613.000    -0.6882   2.839101    -0.6873   2.839326    6.37548    -0.0925    13.8155 4.4262e+02  -62.75517  -57.79583 1154615719 215.607879    34.5480 0.0000e+00
    614.000    -0.6871   2.839226    -0.6867   2.839417    6.37444    -0.0562    13.8155 4.4777e+02  -62.75517  -57.79583 1154615720 215.607894    34.5478 0.0000e+00
    615.000    -0.6903   2.838987    -0.6893   2.839245    6.37483    -0.0674    13.8155 4.5474e+02  -62.75517  -57.79583 1154615721 215.607909    34.5477 0.0000e+00
    616.000    -0.6907   2.838992    -0.6908   2.839148    6.37377    -0.0822    13.8155 4.5016e+02  -62.75517  -57.79583 1154615723 215.607924    34.5476 0.0000e+00
    617.000    -0.6900   2.839120    -0.6904   2.839224    6.37193    -0.0779    13.8155 4.4989e+02  -62.75517  -57.79583 1154615724 215.607939    34.5479 0.0000e+00
    618.000    -0.6875   2.839376    -0.6882   2.839464    6.37150    -0.0641    13.8155 4.5027e+02  -62.75517  -57.79583 1154615725 215.607953    34.5478 0.0000e+00
    619.000    -0.6873   2.839454    -0.6882   2.839502    6.37364    -0.0617    13.8155 4.5536e+02  -62.75517  -57.79583 1154615726 215.607968    34.5481 0.0000e+00
    620.000    -0.6868   2.839535    -0.6871   2.839667    6.37516    -0.0667    13.8155 4.6817e+02  -62.75517  -57.79583 1154615728 215.607982    34.5479 0.0000e+00
    621.000    -0.6884   2.839444    -0.6881   2.839624    6.37674    -0.0741    13.8155 4.8531e+02  -62.75517  -57.79583 1154615729 215.607996    34.5479 0.0000e+00
    622.000    -0.6880   2.839526    -0.6879   2.839688    6.37699    -0.0635    13.8155 4.8913e+02  -62.75517  -57.79583 1154615730 215.608009    34.5480 0.0000e+00
    623.000    -0.6889   2.839491    -0.6892   2.839621    6.37831    -0.0725    13.8155 4.8403e+02  -62.75517  -57.79583 1154615731 215.608023    34.5479 0.0000e+00
    624.000    -0.6924   2.839217    -0.6921   2.839404    6.37674    -0.0721    13.8155 4.8871e+02  -62.75517  -57.79583 1154615732 215.608037    34.5478 0.0000e+00
    625.000    -0.6944   2.839078    -0.6942   2.839262    6.37608    -0.0889    13.8155 4.7825e+02  -62.75517  -57.79583 1154615734 215.608051    34.5476 0.0000e+00
    626.000    -0.6920   2.839335    -0.6920   2.839490    6.37766    -0.0612    13.8155 4.7560e+02  -62.75517  -57.79583 1154615735 215.608065    34.5477 0.0000e+00
    627.000    -0.6927   2.839325    -0.6932   2.839429    6.37936    -0.0792    13.8155 4.7828e+02  -62.75517  -57.79583 1154615736 215.608079    34.5478 0.0000e+00
    628.000    -0.6929   2.839358    -0.6928   2.839509    6.37999    -0.0739    13.8155 4.8543e+02  -62.75517  -57.79583 1154615737 215.608094    34.5478 0.0000e+00
    629.000    -0.6926   2.839415    -0.6915   2.839673    6.38022    -0.0902    13.8155 4.9108e+02  -62.75517  -57.79583 1154615739 215.608109    34.5475 0.0000e+00
    630.000    -0.6977   2.838994    -0.6972   2.839230    6.37839    -0.0844    13.8155 4.8817e+02  -62.75517  -57.79583 1154615740 215.608124    34.5473 0.0000e+00
    631.000    -0.6969   2.839128    -0.6962   2.839327    6.37836    -0.0946    13.8155 4.7883e+02  -62.75517  -57.79583 1154615741 215.608139    34.5476 0.0000e+00
    632.000    -0.7000   2.838876    -0.7008   2.838980    6.37865    -0.0996    13.8155 4.7400e+02  -62.75517  -57.79583 1154615742 215.608153    34.5470 0.0000e+00
    633.000    -0.7004   2.838906    -0.7007   2.839029    6.37880    -0.0567    13.8155 4.7655e+02  -62.75517  -57.79583 1154615744 215.608168    34.5473 0.0000e+00
    634.000    -0.7022   2.838773    -0.7017   2.838983    6.38039    -0.0643    13.8155 4.7355e+02  -62.75517  -57.79583 1154615745 215.608181    34.5471 0.0000e+00
    635.000    -0.7031   2.838741    -0.7024   2.838971    6.38207    -0.0712    13.8155 4.7790e+02  -62.75517  -57.79583 1154615746 215.608195    34.5470 0.0000e+00
    636.000    -0.7079   2.838355    -0.7072   2.838591    6.38327    -0.0736    13.8155 4.7369e+02  -62.75517  -57.79583 1154615747 215.608208    34.5468 0.0000e+00
    637.000    -0.7099   2.838216    -0.7097   2.838400    6.38376    -0.0684    13.8155 4.6807e+02  -62.75517  -57.79583 1154615748 215.608222    34.5466 0.0000e+00
    638.000    -0.7108   2.838181    -0.7108   2.838339    6.38494    -0.0795    13.8155 4.6146e+02  -62.75517  -57.79583 1154615750 215.608235    34.5465 0.0000e+00
    639.000    -0.7124   2.838078    -0.7121   2.838279    6.38594    -0.0979    13.8155 4.6171e+02  -62.75517  -57.79583 1154615751 215.608249    34.5464 0.0000e+00
    640.000    -0.7141   2.837977    -0.7130   2.838246    6.38739    -0.0900    13.8155 4.6236e+02  -62.75517  -57.79583 1154615752 215.608264    34.5463 0.0000e+00
    641.000    -0.7147   2.837962    -0.7145   2.838138    6.38877    -0.0779    13.8155 4.6591e+02  -62.75517  -57.79583 1154615753 215.608279    34.5462 0.0000e+00
    642.000    -0.7148   2.837998    -0.7144   2.838197    6.38980    -0.0828    13.8155 4.6454e+02  -62.75517  -57.79583 1154615755 215.608294    34.5462 0.0000e+00
    643.000    -0.7167   2.837869    -0.7150   2.838188    6.39132    -0.0897    13.8155 4.6801e+02  -62.75517  -57.79583 1154615756 215.608308    34.5460 0.0000e+00
    644.000    -0.7203   2.837599    -0.7204   2.837761    6.39160    -0.1008    13.8155 4.7182e+02  -62.75517  -57.79583 1154615757 215.608323    34.5459 0.0000e+00
    645.000    -0.7213   2.837541    -0.7210   2.837743    6.39266    -0.0964    13.8155 4.8218e+02  -62.75517  -57.79583 1154615758 215.608337    34.5457 0.0000e+00
    646.000    -0.7229   2.837438    -0.7229   2.837619    6.39338    -0.0790    13.8155 4.9035e+02  -62.75517  -57.79583 1154615760 215.608351    34.5455 0.0000e+00
    647.000    -0.7243   2.837377    -0.7238   2.837578    6.39183    -0.0861    13.8155 4.8868e+02  -62.75517  -57.79583 1154615761 215.608365    34.5458 0.0000e+00
    648.000    -0.7229   2.837527    -0.7214   2.837842    6.39418    -0.0769    13.8155 4.8909e+02  -62.75517  -57.79583 1154615762 215.608379    34.5454 0.0000e+00
    649.000    -0.7256   2.837341    -0.7249   2.837578    6.39742    -0.0788    13.8155 4.8554e+02  -62.75517  -57.79583 1154615763 215.608393    34.5454 0.0000e+00
    650.000    -0.7277   2.837201    -0.7275   2.837383    6.39879    -0.0621    13.8155 4.8589e+02  -62.75517  -57.79583 1154615764 215.608407    34.5454 0.0000e+00
    651.000    -0.7270   2.837261    -0.7267   2.837493    6.39845    -0.0728    13.8155 4.7985e+02  -62.75517  -57.79583 1154615766 215.608421    34.5451 0.0000e+00
    652.000    -0.7286   2.837206    -0.7264   2.837555    6.39790    -0.0625    13.8155 4.7528e+02  -62.75517  -57.79583 1154615767 215.608434    34.5452 0.0000e+00
    653.000    -0.7325   2.836875    -0.7317   2.837152    6.40013    -0.0931    13.8155 4.7907e+02  -62.75517  -57.79583 1154615768 215.608448    34.5445 0.0000e+00
    654.000    -0.7371   2.836522    -0.7363   2.836757    6.40030    -0.0638    13.8155 4.8886e+02  -62.75517  -57.79583 1154615769 215.608462    34.5446 0.0000e+00
    655.000    -0.7354   2.836725    -0.7345   2.836971    6.40128    -0.0795    13.8155 4.9731e+02  -62.75517  -57.79583 1154615770 215.608476    34.5448 0.0000e+00
    656.000    -0.7363   2.836693    -0.7357   2.836912    6.40206    -0.0811    13.8155 5.0263e+02  -62.75517  -57.79583 1154615772 215.608491    34.5446 0.0000e+00
    657.000    -0.7382   2.836552    -0.7381   2.836739    6.40601    -0.0912    13.8155 5.0244e+02  -62.75517  -57.79583 1154615773 215.608505    34.5444 0.0000e+00
    658.000    -0.7411   2.836339    -0.7408   2.836534    6.41018    -0.0933    13.8155 4.9477e+02  -62.75517  -57.79583 1154615774 215.608520    34.5443 0.0000e+00
    659.000    -0.7417   2.836331    -0.7419   2.836480    6.40935    -0.0690    13.8155 4.9064e+02  -62.75517  -57.79583 1154615776 215.608536    34.5442 0.0000e+00
    660.000    -0.7412   2.836421    -0.7400   2.836696    6.41027    -0.0763    13.8155 4.8715e+02  -62.75517  -57.79583 1154615777 215.608553    34.5442 0.0000e+00
    661.000    -0.7433   2.836269    -0.7433   2.836451    6.41213    -0.0858    13.8155 4.8936e+02  -62.75517  -57.79583 1154615779 215.608574    34.5439 0.0000e+00
    662.000    -0.7423   2.836421    -0.7418   2.836616    6.41363    -0.0928    13.8155 4.8899e+02  -62.75517  -57.79583 1154615781 215.608594    34.5441 0.0000e+00
    663.000    -0.7404   2.836613    -0.7400   2.836828    6.41333    -0.0888    13.8155 4.8885e+02  -62.75517  -57.79583 1154615782 215.608614    34.5439 0.0000e+00
    664.000    -0.7419   2.836532    -0.7408   2.836801    6.40993    -0.0804    13.8155 4.8580e+02  -62.75517  -57.79583 1154615784 215.608637    34.5439 0.0000e+00
    665.000    -0.7431   2.836467    -0.7431   2.836636    6.40852    -0.0857    13.8155 4.7856e+02  -62.75517  -57.79583 1154615786 215.608660    34.5439 0.0000e+00
    666.000    -0.7464   2.836209    -0.7460   2.836428    6.40970    -0.0743    13.8155 4.7330e+02  -62.75517  -57.79583 1154615788 215.608684    34.5436 0.0000e+00
    667.000    -0.7497   2.835973    -0.7502   2.836092    6.41111    -0.0795    13.8155 4.6780e+02  -62.75517  -57.79583 1154615790 215.608707    34.5435 0.0000e+00
    668.000    -0.7508   2.835913    -0.7503   2.836117    6.41504    -0.0726    13.8155 4.7812e+02  -62.75517  -57.79583 1154615792 215.608730    34.5434 0.0000e+00
    669.000    -0.7509   2.835958    -0.7504   2.836164    6.41678    -0.0525    13.8155 4.7452e+02  -62.75517  -57.79583 1154615794 215.608753    34.5434 0.0000e+00
    670.000    -0.7511   2.835971    -0.7511   2.836149    6.41835    -0.0875    13.8155 4.7317e+02  -62.75517  -57.79583 1154615796 215.608774    34.5433 0.0000e+00
    671.000    -0.7505   2.836070    -0.7505   2.836247    6.41910    -0.0875    13.8155 4.7724e+02  -62.75517  -57.79583 1154615798 215.608795    34.5434 0.0000e+00
    672.000    -0.7509   2.836092    -0.7503   2.836301    6.41632    -0.0831    13.8155 4.8638e+02  -62.75517  -57.79583 1154615800 215.608816    34.5434 0.0000e+00
    673.000    -0.7510   2.836121    -0.7508   2.836298    6.41617    -0.0898    13.8155 5.1388e+02  -62.75517  -57.79583 1154615802 215.608840    34.5434 0.0000e+00
    674.000    -0.7511   2.836148    -0.7509   2.836343    6.41763    -0.0826    13.8155 5.4898e+02  -62.75517  -57.79583 1154615804 215.608867    34.5433 0.0000e+00
