product_data/regression_test/downloaded_data/MDGS/320620060703/ctd/p6622901.ros
* Sea-Bird SBE 9 Data File:
* FileName = D:\Data\Raw\p6622901.dat
* Software Version Seasave Win32 V 5.32
* Temperature SN = 1649
* Conductivity SN = 1431
* Number of Bytes Per Scan = 37
* Number of Voltage Words = 5
* Number of Scans Averaged by the Deck Unit = 1
* NMEA Latitude = 62 04.05 S
* NMEA Longitude = 052 52.47 W
* NMEA UTC (Time) = 16:20:09
** Ship:   Nathaniel B. Palmer 
** Cruise:    NBP0606 
# nquan = 17
# nvalues = 1176                    
# units = specified
# name 0 = prDM: Pressure, Digiquartz [db]
# name 1 = t090C: Temperature [ITS-90, deg C]
# name 2 = c0S/m: Conductivity [S/m]
# name 3 = t190C: Temperature, 2 [ITS-90, deg C]
# name 4 = c1S/m: Conductivity, 2 [S/m]
# name 5 = sbeox0ML/L: Oxygen, SBE 43 [ml/l]
# name 6 = flECO-AFL: Fluorescence, Wetlab ECO-AFL/FL [mg/m^3]
# name 7 = bat: Beam Attenuation, Chelsea/Seatech/Wetlab CStar [1/m]
# name 8 = spar: SPAR/Surface Irradiance
# name 9 = latitude: Latitude [deg]
# name 10 = longitude: Longitude [deg]
# name 11 = timeY: Time, System [seconds]
# name 12 = timeJ: Julian Days
# name 13 = sal00: Salinity [PSU]
# name 14 = scan: scan number
# name 15 = nbf: number of bottles fired
# name 16 = flag:  0.000e+00
# interval = seconds: 0.0416667                   
# start_time = Aug 06 2006 16:21:30
*END*
[from data line 596]
    150.274    -1.7329   2.771150    -1.7464   2.722930    3.24383    -0.0564    13.8155 1.5390e+02  -62.06750  -52.87450 1154887180 218.749773    35.1157     141370         13  0.000e+00
    150.350    -1.7333   2.771141    -1.7455   2.722976    3.23907    -0.0784    13.8155 1.5390e+02  -62.06750  -52.87450 1154887180 218.749773    35.1160     141371         13  0.000e+00
    150.274    -1.7331   2.771121    -1.7453   2.723039    3.24386    -0.1114    13.8155 1.5390e+02  -62.06750  -52.87450 1154887180 218.749774    35.1156     141372         13  0.000e+00
    150.350    -1.7335   2.771101    -1.7445   2.723062    3.23909    -0.1004    13.8155 1.5390e+02  -62.06750  -52.87450 1154887180 218.749774    35.1157     141373         13  0.000e+00
    150.350    -1.7331   2.771098    -1.7438   2.723096    3.24391    -0.0674    13.8155 1.5390e+02  -62.06750  -52.87450 1154887180 218.749775    35.1152     141374         13  0.000e+00
    150.350    -1.7330   2.771078    -1.7438   2.723114    3.23906    -0.0343    13.8155 1.5390e+02  -62.06750  -52.87450 1154887180 218.749775    35.1148     141375         13  0.000e+00
    150.350    -1.7333   2.771055    -1.7436   2.723148    3.24393    -0.0894    13.8155 1.5390e+02  -62.06750  -52.87450 1154887180 218.749776    35.1148     141376         13  0.000e+00
    150.350    -1.7330   2.771068    -1.7436   2.723125    3.23906    -0.1004    13.8155 1.5390e+02  -62.06750  -52.87450 1154887180 218.749776    35.1146     141377         13  0.000e+00
    150.417    -1.7333   2.771039    -1.7444   2.723097    3.24397    -0.0674    13.8155 1.5390e+02  -62.06750  -52.87450 1154887180 218.749777    35.1146     141378         13  0.000e+00
    150.427    -1.7330   2.771029    -1.7451   2.723004    3.24395    -0.0564    13.8155 1.5390e+02  -62.06750  -52.87450 1154887180 218.749777    35.1140     141379         13  0.000e+00
    150.417    -1.7339   2.771012    -1.7453   2.722964    3.23918    -0.0674    13.8155 1.5390e+02  -62.06750  -52.87450 1154887180 218.749778    35.1149     141380         13  0.000e+00
    150.417    -1.7336   2.770973    -1.7443   2.723010    3.23917    -0.0343    13.8155 1.5390e+02  -62.06750  -52.87450 1154887180 218.749778    35.1140     141381         13  0.000e+00
    150.484    -1.7335   2.770979    -1.7454   2.722970    3.23919    -0.1445    13.8155 1.5390e+02  -62.06750  -52.87450 1154887180 218.749779    35.1139     141382         13  0.000e+00
    150.494    -1.7334   2.770966    -1.7491   2.722757    3.23919    -0.1555    13.8155 1.5390e+02  -62.06750  -52.87450 1154887180 218.749779    35.1135     141383         13  0.000e+00
    150.484    -1.7330   2.770927    -1.7520   2.722498    3.23917    -0.1445    13.8155 1.5390e+02  -62.06750  -52.87450 1154887180 218.749780    35.1126     141384         13  0.000e+00
    150.417    -1.7344   2.770917    -1.7512   2.722412    3.24409    -0.0454    13.8155 1.5390e+02  -62.06750  -52.87450 1154887180 218.749780    35.1141     141385         13  0.000e+00
    150.561    -1.7331   2.770917    -1.7506   2.722406    3.23922    -0.0454    13.8155 1.5390e+02  -62.06750  -52.87450 1154887180 218.749781    35.1126     141386         13  0.000e+00
    150.494    -1.7341   2.770900    -1.7498   2.722463    3.24411    -0.0784    13.8155 1.5585e+02  -62.06750  -52.87450 1154887180 218.749781    35.1135     141387         13  0.000e+00
    150.484    -1.7341   2.770877    -1.7486   2.722578    3.23927    -0.1225    13.8155 1.5585e+02  -62.06750  -52.87450 1154887181 218.749782    35.1132     141388         13  0.000e+00
    150.484    -1.7333   2.770854    -1.7471   2.722751    3.24406    -0.1445    13.8155 1.5390e+02  -62.06750  -52.87450 1154887181 218.749782    35.1119     141389         13  0.000e+00
    150.484    -1.7338   2.770831    -1.7467   2.722837    3.23926    -0.1335    13.8155 1.5390e+02  -62.06750  -52.87450 1154887181 218.749783    35.1121     141390         13  0.000e+00
    150.484    -1.7335   2.770844    -1.7466   2.722849    3.24407    -0.0454    13.8155 1.5390e+02  -62.06750  -52.87450 1154887181 218.749783    35.1120     141391         13  0.000e+00
    150.427    -1.7339   2.770818    -1.7459   2.722849    3.23925    -0.0564    13.8155 1.5585e+02  -62.06750  -52.87450 1154887181 218.749783    35.1122     141392         13  0.000e+00
    150.484    -1.7342   2.770788    -1.7462   2.722884    3.24415    -0.1114    13.8155 1.5390e+02  -62.06750  -52.87450 1154887181 218.749784    35.1121     141393         13  0.000e+00
    150.418    -1.7344   2.770765    -1.7457   2.722866    3.23930    -0.0894    13.8155 1.5585e+02  -62.06750  -52.87450 1154887181 218.749784    35.1120     141394         13  0.000e+00
    150.485    -1.7345   2.770778    -1.7460   2.722889    3.23934    -0.0123    13.8155 1.5390e+02  -62.06750  -52.87450 1154887181 218.749785    35.1123     141395         13  0.000e+00
    150.427    -1.7338   2.770749    -1.7454   2.722958    3.24410    -0.0564    13.8155 1.5390e+02  -62.06750  -52.87450 1154887181 218.749785    35.1110     141396         13  0.000e+00
    150.418    -1.7339   2.770722    -1.7450   2.723022    3.23928    -0.0894    13.8155 1.5390e+02  -62.06750  -52.87450 1154887181 218.749786    35.1109     141397         13  0.000e+00
    150.418    -1.7348   2.770699    -1.7448   2.723016    3.24419    -0.0123    13.8155 1.5390e+02  -62.06750  -52.87450 1154887181 218.749786    35.1116     141398         13  0.000e+00
    150.351    -1.7339   2.770712    -1.7448   2.723045    3.24409    -0.0123    13.8155 1.5390e+02  -62.06750  -52.87450 1154887181 218.749787    35.1108     141399         13  0.000e+00
    150.427    -1.7344   2.770683    -1.7446   2.723039    3.24417    -0.0454    13.8155 1.5390e+02  -62.06750  -52.87450 1154887181 218.749787    35.1108     141400         13  0.000e+00
    150.418    -1.7344   2.770653    -1.7467   2.722930    3.24417    -0.0454    13.8155 1.5390e+02  -62.06750  -52.87450 1154887181 218.749788    35.1104     141401         13  0.000e+00
    150.418    -1.7350   2.770666    -1.7485   2.722745    3.23938    -0.0894    13.8155 1.5390e+02  -62.06750  -52.87450 1154887181 218.749788    35.1114     141402         13  0.000e+00
    150.418    -1.7347   2.770640    -1.7510   2.722555    3.23936    -0.0674    13.8155 1.5390e+02  -62.06750  -52.87450 1154887181 218.749789    35.1106     141403         13  0.000e+00
    150.351    -1.7347   2.770630    -1.7505   2.722492    3.24417    -0.0013    13.8155 1.5390e+02  -62.06750  -52.87450 1154887181 218.749789    35.1105     141404         13  0.000e+00
    150.418    -1.7345   2.770594    -1.7502   2.722544    3.23936    -0.0674    13.8155 1.5390e+02  -62.06750  -52.87450 1154887181 218.749790    35.1098     141405         13  0.000e+00
    150.418    -1.7344   2.770584    -1.7511   2.722504    3.24419    -0.1004    13.8155 1.5390e+02  -62.06750  -52.87450 1154887181 218.749790    35.1095     141406         13  0.000e+00
    150.485    -1.7344   2.770564    -1.7534   2.722365    3.23939    -0.1004    13.8155 1.5390e+02  -62.06750  -52.87450 1154887181 218.749791    35.1091     141407         13  0.000e+00
    150.427    -1.7348   2.770578    -1.7554   2.722210    3.24424    -0.0784    13.8155 1.5390e+02  -62.06750  -52.87450 1154887181 218.749791    35.1099     141408         13  0.000e+00
    150.418    -1.7347   2.770535    -1.7563   2.722129    3.23939    -0.1555    13.8155 1.5390e+02  -62.06750  -52.87450 1154887181 218.749792    35.1091     141409         13  0.000e+00
    150.485    -1.7348   2.770548    -1.7567   2.722101    3.23943    -0.1775    13.8155 1.5390e+02  -62.06750  -52.87450 1154887181 218.749792    35.1095     141410         13  0.000e+00
    100.440    -1.7634   2.748111    -1.7773   2.717905    3.20200    -0.1004    13.8155 1.5001e+02  -62.06750  -52.87450 1154887258 218.750682    34.8620     143256         14  0.000e+00
    100.440    -1.7634   2.748107    -1.7776   2.717887    3.20201    -0.0674    13.8155 1.5001e+02  -62.06750  -52.87450 1154887258 218.750683    34.8620     143257         14  0.000e+00
    100.363    -1.7636   2.748088    -1.7775   2.717916    3.20199    -0.0343    13.8155 1.5001e+02  -62.06750  -52.87450 1154887258 218.750683    34.8619     143258         14  0.000e+00
    100.296    -1.7631   2.748081    -1.7773   2.717933    3.20193    -0.0454    13.8155 1.5001e+02  -62.06750  -52.87450 1154887258 218.750684    34.8614     143259         14  0.000e+00
    100.401    -1.7636   2.748101    -1.7775   2.717910    3.20200    -0.0784    13.8155 1.5001e+02  -62.06750  -52.87450 1154887259 218.750684    34.8621     143260         14  0.000e+00
    100.297    -1.7634   2.748088    -1.7775   2.717922    3.20195    -0.0564    13.8155 1.5001e+02  -62.06750  -52.87450 1154887259 218.750685    34.8618     143261         14  0.000e+00
    100.363    -1.7634   2.748081    -1.7775   2.717910    3.20198    -0.0784    13.8155 1.5001e+02  -62.06750  -52.87450 1154887259 218.750685    34.8617     143262         14  0.000e+00
    100.297    -1.7634   2.748052    -1.7778   2.717887    3.20196    -0.0784    13.8155 1.5001e+02  -62.06750  -52.87450 1154887259 218.750686    34.8613     143263         14  0.000e+00
    100.297    -1.7640   2.748071    -1.7772   2.717899    3.19718    -0.1555    13.8155 1.5001e+02  -62.06750  -52.87450 1154887259 218.750686    34.8623     143264         14  0.000e+00
    100.297    -1.7634   2.748052    -1.7779   2.717922    3.20196    -0.1335    13.8155 1.5001e+02  -62.06750  -52.87450 1154887259 218.750687    34.8613     143265         14  0.000e+00
    100.297    -1.7639   2.748022    -1.7769   2.717910    3.20200    -0.0564    13.8155 1.5001e+02  -62.06750  -52.87450 1154887259 218.750687    34.8614     143266         14  0.000e+00
    100.297    -1.7636   2.747999    -1.7775   2.717887    3.20199    -0.1445    13.8155 1.5001e+02  -62.06750  -52.87450 1154887259 218.750688    34.8607     143267         14  0.000e+00
    100.230    -1.7640   2.747996    -1.7773   2.717899    3.20199    -0.1555    13.8155 1.5001e+02  -62.06750  -52.87450 1154887259 218.750688    34.8613     143268         14  0.000e+00
    100.297    -1.7640   2.747993    -1.7776   2.717887    3.19720    -0.0454    13.8155 1.5001e+02  -62.06750  -52.87450 1154887259 218.750689    34.8612     143269         14  0.000e+00
    100.192    -1.7640   2.747979    -1.7773   2.717882    3.20198    -0.0454    13.8155 1.5001e+02  -62.06750  -52.87450 1154887259 218.750689    34.8611     143270         14  0.000e+00
    100.230    -1.7639   2.747989    -1.7775   2.717882    3.20198    -0.0674    13.8155 1.5001e+02  -62.06750  -52.87450 1154887259 218.750690    34.8610     143271         14  0.000e+00
    100.230    -1.7638   2.747979    -1.7771   2.717899    3.20198    -0.1004    13.8155 1.5001e+02  -62.06750  -52.87450 1154887259 218.750690    34.8607     143272         14  0.000e+00
    100.154    -1.7639   2.747970    -1.7773   2.717922    3.20196    -0.0564    13.8155 1.5001e+02  -62.06750  -52.87450 1154887259 218.750691    34.8608     143273         14  0.000e+00
    100.154    -1.7639   2.747973    -1.7773   2.717893    3.20196    -0.0123    13.8155 1.5001e+02  -62.06750  -52.87450 1154887259 218.750691    34.8608     143274         14  0.000e+00
    100.154    -1.7642   2.747976    -1.7770   2.717882    3.19716    -0.0123    13.8155 1.5196e+02  -62.06750  -52.87450 1154887259 218.750692    34.8612     143275         14  0.000e+00
    100.154    -1.7640   2.747937    -1.7773   2.717882    3.20198    -0.0674    13.8155 1.5196e+02  -62.06750  -52.87450 1154887259 218.750692    34.8605     143276         14  0.000e+00
    100.154    -1.7644   2.747927    -1.7773   2.717859    3.20201    -0.0674    13.8155 1.5196e+02  -62.06750  -52.87450 1154887259 218.750693    34.8608     143277         14  0.000e+00
    100.087    -1.7644   2.747930    -1.7773   2.717887    3.20197    -0.0674    13.8155 1.5196e+02  -62.06750  -52.87450 1154887259 218.750693    34.8608     143278         14  0.000e+00
    100.125    -1.7639   2.747914    -1.7772   2.717905    3.20196    -0.0343    13.8155 1.5390e+02  -62.06750  -52.87450 1154887259 218.750693    34.8600     143279         14  0.000e+00
    100.087    -1.7640   2.747920    -1.7773   2.717887    3.20195    -0.0674    13.8155 1.5390e+02  -62.06750  -52.87450 1154887259 218.750694    34.8603     143280         14  0.000e+00
    100.011    -1.7640   2.747914    -1.7773   2.717916    3.20192    -0.0674    13.8155 1.5585e+02  -62.06750  -52.87450 1154887259 218.750694    34.8603     143281         14  0.000e+00
    100.011    -1.7640   2.747910    -1.7776   2.717910    3.20192    -0.1004    13.8155 1.5585e+02  -62.06750  -52.87450 1154887259 218.750695    34.8602     143282         14  0.000e+00
    100.011    -1.7640   2.747888    -1.7775   2.717905    3.20193    -0.0784    13.8155 1.5585e+02  -62.06750  -52.87450 1154887259 218.750695    34.8599     143283         14  0.000e+00
    100.011    -1.7642   2.747901    -1.7779   2.717864    3.20194    -0.1886    13.8155 1.5585e+02  -62.06750  -52.87450 1154887260 218.750696    34.8603     143284         14  0.000e+00
    100.011    -1.7642   2.747858    -1.7773   2.717887    3.20195    -0.1996    13.8155 1.5585e+02  -62.06750  -52.87450 1154887260 218.750696    34.8597     143285         14  0.000e+00
    100.011    -1.7642   2.747871    -1.7775   2.717887    3.20195    -0.1004    13.8155 1.5585e+02  -62.06750  -52.87450 1154887260 218.750697    34.8599     143286         14  0.000e+00
     99.944    -1.7639   2.747868    -1.7777   2.717881    3.20189    -0.0784    13.8155 1.5585e+02  -62.06750  -52.87450 1154887260 218.750697    34.8595     143287         14  0.000e+00
    100.011    -1.7642   2.747865    -1.7775   2.717881    3.20195    -0.0894    13.8155 1.5585e+02  -62.06750  -52.87450 1154887260 218.750698    34.8598     143288         14  0.000e+00
    100.125    -1.7642   2.747865    -1.7773   2.717899    3.20200    -0.0013    13.8155 1.5585e+02  -62.06750  -52.87450 1154887260 218.750698    34.8597     143289         14  0.000e+00
    100.011    -1.7642   2.747845    -1.7776   2.717864    3.20195    -0.0013    13.8155 1.5585e+02  -62.06750  -52.87450 1154887260 218.750699    34.8595     143290         14  0.000e+00
    100.087    -1.7645   2.747858    -1.7776   2.717870    3.20201    -0.0894    13.8155 1.5585e+02  -62.06750  -52.87450 1154887260 218.750699    34.8600     143291         14  0.000e+00
    100.087    -1.7639   2.747845    -1.7778   2.717882    3.20197    -0.1555    13.8155 1.5585e+02  -62.06750  -52.87450 1154887260 218.750700    34.8591     143292         14  0.000e+00
    100.087    -1.7644   2.747838    -1.7773   2.717882    3.20200    -0.1886    13.8155 1.5585e+02  -62.06750  -52.87450 1154887260 218.750700    34.8596     143293         14  0.000e+00
    100.087    -1.7642   2.747825    -1.7776   2.717859    3.20199    -0.1225    13.8155 1.5585e+02  -62.06750  -52.87450 1154887260 218.750701    34.8592     143294         14  0.000e+00
    100.154    -1.7644   2.747835    -1.7776   2.717870    3.20203    -0.1225    13.8155 1.5585e+02  -62.06750  -52.87450 1154887260 218.750701    34.8595     143295         14  0.000e+00
    100.154    -1.7642   2.747822    -1.7781   2.717882    3.20203    -0.0454    13.8155 1.5390e+02  -62.06750  -52.87450 1154887260 218.750702    34.8591     143296         14  0.000e+00
    100.154    -1.7642   2.747819    -1.7775   2.717859    3.20203    -0.0894    13.8155 1.5390e+02  -62.06750  -52.87450 1154887260 218.750702    34.8590     143297         14  0.000e+00
    100.192    -1.7644   2.747822    -1.7778   2.717870    3.20206    -0.0564    13.8155 1.5585e+02  -62.06750  -52.87450 1154887260 218.750703    34.8593     143298         14  0.000e+00
