product_data/regression_test/downloaded_data/MDGS/320620060703/ctd/p6621705.ros
* Sea-Bird SBE 9 Data File:
* FileName = D:\Data\Raw\p6621705.dat
* Software Version Seasave Win32 V 5.32
* Temperature SN = 1649
* Conductivity SN = 1431
* Number of Bytes Per Scan = 37
* Number of Voltage Words = 5
* Number of Scans Averaged by the Deck Unit = 1
* NMEA Latitude = 62 31.54 S
* NMEA Longitude = 062 27.50 W
* NMEA UTC (Time) = 15:50:37
** Ship:   Nathaniel B. Palmer 
** Cruise:    NBP0606 
# nquan = 17
# nvalues = 1176                    
# units = specified
# name 0 = prDM: Pressure, Digiquartz [db]
# name 1 = t090C: Temperature [ITS-90, deg C]
# name 2 = c0S/m: Conductivity [S/m]
# name 3 = t190C: Temperature, 2 [ITS-90, deg C]
# name 4 = c1S/m: Conductivity, 2 [S/m]
# name 5 = sbeox0ML/L: Oxygen, SBE 43 [ml/l]
# name 6 = flECO-AFL: Fluorescence, Wetlab ECO-AFL/FL [mg/m^3]
# name 7 = bat: Beam Attenuation, Chelsea/Seatech/Wetlab CStar [1/m]
# name 8 = spar: SPAR/Surface Irradiance
# name 9 = latitude: Latitude [deg]
# name 10 = longitude: Longitude [deg]
# name 11 = timeY: Time, System [seconds]
# name 12 = timeJ: Julian Days
# name 13 = sal00: Salinity [PSU]
# name 14 = scan: scan number
# name 15 = nbf: number of bottles fired
# name 16 = flag:  0.000e+00
# interval = seconds: 0.0416667                   
# start_time = Aug 01 2006 15:50:56
*END*
[from data line 1022]
     30.766    -1.0364   2.757602    -1.0358   2.757956    7.99678    -0.0013    13.8155 2.2404e+02  -62.52567  -62.45833 1154449029 213.678596    34.1961      37793         21  0.000e+00
     30.766    -1.0361   2.757599    -1.0359   2.757973    7.99673     0.0207    13.8155 2.2404e+02  -62.52567  -62.45833 1154449029 213.678596    34.1957      37794         21  0.000e+00
     30.690    -1.0365   2.757579    -1.0361   2.757944    7.99673    -0.0343    13.8155 2.2404e+02  -62.52567  -62.45833 1154449029 213.678597    34.1960      37795         21  0.000e+00
     30.766    -1.0362   2.757576    -1.0360   2.757910    7.99677    -0.0454    13.8155 2.2209e+02  -62.52567  -62.45833 1154449029 213.678597    34.1955      37796         21  0.000e+00
     30.700    -1.0365   2.757592    -1.0360   2.757956    7.99673    -0.0894    13.8155 2.2209e+02  -62.52567  -62.45833 1154449030 213.678598    34.1962      37797         21  0.000e+00
     30.766    -1.0362   2.757612    -1.0360   2.757944    7.99674    -0.1225    13.8155 2.2209e+02  -62.52567  -62.45833 1154449030 213.678598    34.1960      37798         21  0.000e+00
     30.690    -1.0365   2.757651    -1.0360   2.757950    7.99668    -0.0784    13.8155 2.2209e+02  -62.52567  -62.45833 1154449030 213.678599    34.1970      37799         21  0.000e+00
      9.723    -1.0041   2.759348    -1.0037   2.759621    8.00446    -0.0784    13.8155 2.2404e+02  -62.52567  -62.45833 1154449087 213.679266    34.1964      39183         22  0.000e+00
      9.818    -1.0040   2.759345    -1.0038   2.759656    8.00454    -0.0343    13.8155 2.2599e+02  -62.52567  -62.45833 1154449087 213.679266    34.1961      39184         22  0.000e+00
      9.580    -1.0044   2.759321    -1.0036   2.759668    8.00437    -0.0564    13.8155 2.2404e+02  -62.52567  -62.45833 1154449087 213.679267    34.1965      39185         22  0.000e+00
      9.609    -1.0040   2.759335    -1.0039   2.759650    8.00432    -0.0784    13.8155 2.2404e+02  -62.52567  -62.45833 1154449087 213.679267    34.1961      39186         22  0.000e+00
      9.656    -1.0044   2.759345    -1.0034   2.759639    7.99974    -0.0454    13.8155 2.2404e+02  -62.52567  -62.45833 1154449087 213.679268    34.1967      39187         22  0.000e+00
      9.447    -1.0040   2.759328    -1.0031   2.759668    8.00414    -0.0454    13.8155 2.2404e+02  -62.52567  -62.45833 1154449087 213.679268    34.1961      39188         22  0.000e+00
      9.609    -1.0046   2.759335    -1.0031   2.759668    7.99972    -0.0894    13.8155 2.2404e+02  -62.52567  -62.45833 1154449088 213.679269    34.1968      39189         22  0.000e+00
      9.513    -1.0044   2.759328    -1.0034   2.759645    7.99960    -0.0564    13.8155 2.2404e+02  -62.52567  -62.45833 1154449088 213.679269    34.1966      39190         22  0.000e+00
      9.466    -1.0041   2.759325    -1.0034   2.759627    7.99950    -0.0564    13.8155 2.2599e+02  -62.52567  -62.45833 1154449088 213.679270    34.1962      39191         22  0.000e+00
      9.513    -1.0044   2.759289    -1.0033   2.759674    7.99963    -0.1004    13.8155 2.2404e+02  -62.52567  -62.45833 1154449088 213.679270    34.1961      39192         22  0.000e+00
      9.447    -1.0043   2.759289    -1.0033   2.759679    8.00422    -0.0454    13.8155 2.2599e+02  -62.52567  -62.45833 1154449088 213.679271    34.1959      39193         22  0.000e+00
      9.399    -1.0044   2.759249    -1.0038   2.759668    7.99953    -0.0674    13.8155 2.2599e+02  -62.52567  -62.45833 1154449088 213.679271    34.1956      39194         22  0.000e+00
      9.370    -1.0049   2.759249    -1.0031   2.759673    7.99957    -0.0454    13.8155 2.2599e+02  -62.52567  -62.45833 1154449088 213.679272    34.1961      39195         22  0.000e+00
      9.370    -1.0044   2.759249    -1.0030   2.759668    8.00419    -0.0123    13.8155 2.2599e+02  -62.52567  -62.45833 1154449088 213.679272    34.1956      39196         22  0.000e+00
      9.332    -1.0050   2.759269    -1.0033   2.759685    8.00423    -0.0784    13.8155 2.2599e+02  -62.52567  -62.45833 1154449088 213.679273    34.1966      39197         22  0.000e+00
      9.370    -1.0049   2.759246    -1.0033   2.759679    8.00427    -0.0674    13.8155 2.2599e+02  -62.52567  -62.45833 1154449088 213.679273    34.1961      39198         22  0.000e+00
      9.256    -1.0053   2.759236    -1.0030   2.759726    8.00422     0.0097    13.8155 2.2599e+02  -62.52567  -62.45833 1154449088 213.679274    34.1965      39199         22  0.000e+00
      9.304    -1.0055   2.759246    -1.0030   2.759708    8.00428     0.0979    13.8155 2.2599e+02  -62.52567  -62.45833 1154449088 213.679274    34.1968      39200         22  0.000e+00
      9.237    -1.0053   2.759239    -1.0030   2.759714    8.00420     0.0097    13.8155 2.2599e+02  -62.52567  -62.45833 1154449088 213.679275    34.1966      39201         22  0.000e+00
      9.256    -1.0057   2.759249    -1.0027   2.759697    8.00426    -0.0343    13.8155 2.2599e+02  -62.52567  -62.45833 1154449088 213.679275    34.1971      39202         22  0.000e+00
      9.237    -1.0057   2.759256    -1.0022   2.759697    8.00423    -0.0674    13.8155 2.2793e+02  -62.52567  -62.45833 1154449088 213.679276    34.1972      39203         22  0.000e+00
      9.161    -1.0050   2.759282    -1.0021   2.759772    8.00403    -0.0123    13.8155 2.2793e+02  -62.52567  -62.45833 1154449088 213.679276    34.1969      39204         22  0.000e+00
      9.189    -1.0049   2.759331    -1.0016   2.759824    8.00400    -0.0013    13.8155 2.2793e+02  -62.52567  -62.45833 1154449088 213.679277    34.1974      39205         22  0.000e+00
      9.237    -1.0046   2.759377    -1.0006   2.759905    8.00397     0.0207    13.8155 2.2793e+02  -62.52567  -62.45833 1154449088 213.679277    34.1976      39206         22  0.000e+00
      9.189    -1.0041   2.759381    -0.9999   2.759963    8.00384    -0.0123    13.8155 2.2793e+02  -62.52567  -62.45833 1154449088 213.679278    34.1971      39207         22  0.000e+00
      9.160    -1.0043   2.759351    -0.9997   2.760009    8.00386    -0.0343    13.8155 2.2793e+02  -62.52567  -62.45833 1154449088 213.679278    34.1970      39208         22  0.000e+00
      9.160    -1.0043   2.759328    -0.9984   2.760049    8.00387     0.0097    13.8155 2.2793e+02  -62.52567  -62.45833 1154449088 213.679279    34.1966      39209         22  0.000e+00
      9.256    -1.0046   2.759272    -0.9978   2.760067    8.00407    -0.0784    13.8155 2.2793e+02  -62.52567  -62.45833 1154449088 213.679279    34.1962      39210         22  0.000e+00
      9.237    -1.0047   2.759266    -0.9976   2.760102    8.00408    -0.1114    13.8155 2.2793e+02  -62.52567  -62.45833 1154449088 213.679280    34.1963      39211         22  0.000e+00
      9.160    -1.0047   2.759308    -0.9987   2.760061    8.00396    -0.0343    13.8155 2.2793e+02  -62.52567  -62.45833 1154449088 213.679280    34.1969      39212         22  0.000e+00
      9.256    -1.0044   2.759305    -0.9993   2.759997    8.00402     0.0097    13.8155 2.2793e+02  -62.52567  -62.45833 1154449089 213.679280    34.1964      39213         22  0.000e+00
      9.303    -1.0047   2.759266    -0.9996   2.759940    8.00415    -0.0123    13.8155 2.2793e+02  -62.52567  -62.45833 1154449089 213.679281    34.1962      39214         22  0.000e+00
      9.256    -1.0050   2.759216    -1.0007   2.759876    8.00418    -0.0123    13.8155 2.2793e+02  -62.52567  -62.45833 1154449089 213.679281    34.1959      39215         22  0.000e+00
      9.237    -1.0057   2.759160    -1.0025   2.759754    8.00431    -0.0013    13.8155 2.2793e+02  -62.52567  -62.45833 1154449089 213.679282    34.1959      39216         22  0.000e+00
      9.303    -1.0066   2.759147    -1.0038   2.759610    7.99984    -0.0013    13.8155 2.2793e+02  -62.52567  -62.45833 1154449089 213.679282    34.1967      39217         22  0.000e+00
      9.256    -1.0063   2.759121    -1.0053   2.759523    8.00445     0.0097    13.8155 2.2793e+02  -62.52567  -62.45833 1154449089 213.679283    34.1960      39218         22  0.000e+00
      9.370    -1.0063   2.759121    -1.0053   2.759523    8.00458     0.0097    13.8155 2.2793e+02  -62.52567  -62.45833 1154449089 213.679283    34.1960      39219         22  0.000e+00
      9.303    -1.0063   2.759104    -1.0055   2.759523    8.00452    -0.0454    13.8155 2.2793e+02  -62.52567  -62.45833 1154449089 213.679284    34.1958      39220         22  0.000e+00
      9.332    -1.0069   2.759118    -1.0054   2.759529    8.00464    -0.0123    13.8155 2.2793e+02  -62.52567  -62.45833 1154449089 213.679284    34.1967      39221         22  0.000e+00
      9.370    -1.0063   2.759200    -1.0061   2.759483    8.00452    -0.0013    13.8155 2.2793e+02  -62.52567  -62.45833 1154449089 213.679285    34.1970      39222         22  0.000e+00
      9.332    -1.0061   2.759348    -1.0061   2.759454    7.99965    -0.0013    13.8155 2.2793e+02  -62.52567  -62.45833 1154449089 213.679285    34.1989      39223         22  0.000e+00
      9.370    -1.0046   2.759473    -1.0059   2.759454    7.99935    -0.0123    13.8155 2.2793e+02  -62.52567  -62.45833 1154449089 213.679286    34.1988      39224         22  0.000e+00
      9.370    -1.0033   2.759634    -1.0055   2.759558    7.99903    -0.0454    13.8155 2.2793e+02  -62.52567  -62.45833 1154449089 213.679286    34.1996      39225         22  0.000e+00
      9.332    -1.0002   2.759887    -1.0030   2.759702    7.99831    -0.0784    13.8155 2.2793e+02  -62.52567  -62.45833 1154449089 213.679287    34.1996      39226         22  0.000e+00
      9.370    -0.9962   2.760130    -1.0011   2.759870    7.99753     0.0318    13.8155 2.2793e+02  -62.52567  -62.45833 1154449089 213.679287    34.1983      39227         22  0.000e+00
      9.303    -0.9933   2.760488    -0.9993   2.760003    8.00141     0.0868    13.8155 2.2793e+02  -62.52567  -62.45833 1154449089 213.679288    34.1999      39228         22  0.000e+00
      9.332    -0.9882   2.760880    -0.9978   2.760090    8.00033     0.0318    13.8155 2.2793e+02  -62.52567  -62.45833 1154449089 213.679288    34.1994      39229         22  0.000e+00
      9.370    -0.9852   2.761083    -0.9961   2.760182    7.99975    -0.0123    13.8155 2.2793e+02  -62.52567  -62.45833 1154449089 213.679289    34.1988      39230         22  0.000e+00
      9.332    -0.9828   2.761189    -0.9951   2.760310    7.99455    -0.0123    13.8155 2.2793e+02  -62.52567  -62.45833 1154449089 213.679289    34.1975      39231         22  0.000e+00
      9.786    -0.9854   2.761087    -0.9731   2.762202    7.99555     0.0097    13.8155 2.3767e+02  -62.52567  -62.45833 1154449098 213.679391    34.1988      39442         23  0.000e+00
      9.748    -0.9843   2.761139    -0.9731   2.762173    7.99529    -0.0564    13.8155 2.3767e+02  -62.52567  -62.45833 1154449098 213.679391    34.1983      39443         23  0.000e+00
      9.719    -0.9838   2.761228    -0.9730   2.762150    7.99512    -0.0233    13.8155 2.3767e+02  -62.52567  -62.45833 1154449098 213.679392    34.1990      39444         23  0.000e+00
      9.719    -0.9830   2.761402    -0.9730   2.762202    7.99485     0.0207    13.8155 2.3767e+02  -62.52567  -62.45833 1154449098 213.679392    34.2004      39445         23  0.000e+00
      9.748    -0.9811   2.761560    -0.9745   2.762260    7.99446    -0.0123    13.8155 2.3767e+02  -62.52567  -62.45833 1154449098 213.679393    34.2003      39446         23  0.000e+00
      9.719    -0.9791   2.761705    -0.9756   2.762219    7.99400    -0.0013    13.8155 2.3767e+02  -62.52567  -62.45833 1154449098 213.679393    34.2000      39447         23  0.000e+00
      9.719    -0.9766   2.761813    -0.9750   2.762138    7.99352    -0.0013    13.8155 2.3767e+02  -62.52567  -62.45833 1154449098 213.679394    34.1987      39448         23  0.000e+00
      9.748    -0.9753   2.761882    -0.9754   2.762063    7.99331    -0.0564    13.8155 2.4157e+02  -62.52567  -62.45833 1154449098 213.679394    34.1982      39449         23  0.000e+00
      9.719    -0.9734   2.761915    -0.9765   2.761999    7.99294    -0.0564    13.8155 2.4157e+02  -62.52567  -62.45833 1154449098 213.679395    34.1965      39450         23  0.000e+00
      9.671    -0.9730   2.761942    -0.9771   2.761906    7.99281     0.0097    13.8155 2.4157e+02  -62.52567  -62.45833 1154449098 213.679395    34.1964      39451         23  0.000e+00
      9.719    -0.9726   2.761978    -0.9785   2.761860    7.99276    -0.0233    13.8155 2.3962e+02  -62.52567  -62.45833 1154449099 213.679396    34.1964      39452         23  0.000e+00
      9.719    -0.9718   2.762057    -0.9798   2.761779    7.99258     0.0097    13.8155 2.4157e+02  -62.52567  -62.45833 1154449099 213.679396    34.1965      39453         23  0.000e+00
      9.671    -0.9707   2.762195    -0.9800   2.761710    7.99225    -0.0233    13.8155 2.4157e+02  -62.52567  -62.45833 1154449099 213.679397    34.1972      39454         23  0.000e+00
      9.652    -0.9692   2.762198    -0.9808   2.761600    7.99668    -0.1004    13.8155 2.3962e+02  -62.52567  -62.45833 1154449099 213.679397    34.1956      39455         23  0.000e+00
      9.748    -0.9693   2.762208    -0.9817   2.761542    7.99210    -0.0454    13.8155 2.3767e+02  -62.52567  -62.45833 1154449099 213.679398    34.1958      39456         23  0.000e+00
      9.652    -0.9694   2.762195    -0.9816   2.761519    7.99203    -0.0343    13.8155 2.3962e+02  -62.52567  -62.45833 1154449099 213.679398    34.1958      39457         23  0.000e+00
      9.719    -0.9694   2.762208    -0.9811   2.761588    7.99209    -0.0013    13.8155 2.4157e+02  -62.52567  -62.45833 1154449099 213.679399    34.1959      39458         23  0.000e+00
      9.671    -0.9696   2.762244    -0.9782   2.761692    7.99203    -0.0343    13.8155 2.4157e+02  -62.52567  -62.45833 1154449099 213.679399    34.1966      39459         23  0.000e+00
      9.652    -0.9698   2.762270    -0.9780   2.761721    7.99202    -0.1114    13.8155 2.3962e+02  -62.52567  -62.45833 1154449099 213.679400    34.1972      39460         23  0.000e+00
      9.652    -0.9687   2.762277    -0.9779   2.761744    7.99185    -0.0343    13.8155 2.4157e+02  -62.52567  -62.45833 1154449099 213.679400    34.1961      39461         23  0.000e+00
      9.671    -0.9693   2.762260    -0.9753   2.761791    7.99198     0.0428    13.8155 2.4157e+02  -62.52567  -62.45833 1154449099 213.679401    34.1965      39462         23  0.000e+00
      9.652    -0.9686   2.762224    -0.9721   2.761941    7.99188     0.0207    13.8155 2.4157e+02  -62.52567  -62.45833 1154449099 213.679401    34.1953      39463         23  0.000e+00
      9.671    -0.9688   2.762228    -0.9710   2.762086    7.99193     0.0097    13.8155 2.3962e+02  -62.52567  -62.45833 1154449099 213.679402    34.1956      39464         23  0.000e+00
      9.652    -0.9688   2.762267    -0.9708   2.762138    7.99188    -0.0233    13.8155 2.4157e+02  -62.52567  -62.45833 1154449099 213.679402    34.1961      39465         23  0.000e+00
      9.719    -0.9685   2.762293    -0.9696   2.762202    7.99188    -0.0564    13.8155 2.4157e+02  -62.52567  -62.45833 1154449099 213.679402    34.1961      39466         23  0.000e+00
      9.604    -0.9684   2.762280    -0.9682   2.762364    7.99174    -0.1114    13.8155 2.3962e+02  -62.52567  -62.45833 1154449099 213.679403    34.1958      39467         23  0.000e+00
      9.652    -0.9686   2.762297    -0.9676   2.762468    7.99182    -0.0784    13.8155 2.3962e+02  -62.52567  -62.45833 1154449099 213.679403    34.1963      39468         23  0.000e+00
      9.671    -0.9681   2.762283    -0.9673   2.762543    7.99176    -0.0454    13.8155 2.3962e+02  -62.52567  -62.45833 1154449099 213.679404    34.1954      39469         23  0.000e+00
