product_data/regression_test/downloaded_data/MDGS/320620060703/ctd/p6623301.ros
* Sea-Bird SBE 9 Data File:
* FileName = D:\Data\Raw\p6623301.dat
* Software Version Seasave Win32 V 5.32
* Temperature SN = 1649
* Conductivity SN = 1431
* Number of Bytes Per Scan = 37
* Number of Voltage Words = 5
* Number of Scans Averaged by the Deck Unit = 1
* NMEA Latitude = 61 52.43 S
* NMEA Longitude = 053 12.48 W
* NMEA UTC (Time) = 11:43:15
** Ship:   Nathaniel B. Palmer 
** Cruise:    NBP0606 
# nquan = 17
# nvalues = 1176                    
# units = specified
# name 0 = prDM: Pressure, Digiquartz [db]
# name 1 = t090C: Temperature [ITS-90, deg C]
# name 2 = c0S/m: Conductivity [S/m]
# name 3 = t190C: Temperature, 2 [ITS-90, deg C]
# name 4 = c1S/m: Conductivity, 2 [S/m]
# name 5 = sbeox0ML/L: Oxygen, SBE 43 [ml/l]
# name 6 = flECO-AFL: Fluorescence, Wetlab ECO-AFL/FL [mg/m^3]
# name 7 = bat: Beam Attenuation, Chelsea/Seatech/Wetlab CStar [1/m]
# name 8 = spar: SPAR/Surface Irradiance
# name 9 = latitude: Latitude [deg]
# name 10 = longitude: Longitude [deg]
# name 11 = timeY: Time, System [seconds]
# name 12 = timeJ: Julian Days
# name 13 = sal00: Salinity [PSU]
# name 14 = scan: scan number
# name 15 = nbf: number of bottles fired
# name 16 = flag:  0.000e+00
# interval = seconds: 0.0416667                   
# start_time = Aug 07 2006 11:44:46
*END*
[from data line 1022]
    101.225    -1.3425   2.752075    -1.3423   2.752184    6.96706    -0.1665    13.8155 3.3898e+02  -61.87383  -53.20800 1154953439 219.516674    34.4265      56512         21  0.000e+00
    101.225    -1.3425   2.752092    -1.3429   2.752179    6.97183    -0.0564    13.8155 3.3898e+02  -61.87383  -53.20800 1154953439 219.516674    34.4268      56513         21  0.000e+00
    101.292    -1.3429   2.752085    -1.3427   2.752184    6.96718    -0.0454    13.8155 3.3898e+02  -61.87383  -53.20800 1154953439 219.516675    34.4272      56514         21  0.000e+00
    101.225    -1.3428   2.752098    -1.3422   2.752202    6.96708    -0.0013    13.8155 3.3898e+02  -61.87383  -53.20800 1154953439 219.516675    34.4272      56515         21  0.000e+00
    101.225    -1.3426   2.752105    -1.3417   2.752225    6.97184     0.0097    13.8155 3.3898e+02  -61.87383  -53.20800 1154953439 219.516676    34.4271      56516         21  0.000e+00
    101.225    -1.3431   2.752105    -1.3422   2.752213    6.96712    -0.1335    13.8155 3.3898e+02  -61.87383  -53.20800 1154953439 219.516676    34.4276      56517         21  0.000e+00
    101.226    -1.3432   2.752121    -1.3420   2.752225    6.96713    -0.1775    13.8155 3.3898e+02  -61.87383  -53.20800 1154953439 219.516677    34.4280      56518         21  0.000e+00
     75.994    -1.1236   2.768936    -1.1234   2.769040    6.88639    -0.0233    13.8155 3.4872e+02  -61.87383  -53.20800 1154953507 219.517465    34.4225      58153         22  0.000e+00
     76.156    -1.1229   2.768932    -1.1228   2.769040    6.88645    -0.0343    13.8155 3.4872e+02  -61.87383  -53.20800 1154953507 219.517466    34.4215      58154         22  0.000e+00
     75.927    -1.1233   2.768916    -1.1230   2.769017    6.89103    -0.0894    13.8155 3.4872e+02  -61.87383  -53.20800 1154953507 219.517466    34.4219      58155         22  0.000e+00
     75.946    -1.1242   2.768913    -1.1235   2.769011    6.89118    -0.1555    13.8155 3.4872e+02  -61.87383  -53.20800 1154953507 219.517467    34.4229      58156         22  0.000e+00
     76.060    -1.1240   2.768896    -1.1238   2.769011    6.88653    -0.1335    13.8155 3.4872e+02  -61.87383  -53.20800 1154953507 219.517467    34.4223      58157         22  0.000e+00
     75.946    -1.1245   2.768837    -1.1240   2.769011    6.89128    -0.1225    13.8155 3.4872e+02  -61.87383  -53.20800 1154953507 219.517468    34.4222      58158         22  0.000e+00
     75.994    -1.1242   2.768820    -1.1234   2.769029    6.88655    -0.1225    13.8155 3.4872e+02  -61.87383  -53.20800 1154953508 219.517468    34.4216      58159         22  0.000e+00
     75.946    -1.1246   2.768824    -1.1237   2.769023    6.88655    -0.1225    13.8155 3.4872e+02  -61.87383  -53.20800 1154953508 219.517469    34.4221      58160         22  0.000e+00
     76.060    -1.1251   2.768824    -1.1232   2.768994    6.88674    -0.1445    13.8155 3.4872e+02  -61.87383  -53.20800 1154953508 219.517469    34.4226      58161         22  0.000e+00
     76.013    -1.1254   2.768784    -1.1235   2.768988    6.89150    -0.1225    13.8155 3.4872e+02  -61.87383  -53.20800 1154953508 219.517470    34.4224      58162         22  0.000e+00
     75.927    -1.1262   2.768794    -1.1235   2.768988    6.88678    -0.1114    13.8155 3.4872e+02  -61.87383  -53.20800 1154953508 219.517470    34.4235      58163         22  0.000e+00
     76.013    -1.1256   2.768804    -1.1238   2.768988    6.88677    -0.1335    13.8155 3.4872e+02  -61.87383  -53.20800 1154953508 219.517471    34.4229      58164         22  0.000e+00
     75.994    -1.1255   2.768817    -1.1238   2.768988    6.88673    -0.1225    13.8155 3.4872e+02  -61.87383  -53.20800 1154953508 219.517471    34.4231      58165         22  0.000e+00
     76.013    -1.1251   2.768870    -1.1246   2.768948    6.88666    -0.0123    13.8155 3.4872e+02  -61.87383  -53.20800 1154953508 219.517472    34.4233      58166         22  0.000e+00
     75.994    -1.1242   2.768890    -1.1244   2.768930    6.88650    -0.0233    13.8155 3.4872e+02  -61.87383  -53.20800 1154953508 219.517472    34.4225      58167         22  0.000e+00
     76.013    -1.1245   2.768906    -1.1249   2.768890    6.88655    -0.0343    13.8155 3.4872e+02  -61.87383  -53.20800 1154953508 219.517473    34.4230      58168         22  0.000e+00
     75.994    -1.1242   2.768880    -1.1249   2.768895    6.88651    -0.0894    13.8155 3.4872e+02  -61.87383  -53.20800 1154953508 219.517473    34.4224      58169         22  0.000e+00
     76.013    -1.1243   2.768847    -1.1251   2.768884    6.88657    -0.1114    13.8155 3.4872e+02  -61.87383  -53.20800 1154953508 219.517473    34.4221      58170         22  0.000e+00
     75.994    -1.1252   2.768811    -1.1249   2.768895    6.88669    -0.1114    13.8155 3.4872e+02  -61.87383  -53.20800 1154953508 219.517474    34.4226      58171         22  0.000e+00
     76.013    -1.1250   2.768804    -1.1252   2.768890    6.89143    -0.1335    13.8155 3.4872e+02  -61.87383  -53.20800 1154953508 219.517474    34.4222      58172         22  0.000e+00
     75.994    -1.1254   2.768804    -1.1255   2.768861    6.88673    -0.0674    13.8155 3.4872e+02  -61.87383  -53.20800 1154953508 219.517475    34.4228      58173         22  0.000e+00
     76.013    -1.1254   2.768814    -1.1257   2.768872    6.89148    -0.0564    13.8155 3.4872e+02  -61.87383  -53.20800 1154953508 219.517475    34.4228      58174         22  0.000e+00
     75.994    -1.1256   2.768840    -1.1261   2.768820    6.88673    -0.0564    13.8155 3.4872e+02  -61.87383  -53.20800 1154953508 219.517476    34.4234      58175         22  0.000e+00
     76.013    -1.1255   2.768814    -1.1261   2.768820    6.89150    -0.1004    13.8155 3.4872e+02  -61.87383  -53.20800 1154953508 219.517476    34.4230      58176         22  0.000e+00
     76.061    -1.1257   2.768784    -1.1258   2.768785    6.88685    -0.0894    13.8155 3.4872e+02  -61.87383  -53.20800 1154953508 219.517477    34.4228      58177         22  0.000e+00
     76.013    -1.1259   2.768774    -1.1264   2.768791    6.88683    -0.1114    13.8155 3.4872e+02  -61.87383  -53.20800 1154953508 219.517477    34.4229      58178         22  0.000e+00
     75.946    -1.1257   2.768745    -1.1269   2.768780    6.88676    -0.0894    13.8155 3.4872e+02  -61.87383  -53.20800 1154953508 219.517478    34.4223      58179         22  0.000e+00
     76.061    -1.1260   2.768751    -1.1266   2.768774    6.88692    -0.0343    13.8155 3.4872e+02  -61.87383  -53.20800 1154953508 219.517478    34.4227      58180         22  0.000e+00
     76.089    -1.1264   2.768751    -1.1266   2.768774    6.89173    -0.1004    13.8155 3.4872e+02  -61.87383  -53.20800 1154953508 219.517479    34.4231      58181         22  0.000e+00
     75.994    -1.1261   2.768755    -1.1268   2.768774    6.88686    -0.0784    13.8155 3.4872e+02  -61.87383  -53.20800 1154953508 219.517479    34.4229      58182         22  0.000e+00
     76.013    -1.1265   2.768709    -1.1263   2.768791    6.88696    -0.0564    13.8155 3.4872e+02  -61.87383  -53.20800 1154953509 219.517480    34.4227      58183         22  0.000e+00
     75.994    -1.1267   2.768672    -1.1266   2.768785    6.88699    -0.1225    13.8155 3.4872e+02  -61.87383  -53.20800 1154953509 219.517480    34.4224      58184         22  0.000e+00
     76.013    -1.1268   2.768646    -1.1266   2.768774    6.88704    -0.1445    13.8155 3.4872e+02  -61.87383  -53.20800 1154953509 219.517481    34.4221      58185         22  0.000e+00
     76.061    -1.1274   2.768643    -1.1268   2.768756    6.89192    -0.1225    13.8155 3.4872e+02  -61.87383  -53.20800 1154953509 219.517481    34.4228      58186         22  0.000e+00
     76.013    -1.1274   2.768662    -1.1268   2.768751    6.88712    -0.1004    13.8155 3.4872e+02  -61.87383  -53.20800 1154953509 219.517482    34.4231      58187         22  0.000e+00
     76.061    -1.1269   2.768649    -1.1269   2.768768    6.88710    -0.1004    13.8155 3.4872e+02  -61.87383  -53.20800 1154953509 219.517482    34.4223      58188         22  0.000e+00
     76.013    -1.1274   2.768656    -1.1266   2.768733    6.88713    -0.1004    13.8155 3.4872e+02  -61.87383  -53.20800 1154953509 219.517483    34.4230      58189         22  0.000e+00
     76.061    -1.1274   2.768649    -1.1269   2.768762    6.89192    -0.0784    13.8155 3.4872e+02  -61.87383  -53.20800 1154953509 219.517483    34.4229      58190         22  0.000e+00
     76.013    -1.1277   2.768646    -1.1274   2.768756    6.88717    -0.0674    13.8155 3.4872e+02  -61.87383  -53.20800 1154953509 219.517484    34.4232      58191         22  0.000e+00
     75.994    -1.1277   2.768597    -1.1266   2.768710    6.89193    -0.1114    13.8155 3.4872e+02  -61.87383  -53.20800 1154953509 219.517484    34.4226      58192         22  0.000e+00
     76.013    -1.1277   2.768590    -1.1271   2.768756    6.88721    -0.1445    13.8155 3.4872e+02  -61.87383  -53.20800 1154953509 219.517485    34.4225      58193         22  0.000e+00
     76.061    -1.1283   2.768583    -1.1266   2.768733    6.88734    -0.0784    13.8155 3.4872e+02  -61.87383  -53.20800 1154953509 219.517485    34.4230      58194         22  0.000e+00
     76.013    -1.1282   2.768580    -1.1269   2.768756    6.89203    -0.0343    13.8155 3.4872e+02  -61.87383  -53.20800 1154953509 219.517486    34.4229      58195         22  0.000e+00
     76.061    -1.1279   2.768590    -1.1268   2.768774    6.88728    -0.0564    13.8155 3.4872e+02  -61.87383  -53.20800 1154953509 219.517486    34.4226      58196         22  0.000e+00
     76.090    -1.1282   2.768616    -1.1268   2.768774    6.88733    -0.1114    13.8155 3.4872e+02  -61.87383  -53.20800 1154953509 219.517486    34.4233      58197         22  0.000e+00
     75.994    -1.1277   2.768607    -1.1271   2.768774    6.88718    -0.1004    13.8155 3.4872e+02  -61.87383  -53.20800 1154953509 219.517487    34.4227      58198         22  0.000e+00
     76.090    -1.1281   2.768584    -1.1266   2.768756    6.88734    -0.0564    13.8155 3.4872e+02  -61.87383  -53.20800 1154953509 219.517487    34.4227      58199         22  0.000e+00
     75.994    -1.1284   2.768574    -1.1272   2.768751    6.88730    -0.0564    13.8155 3.4872e+02  -61.87383  -53.20800 1154953509 219.517488    34.4231      58200         22  0.000e+00
     76.090    -1.1284   2.768613    -1.1271   2.768728    6.88736    -0.1445    13.8155 3.4872e+02  -61.87383  -53.20800 1154953509 219.517488    34.4235      58201         22  0.000e+00
     50.512    -1.0131   2.775156    -1.0102   2.775464    6.85668    -0.0674    13.8155 3.5846e+02  -61.87383  -53.20800 1154953570 219.518192    34.3969      59659         23  0.000e+00
     50.655    -1.0129   2.775229    -1.0106   2.775424    6.85675    -0.0454    13.8155 3.6041e+02  -61.87383  -53.20800 1154953570 219.518192    34.3976      59660         23  0.000e+00
     50.578    -1.0128   2.775216    -1.0108   2.775435    6.86138    -0.0343    13.8155 3.6041e+02  -61.87383  -53.20800 1154953570 219.518193    34.3973      59661         23  0.000e+00
     50.578    -1.0121   2.775222    -1.0109   2.775400    6.85658    -0.0233    13.8155 3.6041e+02  -61.87383  -53.20800 1154953570 219.518193    34.3967      59662         23  0.000e+00
     50.578    -1.0123   2.775278    -1.0113   2.775395    6.85656    -0.0013    13.8155 3.6041e+02  -61.87383  -53.20800 1154953570 219.518193    34.3976      59663         23  0.000e+00
     50.512    -1.0120   2.775275    -1.0117   2.775331    6.86117    -0.0013    13.8155 3.6041e+02  -61.87383  -53.20800 1154953570 219.518194    34.3973      59664         23  0.000e+00
     50.655    -1.0118   2.775288    -1.0119   2.775313    6.86128    -0.1004    13.8155 3.5846e+02  -61.87383  -53.20800 1154953570 219.518194    34.3972      59665         23  0.000e+00
     50.655    -1.0118   2.775295    -1.0127   2.775290    6.86127    -0.0784    13.8155 3.5846e+02  -61.87383  -53.20800 1154953570 219.518195    34.3973      59666         23  0.000e+00
     50.579    -1.0118   2.775225    -1.0119   2.775284    6.86124    -0.0123    13.8155 3.5846e+02  -61.87383  -53.20800 1154953570 219.518195    34.3964      59667         23  0.000e+00
     50.512    -1.0123   2.775206    -1.0117   2.775302    6.86126    -0.0343    13.8155 3.5846e+02  -61.87383  -53.20800 1154953570 219.518196    34.3967      59668         23  0.000e+00
     50.655    -1.0131   2.775186    -1.0124   2.775313    6.86151    -0.0233    13.8155 3.6041e+02  -61.87383  -53.20800 1154953570 219.518196    34.3972      59669         23  0.000e+00
     50.579    -1.0128   2.775173    -1.0125   2.775296    6.86141     0.0207    13.8155 3.5846e+02  -61.87383  -53.20800 1154953570 219.518197    34.3967      59670         23  0.000e+00
     50.655    -1.0132   2.775077    -1.0133   2.775244    6.86161    -0.0123    13.8155 3.5846e+02  -61.87383  -53.20800 1154953571 219.518197    34.3959      59671         23  0.000e+00
     50.579    -1.0138   2.775031    -1.0131   2.775267    6.86165    -0.0564    13.8155 3.5846e+02  -61.87383  -53.20800 1154953571 219.518198    34.3960      59672         23  0.000e+00
     50.579    -1.0143   2.775044    -1.0133   2.775267    6.86171    -0.0674    13.8155 3.5846e+02  -61.87383  -53.20800 1154953571 219.518198    34.3968      59673         23  0.000e+00
     50.579    -1.0145   2.775064    -1.0137   2.775221    6.86643    -0.1114    13.8155 3.5846e+02  -61.87383  -53.20800 1154953571 219.518199    34.3972      59674         23  0.000e+00
     50.655    -1.0152   2.775054    -1.0128   2.775227    6.86661    -0.1004    13.8155 3.6041e+02  -61.87383  -53.20800 1154953571 219.518199    34.3979      59675         23  0.000e+00
     50.579    -1.0148   2.775015    -1.0120   2.775296    6.86650    -0.0343    13.8155 3.6041e+02  -61.87383  -53.20800 1154953571 219.518200    34.3969      59676         23  0.000e+00
     50.579    -1.0151   2.775021    -1.0120   2.775354    6.86654    -0.0343    13.8155 3.6041e+02  -61.87383  -53.20800 1154953571 219.518200    34.3973      59677         23  0.000e+00
     50.579    -1.0149   2.775044    -1.0116   2.775342    6.86179    -0.0894    13.8155 3.6041e+02  -61.87383  -53.20800 1154953571 219.518201    34.3974      59678         23  0.000e+00
     50.655    -1.0145   2.775031    -1.0122   2.775279    6.86652    -0.0784    13.8155 3.6041e+02  -61.87383  -53.20800 1154953571 219.518201    34.3967      59679         23  0.000e+00
     50.579    -1.0146   2.775008    -1.0122   2.775337    6.86648    -0.0564    13.8155 3.6041e+02  -61.87383  -53.20800 1154953571 219.518202    34.3966      59680         23  0.000e+00
     50.579    -1.0148   2.775021    -1.0114   2.775383    6.86179    -0.1335    13.8155 3.5846e+02  -61.87383  -53.20800 1154953571 219.518202    34.3970      59681         23  0.000e+00
     50.655    -1.0140   2.775044    -1.0111   2.775389    6.86645    -0.0674    13.8155 3.5846e+02  -61.87383  -53.20800 1154953571 219.518203    34.3963      59682         23  0.000e+00
     50.579    -1.0143   2.775031    -1.0111   2.775395    6.86643     0.0207    13.8155 3.5846e+02  -61.87383  -53.20800 1154953571 219.518203    34.3966      59683         23  0.000e+00
     50.579    -1.0143   2.775044    -1.0117   2.775331    6.86642    -0.0564    13.8155 3.6041e+02  -61.87383  -53.20800 1154953571 219.518204    34.3968      59684         23  0.000e+00
     50.655    -1.0141   2.775051    -1.0128   2.775290    6.86646    -0.1555    13.8155 3.6041e+02  -61.87383  -53.20800 1154953571 219.518204    34.3966      59685         23  0.000e+00
     50.655    -1.0146   2.775051    -1.0139   2.775180    6.86653    -0.1665    13.8155 3.6041e+02  -61.87383  -53.20800 1154953571 219.518205    34.3971      59686         23  0.000e+00
