product_data/regression_test/downloaded_data/MDGS/320620060703/ctd/p6622901.ros
* Sea-Bird SBE 9 Data File:
* FileName = D:\Data\Raw\p6622901.dat
* Software Version Seasave Win32 V 5.32
* Temperature SN = 1649
* Conductivity SN = 1431
* Number of Bytes Per Scan = 37
* Number of Voltage Words = 5
* Number of Scans Averaged by the Deck Unit = 1
* NMEA Latitude = 62 04.05 S
* NMEA Longitude = 052 52.47 W
* NMEA UTC (Time) = 16:20:09
** Ship:   Nathaniel B. Palmer 
** Cruise:    NBP0606 
# nquan = 17
# nvalues = 1176                    
# units = specified
# name 0 = prDM: Pressure, Digiquartz [db]
# name 1 = t090C: Temperature [ITS-90, deg C]
# name 2 = c0S/m: Conductivity [S/m]
# name 3 = t190C: Temperature, 2 [ITS-90, deg C]
# name 4 = c1S/m: Conductivity, 2 [S/m]
# name 5 = sbeox0ML/L: Oxygen, SBE 43 [ml/l]
# name 6 = flECO-AFL: Fluorescence, Wetlab ECO-AFL/FL [mg/m^3]
# name 7 = bat: Beam Attenuation, Chelsea/Seatech/Wetlab CStar [1/m]
# name 8 = spar: SPAR/Surface Irradiance
# name 9 = latitude: Latitude [deg]
# name 10 = longitude: Longitude [deg]
# name 11 = timeY: Time, System [seconds]
# name 12 = timeJ: Julian Days
# name 13 = sal00: Salinity [PSU]
# name 14 = scan: scan number
# name 15 = nbf: number of bottles fired
# name 16 = flag:  0.000e+00
# interval = seconds: 0.0416667                   
# start_time = Aug 06 2006 16:21:30
*END*
[from data line 681]
    100.154    -1.7640   2.747792    -1.7778   2.717859    3.20202    -0.0454    13.8155 1.5585e+02  -62.06750  -52.87450 1154887260 218.750704    34.8585     143300         14  0.000e+00
    100.230    -1.7644   2.747737    -1.7779   2.717870    3.20210    -0.0454    13.8155 1.5585e+02  -62.06750  -52.87450 1154887260 218.750704    34.8580     143301         14  0.000e+00
    100.154    -1.7647   2.747760    -1.7779   2.717859    3.20208    -0.0454    13.8155 1.5585e+02  -62.06750  -52.87450 1154887260 218.750705    34.8588     143302         14  0.000e+00
    100.087    -1.7647   2.747769    -1.7779   2.717836    3.20205    -0.0784    13.8155 1.5585e+02  -62.06750  -52.87450 1154887260 218.750705    34.8589     143303         14  0.000e+00
    100.154    -1.7647   2.747756    -1.7779   2.717864    3.20208    -0.0454    13.8155 1.5585e+02  -62.06750  -52.87450 1154887260 218.750706    34.8587     143304         14  0.000e+00
    100.156    -1.7662   2.747074    -1.7796   2.717651    3.19759    -0.0564    13.8155 1.5780e+02  -62.06750  -52.87450 1154887264 218.750751    34.8510     143398         15  0.000e+00
    100.232    -1.7657   2.747067    -1.7799   2.717651    3.19759    -0.0123    13.8155 1.5780e+02  -62.06750  -52.87450 1154887264 218.750751    34.8503     143399         15  0.000e+00
    100.156    -1.7657   2.747080    -1.7802   2.717663    3.19755    -0.1004    13.8155 1.5780e+02  -62.06750  -52.87450 1154887264 218.750752    34.8505     143400         15  0.000e+00
    100.232    -1.7658   2.747054    -1.7801   2.717651    3.19760    -0.1555    13.8155 1.5780e+02  -62.06750  -52.87450 1154887264 218.750752    34.8501     143401         15  0.000e+00
    100.089    -1.7659   2.747064    -1.7798   2.717680    3.19754    -0.1996    13.8155 1.5780e+02  -62.06750  -52.87450 1154887264 218.750753    34.8505     143402         15  0.000e+00
    100.194    -1.7661   2.747061    -1.7801   2.717680    3.19760    -0.1555    13.8155 1.5780e+02  -62.06750  -52.87450 1154887264 218.750753    34.8506     143403         15  0.000e+00
    100.232    -1.7662   2.747084    -1.7802   2.717628    3.19762    -0.1004    13.8155 1.5780e+02  -62.06750  -52.87450 1154887265 218.750754    34.8511     143404         15  0.000e+00
    100.156    -1.7656   2.747058    -1.7803   2.717634    3.19755    -0.0784    13.8155 1.5780e+02  -62.06750  -52.87450 1154887265 218.750754    34.8500     143405         15  0.000e+00
    100.156    -1.7659   2.747008    -1.7804   2.717623    3.19759    -0.1665    13.8155 1.5780e+02  -62.06750  -52.87450 1154887265 218.750755    34.8497     143406         15  0.000e+00
    100.232    -1.7664   2.747067    -1.7802   2.717651    3.19764    -0.2326    13.8155 1.5780e+02  -62.06750  -52.87450 1154887265 218.750755    34.8510     143407         15  0.000e+00
    100.156    -1.7657   2.747041    -1.7801   2.717651    3.19757    -0.1004    13.8155 1.5780e+02  -62.06750  -52.87450 1154887265 218.750756    34.8500     143408         15  0.000e+00
    100.156    -1.7662   2.747018    -1.7801   2.717663    3.19761    -0.0233    13.8155 1.5780e+02  -62.06750  -52.87450 1154887265 218.750756    34.8502     143409         15  0.000e+00
    100.232    -1.7661   2.747021    -1.7796   2.717686    3.19763    -0.0454    13.8155 1.5780e+02  -62.06750  -52.87450 1154887265 218.750757    34.8500     143410         15  0.000e+00
    100.156    -1.7657   2.747008    -1.7801   2.717674    3.19758    -0.0564    13.8155 1.5780e+02  -62.06750  -52.87450 1154887265 218.750757    34.8495     143411         15  0.000e+00
    100.156    -1.7665   2.747015    -1.7802   2.717669    3.19763    -0.0674    13.8155 1.5975e+02  -62.06750  -52.87450 1154887265 218.750758    34.8505     143412         15  0.000e+00
    100.194    -1.7662   2.747008    -1.7797   2.717709    3.19763    -0.0233    13.8155 1.5780e+02  -62.06750  -52.87450 1154887265 218.750758    34.8500     143413         15  0.000e+00
    100.156    -1.7662   2.747005    -1.7796   2.717663    3.19761     0.0207    13.8155 1.5780e+02  -62.06750  -52.87450 1154887265 218.750759    34.8500     143414         15  0.000e+00
    100.156    -1.7659   2.746966    -1.7798   2.717663    3.19760    -0.0233    13.8155 1.5780e+02  -62.06750  -52.87450 1154887265 218.750759    34.8491     143415         15  0.000e+00
    100.233    -1.7659   2.746943    -1.7798   2.717669    3.19764    -0.0123    13.8155 1.5780e+02  -62.06750  -52.87450 1154887265 218.750760    34.8487     143416         15  0.000e+00
    100.156    -1.7661   2.746953    -1.7798   2.717686    3.19762    -0.0123    13.8155 1.5780e+02  -62.06750  -52.87450 1154887265 218.750760    34.8491     143417         15  0.000e+00
    100.156    -1.7659   2.746969    -1.7796   2.717674    3.19760    -0.0564    13.8155 1.5780e+02  -62.06750  -52.87450 1154887265 218.750761    34.8492     143418         15  0.000e+00
    100.233    -1.7664   2.746930    -1.7801   2.717669    3.19768    -0.0343    13.8155 1.5780e+02  -62.06750  -52.87450 1154887265 218.750761    34.8491     143419         15  0.000e+00
    100.156    -1.7664   2.746933    -1.7798   2.717651    3.19765    -0.1665    13.8155 1.5780e+02  -62.06750  -52.87450 1154887265 218.750761    34.8492     143420         15  0.000e+00
    100.233    -1.7661   2.746949    -1.7799   2.717663    3.19765    -0.1114    13.8155 1.5780e+02  -62.06750  -52.87450 1154887265 218.750762    34.8490     143421         15  0.000e+00
    100.156    -1.7661   2.746890    -1.7797   2.717669    3.19764    -0.1225    13.8155 1.5975e+02  -62.06750  -52.87450 1154887265 218.750762    34.8482     143422         15  0.000e+00
    100.195    -1.7661   2.746920    -1.7798   2.717669    3.19765    -0.1225    13.8155 1.5975e+02  -62.06750  -52.87450 1154887265 218.750763    34.8486     143423         15  0.000e+00
    100.233    -1.7662   2.746913    -1.7799   2.717669    3.19768    -0.0233    13.8155 1.5780e+02  -62.06750  -52.87450 1154887265 218.750763    34.8487     143424         15  0.000e+00
    100.233    -1.7661   2.746913    -1.7798   2.717686    3.19767    -0.0894    13.8155 1.5780e+02  -62.06750  -52.87450 1154887265 218.750764    34.8485     143425         15  0.000e+00
    100.156    -1.7667   2.746880    -1.7796   2.717697    3.19287    -0.1004    13.8155 1.5780e+02  -62.06750  -52.87450 1154887265 218.750764    34.8488     143426         15  0.000e+00
    100.233    -1.7662   2.746880    -1.7795   2.717697    3.19769    -0.1445    13.8155 1.5780e+02  -62.06750  -52.87450 1154887266 218.750765    34.8482     143427         15  0.000e+00
    100.233    -1.7665   2.746890    -1.7796   2.717697    3.19771    -0.1225    13.8155 1.5780e+02  -62.06750  -52.87450 1154887266 218.750765    34.8487     143428         15  0.000e+00
    100.156    -1.7662   2.746874    -1.7799   2.717697    3.19765    -0.1445    13.8155 1.5780e+02  -62.06750  -52.87450 1154887266 218.750766    34.8482     143429         15  0.000e+00
    100.233    -1.7664   2.746864    -1.7799   2.717680    3.19771    -0.1114    13.8155 1.5780e+02  -62.06750  -52.87450 1154887266 218.750766    34.8482     143430         15  0.000e+00
    100.233    -1.7664   2.746867    -1.7801   2.717669    3.19770    -0.0454    13.8155 1.5780e+02  -62.06750  -52.87450 1154887266 218.750767    34.8482     143431         15  0.000e+00
    100.128    -1.7661   2.746854    -1.7798   2.717686    3.19764    -0.0564    13.8155 1.5780e+02  -62.06750  -52.87450 1154887266 218.750767    34.8478     143432         15  0.000e+00
    100.233    -1.7661   2.746861    -1.7802   2.717674    3.19768    -0.0454    13.8155 1.5780e+02  -62.06750  -52.87450 1154887266 218.750768    34.8478     143433         15  0.000e+00
    100.233    -1.7665   2.746867    -1.7802   2.717669    3.19771     0.0207    13.8155 1.5780e+02  -62.06750  -52.87450 1154887266 218.750768    34.8484     143434         15  0.000e+00
    100.157    -1.7664   2.746871    -1.7798   2.717709    3.19767    -0.0123    13.8155 1.5780e+02  -62.06750  -52.87450 1154887266 218.750769    34.8484     143435         15  0.000e+00
    100.233    -1.7662   2.746831    -1.7796   2.717680    3.19770    -0.0343    13.8155 1.5585e+02  -62.06750  -52.87450 1154887266 218.750769    34.8475     143436         15  0.000e+00
    100.157    -1.7664   2.746808    -1.7796   2.717669    3.19769    -0.1225    13.8155 1.5585e+02  -62.06750  -52.87450 1154887266 218.750770    34.8474     143437         15  0.000e+00
    100.233    -1.7665   2.746821    -1.7793   2.717686    3.19773    -0.1225    13.8155 1.5585e+02  -62.06750  -52.87450 1154887266 218.750770    34.8478     143438         15  0.000e+00
    100.157    -1.7664   2.746818    -1.7793   2.717732    3.19769    -0.1114    13.8155 1.5585e+02  -62.06750  -52.87450 1154887266 218.750771    34.8476     143439         15  0.000e+00
    100.233    -1.7662   2.746808    -1.7790   2.717726    3.19771    -0.1335    13.8155 1.5585e+02  -62.06750  -52.87450 1154887266 218.750771    34.8472     143440         15  0.000e+00
    100.233    -1.7667   2.746795    -1.7790   2.717738    3.19775    -0.0784    13.8155 1.5585e+02  -62.06750  -52.87450 1154887266 218.750772    34.8476     143441         15  0.000e+00
    100.195    -1.7667   2.746802    -1.7790   2.717767    3.19773    -0.0564    13.8155 1.5390e+02  -62.06750  -52.87450 1154887266 218.750772    34.8477     143442         15  0.000e+00
    100.233    -1.7664   2.746785    -1.7784   2.717813    3.19773    -0.0784    13.8155 1.5390e+02  -62.06750  -52.87450 1154887266 218.750773    34.8471     143443         15  0.000e+00
    100.157    -1.7665   2.746775    -1.7779   2.717847    3.19771    -0.0564    13.8155 1.5585e+02  -62.06750  -52.87450 1154887266 218.750773    34.8472     143444         15  0.000e+00
    100.233    -1.7662   2.746779    -1.7783   2.717813    3.19772     0.0097    13.8155 1.5585e+02  -62.06750  -52.87450 1154887266 218.750774    34.8468     143445         15  0.000e+00
    100.233    -1.7668   2.746766    -1.7783   2.717818    3.19777    -0.0674    13.8155 1.5585e+02  -62.06750  -52.87450 1154887266 218.750774    34.8473     143446         15  0.000e+00
     50.480    -1.7917   2.735370    -1.8008   2.713556    3.13312    -0.1225    13.8155 1.5001e+02  -62.06750  -52.87450 1154887340 218.751626    34.7495     145213         16  0.000e+00
     50.413    -1.7920   2.735350    -1.8011   2.713556    3.13312    -0.2216    13.8155 1.5001e+02  -62.06750  -52.87450 1154887340 218.751627    34.7496     145214         16  0.000e+00
     50.480    -1.7915   2.735363    -1.8013   2.713561    3.12832    -0.1665    13.8155 1.4806e+02  -62.06750  -52.87450 1154887340 218.751627    34.7492     145215         16  0.000e+00
     50.480    -1.7923   2.735370    -1.8011   2.713567    3.12837    -0.0343    13.8155 1.5001e+02  -62.06750  -52.87450 1154887340 218.751628    34.7502     145216         16  0.000e+00
     50.480    -1.7918   2.735337    -1.8013   2.713550    3.12835    -0.0233    13.8155 1.5001e+02  -62.06750  -52.87450 1154887340 218.751628    34.7491     145217         16  0.000e+00
     50.413    -1.7919   2.735344    -1.8011   2.713561    3.12832    -0.0894    13.8155 1.5001e+02  -62.06750  -52.87450 1154887340 218.751629    34.7494     145218         16  0.000e+00
     50.480    -1.7920   2.735347    -1.8013   2.713567    3.12836    -0.1114    13.8155 1.5001e+02  -62.06750  -52.87450 1154887340 218.751629    34.7495     145219         16  0.000e+00
     50.413    -1.7917   2.735331    -1.8008   2.713567    3.13310    -0.0564    13.8155 1.5001e+02  -62.06750  -52.87450 1154887340 218.751630    34.7489     145220         16  0.000e+00
     50.413    -1.7915   2.735340    -1.8010   2.713550    3.13309    -0.1004    13.8155 1.5001e+02  -62.06750  -52.87450 1154887340 218.751630    34.7489     145221         16  0.000e+00
     50.413    -1.7918   2.735331    -1.8013   2.713544    3.13311    -0.0343    13.8155 1.5001e+02  -62.06750  -52.87450 1154887340 218.751630    34.7491     145222         16  0.000e+00
     50.413    -1.7919   2.735327    -1.8007   2.713556    3.13312    -0.0564    13.8155 1.5001e+02  -62.06750  -52.87450 1154887340 218.751631    34.7491     145223         16  0.000e+00
     50.337    -1.7922   2.735308    -1.8007   2.713561    3.12832    -0.1004    13.8155 1.5001e+02  -62.06750  -52.87450 1154887340 218.751631    34.7492     145224         16  0.000e+00
     50.337    -1.7918   2.735304    -1.8011   2.713567    3.13309    -0.1225    13.8155 1.5001e+02  -62.06750  -52.87450 1154887340 218.751632    34.7488     145225         16  0.000e+00
     50.337    -1.7923   2.735321    -1.8010   2.713550    3.13312    -0.1335    13.8155 1.5001e+02  -62.06750  -52.87450 1154887340 218.751632    34.7496     145226         16  0.000e+00
     50.337    -1.7912   2.735308    -1.8007   2.713561    3.13305    -0.1335    13.8155 1.5001e+02  -62.06750  -52.87450 1154887340 218.751633    34.7482     145227         16  0.000e+00
     50.337    -1.7920   2.735304    -1.8005   2.713550    3.13310    -0.1114    13.8155 1.5001e+02  -62.06750  -52.87450 1154887341 218.751633    34.7490     145228         16  0.000e+00
     50.271    -1.7920   2.735304    -1.8011   2.713544    3.13308    -0.1004    13.8155 1.5001e+02  -62.06750  -52.87450 1154887341 218.751634    34.7491     145229         16  0.000e+00
     50.271    -1.7918   2.735288    -1.8004   2.713561    3.13307    -0.1335    13.8155 1.5001e+02  -62.06750  -52.87450 1154887341 218.751634    34.7486     145230         16  0.000e+00
     50.337    -1.7915   2.735282    -1.8010   2.713550    3.13308    -0.1445    13.8155 1.5001e+02  -62.06750  -52.87450 1154887341 218.751635    34.7482     145231         16  0.000e+00
     50.204    -1.7922   2.735298    -1.8008   2.713561    3.12826    -0.1225    13.8155 1.5001e+02  -62.06750  -52.87450 1154887341 218.751635    34.7492     145232         16  0.000e+00
     50.271    -1.7921   2.735285    -1.8011   2.713544    3.12830    -0.0233    13.8155 1.5001e+02  -62.06750  -52.87450 1154887341 218.751636    34.7489     145233         16  0.000e+00
     50.271    -1.7919   2.735281    -1.8007   2.713538    3.13307    -0.0784    13.8155 1.5001e+02  -62.06750  -52.87450 1154887341 218.751636    34.7486     145234         16  0.000e+00
     50.204    -1.7917   2.735265    -1.8007   2.713579    3.12824    -0.1335    13.8155 1.5196e+02  -62.06750  -52.87450 1154887341 218.751637    34.7482     145235         16  0.000e+00
     50.271    -1.7918   2.735275    -1.8005   2.713533    3.12827    -0.0784    13.8155 1.5196e+02  -62.06750  -52.87450 1154887341 218.751637    34.7484     145236         16  0.000e+00
     50.204    -1.7922   2.735265    -1.8014   2.713550    3.12827    -0.0233    13.8155 1.5001e+02  -62.06750  -52.87450 1154887341 218.751638    34.7487     145237         16  0.000e+00
     50.204    -1.7923   2.735226    -1.8007   2.713567    3.12830    -0.1004    13.8155 1.5001e+02  -62.06750  -52.87450 1154887341 218.751638    34.7483     145238         16  0.000e+00
     50.204    -1.7923   2.735249    -1.8013   2.713567    3.13309    -0.1445    13.8155 1.5001e+02  -62.06750  -52.87450 1154887341 218.751639    34.7487     145239         16  0.000e+00
     50.128    -1.7923   2.735242    -1.8013   2.713550    3.12826    -0.1225    13.8155 1.5001e+02  -62.06750  -52.87450 1154887341 218.751639    34.7486     145240         16  0.000e+00
     50.194    -1.7921   2.735219    -1.8007   2.713561    3.12828    -0.1445    13.8155 1.5001e+02  -62.06750  -52.87450 1154887341 218.751640    34.7481     145241         16  0.000e+00
     50.128    -1.7919   2.735232    -1.8008   2.713561    3.12823    -0.1225    13.8155 1.5001e+02  -62.06750  -52.87450 1154887341 218.751640    34.7480     145242         16  0.000e+00
