product_data/regression_test/downloaded_data/MDGS/320620060703/ctd/p6620701.cnv
* Sea-Bird SBE 9 Data File:
* FileName = D:\Data\Raw\p6620701.dat
* Software Version Seasave Win32 V 5.32
* Temperature SN = 1649
* Conductivity SN = 1431
* Number of Bytes Per Scan = 37
* Number of Voltage Words = 5
* Number of Scans Averaged by the Deck Unit = 1
* NMEA Latitude = 64 36.87 S
* NMEA Longitude = 062 51.09 W
* NMEA UTC (Time) = 03:59:03
** Ship:   Nathaniel B. Palmer 
** Cruise:    NBP0606 
# nquan = 15
# nvalues = 535                         
# units = specified
# name 0 = prDM: Pressure, Digiquartz [db]
# name 1 = t090C: Temperature [ITS-90, deg C]
# name 2 = c0S/m: Conductivity [S/m]
# name 3 = t190C: Temperature, 2 [ITS-90, deg C]
# name 4 = c1S/m: Conductivity, 2 [S/m]
# name 5 = sbeox0ML/L: Oxygen, SBE 43 [ml/l]
# name 6 = flECO-AFL: Fluorescence, Wetlab ECO-AFL/FL [mg/m^3]
# name 7 = bat: Beam Attenuation, Chelsea/Seatech/Wetlab CStar [1/m]
# name 8 = spar: SPAR/Surface Irradiance
# name 9 = latitude: Latitude [deg]
# name 10 = longitude: Longitude [deg]
# name 11 = timeY: Time, System [seconds]
# name 12 = timeJ: Julian Days
# name 13 = sal00: Salinity [PSU]
# name 14 = flag: flag
# span 0 =      1.000,    535.000       
# span 1 =    -0.6373,     0.1336       
# span 2 =   2.784823,   2.902700       
# span 3 =    -0.6373,     0.1339       
# span 4 =   2.785279,   2.902948       
# span 5 =    5.86972,    7.02523       
# span 6 =    -0.1218,    -0.0305       
# span 7 =    13.8155,    13.8155       
# span 8 = 0.0000e+00, 0.0000e+00       
# span 9 =  -64.61450,  -64.61450       
# span 10 =  -62.85150,  -62.85150      
# span 11 = 1154145549, 1154146533      
# span 12 = 210.166075, 210.177483      
# span 13 =    34.1226,    34.5286      
# span 14 = 0.0000e+00, 0.0000e+00      
# interval = decibars: 1                
# start_time = Jul 29 2006 03:59:10
# bad_flag = -9.990e-29
*END*
[from data line 482]
    483.000     0.1249   2.900576     0.1251   2.900826    5.89443    -0.0742    13.8155 0.0000e+00  -64.61450  -62.85150 1154146447 210.176482    34.5258 0.0000e+00
    484.000     0.1244   2.900591     0.1245   2.900839    5.89386    -0.0760    13.8155 0.0000e+00  -64.61450  -62.85150 1154146448 210.176497    34.5259 0.0000e+00
    485.000     0.1245   2.900639     0.1245   2.900885    5.89539    -0.0719    13.8155 0.0000e+00  -64.61450  -62.85150 1154146449 210.176512    34.5259 0.0000e+00
    486.000     0.1246   2.900695     0.1246   2.900941    5.89504    -0.0752    13.8155 0.0000e+00  -64.61450  -62.85150 1154146450 210.176526    34.5259 0.0000e+00
    487.000     0.1247   2.900742     0.1248   2.900996    5.89452    -0.0766    13.8155 0.0000e+00  -64.61450  -62.85150 1154146452 210.176541    34.5258 0.0000e+00
    488.000     0.1247   2.900796     0.1248   2.901044    5.89356    -0.0938    13.8155 0.0000e+00  -64.61450  -62.85150 1154146453 210.176555    34.5259 0.0000e+00
    489.000     0.1243   2.900819     0.1245   2.901075    5.89088    -0.0714    13.8155 0.0000e+00  -64.61450  -62.85150 1154146454 210.176569    34.5261 0.0000e+00
    490.000     0.1243   2.900875     0.1245   2.901131    5.89001    -0.0705    13.8155 0.0000e+00  -64.61450  -62.85150 1154146455 210.176584    34.5262 0.0000e+00
    491.000     0.1245   2.900927     0.1246   2.901175    5.88886    -0.0845    13.8155 0.0000e+00  -64.61450  -62.85150 1154146457 210.176598    34.5262 0.0000e+00
    492.000     0.1243   2.900971     0.1244   2.901213    5.88984    -0.0750    13.8155 0.0000e+00  -64.61450  -62.85150 1154146458 210.176613    34.5263 0.0000e+00
    493.000     0.1240   2.900991     0.1243   2.901249    5.89222    -0.0821    13.8155 0.0000e+00  -64.61450  -62.85150 1154146459 210.176628    34.5263 0.0000e+00
    494.000     0.1234   2.901009     0.1237   2.901258    5.89391    -0.0782    13.8155 0.0000e+00  -64.61450  -62.85150 1154146461 210.176643    34.5266 0.0000e+00
    495.000     0.1239   2.901088     0.1241   2.901335    5.89362    -0.0930    13.8155 0.0000e+00  -64.61450  -62.85150 1154146462 210.176657    34.5265 0.0000e+00
    496.000     0.1236   2.901108     0.1236   2.901360    5.89441    -0.0817    13.8155 0.0000e+00  -64.61450  -62.85150 1154146463 210.176672    34.5266 0.0000e+00
    497.000     0.1233   2.901133     0.1234   2.901383    5.89511    -0.0556    13.8155 0.0000e+00  -64.61450  -62.85150 1154146464 210.176687    34.5267 0.0000e+00
    498.000     0.1236   2.901193     0.1236   2.901433    5.89582    -0.0794    13.8155 0.0000e+00  -64.61450  -62.85150 1154146466 210.176701    34.5265 0.0000e+00
    499.000     0.1235   2.901239     0.1237   2.901489    5.89611    -0.0958    13.8155 0.0000e+00  -64.61450  -62.85150 1154146467 210.176715    34.5266 0.0000e+00
    500.000     0.1237   2.901296     0.1238   2.901545    5.89596    -0.0783    13.8155 0.0000e+00  -64.61450  -62.85150 1154146468 210.176730    34.5266 0.0000e+00
    501.000     0.1240   2.901383     0.1242   2.901635    5.89544    -0.0757    13.8155 0.0000e+00  -64.61450  -62.85150 1154146469 210.176746    34.5268 0.0000e+00
    502.000     0.1242   2.901445     0.1243   2.901698    5.89898    -0.0873    13.8155 0.0000e+00  -64.61450  -62.85150 1154146471 210.176761    34.5268 0.0000e+00
    503.000     0.1242   2.901493     0.1244   2.901745    5.89863    -0.0791    13.8155 0.0000e+00  -64.61450  -62.85150 1154146472 210.176775    34.5268 0.0000e+00
    504.000     0.1243   2.901545     0.1244   2.901791    5.89631    -0.0725    13.8155 0.0000e+00  -64.61450  -62.85150 1154146473 210.176790    34.5268 0.0000e+00
    505.000     0.1239   2.901565     0.1240   2.901821    5.89563    -0.0702    13.8155 0.0000e+00  -64.61450  -62.85150 1154146475 210.176806    34.5269 0.0000e+00
    506.000     0.1239   2.901617     0.1240   2.901867    5.89106    -0.0909    13.8155 0.0000e+00  -64.61450  -62.85150 1154146476 210.176821    34.5270 0.0000e+00
    507.000     0.1242   2.901671     0.1243   2.901923    5.88983    -0.1026    13.8155 0.0000e+00  -64.61450  -62.85150 1154146477 210.176837    34.5268 0.0000e+00
    508.000     0.1245   2.901735     0.1245   2.901981    5.89266    -0.0849    13.8155 0.0000e+00  -64.61450  -62.85150 1154146479 210.176855    34.5267 0.0000e+00
    509.000     0.1248   2.901804     0.1250   2.902046    5.89083    -0.0818    13.8155 0.0000e+00  -64.61450  -62.85150 1154146480 210.176873    34.5267 0.0000e+00
    510.000     0.1249   2.901848     0.1250   2.902099    5.89150    -0.0795    13.8155 0.0000e+00  -64.61450  -62.85150 1154146482 210.176891    34.5266 0.0000e+00
    511.000     0.1250   2.901898     0.1250   2.902143    5.89215    -0.0809    13.8155 0.0000e+00  -64.61450  -62.85150 1154146484 210.176910    34.5265 0.0000e+00
    512.000     0.1249   2.901941     0.1250   2.902189    5.89181    -0.0884    13.8155 0.0000e+00  -64.61450  -62.85150 1154146485 210.176931    34.5266 0.0000e+00
    513.000     0.1249   2.901989     0.1250   2.902232    5.88883    -0.0768    13.8155 0.0000e+00  -64.61450  -62.85150 1154146487 210.176953    34.5267 0.0000e+00
    514.000     0.1248   2.902028     0.1249   2.902283    5.88849    -0.0738    13.8155 0.0000e+00  -64.61450  -62.85150 1154146489 210.176977    34.5267 0.0000e+00
    515.000     0.1240   2.902029     0.1240   2.902266    5.89167    -0.0884    13.8155 0.0000e+00  -64.61450  -62.85150 1154146491 210.177000    34.5271 0.0000e+00
    516.000     0.1242   2.902089     0.1243   2.902338    5.88965    -0.0750    13.8155 0.0000e+00  -64.61450  -62.85150 1154146493 210.177022    34.5271 0.0000e+00
    517.000     0.1243   2.902124     0.1246   2.902381    5.89030    -0.0688    13.8155 0.0000e+00  -64.61450  -62.85150 1154146495 210.177044    34.5271 0.0000e+00
    518.000     0.1247   2.902204     0.1248   2.902453    5.89286    -0.0842    13.8155 0.0000e+00  -64.61450  -62.85150 1154146497 210.177066    34.5268 0.0000e+00
    519.000     0.1246   2.902245     0.1245   2.902489    5.89664    -0.0777    13.8155 0.0000e+00  -64.61450  -62.85150 1154146499 210.177088    34.5269 0.0000e+00
    520.000     0.1242   2.902273     0.1244   2.902523    5.89806    -0.0728    13.8155 0.0000e+00  -64.61450  -62.85150 1154146501 210.177111    34.5270 0.0000e+00
    521.000     0.1242   2.902314     0.1241   2.902550    5.89887    -0.0827    13.8155 0.0000e+00  -64.61450  -62.85150 1154146503 210.177133    34.5270 0.0000e+00
    522.000     0.1224   2.902240     0.1223   2.902489    5.89799    -0.0891    13.8155 0.0000e+00  -64.61450  -62.85150 1154146505 210.177155    34.5276 0.0000e+00
    523.000     0.1219   2.902261     0.1219   2.902502    5.89465    -0.0818    13.8155 0.0000e+00  -64.61450  -62.85150 1154146507 210.177179    34.5278 0.0000e+00
    524.000     0.1216   2.902286     0.1214   2.902519    5.89335    -0.0606    13.8155 0.0000e+00  -64.61450  -62.85150 1154146509 210.177202    34.5278 0.0000e+00
    525.000     0.1219   2.902344     0.1219   2.902592    5.89256    -0.0961    13.8155 0.0000e+00  -64.61450  -62.85150 1154146511 210.177224    34.5277 0.0000e+00
    526.000     0.1202   2.902294     0.1203   2.902542    5.89446    -0.0887    13.8155 0.0000e+00  -64.61450  -62.85150 1154146513 210.177247    34.5284 0.0000e+00
    527.000     0.1198   2.902312     0.1200   2.902567    5.89719    -0.0903    13.8155 0.0000e+00  -64.61450  -62.85150 1154146515 210.177269    34.5284 0.0000e+00
    528.000     0.1199   2.902360     0.1199   2.902606    5.89902    -0.0840    13.8155 0.0000e+00  -64.61450  -62.85150 1154146517 210.177292    34.5284 0.0000e+00
    529.000     0.1198   2.902403     0.1200   2.902661    5.89946    -0.1012    13.8155 0.0000e+00  -64.61450  -62.85150 1154146520 210.177314    34.5285 0.0000e+00
    530.000     0.1196   2.902436     0.1195   2.902673    5.89662    -0.0825    13.8155 0.0000e+00  -64.61450  -62.85150 1154146521 210.177337    34.5285 0.0000e+00
    531.000     0.1194   2.902471     0.1196   2.902720    5.89734    -0.0825    13.8155 0.0000e+00  -64.61450  -62.85150 1154146524 210.177360    34.5286 0.0000e+00
    532.000     0.1200   2.902555     0.1201   2.902803    5.89805    -0.0776    13.8155 0.0000e+00  -64.61450  -62.85150 1154146525 210.177382    34.5285 0.0000e+00
    533.000     0.1201   2.902611     0.1203   2.902857    5.89854    -0.0825    13.8155 0.0000e+00  -64.61450  -62.85150 1154146527 210.177405    34.5284 0.0000e+00
    534.000     0.1202   2.902654     0.1203   2.902905    5.89776    -0.0878    13.8155 0.0000e+00  -64.61450  -62.85150 1154146529 210.177429    34.5284 0.0000e+00
    535.000     0.1203   2.902700     0.1204   2.902948    5.89801    -0.0698    13.8155 0.0000e+00  -64.61450  -62.85150 1154146533 210.177483    34.5283 0.0000e+00
