product_data/regression_test/downloaded_data/MDGS/320620060703/ctd/p6624203.ros
* Sea-Bird SBE 9 Data File:
* FileName = D:\Data\Raw\p6624203.dat
* Software Version Seasave Win32 V 5.32
* Temperature SN = 1649
* Conductivity SN = 1431
* Number of Bytes Per Scan = 37
* Number of Voltage Words = 5
* Number of Scans Averaged by the Deck Unit = 1
* NMEA Latitude = 61 58.90 S
* NMEA Longitude = 056 41.04 W
* NMEA UTC (Time) = 02:12:54
** Ship:   Nathaniel B. Palmer 
** Cruise:    NBP0606 
# nquan = 17
# nvalues = 1176                    
# units = specified
# name 0 = prDM: Pressure, Digiquartz [db]
# name 1 = t090C: Temperature [ITS-90, deg C]
# name 2 = c0S/m: Conductivity [S/m]
# name 3 = t190C: Temperature, 2 [ITS-90, deg C]
# name 4 = c1S/m: Conductivity, 2 [S/m]
# name 5 = sbeox0ML/L: Oxygen, SBE 43 [ml/l]
# name 6 = flECO-AFL: Fluorescence, Wetlab ECO-AFL/FL [mg/m^3]
# name 7 = bat: Beam Attenuation, Chelsea/Seatech/Wetlab CStar [1/m]
# name 8 = spar: SPAR/Surface Irradiance
# name 9 = latitude: Latitude [deg]
# name 10 = longitude: Longitude [deg]
# name 11 = timeY: Time, System [seconds]
# name 12 = timeJ: Julian Days
# name 13 = sal00: Salinity [PSU]
# name 14 = scan: scan number
# name 15 = nbf: number of bottles fired
# name 16 = flag:  0.000e+00
# interval = seconds: 0.0416667                   
# start_time = Aug 09 2006 02:14:45
*END*
[from data line 1107]
     10.811    -1.4518   2.720495    -1.4520   2.720629    7.66135     0.0207    13.8155 0.0000e+00  -61.98167  -56.68400 1155092266 221.123477    34.1736      62003         23  0.000e+00
     10.906    -1.4517   2.720511    -1.4518   2.720658    7.66141     0.0538    13.8155 0.0000e+00  -61.98167  -56.68400 1155092267 221.123478    34.1736      62004         23  0.000e+00
     10.811    -1.4520   2.720505    -1.4521   2.720629    7.66136    -0.0343    13.8155 0.0000e+00  -61.98167  -56.68400 1155092267 221.123478    34.1739      62005         23  0.000e+00
     10.887    -1.4517   2.720501    -1.4524   2.720606    7.66140    -0.1114    13.8155 0.0000e+00  -61.98167  -56.68400 1155092267 221.123478    34.1734      62006         23  0.000e+00
     10.840    -1.4518   2.720485    -1.4520   2.720612    7.66139    -0.1114    13.8155 0.0000e+00  -61.98167  -56.68400 1155092267 221.123479    34.1735      62007         23  0.000e+00
     10.811    -1.4522   2.720495    -1.4523   2.720635    7.66614    -0.0013    13.8155 0.0000e+00  -61.98167  -56.68400 1155092267 221.123479    34.1740      62008         23  0.000e+00
     10.840    -1.4520   2.720501    -1.4530   2.720577    7.66139     0.0207    13.8155 0.0000e+00  -61.98167  -56.68400 1155092267 221.123480    34.1738      62009         23  0.000e+00
     10.887    -1.4518   2.720485    -1.4529   2.720542    7.66618    -0.0343    13.8155 0.0000e+00  -61.98167  -56.68400 1155092267 221.123480    34.1734      62010         23  0.000e+00
     10.811    -1.4521   2.720495    -1.4538   2.720479    7.66139    -0.0233    13.8155 0.0000e+00  -61.98167  -56.68400 1155092267 221.123481    34.1739      62011         23  0.000e+00
     10.840    -1.4522   2.720472    -1.4536   2.720462    7.66144     0.0318    13.8155 0.0000e+00  -61.98167  -56.68400 1155092267 221.123481    34.1736      62012         23  0.000e+00
     10.887    -1.4518   2.720472    -1.4540   2.720468    7.66619     0.0979    13.8155 0.0000e+00  -61.98167  -56.68400 1155092267 221.123482    34.1732      62013         23  0.000e+00
     10.840    -1.4525   2.720446    -1.4538   2.720439    7.66151     0.0318    13.8155 0.0000e+00  -61.98167  -56.68400 1155092267 221.123482    34.1736      62014         23  0.000e+00
     10.887    -1.4523   2.720436    -1.4543   2.720433    7.66629     0.0207    13.8155 0.0000e+00  -61.98167  -56.68400 1155092267 221.123483    34.1732      62015         23  0.000e+00
     10.811    -1.4529   2.720400    -1.4541   2.720462    7.66158    -0.0013    13.8155 0.0000e+00  -61.98167  -56.68400 1155092267 221.123483    34.1735      62016         23  0.000e+00
     10.907    -1.4527   2.720407    -1.4544   2.720422    7.66165    -0.0343    13.8155 0.0000e+00  -61.98167  -56.68400 1155092267 221.123484    34.1734      62017         23  0.000e+00
     10.811    -1.4526   2.720397    -1.4541   2.720427    7.66154    -0.0013    13.8155 0.0000e+00  -61.98167  -56.68400 1155092267 221.123484    34.1731      62018         23  0.000e+00
     10.840    -1.4535   2.720390    -1.4543   2.720404    7.66172    -0.0564    13.8155 0.0000e+00  -61.98167  -56.68400 1155092267 221.123485    34.1741      62019         23  0.000e+00
     10.887    -1.4534   2.720371    -1.4544   2.720381    7.66176    -0.1225    13.8155 0.0000e+00  -61.98167  -56.68400 1155092267 221.123485    34.1736      62020         23  0.000e+00
     10.887    -1.4534   2.720354    -1.4544   2.720416    7.66177    -0.0784    13.8155 0.0000e+00  -61.98167  -56.68400 1155092267 221.123486    34.1733      62021         23  0.000e+00
     10.840    -1.4534   2.720381    -1.4541   2.720468    7.66170    -0.0343    13.8155 0.0000e+00  -61.98167  -56.68400 1155092267 221.123486    34.1738      62022         23  0.000e+00
     10.773    -1.4531   2.720443    -1.4532   2.720514    7.66153     0.0097    13.8155 0.0000e+00  -61.98167  -56.68400 1155092268 221.123492    34.1743      62034         24  0.000e+00
     10.954    -1.4529   2.720449    -1.4536   2.720531    7.66170    -0.0013    13.8155 0.0000e+00  -61.98167  -56.68400 1155092268 221.123492    34.1741      62035         24  0.000e+00
     10.773    -1.4523   2.720459    -1.4533   2.720508    7.66141     0.0648    13.8155 0.0000e+00  -61.98167  -56.68400 1155092268 221.123493    34.1737      62036         24  0.000e+00
     10.887    -1.4527   2.720456    -1.4538   2.720485    7.66160     0.0428    13.8155 0.0000e+00  -61.98167  -56.68400 1155092268 221.123493    34.1740      62037         24  0.000e+00
     10.811    -1.4528   2.720439    -1.4544   2.720445    7.66153    -0.0123    13.8155 0.0000e+00  -61.98167  -56.68400 1155092268 221.123494    34.1739      62038         24  0.000e+00
     10.907    -1.4523   2.720469    -1.4541   2.720422    7.66154     0.0207    13.8155 0.0000e+00  -61.98167  -56.68400 1155092268 221.123494    34.1737      62039         24  0.000e+00
     10.811    -1.4525   2.720446    -1.4540   2.720450    7.66148     0.0868    13.8155 0.0000e+00  -61.98167  -56.68400 1155092268 221.123495    34.1736      62040         24  0.000e+00
     10.907    -1.4528   2.720436    -1.4549   2.720381    7.66164     0.0538    13.8155 0.0000e+00  -61.98167  -56.68400 1155092268 221.123495    34.1738      62041         24  0.000e+00
     10.811    -1.4524   2.720436    -1.4553   2.720364    7.66148     0.0979    13.8155 0.0000e+00  -61.98167  -56.68400 1155092268 221.123496    34.1735      62042         24  0.000e+00
     10.888    -1.4522   2.720449    -1.4552   2.720358    7.66151     0.0758    13.8155 0.0000e+00  -61.98167  -56.68400 1155092268 221.123496    34.1733      62043         24  0.000e+00
     10.840    -1.4531   2.720459    -1.4552   2.720335    7.66159     0.0097    13.8155 0.0000e+00  -61.98167  -56.68400 1155092268 221.123497    34.1745      62044         24  0.000e+00
     10.888    -1.4525   2.720443    -1.4550   2.720404    7.66156    -0.0343    13.8155 0.0000e+00  -61.98167  -56.68400 1155092268 221.123497    34.1735      62045         24  0.000e+00
     10.840    -1.4526   2.720436    -1.4546   2.720422    7.66154    -0.0784    13.8155 0.0000e+00  -61.98167  -56.68400 1155092268 221.123498    34.1736      62046         24  0.000e+00
     10.888    -1.4523   2.720469    -1.4541   2.720410    7.66152    -0.1004    13.8155 0.0000e+00  -61.98167  -56.68400 1155092268 221.123498    34.1737      62047         24  0.000e+00
     10.811    -1.4526   2.720446    -1.4544   2.720410    7.66150     0.0097    13.8155 0.0000e+00  -61.98167  -56.68400 1155092268 221.123499    34.1738      62048         24  0.000e+00
     10.907    -1.4525   2.720417    -1.4541   2.720439    7.66160    -0.0123    13.8155 0.0000e+00  -61.98167  -56.68400 1155092268 221.123499    34.1732      62049         24  0.000e+00
     10.811    -1.4524   2.720413    -1.4543   2.720433    7.66150     0.0207    13.8155 0.0000e+00  -61.98167  -56.68400 1155092268 221.123500    34.1731      62050         24  0.000e+00
     10.907    -1.4528   2.720397    -1.4543   2.720433    7.66167    -0.0123    13.8155 0.0000e+00  -61.98167  -56.68400 1155092269 221.123500    34.1733      62051         24  0.000e+00
     10.811    -1.4529   2.720390    -1.4541   2.720445    7.66159    -0.0784    13.8155 0.0000e+00  -61.98167  -56.68400 1155092269 221.123501    34.1734      62052         24  0.000e+00
     10.888    -1.4535   2.720328    -1.4536   2.720416    7.66656    -0.0343    13.8155 0.0000e+00  -61.98167  -56.68400 1155092269 221.123501    34.1732      62053         24  0.000e+00
     10.840    -1.4532   2.720351    -1.4543   2.720427    7.66644     0.0097    13.8155 0.0000e+00  -61.98167  -56.68400 1155092269 221.123502    34.1732      62054         24  0.000e+00
     10.888    -1.4540   2.720335    -1.4541   2.720433    7.66188     0.0428    13.8155 0.0000e+00  -61.98167  -56.68400 1155092269 221.123502    34.1738      62055         24  0.000e+00
     10.840    -1.4541   2.720325    -1.4544   2.720422    7.66186     0.0318    13.8155 0.0000e+00  -61.98167  -56.68400 1155092269 221.123503    34.1739      62056         24  0.000e+00
     10.888    -1.4540   2.720341    -1.4538   2.720427    7.66188     0.0868    13.8155 0.0000e+00  -61.98167  -56.68400 1155092269 221.123503    34.1739      62057         24  0.000e+00
     10.811    -1.4537   2.720348    -1.4540   2.720433    7.66649     0.0318    13.8155 0.0000e+00  -61.98167  -56.68400 1155092269 221.123504    34.1737      62058         24  0.000e+00
     10.840    -1.4534   2.720318    -1.4540   2.720422    7.66175    -0.0894    13.8155 0.0000e+00  -61.98167  -56.68400 1155092269 221.123504    34.1729      62059         24  0.000e+00
     10.888    -1.4543   2.720289    -1.4544   2.720410    7.66196    -0.0784    13.8155 0.0000e+00  -61.98167  -56.68400 1155092269 221.123505    34.1735      62060         24  0.000e+00
     10.840    -1.4548   2.720230    -1.4541   2.720445    7.66677     0.0097    13.8155 0.0000e+00  -61.98167  -56.68400 1155092269 221.123505    34.1733      62061         24  0.000e+00
     10.888    -1.4552   2.720201    -1.4544   2.720410    7.67166     0.0428    13.8155 0.0000e+00  -61.98167  -56.68400 1155092269 221.123505    34.1734      62062         24  0.000e+00
     10.888    -1.4551   2.720227    -1.4543   2.720422    7.67162     0.0428    13.8155 0.0000e+00  -61.98167  -56.68400 1155092269 221.123506    34.1736      62063         24  0.000e+00
     10.840    -1.4552   2.720204    -1.4541   2.720416    7.67161     0.0097    13.8155 0.0000e+00  -61.98167  -56.68400 1155092269 221.123506    34.1734      62064         24  0.000e+00
     10.888    -1.4540   2.720263    -1.4543   2.720387    7.66193     0.0207    13.8155 0.0000e+00  -61.98167  -56.68400 1155092269 221.123507    34.1728      62065         24  0.000e+00
     10.840    -1.4544   2.720296    -1.4544   2.720393    7.67142     0.0648    13.8155 0.0000e+00  -61.98167  -56.68400 1155092269 221.123507    34.1738      62066         24  0.000e+00
     10.811    -1.4541   2.720253    -1.4544   2.720381    7.66663     0.0097    13.8155 0.0000e+00  -61.98167  -56.68400 1155092269 221.123508    34.1729      62067         24  0.000e+00
     10.907    -1.4541   2.720289    -1.4550   2.720381    7.66196    -0.0013    13.8155 0.0000e+00  -61.98167  -56.68400 1155092269 221.123508    34.1733      62068         24  0.000e+00
     10.811    -1.4541   2.720289    -1.4544   2.720370    7.66186    -0.0343    13.8155 0.0000e+00  -61.98167  -56.68400 1155092269 221.123509    34.1734      62069         24  0.000e+00
     10.888    -1.4535   2.720296    -1.4546   2.720399    7.66658    -0.0454    13.8155 0.0000e+00  -61.98167  -56.68400 1155092269 221.123509    34.1727      62070         24  0.000e+00
     10.840    -1.4537   2.720289    -1.4543   2.720410    7.66181     0.0207    13.8155 0.0000e+00  -61.98167  -56.68400 1155092269 221.123510    34.1728      62071         24  0.000e+00
     10.888    -1.4535   2.720296    -1.4540   2.720439    7.66658    -0.0233    13.8155 0.0000e+00  -61.98167  -56.68400 1155092269 221.123510    34.1727      62072         24  0.000e+00
     10.840    -1.4541   2.720286    -1.4540   2.720456    7.66189    -0.0233    13.8155 0.0000e+00  -61.98167  -56.68400 1155092269 221.123511    34.1733      62073         24  0.000e+00
     10.888    -1.4546   2.720253    -1.4540   2.720479    7.66678    -0.0233    13.8155 0.0000e+00  -61.98167  -56.68400 1155092269 221.123511    34.1734      62074         24  0.000e+00
     10.811    -1.4541   2.720253    -1.4540   2.720485    7.66188    -0.0123    13.8155 0.0000e+00  -61.98167  -56.68400 1155092269 221.123512    34.1729      62075         24  0.000e+00
     10.907    -1.4543   2.720260    -1.4541   2.720519    7.66200     0.0097    13.8155 0.0000e+00  -61.98167  -56.68400 1155092270 221.123512    34.1731      62076         24  0.000e+00
     10.811    -1.4535   2.720309    -1.4529   2.720514    7.66175    -0.0564    13.8155 0.0000e+00  -61.98167  -56.68400 1155092270 221.123513    34.1730      62077         24  0.000e+00
     10.907    -1.4535   2.720374    -1.4529   2.720548    7.66180    -0.0343    13.8155 0.0000e+00  -61.98167  -56.68400 1155092270 221.123513    34.1738      62078         24  0.000e+00
     10.811    -1.4532   2.720371    -1.4527   2.720577    7.67115     0.0648    13.8155 0.0000e+00  -61.98167  -56.68400 1155092270 221.123514    34.1735      62079         24  0.000e+00
     10.888    -1.4535   2.720371    -1.4526   2.720589    7.67128     0.0097    13.8155 0.0000e+00  -61.98167  -56.68400 1155092270 221.123514    34.1738      62080         24  0.000e+00
     10.840    -1.4535   2.720367    -1.4521   2.720612    7.67123     0.0318    13.8155 0.0000e+00  -61.98167  -56.68400 1155092270 221.123515    34.1738      62081         24  0.000e+00
     10.888    -1.4532   2.720368    -1.4518   2.720606    7.66648    -0.0233    13.8155 0.0000e+00  -61.98167  -56.68400 1155092270 221.123515    34.1734      62082         24  0.000e+00
