product_data/regression_test/downloaded_data/MDGS/320620060703/ctd/p6621001.ros
* Sea-Bird SBE 9 Data File:
* FileName = D:\Data\Raw\p6621001.dat
* Software Version Seasave Win32 V 5.32
* Temperature SN = 1649
* Conductivity SN = 1431
* Number of Bytes Per Scan = 37
* Number of Voltage Words = 5
* Number of Scans Averaged by the Deck Unit = 1
* NMEA Latitude = 64 31.11 S
* NMEA Longitude = 062 44.33 W
* NMEA UTC (Time) = 02:56:57
** Ship:   Nathaniel B. Palmer 
** Cruise:    NBP0606 
# nquan = 17
# nvalues = 1176                    
# units = specified
# name 0 = prDM: Pressure, Digiquartz [db]
# name 1 = t090C: Temperature [ITS-90, deg C]
# name 2 = c0S/m: Conductivity [S/m]
# name 3 = t190C: Temperature, 2 [ITS-90, deg C]
# name 4 = c1S/m: Conductivity, 2 [S/m]
# name 5 = sbeox0ML/L: Oxygen, SBE 43 [ml/l]
# name 6 = flECO-AFL: Fluorescence, Wetlab ECO-AFL/FL [mg/m^3]
# name 7 = bat: Beam Attenuation, Chelsea/Seatech/Wetlab CStar [1/m]
# name 8 = spar: SPAR/Surface Irradiance
# name 9 = latitude: Latitude [deg]
# name 10 = longitude: Longitude [deg]
# name 11 = timeY: Time, System [seconds]
# name 12 = timeJ: Julian Days
# name 13 = sal00: Salinity [PSU]
# name 14 = scan: scan number
# name 15 = nbf: number of bottles fired
# name 16 = flag:  0.000e+00
# interval = seconds: 0.0416667                   
# start_time = Jul 31 2006 02:57:05
*END*
[from data line 596]
     75.704    -0.6187   2.794026    -0.6181   2.794290    6.96871    -0.0454    13.8155 0.0000e+00  -64.51850  -62.73883 1154315489 212.132998    34.1887      20786         13  0.000e+00
     75.723    -0.6183   2.794043    -0.6180   2.794301    6.96865    -0.0674    13.8155 0.0000e+00  -64.51850  -62.73883 1154315489 212.132999    34.1883      20787         13  0.000e+00
     75.704    -0.6184   2.794036    -0.6178   2.794290    6.96866    -0.0123    13.8155 0.0000e+00  -64.51850  -62.73883 1154315489 212.132999    34.1884      20788         13  0.000e+00
     75.723    -0.6180   2.794050    -0.6183   2.794301    6.96861    -0.0013    13.8155 0.0000e+00  -64.51850  -62.73883 1154315489 212.133000    34.1882      20789         13  0.000e+00
     75.723    -0.6184   2.794036    -0.6183   2.794342    6.97336    -0.0013    13.8155 0.0000e+00  -64.51850  -62.73883 1154315490 212.133000    34.1884      20790         13  0.000e+00
     75.704    -0.6179   2.794083    -0.6183   2.794324    6.97325    -0.0013    13.8155 0.0000e+00  -64.51850  -62.73883 1154315490 212.133001    34.1885      20791         13  0.000e+00
     75.723    -0.6179   2.794033    -0.6180   2.794307    6.97330    -0.1225    13.8155 0.0000e+00  -64.51850  -62.73883 1154315490 212.133001    34.1879      20792         13  0.000e+00
     75.637    -0.6185   2.794026    -0.6178   2.794307    6.97330    -0.0123    13.8155 0.0000e+00  -64.51850  -62.73883 1154315490 212.133002    34.1884      20793         13  0.000e+00
     75.723    -0.6185   2.794033    -0.6181   2.794330    6.96870     0.0318    13.8155 0.0000e+00  -64.51850  -62.73883 1154315490 212.133002    34.1885      20794         13  0.000e+00
     75.638    -0.6184   2.794000    -0.6178   2.794336    6.96861     0.0538    13.8155 0.0000e+00  -64.51850  -62.73883 1154315490 212.133003    34.1880      20795         13  0.000e+00
     75.723    -0.6185   2.793954    -0.6183   2.794319    6.96875     0.0097    13.8155 0.0000e+00  -64.51850  -62.73883 1154315490 212.133003    34.1875      20796         13  0.000e+00
     75.638    -0.6185   2.793960    -0.6181   2.794307    6.97335    -0.0343    13.8155 0.0000e+00  -64.51850  -62.73883 1154315490 212.133003    34.1876      20797         13  0.000e+00
     75.657    -0.6185   2.793931    -0.6177   2.794324    6.97338     0.1089    13.8155 0.0000e+00  -64.51850  -62.73883 1154315490 212.133004    34.1871      20798         13  0.000e+00
     75.704    -0.6183   2.793954    -0.6179   2.794301    6.97338     0.1860    13.8155 0.0000e+00  -64.51850  -62.73883 1154315490 212.133004    34.1872      20799         13  0.000e+00
     75.657    -0.6187   2.793997    -0.6180   2.794324    6.97337    -0.0123    13.8155 0.0000e+00  -64.51850  -62.73883 1154315490 212.133005    34.1883      20800         13  0.000e+00
     75.561    -0.6183   2.794026    -0.6184   2.794313    6.97319    -0.0674    13.8155 0.0000e+00  -64.51850  -62.73883 1154315490 212.133005    34.1882      20801         13  0.000e+00
     75.657    -0.6183   2.794033    -0.6181   2.794272    6.96860     0.0207    13.8155 0.0000e+00  -64.51850  -62.73883 1154315490 212.133006    34.1884      20802         13  0.000e+00
     75.638    -0.6183   2.794050    -0.6186   2.794272    6.96856    -0.0123    13.8155 0.0000e+00  -64.51850  -62.73883 1154315490 212.133006    34.1885      20803         13  0.000e+00
     75.514    -0.6183   2.794073    -0.6180   2.794284    6.97312     0.0097    13.8155 0.0000e+00  -64.51850  -62.73883 1154315490 212.133007    34.1889      20804         13  0.000e+00
     75.704    -0.6179   2.794079    -0.6180   2.794301    6.97325     0.0318    13.8155 0.0000e+00  -64.51850  -62.73883 1154315490 212.133007    34.1885      20805         13  0.000e+00
     75.580    -0.6179   2.794059    -0.6183   2.794284    6.97315    -0.0233    13.8155 0.0000e+00  -64.51850  -62.73883 1154315490 212.133008    34.1883      20806         13  0.000e+00
     75.638    -0.6182   2.794020    -0.6178   2.794266    6.97326    -0.0454    13.8155 0.0000e+00  -64.51850  -62.73883 1154315490 212.133008    34.1880      20807         13  0.000e+00
     75.580    -0.6183   2.794010    -0.6180   2.794295    6.97322     0.0097    13.8155 0.0000e+00  -64.51850  -62.73883 1154315490 212.133009    34.1880      20808         13  0.000e+00
     75.561    -0.6184   2.794026    -0.6175   2.794307    6.97321    -0.1004    13.8155 0.0000e+00  -64.51850  -62.73883 1154315490 212.133009    34.1884      20809         13  0.000e+00
     75.580    -0.6187   2.794013    -0.6178   2.794313    6.96860    -0.0454    13.8155 0.0000e+00  -64.51850  -62.73883 1154315490 212.133010    34.1886      20810         13  0.000e+00
     75.561    -0.6185   2.794010    -0.6183   2.794330    6.96855    -0.0564    13.8155 0.0000e+00  -64.51850  -62.73883 1154315490 212.133010    34.1883      20811         13  0.000e+00
     75.581    -0.6187   2.794043    -0.6177   2.794319    6.97326    -0.0343    13.8155 0.0000e+00  -64.51850  -62.73883 1154315490 212.133011    34.1889      20812         13  0.000e+00
     75.581    -0.6185   2.794036    -0.6180   2.794266    6.97324     0.0097    13.8155 0.0000e+00  -64.51850  -62.73883 1154315490 212.133011    34.1887      20813         13  0.000e+00
     75.561    -0.6184   2.794033    -0.6181   2.794231    6.97321    -0.0123    13.8155 0.0000e+00  -64.51850  -62.73883 1154315491 212.133012    34.1885      20814         13  0.000e+00
     75.581    -0.6183   2.794033    -0.6184   2.794231    6.97321    -0.0233    13.8155 0.0000e+00  -64.51850  -62.73883 1154315491 212.133012    34.1883      20815         13  0.000e+00
     75.561    -0.6187   2.794000    -0.6189   2.794208    6.97327    -0.0343    13.8155 0.0000e+00  -64.51850  -62.73883 1154315491 212.133013    34.1883      20816         13  0.000e+00
     75.514    -0.6183   2.794003    -0.6186   2.794226    6.97316    -0.0674    13.8155 0.0000e+00  -64.51850  -62.73883 1154315491 212.133013    34.1879      20817         13  0.000e+00
     75.561    -0.6184   2.794010    -0.6183   2.794226    6.96853    -0.0674    13.8155 0.0000e+00  -64.51850  -62.73883 1154315491 212.133014    34.1882      20818         13  0.000e+00
     75.514    -0.6184   2.794010    -0.6187   2.794243    6.97318    -0.0784    13.8155 0.0000e+00  -64.51850  -62.73883 1154315491 212.133014    34.1882      20819         13  0.000e+00
     75.562    -0.6184   2.793993    -0.6189   2.794220    6.97323    -0.0454    13.8155 0.0000e+00  -64.51850  -62.73883 1154315491 212.133015    34.1879      20820         13  0.000e+00
     75.514    -0.6183   2.793990    -0.6183   2.794202    6.97318    -0.0123    13.8155 0.0000e+00  -64.51850  -62.73883 1154315491 212.133015    34.1879      20821         13  0.000e+00
     75.495    -0.6184   2.793970    -0.6186   2.794237    6.97318    -0.0343    13.8155 0.0000e+00  -64.51850  -62.73883 1154315491 212.133016    34.1877      20822         13  0.000e+00
     75.514    -0.6184   2.793967    -0.6185   2.794260    6.97320    -0.0013    13.8155 0.0000e+00  -64.51850  -62.73883 1154315491 212.133016    34.1876      20823         13  0.000e+00
     75.495    -0.6184   2.793947    -0.6186   2.794255    6.97320    -0.0454    13.8155 0.0000e+00  -64.51850  -62.73883 1154315491 212.133016    34.1874      20824         13  0.000e+00
     75.514    -0.6185   2.793944    -0.6184   2.794260    6.97323    -0.0784    13.8155 0.0000e+00  -64.51850  -62.73883 1154315491 212.133017    34.1874      20825         13  0.000e+00
     75.495    -0.6190   2.793944    -0.6180   2.794295    6.97329    -0.0564    13.8155 0.0000e+00  -64.51850  -62.73883 1154315491 212.133017    34.1880      20826         13  0.000e+00
     75.514    -0.6187   2.793921    -0.6181   2.794231    6.97328    -0.0233    13.8155 0.0000e+00  -64.51850  -62.73883 1154315493 212.133042    34.1873      20876         14  0.000e+00
     75.429    -0.6190   2.793937    -0.6183   2.794208    6.97323     0.0097    13.8155 0.0000e+00  -64.51850  -62.73883 1154315493 212.133042    34.1880      20877         14  0.000e+00
     75.448    -0.6183   2.793960    -0.6181   2.794237    6.97312    -0.1114    13.8155 0.0000e+00  -64.51850  -62.73883 1154315493 212.133043    34.1874      20878         14  0.000e+00
     75.429    -0.6183   2.793967    -0.6184   2.794220    6.97310    -0.1004    13.8155 0.0000e+00  -64.51850  -62.73883 1154315493 212.133043    34.1875      20879         14  0.000e+00
     75.371    -0.6183   2.793997    -0.6183   2.794220    6.97304    -0.0123    13.8155 0.0000e+00  -64.51850  -62.73883 1154315493 212.133043    34.1880      20880         14  0.000e+00
     75.562    -0.6185   2.793960    -0.6184   2.794214    6.97328    -0.0343    13.8155 0.0000e+00  -64.51850  -62.73883 1154315493 212.133044    34.1877      20881         14  0.000e+00
     75.448    -0.6184   2.793960    -0.6184   2.794220    6.97314    -0.0674    13.8155 0.0000e+00  -64.51850  -62.73883 1154315493 212.133044    34.1876      20882         14  0.000e+00
     75.429    -0.6185   2.793930    -0.6183   2.794226    6.97317    -0.1004    13.8155 0.0000e+00  -64.51850  -62.73883 1154315493 212.133045    34.1873      20883         14  0.000e+00
     75.515    -0.6183   2.793937    -0.6184   2.794231    6.97322    -0.0894    13.8155 0.0000e+00  -64.51850  -62.73883 1154315493 212.133045    34.1871      20884         14  0.000e+00
     75.429    -0.6183   2.793960    -0.6180   2.794249    6.97311     0.0097    13.8155 0.0000e+00  -64.51850  -62.73883 1154315493 212.133046    34.1874      20885         14  0.000e+00
     75.515    -0.6183   2.793983    -0.6184   2.794260    6.97317     0.0428    13.8155 0.0000e+00  -64.51850  -62.73883 1154315494 212.133046    34.1877      20886         14  0.000e+00
     75.495    -0.6185   2.793970    -0.6180   2.794255    6.97321     0.0538    13.8155 0.0000e+00  -64.51850  -62.73883 1154315494 212.133047    34.1878      20887         14  0.000e+00
     75.448    -0.6183   2.793997    -0.6181   2.794272    6.97310     0.0097    13.8155 0.0000e+00  -64.51850  -62.73883 1154315494 212.133047    34.1879      20888         14  0.000e+00
     75.495    -0.6182   2.793993    -0.6183   2.794243    6.97314     0.0207    13.8155 0.0000e+00  -64.51850  -62.73883 1154315494 212.133048    34.1878      20889         14  0.000e+00
     75.448    -0.6183   2.793954    -0.6184   2.794226    6.97313    -0.0233    13.8155 0.0000e+00  -64.51850  -62.73883 1154315494 212.133048    34.1873      20890         14  0.000e+00
     75.496    -0.6183   2.793960    -0.6184   2.794226    6.97317    -0.1114    13.8155 0.0000e+00  -64.51850  -62.73883 1154315494 212.133049    34.1874      20891         14  0.000e+00
     75.448    -0.6183   2.793967    -0.6179   2.794255    6.97312    -0.0454    13.8155 0.0000e+00  -64.51850  -62.73883 1154315494 212.133049    34.1875      20892         14  0.000e+00
     75.496    -0.6187   2.793983    -0.6181   2.794214    6.97322    -0.0123    13.8155 0.0000e+00  -64.51850  -62.73883 1154315494 212.133050    34.1882      20893         14  0.000e+00
     75.448    -0.6183   2.793990    -0.6183   2.794249    6.97312    -0.0894    13.8155 0.0000e+00  -64.51850  -62.73883 1154315494 212.133050    34.1879      20894         14  0.000e+00
     75.448    -0.6179   2.793990    -0.6177   2.794272    6.97306    -0.0564    13.8155 0.0000e+00  -64.51850  -62.73883 1154315494 212.133051    34.1874      20895         14  0.000e+00
     75.496    -0.6183   2.794003    -0.6181   2.794295    6.97314    -0.0343    13.8155 0.0000e+00  -64.51850  -62.73883 1154315494 212.133051    34.1880      20896         14  0.000e+00
     75.448    -0.6183   2.793977    -0.6184   2.794255    6.97311    -0.0674    13.8155 0.0000e+00  -64.51850  -62.73883 1154315494 212.133052    34.1876      20897         14  0.000e+00
     75.429    -0.6180   2.793987    -0.6177   2.794266    6.97306    -0.0894    13.8155 0.0000e+00  -64.51850  -62.73883 1154315494 212.133052    34.1875      20898         14  0.000e+00
     75.448    -0.6185   2.793990    -0.6181   2.794278    6.97315    -0.0784    13.8155 0.0000e+00  -64.51850  -62.73883 1154315494 212.133053    34.1881      20899         14  0.000e+00
     75.429    -0.6181   2.794003    -0.6181   2.794307    6.97305     0.0207    13.8155 0.0000e+00  -64.51850  -62.73883 1154315494 212.133053    34.1878      20900         14  0.000e+00
     75.515    -0.6181   2.794010    -0.6180   2.794284    6.97313     0.0538    13.8155 0.0000e+00  -64.51850  -62.73883 1154315494 212.133054    34.1878      20901         14  0.000e+00
     75.429    -0.6181   2.794010    -0.6184   2.794266    6.97774     0.1089    13.8155 0.0000e+00  -64.51850  -62.73883 1154315494 212.133054    34.1879      20902         14  0.000e+00
     75.448    -0.6182   2.794010    -0.6180   2.794272    6.97308     0.0207    13.8155 0.0000e+00  -64.51850  -62.73883 1154315494 212.133055    34.1880      20903         14  0.000e+00
     75.429    -0.6181   2.794043    -0.6181   2.794295    6.97772    -0.0123    13.8155 0.0000e+00  -64.51850  -62.73883 1154315494 212.133055    34.1883      20904         14  0.000e+00
     75.515    -0.6181   2.794073    -0.6177   2.794290    6.97309     0.0207    13.8155 0.0000e+00  -64.51850  -62.73883 1154315494 212.133056    34.1887      20905         14  0.000e+00
     75.429    -0.6178   2.794059    -0.6175   2.794301    6.97297    -0.0233    13.8155 0.0000e+00  -64.51850  -62.73883 1154315494 212.133056    34.1882      20906         14  0.000e+00
     75.448    -0.6177   2.794073    -0.6180   2.794284    6.97298    -0.0674    13.8155 0.0000e+00  -64.51850  -62.73883 1154315494 212.133057    34.1883      20907         14  0.000e+00
     75.496    -0.6176   2.794096    -0.6180   2.794307    6.97300     0.0097    13.8155 0.0000e+00  -64.51850  -62.73883 1154315494 212.133057    34.1885      20908         14  0.000e+00
     75.515    -0.6176   2.794132    -0.6177   2.794330    6.97299     0.0318    13.8155 0.0000e+00  -64.51850  -62.73883 1154315494 212.133057    34.1890      20909         14  0.000e+00
     75.429    -0.6175   2.794096    -0.6181   2.794301    6.97291    -0.0013    13.8155 0.0000e+00  -64.51850  -62.73883 1154315495 212.133058    34.1883      20910         14  0.000e+00
     75.448    -0.6175   2.794079    -0.6180   2.794301    6.97294    -0.0454    13.8155 0.0000e+00  -64.51850  -62.73883 1154315495 212.133058    34.1881      20911         14  0.000e+00
     75.496    -0.6176   2.794109    -0.6180   2.794307    6.97298    -0.0674    13.8155 0.0000e+00  -64.51850  -62.73883 1154315495 212.133059    34.1886      20912         14  0.000e+00
     75.515    -0.6176   2.794122    -0.6181   2.794313    6.97769     0.0097    13.8155 0.0000e+00  -64.51850  -62.73883 1154315495 212.133059    34.1888      20913         14  0.000e+00
     75.448    -0.6176   2.794122    -0.6178   2.794284    6.97762    -0.0013    13.8155 0.0000e+00  -64.51850  -62.73883 1154315495 212.133060    34.1889      20914         14  0.000e+00
     75.429    -0.6179   2.794122    -0.6180   2.794307    6.97296    -0.0454    13.8155 0.0000e+00  -64.51850  -62.73883 1154315495 212.133060    34.1892      20915         14  0.000e+00
     75.515    -0.6177   2.794106    -0.6183   2.794307    6.97302    -0.1114    13.8155 0.0000e+00  -64.51850  -62.73883 1154315495 212.133061    34.1887      20916         14  0.000e+00
     75.429    -0.6173   2.794083    -0.6180   2.794324    6.97758    -0.1335    13.8155 0.0000e+00  -64.51850  -62.73883 1154315495 212.133061    34.1880      20917         14  0.000e+00
     75.448    -0.6179   2.794096    -0.6180   2.794301    6.97768    -0.0674    13.8155 0.0000e+00  -64.51850  -62.73883 1154315495 212.133062    34.1889      20918         14  0.000e+00
