product_data/regression_test/downloaded_data/MDGS/320620060703/ctd/p6623401.ros
* Sea-Bird SBE 9 Data File:
* FileName = D:\Data\Raw\p6623401.dat
* Software Version Seasave Win32 V 5.32
* Temperature SN = 1649
* Conductivity SN = 1431
* Number of Bytes Per Scan = 37
* Number of Voltage Words = 5
* Number of Scans Averaged by the Deck Unit = 1
* NMEA Latitude = 61 50.28 S
* NMEA Longitude = 053 16.58 W
* NMEA UTC (Time) = 13:14:47
** Ship:   Nathaniel B. Palmer 
** Cruise:    NBP0606 
# nquan = 17
# nvalues = 1176                    
# units = specified
# name 0 = prDM: Pressure, Digiquartz [db]
# name 1 = t090C: Temperature [ITS-90, deg C]
# name 2 = c0S/m: Conductivity [S/m]
# name 3 = t190C: Temperature, 2 [ITS-90, deg C]
# name 4 = c1S/m: Conductivity, 2 [S/m]
# name 5 = sbeox0ML/L: Oxygen, SBE 43 [ml/l]
# name 6 = flECO-AFL: Fluorescence, Wetlab ECO-AFL/FL [mg/m^3]
# name 7 = bat: Beam Attenuation, Chelsea/Seatech/Wetlab CStar [1/m]
# name 8 = spar: SPAR/Surface Irradiance
# name 9 = latitude: Latitude [deg]
# name 10 = longitude: Longitude [deg]
# name 11 = timeY: Time, System [seconds]
# name 12 = timeJ: Julian Days
# name 13 = sal00: Salinity [PSU]
# name 14 = scan: scan number
# name 15 = nbf: number of bottles fired
# name 16 = flag:  0.000e+00
# interval = seconds: 0.0416667                   
# start_time = Aug 07 2006 13:16:19
*END*
    489.535    -0.6559   2.836225    -0.6594   2.835808    6.32892    -0.0894    13.8155 8.2407e+02  -61.83800  -53.27633 1154957399 219.562510    34.5467      19725          1  0.000e+00
    489.429    -0.6557   2.836242    -0.6591   2.835820    6.32880    -0.0894    13.8155 8.2407e+02  -61.83800  -53.27633 1154957399 219.562510    34.5468      19726          1  0.000e+00
    489.611    -0.6551   2.836248    -0.6599   2.835814    6.32887    -0.0674    13.8155 8.2407e+02  -61.83800  -53.27633 1154957399 219.562511    34.5461      19727          1  0.000e+00
    489.362    -0.6556   2.836248    -0.6602   2.835756    6.32871    -0.0564    13.8155 8.2407e+02  -61.83800  -53.27633 1154957399 219.562511    34.5467      19728          1  0.000e+00
    489.611    -0.6553   2.836228    -0.6599   2.835756    6.32891    -0.0564    13.8155 8.2407e+02  -61.83800  -53.27633 1154957399 219.562512    34.5460      19729          1  0.000e+00
    489.573    -0.6553   2.836258    -0.6597   2.835762    6.32885    -0.0784    13.8155 8.2407e+02  -61.83800  -53.27633 1154957399 219.562512    34.5464      19730          1  0.000e+00
    489.467    -0.6542   2.836272    -0.6599   2.835779    6.32861    -0.1665    13.8155 8.2407e+02  -61.83800  -53.27633 1154957399 219.562513    34.5454      19731          1  0.000e+00
    489.496    -0.6542   2.836235    -0.6599   2.835750    6.32866    -0.1335    13.8155 8.2407e+02  -61.83800  -53.27633 1154957399 219.562513    34.5449      19732          1  0.000e+00
    489.535    -0.6547   2.836175    -0.6604   2.835732    6.32879    -0.0894    13.8155 8.2407e+02  -61.83800  -53.27633 1154957399 219.562514    34.5446      19733          1  0.000e+00
    489.573    -0.6548   2.836138    -0.6605   2.835715    6.32886    -0.1004    13.8155 8.2407e+02  -61.83800  -53.27633 1154957399 219.562514    34.5442      19734          1  0.000e+00
    489.467    -0.6553   2.836085    -0.6608   2.835703    6.32886    -0.1445    13.8155 8.2407e+02  -61.83800  -53.27633 1154957399 219.562514    34.5441      19735          1  0.000e+00
    489.573    -0.6556   2.836049    -0.6607   2.835703    6.32901    -0.1335    13.8155 8.2407e+02  -61.83800  -53.27633 1154957399 219.562515    34.5439      19736          1  0.000e+00
    489.467    -0.6561   2.835942    -0.6607   2.835703    6.32905    -0.1225    13.8155 8.2407e+02  -61.83800  -53.27633 1154957399 219.562515    34.5431      19737          1  0.000e+00
    489.573    -0.6592   2.835786    -0.6605   2.835727    6.32964    -0.0674    13.8155 8.2407e+02  -61.83800  -53.27633 1154957399 219.562516    34.5445      19738          1  0.000e+00
    489.467    -0.6596   2.835729    -0.6607   2.835692    6.32964    -0.0564    13.8155 8.2407e+02  -61.83800  -53.27633 1154957399 219.562516    34.5443      19739          1  0.000e+00
    489.573    -0.6601   2.835640    -0.6602   2.835721    6.32984    -0.0674    13.8155 8.2407e+02  -61.83800  -53.27633 1154957399 219.562517    34.5435      19740          1  0.000e+00
    489.467    -0.6605   2.835593    -0.6603   2.835674    6.32984    -0.0674    13.8155 8.2407e+02  -61.83800  -53.27633 1154957399 219.562517    34.5435      19741          1  0.000e+00
    489.573    -0.6615   2.835606    -0.6603   2.835651    6.33004    -0.0894    13.8155 8.2407e+02  -61.83800  -53.27633 1154957400 219.562518    34.5447      19742          1  0.000e+00
    489.467    -0.6619   2.835576    -0.6615   2.835616    6.33003    -0.1004    13.8155 8.2407e+02  -61.83800  -53.27633 1154957400 219.562518    34.5449      19743          1  0.000e+00
    489.573    -0.6619   2.835550    -0.6637   2.835534    6.33014    -0.1445    13.8155 8.2407e+02  -61.83800  -53.27633 1154957400 219.562519    34.5444      19744          1  0.000e+00
    489.496    -0.6620   2.835560    -0.6653   2.835376    6.33007    -0.1225    13.8155 8.2407e+02  -61.83800  -53.27633 1154957400 219.562519    34.5447      19745          1  0.000e+00
    489.535    -0.6621   2.835566    -0.6659   2.835230    6.33011    -0.1004    13.8155 8.2407e+02  -61.83800  -53.27633 1154957400 219.562520    34.5448      19746          1  0.000e+00
    489.496    -0.6626   2.835533    -0.6645   2.835160    6.33016    -0.1555    13.8155 8.2407e+02  -61.83800  -53.27633 1154957400 219.562520    34.5449      19747          1  0.000e+00
    489.535    -0.6619   2.835523    -0.6647   2.835078    6.33012    -0.1555    13.8155 8.2407e+02  -61.83800  -53.27633 1154957400 219.562521    34.5441      19748          1  0.000e+00
    489.496    -0.6623   2.835420    -0.6662   2.835008    6.33019    -0.1004    13.8155 8.2407e+02  -61.83800  -53.27633 1154957400 219.562521    34.5431      19749          1  0.000e+00
    489.535    -0.6616   2.835417    -0.6662   2.834938    6.33014    -0.0894    13.8155 8.2407e+02  -61.83800  -53.27633 1154957400 219.562522    34.5423      19750          1  0.000e+00
    489.573    -0.6636   2.835327    -0.6680   2.834850    6.33049    -0.0674    13.8155 8.2407e+02  -61.83800  -53.27633 1154957400 219.562522    34.5434      19751          1  0.000e+00
    489.467    -0.6638   2.835277    -0.6704   2.834757    6.33044    -0.1004    13.8155 8.2407e+02  -61.83800  -53.27633 1154957400 219.562523    34.5429      19752          1  0.000e+00
    489.573    -0.6641   2.835274    -0.6711   2.834722    6.33058    -0.1775    13.8155 8.2407e+02  -61.83800  -53.27633 1154957400 219.562523    34.5432      19753          1  0.000e+00
    489.467    -0.6646   2.835237    -0.6709   2.834687    6.33057    -0.1335    13.8155 8.2407e+02  -61.83800  -53.27633 1154957400 219.562524    34.5433      19754          1  0.000e+00
    489.573    -0.6647   2.835227    -0.6707   2.834751    6.33069    -0.0784    13.8155 8.2407e+02  -61.83800  -53.27633 1154957400 219.562524    34.5433      19755          1  0.000e+00
    489.535    -0.6650   2.835177    -0.6700   2.834804    6.32577    -0.1445    13.8155 8.2407e+02  -61.83800  -53.27633 1154957400 219.562525    34.5430      19756          1  0.000e+00
    489.496    -0.6667   2.835091    -0.6696   2.834862    6.32601    -0.1665    13.8155 8.2407e+02  -61.83800  -53.27633 1154957400 219.562525    34.5438      19757          1  0.000e+00
    489.535    -0.6686   2.835034    -0.6702   2.834915    6.32632    -0.1555    13.8155 8.2407e+02  -61.83800  -53.27633 1154957400 219.562526    34.5451      19758          1  0.000e+00
    489.496    -0.6694   2.835037    -0.6692   2.834909    6.33134    -0.1114    13.8155 8.2407e+02  -61.83800  -53.27633 1154957400 219.562526    34.5460      19759          1  0.000e+00
    489.535    -0.6683   2.835044    -0.6694   2.834961    6.32627    -0.0784    13.8155 8.2407e+02  -61.83800  -53.27633 1154957400 219.562527    34.5449      19760          1  0.000e+00
    489.496    -0.6684   2.834974    -0.6684   2.834961    6.32630    -0.0454    13.8155 8.2407e+02  -61.83800  -53.27633 1154957400 219.562527    34.5441      19761          1  0.000e+00
    489.535    -0.6678   2.834918    -0.6671   2.835014    6.32629    -0.0123    13.8155 8.2407e+02  -61.83800  -53.27633 1154957400 219.562527    34.5426      19762          1  0.000e+00
    489.496    -0.6675   2.834994    -0.6670   2.835055    6.32617    -0.0233    13.8155 8.2407e+02  -61.83800  -53.27633 1154957400 219.562528    34.5433      19763          1  0.000e+00
    489.535    -0.6677   2.834988    -0.6672   2.835078    6.32622    -0.0564    13.8155 8.2407e+02  -61.83800  -53.27633 1154957400 219.562528    34.5434      19764          1  0.000e+00
    489.573    -0.6695   2.834941    -0.6670   2.835067    6.32653    -0.0784    13.8155 8.2407e+02  -61.83800  -53.27633 1154957401 219.562529    34.5449      19765          1  0.000e+00
    489.467    -0.6716   2.834845    -0.6677   2.835061    6.32677    -0.0894    13.8155 8.2407e+02  -61.83800  -53.27633 1154957401 219.562529    34.5460      19766          1  0.000e+00
    489.573    -0.6729   2.834818    -0.6670   2.835084    6.32705    -0.1445    13.8155 8.2407e+02  -61.83800  -53.27633 1154957401 219.562530    34.5471      19767          1  0.000e+00
    489.467    -0.6720   2.834768    -0.6677   2.835084    6.32686    -0.0674    13.8155 8.2407e+02  -61.83800  -53.27633 1154957401 219.562530    34.5454      19768          1  0.000e+00
    489.573    -0.6711   2.834715    -0.6676   2.835067    6.32686     0.0428    13.8155 8.2407e+02  -61.83800  -53.27633 1154957401 219.562531    34.5436      19769          1  0.000e+00
    489.534    -0.6717   2.834722    -0.6673   2.835078    6.32691    -0.0454    13.8155 8.2407e+02  -61.83800  -53.27633 1154957401 219.562531    34.5444      19770          1  0.000e+00
    489.496    -0.6709   2.834728    -0.6673   2.835090    6.32677    -0.0343    13.8155 8.2407e+02  -61.83800  -53.27633 1154957401 219.562532    34.5436      19771          1  0.000e+00
    489.534    -0.6697   2.834745    -0.6671   2.835131    6.32663    -0.0233    13.8155 8.2407e+02  -61.83800  -53.27633 1154957401 219.562532    34.5424      19772          1  0.000e+00
    489.496    -0.6698   2.834781    -0.6667   2.835125    6.32660    -0.0894    13.8155 8.2407e+02  -61.83800  -53.27633 1154957401 219.562533    34.5431      19773          1  0.000e+00
    489.534    -0.6715   2.834688    -0.6715   2.834710    6.32690    -0.1335    13.8155 8.2407e+02  -61.83800  -53.27633 1154957408 219.562621    34.5438      19955          2  0.000e+00
    489.640    -0.6715   2.834685    -0.6719   2.834716    6.32700    -0.0454    13.8155 8.2407e+02  -61.83800  -53.27633 1154957408 219.562621    34.5437      19956          2  0.000e+00
    489.534    -0.6718   2.834682    -0.6717   2.834710    6.32695    -0.0123    13.8155 8.2407e+02  -61.83800  -53.27633 1154957409 219.562622    34.5440      19957          2  0.000e+00
    489.640    -0.6709   2.834698    -0.6718   2.834716    6.32691    -0.0343    13.8155 8.2407e+02  -61.83800  -53.27633 1154957409 219.562622    34.5431      19958          2  0.000e+00
    489.534    -0.6715   2.834685    -0.6711   2.834687    6.32691    -0.0564    13.8155 8.2407e+02  -61.83800  -53.27633 1154957409 219.562622    34.5437      19959          2  0.000e+00
    489.640    -0.6714   2.834698    -0.6722   2.834687    6.32202    -0.0454    13.8155 8.2407e+02  -61.83800  -53.27633 1154957409 219.562623    34.5437      19960          2  0.000e+00
    489.534    -0.6715   2.834668    -0.6717   2.834722    6.32692    -0.0564    13.8155 8.2407e+02  -61.83800  -53.27633 1154957409 219.562623    34.5435      19961          2  0.000e+00
    489.572    -0.6718   2.834658    -0.6722   2.834699    6.32699    -0.0784    13.8155 8.2407e+02  -61.83800  -53.27633 1154957409 219.562624    34.5436      19962          2  0.000e+00
    489.611    -0.6720   2.834675    -0.6724   2.834681    6.32209    -0.1004    13.8155 8.2407e+02  -61.83800  -53.27633 1154957409 219.562624    34.5441      19963          2  0.000e+00
    489.572    -0.6720   2.834648    -0.6723   2.834646    6.32207    -0.1445    13.8155 8.2407e+02  -61.83800  -53.27633 1154957409 219.562625    34.5437      19964          2  0.000e+00
    489.611    -0.6723   2.834618    -0.6722   2.834693    6.32711    -0.1004    13.8155 8.2601e+02  -61.83800  -53.27633 1154957409 219.562625    34.5437      19965          2  0.000e+00
    489.572    -0.6725   2.834645    -0.6718   2.834675    6.32709    -0.0674    13.8155 8.2407e+02  -61.83800  -53.27633 1154957409 219.562626    34.5442      19966          2  0.000e+00
    489.611    -0.6723   2.834625    -0.6720   2.834675    6.32711    -0.1004    13.8155 8.2407e+02  -61.83800  -53.27633 1154957409 219.562626    34.5437      19967          2  0.000e+00
    489.572    -0.6722   2.834632    -0.6722   2.834687    6.32705    -0.1004    13.8155 8.2407e+02  -61.83800  -53.27633 1154957409 219.562627    34.5437      19968          2  0.000e+00
    489.611    -0.6723   2.834602    -0.6719   2.834681    6.32217    -0.1225    13.8155 8.2407e+02  -61.83800  -53.27633 1154957409 219.562627    34.5434      19969          2  0.000e+00
    489.572    -0.6728   2.834608    -0.6717   2.834687    6.32715    -0.1665    13.8155 8.2407e+02  -61.83800  -53.27633 1154957409 219.562628    34.5441      19970          2  0.000e+00
    489.611    -0.6728   2.834632    -0.6723   2.834704    6.32717    -0.0894    13.8155 8.2407e+02  -61.83800  -53.27633 1154957409 219.562628    34.5444      19971          2  0.000e+00
    489.572    -0.6722   2.834638    -0.6718   2.834675    6.32705    -0.0343    13.8155 8.2407e+02  -61.83800  -53.27633 1154957409 219.562629    34.5438      19972          2  0.000e+00
    489.572    -0.6725   2.834618    -0.6719   2.834699    6.32710    -0.0343    13.8155 8.2407e+02  -61.83800  -53.27633 1154957409 219.562629    34.5439      19973          2  0.000e+00
    489.611    -0.6727   2.834632    -0.6719   2.834693    6.32221    -0.0674    13.8155 8.2407e+02  -61.83800  -53.27633 1154957409 219.562630    34.5443      19974          2  0.000e+00
    489.572    -0.6722   2.834602    -0.6719   2.834704    6.32212    -0.0123    13.8155 8.2407e+02  -61.83800  -53.27633 1154957409 219.562630    34.5433      19975          2  0.000e+00
    489.611    -0.6725   2.834608    -0.6719   2.834693    6.32219    -0.0343    13.8155 8.2407e+02  -61.83800  -53.27633 1154957409 219.562631    34.5437      19976          2  0.000e+00
    489.572    -0.6725   2.834595    -0.6719   2.834681    6.32712    -0.0784    13.8155 8.2407e+02  -61.83800  -53.27633 1154957409 219.562631    34.5436      19977          2  0.000e+00
    489.534    -0.6720   2.834608    -0.6722   2.834663    6.32701    -0.1225    13.8155 8.2407e+02  -61.83800  -53.27633 1154957409 219.562632    34.5432      19978          2  0.000e+00
    489.639    -0.6722   2.834595    -0.6715   2.834716    6.32218    -0.1335    13.8155 8.2407e+02  -61.83800  -53.27633 1154957409 219.562632    34.5432      19979          2  0.000e+00
    489.534    -0.6722   2.834625    -0.6721   2.834698    6.32207    -0.1114    13.8155 8.2407e+02  -61.83800  -53.27633 1154957409 219.562633    34.5436      19980          2  0.000e+00
    489.639    -0.6725   2.834638    -0.6714   2.834704    6.32220    -0.1004    13.8155 8.2407e+02  -61.83800  -53.27633 1154957409 219.562633    34.5441      19981          2  0.000e+00
    489.534    -0.6718   2.834618    -0.6714   2.834716    6.32699    -0.1335    13.8155 8.2407e+02  -61.83800  -53.27633 1154957410 219.562634    34.5432      19982          2  0.000e+00
    489.572    -0.6726   2.834615    -0.6710   2.834751    6.32712    -0.0894    13.8155 8.2407e+02  -61.83800  -53.27633 1154957410 219.562634    34.5440      19983          2  0.000e+00
    489.611    -0.6722   2.834645    -0.6708   2.834786    6.32708    -0.1004    13.8155 8.2407e+02  -61.83800  -53.27633 1154957410 219.562635    34.5439      19984          2  0.000e+00
    489.572    -0.6721   2.834642    -0.6710   2.834792    6.32704    -0.1555    13.8155 8.2407e+02  -61.83800  -53.27633 1154957410 219.562635    34.5438      19985          2  0.000e+00
    489.611    -0.6718   2.834618    -0.6705   2.834792    6.32210    -0.1775    13.8155 8.2407e+02  -61.83800  -53.27633 1154957410 219.562636    34.5431      19986          2  0.000e+00
    489.572    -0.6722   2.834632    -0.6708   2.834833    6.32210    -0.0784    13.8155 8.2407e+02  -61.83800  -53.27633 1154957410 219.562636    34.5437      19987          2  0.000e+00
    489.611    -0.6725   2.834652    -0.6702   2.834810    6.32216    -0.0894    13.8155 8.2407e+02  -61.83800  -53.27633 1154957410 219.562636    34.5443      19988          2  0.000e+00
    489.572    -0.6718   2.834692    -0.6703   2.834810    6.32202    -0.0454    13.8155 8.2407e+02  -61.83800  -53.27633 1154957410 219.562637    34.5441      19989          2  0.000e+00
    489.611    -0.6720   2.834722    -0.6705   2.834798    6.32206     0.0097    13.8155 8.2601e+02  -61.83800  -53.27633 1154957410 219.562637    34.5447      19990          2  0.000e+00
