product_data/regression_test/downloaded_data/MDGS/320620060703/ctd/p6620701.cnv
* Sea-Bird SBE 9 Data File:
* FileName = D:\Data\Raw\p6620701.dat
* Software Version Seasave Win32 V 5.32
* Temperature SN = 1649
* Conductivity SN = 1431
* Number of Bytes Per Scan = 37
* Number of Voltage Words = 5
* Number of Scans Averaged by the Deck Unit = 1
* NMEA Latitude = 64 36.87 S
* NMEA Longitude = 062 51.09 W
* NMEA UTC (Time) = 03:59:03
** Ship:   Nathaniel B. Palmer 
** Cruise:    NBP0606 
# nquan = 15
# nvalues = 535                         
# units = specified
# name 0 = prDM: Pressure, Digiquartz [db]
# name 1 = t090C: Temperature [ITS-90, deg C]
# name 2 = c0S/m: Conductivity [S/m]
# name 3 = t190C: Temperature, 2 [ITS-90, deg C]
# name 4 = c1S/m: Conductivity, 2 [S/m]
# name 5 = sbeox0ML/L: Oxygen, SBE 43 [ml/l]
# name 6 = flECO-AFL: Fluorescence, Wetlab ECO-AFL/FL [mg/m^3]
# name 7 = bat: Beam Attenuation, Chelsea/Seatech/Wetlab CStar [1/m]
# name 8 = spar: SPAR/Surface Irradiance
# name 9 = latitude: Latitude [deg]
# name 10 = longitude: Longitude [deg]
# name 11 = timeY: Time, System [seconds]
# name 12 = timeJ: Julian Days
# name 13 = sal00: Salinity [PSU]
# name 14 = flag: flag
# span 0 =      1.000,    535.000       
# span 1 =    -0.6373,     0.1336       
# span 2 =   2.784823,   2.902700       
# span 3 =    -0.6373,     0.1339       
# span 4 =   2.785279,   2.902948       
# span 5 =    5.86972,    7.02523       
# span 6 =    -0.1218,    -0.0305       
# span 7 =    13.8155,    13.8155       
# span 8 = 0.0000e+00, 0.0000e+00       
# span 9 =  -64.61450,  -64.61450       
# span 10 =  -62.85150,  -62.85150      
# span 11 = 1154145549, 1154146533      
# span 12 = 210.166075, 210.177483      
# span 13 =    34.1226,    34.5286      
# span 14 = 0.0000e+00, 0.0000e+00      
# interval = decibars: 1                
# start_time = Jul 29 2006 03:59:10
# bad_flag = -9.990e-29
*END*
[from data line 290]
    291.000     0.1270   2.889704     0.1270   2.889865    5.88976    -0.0881    13.8155 0.0000e+00  -64.61450  -62.85150 1154146204 210.173667    34.4941 0.0000e+00
    292.000     0.1275   2.889875     0.1278   2.890082    5.88937    -0.0934    13.8155 0.0000e+00  -64.61450  -62.85150 1154146205 210.173683    34.4953 0.0000e+00
    293.000     0.1278   2.889952     0.1281   2.890193    5.88718    -0.0842    13.8155 0.0000e+00  -64.61450  -62.85150 1154146206 210.173698    34.4954 0.0000e+00
    294.000     0.1278   2.890021     0.1283   2.890282    5.88816    -0.0722    13.8155 0.0000e+00  -64.61450  -62.85150 1154146208 210.173714    34.4956 0.0000e+00
    295.000     0.1281   2.890117     0.1284   2.890360    5.88732    -0.0736    13.8155 0.0000e+00  -64.61450  -62.85150 1154146209 210.173730    34.4960 0.0000e+00
    296.000     0.1276   2.890016     0.1278   2.890256    5.88523    -0.0965    13.8155 0.0000e+00  -64.61450  -62.85150 1154146210 210.173746    34.4946 0.0000e+00
    297.000     0.1276   2.890079     0.1280   2.890330    5.88538    -0.0905    13.8155 0.0000e+00  -64.61450  -62.85150 1154146212 210.173760    34.4949 0.0000e+00
    298.000     0.1279   2.890174     0.1282   2.890413    5.88604    -0.0532    13.8155 0.0000e+00  -64.61450  -62.85150 1154146213 210.173774    34.4952 0.0000e+00
    299.000     0.1279   2.890230     0.1281   2.890471    5.88686    -0.0991    13.8155 0.0000e+00  -64.61450  -62.85150 1154146214 210.173789    34.4953 0.0000e+00
    300.000     0.1281   2.890301     0.1284   2.890558    5.88706    -0.0626    13.8155 0.0000e+00  -64.61450  -62.85150 1154146215 210.173804    34.4954 0.0000e+00
    301.000     0.1285   2.890431     0.1287   2.890663    5.88622    -0.0696    13.8155 0.0000e+00  -64.61450  -62.85150 1154146217 210.173818    34.4961 0.0000e+00
    302.000     0.1287   2.890526     0.1289   2.890757    5.88410    -0.0687    13.8155 0.0000e+00  -64.61450  -62.85150 1154146218 210.173833    34.4965 0.0000e+00
    303.000     0.1287   2.890586     0.1291   2.890860    5.88431    -0.0849    13.8155 0.0000e+00  -64.61450  -62.85150 1154146219 210.173848    34.4967 0.0000e+00
    304.000     0.1294   2.890832     0.1297   2.891073    5.88324    -0.0846    13.8155 0.0000e+00  -64.61450  -62.85150 1154146220 210.173863    34.4986 0.0000e+00
    305.000     0.1298   2.890974     0.1299   2.891197    5.88253    -0.0955    13.8155 0.0000e+00  -64.61450  -62.85150 1154146222 210.173878    34.4994 0.0000e+00
    306.000     0.1301   2.891085     0.1305   2.891353    5.88104    -0.0767    13.8155 0.0000e+00  -64.61450  -62.85150 1154146223 210.173893    34.4999 0.0000e+00
    307.000     0.1303   2.891186     0.1307   2.891445    5.88013    -0.0925    13.8155 0.0000e+00  -64.61450  -62.85150 1154146224 210.173908    34.5003 0.0000e+00
    308.000     0.1306   2.891263     0.1308   2.891505    5.88064    -0.0891    13.8155 0.0000e+00  -64.61450  -62.85150 1154146226 210.173923    34.5005 0.0000e+00
    309.000     0.1310   2.891407     0.1314   2.891643    5.87985    -0.0652    13.8155 0.0000e+00  -64.61450  -62.85150 1154146227 210.173938    34.5013 0.0000e+00
    310.000     0.1313   2.891505     0.1317   2.891745    5.88045    -0.0732    13.8155 0.0000e+00  -64.61450  -62.85150 1154146228 210.173953    34.5017 0.0000e+00
    311.000     0.1320   2.891719     0.1322   2.891933    5.87933    -0.0707    13.8155 0.0000e+00  -64.61450  -62.85150 1154146230 210.173968    34.5032 0.0000e+00
    312.000     0.1321   2.891818     0.1323   2.892060    5.87777    -0.1056    13.8155 0.0000e+00  -64.61450  -62.85150 1154146231 210.173982    34.5037 0.0000e+00
    313.000     0.1322   2.891901     0.1324   2.892152    5.87802    -0.0825    13.8155 0.0000e+00  -64.61450  -62.85150 1154146232 210.173996    34.5042 0.0000e+00
    314.000     0.1321   2.891985     0.1324   2.892221    5.87771    -0.0631    13.8155 0.0000e+00  -64.61450  -62.85150 1154146233 210.174012    34.5047 0.0000e+00
    315.000     0.1322   2.892059     0.1325   2.892308    5.87503    -0.0838    13.8155 0.0000e+00  -64.61450  -62.85150 1154146235 210.174027    34.5050 0.0000e+00
    316.000     0.1323   2.892133     0.1325   2.892361    5.87318    -0.0700    13.8155 0.0000e+00  -64.61450  -62.85150 1154146236 210.174041    34.5053 0.0000e+00
    317.000     0.1326   2.892292     0.1329   2.892551    5.87432    -0.0781    13.8155 0.0000e+00  -64.61450  -62.85150 1154146237 210.174055    34.5065 0.0000e+00
    318.000     0.1327   2.892370     0.1331   2.892631    5.87688    -0.0589    13.8155 0.0000e+00  -64.61450  -62.85150 1154146238 210.174070    34.5067 0.0000e+00
    319.000     0.1328   2.892404     0.1330   2.892646    5.87717    -0.0720    13.8155 0.0000e+00  -64.61450  -62.85150 1154146240 210.174085    34.5066 0.0000e+00
    320.000     0.1327   2.892415     0.1331   2.892705    5.87444    -0.0788    13.8155 0.0000e+00  -64.61450  -62.85150 1154146241 210.174099    34.5061 0.0000e+00
    321.000     0.1329   2.892514     0.1330   2.892760    5.87481    -0.0713    13.8155 0.0000e+00  -64.61450  -62.85150 1154146242 210.174113    34.5067 0.0000e+00
    322.000     0.1329   2.892567     0.1331   2.892808    5.87555    -0.0634    13.8155 0.0000e+00  -64.61450  -62.85150 1154146243 210.174129    34.5068 0.0000e+00
    323.000     0.1328   2.892596     0.1331   2.892838    5.87598    -0.0952    13.8155 0.0000e+00  -64.61450  -62.85150 1154146245 210.174143    34.5066 0.0000e+00
    324.000     0.1328   2.892642     0.1331   2.892881    5.87665    -0.0737    13.8155 0.0000e+00  -64.61450  -62.85150 1154146246 210.174157    34.5067 0.0000e+00
    325.000     0.1329   2.892698     0.1331   2.892934    5.87524    -0.0903    13.8155 0.0000e+00  -64.61450  -62.85150 1154146247 210.174172    34.5067 0.0000e+00
    326.000     0.1330   2.892768     0.1332   2.893018    5.87536    -0.0856    13.8155 0.0000e+00  -64.61450  -62.85150 1154146248 210.174186    34.5069 0.0000e+00
    327.000     0.1330   2.892801     0.1331   2.892997    5.87844    -0.0651    13.8155 0.0000e+00  -64.61450  -62.85150 1154146250 210.174201    34.5068 0.0000e+00
    328.000     0.1331   2.892848     0.1332   2.893078    5.87837    -0.0918    13.8155 0.0000e+00  -64.61450  -62.85150 1154146251 210.174216    34.5067 0.0000e+00
    329.000     0.1330   2.892871     0.1333   2.893113    5.87893    -0.0707    13.8155 0.0000e+00  -64.61450  -62.85150 1154146252 210.174230    34.5065 0.0000e+00
    330.000     0.1331   2.892945     0.1333   2.893186    5.87427    -0.0902    13.8155 0.0000e+00  -64.61450  -62.85150 1154146254 210.174246    34.5068 0.0000e+00
    331.000     0.1334   2.893074     0.1337   2.893328    5.87091    -0.0826    13.8155 0.0000e+00  -64.61450  -62.85150 1154146255 210.174261    34.5075 0.0000e+00
    332.000     0.1335   2.893131     0.1337   2.893368    5.86972    -0.0609    13.8155 0.0000e+00  -64.61450  -62.85150 1154146256 210.174276    34.5076 0.0000e+00
    333.000     0.1335   2.893178     0.1337   2.893408    5.87161    -0.1007    13.8155 0.0000e+00  -64.61450  -62.85150 1154146257 210.174291    34.5076 0.0000e+00
    334.000     0.1335   2.893250     0.1338   2.893487    5.87396    -0.0692    13.8155 0.0000e+00  -64.61450  -62.85150 1154146259 210.174307    34.5079 0.0000e+00
    335.000     0.1336   2.893314     0.1339   2.893561    5.87659    -0.0713    13.8155 0.0000e+00  -64.61450  -62.85150 1154146260 210.174322    34.5081 0.0000e+00
    336.000     0.1336   2.893370     0.1339   2.893605    5.87739    -0.0880    13.8155 0.0000e+00  -64.61450  -62.85150 1154146261 210.174337    34.5082 0.0000e+00
    337.000     0.1333   2.893523     0.1334   2.893755    5.87787    -0.0877    13.8155 0.0000e+00  -64.61450  -62.85150 1154146263 210.174351    34.5100 0.0000e+00
    338.000     0.1328   2.893611     0.1331   2.893859    5.87865    -0.0972    13.8155 0.0000e+00  -64.61450  -62.85150 1154146264 210.174365    34.5111 0.0000e+00
    339.000     0.1329   2.893653     0.1333   2.893893    5.87897    -0.0908    13.8155 0.0000e+00  -64.61450  -62.85150 1154146265 210.174379    34.5110 0.0000e+00
    340.000     0.1326   2.893727     0.1330   2.893962    5.87586    -0.0586    13.8155 0.0000e+00  -64.61450  -62.85150 1154146266 210.174394    34.5117 0.0000e+00
    341.000     0.1329   2.893771     0.1331   2.894006    5.87423    -0.0684    13.8155 0.0000e+00  -64.61450  -62.85150 1154146267 210.174407    34.5114 0.0000e+00
    342.000     0.1327   2.893817     0.1329   2.894064    5.87198    -0.0950    13.8155 0.0000e+00  -64.61450  -62.85150 1154146269 210.174422    34.5116 0.0000e+00
    343.000     0.1327   2.893870     0.1330   2.894106    5.87229    -0.0785    13.8155 0.0000e+00  -64.61450  -62.85150 1154146270 210.174436    34.5117 0.0000e+00
    344.000     0.1328   2.893921     0.1329   2.894167    5.87408    -0.0694    13.8155 0.0000e+00  -64.61450  -62.85150 1154146271 210.174451    34.5116 0.0000e+00
    345.000     0.1323   2.893998     0.1325   2.894246    5.87776    -0.0894    13.8155 0.0000e+00  -64.61450  -62.85150 1154146272 210.174465    34.5126 0.0000e+00
    346.000     0.1317   2.894073     0.1320   2.894320    5.88015    -0.0882    13.8155 0.0000e+00  -64.61450  -62.85150 1154146274 210.174480    34.5137 0.0000e+00
    347.000     0.1318   2.894123     0.1320   2.894363    5.88024    -0.0744    13.8155 0.0000e+00  -64.61450  -62.85150 1154146275 210.174495    34.5137 0.0000e+00
    348.000     0.1316   2.894177     0.1319   2.894420    5.88010    -0.0967    13.8155 0.0000e+00  -64.61450  -62.85150 1154146276 210.174511    34.5140 0.0000e+00
    349.000     0.1315   2.894237     0.1318   2.894483    5.87842    -0.0825    13.8155 0.0000e+00  -64.61450  -62.85150 1154146278 210.174526    34.5143 0.0000e+00
    350.000     0.1315   2.894286     0.1318   2.894540    5.87608    -0.0912    13.8155 0.0000e+00  -64.61450  -62.85150 1154146279 210.174540    34.5143 0.0000e+00
    351.000     0.1316   2.894341     0.1317   2.894580    5.87486    -0.0798    13.8155 0.0000e+00  -64.61450  -62.85150 1154146280 210.174555    34.5144 0.0000e+00
    352.000     0.1317   2.894384     0.1317   2.894633    5.87375    -0.1012    13.8155 0.0000e+00  -64.61450  -62.85150 1154146282 210.174570    34.5143 0.0000e+00
    353.000     0.1314   2.894447     0.1316   2.894688    5.87478    -0.0970    13.8155 0.0000e+00  -64.61450  -62.85150 1154146283 210.174585    34.5147 0.0000e+00
    354.000     0.1312   2.894505     0.1315   2.894757    5.87678    -0.1011    13.8155 0.0000e+00  -64.61450  -62.85150 1154146284 210.174599    34.5152 0.0000e+00
    355.000     0.1311   2.894574     0.1315   2.894826    5.87837    -0.0899    13.8155 0.0000e+00  -64.61450  -62.85150 1154146285 210.174613    34.5156 0.0000e+00
    356.000     0.1311   2.894619     0.1315   2.894861    5.87998    -0.0811    13.8155 0.0000e+00  -64.61450  -62.85150 1154146286 210.174627    34.5155 0.0000e+00
    357.000     0.1311   2.894670     0.1313   2.894914    5.88112    -0.0792    13.8155 0.0000e+00  -64.61450  -62.85150 1154146288 210.174642    34.5157 0.0000e+00
    358.000     0.1312   2.894710     0.1314   2.894949    5.88027    -0.0933    13.8155 0.0000e+00  -64.61450  -62.85150 1154146289 210.174656    34.5155 0.0000e+00
    359.000     0.1312   2.894765     0.1314   2.895006    5.87914    -0.0908    13.8155 0.0000e+00  -64.61450  -62.85150 1154146290 210.174671    34.5157 0.0000e+00
    360.000     0.1313   2.894805     0.1315   2.895057    5.87902    -0.0961    13.8155 0.0000e+00  -64.61450  -62.85150 1154146292 210.174686    34.5154 0.0000e+00
    361.000     0.1313   2.894869     0.1316   2.895108    5.87997    -0.1036    13.8155 0.0000e+00  -64.61450  -62.85150 1154146293 210.174701    34.5156 0.0000e+00
    362.000     0.1308   2.894944     0.1310   2.895191    5.87670    -0.0819    13.8155 0.0000e+00  -64.61450  -62.85150 1154146294 210.174716    34.5167 0.0000e+00
    363.000     0.1308   2.894994     0.1310   2.895240    5.87488    -0.0758    13.8155 0.0000e+00  -64.61450  -62.85150 1154146295 210.174731    34.5167 0.0000e+00
    364.000     0.1309   2.895041     0.1311   2.895281    5.87551    -0.0654    13.8155 0.0000e+00  -64.61450  -62.85150 1154146297 210.174746    34.5167 0.0000e+00
    365.000     0.1307   2.895097     0.1309   2.895344    5.87619    -0.0744    13.8155 0.0000e+00  -64.61450  -62.85150 1154146298 210.174761    34.5170 0.0000e+00
    366.000     0.1307   2.895151     0.1308   2.895396    5.87718    -0.0863    13.8155 0.0000e+00  -64.61450  -62.85150 1154146299 210.174775    34.5171 0.0000e+00
    367.000     0.1306   2.895202     0.1307   2.895442    5.87760    -0.0756    13.8155 0.0000e+00  -64.61450  -62.85150 1154146301 210.174790    34.5173 0.0000e+00
    368.000     0.1307   2.895248     0.1308   2.895488    5.87769    -0.0889    13.8155 0.0000e+00  -64.61450  -62.85150 1154146302 210.174804    34.5171 0.0000e+00
    369.000     0.1303   2.895312     0.1304   2.895565    5.87830    -0.0664    13.8155 0.0000e+00  -64.61450  -62.85150 1154146303 210.174818    34.5179 0.0000e+00
    370.000     0.1304   2.895360     0.1305   2.895604    5.88084    -0.0809    13.8155 0.0000e+00  -64.61450  -62.85150 1154146304 210.174833    34.5178 0.0000e+00
    371.000     0.1302   2.895414     0.1303   2.895651    5.88351    -0.0981    13.8155 0.0000e+00  -64.61450  -62.85150 1154146305 210.174847    34.5182 0.0000e+00
    372.000     0.1302   2.895459     0.1305   2.895710    5.88242    -0.1023    13.8155 0.0000e+00  -64.61450  -62.85150 1154146307 210.174862    34.5182 0.0000e+00
    373.000     0.1304   2.895504     0.1306   2.895747    5.88311    -0.0761    13.8155 0.0000e+00  -64.61450  -62.85150 1154146308 210.174877    34.5179 0.0000e+00
    374.000     0.1304   2.895555     0.1307   2.895798    5.88376    -0.0858    13.8155 0.0000e+00  -64.61450  -62.85150 1154146309 210.174892    34.5179 0.0000e+00
    375.000     0.1306   2.895608     0.1307   2.895854    5.88173    -0.0886    13.8155 0.0000e+00  -64.61450  -62.85150 1154146311 210.174906    34.5179 0.0000e+00
    376.000     0.1305   2.895647     0.1308   2.895899    5.87844    -0.0669    13.8155 0.0000e+00  -64.61450  -62.85150 1154146312 210.174921    34.5179 0.0000e+00
    377.000     0.1305   2.895701     0.1307   2.895949    5.87246    -0.0933    13.8155 0.0000e+00  -64.61450  -62.85150 1154146313 210.174936    34.5180 0.0000e+00
    378.000     0.1304   2.895756     0.1306   2.895996    5.87203    -0.0602    13.8155 0.0000e+00  -64.61450  -62.85150 1154146314 210.174951    34.5183 0.0000e+00
    379.000     0.1305   2.895800     0.1309   2.896044    5.87165    -0.0698    13.8155 0.0000e+00  -64.61450  -62.85150 1154146316 210.174965    34.5181 0.0000e+00
    380.000     0.1307   2.895849     0.1309   2.896098    5.87082    -0.0780    13.8155 0.0000e+00  -64.61450  -62.85150 1154146317 210.174980    34.5180 0.0000e+00
    381.000     0.1307   2.895896     0.1310   2.896142    5.87207    -0.1052    13.8155 0.0000e+00  -64.61450  -62.85150 1154146318 210.174995    34.5180 0.0000e+00
    382.000     0.1306   2.895952     0.1307   2.896198    5.87353    -0.0783    13.8155 0.0000e+00  -64.61450  -62.85150 1154146319 210.175009    34.5183 0.0000e+00
    383.000     0.1302   2.896006     0.1305   2.896246    5.87440    -0.0817    13.8155 0.0000e+00  -64.61450  -62.85150 1154146321 210.175024    34.5188 0.0000e+00
    384.000     0.1300   2.896053     0.1303   2.896295    5.87604    -0.0793    13.8155 0.0000e+00  -64.61450  -62.85150 1154146322 210.175039    34.5191 0.0000e+00
    385.000     0.1297   2.896094     0.1300   2.896339    5.87740    -0.0838    13.8155 0.0000e+00  -64.61450  -62.85150 1154146323 210.175053    34.5193 0.0000e+00
