product_data/regression_test/downloaded_data/MDGS/320620060703/ctd/p6621601.ros
* Sea-Bird SBE 9 Data File:
* FileName = D:\Data\Raw\p6621601.dat
* Software Version Seasave Win32 V 5.32
* Temperature SN = 1649
* Conductivity SN = 1431
* Number of Bytes Per Scan = 37
* Number of Voltage Words = 5
* Number of Scans Averaged by the Deck Unit = 1
* NMEA Latitude = 62 43.72 S
* NMEA Longitude = 062 05.85 W
* NMEA UTC (Time) = 10:21:54
** Ship:   Nathaniel B. Palmer 
** Cruise:    NBP0606 
# nquan = 17
# nvalues = 1176                    
# units = specified
# name 0 = prDM: Pressure, Digiquartz [db]
# name 1 = t090C: Temperature [ITS-90, deg C]
# name 2 = c0S/m: Conductivity [S/m]
# name 3 = t190C: Temperature, 2 [ITS-90, deg C]
# name 4 = c1S/m: Conductivity, 2 [S/m]
# name 5 = sbeox0ML/L: Oxygen, SBE 43 [ml/l]
# name 6 = flECO-AFL: Fluorescence, Wetlab ECO-AFL/FL [mg/m^3]
# name 7 = bat: Beam Attenuation, Chelsea/Seatech/Wetlab CStar [1/m]
# name 8 = spar: SPAR/Surface Irradiance
# name 9 = latitude: Latitude [deg]
# name 10 = longitude: Longitude [deg]
# name 11 = timeY: Time, System [seconds]
# name 12 = timeJ: Julian Days
# name 13 = sal00: Salinity [PSU]
# name 14 = scan: scan number
# name 15 = nbf: number of bottles fired
# name 16 = flag:  0.000e+00
# interval = seconds: 0.0416667                   
# start_time = Aug 01 2006 10:22:12
*END*
[from data line 426]
    199.997    -0.9420   2.775584    -0.9414   2.775921    7.79311    -0.0233    13.8155 0.0000e+00  -62.72867  -62.09750 1154429385 213.451240    34.2283      39724          9  0.000e+00
    199.997    -0.9421   2.775545    -0.9417   2.775892    7.79315    -0.0784    13.8155 0.0000e+00  -62.72867  -62.09750 1154429385 213.451240    34.2278      39725          9  0.000e+00
    200.035    -0.9421   2.775568    -0.9419   2.775903    7.79317    -0.0784    13.8155 0.0000e+00  -62.72867  -62.09750 1154429385 213.451241    34.2281      39726          9  0.000e+00
    200.064    -0.9421   2.775561    -0.9419   2.775926    7.78841    -0.0674    13.8155 0.0000e+00  -62.72867  -62.09750 1154429385 213.451241    34.2281      39727          9  0.000e+00
    200.064    -0.9418   2.775587    -0.9420   2.775932    7.78834    -0.0674    13.8155 0.0000e+00  -62.72867  -62.09750 1154429386 213.451242    34.2280      39728          9  0.000e+00
    200.111    -0.9420   2.775568    -0.9416   2.775915    7.78844    -0.0674    13.8155 0.0000e+00  -62.72867  -62.09750 1154429386 213.451242    34.2280      39729          9  0.000e+00
    200.140    -0.9415   2.775574    -0.9417   2.775909    7.79319    -0.0343    13.8155 0.0000e+00  -62.72867  -62.09750 1154429386 213.451243    34.2275      39730          9  0.000e+00
    200.178    -0.9415   2.775611    -0.9418   2.775909    7.78840    -0.0233    13.8155 0.0000e+00  -62.72867  -62.09750 1154429386 213.451243    34.2279      39731          9  0.000e+00
    200.140    -0.9417   2.775640    -0.9420   2.775909    7.78837    -0.0123    13.8155 0.0000e+00  -62.72867  -62.09750 1154429386 213.451244    34.2286      39732          9  0.000e+00
    200.207    -0.9419   2.775647    -0.9414   2.775967    7.79328    -0.0343    13.8155 0.0000e+00  -62.72867  -62.09750 1154429386 213.451244    34.2289      39733          9  0.000e+00
    200.245    -0.9415   2.775634    -0.9417   2.775984    7.79326    -0.0123    13.8155 0.0000e+00  -62.72867  -62.09750 1154429386 213.451245    34.2282      39734          9  0.000e+00
    200.274    -0.9413   2.775607    -0.9416   2.775944    7.78848    -0.0564    13.8155 0.0000e+00  -62.72867  -62.09750 1154429386 213.451245    34.2277      39735          9  0.000e+00
    200.274    -0.9418   2.775634    -0.9413   2.775932    7.78853    -0.0674    13.8155 0.0000e+00  -62.72867  -62.09750 1154429386 213.451246    34.2285      39736          9  0.000e+00
    200.245    -0.9413   2.775627    -0.9414   2.775950    7.78844    -0.0784    13.8155 0.0000e+00  -62.72867  -62.09750 1154429386 213.451246    34.2280      39737          9  0.000e+00
    200.350    -0.9416   2.775624    -0.9413   2.775961    7.78860    -0.1004    13.8155 0.0000e+00  -62.72867  -62.09750 1154429386 213.451247    34.2282      39738          9  0.000e+00
    199.783    -0.9408   2.775627    -0.9403   2.775932    7.79266    -0.0784    13.8155 0.0000e+00  -62.72867  -62.09750 1154429394 213.451343    34.2277      39937         10  0.000e+00
    199.926    -0.9413   2.775624    -0.9414   2.775897    7.79289    -0.0564    13.8155 0.0000e+00  -62.72867  -62.09750 1154429394 213.451343    34.2281      39938         10  0.000e+00
    199.754    -0.9407   2.775640    -0.9416   2.775921    7.79261    -0.0233    13.8155 0.0000e+00  -62.72867  -62.09750 1154429394 213.451344    34.2278      39939         10  0.000e+00
    199.716    -0.9410   2.775627    -0.9414   2.775932    7.79262    -0.0564    13.8155 0.0000e+00  -62.72867  -62.09750 1154429394 213.451344    34.2279      39940         10  0.000e+00
    199.754    -0.9410   2.775643    -0.9416   2.775950    7.79266    -0.0674    13.8155 0.0000e+00  -62.72867  -62.09750 1154429394 213.451345    34.2282      39941         10  0.000e+00
    199.716    -0.9407   2.775597    -0.9414   2.775921    7.79259    -0.0343    13.8155 0.0000e+00  -62.72867  -62.09750 1154429394 213.451345    34.2272      39942         10  0.000e+00
    199.716    -0.9407   2.775610    -0.9413   2.775926    7.79258    -0.1114    13.8155 0.0000e+00  -62.72867  -62.09750 1154429394 213.451345    34.2273      39943         10  0.000e+00
    199.611    -0.9410   2.775624    -0.9413   2.775932    7.79251    -0.1335    13.8155 0.0000e+00  -62.72867  -62.09750 1154429395 213.451346    34.2280      39944         10  0.000e+00
    199.572    -0.9413   2.775624    -0.9408   2.775938    7.79251    -0.0784    13.8155 0.0000e+00  -62.72867  -62.09750 1154429395 213.451346    34.2283      39945         10  0.000e+00
    199.639    -0.9415   2.775624    -0.9408   2.775915    7.79261    -0.0233    13.8155 0.0000e+00  -62.72867  -62.09750 1154429395 213.451347    34.2284      39946         10  0.000e+00
    199.544    -0.9412   2.775624    -0.9411   2.775944    7.79246    -0.0454    13.8155 0.0000e+00  -62.72867  -62.09750 1154429395 213.451347    34.2282      39947         10  0.000e+00
    199.572    -0.9413   2.775604    -0.9411   2.775938    7.79252    -0.0233    13.8155 0.0000e+00  -62.72867  -62.09750 1154429395 213.451348    34.2280      39948         10  0.000e+00
    199.467    -0.9413   2.775617    -0.9410   2.775891    7.79241    -0.0123    13.8155 0.0000e+00  -62.72867  -62.09750 1154429395 213.451348    34.2283      39949         10  0.000e+00
    199.496    -0.9415   2.775591    -0.9413   2.775897    7.79248    -0.0123    13.8155 0.0000e+00  -62.72867  -62.09750 1154429395 213.451349    34.2281      39950         10  0.000e+00
    199.496    -0.9415   2.775610    -0.9413   2.775926    7.79246    -0.0674    13.8155 0.0000e+00  -62.72867  -62.09750 1154429395 213.451349    34.2283      39951         10  0.000e+00
    199.400    -0.9412   2.775624    -0.9408   2.775915    7.78750    -0.0894    13.8155 0.0000e+00  -62.72867  -62.09750 1154429395 213.451350    34.2283      39952         10  0.000e+00
    199.429    -0.9411   2.775604    -0.9413   2.775932    7.79234    -0.0674    13.8155 0.0000e+00  -62.72867  -62.09750 1154429395 213.451350    34.2279      39953         10  0.000e+00
    199.362    -0.9412   2.775604    -0.9411   2.775915    7.78748    -0.0343    13.8155 0.0000e+00  -62.72867  -62.09750 1154429395 213.451351    34.2280      39954         10  0.000e+00
    199.400    -0.9411   2.775617    -0.9408   2.775909    7.79230    -0.1114    13.8155 0.0000e+00  -62.72867  -62.09750 1154429395 213.451351    34.2281      39955         10  0.000e+00
    199.362    -0.9408   2.775604    -0.9408   2.775909    7.79222    -0.1445    13.8155 0.0000e+00  -62.72867  -62.09750 1154429395 213.451352    34.2276      39956         10  0.000e+00
    199.333    -0.9410   2.775600    -0.9413   2.775926    7.79223    -0.0674    13.8155 0.0000e+00  -62.72867  -62.09750 1154429395 213.451352    34.2279      39957         10  0.000e+00
    199.362    -0.9411   2.775617    -0.9411   2.775915    7.79226    -0.1004    13.8155 0.0000e+00  -62.72867  -62.09750 1154429395 213.451353    34.2282      39958         10  0.000e+00
    199.285    -0.9404   2.775623    -0.9411   2.775909    7.79206    -0.1004    13.8155 0.0000e+00  -62.72867  -62.09750 1154429395 213.451353    34.2275      39959         10  0.000e+00
    199.257    -0.9413   2.775623    -0.9411   2.775909    7.79217    -0.0123    13.8155 0.0000e+00  -62.72867  -62.09750 1154429395 213.451354    34.2285      39960         10  0.000e+00
    199.285    -0.9410   2.775604    -0.9410   2.775926    7.79217    -0.0233    13.8155 0.0000e+00  -62.72867  -62.09750 1154429395 213.451354    34.2279      39961         10  0.000e+00
    199.257    -0.9412   2.775617    -0.9414   2.775891    7.79216    -0.0343    13.8155 0.0000e+00  -62.72867  -62.09750 1154429395 213.451355    34.2283      39962         10  0.000e+00
    199.218    -0.9411   2.775623    -0.9414   2.775897    7.79210    -0.0784    13.8155 0.0000e+00  -62.72867  -62.09750 1154429395 213.451355    34.2283      39963         10  0.000e+00
    199.285    -0.9415   2.775623    -0.9413   2.775926    7.79223    -0.0343    13.8155 0.0000e+00  -62.72867  -62.09750 1154429395 213.451356    34.2287      39964         10  0.000e+00
    199.190    -0.9407   2.775604    -0.9408   2.775915    7.79201    -0.0564    13.8155 0.0000e+00  -62.72867  -62.09750 1154429395 213.451356    34.2276      39965         10  0.000e+00
    199.218    -0.9411   2.775617    -0.9416   2.775886    7.79211    -0.0674    13.8155 0.0000e+00  -62.72867  -62.09750 1154429395 213.451357    34.2282      39966         10  0.000e+00
    199.218    -0.9413   2.775610    -0.9410   2.775903    7.79214    -0.0233    13.8155 0.0000e+00  -62.72867  -62.09750 1154429395 213.451357    34.2284      39967         10  0.000e+00
    199.190    -0.9410   2.775637    -0.9413   2.775909    7.79204    -0.0233    13.8155 0.0000e+00  -62.72867  -62.09750 1154429396 213.451358    34.2284      39968         10  0.000e+00
    199.218    -0.9413   2.775610    -0.9413   2.775886    7.79214    -0.0784    13.8155 0.0000e+00  -62.72867  -62.09750 1154429396 213.451358    34.2284      39969         10  0.000e+00
    199.190    -0.9410   2.775600    -0.9416   2.775880    7.79207    -0.1004    13.8155 0.0000e+00  -62.72867  -62.09750 1154429396 213.451359    34.2279      39970         10  0.000e+00
    199.151    -0.9413   2.775633    -0.9414   2.775880    7.79204    -0.0343    13.8155 0.0000e+00  -62.72867  -62.09750 1154429396 213.451359    34.2287      39971         10  0.000e+00
    199.218    -0.9412   2.775597    -0.9414   2.775897    7.79213    -0.0233    13.8155 0.0000e+00  -62.72867  -62.09750 1154429396 213.451359    34.2280      39972         10  0.000e+00
    199.190    -0.9416   2.775610    -0.9410   2.775862    7.78735    -0.0454    13.8155 0.0000e+00  -62.72867  -62.09750 1154429396 213.451360    34.2287      39973         10  0.000e+00
    199.151    -0.9410   2.775623    -0.9411   2.775868    7.78720    -0.0454    13.8155 0.0000e+00  -62.72867  -62.09750 1154429396 213.451360    34.2282      39974         10  0.000e+00
    199.190    -0.9412   2.775604    -0.9414   2.775903    7.79209     0.0097    13.8155 0.0000e+00  -62.72867  -62.09750 1154429396 213.451361    34.2282      39975         10  0.000e+00
    199.218    -0.9410   2.775600    -0.9413   2.775862    7.79210    -0.0123    13.8155 0.0000e+00  -62.72867  -62.09750 1154429396 213.451361    34.2279      39976         10  0.000e+00
    199.218    -0.9415   2.775617    -0.9416   2.775868    7.78736    -0.0564    13.8155 0.0000e+00  -62.72867  -62.09750 1154429396 213.451362    34.2287      39977         10  0.000e+00
    199.190    -0.9410   2.775623    -0.9411   2.775897    7.79205    -0.0343    13.8155 0.0000e+00  -62.72867  -62.09750 1154429396 213.451362    34.2282      39978         10  0.000e+00
    199.151    -0.9411   2.775604    -0.9413   2.775886    7.78724    -0.0123    13.8155 0.0000e+00  -62.72867  -62.09750 1154429396 213.451363    34.2281      39979         10  0.000e+00
    199.190    -0.9413   2.775620    -0.9413   2.775880    7.79210    -0.0674    13.8155 0.0000e+00  -62.72867  -62.09750 1154429396 213.451363    34.2285      39980         10  0.000e+00
    199.218    -0.9413   2.775591    -0.9414   2.775880    7.79215    -0.0343    13.8155 0.0000e+00  -62.72867  -62.09750 1154429396 213.451364    34.2281      39981         10  0.000e+00
    199.218    -0.9415   2.775594    -0.9416   2.775903    7.79218    -0.0123    13.8155 0.0000e+00  -62.72867  -62.09750 1154429396 213.451364    34.2284      39982         10  0.000e+00
    199.189    -0.9416   2.775584    -0.9411   2.775909    7.78737    -0.0013    13.8155 0.0000e+00  -62.72867  -62.09750 1154429396 213.451365    34.2283      39983         10  0.000e+00
    199.285    -0.9411   2.775630    -0.9410   2.775909    7.78736     0.0207    13.8155 0.0000e+00  -62.72867  -62.09750 1154429396 213.451365    34.2284      39984         10  0.000e+00
    199.218    -0.9413   2.775610    -0.9411   2.775909    7.79214     0.0428    13.8155 0.0000e+00  -62.72867  -62.09750 1154429396 213.451366    34.2284      39985         10  0.000e+00
    149.428    -0.8428   2.780165    -0.8430   2.780447    7.70071    -0.0564    13.8155 0.0000e+00  -62.72867  -62.09750 1154429511 213.452693    34.2093      42737         11  0.000e+00
    149.438    -0.8433   2.780113    -0.8427   2.780424    7.70083     0.0648    13.8155 0.0000e+00  -62.72867  -62.09750 1154429511 213.452693    34.2091      42738         11  0.000e+00
    149.428    -0.8431   2.780106    -0.8430   2.780418    7.70080    -0.0013    13.8155 0.0000e+00  -62.72867  -62.09750 1154429511 213.452694    34.2088      42739         11  0.000e+00
    149.285    -0.8431   2.780099    -0.8426   2.780435    7.70065    -0.0454    13.8155 0.0000e+00  -62.72867  -62.09750 1154429511 213.452694    34.2088      42740         11  0.000e+00
    149.361    -0.8430   2.780027    -0.8429   2.780424    7.70076    -0.0343    13.8155 0.0000e+00  -62.72867  -62.09750 1154429511 213.452695    34.2076      42741         11  0.000e+00
    149.361    -0.8439   2.780024    -0.8428   2.780395    7.70091    -0.0123    13.8155 0.0000e+00  -62.72867  -62.09750 1154429511 213.452695    34.2086      42742         11  0.000e+00
    149.218    -0.8436   2.780020    -0.8432   2.780371    7.70071    -0.0123    13.8155 0.0000e+00  -62.72867  -62.09750 1154429511 213.452696    34.2083      42743         11  0.000e+00
    149.285    -0.8436   2.779974    -0.8428   2.780319    7.70081    -0.0454    13.8155 0.0000e+00  -62.72867  -62.09750 1154429511 213.452696    34.2076      42744         11  0.000e+00
    149.218    -0.8439   2.779977    -0.8435   2.780267    7.70079    -0.0564    13.8155 0.0000e+00  -62.72867  -62.09750 1154429511 213.452697    34.2080      42745         11  0.000e+00
    149.218    -0.8441   2.779977    -0.8433   2.780273    7.70082    -0.0674    13.8155 0.0000e+00  -62.72867  -62.09750 1154429511 213.452697    34.2082      42746         11  0.000e+00
    149.151    -0.8444   2.779948    -0.8441   2.780261    7.70081    -0.0343    13.8155 0.0000e+00  -62.72867  -62.09750 1154429511 213.452698    34.2082      42747         11  0.000e+00
    149.075    -0.8447   2.779921    -0.8441   2.780215    7.70080    -0.0454    13.8155 0.0000e+00  -62.72867  -62.09750 1154429511 213.452698    34.2082      42748         11  0.000e+00
    149.151    -0.8441   2.779928    -0.8444   2.780203    7.70078    -0.0894    13.8155 0.0000e+00  -62.72867  -62.09750 1154429511 213.452699    34.2076      42749         11  0.000e+00
    149.075    -0.8448   2.779901    -0.8447   2.780203    7.70083    -0.0343    13.8155 0.0000e+00  -62.72867  -62.09750 1154429511 213.452699    34.2081      42750         11  0.000e+00
    149.084    -0.8447   2.779895    -0.8448   2.780186    7.70082    -0.0784    13.8155 0.0000e+00  -62.72867  -62.09750 1154429511 213.452700    34.2079      42751         11  0.000e+00
    149.008    -0.8450   2.779944    -0.8445   2.780157    7.70076    -0.1555    13.8155 0.0000e+00  -62.72867  -62.09750 1154429512 213.452700    34.2090      42752         11  0.000e+00
    149.075    -0.8450   2.779938    -0.8448   2.780186    7.70083    -0.1225    13.8155 0.0000e+00  -62.72867  -62.09750 1154429512 213.452701    34.2088      42753         11  0.000e+00
    149.008    -0.8450   2.779921    -0.8439   2.780220    7.70078    -0.0674    13.8155 0.0000e+00  -62.72867  -62.09750 1154429512 213.452701    34.2087      42754         11  0.000e+00
    149.008    -0.8448   2.779934    -0.8441   2.780191    7.70074    -0.1114    13.8155 0.0000e+00  -62.72867  -62.09750 1154429512 213.452702    34.2086      42755         11  0.000e+00
    149.008    -0.8448   2.779901    -0.8444   2.780157    7.70076    -0.0564    13.8155 0.0000e+00  -62.72867  -62.09750 1154429512 213.452702    34.2082      42756         11  0.000e+00
