product_data/regression_test/downloaded_data/MDGS/320620060703/ctd/p6623504.cnv
* Sea-Bird SBE 9 Data File:
* FileName = D:\Data\Raw\p6623504.dat
* Software Version Seasave Win32 V 5.32
* Temperature SN = 1649
* Conductivity SN = 1431
* Number of Bytes Per Scan = 37
* Number of Voltage Words = 5
* Number of Scans Averaged by the Deck Unit = 1
* NMEA Latitude = 61 47.47 S
* NMEA Longitude = 053 17.41 W
* NMEA UTC (Time) = 18:47:37
** Ship:   Nathaniel B. Palmer 
** Cruise:    NBP0606 
# nquan = 15
# nvalues = 468                         
# units = specified
# name 0 = prDM: Pressure, Digiquartz [db]
# name 1 = t090C: Temperature [ITS-90, deg C]
# name 2 = c0S/m: Conductivity [S/m]
# name 3 = t190C: Temperature, 2 [ITS-90, deg C]
# name 4 = c1S/m: Conductivity, 2 [S/m]
# name 5 = sbeox0ML/L: Oxygen, SBE 43 [ml/l]
# name 6 = flECO-AFL: Fluorescence, Wetlab ECO-AFL/FL [mg/m^3]
# name 7 = bat: Beam Attenuation, Chelsea/Seatech/Wetlab CStar [1/m]
# name 8 = spar: SPAR/Surface Irradiance
# name 9 = latitude: Latitude [deg]
# name 10 = longitude: Longitude [deg]
# name 11 = timeY: Time, System [seconds]
# name 12 = timeJ: Julian Days
# name 13 = sal00: Salinity [PSU]
# name 14 = flag: flag
# span 0 =      2.000,    469.000       
# span 1 =    -1.7504,    -0.6828       
# span 2 =   2.699233,   2.827366       
# span 3 =    -1.7508,    -0.6819       
# span 4 =   2.699759,   2.827480       
# span 5 =    6.63797,    7.70941       
# span 6 =    -0.0935,     0.1412       
# span 7 =    13.8155,    13.8155       
# span 8 = 1.0942e+02, 4.3040e+02       
# span 9 =  -61.79117,  -61.79117       
# span 10 =  -53.29017,  -53.29017      
# span 11 = 1154976564, 1154977302      
# span 12 = 219.784317, 219.792864      
# span 13 =    34.2248,    34.4730      
# span 14 = 0.0000e+00, 0.0000e+00      
# interval = decibars: 1                
# start_time = Aug 07 2006 18:49:11
# bad_flag = -9.990e-29
*END*
      2.000    -1.7405   2.699889    -1.7432   2.700301    7.69718     0.1412    13.8155 4.3040e+02  -61.79117  -53.29017 1154976564 219.784317    34.2251 0.0000e+00
      3.000    -1.7455   2.699492    -1.7470   2.700020    7.61021     0.0991    13.8155 4.2866e+02  -61.79117  -53.29017 1154976569 219.784377    34.2250 0.0000e+00
      4.000    -1.7477   2.699342    -1.7489   2.699899    7.59895     0.1236    13.8155 4.2617e+02  -61.79117  -53.29017 1154976572 219.784420    34.2248 0.0000e+00
      5.000    -1.7483   2.699336    -1.7492   2.699850    7.62883     0.1238    13.8155 4.2459e+02  -61.79117  -53.29017 1154976576 219.784459    34.2248 0.0000e+00
      6.000    -1.7504   2.699233    -1.7508   2.699759    7.64194     0.1104    13.8155 4.2246e+02  -61.79117  -53.29017 1154976579 219.784491    34.2251 0.0000e+00
      7.000    -1.7485   2.699452    -1.7493   2.699933    7.65047     0.1077    13.8155 4.2227e+02  -61.79117  -53.29017 1154976581 219.784521    34.2253 0.0000e+00
      8.000    -1.7448   2.699838    -1.7455   2.700321    7.66022     0.0988    13.8155 4.2157e+02  -61.79117  -53.29017 1154976584 219.784549    34.2256 0.0000e+00
      9.000    -1.7448   2.699883    -1.7453   2.700387    7.66955     0.1122    13.8155 4.2105e+02  -61.79117  -53.29017 1154976586 219.784575    34.2256 0.0000e+00
     10.000    -1.7457   2.699861    -1.7464   2.700334    7.67049     0.1208    13.8155 4.2068e+02  -61.79117  -53.29017 1154976588 219.784599    34.2257 0.0000e+00
     11.000    -1.7457   2.699897    -1.7464   2.700368    7.67477     0.1224    13.8155 4.1839e+02  -61.79117  -53.29017 1154976590 219.784624    34.2258 0.0000e+00
     12.000    -1.7446   2.700048    -1.7453   2.700503    7.67980     0.1265    13.8155 4.1818e+02  -61.79117  -53.29017 1154976592 219.784649    34.2258 0.0000e+00
     13.000    -1.7459   2.699995    -1.7463   2.700468    7.68471     0.1095    13.8155 4.1999e+02  -61.79117  -53.29017 1154976594 219.784674    34.2259 0.0000e+00
     14.000    -1.7444   2.700173    -1.7442   2.700695    7.69143     0.1100    13.8155 4.1550e+02  -61.79117  -53.29017 1154976597 219.784699    34.2260 0.0000e+00
     15.000    -1.7463   2.700057    -1.7471   2.700495    7.69563     0.1151    13.8155 4.1633e+02  -61.79117  -53.29017 1154976599 219.784725    34.2260 0.0000e+00
     16.000    -1.7473   2.700019    -1.7477   2.700484    7.69660     0.1111    13.8155 4.1698e+02  -61.79117  -53.29017 1154976601 219.784751    34.2260 0.0000e+00
     17.000    -1.7473   2.700061    -1.7475   2.700530    7.70046     0.1189    13.8155 4.1520e+02  -61.79117  -53.29017 1154976603 219.784777    34.2260 0.0000e+00
     18.000    -1.7439   2.700409    -1.7437   2.700917    7.69753     0.1051    13.8155 4.1547e+02  -61.79117  -53.29017 1154976605 219.784801    34.2262 0.0000e+00
     19.000    -1.7421   2.700627    -1.7424   2.701079    7.69856     0.0935    13.8155 4.1594e+02  -61.79117  -53.29017 1154976607 219.784823    34.2264 0.0000e+00
     20.000    -1.7405   2.700824    -1.7413   2.701220    7.69947     0.0958    13.8155 4.1554e+02  -61.79117  -53.29017 1154976609 219.784846    34.2266 0.0000e+00
     21.000    -1.7398   2.700935    -1.7402   2.701369    7.70053     0.0878    13.8155 4.1535e+02  -61.79117  -53.29017 1154976611 219.784869    34.2267 0.0000e+00
     22.000    -1.7392   2.701030    -1.7399   2.701446    7.70305     0.1048    13.8155 4.1487e+02  -61.79117  -53.29017 1154976613 219.784892    34.2268 0.0000e+00
     23.000    -1.7392   2.701091    -1.7397   2.701522    7.70762     0.0960    13.8155 4.1328e+02  -61.79117  -53.29017 1154976615 219.784915    34.2270 0.0000e+00
     24.000    -1.7402   2.701055    -1.7407   2.701475    7.70941     0.0859    13.8155 4.1387e+02  -61.79117  -53.29017 1154976617 219.784939    34.2270 0.0000e+00
     25.000    -1.7398   2.701138    -1.7405   2.701554    7.70745     0.1139    13.8155 4.1492e+02  -61.79117  -53.29017 1154976619 219.784961    34.2271 0.0000e+00
     26.000    -1.7396   2.701210    -1.7406   2.701596    7.70503     0.0738    13.8155 4.1367e+02  -61.79117  -53.29017 1154976621 219.784984    34.2272 0.0000e+00
     27.000    -1.7366   2.701555    -1.7374   2.701967    7.70627     0.0843    13.8155 4.1464e+02  -61.79117  -53.29017 1154976623 219.785006    34.2278 0.0000e+00
     28.000    -1.7347   2.701749    -1.7362   2.702137    7.70731     0.0839    13.8155 4.1186e+02  -61.79117  -53.29017 1154976625 219.785029    34.2283 0.0000e+00
     29.000    -1.7373   2.701587    -1.7380   2.702015    7.70677     0.1103    13.8155 4.1058e+02  -61.79117  -53.29017 1154976627 219.785051    34.2279 0.0000e+00
     30.000    -1.7370   2.701670    -1.7380   2.702068    7.70718     0.0669    13.8155 4.1270e+02  -61.79117  -53.29017 1154976629 219.785074    34.2281 0.0000e+00
     31.000    -1.7383   2.701597    -1.7387   2.702044    7.70619     0.0847    13.8155 4.1001e+02  -61.79117  -53.29017 1154976631 219.785096    34.2279 0.0000e+00
     32.000    -1.7404   2.701440    -1.7408   2.701855    7.70717     0.0805    13.8155 4.0914e+02  -61.79117  -53.29017 1154976633 219.785118    34.2276 0.0000e+00
     33.000    -1.7375   2.701765    -1.7389   2.702094    7.70522     0.0729    13.8155 4.0959e+02  -61.79117  -53.29017 1154976635 219.785141    34.2281 0.0000e+00
     34.000    -1.7298   2.702566    -1.7335   2.702692    7.70676     0.0784    13.8155 4.0898e+02  -61.79117  -53.29017 1154976637 219.785163    34.2295 0.0000e+00
     35.000    -1.7283   2.702758    -1.7292   2.703118    7.70512     0.0979    13.8155 4.1010e+02  -61.79117  -53.29017 1154976639 219.785185    34.2297 0.0000e+00
     36.000    -1.7297   2.702657    -1.7301   2.703085    7.69956     0.0790    13.8155 4.0839e+02  -61.79117  -53.29017 1154976641 219.785208    34.2294 0.0000e+00
     37.000    -1.7290   2.702774    -1.7291   2.703215    7.69769     0.0901    13.8155 4.0716e+02  -61.79117  -53.29017 1154976642 219.785230    34.2297 0.0000e+00
     38.000    -1.7281   2.702917    -1.7273   2.703432    7.69750     0.0757    13.8155 4.0760e+02  -61.79117  -53.29017 1154976644 219.785253    34.2300 0.0000e+00
     39.000    -1.7286   2.702917    -1.7290   2.703313    7.69424     0.0665    13.8155 4.0640e+02  -61.79117  -53.29017 1154976646 219.785275    34.2300 0.0000e+00
     40.000    -1.7274   2.703081    -1.7259   2.703652    7.69475     0.0711    13.8155 4.0509e+02  -61.79117  -53.29017 1154976648 219.785298    34.2302 0.0000e+00
     41.000    -1.7235   2.703501    -1.7238   2.703896    7.69596     0.0850    13.8155 4.0484e+02  -61.79117  -53.29017 1154976650 219.785320    34.2308 0.0000e+00
     42.000    -1.7229   2.703600    -1.7233   2.703985    7.69331     0.0946    13.8155 4.0503e+02  -61.79117  -53.29017 1154976652 219.785342    34.2309 0.0000e+00
     43.000    -1.7220   2.703724    -1.7225   2.704096    7.69123     0.0861    13.8155 4.0490e+02  -61.79117  -53.29017 1154976654 219.785364    34.2309 0.0000e+00
     44.000    -1.7220   2.703772    -1.7224   2.704158    7.68995     0.0789    13.8155 4.0258e+02  -61.79117  -53.29017 1154976656 219.785387    34.2309 0.0000e+00
     45.000    -1.7218   2.703833    -1.7225   2.704182    7.68750     0.0735    13.8155 4.0384e+02  -61.79117  -53.29017 1154976658 219.785409    34.2310 0.0000e+00
     46.000    -1.7227   2.703811    -1.7230   2.704184    7.68905     0.0793    13.8155 4.0316e+02  -61.79117  -53.29017 1154976660 219.785431    34.2312 0.0000e+00
     47.000    -1.7224   2.703883    -1.7226   2.704276    7.68908     0.0723    13.8155 4.0133e+02  -61.79117  -53.29017 1154976662 219.785454    34.2311 0.0000e+00
     48.000    -1.7224   2.703933    -1.7229   2.704292    7.68868     0.0862    13.8155 4.0163e+02  -61.79117  -53.29017 1154976664 219.785476    34.2312 0.0000e+00
     49.000    -1.7223   2.703993    -1.7226   2.704360    7.69157     0.0740    13.8155 4.0252e+02  -61.79117  -53.29017 1154976666 219.785498    34.2313 0.0000e+00
     50.000    -1.7211   2.704148    -1.7216   2.704489    7.69557     0.0942    13.8155 4.0216e+02  -61.79117  -53.29017 1154976668 219.785520    34.2314 0.0000e+00
     51.000    -1.7214   2.704164    -1.7217   2.704525    7.69860     0.0779    13.8155 4.0079e+02  -61.79117  -53.29017 1154976669 219.785543    34.2314 0.0000e+00
     52.000    -1.7204   2.704301    -1.7207   2.704666    7.69875     0.0907    13.8155 3.9972e+02  -61.79117  -53.29017 1154976671 219.785565    34.2315 0.0000e+00
     53.000    -1.7203   2.704369    -1.7205   2.704721    7.69607     0.0658    13.8155 4.0001e+02  -61.79117  -53.29017 1154976673 219.785587    34.2316 0.0000e+00
     54.000    -1.7197   2.704471    -1.7197   2.704833    7.69618     0.0773    13.8155 4.0079e+02  -61.79117  -53.29017 1154976675 219.785609    34.2317 0.0000e+00
     55.000    -1.7189   2.704574    -1.7191   2.704933    7.69755     0.0650    13.8155 4.0001e+02  -61.79117  -53.29017 1154976677 219.785632    34.2316 0.0000e+00
     56.000    -1.7189   2.704630    -1.7188   2.704993    7.69632     0.0795    13.8155 3.9923e+02  -61.79117  -53.29017 1154976679 219.785654    34.2317 0.0000e+00
     57.000    -1.7187   2.704688    -1.7190   2.705036    7.69507     0.0590    13.8155 3.9880e+02  -61.79117  -53.29017 1154976681 219.785676    34.2317 0.0000e+00
     58.000    -1.7188   2.704736    -1.7189   2.705094    7.69423     0.0667    13.8155 3.9723e+02  -61.79117  -53.29017 1154976683 219.785699    34.2318 0.0000e+00
     59.000    -1.7184   2.704817    -1.7184   2.705176    7.69256     0.0674    13.8155 3.9742e+02  -61.79117  -53.29017 1154976685 219.785721    34.2318 0.0000e+00
     60.000    -1.7181   2.704898    -1.7179   2.705257    7.69845     0.0757    13.8155 3.9733e+02  -61.79117  -53.29017 1154976687 219.785743    34.2320 0.0000e+00
     61.000    -1.7177   2.704991    -1.7177   2.705331    7.69679     0.0696    13.8155 3.9664e+02  -61.79117  -53.29017 1154976689 219.785765    34.2321 0.0000e+00
     62.000    -1.7180   2.705010    -1.7180   2.705354    7.69515     0.0687    13.8155 3.9734e+02  -61.79117  -53.29017 1154976691 219.785787    34.2321 0.0000e+00
     63.000    -1.7187   2.704996    -1.7184   2.705363    7.69635     0.0702    13.8155 3.9721e+02  -61.79117  -53.29017 1154976692 219.785809    34.2322 0.0000e+00
     64.000    -1.7183   2.705075    -1.7182   2.705428    7.69668     0.0710    13.8155 3.9580e+02  -61.79117  -53.29017 1154976694 219.785831    34.2322 0.0000e+00
     65.000    -1.7193   2.705037    -1.7191   2.705378    7.69560     0.0842    13.8155 3.9480e+02  -61.79117  -53.29017 1154976696 219.785853    34.2321 0.0000e+00
     66.000    -1.7168   2.705340    -1.7167   2.705664    7.69612     0.0903    13.8155 3.9459e+02  -61.79117  -53.29017 1154976698 219.785875    34.2328 0.0000e+00
     67.000    -1.7100   2.706023    -1.7100   2.706376    7.69644     0.0576    13.8155 3.9517e+02  -61.79117  -53.29017 1154976700 219.785897    34.2341 0.0000e+00
     68.000    -1.7054   2.706549    -1.7049   2.706894    7.69517     0.0618    13.8155 3.9390e+02  -61.79117  -53.29017 1154976702 219.785919    34.2349 0.0000e+00
     69.000    -1.7024   2.706880    -1.7018   2.707240    7.69042     0.0640    13.8155 3.9320e+02  -61.79117  -53.29017 1154976704 219.785941    34.2355 0.0000e+00
     70.000    -1.7022   2.706951    -1.7020   2.707269    7.68889     0.0572    13.8155 3.9404e+02  -61.79117  -53.29017 1154976706 219.785963    34.2356 0.0000e+00
     71.000    -1.7017   2.707047    -1.7013   2.707373    7.68643     0.0459    13.8155 3.9331e+02  -61.79117  -53.29017 1154976708 219.785985    34.2357 0.0000e+00
     72.000    -1.6989   2.707371    -1.6983   2.707714    7.68259     0.0786    13.8155 3.9410e+02  -61.79117  -53.29017 1154976710 219.786007    34.2364 0.0000e+00
     73.000    -1.6922   2.708067    -1.6918   2.708385    7.68206     0.0879    13.8155 3.9384e+02  -61.79117  -53.29017 1154976712 219.786029    34.2377 0.0000e+00
     74.000    -1.6873   2.708611    -1.6869   2.708935    7.67681     0.0789    13.8155 3.9353e+02  -61.79117  -53.29017 1154976713 219.786051    34.2388 0.0000e+00
     75.000    -1.6846   2.708952    -1.6841   2.709273    7.67667     0.0696    13.8155 3.9353e+02  -61.79117  -53.29017 1154976715 219.786073    34.2399 0.0000e+00
     76.000    -1.6824   2.709240    -1.6817   2.709577    7.68327     0.0471    13.8155 3.9211e+02  -61.79117  -53.29017 1154976717 219.786095    34.2406 0.0000e+00
     77.000    -1.6755   2.709993    -1.6737   2.710433    7.68229     0.0592    13.8155 3.9142e+02  -61.79117  -53.29017 1154976719 219.786117    34.2426 0.0000e+00
     78.000    -1.6726   2.710329    -1.6719   2.710656    7.67886     0.0740    13.8155 3.9158e+02  -61.79117  -53.29017 1154976721 219.786140    34.2431 0.0000e+00
     79.000    -1.6679   2.710866    -1.6668   2.711220    7.67581     0.0745    13.8155 3.9098e+02  -61.79117  -53.29017 1154976723 219.786162    34.2446 0.0000e+00
     80.000    -1.6584   2.711894    -1.6590   2.712080    7.67185     0.0368    13.8155 3.9140e+02  -61.79117  -53.29017 1154976725 219.786184    34.2472 0.0000e+00
     81.000    -1.6534   2.712443    -1.6524   2.712790    7.66725     0.0585    13.8155 3.9116e+02  -61.79117  -53.29017 1154976727 219.786206    34.2484 0.0000e+00
     82.000    -1.6456   2.713284    -1.6443   2.713641    7.65738     0.0557    13.8155 3.9098e+02  -61.79117  -53.29017 1154976729 219.786228    34.2503 0.0000e+00
     83.000    -1.6447   2.713419    -1.6439   2.713742    7.64708     0.0586    13.8155 3.9066e+02  -61.79117  -53.29017 1154976731 219.786250    34.2507 0.0000e+00
     84.000    -1.6371   2.714238    -1.6357   2.714566    7.64402     0.0672    13.8155 3.8938e+02  -61.79117  -53.29017 1154976732 219.786272    34.2527 0.0000e+00
     85.000    -1.6199   2.715979    -1.6192   2.716259    7.64450     0.0555    13.8155 3.8963e+02  -61.79117  -53.29017 1154976734 219.786294    34.2559 0.0000e+00
     86.000    -1.6082   2.717147    -1.6069   2.717465    7.64180     0.0302    13.8155 3.8963e+02  -61.79117  -53.29017 1154976736 219.786316    34.2579 0.0000e+00
     87.000    -1.5969   2.718245    -1.5956   2.718560    7.63397     0.0483    13.8155 3.8911e+02  -61.79117  -53.29017 1154976738 219.786339    34.2595 0.0000e+00
     88.000    -1.5747   2.720380    -1.5724   2.720761    7.62028     0.0455    13.8155 3.8886e+02  -61.79117  -53.29017 1154976740 219.786361    34.2626 0.0000e+00
     89.000    -1.5582   2.721986    -1.5562   2.722357    7.60818     0.0565    13.8155 3.8849e+02  -61.79117  -53.29017 1154976742 219.786383    34.2650 0.0000e+00
     90.000    -1.5396   2.723780    -1.5385   2.724036    7.60145     0.0438    13.8155 3.8542e+02  -61.79117  -53.29017 1154976744 219.786405    34.2678 0.0000e+00
     91.000    -1.5282   2.724860    -1.5266   2.725201    7.59812     0.0455    13.8155 3.8499e+02  -61.79117  -53.29017 1154976746 219.786427    34.2690 0.0000e+00
     92.000    -1.5243   2.725269    -1.5229   2.725596    7.59064     0.0521    13.8155 3.8385e+02  -61.79117  -53.29017 1154976748 219.786450    34.2698 0.0000e+00
     93.000    -1.5212   2.725597    -1.5202   2.725884    7.58635     0.0309    13.8155 3.8378e+02  -61.79117  -53.29017 1154976750 219.786472    34.2704 0.0000e+00
     94.000    -1.5184   2.725903    -1.5171   2.726207    7.57921     0.0349    13.8155 3.8378e+02  -61.79117  -53.29017 1154976752 219.786494    34.2710 0.0000e+00
     95.000    -1.5169   2.726070    -1.5159   2.726370    7.57989     0.0581    13.8155 3.8378e+02  -61.79117  -53.29017 1154976754 219.786516    34.2712 0.0000e+00
     96.000    -1.4992   2.727808    -1.4986   2.728016    7.57135     0.0555    13.8155 3.8378e+02  -61.79117  -53.29017 1154976755 219.786538    34.2742 0.0000e+00
     97.000    -1.4737   2.730212    -1.4736   2.730383    7.56049     0.0218    13.8155 3.8378e+02  -61.79117  -53.29017 1154976757 219.786559    34.2766 0.0000e+00
