product_data/regression_test/downloaded_data/MDGS/320620060703/ctd/p6622301.cnv
* Sea-Bird SBE 9 Data File:
* FileName = D:\Data\Raw\p6622301.dat
* Software Version Seasave Win32 V 5.32
* Temperature SN = 1649
* Conductivity SN = 1431
* Number of Bytes Per Scan = 37
* Number of Voltage Words = 5
* Number of Scans Averaged by the Deck Unit = 1
* NMEA Latitude = 62 45.31 S
* NMEA Longitude = 057 47.75 W
* NMEA UTC (Time) = 14:19:13
** Ship:   Nathaniel B. Palmer 
** Cruise:    NBP0606 
# nquan = 15
# nvalues = 701                         
# units = specified
# name 0 = prDM: Pressure, Digiquartz [db]
# name 1 = t090C: Temperature [ITS-90, deg C]
# name 2 = c0S/m: Conductivity [S/m]
# name 3 = t190C: Temperature, 2 [ITS-90, deg C]
# name 4 = c1S/m: Conductivity, 2 [S/m]
# name 5 = sbeox0ML/L: Oxygen, SBE 43 [ml/l]
# name 6 = flECO-AFL: Fluorescence, Wetlab ECO-AFL/FL [mg/m^3]
# name 7 = bat: Beam Attenuation, Chelsea/Seatech/Wetlab CStar [1/m]
# name 8 = spar: SPAR/Surface Irradiance
# name 9 = latitude: Latitude [deg]
# name 10 = longitude: Longitude [deg]
# name 11 = timeY: Time, System [seconds]
# name 12 = timeJ: Julian Days
# name 13 = sal00: Salinity [PSU]
# name 14 = flag: flag
# span 0 =      1.000,    701.000       
# span 1 =    -1.8034,    -0.6220       
# span 2 =   2.704233,   2.841397       
# span 3 =    -1.8042,    -0.6214       
# span 4 =   2.704841,   2.841595       
# span 5 =    6.32686,    7.62343       
# span 6 =    -0.1099,     0.0926       
# span 7 =    13.8155,    13.8155       
# span 8 = 2.4014e+02, 6.5644e+02       
# span 9 =  -62.75517,  -62.75517       
# span 10 =  -57.79583,  -57.79583      
# span 11 = 1154614806, 1154615878      
# span 12 = 215.597309, 215.609718      
# span 13 =    34.3197,    34.5481      
# span 14 = 0.0000e+00, 0.0000e+00      
# interval = decibars: 1                
# start_time = Aug 03 2006 14:19:57
# bad_flag = -9.990e-29
*END*
      1.000    -1.7693   2.705719    -1.7779   2.706034    7.44943     0.0477    13.8155 2.7015e+02  -62.75517  -57.79583 1154614806 215.597309    34.3403 0.0000e+00
      2.000    -1.7672   2.704854    -1.7667   2.705577    7.44760     0.0602    13.8155 2.6203e+02  -62.75517  -57.79583 1154614836 215.597664    34.3260 0.0000e+00
      3.000    -1.7648   2.704990    -1.7638   2.705711    7.44578     0.0743    13.8155 2.5917e+02  -62.75517  -57.79583 1154614840 215.597706    34.3240 0.0000e+00
      4.000    -1.7615   2.705184    -1.7629   2.705796    7.44197     0.0726    13.8155 2.5720e+02  -62.75517  -57.79583 1154614844 215.597752    34.3222 0.0000e+00
      5.000    -1.7614   2.705134    -1.7641   2.705648    7.43771     0.0926    13.8155 2.5509e+02  -62.75517  -57.79583 1154614848 215.597803    34.3207 0.0000e+00
      6.000    -1.7628   2.705069    -1.7639   2.705715    7.43098     0.0678    13.8155 2.5321e+02  -62.75517  -57.79583 1154614852 215.597854    34.3208 0.0000e+00
      7.000    -1.7623   2.705174    -1.7623   2.705928    7.42890     0.0775    13.8155 2.5326e+02  -62.75517  -57.79583 1154614856 215.597893    34.3211 0.0000e+00
      8.000    -1.7616   2.705183    -1.7630   2.705794    7.42817     0.0785    13.8155 2.5177e+02  -62.75517  -57.79583 1154614859 215.597929    34.3197 0.0000e+00
      9.000    -1.7623   2.705210    -1.7633   2.705891    7.43260     0.0771    13.8155 2.5143e+02  -62.75517  -57.79583 1154614862 215.597965    34.3203 0.0000e+00
     10.000    -1.7626   2.705371    -1.7638   2.705999    7.43404     0.0841    13.8155 2.5233e+02  -62.75517  -57.79583 1154614865 215.598002    34.3222 0.0000e+00
     11.000    -1.7628   2.705430    -1.7642   2.706064    7.43562     0.0814    13.8155 -9.990e-29  -62.75517  -57.79583 1154614868 215.598032    34.3227 0.0000e+00
     12.000    -1.7631   2.705479    -1.7642   2.706125    7.44772     0.0919    13.8155 2.5155e+02  -62.75517  -57.79583 1154614870 215.598057    34.3230 0.0000e+00
     13.000    -1.7696   2.705248    -1.7702   2.705883    7.46911     0.0701    13.8155 2.5317e+02  -62.75517  -57.79583 1154614872 215.598080    34.3270 0.0000e+00
     14.000    -1.7766   2.705309    -1.7793   2.705897    7.50535     0.0773    13.8155 2.5326e+02  -62.75517  -57.79583 1154614874 215.598102    34.3355 0.0000e+00
     15.000    -1.7757   2.705722    -1.7767   2.706348    7.53398     0.0705    13.8155 2.5495e+02  -62.75517  -57.79583 1154614876 215.598124    34.3394 0.0000e+00
     16.000    -1.7759   2.705804    -1.7770   2.706417    7.55435     0.0780    13.8155 2.5505e+02  -62.75517  -57.79583 1154614878 215.598147    34.3401 0.0000e+00
     17.000    -1.7765   2.705859    -1.7774   2.706473    7.57498     0.0746    13.8155 2.5863e+02  -62.75517  -57.79583 1154614880 215.598171    34.3409 0.0000e+00
     18.000    -1.7778   2.705831    -1.7791   2.706414    7.58641     0.0637    13.8155 2.5934e+02  -62.75517  -57.79583 1154614882 215.598196    34.3412 0.0000e+00
     19.000    -1.7867   2.705165    -1.7882   2.705758    7.60374     0.0611    13.8155 2.5910e+02  -62.75517  -57.79583 1154614884 215.598220    34.3419 0.0000e+00
     20.000    -1.7960   2.704491    -1.7973   2.705097    7.61725     0.0551    13.8155 2.5910e+02  -62.75517  -57.79583 1154614886 215.598244    34.3429 0.0000e+00
     21.000    -1.7997   2.704260    -1.8010   2.704860    7.62203     0.0776    13.8155 2.5852e+02  -62.75517  -57.79583 1154614888 215.598267    34.3433 0.0000e+00
     22.000    -1.8024   2.704233    -1.8033   2.704841    7.62277     0.0557    13.8155 2.5706e+02  -62.75517  -57.79583 1154614890 215.598289    34.3453 0.0000e+00
     23.000    -1.8034   2.704386    -1.8042   2.705008    7.62343     0.0693    13.8155 2.5449e+02  -62.75517  -57.79583 1154614892 215.598311    34.3479 0.0000e+00
     24.000    -1.8030   2.704512    -1.8039   2.705110    7.61860     0.0563    13.8155 2.5329e+02  -62.75517  -57.79583 1154614894 215.598333    34.3484 0.0000e+00
     25.000    -1.8015   2.704736    -1.8023   2.705327    7.61376     0.0724    13.8155 2.5182e+02  -62.75517  -57.79583 1154614896 215.598356    34.3491 0.0000e+00
     26.000    -1.7921   2.705669    -1.7918   2.706333    7.59948     0.0734    13.8155 2.5007e+02  -62.75517  -57.79583 1154614898 215.598379    34.3503 0.0000e+00
     27.000    -1.7830   2.706536    -1.7834   2.707112    7.59265     0.0881    13.8155 2.4887e+02  -62.75517  -57.79583 1154614900 215.598403    34.3510 0.0000e+00
     28.000    -1.7420   2.710187    -1.7410   2.710823    7.57827     0.0531    13.8155 2.4722e+02  -62.75517  -57.79583 1154614902 215.598427    34.3527 0.0000e+00
     29.000    -1.7275   2.711483    -1.7274   2.712102    7.56954     0.0629    13.8155 2.4692e+02  -62.75517  -57.79583 1154614904 215.598451    34.3534 0.0000e+00
     30.000    -1.7146   2.712669    -1.7158   2.713131    7.56495     0.0251    13.8155 2.4527e+02  -62.75517  -57.79583 1154614906 215.598476    34.3541 0.0000e+00
     31.000    -1.6854   2.715278    -1.6869   2.715640    7.55456     0.0651    13.8155 2.4700e+02  -62.75517  -57.79583 1154614908 215.598500    34.3556 0.0000e+00
     32.000    -1.6771   2.716040    -1.6776   2.716575    7.54126     0.0677    13.8155 2.4637e+02  -62.75517  -57.79583 1154614910 215.598523    34.3560 0.0000e+00
     33.000    -1.6911   2.714933    -1.6917   2.715528    7.53525     0.0645    13.8155 2.4724e+02  -62.75517  -57.79583 1154614912 215.598545    34.3569 0.0000e+00
     34.000    -1.7049   2.713853    -1.7042   2.714504    7.53523     0.0406    13.8155 2.4828e+02  -62.75517  -57.79583 1154614914 215.598568    34.3580 0.0000e+00
     35.000    -1.6853   2.715618    -1.6842   2.716269    7.53384     0.0477    13.8155 2.4754e+02  -62.75517  -57.79583 1154614916 215.598593    34.3589 0.0000e+00
     36.000    -1.6766   2.716423    -1.6779   2.716886    7.52496     0.0382    13.8155 2.4999e+02  -62.75517  -57.79583 1154614919 215.598619    34.3593 0.0000e+00
     37.000    -1.6887   2.715427    -1.6891   2.716005    7.51960     0.0525    13.8155 2.5082e+02  -62.75517  -57.79583 1154614921 215.598645    34.3593 0.0000e+00
     38.000    -1.6905   2.715349    -1.6911   2.715853    7.52375     0.0478    13.8155 -9.990e-29  -62.75517  -57.79583 1154614923 215.598669    34.3597 0.0000e+00
     39.000    -1.6746   2.716808    -1.6739   2.717355    7.51985     0.0298    13.8155 2.5177e+02  -62.75517  -57.79583 1154614925 215.598691    34.3607 0.0000e+00
     40.000    -1.6562   2.718463    -1.6562   2.718984    7.51205     0.0347    13.8155 2.5341e+02  -62.75517  -57.79583 1154614927 215.598713    34.3613 0.0000e+00
     41.000    -1.6337   2.720503    -1.6329   2.721041    7.49648     0.0583    13.8155 2.5326e+02  -62.75517  -57.79583 1154614929 215.598735    34.3627 0.0000e+00
     42.000    -1.6036   2.723203    -1.6030   2.723732    7.47439     0.0272    13.8155 2.5516e+02  -62.75517  -57.79583 1154614931 215.598758    34.3641 0.0000e+00
     43.000    -1.5938   2.724124    -1.5941   2.724587    7.45604     0.0497    13.8155 2.5507e+02  -62.75517  -57.79583 1154614933 215.598783    34.3651 0.0000e+00
     44.000    -1.5639   2.726829    -1.5640   2.727215    7.43512     0.0301    13.8155 2.5720e+02  -62.75517  -57.79583 1154614935 215.598807    34.3674 0.0000e+00
     45.000    -1.5173   2.730997    -1.5143   2.731619    7.41097     0.0464    13.8155 2.5864e+02  -62.75517  -57.79583 1154614937 215.598831    34.3698 0.0000e+00
     46.000    -1.4554   2.736526    -1.4530   2.737071    7.37846     0.0127    13.8155 2.5944e+02  -62.75517  -57.79583 1154614939 215.598853    34.3731 0.0000e+00
     47.000    -1.4245   2.739319    -1.4238   2.739770    7.35279     0.0362    13.8155 2.6009e+02  -62.75517  -57.79583 1154614941 215.598875    34.3753 0.0000e+00
     48.000    -1.4081   2.740820    -1.4073   2.741311    7.33556     0.0214    13.8155 2.6239e+02  -62.75517  -57.79583 1154614943 215.598898    34.3770 0.0000e+00
     49.000    -1.3991   2.741677    -1.3983   2.742160    7.32657     0.0196    13.8155 2.6231e+02  -62.75517  -57.79583 1154614945 215.598923    34.3785 0.0000e+00
     50.000    -1.3918   2.742384    -1.3906   2.742926    7.31638     0.0095    13.8155 2.6220e+02  -62.75517  -57.79583 1154614947 215.598947    34.3797 0.0000e+00
     51.000    -1.3899   2.742590    -1.3896   2.743056    7.31312     0.0203    13.8155 2.6252e+02  -62.75517  -57.79583 1154614949 215.598970    34.3803 0.0000e+00
     52.000    -1.3896   2.742640    -1.3898   2.743074    7.30924     0.0202    13.8155 2.6004e+02  -62.75517  -57.79583 1154614951 215.598991    34.3805 0.0000e+00
     53.000    -1.3893   2.742718    -1.3894   2.743146    7.30691     0.0160    13.8155 2.6024e+02  -62.75517  -57.79583 1154614953 215.599012    34.3809 0.0000e+00
     54.000    -1.3825   2.743397    -1.3825   2.743824    7.29939     0.0132    13.8155 2.5946e+02  -62.75517  -57.79583 1154614955 215.599036    34.3819 0.0000e+00
     55.000    -1.3803   2.743639    -1.3806   2.744058    7.29359     0.0352    13.8155 2.5823e+02  -62.75517  -57.79583 1154614957 215.599066    34.3823 0.0000e+00
     56.000    -1.3753   2.744169    -1.3744   2.744644    7.28808     0.0306    13.8155 2.5626e+02  -62.75517  -57.79583 1154614960 215.599097    34.3834 0.0000e+00
     57.000    -1.3647   2.745170    -1.3656   2.745516    7.27509     0.0193    13.8155 2.5574e+02  -62.75517  -57.79583 1154614962 215.599124    34.3841 0.0000e+00
     58.000    -1.3592   2.745728    -1.3593   2.746138    7.26608    -0.0007    13.8155 2.5520e+02  -62.75517  -57.79583 1154614964 215.599147    34.3849 0.0000e+00
     59.000    -1.3383   2.747734    -1.3355   2.748304    7.25085    -0.0097    13.8155 2.5501e+02  -62.75517  -57.79583 1154614966 215.599171    34.3878 0.0000e+00
     60.000    -1.3039   2.750940    -1.3033   2.751355    7.22979     0.0121    13.8155 2.5326e+02  -62.75517  -57.79583 1154614968 215.599196    34.3907 0.0000e+00
     61.000    -1.2953   2.751843    -1.2950   2.752267    7.20845    -0.0060    13.8155 2.5337e+02  -62.75517  -57.79583 1154614971 215.599226    34.3929 0.0000e+00
     62.000    -1.3064   2.750936    -1.3063   2.751373    7.20351     0.0107    13.8155 2.5424e+02  -62.75517  -57.79583 1154614974 215.599256    34.3934 0.0000e+00
     63.000    -1.3148   2.750270    -1.3147   2.750705    7.20237     0.0122    13.8155 2.5326e+02  -62.75517  -57.79583 1154614976 215.599284    34.3936 0.0000e+00
     64.000    -1.3258   2.749404    -1.3253   2.749856    7.20268     0.0223    13.8155 2.5322e+02  -62.75517  -57.79583 1154614978 215.599309    34.3942 0.0000e+00
     65.000    -1.3288   2.749226    -1.3287   2.749639    7.19980     0.0303    13.8155 2.5286e+02  -62.75517  -57.79583 1154614980 215.599334    34.3946 0.0000e+00
     66.000    -1.3300   2.749251    -1.3294   2.749707    7.19727     0.0220    13.8155 2.5194e+02  -62.75517  -57.79583 1154614983 215.599361    34.3958 0.0000e+00
     67.000    -1.3209   2.750207    -1.3200   2.750646    7.19006     0.0162    13.8155 2.5236e+02  -62.75517  -57.79583 1154614985 215.599388    34.3976 0.0000e+00
     68.000    -1.3164   2.750683    -1.3159   2.751118    7.19019     0.0196    13.8155 2.5124e+02  -62.75517  -57.79583 1154614987 215.599414    34.3981 0.0000e+00
     69.000    -1.3483   2.747938    -1.3505   2.748243    7.20469     0.0056    13.8155 2.5313e+02  -62.75517  -57.79583 1154614990 215.599441    34.3972 0.0000e+00
     70.000    -1.3824   2.745046    -1.3845   2.745328    7.21667     0.0287    13.8155 2.5362e+02  -62.75517  -57.79583 1154614992 215.599467    34.3970 0.0000e+00
     71.000    -1.4046   2.743207    -1.4038   2.743682    7.22765     0.0317    13.8155 2.5364e+02  -62.75517  -57.79583 1154614994 215.599494    34.3968 0.0000e+00
     72.000    -1.4049   2.743239    -1.4039   2.743726    7.23153     0.0286    13.8155 2.5326e+02  -62.75517  -57.79583 1154614997 215.599522    34.3965 0.0000e+00
     73.000    -1.4108   2.742805    -1.4098   2.743311    7.23492     0.0265    13.8155 2.5326e+02  -62.75517  -57.79583 1154614999 215.599549    34.3963 0.0000e+00
     74.000    -1.4259   2.741579    -1.4247   2.742086    7.24086     0.0174    13.8155 2.5516e+02  -62.75517  -57.79583 1154615001 215.599575    34.3963 0.0000e+00
     75.000    -1.4324   2.741087    -1.4312   2.741585    7.24724     0.0417    13.8155 2.5368e+02  -62.75517  -57.79583 1154615003 215.599600    34.3964 0.0000e+00
     76.000    -1.4350   2.740906    -1.4348   2.741313    7.25201     0.0221    13.8155 2.5237e+02  -62.75517  -57.79583 1154615005 215.599624    34.3960 0.0000e+00
     77.000    -1.4333   2.741131    -1.4325   2.741568    7.25046     0.0135    13.8155 2.4886e+02  -62.75517  -57.79583 1154615008 215.599650    34.3961 0.0000e+00
     78.000    -1.4385   2.740737    -1.4387   2.741129    7.25782     0.0235    13.8155 2.4650e+02  -62.75517  -57.79583 1154615010 215.599675    34.3962 0.0000e+00
     79.000    -1.4528   2.739570    -1.4533   2.739924    7.26404     0.0389    13.8155 2.4534e+02  -62.75517  -57.79583 1154615012 215.599702    34.3959 0.0000e+00
     80.000    -1.5079   2.734844    -1.5097   2.735200    7.28266     0.0353    13.8155 2.4547e+02  -62.75517  -57.79583 1154615015 215.599732    34.3946 0.0000e+00
     81.000    -1.5451   2.731749    -1.5450   2.732177    7.29454     0.0320    13.8155 2.4415e+02  -62.75517  -57.79583 1154615017 215.599762    34.3947 0.0000e+00
     82.000    -1.5789   2.728934    -1.5800   2.729305    7.31449     0.0278    13.8155 2.4266e+02  -62.75517  -57.79583 1154615020 215.599790    34.3942 0.0000e+00
     83.000    -1.5945   2.727681    -1.5947   2.728051    7.31721     0.0186    13.8155 2.4156e+02  -62.75517  -57.79583 1154615022 215.599815    34.3942 0.0000e+00
     84.000    -1.6112   2.726303    -1.6143   2.726532    7.32191     0.0373    13.8155 2.4014e+02  -62.75517  -57.79583 1154615024 215.599839    34.3933 0.0000e+00
     85.000    -1.6121   2.726443    -1.6107   2.726859    7.32519     0.0433    13.8155 2.4158e+02  -62.75517  -57.79583 1154615026 215.599865    34.3955 0.0000e+00
     86.000    -1.5685   2.730338    -1.5618   2.731177    7.31299     0.0192    13.8155 2.4178e+02  -62.75517  -57.79583 1154615029 215.599894    34.3967 0.0000e+00
     87.000    -1.5294   2.733827    -1.5234   2.734659    7.29368     0.0244    13.8155 2.4342e+02  -62.75517  -57.79583 1154615032 215.599926    34.3979 0.0000e+00
     88.000    -1.4788   2.738379    -1.4754   2.738940    7.26902     0.0324    13.8155 -9.990e-29  -62.75517  -57.79583 1154615034 215.599955    34.4007 0.0000e+00
     89.000    -1.4747   2.738777    -1.4724   2.739276    7.25804     0.0236    13.8155 -9.990e-29  -62.75517  -57.79583 1154615036 215.599980    34.4012 0.0000e+00
     90.000    -1.4583   2.740270    -1.4570   2.740658    7.24567     0.0194    13.8155 -9.990e-29  -62.75517  -57.79583 1154615038 215.600004    34.4024 0.0000e+00
     91.000    -1.4551   2.740581    -1.4517   2.741168    7.23545     0.0133    13.8155 2.4730e+02  -62.75517  -57.79583 1154615041 215.600030    34.4027 0.0000e+00
     92.000    -1.4455   2.741474    -1.4422   2.742021    7.23057     0.0113    13.8155 2.4974e+02  -62.75517  -57.79583 1154615043 215.600058    34.4035 0.0000e+00
     93.000    -1.4195   2.743813    -1.4189   2.744119    7.21680     0.0335    13.8155 2.5272e+02  -62.75517  -57.79583 1154615045 215.600085    34.4048 0.0000e+00
     94.000    -1.4049   2.745154    -1.4063   2.745263    7.20577     0.0305    13.8155 2.5200e+02  -62.75517  -57.79583 1154615048 215.600113    34.4059 0.0000e+00
     95.000    -1.3948   2.746067    -1.3922   2.746551    7.20205     0.0350    13.8155 2.5323e+02  -62.75517  -57.79583 1154615050 215.600140    34.4064 0.0000e+00
     96.000    -1.3770   2.747704    -1.3761   2.748026    7.19441     0.0194    13.8155 2.5523e+02  -62.75517  -57.79583 1154615052 215.600167    34.4078 0.0000e+00
