product_data/regression_test/downloaded_data/MDGS/320620060703/ctd/p6621105.ros
* Sea-Bird SBE 9 Data File:
* FileName = D:\Data\Raw\p6621105.dat
* Software Version Seasave Win32 V 5.32
* Temperature SN = 1649
* Conductivity SN = 1431
* Number of Bytes Per Scan = 37
* Number of Voltage Words = 5
* Number of Scans Averaged by the Deck Unit = 1
* NMEA Latitude = 63 47.00 S
* NMEA Longitude = 060 13.15 W
* NMEA UTC (Time) = 17:09:33
** Ship:   Nathaniel B. Palmer 
** Cruise:    NBP0606 
# nquan = 17
# nvalues = 1176                    
# units = specified
# name 0 = prDM: Pressure, Digiquartz [db]
# name 1 = t090C: Temperature [ITS-90, deg C]
# name 2 = c0S/m: Conductivity [S/m]
# name 3 = t190C: Temperature, 2 [ITS-90, deg C]
# name 4 = c1S/m: Conductivity, 2 [S/m]
# name 5 = sbeox0ML/L: Oxygen, SBE 43 [ml/l]
# name 6 = flECO-AFL: Fluorescence, Wetlab ECO-AFL/FL [mg/m^3]
# name 7 = bat: Beam Attenuation, Chelsea/Seatech/Wetlab CStar [1/m]
# name 8 = spar: SPAR/Surface Irradiance
# name 9 = latitude: Latitude [deg]
# name 10 = longitude: Longitude [deg]
# name 11 = timeY: Time, System [seconds]
# name 12 = timeJ: Julian Days
# name 13 = sal00: Salinity [PSU]
# name 14 = scan: scan number
# name 15 = nbf: number of bottles fired
# name 16 = flag:  0.000e+00
# interval = seconds: 0.0416667                   
# start_time = Jul 31 2006 17:09:41
*END*
[from data line 766]
     50.264    -1.2569   2.747407    -1.2609   2.747283    7.21713    -0.0784    13.8155 8.1433e+02  -63.78333  -60.21917 1154366968 212.728813    34.2961      28524         16  0.000e+00
     50.340    -1.2586   2.747207    -1.2613   2.747266    7.21760    -0.1225    13.8155 8.1433e+02  -63.78333  -60.21917 1154366968 212.728814    34.2953      28525         16  0.000e+00
     50.340    -1.2592   2.747138    -1.2616   2.747254    7.21773    -0.0784    13.8155 8.1433e+02  -63.78333  -60.21917 1154366968 212.728814    34.2951      28526         16  0.000e+00
     50.264    -1.2600   2.747102    -1.2614   2.747208    7.21779    -0.0784    13.8155 8.1433e+02  -63.78333  -60.21917 1154366968 212.728815    34.2955      28527         16  0.000e+00
     50.340    -1.2606   2.747063    -1.2614   2.747196    7.21799    -0.0123    13.8155 8.1433e+02  -63.78333  -60.21917 1154366968 212.728815    34.2956      28528         16  0.000e+00
     50.264    -1.2605   2.746994    -1.2614   2.747202    7.21793    -0.1114    13.8155 8.1433e+02  -63.78333  -60.21917 1154366968 212.728816    34.2945      28529         16  0.000e+00
     50.264    -1.2606   2.747132    -1.2614   2.747179    7.21786    -0.1004    13.8155 8.1433e+02  -63.78333  -60.21917 1154366968 212.728816    34.2966      28530         16  0.000e+00
     50.264    -1.2620   2.747352    -1.2609   2.747231    7.21792    -0.0564    13.8155 8.1433e+02  -63.78333  -60.21917 1154366968 212.728817    34.3012      28531         16  0.000e+00
     50.340    -1.2631   2.747388    -1.2606   2.747254    7.21812    -0.0123    13.8155 8.1433e+02  -63.78333  -60.21917 1154366968 212.728817    34.3029      28532         16  0.000e+00
     50.197    -1.2625   2.747312    -1.2605   2.747289    7.21794    -0.1004    13.8155 8.1433e+02  -63.78333  -60.21917 1154366968 212.728818    34.3012      28533         16  0.000e+00
     50.264    -1.2620   2.747194    -1.2608   2.747323    7.21802    -0.1445    13.8155 8.1433e+02  -63.78333  -60.21917 1154366969 212.728818    34.2990      28534         16  0.000e+00
     50.264    -1.2623   2.747293    -1.2606   2.747352    7.22275    -0.0894    13.8155 8.1433e+02  -63.78333  -60.21917 1154366969 212.728818    34.3008      28535         16  0.000e+00
     50.264    -1.2614   2.747516    -1.2609   2.747341    7.21771    -0.0564    13.8155 8.1433e+02  -63.78333  -60.21917 1154366969 212.728819    34.3028      28536         16  0.000e+00
     50.340    -1.2598   2.747644    -1.2614   2.747312    7.21747    -0.0343    13.8155 8.1433e+02  -63.78333  -60.21917 1154366969 212.728819    34.3027      28537         16  0.000e+00
     50.264    -1.2608   2.747670    -1.2609   2.747289    7.21752     0.0097    13.8155 8.1433e+02  -63.78333  -60.21917 1154366969 212.728820    34.3042      28538         16  0.000e+00
     50.340    -1.2615   2.747663    -1.2614   2.747242    7.22245    -0.0343    13.8155 8.1433e+02  -63.78333  -60.21917 1154366969 212.728820    34.3049      28539         16  0.000e+00
     50.340    -1.2617   2.747653    -1.2615   2.747208    7.22249    -0.0564    13.8155 8.1433e+02  -63.78333  -60.21917 1154366969 212.728821    34.3050      28540         16  0.000e+00
     50.340    -1.2618   2.747650    -1.2616   2.747162    7.21776    -0.1004    13.8155 8.1433e+02  -63.78333  -60.21917 1154366969 212.728821    34.3051      28541         16  0.000e+00
     50.475    -1.2440   2.748894    -1.2446   2.749154    7.22391    -0.1335    13.8155 8.1627e+02  -63.78333  -60.21917 1154366972 212.728854    34.3016      28609         17  0.000e+00
     50.341    -1.2441   2.748884    -1.2447   2.749154    7.22381    -0.1004    13.8155 8.1627e+02  -63.78333  -60.21917 1154366972 212.728855    34.3018      28610         17  0.000e+00
     50.551    -1.2444   2.748884    -1.2446   2.749166    7.21931    -0.0343    13.8155 8.1627e+02  -63.78333  -60.21917 1154366972 212.728855    34.3019      28611         17  0.000e+00
     50.408    -1.2448   2.748848    -1.2456   2.749171    7.21925    -0.0564    13.8155 8.1627e+02  -63.78333  -60.21917 1154366972 212.728856    34.3019      28612         17  0.000e+00
     50.551    -1.2455   2.748887    -1.2450   2.749154    7.21948    -0.0454    13.8155 8.1627e+02  -63.78333  -60.21917 1154366972 212.728856    34.3033      28613         17  0.000e+00
     50.475    -1.2452   2.748874    -1.2453   2.749166    7.22411    -0.0343    13.8155 8.1627e+02  -63.78333  -60.21917 1154366972 212.728857    34.3028      28614         17  0.000e+00
     50.408    -1.2455   2.748864    -1.2446   2.749171    7.22408    -0.0674    13.8155 8.1627e+02  -63.78333  -60.21917 1154366972 212.728857    34.3029      28615         17  0.000e+00
     50.408    -1.2441   2.748861    -1.2447   2.749177    7.22389    -0.0784    13.8155 8.1627e+02  -63.78333  -60.21917 1154366972 212.728858    34.3014      28616         17  0.000e+00
     50.475    -1.2443   2.748910    -1.2434   2.749270    7.22395    -0.0564    13.8155 8.1627e+02  -63.78333  -60.21917 1154366972 212.728858    34.3022      28617         17  0.000e+00
     50.475    -1.2445   2.748930    -1.2433   2.749304    7.22397     0.0097    13.8155 8.1627e+02  -63.78333  -60.21917 1154366972 212.728859    34.3027      28618         17  0.000e+00
     50.475    -1.2451   2.748959    -1.2435   2.749304    7.22403    -0.0123    13.8155 8.1627e+02  -63.78333  -60.21917 1154366972 212.728859    34.3038      28619         17  0.000e+00
     50.408    -1.2438   2.748972    -1.2443   2.749281    7.22377     0.0097    13.8155 8.1627e+02  -63.78333  -60.21917 1154366972 212.728859    34.3026      28620         17  0.000e+00
     50.408    -1.2430   2.748940    -1.2434   2.749275    7.22367    -0.0454    13.8155 8.1627e+02  -63.78333  -60.21917 1154366972 212.728860    34.3011      28621         17  0.000e+00
     50.475    -1.2429   2.748844    -1.2433   2.749275    7.22379    -0.0564    13.8155 8.1627e+02  -63.78333  -60.21917 1154366972 212.728860    34.2997      28622         17  0.000e+00
     50.408    -1.2444   2.748785    -1.2427   2.749258    7.22399    -0.0343    13.8155 8.1627e+02  -63.78333  -60.21917 1154366972 212.728861    34.3007      28623         17  0.000e+00
     50.408    -1.2457   2.748723    -1.2438   2.749229    7.22422    -0.0564    13.8155 8.1627e+02  -63.78333  -60.21917 1154366972 212.728861    34.3013      28624         17  0.000e+00
     50.475    -1.2466   2.748707    -1.2438   2.749229    7.22443    -0.0123    13.8155 8.1627e+02  -63.78333  -60.21917 1154366972 212.728862    34.3021      28625         17  0.000e+00
     50.408    -1.2475   2.748674    -1.2443   2.749206    7.22452    -0.0233    13.8155 8.1627e+02  -63.78333  -60.21917 1154366972 212.728862    34.3027      28626         17  0.000e+00
     50.408    -1.2482   2.748664    -1.2437   2.749235    7.22463    -0.0454    13.8155 8.1627e+02  -63.78333  -60.21917 1154366972 212.728863    34.3034      28627         17  0.000e+00
     50.475    -1.2489   2.748661    -1.2437   2.749229    7.22006    -0.0564    13.8155 8.1627e+02  -63.78333  -60.21917 1154366972 212.728863    34.3041      28628         17  0.000e+00
     50.408    -1.2491   2.748631    -1.2437   2.749206    7.22003    -0.0013    13.8155 8.1627e+02  -63.78333  -60.21917 1154366972 212.728864    34.3039      28629         17  0.000e+00
     50.408    -1.2486   2.748651    -1.2437   2.749177    7.22468     0.0097    13.8155 8.1627e+02  -63.78333  -60.21917 1154366973 212.728864    34.3036      28630         17  0.000e+00
     50.408    -1.2481   2.748680    -1.2443   2.749189    7.21986    -0.0454    13.8155 8.1627e+02  -63.78333  -60.21917 1154366973 212.728865    34.3035      28631         17  0.000e+00
     50.408    -1.2478   2.748667    -1.2444   2.749160    7.22457    -0.1335    13.8155 8.1627e+02  -63.78333  -60.21917 1154366973 212.728865    34.3030      28632         17  0.000e+00
     50.408    -1.2487   2.748680    -1.2449   2.749148    7.21994    -0.2106    13.8155 8.1627e+02  -63.78333  -60.21917 1154366973 212.728866    34.3041      28633         17  0.000e+00
     50.408    -1.2483   2.748687    -1.2446   2.749131    7.21988    -0.1004    13.8155 8.1627e+02  -63.78333  -60.21917 1154366973 212.728866    34.3038      28634         17  0.000e+00
     50.342    -1.2480   2.748651    -1.2447   2.749119    7.21979    -0.0454    13.8155 8.1627e+02  -63.78333  -60.21917 1154366973 212.728867    34.3030      28635         17  0.000e+00
     50.408    -1.2484   2.748638    -1.2452   2.749119    7.21992    -0.1114    13.8155 8.1627e+02  -63.78333  -60.21917 1154366973 212.728867    34.3032      28636         17  0.000e+00
     50.342    -1.2481   2.748625    -1.2450   2.749119    7.22458    -0.0343    13.8155 8.1627e+02  -63.78333  -60.21917 1154366973 212.728868    34.3028      28637         17  0.000e+00
     50.408    -1.2481   2.748634    -1.2453   2.749119    7.22464     0.0097    13.8155 8.1433e+02  -63.78333  -60.21917 1154366973 212.728868    34.3029      28638         17  0.000e+00
     50.408    -1.2484   2.748621    -1.2453   2.749119    7.22468    -0.0564    13.8155 8.1433e+02  -63.78333  -60.21917 1154366973 212.728869    34.3030      28639         17  0.000e+00
     50.342    -1.2486   2.748602    -1.2452   2.749096    7.22466    -0.1225    13.8155 8.1433e+02  -63.78333  -60.21917 1154366973 212.728869    34.3030      28640         17  0.000e+00
     50.408    -1.2481   2.748598    -1.2456   2.749131    7.22466    -0.1886    13.8155 8.1627e+02  -63.78333  -60.21917 1154366973 212.728870    34.3024      28641         17  0.000e+00
     50.342    -1.2484   2.748562    -1.2453   2.749102    7.22465    -0.1004    13.8155 8.1627e+02  -63.78333  -60.21917 1154366973 212.728870    34.3022      28642         17  0.000e+00
     50.342    -1.2481   2.748533    -1.2458   2.749039    7.22464    -0.0564    13.8155 8.1627e+02  -63.78333  -60.21917 1154366973 212.728871    34.3015      28643         17  0.000e+00
     50.408    -1.2478   2.748513    -1.2455   2.749096    7.21993    -0.1004    13.8155 8.1627e+02  -63.78333  -60.21917 1154366973 212.728871    34.3008      28644         17  0.000e+00
     50.342    -1.2488   2.748539    -1.2452   2.749079    7.22474    -0.1004    13.8155 8.1627e+02  -63.78333  -60.21917 1154366973 212.728872    34.3024      28645         17  0.000e+00
     50.332    -1.2491   2.748536    -1.2453   2.749044    7.22476    -0.1004    13.8155 8.1627e+02  -63.78333  -60.21917 1154366973 212.728872    34.3026      28646         17  0.000e+00
     50.408    -1.2488   2.748543    -1.2453   2.749039    7.22004    -0.1335    13.8155 8.1627e+02  -63.78333  -60.21917 1154366973 212.728872    34.3023      28647         17  0.000e+00
     50.342    -1.2486   2.748585    -1.2458   2.748998    7.21992    -0.1004    13.8155 8.1627e+02  -63.78333  -60.21917 1154366973 212.728873    34.3027      28648         17  0.000e+00
     50.342    -1.2485   2.748549    -1.2453   2.748987    7.21993    -0.1225    13.8155 8.1627e+02  -63.78333  -60.21917 1154366973 212.728873    34.3021      28649         17  0.000e+00
     50.342    -1.2485   2.748533    -1.2461   2.748946    7.22469    -0.1555    13.8155 8.1627e+02  -63.78333  -60.21917 1154366973 212.728874    34.3019      28650         17  0.000e+00
     50.342    -1.2487   2.748513    -1.2467   2.748871    7.21999    -0.1996    13.8155 8.1627e+02  -63.78333  -60.21917 1154366973 212.728874    34.3019      28651         17  0.000e+00
     50.265    -1.2486   2.748490    -1.2467   2.748784    7.21992    -0.1665    13.8155 8.1627e+02  -63.78333  -60.21917 1154366973 212.728875    34.3015      28652         17  0.000e+00
     50.342    -1.2492   2.748503    -1.2485   2.748657    7.22007    -0.1886    13.8155 8.1627e+02  -63.78333  -60.21917 1154366973 212.728875    34.3023      28653         17  0.000e+00
     50.342    -1.2487   2.748510    -1.2527   2.748600    7.21999    -0.2326    13.8155 8.1627e+02  -63.78333  -60.21917 1154366974 212.728876    34.3018      28654         17  0.000e+00
     50.265    -1.2489   2.748523    -1.2567   2.748473    7.21994    -0.0784    13.8155 8.1627e+02  -63.78333  -60.21917 1154366974 212.728876    34.3023      28655         17  0.000e+00
     50.266    -1.2486   2.748546    -1.2577   2.748334    7.21988    -0.0454    13.8155 8.1627e+02  -63.78333  -60.21917 1154366974 212.728877    34.3023      28656         17  0.000e+00
     50.342    -1.2486   2.748552    -1.2560   2.748201    7.21994    -0.0784    13.8155 8.1433e+02  -63.78333  -60.21917 1154366974 212.728877    34.3023      28657         17  0.000e+00
     25.129    -1.2574   2.743685    -1.1561   2.752759    7.13774    -0.0454    13.8155 3.3118e+02  -63.78333  -60.21917 1154367025 212.729472    34.2614      29890         18  0.000e+00
     25.205    -1.2588   2.743875    -1.1552   2.752805    7.13789    -0.0233    13.8155 3.3118e+02  -63.78333  -60.21917 1154367025 212.729472    34.2656      29891         18  0.000e+00
     25.186    -1.2572   2.744088    -1.1544   2.752817    7.13750    -0.0343    13.8155 3.3118e+02  -63.78333  -60.21917 1154367025 212.729473    34.2668      29892         18  0.000e+00
     25.129    -1.2558   2.744235    -1.1560   2.752718    7.13714    -0.1114    13.8155 3.3118e+02  -63.78333  -60.21917 1154367025 212.729473    34.2672      29893         18  0.000e+00
     25.129    -1.2559   2.744137    -1.1555   2.752487    7.13721    -0.1004    13.8155 3.3118e+02  -63.78333  -60.21917 1154367025 212.729474    34.2659      29894         18  0.000e+00
     25.119    -1.2577   2.743993    -1.1574   2.752302    7.13756    -0.0454    13.8155 3.3118e+02  -63.78333  -60.21917 1154367025 212.729474    34.2660      29895         18  0.000e+00
     25.129    -1.2537   2.743911    -1.1583   2.752325    7.13705    -0.0233    13.8155 3.3118e+02  -63.78333  -60.21917 1154367025 212.729475    34.2603      29896         18  0.000e+00
     25.062    -1.2537   2.743727    -1.1574   2.752458    7.13711    -0.0564    13.8155 3.3118e+02  -63.78333  -60.21917 1154367025 212.729475    34.2578      29897         18  0.000e+00
     25.119    -1.2554   2.743442    -1.1560   2.752637    7.13760    -0.0233    13.8155 3.3118e+02  -63.78333  -60.21917 1154367025 212.729476    34.2558      29898         18  0.000e+00
     25.062    -1.2569   2.743265    -1.1604   2.752689    7.13789    -0.0564    13.8155 3.3118e+02  -63.78333  -60.21917 1154367025 212.729476    34.2551      29899         18  0.000e+00
     25.043    -1.2568   2.743399    -1.1618   2.752510    7.13776    -0.0123    13.8155 3.3118e+02  -63.78333  -60.21917 1154367025 212.729477    34.2568      29900         18  0.000e+00
     25.062    -1.2569   2.743616    -1.1612   2.752331    7.13765    -0.0013    13.8155 3.3118e+02  -63.78333  -60.21917 1154367025 212.729477    34.2599      29901         18  0.000e+00
     25.062    -1.2579   2.743855    -1.1697   2.752135    7.13290     0.0207    13.8155 3.2924e+02  -63.78333  -60.21917 1154367026 212.729478    34.2643      29902         18  0.000e+00
     25.043    -1.2598   2.744278    -1.1851   2.751470    7.13761    -0.0343    13.8155 3.2924e+02  -63.78333  -60.21917 1154367026 212.729478    34.2724      29903         18  0.000e+00
     24.995    -1.2608   2.744154    -1.1974   2.750257    7.13778    -0.0454    13.8155 3.3118e+02  -63.78333  -60.21917 1154367026 212.729479    34.2718      29904         18  0.000e+00
     24.995    -1.2622   2.743721    -1.2010   2.749413    7.13828    -0.0123    13.8155 3.3118e+02  -63.78333  -60.21917 1154367026 212.729479    34.2675      29905         18  0.000e+00
     24.976    -1.2581   2.744272    -1.2134   2.748431    7.13730    -0.0343    13.8155 3.3118e+02  -63.78333  -60.21917 1154367026 212.729480    34.2704      29906         18  0.000e+00
     24.995    -1.2446   2.745334    -1.2369   2.746664    7.12991    -0.0894    13.8155 3.3118e+02  -63.78333  -60.21917 1154367026 212.729480    34.2695      29907         18  0.000e+00
