product_data/regression_test/downloaded_data/MDGS/320620060703/ctd/p6624001.ros
* Sea-Bird SBE 9 Data File:
* FileName = D:\Data\Raw\p6624001.dat
* Software Version Seasave Win32 V 5.32
* Temperature SN = 1649
* Conductivity SN = 1431
* Number of Bytes Per Scan = 37
* Number of Voltage Words = 5
* Number of Scans Averaged by the Deck Unit = 1
* NMEA Latitude = 61 22.59 S
* NMEA Longitude = 054 00.77 W
* NMEA UTC (Time) = 07:06:41
** Ship:   Nathaniel B. Palmer 
** Cruise:    NBP0606 
# nquan = 17
# nvalues = 1176                    
# units = specified
# name 0 = prDM: Pressure, Digiquartz [db]
# name 1 = t090C: Temperature [ITS-90, deg C]
# name 2 = c0S/m: Conductivity [S/m]
# name 3 = t190C: Temperature, 2 [ITS-90, deg C]
# name 4 = c1S/m: Conductivity, 2 [S/m]
# name 5 = sbeox0ML/L: Oxygen, SBE 43 [ml/l]
# name 6 = flECO-AFL: Fluorescence, Wetlab ECO-AFL/FL [mg/m^3]
# name 7 = bat: Beam Attenuation, Chelsea/Seatech/Wetlab CStar [1/m]
# name 8 = spar: SPAR/Surface Irradiance
# name 9 = latitude: Latitude [deg]
# name 10 = longitude: Longitude [deg]
# name 11 = timeY: Time, System [seconds]
# name 12 = timeJ: Julian Days
# name 13 = sal00: Salinity [PSU]
# name 14 = scan: scan number
# name 15 = nbf: number of bottles fired
# name 16 = flag:  0.000e+00
# interval = seconds: 0.0416667                   
# start_time = Aug 08 2006 07:08:22
*END*
[from data line 426]
    349.983    -0.5529   2.834676    -0.5516   2.834917    6.44217    -0.0233    13.8155 0.0000e+00  -61.37650  -54.01283 1155023814 220.331202    34.4934      69933          9  0.000e+00
    349.916    -0.5539   2.834762    -0.5499   2.835039    6.44219    -0.0564    13.8155 0.0000e+00  -61.37650  -54.01283 1155023814 220.331202    34.4957      69934          9  0.000e+00
    349.916    -0.5552   2.834829    -0.5508   2.835074    6.44233    -0.0894    13.8155 0.0000e+00  -61.37650  -54.01283 1155023814 220.331203    34.4981      69935          9  0.000e+00
    349.973    -0.5542   2.834862    -0.5522   2.835051    6.44707    -0.1004    13.8155 0.0000e+00  -61.37650  -54.01283 1155023814 220.331203    34.4974      69936          9  0.000e+00
    349.916    -0.5540   2.834919    -0.5519   2.835068    6.44696    -0.0454    13.8155 0.0000e+00  -61.37650  -54.01283 1155023814 220.331204    34.4979      69937          9  0.000e+00
    349.916    -0.5514   2.834869    -0.5489   2.835215    6.44180    -0.0894    13.8155 0.0000e+00  -61.37650  -54.01283 1155023814 220.331204    34.4943      69938          9  0.000e+00
    349.916    -0.5489   2.834829    -0.5431   2.835407    6.44150    -0.0784    13.8155 0.0000e+00  -61.37650  -54.01283 1155023814 220.331205    34.4910      69939          9  0.000e+00
    349.839    -0.5475   2.834789    -0.5390   2.835612    6.44126    -0.1004    13.8155 0.0000e+00  -61.37650  -54.01283 1155023814 220.331205    34.4888      69940          9  0.000e+00
    349.916    -0.5483   2.834779    -0.5352   2.835810    6.44145    -0.1225    13.8155 0.0000e+00  -61.37650  -54.01283 1155023814 220.331206    34.4896      69941          9  0.000e+00
    349.906    -0.5494   2.834759    -0.5326   2.835957    6.44159    -0.1225    13.8155 0.0000e+00  -61.37650  -54.01283 1155023814 220.331206    34.4906      69942          9  0.000e+00
    349.839    -0.5489   2.834756    -0.5294   2.836073    6.44631    -0.0894    13.8155 0.0000e+00  -61.37650  -54.01283 1155023814 220.331207    34.4900      69943          9  0.000e+00
    349.916    -0.5491   2.834772    -0.5256   2.836219    6.44156    -0.0564    13.8155 0.0000e+00  -61.37650  -54.01283 1155023814 220.331207    34.4904      69944          9  0.000e+00
    349.839    -0.5496   2.834862    -0.5245   2.836383    6.44151    -0.0233    13.8155 0.0000e+00  -61.37650  -54.01283 1155023814 220.331208    34.4923      69945          9  0.000e+00
    349.839    -0.5494   2.834975    -0.5236   2.836523    6.44141    -0.0564    13.8155 0.0000e+00  -61.37650  -54.01283 1155023815 220.331208    34.4935      69946          9  0.000e+00
    349.916    -0.5472   2.835055    -0.5243   2.836535    6.44599    -0.0674    13.8155 0.0000e+00  -61.37650  -54.01283 1155023815 220.331209    34.4921      69947          9  0.000e+00
    299.987    -0.5122   2.833904    -0.5062   2.834605    6.48406    -0.0013    13.8155 0.0000e+00  -61.37650  -54.01283 1155023938 220.332642    34.4673      72920         10  0.000e+00
    300.035    -0.5126   2.833920    -0.5063   2.834587    6.48895    -0.0454    13.8155 0.0000e+00  -61.37650  -54.01283 1155023938 220.332643    34.4679      72921         10  0.000e+00
    300.179    -0.5121   2.833927    -0.5070   2.834576    6.48901    -0.1445    13.8155 0.0000e+00  -61.37650  -54.01283 1155023939 220.332643    34.4673      72922         10  0.000e+00
    300.035    -0.5125   2.833874    -0.5067   2.834581    6.48416    -0.1335    13.8155 0.0000e+00  -61.37650  -54.01283 1155023939 220.332644    34.4672      72923         10  0.000e+00
    299.987    -0.5124   2.833890    -0.5057   2.834535    6.48890    -0.0784    13.8155 0.0000e+00  -61.37650  -54.01283 1155023939 220.332644    34.4673      72924         10  0.000e+00
    300.102    -0.5128   2.833920    -0.5054   2.834570    6.48904    -0.0784    13.8155 0.0000e+00  -61.37650  -54.01283 1155023939 220.332645    34.4681      72925         10  0.000e+00
    300.035    -0.5128   2.833907    -0.5045   2.834523    6.48899    -0.0894    13.8155 0.0000e+00  -61.37650  -54.01283 1155023939 220.332645    34.4680      72926         10  0.000e+00
    299.987    -0.5121   2.833920    -0.5051   2.834535    6.48884    -0.0674    13.8155 0.0000e+00  -61.37650  -54.01283 1155023939 220.332646    34.4673      72927         10  0.000e+00
    300.035    -0.5119   2.833907    -0.5048   2.834535    6.48887    -0.0784    13.8155 0.0000e+00  -61.37650  -54.01283 1155023939 220.332646    34.4670      72928         10  0.000e+00
    300.035    -0.5125   2.833904    -0.5057   2.834540    6.48895    -0.0674    13.8155 0.0000e+00  -61.37650  -54.01283 1155023939 220.332647    34.4676      72929         10  0.000e+00
    299.987    -0.5132   2.833934    -0.5071   2.834535    6.48416    -0.0564    13.8155 0.0000e+00  -61.37650  -54.01283 1155023939 220.332647    34.4687      72930         10  0.000e+00
    299.968    -0.5128   2.833947    -0.5081   2.834540    6.48410    -0.1114    13.8155 0.0000e+00  -61.37650  -54.01283 1155023939 220.332648    34.4686      72931         10  0.000e+00
    299.968    -0.5135   2.833914    -0.5077   2.834535    6.48901    -0.1445    13.8155 0.0000e+00  -61.37650  -54.01283 1155023939 220.332648    34.4688      72932         10  0.000e+00
    299.987    -0.5130   2.833917    -0.5073   2.834540    6.48897    -0.1225    13.8155 0.0000e+00  -61.37650  -54.01283 1155023939 220.332649    34.4684      72933         10  0.000e+00
    299.968    -0.5133   2.833940    -0.5073   2.834535    6.48897    -0.0784    13.8155 0.0000e+00  -61.37650  -54.01283 1155023939 220.332649    34.4690      72934         10  0.000e+00
    299.968    -0.5126   2.833964    -0.5067   2.834540    6.48886    -0.0564    13.8155 0.0000e+00  -61.37650  -54.01283 1155023939 220.332649    34.4685      72935         10  0.000e+00
    299.988    -0.5127   2.833970    -0.5067   2.834511    6.48889    -0.0454    13.8155 0.0000e+00  -61.37650  -54.01283 1155023939 220.332650    34.4687      72936         10  0.000e+00
    299.968    -0.5122   2.833987    -0.5078   2.834517    6.48880    -0.0894    13.8155 0.0000e+00  -61.37650  -54.01283 1155023939 220.332650    34.4684      72937         10  0.000e+00
    299.968    -0.5121   2.833993    -0.5081   2.834488    6.48878    -0.0674    13.8155 0.0000e+00  -61.37650  -54.01283 1155023939 220.332651    34.4683      72938         10  0.000e+00
    299.921    -0.5115   2.833973    -0.5076   2.834470    6.48867    -0.0343    13.8155 0.0000e+00  -61.37650  -54.01283 1155023939 220.332651    34.4674      72939         10  0.000e+00
    299.968    -0.5119   2.833970    -0.5072   2.834453    6.48877    -0.0894    13.8155 0.0000e+00  -61.37650  -54.01283 1155023939 220.332652    34.4678      72940         10  0.000e+00
    299.892    -0.5118   2.833970    -0.5076   2.834464    6.48868    -0.1555    13.8155 0.0000e+00  -61.37650  -54.01283 1155023939 220.332652    34.4677      72941         10  0.000e+00
    299.892    -0.5126   2.833950    -0.5078   2.834453    6.48880    -0.1004    13.8155 0.0000e+00  -61.37650  -54.01283 1155023939 220.332653    34.4683      72942         10  0.000e+00
    299.921    -0.5121   2.833947    -0.5079   2.834441    6.48876    -0.1445    13.8155 0.0000e+00  -61.37650  -54.01283 1155023939 220.332653    34.4677      72943         10  0.000e+00
    299.892    -0.5124   2.833964    -0.5079   2.834488    6.48877    -0.0564    13.8155 0.0000e+00  -61.37650  -54.01283 1155023939 220.332654    34.4683      72944         10  0.000e+00
    299.892    -0.5131   2.833937    -0.5075   2.834517    6.48407    -0.0233    13.8155 0.0000e+00  -61.37650  -54.01283 1155023939 220.332654    34.4688      72945         10  0.000e+00
    299.921    -0.5133   2.833927    -0.5071   2.834488    6.48894    -0.0564    13.8155 0.0000e+00  -61.37650  -54.01283 1155023940 220.332655    34.4689      72946         10  0.000e+00
    299.892    -0.5130   2.833927    -0.5076   2.834529    6.48887    -0.0784    13.8155 0.0000e+00  -61.37650  -54.01283 1155023940 220.332655    34.4685      72947         10  0.000e+00
    299.892    -0.5127   2.833927    -0.5077   2.834511    6.48883    -0.0894    13.8155 0.0000e+00  -61.37650  -54.01283 1155023940 220.332656    34.4682      72948         10  0.000e+00
    299.854    -0.5118   2.833940    -0.5081   2.834517    6.48867    -0.0233    13.8155 0.0000e+00  -61.37650  -54.01283 1155023940 220.332656    34.4674      72949         10  0.000e+00
    299.825    -0.5116   2.833930    -0.5078   2.834529    6.48863     0.0097    13.8155 0.0000e+00  -61.37650  -54.01283 1155023940 220.332657    34.4670      72950         10  0.000e+00
    299.892    -0.5120   2.833924    -0.5071   2.834500    6.48874     0.0207    13.8155 0.0000e+00  -61.37650  -54.01283 1155023940 220.332657    34.4674      72951         10  0.000e+00
    299.854    -0.5121   2.833907    -0.5070   2.834523    6.48873    -0.0123    13.8155 0.0000e+00  -61.37650  -54.01283 1155023940 220.332658    34.4672      72952         10  0.000e+00
    299.825    -0.5121   2.833920    -0.5067   2.834523    6.48869    -0.0123    13.8155 0.0000e+00  -61.37650  -54.01283 1155023940 220.332658    34.4674      72953         10  0.000e+00
    299.825    -0.5119   2.833927    -0.5068   2.834488    6.48867    -0.0343    13.8155 0.0000e+00  -61.37650  -54.01283 1155023940 220.332659    34.4674      72954         10  0.000e+00
    299.854    -0.5119   2.833940    -0.5072   2.834488    6.48869    -0.0233    13.8155 0.0000e+00  -61.37650  -54.01283 1155023940 220.332659    34.4675      72955         10  0.000e+00
    299.825    -0.5110   2.833930    -0.5074   2.834482    6.48855    -0.0784    13.8155 0.0000e+00  -61.37650  -54.01283 1155023940 220.332660    34.4664      72956         10  0.000e+00
    299.825    -0.5114   2.833940    -0.5067   2.834470    6.48859    -0.1225    13.8155 0.0000e+00  -61.37650  -54.01283 1155023940 220.332660    34.4670      72957         10  0.000e+00
    299.825    -0.5122   2.833947    -0.5080   2.834476    6.48870    -0.1335    13.8155 0.0000e+00  -61.37650  -54.01283 1155023940 220.332661    34.4680      72958         10  0.000e+00
    299.777    -0.5118   2.833947    -0.5077   2.834488    6.48860    -0.1004    13.8155 0.0000e+00  -61.37650  -54.01283 1155023940 220.332661    34.4675      72959         10  0.000e+00
    299.825    -0.5122   2.833897    -0.5068   2.834482    6.48873    -0.0013    13.8155 0.0000e+00  -61.37650  -54.01283 1155023940 220.332662    34.4673      72960         10  0.000e+00
    299.749    -0.5118   2.833897    -0.5074   2.834488    6.48860    -0.0013    13.8155 0.0000e+00  -61.37650  -54.01283 1155023940 220.332662    34.4668      72961         10  0.000e+00
    299.777    -0.5120   2.833934    -0.5071   2.834499    6.48863    -0.0233    13.8155 0.0000e+00  -61.37650  -54.01283 1155023940 220.332663    34.4676      72962         10  0.000e+00
    299.825    -0.5122   2.833930    -0.5081   2.834476    6.48871    -0.0784    13.8155 0.0000e+00  -61.37650  -54.01283 1155023940 220.332663    34.4678      72963         10  0.000e+00
    299.749    -0.5127   2.833907    -0.5085   2.834476    6.48871    -0.0784    13.8155 0.0000e+00  -61.37650  -54.01283 1155023940 220.332663    34.4680      72964         10  0.000e+00
    299.778    -0.5130   2.833934    -0.5079   2.834470    6.48877    -0.0674    13.8155 0.0000e+00  -61.37650  -54.01283 1155023940 220.332664    34.4687      72965         10  0.000e+00
    299.749    -0.5132   2.833914    -0.5074   2.834476    6.48877    -0.0343    13.8155 0.0000e+00  -61.37650  -54.01283 1155023940 220.332664    34.4686      72966         10  0.000e+00
    299.749    -0.5128   2.833904    -0.5074   2.834470    6.48874    -0.0343    13.8155 0.0000e+00  -61.37650  -54.01283 1155023940 220.332665    34.4681      72967         10  0.000e+00
    299.711    -0.5130   2.833917    -0.5079   2.834476    6.48871    -0.0343    13.8155 0.0000e+00  -61.37650  -54.01283 1155023940 220.332665    34.4685      72968         10  0.000e+00
    250.165    -0.8018   2.804527    -0.8012   2.804654    6.74544    -0.0454    13.8155 0.0000e+00  -61.37650  -54.01283 1155024050 220.333934    34.4307      75599         11  0.000e+00
    250.174    -0.8023   2.804518    -0.8016   2.804666    6.74552    -0.0454    13.8155 0.0000e+00  -61.37650  -54.01283 1155024050 220.333935    34.4311      75600         11  0.000e+00
    250.098    -0.8024   2.804511    -0.8013   2.804672    6.74547     0.0097    13.8155 0.0000e+00  -61.37650  -54.01283 1155024050 220.333935    34.4312      75601         11  0.000e+00
    250.031    -0.8024   2.804511    -0.8008   2.804689    6.74541    -0.0343    13.8155 0.0000e+00  -61.37650  -54.01283 1155024050 220.333936    34.4313      75602         11  0.000e+00
    250.107    -0.8017   2.804527    -0.8015   2.804677    6.74537    -0.0123    13.8155 0.0000e+00  -61.37650  -54.01283 1155024050 220.333936    34.4306      75603         11  0.000e+00
    250.098    -0.8024   2.804518    -0.8016   2.804672    6.74547    -0.1225    13.8155 0.0000e+00  -61.37650  -54.01283 1155024050 220.333937    34.4313      75604         11  0.000e+00
    250.107    -0.8020   2.804527    -0.8018   2.804672    6.74541    -0.1004    13.8155 0.0000e+00  -61.37650  -54.01283 1155024050 220.333937    34.4309      75605         11  0.000e+00
    250.031    -0.8018   2.804554    -0.8013   2.804695    6.74530    -0.1225    13.8155 0.0000e+00  -61.37650  -54.01283 1155024050 220.333938    34.4312      75606         11  0.000e+00
    250.031    -0.8023   2.804541    -0.8016   2.804695    6.74537    -0.0784    13.8155 0.0000e+00  -61.37650  -54.01283 1155024050 220.333938    34.4315      75607         11  0.000e+00
    250.031    -0.8021   2.804517    -0.8014   2.804695    6.74536    -0.0454    13.8155 0.0000e+00  -61.37650  -54.01283 1155024050 220.333939    34.4310      75608         11  0.000e+00
    250.031    -0.8023   2.804511    -0.8015   2.804660    6.74539    -0.1004    13.8155 0.0000e+00  -61.37650  -54.01283 1155024051 220.333939    34.4311      75609         11  0.000e+00
    250.031    -0.8024   2.804511    -0.8012   2.804706    6.74541    -0.0564    13.8155 0.0000e+00  -61.37650  -54.01283 1155024051 220.333940    34.4313      75610         11  0.000e+00
    250.031    -0.8020   2.804511    -0.8012   2.804683    6.74535    -0.0674    13.8155 0.0000e+00  -61.37650  -54.01283 1155024051 220.333940    34.4308      75611         11  0.000e+00
    250.031    -0.8023   2.804511    -0.8018   2.804672    6.74539    -0.0564    13.8155 0.0000e+00  -61.37650  -54.01283 1155024051 220.333940    34.4311      75612         11  0.000e+00
    249.964    -0.8024   2.804511    -0.8010   2.804648    6.74535    -0.0454    13.8155 0.0000e+00  -61.37650  -54.01283 1155024051 220.333941    34.4313      75613         11  0.000e+00
    250.031    -0.8026   2.804481    -0.8016   2.804619    6.74545    -0.0784    13.8155 0.0000e+00  -61.37650  -54.01283 1155024051 220.333941    34.4311      75614         11  0.000e+00
    249.964    -0.8027   2.804481    -0.8011   2.804642    6.74541    -0.0894    13.8155 0.0000e+00  -61.37650  -54.01283 1155024051 220.333942    34.4313      75615         11  0.000e+00
    250.031    -0.8023   2.804491    -0.8010   2.804666    6.74540     0.0097    13.8155 0.0000e+00  -61.37650  -54.01283 1155024051 220.333942    34.4308      75616         11  0.000e+00
    249.955    -0.8023   2.804488    -0.8015   2.804671    6.74533    -0.0013    13.8155 0.0000e+00  -61.37650  -54.01283 1155024051 220.333943    34.4308      75617         11  0.000e+00
    249.964    -0.8027   2.804491    -0.8015   2.804671    6.74540     0.0207    13.8155 0.0000e+00  -61.37650  -54.01283 1155024051 220.333943    34.4314      75618         11  0.000e+00
