product_data/regression_test/downloaded_data/MDGS/320620060703/ctd/p6623204.cnv
* Sea-Bird SBE 9 Data File:
* FileName = D:\Data\Raw\p6623204.dat
* Software Version Seasave Win32 V 5.32
* Temperature SN = 1649
* Conductivity SN = 1431
* Number of Bytes Per Scan = 37
* Number of Voltage Words = 5
* Number of Scans Averaged by the Deck Unit = 1
* NMEA Latitude = 61 52.91 S
* NMEA Longitude = 053 08.29 W
* NMEA UTC (Time) = 09:57:38
** Ship:   Nathaniel B. Palmer 
** Cruise:    NBP0606 
# nquan = 15
# nvalues = 1273                        
# units = specified
# name 0 = prDM: Pressure, Digiquartz [db]
# name 1 = t090C: Temperature [ITS-90, deg C]
# name 2 = c0S/m: Conductivity [S/m]
# name 3 = t190C: Temperature, 2 [ITS-90, deg C]
# name 4 = c1S/m: Conductivity, 2 [S/m]
# name 5 = sbeox0ML/L: Oxygen, SBE 43 [ml/l]
# name 6 = flECO-AFL: Fluorescence, Wetlab ECO-AFL/FL [mg/m^3]
# name 7 = bat: Beam Attenuation, Chelsea/Seatech/Wetlab CStar [1/m]
# name 8 = spar: SPAR/Surface Irradiance
# name 9 = latitude: Latitude [deg]
# name 10 = longitude: Longitude [deg]
# name 11 = timeY: Time, System [seconds]
# name 12 = timeJ: Julian Days
# name 13 = sal00: Salinity [PSU]
# name 14 = flag: flag
# span 0 =      2.000,   1274.000       
# span 1 =    -1.7104,    -0.0084       
# span 2 =   2.721748,   2.924030       
# span 3 =    -1.7094,    -0.0078       
# span 4 =   2.722280,   2.924184       
# span 5 =    5.66938,    7.16280       
# span 6 =    -0.1349,     0.0724       
# span 7 =    13.8155,    13.8155       
# span 8 = 0.0000e+00, 0.0000e+00       
# span 9 =  -61.88183,  -61.88183       
# span 10 =  -53.13817,  -53.13817      
# span 11 = 1154944780, 1154946487      
# span 12 = 219.416463, 219.436221      
# span 13 =    34.3879,    34.7626      
# span 14 = 0.0000e+00, 0.0000e+00      
# interval = decibars: 1                
# start_time = Aug 07 2006 09:59:08
# bad_flag = -9.990e-29
*END*
[from data line 868]
    870.000    -0.1365   2.903467    -0.1364   2.903612    5.79850    -0.1002    13.8155 0.0000e+00  -61.88183  -53.13817 1154945963 219.430149    34.6315 0.0000e+00
    871.000    -0.1365   2.903498    -0.1365   2.903648    5.79882    -0.0845    13.8155 0.0000e+00  -61.88183  -53.13817 1154945964 219.430164    34.6313 0.0000e+00
    872.000    -0.1359   2.903601    -0.1358   2.903753    5.79533    -0.1005    13.8155 0.0000e+00  -61.88183  -53.13817 1154945965 219.430178    34.6315 0.0000e+00
    873.000    -0.1359   2.903645    -0.1356   2.903804    5.79512    -0.0912    13.8155 0.0000e+00  -61.88183  -53.13817 1154945966 219.430192    34.6314 0.0000e+00
    874.000    -0.1359   2.903690    -0.1359   2.903826    5.79307    -0.0837    13.8155 0.0000e+00  -61.88183  -53.13817 1154945968 219.430206    34.6314 0.0000e+00
    875.000    -0.1362   2.903695    -0.1361   2.903849    5.79334    -0.1182    13.8155 0.0000e+00  -61.88183  -53.13817 1154945969 219.430221    34.6312 0.0000e+00
    876.000    -0.1393   2.903461    -0.1400   2.903540    5.79472    -0.0784    13.8155 0.0000e+00  -61.88183  -53.13817 1154945970 219.430235    34.6311 0.0000e+00
    877.000    -0.1391   2.903529    -0.1391   2.903652    5.79670    -0.0854    13.8155 0.0000e+00  -61.88183  -53.13817 1154945971 219.430249    34.6313 0.0000e+00
    878.000    -0.1398   2.903508    -0.1395   2.903674    5.79714    -0.1168    13.8155 0.0000e+00  -61.88183  -53.13817 1154945973 219.430263    34.6312 0.0000e+00
    879.000    -0.1383   2.903694    -0.1383   2.903821    5.79722    -0.1039    13.8155 0.0000e+00  -61.88183  -53.13817 1154945974 219.430277    34.6313 0.0000e+00
    880.000    -0.1379   2.903754    -0.1377   2.903917    5.80176    -0.1008    13.8155 0.0000e+00  -61.88183  -53.13817 1154945975 219.430291    34.6311 0.0000e+00
    881.000    -0.1409   2.903533    -0.1412   2.903659    5.80329    -0.0888    13.8155 0.0000e+00  -61.88183  -53.13817 1154945976 219.430306    34.6311 0.0000e+00
    882.000    -0.1418   2.903499    -0.1430   2.903518    5.80405    -0.0931    13.8155 0.0000e+00  -61.88183  -53.13817 1154945978 219.430320    34.6311 0.0000e+00
    883.000    -0.1433   2.903402    -0.1428   2.903592    5.80454    -0.1088    13.8155 0.0000e+00  -61.88183  -53.13817 1154945979 219.430334    34.6308 0.0000e+00
    884.000    -0.1449   2.903313    -0.1452   2.903412    5.80235    -0.1071    13.8155 0.0000e+00  -61.88183  -53.13817 1154945980 219.430348    34.6309 0.0000e+00
    885.000    -0.1448   2.903358    -0.1446   2.903514    5.80571    -0.1027    13.8155 0.0000e+00  -61.88183  -53.13817 1154945981 219.430362    34.6308 0.0000e+00
    886.000    -0.1445   2.903429    -0.1443   2.903590    5.80647    -0.1058    13.8155 0.0000e+00  -61.88183  -53.13817 1154945982 219.430376    34.6308 0.0000e+00
    887.000    -0.1442   2.903486    -0.1442   2.903643    5.80559    -0.0936    13.8155 0.0000e+00  -61.88183  -53.13817 1154945984 219.430391    34.6307 0.0000e+00
    888.000    -0.1446   2.903510    -0.1442   2.903679    5.80409    -0.1090    13.8155 0.0000e+00  -61.88183  -53.13817 1154945985 219.430405    34.6308 0.0000e+00
    889.000    -0.1444   2.903579    -0.1441   2.903739    5.80221    -0.1059    13.8155 0.0000e+00  -61.88183  -53.13817 1154945986 219.430419    34.6309 0.0000e+00
    890.000    -0.1443   2.903626    -0.1441   2.903786    5.80182    -0.0955    13.8155 0.0000e+00  -61.88183  -53.13817 1154945987 219.430433    34.6309 0.0000e+00
    891.000    -0.1439   2.903696    -0.1436   2.903868    5.80364    -0.1020    13.8155 0.0000e+00  -61.88183  -53.13817 1154945989 219.430447    34.6307 0.0000e+00
    892.000    -0.1433   2.903805    -0.1432   2.903954    5.80581    -0.0921    13.8155 0.0000e+00  -61.88183  -53.13817 1154945990 219.430462    34.6309 0.0000e+00
    893.000    -0.1433   2.903841    -0.1430   2.904013    5.80803    -0.0857    13.8155 0.0000e+00  -61.88183  -53.13817 1154945991 219.430476    34.6308 0.0000e+00
    894.000    -0.1430   2.903900    -0.1430   2.904056    5.80932    -0.0996    13.8155 0.0000e+00  -61.88183  -53.13817 1154945992 219.430490    34.6307 0.0000e+00
    895.000    -0.1436   2.903917    -0.1433   2.904070    5.81027    -0.1096    13.8155 0.0000e+00  -61.88183  -53.13817 1154945993 219.430504    34.6310 0.0000e+00
    896.000    -0.1447   2.903806    -0.1435   2.904096    5.81024    -0.1089    13.8155 0.0000e+00  -61.88183  -53.13817 1154945995 219.430518    34.6307 0.0000e+00
    897.000    -0.1511   2.903285    -0.1501   2.903567    5.81152    -0.1138    13.8155 0.0000e+00  -61.88183  -53.13817 1154945996 219.430532    34.6306 0.0000e+00
    898.000    -0.1508   2.903371    -0.1529   2.903355    5.81272    -0.1085    13.8155 0.0000e+00  -61.88183  -53.13817 1154945997 219.430546    34.6303 0.0000e+00
    899.000    -0.1502   2.903490    -0.1499   2.903648    5.81280    -0.0959    13.8155 0.0000e+00  -61.88183  -53.13817 1154945998 219.430561    34.6307 0.0000e+00
    900.000    -0.1527   2.903296    -0.1524   2.903466    5.81396    -0.1030    13.8155 0.0000e+00  -61.88183  -53.13817 1154946000 219.430575    34.6303 0.0000e+00
    901.000    -0.1537   2.903252    -0.1537   2.903408    5.81508    -0.0906    13.8155 0.0000e+00  -61.88183  -53.13817 1154946001 219.430589    34.6303 0.0000e+00
    902.000    -0.1547   2.903204    -0.1547   2.903352    5.81508    -0.1044    13.8155 0.0000e+00  -61.88183  -53.13817 1154946002 219.430603    34.6302 0.0000e+00
    903.000    -0.1565   2.903088    -0.1565   2.903251    5.81350    -0.0990    13.8155 0.0000e+00  -61.88183  -53.13817 1154946003 219.430617    34.6301 0.0000e+00
    904.000    -0.1571   2.903088    -0.1565   2.903297    5.81340    -0.1047    13.8155 0.0000e+00  -61.88183  -53.13817 1154946004 219.430632    34.6302 0.0000e+00
    905.000    -0.1558   2.903237    -0.1558   2.903384    5.81189    -0.1097    13.8155 0.0000e+00  -61.88183  -53.13817 1154946006 219.430646    34.6302 0.0000e+00
    906.000    -0.1554   2.903325    -0.1553   2.903479    5.81184    -0.0939    13.8155 0.0000e+00  -61.88183  -53.13817 1154946007 219.430660    34.6302 0.0000e+00
    907.000    -0.1551   2.903394    -0.1550   2.903550    5.81370    -0.1349    13.8155 0.0000e+00  -61.88183  -53.13817 1154946008 219.430674    34.6302 0.0000e+00
    908.000    -0.1553   2.903422    -0.1551   2.903575    5.81590    -0.1112    13.8155 0.0000e+00  -61.88183  -53.13817 1154946009 219.430688    34.6301 0.0000e+00
    909.000    -0.1552   2.903478    -0.1549   2.903646    5.81667    -0.0902    13.8155 0.0000e+00  -61.88183  -53.13817 1154946011 219.430703    34.6303 0.0000e+00
    910.000    -0.1549   2.903538    -0.1548   2.903689    5.81718    -0.1023    13.8155 0.0000e+00  -61.88183  -53.13817 1154946012 219.430717    34.6300 0.0000e+00
    911.000    -0.1551   2.903567    -0.1549   2.903728    5.81989    -0.1008    13.8155 0.0000e+00  -61.88183  -53.13817 1154946013 219.430731    34.6301 0.0000e+00
    912.000    -0.1553   2.903584    -0.1554   2.903738    5.82086    -0.0677    13.8155 0.0000e+00  -61.88183  -53.13817 1154946014 219.430745    34.6300 0.0000e+00
    913.000    -0.1562   2.903558    -0.1560   2.903729    5.82041    -0.0926    13.8155 0.0000e+00  -61.88183  -53.13817 1154946015 219.430759    34.6301 0.0000e+00
    914.000    -0.1555   2.903663    -0.1552   2.903823    5.82033    -0.0964    13.8155 0.0000e+00  -61.88183  -53.13817 1154946017 219.430773    34.6301 0.0000e+00
    915.000    -0.1552   2.903728    -0.1552   2.903883    5.82095    -0.0885    13.8155 0.0000e+00  -61.88183  -53.13817 1154946018 219.430787    34.6301 0.0000e+00
    916.000    -0.1554   2.903760    -0.1552   2.903917    5.81927    -0.0889    13.8155 0.0000e+00  -61.88183  -53.13817 1154946019 219.430801    34.6301 0.0000e+00
    917.000    -0.1553   2.903808    -0.1549   2.903977    5.81865    -0.0895    13.8155 0.0000e+00  -61.88183  -53.13817 1154946020 219.430816    34.6301 0.0000e+00
    918.000    -0.1543   2.903926    -0.1542   2.904100    5.81834    -0.1139    13.8155 0.0000e+00  -61.88183  -53.13817 1154946022 219.430830    34.6299 0.0000e+00
    919.000    -0.1543   2.903978    -0.1542   2.904151    5.81842    -0.1021    13.8155 0.0000e+00  -61.88183  -53.13817 1154946023 219.430844    34.6300 0.0000e+00
    920.000    -0.1545   2.904011    -0.1542   2.904173    5.81658    -0.1099    13.8155 0.0000e+00  -61.88183  -53.13817 1154946024 219.430858    34.6301 0.0000e+00
    921.000    -0.1538   2.904113    -0.1535   2.904285    5.81510    -0.1179    13.8155 0.0000e+00  -61.88183  -53.13817 1154946025 219.430872    34.6300 0.0000e+00
    922.000    -0.1534   2.904188    -0.1530   2.904368    5.81138    -0.0888    13.8155 0.0000e+00  -61.88183  -53.13817 1154946026 219.430886    34.6301 0.0000e+00
    923.000    -0.1522   2.904344    -0.1520   2.904510    5.81210    -0.1190    13.8155 0.0000e+00  -61.88183  -53.13817 1154946028 219.430900    34.6301 0.0000e+00
    924.000    -0.1511   2.904480    -0.1508   2.904656    5.81439    -0.1160    13.8155 0.0000e+00  -61.88183  -53.13817 1154946029 219.430914    34.6301 0.0000e+00
    925.000    -0.1507   2.904555    -0.1512   2.904664    5.81782    -0.1094    13.8155 0.0000e+00  -61.88183  -53.13817 1154946030 219.430928    34.6301 0.0000e+00
    926.000    -0.1517   2.904518    -0.1517   2.904664    5.81626    -0.1202    13.8155 0.0000e+00  -61.88183  -53.13817 1154946031 219.430943    34.6301 0.0000e+00
    927.000    -0.1529   2.904452    -0.1530   2.904598    5.81720    -0.0869    13.8155 0.0000e+00  -61.88183  -53.13817 1154946033 219.430957    34.6302 0.0000e+00
    928.000    -0.1530   2.904485    -0.1530   2.904642    5.81835    -0.1019    13.8155 0.0000e+00  -61.88183  -53.13817 1154946034 219.430971    34.6300 0.0000e+00
    929.000    -0.1527   2.904558    -0.1526   2.904715    5.81972    -0.0882    13.8155 0.0000e+00  -61.88183  -53.13817 1154946035 219.430985    34.6301 0.0000e+00
    930.000    -0.1527   2.904602    -0.1525   2.904767    5.81979    -0.0770    13.8155 0.0000e+00  -61.88183  -53.13817 1154946036 219.430999    34.6301 0.0000e+00
    931.000    -0.1522   2.904688    -0.1526   2.904821    5.81991    -0.1072    13.8155 0.0000e+00  -61.88183  -53.13817 1154946037 219.431013    34.6302 0.0000e+00
    932.000    -0.1521   2.904753    -0.1520   2.904902    5.81759    -0.1000    13.8155 0.0000e+00  -61.88183  -53.13817 1154946039 219.431027    34.6303 0.0000e+00
    933.000    -0.1518   2.904818    -0.1517   2.904969    5.81485    -0.0864    13.8155 0.0000e+00  -61.88183  -53.13817 1154946040 219.431041    34.6302 0.0000e+00
    934.000    -0.1517   2.904863    -0.1517   2.905022    5.81468    -0.0862    13.8155 0.0000e+00  -61.88183  -53.13817 1154946041 219.431055    34.6301 0.0000e+00
    935.000    -0.1511   2.904961    -0.1504   2.905167    5.81561    -0.0808    13.8155 0.0000e+00  -61.88183  -53.13817 1154946042 219.431069    34.6302 0.0000e+00
    936.000    -0.1467   2.905409    -0.1462   2.905608    5.81486    -0.1124    13.8155 0.0000e+00  -61.88183  -53.13817 1154946043 219.431083    34.6304 0.0000e+00
    937.000    -0.1461   2.905509    -0.1460   2.905665    5.81648    -0.0904    13.8155 0.0000e+00  -61.88183  -53.13817 1154946045 219.431097    34.6305 0.0000e+00
    938.000    -0.1458   2.905571    -0.1457   2.905739    5.81688    -0.1244    13.8155 0.0000e+00  -61.88183  -53.13817 1154946046 219.431111    34.6304 0.0000e+00
    939.000    -0.1470   2.905508    -0.1470   2.905654    5.81753    -0.1267    13.8155 0.0000e+00  -61.88183  -53.13817 1154946047 219.431125    34.6304 0.0000e+00
    940.000    -0.1469   2.905558    -0.1472   2.905685    5.81550    -0.0928    13.8155 0.0000e+00  -61.88183  -53.13817 1154946048 219.431139    34.6304 0.0000e+00
    941.000    -0.1484   2.905473    -0.1489   2.905566    5.81631    -0.0912    13.8155 0.0000e+00  -61.88183  -53.13817 1154946049 219.431153    34.6304 0.0000e+00
    942.000    -0.1470   2.905636    -0.1467   2.905800    5.81590    -0.1105    13.8155 0.0000e+00  -61.88183  -53.13817 1154946051 219.431166    34.6304 0.0000e+00
    943.000    -0.1474   2.905645    -0.1473   2.905800    5.81646    -0.0990    13.8155 0.0000e+00  -61.88183  -53.13817 1154946052 219.431180    34.6304 0.0000e+00
    944.000    -0.1475   2.905676    -0.1472   2.905854    5.81726    -0.0960    13.8155 0.0000e+00  -61.88183  -53.13817 1154946053 219.431194    34.6303 0.0000e+00
    945.000    -0.1487   2.905616    -0.1486   2.905768    5.81802    -0.1254    13.8155 0.0000e+00  -61.88183  -53.13817 1154946054 219.431208    34.6304 0.0000e+00
    946.000    -0.1487   2.905665    -0.1488   2.905800    5.81865    -0.0998    13.8155 0.0000e+00  -61.88183  -53.13817 1154946055 219.431222    34.6305 0.0000e+00
    947.000    -0.1487   2.905703    -0.1486   2.905863    5.81795    -0.1171    13.8155 0.0000e+00  -61.88183  -53.13817 1154946057 219.431236    34.6304 0.0000e+00
    948.000    -0.1489   2.905724    -0.1490   2.905861    5.81703    -0.1093    13.8155 0.0000e+00  -61.88183  -53.13817 1154946058 219.431250    34.6304 0.0000e+00
    949.000    -0.1487   2.905791    -0.1485   2.905945    5.81581    -0.0795    13.8155 0.0000e+00  -61.88183  -53.13817 1154946059 219.431264    34.6304 0.0000e+00
    950.000    -0.1479   2.905903    -0.1475   2.906081    5.81645    -0.1162    13.8155 0.0000e+00  -61.88183  -53.13817 1154946060 219.431277    34.6304 0.0000e+00
    951.000    -0.1466   2.906069    -0.1461   2.906249    5.81598    -0.1003    13.8155 0.0000e+00  -61.88183  -53.13817 1154946061 219.431291    34.6306 0.0000e+00
    952.000    -0.1463   2.906124    -0.1462   2.906281    5.81682    -0.0930    13.8155 0.0000e+00  -61.88183  -53.13817 1154946063 219.431305    34.6303 0.0000e+00
    953.000    -0.1481   2.906006    -0.1483   2.906144    5.81816    -0.1113    13.8155 0.0000e+00  -61.88183  -53.13817 1154946064 219.431319    34.6302 0.0000e+00
    954.000    -0.1486   2.906003    -0.1487   2.906155    5.81678    -0.1078    13.8155 0.0000e+00  -61.88183  -53.13817 1154946065 219.431333    34.6303 0.0000e+00
    955.000    -0.1489   2.906028    -0.1487   2.906187    5.81698    -0.1025    13.8155 0.0000e+00  -61.88183  -53.13817 1154946066 219.431347    34.6303 0.0000e+00
    956.000    -0.1481   2.906133    -0.1480   2.906300    5.81775    -0.0946    13.8155 0.0000e+00  -61.88183  -53.13817 1154946067 219.431361    34.6302 0.0000e+00
    957.000    -0.1490   2.906102    -0.1488   2.906272    5.81723    -0.0976    13.8155 0.0000e+00  -61.88183  -53.13817 1154946069 219.431375    34.6303 0.0000e+00
    958.000    -0.1488   2.906163    -0.1487   2.906317    5.81782    -0.1112    13.8155 0.0000e+00  -61.88183  -53.13817 1154946070 219.431388    34.6303 0.0000e+00
    959.000    -0.1491   2.906181    -0.1489   2.906340    5.81673    -0.0791    13.8155 0.0000e+00  -61.88183  -53.13817 1154946071 219.431402    34.6303 0.0000e+00
    960.000    -0.1491   2.906221    -0.1488   2.906387    5.81656    -0.1083    13.8155 0.0000e+00  -61.88183  -53.13817 1154946072 219.431416    34.6303 0.0000e+00
    961.000    -0.1486   2.906323    -0.1483   2.906488    5.81615    -0.0863    13.8155 0.0000e+00  -61.88183  -53.13817 1154946073 219.431430    34.6304 0.0000e+00
    962.000    -0.1495   2.906285    -0.1493   2.906438    5.81567    -0.0946    13.8155 0.0000e+00  -61.88183  -53.13817 1154946075 219.431444    34.6304 0.0000e+00
    963.000    -0.1488   2.906381    -0.1482   2.906570    5.81645    -0.1043    13.8155 0.0000e+00  -61.88183  -53.13817 1154946076 219.431458    34.6304 0.0000e+00
    964.000    -0.1483   2.906475    -0.1480   2.906644    5.81726    -0.0950    13.8155 0.0000e+00  -61.88183  -53.13817 1154946077 219.431471    34.6303 0.0000e+00
