product_data/regression_test/downloaded_data/MDGS/320620060703/ctd/p6623103.cnv
* Sea-Bird SBE 9 Data File:
* FileName = D:\Data\Raw\p6623103.dat
* Software Version Seasave Win32 V 5.32
* Temperature SN = 1649
* Conductivity SN = 1431
* Number of Bytes Per Scan = 37
* Number of Voltage Words = 5
* Number of Scans Averaged by the Deck Unit = 1
* NMEA Latitude = 61 55.05 S
* NMEA Longitude = 053 03.29 W
* NMEA UTC (Time) = 04:30:49
** Ship:   Nathaniel B. Palmer 
** Cruise:    NBP0606 
# nquan = 15
# nvalues = 1942                        
# units = specified
# name 0 = prDM: Pressure, Digiquartz [db]
# name 1 = t090C: Temperature [ITS-90, deg C]
# name 2 = c0S/m: Conductivity [S/m]
# name 3 = t190C: Temperature, 2 [ITS-90, deg C]
# name 4 = c1S/m: Conductivity, 2 [S/m]
# name 5 = sbeox0ML/L: Oxygen, SBE 43 [ml/l]
# name 6 = flECO-AFL: Fluorescence, Wetlab ECO-AFL/FL [mg/m^3]
# name 7 = bat: Beam Attenuation, Chelsea/Seatech/Wetlab CStar [1/m]
# name 8 = spar: SPAR/Surface Irradiance
# name 9 = latitude: Latitude [deg]
# name 10 = longitude: Longitude [deg]
# name 11 = timeY: Time, System [seconds]
# name 12 = timeJ: Julian Days
# name 13 = sal00: Salinity [PSU]
# name 14 = flag: flag
# span 0 =      2.000,   1943.000       
# span 1 =    -1.7300,    -0.0746       
# span 2 =   2.720574,   2.950431       
# span 3 =    -1.7290,    -0.0746       
# span 4 =   2.720939,   2.950577       
# span 5 =    5.79343,    7.28749       
# span 6 =    -0.1472,     0.0867       
# span 7 =    13.8155,    13.8155       
# span 8 = -5.269e-03, 9.4212e-01       
# span 9 =  -61.91750,  -61.91750       
# span 10 =  -53.05483,  -53.05483      
# span 11 = 1154925192, 1154927650      
# span 12 = 219.189741, 219.218195      
# span 13 =    34.3178,    35.1088      
# span 14 = 0.0000e+00, 0.0000e+00      
# interval = decibars: 1                
# start_time = Aug 07 2006 04:32:17
# bad_flag = -9.990e-29
*END*
[from data line 772]
    774.000    -0.2436   2.888103    -0.2436   2.888197    5.89858    -0.1033    13.8155 0.0000e+00  -61.91750  -53.05483 1154926222 219.201672    34.6037 0.0000e+00
    775.000    -0.2395   2.888547    -0.2381   2.888758    5.89691    -0.0938    13.8155 0.0000e+00  -61.91750  -53.05483 1154926224 219.201686    34.6045 0.0000e+00
    776.000    -0.2364   2.888899    -0.2353   2.889089    5.89275    -0.0972    13.8155 0.0000e+00  -61.91750  -53.05483 1154926225 219.201700    34.6050 0.0000e+00
    777.000    -0.2351   2.889057    -0.2346   2.889206    5.89122    -0.0832    13.8155 0.0000e+00  -61.91750  -53.05483 1154926226 219.201714    34.6051 0.0000e+00
    778.000    -0.2358   2.889032    -0.2349   2.889222    5.88956    -0.0939    13.8155 0.0000e+00  -61.91750  -53.05483 1154926227 219.201728    34.6051 0.0000e+00
    779.000    -0.2348   2.889163    -0.2345   2.889304    5.88995    -0.0818    13.8155 0.0000e+00  -61.91750  -53.05483 1154926228 219.201742    34.6051 0.0000e+00
    780.000    -0.2375   2.888955    -0.2368   2.889128    5.89216    -0.1088    13.8155 0.0000e+00  -61.91750  -53.05483 1154926230 219.201755    34.6049 0.0000e+00
    781.000    -0.2381   2.888942    -0.2386   2.889000    5.89133    -0.0964    13.8155 0.0000e+00  -61.91750  -53.05483 1154926231 219.201769    34.6050 0.0000e+00
    782.000    -0.2351   2.889287    -0.2347   2.889427    5.88893    -0.1033    13.8155 0.0000e+00  -61.91750  -53.05483 1154926232 219.201783    34.6056 0.0000e+00
    783.000    -0.2334   2.889493    -0.2331   2.889642    5.88655    -0.1007    13.8155 0.0000e+00  -61.91750  -53.05483 1154926233 219.201797    34.6059 0.0000e+00
    784.000    -0.2336   2.889532    -0.2331   2.889677    5.88611    -0.1033    13.8155 0.0000e+00  -61.91750  -53.05483 1154926234 219.201810    34.6060 0.0000e+00
    785.000    -0.2335   2.889572    -0.2331   2.889718    5.88195    -0.0829    13.8155 0.0000e+00  -61.91750  -53.05483 1154926236 219.201824    34.6058 0.0000e+00
    786.000    -0.2338   2.889581    -0.2333   2.889745    5.88129    -0.0864    13.8155 0.0000e+00  -61.91750  -53.05483 1154926237 219.201838    34.6057 0.0000e+00
    787.000    -0.2336   2.889654    -0.2331   2.889808    5.88148    -0.0755    13.8155 0.0000e+00  -61.91750  -53.05483 1154926238 219.201852    34.6059 0.0000e+00
    788.000    -0.2336   2.889701    -0.2331   2.889847    5.88275    -0.0891    13.8155 0.0000e+00  -61.91750  -53.05483 1154926239 219.201865    34.6060 0.0000e+00
    789.000    -0.2320   2.889888    -0.2299   2.890185    5.88272    -0.1062    13.8155 0.0000e+00  -61.91750  -53.05483 1154926240 219.201879    34.6062 0.0000e+00
    790.000    -0.2247   2.890590    -0.2263   2.890550    5.88289    -0.0974    13.8155 0.0000e+00  -61.91750  -53.05483 1154926241 219.201893    34.6064 0.0000e+00
    791.000    -0.2223   2.890855    -0.2221   2.890970    5.88021    -0.0817    13.8155 0.0000e+00  -61.91750  -53.05483 1154926243 219.201906    34.6065 0.0000e+00
    792.000    -0.2244   2.890720    -0.2264   2.890615    5.87802    -0.0910    13.8155 0.0000e+00  -61.91750  -53.05483 1154926244 219.201920    34.6068 0.0000e+00
    793.000    -0.2203   2.891113    -0.2197   2.891271    5.87748    -0.1076    13.8155 0.0000e+00  -61.91750  -53.05483 1154926245 219.201933    34.6067 0.0000e+00
    794.000    -0.2194   2.891242    -0.2190   2.891381    5.87627    -0.1117    13.8155 0.0000e+00  -61.91750  -53.05483 1154926246 219.201947    34.6068 0.0000e+00
    795.000    -0.2210   2.891133    -0.2207   2.891287    5.87667    -0.0991    13.8155 0.0000e+00  -61.91750  -53.05483 1154926247 219.201961    34.6066 0.0000e+00
    796.000    -0.2173   2.891543    -0.2159   2.891746    5.87760    -0.1075    13.8155 0.0000e+00  -61.91750  -53.05483 1154926249 219.201974    34.6073 0.0000e+00
    797.000    -0.2201   2.891307    -0.2192   2.891514    5.87790    -0.1207    13.8155 0.0000e+00  -61.91750  -53.05483 1154926250 219.201988    34.6068 0.0000e+00
    798.000    -0.2155   2.891779    -0.2147   2.891954    5.87766    -0.0942    13.8155 0.0000e+00  -61.91750  -53.05483 1154926251 219.202001    34.6073 0.0000e+00
    799.000    -0.2140   2.891944    -0.2142   2.892070    5.87795    -0.1022    13.8155 0.0000e+00  -61.91750  -53.05483 1154926252 219.202015    34.6071 0.0000e+00
    800.000    -0.2146   2.891935    -0.2145   2.892066    5.87666    -0.1066    13.8155 0.0000e+00  -61.91750  -53.05483 1154926253 219.202028    34.6071 0.0000e+00
    801.000    -0.2156   2.891888    -0.2154   2.892031    5.87412    -0.0855    13.8155 0.0000e+00  -61.91750  -53.05483 1154926254 219.202041    34.6072 0.0000e+00
    802.000    -0.2164   2.891853    -0.2163   2.891975    5.87431    -0.0932    13.8155 0.0000e+00  -61.91750  -53.05483 1154926255 219.202055    34.6070 0.0000e+00
    803.000    -0.2172   2.891828    -0.2168   2.891981    5.87517    -0.1134    13.8155 0.0000e+00  -61.91750  -53.05483 1154926257 219.202068    34.6070 0.0000e+00
    804.000    -0.2196   2.891663    -0.2192   2.891822    5.87463    -0.1022    13.8155 0.0000e+00  -61.91750  -53.05483 1154926258 219.202082    34.6072 0.0000e+00
    805.000    -0.2131   2.892294    -0.2137   2.892337    5.87405    -0.0801    13.8155 0.0000e+00  -61.91750  -53.05483 1154926259 219.202095    34.6074 0.0000e+00
    806.000    -0.2106   2.892563    -0.2110   2.892623    5.87277    -0.1132    13.8155 0.0000e+00  -61.91750  -53.05483 1154926260 219.202108    34.6075 0.0000e+00
    807.000    -0.2101   2.892659    -0.2096   2.892794    5.87009    -0.0855    13.8155 0.0000e+00  -61.91750  -53.05483 1154926261 219.202122    34.6077 0.0000e+00
    808.000    -0.2058   2.893127    -0.2055   2.893252    5.86759    -0.1041    13.8155 0.0000e+00  -61.91750  -53.05483 1154926262 219.202135    34.6084 0.0000e+00
    809.000    -0.2038   2.893378    -0.2036   2.893513    5.86357    -0.1074    13.8155 0.0000e+00  -61.91750  -53.05483 1154926264 219.202149    34.6088 0.0000e+00
    810.000    -0.2011   2.893729    -0.2008   2.893842    5.86024    -0.0925    13.8155 0.0000e+00  -61.91750  -53.05483 1154926265 219.202162    34.6098 0.0000e+00
    811.000    -0.1990   2.893958    -0.1991   2.894061    5.85598    -0.1132    13.8155 0.0000e+00  -61.91750  -53.05483 1154926266 219.202175    34.6098 0.0000e+00
    812.000    -0.1990   2.894005    -0.1988   2.894142    5.85295    -0.0986    13.8155 0.0000e+00  -61.91750  -53.05483 1154926267 219.202189    34.6100 0.0000e+00
    813.000    -0.1993   2.894013    -0.1989   2.894161    5.85231    -0.1045    13.8155 0.0000e+00  -61.91750  -53.05483 1154926268 219.202202    34.6099 0.0000e+00
    814.000    -0.1997   2.894006    -0.1995   2.894153    5.85134    -0.0718    13.8155 0.0000e+00  -61.91750  -53.05483 1154926269 219.202215    34.6097 0.0000e+00
    815.000    -0.2011   2.893937    -0.2007   2.894078    5.84943    -0.0908    13.8155 0.0000e+00  -61.91750  -53.05483 1154926270 219.202229    34.6098 0.0000e+00
    816.000    -0.2015   2.893932    -0.2007   2.894122    5.85189    -0.0971    13.8155 0.0000e+00  -61.91750  -53.05483 1154926272 219.202242    34.6097 0.0000e+00
    817.000    -0.2005   2.894058    -0.2002   2.894192    5.85569    -0.1128    13.8155 0.0000e+00  -61.91750  -53.05483 1154926273 219.202255    34.6095 0.0000e+00
    818.000    -0.2002   2.894131    -0.1998   2.894271    5.85676    -0.1093    13.8155 0.0000e+00  -61.91750  -53.05483 1154926274 219.202269    34.6097 0.0000e+00
    819.000    -0.1997   2.894223    -0.1989   2.894404    5.85767    -0.1012    13.8155 0.0000e+00  -61.91750  -53.05483 1154926275 219.202282    34.6098 0.0000e+00
    820.000    -0.1998   2.894280    -0.1993   2.894432    5.85868    -0.1204    13.8155 0.0000e+00  -61.91750  -53.05483 1154926276 219.202296    34.6100 0.0000e+00
    821.000    -0.2015   2.894182    -0.2019   2.894290    5.85913    -0.0963    13.8155 0.0000e+00  -61.91750  -53.05483 1154926277 219.202309    34.6101 0.0000e+00
    822.000    -0.2027   2.894149    -0.2027   2.894259    5.85977    -0.0998    13.8155 0.0000e+00  -61.91750  -53.05483 1154926279 219.202322    34.6105 0.0000e+00
    823.000    -0.2038   2.894086    -0.2036   2.894230    5.86080    -0.0983    13.8155 0.0000e+00  -61.91750  -53.05483 1154926280 219.202336    34.6103 0.0000e+00
    824.000    -0.2034   2.894181    -0.2030   2.894312    5.86157    -0.1112    13.8155 0.0000e+00  -61.91750  -53.05483 1154926281 219.202349    34.6106 0.0000e+00
    825.000    -0.2027   2.894279    -0.2022   2.894436    5.86233    -0.0993    13.8155 0.0000e+00  -61.91750  -53.05483 1154926282 219.202363    34.6105 0.0000e+00
    826.000    -0.2022   2.894378    -0.2013   2.894560    5.86213    -0.0982    13.8155 0.0000e+00  -61.91750  -53.05483 1154926283 219.202376    34.6106 0.0000e+00
    827.000    -0.2034   2.894297    -0.2026   2.894493    5.86243    -0.0774    13.8155 0.0000e+00  -61.91750  -53.05483 1154926284 219.202390    34.6104 0.0000e+00
    828.000    -0.2034   2.894351    -0.2032   2.894506    5.86198    -0.0954    13.8155 0.0000e+00  -61.91750  -53.05483 1154926286 219.202404    34.6105 0.0000e+00
    829.000    -0.2031   2.894431    -0.2028   2.894585    5.86165    -0.1072    13.8155 0.0000e+00  -61.91750  -53.05483 1154926287 219.202417    34.6107 0.0000e+00
    830.000    -0.2028   2.894518    -0.2023   2.894673    5.86126    -0.0850    13.8155 0.0000e+00  -61.91750  -53.05483 1154926288 219.202431    34.6109 0.0000e+00
    831.000    -0.2031   2.894542    -0.2027   2.894690    5.85995    -0.0813    13.8155 0.0000e+00  -61.91750  -53.05483 1154926289 219.202444    34.6109 0.0000e+00
    832.000    -0.2032   2.894581    -0.2028   2.894731    5.85879    -0.1137    13.8155 0.0000e+00  -61.91750  -53.05483 1154926290 219.202458    34.6109 0.0000e+00
    833.000    -0.2041   2.894527    -0.2034   2.894701    5.85988    -0.1071    13.8155 0.0000e+00  -61.91750  -53.05483 1154926291 219.202471    34.6107 0.0000e+00
    834.000    -0.2038   2.894627    -0.2035   2.894764    5.85982    -0.1042    13.8155 0.0000e+00  -61.91750  -53.05483 1154926293 219.202485    34.6111 0.0000e+00
    835.000    -0.2029   2.894739    -0.2024   2.894912    5.86020    -0.1131    13.8155 0.0000e+00  -61.91750  -53.05483 1154926294 219.202498    34.6111 0.0000e+00
    836.000    -0.2027   2.894807    -0.2025   2.894944    5.86084    -0.1194    13.8155 0.0000e+00  -61.91750  -53.05483 1154926295 219.202511    34.6110 0.0000e+00
    837.000    -0.2032   2.894790    -0.2030   2.894923    5.86160    -0.0949    13.8155 0.0000e+00  -61.91750  -53.05483 1154926296 219.202525    34.6109 0.0000e+00
    838.000    -0.2035   2.894824    -0.2036   2.894932    5.86162    -0.0995    13.8155 0.0000e+00  -61.91750  -53.05483 1154926297 219.202538    34.6111 0.0000e+00
    839.000    -0.2042   2.894801    -0.2040   2.894949    5.86145    -0.1055    13.8155 0.0000e+00  -61.91750  -53.05483 1154926298 219.202552    34.6110 0.0000e+00
    840.000    -0.2035   2.894910    -0.2031   2.895078    5.86101    -0.0683    13.8155 0.0000e+00  -61.91750  -53.05483 1154926300 219.202566    34.6111 0.0000e+00
    841.000    -0.2035   2.894967    -0.2036   2.895084    5.86054    -0.0866    13.8155 0.0000e+00  -61.91750  -53.05483 1154926301 219.202579    34.6112 0.0000e+00
    842.000    -0.2021   2.895139    -0.2018   2.895290    5.86157    -0.0784    13.8155 0.0000e+00  -61.91750  -53.05483 1154926302 219.202593    34.6113 0.0000e+00
    843.000    -0.2044   2.894963    -0.2050   2.895029    5.86219    -0.1086    13.8155 0.0000e+00  -61.91750  -53.05483 1154926303 219.202607    34.6111 0.0000e+00
    844.000    -0.2062   2.894830    -0.2055   2.895028    5.86320    -0.1124    13.8155 0.0000e+00  -61.91750  -53.05483 1154926304 219.202621    34.6107 0.0000e+00
    845.000    -0.2068   2.894817    -0.2067   2.894959    5.86194    -0.0958    13.8155 0.0000e+00  -61.91750  -53.05483 1154926306 219.202634    34.6107 0.0000e+00
    846.000    -0.2084   2.894700    -0.2073   2.894939    5.86222    -0.0863    13.8155 0.0000e+00  -61.91750  -53.05483 1154926307 219.202648    34.6104 0.0000e+00
    847.000    -0.2097   2.894618    -0.2088   2.894834    5.86459    -0.0959    13.8155 0.0000e+00  -61.91750  -53.05483 1154926308 219.202661    34.6102 0.0000e+00
    848.000    -0.2110   2.894546    -0.2105   2.894746    5.86650    -0.1051    13.8155 0.0000e+00  -61.91750  -53.05483 1154926309 219.202675    34.6103 0.0000e+00
    849.000    -0.2104   2.894626    -0.2109   2.894726    5.86732    -0.0882    13.8155 0.0000e+00  -61.91750  -53.05483 1154926310 219.202688    34.6099 0.0000e+00
    850.000    -0.2122   2.894523    -0.2119   2.894664    5.86756    -0.0838    13.8155 0.0000e+00  -61.91750  -53.05483 1154926311 219.202702    34.6101 0.0000e+00
    851.000    -0.2113   2.894648    -0.2114   2.894770    5.86825    -0.0973    13.8155 0.0000e+00  -61.91750  -53.05483 1154926312 219.202715    34.6102 0.0000e+00
    852.000    -0.2107   2.894757    -0.2117   2.894793    5.86887    -0.0934    13.8155 0.0000e+00  -61.91750  -53.05483 1154926314 219.202729    34.6103 0.0000e+00
    853.000    -0.2087   2.895010    -0.2080   2.895180    5.86800    -0.0908    13.8155 0.0000e+00  -61.91750  -53.05483 1154926315 219.202742    34.6108 0.0000e+00
    854.000    -0.2080   2.895131    -0.2077   2.895278    5.86645    -0.0901    13.8155 0.0000e+00  -61.91750  -53.05483 1154926316 219.202756    34.6109 0.0000e+00
    855.000    -0.2077   2.895198    -0.2072   2.895364    5.86591    -0.0999    13.8155 0.0000e+00  -61.91750  -53.05483 1154926317 219.202770    34.6109 0.0000e+00
    856.000    -0.2073   2.895290    -0.2069   2.895445    5.86286    -0.1058    13.8155 0.0000e+00  -61.91750  -53.05483 1154926318 219.202783    34.6111 0.0000e+00
    857.000    -0.2070   2.895354    -0.2067   2.895517    5.86091    -0.0855    13.8155 0.0000e+00  -61.91750  -53.05483 1154926320 219.202797    34.6110 0.0000e+00
    858.000    -0.2061   2.895503    -0.2059   2.895645    5.86115    -0.1089    13.8155 0.0000e+00  -61.91750  -53.05483 1154926321 219.202811    34.6113 0.0000e+00
    859.000    -0.2063   2.895521    -0.2054   2.895726    5.86219    -0.0878    13.8155 0.0000e+00  -61.91750  -53.05483 1154926322 219.202825    34.6112 0.0000e+00
    860.000    -0.2051   2.895702    -0.2046   2.895853    5.86165    -0.0959    13.8155 0.0000e+00  -61.91750  -53.05483 1154926323 219.202839    34.6118 0.0000e+00
    861.000    -0.1955   2.896685    -0.1957   2.896769    5.85942    -0.1173    13.8155 0.0000e+00  -61.91750  -53.05483 1154926324 219.202853    34.6131 0.0000e+00
    862.000    -0.1942   2.896851    -0.1942   2.896961    5.85827    -0.1165    13.8155 0.0000e+00  -61.91750  -53.05483 1154926326 219.202866    34.6132 0.0000e+00
    863.000    -0.1965   2.896677    -0.1965   2.896800    5.85538    -0.1408    13.8155 0.0000e+00  -61.91750  -53.05483 1154926327 219.202880    34.6130 0.0000e+00
    864.000    -0.1931   2.897068    -0.1932   2.897143    5.85539    -0.1254    13.8155 0.0000e+00  -61.91750  -53.05483 1154926328 219.202894    34.6138 0.0000e+00
    865.000    -0.1911   2.897296    -0.1917   2.897354    5.85534    -0.1007    13.8155 0.0000e+00  -61.91750  -53.05483 1154926329 219.202907    34.6139 0.0000e+00
    866.000    -0.1909   2.897363    -0.1907   2.897492    5.85565    -0.1166    13.8155 0.0000e+00  -61.91750  -53.05483 1154926330 219.202920    34.6140 0.0000e+00
    867.000    -0.1914   2.897347    -0.1902   2.897578    5.85567    -0.1146    13.8155 0.0000e+00  -61.91750  -53.05483 1154926331 219.202934    34.6138 0.0000e+00
    868.000    -0.1928   2.897241    -0.1920   2.897448    5.85470    -0.0981    13.8155 0.0000e+00  -61.91750  -53.05483 1154926333 219.202947    34.6135 0.0000e+00
