product_data/regression_test/downloaded_data/MDGS/320620060703/ctd/p6620001.ros
* Sea-Bird SBE 9 Data File:
* FileName = D:\Data\Raw\p6620001.dat
* Software Version Seasave Win32 V 5.32
* Temperature SN = 1649
* Conductivity SN = 1431
* Number of Bytes Per Scan = 37
* Number of Voltage Words = 5
* Number of Scans Averaged by the Deck Unit = 1
* NMEA Latitude = 64 23.77 S
* NMEA Longitude = 062 08.95 W
* NMEA UTC (Time) = 23:36:48
** Ship:   Nathaniel B. Palmer 
** Cruise:    NBP0606 
# nquan = 17
# nvalues = 1176                    
# units = specified
# name 0 = prDM: Pressure, Digiquartz [db]
# name 1 = t090C: Temperature [ITS-90, deg C]
# name 2 = c0S/m: Conductivity [S/m]
# name 3 = t190C: Temperature, 2 [ITS-90, deg C]
# name 4 = c1S/m: Conductivity, 2 [S/m]
# name 5 = sbeox0ML/L: Oxygen, SBE 43 [ml/l]
# name 6 = flECO-AFL: Fluorescence, Wetlab ECO-AFL/FL [mg/m^3]
# name 7 = bat: Beam Attenuation, Chelsea/Seatech/Wetlab CStar [1/m]
# name 8 = spar: SPAR/Surface Irradiance
# name 9 = latitude: Latitude [deg]
# name 10 = longitude: Longitude [deg]
# name 11 = timeY: Time, System [seconds]
# name 12 = timeJ: Julian Days
# name 13 = sal00: Salinity [PSU]
# name 14 = scan: scan number
# name 15 = nbf: number of bottles fired
# name 16 = flag:  0.000e+00
# interval = seconds: 0.0416667                   
# start_time = Jul 27 2006 23:36:57
*END*
[from data line 171]
    349.849     0.1902   2.893847     0.1890   2.894048    5.90701    -0.0454    13.8155 0.0000e+00  -64.39617  -62.14917 1154044562 208.997265    34.4429      27522          4  0.000e+00
    349.859     0.1900   2.893880     0.1892   2.894019    5.91179    -0.0564    13.8155 0.0000e+00  -64.39617  -62.14917 1154044562 208.997266    34.4435      27523          4  0.000e+00
    349.782     0.1901   2.893857     0.1891   2.894030    5.91172    -0.0784    13.8155 0.0000e+00  -64.39617  -62.14917 1154044562 208.997266    34.4431      27524          4  0.000e+00
    349.782     0.1908   2.893863     0.1891   2.894042    5.90688    -0.0674    13.8155 0.0000e+00  -64.39617  -62.14917 1154044562 208.997267    34.4425      27525          4  0.000e+00
    349.782     0.1903   2.893837     0.1891   2.894042    5.90695    -0.0454    13.8155 0.0000e+00  -64.39617  -62.14917 1154044562 208.997267    34.4426      27526          4  0.000e+00
    349.782     0.1901   2.893857     0.1894   2.894042    5.90696    -0.0343    13.8155 0.0000e+00  -64.39617  -62.14917 1154044562 208.997268    34.4431      27527          4  0.000e+00
    349.782     0.1899   2.893837     0.1895   2.894042    5.90700    -0.0233    13.8155 0.0000e+00  -64.39617  -62.14917 1154044562 208.997268    34.4431      27528          4  0.000e+00
    349.705     0.1901   2.893840     0.1892   2.894077    5.90690     0.0758    13.8155 0.0000e+00  -64.39617  -62.14917 1154044562 208.997269    34.4429      27529          4  0.000e+00
    349.715     0.1900   2.893847     0.1891   2.894077    5.90693     0.0318    13.8155 0.0000e+00  -64.39617  -62.14917 1154044562 208.997269    34.4432      27530          4  0.000e+00
    349.782     0.1901   2.893830     0.1892   2.894072    5.90697    -0.0343    13.8155 0.0000e+00  -64.39617  -62.14917 1154044562 208.997269    34.4427      27531          4  0.000e+00
    349.648     0.1898   2.893877     0.1899   2.894071    5.91164    -0.0784    13.8155 0.0000e+00  -64.39617  -62.14917 1154044562 208.997270    34.4438      27532          4  0.000e+00
    349.715     0.1900   2.893857     0.1892   2.894071    5.91168    -0.0454    13.8155 0.0000e+00  -64.39617  -62.14917 1154044562 208.997270    34.4433      27533          4  0.000e+00
    349.648     0.1903   2.893847     0.1892   2.894048    5.91159    -0.0123    13.8155 0.0000e+00  -64.39617  -62.14917 1154044562 208.997271    34.4428      27534          4  0.000e+00
    349.715     0.1900   2.893830     0.1892   2.894060    5.91169    -0.0674    13.8155 0.0000e+00  -64.39617  -62.14917 1154044562 208.997271    34.4429      27535          4  0.000e+00
    349.638     0.1897   2.893790     0.1894   2.894048    5.90693    -0.1225    13.8155 0.0000e+00  -64.39617  -62.14917 1154044562 208.997272    34.4428      27536          4  0.000e+00
    349.648     0.1901   2.893780     0.1892   2.894101    5.90689    -0.1555    13.8155 0.0000e+00  -64.39617  -62.14917 1154044562 208.997272    34.4422      27537          4  0.000e+00
    349.571     0.1895   2.893759     0.1895   2.894107    5.90691    -0.1004    13.8155 0.0000e+00  -64.39617  -62.14917 1154044562 208.997273    34.4426      27538          4  0.000e+00
    349.648     0.1889   2.893756     0.1897   2.894095    5.90705    -0.0123    13.8155 0.0000e+00  -64.39617  -62.14917 1154044562 208.997273    34.4432      27539          4  0.000e+00
    349.571     0.1891   2.893736     0.1895   2.894095    5.91174    -0.0564    13.8155 0.0000e+00  -64.39617  -62.14917 1154044562 208.997274    34.4428      27540          4  0.000e+00
    349.571     0.1883   2.893733     0.1898   2.894136    5.91184    -0.1225    13.8155 0.0000e+00  -64.39617  -62.14917 1154044562 208.997274    34.4437      27541          4  0.000e+00
    349.648     0.1886   2.893679     0.1898   2.894107    5.91189    -0.0454    13.8155 0.0000e+00  -64.39617  -62.14917 1154044562 208.997275    34.4426      27542          4  0.000e+00
    349.571     0.1886   2.893679     0.1895   2.894113    5.91183     0.0097    13.8155 0.0000e+00  -64.39617  -62.14917 1154044562 208.997275    34.4426      27543          4  0.000e+00
    349.571     0.1889   2.893719     0.1898   2.894107    5.91177     0.0207    13.8155 0.0000e+00  -64.39617  -62.14917 1154044562 208.997276    34.4428      27544          4  0.000e+00
    349.648     0.1886   2.893733     0.1897   2.894119    5.91186    -0.0454    13.8155 0.0000e+00  -64.39617  -62.14917 1154044562 208.997276    34.4433      27545          4  0.000e+00
    349.571     0.1889   2.893679     0.1893   2.894083    5.91179     0.0097    13.8155 0.0000e+00  -64.39617  -62.14917 1154044563 208.997277    34.4423      27546          4  0.000e+00
    300.224     0.0026   2.868669     0.0056   2.869268    6.14944    -0.1004    13.8155 0.0000e+00  -64.39617  -62.14917 1154044658 208.998377    34.3502      29828          5  0.000e+00
    300.080     0.0026   2.868683     0.0058   2.869268    6.14931    -0.0564    13.8155 0.0000e+00  -64.39617  -62.14917 1154044658 208.998378    34.3506      29829          5  0.000e+00
    300.148     0.0029   2.868679     0.0058   2.869280    6.15409    -0.0123    13.8155 0.0000e+00  -64.39617  -62.14917 1154044658 208.998378    34.3501      29830          5  0.000e+00
    300.109     0.0027   2.868703     0.0058   2.869297    6.15406    -0.1114    13.8155 0.0000e+00  -64.39617  -62.14917 1154044658 208.998379    34.3506      29831          5  0.000e+00
    300.081     0.0022   2.868676     0.0060   2.869286    6.14937    -0.0784    13.8155 0.0000e+00  -64.39617  -62.14917 1154044658 208.998379    34.3510      29832          5  0.000e+00
    300.081     0.0027   2.868626     0.0060   2.869274    6.14932    -0.0123    13.8155 0.0000e+00  -64.39617  -62.14917 1154044658 208.998380    34.3496      29833          5  0.000e+00
    300.109     0.0029   2.868669     0.0058   2.869303    6.14931    -0.0564    13.8155 0.0000e+00  -64.39617  -62.14917 1154044658 208.998380    34.3500      29834          5  0.000e+00
    300.081     0.0030   2.868689     0.0056   2.869303    6.14925    -0.1114    13.8155 0.0000e+00  -64.39617  -62.14917 1154044658 208.998381    34.3502      29835          5  0.000e+00
    300.014     0.0023   2.868679     0.0055   2.869256    6.14929    -0.1004    13.8155 0.0000e+00  -64.39617  -62.14917 1154044658 208.998381    34.3509      29836          5  0.000e+00
    300.014     0.0027   2.868686     0.0055   2.869315    6.14923    -0.1665    13.8155 0.0000e+00  -64.39617  -62.14917 1154044658 208.998382    34.3505      29837          5  0.000e+00
    300.109     0.0024   2.868669     0.0052   2.869286    6.14936    -0.2106    13.8155 0.0000e+00  -64.39617  -62.14917 1154044658 208.998382    34.3505      29838          5  0.000e+00
    299.937     0.0032   2.868676     0.0050   2.869303    6.14912    -0.0784    13.8155 0.0000e+00  -64.39617  -62.14917 1154044658 208.998383    34.3499      29839          5  0.000e+00
    300.014     0.0031   2.868686     0.0044   2.869321    6.14919    -0.0233    13.8155 0.0000e+00  -64.39617  -62.14917 1154044658 208.998383    34.3501      29840          5  0.000e+00
    300.033     0.0029   2.868699     0.0055   2.869291    6.14922    -0.0343    13.8155 0.0000e+00  -64.39617  -62.14917 1154044658 208.998383    34.3505      29841          5  0.000e+00
    299.937     0.0033   2.868743     0.0055   2.869297    6.14906    -0.1114    13.8155 0.0000e+00  -64.39617  -62.14917 1154044658 208.998384    34.3506      29842          5  0.000e+00
    299.937     0.0029   2.868739     0.0058   2.869285    6.14912    -0.0564    13.8155 0.0000e+00  -64.39617  -62.14917 1154044658 208.998384    34.3511      29843          5  0.000e+00
    299.966     0.0030   2.868763     0.0052   2.869297    6.14911     0.0207    13.8155 0.0000e+00  -64.39617  -62.14917 1154044658 208.998385    34.3512      29844          5  0.000e+00
    299.937     0.0037   2.868813     0.0050   2.869285    6.14898    -0.0013    13.8155 0.0000e+00  -64.39617  -62.14917 1154044658 208.998385    34.3511      29845          5  0.000e+00
    299.870     0.0041   2.868810     0.0047   2.869274    6.15362    -0.0784    13.8155 0.0000e+00  -64.39617  -62.14917 1154044658 208.998386    34.3506      29846          5  0.000e+00
    299.937     0.0043   2.868833     0.0046   2.869238    6.15365    -0.1004    13.8155 0.0000e+00  -64.39617  -62.14917 1154044658 208.998386    34.3507      29847          5  0.000e+00
    299.899     0.0045   2.868846     0.0041   2.869180    6.14883    -0.0233    13.8155 0.0000e+00  -64.39617  -62.14917 1154044659 208.998387    34.3507      29848          5  0.000e+00
    299.870     0.0045   2.868883     0.0041   2.869192    6.15353     0.0097    13.8155 0.0000e+00  -64.39617  -62.14917 1154044659 208.998387    34.3512      29849          5  0.000e+00
    299.870     0.0052   2.868870     0.0043   2.869192    6.15345     0.0207    13.8155 0.0000e+00  -64.39617  -62.14917 1154044659 208.998388    34.3502      29850          5  0.000e+00
    299.822     0.0055   2.868903     0.0036   2.869168    6.15335    -0.0343    13.8155 0.0000e+00  -64.39617  -62.14917 1154044659 208.998388    34.3503      29851          5  0.000e+00
    299.870     0.0049   2.868867     0.0036   2.869174    6.15349    -0.1004    13.8155 0.0000e+00  -64.39617  -62.14917 1154044659 208.998389    34.3505      29852          5  0.000e+00
    299.870     0.0042   2.868790     0.0035   2.869162    6.15362    -0.0564    13.8155 0.0000e+00  -64.39617  -62.14917 1154044659 208.998389    34.3503      29853          5  0.000e+00
    299.870     0.0033   2.868726     0.0041   2.869150    6.15377     0.0538    13.8155 0.0000e+00  -64.39617  -62.14917 1154044659 208.998390    34.3504      29854          5  0.000e+00
    299.755     0.0041   2.868723     0.0040   2.869139    6.14882    -0.0343    13.8155 0.0000e+00  -64.39617  -62.14917 1154044659 208.998390    34.3495      29855          5  0.000e+00
    299.870     0.0040   2.868679     0.0043   2.869121    6.14896    -0.0894    13.8155 0.0000e+00  -64.39617  -62.14917 1154044659 208.998391    34.3491      29856          5  0.000e+00
    299.794     0.0040   2.868666     0.0035   2.869033    6.14890    -0.0564    13.8155 0.0000e+00  -64.39617  -62.14917 1154044659 208.998391    34.3490      29857          5  0.000e+00
    299.755     0.0037   2.868642     0.0029   2.868951    6.15367    -0.0343    13.8155 0.0000e+00  -64.39617  -62.14917 1154044659 208.998392    34.3490      29858          5  0.000e+00
    299.794     0.0033   2.868656     0.0016   2.868898    6.15374    -0.0784    13.8155 0.0000e+00  -64.39617  -62.14917 1154044659 208.998392    34.3495      29859          5  0.000e+00
    299.794     0.0033   2.868683     0.0013   2.868804    6.15372    -0.0674    13.8155 0.0000e+00  -64.39617  -62.14917 1154044659 208.998393    34.3499      29860          5  0.000e+00
    299.756     0.0030   2.868649     0.0013   2.868740    6.15375    -0.0454    13.8155 0.0000e+00  -64.39617  -62.14917 1154044659 208.998393    34.3498      29861          5  0.000e+00
    299.727     0.0025   2.868556     0.0009   2.868740    6.15385    -0.0674    13.8155 0.0000e+00  -64.39617  -62.14917 1154044659 208.998394    34.3492      29862          5  0.000e+00
    299.794     0.0021   2.868509     0.0004   2.868751    6.15397     0.0648    13.8155 0.0000e+00  -64.39617  -62.14917 1154044659 208.998394    34.3490      29863          5  0.000e+00
    299.727     0.0020   2.868532     0.0005   2.868734    6.15393     0.0207    13.8155 0.0000e+00  -64.39617  -62.14917 1154044659 208.998395    34.3495      29864          5  0.000e+00
    299.689     0.0020   2.868512     0.0002   2.868740    6.15390    -0.0123    13.8155 0.0000e+00  -64.39617  -62.14917 1154044659 208.998395    34.3492      29865          5  0.000e+00
    299.727     0.0020   2.868515     0.0006   2.868728    6.15393    -0.0233    13.8155 0.0000e+00  -64.39617  -62.14917 1154044659 208.998396    34.3492      29866          5  0.000e+00
    299.727     0.0015   2.868509     0.0005   2.868763    6.15399    -0.0894    13.8155 0.0000e+00  -64.39617  -62.14917 1154044659 208.998396    34.3497      29867          5  0.000e+00
    299.689     0.0015   2.868522     0.0009   2.868781    6.15395    -0.0784    13.8155 0.0000e+00  -64.39617  -62.14917 1154044659 208.998397    34.3499      29868          5  0.000e+00
    299.660     0.0012   2.868469     0.0009   2.868775    6.15400    -0.0013    13.8155 0.0000e+00  -64.39617  -62.14917 1154044659 208.998397    34.3495      29869          5  0.000e+00
    299.727     0.0012   2.868459     0.0010   2.868798    6.15406     0.0097    13.8155 0.0000e+00  -64.39617  -62.14917 1154044659 208.998397    34.3493      29870          5  0.000e+00
    299.660     0.0016   2.868442     0.0010   2.868798    6.15396     0.0097    13.8155 0.0000e+00  -64.39617  -62.14917 1154044659 208.998398    34.3487      29871          5  0.000e+00
    299.756     0.0010   2.868412     0.0012   2.868851    6.15413     0.0538    13.8155 0.0000e+00  -64.39617  -62.14917 1154044659 208.998398    34.3489      29872          5  0.000e+00
    299.660     0.0013   2.868412     0.0020   2.868922    6.15877     0.0097    13.8155 0.0000e+00  -64.39617  -62.14917 1154044659 208.998399    34.3486      29873          5  0.000e+00
    299.727     0.0011   2.868442     0.0016   2.868933    6.15409     0.0097    13.8155 0.0000e+00  -64.39617  -62.14917 1154044660 208.998399    34.3493      29874          5  0.000e+00
    299.756     0.0010   2.868492     0.0016   2.868939    6.15409    -0.0674    13.8155 0.0000e+00  -64.39617  -62.14917 1154044660 208.998400    34.3500      29875          5  0.000e+00
    299.727     0.0016   2.868505     0.0020   2.868974    6.15398    -0.1555    13.8155 0.0000e+00  -64.39617  -62.14917 1154044660 208.998400    34.3495      29876          5  0.000e+00
    250.465    -0.0757   2.856694    -0.0740   2.857235    6.24170    -0.0894    13.8155 0.0000e+00  -64.39617  -62.14917 1154044757 208.999533    34.3093      32224          6  0.000e+00
    250.608    -0.0758   2.856627    -0.0740   2.857258    6.24187    -0.0233    13.8155 0.0000e+00  -64.39617  -62.14917 1154044758 208.999533    34.3084      32225          6  0.000e+00
    250.532    -0.0757   2.856624    -0.0736   2.857305    6.24180    -0.0564    13.8155 0.0000e+00  -64.39617  -62.14917 1154044758 208.999534    34.3083      32226          6  0.000e+00
    250.474    -0.0753   2.856701    -0.0716   2.857352    6.24165    -0.0674    13.8155 0.0000e+00  -64.39617  -62.14917 1154044758 208.999534    34.3088      32227          6  0.000e+00
    250.532    -0.0749   2.856774    -0.0711   2.857422    6.24160    -0.0564    13.8155 0.0000e+00  -64.39617  -62.14917 1154044758 208.999535    34.3093      32228          6  0.000e+00
    250.474    -0.0750   2.856791    -0.0710   2.857481    6.24156    -0.0674    13.8155 0.0000e+00  -64.39617  -62.14917 1154044758 208.999535    34.3097      32229          6  0.000e+00
    250.474    -0.0748   2.856791    -0.0720   2.857481    6.24154    -0.1445    13.8155 0.0000e+00  -64.39617  -62.14917 1154044758 208.999536    34.3095      32230          6  0.000e+00
    250.465    -0.0747   2.856791    -0.0724   2.857451    6.24625    -0.1665    13.8155 0.0000e+00  -64.39617  -62.14917 1154044758 208.999536    34.3094      32231          6  0.000e+00
    250.474    -0.0750   2.856791    -0.0720   2.857445    6.24156    -0.1555    13.8155 0.0000e+00  -64.39617  -62.14917 1154044758 208.999537    34.3097      32232          6  0.000e+00
    250.465    -0.0748   2.856808    -0.0710   2.857498    6.24152    -0.0013    13.8155 0.0000e+00  -64.39617  -62.14917 1154044758 208.999537    34.3097      32233          6  0.000e+00
