product_data/regression_test/downloaded_data/MDGS/320620060703/ctd/p6623204.cnv
* Sea-Bird SBE 9 Data File:
* FileName = D:\Data\Raw\p6623204.dat
* Software Version Seasave Win32 V 5.32
* Temperature SN = 1649
* Conductivity SN = 1431
* Number of Bytes Per Scan = 37
* Number of Voltage Words = 5
* Number of Scans Averaged by the Deck Unit = 1
* NMEA Latitude = 61 52.91 S
* NMEA Longitude = 053 08.29 W
* NMEA UTC (Time) = 09:57:38
** Ship:   Nathaniel B. Palmer 
** Cruise:    NBP0606 
# nquan = 15
# nvalues = 1273                        
# units = specified
# name 0 = prDM: Pressure, Digiquartz [db]
# name 1 = t090C: Temperature [ITS-90, deg C]
# name 2 = c0S/m: Conductivity [S/m]
# name 3 = t190C: Temperature, 2 [ITS-90, deg C]
# name 4 = c1S/m: Conductivity, 2 [S/m]
# name 5 = sbeox0ML/L: Oxygen, SBE 43 [ml/l]
# name 6 = flECO-AFL: Fluorescence, Wetlab ECO-AFL/FL [mg/m^3]
# name 7 = bat: Beam Attenuation, Chelsea/Seatech/Wetlab CStar [1/m]
# name 8 = spar: SPAR/Surface Irradiance
# name 9 = latitude: Latitude [deg]
# name 10 = longitude: Longitude [deg]
# name 11 = timeY: Time, System [seconds]
# name 12 = timeJ: Julian Days
# name 13 = sal00: Salinity [PSU]
# name 14 = flag: flag
# span 0 =      2.000,   1274.000       
# span 1 =    -1.7104,    -0.0084       
# span 2 =   2.721748,   2.924030       
# span 3 =    -1.7094,    -0.0078       
# span 4 =   2.722280,   2.924184       
# span 5 =    5.66938,    7.16280       
# span 6 =    -0.1349,     0.0724       
# span 7 =    13.8155,    13.8155       
# span 8 = 0.0000e+00, 0.0000e+00       
# span 9 =  -61.88183,  -61.88183       
# span 10 =  -53.13817,  -53.13817      
# span 11 = 1154944780, 1154946487      
# span 12 = 219.416463, 219.436221      
# span 13 =    34.3879,    34.7626      
# span 14 = 0.0000e+00, 0.0000e+00      
# interval = decibars: 1                
# start_time = Aug 07 2006 09:59:08
# bad_flag = -9.990e-29
*END*
[from data line 97]
     99.000    -1.6641   2.725169    -1.6632   2.725576    7.14002     0.0232    13.8155 0.0000e+00  -61.88183  -53.13817 1154944995 219.418951    34.4268 0.0000e+00
    100.000    -1.6640   2.725216    -1.6633   2.725611    7.14189     0.0062    13.8155 0.0000e+00  -61.88183  -53.13817 1154944996 219.418965    34.4267 0.0000e+00
    101.000    -1.6644   2.725248    -1.6635   2.725642    7.14152     0.0031    13.8155 0.0000e+00  -61.88183  -53.13817 1154944998 219.418980    34.4271 0.0000e+00
    102.000    -1.6639   2.725326    -1.6628   2.725730    7.14251     0.0228    13.8155 0.0000e+00  -61.88183  -53.13817 1154944999 219.418994    34.4269 0.0000e+00
    103.000    -1.6635   2.725402    -1.6625   2.725802    7.14309    -0.0098    13.8155 0.0000e+00  -61.88183  -53.13817 1154945000 219.419009    34.4269 0.0000e+00
    104.000    -1.6635   2.725455    -1.6625   2.725848    7.14273    -0.0044    13.8155 0.0000e+00  -61.88183  -53.13817 1154945001 219.419023    34.4269 0.0000e+00
    105.000    -1.6633   2.725507    -1.6625   2.725891    7.14480     0.0056    13.8155 0.0000e+00  -61.88183  -53.13817 1154945003 219.419037    34.4268 0.0000e+00
    106.000    -1.6656   2.725405    -1.6649   2.725788    7.14614    -0.0005    13.8155 0.0000e+00  -61.88183  -53.13817 1154945004 219.419052    34.4278 0.0000e+00
    107.000    -1.6683   2.725297    -1.6675   2.725688    7.14506     0.0157    13.8155 0.0000e+00  -61.88183  -53.13817 1154945005 219.419066    34.4286 0.0000e+00
    108.000    -1.6708   2.725195    -1.6693   2.725620    7.14025     0.0179    13.8155 0.0000e+00  -61.88183  -53.13817 1154945007 219.419081    34.4295 0.0000e+00
    109.000    -1.6702   2.725281    -1.6692   2.725675    7.13897    -0.0186    13.8155 0.0000e+00  -61.88183  -53.13817 1154945008 219.419095    34.4293 0.0000e+00
    110.000    -1.6709   2.725269    -1.6707   2.725608    7.13895     0.0098    13.8155 0.0000e+00  -61.88183  -53.13817 1154945009 219.419110    34.4293 0.0000e+00
    111.000    -1.6731   2.725183    -1.6725   2.725540    7.13984     0.0206    13.8155 0.0000e+00  -61.88183  -53.13817 1154945010 219.419124    34.4301 0.0000e+00
    112.000    -1.6715   2.725333    -1.6703   2.725728    7.14377     0.0058    13.8155 0.0000e+00  -61.88183  -53.13817 1154945011 219.419138    34.4296 0.0000e+00
    113.000    -1.6714   2.725386    -1.6706   2.725760    7.14439     0.0228    13.8155 0.0000e+00  -61.88183  -53.13817 1154945013 219.419153    34.4295 0.0000e+00
    114.000    -1.6773   2.725041    -1.6760   2.725473    7.14431    -0.0062    13.8155 0.0000e+00  -61.88183  -53.13817 1154945014 219.419167    34.4310 0.0000e+00
    115.000    -1.6843   2.724628    -1.6855   2.724873    7.14515     0.0253    13.8155 0.0000e+00  -61.88183  -53.13817 1154945015 219.419182    34.4330 0.0000e+00
    116.000    -1.6879   2.724410    -1.6873   2.724771    7.14534     0.0152    13.8155 0.0000e+00  -61.88183  -53.13817 1154945016 219.419196    34.4336 0.0000e+00
    117.000    -1.6906   2.724268    -1.6895   2.724674    7.14348     0.0217    13.8155 0.0000e+00  -61.88183  -53.13817 1154945018 219.419211    34.4340 0.0000e+00
    118.000    -1.6950   2.724026    -1.6942   2.724399    7.14579     0.0201    13.8155 0.0000e+00  -61.88183  -53.13817 1154945019 219.419225    34.4352 0.0000e+00
    119.000    -1.6962   2.723988    -1.6952   2.724372    7.14613     0.0225    13.8155 0.0000e+00  -61.88183  -53.13817 1154945020 219.419240    34.4354 0.0000e+00
    120.000    -1.6964   2.724023    -1.6949   2.724436    7.14784     0.0149    13.8155 0.0000e+00  -61.88183  -53.13817 1154945021 219.419254    34.4354 0.0000e+00
    121.000    -1.6963   2.724081    -1.6951   2.724467    7.14806     0.0067    13.8155 0.0000e+00  -61.88183  -53.13817 1154945023 219.419268    34.4354 0.0000e+00
    122.000    -1.6965   2.724120    -1.6954   2.724508    7.14821     0.0106    13.8155 0.0000e+00  -61.88183  -53.13817 1154945024 219.419283    34.4355 0.0000e+00
    123.000    -1.6975   2.724098    -1.6965   2.724476    7.14579    -0.0015    13.8155 0.0000e+00  -61.88183  -53.13817 1154945025 219.419297    34.4357 0.0000e+00
    124.000    -1.6998   2.723976    -1.6992   2.724327    7.14687     0.0020    13.8155 0.0000e+00  -61.88183  -53.13817 1154945026 219.419312    34.4359 0.0000e+00
    125.000    -1.7043   2.723690    -1.7029   2.724099    7.14480    -0.0080    13.8155 0.0000e+00  -61.88183  -53.13817 1154945027 219.419326    34.4367 0.0000e+00
    126.000    -1.7047   2.723703    -1.7038   2.724069    7.14058     0.0146    13.8155 0.0000e+00  -61.88183  -53.13817 1154945029 219.419340    34.4367 0.0000e+00
    127.000    -1.7055   2.723707    -1.7043   2.724089    7.13895     0.0103    13.8155 0.0000e+00  -61.88183  -53.13817 1154945030 219.419355    34.4370 0.0000e+00
    128.000    -1.7052   2.723775    -1.7032   2.724207    7.14021    -0.0017    13.8155 0.0000e+00  -61.88183  -53.13817 1154945031 219.419369    34.4369 0.0000e+00
    129.000    -1.7044   2.723882    -1.7027   2.724287    7.13905     0.0171    13.8155 0.0000e+00  -61.88183  -53.13817 1154945032 219.419384    34.4367 0.0000e+00
    130.000    -1.7069   2.723755    -1.7064   2.724087    7.13393     0.0074    13.8155 0.0000e+00  -61.88183  -53.13817 1154945034 219.419398    34.4371 0.0000e+00
    131.000    -1.7082   2.723689    -1.7076   2.724034    7.13474     0.0147    13.8155 0.0000e+00  -61.88183  -53.13817 1154945035 219.419413    34.4372 0.0000e+00
    132.000    -1.7087   2.723702    -1.7075   2.724070    7.13958    -0.0098    13.8155 0.0000e+00  -61.88183  -53.13817 1154945036 219.419427    34.4373 0.0000e+00
    133.000    -1.7076   2.723827    -1.7063   2.724201    7.14399     0.0105    13.8155 0.0000e+00  -61.88183  -53.13817 1154945037 219.419442    34.4370 0.0000e+00
    134.000    -1.7081   2.723860    -1.7072   2.724212    7.14178     0.0262    13.8155 0.0000e+00  -61.88183  -53.13817 1154945039 219.419456    34.4374 0.0000e+00
    135.000    -1.7098   2.723845    -1.7091   2.724189    7.14292     0.0288    13.8155 0.0000e+00  -61.88183  -53.13817 1154945040 219.419471    34.4386 0.0000e+00
    136.000    -1.7104   2.723875    -1.7093   2.724235    7.14063    -0.0022    13.8155 0.0000e+00  -61.88183  -53.13817 1154945041 219.419485    34.4390 0.0000e+00
    137.000    -1.7104   2.723924    -1.7094   2.724284    7.14036     0.0148    13.8155 0.0000e+00  -61.88183  -53.13817 1154945042 219.419499    34.4391 0.0000e+00
    138.000    -1.7098   2.724086    -1.7085   2.724465    7.14100     0.0097    13.8155 0.0000e+00  -61.88183  -53.13817 1154945044 219.419514    34.4400 0.0000e+00
    139.000    -1.7086   2.724279    -1.7075   2.724636    7.14171     0.0105    13.8155 0.0000e+00  -61.88183  -53.13817 1154945045 219.419528    34.4406 0.0000e+00
    140.000    -1.7085   2.724355    -1.7073   2.724714    7.13965     0.0057    13.8155 0.0000e+00  -61.88183  -53.13817 1154945046 219.419543    34.4408 0.0000e+00
    141.000    -1.7089   2.724352    -1.7078   2.724694    7.13873     0.0076    13.8155 0.0000e+00  -61.88183  -53.13817 1154945048 219.419558    34.4407 0.0000e+00
    142.000    -1.7078   2.724511    -1.7064   2.724880    7.13923     0.0057    13.8155 0.0000e+00  -61.88183  -53.13817 1154945049 219.419572    34.4409 0.0000e+00
    143.000    -1.7069   2.724646    -1.7059   2.724992    7.14005     0.0160    13.8155 0.0000e+00  -61.88183  -53.13817 1154945050 219.419587    34.4410 0.0000e+00
    144.000    -1.7069   2.724696    -1.7060   2.725013    7.14232     0.0147    13.8155 0.0000e+00  -61.88183  -53.13817 1154945051 219.419602    34.4411 0.0000e+00
    145.000    -1.7067   2.724764    -1.7053   2.725130    7.14279     0.0066    13.8155 0.0000e+00  -61.88183  -53.13817 1154945053 219.419616    34.4412 0.0000e+00
    146.000    -1.7054   2.724940    -1.7040   2.725316    7.14133     0.0028    13.8155 0.0000e+00  -61.88183  -53.13817 1154945054 219.419631    34.4416 0.0000e+00
    147.000    -1.7047   2.725060    -1.7036   2.725400    7.13660     0.0321    13.8155 0.0000e+00  -61.88183  -53.13817 1154945055 219.419646    34.4416 0.0000e+00
    148.000    -1.7061   2.724965    -1.7050   2.725302    7.13330     0.0215    13.8155 0.0000e+00  -61.88183  -53.13817 1154945056 219.419660    34.4414 0.0000e+00
    149.000    -1.7055   2.725078    -1.7041   2.725442    7.13333    -0.0142    13.8155 0.0000e+00  -61.88183  -53.13817 1154945058 219.419675    34.4416 0.0000e+00
    150.000    -1.7037   2.725306    -1.7017   2.725719    7.13249     0.0043    13.8155 0.0000e+00  -61.88183  -53.13817 1154945059 219.419689    34.4421 0.0000e+00
    151.000    -1.7009   2.725620    -1.7000   2.725918    7.13003    -0.0136    13.8155 0.0000e+00  -61.88183  -53.13817 1154945060 219.419704    34.4425 0.0000e+00
    152.000    -1.6951   2.726261    -1.6944   2.726497    7.12906    -0.0058    13.8155 0.0000e+00  -61.88183  -53.13817 1154945061 219.419719    34.4438 0.0000e+00
    153.000    -1.6926   2.726541    -1.6914   2.726858    7.12694     0.0048    13.8155 0.0000e+00  -61.88183  -53.13817 1154945063 219.419733    34.4442 0.0000e+00
    154.000    -1.6920   2.726631    -1.6907   2.726974    7.12560    -0.0184    13.8155 0.0000e+00  -61.88183  -53.13817 1154945064 219.419748    34.4442 0.0000e+00
    155.000    -1.6912   2.726772    -1.6898   2.727121    7.12783    -0.0083    13.8155 0.0000e+00  -61.88183  -53.13817 1154945065 219.419762    34.4445 0.0000e+00
    156.000    -1.6918   2.726747    -1.6904   2.727104    7.12839    -0.0042    13.8155 0.0000e+00  -61.88183  -53.13817 1154945066 219.419777    34.4443 0.0000e+00
    157.000    -1.6913   2.726837    -1.6905   2.727152    7.12674    -0.0035    13.8155 0.0000e+00  -61.88183  -53.13817 1154945068 219.419791    34.4443 0.0000e+00
    158.000    -1.6885   2.727183    -1.6868   2.727529    7.12142     0.0044    13.8155 0.0000e+00  -61.88183  -53.13817 1154945069 219.419806    34.4454 0.0000e+00
    159.000    -1.6842   2.727658    -1.6828   2.727983    7.11587     0.0017    13.8155 0.0000e+00  -61.88183  -53.13817 1154945070 219.419821    34.4461 0.0000e+00
    160.000    -1.6813   2.727994    -1.6804   2.728275    7.11528     0.0016    13.8155 0.0000e+00  -61.88183  -53.13817 1154945072 219.419835    34.4468 0.0000e+00
    161.000    -1.6790   2.728273    -1.6781   2.728549    7.11531     0.0259    13.8155 0.0000e+00  -61.88183  -53.13817 1154945073 219.419850    34.4474 0.0000e+00
    162.000    -1.6765   2.728552    -1.6756   2.728843    7.11467    -0.0131    13.8155 0.0000e+00  -61.88183  -53.13817 1154945074 219.419865    34.4478 0.0000e+00
    163.000    -1.6743   2.728801    -1.6731   2.729131    7.11100     0.0113    13.8155 0.0000e+00  -61.88183  -53.13817 1154945075 219.419879    34.4480 0.0000e+00
    164.000    -1.6740   2.728879    -1.6720   2.729283    7.11099    -0.0074    13.8155 0.0000e+00  -61.88183  -53.13817 1154945077 219.419894    34.4481 0.0000e+00
    165.000    -1.6760   2.728713    -1.6746   2.729097    7.11091    -0.0062    13.8155 0.0000e+00  -61.88183  -53.13817 1154945078 219.419908    34.4475 0.0000e+00
    166.000    -1.6816   2.728234    -1.6796   2.728631    7.11194     0.0119    13.8155 0.0000e+00  -61.88183  -53.13817 1154945079 219.419923    34.4469 0.0000e+00
    167.000    -1.6804   2.728411    -1.6788   2.728747    7.11267     0.0138    13.8155 0.0000e+00  -61.88183  -53.13817 1154945080 219.419937    34.4474 0.0000e+00
    168.000    -1.6757   2.728914    -1.6737   2.729293    7.11034     0.0152    13.8155 0.0000e+00  -61.88183  -53.13817 1154945082 219.419952    34.4482 0.0000e+00
    169.000    -1.6748   2.729036    -1.6724   2.729446    7.10932     0.0170    13.8155 0.0000e+00  -61.88183  -53.13817 1154945083 219.419966    34.4482 0.0000e+00
    170.000    -1.6763   2.728920    -1.6751   2.729258    7.10659     0.0071    13.8155 0.0000e+00  -61.88183  -53.13817 1154945084 219.419981    34.4477 0.0000e+00
    171.000    -1.6813   2.728493    -1.6798   2.728848    7.10657     0.0051    13.8155 0.0000e+00  -61.88183  -53.13817 1154945085 219.419996    34.4472 0.0000e+00
    172.000    -1.6818   2.728489    -1.6806   2.728808    7.10739     0.0333    13.8155 0.0000e+00  -61.88183  -53.13817 1154945087 219.420010    34.4470 0.0000e+00
    173.000    -1.6823   2.728480    -1.6810   2.728810    7.11049    -0.0298    13.8155 0.0000e+00  -61.88183  -53.13817 1154945088 219.420025    34.4469 0.0000e+00
    174.000    -1.6806   2.728690    -1.6795   2.728989    7.11150     0.0299    13.8155 0.0000e+00  -61.88183  -53.13817 1154945089 219.420039    34.4471 0.0000e+00
    175.000    -1.6793   2.728877    -1.6775   2.729242    7.11201    -0.0003    13.8155 0.0000e+00  -61.88183  -53.13817 1154945090 219.420054    34.4475 0.0000e+00
    176.000    -1.6794   2.728886    -1.6800   2.729162    7.11217     0.0195    13.8155 0.0000e+00  -61.88183  -53.13817 1154945092 219.420069    34.4471 0.0000e+00
    177.000    -1.6825   2.728656    -1.6810   2.728977    7.11413     0.0105    13.8155 0.0000e+00  -61.88183  -53.13817 1154945093 219.420083    34.4470 0.0000e+00
    178.000    -1.6802   2.728912    -1.6793   2.729183    7.11443     0.0043    13.8155 0.0000e+00  -61.88183  -53.13817 1154945094 219.420098    34.4472 0.0000e+00
    179.000    -1.6777   2.729194    -1.6777   2.729375    7.11296     0.0187    13.8155 0.0000e+00  -61.88183  -53.13817 1154945095 219.420112    34.4475 0.0000e+00
    180.000    -1.6725   2.729718    -1.6714   2.729995    7.11127    -0.0038    13.8155 0.0000e+00  -61.88183  -53.13817 1154945097 219.420127    34.4480 0.0000e+00
    181.000    -1.6717   2.729827    -1.6708   2.730092    7.10897     0.0036    13.8155 0.0000e+00  -61.88183  -53.13817 1154945098 219.420141    34.4480 0.0000e+00
    182.000    -1.6710   2.729947    -1.6693   2.730283    7.11039     0.0179    13.8155 0.0000e+00  -61.88183  -53.13817 1154945099 219.420156    34.4478 0.0000e+00
    183.000    -1.6702   2.730052    -1.6683   2.730404    7.10909     0.0259    13.8155 0.0000e+00  -61.88183  -53.13817 1154945101 219.420170    34.4481 0.0000e+00
    184.000    -1.6661   2.730474    -1.6651   2.730740    7.10432     0.0093    13.8155 0.0000e+00  -61.88183  -53.13817 1154945102 219.420185    34.4485 0.0000e+00
    185.000    -1.6625   2.730837    -1.6620   2.731058    7.10079     0.0177    13.8155 0.0000e+00  -61.88183  -53.13817 1154945103 219.420199    34.4486 0.0000e+00
    186.000    -1.6620   2.730933    -1.6607   2.731227    7.10203    -0.0041    13.8155 0.0000e+00  -61.88183  -53.13817 1154945104 219.420214    34.4487 0.0000e+00
    187.000    -1.6670   2.730499    -1.6643   2.730942    7.10447    -0.0064    13.8155 0.0000e+00  -61.88183  -53.13817 1154945105 219.420228    34.4480 0.0000e+00
    188.000    -1.6645   2.730792    -1.6633   2.731063    7.10726    -0.0016    13.8155 0.0000e+00  -61.88183  -53.13817 1154945107 219.420243    34.4487 0.0000e+00
    189.000    -1.6626   2.731002    -1.6610   2.731322    7.10592    -0.0082    13.8155 0.0000e+00  -61.88183  -53.13817 1154945108 219.420257    34.4487 0.0000e+00
    190.000    -1.6583   2.731474    -1.6570   2.731773    7.10310     0.0132    13.8155 0.0000e+00  -61.88183  -53.13817 1154945109 219.420272    34.4495 0.0000e+00
    191.000    -1.6570   2.731622    -1.6563   2.731878    7.10173     0.0254    13.8155 0.0000e+00  -61.88183  -53.13817 1154945111 219.420286    34.4492 0.0000e+00
    192.000    -1.6603   2.731413    -1.6587   2.731714    7.10201     0.0083    13.8155 0.0000e+00  -61.88183  -53.13817 1154945112 219.420301    34.4498 0.0000e+00
    193.000    -1.6602   2.731445    -1.6611   2.731555    7.10277     0.0110    13.8155 0.0000e+00  -61.88183  -53.13817 1154945113 219.420315    34.4496 0.0000e+00
