product_data/regression_test/downloaded_data/MDGS/320620060703/ctd/p6621803.ros
* Sea-Bird SBE 9 Data File:
* FileName = D:\Data\Raw\p6621803.dat
* Software Version Seasave Win32 V 5.32
* Temperature SN = 1649
* Conductivity SN = 1431
* Number of Bytes Per Scan = 37
* Number of Voltage Words = 5
* Number of Scans Averaged by the Deck Unit = 1
* NMEA Latitude = 62 19.25 S
* NMEA Longitude = 062 49.15 W
* NMEA UTC (Time) = 20:11:06
** Ship:   Nathaniel B. Palmer 
** Cruise:    NBP0606 
# nquan = 17
# nvalues = 1176                    
# units = specified
# name 0 = prDM: Pressure, Digiquartz [db]
# name 1 = t090C: Temperature [ITS-90, deg C]
# name 2 = c0S/m: Conductivity [S/m]
# name 3 = t190C: Temperature, 2 [ITS-90, deg C]
# name 4 = c1S/m: Conductivity, 2 [S/m]
# name 5 = sbeox0ML/L: Oxygen, SBE 43 [ml/l]
# name 6 = flECO-AFL: Fluorescence, Wetlab ECO-AFL/FL [mg/m^3]
# name 7 = bat: Beam Attenuation, Chelsea/Seatech/Wetlab CStar [1/m]
# name 8 = spar: SPAR/Surface Irradiance
# name 9 = latitude: Latitude [deg]
# name 10 = longitude: Longitude [deg]
# name 11 = timeY: Time, System [seconds]
# name 12 = timeJ: Julian Days
# name 13 = sal00: Salinity [PSU]
# name 14 = scan: scan number
# name 15 = nbf: number of bottles fired
# name 16 = flag:  0.000e+00
# interval = seconds: 0.0416667                   
# start_time = Aug 01 2006 20:11:27
*END*
[from data line 511]
    199.886     1.3518   2.994693     1.3511   2.994546    4.64095    -0.0454    13.8155 0.0000e+00  -62.32083  -62.81917 1154465928 213.874180    34.5477      68213         11  0.000e+00
    199.886     1.3541   2.994979     1.3477   2.994171    4.64062    -0.0564    13.8155 0.0000e+00  -62.32083  -62.81917 1154465928 213.874181    34.5489      68214         11  0.000e+00
    199.924     1.3562   2.995156     1.3465   2.993783    4.64038    -0.0894    13.8155 0.0000e+00  -62.32083  -62.81917 1154465928 213.874181    34.5488      68215         11  0.000e+00
    199.886     1.3577   2.995190     1.3438   2.993551    4.64020    -0.0564    13.8155 0.0000e+00  -62.32083  -62.81917 1154465928 213.874182    34.5476      68216         11  0.000e+00
    199.924     1.3582   2.995190     1.3413   2.993431    4.64018    -0.0894    13.8155 0.0000e+00  -62.32083  -62.81917 1154465928 213.874182    34.5471      68217         11  0.000e+00
    199.886     1.3584   2.995068     1.3454   2.993771    4.64018    -0.0784    13.8155 0.0000e+00  -62.32083  -62.81917 1154465928 213.874183    34.5453      68218         11  0.000e+00
    199.953     1.3579   2.995010     1.3491   2.994308    4.64030    -0.0343    13.8155 0.0000e+00  -62.32083  -62.81917 1154465928 213.874183    34.5451      68219         11  0.000e+00
    199.991     1.3578   2.995003     1.3494   2.994469    4.64033    -0.0564    13.8155 0.0000e+00  -62.32083  -62.81917 1154465928 213.874184    34.5451      68220         11  0.000e+00
    199.953     1.3576   2.994877     1.3494   2.994475    4.64038    -0.0343    13.8155 0.0000e+00  -62.32083  -62.81917 1154465928 213.874184    34.5438      68221         11  0.000e+00
    200.020     1.3566   2.994764     1.3510   2.994493    4.64056    -0.0674    13.8155 0.0000e+00  -62.32083  -62.81917 1154465928 213.874185    34.5433      68222         11  0.000e+00
    200.068     1.3554   2.994308     1.3502   2.994481    4.64088    -0.1114    13.8155 0.0000e+00  -62.32083  -62.81917 1154465928 213.874185    34.5387      68223         11  0.000e+00
    200.020     1.3477   2.993415     1.3497   2.994350    4.64195    -0.0784    13.8155 0.0000e+00  -62.32083  -62.81917 1154465928 213.874185    34.5359      68224         11  0.000e+00
    200.096     1.3429   2.992829     1.3465   2.993968    4.64269    -0.0343    13.8155 0.0000e+00  -62.32083  -62.81917 1154465928 213.874186    34.5337      68225         11  0.000e+00
    200.135     1.3366   2.991893     1.3452   2.993754    4.64369    -0.0233    13.8155 0.0000e+00  -62.32083  -62.81917 1154465928 213.874186    34.5287      68226         11  0.000e+00
    200.096     1.3297   2.991923     1.3443   2.993706    4.64431    -0.0123    13.8155 0.0000e+00  -62.32083  -62.81917 1154465929 213.874187    34.5367      68227         11  0.000e+00
    200.068     1.3342   2.993153     1.3438   2.993670    4.64337    -0.0123    13.8155 0.0000e+00  -62.32083  -62.81917 1154465929 213.874187    34.5474      68228         11  0.000e+00
    200.307     1.3415   2.993811     1.3444   2.993771    4.64257    -0.0564    13.8155 0.0000e+00  -62.32083  -62.81917 1154465929 213.874188    34.5477      68229         11  0.000e+00
    200.240     1.3450   2.993780     1.3452   2.993867    4.64220    -0.1225    13.8155 0.0000e+00  -62.32083  -62.81917 1154465929 213.874188    34.5434      68230         11  0.000e+00
    200.211     1.3452   2.993647     1.3461   2.993992    4.64221    -0.0784    13.8155 0.0000e+00  -62.32083  -62.81917 1154465929 213.874189    34.5415      68231         11  0.000e+00
    200.307     1.3447   2.993422     1.3469   2.994046    4.64241    -0.0564    13.8155 0.0000e+00  -62.32083  -62.81917 1154465929 213.874189    34.5391      68232         11  0.000e+00
    200.307     1.3425   2.993214     1.3463   2.994076    4.64270    -0.1225    13.8155 0.0000e+00  -62.32083  -62.81917 1154465929 213.874190    34.5389      68233         11  0.000e+00
    200.345     1.3422   2.993293     1.3460   2.994022    4.64273    -0.1665    13.8155 0.0000e+00  -62.32083  -62.81917 1154465929 213.874190    34.5402      68234         11  0.000e+00
    200.307     1.3427   2.993426     1.3447   2.993879    4.64260    -0.1225    13.8155 0.0000e+00  -62.32083  -62.81917 1154465929 213.874191    34.5414      68235         11  0.000e+00
    200.450     1.3436   2.993385     1.3438   2.993694    4.64262    -0.1555    13.8155 0.0000e+00  -62.32083  -62.81917 1154465929 213.874191    34.5398      68236         11  0.000e+00
    200.421     1.3428   2.993197     1.3416   2.993515    4.64729    -0.1335    13.8155 0.0000e+00  -62.32083  -62.81917 1154465929 213.874192    34.5383      68237         11  0.000e+00
    200.450     1.3410   2.992966     1.3390   2.993235    4.64304    -0.0784    13.8155 0.0000e+00  -62.32083  -62.81917 1154465929 213.874192    34.5373      68238         11  0.000e+00
    200.421     1.3391   2.992799     1.3382   2.993056    4.64327    -0.0564    13.8155 0.0000e+00  -62.32083  -62.81917 1154465929 213.874193    34.5373      68239         11  0.000e+00
    200.517     1.3386   2.992887     1.3381   2.993044    4.64334    -0.0894    13.8155 0.0000e+00  -62.32083  -62.81917 1154465929 213.874193    34.5389      68240         11  0.000e+00
    200.727     1.3441   2.993606     1.3448   2.993778    4.64720    -0.1114    13.8155 0.0000e+00  -62.32083  -62.81917 1154465931 213.874215    34.5419      68286         12  0.000e+00
    200.699     1.3461   2.993715     1.3438   2.993736    4.64241    -0.0233    13.8155 0.0000e+00  -62.32083  -62.81917 1154465931 213.874216    34.5411      68287         12  0.000e+00
    200.661     1.3468   2.993722     1.3436   2.993700    4.64232     0.0097    13.8155 0.0000e+00  -62.32083  -62.81917 1154465931 213.874216    34.5405      68288         12  0.000e+00
    200.661     1.3474   2.993749     1.3434   2.993628    4.64226    -0.0343    13.8155 0.0000e+00  -62.32083  -62.81917 1154465931 213.874217    34.5402      68289         12  0.000e+00
    200.699     1.3480   2.993742     1.3424   2.993485    4.64222    -0.0564    13.8155 0.0000e+00  -62.32083  -62.81917 1154465931 213.874217    34.5394      68290         12  0.000e+00
    200.661     1.3477   2.993759     1.3418   2.993420    4.64222    -0.1225    13.8155 0.0000e+00  -62.32083  -62.81917 1154465931 213.874218    34.5399      68291         12  0.000e+00
    200.584     1.3474   2.993725     1.3416   2.993473    4.64222    -0.0454    13.8155 0.0000e+00  -62.32083  -62.81917 1154465931 213.874218    34.5399      68292         12  0.000e+00
    200.632     1.3466   2.993695     1.3429   2.993497    4.64233    -0.1445    13.8155 0.0000e+00  -62.32083  -62.81917 1154465931 213.874219    34.5403      68293         12  0.000e+00
    200.517     1.3461   2.993657     1.3423   2.993515    4.64232    -0.1996    13.8155 0.0000e+00  -62.32083  -62.81917 1154465931 213.874219    34.5405      68294         12  0.000e+00
    200.727     1.3459   2.993644     1.3421   2.993420    4.64249    -0.1555    13.8155 0.0000e+00  -62.32083  -62.81917 1154465931 213.874220    34.5405      68295         12  0.000e+00
    200.555     1.3460   2.993589     1.3412   2.993390    4.64239    -0.1004    13.8155 0.0000e+00  -62.32083  -62.81917 1154465931 213.874220    34.5397      68296         12  0.000e+00
    200.450     1.3457   2.993609     1.3410   2.993366    4.64234    -0.0343    13.8155 0.0000e+00  -62.32083  -62.81917 1154465931 213.874221    34.5404      68297         12  0.000e+00
    200.632     1.3453   2.993620     1.3416   2.993396    4.64248    -0.0454    13.8155 0.0000e+00  -62.32083  -62.81917 1154465931 213.874221    34.5408      68298         12  0.000e+00
    200.584     1.3458   2.993620     1.3420   2.993438    4.64241    -0.0454    13.8155 0.0000e+00  -62.32083  -62.81917 1154465932 213.874222    34.5403      68299         12  0.000e+00
    200.517     1.3452   2.993620     1.3420   2.993420    4.64695    -0.1004    13.8155 0.0000e+00  -62.32083  -62.81917 1154465932 213.874222    34.5410      68300         12  0.000e+00
    200.489     1.3458   2.993674     1.3420   2.993396    4.64686    -0.0784    13.8155 0.0000e+00  -62.32083  -62.81917 1154465932 213.874223    34.5410      68301         12  0.000e+00
    200.450     1.3460   2.993691     1.3413   2.993366    4.64681    -0.1004    13.8155 0.0000e+00  -62.32083  -62.81917 1154465932 213.874223    34.5410      68302         12  0.000e+00
    200.517     1.3463   2.993640     1.3409   2.993312    4.64685    -0.0894    13.8155 0.0000e+00  -62.32083  -62.81917 1154465932 213.874224    34.5401      68303         12  0.000e+00
    200.422     1.3468   2.993691     1.3407   2.993283    4.64671    -0.0343    13.8155 0.0000e+00  -62.32083  -62.81917 1154465932 213.874224    34.5402      68304         12  0.000e+00
    200.450     1.3464   2.993644     1.3407   2.993277    4.64678    -0.0564    13.8155 0.0000e+00  -62.32083  -62.81917 1154465932 213.874225    34.5400      68305         12  0.000e+00
    200.450     1.3460   2.993603     1.3410   2.993312    4.64231    -0.1445    13.8155 0.0000e+00  -62.32083  -62.81917 1154465932 213.874225    34.5399      68306         12  0.000e+00
    200.422     1.3458   2.993558     1.3405   2.993330    4.64233    -0.1555    13.8155 0.0000e+00  -62.32083  -62.81917 1154465932 213.874226    34.5396      68307         12  0.000e+00
    200.374     1.3457   2.993565     1.3410   2.993354    4.64230    -0.1004    13.8155 0.0000e+00  -62.32083  -62.81917 1154465932 213.874226    34.5398      68308         12  0.000e+00
    200.422     1.3452   2.993572     1.3410   2.993336    4.64238    -0.0784    13.8155 0.0000e+00  -62.32083  -62.81917 1154465932 213.874226    34.5405      68309         12  0.000e+00
    200.374     1.3452   2.993538     1.3407   2.993330    4.64690    -0.1555    13.8155 0.0000e+00  -62.32083  -62.81917 1154465932 213.874227    34.5401      68310         12  0.000e+00
    200.307     1.3452   2.993490     1.3410   2.993306    4.64234    -0.0784    13.8155 0.0000e+00  -62.32083  -62.81917 1154465932 213.874227    34.5394      68311         12  0.000e+00
    200.345     1.3447   2.993480     1.3410   2.993318    4.64241    -0.0454    13.8155 0.0000e+00  -62.32083  -62.81917 1154465932 213.874228    34.5398      68312         12  0.000e+00
    200.374     1.3441   2.993480     1.3407   2.993330    4.64249    -0.0564    13.8155 0.0000e+00  -62.32083  -62.81917 1154465932 213.874228    34.5405      68313         12  0.000e+00
    200.307     1.3442   2.993443     1.3407   2.993289    4.64245    -0.0123    13.8155 0.0000e+00  -62.32083  -62.81917 1154465932 213.874229    34.5399      68314         12  0.000e+00
    200.278     1.3438   2.993466     1.3410   2.993312    4.64246    -0.1004    13.8155 0.0000e+00  -62.32083  -62.81917 1154465932 213.874229    34.5407      68315         12  0.000e+00
    200.307     1.3442   2.993460     1.3403   2.993295    4.64698    -0.1886    13.8155 0.0000e+00  -62.32083  -62.81917 1154465932 213.874230    34.5401      68316         12  0.000e+00
    200.240     1.3440   2.993402     1.3410   2.993295    4.64245    -0.1004    13.8155 0.0000e+00  -62.32083  -62.81917 1154465932 213.874230    34.5397      68317         12  0.000e+00
    200.279     1.3431   2.993364     1.3416   2.993318    4.64257    -0.0233    13.8155 0.0000e+00  -62.32083  -62.81917 1154465932 213.874231    34.5401      68318         12  0.000e+00
    200.240     1.3427   2.993361     1.3420   2.993348    4.64258    -0.0564    13.8155 0.0000e+00  -62.32083  -62.81917 1154465932 213.874231    34.5406      68319         12  0.000e+00
    200.279     1.3427   2.993361     1.3416   2.993378    4.64715    -0.0784    13.8155 0.0000e+00  -62.32083  -62.81917 1154465932 213.874232    34.5406      68320         12  0.000e+00
    200.164     1.3422   2.993361     1.3420   2.993426    4.64711    -0.0564    13.8155 0.0000e+00  -62.32083  -62.81917 1154465932 213.874232    34.5412      68321         12  0.000e+00
    200.240     1.3427   2.993323     1.3418   2.993420    4.64714    -0.0123    13.8155 0.0000e+00  -62.32083  -62.81917 1154465932 213.874233    34.5402      68322         12  0.000e+00
    200.212     1.3425   2.993330     1.3418   2.993456    4.64713    -0.0784    13.8155 0.0000e+00  -62.32083  -62.81917 1154465932 213.874233    34.5404      68323         12  0.000e+00
    200.164     1.3422   2.993265     1.3416   2.993408    4.64716    -0.0894    13.8155 0.0000e+00  -62.32083  -62.81917 1154465933 213.874234    34.5400      68324         12  0.000e+00
    200.164     1.3419   2.993293     1.3418   2.993432    4.64717    -0.0564    13.8155 0.0000e+00  -62.32083  -62.81917 1154465933 213.874234    34.5406      68325         12  0.000e+00
    200.212     1.3422   2.993276     1.3416   2.993402    4.64265    -0.1225    13.8155 0.0000e+00  -62.32083  -62.81917 1154465933 213.874235    34.5401      68326         12  0.000e+00
    200.164     1.3424   2.993245     1.3415   2.993390    4.64715    -0.1335    13.8155 0.0000e+00  -62.32083  -62.81917 1154465933 213.874235    34.5396      68327         12  0.000e+00
    200.097     1.3419   2.993221     1.3412   2.993390    4.64716    -0.0343    13.8155 0.0000e+00  -62.32083  -62.81917 1154465933 213.874236    34.5397      68328         12  0.000e+00
    200.135     1.3417   2.993218     1.3412   2.993408    4.64267    -0.0123    13.8155 0.0000e+00  -62.32083  -62.81917 1154465933 213.874236    34.5399      68329         12  0.000e+00
    200.164     1.3418   2.993218     1.3407   2.993372    4.64268     0.0097    13.8155 0.0000e+00  -62.32083  -62.81917 1154465933 213.874237    34.5398      68330         12  0.000e+00
    200.068     1.3417   2.993197     1.3412   2.993360    4.64717    -0.0564    13.8155 0.0000e+00  -62.32083  -62.81917 1154465933 213.874237    34.5397      68331         12  0.000e+00
    200.097     1.3418   2.993211     1.3409   2.993378    4.64718    -0.1335    13.8155 0.0000e+00  -62.32083  -62.81917 1154465933 213.874238    34.5398      68332         12  0.000e+00
    200.164     1.3420   2.993235     1.3416   2.993372    4.64265    -0.1665    13.8155 0.0000e+00  -62.32083  -62.81917 1154465933 213.874238    34.5398      68333         12  0.000e+00
    200.068     1.3421   2.993293     1.3412   2.993402    4.64256    -0.1004    13.8155 0.0000e+00  -62.32083  -62.81917 1154465933 213.874239    34.5405      68334         12  0.000e+00
    150.152    -0.9032   2.776137    -0.8985   2.777061    7.70417     0.0758    13.8155 0.0000e+00  -62.32083  -62.81917 1154466027 213.875331    34.2226      70599         13  0.000e+00
    150.152    -0.9034   2.776174    -0.9012   2.776823    7.70894     0.0318    13.8155 0.0000e+00  -62.32083  -62.81917 1154466027 213.875331    34.2233      70600         13  0.000e+00
    150.152    -0.9029   2.776305    -0.9040   2.776585    7.70401    -0.0123    13.8155 0.0000e+00  -62.32083  -62.81917 1154466027 213.875332    34.2246      70601         13  0.000e+00
    150.085    -0.9021   2.776394    -0.9057   2.776423    7.70851    -0.0013    13.8155 0.0000e+00  -62.32083  -62.81917 1154466028 213.875332    34.2249      70602         13  0.000e+00
    150.152    -0.9023   2.776378    -0.9041   2.776452    7.70863    -0.0123    13.8155 0.0000e+00  -62.32083  -62.81917 1154466028 213.875333    34.2249      70603         13  0.000e+00
    150.075    -0.9030   2.776282    -0.9018   2.776551    7.70873    -0.0123    13.8155 0.0000e+00  -62.32083  -62.81917 1154466028 213.875333    34.2245      70604         13  0.000e+00
    150.152    -0.9043   2.776154    -0.9032   2.776516    7.70910    -0.0013    13.8155 0.0000e+00  -62.32083  -62.81917 1154466028 213.875334    34.2241      70605         13  0.000e+00
