product_data/regression_test/downloaded_data/MDGS/320620060703/ctd/p6620601.ros
* Sea-Bird SBE 9 Data File:
* FileName = D:\Data\Raw\p6620601.dat
* Software Version Seasave Win32 V 5.32
* Temperature SN = 1649
* Conductivity SN = 1431
* Number of Bytes Per Scan = 37
* Number of Voltage Words = 5
* Number of Scans Averaged by the Deck Unit = 1
* NMEA Latitude = 64 38.17 S
* NMEA Longitude = 062 48.64 W
* NMEA UTC (Time) = 02:52:19
** Ship:   Nathaniel B. Palmer 
** Cruise:    NBP0606 
# nquan = 17
# nvalues = 1176                    
# units = specified
# name 0 = prDM: Pressure, Digiquartz [db]
# name 1 = t090C: Temperature [ITS-90, deg C]
# name 2 = c0S/m: Conductivity [S/m]
# name 3 = t190C: Temperature, 2 [ITS-90, deg C]
# name 4 = c1S/m: Conductivity, 2 [S/m]
# name 5 = sbeox0ML/L: Oxygen, SBE 43 [ml/l]
# name 6 = flECO-AFL: Fluorescence, Wetlab ECO-AFL/FL [mg/m^3]
# name 7 = bat: Beam Attenuation, Chelsea/Seatech/Wetlab CStar [1/m]
# name 8 = spar: SPAR/Surface Irradiance
# name 9 = latitude: Latitude [deg]
# name 10 = longitude: Longitude [deg]
# name 11 = timeY: Time, System [seconds]
# name 12 = timeJ: Julian Days
# name 13 = sal00: Salinity [PSU]
# name 14 = scan: scan number
# name 15 = nbf: number of bottles fired
# name 16 = flag:  0.000e+00
# interval = seconds: 0.0416667                   
# start_time = Jul 29 2006 02:52:28
*END*
[from data line 171]
    300.240     0.1217   2.888740     0.1223   2.888944    5.91517    -0.0894    13.8155 0.0000e+00  -64.63617  -62.81067 1154142322 210.128758    34.4819      18642          4  0.000e+00
    300.269     0.1221   2.888727     0.1226   2.888968    5.91515    -0.0013    13.8155 0.0000e+00  -64.63617  -62.81067 1154142322 210.128759    34.4813      18643          4  0.000e+00
    300.240     0.1217   2.888727     0.1220   2.888962    5.91518    -0.0784    13.8155 0.0000e+00  -64.63617  -62.81067 1154142322 210.128759    34.4818      18644          4  0.000e+00
    300.240     0.1219   2.888734     0.1220   2.888974    5.91514    -0.1004    13.8155 0.0000e+00  -64.63617  -62.81067 1154142322 210.128760    34.4816      18645          4  0.000e+00
    300.269     0.1217   2.888720     0.1223   2.888986    5.91994    -0.1004    13.8155 0.0000e+00  -64.63617  -62.81067 1154142322 210.128760    34.4816      18646          4  0.000e+00
    300.240     0.1221   2.888694     0.1220   2.888962    5.91988    -0.0894    13.8155 0.0000e+00  -64.63617  -62.81067 1154142322 210.128761    34.4809      18647          4  0.000e+00
    300.240     0.1220   2.888737     0.1223   2.888997    5.91987    -0.0894    13.8155 0.0000e+00  -64.63617  -62.81067 1154142322 210.128761    34.4815      18648          4  0.000e+00
    300.193     0.1222   2.888727     0.1220   2.888968    5.91507    -0.0454    13.8155 0.0000e+00  -64.63617  -62.81067 1154142322 210.128762    34.4811      18649          4  0.000e+00
    300.307     0.1218   2.888710     0.1222   2.888956    5.91996     0.0538    13.8155 0.0000e+00  -64.63617  -62.81067 1154142322 210.128762    34.4813      18650          4  0.000e+00
    300.240     0.1218   2.888730     0.1220   2.888974    5.91990     0.0097    13.8155 0.0000e+00  -64.63617  -62.81067 1154142322 210.128763    34.4816      18651          4  0.000e+00
    300.193     0.1217   2.888734     0.1223   2.888962    5.91986    -0.1665    13.8155 0.0000e+00  -64.63617  -62.81067 1154142322 210.128763    34.4818      18652          4  0.000e+00
    300.307     0.1223   2.888714     0.1225   2.889015    5.91990    -0.2106    13.8155 0.0000e+00  -64.63617  -62.81067 1154142323 210.128764    34.4808      18653          4  0.000e+00
    300.240     0.1217   2.888751     0.1226   2.888974    5.91989    -0.1114    13.8155 0.0000e+00  -64.63617  -62.81067 1154142323 210.128764    34.4820      18654          4  0.000e+00
    300.269     0.1221   2.888740     0.1220   2.888974    5.91988    -0.0674    13.8155 0.0000e+00  -64.63617  -62.81067 1154142323 210.128764    34.4814      18655          4  0.000e+00
    300.240     0.1219   2.888720     0.1223   2.889003    5.91989    -0.0233    13.8155 0.0000e+00  -64.63617  -62.81067 1154142323 210.128765    34.4814      18656          4  0.000e+00
    300.240     0.1217   2.888727     0.1223   2.888991    5.91991     0.0207    13.8155 0.0000e+00  -64.63617  -62.81067 1154142323 210.128765    34.4818      18657          4  0.000e+00
    300.269     0.1219   2.888714     0.1220   2.888986    5.91991     0.0097    13.8155 0.0000e+00  -64.63617  -62.81067 1154142323 210.128766    34.4813      18658          4  0.000e+00
    300.241     0.1221   2.888714     0.1222   2.888962    5.91513    -0.0784    13.8155 0.0000e+00  -64.63617  -62.81067 1154142323 210.128766    34.4811      18659          4  0.000e+00
    300.308     0.1220   2.888747     0.1225   2.888997    5.91992    -0.1445    13.8155 0.0000e+00  -64.63617  -62.81067 1154142323 210.128767    34.4816      18660          4  0.000e+00
    300.193     0.1219   2.888727     0.1222   2.888991    5.91984    -0.1114    13.8155 0.0000e+00  -64.63617  -62.81067 1154142323 210.128767    34.4815      18661          4  0.000e+00
    300.308     0.1217   2.888727     0.1224   2.888986    5.91997    -0.1004    13.8155 0.0000e+00  -64.63617  -62.81067 1154142323 210.128768    34.4817      18662          4  0.000e+00
    300.241     0.1224   2.888714     0.1226   2.889003    5.91984    -0.1555    13.8155 0.0000e+00  -64.63617  -62.81067 1154142323 210.128768    34.4808      18663          4  0.000e+00
    300.269     0.1217   2.888751     0.1220   2.888968    5.91993    -0.1445    13.8155 0.0000e+00  -64.63617  -62.81067 1154142323 210.128769    34.4820      18664          4  0.000e+00
    300.241     0.1217   2.888740     0.1218   2.888974    5.91990    -0.0894    13.8155 0.0000e+00  -64.63617  -62.81067 1154142323 210.128769    34.4818      18665          4  0.000e+00
    300.308     0.1224   2.888734     0.1220   2.888986    5.91987    -0.0564    13.8155 0.0000e+00  -64.63617  -62.81067 1154142323 210.128770    34.4809      18666          4  0.000e+00
    200.765     0.1160   2.882820     0.1163   2.883054    5.91712    -0.0343    13.8155 0.0000e+00  -64.63617  -62.81067 1154142464 210.130403    34.4698      22052          5  0.000e+00
    200.659     0.1160   2.882786     0.1166   2.883071    5.92173    -0.0343    13.8155 0.0000e+00  -64.63617  -62.81067 1154142464 210.130403    34.4694      22053          5  0.000e+00
    200.659     0.1160   2.882793     0.1166   2.883060    5.92172    -0.0343    13.8155 0.0000e+00  -64.63617  -62.81067 1154142464 210.130404    34.4695      22054          5  0.000e+00
    200.698     0.1158   2.882810     0.1161   2.883071    5.91709    -0.1996    13.8155 0.0000e+00  -64.63617  -62.81067 1154142464 210.130404    34.4699      22055          5  0.000e+00
    200.660     0.1160   2.882786     0.1168   2.883060    5.91705    -0.2106    13.8155 0.0000e+00  -64.63617  -62.81067 1154142464 210.130405    34.4694      22056          5  0.000e+00
    200.660     0.1162   2.882793     0.1160   2.883071    5.91703    -0.1335    13.8155 0.0000e+00  -64.63617  -62.81067 1154142464 210.130405    34.4693      22057          5  0.000e+00
    200.698     0.1162   2.882789     0.1164   2.883060    5.91706    -0.0674    13.8155 0.0000e+00  -64.63617  -62.81067 1154142464 210.130406    34.4693      22058          5  0.000e+00
    200.660     0.1160   2.882813     0.1161   2.883071    5.91703    -0.0233    13.8155 0.0000e+00  -64.63617  -62.81067 1154142464 210.130406    34.4698      22059          5  0.000e+00
    200.698     0.1160   2.882789     0.1163   2.883083    5.91708    -0.0233    13.8155 0.0000e+00  -64.63617  -62.81067 1154142464 210.130407    34.4695      22060          5  0.000e+00
    200.660     0.1156   2.882803     0.1163   2.883077    5.91710    -0.1004    13.8155 0.0000e+00  -64.63617  -62.81067 1154142465 210.130407    34.4702      22061          5  0.000e+00
    200.660     0.1162   2.882820     0.1160   2.883077    5.91701    -0.1004    13.8155 0.0000e+00  -64.63617  -62.81067 1154142465 210.130408    34.4697      22062          5  0.000e+00
    200.631     0.1158   2.882803     0.1161   2.883060    5.91704    -0.0894    13.8155 0.0000e+00  -64.63617  -62.81067 1154142465 210.130408    34.4699      22063          5  0.000e+00
    200.727     0.1160   2.882810     0.1161   2.883054    5.91709    -0.1004    13.8155 0.0000e+00  -64.63617  -62.81067 1154142465 210.130408    34.4697      22064          5  0.000e+00
    200.660     0.1157   2.882803     0.1169   2.883113    5.91708    -0.1225    13.8155 0.0000e+00  -64.63617  -62.81067 1154142465 210.130409    34.4700      22065          5  0.000e+00
    200.631     0.1160   2.882816     0.1163   2.883048    5.91701    -0.1335    13.8155 0.0000e+00  -64.63617  -62.81067 1154142465 210.130409    34.4698      22066          5  0.000e+00
    200.660     0.1165   2.882813     0.1163   2.883065    5.91698    -0.0564    13.8155 0.0000e+00  -64.63617  -62.81067 1154142465 210.130410    34.4693      22067          5  0.000e+00
    200.660     0.1160   2.882820     0.1163   2.883036    5.91703    -0.0123    13.8155 0.0000e+00  -64.63617  -62.81067 1154142465 210.130410    34.4698      22068          5  0.000e+00
    200.698     0.1159   2.882803     0.1166   2.883065    5.91709    -0.1114    13.8155 0.0000e+00  -64.63617  -62.81067 1154142465 210.130411    34.4698      22069          5  0.000e+00
    200.660     0.1160   2.882789     0.1165   2.883060    5.91705    -0.1225    13.8155 0.0000e+00  -64.63617  -62.81067 1154142465 210.130411    34.4695      22070          5  0.000e+00
    200.631     0.1165   2.882779     0.1161   2.883054    5.91697    -0.0674    13.8155 0.0000e+00  -64.63617  -62.81067 1154142465 210.130412    34.4688      22071          5  0.000e+00
    200.660     0.1158   2.882793     0.1161   2.883030    5.91707    -0.0564    13.8155 0.0000e+00  -64.63617  -62.81067 1154142465 210.130412    34.4697      22072          5  0.000e+00
    200.660     0.1164   2.882789     0.1163   2.883065    5.91701    -0.0013    13.8155 0.0000e+00  -64.63617  -62.81067 1154142465 210.130413    34.4691      22073          5  0.000e+00
    200.631     0.1159   2.882813     0.1166   2.883060    5.91703    -0.0343    13.8155 0.0000e+00  -64.63617  -62.81067 1154142465 210.130413    34.4700      22074          5  0.000e+00
    200.660     0.1162   2.882823     0.1166   2.883048    5.91702    -0.0674    13.8155 0.0000e+00  -64.63617  -62.81067 1154142465 210.130414    34.4698      22075          5  0.000e+00
    200.660     0.1160   2.882833     0.1163   2.883071    5.91702    -0.0343    13.8155 0.0000e+00  -64.63617  -62.81067 1154142465 210.130414    34.4700      22076          5  0.000e+00
    200.698     0.1158   2.882793     0.1161   2.883060    5.91710     0.0097    13.8155 0.0000e+00  -64.63617  -62.81067 1154142465 210.130415    34.4697      22077          5  0.000e+00
    200.660     0.1162   2.882810     0.1161   2.883054    5.91702    -0.0343    13.8155 0.0000e+00  -64.63617  -62.81067 1154142465 210.130415    34.4696      22078          5  0.000e+00
    200.631     0.1162   2.882813     0.1161   2.883054    5.91700    -0.1114    13.8155 0.0000e+00  -64.63617  -62.81067 1154142465 210.130416    34.4696      22079          5  0.000e+00
    200.660     0.1162   2.882803     0.1163   2.883054    5.91702    -0.1996    13.8155 0.0000e+00  -64.63617  -62.81067 1154142465 210.130416    34.4695      22080          5  0.000e+00
    200.660     0.1160   2.882783     0.1164   2.883071    5.91705    -0.0894    13.8155 0.0000e+00  -64.63617  -62.81067 1154142465 210.130417    34.4694      22081          5  0.000e+00
    200.631     0.1163   2.882810     0.1163   2.883036    5.91698    -0.0784    13.8155 0.0000e+00  -64.63617  -62.81067 1154142465 210.130417    34.4694      22082          5  0.000e+00
    200.660     0.1162   2.882813     0.1160   2.883042    5.91702    -0.0674    13.8155 0.0000e+00  -64.63617  -62.81067 1154142465 210.130418    34.4696      22083          5  0.000e+00
    200.660     0.1162   2.882803     0.1160   2.883054    5.91703    -0.1445    13.8155 0.0000e+00  -64.63617  -62.81067 1154142465 210.130418    34.4695      22084          5  0.000e+00
    200.631     0.1157   2.882816     0.1164   2.883071    5.91705    -0.1225    13.8155 0.0000e+00  -64.63617  -62.81067 1154142466 210.130419    34.4702      22085          5  0.000e+00
    200.660     0.1162   2.882796     0.1164   2.883036    5.91703    -0.1114    13.8155 0.0000e+00  -64.63617  -62.81067 1154142466 210.130419    34.4694      22086          5  0.000e+00
    200.698     0.1163   2.882796     0.1163   2.883042    5.91704    -0.1665    13.8155 0.0000e+00  -64.63617  -62.81067 1154142466 210.130420    34.4692      22087          5  0.000e+00
    200.660     0.1160   2.882783     0.1161   2.883030    5.92172    -0.1225    13.8155 0.0000e+00  -64.63617  -62.81067 1154142466 210.130420    34.4694      22088          5  0.000e+00
    200.584     0.1162   2.882786     0.1164   2.883024    5.91697     0.0097    13.8155 0.0000e+00  -64.63617  -62.81067 1154142466 210.130421    34.4693      22089          5  0.000e+00
    200.698     0.1160   2.882796     0.1168   2.883042    5.91708    -0.0013    13.8155 0.0000e+00  -64.63617  -62.81067 1154142466 210.130421    34.4695      22090          5  0.000e+00
    200.660     0.1156   2.882800     0.1166   2.883054    5.92177    -0.0343    13.8155 0.0000e+00  -64.63617  -62.81067 1154142466 210.130421    34.4701      22091          5  0.000e+00
    200.660     0.1162   2.882810     0.1166   2.883071    5.91702    -0.0674    13.8155 0.0000e+00  -64.63617  -62.81067 1154142466 210.130422    34.4696      22092          5  0.000e+00
    200.631     0.1165   2.882803     0.1163   2.883036    5.91696    -0.1114    13.8155 0.0000e+00  -64.63617  -62.81067 1154142466 210.130422    34.4691      22093          5  0.000e+00
    200.660     0.1158   2.882800     0.1164   2.883042    5.91707    -0.1004    13.8155 0.0000e+00  -64.63617  -62.81067 1154142466 210.130423    34.4698      22094          5  0.000e+00
    200.660     0.1164   2.882810     0.1166   2.883071    5.92167    -0.0454    13.8155 0.0000e+00  -64.63617  -62.81067 1154142466 210.130423    34.4694      22095          5  0.000e+00
    200.631     0.1160   2.882753     0.1168   2.883060    5.92172    -0.0674    13.8155 0.0000e+00  -64.63617  -62.81067 1154142466 210.130424    34.4690      22096          5  0.000e+00
    200.660     0.1159   2.882783     0.1164   2.883071    5.92174    -0.0343    13.8155 0.0000e+00  -64.63617  -62.81067 1154142466 210.130424    34.4695      22097          5  0.000e+00
    200.631     0.1159   2.882826     0.1160   2.883083    5.92170    -0.0564    13.8155 0.0000e+00  -64.63617  -62.81067 1154142466 210.130425    34.4701      22098          5  0.000e+00
    200.660     0.1160   2.882806     0.1163   2.883060    5.92172    -0.0894    13.8155 0.0000e+00  -64.63617  -62.81067 1154142466 210.130425    34.4697      22099          5  0.000e+00
    200.660     0.1160   2.882783     0.1161   2.883071    5.91705    -0.0454    13.8155 0.0000e+00  -64.63617  -62.81067 1154142466 210.130426    34.4694      22100          5  0.000e+00
    200.662     0.1160   2.882773     0.1166   2.883042    5.92641    -0.0343    13.8155 0.0000e+00  -64.63617  -62.81067 1154142472 210.130490    34.4693      22234          6  0.000e+00
    200.729     0.1159   2.882793     0.1166   2.883048    5.92647    -0.0233    13.8155 0.0000e+00  -64.63617  -62.81067 1154142472 210.130491    34.4696      22235          6  0.000e+00
    200.557     0.1162   2.882810     0.1163   2.883048    5.92161    -0.1004    13.8155 0.0000e+00  -64.63617  -62.81067 1154142472 210.130491    34.4696      22236          6  0.000e+00
    200.662     0.1160   2.882786     0.1166   2.883030    5.92173    -0.1555    13.8155 0.0000e+00  -64.63617  -62.81067 1154142472 210.130492    34.4694      22237          6  0.000e+00
    200.586     0.1159   2.882793     0.1168   2.883042    5.92168    -0.0564    13.8155 0.0000e+00  -64.63617  -62.81067 1154142472 210.130492    34.4697      22238          6  0.000e+00
    200.634     0.1165   2.882789     0.1164   2.883054    5.92165    -0.1114    13.8155 0.0000e+00  -64.63617  -62.81067 1154142472 210.130493    34.4690      22239          6  0.000e+00
    200.662     0.1162   2.882813     0.1164   2.883030    5.92169    -0.1004    13.8155 0.0000e+00  -64.63617  -62.81067 1154142472 210.130493    34.4696      22240          6  0.000e+00
    200.701     0.1164   2.882789     0.1166   2.883060    5.92172    -0.0013    13.8155 0.0000e+00  -64.63617  -62.81067 1154142472 210.130494    34.4691      22241          6  0.000e+00
    200.586     0.1160   2.882769     0.1167   2.883060    5.92167     0.0097    13.8155 0.0000e+00  -64.63617  -62.81067 1154142472 210.130494    34.4693      22242          6  0.000e+00
    200.662     0.1157   2.882789     0.1163   2.883071    5.92176    -0.0123    13.8155 0.0000e+00  -64.63617  -62.81067 1154142472 210.130495    34.4698      22243          6  0.000e+00
