product_data/regression_test/downloaded_data/MDGS/320620060703/ctd/p6623103.cnv
* Sea-Bird SBE 9 Data File:
* FileName = D:\Data\Raw\p6623103.dat
* Software Version Seasave Win32 V 5.32
* Temperature SN = 1649
* Conductivity SN = 1431
* Number of Bytes Per Scan = 37
* Number of Voltage Words = 5
* Number of Scans Averaged by the Deck Unit = 1
* NMEA Latitude = 61 55.05 S
* NMEA Longitude = 053 03.29 W
* NMEA UTC (Time) = 04:30:49
** Ship:   Nathaniel B. Palmer 
** Cruise:    NBP0606 
# nquan = 15
# nvalues = 1942                        
# units = specified
# name 0 = prDM: Pressure, Digiquartz [db]
# name 1 = t090C: Temperature [ITS-90, deg C]
# name 2 = c0S/m: Conductivity [S/m]
# name 3 = t190C: Temperature, 2 [ITS-90, deg C]
# name 4 = c1S/m: Conductivity, 2 [S/m]
# name 5 = sbeox0ML/L: Oxygen, SBE 43 [ml/l]
# name 6 = flECO-AFL: Fluorescence, Wetlab ECO-AFL/FL [mg/m^3]
# name 7 = bat: Beam Attenuation, Chelsea/Seatech/Wetlab CStar [1/m]
# name 8 = spar: SPAR/Surface Irradiance
# name 9 = latitude: Latitude [deg]
# name 10 = longitude: Longitude [deg]
# name 11 = timeY: Time, System [seconds]
# name 12 = timeJ: Julian Days
# name 13 = sal00: Salinity [PSU]
# name 14 = flag: flag
# span 0 =      2.000,   1943.000       
# span 1 =    -1.7300,    -0.0746       
# span 2 =   2.720574,   2.950431       
# span 3 =    -1.7290,    -0.0746       
# span 4 =   2.720939,   2.950577       
# span 5 =    5.79343,    7.28749       
# span 6 =    -0.1472,     0.0867       
# span 7 =    13.8155,    13.8155       
# span 8 = -5.269e-03, 9.4212e-01       
# span 9 =  -61.91750,  -61.91750       
# span 10 =  -53.05483,  -53.05483      
# span 11 = 1154925192, 1154927650      
# span 12 = 219.189741, 219.218195      
# span 13 =    34.3178,    35.1088      
# span 14 = 0.0000e+00, 0.0000e+00      
# interval = decibars: 1                
# start_time = Aug 07 2006 04:32:17
# bad_flag = -9.990e-29
*END*
[from data line 290]
    292.000    -1.5612   2.745394    -1.5604   2.745607    7.00609     0.0007    13.8155 0.0000e+00  -61.91750  -53.05483 1154925645 219.194987    34.4660 0.0000e+00
    293.000    -1.5615   2.745423    -1.5606   2.745634    7.00419     0.0113    13.8155 0.0000e+00  -61.91750  -53.05483 1154925646 219.195001    34.4661 0.0000e+00
    294.000    -1.5619   2.745431    -1.5607   2.745677    7.00412    -0.0173    13.8155 0.0000e+00  -61.91750  -53.05483 1154925647 219.195016    34.4661 0.0000e+00
    295.000    -1.5619   2.745471    -1.5605   2.745725    7.00518    -0.0170    13.8155 0.0000e+00  -61.91750  -53.05483 1154925648 219.195030    34.4660 0.0000e+00
    296.000    -1.5604   2.745660    -1.5593   2.745890    7.00666     0.0094    13.8155 0.0000e+00  -61.91750  -53.05483 1154925650 219.195044    34.4662 0.0000e+00
    297.000    -1.5572   2.746010    -1.5552   2.746299    7.00501    -0.0341    13.8155 0.0000e+00  -61.91750  -53.05483 1154925651 219.195059    34.4667 0.0000e+00
    298.000    -1.5550   2.746250    -1.5541   2.746463    7.00292    -0.0090    13.8155 0.0000e+00  -61.91750  -53.05483 1154925652 219.195073    34.4668 0.0000e+00
    299.000    -1.5558   2.746224    -1.5551   2.746400    6.99924    -0.0219    13.8155 0.0000e+00  -61.91750  -53.05483 1154925653 219.195088    34.4667 0.0000e+00
    300.000    -1.5548   2.746372    -1.5530   2.746641    6.99370    -0.0014    13.8155 0.0000e+00  -61.91750  -53.05483 1154925655 219.195102    34.4670 0.0000e+00
    301.000    -1.5502   2.746814    -1.5497   2.746981    6.99316    -0.0024    13.8155 0.0000e+00  -61.91750  -53.05483 1154925656 219.195117    34.4671 0.0000e+00
    302.000    -1.5486   2.747013    -1.5472   2.747268    6.99456    -0.0062    13.8155 0.0000e+00  -61.91750  -53.05483 1154925657 219.195131    34.4673 0.0000e+00
    303.000    -1.5479   2.747118    -1.5469   2.747338    6.99481    -0.0349    13.8155 0.0000e+00  -61.91750  -53.05483 1154925658 219.195146    34.4674 0.0000e+00
    304.000    -1.5467   2.747278    -1.5455   2.747509    6.99644    -0.0068    13.8155 0.0000e+00  -61.91750  -53.05483 1154925660 219.195160    34.4675 0.0000e+00
    305.000    -1.5476   2.747225    -1.5470   2.747412    6.99418     0.0025    13.8155 0.0000e+00  -61.91750  -53.05483 1154925661 219.195174    34.4673 0.0000e+00
    306.000    -1.5484   2.747210    -1.5463   2.747521    6.99406    -0.0073    13.8155 0.0000e+00  -61.91750  -53.05483 1154925662 219.195189    34.4674 0.0000e+00
    307.000    -1.5478   2.747304    -1.5472   2.747489    6.99476    -0.0276    13.8155 0.0000e+00  -61.91750  -53.05483 1154925663 219.195203    34.4674 0.0000e+00
    308.000    -1.5506   2.747102    -1.5486   2.747408    6.99741    -0.0294    13.8155 0.0000e+00  -61.91750  -53.05483 1154925665 219.195218    34.4674 0.0000e+00
    309.000    -1.5451   2.747643    -1.5439   2.747872    7.00008    -0.0317    13.8155 0.0000e+00  -61.91750  -53.05483 1154925666 219.195232    34.4676 0.0000e+00
    310.000    -1.5458   2.747625    -1.5444   2.747878    6.99919    -0.0121    13.8155 0.0000e+00  -61.91750  -53.05483 1154925667 219.195247    34.4676 0.0000e+00
    311.000    -1.5451   2.747733    -1.5432   2.748018    6.99818    -0.0152    13.8155 0.0000e+00  -61.91750  -53.05483 1154925668 219.195261    34.4677 0.0000e+00
    312.000    -1.5444   2.747843    -1.5431   2.748085    6.99844    -0.0311    13.8155 0.0000e+00  -61.91750  -53.05483 1154925670 219.195276    34.4678 0.0000e+00
    313.000    -1.5437   2.747948    -1.5424   2.748195    6.99588    -0.0215    13.8155 0.0000e+00  -61.91750  -53.05483 1154925671 219.195290    34.4679 0.0000e+00
    314.000    -1.5406   2.748278    -1.5392   2.748515    6.99131    -0.0309    13.8155 0.0000e+00  -61.91750  -53.05483 1154925672 219.195305    34.4682 0.0000e+00
    315.000    -1.5413   2.748269    -1.5398   2.748512    6.98988    -0.0039    13.8155 0.0000e+00  -61.91750  -53.05483 1154925673 219.195319    34.4681 0.0000e+00
    316.000    -1.5408   2.748348    -1.5397   2.748578    6.98991    -0.0150    13.8155 0.0000e+00  -61.91750  -53.05483 1154925675 219.195334    34.4682 0.0000e+00
    317.000    -1.5394   2.748526    -1.5376   2.748801    6.99092    -0.0169    13.8155 0.0000e+00  -61.91750  -53.05483 1154925676 219.195348    34.4683 0.0000e+00
    318.000    -1.5389   2.748619    -1.5378   2.748843    6.99105    -0.0222    13.8155 0.0000e+00  -61.91750  -53.05483 1154925677 219.195362    34.4684 0.0000e+00
    319.000    -1.5396   2.748596    -1.5382   2.748850    6.99176    -0.0096    13.8155 0.0000e+00  -61.91750  -53.05483 1154925678 219.195377    34.4683 0.0000e+00
    320.000    -1.5448   2.748171    -1.5434   2.748439    6.99332    -0.0172    13.8155 0.0000e+00  -61.91750  -53.05483 1154925680 219.195391    34.4679 0.0000e+00
    321.000    -1.5500   2.747753    -1.5489   2.747990    6.99320    -0.0230    13.8155 0.0000e+00  -61.91750  -53.05483 1154925681 219.195406    34.4677 0.0000e+00
    322.000    -1.5486   2.747932    -1.5476   2.748132    6.99076    -0.0132    13.8155 0.0000e+00  -61.91750  -53.05483 1154925682 219.195420    34.4680 0.0000e+00
    323.000    -1.5464   2.748162    -1.5454   2.748396    6.99183    -0.0354    13.8155 0.0000e+00  -61.91750  -53.05483 1154925683 219.195435    34.4678 0.0000e+00
    324.000    -1.5458   2.748271    -1.5451   2.748463    6.99233     0.0056    13.8155 0.0000e+00  -61.91750  -53.05483 1154925685 219.195450    34.4680 0.0000e+00
    325.000    -1.5463   2.748272    -1.5452   2.748495    6.99184    -0.0156    13.8155 0.0000e+00  -61.91750  -53.05483 1154925686 219.195465    34.4679 0.0000e+00
    326.000    -1.5456   2.748377    -1.5445   2.748601    6.99234    -0.0102    13.8155 0.0000e+00  -61.91750  -53.05483 1154925687 219.195479    34.4679 0.0000e+00
    327.000    -1.5478   2.748240    -1.5456   2.748549    6.98895    -0.0167    13.8155 0.0000e+00  -61.91750  -53.05483 1154925688 219.195494    34.4681 0.0000e+00
    328.000    -1.5443   2.748597    -1.5432   2.748820    6.98852     0.0008    13.8155 0.0000e+00  -61.91750  -53.05483 1154925690 219.195508    34.4682 0.0000e+00
    329.000    -1.5428   2.748772    -1.5416   2.749014    6.99011    -0.0291    13.8155 0.0000e+00  -61.91750  -53.05483 1154925691 219.195523    34.4682 0.0000e+00
    330.000    -1.5430   2.748799    -1.5420   2.749009    6.99071    -0.0287    13.8155 0.0000e+00  -61.91750  -53.05483 1154925692 219.195537    34.4683 0.0000e+00
    331.000    -1.5428   2.748872    -1.5419   2.749071    6.98860    -0.0092    13.8155 0.0000e+00  -61.91750  -53.05483 1154925693 219.195551    34.4683 0.0000e+00
    332.000    -1.5428   2.748919    -1.5419   2.749117    6.99151     0.0109    13.8155 0.0000e+00  -61.91750  -53.05483 1154925695 219.195566    34.4683 0.0000e+00
    333.000    -1.5443   2.748820    -1.5444   2.748935    6.99282    -0.0277    13.8155 0.0000e+00  -61.91750  -53.05483 1154925696 219.195580    34.4681 0.0000e+00
    334.000    -1.5449   2.748812    -1.5438   2.749032    6.99336    -0.0215    13.8155 0.0000e+00  -61.91750  -53.05483 1154925697 219.195595    34.4682 0.0000e+00
    335.000    -1.5440   2.748939    -1.5430   2.749153    6.99468    -0.0156    13.8155 0.0000e+00  -61.91750  -53.05483 1154925698 219.195610    34.4682 0.0000e+00
    336.000    -1.5443   2.748944    -1.5434   2.749167    6.99221    -0.0449    13.8155 0.0000e+00  -61.91750  -53.05483 1154925700 219.195624    34.4680 0.0000e+00
    337.000    -1.5437   2.749042    -1.5425   2.749285    6.99079    -0.0138    13.8155 0.0000e+00  -61.91750  -53.05483 1154925701 219.195639    34.4682 0.0000e+00
    338.000    -1.5431   2.749160    -1.5422   2.749355    6.98509    -0.0237    13.8155 0.0000e+00  -61.91750  -53.05483 1154925702 219.195653    34.4684 0.0000e+00
    339.000    -1.5430   2.749225    -1.5404   2.749562    6.98728    -0.0164    13.8155 0.0000e+00  -61.91750  -53.05483 1154925703 219.195668    34.4685 0.0000e+00
    340.000    -1.5405   2.749492    -1.5394   2.749715    6.98576    -0.0078    13.8155 0.0000e+00  -61.91750  -53.05483 1154925705 219.195682    34.4686 0.0000e+00
    341.000    -1.5330   2.750247    -1.5323   2.750374    6.98370    -0.0150    13.8155 0.0000e+00  -61.91750  -53.05483 1154925706 219.195697    34.4697 0.0000e+00
    342.000    -1.5214   2.751297    -1.5200   2.751525    6.98271    -0.0183    13.8155 0.0000e+00  -61.91750  -53.05483 1154925707 219.195711    34.4697 0.0000e+00
    343.000    -1.5175   2.751719    -1.5126   2.752239    6.98027    -0.0178    13.8155 0.0000e+00  -61.91750  -53.05483 1154925709 219.195726    34.4704 0.0000e+00
    344.000    -1.5137   2.752160    -1.5133   2.752251    6.97724    -0.0129    13.8155 0.0000e+00  -61.91750  -53.05483 1154925710 219.195740    34.4704 0.0000e+00
    345.000    -1.5081   2.752660    -1.5080   2.752785    6.97334     0.0010    13.8155 0.0000e+00  -61.91750  -53.05483 1154925711 219.195755    34.4712 0.0000e+00
    346.000    -1.5084   2.752682    -1.5066   2.752949    6.96884    -0.0436    13.8155 0.0000e+00  -61.91750  -53.05483 1154925712 219.195769    34.4713 0.0000e+00
    347.000    -1.5064   2.752906    -1.5047   2.753167    6.96709    -0.0198    13.8155 0.0000e+00  -61.91750  -53.05483 1154925714 219.195784    34.4715 0.0000e+00
    348.000    -1.5052   2.753047    -1.5040   2.753266    6.96507    -0.0428    13.8155 0.0000e+00  -61.91750  -53.05483 1154925715 219.195798    34.4715 0.0000e+00
    349.000    -1.5011   2.753476    -1.4997   2.753690    6.96333    -0.0102    13.8155 0.0000e+00  -61.91750  -53.05483 1154925716 219.195813    34.4721 0.0000e+00
    350.000    -1.4978   2.753811    -1.4972   2.753964    6.96135    -0.0216    13.8155 0.0000e+00  -61.91750  -53.05483 1154925717 219.195827    34.4723 0.0000e+00
    351.000    -1.4988   2.753762    -1.4971   2.754058    6.95955    -0.0291    13.8155 0.0000e+00  -61.91750  -53.05483 1154925719 219.195842    34.4722 0.0000e+00
    352.000    -1.4950   2.754147    -1.4939   2.754366    6.95713    -0.0175    13.8155 0.0000e+00  -61.91750  -53.05483 1154925720 219.195856    34.4725 0.0000e+00
    353.000    -1.4967   2.754039    -1.4954   2.754277    6.95626    -0.0162    13.8155 0.0000e+00  -61.91750  -53.05483 1154925721 219.195871    34.4725 0.0000e+00
    354.000    -1.4957   2.754169    -1.4943   2.754419    6.95661    -0.0517    13.8155 0.0000e+00  -61.91750  -53.05483 1154925722 219.195885    34.4726 0.0000e+00
    355.000    -1.4975   2.754060    -1.4961   2.754303    6.95828    -0.0158    13.8155 0.0000e+00  -61.91750  -53.05483 1154925724 219.195899    34.4725 0.0000e+00
    356.000    -1.5037   2.753537    -1.5033   2.753697    6.96036    -0.0287    13.8155 0.0000e+00  -61.91750  -53.05483 1154925725 219.195914    34.4720 0.0000e+00
    357.000    -1.5038   2.753573    -1.5030   2.753765    6.95986    -0.0260    13.8155 0.0000e+00  -61.91750  -53.05483 1154925726 219.195928    34.4721 0.0000e+00
    358.000    -1.4997   2.754001    -1.4992   2.754157    6.95944    -0.0418    13.8155 0.0000e+00  -61.91750  -53.05483 1154925727 219.195943    34.4726 0.0000e+00
    359.000    -1.5007   2.753938    -1.5009   2.754049    6.95909    -0.0306    13.8155 0.0000e+00  -61.91750  -53.05483 1154925729 219.195957    34.4722 0.0000e+00
    360.000    -1.5028   2.753802    -1.5019   2.754004    6.96021    -0.0159    13.8155 0.0000e+00  -61.91750  -53.05483 1154925730 219.195971    34.4723 0.0000e+00
    361.000    -1.5021   2.753900    -1.5010   2.754129    6.95689    -0.0313    13.8155 0.0000e+00  -61.91750  -53.05483 1154925731 219.195986    34.4722 0.0000e+00
    362.000    -1.4986   2.754296    -1.4963   2.754590    6.95611    -0.0192    13.8155 0.0000e+00  -61.91750  -53.05483 1154925732 219.196000    34.4730 0.0000e+00
    363.000    -1.4893   2.755159    -1.4898   2.755231    6.95307    -0.0248    13.8155 0.0000e+00  -61.91750  -53.05483 1154925733 219.196015    34.4731 0.0000e+00
    364.000    -1.4854   2.755598    -1.4830   2.755890    6.95395    -0.0297    13.8155 0.0000e+00  -61.91750  -53.05483 1154925735 219.196029    34.4741 0.0000e+00
    365.000    -1.4782   2.756285    -1.4783   2.756381    6.95198    -0.0257    13.8155 0.0000e+00  -61.91750  -53.05483 1154925736 219.196044    34.4745 0.0000e+00
    366.000    -1.4757   2.756563    -1.4744   2.756768    6.94978    -0.0180    13.8155 0.0000e+00  -61.91750  -53.05483 1154925737 219.196058    34.4748 0.0000e+00
    367.000    -1.4738   2.756769    -1.4728   2.756963    6.94615    -0.0287    13.8155 0.0000e+00  -61.91750  -53.05483 1154925739 219.196073    34.4749 0.0000e+00
    368.000    -1.4739   2.756797    -1.4734   2.756953    6.94163    -0.0187    13.8155 0.0000e+00  -61.91750  -53.05483 1154925740 219.196087    34.4748 0.0000e+00
    369.000    -1.4722   2.757007    -1.4715   2.757169    6.93901    -0.0365    13.8155 0.0000e+00  -61.91750  -53.05483 1154925741 219.196102    34.4752 0.0000e+00
    370.000    -1.4692   2.757328    -1.4665   2.757677    6.93561    -0.0426    13.8155 0.0000e+00  -61.91750  -53.05483 1154925742 219.196116    34.4755 0.0000e+00
    371.000    -1.4709   2.757200    -1.4701   2.757387    6.93083    -0.0288    13.8155 0.0000e+00  -61.91750  -53.05483 1154925744 219.196131    34.4751 0.0000e+00
    372.000    -1.4634   2.757936    -1.4632   2.758062    6.93158    -0.0520    13.8155 0.0000e+00  -61.91750  -53.05483 1154925745 219.196145    34.4758 0.0000e+00
    373.000    -1.4702   2.757368    -1.4670   2.757784    6.93173    -0.0227    13.8155 0.0000e+00  -61.91750  -53.05483 1154925746 219.196160    34.4755 0.0000e+00
    374.000    -1.4628   2.758098    -1.4591   2.758505    6.92995    -0.0077    13.8155 0.0000e+00  -61.91750  -53.05483 1154925747 219.196174    34.4766 0.0000e+00
    375.000    -1.4514   2.759147    -1.4527   2.759135    6.92821    -0.0269    13.8155 0.0000e+00  -61.91750  -53.05483 1154925749 219.196189    34.4766 0.0000e+00
    376.000    -1.4506   2.759278    -1.4502   2.759410    6.92583    -0.0137    13.8155 0.0000e+00  -61.91750  -53.05483 1154925750 219.196203    34.4770 0.0000e+00
    377.000    -1.4485   2.759492    -1.4480   2.759612    6.91765    -0.0226    13.8155 0.0000e+00  -61.91750  -53.05483 1154925751 219.196217    34.4770 0.0000e+00
    378.000    -1.4490   2.759496    -1.4462   2.759862    6.92093    -0.0367    13.8155 0.0000e+00  -61.91750  -53.05483 1154925752 219.196232    34.4772 0.0000e+00
    379.000    -1.4466   2.759773    -1.4476   2.759783    6.91778    -0.0130    13.8155 0.0000e+00  -61.91750  -53.05483 1154925754 219.196246    34.4774 0.0000e+00
    380.000    -1.4478   2.760088    -1.4406   2.760462    6.91573    -0.0375    13.8155 0.0000e+00  -61.91750  -53.05483 1154925755 219.196261    34.4780 0.0000e+00
    381.000    -1.4319   2.761219    -1.4303   2.761416    6.90905    -0.0278    13.8155 0.0000e+00  -61.91750  -53.05483 1154925756 219.196275    34.4780 0.0000e+00
    382.000    -1.4314   2.761304    -1.4303   2.761464    6.90334    -0.0018    13.8155 0.0000e+00  -61.91750  -53.05483 1154925757 219.196290    34.4791 0.0000e+00
    383.000    -1.4202   2.762345    -1.4184   2.762588    6.89920    -0.0280    13.8155 0.0000e+00  -61.91750  -53.05483 1154925759 219.196304    34.4797 0.0000e+00
    384.000    -1.4198   2.762422    -1.4178   2.762684    6.89556    -0.0271    13.8155 0.0000e+00  -61.91750  -53.05483 1154925760 219.196319    34.4797 0.0000e+00
    385.000    -1.4069   2.763649    -1.4026   2.764125    6.89362    -0.0280    13.8155 0.0000e+00  -61.91750  -53.05483 1154925761 219.196333    34.4809 0.0000e+00
    386.000    -1.4077   2.763621    -1.4057   2.763870    6.89207    -0.0359    13.8155 0.0000e+00  -61.91750  -53.05483 1154925762 219.196348    34.4811 0.0000e+00
