product_data/regression_test/downloaded_data/MDGS/320620060703/ctd/p6624001.ros
* Sea-Bird SBE 9 Data File:
* FileName = D:\Data\Raw\p6624001.dat
* Software Version Seasave Win32 V 5.32
* Temperature SN = 1649
* Conductivity SN = 1431
* Number of Bytes Per Scan = 37
* Number of Voltage Words = 5
* Number of Scans Averaged by the Deck Unit = 1
* NMEA Latitude = 61 22.59 S
* NMEA Longitude = 054 00.77 W
* NMEA UTC (Time) = 07:06:41
** Ship:   Nathaniel B. Palmer 
** Cruise:    NBP0606 
# nquan = 17
# nvalues = 1176                    
# units = specified
# name 0 = prDM: Pressure, Digiquartz [db]
# name 1 = t090C: Temperature [ITS-90, deg C]
# name 2 = c0S/m: Conductivity [S/m]
# name 3 = t190C: Temperature, 2 [ITS-90, deg C]
# name 4 = c1S/m: Conductivity, 2 [S/m]
# name 5 = sbeox0ML/L: Oxygen, SBE 43 [ml/l]
# name 6 = flECO-AFL: Fluorescence, Wetlab ECO-AFL/FL [mg/m^3]
# name 7 = bat: Beam Attenuation, Chelsea/Seatech/Wetlab CStar [1/m]
# name 8 = spar: SPAR/Surface Irradiance
# name 9 = latitude: Latitude [deg]
# name 10 = longitude: Longitude [deg]
# name 11 = timeY: Time, System [seconds]
# name 12 = timeJ: Julian Days
# name 13 = sal00: Salinity [PSU]
# name 14 = scan: scan number
# name 15 = nbf: number of bottles fired
# name 16 = flag:  0.000e+00
# interval = seconds: 0.0416667                   
# start_time = Aug 08 2006 07:08:22
*END*
[from data line 511]
    249.964    -0.8026   2.804491    -0.8008   2.804648    6.74538    -0.0233    13.8155 0.0000e+00  -61.37650  -54.01283 1155024051 220.333944    34.4312      75620         11  0.000e+00
    249.888    -0.8027   2.804537    -0.8015   2.804666    6.74530    -0.0894    13.8155 0.0000e+00  -61.37650  -54.01283 1155024051 220.333945    34.4321      75621         11  0.000e+00
    249.964    -0.8021   2.804508    -0.8013   2.804648    6.74531    -0.1114    13.8155 0.0000e+00  -61.37650  -54.01283 1155024051 220.333945    34.4309      75622         11  0.000e+00
    249.955    -0.8026   2.804504    -0.8014   2.804660    6.74536    -0.1114    13.8155 0.0000e+00  -61.37650  -54.01283 1155024051 220.333946    34.4314      75623         11  0.000e+00
    249.897    -0.8020   2.804498    -0.8013   2.804671    6.74523    -0.0784    13.8155 0.0000e+00  -61.37650  -54.01283 1155024051 220.333946    34.4307      75624         11  0.000e+00
    249.955    -0.8027   2.804504    -0.8016   2.804648    6.74538    -0.1114    13.8155 0.0000e+00  -61.37650  -54.01283 1155024051 220.333947    34.4316      75625         11  0.000e+00
    249.898    -0.8026   2.804511    -0.8012   2.804660    6.74531    -0.1555    13.8155 0.0000e+00  -61.37650  -54.01283 1155024051 220.333947    34.4315      75626         11  0.000e+00
    249.888    -0.8026   2.804494    -0.8012   2.804654    6.74531    -0.0894    13.8155 0.0000e+00  -61.37650  -54.01283 1155024051 220.333948    34.4313      75627         11  0.000e+00
    249.898    -0.8027   2.804491    -0.8015   2.804619    6.74534    -0.0013    13.8155 0.0000e+00  -61.37650  -54.01283 1155024051 220.333948    34.4314      75628         11  0.000e+00
    249.821    -0.8027   2.804504    -0.8013   2.804613    6.74526     0.0207    13.8155 0.0000e+00  -61.37650  -54.01283 1155024051 220.333949    34.4317      75629         11  0.000e+00
    249.955    -0.8027   2.804481    -0.8013   2.804642    6.74540    -0.0454    13.8155 0.0000e+00  -61.37650  -54.01283 1155024051 220.333949    34.4313      75630         11  0.000e+00
    249.821    -0.8029   2.804464    -0.8013   2.804666    6.74531    -0.1335    13.8155 0.0000e+00  -61.37650  -54.01283 1155024051 220.333950    34.4313      75631         11  0.000e+00
    249.888    -0.8027   2.804484    -0.8018   2.804648    6.74533    -0.1335    13.8155 0.0000e+00  -61.37650  -54.01283 1155024051 220.333950    34.4314      75632         11  0.000e+00
    249.821    -0.8026   2.804504    -0.8012   2.804666    6.74524    -0.0013    13.8155 0.0000e+00  -61.37650  -54.01283 1155024052 220.333951    34.4315      75633         11  0.000e+00
    249.888    -0.8024   2.804511    -0.8018   2.804648    6.74528    -0.0123    13.8155 0.0000e+00  -61.37650  -54.01283 1155024052 220.333951    34.4314      75634         11  0.000e+00
    249.821    -0.8026   2.804494    -0.8016   2.804642    6.74524    -0.0784    13.8155 0.0000e+00  -61.37650  -54.01283 1155024052 220.333952    34.4314      75635         11  0.000e+00
    249.812    -0.8027   2.804491    -0.8019   2.804625    6.74526    -0.1335    13.8155 0.0000e+00  -61.37650  -54.01283 1155024052 220.333952    34.4315      75636         11  0.000e+00
    249.821    -0.8024   2.804504    -0.8021   2.804613    6.74040    -0.1004    13.8155 0.0000e+00  -61.37650  -54.01283 1155024052 220.333953    34.4313      75637         11  0.000e+00
    249.812    -0.8023   2.804498    -0.8021   2.804613    6.74519    -0.0123    13.8155 0.0000e+00  -61.37650  -54.01283 1155024052 220.333953    34.4311      75638         11  0.000e+00
    249.821    -0.8032   2.804524    -0.8011   2.804642    6.74531    -0.0343    13.8155 0.0000e+00  -61.37650  -54.01283 1155024052 220.333954    34.4325      75639         11  0.000e+00
    249.812    -0.8019   2.804504    -0.8021   2.804619    6.74514    -0.0454    13.8155 0.0000e+00  -61.37650  -54.01283 1155024052 220.333954    34.4308      75640         11  0.000e+00
    249.821    -0.8026   2.804471    -0.8019   2.804613    6.74526    -0.0784    13.8155 0.0000e+00  -61.37650  -54.01283 1155024052 220.333954    34.4310      75641         11  0.000e+00
    249.754    -0.8023   2.804468    -0.8019   2.804619    6.74516    -0.1004    13.8155 0.0000e+00  -61.37650  -54.01283 1155024052 220.333955    34.4307      75642         11  0.000e+00
    249.812    -0.8027   2.804481    -0.8021   2.804637    6.74526    -0.1445    13.8155 0.0000e+00  -61.37650  -54.01283 1155024052 220.333955    34.4314      75643         11  0.000e+00
    249.754    -0.8023   2.804507    -0.8019   2.804619    6.74513    -0.1004    13.8155 0.0000e+00  -61.37650  -54.01283 1155024052 220.333956    34.4312      75644         11  0.000e+00
    249.745    -0.8021   2.804494    -0.8022   2.804602    6.74511    -0.0894    13.8155 0.0000e+00  -61.37650  -54.01283 1155024052 220.333956    34.4309      75645         11  0.000e+00
    249.754    -0.8026   2.804491    -0.8016   2.804607    6.74518    -0.1225    13.8155 0.0000e+00  -61.37650  -54.01283 1155024052 220.333957    34.4314      75646         11  0.000e+00
    249.745    -0.8026   2.804488    -0.8016   2.804613    6.74518    -0.0674    13.8155 0.0000e+00  -61.37650  -54.01283 1155024052 220.333957    34.4313      75647         11  0.000e+00
    200.085    -1.0072   2.782001    -1.0139   2.781419    6.95725    -0.1555    13.8155 0.0000e+00  -61.37650  -54.01283 1155024148 220.335062    34.3899      77938         12  0.000e+00
    200.056    -1.0075   2.781971    -1.0142   2.781355    6.95729    -0.0784    13.8155 0.0000e+00  -61.37650  -54.01283 1155024148 220.335063    34.3899      77939         12  0.000e+00
    200.151    -1.0072   2.781948    -1.0139   2.781407    6.95735    -0.0894    13.8155 0.0000e+00  -61.37650  -54.01283 1155024148 220.335063    34.3892      77940         12  0.000e+00
    200.008    -1.0070   2.781935    -1.0140   2.781419    6.95720    -0.0233    13.8155 0.0000e+00  -61.37650  -54.01283 1155024148 220.335064    34.3889      77941         12  0.000e+00
    200.056    -1.0076   2.781905    -1.0146   2.781413    6.95735    -0.0564    13.8155 0.0000e+00  -61.37650  -54.01283 1155024148 220.335064    34.3892      77942         12  0.000e+00
    200.085    -1.0087   2.781932    -1.0145   2.781448    6.95752    -0.0343    13.8155 0.0000e+00  -61.37650  -54.01283 1155024148 220.335065    34.3908      77943         12  0.000e+00
    199.980    -1.0087   2.781948    -1.0151   2.781442    6.95741    -0.0454    13.8155 0.0000e+00  -61.37650  -54.01283 1155024148 220.335065    34.3911      77944         12  0.000e+00
    200.085    -1.0089   2.781929    -1.0159   2.781471    6.95754    -0.1335    13.8155 0.0000e+00  -61.37650  -54.01283 1155024148 220.335066    34.3909      77945         12  0.000e+00
    200.008    -1.0086   2.781961    -1.0160   2.781471    6.95740    -0.1004    13.8155 0.0000e+00  -61.37650  -54.01283 1155024148 220.335066    34.3910      77946         12  0.000e+00
    200.056    -1.0081   2.781985    -1.0143   2.781500    6.95737    -0.1775    13.8155 0.0000e+00  -61.37650  -54.01283 1155024148 220.335067    34.3908      77947         12  0.000e+00
    200.008    -1.0080   2.782004    -1.0133   2.781535    6.95729    -0.2106    13.8155 0.0000e+00  -61.37650  -54.01283 1155024148 220.335067    34.3909      77948         12  0.000e+00
    200.008    -1.0072   2.782031    -1.0130   2.781558    6.95716    -0.1665    13.8155 0.0000e+00  -61.37650  -54.01283 1155024148 220.335068    34.3904      77949         12  0.000e+00
    199.980    -1.0074   2.782018    -1.0125   2.781570    6.95716    -0.0123    13.8155 0.0000e+00  -61.37650  -54.01283 1155024148 220.335068    34.3904      77950         12  0.000e+00
    200.008    -1.0074   2.782067    -1.0123   2.781587    6.95716    -0.0013    13.8155 0.0000e+00  -61.37650  -54.01283 1155024148 220.335068    34.3911      77951         12  0.000e+00
    199.980    -1.0075   2.782047    -1.0119   2.781634    6.95717    -0.0564    13.8155 0.0000e+00  -61.37650  -54.01283 1155024148 220.335069    34.3910      77952         12  0.000e+00
    199.941    -1.0067   2.782051    -1.0130   2.781628    6.96182    -0.1225    13.8155 0.0000e+00  -61.37650  -54.01283 1155024148 220.335069    34.3902      77953         12  0.000e+00
    200.008    -1.0052   2.782044    -1.0128   2.781581    6.95687    -0.0784    13.8155 0.0000e+00  -61.37650  -54.01283 1155024148 220.335070    34.3883      77954         12  0.000e+00
    199.980    -1.0055   2.782083    -1.0111   2.781570    6.95686    -0.0784    13.8155 0.0000e+00  -61.37650  -54.01283 1155024148 220.335070    34.3892      77955         12  0.000e+00
    199.942    -1.0063   2.782123    -1.0085   2.781570    6.95690    -0.0784    13.8155 0.0000e+00  -61.37650  -54.01283 1155024148 220.335071    34.3906      77956         12  0.000e+00
    199.913    -1.0063   2.782159    -1.0065   2.781570    6.96166    -0.0564    13.8155 0.0000e+00  -61.37650  -54.01283 1155024148 220.335071    34.3911      77957         12  0.000e+00
    199.942    -1.0064   2.782169    -1.0059   2.781587    6.95689    -0.0564    13.8155 0.0000e+00  -61.37650  -54.01283 1155024148 220.335072    34.3914      77958         12  0.000e+00
    199.942    -1.0067   2.782156    -1.0061   2.781634    6.95695    -0.1004    13.8155 0.0000e+00  -61.37650  -54.01283 1155024148 220.335072    34.3916      77959         12  0.000e+00
    199.980    -1.0064   2.782196    -1.0084   2.781651    6.96172    -0.0674    13.8155 0.0000e+00  -61.37650  -54.01283 1155024148 220.335073    34.3918      77960         12  0.000e+00
    199.875    -1.0064   2.782202    -1.0108   2.781668    6.95681    -0.0343    13.8155 0.0000e+00  -61.37650  -54.01283 1155024149 220.335073    34.3919      77961         12  0.000e+00
    199.913    -1.0055   2.782242    -1.0102   2.781755    6.95669    -0.0454    13.8155 0.0000e+00  -61.37650  -54.01283 1155024149 220.335074    34.3914      77962         12  0.000e+00
    199.942    -1.0059   2.782288    -1.0106   2.781819    6.95675    -0.0123    13.8155 0.0000e+00  -61.37650  -54.01283 1155024149 220.335074    34.3925      77963         12  0.000e+00
    199.875    -1.0055   2.782308    -1.0117   2.781854    6.95661    -0.0564    13.8155 0.0000e+00  -61.37650  -54.01283 1155024149 220.335075    34.3923      77964         12  0.000e+00
    199.846    -1.0053   2.782321    -1.0117   2.781877    6.96136    -0.0894    13.8155 0.0000e+00  -61.37650  -54.01283 1155024149 220.335075    34.3923      77965         12  0.000e+00
    199.942    -1.0047   2.782364    -1.0108   2.781866    6.96134     0.0097    13.8155 0.0000e+00  -61.37650  -54.01283 1155024149 220.335076    34.3922      77966         12  0.000e+00
    199.846    -1.0038   2.782370    -1.0096   2.781842    6.95630    -0.0013    13.8155 0.0000e+00  -61.37650  -54.01283 1155024149 220.335076    34.3912      77967         12  0.000e+00
    199.875    -1.0027   2.782420    -1.0102   2.781854    6.95614    -0.0784    13.8155 0.0000e+00  -61.37650  -54.01283 1155024149 220.335077    34.3907      77968         12  0.000e+00
    199.798    -1.0026   2.782423    -1.0124   2.781831    6.95605    -0.0564    13.8155 0.0000e+00  -61.37650  -54.01283 1155024149 220.335077    34.3906      77969         12  0.000e+00
    199.913    -1.0018   2.782413    -1.0109   2.781831    6.95605    -0.0233    13.8155 0.0000e+00  -61.37650  -54.01283 1155024149 220.335078    34.3895      77970         12  0.000e+00
    199.798    -1.0005   2.782453    -1.0111   2.781732    6.95574    -0.0123    13.8155 0.0000e+00  -61.37650  -54.01283 1155024149 220.335078    34.3887      77971         12  0.000e+00
    199.875    -1.0002   2.782476    -1.0117   2.781680    6.95575    -0.0343    13.8155 0.0000e+00  -61.37650  -54.01283 1155024149 220.335079    34.3886      77972         12  0.000e+00
    199.770    -1.0001   2.782469    -1.0114   2.781691    6.96044    -0.0894    13.8155 0.0000e+00  -61.37650  -54.01283 1155024149 220.335079    34.3884      77973         12  0.000e+00
    199.798    -1.0001   2.782476    -1.0125   2.781720    6.96047    -0.0674    13.8155 0.0000e+00  -61.37650  -54.01283 1155024149 220.335080    34.3885      77974         12  0.000e+00
    199.846    -0.9992   2.782512    -1.0137   2.781767    6.96036    -0.0454    13.8155 0.0000e+00  -61.37650  -54.01283 1155024149 220.335080    34.3879      77975         12  0.000e+00
    199.799    -0.9992   2.782545    -1.0136   2.781860    6.96029    -0.0454    13.8155 0.0000e+00  -61.37650  -54.01283 1155024149 220.335081    34.3884      77976         12  0.000e+00
    199.799    -0.9998   2.782598    -1.0124   2.781941    6.95554    -0.0343    13.8155 0.0000e+00  -61.37650  -54.01283 1155024149 220.335081    34.3898      77977         12  0.000e+00
    199.770    -0.9996   2.782601    -1.0119   2.782086    6.96029    -0.1114    13.8155 0.0000e+00  -61.37650  -54.01283 1155024149 220.335082    34.3897      77978         12  0.000e+00
    199.799    -0.9987   2.782644    -1.0113   2.782161    6.96016    -0.1335    13.8155 0.0000e+00  -61.37650  -54.01283 1155024149 220.335082    34.3892      77979         12  0.000e+00
    199.770    -0.9984   2.782661    -1.0073   2.782237    6.95527    -0.0454    13.8155 0.0000e+00  -61.37650  -54.01283 1155024149 220.335082    34.3891      77980         12  0.000e+00
    199.732    -0.9978   2.782647    -1.0055   2.782295    6.95516     0.0318    13.8155 0.0000e+00  -61.37650  -54.01283 1155024149 220.335083    34.3882      77981         12  0.000e+00
    199.799    -0.9971   2.782621    -1.0042   2.782330    6.95515    -0.0013    13.8155 0.0000e+00  -61.37650  -54.01283 1155024149 220.335083    34.3871      77982         12  0.000e+00
    199.703    -0.9973   2.782618    -1.0031   2.782353    6.95989    -0.0233    13.8155 0.0000e+00  -61.37650  -54.01283 1155024149 220.335084    34.3873      77983         12  0.000e+00
    199.732    -0.9973   2.782598    -1.0030   2.782399    6.95993    -0.0894    13.8155 0.0000e+00  -61.37650  -54.01283 1155024150 220.335084    34.3870      77984         12  0.000e+00
    199.770    -0.9971   2.782582    -1.0055   2.782399    6.95995    -0.1004    13.8155 0.0000e+00  -61.37650  -54.01283 1155024150 220.335085    34.3866      77985         12  0.000e+00
    199.732    -0.9973   2.782605    -1.0059   2.782393    6.95992    -0.0123    13.8155 0.0000e+00  -61.37650  -54.01283 1155024150 220.335085    34.3871      77986         12  0.000e+00
    149.950    -0.5663   2.816460    -0.5291   2.819274    6.73570    -0.1114    13.8155 0.0000e+00  -61.37650  -54.01283 1155024236 220.336087    34.3859      80064         13  0.000e+00
    149.883    -0.5681   2.816447    -0.5320   2.819327    6.73590    -0.1114    13.8155 0.0000e+00  -61.37650  -54.01283 1155024236 220.336088    34.3879      80065         13  0.000e+00
    149.874    -0.5697   2.816404    -0.5332   2.819443    6.73613    -0.0894    13.8155 0.0000e+00  -61.37650  -54.01283 1155024236 220.336088    34.3891      80066         13  0.000e+00
    149.807    -0.5708   2.816414    -0.5352   2.819496    6.73621    -0.0784    13.8155 0.0000e+00  -61.37650  -54.01283 1155024236 220.336089    34.3905      80067         13  0.000e+00
    149.950    -0.5704   2.816524    -0.5397   2.819583    6.73623    -0.1225    13.8155 0.0000e+00  -61.37650  -54.01283 1155024236 220.336089    34.3915      80068         13  0.000e+00
    149.807    -0.5718   2.816573    -0.5417   2.819589    6.73625    -0.1335    13.8155 0.0000e+00  -61.37650  -54.01283 1155024236 220.336090    34.3938      80069         13  0.000e+00
    149.874    -0.5709   2.816597    -0.5399   2.819618    6.73618    -0.1225    13.8155 0.0000e+00  -61.37650  -54.01283 1155024236 220.336090    34.3931      80070         13  0.000e+00
