product_data/regression_test/downloaded_data/MDGS/320620060703/ctd/p6621601.ros
* Sea-Bird SBE 9 Data File:
* FileName = D:\Data\Raw\p6621601.dat
* Software Version Seasave Win32 V 5.32
* Temperature SN = 1649
* Conductivity SN = 1431
* Number of Bytes Per Scan = 37
* Number of Voltage Words = 5
* Number of Scans Averaged by the Deck Unit = 1
* NMEA Latitude = 62 43.72 S
* NMEA Longitude = 062 05.85 W
* NMEA UTC (Time) = 10:21:54
** Ship:   Nathaniel B. Palmer 
** Cruise:    NBP0606 
# nquan = 17
# nvalues = 1176                    
# units = specified
# name 0 = prDM: Pressure, Digiquartz [db]
# name 1 = t090C: Temperature [ITS-90, deg C]
# name 2 = c0S/m: Conductivity [S/m]
# name 3 = t190C: Temperature, 2 [ITS-90, deg C]
# name 4 = c1S/m: Conductivity, 2 [S/m]
# name 5 = sbeox0ML/L: Oxygen, SBE 43 [ml/l]
# name 6 = flECO-AFL: Fluorescence, Wetlab ECO-AFL/FL [mg/m^3]
# name 7 = bat: Beam Attenuation, Chelsea/Seatech/Wetlab CStar [1/m]
# name 8 = spar: SPAR/Surface Irradiance
# name 9 = latitude: Latitude [deg]
# name 10 = longitude: Longitude [deg]
# name 11 = timeY: Time, System [seconds]
# name 12 = timeJ: Julian Days
# name 13 = sal00: Salinity [PSU]
# name 14 = scan: scan number
# name 15 = nbf: number of bottles fired
# name 16 = flag:  0.000e+00
# interval = seconds: 0.0416667                   
# start_time = Aug 01 2006 10:22:12
*END*
[from data line 1022]
      9.857    -0.9150   2.766362    -0.9151   2.766664    7.80256    -0.1445    13.8155 0.0000e+00  -62.72867  -62.09750 1154429948 213.457750    34.1905      53224         21  0.000e+00
      9.952    -0.9150   2.766382    -0.9147   2.766652    7.80265    -0.0454    13.8155 0.0000e+00  -62.72867  -62.09750 1154429948 213.457751    34.1907      53225         21  0.000e+00
      9.857    -0.9145   2.766418    -0.9149   2.766641    7.80245     0.0207    13.8155 0.0000e+00  -62.72867  -62.09750 1154429948 213.457751    34.1907      53226         21  0.000e+00
      9.924    -0.9148   2.766385    -0.9149   2.766664    7.80727    -0.1004    13.8155 0.0000e+00  -62.72867  -62.09750 1154429948 213.457752    34.1906      53227         21  0.000e+00
      9.886    -0.9150   2.766382    -0.9147   2.766687    7.80726    -0.0123    13.8155 0.0000e+00  -62.72867  -62.09750 1154429948 213.457752    34.1907      53228         21  0.000e+00
      9.857    -0.9151   2.766385    -0.9146   2.766641    7.80725     0.0097    13.8155 0.0000e+00  -62.72867  -62.09750 1154429948 213.457753    34.1910      53229         21  0.000e+00
      9.886    -0.9148   2.766356    -0.9149   2.766658    7.80725    -0.0454    13.8155 0.0000e+00  -62.72867  -62.09750 1154429948 213.457753    34.1902      53230         21  0.000e+00
      9.389    -0.9151   2.766369    -0.9147   2.766635    7.80207    -0.0784    13.8155 0.0000e+00  -62.72867  -62.09750 1154429953 213.457813    34.1910      53354         22  0.000e+00
      9.436    -0.9148   2.766346    -0.9144   2.766641    7.80209    -0.0564    13.8155 0.0000e+00  -62.72867  -62.09750 1154429953 213.457813    34.1903      53355         22  0.000e+00
      9.503    -0.9148   2.766356    -0.9146   2.766646    7.80216    -0.0674    13.8155 0.0000e+00  -62.72867  -62.09750 1154429953 213.457814    34.1905      53356         22  0.000e+00
      9.322    -0.9150   2.766352    -0.9144   2.766617    7.80198    -0.0784    13.8155 0.0000e+00  -62.72867  -62.09750 1154429953 213.457814    34.1907      53357         22  0.000e+00
      9.436    -0.9153   2.766359    -0.9147   2.766594    7.80215    -0.0123    13.8155 0.0000e+00  -62.72867  -62.09750 1154429953 213.457815    34.1911      53358         22  0.000e+00
      9.389    -0.9150   2.766352    -0.9146   2.766629    7.80206     0.0979    13.8155 0.0000e+00  -62.72867  -62.09750 1154429954 213.457815    34.1907      53359         22  0.000e+00
      9.293    -0.9150   2.766375    -0.9147   2.766664    7.80194     0.0868    13.8155 0.0000e+00  -62.72867  -62.09750 1154429954 213.457816    34.1910      53360         22  0.000e+00
      9.370    -0.9153   2.766365    -0.9148   2.766612    7.80208     0.0207    13.8155 0.0000e+00  -62.72867  -62.09750 1154429954 213.457816    34.1912      53361         22  0.000e+00
      9.322    -0.9151   2.766352    -0.9147   2.766629    7.80201    -0.0123    13.8155 0.0000e+00  -62.72867  -62.09750 1154429954 213.457817    34.1909      53362         22  0.000e+00
      9.370    -0.9150   2.766359    -0.9144   2.766606    7.80203    -0.0564    13.8155 0.0000e+00  -62.72867  -62.09750 1154429954 213.457817    34.1908      53363         22  0.000e+00
      9.293    -0.9151   2.766362    -0.9146   2.766629    7.80197    -0.0454    13.8155 0.0000e+00  -62.72867  -62.09750 1154429954 213.457818    34.1910      53364         22  0.000e+00
      9.255    -0.9145   2.766402    -0.9147   2.766641    7.80180     0.0097    13.8155 0.0000e+00  -62.72867  -62.09750 1154429954 213.457818    34.1909      53365         22  0.000e+00
      9.293    -0.9150   2.766375    -0.9148   2.766629    7.80194     0.0097    13.8155 0.0000e+00  -62.72867  -62.09750 1154429954 213.457819    34.1910      53366         22  0.000e+00
      9.255    -0.9145   2.766369    -0.9149   2.766635    7.80183    -0.0564    13.8155 0.0000e+00  -62.72867  -62.09750 1154429954 213.457819    34.1904      53367         22  0.000e+00
      9.227    -0.9143   2.766362    -0.9146   2.766641    7.80177    -0.0343    13.8155 0.0000e+00  -62.72867  -62.09750 1154429954 213.457820    34.1902      53368         22  0.000e+00
      9.293    -0.9146   2.766362    -0.9146   2.766658    7.80190    -0.0013    13.8155 0.0000e+00  -62.72867  -62.09750 1154429954 213.457820    34.1905      53369         22  0.000e+00
      9.179    -0.9148   2.766369    -0.9142   2.766629    7.80179    -0.0233    13.8155 0.0000e+00  -62.72867  -62.09750 1154429954 213.457821    34.1908      53370         22  0.000e+00
      9.226    -0.9146   2.766362    -0.9146   2.766641    7.80182     0.0097    13.8155 0.0000e+00  -62.72867  -62.09750 1154429954 213.457821    34.1905      53371         22  0.000e+00
      9.226    -0.9142   2.766362    -0.9147   2.766658    7.80175     0.0207    13.8155 0.0000e+00  -62.72867  -62.09750 1154429954 213.457822    34.1900      53372         22  0.000e+00
      9.255    -0.9150   2.766382    -0.9146   2.766670    7.80189    -0.0123    13.8155 0.0000e+00  -62.72867  -62.09750 1154429954 213.457822    34.1911      53373         22  0.000e+00
      9.160    -0.9146   2.766385    -0.9144   2.766646    7.80173    -0.0343    13.8155 0.0000e+00  -62.72867  -62.09750 1154429954 213.457823    34.1909      53374         22  0.000e+00
      9.255    -0.9148   2.766339    -0.9146   2.766623    7.80190    -0.0564    13.8155 0.0000e+00  -62.72867  -62.09750 1154429954 213.457823    34.1904      53375         22  0.000e+00
      9.160    -0.9151   2.766352    -0.9149   2.766623    7.80183    -0.0123    13.8155 0.0000e+00  -62.72867  -62.09750 1154429954 213.457824    34.1910      53376         22  0.000e+00
      9.226    -0.9145   2.766342    -0.9146   2.766635    7.80182     0.0207    13.8155 0.0000e+00  -62.72867  -62.09750 1154429954 213.457824    34.1901      53377         22  0.000e+00
      9.179    -0.9151   2.766346    -0.9147   2.766664    7.80186    -0.0013    13.8155 0.0000e+00  -62.72867  -62.09750 1154429954 213.457825    34.1909      53378         22  0.000e+00
      9.160    -0.9150   2.766339    -0.9147   2.766635    7.80182    -0.0343    13.8155 0.0000e+00  -62.72867  -62.09750 1154429954 213.457825    34.1906      53379         22  0.000e+00
      9.179    -0.9150   2.766319    -0.9145   2.766635    7.80185    -0.0564    13.8155 0.0000e+00  -62.72867  -62.09750 1154429954 213.457826    34.1903      53380         22  0.000e+00
      9.160    -0.9150   2.766355    -0.9149   2.766641    7.80181     0.0207    13.8155 0.0000e+00  -62.72867  -62.09750 1154429954 213.457826    34.1908      53381         22  0.000e+00
      9.226    -0.9148   2.766346    -0.9147   2.766641    7.80186     0.0428    13.8155 0.0000e+00  -62.72867  -62.09750 1154429954 213.457826    34.1905      53382         22  0.000e+00
      9.179    -0.9151   2.766309    -0.9147   2.766606    7.80188    -0.0233    13.8155 0.0000e+00  -62.72867  -62.09750 1154429955 213.457827    34.1904      53383         22  0.000e+00
      9.160    -0.9151   2.766313    -0.9146   2.766629    7.80186    -0.0343    13.8155 0.0000e+00  -62.72867  -62.09750 1154429955 213.457827    34.1904      53384         22  0.000e+00
      9.226    -0.9151   2.766316    -0.9149   2.766600    7.80193    -0.0233    13.8155 0.0000e+00  -62.72867  -62.09750 1154429955 213.457828    34.1904      53385         22  0.000e+00
      9.179    -0.9150   2.766339    -0.9146   2.766612    7.80184    -0.0013    13.8155 0.0000e+00  -62.72867  -62.09750 1154429955 213.457828    34.1906      53386         22  0.000e+00
      9.160    -0.9157   2.766323    -0.9152   2.766594    7.80195    -0.1114    13.8155 0.0000e+00  -62.72867  -62.09750 1154429955 213.457829    34.1913      53387         22  0.000e+00
      9.255    -0.9154   2.766306    -0.9152   2.766588    7.80202    -0.0454    13.8155 0.0000e+00  -62.72867  -62.09750 1154429955 213.457829    34.1906      53388         22  0.000e+00
      9.160    -0.9151   2.766313    -0.9153   2.766594    7.79718     0.0207    13.8155 0.0000e+00  -62.72867  -62.09750 1154429955 213.457830    34.1904      53389         22  0.000e+00
      9.226    -0.9151   2.766316    -0.9152   2.766588    7.80193     0.0538    13.8155 0.0000e+00  -62.72867  -62.09750 1154429955 213.457830    34.1904      53390         22  0.000e+00
      9.179    -0.9148   2.766290    -0.9155   2.766588    7.80185    -0.0343    13.8155 0.0000e+00  -62.72867  -62.09750 1154429955 213.457831    34.1898      53391         22  0.000e+00
      9.226    -0.9153   2.766342    -0.9156   2.766606    7.80194    -0.0233    13.8155 0.0000e+00  -62.72867  -62.09750 1154429955 213.457831    34.1910      53392         22  0.000e+00
      9.226    -0.9157   2.766342    -0.9156   2.766577    7.80201    -0.0784    13.8155 0.0000e+00  -62.72867  -62.09750 1154429955 213.457832    34.1915      53393         22  0.000e+00
      9.255    -0.9156   2.766329    -0.9160   2.766588    7.80202    -0.0784    13.8155 0.0000e+00  -62.72867  -62.09750 1154429955 213.457832    34.1911      53394         22  0.000e+00
      9.226    -0.9157   2.766316    -0.9155   2.766588    7.80203    -0.1004    13.8155 0.0000e+00  -62.72867  -62.09750 1154429955 213.457833    34.1911      53395         22  0.000e+00
      9.255    -0.9157   2.766323    -0.9157   2.766588    7.80205    -0.0233    13.8155 0.0000e+00  -62.72867  -62.09750 1154429955 213.457833    34.1912      53396         22  0.000e+00
      9.293    -0.9157   2.766336    -0.9156   2.766588    7.80209    -0.0454    13.8155 0.0000e+00  -62.72867  -62.09750 1154429955 213.457834    34.1914      53397         22  0.000e+00
      9.293    -0.9153   2.766339    -0.9152   2.766612    7.80201    -0.0564    13.8155 0.0000e+00  -62.72867  -62.09750 1154429955 213.457834    34.1909      53398         22  0.000e+00
      9.255    -0.9154   2.766329    -0.9153   2.766623    7.80200    -0.0674    13.8155 0.0000e+00  -62.72867  -62.09750 1154429955 213.457835    34.1909      53399         22  0.000e+00
      9.293    -0.9160   2.766303    -0.9153   2.766675    7.80215     0.0097    13.8155 0.0000e+00  -62.72867  -62.09750 1154429955 213.457835    34.1913      53400         22  0.000e+00
      9.293    -0.9159   2.766296    -0.9151   2.766641    7.80214     0.0097    13.8155 0.0000e+00  -62.72867  -62.09750 1154429955 213.457836    34.1910      53401         22  0.000e+00
      9.321    -0.9157   2.766300    -0.9149   2.766612    7.80214    -0.0564    13.8155 0.0000e+00  -62.72867  -62.09750 1154429955 213.457836    34.1909      53402         22  0.000e+00
      9.672    -0.9150   2.766369    -0.9143   2.766658    7.80235    -0.0454    13.8155 0.0000e+00  -62.72867  -62.09750 1154429961 213.457899    34.1907      53533         23  0.000e+00
      9.787    -0.9150   2.766362    -0.9141   2.766687    7.80248    -0.0343    13.8155 0.0000e+00  -62.72867  -62.09750 1154429961 213.457900    34.1905      53534         23  0.000e+00
      9.672    -0.9150   2.766379    -0.9146   2.766681    7.80235    -0.0564    13.8155 0.0000e+00  -62.72867  -62.09750 1154429961 213.457900    34.1908      53535         23  0.000e+00
      9.711    -0.9150   2.766405    -0.9143   2.766710    7.80237     0.0318    13.8155 0.0000e+00  -62.72867  -62.09750 1154429961 213.457901    34.1912      53536         23  0.000e+00
      9.711    -0.9146   2.766392    -0.9136   2.766664    7.80233     0.0538    13.8155 0.0000e+00  -62.72867  -62.09750 1154429961 213.457901    34.1906      53537         23  0.000e+00
      9.739    -0.9148   2.766398    -0.9145   2.766658    7.80238    -0.0784    13.8155 0.0000e+00  -62.72867  -62.09750 1154429961 213.457902    34.1909      53538         23  0.000e+00
      9.644    -0.9150   2.766411    -0.9146   2.766670    7.80229    -0.0343    13.8155 0.0000e+00  -62.72867  -62.09750 1154429961 213.457902    34.1913      53539         23  0.000e+00
      9.710    -0.9148   2.766392    -0.9146   2.766693    7.80235     0.0538    13.8155 0.0000e+00  -62.72867  -62.09750 1154429961 213.457903    34.1908      53540         23  0.000e+00
      9.739    -0.9145   2.766405    -0.9146   2.766693    7.80233    -0.0013    13.8155 0.0000e+00  -62.72867  -62.09750 1154429961 213.457903    34.1906      53541         23  0.000e+00
      9.644    -0.9146   2.766405    -0.9143   2.766693    7.80225     0.0207    13.8155 0.0000e+00  -62.72867  -62.09750 1154429961 213.457904    34.1908      53542         23  0.000e+00
      9.672    -0.9150   2.766438    -0.9143   2.766693    7.80230    -0.0123    13.8155 0.0000e+00  -62.72867  -62.09750 1154429961 213.457904    34.1916      53543         23  0.000e+00
      9.710    -0.9145   2.766421    -0.9143   2.766675    7.80228     0.0207    13.8155 0.0000e+00  -62.72867  -62.09750 1154429961 213.457905    34.1909      53544         23  0.000e+00
      9.710    -0.9146   2.766405    -0.9144   2.766652    7.80232    -0.0123    13.8155 0.0000e+00  -62.72867  -62.09750 1154429961 213.457905    34.1908      53545         23  0.000e+00
      9.672    -0.9142   2.766388    -0.9143   2.766681    7.80222     0.0097    13.8155 0.0000e+00  -62.72867  -62.09750 1154429961 213.457906    34.1901      53546         23  0.000e+00
      9.710    -0.9148   2.766441    -0.9143   2.766658    7.80231    -0.1004    13.8155 0.0000e+00  -62.72867  -62.09750 1154429961 213.457906    34.1915      53547         23  0.000e+00
      9.672    -0.9146   2.766418    -0.9143   2.766699    7.80227    -0.1445    13.8155 0.0000e+00  -62.72867  -62.09750 1154429961 213.457907    34.1910      53548         23  0.000e+00
      9.710    -0.9143   2.766412    -0.9146   2.766687    7.80226    -0.1004    13.8155 0.0000e+00  -62.72867  -62.09750 1154429961 213.457907    34.1905      53549         23  0.000e+00
      9.710    -0.9144   2.766425    -0.9147   2.766675    7.80226     0.0097    13.8155 0.0000e+00  -62.72867  -62.09750 1154429962 213.457908    34.1907      53550         23  0.000e+00
      9.672    -0.9148   2.766408    -0.9146   2.766664    7.79762     0.0207    13.8155 0.0000e+00  -62.72867  -62.09750 1154429962 213.457908    34.1911      53551         23  0.000e+00
      9.644    -0.9145   2.766444    -0.9147   2.766687    7.80219     0.0097    13.8155 0.0000e+00  -62.72867  -62.09750 1154429962 213.457908    34.1912      53552         23  0.000e+00
      9.710    -0.9140   2.766435    -0.9145   2.766670    7.80220     0.0428    13.8155 0.0000e+00  -62.72867  -62.09750 1154429962 213.457909    34.1905      53553         23  0.000e+00
      9.739    -0.9148   2.766428    -0.9146   2.766687    7.80235     0.0428    13.8155 0.0000e+00  -62.72867  -62.09750 1154429962 213.457909    34.1913      53554         23  0.000e+00
      9.644    -0.9146   2.766451    -0.9146   2.766699    7.80221    -0.0233    13.8155 0.0000e+00  -62.72867  -62.09750 1154429962 213.457910    34.1915      53555         23  0.000e+00
      9.739    -0.9143   2.766435    -0.9143   2.766670    7.80228    -0.1004    13.8155 0.0000e+00  -62.72867  -62.09750 1154429962 213.457910    34.1908      53556         23  0.000e+00
      9.644    -0.9148   2.766435    -0.9141   2.766670    7.80225     0.0428    13.8155 0.0000e+00  -62.72867  -62.09750 1154429962 213.457911    34.1915      53557         23  0.000e+00
      9.710    -0.9146   2.766428    -0.9143   2.766687    7.79762     0.0318    13.8155 0.0000e+00  -62.72867  -62.09750 1154429962 213.457911    34.1911      53558         23  0.000e+00
      9.739    -0.9145   2.766461    -0.9143   2.766675    7.79760     0.0318    13.8155 0.0000e+00  -62.72867  -62.09750 1154429962 213.457912    34.1914      53559         23  0.000e+00
      9.710    -0.9140   2.766444    -0.9146   2.766652    7.79751    -0.0013    13.8155 0.0000e+00  -62.72867  -62.09750 1154429962 213.457912    34.1906      53560         23  0.000e+00
