product_data/regression_test/downloaded_data/MDGS/320620060703/ctd/p6623701.ros
* Sea-Bird SBE 9 Data File:
* FileName = D:\Data\Raw\p6623701.dat
* Software Version Seasave Win32 V 5.32
* Temperature SN = 1649
* Conductivity SN = 1431
* Number of Bytes Per Scan = 37
* Number of Voltage Words = 5
* Number of Scans Averaged by the Deck Unit = 1
* NMEA Latitude = 61 34.60 S
* NMEA Longitude = 053 44.05 W
* NMEA UTC (Time) = 23:14:43
** Ship:   Nathaniel B. Palmer 
** Cruise:    NBP0606 
# nquan = 17
# nvalues = 1175                    
# units = specified
# name 0 = prDM: Pressure, Digiquartz [db]
# name 1 = t090C: Temperature [ITS-90, deg C]
# name 2 = c0S/m: Conductivity [S/m]
# name 3 = t190C: Temperature, 2 [ITS-90, deg C]
# name 4 = c1S/m: Conductivity, 2 [S/m]
# name 5 = sbeox0ML/L: Oxygen, SBE 43 [ml/l]
# name 6 = flECO-AFL: Fluorescence, Wetlab ECO-AFL/FL [mg/m^3]
# name 7 = bat: Beam Attenuation, Chelsea/Seatech/Wetlab CStar [1/m]
# name 8 = spar: SPAR/Surface Irradiance
# name 9 = latitude: Latitude [deg]
# name 10 = longitude: Longitude [deg]
# name 11 = timeY: Time, System [seconds]
# name 12 = timeJ: Julian Days
# name 13 = sal00: Salinity [PSU]
# name 14 = scan: scan number
# name 15 = nbf: number of bottles fired
# name 16 = flag:  0.000e+00
# interval = seconds: 0.0416667                   
# start_time = Aug 07 2006 23:16:20
*END*
[from data line 937]
     25.101    -1.6862   2.708015    -1.6850   2.708267    7.43558     0.0538    13.8155 0.0000e+00  -61.57667  -53.73417 1154994485 219.991742    34.2610      45758         20  0.000e+00
     25.034    -1.6868   2.708037    -1.6843   2.708358    7.43559     0.0318    13.8155 0.0000e+00  -61.57667  -53.73417 1154994485 219.991743    34.2621      45759         20  0.000e+00
     25.158    -1.6861   2.708106    -1.6840   2.708387    7.43555    -0.0564    13.8155 0.0000e+00  -61.57667  -53.73417 1154994485 219.991743    34.2621      45760         20  0.000e+00
     25.101    -1.6847   2.708210    -1.6834   2.708422    7.43520    -0.0343    13.8155 0.0000e+00  -61.57667  -53.73417 1154994485 219.991744    34.2620      45761         20  0.000e+00
     25.101    -1.6836   2.708318    -1.6834   2.708416    7.43018     0.0097    13.8155 0.0000e+00  -61.57667  -53.73417 1154994485 219.991744    34.2622      45762         20  0.000e+00
     25.091    -1.6830   2.708331    -1.6838   2.708410    7.43007     0.0318    13.8155 0.0000e+00  -61.57667  -53.73417 1154994485 219.991745    34.2617      45763         20  0.000e+00
     25.101    -1.6827   2.708308    -1.6834   2.708427    7.43005    -0.0784    13.8155 0.0000e+00  -61.57667  -53.73417 1154994485 219.991745    34.2610      45764         20  0.000e+00
     25.158    -1.6831   2.708285    -1.6818   2.708491    7.43498    -0.0343    13.8155 0.0000e+00  -61.57667  -53.73417 1154994485 219.991746    34.2612      45765         20  0.000e+00
     25.101    -1.6827   2.708331    -1.6814   2.708514    7.43482     0.0097    13.8155 0.0000e+00  -61.57667  -53.73417 1154994485 219.991746    34.2614      45766         20  0.000e+00
     25.101    -1.6828   2.708364    -1.6815   2.708496    7.43482    -0.0123    13.8155 0.0000e+00  -61.57667  -53.73417 1154994485 219.991747    34.2620      45767         20  0.000e+00
     25.158    -1.6822   2.708350    -1.6817   2.708508    7.43479    -0.0123    13.8155 0.0000e+00  -61.57667  -53.73417 1154994485 219.991747    34.2611      45768         20  0.000e+00
     25.101    -1.6821   2.708347    -1.6818   2.708531    7.43471    -0.0233    13.8155 0.0000e+00  -61.57667  -53.73417 1154994485 219.991748    34.2609      45769         20  0.000e+00
     25.101    -1.6816   2.708396    -1.6815   2.708559    7.43461     0.0097    13.8155 0.0000e+00  -61.57667  -53.73417 1154994485 219.991748    34.2610      45770         20  0.000e+00
     25.092    -1.6814   2.708396    -1.6814   2.708588    7.43457     0.0097    13.8155 0.0000e+00  -61.57667  -53.73417 1154994485 219.991749    34.2608      45771         20  0.000e+00
     25.101    -1.6821   2.708357    -1.6808   2.708628    7.43470    -0.0564    13.8155 0.0000e+00  -61.57667  -53.73417 1154994486 219.991749    34.2610      45772         20  0.000e+00
     25.101    -1.6818   2.708380    -1.6805   2.708646    7.43464    -0.1004    13.8155 0.0000e+00  -61.57667  -53.73417 1154994486 219.991750    34.2610      45773         20  0.000e+00
     25.092    -1.6816   2.708406    -1.6800   2.708703    7.43459    -0.0564    13.8155 0.0000e+00  -61.57667  -53.73417 1154994486 219.991750    34.2612      45774         20  0.000e+00
     25.101    -1.6814   2.708412    -1.6802   2.708703    7.43457    -0.0564    13.8155 0.0000e+00  -61.57667  -53.73417 1154994486 219.991751    34.2610      45775         20  0.000e+00
     25.101    -1.6817   2.708412    -1.6808   2.708663    7.43462    -0.0784    13.8155 0.0000e+00  -61.57667  -53.73417 1154994486 219.991751    34.2614      45776         20  0.000e+00
     25.092    -1.6816   2.708380    -1.6811   2.708628    7.43461    -0.0564    13.8155 0.0000e+00  -61.57667  -53.73417 1154994486 219.991752    34.2608      45777         20  0.000e+00
     25.101    -1.6821   2.708386    -1.6818   2.708600    7.43468     0.0097    13.8155 0.0000e+00  -61.57667  -53.73417 1154994486 219.991752    34.2614      45778         20  0.000e+00
     25.092    -1.6819   2.708393    -1.6821   2.708577    7.43464    -0.0123    13.8155 0.0000e+00  -61.57667  -53.73417 1154994486 219.991753    34.2613      45779         20  0.000e+00
     25.101    -1.6822   2.708373    -1.6825   2.708525    7.43472    -0.0343    13.8155 0.0000e+00  -61.57667  -53.73417 1154994486 219.991753    34.2614      45780         20  0.000e+00
     25.101    -1.6815   2.708435    -1.6818   2.708531    7.43456    -0.0564    13.8155 0.0000e+00  -61.57667  -53.73417 1154994486 219.991753    34.2614      45781         20  0.000e+00
     25.158    -1.6813   2.708438    -1.6825   2.708519    7.43459    -0.0343    13.8155 0.0000e+00  -61.57667  -53.73417 1154994486 219.991754    34.2612      45782         20  0.000e+00
     25.101    -1.6814   2.708386    -1.6832   2.708531    7.42981    -0.0343    13.8155 0.0000e+00  -61.57667  -53.73417 1154994486 219.991754    34.2607      45783         20  0.000e+00
     25.101    -1.6819   2.708419    -1.6828   2.708542    7.43463    -0.1225    13.8155 0.0000e+00  -61.57667  -53.73417 1154994486 219.991755    34.2617      45784         20  0.000e+00
     25.092    -1.6804   2.708582    -1.6817   2.708617    7.43428    -0.0564    13.8155 0.0000e+00  -61.57667  -53.73417 1154994486 219.991755    34.2622      45785         20  0.000e+00
     25.101    -1.6780   2.708761    -1.6796   2.708801    7.43380    -0.0013    13.8155 0.0000e+00  -61.57667  -53.73417 1154994486 219.991756    34.2620      45786         20  0.000e+00
     25.101    -1.6762   2.708836    -1.6777   2.708967    7.43347     0.0318    13.8155 0.0000e+00  -61.57667  -53.73417 1154994486 219.991756    34.2609      45787         20  0.000e+00
     25.159    -1.6761   2.708833    -1.6762   2.709082    7.43351     0.0538    13.8155 0.0000e+00  -61.57667  -53.73417 1154994486 219.991757    34.2607      45788         20  0.000e+00
     25.101    -1.6758   2.708892    -1.6753   2.709151    7.43337    -0.0343    13.8155 0.0000e+00  -61.57667  -53.73417 1154994486 219.991757    34.2612      45789         20  0.000e+00
     25.035    -1.6748   2.708914    -1.6759   2.709186    7.43313    -0.0784    13.8155 0.0000e+00  -61.57667  -53.73417 1154994486 219.991758    34.2604      45790         20  0.000e+00
     25.092    -1.6747   2.708931    -1.6760   2.709151    7.43794    -0.0343    13.8155 0.0000e+00  -61.57667  -53.73417 1154994486 219.991758    34.2605      45791         20  0.000e+00
     25.101    -1.6744   2.708950    -1.6762   2.709100    7.43311    -0.0123    13.8155 0.0000e+00  -61.57667  -53.73417 1154994486 219.991759    34.2604      45792         20  0.000e+00
     25.092    -1.6749   2.708859    -1.6765   2.709088    7.43324    -0.0123    13.8155 0.0000e+00  -61.57667  -53.73417 1154994486 219.991759    34.2597      45793         20  0.000e+00
     25.101    -1.6764   2.708794    -1.6765   2.709048    7.43352    -0.0674    13.8155 0.0000e+00  -61.57667  -53.73417 1154994486 219.991760    34.2605      45794         20  0.000e+00
     25.101    -1.6765   2.708764    -1.6765   2.709013    7.43835    -0.0564    13.8155 0.0000e+00  -61.57667  -53.73417 1154994487 219.991760    34.2603      45795         20  0.000e+00
     25.092    -1.6767   2.708843    -1.6770   2.709025    7.43353     0.0758    13.8155 0.0000e+00  -61.57667  -53.73417 1154994487 219.991761    34.2616      45796         20  0.000e+00
     25.102    -1.6764   2.708791    -1.6766   2.709013    7.43832     0.0097    13.8155 0.0000e+00  -61.57667  -53.73417 1154994487 219.991761    34.2605      45797         20  0.000e+00
     25.102    -1.6779   2.708680    -1.6773   2.708990    7.43384    -0.0343    13.8155 0.0000e+00  -61.57667  -53.73417 1154994487 219.991762    34.2607      45798         20  0.000e+00
     25.092    -1.6788   2.708618    -1.6785   2.708881    7.43402    -0.0674    13.8155 0.0000e+00  -61.57667  -53.73417 1154994487 219.991762    34.2609      45799         20  0.000e+00
     25.102    -1.6791   2.708608    -1.6796   2.708755    7.43408     0.0207    13.8155 0.0000e+00  -61.57667  -53.73417 1154994487 219.991763    34.2611      45800         20  0.000e+00
      9.793    -1.6822   2.707639    -1.6788   2.708096    7.44324    -0.0123    13.8155 0.0000e+00  -61.57667  -53.73417 1154994544 219.992427    34.2610      47178         21  0.000e+00
      9.765    -1.6816   2.707711    -1.6794   2.708130    7.44307    -0.1225    13.8155 0.0000e+00  -61.57667  -53.73417 1154994544 219.992428    34.2613      47179         21  0.000e+00
      9.793    -1.6802   2.707812    -1.6791   2.708148    7.44281    -0.1004    13.8155 0.0000e+00  -61.57667  -53.73417 1154994544 219.992428    34.2611      47180         21  0.000e+00
      9.765    -1.6788   2.707955    -1.6785   2.708148    7.44247    -0.0564    13.8155 0.0000e+00  -61.57667  -53.73417 1154994544 219.992429    34.2615      47181         21  0.000e+00
      9.765    -1.6776   2.708027    -1.6783   2.708148    7.44223    -0.0123    13.8155 0.0000e+00  -61.57667  -53.73417 1154994544 219.992429    34.2611      47182         21  0.000e+00
      9.794    -1.6778   2.708020    -1.6776   2.708222    7.44230    -0.0343    13.8155 0.0000e+00  -61.57667  -53.73417 1154994544 219.992430    34.2612      47183         21  0.000e+00
      9.765    -1.6778   2.707998    -1.6770   2.708251    7.44228    -0.0784    13.8155 0.0000e+00  -61.57667  -53.73417 1154994544 219.992430    34.2609      47184         21  0.000e+00
      9.765    -1.6774   2.708011    -1.6765   2.708308    7.44222    -0.0013    13.8155 0.0000e+00  -61.57667  -53.73417 1154994544 219.992431    34.2607      47185         21  0.000e+00
      9.794    -1.6774   2.708033    -1.6762   2.708349    7.44223     0.0097    13.8155 0.0000e+00  -61.57667  -53.73417 1154994544 219.992431    34.2610      47186         21  0.000e+00
      9.765    -1.6775   2.708053    -1.6765   2.708297    7.44219     0.0318    13.8155 0.0000e+00  -61.57667  -53.73417 1154994545 219.992432    34.2613      47187         21  0.000e+00
      9.794    -1.6774   2.708092    -1.6774   2.708257    7.44219     0.0758    13.8155 0.0000e+00  -61.57667  -53.73417 1154994545 219.992432    34.2618      47188         21  0.000e+00
      9.765    -1.6764   2.708135    -1.6770   2.708234    7.44197     0.1419    13.8155 0.0000e+00  -61.57667  -53.73417 1154994545 219.992432    34.2612      47189         21  0.000e+00
      9.765    -1.6754   2.708180    -1.6769   2.708228    7.44179     0.1309    13.8155 0.0000e+00  -61.57667  -53.73417 1154994545 219.992433    34.2607      47190         21  0.000e+00
      9.794    -1.6750   2.708239    -1.6767   2.708262    7.44172     0.0538    13.8155 0.0000e+00  -61.57667  -53.73417 1154994545 219.992433    34.2611      47191         21  0.000e+00
      9.765    -1.6751   2.708255    -1.6768   2.708280    7.44170    -0.0564    13.8155 0.0000e+00  -61.57667  -53.73417 1154994545 219.992434    34.2614      47192         21  0.000e+00
      9.765    -1.6748   2.708255    -1.6769   2.708280    7.44165    -0.1114    13.8155 0.0000e+00  -61.57667  -53.73417 1154994545 219.992434    34.2611      47193         21  0.000e+00
      9.717    -1.6744   2.708288    -1.6760   2.708331    7.44151    -0.0343    13.8155 0.0000e+00  -61.57667  -53.73417 1154994545 219.992435    34.2610      47194         21  0.000e+00
      9.765    -1.6743   2.708301    -1.6765   2.708354    7.44153    -0.0343    13.8155 0.0000e+00  -61.57667  -53.73417 1154994545 219.992435    34.2611      47195         21  0.000e+00
      9.794    -1.6744   2.708265    -1.6773   2.708216    7.44160    -0.0784    13.8155 0.0000e+00  -61.57667  -53.73417 1154994545 219.992436    34.2607      47196         21  0.000e+00
      9.765    -1.6750   2.708154    -1.6759   2.708159    7.44175    -0.0343    13.8155 0.0000e+00  -61.57667  -53.73417 1154994545 219.992436    34.2599      47197         21  0.000e+00
      9.765    -1.6762   2.708060    -1.6747   2.708285    7.44200    -0.1004    13.8155 0.0000e+00  -61.57667  -53.73417 1154994545 219.992437    34.2600      47198         21  0.000e+00
      9.794    -1.6764   2.708102    -1.6748   2.708383    7.44202    -0.0894    13.8155 0.0000e+00  -61.57667  -53.73417 1154994545 219.992437    34.2607      47199         21  0.000e+00
      9.765    -1.6762   2.708174    -1.6794   2.708171    7.44192    -0.0784    13.8155 0.0000e+00  -61.57667  -53.73417 1154994545 219.992438    34.2615      47200         21  0.000e+00
      9.794    -1.6756   2.708190    -1.6832   2.707705    7.44184    -0.0784    13.8155 0.0000e+00  -61.57667  -53.73417 1154994545 219.992438    34.2611      47201         21  0.000e+00
      9.765    -1.6758   2.708206    -1.6866   2.707297    7.44183    -0.0564    13.8155 0.0000e+00  -61.57667  -53.73417 1154994545 219.992439    34.2615      47202         21  0.000e+00
      9.765    -1.6756   2.708131    -1.6893   2.707050    7.44186    -0.0564    13.8155 0.0000e+00  -61.57667  -53.73417 1154994545 219.992439    34.2603      47203         21  0.000e+00
      9.794    -1.6764   2.707988    -1.6913   2.706884    7.44687    -0.0454    13.8155 0.0000e+00  -61.57667  -53.73417 1154994545 219.992440    34.2591      47204         21  0.000e+00
      9.765    -1.6776   2.707851    -1.6922   2.706809    7.44713    -0.0013    13.8155 0.0000e+00  -61.57667  -53.73417 1154994545 219.992440    34.2586      47205         21  0.000e+00
      9.765    -1.6787   2.707802    -1.6898   2.706953    7.44256     0.0868    13.8155 0.0000e+00  -61.57667  -53.73417 1154994546 219.992441    34.2592      47206         21  0.000e+00
      9.718    -1.6824   2.707567    -1.6901   2.707079    7.44324     0.0538    13.8155 0.0000e+00  -61.57667  -53.73417 1154994546 219.992441    34.2602      47207         21  0.000e+00
      9.832    -1.6831   2.707261    -1.6910   2.706987    7.44847     0.0097    13.8155 0.0000e+00  -61.57667  -53.73417 1154994546 219.992442    34.2568      47208         21  0.000e+00
      9.718    -1.6879   2.706876    -1.6915   2.706872    7.44935     0.0207    13.8155 0.0000e+00  -61.57667  -53.73417 1154994546 219.992442    34.2570      47209         21  0.000e+00
      9.765    -1.6928   2.706707    -1.6919   2.706832    7.45027     0.0207    13.8155 0.0000e+00  -61.57667  -53.73417 1154994546 219.992443    34.2603      47210         21  0.000e+00
      9.765    -1.6934   2.706766    -1.6916   2.706878    7.45032    -0.0123    13.8155 0.0000e+00  -61.57667  -53.73417 1154994546 219.992443    34.2618      47211         21  0.000e+00
      9.794    -1.6927   2.706876    -1.6916   2.706901    7.45016     0.0318    13.8155 0.0000e+00  -61.57667  -53.73417 1154994546 219.992444    34.2625      47212         21  0.000e+00
      9.765    -1.6930   2.706788    -1.6911   2.706976    7.44546     0.0648    13.8155 0.0000e+00  -61.57667  -53.73417 1154994546 219.992444    34.2616      47213         21  0.000e+00
      9.765    -1.6934   2.706896    -1.6863   2.707240    7.45023     0.0538    13.8155 0.0000e+00  -61.57667  -53.73417 1154994546 219.992445    34.2637      47214         21  0.000e+00
      9.718    -1.6885   2.707258    -1.6818   2.707648    7.44917    -0.0343    13.8155 0.0000e+00  -61.57667  -53.73417 1154994546 219.992445    34.2630      47215         21  0.000e+00
      9.765    -1.6821   2.707558    -1.6808   2.707855    7.44802     0.0097    13.8155 0.0000e+00  -61.57667  -53.73417 1154994546 219.992446    34.2597      47216         21  0.000e+00
      9.794    -1.6808   2.707574    -1.6818   2.707866    7.44308     0.0097    13.8155 0.0000e+00  -61.57667  -53.73417 1154994546 219.992446    34.2585      47217         21  0.000e+00
      9.765    -1.6844   2.707346    -1.6814   2.707843    7.44853    -0.0564    13.8155 0.0000e+00  -61.57667  -53.73417 1154994546 219.992446    34.2594      47218         21  0.000e+00
