product_data/regression_test/downloaded_data/MDGS/320620060703/ctd/p6621403.ros
* Sea-Bird SBE 9 Data File:
* FileName = D:\Data\Raw\p6621403.dat
* Software Version Seasave Win32 V 5.32
* Temperature SN = 1649
* Conductivity SN = 1431
* Number of Bytes Per Scan = 37
* Number of Voltage Words = 5
* Number of Scans Averaged by the Deck Unit = 1
* NMEA Latitude = 63 12.75 S
* NMEA Longitude = 061 12.97 W
* NMEA UTC (Time) = 03:08:04
** Ship:   Nathaniel B. Palmer 
** Cruise:    NBP0606 
# nquan = 17
# nvalues = 1176                    
# units = specified
# name 0 = prDM: Pressure, Digiquartz [db]
# name 1 = t090C: Temperature [ITS-90, deg C]
# name 2 = c0S/m: Conductivity [S/m]
# name 3 = t190C: Temperature, 2 [ITS-90, deg C]
# name 4 = c1S/m: Conductivity, 2 [S/m]
# name 5 = sbeox0ML/L: Oxygen, SBE 43 [ml/l]
# name 6 = flECO-AFL: Fluorescence, Wetlab ECO-AFL/FL [mg/m^3]
# name 7 = bat: Beam Attenuation, Chelsea/Seatech/Wetlab CStar [1/m]
# name 8 = spar: SPAR/Surface Irradiance
# name 9 = latitude: Latitude [deg]
# name 10 = longitude: Longitude [deg]
# name 11 = timeY: Time, System [seconds]
# name 12 = timeJ: Julian Days
# name 13 = sal00: Salinity [PSU]
# name 14 = scan: scan number
# name 15 = nbf: number of bottles fired
# name 16 = flag:  0.000e+00
# interval = seconds: 0.0416667                   
# start_time = Aug 01 2006 03:08:17
*END*
[from data line 511]
    199.903    -0.0511   2.862984    -0.0513   2.863217    6.31339    -0.0674    13.8155 0.0000e+00  -63.21250  -61.21617 1154404786 213.166521    34.3956      74170         11  0.000e+00
    199.865    -0.0521   2.862951    -0.0509   2.863211    6.31350    -0.1004    13.8155 0.0000e+00  -63.21250  -61.21617 1154404786 213.166521    34.3962      74171         11  0.000e+00
    199.932    -0.0521   2.862884    -0.0505   2.863199    6.31359    -0.1225    13.8155 0.0000e+00  -63.21250  -61.21617 1154404786 213.166522    34.3953      74172         11  0.000e+00
    199.836    -0.0521   2.862847    -0.0506   2.863217    6.31353    -0.1114    13.8155 0.0000e+00  -63.21250  -61.21617 1154404786 213.166522    34.3949      74173         11  0.000e+00
    199.932    -0.0522   2.862830    -0.0507   2.863187    6.31364    -0.1114    13.8155 0.0000e+00  -63.21250  -61.21617 1154404786 213.166522    34.3947      74174         11  0.000e+00
    199.865    -0.0514   2.862824    -0.0509   2.863193    6.31349    -0.1004    13.8155 0.0000e+00  -63.21250  -61.21617 1154404786 213.166523    34.3938      74175         11  0.000e+00
    199.836    -0.0513   2.862854    -0.0510   2.863199    6.31343    -0.1555    13.8155 0.0000e+00  -63.21250  -61.21617 1154404786 213.166523    34.3941      74176         11  0.000e+00
    199.865    -0.0513   2.862837    -0.0507   2.863176    6.31346    -0.1004    13.8155 0.0000e+00  -63.21250  -61.21617 1154404786 213.166524    34.3938      74177         11  0.000e+00
    199.836    -0.0518   2.862787    -0.0505   2.863158    6.31352    -0.1004    13.8155 0.0000e+00  -63.21250  -61.21617 1154404787 213.166524    34.3937      74178         11  0.000e+00
    199.865    -0.0513   2.862814    -0.0506   2.863164    6.31348    -0.1225    13.8155 0.0000e+00  -63.21250  -61.21617 1154404787 213.166525    34.3935      74179         11  0.000e+00
    199.789    -0.0519   2.862837    -0.0501   2.863187    6.31347    -0.1335    13.8155 0.0000e+00  -63.21250  -61.21617 1154404787 213.166525    34.3946      74180         11  0.000e+00
    199.836    -0.0519   2.862844    -0.0504   2.863181    6.31351    -0.1445    13.8155 0.0000e+00  -63.21250  -61.21617 1154404787 213.166526    34.3947      74181         11  0.000e+00
    199.865    -0.0514   2.862814    -0.0501   2.863146    6.31349    -0.1555    13.8155 0.0000e+00  -63.21250  -61.21617 1154404787 213.166526    34.3937      74182         11  0.000e+00
    199.789    -0.0516   2.862784    -0.0502   2.863181    6.31347    -0.0564    13.8155 0.0000e+00  -63.21250  -61.21617 1154404787 213.166527    34.3935      74183         11  0.000e+00
    199.836    -0.0518   2.862794    -0.0506   2.863228    6.31822    -0.0564    13.8155 0.0000e+00  -63.21250  -61.21617 1154404787 213.166527    34.3938      74184         11  0.000e+00
    199.789    -0.0514   2.862820    -0.0509   2.863205    6.31812    -0.0784    13.8155 0.0000e+00  -63.21250  -61.21617 1154404787 213.166528    34.3938      74185         11  0.000e+00
    199.760    -0.0513   2.862857    -0.0504   2.863199    6.31805    -0.1225    13.8155 0.0000e+00  -63.21250  -61.21617 1154404787 213.166528    34.3942      74186         11  0.000e+00
    199.789    -0.0514   2.862780    -0.0509   2.863176    6.31814    -0.1335    13.8155 0.0000e+00  -63.21250  -61.21617 1154404787 213.166529    34.3933      74187         11  0.000e+00
    199.789    -0.0518   2.862774    -0.0510   2.863176    6.31349    -0.0564    13.8155 0.0000e+00  -63.21250  -61.21617 1154404787 213.166529    34.3936      74188         11  0.000e+00
    199.836    -0.0522   2.862810    -0.0504   2.863146    6.31826    -0.0784    13.8155 0.0000e+00  -63.21250  -61.21617 1154404787 213.166530    34.3945      74189         11  0.000e+00
    199.722    -0.0518   2.862787    -0.0512   2.863181    6.31812    -0.1114    13.8155 0.0000e+00  -63.21250  -61.21617 1154404787 213.166530    34.3938      74190         11  0.000e+00
    199.789    -0.0521   2.862797    -0.0513   2.863146    6.31821    -0.1004    13.8155 0.0000e+00  -63.21250  -61.21617 1154404787 213.166531    34.3942      74191         11  0.000e+00
    199.760    -0.0510   2.862850    -0.0511   2.863134    6.31802    -0.1004    13.8155 0.0000e+00  -63.21250  -61.21617 1154404787 213.166531    34.3937      74192         11  0.000e+00
    199.722    -0.0511   2.862847    -0.0513   2.863123    6.31800    -0.0784    13.8155 0.0000e+00  -63.21250  -61.21617 1154404787 213.166532    34.3939      74193         11  0.000e+00
    199.789    -0.0510   2.862884    -0.0515   2.863064    6.31802    -0.0784    13.8155 0.0000e+00  -63.21250  -61.21617 1154404787 213.166532    34.3942      74194         11  0.000e+00
    199.760    -0.0511   2.862874    -0.0518   2.863076    6.31802    -0.0674    13.8155 0.0000e+00  -63.21250  -61.21617 1154404787 213.166533    34.3942      74195         11  0.000e+00
    199.722    -0.0514   2.862837    -0.0523   2.863070    6.31805    -0.0784    13.8155 0.0000e+00  -63.21250  -61.21617 1154404787 213.166533    34.3941      74196         11  0.000e+00
    199.760    -0.0511   2.862857    -0.0523   2.863017    6.31803    -0.1114    13.8155 0.0000e+00  -63.21250  -61.21617 1154404787 213.166534    34.3940      74197         11  0.000e+00
    150.403    -0.3488   2.831913    -0.3419   2.832939    6.61722    -0.0784    13.8155 0.0000e+00  -63.21250  -61.21617 1154404871 213.167501    34.3470      76204         12  0.000e+00
    150.470    -0.3487   2.831910    -0.3423   2.832956    6.61726    -0.0233    13.8155 0.0000e+00  -63.21250  -61.21617 1154404871 213.167502    34.3467      76205         12  0.000e+00
    150.403    -0.3490   2.831910    -0.3430   2.832945    6.61724    -0.0343    13.8155 0.0000e+00  -63.21250  -61.21617 1154404871 213.167502    34.3471      76206         12  0.000e+00
    150.413    -0.3494   2.831926    -0.3431   2.832939    6.61729    -0.0454    13.8155 0.0000e+00  -63.21250  -61.21617 1154404871 213.167503    34.3478      76207         12  0.000e+00
    150.470    -0.3493   2.831943    -0.3426   2.832939    6.61732     0.0318    13.8155 0.0000e+00  -63.21250  -61.21617 1154404871 213.167503    34.3479      76208         12  0.000e+00
    150.403    -0.3496   2.831986    -0.3410   2.832956    6.61728    -0.0343    13.8155 0.0000e+00  -63.21250  -61.21617 1154404871 213.167504    34.3489      76209         12  0.000e+00
    150.403    -0.3483   2.831999    -0.3412   2.833009    6.61710    -0.0343    13.8155 0.0000e+00  -63.21250  -61.21617 1154404871 213.167504    34.3476      76210         12  0.000e+00
    150.403    -0.3483   2.832049    -0.3423   2.832997    6.61706    -0.0784    13.8155 0.0000e+00  -63.21250  -61.21617 1154404871 213.167505    34.3482      76211         12  0.000e+00
    150.480    -0.3474   2.832086    -0.3425   2.832974    6.61700    -0.1114    13.8155 0.0000e+00  -63.21250  -61.21617 1154404871 213.167505    34.3477      76212         12  0.000e+00
    150.403    -0.3473   2.832039    -0.3409   2.832985    6.61693    -0.0564    13.8155 0.0000e+00  -63.21250  -61.21617 1154404871 213.167506    34.3469      76213         12  0.000e+00
    150.470    -0.3468   2.832023    -0.3403   2.833015    6.62164    -0.0123    13.8155 0.0000e+00  -63.21250  -61.21617 1154404871 213.167506    34.3461      76214         12  0.000e+00
    150.403    -0.3478   2.831963    -0.3400   2.833044    6.61705    -0.1004    13.8155 0.0000e+00  -63.21250  -61.21617 1154404871 213.167507    34.3465      76215         12  0.000e+00
    150.413    -0.3485   2.831900    -0.3392   2.833067    6.62189    -0.1335    13.8155 0.0000e+00  -63.21250  -61.21617 1154404871 213.167507    34.3465      76216         12  0.000e+00
    150.546    -0.3488   2.831853    -0.3376   2.833178    6.62209    -0.1114    13.8155 0.0000e+00  -63.21250  -61.21617 1154404871 213.167508    34.3461      76217         12  0.000e+00
    150.403    -0.3494   2.831807    -0.3367   2.833248    6.61736    -0.0343    13.8155 0.0000e+00  -63.21250  -61.21617 1154404872 213.167508    34.3463      76218         12  0.000e+00
    150.470    -0.3501   2.831760    -0.3366   2.833260    6.61755    -0.0343    13.8155 0.0000e+00  -63.21250  -61.21617 1154404872 213.167509    34.3464      76219         12  0.000e+00
    150.470    -0.3511   2.831750    -0.3366   2.833260    6.62239    -0.1996    13.8155 0.0000e+00  -63.21250  -61.21617 1154404872 213.167509    34.3474      76220         12  0.000e+00
    150.480    -0.3510   2.831740    -0.3367   2.833260    6.61768    -0.1335    13.8155 0.0000e+00  -63.21250  -61.21617 1154404872 213.167510    34.3471      76221         12  0.000e+00
    150.470    -0.3515   2.831680    -0.3380   2.833237    6.61777    -0.1004    13.8155 0.0000e+00  -63.21250  -61.21617 1154404872 213.167510    34.3468      76222         12  0.000e+00
    150.403    -0.3529   2.831624    -0.3382   2.833213    6.61794    -0.1445    13.8155 0.0000e+00  -63.21250  -61.21617 1154404872 213.167511    34.3478      76223         12  0.000e+00
    150.470    -0.3533   2.831647    -0.3381   2.833184    6.61804    -0.1335    13.8155 0.0000e+00  -63.21250  -61.21617 1154404872 213.167511    34.3485      76224         12  0.000e+00
    150.470    -0.3532   2.831640    -0.3380   2.833225    6.61802    -0.1445    13.8155 0.0000e+00  -63.21250  -61.21617 1154404872 213.167512    34.3482      76225         12  0.000e+00
    150.413    -0.3525   2.831687    -0.3381   2.833231    6.61785    -0.1004    13.8155 0.0000e+00  -63.21250  -61.21617 1154404872 213.167512    34.3481      76226         12  0.000e+00
    150.403    -0.3522   2.831714    -0.3381   2.833237    6.61779    -0.0674    13.8155 0.0000e+00  -63.21250  -61.21617 1154404872 213.167513    34.3482      76227         12  0.000e+00
    150.470    -0.3516   2.831777    -0.3379   2.833190    6.61773    -0.0674    13.8155 0.0000e+00  -63.21250  -61.21617 1154404872 213.167513    34.3483      76228         12  0.000e+00
    150.403    -0.3513   2.831797    -0.3394   2.833161    6.62232    -0.1114    13.8155 0.0000e+00  -63.21250  -61.21617 1154404872 213.167514    34.3483      76229         12  0.000e+00
    150.403    -0.3501   2.831863    -0.3412   2.833096    6.61742    -0.1775    13.8155 0.0000e+00  -63.21250  -61.21617 1154404872 213.167514    34.3478      76230         12  0.000e+00
    150.336    -0.3490   2.831936    -0.3426   2.833050    6.62186    -0.1004    13.8155 0.0000e+00  -63.21250  -61.21617 1154404872 213.167514    34.3475      76231         12  0.000e+00
    150.403    -0.3487   2.831956    -0.3430   2.833067    6.62187    -0.0123    13.8155 0.0000e+00  -63.21250  -61.21617 1154404872 213.167515    34.3474      76232         12  0.000e+00
    150.403    -0.3471   2.831936    -0.3425   2.833026    6.62167    -0.0123    13.8155 0.0000e+00  -63.21250  -61.21617 1154404872 213.167515    34.3454      76233         12  0.000e+00
    150.336    -0.3480   2.831820    -0.3433   2.832980    6.61710    -0.0343    13.8155 0.0000e+00  -63.21250  -61.21617 1154404872 213.167516    34.3448      76234         12  0.000e+00
    150.336    -0.3510   2.831757    -0.3455   2.832904    6.61754    -0.1225    13.8155 0.0000e+00  -63.21250  -61.21617 1154404872 213.167516    34.3474      76235         12  0.000e+00
    150.403    -0.3533   2.831700    -0.3463   2.832851    6.61795    -0.0784    13.8155 0.0000e+00  -63.21250  -61.21617 1154404872 213.167517    34.3492      76236         12  0.000e+00
    150.336    -0.3542   2.831647    -0.3452   2.832787    6.61804    -0.1004    13.8155 0.0000e+00  -63.21250  -61.21617 1154404872 213.167517    34.3496      76237         12  0.000e+00
    150.336    -0.3540   2.831637    -0.3456   2.832723    6.62272    -0.1004    13.8155 0.0000e+00  -63.21250  -61.21617 1154404872 213.167518    34.3492      76238         12  0.000e+00
    150.336    -0.3539   2.831670    -0.3453   2.832693    6.62269    -0.0784    13.8155 0.0000e+00  -63.21250  -61.21617 1154404872 213.167518    34.3496      76239         12  0.000e+00
    150.336    -0.3533   2.831707    -0.3453   2.832618    6.62258    -0.0894    13.8155 0.0000e+00  -63.21250  -61.21617 1154404872 213.167519    34.3493      76240         12  0.000e+00
    150.336    -0.3515   2.831757    -0.3453   2.832594    6.62230    -0.0674    13.8155 0.0000e+00  -63.21250  -61.21617 1154404872 213.167519    34.3479      76241         12  0.000e+00
    150.336    -0.3500   2.831807    -0.3455   2.832524    6.62208    -0.0343    13.8155 0.0000e+00  -63.21250  -61.21617 1154404873 213.167520    34.3469      76242         12  0.000e+00
    150.403    -0.3488   2.831820    -0.3466   2.832454    6.62197    -0.0233    13.8155 0.0000e+00  -63.21250  -61.21617 1154404873 213.167520    34.3458      76243         12  0.000e+00
    150.336    -0.3507   2.831734    -0.3473   2.832366    6.62221    -0.1225    13.8155 0.0000e+00  -63.21250  -61.21617 1154404873 213.167521    34.3467      76244         12  0.000e+00
    150.336    -0.3511   2.831687    -0.3485   2.832349    6.62230    -0.0123    13.8155 0.0000e+00  -63.21250  -61.21617 1154404873 213.167521    34.3466      76245         12  0.000e+00
    150.337    -0.3505   2.831640    -0.3489   2.832285    6.62224     0.0097    13.8155 0.0000e+00  -63.21250  -61.21617 1154404873 213.167522    34.3452      76246         12  0.000e+00
    150.337    -0.3511   2.831667    -0.3485   2.832267    6.62231    -0.0784    13.8155 0.0000e+00  -63.21250  -61.21617 1154404873 213.167522    34.3464      76247         12  0.000e+00
    150.337    -0.3524   2.831700    -0.3495   2.832203    6.62246    -0.0674    13.8155 0.0000e+00  -63.21250  -61.21617 1154404873 213.167523    34.3482      76248         12  0.000e+00
    150.337    -0.3521   2.831773    -0.3521   2.832109    6.62238    -0.0454    13.8155 0.0000e+00  -63.21250  -61.21617 1154404873 213.167523    34.3489      76249         12  0.000e+00
    150.337    -0.3506   2.831813    -0.3520   2.831998    6.62215    -0.0674    13.8155 0.0000e+00  -63.21250  -61.21617 1154404873 213.167524    34.3477      76250         12  0.000e+00
    150.337    -0.3501   2.831800    -0.3524   2.831993    6.61739    -0.1225    13.8155 0.0000e+00  -63.21250  -61.21617 1154404873 213.167524    34.3469      76251         12  0.000e+00
    150.337    -0.3496   2.831753    -0.3525   2.831981    6.62206    -0.1996    13.8155 0.0000e+00  -63.21250  -61.21617 1154404873 213.167525    34.3458      76252         12  0.000e+00
     99.640    -1.0443   2.766812    -1.1393   2.759351    7.24618    -0.0343    13.8155 0.0000e+00  -63.21250  -61.21617 1154404943 213.168331    34.2877      77925         13  0.000e+00
     99.707    -1.0503   2.766841    -1.1225   2.759339    7.24711    -0.0564    13.8155 0.0000e+00  -63.21250  -61.21617 1154404943 213.168332    34.2949      77926         13  0.000e+00
     99.640    -1.0612   2.766279    -1.0894   2.759432    7.24903    -0.0784    13.8155 0.0000e+00  -63.21250  -61.21617 1154404943 213.168332    34.2998      77927         13  0.000e+00
     99.707    -1.0672   2.765548    -1.0904   2.759652    7.24572    -0.0564    13.8155 0.0000e+00  -63.21250  -61.21617 1154404943 213.168333    34.2966      77928         13  0.000e+00
     99.497    -1.0848   2.765035    -1.1116   2.759721    7.24844    -0.0674    13.8155 0.0000e+00  -63.21250  -61.21617 1154404943 213.168333    34.3098      77929         13  0.000e+00
     99.564    -1.1005   2.764858    -1.1315   2.759438    7.24618    -0.0784    13.8155 0.0000e+00  -63.21250  -61.21617 1154404943 213.168334    34.3253      77930         13  0.000e+00
     99.640    -1.0983   2.765137    -1.1472   2.759045    7.24574    -0.0343    13.8155 0.0000e+00  -63.21250  -61.21617 1154404943 213.168334    34.3265      77931         13  0.000e+00
