product_data/regression_test/downloaded_data/MDGS/320620060703/ctd/p6621403.ros
* Sea-Bird SBE 9 Data File:
* FileName = D:\Data\Raw\p6621403.dat
* Software Version Seasave Win32 V 5.32
* Temperature SN = 1649
* Conductivity SN = 1431
* Number of Bytes Per Scan = 37
* Number of Voltage Words = 5
* Number of Scans Averaged by the Deck Unit = 1
* NMEA Latitude = 63 12.75 S
* NMEA Longitude = 061 12.97 W
* NMEA UTC (Time) = 03:08:04
** Ship:   Nathaniel B. Palmer 
** Cruise:    NBP0606 
# nquan = 17
# nvalues = 1176                    
# units = specified
# name 0 = prDM: Pressure, Digiquartz [db]
# name 1 = t090C: Temperature [ITS-90, deg C]
# name 2 = c0S/m: Conductivity [S/m]
# name 3 = t190C: Temperature, 2 [ITS-90, deg C]
# name 4 = c1S/m: Conductivity, 2 [S/m]
# name 5 = sbeox0ML/L: Oxygen, SBE 43 [ml/l]
# name 6 = flECO-AFL: Fluorescence, Wetlab ECO-AFL/FL [mg/m^3]
# name 7 = bat: Beam Attenuation, Chelsea/Seatech/Wetlab CStar [1/m]
# name 8 = spar: SPAR/Surface Irradiance
# name 9 = latitude: Latitude [deg]
# name 10 = longitude: Longitude [deg]
# name 11 = timeY: Time, System [seconds]
# name 12 = timeJ: Julian Days
# name 13 = sal00: Salinity [PSU]
# name 14 = scan: scan number
# name 15 = nbf: number of bottles fired
# name 16 = flag:  0.000e+00
# interval = seconds: 0.0416667                   
# start_time = Aug 01 2006 03:08:17
*END*
[from data line 766]
     10.307    -1.1704   2.746350    -1.1699   2.746642    7.74944    -0.0343    13.8155 0.0000e+00  -63.21250  -61.21617 1154405108 213.170251    34.2078      81905         16  0.000e+00
     10.231    -1.1702   2.746333    -1.1699   2.746619    7.75406    -0.1004    13.8155 0.0000e+00  -63.21250  -61.21617 1154405109 213.170251    34.2075      81906         16  0.000e+00
     10.259    -1.1699   2.746333    -1.1699   2.746613    7.74933    -0.0784    13.8155 0.0000e+00  -63.21250  -61.21617 1154405109 213.170252    34.2071      81907         16  0.000e+00
     10.307    -1.1696   2.746336    -1.1697   2.746630    7.75404     0.0318    13.8155 0.0000e+00  -63.21250  -61.21617 1154405109 213.170252    34.2068      81908         16  0.000e+00
     10.259    -1.1699   2.746310    -1.1697   2.746619    7.74935     0.0758    13.8155 0.0000e+00  -63.21250  -61.21617 1154405109 213.170253    34.2068      81909         16  0.000e+00
     10.231    -1.1696   2.746310    -1.1700   2.746613    7.74927     0.0538    13.8155 0.0000e+00  -63.21250  -61.21617 1154405109 213.170253    34.2065      81910         16  0.000e+00
     10.231    -1.1694   2.746336    -1.1694   2.746613    7.75864     0.0097    13.8155 0.0000e+00  -63.21250  -61.21617 1154405109 213.170254    34.2066      81911         16  0.000e+00
     10.192    -1.1701   2.746336    -1.1697   2.746613    7.74928     0.0097    13.8155 0.0000e+00  -63.21250  -61.21617 1154405109 213.170254    34.2074      81912         16  0.000e+00
     10.231    -1.1693   2.746317    -1.1697   2.746613    7.75864     0.0097    13.8155 0.0000e+00  -63.21250  -61.21617 1154405109 213.170255    34.2062      81913         16  0.000e+00
     10.193    -1.1696   2.746304    -1.1697   2.746613    7.75394     0.0758    13.8155 0.0000e+00  -63.21250  -61.21617 1154405109 213.170255    34.2064      81914         16  0.000e+00
     10.164    -1.1695   2.746310    -1.1699   2.746630    7.75388    -0.0123    13.8155 0.0000e+00  -63.21250  -61.21617 1154405109 213.170256    34.2063      81915         16  0.000e+00
     10.097    -1.1698   2.746313    -1.1699   2.746596    7.74915    -0.0784    13.8155 0.0000e+00  -63.21250  -61.21617 1154405109 213.170256    34.2068      81916         16  0.000e+00
     10.193    -1.1699   2.746323    -1.1697   2.746602    7.75869    -0.0123    13.8155 0.0000e+00  -63.21250  -61.21617 1154405109 213.170257    34.2070      81917         16  0.000e+00
     10.097    -1.1701   2.746346    -1.1699   2.746630    7.74917    -0.0123    13.8155 0.0000e+00  -63.21250  -61.21617 1154405109 213.170257    34.2076      81918         16  0.000e+00
     10.116    -1.1698   2.746323    -1.1702   2.746619    7.75387    -0.0123    13.8155 0.0000e+00  -63.21250  -61.21617 1154405109 213.170258    34.2069      81919         16  0.000e+00
     10.097    -1.1695   2.746336    -1.1694   2.746607    7.74908    -0.0123    13.8155 0.0000e+00  -63.21250  -61.21617 1154405109 213.170258    34.2067      81920         16  0.000e+00
     10.097    -1.1702   2.746304    -1.1697   2.746607    7.75392    -0.0343    13.8155 0.0000e+00  -63.21250  -61.21617 1154405109 213.170258    34.2070      81921         16  0.000e+00
     10.116    -1.1699   2.746317    -1.1694   2.746630    7.75390    -0.0233    13.8155 0.0000e+00  -63.21250  -61.21617 1154405109 213.170259    34.2070      81922         16  0.000e+00
     10.232    -1.1688   2.746409    -1.1684   2.746729    7.74908    -0.1114    13.8155 0.0000e+00  -63.21250  -61.21617 1154405117 213.170349    34.2069      82108         17  0.000e+00
     10.051    -1.1685   2.746418    -1.1685   2.746746    7.74882    -0.1004    13.8155 0.0000e+00  -63.21250  -61.21617 1154405117 213.170349    34.2068      82109         17  0.000e+00
     10.165    -1.1688   2.746399    -1.1684   2.746717    7.74901    -0.1665    13.8155 0.0000e+00  -63.21250  -61.21617 1154405117 213.170350    34.2068      82110         17  0.000e+00
     10.327    -1.1682   2.746432    -1.1684   2.746694    7.75378    -0.0784    13.8155 0.0000e+00  -63.21250  -61.21617 1154405117 213.170350    34.2065      82111         17  0.000e+00
     10.232    -1.1692   2.746428    -1.1681   2.746729    7.74911    -0.0784    13.8155 0.0000e+00  -63.21250  -61.21617 1154405117 213.170351    34.2076      82112         17  0.000e+00
     10.232    -1.1682   2.746399    -1.1687   2.746723    7.74899    -0.0564    13.8155 0.0000e+00  -63.21250  -61.21617 1154405117 213.170351    34.2061      82113         17  0.000e+00
     10.327    -1.1690   2.746399    -1.1687   2.746752    7.74921     0.0097    13.8155 0.0000e+00  -63.21250  -61.21617 1154405117 213.170352    34.2069      82114         17  0.000e+00
     10.232    -1.1685   2.746425    -1.1685   2.746729    7.74901    -0.0674    13.8155 0.0000e+00  -63.21250  -61.21617 1154405117 213.170352    34.2067      82115         17  0.000e+00
     10.261    -1.1687   2.746441    -1.1679   2.746752    7.74906    -0.0784    13.8155 0.0000e+00  -63.21250  -61.21617 1154405117 213.170353    34.2072      82116         17  0.000e+00
     10.308    -1.1687   2.746445    -1.1682   2.746729    7.74911    -0.0343    13.8155 0.0000e+00  -63.21250  -61.21617 1154405117 213.170353    34.2072      82117         17  0.000e+00
     10.308    -1.1687   2.746422    -1.1684   2.746734    7.74913    -0.1004    13.8155 0.0000e+00  -63.21250  -61.21617 1154405117 213.170353    34.2069      82118         17  0.000e+00
     10.261    -1.1685   2.746435    -1.1685   2.746746    7.74904    -0.1225    13.8155 0.0000e+00  -63.21250  -61.21617 1154405117 213.170354    34.2069      82119         17  0.000e+00
     10.375    -1.1682   2.746428    -1.1685   2.746746    7.74912    -0.0564    13.8155 0.0000e+00  -63.21250  -61.21617 1154405117 213.170354    34.2064      82120         17  0.000e+00
     10.328    -1.1685   2.746432    -1.1682   2.746746    7.74911    -0.0343    13.8155 0.0000e+00  -63.21250  -61.21617 1154405117 213.170355    34.2068      82121         17  0.000e+00
     10.308    -1.1684   2.746425    -1.1690   2.746746    7.74908    -0.0454    13.8155 0.0000e+00  -63.21250  -61.21617 1154405118 213.170355    34.2066      82122         17  0.000e+00
     10.375    -1.1685   2.746415    -1.1682   2.746706    7.74918    -0.0564    13.8155 0.0000e+00  -63.21250  -61.21617 1154405118 213.170356    34.2066      82123         17  0.000e+00
     10.328    -1.1686   2.746422    -1.1685   2.746711    7.74913    -0.0343    13.8155 0.0000e+00  -63.21250  -61.21617 1154405118 213.170356    34.2068      82124         17  0.000e+00
     10.375    -1.1687   2.746425    -1.1685   2.746717    7.74920    -0.0343    13.8155 0.0000e+00  -63.21250  -61.21617 1154405118 213.170357    34.2069      82125         17  0.000e+00
     10.404    -1.1688   2.746432    -1.1685   2.746734    7.74925    -0.0123    13.8155 0.0000e+00  -63.21250  -61.21617 1154405118 213.170357    34.2071      82126         17  0.000e+00
     10.442    -1.1685   2.746425    -1.1684   2.746763    7.74924    -0.0233    13.8155 0.0000e+00  -63.21250  -61.21617 1154405118 213.170358    34.2066      82127         17  0.000e+00
     10.375    -1.1685   2.746438    -1.1685   2.746729    7.74916    -0.0564    13.8155 0.0000e+00  -63.21250  -61.21617 1154405118 213.170358    34.2069      82128         17  0.000e+00
     10.471    -1.1687   2.746422    -1.1685   2.746734    7.74930    -0.1004    13.8155 0.0000e+00  -63.21250  -61.21617 1154405118 213.170359    34.2068      82129         17  0.000e+00
     10.442    -1.1687   2.746435    -1.1685   2.746723    7.74926    -0.0784    13.8155 0.0000e+00  -63.21250  -61.21617 1154405118 213.170359    34.2070      82130         17  0.000e+00
     10.404    -1.1687   2.746428    -1.1687   2.746717    7.74923    -0.0343    13.8155 0.0000e+00  -63.21250  -61.21617 1154405118 213.170360    34.2069      82131         17  0.000e+00
     10.442    -1.1688   2.746415    -1.1684   2.746717    7.74930    -0.0013    13.8155 0.0000e+00  -63.21250  -61.21617 1154405118 213.170360    34.2069      82132         17  0.000e+00
     10.518    -1.1688   2.746422    -1.1682   2.746752    7.74937    -0.1225    13.8155 0.0000e+00  -63.21250  -61.21617 1154405118 213.170361    34.2069      82133         17  0.000e+00
     10.471    -1.1684   2.746432    -1.1684   2.746729    7.74925    -0.0894    13.8155 0.0000e+00  -63.21250  -61.21617 1154405118 213.170361    34.2066      82134         17  0.000e+00
     10.518    -1.1685   2.746425    -1.1687   2.746734    7.74932    -0.0013    13.8155 0.0000e+00  -63.21250  -61.21617 1154405118 213.170362    34.2066      82135         17  0.000e+00
     10.471    -1.1687   2.746438    -1.1684   2.746746    7.74929     0.0758    13.8155 0.0000e+00  -63.21250  -61.21617 1154405118 213.170362    34.2070      82136         17  0.000e+00
     10.518    -1.1692   2.746435    -1.1681   2.746746    7.74942     0.0648    13.8155 0.0000e+00  -63.21250  -61.21617 1154405118 213.170363    34.2075      82137         17  0.000e+00
     10.518    -1.1687   2.746458    -1.1684   2.746746    7.74462    -0.0343    13.8155 0.0000e+00  -63.21250  -61.21617 1154405118 213.170363    34.2072      82138         17  0.000e+00
     10.537    -1.1687   2.746435    -1.1687   2.746746    7.74936    -0.1335    13.8155 0.0000e+00  -63.21250  -61.21617 1154405118 213.170364    34.2069      82139         17  0.000e+00
     10.585    -1.1688   2.746415    -1.1682   2.746746    7.74474    -0.0343    13.8155 0.0000e+00  -63.21250  -61.21617 1154405118 213.170364    34.2068      82140         17  0.000e+00
     10.537    -1.1685   2.746422    -1.1685   2.746723    7.74935    -0.0123    13.8155 0.0000e+00  -63.21250  -61.21617 1154405118 213.170365    34.2065      82141         17  0.000e+00
     10.585    -1.1686   2.746438    -1.1681   2.746735    7.74940    -0.0233    13.8155 0.0000e+00  -63.21250  -61.21617 1154405118 213.170365    34.2068      82142         17  0.000e+00
     10.585    -1.1684   2.746435    -1.1685   2.746746    7.74937    -0.0123    13.8155 0.0000e+00  -63.21250  -61.21617 1154405118 213.170366    34.2065      82143         17  0.000e+00
     10.614    -1.1687   2.746425    -1.1684   2.746763    7.74945    -0.0784    13.8155 0.0000e+00  -63.21250  -61.21617 1154405118 213.170366    34.2067      82144         17  0.000e+00
     10.585    -1.1684   2.746448    -1.1687   2.746769    7.74465    -0.0123    13.8155 0.0000e+00  -63.21250  -61.21617 1154405119 213.170367    34.2067      82145         17  0.000e+00
     10.614    -1.1682   2.746464    -1.1685   2.746769    7.74935    -0.0233    13.8155 0.0000e+00  -63.21250  -61.21617 1154405119 213.170367    34.2067      82146         17  0.000e+00
     10.585    -1.1688   2.746435    -1.1681   2.746769    7.74944    -0.0123    13.8155 0.0000e+00  -63.21250  -61.21617 1154405119 213.170367    34.2071      82147         17  0.000e+00
     10.652    -1.1688   2.746415    -1.1682   2.746752    7.74953    -0.0123    13.8155 0.0000e+00  -63.21250  -61.21617 1154405119 213.170368    34.2067      82148         17  0.000e+00
     10.680    -1.1684   2.746422    -1.1682   2.746746    7.74948    -0.0784    13.8155 0.0000e+00  -63.21250  -61.21617 1154405119 213.170368    34.2063      82149         17  0.000e+00
     10.585    -1.1685   2.746425    -1.1684   2.746763    7.74468    -0.0454    13.8155 0.0000e+00  -63.21250  -61.21617 1154405119 213.170369    34.2066      82150         17  0.000e+00
     10.680    -1.1688   2.746432    -1.1681   2.746769    7.74482    -0.0894    13.8155 0.0000e+00  -63.21250  -61.21617 1154405119 213.170369    34.2069      82151         17  0.000e+00
     10.652    -1.1688   2.746441    -1.1681   2.746769    7.74951    -0.0784    13.8155 0.0000e+00  -63.21250  -61.21617 1154405119 213.170370    34.2071      82152         17  0.000e+00
     10.652    -1.1690   2.746428    -1.1678   2.746769    7.74954     0.0318    13.8155 0.0000e+00  -63.21250  -61.21617 1154405119 213.170370    34.2071      82153         17  0.000e+00
     10.680    -1.1690   2.746399    -1.1684   2.746787    7.74488    -0.0123    13.8155 0.0000e+00  -63.21250  -61.21617 1154405119 213.170371    34.2067      82154         17  0.000e+00
     10.652    -1.1692   2.746432    -1.1681   2.746775    7.74485    -0.0343    13.8155 0.0000e+00  -63.21250  -61.21617 1154405119 213.170371    34.2073      82155         17  0.000e+00
     10.680    -1.1687   2.746422    -1.1684   2.746763    7.74482     0.0538    13.8155 0.0000e+00  -63.21250  -61.21617 1154405119 213.170372    34.2066      82156         17  0.000e+00
     10.539    -1.1687   2.746432    -1.1685   2.746729    7.74466    -0.1114    13.8155 0.0000e+00  -63.21250  -61.21617 1154405125 213.170436    34.2069      82290         18  0.000e+00
     10.519    -1.1685   2.746425    -1.1684   2.746752    7.74461    -0.0674    13.8155 0.0000e+00  -63.21250  -61.21617 1154405125 213.170437    34.2066      82291         18  0.000e+00
     10.472    -1.1684   2.746438    -1.1687   2.746752    7.74453     0.0097    13.8155 0.0000e+00  -63.21250  -61.21617 1154405125 213.170437    34.2066      82292         18  0.000e+00
     10.519    -1.1693   2.746422    -1.1682   2.746746    7.74474     0.0538    13.8155 0.0000e+00  -63.21250  -61.21617 1154405125 213.170438    34.2074      82293         18  0.000e+00
     10.586    -1.1685   2.746435    -1.1688   2.746740    7.74468    -0.0564    13.8155 0.0000e+00  -63.21250  -61.21617 1154405125 213.170438    34.2067      82294         18  0.000e+00
     10.615    -1.1689   2.746445    -1.1687   2.746758    7.74477    -0.0674    13.8155 0.0000e+00  -63.21250  -61.21617 1154405125 213.170439    34.2073      82295         18  0.000e+00
     10.520    -1.1684   2.746435    -1.1684   2.746769    7.74458    -0.0674    13.8155 0.0000e+00  -63.21250  -61.21617 1154405125 213.170439    34.2066      82296         18  0.000e+00
     10.615    -1.1690   2.746425    -1.1682   2.746769    7.74479    -0.0343    13.8155 0.0000e+00  -63.21250  -61.21617 1154405125 213.170440    34.2071      82297         18  0.000e+00
     10.586    -1.1684   2.746474    -1.1682   2.746752    7.74463    -0.0564    13.8155 0.0000e+00  -63.21250  -61.21617 1154405125 213.170440    34.2071      82298         18  0.000e+00
     10.586    -1.1685   2.746481    -1.1684   2.746763    7.74465    -0.0564    13.8155 0.0000e+00  -63.21250  -61.21617 1154405125 213.170441    34.2073      82299         18  0.000e+00
     10.615    -1.1682   2.746471    -1.1685   2.746769    7.74464    -0.0454    13.8155 0.0000e+00  -63.21250  -61.21617 1154405125 213.170441    34.2068      82300         18  0.000e+00
     10.653    -1.1684   2.746458    -1.1682   2.746769    7.74471    -0.0784    13.8155 0.0000e+00  -63.21250  -61.21617 1154405125 213.170442    34.2068      82301         18  0.000e+00
     10.615    -1.1685   2.746481    -1.1688   2.746729    7.74468    -0.1004    13.8155 0.0000e+00  -63.21250  -61.21617 1154405125 213.170442    34.2073      82302         18  0.000e+00
     10.653    -1.1679   2.746471    -1.1685   2.746752    7.74463    -0.0454    13.8155 0.0000e+00  -63.21250  -61.21617 1154405125 213.170443    34.2064      82303         18  0.000e+00
     10.586    -1.1682   2.746458    -1.1681   2.746752    7.74460    -0.0343    13.8155 0.0000e+00  -63.21250  -61.21617 1154405125 213.170443    34.2066      82304         18  0.000e+00
     10.682    -1.1684   2.746448    -1.1687   2.746763    7.74475    -0.0894    13.8155 0.0000e+00  -63.21250  -61.21617 1154405125 213.170444    34.2066      82305         18  0.000e+00
     10.653    -1.1684   2.746445    -1.1687   2.746752    7.74472    -0.1445    13.8155 0.0000e+00  -63.21250  -61.21617 1154405125 213.170444    34.2066      82306         18  0.000e+00
     10.615    -1.1678   2.746455    -1.1687   2.746723    7.74458    -0.0454    13.8155 0.0000e+00  -63.21250  -61.21617 1154405125 213.170445    34.2061      82307         18  0.000e+00
