product_data/regression_test/downloaded_data/MDGS/320620060703/ctd/p6623001.ros
* Sea-Bird SBE 9 Data File:
* FileName = D:\Data\Raw\p6623001.dat
* Software Version Seasave Win32 V 5.32
* Temperature SN = 1649
* Conductivity SN = 1431
* Number of Bytes Per Scan = 37
* Number of Voltage Words = 5
* Number of Scans Averaged by the Deck Unit = 1
* NMEA Latitude = 61 58.14 S
* NMEA Longitude = 053 02.97 W
* NMEA UTC (Time) = 00:58:35
** Ship:   Nathaniel B. Palmer 
** Cruise:    NBP0606 
# nquan = 17
# nvalues = 1176                    
# units = specified
# name 0 = prDM: Pressure, Digiquartz [db]
# name 1 = t090C: Temperature [ITS-90, deg C]
# name 2 = c0S/m: Conductivity [S/m]
# name 3 = t190C: Temperature, 2 [ITS-90, deg C]
# name 4 = c1S/m: Conductivity, 2 [S/m]
# name 5 = sbeox0ML/L: Oxygen, SBE 43 [ml/l]
# name 6 = flECO-AFL: Fluorescence, Wetlab ECO-AFL/FL [mg/m^3]
# name 7 = bat: Beam Attenuation, Chelsea/Seatech/Wetlab CStar [1/m]
# name 8 = spar: SPAR/Surface Irradiance
# name 9 = latitude: Latitude [deg]
# name 10 = longitude: Longitude [deg]
# name 11 = timeY: Time, System [seconds]
# name 12 = timeJ: Julian Days
# name 13 = sal00: Salinity [PSU]
# name 14 = scan: scan number
# name 15 = nbf: number of bottles fired
# name 16 = flag:  0.000e+00
# interval = seconds: 0.0416667                   
# start_time = Aug 07 2006 01:00:00
*END*
[from data line 766]
    200.780    -1.7082   2.729210    -1.6853   2.730752    6.96694    -0.1225    13.8155 0.0000e+00  -61.96900  -53.04950 1154917467 219.100323    34.4693     121630         16  0.000e+00
    200.809    -1.7068   2.729033    -1.6980   2.730165    6.96199    -0.1665    13.8155 0.0000e+00  -61.96900  -53.04950 1154917467 219.100323    34.4652     121631         16  0.000e+00
    200.809    -1.7039   2.729252    -1.7162   2.728799    6.96631    -0.1335    13.8155 0.0000e+00  -61.96900  -53.04950 1154917467 219.100324    34.4649     121632         16  0.000e+00
    200.780    -1.6957   2.729900    -1.7297   2.727486    6.96467    -0.0894    13.8155 0.0000e+00  -61.96900  -53.04950 1154917467 219.100324    34.4644     121633         16  0.000e+00
    200.733    -1.6887   2.730338    -1.7369   2.726645    6.96332    -0.1445    13.8155 0.0000e+00  -61.96900  -53.04950 1154917467 219.100325    34.4624     121634         16  0.000e+00
    200.809    -1.6850   2.730600    -1.7406   2.726241    6.96268    -0.1445    13.8155 0.0000e+00  -61.96900  -53.04950 1154917467 219.100325    34.4617     121635         16  0.000e+00
    200.847    -1.6845   2.730790    -1.7420   2.726080    6.96252    -0.1996    13.8155 0.0000e+00  -61.96900  -53.04950 1154917467 219.100326    34.4638     121636         16  0.000e+00
    200.809    -1.6862   2.730750    -1.7442   2.725965    6.96276    -0.1996    13.8155 0.0000e+00  -61.96900  -53.04950 1154917467 219.100326    34.4652     121637         16  0.000e+00
    200.780    -1.6847   2.730773    -1.7465   2.725804    6.95761    -0.1775    13.8155 0.0000e+00  -61.96900  -53.04950 1154917467 219.100326    34.4638     121638         16  0.000e+00
    200.809    -1.6819   2.730606    -1.7475   2.725677    6.95734    -0.0343    13.8155 0.0000e+00  -61.96900  -53.04950 1154917467 219.100327    34.4582     121639         16  0.000e+00
    200.809    -1.6810   2.730446    -1.7474   2.725677    6.95732    -0.0013    13.8155 0.0000e+00  -61.96900  -53.04950 1154917467 219.100327    34.4549     121640         16  0.000e+00
    200.847    -1.6828   2.730318    -1.7493   2.725602    6.95771    -0.0564    13.8155 0.0000e+00  -61.96900  -53.04950 1154917467 219.100328    34.4552     121641         16  0.000e+00
    200.809    -1.6861   2.730037    -1.7504   2.725458    6.95832    -0.0564    13.8155 0.0000e+00  -61.96900  -53.04950 1154917467 219.100328    34.4551     121642         16  0.000e+00
    200.809    -1.6921   2.729690    -1.7505   2.725435    6.95942    -0.0123    13.8155 0.0000e+00  -61.96900  -53.04950 1154917467 219.100329    34.4572     121643         16  0.000e+00
    200.847    -1.6945   2.729703    -1.7496   2.725424    6.95980    -0.0233    13.8155 0.0000e+00  -61.96900  -53.04950 1154917468 219.100329    34.4602     121644         16  0.000e+00
    200.809    -1.6939   2.730014    -1.7507   2.725481    6.95947    -0.0233    13.8155 0.0000e+00  -61.96900  -53.04950 1154917468 219.100330    34.4639     121645         16  0.000e+00
    200.809    -1.6945   2.730227    -1.7511   2.725516    6.95941    -0.0674    13.8155 0.0000e+00  -61.96900  -53.04950 1154917468 219.100330    34.4675     121646         16  0.000e+00
    200.847    -1.6947   2.730263    -1.7505   2.725504    6.95456    -0.1445    13.8155 0.0000e+00  -61.96900  -53.04950 1154917468 219.100331    34.4682     121647         16  0.000e+00
    200.878    -1.7555   2.724665    -1.7482   2.725574    6.95730    -0.1665    13.8155 0.0000e+00  -61.96900  -53.04950 1154917471 219.100369    34.4607     121726         17  0.000e+00
    200.706    -1.7516   2.724900    -1.7380   2.725845    6.95642    -0.1665    13.8155 0.0000e+00  -61.96900  -53.04950 1154917471 219.100369    34.4596     121727         17  0.000e+00
    200.667    -1.7502   2.725004    -1.7282   2.726087    6.95611    -0.0894    13.8155 0.0000e+00  -61.96900  -53.04950 1154917471 219.100370    34.4594     121728         17  0.000e+00
    200.878    -1.7510   2.724946    -1.7306   2.726058    6.95647    -0.1114    13.8155 0.0000e+00  -61.96900  -53.04950 1154917471 219.100370    34.4594     121729         17  0.000e+00
    200.916    -1.7538   2.724929    -1.7380   2.725781    6.95692    -0.1004    13.8155 0.0000e+00  -61.96900  -53.04950 1154917471 219.100371    34.4624     121730         17  0.000e+00
    200.734    -1.7534   2.724982    -1.7441   2.725488    6.95666    -0.0894    13.8155 0.0000e+00  -61.96900  -53.04950 1154917471 219.100371    34.4629     121731         17  0.000e+00
    200.878    -1.7482   2.725106    -1.7474   2.725321    6.95596    -0.0343    13.8155 0.0000e+00  -61.96900  -53.04950 1154917471 219.100372    34.4585     121732         17  0.000e+00
    200.782    -1.7456   2.725031    -1.7470   2.725269    6.95555     0.0097    13.8155 0.0000e+00  -61.96900  -53.04950 1154917471 219.100372    34.4545     121733         17  0.000e+00
    200.811    -1.7482   2.724838    -1.7476   2.725229    6.95607     0.0097    13.8155 0.0000e+00  -61.96900  -53.04950 1154917471 219.100373    34.4547     121734         17  0.000e+00
    200.811    -1.7511   2.724697    -1.7486   2.725188    6.95659    -0.0343    13.8155 0.0000e+00  -61.96900  -53.04950 1154917471 219.100373    34.4562     121735         17  0.000e+00
    200.849    -1.7530   2.724625    -1.7478   2.725223    6.95694    -0.0674    13.8155 0.0000e+00  -61.96900  -53.04950 1154917471 219.100374    34.4573     121736         17  0.000e+00
    200.811    -1.7532   2.724622    -1.7482   2.725373    6.96183    -0.1445    13.8155 0.0000e+00  -61.96900  -53.04950 1154917471 219.100374    34.4575     121737         17  0.000e+00
    200.782    -1.7525   2.724648    -1.7474   2.725580    6.96170    -0.1335    13.8155 0.0000e+00  -61.96900  -53.04950 1154917471 219.100375    34.4572     121738         17  0.000e+00
    200.811    -1.7525   2.724717    -1.7423   2.725960    6.96168    -0.0894    13.8155 0.0000e+00  -61.96900  -53.04950 1154917471 219.100375    34.4581     121739         17  0.000e+00
    200.878    -1.7521   2.724736    -1.7363   2.726409    6.96166    -0.1004    13.8155 0.0000e+00  -61.96900  -53.04950 1154917471 219.100376    34.4578     121740         17  0.000e+00
    200.782    -1.7525   2.724642    -1.7305   2.726749    6.96169    -0.1114    13.8155 0.0000e+00  -61.96900  -53.04950 1154917472 219.100376    34.4570     121741         17  0.000e+00
    200.811    -1.7544   2.724557    -1.7306   2.726812    6.96205    -0.0784    13.8155 0.0000e+00  -61.96900  -53.04950 1154917472 219.100377    34.4580     121742         17  0.000e+00
    200.811    -1.7561   2.724478    -1.7314   2.726772    6.96235    -0.0674    13.8155 0.0000e+00  -61.96900  -53.04950 1154917472 219.100377    34.4589     121743         17  0.000e+00
    200.849    -1.7579   2.724338    -1.7280   2.726864    6.96275    -0.1004    13.8155 0.0000e+00  -61.96900  -53.04950 1154917472 219.100378    34.4590     121744         17  0.000e+00
    200.811    -1.7585   2.724236    -1.7268   2.727066    6.96287    -0.0454    13.8155 0.0000e+00  -61.96900  -53.04950 1154917472 219.100378    34.4583     121745         17  0.000e+00
    200.811    -1.7591   2.724194    -1.7234   2.727267    6.96298    -0.0343    13.8155 0.0000e+00  -61.96900  -53.04950 1154917472 219.100379    34.4584     121746         17  0.000e+00
    200.849    -1.7598   2.724194    -1.7181   2.727486    6.96311    -0.0343    13.8155 0.0000e+00  -61.96900  -53.04950 1154917472 219.100379    34.4592     121747         17  0.000e+00
    200.811    -1.7598   2.724289    -1.7179   2.727665    6.96301    -0.0784    13.8155 0.0000e+00  -61.96900  -53.04950 1154917472 219.100380    34.4605     121748         17  0.000e+00
    200.849    -1.7578   2.724390    -1.7181   2.727797    6.96269    -0.0784    13.8155 0.0000e+00  -61.96900  -53.04950 1154917472 219.100380    34.4596     121749         17  0.000e+00
    200.811    -1.7579   2.724459    -1.7175   2.727895    6.96263    -0.0123    13.8155 0.0000e+00  -61.96900  -53.04950 1154917472 219.100380    34.4607     121750         17  0.000e+00
    200.811    -1.7570   2.724514    -1.7207   2.727912    6.96246    -0.0013    13.8155 0.0000e+00  -61.96900  -53.04950 1154917472 219.100381    34.4604     121751         17  0.000e+00
    200.849    -1.7560   2.724566    -1.7225   2.727838    6.96232    -0.0894    13.8155 0.0000e+00  -61.96900  -53.04950 1154917472 219.100381    34.4600     121752         17  0.000e+00
    200.811    -1.7544   2.724632    -1.7244   2.727670    6.96200    -0.1445    13.8155 0.0000e+00  -61.96900  -53.04950 1154917472 219.100382    34.4590     121753         17  0.000e+00
    200.811    -1.7538   2.724704    -1.7222   2.727526    6.96676    -0.1004    13.8155 0.0000e+00  -61.96900  -53.04950 1154917472 219.100382    34.4593     121754         17  0.000e+00
    200.782    -1.7524   2.724749    -1.7196   2.727549    6.96650    -0.0343    13.8155 0.0000e+00  -61.96900  -53.04950 1154917472 219.100383    34.4584     121755         17  0.000e+00
    200.878    -1.7524   2.724779    -1.7129   2.727907    6.96658    -0.1225    13.8155 0.0000e+00  -61.96900  -53.04950 1154917472 219.100383    34.4587     121756         17  0.000e+00
    200.811    -1.7510   2.724799    -1.7006   2.728650    6.96630    -0.1665    13.8155 0.0000e+00  -61.96900  -53.04950 1154917472 219.100384    34.4574     121757         17  0.000e+00
    200.783    -1.7479   2.725021    -1.6964   2.729185    6.96567    -0.1886    13.8155 0.0000e+00  -61.96900  -53.04950 1154917472 219.100384    34.4569     121758         17  0.000e+00
    200.811    -1.7459   2.725155    -1.6972   2.729278    6.96533    -0.1225    13.8155 0.0000e+00  -61.96900  -53.04950 1154917472 219.100385    34.4565     121759         17  0.000e+00
    200.849    -1.7459   2.725174    -1.6946   2.729427    6.96535    -0.0784    13.8155 0.0000e+00  -61.96900  -53.04950 1154917472 219.100385    34.4568     121760         17  0.000e+00
    200.811    -1.7461   2.725214    -1.6927   2.729618    6.96531    -0.0343    13.8155 0.0000e+00  -61.96900  -53.04950 1154917472 219.100386    34.4575     121761         17  0.000e+00
    200.811    -1.7461   2.725237    -1.6913   2.729819    6.96530    -0.0784    13.8155 0.0000e+00  -61.96900  -53.04950 1154917472 219.100386    34.4578     121762         17  0.000e+00
    200.783    -1.7450   2.725299    -1.6911   2.729911    6.96507    -0.1225    13.8155 0.0000e+00  -61.96900  -53.04950 1154917472 219.100387    34.4575     121763         17  0.000e+00
    200.811    -1.7459   2.725423    -1.6919   2.729940    6.96515    -0.1335    13.8155 0.0000e+00  -61.96900  -53.04950 1154917473 219.100387    34.4602     121764         17  0.000e+00
    200.811    -1.7458   2.725449    -1.6937   2.729952    6.96511    -0.1445    13.8155 0.0000e+00  -61.96900  -53.04950 1154917473 219.100388    34.4604     121765         17  0.000e+00
    200.850    -1.7446   2.725472    -1.6945   2.729888    6.96497    -0.1225    13.8155 0.0000e+00  -61.96900  -53.04950 1154917473 219.100388    34.4594     121766         17  0.000e+00
    200.811    -1.7433   2.725348    -1.6931   2.729911    6.96972    -0.0674    13.8155 0.0000e+00  -61.96900  -53.04950 1154917473 219.100389    34.4562     121767         17  0.000e+00
    200.811    -1.7470   2.725462    -1.6889   2.730021    6.96528    -0.0343    13.8155 0.0000e+00  -61.96900  -53.04950 1154917473 219.100389    34.4620     121768         17  0.000e+00
    200.783    -1.7447   2.726031    -1.6874   2.730228    6.96943    -0.0564    13.8155 0.0000e+00  -61.96900  -53.04950 1154917473 219.100390    34.4673     121769         17  0.000e+00
    200.811    -1.7285   2.726793    -1.6879   2.730326    6.96662    -0.0784    13.8155 0.0000e+00  -61.96900  -53.04950 1154917473 219.100390    34.4592     121770         17  0.000e+00
    200.811    -1.7199   2.727188    -1.6873   2.730384    6.96511    -0.0343    13.8155 0.0000e+00  -61.96900  -53.04950 1154917473 219.100391    34.4547     121771         17  0.000e+00
    200.850    -1.7178   2.727286    -1.6864   2.730487    6.96477    -0.0123    13.8155 0.0000e+00  -61.96900  -53.04950 1154917473 219.100391    34.4535     121772         17  0.000e+00
    200.811    -1.7144   2.727564    -1.6860   2.730539    6.96406    -0.0343    13.8155 0.0000e+00  -61.96900  -53.04950 1154917473 219.100392    34.4535     121773         17  0.000e+00
    200.783    -1.7145   2.727980    -1.6850   2.730568    6.96378    -0.0784    13.8155 0.0000e+00  -61.96900  -53.04950 1154917473 219.100392    34.4595     121774         17  0.000e+00
    150.173    -1.7734   2.720469    -1.7729   2.720679    7.01589    -0.0343    13.8155 0.0000e+00  -61.96900  -53.04950 1154917548 219.101258    34.4555     123570         18  0.000e+00
    150.240    -1.7736   2.720456    -1.7731   2.720679    7.01598    -0.0233    13.8155 0.0000e+00  -61.96900  -53.04950 1154917548 219.101259    34.4554     123571         18  0.000e+00
    150.240    -1.7731   2.720452    -1.7730   2.720685    7.01591     0.0318    13.8155 0.0000e+00  -61.96900  -53.04950 1154917548 219.101259    34.4548     123572         18  0.000e+00
    150.106    -1.7736   2.720469    -1.7734   2.720662    7.01585    -0.0123    13.8155 0.0000e+00  -61.96900  -53.04950 1154917548 219.101260    34.4557     123573         18  0.000e+00
    150.173    -1.7734   2.720475    -1.7735   2.720668    7.01101    -0.0454    13.8155 0.0000e+00  -61.96900  -53.04950 1154917548 219.101260    34.4556     123574         18  0.000e+00
    150.240    -1.7731   2.720475    -1.7734   2.720679    7.01590    -0.0233    13.8155 0.0000e+00  -61.96900  -53.04950 1154917548 219.101261    34.4551     123575         18  0.000e+00
    150.106    -1.7733   2.720475    -1.7735   2.720662    7.01580    -0.0454    13.8155 0.0000e+00  -61.96900  -53.04950 1154917548 219.101261    34.4555     123576         18  0.000e+00
    150.183    -1.7737   2.720439    -1.7731   2.720668    7.01109    -0.1004    13.8155 0.0000e+00  -61.96900  -53.04950 1154917548 219.101262    34.4554     123577         18  0.000e+00
    150.173    -1.7731   2.720465    -1.7738   2.720679    7.00611    -0.0784    13.8155 0.0000e+00  -61.96900  -53.04950 1154917548 219.101262    34.4550     123578         18  0.000e+00
    150.106    -1.7734   2.720459    -1.7734   2.720662    7.01583    -0.0343    13.8155 0.0000e+00  -61.96900  -53.04950 1154917548 219.101263    34.4554     123579         18  0.000e+00
    150.240    -1.7736   2.720469    -1.7734   2.720668    7.01598    -0.0454    13.8155 0.0000e+00  -61.96900  -53.04950 1154917548 219.101263    34.4557     123580         18  0.000e+00
    150.173    -1.7736   2.720495    -1.7731   2.720697    7.01589    -0.0343    13.8155 0.0000e+00  -61.96900  -53.04950 1154917548 219.101264    34.4560     123581         18  0.000e+00
    150.183    -1.7737   2.720495    -1.7731   2.720668    7.01592    -0.0343    13.8155 0.0000e+00  -61.96900  -53.04950 1154917548 219.101264    34.4562     123582         18  0.000e+00
    150.173    -1.7735   2.720514    -1.7732   2.720668    7.01586    -0.0894    13.8155 0.0000e+00  -61.96900  -53.04950 1154917548 219.101264    34.4562     123583         18  0.000e+00
    150.240    -1.7730   2.720469    -1.7730   2.720656    7.01102    -0.0343    13.8155 0.0000e+00  -61.96900  -53.04950 1154917548 219.101265    34.4549     123584         18  0.000e+00
    150.173    -1.7734   2.720452    -1.7735   2.720656    7.01590    -0.0343    13.8155 0.0000e+00  -61.96900  -53.04950 1154917548 219.101265    34.4552     123585         18  0.000e+00
    150.250    -1.7733   2.720488    -1.7734   2.720656    7.01593    -0.1225    13.8155 0.0000e+00  -61.96900  -53.04950 1154917548 219.101266    34.4555     123586         18  0.000e+00
    150.240    -1.7736   2.720482    -1.7735   2.720668    7.01597    -0.1225    13.8155 0.0000e+00  -61.96900  -53.04950 1154917548 219.101266    34.4558     123587         18  0.000e+00
