product_data/regression_test/downloaded_data/MDGS/320620060703/ctd/p6623401.ros
* Sea-Bird SBE 9 Data File:
* FileName = D:\Data\Raw\p6623401.dat
* Software Version Seasave Win32 V 5.32
* Temperature SN = 1649
* Conductivity SN = 1431
* Number of Bytes Per Scan = 37
* Number of Voltage Words = 5
* Number of Scans Averaged by the Deck Unit = 1
* NMEA Latitude = 61 50.28 S
* NMEA Longitude = 053 16.58 W
* NMEA UTC (Time) = 13:14:47
** Ship:   Nathaniel B. Palmer 
** Cruise:    NBP0606 
# nquan = 17
# nvalues = 1176                    
# units = specified
# name 0 = prDM: Pressure, Digiquartz [db]
# name 1 = t090C: Temperature [ITS-90, deg C]
# name 2 = c0S/m: Conductivity [S/m]
# name 3 = t190C: Temperature, 2 [ITS-90, deg C]
# name 4 = c1S/m: Conductivity, 2 [S/m]
# name 5 = sbeox0ML/L: Oxygen, SBE 43 [ml/l]
# name 6 = flECO-AFL: Fluorescence, Wetlab ECO-AFL/FL [mg/m^3]
# name 7 = bat: Beam Attenuation, Chelsea/Seatech/Wetlab CStar [1/m]
# name 8 = spar: SPAR/Surface Irradiance
# name 9 = latitude: Latitude [deg]
# name 10 = longitude: Longitude [deg]
# name 11 = timeY: Time, System [seconds]
# name 12 = timeJ: Julian Days
# name 13 = sal00: Salinity [PSU]
# name 14 = scan: scan number
# name 15 = nbf: number of bottles fired
# name 16 = flag:  0.000e+00
# interval = seconds: 0.0416667                   
# start_time = Aug 07 2006 13:16:19
*END*
[from data line 681]
    200.720    -0.8937   2.793084    -0.8928   2.793251    6.86271    -0.1225    13.8155 8.7082e+02  -61.83800  -53.27633 1154957927 219.568623    34.4108      32401         14  0.000e+00
    200.749    -0.8939   2.793117    -0.8925   2.793303    6.86275    -0.1445    13.8155 8.7082e+02  -61.83800  -53.27633 1154957927 219.568623    34.4114      32402         14  0.000e+00
    200.749    -0.8941   2.793077    -0.8923   2.793303    6.86281    -0.0784    13.8155 8.7082e+02  -61.83800  -53.27633 1154957927 219.568624    34.4112      32403         14  0.000e+00
    200.787    -0.8937   2.793111    -0.8923   2.793303    6.86276    -0.0343    13.8155 8.7082e+02  -61.83800  -53.27633 1154957927 219.568624    34.4111      32404         14  0.000e+00
    200.749    -0.8939   2.793111    -0.8922   2.793297    6.86275    -0.1665    13.8155 8.7082e+02  -61.83800  -53.27633 1154957927 219.568625    34.4113      32405         14  0.000e+00
    150.721    -1.3219   2.749183    -1.2946   2.752284    7.19728    -0.0233    13.8155 8.6693e+02  -61.83800  -53.27633 1154958006 219.569536    34.3318      34295         15  0.000e+00
    150.712    -1.3233   2.749298    -1.2940   2.752255    7.19739     0.0207    13.8155 8.6693e+02  -61.83800  -53.27633 1154958006 219.569537    34.3348      34296         15  0.000e+00
    150.645    -1.3199   2.749758    -1.2916   2.752411    7.19652     0.0097    13.8155 8.6693e+02  -61.83800  -53.27633 1154958006 219.569537    34.3374      34297         15  0.000e+00
    150.712    -1.3168   2.749886    -1.2873   2.752752    7.19605    -0.0784    13.8155 8.6887e+02  -61.83800  -53.27633 1154958006 219.569538    34.3356      34298         15  0.000e+00
    150.645    -1.3187   2.749616    -1.2834   2.753128    7.19644    -0.1114    13.8155 8.6693e+02  -61.83800  -53.27633 1154958006 219.569538    34.3340      34299         15  0.000e+00
    150.712    -1.3199   2.749744    -1.2793   2.753318    7.19659    -0.0454    13.8155 8.6693e+02  -61.83800  -53.27633 1154958006 219.569538    34.3371      34300         15  0.000e+00
    150.712    -1.3077   2.750801    -1.2735   2.753549    7.19408    -0.0233    13.8155 8.6887e+02  -61.83800  -53.27633 1154958006 219.569539    34.3377      34301         15  0.000e+00
    150.712    -1.2990   2.751336    -1.2732   2.753653    7.19243    -0.0784    13.8155 8.6693e+02  -61.83800  -53.27633 1154958006 219.569539    34.3350      34302         15  0.000e+00
    150.645    -1.2994   2.751556    -1.2710   2.753798    7.19228    -0.0674    13.8155 8.6693e+02  -61.83800  -53.27633 1154958006 219.569540    34.3386      34303         15  0.000e+00
    150.788    -1.3028   2.751691    -1.2626   2.754347    7.19283    -0.1665    13.8155 8.6887e+02  -61.83800  -53.27633 1154958006 219.569540    34.3443      34304         15  0.000e+00
    150.712    -1.2991   2.752200    -1.2464   2.755636    7.19186    -0.1004    13.8155 8.6693e+02  -61.83800  -53.27633 1154958006 219.569541    34.3470      34305         15  0.000e+00
    150.712    -1.2987   2.752026    -1.2404   2.756683    7.19192    -0.1335    13.8155 8.6693e+02  -61.83800  -53.27633 1154958006 219.569541    34.3442      34306         15  0.000e+00
    150.722    -1.2992   2.751435    -1.2467   2.756492    7.19241    -0.1665    13.8155 8.6887e+02  -61.83800  -53.27633 1154958007 219.569542    34.3367      34307         15  0.000e+00
    150.712    -1.2968   2.751241    -1.2531   2.755723    7.19218    -0.0233    13.8155 8.6887e+02  -61.83800  -53.27633 1154958007 219.569542    34.3312      34308         15  0.000e+00
    150.712    -1.2920   2.751898    -1.2588   2.755515    7.19103    -0.0343    13.8155 8.6887e+02  -61.83800  -53.27633 1154958007 219.569543    34.3347      34309         15  0.000e+00
    150.712    -1.2801   2.753930    -1.2495   2.756521    7.18789    -0.1335    13.8155 8.6887e+02  -61.83800  -53.27633 1154958007 219.569543    34.3490      34310         15  0.000e+00
    150.722    -1.2623   2.755497    -1.2198   2.758660    7.18904    -0.0343    13.8155 8.6887e+02  -61.83800  -53.27633 1154958007 219.569544    34.3502      34311         15  0.000e+00
    150.788    -1.2606   2.755730    -1.2081   2.759956    7.18870     0.0428    13.8155 8.6887e+02  -61.83800  -53.27633 1154958007 219.569544    34.3514      34312         15  0.000e+00
    150.712    -1.2606   2.755152    -1.2055   2.759840    7.18421    -0.0123    13.8155 8.6887e+02  -61.83800  -53.27633 1154958007 219.569545    34.3435      34313         15  0.000e+00
    150.712    -1.2632   2.754538    -1.2038   2.759788    7.18982    -0.0233    13.8155 8.6887e+02  -61.83800  -53.27633 1154958007 219.569545    34.3380      34314         15  0.000e+00
    150.789    -1.2606   2.755027    -1.1992   2.760922    7.18437    -0.0454    13.8155 8.6887e+02  -61.83800  -53.27633 1154958007 219.569546    34.3417      34315         15  0.000e+00
    150.722    -1.2528   2.756219    -1.1965   2.762120    7.18235    -0.0233    13.8155 8.6887e+02  -61.83800  -53.27633 1154958007 219.569546    34.3492      34316         15  0.000e+00
    150.712    -1.2468   2.756712    -1.1836   2.762970    7.18593     0.0097    13.8155 8.6887e+02  -61.83800  -53.27633 1154958007 219.569547    34.3490      34317         15  0.000e+00
    150.712    -1.2404   2.758385    -1.1708   2.763839    7.17905    -0.0343    13.8155 8.6887e+02  -61.83800  -53.27633 1154958007 219.569547    34.3646      34318         15  0.000e+00
    150.712    -1.2141   2.761027    -1.1613   2.764550    7.17822    -0.0894    13.8155 8.6887e+02  -61.83800  -53.27633 1154958007 219.569548    34.3708      34319         15  0.000e+00
    150.722    -1.1922   2.762737    -1.1578   2.764857    7.17387     0.0207    13.8155 8.6887e+02  -61.83800  -53.27633 1154958007 219.569548    34.3691      34320         15  0.000e+00
    150.712    -1.1767   2.763191    -1.1613   2.764897    7.17129     0.0207    13.8155 8.6887e+02  -61.83800  -53.27633 1154958007 219.569549    34.3576      34321         15  0.000e+00
    150.789    -1.1662   2.763309    -1.1655   2.764475    7.16976    -0.0123    13.8155 8.6887e+02  -61.83800  -53.27633 1154958007 219.569549    34.3472      34322         15  0.000e+00
    150.712    -1.1618   2.763405    -1.1777   2.763195    7.16898    -0.0894    13.8155 8.6887e+02  -61.83800  -53.27633 1154958007 219.569550    34.3435      34323         15  0.000e+00
    150.645    -1.1761   2.762122    -1.1977   2.761274    7.17186    -0.0233    13.8155 8.6887e+02  -61.83800  -53.27633 1154958007 219.569550    34.3423      34324         15  0.000e+00
    150.645    -1.1943   2.760541    -1.2116   2.759568    7.17559    -0.0233    13.8155 8.6887e+02  -61.83800  -53.27633 1154958007 219.569551    34.3415      34325         15  0.000e+00
    150.855    -1.2019   2.759887    -1.2148   2.759094    7.17735    -0.0564    13.8155 8.6887e+02  -61.83800  -53.27633 1154958007 219.569551    34.3411      34326         15  0.000e+00
    150.645    -1.2051   2.759804    -1.2099   2.759834    7.18246    -0.1114    13.8155 8.6887e+02  -61.83800  -53.27633 1154958007 219.569552    34.3437      34327         15  0.000e+00
    150.722    -1.2070   2.760057    -1.1932   2.761385    7.18265    -0.0894    13.8155 8.6887e+02  -61.83800  -53.27633 1154958007 219.569552    34.3493      34328         15  0.000e+00
    150.712    -1.1979   2.761543    -1.1800   2.762727    7.18030     0.0097    13.8155 8.6887e+02  -61.83800  -53.27633 1154958007 219.569552    34.3593      34329         15  0.000e+00
    150.712    -1.1871   2.762638    -1.1773   2.763323    7.17798    -0.0013    13.8155 8.6887e+02  -61.83800  -53.27633 1154958007 219.569553    34.3619      34330         15  0.000e+00
    150.712    -1.1800   2.763135    -1.1751   2.763444    7.17660    -0.0013    13.8155 8.6887e+02  -61.83800  -53.27633 1154958008 219.569553    34.3606      34331         15  0.000e+00
    150.722    -1.1743   2.763530    -1.1728   2.763468    7.17551    -0.0784    13.8155 8.6693e+02  -61.83800  -53.27633 1154958008 219.569554    34.3594      34332         15  0.000e+00
    150.712    -1.1712   2.763911    -1.1723   2.763554    7.17481    -0.0233    13.8155 8.6693e+02  -61.83800  -53.27633 1154958008 219.569554    34.3612      34333         15  0.000e+00
    150.712    -1.1645   2.764289    -1.1707   2.763682    7.17357     0.0758    13.8155 8.6693e+02  -61.83800  -53.27633 1154958008 219.569555    34.3587      34334         15  0.000e+00
    150.712    -1.1601   2.764697    -1.1696   2.763792    7.17264     0.0318    13.8155 8.6693e+02  -61.83800  -53.27633 1154958008 219.569555    34.3592      34335         15  0.000e+00
    150.722    -1.1576   2.765072    -1.1714   2.763763    7.17203    -0.0454    13.8155 8.6693e+02  -61.83800  -53.27633 1154958008 219.569556    34.3615      34336         15  0.000e+00
    150.712    -1.1531   2.765342    -1.1722   2.763624    7.17119    -0.1445    13.8155 8.6693e+02  -61.83800  -53.27633 1154958008 219.569556    34.3600      34337         15  0.000e+00
    150.712    -1.1505   2.765490    -1.1749   2.763421    7.17550    -0.0894    13.8155 8.6693e+02  -61.83800  -53.27633 1154958008 219.569557    34.3591      34338         15  0.000e+00
    150.789    -1.1492   2.765681    -1.1760   2.763271    7.17527    -0.0564    13.8155 8.6498e+02  -61.83800  -53.27633 1154958008 219.569557    34.3602      34339         15  0.000e+00
    150.722    -1.1477   2.765951    -1.1763   2.763259    7.17479    -0.1004    13.8155 8.6693e+02  -61.83800  -53.27633 1154958008 219.569558    34.3622      34340         15  0.000e+00
    150.712    -1.1451   2.766161    -1.1728   2.763462    7.17426    -0.1114    13.8155 8.6693e+02  -61.83800  -53.27633 1154958008 219.569558    34.3621      34341         15  0.000e+00
    150.712    -1.1435   2.766253    -1.1682   2.763768    7.17876    -0.0894    13.8155 8.6693e+02  -61.83800  -53.27633 1154958008 219.569559    34.3615      34342         15  0.000e+00
    150.712    -1.1432   2.766339    -1.1681   2.763942    7.17866    -0.0674    13.8155 8.6693e+02  -61.83800  -53.27633 1154958008 219.569559    34.3624      34343         15  0.000e+00
    150.790    -1.3071   2.750529    -1.3007   2.751209    7.19426    -0.0123    13.8155 8.6887e+02  -61.83800  -53.27633 1154958014 219.569633    34.3332      34496         16  0.000e+00
    150.790    -1.3068   2.750598    -1.3007   2.751111    7.19416    -0.0123    13.8155 8.6887e+02  -61.83800  -53.27633 1154958014 219.569633    34.3338      34497         16  0.000e+00
    150.790    -1.3063   2.750680    -1.3006   2.751111    7.19404     0.0097    13.8155 8.6887e+02  -61.83800  -53.27633 1154958014 219.569634    34.3344      34498         16  0.000e+00
    150.714    -1.3048   2.750722    -1.3021   2.751099    7.19371    -0.0123    13.8155 8.6887e+02  -61.83800  -53.27633 1154958014 219.569634    34.3333      34499         16  0.000e+00
    150.714    -1.3028   2.750841    -1.3015   2.751093    7.19334    -0.0233    13.8155 8.6887e+02  -61.83800  -53.27633 1154958015 219.569635    34.3326      34500         16  0.000e+00
    150.790    -1.3019   2.751028    -1.3021   2.751145    7.19315    -0.0233    13.8155 8.6887e+02  -61.83800  -53.27633 1154958015 219.569635    34.3341      34501         16  0.000e+00
    150.714    -1.3017   2.751175    -1.3035   2.751186    7.18813     0.0097    13.8155 8.7082e+02  -61.83800  -53.27633 1154958015 219.569636    34.3359      34502         16  0.000e+00
    150.790    -1.3008   2.751261    -1.3033   2.751157    7.18802     0.0097    13.8155 8.7082e+02  -61.83800  -53.27633 1154958015 219.569636    34.3360      34503         16  0.000e+00
    150.714    -1.2997   2.751343    -1.3047   2.751122    7.18773    -0.0123    13.8155 8.7082e+02  -61.83800  -53.27633 1154958015 219.569637    34.3360      34504         16  0.000e+00
    150.790    -1.2978   2.751395    -1.3055   2.751076    7.18749    -0.0784    13.8155 8.7082e+02  -61.83800  -53.27633 1154958015 219.569637    34.3345      34505         16  0.000e+00
    150.790    -1.2991   2.751428    -1.3049   2.751082    7.18766    -0.0784    13.8155 8.7082e+02  -61.83800  -53.27633 1154958015 219.569638    34.3364      34506         16  0.000e+00
    150.790    -1.2986   2.751582    -1.3038   2.751111    7.18748    -0.0454    13.8155 8.7082e+02  -61.83800  -53.27633 1154958015 219.569638    34.3380      34507         16  0.000e+00
    150.714    -1.2972   2.751632    -1.3020   2.751116    7.18717    -0.0454    13.8155 8.7082e+02  -61.83800  -53.27633 1154958015 219.569639    34.3371      34508         16  0.000e+00
    150.790    -1.2953   2.751681    -1.3007   2.751151    7.18692    -0.0343    13.8155 8.6887e+02  -61.83800  -53.27633 1154958015 219.569639    34.3355      34509         16  0.000e+00
    150.790    -1.2957   2.751596    -1.3004   2.751168    7.18223    -0.0784    13.8155 8.6887e+02  -61.83800  -53.27633 1154958015 219.569640    34.3348      34510         16  0.000e+00
    150.714    -1.2977   2.751264    -1.3010   2.751168    7.18749    -0.1114    13.8155 8.7082e+02  -61.83800  -53.27633 1154958015 219.569640    34.3326      34511         16  0.000e+00
    150.790    -1.2988   2.750732    -1.3012   2.751151    7.18327     0.0097    13.8155 8.7082e+02  -61.83800  -53.27633 1154958015 219.569641    34.3264      34512         16  0.000e+00
    150.790    -1.2999   2.750374    -1.3020   2.751082    7.18367     0.0318    13.8155 8.7082e+02  -61.83800  -53.27633 1154958015 219.569641    34.3228      34513         16  0.000e+00
    150.714    -1.3050   2.750204    -1.3026   2.751099    7.18446    -0.0674    13.8155 8.7082e+02  -61.83800  -53.27633 1154958015 219.569642    34.3263      34514         16  0.000e+00
    150.790    -1.3077   2.750220    -1.3009   2.751117    7.18493    -0.1004    13.8155 8.7082e+02  -61.83800  -53.27633 1154958015 219.569642    34.3297      34515         16  0.000e+00
    150.790    -1.3059   2.750417    -1.3007   2.751117    7.18452    -0.0454    13.8155 8.7082e+02  -61.83800  -53.27633 1154958015 219.569643    34.3303      34516         16  0.000e+00
    150.790    -1.3003   2.750660    -1.3018   2.751076    7.18355    -0.0123    13.8155 8.7082e+02  -61.83800  -53.27633 1154958015 219.569643    34.3272      34517         16  0.000e+00
    150.714    -1.2985   2.750804    -1.3031   2.751064    7.18310    -0.0564    13.8155 8.7082e+02  -61.83800  -53.27633 1154958015 219.569644    34.3271      34518         16  0.000e+00
    150.791    -1.3016   2.750683    -1.3030   2.751024    7.18371    -0.0894    13.8155 8.7082e+02  -61.83800  -53.27633 1154958015 219.569644    34.3290      34519         16  0.000e+00
    150.791    -1.3053   2.750506    -1.3039   2.750972    7.18437    -0.0894    13.8155 8.7082e+02  -61.83800  -53.27633 1154958015 219.569645    34.3308      34520         16  0.000e+00
    150.714    -1.3056   2.750358    -1.3039   2.750920    7.18444    -0.1004    13.8155 8.7082e+02  -61.83800  -53.27633 1154958015 219.569645    34.3292      34521         16  0.000e+00
    150.791    -1.3043   2.750325    -1.3036   2.750908    7.18436    -0.0894    13.8155 8.7082e+02  -61.83800  -53.27633 1154958015 219.569646    34.3272      34522         16  0.000e+00
    150.791    -1.3048   2.750358    -1.3035   2.750885    7.18922    -0.1225    13.8155 8.7082e+02  -61.83800  -53.27633 1154958016 219.569646    34.3282      34523         16  0.000e+00
    150.714    -1.3059   2.750253    -1.3042   2.750862    7.18456    -0.1004    13.8155 8.7082e+02  -61.83800  -53.27633 1154958016 219.569647    34.3280      34524         16  0.000e+00
    150.791    -1.3079   2.750082    -1.3044   2.750874    7.18986    -0.0674    13.8155 8.7082e+02  -61.83800  -53.27633 1154958016 219.569647    34.3280      34525         16  0.000e+00
