product_data/regression_test/downloaded_data/MDGS/320620060703/ctd/p6620501.ros
* Sea-Bird SBE 9 Data File:
* FileName = D:\Data\Raw\p6620501.dat
* Software Version Seasave Win32 V 5.32
* Temperature SN = 1649
* Conductivity SN = 1431
* Number of Bytes Per Scan = 37
* Number of Voltage Words = 5
* Number of Scans Averaged by the Deck Unit = 1
* NMEA Latitude = 64 40.50 S
* NMEA Longitude = 062 44.93 W
* NMEA UTC (Time) = 01:32:47
** Ship:   Nathaniel B. Palmer 
** Cruise:    NBP0606 
# nquan = 17
# nvalues = 1176                    
# units = specified
# name 0 = prDM: Pressure, Digiquartz [db]
# name 1 = t090C: Temperature [ITS-90, deg C]
# name 2 = c0S/m: Conductivity [S/m]
# name 3 = t190C: Temperature, 2 [ITS-90, deg C]
# name 4 = c1S/m: Conductivity, 2 [S/m]
# name 5 = sbeox0ML/L: Oxygen, SBE 43 [ml/l]
# name 6 = flECO-AFL: Fluorescence, Wetlab ECO-AFL/FL [mg/m^3]
# name 7 = bat: Beam Attenuation, Chelsea/Seatech/Wetlab CStar [1/m]
# name 8 = spar: SPAR/Surface Irradiance
# name 9 = latitude: Latitude [deg]
# name 10 = longitude: Longitude [deg]
# name 11 = timeY: Time, System [seconds]
# name 12 = timeJ: Julian Days
# name 13 = sal00: Salinity [PSU]
# name 14 = scan: scan number
# name 15 = nbf: number of bottles fired
# name 16 = flag:  0.000e+00
# interval = seconds: 0.0416667                   
# start_time = Jul 29 2006 01:32:55
*END*
[from data line 341]
    150.151     0.0197   2.863795     0.0204   2.864053    6.04624    -0.0123    13.8155 0.0000e+00  -64.67500  -62.74883 1154137333 210.071006    34.3569      13439          7  0.000e+00
    150.218     0.0197   2.863828     0.0198   2.864053    6.04162     0.0097    13.8155 0.0000e+00  -64.67500  -62.74883 1154137333 210.071006    34.3573      13440          7  0.000e+00
    150.140     0.0208   2.863925     0.0217   2.864252    6.04603     0.0097    13.8155 0.0000e+00  -64.67500  -62.74883 1154137339 210.071074    34.3574      13581          8  0.000e+00
    150.217     0.0209   2.863932     0.0215   2.864299    6.04607     0.0318    13.8155 0.0000e+00  -64.67500  -62.74883 1154137339 210.071075    34.3573      13582          8  0.000e+00
    150.150     0.0208   2.863965     0.0218   2.864258    6.04136    -0.0123    13.8155 0.0000e+00  -64.67500  -62.74883 1154137339 210.071075    34.3579      13583          8  0.000e+00
    150.140     0.0208   2.863929     0.0217   2.864240    6.04137    -0.0674    13.8155 0.0000e+00  -64.67500  -62.74883 1154137339 210.071076    34.3574      13584          8  0.000e+00
    150.073     0.0211   2.863942     0.0218   2.864264    6.04127     0.0097    13.8155 0.0000e+00  -64.67500  -62.74883 1154137339 210.071076    34.3573      13585          8  0.000e+00
    150.217     0.0212   2.863955     0.0216   2.864270    6.04136     0.0538    13.8155 0.0000e+00  -64.67500  -62.74883 1154137339 210.071077    34.3572      13586          8  0.000e+00
    150.140     0.0211   2.863922     0.0223   2.864252    6.04133    -0.0123    13.8155 0.0000e+00  -64.67500  -62.74883 1154137339 210.071077    34.3570      13587          8  0.000e+00
    150.150     0.0210   2.863925     0.0220   2.864264    6.04135    -0.0123    13.8155 0.0000e+00  -64.67500  -62.74883 1154137339 210.071078    34.3571      13588          8  0.000e+00
    150.217     0.0212   2.863949     0.0215   2.864270    6.04602    -0.0674    13.8155 0.0000e+00  -64.67500  -62.74883 1154137339 210.071078    34.3571      13589          8  0.000e+00
    150.140     0.0214   2.863919     0.0219   2.864270    6.04596    -0.0784    13.8155 0.0000e+00  -64.67500  -62.74883 1154137339 210.071079    34.3566      13590          8  0.000e+00
    150.140     0.0209   2.863925     0.0223   2.864270    6.04601    -0.0233    13.8155 0.0000e+00  -64.67500  -62.74883 1154137339 210.071079    34.3572      13591          8  0.000e+00
    150.217     0.0205   2.863982     0.0220   2.864287    6.04610    -0.0123    13.8155 0.0000e+00  -64.67500  -62.74883 1154137339 210.071080    34.3585      13592          8  0.000e+00
    150.140     0.0206   2.863949     0.0223   2.864275    6.04138    -0.0343    13.8155 0.0000e+00  -64.67500  -62.74883 1154137339 210.071080    34.3579      13593          8  0.000e+00
    150.140     0.0211   2.863965     0.0221   2.864287    6.04597    -0.0674    13.8155 0.0000e+00  -64.67500  -62.74883 1154137339 210.071081    34.3576      13594          8  0.000e+00
    150.216     0.0210   2.863959     0.0224   2.864275    6.04604    -0.0674    13.8155 0.0000e+00  -64.67500  -62.74883 1154137339 210.071081    34.3575      13595          8  0.000e+00
    150.140     0.0208   2.863955     0.0218   2.864270    6.04601    -0.0674    13.8155 0.0000e+00  -64.67500  -62.74883 1154137339 210.071082    34.3578      13596          8  0.000e+00
    150.150     0.0211   2.863955     0.0221   2.864311    6.04598    -0.0674    13.8155 0.0000e+00  -64.67500  -62.74883 1154137339 210.071082    34.3574      13597          8  0.000e+00
    150.216     0.0212   2.863955     0.0223   2.864299    6.04602    -0.0674    13.8155 0.0000e+00  -64.67500  -62.74883 1154137339 210.071083    34.3572      13598          8  0.000e+00
    150.140     0.0212   2.863955     0.0226   2.864316    6.04595    -0.0454    13.8155 0.0000e+00  -64.67500  -62.74883 1154137339 210.071083    34.3573      13599          8  0.000e+00
    150.216     0.0212   2.863919     0.0225   2.864299    6.04604    -0.0454    13.8155 0.0000e+00  -64.67500  -62.74883 1154137339 210.071084    34.3568      13600          8  0.000e+00
    150.150     0.0208   2.863942     0.0215   2.864293    6.04602    -0.0674    13.8155 0.0000e+00  -64.67500  -62.74883 1154137340 210.071084    34.3576      13601          8  0.000e+00
    150.140     0.0209   2.863972     0.0220   2.864275    6.04598    -0.0894    13.8155 0.0000e+00  -64.67500  -62.74883 1154137340 210.071085    34.3579      13602          8  0.000e+00
    150.216     0.0210   2.863979     0.0218   2.864287    6.04603    -0.0233    13.8155 0.0000e+00  -64.67500  -62.74883 1154137340 210.071085    34.3578      13603          8  0.000e+00
    150.216     0.0208   2.863979     0.0217   2.864275    6.04606    -0.0343    13.8155 0.0000e+00  -64.67500  -62.74883 1154137340 210.071086    34.3581      13604          8  0.000e+00
    150.140     0.0211   2.863995     0.0214   2.864252    6.04595    -0.0343    13.8155 0.0000e+00  -64.67500  -62.74883 1154137340 210.071086    34.3580      13605          8  0.000e+00
    150.216     0.0212   2.863965     0.0214   2.864264    6.04601    -0.0123    13.8155 0.0000e+00  -64.67500  -62.74883 1154137340 210.071087    34.3574      13606          8  0.000e+00
    150.216     0.0211   2.863989     0.0220   2.864246    6.04602    -0.0674    13.8155 0.0000e+00  -64.67500  -62.74883 1154137340 210.071087    34.3578      13607          8  0.000e+00
    150.140     0.0211   2.863982     0.0212   2.864240    6.04596    -0.0343    13.8155 0.0000e+00  -64.67500  -62.74883 1154137340 210.071087    34.3578      13608          8  0.000e+00
    150.216     0.0208   2.863959     0.0211   2.864217    6.05073     0.0318    13.8155 0.0000e+00  -64.67500  -62.74883 1154137340 210.071088    34.3578      13609          8  0.000e+00
    150.216     0.0206   2.863972     0.0207   2.864211    6.05074    -0.0674    13.8155 0.0000e+00  -64.67500  -62.74883 1154137340 210.071088    34.3582      13610          8  0.000e+00
    150.216     0.0207   2.863979     0.0207   2.864217    6.05072    -0.1445    13.8155 0.0000e+00  -64.67500  -62.74883 1154137340 210.071089    34.3581      13611          8  0.000e+00
    150.140     0.0211   2.863979     0.0214   2.864193    6.05061    -0.0784    13.8155 0.0000e+00  -64.67500  -62.74883 1154137340 210.071089    34.3578      13612          8  0.000e+00
    150.216     0.0209   2.863959     0.0205   2.864141    6.04605     0.0428    13.8155 0.0000e+00  -64.67500  -62.74883 1154137340 210.071090    34.3576      13613          8  0.000e+00
    150.216     0.0211   2.863935     0.0207   2.864135    6.04605     0.0868    13.8155 0.0000e+00  -64.67500  -62.74883 1154137340 210.071090    34.3571      13614          8  0.000e+00
    150.216     0.0202   2.863932     0.0204   2.864088    6.04616     0.0097    13.8155 0.0000e+00  -64.67500  -62.74883 1154137340 210.071091    34.3581      13615          8  0.000e+00
    150.216     0.0206   2.863915     0.0203   2.864094    6.04612    -0.0784    13.8155 0.0000e+00  -64.67500  -62.74883 1154137340 210.071091    34.3574      13616          8  0.000e+00
    150.216     0.0202   2.863925     0.0201   2.864088    6.05082    -0.0674    13.8155 0.0000e+00  -64.67500  -62.74883 1154137340 210.071092    34.3581      13617          8  0.000e+00
    150.216     0.0201   2.863899     0.0204   2.864076    6.05084    -0.0233    13.8155 0.0000e+00  -64.67500  -62.74883 1154137340 210.071092    34.3578      13618          8  0.000e+00
    150.216     0.0203   2.863902     0.0201   2.864076    6.05082    -0.0674    13.8155 0.0000e+00  -64.67500  -62.74883 1154137340 210.071093    34.3576      13619          8  0.000e+00
    150.216     0.0205   2.863889     0.0201   2.864058    6.05080    -0.0784    13.8155 0.0000e+00  -64.67500  -62.74883 1154137340 210.071093    34.3572      13620          8  0.000e+00
    150.140     0.0202   2.863885     0.0207   2.864070    6.04612    -0.0674    13.8155 0.0000e+00  -64.67500  -62.74883 1154137340 210.071094    34.3576      13621          8  0.000e+00
    150.350     0.0205   2.863902     0.0200   2.864094    6.04625    -0.0123    13.8155 0.0000e+00  -64.67500  -62.74883 1154137340 210.071094    34.3573      13622          8  0.000e+00
    150.216     0.0211   2.863925     0.0201   2.864088    6.04605     0.0097    13.8155 0.0000e+00  -64.67500  -62.74883 1154137340 210.071095    34.3570      13623          8  0.000e+00
    150.216     0.0208   2.863949     0.0203   2.864117    6.05073     0.0428    13.8155 0.0000e+00  -64.67500  -62.74883 1154137340 210.071095    34.3577      13624          8  0.000e+00
    150.073     0.0207   2.863919     0.0204   2.864111    6.05064    -0.0013    13.8155 0.0000e+00  -64.67500  -62.74883 1154137340 210.071096    34.3574      13625          8  0.000e+00
    150.426     0.0205   2.863892     0.0207   2.864123    6.05098    -0.0013    13.8155 0.0000e+00  -64.67500  -62.74883 1154137341 210.071096    34.3571      13626          8  0.000e+00
    150.216     0.0203   2.863902     0.0206   2.864158    6.05082     0.0097    13.8155 0.0000e+00  -64.67500  -62.74883 1154137341 210.071097    34.3576      13627          8  0.000e+00
    150.293     0.0205   2.863892     0.0207   2.864135    6.05087     0.0758    13.8155 0.0000e+00  -64.67500  -62.74883 1154137341 210.071097    34.3572      13628          8  0.000e+00
    150.216     0.0202   2.863869     0.0211   2.864146    6.05085     0.0538    13.8155 0.0000e+00  -64.67500  -62.74883 1154137341 210.071098    34.3573      13629          8  0.000e+00
    125.909    -0.0036   2.859483    -0.0031   2.859784    6.08217    -0.0233    13.8155 0.0000e+00  -64.67500  -62.74883 1154137415 210.071956    34.3406      15408          9  0.000e+00
    125.757    -0.0038   2.859530    -0.0027   2.859790    6.08203     0.0207    13.8155 0.0000e+00  -64.67500  -62.74883 1154137415 210.071956    34.3415      15409          9  0.000e+00
    125.824    -0.0035   2.859497    -0.0025   2.859790    6.08207     0.0538    13.8155 0.0000e+00  -64.67500  -62.74883 1154137415 210.071957    34.3406      15410          9  0.000e+00
    125.766    -0.0033   2.859473    -0.0028   2.859831    6.08202     0.0979    13.8155 0.0000e+00  -64.67500  -62.74883 1154137415 210.071957    34.3402      15411          9  0.000e+00
    125.757    -0.0033   2.859530    -0.0028   2.859802    6.07733     0.0097    13.8155 0.0000e+00  -64.67500  -62.74883 1154137415 210.071957    34.3410      15412          9  0.000e+00
    125.833    -0.0034   2.859497    -0.0027   2.859831    6.07743     0.0207    13.8155 0.0000e+00  -64.67500  -62.74883 1154137415 210.071958    34.3406      15413          9  0.000e+00
    125.757    -0.0036   2.859497    -0.0025   2.859825    6.07739    -0.0343    13.8155 0.0000e+00  -64.67500  -62.74883 1154137415 210.071958    34.3409      15414          9  0.000e+00
    125.823    -0.0033   2.859503    -0.0028   2.859819    6.08205    -0.0343    13.8155 0.0000e+00  -64.67500  -62.74883 1154137415 210.071959    34.3406      15415          9  0.000e+00
    125.766    -0.0036   2.859513    -0.0027   2.859854    6.08203    -0.0454    13.8155 0.0000e+00  -64.67500  -62.74883 1154137415 210.071959    34.3411      15416          9  0.000e+00
    125.757    -0.0035   2.859507    -0.0027   2.859831    6.08201    -0.0123    13.8155 0.0000e+00  -64.67500  -62.74883 1154137415 210.071960    34.3408      15417          9  0.000e+00
    125.757    -0.0033   2.859503    -0.0024   2.859837    6.08199     0.0538    13.8155 0.0000e+00  -64.67500  -62.74883 1154137415 210.071960    34.3406      15418          9  0.000e+00
    125.766    -0.0035   2.859503    -0.0028   2.859802    6.08202     0.0538    13.8155 0.0000e+00  -64.67500  -62.74883 1154137415 210.071961    34.3408      15419          9  0.000e+00
    125.757    -0.0036   2.859483    -0.0033   2.859807    6.08204     0.0758    13.8155 0.0000e+00  -64.67500  -62.74883 1154137415 210.071961    34.3407      15420          9  0.000e+00
    125.757    -0.0036   2.859507    -0.0027   2.859755    6.08203    -0.0123    13.8155 0.0000e+00  -64.67500  -62.74883 1154137415 210.071962    34.3410      15421          9  0.000e+00
    125.766    -0.0035   2.859523    -0.0028   2.859796    6.08201    -0.0454    13.8155 0.0000e+00  -64.67500  -62.74883 1154137415 210.071962    34.3410      15422          9  0.000e+00
    125.680    -0.0036   2.859527    -0.0021   2.859837    6.08195    -0.0013    13.8155 0.0000e+00  -64.67500  -62.74883 1154137415 210.071963    34.3413      15423          9  0.000e+00
    125.766    -0.0038   2.859507    -0.0016   2.859925    6.08205    -0.0343    13.8155 0.0000e+00  -64.67500  -62.74883 1154137415 210.071963    34.3411      15424          9  0.000e+00
    125.757    -0.0038   2.859537    -0.0016   2.859989    6.08203    -0.0013    13.8155 0.0000e+00  -64.67500  -62.74883 1154137415 210.071964    34.3416      15425          9  0.000e+00
    125.680    -0.0032   2.859523    -0.0011   2.859989    6.08190    -0.0013    13.8155 0.0000e+00  -64.67500  -62.74883 1154137416 210.071964    34.3407      15426          9  0.000e+00
    125.766    -0.0036   2.859523    -0.0011   2.860018    6.08202     0.0979    13.8155 0.0000e+00  -64.67500  -62.74883 1154137416 210.071965    34.3412      15427          9  0.000e+00
    125.680    -0.0033   2.859507    -0.0015   2.860013    6.08193     0.0538    13.8155 0.0000e+00  -64.67500  -62.74883 1154137416 210.071965    34.3407      15428          9  0.000e+00
    125.757    -0.0033   2.859537    -0.0016   2.859989    6.08197     0.0207    13.8155 0.0000e+00  -64.67500  -62.74883 1154137416 210.071966    34.3411      15429          9  0.000e+00
    125.699    -0.0032   2.859580    -0.0021   2.859942    6.08188    -0.0123    13.8155 0.0000e+00  -64.67500  -62.74883 1154137416 210.071966    34.3415      15430          9  0.000e+00
    125.680    -0.0031   2.859644    -0.0022   2.859948    6.08183    -0.0123    13.8155 0.0000e+00  -64.67500  -62.74883 1154137416 210.071967    34.3423      15431          9  0.000e+00
    125.680    -0.0026   2.859690    -0.0019   2.859954    6.08173     0.0207    13.8155 0.0000e+00  -64.67500  -62.74883 1154137416 210.071967    34.3423      15432          9  0.000e+00
    125.766    -0.0022   2.859774    -0.0021   2.859954    6.08172    -0.0123    13.8155 0.0000e+00  -64.67500  -62.74883 1154137416 210.071968    34.3430      15433          9  0.000e+00
    125.680    -0.0019   2.859851    -0.0018   2.859936    6.08157    -0.0784    13.8155 0.0000e+00  -64.67500  -62.74883 1154137416 210.071968    34.3437      15434          9  0.000e+00
    125.680    -0.0014   2.859937    -0.0018   2.859966    6.08145    -0.0674    13.8155 0.0000e+00  -64.67500  -62.74883 1154137416 210.071969    34.3443      15435          9  0.000e+00
    125.699    -0.0010   2.859951    -0.0025   2.859983    6.08605     0.0097    13.8155 0.0000e+00  -64.67500  -62.74883 1154137416 210.071969    34.3440      15436          9  0.000e+00
    125.680    -0.0016   2.859941    -0.0021   2.859919    6.08612    -0.0233    13.8155 0.0000e+00  -64.67500  -62.74883 1154137416 210.071970    34.3446      15437          9  0.000e+00
    125.623    -0.0013   2.859901    -0.0022   2.859936    6.08141     0.0428    13.8155 0.0000e+00  -64.67500  -62.74883 1154137416 210.071970    34.3437      15438          9  0.000e+00
    125.680    -0.0013   2.859821    -0.0021   2.859936    6.08614     0.0538    13.8155 0.0000e+00  -64.67500  -62.74883 1154137416 210.071970    34.3425      15439          9  0.000e+00
    125.680    -0.0013   2.859817    -0.0018   2.859925    6.08151    -0.0123    13.8155 0.0000e+00  -64.67500  -62.74883 1154137416 210.071971    34.3426      15440          9  0.000e+00
