product_data/regression_test/downloaded_data/MDGS/320620060703/ctd/p6621803.ros
* Sea-Bird SBE 9 Data File:
* FileName = D:\Data\Raw\p6621803.dat
* Software Version Seasave Win32 V 5.32
* Temperature SN = 1649
* Conductivity SN = 1431
* Number of Bytes Per Scan = 37
* Number of Voltage Words = 5
* Number of Scans Averaged by the Deck Unit = 1
* NMEA Latitude = 62 19.25 S
* NMEA Longitude = 062 49.15 W
* NMEA UTC (Time) = 20:11:06
** Ship:   Nathaniel B. Palmer 
** Cruise:    NBP0606 
# nquan = 17
# nvalues = 1176                    
# units = specified
# name 0 = prDM: Pressure, Digiquartz [db]
# name 1 = t090C: Temperature [ITS-90, deg C]
# name 2 = c0S/m: Conductivity [S/m]
# name 3 = t190C: Temperature, 2 [ITS-90, deg C]
# name 4 = c1S/m: Conductivity, 2 [S/m]
# name 5 = sbeox0ML/L: Oxygen, SBE 43 [ml/l]
# name 6 = flECO-AFL: Fluorescence, Wetlab ECO-AFL/FL [mg/m^3]
# name 7 = bat: Beam Attenuation, Chelsea/Seatech/Wetlab CStar [1/m]
# name 8 = spar: SPAR/Surface Irradiance
# name 9 = latitude: Latitude [deg]
# name 10 = longitude: Longitude [deg]
# name 11 = timeY: Time, System [seconds]
# name 12 = timeJ: Julian Days
# name 13 = sal00: Salinity [PSU]
# name 14 = scan: scan number
# name 15 = nbf: number of bottles fired
# name 16 = flag:  0.000e+00
# interval = seconds: 0.0416667                   
# start_time = Aug 01 2006 20:11:27
*END*
[from data line 86]
    801.143     1.5319   3.051343     1.5353   3.051838    4.75275    -0.0564    13.8155 0.0000e+00  -62.32083  -62.81917 1154464859 213.861814    34.7276      42570          2  0.000e+00
    801.220     1.5318   3.051336     1.5345   3.051760    4.75280    -0.1114    13.8155 0.0000e+00  -62.32083  -62.81917 1154464859 213.861814    34.7275      42571          2  0.000e+00
    801.143     1.5320   3.051398     1.5334   3.051633    4.75271    -0.1004    13.8155 0.0000e+00  -62.32083  -62.81917 1154464859 213.861815    34.7281      42572          2  0.000e+00
    801.201     1.5322   3.051391     1.5326   3.051609    4.75274    -0.1225    13.8155 0.0000e+00  -62.32083  -62.81917 1154464859 213.861815    34.7278      42573          2  0.000e+00
    801.143     1.5329   3.051428     1.5325   3.051579    4.75261    -0.1114    13.8155 0.0000e+00  -62.32083  -62.81917 1154464859 213.861816    34.7275      42574          2  0.000e+00
    801.220     1.5325   3.051452     1.5329   3.051627    4.74781    -0.0784    13.8155 0.0000e+00  -62.32083  -62.81917 1154464860 213.861816    34.7283      42575          2  0.000e+00
    801.220     1.5329   3.051466     1.5337   3.051651    4.75264    -0.0894    13.8155 0.0000e+00  -62.32083  -62.81917 1154464860 213.861817    34.7280      42576          2  0.000e+00
    801.220     1.5333   3.051494     1.5331   3.051663    4.75260    -0.1114    13.8155 0.0000e+00  -62.32083  -62.81917 1154464860 213.861817    34.7279      42577          2  0.000e+00
    801.288     1.5331   3.051483     1.5329   3.051658    4.75266    -0.0564    13.8155 0.0000e+00  -62.32083  -62.81917 1154464860 213.861818    34.7279      42578          2  0.000e+00
    801.268     1.5332   3.051470     1.5334   3.051712    4.74775    -0.0123    13.8155 0.0000e+00  -62.32083  -62.81917 1154464860 213.861818    34.7276      42579          2  0.000e+00
    801.220     1.5326   3.051459     1.5337   3.051718    4.74779    -0.0784    13.8155 0.0000e+00  -62.32083  -62.81917 1154464860 213.861819    34.7282      42580          2  0.000e+00
    801.288     1.5329   3.051446     1.5345   3.051742    4.74781    -0.1445    13.8155 0.0000e+00  -62.32083  -62.81917 1154464860 213.861819    34.7276      42581          2  0.000e+00
    599.740     1.7079   3.057029     1.7077   3.057165    4.62649    -0.0454    13.8155 0.0000e+00  -62.32083  -62.81917 1154465147 213.865148    34.7185      49483          3  0.000e+00
    599.740     1.7085   3.057033     1.7081   3.057183    4.62643    -0.1114    13.8155 0.0000e+00  -62.32083  -62.81917 1154465147 213.865148    34.7178      49484          3  0.000e+00
    599.615     1.7090   3.057081     1.7077   3.057219    4.62629    -0.1225    13.8155 0.0000e+00  -62.32083  -62.81917 1154465147 213.865149    34.7180      49485          3  0.000e+00
    599.663     1.7093   3.057098     1.7083   3.057243    4.62628    -0.1114    13.8155 0.0000e+00  -62.32083  -62.81917 1154465148 213.865149    34.7178      49486          3  0.000e+00
    599.692     1.7096   3.057153     1.7086   3.057279    4.62151    -0.0674    13.8155 0.0000e+00  -62.32083  -62.81917 1154465148 213.865149    34.7182      49487          3  0.000e+00
    599.663     1.7100   3.057133     1.7095   3.057279    4.62621    -0.0784    13.8155 0.0000e+00  -62.32083  -62.81917 1154465148 213.865150    34.7176      49488          3  0.000e+00
    599.547     1.7095   3.057139     1.7090   3.057339    4.62618    -0.0564    13.8155 0.0000e+00  -62.32083  -62.81917 1154465148 213.865150    34.7183      49489          3  0.000e+00
    599.663     1.7096   3.057146     1.7099   3.057369    4.62623    -0.1004    13.8155 0.0000e+00  -62.32083  -62.81917 1154465148 213.865151    34.7181      49490          3  0.000e+00
    599.528     1.7095   3.057129     1.7099   3.057405    4.62143    -0.1114    13.8155 0.0000e+00  -62.32083  -62.81917 1154465148 213.865151    34.7181      49491          3  0.000e+00
    599.547     1.7095   3.057139     1.7100   3.057417    4.62144    -0.0454    13.8155 0.0000e+00  -62.32083  -62.81917 1154465148 213.865152    34.7183      49492          3  0.000e+00
    599.528     1.7092   3.057129     1.7102   3.057405    4.62146    -0.0013    13.8155 0.0000e+00  -62.32083  -62.81917 1154465148 213.865152    34.7185      49493          3  0.000e+00
    599.480     1.7092   3.057105     1.7108   3.057411    4.62618     0.0097    13.8155 0.0000e+00  -62.32083  -62.81917 1154465148 213.865153    34.7182      49494          3  0.000e+00
    599.451     1.7081   3.057077     1.7109   3.057423    4.62154    -0.1004    13.8155 0.0000e+00  -62.32083  -62.81917 1154465148 213.865153    34.7191      49495          3  0.000e+00
    599.403     1.7070   3.057074     1.7111   3.057466    4.62635    -0.1004    13.8155 0.0000e+00  -62.32083  -62.81917 1154465148 213.865154    34.7202      49496          3  0.000e+00
    599.451     1.7068   3.057019     1.7108   3.057405    4.62168    -0.0454    13.8155 0.0000e+00  -62.32083  -62.81917 1154465148 213.865154    34.7197      49497          3  0.000e+00
    599.384     1.7071   3.057019     1.7111   3.057441    4.62634    -0.0454    13.8155 0.0000e+00  -62.32083  -62.81917 1154465148 213.865155    34.7194      49498          3  0.000e+00
    599.403     1.7076   3.057005     1.7103   3.057423    4.62632    -0.1004    13.8155 0.0000e+00  -62.32083  -62.81917 1154465148 213.865155    34.7187      49499          3  0.000e+00
    599.307     1.7079   3.057019     1.7103   3.057417    4.62622    -0.1445    13.8155 0.0000e+00  -62.32083  -62.81917 1154465148 213.865156    34.7186      49500          3  0.000e+00
    599.336     1.7075   3.057043     1.7102   3.057405    4.62627    -0.1225    13.8155 0.0000e+00  -62.32083  -62.81917 1154465148 213.865156    34.7194      49501          3  0.000e+00
    599.384     1.7078   3.057050     1.7097   3.057411    4.62627    -0.0454    13.8155 0.0000e+00  -62.32083  -62.81917 1154465148 213.865157    34.7191      49502          3  0.000e+00
    599.240     1.7081   3.057050     1.7094   3.057423    4.62141    -0.0784    13.8155 0.0000e+00  -62.32083  -62.81917 1154465148 213.865157    34.7188      49503          3  0.000e+00
    599.336     1.7078   3.057012     1.7088   3.057375    4.62625    -0.1335    13.8155 0.0000e+00  -62.32083  -62.81917 1154465148 213.865158    34.7186      49504          3  0.000e+00
    599.307     1.7078   3.057022     1.7085   3.057363    4.62149    -0.1004    13.8155 0.0000e+00  -62.32083  -62.81917 1154465148 213.865158    34.7188      49505          3  0.000e+00
    599.259     1.7079   3.057060     1.7089   3.057369    4.62143    -0.0343    13.8155 0.0000e+00  -62.32083  -62.81917 1154465148 213.865159    34.7191      49506          3  0.000e+00
    599.307     1.7081   3.057091     1.7091   3.057363    4.62144    -0.1225    13.8155 0.0000e+00  -62.32083  -62.81917 1154465148 213.865159    34.7193      49507          3  0.000e+00
    599.240     1.7084   3.057115     1.7094   3.057381    4.62609    -0.2106    13.8155 0.0000e+00  -62.32083  -62.81917 1154465148 213.865160    34.7193      49508          3  0.000e+00
    599.336     1.7089   3.057122     1.7097   3.057417    4.62611    -0.1555    13.8155 0.0000e+00  -62.32083  -62.81917 1154465148 213.865160    34.7188      49509          3  0.000e+00
    599.240     1.7090   3.057139     1.7100   3.057441    4.62602    -0.1335    13.8155 0.0000e+00  -62.32083  -62.81917 1154465149 213.865161    34.7189      49510          3  0.000e+00
    599.259     1.7084   3.057184     1.7103   3.057477    4.62608    -0.0564    13.8155 0.0000e+00  -62.32083  -62.81917 1154465149 213.865161    34.7202      49511          3  0.000e+00
    599.307     1.7093   3.057160     1.7100   3.057496    4.62603    -0.0784    13.8155 0.0000e+00  -62.32083  -62.81917 1154465149 213.865162    34.7188      49512          3  0.000e+00
    599.259     1.7095   3.057201     1.7109   3.057502    4.62597    -0.1555    13.8155 0.0000e+00  -62.32083  -62.81917 1154465149 213.865162    34.7192      49513          3  0.000e+00
    599.240     1.7096   3.057256     1.7108   3.057489    4.62592    -0.1225    13.8155 0.0000e+00  -62.32083  -62.81917 1154465149 213.865163    34.7197      49514          3  0.000e+00
    599.307     1.7098   3.057249     1.7108   3.057544    4.62595    -0.1004    13.8155 0.0000e+00  -62.32083  -62.81917 1154465149 213.865163    34.7194      49515          3  0.000e+00
    599.259     1.7101   3.057280     1.7108   3.057580    4.62588    -0.0674    13.8155 0.0000e+00  -62.32083  -62.81917 1154465149 213.865163    34.7195      49516          3  0.000e+00
    599.307     1.7101   3.057311     1.7114   3.057532    4.62590    -0.0894    13.8155 0.0000e+00  -62.32083  -62.81917 1154465149 213.865164    34.7199      49517          3  0.000e+00
    599.259     1.7104   3.057280     1.7113   3.057592    4.62585    -0.0784    13.8155 0.0000e+00  -62.32083  -62.81917 1154465149 213.865164    34.7191      49518          3  0.000e+00
    599.307     1.7104   3.057287     1.7111   3.057562    4.62587    -0.0674    13.8155 0.0000e+00  -62.32083  -62.81917 1154465149 213.865165    34.7192      49519          3  0.000e+00
    599.307     1.7101   3.057294     1.7111   3.057556    4.62117    -0.0564    13.8155 0.0000e+00  -62.32083  -62.81917 1154465149 213.865165    34.7196      49520          3  0.000e+00
    599.125     1.7104   3.057273     1.7109   3.057562    4.62102    -0.0233    13.8155 0.0000e+00  -62.32083  -62.81917 1154465149 213.865166    34.7191      49521          3  0.000e+00
    599.528     1.7100   3.057232     1.7109   3.057526    4.62134    -0.0123    13.8155 0.0000e+00  -62.32083  -62.81917 1154465149 213.865166    34.7189      49522          3  0.000e+00
    599.259     1.7098   3.057239     1.7103   3.057465    4.62118    -0.0343    13.8155 0.0000e+00  -62.32083  -62.81917 1154465149 213.865167    34.7193      49523          3  0.000e+00
    599.307     1.7093   3.057191     1.7108   3.057483    4.62128    -0.0343    13.8155 0.0000e+00  -62.32083  -62.81917 1154465149 213.865167    34.7192      49524          3  0.000e+00
    599.336     1.7090   3.057191     1.7105   3.057465    4.62606    -0.0343    13.8155 0.0000e+00  -62.32083  -62.81917 1154465149 213.865168    34.7195      49525          3  0.000e+00
    599.307     1.7092   3.057139     1.7097   3.057447    4.62131    -0.0233    13.8155 0.0000e+00  -62.32083  -62.81917 1154465149 213.865168    34.7187      49526          3  0.000e+00
    599.384     1.7096   3.057157     1.7092   3.057411    4.62131    -0.0784    13.8155 0.0000e+00  -62.32083  -62.81917 1154465149 213.865169    34.7184      49527          3  0.000e+00
    599.336     1.7095   3.057170     1.7085   3.057327    4.62129    -0.0343    13.8155 0.0000e+00  -62.32083  -62.81917 1154465149 213.865169    34.7187      49528          3  0.000e+00
    599.307     1.7090   3.057170     1.7074   3.057285    4.62132    -0.0894    13.8155 0.0000e+00  -62.32083  -62.81917 1154465149 213.865170    34.7193      49529          3  0.000e+00
    599.336     1.7090   3.057170     1.7081   3.057285    4.62607    -0.0894    13.8155 0.0000e+00  -62.32083  -62.81917 1154465149 213.865170    34.7193      49530          3  0.000e+00
    599.307     1.7089   3.057136     1.7085   3.057297    4.62608    -0.1004    13.8155 0.0000e+00  -62.32083  -62.81917 1154465149 213.865171    34.7190      49531          3  0.000e+00
    500.953     1.7832   3.058537     1.7848   3.058848    4.54187    -0.0233    13.8155 0.0000e+00  -62.32083  -62.81917 1154465308 213.867006    34.7104      53336          4  0.000e+00
    500.809     1.7835   3.058527     1.7849   3.058830    4.54642    -0.0233    13.8155 0.0000e+00  -62.32083  -62.81917 1154465308 213.867006    34.7100      53337          4  0.000e+00
    500.857     1.7834   3.058527     1.7845   3.058854    4.54179    -0.0343    13.8155 0.0000e+00  -62.32083  -62.81917 1154465308 213.867007    34.7101      53338          4  0.000e+00
    500.886     1.7837   3.058523     1.7846   3.058812    4.53712    -0.0564    13.8155 0.0000e+00  -62.32083  -62.81917 1154465308 213.867007    34.7098      53339          4  0.000e+00
    500.809     1.7835   3.058503     1.7842   3.058782    4.54176    -0.0784    13.8155 0.0000e+00  -62.32083  -62.81917 1154465308 213.867008    34.7097      53340          4  0.000e+00
    500.809     1.7830   3.058479     1.7838   3.058758    4.53715    -0.1004    13.8155 0.0000e+00  -62.32083  -62.81917 1154465308 213.867008    34.7100      53341          4  0.000e+00
    500.857     1.7834   3.058496     1.7843   3.058788    4.53714    -0.1445    13.8155 0.0000e+00  -62.32083  -62.81917 1154465308 213.867009    34.7098      53342          4  0.000e+00
    500.886     1.7829   3.058516     1.7844   3.058824    4.53720    -0.1335    13.8155 0.0000e+00  -62.32083  -62.81917 1154465308 213.867009    34.7106      53343          4  0.000e+00
    500.886     1.7827   3.058503     1.7849   3.058836    4.53722    -0.0564    13.8155 0.0000e+00  -62.32083  -62.81917 1154465308 213.867010    34.7105      53344          4  0.000e+00
    500.809     1.7826   3.058516     1.7846   3.058830    4.53718    -0.0123    13.8155 0.0000e+00  -62.32083  -62.81917 1154465308 213.867010    34.7109      53345          4  0.000e+00
    500.934     1.7831   3.058510     1.7849   3.058830    4.53255    -0.0013    13.8155 0.0000e+00  -62.32083  -62.81917 1154465308 213.867011    34.7102      53346          4  0.000e+00
    500.886     1.7830   3.058516     1.7849   3.058836    4.53252    -0.0343    13.8155 0.0000e+00  -62.32083  -62.81917 1154465308 213.867011    34.7104      53347          4  0.000e+00
    500.886     1.7827   3.058503     1.7843   3.058830    4.53255     0.0097    13.8155 0.0000e+00  -62.32083  -62.81917 1154465308 213.867011    34.7105      53348          4  0.000e+00
    500.886     1.7834   3.058516     1.7846   3.058812    4.53248     0.0097    13.8155 0.0000e+00  -62.32083  -62.81917 1154465309 213.867012    34.7100      53349          4  0.000e+00
    500.934     1.7838   3.058510     1.7843   3.058824    4.53247    -0.1225    13.8155 0.0000e+00  -62.32083  -62.81917 1154465309 213.867012    34.7094      53350          4  0.000e+00
    500.886     1.7829   3.058537     1.7848   3.058830    4.53252    -0.1445    13.8155 0.0000e+00  -62.32083  -62.81917 1154465309 213.867013    34.7108      53351          4  0.000e+00
    500.886     1.7830   3.058527     1.7843   3.058830    4.53251    -0.0454    13.8155 0.0000e+00  -62.32083  -62.81917 1154465309 213.867013    34.7105      53352          4  0.000e+00
    500.953     1.7832   3.058558     1.7845   3.058788    4.53253    -0.0784    13.8155 0.0000e+00  -62.32083  -62.81917 1154465309 213.867014    34.7107      53353          4  0.000e+00
    500.857     1.7832   3.058541     1.7841   3.058812    4.53247    -0.1335    13.8155 0.0000e+00  -62.32083  -62.81917 1154465309 213.867014    34.7105      53354          4  0.000e+00
    500.953     1.7831   3.058506     1.7845   3.058830    4.53256    -0.0674    13.8155 0.0000e+00  -62.32083  -62.81917 1154465309 213.867015    34.7102      53355          4  0.000e+00
    500.953     1.7834   3.058516     1.7844   3.058788    4.53253    -0.1445    13.8155 0.0000e+00  -62.32083  -62.81917 1154465309 213.867015    34.7100      53356          4  0.000e+00
    500.886     1.7837   3.058558     1.7845   3.058794    4.53244    -0.1335    13.8155 0.0000e+00  -62.32083  -62.81917 1154465309 213.867016    34.7102      53357          4  0.000e+00
    500.934     1.7837   3.058558     1.7843   3.058782    4.53247    -0.1335    13.8155 0.0000e+00  -62.32083  -62.81917 1154465309 213.867016    34.7102      53358          4  0.000e+00
