product_data/regression_test/downloaded_data/MDGS/320620060703/ctd/p6624001.ros
* Sea-Bird SBE 9 Data File:
* FileName = D:\Data\Raw\p6624001.dat
* Software Version Seasave Win32 V 5.32
* Temperature SN = 1649
* Conductivity SN = 1431
* Number of Bytes Per Scan = 37
* Number of Voltage Words = 5
* Number of Scans Averaged by the Deck Unit = 1
* NMEA Latitude = 61 22.59 S
* NMEA Longitude = 054 00.77 W
* NMEA UTC (Time) = 07:06:41
** Ship:   Nathaniel B. Palmer 
** Cruise:    NBP0606 
# nquan = 17
# nvalues = 1176                    
# units = specified
# name 0 = prDM: Pressure, Digiquartz [db]
# name 1 = t090C: Temperature [ITS-90, deg C]
# name 2 = c0S/m: Conductivity [S/m]
# name 3 = t190C: Temperature, 2 [ITS-90, deg C]
# name 4 = c1S/m: Conductivity, 2 [S/m]
# name 5 = sbeox0ML/L: Oxygen, SBE 43 [ml/l]
# name 6 = flECO-AFL: Fluorescence, Wetlab ECO-AFL/FL [mg/m^3]
# name 7 = bat: Beam Attenuation, Chelsea/Seatech/Wetlab CStar [1/m]
# name 8 = spar: SPAR/Surface Irradiance
# name 9 = latitude: Latitude [deg]
# name 10 = longitude: Longitude [deg]
# name 11 = timeY: Time, System [seconds]
# name 12 = timeJ: Julian Days
# name 13 = sal00: Salinity [PSU]
# name 14 = scan: scan number
# name 15 = nbf: number of bottles fired
# name 16 = flag:  0.000e+00
# interval = seconds: 0.0416667                   
# start_time = Aug 08 2006 07:08:22
*END*
[from data line 1107]
     10.484    -1.6454   2.709885    -1.6462   2.709923    7.54641     0.0207    13.8155 0.0000e+00  -61.37650  -54.01283 1155024651 220.340894    34.2493      90030         23  0.000e+00
     10.408    -1.6454   2.709885    -1.6462   2.709952    7.54633     0.1089    13.8155 0.0000e+00  -61.37650  -54.01283 1155024652 220.340894    34.2494      90031         23  0.000e+00
     10.503    -1.6446   2.709925    -1.6460   2.709929    7.54629     0.1089    13.8155 0.0000e+00  -61.37650  -54.01283 1155024652 220.340895    34.2490      90032         23  0.000e+00
     10.484    -1.6446   2.709938    -1.6462   2.709952    7.54149     0.0538    13.8155 0.0000e+00  -61.37650  -54.01283 1155024652 220.340895    34.2492      90033         23  0.000e+00
     10.408    -1.6448   2.709938    -1.6458   2.709986    7.54143    -0.0343    13.8155 0.0000e+00  -61.37650  -54.01283 1155024652 220.340896    34.2494      90034         23  0.000e+00
     10.503    -1.6448   2.709951    -1.6454   2.709992    7.54629    -0.0343    13.8155 0.0000e+00  -61.37650  -54.01283 1155024652 220.340896    34.2495      90035         23  0.000e+00
     10.484    -1.6446   2.709941    -1.6465   2.710009    7.54626    -0.0343    13.8155 0.0000e+00  -61.37650  -54.01283 1155024652 220.340897    34.2492      90036         23  0.000e+00
     10.437    -1.6448   2.709951    -1.6457   2.709980    7.54622    -0.1004    13.8155 0.0000e+00  -61.37650  -54.01283 1155024652 220.340897    34.2496      90037         23  0.000e+00
     10.484    -1.6444   2.709957    -1.6460   2.709946    7.54622     0.0097    13.8155 0.0000e+00  -61.37650  -54.01283 1155024652 220.340897    34.2492      90038         23  0.000e+00
     10.484    -1.6449   2.709928    -1.6465   2.709957    7.54632     0.0097    13.8155 0.0000e+00  -61.37650  -54.01283 1155024652 220.340898    34.2494      90039         23  0.000e+00
     10.437    -1.6448   2.709915    -1.6468   2.709929    7.54625    -0.0013    13.8155 0.0000e+00  -61.37650  -54.01283 1155024652 220.340898    34.2491      90040         23  0.000e+00
     10.484    -1.6452   2.709915    -1.6468   2.709894    7.54637    -0.0123    13.8155 0.0000e+00  -61.37650  -54.01283 1155024652 220.340899    34.2496      90041         23  0.000e+00
     10.484    -1.6451   2.709915    -1.6474   2.709906    7.54635    -0.0123    13.8155 0.0000e+00  -61.37650  -54.01283 1155024652 220.340899    34.2494      90042         23  0.000e+00
     10.437    -1.6457   2.709879    -1.6471   2.709894    7.54642    -0.0123    13.8155 0.0000e+00  -61.37650  -54.01283 1155024652 220.340900    34.2496      90043         23  0.000e+00
     10.484    -1.6458   2.709869    -1.6479   2.709871    7.54650    -0.0454    13.8155 0.0000e+00  -61.37650  -54.01283 1155024652 220.340900    34.2496      90044         23  0.000e+00
     10.437    -1.6455   2.709889    -1.6475   2.709883    7.54638    -0.0123    13.8155 0.0000e+00  -61.37650  -54.01283 1155024652 220.340901    34.2496      90045         23  0.000e+00
     10.484    -1.6457   2.709908    -1.6472   2.709848    7.54645    -0.0343    13.8155 0.0000e+00  -61.37650  -54.01283 1155024652 220.340901    34.2500      90046         23  0.000e+00
     10.484    -1.6454   2.709895    -1.6472   2.709854    7.54641     0.0097    13.8155 0.0000e+00  -61.37650  -54.01283 1155024652 220.340902    34.2495      90047         23  0.000e+00
     10.503    -1.6463   2.709823    -1.6471   2.709883    7.54662     0.0648    13.8155 0.0000e+00  -61.37650  -54.01283 1155024652 220.340902    34.2495      90048         23  0.000e+00
     10.408    -1.6458   2.709836    -1.6472   2.709888    7.54644     0.0207    13.8155 0.0000e+00  -61.37650  -54.01283 1155024652 220.340903    34.2492      90049         23  0.000e+00
     10.346    -1.6445   2.709915    -1.6448   2.710078    7.54134     0.0648    13.8155 0.0000e+00  -61.37650  -54.01283 1155024661 220.340998    34.2488      90247         24  0.000e+00
     10.508    -1.6444   2.709915    -1.6451   2.710072    7.54151     0.1089    13.8155 0.0000e+00  -61.37650  -54.01283 1155024661 220.340999    34.2486      90248         24  0.000e+00
     10.489    -1.6449   2.709915    -1.6454   2.710032    7.54156     0.0648    13.8155 0.0000e+00  -61.37650  -54.01283 1155024661 220.340999    34.2492      90249         24  0.000e+00
     10.508    -1.6449   2.709951    -1.6449   2.710021    7.54155    -0.0123    13.8155 0.0000e+00  -61.37650  -54.01283 1155024661 220.341000    34.2497      90250         24  0.000e+00
     10.489    -1.6451   2.709957    -1.6457   2.710038    7.54155     0.0097    13.8155 0.0000e+00  -61.37650  -54.01283 1155024661 220.341000    34.2500      90251         24  0.000e+00
     10.489    -1.6451   2.709957    -1.6455   2.710026    7.54155     0.0428    13.8155 0.0000e+00  -61.37650  -54.01283 1155024661 220.341001    34.2500      90252         24  0.000e+00
     10.441    -1.6446   2.709957    -1.6457   2.710038    7.54143     0.0428    13.8155 0.0000e+00  -61.37650  -54.01283 1155024661 220.341001    34.2495      90253         24  0.000e+00
     10.489    -1.6446   2.709941    -1.6457   2.710044    7.54149     0.0097    13.8155 0.0000e+00  -61.37650  -54.01283 1155024661 220.341002    34.2492      90254         24  0.000e+00
     10.489    -1.6448   2.709951    -1.6455   2.710003    7.54151     0.0097    13.8155 0.0000e+00  -61.37650  -54.01283 1155024661 220.341002    34.2495      90255         24  0.000e+00
     10.441    -1.6448   2.709960    -1.6458   2.710009    7.54145     0.0097    13.8155 0.0000e+00  -61.37650  -54.01283 1155024661 220.341003    34.2497      90256         24  0.000e+00
     10.489    -1.6444   2.709973    -1.6457   2.710021    7.54144    -0.0123    13.8155 0.0000e+00  -61.37650  -54.01283 1155024661 220.341003    34.2495      90257         24  0.000e+00
     10.508    -1.6443   2.709980    -1.6460   2.709998    7.54144    -0.0123    13.8155 0.0000e+00  -61.37650  -54.01283 1155024661 220.341004    34.2494      90258         24  0.000e+00
     10.413    -1.6442   2.709980    -1.6455   2.710009    7.54131    -0.0013    13.8155 0.0000e+00  -61.37650  -54.01283 1155024661 220.341004    34.2493      90259         24  0.000e+00
     10.489    -1.6449   2.709980    -1.6457   2.710021    7.54151    -0.0454    13.8155 0.0000e+00  -61.37650  -54.01283 1155024661 220.341005    34.2501      90260         24  0.000e+00
     10.508    -1.6446   2.709983    -1.6452   2.709998    7.54148    -0.0233    13.8155 0.0000e+00  -61.37650  -54.01283 1155024661 220.341005    34.2498      90261         24  0.000e+00
     10.413    -1.6444   2.709980    -1.6460   2.710009    7.54136     0.0207    13.8155 0.0000e+00  -61.37650  -54.01283 1155024661 220.341005    34.2496      90262         24  0.000e+00
     10.489    -1.6448   2.710009    -1.6458   2.709917    7.54147     0.0097    13.8155 0.0000e+00  -61.37650  -54.01283 1155024661 220.341006    34.2503      90263         24  0.000e+00
     10.508    -1.6444   2.710006    -1.6459   2.710044    7.54144    -0.0343    13.8155 0.0000e+00  -61.37650  -54.01283 1155024661 220.341006    34.2499      90264         24  0.000e+00
     10.489    -1.6448   2.709967    -1.6455   2.710009    7.54150    -0.0454    13.8155 0.0000e+00  -61.37650  -54.01283 1155024661 220.341007    34.2498      90265         24  0.000e+00
     10.441    -1.6449   2.709973    -1.6462   2.709986    7.54146    -0.0674    13.8155 0.0000e+00  -61.37650  -54.01283 1155024661 220.341007    34.2500      90266         24  0.000e+00
     10.489    -1.6444   2.709967    -1.6462   2.709975    7.54145    -0.1445    13.8155 0.0000e+00  -61.37650  -54.01283 1155024661 220.341008    34.2494      90267         24  0.000e+00
     10.489    -1.6449   2.709973    -1.6458   2.709969    7.54152    -0.1225    13.8155 0.0000e+00  -61.37650  -54.01283 1155024661 220.341008    34.2500      90268         24  0.000e+00
     10.441    -1.6448   2.709960    -1.6458   2.709986    7.54145    -0.0233    13.8155 0.0000e+00  -61.37650  -54.01283 1155024661 220.341009    34.2497      90269         24  0.000e+00
     10.489    -1.6445   2.709941    -1.6460   2.709992    7.54147     0.0758    13.8155 0.0000e+00  -61.37650  -54.01283 1155024661 220.341009    34.2491      90270         24  0.000e+00
     10.489    -1.6451   2.709951    -1.6460   2.709975    7.54155     0.1089    13.8155 0.0000e+00  -61.37650  -54.01283 1155024662 220.341010    34.2499      90271         24  0.000e+00
     10.442    -1.6446   2.709944    -1.6462   2.709986    7.54144     0.0538    13.8155 0.0000e+00  -61.37650  -54.01283 1155024662 220.341010    34.2493      90272         24  0.000e+00
     10.489    -1.6454   2.709902    -1.6454   2.710009    7.54164    -0.0564    13.8155 0.0000e+00  -61.37650  -54.01283 1155024662 220.341011    34.2496      90273         24  0.000e+00
     10.508    -1.6449   2.709892    -1.6457   2.709998    7.54160    -0.0233    13.8155 0.0000e+00  -61.37650  -54.01283 1155024662 220.341011    34.2489      90274         24  0.000e+00
     10.489    -1.6451   2.709892    -1.6457   2.710026    7.54160    -0.0343    13.8155 0.0000e+00  -61.37650  -54.01283 1155024662 220.341012    34.2490      90275         24  0.000e+00
     10.413    -1.6454   2.709892    -1.6457   2.710003    7.54633     0.0097    13.8155 0.0000e+00  -61.37650  -54.01283 1155024662 220.341012    34.2495      90276         24  0.000e+00
     10.508    -1.6452   2.709908    -1.6454   2.709992    7.54640     0.0648    13.8155 0.0000e+00  -61.37650  -54.01283 1155024662 220.341013    34.2495      90277         24  0.000e+00
     10.489    -1.6451   2.709902    -1.6460   2.709992    7.54159     0.0097    13.8155 0.0000e+00  -61.37650  -54.01283 1155024662 220.341013    34.2492      90278         24  0.000e+00
     10.489    -1.6454   2.709908    -1.6458   2.709992    7.54163     0.0207    13.8155 0.0000e+00  -61.37650  -54.01283 1155024662 220.341014    34.2496      90279         24  0.000e+00
     10.442    -1.6451   2.709915    -1.6457   2.709992    7.54153     0.0428    13.8155 0.0000e+00  -61.37650  -54.01283 1155024662 220.341014    34.2494      90280         24  0.000e+00
     10.489    -1.6452   2.709931    -1.6458   2.709992    7.54160     0.0207    13.8155 0.0000e+00  -61.37650  -54.01283 1155024662 220.341015    34.2498      90281         24  0.000e+00
     10.442    -1.6455   2.709918    -1.6460   2.709992    7.54160    -0.0564    13.8155 0.0000e+00  -61.37650  -54.01283 1155024662 220.341015    34.2500      90282         24  0.000e+00
     10.489    -1.6456   2.709918    -1.6455   2.709992    7.54165     0.0097    13.8155 0.0000e+00  -61.37650  -54.01283 1155024662 220.341016    34.2500      90283         24  0.000e+00
     10.489    -1.6449   2.709931    -1.6457   2.710009    7.54155    -0.0013    13.8155 0.0000e+00  -61.37650  -54.01283 1155024662 220.341016    34.2494      90284         24  0.000e+00
     10.442    -1.6454   2.709938    -1.6460   2.709998    7.54156    -0.0343    13.8155 0.0000e+00  -61.37650  -54.01283 1155024662 220.341017    34.2501      90285         24  0.000e+00
     10.489    -1.6454   2.709902    -1.6458   2.709975    7.54164    -0.0013    13.8155 0.0000e+00  -61.37650  -54.01283 1155024662 220.341017    34.2496      90286         24  0.000e+00
     10.490    -1.6454   2.709872    -1.6457   2.709986    7.54166     0.0097    13.8155 0.0000e+00  -61.37650  -54.01283 1155024662 220.341018    34.2491      90287         24  0.000e+00
     10.442    -1.6456   2.709885    -1.6458   2.709992    7.54163    -0.0564    13.8155 0.0000e+00  -61.37650  -54.01283 1155024662 220.341018    34.2496      90288         24  0.000e+00
     10.490    -1.6457   2.709912    -1.6462   2.709992    7.54168    -0.0454    13.8155 0.0000e+00  -61.37650  -54.01283 1155024662 220.341019    34.2501      90289         24  0.000e+00
     10.509    -1.6456   2.709915    -1.6457   2.709992    7.54168     0.0538    13.8155 0.0000e+00  -61.37650  -54.01283 1155024662 220.341019    34.2499      90290         24  0.000e+00
     10.490    -1.6457   2.709879    -1.6458   2.709992    7.54171     0.0538    13.8155 0.0000e+00  -61.37650  -54.01283 1155024662 220.341019    34.2496      90291         24  0.000e+00
     10.413    -1.6457   2.709885    -1.6460   2.709796    7.54162    -0.0343    13.8155 0.0000e+00  -61.37650  -54.01283 1155024662 220.341020    34.2497      90292         24  0.000e+00
     10.509    -1.6456   2.709892    -1.6455   2.710118    7.54169    -0.0343    13.8155 0.0000e+00  -61.37650  -54.01283 1155024662 220.341020    34.2496      90293         24  0.000e+00
     10.490    -1.6455   2.709895    -1.6460   2.710055    7.54167     0.0207    13.8155 0.0000e+00  -61.37650  -54.01283 1155024662 220.341021    34.2496      90294         24  0.000e+00
     10.490    -1.6456   2.709876    -1.6459   2.710009    7.54169     0.0207    13.8155 0.0000e+00  -61.37650  -54.01283 1155024663 220.341021    34.2494      90295         24  0.000e+00
