product_data/regression_test/downloaded_data/MDGS/320620060703/ctd/p6620501.cnv
* Sea-Bird SBE 9 Data File:
* FileName = D:\Data\Raw\p6620501.dat
* Software Version Seasave Win32 V 5.32
* Temperature SN = 1649
* Conductivity SN = 1431
* Number of Bytes Per Scan = 37
* Number of Voltage Words = 5
* Number of Scans Averaged by the Deck Unit = 1
* NMEA Latitude = 64 40.50 S
* NMEA Longitude = 062 44.93 W
* NMEA UTC (Time) = 01:32:47
** Ship:   Nathaniel B. Palmer 
** Cruise:    NBP0606 
# nquan = 15
# nvalues = 211                         
# units = specified
# name 0 = prDM: Pressure, Digiquartz [db]
# name 1 = t090C: Temperature [ITS-90, deg C]
# name 2 = c0S/m: Conductivity [S/m]
# name 3 = t190C: Temperature, 2 [ITS-90, deg C]
# name 4 = c1S/m: Conductivity, 2 [S/m]
# name 5 = sbeox0ML/L: Oxygen, SBE 43 [ml/l]
# name 6 = flECO-AFL: Fluorescence, Wetlab ECO-AFL/FL [mg/m^3]
# name 7 = bat: Beam Attenuation, Chelsea/Seatech/Wetlab CStar [1/m]
# name 8 = spar: SPAR/Surface Irradiance
# name 9 = latitude: Latitude [deg]
# name 10 = longitude: Longitude [deg]
# name 11 = timeY: Time, System [seconds]
# name 12 = timeJ: Julian Days
# name 13 = sal00: Salinity [PSU]
# name 14 = flag: flag
# span 0 =      2.000,    212.000       
# span 1 =    -0.6608,     0.0960       
# span 2 =   2.787732,   2.876450       
# span 3 =    -0.6616,     0.0971       
# span 4 =   2.788440,   2.876800       
# span 5 =    5.94232,    6.77689       
# span 6 =    -0.0164,     0.0747       
# span 7 =    13.8155,    13.8155       
# span 8 = 0.0000e+00, 0.0000e+00       
# span 9 =  -64.67500,  -64.67500       
# span 10 =  -62.74883,  -62.74883      
# span 11 = 1154136775, 1154137173      
# span 12 = 210.064536, 210.069159      
# span 13 =    34.1948,    34.4031      
# span 14 = 0.0000e+00, 0.0000e+00      
# interval = decibars: 1                
# start_time = Jul 29 2006 01:32:55
# bad_flag = -9.990e-29
*END*
[from data line 97]
     99.000    -0.0557   2.851683    -0.0546   2.852121    6.14702     0.0190    13.8155 0.0000e+00  -64.67500  -62.74883 1154136998 210.067133    34.3120 0.0000e+00
    100.000    -0.0555   2.851777    -0.0544   2.852206    6.14899     0.0114    13.8155 0.0000e+00  -64.67500  -62.74883 1154137000 210.067155    34.3124 0.0000e+00
    101.000    -0.0546   2.852011    -0.0538   2.852373    6.14736     0.0371    13.8155 0.0000e+00  -64.67500  -62.74883 1154137002 210.067177    34.3138 0.0000e+00
    102.000    -0.0550   2.851973    -0.0538   2.852412    6.14759     0.0406    13.8155 0.0000e+00  -64.67500  -62.74883 1154137004 210.067200    34.3132 0.0000e+00
    103.000    -0.0522   2.852423    -0.0510   2.852853    6.14511     0.0245    13.8155 0.0000e+00  -64.67500  -62.74883 1154137005 210.067216    34.3152 0.0000e+00
    104.000    -0.0526   2.852416    -0.0515   2.852819    6.14300     0.0287    13.8155 0.0000e+00  -64.67500  -62.74883 1154137007 210.067231    34.3151 0.0000e+00
    105.000    -0.0512   2.852573    -0.0496   2.853033    6.14048     0.0427    13.8155 0.0000e+00  -64.67500  -62.74883 1154137008 210.067246    34.3149 0.0000e+00
    106.000    -0.0524   2.852438    -0.0507   2.852932    6.13840     0.0112    13.8155 0.0000e+00  -64.67500  -62.74883 1154137009 210.067261    34.3139 0.0000e+00
    107.000    -0.0513   2.852628    -0.0501   2.853059    6.14128     0.0203    13.8155 0.0000e+00  -64.67500  -62.74883 1154137010 210.067275    34.3146 0.0000e+00
    108.000    -0.0519   2.852623    -0.0496   2.853202    6.14021     0.0325    13.8155 0.0000e+00  -64.67500  -62.74883 1154137012 210.067289    34.3146 0.0000e+00
    109.000    -0.0513   2.852724    -0.0495   2.853254    6.14016     0.0366    13.8155 0.0000e+00  -64.67500  -62.74883 1154137013 210.067303    34.3147 0.0000e+00
    110.000    -0.0486   2.853050    -0.0480   2.853498    6.13812     0.0350    13.8155 0.0000e+00  -64.67500  -62.74883 1154137014 210.067318    34.3169 0.0000e+00
    111.000    -0.0465   2.853446    -0.0458   2.853818    6.13788     0.0446    13.8155 0.0000e+00  -64.67500  -62.74883 1154137015 210.067332    34.3175 0.0000e+00
    112.000    -0.0477   2.853356    -0.0461   2.853836    6.13828     0.0206    13.8155 0.0000e+00  -64.67500  -62.74883 1154137016 210.067346    34.3171 0.0000e+00
    113.000    -0.0487   2.853243    -0.0463   2.853829    6.13898     0.0120    13.8155 0.0000e+00  -64.67500  -62.74883 1154137018 210.067360    34.3162 0.0000e+00
    114.000    -0.0494   2.853159    -0.0482   2.853612    6.13959     0.0263    13.8155 0.0000e+00  -64.67500  -62.74883 1154137019 210.067374    34.3152 0.0000e+00
    115.000    -0.0510   2.853002    -0.0497   2.853423    6.13634     0.0402    13.8155 0.0000e+00  -64.67500  -62.74883 1154137020 210.067388    34.3145 0.0000e+00
    116.000    -0.0485   2.853370    -0.0473   2.853799    6.13549     0.0234    13.8155 0.0000e+00  -64.67500  -62.74883 1154137021 210.067402    34.3158 0.0000e+00
    117.000    -0.0483   2.853449    -0.0471   2.853880    6.13636     0.0518    13.8155 0.0000e+00  -64.67500  -62.74883 1154137023 210.067417    34.3160 0.0000e+00
    118.000    -0.0477   2.853581    -0.0465   2.853996    6.13692     0.0396    13.8155 0.0000e+00  -64.67500  -62.74883 1154137024 210.067431    34.3165 0.0000e+00
    119.000    -0.0482   2.853567    -0.0472   2.853960    6.13721     0.0262    13.8155 0.0000e+00  -64.67500  -62.74883 1154137025 210.067447    34.3163 0.0000e+00
    120.000    -0.0490   2.853522    -0.0472   2.854006    6.14351     0.0190    13.8155 0.0000e+00  -64.67500  -62.74883 1154137026 210.067462    34.3160 0.0000e+00
    121.000    -0.0523   2.853193    -0.0512   2.853634    6.14545     0.0251    13.8155 0.0000e+00  -64.67500  -62.74883 1154137028 210.067477    34.3149 0.0000e+00
    122.000    -0.0553   2.852920    -0.0537   2.853395    6.14619     0.0069    13.8155 0.0000e+00  -64.67500  -62.74883 1154137029 210.067492    34.3140 0.0000e+00
    123.000    -0.0557   2.852924    -0.0546   2.853342    6.14679     0.0128    13.8155 0.0000e+00  -64.67500  -62.74883 1154137030 210.067507    34.3140 0.0000e+00
    124.000    -0.0568   2.852863    -0.0558   2.853266    6.14844     0.0179    13.8155 0.0000e+00  -64.67500  -62.74883 1154137032 210.067521    34.3137 0.0000e+00
    125.000    -0.0577   2.852866    -0.0566   2.853289    6.14796     0.0173    13.8155 0.0000e+00  -64.67500  -62.74883 1154137033 210.067535    34.3142 0.0000e+00
    126.000    -0.0559   2.853152    -0.0544   2.853590    6.14818     0.0185    13.8155 0.0000e+00  -64.67500  -62.74883 1154137034 210.067550    34.3153 0.0000e+00
    127.000    -0.0545   2.853347    -0.0529   2.853818    6.14505     0.0541    13.8155 0.0000e+00  -64.67500  -62.74883 1154137035 210.067564    34.3157 0.0000e+00
    128.000    -0.0491   2.854023    -0.0468   2.854520    6.13948     0.0354    13.8155 0.0000e+00  -64.67500  -62.74883 1154137036 210.067578    34.3179 0.0000e+00
    129.000    -0.0416   2.854899    -0.0401   2.855311    6.13281     0.0084    13.8155 0.0000e+00  -64.67500  -62.74883 1154137038 210.067592    34.3202 0.0000e+00
    130.000    -0.0398   2.855138    -0.0385   2.855529    6.13273     0.0225    13.8155 0.0000e+00  -64.67500  -62.74883 1154137039 210.067607    34.3208 0.0000e+00
    131.000    -0.0391   2.855272    -0.0380   2.855649    6.13106     0.0112    13.8155 0.0000e+00  -64.67500  -62.74883 1154137040 210.067621    34.3211 0.0000e+00
    132.000    -0.0352   2.855791    -0.0340   2.856113    6.12455     0.0307    13.8155 0.0000e+00  -64.67500  -62.74883 1154137041 210.067635    34.3233 0.0000e+00
    133.000    -0.0125   2.858416    -0.0101   2.858888    6.11531     0.0196    13.8155 0.0000e+00  -64.67500  -62.74883 1154137043 210.067649    34.3312 0.0000e+00
    134.000    -0.0062   2.859200    -0.0051   2.859531    6.10856     0.0313    13.8155 0.0000e+00  -64.67500  -62.74883 1154137044 210.067664    34.3340 0.0000e+00
    135.000    -0.0053   2.859470    -0.0040   2.859889    6.10194     0.0224    13.8155 0.0000e+00  -64.67500  -62.74883 1154137045 210.067678    34.3359 0.0000e+00
    136.000    -0.0052   2.859577    -0.0040   2.859979    6.09582     0.0053    13.8155 0.0000e+00  -64.67500  -62.74883 1154137046 210.067692    34.3367 0.0000e+00
    137.000    -0.0052   2.859725    -0.0041   2.860113    6.08733     0.0246    13.8155 0.0000e+00  -64.67500  -62.74883 1154137048 210.067707    34.3382 0.0000e+00
    138.000    -0.0050   2.859823    -0.0038   2.860219    6.08289    -0.0002    13.8155 0.0000e+00  -64.67500  -62.74883 1154137049 210.067721    34.3387 0.0000e+00
    139.000    -0.0049   2.859872    -0.0038   2.860264    6.08201     0.0083    13.8155 0.0000e+00  -64.67500  -62.74883 1154137050 210.067736    34.3388 0.0000e+00
    140.000    -0.0048   2.859942    -0.0036   2.860323    6.08182     0.0141    13.8155 0.0000e+00  -64.67500  -62.74883 1154137051 210.067750    34.3390 0.0000e+00
    141.000    -0.0046   2.859996    -0.0034   2.860386    6.08328     0.0197    13.8155 0.0000e+00  -64.67500  -62.74883 1154137053 210.067765    34.3390 0.0000e+00
    142.000    -0.0046   2.860057    -0.0033   2.860450    6.08048     0.0225    13.8155 0.0000e+00  -64.67500  -62.74883 1154137054 210.067779    34.3392 0.0000e+00
    143.000    -0.0029   2.860353    -0.0009   2.860826    6.07682     0.0301    13.8155 0.0000e+00  -64.67500  -62.74883 1154137055 210.067794    34.3406 0.0000e+00
    144.000     0.0085   2.861905     0.0102   2.862302    6.06852    -0.0139    13.8155 0.0000e+00  -64.67500  -62.74883 1154137056 210.067808    34.3472 0.0000e+00
    145.000     0.0171   2.863066     0.0182   2.863404    6.06218     0.0092    13.8155 0.0000e+00  -64.67500  -62.74883 1154137058 210.067823    34.3525 0.0000e+00
    146.000     0.0167   2.863063     0.0183   2.863467    6.05903     0.0418    13.8155 0.0000e+00  -64.67500  -62.74883 1154137059 210.067837    34.3523 0.0000e+00
    147.000     0.0171   2.863154     0.0184   2.863533    6.05717     0.0002    13.8155 0.0000e+00  -64.67500  -62.74883 1154137060 210.067851    34.3527 0.0000e+00
    148.000     0.0181   2.863322     0.0193   2.863706    6.05707     0.0288    13.8155 0.0000e+00  -64.67500  -62.74883 1154137061 210.067866    34.3532 0.0000e+00
    149.000     0.0190   2.863498     0.0201   2.863874    6.05778     0.0301    13.8155 0.0000e+00  -64.67500  -62.74883 1154137063 210.067880    34.3540 0.0000e+00
    150.000     0.0189   2.863538     0.0201   2.863914    6.05830     0.0161    13.8155 0.0000e+00  -64.67500  -62.74883 1154137064 210.067894    34.3541 0.0000e+00
    151.000     0.0184   2.863508     0.0196   2.863891    6.05734    -0.0032    13.8155 0.0000e+00  -64.67500  -62.74883 1154137065 210.067909    34.3537 0.0000e+00
    152.000     0.0188   2.863606     0.0199   2.863980    6.05546     0.0333    13.8155 0.0000e+00  -64.67500  -62.74883 1154137066 210.067923    34.3540 0.0000e+00
    153.000     0.0187   2.863631     0.0199   2.864017    6.05380     0.0005    13.8155 0.0000e+00  -64.67500  -62.74883 1154137068 210.067938    34.3539 0.0000e+00
    154.000     0.0201   2.863835     0.0210   2.864173    6.05127     0.0387    13.8155 0.0000e+00  -64.67500  -62.74883 1154137069 210.067953    34.3545 0.0000e+00
    155.000     0.0198   2.863847     0.0212   2.864250    6.04815     0.0009    13.8155 0.0000e+00  -64.67500  -62.74883 1154137070 210.067968    34.3544 0.0000e+00
    156.000     0.0208   2.864015     0.0222   2.864408    6.04714     0.0330    13.8155 0.0000e+00  -64.67500  -62.74883 1154137071 210.067983    34.3549 0.0000e+00
    157.000     0.0221   2.864203     0.0230   2.864555    6.04792     0.0171    13.8155 0.0000e+00  -64.67500  -62.74883 1154137073 210.067997    34.3552 0.0000e+00
    158.000     0.0218   2.864222     0.0230   2.864603    6.04727     0.0303    13.8155 0.0000e+00  -64.67500  -62.74883 1154137074 210.068012    34.3553 0.0000e+00
    159.000     0.0223   2.864315     0.0234   2.864704    6.04661    -0.0034    13.8155 0.0000e+00  -64.67500  -62.74883 1154137075 210.068026    34.3554 0.0000e+00
    160.000     0.0229   2.864449     0.0241   2.864809    6.04583     0.0060    13.8155 0.0000e+00  -64.67500  -62.74883 1154137076 210.068040    34.3559 0.0000e+00
    161.000     0.0234   2.864562     0.0247   2.864933    6.04314     0.0170    13.8155 0.0000e+00  -64.67500  -62.74883 1154137078 210.068054    34.3562 0.0000e+00
    162.000     0.0245   2.864734     0.0254   2.865070    6.04119     0.0166    13.8155 0.0000e+00  -64.67500  -62.74883 1154137079 210.068068    34.3567 0.0000e+00
    163.000     0.0265   2.865021     0.0274   2.865351    6.04085     0.0233    13.8155 0.0000e+00  -64.67500  -62.74883 1154137080 210.068082    34.3576 0.0000e+00
    164.000     0.0295   2.865431     0.0306   2.865798    6.03855     0.0127    13.8155 0.0000e+00  -64.67500  -62.74883 1154137081 210.068097    34.3589 0.0000e+00
    165.000     0.0309   2.865639     0.0323   2.866019    6.03482    -0.0018    13.8155 0.0000e+00  -64.67500  -62.74883 1154137083 210.068111    34.3595 0.0000e+00
    166.000     0.0318   2.865824     0.0331   2.866182    6.03442     0.0096    13.8155 0.0000e+00  -64.67500  -62.74883 1154137084 210.068126    34.3603 0.0000e+00
    167.000     0.0316   2.865839     0.0330   2.866230    6.03206     0.0107    13.8155 0.0000e+00  -64.67500  -62.74883 1154137085 210.068141    34.3602 0.0000e+00
    168.000     0.0339   2.866189     0.0357   2.866596    6.02974     0.0268    13.8155 0.0000e+00  -64.67500  -62.74883 1154137086 210.068155    34.3618 0.0000e+00
    169.000     0.0420   2.867225     0.0441   2.867658    6.02674     0.0156    13.8155 0.0000e+00  -64.67500  -62.74883 1154137088 210.068170    34.3655 0.0000e+00
    170.000     0.0442   2.867513     0.0455   2.867895    6.02690     0.0063    13.8155 0.0000e+00  -64.67500  -62.74883 1154137089 210.068184    34.3662 0.0000e+00
    171.000     0.0431   2.867434     0.0442   2.867788    6.02669    -0.0036    13.8155 0.0000e+00  -64.67500  -62.74883 1154137090 210.068198    34.3659 0.0000e+00
    172.000     0.0439   2.867593     0.0452   2.867974    6.02539    -0.0009    13.8155 0.0000e+00  -64.67500  -62.74883 1154137091 210.068213    34.3665 0.0000e+00
    173.000     0.0460   2.867888     0.0477   2.868298    6.02010     0.0044    13.8155 0.0000e+00  -64.67500  -62.74883 1154137093 210.068228    34.3674 0.0000e+00
    174.000     0.0476   2.868117     0.0502   2.868657    6.01213     0.0134    13.8155 0.0000e+00  -64.67500  -62.74883 1154137094 210.068242    34.3681 0.0000e+00
    175.000     0.0495   2.868413     0.0501   2.868692    6.00850     0.0387    13.8155 0.0000e+00  -64.67500  -62.74883 1154137095 210.068256    34.3692 0.0000e+00
    176.000     0.0508   2.868626     0.0520   2.868985    6.00724     0.0139    13.8155 0.0000e+00  -64.67500  -62.74883 1154137096 210.068270    34.3700 0.0000e+00
    177.000     0.0537   2.869063     0.0558   2.869538    6.00119     0.0065    13.8155 0.0000e+00  -64.67500  -62.74883 1154137098 210.068284    34.3720 0.0000e+00
    178.000     0.0616   2.870190     0.0670   2.871090    5.99448     0.0129    13.8155 0.0000e+00  -64.67500  -62.74883 1154137099 210.068298    34.3774 0.0000e+00
    179.000     0.0710   2.871529     0.0728   2.871938    5.98942    -0.0014    13.8155 0.0000e+00  -64.67500  -62.74883 1154137100 210.068312    34.3836 0.0000e+00
    180.000     0.0688   2.871269     0.0708   2.871756    5.98795    -0.0038    13.8155 0.0000e+00  -64.67500  -62.74883 1154137101 210.068327    34.3820 0.0000e+00
    181.000     0.0657   2.870899     0.0663   2.871199    5.98604     0.0160    13.8155 0.0000e+00  -64.67500  -62.74883 1154137103 210.068341    34.3803 0.0000e+00
    182.000     0.0675   2.871145     0.0683   2.871449    5.98489     0.0025    13.8155 0.0000e+00  -64.67500  -62.74883 1154137104 210.068356    34.3809 0.0000e+00
    183.000     0.0703   2.871511     0.0708   2.871755    5.98271    -0.0164    13.8155 0.0000e+00  -64.67500  -62.74883 1154137105 210.068370    34.3821 0.0000e+00
    184.000     0.0732   2.871950     0.0728   2.872079    5.98101    -0.0157    13.8155 0.0000e+00  -64.67500  -62.74883 1154137106 210.068385    34.3839 0.0000e+00
    185.000     0.0727   2.871946     0.0733   2.872232    5.98144     0.0133    13.8155 0.0000e+00  -64.67500  -62.74883 1154137107 210.068399    34.3839 0.0000e+00
    186.000     0.0731   2.872076     0.0743   2.872408    5.97837    -0.0033    13.8155 0.0000e+00  -64.67500  -62.74883 1154137110 210.068423    34.3848 0.0000e+00
    187.000     0.0737   2.872164     0.0753   2.872551    5.97336     0.0153    13.8155 0.0000e+00  -64.67500  -62.74883 1154137112 210.068451    34.3845 0.0000e+00
    188.000     0.0757   2.872506     0.0768   2.872823    5.97265     0.0076    13.8155 0.0000e+00  -64.67500  -62.74883 1154137114 210.068479    34.3862 0.0000e+00
    189.000     0.0774   2.872790     0.0783   2.873103    5.97004     0.0231    13.8155 0.0000e+00  -64.67500  -62.74883 1154137117 210.068504    34.3875 0.0000e+00
    190.000     0.0782   2.872954     0.0795   2.873316    5.97051     0.0017    13.8155 0.0000e+00  -64.67500  -62.74883 1154137119 210.068530    34.3882 0.0000e+00
    191.000     0.0802   2.873290     0.0816   2.873665    5.96997    -0.0004    13.8155 0.0000e+00  -64.67500  -62.74883 1154137121 210.068555    34.3898 0.0000e+00
    192.000     0.0809   2.873432     0.0822   2.873785    5.96876    -0.0066    13.8155 0.0000e+00  -64.67500  -62.74883 1154137123 210.068580    34.3903 0.0000e+00
    193.000     0.0814   2.873531     0.0827   2.873887    5.96545     0.0033    13.8155 0.0000e+00  -64.67500  -62.74883 1154137125 210.068604    34.3904 0.0000e+00
