product_data/regression_test/downloaded_data/MGDS/320620060703/ctd/p6608603.ros
* Sea-Bird SBE 9 Data File:
* FileName = D:\Data\Raw\P6608603.dat
* Software Version Seasave Win32 V 5.32
* Temperature SN = 1649
* Conductivity SN = 1431
* Number of Bytes Per Scan = 37
* Number of Voltage Words = 5
* Number of Scans Averaged by the Deck Unit = 1
* NMEA Latitude = 61 36.69 S
* NMEA Longitude = 057 43.83 W
* NMEA UTC (Time) = 04:19:32
** Ship:   Nathaniel B. Palmer 
** Cruise:    NBP0603 p0606
** Cast #: 03
** Station:   86
** Operator: 
# nquan = 17
# nvalues = 1176                    
# units = specified
# name 0 = prDM: Pressure, Digiquartz [db]
# name 1 = t090C: Temperature [ITS-90, deg C]
# name 2 = c0S/m: Conductivity [S/m]
# name 3 = t190C: Temperature, 2 [ITS-90, deg C]
# name 4 = c1S/m: Conductivity, 2 [S/m]
# name 5 = sbeox0ML/L: Oxygen, SBE 43 [ml/l]
# name 6 = flECO-AFL: Fluorescence, Wetlab ECO-AFL/FL [mg/m^3]
# name 7 = bat: Beam Attenuation, Chelsea/Seatech/Wetlab CStar [1/m]
# name 8 = spar: SPAR/Surface Irradiance
# name 9 = latitude: Latitude [deg]
# name 10 = longitude: Longitude [deg]
# name 11 = timeY: Time, System [seconds]
# name 12 = timeJ: Julian Days
# name 13 = sal00: Salinity [PSU]
# name 14 = scan: scan number
# name 15 = nbf: number of bottles fired
# name 16 = flag:  0.000e+00
# interval = seconds: 0.0416667                   
# start_time = Jul 10 2006 04:19:39
*END*
[from data line 852]
     40.297    -0.7518   2.780828    -0.7507   2.781130    7.72482     0.0865    13.8155 0.0000e+00  -61.61150  -57.73050 1152507187 191.203573    34.1828      48235         18  0.000e+00
     40.221    -0.7525   2.780775    -0.7513   2.781125    7.72956     0.1080    13.8155 0.0000e+00  -61.61150  -57.73050 1152507187 191.203574    34.1829      48236         18  0.000e+00
     40.288    -0.7526   2.780798    -0.7513   2.781107    7.72962     0.0757    13.8155 0.0000e+00  -61.61150  -57.73050 1152507187 191.203574    34.1832      48237         18  0.000e+00
     40.297    -0.7524   2.780805    -0.7511   2.781119    7.72960     0.0757    13.8155 0.0000e+00  -61.61150  -57.73050 1152507187 191.203575    34.1831      48238         18  0.000e+00
     40.364    -0.7519   2.780818    -0.7513   2.781107    7.72960     0.0865    13.8155 0.0000e+00  -61.61150  -57.73050 1152507187 191.203575    34.1828      48239         18  0.000e+00
     40.364    -0.7521   2.780835    -0.7512   2.781119    7.72961     0.0972    13.8155 0.0000e+00  -61.61150  -57.73050 1152507187 191.203576    34.1831      48240         18  0.000e+00
     40.364    -0.7521   2.780812    -0.7516   2.781125    7.72963     0.1188    13.8155 0.0000e+00  -61.61150  -57.73050 1152507187 191.203576    34.1828      48241         18  0.000e+00
     40.364    -0.7521   2.780805    -0.7514   2.781107    7.72963     0.0972    13.8155 0.0000e+00  -61.61150  -57.73050 1152507187 191.203577    34.1827      48242         18  0.000e+00
     40.431    -0.7521   2.780828    -0.7513   2.781101    7.72968     0.0972    13.8155 0.0000e+00  -61.61150  -57.73050 1152507187 191.203577    34.1830      48243         18  0.000e+00
     40.431    -0.7523   2.780812    -0.7511   2.781136    7.72972     0.1188    13.8155 0.0000e+00  -61.61150  -57.73050 1152507187 191.203578    34.1830      48244         18  0.000e+00
     40.431    -0.7527   2.780805    -0.7513   2.781130    7.72980     0.1188    13.8155 0.0000e+00  -61.61150  -57.73050 1152507188 191.203578    34.1834      48245         18  0.000e+00
     40.507    -0.7516   2.780828    -0.7507   2.781125    7.72970     0.1188    13.8155 0.0000e+00  -61.61150  -57.73050 1152507188 191.203579    34.1824      48246         18  0.000e+00
     40.498    -0.7521   2.780845    -0.7507   2.781142    7.72974     0.1295    13.8155 0.0000e+00  -61.61150  -57.73050 1152507188 191.203579    34.1832      48247         18  0.000e+00
     40.507    -0.7523   2.780848    -0.7508   2.781131    7.72978     0.1295    13.8155 0.0000e+00  -61.61150  -57.73050 1152507188 191.203580    34.1834      48248         18  0.000e+00
     40.574    -0.7517   2.780858    -0.7513   2.781142    7.72977     0.1188    13.8155 0.0000e+00  -61.61150  -57.73050 1152507188 191.203580    34.1829      48249         18  0.000e+00
     40.574    -0.7513   2.780884    -0.7508   2.781154    7.72968     0.1080    13.8155 0.0000e+00  -61.61150  -57.73050 1152507188 191.203581    34.1828      48250         18  0.000e+00
     40.574    -0.7513   2.780894    -0.7509   2.781148    7.72967     0.0650    13.8155 0.0000e+00  -61.61150  -57.73050 1152507188 191.203581    34.1829      48251         18  0.000e+00
     40.641    -0.7512   2.780901    -0.7510   2.781148    7.73440     0.1188    13.8155 0.0000e+00  -61.61150  -57.73050 1152507188 191.203582    34.1828      48252         18  0.000e+00
     40.574    -0.7511   2.780878    -0.7510   2.781189    7.73434     0.1403    13.8155 0.0000e+00  -61.61150  -57.73050 1152507188 191.203582    34.1825      48253         18  0.000e+00
     40.717    -0.7512   2.780888    -0.7508   2.781142    7.73449     0.1080    13.8155 0.0000e+00  -61.61150  -57.73050 1152507188 191.203583    34.1826      48254         18  0.000e+00
     40.641    -0.7511   2.780901    -0.7508   2.781142    7.72971     0.0650    13.8155 0.0000e+00  -61.61150  -57.73050 1152507188 191.203583    34.1828      48255         18  0.000e+00
     40.717    -0.7513   2.780894    -0.7510   2.781154    7.72982     0.0650    13.8155 0.0000e+00  -61.61150  -57.73050 1152507188 191.203584    34.1828      48256         18  0.000e+00
     40.717    -0.7515   2.780894    -0.7510   2.781113    7.72985     0.0757    13.8155 0.0000e+00  -61.61150  -57.73050 1152507188 191.203584    34.1830      48257         18  0.000e+00
     40.784    -0.7508   2.780901    -0.7510   2.781177    7.72982     0.0972    13.8155 0.0000e+00  -61.61150  -57.73050 1152507188 191.203585    34.1823      48258         18  0.000e+00
     40.717    -0.7515   2.780878    -0.7511   2.781189    7.72987     0.1188    13.8155 0.0000e+00  -61.61150  -57.73050 1152507188 191.203585    34.1828      48259         18  0.000e+00
     40.860    -0.7511   2.780901    -0.7510   2.781183    7.72995     0.1403    13.8155 0.0000e+00  -61.61150  -57.73050 1152507188 191.203586    34.1827      48260         18  0.000e+00
     40.784    -0.7512   2.780904    -0.7510   2.781200    7.72987     0.0972    13.8155 0.0000e+00  -61.61150  -57.73050 1152507188 191.203586    34.1828      48261         18  0.000e+00
     40.860    -0.7508   2.780911    -0.7510   2.781189    7.72989     0.1080    13.8155 0.0000e+00  -61.61150  -57.73050 1152507188 191.203587    34.1824      48262         18  0.000e+00
     40.860    -0.7504   2.780914    -0.7507   2.781183    7.72983     0.1080    13.8155 0.0000e+00  -61.61150  -57.73050 1152507188 191.203587    34.1820      48263         18  0.000e+00
     40.927    -0.7507   2.780924    -0.7510   2.781183    7.73462     0.1403    13.8155 0.0000e+00  -61.61150  -57.73050 1152507188 191.203587    34.1824      48264         18  0.000e+00
     31.904    -0.7484   2.780757    -0.7471   2.781064    7.72467     0.0972    13.8155 0.0000e+00  -61.61150  -57.73050 1152507242 191.204208    34.1831      49551         19  0.000e+00
     31.837    -0.7478   2.780766    -0.7476   2.781053    7.72450     0.0972    13.8155 0.0000e+00  -61.61150  -57.73050 1152507242 191.204209    34.1826      49552         19  0.000e+00
     31.904    -0.7482   2.780740    -0.7475   2.781047    7.71997     0.0865    13.8155 0.0000e+00  -61.61150  -57.73050 1152507242 191.204209    34.1827      49553         19  0.000e+00
     31.895    -0.7482   2.780750    -0.7470   2.781006    7.71996     0.0650    13.8155 0.0000e+00  -61.61150  -57.73050 1152507242 191.204210    34.1828      49554         19  0.000e+00
     31.904    -0.7482   2.780766    -0.7473   2.781006    7.72464     0.0972    13.8155 0.0000e+00  -61.61150  -57.73050 1152507242 191.204210    34.1831      49555         19  0.000e+00
     31.838    -0.7480   2.780776    -0.7474   2.781035    7.72453     0.1080    13.8155 0.0000e+00  -61.61150  -57.73050 1152507242 191.204211    34.1831      49556         19  0.000e+00
     31.838    -0.7476   2.780760    -0.7476   2.781047    7.71980     0.1510    13.8155 0.0000e+00  -61.61150  -57.73050 1152507242 191.204211    34.1824      49557         19  0.000e+00
     31.961    -0.7477   2.780766    -0.7478   2.781024    7.71995     0.1403    13.8155 0.0000e+00  -61.61150  -57.73050 1152507242 191.204212    34.1825      49558         19  0.000e+00
     31.904    -0.7482   2.780776    -0.7474   2.781035    7.71996     0.1188    13.8155 0.0000e+00  -61.61150  -57.73050 1152507242 191.204212    34.1833      49559         19  0.000e+00
     31.904    -0.7479   2.780760    -0.7476   2.781047    7.72459     0.1080    13.8155 0.0000e+00  -61.61150  -57.73050 1152507242 191.204212    34.1826      49560         19  0.000e+00
     31.838    -0.7475   2.780766    -0.7479   2.781047    7.72445     0.1188    13.8155 0.0000e+00  -61.61150  -57.73050 1152507242 191.204213    34.1823      49561         19  0.000e+00
     32.038    -0.7479   2.780740    -0.7476   2.781047    7.72475     0.1833    13.8155 0.0000e+00  -61.61150  -57.73050 1152507242 191.204213    34.1823      49562         19  0.000e+00
     31.904    -0.7475   2.780734    -0.7472   2.781047    7.72454     0.1618    13.8155 0.0000e+00  -61.61150  -57.73050 1152507242 191.204214    34.1818      49563         19  0.000e+00
     31.904    -0.7480   2.780743    -0.7471   2.781047    7.71995     0.1403    13.8155 0.0000e+00  -61.61150  -57.73050 1152507243 191.204214    34.1826      49564         19  0.000e+00
     31.904    -0.7478   2.780770    -0.7473   2.781024    7.72457     0.1403    13.8155 0.0000e+00  -61.61150  -57.73050 1152507243 191.204215    34.1826      49565         19  0.000e+00
     31.904    -0.7479   2.780760    -0.7474   2.781035    7.72459     0.1188    13.8155 0.0000e+00  -61.61150  -57.73050 1152507243 191.204215    34.1826      49566         19  0.000e+00
     31.895    -0.7476   2.780766    -0.7479   2.781047    7.72453     0.0972    13.8155 0.0000e+00  -61.61150  -57.73050 1152507243 191.204216    34.1824      49567         19  0.000e+00
     31.971    -0.7479   2.780740    -0.7477   2.781024    7.72467     0.1403    13.8155 0.0000e+00  -61.61150  -57.73050 1152507243 191.204216    34.1823      49568         19  0.000e+00
     31.838    -0.7470   2.780766    -0.7474   2.781018    7.72438     0.1403    13.8155 0.0000e+00  -61.61150  -57.73050 1152507243 191.204217    34.1818      49569         19  0.000e+00
     31.904    -0.7471   2.780803    -0.7473   2.781035    7.72444     0.1403    13.8155 0.0000e+00  -61.61150  -57.73050 1152507243 191.204217    34.1823      49570         19  0.000e+00
     31.895    -0.7478   2.780770    -0.7474   2.781024    7.72456     0.1618    13.8155 0.0000e+00  -61.61150  -57.73050 1152507243 191.204218    34.1827      49571         19  0.000e+00
     31.904    -0.7477   2.780773    -0.7479   2.781035    7.72456     0.1188    13.8155 0.0000e+00  -61.61150  -57.73050 1152507243 191.204218    34.1826      49572         19  0.000e+00
     31.904    -0.7473   2.780737    -0.7476   2.781024    7.72452     0.1188    13.8155 0.0000e+00  -61.61150  -57.73050 1152507243 191.204219    34.1817      49573         19  0.000e+00
     31.904    -0.7479   2.780747    -0.7474   2.781018    7.72460     0.1295    13.8155 0.0000e+00  -61.61150  -57.73050 1152507243 191.204219    34.1824      49574         19  0.000e+00
     31.895    -0.7478   2.780757    -0.7473   2.781035    7.72457     0.1403    13.8155 0.0000e+00  -61.61150  -57.73050 1152507243 191.204220    34.1825      49575         19  0.000e+00
     31.905    -0.7476   2.780747    -0.7477   2.781047    7.72455     0.1403    13.8155 0.0000e+00  -61.61150  -57.73050 1152507243 191.204220    34.1821      49576         19  0.000e+00
     31.905    -0.7478   2.780753    -0.7479   2.781024    7.72458     0.1618    13.8155 0.0000e+00  -61.61150  -57.73050 1152507243 191.204221    34.1824      49577         19  0.000e+00
     31.905    -0.7477   2.780757    -0.7474   2.781018    7.72457     0.1618    13.8155 0.0000e+00  -61.61150  -57.73050 1152507243 191.204221    34.1824      49578         19  0.000e+00
     31.828    -0.7476   2.780747    -0.7478   2.781018    7.72448     0.1833    13.8155 0.0000e+00  -61.61150  -57.73050 1152507243 191.204222    34.1822      49579         19  0.000e+00
     31.905    -0.7477   2.780753    -0.7476   2.781018    7.72457     0.1618    13.8155 0.0000e+00  -61.61150  -57.73050 1152507243 191.204222    34.1824      49580         19  0.000e+00
     31.905    -0.7479   2.780757    -0.7476   2.781035    7.72460     0.1403    13.8155 0.0000e+00  -61.61150  -57.73050 1152507243 191.204223    34.1826      49581         19  0.000e+00
     31.838    -0.7479   2.780796    -0.7473   2.781047    7.72449     0.0865    13.8155 0.0000e+00  -61.61150  -57.73050 1152507243 191.204223    34.1831      49582         19  0.000e+00
     31.895    -0.7473   2.780753    -0.7477   2.781024    7.72450     0.0972    13.8155 0.0000e+00  -61.61150  -57.73050 1152507243 191.204224    34.1819      49583         19  0.000e+00
     31.838    -0.7476   2.780750    -0.7475   2.781018    7.72448     0.1188    13.8155 0.0000e+00  -61.61150  -57.73050 1152507243 191.204224    34.1822      49584         19  0.000e+00
     31.905    -0.7475   2.780766    -0.7477   2.781035    7.72452     0.1510    13.8155 0.0000e+00  -61.61150  -57.73050 1152507243 191.204225    34.1822      49585         19  0.000e+00
     31.838    -0.7477   2.780776    -0.7476   2.781047    7.72448     0.1188    13.8155 0.0000e+00  -61.61150  -57.73050 1152507243 191.204225    34.1827      49586         19  0.000e+00
     31.895    -0.7475   2.780760    -0.7473   2.781047    7.72452     0.1188    13.8155 0.0000e+00  -61.61150  -57.73050 1152507243 191.204226    34.1822      49587         19  0.000e+00
     31.838    -0.7474   2.780816    -0.7474   2.781047    7.72441     0.1510    13.8155 0.0000e+00  -61.61150  -57.73050 1152507243 191.204226    34.1829      49588         19  0.000e+00
     31.905    -0.7475   2.780793    -0.7475   2.781047    7.72450     0.1618    13.8155 0.0000e+00  -61.61150  -57.73050 1152507243 191.204226    34.1826      49589         19  0.000e+00
     31.838    -0.7477   2.780743    -0.7476   2.781024    7.72451     0.1833    13.8155 0.0000e+00  -61.61150  -57.73050 1152507244 191.204227    34.1823      49590         19  0.000e+00
     31.895    -0.7479   2.780776    -0.7474   2.781018    7.72457     0.2048    13.8155 0.0000e+00  -61.61150  -57.73050 1152507244 191.204227    34.1828      49591         19  0.000e+00
     31.838    -0.7478   2.780783    -0.7473   2.781018    7.72449     0.1833    13.8155 0.0000e+00  -61.61150  -57.73050 1152507244 191.204228    34.1829      49592         19  0.000e+00
     31.838    -0.7477   2.780780    -0.7473   2.781018    7.72448     0.1295    13.8155 0.0000e+00  -61.61150  -57.73050 1152507244 191.204228    34.1828      49593         19  0.000e+00
     31.905    -0.7479   2.780770    -0.7474   2.781035    7.72459     0.1188    13.8155 0.0000e+00  -61.61150  -57.73050 1152507244 191.204229    34.1828      49594         19  0.000e+00
     31.838    -0.7477   2.780760    -0.7475   2.781024    7.72449     0.1295    13.8155 0.0000e+00  -61.61150  -57.73050 1152507244 191.204229    34.1825      49595         19  0.000e+00
     31.895    -0.7479   2.780757    -0.7471   2.781035    7.72459     0.1403    13.8155 0.0000e+00  -61.61150  -57.73050 1152507244 191.204230    34.1826      49596         19  0.000e+00
     31.905    -0.7477   2.780783    -0.7471   2.781047    7.72455     0.1833    13.8155 0.0000e+00  -61.61150  -57.73050 1152507244 191.204230    34.1828      49597         19  0.000e+00
     31.838    -0.7481   2.780783    -0.7471   2.781064    7.72454     0.1726    13.8155 0.0000e+00  -61.61150  -57.73050 1152507244 191.204231    34.1832      49598         19  0.000e+00
     31.905    -0.7479   2.780780    -0.7477   2.781053    7.72457     0.1188    13.8155 0.0000e+00  -61.61150  -57.73050 1152507244 191.204231    34.1829      49599         19  0.000e+00
     31.477    -0.7482   2.780723    -0.7470   2.781018    7.71485     0.1618    13.8155 0.0000e+00  -61.61150  -57.73050 1152507249 191.204293    34.1827      49726         20  0.000e+00
     31.487    -0.7476   2.780730    -0.7476   2.781035    7.71944     0.1403    13.8155 0.0000e+00  -61.61150  -57.73050 1152507249 191.204293    34.1822      49727         20  0.000e+00
     31.487    -0.7480   2.780733    -0.7473   2.781006    7.71951     0.0972    13.8155 0.0000e+00  -61.61150  -57.73050 1152507249 191.204293    34.1827      49728         20  0.000e+00
     31.487    -0.7479   2.780743    -0.7471   2.780995    7.71948     0.0757    13.8155 0.0000e+00  -61.61150  -57.73050 1152507249 191.204294    34.1827      49729         20  0.000e+00
     31.477    -0.7482   2.780717    -0.7479   2.781012    7.71953     0.1188    13.8155 0.0000e+00  -61.61150  -57.73050 1152507249 191.204294    34.1827      49730         20  0.000e+00
