product_data/regression_test/downloaded_data/MGDS/320620060703/ctd/p6609201.ros
* Sea-Bird SBE 9 Data File:
* FileName = D:\Data\Raw\P6609102.dat
* Software Version Seasave Win32 V 5.32
* Temperature SN = 1649
* Conductivity SN = 1431
* Number of Bytes Per Scan = 37
* Number of Voltage Words = 5
* Number of Scans Averaged by the Deck Unit = 1
* NMEA Latitude = 61 15.00 S
* NMEA Longitude = 057 59.99 W
* NMEA UTC (Time) = 19:49:40
** Ship:   Nathaniel B. Palmer nbp
** Cruise:    NBP0603 nbp0606
** Cast #: 01
** Station:   92
** Operator: mf
# nquan = 17
# nvalues = 1174                    
# units = specified
# name 0 = prDM: Pressure, Digiquartz [db]
# name 1 = t090C: Temperature [ITS-90, deg C]
# name 2 = c0S/m: Conductivity [S/m]
# name 3 = t190C: Temperature, 2 [ITS-90, deg C]
# name 4 = c1S/m: Conductivity, 2 [S/m]
# name 5 = sbeox0ML/L: Oxygen, SBE 43 [ml/l]
# name 6 = flECO-AFL: Fluorescence, Wetlab ECO-AFL/FL [mg/m^3]
# name 7 = bat: Beam Attenuation, Chelsea/Seatech/Wetlab CStar [1/m]
# name 8 = spar: SPAR/Surface Irradiance
# name 9 = latitude: Latitude [deg]
# name 10 = longitude: Longitude [deg]
# name 11 = timeY: Time, System [seconds]
# name 12 = timeJ: Julian Days
# name 13 = sal00: Salinity [PSU]
# name 14 = scan: scan number
# name 15 = nbf: number of bottles fired
# name 16 = flag:  0.000e+00
# interval = seconds: 0.0416667                   
# start_time = Jul 10 2006 19:49:48
*END*
[from data line 426]
    349.656     1.9026   3.058842     1.9034   3.059175    4.36353    -0.1072    13.8155 0.0000e+00  -61.25000  -57.99983 1152563758 191.858333    34.6691      66528          9  0.000e+00
    349.656     1.9029   3.058894     1.9036   3.059145    4.36348    -0.0857    13.8155 0.0000e+00  -61.25000  -57.99983 1152563758 191.858333    34.6694      66529          9  0.000e+00
    349.656     1.9029   3.058860     1.9039   3.059169    4.36350    -0.1395    13.8155 0.0000e+00  -61.25000  -57.99983 1152563758 191.858334    34.6690      66530          9  0.000e+00
    349.723     1.9026   3.058829     1.9040   3.059157    4.36357    -0.1395    13.8155 0.0000e+00  -61.25000  -57.99983 1152563758 191.858334    34.6689      66531          9  0.000e+00
    349.656     1.9028   3.058836     1.9042   3.059133    4.36351    -0.0964    13.8155 0.0000e+00  -61.25000  -57.99983 1152563758 191.858335    34.6688      66532          9  0.000e+00
    349.656     1.9027   3.058842     1.9037   3.059151    4.36351    -0.0749    13.8155 0.0000e+00  -61.25000  -57.99983 1152563758 191.858335    34.6689      66533          9  0.000e+00
    349.714     1.9030   3.058860     1.9039   3.059151    4.36352    -0.0642    13.8155 0.0000e+00  -61.25000  -57.99983 1152563758 191.858336    34.6688      66534          9  0.000e+00
    349.723     1.9024   3.058815     1.9037   3.059151    4.36359    -0.0642    13.8155 0.0000e+00  -61.25000  -57.99983 1152563758 191.858336    34.6689      66535          9  0.000e+00
    349.656     1.9022   3.058812     1.9036   3.059157    4.36357    -0.0749    13.8155 0.0000e+00  -61.25000  -57.99983 1152563758 191.858337    34.6691      66536          9  0.000e+00
    349.723     1.9026   3.058781     1.9037   3.059127    4.35903    -0.1287    13.8155 0.0000e+00  -61.25000  -57.99983 1152563758 191.858337    34.6683      66537          9  0.000e+00
    349.723     1.9025   3.058843     1.9033   3.059127    4.36357    -0.1395    13.8155 0.0000e+00  -61.25000  -57.99983 1152563758 191.858338    34.6691      66538          9  0.000e+00
    349.723     1.9024   3.058836     1.9034   3.059109    4.36359    -0.1395    13.8155 0.0000e+00  -61.25000  -57.99983 1152563758 191.858338    34.6692      66539          9  0.000e+00
    349.723     1.9026   3.058836     1.9034   3.059139    4.36357    -0.1072    13.8155 0.0000e+00  -61.25000  -57.99983 1152563758 191.858339    34.6690      66540          9  0.000e+00
    349.714     1.9029   3.058822     1.9034   3.059115    4.35898    -0.0749    13.8155 0.0000e+00  -61.25000  -57.99983 1152563758 191.858339    34.6685      66541          9  0.000e+00
    349.790     1.9029   3.058836     1.9034   3.059079    4.35902    -0.0857    13.8155 0.0000e+00  -61.25000  -57.99983 1152563758 191.858340    34.6686      66542          9  0.000e+00
    349.226     1.9034   3.058798     1.9040   3.059121    4.36321    -0.0319    13.8155 0.0000e+00  -61.25000  -57.99983 1152563761 191.858370    34.6678      66606         10  0.000e+00
    349.092     1.9030   3.058815     1.9039   3.059145    4.35859    -0.0749    13.8155 0.0000e+00  -61.25000  -57.99983 1152563761 191.858371    34.6686      66607         10  0.000e+00
    349.015     1.9033   3.058801     1.9043   3.059133    4.35853    -0.0964    13.8155 0.0000e+00  -61.25000  -57.99983 1152563761 191.858371    34.6681      66608         10  0.000e+00
    349.092     1.9032   3.058829     1.9040   3.059133    4.36314    -0.0964    13.8155 0.0000e+00  -61.25000  -57.99983 1152563761 191.858372    34.6686      66609         10  0.000e+00
    349.015     1.9032   3.058842     1.9039   3.059121    4.36308    -0.0964    13.8155 0.0000e+00  -61.25000  -57.99983 1152563761 191.858372    34.6688      66610         10  0.000e+00
    348.948     1.9031   3.058842     1.9042   3.059145    4.36305    -0.1180    13.8155 0.0000e+00  -61.25000  -57.99983 1152563761 191.858373    34.6689      66611         10  0.000e+00
    348.948     1.9029   3.058829     1.9042   3.059139    4.36308    -0.0964    13.8155 0.0000e+00  -61.25000  -57.99983 1152563761 191.858373    34.6690      66612         10  0.000e+00
    348.881     1.9033   3.058856     1.9040   3.059169    4.36299    -0.1072    13.8155 0.0000e+00  -61.25000  -57.99983 1152563761 191.858374    34.6689      66613         10  0.000e+00
    348.948     1.9032   3.058811     1.9042   3.059163    4.36305    -0.0534    13.8155 0.0000e+00  -61.25000  -57.99983 1152563761 191.858374    34.6684      66614         10  0.000e+00
    348.795     1.9029   3.058866     1.9040   3.059157    4.36297    -0.0749    13.8155 0.0000e+00  -61.25000  -57.99983 1152563761 191.858375    34.6696      66615         10  0.000e+00
    348.805     1.9037   3.058859     1.9039   3.059151    4.36291    -0.0964    13.8155 0.0000e+00  -61.25000  -57.99983 1152563761 191.858375    34.6686      66616         10  0.000e+00
    348.738     1.9033   3.058897     1.9045   3.059151    4.36289    -0.0211    13.8155 0.0000e+00  -61.25000  -57.99983 1152563762 191.858376    34.6695      66617         10  0.000e+00
    348.738     1.9037   3.058877     1.9045   3.059157    4.36286    -0.0534    13.8155 0.0000e+00  -61.25000  -57.99983 1152563762 191.858376    34.6689      66618         10  0.000e+00
    348.738     1.9029   3.058828     1.9043   3.059151    4.36295    -0.1180    13.8155 0.0000e+00  -61.25000  -57.99983 1152563762 191.858377    34.6691      66619         10  0.000e+00
    348.661     1.9037   3.058859     1.9043   3.059115    4.36282    -0.1180    13.8155 0.0000e+00  -61.25000  -57.99983 1152563762 191.858377    34.6687      66620         10  0.000e+00
    348.594     1.9033   3.058904     1.9040   3.059139    4.36279    -0.0964    13.8155 0.0000e+00  -61.25000  -57.99983 1152563762 191.858378    34.6697      66621         10  0.000e+00
    348.594     1.9032   3.058877     1.9043   3.059151    4.36282    -0.0534    13.8155 0.0000e+00  -61.25000  -57.99983 1152563762 191.858378    34.6695      66622         10  0.000e+00
    348.585     1.9030   3.058846     1.9050   3.059133    4.36284    -0.0642    13.8155 0.0000e+00  -61.25000  -57.99983 1152563762 191.858379    34.6693      66623         10  0.000e+00
    348.527     1.9032   3.058811     1.9042   3.059109    4.36280    -0.0749    13.8155 0.0000e+00  -61.25000  -57.99983 1152563762 191.858379    34.6687      66624         10  0.000e+00
    348.527     1.9033   3.058811     1.9045   3.059115    4.36279    -0.0964    13.8155 0.0000e+00  -61.25000  -57.99983 1152563762 191.858380    34.6685      66625         10  0.000e+00
    348.450     1.9035   3.058835     1.9042   3.059085    4.36272    -0.1180    13.8155 0.0000e+00  -61.25000  -57.99983 1152563762 191.858380    34.6687      66626         10  0.000e+00
    348.383     1.9033   3.058787     1.9042   3.059073    4.36271    -0.0749    13.8155 0.0000e+00  -61.25000  -57.99983 1152563762 191.858381    34.6683      66627         10  0.000e+00
    348.383     1.9031   3.058804     1.9042   3.059109    4.35816    -0.0749    13.8155 0.0000e+00  -61.25000  -57.99983 1152563762 191.858381    34.6687      66628         10  0.000e+00
    348.383     1.9030   3.058787     1.9042   3.059085    4.35818    -0.0749    13.8155 0.0000e+00  -61.25000  -57.99983 1152563762 191.858382    34.6686      66629         10  0.000e+00
    348.307     1.9033   3.058787     1.9039   3.059049    4.36266    -0.0964    13.8155 0.0000e+00  -61.25000  -57.99983 1152563762 191.858382    34.6684      66630         10  0.000e+00
    348.240     1.9030   3.058794     1.9040   3.059061    4.36265    -0.0964    13.8155 0.0000e+00  -61.25000  -57.99983 1152563762 191.858383    34.6688      66631         10  0.000e+00
    348.316     1.9037   3.058794     1.9042   3.059049    4.36264    -0.1072    13.8155 0.0000e+00  -61.25000  -57.99983 1152563762 191.858383    34.6681      66632         10  0.000e+00
    348.173     1.9032   3.058797     1.9043   3.059061    4.36259    -0.1180    13.8155 0.0000e+00  -61.25000  -57.99983 1152563762 191.858383    34.6687      66633         10  0.000e+00
    348.173     1.9030   3.058777     1.9042   3.059025    4.36262    -0.0964    13.8155 0.0000e+00  -61.25000  -57.99983 1152563762 191.858384    34.6687      66634         10  0.000e+00
    348.173     1.9029   3.058749     1.9040   3.059055    4.36264    -0.0534    13.8155 0.0000e+00  -61.25000  -57.99983 1152563762 191.858384    34.6685      66635         10  0.000e+00
    348.096     1.9035   3.058780     1.9045   3.059049    4.36252    -0.0749    13.8155 0.0000e+00  -61.25000  -57.99983 1152563762 191.858385    34.6682      66636         10  0.000e+00
    348.029     1.9032   3.058763     1.9043   3.059037    4.35796    -0.0964    13.8155 0.0000e+00  -61.25000  -57.99983 1152563762 191.858385    34.6684      66637         10  0.000e+00
    348.020     1.9032   3.058746     1.9043   3.059001    4.36252    -0.1180    13.8155 0.0000e+00  -61.25000  -57.99983 1152563762 191.858386    34.6681      66638         10  0.000e+00
    348.029     1.9030   3.058780     1.9039   3.059007    4.36252    -0.0749    13.8155 0.0000e+00  -61.25000  -57.99983 1152563762 191.858386    34.6688      66639         10  0.000e+00
    347.962     1.9028   3.058794     1.9043   3.059055    4.35794    -0.0964    13.8155 0.0000e+00  -61.25000  -57.99983 1152563762 191.858387    34.6692      66640         10  0.000e+00
    347.886     1.9029   3.058742     1.9045   3.059049    4.36247    -0.1072    13.8155 0.0000e+00  -61.25000  -57.99983 1152563763 191.858387    34.6685      66641         10  0.000e+00
    347.886     1.9032   3.058759     1.9042   3.059043    4.36243    -0.0964    13.8155 0.0000e+00  -61.25000  -57.99983 1152563763 191.858388    34.6684      66642         10  0.000e+00
    347.886     1.9029   3.058770     1.9045   3.059037    4.36246    -0.0857    13.8155 0.0000e+00  -61.25000  -57.99983 1152563763 191.858388    34.6689      66643         10  0.000e+00
    347.819     1.9033   3.058770     1.9045   3.059019    4.36237    -0.0964    13.8155 0.0000e+00  -61.25000  -57.99983 1152563763 191.858389    34.6684      66644         10  0.000e+00
    347.819     1.9035   3.058756     1.9051   3.059079    4.36236    -0.0857    13.8155 0.0000e+00  -61.25000  -57.99983 1152563763 191.858389    34.6681      66645         10  0.000e+00
    347.751     1.9036   3.058746     1.9048   3.059049    4.36232    -0.0964    13.8155 0.0000e+00  -61.25000  -57.99983 1152563763 191.858390    34.6678      66646         10  0.000e+00
    347.742     1.9035   3.058746     1.9048   3.059037    4.35776    -0.1180    13.8155 0.0000e+00  -61.25000  -57.99983 1152563763 191.858390    34.6680      66647         10  0.000e+00
    347.675     1.9041   3.058780     1.9048   3.059085    4.36221    -0.1180    13.8155 0.0000e+00  -61.25000  -57.99983 1152563763 191.858391    34.6677      66648         10  0.000e+00
    347.675     1.9046   3.058794     1.9055   3.059097    4.35760    -0.1287    13.8155 0.0000e+00  -61.25000  -57.99983 1152563763 191.858391    34.6674      66649         10  0.000e+00
    347.675     1.9049   3.058814     1.9064   3.059121    4.36213    -0.0749    13.8155 0.0000e+00  -61.25000  -57.99983 1152563763 191.858392    34.6673      66650         10  0.000e+00
    347.608     1.9042   3.058818     1.9065   3.059109    4.36215    -0.0964    13.8155 0.0000e+00  -61.25000  -57.99983 1152563763 191.858392    34.6681      66651         10  0.000e+00
    347.531     1.9046   3.058797     1.9064   3.059115    4.35752    -0.1610    13.8155 0.0000e+00  -61.25000  -57.99983 1152563763 191.858393    34.6675      66652         10  0.000e+00
    347.531     1.9041   3.058756     1.9059   3.059085    4.35757    -0.1502    13.8155 0.0000e+00  -61.25000  -57.99983 1152563763 191.858393    34.6675      66653         10  0.000e+00
    347.531     1.9040   3.058766     1.9061   3.059091    4.35758    -0.0964    13.8155 0.0000e+00  -61.25000  -57.99983 1152563763 191.858394    34.6678      66654         10  0.000e+00
    298.839     1.9386   3.058119     1.9408   3.058445    4.32992    -0.0964    13.8155 0.0000e+00  -61.25000  -57.99983 1152563905 191.860039    34.6495      70066         11  0.000e+00
    298.868     1.9386   3.058091     1.9405   3.058409    4.32994    -0.0857    13.8155 0.0000e+00  -61.25000  -57.99983 1152563905 191.860040    34.6492      70067         11  0.000e+00
    298.915     1.9387   3.058095     1.9406   3.058421    4.32996    -0.0749    13.8155 0.0000e+00  -61.25000  -57.99983 1152563905 191.860040    34.6490      70068         11  0.000e+00
    298.839     1.9389   3.058081     1.9410   3.058451    4.32990    -0.0749    13.8155 0.0000e+00  -61.25000  -57.99983 1152563905 191.860041    34.6487      70069         11  0.000e+00
    298.801     1.9392   3.058129     1.9406   3.058409    4.32983    -0.0964    13.8155 0.0000e+00  -61.25000  -57.99983 1152563905 191.860041    34.6490      70070         11  0.000e+00
    298.916     1.9399   3.058115     1.9408   3.058445    4.32985    -0.0749    13.8155 0.0000e+00  -61.25000  -57.99983 1152563906 191.860041    34.6480      70071         11  0.000e+00
    298.839     1.9395   3.058119     1.9401   3.058421    4.32983    -0.0534    13.8155 0.0000e+00  -61.25000  -57.99983 1152563906 191.860042    34.6485      70072         11  0.000e+00
    298.839     1.9392   3.058143     1.9408   3.058439    4.32985    -0.0749    13.8155 0.0000e+00  -61.25000  -57.99983 1152563906 191.860042    34.6491      70073         11  0.000e+00
    298.801     1.9394   3.058150     1.9411   3.058433    4.32981    -0.0857    13.8155 0.0000e+00  -61.25000  -57.99983 1152563906 191.860043    34.6491      70074         11  0.000e+00
    298.839     1.9392   3.058115     1.9406   3.058415    4.32986    -0.1072    13.8155 0.0000e+00  -61.25000  -57.99983 1152563906 191.860043    34.6488      70075         11  0.000e+00
    298.772     1.9394   3.058119     1.9401   3.058421    4.32981    -0.1072    13.8155 0.0000e+00  -61.25000  -57.99983 1152563906 191.860044    34.6487      70076         11  0.000e+00
    298.724     1.9391   3.058126     1.9399   3.058409    4.32980    -0.1180    13.8155 0.0000e+00  -61.25000  -57.99983 1152563906 191.860044    34.6491      70077         11  0.000e+00
    298.916     1.9394   3.058143     1.9397   3.058409    4.32988    -0.1395    13.8155 0.0000e+00  -61.25000  -57.99983 1152563906 191.860045    34.6489      70078         11  0.000e+00
    298.772     1.9397   3.058187     1.9399   3.058373    4.32975    -0.1072    13.8155 0.0000e+00  -61.25000  -57.99983 1152563906 191.860045    34.6492      70079         11  0.000e+00
    298.839     1.9397   3.058143     1.9395   3.058331    4.32981    -0.1180    13.8155 0.0000e+00  -61.25000  -57.99983 1152563906 191.860046    34.6486      70080         11  0.000e+00
    298.724     1.9399   3.058177     1.9389   3.058331    4.32971    -0.1072    13.8155 0.0000e+00  -61.25000  -57.99983 1152563906 191.860046    34.6489      70081         11  0.000e+00
    298.839     1.9401   3.058181     1.9403   3.058391    4.32976    -0.0964    13.8155 0.0000e+00  -61.25000  -57.99983 1152563906 191.860047    34.6487      70082         11  0.000e+00
    298.772     1.9403   3.058191     1.9405   3.058427    4.32970    -0.1610    13.8155 0.0000e+00  -61.25000  -57.99983 1152563906 191.860047    34.6486      70083         11  0.000e+00
    298.724     1.9403   3.058143     1.9401   3.058403    4.32969    -0.1072    13.8155 0.0000e+00  -61.25000  -57.99983 1152563906 191.860048    34.6480      70084         11  0.000e+00
    298.839     1.9395   3.058126     1.9400   3.058421    4.32983    -0.0426    13.8155 0.0000e+00  -61.25000  -57.99983 1152563906 191.860048    34.6486      70085         11  0.000e+00
