product_data/regression_test/downloaded_data/MGDS/320620060703/ctd/p6609607.ros
* Sea-Bird SBE 9 Data File:
* FileName = D:\Data\Raw\p6609607.dat
* Software Version Seasave Win32 V 5.32
* Temperature SN = 1649
* Conductivity SN = 1431
* Number of Bytes Per Scan = 37
* Number of Voltage Words = 5
* Number of Scans Averaged by the Deck Unit = 1
* NMEA Latitude = 60 45.06 S
* NMEA Longitude = 058 22.44 W
* NMEA UTC (Time) = 00:38:08
** Ship:   Nathaniel B. Palmer 
** Cruise:    NBP0606 
# nquan = 17
# nvalues = 1176                    
# units = specified
# name 0 = prDM: Pressure, Digiquartz [db]
# name 1 = t090C: Temperature [ITS-90, deg C]
# name 2 = c0S/m: Conductivity [S/m]
# name 3 = t190C: Temperature, 2 [ITS-90, deg C]
# name 4 = c1S/m: Conductivity, 2 [S/m]
# name 5 = sbeox0ML/L: Oxygen, SBE 43 [ml/l]
# name 6 = flECO-AFL: Fluorescence, Wetlab ECO-AFL/FL [mg/m^3]
# name 7 = bat: Beam Attenuation, Chelsea/Seatech/Wetlab CStar [1/m]
# name 8 = spar: SPAR/Surface Irradiance
# name 9 = latitude: Latitude [deg]
# name 10 = longitude: Longitude [deg]
# name 11 = timeY: Time, System [seconds]
# name 12 = timeJ: Julian Days
# name 13 = sal00: Salinity [PSU]
# name 14 = scan: scan number
# name 15 = nbf: number of bottles fired
# name 16 = flag:  0.000e+00
# interval = seconds: 0.0416667                   
# start_time = Jul 12 2006 00:38:16
*END*
[from data line 511]
     29.394    -0.8060   2.753812    -0.8055   2.754536    8.06460     0.3124    13.8155 0.0000e+00  -60.75100  -58.37400 1152664814 193.027963    33.8845       2882         11  0.000e+00
     29.460    -0.8058   2.753822    -0.8047   2.754530    8.06464     0.3232    13.8155 0.0000e+00  -60.75100  -58.37400 1152664814 193.027964    33.8844       2883         11  0.000e+00
     29.375    -0.8049   2.753861    -0.8053   2.754536    8.06437     0.2909    13.8155 0.0000e+00  -60.75100  -58.37400 1152664814 193.027964    33.8839       2884         11  0.000e+00
     29.460    -0.8054   2.753854    -0.8049   2.754548    8.06454     0.2694    13.8155 0.0000e+00  -60.75100  -58.37400 1152664814 193.027965    33.8843       2885         11  0.000e+00
     29.394    -0.8044   2.753868    -0.8047   2.754553    8.06431     0.3447    13.8155 0.0000e+00  -60.75100  -58.37400 1152664814 193.027965    33.8835       2886         11  0.000e+00
     29.375    -0.8052   2.753854    -0.8050   2.754553    8.06442     0.3339    13.8155 0.0000e+00  -60.75100  -58.37400 1152664814 193.027966    33.8842       2887         11  0.000e+00
     29.394    -0.8052   2.753900    -0.8047   2.754542    8.06441     0.2801    13.8155 0.0000e+00  -60.75100  -58.37400 1152664814 193.027966    33.8848       2888         11  0.000e+00
     29.394    -0.8049   2.753868    -0.8052   2.754548    8.06439     0.3017    13.8155 0.0000e+00  -60.75100  -58.37400 1152664814 193.027967    33.8840       2889         11  0.000e+00
     29.317    -0.8049   2.753900    -0.8050   2.754571    8.06428     0.3339    13.8155 0.0000e+00  -60.75100  -58.37400 1152664814 193.027967    33.8845       2890         11  0.000e+00
     29.375    -0.8047   2.753900    -0.8049   2.754501    8.06431     0.3232    13.8155 0.0000e+00  -60.75100  -58.37400 1152664814 193.027968    33.8843       2891         11  0.000e+00
     29.394    -0.8051   2.753877    -0.8050   2.754525    8.06440     0.3339    13.8155 0.0000e+00  -60.75100  -58.37400 1152664814 193.027968    33.8843       2892         11  0.000e+00
     29.317    -0.8046   2.753874    -0.8052   2.754548    8.06424     0.3232    13.8155 0.0000e+00  -60.75100  -58.37400 1152664814 193.027969    33.8838       2893         11  0.000e+00
     29.308    -0.8051   2.753904    -0.8049   2.754536    8.06429     0.2909    13.8155 0.0000e+00  -60.75100  -58.37400 1152664814 193.027969    33.8847       2894         11  0.000e+00
     29.317    -0.8049   2.753884    -0.8056   2.754496    8.06429     0.2909    13.8155 0.0000e+00  -60.75100  -58.37400 1152664815 193.027970    33.8843       2895         11  0.000e+00
     29.317    -0.8051   2.753874    -0.8058   2.754496    8.06432     0.3339    13.8155 0.0000e+00  -60.75100  -58.37400 1152664815 193.027970    33.8843       2896         11  0.000e+00
     29.317    -0.8055   2.753874    -0.8056   2.754484    8.06439     0.3339    13.8155 0.0000e+00  -60.75100  -58.37400 1152664815 193.027971    33.8848       2897         11  0.000e+00
     29.308    -0.8051   2.753874    -0.8059   2.754496    8.06431     0.3124    13.8155 0.0000e+00  -60.75100  -58.37400 1152664815 193.027971    33.8843       2898         11  0.000e+00
     29.317    -0.8051   2.753891    -0.8061   2.754490    8.06431     0.3124    13.8155 0.0000e+00  -60.75100  -58.37400 1152664815 193.027972    33.8845       2899         11  0.000e+00
     29.317    -0.8052   2.753861    -0.8061   2.754438    8.06436     0.2909    13.8155 0.0000e+00  -60.75100  -58.37400 1152664815 193.027972    33.8843       2900         11  0.000e+00
     29.241    -0.8058   2.753851    -0.8054   2.754461    8.06437     0.3124    13.8155 0.0000e+00  -60.75100  -58.37400 1152664815 193.027973    33.8849       2901         11  0.000e+00
     29.317    -0.8057   2.753851    -0.8062   2.754478    8.06444     0.3124    13.8155 0.0000e+00  -60.75100  -58.37400 1152664815 193.027973    33.8847       2902         11  0.000e+00
     29.251    -0.8057   2.753851    -0.8064   2.754461    8.06436     0.3017    13.8155 0.0000e+00  -60.75100  -58.37400 1152664815 193.027974    33.8848       2903         11  0.000e+00
     29.251    -0.8052   2.753851    -0.8061   2.754490    8.06429     0.3017    13.8155 0.0000e+00  -60.75100  -58.37400 1152664815 193.027974    33.8842       2904         11  0.000e+00
     29.308    -0.8057   2.753831    -0.8062   2.754438    8.06444     0.3339    13.8155 0.0000e+00  -60.75100  -58.37400 1152664815 193.027975    33.8845       2905         11  0.000e+00
     29.251    -0.8057   2.753828    -0.8061   2.754438    8.06437     0.3232    13.8155 0.0000e+00  -60.75100  -58.37400 1152664815 193.027975    33.8844       2906         11  0.000e+00
     29.251    -0.8063   2.753845    -0.8065   2.754455    8.06446     0.3124    13.8155 0.0000e+00  -60.75100  -58.37400 1152664815 193.027976    33.8853       2907         11  0.000e+00
     29.241    -0.8058   2.753831    -0.8067   2.754426    8.06439     0.3339    13.8155 0.0000e+00  -60.75100  -58.37400 1152664815 193.027976    33.8847       2908         11  0.000e+00
     29.251    -0.8063   2.753795    -0.8065   2.754403    8.06450     0.3447    13.8155 0.0000e+00  -60.75100  -58.37400 1152664815 193.027976    33.8847       2909         11  0.000e+00
     30.851    -0.8067   2.753829    -0.8059   2.754502    8.06635     0.2371    13.8155 0.0000e+00  -60.75100  -58.37400 1152664819 193.028027    33.8847       3014         12  0.000e+00
     30.651    -0.8069   2.753812    -0.8062   2.754484    8.06147     0.2371    13.8155 1.9481e+00  -60.75100  -58.37400 1152664820 193.028028    33.8848       3015         12  0.000e+00
     30.794    -0.8061   2.753822    -0.8062   2.754496    8.06619     0.2694    13.8155 0.0000e+00  -60.75100  -58.37400 1152664820 193.028028    33.8839       3016         12  0.000e+00
     30.794    -0.8060   2.753845    -0.8065   2.754502    8.06615     0.2694    13.8155 0.0000e+00  -60.75100  -58.37400 1152664820 193.028029    33.8840       3017         12  0.000e+00
     30.775    -0.8069   2.753819    -0.8065   2.754508    8.06630     0.3124    13.8155 0.0000e+00  -60.75100  -58.37400 1152664820 193.028029    33.8848       3018         12  0.000e+00
     30.794    -0.8066   2.753838    -0.8067   2.754485    8.06625     0.3662    13.8155 0.0000e+00  -60.75100  -58.37400 1152664820 193.028030    33.8847       3019         12  0.000e+00
     30.794    -0.8072   2.753852    -0.8067   2.754513    8.06634     0.3339    13.8155 0.0000e+00  -60.75100  -58.37400 1152664820 193.028030    33.8856       3020         12  0.000e+00
     30.861    -0.8065   2.753868    -0.8068   2.754508    8.06628     0.3339    13.8155 0.0000e+00  -60.75100  -58.37400 1152664820 193.028030    33.8849       3021         12  0.000e+00
     30.851    -0.8066   2.753838    -0.8068   2.754490    8.06163     0.3339    13.8155 0.0000e+00  -60.75100  -58.37400 1152664820 193.028031    33.8846       3022         12  0.000e+00
     30.928    -0.8064   2.753829    -0.8065   2.754479    8.06169     0.3555    13.8155 0.0000e+00  -60.75100  -58.37400 1152664820 193.028031    33.8843       3023         12  0.000e+00
     30.861    -0.8065   2.753845    -0.8065   2.754479    8.06630     0.2801    13.8155 0.0000e+00  -60.75100  -58.37400 1152664820 193.028032    33.8846       3024         12  0.000e+00
     30.928    -0.8065   2.753832    -0.8065   2.754496    8.06638     0.2371    13.8155 0.0000e+00  -60.75100  -58.37400 1152664820 193.028032    33.8843       3025         12  0.000e+00
     30.918    -0.8065   2.753861    -0.8062   2.754490    8.06635     0.2801    13.8155 0.0000e+00  -60.75100  -58.37400 1152664820 193.028033    33.8847       3026         12  0.000e+00
     30.928    -0.8063   2.753838    -0.8064   2.754479    8.06635     0.3124    13.8155 0.0000e+00  -60.75100  -58.37400 1152664820 193.028033    33.8842       3027         12  0.000e+00
     30.928    -0.8066   2.753845    -0.8067   2.754456    8.06640     0.3232    13.8155 0.0000e+00  -60.75100  -58.37400 1152664820 193.028034    33.8847       3028         12  0.000e+00
     31.004    -0.8065   2.753852    -0.8067   2.754467    8.06646     0.3017    13.8155 0.0000e+00  -60.75100  -58.37400 1152664820 193.028034    33.8846       3029         12  0.000e+00
     30.985    -0.8064   2.753852    -0.8070   2.754485    8.06643     0.3124    13.8155 0.0000e+00  -60.75100  -58.37400 1152664820 193.028035    33.8845       3030         12  0.000e+00
     30.928    -0.8065   2.753868    -0.8070   2.754496    8.06167     0.3232    13.8155 0.0000e+00  -60.75100  -58.37400 1152664820 193.028035    33.8848       3031         12  0.000e+00
     31.004    -0.8069   2.753855    -0.8062   2.754502    8.06183     0.2801    13.8155 0.0000e+00  -60.75100  -58.37400 1152664820 193.028036    33.8851       3032         12  0.000e+00
     31.071    -0.8067   2.753832    -0.8067   2.754485    8.06190     0.2801    13.8155 0.0000e+00  -60.75100  -58.37400 1152664820 193.028036    33.8846       3033         12  0.000e+00
     30.985    -0.8066   2.753845    -0.8064   2.754525    8.06177     0.2586    13.8155 0.0000e+00  -60.75100  -58.37400 1152664820 193.028037    33.8846       3034         12  0.000e+00
     31.004    -0.8066   2.753852    -0.8056   2.754531    8.06179     0.2694    13.8155 0.0000e+00  -60.75100  -58.37400 1152664820 193.028037    33.8847       3035         12  0.000e+00
     31.071    -0.8064   2.753852    -0.8059   2.754531    8.06183     0.2694    13.8155 0.0000e+00  -60.75100  -58.37400 1152664820 193.028038    33.8845       3036         12  0.000e+00
     31.071    -0.8069   2.753868    -0.8058   2.754554    8.06190     0.3124    13.8155 0.0000e+00  -60.75100  -58.37400 1152664820 193.028038    33.8853       3037         12  0.000e+00
     31.061    -0.8066   2.753875    -0.8061   2.754537    8.06183     0.3232    13.8155 0.0000e+00  -60.75100  -58.37400 1152664820 193.028039    33.8850       3038         12  0.000e+00
     31.071    -0.8067   2.753855    -0.8059   2.754531    8.06188     0.3124    13.8155 0.0000e+00  -60.75100  -58.37400 1152664821 193.028039    33.8849       3039         12  0.000e+00
     31.071    -0.8063   2.753832    -0.8059   2.754548    8.06183     0.3339    13.8155 0.0000e+00  -60.75100  -58.37400 1152664821 193.028040    33.8841       3040         12  0.000e+00
     31.071    -0.8066   2.753845    -0.8056   2.754560    8.06187     0.3232    13.8155 0.0000e+00  -60.75100  -58.37400 1152664821 193.028040    33.8846       3041         12  0.000e+00
     31.128    -0.8063   2.753852    -0.8061   2.754554    8.06187     0.2801    13.8155 0.0000e+00  -60.75100  -58.37400 1152664821 193.028041    33.8843       3042         12  0.000e+00
     31.071    -0.8066   2.753868    -0.8062   2.754537    8.06184     0.2694    13.8155 0.0000e+00  -60.75100  -58.37400 1152664821 193.028041    33.8849       3043         12  0.000e+00
     31.137    -0.8071   2.753875    -0.8052   2.754548    8.06199     0.2909    13.8155 0.0000e+00  -60.75100  -58.37400 1152664821 193.028042    33.8855       3044         12  0.000e+00
     31.071    -0.8067   2.753875    -0.8059   2.754560    8.05717     0.2694    13.8155 0.0000e+00  -60.75100  -58.37400 1152664821 193.028042    33.8851       3045         12  0.000e+00
     31.128    -0.8063   2.753855    -0.8059   2.754537    8.06187     0.3017    13.8155 0.0000e+00  -60.75100  -58.37400 1152664821 193.028043    33.8843       3046         12  0.000e+00
     31.137    -0.8067   2.753884    -0.8058   2.754548    8.06193     0.3339    13.8155 0.0000e+00  -60.75100  -58.37400 1152664821 193.028043    33.8852       3047         12  0.000e+00
     31.071    -0.8065   2.753898    -0.8061   2.754571    8.06180     0.3447    13.8155 0.0000e+00  -60.75100  -58.37400 1152664821 193.028043    33.8851       3048         12  0.000e+00
     31.137    -0.8069   2.753861    -0.8056   2.754531    8.06197     0.3232    13.8155 0.0000e+00  -60.75100  -58.37400 1152664821 193.028044    33.8851       3049         12  0.000e+00
     31.128    -0.8063   2.753884    -0.8061   2.754566    8.06185     0.2909    13.8155 0.0000e+00  -60.75100  -58.37400 1152664821 193.028044    33.8847       3050         12  0.000e+00
     31.137    -0.8065   2.753898    -0.8055   2.754560    8.06188     0.3124    13.8155 0.0000e+00  -60.75100  -58.37400 1152664821 193.028045    33.8851       3051         12  0.000e+00
     31.137    -0.8060   2.753898    -0.8061   2.754554    8.06180     0.3232    13.8155 0.0000e+00  -60.75100  -58.37400 1152664821 193.028045    33.8846       3052         12  0.000e+00
     31.137    -0.8060   2.753878    -0.8062   2.754542    8.06182     0.3555    13.8155 0.0000e+00  -60.75100  -58.37400 1152664821 193.028046    33.8843       3053         12  0.000e+00
     31.128    -0.8063   2.753904    -0.8061   2.754548    8.06183     0.3555    13.8155 0.0000e+00  -60.75100  -58.37400 1152664821 193.028046    33.8850       3054         12  0.000e+00
     31.070    -0.8061   2.753884    -0.8062   2.754513    8.05707     0.3555    13.8155 0.0000e+00  -60.75100  -58.37400 1152664821 193.028047    33.8846       3055         12  0.000e+00
     31.137    -0.8061   2.753875    -0.8062   2.754508    8.05715     0.3770    13.8155 0.0000e+00  -60.75100  -58.37400 1152664821 193.028047    33.8844       3056         12  0.000e+00
     31.137    -0.8060   2.753891    -0.8058   2.754566    8.06181     0.3555    13.8155 0.0000e+00  -60.75100  -58.37400 1152664821 193.028048    33.8845       3057         12  0.000e+00
     31.128    -0.8061   2.753878    -0.8058   2.754542    8.06183     0.3232    13.8155 0.0000e+00  -60.75100  -58.37400 1152664821 193.028048    33.8845       3058         12  0.000e+00
     31.070    -0.8063   2.753875    -0.8061   2.754548    8.06179     0.2694    13.8155 0.0000e+00  -60.75100  -58.37400 1152664821 193.028049    33.8846       3059         12  0.000e+00
     31.137    -0.8061   2.753924    -0.8058   2.754542    8.06181     0.2479    13.8155 0.0000e+00  -60.75100  -58.37400 1152664821 193.028049    33.8851       3060         12  0.000e+00
     31.137    -0.8057   2.753907    -0.8059   2.754531    8.06175     0.2694    13.8155 0.0000e+00  -60.75100  -58.37400 1152664821 193.028050    33.8844       3061         12  0.000e+00
     31.061    -0.8058   2.753878    -0.8059   2.754548    8.06170     0.2694    13.8155 0.0000e+00  -60.75100  -58.37400 1152664821 193.028050    33.8841       3062         12  0.000e+00
     29.249    -0.8038   2.753999    -0.8039   2.754634    8.05926     0.3232    13.8155 0.0000e+00  -60.75100  -58.37400 1152664828 193.028127    33.8847       3222         13  0.000e+00
     29.315    -0.8040   2.753986    -0.8041   2.754611    8.05937     0.3017    13.8155 0.0000e+00  -60.75100  -58.37400 1152664828 193.028128    33.8846       3223         13  0.000e+00
     29.315    -0.8040   2.753982    -0.8044   2.754605    8.05468     0.2586    13.8155 0.0000e+00  -60.75100  -58.37400 1152664828 193.028128    33.8846       3224         13  0.000e+00
     29.306    -0.8038   2.753982    -0.8038   2.754605    8.05933     0.2909    13.8155 0.0000e+00  -60.75100  -58.37400 1152664828 193.028129    33.8844       3225         13  0.000e+00
     29.315    -0.8043   2.753999    -0.8041   2.754594    8.05941     0.3017    13.8155 0.0000e+00  -60.75100  -58.37400 1152664828 193.028129    33.8851       3226         13  0.000e+00
     29.249    -0.8037   2.753973    -0.8042   2.754600    8.05925     0.2909    13.8155 0.0000e+00  -60.75100  -58.37400 1152664828 193.028130    33.8841       3227         13  0.000e+00
     29.306    -0.8044   2.753943    -0.8044   2.754565    8.05477     0.2801    13.8155 0.0000e+00  -60.75100  -58.37400 1152664828 193.028130    33.8846       3228         13  0.000e+00
