product_data/regression_test/downloaded_data/MGDS/320620060703/ctd/p6608603.ros
* Sea-Bird SBE 9 Data File:
* FileName = D:\Data\Raw\P6608603.dat
* Software Version Seasave Win32 V 5.32
* Temperature SN = 1649
* Conductivity SN = 1431
* Number of Bytes Per Scan = 37
* Number of Voltage Words = 5
* Number of Scans Averaged by the Deck Unit = 1
* NMEA Latitude = 61 36.69 S
* NMEA Longitude = 057 43.83 W
* NMEA UTC (Time) = 04:19:32
** Ship:   Nathaniel B. Palmer 
** Cruise:    NBP0603 p0606
** Cast #: 03
** Station:   86
** Operator: 
# nquan = 17
# nvalues = 1176                    
# units = specified
# name 0 = prDM: Pressure, Digiquartz [db]
# name 1 = t090C: Temperature [ITS-90, deg C]
# name 2 = c0S/m: Conductivity [S/m]
# name 3 = t190C: Temperature, 2 [ITS-90, deg C]
# name 4 = c1S/m: Conductivity, 2 [S/m]
# name 5 = sbeox0ML/L: Oxygen, SBE 43 [ml/l]
# name 6 = flECO-AFL: Fluorescence, Wetlab ECO-AFL/FL [mg/m^3]
# name 7 = bat: Beam Attenuation, Chelsea/Seatech/Wetlab CStar [1/m]
# name 8 = spar: SPAR/Surface Irradiance
# name 9 = latitude: Latitude [deg]
# name 10 = longitude: Longitude [deg]
# name 11 = timeY: Time, System [seconds]
# name 12 = timeJ: Julian Days
# name 13 = sal00: Salinity [PSU]
# name 14 = scan: scan number
# name 15 = nbf: number of bottles fired
# name 16 = flag:  0.000e+00
# interval = seconds: 0.0416667                   
# start_time = Jul 10 2006 04:19:39
*END*
[from data line 341]
    150.263    -0.4474   2.817090    -0.4484   2.817291    7.05884    -0.0319    13.8155 0.0000e+00  -61.61150  -57.73050 1152506722 191.198192    34.2597      37076          7  0.000e+00
    150.263    -0.4473   2.817070    -0.4480   2.817239    7.05883    -0.0211    13.8155 0.0000e+00  -61.61150  -57.73050 1152506722 191.198193    34.2593      37077          7  0.000e+00
    151.248    -0.4344   2.818437    -0.4341   2.818766    7.05709    -0.0534    13.8155 0.0000e+00  -61.61150  -57.73050 1152506728 191.198264    34.2625      37226          8  0.000e+00
    151.257    -0.4346   2.818450    -0.4335   2.818719    7.06183    -0.0319    13.8155 0.0000e+00  -61.61150  -57.73050 1152506728 191.198265    34.2629      37227          8  0.000e+00
    151.324    -0.4345   2.818470    -0.4337   2.818661    7.05716    -0.0426    13.8155 0.0000e+00  -61.61150  -57.73050 1152506729 191.198265    34.2630      37228          8  0.000e+00
    151.181    -0.4342   2.818516    -0.4341   2.818603    7.06166    -0.0642    13.8155 0.0000e+00  -61.61150  -57.73050 1152506729 191.198266    34.2634      37229          8  0.000e+00
    151.324    -0.4342   2.818523    -0.4346   2.818550    7.05708    -0.0319    13.8155 0.0000e+00  -61.61150  -57.73050 1152506729 191.198266    34.2634      37230          8  0.000e+00
    151.248    -0.4340   2.818486    -0.4365   2.818474    7.06171    -0.0857    13.8155 0.0000e+00  -61.61150  -57.73050 1152506729 191.198267    34.2627      37231          8  0.000e+00
    151.191    -0.4344   2.818510    -0.4375   2.818375    7.06170    -0.0964    13.8155 0.0000e+00  -61.61150  -57.73050 1152506729 191.198267    34.2635      37232          8  0.000e+00
    151.248    -0.4338   2.818503    -0.4374   2.818370    7.05696    -0.0964    13.8155 0.0000e+00  -61.61150  -57.73050 1152506729 191.198268    34.2627      37233          8  0.000e+00
    151.181    -0.4335   2.818516    -0.4381   2.818340    7.06156    -0.0857    13.8155 0.0000e+00  -61.61150  -57.73050 1152506729 191.198268    34.2626      37234          8  0.000e+00
    151.248    -0.4345   2.818460    -0.4386   2.818265    7.06652    -0.0534    13.8155 0.0000e+00  -61.61150  -57.73050 1152506729 191.198269    34.2630      37235          8  0.000e+00
    151.181    -0.4349   2.818364    -0.4387   2.818282    7.06656    -0.0642    13.8155 0.0000e+00  -61.61150  -57.73050 1152506729 191.198269    34.2621      37236          8  0.000e+00
    151.191    -0.4364   2.818271    -0.4384   2.818323    7.06685    -0.0426    13.8155 0.0000e+00  -61.61150  -57.73050 1152506729 191.198270    34.2625      37237          8  0.000e+00
    151.114    -0.4368   2.818165    -0.4377   2.818329    7.05747    -0.0426    13.8155 0.0000e+00  -61.61150  -57.73050 1152506729 191.198270    34.2616      37238          8  0.000e+00
    151.181    -0.4373   2.818068    -0.4384   2.818329    7.06239    -0.0642    13.8155 0.0000e+00  -61.61150  -57.73050 1152506729 191.198271    34.2609      37239          8  0.000e+00
    151.181    -0.4389   2.817936    -0.4390   2.818282    7.06270    -0.0749    13.8155 0.0000e+00  -61.61150  -57.73050 1152506729 191.198271    34.2609      37240          8  0.000e+00
    151.114    -0.4412   2.817687    -0.4397   2.818189    7.05841    -0.0534    13.8155 0.0000e+00  -61.61150  -57.73050 1152506729 191.198272    34.2602      37241          8  0.000e+00
    151.114    -0.4429   2.817465    -0.4397   2.818125    7.06351    -0.0426    13.8155 0.0000e+00  -61.61150  -57.73050 1152506729 191.198272    34.2591      37242          8  0.000e+00
    151.038    -0.4439   2.817345    -0.4401   2.818113    7.06836    -0.0319    13.8155 0.0000e+00  -61.61150  -57.73050 1152506729 191.198273    34.2586      37243          8  0.000e+00
    151.114    -0.4453   2.817342    -0.4407   2.818072    7.06863    -0.0534    13.8155 0.0000e+00  -61.61150  -57.73050 1152506729 191.198273    34.2601      37244          8  0.000e+00
    151.038    -0.4449   2.817349    -0.4414   2.818078    7.06851    -0.0426    13.8155 0.0000e+00  -61.61150  -57.73050 1152506729 191.198274    34.2599      37245          8  0.000e+00
    151.038    -0.4448   2.817448    -0.4415   2.818020    7.06842    -0.0642    13.8155 0.0000e+00  -61.61150  -57.73050 1152506729 191.198274    34.2611      37246          8  0.000e+00
    150.981    -0.4439   2.817498    -0.4420   2.817985    7.06820    -0.0642    13.8155 0.0000e+00  -61.61150  -57.73050 1152506729 191.198274    34.2607      37247          8  0.000e+00
    151.038    -0.4439   2.817577    -0.4426   2.817938    7.06349    -0.0534    13.8155 0.0000e+00  -61.61150  -57.73050 1152506729 191.198275    34.2618      37248          8  0.000e+00
    150.971    -0.4429   2.817631    -0.4429   2.817886    7.06797    -0.0534    13.8155 0.0000e+00  -61.61150  -57.73050 1152506729 191.198275    34.2614      37249          8  0.000e+00
    150.971    -0.4432   2.817621    -0.4431   2.817851    7.06802    -0.0749    13.8155 0.0000e+00  -61.61150  -57.73050 1152506729 191.198276    34.2617      37250          8  0.000e+00
    150.904    -0.4428   2.817650    -0.4434   2.817822    7.06787    -0.0211    13.8155 0.0000e+00  -61.61150  -57.73050 1152506729 191.198276    34.2616      37251          8  0.000e+00
    150.904    -0.4423   2.817697    -0.4437   2.817798    7.06778     0.0112    13.8155 0.0000e+00  -61.61150  -57.73050 1152506729 191.198277    34.2617      37252          8  0.000e+00
    150.904    -0.4420   2.817674    -0.4443   2.817728    7.06304    -0.0211    13.8155 0.0000e+00  -61.61150  -57.73050 1152506730 191.198277    34.2610      37253          8  0.000e+00
    150.904    -0.4423   2.817687    -0.4451   2.817629    7.06307    -0.0426    13.8155 0.0000e+00  -61.61150  -57.73050 1152506730 191.198278    34.2616      37254          8  0.000e+00
    150.828    -0.4420   2.817723    -0.4460   2.817542    7.06293    -0.0534    13.8155 0.0000e+00  -61.61150  -57.73050 1152506730 191.198278    34.2617      37255          8  0.000e+00
    150.828    -0.4412   2.817733    -0.4468   2.817483    7.06753    -0.0534    13.8155 0.0000e+00  -61.61150  -57.73050 1152506730 191.198279    34.2610      37256          8  0.000e+00
    150.837    -0.4415   2.817733    -0.4471   2.817408    7.06758    -0.0534    13.8155 0.0000e+00  -61.61150  -57.73050 1152506730 191.198279    34.2613      37257          8  0.000e+00
    150.761    -0.4414   2.817680    -0.4474   2.817367    7.06752    -0.0319    13.8155 0.0000e+00  -61.61150  -57.73050 1152506730 191.198280    34.2605      37258          8  0.000e+00
    150.761    -0.4423   2.817577    -0.4474   2.817402    7.06772    -0.0534    13.8155 0.0000e+00  -61.61150  -57.73050 1152506730 191.198280    34.2602      37259          8  0.000e+00
    150.761    -0.4428   2.817531    -0.4469   2.817437    7.06310    -0.0749    13.8155 0.0000e+00  -61.61150  -57.73050 1152506730 191.198281    34.2601      37260          8  0.000e+00
    150.694    -0.4431   2.817534    -0.4463   2.817478    7.06779    -0.0534    13.8155 0.0000e+00  -61.61150  -57.73050 1152506730 191.198281    34.2605      37261          8  0.000e+00
    150.685    -0.4434   2.817445    -0.4457   2.817513    7.06788    -0.0426    13.8155 0.0000e+00  -61.61150  -57.73050 1152506730 191.198282    34.2597      37262          8  0.000e+00
    150.685    -0.4446   2.817345    -0.4460   2.817501    7.06812    -0.0642    13.8155 0.0000e+00  -61.61150  -57.73050 1152506730 191.198282    34.2597      37263          8  0.000e+00
    150.618    -0.4459   2.817222    -0.4460   2.817478    7.06831    -0.0104    13.8155 0.0000e+00  -61.61150  -57.73050 1152506730 191.198283    34.2595      37264          8  0.000e+00
    150.685    -0.4468   2.817153    -0.4474   2.817396    7.06855    -0.0534    13.8155 0.0000e+00  -61.61150  -57.73050 1152506730 191.198283    34.2596      37265          8  0.000e+00
    150.551    -0.4473   2.817110    -0.4483   2.817320    7.06852    -0.0642    13.8155 0.0000e+00  -61.61150  -57.73050 1152506730 191.198284    34.2596      37266          8  0.000e+00
    150.551    -0.4476   2.817100    -0.4487   2.817268    7.06857    -0.0642    13.8155 0.0000e+00  -61.61150  -57.73050 1152506730 191.198284    34.2598      37267          8  0.000e+00
    150.618    -0.4468   2.817183    -0.4486   2.817274    7.06375    -0.0426    13.8155 0.0000e+00  -61.61150  -57.73050 1152506730 191.198285    34.2600      37268          8  0.000e+00
    150.475    -0.4460   2.817203    -0.4487   2.817239    7.06821    -0.0857    13.8155 0.0000e+00  -61.61150  -57.73050 1152506730 191.198285    34.2595      37269          8  0.000e+00
    150.551    -0.4462   2.817209    -0.4477   2.817268    7.06830    -0.0749    13.8155 0.0000e+00  -61.61150  -57.73050 1152506730 191.198286    34.2597      37270          8  0.000e+00
    150.417    -0.4467   2.817159    -0.4483   2.817285    7.06827    -0.0534    13.8155 0.0000e+00  -61.61150  -57.73050 1152506730 191.198286    34.2597      37271          8  0.000e+00
    150.475    -0.4473   2.817093    -0.4474   2.817285    7.06374    -0.0211    13.8155 0.0000e+00  -61.61150  -57.73050 1152506730 191.198287    34.2594      37272          8  0.000e+00
    150.408    -0.4484   2.817027    -0.4474   2.817303    7.06387    -0.0319    13.8155 0.0000e+00  -61.61150  -57.73050 1152506730 191.198287    34.2598      37273          8  0.000e+00
    150.408    -0.4484   2.817010    -0.4478   2.817326    7.06388    -0.0534    13.8155 0.0000e+00  -61.61150  -57.73050 1152506730 191.198288    34.2596      37274          8  0.000e+00
    124.848    -0.6816   2.792295    -0.6858   2.792101    7.50401     0.0004    13.8155 0.0000e+00  -61.61150  -57.73050 1152506824 191.199365    34.2060      39509          9  0.000e+00
    124.782    -0.6810   2.792282    -0.6856   2.792148    7.50385     0.0327    13.8155 0.0000e+00  -61.61150  -57.73050 1152506824 191.199366    34.2052      39510          9  0.000e+00
    124.724    -0.6821   2.792156    -0.6855   2.792142    7.50877     0.0972    13.8155 0.0000e+00  -61.61150  -57.73050 1152506824 191.199366    34.2048      39511          9  0.000e+00
    124.638    -0.6830   2.792084    -0.6850   2.792171    7.50887     0.1188    13.8155 0.0000e+00  -61.61150  -57.73050 1152506824 191.199367    34.2049      39512          9  0.000e+00
    124.657    -0.6838   2.792004    -0.6847   2.792148    7.50906     0.0542    13.8155 0.0000e+00  -61.61150  -57.73050 1152506824 191.199367    34.2047      39513          9  0.000e+00
    124.638    -0.6844   2.791915    -0.6853   2.792153    7.50920     0.0327    13.8155 0.0000e+00  -61.61150  -57.73050 1152506824 191.199368    34.2042      39514          9  0.000e+00
    124.505    -0.6850   2.791846    -0.6856   2.792101    7.50920     0.0219    13.8155 0.0000e+00  -61.61150  -57.73050 1152506824 191.199368    34.2040      39515          9  0.000e+00
    124.581    -0.6858   2.791846    -0.6864   2.792078    7.50939     0.0219    13.8155 0.0000e+00  -61.61150  -57.73050 1152506824 191.199369    34.2048      39516          9  0.000e+00
    124.572    -0.6861   2.791833    -0.6861   2.792060    7.50944     0.0434    13.8155 0.0000e+00  -61.61150  -57.73050 1152506824 191.199369    34.2050      39517          9  0.000e+00
    124.505    -0.6856   2.791879    -0.6864   2.792060    7.50927     0.0865    13.8155 0.0000e+00  -61.61150  -57.73050 1152506824 191.199370    34.2052      39518          9  0.000e+00
    124.447    -0.6859   2.791876    -0.6866   2.792031    7.50926     0.0757    13.8155 0.0000e+00  -61.61150  -57.73050 1152506824 191.199370    34.2055      39519          9  0.000e+00
    124.505    -0.6858   2.791889    -0.6866   2.792049    7.50928     0.0434    13.8155 0.0000e+00  -61.61150  -57.73050 1152506824 191.199371    34.2055      39520          9  0.000e+00
    124.428    -0.6853   2.791961    -0.6866   2.792020    7.50909     0.0650    13.8155 0.0000e+00  -61.61150  -57.73050 1152506824 191.199371    34.2060      39521          9  0.000e+00
    124.371    -0.6852   2.792034    -0.6872   2.792043    7.50895     0.0542    13.8155 0.0000e+00  -61.61150  -57.73050 1152506824 191.199372    34.2068      39522          9  0.000e+00
    124.362    -0.6836   2.792054    -0.6870   2.792055    7.51342     0.0542    13.8155 0.0000e+00  -61.61150  -57.73050 1152506824 191.199372    34.2054      39523          9  0.000e+00
    124.362    -0.6830   2.792067    -0.6872   2.792020    7.51332     0.0542    13.8155 0.0000e+00  -61.61150  -57.73050 1152506824 191.199373    34.2048      39524          9  0.000e+00
    124.371    -0.6838   2.792041    -0.6873   2.791979    7.50874     0.0865    13.8155 0.0000e+00  -61.61150  -57.73050 1152506824 191.199373    34.2053      39525          9  0.000e+00
    124.295    -0.6836   2.792011    -0.6873   2.791973    7.50866     0.0542    13.8155 0.0000e+00  -61.61150  -57.73050 1152506824 191.199374    34.2048      39526          9  0.000e+00
    124.295    -0.6838   2.792057    -0.6870   2.791979    7.50865     0.0004    13.8155 0.0000e+00  -61.61150  -57.73050 1152506824 191.199374    34.2056      39527          9  0.000e+00
    124.304    -0.6834   2.792090    -0.6872   2.791973    7.50859    -0.0211    13.8155 0.0000e+00  -61.61150  -57.73050 1152506824 191.199375    34.2057      39528          9  0.000e+00
    124.295    -0.6833   2.792113    -0.6872   2.791996    7.50854     0.0434    13.8155 0.0000e+00  -61.61150  -57.73050 1152506824 191.199375    34.2058      39529          9  0.000e+00
    124.295    -0.6832   2.792084    -0.6870   2.792026    7.50854     0.0327    13.8155 0.0000e+00  -61.61150  -57.73050 1152506824 191.199375    34.2053      39530          9  0.000e+00
    124.238    -0.6836   2.792041    -0.6869   2.792049    7.50858     0.0327    13.8155 0.0000e+00  -61.61150  -57.73050 1152506824 191.199376    34.2053      39531          9  0.000e+00
    124.218    -0.6830   2.792031    -0.6872   2.792020    7.51320     0.0542    13.8155 0.0000e+00  -61.61150  -57.73050 1152506825 191.199376    34.2044      39532          9  0.000e+00
    124.295    -0.6839   2.791981    -0.6864   2.792060    7.51345     0.0542    13.8155 0.0000e+00  -61.61150  -57.73050 1152506825 191.199377    34.2048      39533          9  0.000e+00
    124.161    -0.6844   2.791978    -0.6859   2.792118    7.51338     0.0757    13.8155 0.0000e+00  -61.61150  -57.73050 1152506825 191.199377    34.2053      39534          9  0.000e+00
    124.218    -0.6844   2.791985    -0.6869   2.792049    7.51344     0.0865    13.8155 0.0000e+00  -61.61150  -57.73050 1152506825 191.199378    34.2054      39535          9  0.000e+00
    124.219    -0.6850   2.791935    -0.6884   2.791909    7.51356     0.0542    13.8155 0.0000e+00  -61.61150  -57.73050 1152506825 191.199378    34.2054      39536          9  0.000e+00
    124.238    -0.6856   2.791882    -0.6889   2.791787    7.51372     0.0757    13.8155 0.0000e+00  -61.61150  -57.73050 1152506825 191.199379    34.2054      39537          9  0.000e+00
    124.219    -0.6855   2.791839    -0.6887   2.791799    7.51370     0.0542    13.8155 0.0000e+00  -61.61150  -57.73050 1152506825 191.199379    34.2047      39538          9  0.000e+00
    124.152    -0.6858   2.791809    -0.6881   2.791834    7.51370     0.0112    13.8155 0.0000e+00  -61.61150  -57.73050 1152506825 191.199380    34.2046      39539          9  0.000e+00
    124.238    -0.6856   2.791823    -0.6884   2.791845    7.51376     0.0327    13.8155 0.0000e+00  -61.61150  -57.73050 1152506825 191.199380    34.2046      39540          9  0.000e+00
    124.152    -0.6861   2.791809    -0.6887   2.791863    7.51375     0.0542    13.8155 0.0000e+00  -61.61150  -57.73050 1152506825 191.199381    34.2050      39541          9  0.000e+00
