product_data/regression_test/downloaded_data/MGDS/320620060703/ctd/p6608901.ros
* Sea-Bird SBE 9 Data File:
* FileName = D:\Data\Raw\P6608901.dat
* Software Version Seasave Win32 V 5.32
* Temperature SN = 1649
* Conductivity SN = 1431
* Number of Bytes Per Scan = 37
* Number of Voltage Words = 5
* Number of Scans Averaged by the Deck Unit = 1
* NMEA Latitude = 61 26.26 S
* NMEA Longitude = 057 51.58 W
* NMEA UTC (Time) = 10:14:29
** Ship:   Nathaniel B. Palmer 
** Cruise:    NBP0603 p0606
** Cast #: 01
** Station:   89
** Operator: rdd
# nquan = 17
# nvalues = 1176                    
# units = specified
# name 0 = prDM: Pressure, Digiquartz [db]
# name 1 = t090C: Temperature [ITS-90, deg C]
# name 2 = c0S/m: Conductivity [S/m]
# name 3 = t190C: Temperature, 2 [ITS-90, deg C]
# name 4 = c1S/m: Conductivity, 2 [S/m]
# name 5 = sbeox0ML/L: Oxygen, SBE 43 [ml/l]
# name 6 = flECO-AFL: Fluorescence, Wetlab ECO-AFL/FL [mg/m^3]
# name 7 = bat: Beam Attenuation, Chelsea/Seatech/Wetlab CStar [1/m]
# name 8 = spar: SPAR/Surface Irradiance
# name 9 = latitude: Latitude [deg]
# name 10 = longitude: Longitude [deg]
# name 11 = timeY: Time, System [seconds]
# name 12 = timeJ: Julian Days
# name 13 = sal00: Salinity [PSU]
# name 14 = scan: scan number
# name 15 = nbf: number of bottles fired
# name 16 = flag:  0.000e+00
# interval = seconds: 0.0416667                   
# start_time = Jul 10 2006 10:14:37
*END*
[from data line 426]
    250.228    -0.3422   2.840414    -0.3436   2.840633    6.57513    -0.0964    13.8155 0.0000e+00  -61.43767  -57.85967 1152528748 191.453121    34.3924      54545          9  0.000e+00
    250.218    -0.3423   2.840377    -0.3446   2.840557    6.57516    -0.1395    13.8155 0.0000e+00  -61.43767  -57.85967 1152528748 191.453122    34.3920      54546          9  0.000e+00
    250.228    -0.3421   2.840397    -0.3442   2.840469    6.57513    -0.1502    13.8155 0.0000e+00  -61.43767  -57.85967 1152528748 191.453122    34.3921      54547          9  0.000e+00
    250.218    -0.3421   2.840427    -0.3457   2.840463    6.57510    -0.1610    13.8155 0.0000e+00  -61.43767  -57.85967 1152528748 191.453123    34.3925      54548          9  0.000e+00
    250.228    -0.3421   2.840437    -0.3471   2.840299    6.57511    -0.1610    13.8155 0.0000e+00  -61.43767  -57.85967 1152528748 191.453123    34.3926      54549          9  0.000e+00
    250.151    -0.3421   2.840434    -0.3484   2.840229    6.57503    -0.1180    13.8155 0.0000e+00  -61.43767  -57.85967 1152528748 191.453124    34.3925      54550          9  0.000e+00
    250.228    -0.3420   2.840434    -0.3487   2.840188    6.57509    -0.0857    13.8155 0.0000e+00  -61.43767  -57.85967 1152528748 191.453124    34.3924      54551          9  0.000e+00
    250.228    -0.3421   2.840434    -0.3486   2.840188    6.57511    -0.0964    13.8155 0.0000e+00  -61.43767  -57.85967 1152528748 191.453125    34.3926      54552          9  0.000e+00
    250.218    -0.3426   2.840370    -0.3486   2.840177    6.57520    -0.0642    13.8155 0.0000e+00  -61.43767  -57.85967 1152528748 191.453125    34.3923      54553          9  0.000e+00
    250.228    -0.3432   2.840187    -0.3488   2.840194    6.57540    -0.0319    13.8155 0.0000e+00  -61.43767  -57.85967 1152528748 191.453125    34.3905      54554          9  0.000e+00
    250.218    -0.3455   2.840034    -0.3484   2.840194    6.57578    -0.0749    13.8155 0.0000e+00  -61.43767  -57.85967 1152528748 191.453126    34.3910      54555          9  0.000e+00
    250.228    -0.3471   2.839968    -0.3493   2.840159    6.57605    -0.0857    13.8155 0.0000e+00  -61.43767  -57.85967 1152528748 191.453126    34.3920      54556          9  0.000e+00
    250.295    -0.3474   2.839908    -0.3499   2.840153    6.57619    -0.1180    13.8155 0.0000e+00  -61.43767  -57.85967 1152528748 191.453127    34.3915      54557          9  0.000e+00
    250.228    -0.3485   2.839838    -0.3491   2.840118    6.57631    -0.1180    13.8155 0.0000e+00  -61.43767  -57.85967 1152528748 191.453127    34.3918      54558          9  0.000e+00
    250.218    -0.3495   2.839834    -0.3499   2.840077    6.57644    -0.0964    13.8155 0.0000e+00  -61.43767  -57.85967 1152528748 191.453128    34.3929      54559          9  0.000e+00
    252.478    -0.3316   2.841536    -0.3369   2.841259    6.57034    -0.0426    13.8155 0.0000e+00  -61.43767  -57.85967 1152528755 191.453205    34.3941      54719         10  0.000e+00
    252.344    -0.3314   2.841526    -0.3367   2.841282    6.56544    -0.0964    13.8155 0.0000e+00  -61.43767  -57.85967 1152528755 191.453206    34.3938      54720         10  0.000e+00
    252.267    -0.3316   2.841563    -0.3366   2.841294    6.56537    -0.0857    13.8155 0.0000e+00  -61.43767  -57.85967 1152528755 191.453206    34.3946      54721         10  0.000e+00
    252.411    -0.3313   2.841556    -0.3357   2.841323    6.56546    -0.0534    13.8155 0.0000e+00  -61.43767  -57.85967 1152528755 191.453207    34.3940      54722         10  0.000e+00
    252.334    -0.3318   2.841463    -0.3355   2.841352    6.56551    -0.1180    13.8155 0.0000e+00  -61.43767  -57.85967 1152528755 191.453207    34.3933      54723         10  0.000e+00
    252.344    -0.3321   2.841370    -0.3355   2.841376    6.56562    -0.1395    13.8155 0.0000e+00  -61.43767  -57.85967 1152528755 191.453207    34.3924      54724         10  0.000e+00
    252.334    -0.3329   2.841330    -0.3354   2.841463    6.56574    -0.1180    13.8155 0.0000e+00  -61.43767  -57.85967 1152528755 191.453208    34.3928      54725         10  0.000e+00
    252.344    -0.3328   2.841323    -0.3354   2.841493    6.57051    -0.0749    13.8155 0.0000e+00  -61.43767  -57.85967 1152528755 191.453208    34.3927      54726         10  0.000e+00
    252.334    -0.3327   2.841323    -0.3354   2.841487    6.57048    -0.0964    13.8155 0.0000e+00  -61.43767  -57.85967 1152528755 191.453209    34.3925      54727         10  0.000e+00
    252.344    -0.3330   2.841270    -0.3349   2.841510    6.57056    -0.1180    13.8155 0.0000e+00  -61.43767  -57.85967 1152528755 191.453209    34.3922      54728         10  0.000e+00
    252.267    -0.3332   2.841233    -0.3346   2.841481    6.56577    -0.0964    13.8155 0.0000e+00  -61.43767  -57.85967 1152528755 191.453210    34.3919      54729         10  0.000e+00
    252.344    -0.3344   2.841233    -0.3340   2.841463    6.56601    -0.0749    13.8155 0.0000e+00  -61.43767  -57.85967 1152528755 191.453210    34.3933      54730         10  0.000e+00
    252.267    -0.3347   2.841180    -0.3335   2.841528    6.56601    -0.0642    13.8155 0.0000e+00  -61.43767  -57.85967 1152528755 191.453211    34.3929      54731         10  0.000e+00
    252.277    -0.3353   2.841093    -0.3338   2.841528    6.56616    -0.0534    13.8155 0.0000e+00  -61.43767  -57.85967 1152528755 191.453211    34.3925      54732         10  0.000e+00
    252.267    -0.3364   2.841087    -0.3342   2.841522    6.56629    -0.0749    13.8155 0.0000e+00  -61.43767  -57.85967 1152528755 191.453212    34.3936      54733         10  0.000e+00
    252.277    -0.3367   2.841027    -0.3343   2.841452    6.56638    -0.0964    13.8155 0.0000e+00  -61.43767  -57.85967 1152528755 191.453212    34.3932      54734         10  0.000e+00
    252.200    -0.3366   2.840987    -0.3349   2.841417    6.56632    -0.1610    13.8155 0.0000e+00  -61.43767  -57.85967 1152528755 191.453213    34.3925      54735         10  0.000e+00
    252.200    -0.3381   2.840947    -0.3349   2.841417    6.56654    -0.1395    13.8155 0.0000e+00  -61.43767  -57.85967 1152528756 191.453213    34.3937      54736         10  0.000e+00
    252.200    -0.3369   2.841023    -0.3351   2.841387    6.56634    -0.0749    13.8155 0.0000e+00  -61.43767  -57.85967 1152528756 191.453214    34.3934      54737         10  0.000e+00
    252.200    -0.3355   2.841153    -0.3361   2.841323    6.56607    -0.1072    13.8155 0.0000e+00  -61.43767  -57.85967 1152528756 191.453214    34.3935      54738         10  0.000e+00
    252.201    -0.3341   2.841306    -0.3362   2.841323    6.56579    -0.0857    13.8155 0.0000e+00  -61.43767  -57.85967 1152528756 191.453215    34.3940      54739         10  0.000e+00
    252.134    -0.3324   2.841429    -0.3347   2.841387    6.56543    -0.0749    13.8155 0.0000e+00  -61.43767  -57.85967 1152528756 191.453215    34.3937      54740         10  0.000e+00
    252.124    -0.3321   2.841479    -0.3343   2.841469    6.56535    -0.0857    13.8155 0.0000e+00  -61.43767  -57.85967 1152528756 191.453216    34.3940      54741         10  0.000e+00
    252.134    -0.3314   2.841483    -0.3339   2.841510    6.56527    -0.0964    13.8155 0.0000e+00  -61.43767  -57.85967 1152528756 191.453216    34.3934      54742         10  0.000e+00
    252.124    -0.3308   2.841499    -0.3332   2.841539    6.56994    -0.1180    13.8155 0.0000e+00  -61.43767  -57.85967 1152528756 191.453217    34.3929      54743         10  0.000e+00
    252.067    -0.3310   2.841506    -0.3325   2.841604    6.56990    -0.0964    13.8155 0.0000e+00  -61.43767  -57.85967 1152528756 191.453217    34.3932      54744         10  0.000e+00
    252.057    -0.3308   2.841536    -0.3317   2.841668    6.56985    -0.0749    13.8155 0.0000e+00  -61.43767  -57.85967 1152528756 191.453218    34.3935      54745         10  0.000e+00
    251.990    -0.3313   2.841499    -0.3317   2.841738    6.56988    -0.0857    13.8155 0.0000e+00  -61.43767  -57.85967 1152528756 191.453218    34.3935      54746         10  0.000e+00
    252.057    -0.3312   2.841483    -0.3317   2.841738    6.56993    -0.1287    13.8155 0.0000e+00  -61.43767  -57.85967 1152528756 191.453219    34.3931      54747         10  0.000e+00
    251.990    -0.3316   2.841483    -0.3313   2.841732    6.56993    -0.0964    13.8155 0.0000e+00  -61.43767  -57.85967 1152528756 191.453219    34.3937      54748         10  0.000e+00
    251.914    -0.3314   2.841429    -0.3309   2.841715    6.56511    -0.0749    13.8155 0.0000e+00  -61.43767  -57.85967 1152528756 191.453220    34.3928      54749         10  0.000e+00
    251.923    -0.3314   2.841516    -0.3312   2.841744    6.56506    -0.0857    13.8155 0.0000e+00  -61.43767  -57.85967 1152528756 191.453220    34.3939      54750         10  0.000e+00
    251.990    -0.3312   2.841516    -0.3303   2.841761    6.56509    -0.0857    13.8155 0.0000e+00  -61.43767  -57.85967 1152528756 191.453220    34.3936      54751         10  0.000e+00
    251.847    -0.3312   2.841506    -0.3306   2.841779    6.56496    -0.0964    13.8155 0.0000e+00  -61.43767  -57.85967 1152528756 191.453221    34.3935      54752         10  0.000e+00
    251.856    -0.3312   2.841506    -0.3307   2.841750    6.56497    -0.1395    13.8155 0.0000e+00  -61.43767  -57.85967 1152528756 191.453221    34.3935      54753         10  0.000e+00
    251.914    -0.3312   2.841519    -0.3309   2.841756    6.56501    -0.1072    13.8155 0.0000e+00  -61.43767  -57.85967 1152528756 191.453222    34.3937      54754         10  0.000e+00
    251.780    -0.3310   2.841543    -0.3310   2.841779    6.56485    -0.0964    13.8155 0.0000e+00  -61.43767  -57.85967 1152528756 191.453222    34.3939      54755         10  0.000e+00
    251.770    -0.3313   2.841549    -0.3310   2.841767    6.56488    -0.0857    13.8155 0.0000e+00  -61.43767  -57.85967 1152528756 191.453223    34.3943      54756         10  0.000e+00
    251.780    -0.3315   2.841533    -0.3308   2.841779    6.56493    -0.0857    13.8155 0.0000e+00  -61.43767  -57.85967 1152528756 191.453223    34.3943      54757         10  0.000e+00
    251.770    -0.3308   2.841526    -0.3304   2.841826    6.56484    -0.1395    13.8155 0.0000e+00  -61.43767  -57.85967 1152528756 191.453224    34.3935      54758         10  0.000e+00
    251.713    -0.3313   2.841526    -0.3304   2.841802    6.56485    -0.0964    13.8155 0.0000e+00  -61.43767  -57.85967 1152528756 191.453224    34.3940      54759         10  0.000e+00
    251.636    -0.3307   2.841509    -0.3303   2.841808    6.56470    -0.0749    13.8155 0.0000e+00  -61.43767  -57.85967 1152528757 191.453225    34.3932      54760         10  0.000e+00
    251.713    -0.3313   2.841536    -0.3301   2.841814    6.56484    -0.1180    13.8155 0.0000e+00  -61.43767  -57.85967 1152528757 191.453225    34.3942      54761         10  0.000e+00
    251.636    -0.3312   2.841479    -0.3298   2.841814    6.56478    -0.1180    13.8155 0.0000e+00  -61.43767  -57.85967 1152528757 191.453226    34.3933      54762         10  0.000e+00
    251.570    -0.3308   2.841493    -0.3301   2.841814    6.56467    -0.1287    13.8155 0.0000e+00  -61.43767  -57.85967 1152528757 191.453226    34.3932      54763         10  0.000e+00
    251.560    -0.3312   2.841486    -0.3295   2.841849    6.56471    -0.1180    13.8155 0.0000e+00  -61.43767  -57.85967 1152528757 191.453227    34.3934      54764         10  0.000e+00
    251.570    -0.3314   2.841463    -0.3294   2.841808    6.56477    -0.1072    13.8155 0.0000e+00  -61.43767  -57.85967 1152528757 191.453227    34.3934      54765         10  0.000e+00
    251.493    -0.3313   2.841459    -0.3295   2.841826    6.56468    -0.1395    13.8155 0.0000e+00  -61.43767  -57.85967 1152528757 191.453228    34.3933      54766         10  0.000e+00
    251.503    -0.3314   2.841476    -0.3297   2.841861    6.56470    -0.1395    13.8155 0.0000e+00  -61.43767  -57.85967 1152528757 191.453228    34.3937      54767         10  0.000e+00
    200.190    -0.3728   2.831435    -0.3727   2.831726    6.72830    -0.0964    13.8155 0.0000e+00  -61.43767  -57.85967 1152528869 191.454531    34.3373      57468         11  0.000e+00
    200.161    -0.3728   2.831431    -0.3728   2.831738    6.72827    -0.0749    13.8155 0.0000e+00  -61.43767  -57.85967 1152528869 191.454531    34.3373      57469         11  0.000e+00
    200.123    -0.3733   2.831461    -0.3730   2.831744    6.72828    -0.0749    13.8155 0.0000e+00  -61.43767  -57.85967 1152528869 191.454532    34.3382      57470         11  0.000e+00
    200.094    -0.3732   2.831435    -0.3728   2.831726    6.72825    -0.0534    13.8155 0.0000e+00  -61.43767  -57.85967 1152528870 191.454532    34.3377      57471         11  0.000e+00
    200.123    -0.3725   2.831441    -0.3727   2.831720    6.72819    -0.1180    13.8155 0.0000e+00  -61.43767  -57.85967 1152528870 191.454533    34.3371      57472         11  0.000e+00
    200.190    -0.3733   2.831448    -0.3725   2.831738    6.72835    -0.1610    13.8155 0.0000e+00  -61.43767  -57.85967 1152528870 191.454533    34.3380      57473         11  0.000e+00
    200.094    -0.3735   2.831428    -0.3722   2.831726    6.72830    -0.1072    13.8155 0.0000e+00  -61.43767  -57.85967 1152528870 191.454534    34.3380      57474         11  0.000e+00
    200.123    -0.3735   2.831465    -0.3729   2.831738    6.72830    -0.1180    13.8155 0.0000e+00  -61.43767  -57.85967 1152528870 191.454534    34.3385      57475         11  0.000e+00
    200.161    -0.3728   2.831438    -0.3724   2.831709    6.72827    -0.1180    13.8155 0.0000e+00  -61.43767  -57.85967 1152528870 191.454535    34.3374      57476         11  0.000e+00
    200.123    -0.3733   2.831458    -0.3722   2.831732    6.72829    -0.1180    13.8155 0.0000e+00  -61.43767  -57.85967 1152528870 191.454535    34.3382      57477         11  0.000e+00
    200.123    -0.3732   2.831435    -0.3719   2.831744    6.72828    -0.1180    13.8155 0.0000e+00  -61.43767  -57.85967 1152528870 191.454536    34.3377      57478         11  0.000e+00
    200.161    -0.3726   2.831425    -0.3715   2.831744    6.72824    -0.1395    13.8155 0.0000e+00  -61.43767  -57.85967 1152528870 191.454536    34.3369      57479         11  0.000e+00
    200.123    -0.3730   2.831431    -0.3715   2.831744    6.72826    -0.1180    13.8155 0.0000e+00  -61.43767  -57.85967 1152528870 191.454537    34.3375      57480         11  0.000e+00
    200.094    -0.3732   2.831408    -0.3718   2.831744    6.72827    -0.0857    13.8155 0.0000e+00  -61.43767  -57.85967 1152528870 191.454537    34.3374      57481         11  0.000e+00
    200.123    -0.3724   2.831435    -0.3719   2.831767    6.72817    -0.0749    13.8155 0.0000e+00  -61.43767  -57.85967 1152528870 191.454538    34.3368      57482         11  0.000e+00
    200.123    -0.3725   2.831448    -0.3716   2.831755    6.72819    -0.1072    13.8155 0.0000e+00  -61.43767  -57.85967 1152528870 191.454538    34.3372      57483         11  0.000e+00
    200.094    -0.3727   2.831481    -0.3712   2.831726    6.72816    -0.0964    13.8155 0.0000e+00  -61.43767  -57.85967 1152528870 191.454538    34.3378      57484         11  0.000e+00
    200.046    -0.3727   2.831458    -0.3719   2.831720    6.72813    -0.0857    13.8155 0.0000e+00  -61.43767  -57.85967 1152528870 191.454539    34.3375      57485         11  0.000e+00
    200.094    -0.3721   2.831438    -0.3721   2.831720    6.72810    -0.1180    13.8155 0.0000e+00  -61.43767  -57.85967 1152528870 191.454539    34.3365      57486         11  0.000e+00
    200.123    -0.3722   2.831461    -0.3722   2.831720    6.72814    -0.1180    13.8155 0.0000e+00  -61.43767  -57.85967 1152528870 191.454540    34.3370      57487         11  0.000e+00
