product_data/regression_test/downloaded_data/MGDS/320620060703/ctd/p6608401.cnv
* Sea-Bird SBE 9 Data File:
* FileName = D:\Data\Raw\P6608401.dat
* Software Version Seasave Win32 V 5.32
* Temperature SN = 1649
* Conductivity SN = 1431
* Number of Bytes Per Scan = 37
* Number of Voltage Words = 5
* Number of Scans Averaged by the Deck Unit = 1
* NMEA Latitude = 61 43.33 S
* NMEA Longitude = 057 38.91 W
* NMEA UTC (Time) = 00:42:37
** Ship:   Nathaniel B. Palmer 
** Cruise:    NBP0603 p0606
** Cast #: 01
** Station:   84
** Operator: 
# nquan = 15
# nvalues = 317                         
# units = specified
# name 0 = prDM: Pressure, Digiquartz [db]
# name 1 = t090C: Temperature [ITS-90, deg C]
# name 2 = c0S/m: Conductivity [S/m]
# name 3 = t190C: Temperature, 2 [ITS-90, deg C]
# name 4 = c1S/m: Conductivity, 2 [S/m]
# name 5 = sbeox0ML/L: Oxygen, SBE 43 [ml/l]
# name 6 = flECO-AFL: Fluorescence, Wetlab ECO-AFL/FL [mg/m^3]
# name 7 = bat: Beam Attenuation, Chelsea/Seatech/Wetlab CStar [1/m]
# name 8 = spar: SPAR/Surface Irradiance
# name 9 = latitude: Latitude [deg]
# name 10 = longitude: Longitude [deg]
# name 11 = timeY: Time, System [seconds]
# name 12 = timeJ: Julian Days
# name 13 = sal00: Salinity [PSU]
# name 14 = flag: flag
# span 0 =      4.000,    320.000       
# span 1 =    -0.8765,    -0.2577       
# span 2 =   2.765848,   2.853455       
# span 3 =    -0.8762,    -0.2571       
# span 4 =   2.766393,   2.853689       
# span 5 =    6.43370,    7.85042       
# span 6 =    -0.0815,     0.2542       
# span 7 =    13.8155,    13.8155       
# span 8 = 0.0000e+00, 0.0000e+00       
# span 9 =  -61.72217,  -61.72217       
# span 10 =  -57.64850,  -57.64850      
# span 11 = 1152492189, 1152492797      
# span 12 = 191.029982, 191.037019      
# span 13 =    34.1397,    34.4290      
# span 14 = 0.0000e+00, 0.0000e+00      
# interval = decibars: 1                
# start_time = Jul 10 2006 00:42:45
# bad_flag = -9.990e-29
*END*
[from data line 97]
    101.000    -0.8094   2.777074    -0.8088   2.777405    7.73511     0.2123    13.8155 0.0000e+00  -61.72217  -57.64850 1152492426 191.032726    34.1593 0.0000e+00
    102.000    -0.8100   2.777066    -0.8094   2.777385    7.73846     0.2009    13.8155 0.0000e+00  -61.72217  -57.64850 1152492427 191.032742    34.1592 0.0000e+00
    103.000    -0.8103   2.777084    -0.8096   2.777409    7.74146     0.2123    13.8155 0.0000e+00  -61.72217  -57.64850 1152492428 191.032758    34.1593 0.0000e+00
    104.000    -0.8101   2.777168    -0.8093   2.777491    7.74120     0.2133    13.8155 0.0000e+00  -61.72217  -57.64850 1152492430 191.032770    34.1596 0.0000e+00
    105.000    -0.8102   2.777199    -0.8094   2.777523    7.74054     0.2062    13.8155 0.0000e+00  -61.72217  -57.64850 1152492430 191.032781    34.1595 0.0000e+00
    106.000    -0.8103   2.777240    -0.8095   2.777558    7.73996     0.1946    13.8155 0.0000e+00  -61.72217  -57.64850 1152492432 191.032793    34.1595 0.0000e+00
    107.000    -0.8098   2.777342    -0.8088   2.777685    7.73850     0.2134    13.8155 0.0000e+00  -61.72217  -57.64850 1152492434 191.032827    34.1597 0.0000e+00
    108.000    -0.8089   2.777454    -0.8083   2.777778    7.73279     0.1938    13.8155 0.0000e+00  -61.72217  -57.64850 1152492437 191.032850    34.1596 0.0000e+00
    109.000    -0.8089   2.777498    -0.8082   2.777821    7.73190     0.1905    13.8155 0.0000e+00  -61.72217  -57.64850 1152492438 191.032863    34.1596 0.0000e+00
    110.000    -0.8088   2.777580    -0.8077   2.777914    7.73339     0.2088    13.8155 0.0000e+00  -61.72217  -57.64850 1152492439 191.032885    34.1599 0.0000e+00
    111.000    -0.8079   2.777689    -0.8072   2.778005    7.73598     0.2027    13.8155 0.0000e+00  -61.72217  -57.64850 1152492442 191.032914    34.1598 0.0000e+00
    112.000    -0.8069   2.777849    -0.8062   2.778164    7.73827     0.1905    13.8155 0.0000e+00  -61.72217  -57.64850 1152492443 191.032927    34.1602 0.0000e+00
    113.000    -0.8061   2.777972    -0.8052   2.778302    7.73628     0.1945    13.8155 0.0000e+00  -61.72217  -57.64850 1152492444 191.032937    34.1604 0.0000e+00
    114.000    -0.8056   2.778064    -0.8052   2.778362    7.73557     0.1817    13.8155 0.0000e+00  -61.72217  -57.64850 1152492445 191.032947    34.1604 0.0000e+00
    115.000    -0.8031   2.778370    -0.8022   2.778692    7.73128     0.1976    13.8155 0.0000e+00  -61.72217  -57.64850 1152492446 191.032958    34.1611 0.0000e+00
    116.000    -0.8020   2.778521    -0.8012   2.778836    7.72704     0.1837    13.8155 0.0000e+00  -61.72217  -57.64850 1152492447 191.032971    34.1612 0.0000e+00
    117.000    -0.7975   2.779033    -0.7971   2.779280    7.71860     0.1984    13.8155 0.0000e+00  -61.72217  -57.64850 1152492450 191.033008    34.1624 0.0000e+00
    118.000    -0.7901   2.779800    -0.7897   2.780054    7.70522     0.1846    13.8155 0.0000e+00  -61.72217  -57.64850 1152492453 191.033047    34.1637 0.0000e+00
    119.000    -0.7888   2.779949    -0.7880   2.780281    7.70156     0.1866    13.8155 0.0000e+00  -61.72217  -57.64850 1152492454 191.033057    34.1635 0.0000e+00
    120.000    -0.7888   2.780005    -0.7882   2.780310    7.70166     0.1995    13.8155 0.0000e+00  -61.72217  -57.64850 1152492455 191.033066    34.1637 0.0000e+00
    121.000    -0.7887   2.780068    -0.7877   2.780407    7.70020     0.1931    13.8155 0.0000e+00  -61.72217  -57.64850 1152492456 191.033077    34.1639 0.0000e+00
    122.000    -0.7877   2.780225    -0.7868   2.780542    7.69651     0.1872    13.8155 0.0000e+00  -61.72217  -57.64850 1152492457 191.033088    34.1642 0.0000e+00
    123.000    -0.7846   2.780567    -0.7842   2.780827    7.69015     0.1959    13.8155 0.0000e+00  -61.72217  -57.64850 1152492458 191.033102    34.1647 0.0000e+00
    124.000    -0.7822   2.780859    -0.7806   2.781229    7.66991     0.2030    13.8155 0.0000e+00  -61.72217  -57.64850 1152492461 191.033138    34.1654 0.0000e+00
    125.000    -0.7477   2.784357    -0.7447   2.784818    7.64034     0.1890    13.8155 0.0000e+00  -61.72217  -57.64850 1152492464 191.033167    34.1723 0.0000e+00
    126.000    -0.7409   2.785026    -0.7396   2.785379    7.62038     0.1854    13.8155 0.0000e+00  -61.72217  -57.64850 1152492465 191.033179    34.1728 0.0000e+00
    127.000    -0.7306   2.786134    -0.7292   2.786428    7.60257     0.1851    13.8155 0.0000e+00  -61.72217  -57.64850 1152492466 191.033191    34.1756 0.0000e+00
    128.000    -0.7102   2.788218    -0.7088   2.788502    7.58177     0.1894    13.8155 0.0000e+00  -61.72217  -57.64850 1152492467 191.033203    34.1796 0.0000e+00
    129.000    -0.6947   2.789813    -0.6931   2.790128    7.55716     0.1986    13.8155 0.0000e+00  -61.72217  -57.64850 1152492468 191.033218    34.1828 0.0000e+00
    130.000    -0.6829   2.791031    -0.6813   2.791370    7.53260     0.2110    13.8155 0.0000e+00  -61.72217  -57.64850 1152492470 191.033237    34.1852 0.0000e+00
    131.000    -0.6751   2.791855    -0.6735   2.792175    7.51436     0.2111    13.8155 0.0000e+00  -61.72217  -57.64850 1152492472 191.033265    34.1875 0.0000e+00
    132.000    -0.6519   2.794168    -0.6503   2.794504    7.50277     0.1954    13.8155 0.0000e+00  -61.72217  -57.64850 1152492474 191.033284    34.1914 0.0000e+00
    133.000    -0.6426   2.795135    -0.6419   2.795385    7.49412     0.1975    13.8155 0.0000e+00  -61.72217  -57.64850 1152492475 191.033300    34.1933 0.0000e+00
    134.000    -0.6398   2.795450    -0.6395   2.795663    7.48693     0.1988    13.8155 0.0000e+00  -61.72217  -57.64850 1152492477 191.033316    34.1940 0.0000e+00
    135.000    -0.6345   2.796007    -0.6339   2.796253    7.48070     0.1987    13.8155 0.0000e+00  -61.72217  -57.64850 1152492478 191.033333    34.1951 0.0000e+00
    136.000    -0.6319   2.796317    -0.6307   2.796598    7.48167     0.2140    13.8155 0.0000e+00  -61.72217  -57.64850 1152492480 191.033354    34.1960 0.0000e+00
    137.000    -0.6279   2.796733    -0.6274   2.796975    7.48419     0.1922    13.8155 0.0000e+00  -61.72217  -57.64850 1152492482 191.033380    34.1967 0.0000e+00
    138.000    -0.6255   2.797039    -0.6251   2.797252    7.48363     0.1932    13.8155 0.0000e+00  -61.72217  -57.64850 1152492483 191.033394    34.1976 0.0000e+00
    139.000    -0.6252   2.797121    -0.6243   2.797405    7.48138     0.2041    13.8155 0.0000e+00  -61.72217  -57.64850 1152492484 191.033404    34.1980 0.0000e+00
    140.000    -0.6223   2.797473    -0.6214   2.797742    7.48087     0.1944    13.8155 0.0000e+00  -61.72217  -57.64850 1152492485 191.033413    34.1987 0.0000e+00
    141.000    -0.6208   2.797651    -0.6197   2.797949    7.48057     0.1944    13.8155 0.0000e+00  -61.72217  -57.64850 1152492486 191.033424    34.1989 0.0000e+00
    142.000    -0.6186   2.798002    -0.6178   2.798258    7.47789     0.1722    13.8155 0.0000e+00  -61.72217  -57.64850 1152492490 191.033475    34.2008 0.0000e+00
    143.000    -0.6096   2.799034    -0.6083   2.799342    7.47401     0.1860    13.8155 0.0000e+00  -61.72217  -57.64850 1152492493 191.033499    34.2039 0.0000e+00
    144.000    -0.5777   2.802286    -0.5763   2.802478    7.46648     0.1878    13.8155 0.0000e+00  -61.72217  -57.64850 1152492493 191.033510    34.2106 0.0000e+00
    145.000    -0.5688   2.803177    -0.5664   2.803569    7.45896     0.1872    13.8155 0.0000e+00  -61.72217  -57.64850 1152492494 191.033519    34.2113 0.0000e+00
    146.000    -0.5487   2.805274    -0.5459   2.805659    7.44609     0.1836    13.8155 0.0000e+00  -61.72217  -57.64850 1152492495 191.033528    34.2159 0.0000e+00
    147.000    -0.5415   2.806040    -0.5404   2.806277    7.43043     0.1753    13.8155 0.0000e+00  -61.72217  -57.64850 1152492496 191.033538    34.2174 0.0000e+00
    148.000    -0.5370   2.806543    -0.5332   2.807076    7.41565     0.1853    13.8155 0.0000e+00  -61.72217  -57.64850 1152492498 191.033559    34.2186 0.0000e+00
    149.000    -0.5276   2.807530    -0.5262   2.807822    7.39699     0.1788    13.8155 0.0000e+00  -61.72217  -57.64850 1152492501 191.033600    34.2213 0.0000e+00
    150.000    -0.5221   2.808115    -0.5230   2.808208    7.38911     0.1705    13.8155 0.0000e+00  -61.72217  -57.64850 1152492503 191.033615    34.2223 0.0000e+00
    151.000    -0.5496   2.805675    -0.5558   2.805425    7.38739     0.1582    13.8155 0.0000e+00  -61.72217  -57.64850 1152492504 191.033628    34.2204 0.0000e+00
    152.000    -0.5624   2.804615    -0.5606   2.804996    7.38179     0.1806    13.8155 0.0000e+00  -61.72217  -57.64850 1152492505 191.033644    34.2208 0.0000e+00
    153.000    -0.5614   2.804764    -0.5636   2.804763    7.37702     0.1836    13.8155 0.0000e+00  -61.72217  -57.64850 1152492507 191.033666    34.2211 0.0000e+00
    154.000    -0.5600   2.804926    -0.5574   2.805347    7.37821     0.1729    13.8155 0.0000e+00  -61.72217  -57.64850 1152492509 191.033687    34.2211 0.0000e+00
    155.000    -0.5643   2.804598    -0.5661   2.804661    7.37852     0.1945    13.8155 0.0000e+00  -61.72217  -57.64850 1152492510 191.033703    34.2209 0.0000e+00
    156.000    -0.5648   2.804593    -0.5636   2.804897    7.38138     0.1889    13.8155 0.0000e+00  -61.72217  -57.64850 1152492511 191.033718    34.2209 0.0000e+00
    157.000    -0.5633   2.804776    -0.5637   2.804941    7.38111     0.1704    13.8155 0.0000e+00  -61.72217  -57.64850 1152492513 191.033733    34.2211 0.0000e+00
    158.000    -0.5544   2.805638    -0.5524   2.805978    7.37707     0.1904    13.8155 0.0000e+00  -61.72217  -57.64850 1152492514 191.033746    34.2218 0.0000e+00
    159.000    -0.5552   2.805593    -0.5536   2.805942    7.37560     0.1965    13.8155 0.0000e+00  -61.72217  -57.64850 1152492515 191.033761    34.2213 0.0000e+00
    160.000    -0.5569   2.805511    -0.5550   2.805870    7.37912     0.2542    13.8155 0.0000e+00  -61.72217  -57.64850 1152492517 191.033785    34.2216 0.0000e+00
    161.000    -0.5526   2.805911    -0.5532   2.806081    7.38037     0.2164    13.8155 0.0000e+00  -61.72217  -57.64850 1152492521 191.033828    34.2216 0.0000e+00
    162.000    -0.5716   2.804334    -0.5695   2.804716    7.38129     0.1918    13.8155 0.0000e+00  -61.72217  -57.64850 1152492522 191.033843    34.2217 0.0000e+00
    163.000    -0.5701   2.804489    -0.5696   2.804739    7.38187     0.1996    13.8155 0.0000e+00  -61.72217  -57.64850 1152492523 191.033854    34.2214 0.0000e+00
    164.000    -0.5706   2.804485    -0.5709   2.804680    7.38153     0.2040    13.8155 0.0000e+00  -61.72217  -57.64850 1152492524 191.033863    34.2211 0.0000e+00
    165.000    -0.5707   2.804539    -0.5703   2.804778    7.38147     0.2226    13.8155 0.0000e+00  -61.72217  -57.64850 1152492525 191.033872    34.2214 0.0000e+00
    166.000    -0.5735   2.804394    -0.5719   2.804737    7.38134     0.2337    13.8155 0.0000e+00  -61.72217  -57.64850 1152492526 191.033882    34.2220 0.0000e+00
    167.000    -0.5746   2.804369    -0.5737   2.804643    7.37778     0.2539    13.8155 0.0000e+00  -61.72217  -57.64850 1152492528 191.033906    34.2224 0.0000e+00
    168.000    -0.5725   2.804684    -0.5715   2.804962    7.37412     0.2229    13.8155 0.0000e+00  -61.72217  -57.64850 1152492531 191.033949    34.2234 0.0000e+00
    169.000    -0.5718   2.804814    -0.5706   2.805116    7.37124     0.2178    13.8155 0.0000e+00  -61.72217  -57.64850 1152492533 191.033962    34.2237 0.0000e+00
    170.000    -0.5704   2.805010    -0.5693   2.805322    7.36674     0.2089    13.8155 0.0000e+00  -61.72217  -57.64850 1152492534 191.033974    34.2242 0.0000e+00
    171.000    -0.5681   2.805313    -0.5669   2.805590    7.36024     0.2017    13.8155 0.0000e+00  -61.72217  -57.64850 1152492535 191.033987    34.2249 0.0000e+00
    172.000    -0.5668   2.805497    -0.5663   2.805731    7.35252     0.2133    13.8155 0.0000e+00  -61.72217  -57.64850 1152492536 191.034006    34.2253 0.0000e+00
    173.000    -0.5641   2.805849    -0.5622   2.806219    7.34419     0.2095    13.8155 0.0000e+00  -61.72217  -57.64850 1152492539 191.034030    34.2263 0.0000e+00
    174.000    -0.5585   2.806505    -0.5579   2.806732    7.33908     0.2103    13.8155 0.0000e+00  -61.72217  -57.64850 1152492540 191.034046    34.2281 0.0000e+00
    175.000    -0.5570   2.806732    -0.5564   2.806962    7.33134     0.1991    13.8155 0.0000e+00  -61.72217  -57.64850 1152492541 191.034058    34.2287 0.0000e+00
    176.000    -0.5527   2.807240    -0.5512   2.807563    7.32383     0.2133    13.8155 0.0000e+00  -61.72217  -57.64850 1152492542 191.034069    34.2302 0.0000e+00
    177.000    -0.5456   2.808051    -0.5435   2.808439    7.31269     0.2130    13.8155 0.0000e+00  -61.72217  -57.64850 1152492543 191.034086    34.2322 0.0000e+00
    178.000    -0.5401   2.808707    -0.5387   2.809017    7.29640     0.1792    13.8155 0.0000e+00  -61.72217  -57.64850 1152492546 191.034116    34.2342 0.0000e+00
    179.000    -0.5316   2.809624    -0.5292   2.810035    7.28294     0.1639    13.8155 0.0000e+00  -61.72217  -57.64850 1152492548 191.034139    34.2362 0.0000e+00
    180.000    -0.5307   2.809784    -0.5284   2.810166    7.27636     0.1672    13.8155 0.0000e+00  -61.72217  -57.64850 1152492549 191.034154    34.2368 0.0000e+00
    181.000    -0.5280   2.810070    -0.5273   2.810304    7.27189     0.1679    13.8155 0.0000e+00  -61.72217  -57.64850 1152492550 191.034169    34.2369 0.0000e+00
    182.000    -0.5275   2.810158    -0.5270   2.810377    7.26731     0.1575    13.8155 0.0000e+00  -61.72217  -57.64850 1152492552 191.034186    34.2370 0.0000e+00
    183.000    -0.5261   2.810340    -0.5258   2.810540    7.26176     0.1592    13.8155 0.0000e+00  -61.72217  -57.64850 1152492554 191.034206    34.2375 0.0000e+00
    184.000    -0.5177   2.811222    -0.5154   2.811596    7.25349     0.1790    13.8155 0.0000e+00  -61.72217  -57.64850 1152492555 191.034226    34.2391 0.0000e+00
    185.000    -0.5106   2.811969    -0.5099   2.812210    7.24659     0.1935    13.8155 0.0000e+00  -61.72217  -57.64850 1152492557 191.034242    34.2403 0.0000e+00
    186.000    -0.5088   2.812203    -0.5091   2.812327    7.23479     0.1942    13.8155 0.0000e+00  -61.72217  -57.64850 1152492558 191.034255    34.2408 0.0000e+00
    187.000    -0.4875   2.814420    -0.4803   2.815200    7.22328     0.2009    13.8155 0.0000e+00  -61.72217  -57.64850 1152492559 191.034268    34.2457 0.0000e+00
    188.000    -0.4755   2.815634    -0.4748   2.815836    7.20971     0.2380    13.8155 0.0000e+00  -61.72217  -57.64850 1152492560 191.034283    34.2473 0.0000e+00
    189.000    -0.4724   2.815985    -0.4705   2.816314    7.19785     0.2160    13.8155 0.0000e+00  -61.72217  -57.64850 1152492562 191.034304    34.2482 0.0000e+00
    190.000    -0.4682   2.816443    -0.4675   2.816663    7.18470     0.1952    13.8155 0.0000e+00  -61.72217  -57.64850 1152492565 191.034339    34.2493 0.0000e+00
    191.000    -0.4640   2.816875    -0.4629   2.817145    7.18028     0.1822    13.8155 0.0000e+00  -61.72217  -57.64850 1152492567 191.034364    34.2498 0.0000e+00
    192.000    -0.4624   2.817069    -0.4616   2.817322    7.17956     0.1740    13.8155 0.0000e+00  -61.72217  -57.64850 1152492568 191.034375    34.2500 0.0000e+00
    193.000    -0.4647   2.816890    -0.4625   2.817280    7.17630     0.1713    13.8155 0.0000e+00  -61.72217  -57.64850 1152492569 191.034385    34.2498 0.0000e+00
    194.000    -0.4487   2.818513    -0.4453   2.818875    7.16956     0.1662    13.8155 0.0000e+00  -61.72217  -57.64850 1152492570 191.034395    34.2530 0.0000e+00
    195.000    -0.4289   2.820377    -0.4271   2.820656    7.17025     0.1944    13.8155 0.0000e+00  -61.72217  -57.64850 1152492571 191.034408    34.2541 0.0000e+00
