product_data/regression_test/downloaded_data/MGDS/320620060703/ctd/p6608401.ros
* Sea-Bird SBE 9 Data File:
* FileName = D:\Data\Raw\P6608401.dat
* Software Version Seasave Win32 V 5.32
* Temperature SN = 1649
* Conductivity SN = 1431
* Number of Bytes Per Scan = 37
* Number of Voltage Words = 5
* Number of Scans Averaged by the Deck Unit = 1
* NMEA Latitude = 61 43.33 S
* NMEA Longitude = 057 38.91 W
* NMEA UTC (Time) = 00:42:37
** Ship:   Nathaniel B. Palmer 
** Cruise:    NBP0603 p0606
** Cast #: 01
** Station:   84
** Operator: 
# nquan = 17
# nvalues = 1145                    
# units = specified
# name 0 = prDM: Pressure, Digiquartz [db]
# name 1 = t090C: Temperature [ITS-90, deg C]
# name 2 = c0S/m: Conductivity [S/m]
# name 3 = t190C: Temperature, 2 [ITS-90, deg C]
# name 4 = c1S/m: Conductivity, 2 [S/m]
# name 5 = sbeox0ML/L: Oxygen, SBE 43 [ml/l]
# name 6 = flECO-AFL: Fluorescence, Wetlab ECO-AFL/FL [mg/m^3]
# name 7 = bat: Beam Attenuation, Chelsea/Seatech/Wetlab CStar [1/m]
# name 8 = spar: SPAR/Surface Irradiance
# name 9 = latitude: Latitude [deg]
# name 10 = longitude: Longitude [deg]
# name 11 = timeY: Time, System [seconds]
# name 12 = timeJ: Julian Days
# name 13 = sal00: Salinity [PSU]
# name 14 = scan: scan number
# name 15 = nbf: number of bottles fired
# name 16 = flag:  0.000e+00
# interval = seconds: 0.0416667                   
# start_time = Jul 10 2006 00:42:45
*END*
[from data line 256]
    175.565    -0.5344   2.809277    -0.5340   2.809510    7.25294    -0.0749    13.8155 0.0000e+00  -61.72217  -57.64850 1152493118 191.040734    34.2374      22906          6  0.000e+00
    175.565    -0.5347   2.809297    -0.5338   2.809498    7.25297    -0.0426    13.8155 0.0000e+00  -61.72217  -57.64850 1152493118 191.040734    34.2380      22907          6  0.000e+00
    175.565    -0.5342   2.809337    -0.5340   2.809510    7.25288     0.0112    13.8155 0.0000e+00  -61.72217  -57.64850 1152493118 191.040734    34.2380      22908          6  0.000e+00
    175.612    -0.5332   2.809340    -0.5343   2.809504    7.25277     0.0327    13.8155 0.0000e+00  -61.72217  -57.64850 1152493118 191.040735    34.2368      22909          6  0.000e+00
    175.565    -0.5335   2.809327    -0.5340   2.809533    7.25277     0.0004    13.8155 0.0000e+00  -61.72217  -57.64850 1152493118 191.040735    34.2370      22910          6  0.000e+00
    175.565    -0.5336   2.809393    -0.5346   2.809527    7.25275    -0.0642    13.8155 0.0000e+00  -61.72217  -57.64850 1152493118 191.040736    34.2381      22911          6  0.000e+00
    175.632    -0.5327   2.809396    -0.5337   2.809480    7.25268    -0.0426    13.8155 0.0000e+00  -61.72217  -57.64850 1152493118 191.040736    34.2370      22912          6  0.000e+00
    175.565    -0.5332   2.809400    -0.5338   2.809504    7.25268     0.0112    13.8155 0.0000e+00  -61.72217  -57.64850 1152493118 191.040737    34.2377      22913          6  0.000e+00
    175.546    -0.5331   2.809380    -0.5342   2.809486    7.25267     0.0327    13.8155 0.0000e+00  -61.72217  -57.64850 1152493118 191.040737    34.2374      22914          6  0.000e+00
    175.632    -0.5330   2.809423    -0.5346   2.809510    7.25271    -0.0104    13.8155 0.0000e+00  -61.72217  -57.64850 1152493118 191.040738    34.2378      22915          6  0.000e+00
    175.565    -0.5329   2.809420    -0.5348   2.809521    7.25262    -0.0534    13.8155 0.0000e+00  -61.72217  -57.64850 1152493118 191.040738    34.2376      22916          6  0.000e+00
    175.632    -0.5335   2.809423    -0.5343   2.809480    7.25277    -0.0211    13.8155 0.0000e+00  -61.72217  -57.64850 1152493118 191.040739    34.2383      22917          6  0.000e+00
    175.565    -0.5327   2.809416    -0.5338   2.809504    7.25260     0.0112    13.8155 0.0000e+00  -61.72217  -57.64850 1152493118 191.040739    34.2374      22918          6  0.000e+00
    175.613    -0.5329   2.809383    -0.5341   2.809504    7.25269     0.0434    13.8155 0.0000e+00  -61.72217  -57.64850 1152493118 191.040740    34.2371      22919          6  0.000e+00
    175.565    -0.5328   2.809373    -0.5346   2.809515    7.25265    -0.0104    13.8155 0.0000e+00  -61.72217  -57.64850 1152493118 191.040740    34.2369      22920          6  0.000e+00
    175.565    -0.5330   2.809343    -0.5338   2.809498    7.25269    -0.0426    13.8155 0.0000e+00  -61.72217  -57.64850 1152493118 191.040741    34.2367      22921          6  0.000e+00
    175.632    -0.5335   2.809327    -0.5340   2.809492    7.25284    -0.0426    13.8155 0.0000e+00  -61.72217  -57.64850 1152493118 191.040741    34.2370      22922          6  0.000e+00
    175.565    -0.5335   2.809307    -0.5341   2.809550    7.25279    -0.0534    13.8155 0.0000e+00  -61.72217  -57.64850 1152493118 191.040742    34.2368      22923          6  0.000e+00
    175.546    -0.5338   2.809310    -0.5345   2.809515    7.25281     0.0004    13.8155 0.0000e+00  -61.72217  -57.64850 1152493118 191.040742    34.2372      22924          6  0.000e+00
    175.632    -0.5336   2.809324    -0.5342   2.809515    7.25286     0.0004    13.8155 0.0000e+00  -61.72217  -57.64850 1152493118 191.040743    34.2371      22925          6  0.000e+00
    175.565    -0.5341   2.809307    -0.5337   2.809521    7.25288    -0.0319    13.8155 0.0000e+00  -61.72217  -57.64850 1152493118 191.040743    34.2375      22926          6  0.000e+00
    175.565    -0.5344   2.809337    -0.5340   2.809521    7.25290    -0.0534    13.8155 0.0000e+00  -61.72217  -57.64850 1152493118 191.040744    34.2382      22927          6  0.000e+00
    175.613    -0.5339   2.809340    -0.5340   2.809498    7.25288    -0.0534    13.8155 0.0000e+00  -61.72217  -57.64850 1152493119 191.040744    34.2377      22928          6  0.000e+00
    175.565    -0.5335   2.809363    -0.5342   2.809475    7.25275    -0.0426    13.8155 0.0000e+00  -61.72217  -57.64850 1152493119 191.040745    34.2375      22929          6  0.000e+00
    175.565    -0.5336   2.809387    -0.5344   2.809510    7.25275    -0.0426    13.8155 0.0000e+00  -61.72217  -57.64850 1152493119 191.040745    34.2380      22930          6  0.000e+00
    175.565    -0.5333   2.809360    -0.5338   2.809556    7.25272    -0.0319    13.8155 0.0000e+00  -61.72217  -57.64850 1152493119 191.040746    34.2373      22931          6  0.000e+00
    175.565    -0.5338   2.809320    -0.5340   2.809533    7.25756    -0.0319    13.8155 0.0000e+00  -61.72217  -57.64850 1152493119 191.040746    34.2373      22932          6  0.000e+00
    175.613    -0.5338   2.809324    -0.5332   2.809521    7.25287    -0.0749    13.8155 0.0000e+00  -61.72217  -57.64850 1152493119 191.040747    34.2373      22933          6  0.000e+00
    175.565    -0.5339   2.809327    -0.5337   2.809562    7.25284    -0.0534    13.8155 0.0000e+00  -61.72217  -57.64850 1152493119 191.040747    34.2375      22934          6  0.000e+00
    175.565    -0.5341   2.809307    -0.5334   2.809614    7.25761    -0.0426    13.8155 0.0000e+00  -61.72217  -57.64850 1152493119 191.040747    34.2374      22935          6  0.000e+00
    175.565    -0.5338   2.809327    -0.5331   2.809626    7.25282    -0.0426    13.8155 0.0000e+00  -61.72217  -57.64850 1152493119 191.040748    34.2374      22936          6  0.000e+00
    175.565    -0.5330   2.809396    -0.5329   2.809643    7.25266    -0.0319    13.8155 0.0000e+00  -61.72217  -57.64850 1152493119 191.040748    34.2374      22937          6  0.000e+00
    175.546    -0.5331   2.809433    -0.5326   2.809614    7.25264    -0.0211    13.8155 0.0000e+00  -61.72217  -57.64850 1152493119 191.040749    34.2381      22938          6  0.000e+00
    175.632    -0.5327   2.809522    -0.5328   2.809603    7.25260    -0.0319    13.8155 0.0000e+00  -61.72217  -57.64850 1152493119 191.040749    34.2387      22939          6  0.000e+00
    175.498    -0.5318   2.809559    -0.5329   2.809643    7.25230    -0.0319    13.8155 0.0000e+00  -61.72217  -57.64850 1152493119 191.040750    34.2383      22940          6  0.000e+00
    175.632    -0.5319   2.809552    -0.5329   2.809614    7.25246    -0.0642    13.8155 0.0000e+00  -61.72217  -57.64850 1152493119 191.040750    34.2383      22941          6  0.000e+00
    175.498    -0.5311   2.809602    -0.5323   2.809638    7.25218    -0.0642    13.8155 0.0000e+00  -61.72217  -57.64850 1152493119 191.040751    34.2381      22942          6  0.000e+00
    175.613    -0.5310   2.809618    -0.5325   2.809673    7.25227    -0.0104    13.8155 0.0000e+00  -61.72217  -57.64850 1152493119 191.040751    34.2381      22943          6  0.000e+00
    150.058    -0.5534   2.805458    -0.5533   2.805678    7.35545     0.0112    13.8155 0.0000e+00  -61.72217  -57.64850 1152493203 191.041722    34.2232      24955          7  0.000e+00
    149.992    -0.5535   2.805468    -0.5537   2.805667    7.35539    -0.0211    13.8155 0.0000e+00  -61.72217  -57.64850 1152493203 191.041722    34.2235      24956          7  0.000e+00
    150.001    -0.5534   2.805455    -0.5537   2.805632    7.35539    -0.0319    13.8155 0.0000e+00  -61.72217  -57.64850 1152493203 191.041723    34.2231      24957          7  0.000e+00
    149.925    -0.5540   2.805419    -0.5536   2.805626    7.36015    -0.0426    13.8155 0.0000e+00  -61.72217  -57.64850 1152493203 191.041723    34.2234      24958          7  0.000e+00
    150.058    -0.5535   2.805422    -0.5539   2.805655    7.35549    -0.0534    13.8155 0.0000e+00  -61.72217  -57.64850 1152493203 191.041724    34.2228      24959          7  0.000e+00
    149.848    -0.5536   2.805359    -0.5542   2.805649    7.35532    -0.0534    13.8155 0.0000e+00  -61.72217  -57.64850 1152493203 191.041724    34.2221      24960          7  0.000e+00
    149.925    -0.5543   2.805352    -0.5533   2.805649    7.35551     0.0219    13.8155 0.0000e+00  -61.72217  -57.64850 1152493203 191.041725    34.2228      24961          7  0.000e+00
    149.858    -0.5547   2.805343    -0.5536   2.805637    7.35550     0.0004    13.8155 0.0000e+00  -61.72217  -57.64850 1152493203 191.041725    34.2231      24962          7  0.000e+00
    149.848    -0.5546   2.805319    -0.5540   2.805626    7.36023     0.0112    13.8155 0.0000e+00  -61.72217  -57.64850 1152493203 191.041726    34.2228      24963          7  0.000e+00
    149.782    -0.5553   2.805316    -0.5542   2.805626    7.36026     0.0112    13.8155 0.0000e+00  -61.72217  -57.64850 1152493203 191.041726    34.2235      24964          7  0.000e+00
    149.782    -0.5547   2.805316    -0.5542   2.805603    7.36017     0.0112    13.8155 0.0000e+00  -61.72217  -57.64850 1152493203 191.041726    34.2228      24965          7  0.000e+00
    149.715    -0.5551   2.805346    -0.5539   2.805608    7.36014     0.0004    13.8155 0.0000e+00  -61.72217  -57.64850 1152493203 191.041727    34.2237      24966          7  0.000e+00
    149.715    -0.5547   2.805342    -0.5549   2.805562    7.36008    -0.0426    13.8155 0.0000e+00  -61.72217  -57.64850 1152493203 191.041727    34.2232      24967          7  0.000e+00
    149.715    -0.5546   2.805336    -0.5548   2.805562    7.35536     0.0112    13.8155 0.0000e+00  -61.72217  -57.64850 1152493204 191.041728    34.2231      24968          7  0.000e+00
    149.638    -0.5551   2.805356    -0.5549   2.805562    7.35534     0.0542    13.8155 0.0000e+00  -61.72217  -57.64850 1152493204 191.041728    34.2239      24969          7  0.000e+00
    149.648    -0.5551   2.805342    -0.5550   2.805527    7.36008     0.0650    13.8155 0.0000e+00  -61.72217  -57.64850 1152493204 191.041729    34.2238      24970          7  0.000e+00
    149.572    -0.5541   2.805405    -0.5545   2.805556    7.35982     0.0757    13.8155 0.0000e+00  -61.72217  -57.64850 1152493204 191.041729    34.2235      24971          7  0.000e+00
    149.505    -0.5537   2.805409    -0.5546   2.805602    7.35969     0.0327    13.8155 0.0000e+00  -61.72217  -57.64850 1152493204 191.041730    34.2232      24972          7  0.000e+00
    149.505    -0.5538   2.805405    -0.5542   2.805597    7.35970     0.0327    13.8155 0.0000e+00  -61.72217  -57.64850 1152493204 191.041730    34.2232      24973          7  0.000e+00
    149.505    -0.5537   2.805422    -0.5537   2.805597    7.35495     0.0327    13.8155 0.0000e+00  -61.72217  -57.64850 1152493204 191.041731    34.2234      24974          7  0.000e+00
    149.428    -0.5538   2.805442    -0.5537   2.805608    7.35487     0.0112    13.8155 0.0000e+00  -61.72217  -57.64850 1152493204 191.041731    34.2238      24975          7  0.000e+00
    149.361    -0.5534   2.805498    -0.5536   2.805620    7.35471    -0.0104    13.8155 0.0000e+00  -61.72217  -57.64850 1152493204 191.041732    34.2241      24976          7  0.000e+00
    149.361    -0.5528   2.805481    -0.5534   2.805626    7.35463     0.0434    13.8155 0.0000e+00  -61.72217  -57.64850 1152493204 191.041732    34.2232      24977          7  0.000e+00
    149.295    -0.5525   2.805505    -0.5529   2.805661    7.35449     0.0327    13.8155 0.0000e+00  -61.72217  -57.64850 1152493204 191.041733    34.2231      24978          7  0.000e+00
    149.228    -0.5523   2.805548    -0.5530   2.805707    7.35438     0.0004    13.8155 0.0000e+00  -61.72217  -57.64850 1152493204 191.041733    34.2236      24979          7  0.000e+00
    149.218    -0.5521   2.805528    -0.5526   2.805725    7.35435     0.0219    13.8155 0.0000e+00  -61.72217  -57.64850 1152493204 191.041734    34.2231      24980          7  0.000e+00
    149.218    -0.5520   2.805548    -0.5521   2.805713    7.35432     0.0004    13.8155 0.0000e+00  -61.72217  -57.64850 1152493204 191.041734    34.2233      24981          7  0.000e+00
    149.151    -0.5514   2.805561    -0.5519   2.805754    7.35416     0.0112    13.8155 0.0000e+00  -61.72217  -57.64850 1152493204 191.041735    34.2228      24982          7  0.000e+00
    149.085    -0.5518   2.805577    -0.5514   2.805777    7.35886     0.0004    13.8155 0.0000e+00  -61.72217  -57.64850 1152493204 191.041735    34.2235      24983          7  0.000e+00
    149.008    -0.5514   2.805567    -0.5510   2.805783    7.35400     0.0112    13.8155 0.0000e+00  -61.72217  -57.64850 1152493204 191.041736    34.2230      24984          7  0.000e+00
    149.008    -0.5515   2.805564    -0.5508   2.805835    7.35402     0.0327    13.8155 0.0000e+00  -61.72217  -57.64850 1152493204 191.041736    34.2231      24985          7  0.000e+00
    149.008    -0.5514   2.805594    -0.5503   2.805858    7.35399     0.0542    13.8155 0.0000e+00  -61.72217  -57.64850 1152493204 191.041737    34.2234      24986          7  0.000e+00
    148.874    -0.5511   2.805591    -0.5504   2.805882    7.35381     0.0219    13.8155 0.0000e+00  -61.72217  -57.64850 1152493204 191.041737    34.2230      24987          7  0.000e+00
    148.865    -0.5512   2.805600    -0.5503   2.805893    7.35380     0.0219    13.8155 0.0000e+00  -61.72217  -57.64850 1152493204 191.041738    34.2233      24988          7  0.000e+00
    148.865    -0.5511   2.805591    -0.5499   2.805899    7.35380     0.0219    13.8155 0.0000e+00  -61.72217  -57.64850 1152493205 191.041738    34.2230      24989          7  0.000e+00
    148.798    -0.5510   2.805567    -0.5499   2.805893    7.35373     0.0434    13.8155 0.0000e+00  -61.72217  -57.64850 1152493205 191.041739    34.2227      24990          7  0.000e+00
    148.731    -0.5511   2.805630    -0.5497   2.805928    7.35363     0.0542    13.8155 0.0000e+00  -61.72217  -57.64850 1152493205 191.041739    34.2237      24991          7  0.000e+00
    148.655    -0.5512   2.805634    -0.5499   2.805934    7.35357     0.0434    13.8155 0.0000e+00  -61.72217  -57.64850 1152493205 191.041739    34.2239      24992          7  0.000e+00
    148.655    -0.5506   2.805630    -0.5499   2.805940    7.35348     0.0112    13.8155 0.0000e+00  -61.72217  -57.64850 1152493205 191.041740    34.2231      24993          7  0.000e+00
    148.588    -0.5508   2.805630    -0.5497   2.805946    7.35816     0.0004    13.8155 0.0000e+00  -61.72217  -57.64850 1152493205 191.041740    34.2234      24994          7  0.000e+00
    148.521    -0.5514   2.805594    -0.5496   2.805946    7.35821     0.0219    13.8155 0.0000e+00  -61.72217  -57.64850 1152493205 191.041741    34.2236      24995          7  0.000e+00
    148.521    -0.5509   2.805584    -0.5497   2.805957    7.35815    -0.0104    13.8155 0.0000e+00  -61.72217  -57.64850 1152493205 191.041741    34.2230      24996          7  0.000e+00
    148.521    -0.5506   2.805584    -0.5494   2.805946    7.35338    -0.0211    13.8155 0.0000e+00  -61.72217  -57.64850 1152493205 191.041742    34.2226      24997          7  0.000e+00
    148.378    -0.5517   2.805604    -0.5499   2.805905    7.35337     0.0112    13.8155 0.0000e+00  -61.72217  -57.64850 1152493205 191.041742    34.2242      24998          7  0.000e+00
    148.378    -0.5509   2.805624    -0.5497   2.805881    7.35325     0.0112    13.8155 0.0000e+00  -61.72217  -57.64850 1152493205 191.041743    34.2236      24999          7  0.000e+00
    148.311    -0.5507   2.805647    -0.5503   2.805905    7.35314     0.0434    13.8155 0.0000e+00  -61.72217  -57.64850 1152493205 191.041743    34.2237      25000          7  0.000e+00
