product_data/regression_test/downloaded_data/MGDS/320620060703/ctd/p6609608.ros
* Sea-Bird SBE 9 Data File:
* FileName = D:\Data\Raw\p6609608.dat
* Software Version Seasave Win32 V 5.32
* Temperature SN = 1649
* Conductivity SN = 1431
* Number of Bytes Per Scan = 37
* Number of Voltage Words = 5
* Number of Scans Averaged by the Deck Unit = 1
* NMEA Latitude = 60 45.06 S
* NMEA Longitude = 058 22.44 W
* NMEA UTC (Time) = 01:09:38
** Ship:   Nathaniel B. Palmer 
** Cruise:    NBP0606 
# nquan = 17
# nvalues = 1176                    
# units = specified
# name 0 = prDM: Pressure, Digiquartz [db]
# name 1 = t090C: Temperature [ITS-90, deg C]
# name 2 = c0S/m: Conductivity [S/m]
# name 3 = t190C: Temperature, 2 [ITS-90, deg C]
# name 4 = c1S/m: Conductivity, 2 [S/m]
# name 5 = sbeox0ML/L: Oxygen, SBE 43 [ml/l]
# name 6 = flECO-AFL: Fluorescence, Wetlab ECO-AFL/FL [mg/m^3]
# name 7 = bat: Beam Attenuation, Chelsea/Seatech/Wetlab CStar [1/m]
# name 8 = spar: SPAR/Surface Irradiance
# name 9 = latitude: Latitude [deg]
# name 10 = longitude: Longitude [deg]
# name 11 = timeY: Time, System [seconds]
# name 12 = timeJ: Julian Days
# name 13 = sal00: Salinity [PSU]
# name 14 = scan: scan number
# name 15 = nbf: number of bottles fired
# name 16 = flag:  0.000e+00
# interval = seconds: 0.0416667                   
# start_time = Jul 12 2006 01:09:45
*END*
[from data line 937]
     30.066    -0.8223   2.752489    -0.8246   2.752901    8.12998     0.1941    13.8155 0.0000e+00  -60.75100  -58.37400 1152666753 193.050396    33.8844       4063         20  0.000e+00
     30.009    -0.8224   2.752453    -0.8249   2.752843    8.12997     0.2694    13.8155 0.0000e+00  -60.75100  -58.37400 1152666753 193.050397    33.8841       4064         20  0.000e+00
     30.009    -0.8241   2.752265    -0.8249   2.752785    8.12569     0.2263    13.8155 0.0000e+00  -60.75100  -58.37400 1152666753 193.050397    33.8835       4065         20  0.000e+00
     30.009    -0.8260   2.752144    -0.8259   2.752768    8.12609     0.2263    13.8155 0.0000e+00  -60.75100  -58.37400 1152666753 193.050398    33.8839       4066         20  0.000e+00
     30.066    -0.8261   2.752164    -0.8263   2.752745    8.12616     0.2479    13.8155 0.0000e+00  -60.75100  -58.37400 1152666753 193.050398    33.8843       4067         20  0.000e+00
     30.076    -0.8258   2.752256    -0.8263   2.752791    8.12605     0.2694    13.8155 0.0000e+00  -60.75100  -58.37400 1152666753 193.050399    33.8852       4068         20  0.000e+00
     30.076    -0.8250   2.752282    -0.8239   2.752970    8.13060     0.2694    13.8155 0.0000e+00  -60.75100  -58.37400 1152666753 193.050399    33.8847       4069         20  0.000e+00
     30.076    -0.8255   2.752246    -0.8235   2.753103    8.13070     0.2694    13.8155 0.0000e+00  -60.75100  -58.37400 1152666753 193.050400    33.8847       4070         20  0.000e+00
     30.066    -0.8255   2.752203    -0.8229   2.753190    8.13072     0.3017    13.8155 0.0000e+00  -60.75100  -58.37400 1152666753 193.050400    33.8842       4071         20  0.000e+00
     30.076    -0.8257   2.752223    -0.8217   2.753230    8.12606     0.2479    13.8155 0.0000e+00  -60.75100  -58.37400 1152666753 193.050401    33.8847       4072         20  0.000e+00
     30.076    -0.8255   2.752252    -0.8214   2.753271    8.12600     0.2156    13.8155 0.0000e+00  -60.75100  -58.37400 1152666753 193.050401    33.8848       4073         20  0.000e+00
     30.142    -0.8246   2.752325    -0.8210   2.753288    8.12587     0.2586    13.8155 0.0000e+00  -60.75100  -58.37400 1152666753 193.050402    33.8847       4074         20  0.000e+00
     30.152    -0.8236   2.752311    -0.8211   2.753271    8.12574     0.2801    13.8155 0.0000e+00  -60.75100  -58.37400 1152666753 193.050402    33.8835       4075         20  0.000e+00
     30.076    -0.8240   2.752334    -0.8205   2.753282    8.13039     0.3017    13.8155 0.0000e+00  -60.75100  -58.37400 1152666753 193.050403    33.8842       4076         20  0.000e+00
     30.152    -0.8238   2.752377    -0.8199   2.753323    8.13041     0.2801    13.8155 0.0000e+00  -60.75100  -58.37400 1152666753 193.050403    33.8846       4077         20  0.000e+00
     30.142    -0.8232   2.752472    -0.8196   2.753380    8.13023     0.1941    13.8155 0.0000e+00  -60.75100  -58.37400 1152666753 193.050404    33.8852       4078         20  0.000e+00
     30.152    -0.8229   2.752531    -0.8205   2.753357    8.13015     0.2048    13.8155 0.0000e+00  -60.75100  -58.37400 1152666753 193.050404    33.8856       4079         20  0.000e+00
     30.152    -0.8218   2.752627    -0.8211   2.753265    8.12990     0.2479    13.8155 0.0000e+00  -60.75100  -58.37400 1152666753 193.050405    33.8857       4080         20  0.000e+00
     30.152    -0.8213   2.752597    -0.8208   2.753195    8.12984     0.2694    13.8155 0.0000e+00  -60.75100  -58.37400 1152666753 193.050405    33.8848       4081         20  0.000e+00
     30.142    -0.8216   2.752587    -0.8213   2.753219    8.12520     0.2694    13.8155 0.0000e+00  -60.75100  -58.37400 1152666753 193.050406    33.8850       4082         20  0.000e+00
     30.152    -0.8207   2.752689    -0.8206   2.753294    8.12498     0.2694    13.8155 0.0000e+00  -60.75100  -58.37400 1152666753 193.050406    33.8853       4083         20  0.000e+00
     30.152    -0.8191   2.752787    -0.8205   2.753317    8.12466     0.2694    13.8155 0.0000e+00  -60.75100  -58.37400 1152666753 193.050407    33.8849       4084         20  0.000e+00
     30.152    -0.8178   2.752827    -0.8203   2.753317    8.12440     0.2479    13.8155 0.0000e+00  -60.75100  -58.37400 1152666753 193.050407    33.8839       4085         20  0.000e+00
     30.209    -0.8191   2.752715    -0.8202   2.753288    8.12947     0.2479    13.8155 0.0000e+00  -60.75100  -58.37400 1152666753 193.050408    33.8839       4086         20  0.000e+00
     30.152    -0.8195   2.752696    -0.8205   2.753328    8.12479     0.2694    13.8155 0.0000e+00  -60.75100  -58.37400 1152666753 193.050408    33.8841       4087         20  0.000e+00
     30.152    -0.8202   2.752666    -0.8200   2.753380    8.12962     0.2801    13.8155 0.0000e+00  -60.75100  -58.37400 1152666754 193.050408    33.8845       4088         20  0.000e+00
     30.209    -0.8201   2.752636    -0.8197   2.753375    8.12499     0.2479    13.8155 0.0000e+00  -60.75100  -58.37400 1152666754 193.050409    33.8839       4089         20  0.000e+00
     30.152    -0.8204   2.752617    -0.8202   2.753340    8.12968     0.2586    13.8155 0.0000e+00  -60.75100  -58.37400 1152666754 193.050409    33.8840       4090         20  0.000e+00
     30.152    -0.8210   2.752613    -0.8197   2.753340    8.12978     0.2156    13.8155 0.0000e+00  -60.75100  -58.37400 1152666754 193.050410    33.8846       4091         20  0.000e+00
     30.219    -0.8207   2.752594    -0.8190   2.753380    8.12513     0.2263    13.8155 0.0000e+00  -60.75100  -58.37400 1152666754 193.050410    33.8840       4092         20  0.000e+00
     30.142    -0.8208   2.752607    -0.8191   2.753375    8.12975     0.2263    13.8155 0.0000e+00  -60.75100  -58.37400 1152666754 193.050411    33.8844       4093         20  0.000e+00
     30.219    -0.8212   2.752613    -0.8182   2.753404    8.12988     0.1833    13.8155 0.0000e+00  -60.75100  -58.37400 1152666754 193.050411    33.8848       4094         20  0.000e+00
     30.152    -0.8210   2.752627    -0.8190   2.753392    8.12977     0.2048    13.8155 0.0000e+00  -60.75100  -58.37400 1152666754 193.050412    33.8848       4095         20  0.000e+00
     30.152    -0.8208   2.752633    -0.8194   2.753352    8.12974     0.2048    13.8155 0.0000e+00  -60.75100  -58.37400 1152666754 193.050412    33.8847       4096         20  0.000e+00
     30.209    -0.8215   2.752633    -0.8194   2.753363    8.12991     0.2479    13.8155 0.0000e+00  -60.75100  -58.37400 1152666754 193.050413    33.8854       4097         20  0.000e+00
     30.152    -0.8205   2.752633    -0.8191   2.753369    8.12969     0.1941    13.8155 0.0000e+00  -60.75100  -58.37400 1152666754 193.050413    33.8844       4098         20  0.000e+00
     30.152    -0.8208   2.752640    -0.8196   2.753380    8.12974     0.2048    13.8155 0.0000e+00  -60.75100  -58.37400 1152666754 193.050414    33.8848       4099         20  0.000e+00
     30.219    -0.8208   2.752653    -0.8194   2.753409    8.12980     0.1941    13.8155 0.0000e+00  -60.75100  -58.37400 1152666754 193.050414    33.8850       4100         20  0.000e+00
     30.142    -0.8209   2.752689    -0.8196   2.753421    8.12970     0.2048    13.8155 0.0000e+00  -60.75100  -58.37400 1152666754 193.050415    33.8856       4101         20  0.000e+00
     30.152    -0.8201   2.752650    -0.8191   2.753404    8.12960     0.2048    13.8155 0.0000e+00  -60.75100  -58.37400 1152666754 193.050415    33.8841       4102         20  0.000e+00
     30.152    -0.8204   2.752617    -0.8194   2.753386    8.12968     0.1833    13.8155 0.0000e+00  -60.75100  -58.37400 1152666754 193.050416    33.8840       4103         20  0.000e+00
     30.209    -0.8208   2.752643    -0.8193   2.753409    8.12980     0.2156    13.8155 0.0000e+00  -60.75100  -58.37400 1152666754 193.050416    33.8848       4104         20  0.000e+00
     30.152    -0.8207   2.752623    -0.8193   2.753421    8.12973     0.1618    13.8155 0.0000e+00  -60.75100  -58.37400 1152666754 193.050417    33.8844       4105         20  0.000e+00
     30.009    -0.8216   2.752512    -0.8202   2.753352    8.13449     0.2048    13.8155 0.0000e+00  -60.75100  -58.37400 1152666755 193.050427    33.8840       4127         21  0.000e+00
     29.942    -0.8219   2.752531    -0.8199   2.753363    8.12976     0.1941    13.8155 0.0000e+00  -60.75100  -58.37400 1152666755 193.050428    33.8847       4128         21  0.000e+00
     29.942    -0.8221   2.752495    -0.8197   2.753340    8.12982     0.2371    13.8155 0.0000e+00  -60.75100  -58.37400 1152666755 193.050428    33.8844       4129         21  0.000e+00
     30.000    -0.8216   2.752512    -0.8203   2.753317    8.12979     0.2156    13.8155 0.0000e+00  -60.75100  -58.37400 1152666755 193.050429    33.8841       4130         21  0.000e+00
     29.942    -0.8213   2.752525    -0.8206   2.753317    8.12966     0.1833    13.8155 0.0000e+00  -60.75100  -58.37400 1152666755 193.050429    33.8839       4131         21  0.000e+00
     30.009    -0.8215   2.752564    -0.8203   2.753299    8.13443     0.1726    13.8155 0.0000e+00  -60.75100  -58.37400 1152666755 193.050430    33.8846       4132         21  0.000e+00
     29.942    -0.8213   2.752587    -0.8207   2.753311    8.12961     0.1833    13.8155 0.0000e+00  -60.75100  -58.37400 1152666755 193.050430    33.8848       4133         21  0.000e+00
     29.933    -0.8215   2.752607    -0.8205   2.753271    8.12962     0.1833    13.8155 0.0000e+00  -60.75100  -58.37400 1152666755 193.050431    33.8852       4134         21  0.000e+00
     29.942    -0.8210   2.752627    -0.8203   2.753282    8.13423     0.1941    13.8155 0.0000e+00  -60.75100  -58.37400 1152666756 193.050431    33.8849       4135         21  0.000e+00
     29.866    -0.8208   2.752617    -0.8202   2.753311    8.13413     0.2586    13.8155 0.0000e+00  -60.75100  -58.37400 1152666756 193.050432    33.8847       4136         21  0.000e+00
     29.933    -0.8202   2.752663    -0.8204   2.753317    8.13407     0.2156    13.8155 0.0000e+00  -60.75100  -58.37400 1152666756 193.050432    33.8846       4137         21  0.000e+00
     29.866    -0.8202   2.752659    -0.8199   2.753328    8.12930     0.1726    13.8155 0.0000e+00  -60.75100  -58.37400 1152666756 193.050433    33.8846       4138         21  0.000e+00
     29.866    -0.8202   2.752672    -0.8199   2.753340    8.12929     0.2263    13.8155 0.0000e+00  -60.75100  -58.37400 1152666756 193.050433    33.8848       4139         21  0.000e+00
     29.866    -0.8201   2.752643    -0.8199   2.753346    8.12929     0.2371    13.8155 0.0000e+00  -60.75100  -58.37400 1152666756 193.050434    33.8842       4140         21  0.000e+00
     29.857    -0.8207   2.752666    -0.8204   2.753346    8.12936     0.2263    13.8155 0.0000e+00  -60.75100  -58.37400 1152666756 193.050434    33.8852       4141         21  0.000e+00
     29.799    -0.8203   2.752659    -0.8197   2.753346    8.12924     0.2371    13.8155 0.0000e+00  -60.75100  -58.37400 1152666756 193.050435    33.8847       4142         21  0.000e+00
     29.799    -0.8201   2.752656    -0.8197   2.753334    8.13389     0.2586    13.8155 0.0000e+00  -60.75100  -58.37400 1152666756 193.050435    33.8844       4143         21  0.000e+00
     29.799    -0.8204   2.752623    -0.8199   2.753357    8.12928     0.2371    13.8155 0.0000e+00  -60.75100  -58.37400 1152666756 193.050435    33.8843       4144         21  0.000e+00
     29.790    -0.8199   2.752663    -0.8194   2.753351    8.12916     0.2156    13.8155 0.0000e+00  -60.75100  -58.37400 1152666756 193.050436    33.8843       4145         21  0.000e+00
     29.799    -0.8205   2.752679    -0.8196   2.753323    8.12926     0.2263    13.8155 0.0000e+00  -60.75100  -58.37400 1152666756 193.050436    33.8852       4146         21  0.000e+00
     29.799    -0.8207   2.752659    -0.8196   2.753311    8.12930     0.1941    13.8155 0.0000e+00  -60.75100  -58.37400 1152666756 193.050437    33.8851       4147         21  0.000e+00
     29.714    -0.8202   2.752656    -0.8194   2.753311    8.13382     0.2048    13.8155 0.0000e+00  -60.75100  -58.37400 1152666756 193.050437    33.8846       4148         21  0.000e+00
     29.656    -0.8201   2.752689    -0.8194   2.753334    8.13371     0.2371    13.8155 0.0000e+00  -60.75100  -58.37400 1152666756 193.050438    33.8849       4149         21  0.000e+00
     29.799    -0.8201   2.752672    -0.8199   2.753323    8.13388     0.2263    13.8155 0.0000e+00  -60.75100  -58.37400 1152666756 193.050438    33.8846       4150         21  0.000e+00
     29.733    -0.8199   2.752656    -0.8202   2.753328    8.13379     0.2156    13.8155 0.0000e+00  -60.75100  -58.37400 1152666756 193.050439    33.8843       4151         21  0.000e+00
     29.714    -0.8204   2.752672    -0.8196   2.753317    8.13384     0.2263    13.8155 0.0000e+00  -60.75100  -58.37400 1152666756 193.050439    33.8850       4152         21  0.000e+00
     29.656    -0.8205   2.752679    -0.8194   2.753317    8.13379     0.1833    13.8155 0.0000e+00  -60.75100  -58.37400 1152666756 193.050440    33.8853       4153         21  0.000e+00
     29.656    -0.8202   2.752659    -0.8196   2.753334    8.12906     0.1510    13.8155 0.0000e+00  -60.75100  -58.37400 1152666756 193.050440    33.8847       4154         21  0.000e+00
     29.656    -0.8198   2.752689    -0.8194   2.753305    8.12896     0.1618    13.8155 0.0000e+00  -60.75100  -58.37400 1152666756 193.050441    33.8846       4155         21  0.000e+00
     29.647    -0.8198   2.752702    -0.8197   2.753322    8.12896     0.2156    13.8155 0.0000e+00  -60.75100  -58.37400 1152666756 193.050441    33.8848       4156         21  0.000e+00
     29.656    -0.8204   2.752702    -0.8196   2.753299    8.12906     0.2371    13.8155 0.0000e+00  -60.75100  -58.37400 1152666756 193.050442    33.8855       4157         21  0.000e+00
     29.590    -0.8201   2.752666    -0.8196   2.753328    8.12896     0.2156    13.8155 0.0000e+00  -60.75100  -58.37400 1152666756 193.050442    33.8847       4158         21  0.000e+00
     29.647    -0.8202   2.752689    -0.8190   2.753322    8.13372     0.1833    13.8155 0.0000e+00  -60.75100  -58.37400 1152666757 193.050443    33.8851       4159         21  0.000e+00
     29.590    -0.8204   2.752682    -0.8197   2.753311    8.13369     0.1833    13.8155 0.0000e+00  -60.75100  -58.37400 1152666757 193.050443    33.8852       4160         21  0.000e+00
     29.523    -0.8205   2.752709    -0.8194   2.753311    8.13362     0.1833    13.8155 0.0000e+00  -60.75100  -58.37400 1152666757 193.050444    33.8858       4161         21  0.000e+00
     29.590    -0.8199   2.752689    -0.8197   2.753299    8.13361     0.1941    13.8155 0.0000e+00  -60.75100  -58.37400 1152666757 193.050444    33.8848       4162         21  0.000e+00
     29.504    -0.8199   2.752659    -0.8202   2.753294    8.13353     0.1941    13.8155 0.0000e+00  -60.75100  -58.37400 1152666757 193.050445    33.8845       4163         21  0.000e+00
     29.523    -0.8202   2.752636    -0.8197   2.753282    8.12893     0.1833    13.8155 0.0000e+00  -60.75100  -58.37400 1152666757 193.050445    33.8845       4164         21  0.000e+00
     29.523    -0.8204   2.752633    -0.8200   2.753288    8.12896     0.2156    13.8155 0.0000e+00  -60.75100  -58.37400 1152666757 193.050446    33.8846       4165         21  0.000e+00
     29.504    -0.8199   2.752649    -0.8204   2.753253    8.12885     0.2048    13.8155 0.0000e+00  -60.75100  -58.37400 1152666757 193.050446    33.8843       4166         21  0.000e+00
     29.523    -0.8196   2.752689    -0.8203   2.753242    8.12879     0.1618    13.8155 0.0000e+00  -60.75100  -58.37400 1152666757 193.050447    33.8845       4167         21  0.000e+00
