product_data/regression_test/downloaded_data/MGDS/320620060703/ctd/p6607201.ros
* Sea-Bird SBE 9 Data File:
* FileName = D:\Data\Raw\p6607201.dat
* Software Version Seasave Win32 V 5.32
* Temperature SN = 1649
* Conductivity SN = 1431
* Number of Bytes Per Scan = 37
* Number of Voltage Words = 5
* Number of Scans Averaged by the Deck Unit = 1
* NMEA Latitude = 62 12.88 S
* NMEA Longitude = 058 07.66 W
* NMEA UTC (Time) = 05:07:40
** Ship:   Nathaniel B. Palmer 
** Cruise:    NBP0606 
# nquan = 17
# nvalues = 1176                    
# units = specified
# name 0 = prDM: Pressure, Digiquartz [db]
# name 1 = t090C: Temperature [ITS-90, deg C]
# name 2 = c0S/m: Conductivity [S/m]
# name 3 = t190C: Temperature, 2 [ITS-90, deg C]
# name 4 = c1S/m: Conductivity, 2 [S/m]
# name 5 = sbeox0ML/L: Oxygen, SBE 43 [ml/l]
# name 6 = flECO-AFL: Fluorescence, Wetlab ECO-AFL/FL [mg/m^3]
# name 7 = bat: Beam Attenuation, Chelsea/Seatech/Wetlab CStar [1/m]
# name 8 = spar: SPAR/Surface Irradiance
# name 9 = latitude: Latitude [deg]
# name 10 = longitude: Longitude [deg]
# name 11 = timeY: Time, System [seconds]
# name 12 = timeJ: Julian Days
# name 13 = sal00: Salinity [PSU]
# name 14 = scan: scan number
# name 15 = nbf: number of bottles fired
# name 16 = flag:  0.000e+00
# interval = seconds: 0.0416667                   
# start_time = Jul 08 2006 05:07:47
*END*
[from data line 852]
    150.033    -0.7064   2.794136    -0.7067   2.794055    7.41419    -0.0642    13.8155 0.0000e+00  -62.21467  -58.12767 1152337149 189.235536    34.2434      45201         18  0.000e+00
    150.034    -0.7064   2.794110    -0.7059   2.794037    7.40947    -0.0534    13.8155 0.0000e+00  -62.21467  -58.12767 1152337149 189.235537    34.2430      45202         18  0.000e+00
    149.967    -0.7063   2.794100    -0.7059   2.794055    7.40940    -0.0319    13.8155 0.0000e+00  -62.21467  -58.12767 1152337149 189.235537    34.2429      45203         18  0.000e+00
    149.967    -0.7062   2.794116    -0.7064   2.794049    7.40937    -0.0319    13.8155 0.0000e+00  -62.21467  -58.12767 1152337149 189.235538    34.2430      45204         18  0.000e+00
    149.967    -0.7064   2.794103    -0.7062   2.794055    7.41415    -0.1072    13.8155 0.0000e+00  -62.21467  -58.12767 1152337149 189.235538    34.2430      45205         18  0.000e+00
    149.967    -0.7065   2.794116    -0.7061   2.794049    7.41416    -0.0964    13.8155 0.0000e+00  -62.21467  -58.12767 1152337149 189.235539    34.2433      45206         18  0.000e+00
    149.967    -0.7064   2.794123    -0.7064   2.794055    7.40940    -0.1072    13.8155 0.0000e+00  -62.21467  -58.12767 1152337149 189.235539    34.2434      45207         18  0.000e+00
    149.890    -0.7065   2.794123    -0.7062   2.794043    7.40933    -0.0857    13.8155 0.0000e+00  -62.21467  -58.12767 1152337149 189.235540    34.2435      45208         18  0.000e+00
    149.890    -0.7068   2.794103    -0.7060   2.794060    7.41414    -0.0319    13.8155 0.0000e+00  -62.21467  -58.12767 1152337149 189.235540    34.2436      45209         18  0.000e+00
    149.890    -0.7063   2.794149    -0.7061   2.794060    7.41403    -0.0749    13.8155 0.0000e+00  -62.21467  -58.12767 1152337149 189.235541    34.2436      45210         18  0.000e+00
    149.900    -0.7067   2.794116    -0.7061   2.794060    7.40937    -0.0857    13.8155 0.0000e+00  -62.21467  -58.12767 1152337149 189.235541    34.2436      45211         18  0.000e+00
    149.890    -0.7065   2.794116    -0.7060   2.794066    7.40934    -0.0964    13.8155 0.0000e+00  -62.21467  -58.12767 1152337149 189.235542    34.2434      45212         18  0.000e+00
    149.824    -0.7062   2.794123    -0.7056   2.794060    7.41396    -0.0642    13.8155 0.0000e+00  -62.21467  -58.12767 1152337149 189.235542    34.2432      45213         18  0.000e+00
    149.890    -0.7066   2.794136    -0.7057   2.794089    7.41408    -0.0534    13.8155 0.0000e+00  -62.21467  -58.12767 1152337149 189.235543    34.2438      45214         18  0.000e+00
    149.833    -0.7065   2.794143    -0.7058   2.794107    7.41400    -0.0642    13.8155 0.0000e+00  -62.21467  -58.12767 1152337149 189.235543    34.2438      45215         18  0.000e+00
    149.824    -0.7067   2.794143    -0.7060   2.794072    7.41402    -0.0534    13.8155 0.0000e+00  -62.21467  -58.12767 1152337149 189.235543    34.2440      45216         18  0.000e+00
    149.824    -0.7060   2.794159    -0.7055   2.794107    7.41391    -0.0104    13.8155 0.0000e+00  -62.21467  -58.12767 1152337149 189.235544    34.2435      45217         18  0.000e+00
    149.824    -0.7058   2.794146    -0.7057   2.794159    7.40914    -0.0104    13.8155 0.0000e+00  -62.21467  -58.12767 1152337149 189.235544    34.2431      45218         18  0.000e+00
    149.833    -0.7059   2.794159    -0.7053   2.794171    7.40916    -0.0211    13.8155 0.0000e+00  -62.21467  -58.12767 1152337149 189.235545    34.2433      45219         18  0.000e+00
    149.824    -0.7056   2.794183    -0.7056   2.794177    7.40908    -0.0642    13.8155 0.0000e+00  -62.21467  -58.12767 1152337149 189.235545    34.2433      45220         18  0.000e+00
    149.824    -0.7057   2.794153    -0.7050   2.794188    7.40912    -0.0534    13.8155 0.0000e+00  -62.21467  -58.12767 1152337150 189.235546    34.2430      45221         18  0.000e+00
    149.757    -0.7057   2.794159    -0.7044   2.794223    7.41380    -0.0319    13.8155 0.0000e+00  -62.21467  -58.12767 1152337150 189.235546    34.2432      45222         18  0.000e+00
    149.833    -0.7056   2.794183    -0.7043   2.794264    7.41384    -0.0104    13.8155 0.0000e+00  -62.21467  -58.12767 1152337150 189.235547    34.2433      45223         18  0.000e+00
    149.757    -0.7060   2.794153    -0.7042   2.794275    7.41385     0.0112    13.8155 0.0000e+00  -62.21467  -58.12767 1152337150 189.235547    34.2434      45224         18  0.000e+00
    149.824    -0.7058   2.794126    -0.7033   2.794258    7.41390    -0.0426    13.8155 0.0000e+00  -62.21467  -58.12767 1152337150 189.235548    34.2428      45225         18  0.000e+00
    149.757    -0.7057   2.794136    -0.7036   2.794287    7.40907    -0.0534    13.8155 0.0000e+00  -62.21467  -58.12767 1152337150 189.235548    34.2429      45226         18  0.000e+00
    149.833    -0.7056   2.794143    -0.7033   2.794299    7.40912    -0.0211    13.8155 0.0000e+00  -62.21467  -58.12767 1152337150 189.235549    34.2427      45227         18  0.000e+00
    149.757    -0.7058   2.794143    -0.7035   2.794287    7.41382    -0.0534    13.8155 0.0000e+00  -62.21467  -58.12767 1152337150 189.235549    34.2430      45228         18  0.000e+00
    149.824    -0.7056   2.794192    -0.7038   2.794275    7.41382    -0.0749    13.8155 0.0000e+00  -62.21467  -58.12767 1152337150 189.235550    34.2434      45229         18  0.000e+00
    149.757    -0.7057   2.794159    -0.7036   2.794299    7.41380    -0.0749    13.8155 0.0000e+00  -62.21467  -58.12767 1152337150 189.235550    34.2432      45230         18  0.000e+00
    100.616    -0.6943   2.791711    -0.6938   2.791706    7.49517    -0.1180    13.8155 0.0000e+00  -62.21467  -58.12767 1152337242 189.236617    34.2275      47442         19  0.000e+00
    100.616    -0.6946   2.791711    -0.6938   2.791688    7.49521    -0.0749    13.8155 0.0000e+00  -62.21467  -58.12767 1152337242 189.236617    34.2278      47443         19  0.000e+00
    100.616    -0.6946   2.791711    -0.6935   2.791682    7.49050    -0.0104    13.8155 0.0000e+00  -62.21467  -58.12767 1152337242 189.236618    34.2278      47444         19  0.000e+00
    100.692    -0.6943   2.791711    -0.6940   2.791700    7.49526    -0.0211    13.8155 0.0000e+00  -62.21467  -58.12767 1152337242 189.236618    34.2275      47445         19  0.000e+00
    100.549    -0.6946   2.791711    -0.6939   2.791665    7.49043    -0.0534    13.8155 0.0000e+00  -62.21467  -58.12767 1152337242 189.236619    34.2279      47446         19  0.000e+00
    100.616    -0.6948   2.791711    -0.6938   2.791688    7.49524    -0.0319    13.8155 0.0000e+00  -62.21467  -58.12767 1152337242 189.236619    34.2280      47447         19  0.000e+00
    100.692    -0.6946   2.791727    -0.6941   2.791706    7.49057    -0.0319    13.8155 0.0000e+00  -62.21467  -58.12767 1152337242 189.236620    34.2280      47448         19  0.000e+00
    100.587    -0.6946   2.791714    -0.6940   2.791688    7.49518    -0.0857    13.8155 0.0000e+00  -62.21467  -58.12767 1152337242 189.236620    34.2279      47449         19  0.000e+00
    100.616    -0.6948   2.791711    -0.6938   2.791682    7.49525    -0.0857    13.8155 0.0000e+00  -62.21467  -58.12767 1152337242 189.236621    34.2281      47450         19  0.000e+00
    100.616    -0.6946   2.791727    -0.6943   2.791659    7.49520     0.0004    13.8155 0.0000e+00  -62.21467  -58.12767 1152337242 189.236621    34.2280      47451         19  0.000e+00
    100.616    -0.6944   2.791734    -0.6938   2.791671    7.49518     0.0219    13.8155 0.0000e+00  -62.21467  -58.12767 1152337242 189.236622    34.2280      47452         19  0.000e+00
    100.616    -0.6948   2.791734    -0.6944   2.791677    7.49522    -0.0426    13.8155 0.0000e+00  -62.21467  -58.12767 1152337243 189.236622    34.2283      47453         19  0.000e+00
    100.616    -0.6945   2.791697    -0.6942   2.791659    7.49050    -0.0964    13.8155 0.0000e+00  -62.21467  -58.12767 1152337243 189.236623    34.2275      47454         19  0.000e+00
    100.549    -0.6944   2.791688    -0.6941   2.791671    7.49043    -0.0964    13.8155 0.0000e+00  -62.21467  -58.12767 1152337243 189.236623    34.2274      47455         19  0.000e+00
    100.616    -0.6949   2.791688    -0.6941   2.791659    7.49057    -0.0642    13.8155 0.0000e+00  -62.21467  -58.12767 1152337243 189.236624    34.2279      47456         19  0.000e+00
    100.549    -0.6952   2.791721    -0.6950   2.791630    7.49052    -0.0534    13.8155 0.0000e+00  -62.21467  -58.12767 1152337243 189.236624    34.2287      47457         19  0.000e+00
    100.616    -0.6946   2.791697    -0.6939   2.791659    7.49522    -0.0534    13.8155 0.0000e+00  -62.21467  -58.12767 1152337243 189.236625    34.2276      47458         19  0.000e+00
    100.616    -0.6942   2.791721    -0.6944   2.791659    7.49515    -0.0642    13.8155 0.0000e+00  -62.21467  -58.12767 1152337243 189.236625    34.2275      47459         19  0.000e+00
    100.587    -0.6943   2.791747    -0.6941   2.791653    7.49512    -0.0749    13.8155 0.0000e+00  -62.21467  -58.12767 1152337243 189.236626    34.2280      47460         19  0.000e+00
    100.549    -0.6948   2.791721    -0.6940   2.791647    7.49516    -0.0319    13.8155 0.0000e+00  -62.21467  -58.12767 1152337243 189.236626    34.2282      47461         19  0.000e+00
    100.549    -0.6943   2.791727    -0.6941   2.791630    7.49509    -0.0642    13.8155 0.0000e+00  -62.21467  -58.12767 1152337243 189.236627    34.2278      47462         19  0.000e+00
    100.549    -0.6943   2.791734    -0.6938   2.791665    7.49509    -0.0749    13.8155 0.0000e+00  -62.21467  -58.12767 1152337243 189.236627    34.2278      47463         19  0.000e+00
    100.549    -0.6946   2.791734    -0.6941   2.791659    7.49514    -0.0426    13.8155 0.0000e+00  -62.21467  -58.12767 1152337243 189.236628    34.2282      47464         19  0.000e+00
    100.549    -0.6948   2.791714    -0.6940   2.791647    7.49517    -0.0426    13.8155 0.0000e+00  -62.21467  -58.12767 1152337243 189.236628    34.2281      47465         19  0.000e+00
    100.549    -0.6946   2.791727    -0.6944   2.791647    7.49513    -0.0749    13.8155 0.0000e+00  -62.21467  -58.12767 1152337243 189.236629    34.2281      47466         19  0.000e+00
    100.549    -0.6943   2.791734    -0.6943   2.791671    7.49509    -0.0857    13.8155 0.0000e+00  -62.21467  -58.12767 1152337243 189.236629    34.2278      47467         19  0.000e+00
    100.549    -0.6942   2.791734    -0.6939   2.791653    7.49507    -0.0534    13.8155 0.0000e+00  -62.21467  -58.12767 1152337243 189.236630    34.2277      47468         19  0.000e+00
    100.272    -0.6941   2.791697    -0.6941   2.791647    7.49480     0.0219    13.8155 0.0000e+00  -62.21467  -58.12767 1152337243 189.236630    34.2273      47469         19  0.000e+00
    100.759    -0.6941   2.791704    -0.6939   2.791688    7.49530    -0.0319    13.8155 0.0000e+00  -62.21467  -58.12767 1152337243 189.236630    34.2271      47470         19  0.000e+00
    100.549    -0.6943   2.791711    -0.6940   2.791642    7.49510    -0.0319    13.8155 0.0000e+00  -62.21467  -58.12767 1152337243 189.236631    34.2275      47471         19  0.000e+00
    100.521    -0.6948   2.791740    -0.6941   2.791665    7.49512    -0.0319    13.8155 0.0000e+00  -62.21467  -58.12767 1152337243 189.236631    34.2285      47472         19  0.000e+00
    100.482    -0.6945   2.791737    -0.6940   2.791700    7.49504    -0.0534    13.8155 0.0000e+00  -62.21467  -58.12767 1152337243 189.236632    34.2282      47473         19  0.000e+00
    100.482    -0.6943   2.791714    -0.6938   2.791723    7.49503    -0.0211    13.8155 0.0000e+00  -62.21467  -58.12767 1152337243 189.236632    34.2276      47474         19  0.000e+00
    100.482    -0.6944   2.791727    -0.6941   2.791711    7.49504    -0.0104    13.8155 0.0000e+00  -62.21467  -58.12767 1152337243 189.236633    34.2280      47475         19  0.000e+00
    100.482    -0.6948   2.791714    -0.6936   2.791688    7.49510    -0.0211    13.8155 0.0000e+00  -62.21467  -58.12767 1152337243 189.236633    34.2281      47476         19  0.000e+00
    100.482    -0.6949   2.791727    -0.6944   2.791682    7.49511    -0.0534    13.8155 0.0000e+00  -62.21467  -58.12767 1152337244 189.236634    34.2285      47477         19  0.000e+00
    100.483    -0.6943   2.791714    -0.6941   2.791653    7.49504    -0.0104    13.8155 0.0000e+00  -62.21467  -58.12767 1152337244 189.236634    34.2276      47478         19  0.000e+00
    100.483    -0.6946   2.791691    -0.6939   2.791671    7.49509    -0.0211    13.8155 0.0000e+00  -62.21467  -58.12767 1152337244 189.236635    34.2276      47479         19  0.000e+00
    100.406    -0.6948   2.791704    -0.6938   2.791682    7.49503    -0.0534    13.8155 0.0000e+00  -62.21467  -58.12767 1152337244 189.236635    34.2280      47480         19  0.000e+00
    100.483    -0.6944   2.791711    -0.6942   2.791677    7.49505    -0.0642    13.8155 0.0000e+00  -62.21467  -58.12767 1152337244 189.236636    34.2277      47481         19  0.000e+00
    100.406    -0.6941   2.791691    -0.6938   2.791676    7.49494    -0.0319    13.8155 0.0000e+00  -62.21467  -58.12767 1152337244 189.236636    34.2272      47482         19  0.000e+00
    100.454    -0.6948   2.791721    -0.6939   2.791682    7.49036    -0.0319    13.8155 0.0000e+00  -62.21467  -58.12767 1152337244 189.236637    34.2283      47483         19  0.000e+00
    100.406    -0.6941   2.791714    -0.6940   2.791700    7.49021    -0.0749    13.8155 0.0000e+00  -62.21467  -58.12767 1152337244 189.236637    34.2275      47484         19  0.000e+00
    100.406    -0.6943   2.791711    -0.6939   2.791688    7.49024    -0.0426    13.8155 0.0000e+00  -62.21467  -58.12767 1152337244 189.236638    34.2276      47485         19  0.000e+00
    100.406    -0.6943   2.791711    -0.6940   2.791682    7.49495    -0.0534    13.8155 0.0000e+00  -62.21467  -58.12767 1152337244 189.236638    34.2276      47486         19  0.000e+00
    100.406    -0.6942   2.791727    -0.6936   2.791717    7.49021    -0.0642    13.8155 0.0000e+00  -62.21467  -58.12767 1152337244 189.236639    34.2277      47487         19  0.000e+00
    100.406    -0.6941   2.791714    -0.6936   2.791688    7.49493    -0.0749    13.8155 0.0000e+00  -62.21467  -58.12767 1152337244 189.236639    34.2275      47488         19  0.000e+00
    100.273    -0.6944   2.791691    -0.6935   2.791694    7.49014    -0.0642    13.8155 0.0000e+00  -62.21467  -58.12767 1152337244 189.236640    34.2276      47489         19  0.000e+00
    100.483    -0.6946   2.791721    -0.6940   2.791706    7.49036    -0.0749    13.8155 0.0000e+00  -62.21467  -58.12767 1152337244 189.236640    34.2280      47490         19  0.000e+00
    100.485    -0.6957   2.791592    -0.6959   2.791555    7.49532    -0.0642    13.8155 0.0000e+00  -62.21467  -58.12767 1152337250 189.236703    34.2275      47621         20  0.000e+00
    100.619    -0.6963   2.791598    -0.6955   2.791549    7.50027    -0.0642    13.8155 0.0000e+00  -62.21467  -58.12767 1152337250 189.236704    34.2282      47622         20  0.000e+00
    100.552    -0.6961   2.791598    -0.6959   2.791566    7.49546    -0.0534    13.8155 0.0000e+00  -62.21467  -58.12767 1152337250 189.236704    34.2281      47623         20  0.000e+00
    100.552    -0.6958   2.791598    -0.6953   2.791555    7.49542    -0.0642    13.8155 0.0000e+00  -62.21467  -58.12767 1152337250 189.236705    34.2278      47624         20  0.000e+00
    100.552    -0.6957   2.791598    -0.6956   2.791526    7.49540    -0.0319    13.8155 0.0000e+00  -62.21467  -58.12767 1152337250 189.236705    34.2276      47625         20  0.000e+00
