product_data/regression_test/downloaded_data/MGDS/320620060703/ctd/p6608701.ros
* Sea-Bird SBE 9 Data File:
* FileName = D:\Data\Raw\P6608701.dat
* Software Version Seasave Win32 V 5.32
* Temperature SN = 1649
* Conductivity SN = 1431
* Number of Bytes Per Scan = 37
* Number of Voltage Words = 5
* Number of Scans Averaged by the Deck Unit = 1
* NMEA Latitude = 61 33.29 S
* NMEA Longitude = 057 46.12 W
* NMEA UTC (Time) = 07:05:52
** Ship:   Nathaniel B. Palmer 
** Cruise:    NBP0603 p0606
** Cast #: 01
** Station:   87
** Operator: rdd
# nquan = 17
# nvalues = 1176                    
# units = specified
# name 0 = prDM: Pressure, Digiquartz [db]
# name 1 = t090C: Temperature [ITS-90, deg C]
# name 2 = c0S/m: Conductivity [S/m]
# name 3 = t190C: Temperature, 2 [ITS-90, deg C]
# name 4 = c1S/m: Conductivity, 2 [S/m]
# name 5 = sbeox0ML/L: Oxygen, SBE 43 [ml/l]
# name 6 = flECO-AFL: Fluorescence, Wetlab ECO-AFL/FL [mg/m^3]
# name 7 = bat: Beam Attenuation, Chelsea/Seatech/Wetlab CStar [1/m]
# name 8 = spar: SPAR/Surface Irradiance
# name 9 = latitude: Latitude [deg]
# name 10 = longitude: Longitude [deg]
# name 11 = timeY: Time, System [seconds]
# name 12 = timeJ: Julian Days
# name 13 = sal00: Salinity [PSU]
# name 14 = scan: scan number
# name 15 = nbf: number of bottles fired
# name 16 = flag:  0.000e+00
# interval = seconds: 0.0416667                   
# start_time = Jul 10 2006 07:05:59
*END*
[from data line 681]
     76.166    -0.3564   2.821293    -0.3569   2.821649    7.03152     0.0542    13.8155 0.0000e+00  -61.55483  -57.76867 1152516903 191.316025    34.2589      41895         14  0.000e+00
     76.195    -0.3569   2.821299    -0.3567   2.821666    7.03161     0.0542    13.8155 0.0000e+00  -61.55483  -57.76867 1152516903 191.316026    34.2595      41896         14  0.000e+00
     76.166    -0.3570   2.821286    -0.3562   2.821596    7.02695     0.0650    13.8155 0.0000e+00  -61.55483  -57.76867 1152516903 191.316026    34.2595      41897         14  0.000e+00
     76.118    -0.3571   2.821246    -0.3570   2.821713    7.03160     0.0972    13.8155 0.0000e+00  -61.55483  -57.76867 1152516903 191.316027    34.2591      41898         14  0.000e+00
     76.242    -0.3578   2.821256    -0.3567   2.821695    7.02716     0.1188    13.8155 0.0000e+00  -61.55483  -57.76867 1152516904 191.316027    34.2599      41899         14  0.000e+00
     49.987    -0.7200   2.784255    -0.7249   2.783802    7.53113     0.0865    13.8155 0.0000e+00  -61.55483  -57.76867 1152516984 191.316962    34.1871      43837         15  0.000e+00
     49.844    -0.7157   2.784476    -0.7135   2.784585    7.53488     0.0865    13.8155 0.0000e+00  -61.55483  -57.76867 1152516984 191.316962    34.1854      43838         15  0.000e+00
     49.920    -0.7153   2.784565    -0.7022   2.785717    7.53483     0.1295    13.8155 0.0000e+00  -61.55483  -57.76867 1152516984 191.316963    34.1861      43839         15  0.000e+00
     49.920    -0.7122   2.784855    -0.6967   2.786425    7.53416     0.1188    13.8155 0.0000e+00  -61.55483  -57.76867 1152516984 191.316963    34.1865      43840         15  0.000e+00
     49.920    -0.7094   2.785113    -0.6861   2.787122    7.53355     0.0757    13.8155 0.0000e+00  -61.55483  -57.76867 1152516984 191.316964    34.1868      43841         15  0.000e+00
     49.920    -0.7068   2.785218    -0.6797   2.787784    7.53309     0.0972    13.8155 0.0000e+00  -61.55483  -57.76867 1152516984 191.316964    34.1853      43842         15  0.000e+00
     49.920    -0.7053   2.785215    -0.6809   2.787935    7.53286     0.1295    13.8155 0.0000e+00  -61.55483  -57.76867 1152516984 191.316965    34.1835      43843         15  0.000e+00
     49.920    -0.7054   2.785380    -0.6815   2.787917    7.53745     0.1403    13.8155 0.0000e+00  -61.55483  -57.76867 1152516984 191.316965    34.1859      43844         15  0.000e+00
     49.987    -0.7013   2.786189    -0.6774   2.788115    7.53166     0.1188    13.8155 0.0000e+00  -61.55483  -57.76867 1152516984 191.316966    34.1922      43845         15  0.000e+00
     49.920    -0.6929   2.786763    -0.6748   2.788399    7.53460     0.0757    13.8155 0.0000e+00  -61.55483  -57.76867 1152516985 191.316966    34.1904      43846         15  0.000e+00
     49.987    -0.6895   2.787133    -0.6740   2.788457    7.53390     0.0757    13.8155 0.0000e+00  -61.55483  -57.76867 1152516985 191.316967    34.1915      43847         15  0.000e+00
     49.920    -0.6834   2.787506    -0.6768   2.788341    7.53266     0.0757    13.8155 0.0000e+00  -61.55483  -57.76867 1152516985 191.316967    34.1898      43848         15  0.000e+00
     49.987    -0.6824   2.787489    -0.6757   2.788352    7.53258     0.0972    13.8155 0.0000e+00  -61.55483  -57.76867 1152516985 191.316968    34.1883      43849         15  0.000e+00
     49.987    -0.6839   2.787295    -0.6729   2.788567    7.53295     0.0972    13.8155 0.0000e+00  -61.55483  -57.76867 1152516985 191.316968    34.1874      43850         15  0.000e+00
     49.920    -0.6873   2.786958    -0.6702   2.788811    7.53362     0.0757    13.8155 0.0000e+00  -61.55483  -57.76867 1152516985 191.316969    34.1867      43851         15  0.000e+00
     49.987    -0.6906   2.786664    -0.6674   2.789049    7.53439     0.1188    13.8155 0.0000e+00  -61.55483  -57.76867 1152516985 191.316969    34.1864      43852         15  0.000e+00
     49.987    -0.6920   2.786532    -0.6663   2.789235    7.53937     0.1188    13.8155 0.0000e+00  -61.55483  -57.76867 1152516985 191.316970    34.1862      43853         15  0.000e+00
     49.920    -0.6921   2.786558    -0.6662   2.789293    7.53931     0.0757    13.8155 0.0000e+00  -61.55483  -57.76867 1152516985 191.316970    34.1868      43854         15  0.000e+00
     49.987    -0.6873   2.786948    -0.6654   2.789334    7.53839     0.0757    13.8155 0.0000e+00  -61.55483  -57.76867 1152516985 191.316970    34.1866      43855         15  0.000e+00
     49.987    -0.6822   2.787404    -0.6651   2.789311    7.53729     0.0542    13.8155 0.0000e+00  -61.55483  -57.76867 1152516985 191.316971    34.1869      43856         15  0.000e+00
     49.987    -0.6797   2.787417    -0.6707   2.789067    7.53691     0.0327    13.8155 0.0000e+00  -61.55483  -57.76867 1152516985 191.316971    34.1843      43857         15  0.000e+00
     49.987    -0.6780   2.787565    -0.6792   2.788544    7.53655     0.0434    13.8155 0.0000e+00  -61.55483  -57.76867 1152516985 191.316972    34.1844      43858         15  0.000e+00
     50.054    -0.6787   2.787403    -0.6900   2.787598    7.53683     0.1080    13.8155 0.0000e+00  -61.55483  -57.76867 1152516985 191.316972    34.1829      43859         15  0.000e+00
     49.987    -0.6858   2.786865    -0.6971   2.786791    7.53821     0.1618    13.8155 0.0000e+00  -61.55483  -57.76867 1152516985 191.316973    34.1837      43860         15  0.000e+00
     50.054    -0.6917   2.786390    -0.6929   2.786837    7.53949     0.0972    13.8155 0.0000e+00  -61.55483  -57.76867 1152516985 191.316973    34.1839      43861         15  0.000e+00
     49.987    -0.6990   2.785542    -0.6907   2.787000    7.54113     0.0865    13.8155 0.0000e+00  -61.55483  -57.76867 1152516985 191.316974    34.1808      43862         15  0.000e+00
     49.987    -0.7064   2.784915    -0.6952   2.786802    7.54267     0.0972    13.8155 0.0000e+00  -61.55483  -57.76867 1152516985 191.316974    34.1806      43863         15  0.000e+00
     49.987    -0.7105   2.784687    -0.6952   2.786744    7.54346     0.0757    13.8155 0.0000e+00  -61.55483  -57.76867 1152516985 191.316975    34.1822      43864         15  0.000e+00
     50.054    -0.7130   2.784519    -0.6881   2.787168    7.54870     0.1188    13.8155 0.0000e+00  -61.55483  -57.76867 1152516985 191.316975    34.1827      43865         15  0.000e+00
     49.987    -0.7149   2.784608    -0.6870   2.787430    7.54417     0.0972    13.8155 0.0000e+00  -61.55483  -57.76867 1152516985 191.316976    34.1861      43866         15  0.000e+00
     50.054    -0.7115   2.785004    -0.6863   2.787331    7.54345     0.0542    13.8155 0.0000e+00  -61.55483  -57.76867 1152516985 191.316976    34.1876      43867         15  0.000e+00
     49.987    -0.7045   2.785624    -0.6866   2.787313    7.54658     0.0972    13.8155 0.0000e+00  -61.55483  -57.76867 1152516985 191.316977    34.1881      43868         15  0.000e+00
     49.987    -0.6977   2.786011    -0.6883   2.787232    7.54061     0.0972    13.8155 0.0000e+00  -61.55483  -57.76867 1152516985 191.316977    34.1857      43869         15  0.000e+00
     50.054    -0.6985   2.786100    -0.6918   2.787064    7.55009     0.1188    13.8155 0.0000e+00  -61.55483  -57.76867 1152516986 191.316978    34.1877      43870         15  0.000e+00
     50.054    -0.6968   2.786136    -0.6916   2.786953    7.54981     0.1188    13.8155 0.0000e+00  -61.55483  -57.76867 1152516986 191.316978    34.1862      43871         15  0.000e+00
     49.921    -0.6997   2.785496    -0.6881   2.787133    7.55056     0.1188    13.8155 0.0000e+00  -61.55483  -57.76867 1152516986 191.316979    34.1810      43872         15  0.000e+00
     50.054    -0.7068   2.784789    -0.6856   2.787273    7.55226     0.1188    13.8155 0.0000e+00  -61.55483  -57.76867 1152516986 191.316979    34.1793      43873         15  0.000e+00
     49.987    -0.7115   2.784430    -0.6884   2.787186    7.55315     0.1618    13.8155 0.0000e+00  -61.55483  -57.76867 1152516986 191.316980    34.1798      43874         15  0.000e+00
     49.987    -0.7141   2.784294    -0.6941   2.786907    7.55364     0.0650    13.8155 0.0000e+00  -61.55483  -57.76867 1152516986 191.316980    34.1810      43875         15  0.000e+00
     50.054    -0.7157   2.784189    -0.7027   2.786234    7.55403     0.0650    13.8155 0.0000e+00  -61.55483  -57.76867 1152516986 191.316981    34.1814      43876         15  0.000e+00
     49.987    -0.7166   2.784179    -0.7111   2.785351    7.55409     0.1080    13.8155 0.0000e+00  -61.55483  -57.76867 1152516986 191.316981    34.1822      43877         15  0.000e+00
     50.054    -0.7166   2.784235    -0.7173   2.784632    7.55412     0.1618    13.8155 0.0000e+00  -61.55483  -57.76867 1152516986 191.316982    34.1829      43878         15  0.000e+00
     49.987    -0.7161   2.784318    -0.7212   2.784167    7.55861     0.1726    13.8155 0.0000e+00  -61.55483  -57.76867 1152516986 191.316982    34.1835      43879         15  0.000e+00
     49.987    -0.7156   2.784374    -0.7224   2.783970    7.55850     0.2263    13.8155 0.0000e+00  -61.55483  -57.76867 1152516986 191.316983    34.1838      43880         15  0.000e+00
     49.987    -0.7153   2.784367    -0.7219   2.783941    7.55846     0.1833    13.8155 0.0000e+00  -61.55483  -57.76867 1152516986 191.316983    34.1833      43881         15  0.000e+00
     49.988    -0.7153   2.784380    -0.7214   2.783958    7.55844     0.1188    13.8155 0.0000e+00  -61.55483  -57.76867 1152516986 191.316984    34.1835      43882         15  0.000e+00
     50.054    -0.7155   2.784367    -0.7209   2.784040    7.55855     0.0865    13.8155 0.0000e+00  -61.55483  -57.76867 1152516986 191.316984    34.1835      43883         15  0.000e+00
     49.988    -0.7155   2.784261    -0.7204   2.784109    7.55856     0.0865    13.8155 0.0000e+00  -61.55483  -57.76867 1152516986 191.316984    34.1821      43884         15  0.000e+00
     49.988    -0.7193   2.784044    -0.7211   2.784080    7.55929     0.0972    13.8155 0.0000e+00  -61.55483  -57.76867 1152516986 191.316985    34.1835      43885         15  0.000e+00
     50.685    -0.7589   2.780023    -0.7590   2.780397    7.58290     0.1618    13.8155 0.0000e+00  -61.55483  -57.76867 1152516991 191.317045    34.1734      44009         16  0.000e+00
     50.685    -0.7590   2.780066    -0.7591   2.780368    7.58290     0.1510    13.8155 0.0000e+00  -61.55483  -57.76867 1152516991 191.317045    34.1742      44010         16  0.000e+00
     50.761    -0.7594   2.780053    -0.7590   2.780397    7.58773     0.1295    13.8155 0.0000e+00  -61.55483  -57.76867 1152516991 191.317046    34.1743      44011         16  0.000e+00
     50.685    -0.7586   2.780046    -0.7590   2.780414    7.58753     0.1510    13.8155 0.0000e+00  -61.55483  -57.76867 1152516991 191.317046    34.1734      44012         16  0.000e+00
     50.761    -0.7586   2.780056    -0.7591   2.780414    7.58292     0.1833    13.8155 0.0000e+00  -61.55483  -57.76867 1152516992 191.317047    34.1735      44013         16  0.000e+00
     50.761    -0.7584   2.780082    -0.7584   2.780431    7.58287     0.1941    13.8155 0.0000e+00  -61.55483  -57.76867 1152516992 191.317047    34.1736      44014         16  0.000e+00
     50.761    -0.7589   2.780056    -0.7582   2.780443    7.58296     0.1833    13.8155 0.0000e+00  -61.55483  -57.76867 1152516992 191.317048    34.1738      44015         16  0.000e+00
     50.761    -0.7592   2.780072    -0.7585   2.780460    7.58300     0.1618    13.8155 0.0000e+00  -61.55483  -57.76867 1152516992 191.317048    34.1744      44016         16  0.000e+00
     50.828    -0.7592   2.780072    -0.7574   2.780524    7.58307     0.1618    13.8155 0.0000e+00  -61.55483  -57.76867 1152516992 191.317049    34.1744      44017         16  0.000e+00
     50.761    -0.7594   2.780069    -0.7573   2.780524    7.58302     0.1188    13.8155 0.0000e+00  -61.55483  -57.76867 1152516992 191.317049    34.1745      44018         16  0.000e+00
     50.761    -0.7592   2.780049    -0.7577   2.780501    7.58301     0.0757    13.8155 0.0000e+00  -61.55483  -57.76867 1152516992 191.317050    34.1741      44019         16  0.000e+00
     50.761    -0.7592   2.780072    -0.7576   2.780530    7.58300     0.0542    13.8155 0.0000e+00  -61.55483  -57.76867 1152516992 191.317050    34.1744      44020         16  0.000e+00
     50.762    -0.7590   2.780105    -0.7576   2.780507    7.58295     0.0542    13.8155 0.0000e+00  -61.55483  -57.76867 1152516992 191.317051    34.1747      44021         16  0.000e+00
     50.828    -0.7590   2.780079    -0.7573   2.780530    7.58304     0.0650    13.8155 0.0000e+00  -61.55483  -57.76867 1152516992 191.317051    34.1743      44022         16  0.000e+00
     50.762    -0.7589   2.780145    -0.7573   2.780565    7.58290     0.1295    13.8155 0.0000e+00  -61.55483  -57.76867 1152516992 191.317052    34.1750      44023         16  0.000e+00
     50.762    -0.7583   2.780142    -0.7567   2.780553    7.58281     0.1403    13.8155 0.0000e+00  -61.55483  -57.76867 1152516992 191.317052    34.1743      44024         16  0.000e+00
     50.828    -0.7583   2.780168    -0.7571   2.780565    7.58286     0.0972    13.8155 0.0000e+00  -61.55483  -57.76867 1152516992 191.317052    34.1746      44025         16  0.000e+00
     50.762    -0.7586   2.780191    -0.7570   2.780594    7.58282     0.1403    13.8155 0.0000e+00  -61.55483  -57.76867 1152516992 191.317053    34.1753      44026         16  0.000e+00
     50.762    -0.7580   2.780185    -0.7573   2.780617    7.58273     0.1188    13.8155 0.0000e+00  -61.55483  -57.76867 1152516992 191.317053    34.1745      44027         16  0.000e+00
     50.762    -0.7583   2.780181    -0.7570   2.780605    7.58278     0.1188    13.8155 0.0000e+00  -61.55483  -57.76867 1152516992 191.317054    34.1748      44028         16  0.000e+00
     50.828    -0.7578   2.780181    -0.7571   2.780582    7.58747     0.1188    13.8155 0.0000e+00  -61.55483  -57.76867 1152516992 191.317054    34.1743      44029         16  0.000e+00
     50.762    -0.7580   2.780171    -0.7570   2.780576    7.58274     0.0972    13.8155 0.0000e+00  -61.55483  -57.76867 1152516992 191.317055    34.1743      44030         16  0.000e+00
     50.762    -0.7580   2.780178    -0.7565   2.780576    7.58274     0.0972    13.8155 0.0000e+00  -61.55483  -57.76867 1152516992 191.317055    34.1745      44031         16  0.000e+00
     50.762    -0.7580   2.780181    -0.7570   2.780553    7.58273     0.1080    13.8155 0.0000e+00  -61.55483  -57.76867 1152516992 191.317056    34.1745      44032         16  0.000e+00
     50.762    -0.7583   2.780208    -0.7568   2.780582    7.58745     0.1080    13.8155 0.0000e+00  -61.55483  -57.76867 1152516992 191.317056    34.1752      44033         16  0.000e+00
     50.762    -0.7578   2.780221    -0.7560   2.780617    7.58268     0.0542    13.8155 0.0000e+00  -61.55483  -57.76867 1152516992 191.317057    34.1748      44034         16  0.000e+00
     50.762    -0.7578   2.780208    -0.7531   2.780768    7.58269     0.0650    13.8155 0.0000e+00  -61.55483  -57.76867 1152516992 191.317057    34.1747      44035         16  0.000e+00
     50.685    -0.7577   2.780231    -0.7521   2.780913    7.58726     0.0650    13.8155 0.0000e+00  -61.55483  -57.76867 1152516992 191.317058    34.1749      44036         16  0.000e+00
     50.762    -0.7574   2.780227    -0.7508   2.781040    7.58730     0.0434    13.8155 0.0000e+00  -61.55483  -57.76867 1152516992 191.317058    34.1744      44037         16  0.000e+00
     50.762    -0.7575   2.780257    -0.7513   2.781093    7.58730     0.0865    13.8155 0.0000e+00  -61.55483  -57.76867 1152516993 191.317059    34.1750      44038         16  0.000e+00
