product_data/regression_test/downloaded_data/MGDS/320620060703/ctd/p6609308.ros
* Sea-Bird SBE 9 Data File:
* FileName = D:\Data\Raw\p6609308.dat
* Software Version Seasave Win32 V 5.32
* Temperature SN = 1649
* Conductivity SN = 1431
* Number of Bytes Per Scan = 37
* Number of Voltage Words = 5
* Number of Scans Averaged by the Deck Unit = 1
* NMEA Latitude = 61 07.50 S
* NMEA Longitude = 058 05.51 W
* NMEA UTC (Time) = 05:51:48
** Ship:   Nathaniel B. Palmer nbp
** Cruise:    NBP0606 nbp0606
# nquan = 17
# nvalues = 1176                    
# units = specified
# name 0 = prDM: Pressure, Digiquartz [db]
# name 1 = t090C: Temperature [ITS-90, deg C]
# name 2 = c0S/m: Conductivity [S/m]
# name 3 = t190C: Temperature, 2 [ITS-90, deg C]
# name 4 = c1S/m: Conductivity, 2 [S/m]
# name 5 = sbeox0ML/L: Oxygen, SBE 43 [ml/l]
# name 6 = flECO-AFL: Fluorescence, Wetlab ECO-AFL/FL [mg/m^3]
# name 7 = bat: Beam Attenuation, Chelsea/Seatech/Wetlab CStar [1/m]
# name 8 = spar: SPAR/Surface Irradiance
# name 9 = latitude: Latitude [deg]
# name 10 = longitude: Longitude [deg]
# name 11 = timeY: Time, System [seconds]
# name 12 = timeJ: Julian Days
# name 13 = sal00: Salinity [PSU]
# name 14 = scan: scan number
# name 15 = nbf: number of bottles fired
# name 16 = flag:  0.000e+00
# interval = seconds: 0.0416667                   
# start_time = Jul 11 2006 05:51:56
*END*
[from data line 681]
    750.617     1.6478   3.059011     1.6480   3.059325    4.64710    -0.0642    13.8155 0.0000e+00  -61.12500  -58.09183 1152598402 192.259301    34.7253      30903         14  0.000e+00
    750.473     1.6473   3.058997     1.6482   3.059313    4.64706    -0.0857    13.8155 0.0000e+00  -61.12500  -58.09183 1152598402 192.259301    34.7257      30904         14  0.000e+00
    750.540     1.6475   3.059004     1.6485   3.059325    4.64708    -0.1072    13.8155 0.0000e+00  -61.12500  -58.09183 1152598402 192.259302    34.7255      30905         14  0.000e+00
    750.473     1.6478   3.058990     1.6480   3.059283    4.64702    -0.0964    13.8155 0.0000e+00  -61.12500  -58.09183 1152598402 192.259302    34.7251      30906         14  0.000e+00
    750.473     1.6479   3.059021     1.6485   3.059319    4.65183    -0.0534    13.8155 0.0000e+00  -61.12500  -58.09183 1152598402 192.259303    34.7253      30907         14  0.000e+00
    751.118     1.6471   3.058994     1.6474   3.059313    4.65234    -0.1072    13.8155 0.0000e+00  -61.12500  -58.09183 1152598409 192.259388    34.7255      31084         15  0.000e+00
    751.118     1.6468   3.059021     1.6474   3.059307    4.65236    -0.0964    13.8155 0.0000e+00  -61.12500  -58.09183 1152598409 192.259389    34.7261      31085         15  0.000e+00
    751.186     1.6467   3.059014     1.6479   3.059277    4.65241    -0.0319    13.8155 0.0000e+00  -61.12500  -58.09183 1152598409 192.259389    34.7261      31086         15  0.000e+00
    751.253     1.6470   3.059011     1.6479   3.059295    4.65243    -0.0319    13.8155 0.0000e+00  -61.12500  -58.09183 1152598409 192.259389    34.7258      31087         15  0.000e+00
    751.186     1.6467   3.059014     1.6476   3.059325    4.65242    -0.0642    13.8155 0.0000e+00  -61.12500  -58.09183 1152598409 192.259390    34.7262      31088         15  0.000e+00
    751.186     1.6470   3.058994     1.6476   3.059307    4.65239    -0.0964    13.8155 0.0000e+00  -61.12500  -58.09183 1152598409 192.259390    34.7255      31089         15  0.000e+00
    751.253     1.6470   3.059004     1.6477   3.059326    4.65243    -0.0534    13.8155 0.0000e+00  -61.12500  -58.09183 1152598409 192.259391    34.7257      31090         15  0.000e+00
    751.330     1.6470   3.059028     1.6479   3.059338    4.65247    -0.0642    13.8155 0.0000e+00  -61.12500  -58.09183 1152598409 192.259391    34.7259      31091         15  0.000e+00
    751.253     1.6469   3.059055     1.6479   3.059332    4.65242    -0.0749    13.8155 0.0000e+00  -61.12500  -58.09183 1152598409 192.259392    34.7264      31092         15  0.000e+00
    751.330     1.6471   3.059042     1.6477   3.059314    4.65246    -0.0857    13.8155 0.0000e+00  -61.12500  -58.09183 1152598410 192.259392    34.7259      31093         15  0.000e+00
    751.398     1.6464   3.059035     1.6480   3.059344    4.65258    -0.0857    13.8155 0.0000e+00  -61.12500  -58.09183 1152598410 192.259393    34.7267      31094         15  0.000e+00
    751.330     1.6472   3.059014     1.6476   3.059338    4.65246    -0.0749    13.8155 0.0000e+00  -61.12500  -58.09183 1152598410 192.259393    34.7255      31095         15  0.000e+00
    751.398     1.6471   3.059031     1.6479   3.059350    4.65250    -0.1072    13.8155 0.0000e+00  -61.12500  -58.09183 1152598410 192.259394    34.7258      31096         15  0.000e+00
    751.398     1.6467   3.059035     1.6477   3.059344    4.65255    -0.0964    13.8155 0.0000e+00  -61.12500  -58.09183 1152598410 192.259394    34.7263      31097         15  0.000e+00
    751.417     1.6470   3.059052     1.6477   3.059374    4.65252    -0.0642    13.8155 0.0000e+00  -61.12500  -58.09183 1152598410 192.259395    34.7261      31098         15  0.000e+00
    751.475     1.6473   3.059021     1.6477   3.059350    4.65254    -0.0857    13.8155 0.0000e+00  -61.12500  -58.09183 1152598410 192.259395    34.7254      31099         15  0.000e+00
    751.475     1.6473   3.059045     1.6480   3.059338    4.65253    -0.0642    13.8155 0.0000e+00  -61.12500  -58.09183 1152598410 192.259396    34.7257      31100         15  0.000e+00
    751.475     1.6473   3.059045     1.6477   3.059332    4.65253    -0.0211    13.8155 0.0000e+00  -61.12500  -58.09183 1152598410 192.259396    34.7257      31101         15  0.000e+00
    751.475     1.6475   3.059018     1.6476   3.059350    4.65252    -0.0211    13.8155 0.0000e+00  -61.12500  -58.09183 1152598410 192.259397    34.7251      31102         15  0.000e+00
    751.542     1.6473   3.059028     1.6479   3.059344    4.65258    -0.0857    13.8155 0.0000e+00  -61.12500  -58.09183 1152598410 192.259397    34.7255      31103         15  0.000e+00
    751.475     1.6471   3.059052     1.6477   3.059332    4.65254    -0.0749    13.8155 0.0000e+00  -61.12500  -58.09183 1152598410 192.259398    34.7260      31104         15  0.000e+00
    751.542     1.6470   3.059045     1.6476   3.059332    4.65260    -0.0319    13.8155 0.0000e+00  -61.12500  -58.09183 1152598410 192.259398    34.7260      31105         15  0.000e+00
    751.619     1.6473   3.059035     1.6480   3.059356    4.65263    -0.0426    13.8155 0.0000e+00  -61.12500  -58.09183 1152598410 192.259399    34.7255      31106         15  0.000e+00
    751.542     1.6470   3.059035     1.6480   3.059338    4.65261    -0.0857    13.8155 0.0000e+00  -61.12500  -58.09183 1152598410 192.259399    34.7259      31107         15  0.000e+00
    751.542     1.6470   3.059052     1.6480   3.059350    4.65260    -0.0642    13.8155 0.0000e+00  -61.12500  -58.09183 1152598410 192.259400    34.7261      31108         15  0.000e+00
    751.619     1.6470   3.059045     1.6479   3.059344    4.65265    -0.0642    13.8155 0.0000e+00  -61.12500  -58.09183 1152598410 192.259400    34.7260      31109         15  0.000e+00
    751.475     1.6468   3.059073     1.6480   3.059332    4.65257    -0.1395    13.8155 0.0000e+00  -61.12500  -58.09183 1152598410 192.259401    34.7266      31110         15  0.000e+00
    751.687     1.6470   3.059045     1.6482   3.059350    4.65269    -0.1180    13.8155 0.0000e+00  -61.12500  -58.09183 1152598410 192.259401    34.7259      31111         15  0.000e+00
    751.619     1.6470   3.059035     1.6476   3.059344    4.65266    -0.0749    13.8155 0.0000e+00  -61.12500  -58.09183 1152598410 192.259402    34.7259      31112         15  0.000e+00
    751.552     1.6476   3.059035     1.6476   3.059332    4.65256    -0.0964    13.8155 0.0000e+00  -61.12500  -58.09183 1152598410 192.259402    34.7252      31113         15  0.000e+00
    751.687     1.6474   3.059021     1.6477   3.059350    4.65267    -0.1180    13.8155 0.0000e+00  -61.12500  -58.09183 1152598410 192.259402    34.7252      31114         15  0.000e+00
    751.619     1.6471   3.059049     1.6480   3.059362    4.65264    -0.0857    13.8155 0.0000e+00  -61.12500  -58.09183 1152598410 192.259403    34.7259      31115         15  0.000e+00
    751.542     1.6471   3.059038     1.6479   3.059356    4.65259    -0.0749    13.8155 0.0000e+00  -61.12500  -58.09183 1152598411 192.259403    34.7258      31116         15  0.000e+00
    751.754     1.6471   3.059052     1.6484   3.059338    4.65273    -0.0642    13.8155 0.0000e+00  -61.12500  -58.09183 1152598411 192.259404    34.7258      31117         15  0.000e+00
    751.619     1.6474   3.059028     1.6482   3.059356    4.65263    -0.0534    13.8155 0.0000e+00  -61.12500  -58.09183 1152598411 192.259404    34.7254      31118         15  0.000e+00
    751.619     1.6475   3.059049     1.6476   3.059338    4.65261    -0.0857    13.8155 0.0000e+00  -61.12500  -58.09183 1152598411 192.259405    34.7255      31119         15  0.000e+00
    751.687     1.6473   3.059038     1.6480   3.059350    4.65267    -0.1072    13.8155 0.0000e+00  -61.12500  -58.09183 1152598411 192.259405    34.7255      31120         15  0.000e+00
    751.619     1.6469   3.059052     1.6479   3.059362    4.65266    -0.1180    13.8155 0.0000e+00  -61.12500  -58.09183 1152598411 192.259406    34.7262      31121         15  0.000e+00
    751.619     1.6471   3.059028     1.6480   3.059344    4.65265    -0.0964    13.8155 0.0000e+00  -61.12500  -58.09183 1152598411 192.259406    34.7256      31122         15  0.000e+00
    751.619     1.6475   3.059049     1.6482   3.059350    4.65261    -0.1072    13.8155 0.0000e+00  -61.12500  -58.09183 1152598411 192.259407    34.7255      31123         15  0.000e+00
    751.687     1.6472   3.059076     1.6482   3.059338    4.65266    -0.1072    13.8155 0.0000e+00  -61.12500  -58.09183 1152598411 192.259407    34.7261      31124         15  0.000e+00
    751.619     1.6475   3.059083     1.6479   3.059356    4.65259    -0.0749    13.8155 0.0000e+00  -61.12500  -58.09183 1152598411 192.259408    34.7259      31125         15  0.000e+00
    751.619     1.6471   3.059045     1.6479   3.059356    4.65264    -0.0749    13.8155 0.0000e+00  -61.12500  -58.09183 1152598411 192.259408    34.7258      31126         15  0.000e+00
    751.619     1.6475   3.059056     1.6480   3.059356    4.65260    -0.1180    13.8155 0.0000e+00  -61.12500  -58.09183 1152598411 192.259409    34.7255      31127         15  0.000e+00
    751.619     1.6473   3.059059     1.6480   3.059362    4.65262    -0.1502    13.8155 0.0000e+00  -61.12500  -58.09183 1152598411 192.259409    34.7258      31128         15  0.000e+00
    751.552     1.6476   3.059076     1.6482   3.059356    4.65254    -0.1395    13.8155 0.0000e+00  -61.12500  -58.09183 1152598411 192.259410    34.7257      31129         15  0.000e+00
    751.619     1.6474   3.059045     1.6480   3.059356    4.64778    -0.1287    13.8155 0.0000e+00  -61.12500  -58.09183 1152598411 192.259410    34.7256      31130         15  0.000e+00
    751.619     1.6478   3.059038     1.6480   3.059362    4.64774    -0.0642    13.8155 0.0000e+00  -61.12500  -58.09183 1152598411 192.259411    34.7250      31131         15  0.000e+00
    751.619     1.6476   3.059073     1.6482   3.059356    4.65258    -0.0749    13.8155 0.0000e+00  -61.12500  -58.09183 1152598411 192.259411    34.7257      31132         15  0.000e+00
    748.969     1.6490   3.059117     1.6486   3.059325    4.65072    -0.0319    13.8155 0.0000e+00  -61.12500  -58.09183 1152598418 192.259496    34.7261      31308         16  0.000e+00
    748.912     1.6492   3.059093     1.6488   3.059331    4.65068    -0.1072    13.8155 0.0000e+00  -61.12500  -58.09183 1152598419 192.259497    34.7257      31309         16  0.000e+00
    749.114     1.6492   3.059086     1.6490   3.059355    4.65081    -0.1395    13.8155 0.0000e+00  -61.12500  -58.09183 1152598419 192.259497    34.7254      31310         16  0.000e+00
    749.046     1.6490   3.059027     1.6486   3.059355    4.65081    -0.1287    13.8155 0.0000e+00  -61.12500  -58.09183 1152598419 192.259497    34.7250      31311         16  0.000e+00
    749.114     1.6482   3.059027     1.6488   3.059355    4.65092    -0.0857    13.8155 0.0000e+00  -61.12500  -58.09183 1152598419 192.259498    34.7258      31312         16  0.000e+00
    749.191     1.6482   3.059069     1.6491   3.059379    4.65097    -0.0426    13.8155 0.0000e+00  -61.12500  -58.09183 1152598419 192.259498    34.7264      31313         16  0.000e+00
    749.258     1.6485   3.059062     1.6493   3.059361    4.65098     0.0112    13.8155 0.0000e+00  -61.12500  -58.09183 1152598419 192.259499    34.7258      31314         16  0.000e+00
    749.191     1.6484   3.059079     1.6491   3.059355    4.65094    -0.0104    13.8155 0.0000e+00  -61.12500  -58.09183 1152598419 192.259499    34.7262      31315         16  0.000e+00
    749.326     1.6486   3.059048     1.6494   3.059379    4.65102    -0.0749    13.8155 0.0000e+00  -61.12500  -58.09183 1152598419 192.259500    34.7255      31316         16  0.000e+00
    749.403     1.6482   3.059051     1.6491   3.059367    4.65110    -0.0857    13.8155 0.0000e+00  -61.12500  -58.09183 1152598419 192.259500    34.7259      31317         16  0.000e+00
    749.345     1.6484   3.059076     1.6490   3.059379    4.65104    -0.0534    13.8155 0.0000e+00  -61.12500  -58.09183 1152598419 192.259501    34.7261      31318         16  0.000e+00
    749.403     1.6482   3.059051     1.6491   3.059367    4.65111    -0.0426    13.8155 0.0000e+00  -61.12500  -58.09183 1152598419 192.259501    34.7260      31319         16  0.000e+00
    749.470     1.6481   3.059052     1.6490   3.059379    4.65116    -0.0319    13.8155 0.0000e+00  -61.12500  -58.09183 1152598419 192.259502    34.7261      31320         16  0.000e+00
    749.615     1.6482   3.059021     1.6488   3.059343    4.65125    -0.0749    13.8155 0.0000e+00  -61.12500  -58.09183 1152598419 192.259502    34.7254      31321         16  0.000e+00
    749.547     1.6474   3.059010     1.6488   3.059349    4.65130    -0.0749    13.8155 0.0000e+00  -61.12500  -58.09183 1152598419 192.259503    34.7263      31322         16  0.000e+00
    749.615     1.6479   3.059014     1.6485   3.059343    4.65128    -0.0857    13.8155 0.0000e+00  -61.12500  -58.09183 1152598419 192.259503    34.7257      31323         16  0.000e+00
    749.682     1.6475   3.059027     1.6485   3.059349    4.65137    -0.0534    13.8155 0.0000e+00  -61.12500  -58.09183 1152598419 192.259504    34.7263      31324         16  0.000e+00
    749.682     1.6478   3.059052     1.6488   3.059337    4.65132    -0.0857    13.8155 0.0000e+00  -61.12500  -58.09183 1152598419 192.259504    34.7262      31325         16  0.000e+00
    749.759     1.6476   3.059021     1.6486   3.059337    4.65141    -0.1072    13.8155 0.0000e+00  -61.12500  -58.09183 1152598419 192.259505    34.7260      31326         16  0.000e+00
    749.827     1.6476   3.059028     1.6485   3.059349    4.65145    -0.1072    13.8155 0.0000e+00  -61.12500  -58.09183 1152598419 192.259505    34.7261      31327         16  0.000e+00
    749.904     1.6478   3.059076     1.6485   3.059403    4.65146    -0.0749    13.8155 0.0000e+00  -61.12500  -58.09183 1152598419 192.259506    34.7264      31328         16  0.000e+00
    749.913     1.6481   3.059048     1.6488   3.059373    4.65145    -0.0857    13.8155 0.0000e+00  -61.12500  -58.09183 1152598419 192.259506    34.7258      31329         16  0.000e+00
    749.971     1.6481   3.059069     1.6486   3.059379    4.65148    -0.0749    13.8155 0.0000e+00  -61.12500  -58.09183 1152598419 192.259507    34.7260      31330         16  0.000e+00
    749.971     1.6483   3.059062     1.6485   3.059367    4.65146    -0.0534    13.8155 0.0000e+00  -61.12500  -58.09183 1152598419 192.259507    34.7257      31331         16  0.000e+00
    750.116     1.6479   3.059045     1.6483   3.059361    4.65159    -0.0642    13.8155 0.0000e+00  -61.12500  -58.09183 1152598420 192.259508    34.7258      31332         16  0.000e+00
    750.116     1.6481   3.059052     1.6486   3.059337    4.65158    -0.0642    13.8155 0.0000e+00  -61.12500  -58.09183 1152598420 192.259508    34.7257      31333         16  0.000e+00
    750.183     1.6476   3.059059     1.6485   3.059349    4.65166    -0.1072    13.8155 0.0000e+00  -61.12500  -58.09183 1152598420 192.259509    34.7263      31334         16  0.000e+00
    750.183     1.6483   3.059059     1.6482   3.059361    4.65160    -0.1395    13.8155 0.0000e+00  -61.12500  -58.09183 1152598420 192.259509    34.7255      31335         16  0.000e+00
    750.405     1.6473   3.059079     1.6485   3.059355    4.65183    -0.1287    13.8155 0.0000e+00  -61.12500  -58.09183 1152598420 192.259510    34.7268      31336         16  0.000e+00
    750.260     1.6479   3.059100     1.6485   3.059379    4.65167    -0.1072    13.8155 0.0000e+00  -61.12500  -58.09183 1152598420 192.259510    34.7264      31337         16  0.000e+00
