product_data/regression_test/downloaded_data/MGDS/320620060703/ctd/p6609608.ros
* Sea-Bird SBE 9 Data File:
* FileName = D:\Data\Raw\p6609608.dat
* Software Version Seasave Win32 V 5.32
* Temperature SN = 1649
* Conductivity SN = 1431
* Number of Bytes Per Scan = 37
* Number of Voltage Words = 5
* Number of Scans Averaged by the Deck Unit = 1
* NMEA Latitude = 60 45.06 S
* NMEA Longitude = 058 22.44 W
* NMEA UTC (Time) = 01:09:38
** Ship:   Nathaniel B. Palmer 
** Cruise:    NBP0606 
# nquan = 17
# nvalues = 1176                    
# units = specified
# name 0 = prDM: Pressure, Digiquartz [db]
# name 1 = t090C: Temperature [ITS-90, deg C]
# name 2 = c0S/m: Conductivity [S/m]
# name 3 = t190C: Temperature, 2 [ITS-90, deg C]
# name 4 = c1S/m: Conductivity, 2 [S/m]
# name 5 = sbeox0ML/L: Oxygen, SBE 43 [ml/l]
# name 6 = flECO-AFL: Fluorescence, Wetlab ECO-AFL/FL [mg/m^3]
# name 7 = bat: Beam Attenuation, Chelsea/Seatech/Wetlab CStar [1/m]
# name 8 = spar: SPAR/Surface Irradiance
# name 9 = latitude: Latitude [deg]
# name 10 = longitude: Longitude [deg]
# name 11 = timeY: Time, System [seconds]
# name 12 = timeJ: Julian Days
# name 13 = sal00: Salinity [PSU]
# name 14 = scan: scan number
# name 15 = nbf: number of bottles fired
# name 16 = flag:  0.000e+00
# interval = seconds: 0.0416667                   
# start_time = Jul 12 2006 01:09:45
*END*
[from data line 1107]
     29.658    -0.8142   2.753211    -0.8130   2.753877    8.13236     0.2586    13.8155 0.0000e+00  -60.75100  -58.37400 1152666769 193.050587    33.8854       4459         23  0.000e+00
     29.658    -0.8140   2.753191    -0.8133   2.753860    8.13235     0.2694    13.8155 0.0000e+00  -60.75100  -58.37400 1152666769 193.050588    33.8849       4460         23  0.000e+00
     29.715    -0.8142   2.753188    -0.8131   2.753883    8.13244     0.2263    13.8155 0.0000e+00  -60.75100  -58.37400 1152666769 193.050588    33.8851       4461         23  0.000e+00
     29.658    -0.8143   2.753188    -0.8128   2.753895    8.13710     0.1833    13.8155 0.0000e+00  -60.75100  -58.37400 1152666769 193.050589    33.8853       4462         23  0.000e+00
     29.658    -0.8143   2.753168    -0.8130   2.753895    8.13711     0.1833    13.8155 0.0000e+00  -60.75100  -58.37400 1152666769 193.050589    33.8850       4463         23  0.000e+00
     29.658    -0.8147   2.753165    -0.8134   2.753866    8.13247     0.2263    13.8155 0.0000e+00  -60.75100  -58.37400 1152666769 193.050590    33.8853       4464         23  0.000e+00
     29.648    -0.8143   2.753181    -0.8127   2.753866    8.13239     0.1941    13.8155 0.0000e+00  -60.75100  -58.37400 1152666769 193.050590    33.8851       4465         23  0.000e+00
     29.658    -0.8142   2.753168    -0.8128   2.753872    8.13239     0.1726    13.8155 0.0000e+00  -60.75100  -58.37400 1152666769 193.050591    33.8848       4466         23  0.000e+00
     29.658    -0.8147   2.753181    -0.8133   2.753848    8.13246     0.1726    13.8155 0.0000e+00  -60.75100  -58.37400 1152666769 193.050591    33.8855       4467         23  0.000e+00
     29.648    -0.8145   2.753152    -0.8134   2.753854    8.13245     0.2048    13.8155 0.0000e+00  -60.75100  -58.37400 1152666769 193.050592    33.8850       4468         23  0.000e+00
     29.658    -0.8145   2.753132    -0.8134   2.753825    8.13247     0.2479    13.8155 0.0000e+00  -60.75100  -58.37400 1152666769 193.050592    33.8847       4469         23  0.000e+00
     29.658    -0.8147   2.753155    -0.8135   2.753854    8.13248     0.2263    13.8155 0.0000e+00  -60.75100  -58.37400 1152666769 193.050593    33.8852       4470         23  0.000e+00
     29.658    -0.8148   2.753145    -0.8137   2.753848    8.13251     0.1726    13.8155 0.0000e+00  -60.75100  -58.37400 1152666770 193.050593    33.8852       4471         23  0.000e+00
     29.648    -0.8147   2.753158    -0.8136   2.753854    8.13716     0.1833    13.8155 0.0000e+00  -60.75100  -58.37400 1152666770 193.050594    33.8852       4472         23  0.000e+00
     29.658    -0.8151   2.753165    -0.8136   2.753825    8.13255     0.2263    13.8155 0.0000e+00  -60.75100  -58.37400 1152666770 193.050594    33.8858       4473         23  0.000e+00
     29.658    -0.8147   2.753145    -0.8134   2.753820    8.13718     0.2263    13.8155 0.0000e+00  -60.75100  -58.37400 1152666770 193.050595    33.8850       4474         23  0.000e+00
     29.648    -0.8146   2.753158    -0.8142   2.753837    8.13715     0.2156    13.8155 0.0000e+00  -60.75100  -58.37400 1152666770 193.050595    33.8851       4475         23  0.000e+00
     29.658    -0.8145   2.753145    -0.8144   2.753791    8.13246     0.1941    13.8155 0.0000e+00  -60.75100  -58.37400 1152666770 193.050596    33.8849       4476         23  0.000e+00
     29.658    -0.8145   2.753175    -0.8140   2.753768    8.13713     0.1941    13.8155 0.0000e+00  -60.75100  -58.37400 1152666770 193.050596    33.8853       4477         23  0.000e+00
     29.658    -0.8147   2.753139    -0.8145   2.753768    8.13718     0.2371    13.8155 0.0000e+00  -60.75100  -58.37400 1152666770 193.050597    33.8849       4478         23  0.000e+00
     29.315    -0.8173   2.752945    -0.8156   2.753681    8.13737     0.2156    13.8155 0.0000e+00  -60.75100  -58.37400 1152666772 193.050620    33.8855       4527         24  0.000e+00
     29.315    -0.8173   2.752925    -0.8158   2.753687    8.13738     0.2048    13.8155 0.0000e+00  -60.75100  -58.37400 1152666772 193.050621    33.8852       4528         24  0.000e+00
     29.506    -0.8173   2.752902    -0.8153   2.753687    8.13762     0.1833    13.8155 0.0000e+00  -60.75100  -58.37400 1152666772 193.050621    33.8848       4529         24  0.000e+00
     29.382    -0.8173   2.752948    -0.8156   2.753658    8.14213     0.2263    13.8155 0.0000e+00  -60.75100  -58.37400 1152666772 193.050622    33.8855       4530         24  0.000e+00
     29.382    -0.8171   2.752981    -0.8154   2.753692    8.13739     0.1833    13.8155 0.0000e+00  -60.75100  -58.37400 1152666772 193.050622    33.8858       4531         24  0.000e+00
     29.382    -0.8164   2.752988    -0.8156   2.753692    8.13726     0.2048    13.8155 0.0000e+00  -60.75100  -58.37400 1152666772 193.050623    33.8850       4532         24  0.000e+00
     29.372    -0.8165   2.753004    -0.8156   2.753687    8.14195     0.2048    13.8155 0.0000e+00  -60.75100  -58.37400 1152666772 193.050623    33.8854       4533         24  0.000e+00
     29.382    -0.8166   2.753027    -0.8151   2.753687    8.14197     0.2156    13.8155 0.0000e+00  -60.75100  -58.37400 1152666772 193.050624    33.8858       4534         24  0.000e+00
     29.239    -0.8159   2.753033    -0.8154   2.753698    8.13699     0.2263    13.8155 0.0000e+00  -60.75100  -58.37400 1152666772 193.050624    33.8852       4535         24  0.000e+00
     29.439    -0.8160   2.753034    -0.8150   2.753669    8.13724     0.2263    13.8155 0.0000e+00  -60.75100  -58.37400 1152666772 193.050625    33.8852       4536         24  0.000e+00
     29.382    -0.8164   2.753014    -0.8148   2.753692    8.13724     0.2371    13.8155 0.0000e+00  -60.75100  -58.37400 1152666772 193.050625    33.8853       4537         24  0.000e+00
     29.315    -0.8160   2.753040    -0.8153   2.753692    8.13709     0.2694    13.8155 0.0000e+00  -60.75100  -58.37400 1152666772 193.050625    33.8854       4538         24  0.000e+00
     29.382    -0.8167   2.753004    -0.8153   2.753698    8.13730     0.2586    13.8155 0.0000e+00  -60.75100  -58.37400 1152666772 193.050626    33.8855       4539         24  0.000e+00
     29.372    -0.8167   2.752968    -0.8151   2.753687    8.14201     0.2371    13.8155 0.0000e+00  -60.75100  -58.37400 1152666772 193.050626    33.8851       4540         24  0.000e+00
     29.315    -0.8170   2.752997    -0.8153   2.753687    8.13728     0.2371    13.8155 0.0000e+00  -60.75100  -58.37400 1152666772 193.050627    33.8859       4541         24  0.000e+00
     29.315    -0.8173   2.752961    -0.8151   2.753744    8.13735     0.2479    13.8155 0.0000e+00  -60.75100  -58.37400 1152666773 193.050627    33.8857       4542         24  0.000e+00
     29.372    -0.8170   2.752925    -0.8148   2.753733    8.13740     0.1941    13.8155 0.0000e+00  -60.75100  -58.37400 1152666773 193.050628    33.8848       4543         24  0.000e+00
     29.382    -0.8169   2.752951    -0.8153   2.753692    8.13738     0.2263    13.8155 0.0000e+00  -60.75100  -58.37400 1152666773 193.050628    33.8851       4544         24  0.000e+00
     29.315    -0.8171   2.752981    -0.8150   2.753704    8.13732     0.2048    13.8155 0.0000e+00  -60.75100  -58.37400 1152666773 193.050629    33.8858       4545         24  0.000e+00
     29.315    -0.8168   2.753004    -0.8147   2.753767    8.14194     0.2371    13.8155 0.0000e+00  -60.75100  -58.37400 1152666773 193.050629    33.8858       4546         24  0.000e+00
     29.372    -0.8164   2.753011    -0.8144   2.753802    8.13723     0.2263    13.8155 0.0000e+00  -60.75100  -58.37400 1152666773 193.050630    33.8853       4547         24  0.000e+00
     29.315    -0.8159   2.752991    -0.8139   2.753791    8.13711     0.2371    13.8155 0.0000e+00  -60.75100  -58.37400 1152666773 193.050630    33.8845       4548         24  0.000e+00
     29.315    -0.8168   2.752994    -0.8133   2.753808    8.13725     0.2263    13.8155 0.0000e+00  -60.75100  -58.37400 1152666773 193.050631    33.8856       4549         24  0.000e+00
     29.296    -0.8168   2.752988    -0.8134   2.753837    8.13724     0.1833    13.8155 0.0000e+00  -60.75100  -58.37400 1152666773 193.050631    33.8855       4550         24  0.000e+00
     29.382    -0.8171   2.752988    -0.8131   2.753854    8.13739     0.1833    13.8155 0.0000e+00  -60.75100  -58.37400 1152666773 193.050632    33.8858       4551         24  0.000e+00
     29.315    -0.8162   2.752988    -0.8128   2.753843    8.14185     0.1941    13.8155 0.0000e+00  -60.75100  -58.37400 1152666773 193.050632    33.8848       4552         24  0.000e+00
     29.315    -0.8164   2.752988    -0.8128   2.753900    8.13719     0.2156    13.8155 0.0000e+00  -60.75100  -58.37400 1152666773 193.050633    33.8850       4553         24  0.000e+00
     29.296    -0.8162   2.753020    -0.8131   2.753900    8.13712     0.2586    13.8155 0.0000e+00  -60.75100  -58.37400 1152666773 193.050633    33.8853       4554         24  0.000e+00
     29.315    -0.8162   2.753047    -0.8130   2.753866    8.13711     0.2694    13.8155 0.0000e+00  -60.75100  -58.37400 1152666773 193.050634    33.8856       4555         24  0.000e+00
     29.382    -0.8159   2.753070    -0.8125   2.753866    8.13712     0.2479    13.8155 0.0000e+00  -60.75100  -58.37400 1152666773 193.050634    33.8856       4556         24  0.000e+00
     29.296    -0.8154   2.753109    -0.8133   2.753889    8.13692     0.2479    13.8155 0.0000e+00  -60.75100  -58.37400 1152666773 193.050635    33.8856       4557         24  0.000e+00
     29.315    -0.8159   2.753102    -0.8130   2.753877    8.13702     0.2371    13.8155 0.0000e+00  -60.75100  -58.37400 1152666773 193.050635    33.8861       4558         24  0.000e+00
     29.315    -0.8156   2.753116    -0.8130   2.753877    8.13696     0.2263    13.8155 0.0000e+00  -60.75100  -58.37400 1152666773 193.050636    33.8859       4559         24  0.000e+00
     29.382    -0.8147   2.753152    -0.8134   2.753848    8.13686     0.1941    13.8155 0.0000e+00  -60.75100  -58.37400 1152666773 193.050636    33.8853       4560         24  0.000e+00
     29.296    -0.8147   2.753145    -0.8137   2.753825    8.13677     0.2048    13.8155 0.0000e+00  -60.75100  -58.37400 1152666773 193.050637    33.8853       4561         24  0.000e+00
     29.315    -0.8143   2.753191    -0.8138   2.753837    8.13670     0.2694    13.8155 0.0000e+00  -60.75100  -58.37400 1152666773 193.050637    33.8855       4562         24  0.000e+00
     29.382    -0.8147   2.753224    -0.8136   2.753814    8.13681     0.3124    13.8155 0.0000e+00  -60.75100  -58.37400 1152666773 193.050638    33.8863       4563         24  0.000e+00
     29.296    -0.8138   2.753214    -0.8140   2.753831    8.13658     0.2263    13.8155 0.0000e+00  -60.75100  -58.37400 1152666773 193.050638    33.8852       4564         24  0.000e+00
     29.315    -0.8142   2.753211    -0.8134   2.753843    8.13667     0.2156    13.8155 0.0000e+00  -60.75100  -58.37400 1152666773 193.050639    33.8856       4565         24  0.000e+00
     29.382    -0.8139   2.753211    -0.8136   2.753860    8.13669     0.2048    13.8155 0.0000e+00  -60.75100  -58.37400 1152666773 193.050639    33.8852       4566         24  0.000e+00
     29.315    -0.8140   2.753191    -0.8135   2.753808    8.13665     0.2048    13.8155 0.0000e+00  -60.75100  -58.37400 1152666774 193.050639    33.8852       4567         24  0.000e+00
     29.372    -0.8147   2.753204    -0.8133   2.753860    8.13681     0.1941    13.8155 0.0000e+00  -60.75100  -58.37400 1152666774 193.050640    33.8860       4568         24  0.000e+00
     29.315    -0.8142   2.753211    -0.8130   2.753871    8.13667     0.2263    13.8155 0.0000e+00  -60.75100  -58.37400 1152666774 193.050640    33.8856       4569         24  0.000e+00
     29.382    -0.8139   2.753240    -0.8134   2.753848    8.13667     0.2263    13.8155 0.0000e+00  -60.75100  -58.37400 1152666774 193.050641    33.8856       4570         24  0.000e+00
     29.372    -0.8136   2.753234    -0.8133   2.753843    8.13192     0.2371    13.8155 0.0000e+00  -60.75100  -58.37400 1152666774 193.050641    33.8852       4571         24  0.000e+00
     29.315    -0.8142   2.753214    -0.8133   2.753854    8.13197     0.2586    13.8155 0.0000e+00  -60.75100  -58.37400 1152666774 193.050642    33.8857       4572         24  0.000e+00
     29.382    -0.8141   2.753224    -0.8133   2.753843    8.13203     0.2263    13.8155 0.0000e+00  -60.75100  -58.37400 1152666774 193.050642    33.8857       4573         24  0.000e+00
     29.315    -0.8137   2.753214    -0.8130   2.753860    8.13190     0.2371    13.8155 0.0000e+00  -60.75100  -58.37400 1152666774 193.050643    33.8851       4574         24  0.000e+00
     29.372    -0.8139   2.753191    -0.8131   2.753848    8.13200     0.2371    13.8155 0.0000e+00  -60.75100  -58.37400 1152666774 193.050643    33.8850       4575         24  0.000e+00
